"","gene","cluster_id","logFC","logCPM","F","p_val","p_adj.loc","p_adj.glb","coef"
"1","AL627309.1","Mic P2RY12",-0.742658993291582,4.31306010106509,1.27722189641742,0.25916939732626,0.733799859860673,0.794637250365552,"cognps_random_slope"
"2","AL669831.5","Mic P2RY12",-0.0493579873188224,5.76781097012963,0.015400685807234,0.901305827020136,0.999765323016076,0.999791880761836,"cognps_random_slope"
"3","NOC2L","Mic P2RY12",-0.0688924031519209,5.11929912277235,0.0310554177261577,0.860216001295494,0.999765323016076,0.999791880761836,"cognps_random_slope"
"4","ISG15","Mic P2RY12",2.68015805663034,3.287965784327,5.04074710540903,0.025364899042785,0.309858716565508,0.400686763263279,"cognps_random_slope"
"5","AGRN","Mic P2RY12",0.880497349590508,3.66307088810826,1.56619405470832,0.211574024798821,0.692032617931702,0.758210638091709,"cognps_random_slope"
"6","C1orf159","Mic P2RY12",0.737475459610658,4.94567568819539,3.02956597252364,0.0826151976036942,0.505420462602119,0.593030725533821,"cognps_random_slope"
"7","SDF4","Mic P2RY12",-0.309267541951189,5.08571333386487,0.664602969630374,0.415479175842534,0.840020089435867,0.886043564054802,"cognps_random_slope"
"8","B3GALT6","Mic P2RY12",-0.733688773588529,3.3403002004065,1.10589810617471,0.293681454047738,0.758598974125644,0.819031219879547,"cognps_random_slope"
"9","UBE2J2","Mic P2RY12",0.0791767666781142,5.80014479665958,0.0639292231948037,0.800534547728997,0.992143902613387,0.999791880761836,"cognps_random_slope"
"10","SCNN1D","Mic P2RY12",0.945600050517621,3.27149652915819,1.43675275668439,0.231454795319666,0.71251308323617,0.774804656240754,"cognps_random_slope"
"11","ACAP3","Mic P2RY12",-0.0454185964328963,5.27902474690911,0.00940015880458421,0.92281660337563,0.999765323016076,0.999791880761836,"cognps_random_slope"
"12","INTS11","Mic P2RY12",-0.128614231547466,5.12900736580567,0.154432625252664,0.710750858535754,0.973703972115891,0.989006563628578,"cognps_random_slope"
"13","DVL1","Mic P2RY12",-0.70595368516773,3.89816171712348,1.55068616389521,0.285318553668307,0.753810845017123,0.813932277926356,"cognps_random_slope"
"14","AURKAIP1","Mic P2RY12",-0.393395566786096,4.18423976569911,0.493222389794822,0.482947679910556,0.881429475600999,0.916739510069731,"cognps_random_slope"
"15","CCNL2","Mic P2RY12",-0.0581777431698948,6.33384830065879,0.0525852852788393,0.818754597039722,0.995204567340528,0.999791880761836,"cognps_random_slope"
"16","MRPL20","Mic P2RY12",0.116574540336699,5.30305721792664,0.127513298835803,0.721233843483611,0.97571529536985,0.991463831658989,"cognps_random_slope"
"17","ANKRD65","Mic P2RY12",-0.350041954068624,2.77295209113316,0.0891513024371032,0.76543133223472,0.985045128072213,0.996584380592664,"cognps_random_slope"
"18","ATAD3B","Mic P2RY12",0.330285790901923,4.86919744015943,0.543474425689678,0.461477057237763,0.867871749121052,0.907803576517925,"cognps_random_slope"
"19","ATAD3A","Mic P2RY12",0.349755978452636,4.20002363700558,0.446371076506483,0.504491883273301,0.891059111542113,0.925355294132939,"cognps_random_slope"
"20","SSU72","Mic P2RY12",-0.564784804662096,5.50174161412076,3.38984065503293,0.0664227762364792,0.469213223209642,0.560515038951995,"cognps_random_slope"
"21","FNDC10","Mic P2RY12",1.75769222145443,2.69616262876741,3.27299201871618,0.0712639665836226,0.481432815573689,0.571978509732139,"cognps_random_slope"
"22","AL691432.2","Mic P2RY12",-0.765448657635,2.9070039355509,0.841492081525378,0.359585151122435,0.807010757068222,0.85858423257629,"cognps_random_slope"
"23","MIB2","Mic P2RY12",0.107876612199189,4.73935388834197,0.0527829196491941,0.81842027896212,0.995204567340528,0.999791880761836,"cognps_random_slope"
"24","CDK11B","Mic P2RY12",0.226592444454071,5.75668973572487,0.528804374125846,0.475416739434769,0.878273477090989,0.914294155980285,"cognps_random_slope"
"25","SLC35E2B","Mic P2RY12",-0.157579270561357,4.81034228121417,0.129093668573019,0.863016764407475,0.999765323016076,0.999791880761836,"cognps_random_slope"
"26","CDK11A","Mic P2RY12",-0.440536724256564,5.4451014231187,1.0832123990112,0.298679214906993,0.762346885655993,0.822521252696221,"cognps_random_slope"
"27","SLC35E2A","Mic P2RY12",0.0680851014389773,4.93195880087511,0.021232130183342,0.884229996410974,0.999765323016076,0.999791880761836,"cognps_random_slope"
"28","NADK","Mic P2RY12",-0.556218592847001,5.24953646699111,2.06186056010897,0.271034375745232,0.744150591955715,0.804028506921564,"cognps_random_slope"
"29","GNB1","Mic P2RY12",0.153744534303186,8.63790124258404,0.451066601960696,0.502260063370439,0.889985970235902,0.924602083436239,"cognps_random_slope"
"30","CFAP74","Mic P2RY12",0.997824947485288,5.85193260070524,3.21559200559221,0.0737799504770713,0.484600276766218,0.572984775873399,"cognps_random_slope"
"31","GABRD","Mic P2RY12",1.46637598481947,3.62366003629304,3.20542704432311,0.074235397670107,0.485339622643341,0.57394334253628,"cognps_random_slope"
"32","PRKCZ","Mic P2RY12",-0.163407575713361,5.21625615066847,0.0937459093485041,0.759645125638116,0.983190954097967,0.995414674993652,"cognps_random_slope"
"33","FAAP20","Mic P2RY12",0.0833957021824308,4.44648907598083,0.0355128612068211,0.850631327287447,0.999765323016076,0.999791880761836,"cognps_random_slope"
"34","SKI","Mic P2RY12",0.224745543053311,8.45465644387095,0.507234126446234,0.476800420060875,0.878923143228847,0.91479956170565,"cognps_random_slope"
"35","MORN1","Mic P2RY12",0.879952502532179,3.96910908396191,1.66367426298505,0.197936784447133,0.676727485014508,0.745362419468951,"cognps_random_slope"
"36","RER1","Mic P2RY12",-0.6518624423137,5.40445290148087,3.53081978401985,0.0610465324836252,0.455263637649913,0.547112791378053,"cognps_random_slope"
"37","PEX10","Mic P2RY12",-0.155480682239333,3.73311512108327,0.0631366325722644,0.80174884975428,0.992196422862696,0.999791880761836,"cognps_random_slope"
"38","PANK4","Mic P2RY12",-0.131719693679243,3.36141896788192,0.0385892503899355,0.966338138946299,0.999765323016076,0.999791880761836,"cognps_random_slope"
"39","TNFRSF14-AS1","Mic P2RY12",0.551270536615632,3.08386400421671,0.424845429284535,0.514945449542128,0.894942542151003,0.928385153467388,"cognps_random_slope"
"40","TNFRSF14","Mic P2RY12",-0.101283673400612,5.00336252456336,0.0451427994805774,0.831862043260162,0.999353047219133,0.999791880761836,"cognps_random_slope"
"41","FAM213B","Mic P2RY12",0.659191643917834,2.86510131834396,0.558328102378973,0.45542292085357,0.865333388169053,0.905598852945087,"cognps_random_slope"
"42","TPRG1L","Mic P2RY12",0.500627774168693,3.64363331786275,0.67785489928019,0.410871988934416,0.836655446793785,0.883410488123251,"cognps_random_slope"
"43","WRAP73","Mic P2RY12",-0.611734350978144,4.36507929483316,1.81860806830412,0.178327682736296,0.650985910201337,0.725053993667888,"cognps_random_slope"
"44","LRRC47","Mic P2RY12",0.293928074671075,4.20659832712434,0.393458955627191,0.530884843212462,0.905503589823643,0.935221650609795,"cognps_random_slope"
"45","CEP104","Mic P2RY12",0.148436054537667,5.40163885352856,0.190746895333288,0.662557815631986,0.957091439827989,0.97489661620044,"cognps_random_slope"
"46","DFFB","Mic P2RY12",-0.188197905383496,4.33066686735771,0.173872923089196,0.706853453238702,0.973207309924008,0.988147350124586,"cognps_random_slope"
"47","C1orf174","Mic P2RY12",0.183284934139785,3.63623684719285,0.0811400971633563,0.882665627673477,0.999765323016076,0.999791880761836,"cognps_random_slope"
"48","NPHP4","Mic P2RY12",0.139709326752734,5.69057521279015,0.214346109884233,0.643662114651184,0.951443629329721,0.970883120121208,"cognps_random_slope"
"49","KCNAB2","Mic P2RY12",0.355031811718667,5.08201646269134,0.51334766942588,0.474158270607873,0.876973445562177,0.913624953978404,"cognps_random_slope"
"50","CHD5","Mic P2RY12",0.0722315877285039,4.24410283097261,0.0130256318450699,0.909198517326374,0.999765323016076,0.999791880761836,"cognps_random_slope"
"51","RPL22","Mic P2RY12",-0.165919273110277,4.59558624305283,0.155657910602349,0.693419918221853,0.96857622723484,0.984787598603134,"cognps_random_slope"
"52","ICMT","Mic P2RY12",-0.593551060768492,3.52173800804275,0.822962470181405,0.516217403641906,0.894984981332526,0.928461979650554,"cognps_random_slope"
"53","ACOT7","Mic P2RY12",0.692126587542256,4.28297283979157,1.29836671144822,0.255270157523805,0.731366298748306,0.792303485302201,"cognps_random_slope"
"54","TNFRSF25","Mic P2RY12",2.06972531734507,5.11097027686933,11.3521773422844,0.00083525958973326,0.0605720197564661,0.0889244023963161,"cognps_random_slope"
"55","PLEKHG5","Mic P2RY12",2.10602290003208,5.30133544356879,9.4559383826124,0.00226564634463905,0.101206422215026,0.144290951525106,"cognps_random_slope"
"56","NOL9","Mic P2RY12",0.18182930184496,5.29056093724824,0.270181689017041,0.60352970749151,0.937619013458581,0.960102826375677,"cognps_random_slope"
"57","ZBTB48","Mic P2RY12",0.405713047631243,4.98806428736339,1.02153964192374,0.312833610421187,0.769925425264061,0.829109420683519,"cognps_random_slope"
"58","KLHL21","Mic P2RY12",-0.410642903507254,4.47050959112418,0.639549994210686,0.594883332704436,0.934477967597251,0.957725510954487,"cognps_random_slope"
"59","PHF13","Mic P2RY12",-0.333204711691964,3.41008725643134,0.220760147996192,0.638746106098932,0.950271487556261,0.970357720549608,"cognps_random_slope"
"60","THAP3","Mic P2RY12",0.171826541596058,3.68453941522802,0.0841139794969382,0.797887761740015,0.992143902613387,0.999791880761836,"cognps_random_slope"
"61","DNAJC11","Mic P2RY12",-0.142125259384281,6.10135806485451,0.264078045850256,0.607647821584022,0.93885760879533,0.96134095703673,"cognps_random_slope"
"62","CAMTA1-DT","Mic P2RY12",1.79782857387503,2.86198748131522,3.65744453893423,0.0566133311568134,0.442118444541058,0.535156205840821,"cognps_random_slope"
"63","CAMTA1","Mic P2RY12",0.140130682528035,7.50296709064421,0.326378793658268,0.568156054354501,0.922925953141032,0.948753778898485,"cognps_random_slope"
"64","VAMP3","Mic P2RY12",-0.37694348227929,4.54674467996389,0.781486924550286,0.377277376926216,0.816856316687775,0.867801931984137,"cognps_random_slope"
"65","PER3","Mic P2RY12",0.763819496518856,6.00173765212111,1.10018319632603,0.294930279957263,0.759527186981709,0.82022588576557,"cognps_random_slope"
"66","Z98884.1","Mic P2RY12",0.186676921703319,3.30922328852383,0.0356122964947319,0.850424832651443,0.999765323016076,0.999791880761836,"cognps_random_slope"
"67","PARK7","Mic P2RY12",-0.475062519617401,5.08792735817459,1.24363841056202,0.26551564829086,0.74036104926047,0.798992297212686,"cognps_random_slope"
"68","AL034417.4","Mic P2RY12",-1.49947057657924,3.09859154809736,2.90911129248511,0.0889438559831199,0.517799401397273,0.602735949038846,"cognps_random_slope"
"69","ERRFI1","Mic P2RY12",-0.538228294964824,3.78953673096789,0.637295465422509,0.425218695277532,0.845794064946268,0.889679601843758,"cognps_random_slope"
"70","AL034417.2","Mic P2RY12",0.806814832069611,2.41935493203721,0.490024116955684,0.558373505644736,0.917905219473148,0.945215806277844,"cognps_random_slope"
"71","SLC45A1","Mic P2RY12",-0.15181024513441,2.74483113322196,0.0280335156466611,0.867124160980046,0.999765323016076,0.999791880761836,"cognps_random_slope"
"72","RERE","Mic P2RY12",0.143139737410707,9.65371217449821,0.408965586583341,0.522902146756598,0.899770373482945,0.931455315464605,"cognps_random_slope"
"73","AL096855.1","Mic P2RY12",0.232651040579574,2.80865134723855,0.0575281067160441,0.810583057594842,0.994290485567824,0.999791880761836,"cognps_random_slope"
"74","ENO1","Mic P2RY12",-0.47160009337608,6.61690223702289,0.754318495524973,0.385691624492724,0.821336297323943,0.870877549352018,"cognps_random_slope"
"75","SLC2A5","Mic P2RY12",-0.026362458744431,8.98765687919023,0.0026797491083698,0.958743654785336,0.999765323016076,0.999791880761836,"cognps_random_slope"
"76","GPR157","Mic P2RY12",-0.539593514722006,3.10543738583542,0.402653961888856,0.526125268745315,0.901692888117389,0.932903067392385,"cognps_random_slope"
"77","MIR34AHG","Mic P2RY12",0.139689328363396,7.25780742894047,0.15130711415154,0.697519558377282,0.9695262698091,0.984989885855413,"cognps_random_slope"
"78","LINC01759","Mic P2RY12",0.0741403241880588,3.62783888071735,0.0128055291597159,0.940229808603603,0.999765323016076,0.999791880761836,"cognps_random_slope"
"79","H6PD","Mic P2RY12",-0.435416508023365,5.40770063645533,1.57522612585266,0.210264632599009,0.691204591969072,0.757027190595535,"cognps_random_slope"
"80","SPSB1","Mic P2RY12",0.174317461092086,3.75464947300729,0.0500676541954689,0.82307264806608,0.996726931048618,0.999791880761836,"cognps_random_slope"
"81","SLC25A33","Mic P2RY12",0.0295181409730929,5.52035168048111,0.00723252898298459,0.932273514381545,0.999765323016076,0.999791880761836,"cognps_random_slope"
"82","PIK3CD","Mic P2RY12",0.335193083142732,7.80712594618161,1.129345949153,0.28862797462567,0.754255972880221,0.814815638359093,"cognps_random_slope"
"83","PIK3CD-AS2","Mic P2RY12",-0.0766412347346811,3.42135506415851,0.00853358423567117,0.926449631287035,0.999765323016076,0.999791880761836,"cognps_random_slope"
"84","CLSTN1","Mic P2RY12",0.910756972828174,6.76361234905069,11.7888177627928,0.000665344460367353,0.0544545795805066,0.0813394790417856,"cognps_random_slope"
"85","CTNNBIP1","Mic P2RY12",0.254018349084133,5.37501072121794,0.500215032086189,0.479863699418271,0.880549559893777,0.916263961146097,"cognps_random_slope"
"86","LZIC","Mic P2RY12",0.704539731112026,4.48503281728047,2.44227005636771,0.118984712253939,0.576229632100339,0.655667621418989,"cognps_random_slope"
"87","NMNAT1","Mic P2RY12",0.235614407038061,5.09943182422672,0.388657297453067,0.533401212483549,0.906222110364132,0.936267706926118,"cognps_random_slope"
"88","UBE4B","Mic P2RY12",0.209935729756353,7.27247273603802,0.870878440917822,0.35133835121098,0.800320456328121,0.851884130673282,"cognps_random_slope"
"89","KIF1B","Mic P2RY12",0.346339859405913,6.92110379191417,1.51650611391209,0.218953659861031,0.699618024749087,0.764963623363852,"cognps_random_slope"
"90","PGD","Mic P2RY12",-0.487843607729972,4.82620643316994,1.2840601628237,0.257900355879455,0.733143047971788,0.794026514350324,"cognps_random_slope"
"91","DFFA","Mic P2RY12",-0.18778921804183,4.79150146923484,0.194894623510395,0.906511147866332,0.999765323016076,0.999791880761836,"cognps_random_slope"
"92","PEX14","Mic P2RY12",-0.203325849709871,6.45754051687156,0.622477057645517,0.43064809583324,0.848902220187712,0.892230553950301,"cognps_random_slope"
"93","SRM","Mic P2RY12",-0.288407767056777,4.83825195455834,0.30619615113845,0.58036764819733,0.927107742697869,0.951730333765552,"cognps_random_slope"
"94","EXOSC10","Mic P2RY12",-0.30484876677691,5.12826183282388,0.701082279703949,0.402976349275559,0.830735846783014,0.878760556853123,"cognps_random_slope"
"95","AL109811.1","Mic P2RY12",0.390527878639779,3.48141848406929,0.329247793102136,0.56646102403053,0.922925953141032,0.948745471623017,"cognps_random_slope"
"96","MTOR","Mic P2RY12",0.0610470714950373,6.37712391413674,0.062603214075431,0.802570651367883,0.992523237184018,0.999791880761836,"cognps_random_slope"
"97","UBIAD1","Mic P2RY12",-0.0527231308240064,4.01209764785434,0.00987590922456762,0.920893831596316,0.999765323016076,0.999791880761836,"cognps_random_slope"
"98","FBXO2","Mic P2RY12",1.49736407723394,3.35944447036731,2.46093639595891,0.117588607300353,0.574339081039999,0.65374969977267,"cognps_random_slope"
"99","FBXO44","Mic P2RY12",0.467107139572372,4.30133084087598,0.916655700951868,0.338997791119019,0.791447630450517,0.844859240409862,"cognps_random_slope"
"100","FBXO6","Mic P2RY12",0.386519494954088,3.18906766473561,0.260523249062445,0.61007404517909,0.938887784751883,0.961650451188632,"cognps_random_slope"
"101","MAD2L2","Mic P2RY12",-1.74967898512711,2.88180239421927,3.90664131593633,0.0488592855990451,0.416516085440715,0.510204999458301,"cognps_random_slope"
"102","AGTRAP","Mic P2RY12",-1.13821464275994,3.90038060097679,3.75214550836185,0.0535226422695386,0.432864773116528,0.524866450616246,"cognps_random_slope"
"103","MTHFR","Mic P2RY12",-0.0543017532099481,6.43899905317146,0.0273588703292888,0.868718024729948,0.999765323016076,0.999791880761836,"cognps_random_slope"
"104","CLCN6","Mic P2RY12",-0.532969380484961,5.71680151917311,2.85823822146602,0.0917734742049917,0.526254312289728,0.610514303910161,"cognps_random_slope"
"105","NPPA-AS1","Mic P2RY12",-0.130618733596817,2.94087421995819,0.0226444393051216,0.912242820524202,0.999765323016076,0.999791880761836,"cognps_random_slope"
"106","KIAA2013","Mic P2RY12",-0.416379008773416,4.69374628374595,1.01073342368285,0.31540315510425,0.770736265782649,0.829959876368897,"cognps_random_slope"
"107","PLOD1","Mic P2RY12",0.37222095078494,4.77447463006193,0.385318880724086,0.535163510990464,0.906974871144605,0.936747958639949,"cognps_random_slope"
"108","MFN2","Mic P2RY12",0.431330645621462,5.24239915003455,1.48740495625072,0.223418774144373,0.704976452156519,0.769121432750783,"cognps_random_slope"
"109","MIIP","Mic P2RY12",-0.0487148027932727,4.51558294110485,0.008127021985359,0.928218206008532,0.999765323016076,0.999791880761836,"cognps_random_slope"
"110","TNFRSF8","Mic P2RY12",0.377462621892973,3.0713593236338,0.136908981694846,0.711591253622105,0.974058671071484,0.989192928692102,"cognps_random_slope"
"111","TNFRSF1B","Mic P2RY12",0.30524789936082,8.58192165334423,0.232807039251029,0.629743768314552,0.947640749708162,0.9679212910507,"cognps_random_slope"
"112","VPS13D","Mic P2RY12",-0.169408618984001,8.17873694697447,0.906324467974624,0.341730924366903,0.792405774789648,0.845625767302657,"cognps_random_slope"
"113","DHRS3","Mic P2RY12",-0.110014206837167,7.1032822135622,0.0757400351814543,0.783313663585965,0.990117185051922,0.999693781752941,"cognps_random_slope"
"114","PDPN","Mic P2RY12",-0.155257829358139,5.72828056926094,0.0591590785462763,0.807968695609783,0.993593436458099,0.999791880761836,"cognps_random_slope"
"115","PRDM2","Mic P2RY12",0.0133894799863032,7.6376667827897,0.00473357839611334,0.945186255359596,0.999765323016076,0.999791880761836,"cognps_random_slope"
"116","KAZN","Mic P2RY12",0.222215871691243,6.01212082855963,0.217463846697691,0.641261512803997,0.950874323474461,0.970806423495585,"cognps_random_slope"
"117","TMEM51-AS1","Mic P2RY12",0.211198567524678,3.6032519978151,0.0780501362569203,0.7801180036536,0.990020960532974,0.999508397105588,"cognps_random_slope"
"118","TMEM51","Mic P2RY12",-0.120600375662512,7.21193617906648,0.0716401256694321,0.789116998534608,0.990886185623222,0.999791880761836,"cognps_random_slope"
"119","FHAD1","Mic P2RY12",-0.626899501486875,4.89916807533706,0.589399478357716,0.443155201669379,0.857329703705984,0.898513909568182,"cognps_random_slope"
"120","EFHD2","Mic P2RY12",0.00380522296054167,6.07694155587335,0.000133628456725553,0.99078324734193,0.999765323016076,0.999791880761836,"cognps_random_slope"
"121","CASP9","Mic P2RY12",0.767749526474144,4.30642702065798,2.43156007970857,0.119794044156413,0.577247684584303,0.657118424697402,"cognps_random_slope"
"122","DNAJC16","Mic P2RY12",-0.41331069788686,5.64382322583516,1.9636642240809,0.219739809911426,0.700641380490504,0.765654809224497,"cognps_random_slope"
"123","AGMAT","Mic P2RY12",1.05748128052791,2.88672067667087,1.2953969492207,0.255813395837212,0.731400417855838,0.792472353522845,"cognps_random_slope"
"124","DDI2","Mic P2RY12",-0.0908142679067987,6.65156261188715,0.0971112884847772,0.755504709696682,0.982962972295654,0.995374805990632,"cognps_random_slope"
"125","PLEKHM2","Mic P2RY12",0.217641242606542,6.88551966880688,0.783796720805134,0.376574038085244,0.816519975192819,0.867538987862585,"cognps_random_slope"
"126","SLC25A34","Mic P2RY12",0.086349431831091,3.15112219793512,0.0120609302973979,0.91261158809761,0.999765323016076,0.999791880761836,"cognps_random_slope"
"127","UQCRHL","Mic P2RY12",-0.562669084377595,2.70862860756274,0.368421704890109,0.544248844093,0.910437626329679,0.939521634427881,"cognps_random_slope"
"128","AL450998.2","Mic P2RY12",0.100769931856905,4.30544943147807,0.0359199202811107,0.975965424501668,0.999765323016076,0.999791880761836,"cognps_random_slope"
"129","SPEN","Mic P2RY12",-0.145927329144514,7.38375351333801,0.401463127431941,0.752876555623209,0.982244103840787,0.994674014762625,"cognps_random_slope"
"130","ZBTB17","Mic P2RY12",0.14320032577326,4.66946760654015,0.132370629621534,0.716200437527643,0.975412307559,0.990818510846582,"cognps_random_slope"
"131","EPHA2","Mic P2RY12",-0.438665368673468,2.92033679480717,0.219072983208692,0.640030698035437,0.950500871658043,0.97040644005083,"cognps_random_slope"
"132","ARHGEF19","Mic P2RY12",0.547979521413843,2.90642198510799,0.373720681558179,0.541369353640361,0.910005809466235,0.939148122050431,"cognps_random_slope"
"133","FBXO42","Mic P2RY12",0.0367456575857157,7.33164909408917,0.0244361757380015,0.875867918161507,0.999765323016076,0.999791880761836,"cognps_random_slope"
"134","SZRD1","Mic P2RY12",-0.598499010519218,5.03153933178127,2.68055141968677,0.102455241005306,0.543118150598144,0.62838409699287,"cognps_random_slope"
"135","SPATA21","Mic P2RY12",0.0792401471388173,2.81273404690063,0.00866897229622411,0.925870152563274,0.999765323016076,0.999791880761836,"cognps_random_slope"
"136","NECAP2","Mic P2RY12",-0.342049977946127,5.01680338617764,0.803698279281989,0.370589646254698,0.812104761618872,0.863532460737016,"cognps_random_slope"
"137","NBPF1","Mic P2RY12",-0.532277105430329,6.51715952031892,1.89446151696736,0.169555935149589,0.641688530624015,0.719352381999901,"cognps_random_slope"
"138","CROCC","Mic P2RY12",0.126174772876002,6.02749257602756,0.0953496498022702,0.757662066946955,0.983190954097967,0.995414674993652,"cognps_random_slope"
"139","BX284668.5","Mic P2RY12",-1.12731494287905,3.33969222010065,2.18262722829965,0.140451199674719,0.605445939307539,0.682111417539437,"cognps_random_slope"
"140","AL049569.1","Mic P2RY12",-0.512954149352606,3.01546988921257,0.294984252436369,0.587380532453998,0.930880922465186,0.954969763667044,"cognps_random_slope"
"141","ATP13A2","Mic P2RY12",-0.482039292475056,5.54876112036841,1.54997807364345,0.213949321205478,0.694865796886676,0.760420100795712,"cognps_random_slope"
"142","SDHB","Mic P2RY12",-0.026747250595104,5.88355948909491,0.00980037173906934,0.921195946912635,0.999765323016076,0.999791880761836,"cognps_random_slope"
"143","PADI2","Mic P2RY12",-0.0435646665230905,9.03236561689872,0.00345096862026212,0.953187888019126,0.999765323016076,0.999791880761836,"cognps_random_slope"
"144","PADI1","Mic P2RY12",0.556358066602788,2.92513402703449,0.228172848814763,0.633172149660177,0.949002694388455,0.968564075162913,"cognps_random_slope"
"145","RCC2","Mic P2RY12",-0.142548072877333,6.88957093264807,0.343486518277922,0.558191259972215,0.917801489268667,0.945215806277844,"cognps_random_slope"
"146","ARHGEF10L","Mic P2RY12",-0.576218286810223,7.17736565399127,3.01284752262204,0.0834635835936489,0.505420462602119,0.593030725533821,"cognps_random_slope"
"147","IGSF21","Mic P2RY12",0.450451777560683,9.29084846640806,1.31529664151873,0.252200351962647,0.729640057414039,0.789759270184701,"cognps_random_slope"
"148","IFFO2","Mic P2RY12",0.82884847669308,2.92986627067088,0.761644353101648,0.383396734121324,0.819964831465028,0.870109419832553,"cognps_random_slope"
"149","UBR4","Mic P2RY12",-0.0815579385995966,6.87460009846339,0.102911738818267,0.748549356965583,0.982244103840787,0.994674014762625,"cognps_random_slope"
"150","AL035413.1","Mic P2RY12",-0.103190937074971,5.22633673937162,0.0768024529795935,0.925456133951984,0.999765323016076,0.999791880761836,"cognps_random_slope"
"151","EMC1","Mic P2RY12",0.43788051951555,4.29312500134662,0.865651867638274,0.352785996412987,0.801302565750922,0.852837260254213,"cognps_random_slope"
"152","MRTO4","Mic P2RY12",-0.14294030627985,4.04029122330523,0.0448049245936901,0.832483044228879,0.999366959106503,0.999791880761836,"cognps_random_slope"
"153","AKR7A2","Mic P2RY12",0.394720411980591,3.34714758761897,0.37561611614151,0.545295732364875,0.911244930073703,0.940001610338548,"cognps_random_slope"
"154","PQLC2","Mic P2RY12",-0.0674264620431174,3.6674346875185,0.0119603552466168,0.939146370982488,0.999765323016076,0.999791880761836,"cognps_random_slope"
"155","CAPZB","Mic P2RY12",0.463241871478523,9.38427864081413,2.94814155295021,0.0868373501072438,0.512646400346773,0.598286505068277,"cognps_random_slope"
"156","NBL1","Mic P2RY12",0.27620475205416,4.45657007999862,0.172676810642415,0.677991545634824,0.963032358317531,0.980096514019067,"cognps_random_slope"
"157","TMCO4","Mic P2RY12",0.225495960205698,6.02807780893537,0.426592207124302,0.514083188387614,0.894942542151003,0.92830484233112,"cognps_random_slope"
"158","OTUD3","Mic P2RY12",0.777739135545615,4.63106441726353,3.27009384231686,0.0713887611231769,0.481432815573689,0.571978509732139,"cognps_random_slope"
"159","PLA2G2C","Mic P2RY12",1.71557437914978,2.79200114494197,1.48579477127515,0.223669007653561,0.705101945792842,0.769206564190869,"cognps_random_slope"
"160","LINC01141","Mic P2RY12",0.654314249357554,7.53779976085906,1.27496429442156,0.259590061647713,0.734226765753694,0.795062890890869,"cognps_random_slope"
"161","CAMK2N1","Mic P2RY12",0.704469965606001,5.32113009242788,1.58277009002688,0.209178352111203,0.690145647244736,0.75604619898986,"cognps_random_slope"
"162","MUL1","Mic P2RY12",-0.241339402918025,3.55331239034613,0.143784713222102,0.704770900194059,0.972170337982562,0.987143386237268,"cognps_random_slope"
"163","PINK1","Mic P2RY12",1.04072575570653,4.53539860639889,3.27922018214704,0.0709965774910852,0.481432815573689,0.571978509732139,"cognps_random_slope"
"164","PINK1-AS","Mic P2RY12",0.274439990203262,2.81489239860822,0.0858905719801307,0.769636967579533,0.986443273387328,0.997526881305537,"cognps_random_slope"
"165","DDOST","Mic P2RY12",0.229213649575012,4.8777991955919,0.293490812231141,0.588327648198235,0.931495606510462,0.955201495047498,"cognps_random_slope"
"166","KIF17","Mic P2RY12",1.00547077448436,2.7725917213924,0.829685955991959,0.3629734734112,0.809837342431141,0.86075447649186,"cognps_random_slope"
"167","HP1BP3","Mic P2RY12",-0.29049905004923,7.89066676932154,0.850832238919081,0.356935417231356,0.805674840208423,0.856895855764129,"cognps_random_slope"
"168","EIF4G3","Mic P2RY12",-0.171149317855158,9.76463388012778,0.602404996204047,0.43817201501423,0.854274719151492,0.896329999692071,"cognps_random_slope"
"169","ECE1","Mic P2RY12",0.629705016634284,2.88412566952513,0.523028758752539,0.470022650762386,0.873674362978807,0.911989958554649,"cognps_random_slope"
"170","NBPF3","Mic P2RY12",0.520940285187903,3.86197771795242,0.541023528334257,0.462488282614451,0.86840485852827,0.90847710294704,"cognps_random_slope"
"171","RAP1GAP","Mic P2RY12",1.71298885478775,3.90753751127847,7.05250897399858,0.00826765494111716,0.181037326578286,0.24985828505025,"cognps_random_slope"
"172","USP48","Mic P2RY12",-0.587941430128109,6.76417640416888,7.22015501246644,0.00754371377428269,0.171054667155943,0.236541066816694,"cognps_random_slope"
"173","CDC42","Mic P2RY12",-0.214319278935478,6.94126684625939,1.10901019672876,0.293004250892012,0.757810479807648,0.818750036762332,"cognps_random_slope"
"174","ZBTB40","Mic P2RY12",-0.745482935912122,5.8885503324204,5.00572321165712,0.0258756899280633,0.311274794188488,0.402421321011655,"cognps_random_slope"
"175","C1QA","Mic P2RY12",-0.648626136069244,7.65333166404585,1.46204753618777,0.227398945947498,0.708361988526829,0.771324135347557,"cognps_random_slope"
"176","C1QC","Mic P2RY12",-1.2031750938337,8.00061747594124,3.87547975322955,0.0497639118844871,0.417939219384424,0.510316389867414,"cognps_random_slope"
"177","C1QB","Mic P2RY12",-0.779189421708474,8.39131188421931,2.31413596025632,0.129081255924787,0.588940468807355,0.666354407449888,"cognps_random_slope"
"178","EPHB2","Mic P2RY12",0.739899638672962,6.91162684047886,3.56183040048174,0.0599276005687922,0.451508434578704,0.544299908237831,"cognps_random_slope"
"179","KDM1A","Mic P2RY12",0.0938249874810909,5.93690837291815,0.09324861017494,0.849022569192133,0.999765323016076,0.999791880761836,"cognps_random_slope"
"180","AL031428.1","Mic P2RY12",-0.101316470082604,4.78684795971763,0.0568588664885595,0.811667148975447,0.994447726155304,0.999791880761836,"cognps_random_slope"
"181","LUZP1","Mic P2RY12",-0.122109897816536,7.19648090980056,0.300974201204353,0.583612743321964,0.928418891611539,0.952593161120705,"cognps_random_slope"
"182","LINC01355","Mic P2RY12",0.22007922919988,4.26006215063668,0.220172052582227,0.63919319422767,0.950271487556261,0.970357720549608,"cognps_random_slope"
"183","HNRNPR","Mic P2RY12",0.0181971198362569,6.5657439411486,0.0058501302514738,0.939074869577652,0.999765323016076,0.999791880761836,"cognps_random_slope"
"184","ZNF436","Mic P2RY12",-0.719707560287481,2.61020400611535,0.53149455256985,0.466453703656655,0.871240569604692,0.910838700427579,"cognps_random_slope"
"185","ASAP3","Mic P2RY12",-1.33426082784449,2.55298972611496,1.93698376683581,0.164856583014223,0.636488914749871,0.713766152264858,"cognps_random_slope"
"186","ID3","Mic P2RY12",-2.14663578826437,2.26113816894427,2.8770863490771,0.0907138407587362,0.523538406549451,0.608214800368598,"cognps_random_slope"
"187","RPL11","Mic P2RY12",-0.679218942742295,6.36151145333837,2.30531697134138,0.129810562920833,0.590176515936554,0.667766768819503,"cognps_random_slope"
"188","ELOA","Mic P2RY12",-0.197225625627235,4.95216213369413,0.227063704890936,0.633999033367294,0.949404519628462,0.969050966350658,"cognps_random_slope"
"189","ELOA-AS1","Mic P2RY12",-0.171218931458628,4.73249016338389,0.148172811826559,0.700515183899703,0.970194706432401,0.985400639601452,"cognps_random_slope"
"190","PITHD1","Mic P2RY12",0.402039838136532,4.46795600562456,0.818958362498881,0.366090743645704,0.811562709840244,0.862405100667332,"cognps_random_slope"
"191","LYPLA2","Mic P2RY12",-0.6789023937705,4.09073380544908,1.84664537098926,0.175025699004935,0.646504793926442,0.722173203526035,"cognps_random_slope"
"192","GALE","Mic P2RY12",-0.316991227708662,4.44870997348218,0.286096341468596,0.593063566806398,0.933534082709634,0.956961229461436,"cognps_random_slope"
"193","HMGCL","Mic P2RY12",0.336115202167606,5.31459375787123,1.009707427533,0.315648556864231,0.771031286548084,0.829959876368897,"cognps_random_slope"
"194","FUCA1","Mic P2RY12",-0.865558172859437,4.42239450920746,3.45952329303232,0.0637046913051661,0.461735462451754,0.55369831592915,"cognps_random_slope"
"195","PNRC2","Mic P2RY12",0.26487530874311,4.76876729278406,0.398378037149275,0.956845791035256,0.999765323016076,0.999791880761836,"cognps_random_slope"
"196","SRSF10","Mic P2RY12",-0.186158345644528,6.56393947687941,0.500343493466003,0.479807346831361,0.880549559893777,0.916263961146097,"cognps_random_slope"
"197","IFNLR1","Mic P2RY12",-2.06811229529149,5.74637576698444,10.4017995677503,0.00137427906523791,0.0790416899281254,0.11225768668764,"cognps_random_slope"
"198","AL138902.1","Mic P2RY12",0.944636289056621,3.12099457550487,1.43073215046501,0.232433012291197,0.713984505367052,0.776521381336779,"cognps_random_slope"
"199","STPG1","Mic P2RY12",0.290242882786891,3.97576891158675,0.24710621463949,0.635121916512451,0.949736241790035,0.96945689678304,"cognps_random_slope"
"200","NIPAL3","Mic P2RY12",-0.102229122248301,5.78455819095557,0.0770935625282526,0.78143500791732,0.990020960532974,0.999508397105588,"cognps_random_slope"
"201","RCAN3","Mic P2RY12",-0.33215079008745,4.56728236684689,0.400810114486292,0.527073548609229,0.902659760372175,0.933161076911816,"cognps_random_slope"
"202","NCMAP","Mic P2RY12",-0.407002751223065,4.82701532325419,0.305736423708086,0.580651881964408,0.92745123601967,0.952057940282733,"cognps_random_slope"
"203","SRRM1","Mic P2RY12",-0.456982237076787,6.98752170169381,4.59890274238767,0.0326621053585232,0.347384820563151,0.440887932412637,"cognps_random_slope"
"204","CLIC4","Mic P2RY12",-0.370811738115561,5.42626703888419,0.288705451448579,0.591383598856573,0.932917349370873,0.956437975651113,"cognps_random_slope"
"205","RUNX3","Mic P2RY12",-0.36936670528575,4.38005037633526,0.235651209724678,0.627660435516721,0.94657635565604,0.967298141959428,"cognps_random_slope"
"206","SYF2","Mic P2RY12",-0.61106682465898,4.29119586281522,1.32724792506214,0.250060675629705,0.729301365236868,0.789201257695949,"cognps_random_slope"
"207","RSRP1","Mic P2RY12",-0.0499618043123097,8.19337962551929,0.0228426754341257,0.879951649770312,0.999765323016076,0.999791880761836,"cognps_random_slope"
"208","RHD","Mic P2RY12",-0.866705190219886,3.23861748692799,0.705370480634247,0.401542981056598,0.829881589272977,0.878039616226327,"cognps_random_slope"
"209","TMEM50A","Mic P2RY12",-0.234090730559257,5.18705958786176,0.441518194608329,0.506816417215314,0.891301972336335,0.925946201468335,"cognps_random_slope"
"210","MACO1","Mic P2RY12",0.0699205332361219,6.43690646681123,0.0698423485851554,0.791717843146262,0.99096280857451,0.999791880761836,"cognps_random_slope"
"211","LDLRAP1","Mic P2RY12",0.440740690095563,4.26205888353457,0.807114752623942,0.369575741801663,0.812104761618872,0.863532460737016,"cognps_random_slope"
"212","MAN1C1","Mic P2RY12",0.721665084217332,7.12085827544378,4.98033107616403,0.0262527159158814,0.313698892199015,0.40473852838495,"cognps_random_slope"
"213","AL031280.1","Mic P2RY12",0.503329106023099,3.72906859741353,0.402959665935974,0.525968341471142,0.901688850461146,0.932903067392385,"cognps_random_slope"
"214","MTFR1L","Mic P2RY12",0.336992445033782,4.36152818901903,0.57377995626946,0.563502343487283,0.92147588835547,0.947788744697164,"cognps_random_slope"
"215","AL033528.2","Mic P2RY12",-0.304677867457526,3.19338442332371,0.138935893605615,0.70956075923111,0.9734747833143,0.988769435995664,"cognps_random_slope"
"216","PAQR7","Mic P2RY12",0.150409739360027,3.8417224084189,0.0657361586930321,0.813638762594331,0.994763030214352,0.999791880761836,"cognps_random_slope"
"217","STMN1","Mic P2RY12",0.996235052215459,5.51751113617419,2.04532957679233,0.153542131907283,0.622158283448558,0.700588416079682,"cognps_random_slope"
"218","PAFAH2","Mic P2RY12",0.654252136460337,4.49658457302811,1.93620388398728,0.164941413953682,0.636488914749871,0.713766152264858,"cognps_random_slope"
"219","PDIK1L","Mic P2RY12",-0.272458527055615,4.81546314221376,0.39553149207152,0.529805311799088,0.90452525552738,0.934643343095417,"cognps_random_slope"
"220","ZNF593","Mic P2RY12",0.221969096371833,2.72531770860861,0.0538289754654766,0.816661650748143,0.995084767910246,0.999791880761836,"cognps_random_slope"
"221","CEP85","Mic P2RY12",-0.0888886194899923,4.46282916967088,0.04368961869309,0.834550487007603,0.999366959106503,0.999791880761836,"cognps_random_slope"
"222","SH3BGRL3","Mic P2RY12",-0.69656309610247,4.6803193068205,1.30070666048078,0.254843130895102,0.73129610216815,0.79225570684364,"cognps_random_slope"
"223","UBXN11","Mic P2RY12",-0.0765139114125396,3.82710840866044,0.0142689408599329,0.904983433647457,0.999765323016076,0.999791880761836,"cognps_random_slope"
"224","DHDDS","Mic P2RY12",-0.207605754451848,5.10611504640999,0.312124649018616,0.57672702277357,0.925311034254915,0.950858558775268,"cognps_random_slope"
"225","AL513365.2","Mic P2RY12",1.00665165968605,3.7086375509433,2.47540447106478,0.116519004094409,0.573437816330948,0.653137977948395,"cognps_random_slope"
"226","HMGN2","Mic P2RY12",1.4862762500277,4.62886375811469,10.5746381326508,0.00125490657950196,0.0757522660896656,0.107166169829059,"cognps_random_slope"
"227","RPS6KA1","Mic P2RY12",-0.163679776951823,7.52484957715694,0.512105460900783,0.847838617028238,0.999765323016076,0.999791880761836,"cognps_random_slope"
"228","ARID1A","Mic P2RY12",0.135819993657673,8.368339656662,0.477335872823795,0.49007723850627,0.883919929101283,0.918678554290124,"cognps_random_slope"
"229","PIGV","Mic P2RY12",0.42916243377108,3.09449432150733,0.283492004100628,0.594750320017767,0.934477967597251,0.957725510954487,"cognps_random_slope"
"230","ZDHHC18","Mic P2RY12",-0.153483070694317,3.82624103788952,0.0633429621241308,0.826655883727437,0.997790670013024,0.999791880761836,"cognps_random_slope"
"231","GPN2","Mic P2RY12",-0.394795618304385,4.18305462489013,0.69532298847713,0.404913221618758,0.832587827418286,0.880198242323207,"cognps_random_slope"
"232","GPATCH3","Mic P2RY12",-0.196114004554013,3.44790403555349,0.0930151774542908,0.845021826222841,0.999765323016076,0.999791880761836,"cognps_random_slope"
"233","NUDC","Mic P2RY12",0.443807383971306,5.41745023424239,1.04404582845904,0.307569229858532,0.767548463563164,0.826871963649011,"cognps_random_slope"
"234","SLC9A1","Mic P2RY12",-0.145514067944525,4.4658727478802,0.100412191949965,0.993222923157241,0.999765323016076,0.999791880761836,"cognps_random_slope"
"235","WDTC1","Mic P2RY12",-0.128944267655042,6.0538688787657,0.119410555084156,0.729876713722703,0.977924377749008,0.992735737523133,"cognps_random_slope"
"236","TMEM222","Mic P2RY12",0.108665193457067,4.8389719670019,0.0773013798903689,0.781148140959597,0.990020960532974,0.999508397105588,"cognps_random_slope"
"237","MAP3K6","Mic P2RY12",-2.60174786682075,3.35280134861213,8.12690594180727,0.00461285104281746,0.139092359955524,0.195278403250452,"cognps_random_slope"
"238","WASF2","Mic P2RY12",-0.361625861419028,8.76508714606602,2.07807770553673,0.150298449557742,0.618294258470467,0.695585318326235,"cognps_random_slope"
"239","FO393419.2","Mic P2RY12",-0.652080629365847,2.92101211323668,0.452599543565997,0.501535094089963,0.889628842223565,0.924198481408281,"cognps_random_slope"
"240","AHDC1","Mic P2RY12",0.0801234872967498,5.80493232389559,0.0422797566308173,0.837203769707214,0.999700499758612,0.999791880761836,"cognps_random_slope"
"241","FGR","Mic P2RY12",-2.30778658412191,5.19616798461583,7.28765780186676,0.00727091392087707,0.168771538374404,0.233113497749515,"cognps_random_slope"
"242","IFI6","Mic P2RY12",2.54599076007205,4.22384977654852,5.38079186389103,0.0209190524897638,0.285765772084938,0.372822164728636,"cognps_random_slope"
"243","FAM76A","Mic P2RY12",-0.728390636768357,4.36581859415554,2.69823272621827,0.10133358576183,0.542074332563011,0.6273410096216,"cognps_random_slope"
"244","STX12","Mic P2RY12",-0.25259098525799,7.21588922956361,0.975920246705894,0.323872292222486,0.777955294510403,0.835420536201911,"cognps_random_slope"
"245","PPP1R8","Mic P2RY12",-0.363476545114957,4.59966812460777,0.703753272175738,0.402082672720063,0.829881589272977,0.878083042189857,"cognps_random_slope"
"246","THEMIS2","Mic P2RY12",0.187298542644938,6.54098951876209,0.0708978535202609,0.790186558675055,0.990886185623222,0.999791880761836,"cognps_random_slope"
"247","RPA2","Mic P2RY12",-0.650908461832289,5.42923625187495,3.13265513827062,0.0775859361135831,0.493481103236767,0.580606093640182,"cognps_random_slope"
"248","AL512288.1","Mic P2RY12",0.60605054613442,2.40156267387243,0.207205286260043,0.64924143140369,0.953989866394996,0.972631660798444,"cognps_random_slope"
"249","XKR8","Mic P2RY12",-0.920002434684789,3.25003022532691,1.34281550257165,0.24730694354248,0.727427644954517,0.787838779449657,"cognps_random_slope"
"250","EYA3","Mic P2RY12",-0.235720151300351,7.26423620295518,1.0094469088585,0.333388947633422,0.786588565297986,0.842644018955589,"cognps_random_slope"
"251","PTAFR","Mic P2RY12",0.0931490126865932,7.07592323728659,0.0873637497719625,0.767726324520625,0.986195564192913,0.996739993453353,"cognps_random_slope"
"252","DNAJC8","Mic P2RY12",-0.143251564950673,5.1833093284842,0.177553621968147,0.673735837882859,0.962173687857684,0.979430323680372,"cognps_random_slope"
"253","ATP5IF1","Mic P2RY12",0.409030831740565,5.2147083284698,0.898994522040162,0.34368814524387,0.794371306383771,0.846270121725977,"cognps_random_slope"
"254","AL353622.1","Mic P2RY12",-0.192453995874367,2.98221084915976,0.0552584142437059,0.814287353620496,0.994918383102504,0.999791880761836,"cognps_random_slope"
"255","SESN2","Mic P2RY12",-0.0807629270246096,4.5292761491303,0.021738140683078,0.88286846392743,0.999765323016076,0.999791880761836,"cognps_random_slope"
"256","PHACTR4","Mic P2RY12",0.0995409340865377,7.6670653904493,0.262266024455266,0.608881969894805,0.93885760879533,0.961459183207151,"cognps_random_slope"
"257","RCC1","Mic P2RY12",-0.317112618707823,5.76361567682001,0.453585501921227,0.501069750112682,0.889628842223565,0.924198481408281,"cognps_random_slope"
"258","TRNAU1AP","Mic P2RY12",-0.159771633621246,5.76714291880395,0.200589606907354,0.724835255436169,0.976701705810179,0.992103026315284,"cognps_random_slope"
"259","SNHG12","Mic P2RY12",-1.23267577584625,5.21693333537814,3.18591683496786,0.075118080935829,0.486443698888839,0.575215606931473,"cognps_random_slope"
"260","TAF12","Mic P2RY12",-0.389375604374236,4.94556075569202,1.02213279392214,0.312693363568912,0.769870248977951,0.829003894781423,"cognps_random_slope"
"261","RAB42","Mic P2RY12",-2.03478756574002,3.0106166858485,2.72347702154253,0.0997554417942363,0.538824133609255,0.624967789455421,"cognps_random_slope"
"262","GMEB1","Mic P2RY12",-0.40106312433008,5.32704259695038,1.31877028153346,0.251576138357681,0.729501575487489,0.789459281326494,"cognps_random_slope"
"263","YTHDF2","Mic P2RY12",-0.0216973904237391,6.21193493797809,0.00794044664377529,0.929044741863834,0.999765323016076,0.999791880761836,"cognps_random_slope"
"264","EPB41","Mic P2RY12",-0.676174397595365,8.16357829806873,8.12036589488068,0.00462914652191357,0.139092359955524,0.195278403250452,"cognps_random_slope"
"265","SRSF4","Mic P2RY12",-0.270522782930312,7.35322147941609,1.40669185351532,0.236389344819637,0.717195745965125,0.779721694068577,"cognps_random_slope"
"266","MECR","Mic P2RY12",0.27387771625158,4.67397710477658,0.395747162466494,0.529693201516949,0.904487588370112,0.934642970039886,"cognps_random_slope"
"267","LAPTM5","Mic P2RY12",-0.678230984701512,8.35099421799047,4.12822694505514,0.042908207868663,0.393309690172992,0.486852253353125,"cognps_random_slope"
"268","SDC3","Mic P2RY12",-0.112598497953451,4.45036550717745,0.0418754812626559,0.83797307592404,0.999700499758612,0.999791880761836,"cognps_random_slope"
"269","PUM1","Mic P2RY12",-0.0658209815235332,8.38436397360666,0.16470564753884,0.685101937572452,0.965308702072173,0.981938174288632,"cognps_random_slope"
"270","SNRNP40","Mic P2RY12",0.0976848680717204,5.35436472237212,0.0968172762933189,0.799010530549147,0.992143902613387,0.999791880761836,"cognps_random_slope"
"271","ZCCHC17","Mic P2RY12",0.124919767152911,5.51568297127607,0.134623196805805,0.713901692336746,0.975327034936739,0.990078557920128,"cognps_random_slope"
"272","AL451070.1","Mic P2RY12",-1.15121716406703,2.60021629189558,1.32637628385109,0.25021597086801,0.729301365236868,0.789201257695949,"cognps_random_slope"
"273","PEF1","Mic P2RY12",-0.201330843517851,3.95983440898889,0.161243549227605,0.688252692260817,0.967000794906075,0.98337391133913,"cognps_random_slope"
"274","ADGRB2","Mic P2RY12",1.74357384584499,3.57051585605644,5.31521307178864,0.0217085393469881,0.289468791829839,0.377929744847759,"cognps_random_slope"
"275","AL136115.2","Mic P2RY12",0.118339789557667,2.64412785734057,0.0136987074798097,0.9068925204239,0.999765323016076,0.999791880761836,"cognps_random_slope"
"276","PTP4A2","Mic P2RY12",0.115884330177379,5.79935290592204,0.0765941936133499,0.782126034227733,0.990020960532974,0.999508397105588,"cognps_random_slope"
"277","KHDRBS1","Mic P2RY12",-0.257843299739504,7.15980731809149,0.768806820612206,0.721299463231961,0.97571529536985,0.991463831658989,"cognps_random_slope"
"278","AL445248.1","Mic P2RY12",-0.345804991028586,3.35283966866004,0.23964301037642,0.624762528623595,0.9451521296561,0.966134248427118,"cognps_random_slope"
"279","TMEM39B","Mic P2RY12",-0.0546170526253968,4.85397045244058,0.0186966844693967,0.891316129303141,0.999765323016076,0.999791880761836,"cognps_random_slope"
"280","KPNA6","Mic P2RY12",-0.317231217444866,6.8236904058876,1.97261910034201,0.16103321236396,0.631512796296848,0.708484902920554,"cognps_random_slope"
"281","TXLNA","Mic P2RY12",-0.77964470242314,5.36252720443674,2.98704163854855,0.0847917263074399,0.507436631269051,0.595238250831387,"cognps_random_slope"
"282","TMEM234","Mic P2RY12",1.2291799329603,3.43719435215383,3.17472592163131,0.0950796584881108,0.532922140027557,0.617571662321137,"cognps_random_slope"
"283","EIF3I","Mic P2RY12",-0.02233093441854,3.72871065069096,0.00157226813918714,0.968392703264467,0.999765323016076,0.999791880761836,"cognps_random_slope"
"284","HDAC1","Mic P2RY12",0.00782225799119018,5.30624881204156,0.000729968979290738,0.978460412756012,0.999765323016076,0.999791880761836,"cognps_random_slope"
"285","MARCKSL1","Mic P2RY12",0.768996641099744,3.35244588654069,0.739262092416639,0.390470146526138,0.824692295940985,0.87367501522745,"cognps_random_slope"
"286","FAM229A","Mic P2RY12",-0.904335728363716,3.37658679746323,1.47493880274815,0.225364923403709,0.706583534051226,0.769637329131246,"cognps_random_slope"
"287","BSDC1","Mic P2RY12",0.0764108757980085,6.17196171001779,0.0652947752367057,0.798461076125892,0.992143902613387,0.999791880761836,"cognps_random_slope"
"288","ZBTB8A","Mic P2RY12",1.58717512328029,2.68162935858334,2.55973688135215,0.110494922046607,0.56065247266128,0.644627053842235,"cognps_random_slope"
"289","ZBTB8OS","Mic P2RY12",0.160443288163366,6.2669578592081,0.369882031001193,0.543452476149927,0.910123298286075,0.939292860686914,"cognps_random_slope"
"290","RBBP4","Mic P2RY12",0.333242496786463,6.24768045026745,2.198699458649,0.139003004142567,0.602867355494446,0.679817522545956,"cognps_random_slope"
"291","SYNC","Mic P2RY12",-1.80266383842716,3.44447271252616,6.0129225517119,0.0146761469875903,0.239650385698998,0.319502724925183,"cognps_random_slope"
"292","KIAA1522","Mic P2RY12",-1.2415272285759,2.80181787788176,1.932008039743,0.165398673159969,0.637054724342046,0.714351165975385,"cognps_random_slope"
"293","YARS","Mic P2RY12",-0.161977929554652,5.93793392892917,0.102699364935292,0.748800151592128,0.982244103840787,0.994674014762625,"cognps_random_slope"
"294","S100PBP","Mic P2RY12",-0.423226605944866,6.73128853739787,2.26893760406759,0.520173556165897,0.897610845503372,0.930596097073457,"cognps_random_slope"
"295","HPCA","Mic P2RY12",1.33219019219159,3.45091952695106,2.19863209498495,0.13900903876411,0.602867355494446,0.679817522545956,"cognps_random_slope"
"296","RNF19B","Mic P2RY12",0.496421653061853,5.6878339478216,1.30493617189419,0.254073507687468,0.730761427230338,0.791788478770448,"cognps_random_slope"
"297","AL020995.1","Mic P2RY12",-0.0843078313067198,3.70559601787654,0.0109519660168237,0.916710576813545,0.999765323016076,0.999791880761836,"cognps_random_slope"
"298","AK2","Mic P2RY12",0.170196651547864,5.74015835579399,0.255755025293189,0.613361452284077,0.940399122416995,0.963142172997874,"cognps_random_slope"
"299","AZIN2","Mic P2RY12",1.27198786874519,6.2034116734786,2.93529312413564,0.0875247395239494,0.513888884718506,0.599371981462588,"cognps_random_slope"
"300","TRIM62","Mic P2RY12",0.45865386136487,4.05128567592963,0.705242510285986,0.40158564861041,0.829881589272977,0.878039616226327,"cognps_random_slope"
"301","ZNF362","Mic P2RY12",0.148548815672395,6.30957128761685,0.240653178769823,0.624033931255571,0.945004622326151,0.965736201273809,"cognps_random_slope"
"302","A3GALT2","Mic P2RY12",-0.162802433707934,2.68937585680659,0.0224935603177592,0.880865629365569,0.999765323016076,0.999791880761836,"cognps_random_slope"
"303","AL513327.1","Mic P2RY12",-1.45356532047625,5.36738787675993,3.73313706542986,0.0541282840532671,0.434347947711541,0.526344557013956,"cognps_random_slope"
"304","PHC2","Mic P2RY12",-0.621919262410326,8.7503815158694,2.8368378157646,0.0929929893499084,0.528498324969518,0.613198872446237,"cognps_random_slope"
"305","AL513327.2","Mic P2RY12",0.498270418381574,3.28355814475895,0.378121607152108,0.538999116753753,0.909134673890654,0.938176904122243,"cognps_random_slope"
"306","CSMD2","Mic P2RY12",0.574495809714293,3.52058340428785,0.711132264696812,0.399628715958438,0.82950017718202,0.877897744901724,"cognps_random_slope"
"307","SMIM12","Mic P2RY12",0.331200227315987,5.17066594424588,0.645488087808128,0.422261135483006,0.843046326294296,0.888150029380637,"cognps_random_slope"
"308","DLGAP3","Mic P2RY12",-0.72294727265105,2.63589519887863,0.512475733799003,0.506450273992227,0.891301972336335,0.925861878317206,"cognps_random_slope"
"309","AC114490.3","Mic P2RY12",-0.0931550252352356,3.75417586025779,0.0294406912324571,0.863861958939406,0.999765323016076,0.999791880761836,"cognps_random_slope"
"310","ZMYM1","Mic P2RY12",0.0282195138962505,5.3046057456419,0.00711955314460479,0.932803290138184,0.999765323016076,0.999791880761836,"cognps_random_slope"
"311","SFPQ","Mic P2RY12",0.27504494912931,7.56123275169673,1.14909626829218,0.284457238616,0.753549217160752,0.813095273637445,"cognps_random_slope"
"312","ZMYM4","Mic P2RY12",-0.231072789845135,8.12544717842631,1.62495882320159,0.20322472551014,0.683416448321551,0.749746594113254,"cognps_random_slope"
"313","ZMYM4-AS1","Mic P2RY12",-1.7093700537226,3.11878158925063,3.23940494028613,0.0727247460228752,0.483185087482673,0.572984775873399,"cognps_random_slope"
"314","KIAA0319L","Mic P2RY12",-0.0223176805417776,7.67777330533512,0.0134914498079973,0.907596355343067,0.999765323016076,0.999791880761836,"cognps_random_slope"
"315","NCDN","Mic P2RY12",0.981271356836166,4.77829250811086,3.19916478190817,0.0745174904564499,0.485665771203642,0.574597093093313,"cognps_random_slope"
"316","AC004865.2","Mic P2RY12",0.357243256730853,3.1230263169151,0.208665884143832,0.648090869255995,0.95304134082076,0.972200987915124,"cognps_random_slope"
"317","TFAP2E","Mic P2RY12",0.192434772035993,3.71041595289487,0.096369477668476,0.756410516930452,0.983190954097967,0.995414674993652,"cognps_random_slope"
"318","PSMB2","Mic P2RY12",-0.127259807067989,4.87933243665919,0.11265198855043,0.887775682519454,0.999765323016076,0.999791880761836,"cognps_random_slope"
"319","C1orf216","Mic P2RY12",0.233202450738222,4.03821947508929,0.191659343458814,0.661801948271245,0.956551296261413,0.974435088363877,"cognps_random_slope"
"320","CLSPN","Mic P2RY12",-0.88069031588993,3.03892237435938,0.926188778589454,0.336501871246208,0.789802354294789,0.84478471300065,"cognps_random_slope"
"321","AGO4","Mic P2RY12",-0.166440696320934,7.99579059546507,0.492895520691945,0.483092637860845,0.881429475600999,0.916739510069731,"cognps_random_slope"
"322","AGO1","Mic P2RY12",-0.284256265909942,5.84252646347788,0.832411402665846,0.580068534787334,0.927107742697869,0.951730333765552,"cognps_random_slope"
"323","AGO3","Mic P2RY12",-0.194476772788089,7.86022362716143,1.01252097901958,0.314976198388136,0.770261998566852,0.829537614030808,"cognps_random_slope"
"324","AL138787.2","Mic P2RY12",-0.743970734337045,3.40412292994867,0.868388067784104,0.352027114112179,0.800423560250359,0.85222334072829,"cognps_random_slope"
"325","ADPRHL2","Mic P2RY12",0.0977133478487368,4.80615564412307,0.0389418936581588,0.843675307444599,0.999765323016076,0.999791880761836,"cognps_random_slope"
"326","COL8A2","Mic P2RY12",-1.43867783970037,4.90515425061338,11.7857423052518,0.000666409301634436,0.0544545795805066,0.0813394790417856,"cognps_random_slope"
"327","TRAPPC3","Mic P2RY12",0.623887817136591,4.95178333703345,2.74963216647216,0.0981487302832364,0.536413249822253,0.622624745113121,"cognps_random_slope"
"328","MAP7D1","Mic P2RY12",-0.121089285776273,5.57754525436156,0.151275361529253,0.69754972620026,0.9695262698091,0.984989885855413,"cognps_random_slope"
"329","THRAP3","Mic P2RY12",-0.271411638517363,7.26008894949891,1.79316101819735,0.18138725168561,0.657320324456154,0.729724409217001,"cognps_random_slope"
"330","EVA1B","Mic P2RY12",-0.415138781918629,3.03739836732408,0.24081801634667,0.62391522015277,0.945004622326151,0.965675256672258,"cognps_random_slope"
"331","AL591845.1","Mic P2RY12",1.36089056115799,3.37527626833788,3.2718834967709,0.0713116714323735,0.481432815573689,0.571978509732139,"cognps_random_slope"
"332","STK40","Mic P2RY12",-0.127110379509999,6.27417540506679,0.148875965582952,0.699839995075027,0.969981065546437,0.98526570223945,"cognps_random_slope"
"333","LSM10","Mic P2RY12",-0.981877922348183,4.02093374033911,2.97452003194853,0.0854444232590165,0.509813319721318,0.59589480129502,"cognps_random_slope"
"334","OSCP1","Mic P2RY12",0.903150787852165,3.3419155227655,1.56388180004092,0.211910793872829,0.692032617931702,0.758278026388146,"cognps_random_slope"
"335","MRPS15","Mic P2RY12",-0.43552127044642,3.8096442606449,0.62421402122649,0.430006268868792,0.848426679786615,0.891930865479931,"cognps_random_slope"
"336","CSF3R","Mic P2RY12",-0.465135380268786,8.65279892368377,2.35147062363509,0.126044103656402,0.585608532961558,0.664048393200486,"cognps_random_slope"
"337","LINC01137","Mic P2RY12",0.460533212611217,3.11775708626903,0.361516233868396,0.548044157799093,0.91189570676601,0.940046630323137,"cognps_random_slope"
"338","ZC3H12A","Mic P2RY12",-1.87793486709581,2.85164395240473,4.07667156914903,0.0442207840514022,0.398437123319743,0.492235156926348,"cognps_random_slope"
"339","MEAF6","Mic P2RY12",0.377413232095021,5.09296973174307,1.2774275363708,0.281337847731077,0.750907838952912,0.811474754307675,"cognps_random_slope"
"340","SNIP1","Mic P2RY12",0.0522748549034344,3.99850571641949,0.010652362755375,0.917853606934552,0.999765323016076,0.999791880761836,"cognps_random_slope"
"341","GNL2","Mic P2RY12",0.180083016478033,4.85611602035185,0.208857316540018,0.860502749795142,0.999765323016076,0.999791880761836,"cognps_random_slope"
"342","C1orf109","Mic P2RY12",1.16242765040535,3.70345533498797,4.01893724559729,0.0457412173124263,0.403540522188166,0.497940967797513,"cognps_random_slope"
"343","C1orf122","Mic P2RY12",-0.382698696052788,4.3448238949782,0.506903047254892,0.476944190549972,0.878923143228847,0.914806467905481,"cognps_random_slope"
"344","MTF1","Mic P2RY12",-0.0430284217074535,5.33421394870962,0.0118018167588465,0.913551660861949,0.999765323016076,0.999791880761836,"cognps_random_slope"
"345","AL929472.2","Mic P2RY12",-0.219371101874861,3.24970996753894,0.0656169083601922,0.797975320432678,0.992143902613387,0.999791880761836,"cognps_random_slope"
"346","INPP5B","Mic P2RY12",0.157443124991668,6.66541958855044,0.220854909825076,0.638674133308541,0.950271487556261,0.970357720549608,"cognps_random_slope"
"347","SF3A3","Mic P2RY12",-1.06005053200624,5.5417629399846,9.04780961997499,0.00281527944839867,0.11004659914288,0.157590933623265,"cognps_random_slope"
"348","FHL3","Mic P2RY12",-1.0629554087687,4.17408709215881,3.44409877873901,0.0642959083110386,0.463490837695658,0.554562902775347,"cognps_random_slope"
"349","UTP11","Mic P2RY12",0.478644634911129,3.6474972682611,0.593738879935884,0.44148285096818,0.856283535983253,0.897592791327557,"cognps_random_slope"
"350","AL139158.2","Mic P2RY12",0.708578360449702,2.63553959562099,0.431275624613741,0.511783691291686,0.89407029683221,0.928002405525349,"cognps_random_slope"
"351","RRAGC","Mic P2RY12",-0.887834881250362,4.69555865023435,5.20807059504303,0.0230657832648966,0.297220738505179,0.386522391137933,"cognps_random_slope"
"352","AL139260.1","Mic P2RY12",-0.196357514046759,5.95858606365612,0.30462356598577,0.581341081396434,0.927859733775962,0.9522571873954,"cognps_random_slope"
"353","RHBDL2","Mic P2RY12",0.361152039257236,3.09027933390019,0.193598101911105,0.660202982993256,0.955868868241869,0.973975715718827,"cognps_random_slope"
"354","AKIRIN1","Mic P2RY12",-0.138196299075213,5.7196447477489,0.245829092737445,0.620330230800885,0.943281902324893,0.964575721805438,"cognps_random_slope"
"355","NDUFS5","Mic P2RY12",0.223031768627472,4.70087700630544,0.149290392991845,0.699442907652511,0.969875123707854,0.985250881163752,"cognps_random_slope"
"356","MACF1","Mic P2RY12",0.150909000548472,9.24007008787436,0.610866397441981,0.434976018995293,0.851842000059713,0.894354947201805,"cognps_random_slope"
"357","PABPC4","Mic P2RY12",-0.693766213070435,5.75955277595302,4.10412576926947,0.0435166125967046,0.395366864683687,0.48915845656095,"cognps_random_slope"
"358","HPCAL4","Mic P2RY12",0.941236895907256,3.13143851280352,1.18772913552214,0.276517806192682,0.747729838698361,0.807787550604954,"cognps_random_slope"
"359","PPIE","Mic P2RY12",0.342975722674571,4.286584607598,0.498584099828442,0.480580091638313,0.880619779516585,0.916617425491717,"cognps_random_slope"
"360","TRIT1","Mic P2RY12",-0.392926638510547,5.60614972430692,1.52083829608808,0.4049578112728,0.832587827418286,0.880198242323207,"cognps_random_slope"
"361","MFSD2A","Mic P2RY12",-1.06619349414015,4.01226629768931,2.50609715163792,0.114285465280527,0.567770207151418,0.649688862805022,"cognps_random_slope"
"362","CAP1","Mic P2RY12",-0.853765810374221,7.02602663019792,12.686557930655,0.00041784839525948,0.0414784173694243,0.0628026138074998,"cognps_random_slope"
"363","PPT1","Mic P2RY12",-0.412885796612339,6.30154847604306,1.61068725737043,0.205215970728478,0.686495063338076,0.752781330958922,"cognps_random_slope"
"364","RLF","Mic P2RY12",-0.386237991587646,7.69646293752223,1.29810885535257,0.255317268795338,0.731366298748306,0.792303485302201,"cognps_random_slope"
"365","AL050341.2","Mic P2RY12",1.59385565158905,3.02334728853684,3.71496558393809,0.0547140809299647,0.436313933844455,0.529113286354637,"cognps_random_slope"
"366","ZMPSTE24","Mic P2RY12",-0.485225187689713,5.24298274834676,2.37069261820412,0.124511579087327,0.58309766314855,0.661528543182131,"cognps_random_slope"
"367","COL9A2","Mic P2RY12",-0.315387043279478,5.31117721775792,0.314149275209815,0.575494115787293,0.924900775009009,0.950322446996267,"cognps_random_slope"
"368","SMAP2","Mic P2RY12",-0.586575569092357,9.42316648315027,1.98960104623269,0.159246971627683,0.62960268995345,0.706937631044709,"cognps_random_slope"
"369","ZFP69B","Mic P2RY12",-0.505891706569388,2.97248838910923,0.32811153590356,0.749179812886628,0.982244103840787,0.994674014762625,"cognps_random_slope"
"370","AL603839.3","Mic P2RY12",0.00474713610300732,4.97986668414446,0.000126772134978611,0.991485245733686,0.999765323016076,0.999791880761836,"cognps_random_slope"
"371","EXO5","Mic P2RY12",-0.0796666390444173,3.12561230647578,0.0108940286562408,0.916930371849193,0.999765323016076,0.999791880761836,"cognps_random_slope"
"372","ZNF684","Mic P2RY12",-0.522812312259718,3.73085471011676,0.801572553335185,0.37122246083891,0.812104761618872,0.863532460737016,"cognps_random_slope"
"373","RIMS3","Mic P2RY12",0.820491380104261,3.82486096878783,1.92997342451265,0.165620927358833,0.637054724342046,0.714425626513891,"cognps_random_slope"
"374","NFYC-AS1","Mic P2RY12",-1.46579175839199,2.70883315123707,2.4602592666063,0.117638932601817,0.574339081039999,0.65374969977267,"cognps_random_slope"
"375","NFYC","Mic P2RY12",-0.141638567257008,6.71840010950644,0.331990507222389,0.577095242758443,0.925410236712444,0.950961913137039,"cognps_random_slope"
"376","CTPS1","Mic P2RY12",-1.07571590060001,4.85900963382551,3.57105704708496,0.0595989278345439,0.451489673211262,0.544299908237831,"cognps_random_slope"
"377","SLFNL1-AS1","Mic P2RY12",-1.04936197643047,3.65332087407127,2.94109584425087,0.087213564788858,0.513808976371187,0.599371981462588,"cognps_random_slope"
"378","SLFNL1","Mic P2RY12",-0.538042701276936,3.41455358296667,0.412062312621587,0.521333557813658,0.898340106501328,0.930932475481216,"cognps_random_slope"
"379","SCMH1","Mic P2RY12",-0.215325830452694,7.46944468662402,0.678875530814577,0.410520291006985,0.836655446793785,0.883292616507662,"cognps_random_slope"
"380","AC093151.3","Mic P2RY12",-0.970764361271682,2.80553787183755,0.7984747674978,0.372147363389359,0.812900866630937,0.864242100083755,"cognps_random_slope"
"381","HIVEP3","Mic P2RY12",0.139734530117575,9.47096391738993,0.124858931295733,0.724030232817886,0.976701705810179,0.992103026315284,"cognps_random_slope"
"382","FOXJ3","Mic P2RY12",-0.144742094123735,7.60585532093699,0.584542700598543,0.445038590785404,0.858124051095711,0.89937208939198,"cognps_random_slope"
"383","RIMKLA","Mic P2RY12",1.44625491483054,2.95521685940533,2.03312325308285,0.15477147371284,0.6245385483968,0.702925639576145,"cognps_random_slope"
"384","PPCS","Mic P2RY12",0.309658127587083,4.56106770038449,0.547457551847939,0.474719837370702,0.877490942756513,0.913824121892554,"cognps_random_slope"
"385","CCDC30","Mic P2RY12",-0.41853445136184,5.89339180130798,0.806918440423355,0.369633896175256,0.812104761618872,0.863532460737016,"cognps_random_slope"
"386","PPIH","Mic P2RY12",-0.323713935871677,4.65688068045279,0.551188817410371,0.45831698438268,0.866155113201564,0.906779851944494,"cognps_random_slope"
"387","YBX1","Mic P2RY12",-0.739820687023058,5.76807621143214,4.42114199212965,0.0361908834130437,0.363338654152595,0.456392382223837,"cognps_random_slope"
"388","P3H1","Mic P2RY12",-0.0795420688497239,4.79931041204596,0.0368170204527512,0.92632490287462,0.999765323016076,0.999791880761836,"cognps_random_slope"
"389","AC098484.3","Mic P2RY12",0.323438246499056,2.89663089276969,0.14163701168076,0.706880925602621,0.973207309924008,0.988147350124586,"cognps_random_slope"
"390","SVBP","Mic P2RY12",0.163669532668583,4.37897531189452,0.0998022308415002,0.752250357922887,0.982244103840787,0.994674014762625,"cognps_random_slope"
"391","ERMAP","Mic P2RY12",-0.386725123726073,6.02774658565024,1.18657456941938,0.276750988727996,0.747729838698361,0.807787550604954,"cognps_random_slope"
"392","AL512353.1","Mic P2RY12",-0.468221048230603,2.80925114408475,0.251549179307765,0.616293244540314,0.941297671539177,0.963917775753802,"cognps_random_slope"
"393","ZNF691","Mic P2RY12",0.229077868979325,4.46942973514583,0.228162783658655,0.908257008079589,0.999765323016076,0.999791880761836,"cognps_random_slope"
"394","SLC2A1","Mic P2RY12",1.18143994011275,3.27267083579394,1.1311617016258,0.288241297155979,0.754255972880221,0.814647163364235,"cognps_random_slope"
"395","EBNA1BP2","Mic P2RY12",0.577486439607837,3.71748492290877,0.979266143163744,0.421325737984761,0.842889500934136,0.88795521245212,"cognps_random_slope"
"396","CFAP57","Mic P2RY12",1.21727189530837,2.47197868803357,1.18385826209524,0.277300568348676,0.74846020472117,0.808658816895732,"cognps_random_slope"
"397","AL139289.2","Mic P2RY12",0.516446093692728,3.21369551177588,0.452760521178609,0.501459066992937,0.889628842223565,0.924198481408281,"cognps_random_slope"
"398","ELOVL1","Mic P2RY12",-0.476949330348436,4.34335726356217,0.815879566296724,0.366992263360186,0.811695547332869,0.862405100667332,"cognps_random_slope"
"399","MED8","Mic P2RY12",0.197169214552433,4.041596319831,0.14129767858558,0.945441548743744,0.999765323016076,0.999791880761836,"cognps_random_slope"
"400","SZT2","Mic P2RY12",-0.373284238337361,5.83386398275092,1.60190860434354,0.206452288009489,0.687744684414312,0.753550718449413,"cognps_random_slope"
"401","HYI","Mic P2RY12",-0.421059520667402,3.85410020647253,0.554161088125464,0.457108589063043,0.865510720220435,0.905764164095184,"cognps_random_slope"
"402","PTPRF","Mic P2RY12",0.311828404032252,3.12715902869897,0.16481922385743,0.684999231085378,0.96526547799949,0.981938174288632,"cognps_random_slope"
"403","KDM4A-AS1","Mic P2RY12",0.113741814212735,2.83034962184535,0.0125609651111217,0.910825904285238,0.999765323016076,0.999791880761836,"cognps_random_slope"
"404","AL451062.1","Mic P2RY12",-1.29462929959196,2.59992743071465,1.67519126803963,0.196395135026097,0.674670906045816,0.743156817583646,"cognps_random_slope"
"405","AL357079.1","Mic P2RY12",0.65102630081354,3.1061437436914,0.656728963231897,0.418253053398528,0.840842622701204,0.886631072410881,"cognps_random_slope"
"406","IPO13","Mic P2RY12",0.0945801682756769,3.79529668626408,0.0246015336612629,0.875452060332122,0.999765323016076,0.999791880761836,"cognps_random_slope"
"407","DPH2","Mic P2RY12",0.174762052304666,3.07405404730521,0.0398814900738122,0.841825342809616,0.999765323016076,0.999791880761836,"cognps_random_slope"
"408","ATP6V0B","Mic P2RY12",-0.197677196594326,6.45621667664816,0.33902280780056,0.560758665633053,0.920002061148461,0.946258818399626,"cognps_random_slope"
"409","B4GALT2","Mic P2RY12",0.505930388301438,3.25814012865853,0.420587012474915,0.517058164330438,0.895394436609966,0.928751097919475,"cognps_random_slope"
"410","CCDC24","Mic P2RY12",1.09378754978179,3.944030013101,3.89492531165624,0.0491973400945074,0.417730261303381,0.510316389867414,"cognps_random_slope"
"411","AL139220.2","Mic P2RY12",1.50192029938573,3.95972356160973,3.97823562569575,0.0468462819017784,0.407589519813096,0.501503703102968,"cognps_random_slope"
"412","DMAP1","Mic P2RY12",-0.0329625017399174,4.33859720665493,0.0053649064971304,0.94165146304105,0.999765323016076,0.999791880761836,"cognps_random_slope"
"413","ERI3","Mic P2RY12",0.461365821996999,6.78908412182156,2.75196537825827,0.0980067843802466,0.536413249822253,0.622624745113121,"cognps_random_slope"
"414","RNF220","Mic P2RY12",-0.177203456614248,5.35598368690085,0.177278689902635,0.673973912985604,0.962173687857684,0.979547567577388,"cognps_random_slope"
"415","TMEM53","Mic P2RY12",0.504681310040511,3.17531835983096,0.372613116285771,0.541968883381394,0.910123298286075,0.939148122050431,"cognps_random_slope"
"416","ARMH1","Mic P2RY12",-1.90808882569998,5.17297201793811,10.3302673091942,0.00142700638791504,0.0810309856120739,0.11531132263636,"cognps_random_slope"
"417","RPS8","Mic P2RY12",-0.535194114246085,6.221968389597,1.50335760879377,0.220957706211346,0.701884026970417,0.766274263749453,"cognps_random_slope"
"418","PLK3","Mic P2RY12",-0.593007367799232,6.16035315309958,1.45867693487527,0.22793441446038,0.709370433855911,0.772052490085527,"cognps_random_slope"
"419","BTBD19","Mic P2RY12",-0.336665960159007,5.04809569854367,0.323985970470921,0.569577333464937,0.923355952776136,0.949073872389288,"cognps_random_slope"
"420","PTCH2","Mic P2RY12",0.175043575268636,3.86513198221627,0.0894881604262797,0.765001662798573,0.984801852369229,0.996415881205952,"cognps_random_slope"
"421","EIF2B3","Mic P2RY12",0.122149976002816,6.98097638658966,0.138857258366128,0.709639217834296,0.9734747833143,0.988801988014474,"cognps_random_slope"
"422","HECTD3","Mic P2RY12",-0.0517567730027992,3.97207124272665,0.011043444582881,0.916364730866939,0.999765323016076,0.999791880761836,"cognps_random_slope"
"423","UROD","Mic P2RY12",-0.602829743435091,3.79561687799688,1.09115017358095,0.296918132350613,0.760852419694021,0.821386151708703,"cognps_random_slope"
"424","ZSWIM5","Mic P2RY12",0.901024088246428,4.64563959151171,2.5625475297994,0.110300169576364,0.56065247266128,0.644627053842235,"cognps_random_slope"
"425","MUTYH","Mic P2RY12",0.499775245096553,4.29615060813259,1.13567261623496,0.287283521782171,0.754255972880221,0.814647163364235,"cognps_random_slope"
"426","TOE1","Mic P2RY12",0.0783410959250045,3.3260162971893,0.0138140474668228,0.90650316917641,0.999765323016076,0.999791880761836,"cognps_random_slope"
"427","TESK2","Mic P2RY12",-0.351887105636389,5.53210772153024,0.790993004681589,0.374394555072119,0.814755023144117,0.865893028734195,"cognps_random_slope"
"428","MMACHC","Mic P2RY12",-1.25507331486058,2.84058227997743,2.0979743230071,0.148365728555564,0.615096191273602,0.692284318170619,"cognps_random_slope"
"429","PRDX1","Mic P2RY12",-0.727780113845397,5.15480826484799,2.45100276663463,0.118329292233449,0.575619759730735,0.655064952022695,"cognps_random_slope"
"430","AKR1A1","Mic P2RY12",0.118286024494491,6.7824420087802,0.197086993740159,0.657349484198835,0.955612931885691,0.973592644066785,"cognps_random_slope"
"431","NASP","Mic P2RY12",0.236219072612388,6.85003157934444,0.469187720513785,0.493802327609053,0.884891066701007,0.920292095225767,"cognps_random_slope"
"432","GPBP1L1","Mic P2RY12",-0.168309979473154,7.73352225867052,0.658178067716586,0.417740493122966,0.840787365511229,0.886483329915441,"cognps_random_slope"
"433","TMEM69","Mic P2RY12",-0.0343333808942965,4.34911588678555,0.00554432270210582,0.940685601684675,0.999765323016076,0.999791880761836,"cognps_random_slope"
"434","IPP","Mic P2RY12",0.28790315159006,3.48189568371669,0.232350349193756,0.630079751023701,0.947766510817256,0.9679212910507,"cognps_random_slope"
"435","MAST2","Mic P2RY12",0.00221887645750782,6.62947988080991,6.91078677581776e-05,0.993371780435156,0.999765323016076,0.999791880761836,"cognps_random_slope"
"436","POMGNT1","Mic P2RY12",0.220713526557069,4.47256261182328,0.306565513866815,0.580139485779026,0.927107742697869,0.951730333765552,"cognps_random_slope"
"437","LURAP1","Mic P2RY12",1.88709471250289,4.28339015778588,6.87642726442525,0.00910526211583036,0.191181134368775,0.262039569451108,"cognps_random_slope"
"438","LRRC41","Mic P2RY12",-0.2125006703207,5.36657090031729,0.406307942533217,0.524255016551083,0.900642733823573,0.932130958634337,"cognps_random_slope"
"439","UQCRH","Mic P2RY12",0.0803579192659231,5.4164328943394,0.0505852809850013,0.82217569381737,0.996726931048618,0.999791880761836,"cognps_random_slope"
"440","NSUN4","Mic P2RY12",-0.588220996391304,5.16463931713641,2.66792455633782,0.103264600488602,0.54513503538567,0.630351712301465,"cognps_random_slope"
"441","FAAH","Mic P2RY12",0.513236455019101,3.43301855955575,0.543855634325444,0.461320089297066,0.867857487875631,0.907803576517925,"cognps_random_slope"
"442","MKNK1-AS1","Mic P2RY12",0.104550108291823,3.81488855518925,0.013999540135168,0.905880445070583,0.999765323016076,0.999791880761836,"cognps_random_slope"
"443","MKNK1","Mic P2RY12",0.516168540098924,8.92732279923336,2.99383948726117,0.0844396527884651,0.507375146962932,0.594787555439735,"cognps_random_slope"
"444","ATPAF1","Mic P2RY12",0.123781991046077,5.22000088662928,0.12160124241723,0.727508322835078,0.977594945023934,0.992716167586774,"cognps_random_slope"
"445","EFCAB14","Mic P2RY12",-0.232453167572701,6.09211149179495,0.876996747391449,0.349654008655466,0.799064353682112,0.850463871522008,"cognps_random_slope"
"446","CYP4A22-AS1","Mic P2RY12",1.47233778679705,2.59628187149232,1.51939098565578,0.218516875575671,0.699222695699515,0.764503873347844,"cognps_random_slope"
"447","TAL1","Mic P2RY12",-0.426518294867945,7.13323566564207,1.77186223124573,0.183995014640671,0.660489450660251,0.731666032451923,"cognps_random_slope"
"448","STIL","Mic P2RY12",-0.665287537158888,2.96830055171655,0.58846207535228,0.443517750927489,0.857535908264216,0.898715413864843,"cognps_random_slope"
"449","CMPK1","Mic P2RY12",-0.25603503850238,5.61340246977324,0.694044868974026,0.405344903505647,0.832622172268421,0.880225471925911,"cognps_random_slope"
"450","SLC5A9","Mic P2RY12",-0.140833778565011,3.62531721713932,0.0226722948135538,0.880396805210092,0.999765323016076,0.999791880761836,"cognps_random_slope"
"451","SPATA6","Mic P2RY12",-0.696725002358804,8.48738208280563,1.69273413108111,0.194073905426349,0.672384800056491,0.7412986548031,"cognps_random_slope"
"452","AGBL4","Mic P2RY12",1.4840169073547,5.57144441484463,7.14892110197686,0.00784301373783055,0.175173711834445,0.242552461892167,"cognps_random_slope"
"453","ELAVL4","Mic P2RY12",1.65972163868721,5.58976787979377,8.9038134669917,0.00304020374244437,0.112603460402185,0.161109957859067,"cognps_random_slope"
"454","FAF1","Mic P2RY12",-0.0102361026881113,8.7352761664195,0.00337226473693513,0.953724164273018,0.999765323016076,0.999791880761836,"cognps_random_slope"
"455","RNF11","Mic P2RY12",-0.0505818985684225,5.42270699728623,0.0240941637424226,0.906225040595016,0.999765323016076,0.999791880761836,"cognps_random_slope"
"456","EPS15","Mic P2RY12",-0.625640020168177,8.75551132251562,4.61114056724572,0.0324328523189225,0.346166150645263,0.4390482733532,"cognps_random_slope"
"457","OSBPL9","Mic P2RY12",0.0161925600250792,7.33438220732873,0.00608692252716062,0.937856542377522,0.999765323016076,0.999791880761836,"cognps_random_slope"
"458","NRDC","Mic P2RY12",-0.300192736064704,8.01196984838596,2.14461847356519,0.143944196413624,0.609827374658516,0.68699278012833,"cognps_random_slope"
"459","TXNDC12","Mic P2RY12",0.385799500754282,5.34830566314621,1.50202559698536,0.221161950716446,0.702099898670114,0.766384288180492,"cognps_random_slope"
"460","BTF3L4","Mic P2RY12",0.0719951926577064,6.14454740253297,0.0647157143460462,0.799337482724598,0.992143902613387,0.999791880761836,"cognps_random_slope"
"461","ZFYVE9","Mic P2RY12",1.08818489950957,5.73080395819091,8.29757700697392,0.00420772562160952,0.134887370559063,0.18993212708763,"cognps_random_slope"
"462","CC2D1B","Mic P2RY12",-0.11755970312296,4.62809804517275,0.0920763415525511,0.761729396434986,0.983474436376928,0.995656514138613,"cognps_random_slope"
"463","ORC1","Mic P2RY12",-0.804675000131521,2.69040884398491,0.697211362689863,0.404276657595081,0.832341602155735,0.879768688653839,"cognps_random_slope"
"464","PRPF38A","Mic P2RY12",-0.293494907236773,4.46931362646294,0.439743568462109,0.514237780865947,0.894942542151003,0.92830484233112,"cognps_random_slope"
"465","TUT4","Mic P2RY12",-0.374390160442881,8.02431531412084,4.15830085635279,0.042161602748394,0.390738339164058,0.483813148416707,"cognps_random_slope"
"466","GPX7","Mic P2RY12",0.182857231419283,3.14936347394185,0.0516918845445056,0.820274187518432,0.996509327072296,0.999791880761836,"cognps_random_slope"
"467","SHISAL2A","Mic P2RY12",-0.840663536420069,5.21911529928667,1.52499556912208,0.217671290254504,0.698281577604405,0.764142105183633,"cognps_random_slope"
"468","COA7","Mic P2RY12",0.145205224763529,3.22183972905289,0.0383789221564269,0.950020164689533,0.999765323016076,0.999791880761836,"cognps_random_slope"
"469","ZYG11B","Mic P2RY12",0.0421112872413368,6.48550970430652,0.0274859450829459,0.868416277069857,0.999765323016076,0.999791880761836,"cognps_random_slope"
"470","ECHDC2","Mic P2RY12",0.523406408146208,6.5343436202911,3.04765018966555,0.0817080186100839,0.504556224153308,0.592563934205185,"cognps_random_slope"
"471","SCP2","Mic P2RY12",-0.095640230111494,6.41376702883869,0.123929387209765,0.725017413632908,0.976701705810179,0.992103026315284,"cognps_random_slope"
"472","CPT2","Mic P2RY12",-0.585274034459015,3.86547569459985,1.22593241630649,0.268939571065709,0.743281119606207,0.802780719814148,"cognps_random_slope"
"473","C1orf123","Mic P2RY12",-0.689484868258448,4.42601584031298,2.05337504387847,0.152737921021639,0.620900468101574,0.699183031356926,"cognps_random_slope"
"474","MAGOH","Mic P2RY12",0.00127488291236297,4.55098479014078,2.99743203101386e-05,0.995634734611833,0.999765323016076,0.999791880761836,"cognps_random_slope"
"475","LRP8","Mic P2RY12",0.0063507638978275,5.86577953584301,0.000164454831851808,0.989775324398108,0.999765323016076,0.999791880761836,"cognps_random_slope"
"476","LINC01771","Mic P2RY12",0.0416736549934078,2.99903882784852,0.0038405739070688,0.950619267416524,0.999765323016076,0.999791880761836,"cognps_random_slope"
"477","AC119428.2","Mic P2RY12",0.599784944246571,4.07198037911382,0.645637831511473,0.422207365310087,0.843046326294296,0.888150029380637,"cognps_random_slope"
"478","GLIS1","Mic P2RY12",1.54509529866433,2.49091744270894,1.98146056332533,0.160100383279778,0.629919329516237,0.707044689724307,"cognps_random_slope"
"479","NDC1","Mic P2RY12",-0.161372861302309,5.39886873957272,0.172732637621227,0.677942431944206,0.963032358317531,0.980096514019067,"cognps_random_slope"
"480","YIPF1","Mic P2RY12",0.546303762289536,5.54879424099432,2.92444331518819,0.088109812679848,0.515615545730412,0.601221466969484,"cognps_random_slope"
"481","HSPB11","Mic P2RY12",0.142724278780803,5.53118995629933,0.197362643535725,0.814497198347985,0.994957963721761,0.999791880761836,"cognps_random_slope"
"482","LRRC42","Mic P2RY12",0.0893894695855354,3.56783993340339,0.0215038930826021,0.990804190503847,0.999765323016076,0.999791880761836,"cognps_random_slope"
"483","TMEM59","Mic P2RY12",0.0560669915559088,6.10698116763241,0.0388933404137842,0.92489938571835,0.999765323016076,0.999791880761836,"cognps_random_slope"
"484","TCEANC2","Mic P2RY12",-0.356247150335518,4.9296569109862,0.636310609128089,0.425576327469428,0.845913432871226,0.889956247360936,"cognps_random_slope"
"485","MRPL37","Mic P2RY12",0.188780465346557,3.77423236876935,0.12515544482493,0.905333796551065,0.999765323016076,0.999791880761836,"cognps_random_slope"
"486","SSBP3","Mic P2RY12",0.173172256514063,6.38497187785415,0.176843807730027,0.674350939862281,0.962199792147255,0.979716963011078,"cognps_random_slope"
"487","ACOT11","Mic P2RY12",-1.29765071102782,5.24993138354299,3.26649413996827,0.0715440907279212,0.481432815573689,0.571978509732139,"cognps_random_slope"
"488","DHCR24","Mic P2RY12",1.77680102882512,3.35533282368182,5.11249300616285,0.0243511208149484,0.302717411911988,0.392982117947753,"cognps_random_slope"
"489","USP24","Mic P2RY12",-0.318123623340286,8.04414341633016,1.7302491107444,0.189217099976708,0.665830970747646,0.736802398418148,"cognps_random_slope"
"490","PLPP3","Mic P2RY12",-0.093719771417041,2.57001579571792,0.0094212420602282,0.922730367939175,0.999765323016076,0.999791880761836,"cognps_random_slope"
"491","PRKAA2","Mic P2RY12",2.43557295526748,3.0247405281018,6.16279409356575,0.0135020787954303,0.232878301111938,0.309632434303005,"cognps_random_slope"
"492","DAB1","Mic P2RY12",0.401963399170127,6.73125696588247,0.728740700853572,0.39385992148193,0.826125654684512,0.875697611683249,"cognps_random_slope"
"493","MYSM1","Mic P2RY12",-0.40443711236592,6.36684405342907,2.30456231869671,0.129873184500925,0.590176515936554,0.667766768819503,"cognps_random_slope"
"494","JUN","Mic P2RY12",-1.66773922061905,5.93214638955514,5.78811349328628,0.0166389618029384,0.253546675396606,0.335902780057516,"cognps_random_slope"
"495","LINC01135","Mic P2RY12",0.500533886104848,3.97797211680994,0.656606218509362,0.418296512278279,0.840842622701204,0.886631072410881,"cognps_random_slope"
"496","LINC01358","Mic P2RY12",0.0203410658246171,3.90307486822031,0.000654385121958668,0.979605767390544,0.999765323016076,0.999791880761836,"cognps_random_slope"
"497","FGGY","Mic P2RY12",-0.332003614639055,6.77444939514849,0.741418023949583,0.389780727008313,0.824594876226751,0.873243233725706,"cognps_random_slope"
"498","NFIA","Mic P2RY12",-0.0147640899829499,8.64133089927063,0.00244327696724291,0.960604447700575,0.999765323016076,0.999791880761836,"cognps_random_slope"
"499","TM2D1","Mic P2RY12",0.0042905196562016,6.39106335445393,0.000326765934332322,0.985587715532158,0.999765323016076,0.999791880761836,"cognps_random_slope"
"500","AC099791.2","Mic P2RY12",0.267359228804808,3.18462020149291,0.103015958686385,0.748426387005349,0.982244103840787,0.994674014762625,"cognps_random_slope"
"501","PATJ","Mic P2RY12",-0.195297332794945,5.55611039225323,0.22061174175637,0.638858860404021,0.950271487556261,0.970357720549608,"cognps_random_slope"
"502","USP1","Mic P2RY12",-0.477660475332346,4.14498867795554,0.928428771088268,0.33591898995955,0.789347779142194,0.844668037992199,"cognps_random_slope"
"503","DOCK7","Mic P2RY12",-0.123885436649237,6.94037428339823,0.205054097052886,0.650944946934727,0.95432062102672,0.973300457384016,"cognps_random_slope"
"504","ATG4C","Mic P2RY12",0.25174132438256,7.34166045030088,0.568800506040246,0.45122949395222,0.86323004260581,0.903942504101013,"cognps_random_slope"
"505","ALG6","Mic P2RY12",0.625686836097512,4.49810509040752,1.90760175213631,0.168087490797227,0.639771512789088,0.717112545846745,"cognps_random_slope"
"506","ITGB3BP","Mic P2RY12",0.847809841312897,5.65776024063098,2.15105872722287,0.143345498463725,0.609827374658516,0.68699278012833,"cognps_random_slope"
"507","EFCAB7","Mic P2RY12",0.584596655007056,4.91858330086374,1.53339553611187,0.21641127041857,0.697313641471329,0.762700029949455,"cognps_random_slope"
"508","PGM1","Mic P2RY12",-0.700667419373656,5.00130305129567,0.993139663941131,0.319646279019268,0.774041290465206,0.832055998512576,"cognps_random_slope"
"509","ROR1","Mic P2RY12",1.35310571949011,2.71731857582325,1.47420414989485,0.225480248656885,0.706583534051226,0.769637329131246,"cognps_random_slope"
"510","RAVER2","Mic P2RY12",2.17191522629512,2.81393821476536,4.26005066136533,0.0397356109830867,0.378731808523716,0.472988040978717,"cognps_random_slope"
"511","JAK1","Mic P2RY12",-0.0100576280208254,7.58330083667296,0.00150078330782382,0.969119222255928,0.999765323016076,0.999791880761836,"cognps_random_slope"
"512","AK4","Mic P2RY12",1.21974204216664,3.01875374427082,1.02903105602102,0.311068337968062,0.769107077146114,0.82860725412079,"cognps_random_slope"
"513","DNAJC6","Mic P2RY12",0.926974229637881,4.52111848502378,2.27280672588134,0.132539197126083,0.592821635007631,0.670437225638243,"cognps_random_slope"
"514","LEPR","Mic P2RY12",1.02278363058595,6.31684073473529,4.18316589214352,0.0415546709015717,0.388599379729277,0.482085645997451,"cognps_random_slope"
"515","PDE4B","Mic P2RY12",-0.297026551995412,8.78374817480367,0.240767330542418,0.623951717185397,0.945004622326151,0.965675256672258,"cognps_random_slope"
"516","SGIP1","Mic P2RY12",2.25448491498642,3.86366051905466,9.82054256524298,0.00186749980662602,0.0940409326866918,0.134677534591782,"cognps_random_slope"
"517","TCTEX1D1","Mic P2RY12",-0.352454269583282,3.02159426384571,0.117042613246115,0.732464257986184,0.978584259106735,0.993104440403251,"cognps_random_slope"
"518","WDR78","Mic P2RY12",0.0787137733625406,3.26657033817018,0.0110165611629744,0.916466216177736,0.999765323016076,0.999791880761836,"cognps_random_slope"
"519","MIER1","Mic P2RY12",-0.463132558328836,6.79936923849096,4.32657415627728,0.0382294122043111,0.373214640522512,0.46674034858797,"cognps_random_slope"
"520","SLC35D1","Mic P2RY12",-0.326685922368197,5.27286393631264,0.730729000145186,0.92593914781023,0.999765323016076,0.999791880761836,"cognps_random_slope"
"521","IL12RB2","Mic P2RY12",-0.227882294842046,2.79344060714763,0.0522555350192927,0.81931387781013,0.995613463595715,0.999791880761836,"cognps_random_slope"
"522","SERBP1","Mic P2RY12",-0.112087929723152,6.00369817106166,0.157090785672634,0.692084271137744,0.967517350043491,0.984108476367104,"cognps_random_slope"
"523","GNG12","Mic P2RY12",-1.1665459601332,3.04436451003197,1.19119410102395,0.275819488593293,0.747595304395617,0.807469550139811,"cognps_random_slope"
"524","GNG12-AS1","Mic P2RY12",-0.904643856585878,3.68203005535562,1.11687197094109,0.291302389339166,0.756157462097483,0.817350636919913,"cognps_random_slope"
"525","WLS","Mic P2RY12",0.429133655090437,5.9323634723016,0.692685740607303,0.405804685545477,0.833055850336235,0.880758600159611,"cognps_random_slope"
"526","LRRC7","Mic P2RY12",1.90104889420318,5.3828249904881,8.57382576767469,0.00362748836230836,0.122276298655006,0.175846160577295,"cognps_random_slope"
"527","LRRC40","Mic P2RY12",-0.0616100494491934,5.20351515060077,0.036842302030604,0.847894805721071,0.999765323016076,0.999791880761836,"cognps_random_slope"
"528","SRSF11","Mic P2RY12",-0.304657718918823,7.93823774714531,2.05818739537579,0.152259176928916,0.620756078498451,0.698409591833656,"cognps_random_slope"
"529","ANKRD13C","Mic P2RY12",-0.289725259467857,6.55924603958832,1.37999152555052,0.240879831378389,0.722596547171085,0.783487184958207,"cognps_random_slope"
"530","HHLA3","Mic P2RY12",1.37044739655182,3.40255471216921,3.65311128984629,0.0567592256659064,0.442484225217459,0.535850731185979,"cognps_random_slope"
"531","ZRANB2","Mic P2RY12",-0.123235211677881,7.36970810260268,0.351663378834515,0.553545766886327,0.915245752257084,0.943038811492407,"cognps_random_slope"
"532","NEGR1","Mic P2RY12",2.15313594941475,5.90649116588289,11.6351495550355,0.000720723979074978,0.0563778321268805,0.0832326611141148,"cognps_random_slope"
"533","ERICH3","Mic P2RY12",1.36313998270497,3.13631548749666,2.41907314302301,0.120745391429584,0.580009673307368,0.660503517595267,"cognps_random_slope"
"534","CRYZ","Mic P2RY12",0.611028097392967,4.29749805632122,0.696450479113086,0.404532972486286,0.832587827418286,0.880072938792175,"cognps_random_slope"
"535","TYW3","Mic P2RY12",0.101551786336695,4.93123516664852,0.0620477614384565,0.805431108933052,0.993231645669267,0.999791880761836,"cognps_random_slope"
"536","SLC44A5","Mic P2RY12",2.20839312344093,3.65104379933055,8.58345040631059,0.00360881560994394,0.122276298655006,0.175846160577295,"cognps_random_slope"
"537","ACADM","Mic P2RY12",-0.0113569814376906,5.80631319131598,0.00162161404264226,0.967900799602643,0.999765323016076,0.999791880761836,"cognps_random_slope"
"538","RABGGTB","Mic P2RY12",-0.458280756531372,4.89228535026031,1.0391917961409,0.308694796636391,0.76785366002022,0.827095076785596,"cognps_random_slope"
"539","MSH4","Mic P2RY12",0.245298464575421,4.63452081016392,0.110163301505365,0.740151646923372,0.980449437178806,0.994247512606934,"cognps_random_slope"
"540","AC092813.1","Mic P2RY12",1.18359577120377,2.52419327854971,0.791191480884423,0.374334695851092,0.814755023144117,0.865893028734195,"cognps_random_slope"
"541","ST6GALNAC3","Mic P2RY12",-0.251801669721228,10.4477863036988,0.303615882304695,0.581966564914042,0.927859733775962,0.9522571873954,"cognps_random_slope"
"542","ST6GALNAC5","Mic P2RY12",2.48017108780375,4.08993096956111,11.0508258546633,0.000977686534173974,0.0658390816304795,0.0958345344041402,"cognps_random_slope"
"543","PIGK","Mic P2RY12",0.124253111164241,5.493909124361,0.14951369816415,0.699229208398021,0.969804265685207,0.98522366711326,"cognps_random_slope"
"544","AK5","Mic P2RY12",1.57754156331103,4.69931756251655,6.46958384872575,0.0113915879342852,0.210273650010132,0.282845099095219,"cognps_random_slope"
"545","AC118549.1","Mic P2RY12",0.00721116737358656,7.40855520131314,0.00122183599254694,0.972135199709525,0.999765323016076,0.999791880761836,"cognps_random_slope"
"546","USP33","Mic P2RY12",-0.152296170120172,7.45535733018985,0.538699408381624,0.463450467751065,0.869358863148379,0.909355160613382,"cognps_random_slope"
"547","MIGA1","Mic P2RY12",0.00266358836407031,6.44773313957576,0.000113754503816119,0.991496177253213,0.999765323016076,0.999791880761836,"cognps_random_slope"
"548","NEXN","Mic P2RY12",-0.13721599237836,3.47887858778012,0.0346256551285656,0.852487174749172,0.999765323016076,0.999791880761836,"cognps_random_slope"
"549","FUBP1","Mic P2RY12",0.140725939934014,7.06426993314486,0.3726640352127,0.667134779499938,0.959123036559146,0.976330303105061,"cognps_random_slope"
"550","GIPC2","Mic P2RY12",0.711215301973983,4.5315437561051,0.940478255742317,0.332806644685436,0.786238976833239,0.842175652315656,"cognps_random_slope"
"551","AC103591.3","Mic P2RY12",-1.07991955778926,3.43275129298515,0.933578301971983,0.334584129365045,0.787534324730273,0.84346889010648,"cognps_random_slope"
"552","IFI44L","Mic P2RY12",1.76128108091649,7.47752870308086,3.69044798080366,0.0555151783593294,0.438396526336696,0.531235015327284,"cognps_random_slope"
"553","IFI44","Mic P2RY12",0.326695877829585,6.06941535048573,0.283061149462325,0.595030330407631,0.934544165252417,0.957748883630577,"cognps_random_slope"
"554","ADGRL2","Mic P2RY12",1.47597878221274,4.35987643200817,4.8388550190945,0.0284610655719128,0.325710281579166,0.418159305727706,"cognps_random_slope"
"555","LINC01362","Mic P2RY12",0.0510957837811001,2.96282897409159,0.00308916611860505,0.987774558169273,0.999765323016076,0.999791880761836,"cognps_random_slope"
"556","LINC01725","Mic P2RY12",1.1189926654958,2.93507030285368,1.61628850774342,0.204431714658747,0.685754545216988,0.751904213970972,"cognps_random_slope"
"557","TTLL7","Mic P2RY12",2.08685797769113,5.15361821395117,10.6548745800276,0.00120312933370296,0.0745722769383174,0.105729831777795,"cognps_random_slope"
"558","PRKACB","Mic P2RY12",0.124685817720165,6.76177261570023,0.154100408758922,0.694879820959607,0.969233641714597,0.984989885855413,"cognps_random_slope"
"559","SAMD13","Mic P2RY12",0.560218222611463,3.10223250583195,0.384975188823913,0.535345540959902,0.906974871144605,0.936747958639949,"cognps_random_slope"
"560","RPF1","Mic P2RY12",0.108248915371148,4.46993176078313,0.054118743212268,0.920105141117515,0.999765323016076,0.999791880761836,"cognps_random_slope"
"561","GNG5","Mic P2RY12",-0.740153483533823,4.74487772126667,2.76073340172869,0.0974753692745383,0.536234574568181,0.621839898215752,"cognps_random_slope"
"562","SPATA1","Mic P2RY12",-0.589560169335899,4.77422594641882,1.1045965054044,0.293965282918504,0.758895926871678,0.81931602217798,"cognps_random_slope"
"563","CTBS","Mic P2RY12",-0.837457406012086,5.77453947656893,5.09460249351655,0.0245998952023126,0.304679478379104,0.395017547960211,"cognps_random_slope"
"564","SSX2IP","Mic P2RY12",0.467926465400299,4.16605983773776,0.705213473361138,0.401595330948525,0.829881589272977,0.878039616226327,"cognps_random_slope"
"565","MCOLN2","Mic P2RY12",-2.51149213749221,2.94493265983986,6.14099358154065,0.0136666374308057,0.233307781159526,0.310286345294577,"cognps_random_slope"
"566","C1orf52","Mic P2RY12",-0.221074738695691,5.30661626146874,0.388587489984587,0.5334379549996,0.906222110364132,0.936267706926118,"cognps_random_slope"
"567","BCL10","Mic P2RY12",-0.397250724053983,3.9556538098302,0.53709958461736,0.464114653014546,0.869630937506702,0.90970829874917,"cognps_random_slope"
"568","AL078459.1","Mic P2RY12",-2.28706144960572,4.36438115864986,7.00283036812433,0.00849561782843727,0.183925322324536,0.253687025088898,"cognps_random_slope"
"569","DDAH1","Mic P2RY12",1.21458219384233,3.5484174335259,2.79993525275596,0.0951376712943218,0.532922140027557,0.61758675477411,"cognps_random_slope"
"570","ZNHIT6","Mic P2RY12",0.178800539986896,6.04754741690645,0.296017420763455,0.748653622609611,0.982244103840787,0.994674014762625,"cognps_random_slope"
"571","COL24A1","Mic P2RY12",2.69929216813651,2.93067252550598,8.22158673706074,0.00438340860260916,0.136709614832009,0.192965814745649,"cognps_random_slope"
"572","ODF2L","Mic P2RY12",0.300466046977847,5.71272655991084,0.657647468782078,0.417928061696389,0.840787365511229,0.886483329915441,"cognps_random_slope"
"573","AL356270.1","Mic P2RY12",-0.373442528701517,2.93273444324009,0.165830022983359,0.684086981917423,0.96526547799949,0.981881584954527,"cognps_random_slope"
"574","SH3GLB1","Mic P2RY12",-0.504556433486007,6.36130292745118,2.29876907193598,0.13035503946687,0.591630644907452,0.66913559354349,"cognps_random_slope"
"575","SELENOF","Mic P2RY12",0.0254076602959872,6.19136682128783,0.00989880735283844,0.920802480213029,0.999765323016076,0.999791880761836,"cognps_random_slope"
"576","HS2ST1","Mic P2RY12",-0.891941382279136,6.47871026668879,6.54530232240315,0.0109251380857451,0.205918108983221,0.27737301592694,"cognps_random_slope"
"577","LMO4","Mic P2RY12",0.285538454635111,6.26900280714143,0.909918654736856,0.340776718614246,0.792400509359127,0.845512643098497,"cognps_random_slope"
"578","PKN2-AS1","Mic P2RY12",1.76667115992216,3.68997758544975,9.7676248744808,0.0019205386487979,0.094417331210013,0.135511896003894,"cognps_random_slope"
"579","PKN2","Mic P2RY12",0.107964208834883,8.97879495189058,0.255256491393518,0.613707380253347,0.940399122416995,0.963142172997874,"cognps_random_slope"
"580","GTF2B","Mic P2RY12",0.180755149374109,6.08264143792642,0.401901816281921,0.743278718737721,0.982072175094771,0.994674014762625,"cognps_random_slope"
"581","KYAT3","Mic P2RY12",-0.733459586212567,6.23945316417968,6.65150541454714,0.010303829781562,0.202083971870546,0.275102127127034,"cognps_random_slope"
"582","GBP3","Mic P2RY12",-0.619165345332726,4.35031667623087,1.4547365769021,0.228562327210621,0.710154432032821,0.772587835198133,"cognps_random_slope"
"583","GBP1","Mic P2RY12",-1.09670524577583,3.5425260622818,2.32232963762647,0.128407765144589,0.588312153990787,0.665657920588163,"cognps_random_slope"
"584","GBP2","Mic P2RY12",-2.73045219039541,5.20801489145154,16.968043967272,4.72103218759679e-05,0.0173250272003901,0.0269605464417085,"cognps_random_slope"
"585","GBP4","Mic P2RY12",-1.58601712923669,3.91648901984367,6.9615591874802,0.00868991202274605,0.186624216373109,0.257105074216286,"cognps_random_slope"
"586","GBP5","Mic P2RY12",-2.34714831483484,2.85644841494255,7.51772416481005,0.00641486611773235,0.158316060485693,0.218134474546419,"cognps_random_slope"
"587","LRRC8B","Mic P2RY12",-0.136860186156463,6.1120251181676,0.143592403483402,0.704959098749172,0.972206470596197,0.987249090096017,"cognps_random_slope"
"588","LRRC8C-DT","Mic P2RY12",-0.385764049893658,4.7289511000129,0.63636670916036,0.425555943622512,0.845913432871226,0.889956247360936,"cognps_random_slope"
"589","AC093423.3","Mic P2RY12",0.897221069095521,4.5512549377362,1.59853159458637,0.206930228834938,0.688277983771905,0.753713293182131,"cognps_random_slope"
"590","LRRC8D","Mic P2RY12",-0.20728957204144,3.74055809052093,0.132158457319975,0.716418098075649,0.975412307559,0.990818510846582,"cognps_random_slope"
"591","ZNF326","Mic P2RY12",-0.397829273762474,6.2832548804851,2.52994895249488,0.130526619766623,0.591741282642934,0.669219809264844,"cognps_random_slope"
"592","ZNF644","Mic P2RY12",0.0455281794859637,7.97578619879742,0.0533432345493217,0.817476018085762,0.995084767910246,0.999791880761836,"cognps_random_slope"
"593","CDC7","Mic P2RY12",-1.41416117363563,3.73636749652901,4.07409520618984,0.0442874804763874,0.398437123319743,0.492235156926348,"cognps_random_slope"
"594","TGFBR3","Mic P2RY12",0.129959492067035,2.6279347884025,0.0222259522288078,0.881571145789457,0.999765323016076,0.999791880761836,"cognps_random_slope"
"595","EPHX4","Mic P2RY12",1.32914883869787,2.85928628446867,1.96529455450189,0.161810708846869,0.631641511580801,0.708890163787347,"cognps_random_slope"
"596","BTBD8","Mic P2RY12",0.888564890946724,5.47694704734434,4.06369807099263,0.0445577222915147,0.398437123319743,0.492235156926348,"cognps_random_slope"
"597","GLMN","Mic P2RY12",0.325145660782934,5.79669685422403,1.00367202749982,0.317097214877767,0.77224084595521,0.830919831092092,"cognps_random_slope"
"598","RPAP2","Mic P2RY12",0.132846784172998,6.74727836708588,0.308772265395975,0.578780064433804,0.926449073516174,0.951479987797879,"cognps_random_slope"
"599","EVI5","Mic P2RY12",0.10634142823906,8.30749727025877,0.291398116284439,0.89929232805737,0.999765323016076,0.999791880761836,"cognps_random_slope"
"600","RPL5","Mic P2RY12",-0.780157923550618,6.26262912481757,5.57271326747296,0.018775514177508,0.26945337049154,0.356103010799918,"cognps_random_slope"
"601","FAM69A","Mic P2RY12",-0.725747347557925,6.64929297551875,4.31249920213678,0.0385429993592771,0.375353687290333,0.469196501379537,"cognps_random_slope"
"602","MTF2","Mic P2RY12",-0.107914379767857,6.88970982866184,0.226097142439386,0.634721644397244,0.949736241790035,0.969438379806318,"cognps_random_slope"
"603","TMED5","Mic P2RY12",-0.537850133149886,5.71393009738072,1.77108473368827,0.184091031301961,0.660489450660251,0.731666032451923,"cognps_random_slope"
"604","CCDC18","Mic P2RY12",-0.355163462199457,6.16264033239856,1.22560854201655,0.269002713466785,0.743281119606207,0.802780719814148,"cognps_random_slope"
"605","DR1","Mic P2RY12",-0.662874801776768,5.44705197557124,3.24535063366836,0.0724638233894647,0.482690184270542,0.572629413667536,"cognps_random_slope"
"606","FNBP1L","Mic P2RY12",-0.223210735297774,7.63496487345896,0.922871452853697,0.337367590354987,0.790557164770538,0.844859240409862,"cognps_random_slope"
"607","BCAR3","Mic P2RY12",-0.0898490348151621,7.68601784685763,0.0767410519062058,0.78192256065401,0.990020960532974,0.999508397105588,"cognps_random_slope"
"608","DNTTIP2","Mic P2RY12",-0.429922982524808,4.01144713155138,0.611742518444288,0.434647133796477,0.851659973543457,0.894179721772824,"cognps_random_slope"
"609","GCLM","Mic P2RY12",-0.251715701047468,4.1251780832639,0.213247776771126,0.644512863223987,0.951443629329721,0.970883120121208,"cognps_random_slope"
"610","ARHGAP29","Mic P2RY12",2.85430598182958,2.60850822279284,7.94009569812146,0.00510229608465597,0.145790767229157,0.202519833148889,"cognps_random_slope"
"611","ABCD3","Mic P2RY12",0.120581963670801,5.77671310291659,0.146061537384629,0.702553614282061,0.971311357164335,0.986182132743233,"cognps_random_slope"
"612","F3","Mic P2RY12",-0.0370509927893066,2.61062505624859,0.000106769035682646,0.991761406665871,0.999765323016076,0.999791880761836,"cognps_random_slope"
"613","CNN3","Mic P2RY12",2.16515633613439,2.69989428456611,4.64590642189476,0.0317907368467325,0.344951584246232,0.436568185403243,"cognps_random_slope"
"614","ALG14","Mic P2RY12",0.223924672247506,4.53691909739084,0.194764606747235,0.659245525026507,0.955612931885691,0.973592644066785,"cognps_random_slope"
"615","PTBP2","Mic P2RY12",-0.11870401231845,7.54112401511818,0.404783449131074,0.525033870124987,0.901124345997049,0.932433460714625,"cognps_random_slope"
"616","DPYD","Mic P2RY12",-2.1234509891958,9.51428457989546,8.1552022227089,0.00454302042620714,0.138174592835903,0.194153799045,"cognps_random_slope"
"617","DPYD-AS1","Mic P2RY12",-2.58677228960313,4.0193964837287,8.43972950444209,0.00389816570909656,0.128037545753929,0.182678422692418,"cognps_random_slope"
"618","MIR137HG","Mic P2RY12",3.22327311378836,3.21030389160307,11.1325450452692,0.00093678506159429,0.0647106010846654,0.0938658631717479,"cognps_random_slope"
"619","SNX7","Mic P2RY12",-0.210854918583582,5.18592970719103,0.284859660189501,0.593863293252518,0.933858917642785,0.957125918179539,"cognps_random_slope"
"620","PLPPR4","Mic P2RY12",2.47587095744488,3.16644560175311,6.95680427293933,0.00871258864474998,0.186811840685271,0.257438153336682,"cognps_random_slope"
"621","FRRS1","Mic P2RY12",-0.984825175324667,4.81855561917557,1.01344858171033,0.314754939718731,0.770261998566852,0.829537614030808,"cognps_random_slope"
"622","AGL","Mic P2RY12",-0.258912311672849,5.51630538686512,0.571124405502353,0.450307153986973,0.862204053518992,0.902827731505465,"cognps_random_slope"
"623","AC093019.2","Mic P2RY12",0.0604678478571223,2.7279752908056,0.00355359694872995,0.952497729471997,0.999765323016076,0.999791880761836,"cognps_random_slope"
"624","SASS6","Mic P2RY12",0.582359022455022,3.92933120799713,1.16647943464623,0.332105831962702,0.785483631156402,0.841650852248103,"cognps_random_slope"
"625","TRMT13","Mic P2RY12",-0.269391462666164,5.93993367669756,0.74748938669749,0.387848585244876,0.823242976592959,0.872608875947737,"cognps_random_slope"
"626","LRRC39","Mic P2RY12",1.07867735817863,3.17034582666122,1.47378364350318,0.225546291409974,0.706583534051226,0.769637329131246,"cognps_random_slope"
"627","DBT","Mic P2RY12",0.0839636542774507,4.9844392812384,0.048179060118184,0.826387220921682,0.997790670013024,0.999791880761836,"cognps_random_slope"
"628","RTCA","Mic P2RY12",-0.175601896241931,5.29623025871266,0.263707005937164,0.88156302534434,0.999765323016076,0.999791880761836,"cognps_random_slope"
"629","CDC14A","Mic P2RY12",-0.24401164827923,6.91127938968386,0.742607656628203,0.38940105570432,0.824594876226751,0.873243233725706,"cognps_random_slope"
"630","EXTL2","Mic P2RY12",0.283236918375413,4.61496377921919,0.43021360324262,0.588825446034635,0.931773521595925,0.955508674605596,"cognps_random_slope"
"631","SLC30A7","Mic P2RY12",-0.496183467543706,6.52095665642045,3.67138603645129,0.0561466456186181,0.440269864210123,0.533428624303306,"cognps_random_slope"
"632","DPH5","Mic P2RY12",0.601557032900869,4.81565335096907,2.07681819224292,0.15042175463417,0.618294258470467,0.695585318326235,"cognps_random_slope"
"633","AC093157.1","Mic P2RY12",-0.576711851916122,4.80627120708406,1.0950590694966,0.296055813062247,0.760192364599956,0.820779427630148,"cognps_random_slope"
"634","OLFM3","Mic P2RY12",2.88474109013746,4.09598889725395,14.7701652013955,0.000143558355473093,0.0278815292999264,0.0425858305808011,"cognps_random_slope"
"635","COL11A1","Mic P2RY12",2.45889389170138,3.19999676524468,7.95051847085098,0.00507363632709981,0.145345455940531,0.201826080045344,"cognps_random_slope"
"636","RNPC3","Mic P2RY12",-0.0809410720667356,6.83333925617345,0.0990995050739739,0.753095515981852,0.982244103840787,0.994674014762625,"cognps_random_slope"
"637","AMY2B","Mic P2RY12",-0.149049530425486,4.73567754891868,0.101693213104668,0.868844926783787,0.999765323016076,0.999791880761836,"cognps_random_slope"
"638","NTNG1","Mic P2RY12",2.11179011369493,3.1768000759892,5.65242607024785,0.0179534757176935,0.263249362261335,0.348516106463213,"cognps_random_slope"
"639","VAV3","Mic P2RY12",-3.29178474983104,2.91566934223938,10.1574341165588,0.00156306672675765,0.0862002354126721,0.122785154546172,"cognps_random_slope"
"640","SLC25A24","Mic P2RY12",-0.293915323960545,5.22367077535651,0.4854752151653,0.486402800746936,0.881786963332351,0.91723721705446,"cognps_random_slope"
"641","FAM102B","Mic P2RY12",-0.0246303816817292,7.65634788791344,0.00674789410477201,0.934576658562296,0.999765323016076,0.999791880761836,"cognps_random_slope"
"642","HENMT1","Mic P2RY12",0.633699626783146,3.57557461425941,1.20146714140271,0.273762111482127,0.746668521636659,0.805902020311732,"cognps_random_slope"
"643","PRPF38B","Mic P2RY12",0.113048302816845,7.78335660019405,0.220784251378733,0.638727797490687,0.950271487556261,0.970357720549608,"cognps_random_slope"
"644","STXBP3","Mic P2RY12",-0.152679156559967,6.55780382205375,0.214132926820984,0.643827034941831,0.951443629329721,0.970883120121208,"cognps_random_slope"
"645","AL449266.1","Mic P2RY12",-0.715127377266886,4.21991874927234,2.27851979002497,0.132055072938258,0.592557770886728,0.670052632173139,"cognps_random_slope"
"646","GPSM2","Mic P2RY12",-0.245141503434871,3.54360566492615,0.120821550767501,0.728348499205414,0.977594945023934,0.992716167586774,"cognps_random_slope"
"647","WDR47","Mic P2RY12",0.573889032792026,4.96870703106005,2.3563588897676,0.263500568426789,0.737498322498804,0.796999279104942,"cognps_random_slope"
"648","TAF13","Mic P2RY12",-0.108659289261412,3.75712088232542,0.0361412116198412,0.849331433367349,0.999765323016076,0.999791880761836,"cognps_random_slope"
"649","TMEM167B","Mic P2RY12",-0.630049752186108,4.30393707030368,1.87350111719375,0.171928986335602,0.644740804528061,0.722173203526035,"cognps_random_slope"
"650","KIAA1324","Mic P2RY12",0.869090515416079,3.08079116392858,1.15828395607509,0.282543174121501,0.752106334312363,0.811780987897568,"cognps_random_slope"
"651","SARS","Mic P2RY12",0.0990529994059761,5.47005507585563,0.0670025671175939,0.79590019520805,0.992143902613387,0.999791880761836,"cognps_random_slope"
"652","CELSR2","Mic P2RY12",-0.238484441950013,3.57482185599877,0.135612746518721,0.995009005152975,0.999765323016076,0.999791880761836,"cognps_random_slope"
"653","PSRC1","Mic P2RY12",-1.00240729183764,4.993642246023,3.21281120853749,0.0739042456779347,0.484772783323545,0.573035180029717,"cognps_random_slope"
"654","SORT1","Mic P2RY12",-1.19439267839853,8.08896332446516,13.1251064269649,0.000333283417227832,0.0383646777184693,0.058630048367351,"cognps_random_slope"
"655","PSMA5","Mic P2RY12",-0.278035553208672,5.15188675265621,0.469234414163055,0.493780845483848,0.884891066701007,0.920292095225767,"cognps_random_slope"
"656","CYB561D1","Mic P2RY12",-0.101226693030953,4.81942535983224,0.0539559294662379,0.997783910219307,0.999765323016076,0.999791880761836,"cognps_random_slope"
"657","GNAI3","Mic P2RY12",-0.582435909928395,6.87748841753048,4.12534093482899,0.0429805856772136,0.393430893893675,0.486933318639589,"cognps_random_slope"
"658","AMPD2","Mic P2RY12",-0.686784166444711,5.15279001149194,1.14221166597445,0.2859023140807,0.753986392714568,0.814248375757658,"cognps_random_slope"
"659","GSTM4","Mic P2RY12",0.437764136010568,4.43775279273365,0.741996107137831,0.38959616549989,0.824594876226751,0.873243233725706,"cognps_random_slope"
"660","GSTM2","Mic P2RY12",0.708702525801607,3.26965608337369,0.803700690873088,0.370588929197433,0.812104761618872,0.863532460737016,"cognps_random_slope"
"661","GSTM5","Mic P2RY12",-1.6387920526522,2.8575174783864,2.18823314584114,0.139944153925534,0.604966330288465,0.681286841407529,"cognps_random_slope"
"662","GSTM3","Mic P2RY12",-0.724287737859218,4.14638723143798,0.931451400535246,0.335134600433753,0.788195644158078,0.843736805471964,"cognps_random_slope"
"663","CSF1","Mic P2RY12",-1.00393498699122,2.51646199578455,0.536935272233112,0.464182955322621,0.86963732479777,0.909753558765988,"cognps_random_slope"
"664","AHCYL1","Mic P2RY12",-0.287333228593228,6.26496276702526,1.17040161435384,0.280043620892993,0.750450717615308,0.811324991036345,"cognps_random_slope"
"665","STRIP1","Mic P2RY12",-0.230817055052039,5.27165460917687,0.512028280654314,0.474726463322492,0.877490942756513,0.913824121892554,"cognps_random_slope"
"666","SLC6A17","Mic P2RY12",2.52117444355538,3.17811754210996,8.82211348503677,0.00317589616244496,0.114717478363679,0.164221511427343,"cognps_random_slope"
"667","KCNC4","Mic P2RY12",0.538489644817709,3.69131377365143,0.82574888574835,0.364113228606522,0.810949206673758,0.861278653235162,"cognps_random_slope"
"668","RBM15-AS1","Mic P2RY12",-0.377804527453441,3.48570558600429,0.361363501673384,0.548128657727494,0.91189570676601,0.940046630323137,"cognps_random_slope"
"669","RBM15","Mic P2RY12",-0.493578419714822,4.11485361276888,0.995527092014527,0.319066110397321,0.774041290465206,0.831845984625369,"cognps_random_slope"
"670","SLC16A4","Mic P2RY12",-0.4722730022898,3.30666844838674,0.331886451831837,0.564910728959481,0.922389580650276,0.948318122441661,"cognps_random_slope"
"671","AL355488.1","Mic P2RY12",-0.0319860617799983,3.65407518867566,0.00280049030725844,0.984863907497086,0.999765323016076,0.999791880761836,"cognps_random_slope"
"672","LAMTOR5","Mic P2RY12",-0.206175394937235,3.99771464931766,0.128583764581237,0.720115392571365,0.97571529536985,0.991463831658989,"cognps_random_slope"
"673","KCNA2","Mic P2RY12",1.36515884010426,3.11161465084953,2.64053219130068,0.105044671311325,0.548384744933023,0.633725478917267,"cognps_random_slope"
"674","CD53","Mic P2RY12",-0.354739794910008,8.33333196956597,2.2842783683839,0.131569096496006,0.591862189373271,0.66927465715308,"cognps_random_slope"
"675","LRIF1","Mic P2RY12",0.610040640338352,4.36622949589066,1.24934337986747,0.264424051667992,0.738288574204418,0.797933846138486,"cognps_random_slope"
"676","DRAM2","Mic P2RY12",-0.409829574387989,7.02465514538684,2.60641442501837,0.107309166962251,0.553948438544346,0.638165436339737,"cognps_random_slope"
"677","CEPT1","Mic P2RY12",-0.386912086066535,6.83731606193927,2.46525973812518,0.117267852412862,0.573971293403957,0.653369898372925,"cognps_random_slope"
"678","DENND2D","Mic P2RY12",-0.668440102427234,4.31590111642113,0.925886099211214,0.336580737328731,0.789802354294789,0.84478471300065,"cognps_random_slope"
"679","CHI3L2","Mic P2RY12",-0.241598213595024,2.55340307595235,0.0427758201048133,0.836265017462915,0.999547866966635,0.999791880761836,"cognps_random_slope"
"680","WDR77","Mic P2RY12",-0.674701137312723,4.78260004188299,2.41989292849713,0.120682677148365,0.580009673307368,0.660503517595267,"cognps_random_slope"
"681","ATP5PB","Mic P2RY12",-0.671183046970848,5.03481526935355,3.118157409767,0.0782727458816453,0.49571506028352,0.582395728020361,"cognps_random_slope"
"682","C1orf162","Mic P2RY12",-0.95777197991362,6.32455104688615,4.03585618457788,0.0452900106375981,0.401409677615379,0.495404302453854,"cognps_random_slope"
"683","TMIGD3","Mic P2RY12",-0.626654605909454,7.19066727452626,2.75991590746284,0.0975247826134108,0.53628625843345,0.621979129849886,"cognps_random_slope"
"684","RAP1A","Mic P2RY12",-0.675049419759883,9.19361652857323,11.855959388594,0.000642523059817416,0.0541537831736679,0.0809255999082885,"cognps_random_slope"
"685","INKA2","Mic P2RY12",-1.4452935223758,4.37985303293285,3.53052559929177,0.0610572536308353,0.455263637649913,0.547112791378053,"cognps_random_slope"
"686","DDX20","Mic P2RY12",-0.261702519632263,4.19813678344987,0.271040024263634,0.602955341095366,0.937231206636526,0.959734734155589,"cognps_random_slope"
"687","KCND3","Mic P2RY12",1.61953531598386,3.46794236059282,3.9822438933855,0.0467362116204638,0.407589519813096,0.501269215501121,"cognps_random_slope"
"688","AL445426.1","Mic P2RY12",0.122909101812921,4.4534300300058,0.0359288922764421,0.84976934789348,0.999765323016076,0.999791880761836,"cognps_random_slope"
"689","CTTNBP2NL","Mic P2RY12",-0.345769606815086,8.16889883167789,1.57427290315141,0.210402366871367,0.691204591969072,0.757027190595535,"cognps_random_slope"
"690","WNT2B","Mic P2RY12",-1.02951174255572,7.29400839063684,5.34707541119517,0.0213211565851578,0.286753406920231,0.374357412763708,"cognps_random_slope"
"691","ST7L","Mic P2RY12",0.0614149260667294,6.00674475498809,0.0443263568566163,0.895408458839668,0.999765323016076,0.999791880761836,"cognps_random_slope"
"692","CAPZA1","Mic P2RY12",-0.211232804881147,7.56488313051382,1.03248074616005,0.310259831495795,0.768573804238758,0.828120205903937,"cognps_random_slope"
"693","MOV10","Mic P2RY12",0.199382037999487,4.99911897223216,0.224730810377581,0.742417808518875,0.981758540750093,0.994674014762625,"cognps_random_slope"
"694","RHOC","Mic P2RY12",-1.3328605772327,3.54119835507647,4.12615237599477,0.0429602226454588,0.393430893893675,0.486933318639589,"cognps_random_slope"
"695","LINC01356","Mic P2RY12",0.053994901647955,4.65230927360664,0.00948731843104175,0.922460729303745,0.999765323016076,0.999791880761836,"cognps_random_slope"
"696","AL390729.1","Mic P2RY12",0.296873802963539,6.25376213607369,0.477936301226891,0.489804601943806,0.883888768611236,0.918678554290124,"cognps_random_slope"
"697","SLC16A1","Mic P2RY12",-0.289016323524544,4.1011248065107,0.263127091910058,0.608294836546903,0.93885760879533,0.961459183207151,"cognps_random_slope"
"698","SLC16A1-AS1","Mic P2RY12",0.228993684302309,6.67799269264837,0.531188086956994,0.466582140132012,0.871330443131144,0.910879124412623,"cognps_random_slope"
"699","AL357055.3","Mic P2RY12",0.603957902131891,3.59999246060018,0.770839555713586,0.380543631824799,0.818700712971385,0.869071915985129,"cognps_random_slope"
"700","LRIG2","Mic P2RY12",-0.146984534403479,5.90099640025594,0.291960836690424,0.589301173299942,0.931773521595925,0.955596578807635,"cognps_random_slope"
"701","MAGI3","Mic P2RY12",-0.0944864552633717,6.96109395764221,0.110589525417584,0.739667722927723,0.980436558830992,0.994247512606934,"cognps_random_slope"
"702","PHTF1","Mic P2RY12",0.107714249487009,5.36996408321723,0.088226640733523,0.766615322282852,0.985825844038422,0.996584922860264,"cognps_random_slope"
"703","RSBN1","Mic P2RY12",-0.222341676744104,5.97666862129141,0.547666909093437,0.459755400318898,0.866792533233255,0.907242372423074,"cognps_random_slope"
"704","PTPN22","Mic P2RY12",-1.62720913388412,4.06698495537718,4.28956142465793,0.0390598670555679,0.376717632406167,0.470758997319728,"cognps_random_slope"
"705","AP4B1-AS1","Mic P2RY12",-0.841353665385771,2.53737037877423,0.626527288352299,0.429153740913478,0.848086940362737,0.891697247435349,"cognps_random_slope"
"706","AP4B1","Mic P2RY12",0.353269021065196,4.2663632209186,0.542785132580817,0.461761099168842,0.868134187705059,0.908174472717574,"cognps_random_slope"
"707","HIPK1","Mic P2RY12",-0.505637240446937,5.84897369451782,2.98770368692607,0.0847573676174604,0.507436631269051,0.595238250831387,"cognps_random_slope"
"708","OLFML3","Mic P2RY12",0.622851447763505,4.16417199280598,0.686019356011055,0.408070979956882,0.834639682906314,0.882181263749801,"cognps_random_slope"
"709","SYT6","Mic P2RY12",-0.0249055768961485,6.77054431676796,0.00306896802088071,0.955851939765609,0.999765323016076,0.999791880761836,"cognps_random_slope"
"710","AL121999.1","Mic P2RY12",0.542139374120369,3.62056958794286,0.159954082566062,0.689436238772833,0.967043650386722,0.983568942804121,"cognps_random_slope"
"711","TRIM33","Mic P2RY12",0.0879554964884038,7.37497312365271,0.216833479101974,0.641745187661818,0.950981688448549,0.970806423495585,"cognps_random_slope"
"712","BCAS2","Mic P2RY12",1.22693556923786,5.01331351942593,3.0138155334095,0.0834142045681405,0.505420462602119,0.593030725533821,"cognps_random_slope"
"713","DENND2C","Mic P2RY12",0.627501685738366,3.01311865212571,0.519601115828578,0.471480188518535,0.874729730513178,0.912512310358026,"cognps_random_slope"
"714","NRAS","Mic P2RY12",-0.74211414274505,3.58439469597878,1.48604117617816,0.323846399031573,0.777955294510403,0.835420536201911,"cognps_random_slope"
"715","CSDE1","Mic P2RY12",-0.281389661319699,6.70777603279121,1.76306911710117,0.185084324955316,0.66053662815611,0.73185282653701,"cognps_random_slope"
"716","SIKE1","Mic P2RY12",-0.307940093558866,4.16393791353655,0.326994799859373,0.727298511426184,0.977594945023934,0.992716167586774,"cognps_random_slope"
"717","SLC22A15","Mic P2RY12",-0.142537398666506,3.67965649776395,0.0288104726529492,0.86531282281475,0.999765323016076,0.999791880761836,"cognps_random_slope"
"718","ATP1A1","Mic P2RY12",-0.142974520284357,6.44081462723594,0.179878587179767,0.671731183922666,0.961372041791375,0.978495802903438,"cognps_random_slope"
"719","LINC01762","Mic P2RY12",-1.49421953005191,4.35274501532452,6.81623132872743,0.00941123683559176,0.193745976026164,0.266311811096321,"cognps_random_slope"
"720","AL390066.1","Mic P2RY12",-0.522043452526873,3.80090822672537,0.701009319339409,0.403000801427981,0.830735846783014,0.878760556853123,"cognps_random_slope"
"721","CD58","Mic P2RY12",-0.387174860580914,7.2178884274427,1.30337111579052,0.254357958109478,0.730999570367813,0.792167449313189,"cognps_random_slope"
"722","PTGFRN","Mic P2RY12",-0.264010809901645,3.90382796952831,0.202659422813795,0.861452580278245,0.999765323016076,0.999791880761836,"cognps_random_slope"
"723","TTF2","Mic P2RY12",0.746931285461437,5.78059484842972,5.73951855424904,0.0170978783572289,0.256377194572184,0.339818571377234,"cognps_random_slope"
"724","MAN1A2","Mic P2RY12",0.302967175477259,7.24287273661253,1.39804357222479,0.237832573506372,0.718807920062899,0.780485497773095,"cognps_random_slope"
"725","GDAP2","Mic P2RY12",-0.295944917180107,6.44876109342675,1.21687561867961,0.289570679745991,0.75452783964146,0.815536661445769,"cognps_random_slope"
"726","WDR3","Mic P2RY12",-0.900945779028184,4.29972981269799,3.02112077542817,0.0830425784389787,0.505420462602119,0.593030725533821,"cognps_random_slope"
"727","WARS2","Mic P2RY12",-0.372934632383147,4.69621874706229,0.64739220297491,0.421578166883907,0.84296762375578,0.888025371019322,"cognps_random_slope"
"728","AL359915.2","Mic P2RY12",-0.138782455974923,6.04256629899739,0.11145386505284,0.738689544258621,0.980436558830992,0.994247512606934,"cognps_random_slope"
"729","ZNF697","Mic P2RY12",0.539085350376469,3.20453213157635,0.470466712561723,0.548800961305247,0.91189570676601,0.940046630323137,"cognps_random_slope"
"730","PHGDH","Mic P2RY12",-0.981516293603998,2.72307637057834,0.94865385510412,0.330716853270462,0.782992241597155,0.839379744306457,"cognps_random_slope"
"731","NOTCH2","Mic P2RY12",-0.271495722678863,6.92016175817738,0.78893823780191,0.375015051928005,0.81543690655054,0.866350481167833,"cognps_random_slope"
"732","SEC22B","Mic P2RY12",0.361798363026914,5.39817014228889,1.32876705090638,0.624291166439327,0.945004622326151,0.965736540920449,"cognps_random_slope"
"733","NBPF26","Mic P2RY12",0.184202248421096,5.01444176200256,0.0923943037457065,0.761330873411673,0.983444108849778,0.995654050815275,"cognps_random_slope"
"734","LINC00623","Mic P2RY12",-0.833142286988474,7.50914486175051,12.7437045036674,0.00040569931230339,0.0410300432851386,0.0624245587023359,"cognps_random_slope"
"735","FCGR1B","Mic P2RY12",0.0164250564024921,6.36036744431593,0.000673868412400608,0.97930445843172,0.999765323016076,0.999791880761836,"cognps_random_slope"
"736","AC244453.3","Mic P2RY12",0.408162336501799,5.55534164321921,0.440776362736979,0.507173377979557,0.891301972336335,0.925998040698827,"cognps_random_slope"
"737","FAM72B","Mic P2RY12",-1.0066507500004,2.97543837372501,1.68552678375235,0.195023643669596,0.67374793633366,0.742219972915481,"cognps_random_slope"
"738","SRGAP2C","Mic P2RY12",-0.218260567099402,9.24030102375588,0.800572026909945,0.371520834552596,0.81232675866199,0.863532460737016,"cognps_random_slope"
"739","SRGAP2-AS1","Mic P2RY12",-0.128647255727845,5.74369068936433,0.0661477005437155,0.797177684736178,0.992143902613387,0.999791880761836,"cognps_random_slope"
"740","AC244021.1","Mic P2RY12",0.337495183120442,9.43951713514497,1.19318113356152,0.275420031480466,0.747595304395617,0.807065491221298,"cognps_random_slope"
"741","AC239800.2","Mic P2RY12",-0.796275719366256,2.55055135911318,0.590831380456296,0.442602284371796,0.857250066897881,0.898313692938616,"cognps_random_slope"
"742","AC239800.3","Mic P2RY12",-1.3040659494011,4.17631369001079,6.81331247970428,0.00942633955444065,0.193745976026164,0.266311811096321,"cognps_random_slope"
"743","AC239798.2","Mic P2RY12",-1.14199770801346,3.20397692014804,1.19006300867779,0.276047200483671,0.747595304395617,0.807469550139811,"cognps_random_slope"
"744","NBPF15","Mic P2RY12",-0.160238130126388,5.51810980214926,0.200323345626818,0.654729448985966,0.95556843235253,0.973537836851373,"cognps_random_slope"
"745","LINC01632","Mic P2RY12",0.509027306328184,4.83691357642468,0.788015316405114,0.375294225784432,0.81543690655054,0.866579776333413,"cognps_random_slope"
"746","FP700111.1","Mic P2RY12",-0.519135024019912,5.86847861759082,0.873282605871597,0.350675176832352,0.799489289678521,0.851202827485505,"cognps_random_slope"
"747","SRGAP2B","Mic P2RY12",-0.101031746831648,9.91203393388636,0.16930262769932,0.680977432747044,0.963764980353924,0.980589311801902,"cognps_random_slope"
"748","FAM72D","Mic P2RY12",-0.520504938970732,3.00534493271795,0.437160711350871,0.508919407941205,0.892216806041276,0.92686940625012,"cognps_random_slope"
"749","AC245014.3","Mic P2RY12",-1.06908910738116,2.65400164278938,0.714011590037019,0.398677070584284,0.82930162112109,0.877688408172798,"cognps_random_slope"
"750","NBPF20","Mic P2RY12",0.964624795879809,3.19504663434694,1.70760444026568,0.192131481592812,0.669288792520218,0.739181613056306,"cognps_random_slope"
"751","GPR89A","Mic P2RY12",-0.00962521167141646,4.64633066290302,0.000553300564479463,0.98124666320873,0.999765323016076,0.999791880761836,"cognps_random_slope"
"752","PDZK1","Mic P2RY12",-1.46773157252891,2.55622367798055,1.91863362953341,0.16686594693004,0.638358708195681,0.715888253765511,"cognps_random_slope"
"753","RNF115","Mic P2RY12",0.192390200452306,7.26993648204166,0.917266214546391,0.33883720315372,0.791447630450517,0.844859240409862,"cognps_random_slope"
"754","POLR3C","Mic P2RY12",-0.0720856718052497,5.52960662308876,0.0608940222970449,0.805229242198168,0.993231645669267,0.999791880761836,"cognps_random_slope"
"755","PIAS3","Mic P2RY12",-0.101790095252393,3.84855270928588,0.0388738038166277,0.84381026591578,0.999765323016076,0.999791880761836,"cognps_random_slope"
"756","ITGA10","Mic P2RY12",-0.406882815559761,3.58502306925008,0.310992208151715,0.577418919630551,0.92570773321797,0.951045407880681,"cognps_random_slope"
"757","PEX11B","Mic P2RY12",1.36326012764583,4.1319374185355,5.59399530669325,0.0185522923558182,0.268407943935274,0.354206496201534,"cognps_random_slope"
"758","RBM8A","Mic P2RY12",-1.22288767464811,4.38453376093874,6.66550395739711,0.0102246951761167,0.201798438961914,0.275102127127034,"cognps_random_slope"
"759","LIX1L","Mic P2RY12",-1.14639281946064,4.60833465414147,6.6569075510443,0.0102732166821159,0.202083971870546,0.275102127127034,"cognps_random_slope"
"760","POLR3GL","Mic P2RY12",1.03976776919215,3.4447731441361,2.62221480757953,0.106253835850837,0.551261190180824,0.635154978160725,"cognps_random_slope"
"761","TXNIP","Mic P2RY12",-1.79181117466121,7.61262751287156,13.3495837768955,0.000296936426116278,0.0365068352879289,0.0557869310565958,"cognps_random_slope"
"762","NBPF10","Mic P2RY12",-0.302797965163879,2.84912437772905,0.110548221531012,0.73971457295529,0.980436558830992,0.994247512606934,"cognps_random_slope"
"763","NBPF12","Mic P2RY12",-0.0740474067608974,6.00416936107009,0.0638721890437635,0.800621659554336,0.992143902613387,0.999791880761836,"cognps_random_slope"
"764","PRKAB2","Mic P2RY12",-0.540133357790187,4.49172921326745,1.46878332686821,0.226333405968328,0.706583534051226,0.769637329131246,"cognps_random_slope"
"765","AC242426.2","Mic P2RY12",-0.429998468512677,5.67236869289418,1.16438962433752,0.281280218080346,0.750907838952912,0.811474754307675,"cognps_random_slope"
"766","FMO5","Mic P2RY12",0.127658067546307,4.56561566836573,0.0589812147664748,0.808251932782358,0.993593436458099,0.999791880761836,"cognps_random_slope"
"767","CHD1L","Mic P2RY12",-0.225512043881937,6.97899331108833,0.787926274175324,0.375321175572603,0.81543690655054,0.866579776333413,"cognps_random_slope"
"768","LINC00624","Mic P2RY12",-0.626554978779303,3.43758883379136,0.691334587060397,0.40626252747522,0.833339885884123,0.880892177147851,"cognps_random_slope"
"769","BCL9","Mic P2RY12",1.2165738358123,3.65051266297461,3.3071680321448,0.069809930780447,0.479263771715559,0.570240901972891,"cognps_random_slope"
"770","ACP6","Mic P2RY12",0.461852451841212,5.02376193881928,1.12608698424785,0.289323656828298,0.75452783964146,0.815536661445769,"cognps_random_slope"
"771","GPR89B","Mic P2RY12",-0.305409107423611,4.74295704890551,0.411508377372212,0.521613530945536,0.898475954781637,0.930932475481216,"cognps_random_slope"
"772","NBPF11","Mic P2RY12",0.208073323423985,5.79951190076822,0.44143477427464,0.521047207491066,0.898203681089643,0.930815712062428,"cognps_random_slope"
"773","AC239809.3","Mic P2RY12",1.99280280846896,3.15781625749792,5.21976211299251,0.0229134784651812,0.296107545720244,0.38493619373883,"cognps_random_slope"
"774","NBPF14","Mic P2RY12",0.0889346749719067,5.50933445133354,0.0353676194193626,0.850933485832049,0.999765323016076,0.999791880761836,"cognps_random_slope"
"775","PDE4DIP","Mic P2RY12",0.247654251769263,7.13437585697075,0.250085484686412,0.617320748993616,0.941696996000635,0.963917775753802,"cognps_random_slope"
"776","NBPF9","Mic P2RY12",-0.163525422775552,5.39465558227329,0.175771556133002,0.750220806352684,0.982244103840787,0.994674014762625,"cognps_random_slope"
"777","AC245297.3","Mic P2RY12",-0.432357395876681,8.12074423630824,3.08971836134884,0.0796391784118633,0.499146433286928,0.586429050301252,"cognps_random_slope"
"778","NBPF19","Mic P2RY12",-0.412101597499273,6.09543220829699,1.30654032282892,0.253782359280589,0.730761427230338,0.791610268982432,"cognps_random_slope"
"779","FCGR1A","Mic P2RY12",-0.694505331420118,7.0970363248294,1.17258963320831,0.279595279152582,0.750450717615308,0.811258116923418,"cognps_random_slope"
"780","HIST2H2BF","Mic P2RY12",-0.0903280149987971,6.29720432540191,0.0182054929996071,0.892744497181039,0.999765323016076,0.999791880761836,"cognps_random_slope"
"781","AC239868.3","Mic P2RY12",0.343572950917751,2.91327415272176,0.13975601602459,0.708743982556781,0.973265715210455,0.988494065768654,"cognps_random_slope"
"782","HIST2H2BE","Mic P2RY12",1.33308670363286,4.88954505424988,2.49406220693111,0.115155557724752,0.569866923585452,0.650183333058988,"cognps_random_slope"
"783","HIST2H2AC","Mic P2RY12",-0.368518840592025,2.90822971474559,0.141007684058934,0.707502671291865,0.973207309924008,0.988354461037649,"cognps_random_slope"
"784","BOLA1","Mic P2RY12",2.26199417321477,2.96624864552917,5.3851600083518,0.0208675377748454,0.28576288786566,0.37273301331144,"cognps_random_slope"
"785","SV2A","Mic P2RY12",1.63911339453477,4.16871289984486,5.63277264320165,0.0181526195331513,0.264978252187057,0.350385965218234,"cognps_random_slope"
"786","SF3B4","Mic P2RY12",0.0870180765147334,3.69070057387086,0.0238314859715988,0.877401056399377,0.999765323016076,0.999791880761836,"cognps_random_slope"
"787","OTUD7B","Mic P2RY12",0.314946357103672,3.55738811050094,0.179126173284219,0.672378256582531,0.961372041791375,0.97865973324565,"cognps_random_slope"
"788","VPS45","Mic P2RY12",-0.0376310419471167,7.03237441415679,0.0278718584749896,0.919508882283783,0.999765323016076,0.999791880761836,"cognps_random_slope"
"789","PLEKHO1","Mic P2RY12",0.0350567778457737,7.43032754284231,0.0176977423137081,0.894241797742578,0.999765323016076,0.999791880761836,"cognps_random_slope"
"790","ANP32E","Mic P2RY12",0.174107830948087,4.20377595384028,0.0991900937981824,0.752986381639169,0.982244103840787,0.994674014762625,"cognps_random_slope"
"791","APH1A","Mic P2RY12",-0.71908697090669,4.45769438324152,2.69258576004455,0.101690342090571,0.542074332563011,0.6273410096216,"cognps_random_slope"
"792","C1orf54","Mic P2RY12",0.538486960579718,5.31940204953571,1.21909131359189,0.270277265464014,0.744039777009706,0.803829070437586,"cognps_random_slope"
"793","MRPS21","Mic P2RY12",0.059292135465965,5.35989082251516,0.02595693968226,0.955721010933705,0.999765323016076,0.999791880761836,"cognps_random_slope"
"794","PRPF3","Mic P2RY12",0.408472577318414,5.37207869917171,1.74729697403659,0.187057101251049,0.662883304957105,0.734144594057164,"cognps_random_slope"
"795","RPRD2","Mic P2RY12",-0.0265112260380087,7.37044547354495,0.0170372267087422,0.896222690428586,0.999765323016076,0.999791880761836,"cognps_random_slope"
"796","TARS2","Mic P2RY12",0.698037837076076,4.25160108146413,1.8889402475075,0.170177349116163,0.642310971122555,0.719645980681633,"cognps_random_slope"
"797","ECM1","Mic P2RY12",-0.602632182588603,2.83719329614243,0.444820566727303,0.581474690619511,0.927859733775962,0.9522571873954,"cognps_random_slope"
"798","FALEC","Mic P2RY12",0.564714250932214,2.72881044596259,0.340385970019946,0.622706969614137,0.944483646318178,0.965097068490231,"cognps_random_slope"
"799","AL356356.1","Mic P2RY12",0.425214236522155,5.23251267095866,0.676024503322811,0.411503836912404,0.837188844460775,0.883810041267995,"cognps_random_slope"
"800","ADAMTSL4","Mic P2RY12",-0.561949146463296,3.68591973630682,0.585536690435147,0.444652127719811,0.85802776256953,0.899211617235781,"cognps_random_slope"
"801","MCL1","Mic P2RY12",-1.35717544922753,5.95432836861772,5.91698921184617,0.0154826592038269,0.246870698504002,0.328584544414986,"cognps_random_slope"
"802","ENSA","Mic P2RY12",-0.516499683617591,6.71211817432789,4.10759441064527,0.0434284924088008,0.395101986945241,0.48915845656095,"cognps_random_slope"
"803","GOLPH3L","Mic P2RY12",0.343487020978381,5.61270458192605,1.23259788955749,0.267644182833558,0.742629786098211,0.802125833574982,"cognps_random_slope"
"804","HORMAD1","Mic P2RY12",1.42756188063858,3.37910799458165,3.30907167185746,0.0697298831071213,0.479026031131294,0.570240901972891,"cognps_random_slope"
"805","CTSS","Mic P2RY12",-0.132955959745918,7.33124784246031,0.22805233999071,0.633261871128031,0.949002694388455,0.968564075162913,"cognps_random_slope"
"806","CTSK","Mic P2RY12",-0.3438132516611,3.38738828145662,0.278018729198517,0.598327878359802,0.93604855217134,0.958796077732727,"cognps_random_slope"
"807","ARNT","Mic P2RY12",-0.42671999540055,6.66614804746696,3.60192324734922,0.0585133257765222,0.449268697682631,0.542402051574667,"cognps_random_slope"
"808","SETDB1","Mic P2RY12",-0.138968035024066,6.32759847849363,0.303631677150881,0.581956750391755,0.927859733775962,0.9522571873954,"cognps_random_slope"
"809","CERS2","Mic P2RY12",-1.33563939553676,4.45222992216685,7.88021952858634,0.00527018215380839,0.148786740821109,0.206777379898405,"cognps_random_slope"
"810","MINDY1","Mic P2RY12",-0.288288667480798,3.38754807761413,0.194513255983027,0.708524744393017,0.973207309924008,0.988354461037649,"cognps_random_slope"
"811","PRUNE1","Mic P2RY12",-0.0873734474228572,4.06150912437006,0.0321838725261486,0.857725730455991,0.999765323016076,0.999791880761836,"cognps_random_slope"
"812","C1orf56","Mic P2RY12",-1.79863108636804,4.72430081509433,6.64204276746352,0.0103576798749352,0.202083971870546,0.275102127127034,"cognps_random_slope"
"813","CDC42SE1","Mic P2RY12",-0.383305917463589,6.95873039384843,1.45319485735027,0.228808574932112,0.710154432032821,0.772587835198133,"cognps_random_slope"
"814","MLLT11","Mic P2RY12",0.849460454838261,4.10568769771164,1.43676986898516,0.231452022055398,0.71251308323617,0.774804656240754,"cognps_random_slope"
"815","GABPB2","Mic P2RY12",0.123946064777728,5.35026001822368,0.112124780107366,0.737933168499094,0.980436558830992,0.994247512606934,"cognps_random_slope"
"816","SEMA6C","Mic P2RY12",0.292291165345402,2.81890781625902,0.110617370062143,0.739636144886139,0.980436558830992,0.994247512606934,"cognps_random_slope"
"817","SCNM1","Mic P2RY12",-0.361904193306175,5.72527707949086,1.16287356574285,0.281593145405166,0.750907838952912,0.811474754307675,"cognps_random_slope"
"818","VPS72","Mic P2RY12",-0.274726303684905,4.22872574352704,0.390318695676054,0.532528101083978,0.905937865938547,0.935692331995262,"cognps_random_slope"
"819","PIP5K1A","Mic P2RY12",0.19482139348819,7.40472748758519,0.552078949707838,0.457954565784583,0.865885529716198,0.906401036312938,"cognps_random_slope"
"820","PSMD4","Mic P2RY12",0.381877705133483,5.56525037931199,1.66313754943903,0.198008974658219,0.676727485014508,0.745366887413824,"cognps_random_slope"
"821","ZNF687","Mic P2RY12",0.00758759928922622,3.59160840025623,8.79429199856567e-05,0.992522916800277,0.999765323016076,0.999791880761836,"cognps_random_slope"
"822","PI4KB","Mic P2RY12",0.290547896064272,6.22898519785213,1.08786942008027,0.297644377410072,0.761720364612185,0.822068227825695,"cognps_random_slope"
"823","RFX5","Mic P2RY12",-0.432534909015739,4.02766333389538,0.678799003854375,0.410546645920207,0.836655446793785,0.883292616507662,"cognps_random_slope"
"824","SELENBP1","Mic P2RY12",1.64937211363301,3.08201168058266,2.43560737334065,0.119487481400385,0.576775827688669,0.656235144499799,"cognps_random_slope"
"825","PSMB4","Mic P2RY12",-0.263633558415251,4.22016612133486,0.307587154043492,0.579509333557053,0.926841458288349,0.951730333765552,"cognps_random_slope"
"826","POGZ","Mic P2RY12",0.0945092019663976,7.89974132706413,0.249354269011105,0.6178354669738,0.941744981027251,0.963917775753802,"cognps_random_slope"
"827","TUFT1","Mic P2RY12",-0.345736247056747,3.11697353522911,0.186260123561297,0.923740371818149,0.999765323016076,0.999791880761836,"cognps_random_slope"
"828","SNX27","Mic P2RY12",-0.894890707851694,7.17299069729205,9.62133304174583,0.00207529558511376,0.0980236001535079,0.139687405868026,"cognps_random_slope"
"829","MRPL9","Mic P2RY12",0.496202330294071,3.54658675095504,0.64644449662231,0.5705393373648,0.923355952776136,0.949247646187554,"cognps_random_slope"
"830","TDRKH","Mic P2RY12",0.560599800371358,3.48248863985446,0.679172496978289,0.410418043251245,0.836655446793785,0.883292616507662,"cognps_random_slope"
"831","THEM4","Mic P2RY12",-0.128616517216846,4.70585397086531,0.0911131975007188,0.76294117522986,0.984139674089917,0.996023209475898,"cognps_random_slope"
"832","S100A11","Mic P2RY12",-1.93681921248548,5.49997164483393,11.8880847869244,0.000631886324939007,0.0541537831736679,0.0809255999082885,"cognps_random_slope"
"833","TCHH","Mic P2RY12",-3.16210630928568,2.64337230900899,7.28554328748763,0.00727930372214053,0.168771538374404,0.233113497749515,"cognps_random_slope"
"834","FLG-AS1","Mic P2RY12",-0.691952067296225,5.51631370918208,1.86169204866121,0.173282819980006,0.645854089686386,0.722173203526035,"cognps_random_slope"
"835","S100A9","Mic P2RY12",-1.64474063181394,3.66579215035191,1.48117365712458,0.224389033247001,0.705976929728779,0.769637329131246,"cognps_random_slope"
"836","S100A8","Mic P2RY12",-1.59425266704753,3.95699219504695,1.16270556272935,0.281627849799807,0.750907838952912,0.811474754307675,"cognps_random_slope"
"837","S100A6","Mic P2RY12",-0.50657674879432,3.42632210645424,0.350065573402878,0.5544477509173,0.915359234893125,0.94331516081776,"cognps_random_slope"
"838","S100A4","Mic P2RY12",-5.8465702264249,3.0028069264468,24.0035997655859,1.45665864907379e-06,0.0021026795388741,0.00353741587970424,"cognps_random_slope"
"839","S100A13","Mic P2RY12",0.722460875052202,3.35762480416425,0.970304439685137,0.325266506943346,0.779487921950605,0.83663815163009,"cognps_random_slope"
"840","CHTOP","Mic P2RY12",-0.235652772141035,5.30795401897797,0.55727866623403,0.455846520415739,0.865333388169053,0.905598852945087,"cognps_random_slope"
"841","SNAPIN","Mic P2RY12",-0.807785176749478,3.39539505995091,1.40991625678777,0.235853981428037,0.717034210514582,0.779490605276357,"cognps_random_slope"
"842","ILF2","Mic P2RY12",-0.294819952229653,4.46747964106103,0.417150396916751,0.602604475187871,0.937199130938048,0.959694654203117,"cognps_random_slope"
"843","INTS3","Mic P2RY12",0.193711180612739,6.04676226584114,0.432165932927107,0.511348584444402,0.893659673987929,0.927919604508759,"cognps_random_slope"
"844","SLC27A3","Mic P2RY12",0.0868770565237293,3.47652544487862,0.015025559551429,0.90250912218624,0.999765323016076,0.999791880761836,"cognps_random_slope"
"845","GATAD2B","Mic P2RY12",0.0884967627322902,7.79718138842621,0.116502841044201,0.733058173979232,0.978719188594747,0.993120241739745,"cognps_random_slope"
"846","DENND4B","Mic P2RY12",-0.125810213863798,6.88804680046034,0.284149300654508,0.701687036630729,0.971115147979799,0.985947911551248,"cognps_random_slope"
"847","CRTC2","Mic P2RY12",0.0688679909818159,4.65093965549019,0.0205573681891002,0.9550457737853,0.999765323016076,0.999791880761836,"cognps_random_slope"
"848","SLC39A1","Mic P2RY12",-1.53206826540209,4.79841660519129,9.80618951972014,0.00188173649059052,0.0940409326866918,0.134677534591782,"cognps_random_slope"
"849","JTB","Mic P2RY12",-0.0655099127297252,4.97310219990134,0.0256928657062029,0.872742676001326,0.999765323016076,0.999791880761836,"cognps_random_slope"
"850","RAB13","Mic P2RY12",-1.0168719458458,3.22640001417267,1.92857866263538,0.165773484314812,0.637054724342046,0.714425626513891,"cognps_random_slope"
"851","RPS27","Mic P2RY12",-1.02793788994166,4.72742465730088,2.63793148275664,0.105215422665169,0.548848532166573,0.634277998147679,"cognps_random_slope"
"852","NUP210L","Mic P2RY12",-1.74722907054942,3.82875968424432,3.50835692856293,0.0618709803372663,0.457851807934449,0.549281212984869,"cognps_random_slope"
"853","TPM3","Mic P2RY12",0.0276273191473912,7.00136275202395,0.0101152856689233,0.919944065838719,0.999765323016076,0.999791880761836,"cognps_random_slope"
"854","C1orf43","Mic P2RY12",-0.173434956979177,5.97003733650245,0.370582351815345,0.635568696608543,0.949844552609689,0.96960997868721,"cognps_random_slope"
"855","UBAP2L","Mic P2RY12",-0.299753939953237,5.98428308391945,1.28463032655959,0.25779489350551,0.733143047971788,0.794026514350324,"cognps_random_slope"
"856","HAX1","Mic P2RY12",0.298601104565141,4.15565155803416,0.308872608445799,0.6719257922925,0.961372041791375,0.978626649925287,"cognps_random_slope"
"857","ATP8B2","Mic P2RY12",-0.472438709568997,3.64830219863641,0.642805991639573,0.433964705613609,0.851348414570044,0.894179721772824,"cognps_random_slope"
"858","IL6R-AS1","Mic P2RY12",-0.302252256832438,2.86369983757094,0.115124871291119,0.734581367672799,0.979045821929813,0.993547360360637,"cognps_random_slope"
"859","IL6R","Mic P2RY12",0.204926277838382,7.41187123207746,0.437593540613539,0.508709844607942,0.892216806041276,0.926776675084612,"cognps_random_slope"
"860","SHE","Mic P2RY12",0.912215315929762,3.02800383805178,0.976290092790387,0.323780750119919,0.777955294510403,0.835389907467792,"cognps_random_slope"
"861","TDRD10","Mic P2RY12",1.28694845806785,3.67689846166644,2.47568884311216,0.116498089306215,0.573437816330948,0.653137977948395,"cognps_random_slope"
"862","UBE2Q1","Mic P2RY12",-0.516697302681641,4.54505460787547,1.55674734789633,0.313664105341969,0.770261998566852,0.829537614030808,"cognps_random_slope"
"863","ADAR","Mic P2RY12",-0.13947032962095,6.96855421622514,0.291647013936307,0.5895012664385,0.931812511387396,0.95565586049155,"cognps_random_slope"
"864","KCNN3","Mic P2RY12",1.10657578766452,2.81187615199435,1.37084717277774,0.242441602383388,0.723921549362696,0.785125228858712,"cognps_random_slope"
"865","PMVK","Mic P2RY12",0.112522637026633,4.46422545020663,0.0588101840042196,0.808524715698678,0.993766827027239,0.999791880761836,"cognps_random_slope"
"866","PBXIP1","Mic P2RY12",-0.742199549409474,4.29154776891826,2.05170342297419,0.22940770949231,0.710819124833861,0.77292008816379,"cognps_random_slope"
"867","PYGO2","Mic P2RY12",0.0575199926317287,4.03819846467253,0.010760862222323,0.917437811434646,0.999765323016076,0.999791880761836,"cognps_random_slope"
"868","FLAD1","Mic P2RY12",-0.270621598075154,4.6095847151668,0.404380901394748,0.525239873111939,0.901128200942344,0.93249246154348,"cognps_random_slope"
"869","ZBTB7B","Mic P2RY12",-0.398471374730139,4.84360438355685,0.748945446187306,0.387387248996177,0.822968838616234,0.872202897976556,"cognps_random_slope"
"870","ADAM15","Mic P2RY12",-0.689765538055884,4.5760439031648,2.20844710382667,0.138132884687493,0.602185682399834,0.678608226205031,"cognps_random_slope"
"871","SLC50A1","Mic P2RY12",-1.09274878436444,3.92009460534974,3.95730189703689,0.0474256178665089,0.410083300943178,0.502922623767295,"cognps_random_slope"
"872","DPM3","Mic P2RY12",-0.280717409487922,3.76838264500944,0.225345261141702,0.635285069029895,0.949736241790035,0.96945689678304,"cognps_random_slope"
"873","THBS3","Mic P2RY12",0.566720297115672,3.41236322174838,0.751518430355912,0.598943836824459,0.936283425111275,0.958949202974935,"cognps_random_slope"
"874","MTX1","Mic P2RY12",0.0999999518773775,3.11090796139553,0.0156157983491377,0.900622516067988,0.999765323016076,0.999791880761836,"cognps_random_slope"
"875","GBA","Mic P2RY12",0.536465339887158,4.39435945290777,1.16579722432724,0.280990071913362,0.750907838952912,0.811474754307675,"cognps_random_slope"
"876","FAM189B","Mic P2RY12",-0.0166344814653366,3.67900501366563,0.00067748568087179,0.979248999362052,0.999765323016076,0.999791880761836,"cognps_random_slope"
"877","SCAMP3","Mic P2RY12",-0.517147519669808,5.24082216880936,1.90539058928554,0.168333564927754,0.639771512789088,0.717501248579107,"cognps_random_slope"
"878","CLK2","Mic P2RY12",-0.0175433497464514,4.95742633952272,0.00176817518362581,0.966482433801698,0.999765323016076,0.999791880761836,"cognps_random_slope"
"879","FDPS","Mic P2RY12",0.146389266845858,5.87636183461617,0.179155701088943,0.672352832605702,0.961372041791375,0.97865973324565,"cognps_random_slope"
"880","RUSC1","Mic P2RY12",0.275802305842243,3.96660486098939,0.274464934720763,0.600674967610433,0.936283425111275,0.959054741582592,"cognps_random_slope"
"881","ASH1L","Mic P2RY12",-0.130873793811624,9.05924124441681,0.549736048568245,0.894356240082721,0.999765323016076,0.999791880761836,"cognps_random_slope"
"882","MSTO1","Mic P2RY12",0.351554919707051,3.93434709784765,0.23519725815432,0.627991906148792,0.946863133922138,0.967676681301655,"cognps_random_slope"
"883","YY1AP1","Mic P2RY12",0.146146533259794,6.85431415989266,0.441364962184429,0.787820636637481,0.990886185623222,0.999791880761836,"cognps_random_slope"
"884","DAP3","Mic P2RY12",0.276842402861832,7.21749403724049,1.8437514434919,0.175363225406641,0.647038156298016,0.722255436515096,"cognps_random_slope"
"885","GON4L","Mic P2RY12",-0.0539636402387929,7.32094265433751,0.0633733970965145,0.80138526566266,0.992196422862696,0.999791880761836,"cognps_random_slope"
"886","SYT11","Mic P2RY12",0.416826707594488,5.17110113442384,1.0244600685693,0.31214388880482,0.769796612435867,0.828989115276752,"cognps_random_slope"
"887","RIT1","Mic P2RY12",-0.821283550499482,4.45578170323895,3.39547563120171,0.0661984198412008,0.469213223209642,0.560226492237189,"cognps_random_slope"
"888","KHDC4","Mic P2RY12",0.16126541284042,5.87179084464043,0.400650501168658,0.973206818174814,0.999765323016076,0.999791880761836,"cognps_random_slope"
"889","ARHGEF2","Mic P2RY12",-0.506065835155606,6.88835532910292,5.33754744142761,0.0214362383228088,0.287554584348309,0.375217385860035,"cognps_random_slope"
"890","SSR2","Mic P2RY12",-0.496234496778136,4.76402851093769,1.27318520489101,0.25992216077429,0.734700880939942,0.795647673408877,"cognps_random_slope"
"891","UBQLN4","Mic P2RY12",-0.963307898349051,4.52675779658209,5.29964582245579,0.0219004619716282,0.290623781808482,0.379236780229514,"cognps_random_slope"
"892","LAMTOR2","Mic P2RY12",-0.281858652384597,4.31639713753861,0.35689753122987,0.550610296209403,0.912593789036859,0.940702419524174,"cognps_random_slope"
"893","LMNA","Mic P2RY12",1.02191786644076,3.08986455032314,1.52818370420566,0.217192030528868,0.698281577604405,0.764081303814675,"cognps_random_slope"
"894","SEMA4A","Mic P2RY12",-0.139232349296799,3.37867039775327,0.0326072980437263,0.856802966151618,0.999765323016076,0.999791880761836,"cognps_random_slope"
"895","SLC25A44","Mic P2RY12",0.416897887243476,4.05102052294171,0.762012509586823,0.400870734482735,0.829881589272977,0.878039616226327,"cognps_random_slope"
"896","SMG5","Mic P2RY12",-0.150869707163438,5.90377754299126,0.231089046624207,0.880993722495232,0.999765323016076,0.999791880761836,"cognps_random_slope"
"897","TMEM79","Mic P2RY12",0.271864492918821,3.62846395683743,0.144931940877121,0.703651178937931,0.97172603554691,0.986617067551194,"cognps_random_slope"
"898","GLMP","Mic P2RY12",-0.87970654633607,3.72256744701963,2.35566227576616,0.179757929413185,0.653182215853061,0.727061808148592,"cognps_random_slope"
"899","CCT3","Mic P2RY12",-0.31187692371354,5.95365203752994,0.371756388229773,0.542433473790422,0.910123298286075,0.939148122050431,"cognps_random_slope"
"900","C1orf61","Mic P2RY12",1.69075807174905,3.4336959275567,4.15104272974518,0.0423405258638668,0.391044374294747,0.483932720223593,"cognps_random_slope"
"901","MEF2D","Mic P2RY12",-0.114007494263076,6.14534950448389,0.0838955702626896,0.772252980448703,0.987134048176166,0.99779870021368,"cognps_random_slope"
"902","NAXE","Mic P2RY12",-0.377391443767262,3.07852052271005,0.218640193088866,0.640361192347546,0.95064587777218,0.970616046892257,"cognps_random_slope"
"903","GPATCH4","Mic P2RY12",-0.160356815490128,4.51672166120983,0.0708204401361283,0.790298450443164,0.990886185623222,0.999791880761836,"cognps_random_slope"
"904","HAPLN2","Mic P2RY12",0.360573004516251,3.11966075887552,0.160441339646476,0.688988357553188,0.967043650386722,0.983552366303845,"cognps_random_slope"
"905","BCAN","Mic P2RY12",1.93524697556902,3.24503293963081,5.25016459590141,0.0225223091296724,0.294635651496423,0.382685966710281,"cognps_random_slope"
"906","ISG20L2","Mic P2RY12",-0.936389775791854,4.32690971556238,3.87176794129665,0.049872845059685,0.418083513064701,0.510316389867414,"cognps_random_slope"
"907","RRNAD1","Mic P2RY12",-0.433260450375709,4.74110953166555,1.35443962909134,0.24527501146535,0.726811407020191,0.787714514449905,"cognps_random_slope"
"908","MRPL24","Mic P2RY12",-0.378688458200426,3.84658589489325,0.33586393082818,0.56258928363079,0.920994257260716,0.947171637626478,"cognps_random_slope"
"909","HDGF","Mic P2RY12",-0.485364447330974,4.52361750775449,1.06914903155821,0.301832550610701,0.763180756742265,0.823329080885451,"cognps_random_slope"
"910","PRCC","Mic P2RY12",0.114343015741933,5.29431745576434,0.127215132524361,0.721546317794417,0.97571529536985,0.991463831658989,"cognps_random_slope"
"911","ARHGEF11","Mic P2RY12",0.0750461819267541,7.35672700960524,0.0947255290511339,0.758431618819729,0.983190954097967,0.995414674993652,"cognps_random_slope"
"912","ETV3","Mic P2RY12",-0.446464412353701,4.2576943756133,0.765506399596606,0.382194726516098,0.819224492969006,0.869658872558077,"cognps_random_slope"
"913","MNDA","Mic P2RY12",-0.0113372333313116,6.12438917372479,0.000721667273367457,0.978583214724608,0.999765323016076,0.999791880761836,"cognps_random_slope"
"914","IFI16","Mic P2RY12",0.0188721172697273,8.75023258014023,0.00485551490544478,0.944485876642613,0.999765323016076,0.999791880761836,"cognps_random_slope"
"915","AIM2","Mic P2RY12",-0.752463507188355,3.54623494250029,0.809118165983998,0.368982992434694,0.812104761618872,0.863296135786651,"cognps_random_slope"
"916","CADM3","Mic P2RY12",1.06486266655382,3.61274440702548,2.1408371776445,0.144297029043546,0.610200216539149,0.68733921820975,"cognps_random_slope"
"917","DUSP23","Mic P2RY12",-0.917538937579239,3.37261287398856,1.73182831893354,0.189015791082032,0.665703184307573,0.736622473629113,"cognps_random_slope"
"918","SLAMF8","Mic P2RY12",-2.17218001573645,3.76025483185174,5.84229632831656,0.0161422918810193,0.250448089129526,0.333978107506926,"cognps_random_slope"
"919","TAGLN2","Mic P2RY12",-1.91452925984362,3.06552092135734,4.96894213930669,0.0264236792009796,0.314587873345963,0.40602907174444,"cognps_random_slope"
"920","KCNJ9","Mic P2RY12",0.459375717819844,2.81425780540067,0.214066517512704,0.643878430134467,0.951443629329721,0.970883120121208,"cognps_random_slope"
"921","IGSF8","Mic P2RY12",0.91587780527108,4.19436274313766,2.34037842246445,0.126938029688038,0.586524657513285,0.664766057913315,"cognps_random_slope"
"922","ATP1A2","Mic P2RY12",1.63181124346332,3.64774170912828,4.25821714056915,0.0397779998082118,0.37886636491105,0.472993146453658,"cognps_random_slope"
"923","PEA15","Mic P2RY12",-0.456541928941497,5.07467770683869,1.27368159739235,0.269791601530672,0.7436443808366,0.803327988713777,"cognps_random_slope"
"924","DCAF8","Mic P2RY12",-0.578912028808132,4.8878087830973,2.11503620340418,0.14673078914752,0.613906387967251,0.69162109648155,"cognps_random_slope"
"925","AL139011.2","Mic P2RY12",-0.380132851471081,3.52219112967028,0.287376254208202,0.59223822230624,0.932986873172101,0.95650743789449,"cognps_random_slope"
"926","COPA","Mic P2RY12",-0.455086727260698,7.41714793918365,2.39948601598003,0.122254657172934,0.581048777697984,0.660739747366969,"cognps_random_slope"
"927","NCSTN","Mic P2RY12",-0.208476702267279,4.85357156886598,0.252654397915441,0.61551986532331,0.940879358414831,0.96381483341965,"cognps_random_slope"
"928","CD84","Mic P2RY12",-0.271012963358999,7.5969101244451,0.721746722796778,0.396136742945585,0.827480899009412,0.876961525008584,"cognps_random_slope"
"929","F11R","Mic P2RY12",-2.91824198530154,3.75797383186058,21.6702068663597,4.56102534258465e-06,0.00436587861542692,0.00734487973918364,"cognps_random_slope"
"930","AL591806.3","Mic P2RY12",0.264839889438005,2.97695675457078,0.0722485664838378,0.788244700702979,0.990886185623222,0.999791880761836,"cognps_random_slope"
"931","USF1","Mic P2RY12",-0.51481510750694,4.7624186756081,1.27437770104814,0.25969950163967,0.734255059837443,0.795108912750717,"cognps_random_slope"
"932","ARHGAP30","Mic P2RY12",0.0259314529861967,6.61795413503102,0.00836288366991771,0.927186900564035,0.999765323016076,0.999791880761836,"cognps_random_slope"
"933","PFDN2","Mic P2RY12",-0.765156784700007,5.25393300196317,5.07209294013869,0.0249166690730956,0.306619175618506,0.396825833931541,"cognps_random_slope"
"934","NIT1","Mic P2RY12",-0.723035848546198,4.87674712663464,3.42980747273156,0.064848937941522,0.466223507164344,0.557596989279792,"cognps_random_slope"
"935","DEDD","Mic P2RY12",-0.173416270878082,4.37234581948425,0.138520757743812,0.709975248755584,0.973488894113894,0.988890731326174,"cognps_random_slope"
"936","UFC1","Mic P2RY12",0.29994515547341,4.35233058261798,0.391391470038494,0.882101744439672,0.999765323016076,0.999791880761836,"cognps_random_slope"
"937","USP21","Mic P2RY12",-0.417693978065112,3.13757229802056,0.306288104664987,0.777013596086935,0.989373745102453,0.999142156805629,"cognps_random_slope"
"938","PPOX","Mic P2RY12",0.449226704924533,3.75598810146635,0.595023119946691,0.617608752917661,0.941696996000635,0.963917775753802,"cognps_random_slope"
"939","B4GALT3","Mic P2RY12",0.764093149311786,3.78022675607145,1.69822418891939,0.348214126100077,0.797345383686804,0.848707677277839,"cognps_random_slope"
"940","ADAMTS4","Mic P2RY12",2.12091909866772,2.5688317364142,2.73790440865506,0.0988656325280672,0.537484114202283,0.623301366148007,"cognps_random_slope"
"941","NDUFS2","Mic P2RY12",-0.342644178828,5.98451776406985,1.21134589295654,0.271801873413447,0.744483269496792,0.804064195788762,"cognps_random_slope"
"942","FCER1G","Mic P2RY12",-0.894349443760101,6.30573496271168,2.58411130040774,0.108818538989959,0.559155383820723,0.643239108948252,"cognps_random_slope"
"943","TOMM40L","Mic P2RY12",-0.321006013245271,3.89863543937548,0.30286307100886,0.582434729575345,0.927859733775962,0.9522571873954,"cognps_random_slope"
"944","MPZ","Mic P2RY12",0.116129062005862,3.4505800107555,0.029768480629391,0.89188777793529,0.999765323016076,0.999791880761836,"cognps_random_slope"
"945","SDHC","Mic P2RY12",-0.391554240953625,5.92615730686567,2.32055557494128,0.128553252800144,0.58844594023972,0.665657920588163,"cognps_random_slope"
"946","AL592295.4","Mic P2RY12",-0.8082006473646,5.28710327495465,3.61614827017035,0.0580201372746239,0.446941722540408,0.539785780268698,"cognps_random_slope"
"947","AL592295.3","Mic P2RY12",-0.199059992598428,3.60419517642856,0.0558901980134844,0.813248292744446,0.994763030214352,0.999791880761836,"cognps_random_slope"
"948","FCGR2A","Mic P2RY12",-0.376930553784464,7.6532049211209,0.541243290884115,0.462397465882972,0.868382647003873,0.908423730301647,"cognps_random_slope"
"949","HSPA6","Mic P2RY12",-1.96874006042348,5.65706605758067,4.12820945351779,0.0429086461482661,0.393309690172992,0.486852253353125,"cognps_random_slope"
"950","FCGR3A","Mic P2RY12",-0.695554003490278,7.40739830796322,1.78312006706556,0.182611244622187,0.65828729724942,0.730448930950347,"cognps_random_slope"
"951","FCGR2B","Mic P2RY12",0.116559257383762,4.36801359852456,0.0207754901639689,0.885472982091345,0.999765323016076,0.999791880761836,"cognps_random_slope"
"952","DUSP12","Mic P2RY12",-0.208078933011651,5.01671293337258,0.31940377880312,0.572318558537862,0.924344761669553,0.949774894686965,"cognps_random_slope"
"953","ATF6","Mic P2RY12",-0.164895198671326,8.76441463726645,0.255376724268666,0.613623912998813,0.940399122416995,0.963142172997874,"cognps_random_slope"
"954","OLFML2B","Mic P2RY12",0.600826285554792,6.24526124539554,1.16052802446886,0.282078155010741,0.751367393221812,0.811775849466064,"cognps_random_slope"
"955","NOS1AP","Mic P2RY12",1.18501815555184,5.28249983235814,1.38340278770953,0.240300365968279,0.721547211369236,0.78243381726673,"cognps_random_slope"
"956","UHMK1","Mic P2RY12",-0.479373540872291,5.8925152780007,2.13389454715428,0.144947394192964,0.61174576407558,0.688855737932563,"cognps_random_slope"
"957","UAP1","Mic P2RY12",-0.393134781369148,3.52068381206249,0.368416639995248,0.544251609919189,0.910437626329679,0.939521634427881,"cognps_random_slope"
"958","DDR2","Mic P2RY12",0.286285401764738,2.7761357663779,0.0786583777725751,0.779285101624708,0.990020960532974,0.999508397105588,"cognps_random_slope"
"959","HSD17B7","Mic P2RY12",0.273739102790036,5.15296563612458,0.409492258214033,0.522634781120032,0.89954131797965,0.931455315464605,"cognps_random_slope"
"960","RGS4","Mic P2RY12",2.91293791008546,3.96763350484205,11.0685296315519,0.00096867421265296,0.0655616319381935,0.0953657647347641,"cognps_random_slope"
"961","RGS5","Mic P2RY12",1.5707742375602,3.21324746852085,3.58387110107754,0.059145653706678,0.44989912477379,0.543094414862529,"cognps_random_slope"
"962","NUF2","Mic P2RY12",0.258980870788218,2.72749419289757,0.065803327534781,0.79769479283595,0.992143902613387,0.999791880761836,"cognps_random_slope"
"963","PBX1","Mic P2RY12",2.19808731150972,5.09201567643363,12.1076010384661,0.000563831238212325,0.0500182916049129,0.0761335696356081,"cognps_random_slope"
"964","MGST3","Mic P2RY12",-0.0984384205661,6.23728005923361,0.0855290618769199,0.770108544337046,0.986443273387328,0.997526881305537,"cognps_random_slope"
"965","ALDH9A1","Mic P2RY12",0.049453439072113,4.32539184320188,0.0117456081876474,0.913756961646215,0.999765323016076,0.999791880761836,"cognps_random_slope"
"966","TMCO1","Mic P2RY12",0.0721089565495753,4.98652729069703,0.0379679816901436,0.845617478980661,0.999765323016076,0.999791880761836,"cognps_random_slope"
"967","AL451074.2","Mic P2RY12",2.09742244435828,2.90157513093353,5.75014160401294,0.0169964491351115,0.255826302021261,0.33875795523347,"cognps_random_slope"
"968","UCK2","Mic P2RY12",-0.11656735518228,5.89391175216475,0.078131510806839,0.780006370225772,0.990020960532974,0.999508397105588,"cognps_random_slope"
"969","FAM78B","Mic P2RY12",0.167118598407583,3.49604166375378,0.0582923174369231,0.809353249998143,0.994034132767222,0.999791880761836,"cognps_random_slope"
"970","POGK","Mic P2RY12",-0.803493749442335,5.38115508278168,5.34573619070642,0.0213372932091978,0.286753406920231,0.374357412763708,"cognps_random_slope"
"971","TADA1","Mic P2RY12",0.847505346750236,3.85242415555938,2.19008559368949,0.152079261069983,0.620588970036187,0.69815250271284,"cognps_random_slope"
"972","DUSP27","Mic P2RY12",0.520878933778591,4.01222378005611,0.404240967360929,0.525311517815882,0.901128200942344,0.93249246154348,"cognps_random_slope"
"973","POU2F1","Mic P2RY12",-0.174632407261687,7.83351179821586,0.539071094372992,0.463296375353931,0.869313179238033,0.909355160613382,"cognps_random_slope"
"974","CD247","Mic P2RY12",1.13598736717751,4.13146612440024,1.58883110659299,0.208310432965303,0.689568715448822,0.754934645981545,"cognps_random_slope"
"975","CREG1","Mic P2RY12",-0.102438246521987,6.64120334948032,0.0721336440899643,0.788409157907126,0.990886185623222,0.999791880761836,"cognps_random_slope"
"976","RCSD1","Mic P2RY12",-0.0865502459221034,9.05166253853368,0.095083738111705,0.757989602436251,0.983190954097967,0.995414674993652,"cognps_random_slope"
"977","MPZL1","Mic P2RY12",-0.162155314829226,8.01221664408164,0.262349720871762,0.608824846715935,0.93885760879533,0.961459183207151,"cognps_random_slope"
"978","ADCY10","Mic P2RY12",0.230042892229218,3.50508900991455,0.0734346886752625,0.786555458916275,0.990846935978286,0.999791880761836,"cognps_random_slope"
"979","MPC2","Mic P2RY12",-0.159995306983151,4.9402314663668,0.0964398845914087,0.756324380858452,0.983190954097967,0.995414674993652,"cognps_random_slope"
"980","DCAF6","Mic P2RY12",-0.69153197564744,8.35122010640186,4.10850030798276,0.0434055093216587,0.395101986945241,0.48915845656095,"cognps_random_slope"
"981","GPR161","Mic P2RY12",-0.419226422972932,4.49466095850913,0.558018381718282,0.455547873440037,0.865333388169053,0.905598852945087,"cognps_random_slope"
"982","TIPRL","Mic P2RY12",0.0155927024135393,5.36726751141625,0.0022807537201085,0.961936227269255,0.999765323016076,0.999791880761836,"cognps_random_slope"
"983","SFT2D2","Mic P2RY12",-0.428103857776736,6.78663016114209,2.40150118023707,0.122098416112774,0.581048777697984,0.660503517595267,"cognps_random_slope"
"984","TBX19","Mic P2RY12",-0.553580819187622,5.2907259120299,1.17461337726843,0.279181406601927,0.749611306325873,0.810578855356144,"cognps_random_slope"
"985","LINC00970","Mic P2RY12",0.0111381543659461,2.81697305043335,0.000457421228831651,0.98294847942232,0.999765323016076,0.999791880761836,"cognps_random_slope"
"986","ATP1B1","Mic P2RY12",1.27037843423514,6.63304121697327,5.88381319992057,0.0157721308842574,0.247891105095161,0.330459807893156,"cognps_random_slope"
"987","NME7","Mic P2RY12",0.491253010177476,5.4687414807791,1.8534781453792,0.17423175014059,0.646420631530528,0.722173203526035,"cognps_random_slope"
"988","BLZF1","Mic P2RY12",0.0404226335161583,5.18707224622541,0.0125120795907955,0.910998874082803,0.999765323016076,0.999791880761836,"cognps_random_slope"
"989","SLC19A2","Mic P2RY12",-1.51706077042812,4.07998606947902,6.81567034167432,0.00941413756216604,0.193745976026164,0.266311811096321,"cognps_random_slope"
"990","C1orf112","Mic P2RY12",0.706399380842353,5.62973487686945,2.99158676017908,0.0845561496829264,0.507375146962932,0.594787555439735,"cognps_random_slope"
"991","SELL","Mic P2RY12",-0.0880609203751615,3.98808070456339,0.00939151154590463,0.922852000909124,0.999765323016076,0.999791880761836,"cognps_random_slope"
"992","SCYL3","Mic P2RY12",-0.149444718181266,4.91529963271349,0.152994043319484,0.695922039083986,0.969296644507763,0.984989885855413,"cognps_random_slope"
"993","KIFAP3","Mic P2RY12",0.697103231934349,5.5603824181912,3.67653353426073,0.055975373147423,0.439698696101181,0.532924319091491,"cognps_random_slope"
"994","GORAB","Mic P2RY12",0.411833724175047,4.17148420356633,0.634643204546544,0.622885767127293,0.944584379910926,0.96515186390961,"cognps_random_slope"
"995","FMO4","Mic P2RY12",1.29670087989614,4.38589267427006,6.00154578492183,0.0147694754186815,0.240201140880766,0.320141252969229,"cognps_random_slope"
"996","PRRC2C","Mic P2RY12",-0.166259863839267,8.34421966654885,0.482294929487973,0.487833038841793,0.882892893919032,0.917696481781987,"cognps_random_slope"
"997","MYOCOS","Mic P2RY12",0.516176583333424,3.51608247265717,0.214635713956273,0.64343823392571,0.951443629329721,0.970883120121208,"cognps_random_slope"
"998","VAMP4","Mic P2RY12",-0.17159985177655,4.60569652947644,0.159059801226646,0.690260315986307,0.967087387252322,0.983834746694361,"cognps_random_slope"
"999","METTL13","Mic P2RY12",0.233100821318787,3.86843837571312,0.181571447599715,0.768477835581957,0.986294885705015,0.997038473717198,"cognps_random_slope"
"1000","DNM3","Mic P2RY12",0.0504507117987935,7.04371294089938,0.0135111949102494,0.907529067043868,0.999765323016076,0.999791880761836,"cognps_random_slope"
"1001","PIGC","Mic P2RY12",0.813139908019112,4.90350140996758,3.10177873339485,0.0790565794990984,0.498089902147352,0.584946040304291,"cognps_random_slope"
"1002","SUCO","Mic P2RY12",0.34117543583956,6.44105682953577,1.70354491746173,0.192659483193789,0.670256940363439,0.739445997413517,"cognps_random_slope"
"1003","AL031599.1","Mic P2RY12",-2.76796381667458,2.69801281902531,6.37534221138862,0.0120009809902135,0.218445945217125,0.290920836128514,"cognps_random_slope"
"1004","TNFSF18","Mic P2RY12",-2.78877958808902,2.26213103435248,2.92019241739767,0.088340200214633,0.516037663448055,0.601519122270885,"cognps_random_slope"
"1005","AL645568.1","Mic P2RY12",0.244296874093807,5.90931773126038,0.410234613197958,0.522258334949263,0.899124350803581,0.931455315464605,"cognps_random_slope"
"1006","PRDX6","Mic P2RY12",-0.196205909014943,4.86844136911668,0.187599510779075,0.665181735715652,0.957960903792096,0.975902687187237,"cognps_random_slope"
"1007","SLC9C2","Mic P2RY12",1.08043631285675,2.64256346343001,0.906555986653418,0.341669350755552,0.792405774789648,0.845625767302657,"cognps_random_slope"
"1008","KLHL20","Mic P2RY12",0.107264396947696,6.35121299368048,0.147569768373208,0.716955669236844,0.975412307559,0.990827860187382,"cognps_random_slope"
"1009","DARS2","Mic P2RY12",0.102362205967767,4.04071494293139,0.0327692926816103,0.856451571282347,0.999765323016076,0.999791880761836,"cognps_random_slope"
"1010","ZBTB37","Mic P2RY12",-0.389857766979948,5.75304472448447,1.35883200199298,0.244512541046791,0.726015073757385,0.786942931891492,"cognps_random_slope"
"1011","RC3H1","Mic P2RY12",-0.278809639516421,7.59373701296658,1.78421490371819,0.182477318564022,0.658244561527982,0.730200771570086,"cognps_random_slope"
"1012","RABGAP1L","Mic P2RY12",0.195041080538161,9.28242963010523,0.987119175016243,0.321115507938904,0.775224089693614,0.833089657823082,"cognps_random_slope"
"1013","Z99127.1","Mic P2RY12",-0.824875576223462,2.75190081229157,0.659278310541155,0.417351952804745,0.840787365511229,0.886483329915441,"cognps_random_slope"
"1014","CACYBP","Mic P2RY12",0.0163229852353813,5.04693526222277,0.000638558599070835,0.979853844232963,0.999765323016076,0.999791880761836,"cognps_random_slope"
"1015","MRPS14","Mic P2RY12",0.149690599217169,4.44151521891459,0.107521835837694,0.743174140231486,0.982072175094771,0.994674014762625,"cognps_random_slope"
"1016","KIAA0040","Mic P2RY12",-2.36132243909682,3.96315433025822,12.861019012202,0.000381869015242279,0.0406144974068395,0.0623857749901245,"cognps_random_slope"
"1017","TNR","Mic P2RY12",2.10314338523606,3.81802877247206,9.27726855887255,0.00249136258281475,0.106599101504552,0.151782714335378,"cognps_random_slope"
"1018","AL513329.1","Mic P2RY12",-0.902262867993383,2.94635320808258,1.0959623569715,0.295857002321336,0.760181663718371,0.820779427630148,"cognps_random_slope"
"1019","COP1","Mic P2RY12",-0.103220100403991,8.76359316054668,0.282022740664563,0.59570631317671,0.935113072845389,0.95808998326772,"cognps_random_slope"
"1020","AL359265.3","Mic P2RY12",0.427318159504405,3.4717682991977,0.361824255444585,0.547873817102469,0.91189570676601,0.940046630323137,"cognps_random_slope"
"1021","PAPPA2","Mic P2RY12",-0.219202236451725,3.32816550190247,0.0762890997460198,0.782549417181412,0.990020960532974,0.999508397105588,"cognps_random_slope"
"1022","ASTN1","Mic P2RY12",3.64309035100646,4.65909523931715,16.4440218526366,6.14674491182576e-05,0.0206378319555851,0.0322974801560221,"cognps_random_slope"
"1023","BRINP2","Mic P2RY12",3.76178557646092,3.93748833036519,14.6682109667908,0.000151211821855096,0.0281443003427798,0.0431527914395335,"cognps_random_slope"
"1024","SEC16B","Mic P2RY12",0.956478813119715,4.21010458417708,3.79880270064982,0.0520664122373958,0.429115615248058,0.522169601375485,"cognps_random_slope"
"1025","RASAL2","Mic P2RY12",-0.251172202684692,8.98469339018715,0.709407823014688,0.40020024135441,0.82954706831376,0.878025991099495,"cognps_random_slope"
"1026","RALGPS2","Mic P2RY12",0.442627700057014,7.28714492392983,1.04563389475529,0.307202144661014,0.767459627034639,0.826769615798399,"cognps_random_slope"
"1027","ANGPTL1","Mic P2RY12",0.0599854221875581,3.5568696728988,0.00356918366504785,0.952393790654174,0.999765323016076,0.999791880761836,"cognps_random_slope"
"1028","FAM20B","Mic P2RY12",-0.441545315819504,5.37679882105996,1.87356721173215,0.171921443443628,0.644740804528061,0.722173203526035,"cognps_random_slope"
"1029","TOR3A","Mic P2RY12",-0.182689660523054,4.54282301479375,0.165230770135176,0.684627416911842,0.96526547799949,0.981938174288632,"cognps_random_slope"
"1030","ABL2","Mic P2RY12",-0.221182921976633,7.55790746795013,0.38184245295625,0.53700994541757,0.907385331045834,0.937138625255325,"cognps_random_slope"
"1031","SOAT1","Mic P2RY12",-0.574076500728356,7.64216868618343,7.78848523329665,0.00553844729331719,0.15212006754199,0.210755373472033,"cognps_random_slope"
"1032","TOR1AIP2","Mic P2RY12",-0.569362109732334,5.88377932230165,3.38559764156716,0.0665922499883973,0.469213223209642,0.560515038951995,"cognps_random_slope"
"1033","AL353708.3","Mic P2RY12",-0.529738640611007,2.68750983715992,0.280565370560551,0.596657728292705,0.93511989159524,0.95808998326772,"cognps_random_slope"
"1034","TOR1AIP1","Mic P2RY12",-0.229948341191867,5.48196294311218,0.430137148222769,0.512341019479477,0.89451290772054,0.928216673430152,"cognps_random_slope"
"1035","CEP350","Mic P2RY12",-0.707926077295559,8.40529498859464,7.74926326853203,0.00565737967999463,0.152674796573943,0.211547649981078,"cognps_random_slope"
"1036","QSOX1","Mic P2RY12",0.156838470342969,5.83440125989814,0.282970350937481,0.681306860999151,0.963764980353924,0.980589311801902,"cognps_random_slope"
"1037","ACBD6","Mic P2RY12",0.231659124951736,7.54303091107776,0.879245736679369,0.349037641183897,0.798330104351058,0.84988158769748,"cognps_random_slope"
"1038","XPR1","Mic P2RY12",-0.621681012785933,7.59645776943314,5.59224879203042,0.0185705069199474,0.268407943935274,0.354206496201534,"cognps_random_slope"
"1039","AL162431.2","Mic P2RY12",-1.20015383216851,4.02115507920124,3.76613664277285,0.0530814682370481,0.431118033845262,0.523624991942937,"cognps_random_slope"
"1040","STX6","Mic P2RY12",-0.793472816655367,6.83035316484391,6.03791690115108,0.0144732437780453,0.237982748306239,0.316927636578854,"cognps_random_slope"
"1041","MR1","Mic P2RY12",-0.409415206146566,6.06070872390041,1.31849682234055,0.251625209923094,0.729501575487489,0.789459281326494,"cognps_random_slope"
"1042","IER5","Mic P2RY12",-1.02524592423842,5.26870365867863,1.91123094642385,0.167684504118711,0.638936604974368,0.716732069796503,"cognps_random_slope"
"1043","CACNA1E","Mic P2RY12",0.72525157508928,3.52749292722834,0.909716506524008,0.340830290551304,0.792400509359127,0.845512643098497,"cognps_random_slope"
"1044","GLUL","Mic P2RY12",0.447968114771197,7.51809756767848,0.382512868096948,0.536652965340468,0.907124922871798,0.936994042630719,"cognps_random_slope"
"1045","RNASEL","Mic P2RY12",0.433792710939441,4.10611464733446,0.786339436111171,0.375801909903727,0.815771808139964,0.866579776333413,"cognps_random_slope"
"1046","RGS16","Mic P2RY12",-0.386909544373601,6.03298181420397,0.157214109508101,0.691969645442867,0.967517350043491,0.984091508213257,"cognps_random_slope"
"1047","NPL","Mic P2RY12",0.373709078138683,8.82396532464905,1.41719722682365,0.234650493885303,0.715803552876503,0.777974371744406,"cognps_random_slope"
"1048","DHX9","Mic P2RY12",-0.452042893750158,6.91709612053348,4.536220829555,0.0338632842082276,0.351784396646867,0.444855169044078,"cognps_random_slope"
"1049","LAMC1","Mic P2RY12",0.0777928982136795,2.76911037017332,0.00637133570976584,0.93642430090673,0.999765323016076,0.999791880761836,"cognps_random_slope"
"1050","NMNAT2","Mic P2RY12",1.10199507947328,4.09337008177311,2.6982463062636,0.101332729477868,0.542074332563011,0.6273410096216,"cognps_random_slope"
"1051","SMG7","Mic P2RY12",-0.358677171275456,6.87505788216386,2.35753933840086,0.12555799810982,0.585415476693599,0.663578701621864,"cognps_random_slope"
"1052","NCF2","Mic P2RY12",-0.30412421490802,5.47381904877525,0.490025683023969,0.484368426653212,0.881462467904707,0.916739510069731,"cognps_random_slope"
"1053","ARPC5","Mic P2RY12",-0.396738109559421,6.28245460115933,1.68517101425315,0.195070665843937,0.67374793633366,0.742219972915481,"cognps_random_slope"
"1054","RGL1","Mic P2RY12",-0.57573788905378,7.5622051207654,1.18986153901564,0.27608778528568,0.747595304395617,0.807469550139811,"cognps_random_slope"
"1055","COLGALT2","Mic P2RY12",1.04144286573485,3.1803951348852,1.550202896331,0.213916172903798,0.694865796886676,0.760420100795712,"cognps_random_slope"
"1056","TSEN15","Mic P2RY12",-0.248389353697969,5.60968407663482,0.501252278460203,0.479408996926431,0.880549559893777,0.916188508578994,"cognps_random_slope"
"1057","C1orf21","Mic P2RY12",0.544687318507655,3.40307387961585,0.560965894320771,0.45436092443208,0.865094078152742,0.905598852945087,"cognps_random_slope"
"1058","EDEM3","Mic P2RY12",-0.437650082481169,6.6996947070558,2.27534121533372,0.132324179789796,0.592633394995828,0.670091786469218,"cognps_random_slope"
"1059","FAM129A","Mic P2RY12",-0.699641113070189,8.2582327777777,1.00780500496168,0.316104249386784,0.771046347109003,0.830025217985487,"cognps_random_slope"
"1060","RNF2","Mic P2RY12",-0.476850839587054,5.9115992571085,2.50069487685779,0.114675130621132,0.568579318767134,0.649688862805022,"cognps_random_slope"
"1061","TRMT1L","Mic P2RY12",0.376305388344353,5.39499476785257,0.996782294018844,0.318761640354074,0.774003395974804,0.831665714048995,"cognps_random_slope"
"1062","SWT1","Mic P2RY12",0.0871830660145461,5.48538540811555,0.0565634623981575,0.812147814332739,0.994447726155304,0.999791880761836,"cognps_random_slope"
"1063","IVNS1ABP","Mic P2RY12",-1.01685567309167,6.28981490991888,8.61405948001256,0.00355008129654317,0.121986255012756,0.175518821996855,"cognps_random_slope"
"1064","TPR","Mic P2RY12",-0.120615790436367,6.62170572200031,0.241717162322573,0.644782840544948,0.951443629329721,0.970887183190732,"cognps_random_slope"
"1065","ODR4","Mic P2RY12",-0.14406135500693,6.17302350374087,0.331550387752458,0.565107720118702,0.922412735360625,0.948366350310864,"cognps_random_slope"
"1066","AL596220.1","Mic P2RY12",-0.851630664480859,4.79812641178559,3.54491658422026,0.0605351455603117,0.453201947292591,0.546124392419859,"cognps_random_slope"
"1067","PTGS2","Mic P2RY12",0.247088039356041,2.59357113314059,0.0272866469923754,0.868889844922018,0.999765323016076,0.999791880761836,"cognps_random_slope"
"1068","PLA2G4A","Mic P2RY12",-0.192085551547384,8.05672103963414,0.561009580964557,0.454343368670918,0.865094078152742,0.905598852945087,"cognps_random_slope"
"1069","ERVMER61-1","Mic P2RY12",0.203472961056112,4.90515816779242,0.0923747263537214,0.761355389386311,0.983444108849778,0.995654050815275,"cognps_random_slope"
"1070","BRINP3","Mic P2RY12",3.18101609380716,3.71850635488784,15.056010558968,0.000124125460216123,0.0264032586088297,0.0399772642938929,"cognps_random_slope"
"1071","RGS18","Mic P2RY12",-0.756738510239087,5.49910520015876,2.94128892444933,0.0872032314377937,0.513808976371187,0.599371981462588,"cognps_random_slope"
"1072","AL390957.1","Mic P2RY12",-0.482045581127962,4.15805609972586,0.688114962003273,0.407356563359238,0.834389889239559,0.882108889845374,"cognps_random_slope"
"1073","RGS1","Mic P2RY12",-1.49738476429019,7.59321459554695,2.53354986974205,0.112327814215951,0.564329822206441,0.647351219946283,"cognps_random_slope"
"1074","AL136454.1","Mic P2RY12",-1.55601518200436,3.62434356847028,3.57941950870594,0.0593027020886598,0.450263745433501,0.543266728398551,"cognps_random_slope"
"1075","RGS2","Mic P2RY12",-0.37554626718343,4.45353452748171,0.150206990800079,0.698566906110627,0.969804265685207,0.98522366711326,"cognps_random_slope"
"1076","UCHL5","Mic P2RY12",-0.470615366574694,5.36106249571169,1.85450216614697,0.174113120838316,0.646420631530528,0.722173203526035,"cognps_random_slope"
"1077","TROVE2","Mic P2RY12",-0.13964669404958,5.59087800873999,0.202485449866685,0.652993214549455,0.954420308107869,0.973494108193761,"cognps_random_slope"
"1078","GLRX2","Mic P2RY12",0.370004997180967,3.79755464963355,0.389239778599068,0.789041730358655,0.990886185623222,0.999791880761836,"cognps_random_slope"
"1079","CDC73","Mic P2RY12",0.0278758332302401,7.22580025496879,0.0126909986310753,0.910367463679908,0.999765323016076,0.999791880761836,"cognps_random_slope"
"1080","KCNT2","Mic P2RY12",1.87316939348928,3.37574070041189,4.94723517477077,0.0267527572235264,0.316544504259598,0.407211199465947,"cognps_random_slope"
"1081","ZBTB41","Mic P2RY12",0.226421736181203,4.83190340276751,0.312047014059175,0.876676909822309,0.999765323016076,0.999791880761836,"cognps_random_slope"
"1082","CRB1","Mic P2RY12",1.42783959584562,3.18575427632059,2.82565641607404,0.0936371937832054,0.529241684474372,0.613677480768129,"cognps_random_slope"
"1083","DENND1B","Mic P2RY12",-1.04613020798711,6.14372823789863,9.43577055661632,0.00229004424388615,0.101956421635609,0.14543393655891,"cognps_random_slope"
"1084","NEK7","Mic P2RY12",0.0497138460646405,7.62772216659302,0.0279184113272614,0.867394691290249,0.999765323016076,0.999791880761836,"cognps_random_slope"
"1085","PTPRC","Mic P2RY12",-0.292739165057457,9.5183869257806,1.42158260838508,0.233929220828031,0.714968191359668,0.777563974808941,"cognps_random_slope"
"1086","AL157402.2","Mic P2RY12",0.0095320078008522,3.76838538361681,3.90925078594882e-05,0.995014805763612,0.999765323016076,0.999791880761836,"cognps_random_slope"
"1087","MIR181A1HG","Mic P2RY12",-1.18836023483604,7.14781380251756,2.84473761832998,0.0925407675828602,0.527592886656552,0.612635988723348,"cognps_random_slope"
"1088","LINC00862","Mic P2RY12",-0.191121783964826,5.20015847858338,0.101406156344349,0.750333524388868,0.982244103840787,0.994674014762625,"cognps_random_slope"
"1089","AC104461.1","Mic P2RY12",-0.522043019398257,3.11557272754335,0.346669271454283,0.556374284898238,0.917015734591805,0.944750941706016,"cognps_random_slope"
"1090","ZNF281","Mic P2RY12",-0.925960818155696,4.32158721818358,3.09236864219993,0.0795107545534418,0.499146433286928,0.586392993784764,"cognps_random_slope"
"1091","DDX59","Mic P2RY12",1.28271593788652,4.81343626550451,8.46874286917522,0.00383790140036689,0.127629658632976,0.182373018313553,"cognps_random_slope"
"1092","CAMSAP2","Mic P2RY12",-0.105569934205701,7.54355534705394,0.26642519098155,0.606057141549539,0.938282319074096,0.960731988827416,"cognps_random_slope"
"1093","KIF21B","Mic P2RY12",0.348553701996225,5.40393460377072,0.645012705474556,0.422431904474289,0.843165021128976,0.888235512611582,"cognps_random_slope"
"1094","TMEM9","Mic P2RY12",0.397977709498911,3.77247494734817,0.460058421367155,0.498032865546999,0.88763644516496,0.922308853833548,"cognps_random_slope"
"1095","PHLDA3","Mic P2RY12",0.958548381611939,3.27401937517342,1.50292122257476,0.221024594717944,0.701884026970417,0.766274263749453,"cognps_random_slope"
"1096","CSRP1","Mic P2RY12",0.522982991868803,3.59582734345047,0.63167606123833,0.435739706069882,0.85221071235296,0.894756086242291,"cognps_random_slope"
"1097","AC096677.1","Mic P2RY12",1.87142620812173,3.82827687695597,7.70068670664341,0.00580831481580737,0.153549860407844,0.212612946197523,"cognps_random_slope"
"1098","NAV1","Mic P2RY12",-0.451366197555019,6.30125958734763,0.811792578541052,0.368193781096727,0.812104761618872,0.862758334302347,"cognps_random_slope"
"1099","IPO9-AS1","Mic P2RY12",-0.18436656079738,4.61318231800828,0.0934940602543218,0.759958224275363,0.983190954097967,0.995414674993652,"cognps_random_slope"
"1100","IPO9","Mic P2RY12",-0.190375673082356,6.71357669918091,0.64027545769343,0.424139317608154,0.844676919457407,0.889133617630447,"cognps_random_slope"
"1101","TIMM17A","Mic P2RY12",0.282072719807955,4.40545555837527,0.278919028737536,0.59773632544451,0.935775674346053,0.958529444280992,"cognps_random_slope"
"1102","RNPEP","Mic P2RY12",-0.274722374551552,5.87544317010193,0.931710545156757,0.335067465339729,0.788176075656962,0.843736805471964,"cognps_random_slope"
"1103","ARL8A","Mic P2RY12",-0.177688371146566,5.1868430260893,0.237179417631772,0.626547446963686,0.94572173867191,0.966706281946093,"cognps_random_slope"
"1104","PTPN7","Mic P2RY12",-0.35286859499135,4.53278952496329,0.194618074118934,0.659365609378125,0.955612931885691,0.973592644066785,"cognps_random_slope"
"1105","UBE2T","Mic P2RY12",0.025203402216176,2.68799545889246,0.00191006443376588,0.96516438011706,0.999765323016076,0.999791880761836,"cognps_random_slope"
"1106","PPP1R12B","Mic P2RY12",-0.064632450618031,7.35239976736167,0.0745390710770552,0.78499574697868,0.990719344618726,0.999791880761836,"cognps_random_slope"
"1107","KDM5B","Mic P2RY12",-0.201057784809892,5.97372873020271,0.268937806098323,0.60436412913394,0.937802649979608,0.960175025554302,"cognps_random_slope"
"1108","RABIF","Mic P2RY12",-0.442154796550036,3.67354211814064,0.523817905483785,0.469688112105492,0.873600331759291,0.911989958554649,"cognps_random_slope"
"1109","KLHL12","Mic P2RY12",-0.165885017562443,5.10413881489031,0.24933215748036,0.617851046428744,0.941744981027251,0.963917775753802,"cognps_random_slope"
"1110","ADIPOR1","Mic P2RY12",-0.44134988227664,4.94449351694078,1.36244857827947,0.243886918216376,0.725752099942929,0.786644664417554,"cognps_random_slope"
"1111","CYB5R1","Mic P2RY12",-0.795207147549704,4.6445599786762,3.88133087508704,0.0495927072337062,0.417939219384424,0.510316389867414,"cognps_random_slope"
"1112","TMEM183A","Mic P2RY12",0.248767681937293,3.83236165307711,0.23340095893839,0.629307434445711,0.947640749708162,0.9679212910507,"cognps_random_slope"
"1113","PPFIA4","Mic P2RY12",0.762891750075111,3.85087167519724,0.894140149868481,0.344992708035791,0.795192170689308,0.846984711169216,"cognps_random_slope"
"1114","ADORA1","Mic P2RY12",-1.35522508372382,3.83610923295308,2.62843265246405,0.105841675217333,0.550261438749286,0.634792953430487,"cognps_random_slope"
"1115","MYBPH","Mic P2RY12",-5.64235549686196,2.95607353483292,19.0244151584571,1.68781196486076e-05,0.00837717338559226,0.0140932299065874,"cognps_random_slope"
"1116","CHI3L1","Mic P2RY12",-4.8839934724249,4.82725372489126,16.941939773174,4.78341919569012e-05,0.0173250272003901,0.0269605464417085,"cognps_random_slope"
"1117","CHIT1","Mic P2RY12",-0.274200401105905,3.22733611584228,0.0979717403533596,0.754458775805202,0.982268354911735,0.994998852417964,"cognps_random_slope"
"1118","BTG2","Mic P2RY12",0.073716536718047,6.52239473032997,0.0184934951592571,0.891904651057247,0.999765323016076,0.999791880761836,"cognps_random_slope"
"1119","ATP2B4","Mic P2RY12",-0.8455750628173,7.01996714666982,2.5639839765494,0.110200783209599,0.56065247266128,0.644627053842235,"cognps_random_slope"
"1120","SNRPE","Mic P2RY12",-0.355653207231643,3.57938695840687,0.331280998779897,0.720399916869997,0.97571529536985,0.991463831658989,"cognps_random_slope"
"1121","PLEKHA6","Mic P2RY12",-0.598671842369236,4.13182984045175,1.0523655926197,0.305652407895878,0.766189285112733,0.825953917776889,"cognps_random_slope"
"1122","AL606489.1","Mic P2RY12",-0.178142542575408,3.10409660948189,0.0562540066534899,0.812652768379379,0.994671914133184,0.999791880761836,"cognps_random_slope"
"1123","PPP1R15B","Mic P2RY12",-0.781955353880065,4.4525538954572,2.76175483068849,0.0974136676430309,0.536234574568181,0.621839898215752,"cognps_random_slope"
"1124","PIK3C2B","Mic P2RY12",0.812539316688682,5.93490354496937,4.43859222673252,0.0358273865271033,0.3615348971491,0.454802043498617,"cognps_random_slope"
"1125","MDM4","Mic P2RY12",-0.360202701538382,7.5889933566683,2.76216716783806,0.0973887716384463,0.536234574568181,0.621839898215752,"cognps_random_slope"
"1126","AL512306.3","Mic P2RY12",-0.315179650944133,3.19405935623788,0.165079883865529,0.684763673374481,0.96526547799949,0.981938174288632,"cognps_random_slope"
"1127","LRRN2","Mic P2RY12",2.72494056766916,2.75666045743114,7.91432358241975,0.00517387635179932,0.147521525511623,0.204640425177747,"cognps_random_slope"
"1128","NFASC","Mic P2RY12",1.60830226929253,3.87503492075716,5.50081968537932,0.0195504285991636,0.275143292419617,0.36052620421377,"cognps_random_slope"
"1129","CNTN2","Mic P2RY12",-0.0445940339735189,3.47485918167283,0.00246963782383396,0.960392670242382,0.999765323016076,0.999791880761836,"cognps_random_slope"
"1130","RBBP5","Mic P2RY12",0.0862152150339264,4.95911270969385,0.0526371123050439,0.988202507501483,0.999765323016076,0.999791880761836,"cognps_random_slope"
"1131","DSTYK","Mic P2RY12",0.253769110397023,5.74239791544661,0.646804115088386,0.421788925647535,0.843046326294296,0.888150029380637,"cognps_random_slope"
"1132","TMCC2","Mic P2RY12",0.196154778633066,3.48713741830392,0.0885861676357624,0.766154164326485,0.985528120189981,0.996584922860264,"cognps_random_slope"
"1133","NUAK2","Mic P2RY12",0.28020553281163,4.29330508882835,0.199876367589489,0.655089787925432,0.955612931885691,0.973592644066785,"cognps_random_slope"
"1134","CDK18","Mic P2RY12",0.212911445875202,5.64519893487459,0.252978903155652,0.615293194660987,0.940879358414831,0.96381483341965,"cognps_random_slope"
"1135","MFSD4A","Mic P2RY12",0.166296250186482,3.23035079270435,0.0417425892288228,0.838226804127065,0.999700499758612,0.999791880761836,"cognps_random_slope"
"1136","ELK4","Mic P2RY12",-0.224785607972857,5.99954556317546,0.62007550477176,0.431537893771269,0.849447607877317,0.892652703465754,"cognps_random_slope"
"1137","NUCKS1","Mic P2RY12",-0.23444768479427,7.13641373154643,1.17799159095282,0.278492257950773,0.748940851168991,0.809620626112209,"cognps_random_slope"
"1138","RAB29","Mic P2RY12",0.0502438995100701,6.07939866962574,0.0261707595062189,0.871574841414324,0.999765323016076,0.999791880761836,"cognps_random_slope"
"1139","SLC41A1","Mic P2RY12",0.0516733464943918,3.93641742349691,0.00912479370762152,0.923952002828123,0.999765323016076,0.999791880761836,"cognps_random_slope"
"1140","RAB7B","Mic P2RY12",-1.54244947509931,2.82225218032242,0.88744719111872,0.346802412880146,0.796050511208067,0.84730906678079,"cognps_random_slope"
"1141","RHEX","Mic P2RY12",-2.26486280815797,2.8036894443633,3.20362153568688,0.0743166111233592,0.485339622643341,0.573986981081238,"cognps_random_slope"
"1142","FAM72A","Mic P2RY12",-0.949926157065732,3.28587413471707,1.62142988267134,0.203714967400173,0.68465825831507,0.750814342892012,"cognps_random_slope"
"1143","SRGAP2","Mic P2RY12",0.0543958851396207,10.991744979455,0.0763831790688074,0.782418764972336,0.990020960532974,0.999508397105588,"cognps_random_slope"
"1144","IKBKE","Mic P2RY12",-0.524854293055776,6.25953564108302,1.02285337725655,0.312523097083944,0.769796612435867,0.828989115276752,"cognps_random_slope"
"1145","C1orf147","Mic P2RY12",-1.18448186347457,3.25104719029719,1.60467573072537,0.206061637589286,0.687214537031122,0.753140282490449,"cognps_random_slope"
"1146","RASSF5","Mic P2RY12",-0.414896345024649,5.54344355336678,0.723994726800433,0.395402859209172,0.82692088304535,0.876563829705978,"cognps_random_slope"
"1147","EIF2D","Mic P2RY12",-0.0848148807326645,4.38590976900493,0.0441420375685894,0.833708553707321,0.999366959106503,0.999791880761836,"cognps_random_slope"
"1148","MAPKAPK2","Mic P2RY12",-0.273841545322906,6.09650113089516,0.740481909035871,0.390079861343514,0.82465061080051,0.873321794835107,"cognps_random_slope"
"1149","IL10","Mic P2RY12",1.05821825901458,2.9813869454615,0.99284288759376,0.319718495746602,0.774041290465206,0.832055998512576,"cognps_random_slope"
"1150","PFKFB2","Mic P2RY12",-0.238928558538159,5.41709677039253,0.418154358676091,0.606396816974517,0.938374566313568,0.960785488792566,"cognps_random_slope"
"1151","YOD1","Mic P2RY12",-0.194943397849161,3.6995036188701,0.0992233541421756,0.752946325881189,0.982244103840787,0.994674014762625,"cognps_random_slope"
"1152","AL596218.1","Mic P2RY12",0.593684486407991,2.53285636019883,0.28844909737376,0.591548227169338,0.932951118731112,0.95650743789449,"cognps_random_slope"
"1153","CD55","Mic P2RY12",-1.37970016759988,5.46976873390275,4.04901274518706,0.0449423972741472,0.400181439116842,0.494497972935895,"cognps_random_slope"
"1154","CR1","Mic P2RY12",-2.38907381312621,3.03125641995067,3.56618661723706,0.0597721822791687,0.451508434578704,0.544299908237831,"cognps_random_slope"
"1155","CR1L","Mic P2RY12",2.1877361578249,2.61577688514447,3.78003968906202,0.0526469007046741,0.430779715700843,0.523388818398865,"cognps_random_slope"
"1156","CD46","Mic P2RY12",-0.103981197934629,6.26335047604873,0.159981350773731,0.689411153248306,0.967043650386722,0.983568942804121,"cognps_random_slope"
"1157","MIR29B2CHG","Mic P2RY12",0.221677367395169,7.92801223110064,0.435531210778065,0.509709704801628,0.892874576176326,0.92757788337094,"cognps_random_slope"
"1158","PLXNA2","Mic P2RY12",1.01192631516789,5.71229570301874,2.55627687695244,0.110735190652018,0.560926097208747,0.645038069636636,"cognps_random_slope"
"1159","G0S2","Mic P2RY12",-2.54383538534996,2.51995360568364,2.35150506008141,0.12604133937066,0.585608532961558,0.664048393200486,"cognps_random_slope"
"1160","HSD11B1","Mic P2RY12",-0.357252090592046,2.35668380657097,0.110307702779955,0.739987581051486,0.980449437178806,0.994247512606934,"cognps_random_slope"
"1161","TRAF3IP3","Mic P2RY12",-0.133675428824392,7.04283834249605,0.128148021503497,0.720570032089697,0.97571529536985,0.991463831658989,"cognps_random_slope"
"1162","UTP25","Mic P2RY12",-0.0217041734661486,4.30440108356483,0.00194969636112163,0.964805066517894,0.999765323016076,0.999791880761836,"cognps_random_slope"
"1163","SYT14","Mic P2RY12",2.49995903833397,3.66501870090592,9.76477970352666,0.00192343343185833,0.094417331210013,0.135511896003894,"cognps_random_slope"
"1164","HHAT","Mic P2RY12",1.21019655274131,4.77045923324221,5.35285383732458,0.0212516761880292,0.286753406920231,0.374311749733685,"cognps_random_slope"
"1165","KCNH1","Mic P2RY12",1.43966622292497,3.1077509444814,2.92053311696883,0.0883217110471344,0.516037663448055,0.601519122270885,"cognps_random_slope"
"1166","RCOR3","Mic P2RY12",-0.576728594026538,6.76874030471788,4.02927708940518,0.0454649046243086,0.402161839518389,0.496130820307375,"cognps_random_slope"
"1167","TRAF5","Mic P2RY12",0.65825947228959,4.53178657168818,1.74323464251299,0.187569182265638,0.663222852649554,0.734923047302537,"cognps_random_slope"
"1168","LINC00467","Mic P2RY12",0.445845577275164,3.95174387191363,0.329877719806056,0.566090173074778,0.922892263914246,0.948743900681748,"cognps_random_slope"
"1169","SLC30A1","Mic P2RY12",-1.22686334449722,4.38507406573102,5.76992852725136,0.016809182165711,0.253546675396606,0.33617360706713,"cognps_random_slope"
"1170","LPGAT1","Mic P2RY12",-0.0289903045078454,6.85319868652813,0.0162575328895112,0.898611956511511,0.999765323016076,0.999791880761836,"cognps_random_slope"
"1171","INTS7","Mic P2RY12",0.0167523746457966,5.22207654076526,0.00155390561436476,0.96857771978502,0.999765323016076,0.999791880761836,"cognps_random_slope"
"1172","PPP2R5A","Mic P2RY12",-0.0732858814774425,5.99682509707507,0.0601836171964115,0.945766654681862,0.999765323016076,0.999791880761836,"cognps_random_slope"
"1173","AL360091.3","Mic P2RY12",-0.816964812874965,4.12749422153464,2.00772434770323,0.157365603423444,0.627618340130103,0.705817462559158,"cognps_random_slope"
"1174","TMEM206","Mic P2RY12",0.00259893692748896,5.30180279032026,4.98797962532295e-05,0.994368852922987,0.999765323016076,0.999791880761836,"cognps_random_slope"
"1175","NENF","Mic P2RY12",-0.18156137470365,4.14500680738126,0.147503599566649,0.701159492168206,0.970685780428319,0.985601520728389,"cognps_random_slope"
"1176","ATF3","Mic P2RY12",-3.64249767692933,3.97451095288723,15.0174526753728,0.000126582936457007,0.026505280179068,0.0401945394707496,"cognps_random_slope"
"1177","BATF3","Mic P2RY12",-0.427973875225874,5.25156081869197,0.802245300260263,0.371022025056985,0.812104761618872,0.863532460737016,"cognps_random_slope"
"1178","NSL1","Mic P2RY12",0.101172975419935,7.03132700969444,0.17694353809585,0.674264429104974,0.962199792147255,0.979716963011078,"cognps_random_slope"
"1179","TATDN3","Mic P2RY12",0.657345894116655,6.09876592025026,3.84337524374212,0.0507145248876178,0.422127545353395,0.51502656017628,"cognps_random_slope"
"1180","FLVCR1-DT","Mic P2RY12",0.307730704874678,3.78254433959351,0.25088660194525,0.616757905003346,0.941379538575156,0.963917775753802,"cognps_random_slope"
"1181","FLVCR1","Mic P2RY12",-0.116819762716107,5.24254055694652,0.113528087453026,0.736359208927138,0.980110798745039,0.993965240743731,"cognps_random_slope"
"1182","ANGEL2","Mic P2RY12",-0.19450868859405,5.70047846011808,0.390237727210617,0.532570592333697,0.905937865938547,0.935692331995262,"cognps_random_slope"
"1183","RPS6KC1","Mic P2RY12",0.153343890432402,7.79276950475693,0.463953043774307,0.568295848875783,0.922925953141032,0.948753778898485,"cognps_random_slope"
"1184","PROX1","Mic P2RY12",-0.250219101303157,4.47384233137481,0.124310865925877,0.724611779136564,0.976701705810179,0.992103026315284,"cognps_random_slope"
"1185","SMYD2","Mic P2RY12",-0.54313670479056,5.26069365994946,2.16458095273879,0.142097576722124,0.607546555336436,0.684569924324094,"cognps_random_slope"
"1186","PTPN14","Mic P2RY12",0.232163532178801,6.29534104265182,0.121534457685419,0.727580169883005,0.977594945023934,0.992716167586774,"cognps_random_slope"
"1187","CENPF","Mic P2RY12",-0.0542246596122878,2.81031488251448,0.00299261667722833,0.956404011393872,0.999765323016076,0.999791880761836,"cognps_random_slope"
"1188","KCTD3","Mic P2RY12",0.115806407913667,5.22580229263229,0.119297422669236,0.729999681583195,0.977924377749008,0.992735737523133,"cognps_random_slope"
"1189","USH2A","Mic P2RY12",1.37027570173882,2.99981951252974,2.61025260479802,0.107051751586375,0.553472424000389,0.637481824764978,"cognps_random_slope"
"1190","ESRRG","Mic P2RY12",1.668641936014,5.44626159927887,1.83387024071129,0.176521383735919,0.647510916089937,0.723004651230449,"cognps_random_slope"
"1191","GPATCH2","Mic P2RY12",0.700556017042933,6.93897349089134,5.40492772171101,0.0206360554136881,0.284510060286866,0.371300773584675,"cognps_random_slope"
"1192","SPATA17","Mic P2RY12",0.51003804723109,2.50020440046637,0.228594393095643,0.632858529517023,0.949002694388455,0.968564075162913,"cognps_random_slope"
"1193","RRP15","Mic P2RY12",-0.375347986455593,5.24574483828979,0.748925589340101,0.387393535140076,0.822968838616234,0.872202897976556,"cognps_random_slope"
"1194","TGFB2","Mic P2RY12",-2.32595932013448,3.38107385663396,7.43826724822687,0.00669816258002835,0.160863936801003,0.221747540920322,"cognps_random_slope"
"1195","LYPLAL1-DT","Mic P2RY12",-0.408234780689712,2.39547244630932,0.135254490460061,0.713261377075038,0.975267359907595,0.990048188993565,"cognps_random_slope"
"1196","LYPLAL1","Mic P2RY12",-0.0116065480381402,6.68140506214572,0.00165341103161964,0.967587795238241,0.999765323016076,0.999791880761836,"cognps_random_slope"
"1197","AC096642.1","Mic P2RY12",0.0380560876759202,3.02227572236921,0.00324137025607832,0.954630158930352,0.999765323016076,0.999791880761836,"cognps_random_slope"
"1198","ZC3H11B","Mic P2RY12",-1.48701824723614,3.34765914338818,3.58633863646016,0.0590587925078292,0.44989912477379,0.543094414862529,"cognps_random_slope"
"1199","SLC30A10","Mic P2RY12",-0.392143935285208,3.20588626580594,0.142921871174906,0.705616426368906,0.972523076070176,0.987421327305892,"cognps_random_slope"
"1200","EPRS","Mic P2RY12",0.0970222818566044,5.8930981083272,0.0712350797106761,0.789699900362066,0.990886185623222,0.999791880761836,"cognps_random_slope"
"1201","BPNT1","Mic P2RY12",-0.553674890757253,3.67828798110388,1.01483219482394,0.314425288650622,0.770261998566852,0.829537614030808,"cognps_random_slope"
"1202","IARS2","Mic P2RY12",-0.0954542220768953,5.24597422613109,0.0785969333781291,0.779369083078901,0.990020960532974,0.999508397105588,"cognps_random_slope"
"1203","RAB3GAP2","Mic P2RY12",-0.138083763946176,7.11418438423737,0.35938396755848,0.549226051881123,0.912041923328243,0.940256030616682,"cognps_random_slope"
"1204","MARK1","Mic P2RY12",2.94235385403704,3.43439142007932,11.8625324276627,0.000640332031757035,0.0541537831736679,0.0809255999082885,"cognps_random_slope"
"1205","MARC2","Mic P2RY12",0.762992244758351,3.10221280704993,0.647544937103046,0.421523455877206,0.84296762375578,0.888025371019322,"cognps_random_slope"
"1206","HLX-AS1","Mic P2RY12",1.51783963844708,3.64278685629557,3.65840779901193,0.0565809538597748,0.442118444541058,0.535094771281947,"cognps_random_slope"
"1207","HLX","Mic P2RY12",0.135396414421841,3.92838417524227,0.0308932531907916,0.860577676736223,0.999765323016076,0.999791880761836,"cognps_random_slope"
"1208","DUSP10","Mic P2RY12",-1.77108596118362,5.62406260832811,8.72070997466701,0.00335295592566777,0.117012922812171,0.168357219029354,"cognps_random_slope"
"1209","AL356108.1","Mic P2RY12",-0.0551586758795723,4.26452512016411,0.00516521932793518,0.942745746077745,0.999765323016076,0.999791880761836,"cognps_random_slope"
"1210","AL513314.2","Mic P2RY12",0.420683014321116,4.51251761654508,0.974910902241584,0.433655666732804,0.85099294905731,0.894179721772824,"cognps_random_slope"
"1211","TAF1A","Mic P2RY12",-0.523693565390884,4.14523380431549,1.09088389997113,0.296976990967031,0.760852419694021,0.821386151708703,"cognps_random_slope"
"1212","MIA3","Mic P2RY12",-0.218734050095593,6.38731879352174,0.596065872560483,0.440590065655564,0.855818037073943,0.897260497291077,"cognps_random_slope"
"1213","AIDA","Mic P2RY12",-0.666965242058471,6.97987301259099,2.3725226146946,0.12436676449413,0.582740912932112,0.66123352413604,"cognps_random_slope"
"1214","BROX","Mic P2RY12",-0.93238919708424,5.80379777512626,6.00452460031257,0.0147449797617435,0.240201140880766,0.320141252969229,"cognps_random_slope"
"1215","FAM177B","Mic P2RY12",-0.198601851877874,7.31250685206127,0.0738497893937872,0.785967746896913,0.990846935978286,0.999791880761836,"cognps_random_slope"
"1216","AC093152.1","Mic P2RY12",-0.0918338058369067,7.57266297290782,0.0599886731124379,0.806653538398208,0.993352542948726,0.999791880761836,"cognps_random_slope"
"1217","DISP1","Mic P2RY12",0.44731638774545,4.07887639204863,0.560710932254673,0.454463403892327,0.865094328914926,0.905598852945087,"cognps_random_slope"
"1218","TLR5","Mic P2RY12",-0.245161205058836,7.3358003657015,0.349816974717808,0.554588338311188,0.915359234893125,0.94331516081776,"cognps_random_slope"
"1219","AL359979.1","Mic P2RY12",0.999961233860762,3.31122994152145,0.716591280778551,0.397827247344653,0.828429241452076,0.876968316775435,"cognps_random_slope"
"1220","SUSD4","Mic P2RY12",1.7009880982355,3.60515094534118,5.14025645206135,0.0239702398306686,0.301688150265612,0.39202945561163,"cognps_random_slope"
"1221","CAPN2","Mic P2RY12",1.07821870018122,4.04782685999597,3.59658000825611,0.0586997327001696,0.449505781665699,0.542492292307466,"cognps_random_slope"
"1222","TP53BP2","Mic P2RY12",-0.397249816965202,5.25632900354705,1.19975147103785,0.38994803530157,0.82465061080051,0.873286823867478,"cognps_random_slope"
"1223","FBXO28","Mic P2RY12",-0.0547196658120263,6.93067342965465,0.0514942507831246,0.820612205798589,0.996726931048618,0.999791880761836,"cognps_random_slope"
"1224","DEGS1","Mic P2RY12",0.226461131596859,5.60184794161567,0.442032751131112,0.506569072614176,0.891301972336335,0.925861878317206,"cognps_random_slope"
"1225","NVL","Mic P2RY12",-0.190719709519386,6.37114788655678,0.49628423351164,0.958363854600497,0.999765323016076,0.999791880761836,"cognps_random_slope"
"1226","CNIH4","Mic P2RY12",-1.45453147311964,4.83613255129949,8.03732846186287,0.00484124501539952,0.142565369203699,0.198851663635144,"cognps_random_slope"
"1227","WDR26","Mic P2RY12",-0.356806711779748,7.18918871823663,2.34535802657479,0.12653584837379,0.585960590257146,0.664147671947875,"cognps_random_slope"
"1228","CNIH3","Mic P2RY12",0.573475330359139,5.23605277414971,2.08469629912058,0.149652378515847,0.616505233473983,0.693935185857625,"cognps_random_slope"
"1229","DNAH14","Mic P2RY12",0.273649950105328,4.11263564885152,0.139361789075532,0.709136259346213,0.973382670439271,0.98859098715405,"cognps_random_slope"
"1230","LBR","Mic P2RY12",-0.687853597584358,5.75126869268547,5.24253311131123,0.02261984035228,0.294635651496423,0.382685966710281,"cognps_random_slope"
"1231","ENAH","Mic P2RY12",1.29029623235399,3.7148922057699,3.40057016390388,0.0659962807444604,0.46833427160025,0.559524739020346,"cognps_random_slope"
"1232","SRP9","Mic P2RY12",0.00105111442292149,4.91320200210885,9.09206913381928e-07,0.999239727198007,0.999765323016076,0.999791880761836,"cognps_random_slope"
"1233","EPHX1","Mic P2RY12",0.589151153700652,4.34016855849344,1.07081164000099,0.301457519857836,0.762520238507901,0.823013995190349,"cognps_random_slope"
"1234","AL591895.1","Mic P2RY12",0.352042918720932,4.42936263464052,0.493583829379863,0.482787474369759,0.881328830408547,0.916739510069731,"cognps_random_slope"
"1235","TMEM63A","Mic P2RY12",-0.114262783165203,6.09107640895987,0.146406182164324,0.702219711627616,0.971311357164335,0.986182132743233,"cognps_random_slope"
"1236","AL117348.2","Mic P2RY12",0.198307705375298,3.60350229539094,0.0969071994477074,0.755753538312828,0.983055976440547,0.995414674993652,"cognps_random_slope"
"1237","SDE2","Mic P2RY12",-0.559325380594565,3.54926745457795,0.791645200060128,0.374197907405482,0.814723989787305,0.865816923855342,"cognps_random_slope"
"1238","H3F3A","Mic P2RY12",-0.988605925124178,5.82181716297964,4.35974458268144,0.0375009585654957,0.368708984399272,0.463011561259092,"cognps_random_slope"
"1239","ACBD3","Mic P2RY12",0.129795635791296,6.43216291705124,0.232778463516044,0.629764779297762,0.947640749708162,0.9679212910507,"cognps_random_slope"
"1240","LIN9","Mic P2RY12",0.137446599066157,3.83439594992158,0.0466088566754772,0.829195230411154,0.998655997370349,0.999791880761836,"cognps_random_slope"
"1241","PARP1","Mic P2RY12",0.00652560696541411,5.92676728973566,0.000498784945536132,0.982194317636183,0.999765323016076,0.999791880761836,"cognps_random_slope"
"1242","ITPKB","Mic P2RY12",-0.229130297427002,6.96346006305299,0.465591317944953,0.495461645538937,0.885549288147852,0.921047479733976,"cognps_random_slope"
"1243","ITPKB-AS1","Mic P2RY12",-1.18715938600436,2.75391678240921,1.32237438471567,0.25093049128859,0.729501575487489,0.789227402172902,"cognps_random_slope"
"1244","PSEN2","Mic P2RY12",0.217123488147522,3.58584485947618,0.132188998535354,0.71638675466693,0.975412307559,0.990818510846582,"cognps_random_slope"
"1245","COQ8A","Mic P2RY12",-0.0599214691247949,5.0925718300771,0.0265396646428501,0.870680808214827,0.999765323016076,0.999791880761836,"cognps_random_slope"
"1246","CDC42BPA","Mic P2RY12",1.10309732005842,5.17281629526695,3.84915467318676,0.0505419837707901,0.421214629671865,0.514200823155443,"cognps_random_slope"
"1247","ZNF678","Mic P2RY12",0.0713569300496205,5.91906200536389,0.060134138319001,0.80642392761379,0.993231645669267,0.999791880761836,"cognps_random_slope"
"1248","SNAP47","Mic P2RY12",-0.251187011098918,3.9197039134254,0.246757576434583,0.703487280767454,0.97172603554691,0.986586063650533,"cognps_random_slope"
"1249","JMJD4","Mic P2RY12",0.188190577538609,3.52119088161216,0.0915375260002276,0.875054155000415,0.999765323016076,0.999791880761836,"cognps_random_slope"
"1250","ARF1","Mic P2RY12",-0.368463365505848,6.58282217878108,1.59318466458958,0.207689653889968,0.689125499881054,0.754565524912219,"cognps_random_slope"
"1251","C1orf35","Mic P2RY12",0.532300976796035,4.3032019097408,1.20527711106692,0.273004002052259,0.745697838524862,0.805080313167337,"cognps_random_slope"
"1252","MRPL55","Mic P2RY12",-0.0636903273017573,3.81062009563025,0.00855068543844834,0.926376181316934,0.999765323016076,0.999791880761836,"cognps_random_slope"
"1253","GUK1","Mic P2RY12",0.470311204837378,5.3225278443708,1.39290276701951,0.238695554666996,0.719500467458302,0.781026866771649,"cognps_random_slope"
"1254","IBA57","Mic P2RY12",0.281954811197761,3.36788012561287,0.170884417825141,0.679573374375638,0.963764980353924,0.980589311801902,"cognps_random_slope"
"1255","OBSCN","Mic P2RY12",-2.10429583273587,3.43174245756179,9.30361867126942,0.00245668398615559,0.106543760836476,0.151327706196387,"cognps_random_slope"
"1256","TRIM11","Mic P2RY12",-0.0400571696498889,4.31255474510008,0.0075019027030393,0.931026918405836,0.999765323016076,0.999791880761836,"cognps_random_slope"
"1257","HIST3H2A","Mic P2RY12",-0.0841110907865825,3.54733137030003,0.00946310728328736,0.922559417663155,0.999765323016076,0.999791880761836,"cognps_random_slope"
"1258","HIST3H2BB","Mic P2RY12",-1.01720291536324,2.90650258375046,0.800946436220514,0.371409140126918,0.812234703911264,0.863532460737016,"cognps_random_slope"
"1259","RNF187","Mic P2RY12",0.777876898990151,4.2551091427451,2.13919531639615,0.371765948635399,0.812503052043296,0.863752647984046,"cognps_random_slope"
"1260","RHOU","Mic P2RY12",-0.184664451844646,4.35287830400202,0.057313343353421,0.810930219282819,0.994447726155304,0.999791880761836,"cognps_random_slope"
"1261","RAB4A","Mic P2RY12",-0.0109077653915266,5.24043701692793,0.00117359846583276,0.972690563134505,0.999765323016076,0.999791880761836,"cognps_random_slope"
"1262","CCSAP","Mic P2RY12",0.256922710889833,5.03825262920415,0.300276501277627,0.584049088303498,0.928561138018172,0.952730433891673,"cognps_random_slope"
"1263","NUP133","Mic P2RY12",0.610163356246076,5.69466452709203,4.55470696783703,0.033504287049277,0.351240563946647,0.444299882398935,"cognps_random_slope"
"1264","ABCB10","Mic P2RY12",-0.12195754608872,5.4921991583629,0.135596856413682,0.806812320331848,0.993352542948726,0.999791880761836,"cognps_random_slope"
"1265","TAF5L","Mic P2RY12",-0.597750495705867,5.15343842539991,2.94086380889324,0.0872259847208754,0.513808976371187,0.599371981462588,"cognps_random_slope"
"1266","URB2","Mic P2RY12",0.24818266583232,4.25608185317241,0.204352878819464,0.651502565472687,0.954396673881989,0.973494108193761,"cognps_random_slope"
"1267","LINC01736","Mic P2RY12",-1.78871805612455,5.84183900950808,9.51114353397237,0.00220020882890431,0.100219942595609,0.142539390941516,"cognps_random_slope"
"1268","GALNT2","Mic P2RY12",-0.849869010835408,9.06661093720332,7.6336912580945,0.00602328141472242,0.154741440098952,0.213408761002402,"cognps_random_slope"
"1269","AL136988.2","Mic P2RY12",-0.49054940805665,2.8171201480907,0.281468249142555,0.596067929715645,0.93511989159524,0.95808998326772,"cognps_random_slope"
"1270","PGBD5","Mic P2RY12",2.00434029393031,5.18001916959407,6.50657621251144,0.0111611907613941,0.207889373677617,0.280180611332,"cognps_random_slope"
"1271","COG2","Mic P2RY12",-0.164393760292736,5.39006204183363,0.293540469680276,0.588296106166081,0.931495606510462,0.955201495047498,"cognps_random_slope"
"1272","AGT","Mic P2RY12",-0.0470129456227064,2.72237991571788,0.00191578999662571,0.965112241356249,0.999765323016076,0.999791880761836,"cognps_random_slope"
"1273","C1orf198","Mic P2RY12",1.03355891398448,3.02545217613846,1.7362124241619,0.188458239655102,0.664438008318343,0.735564735359592,"cognps_random_slope"
"1274","TTC13","Mic P2RY12",-0.362550489380142,6.71849544450608,2.40860298856199,0.121549562951488,0.580995309380569,0.660503517595267,"cognps_random_slope"
"1275","ARV1","Mic P2RY12",0.428012759257835,4.39018713134583,0.891430903605896,0.345723711147916,0.795476701806109,0.84730906678079,"cognps_random_slope"
"1276","FAM89A","Mic P2RY12",-0.0818154880076369,5.34507882299551,0.0232470146388127,0.878901978087614,0.999765323016076,0.999791880761836,"cognps_random_slope"
"1277","C1orf131","Mic P2RY12",0.677248127008712,4.61419138262475,2.28835538331323,0.131226241583111,0.591810411151284,0.669219809264844,"cognps_random_slope"
"1278","GNPAT","Mic P2RY12",-0.444540103569651,5.96576996839613,2.66897580270484,0.10319695007967,0.545109313369197,0.630166641263854,"cognps_random_slope"
"1279","EXOC8","Mic P2RY12",-0.289153145581283,3.50701848894219,0.198383046100934,0.65629717248909,0.955612931885691,0.973592644066785,"cognps_random_slope"
"1280","SPRTN","Mic P2RY12",0.409481598584127,4.06059245093011,0.554435177545384,0.456997410092472,0.865510720220435,0.905764164095184,"cognps_random_slope"
"1281","EGLN1","Mic P2RY12",-0.289799497754778,7.0398901318032,0.614756465279869,0.433518628361207,0.85099294905731,0.894179721772824,"cognps_random_slope"
"1282","TSNAX-DISC1","Mic P2RY12",-0.0409012564982341,3.4885558245021,0.0029401587409154,0.956787421650382,0.999765323016076,0.999791880761836,"cognps_random_slope"
"1283","DISC1","Mic P2RY12",-0.0250636931268067,10.0874383959288,0.0118805265487143,0.913265004362053,0.999765323016076,0.999791880761836,"cognps_random_slope"
"1284","SIPA1L2","Mic P2RY12",0.165595475249733,8.54421228705557,0.169906423205008,0.680440578178763,0.963764980353924,0.980589311801902,"cognps_random_slope"
"1285","NTPCR","Mic P2RY12",0.476403028542889,4.69554015966374,1.11502786881907,0.294828280787521,0.759527186981709,0.82022588576557,"cognps_random_slope"
"1286","PCNX2","Mic P2RY12",-0.310590920162065,9.03224991577537,1.26268037432365,0.261893871431494,0.73538817247855,0.796065864541977,"cognps_random_slope"
"1287","MAP3K21","Mic P2RY12",-0.349743571729754,4.50692382247015,0.443526666230777,0.50585213066884,0.891090914075268,0.925603545137578,"cognps_random_slope"
"1288","KCNK1","Mic P2RY12",1.40355544635683,3.43269954181648,2.98366558762715,0.0849671704200653,0.507870227831978,0.595271863617269,"cognps_random_slope"
"1289","SLC35F3","Mic P2RY12",2.23654409503369,4.74509331339824,9.81324127393565,0.0018747281415283,0.0940409326866918,0.134677534591782,"cognps_random_slope"
"1290","AL355472.3","Mic P2RY12",2.27017756125298,2.40823266867354,4.2677049122013,0.03955916733937,0.377558319776947,0.471436047980297,"cognps_random_slope"
"1291","AL355472.1","Mic P2RY12",0.0356230430203368,3.53325098073737,0.00255137586687276,0.959743109993753,0.999765323016076,0.999791880761836,"cognps_random_slope"
"1292","COA6","Mic P2RY12",-0.429957104572678,4.07403070934415,0.663296270987689,0.63743829254841,0.950271487556261,0.970357720549608,"cognps_random_slope"
"1293","TARBP1","Mic P2RY12",1.05115666540295,5.92779439595443,5.86738150482891,0.0159175722133726,0.24890476689779,0.331665125277713,"cognps_random_slope"
"1294","IRF2BP2","Mic P2RY12",-0.415896452649609,5.76894622531331,0.89808883655807,0.343931031032567,0.794658577046108,0.846313588149882,"cognps_random_slope"
"1295","TOMM20","Mic P2RY12",0.592545993383637,5.26054279268116,2.38744147863177,0.123193156188365,0.581585286973743,0.660864338941303,"cognps_random_slope"
"1296","ARID4B","Mic P2RY12",-0.425325891538029,8.29505908555432,5.00696434251896,0.0258574069495917,0.311274794188488,0.402421321011655,"cognps_random_slope"
"1297","TBCE","Mic P2RY12",0.388876979425902,3.29110449788631,0.266541576867806,0.605978497138459,0.938268959000866,0.960731988827416,"cognps_random_slope"
"1298","B3GALNT2","Mic P2RY12",-0.633635966042624,5.83109705318499,4.26879272141961,0.03953415855892,0.377558319776947,0.471436047980297,"cognps_random_slope"
"1299","LYST","Mic P2RY12",0.0245889887905328,8.69920603033794,0.00971812903702479,0.921526220019625,0.999765323016076,0.999791880761836,"cognps_random_slope"
"1300","GPR137B","Mic P2RY12",0.00236737065663242,5.7701934472079,3.44252384415075e-05,0.995321850080298,0.999765323016076,0.999791880761836,"cognps_random_slope"
"1301","ERO1B","Mic P2RY12",-0.0653137794942477,6.13557027806726,0.0319377636348866,0.858264952968099,0.999765323016076,0.999791880761836,"cognps_random_slope"
"1302","EDARADD","Mic P2RY12",0.28017310452618,2.80556213643893,0.0989703302103618,0.794847986168802,0.992143902613387,0.999791880761836,"cognps_random_slope"
"1303","LGALS8","Mic P2RY12",-0.240701751849388,5.9742445880929,0.471262695613577,0.492849216984867,0.884735626300203,0.919903672806468,"cognps_random_slope"
"1304","AL359921.1","Mic P2RY12",-0.663987393615944,3.62942172252274,1.01495318745474,0.31439648322411,0.770261998566852,0.829537614030808,"cognps_random_slope"
"1305","HEATR1","Mic P2RY12",-0.0611554301511789,5.73734297839119,0.0266191836866615,0.870488932873605,0.999765323016076,0.999791880761836,"cognps_random_slope"
"1306","ACTN2","Mic P2RY12",0.750827755045967,3.06622808708086,0.687588313636473,0.407535931029245,0.834389889239559,0.882108889845374,"cognps_random_slope"
"1307","MTR","Mic P2RY12",0.120484116878569,6.91255914006912,0.227213063993704,0.633887539600874,0.949404519628462,0.969050966350658,"cognps_random_slope"
"1308","RYR2","Mic P2RY12",1.8889283885036,5.49843334617699,9.13907882814777,0.00268158080412588,0.109783640588684,0.157450661747735,"cognps_random_slope"
"1309","CHRM3","Mic P2RY12",2.82080053553099,4.5164175402253,16.0765638916807,7.39962994793555e-05,0.0211535042685755,0.0334520863003458,"cognps_random_slope"
"1310","FMN2","Mic P2RY12",1.99703143053573,4.45116360582393,10.4268696030387,0.00135627240403616,0.0790235064629936,0.112004254025623,"cognps_random_slope"
"1311","GREM2","Mic P2RY12",2.21706404765273,2.45052116259268,3.98059059206425,0.0467815793922249,0.407589519813096,0.501503703102968,"cognps_random_slope"
"1312","RGS7","Mic P2RY12",2.35038649630374,5.10586361047079,12.1455083917665,0.000552855246176702,0.049723578214859,0.0755401304548712,"cognps_random_slope"
"1313","FH","Mic P2RY12",0.678463062409576,3.710649987112,1.38498965907102,0.240031386278249,0.721547211369236,0.7823489379273,"cognps_random_slope"
"1314","KMO","Mic P2RY12",-1.39346319012603,3.72447877774973,2.52691251711007,0.11279769971865,0.56445181998866,0.647739210432239,"cognps_random_slope"
"1315","OPN3","Mic P2RY12",-0.941060735603314,4.15427787823352,3.25599184325939,0.0719993547044648,0.481701677783777,0.572297714985221,"cognps_random_slope"
"1316","PLD5","Mic P2RY12",0.559196029176893,3.29247044591065,0.575800253830453,0.448460247511718,0.860343633818381,0.901641095160374,"cognps_random_slope"
"1317","CEP170","Mic P2RY12",-0.600865580653408,9.07275036516426,10.1236760414288,0.00159114710669727,0.0869067009724246,0.124023335124794,"cognps_random_slope"
"1318","SDCCAG8","Mic P2RY12",-0.143739626675803,9.69903473055976,0.557376146309138,0.455807146906305,0.865333388169053,0.905598852945087,"cognps_random_slope"
"1319","AKT3","Mic P2RY12",-0.125841572788604,9.18453735006195,0.135129502366727,0.713388016420513,0.975267359907595,0.990048188993565,"cognps_random_slope"
"1320","ZBTB18","Mic P2RY12",0.0906662255043835,4.81155954675467,0.0598904269677551,0.93705274187789,0.999765323016076,0.999791880761836,"cognps_random_slope"
"1321","AL645465.1","Mic P2RY12",0.15713021669911,3.83701333622647,0.0586244099766274,0.808821489500989,0.993949269216208,0.999791880761836,"cognps_random_slope"
"1322","ADSS","Mic P2RY12",-0.270010096709859,5.15938489286083,0.489114328930868,0.484774735318717,0.881594005700383,0.916758205351538,"cognps_random_slope"
"1323","CATSPERE","Mic P2RY12",0.276435793036033,4.77303686845664,0.293686564177734,0.588203328074924,0.931495606510462,0.955201495047498,"cognps_random_slope"
"1324","DESI2","Mic P2RY12",-0.0297579183091965,5.7914775761637,0.0100948757053345,0.978801470006879,0.999765323016076,0.999791880761836,"cognps_random_slope"
"1325","COX20","Mic P2RY12",-0.162229536395289,5.27138416028371,0.197938467563664,0.656657676478376,0.955612931885691,0.973592644066785,"cognps_random_slope"
"1326","HNRNPU","Mic P2RY12",-0.508006396389,7.81878003455367,2.9384980990597,0.0873527216083629,0.513877885106967,0.599371981462588,"cognps_random_slope"
"1327","EFCAB2","Mic P2RY12",0.579620641790847,5.70049757637259,1.49782154900329,0.22180806722045,0.70294595092844,0.767325897726723,"cognps_random_slope"
"1328","KIF26B","Mic P2RY12",-0.128484287166003,6.81063156707895,0.0287549968609415,0.865441315520614,0.999765323016076,0.999791880761836,"cognps_random_slope"
"1329","SMYD3","Mic P2RY12",0.0792163653619342,9.18649541439587,0.135144279033711,0.713373041069459,0.975267359907595,0.990048188993565,"cognps_random_slope"
"1330","TFB2M","Mic P2RY12",-0.233871496082835,3.76724226228805,0.151822586469291,0.904911250964427,0.999765323016076,0.999791880761836,"cognps_random_slope"
"1331","CNST","Mic P2RY12",-0.243340315384344,6.09986915953692,0.938320238105039,0.333361206175541,0.786588565297986,0.842644018955589,"cognps_random_slope"
"1332","SCCPDH","Mic P2RY12",0.747428560981404,4.34413321579915,2.74177112933462,0.0986286331165611,0.537484114202283,0.623301366148007,"cognps_random_slope"
"1333","AHCTF1","Mic P2RY12",-0.0943475372237021,6.39089491510697,0.104356605794353,0.746850627717474,0.982244103840787,0.994674014762625,"cognps_random_slope"
"1334","ZNF124","Mic P2RY12",0.0971298424631626,7.3885093986775,0.0641226161549096,0.800239473985243,0.992143902613387,0.999791880761836,"cognps_random_slope"
"1335","AL390728.6","Mic P2RY12",-1.16835491295961,5.70924043434621,8.78772785864714,0.00323484060038002,0.11560026369518,0.165748821217199,"cognps_random_slope"
"1336","ZNF496","Mic P2RY12",0.906549062685497,5.2400551010853,5.48709228677256,0.019702128839955,0.276180155422842,0.361713757896405,"cognps_random_slope"
"1337","NLRP3","Mic P2RY12",0.528164282017186,6.04885103151183,1.57870477358756,0.20976289978457,0.690585692519488,0.756679341546191,"cognps_random_slope"
"1338","GCSAML","Mic P2RY12",2.86362811515323,2.43550437889861,5.26553525655252,0.022327196887748,0.293627836597362,0.382497457320881,"cognps_random_slope"
"1339","AL390860.1","Mic P2RY12",1.7553611475969,3.59664292853257,3.71086697804515,0.0548471387834892,0.436313933844455,0.529113286354637,"cognps_random_slope"
"1340","SH3BP5L","Mic P2RY12",0.339161111659833,3.90124411581078,0.424708746769295,0.515013026635356,0.894942542151003,0.928385153467388,"cognps_random_slope"
"1341","ZNF672","Mic P2RY12",-0.867568975359829,4.01139028219815,2.80794873220073,0.0946673962069614,0.532817209814989,0.616842903897672,"cognps_random_slope"
"1342","ZNF692","Mic P2RY12",0.179412185029891,4.89762089366955,0.174706412255207,0.676211958640026,0.962810601943974,0.980067760574701,"cognps_random_slope"
"1343","PGBD2","Mic P2RY12",-0.0440941882801215,3.31490838100944,0.00615833633744238,0.93749380689976,0.999765323016076,0.999791880761836,"cognps_random_slope"
"1344","SH3YL1","Mic P2RY12",-0.209919692267833,5.736344199321,0.471531547788049,0.9208682490581,0.999765323016076,0.999791880761836,"cognps_random_slope"
"1345","ACP1","Mic P2RY12",0.333309043355323,4.8375182834342,0.799392008497409,0.371873167630484,0.812557124866812,0.863824817789314,"cognps_random_slope"
"1346","TMEM18","Mic P2RY12",0.409318382279677,3.48608283639372,0.419931246899357,0.517384857309304,0.895596203375354,0.928950449101199,"cognps_random_slope"
"1347","SNTG2","Mic P2RY12",-1.32267847952797,2.51629610111189,1.38974032802139,0.239228324406807,0.720371194439642,0.781384171409998,"cognps_random_slope"
"1348","MYT1L","Mic P2RY12",1.49125666996785,4.70621165819145,6.40319492330173,0.0118174542563814,0.216939321218858,0.288864031208609,"cognps_random_slope"
"1349","LINC01250","Mic P2RY12",1.82380422713318,3.54086747274592,5.19634653272437,0.023219571089659,0.297220738505179,0.386522391137933,"cognps_random_slope"
"1350","EIPR1","Mic P2RY12",0.81205463342845,6.15727667506426,3.85625034030483,0.0503309990882733,0.41997865428515,0.512516880959857,"cognps_random_slope"
"1351","TRAPPC12","Mic P2RY12",0.127117744634826,7.22665915260556,0.238207167489137,0.625801433693409,0.945166089057208,0.966312731148605,"cognps_random_slope"
"1352","ADI1","Mic P2RY12",0.758743477068,3.84943144454947,1.57113027169985,0.210857216464677,0.691217602212118,0.757332474939644,"cognps_random_slope"
"1353","AC231981.1","Mic P2RY12",-0.0431787671492206,3.21719493232209,0.00185930201218423,0.965630106431691,0.999765323016076,0.999791880761836,"cognps_random_slope"
"1354","AC108488.2","Mic P2RY12",-0.560332284653069,3.96276589559851,1.21549029879207,0.270984750749775,0.744150591955715,0.804028506921564,"cognps_random_slope"
"1355","RNASEH1-AS1","Mic P2RY12",-0.736944434546897,3.21522500717688,0.89929580865658,0.343607398012467,0.794371306383771,0.846238063082968,"cognps_random_slope"
"1356","RPS7","Mic P2RY12",-0.440876456320589,5.80850584751913,1.00924234931911,0.315759878637352,0.771045578283373,0.829959876368897,"cognps_random_slope"
"1357","NRIR","Mic P2RY12",1.57095544220769,3.89034703754167,2.70430336802712,0.100951594514196,0.541895076016119,0.627043127648766,"cognps_random_slope"
"1358","CMPK2","Mic P2RY12",2.8632706605165,3.98393704644288,8.20708573372849,0.00441777728065335,0.136709614832009,0.193068436044748,"cognps_random_slope"
"1359","RSAD2","Mic P2RY12",1.47110746394027,4.35459583617532,2.81975037794928,0.0939794293155539,0.530714273688228,0.614491367145929,"cognps_random_slope"
"1360","RNF144A","Mic P2RY12",1.37846811360199,3.75350452958723,4.36236719673281,0.03744399017014,0.368708984399272,0.462989931210534,"cognps_random_slope"
"1361","ID2","Mic P2RY12",-0.541659792407514,6.63467767538943,0.526944663588477,0.468366369178172,0.872768906733974,0.911648945086448,"cognps_random_slope"
"1362","KIDINS220","Mic P2RY12",-0.0965715147982044,7.44305200687793,0.232991395682443,0.629608254112335,0.947640749708162,0.9679212910507,"cognps_random_slope"
"1363","MBOAT2","Mic P2RY12",1.26109981859543,3.7362871270837,2.82644823752808,0.0935914138908166,0.529241684474372,0.613677480768129,"cognps_random_slope"
"1364","ASAP2","Mic P2RY12",0.183215122752029,2.99268354012925,0.0491230121846887,0.824722182589576,0.997442739805277,0.999791880761836,"cognps_random_slope"
"1365","ITGB1BP1","Mic P2RY12",0.401670270168473,5.3674356016323,1.23070537536408,0.268011184642659,0.742629786098211,0.802125833574982,"cognps_random_slope"
"1366","CPSF3","Mic P2RY12",0.370625293872499,4.91230016302844,0.976697427299513,0.323679968752419,0.777911632218646,0.835265097752429,"cognps_random_slope"
"1367","IAH1","Mic P2RY12",-0.324741709523363,4.80801814339563,0.633213231523414,0.426704041926212,0.847227655008257,0.891073178269958,"cognps_random_slope"
"1368","ADAM17","Mic P2RY12",-0.363525536123972,7.48198411226331,2.2891187842098,0.131162154995205,0.591810411151284,0.669219809264844,"cognps_random_slope"
"1369","AC080162.1","Mic P2RY12",-1.17333995946322,2.92531896680562,1.96737685084092,0.161589238004768,0.631512796296848,0.708484902920554,"cognps_random_slope"
"1370","YWHAQ","Mic P2RY12",0.12536737901004,5.96092983544041,0.218184512934364,0.823130881718905,0.996726931048618,0.999791880761836,"cognps_random_slope"
"1371","TAF1B","Mic P2RY12",-0.373695662294226,5.76169068828205,1.04649719772643,0.307002829318465,0.767421174351194,0.826729429883516,"cognps_random_slope"
"1372","AC104794.2","Mic P2RY12",-0.352497193085589,3.13455620962263,0.193125820981656,0.660591607053364,0.956042361820287,0.974165213305735,"cognps_random_slope"
"1373","KLF11","Mic P2RY12",-0.21711032475737,3.29574546251052,0.0901222237941203,0.764195285885897,0.98423652341729,0.996228907152627,"cognps_random_slope"
"1374","HPCAL1","Mic P2RY12",-0.159272189050692,6.62363472996656,0.239821722769216,0.624633491427234,0.9451521296561,0.96606723360273,"cognps_random_slope"
"1375","ODC1","Mic P2RY12",1.1065238997663,3.64205924178114,2.48397596599113,0.115890418172055,0.571679681852535,0.651313984573346,"cognps_random_slope"
"1376","NOL10","Mic P2RY12",-0.201724285206502,6.63033734162028,0.428816037958893,0.51298907836067,0.894697916174939,0.92830484233112,"cognps_random_slope"
"1377","PDIA6","Mic P2RY12",-0.0264943228186089,6.03330161425476,0.00184588988812824,0.965754218117632,0.999765323016076,0.999791880761836,"cognps_random_slope"
"1378","PQLC3","Mic P2RY12",0.101199001378349,4.59457682929947,0.0523909424208515,0.819083992755565,0.995424375343912,0.999791880761836,"cognps_random_slope"
"1379","ROCK2","Mic P2RY12",0.0250612369118483,7.34913560765168,0.0142678413685704,0.904987077036801,0.999765323016076,0.999791880761836,"cognps_random_slope"
"1380","E2F6","Mic P2RY12",0.315486607064785,4.16065144059629,0.3805761522509,0.612777895898819,0.940399122416995,0.963142172997874,"cognps_random_slope"
"1381","LPIN1","Mic P2RY12",-0.333051366806813,5.45543146580668,0.937039551822508,0.333690898324112,0.786759060288528,0.842836593131758,"cognps_random_slope"
"1382","MIR3681HG","Mic P2RY12",0.389950462279681,2.97418397802722,0.220434273542337,0.638993755883094,0.950271487556261,0.970357720549608,"cognps_random_slope"
"1383","LINC00276","Mic P2RY12",0.403114371518447,3.41954293418737,0.202803853127973,0.652738470250058,0.954420308107869,0.973494108193761,"cognps_random_slope"
"1384","AC068286.1","Mic P2RY12",0.467431784550716,2.56431019291614,0.154143027398083,0.69483975986225,0.969233641714597,0.984989885855413,"cognps_random_slope"
"1385","NBAS","Mic P2RY12",0.0921792247228094,7.73510804716375,0.161141963666612,0.68834573347295,0.967000794906075,0.983444522252703,"cognps_random_slope"
"1386","DDX1","Mic P2RY12",-0.116055627532065,5.47934629668792,0.142115989507155,0.706408774682802,0.973207309924008,0.988086972653169,"cognps_random_slope"
"1387","FAM49A","Mic P2RY12",0.019376007994799,7.9816644220199,0.000851151022152147,0.976741607671567,0.999765323016076,0.999791880761836,"cognps_random_slope"
"1388","VSNL1","Mic P2RY12",1.95257530242017,5.78345139436205,6.68463224327333,0.0101175728144615,0.201443776485113,0.275099312532074,"cognps_random_slope"
"1389","SMC6","Mic P2RY12",-0.529181058454864,5.7782390522698,3.30732046141319,0.0950913992783935,0.532922140027557,0.617571662321137,"cognps_random_slope"
"1390","GEN1","Mic P2RY12",-0.0841970213204193,3.78138883403735,0.0147253054092155,0.903483279011791,0.999765323016076,0.999791880761836,"cognps_random_slope"
"1391","RDH14","Mic P2RY12",-0.417736914835616,3.49936197086398,0.418172186257178,0.518262988997371,0.895928813736274,0.929311945195715,"cognps_random_slope"
"1392","LINC01376","Mic P2RY12",0.644756229248056,5.44199182884828,1.54199815096702,0.215129874968242,0.696197888058299,0.761451029319152,"cognps_random_slope"
"1393","LINC00954","Mic P2RY12",-1.90231784043019,2.83214567804602,3.65575722839768,0.056670092991816,0.442303969821389,0.535468250838429,"cognps_random_slope"
"1394","TTC32","Mic P2RY12",-0.107968733433222,3.99040724174491,0.0511830522897243,0.821145842493571,0.996726931048618,0.999791880761836,"cognps_random_slope"
"1395","WDR35","Mic P2RY12",0.628107300823306,4.75536828577521,1.98800020410883,0.159414385215046,0.62960268995345,0.706937631044709,"cognps_random_slope"
"1396","LAPTM4A","Mic P2RY12",-0.722251324286674,5.78183840343291,4.0597963628898,0.0446595847638256,0.398457453675118,0.49234735378995,"cognps_random_slope"
"1397","PUM2","Mic P2RY12",-0.160301041316585,8.38817040652904,0.870324904311866,0.351491283585702,0.800372223657189,0.851991290016089,"cognps_random_slope"
"1398","RHOB","Mic P2RY12",-0.586360382863268,5.16086479838947,0.487463394670871,0.485512208875096,0.881786963332351,0.917123816429747,"cognps_random_slope"
"1399","HS1BP3","Mic P2RY12",-0.108866458882106,5.16285693906147,0.0787937409061833,0.779100213703711,0.990020960532974,0.999508397105588,"cognps_random_slope"
"1400","LDAH","Mic P2RY12",0.598257258623052,6.06306809840982,3.23972613614907,0.0727106247381882,0.483185087482673,0.572984775873399,"cognps_random_slope"
"1401","TDRD15","Mic P2RY12",-1.26068173607081,2.46996365790407,0.780342837503674,0.377626440674132,0.816910377307216,0.867843746648631,"cognps_random_slope"
"1402","AC018742.1","Mic P2RY12",1.59844405090732,4.22564217276116,1.58554016309135,0.208781154402823,0.689981812614606,0.755533086037181,"cognps_random_slope"
"1403","KLHL29","Mic P2RY12",0.950166757442365,2.98345468349073,1.15125287566581,0.284006478588825,0.753389361878,0.812823719705508,"cognps_random_slope"
"1404","ATAD2B","Mic P2RY12",-0.0871399698250215,7.80336841907938,0.176968347440728,0.674242912783996,0.962199792147255,0.979716963011078,"cognps_random_slope"
"1405","UBXN2A","Mic P2RY12",-0.0618327471543044,5.70892703001542,0.0351217364695055,0.957343007602989,0.999765323016076,0.999791880761836,"cognps_random_slope"
"1406","FKBP1B","Mic P2RY12",1.87855007076643,2.8198114899072,4.23716393018381,0.0402681554269053,0.382447590982252,0.476809645010283,"cognps_random_slope"
"1407","SF3B6","Mic P2RY12",0.420518915876943,3.84821443104068,0.582735256136582,0.445742661344754,0.85886375336895,0.900014179067284,"cognps_random_slope"
"1408","FAM228B","Mic P2RY12",0.222348798013503,6.41598909023241,0.494186312934139,0.4825206225184,0.881328830408547,0.916739510069731,"cognps_random_slope"
"1409","TP53I3","Mic P2RY12",-0.291779554957679,3.35816249105926,0.157985611872006,0.942391963959976,0.999765323016076,0.999791880761836,"cognps_random_slope"
"1410","ITSN2","Mic P2RY12",-0.324005647895588,8.66993768474672,3.73858216441134,0.0539540520979855,0.434347947711541,0.526344557013956,"cognps_random_slope"
"1411","NCOA1","Mic P2RY12",-0.14368354666751,8.92431419623248,0.628366461680683,0.428477760127019,0.848086940362737,0.8915636289707,"cognps_random_slope"
"1412","PTRHD1","Mic P2RY12",0.200213228043577,2.53860339028975,0.029870030417032,0.943270771926842,0.999765323016076,0.999791880761836,"cognps_random_slope"
"1413","CENPO","Mic P2RY12",-0.446964952452427,2.89728330218555,0.289725484021153,0.593180237168169,0.933534082709634,0.956961229461436,"cognps_random_slope"
"1414","ADCY3","Mic P2RY12",-0.600211758717021,4.43555614946969,0.95395549582061,0.32937103829769,0.782190551874419,0.839098918332684,"cognps_random_slope"
"1415","DNAJC27","Mic P2RY12",0.230625011108901,4.52446170266196,0.278846956815444,0.597783636182111,0.935775674346053,0.958530873406693,"cognps_random_slope"
"1416","DNAJC27-AS1","Mic P2RY12",0.280998865036821,3.49956317689149,0.132274168288121,0.716299369508256,0.975412307559,0.990818510846582,"cognps_random_slope"
"1417","EFR3B","Mic P2RY12",0.666752848542317,3.5078743632303,0.926091903916593,0.336527110191618,0.789802354294789,0.84478471300065,"cognps_random_slope"
"1418","DNMT3A","Mic P2RY12",0.218121119195381,7.95292699292322,0.520243500445474,0.47120647123259,0.874361384794786,0.912512310358026,"cognps_random_slope"
"1419","AC012074.1","Mic P2RY12",0.0937962966529737,3.19306274460229,0.0134051488929092,0.907891043114383,0.999765323016076,0.999791880761836,"cognps_random_slope"
"1420","DTNB","Mic P2RY12",-0.177627966837474,8.83763605455191,0.34244925780855,0.558785857890535,0.918120469717927,0.945215806277844,"cognps_random_slope"
"1421","ASXL2","Mic P2RY12",-0.539887777692059,7.53036794077016,5.34912828991012,0.0212964455395262,0.286753406920231,0.374357412763708,"cognps_random_slope"
"1422","KIF3C","Mic P2RY12",-0.591799385038007,5.97824662271647,2.16345882877852,0.142200665850175,0.607546555336436,0.684569924324094,"cognps_random_slope"
"1423","RAB10","Mic P2RY12",-0.0918023512683768,8.67005280423533,0.181304058008273,0.670509651690145,0.960390254014357,0.977569136706791,"cognps_random_slope"
"1424","HADHA","Mic P2RY12",-0.365522150217361,6.24305866037263,2.22480029264125,0.136686855871236,0.601269752075375,0.678086167366028,"cognps_random_slope"
"1425","HADHB","Mic P2RY12",0.0250870047129268,6.58612229180447,0.0121473833414448,0.912300211314083,0.999765323016076,0.999791880761836,"cognps_random_slope"
"1426","ADGRF3","Mic P2RY12",1.3283742984133,3.07987649076358,2.39328257334468,0.122737025499437,0.581168825167187,0.660864338941303,"cognps_random_slope"
"1427","SELENOI","Mic P2RY12",-0.333324328790988,5.89027187856939,1.28938003044538,0.256918420530664,0.732233890585161,0.793238262238266,"cognps_random_slope"
"1428","CENPA","Mic P2RY12",-0.852923690305983,3.39107886580163,1.49512599863616,0.22222353613978,0.703005231125663,0.767508836848276,"cognps_random_slope"
"1429","MAPRE3","Mic P2RY12",0.432049521774925,4.60013901261356,0.894741062719288,0.344830855194333,0.79495583871654,0.846771771087706,"cognps_random_slope"
"1430","TMEM214","Mic P2RY12",0.393165116584015,4.46229092814345,0.659376994599236,0.4373988361389,0.853835659591755,0.895911906053847,"cognps_random_slope"
"1431","AGBL5","Mic P2RY12",-1.62583026646948,3.82227090077089,6.86620535876579,0.00915648911872185,0.191181134368775,0.262039569451108,"cognps_random_slope"
"1432","OST4","Mic P2RY12",-0.50172103021773,3.99561209749871,0.658709491411497,0.417552758658847,0.840787365511229,0.886483329915441,"cognps_random_slope"
"1433","EMILIN1","Mic P2RY12",-0.630809147152854,3.46985811739414,0.710983160341537,0.399678086212965,0.82950017718202,0.877897744901724,"cognps_random_slope"
"1434","PREB","Mic P2RY12",-0.600225189116967,4.13166153370394,1.32568900454275,0.250338503103469,0.729301365236868,0.789201257695949,"cognps_random_slope"
"1435","SLC5A6","Mic P2RY12",-1.11625047808091,3.91678815163583,3.73147225734312,0.0541816739237797,0.434347947711541,0.526344557013956,"cognps_random_slope"
"1436","ATRAID","Mic P2RY12",-0.685686545902017,3.73096103075394,1.30650575807671,0.25378862833216,0.730761427230338,0.791610268982432,"cognps_random_slope"
"1437","CAD","Mic P2RY12",0.146771013019432,4.69772518880335,0.123716268046157,0.829530777722476,0.998693448757996,0.999791880761836,"cognps_random_slope"
"1438","UCN","Mic P2RY12",-0.131961334401821,3.33027028028018,0.0352413746023129,0.859366005452276,0.999765323016076,0.999791880761836,"cognps_random_slope"
"1439","MPV17","Mic P2RY12",0.575537406889211,5.22341977464352,3.22682343260106,0.0732802196344986,0.483949954288775,0.572984775873399,"cognps_random_slope"
"1440","GTF3C2","Mic P2RY12",0.153146893468057,5.95958851562096,0.321723652917856,0.570927503575272,0.92381061040959,0.949464044981531,"cognps_random_slope"
"1441","AC074117.1","Mic P2RY12",-0.571765320458763,3.45708745719565,0.754291523529119,0.449348561994785,0.860983711651718,0.902178584929418,"cognps_random_slope"
"1442","EIF2B4","Mic P2RY12",-0.442384182831243,4.46473106050395,0.984279180237045,0.321811669926487,0.775913203455183,0.833488976923152,"cognps_random_slope"
"1443","SNX17","Mic P2RY12",-0.403722777594474,4.15443241979858,0.553933386783709,0.457200984138531,0.865510720220435,0.905764164095184,"cognps_random_slope"
"1444","ZNF513","Mic P2RY12",-0.762783007252865,3.65481126684039,1.44013342633098,0.230907694955959,0.712506243602821,0.774627686355468,"cognps_random_slope"
"1445","PPM1G","Mic P2RY12",-0.055264201241841,5.70699895354404,0.0232132807391654,0.878989192955343,0.999765323016076,0.999791880761836,"cognps_random_slope"
"1446","NRBP1","Mic P2RY12",-0.232873668307752,5.48067590740652,0.582894023418743,0.833403139673162,0.999366959106503,0.999791880761836,"cognps_random_slope"
"1447","IFT172","Mic P2RY12",0.353815104444459,5.20114426262045,0.95513614174099,0.32907232711205,0.781896853834854,0.838771691887072,"cognps_random_slope"
"1448","ZNF512","Mic P2RY12",0.0575515400786866,6.14347206440598,0.0620907593361587,0.936037096349378,0.999765323016076,0.999791880761836,"cognps_random_slope"
"1449","GPN1","Mic P2RY12",-1.08108946076578,3.53146277617241,2.79410878808388,0.0954812034822406,0.532922140027557,0.617843694930587,"cognps_random_slope"
"1450","SUPT7L","Mic P2RY12",0.38265311513135,4.87809512607608,1.09107305308093,0.370268215075237,0.812104761618872,0.863532460737016,"cognps_random_slope"
"1451","SLC4A1AP","Mic P2RY12",0.273614893917201,4.94531599135015,0.579435861532028,0.48850189449404,0.883089474042755,0.918010502983977,"cognps_random_slope"
"1452","MRPL33","Mic P2RY12",-0.143508872929644,4.78029053764937,0.109278999450718,0.741158987470356,0.98106199042772,0.994535765856121,"cognps_random_slope"
"1453","RBKS","Mic P2RY12",-0.0172768568892955,4.85602634503752,0.000906354740011658,0.975999434299747,0.999765323016076,0.999791880761836,"cognps_random_slope"
"1454","BABAM2","Mic P2RY12",0.111113995601453,8.72914716507661,0.274357687452826,0.600746099251648,0.936283425111275,0.959054741582592,"cognps_random_slope"
"1455","FOSL2","Mic P2RY12",-1.50312933373628,4.87073339881174,1.00181452261622,0.31754482384507,0.77272892397817,0.831126448083677,"cognps_random_slope"
"1456","PLB1","Mic P2RY12",1.00244936508875,6.83256669771085,5.04803635050309,0.0252599212583596,0.30926817308271,0.399804351000458,"cognps_random_slope"
"1457","PPP1CB","Mic P2RY12",-0.27168846583214,6.57007711627405,0.395791963205192,0.529669918444706,0.904487588370112,0.934642970039886,"cognps_random_slope"
"1458","SPDYA","Mic P2RY12",-1.49763947847544,3.3525811430437,3.48172987265004,0.0628637209396864,0.45951616731075,0.551241867623857,"cognps_random_slope"
"1459","TRMT61B","Mic P2RY12",0.0040606963076021,4.89315950441032,0.000108130090002894,0.991709063489642,0.999765323016076,0.999791880761836,"cognps_random_slope"
"1460","WDR43","Mic P2RY12",-0.385923519086868,6.38054133006691,1.05330790530936,0.30543628472895,0.766189285112733,0.825953917776889,"cognps_random_slope"
"1461","CLIP4","Mic P2RY12",1.5698825816342,3.95912728635729,4.56567683875632,0.0332931446937729,0.350570895142168,0.443421255623102,"cognps_random_slope"
"1462","ALK","Mic P2RY12",1.25273234577092,3.10283335049551,2.16995682966332,0.141604865272146,0.607522169746072,0.683924724934095,"cognps_random_slope"
"1463","YPEL5","Mic P2RY12",-0.451724218506221,5.36393441675276,1.49294282338457,0.288068646423823,0.754255972880221,0.814647163364235,"cognps_random_slope"
"1464","LCLAT1","Mic P2RY12",0.663507140025023,5.77976267802925,2.77851698892845,0.0964071960419362,0.534970117663763,0.620291162889684,"cognps_random_slope"
"1465","EHD3","Mic P2RY12",1.80276513457735,3.19521272541889,5.16697854012372,0.0236095063476221,0.299329228537827,0.388806662240423,"cognps_random_slope"
"1466","MEMO1","Mic P2RY12",-0.222001471537548,5.34251323432006,0.325298145335035,0.568797074983198,0.922938751325916,0.948753778898485,"cognps_random_slope"
"1467","DPY30","Mic P2RY12",-0.104442409215038,4.84706399644951,0.0649050713368711,0.799050433725016,0.992143902613387,0.999791880761836,"cognps_random_slope"
"1468","SPAST","Mic P2RY12",0.275585867915983,6.26969361770398,1.04596069517877,0.53467526817726,0.9068654548744,0.936747958639949,"cognps_random_slope"
"1469","SLC30A6","Mic P2RY12",0.17631282152483,5.57896398179316,0.312809870625226,0.576309166913556,0.925135008689757,0.95063455672342,"cognps_random_slope"
"1470","NLRC4","Mic P2RY12",0.465329336006512,5.57926604353398,1.42693077183157,0.233053232518045,0.713984505367052,0.776521381336779,"cognps_random_slope"
"1471","YIPF4","Mic P2RY12",-0.558678519238953,6.55620135387663,4.50623269619886,0.0344542619711258,0.353809628103492,0.44686153090401,"cognps_random_slope"
"1472","BIRC6","Mic P2RY12",-0.245103177077461,8.97341250694585,2.61227775437121,0.106916205036257,0.55319848018953,0.637481824764978,"cognps_random_slope"
"1473","TTC27","Mic P2RY12",-0.276368977995702,6.63925812486852,0.77549460231629,0.379110721099656,0.817109915520936,0.868092551741806,"cognps_random_slope"
"1474","LINC00486","Mic P2RY12",-2.20089430894664,8.08505946277947,5.11934771454263,0.0242564997513084,0.302439333488636,0.392982117947753,"cognps_random_slope"
"1475","LTBP1","Mic P2RY12",0.221670174708297,3.03437304682875,0.0850554829136384,0.77072795101463,0.986443273387328,0.997526881305537,"cognps_random_slope"
"1476","RASGRP3","Mic P2RY12",-2.22319441279272,6.21196249539234,17.2475362299,4.10244135417211e-05,0.0157076618820744,0.0246891575439586,"cognps_random_slope"
"1477","FAM98A","Mic P2RY12",-0.468831881022601,4.15001491744977,0.818861593420098,0.366119032209108,0.811562709840244,0.862405100667332,"cognps_random_slope"
"1478","LINC01317","Mic P2RY12",0.623737393615627,3.11496061341441,0.460672621253544,0.497746325346172,0.887597938252036,0.922229693041539,"cognps_random_slope"
"1479","AC068599.1","Mic P2RY12",1.04497083521359,2.9282327580251,0.955473268209517,0.328987098140103,0.78183296722389,0.838771691887072,"cognps_random_slope"
"1480","AC012593.1","Mic P2RY12",0.735083057607111,2.87428855171053,0.432333089747477,0.511266964040065,0.893659673987929,0.927919604508759,"cognps_random_slope"
"1481","CRIM1","Mic P2RY12",0.0549234912436012,4.18394856596728,0.00736556960355241,0.931654964902843,0.999765323016076,0.999791880761836,"cognps_random_slope"
"1482","FEZ2","Mic P2RY12",-0.104139331278234,7.89346922128772,0.160849694838358,0.688613609734257,0.967043650386722,0.983552366303845,"cognps_random_slope"
"1483","STRN","Mic P2RY12",-0.113385208829957,6.70070489749284,0.220997273213804,0.955001716472062,0.999765323016076,0.999791880761836,"cognps_random_slope"
"1484","HEATR5B","Mic P2RY12",-0.449170399922951,8.01990612896306,2.34128067540032,0.126865052822888,0.586450007892214,0.664538247186808,"cognps_random_slope"
"1485","GPATCH11","Mic P2RY12",-0.949761638509213,5.46602642685978,6.67043165932769,0.0101969877943521,0.201548426891022,0.275102127127034,"cognps_random_slope"
"1486","EIF2AK2","Mic P2RY12",0.572353007448299,7.15453308409083,2.07782560133687,0.150323121115264,0.618294258470467,0.695585318326235,"cognps_random_slope"
"1487","CEBPZOS","Mic P2RY12",0.120260122112974,5.59024893985242,0.149331135672192,0.936256817920172,0.999765323016076,0.999791880761836,"cognps_random_slope"
"1488","CEBPZ","Mic P2RY12",0.354901692459033,5.39024787574504,0.866842692461595,0.732489820088392,0.978584259106735,0.993104440403251,"cognps_random_slope"
"1489","NDUFAF7","Mic P2RY12",-0.353092975881274,4.98967765791944,1.02035058613057,0.462126527744456,0.868376242707705,0.90839989899311,"cognps_random_slope"
"1490","PRKD3","Mic P2RY12",-0.518881433757247,7.72891256760385,1.71550183290725,0.191109156164264,0.668842142648054,0.738693212951671,"cognps_random_slope"
"1491","QPCT","Mic P2RY12",-1.81358941446454,2.91781672455111,4.18133008568973,0.0415991643397923,0.388599379729277,0.482085645997451,"cognps_random_slope"
"1492","CDC42EP3","Mic P2RY12",-0.931541719769706,4.87299017777138,2.67961813012249,0.102514824073621,0.543197061584975,0.62838409699287,"cognps_random_slope"
"1493","RMDN2","Mic P2RY12",0.378748394037548,5.32171500884911,0.867277315556498,0.352334910521756,0.800932055818419,0.852611072866339,"cognps_random_slope"
"1494","RMDN2-AS1","Mic P2RY12",-0.353304832467842,2.90473603848832,0.149813807577044,0.698942297621003,0.969804265685207,0.98522366711326,"cognps_random_slope"
"1495","CYP1B1-AS1","Mic P2RY12",-0.258107643710691,3.86330520939883,0.160619032457852,0.688825220781074,0.967043650386722,0.983552366303845,"cognps_random_slope"
"1496","ATL2","Mic P2RY12",-0.279355057894761,6.46926439882175,0.906164778546793,0.341773403349315,0.792405774789648,0.845625767302657,"cognps_random_slope"
"1497","HNRNPLL","Mic P2RY12",-0.337217448843012,5.82890352333526,1.26513641265319,0.26143122338333,0.73538817247855,0.796065864541977,"cognps_random_slope"
"1498","GALM","Mic P2RY12",0.108015145266688,5.91238724907958,0.0867788291514016,0.768482827571029,0.986294885705015,0.997038473717198,"cognps_random_slope"
"1499","SRSF7","Mic P2RY12",-0.563039806964474,7.06433846451587,2.25154937058978,0.134358102920814,0.59679580286438,0.67433290969496,"cognps_random_slope"
"1500","GEMIN6","Mic P2RY12",-0.792718999262509,3.26918831151455,1.3502175229107,0.395169818473865,0.82692088304535,0.876563829705978,"cognps_random_slope"
"1501","DHX57","Mic P2RY12",0.405067878560905,5.78784428762626,1.75123377515953,0.186562399993445,0.662501534398554,0.73395833752813,"cognps_random_slope"
"1502","SOS1","Mic P2RY12",0.125709258334231,8.10219157629762,0.287174756416067,0.592367999861556,0.932986873172101,0.95650743789449,"cognps_random_slope"
"1503","CDKL4","Mic P2RY12",-0.244421247917017,2.51783642691544,0.0422644641945643,0.837232800147318,0.999700499758612,0.999791880761836,"cognps_random_slope"
"1504","MAP4K3","Mic P2RY12",-0.267360635078195,7.82056985053197,1.23080223383001,0.267992386291525,0.742629786098211,0.802125833574982,"cognps_random_slope"
"1505","AC007388.1","Mic P2RY12",-0.0857335918362145,6.0661971498794,0.03946258888689,0.842647284273072,0.999765323016076,0.999791880761836,"cognps_random_slope"
"1506","TMEM178A","Mic P2RY12",1.90547260978408,3.76248248586628,7.46509429197223,0.00660110515336395,0.160863936801003,0.221747540920322,"cognps_random_slope"
"1507","THUMPD2","Mic P2RY12",-0.0617147011653538,6.1850220039481,0.0496810390426959,0.834285317872267,0.999366959106503,0.999791880761836,"cognps_random_slope"
"1508","SLC8A1-AS1","Mic P2RY12",0.167402724065387,5.53051003134393,0.0791702541091075,0.778586846507886,0.99001616376735,0.999508397105588,"cognps_random_slope"
"1509","SLC8A1","Mic P2RY12",0.0366853449685825,10.9038772086955,0.0249682882760953,0.874534792142314,0.999765323016076,0.999791880761836,"cognps_random_slope"
"1510","C2orf91","Mic P2RY12",-2.11394251261957,2.65162652144421,2.60047354203141,0.107708950455356,0.555406502382066,0.639619126290439,"cognps_random_slope"
"1511","PKDCC","Mic P2RY12",-0.164479066312135,4.50445711859083,0.0406371764742743,0.84035385940326,0.999765323016076,0.999791880761836,"cognps_random_slope"
"1512","AC083949.1","Mic P2RY12",-0.0802384891676155,3.84770942089659,0.00730181045759885,0.931950693623542,0.999765323016076,0.999791880761836,"cognps_random_slope"
"1513","EML4","Mic P2RY12",-0.097560533785712,8.61205441093382,0.073746941298535,0.786113196669429,0.990846935978286,0.999791880761836,"cognps_random_slope"
"1514","COX7A2L","Mic P2RY12",0.248837057273568,5.13399779071873,0.424575928050381,0.515078708282461,0.894942542151003,0.928385153467388,"cognps_random_slope"
"1515","MTA3","Mic P2RY12",-0.150197594499341,6.59903178228006,0.384980106460222,0.535342935632193,0.906974871144605,0.936747958639949,"cognps_random_slope"
"1516","OXER1","Mic P2RY12",1.17017846846437,2.8842026743299,1.47419742531115,0.225481304605111,0.706583534051226,0.769637329131246,"cognps_random_slope"
"1517","HAAO","Mic P2RY12",1.4427945675337,4.93384619845468,8.93855771524667,0.00298430623026799,0.111623474530408,0.160251985835461,"cognps_random_slope"
"1518","ZFP36L2","Mic P2RY12",-0.431321750552701,9.0175942541102,0.624620685809444,0.429856211473341,0.848419990835792,0.891930865479931,"cognps_random_slope"
"1519","THADA","Mic P2RY12",-0.249318308146687,7.99195488922856,1.76352050591786,0.185028223332442,0.66053662815611,0.73185282653701,"cognps_random_slope"
"1520","PLEKHH2","Mic P2RY12",0.611002613738772,4.29867141825312,0.580950671136012,0.446439525554372,0.85912242031442,0.900456510524871,"cognps_random_slope"
"1521","DYNC2LI1","Mic P2RY12",1.16186581105928,4.63133958406092,6.29160419434362,0.0125706674542243,0.223818329222593,0.297993820934554,"cognps_random_slope"
"1522","LRPPRC","Mic P2RY12",-0.391342787988659,6.67362076525704,1.94048136198428,0.16447675088689,0.636302811384298,0.713321739526029,"cognps_random_slope"
"1523","PPM1B","Mic P2RY12",-0.302689606284485,7.19010437795787,1.76520306237466,0.184819278442253,0.66053662815611,0.73185282653701,"cognps_random_slope"
"1524","SLC3A1","Mic P2RY12",-1.44938905152288,2.43213006173091,1.75590997263133,0.232932036964938,0.713984505367052,0.776521381336779,"cognps_random_slope"
"1525","PREPL","Mic P2RY12",0.733194484735201,6.15728978735777,4.36658285179532,0.0373526085247145,0.368708984399272,0.462954677949251,"cognps_random_slope"
"1526","CAMKMT","Mic P2RY12",-0.398982079737291,8.069200374178,2.26121965228669,0.133527207022676,0.594133768280747,0.67186263446254,"cognps_random_slope"
"1527","SRBD1","Mic P2RY12",-0.0452380781276511,7.19311418024993,0.0301317766926488,0.862289230079611,0.999765323016076,0.999791880761836,"cognps_random_slope"
"1528","PRKCE","Mic P2RY12",-1.34544927230453,7.97214276431786,9.82378956331131,0.00186429438005377,0.0940409326866918,0.134677534591782,"cognps_random_slope"
"1529","EPAS1","Mic P2RY12",-1.64421058185815,3.09520368755461,2.96076620231404,0.0861676457792815,0.511622782936709,0.5967269143314,"cognps_random_slope"
"1530","ATP6V1E2","Mic P2RY12",0.68852353516449,3.53494265249987,0.98250117071119,0.322248525007719,0.776141711651408,0.833726531592726,"cognps_random_slope"
"1531","RHOQ","Mic P2RY12",-0.260992931327426,7.6359116582229,1.11193229982411,0.292370211097834,0.757405070826976,0.818419565048935,"cognps_random_slope"
"1532","AC018682.1","Mic P2RY12",-1.02900938873834,5.13760827979356,2.00731276242268,0.157408047248509,0.627618340130103,0.705817462559158,"cognps_random_slope"
"1533","PIGF","Mic P2RY12",0.229466770641095,6.05291185022423,0.695085970208069,0.404993223155178,0.832587827418286,0.880198242323207,"cognps_random_slope"
"1534","CRIPT","Mic P2RY12",-0.090283963958402,3.71230534899493,0.0201548484104734,0.887184959182176,0.999765323016076,0.999791880761836,"cognps_random_slope"
"1535","SOCS5","Mic P2RY12",-0.732737286088506,5.74477780983374,4.86721124753694,0.0280033779252448,0.323566513340549,0.416055289184935,"cognps_random_slope"
"1536","MCFD2","Mic P2RY12",0.114897083639443,5.30431666241738,0.0932179166844302,0.760302056362751,0.983190954097967,0.995414674993652,"cognps_random_slope"
"1537","TTC7A","Mic P2RY12",0.367248876596656,8.9630799590596,0.661623909450884,0.416525420532268,0.840388009718898,0.886236844648922,"cognps_random_slope"
"1538","STPG4","Mic P2RY12",-0.0651598662265561,3.72615894945488,0.0078764880199524,0.929330329855449,0.999765323016076,0.999791880761836,"cognps_random_slope"
"1539","AC106869.1","Mic P2RY12",0.387071618405839,2.8061978313884,0.160706515391806,0.688744942660268,0.967043650386722,0.983552366303845,"cognps_random_slope"
"1540","MSH2","Mic P2RY12",0.424126354378701,5.19588929244031,1.19736515487235,0.274581289406519,0.747595257890442,0.806711438682503,"cognps_random_slope"
"1541","MSH6","Mic P2RY12",0.13752037584048,4.81449982949177,0.130708591977858,0.785730005485428,0.990846935978286,0.999791880761836,"cognps_random_slope"
"1542","FBXO11","Mic P2RY12",0.119111512332389,8.86941805835563,0.482169172914986,0.487889737740296,0.882892893919032,0.917696481781987,"cognps_random_slope"
"1543","AC092650.1","Mic P2RY12",0.794155078809261,2.85663013352936,0.611913465108756,0.43458300676574,0.851659973543457,0.894179721772824,"cognps_random_slope"
"1544","FOXN2","Mic P2RY12",-0.399465375461373,6.84003320616019,1.84919325744364,0.174729153922111,0.646504793926442,0.722173203526035,"cognps_random_slope"
"1545","PPP1R21","Mic P2RY12",-0.163904363504858,7.52178434964339,0.476677779678592,0.49037635017225,0.883997892148889,0.918678554290124,"cognps_random_slope"
"1546","AC009975.1","Mic P2RY12",-0.108152583698847,2.5770327637986,0.00864487581137473,0.925972953038768,0.999765323016076,0.999791880761836,"cognps_random_slope"
"1547","NRXN1","Mic P2RY12",1.77871867593625,6.61974771148311,8.03717990250606,0.00484163325852782,0.142565369203699,0.198851663635144,"cognps_random_slope"
"1548","AC007402.1","Mic P2RY12",1.81722942191699,3.82789358779164,5.79440921408321,0.0165804477711411,0.253068998383898,0.33525219282545,"cognps_random_slope"
"1549","ASB3","Mic P2RY12",-1.33862701463552,3.65852426557111,4.40992774978362,0.036426526506602,0.364564512109764,0.457768138289489,"cognps_random_slope"
"1550","GPR75-ASB3","Mic P2RY12",-0.389165700843064,5.99328123773811,1.00395134637323,0.317029978275411,0.77224084595521,0.830919831092092,"cognps_random_slope"
"1551","CHAC2","Mic P2RY12",-0.935317532667022,2.48560354933944,0.739678594595594,0.39033682203407,0.824692295940985,0.873550094575948,"cognps_random_slope"
"1552","ERLEC1","Mic P2RY12",0.421610641070645,4.94209376162518,1.24252071608333,0.444089848442087,0.85802776256953,0.899122129790312,"cognps_random_slope"
"1553","PSME4","Mic P2RY12",-0.176624531116365,7.72896160283547,0.586318901903479,0.444348369699797,0.85802776256953,0.899174729865821,"cognps_random_slope"
"1554","ACYP2","Mic P2RY12",0.708580607870496,7.91166334671674,7.1595644821093,0.00779753005055477,0.175032998672503,0.242142307148426,"cognps_random_slope"
"1555","SPTBN1","Mic P2RY12",0.506868314699698,5.10498450216353,1.12655747525513,0.289223090272662,0.75452783964146,0.815536661445769,"cognps_random_slope"
"1556","EML6","Mic P2RY12",0.363666169494729,4.76049418078421,0.549369690248931,0.459059058970244,0.866701951149653,0.9071335335686,"cognps_random_slope"
"1557","RTN4","Mic P2RY12",0.209708971056417,9.05744184307925,1.52022046224669,0.218391481710026,0.69915533836504,0.764371725546982,"cognps_random_slope"
"1558","CLHC1","Mic P2RY12",-0.637670011147569,4.67359508757981,1.33314412930102,0.249013290756044,0.728926847842234,0.789159909907588,"cognps_random_slope"
"1559","RPS27A","Mic P2RY12",-0.800526422568669,6.25799616255329,2.13696917748209,0.144658963893133,0.611152198969695,0.688336078719012,"cognps_random_slope"
"1560","MTIF2","Mic P2RY12",-0.519515321149531,5.2676168479419,2.80310548414717,0.0949513201131708,0.532922140027557,0.617571662321137,"cognps_random_slope"
"1561","AC012358.3","Mic P2RY12",-0.0668882956048851,4.49461320310478,0.0176836351433278,0.894283708319426,0.999765323016076,0.999791880761836,"cognps_random_slope"
"1562","CCDC88A","Mic P2RY12",0.00382242897775448,8.63528044955575,0.00033079720370015,0.985499096562779,0.999765323016076,0.999791880761836,"cognps_random_slope"
"1563","CFAP36","Mic P2RY12",1.10231626915634,4.1676687442395,3.88475296359961,0.0494928661721051,0.417854603181355,0.510316389867414,"cognps_random_slope"
"1564","PPP4R3B","Mic P2RY12",-0.368961463768426,6.78920893060457,2.28944432430931,0.131134836956877,0.591810411151284,0.669219809264844,"cognps_random_slope"
"1565","PNPT1","Mic P2RY12",-0.0430843653339539,5.87218734513001,0.0159710367180531,0.899504474499872,0.999765323016076,0.999791880761836,"cognps_random_slope"
"1566","CCDC85A","Mic P2RY12",2.67367959505832,3.3463104536369,9.30594897623412,0.00245364093518874,0.106543760836476,0.151327706196387,"cognps_random_slope"
"1567","VRK2","Mic P2RY12",-0.156499617487271,7.05493406373541,0.377431954339629,0.539369288258171,0.909199424949266,0.938428822115299,"cognps_random_slope"
"1568","FANCL","Mic P2RY12",-0.0145334152559409,5.29152473739586,0.00144047978305286,0.969745694066539,0.999765323016076,0.999791880761836,"cognps_random_slope"
"1569","LINC01122","Mic P2RY12",1.91368075351432,3.40020364913609,4.86540568078483,0.0280322902759777,0.323566513340549,0.416055289184935,"cognps_random_slope"
"1570","BCL11A","Mic P2RY12",1.60784204287537,3.1351254080834,3.55430102181534,0.0601972477188415,0.452441568525067,0.545477069863859,"cognps_random_slope"
"1571","PAPOLG","Mic P2RY12",-1.06537022565201,6.62909801987057,3.48379030260849,0.0627862964688805,0.459391776164736,0.550920071053918,"cognps_random_slope"
"1572","REL","Mic P2RY12",-0.490920303389871,8.25472593766174,1.58048302044438,0.209506969027107,0.690585692519488,0.756580909292987,"cognps_random_slope"
"1573","PUS10","Mic P2RY12",0.344118772523711,5.25593759619854,0.772850092866013,0.591383693971014,0.932917349370873,0.956437975651113,"cognps_random_slope"
"1574","PEX13","Mic P2RY12",-0.401623891970374,5.50781035172042,1.28431914803039,0.257852445129296,0.733143047971788,0.794026514350324,"cognps_random_slope"
"1575","KIAA1841","Mic P2RY12",0.427859269765223,5.03670707376116,1.03056820126616,0.310707736695732,0.769107077146114,0.828590717270556,"cognps_random_slope"
"1576","C2orf74","Mic P2RY12",-0.392980476972136,4.32270144731901,0.578152057196278,0.899880683992661,0.999765323016076,0.999791880761836,"cognps_random_slope"
"1577","USP34","Mic P2RY12",-0.0126977224254616,8.8983054544549,0.00666546862412541,0.934976564173091,0.999765323016076,0.999791880761836,"cognps_random_slope"
"1578","AC016727.1","Mic P2RY12",0.145718676923438,3.45916123392772,0.0461876467184004,0.900537322123631,0.999765323016076,0.999791880761836,"cognps_random_slope"
"1579","XPO1","Mic P2RY12",0.296174199336548,7.79331108229232,0.985606821040234,0.321485980216495,0.775699247547939,0.833379489936862,"cognps_random_slope"
"1580","FAM161A","Mic P2RY12",0.166069264945332,3.09300423094318,0.0540006127965272,0.816374819173982,0.995084767910246,0.999791880761836,"cognps_random_slope"
"1581","CCT4","Mic P2RY12",-0.0188367084056929,6.11673231352673,0.00173748665159174,0.96677440280512,0.999765323016076,0.999791880761836,"cognps_random_slope"
"1582","COMMD1","Mic P2RY12",0.161101335555471,7.65503662872517,0.520688770990673,0.471016894172574,0.874361384794786,0.912512310358026,"cognps_random_slope"
"1583","AC018462.1","Mic P2RY12",-0.39204907246363,3.48489782114238,0.239289972231015,0.62501761115873,0.9451521296561,0.966234444064455,"cognps_random_slope"
"1584","B3GNT2","Mic P2RY12",-0.0162315954586004,4.3431638302879,0.000958364405852598,0.975320637549641,0.999765323016076,0.999791880761836,"cognps_random_slope"
"1585","EHBP1","Mic P2RY12",-0.333606056484598,7.37139777305358,2.73437015580183,0.099082800231669,0.537560520252725,0.623539007406861,"cognps_random_slope"
"1586","WDPCP","Mic P2RY12",0.970118140388576,7.37703918648281,15.0930651728211,0.000121809286964606,0.0264032586088297,0.0399772642938929,"cognps_random_slope"
"1587","MDH1","Mic P2RY12",0.24602939390257,5.63319723748133,0.204131958873841,0.651678482855683,0.954420308107869,0.973494108193761,"cognps_random_slope"
"1588","UGP2","Mic P2RY12",-0.145291840802079,6.76676287141691,0.284886502372095,0.856662937673475,0.999765323016076,0.999791880761836,"cognps_random_slope"
"1589","VPS54","Mic P2RY12",-0.247593823740037,7.50020302105755,1.37567416847322,0.241615660420046,0.723176123571496,0.784263644992845,"cognps_random_slope"
"1590","PELI1","Mic P2RY12",-0.73353024199968,9.09591958546354,4.62260251844103,0.0322196639164163,0.346166150645263,0.4390482733532,"cognps_random_slope"
"1591","AC012368.1","Mic P2RY12",-0.750117237009272,6.87972220371155,2.99662965618918,0.0842956042355148,0.507249839407335,0.594787555439735,"cognps_random_slope"
"1592","AC008074.1","Mic P2RY12",-1.80299040533334,3.27561716518418,4.2928867254123,0.0389844862108452,0.376662653000387,0.470758997319728,"cognps_random_slope"
"1593","AFTPH","Mic P2RY12",-0.254031842119059,7.64016763647449,1.32640432538296,0.250210973024456,0.729301365236868,0.789201257695949,"cognps_random_slope"
"1594","SERTAD2","Mic P2RY12",-0.302858997548259,6.83928650476212,0.86139240592907,0.353971817793944,0.802364061274805,0.853930732160738,"cognps_random_slope"
"1595","LINC01800","Mic P2RY12",1.34937978826366,3.20764559152406,2.59886986542825,0.107817148823407,0.555500811757968,0.639836172735906,"cognps_random_slope"
"1596","SLC1A4","Mic P2RY12",-0.414004992760107,5.61502935621038,1.07908160456927,0.299601005040322,0.762414699475663,0.822521252696221,"cognps_random_slope"
"1597","LINC02576","Mic P2RY12",-1.26423941694195,3.66217546006587,2.46953036763506,0.116951961036741,0.573971293403957,0.653369898372925,"cognps_random_slope"
"1598","CEP68","Mic P2RY12",-0.184741051575494,5.67900119796923,0.218923227360061,0.640145011984189,0.950535546326883,0.970484116413391,"cognps_random_slope"
"1599","RAB1A","Mic P2RY12",-0.146170895846616,8.51951847628803,0.322471511628319,0.570480482110148,0.923355952776136,0.949247646187554,"cognps_random_slope"
"1600","ACTR2","Mic P2RY12",-0.117519071130597,8.16909929102025,0.476877193636978,0.490285681802685,0.883997892148889,0.918678554290124,"cognps_random_slope"
"1601","SPRED2","Mic P2RY12",0.0192120367698008,7.31034679490451,0.00557434802606116,0.940525507970371,0.999765323016076,0.999791880761836,"cognps_random_slope"
"1602","MEIS1","Mic P2RY12",2.50857385111895,3.87483599338921,5.9593795081727,0.0151207725451888,0.243311744683176,0.323892987308415,"cognps_random_slope"
"1603","ETAA1","Mic P2RY12",0.256936265002551,4.07156939522673,0.257896447823037,0.793321158261889,0.991704028031233,0.999791880761836,"cognps_random_slope"
"1604","C1D","Mic P2RY12",0.88924120643848,4.95266021655444,6.64167113653063,0.0103598006622689,0.202083971870546,0.275102127127034,"cognps_random_slope"
"1605","WDR92","Mic P2RY12",-0.288305051250019,3.43975339117286,0.219714273357936,0.639541716757698,0.950271487556261,0.97040644005083,"cognps_random_slope"
"1606","AC017083.3","Mic P2RY12",-0.907537042388175,3.01152860527789,1.12024232754497,0.29057667417627,0.755474085274518,0.816638205490076,"cognps_random_slope"
"1607","PNO1","Mic P2RY12",-0.185487184689707,4.18469069385989,0.106406094043796,0.744463180990656,0.982219019325995,0.994674014762625,"cognps_random_slope"
"1608","AC017083.1","Mic P2RY12",-0.229168045362826,3.08953623707933,0.0858109126769958,0.769740787523284,0.986443273387328,0.997526881305537,"cognps_random_slope"
"1609","CNRIP1","Mic P2RY12",0.0772345715431701,4.69640218375212,0.0272977723263188,0.868863362409469,0.999765323016076,0.999791880761836,"cognps_random_slope"
"1610","PLEK","Mic P2RY12",-0.995122361433822,6.62400237166871,4.60532866276246,0.0325415164697772,0.346901432852624,0.440101073072062,"cognps_random_slope"
"1611","APLF","Mic P2RY12",-0.123249152960947,5.30463807933502,0.0912365193854461,0.762785628857945,0.984139674089917,0.996023209475898,"cognps_random_slope"
"1612","ARHGAP25","Mic P2RY12",0.155895292246558,8.83192909533674,0.223732403121452,0.636497567155027,0.950145971078957,0.970073435736326,"cognps_random_slope"
"1613","ANTXR1","Mic P2RY12",-0.104660598536403,5.16123154394925,0.0327225542720482,0.856552862866218,0.999765323016076,0.999791880761836,"cognps_random_slope"
"1614","GFPT1","Mic P2RY12",-0.504131074068528,6.18696877271337,2.7317617454456,0.0992434133846087,0.537560520252725,0.623539007406861,"cognps_random_slope"
"1615","NFU1","Mic P2RY12",0.20985228976195,4.98725072608337,0.340764482765923,0.559754218803854,0.919035785210717,0.945778925946953,"cognps_random_slope"
"1616","AAK1","Mic P2RY12",-0.000527194611782697,8.85971812182125,8.15966738145442e-06,0.997722419209703,0.999765323016076,0.999791880761836,"cognps_random_slope"
"1617","ANXA4","Mic P2RY12",0.171612385215818,7.37832980986751,0.32122242536379,0.571227489609284,0.923864634998735,0.949464044981531,"cognps_random_slope"
"1618","AC092431.1","Mic P2RY12",-0.996824491589855,2.70403619603005,0.863421437123403,0.353406261688537,0.802053163498867,0.853627296251673,"cognps_random_slope"
"1619","GMCL1","Mic P2RY12",0.181594626558478,5.15372903712028,0.265415372310113,0.606740412625685,0.938472791966391,0.960938714622134,"cognps_random_slope"
"1620","SNRNP27","Mic P2RY12",-1.969691383195,2.94895139520544,6.23581247836899,0.0129656647166256,0.22742522626636,0.302599286787084,"cognps_random_slope"
"1621","MXD1","Mic P2RY12",-0.266447954902025,5.10779541051155,0.120964001157089,0.728194771713707,0.977594945023934,0.992716167586774,"cognps_random_slope"
"1622","PCBP1","Mic P2RY12",-0.494023023221665,5.48945330917958,1.19983521071264,0.274087643643368,0.746824995299316,0.806171679835582,"cognps_random_slope"
"1623","C2orf42","Mic P2RY12",0.798308956827605,4.33574217274938,2.75231713135416,0.0979854042414037,0.536413249822253,0.622624745113121,"cognps_random_slope"
"1624","PCYOX1","Mic P2RY12",-0.179192663760649,4.16098528015621,0.113420423843399,0.73647958029532,0.980110798745039,0.993965240743731,"cognps_random_slope"
"1625","SNRPG","Mic P2RY12",-0.424674859906162,4.45061583348038,1.00534189312177,0.316695529753819,0.771923753043094,0.830722667504646,"cognps_random_slope"
"1626","FAM136A","Mic P2RY12",0.579516212017811,4.24646598277012,1.39151301181902,0.23892950572179,0.719850338619089,0.781355629024914,"cognps_random_slope"
"1627","TGFA","Mic P2RY12",-0.0297080463377218,5.41543113392757,0.00362586689520924,0.952017710132778,0.999765323016076,0.999791880761836,"cognps_random_slope"
"1628","ADD2","Mic P2RY12",1.28052989913273,3.69376860509703,3.28417662399482,0.070784557652257,0.481432815573689,0.571978509732139,"cognps_random_slope"
"1629","AC007881.2","Mic P2RY12",0.578521889717633,4.42473108109565,0.586606100530643,0.444236921877768,0.85802776256953,0.899122129790312,"cognps_random_slope"
"1630","NAGK","Mic P2RY12",0.232022426063186,6.9465227468589,0.46290697024215,0.496706293277122,0.886350914592107,0.92129307139183,"cognps_random_slope"
"1631","MCEE","Mic P2RY12",-0.188197968473679,5.08673221980122,0.232602674979081,0.629894066964616,0.947705219646662,0.9679212910507,"cognps_random_slope"
"1632","MPHOSPH10","Mic P2RY12",0.642867464325238,5.22699685127371,3.01334305915981,0.0834383019077302,0.505420462602119,0.593030725533821,"cognps_random_slope"
"1633","PAIP2B","Mic P2RY12",-0.637071681467839,2.93316682825302,0.473599196211152,0.491779668383857,0.884371891574351,0.919457422548261,"cognps_random_slope"
"1634","ZNF638","Mic P2RY12",-0.200463874561987,8.79907301576821,1.01262946074566,0.314950311991267,0.770261998566852,0.829537614030808,"cognps_random_slope"
"1635","DYSF","Mic P2RY12",-1.04402083830439,4.03660026293381,1.35739507628791,0.244761656588676,0.726156953718143,0.787070538837785,"cognps_random_slope"
"1636","EXOC6B","Mic P2RY12",0.0933068743871691,8.24603384002079,0.247967632667527,0.956132666138047,0.999765323016076,0.999791880761836,"cognps_random_slope"
"1637","SPR","Mic P2RY12",-0.713339345749992,2.702688894659,0.449109997310332,0.503187996773287,0.890194368945059,0.924712535641813,"cognps_random_slope"
"1638","SFXN5","Mic P2RY12",0.924420790825048,6.2677752927449,7.60250760671524,0.0061261052951529,0.154835821901617,0.213453849507028,"cognps_random_slope"
"1639","RAB11FIP5","Mic P2RY12",-0.484057695148177,3.24635545469579,0.354916165886659,0.551718052743858,0.913802203042941,0.941776837210936,"cognps_random_slope"
"1640","SMYD5","Mic P2RY12",-0.235344866486997,3.59196170549206,0.147973264549359,0.70070713012494,0.970360261527779,0.985433275019144,"cognps_random_slope"
"1641","PRADC1","Mic P2RY12",0.350723047007607,2.96777667598655,0.200589002332875,0.654515513971968,0.955370175926522,0.973537836851373,"cognps_random_slope"
"1642","CCT7","Mic P2RY12",-0.605445371629985,4.84698383564917,2.20192014398306,0.13871483025106,0.602464311632875,0.67907281689345,"cognps_random_slope"
"1643","FBXO41","Mic P2RY12",0.762662391479082,4.49946019118894,2.62531533710998,0.106048091410337,0.550620098020118,0.634852421892205,"cognps_random_slope"
"1644","ALMS1","Mic P2RY12",0.230324613965996,6.33436552377573,0.5971165374399,0.440187873785886,0.855818037073943,0.897260497291077,"cognps_random_slope"
"1645","TPRKB","Mic P2RY12",0.0839721911771544,4.02351193715756,0.0263069193416883,0.919575041991757,0.999765323016076,0.999791880761836,"cognps_random_slope"
"1646","DUSP11","Mic P2RY12",-0.115865843860556,4.40276278076859,0.0703432970655303,0.790989553935312,0.990886185623222,0.999791880761836,"cognps_random_slope"
"1647","STAMBP","Mic P2RY12",-0.583197589977986,5.75040946484558,4.88817705505604,0.11185022008471,0.564054464105782,0.647057612938651,"cognps_random_slope"
"1648","DGUOK","Mic P2RY12",-0.0187247503329851,5.62015815463889,0.00350032414048951,0.952854713313207,0.999765323016076,0.999791880761836,"cognps_random_slope"
"1649","DGUOK-AS1","Mic P2RY12",0.316874220383178,3.29880922100668,0.168042790630582,0.682101211799753,0.964325175580598,0.980800549781582,"cognps_random_slope"
"1650","TET3","Mic P2RY12",0.193014743437423,7.91430994622553,0.707851622667018,0.400717027724309,0.829881589272977,0.878039616226327,"cognps_random_slope"
"1651","BOLA3","Mic P2RY12",0.00223929284372405,3.14487559465427,1.15131326820546e-06,0.999144470819879,0.999765323016076,0.999791880761836,"cognps_random_slope"
"1652","MOB1A","Mic P2RY12",-0.482720572084351,6.55157624495653,2.95463847626965,0.0864920016764541,0.511641951157184,0.597021470708069,"cognps_random_slope"
"1653","MTHFD2","Mic P2RY12",-0.425951395837601,6.07019166461147,0.664231410763547,0.415609453909508,0.840020089435867,0.886043564054802,"cognps_random_slope"
"1654","AC006030.1","Mic P2RY12",-0.666300924159689,4.97163562085739,1.87331590090752,0.171950125765487,0.644740804528061,0.722173203526035,"cognps_random_slope"
"1655","DCTN1","Mic P2RY12",0.161702962254131,3.7092479355809,0.0676812701506915,0.794892140159665,0.992143902613387,0.999791880761836,"cognps_random_slope"
"1656","RTKN","Mic P2RY12",0.541942288573729,3.7172989251704,0.725912048985235,0.41583154348704,0.840020089435867,0.886043564054802,"cognps_random_slope"
"1657","MOGS","Mic P2RY12",0.247378284226751,5.15212699563669,0.434597880194227,0.644803450606113,0.951443629329721,0.970887183190732,"cognps_random_slope"
"1658","CCDC142","Mic P2RY12",0.118484118524309,4.81645768733565,0.0779047458577567,0.906814818742617,0.999765323016076,0.999791880761836,"cognps_random_slope"
"1659","TTC31","Mic P2RY12",-0.145958681794393,4.61288388260396,0.128159517011567,0.720558026873338,0.97571529536985,0.991463831658989,"cognps_random_slope"
"1660","AUP1","Mic P2RY12",-0.186306446831942,5.52798471215293,0.191019193730513,0.662332019944557,0.956868413031157,0.974663967212087,"cognps_random_slope"
"1661","HTRA2","Mic P2RY12",-0.811798494884987,3.62190958326235,1.76627341117982,0.18468650237087,0.66053662815611,0.73185282653701,"cognps_random_slope"
"1662","LOXL3","Mic P2RY12",0.193752739530272,6.85802834142911,0.266786039820359,0.605813379153445,0.938251396993456,0.96063951285617,"cognps_random_slope"
"1663","DOK1","Mic P2RY12",-0.156832656733344,5.12421807638256,0.175059274103624,0.675903804748034,0.962810601943974,0.980067760574701,"cognps_random_slope"
"1664","M1AP","Mic P2RY12",0.128158754243898,4.08511115366801,0.0276923163918329,0.867927757561063,0.999765323016076,0.999791880761836,"cognps_random_slope"
"1665","SEMA4F","Mic P2RY12",-0.312512666162341,3.02062189248726,0.153484052566311,0.839807260388386,0.999765323016076,0.999791880761836,"cognps_random_slope"
"1666","HK2","Mic P2RY12",-0.399862254353797,7.08840408458163,0.490666729550321,0.484082966393228,0.881462467904707,0.916739510069731,"cognps_random_slope"
"1667","POLE4","Mic P2RY12",-0.667112254106266,3.48997601732289,1.13724218209644,0.286951217016475,0.754255972880221,0.814647163364235,"cognps_random_slope"
"1668","TACR1","Mic P2RY12",0.129152993941377,2.67941087391001,0.0111213886207449,0.91607119489507,0.999765323016076,0.999791880761836,"cognps_random_slope"
"1669","AC007681.1","Mic P2RY12",0.034530985127407,3.21759207152409,0.00158626690454908,0.968252380793632,0.999765323016076,0.999791880761836,"cognps_random_slope"
"1670","EVA1A","Mic P2RY12",-0.252478149545302,2.6692273170559,0.0675178442057508,0.795134376240149,0.992143902613387,0.999791880761836,"cognps_random_slope"
"1671","MRPL19","Mic P2RY12",-0.0606569275425539,5.0365919521725,0.0226946161275034,0.880338388898518,0.999765323016076,0.999791880761836,"cognps_random_slope"
"1672","GCFC2","Mic P2RY12",-0.517856566453068,5.61111297684204,2.87899709959151,0.0906071660661366,0.523373548470818,0.608138898172388,"cognps_random_slope"
"1673","LRRTM4","Mic P2RY12",1.9534959692394,6.39848090178474,7.99158261430677,0.00496231605174815,0.143939388332201,0.200760663796638,"cognps_random_slope"
"1674","CTNNA2","Mic P2RY12",2.19762009800676,5.72816998923212,12.7467072924883,0.000405070930249137,0.0410300432851386,0.0624245587023359,"cognps_random_slope"
"1675","SUCLG1","Mic P2RY12",-0.16186299798973,4.97017831395103,0.206719866129849,0.805694632339799,0.993231645669267,0.999791880761836,"cognps_random_slope"
"1676","DNAH6","Mic P2RY12",1.64973325649202,3.15793513318244,4.10923985870413,0.0433867560634238,0.395101986945241,0.48915845656095,"cognps_random_slope"
"1677","TRABD2A","Mic P2RY12",0.169750963456425,2.71856604716171,0.0306976545430588,0.967737836978701,0.999765323016076,0.999791880761836,"cognps_random_slope"
"1678","TMSB10","Mic P2RY12",-1.1052531176902,7.048848370277,4.8998741667686,0.0274856973371209,0.320014786070239,0.41173890122736,"cognps_random_slope"
"1679","KCMF1","Mic P2RY12",-0.0736509770928695,7.04463006328348,0.0985429991030277,0.753767157905365,0.982268354911735,0.994946400596893,"cognps_random_slope"
"1680","TCF7L1","Mic P2RY12",-0.880526236104052,2.52722211620343,0.7060903978855,0.401303071040706,0.829881589272977,0.878039616226327,"cognps_random_slope"
"1681","TGOLN2","Mic P2RY12",-0.195715328978479,6.83322895705876,0.57949243872122,0.447010210037601,0.85930843729728,0.900880173723968,"cognps_random_slope"
"1682","RETSAT","Mic P2RY12",-0.388149201600164,3.92291023824982,0.583038961651768,0.445624235337853,0.85886375336895,0.900014179067284,"cognps_random_slope"
"1683","ELMOD3","Mic P2RY12",0.436931261588211,6.25249233696104,3.40271646315421,0.0659113189139731,0.46833427160025,0.559524739020346,"cognps_random_slope"
"1684","CAPG","Mic P2RY12",-1.13215664161334,5.19635174819424,6.81895158247261,0.00939718411045311,0.193745976026164,0.266311811096321,"cognps_random_slope"
"1685","MAT2A","Mic P2RY12",-0.510269215231416,6.70176706964824,2.163722656991,0.142176420458349,0.607546555336436,0.684569924324094,"cognps_random_slope"
"1686","GGCX","Mic P2RY12",-0.292114825230616,4.75778114504685,0.588590466666828,0.443468067287103,0.857535908264216,0.898715413864843,"cognps_random_slope"
"1687","VAMP8","Mic P2RY12",-0.143447936692035,4.76758812779363,0.0804013847996838,0.776917365994126,0.989373745102453,0.999142156805629,"cognps_random_slope"
"1688","VAMP5","Mic P2RY12",-1.25719996688111,3.27155671673881,3.02298042792823,0.0829482627499556,0.505420462602119,0.593030725533821,"cognps_random_slope"
"1689","RNF181","Mic P2RY12",-0.279663801007997,3.11986073804059,0.11370724449352,0.736159046441599,0.980110798745039,0.993965240743731,"cognps_random_slope"
"1690","TMEM150A","Mic P2RY12",-0.816097156457397,4.4393544820005,3.17634122437539,0.0755554381591164,0.487925598557932,0.576331282123633,"cognps_random_slope"
"1691","USP39","Mic P2RY12",-0.684523872430116,6.31918234709524,1.97647516963807,0.160625610877898,0.631059458040078,0.708390218253214,"cognps_random_slope"
"1692","C2orf68","Mic P2RY12",-0.064742909162925,4.96122508743273,0.029354076433054,0.864060406147331,0.999765323016076,0.999791880761836,"cognps_random_slope"
"1693","GNLY","Mic P2RY12",3.78945151236966,4.80909252125752,11.2947159334749,0.000860689329313865,0.0616796668563374,0.0902522833924702,"cognps_random_slope"
"1694","ATOH8","Mic P2RY12",-0.546429637861093,4.06643675320583,0.323320115704973,0.569974071465255,0.923355952776136,0.949247646187554,"cognps_random_slope"
"1695","ST3GAL5","Mic P2RY12",0.101271199360572,6.66867022641234,0.123538743757117,0.725433521212248,0.976940470079926,0.992180101552474,"cognps_random_slope"
"1696","POLR1A","Mic P2RY12",-0.0624999931189874,5.6043450805294,0.0220607213971181,0.882008926776778,0.999765323016076,0.999791880761836,"cognps_random_slope"
"1697","PTCD3","Mic P2RY12",-0.00245728323707692,6.30980968537286,0.00010600580426578,0.991790904952621,0.999765323016076,0.999791880761836,"cognps_random_slope"
"1698","IMMT","Mic P2RY12",-0.082919158160189,6.32656379399436,0.0849197607664407,0.770905810537204,0.986443273387328,0.997526881305537,"cognps_random_slope"
"1699","MRPL35","Mic P2RY12",0.675005962399081,4.00355270610925,1.69132588364442,0.194259047810882,0.672504649887273,0.741545924973983,"cognps_random_slope"
"1700","REEP1","Mic P2RY12",2.72416740443755,3.30776395106739,11.3798056872507,0.000823305620666779,0.0605720197564661,0.0889244023963161,"cognps_random_slope"
"1701","KDM3A","Mic P2RY12",-0.204560401739415,6.42147198379071,0.175582895024833,0.675447199220803,0.962810601943974,0.980067760574701,"cognps_random_slope"
"1702","CHMP3","Mic P2RY12",0.0703726380009463,3.86477187066486,0.016706716829361,0.945291212180522,0.999765323016076,0.999791880761836,"cognps_random_slope"
"1703","RNF103-CHMP3","Mic P2RY12",1.09001161428469,4.08527646918435,3.05735598534986,0.0812255918616637,0.503937109508405,0.592113078775718,"cognps_random_slope"
"1704","AC015971.1","Mic P2RY12",-1.42147364188173,2.81572578143317,1.96046996453058,0.162325183855725,0.631992965964721,0.70895413987356,"cognps_random_slope"
"1705","RMND5A","Mic P2RY12",-0.149294800074594,5.94965983236573,0.19922813023939,0.655613235751275,0.955612931885691,0.973592644066785,"cognps_random_slope"
"1706","CD8A","Mic P2RY12",-0.568677629257437,2.05092194384668,0.174653430124336,0.83275412003673,0.999366959106503,0.999791880761836,"cognps_random_slope"
"1707","PLGLB1","Mic P2RY12",0.00964481367372084,4.63346053067256,0.000273879333041809,0.986805348998177,0.999765323016076,0.999791880761836,"cognps_random_slope"
"1708","CYTOR","Mic P2RY12",0.623337562135018,3.98608310299196,0.528427949499852,0.46774144799919,0.872472820566356,0.911648945086448,"cognps_random_slope"
"1709","RGPD2","Mic P2RY12",0.180761494547392,2.74151765370579,0.0168501062411117,0.89679093856086,0.999765323016076,0.999791880761836,"cognps_random_slope"
"1710","KRCC1","Mic P2RY12",-0.200165612313799,6.82834969030408,0.430400618880724,0.512211946613492,0.894483363914708,0.928072691844297,"cognps_random_slope"
"1711","THNSL2","Mic P2RY12",-0.104807644662654,3.42015699712695,0.013103451171471,0.908928864944717,0.999765323016076,0.999791880761836,"cognps_random_slope"
"1712","EIF2AK3","Mic P2RY12",-0.318460807648183,5.73471563508441,0.624325032484168,0.429965298335592,0.848426679786615,0.891930865479931,"cognps_random_slope"
"1713","RPIA","Mic P2RY12",-0.370794041790795,4.88453704161034,0.737287834342854,0.391103006763841,0.824692295940985,0.873963454008406,"cognps_random_slope"
"1714","IGKC","Mic P2RY12",-0.965447133540313,2.72850828070622,0.72971861886027,0.393543075115966,0.825887411420564,0.875551896618619,"cognps_random_slope"
"1715","MAL","Mic P2RY12",-1.31450135884146,3.00421685389816,1.99024485087341,0.159179700187396,0.62960268995345,0.706937631044709,"cognps_random_slope"
"1716","MRPS5","Mic P2RY12",-0.149381328875862,6.21592207708188,0.292405348825671,0.848002466885867,0.999765323016076,0.999791880761836,"cognps_random_slope"
"1717","ZNF514","Mic P2RY12",0.720077376459944,3.81279517764575,1.51220701056024,0.219606507559258,0.700641380490504,0.765654809224497,"cognps_random_slope"
"1718","ZNF2","Mic P2RY12",-0.400898552654757,3.77478999889527,0.474010610410185,0.491591743598716,0.884362129418206,0.919457422548261,"cognps_random_slope"
"1719","AC092835.1","Mic P2RY12",-0.640619210038845,4.1064405241465,1.29813139705685,0.368693751204195,0.812104761618872,0.863106788382106,"cognps_random_slope"
"1720","FAHD2A","Mic P2RY12",-0.335132300648394,4.20264540253122,0.454344841330102,0.504461703727624,0.891059111542113,0.925355294132939,"cognps_random_slope"
"1721","LINC00342","Mic P2RY12",0.880167719303632,3.40100980579058,1.56800305037923,0.32785407743936,0.781740405134397,0.838554421741862,"cognps_random_slope"
"1722","ANKRD36C","Mic P2RY12",0.254268313457039,6.22048292940862,0.640118977406327,0.424195893475393,0.844676919457407,0.889133617630447,"cognps_random_slope"
"1723","DUSP2","Mic P2RY12",-2.35606024828027,2.44593317877437,2.86459198068203,0.0914171830995672,0.525335193275,0.610153299020831,"cognps_random_slope"
"1724","STARD7","Mic P2RY12",-0.384227221629448,5.59124627061413,1.62232117698026,0.251587040854302,0.729501575487489,0.789459281326494,"cognps_random_slope"
"1725","TMEM127","Mic P2RY12",-0.468204018041481,5.20816709413939,1.72208682390552,0.190261588683101,0.667284886140338,0.737905989482282,"cognps_random_slope"
"1726","CIAO1","Mic P2RY12",0.240700372437164,5.46632766500684,0.55783355927933,0.455622463291847,0.865333388169053,0.905598852945087,"cognps_random_slope"
"1727","SNRNP200","Mic P2RY12",-0.271474524527958,5.9852670940982,0.994260871962322,0.319373641387501,0.774041290465206,0.832055998512576,"cognps_random_slope"
"1728","AC021188.1","Mic P2RY12",-2.13067581787034,2.80098089999112,5.11901769728091,0.0242610464517785,0.302439333488636,0.392982117947753,"cognps_random_slope"
"1729","ITPRIPL1","Mic P2RY12",-1.57681256215361,3.12150996281398,3.91617503713757,0.0485860168856482,0.415508112498131,0.509238377818196,"cognps_random_slope"
"1730","NCAPH","Mic P2RY12",-1.8187363096828,2.33984679310806,2.4218865602295,0.128409301576229,0.588312153990787,0.665657920588163,"cognps_random_slope"
"1731","ARID5A","Mic P2RY12",-0.790970888163397,6.31989334822415,4.62538762336285,0.0321680841410833,0.346166150645263,0.4390482733532,"cognps_random_slope"
"1732","KANSL3","Mic P2RY12",0.0472637090041197,5.81599269449227,0.0260938305622416,0.935602890795638,0.999765323016076,0.999791880761836,"cognps_random_slope"
"1733","LMAN2L","Mic P2RY12",0.271089779621169,4.21007846405357,0.334723102303965,0.563253240165034,0.921180945991167,0.947542006734259,"cognps_random_slope"
"1734","CNNM4","Mic P2RY12",0.36422032755456,4.73578320980603,0.63777759988986,0.62210148721909,0.944462324835258,0.965019437458618,"cognps_random_slope"
"1735","CNNM3","Mic P2RY12",-0.190317772008982,3.44547162635287,0.0644269357785223,0.799776108692991,0.992143902613387,0.999791880761836,"cognps_random_slope"
"1736","ANKRD23","Mic P2RY12",0.112186764939962,4.9669538350918,0.077320230907424,0.78112213995379,0.990020960532974,0.999508397105588,"cognps_random_slope"
"1737","SEMA4C","Mic P2RY12",-0.677721948216756,5.16708794931542,2.32348756944918,0.128312904538765,0.588312153990787,0.665657920588163,"cognps_random_slope"
"1738","FAHD2B","Mic P2RY12",2.72401526960146,3.00844812429899,10.6281803816527,0.00122010961599303,0.0745722769383174,0.105729831777795,"cognps_random_slope"
"1739","ANKRD36","Mic P2RY12",0.0878983233903823,6.4242563197795,0.0881191210354802,0.766753434252106,0.985825844038422,0.996584922860264,"cognps_random_slope"
"1740","AC092683.1","Mic P2RY12",0.0543384981772244,6.24790045850098,0.0170624546348281,0.896146321438986,0.999765323016076,0.999791880761836,"cognps_random_slope"
"1741","AC092683.2","Mic P2RY12",-2.53077083784739,2.62889723289231,6.28684019184802,0.0126039053978683,0.223818329222593,0.297993820934554,"cognps_random_slope"
"1742","ANKRD36B","Mic P2RY12",0.181388867652782,4.78314039702247,0.102536584869497,0.748992574029579,0.982244103840787,0.994674014762625,"cognps_random_slope"
"1743","COX5B","Mic P2RY12",-0.858333343353478,4.63481196470711,2.11913915251232,0.146340677769422,0.612847319621258,0.690653251059582,"cognps_random_slope"
"1744","ACTR1B","Mic P2RY12",-0.255096087357122,4.90705763640399,0.431496248090909,0.71579906907378,0.975412307559,0.990650092834154,"cognps_random_slope"
"1745","C2orf92","Mic P2RY12",0.886303778987161,4.24952192495406,2.94287017519573,0.106744682736852,0.552802259914344,0.637067075420758,"cognps_random_slope"
"1746","TMEM131","Mic P2RY12",0.159120758140724,7.84608158782941,0.449860094598003,0.502831911956922,0.890035562007543,0.924712535641813,"cognps_random_slope"
"1747","INPP4A","Mic P2RY12",0.0299923366599005,8.14337454794192,0.00684055684011082,0.934130009528658,0.999765323016076,0.999791880761836,"cognps_random_slope"
"1748","COA5","Mic P2RY12",-0.380303192834184,4.13521731228364,0.643342901890902,0.592612361812611,0.933098138955564,0.956572327419297,"cognps_random_slope"
"1749","UNC50","Mic P2RY12",-0.492854881893773,4.59654700386694,1.37801420806261,0.241216495608382,0.722596547171085,0.783692018594457,"cognps_random_slope"
"1750","MGAT4A","Mic P2RY12",0.126293634978386,9.82083474189361,0.229409112788427,0.632253400932235,0.948777696968139,0.968564075162913,"cognps_random_slope"
"1751","AC109826.1","Mic P2RY12",-0.143721170907502,4.78907769819445,0.069820425424912,0.791749779225974,0.99096280857451,0.999791880761836,"cognps_random_slope"
"1752","KIAA1211L","Mic P2RY12",0.322140314035817,5.81831503520494,0.710211661318277,0.399933680470164,0.82954706831376,0.878025991099495,"cognps_random_slope"
"1753","TSGA10","Mic P2RY12",0.302527273946828,5.61722113137886,0.456534460762859,0.499682303819604,0.888685143130261,0.923312641555035,"cognps_random_slope"
"1754","AC079447.1","Mic P2RY12",-0.583779819745283,5.60345095642081,2.61465810110947,0.106757126233738,0.552802259914344,0.637067075420758,"cognps_random_slope"
"1755","MITD1","Mic P2RY12",-0.162378182940208,5.66416734311562,0.198401246835738,0.65628242402971,0.955612931885691,0.973592644066785,"cognps_random_slope"
"1756","LYG1","Mic P2RY12",0.466937131276086,3.02695597237804,0.308244654895584,0.615609598237288,0.940879358414831,0.96381483341965,"cognps_random_slope"
"1757","TXNDC9","Mic P2RY12",-0.634834708155532,4.23531486276449,1.83647212817486,0.176215564951139,0.647510916089937,0.723004651230449,"cognps_random_slope"
"1758","EIF5B","Mic P2RY12",-0.340706101028325,6.46302666577306,1.21352427121854,0.271371993324625,0.744483269496792,0.804064195788762,"cognps_random_slope"
"1759","REV1","Mic P2RY12",0.410418519748402,7.17987330088804,3.77554529279542,0.0527869667973879,0.430779715700843,0.523388818398865,"cognps_random_slope"
"1760","AFF3","Mic P2RY12",2.7880092924223,5.14498659424024,13.4630797661857,0.000280115425836817,0.0364555003715473,0.055696203646634,"cognps_random_slope"
"1761","LONRF2","Mic P2RY12",1.85264469884402,3.9968464843446,7.08398888906695,0.0081264652683669,0.179707526503935,0.248253603625111,"cognps_random_slope"
"1762","CHST10","Mic P2RY12",0.26630311007451,3.74999311485785,0.19296280546219,0.66072587869309,0.956042361820287,0.974186353565131,"cognps_random_slope"
"1763","NPAS2","Mic P2RY12",1.17977566635518,3.19684527877076,2.08957645978883,0.149178022155923,0.615876363189008,0.693161275660609,"cognps_random_slope"
"1764","RPL31","Mic P2RY12",-0.952472479042639,6.01260509476225,5.76879376147791,0.0168198637734186,0.253546675396606,0.33617360706713,"cognps_random_slope"
"1765","TBC1D8","Mic P2RY12",-0.406193426210948,7.7304441776867,0.227898271351303,0.633376621043978,0.949002694388455,0.968564075162913,"cognps_random_slope"
"1766","CNOT11","Mic P2RY12",0.187096994773662,5.11397728479079,0.331412217481321,0.56518875016681,0.92243264413414,0.948431735951674,"cognps_random_slope"
"1767","RNF149","Mic P2RY12",-0.21216655707227,9.16998299333216,0.138734973523269,0.709761278286641,0.973488894113894,0.988849834320376,"cognps_random_slope"
"1768","CREG2","Mic P2RY12",1.56987654719947,4.2203347648857,3.95608049388049,0.0474596534015825,0.410083300943178,0.502922623767295,"cognps_random_slope"
"1769","MAP4K4","Mic P2RY12",0.275113474253204,9.61195004278301,1.06261095230635,0.303313199324583,0.763833474593217,0.824163087209446,"cognps_random_slope"
"1770","IL1R2","Mic P2RY12",-5.80462536349898,2.38297478644437,15.3653152619634,0.00010607966875883,0.024939888439247,0.0375786273262378,"cognps_random_slope"
"1771","IL18R1","Mic P2RY12",-3.14193702817091,3.00501718433525,5.01976308459871,0.025669654379599,0.311216179618471,0.402162153627309,"cognps_random_slope"
"1772","MFSD9","Mic P2RY12",0.0419412271799225,3.32603080011494,0.00293452510002298,0.956828800700003,0.999765323016076,0.999791880761836,"cognps_random_slope"
"1773","TMEM182","Mic P2RY12",0.0757743186594126,5.10257656755364,0.0205244650049417,0.886162223286482,0.999765323016076,0.999791880761836,"cognps_random_slope"
"1774","POU3F3","Mic P2RY12",1.4882724563445,2.64992662457851,2.20168491954819,0.138735854394869,0.602464311632875,0.67907281689345,"cognps_random_slope"
"1775","MRPS9","Mic P2RY12",-0.032103171066588,5.25175664820724,0.00799153697139083,0.928817445285929,0.999765323016076,0.999791880761836,"cognps_random_slope"
"1776","TGFBRAP1","Mic P2RY12",0.109961017017885,5.69579180392848,0.130041913500933,0.718600303533641,0.975581265085029,0.991080934286885,"cognps_random_slope"
"1777","C2orf49","Mic P2RY12",-0.14015909410961,4.45872763336883,0.0846124229004869,0.77130913782812,0.986666070640955,0.99761158428093,"cognps_random_slope"
"1778","NCK2","Mic P2RY12",-0.469573059207516,9.56298632028353,0.799692662523605,0.37178335311764,0.812503052043296,0.863752647984046,"cognps_random_slope"
"1779","AC010978.1","Mic P2RY12",-0.662746942094752,4.22841208018222,0.790556872138618,0.374526137281376,0.814909038108089,0.865930854785009,"cognps_random_slope"
"1780","UXS1","Mic P2RY12",-0.314882897971928,5.86267038855111,1.04492546619218,0.307365829092281,0.767459627034639,0.826769615798399,"cognps_random_slope"
"1781","SULT1C2","Mic P2RY12",0.740284635440692,2.9906138565452,0.373564571953742,0.541453782464188,0.910005809466235,0.939148122050431,"cognps_random_slope"
"1782","SULT1C4","Mic P2RY12",-0.654854563904552,3.00099766878801,0.383376747114436,0.536193607838861,0.907124922871798,0.936810708718851,"cognps_random_slope"
"1783","GCC2","Mic P2RY12",0.227574121217508,7.37644655792269,0.5608718566154,0.454398717716376,0.865094078152742,0.905598852945087,"cognps_random_slope"
"1784","GCC2-AS1","Mic P2RY12",-0.0153217047820051,4.60809761808115,0.00126680986993816,0.971627217230495,0.999765323016076,0.999791880761836,"cognps_random_slope"
"1785","LIMS1","Mic P2RY12",-0.0486819518447271,8.7734435621083,0.0194801814228476,0.889076752987238,0.999765323016076,0.999791880761836,"cognps_random_slope"
"1786","RANBP2","Mic P2RY12",-0.496850455327932,7.27151077841683,1.67623048105908,0.196256723300438,0.674541253898221,0.74300719173944,"cognps_random_slope"
"1787","CCDC138","Mic P2RY12",0.819771231964672,4.92901039663809,3.41798405509411,0.0653103212829484,0.467214377618485,0.558793621754866,"cognps_random_slope"
"1788","SH3RF3","Mic P2RY12",-0.0807088565449813,10.5747944115114,0.0329916866474152,0.855970617635788,0.999765323016076,0.999791880761836,"cognps_random_slope"
"1789","SEPT10","Mic P2RY12",-0.348368956256573,5.78909075563452,0.99262285205438,0.319772052467417,0.774041290465206,0.832055998512576,"cognps_random_slope"
"1790","NPHP1","Mic P2RY12",0.228555010052168,3.15401554492574,0.0866834607808358,0.768606434119282,0.986294885705015,0.997038473717198,"cognps_random_slope"
"1791","SMIM37","Mic P2RY12",-0.139325765549699,3.88769938844761,0.0438826382069231,0.834190731475969,0.999366959106503,0.999791880761836,"cognps_random_slope"
"1792","ACOXL","Mic P2RY12",-0.491813036300877,2.49495671865369,0.220162028796754,0.639200820930682,0.950271487556261,0.970357720549608,"cognps_random_slope"
"1793","MIR4435-2HG","Mic P2RY12",1.44285974923219,5.25243754143228,5.52318791107326,0.0193058329533004,0.273485694933593,0.359820709912381,"cognps_random_slope"
"1794","BCL2L11","Mic P2RY12",0.67554271409052,5.11039636069554,1.35459031842231,0.24524880516238,0.726811407020191,0.787714514449905,"cognps_random_slope"
"1795","ANAPC1","Mic P2RY12",-0.196601487358336,6.58892396941854,0.541530924217252,0.462278644539718,0.868376242707705,0.90839989899311,"cognps_random_slope"
"1796","MERTK","Mic P2RY12",0.301942391911877,9.44163553972929,0.517493853469335,0.472379893017566,0.875689991192199,0.91312738472786,"cognps_random_slope"
"1797","TMEM87B","Mic P2RY12",-0.319705013021044,6.29420296995505,1.03877001215893,0.308792854281272,0.76785366002022,0.827095076785596,"cognps_random_slope"
"1798","ZC3H8","Mic P2RY12",0.0664036246633426,5.67035762332875,0.0339551979530475,0.885089387765824,0.999765323016076,0.999791880761836,"cognps_random_slope"
"1799","ZC3H6","Mic P2RY12",-0.116421540282316,6.41590027367664,0.0831900298921247,0.773186207070851,0.987653070341862,0.998195214935139,"cognps_random_slope"
"1800","RGPD8","Mic P2RY12",1.30335505306945,4.1946314855771,6.36438474555778,0.0120739855998578,0.218653352734723,0.291344183615859,"cognps_random_slope"
"1801","TTL","Mic P2RY12",-0.161071178769223,5.89715360155606,0.275637445106815,0.599898454847728,0.936283425111275,0.959054741582592,"cognps_random_slope"
"1802","POLR1B","Mic P2RY12",-0.111047542667699,4.25663264625667,0.0341820299388819,0.853424374311672,0.999765323016076,0.999791880761836,"cognps_random_slope"
"1803","CHCHD5","Mic P2RY12",1.55182719358786,2.827504443029,2.95164065511051,0.086651167058139,0.511998364085591,0.597416073799922,"cognps_random_slope"
"1804","AC079922.2","Mic P2RY12",0.825831813884566,3.08350767631731,0.926189061522084,0.336501797536949,0.789802354294789,0.84478471300065,"cognps_random_slope"
"1805","SLC20A1","Mic P2RY12",-0.737447898115164,5.93639018262343,2.2917793612792,0.130939076552764,0.591809296756693,0.669219809264844,"cognps_random_slope"
"1806","IL1A","Mic P2RY12",0.630555118620983,4.00422550684303,0.488227883214227,0.485170480485968,0.881786963332351,0.916899526515135,"cognps_random_slope"
"1807","IL1B","Mic P2RY12",0.575956974538127,6.0086449881051,0.191560162933651,0.661884004895692,0.956551296261413,0.974435088363877,"cognps_random_slope"
"1808","PSD4","Mic P2RY12",0.238997867427136,4.69491176787906,0.334880553829666,0.788273144083907,0.990886185623222,0.999791880761836,"cognps_random_slope"
"1809","PAX8","Mic P2RY12",-0.65768233207396,3.26291572543368,0.422770829244079,0.515972822204635,0.894942542151003,0.928396229499558,"cognps_random_slope"
"1810","CBWD2","Mic P2RY12",-0.0360331196797079,6.16639536342797,0.00807115317207363,0.928464694497937,0.999765323016076,0.999791880761836,"cognps_random_slope"
"1811","RABL2A","Mic P2RY12",0.169342933832036,4.41186177474022,0.131350506077675,0.717248764678357,0.975429771013759,0.990827860187382,"cognps_random_slope"
"1812","SLC35F5","Mic P2RY12",-0.10349996050138,6.44649989319695,0.128346718721832,0.720362610132927,0.97571529536985,0.991463831658989,"cognps_random_slope"
"1813","AC104653.1","Mic P2RY12",1.44099148341702,2.51259215342989,1.65668682101917,0.198879054194854,0.67699667850671,0.745962233856748,"cognps_random_slope"
"1814","ACTR3","Mic P2RY12",-0.233844911234267,7.72876630059957,1.23929343422903,0.266350796555234,0.741559362771505,0.800182029697923,"cognps_random_slope"
"1815","LINC01191","Mic P2RY12",-0.243361489350539,2.75319569193894,0.049441591847588,0.824164032802046,0.997257083844715,0.999791880761836,"cognps_random_slope"
"1816","DPP10","Mic P2RY12",1.84794321494027,6.2453141988241,8.96187050457912,0.00294738918207128,0.111576165053495,0.160117805083848,"cognps_random_slope"
"1817","DDX18","Mic P2RY12",-0.157400403181467,5.65197134747673,0.167576304843844,0.682518567334134,0.964508206352919,0.981004867340756,"cognps_random_slope"
"1818","AC009404.1","Mic P2RY12",-0.282145406575602,3.37927563716288,0.163087258558046,0.741281737839894,0.981107879484698,0.994535765856121,"cognps_random_slope"
"1819","CCDC93","Mic P2RY12",-0.148254317442919,6.60026086701465,0.360862246982204,0.548406150643886,0.91189570676601,0.940046630323137,"cognps_random_slope"
"1820","INSIG2","Mic P2RY12",0.0633531029762759,5.83131899612305,0.0190173643390715,0.890393895105174,0.999765323016076,0.999791880761836,"cognps_random_slope"
"1821","STEAP3","Mic P2RY12",-0.982343090381078,5.72221916585644,3.1676665833728,0.0759540173220744,0.489355666410154,0.577387642042563,"cognps_random_slope"
"1822","C2orf76","Mic P2RY12",-0.0291481286739848,4.56168424984191,0.00365669486230822,0.986667284023873,0.999765323016076,0.999791880761836,"cognps_random_slope"
"1823","DBI","Mic P2RY12",-1.22995935975545,4.45322853316155,4.21762847761513,0.0407286730900014,0.383021016195866,0.47737844096013,"cognps_random_slope"
"1824","PTPN4","Mic P2RY12",0.424536898927808,6.36086402956893,2.5938292364005,0.108158015673956,0.556615041492583,0.641053749821443,"cognps_random_slope"
"1825","EPB41L5","Mic P2RY12",0.242344612190338,5.86035321872381,0.642059378756209,0.463837361173294,0.869438414152151,0.909481066937895,"cognps_random_slope"
"1826","AC012363.1","Mic P2RY12",-0.0521562960719692,3.67010878840758,0.00767324575673168,0.93024569012274,0.999765323016076,0.999791880761836,"cognps_random_slope"
"1827","RALB","Mic P2RY12",-0.210757470436853,5.45268618783151,0.360536805348555,0.548586454560188,0.91189570676601,0.940046630323137,"cognps_random_slope"
"1828","TFCP2L1","Mic P2RY12",-0.603277887607725,4.59098162568536,0.894891024682483,0.344790479754483,0.79495583871654,0.846771771087706,"cognps_random_slope"
"1829","CLASP1","Mic P2RY12",-0.121125029628472,8.40431429217269,0.285369929445005,0.593533046703032,0.933670191204054,0.956961229461436,"cognps_random_slope"
"1830","AC012447.1","Mic P2RY12",-1.49682360261281,2.87178676663498,2.18792029720422,0.139972396139651,0.604966330288465,0.681286841407529,"cognps_random_slope"
"1831","NIFK-AS1","Mic P2RY12",-0.0075061315731965,5.29301279530663,0.000341231177228322,0.985272204656372,0.999765323016076,0.999791880761836,"cognps_random_slope"
"1832","NIFK","Mic P2RY12",0.486354770545878,4.21192350395161,0.653274696800244,0.419478644848371,0.841605046184084,0.887205359811597,"cognps_random_slope"
"1833","TSN","Mic P2RY12",0.776574828609746,4.72932677839793,3.22291317076593,0.0734537875549115,0.483949954288775,0.572984775873399,"cognps_random_slope"
"1834","CNTNAP5","Mic P2RY12",2.07520425201521,4.44253218173165,9.69389200232784,0.00199701053663542,0.0961654300813405,0.137613921310543,"cognps_random_slope"
"1835","GYPC","Mic P2RY12",-0.440698356632585,6.27995343603706,1.06259659450148,0.303316461209281,0.763833474593217,0.824163087209446,"cognps_random_slope"
"1836","BIN1","Mic P2RY12",-0.142145724279779,8.92742761655251,0.0640946950012516,0.800282046048959,0.992143902613387,0.999791880761836,"cognps_random_slope"
"1837","CYP27C1","Mic P2RY12",-1.36811352208466,3.66584318776226,2.1595286967124,0.14256239186944,0.608626509538822,0.685639506203241,"cognps_random_slope"
"1838","ERCC3","Mic P2RY12",0.402636333871731,6.23429281341077,2.03084186368516,0.155002481513982,0.62457868592666,0.703266441081247,"cognps_random_slope"
"1839","MAP3K2","Mic P2RY12",-0.265412051856573,8.14075017542968,1.51095705733728,0.219796758718161,0.700641380490504,0.765654809224497,"cognps_random_slope"
"1840","AC068282.1","Mic P2RY12",-0.373357044313638,2.94561134028821,0.160983944569339,0.688490529332763,0.967032971762746,0.983515758542438,"cognps_random_slope"
"1841","IWS1","Mic P2RY12",-0.00914945555790574,7.06034772741357,0.0011414723500402,0.973066796793936,0.999765323016076,0.999791880761836,"cognps_random_slope"
"1842","AC010976.1","Mic P2RY12",0.428059173052829,3.23183600642882,0.232365025234428,0.630068947666115,0.947766510817256,0.9679212910507,"cognps_random_slope"
"1843","WDR33","Mic P2RY12",-0.132759979156648,7.30528621083512,0.415877980051335,0.519412213902608,0.896643446928873,0.929745800907844,"cognps_random_slope"
"1844","POLR2D","Mic P2RY12",1.12463112540171,3.99411568515452,4.34020555987063,0.0379282671204468,0.371275900424476,0.464977043083455,"cognps_random_slope"
"1845","AMMECR1L","Mic P2RY12",0.229230015597148,4.53669176866561,0.290657623243966,0.590133013122972,0.932261288324997,0.955921900498399,"cognps_random_slope"
"1846","AC012306.2","Mic P2RY12",-1.36635755858951,2.84829852654433,2.04725268692239,0.153349463946418,0.622158283448558,0.700424768500555,"cognps_random_slope"
"1847","SAP130","Mic P2RY12",-0.288011504594045,5.86547921351592,0.937800917245061,0.333494844417937,0.786686218983413,0.842774414664914,"cognps_random_slope"
"1848","UGGT1","Mic P2RY12",0.184411731668527,6.50211596133732,0.423569049906642,0.515577107438192,0.894942542151003,0.928396229499558,"cognps_random_slope"
"1849","HS6ST1","Mic P2RY12",-0.157596255022703,6.47922218061694,0.175451025020126,0.67556211640253,0.962810601943974,0.980067760574701,"cognps_random_slope"
"1850","LINC01854","Mic P2RY12",-1.30692190277676,3.02331340698529,1.47230677237978,0.225778426471258,0.706583534051226,0.769637329131246,"cognps_random_slope"
"1851","SMPD4","Mic P2RY12",-0.0672126841842409,5.48512482560696,0.0482029753270595,0.826344826730801,0.997790670013024,0.999791880761836,"cognps_random_slope"
"1852","MZT2B","Mic P2RY12",0.528144840302918,4.87434560109606,1.48704680514452,0.477955487051669,0.879737325841521,0.915469168543581,"cognps_random_slope"
"1853","CCDC115","Mic P2RY12",-0.375390059999532,3.41300529116285,0.307868357015042,0.57933612659093,0.926684401886777,0.951730333765552,"cognps_random_slope"
"1854","IMP4","Mic P2RY12",-0.196591830403081,4.30724439291451,0.127900859298307,0.720828300528657,0.97571529536985,0.991463831658989,"cognps_random_slope"
"1855","PTPN18","Mic P2RY12",0.0499725069562995,7.33151767770329,0.042219620171295,0.837317961506264,0.999700499758612,0.999791880761836,"cognps_random_slope"
"1856","ARHGEF4","Mic P2RY12",0.609427317506255,3.74931897502335,0.950605159944185,0.330220665561814,0.782718527979546,0.839270332854404,"cognps_random_slope"
"1857","FAM168B","Mic P2RY12",-0.197608091267351,6.33744909099157,0.534592567569192,0.465158535583618,0.870579967708347,0.910185293421244,"cognps_random_slope"
"1858","PLEKHB2","Mic P2RY12",-0.136281873289467,5.96792818890266,0.223568348513925,0.636621197994027,0.950145971078957,0.970099689677279,"cognps_random_slope"
"1859","MZT2A","Mic P2RY12",-0.08706267477275,4.47080072762747,0.034555528100681,0.852634909573338,0.999765323016076,0.999791880761836,"cognps_random_slope"
"1860","ANKRD30BL","Mic P2RY12",1.85544789974374,3.69660497088649,5.31001318788387,0.0217724513175581,0.290016709643958,0.378508157002342,"cognps_random_slope"
"1861","NCKAP5","Mic P2RY12",0.42371902971855,8.85547943504397,1.35155280843327,0.245777720043709,0.726886505423714,0.787803854705654,"cognps_random_slope"
"1862","AC016909.2","Mic P2RY12",0.681039971941685,2.54432217541538,0.356586053237941,0.550784162803531,0.912593789036859,0.940714314424667,"cognps_random_slope"
"1863","AC010890.1","Mic P2RY12",0.172911261972608,4.45344017057072,0.0951792066580491,0.757871951839018,0.983190954097967,0.995414674993652,"cognps_random_slope"
"1864","MGAT5","Mic P2RY12",-0.0579658138910562,9.27878933278033,0.0334986958941724,0.85488037287311,0.999765323016076,0.999791880761836,"cognps_random_slope"
"1865","TMEM163","Mic P2RY12",0.694364440876712,9.59419740423022,0.335319465878025,0.562905971302159,0.921180945991167,0.947541181433825,"cognps_random_slope"
"1866","CCNT2-AS1","Mic P2RY12",-0.441581544933945,4.30760955852474,0.713894235098361,0.398715793215669,0.82930162112109,0.877688408172798,"cognps_random_slope"
"1867","CCNT2","Mic P2RY12",-0.212716979812826,6.84672896714461,0.841844308113133,0.359484735834426,0.807010757068222,0.85858423257629,"cognps_random_slope"
"1868","MAP3K19","Mic P2RY12",-1.87508258486921,2.68707939401026,3.84457736907399,0.0506785847717432,0.422090562166645,0.51502656017628,"cognps_random_slope"
"1869","RAB3GAP1","Mic P2RY12",-0.0513268803757166,7.90591529727499,0.0728609319886309,0.787370744455051,0.990886185623222,0.999791880761836,"cognps_random_slope"
"1870","ZRANB3","Mic P2RY12",0.295818414135052,5.96142703186723,0.835261313027927,0.36136788523638,0.809002844980409,0.859482959452916,"cognps_random_slope"
"1871","R3HDM1","Mic P2RY12",0.241361511654628,7.91271810198649,1.73979752172319,0.188003730163773,0.664058510259548,0.735425045919036,"cognps_random_slope"
"1872","UBXN4","Mic P2RY12",-0.414447652018803,6.8782268343691,4.39868198982712,0.0366644527174797,0.365541931273156,0.459163966487682,"cognps_random_slope"
"1873","MCM6","Mic P2RY12",0.113620258400662,3.63356852030289,0.0324224570657851,0.970785714298032,0.999765323016076,0.999791880761836,"cognps_random_slope"
"1874","DARS","Mic P2RY12",-0.618387552982476,7.1585660379361,3.75619228621847,0.0533946381677366,0.432612784816105,0.524866450616246,"cognps_random_slope"
"1875","DARS-AS1","Mic P2RY12",0.215091214993493,2.95747474604745,0.0358956851856107,0.849837959551078,0.999765323016076,0.999791880761836,"cognps_random_slope"
"1876","CXCR4","Mic P2RY12",-3.3661943206378,5.17687682416897,7.64476890318441,0.00598718181124721,0.154741440098952,0.213382850900519,"cognps_random_slope"
"1877","HNMT","Mic P2RY12",-0.471546986212051,6.69898230643672,1.06675138589628,0.30237444558532,0.763695245452297,0.823589153555775,"cognps_random_slope"
"1878","AC114763.1","Mic P2RY12",0.613912539096599,6.17516097352939,2.64125035321932,0.104997573624044,0.548384744933023,0.633725478917267,"cognps_random_slope"
"1879","SPOPL","Mic P2RY12",-0.239611268162625,7.23284250483845,0.893327381647119,0.345211787043323,0.795241305871012,0.847097943310431,"cognps_random_slope"
"1880","LRP1B","Mic P2RY12",1.7438887705771,6.37020881456103,8.82762299290924,0.00316655413277454,0.114689167387329,0.164114857295177,"cognps_random_slope"
"1881","KYNU","Mic P2RY12",-0.307181485211197,7.54828398391825,0.659122571806009,0.417406917758307,0.840787365511229,0.886483329915441,"cognps_random_slope"
"1882","ARHGAP15","Mic P2RY12",-0.194869872036748,10.3057780535943,0.568515519992705,0.451342806524021,0.863323572684614,0.904008846222819,"cognps_random_slope"
"1883","AC079793.1","Mic P2RY12",-0.136686926421246,2.63039795450935,0.0192194854098985,0.88981668717925,0.999765323016076,0.999791880761836,"cognps_random_slope"
"1884","AC092652.2","Mic P2RY12",-0.715507300688356,3.41258027322885,0.803887015259979,0.370533533775848,0.812104761618872,0.863532460737016,"cognps_random_slope"
"1885","GTDC1","Mic P2RY12",-0.828485422978102,8.12867100485592,7.54816182499398,0.00630962647248383,0.157458667332879,0.217165796407492,"cognps_random_slope"
"1886","ZEB2","Mic P2RY12",0.10412236733066,10.1775889286639,0.154859219916266,0.694167500460164,0.969058581089121,0.984989885855413,"cognps_random_slope"
"1887","AC009951.2","Mic P2RY12",-1.80884487524238,2.76472364538153,3.29853025129215,0.0701743910881645,0.479799497434945,0.571148609055115,"cognps_random_slope"
"1888","ZEB2-AS1","Mic P2RY12",0.320005819599745,4.0169673381084,0.224022219906743,0.636279298020143,0.950145971078957,0.970025117347288,"cognps_random_slope"
"1889","TEX41","Mic P2RY12",-1.38788448920755,4.83500412934488,3.49526521283425,0.062356968027407,0.458838506833911,0.550250458875185,"cognps_random_slope"
"1890","ACVR2A","Mic P2RY12",0.417095510270633,5.95172110405851,1.53369307201916,0.248277328731298,0.727567129308578,0.787883147226809,"cognps_random_slope"
"1891","ORC4","Mic P2RY12",-0.184254208169148,6.32907667168683,0.491195103804514,0.48384788848718,0.881462467904707,0.916739510069731,"cognps_random_slope"
"1892","MBD5","Mic P2RY12",0.131803922847158,8.87845484068807,0.392662317938434,0.531300846417809,0.905503589823643,0.935221650609795,"cognps_random_slope"
"1893","EPC2","Mic P2RY12",-0.320358674827035,7.34293544150948,1.55847879434753,0.212700207488302,0.693021026148977,0.759234670333087,"cognps_random_slope"
"1894","AC105402.3","Mic P2RY12",-1.5100759701918,6.62209725129697,1.91606093704504,0.167149902480415,0.638669314798481,0.716561047997901,"cognps_random_slope"
"1895","KIF5C","Mic P2RY12",1.54285240959918,4.43191107714412,6.05897892191089,0.0143045162170772,0.237604823093505,0.316584160392176,"cognps_random_slope"
"1896","MMADHC","Mic P2RY12",-0.2788630545796,4.36686974876168,0.295089096946818,0.720835477970956,0.97571529536985,0.991463831658989,"cognps_random_slope"
"1897","AC007364.1","Mic P2RY12",-0.128933765792918,4.08169787264248,0.0448583137707644,0.83238475460561,0.999366959106503,0.999791880761836,"cognps_random_slope"
"1898","RND3","Mic P2RY12",-1.03135283540101,2.4896917711873,0.661703769450901,0.416497322678542,0.840388009718898,0.886236844648922,"cognps_random_slope"
"1899","RBM43","Mic P2RY12",0.327473971628381,3.36363449632157,0.207502557764627,0.670365593014019,0.960390254014357,0.977559036931711,"cognps_random_slope"
"1900","NMI","Mic P2RY12",-0.235441036760698,5.0988821464697,0.349672501872574,0.554670071513905,0.915359234893125,0.94331516081776,"cognps_random_slope"
"1901","RIF1","Mic P2RY12",-0.248884533716199,6.94726411023255,1.2593791661147,0.2625173311068,0.736254788655182,0.796207077951358,"cognps_random_slope"
"1902","NEB","Mic P2RY12",-0.780702925794043,5.65244124367889,2.52617917218779,0.112849749438631,0.564501490193017,0.647852774148269,"cognps_random_slope"
"1903","ARL5A","Mic P2RY12",-0.230775332655438,7.31420153654158,0.64897873444455,0.421010372216715,0.842838362425486,0.887819553047035,"cognps_random_slope"
"1904","CACNB4","Mic P2RY12",1.09159318873811,6.1442104993652,3.46690825540853,0.0634236913938004,0.461223551646936,0.55369831592915,"cognps_random_slope"
"1905","STAM2","Mic P2RY12",0.358885580644454,6.51563762271446,2.43098999623249,0.249593428851913,0.729301365236868,0.789201257695949,"cognps_random_slope"
"1906","FMNL2","Mic P2RY12",-0.581602384197255,10.173060000823,2.93554779087072,0.0875110575460654,0.513888884718506,0.599371981462588,"cognps_random_slope"
"1907","PRPF40A","Mic P2RY12",-0.362157387916778,7.08436040361423,3.13133419832286,0.0776482433121001,0.493481103236767,0.580606093640182,"cognps_random_slope"
"1908","ARL6IP6","Mic P2RY12",-0.114891976593862,5.64378918660539,0.109300833604692,0.741134061039191,0.98106199042772,0.994535765856121,"cognps_random_slope"
"1909","GALNT13","Mic P2RY12",2.30041382024041,3.69188893188658,8.15542195151431,0.0045424824251956,0.138174592835903,0.194153799045,"cognps_random_slope"
"1910","KCNJ3","Mic P2RY12",2.02270552708879,3.91178359111692,6.68924159553698,0.0100919327668882,0.20140372944182,0.275099312532074,"cognps_random_slope"
"1911","NR4A2","Mic P2RY12",-2.43751401468624,4.76085694856936,5.31807532361657,0.0216734426223577,0.289288649982287,0.377610327605143,"cognps_random_slope"
"1912","GPD2","Mic P2RY12",-0.262423114997518,7.72696792816436,0.66660030673487,0.414779895959678,0.83948272587752,0.885457681264967,"cognps_random_slope"
"1913","ERMN","Mic P2RY12",-0.892588225784227,3.72811347519305,1.51103397530785,0.219785045592703,0.700641380490504,0.765654809224497,"cognps_random_slope"
"1914","CYTIP","Mic P2RY12",-0.517229529392776,5.34421562199956,0.866670060328275,0.352503340438552,0.800932055818419,0.852611072866339,"cognps_random_slope"
"1915","ACVR1C","Mic P2RY12",0.165511540002116,2.77699460747774,0.0387766193940988,0.844003104624886,0.999765323016076,0.999791880761836,"cognps_random_slope"
"1916","ACVR1","Mic P2RY12",-0.0667523128616156,6.04552527197487,0.0424762866978817,0.934128183562523,0.999765323016076,0.999791880761836,"cognps_random_slope"
"1917","UPP2","Mic P2RY12",2.7007448023265,3.57849594078886,13.6486466878175,0.000254665531314831,0.0359587299138796,0.0548933450647856,"cognps_random_slope"
"1918","CCDC148","Mic P2RY12",0.532106749638548,3.37384350130002,0.262638690977787,0.60862771173449,0.93885760879533,0.961459183207151,"cognps_random_slope"
"1919","PKP4","Mic P2RY12",0.546435779180198,5.94222735912633,2.40602808782914,0.121748242602855,0.580995309380569,0.660503517595267,"cognps_random_slope"
"1920","TANC1","Mic P2RY12",-0.501268830523435,7.71304324701134,0.893180520939004,0.345251392997354,0.795241305871012,0.847097943310431,"cognps_random_slope"
"1921","WDSUB1","Mic P2RY12",-0.0563887228198985,6.09547387293667,0.0454961661535114,0.887426439960557,0.999765323016076,0.999791880761836,"cognps_random_slope"
"1922","BAZ2B","Mic P2RY12",-0.238513498855401,9.20680056645362,1.00974247089001,0.315640170924549,0.771031286548084,0.829959876368897,"cognps_random_slope"
"1923","AC009961.1","Mic P2RY12",0.0963026463701995,5.09466910887657,0.0554064284059405,0.81404336255231,0.994801668937034,0.999791880761836,"cognps_random_slope"
"1924","MARCH7","Mic P2RY12",-0.0310981869237125,7.78538902175831,0.0325091609567144,0.857016281345792,0.999765323016076,0.999791880761836,"cognps_random_slope"
"1925","CD302","Mic P2RY12",-1.7494714280843,4.68844470486291,10.6396861078426,0.00121276109113842,0.0745722769383174,0.105729831777795,"cognps_random_slope"
"1926","LY75-CD302","Mic P2RY12",0.372786245192128,2.60561973095274,0.139582042428346,0.708917017690464,0.973286614101303,0.98859098715405,"cognps_random_slope"
"1927","PLA2R1","Mic P2RY12",0.586758283435349,2.99840345646623,0.408401902111192,0.523188571013524,0.899782433670983,0.931455315464605,"cognps_random_slope"
"1928","RBMS1","Mic P2RY12",-0.631220823238726,7.94971720571296,2.28546429572506,0.131469263039876,0.591810411151284,0.669219809264844,"cognps_random_slope"
"1929","AC009313.1","Mic P2RY12",-1.63852105512384,2.74854961550958,2.23474537298277,0.135815790188744,0.599890377165246,0.676677787802261,"cognps_random_slope"
"1930","TANK","Mic P2RY12",-0.657116301589552,7.89486855497224,6.86663001703358,0.00915435505398932,0.191181134368775,0.262039569451108,"cognps_random_slope"
"1931","PSMD14","Mic P2RY12",-0.325942720182334,6.07917583569068,0.745904585162138,0.388351605480589,0.823456298088724,0.872608875947737,"cognps_random_slope"
"1932","SLC4A10","Mic P2RY12",2.24961044886436,4.90559450469449,10.6898893753649,0.00118122003972736,0.0745722769383174,0.105729831777795,"cognps_random_slope"
"1933","DPP4","Mic P2RY12",2.26521126806512,2.50808885821202,3.28712380839422,0.0706588100816652,0.481392330403861,0.571978509732139,"cognps_random_slope"
"1934","IFIH1","Mic P2RY12",0.218554698934312,5.08024273374219,0.211262377334611,0.646057488907655,0.952245535509402,0.971283414738802,"cognps_random_slope"
"1935","GCA","Mic P2RY12",-0.638186699497646,6.42722608297657,1.87845764146769,0.171364391414381,0.643986037393191,0.72140927490974,"cognps_random_slope"
"1936","KCNH7","Mic P2RY12",1.95309724688201,4.15318143002967,6.15389461644687,0.0135690067367424,0.232878301111938,0.309632434303005,"cognps_random_slope"
"1937","FIGN","Mic P2RY12",2.81712439710422,2.93945031336198,9.17414756700384,0.00263194833013368,0.10973845741517,0.156851452668116,"cognps_random_slope"
"1938","COBLL1","Mic P2RY12",1.20344957566604,2.65817980080403,1.35413329985079,0.245328295599878,0.726811407020191,0.787714514449905,"cognps_random_slope"
"1939","SLC38A11","Mic P2RY12",3.31899301724966,2.69727867282931,9.68908650407078,0.00200210096206955,0.0961654300813405,0.137613921310543,"cognps_random_slope"
"1940","SCN3A","Mic P2RY12",3.32529875986663,3.72879951109708,17.8930157984616,2.96838477145722e-05,0.0132597747740994,0.0215878176362913,"cognps_random_slope"
"1941","SCN2A","Mic P2RY12",1.3361005288641,4.83475241817775,4.22227422926323,0.0406186557301118,0.382801351565735,0.477050142765319,"cognps_random_slope"
"1942","CSRNP3","Mic P2RY12",2.20292951502259,4.17994882865714,10.7774261564365,0.00112820480079891,0.0731030030653365,0.104838731894998,"cognps_random_slope"
"1943","TTC21B","Mic P2RY12",-0.016352829460279,5.83226840817843,0.00230906909335368,0.961700857956144,0.999765323016076,0.999791880761836,"cognps_random_slope"
"1944","AC010127.1","Mic P2RY12",0.838432643194214,2.67053300371684,0.729847262896726,0.393501421665717,0.825887411420564,0.875551896618619,"cognps_random_slope"
"1945","SCN1A","Mic P2RY12",2.57363254388283,4.37874900660333,11.3632414112811,0.000830451469543732,0.0605720197564661,0.0889244023963161,"cognps_random_slope"
"1946","AC073050.1","Mic P2RY12",2.71103034333554,3.60225175653321,11.3759430344074,0.000824966369545538,0.0605720197564661,0.0889244023963161,"cognps_random_slope"
"1947","STK39","Mic P2RY12",0.964311468110663,3.73257579313458,1.9359543276207,0.164968569763414,0.636488914749871,0.713766152264858,"cognps_random_slope"
"1948","CERS6","Mic P2RY12",-0.595142223491034,7.50376613852302,2.56340629863328,0.110240740296846,0.56065247266128,0.644627053842235,"cognps_random_slope"
"1949","DHRS9","Mic P2RY12",0.678961866774543,4.88335535772541,0.711814342536763,0.399402984648928,0.82950017718202,0.877897744901724,"cognps_random_slope"
"1950","LRP2","Mic P2RY12",0.141572727114426,2.92958565824868,0.0136788058605959,0.906959869852445,0.999765323016076,0.999791880761836,"cognps_random_slope"
"1951","FASTKD1","Mic P2RY12",0.101986633919113,6.3665087993265,0.174121759058469,0.676723341583279,0.962836572976644,0.980096514019067,"cognps_random_slope"
"1952","PPIG","Mic P2RY12",-0.482678609084002,7.32631699508656,7.02662972094693,0.0083856128222521,0.182427917907468,0.251735873605424,"cognps_random_slope"
"1953","KLHL23","Mic P2RY12",1.35571021620795,4.35712395771006,7.44359853557899,0.00667875862181034,0.160863936801003,0.221747540920322,"cognps_random_slope"
"1954","SSB","Mic P2RY12",-0.0537282480698756,5.49763872793044,0.0211089708436864,0.884563883885962,0.999765323016076,0.999791880761836,"cognps_random_slope"
"1955","METTL5","Mic P2RY12",0.251806963096966,4.60988186587268,0.429753909085552,0.512528867289834,0.89455578933981,0.92830484233112,"cognps_random_slope"
"1956","UBR3","Mic P2RY12",-0.126536601948803,7.90384214688896,0.532730100860334,0.465936473370644,0.8711997606249,0.910729607269479,"cognps_random_slope"
"1957","MYO3B","Mic P2RY12",-2.36592012182057,2.64240872480329,6.08957524758755,0.0140630246810574,0.236163651316854,0.31484696269557,"cognps_random_slope"
"1958","GAD1","Mic P2RY12",3.57686827830025,3.25367365825606,13.1096833304967,0.000335940406489158,0.0383646777184693,0.058630048367351,"cognps_random_slope"
"1959","GORASP2","Mic P2RY12",-0.159066078908663,5.38518772797295,0.205900740948625,0.65027321343287,0.954157546074635,0.97303063252972,"cognps_random_slope"
"1960","TLK1","Mic P2RY12",-0.09840637663112,7.54375366078721,0.206284759708096,0.649969079248176,0.954023617853758,0.97281769180443,"cognps_random_slope"
"1961","METTL8","Mic P2RY12",-0.232666078936964,6.42084904006139,0.64411919474773,0.42275315585829,0.843554949621343,0.888502833860832,"cognps_random_slope"
"1962","DCAF17","Mic P2RY12",-0.21924744995701,5.34151778222064,0.355234963310248,0.863494346484792,0.999765323016076,0.999791880761836,"cognps_random_slope"
"1963","CYBRD1","Mic P2RY12",-0.116390190780423,6.39881236714998,0.0711849104541701,0.78977222243034,0.990886185623222,0.999791880761836,"cognps_random_slope"
"1964","DYNC1I2","Mic P2RY12",-0.286100229506631,6.40212435533163,1.33082325415082,0.249424919352218,0.729301365236868,0.789201257695949,"cognps_random_slope"
"1965","SLC25A12","Mic P2RY12",0.0426982980373544,6.30249683960284,0.0237713036051856,0.877554728029204,0.999765323016076,0.999791880761836,"cognps_random_slope"
"1966","HAT1","Mic P2RY12",-0.140224071892355,5.57474256266294,0.190179672059822,0.663028786563522,0.957462151803638,0.975129914891805,"cognps_random_slope"
"1967","METAP1D","Mic P2RY12",0.167846747236076,5.03694721439048,0.110858095847326,0.739363326597283,0.980436558830992,0.994247512606934,"cognps_random_slope"
"1968","ITGA6","Mic P2RY12",0.185488601666954,5.63222529595047,0.128905508117266,0.719780254128697,0.97571529536985,0.991463831658989,"cognps_random_slope"
"1969","AC078883.1","Mic P2RY12",-0.653573537200668,5.47349817195444,0.752733831248836,0.386190608820004,0.821833415962003,0.87136381863961,"cognps_random_slope"
"1970","PDK1","Mic P2RY12",-0.619757281255328,6.01659125516228,1.1513883942327,0.283978183700624,0.753389361878,0.812823719705508,"cognps_random_slope"
"1971","RAPGEF4","Mic P2RY12",0.210268380981457,5.61285557544646,0.169766223108221,0.680565135105975,0.963764980353924,0.980589311801902,"cognps_random_slope"
"1972","MAP3K20","Mic P2RY12",0.106085473690876,6.03955903403313,0.0382323742476273,0.845087695222596,0.999765323016076,0.999791880761836,"cognps_random_slope"
"1973","MAP3K20-AS1","Mic P2RY12",-1.85383583827308,2.66954475170868,3.33439257257297,0.0686744765677439,0.476194434061847,0.566910088266855,"cognps_random_slope"
"1974","SP3","Mic P2RY12",-0.495221658022721,7.49743038918941,4.77029535138102,0.0296002851971165,0.333339010022318,0.424515540565517,"cognps_random_slope"
"1975","OLA1","Mic P2RY12",-0.332044510803691,7.30744603167571,1.25817494893117,0.262745216851987,0.736466984110746,0.796395659307346,"cognps_random_slope"
"1976","CIR1","Mic P2RY12",-0.250027543100787,5.87048279480381,0.664166189993006,0.415632328243014,0.840020089435867,0.886043564054802,"cognps_random_slope"
"1977","SCRN3","Mic P2RY12",0.28892985175219,4.76706957183292,0.448207681462164,0.50361691417026,0.890717997465443,0.924998716283697,"cognps_random_slope"
"1978","GPR155","Mic P2RY12",-0.680050597297407,7.18098640005623,1.13265198504457,0.287924424400615,0.754255972880221,0.814647163364235,"cognps_random_slope"
"1979","AC010894.3","Mic P2RY12",-0.768122015106147,5.7793236227639,2.11313507106781,0.146911949304672,0.613906387967251,0.691749576568572,"cognps_random_slope"
"1980","WIPF1","Mic P2RY12",-0.113176552076349,8.62273281205004,0.278703601898344,0.597877763033958,0.935775674346053,0.958530873406693,"cognps_random_slope"
"1981","CHN1","Mic P2RY12",1.32134926673329,6.43809247734132,6.59938533570692,0.010604058985517,0.203578467967514,0.276699664153336,"cognps_random_slope"
"1982","ATF2","Mic P2RY12",-0.0269678452301266,6.61499229112079,0.0117545286311445,0.913724346759901,0.999765323016076,0.999791880761836,"cognps_random_slope"
"1983","ATP5MC3","Mic P2RY12",-0.56277082636193,4.49827927162555,0.830112769195012,0.362850211179471,0.809837342431141,0.860738427087666,"cognps_random_slope"
"1984","LNPK","Mic P2RY12",0.843831765036631,5.70459707398371,5.99567991113916,0.0148178353382838,0.240314100569536,0.320164629194747,"cognps_random_slope"
"1985","MTX2","Mic P2RY12",0.523572163328132,6.20317181687495,3.54555647352723,0.0605120413187557,0.453201947292591,0.546124392419859,"cognps_random_slope"
"1986","HNRNPA3","Mic P2RY12",-0.420391084262068,7.4498279041524,3.66435468731572,0.0563815023592414,0.441594689138629,0.534983573522347,"cognps_random_slope"
"1987","NFE2L2","Mic P2RY12",-0.0197216845921235,8.32950882516112,0.00982969568070374,0.921078525439175,0.999765323016076,0.999791880761836,"cognps_random_slope"
"1988","AGPS","Mic P2RY12",-0.528172830129454,6.83614840511005,5.01263934241329,0.0257739806763681,0.311216179618471,0.402189132409592,"cognps_random_slope"
"1989","RBM45","Mic P2RY12",0.350435496442803,5.11465164921334,0.893329961852242,0.345211091258903,0.795241305871012,0.847097943310431,"cognps_random_slope"
"1990","OSBPL6","Mic P2RY12",1.42880040219404,6.90456746136807,13.3626472450712,0.000294949307553663,0.0365068352879289,0.0557869310565958,"cognps_random_slope"
"1991","AC009948.1","Mic P2RY12",-0.40357650158082,5.74903343445603,1.17207692915838,0.279700254601593,0.750450717615308,0.811324991036345,"cognps_random_slope"
"1992","PRKRA","Mic P2RY12",-0.600402280162024,5.69633257564534,2.93489140403601,0.0875463266780351,0.513888884718506,0.599371981462588,"cognps_random_slope"
"1993","PJVK","Mic P2RY12",-0.175671506406844,3.80580689441683,0.0789642653016889,0.991734334239007,0.999765323016076,0.999791880761836,"cognps_random_slope"
"1994","FKBP7","Mic P2RY12",-1.45911420218466,2.63525448546592,2.10548780539072,0.147643225810243,0.614151119169224,0.691886074221781,"cognps_random_slope"
"1995","PLEKHA3","Mic P2RY12",-0.728937407510847,4.96674652802661,3.93000774639318,0.0481924022692608,0.413937624133963,0.507812659855278,"cognps_random_slope"
"1996","TTN-AS1","Mic P2RY12",0.00176233155412226,6.60428643412727,2.95398374911247e-05,0.995666487412212,0.999765323016076,0.999791880761836,"cognps_random_slope"
"1997","TTN","Mic P2RY12",-0.594901118939222,3.0440297317093,0.504279476060501,0.478085980039208,0.879817387874956,0.915510460903459,"cognps_random_slope"
"1998","SESTD1","Mic P2RY12",-1.7354215147618,4.23974721776885,7.37113153992797,0.00694752343206004,0.165077591335171,0.227002776486657,"cognps_random_slope"
"1999","ZNF385B","Mic P2RY12",2.78126004822247,4.30338100301623,20.0846919862307,9.97159735849808e-06,0.00668146881006164,0.011240483122367,"cognps_random_slope"
"2000","CWC22","Mic P2RY12",-0.0595445526411856,5.61908263724103,0.0440291452318291,0.833918218390917,0.999366959106503,0.999791880761836,"cognps_random_slope"
"2001","UBE2E3","Mic P2RY12",0.187879894321889,6.89073939337818,0.62906285962184,0.428222222344635,0.847902778020161,0.891476644831879,"cognps_random_slope"
"2002","ITGA4","Mic P2RY12",-4.35646331219223,3.54592188595844,15.6512933956333,9.1761474727909e-05,0.0233249818850571,0.0364867651664205,"cognps_random_slope"
"2003","SSFA2","Mic P2RY12",-0.330327474973173,5.74293674314659,1.16775971719944,0.280586179077875,0.750675860615413,0.811474754307675,"cognps_random_slope"
"2004","PDE1A","Mic P2RY12",1.05467145419264,4.53455111627808,2.65997330279609,0.103777865511668,0.546454685941795,0.631660901177258,"cognps_random_slope"
"2005","DNAJC10","Mic P2RY12",0.30373165027511,6.30613950210008,0.765872447378779,0.382081077106271,0.819224492969006,0.869609277970784,"cognps_random_slope"
"2006","NCKAP1","Mic P2RY12",1.53812881370779,4.53131685655103,7.23087478914074,0.00749969946491343,0.170924273009022,0.236146263179432,"cognps_random_slope"
"2007","NUP35","Mic P2RY12",-0.121447186750977,4.64730097366351,0.0865023383478856,0.768841389772906,0.986387145856201,0.997150576642532,"cognps_random_slope"
"2008","ZNF804A","Mic P2RY12",-1.57389571880024,6.68072374181854,5.12602477543144,0.0241646993518241,0.302363338948455,0.392785253703587,"cognps_random_slope"
"2009","FSIP2-AS1","Mic P2RY12",-0.0242132038260564,2.9029582705172,0.000493205351786534,0.982294171698871,0.999765323016076,0.999791880761836,"cognps_random_slope"
"2010","LINC01473","Mic P2RY12",0.528518405130976,4.38521850816037,1.0908061499924,0.296994180092487,0.760852419694021,0.821386151708703,"cognps_random_slope"
"2011","ZC3H15","Mic P2RY12",-0.017365929486774,5.92909884143312,0.00340218327812374,0.953519571585413,0.999765323016076,0.999791880761836,"cognps_random_slope"
"2012","ITGAV","Mic P2RY12",-0.727277217908841,7.83051567157138,3.13259604402924,0.0775887223653731,0.493481103236767,0.580606093640182,"cognps_random_slope"
"2013","AC017101.1","Mic P2RY12",-2.05820202780457,3.94426537476818,5.95728822563034,0.0151384189300657,0.243311744683176,0.323892987308415,"cognps_random_slope"
"2014","FAM171B","Mic P2RY12",1.71843930449695,3.70782209682876,5.83957381313023,0.0161668777580227,0.250465120040765,0.334080897391953,"cognps_random_slope"
"2015","AC007319.1","Mic P2RY12",1.66977489088132,4.73150388258544,1.91253839055099,0.167539597475616,0.638685292999734,0.716732069796503,"cognps_random_slope"
"2016","GULP1","Mic P2RY12",3.78176802380379,3.2272313749268,16.3156062877741,6.55814958503704e-05,0.0211535042685755,0.0334520863003458,"cognps_random_slope"
"2017","COL5A2","Mic P2RY12",2.13563749368686,3.43995775378625,6.52833953145034,0.0110278937963134,0.20722492017867,0.279039130906717,"cognps_random_slope"
"2018","WDR75","Mic P2RY12",0.211003768609582,5.5027423535056,0.448562188020815,0.837724629099106,0.999700499758612,0.999791880761836,"cognps_random_slope"
"2019","SLC40A1","Mic P2RY12",0.100884212958483,5.12009126038212,0.0217734425341698,0.88277408369847,0.999765323016076,0.999791880761836,"cognps_random_slope"
"2020","ASNSD1","Mic P2RY12",0.196051463889863,4.17359777157805,0.150272600425114,0.812104839801308,0.994447726155304,0.999791880761836,"cognps_random_slope"
"2021","ANKAR","Mic P2RY12",0.370378752153622,6.53406222885228,1.11345610227411,0.292040272829855,0.757135170476472,0.818402479919089,"cognps_random_slope"
"2022","OSGEPL1","Mic P2RY12",0.153363734581246,3.93774778645834,0.0762652951133758,0.78258248949691,0.990020960532974,0.999508397105588,"cognps_random_slope"
"2023","ORMDL1","Mic P2RY12",-0.125102852314843,6.15382188638899,0.118318124205495,0.731066856377408,0.978316173868542,0.992754357816929,"cognps_random_slope"
"2024","PMS1","Mic P2RY12",-0.580336698814777,7.3011475779857,3.20841246091269,0.0741013207178013,0.485339622643341,0.57389703730087,"cognps_random_slope"
"2025","C2orf88","Mic P2RY12",-0.220562741206838,3.87452640254983,0.152012739110771,0.696850090332717,0.969465036932206,0.984989885855413,"cognps_random_slope"
"2026","HIBCH","Mic P2RY12",0.134311426583816,7.23333032805463,0.0764180218015841,0.782370399276214,0.990020960532974,0.999508397105588,"cognps_random_slope"
"2027","INPP1","Mic P2RY12",0.418455666656082,3.34999126336044,0.357807673382618,0.550102845625078,0.912141578102161,0.94033426754245,"cognps_random_slope"
"2028","MFSD6","Mic P2RY12",-0.425352198930297,4.15916998625584,0.473736921240033,0.491716745281048,0.884371891574351,0.919457422548261,"cognps_random_slope"
"2029","NEMP2","Mic P2RY12",-0.549301077132562,3.74015422201675,0.919627619760721,0.338217028547737,0.790943473347887,0.844859240409862,"cognps_random_slope"
"2030","AC108047.1","Mic P2RY12",-0.134641902276126,3.55112726178034,0.0358638046015633,0.84990386135523,0.999765323016076,0.999791880761836,"cognps_random_slope"
"2031","NAB1","Mic P2RY12",-0.173987161026014,5.68113436363533,0.304101467424067,0.581664986576606,0.927859733775962,0.9522571873954,"cognps_random_slope"
"2032","GLS","Mic P2RY12",0.0354290372018077,7.96519759278877,0.0183596454023253,0.892294137114572,0.999765323016076,0.999791880761836,"cognps_random_slope"
"2033","STAT1","Mic P2RY12",0.163683626428965,6.19263025327991,0.117928989283497,0.731492281334437,0.978316173868542,0.992754357816929,"cognps_random_slope"
"2034","STAT4","Mic P2RY12",-0.529612358661115,3.40141425767976,0.275128576748512,0.600235201353194,0.936283425111275,0.959054741582592,"cognps_random_slope"
"2035","MYO1B","Mic P2RY12",0.16809303789507,2.58514013123861,0.0291101016141392,0.864621013955877,0.999765323016076,0.999791880761836,"cognps_random_slope"
"2036","NABP1","Mic P2RY12",-0.261138051541111,6.76014197948613,0.595524853572559,0.440797387185444,0.855818037073943,0.897260497291077,"cognps_random_slope"
"2037","TMEFF2","Mic P2RY12",2.72822527218197,4.22165906523791,13.7112568400518,0.000246617950783296,0.0359587299138796,0.0548933450647856,"cognps_random_slope"
"2038","SLC39A10","Mic P2RY12",0.031848386224441,7.23509937499461,0.0106946340063417,0.917691360205696,0.999765323016076,0.999791880761836,"cognps_random_slope"
"2039","DNAH7","Mic P2RY12",1.42606708146902,3.01237722796749,2.52087418375794,0.11322706725761,0.565123250770661,0.648552904299494,"cognps_random_slope"
"2040","STK17B","Mic P2RY12",-0.910959003981448,5.83998050704637,3.48955405264935,0.0625702544137911,0.458951274985886,0.550388757611752,"cognps_random_slope"
"2041","AC114760.2","Mic P2RY12",-1.70491126774231,2.90397792920297,2.69667876557336,0.10143162255797,0.542074332563011,0.6273410096216,"cognps_random_slope"
"2042","HECW2","Mic P2RY12",2.41887715840469,4.11143146223454,13.0878425903639,0.00033973976144765,0.0383646777184693,0.058630048367351,"cognps_random_slope"
"2043","CCDC150","Mic P2RY12",-1.57814772433509,3.12751683538382,3.52448351337532,0.0612778947371454,0.455707584557428,0.54778355941671,"cognps_random_slope"
"2044","GTF3C3","Mic P2RY12",0.206911749468639,5.33994780789929,0.314295519784339,0.575405261789172,0.924900775009009,0.950322446996267,"cognps_random_slope"
"2045","PGAP1","Mic P2RY12",1.35449368247122,4.14905788034763,5.36816640485324,0.0210686927171996,0.286060335464227,0.373093697115361,"cognps_random_slope"
"2046","ANKRD44","Mic P2RY12",0.00519544458374597,10.6347348834903,0.000280894738665337,0.986637443024146,0.999765323016076,0.999791880761836,"cognps_random_slope"
"2047","SF3B1","Mic P2RY12",-0.100748999451783,7.57379100399076,0.185928630771381,0.769346273437283,0.986443273387328,0.997458950705248,"cognps_random_slope"
"2048","COQ10B","Mic P2RY12",0.116993560168871,5.01941042700331,0.102385755232638,0.749171020257239,0.982244103840787,0.994674014762625,"cognps_random_slope"
"2049","HSPD1","Mic P2RY12",0.151195011355547,6.21634701907054,0.042009930581513,0.837716800977724,0.999700499758612,0.999791880761836,"cognps_random_slope"
"2050","HSPE1-MOB4","Mic P2RY12",1.61054888617589,3.15948375362101,1.22369885830372,0.269377462658164,0.74348645631871,0.803112251136388,"cognps_random_slope"
"2051","MOB4","Mic P2RY12",-0.261170783227428,3.73160420967417,0.173201265768844,0.677530523784398,0.963032358317531,0.980096514019067,"cognps_random_slope"
"2052","RFTN2","Mic P2RY12",0.555685087852157,3.18923104060588,0.449295457438628,0.503099915375521,0.890194368945059,0.924712535641813,"cognps_random_slope"
"2053","AC011997.1","Mic P2RY12",0.0108316917753363,4.02899828591704,0.000438369887437042,0.983307295899607,0.999765323016076,0.999791880761836,"cognps_random_slope"
"2054","PLCL1","Mic P2RY12",-0.166624419795068,7.58623288028784,0.102363116842931,0.749197816195122,0.982244103840787,0.994674014762625,"cognps_random_slope"
"2055","SATB2","Mic P2RY12",0.50500602418335,5.30611784544529,1.73909781516441,0.188092336531552,0.664092229701049,0.735425045919036,"cognps_random_slope"
"2056","FTCDNL1","Mic P2RY12",0.314270796328729,6.52451762129855,0.703942328524795,0.40201952666341,0.829881589272977,0.878083042189857,"cognps_random_slope"
"2057","C2orf69","Mic P2RY12",-0.220802270692393,4.44958608670096,0.193036434644099,0.660665223873879,0.956042361820287,0.974186353565131,"cognps_random_slope"
"2058","TYW5","Mic P2RY12",0.741178237997694,4.73607152597545,3.05426383358156,0.081378951533713,0.504314843774131,0.592365681176494,"cognps_random_slope"
"2059","MAIP1","Mic P2RY12",-0.58472351723509,3.99210538617007,1.05003614286681,0.681066154363078,0.963764980353924,0.980589311801902,"cognps_random_slope"
"2060","SPATS2L","Mic P2RY12",-0.0281923437164944,7.16436925744512,0.002953923599114,0.956686485815816,0.999765323016076,0.999791880761836,"cognps_random_slope"
"2061","KCTD18","Mic P2RY12",-0.0620540404916536,4.39587938072374,0.0178945015636936,0.893659014195399,0.999765323016076,0.999791880761836,"cognps_random_slope"
"2062","SGO2","Mic P2RY12",0.045495269904606,3.79281408781886,0.00595084025050004,0.93855372763171,0.999765323016076,0.999791880761836,"cognps_random_slope"
"2063","BZW1","Mic P2RY12",-0.945033273066925,4.18875786155682,3.91733425113561,0.0485529005620916,0.415508112498131,0.509238377818196,"cognps_random_slope"
"2064","CLK1","Mic P2RY12",-0.582420299392218,7.08498714154145,3.06914163562184,0.080643929537616,0.502655488248182,0.589914792805176,"cognps_random_slope"
"2065","PPIL3","Mic P2RY12",0.280958762964695,4.61581931396413,0.393049352518714,0.531098664057986,0.905503589823643,0.935221650609795,"cognps_random_slope"
"2066","NIF3L1","Mic P2RY12",-0.0316421604134412,3.86170938349798,0.00299769516093537,0.956367072800859,0.999765323016076,0.999791880761836,"cognps_random_slope"
"2067","ORC2","Mic P2RY12",-0.312467381728656,6.36336855199183,1.45385705691594,0.228702767357608,0.710154432032821,0.772587835198133,"cognps_random_slope"
"2068","AC005037.1","Mic P2RY12",0.135700300462574,4.57634298478546,0.0790651842897148,0.778729974052058,0.99001616376735,0.999508397105588,"cognps_random_slope"
"2069","FAM126B","Mic P2RY12",-0.10919077015562,6.59907730580479,0.226613515200631,0.986398347032989,0.999765323016076,0.999791880761836,"cognps_random_slope"
"2070","NDUFB3","Mic P2RY12",-0.626964193240901,3.84006619858449,1.09725077499741,0.295573722484506,0.760181663718371,0.820653888351377,"cognps_random_slope"
"2071","CFLAR","Mic P2RY12",-0.116415488165715,8.1218452845607,0.149651484035626,0.699097441191344,0.969804265685207,0.98522366711326,"cognps_random_slope"
"2072","CFLAR-AS1","Mic P2RY12",-1.00550158914954,3.90138694331733,1.72097567273799,0.190404298224974,0.667436045125,0.73800937981429,"cognps_random_slope"
"2073","CASP10","Mic P2RY12",-0.116647024898265,5.88717529803546,0.0808266759588751,0.776343860248131,0.989000590012602,0.998913820141765,"cognps_random_slope"
"2074","CASP8","Mic P2RY12",-0.26301690787245,6.07290557877364,0.694526066646314,0.405182301085766,0.832587827418286,0.880198242323207,"cognps_random_slope"
"2075","ALS2CR12","Mic P2RY12",0.683851713483522,3.40807170289463,0.8334414828232,0.361890876192,0.809120799461542,0.85994061356433,"cognps_random_slope"
"2076","TRAK2","Mic P2RY12",-0.581703544296363,5.81938218298325,4.6027010558373,0.0325907696411801,0.346901432852624,0.440239006327384,"cognps_random_slope"
"2077","STRADB","Mic P2RY12",0.428575845486225,4.12674601167088,0.703543059577119,0.402152902077361,0.829881589272977,0.878114980855603,"cognps_random_slope"
"2078","C2CD6","Mic P2RY12",1.51369996715928,2.92242282795657,3.03581272346958,0.0823006066021785,0.505420462602119,0.593030725533821,"cognps_random_slope"
"2079","ALS2","Mic P2RY12",0.505190337215238,5.31843596017535,2.36375592835685,0.125062215307394,0.583761310506945,0.66186883779578,"cognps_random_slope"
"2080","SUMO1","Mic P2RY12",-0.0895695700258845,5.10176201113127,0.0550724353084839,0.814594416406202,0.994957963721761,0.999791880761836,"cognps_random_slope"
"2081","NOP58","Mic P2RY12",0.330250426838567,6.22113109017165,0.725586620082002,0.394884356758723,0.826865111605412,0.876520790761535,"cognps_random_slope"
"2082","BMPR2","Mic P2RY12",-0.0705915613708884,8.08402100558065,0.103324993856583,0.797174251805768,0.992143902613387,0.999791880761836,"cognps_random_slope"
"2083","FAM117B","Mic P2RY12",-0.66936023585381,6.14296376809811,1.97939812951233,0.160317428905869,0.630351034779585,0.707725951572901,"cognps_random_slope"
"2084","ICA1L","Mic P2RY12",1.60323863794962,4.2947557110741,6.5262103271032,0.0110408621004082,0.20722492017867,0.279054076293389,"cognps_random_slope"
"2085","WDR12","Mic P2RY12",-0.123895214959672,4.9501930532915,0.071185780247118,0.789770968337772,0.990886185623222,0.999791880761836,"cognps_random_slope"
"2086","CARF","Mic P2RY12",0.199840291160958,5.68608260503417,0.337164711049808,0.561834072330692,0.920494745238484,0.946741765232394,"cognps_random_slope"
"2087","NBEAL1","Mic P2RY12",-0.185023409492209,6.96285072214903,0.503594634115887,0.47838476200976,0.880004693986656,0.91555046345586,"cognps_random_slope"
"2088","CYP20A1","Mic P2RY12",0.226221371687672,6.43377052121288,0.689169914563455,0.447212585857012,0.859471656829172,0.900959492132745,"cognps_random_slope"
"2089","ABI2","Mic P2RY12",-0.0630012776992726,6.70018338605316,0.0502383264619312,0.822776367778849,0.996726931048618,0.999791880761836,"cognps_random_slope"
"2090","RAPH1","Mic P2RY12",-0.73096845342269,7.52962722234255,6.08397474549119,0.0141069112298183,0.236378770245978,0.315066959478248,"cognps_random_slope"
"2091","PARD3B","Mic P2RY12",1.49423202207399,7.02400756707989,11.4561223565633,0.000791180661870492,0.0592324695515445,0.0870105757164402,"cognps_random_slope"
"2092","NRP2","Mic P2RY12",0.407834219571613,6.97107642570055,1.40310691380636,0.236986304919241,0.718023654674928,0.780382658415809,"cognps_random_slope"
"2093","INO80D","Mic P2RY12",-0.47450088803697,7.50728216937992,0.779782278259152,0.37779763504694,0.816910377307216,0.867843746648631,"cognps_random_slope"
"2094","NDUFS1","Mic P2RY12",0.110469121790855,6.64209293645531,0.244340973144848,0.940316466425495,0.999765323016076,0.999791880761836,"cognps_random_slope"
"2095","EEF1B2","Mic P2RY12",-0.799017420251192,5.08073930261473,2.35175112488105,0.126021589202165,0.585608532961558,0.664048393200486,"cognps_random_slope"
"2096","ZDBF2","Mic P2RY12",-0.256572133297812,4.50657780968004,0.213911780239947,0.643998221282132,0.951443629329721,0.970883120121208,"cognps_random_slope"
"2097","ADAM23","Mic P2RY12",2.29343128310927,4.20848978768265,10.8976636163549,0.00105930292977818,0.0702758344651354,0.10119484979597,"cognps_random_slope"
"2098","FASTKD2","Mic P2RY12",0.253292518963154,4.99077632618166,0.372094730419436,0.72943447109173,0.977924377749008,0.992735737523133,"cognps_random_slope"
"2099","KLF7","Mic P2RY12",-0.550198064984334,6.81613088265713,1.83834107964005,0.175996271839052,0.647510916089937,0.723004651230449,"cognps_random_slope"
"2100","AC007879.1","Mic P2RY12",0.162521673338053,2.66716056302535,0.0157654468825896,0.900149968851757,0.999765323016076,0.999791880761836,"cognps_random_slope"
"2101","AC007879.3","Mic P2RY12",1.51166856191353,2.87744206563277,1.70397285048156,0.192603744004794,0.670256940363439,0.739445997413517,"cognps_random_slope"
"2102","AC009226.1","Mic P2RY12",0.0859004113342958,4.80855954234792,0.0117680130014664,0.913675069025019,0.999765323016076,0.999791880761836,"cognps_random_slope"
"2103","CREB1","Mic P2RY12",-0.00155504732636131,7.32243743178786,4.35689697793165e-05,0.994737117928054,0.999765323016076,0.999791880761836,"cognps_random_slope"
"2104","METTL21A","Mic P2RY12",0.558545953750077,6.49686528454322,1.02805945020317,0.311296550476082,0.769107077146114,0.82860725412079,"cognps_random_slope"
"2105","CCNYL1","Mic P2RY12",-0.20625685458019,5.206764502375,0.324694634524911,0.569155681068584,0.923223215169933,0.949014359581435,"cognps_random_slope"
"2106","PLEKHM3","Mic P2RY12",0.115017445091682,6.37085536248185,0.110617091192856,0.739636461124202,0.980436558830992,0.994247512606934,"cognps_random_slope"
"2107","IDH1","Mic P2RY12",-0.0662035022121084,6.32653774541759,0.024992287109676,0.874475011538967,0.999765323016076,0.999791880761836,"cognps_random_slope"
"2108","PIKFYVE","Mic P2RY12",0.292659797227133,7.16647999796286,1.72350472489912,0.190079663718294,0.667284886140338,0.737903096419166,"cognps_random_slope"
"2109","PTH2R","Mic P2RY12",-0.870402144532114,4.76920787596951,1.88294129297974,0.170855502036462,0.64374484958574,0.720919606742136,"cognps_random_slope"
"2110","MAP2","Mic P2RY12",1.59712122206299,5.54003620583574,8.89356405967685,0.00305689660368833,0.112603460402185,0.161109957859067,"cognps_random_slope"
"2111","UNC80","Mic P2RY12",2.49339357896818,4.36844075575772,10.8248646531691,0.00110049181695814,0.0719399553124685,0.102948497980586,"cognps_random_slope"
"2112","RPE","Mic P2RY12",0.147980037224002,5.34263127621461,0.181643688767222,0.670219448611926,0.960390254014357,0.977508744679141,"cognps_random_slope"
"2113","KANSL1L","Mic P2RY12",0.055349325585659,7.3781983166311,0.0221932999965126,0.881657526032837,0.999765323016076,0.999791880761836,"cognps_random_slope"
"2114","AC007038.2","Mic P2RY12",-0.813683526983553,3.37426606887739,1.65747825952655,0.198772062374091,0.67699667850671,0.745962233856748,"cognps_random_slope"
"2115","AC007038.1","Mic P2RY12",-0.147447742340471,5.50938441832521,0.140888440456908,0.707620656652986,0.973207309924008,0.988354461037649,"cognps_random_slope"
"2116","LANCL1-AS1","Mic P2RY12",-0.808657522992217,2.45195271560508,0.538348014637572,0.463596222725032,0.869388886193417,0.909403710200631,"cognps_random_slope"
"2117","LANCL1","Mic P2RY12",0.41430499678634,5.17536750132133,1.02383025569052,0.312292464305014,0.769796612435867,0.828989115276752,"cognps_random_slope"
"2118","ERBB4","Mic P2RY12",1.69657277054483,5.61726468100472,7.16096094101432,0.00779158253361184,0.175032998672503,0.242142307148426,"cognps_random_slope"
"2119","IKZF2","Mic P2RY12",-0.871457292225931,6.90694688839551,2.81716628955395,0.0941295981948263,0.530905195879153,0.614712396418889,"cognps_random_slope"
"2120","SPAG16","Mic P2RY12",0.740071022993823,5.59851777864702,3.14433521423222,0.0770373453261121,0.492546500341235,0.579807040077703,"cognps_random_slope"
"2121","AC068051.1","Mic P2RY12",-1.61031974841795,2.4765148425823,2.03243012846585,0.154841616285942,0.624542159560164,0.703069760675773,"cognps_random_slope"
"2122","BARD1","Mic P2RY12",0.11730444687267,5.41310022109527,0.0990793708141255,0.75311977964063,0.982244103840787,0.994674014762625,"cognps_random_slope"
"2123","AC016708.1","Mic P2RY12",0.796164283503282,3.50524776985232,0.769887985575296,0.38083748674308,0.81893496896482,0.869368286304641,"cognps_random_slope"
"2124","AC072062.1","Mic P2RY12",-3.98625076192866,2.17157519607972,10.9207295466627,0.00104658214296522,0.0697773497406813,0.100405082609153,"cognps_random_slope"
"2125","ATIC","Mic P2RY12",-0.345575791963518,4.99825667759191,0.747852017470466,0.387733616296001,0.823221748462705,0.872514155215431,"cognps_random_slope"
"2126","FN1","Mic P2RY12",-1.6410280500385,2.68997097866869,2.55919755540358,0.110532335853377,0.56065247266128,0.644627053842235,"cognps_random_slope"
"2127","LINC00607","Mic P2RY12",-1.41902117394344,2.70744294743553,1.38422658351022,0.240160684133545,0.721547211369236,0.78242597501639,"cognps_random_slope"
"2128","MREG","Mic P2RY12",-0.126600806405748,3.9810966264039,0.0449714234800821,0.832176721037086,0.999366959106503,0.999791880761836,"cognps_random_slope"
"2129","PECR","Mic P2RY12",0.852016802426197,4.72994660484417,3.55323126292328,0.0602356636867597,0.45245272499401,0.545605881003615,"cognps_random_slope"
"2130","TMEM169","Mic P2RY12",0.585532911087701,3.94172330328574,0.795428693113472,0.373059979061529,0.813700647689381,0.865113888905799,"cognps_random_slope"
"2131","XRCC5","Mic P2RY12",-0.31483496870036,7.90019008226205,3.01887022850905,0.0831568746200127,0.505420462602119,0.593030725533821,"cognps_random_slope"
"2132","SMARCAL1","Mic P2RY12",-0.252421078944376,5.96910899878983,0.991137059442695,0.320134004696319,0.774041290465206,0.832055998512576,"cognps_random_slope"
"2133","RPL37A","Mic P2RY12",-0.991993041162876,6.23479843542861,4.9312689012359,0.026997536387193,0.317255927716184,0.408168606815502,"cognps_random_slope"
"2134","AC007563.2","Mic P2RY12",1.9118085737767,3.05176901770036,4.09398172200243,0.0437754062350683,0.396828117717444,0.490515175730425,"cognps_random_slope"
"2135","DIRC3","Mic P2RY12",-2.25312385778192,6.76691651738706,6.7534778531596,0.00974149529183578,0.198026321123917,0.272200481859626,"cognps_random_slope"
"2136","TNS1","Mic P2RY12",-2.88564954906185,3.38349137356005,9.42219712390067,0.0023066152803412,0.102016341161229,0.145501388932083,"cognps_random_slope"
"2137","ARPC2","Mic P2RY12",-0.482877325702309,7.75103546436142,4.29647760114448,0.0389032571521016,0.376420613065208,0.470758997319728,"cognps_random_slope"
"2138","AAMP","Mic P2RY12",-0.294607373482692,4.38653958822129,0.344640923686187,0.657516928213584,0.955612931885691,0.973592644066785,"cognps_random_slope"
"2139","PNKD","Mic P2RY12",0.208919205083774,5.9478726956286,0.245704750378084,0.62041863396813,0.943298174927037,0.964575721805438,"cognps_random_slope"
"2140","TMBIM1","Mic P2RY12",-1.00766080740061,5.8177909343211,6.92585170709987,0.00886169963336682,0.189402929484448,0.260139346659186,"cognps_random_slope"
"2141","CATIP-AS2","Mic P2RY12",0.457355170869423,2.7791596431449,0.194962533599644,0.659083408492322,0.955612931885691,0.973592644066785,"cognps_random_slope"
"2142","SLC11A1","Mic P2RY12",-0.519369235386038,9.41935745535397,0.362805905081345,0.547331607982614,0.911747270875649,0.940046630323137,"cognps_random_slope"
"2143","CTDSP1","Mic P2RY12",-0.255142811614142,5.43134471720682,0.414680306907512,0.520013943344177,0.897450979363208,0.930527371433801,"cognps_random_slope"
"2144","USP37","Mic P2RY12",0.16289440363777,6.50114931193519,0.299029926263662,0.584830346816884,0.929165843899649,0.953140774160537,"cognps_random_slope"
"2145","CNOT9","Mic P2RY12",-0.498988316142887,5.1840782771024,2.14392328101301,0.14400899159289,0.609827374658516,0.68699278012833,"cognps_random_slope"
"2146","ZNF142","Mic P2RY12",0.010809947155299,4.65056616081801,0.000691142001423752,0.979040947983456,0.999765323016076,0.999791880761836,"cognps_random_slope"
"2147","BCS1L","Mic P2RY12",0.29330383721778,3.57928298199748,0.216775455938036,0.641789751262873,0.950981688448549,0.970806423495585,"cognps_random_slope"
"2148","RNF25","Mic P2RY12",-0.482467742668827,3.51670128409924,0.557296965313778,0.635326201413388,0.949736241790035,0.96945689678304,"cognps_random_slope"
"2149","STK36","Mic P2RY12",-0.13425875142342,3.87605577108537,0.0639439610633162,0.881961615337945,0.999765323016076,0.999791880761836,"cognps_random_slope"
"2150","TTLL4","Mic P2RY12",0.0159130947124104,5.97934367290534,0.00145039314108468,0.96964181803661,0.999765323016076,0.999791880761836,"cognps_random_slope"
"2151","CYP27A1","Mic P2RY12",-0.0783623065339425,6.38942145091816,0.0116409613571883,0.914140510675181,0.999765323016076,0.999791880761836,"cognps_random_slope"
"2152","CDK5R2","Mic P2RY12",1.78993999447308,2.87408344559396,3.01318050633122,0.0834465942444287,0.505420462602119,0.593030725533821,"cognps_random_slope"
"2153","CNPPD1","Mic P2RY12",-0.81621139386647,3.90076451142902,2.2670372669248,0.133030120402488,0.593557228010685,0.671370716186827,"cognps_random_slope"
"2154","RETREG2","Mic P2RY12",-0.182705692529662,4.5286114139167,0.173478136595244,0.677287471019858,0.963032358317531,0.980096514019067,"cognps_random_slope"
"2155","ZFAND2B","Mic P2RY12",0.339761239203033,3.97043021541657,0.38275068738489,0.536526436204166,0.907124922871798,0.936979572434518,"cognps_random_slope"
"2156","ANKZF1","Mic P2RY12",-0.496053867822426,5.05687857247456,1.19550592616607,0.27495359855488,0.747595304395617,0.807034094443401,"cognps_random_slope"
"2157","GLB1L","Mic P2RY12",0.487747503674982,3.26772496098538,0.343486307862655,0.558191380467983,0.917801489268667,0.945215806277844,"cognps_random_slope"
"2158","TUBA4A","Mic P2RY12",2.44811875679799,4.31756991156212,6.6197836111982,0.010485498720856,0.203351907898975,0.276486045218362,"cognps_random_slope"
"2159","DNAJB2","Mic P2RY12",0.52986190750606,5.01409221057368,1.07444298002249,0.30064049950055,0.762414699475663,0.823013995190349,"cognps_random_slope"
"2160","PTPRN","Mic P2RY12",1.00060517890332,3.78848183609642,1.89678603921966,0.16929509414412,0.641063451999253,0.718786798018681,"cognps_random_slope"
"2161","DNPEP","Mic P2RY12",-0.15503636391622,4.70224774896783,0.155441670493047,0.906974587089152,0.999765323016076,0.999791880761836,"cognps_random_slope"
"2162","SPEG","Mic P2RY12",2.00257789945441,2.81926785347058,4.64857507068329,0.0317420016140513,0.344951584246232,0.43635574779804,"cognps_random_slope"
"2163","GMPPA","Mic P2RY12",1.22674412670206,3.75684323694528,3.51617263339174,0.0615827800831331,0.45746720393241,0.549281212984869,"cognps_random_slope"
"2164","OBSL1","Mic P2RY12",0.643081124214212,3.98661076917351,1.28010706960326,0.258633026451049,0.733799859860673,0.794637250365552,"cognps_random_slope"
"2165","STK11IP","Mic P2RY12",0.622844363998632,4.32361028084261,1.77784823344459,0.183257725184289,0.658975646376457,0.730974954200992,"cognps_random_slope"
"2166","AC019211.1","Mic P2RY12",1.72449573536418,3.16472255864056,3.4671434343157,0.0634147646037043,0.461223551646936,0.55369831592915,"cognps_random_slope"
"2167","EPHA4","Mic P2RY12",1.58394717459746,3.93144395656753,3.88859142713319,0.049381130864642,0.417854603181355,0.510316389867414,"cognps_random_slope"
"2168","SGPP2","Mic P2RY12",1.44428798952253,2.37596593439278,1.56373576593174,0.211932084470689,0.692032617931702,0.758278026388146,"cognps_random_slope"
"2169","FARSB","Mic P2RY12",-0.0183662308530056,5.69822383455169,0.00159774102299894,0.968137827003598,0.999765323016076,0.999791880761836,"cognps_random_slope"
"2170","ACSL3","Mic P2RY12",-0.107644002442414,6.79119353730046,0.152311797967131,0.696566895768871,0.969437645567606,0.984989885855413,"cognps_random_slope"
"2171","SCG2","Mic P2RY12",2.28061456147722,4.0196123535998,5.87886853034768,0.0158157521719545,0.247891105095161,0.330459807893156,"cognps_random_slope"
"2172","AP1S3","Mic P2RY12",0.438705220736673,3.95454231863906,0.532474689892734,0.466043319110406,0.8711997606249,0.910796344429967,"cognps_random_slope"
"2173","WDFY1","Mic P2RY12",-0.00118413443283813,6.42083755523302,2.50695126713725e-05,0.996007827654572,0.999765323016076,0.999791880761836,"cognps_random_slope"
"2174","MRPL44","Mic P2RY12",0.765140641453311,3.73921096725103,1.72300911854049,0.190143229762238,0.667284886140338,0.737903096419166,"cognps_random_slope"
"2175","SERPINE2","Mic P2RY12",2.16695773747876,3.2773684266185,5.60545682683333,0.018433218241767,0.268165890113493,0.353682472562244,"cognps_random_slope"
"2176","CUL3","Mic P2RY12",0.0380886006337411,7.67688876316636,0.0380549381215261,0.948102110452707,0.999765323016076,0.999791880761836,"cognps_random_slope"
"2177","DOCK10","Mic P2RY12",-0.0461048933897678,9.91371536706007,0.0279210089621447,0.867388579738339,0.999765323016076,0.999791880761836,"cognps_random_slope"
"2178","NYAP2","Mic P2RY12",2.00828786927989,2.76340339209791,3.5612979798795,0.059946625511401,0.451508434578704,0.544299908237831,"cognps_random_slope"
"2179","IRS1","Mic P2RY12",-0.478619455951429,2.46316485042611,0.212622267286803,0.644998560359631,0.951566107854326,0.971031440409445,"cognps_random_slope"
"2180","RHBDD1","Mic P2RY12",0.20149775449228,7.10123681625634,0.515285175418907,0.473325887308481,0.876473706759839,0.913624953978404,"cognps_random_slope"
"2181","COL4A4","Mic P2RY12",-0.776464423489572,3.17378979475422,0.564272002394319,0.453035351626265,0.864282242952016,0.904981244671769,"cognps_random_slope"
"2182","COL4A3","Mic P2RY12",1.36709580947816,2.70933773199347,2.0725889661349,0.150836632732214,0.618910506810901,0.696418571564155,"cognps_random_slope"
"2183","AC097662.1","Mic P2RY12",0.0877041073448543,3.54082381267861,0.0176809996520235,0.894291539908798,0.999765323016076,0.999791880761836,"cognps_random_slope"
"2184","MFF","Mic P2RY12",-0.302738403565527,6.743430102132,0.592434339222493,0.44198457855165,0.856672741852858,0.897868293696787,"cognps_random_slope"
"2185","AGFG1","Mic P2RY12",-0.829827713198934,7.49682044818009,3.58270182543361,0.0591868617046539,0.44989912477379,0.543094414862529,"cognps_random_slope"
"2186","CCL20","Mic P2RY12",-0.864807501118064,2.62817504693179,0.452175325286183,0.501735539609977,0.889628842223565,0.924228102010534,"cognps_random_slope"
"2187","SPHKAP","Mic P2RY12",-0.0700804027638326,2.59948709681516,0.0017198697738051,0.966943176598917,0.999765323016076,0.999791880761836,"cognps_random_slope"
"2188","PID1","Mic P2RY12",1.06234402296476,6.22033689181439,2.50958257301903,0.114034840422319,0.567424009531676,0.649575233055972,"cognps_random_slope"
"2189","DNER","Mic P2RY12",1.36732156748009,3.97081647607699,3.62167458924015,0.057829735004265,0.446157903737568,0.539194117316441,"cognps_random_slope"
"2190","TRIP12","Mic P2RY12",-0.0307808386919976,8.1700851073935,0.025559532632274,0.873070487658869,0.999765323016076,0.999791880761836,"cognps_random_slope"
"2191","FBXO36","Mic P2RY12",0.70249370436593,4.01716509366234,1.42900307469266,0.232714874258381,0.713984505367052,0.776521381336779,"cognps_random_slope"
"2192","AC009950.1","Mic P2RY12",0.19090250075356,6.07859774642907,0.179199668337945,0.672314980584003,0.961372041791375,0.97865973324565,"cognps_random_slope"
"2193","SP110","Mic P2RY12",0.123408710977799,7.83370014403354,0.15801060281327,0.691230580151674,0.967371458045907,0.984049474704472,"cognps_random_slope"
"2194","SP140","Mic P2RY12",-0.0184438713812226,7.01051830370393,0.00299216766414736,0.956407278823968,0.999765323016076,0.999791880761836,"cognps_random_slope"
"2195","SP140L","Mic P2RY12",-0.277546904447631,6.50983438525371,1.11956153107348,0.290723078720544,0.755474085274518,0.816638205490076,"cognps_random_slope"
"2196","SP100","Mic P2RY12",-0.597484017088027,9.21066027822073,4.16040781436031,0.0421098128739324,0.39052844451458,0.48363002101009,"cognps_random_slope"
"2197","AC010149.1","Mic P2RY12",-0.812784089925046,4.0212987032244,1.65758934206853,0.198757050937231,0.67699667850671,0.745962233856748,"cognps_random_slope"
"2198","LINC01907","Mic P2RY12",0.564552475878384,3.72384338878702,0.65141813256756,0.420139579822322,0.841975550949446,0.887560609735219,"cognps_random_slope"
"2199","CAB39","Mic P2RY12",-0.469684460968299,8.7934242775366,4.30041393358406,0.038814418334799,0.376420613065208,0.470737578930732,"cognps_random_slope"
"2200","ITM2C","Mic P2RY12",0.823774699209176,4.99494150321944,1.88887148071848,0.17018510527913,0.642310971122555,0.719645980681633,"cognps_random_slope"
"2201","PSMD1","Mic P2RY12",0.0365809814317293,6.99765976205575,0.0216057130769017,0.883223211552502,0.999765323016076,0.999791880761836,"cognps_random_slope"
"2202","ARMC9","Mic P2RY12",-0.185383070549261,5.31776360770294,0.0994707028252783,0.752648672733892,0.982244103840787,0.994674014762625,"cognps_random_slope"
"2203","NCL","Mic P2RY12",-0.544765284042421,5.77407622802026,3.1552717089494,0.076527476104574,0.490480225824018,0.578183194812051,"cognps_random_slope"
"2204","PTMA","Mic P2RY12",-1.02393667949829,6.87847437368625,7.66569408071059,0.0059195953337486,0.154741440098952,0.213382850900519,"cognps_random_slope"
"2205","PDE6D","Mic P2RY12",0.0917524167647963,5.71386955526571,0.0688052849031845,0.793234480179211,0.991704028031233,0.999791880761836,"cognps_random_slope"
"2206","COPS7B","Mic P2RY12",0.638620430637522,5.35457638760999,3.51409166438083,0.0616593742727943,0.457689472120384,0.549281212984869,"cognps_random_slope"
"2207","DIS3L2","Mic P2RY12",0.235710741511846,7.35360869367762,0.959150497320729,0.328059363437238,0.781740405134397,0.838554421741862,"cognps_random_slope"
"2208","AC019130.1","Mic P2RY12",-0.329962234822953,2.95458412860146,0.114428606752156,0.735354880050525,0.979766429464813,0.99385002985584,"cognps_random_slope"
"2209","TIGD1","Mic P2RY12",0.391931918170886,3.2323315765177,0.298503588347654,0.752692727156536,0.982244103840787,0.994674014762625,"cognps_random_slope"
"2210","EIF4E2","Mic P2RY12",-0.164903120321743,5.2599356152897,0.247086962152173,0.782085684891418,0.990020960532974,0.999508397105588,"cognps_random_slope"
"2211","EFHD1","Mic P2RY12",-0.359362129401364,3.19202122408958,0.192588069098731,0.661034796113894,0.956128149241478,0.974186353565131,"cognps_random_slope"
"2212","GIGYF2","Mic P2RY12",-0.089880006981395,7.85717221620377,0.248243720283506,0.618619012576536,0.941924926164701,0.963917775753802,"cognps_random_slope"
"2213","SNORC","Mic P2RY12",0.758284469357293,3.45957996282507,1.17185501342912,0.279745707003949,0.750450717615308,0.811324991036345,"cognps_random_slope"
"2214","NGEF","Mic P2RY12",2.22437738116963,3.66975709427726,8.11186421642621,0.00465041780834045,0.139418901676891,0.195603860987006,"cognps_random_slope"
"2215","INPP5D","Mic P2RY12",0.28033854292893,10.2945621158838,1.22834658261126,0.268469490343646,0.742826661762393,0.802490666399151,"cognps_random_slope"
"2216","ATG16L1","Mic P2RY12",-0.265970605227795,5.12960307945969,0.472637252988293,0.492219532520564,0.884735626300203,0.91961645963742,"cognps_random_slope"
"2217","DGKD","Mic P2RY12",-0.421800033524142,6.35785835921144,1.30611712187001,0.253859128919785,0.730761427230338,0.791643987905028,"cognps_random_slope"
"2218","USP40","Mic P2RY12",-0.0478894199209534,6.65892966573033,0.0327688751463587,0.90441068072707,0.999765323016076,0.999791880761836,"cognps_random_slope"
"2219","ARL4C","Mic P2RY12",-0.629316445631575,3.97740342542935,0.51009034272019,0.475563044219054,0.878273477090989,0.914353483996258,"cognps_random_slope"
"2220","SH3BP4","Mic P2RY12",-1.9026454357601,2.67656743593098,3.24069629433051,0.0726679899404914,0.483185087482673,0.572984775873399,"cognps_random_slope"
"2221","AGAP1","Mic P2RY12",0.370526182086324,6.99201557956239,0.991135010277946,0.320134504264012,0.774041290465206,0.832055998512576,"cognps_random_slope"
"2222","IQCA1","Mic P2RY12",0.534796971757861,2.84241424759813,0.383525575743227,0.536114542305937,0.907124922871798,0.936810708718851,"cognps_random_slope"
"2223","AC105760.2","Mic P2RY12",-0.276297962221868,3.60351338998805,0.190328443454364,0.662905179419423,0.957462151803638,0.975129914891805,"cognps_random_slope"
"2224","COPS8","Mic P2RY12",0.846192518089077,4.14461715813668,2.3498771035829,0.212075051931316,0.692162145867404,0.75844416970043,"cognps_random_slope"
"2225","LRRFIP1","Mic P2RY12",-0.544566870966955,8.63539068252054,4.86691306372162,0.0280081505616019,0.323566513340549,0.416055289184935,"cognps_random_slope"
"2226","RBM44","Mic P2RY12",-1.04650646254016,3.13478868687577,1.69440378462631,0.193854664156366,0.671972673140058,0.740880387083451,"cognps_random_slope"
"2227","RAMP1","Mic P2RY12",-0.868695016852088,4.79496768326764,0.962243307602735,0.327281766258746,0.78138303039969,0.837902273484379,"cognps_random_slope"
"2228","UBE2F-SCLY","Mic P2RY12",-0.398482068778005,4.20971768311994,0.546088218128307,0.708572772399712,0.973207309924008,0.988354461037649,"cognps_random_slope"
"2229","ILKAP","Mic P2RY12",-0.0762005752529378,6.47888485879959,0.101336055535909,0.750416950797147,0.982244103840787,0.994674014762625,"cognps_random_slope"
"2230","HES6","Mic P2RY12",-0.731511216667083,3.35677899635683,0.891910191952457,0.345594237634364,0.795476701806109,0.84730906678079,"cognps_random_slope"
"2231","PER2","Mic P2RY12",-0.228755701426127,4.45624287007712,0.1397393545664,0.70876054882015,0.973265715210455,0.988494065768654,"cognps_random_slope"
"2232","TRAF3IP1","Mic P2RY12",0.618319611636477,5.03466581926796,2.16580273763638,0.141985427684526,0.607546555336436,0.684569924324094,"cognps_random_slope"
"2233","ASB1","Mic P2RY12",0.891128879436273,4.3350096695674,3.25116445925584,0.0722096623747155,0.481701677783777,0.572337698928994,"cognps_random_slope"
"2234","TWIST2","Mic P2RY12",2.03404004195931,4.21015556161512,5.49036444254762,0.0196658579044528,0.276180155422842,0.361713757896405,"cognps_random_slope"
"2235","HDAC4","Mic P2RY12",-0.342645226014108,8.42767786893291,0.759801795360243,0.383972098285105,0.820802375038873,0.870365066945274,"cognps_random_slope"
"2236","AC062017.1","Mic P2RY12",0.536790349716666,3.10332874255906,0.408489242662121,0.523144172543343,0.899782433670983,0.931455315464605,"cognps_random_slope"
"2237","NDUFA10","Mic P2RY12",-0.00619658106001111,6.52013608637959,0.000534611817191567,0.981566040453762,0.999765323016076,0.999791880761836,"cognps_random_slope"
"2238","COPS9","Mic P2RY12",0.276182051014535,4.04811268127643,0.159310850064422,0.690028704659423,0.967087387252322,0.983774153785057,"cognps_random_slope"
"2239","GPC1","Mic P2RY12",0.356681517351916,3.54106750433677,0.226776354186187,0.634213661942957,0.949513717316229,0.969050966350658,"cognps_random_slope"
"2240","ANKMY1","Mic P2RY12",0.285913991193961,7.00189073156539,0.9675985245683,0.325941136000993,0.780239151773905,0.837115754123445,"cognps_random_slope"
"2241","DUSP28","Mic P2RY12",0.131540371345587,3.1495156498774,0.0306977976506123,0.861014904189234,0.999765323016076,0.999791880761836,"cognps_random_slope"
"2242","RNPEPL1","Mic P2RY12",-0.0248725623976109,5.19093937516588,0.00420613726073254,0.978329160005982,0.999765323016076,0.999791880761836,"cognps_random_slope"
"2243","CAPN10-DT","Mic P2RY12",-0.36943881077928,3.61331305517548,0.342262288025517,0.558893164850852,0.918120469717927,0.945234162872729,"cognps_random_slope"
"2244","CAPN10","Mic P2RY12",0.46435012194983,4.41607595073592,1.06349326356493,0.458045110078213,0.865885529716198,0.906401036312938,"cognps_random_slope"
"2245","GPR35","Mic P2RY12",-0.191834290997981,2.89765039494976,0.0457309731996722,0.830786770772426,0.999278422244518,0.999791880761836,"cognps_random_slope"
"2246","KIF1A","Mic P2RY12",1.66818413714491,4.2789511972524,8.89847380819451,0.00304888861753887,0.112603460402185,0.161109957859067,"cognps_random_slope"
"2247","SNED1","Mic P2RY12",-0.31260245577521,4.02948940170895,0.268581065381424,0.604603889954272,0.937802649979608,0.960175025554302,"cognps_random_slope"
"2248","AC005237.1","Mic P2RY12",-0.41732939864224,2.70481590053755,0.152203447706586,0.696669461283561,0.969465036932206,0.984989885855413,"cognps_random_slope"
"2249","MTERF4","Mic P2RY12",-0.0503964940367076,5.89895098450366,0.0363239322348486,0.8489556330027,0.999765323016076,0.999791880761836,"cognps_random_slope"
"2250","PASK","Mic P2RY12",-0.256090502683545,3.25007934625606,0.121934621757443,0.870768533428937,0.999765323016076,0.999791880761836,"cognps_random_slope"
"2251","PPP1R7","Mic P2RY12",0.60445206080459,5.27447387047499,3.26877222756895,0.0714457474897264,0.481432815573689,0.571978509732139,"cognps_random_slope"
"2252","HDLBP","Mic P2RY12",-0.0883832522458346,7.12214925508693,0.131701449406107,0.716887600388691,0.975412307559,0.990827860187382,"cognps_random_slope"
"2253","SEPT2","Mic P2RY12",-0.253885251383344,7.59262813943697,1.58196986882777,0.20929326197294,0.69031233170056,0.75629373155633,"cognps_random_slope"
"2254","FARP2","Mic P2RY12",-0.0177418044128969,6.76973369500922,0.00419885714706251,0.948370368728916,0.999765323016076,0.999791880761836,"cognps_random_slope"
"2255","STK25","Mic P2RY12",0.755581473689092,5.50709809470688,5.38668549721939,0.0208495783595621,0.28576288786566,0.37273301331144,"cognps_random_slope"
"2256","THAP4","Mic P2RY12",0.403554160485305,4.60061365355207,1.06613431881347,0.302514113398877,0.763695245452297,0.823589153555775,"cognps_random_slope"
"2257","ATG4B","Mic P2RY12",-0.441713852940917,6.53029091487574,2.95570267836708,0.0864355757120028,0.511641951157184,0.597021470708069,"cognps_random_slope"
"2258","DTYMK","Mic P2RY12",0.21704420614476,3.92066130144675,0.181278132082134,0.677873281657407,0.963032358317531,0.980096514019067,"cognps_random_slope"
"2259","ING5","Mic P2RY12",-0.0116265074731327,5.57820769851788,0.00151825943360679,0.995375759998754,0.999765323016076,0.999791880761836,"cognps_random_slope"
"2260","D2HGDH","Mic P2RY12",0.283954712558431,6.16242295445654,0.731576524279918,0.392942122738249,0.825467533747958,0.8749511266305,"cognps_random_slope"
"2261","CHL1","Mic P2RY12",2.57070164808466,4.54872121324592,15.155247168335,0.000118020302415328,0.0264032586088297,0.0399772642938929,"cognps_random_slope"
"2262","LINC01266","Mic P2RY12",1.7059842220842,5.78652168193201,4.67017467554544,0.0313504167119549,0.343259969598868,0.434440252070389,"cognps_random_slope"
"2263","CNTN6","Mic P2RY12",1.7458941321955,2.75631992136059,2.64218283952652,0.104936455020962,0.548384744933023,0.633725478917267,"cognps_random_slope"
"2264","CNTN4","Mic P2RY12",1.87120578499506,4.57202679641642,9.57926840186464,0.00212210495971417,0.0980632019487228,0.139891392739053,"cognps_random_slope"
"2265","TRNT1","Mic P2RY12",-0.143135417013544,5.62651123678847,0.183349110029306,0.668767051681803,0.960264358682936,0.977272049531128,"cognps_random_slope"
"2266","CRBN","Mic P2RY12",-0.487643214106739,5.92497874083609,2.09650725793025,0.148507269951098,0.615096191273602,0.692359946452414,"cognps_random_slope"
"2267","AC024060.1","Mic P2RY12",0.00828282032681382,3.48672786668927,5.49995575292165e-05,0.994086919909631,0.999765323016076,0.999791880761836,"cognps_random_slope"
"2268","AC034195.1","Mic P2RY12",0.855571969351119,6.09413840033948,2.57886738553098,0.109176812581972,0.560137237906203,0.644343256455642,"cognps_random_slope"
"2269","SUMF1","Mic P2RY12",0.190789538393105,8.80677606835609,0.439351640808444,0.507860153364605,0.891632898629513,0.926426665394046,"cognps_random_slope"
"2270","LRRN1","Mic P2RY12",1.62986555573351,2.84448004049567,2.77328128182571,0.0967203427632667,0.535179851573405,0.621035493568437,"cognps_random_slope"
"2271","SETMAR","Mic P2RY12",0.614006268746802,3.53939292817539,1.11152578512311,0.292458311558775,0.757405070826976,0.818419565048935,"cognps_random_slope"
"2272","ITPR1","Mic P2RY12",-0.387280441114067,7.85619758395788,1.07348372986594,0.30085604411226,0.762414699475663,0.823013995190349,"cognps_random_slope"
"2273","AC018816.1","Mic P2RY12",-0.61257102487587,4.84513435076347,1.34702039341557,0.246569541612794,0.727284377806276,0.787803854705654,"cognps_random_slope"
"2274","BHLHE40-AS1","Mic P2RY12",-0.483061128251428,3.84098386824743,0.45831722204916,0.49884670152505,0.88802399669729,0.92267609204055,"cognps_random_slope"
"2275","BHLHE40","Mic P2RY12",-0.63382011591392,4.70547941079378,0.733718177197822,0.392251028131625,0.825293567800476,0.874623554902867,"cognps_random_slope"
"2276","ARL8B","Mic P2RY12",-0.278513986535222,6.93216935304109,1.01549678060189,0.314267109484663,0.770261998566852,0.829537614030808,"cognps_random_slope"
"2277","AC026202.2","Mic P2RY12",-0.465329198508099,4.3354991834094,0.365834772495594,0.545664909879775,0.911244930073703,0.940001610338548,"cognps_random_slope"
"2278","EDEM1","Mic P2RY12",-0.0578371580709803,5.49921034436691,0.0121744013648562,0.912203131021456,0.999765323016076,0.999791880761836,"cognps_random_slope"
"2279","AC069277.1","Mic P2RY12",-2.47315451557416,3.41044540428747,2.24177308716685,0.135204010939558,0.598091361526,0.675251311044607,"cognps_random_slope"
"2280","GRM7","Mic P2RY12",1.65299637332908,4.63144106092455,5.51616465051933,0.0193822878891875,0.273831363627786,0.359820709912381,"cognps_random_slope"
"2281","LMCD1-AS1","Mic P2RY12",0.614813375347155,5.89354198206569,0.825841716637554,0.36408629758614,0.810949206673758,0.861278653235162,"cognps_random_slope"
"2282","CAV3","Mic P2RY12",-0.657970203356672,2.39963662490522,0.329939877363836,0.566053605168429,0.922892263914246,0.948743900681748,"cognps_random_slope"
"2283","RAD18","Mic P2RY12",0.290376519959416,5.03431581142298,0.369169204608332,0.543840936269564,0.91027953501891,0.939401228737103,"cognps_random_slope"
"2284","SRGAP3","Mic P2RY12",-0.000678003929813797,8.29594953125856,2.89343431767597e-06,0.998643734358993,0.999765323016076,0.999791880761836,"cognps_random_slope"
"2285","THUMPD3-AS1","Mic P2RY12",-0.367398764125109,6.81050343405809,1.32761843543516,0.249994699873195,0.729301365236868,0.789201257695949,"cognps_random_slope"
"2286","THUMPD3","Mic P2RY12",-0.110543098403236,4.36596147091197,0.0701121773655398,0.791325214461215,0.990886185623222,0.999791880761836,"cognps_random_slope"
"2287","SETD5","Mic P2RY12",-0.256670922123015,8.26256150532035,1.89448581949491,0.169553205703986,0.641688530624015,0.719352381999901,"cognps_random_slope"
"2288","LHFPL4","Mic P2RY12",1.6695545051237,3.15818028412883,4.42091724923905,0.0361955901271334,0.363338654152595,0.456392382223837,"cognps_random_slope"
"2289","MTMR14","Mic P2RY12",0.094068683621144,6.72429929020734,0.144763803735586,0.703814966663923,0.971784333797295,0.986695517295158,"cognps_random_slope"
"2290","CPNE9","Mic P2RY12",0.76144558783968,3.1405636044386,1.02853149973125,0.311185647331558,0.769107077146114,0.82860725412079,"cognps_random_slope"
"2291","BRPF1","Mic P2RY12",-0.116348707638491,3.90259336010116,0.0527309092197004,0.818508195765512,0.995204567340528,0.999791880761836,"cognps_random_slope"
"2292","OGG1","Mic P2RY12",0.00288651703527561,4.98603576436815,5.89545416680848e-05,0.993878011489431,0.999765323016076,0.999791880761836,"cognps_random_slope"
"2293","CAMK1","Mic P2RY12",-0.209832218392233,3.88663121591359,0.107396076310632,0.743319061444726,0.982072175094771,0.994674014762625,"cognps_random_slope"
"2294","TADA3","Mic P2RY12",-0.354528197593448,4.83433971964373,0.803770899062453,0.370568054497466,0.812104761618872,0.863532460737016,"cognps_random_slope"
"2295","TTLL3","Mic P2RY12",0.0213961089263234,3.84905273569684,0.00163170194758825,0.967801165656345,0.999765323016076,0.999791880761836,"cognps_random_slope"
"2296","RPUSD3","Mic P2RY12",-0.180813988406488,4.2632632673217,0.149229346253481,0.752455263413946,0.982244103840787,0.994674014762625,"cognps_random_slope"
"2297","JAGN1","Mic P2RY12",-0.178409165384584,3.36313706463775,0.0579934285033552,0.809833216000885,0.994034132767222,0.999791880761836,"cognps_random_slope"
"2298","IL17RC","Mic P2RY12",-0.660483890094329,3.7772286177653,1.47181517073646,0.225855760389995,0.706583534051226,0.769637329131246,"cognps_random_slope"
"2299","CRELD1","Mic P2RY12",0.19176340458912,5.57461640443462,0.153291451983464,0.695641448095523,0.96925463151675,0.984989885855413,"cognps_random_slope"
"2300","PRRT3","Mic P2RY12",0.798072309250101,2.9958261799169,0.837159053894011,0.360823616752171,0.808620347330839,0.859213384186933,"cognps_random_slope"
"2301","PRRT3-AS1","Mic P2RY12",0.164787906230237,3.41561720252736,0.0410064936727794,0.839639899077124,0.999765323016076,0.999791880761836,"cognps_random_slope"
"2302","EMC3","Mic P2RY12",-0.277294237142566,5.25882323122748,0.717015934102956,0.397687606260812,0.828429241452076,0.876968316775435,"cognps_random_slope"
"2303","FANCD2","Mic P2RY12",-0.0117219025196181,3.9622660430383,0.000273504920805285,0.986814370263797,0.999765323016076,0.999791880761836,"cognps_random_slope"
"2304","BRK1","Mic P2RY12",-0.252127800902311,5.26526826698455,0.43669658104547,0.50914429213112,0.892484324244491,0.927193704854289,"cognps_random_slope"
"2305","VHL","Mic P2RY12",-0.0181420305697271,5.61759647699649,0.0033721150035164,0.953725190483854,0.999765323016076,0.999791880761836,"cognps_random_slope"
"2306","IRAK2","Mic P2RY12",-1.06666627360268,6.1721075436853,4.31134141976665,0.038568914812237,0.375353687290333,0.469258599267072,"cognps_random_slope"
"2307","GHRL","Mic P2RY12",-0.164639650227214,4.42226181981635,0.0772416679438199,0.78123052356269,0.990020960532974,0.999508397105588,"cognps_random_slope"
"2308","GHRLOS","Mic P2RY12",0.148398882858407,3.26456762923425,0.0414444299024599,0.838797609412098,0.999700499758612,0.999791880761836,"cognps_random_slope"
"2309","SEC13","Mic P2RY12",0.134525756565298,5.54803130460359,0.171142005733856,0.679851462550754,0.963764980353924,0.980589311801902,"cognps_random_slope"
"2310","ATP2B2","Mic P2RY12",0.876218379904183,4.31768208306995,1.89697363278305,0.169274063909828,0.641063451999253,0.718786798018681,"cognps_random_slope"
"2311","SLC6A1","Mic P2RY12",1.11954299654876,3.46748450300172,2.06205188605087,0.151875963114786,0.620505255460884,0.698068056446583,"cognps_random_slope"
"2312","HRH1","Mic P2RY12",1.30113681019735,4.81199288286378,2.33289237787886,0.127545334479618,0.587972145635143,0.665657920588163,"cognps_random_slope"
"2313","ATG7","Mic P2RY12",0.0198693677818624,9.45796520634115,0.00556493901942575,0.940575629635142,0.999765323016076,0.999791880761836,"cognps_random_slope"
"2314","VGLL4","Mic P2RY12",0.0678043793816095,7.33309270534126,0.0534955979772599,0.817220154683694,0.995084767910246,0.999791880761836,"cognps_random_slope"
"2315","TAMM41","Mic P2RY12",0.446055824284301,6.13443904042056,2.37808641129445,0.123927631915073,0.582701352326415,0.66123352413604,"cognps_random_slope"
"2316","SYN2","Mic P2RY12",1.3742156587555,4.55128734858242,4.51737267486862,0.0342334715118237,0.352916829082006,0.446237053843496,"cognps_random_slope"
"2317","PPARG","Mic P2RY12",-1.24004256675519,6.88675340584481,4.61668767851592,0.0323294938294966,0.346166150645263,0.4390482733532,"cognps_random_slope"
"2318","TSEN2","Mic P2RY12",0.125748859063492,5.70932235176582,0.138110545647304,0.710385517565777,0.973488894113894,0.988890731326174,"cognps_random_slope"
"2319","MKRN2OS","Mic P2RY12",-1.2852392174969,2.96143007111505,2.14666817491298,0.14375334640059,0.609827374658516,0.68699278012833,"cognps_random_slope"
"2320","MKRN2","Mic P2RY12",-0.0700186823321956,4.28124327045417,0.0207857255927926,0.925293243947365,0.999765323016076,0.999791880761836,"cognps_random_slope"
"2321","RAF1","Mic P2RY12",-0.275759498879083,7.49902773819929,1.74260489984671,0.187648711477899,0.663329037856852,0.734979186982147,"cognps_random_slope"
"2322","CAND2","Mic P2RY12",-0.635128185144387,3.48964894450702,0.872058545526005,0.3510126126031,0.79998639821329,0.851473247368018,"cognps_random_slope"
"2323","RPL32","Mic P2RY12",-0.289940145949661,5.87127064377001,0.295444693501612,0.587089154603087,0.930668974895585,0.954801931904539,"cognps_random_slope"
"2324","IQSEC1","Mic P2RY12",-0.188015700020573,5.17309698440334,0.116061058433891,0.733545415636832,0.978719188594747,0.993120241739745,"cognps_random_slope"
"2325","NUP210","Mic P2RY12",0.367075069659598,5.99281575121338,0.577688659432212,0.447717697299848,0.860051570358903,0.90134448637456,"cognps_random_slope"
"2326","HDAC11","Mic P2RY12",0.544412661007655,3.44834386345879,0.738045147242248,0.390860071606715,0.824692295940985,0.873932594956922,"cognps_random_slope"
"2327","TMEM43","Mic P2RY12",-0.0622683893914694,3.90623479724339,0.0117057268757757,0.913902928998727,0.999765323016076,0.999791880761836,"cognps_random_slope"
"2328","XPC","Mic P2RY12",-0.0828067936907799,6.03278536210459,0.0664263911941453,0.796760254663353,0.992143902613387,0.999791880761836,"cognps_random_slope"
"2329","LSM3","Mic P2RY12",0.229729751147401,3.69284386979562,0.140702028568336,0.88991626766515,0.999765323016076,0.999791880761836,"cognps_random_slope"
"2330","SLC6A6","Mic P2RY12",-1.70956535723507,6.33889365807556,16.2508669234252,6.77600172982781e-05,0.0211535042685755,0.0334520863003458,"cognps_random_slope"
"2331","CCDC174","Mic P2RY12",0.237952553348379,5.02838499854008,0.440165513241503,0.507467636782429,0.891301972336335,0.926064964373514,"cognps_random_slope"
"2332","FGD5-AS1","Mic P2RY12",0.19179960808992,5.1075952360042,0.240583616523946,0.624084043049718,0.945004622326151,0.965736540920449,"cognps_random_slope"
"2333","NR2C2","Mic P2RY12",-0.331352767533181,7.10208583891275,1.2454727212475,0.265164056648187,0.739842499092724,0.798474727194672,"cognps_random_slope"
"2334","MRPS25","Mic P2RY12",-0.495371175548711,5.79361897716559,2.14388008393185,0.144013018849369,0.609827374658516,0.68699278012833,"cognps_random_slope"
"2335","RBSN","Mic P2RY12",-0.283346744783766,5.34618189336121,0.754348946828358,0.385682044893279,0.821336297323943,0.870877549352018,"cognps_random_slope"
"2336","CAPN7","Mic P2RY12",-0.42706059651534,6.70711369990218,3.23106326884061,0.073092521891522,0.483486834973886,0.572984775873399,"cognps_random_slope"
"2337","SH3BP5","Mic P2RY12",-2.22980936690197,4.68953666497469,4.3347947121168,0.0380475036024449,0.371899778100922,0.465132379128229,"cognps_random_slope"
"2338","METTL6","Mic P2RY12",1.1327853216729,5.30437929107343,9.59394295872046,0.00210565416557055,0.0980236001535079,0.139687405868026,"cognps_random_slope"
"2339","EAF1","Mic P2RY12",-0.31526696342011,4.09038669064423,0.34948604218976,0.554775591806728,0.915359234893125,0.94331516081776,"cognps_random_slope"
"2340","COLQ","Mic P2RY12",0.713156543957908,4.0125472676818,1.33508593974929,0.248669534200882,0.728238729857085,0.788502763510392,"cognps_random_slope"
"2341","HACL1","Mic P2RY12",0.0454200779330757,5.3660119668387,0.0154835229138035,0.91211680269597,0.999765323016076,0.999791880761836,"cognps_random_slope"
"2342","BTD","Mic P2RY12",0.404849632227491,3.97722412692256,0.417065506914478,0.518816792708934,0.896194283547793,0.929493308294961,"cognps_random_slope"
"2343","ANKRD28","Mic P2RY12",0.619195571429128,5.17570679856154,1.83177608781048,0.176767971034681,0.64776253208525,0.723010505619899,"cognps_random_slope"
"2344","DPH3","Mic P2RY12",-0.0754663144410286,3.68360361523802,0.015869096246745,0.899824007992571,0.999765323016076,0.999791880761836,"cognps_random_slope"
"2345","OXNAD1","Mic P2RY12",-0.277754367572235,5.72242250597418,0.964181478864786,0.326795718154832,0.780918227352516,0.837609079786345,"cognps_random_slope"
"2346","RFTN1","Mic P2RY12",0.435184752387961,5.88049635615142,1.00703881889592,0.316288020070007,0.771351366143433,0.830297602853855,"cognps_random_slope"
"2347","PLCL2","Mic P2RY12",0.343428869425528,8.5955014613047,2.38459589607803,0.123416051228352,0.581585286973743,0.660864338941303,"cognps_random_slope"
"2348","TBC1D5","Mic P2RY12",-0.468217387602219,9.92686599058012,3.58568471567848,0.0590817982949895,0.44989912477379,0.543094414862529,"cognps_random_slope"
"2349","KCNH8","Mic P2RY12",1.55732857958365,3.40866024815486,2.17009004184499,0.141592680569896,0.607522169746072,0.683924724934095,"cognps_random_slope"
"2350","EFHB","Mic P2RY12",-0.260261952655181,2.97591574669884,0.0539150342733325,0.816517773492582,0.995084767910246,0.999791880761836,"cognps_random_slope"
"2351","RAB5A","Mic P2RY12",-0.0142395529321607,6.2935676141035,0.00314869395401696,0.955282770800482,0.999765323016076,0.999791880761836,"cognps_random_slope"
"2352","KAT2B","Mic P2RY12",-0.0691900567645319,7.14816279216864,0.0434162590568722,0.835061405052239,0.999366959106503,0.999791880761836,"cognps_random_slope"
"2353","ZNF385D","Mic P2RY12",1.39134809440795,4.19650575078036,3.5670175500249,0.0597425857202914,0.451508434578704,0.544299908237831,"cognps_random_slope"
"2354","ZNF385D-AS1","Mic P2RY12",2.73013183525241,2.5812675127682,2.84951921858817,0.0922682126023183,0.527286275941862,0.611819662682137,"cognps_random_slope"
"2355","UBE2E2","Mic P2RY12",-0.00941333745920142,10.4775912796757,0.00321279324819575,0.954830383929304,0.999765323016076,0.999791880761836,"cognps_random_slope"
"2356","UBE2E1","Mic P2RY12",0.141555114546067,8.38768378754497,0.578480992306669,0.599493876097729,0.936283425111275,0.959054741582592,"cognps_random_slope"
"2357","NKIRAS1","Mic P2RY12",-0.976966701548288,4.22932244988026,3.6984469596793,0.0552524525643458,0.436836647088376,0.529620128853391,"cognps_random_slope"
"2358","RPL15","Mic P2RY12",-0.0751639620089463,6.35196666084654,0.027871004786917,0.86750627779788,0.999765323016076,0.999791880761836,"cognps_random_slope"
"2359","NR1D2","Mic P2RY12",0.610509446375961,5.84590754807291,0.963087514376068,0.327069940883831,0.78101644294088,0.837703771731838,"cognps_random_slope"
"2360","THRB","Mic P2RY12",-1.4028068954343,6.87565365288182,4.45058805200849,0.0355797350000162,0.359958812902108,0.453323731801083,"cognps_random_slope"
"2361","RARB","Mic P2RY12",0.994361841081279,2.93833748603871,1.01716052791905,0.313871575315563,0.770261998566852,0.829537614030808,"cognps_random_slope"
"2362","TOP2B","Mic P2RY12",0.0490347131358259,6.51349571429366,0.0305431958943856,0.86136176038656,0.999765323016076,0.999791880761836,"cognps_random_slope"
"2363","NGLY1","Mic P2RY12",-0.55599212048104,6.6768410443327,3.12978235799804,0.0777215108968519,0.493481103236767,0.580606093640182,"cognps_random_slope"
"2364","OXSM","Mic P2RY12",0.657241668997726,3.34987758205858,0.969274306505405,0.325523117439629,0.779823971542451,0.836807802550834,"cognps_random_slope"
"2365","NEK10","Mic P2RY12",-0.165347086425767,6.67772275648373,0.0482348632187811,0.826288316612044,0.997790670013024,0.999791880761836,"cognps_random_slope"
"2366","SLC4A7","Mic P2RY12",-0.240758934920279,8.9969437121567,0.518368657083708,0.472006054726787,0.875360246248778,0.912987314666447,"cognps_random_slope"
"2367","CMC1","Mic P2RY12",0.0369760179129553,6.52568513930117,0.0191693016689553,0.88995970975702,0.999765323016076,0.999791880761836,"cognps_random_slope"
"2368","AZI2","Mic P2RY12",-1.84973201009015,4.98470383439432,11.0863920062862,0.000959666709184938,0.0652816932476515,0.0948933594674317,"cognps_random_slope"
"2369","RBMS3","Mic P2RY12",1.50651798894982,3.72656056664821,1.92782750574735,0.16585571156619,0.637054724342046,0.714425626513891,"cognps_random_slope"
"2370","RBMS3-AS3","Mic P2RY12",1.43602236277418,2.64218901117334,1.03241942418351,0.310274179608364,0.768573804238758,0.828120205903937,"cognps_random_slope"
"2371","TGFBR2","Mic P2RY12",-0.206102065742456,8.92470696107348,0.701581756710909,0.402809011200034,0.830596023863926,0.878526570330344,"cognps_random_slope"
"2372","STT3B","Mic P2RY12",-0.147493459583646,6.95264300165723,0.26335460529588,0.608139905490792,0.93885760879533,0.961459183207151,"cognps_random_slope"
"2373","OSBPL10","Mic P2RY12",0.828688399683382,3.01902189037135,0.897297457193992,0.344143452733088,0.794738309508205,0.846466740330294,"cognps_random_slope"
"2374","GPD1L","Mic P2RY12",0.126293830978145,5.14680892589368,0.102660260900538,0.748846361143461,0.982244103840787,0.994674014762625,"cognps_random_slope"
"2375","CMTM7","Mic P2RY12",-0.409045332292346,8.03092493074447,2.68852788509361,0.101947556354212,0.542297395179737,0.627980234427792,"cognps_random_slope"
"2376","CMTM6","Mic P2RY12",-0.647275291193268,6.69775444176399,3.9846617292139,0.0466699483473108,0.407589519813096,0.501055959217863,"cognps_random_slope"
"2377","DYNC1LI1","Mic P2RY12",0.150946169011098,6.08355174396329,0.329353956174469,0.566398490579728,0.922925953141032,0.948745471623017,"cognps_random_slope"
"2378","CNOT10","Mic P2RY12",0.282729045189438,6.20873121317697,1.22567864408177,0.281179047474688,0.750907838952912,0.811474754307675,"cognps_random_slope"
"2379","GLB1","Mic P2RY12",-0.387772871203434,7.09258839275517,3.52067673775411,0.0687232322569668,0.476194434061847,0.566910088266855,"cognps_random_slope"
"2380","CRTAP","Mic P2RY12",-0.492636513965556,5.4043017357015,1.78431150160759,0.182465507696728,0.658244561527982,0.730200771570086,"cognps_random_slope"
"2381","FBXL2","Mic P2RY12",0.633245774004847,3.58411261549458,0.723753836057022,0.395481406414563,0.82692088304535,0.876563829705978,"cognps_random_slope"
"2382","UBP1","Mic P2RY12",-0.190412357704374,6.13603198850416,0.595181056098617,0.440929210445236,0.855818037073943,0.897260497291077,"cognps_random_slope"
"2383","CLASP2","Mic P2RY12",-2.93997989495866e-05,8.18200896461751,1.95264775870961e-08,0.999888583347023,0.999963201898019,0.999977292798591,"cognps_random_slope"
"2384","PDCD6IP","Mic P2RY12",-0.237083334443653,7.27129391238383,1.38382627669907,0.240228547308203,0.721547211369236,0.78242597501639,"cognps_random_slope"
"2385","ARPP21","Mic P2RY12",1.8660043203213,4.58121718336259,8.59573365349186,0.00358512748417127,0.122250110471703,0.175846160577295,"cognps_random_slope"
"2386","TRANK1","Mic P2RY12",0.122537998089986,7.28455638110962,0.159274190776546,0.690062512393107,0.967087387252322,0.983774153785057,"cognps_random_slope"
"2387","EPM2AIP1","Mic P2RY12",-0.363800197560844,5.75796071890672,1.81466534613699,0.18146620529421,0.657428661029388,0.729889000517839,"cognps_random_slope"
"2388","MLH1","Mic P2RY12",0.453122316607214,5.38160542391681,1.37788804397043,0.241237996183903,0.722596547171085,0.783692018594457,"cognps_random_slope"
"2389","LRRFIP2","Mic P2RY12",-0.0628131476878629,6.90542072118328,0.073829580200596,0.78599631853898,0.990846935978286,0.999791880761836,"cognps_random_slope"
"2390","GOLGA4","Mic P2RY12",0.0729716960588023,9.053804063169,0.0228219747680843,0.880005643809269,0.999765323016076,0.999791880761836,"cognps_random_slope"
"2391","ITGA9","Mic P2RY12",0.56036036592206,8.04256945839412,1.34204582985728,0.24744221210288,0.727506673637925,0.787883147226809,"cognps_random_slope"
"2392","CTDSPL","Mic P2RY12",0.932817254077707,5.05278163783886,3.74605601458698,0.0537158753246122,0.433381363771901,0.525618233156849,"cognps_random_slope"
"2393","VILL","Mic P2RY12",0.180131186280699,4.1272003288544,0.123104534536987,0.725896902963084,0.977171712366478,0.992320256930798,"cognps_random_slope"
"2394","PLCD1","Mic P2RY12",0.498711496453732,3.58835921171776,0.659665022456223,0.41721551695367,0.840787365511229,0.886483329915441,"cognps_random_slope"
"2395","DLEC1","Mic P2RY12",1.20341628850833,3.78219690533064,3.559645622226,0.060005710169739,0.451508434578704,0.544397881600308,"cognps_random_slope"
"2396","ACAA1","Mic P2RY12",-0.346311029987874,5.77332229487331,0.97972431555499,0.322932365320378,0.777229997783475,0.83482515493039,"cognps_random_slope"
"2397","MYD88","Mic P2RY12",-0.615204315115145,3.66565540350327,0.805214776496241,0.370139117053408,0.812104761618872,0.863532460737016,"cognps_random_slope"
"2398","OXSR1","Mic P2RY12",-0.27984638252438,6.67931149214724,0.818565494542482,0.366205609864533,0.811562709840244,0.862405100667332,"cognps_random_slope"
"2399","XYLB","Mic P2RY12",0.144827137758981,5.63838749258084,0.131597636477821,0.716994380004023,0.975412307559,0.990827860187382,"cognps_random_slope"
"2400","ACVR2B","Mic P2RY12",-1.36792308936631,4.62582137313011,6.82330033923742,0.00937476344733057,0.193745976026164,0.266311811096321,"cognps_random_slope"
"2401","EXOG","Mic P2RY12",0.00936318929400908,5.48407507529526,0.000870285392852544,0.976481704764165,0.999765323016076,0.999791880761836,"cognps_random_slope"
"2402","WDR48","Mic P2RY12",-0.471477476242822,5.77479003120804,1.51738054490897,0.218821156244834,0.699595517877193,0.764929852448466,"cognps_random_slope"
"2403","GORASP1","Mic P2RY12",-0.257342562535903,4.44799328144819,0.341743211606858,0.709571998446389,0.9734747833143,0.988769435995664,"cognps_random_slope"
"2404","TTC21A","Mic P2RY12",-0.0662166380070565,3.71336304784837,0.0087774801999703,0.925409011699499,0.999765323016076,0.999791880761836,"cognps_random_slope"
"2405","CSRNP1","Mic P2RY12",-0.711379333318695,3.72348698579722,0.768051915451217,0.381405394261619,0.81893496896482,0.869440981513608,"cognps_random_slope"
"2406","CX3CR1","Mic P2RY12",1.46397461512556,8.25169725468242,4.68650046424604,0.0310578029684116,0.341712329704174,0.433290945496807,"cognps_random_slope"
"2407","SLC25A38","Mic P2RY12",-0.925652908277809,3.72924822979645,2.66079716431256,0.103724554042478,0.546388659089328,0.63163876258902,"cognps_random_slope"
"2408","RPSA","Mic P2RY12",-0.499187691796496,6.11271925646231,1.31594166361905,0.25208429720549,0.729640057414039,0.789667983951336,"cognps_random_slope"
"2409","MOBP","Mic P2RY12",1.356070014537,3.72443899879288,1.90123882889653,0.168796723231806,0.64031710755563,0.718288334394934,"cognps_random_slope"
"2410","MYRIP","Mic P2RY12",1.07090951247562,4.41517656452728,3.2319152069192,0.0730548690920637,0.483486834973886,0.572984775873399,"cognps_random_slope"
"2411","EIF1B","Mic P2RY12",0.332635716164998,4.46311267632148,0.362933124348177,0.547261412295984,0.911747270875649,0.940046630323137,"cognps_random_slope"
"2412","ENTPD3-AS1","Mic P2RY12",0.851063258357228,4.76670147750544,2.49154262641196,0.115338643591019,0.570498092880208,0.651054010956318,"cognps_random_slope"
"2413","RPL14","Mic P2RY12",-0.480390565207539,6.09345787786184,1.2122005764071,0.271633108777066,0.744483269496792,0.804064195788762,"cognps_random_slope"
"2414","ZNF619","Mic P2RY12",0.0997539257836658,3.24760760254455,0.0209441274058278,0.885012338243993,0.999765323016076,0.999791880761836,"cognps_random_slope"
"2415","ZNF621","Mic P2RY12",-0.160407729397857,5.60581537210481,0.22120027033032,0.638411987197824,0.950271487556261,0.970357720549608,"cognps_random_slope"
"2416","CTNNB1","Mic P2RY12",-0.292210215159031,7.64238886552952,1.06144282010666,0.303578730646277,0.763834752722648,0.824203092777013,"cognps_random_slope"
"2417","ULK4","Mic P2RY12",-0.20314349104029,7.10706010411878,0.614415773590603,0.433645968634978,0.85099294905731,0.894179721772824,"cognps_random_slope"
"2418","TRAK1","Mic P2RY12",0.0878905802725126,8.32132804339377,0.186877046581425,0.665787727417873,0.958341622913934,0.975952629468228,"cognps_random_slope"
"2419","CCK","Mic P2RY12",1.38715321456429,5.46192886099407,2.09543698457842,0.14861062574912,0.615096191273602,0.692359946452414,"cognps_random_slope"
"2420","VIPR1","Mic P2RY12",-0.527667734794864,4.29327480573566,0.609301684627764,0.435564339813521,0.85221071235296,0.894668975183585,"cognps_random_slope"
"2421","SEC22C","Mic P2RY12",0.264723677234765,4.68146960680379,0.489468182286984,0.484616910067628,0.881462467904707,0.916739510069731,"cognps_random_slope"
"2422","SS18L2","Mic P2RY12",-0.202274688702484,3.60136266993005,0.0896834156432528,0.764753014011277,0.984710424038853,0.996291436935487,"cognps_random_slope"
"2423","NKTR","Mic P2RY12",-0.0695831504576216,8.16626758353321,0.12449967012032,0.724411278501327,0.976701705810179,0.992103026315284,"cognps_random_slope"
"2424","AC006059.1","Mic P2RY12",-0.446755051293663,5.71291095358727,1.68038601168065,0.195704396961392,0.674402119521831,0.742537130510701,"cognps_random_slope"
"2425","AC099329.3","Mic P2RY12",0.0654192153640794,3.42831963932657,0.00822614873806401,0.927782960179842,0.999765323016076,0.999791880761836,"cognps_random_slope"
"2426","POMGNT2","Mic P2RY12",0.839280249878641,3.18390421496483,1.25598524624266,0.263160227003762,0.73732180683199,0.79668958208672,"cognps_random_slope"
"2427","SNRK","Mic P2RY12",0.101925424256201,6.32927909433791,0.135051911128243,0.713466666196838,0.975267359907595,0.990078557920128,"cognps_random_slope"
"2428","ANO10","Mic P2RY12",0.00273246382435706,7.13062517904037,0.00014532453308064,0.99038836930483,0.999765323016076,0.999791880761836,"cognps_random_slope"
"2429","ABHD5","Mic P2RY12",-0.575495834631233,4.54019939115999,1.59013290372566,0.208124577671925,0.689568715448822,0.754934645981545,"cognps_random_slope"
"2430","TCAIM","Mic P2RY12",0.444083845829108,6.75901785402821,1.37161392667526,0.242310173799663,0.723853704394118,0.78507412470175,"cognps_random_slope"
"2431","ZNF445","Mic P2RY12",-0.490285907029746,5.73607993438324,1.23844528173433,0.266514202496978,0.741647739826726,0.800230470253588,"cognps_random_slope"
"2432","ZNF852","Mic P2RY12",0.162087270108197,3.51984720446756,0.0640796483740312,0.929380772713809,0.999765323016076,0.999791880761836,"cognps_random_slope"
"2433","ZKSCAN7","Mic P2RY12",0.973596283003466,3.28262015950448,1.99142635640286,0.159056328590296,0.62960268995345,0.706937631044709,"cognps_random_slope"
"2434","AC099669.1","Mic P2RY12",0.848833698986455,4.89694416309486,3.65871999769904,0.056570464408458,0.442118444541058,0.535094771281947,"cognps_random_slope"
"2435","ZNF197","Mic P2RY12",0.709693307181369,5.46342974124928,4.19078819897941,0.0413704696426072,0.387696268308097,0.481529945855998,"cognps_random_slope"
"2436","ZNF35","Mic P2RY12",-0.406424251451499,3.68411181560362,0.523586082573203,0.46978634765866,0.87360072096353,0.911989958554649,"cognps_random_slope"
"2437","ZNF502","Mic P2RY12",2.59175039459303,3.14605075732594,11.0915895663543,0.000957061745119512,0.0652816932476515,0.0948933594674317,"cognps_random_slope"
"2438","ZNF501","Mic P2RY12",1.33549599295643,2.75216153706453,2.01303564526245,0.156819057389415,0.62740155425488,0.705703039878475,"cognps_random_slope"
"2439","KIAA1143","Mic P2RY12",0.314647146795889,3.95815981114833,0.421330444208751,0.51668823484135,0.89517764834303,0.92854546784169,"cognps_random_slope"
"2440","KIF15","Mic P2RY12",0.847690753171756,2.88095773356828,0.958055558533731,0.328335242996295,0.781740405134397,0.838554421741862,"cognps_random_slope"
"2441","ZDHHC3","Mic P2RY12",-0.526372179907891,6.08422923551951,2.98578924709306,0.0848567637246431,0.507436631269051,0.595238250831387,"cognps_random_slope"
"2442","EXOSC7","Mic P2RY12",0.0800537016471263,5.1540661135626,0.0444619626574696,0.970924788569286,0.999765323016076,0.999791880761836,"cognps_random_slope"
"2443","CDCP1","Mic P2RY12",-1.0789516614668,5.61813907915296,3.91737453745337,0.0485517500965194,0.415508112498131,0.509238377818196,"cognps_random_slope"
"2444","LARS2","Mic P2RY12",-0.0257486387349779,6.0906081687337,0.00822392437158199,0.927792697839579,0.999765323016076,0.999791880761836,"cognps_random_slope"
"2445","LIMD1","Mic P2RY12",-0.285823601741589,6.73736319110564,0.443675054531095,0.50578101314882,0.891090914075268,0.925603545137578,"cognps_random_slope"
"2446","SACM1L","Mic P2RY12",-0.131921524492391,6.53260975223845,0.252346200280722,0.626708438724811,0.94572173867191,0.96674011519014,"cognps_random_slope"
"2447","LZTFL1","Mic P2RY12",0.55076526104216,3.58169392863167,0.683434793966163,0.408954626138038,0.835687348505154,0.882626787103489,"cognps_random_slope"
"2448","FYCO1","Mic P2RY12",-0.326692902047802,5.12120002196084,0.725565649400067,0.394891180827896,0.826865111605412,0.876520790761535,"cognps_random_slope"
"2449","CCR1","Mic P2RY12",0.223686926476204,5.71314655241506,0.185287624147871,0.667125822283328,0.959123036559146,0.976330303105061,"cognps_random_slope"
"2450","AC098613.1","Mic P2RY12",0.814397218043859,3.91664943313052,1.64265551447729,0.200787211982046,0.680169218344642,0.748052124940614,"cognps_random_slope"
"2451","CCR5","Mic P2RY12",-1.73301311204745,3.0455994902976,3.75796642323502,0.0533386229420993,0.432420378733861,0.524812521204267,"cognps_random_slope"
"2452","LRRC2","Mic P2RY12",1.38063736945029,2.71917910516373,1.85054417322982,0.174572158276569,0.646433128782621,0.722173203526035,"cognps_random_slope"
"2453","CCDC12","Mic P2RY12",0.620739413350738,6.34439399274727,4.17709889579295,0.0417019049677526,0.388628114376115,0.482385555411998,"cognps_random_slope"
"2454","NBEAL2","Mic P2RY12",0.571058272144722,4.74826750823151,1.5211790636133,0.218246675013904,0.698858707732693,0.764371725546982,"cognps_random_slope"
"2455","SETD2","Mic P2RY12",-0.123195731017892,8.35080550158725,0.398765569643355,0.528128626703321,0.903655370536966,0.934139357377662,"cognps_random_slope"
"2456","KIF9-AS1","Mic P2RY12",1.16784112379046,6.4195099599324,13.9041967194064,0.000223401839324104,0.0359587299138796,0.0548933450647856,"cognps_random_slope"
"2457","KIF9","Mic P2RY12",0.572667212976629,3.08343005638756,0.517709850389259,0.505986730001376,0.891090914075268,0.925603545137578,"cognps_random_slope"
"2458","KLHL18","Mic P2RY12",0.250841263047397,6.95301621896236,0.828674431181394,0.36326583024202,0.810004224804213,0.860821145895817,"cognps_random_slope"
"2459","AC099778.1","Mic P2RY12",0.784802387878405,3.24079654626499,1.15709150048488,0.30842644443316,0.76785366002022,0.827095076785596,"cognps_random_slope"
"2460","PTPN23","Mic P2RY12",0.085274039784566,4.81872686145473,0.050456796731848,0.95341994407671,0.999765323016076,0.999791880761836,"cognps_random_slope"
"2461","SCAP","Mic P2RY12",0.122833255474814,5.825888023853,0.170155825450489,0.680219152169871,0.963764980353924,0.980589311801902,"cognps_random_slope"
"2462","ELP6","Mic P2RY12",0.596894896291814,4.36092708400443,1.41656098074039,0.234755362651461,0.715803552876503,0.777974371744406,"cognps_random_slope"
"2463","CSPG5","Mic P2RY12",0.67770847005737,2.92764369926136,0.550239611322932,0.458703955646256,0.866642000509724,0.907067752012638,"cognps_random_slope"
"2464","SMARCC1","Mic P2RY12",-0.300223158566665,7.52544619224382,1.91074346363667,0.167738569686675,0.638960935864447,0.716732069796503,"cognps_random_slope"
"2465","DHX30","Mic P2RY12",0.187606029965841,5.63972882617652,0.40608997164079,0.52436625039089,0.900642733823573,0.932130958634337,"cognps_random_slope"
"2466","MAP4","Mic P2RY12",-0.436153241915305,7.67115083639017,2.56693476388272,0.109996931091865,0.56065247266128,0.644627053842235,"cognps_random_slope"
"2467","ZNF589","Mic P2RY12",-0.765556501436509,4.53545472875566,3.02137386611428,0.0830297356466209,0.505420462602119,0.593030725533821,"cognps_random_slope"
"2468","NME6","Mic P2RY12",0.00855940752997737,4.28797896720552,0.000239276370004543,0.987666944265991,0.999765323016076,0.999791880761836,"cognps_random_slope"
"2469","PLXNB1","Mic P2RY12",1.24908107584967,2.86743803068574,1.61543062239513,0.204551600695302,0.685881698615423,0.751904213970972,"cognps_random_slope"
"2470","TMA7","Mic P2RY12",-0.298814096513409,4.93752708944442,0.437593642597198,0.508709795247989,0.892216806041276,0.926776675084612,"cognps_random_slope"
"2471","ATRIP","Mic P2RY12",0.677318952079862,3.19809221433121,0.918914430863281,0.338404171782545,0.790943473347887,0.844859240409862,"cognps_random_slope"
"2472","SHISA5","Mic P2RY12",-0.350503151414699,5.00545713775081,0.409548840479381,0.522606071473547,0.89954131797965,0.931455315464605,"cognps_random_slope"
"2473","PFKFB4","Mic P2RY12",0.546151922146513,5.10246858428789,0.361068475176987,0.548291951650891,0.91189570676601,0.940046630323137,"cognps_random_slope"
"2474","UQCRC1","Mic P2RY12",0.161531195365801,4.69455147947045,0.161087683847963,0.688395461786729,0.967000794906075,0.983453246687903,"cognps_random_slope"
"2475","SLC26A6","Mic P2RY12",-0.050038980892799,3.29556431704934,0.00499235274669884,0.943710350213553,0.999765323016076,0.999791880761836,"cognps_random_slope"
"2476","NCKIPSD","Mic P2RY12",-0.131376802485085,4.34934885799784,0.0645099551711385,0.799649903471818,0.992143902613387,0.999791880761836,"cognps_random_slope"
"2477","IP6K2","Mic P2RY12",0.0787921350081878,5.73502362042387,0.0799790772098676,0.777488472557225,0.989472014875843,0.999230801011461,"cognps_random_slope"
"2478","PRKAR2A","Mic P2RY12",-0.309150071701265,6.92528888114688,1.69480859258488,0.785924106745453,0.990846935978286,0.999791880761836,"cognps_random_slope"
"2479","SLC25A20","Mic P2RY12",0.547480760893225,3.99093602060162,0.75660701397026,0.384972629292295,0.821275822494099,0.870877549352018,"cognps_random_slope"
"2480","ARIH2","Mic P2RY12",-0.0236958768583502,7.17438365258891,0.0125573707655698,0.910838610401644,0.999765323016076,0.999791880761836,"cognps_random_slope"
"2481","P4HTM","Mic P2RY12",0.31403656039149,4.46774906258426,0.402458994279208,0.526225395271323,0.901692888117389,0.932903067392385,"cognps_random_slope"
"2482","WDR6","Mic P2RY12",-0.22522378358571,5.76002879291866,0.453515084519574,0.590043636653044,0.932229989953719,0.95591648378434,"cognps_random_slope"
"2483","DALRD3","Mic P2RY12",-0.198337229022283,3.61445743198872,0.112478983790834,0.737534861602605,0.980436558830992,0.994247512606934,"cognps_random_slope"
"2484","NDUFAF3","Mic P2RY12",-0.696755146840154,3.46476352002765,0.900088890214324,0.343394968570354,0.794104568388493,0.846023324652749,"cognps_random_slope"
"2485","IMPDH2","Mic P2RY12",-1.21337222876395,3.33616524130128,2.64928042816079,0.104472533427515,0.547959460063458,0.6331925221081,"cognps_random_slope"
"2486","QRICH1","Mic P2RY12",0.205228452783295,5.99478651974834,0.444869030076869,0.505209405233234,0.891090914075268,0.925603545137578,"cognps_random_slope"
"2487","QARS","Mic P2RY12",-0.574712414818496,4.37937683537371,1.46787023700287,0.226477495216892,0.706641423376383,0.769637329131246,"cognps_random_slope"
"2488","USP19","Mic P2RY12",0.270327611000958,3.93202736887164,0.261249473005981,0.609576691336944,0.93885760879533,0.961460719578766,"cognps_random_slope"
"2489","LAMB2","Mic P2RY12",-0.892540483127904,3.38066441228268,1.31519564606667,0.252218529400304,0.729640057414039,0.789759270184701,"cognps_random_slope"
"2490","CCDC71","Mic P2RY12",0.253651885665636,3.18358836329295,0.104301730211607,0.746914906840893,0.982244103840787,0.994674014762625,"cognps_random_slope"
"2491","KLHDC8B","Mic P2RY12",0.579250962684025,3.01881811900144,0.465999926334289,0.495272648111114,0.885549288147852,0.921047479733976,"cognps_random_slope"
"2492","C3orf62","Mic P2RY12",-0.415287834587029,5.14154500305683,1.20277803716495,0.347086000093787,0.796066883511064,0.84730906678079,"cognps_random_slope"
"2493","USP4","Mic P2RY12",-0.18884001597719,7.44717975130395,0.529347283171715,0.467354797608516,0.872200074574563,0.91146586185003,"cognps_random_slope"
"2494","RHOA","Mic P2RY12",-0.0908033088925517,7.08667845821229,0.191821261770685,0.661668040152882,0.956551296261413,0.974435088363877,"cognps_random_slope"
"2495","TCTA","Mic P2RY12",0.888327698770353,4.35276388212209,3.55794885689307,0.0600664474963362,0.451711819808306,0.544729709897386,"cognps_random_slope"
"2496","DAG1","Mic P2RY12",0.506252051502716,3.87619328157167,0.824668967523713,0.36442672521428,0.81110821202401,0.861396573700559,"cognps_random_slope"
"2497","BSN","Mic P2RY12",0.99303425214655,3.7301420859327,2.39127108731626,0.122893889638883,0.581168825167187,0.660864338941303,"cognps_random_slope"
"2498","APEH","Mic P2RY12",0.422352204523488,3.48122542415813,0.427398771374965,0.537952772978126,0.908290929908009,0.937767359993185,"cognps_random_slope"
"2499","MST1","Mic P2RY12",-0.277497900816547,2.839055655097,0.0943175048495845,0.968088285957279,0.999765323016076,0.999791880761836,"cognps_random_slope"
"2500","RNF123","Mic P2RY12",0.938374023766696,4.48391195347584,4.69240767136665,0.030952631907522,0.341115312658473,0.432358789563249,"cognps_random_slope"
"2501","GMPPB","Mic P2RY12",0.770823301292773,3.28898057900796,0.845417101858568,0.358468360746117,0.806967082566075,0.858097649249863,"cognps_random_slope"
"2502","IP6K1","Mic P2RY12",-0.171217622220431,6.46474352648795,0.488702802312144,0.930867358225792,0.999765323016076,0.999791880761836,"cognps_random_slope"
"2503","INKA1","Mic P2RY12",-0.288982547337123,4.29282712137839,0.215600578520754,0.642693659506787,0.951443629329721,0.970883120121208,"cognps_random_slope"
"2504","UBA7","Mic P2RY12",0.0673627145080253,5.63174125126014,0.0225279741374942,0.880775213564759,0.999765323016076,0.999791880761836,"cognps_random_slope"
"2505","CAMKV","Mic P2RY12",1.25921790408142,3.93428043582464,3.25922590363927,0.071858830022321,0.481701677783777,0.572274865842081,"cognps_random_slope"
"2506","MON1A","Mic P2RY12",-0.489797561913793,3.33846734756823,0.483241031075272,0.562074981720706,0.920608700135159,0.946825652990182,"cognps_random_slope"
"2507","RBM6","Mic P2RY12",0.0149394185603025,8.9022261912403,0.00940624339256694,0.922791705978376,0.999765323016076,0.999791880761836,"cognps_random_slope"
"2508","RBM5","Mic P2RY12",0.102717048311247,7.19446097961756,0.235881370650173,0.627492525200928,0.946429892050332,0.967171859152912,"cognps_random_slope"
"2509","GNAI2","Mic P2RY12",-0.41782831588181,7.60723116390585,2.97003706386787,0.0856794257107942,0.510452463046768,0.596500745580875,"cognps_random_slope"
"2510","SEMA3B","Mic P2RY12",0.897789651497677,2.90091078613126,0.745534075737083,0.388469340776362,0.823456298088724,0.872608875947737,"cognps_random_slope"
"2511","IFRD2","Mic P2RY12",-0.409815121836575,4.00004694738005,0.41235177671183,0.521187360954635,0.898203681089643,0.930815712062428,"cognps_random_slope"
"2512","HYAL1","Mic P2RY12",-0.779438994614309,3.21089268984852,1.06153516219956,0.30355772915027,0.763834752722648,0.824203092777013,"cognps_random_slope"
"2513","HYAL2","Mic P2RY12",-1.46850420425972,3.194802217052,3.83455238837548,0.0509791327571256,0.424002449731975,0.516705519198959,"cognps_random_slope"
"2514","TUSC2","Mic P2RY12",-1.05432530510508,3.73321188717251,3.33625202252083,0.0685976518431522,0.476194434061847,0.566910088266855,"cognps_random_slope"
"2515","RASSF1","Mic P2RY12",-0.318732143510274,6.4531247205853,1.12041055020367,0.29054051260468,0.755474085274518,0.816638205490076,"cognps_random_slope"
"2516","NPRL2","Mic P2RY12",-0.328603175388445,3.71352673044918,0.312594620052944,0.57644036434292,0.925135008689757,0.95063455672342,"cognps_random_slope"
"2517","TMEM115","Mic P2RY12",0.0853032153881499,3.41210652933253,0.0143407824529668,0.904745679669664,0.999765323016076,0.999791880761836,"cognps_random_slope"
"2518","HEMK1","Mic P2RY12",-0.12835211856368,4.43408333458552,0.0720615961863735,0.90380152785215,0.999765323016076,0.999791880761836,"cognps_random_slope"
"2519","CISH","Mic P2RY12",-0.380360841935796,3.2007080611613,0.122540558946693,0.726500142164652,0.977492811761897,0.992603218295986,"cognps_random_slope"
"2520","MAPKAPK3","Mic P2RY12",-0.364369934002407,5.68375605488941,1.2167280568305,0.270741308843198,0.744150591955715,0.804028506921564,"cognps_random_slope"
"2521","LINC02019","Mic P2RY12",-1.82769020958511,3.21464302321353,5.25290264158501,0.0224874234048774,0.294578652051575,0.382685966710281,"cognps_random_slope"
"2522","DOCK3","Mic P2RY12",-0.134769647489654,6.82966861112939,0.140991620811672,0.70751856172291,0.973207309924008,0.988354461037649,"cognps_random_slope"
"2523","MANF","Mic P2RY12",-0.79155701649707,4.73935470102614,0.7629407550178,0.382992649130101,0.819914503776075,0.870109419832553,"cognps_random_slope"
"2524","RBM15B","Mic P2RY12",0.104451184809567,3.22022903086257,0.0197387075897784,0.88834794596104,0.999765323016076,0.999791880761836,"cognps_random_slope"
"2525","DCAF1","Mic P2RY12",0.0993005638933261,5.87861101655451,0.0872750631621398,0.864503562656371,0.999765323016076,0.999791880761836,"cognps_random_slope"
"2526","RAD54L2","Mic P2RY12",0.107416166606434,5.78150752519357,0.101712816223514,0.74996894388405,0.982244103840787,0.994674014762625,"cognps_random_slope"
"2527","TEX264","Mic P2RY12",-0.633948095858468,4.38744248209399,1.78932099065809,0.181854221959292,0.657493253607149,0.729889000517839,"cognps_random_slope"
"2528","PARP3","Mic P2RY12",-0.00593446593596235,2.7505711011572,2.77931105297791e-05,0.995796561326695,0.999765323016076,0.999791880761836,"cognps_random_slope"
"2529","PCBP4","Mic P2RY12",1.32948224938904,3.23759594738186,2.79276001797073,0.095560921012329,0.532922140027557,0.617843694930587,"cognps_random_slope"
"2530","RPL29","Mic P2RY12",-0.17139471782352,5.88321376452427,0.116348998975923,0.733227729014875,0.978719188594747,0.993120241739745,"cognps_random_slope"
"2531","DUSP7","Mic P2RY12",-0.466097355392407,3.7493177251145,0.44761354762401,0.503899678408604,0.890982925234688,0.92519083392149,"cognps_random_slope"
"2532","POC1A","Mic P2RY12",-1.65736345834023,3.14558773791346,5.64846294692355,0.0179934499516166,0.263249362261335,0.348516106463213,"cognps_random_slope"
"2533","ALAS1","Mic P2RY12",-0.384678953813315,4.30403921248657,0.373138263177065,0.541684466776261,0.91011955106177,0.939148122050431,"cognps_random_slope"
"2534","PPM1M","Mic P2RY12",0.108707692336447,4.33688589275105,0.03547421652613,0.850711660451784,0.999765323016076,0.999791880761836,"cognps_random_slope"
"2535","WDR82","Mic P2RY12",-0.335632413436274,5.89807100165995,1.39054403796662,0.313974296785118,0.770261998566852,0.829537614030808,"cognps_random_slope"
"2536","GLYCTK","Mic P2RY12",0.708209775594807,2.84472514110182,0.563549514088008,0.485190124254848,0.881786963332351,0.916899526515135,"cognps_random_slope"
"2537","DNAH1","Mic P2RY12",0.532323561288105,5.39827684394718,1.99087089599816,0.159114315584267,0.62960268995345,0.706937631044709,"cognps_random_slope"
"2538","BAP1","Mic P2RY12",-0.333976016604251,3.97466790172939,0.42435745200729,0.515186781134711,0.894942542151003,0.928385153467388,"cognps_random_slope"
"2539","PHF7","Mic P2RY12",0.347658345422452,4.28115339956429,0.449194869860182,0.50314768460661,0.890194368945059,0.924712535641813,"cognps_random_slope"
"2540","NISCH","Mic P2RY12",0.0489874954086593,6.03003142843522,0.0299660334578816,0.862664710381723,0.999765323016076,0.999791880761836,"cognps_random_slope"
"2541","STAB1","Mic P2RY12",-0.136268358588328,7.72390719316954,0.0512167979329546,0.821087893863993,0.996726931048618,0.999791880761836,"cognps_random_slope"
"2542","NT5DC2","Mic P2RY12",-1.61133445065638,3.09853123671343,3.40228521592395,0.0659283805297449,0.46833427160025,0.559524739020346,"cognps_random_slope"
"2543","SMIM4","Mic P2RY12",-0.985765239269281,5.20864961745947,6.62369677348866,0.010462910967491,0.203207927355574,0.276486045218362,"cognps_random_slope"
"2544","PBRM1","Mic P2RY12",-0.24334095191768,8.28913322801472,2.17773233519234,0.140895628548619,0.605950679775367,0.682529425360683,"cognps_random_slope"
"2545","GNL3","Mic P2RY12",-0.442524874692464,5.19040841722449,0.948483095009501,0.330760322340235,0.782992241597155,0.839379744306457,"cognps_random_slope"
"2546","GLT8D1","Mic P2RY12",0.348442460921647,3.89988400245498,0.473436415141745,0.49185405635658,0.884386986345704,0.919457422548261,"cognps_random_slope"
"2547","SPCS1","Mic P2RY12",-0.62541607190144,4.81347276659043,1.7154187985443,0.191119871862812,0.668842142648054,0.738693212951671,"cognps_random_slope"
"2548","NEK4","Mic P2RY12",0.0249918180436616,5.42754294917853,0.00629304281538675,0.936815300963067,0.999765323016076,0.999791880761836,"cognps_random_slope"
"2549","SFMBT1","Mic P2RY12",0.0606117965362882,5.89649406028149,0.041780276899779,0.997958100544957,0.999765323016076,0.999791880761836,"cognps_random_slope"
"2550","AC096887.1","Mic P2RY12",0.828364057963337,4.43832198486299,1.64845180972403,0.199996352378064,0.678730759100662,0.746800480553954,"cognps_random_slope"
"2551","RFT1","Mic P2RY12",0.443100781866348,4.36793510153399,0.886261419227637,0.347124377002659,0.796066883511064,0.84730906678079,"cognps_random_slope"
"2552","PRKCD","Mic P2RY12",-0.586155134034816,7.31003731623793,3.89314321364978,0.0492489778831729,0.417730261303381,0.510316389867414,"cognps_random_slope"
"2553","TKT","Mic P2RY12",-0.458468062594675,5.81816159401654,1.84963893454431,0.174677341866855,0.646504793926442,0.722173203526035,"cognps_random_slope"
"2554","DCP1A","Mic P2RY12",-0.120350010218205,6.70094866722809,0.323144736795947,0.570078657928868,0.923355952776136,0.949247646187554,"cognps_random_slope"
"2555","CACNA1D","Mic P2RY12",0.614047245236761,8.13024618838187,1.74136306108991,0.187805656734642,0.663708756830416,0.735425045919036,"cognps_random_slope"
"2556","CHDH","Mic P2RY12",-1.49139957624506,2.96193730772918,2.26688351355511,0.133043231141124,0.593557228010685,0.671370716186827,"cognps_random_slope"
"2557","AC012467.2","Mic P2RY12",-2.40195855808791,2.76299878383653,8.33423914975872,0.00412555815135994,0.132900492274939,0.187900421257394,"cognps_random_slope"
"2558","ACTR8","Mic P2RY12",-0.573138336622041,3.7608778494045,1.16390683231589,0.28137982259327,0.750907838952912,0.811474754307675,"cognps_random_slope"
"2559","SELENOK","Mic P2RY12",-0.545797601682594,3.83427148691951,0.694428569772002,0.405215238725774,0.832587827418286,0.880198242323207,"cognps_random_slope"
"2560","CACNA2D3","Mic P2RY12",0.60876873698579,4.88216716535285,1.25009586677846,0.264280487916639,0.738205942246402,0.797824656410087,"cognps_random_slope"
"2561","WNT5A","Mic P2RY12",-1.36317055823295,6.76388948702019,9.59307937172722,0.00210661867354752,0.0980236001535079,0.139687405868026,"cognps_random_slope"
"2562","AC121764.1","Mic P2RY12",0.00784141661380989,3.19509529528084,4.36781786729645e-05,0.994730526247833,0.999765323016076,0.999791880761836,"cognps_random_slope"
"2563","ERC2","Mic P2RY12",1.33920046824578,8.04030856910313,2.14376364137465,0.144023875403041,0.609827374658516,0.68699278012833,"cognps_random_slope"
"2564","CCDC66","Mic P2RY12",0.34515327538414,6.57434077164971,1.9909726127956,0.159103695106934,0.62960268995345,0.706937631044709,"cognps_random_slope"
"2565","FAM208A","Mic P2RY12",-0.154370709836504,6.72384250221723,0.37146203075869,0.542593268899106,0.910123298286075,0.939148122050431,"cognps_random_slope"
"2566","ARHGEF3","Mic P2RY12",-0.366129505933866,5.5364303742076,0.648028232796592,0.42135040420549,0.842889500934136,0.88795521245212,"cognps_random_slope"
"2567","HESX1","Mic P2RY12",1.2658071247865,3.60053702754924,2.06528166419868,0.151556529970913,0.620505255460884,0.69785937510329,"cognps_random_slope"
"2568","APPL1","Mic P2RY12",0.192181900937116,6.7788014232571,0.744842074428104,0.634385524448308,0.949558853248272,0.969182194801593,"cognps_random_slope"
"2569","ASB14","Mic P2RY12",-0.756997306001791,3.00650696577242,0.662565009270446,0.416194484007008,0.840226315181969,0.886196345671805,"cognps_random_slope"
"2570","DNAH12","Mic P2RY12",0.676647682338498,3.35120840323775,0.855884766836459,0.355513244362846,0.804361470151359,0.85585115794558,"cognps_random_slope"
"2571","PDE12","Mic P2RY12",-0.0812791726414856,3.87727266786978,0.0214499804044657,0.96902657943311,0.999765323016076,0.999791880761836,"cognps_random_slope"
"2572","ARF4","Mic P2RY12",-0.0249322555033878,5.55489360508309,0.00527789005540558,0.942125750354861,0.999765323016076,0.999791880761836,"cognps_random_slope"
"2573","DENND6A","Mic P2RY12",0.0177799824772248,7.01766875504511,0.0049275692533502,0.944076160308235,0.999765323016076,0.999791880761836,"cognps_random_slope"
"2574","DENND6A-AS1","Mic P2RY12",-0.466268373767842,4.03149233009823,0.521703666888387,0.470585255610285,0.87405585730193,0.912317876664706,"cognps_random_slope"
"2575","SLMAP","Mic P2RY12",-0.0310012018847654,7.4695057262746,0.0235743967732028,0.878058913127626,0.999765323016076,0.999791880761836,"cognps_random_slope"
"2576","FLNB","Mic P2RY12",1.45988547969815,3.51873360440927,2.92738521014553,0.0879507524828408,0.515359874955203,0.600681525212253,"cognps_random_slope"
"2577","ABHD6","Mic P2RY12",-0.217209154039768,5.18777949375238,0.344751124447286,0.658024973787834,0.955612931885691,0.973592644066785,"cognps_random_slope"
"2578","RPP14","Mic P2RY12",0.370879869135272,3.62378434930881,0.376635111490424,0.539797574858754,0.909680929397714,0.938880518155808,"cognps_random_slope"
"2579","PXK","Mic P2RY12",-0.34749358695458,6.14324163393923,0.562939431275426,0.45356890921698,0.864742773142233,0.905410931317232,"cognps_random_slope"
"2580","PDHB","Mic P2RY12",0.162283241046352,3.71122670906209,0.0729495883270692,0.850673978720231,0.999765323016076,0.999791880761836,"cognps_random_slope"
"2581","KCTD6","Mic P2RY12",0.843274916902606,3.60861811334537,1.74787034142678,0.186984956357046,0.662883304957105,0.734144594057164,"cognps_random_slope"
"2582","FAM107A","Mic P2RY12",-0.0702690045866462,3.05454748469463,0.0056246931036922,0.940258040135545,0.999765323016076,0.999791880761836,"cognps_random_slope"
"2583","C3orf67","Mic P2RY12",-0.779002077112807,2.67263697126456,0.589013298308587,0.600281398955748,0.936283425111275,0.959054741582592,"cognps_random_slope"
"2584","FHIT","Mic P2RY12",0.12819754735942,10.3458007661593,0.290145065610431,0.590460838013792,0.932334686624445,0.955970213586105,"cognps_random_slope"
"2585","PTPRG","Mic P2RY12",-5.9111954839597,7.6021514085009,33.4241409509322,1.60917674539364e-08,0.000107822887825101,0.000181394448624498,"cognps_random_slope"
"2586","C3orf14","Mic P2RY12",0.991519004326635,3.1741420510488,1.70622103168823,0.19231122386604,0.669566825416679,0.73928892981301,"cognps_random_slope"
"2587","CADPS","Mic P2RY12",2.28633529247523,4.7830691971504,11.5790973216029,0.000742070259378728,0.0571519645255389,0.0844948181701688,"cognps_random_slope"
"2588","SYNPR","Mic P2RY12",1.21152566541963,4.00020170006875,3.21365329184359,0.0738665826900683,0.484763014020375,0.573035180029717,"cognps_random_slope"
"2589","THOC7","Mic P2RY12",-0.0733694701211054,5.01592254497639,0.0431675277438897,0.835527752393796,0.999366959106503,0.999791880761836,"cognps_random_slope"
"2590","ATXN7","Mic P2RY12",-0.290576042845973,5.33008202216945,0.733086540245223,0.640898083697676,0.950874323474461,0.970806423495585,"cognps_random_slope"
"2591","PSMD6-AS2","Mic P2RY12",-0.699931825501996,4.75277769848068,2.5292386439051,0.112632776679393,0.564329822206441,0.647368423306744,"cognps_random_slope"
"2592","PSMD6","Mic P2RY12",-0.204991249240005,4.10070010820102,0.194561774431432,0.65941176166967,0.955612931885691,0.973592644066785,"cognps_random_slope"
"2593","PSMD6-AS1","Mic P2RY12",-0.982116072495729,3.370652205731,2.03896753537441,0.154181482810543,0.623660142210711,0.701942958393314,"cognps_random_slope"
"2594","PRICKLE2","Mic P2RY12",2.19781138039623,3.48219919974313,8.28731030306296,0.00423103409296346,0.134887370559063,0.18993212708763,"cognps_random_slope"
"2595","ADAMTS9-AS2","Mic P2RY12",1.83803163810413,2.85748849750466,3.87746157398005,0.0497058534023397,0.417939219384424,0.510316389867414,"cognps_random_slope"
"2596","MAGI1","Mic P2RY12",0.541250661723758,7.60870006704695,2.32663132428271,0.128055755232536,0.588279080112865,0.665657920588163,"cognps_random_slope"
"2597","SLC25A26","Mic P2RY12",0.0672433655234201,6.59405625439467,0.0732965446399058,0.979268461669757,0.999765323016076,0.999791880761836,"cognps_random_slope"
"2598","LRIG1","Mic P2RY12",0.602781630696005,6.00451381277072,1.65050191018383,0.199717511705767,0.678298769892411,0.746194351479793,"cognps_random_slope"
"2599","KBTBD8","Mic P2RY12",0.117034185785763,2.98788926237779,0.0182389414117464,0.904574976875204,0.999765323016076,0.999791880761836,"cognps_random_slope"
"2600","SUCLG2","Mic P2RY12",-0.0773818017557558,8.29965370189244,0.116296536947866,0.733285577976075,0.978719188594747,0.993120241739745,"cognps_random_slope"
"2601","SUCLG2-AS1","Mic P2RY12",0.99601746868883,5.84985766680949,2.50112358269707,0.114644154446706,0.568579318767134,0.649688862805022,"cognps_random_slope"
"2602","FAM19A1","Mic P2RY12",2.13283650618188,4.57212129433488,11.9195862278559,0.000621629730649563,0.0540938962365896,0.0809255999082885,"cognps_random_slope"
"2603","EOGT","Mic P2RY12",-0.0684921157417012,4.13614414846492,0.0172998209016122,0.895430569228026,0.999765323016076,0.999791880761836,"cognps_random_slope"
"2604","AC109587.1","Mic P2RY12",0.0579068960189412,2.96072272746416,0.00252356609376524,0.959962923392515,0.999765323016076,0.999791880761836,"cognps_random_slope"
"2605","TMF1","Mic P2RY12",-0.221237524694406,6.17693936217795,0.650566900306057,0.420443138123417,0.842249097069083,0.887793803624095,"cognps_random_slope"
"2606","UBA3","Mic P2RY12",-0.360527871243234,6.83073042379546,2.562383711839,0.110311510268688,0.56065247266128,0.644627053842235,"cognps_random_slope"
"2607","ARL6IP5","Mic P2RY12",-0.0978306630257806,6.53606590712789,0.109104799060836,0.741357958142756,0.981107879484698,0.994535765856121,"cognps_random_slope"
"2608","FRMD4B","Mic P2RY12",-0.78737817446704,9.25927652338023,6.33805833432076,0.0122512659227037,0.219913656488115,0.292761416345957,"cognps_random_slope"
"2609","MITF","Mic P2RY12",-0.462679074274492,7.63009661617366,1.06859455080697,0.301957757744734,0.76335331287251,0.823500470064174,"cognps_random_slope"
"2610","FOXP1","Mic P2RY12",-1.14165647571541,9.48191111740294,7.01966197244919,0.00841766657326176,0.182828443676306,0.25202694939467,"cognps_random_slope"
"2611","AC097634.3","Mic P2RY12",-1.89705662899774,4.21297160267127,7.11482421021929,0.00799056855323122,0.177581441429273,0.245432381515801,"cognps_random_slope"
"2612","EIF4E3","Mic P2RY12",0.83307550517203,2.75966381131556,0.800916319216623,0.371418122943678,0.812234703911264,0.863532460737016,"cognps_random_slope"
"2613","LINC00877","Mic P2RY12",-1.00303891191896,2.47550830463702,0.736769493304227,0.391269408188122,0.824693510400915,0.873988785059071,"cognps_random_slope"
"2614","RYBP","Mic P2RY12",-0.371132763647606,6.60607108486022,1.39264494455394,0.238738935351579,0.719500467458302,0.781026866771649,"cognps_random_slope"
"2615","SHQ1","Mic P2RY12",-0.0968162131332609,5.44544473781675,0.0705848546031885,0.999520370792997,0.999765323016076,0.999793501740429,"cognps_random_slope"
"2616","GXYLT2","Mic P2RY12",-0.356872851297534,3.43084690497422,0.17813055104073,0.67323695598738,0.961896680527169,0.979103379964061,"cognps_random_slope"
"2617","PPP4R2","Mic P2RY12",-0.0601897229727583,6.78896969858805,0.0704801143139282,0.790791129153818,0.990886185623222,0.999791880761836,"cognps_random_slope"
"2618","PDZRN3","Mic P2RY12",1.15563792107368,3.41381310116995,2.01366596799504,0.156754339433342,0.62740155425488,0.705703039878475,"cognps_random_slope"
"2619","CNTN3","Mic P2RY12",2.17375265279596,3.87076881984289,9.10102263768058,0.00273652291263284,0.109783640588684,0.157450661747735,"cognps_random_slope"
"2620","LINC02018","Mic P2RY12",-0.0958110390868201,3.26164521872358,0.0152242250921313,0.982562255455609,0.999765323016076,0.999791880761836,"cognps_random_slope"
"2621","ZNF717","Mic P2RY12",0.422415334314069,5.73325752688975,1.87416450386023,0.171853296118016,0.644740804528061,0.722173203526035,"cognps_random_slope"
"2622","ROBO2","Mic P2RY12",1.95868119302499,5.84178806305861,11.2639934408141,0.000874606969835985,0.0623436595892129,0.0912871024766309,"cognps_random_slope"
"2623","ROBO1","Mic P2RY12",1.3115376740308,5.29534797793557,4.23217747642358,0.0403851789134952,0.382713877254129,0.477050142765319,"cognps_random_slope"
"2624","GBE1","Mic P2RY12",-0.234684113442258,7.35262353216345,0.2445878929257,0.621213933753662,0.94440021851762,0.965019437458618,"cognps_random_slope"
"2625","LINC02008","Mic P2RY12",0.127830153885532,4.76689793737184,0.0199963966110005,0.887626326646961,0.999765323016076,0.999791880761836,"cognps_random_slope"
"2626","CADM2","Mic P2RY12",1.73949077811728,7.11694989277458,9.06495400520247,0.00278965590923125,0.11004659914288,0.157590933623265,"cognps_random_slope"
"2627","AC107204.1","Mic P2RY12",1.33350046499386,3.45459252921761,2.69659750154545,0.1014367522342,0.542074332563011,0.6273410096216,"cognps_random_slope"
"2628","CHMP2B","Mic P2RY12",-0.357665586237629,4.33883816175651,0.631598424664065,0.42729376056397,0.847441717525198,0.8912330309848,"cognps_random_slope"
"2629","CGGBP1","Mic P2RY12",-0.171034145994172,6.40675282039073,0.326074068802583,0.568336668821185,0.922925953141032,0.948753778898485,"cognps_random_slope"
"2630","ZNF654","Mic P2RY12",-0.169537021549219,6.91488172613978,0.370801488479939,0.542952167789102,0.910123298286075,0.939148122050431,"cognps_random_slope"
"2631","C3orf38","Mic P2RY12",-0.664513923907294,5.21166453936948,3.42261230477392,0.0651292961160109,0.46721419308142,0.558516538963661,"cognps_random_slope"
"2632","EPHA3","Mic P2RY12",1.32315176239242,2.96119687863311,1.90597002114344,0.168269041533534,0.639771512789088,0.717402712060045,"cognps_random_slope"
"2633","PROS1","Mic P2RY12",-0.0330751645885421,6.3092215327925,0.00378712118377582,0.950963671696564,0.999765323016076,0.999791880761836,"cognps_random_slope"
"2634","ARL13B","Mic P2RY12",-0.378269633541769,5.75315520852279,1.39999126613276,0.237506608579936,0.718723546421893,0.780382658415809,"cognps_random_slope"
"2635","DHFR2","Mic P2RY12",-0.390423751707993,3.18473041855831,0.243441337315323,0.770044348122436,0.986443273387328,0.997526881305537,"cognps_random_slope"
"2636","NSUN3","Mic P2RY12",-0.362544317613075,6.00338148301651,1.74900869503375,0.186841817340311,0.662742134181388,0.734144594057164,"cognps_random_slope"
"2637","MTRNR2L12","Mic P2RY12",-0.750630578451081,5.83449483188638,0.627310047986659,0.428865843566982,0.848086940362737,0.891697247435349,"cognps_random_slope"
"2638","EPHA6","Mic P2RY12",2.28727250153463,4.25002925799834,10.6618779212936,0.00119871441238863,0.0745722769383174,0.105729831777795,"cognps_random_slope"
"2639","ARL6","Mic P2RY12",0.0895284932569754,3.98390185300821,0.0263179210664117,0.871217428185002,0.999765323016076,0.999791880761836,"cognps_random_slope"
"2640","CRYBG3","Mic P2RY12",0.220633392935338,6.12406258580627,0.509794585007807,0.475690929864365,0.878304512415591,0.914353483996258,"cognps_random_slope"
"2641","RIOX2","Mic P2RY12",-0.456927744957892,4.69225156894164,0.927761487123364,0.336092485872591,0.78952803518714,0.844780331802246,"cognps_random_slope"
"2642","CLDND1","Mic P2RY12",-0.943317854117616,5.22433940925061,5.5153171241865,0.0193915352647391,0.273831363627786,0.359820709912381,"cognps_random_slope"
"2643","CPOX","Mic P2RY12",0.00356625215671243,4.71129156971577,7.63057699936628e-05,0.99303515739163,0.999765323016076,0.999791880761836,"cognps_random_slope"
"2644","ST3GAL6","Mic P2RY12",-0.00356336853619866,8.12728657357955,0.000162059518701007,0.989850055552744,0.999765323016076,0.999791880761836,"cognps_random_slope"
"2645","DCBLD2","Mic P2RY12",0.233186489933835,5.24097019853937,0.392014447328013,0.531639597398136,0.905503589823643,0.93522274682748,"cognps_random_slope"
"2646","AC091212.1","Mic P2RY12",-1.22429571452454,2.40168739533113,1.09848050635362,0.29530367097571,0.759889030971455,0.820464420393164,"cognps_random_slope"
"2647","CMSS1","Mic P2RY12",-0.429838898943658,7.73913088816083,1.60080307195117,0.206608607399881,0.687769149585408,0.753550718449413,"cognps_random_slope"
"2648","FILIP1L","Mic P2RY12",-1.40495989518988,5.58234325262298,8.40667317623058,0.0039680081864352,0.129695799283947,0.184071490870744,"cognps_random_slope"
"2649","TBC1D23","Mic P2RY12",-0.0800301151157207,5.99988331703904,0.0991292142822922,0.753059718566748,0.982244103840787,0.994674014762625,"cognps_random_slope"
"2650","NIT2","Mic P2RY12",-0.0229705461224979,4.03058132276774,0.00163435206817689,0.98323373034526,0.999765323016076,0.999791880761836,"cognps_random_slope"
"2651","TOMM70","Mic P2RY12",0.122797717255768,5.38491587261455,0.121856704423077,0.727233700765386,0.977594945023934,0.992716167586774,"cognps_random_slope"
"2652","LNP1","Mic P2RY12",-0.131504073115044,2.77489992297538,0.0222607798070335,0.881479082211486,0.999765323016076,0.999791880761836,"cognps_random_slope"
"2653","ADGRG7","Mic P2RY12",-2.36726015780681,2.72480449601228,1.13068044546962,0.288343719675858,0.754255972880221,0.814647163364235,"cognps_random_slope"
"2654","TFG","Mic P2RY12",-0.150099727480082,6.22470352143581,0.252524772832191,0.615610460932746,0.940879358414831,0.96381483341965,"cognps_random_slope"
"2655","ABI3BP","Mic P2RY12",2.74459057344867,2.99901865761088,5.82539492194186,0.0162955497585757,0.251314547243816,0.334590889074822,"cognps_random_slope"
"2656","IMPG2","Mic P2RY12",0.0213570841389261,3.32153789347914,0.000946900616368645,0.975468639757103,0.999765323016076,0.999791880761836,"cognps_random_slope"
"2657","SENP7","Mic P2RY12",0.00178663369195019,7.23102803802106,5.72738037708447e-05,0.993965906823589,0.999765323016076,0.999791880761836,"cognps_random_slope"
"2658","TRMT10C","Mic P2RY12",-0.458201626277068,4.25183935795001,0.776326093952966,0.378855576132084,0.817109915520936,0.868092551741806,"cognps_random_slope"
"2659","PCNP","Mic P2RY12",0.219377716574172,6.11734531822773,0.801613611075743,0.733310858533342,0.978719188594747,0.993120241739745,"cognps_random_slope"
"2660","ZBTB11","Mic P2RY12",-0.558139195443775,5.61891689894151,2.74898204504465,0.0981883219023943,0.536413249822253,0.622624745113121,"cognps_random_slope"
"2661","RPL24","Mic P2RY12",-0.45960154708192,5.08174507439569,0.963321148966131,0.32701135031598,0.781015702296282,0.837685591736593,"cognps_random_slope"
"2662","CEP97","Mic P2RY12",0.178083710876044,4.4336073565609,0.140524497448115,0.707981112122029,0.973207309924008,0.988354461037649,"cognps_random_slope"
"2663","NXPE3","Mic P2RY12",0.119999595954991,4.76809375605215,0.0921806243579141,0.761598609181628,0.983444108849778,0.995656514138613,"cognps_random_slope"
"2664","NFKBIZ","Mic P2RY12",-0.732838499796183,6.02586225263129,1.59634076746176,0.207240993363331,0.688615584449861,0.753953234690381,"cognps_random_slope"
"2665","ALCAM","Mic P2RY12",-1.18312250792084,8.15052097534913,8.64803882938514,0.00348602285313807,0.121026404805449,0.173876958460172,"cognps_random_slope"
"2666","CBLB","Mic P2RY12",-0.14648733144909,6.58624126880845,0.205020005304335,0.650972030569718,0.95432062102672,0.973300457384016,"cognps_random_slope"
"2667","LINC00882","Mic P2RY12",1.61459602505829,3.91062182027248,5.66580561551849,0.0178192013796013,0.262695713585267,0.347220306917123,"cognps_random_slope"
"2668","DUBR","Mic P2RY12",0.023377128964733,3.3012117472735,0.0015079865260471,0.96904523993059,0.999765323016076,0.999791880761836,"cognps_random_slope"
"2669","AC063944.1","Mic P2RY12",0.0463520108088934,3.02067048002157,0.00292684597392234,0.956885268034135,0.999765323016076,0.999791880761836,"cognps_random_slope"
"2670","BBX","Mic P2RY12",-0.368802569802992,8.06856374377383,1.74867164818492,0.186884185004589,0.662742134181388,0.734144594057164,"cognps_random_slope"
"2671","CD47","Mic P2RY12",-0.202621225673765,6.12459157287475,0.478218256780866,0.489676661730378,0.883888768611236,0.918678554290124,"cognps_random_slope"
"2672","IFT57","Mic P2RY12",0.346906843818366,3.62981770058862,0.359857182640474,0.636709149088818,0.950171415026642,0.970168137753947,"cognps_random_slope"
"2673","CIP2A","Mic P2RY12",-0.235874120143475,3.33944092267609,0.102993394701764,0.748453004631358,0.982244103840787,0.994674014762625,"cognps_random_slope"
"2674","DZIP3","Mic P2RY12",0.701708453327033,5.3282680046428,3.10621927571432,0.0788432333891643,0.497691992184463,0.584946040304291,"cognps_random_slope"
"2675","MORC1","Mic P2RY12",-0.613066836183134,5.46280669783927,0.715917086708496,0.398049092284898,0.828429241452076,0.876968316775435,"cognps_random_slope"
"2676","NECTIN3","Mic P2RY12",0.0594559624121854,5.82950127080948,0.016763069156266,0.897056346264905,0.999765323016076,0.999791880761836,"cognps_random_slope"
"2677","CD96","Mic P2RY12",2.78441321908401,3.22804129084435,6.54802550558305,0.0109087339994222,0.205918108983221,0.27737301592694,"cognps_random_slope"
"2678","PHLDB2","Mic P2RY12",3.3318750312058,2.2856527592541,6.60326675982328,0.0105813931513577,0.203578467967514,0.276640182129917,"cognps_random_slope"
"2679","ABHD10","Mic P2RY12",0.185683079360847,4.54430659429526,0.167755576663051,0.682358096226296,0.9644698844393,0.980945368811687,"cognps_random_slope"
"2680","TAGLN3","Mic P2RY12",1.1765734783431,4.46923803878566,2.35160309327316,0.126033470411285,0.585608532961558,0.664048393200486,"cognps_random_slope"
"2681","CD200","Mic P2RY12",2.22704180060925,3.19590595243891,6.26824743548945,0.0127344956760293,0.225435900336154,0.299686017762089,"cognps_random_slope"
"2682","ATG3","Mic P2RY12",-0.326968762089774,5.20399813281526,0.756447819691166,0.385022582303022,0.821275822494099,0.870877549352018,"cognps_random_slope"
"2683","SLC35A5","Mic P2RY12",-0.224107493998618,4.30814528664592,0.230162076491403,0.870076857816984,0.999765323016076,0.999791880761836,"cognps_random_slope"
"2684","GTPBP8","Mic P2RY12",-0.407097322124839,3.84610516097041,0.602620558625391,0.438090147788437,0.854274719151492,0.896256114509102,"cognps_random_slope"
"2685","NEPRO","Mic P2RY12",0.0864940519625575,5.13228229775859,0.0752391739749491,0.784013419202326,0.990251067929347,0.999791880761836,"cognps_random_slope"
"2686","AC078785.1","Mic P2RY12",0.766347512822951,4.32356433246364,1.9132912410685,0.167456222869289,0.638685292999734,0.716732069796503,"cognps_random_slope"
"2687","CFAP44","Mic P2RY12",-0.438177804307349,5.23536530861801,1.2689979578849,0.260705870306579,0.734821497808907,0.795719496250888,"cognps_random_slope"
"2688","SPICE1","Mic P2RY12",0.548150815463904,4.80240315743223,1.62589881341003,0.203094376977688,0.68314953460793,0.749619608734136,"cognps_random_slope"
"2689","SIDT1","Mic P2RY12",0.997042971146443,3.34154932399121,1.58932673728433,0.208239649429451,0.689568715448822,0.754934645981545,"cognps_random_slope"
"2690","USF3","Mic P2RY12",0.0654036083646416,5.79260373110416,0.0368617983846688,0.847855058517563,0.999765323016076,0.999791880761836,"cognps_random_slope"
"2691","NAA50","Mic P2RY12",-0.553805954404854,6.1417752975414,3.2546917134389,0.0720559306132117,0.481701677783777,0.572337698928994,"cognps_random_slope"
"2692","ATP6V1A","Mic P2RY12",0.17079708649159,6.58204378646355,0.478195521169545,0.786424121774852,0.990846935978286,0.999791880761836,"cognps_random_slope"
"2693","GRAMD1C","Mic P2RY12",1.66860035137499,2.79498249609806,3.41210308516792,0.0655411227315472,0.467631400567464,0.559282593483244,"cognps_random_slope"
"2694","CCDC191","Mic P2RY12",1.18766893615736,4.53193234412173,5.48228970574194,0.0197554900027732,0.27663878947457,0.362398309286023,"cognps_random_slope"
"2695","QTRT2","Mic P2RY12",0.591630309579646,5.28279976864726,2.7312665198537,0.0992739391737824,0.537560520252725,0.623539007406861,"cognps_random_slope"
"2696","ZBTB20","Mic P2RY12",-0.340464776536584,9.66024643113366,1.0234796050524,0.3123752243472,0.769796612435867,0.828989115276752,"cognps_random_slope"
"2697","ZBTB20-AS5","Mic P2RY12",-1.57783894883632,3.17197813347629,2.84399364390969,0.0925832536318218,0.527592886656552,0.612635988723348,"cognps_random_slope"
"2698","GAP43","Mic P2RY12",1.18040273244622,4.55579474844732,2.21540192495042,0.137515812742891,0.602041622531029,0.678608226205031,"cognps_random_slope"
"2699","LSAMP","Mic P2RY12",1.37711051350604,6.45545747621812,6.12426137241807,0.0137943436350263,0.234294041892252,0.311929265046808,"cognps_random_slope"
"2700","AC092691.1","Mic P2RY12",2.07396530735629,4.49424117425915,9.05097396084575,0.00281053209813632,0.11004659914288,0.157590933623265,"cognps_random_slope"
"2701","IGSF11","Mic P2RY12",-0.245452186322795,4.01377266850082,0.0943624140407704,0.758880623957777,0.983190954097967,0.995414674993652,"cognps_random_slope"
"2702","B4GALT4","Mic P2RY12",-0.495091469693492,5.34291742466451,1.6807184014361,0.195660296802829,0.674402119521831,0.742537130510701,"cognps_random_slope"
"2703","B4GALT4-AS1","Mic P2RY12",-1.42753348493716,2.90603380256319,2.59975523356796,0.107757399163747,0.555406502382066,0.639649964230298,"cognps_random_slope"
"2704","ARHGAP31","Mic P2RY12",-0.852001206360929,8.28936030253971,7.7892197361255,0.00553624467346654,0.15212006754199,0.210755373472033,"cognps_random_slope"
"2705","TMEM39A","Mic P2RY12",-1.23967275003183,5.6423896041693,7.75131400090407,0.00565109688888161,0.152674796573943,0.211547649981078,"cognps_random_slope"
"2706","POGLUT1","Mic P2RY12",-0.460927530095186,5.55710886750863,1.88887593027765,0.170184603403822,0.642310971122555,0.719645980681633,"cognps_random_slope"
"2707","TIMMDC1","Mic P2RY12",-0.350450823917192,5.3582918984116,1.26284325997257,0.261863156880728,0.73538817247855,0.796065864541977,"cognps_random_slope"
"2708","CD80","Mic P2RY12",2.59465884360127,2.97775913625243,4.61081776096728,0.0324388777788723,0.346166150645263,0.4390482733532,"cognps_random_slope"
"2709","ADPRH","Mic P2RY12",0.408405376573995,3.63812156905815,0.420617380642416,0.517043044116972,0.895394436609966,0.928751097919475,"cognps_random_slope"
"2710","COX17","Mic P2RY12",-0.582274839080972,4.25038551983466,1.45071770130784,0.229204904414603,0.710519297723826,0.772587835198133,"cognps_random_slope"
"2711","MAATS1","Mic P2RY12",2.22764482903216,2.73094004211009,4.56996820822378,0.0332109270121775,0.350570895142168,0.443421255623102,"cognps_random_slope"
"2712","GSK3B","Mic P2RY12",-0.223756033349864,8.45710082590922,1.49864769181385,0.221680919402333,0.70294595092844,0.767266569485017,"cognps_random_slope"
"2713","AC092910.3","Mic P2RY12",0.848720432138053,3.79718523469359,1.85702066637203,0.173821757970661,0.646420631530528,0.722173203526035,"cognps_random_slope"
"2714","LRRC58","Mic P2RY12",-0.108152828596884,5.22565580514532,0.0803080814852894,0.777043404761086,0.989373745102453,0.999142156805629,"cognps_random_slope"
"2715","NDUFB4","Mic P2RY12",0.574321394815014,4.53187021133329,1.47085044124334,0.226007614870971,0.706583534051226,0.769637329131246,"cognps_random_slope"
"2716","RABL3","Mic P2RY12",0.329114207175898,4.26317959802846,0.371601121379295,0.721864641421632,0.97571529536985,0.991507497762299,"cognps_random_slope"
"2717","GTF2E1","Mic P2RY12",0.44134096330149,4.34147624840613,0.77582348917786,0.379009772437397,0.817109915520936,0.868092551741806,"cognps_random_slope"
"2718","STXBP5L","Mic P2RY12",2.006804561017,5.61933925593063,9.72705443807197,0.00196223949150919,0.0952058722700815,0.136520864285748,"cognps_random_slope"
"2719","HCLS1","Mic P2RY12",-1.04097146898229,8.61190335276669,9.11457599409763,0.00271682529706771,0.109783640588684,0.157450661747735,"cognps_random_slope"
"2720","GOLGB1","Mic P2RY12",-0.135721433094948,7.56513266803018,0.20291776603758,0.652647390604532,0.954420308107869,0.973494108193761,"cognps_random_slope"
"2721","IQCB1","Mic P2RY12",-0.0980101711623977,7.15676464189926,0.186797301883601,0.665854701212719,0.958341622913934,0.975952629468228,"cognps_random_slope"
"2722","EAF2","Mic P2RY12",-1.0859923864188,6.47176638227302,7.59977517485707,0.00613520046487267,0.154835821901617,0.213453849507028,"cognps_random_slope"
"2723","SLC15A2","Mic P2RY12",0.126705352822735,7.27240584365454,0.0930956097751683,0.760454521175509,0.983210293167049,0.995414674993652,"cognps_random_slope"
"2724","CD86","Mic P2RY12",-0.144194206930099,8.46221195770011,0.165959476769484,0.683970383896831,0.96526547799949,0.981881584954527,"cognps_random_slope"
"2725","CSTA","Mic P2RY12",-1.59690525935292,2.4868226307469,2.02614423628956,0.155479389731178,0.625511648690339,0.704296331422426,"cognps_random_slope"
"2726","CCDC58","Mic P2RY12",-0.266474263747782,3.88674025094792,0.213858530906163,0.644039456865575,0.951443629329721,0.970883120121208,"cognps_random_slope"
"2727","FAM162A","Mic P2RY12",0.267044859899068,5.43712910718101,0.143483565344195,0.705065674044176,0.972206470596197,0.987249090096017,"cognps_random_slope"
"2728","WDR5B","Mic P2RY12",0.218448857999723,3.23911307629591,0.0733494509177502,0.996660163584243,0.999765323016076,0.999791880761836,"cognps_random_slope"
"2729","AC083798.2","Mic P2RY12",-0.417574580879536,4.52137688906554,0.649395739085896,0.420861322792209,0.84279177924961,0.887819553047035,"cognps_random_slope"
"2730","KPNA1","Mic P2RY12",-0.472917556609477,7.10249534335061,5.73775332110045,0.0171147935555095,0.256377194572184,0.339818571377234,"cognps_random_slope"
"2731","PARP9","Mic P2RY12",0.156210873511911,7.35575844467847,0.127770293731713,0.720964846716802,0.97571529536985,0.991463831658989,"cognps_random_slope"
"2732","DTX3L","Mic P2RY12",-0.459932481847527,5.38079045576782,1.16130054501674,0.281918296792415,0.751090873820109,0.811625889754544,"cognps_random_slope"
"2733","PARP15","Mic P2RY12",1.01464480656073,4.10778906621733,2.26121544493213,0.133527567273604,0.594133768280747,0.67186263446254,"cognps_random_slope"
"2734","PARP14","Mic P2RY12",0.610439341771928,8.28910063349161,2.32816613447908,0.12793042183658,0.588279080112865,0.665657920588163,"cognps_random_slope"
"2735","HSPBAP1","Mic P2RY12",-0.0580760725885237,7.26569371643732,0.0336777455205143,0.854497393886696,0.999765323016076,0.999791880761836,"cognps_random_slope"
"2736","DIRC2","Mic P2RY12",-0.214840593661948,6.89670122773696,0.292654315358029,0.58885950432336,0.931773521595925,0.955508674605596,"cognps_random_slope"
"2737","LINC02035","Mic P2RY12",-1.74277363234419,3.79730329184615,6.15135977574815,0.0135881325030861,0.232878301111938,0.309632434303005,"cognps_random_slope"
"2738","PDIA5","Mic P2RY12",-0.180180430329864,5.19475320385224,0.110465388531785,0.739808557786657,0.980436558830992,0.994247512606934,"cognps_random_slope"
"2739","SEC22A","Mic P2RY12",0.249377370050263,6.94112586300931,0.971673563471545,0.719978939541034,0.97571529536985,0.991463831658989,"cognps_random_slope"
"2740","ADCY5","Mic P2RY12",0.53865871479465,2.81804969499079,0.378002407665486,0.539063063856066,0.909134673890654,0.938179463843987,"cognps_random_slope"
"2741","HACD2","Mic P2RY12",-1.1797063144123,5.79412988214037,13.5861635301936,0.000262962132046877,0.0359587299138796,0.0548933450647856,"cognps_random_slope"
"2742","MYLK-AS1","Mic P2RY12",-0.947504150176353,4.38333618163891,2.963627955908,0.0860166190070923,0.511558903961466,0.596695508575108,"cognps_random_slope"
"2743","MYLK","Mic P2RY12",-0.992057191970524,2.64223149159402,0.991571745166088,0.320028055517607,0.774041290465206,0.832055998512576,"cognps_random_slope"
"2744","CCDC14","Mic P2RY12",0.279516048460388,5.934010477936,0.914686089861159,0.339516572236913,0.791659841930402,0.845083638395346,"cognps_random_slope"
"2745","KALRN","Mic P2RY12",1.88480453149137,5.26573912504819,9.09546034545389,0.00274464892733909,0.109783640588684,0.157450661747735,"cognps_random_slope"
"2746","UMPS","Mic P2RY12",0.113904322519334,4.71576440505423,0.0757965300187866,0.783234890778663,0.990117185051922,0.999693781752941,"cognps_random_slope"
"2747","ITGB5","Mic P2RY12",0.419198786152888,7.45712598714364,1.68310565488676,0.195343908241158,0.67434407891287,0.742537130510701,"cognps_random_slope"
"2748","ITGB5-AS1","Mic P2RY12",0.672773669652935,3.44507109652119,0.486149509020864,0.486100451875239,0.881786963332351,0.91723721705446,"cognps_random_slope"
"2749","HEG1","Mic P2RY12",-1.03928312091883,5.96813588500235,3.71170424764821,0.0548199295447026,0.436313933844455,0.529113286354637,"cognps_random_slope"
"2750","SLC12A8","Mic P2RY12",-0.747156724243639,4.05362007286003,1.16291604633565,0.281584371044658,0.750907838952912,0.811474754307675,"cognps_random_slope"
"2751","ZNF148","Mic P2RY12",0.0600782327228073,8.42511891065826,0.101104014515492,0.750693327921215,0.982244103840787,0.994674014762625,"cognps_random_slope"
"2752","SNX4","Mic P2RY12",-0.852803218291346,6.11551982905625,10.6752745000938,0.00119031502779065,0.0745722769383174,0.105729831777795,"cognps_random_slope"
"2753","OSBPL11","Mic P2RY12",0.352473651607536,6.90891991273522,1.31931095798843,0.251479150021971,0.729501575487489,0.789417632587765,"cognps_random_slope"
"2754","AC092902.3","Mic P2RY12",0.732382060769464,3.58625311743265,1.23002973638876,0.268142358972054,0.742629786098211,0.802125833574982,"cognps_random_slope"
"2755","SLC41A3","Mic P2RY12",0.201658737895743,4.29051348382745,0.188984961718774,0.664023508307428,0.957859864700565,0.975512907897142,"cognps_random_slope"
"2756","CFAP100","Mic P2RY12",-1.15715790935166,2.67552935467156,1.13417570615642,0.287600901160838,0.754255972880221,0.814647163364235,"cognps_random_slope"
"2757","ZXDC","Mic P2RY12",-0.294836366569982,7.32020762831709,1.75240272597558,0.549572639440582,0.912109390218929,0.940256030616682,"cognps_random_slope"
"2758","TXNRD3NB","Mic P2RY12",0.0221104312662183,3.50353569662492,0.00134558690458034,0.97075872044323,0.999765323016076,0.999791880761836,"cognps_random_slope"
"2759","TXNRD3","Mic P2RY12",0.0164500841390093,4.36425730482178,0.00109947119360291,0.973566766915804,0.999765323016076,0.999791880761836,"cognps_random_slope"
"2760","CHCHD6","Mic P2RY12",0.460097492205955,6.0199194701329,1.86356675137523,0.173067078028036,0.645854089686386,0.722173203526035,"cognps_random_slope"
"2761","PLXNA1","Mic P2RY12",-0.604802758338761,5.2840414252669,1.49151622792552,0.22278137967963,0.70362792106687,0.768128303006396,"cognps_random_slope"
"2762","TPRA1","Mic P2RY12",0.363075272558474,4.43327763977334,0.652995636725737,0.41957789072128,0.841605046184084,0.887205359811597,"cognps_random_slope"
"2763","PODXL2","Mic P2RY12",1.39805924414067,3.82120073691634,5.23679499899159,0.0226934636184756,0.294635651496423,0.382685966710281,"cognps_random_slope"
"2764","ABTB1","Mic P2RY12",0.103962870730861,4.7339100561088,0.029676329040493,0.863323594195131,0.999765323016076,0.999791880761836,"cognps_random_slope"
"2765","MGLL","Mic P2RY12",0.547070316066072,6.25374785309868,0.778405081855071,0.378218695351855,0.816948804422055,0.867913180979252,"cognps_random_slope"
"2766","KBTBD12","Mic P2RY12",0.489409729789345,7.41102876713135,0.91229985017881,0.340146524937817,0.792163844541979,0.845221883585983,"cognps_random_slope"
"2767","SEC61A1","Mic P2RY12",0.301225414187664,5.93398890108872,0.651757749467798,0.42001856032055,0.841858918165672,0.887388102560846,"cognps_random_slope"
"2768","RUVBL1","Mic P2RY12",-0.283178814828906,5.15262095319775,0.397095168201564,0.528993443142187,0.903972390713397,0.934139357377662,"cognps_random_slope"
"2769","EEFSEC","Mic P2RY12",-0.107239513066464,7.00451777838031,0.13050547523014,0.718120652416943,0.97556546051407,0.991080934286885,"cognps_random_slope"
"2770","RPN1","Mic P2RY12",0.135265649448506,5.43052300831721,0.104386575193098,0.746815530610939,0.982244103840787,0.994674014762625,"cognps_random_slope"
"2771","RAB7A","Mic P2RY12",-0.476016434084304,8.13964985391346,5.2540994287833,0.0224721926868062,0.294578652051575,0.382685966710281,"cognps_random_slope"
"2772","ACAD9","Mic P2RY12",0.420478077401494,5.26476171232309,1.90743927811219,0.168105557986252,0.639771512789088,0.717112545846745,"cognps_random_slope"
"2773","KIAA1257","Mic P2RY12",-0.628081367641843,2.70369710994067,0.48071522517294,0.488546065264193,0.883089474042755,0.918010502983977,"cognps_random_slope"
"2774","ISY1-RAB43","Mic P2RY12",-0.190328129600271,2.82154341149631,0.0466493207618966,0.954894033270256,0.999765323016076,0.999791880761836,"cognps_random_slope"
"2775","CNBP","Mic P2RY12",-0.567275334270627,6.27510494403404,4.70583775421861,0.030714910505493,0.339929670461337,0.430922833966362,"cognps_random_slope"
"2776","COPG1","Mic P2RY12",0.186857484783424,5.16906454612355,0.309378332546376,0.578407823393713,0.926179333251213,0.951183801105914,"cognps_random_slope"
"2777","HMCES","Mic P2RY12",0.964393675354262,4.02859856508509,2.95903674674093,0.0862590560935266,0.511641951157184,0.5967269143314,"cognps_random_slope"
"2778","H1FX","Mic P2RY12",-0.307595826903706,4.97872388247416,0.271422228690697,0.602699956005081,0.937199130938048,0.959694654203117,"cognps_random_slope"
"2779","MBD4","Mic P2RY12",-0.480747686984248,6.60685735983879,2.57052732025759,0.109749304748904,0.56065247266128,0.644627053842235,"cognps_random_slope"
"2780","IFT122","Mic P2RY12",-0.0442942887485731,5.50351426683545,0.0138375757416311,0.906423947789876,0.999765323016076,0.999791880761836,"cognps_random_slope"
"2781","PLXND1","Mic P2RY12",-0.581799046931672,6.76484914429832,2.7128061238523,0.100419217809088,0.540500040521822,0.625940567937586,"cognps_random_slope"
"2782","TMCC1","Mic P2RY12",-0.000900046416773489,8.32615488171323,2.06427158026672e-05,0.996377402575191,0.999765323016076,0.999791880761836,"cognps_random_slope"
"2783","TMCC1-AS1","Mic P2RY12",-0.448362435014053,4.1594327403954,0.566782235005687,0.452032934671029,0.863903787439597,0.904661241634531,"cognps_random_slope"
"2784","AC083906.3","Mic P2RY12",1.91132458034677,2.67290491152111,3.35180110303835,0.0679588305958809,0.474007442993884,0.565337666964548,"cognps_random_slope"
"2785","ALG1L2","Mic P2RY12",-0.0187600519711356,2.91008871812409,0.000229616948575005,0.987918427620288,0.999765323016076,0.999791880761836,"cognps_random_slope"
"2786","LINC02021","Mic P2RY12",1.05799981967156,3.01022268115318,1.43649666144189,0.231496303590052,0.71251308323617,0.774804656240754,"cognps_random_slope"
"2787","PIK3R4","Mic P2RY12",-0.0396399758803823,5.28356242279852,0.0125682547732559,0.910800140768174,0.999765323016076,0.999791880761836,"cognps_random_slope"
"2788","ATP2C1","Mic P2RY12",-0.0117892256694563,8.58414726942864,0.000891698055190955,0.976194223795142,0.999765323016076,0.999791880761836,"cognps_random_slope"
"2789","AC055733.2","Mic P2RY12",-0.48804382031956,2.96945773977845,0.221552331642638,0.63814501204231,0.950271487556261,0.970357720549608,"cognps_random_slope"
"2790","ASTE1","Mic P2RY12",0.0329267149416343,3.68031042430601,0.00254524252859015,0.976693928817609,0.999765323016076,0.999791880761836,"cognps_random_slope"
"2791","NEK11","Mic P2RY12",-0.241122374581207,5.26324261132597,0.332274655288085,0.564683340544728,0.922389580650276,0.948148202322253,"cognps_random_slope"
"2792","NUDT16","Mic P2RY12",-0.862333927671629,4.91072999826883,3.63398650807979,0.0574079359681646,0.444526964145211,0.538058363304314,"cognps_random_slope"
"2793","MRPL3","Mic P2RY12",-0.309135437492667,6.22449745447594,0.844813120473579,0.358639900576202,0.806997823664322,0.858198961901543,"cognps_random_slope"
"2794","CPNE4","Mic P2RY12",1.2135759724415,4.87212836939406,3.4599064060657,0.0636900810076091,0.461735462451754,0.55369831592915,"cognps_random_slope"
"2795","ACPP","Mic P2RY12",0.0114015576735154,5.7961973878574,0.000521368197025052,0.981795758755492,0.999765323016076,0.999791880761836,"cognps_random_slope"
"2796","DNAJC13","Mic P2RY12",0.0925631406759578,7.57647233281775,0.0997010673069261,0.752371823750311,0.982244103840787,0.994674014762625,"cognps_random_slope"
"2797","NPHP3-ACAD11","Mic P2RY12",-0.871025743320386,2.89095713145997,0.939220467517471,0.333129717468451,0.786517150069541,0.84263541796547,"cognps_random_slope"
"2798","UBA5","Mic P2RY12",0.917039693538169,4.68255470510918,4.72017483338034,0.030463243827227,0.339068048611851,0.430132529956442,"cognps_random_slope"
"2799","TMEM108","Mic P2RY12",1.80636600038009,4.10989232566335,6.87136576719165,0.00913059080882288,0.191181134368775,0.262039569451108,"cognps_random_slope"
"2800","CDV3","Mic P2RY12",-0.132855540801206,5.67028890671218,0.149620641588657,0.69912693033883,0.969804265685207,0.98522366711326,"cognps_random_slope"
"2801","TOPBP1","Mic P2RY12",0.0103538002685642,5.71151701200591,0.00137475957567031,0.970443584955139,0.999765323016076,0.999791880761836,"cognps_random_slope"
"2802","TF","Mic P2RY12",-0.501724848550058,4.78306659393603,0.628359113411803,0.428480457746619,0.848086940362737,0.8915636289707,"cognps_random_slope"
"2803","SRPRB","Mic P2RY12",-0.507332001071447,4.14221627676058,0.755845143546085,0.385211777614786,0.821336297323943,0.870877549352018,"cognps_random_slope"
"2804","RAB6B","Mic P2RY12",0.729843065771744,4.06091802075579,1.06274562312165,0.303282606283931,0.763833474593217,0.824163087209446,"cognps_random_slope"
"2805","RYK","Mic P2RY12",-0.268363273445712,6.83281850223636,1.21137010506273,0.271797090712299,0.744483269496792,0.804064195788762,"cognps_random_slope"
"2806","ANAPC13","Mic P2RY12",-0.200885444567866,3.12577115579885,0.0711198447173038,0.926815087067949,0.999765323016076,0.999791880761836,"cognps_random_slope"
"2807","CEP63","Mic P2RY12",0.0180854694920364,6.46752682551449,0.00458877924075442,0.946029831864881,0.999765323016076,0.999791880761836,"cognps_random_slope"
"2808","EPHB1","Mic P2RY12",0.0607971822051264,4.36915134758074,0.0104198903476398,0.918751762405461,0.999765323016076,0.999791880761836,"cognps_random_slope"
"2809","PPP2R3A","Mic P2RY12",-0.441910729445753,4.26639517701042,0.618238739739926,0.432220319388094,0.849956784038206,0.893240006122175,"cognps_random_slope"
"2810","MSL2","Mic P2RY12",0.222801186893113,6.40882341234128,0.74475785382013,0.388716163394963,0.823716841501566,0.872608875947737,"cognps_random_slope"
"2811","PCCB","Mic P2RY12",0.311271230799668,5.296520281767,0.768801500728383,0.381173398105034,0.81893496896482,0.869389294053126,"cognps_random_slope"
"2812","STAG1","Mic P2RY12",-0.425197409621277,9.4884272757629,7.06865507874006,0.00819492624604606,0.180553911346833,0.249306338744326,"cognps_random_slope"
"2813","SLC35G2","Mic P2RY12",-0.244414931149843,5.06334040388032,0.120173064569097,0.729049609964192,0.97787947383947,0.992735737523133,"cognps_random_slope"
"2814","AC096992.2","Mic P2RY12",0.476663796701693,3.94340132891677,0.42434484048134,0.515193020848547,0.894942542151003,0.928385153467388,"cognps_random_slope"
"2815","NCK1-DT","Mic P2RY12",0.131897686096501,5.82457576098928,0.0672185369201092,0.795578833666073,0.992143902613387,0.999791880761836,"cognps_random_slope"
"2816","NCK1","Mic P2RY12",0.0241109224945284,7.06136330858452,0.00820982580514672,0.927854448356866,0.999765323016076,0.999791880761836,"cognps_random_slope"
"2817","IL20RB","Mic P2RY12",0.287858583571639,3.84315352701261,0.215246572131801,0.878458904504595,0.999765323016076,0.999791880761836,"cognps_random_slope"
"2818","DZIP1L","Mic P2RY12",-0.734578481082768,4.74224203207002,2.5290395103632,0.112646884860284,0.564329822206441,0.647368423306744,"cognps_random_slope"
"2819","DBR1","Mic P2RY12",-0.251787460687046,3.88980401472439,0.222945292490296,0.770391573799382,0.986443273387328,0.997526881305537,"cognps_random_slope"
"2820","ARMC8","Mic P2RY12",-0.385974730280471,7.11413569552303,3.7094113724587,0.0548944766814591,0.436313933844455,0.529113286354637,"cognps_random_slope"
"2821","NME9","Mic P2RY12",-0.703547276443222,3.35901828274896,0.817820617143148,0.366423533856605,0.811562709840244,0.862405100667332,"cognps_random_slope"
"2822","MRAS","Mic P2RY12",0.526046806235241,4.25337969921862,1.1619513467998,0.281783715058854,0.750907838952912,0.811474754307675,"cognps_random_slope"
"2823","CEP70","Mic P2RY12",0.10969080826935,4.98448038743205,0.0853855551317784,0.954620544183311,0.999765323016076,0.999791880761836,"cognps_random_slope"
"2824","FAIM","Mic P2RY12",1.00766966361421,3.0242574419329,1.70120092350322,0.192965129041493,0.670495801404088,0.739788463648002,"cognps_random_slope"
"2825","PIK3CB","Mic P2RY12",0.0128407296907979,6.95080324940454,0.00333803751818584,0.953959341117143,0.999765323016076,0.999791880761836,"cognps_random_slope"
"2826","MRPS22","Mic P2RY12",-0.511264158525996,3.71441400736639,0.868570846512406,0.351976500223953,0.800423560250359,0.85222334072829,"cognps_random_slope"
"2827","COPB2","Mic P2RY12",-0.0185953805430719,5.71277655173529,0.00357728840304673,0.995446450328322,0.999765323016076,0.999791880761836,"cognps_random_slope"
"2828","AC097103.2","Mic P2RY12",0.463979155522087,5.91478792907614,1.52764929359161,0.217272278262431,0.698281577604405,0.764142105183633,"cognps_random_slope"
"2829","NMNAT3","Mic P2RY12",0.205276601407367,4.69078155719531,0.171485382744245,0.679041929873478,0.963353896065475,0.980403478001765,"cognps_random_slope"
"2830","CLSTN2","Mic P2RY12",1.17547372564012,4.00840794000056,3.40482277915812,0.0658280538625828,0.46833427160025,0.559524739020346,"cognps_random_slope"
"2831","SLC25A36","Mic P2RY12",-0.0925711444909266,6.46050073762397,0.114231299641719,0.735574554433841,0.979864274748301,0.99385002985584,"cognps_random_slope"
"2832","PXYLP1","Mic P2RY12",1.80239508779315,3.26618077408475,6.04276164969442,0.0144342511611341,0.23792546102135,0.316864841701818,"cognps_random_slope"
"2833","ZBTB38","Mic P2RY12",-0.0683789833020123,6.78304158525604,0.0836639280003585,0.772558905848192,0.987134048176166,0.99779870021368,"cognps_random_slope"
"2834","RASA2","Mic P2RY12",-0.716088078814101,7.75010453902215,4.85772714607457,0.0281555948258039,0.32443089102373,0.417061685511004,"cognps_random_slope"
"2835","RNF7","Mic P2RY12",-0.131113249054801,4.65842091229104,0.0901976768158345,0.76409953385115,0.98423652341729,0.996228907152627,"cognps_random_slope"
"2836","GRK7","Mic P2RY12",-0.714032589298686,2.81787027965794,0.586758760790284,0.444177699479553,0.85802776256953,0.899122129790312,"cognps_random_slope"
"2837","ATP1B3","Mic P2RY12",-1.44293695491038,7.05317742541203,6.6349949189656,0.0103979761578508,0.20253383501651,0.275791026445584,"cognps_random_slope"
"2838","TFDP2","Mic P2RY12",0.195411925002989,6.38148311927491,0.194575717335122,0.659400331076832,0.955612931885691,0.973592644066785,"cognps_random_slope"
"2839","GK5","Mic P2RY12",0.411230552799298,5.08949178807525,1.21743880036645,0.27060164397961,0.744150591955715,0.804028506921564,"cognps_random_slope"
"2840","XRN1","Mic P2RY12",0.0106914348382831,7.56194530364439,0.00241558978213177,0.960828117435636,0.999765323016076,0.999791880761836,"cognps_random_slope"
"2841","ATR","Mic P2RY12",-0.252610724415443,7.57498742923354,1.06183086247592,0.303490490275024,0.763834752722648,0.824203092777013,"cognps_random_slope"
"2842","PLS1","Mic P2RY12",-1.34447698097512,4.71987302696517,4.97954561439237,0.0262644695953507,0.313698892199015,0.40473852838495,"cognps_random_slope"
"2843","TRPC1","Mic P2RY12",-0.209501813991876,5.78771391914036,0.23036571600791,0.631544573622565,0.94816590086444,0.968253819266966,"cognps_random_slope"
"2844","U2SURP","Mic P2RY12",0.155583019065666,7.07935683595699,0.559502738538966,0.56100998140832,0.920002061148461,0.946258818399626,"cognps_random_slope"
"2845","SLC9A9","Mic P2RY12",0.18130019255566,10.6296302061673,0.508284431303126,0.4763447950618,0.878543434988051,0.914630581722727,"cognps_random_slope"
"2846","C3orf58","Mic P2RY12",0.186768331837617,5.71244893529238,0.31564857851935,0.574584468807191,0.924900775009009,0.950322446996267,"cognps_random_slope"
"2847","PLOD2","Mic P2RY12",-0.385762345173049,2.73870849903126,0.0849145673909308,0.770912619352067,0.986443273387328,0.997526881305537,"cognps_random_slope"
"2848","PLSCR2","Mic P2RY12",-2.07347242033692,3.01449179295334,3.55046666995016,0.0603350639851519,0.452624407471286,0.545824814371773,"cognps_random_slope"
"2849","PLSCR1","Mic P2RY12",-0.142674414968065,7.61350070676888,0.0661406015363484,0.797188330049034,0.992143902613387,0.999791880761836,"cognps_random_slope"
"2850","GYG1","Mic P2RY12",-0.238569447903645,4.54825460056538,0.325945918783038,0.568412658484477,0.922925953141032,0.948753778898485,"cognps_random_slope"
"2851","HLTF","Mic P2RY12",0.474196155549367,5.6082064930684,2.01381009479836,0.156739545591769,0.62740155425488,0.705703039878475,"cognps_random_slope"
"2852","HPS3","Mic P2RY12",-0.0259736238573295,7.07743009468331,0.00489113771537076,0.944282938748046,0.999765323016076,0.999791880761836,"cognps_random_slope"
"2853","CP","Mic P2RY12",-0.620999676600837,3.0049320559442,0.496087399424755,0.481680185308771,0.881229760326498,0.916739510069731,"cognps_random_slope"
"2854","WWTR1","Mic P2RY12",0.0553072069424869,3.7426759555858,0.0075087322028101,0.930995608752495,0.999765323016076,0.999791880761836,"cognps_random_slope"
"2855","COMMD2","Mic P2RY12",-0.191599485448567,4.68047460068054,0.196408620722796,0.657901932486967,0.955612931885691,0.973592644066785,"cognps_random_slope"
"2856","ANKUB1","Mic P2RY12",-0.939148698531248,5.78156712283148,1.93002065510313,0.165615764170094,0.637054724342046,0.714425626513891,"cognps_random_slope"
"2857","RNF13","Mic P2RY12",-0.271287564435645,8.39758319396816,1.18984415056245,0.276091288433333,0.747595304395617,0.807469550139811,"cognps_random_slope"
"2858","AC117386.2","Mic P2RY12",0.397565060542923,2.41373726937561,0.0995038836141317,0.752608774782764,0.982244103840787,0.994674014762625,"cognps_random_slope"
"2859","TSC22D2","Mic P2RY12",-0.394324187071359,7.56581522853574,2.29203237681705,0.130917884374646,0.591809296756693,0.669219809264844,"cognps_random_slope"
"2860","SERP1","Mic P2RY12",-0.311214590187662,5.82151804219085,0.707398675779574,0.40086762568593,0.829881589272977,0.878039616226327,"cognps_random_slope"
"2861","EIF2A","Mic P2RY12",-0.599756570546415,5.63125977528651,2.28578681768662,0.13144212725179,0.591810411151284,0.669219809264844,"cognps_random_slope"
"2862","SELENOT","Mic P2RY12",-0.635850128967545,5.80188276656518,3.31170304286106,0.0696193969088317,0.478937134484216,0.56992349430269,"cognps_random_slope"
"2863","SIAH2","Mic P2RY12",-0.92083172849654,4.58932023292971,3.61325371506489,0.0581201322775724,0.44736811754839,0.540337477194998,"cognps_random_slope"
"2864","MED12L","Mic P2RY12",0.497503496035719,5.81454833391252,0.693777941174106,0.405435142782569,0.832679900142408,0.880336636235483,"cognps_random_slope"
"2865","P2RY14","Mic P2RY12",-2.53895759438771,4.36680464842629,6.11742646567244,0.013846864321309,0.234583341875523,0.312639671946136,"cognps_random_slope"
"2866","P2RY13","Mic P2RY12",0.958480247446276,6.07163014726574,2.73892632222542,0.0988029366988698,0.537484114202283,0.623301366148007,"cognps_random_slope"
"2867","P2RY12","Mic P2RY12",0.10411165253044,9.13974431763084,0.02752956124959,0.868312872789686,0.999765323016076,0.999791880761836,"cognps_random_slope"
"2868","IGSF10","Mic P2RY12",0.961958580662745,4.02898819206661,1.53846357895887,0.215655264667439,0.696553249426591,0.761941379396242,"cognps_random_slope"
"2869","AADACL2-AS1","Mic P2RY12",-0.264389544796181,2.99561427731929,0.0410894600107629,0.839479970331883,0.999765323016076,0.999791880761836,"cognps_random_slope"
"2870","SUCNR1","Mic P2RY12",1.62641182325296,3.06710471774731,2.3690047393437,0.124645314047517,0.583434108819693,0.661618690639923,"cognps_random_slope"
"2871","AC108718.1","Mic P2RY12",0.722534704395037,3.49705552769933,0.486988852258105,0.485724531234401,0.881786963332351,0.917153990729288,"cognps_random_slope"
"2872","MBNL1","Mic P2RY12",-0.204136439303968,10.3564891988761,0.900983448891845,0.343155571492372,0.794099087129905,0.846023324652749,"cognps_random_slope"
"2873","AC026347.1","Mic P2RY12",0.0931076371719997,2.75890406447993,0.00837548804830573,0.927132203295494,0.999765323016076,0.999791880761836,"cognps_random_slope"
"2874","RAP2B","Mic P2RY12",-0.416875506637042,4.63913528459301,0.73263284711632,0.392601036842626,0.825293567800476,0.874623554902867,"cognps_random_slope"
"2875","DHX36","Mic P2RY12",-0.0502726221532581,6.96141019617491,0.0546838082698759,0.815237834697075,0.994957963721761,0.999791880761836,"cognps_random_slope"
"2876","PLCH1","Mic P2RY12",0.877848092193485,3.14957541736178,1.30225955157592,0.254560224870437,0.73129610216815,0.79224517442542,"cognps_random_slope"
"2877","GMPS","Mic P2RY12",-0.160188736002423,5.88701206162056,0.277074142673066,0.59894984852003,0.936283425111275,0.958949202974935,"cognps_random_slope"
"2878","KCNAB1","Mic P2RY12",0.0400055398279345,4.63183668921166,0.00248043351534731,0.960306267164407,0.999765323016076,0.999791880761836,"cognps_random_slope"
"2879","SSR3","Mic P2RY12",-0.358740340459501,5.31107502255873,1.08998419571996,0.297175977800266,0.761172644973503,0.821561302208094,"cognps_random_slope"
"2880","TIPARP","Mic P2RY12",-1.05094495020488,4.63459573059964,5.16132026894203,0.0236854149591483,0.299724500347069,0.389487731768051,"cognps_random_slope"
"2881","LINC00886","Mic P2RY12",-0.140813612531046,5.10447900693299,0.0891153746140565,0.765477211082794,0.985045128072213,0.996584380592664,"cognps_random_slope"
"2882","LEKR1","Mic P2RY12",1.4431313244065,4.04912330733396,4.74234432443432,0.0300783329302042,0.337023193643534,0.428624619446596,"cognps_random_slope"
"2883","CCNL1","Mic P2RY12",-0.358017758281047,7.1225475032559,1.22350142347364,0.269413970075161,0.74348645631871,0.803112251136388,"cognps_random_slope"
"2884","RSRC1","Mic P2RY12",-0.00628342482198445,7.9871153812054,0.000994787787476632,0.974856184709549,0.999765323016076,0.999791880761836,"cognps_random_slope"
"2885","MLF1","Mic P2RY12",-0.125351378446205,4.09891907379075,0.0491135771072116,0.852136475193872,0.999765323016076,0.999791880761836,"cognps_random_slope"
"2886","GFM1","Mic P2RY12",0.0390085961925904,5.56938036608067,0.0113773290789055,0.915114571990971,0.999765323016076,0.999791880761836,"cognps_random_slope"
"2887","LXN","Mic P2RY12",0.847910841547215,3.24061628076288,1.23008010794073,0.268132576637574,0.742629786098211,0.802125833574982,"cognps_random_slope"
"2888","RARRES1","Mic P2RY12",-0.756402512937113,3.6080077926377,0.963556274016577,0.32695240005465,0.781015702296282,0.837685591736593,"cognps_random_slope"
"2889","MFSD1","Mic P2RY12",-0.547922910779475,7.0672577481508,2.15703738399788,0.142792228105419,0.609219563464096,0.685968630436113,"cognps_random_slope"
"2890","IQCJ-SCHIP1","Mic P2RY12",1.49251860723834,6.00386995726448,5.00038631875495,0.0259544610634169,0.311553606101986,0.402463262511698,"cognps_random_slope"
"2891","IL12A-AS1","Mic P2RY12",1.99347828039308,2.79815406957457,4.81910314933914,0.0287844903494629,0.327454121539179,0.419486965047603,"cognps_random_slope"
"2892","SMC4","Mic P2RY12",-0.145315862111369,4.81429373665295,0.134910282864231,0.894309733653901,0.999765323016076,0.999791880761836,"cognps_random_slope"
"2893","KPNA4","Mic P2RY12",-0.13211215480143,6.90443769389153,0.330911978180459,0.565482304152068,0.922619062532305,0.948616961587309,"cognps_random_slope"
"2894","PPM1L","Mic P2RY12",0.0482252631155616,6.99182001142953,0.0300512614641332,0.862471498759009,0.999765323016076,0.999791880761836,"cognps_random_slope"
"2895","B3GALNT1","Mic P2RY12",-0.306822297433627,4.2068319800613,0.268348946429247,0.604760002642719,0.937802649979608,0.960175025554302,"cognps_random_slope"
"2896","NMD3","Mic P2RY12",0.102884948347899,5.71381926674974,0.0646117777977657,0.799495231763956,0.992143902613387,0.999791880761836,"cognps_random_slope"
"2897","LINC01322","Mic P2RY12",-0.670642563222594,4.17368526586865,1.27767853637059,0.259084413393239,0.733799859860673,0.794637250365552,"cognps_random_slope"
"2898","PDCD10","Mic P2RY12",-0.149965067243062,5.68499250502018,0.240791935408681,0.623933999506769,0.945004622326151,0.965675256672258,"cognps_random_slope"
"2899","SERPINI1","Mic P2RY12",1.53304762672914,5.39429296470097,5.87894135069165,0.015815108854069,0.247891105095161,0.330459807893156,"cognps_random_slope"
"2900","GOLIM4","Mic P2RY12",-0.732579964010057,5.93059286126276,4.61451660741342,0.0323699058717544,0.346166150645263,0.4390482733532,"cognps_random_slope"
"2901","MECOM","Mic P2RY12",-0.565517643283142,4.23299917523083,0.678544176754366,0.410634423126513,0.836655446793785,0.883292616507662,"cognps_random_slope"
"2902","MYNN","Mic P2RY12",-0.053315010584093,4.24652991780885,0.0137591206147642,0.906688378465661,0.999765323016076,0.999791880761836,"cognps_random_slope"
"2903","LRRC34","Mic P2RY12",1.03324080039985,2.8624277565417,1.3796576098911,0.24093664463585,0.722596547171085,0.783487184958207,"cognps_random_slope"
"2904","SEC62","Mic P2RY12",-0.395252528855775,6.51427984244672,2.13474293530284,0.144867742201483,0.61164858640267,0.688748048910256,"cognps_random_slope"
"2905","GPR160","Mic P2RY12",0.0139550855048034,5.6391789693571,0.000936675065349739,0.975601414315689,0.999765323016076,0.999791880761836,"cognps_random_slope"
"2906","PHC3","Mic P2RY12",-0.246011912704353,7.97675314939541,1.73672801760821,0.188392795086034,0.6643820649863,0.735465898738464,"cognps_random_slope"
"2907","PRKCI","Mic P2RY12",-0.0517420178358129,5.58555099359736,0.0321546012814745,0.857789751744401,0.999765323016076,0.999791880761836,"cognps_random_slope"
"2908","SKIL","Mic P2RY12",-0.71622947444944,7.7481868544612,6.3057168091183,0.012472735310591,0.222580781768157,0.296329180838798,"cognps_random_slope"
"2909","AC026316.5","Mic P2RY12",-0.649448777732636,3.68052515153526,0.552826213185294,0.457650666538582,0.865885529716198,0.906391599481102,"cognps_random_slope"
"2910","SLC7A14","Mic P2RY12",1.64835818801115,3.04251703574707,3.09416767911618,0.0794237068460024,0.499146433286928,0.586123558377454,"cognps_random_slope"
"2911","RPL22L1","Mic P2RY12",-0.462312934217426,4.07429595593513,0.485691704325342,0.486305694451261,0.881786963332351,0.91723721705446,"cognps_random_slope"
"2912","TNIK","Mic P2RY12",0.779336379650681,6.20924988744545,2.83080771578802,0.0933398038899413,0.529074330715283,0.613677480768129,"cognps_random_slope"
"2913","PLD1","Mic P2RY12",0.434926678464509,7.68381349966737,1.81736588587356,0.178475636779692,0.651032092559046,0.725106079070574,"cognps_random_slope"
"2914","FNDC3B","Mic P2RY12",-0.628464915344618,8.48673144871164,2.53475990715329,0.112242384172317,0.564329822206441,0.647351219946283,"cognps_random_slope"
"2915","TNFSF10","Mic P2RY12",0.509332165159803,5.34513046626444,1.21775612421953,0.270539317340723,0.744149710936582,0.804021738656287,"cognps_random_slope"
"2916","NCEH1","Mic P2RY12",-0.771806654777965,6.21909428405972,4.84991687143054,0.0282815967379629,0.324934696123959,0.41758460289664,"cognps_random_slope"
"2917","ECT2","Mic P2RY12",-0.688200713524012,4.09265801822253,1.29029820524125,0.25674941363779,0.731907868998091,0.792933634310134,"cognps_random_slope"
"2918","NLGN1","Mic P2RY12",2.44350088229148,5.55598460284151,13.4099900452694,0.000287860094193787,0.0365068352879289,0.055696203646634,"cognps_random_slope"
"2919","NAALADL2","Mic P2RY12",0.631903522843254,8.44187091659982,1.66677084140265,0.197520886095439,0.676457294803216,0.745138511316925,"cognps_random_slope"
"2920","TBL1XR1","Mic P2RY12",-0.373183519876917,8.9841037134765,2.41909610353279,0.120743634437986,0.580009673307368,0.660503517595267,"cognps_random_slope"
"2921","LINC00578","Mic P2RY12",-1.41638137527049,6.4226728581908,3.5699245662853,0.0596391653440276,0.451508434578704,0.544299908237831,"cognps_random_slope"
"2922","LINC02015","Mic P2RY12",1.76164229375492,2.91826907894962,1.79569874083845,0.181079414014679,0.656737544576649,0.729209367496822,"cognps_random_slope"
"2923","KCNMB2-AS1","Mic P2RY12",0.996326742853502,7.18109607637558,3.7479228699805,0.0536565571242732,0.433163567483365,0.525265775235232,"cognps_random_slope"
"2924","ZMAT3","Mic P2RY12",-0.164599841961345,7.50681991357885,0.255863965247288,0.61328591627501,0.940399122416995,0.963142172997874,"cognps_random_slope"
"2925","PIK3CA","Mic P2RY12",-0.562012716217372,7.0907504334273,2.69398976865707,0.101601512946446,0.542074332563011,0.6273410096216,"cognps_random_slope"
"2926","KCNMB3","Mic P2RY12",0.675028931829713,4.31023742445511,1.84400697946883,0.175333391293193,0.647038156298016,0.722255436515096,"cognps_random_slope"
"2927","ZNF639","Mic P2RY12",-0.608214584647509,3.82132330875025,1.41338531053342,0.235279641453206,0.716122481653839,0.778593254810264,"cognps_random_slope"
"2928","MFN1","Mic P2RY12",-0.0762602700077365,5.61209760301596,0.0615523553942284,0.804200593140626,0.993197797801506,0.999791880761836,"cognps_random_slope"
"2929","GNB4","Mic P2RY12",0.195907789330802,8.30300037285651,0.508381468411018,0.476302735959832,0.878543434988051,0.914630581722727,"cognps_random_slope"
"2930","ACTL6A","Mic P2RY12",0.182951439648311,4.61333854193563,0.181868632781882,0.972246284529928,0.999765323016076,0.999791880761836,"cognps_random_slope"
"2931","MRPL47","Mic P2RY12",0.663074110220182,3.63129899399336,1.27927529804029,0.258787516373839,0.733799859860673,0.794637250365552,"cognps_random_slope"
"2932","NDUFB5","Mic P2RY12",-0.0818699104348589,4.43286585944419,0.0336314766751268,0.854596259798479,0.999765323016076,0.999791880761836,"cognps_random_slope"
"2933","USP13","Mic P2RY12",1.01255576759428,4.93497383585999,5.66388097954778,0.0178384523067378,0.262695713585267,0.34729525669724,"cognps_random_slope"
"2934","PEX5L","Mic P2RY12",0.712566311619051,4.95342362157387,1.39547282112271,0.238263646919603,0.718919864638393,0.780533434775068,"cognps_random_slope"
"2935","TTC14","Mic P2RY12",-0.127345639579182,7.34924313028614,0.287680629602113,0.593931762933322,0.933858917642785,0.957125918179539,"cognps_random_slope"
"2936","FXR1","Mic P2RY12",-0.0789012230032871,6.94542519490001,0.0339848549962669,0.853842943511332,0.999765323016076,0.999791880761836,"cognps_random_slope"
"2937","DNAJC19","Mic P2RY12",0.379212856050356,3.98157849146398,0.484008968680364,0.49144025615977,0.884362129418206,0.919391398797807,"cognps_random_slope"
"2938","SOX2","Mic P2RY12",0.80392777284386,2.67754896516932,0.660756005442253,0.416830964804871,0.840657516279971,0.886483329915441,"cognps_random_slope"
"2939","ATP11B","Mic P2RY12",-0.421836428096463,7.11447765772145,2.86196831518978,0.0915627035514336,0.525720561393642,0.610153299020831,"cognps_random_slope"
"2940","DCUN1D1","Mic P2RY12",0.053928940300299,6.42771808846934,0.035923140160796,0.849781230417512,0.999765323016076,0.999791880761836,"cognps_random_slope"
"2941","MCCC1","Mic P2RY12",0.287996696963816,6.96707128464016,1.32282376526006,0.250850131410475,0.729501575487489,0.789201257695949,"cognps_random_slope"
"2942","MCF2L2","Mic P2RY12",-0.267779716448643,6.64467930180106,0.146560080904857,0.702070755260268,0.97125171877701,0.986182132743233,"cognps_random_slope"
"2943","B3GNT5","Mic P2RY12",0.27788603856675,7.87154027285007,0.541613220557932,0.462244656871363,0.868376242707705,0.90839989899311,"cognps_random_slope"
"2944","KLHL6","Mic P2RY12",-0.863075932467311,7.21131482645948,2.19463815250537,0.139367354980394,0.604030376485206,0.680536499465666,"cognps_random_slope"
"2945","KLHL24","Mic P2RY12",-0.50373149743967,6.95574497773577,0.840466813930872,0.35987766222707,0.807145114980733,0.858747025286759,"cognps_random_slope"
"2946","YEATS2","Mic P2RY12",0.359108116351151,6.97490836072283,0.735125998097367,0.391797687468979,0.825287772677111,0.874475682010506,"cognps_random_slope"
"2947","ABCC5","Mic P2RY12",0.120602565873758,6.84475568208864,0.10020845255097,0.751763293185306,0.982244103840787,0.994674014762625,"cognps_random_slope"
"2948","EIF2B5","Mic P2RY12",-0.356911680666706,4.62167195076917,0.711151451465926,0.543280973536895,0.910123298286075,0.939292860686914,"cognps_random_slope"
"2949","DVL3","Mic P2RY12",0.214286620129661,4.764152393112,0.297936148524359,0.58551758866667,0.929462355570013,0.953586219496502,"cognps_random_slope"
"2950","AP2M1","Mic P2RY12",-0.142555088968231,5.77381537721896,0.160022313884895,0.689373473690489,0.967043650386722,0.983568942804121,"cognps_random_slope"
"2951","ABCF3","Mic P2RY12",-0.0771947298171168,3.80030404176107,0.0195123304776972,0.907878403832593,0.999765323016076,0.999791880761836,"cognps_random_slope"
"2952","ALG3","Mic P2RY12",-0.261228222499028,4.25002387205136,0.246406648849381,0.619919973080512,0.943185183709471,0.964575721805438,"cognps_random_slope"
"2953","PSMD2","Mic P2RY12",0.15624659815682,4.8600299426656,0.161372664998342,0.875237922133481,0.999765323016076,0.999791880761836,"cognps_random_slope"
"2954","EIF4G1","Mic P2RY12",-0.174296056380028,5.51663720027659,0.204586013734112,0.651317045571698,0.954396673881989,0.973478042456505,"cognps_random_slope"
"2955","FAM131A","Mic P2RY12",0.656470132348186,4.91133607858218,2.80361417796079,0.0949214554533118,0.532922140027557,0.617571662321137,"cognps_random_slope"
"2956","POLR2H","Mic P2RY12",-0.684743402811477,4.8386481112872,3.14770541726121,0.0768798334254387,0.491774056197759,0.579296739497499,"cognps_random_slope"
"2957","EPHB3","Mic P2RY12",-0.0574874567042651,4.09727538519937,0.00868491621086511,0.925802211807746,0.999765323016076,0.999791880761836,"cognps_random_slope"
"2958","MAGEF1","Mic P2RY12",-0.292637260103934,4.71983746800017,0.314313938405477,0.575394073091958,0.924900775009009,0.950322446996267,"cognps_random_slope"
"2959","VPS8","Mic P2RY12",-0.467255240012003,8.07688332772931,4.2124315696773,0.0408521150707562,0.383707237995848,0.478278341166229,"cognps_random_slope"
"2960","C3orf70","Mic P2RY12",0.969826250449971,5.31158905795628,3.75286917010827,0.0534997280953192,0.432864773116528,0.524866450616246,"cognps_random_slope"
"2961","EHHADH","Mic P2RY12",0.676800408116696,4.01496048186671,1.37016640074119,0.273877433130438,0.746668521636659,0.805902020311732,"cognps_random_slope"
"2962","MAP3K13","Mic P2RY12",0.29133832157319,5.90183583741175,0.313318444969478,0.575999421002234,0.924960191599137,0.950510353731555,"cognps_random_slope"
"2963","TMEM41A","Mic P2RY12",0.0386118044490719,4.56282931387801,0.00812312184366374,0.928235385318624,0.999765323016076,0.999791880761836,"cognps_random_slope"
"2964","SENP2","Mic P2RY12",0.510769759176337,5.71180092303862,3.49194748249889,0.0624807756053414,0.458951274985886,0.550388757611752,"cognps_random_slope"
"2965","TRA2B","Mic P2RY12",-0.0249430844900051,7.50138350516284,0.00984214490613595,0.921028728659279,0.999765323016076,0.999791880761836,"cognps_random_slope"
"2966","ETV5","Mic P2RY12",0.127237654448173,7.71661456551632,0.0951599762519114,0.757895645216699,0.983190954097967,0.995414674993652,"cognps_random_slope"
"2967","DGKG","Mic P2RY12",-0.510363889696309,5.09622391043558,1.19329849008423,0.27539646187004,0.747595304395617,0.807065491221298,"cognps_random_slope"
"2968","CRYGS","Mic P2RY12",-0.753238002226836,3.78961862026244,1.64018267856323,0.201125733496133,0.68055550277716,0.748052124940614,"cognps_random_slope"
"2969","TBCCD1","Mic P2RY12",0.129731380884391,4.33464259870038,0.0601120734407343,0.806458737148519,0.993231645669267,0.999791880761836,"cognps_random_slope"
"2970","DNAJB11","Mic P2RY12",0.52951042330478,4.22412685220826,0.5481107031273,0.459573752226769,0.866792533233255,0.907242372423074,"cognps_random_slope"
"2971","AC068631.1","Mic P2RY12",-0.880360980995126,3.60332238688027,1.42098411390274,0.234027497849597,0.715048449312003,0.777618429045747,"cognps_random_slope"
"2972","EIF4A2","Mic P2RY12",-0.0499435406925603,6.94057602696986,0.0217855706957835,0.882741676853297,0.999765323016076,0.999791880761836,"cognps_random_slope"
"2973","RFC4","Mic P2RY12",-0.243799328625059,3.30195069861444,0.118836358019618,0.730501506303062,0.977935907494009,0.992754357816929,"cognps_random_slope"
"2974","ST6GAL1","Mic P2RY12",0.221060430424441,11.2866450002802,0.716561815541455,0.397836939196233,0.828429241452076,0.876968316775435,"cognps_random_slope"
"2975","SST","Mic P2RY12",4.44483630358046,2.61690921177058,9.27436807473986,0.00249521020516868,0.106599101504552,0.151782714335378,"cognps_random_slope"
"2976","BCL6","Mic P2RY12",-0.719430392251,7.25653914206106,0.564009223408656,0.45314048949039,0.864282242952016,0.904991779674249,"cognps_random_slope"
"2977","LPP","Mic P2RY12",-0.417212726769686,9.95361383734647,4.65575883142629,0.0316111995072083,0.344876337499984,0.436122190240716,"cognps_random_slope"
"2978","TPRG1","Mic P2RY12",-1.41348747420515,7.12127682118172,2.31505537270748,0.129005487138995,0.588940468807355,0.666354407449888,"cognps_random_slope"
"2979","TP63","Mic P2RY12",-0.261240403060601,2.68822087259276,0.0554719362262655,0.813935487278568,0.994801668937034,0.999791880761836,"cognps_random_slope"
"2980","P3H2","Mic P2RY12",0.670399020570715,7.5137766232137,1.82186382264852,0.17794056996628,0.650104028930785,0.724654470066503,"cognps_random_slope"
"2981","CLDN1","Mic P2RY12",-0.567840823986234,2.13815721074268,0.152723124194104,0.69617791234887,0.969296644507763,0.984989885855413,"cognps_random_slope"
"2982","IL1RAP","Mic P2RY12",-0.790672764684293,7.85241865388597,2.38347363222352,0.123504081876805,0.581585286973743,0.660864338941303,"cognps_random_slope"
"2983","CCDC50","Mic P2RY12",0.186895666197061,7.12940067859706,0.288098537770692,0.591773506149309,0.932951118731112,0.95650743789449,"cognps_random_slope"
"2984","AC073365.1","Mic P2RY12",2.69020201339006,3.01819011152195,7.0040563927681,0.00848991482658665,0.183925322324536,0.253687025088898,"cognps_random_slope"
"2985","FGF12","Mic P2RY12",1.44983504504899,5.50905717411198,6.55987619022739,0.0108376421977181,0.205918108983221,0.27737301592694,"cognps_random_slope"
"2986","MB21D2","Mic P2RY12",-0.138482117380936,6.74056244435699,0.0297886035561111,0.863067853364386,0.999765323016076,0.999791880761836,"cognps_random_slope"
"2987","ATP13A4","Mic P2RY12",1.9587216727461,3.68293487511352,9.89820415452487,0.00179234872308794,0.0920627061859232,0.131673658113653,"cognps_random_slope"
"2988","OPA1","Mic P2RY12",-0.191219208468577,7.0335977321018,0.690795098713855,0.406445546038461,0.833350177855174,0.881003253094617,"cognps_random_slope"
"2989","ATP13A3","Mic P2RY12",-0.34299653993641,7.35573671956413,0.704229441581893,0.401923656662484,0.829881589272977,0.878039616226327,"cognps_random_slope"
"2990","LINC00884","Mic P2RY12",0.329581684934295,4.34214934138886,0.30651362299109,0.580171528914619,0.927107742697869,0.951730333765552,"cognps_random_slope"
"2991","TMEM44-AS1","Mic P2RY12",-0.423313517621908,3.75113169889362,0.37528800376397,0.540523038632041,0.910005809466235,0.939001507742756,"cognps_random_slope"
"2992","TMEM44","Mic P2RY12",-0.421533399611675,3.39441047607905,0.275688897932585,0.599864427737705,0.936283425111275,0.959054741582592,"cognps_random_slope"
"2993","LSG1","Mic P2RY12",0.0453387046488633,5.22277419643159,0.0137894928506313,0.906585919302794,0.999765323016076,0.999791880761836,"cognps_random_slope"
"2994","XXYLT1","Mic P2RY12",-0.146138449224215,6.11980801103026,0.177384132489793,0.673882580179906,0.962173687857684,0.979541119932688,"cognps_random_slope"
"2995","ACAP2","Mic P2RY12",-0.242201279983618,8.91559363000667,2.68222512621513,0.102348483489771,0.542981800176732,0.628355298737789,"cognps_random_slope"
"2996","PPP1R2","Mic P2RY12",-0.393814471238757,6.03867114931821,1.68996463433787,0.194438208389762,0.672951040968801,0.741728116410012,"cognps_random_slope"
"2997","APOD","Mic P2RY12",-1.33867514809453,3.99347191512243,3.3836037528782,0.0666720497361748,0.469260576950882,0.560656979224939,"cognps_random_slope"
"2998","MUC20-OT1","Mic P2RY12",-0.267535745399753,8.05676061048546,0.666792938969702,0.414712546594725,0.83948272587752,0.885457681264967,"cognps_random_slope"
"2999","TNK2","Mic P2RY12",0.158100400409866,6.88655662335997,0.29030630158809,0.590357673404555,0.932334686624445,0.9559443903545,"cognps_random_slope"
"3000","TFRC","Mic P2RY12",-1.21039597262508,6.13764734284833,1.53640057920528,0.21596262339324,0.696553249426591,0.76205024300419,"cognps_random_slope"
"3001","ZDHHC19","Mic P2RY12",0.00304714892568756,3.69071715154244,0.000107727829006212,0.991724499098932,0.999765323016076,0.999791880761836,"cognps_random_slope"
"3002","SLC51A","Mic P2RY12",-1.57731965125303,2.94616490534016,3.60717515813585,0.0583307205197084,0.448473887369256,0.541848411255388,"cognps_random_slope"
"3003","PCYT1A","Mic P2RY12",0.128248054745333,5.32207103672153,0.119210677886324,0.760772703304933,0.983230301570971,0.995414674993652,"cognps_random_slope"
"3004","UBXN7","Mic P2RY12",-0.0480267719092129,6.50586841510303,0.0259346339391096,0.944676750768071,0.999765323016076,0.999791880761836,"cognps_random_slope"
"3005","RNF168","Mic P2RY12",-0.597142363265141,6.10734446244384,3.99359646168431,0.0464259445889251,0.406636655840644,0.500065487420459,"cognps_random_slope"
"3006","WDR53","Mic P2RY12",0.671341654469216,4.27187261295219,2.14801449334772,0.143628144752679,0.609827374658516,0.68699278012833,"cognps_random_slope"
"3007","FBXO45","Mic P2RY12",0.771399983652822,3.5914035077285,1.61212797790077,0.205013909353474,0.686256186793137,0.75238853137624,"cognps_random_slope"
"3008","PIGX","Mic P2RY12",0.0676733098743895,6.35841036286307,0.0253288813042966,0.873639642569389,0.999765323016076,0.999791880761836,"cognps_random_slope"
"3009","CEP19","Mic P2RY12",0.713004764688378,2.73766335924669,0.556668376907806,0.807697697201141,0.993545795491873,0.999791880761836,"cognps_random_slope"
"3010","PAK2","Mic P2RY12",-0.268011255780725,7.639926168308,1.98481839648757,0.159747731267689,0.62960268995345,0.706937631044709,"cognps_random_slope"
"3011","SENP5","Mic P2RY12",0.0439649111972774,7.09385260020443,0.0392294744967013,0.843106651589881,0.999765323016076,0.999791880761836,"cognps_random_slope"
"3012","NCBP2","Mic P2RY12",0.247885084197239,4.64393533127707,0.349524010469907,0.554754101914253,0.915359234893125,0.94331516081776,"cognps_random_slope"
"3013","NCBP2-AS2","Mic P2RY12",0.0278538140282835,3.93731150711356,0.00198507116713611,0.964487427620057,0.999765323016076,0.999791880761836,"cognps_random_slope"
"3014","PIGZ","Mic P2RY12",0.840981450462511,4.20054843408588,2.51620188729654,0.113560540978122,0.565944518277359,0.648980087398186,"cognps_random_slope"
"3015","MELTF-AS1","Mic P2RY12",1.75962899275481,3.21937251138419,4.61053283792879,0.0324441970905492,0.346166150645263,0.4390482733532,"cognps_random_slope"
"3016","DLG1","Mic P2RY12",-0.17751368445931,7.96210524638674,0.986150485554333,0.321352737024818,0.775657065718587,0.833353336779249,"cognps_random_slope"
"3017","BDH1","Mic P2RY12",0.203201923871818,4.91964007080085,0.18582407304535,0.66667344086195,0.958929778917755,0.976330303105061,"cognps_random_slope"
"3018","RUBCN","Mic P2RY12",0.363981708311993,6.66621283386689,1.3434017903213,0.247203965443444,0.727284377806276,0.787803854705654,"cognps_random_slope"
"3019","FYTTD1","Mic P2RY12",0.125673452055495,5.50925996206068,0.160602514399594,0.719883416456251,0.97571529536985,0.991463831658989,"cognps_random_slope"
"3020","LRCH3","Mic P2RY12",0.111265373882458,7.64461114861486,0.296731710588504,0.586276258119699,0.930210398010736,0.954201432234234,"cognps_random_slope"
"3021","IQCG","Mic P2RY12",-0.158998951536016,5.92526275065923,0.256141277771481,0.717875518597515,0.97556546051407,0.990980750995847,"cognps_random_slope"
"3022","RPL35A","Mic P2RY12",-0.670138257580349,5.21702256254506,1.64656411395636,0.200253509819832,0.678910238628854,0.747324915146834,"cognps_random_slope"
"3023","LMLN","Mic P2RY12",0.787154953528745,4.15612772592719,1.98416250032631,0.159816546054422,0.62960268995345,0.706937631044709,"cognps_random_slope"
"3024","ZNF595","Mic P2RY12",-0.972330509434905,5.54638236170711,6.74065737692774,0.00981042184785772,0.198594355261543,0.272620986158279,"cognps_random_slope"
"3025","ZNF718","Mic P2RY12",-0.452808816987467,6.7637719872814,1.5629276848034,0.212049942237898,0.692162145867404,0.75844416970043,"cognps_random_slope"
"3026","ZNF141","Mic P2RY12",-0.238016488534321,5.92463619935231,0.648324185081521,0.421244486318813,0.842889500934136,0.88795521245212,"cognps_random_slope"
"3027","AC092574.2","Mic P2RY12",0.543875630011242,2.95121418462907,0.383323160670406,0.536222080954625,0.907124922871798,0.936810708718851,"cognps_random_slope"
"3028","ZNF721","Mic P2RY12",0.040530042348486,6.94848516434357,0.0254081017782783,0.873443859745568,0.999765323016076,0.999791880761836,"cognps_random_slope"
"3029","PIGG","Mic P2RY12",-0.119349270713436,5.74315251052426,0.167814926045055,0.77198529509507,0.987121402570693,0.99779870021368,"cognps_random_slope"
"3030","PDE6B","Mic P2RY12",-0.593568885115287,3.41369807198315,0.777961509395179,0.378354453100397,0.816948804422055,0.867972697408637,"cognps_random_slope"
"3031","AC107464.3","Mic P2RY12",0.845913550126225,3.06031286298996,0.909801043901827,0.340807885650591,0.792400509359127,0.845512643098497,"cognps_random_slope"
"3032","ATP5ME","Mic P2RY12",-0.81762076345942,4.93486302748715,3.60543006378782,0.0583913286700007,0.448682451551995,0.541964802332304,"cognps_random_slope"
"3033","SLC49A3","Mic P2RY12",-0.327046178193937,3.19722804165144,0.17486952598882,0.676069466169743,0.962810601943974,0.980067760574701,"cognps_random_slope"
"3034","PCGF3","Mic P2RY12",-0.264264726790582,6.22979549494372,1.07907369566345,0.299602773437186,0.762414699475663,0.822521252696221,"cognps_random_slope"
"3035","AC139887.2","Mic P2RY12",0.366948101497696,7.19421139286877,0.694476727858036,0.40519896885592,0.832587827418286,0.880198242323207,"cognps_random_slope"
"3036","CPLX1","Mic P2RY12",1.6645839917576,3.49392118654997,4.30107314664785,0.0387995615026648,0.376420613065208,0.470737578930732,"cognps_random_slope"
"3037","GAK","Mic P2RY12",0.375354860150478,7.89500844048991,1.28343673636658,0.258015731379758,0.733178290123015,0.794026514350324,"cognps_random_slope"
"3038","TMEM175","Mic P2RY12",0.716518569766162,5.05004978058463,3.37785869529652,0.0669025536822786,0.469860464141773,0.561130235404379,"cognps_random_slope"
"3039","DGKQ","Mic P2RY12",0.738083035505303,4.14931426072321,2.43031619674352,0.119888437733619,0.577299660103568,0.657316349393104,"cognps_random_slope"
"3040","IDUA","Mic P2RY12",0.118831295314018,4.57230685790288,0.0658684458420406,0.797596901239703,0.992143902613387,0.999791880761836,"cognps_random_slope"
"3041","RNF212","Mic P2RY12",0.296834625871749,3.25114554475647,0.105709755243725,0.745271470609643,0.982244103840787,0.994674014762625,"cognps_random_slope"
"3042","AC092535.3","Mic P2RY12",-0.610343540106215,5.1622949558092,0.796945289855902,0.372605208963142,0.813370647550915,0.864770891092654,"cognps_random_slope"
"3043","CTBP1-AS","Mic P2RY12",0.483524468942442,3.46269506527351,0.425163081324999,0.514788459286158,0.894942542151003,0.928385153467388,"cognps_random_slope"
"3044","CTBP1","Mic P2RY12",-0.0381287057388214,5.85839387864857,0.0179528720798782,0.893486753830975,0.999765323016076,0.999791880761836,"cognps_random_slope"
"3045","CTBP1-DT","Mic P2RY12",-1.462724195795,4.18860147124348,8.92831525393444,0.00300067465143971,0.111700113899843,0.160308554541963,"cognps_random_slope"
"3046","MAEA","Mic P2RY12",-0.465134298682489,5.86166244779749,2.52779562947387,0.112735055375782,0.564349076238645,0.647544413617071,"cognps_random_slope"
"3047","UVSSA","Mic P2RY12",0.331642366073355,5.9418614220885,0.63989783172781,0.424275868639093,0.844706717520797,0.889133617630447,"cognps_random_slope"
"3048","AC147067.1","Mic P2RY12",-0.0499685191023897,2.83650269938532,0.00299413022540042,0.956392999243006,0.999765323016076,0.999791880761836,"cognps_random_slope"
"3049","FAM53A","Mic P2RY12",0.658156838630198,3.71670810252614,1.25483495681458,0.334559106540986,0.787534324730273,0.84346889010648,"cognps_random_slope"
"3050","SLBP","Mic P2RY12",0.326776570240249,4.83216964359515,0.531458043273971,0.466469001336741,0.871240569604692,0.910838700427579,"cognps_random_slope"
"3051","AC016773.1","Mic P2RY12",0.671388561339052,2.9166814771984,0.579506762178714,0.447004598984696,0.85930843729728,0.900880173723968,"cognps_random_slope"
"3052","TMEM129","Mic P2RY12",0.04108813454181,4.30894268275294,0.00789214836546417,0.929260295573203,0.999765323016076,0.999791880761836,"cognps_random_slope"
"3053","TACC3","Mic P2RY12",0.23844334939907,4.12348380492022,0.157616608464398,0.691595896816864,0.967471234089187,0.984049474704472,"cognps_random_slope"
"3054","FGFR3","Mic P2RY12",1.44728205943314,2.66346717489792,1.75404590174819,0.186209960494506,0.662436867689641,0.733677658047649,"cognps_random_slope"
"3055","LETM1","Mic P2RY12",0.140636545929349,4.88145042482434,0.111991271018466,0.838672389067201,0.999700499758612,0.999791880761836,"cognps_random_slope"
"3056","NSD2","Mic P2RY12",0.203881981882428,6.80932349283895,0.569289664335584,0.451035104801584,0.862995946164378,0.903648655284219,"cognps_random_slope"
"3057","NELFA","Mic P2RY12",0.382751779694167,5.40462162744397,1.53099619683057,0.21677028677187,0.697809262285312,0.76326029563552,"cognps_random_slope"
"3058","C4orf48","Mic P2RY12",0.31429278504112,3.97295019237825,0.23691335892331,0.626740897033448,0.94572173867191,0.96674011519014,"cognps_random_slope"
"3059","NAT8L","Mic P2RY12",1.4528451482585,4.04237551705824,6.12673379046371,0.0137753958677817,0.234269137086476,0.311813554055361,"cognps_random_slope"
"3060","POLN","Mic P2RY12",0.178534197776271,5.58613278052382,0.20570118202887,0.650431394703857,0.954157546074635,0.97303063252972,"cognps_random_slope"
"3061","MXD4","Mic P2RY12",0.0607326428905372,6.98183461230308,0.0165214707885382,0.897796760873139,0.999765323016076,0.999791880761836,"cognps_random_slope"
"3062","ZFYVE28","Mic P2RY12",-0.261298424499672,5.21491552386971,0.42345394119381,0.951925244433996,0.999765323016076,0.999791880761836,"cognps_random_slope"
"3063","RNF4","Mic P2RY12",-0.0303608255591718,5.94694960360503,0.0102890047730632,0.91926189609033,0.999765323016076,0.999791880761836,"cognps_random_slope"
"3064","FAM193A","Mic P2RY12",-0.0637906476774138,7.4419556455394,0.0680356871878952,0.996066850194897,0.999765323016076,0.999791880761836,"cognps_random_slope"
"3065","TNIP2","Mic P2RY12",-0.42143677647646,4.35957514589584,0.765822348682133,0.382096628764548,0.819224492969006,0.869609277970784,"cognps_random_slope"
"3066","SH3BP2","Mic P2RY12",-0.0482411520448738,6.88832853322873,0.0241810805045925,0.876512293257676,0.999765323016076,0.999791880761836,"cognps_random_slope"
"3067","ADD1","Mic P2RY12",0.0136858468477351,7.5513298390639,0.00476492590937814,0.945005344313039,0.999765323016076,0.999791880761836,"cognps_random_slope"
"3068","MFSD10","Mic P2RY12",-0.653688942370306,4.42025279278241,1.97166013371279,0.161134762509612,0.631512796296848,0.708484902920554,"cognps_random_slope"
"3069","NOP14","Mic P2RY12",-0.598269045994738,4.29561834283039,1.35204973794008,0.245691095249094,0.726886505423714,0.787803854705654,"cognps_random_slope"
"3070","GRK4","Mic P2RY12",0.219606239689624,3.94435344313243,0.131038713647404,0.717570096147632,0.975467321817246,0.990827860187382,"cognps_random_slope"
"3071","HTT","Mic P2RY12",0.0387957220906722,7.48070246662903,0.0244387492722496,0.875861434968429,0.999765323016076,0.999791880761836,"cognps_random_slope"
"3072","MSANTD1","Mic P2RY12",1.05006785405025,3.22909263174351,2.02930128365907,0.155158698966204,0.624596492894595,0.703408982142184,"cognps_random_slope"
"3073","RGS12","Mic P2RY12",0.0872385741945054,8.16962765507361,0.0962756206652275,0.756525395586271,0.983190954097967,0.995414674993652,"cognps_random_slope"
"3074","LRPAP1","Mic P2RY12",0.228354305588365,5.17475630266362,0.333724060396017,0.891108791541852,0.999765323016076,0.999791880761836,"cognps_random_slope"
"3075","ADRA2C","Mic P2RY12",-1.49502511951012,2.76551730147346,1.57899145120559,0.209721615153867,0.690585692519488,0.756679341546191,"cognps_random_slope"
"3076","TMEM128","Mic P2RY12",-0.108500191509315,4.1079730593611,0.0490405273892267,0.82486700478156,0.997442739805277,0.999791880761836,"cognps_random_slope"
"3077","LYAR","Mic P2RY12",0.0764849420202747,4.16261770221035,0.0221784820039181,0.95681342373687,0.999765323016076,0.999791880761836,"cognps_random_slope"
"3078","ZBTB49","Mic P2RY12",-0.0508369627160917,4.1174277622431,0.0105841461106032,0.964207485537165,0.999765323016076,0.999791880761836,"cognps_random_slope"
"3079","NSG1","Mic P2RY12",0.957886043018593,3.07638036874223,0.81998206088079,0.365791671393117,0.811562709840244,0.862405100667332,"cognps_random_slope"
"3080","STX18","Mic P2RY12",0.243953810206616,6.88336706799944,0.904247454398821,0.342283988458603,0.793040127197857,0.845667393945533,"cognps_random_slope"
"3081","STX18-AS1","Mic P2RY12",0.558056414917669,5.41624755184682,1.62730547156011,0.202899500076638,0.682946015718705,0.749304594200278,"cognps_random_slope"
"3082","CYTL1","Mic P2RY12",-1.25217104753403,5.50974892671111,5.20337252083137,0.0231272814508121,0.297220738505179,0.386522391137933,"cognps_random_slope"
"3083","STK32B","Mic P2RY12",-0.847370892423124,7.57465967857728,6.22217632305231,0.0130641417448473,0.228381090294749,0.303806319969441,"cognps_random_slope"
"3084","CRMP1","Mic P2RY12",1.10923911506654,3.55866997037056,2.45855792049882,0.117765484777464,0.574339081039999,0.653758942921173,"cognps_random_slope"
"3085","JAKMIP1","Mic P2RY12",2.56595334083991,2.92863661843935,7.7524662780466,0.00564756981687453,0.152674796573943,0.211547649981078,"cognps_random_slope"
"3086","WFS1","Mic P2RY12",-0.303406540808015,3.6833738759622,0.248410169170323,0.618501435584249,0.941924926164701,0.963917775753802,"cognps_random_slope"
"3087","PPP2R2C","Mic P2RY12",1.86105327580594,3.77785537121677,7.80620769268468,0.00548555104778282,0.15212006754199,0.210684409492783,"cognps_random_slope"
"3088","MAN2B2","Mic P2RY12",0.201748564415477,5.42508865905192,0.432396327317579,0.51123609188874,0.893659673987929,0.927919604508759,"cognps_random_slope"
"3089","MRFAP1","Mic P2RY12",0.540187272415808,4.50064898451393,1.03808545671998,0.308952088264236,0.76785366002022,0.827095076785596,"cognps_random_slope"
"3090","LINC02482","Mic P2RY12",0.0913089431186314,3.51112100389996,0.0155027291251317,0.900981083467775,0.999765323016076,0.999791880761836,"cognps_random_slope"
"3091","AC093323.1","Mic P2RY12",-0.287232789159879,3.19757093333398,0.149722938476901,0.6990291354395,0.969804265685207,0.98522366711326,"cognps_random_slope"
"3092","MRFAP1L1","Mic P2RY12",0.214856200873877,4.14131341300645,0.194842967908643,0.670229770470178,0.960390254014357,0.977508744679141,"cognps_random_slope"
"3093","BLOC1S4","Mic P2RY12",0.405805471034474,3.57232870770964,0.371449023732532,0.542600331906691,0.910123298286075,0.939148122050431,"cognps_random_slope"
"3094","KIAA0232","Mic P2RY12",-0.472990260088518,7.60306213824972,3.6673124486424,0.0562825817405799,0.441077706377492,0.534269812775315,"cognps_random_slope"
"3095","TBC1D14","Mic P2RY12",0.666178606586697,9.14240180149466,1.06598060319565,0.302548918596093,0.763695245452297,0.823589153555775,"cognps_random_slope"
"3096","TADA2B","Mic P2RY12",-0.489966043463447,3.46573178978554,0.586619468916858,0.444231735311918,0.85802776256953,0.899122129790312,"cognps_random_slope"
"3097","GRPEL1","Mic P2RY12",-0.408629736902704,4.00200675580387,0.4797767479461,0.488970485215679,0.883428173531547,0.918424017719125,"cognps_random_slope"
"3098","SORCS2","Mic P2RY12",-0.334162511396894,4.10550291297882,0.158952267479434,0.690359588738941,0.967087387252322,0.983834746694361,"cognps_random_slope"
"3099","AFAP1","Mic P2RY12",0.483443621993059,5.02844713468976,0.718505290620828,0.39719841380864,0.828429241452076,0.876968316775435,"cognps_random_slope"
"3100","ABLIM2","Mic P2RY12",-0.0877060921316518,4.48507463566666,0.0283031341440276,0.866492701978969,0.999765323016076,0.999791880761836,"cognps_random_slope"
"3101","SH3TC1","Mic P2RY12",-0.0597055943148957,8.40282078657085,0.0264557157321656,0.870883693087796,0.999765323016076,0.999791880761836,"cognps_random_slope"
"3102","ACOX3","Mic P2RY12",0.0311936720803085,5.30277345731265,0.00758800409055436,0.930633233375418,0.999765323016076,0.999791880761836,"cognps_random_slope"
"3103","TRMT44","Mic P2RY12",0.0743244054602809,4.7053487866437,0.0331943420966837,0.855533807109653,0.999765323016076,0.999791880761836,"cognps_random_slope"
"3104","AC105345.1","Mic P2RY12",0.722171411727022,2.95351351622398,0.758574052016767,0.384356160374275,0.820968585459939,0.870630310964262,"cognps_random_slope"
"3105","SLC2A9","Mic P2RY12",-0.544935058765215,7.36047652526869,2.09860938372215,0.148304505784954,0.615096191273602,0.692284318170619,"cognps_random_slope"
"3106","AC005674.1","Mic P2RY12",-1.37662225961565,2.3748706443151,1.29250631345356,0.256343533942952,0.731824845243249,0.792766114230981,"cognps_random_slope"
"3107","WDR1","Mic P2RY12",0.2372624043628,5.6338883146904,0.602501776227638,0.531541616796854,0.905503589823643,0.935221650609795,"cognps_random_slope"
"3108","ZNF518B","Mic P2RY12",0.325496614786721,4.05399066055206,0.374142432801598,0.541141378859699,0.910005809466235,0.939131034445278,"cognps_random_slope"
"3109","CLNK","Mic P2RY12",-1.24853852247971,2.52578854376996,1.04471471414869,0.307414545849938,0.767459627034639,0.826769615798399,"cognps_random_slope"
"3110","HS3ST1","Mic P2RY12",1.02451396906381,4.25297820802529,2.45691303108281,0.117887981162233,0.574339081039999,0.653758942921173,"cognps_random_slope"
"3111","AC025539.1","Mic P2RY12",1.22676258368677,3.68806516353707,1.59706390140515,0.207138357088556,0.688502593639964,0.753929563837255,"cognps_random_slope"
"3112","AC005699.1","Mic P2RY12",0.996736851560794,5.14619183552835,0.904782998677316,0.342141268817633,0.792984286306658,0.845667393945533,"cognps_random_slope"
"3113","RAB28","Mic P2RY12",0.610339159257649,6.86232674345309,5.56710362690405,0.0188348152325007,0.269663845011476,0.356103010799918,"cognps_random_slope"
"3114","BOD1L1","Mic P2RY12",0.313508542664834,7.88672286644372,1.37392864500792,0.241913937736973,0.723556673898457,0.784717325859947,"cognps_random_slope"
"3115","LINC00504","Mic P2RY12",-1.85957094147499,3.32320800139429,3.50382360334634,0.0620388052185511,0.458314238552262,0.549525884142919,"cognps_random_slope"
"3116","CPEB2-DT","Mic P2RY12",-0.0950571269561391,3.05544772303682,0.0129106159657858,0.909598558500586,0.999765323016076,0.999791880761836,"cognps_random_slope"
"3117","CPEB2","Mic P2RY12",0.156515771840115,5.88932909639376,0.213733948160664,0.875164699820222,0.999765323016076,0.999791880761836,"cognps_random_slope"
"3118","AC098829.1","Mic P2RY12",1.35377255498264,4.59513764339223,3.38495386012088,0.0666180043095618,0.469213223209642,0.560515038951995,"cognps_random_slope"
"3119","CC2D2A","Mic P2RY12",0.0177335241350973,4.27963442269867,0.00105648337763428,0.974088484659285,0.999765323016076,0.999791880761836,"cognps_random_slope"
"3120","FBXL5","Mic P2RY12",-0.811122343949053,6.97086079943718,4.34538843102147,0.0378144232696114,0.370703062352643,0.464845241337726,"cognps_random_slope"
"3121","FAM200B","Mic P2RY12",-1.52018411396446,3.98931865979991,7.96086550509203,0.00504534788230164,0.145345455940531,0.201826080045344,"cognps_random_slope"
"3122","TAPT1","Mic P2RY12",0.431826928614736,6.84993908832828,1.7223476140712,0.190228112503357,0.667284886140338,0.737903096419166,"cognps_random_slope"
"3123","TAPT1-AS1","Mic P2RY12",-0.274394819958608,7.18672791840172,0.446928416217764,0.504226088445817,0.89103184434892,0.925324521360739,"cognps_random_slope"
"3124","AC097515.1","Mic P2RY12",-0.565365514432296,2.80931159373564,0.271757502727758,0.602476117565893,0.937199130938048,0.959694654203117,"cognps_random_slope"
"3125","LDB2","Mic P2RY12",1.25991806625437,4.67251579015118,4.27086488832558,0.03948656544066,0.377466992996885,0.471311535724656,"cognps_random_slope"
"3126","QDPR","Mic P2RY12",0.24160358148896,5.48276903944999,0.417063806685998,0.518817644337272,0.896194283547793,0.929493308294961,"cognps_random_slope"
"3127","LAP3","Mic P2RY12",0.185778411098572,6.96521821135364,0.0927635947246164,0.760868955933337,0.98325987256149,0.995414674993652,"cognps_random_slope"
"3128","AC006160.1","Mic P2RY12",-0.0577139392766286,4.76385873190983,0.00437609281860184,0.94729353621281,0.999765323016076,0.999791880761836,"cognps_random_slope"
"3129","MED28","Mic P2RY12",-0.461869883297564,5.63226903240431,2.11011334818625,0.147200412797613,0.613906387967251,0.691886074221781,"cognps_random_slope"
"3130","FAM184B","Mic P2RY12",0.124669195953912,3.54512611920171,0.0247078125949039,0.875185535558553,0.999765323016076,0.999791880761836,"cognps_random_slope"
"3131","DCAF16","Mic P2RY12",-0.45893735695164,4.78290835412006,1.34519993386465,0.246888459781761,0.727284377806276,0.787803854705654,"cognps_random_slope"
"3132","LCORL","Mic P2RY12",-0.364063872345499,7.87712706198061,2.1682218312937,0.141763670853288,0.607546555336436,0.684104219735797,"cognps_random_slope"
"3133","AC024230.1","Mic P2RY12",-0.799669441887849,3.49725635905657,0.93818985816428,0.333394750458366,0.786588565297986,0.842644018955589,"cognps_random_slope"
"3134","SLIT2","Mic P2RY12",1.42850971645547,4.62368688948363,4.07876618754764,0.0441666372077879,0.398437123319743,0.492235156926348,"cognps_random_slope"
"3135","PACRGL","Mic P2RY12",0.296802856442185,5.68792580010855,0.820398372927077,0.365670143513846,0.811562709840244,0.862405100667332,"cognps_random_slope"
"3136","KCNIP4","Mic P2RY12",1.51925923918933,7.48003000817676,5.81849209847603,0.0163585756587891,0.251689176123344,0.334590889074822,"cognps_random_slope"
"3137","ADGRA3","Mic P2RY12",-0.359241519851024,3.55934563716733,0.165274369240224,0.684588058644733,0.96526547799949,0.981938174288632,"cognps_random_slope"
"3138","DHX15","Mic P2RY12",-0.498896391227895,6.69917121673575,4.22480484416113,0.0405588594244253,0.382801351565735,0.477050142765319,"cognps_random_slope"
"3139","CCDC149","Mic P2RY12",-0.0713919282546556,6.20376890671138,0.0400272221797659,0.841540449731025,0.999765323016076,0.999791880761836,"cognps_random_slope"
"3140","SEPSECS","Mic P2RY12",0.00361675149644289,4.89010785909438,2.997670327142e-05,0.995634561097515,0.999765323016076,0.999791880761836,"cognps_random_slope"
"3141","AC104662.2","Mic P2RY12",0.226308246718237,3.73399060139093,0.0946630486581048,0.758508810937983,0.983190954097967,0.995414674993652,"cognps_random_slope"
"3142","PI4K2B","Mic P2RY12",-2.55756340858098,2.76862959300461,8.74730197748016,0.0033055705350866,0.116899936122535,0.167954783664618,"cognps_random_slope"
"3143","ZCCHC4","Mic P2RY12",-0.66662386778082,4.50686939892676,2.24505148372925,0.134919677975462,0.597904562396194,0.675043375476584,"cognps_random_slope"
"3144","ANAPC4","Mic P2RY12",0.132654865328543,5.97480595208285,0.304094773388183,0.581669141850188,0.927859733775962,0.9522571873954,"cognps_random_slope"
"3145","SEL1L3","Mic P2RY12",2.42965241160463,3.2433741222163,2.75005053552577,0.0981232613537212,0.536413249822253,0.622624745113121,"cognps_random_slope"
"3146","SMIM20","Mic P2RY12",-0.208533623859962,3.96321516146935,0.170594287650781,0.936744916292427,0.999765323016076,0.999791880761836,"cognps_random_slope"
"3147","LINC02357","Mic P2RY12",-2.147659145507,2.15033537746684,2.40591998698159,0.121756591577456,0.580995309380569,0.660503517595267,"cognps_random_slope"
"3148","RBPJ","Mic P2RY12",-0.602419544154991,8.1979273218805,1.982500083113,0.159991114052998,0.629901404837918,0.707044689724307,"cognps_random_slope"
"3149","TBC1D19","Mic P2RY12",0.124367976644212,5.83106617666546,0.123949103320594,0.905520511945361,0.999765323016076,0.999791880761836,"cognps_random_slope"
"3150","STIM2","Mic P2RY12",0.104642682323078,6.98891490031978,0.135803727386736,0.712705670168325,0.974917442471426,0.989802256118226,"cognps_random_slope"
"3151","PCDH7","Mic P2RY12",2.52489339129174,4.91369839679801,13.6379853344344,0.000256062162938818,0.0359587299138796,0.0548933450647856,"cognps_random_slope"
"3152","LINC02506","Mic P2RY12",2.83324719037645,2.85220152298856,2.66987160910339,0.103139341065472,0.545019838177601,0.629985490198069,"cognps_random_slope"
"3153","ARAP2","Mic P2RY12",-0.36890327987252,7.24493291742338,1.29466342648933,0.255947794248162,0.73148995323515,0.792534081775357,"cognps_random_slope"
"3154","NWD2","Mic P2RY12",0.911355819766825,2.90723405001501,1.06286245679649,0.303256068528053,0.763833474593217,0.824163087209446,"cognps_random_slope"
"3155","C4orf19","Mic P2RY12",0.561419515006888,6.24816294211345,0.868719296258648,0.351935399816354,0.800423560250359,0.85222334072829,"cognps_random_slope"
"3156","RELL1","Mic P2RY12",-0.545863398593617,6.00810338846312,2.20987278695905,0.138006136370171,0.602185682399834,0.678608226205031,"cognps_random_slope"
"3157","PGM2","Mic P2RY12",-0.213882143706215,4.97842535866649,0.232847571234499,0.629713968945082,0.947640749708162,0.9679212910507,"cognps_random_slope"
"3158","TBC1D1","Mic P2RY12",-0.336044713215259,8.78286427938176,1.65708683860121,0.198824968732932,0.67699667850671,0.745962233856748,"cognps_random_slope"
"3159","LINC02513","Mic P2RY12",3.62699425347711,3.10013984933524,7.05750464302541,0.00824508177566466,0.18098302161515,0.249857555578791,"cognps_random_slope"
"3160","LINC01258","Mic P2RY12",0.937396139221697,3.65232310578044,1.21246444286844,0.271581032640083,0.744483269496792,0.804064195788762,"cognps_random_slope"
"3161","KLF3","Mic P2RY12",-0.119900435882143,6.99489621071093,0.269266481977453,0.604143408936499,0.937802649979608,0.960175025554302,"cognps_random_slope"
"3162","TLR10","Mic P2RY12",0.173273861951375,5.86660195610419,0.153638493857191,0.695314427239098,0.96925463151675,0.984989885855413,"cognps_random_slope"
"3163","TLR1","Mic P2RY12",-0.708128640096285,7.66750648946713,8.03875811477072,0.00483751040760165,0.142565369203699,0.198851663635144,"cognps_random_slope"
"3164","FAM114A1","Mic P2RY12",-0.298261324926592,6.44571803246221,0.675690537503784,0.411619275774915,0.837296586924657,0.883890471222889,"cognps_random_slope"
"3165","TMEM156","Mic P2RY12",-0.581999369419755,8.28824047160801,2.15617156637017,0.14287220211937,0.60936676658233,0.686033435900794,"cognps_random_slope"
"3166","KLHL5","Mic P2RY12",-0.6724155069528,8.55142348684363,8.3609856835823,0.00406665040561728,0.131318511049825,0.185968830415095,"cognps_random_slope"
"3167","WDR19","Mic P2RY12",0.475169960092911,4.69408176022234,1.08926187035862,0.355655390486823,0.804493634705542,0.85591916935583,"cognps_random_slope"
"3168","RFC1","Mic P2RY12",-0.194549341103433,6.12937450750731,0.567243757997258,0.451849012297859,0.863798661027619,0.904620902429201,"cognps_random_slope"
"3169","RPL9","Mic P2RY12",-0.464437875103313,3.93537253436548,0.76193647327837,0.383305628170553,0.819964831465028,0.870109419832553,"cognps_random_slope"
"3170","LIAS","Mic P2RY12",0.12811323560523,4.63772762290416,0.0926508586995281,0.761009861973413,0.983347137239003,0.995414674993652,"cognps_random_slope"
"3171","UGDH","Mic P2RY12",-0.528838846963067,4.55545755948859,0.793551188789561,0.373624051436803,0.814497133783212,0.865737773104452,"cognps_random_slope"
"3172","UGDH-AS1","Mic P2RY12",-0.0334406632288253,5.28221892369468,0.00805519217933215,0.962374973998165,0.999765323016076,0.999791880761836,"cognps_random_slope"
"3173","SMIM14","Mic P2RY12",0.151992757006465,6.26226485566304,0.159229520103762,0.6901037144427,0.967087387252322,0.983774153785057,"cognps_random_slope"
"3174","UBE2K","Mic P2RY12",-0.236510553014761,8.37225764745409,1.66591733187826,0.197635417362978,0.67650376196201,0.745223362510176,"cognps_random_slope"
"3175","PDS5A","Mic P2RY12",-0.0492053322492208,8.27525306902373,0.080186235557107,0.77720811948699,0.989451682671891,0.999153424119406,"cognps_random_slope"
"3176","N4BP2","Mic P2RY12",0.261283276859585,5.76281508393119,0.562024870456582,0.453935668433125,0.864826825799305,0.90558177549109,"cognps_random_slope"
"3177","RHOH","Mic P2RY12",0.0700347748113918,6.25416490850366,0.0220233672197847,0.88210812911505,0.999765323016076,0.999791880761836,"cognps_random_slope"
"3178","RBM47","Mic P2RY12",-0.429385219712108,9.69606297004886,2.20333233494093,0.138588685309232,0.602464311632875,0.67907281689345,"cognps_random_slope"
"3179","NSUN7","Mic P2RY12",-0.473886759066162,4.50555568852211,0.40229989988118,0.526307124158959,0.901692888117389,0.932903067392385,"cognps_random_slope"
"3180","APBB2","Mic P2RY12",-1.41491864991268,4.43457591606556,3.86815600010143,0.0499790902118984,0.418083513064701,0.510316389867414,"cognps_random_slope"
"3181","UCHL1","Mic P2RY12",1.10300388959469,6.15457297304698,3.23321041925893,0.0729976650913462,0.483486834973886,0.572984775873399,"cognps_random_slope"
"3182","LIMCH1","Mic P2RY12",0.841881066758555,4.96081603388455,1.47473273932215,0.225397263918036,0.706583534051226,0.769637329131246,"cognps_random_slope"
"3183","TMEM33","Mic P2RY12",0.0297546777452128,5.28415885973926,0.00737979756229983,0.931589148731156,0.999765323016076,0.999791880761836,"cognps_random_slope"
"3184","SLC30A9","Mic P2RY12",0.193094803227123,6.60648899972517,0.73698216746516,0.517085108941462,0.895394436609966,0.928751097919475,"cognps_random_slope"
"3185","ATP8A1","Mic P2RY12",0.0149637931616297,6.06656269687443,0.00191366340647244,0.96513159762511,0.999765323016076,0.999791880761836,"cognps_random_slope"
"3186","KCTD8","Mic P2RY12",1.41966877539861,3.48072051166645,3.04701820198374,0.0817395390371489,0.504556224153308,0.592563934205185,"cognps_random_slope"
"3187","GUF1","Mic P2RY12",0.500030767049576,4.54175220792734,1.47785004126057,0.224908617004875,0.706351154554098,0.769637329131246,"cognps_random_slope"
"3188","GNPDA2","Mic P2RY12",0.641860360247824,4.12139434833026,1.60180625287795,0.206466754350025,0.687744684414312,0.753550718449413,"cognps_random_slope"
"3189","GABRA2","Mic P2RY12",3.02553357819858,3.42929417409507,13.7210951898892,0.000245377009611221,0.0359587299138796,0.0548933450647856,"cognps_random_slope"
"3190","GABRA4","Mic P2RY12",3.67669961642728,3.20993712076483,15.83302814375,8.36945920611979e-05,0.0225356619741144,0.0351553024666095,"cognps_random_slope"
"3191","GABRB1","Mic P2RY12",2.71562908445114,4.18774319018714,14.075670726057,0.000204631138119476,0.0356137906745337,0.054275400104748,"cognps_random_slope"
"3192","COMMD8","Mic P2RY12",0.54824063410841,3.24405308392757,0.579784034268793,0.644609506624417,0.951443629329721,0.970883120121208,"cognps_random_slope"
"3193","ATP10D","Mic P2RY12",-0.0710485693125164,7.16589030634017,0.0578195440549288,0.810113047912588,0.994034132767222,0.999791880761836,"cognps_random_slope"
"3194","AC107068.2","Mic P2RY12",-1.36149873044682,2.92223786370761,2.00356300864576,0.1577953346194,0.62822794986173,0.70626649297708,"cognps_random_slope"
"3195","NFXL1","Mic P2RY12",-0.133598566244356,5.1345806230154,0.140348493507654,0.708155620530354,0.973207309924008,0.988354461037649,"cognps_random_slope"
"3196","CNGA1","Mic P2RY12",1.34202373389889,3.4435217995145,1.44408568132795,0.23027007584929,0.712282941519927,0.774109754385822,"cognps_random_slope"
"3197","TXK","Mic P2RY12",0.480346746448315,3.95913800277302,0.500547155589812,0.479718027930962,0.880549559893777,0.916263961146097,"cognps_random_slope"
"3198","TEC","Mic P2RY12",-0.860746077842232,5.29339802052348,4.83338502230318,0.0285502511153272,0.325896009537053,0.418236134759618,"cognps_random_slope"
"3199","SLAIN2","Mic P2RY12",-0.0959811688725675,6.34674230667265,0.154815208568761,0.694208760195886,0.969058581089121,0.984989885855413,"cognps_random_slope"
"3200","FRYL","Mic P2RY12",-0.0801596135390017,8.19737826306667,0.182951401169642,0.669105037692027,0.960363726160842,0.97747809255934,"cognps_random_slope"
"3201","OCIAD1","Mic P2RY12",-0.070941394409869,6.71417967865079,0.0889412132408437,0.765699753307042,0.985227306199488,0.996584922860264,"cognps_random_slope"
"3202","OCIAD2","Mic P2RY12",0.334293454136142,2.47308720235992,0.0835903389596925,0.772656189514113,0.987164228780497,0.997853800343454,"cognps_random_slope"
"3203","DCUN1D4","Mic P2RY12",-0.279844305462562,6.23569692021846,0.849339171872133,0.934481917489539,0.999765323016076,0.999791880761836,"cognps_random_slope"
"3204","SGCB","Mic P2RY12",0.597305501745185,3.5239426101707,0.709909244561537,0.400033934625156,0.82954706831376,0.878025991099495,"cognps_random_slope"
"3205","SPATA18","Mic P2RY12",0.818504283590635,2.95749951956094,0.665959289546198,0.41500412953221,0.839593952273724,0.885674753909852,"cognps_random_slope"
"3206","USP46","Mic P2RY12",-0.194783857624366,5.43115392020113,0.369583841979844,0.578326205960075,0.926179333251213,0.951183801105914,"cognps_random_slope"
"3207","SCFD2","Mic P2RY12",0.0235022849424552,8.26891137327816,0.00270062910547188,0.958583381101611,0.999765323016076,0.999791880761836,"cognps_random_slope"
"3208","AC058822.1","Mic P2RY12",-0.939538477080622,4.43534657730493,2.84067725158763,0.0927729015119522,0.52784315601716,0.612635988723348,"cognps_random_slope"
"3209","LNX1","Mic P2RY12",0.364553778693252,3.45473573296411,0.19558324823385,0.658575635046318,0.955612931885691,0.973592644066785,"cognps_random_slope"
"3210","CHIC2","Mic P2RY12",-0.115847054555531,6.64126203313928,0.172823487411567,0.677862526894978,0.963032358317531,0.980096514019067,"cognps_random_slope"
"3211","SRD5A3","Mic P2RY12",2.1469397903001,3.70649454351501,10.627777370592,0.00122036783212337,0.0745722769383174,0.105729831777795,"cognps_random_slope"
"3212","TMEM165","Mic P2RY12",-0.461192064110708,7.99524318643685,3.2326103529514,0.0730241614567525,0.483486834973886,0.572984775873399,"cognps_random_slope"
"3213","CLOCK","Mic P2RY12",-0.0898155329189753,6.95784387750747,0.137316748401459,0.711181398684205,0.973930448445441,0.989006563628578,"cognps_random_slope"
"3214","EXOC1","Mic P2RY12",0.174506735694152,6.76117109210444,0.534574281791927,0.465166163293563,0.870579967708347,0.910185293421244,"cognps_random_slope"
"3215","CEP135","Mic P2RY12",-0.157107009973023,5.75606245390964,0.234002636693876,0.628866098897804,0.947435029941481,0.967899112483,"cognps_random_slope"
"3216","KIAA1211","Mic P2RY12",1.62171732822063,3.19803741982156,2.36690261196871,0.12481209496905,0.583536243046098,0.661618690639923,"cognps_random_slope"
"3217","AASDH","Mic P2RY12",-0.153360341796512,5.5080990347951,0.23825995276577,0.825207904694396,0.997442739805277,0.999791880761836,"cognps_random_slope"
"3218","PPAT","Mic P2RY12",-0.213843236032493,3.89905723690172,0.124693148190838,0.724205991770039,0.976701705810179,0.992103026315284,"cognps_random_slope"
"3219","PAICS","Mic P2RY12",-0.711396135483807,4.46850430767989,1.395337283072,0.238286400843575,0.718919864638393,0.780533434775068,"cognps_random_slope"
"3220","SRP72","Mic P2RY12",0.440739465984618,5.58143154983966,1.98523114355099,0.159704444366309,0.62960268995345,0.706937631044709,"cognps_random_slope"
"3221","HOPX","Mic P2RY12",0.0815784288008778,3.93155174186626,0.00922021019362555,0.92355664362465,0.999765323016076,0.999791880761836,"cognps_random_slope"
"3222","REST","Mic P2RY12",-0.0861044834904864,5.19713193263875,0.053230440623467,0.817665680623331,0.995084767910246,0.999791880761836,"cognps_random_slope"
"3223","NOA1","Mic P2RY12",-0.54453824631515,3.85159281412417,1.08653212649516,0.297941064126748,0.761720364612185,0.822068227825695,"cognps_random_slope"
"3224","POLR2B","Mic P2RY12",-0.133446239140931,6.20123572739792,0.29247600457226,0.588973003837899,0.931773521595925,0.955596578807635,"cognps_random_slope"
"3225","ADGRL3","Mic P2RY12",2.76016479611233,5.50925468462016,19.3276540205941,1.45157069643349e-05,0.0080952988123617,0.0136190218434963,"cognps_random_slope"
"3226","LINC02232","Mic P2RY12",0.715194779689159,9.01313640247801,3.95267731943847,0.0475546226051183,0.410353829704566,0.503342237855583,"cognps_random_slope"
"3227","EPHA5","Mic P2RY12",2.3396273048268,3.39630179903314,8.86880712218602,0.00309760450234725,0.113418027147419,0.162408124431206,"cognps_random_slope"
"3228","AC104806.2","Mic P2RY12",-0.336210056296602,4.52705600916801,0.351237955502125,0.553785653449018,0.915359234893125,0.943196914482746,"cognps_random_slope"
"3229","CENPC","Mic P2RY12",0.327605740935835,6.1320498417246,1.22962719166721,0.429876258322142,0.848419990835792,0.891930865479931,"cognps_random_slope"
"3230","UBA6","Mic P2RY12",-0.375530472705015,6.82244654956034,1.83263987702399,0.176666211241108,0.647566711390069,0.723004651230449,"cognps_random_slope"
"3231","UBA6-AS1","Mic P2RY12",-0.275605595673048,6.10660398138402,0.300058063146646,0.584185836140195,0.928668373679092,0.952786158660623,"cognps_random_slope"
"3232","YTHDC1","Mic P2RY12",-0.284286257922478,6.77608519796758,1.22385514121675,0.269344878284417,0.74348645631871,0.803112251136388,"cognps_random_slope"
"3233","UGT2B17","Mic P2RY12",-2.44755500964401,2.55413047924083,3.20661069891057,0.0741822077238067,0.485339622643341,0.57394334253628,"cognps_random_slope"
"3234","UGT2B7","Mic P2RY12",-3.01999235551892,2.50689445021218,5.72685376786022,0.0172196225555345,0.256400179851909,0.340199227402792,"cognps_random_slope"
"3235","UTP3","Mic P2RY12",0.351219823078505,4.45322352525273,0.525359076978226,0.46903587807662,0.873121795129168,0.911773055538053,"cognps_random_slope"
"3236","RUFY3","Mic P2RY12",-0.537238356083348,7.95674403918041,6.0153856782736,0.0146560213795293,0.239650385698998,0.319502724925183,"cognps_random_slope"
"3237","GRSF1","Mic P2RY12",0.134914721026478,5.38020349468414,0.205254594777098,0.908517770960776,0.999765323016076,0.999791880761836,"cognps_random_slope"
"3238","MOB1B","Mic P2RY12",-0.0437211360692816,7.95878489162398,0.0434439008539876,0.835009665489805,0.999366959106503,0.999791880761836,"cognps_random_slope"
"3239","DCK","Mic P2RY12",-1.43395420754316,4.57656855776744,10.387090609317,0.0013849568774641,0.0793154150209247,0.112721490261473,"cognps_random_slope"
"3240","SLC4A4","Mic P2RY12",1.88889611334089,3.18024342670414,4.65085212017315,0.03170047973792,0.344876337499984,0.436122190240716,"cognps_random_slope"
"3241","COX18","Mic P2RY12",-0.0619613599225294,4.44297480235741,0.0187724752942256,0.891097441948653,0.999765323016076,0.999791880761836,"cognps_random_slope"
"3242","ANKRD17","Mic P2RY12",-0.290584095747857,8.96527014490808,2.74329547010037,0.0985353742002982,0.537432865143751,0.623136048063317,"cognps_random_slope"
"3243","AC053527.1","Mic P2RY12",0.585816176074934,5.6188873656612,1.25917297586323,0.262556333036203,0.736254788655182,0.796207077951358,"cognps_random_slope"
"3244","CXCL8","Mic P2RY12",-5.10581730957741,2.30265062422526,9.74304187138393,0.00194611260058239,0.0948358362196532,0.136258101180528,"cognps_random_slope"
"3245","MTHFD2L","Mic P2RY12",0.0113763832950586,5.65701258740526,0.00109825629174326,0.97358136978426,0.999765323016076,0.999791880761836,"cognps_random_slope"
"3246","AREG","Mic P2RY12",3.51739826138668,2.18531174043387,3.31362978527993,0.0695409341104962,0.478937134484216,0.56992349430269,"cognps_random_slope"
"3247","PARM1","Mic P2RY12",1.69552003919813,3.51845908425446,3.3125347141815,0.0695845157851576,0.478937134484216,0.56992349430269,"cognps_random_slope"
"3248","RCHY1","Mic P2RY12",0.00400744994156092,5.65721820317493,0.000115651313135953,0.991425574220756,0.999765323016076,0.999791880761836,"cognps_random_slope"
"3249","THAP6","Mic P2RY12",0.241141321974295,4.53498797659832,0.283703371240085,0.594613053398561,0.934477967597251,0.957681021612938,"cognps_random_slope"
"3250","G3BP2","Mic P2RY12",0.0738309426579617,6.01431640878122,0.0867235000650029,0.768554530373242,0.986294885705015,0.997038473717198,"cognps_random_slope"
"3251","USO1","Mic P2RY12",-0.0407282865098563,6.94929555771081,0.0299740132400192,0.86264660824159,0.999765323016076,0.999791880761836,"cognps_random_slope"
"3252","NAAA","Mic P2RY12",0.596346249126641,5.61231318478537,2.63076875145009,0.105687277986991,0.550239010218985,0.634792953430487,"cognps_random_slope"
"3253","SDAD1","Mic P2RY12",0.0984532375055468,5.74935224918554,0.0866258227148809,0.823844120587397,0.997029597025048,0.999791880761836,"cognps_random_slope"
"3254","CXCL10","Mic P2RY12",-1.5337387877851,2.25763808119472,0.831225198615426,0.362529217705752,0.809574078732674,0.860358098673044,"cognps_random_slope"
"3255","NUP54","Mic P2RY12",0.0537450448523778,5.76367132905296,0.0353530800598975,0.85096376861512,0.999765323016076,0.999791880761836,"cognps_random_slope"
"3256","SCARB2","Mic P2RY12",-0.111091770779369,6.97304769264968,0.114325959796465,0.735469136978433,0.979821245118598,0.99385002985584,"cognps_random_slope"
"3257","SHROOM3","Mic P2RY12",1.74667966419829,2.78885243450214,2.96342718606604,0.0860272050889239,0.511558903961466,0.596695508575108,"cognps_random_slope"
"3258","SEPT11","Mic P2RY12",-0.0690320263352017,5.72226247161785,0.047233176366777,0.828072908265674,0.99852595020559,0.999791880761836,"cognps_random_slope"
"3259","CCNI","Mic P2RY12",-0.286355932049106,7.34469070049659,1.37272978383912,0.24211906123137,0.723853704394118,0.78507412470175,"cognps_random_slope"
"3260","CCNG2","Mic P2RY12",0.0192718610017893,5.53067147678981,0.000787118111927925,0.97763334805203,0.999765323016076,0.999791880761836,"cognps_random_slope"
"3261","CXCL13","Mic P2RY12",-0.744114419939641,2.92704286807982,0.450168103449542,0.502685819255263,0.890035562007543,0.924712535641813,"cognps_random_slope"
"3262","CNOT6L","Mic P2RY12",-0.551361166409832,6.88104984357079,2.97777306623569,0.0852743337429164,0.509025098658718,0.595595179861583,"cognps_random_slope"
"3263","MRPL1","Mic P2RY12",0.0141810789345438,6.10032990014521,0.00215993838157292,0.962957347014375,0.999765323016076,0.999791880761836,"cognps_random_slope"
"3264","FRAS1","Mic P2RY12",2.08184245457813,3.25030127974217,6.99534907269142,0.00853050344338912,0.184382704265899,0.254391799115354,"cognps_random_slope"
"3265","LINC01094","Mic P2RY12",-0.428642079779524,8.09703211980658,1.86969562747496,0.172363923856714,0.645637135364231,0.722173203526035,"cognps_random_slope"
"3266","BMP2K","Mic P2RY12",-0.259227498205172,10.3388480337129,1.10960940699113,0.292874090336642,0.757810479807648,0.818602326635208,"cognps_random_slope"
"3267","PAQR3","Mic P2RY12",-0.744469000505069,5.42257144675205,1.39927258908178,0.23762682263156,0.718723546421893,0.780382658415809,"cognps_random_slope"
"3268","LINC01088","Mic P2RY12",-0.351686143933272,4.16444448423294,0.273912649844895,0.601041459508225,0.936283425111275,0.959054741582592,"cognps_random_slope"
"3269","ANTXR2","Mic P2RY12",1.07761850895232,2.52089645055604,0.817397302306052,0.366547460788658,0.811562709840244,0.862405100667332,"cognps_random_slope"
"3270","PRDM8","Mic P2RY12",0.984252949937987,2.83557170677618,1.09585115438246,0.295881468394525,0.760181663718371,0.820779427630148,"cognps_random_slope"
"3271","CFAP299","Mic P2RY12",0.603721479567619,2.75444560699785,0.436962892299472,0.570334702652673,0.923355952776136,0.949247646187554,"cognps_random_slope"
"3272","RASGEF1B","Mic P2RY12",-0.90262704883511,7.59488354987363,1.5585863708924,0.212684455733026,0.693021026148977,0.759234670333087,"cognps_random_slope"
"3273","HNRNPD","Mic P2RY12",-0.283350270293621,7.48993753611188,2.29392562151497,0.130759431053631,0.591809296756693,0.669219809264844,"cognps_random_slope"
"3274","AC124016.1","Mic P2RY12",-0.0199516870373976,3.15271483184776,0.001234632261895,0.971989725844254,0.999765323016076,0.999791880761836,"cognps_random_slope"
"3275","HNRNPDL","Mic P2RY12",-0.165069961260152,7.46555003795404,0.426978897239263,0.513892647366858,0.894942542151003,0.92830484233112,"cognps_random_slope"
"3276","ENOPH1","Mic P2RY12",-0.0512489646183814,4.86905307936247,0.0154552569861793,0.901132023779272,0.999765323016076,0.999791880761836,"cognps_random_slope"
"3277","TMEM150C","Mic P2RY12",2.47336650339838,2.83179508660944,7.38078169543421,0.00691110170670842,0.164503861406038,0.226752653923492,"cognps_random_slope"
"3278","SCD5","Mic P2RY12",0.490505843774024,4.66723114324688,0.907371335629789,0.341452623720067,0.792405774789648,0.845625767302657,"cognps_random_slope"
"3279","SEC31A","Mic P2RY12",0.0216846324514121,7.37450389696149,0.00869443767213714,0.925761668628378,0.999765323016076,0.999791880761836,"cognps_random_slope"
"3280","THAP9","Mic P2RY12",-0.708354351047879,3.33206678163487,1.08793901821641,0.297628947061447,0.761720364612185,0.822068227825695,"cognps_random_slope"
"3281","LIN54","Mic P2RY12",-0.0167593351277952,5.40367930365204,0.00258549660907595,0.959475047930064,0.999765323016076,0.999791880761836,"cognps_random_slope"
"3282","COPS4","Mic P2RY12",0.576339762000037,5.15687587672394,2.4021888048461,0.122045153609878,0.581048777697984,0.660503517595267,"cognps_random_slope"
"3283","PLAC8","Mic P2RY12",1.1820038692782,5.65522423152373,1.59311712078893,0.207699268265023,0.689125499881054,0.754565524912219,"cognps_random_slope"
"3284","AC114781.2","Mic P2RY12",0.694439139288385,4.59047732889866,2.10715164435,0.147483769419174,0.614151119169224,0.691886074221781,"cognps_random_slope"
"3285","COQ2","Mic P2RY12",0.152290738521857,5.26092407207209,0.157064720012918,0.893337208575961,0.999765323016076,0.999791880761836,"cognps_random_slope"
"3286","HPSE","Mic P2RY12",0.309259319218887,5.72926765563581,0.273654657039474,0.601212822886359,0.936283425111275,0.959054741582592,"cognps_random_slope"
"3287","HELQ","Mic P2RY12",-0.11124775958797,5.68569870657034,0.105982689198715,0.744954306958272,0.982244103840787,0.994674014762625,"cognps_random_slope"
"3288","MRPS18C","Mic P2RY12",-0.0536391756518195,4.67012559242652,0.0157440549735143,0.900217378400512,0.999765323016076,0.999791880761836,"cognps_random_slope"
"3289","ABRAXAS1","Mic P2RY12",-0.573835220961296,4.21852631363341,1.33101379518372,0.249391093637829,0.729301365236868,0.789201257695949,"cognps_random_slope"
"3290","GPAT3","Mic P2RY12",0.063421322834091,4.78028783394424,0.0085149193576258,0.926529882037858,0.999765323016076,0.999791880761836,"cognps_random_slope"
"3291","CDS1","Mic P2RY12",0.671106094174201,4.52307801865503,1.52502827005203,0.217666368037093,0.698281577604405,0.764142105183633,"cognps_random_slope"
"3292","WDFY3","Mic P2RY12",-0.238436989806129,9.37091142127421,0.524588200943894,0.469361935273145,0.87335730277637,0.911989958554649,"cognps_random_slope"
"3293","ARHGAP24","Mic P2RY12",-0.165020119198722,11.4763238368432,0.34281051275129,0.558578635415539,0.918033962506305,0.945215806277844,"cognps_random_slope"
"3294","MAPK10","Mic P2RY12",0.850565915941983,6.0956338973736,2.78098666200486,0.0962598704746314,0.534469259625042,0.619630650615849,"cognps_random_slope"
"3295","AC104827.1","Mic P2RY12",0.726791269824333,2.7233231879786,0.412399187629879,0.521163422486539,0.898203681089643,0.930815712062428,"cognps_random_slope"
"3296","PTPN13","Mic P2RY12",0.883377000208058,4.49293790543548,2.15876848442645,0.142632480997702,0.608731808232551,0.685639506203241,"cognps_random_slope"
"3297","AC093827.5","Mic P2RY12",0.0558721783760511,3.91706674276183,0.00814831772986035,0.928124475908269,0.999765323016076,0.999791880761836,"cognps_random_slope"
"3298","AFF1","Mic P2RY12",-0.243893520866112,9.11418277560309,0.834100730519654,0.36170129773897,0.809120799461542,0.859782073141074,"cognps_random_slope"
"3299","KLHL8","Mic P2RY12",-0.719939550237776,6.86222167399477,7.36270973792867,0.00697947008435025,0.16554314796527,0.227716574604452,"cognps_random_slope"
"3300","HSD17B13","Mic P2RY12",0.0242425942331465,3.18890673224888,0.000595133658800372,0.980550778740664,0.999765323016076,0.999791880761836,"cognps_random_slope"
"3301","HSD17B11","Mic P2RY12",-0.235388725889009,6.46352553784748,0.577104130712446,0.447947338152783,0.86014361349555,0.901347539784763,"cognps_random_slope"
"3302","NUDT9","Mic P2RY12",0.216093438266629,5.01987691140145,0.266823318718823,0.605788208235689,0.938251396993456,0.96063951285617,"cognps_random_slope"
"3303","SPARCL1","Mic P2RY12",1.05923290014877,7.18878760668795,2.52976345247479,0.112595604486981,0.564329822206441,0.647368423306744,"cognps_random_slope"
"3304","AC093895.1","Mic P2RY12",-0.0511352521698462,3.16586267106041,0.00160205094744235,0.968094904636686,0.999765323016076,0.999791880761836,"cognps_random_slope"
"3305","SPP1","Mic P2RY12",-2.54179895476638,10.8293256619848,8.80890221816462,0.00319841228408533,0.114832782708479,0.164583390017445,"cognps_random_slope"
"3306","PKD2","Mic P2RY12",-0.219139567536259,8.21949512294697,0.920090547891354,0.338095629149774,0.790943473347887,0.844859240409862,"cognps_random_slope"
"3307","ABCG2","Mic P2RY12",1.79200914295316,3.60781884217641,3.5258373858997,0.0612283808701826,0.45559218880695,0.547558051058416,"cognps_random_slope"
"3308","PPM1K","Mic P2RY12",0.975040389109114,6.48227568703302,9.01438677517853,0.00286592516236588,0.11004659914288,0.157590933623265,"cognps_random_slope"
"3309","HERC6","Mic P2RY12",1.85991671074668,5.09169246911544,6.67405548270747,0.0101766611954646,0.201443776485113,0.275099312532074,"cognps_random_slope"
"3310","HERC5","Mic P2RY12",1.35072750559748,4.61105228438188,3.76715602217145,0.0530494762749593,0.431118033845262,0.523624991942937,"cognps_random_slope"
"3311","PYURF","Mic P2RY12",0.21989286298064,3.73446207844918,0.123114776139969,0.82770367766891,0.998295111550812,0.999791880761836,"cognps_random_slope"
"3312","HERC3","Mic P2RY12",0.0183508623148987,6.28834561336855,0.0032502964896371,0.95456779885692,0.999765323016076,0.999791880761836,"cognps_random_slope"
"3313","NAP1L5","Mic P2RY12",1.63844910350245,3.10683193207473,2.71071749941631,0.100549705322058,0.540500040521822,0.625940567937586,"cognps_random_slope"
"3314","FAM13A-AS1","Mic P2RY12",-0.107150287685635,5.36074757817021,0.0901891687982387,0.764110328582907,0.98423652341729,0.996228907152627,"cognps_random_slope"
"3315","FAM13A","Mic P2RY12",-0.135647173518852,8.73027648324514,0.0817774005983871,0.775067678439045,0.988006094248173,0.998208143973629,"cognps_random_slope"
"3316","GPRIN3","Mic P2RY12",-0.465278239513777,8.08264131481323,1.57262580801544,0.210640613953148,0.691204591969072,0.757122512886428,"cognps_random_slope"
"3317","AC097478.1","Mic P2RY12",-1.14437833764428,2.81715951720769,1.22125509821352,0.269853264090628,0.7436443808366,0.803327988713777,"cognps_random_slope"
"3318","SNCA","Mic P2RY12",-0.891226254287045,8.23054436576779,6.6762013076504,0.010164644602863,0.201443776485113,0.275099312532074,"cognps_random_slope"
"3319","MMRN1","Mic P2RY12",-0.60614318082331,5.11740238928408,0.605261499376703,0.437089061638764,0.853603980620968,0.89575564178184,"cognps_random_slope"
"3320","CCSER1","Mic P2RY12",2.20132045156846,5.64732351656936,13.6098376699957,0.000259786897642007,0.0359587299138796,0.0548933450647856,"cognps_random_slope"
"3321","GRID2","Mic P2RY12",0.678481114914061,10.3640321638048,0.780074234805337,0.37770845807029,0.816910377307216,0.867843746648631,"cognps_random_slope"
"3322","SMARCAD1","Mic P2RY12",-0.405060845979746,6.41926858504058,2.60992545565273,0.118838130298665,0.575967372199787,0.655517609017361,"cognps_random_slope"
"3323","HPGDS","Mic P2RY12",0.174857289048803,6.7273489016244,0.10269477232054,0.748805578218866,0.982244103840787,0.994674014762625,"cognps_random_slope"
"3324","PDLIM5","Mic P2RY12",-0.209444435160808,6.25010905339787,0.514250935318894,0.473769917680639,0.876699191829136,0.913624953978404,"cognps_random_slope"
"3325","BMPR1B","Mic P2RY12",0.802911499684196,2.8335729191393,0.625734286808303,0.429445703773498,0.848086940362737,0.891697247435349,"cognps_random_slope"
"3326","UNC5C","Mic P2RY12",0.736088907037947,5.77359546357859,0.591697264690522,0.442268447353983,0.857098982355853,0.89820215706653,"cognps_random_slope"
"3327","STPG2","Mic P2RY12",0.824129754629847,6.78431000607949,2.6408591030069,0.105023229273861,0.548384744933023,0.633725478917267,"cognps_random_slope"
"3328","RAP1GDS1","Mic P2RY12",-0.0161707813333931,7.76235843452548,0.00652304273611733,0.935673486970644,0.999765323016076,0.999791880761836,"cognps_random_slope"
"3329","TSPAN5","Mic P2RY12",0.652737663572295,5.86261305560531,1.83806296233354,0.176028884679882,0.647510916089937,0.723004651230449,"cognps_random_slope"
"3330","EIF4E","Mic P2RY12",-0.530903262967109,6.51077957706932,3.78165715794935,0.0525965896577198,0.430779715700843,0.523388818398865,"cognps_random_slope"
"3331","AC019131.1","Mic P2RY12",0.62182765937364,3.23901676330861,0.509536989320833,0.475802359912008,0.878389230635186,0.914411747013572,"cognps_random_slope"
"3332","METAP1","Mic P2RY12",-0.0656163677051249,5.39316885344242,0.0369187950667306,0.84773892189154,0.999765323016076,0.999791880761836,"cognps_random_slope"
"3333","ADH5","Mic P2RY12",0.0854790888380111,4.5785733882141,0.0439586467329645,0.834049291234784,0.999366959106503,0.999791880761836,"cognps_random_slope"
"3334","AP002026.1","Mic P2RY12",0.344458356268148,3.02968910606074,0.151383999014351,0.697446525998185,0.9695262698091,0.984989885855413,"cognps_random_slope"
"3335","DAPP1","Mic P2RY12",-0.035007492481971,5.4606101600978,0.00613217990918222,0.937626417626941,0.999765323016076,0.999791880761836,"cognps_random_slope"
"3336","LAMTOR3","Mic P2RY12",0.0903905853414295,3.92784265532752,0.0292817692476257,0.864226303461088,0.999765323016076,0.999791880761836,"cognps_random_slope"
"3337","DNAJB14","Mic P2RY12",-0.398480736570416,6.99942658698115,2.91190887277577,0.0970855036779035,0.535628997442398,0.621286596769326,"cognps_random_slope"
"3338","H2AFZ","Mic P2RY12",-0.781907951355324,4.53844532919729,1.7693096976342,0.184310457172164,0.66053662815611,0.731666032451923,"cognps_random_slope"
"3339","AC097460.1","Mic P2RY12",0.716040429362978,2.92325722815628,0.561577594499584,0.454115205872042,0.864954064241031,0.905598852945087,"cognps_random_slope"
"3340","PPP3CA","Mic P2RY12",-0.17810711824196,8.75228107360987,0.793149797050746,0.373744799844454,0.814497133783212,0.865737773104452,"cognps_random_slope"
"3341","BANK1","Mic P2RY12",-1.08591397957938,4.01164371442602,2.38260831649037,0.123572005216472,0.581585286973743,0.660864338941303,"cognps_random_slope"
"3342","NFKB1","Mic P2RY12",-0.237393848890032,7.37870930930567,0.383251013784267,0.536260420497956,0.907124922871798,0.936810708718851,"cognps_random_slope"
"3343","MANBA","Mic P2RY12",-0.0530754668544545,8.61501622155497,0.0340103994033253,0.853788646363009,0.999765323016076,0.999791880761836,"cognps_random_slope"
"3344","UBE2D3","Mic P2RY12",-0.12003578175147,8.10605098889492,0.199477839639446,0.65541147605804,0.955612931885691,0.973592644066785,"cognps_random_slope"
"3345","AC018797.2","Mic P2RY12",0.0481595304917177,3.83254205452159,0.00622582863015309,0.937152930234082,0.999765323016076,0.999791880761836,"cognps_random_slope"
"3346","CISD2","Mic P2RY12",0.203056011854842,4.87910847652587,0.276531025469316,0.599308081728659,0.936283425111275,0.959054741582592,"cognps_random_slope"
"3347","SLC9B1","Mic P2RY12",1.52190101659833,3.97946058544835,5.05061154643502,0.0252229424028848,0.30926817308271,0.399804351000458,"cognps_random_slope"
"3348","SLC9B2","Mic P2RY12",1.41374498365053,2.95950371807167,2.21260880342425,0.137763261164539,0.602128284225921,0.678608226205031,"cognps_random_slope"
"3349","CENPE","Mic P2RY12",0.389291015386343,3.22044694018191,0.204772923001487,0.651168402258662,0.95432062102672,0.973320402368331,"cognps_random_slope"
"3350","AC004053.1","Mic P2RY12",-0.469696637369052,2.36796230808527,0.169068779629113,0.681185655625684,0.963764980353924,0.980589311801902,"cognps_random_slope"
"3351","TET2","Mic P2RY12",-0.207327386487543,8.27090951778619,0.610647209047841,0.435058359102337,0.851842000059713,0.894354947201805,"cognps_random_slope"
"3352","PPA2","Mic P2RY12",-0.137848744616243,7.25177833327424,0.329749341468503,0.998095793139587,0.999765323016076,0.999791880761836,"cognps_random_slope"
"3353","INTS12","Mic P2RY12",-0.564317734068827,5.11745643731137,2.18728801178213,0.140029494919706,0.604966330288465,0.681286841407529,"cognps_random_slope"
"3354","GSTCD","Mic P2RY12",0.162317908397876,5.75648807808557,0.205092021145732,0.977413260453818,0.999765323016076,0.999791880761836,"cognps_random_slope"
"3355","AC109361.1","Mic P2RY12",-0.48365352670995,2.94330744657089,0.317191377554674,0.573651396108446,0.924846697495434,0.950153024578689,"cognps_random_slope"
"3356","TBCK","Mic P2RY12",0.0394304499132902,7.92296448108543,0.0282286290766084,0.866666885921662,0.999765323016076,0.999791880761836,"cognps_random_slope"
"3357","AIMP1","Mic P2RY12",0.0872007907168188,5.36090302889689,0.0614937749203317,0.804291888038004,0.993197797801506,0.999791880761836,"cognps_random_slope"
"3358","PAPSS1","Mic P2RY12",-0.383412673254504,5.81064629835321,1.42415933648039,0.233506675044641,0.714434463989322,0.777129834748533,"cognps_random_slope"
"3359","CYP2U1","Mic P2RY12",-0.634270971421413,3.24854931236919,0.681045321679158,0.481916538457552,0.881268376318615,0.916739510069731,"cognps_random_slope"
"3360","HADH","Mic P2RY12",0.235756691913248,4.75139083614849,0.25541761916485,0.613595528844219,0.940399122416995,0.963142172997874,"cognps_random_slope"
"3361","RPL34-AS1","Mic P2RY12",0.405624203537984,4.41038427706354,0.48972858426082,0.484500820180127,0.881462467904707,0.916739510069731,"cognps_random_slope"
"3362","RPL34","Mic P2RY12",-0.903132027176474,5.36220403913681,3.06725948810857,0.0807365165285675,0.502764896839839,0.590209067813409,"cognps_random_slope"
"3363","OSTC","Mic P2RY12",0.206856379997528,4.94936652305653,0.174117428926054,0.676727132811818,0.962836572976644,0.980096514019067,"cognps_random_slope"
"3364","COL25A1","Mic P2RY12",0.577972143384787,4.34513985106086,0.82917308302715,0.363121666187899,0.809952305023974,0.860821145895817,"cognps_random_slope"
"3365","SEC24B-AS1","Mic P2RY12",0.973818172646614,4.44949095198268,2.39651647397482,0.122485299461615,0.581168825167187,0.660864338941303,"cognps_random_slope"
"3366","SEC24B","Mic P2RY12",-0.137964059999873,7.41419839329526,0.431449811340707,0.511698513079585,0.894038040909977,0.927947472440416,"cognps_random_slope"
"3367","MCUB","Mic P2RY12",-0.154557031121649,5.70727007368457,0.101672429715856,0.750016923767882,0.982244103840787,0.994674014762625,"cognps_random_slope"
"3368","CASP6","Mic P2RY12",0.681273144228574,4.21577399158156,1.77745676540442,0.183305836682988,0.658975646376457,0.730974954200992,"cognps_random_slope"
"3369","PLA2G12A","Mic P2RY12",0.431616080014657,3.5675231909755,0.514532295409455,0.637010201824301,0.950271487556261,0.970261654629741,"cognps_random_slope"
"3370","GAR1","Mic P2RY12",0.224832490905018,4.12453163200139,0.170846385899254,0.828710653080382,0.99852595020559,0.999791880761836,"cognps_random_slope"
"3371","ELOVL6","Mic P2RY12",-0.085367617514398,5.6894819179839,0.0432021364930992,0.83546278050732,0.999366959106503,0.999791880761836,"cognps_random_slope"
"3372","FAM241A","Mic P2RY12",-0.667063990814499,4.57132748502509,1.01492019517199,0.314404337547652,0.770261998566852,0.829537614030808,"cognps_random_slope"
"3373","AP1AR","Mic P2RY12",-0.465039673064578,4.85982055181454,1.24296826844476,0.265644242919963,0.740371152518351,0.799075325556588,"cognps_random_slope"
"3374","TIFA","Mic P2RY12",-0.685746056584122,4.22535540853583,0.682911146469637,0.409134000906428,0.835775307665451,0.882626787103489,"cognps_random_slope"
"3375","ALPK1","Mic P2RY12",0.186138106397932,8.50415516331672,0.330865638136514,0.565509512696094,0.922619062532305,0.948616961587309,"cognps_random_slope"
"3376","ZGRF1","Mic P2RY12",-0.186815154683365,4.57236789133948,0.1644414422043,0.685341016832929,0.965544046107873,0.982156908611486,"cognps_random_slope"
"3377","LARP7","Mic P2RY12",-0.151262324444302,6.28360856586984,0.260499497513996,0.610090326163274,0.938887784751883,0.961650451188632,"cognps_random_slope"
"3378","ANK2","Mic P2RY12",0.959907382948668,7.93123055000716,2.86922611825765,0.091154109201384,0.524546132361985,0.609687733857048,"cognps_random_slope"
"3379","AC093879.1","Mic P2RY12",-1.23409469181702,2.79245448710203,1.22173937160073,0.269758483173271,0.7436443808366,0.803327988713777,"cognps_random_slope"
"3380","CAMK2D","Mic P2RY12",0.053290374187048,8.82724459073688,0.0460337702931987,0.830236029980643,0.999101386294055,0.999791880761836,"cognps_random_slope"
"3381","ARSJ","Mic P2RY12",0.906129119649329,2.963162086882,0.642633730535031,0.423288049145122,0.844241769895193,0.889133617630447,"cognps_random_slope"
"3382","UGT8","Mic P2RY12",-0.184346041210475,3.76683338538795,0.0692322068417598,0.792608664870834,0.991482191536829,0.999791880761836,"cognps_random_slope"
"3383","LINC01378","Mic P2RY12",3.14060959294636,3.51284972779232,11.7636490591873,0.000674109863506942,0.0547499774597366,0.0817086391008818,"cognps_random_slope"
"3384","NDST3","Mic P2RY12",2.60483125340568,3.58136058976203,9.6083001056553,0.00208968498228541,0.0980236001535079,0.139687405868026,"cognps_random_slope"
"3385","SNHG8","Mic P2RY12",-0.0250037502524079,4.8934185937619,0.0013855142956396,0.970328253843912,0.999765323016076,0.999791880761836,"cognps_random_slope"
"3386","METTL14","Mic P2RY12",0.0317019995880093,5.15028445166493,0.0100334733073917,0.920267380322756,0.999765323016076,0.999791880761836,"cognps_random_slope"
"3387","SEC24D","Mic P2RY12",-0.394905183776368,6.95612357691752,0.972209142825649,0.324792743642879,0.779188606795241,0.836229370741199,"cognps_random_slope"
"3388","SYNPO2","Mic P2RY12",1.11556210434731,3.24400752344565,2.0342717977132,0.154655323361856,0.6245385483968,0.702925639576145,"cognps_random_slope"
"3389","MYOZ2","Mic P2RY12",-0.461532957291772,2.65690340275462,0.119030546632506,0.730290018004691,0.977935907494009,0.992754357816929,"cognps_random_slope"
"3390","USP53","Mic P2RY12",-1.23730481392261,8.88266992353239,6.14798144752832,0.0136136658292103,0.232878301111938,0.309632434303005,"cognps_random_slope"
"3391","C4orf3","Mic P2RY12",-0.641774102753859,4.87232847061968,1.29368123280763,0.256127891763817,0.731536632038984,0.792534081775357,"cognps_random_slope"
"3392","PDE5A","Mic P2RY12",-0.555831149630467,4.22847142687942,0.532241153135825,0.466141048630276,0.8711997606249,0.910838700427579,"cognps_random_slope"
"3393","AC108866.1","Mic P2RY12",0.52567658531723,5.43911288465722,1.33814395926694,0.248129357746305,0.727506673637925,0.787883147226809,"cognps_random_slope"
"3394","PRDM5","Mic P2RY12",1.404569718584,2.87051468285133,1.35986023751595,0.24433446942168,0.725879947272006,0.786735146340302,"cognps_random_slope"
"3395","ANXA5","Mic P2RY12",-0.803583848793725,5.863735483851,5.73393790437932,0.0171514137575516,0.256377194572184,0.339971572755438,"cognps_random_slope"
"3396","EXOSC9","Mic P2RY12",-0.337667721305887,4.04307231209689,0.450715131573007,0.502426535190937,0.889985970235902,0.924669896806504,"cognps_random_slope"
"3397","CCNA2","Mic P2RY12",0.589492983019784,2.67846260008867,0.350195495586583,0.554374304218955,0.915359234893125,0.94331516081776,"cognps_random_slope"
"3398","BBS7","Mic P2RY12",-0.676992946242073,4.24071239219258,2.02872992522804,0.494433850721251,0.884891066701007,0.920501574728862,"cognps_random_slope"
"3399","KIAA1109","Mic P2RY12",0.0201044749139901,8.10974964368454,0.00546446101451112,0.941113554867622,0.999765323016076,0.999791880761836,"cognps_random_slope"
"3400","FGF2","Mic P2RY12",0.881839951629778,3.67294695028559,0.91256162730416,0.340077340444078,0.792163844541979,0.845221883585983,"cognps_random_slope"
"3401","NUDT6","Mic P2RY12",-0.646438845637783,4.39765139990623,1.62888634469187,0.202680751267201,0.682946015718705,0.749304594200278,"cognps_random_slope"
"3402","SPATA5","Mic P2RY12",-0.128040298276255,7.69124923136792,0.263972902970766,0.607719286745951,0.93885760879533,0.96134095703673,"cognps_random_slope"
"3403","SPRY1","Mic P2RY12",-1.8899967019581,4.29165039872358,5.55549948098388,0.0189581037522412,0.270561819365053,0.356787202876018,"cognps_random_slope"
"3404","AC093821.1","Mic P2RY12",-2.29593752324823,2.77051442860341,3.70345423283724,0.0550886632389238,0.436313933844455,0.529175079983612,"cognps_random_slope"
"3405","LINC01091","Mic P2RY12",0.0292556999631942,7.00724544307389,0.00144915457827174,0.969654776705247,0.999765323016076,0.999791880761836,"cognps_random_slope"
"3406","ANKRD50","Mic P2RY12",-0.234552448929134,4.32201051757913,0.196947789106476,0.657462755680074,0.955612931885691,0.973592644066785,"cognps_random_slope"
"3407","INTU","Mic P2RY12",1.0812242889756,4.82299784497352,5.99676021159492,0.0148089167456642,0.240314100569536,0.320164629194747,"cognps_random_slope"
"3408","HSPA4L","Mic P2RY12",1.4914873771273,3.81129020362915,1.93566726980207,0.164999812688684,0.636488914749871,0.713766152264858,"cognps_random_slope"
"3409","MFSD8","Mic P2RY12",-0.295317193614108,5.49334927292065,0.94451605094914,0.331772332558313,0.785020583559425,0.841255058124717,"cognps_random_slope"
"3410","ABHD18","Mic P2RY12",-0.15677855075426,6.93385258702449,0.505067730685572,0.47774245905852,0.879636929027367,0.915268767175759,"cognps_random_slope"
"3411","LARP1B","Mic P2RY12",0.375122204797873,6.06735747381502,1.03635388994523,0.309355344887073,0.768143594002532,0.827397442338951,"cognps_random_slope"
"3412","PGRMC2","Mic P2RY12",0.0502547369469287,4.78199601453086,0.0135158063733774,0.907513359060056,0.999765323016076,0.999791880761836,"cognps_random_slope"
"3413","AC108062.1","Mic P2RY12",0.696066141841671,5.54564598107313,2.33870681845159,0.127073357842546,0.586805674861462,0.664903117585682,"cognps_random_slope"
"3414","JADE1","Mic P2RY12",-0.0942591305874079,4.90880402751919,0.0635721470601788,0.801080615383494,0.992196422862696,0.999791880761836,"cognps_random_slope"
"3415","SCLT1","Mic P2RY12",0.404940065928208,7.76905905093614,2.79412379387344,0.0954803169911046,0.532922140027557,0.617843694930587,"cognps_random_slope"
"3416","C4orf33","Mic P2RY12",-0.00248296381131112,4.22424636918198,3.35020598772783e-05,0.995385002403431,0.999765323016076,0.999791880761836,"cognps_random_slope"
"3417","AC096711.2","Mic P2RY12",-0.353393762604639,5.61014278723701,0.509011734779661,0.476029704964301,0.878460570397321,0.914552110098369,"cognps_random_slope"
"3418","AC096711.3","Mic P2RY12",0.765238284954958,2.57063103431358,0.230759404786792,0.631253382791396,0.948140104098994,0.968136565648437,"cognps_random_slope"
"3419","PCDH10","Mic P2RY12",0.993500070638654,3.17107463422158,1.33797579482239,0.248159025270982,0.727506673637925,0.787883147226809,"cognps_random_slope"
"3420","AC131956.2","Mic P2RY12",-0.134711863398438,2.70031309317701,0.0150827519790558,0.902324688308779,0.999765323016076,0.999791880761836,"cognps_random_slope"
"3421","AC109927.1","Mic P2RY12",-0.826861078451,4.92405643194196,1.85108535602767,0.174509310875824,0.646420631530528,0.722173203526035,"cognps_random_slope"
"3422","NOCT","Mic P2RY12",-0.201284614459894,3.42059150682661,0.0706027345190212,0.790613469355194,0.990886185623222,0.999791880761836,"cognps_random_slope"
"3423","ELF2","Mic P2RY12",-0.401567537183948,8.42746067652933,1.33089801246038,0.249411647243233,0.729301365236868,0.789201257695949,"cognps_random_slope"
"3424","NDUFC1","Mic P2RY12",0.233790787277391,4.01273465792548,0.196352850703267,0.657947400824533,0.955612931885691,0.973592644066785,"cognps_random_slope"
"3425","NAA15","Mic P2RY12",-0.563085105833029,7.11843481663877,5.00623037989868,0.025868217252167,0.311274794188488,0.402421321011655,"cognps_random_slope"
"3426","AC097376.2","Mic P2RY12",0.0287877130353307,7.48926552224718,0.0116931999379091,0.913948830046401,0.999765323016076,0.999791880761836,"cognps_random_slope"
"3427","RAB33B","Mic P2RY12",-1.01517645949973,4.48637241704771,5.25456411485262,0.0224662818296346,0.294578652051575,0.382685966710281,"cognps_random_slope"
"3428","SETD7","Mic P2RY12",-0.775983722727573,5.53218327287221,4.56680827302244,0.0332714470101153,0.350570895142168,0.443421255623102,"cognps_random_slope"
"3429","MGST2","Mic P2RY12",-0.148483993639648,7.26029659661815,0.358164419811753,0.549904180472133,0.912109390218929,0.940256030616682,"cognps_random_slope"
"3430","MAML3","Mic P2RY12",-0.0699157056476267,10.6164836983897,0.0960970092688792,0.756744181250298,0.983190954097967,0.995414674993652,"cognps_random_slope"
"3431","SCOC","Mic P2RY12",0.639638127313992,4.19891947663888,1.57222587134845,0.210698511916548,0.691204591969072,0.757124314816477,"cognps_random_slope"
"3432","SCOC-AS1","Mic P2RY12",0.828197501466189,3.74695902863656,1.44298634592575,0.230447218146699,0.712282941519927,0.774109754385822,"cognps_random_slope"
"3433","ELMOD2","Mic P2RY12",0.236185514339695,5.10505515962009,0.366974620693954,0.545040125103709,0.911187963637077,0.940001610338548,"cognps_random_slope"
"3434","TBC1D9","Mic P2RY12",-0.00106287351375408,7.67096627323371,1.02384997264452e-05,0.99744873498319,0.999765323016076,0.999791880761836,"cognps_random_slope"
"3435","RNF150","Mic P2RY12",-0.475108449135698,8.42609100231093,0.541208954409625,0.462411653534784,0.868382647003873,0.908423730301647,"cognps_random_slope"
"3436","ZNF330","Mic P2RY12",-0.282776429639186,5.32945540729577,0.663265063467488,0.415948564292749,0.840045351149859,0.886078729550041,"cognps_random_slope"
"3437","LINC02432","Mic P2RY12",-2.37429340424183,4.47209998256294,6.61266404733754,0.0105267235857522,0.203562226223181,0.276565986303596,"cognps_random_slope"
"3438","IL15","Mic P2RY12",-2.01984055658767,6.1795783923756,9.59625231372609,0.00210307714390081,0.0980236001535079,0.139687405868026,"cognps_random_slope"
"3439","INPP4B","Mic P2RY12",-0.0781074223201137,5.46154847815623,0.012575369069136,0.9107750043338,0.999765323016076,0.999791880761836,"cognps_random_slope"
"3440","AC104596.1","Mic P2RY12",1.13226167282685,4.78167200640561,3.93726374704303,0.0479872831574455,0.412758396401109,0.50625797790576,"cognps_random_slope"
"3441","USP38","Mic P2RY12",-0.974309500117468,4.65403865567095,5.24557505973418,0.0225809113149574,0.294635651496423,0.382685966710281,"cognps_random_slope"
"3442","GAB1","Mic P2RY12",-0.821788634310555,7.89812518956113,2.84470702092057,0.0925425144855175,0.527592886656552,0.612635988723348,"cognps_random_slope"
"3443","SMARCA5","Mic P2RY12",-0.484459213176249,5.94537511938934,3.35124928991357,0.0679813917066997,0.474007442993884,0.565337666964548,"cognps_random_slope"
"3444","GYPE","Mic P2RY12",-1.16267996122535,2.87726560851297,1.41087651394153,0.2356948300171,0.717034210514582,0.77948363543135,"cognps_random_slope"
"3445","HHIP","Mic P2RY12",0.955604272588118,3.14490793067266,1.05781706958824,0.304404831406573,0.76520899374967,0.825154132988,"cognps_random_slope"
"3446","ANAPC10","Mic P2RY12",-0.197720505046339,6.31589045636948,0.457038220502657,0.980598945743889,0.999765323016076,0.999791880761836,"cognps_random_slope"
"3447","ABCE1","Mic P2RY12",-0.520079736549977,5.60148930141263,1.94346776169257,0.164153227951593,0.635601678063941,0.712658294659862,"cognps_random_slope"
"3448","OTUD4","Mic P2RY12",-0.494134555090305,6.20920111228908,3.68404637169322,0.0557263972229135,0.439460331073038,0.532285694680678,"cognps_random_slope"
"3449","MMAA","Mic P2RY12",0.0607212132904777,3.79852252188786,0.0108260110387611,0.917189163378545,0.999765323016076,0.999791880761836,"cognps_random_slope"
"3450","ZNF827","Mic P2RY12",1.58105252256304,2.93042113764074,2.82701554484968,0.0935586295197382,0.529241684474372,0.613677480768129,"cognps_random_slope"
"3451","LSM6","Mic P2RY12",0.00881320481690543,4.1954744402128,0.000373312797412937,0.984595503815999,0.999765323016076,0.999791880761836,"cognps_random_slope"
"3452","SLC10A7","Mic P2RY12",0.181700930364205,6.82578612704433,0.431986560902794,0.511436194527649,0.893696237171081,0.927919604508759,"cognps_random_slope"
"3453","TMEM184C","Mic P2RY12",-0.211192333031868,4.96645110395122,0.322703501435121,0.570341953008931,0.923355952776136,0.949247646187554,"cognps_random_slope"
"3454","PRMT9","Mic P2RY12",0.0693164886439505,5.40077460684692,0.0415299638243801,0.838633642507028,0.999700499758612,0.999791880761836,"cognps_random_slope"
"3455","ARHGAP10","Mic P2RY12",0.428648412024941,3.36813818782857,0.20562402043569,0.650492581996635,0.954157546074635,0.97303063252972,"cognps_random_slope"
"3456","NR3C2","Mic P2RY12",-0.206722798500363,7.0110792136197,0.190088261483567,0.663104763858086,0.95746869307857,0.975129914891805,"cognps_random_slope"
"3457","DCLK2","Mic P2RY12",-0.262664777800423,5.1329749959927,0.164125057355136,0.685627607847129,0.965758052600864,0.982188520146453,"cognps_random_slope"
"3458","LRBA","Mic P2RY12",-0.440252673059199,8.45860919968684,4.93863325802901,0.0268843439640158,0.317157653422876,0.407978920563953,"cognps_random_slope"
"3459","RPS3A","Mic P2RY12",-0.310943178633045,4.8373065024195,0.411599819729492,0.521567295291119,0.898475954781637,0.930932475481216,"cognps_random_slope"
"3460","SH3D19","Mic P2RY12",0.164347619868139,4.77286490367856,0.0650616260645032,0.79881344675348,0.992143902613387,0.999791880761836,"cognps_random_slope"
"3461","FAM160A1","Mic P2RY12",0.48437250055584,2.89442029873801,0.140023652712684,0.708478029156171,0.973207309924008,0.988354461037649,"cognps_random_slope"
"3462","GATB","Mic P2RY12",0.285702216323951,5.24139545873273,0.595391119632982,0.440848657957764,0.855818037073943,0.897260497291077,"cognps_random_slope"
"3463","FBXW7","Mic P2RY12",0.0281646836168135,8.12205947267018,0.0180290322099396,0.893262421660542,0.999765323016076,0.999791880761836,"cognps_random_slope"
"3464","TMEM154","Mic P2RY12",-0.318616637718713,4.99255577342919,0.271735119560337,0.602491055728217,0.937199130938048,0.959694654203117,"cognps_random_slope"
"3465","TIGD4","Mic P2RY12",0.762249911498419,4.19750734818582,0.754838707571812,0.38552801888426,0.821336297323943,0.870877549352018,"cognps_random_slope"
"3466","ARFIP1","Mic P2RY12",0.193157689977666,7.27625769215364,0.498417611926517,0.480653320783679,0.880619779516585,0.916617425491717,"cognps_random_slope"
"3467","FHDC1","Mic P2RY12",0.0227734743907059,3.12667756283799,0.000893485607442435,0.976170381605214,0.999765323016076,0.999791880761836,"cognps_random_slope"
"3468","TRIM2","Mic P2RY12",1.13307746000818,5.31991919784608,5.91196032416631,0.015526181791115,0.246870698504002,0.328908326346273,"cognps_random_slope"
"3469","MND1","Mic P2RY12",-1.9114506347285,2.27719813830864,2.53357638486353,0.112405675383149,0.564329822206441,0.647351219946283,"cognps_random_slope"
"3470","TMEM131L","Mic P2RY12",0.165952936716509,7.6310221282865,0.256875358606473,0.612585606289107,0.940399122416995,0.963142172997874,"cognps_random_slope"
"3471","TLR2","Mic P2RY12",-1.10230521795522,9.28529407015054,6.50709121334876,0.0111580173474913,0.207889373677617,0.280180611332,"cognps_random_slope"
"3472","RNF175","Mic P2RY12",-1.32058400289253,4.56320969081567,3.31683601642612,0.0694044144626229,0.478937134484216,0.56992349430269,"cognps_random_slope"
"3473","AC020703.1","Mic P2RY12",-0.74665473156031,3.65958047479005,0.997711794776394,0.318536421116507,0.774003395974804,0.83162335664508,"cognps_random_slope"
"3474","DCHS2","Mic P2RY12",1.99493698804952,2.41191155550645,3.02836856205237,0.0826756488427359,0.505420462602119,0.593030725533821,"cognps_random_slope"
"3475","PLRG1","Mic P2RY12",-0.333585565611145,4.18770997573674,0.576761051489595,0.448082207430111,0.860161513113812,0.901347539784763,"cognps_random_slope"
"3476","MAP9","Mic P2RY12",0.318895050447836,3.98461744456161,0.303656002981061,0.581941635580637,0.927859733775962,0.9522571873954,"cognps_random_slope"
"3477","GUCY1A1","Mic P2RY12",0.218066392378165,5.98621081787591,0.110499881564962,0.739769416191548,0.980436558830992,0.994247512606934,"cognps_random_slope"
"3478","GUCY1B1","Mic P2RY12",1.35254362567931,4.01109466013693,4.43455456885025,0.0359111502300331,0.361838589648627,0.455293533828647,"cognps_random_slope"
"3479","CTSO","Mic P2RY12",-0.572504575414857,4.00846227315835,0.870353522035824,0.351483374784633,0.800372223657189,0.851991290016089,"cognps_random_slope"
"3480","PDGFC","Mic P2RY12",-0.893208125153291,7.47221764455954,3.69186434939389,0.0554685610824433,0.438286666902018,0.531014314056766,"cognps_random_slope"
"3481","GLRB","Mic P2RY12",1.14492872369424,3.59952569914329,1.9523664088176,0.163193536725666,0.633478921598325,0.710544280703,"cognps_random_slope"
"3482","GRIA2","Mic P2RY12",1.96954818969728,5.90709706938403,10.4288696176775,0.00135484626516281,0.0790235064629936,0.112004254025623,"cognps_random_slope"
"3483","FAM198B","Mic P2RY12",-0.523232363255631,6.02686109128578,1.50386585657885,0.220879833494356,0.701884026970417,0.766274263749453,"cognps_random_slope"
"3484","FAM198B-AS1","Mic P2RY12",-1.01874563376391,5.4025694494697,2.38175852203428,0.12363875071558,0.581585286973743,0.660864338941303,"cognps_random_slope"
"3485","AC098679.1","Mic P2RY12",-0.0949139417633156,4.29015213135353,0.0223438054387174,0.881259907932068,0.999765323016076,0.999791880761836,"cognps_random_slope"
"3486","TMEM144","Mic P2RY12",-0.586730367680025,6.17808788927423,1.75720452539423,0.185815020476705,0.66158543684995,0.733047892028218,"cognps_random_slope"
"3487","RXFP1","Mic P2RY12",0.052072162668054,3.26155933464739,0.00551521020173289,0.940841245026409,0.999765323016076,0.999791880761836,"cognps_random_slope"
"3488","ETFDH","Mic P2RY12",-0.0524638324077668,5.13263644142495,0.0164059328786352,0.898152789312162,0.999765323016076,0.999791880761836,"cognps_random_slope"
"3489","PPID","Mic P2RY12",-0.232984152322116,5.24531297840251,0.172003706465892,0.678584442322813,0.963092611004913,0.980181131380842,"cognps_random_slope"
"3490","FNIP2","Mic P2RY12",-0.481198977071117,8.2531781387606,2.21981669296799,0.137125718325195,0.601269752075375,0.678086167366028,"cognps_random_slope"
"3491","C4orf45","Mic P2RY12",-1.06849979726224,3.14905429096131,1.36952671516595,0.242668145062634,0.72427523652213,0.785266733233399,"cognps_random_slope"
"3492","RAPGEF2","Mic P2RY12",-0.122459424627609,8.40457418428931,0.190194281313548,0.663016645874452,0.957462151803638,0.975129914891805,"cognps_random_slope"
"3493","FSTL5","Mic P2RY12",3.00413380633241,4.05768819070314,17.5738371380227,3.48294708529211e-05,0.0145859293406249,0.0231971464539733,"cognps_random_slope"
"3494","NAF1","Mic P2RY12",-0.868697067653935,5.55155904874216,4.54972826615476,0.0336005776754429,0.351240563946647,0.444299882398935,"cognps_random_slope"
"3495","NPY1R","Mic P2RY12",-0.848311915782206,3.83389833521053,1.03322533602782,0.310085681471169,0.768573804238758,0.828107283673006,"cognps_random_slope"
"3496","TMA16","Mic P2RY12",-0.434291026570467,4.85464882293732,1.13395586271598,0.287647550669748,0.754255972880221,0.814647163364235,"cognps_random_slope"
"3497","MARCH1","Mic P2RY12",-0.0645921052040417,9.61299962772318,0.0303893371535169,0.861707848981795,0.999765323016076,0.999791880761836,"cognps_random_slope"
"3498","TMEM192","Mic P2RY12",0.0233249892155767,5.98827456329572,0.00706407147136762,0.933065009404346,0.999765323016076,0.999791880761836,"cognps_random_slope"
"3499","KLHL2","Mic P2RY12",-0.552536595433107,7.48031140276103,1.25089056849484,0.264128975663315,0.738205942246402,0.797819654538769,"cognps_random_slope"
"3500","GK3P","Mic P2RY12",-2.26997803664279,3.44099004999049,5.0191535646493,0.0256785634573662,0.311216179618471,0.402162153627309,"cognps_random_slope"
"3501","MSMO1","Mic P2RY12",1.27504371748497,4.09485435840026,3.02532015409133,0.082829764216498,0.505420462602119,0.593030725533821,"cognps_random_slope"
"3502","CPE","Mic P2RY12",1.23188116811078,5.24108942926378,3.53113258963103,0.0610351349321641,0.455263637649913,0.547112791378053,"cognps_random_slope"
"3503","SPOCK3","Mic P2RY12",0.723449847479104,4.68499041194996,1.29075338970974,0.256665679624153,0.731824845243249,0.792916016044342,"cognps_random_slope"
"3504","DDX60","Mic P2RY12",1.36622169912108,5.80063832510087,6.90954157441726,0.00894132571793311,0.190194771342892,0.260779027568955,"cognps_random_slope"
"3505","DDX60L","Mic P2RY12",0.233143469586114,6.92967742341534,0.309271630262092,0.578473324327487,0.926179333251213,0.951183801105914,"cognps_random_slope"
"3506","PALLD","Mic P2RY12",0.853098475690228,4.27390710327867,2.66090444075016,0.103717614479207,0.546388659089328,0.63163876258902,"cognps_random_slope"
"3507","CBR4","Mic P2RY12",0.135106734731095,7.32607983698565,0.262399579161697,0.60879082367891,0.93885760879533,0.961459183207151,"cognps_random_slope"
"3508","SH3RF1","Mic P2RY12",-0.115248981059708,7.23984639666011,0.077171310509471,0.781327637435503,0.990020960532974,0.999508397105588,"cognps_random_slope"
"3509","NEK1","Mic P2RY12",-0.206262523525993,6.80417951058718,0.674793322920272,0.411929644565859,0.83741947312304,0.883966670163459,"cognps_random_slope"
"3510","CLCN3","Mic P2RY12",0.188093253552217,6.52602320911027,0.504987976137074,0.871616511618536,0.999765323016076,0.999791880761836,"cognps_random_slope"
"3511","HPF1","Mic P2RY12",-0.0261310183553429,4.62072476275444,0.00394402593433018,0.949959476880084,0.999765323016076,0.999791880761836,"cognps_random_slope"
"3512","MFAP3L","Mic P2RY12",0.184430976401977,3.24606023521104,0.0458391627218644,0.830589772509303,0.999278422244518,0.999791880761836,"cognps_random_slope"
"3513","GALNTL6","Mic P2RY12",0.169993981468974,5.19702426578205,0.0356508921550071,0.850344762510888,0.999765323016076,0.999791880761836,"cognps_random_slope"
"3514","AC105285.1","Mic P2RY12",0.402364496709332,4.73685987972965,0.500433315604117,0.479767950701321,0.880549559893777,0.916263961146097,"cognps_random_slope"
"3515","GALNT7","Mic P2RY12",-0.126809229229638,6.89644546167148,0.239667685547105,0.624744708654803,0.9451521296561,0.966134248427118,"cognps_random_slope"
"3516","HMGB2","Mic P2RY12",-1.98968421025318,3.95561562796304,9.96834613897214,0.00172712310480751,0.0911227430217535,0.129793301326284,"cognps_random_slope"
"3517","AC097534.2","Mic P2RY12",-1.43072334556396,3.29699421382499,2.59546286237086,0.108047413609091,0.556259465914494,0.640696722729342,"cognps_random_slope"
"3518","SAP30","Mic P2RY12",-2.16181454767214,5.05920642889998,11.3500367368416,0.000836193094168064,0.0605720197564661,0.0889244023963161,"cognps_random_slope"
"3519","SCRG1","Mic P2RY12",-2.70517763817909,3.6931836779659,12.095677037747,0.000567329327956627,0.0500182916049129,0.0761335696356081,"cognps_random_slope"
"3520","FBXO8","Mic P2RY12",0.0384012033637037,3.96700904196019,0.00386390128820535,0.950469719871858,0.999765323016076,0.999791880761836,"cognps_random_slope"
"3521","CEP44","Mic P2RY12",0.380014378807289,4.8251457100901,0.882061996472308,0.348267891333384,0.797345383686804,0.848740634538011,"cognps_random_slope"
"3522","GLRA3","Mic P2RY12",0.899090534665499,2.75860286180259,1.02399330732739,0.312253990868443,0.769796612435867,0.828989115276752,"cognps_random_slope"
"3523","GPM6A","Mic P2RY12",1.45895093807325,6.18984561051788,6.10841760695132,0.0139164059988837,0.234583341875523,0.31280695238767,"cognps_random_slope"
"3524","WDR17","Mic P2RY12",1.76875501230161,4.50259083581556,8.38023770516216,0.00402478189800955,0.130595889140983,0.185192922405047,"cognps_random_slope"
"3525","AC019163.1","Mic P2RY12",0.0679705361324671,3.86998326933316,0.0129861268763054,0.909335718604033,0.999765323016076,0.999791880761836,"cognps_random_slope"
"3526","SPCS3","Mic P2RY12",0.0740657793511843,6.11583082823838,0.0388222756734228,0.84391247967903,0.999765323016076,0.999791880761836,"cognps_random_slope"
"3527","AGA","Mic P2RY12",-0.31479639338395,3.73474008889274,0.273150425477595,0.601548039778823,0.936283425111275,0.959054741582592,"cognps_random_slope"
"3528","AC078881.1","Mic P2RY12",0.36523686472533,5.76981576203116,0.698368291590832,0.403887383661255,0.831923582607513,0.879432206359184,"cognps_random_slope"
"3529","AC104803.1","Mic P2RY12",2.35625612736227,2.44938858268781,2.22066158178626,0.137051204870017,0.601269752075375,0.678086167366028,"cognps_random_slope"
"3530","TENM3","Mic P2RY12",1.87554309681951,4.14439593175592,6.52874801807749,0.0110254076305345,0.20722492017867,0.279039130906717,"cognps_random_slope"
"3531","DCTD","Mic P2RY12",-0.0281995759664687,5.23477837201402,0.00760758517134329,0.930544016558511,0.999765323016076,0.999791880761836,"cognps_random_slope"
"3532","WWC2","Mic P2RY12",-0.656935611433503,7.63753859150702,8.14807890842983,0.00456049706965616,0.138269731290638,0.194359936550847,"cognps_random_slope"
"3533","CDKN2AIP","Mic P2RY12",-0.39408589136066,3.50812196078625,0.357314367289062,0.550377779960678,0.912484551435488,0.940568242348434,"cognps_random_slope"
"3534","AC107214.1","Mic P2RY12",0.141248267490811,4.20625758752052,0.080798852517824,0.776381330268829,0.989000590012602,0.998913820141765,"cognps_random_slope"
"3535","ING2","Mic P2RY12",0.803613733210518,3.46948991349064,1.3632371245637,0.243750769707364,0.725752099942929,0.786644664417554,"cognps_random_slope"
"3536","RWDD4","Mic P2RY12",-0.319415822124142,4.20619606996439,0.5102446068778,0.475496362616827,0.878273477090989,0.914353483996258,"cognps_random_slope"
"3537","TRAPPC11","Mic P2RY12",-0.0137486483598573,6.36594911339922,0.00325729938535787,0.954518935637478,0.999765323016076,0.999791880761836,"cognps_random_slope"
"3538","STOX2","Mic P2RY12",1.91211392558033,3.8201482694396,9.20292460333737,0.00259192109867435,0.109227467431871,0.155826296452302,"cognps_random_slope"
"3539","IRF2","Mic P2RY12",0.290628377798466,7.27422420727174,1.30359920476632,0.254316478248577,0.730999570367813,0.79214769302489,"cognps_random_slope"
"3540","CASP3","Mic P2RY12",-0.278365698644044,4.59648976438249,0.445830354460734,0.504749982736618,0.891090914075268,0.925470751528714,"cognps_random_slope"
"3541","PRIMPOL","Mic P2RY12",0.244673201703368,5.75970957992323,0.45225007561821,0.501700209745177,0.889628842223565,0.924228102010534,"cognps_random_slope"
"3542","CENPU","Mic P2RY12",-0.721826664589855,2.48514057250374,0.426452574683106,0.514152022371807,0.894942542151003,0.92830484233112,"cognps_random_slope"
"3543","ACSL1","Mic P2RY12",-1.34652929925508,8.95522437976737,2.21322849227178,0.137708318432836,0.602128284225921,0.678608226205031,"cognps_random_slope"
"3544","AC084871.2","Mic P2RY12",-3.47189079980873,4.41795886622282,12.7838806705137,0.000397373042553162,0.0410300432851386,0.0624245587023359,"cognps_random_slope"
"3545","SLC25A4","Mic P2RY12",1.32263314198064,4.19111398358445,2.86599185924249,0.0913359429899635,0.525220113994752,0.610153299020831,"cognps_random_slope"
"3546","CFAP97","Mic P2RY12",-0.19298018643618,5.49896820979459,0.267435348001213,0.605375280974415,0.93809367950256,0.960395870070241,"cognps_random_slope"
"3547","SNX25","Mic P2RY12",-0.35668661652532,6.45297473158352,1.22944824528807,0.548901615776268,0.91189570676601,0.940046630323137,"cognps_random_slope"
"3548","LRP2BP","Mic P2RY12",0.444600610664254,3.42490638671765,0.429940182507654,0.512437548882217,0.89451290772054,0.928242370203244,"cognps_random_slope"
"3549","AC112722.1","Mic P2RY12",-0.716626286760242,3.76199287477556,1.21574532347165,0.270934570114453,0.744150591955715,0.804028506921564,"cognps_random_slope"
"3550","ANKRD37","Mic P2RY12",-0.920536468118489,4.10024383871141,1.21857392513717,0.270378773285938,0.744149710936582,0.803862514009163,"cognps_random_slope"
"3551","UFSP2","Mic P2RY12",0.0549986500696605,4.73153589531544,0.0182853522327512,0.892510945102983,0.999765323016076,0.999791880761836,"cognps_random_slope"
"3552","C4orf47","Mic P2RY12",1.11735069064186,2.88323952134111,1.01367626335973,0.314700662562567,0.770261998566852,0.829537614030808,"cognps_random_slope"
"3553","SORBS2","Mic P2RY12",1.49605646967071,4.25953178166155,5.08459691241807,0.0247401806936688,0.305288362316625,0.396141600666734,"cognps_random_slope"
"3554","TLR3","Mic P2RY12",-0.204820495476362,4.53885715292076,0.12675194281268,0.722032554378392,0.97571529536985,0.991568360393753,"cognps_random_slope"
"3555","FAM149A","Mic P2RY12",-0.109884295553371,8.93835701192804,0.0702537079981125,0.791119596068468,0.990886185623222,0.999791880761836,"cognps_random_slope"
"3556","CYP4V2","Mic P2RY12",0.318079908518835,4.50645758947945,0.432401301588134,0.51123366362096,0.893659673987929,0.927919604508759,"cognps_random_slope"
"3557","KLKB1","Mic P2RY12",1.02428865622117,3.41450787859818,1.62773944106188,0.202839423018387,0.682946015718705,0.749304594200278,"cognps_random_slope"
"3558","FRG1-DT","Mic P2RY12",0.0106613759438975,5.44576573454169,0.00049752164042517,0.982216876983178,0.999765323016076,0.999791880761836,"cognps_random_slope"
"3559","FRG1","Mic P2RY12",-0.401658576190598,4.44625259168519,0.72684900286723,0.394473878082411,0.826555140171374,0.876241240285315,"cognps_random_slope"
"3560","CCDC127","Mic P2RY12",0.157021626054008,3.27558031964507,0.0462609305494505,0.879782769905926,0.999765323016076,0.999791880761836,"cognps_random_slope"
"3561","SDHA","Mic P2RY12",-0.102387769593569,5.6484185027397,0.125592183165276,0.723254428649746,0.976701705810179,0.991930363476945,"cognps_random_slope"
"3562","PDCD6","Mic P2RY12",0.0448760550973858,5.93974029099403,0.0243828980958766,0.876002212724347,0.999765323016076,0.999791880761836,"cognps_random_slope"
"3563","AHRR","Mic P2RY12",2.35643077107242,3.01464430132417,4.46609873608654,0.0352621840231251,0.358262720313798,0.452012408492564,"cognps_random_slope"
"3564","EXOC3-AS1","Mic P2RY12",-1.0918009277348,3.17067394355732,1.96167963767431,0.162196013420646,0.631992965964721,0.70895413987356,"cognps_random_slope"
"3565","EXOC3","Mic P2RY12",0.0440137239861167,5.9323765549094,0.0218154150395408,0.882661971016258,0.999765323016076,0.999791880761836,"cognps_random_slope"
"3566","CEP72","Mic P2RY12",0.608546044940015,3.3123500676926,0.735247068610409,0.401745408093273,0.829881589272977,0.878039616226327,"cognps_random_slope"
"3567","TPPP","Mic P2RY12",0.910434345545019,3.8036559033951,2.0928969259623,0.148856244678594,0.615548090651324,0.692724057787567,"cognps_random_slope"
"3568","BRD9","Mic P2RY12",0.0960822851723202,5.59255989068651,0.0714101825198234,0.83885034939832,0.999700499758612,0.999791880761836,"cognps_random_slope"
"3569","SLC12A7","Mic P2RY12",-0.170773974285351,5.92211921577654,0.248674505487152,0.618314813446173,0.941924926164701,0.963917775753802,"cognps_random_slope"
"3570","CLPTM1L","Mic P2RY12",0.245602413807248,5.12250946321502,0.367232923651425,0.546100536435643,0.911390090599752,0.940041033146701,"cognps_random_slope"
"3571","LPCAT1","Mic P2RY12",-0.331683032427098,5.84737956699244,0.358096459164959,0.549942016067252,0.912109390218929,0.940256030616682,"cognps_random_slope"
"3572","MRPL36","Mic P2RY12",0.0302082183606606,3.15259347535057,0.000995010678741953,0.974853368953523,0.999765323016076,0.999791880761836,"cognps_random_slope"
"3573","NDUFS6","Mic P2RY12",0.826380220460481,4.7458595902405,4.10302835262064,0.0646142014026437,0.465034861974666,0.556427490688542,"cognps_random_slope"
"3574","ICE1","Mic P2RY12",0.0688311083205311,6.37669468517213,0.077121458390872,0.781396476837973,0.990020960532974,0.999508397105588,"cognps_random_slope"
"3575","LINC02145","Mic P2RY12",1.15074441644362,3.21002469369963,1.85401977634026,0.174168992416425,0.646420631530528,0.722173203526035,"cognps_random_slope"
"3576","MED10","Mic P2RY12",0.00753693563624527,4.89527337767644,0.000387255898687352,0.984310501256191,0.999765323016076,0.999791880761836,"cognps_random_slope"
"3577","UBE2QL1","Mic P2RY12",2.05552365531945,3.05396019910374,4.86606643762901,0.0280217060274963,0.323566513340549,0.416055289184935,"cognps_random_slope"
"3578","NSUN2","Mic P2RY12",0.0690932031713016,5.80696175709398,0.0442205496294135,0.83356290540223,0.999366959106503,0.999791880761836,"cognps_random_slope"
"3579","SRD5A1","Mic P2RY12",-0.231499133746068,4.77761896012259,0.32806061562814,0.567161224367136,0.922925953141032,0.948745471623017,"cognps_random_slope"
"3580","TENT4A","Mic P2RY12",-0.0745716513521263,6.56353642143202,0.0535599596354652,0.817112187709329,0.995084767910246,0.999791880761836,"cognps_random_slope"
"3581","ADCY2","Mic P2RY12",1.1534877578,4.31800276260071,3.91682279074204,0.0485675089664207,0.415508112498131,0.509238377818196,"cognps_random_slope"
"3582","MTRR","Mic P2RY12",0.273009467541682,4.77894755094057,0.457300336210334,0.579756583285379,0.927015627324587,0.951730333765552,"cognps_random_slope"
"3583","FASTKD3","Mic P2RY12",-1.3510868703582,3.05758522432092,3.08829006493999,0.0797084819964202,0.499146433286928,0.58649729980721,"cognps_random_slope"
"3584","SEMA5A","Mic P2RY12",-0.300968264261954,3.41508069880114,0.113162775212855,0.736767898284066,0.980212410386394,0.994092085799988,"cognps_random_slope"
"3585","FAM173B","Mic P2RY12",1.41627078224328,4.98684865946319,7.62881416050643,0.00603924548767055,0.154741440098952,0.213408761002402,"cognps_random_slope"
"3586","CCT5","Mic P2RY12",-0.268764106091179,5.57358029372653,0.316910987623866,0.573820751131968,0.924846697495434,0.950153024578689,"cognps_random_slope"
"3587","MARCH6","Mic P2RY12",-0.16903026075887,7.3445389930662,0.664346113222511,0.415569229813765,0.840020089435867,0.886043564054802,"cognps_random_slope"
"3588","ANKRD33B","Mic P2RY12",1.99352894898478,2.79616389670744,3.70629998423259,0.0549958083903937,0.436313933844455,0.529175079983612,"cognps_random_slope"
"3589","DAP","Mic P2RY12",-0.341234399212292,6.79720039094397,1.71291890774484,0.191442815831945,0.668976577565552,0.738884345436085,"cognps_random_slope"
"3590","CTNND2","Mic P2RY12",2.10030114298549,5.4660371369839,13.782239690744,0.000237805208508447,0.0359587299138796,0.0548933450647856,"cognps_random_slope"
"3591","TRIO","Mic P2RY12",0.0275496269423351,9.39674012374948,0.0239857458114772,0.877008069168184,0.999765323016076,0.999791880761836,"cognps_random_slope"
"3592","OTULINL","Mic P2RY12",0.356533578442011,7.69125881946743,1.03597298238534,0.309444144763218,0.768221745826582,0.82747221488397,"cognps_random_slope"
"3593","OTULIN","Mic P2RY12",0.430089742469079,6.26459916114619,1.53800790398043,0.215723109028119,0.696553249426591,0.761978633765066,"cognps_random_slope"
"3594","ANKH","Mic P2RY12",-0.292764356022664,7.10038337265833,0.819682480356679,0.36587915830126,0.811562709840244,0.862405100667332,"cognps_random_slope"
"3595","FBXL7","Mic P2RY12",1.30874038190199,3.46680520177231,2.80195499918501,0.0950189012649714,0.532922140027557,0.617571662321137,"cognps_random_slope"
"3596","ZNF622","Mic P2RY12",-0.981088990263805,3.57504423056804,2.73085978794398,0.0992990178946185,0.537560520252725,0.623539007406861,"cognps_random_slope"
"3597","RETREG1","Mic P2RY12",0.61118745332194,3.91380637093984,0.767912535612393,0.381448554307768,0.81893496896482,0.869440981513608,"cognps_random_slope"
"3598","MYO10","Mic P2RY12",-0.918986723458187,5.88120915177631,2.06178718690268,0.151902176428499,0.620505255460884,0.698068056446583,"cognps_random_slope"
"3599","BASP1","Mic P2RY12",0.0685036422777499,7.52450739186864,0.0230463312215543,0.879421778172473,0.999765323016076,0.999791880761836,"cognps_random_slope"
"3600","BASP1-AS1","Mic P2RY12",1.27819293022016,3.19619031159905,2.67662521432322,0.102706154682109,0.54380291540693,0.628872965048382,"cognps_random_slope"
"3601","LINC02223","Mic P2RY12",2.47478426076254,2.81465189631466,7.22551156724464,0.00752168723709546,0.171054667155943,0.236508282789843,"cognps_random_slope"
"3602","LINC02100","Mic P2RY12",0.244260600036136,4.66667939182429,0.243344969334794,0.622101666080424,0.944462324835258,0.965019437458618,"cognps_random_slope"
"3603","CDH18","Mic P2RY12",1.67163249642029,4.80610462128746,5.67605753948047,0.0177170202574993,0.261770439328278,0.345827031779499,"cognps_random_slope"
"3604","LINC02241","Mic P2RY12",-0.347318057414964,4.8305582216953,0.629285609365636,0.428140534720639,0.847902778020161,0.891476644831879,"cognps_random_slope"
"3605","AC091946.1","Mic P2RY12",0.361503198681179,2.8383506051214,0.0994561623767854,0.752666159075899,0.982244103840787,0.994674014762625,"cognps_random_slope"
"3606","CDH12","Mic P2RY12",1.99323509932706,4.71011840899079,10.5609245824729,0.00126398026187889,0.0759578452441213,0.107533716996452,"cognps_random_slope"
"3607","C5orf17","Mic P2RY12",3.63109409787843,5.32416937487543,5.77119076415099,0.0167973089239387,0.253546675396606,0.33617360706713,"cognps_random_slope"
"3608","CDH10","Mic P2RY12",2.06962947979123,3.99464273550896,7.5339525358894,0.00635853356830584,0.157797608053457,0.217201726208265,"cognps_random_slope"
"3609","LINC02228","Mic P2RY12",-3.06415872946627,2.38250467029003,5.28531810573467,0.0220786633326259,0.291503613123665,0.380053502628114,"cognps_random_slope"
"3610","LINC02211","Mic P2RY12",-1.62038155290949,3.43508887348109,0.709199673757226,0.400269307843055,0.82954706831376,0.878025991099495,"cognps_random_slope"
"3611","CDH9","Mic P2RY12",3.12679431002971,3.51662179201151,11.749665048323,0.000679030593681024,0.054817403529635,0.081864945104485,"cognps_random_slope"
"3612","LINC02109","Mic P2RY12",1.96138706598244,2.18844640148326,1.78291344566178,0.182636532435889,0.65828729724942,0.730448930950347,"cognps_random_slope"
"3613","DROSHA","Mic P2RY12",-0.0624146264426994,6.26339766507424,0.0556915923049557,0.813574257628992,0.994763030214352,0.999791880761836,"cognps_random_slope"
"3614","C5orf22","Mic P2RY12",0.0802877666309611,4.8578076722437,0.0442439088232548,0.877182656395538,0.999765323016076,0.999791880761836,"cognps_random_slope"
"3615","PDZD2","Mic P2RY12",0.804947390265116,5.11378620448928,3.03013864385611,0.0825863032463055,0.505420462602119,0.593030725533821,"cognps_random_slope"
"3616","AC025178.1","Mic P2RY12",-0.553815814059299,3.68021130225557,0.552708956854617,0.457698331567699,0.865885529716198,0.906391599481102,"cognps_random_slope"
"3617","GOLPH3","Mic P2RY12",-0.320318666453859,7.23352342863686,0.759097112060693,0.384192470162065,0.820880627015597,0.870514496462688,"cognps_random_slope"
"3618","MTMR12","Mic P2RY12",0.458704535197206,5.46825440769505,2.21611213172673,0.137452973816044,0.601963170623792,0.678536740679376,"cognps_random_slope"
"3619","ZFR","Mic P2RY12",-0.1832112038475,7.58485249693033,1.04210038749127,0.384883132171648,0.821275822494099,0.870861049245501,"cognps_random_slope"
"3620","SUB1","Mic P2RY12",0.48488843632283,5.6536549613862,1.97907733881312,0.160351218383972,0.630351034779585,0.707736534547111,"cognps_random_slope"
"3621","AC010343.3","Mic P2RY12",0.105950089068421,2.59048743345809,0.0135217668475493,0.907493059976001,0.999765323016076,0.999791880761836,"cognps_random_slope"
"3622","TARS","Mic P2RY12",-0.76053978669828,5.07167662049338,2.5005828725257,0.11468322503004,0.568579318767134,0.649688862805022,"cognps_random_slope"
"3623","C1QTNF3-AMACR","Mic P2RY12",-0.995815727002377,5.97453205949741,8.83909269856239,0.00314719579129676,0.114689167387329,0.164114857295177,"cognps_random_slope"
"3624","RAI14","Mic P2RY12",0.653630715247053,3.06191566763375,0.509985011119415,0.475608583184039,0.878273477090989,0.914353483996258,"cognps_random_slope"
"3625","RAD1","Mic P2RY12",0.562110198533974,3.81404767987246,0.994475056337112,0.319321594290998,0.774041290465206,0.832055998512576,"cognps_random_slope"
"3626","BRIX1","Mic P2RY12",-0.234628387992973,4.26671217752789,0.224674224394285,0.852210912028142,0.999765323016076,0.999791880761836,"cognps_random_slope"
"3627","DNAJC21","Mic P2RY12",0.25205857970851,5.3357425117701,0.548770413900004,0.459303938250234,0.866792533233255,0.907242372423074,"cognps_random_slope"
"3628","PRLR","Mic P2RY12",-0.611547206577505,2.73662389413949,0.283408791398988,0.594804378262082,0.934477967597251,0.957725510954487,"cognps_random_slope"
"3629","SPEF2","Mic P2RY12",0.325033176471134,3.86767120950702,0.25857631236055,0.611411729753969,0.940056056727046,0.962589207213912,"cognps_random_slope"
"3630","LMBRD2","Mic P2RY12",-0.0727662582427512,5.47917214218021,0.0556388059667923,0.925221897787469,0.999765323016076,0.999791880761836,"cognps_random_slope"
"3631","SKP2","Mic P2RY12",0.678493701232997,5.43926653839108,2.13352551111779,0.144982057063207,0.61174576407558,0.688855737932563,"cognps_random_slope"
"3632","NADK2","Mic P2RY12",0.163462241554027,4.99322995899942,0.177142588376612,0.674091849413236,0.962199792147255,0.979655820603455,"cognps_random_slope"
"3633","RANBP3L","Mic P2RY12",-3.42806345627129,2.76870230956251,8.39547300437602,0.00399196140121774,0.130161252403209,0.184802402033786,"cognps_random_slope"
"3634","SLC1A3","Mic P2RY12",-0.777290316196511,11.5540113559709,5.63093015743209,0.0181714061458029,0.264978252187057,0.350448547097628,"cognps_random_slope"
"3635","AC008957.2","Mic P2RY12",-1.00499378902093,5.78782859952322,2.32686900309701,0.128036337280838,0.588279080112865,0.665657920588163,"cognps_random_slope"
"3636","AC008957.1","Mic P2RY12",0.180766024214055,5.51565035660301,0.193738038268679,0.660087942788536,0.955868868241869,0.973975715718827,"cognps_random_slope"
"3637","NIPBL","Mic P2RY12",-0.295329142941683,9.17484779726568,2.01023955589938,0.157106511678012,0.627536322800908,0.705711557238651,"cognps_random_slope"
"3638","CPLANE1","Mic P2RY12",0.209058495148936,6.46745863905408,0.596576337997355,0.440394590118527,0.855818037073943,0.897260497291077,"cognps_random_slope"
"3639","NUP155","Mic P2RY12",0.130730642335623,4.88404540641442,0.125220784883444,0.750404060217597,0.982244103840787,0.994674014762625,"cognps_random_slope"
"3640","WDR70","Mic P2RY12",0.0258131167689833,8.72798040206556,0.0195402159751666,0.888907073059993,0.999765323016076,0.999791880761836,"cognps_random_slope"
"3641","LIFR","Mic P2RY12",1.28827998701587,3.30591994481646,2.69264392360422,0.101686660492562,0.542074332563011,0.6273410096216,"cognps_random_slope"
"3642","RICTOR","Mic P2RY12",-0.0439910423842657,8.01201054297924,0.0245779818781254,0.875511202954674,0.999765323016076,0.999791880761836,"cognps_random_slope"
"3643","FYB1","Mic P2RY12",0.423538971750465,10.3278059629435,2.22236182242187,0.136901393171284,0.601269752075375,0.678086167366028,"cognps_random_slope"
"3644","DAB2","Mic P2RY12",-2.0819602503068,3.13919699804229,6.13541749216384,0.0137090598285704,0.233682898710839,0.310936372067526,"cognps_random_slope"
"3645","TTC33","Mic P2RY12",-0.237555209559547,5.05083074649599,0.380246814469992,0.846740550459176,0.999765323016076,0.999791880761836,"cognps_random_slope"
"3646","PTGER4","Mic P2RY12",-2.3690806692961,3.35476315938231,8.55498222410268,0.00366433313494273,0.122764320853419,0.176145822019795,"cognps_random_slope"
"3647","PRKAA1","Mic P2RY12",-0.356525435432775,5.73224985621339,1.63532688786523,0.201792434006261,0.681507159303909,0.748750892803023,"cognps_random_slope"
"3648","RPL37","Mic P2RY12",-0.188045924097995,5.92306178937763,0.213941169303794,0.643975465446946,0.951443629329721,0.970883120121208,"cognps_random_slope"
"3649","CARD6","Mic P2RY12",-0.118813296836838,4.29152125811889,0.0552856677565282,0.814242402214476,0.994918383102504,0.999791880761836,"cognps_random_slope"
"3650","PLCXD3","Mic P2RY12",3.67714636705761,5.8607930230294,13.8988290164463,0.000224016786188077,0.0359587299138796,0.0548933450647856,"cognps_random_slope"
"3651","OXCT1","Mic P2RY12",0.29221586940774,5.44254686938749,0.572026942160592,0.449949738152126,0.861642818087545,0.902340939925252,"cognps_random_slope"
"3652","C5orf51","Mic P2RY12",-0.0914088050743921,4.5725688042933,0.0397352959104732,0.976720008892808,0.999765323016076,0.999791880761836,"cognps_random_slope"
"3653","FBXO4","Mic P2RY12",0.514609626800944,4.45926865580251,1.10603746888976,0.29365108526254,0.758598974125644,0.819031219879547,"cognps_random_slope"
"3654","GHR","Mic P2RY12",1.07709804308304,2.94557532903514,1.48053812175808,0.224488275278626,0.706023791834985,0.769637329131246,"cognps_random_slope"
"3655","CCDC152","Mic P2RY12",-0.520638866884914,2.76279979672192,0.275604753330789,0.599920076886765,0.936283425111275,0.959054741582592,"cognps_random_slope"
"3656","SELENOP","Mic P2RY12",-1.16596890761312,4.61133182591236,3.50656552828532,0.0619372403369885,0.457851807934449,0.549344450340053,"cognps_random_slope"
"3657","AC025171.2","Mic P2RY12",0.317070656398574,3.25027702464542,0.150229182173513,0.698545735766752,0.969804265685207,0.98522366711326,"cognps_random_slope"
"3658","AC025171.4","Mic P2RY12",-0.954738680870468,3.12287492807014,1.31528274067225,0.252202853779166,0.729640057414039,0.789759270184701,"cognps_random_slope"
"3659","ZNF131","Mic P2RY12",0.00657078631251921,7.12174855257516,0.000966255710367211,0.975219271897342,0.999765323016076,0.999791880761836,"cognps_random_slope"
"3660","NIM1K","Mic P2RY12",0.0970053009005928,3.24427082164595,0.016782259786371,0.896997766961532,0.999765323016076,0.999791880761836,"cognps_random_slope"
"3661","HMGCS1","Mic P2RY12",0.186622635008103,4.84251066095918,0.133492411793227,0.715052909940764,0.975395826127759,0.990346962440995,"cognps_random_slope"
"3662","TMEM267","Mic P2RY12",-0.205991125472304,5.56744849680913,0.381405343478417,0.732632316701001,0.978584259106735,0.993120241739745,"cognps_random_slope"
"3663","C5orf34","Mic P2RY12",0.0575827969857172,3.33990044670431,0.00615550144195287,0.937508165854797,0.999765323016076,0.999791880761836,"cognps_random_slope"
"3664","PAIP1","Mic P2RY12",0.0225445927290106,5.10006371104224,0.00448120669733009,0.946665223443871,0.999765323016076,0.999791880761836,"cognps_random_slope"
"3665","NNT-AS1","Mic P2RY12",0.12429367513243,5.1319432288293,0.107387803056981,0.743328598568947,0.982072175094771,0.994674014762625,"cognps_random_slope"
"3666","NNT","Mic P2RY12",0.00754929952302009,6.65768940910096,0.00111222446463582,0.973413959978327,0.999765323016076,0.999791880761836,"cognps_random_slope"
"3667","MRPS30-DT","Mic P2RY12",1.89183923081303,3.79401969982258,8.17964682250194,0.00448356641346544,0.137492616720481,0.194017568726892,"cognps_random_slope"
"3668","MRPS30","Mic P2RY12",0.365248348530394,4.0730562637789,0.512807185106309,0.474390895560385,0.877233667918411,0.913802353076631,"cognps_random_slope"
"3669","AC093297.2","Mic P2RY12",-0.0702101192140721,3.5103559495993,0.0094461784682366,0.92262849784436,0.999765323016076,0.999791880761836,"cognps_random_slope"
"3670","HCN1","Mic P2RY12",2.94610578797469,4.20266627100773,18.7576041559528,1.92762710368425e-05,0.00922576100588308,0.0155208403759148,"cognps_random_slope"
"3671","EMB","Mic P2RY12",-0.434317322968999,6.80284137795278,1.53097559819342,0.216773372053858,0.697809262285312,0.76326029563552,"cognps_random_slope"
"3672","PARP8","Mic P2RY12",-0.590518588994576,8.32939381459363,6.76064290492306,0.0097031913146987,0.197617730711668,0.271749625080599,"cognps_random_slope"
"3673","ITGA2","Mic P2RY12",0.44080314083823,2.62248174242283,0.15231005397733,0.696568546315236,0.969437645567606,0.984989885855413,"cognps_random_slope"
"3674","MOCS2","Mic P2RY12",0.213720032013375,3.89428442747248,0.13815285531841,0.710343169987123,0.973488894113894,0.988890731326174,"cognps_random_slope"
"3675","NDUFS4","Mic P2RY12",-0.14339062868355,6.36021733625751,0.32750370239633,0.567490273451833,0.922925953141032,0.948745471623017,"cognps_random_slope"
"3676","ARL15","Mic P2RY12",-0.0018668901191199,9.40743985706042,6.96934597021006e-05,0.993343757908194,0.999765323016076,0.999791880761836,"cognps_random_slope"
"3677","LINC01033","Mic P2RY12",-0.449953266260474,2.73691092219235,0.189471037038331,0.663618349416279,0.957591202813347,0.975311322528684,"cognps_random_slope"
"3678","SNX18","Mic P2RY12",0.763481237185136,6.5509996492166,4.87774527948433,0.0278353178497169,0.32297703242908,0.415063807205772,"cognps_random_slope"
"3679","AC026704.1","Mic P2RY12",-0.681568116061568,2.96848159266482,0.508118282680787,0.476416823455836,0.878555366882022,0.914630581722727,"cognps_random_slope"
"3680","DHX29","Mic P2RY12",0.168205324030136,5.99742528191482,0.418038798202944,0.518329683821904,0.895928813736274,0.929357620627073,"cognps_random_slope"
"3681","MTREX","Mic P2RY12",0.188010209090829,6.71527503057762,0.649325720272736,0.723078473543227,0.976701705810179,0.991928003437538,"cognps_random_slope"
"3682","PLPP1","Mic P2RY12",0.255288830796329,6.97616132966384,0.597495538937852,0.440042931697116,0.855818037073943,0.897260497291077,"cognps_random_slope"
"3683","SLC38A9","Mic P2RY12",-0.260547516445181,7.26250314297982,1.02754727192086,0.311416939876417,0.769107077146114,0.82860725412079,"cognps_random_slope"
"3684","IL6ST","Mic P2RY12",0.136496832149094,8.75917608485152,0.107732719223585,0.742931335605011,0.982072175094771,0.994674014762625,"cognps_random_slope"
"3685","AC008892.1","Mic P2RY12",-0.905073908369001,4.62044979598453,1.25886515264727,0.262614572776044,0.736254788655182,0.796213763210855,"cognps_random_slope"
"3686","ANKRD55","Mic P2RY12",0.627951338470682,3.28934367473568,0.465783000670299,0.495372969612205,0.885549288147852,0.921047479733976,"cognps_random_slope"
"3687","MAP3K1","Mic P2RY12",0.0603834366990709,7.45191238724902,0.0544898108462995,0.845635681100998,0.999765323016076,0.999791880761836,"cognps_random_slope"
"3688","AC008937.2","Mic P2RY12",-0.557318184595216,3.22440618260256,0.371435206338775,0.542607835141734,0.910123298286075,0.939148122050431,"cognps_random_slope"
"3689","SETD9","Mic P2RY12",1.95806171739617,3.15783819745746,6.05293690345745,0.0143527096418471,0.237604823093505,0.316584160392176,"cognps_random_slope"
"3690","MIER3","Mic P2RY12",-0.724971407825447,4.08297838918353,2.17072952683091,0.183027441208965,0.658456574400359,0.730527781796228,"cognps_random_slope"
"3691","GPBP1","Mic P2RY12",0.196478017434133,7.8504772498908,0.482991648116106,0.487519113148883,0.882751470788837,0.917696481781987,"cognps_random_slope"
"3692","PLK2","Mic P2RY12",1.29366752478255,3.45337637102148,2.3309571236024,0.127702859342466,0.588279080112865,0.665657920588163,"cognps_random_slope"
"3693","GAPT","Mic P2RY12",-0.315859933808605,3.3084827221099,0.159725316129174,0.68964679138876,0.967087387252322,0.983682583313906,"cognps_random_slope"
"3694","RAB3C","Mic P2RY12",2.6659861034686,3.75151402127725,14.5285451605743,0.000162371545866059,0.0294046092723116,0.0451934135993865,"cognps_random_slope"
"3695","PDE4D","Mic P2RY12",0.910649541592034,7.55637285212217,3.05803301017705,0.0811920556430032,0.503937109508405,0.592113078775718,"cognps_random_slope"
"3696","PART1","Mic P2RY12",2.88445890136219,3.00409601248735,8.8814339660354,0.00307677344743552,0.112963947860502,0.161691975227118,"cognps_random_slope"
"3697","ELOVL7","Mic P2RY12",1.8906414358461,2.81126569925809,3.37792893076342,0.0668997305280718,0.469860464141773,0.561130235404379,"cognps_random_slope"
"3698","ERCC8","Mic P2RY12",-0.617478006409495,6.1534659817934,4.03628592433278,0.0452786115349266,0.401409677615379,0.495404302453854,"cognps_random_slope"
"3699","NDUFAF2","Mic P2RY12",-0.206967050590646,6.49611757431731,0.27525185392342,0.60015358554259,0.936283425111275,0.959054741582592,"cognps_random_slope"
"3700","SMIM15","Mic P2RY12",0.118170272886354,3.17418657304798,0.0287843088103612,0.865373407480797,0.999765323016076,0.999791880761836,"cognps_random_slope"
"3701","SMIM15-AS1","Mic P2RY12",0.00777084480632723,3.95841189886148,0.000212197798878291,0.988385695953115,0.999765323016076,0.999791880761836,"cognps_random_slope"
"3702","LINC02057","Mic P2RY12",2.11686484563344,5.38674763185976,7.10999433339416,0.00801169941478523,0.177756264664796,0.24574661674331,"cognps_random_slope"
"3703","ZSWIM6","Mic P2RY12",0.279919339004874,10.308069139841,1.90614534465418,0.168249523761012,0.639771512789088,0.717402712060045,"cognps_random_slope"
"3704","KIF2A","Mic P2RY12",-0.139934500986936,7.097948213196,0.427955871790868,0.544033559484925,0.910413802529656,0.939504909887985,"cognps_random_slope"
"3705","DIMT1","Mic P2RY12",-0.214596285859598,4.26876878499356,0.19466955253438,0.659323416359273,0.955612931885691,0.973592644066785,"cognps_random_slope"
"3706","IPO11","Mic P2RY12",-0.386657906685345,5.84821292098356,1.8468514272434,0.175001694780804,0.646504793926442,0.722173203526035,"cognps_random_slope"
"3707","RNF180","Mic P2RY12",1.22278732173733,4.76355452687512,4.55039383504521,0.0335876884336811,0.351240563946647,0.444299882398935,"cognps_random_slope"
"3708","RGS7BP","Mic P2RY12",0.731065004199678,2.8854525242228,0.633704558370905,0.426524855772281,0.847170533897189,0.891030659135106,"cognps_random_slope"
"3709","SREK1IP1","Mic P2RY12",-0.315947531212111,5.49865427992565,0.851115710853403,0.356855419347058,0.805629965409354,0.856796628305781,"cognps_random_slope"
"3710","CWC27","Mic P2RY12",-0.235791764472923,7.06209356528853,1.00818918025238,0.316012157248342,0.771046347109003,0.830025217985487,"cognps_random_slope"
"3711","ADAMTS6","Mic P2RY12",-0.873270092876354,3.18647238505718,0.833397272238555,0.361903594655062,0.809120799461542,0.85994061356433,"cognps_random_slope"
"3712","CENPK","Mic P2RY12",-1.35003862285061,3.05146778409607,2.01533088001444,0.156583542173906,0.62740155425488,0.705703039878475,"cognps_random_slope"
"3713","PPWD1","Mic P2RY12",-0.250431920214892,5.56593888798944,0.598926700409351,0.439496272333654,0.85556210713877,0.897260497291077,"cognps_random_slope"
"3714","TRIM23","Mic P2RY12",0.563902612477306,5.01319444659931,2.18433042163056,0.140296930064111,0.605166247521288,0.681874753477336,"cognps_random_slope"
"3715","TRAPPC13","Mic P2RY12",0.282770503497219,5.79091022786805,0.90224255849497,0.489061244739171,0.883428173531547,0.918475306023068,"cognps_random_slope"
"3716","SGTB","Mic P2RY12",-0.336542199696461,4.26191650814907,0.391693729043279,0.531807435095911,0.905573705139827,0.935386938234805,"cognps_random_slope"
"3717","NLN","Mic P2RY12",-0.795914881098623,5.96273510048491,2.69323925718336,0.101648985879474,0.542074332563011,0.6273410096216,"cognps_random_slope"
"3718","ERBIN","Mic P2RY12",-0.259154022078417,8.4273561446642,1.74551198403344,0.187281908615616,0.663212237427689,0.734748039236384,"cognps_random_slope"
"3719","SREK1","Mic P2RY12",-0.0312212067009401,6.52630148192984,0.014286578243039,0.904925008023125,0.999765323016076,0.999791880761836,"cognps_random_slope"
"3720","MAST4","Mic P2RY12",0.272437801566969,4.34098292258884,0.11187718696626,0.738212006132237,0.980436558830992,0.994247512606934,"cognps_random_slope"
"3721","CD180","Mic P2RY12",-0.782415992463168,4.21203348340875,1.09660820940431,0.295714957463273,0.760181663718371,0.820779427630148,"cognps_random_slope"
"3722","AC112206.2","Mic P2RY12",0.354998030046173,2.85568447939968,0.139153170256553,0.709344102066129,0.973385516429582,0.98859098715405,"cognps_random_slope"
"3723","AC106798.1","Mic P2RY12",-0.514826581407882,2.6908073974363,0.187895852635381,0.664933569695331,0.957960903792096,0.975781249025661,"cognps_random_slope"
"3724","PIK3R1","Mic P2RY12",-0.43184556996688,8.94436115614275,3.173348960286,0.075692669956526,0.488141227183544,0.576712147404488,"cognps_random_slope"
"3725","SLC30A5","Mic P2RY12",-0.527333917545389,5.60562729642577,3.10618516757435,0.0788448697416324,0.497691992184463,0.584946040304291,"cognps_random_slope"
"3726","MRPS36","Mic P2RY12",-0.13402969029946,4.47059764042017,0.092044878743252,0.761768871695584,0.983474436376928,0.995656514138613,"cognps_random_slope"
"3727","CDK7","Mic P2RY12",0.0400103893361737,4.61204769725532,0.0112172231583577,0.915711705539447,0.999765323016076,0.999791880761836,"cognps_random_slope"
"3728","CCDC125","Mic P2RY12",0.361528375684464,6.20262728732971,1.295138967292,0.255860654168127,0.731400417855838,0.792472353522845,"cognps_random_slope"
"3729","AK6","Mic P2RY12",-0.230228519447815,4.31923924363959,0.25441341584503,0.753262464892423,0.982268354911735,0.994804186690861,"cognps_random_slope"
"3730","RAD17","Mic P2RY12",0.188246137125391,4.86933950479607,0.237029835513997,0.626656190902632,0.94572173867191,0.96674011519014,"cognps_random_slope"
"3731","OCLN","Mic P2RY12",-1.95427691722137,3.68231907602096,5.17863239490176,0.0234539614571728,0.298072242698983,0.387290039695102,"cognps_random_slope"
"3732","GTF2H2C","Mic P2RY12",-0.0505348490179623,5.52553563063493,0.0132651330437196,0.908371201342737,0.999765323016076,0.999791880761836,"cognps_random_slope"
"3733","NAIP","Mic P2RY12",-0.231690266362982,8.87226618638784,0.396718778641074,0.529188662161721,0.904086851304082,0.934337723270107,"cognps_random_slope"
"3734","GTF2H2","Mic P2RY12",-0.75225299178834,5.35783663253462,2.28616257618869,0.131410520253744,0.591810411151284,0.669219809264844,"cognps_random_slope"
"3735","BDP1","Mic P2RY12",0.15084749414321,7.3767388540519,0.432624995402675,0.51112448467988,0.893659673987929,0.927919604508759,"cognps_random_slope"
"3736","MCCC2","Mic P2RY12",-0.230418557923449,5.77851316607168,0.524000765666092,0.469610648010793,0.87357749777799,0.911989958554649,"cognps_random_slope"
"3737","MAP1B","Mic P2RY12",0.952512628190109,6.94352784364991,2.41627541945844,0.120959692691943,0.580110237377386,0.660503517595267,"cognps_random_slope"
"3738","MRPS27","Mic P2RY12",-0.107464970551309,6.34062050574698,0.108373200310672,0.742195515690725,0.981590829602176,0.994674014762625,"cognps_random_slope"
"3739","PTCD2","Mic P2RY12",0.573962745897161,4.20365569897795,1.2954081232708,0.25581134916663,0.731400417855838,0.792472353522845,"cognps_random_slope"
"3740","ZNF366","Mic P2RY12",-3.0476122163187,2.8196981932263,7.32878237596322,0.0071097028152838,0.166564679138163,0.229666712433992,"cognps_random_slope"
"3741","TNPO1","Mic P2RY12",-0.902188796027496,7.49015947741786,10.4622565322262,0.00133126329193848,0.0787936479614721,0.111446474165042,"cognps_random_slope"
"3742","FCHO2","Mic P2RY12",-0.432047861715396,7.2513974966674,1.46160724866668,0.227468805731552,0.70837626274652,0.771402560953345,"cognps_random_slope"
"3743","BTF3","Mic P2RY12",0.0776266119038911,4.81953011746939,0.0244889068611023,0.875735148790905,0.999765323016076,0.999791880761836,"cognps_random_slope"
"3744","ANKRA2","Mic P2RY12",-0.463712989895431,4.84447490722931,0.965622927973179,0.326434858128211,0.780381685901633,0.837115754123445,"cognps_random_slope"
"3745","UTP15","Mic P2RY12",-0.0923935712953608,3.07746820609008,0.014701130113419,0.997431448400856,0.999765323016076,0.999791880761836,"cognps_random_slope"
"3746","ENC1","Mic P2RY12",1.20081335097126,5.30806116358483,3.87511116286834,0.0497747178671398,0.417939219384424,0.510316389867414,"cognps_random_slope"
"3747","HEXB","Mic P2RY12",-0.644429300179174,6.09055303158305,3.28572378565732,0.0707185148865044,0.481432815573689,0.571978509732139,"cognps_random_slope"
"3748","GFM2","Mic P2RY12",0.112253289455062,5.18807457959846,0.102136366355611,0.749466389922604,0.982244103840787,0.994674014762625,"cognps_random_slope"
"3749","NSA2","Mic P2RY12",-0.299308191891434,4.91842827650644,0.543834659973278,0.461328723568262,0.867857487875631,0.907803576517925,"cognps_random_slope"
"3750","FAM169A","Mic P2RY12",2.42276829922913,3.36380216613617,9.23579827072841,0.00254695481353953,0.108011840051403,0.153943957831766,"cognps_random_slope"
"3751","HMGCR","Mic P2RY12",0.864933774678017,4.42226829645271,2.67075106461983,0.10308281794772,0.544936032866824,0.629810875509852,"cognps_random_slope"
"3752","COL4A3BP","Mic P2RY12",-0.0591782356852308,7.66193179272227,0.0762135626525554,0.782654381739385,0.990020960532974,0.999518095506057,"cognps_random_slope"
"3753","POLK","Mic P2RY12",0.0102907944623509,7.4956844317787,0.00239419908643519,0.961001802498335,0.999765323016076,0.999791880761836,"cognps_random_slope"
"3754","ANKDD1B","Mic P2RY12",0.266760508562796,4.00176117674911,0.0983962856331422,0.753944571978667,0.982268354911735,0.994998852417964,"cognps_random_slope"
"3755","POC5","Mic P2RY12",0.656610517694232,5.3293054773561,3.1564030606158,0.0764749398408575,0.490480225824018,0.578183194812051,"cognps_random_slope"
"3756","IQGAP2","Mic P2RY12",-1.09168699216506,6.5038322396532,2.92771875157987,0.08793273853826,0.515359874955203,0.600681525212253,"cognps_random_slope"
"3757","S100Z","Mic P2RY12",1.2794054513734,7.45334847593301,9.49331630888448,0.00222112700178313,0.100219942595609,0.142664695883763,"cognps_random_slope"
"3758","CRHBP","Mic P2RY12",1.5752234376261,3.67735432316996,5.41512951199245,0.0205176370560249,0.283460674420401,0.370056101942465,"cognps_random_slope"
"3759","AC008581.2","Mic P2RY12",-0.275683525817269,3.73734042942624,0.153411830625165,0.695527965821528,0.96925463151675,0.984989885855413,"cognps_random_slope"
"3760","WDR41","Mic P2RY12",0.142507254075297,6.5683111465502,0.263402488435167,0.848507531720626,0.999765323016076,0.999791880761836,"cognps_random_slope"
"3761","TBCA","Mic P2RY12",-0.522519004296496,6.94631529055859,4.70264021306305,0.0307713351141381,0.339982678229144,0.430922833966362,"cognps_random_slope"
"3762","AP3B1","Mic P2RY12",-0.04526873059777,8.47551973747077,0.0660188534620526,0.797370992204705,0.992143902613387,0.999791880761836,"cognps_random_slope"
"3763","SCAMP1-AS1","Mic P2RY12",-0.416414459836715,3.2197517495011,0.303653646975629,0.581943099445867,0.927859733775962,0.9522571873954,"cognps_random_slope"
"3764","SCAMP1","Mic P2RY12",-0.0601371128048314,5.93122585394786,0.0382094334138646,0.845133588036443,0.999765323016076,0.999791880761836,"cognps_random_slope"
"3765","LHFPL2","Mic P2RY12",-0.317080052026865,10.1365461511229,1.01321046760591,0.314811717007543,0.770261998566852,0.829537614030808,"cognps_random_slope"
"3766","ARSB","Mic P2RY12",-0.0997623969594982,7.51393094528868,0.152821288246768,0.696085169757669,0.969296644507763,0.984989885855413,"cognps_random_slope"
"3767","DMGDH","Mic P2RY12",1.49530198697686,3.48155253434009,3.41931517131111,0.065258202018989,0.467214377618485,0.558559667622668,"cognps_random_slope"
"3768","JMY","Mic P2RY12",0.31195200796489,5.06110841002468,0.325719256259243,0.568547112062109,0.922925953141032,0.948753778898485,"cognps_random_slope"
"3769","HOMER1","Mic P2RY12",0.359724455619263,4.90928388413315,0.249771117006847,0.617541923520948,0.941696996000635,0.963917775753802,"cognps_random_slope"
"3770","TENT2","Mic P2RY12",-0.0630695835379953,8.53614618738723,0.116857802686012,0.732667434072088,0.978584259106735,0.993120241739745,"cognps_random_slope"
"3771","CMYA5","Mic P2RY12",0.415713278775478,3.79244229771407,0.374047380377262,0.541192743380486,0.910005809466235,0.939131034445278,"cognps_random_slope"
"3772","MTX3","Mic P2RY12",0.455205851231067,3.86898011801223,0.787679196323509,0.375395971160737,0.81543690655054,0.866579776333413,"cognps_random_slope"
"3773","THBS4","Mic P2RY12",0.87160933710525,3.07379639157154,1.30458171150992,0.254137896770649,0.730761427230338,0.791788478770448,"cognps_random_slope"
"3774","SERINC5","Mic P2RY12",-0.187255135453094,6.37538002169432,0.30186693097506,0.583055384693883,0.928302864474602,0.952469142809051,"cognps_random_slope"
"3775","AC010260.1","Mic P2RY12",0.0553024713405916,2.72963702987671,0.00115488026690306,0.972909138430654,0.999765323016076,0.999791880761836,"cognps_random_slope"
"3776","ZFYVE16","Mic P2RY12",0.1623775007087,7.0365610815053,0.354962425734157,0.556812812762202,0.917324715501069,0.944967586879854,"cognps_random_slope"
"3777","FAM151B","Mic P2RY12",-0.124418919954673,4.01953260642168,0.0389089742764738,0.843740540468704,0.999765323016076,0.999791880761836,"cognps_random_slope"
"3778","DHFR","Mic P2RY12",-0.516147575102404,6.48912907508822,0.723886203885251,0.39543824246887,0.82692088304535,0.876563829705978,"cognps_random_slope"
"3779","MSH3","Mic P2RY12",0.33081386238666,7.09676322658506,1.76193550829677,0.185225304855095,0.660863767402322,0.732229440287236,"cognps_random_slope"
"3780","RASGRF2","Mic P2RY12",1.37488443544164,3.93028046279954,4.51911674618464,0.0341990393625989,0.352916829082006,0.446237053843496,"cognps_random_slope"
"3781","CKMT2-AS1","Mic P2RY12",0.69464573502246,5.85361167627653,3.73655209938468,0.054018940124145,0.434347947711541,0.526344557013956,"cognps_random_slope"
"3782","ZCCHC9","Mic P2RY12",-0.0142181976704896,4.34640083113603,0.000968958450824244,0.975184649878173,0.999765323016076,0.999791880761836,"cognps_random_slope"
"3783","SSBP2","Mic P2RY12",0.168532409392279,8.9054105581689,0.23021666964463,0.631654895281772,0.948225299839927,0.968291263624638,"cognps_random_slope"
"3784","ATG10","Mic P2RY12",0.309040737443338,7.44884572497545,1.46390585502115,0.227104374097995,0.707608862424372,0.770630360331019,"cognps_random_slope"
"3785","RPS23","Mic P2RY12",-0.71760004686397,5.81203982066139,1.67528289534063,0.196382926667478,0.674670906045816,0.743156817583646,"cognps_random_slope"
"3786","ATP6AP1L","Mic P2RY12",1.23487242205538,4.71305143331641,4.93702275696993,0.0269090554392814,0.317157653422876,0.407978920563953,"cognps_random_slope"
"3787","TMEM167A","Mic P2RY12",0.266262347070976,4.96341648490873,0.443772859574721,0.50573414787345,0.891090914075268,0.925603545137578,"cognps_random_slope"
"3788","XRCC4","Mic P2RY12",0.0372402330855381,6.74639896887659,0.0137070716567813,0.906864229864334,0.999765323016076,0.999791880761836,"cognps_random_slope"
"3789","VCAN","Mic P2RY12",4.08427027927202,3.55902833319665,9.95536371274363,0.00173901061540598,0.0911848815479553,0.13024657206858,"cognps_random_slope"
"3790","EDIL3","Mic P2RY12",1.21831861409507,4.79460995688393,3.25885883722717,0.071874764732539,0.481701677783777,0.572274865842081,"cognps_random_slope"
"3791","COX7C","Mic P2RY12",0.187635009379352,4.9245147238225,0.127433414018518,0.721317521265996,0.97571529536985,0.991463831658989,"cognps_random_slope"
"3792","RASA1","Mic P2RY12",-0.598699478273892,8.33470139962237,6.59688075166389,0.0106187112237365,0.203578467967514,0.276761669987444,"cognps_random_slope"
"3793","CCNH","Mic P2RY12",-0.450131384351017,8.75850830480115,2.06763487003345,0.15132427274843,0.619772793123993,0.697242127347915,"cognps_random_slope"
"3794","TMEM161B","Mic P2RY12",-0.0289282908552579,5.52871103913898,0.00892431278845267,0.924789551407323,0.999765323016076,0.999791880761836,"cognps_random_slope"
"3795","TMEM161B-AS1","Mic P2RY12",0.256940404978944,6.78566068410523,0.828893532500004,0.363202476608886,0.809997734903591,0.860821145895817,"cognps_random_slope"
"3796","LINC00461","Mic P2RY12",2.13930992230756,3.41108303044091,6.9053404102724,0.00896195476947469,0.190331467299097,0.261042984855048,"cognps_random_slope"
"3797","MEF2C","Mic P2RY12",0.0976834957929095,10.9148065828891,0.202167180875926,0.653248092319918,0.954549960220174,0.973494108193761,"cognps_random_slope"
"3798","MEF2C-AS1","Mic P2RY12",0.553523947652068,8.20837697107455,2.76406027203041,0.0972745595588695,0.536234574568181,0.621839898215752,"cognps_random_slope"
"3799","LINC02161","Mic P2RY12",1.10812880868637,2.62486637291047,1.07149185508451,0.301304259025535,0.762414699475663,0.823013995190349,"cognps_random_slope"
"3800","CETN3","Mic P2RY12",0.292786131142156,3.79526382887666,0.253212685341972,0.61513000800853,0.940879358414831,0.96381483341965,"cognps_random_slope"
"3801","MBLAC2","Mic P2RY12",-0.346469731230533,3.54794715779779,0.315182478598739,0.78971943853878,0.990886185623222,0.999791880761836,"cognps_random_slope"
"3802","POLR3G","Mic P2RY12",0.555753940391792,3.75631325202461,0.6048375263278,0.437249538159643,0.853668569475142,0.89575564178184,"cognps_random_slope"
"3803","LYSMD3","Mic P2RY12",-0.35324334191671,4.49135065947685,0.537659204089502,0.463882147689566,0.869438414152151,0.909489783429974,"cognps_random_slope"
"3804","ADGRV1","Mic P2RY12",1.76610588603939,3.75454329868201,6.11047069799422,0.0139005259676531,0.234583341875523,0.312761834272196,"cognps_random_slope"
"3805","LUCAT1","Mic P2RY12",-0.592093957797394,2.84572748767521,0.192217628095172,0.661340525230177,0.956363912658854,0.974186353565131,"cognps_random_slope"
"3806","ARRDC3","Mic P2RY12",0.247139164409927,4.77781157146525,0.124747485946163,0.724148369816058,0.976701705810179,0.992103026315284,"cognps_random_slope"
"3807","ARRDC3-AS1","Mic P2RY12",0.17274023209568,4.63277393114667,0.14034014414535,0.708163902047142,0.973207309924008,0.988354461037649,"cognps_random_slope"
"3808","NR2F1-AS1","Mic P2RY12",2.27748912273243,3.88520254038905,9.11416305140425,0.00271742330048817,0.109783640588684,0.157450661747735,"cognps_random_slope"
"3809","FAM172A","Mic P2RY12",0.23874001030267,8.67958674220047,1.53020431894877,0.216888932722641,0.697845999379618,0.763428725719271,"cognps_random_slope"
"3810","KIAA0825","Mic P2RY12",0.378203603799376,6.14628183061625,1.01447800910028,0.314509631617807,0.770261998566852,0.829537614030808,"cognps_random_slope"
"3811","SLF1","Mic P2RY12",0.237599680107657,4.95500826166731,0.345822319277861,0.556856694321409,0.917324715501069,0.944967586879854,"cognps_random_slope"
"3812","MCTP1","Mic P2RY12",-1.17993828735397,6.09995158484037,3.86028721562294,0.0502113828721267,0.419502956277662,0.512224265543935,"cognps_random_slope"
"3813","TTC37","Mic P2RY12",-0.381722428965128,7.28589522857804,3.88291803702546,0.0495463744836335,0.417854603181355,0.510316389867414,"cognps_random_slope"
"3814","ARSK","Mic P2RY12",-0.259747522995446,3.88463775435521,0.215940732627874,0.642431649710528,0.951400877198672,0.970883120121208,"cognps_random_slope"
"3815","RFESD","Mic P2RY12",-0.269966032207395,2.52517995178379,0.0579084784819037,0.961145497384314,0.999765323016076,0.999791880761836,"cognps_random_slope"
"3816","SPATA9","Mic P2RY12",-1.48097688713126,3.40675490302447,3.40234972816012,0.0659258279037352,0.46833427160025,0.559524739020346,"cognps_random_slope"
"3817","RHOBTB3","Mic P2RY12",-1.77959882794676,5.72656352370903,13.1792221699834,0.00032412804114785,0.0383646777184693,0.058630048367351,"cognps_random_slope"
"3818","GLRX","Mic P2RY12",-0.960929494978761,6.10899212446905,4.53705708642705,0.0338469573819494,0.351784396646867,0.444855169044078,"cognps_random_slope"
"3819","ELL2","Mic P2RY12",-1.52684888607617,9.15885140393365,8.07616239285541,0.00474084208702984,0.141182277351749,0.197930157133496,"cognps_random_slope"
"3820","AC104123.1","Mic P2RY12",0.0625664110658995,6.56092969493944,0.0350518621043211,0.851592606153271,0.999765323016076,0.999791880761836,"cognps_random_slope"
"3821","CAST","Mic P2RY12",-0.389195195930725,7.58320027118961,2.84260014023504,0.0926628895464003,0.527741344161203,0.612635988723348,"cognps_random_slope"
"3822","ERAP1","Mic P2RY12",0.444284803119931,5.72341395629394,1.47685347573512,0.22506469300871,0.706539352904165,0.769637329131246,"cognps_random_slope"
"3823","AC009126.1","Mic P2RY12",-0.15319206947236,4.06145449243207,0.0688602624167096,0.793153773653261,0.991704028031233,0.999791880761836,"cognps_random_slope"
"3824","ERAP2","Mic P2RY12",-0.109875607627654,5.64139171387291,0.0910024330111926,0.76308098087027,0.984139674089917,0.996027287170887,"cognps_random_slope"
"3825","LNPEP","Mic P2RY12",-0.327696081852084,7.31143670833407,2.06471007473736,0.15161300595502,0.620505255460884,0.69785937510329,"cognps_random_slope"
"3826","LIX1-AS1","Mic P2RY12",0.160235660885459,5.18040978752132,0.0357848293908023,0.850067245409007,0.999765323016076,0.999791880761836,"cognps_random_slope"
"3827","RIOK2","Mic P2RY12",0.147949862154115,4.37809424417347,0.0949851969738567,0.758111107409383,0.983190954097967,0.995414674993652,"cognps_random_slope"
"3828","LINC01340","Mic P2RY12",0.458595617051233,3.1268686905413,0.111136236778328,0.739048514661881,0.980436558830992,0.994247512606934,"cognps_random_slope"
"3829","RGMB","Mic P2RY12",0.785179684727796,3.76001350638082,1.78249763245806,0.315107034925401,0.77029357443183,0.829626077588831,"cognps_random_slope"
"3830","CHD1","Mic P2RY12",-0.24025128967033,7.78962495848805,0.822303480840504,0.365114728785278,0.811562709840244,0.862028648074573,"cognps_random_slope"
"3831","LINC02062","Mic P2RY12",0.61728120814627,5.3579225516586,2.51430569092301,0.113696187254875,0.566409890484232,0.649363620960762,"cognps_random_slope"
"3832","FAM174A","Mic P2RY12",0.286611241381083,4.2240896848563,0.408332668449721,0.62709931850659,0.946065263466083,0.966978269115197,"cognps_random_slope"
"3833","ST8SIA4","Mic P2RY12",-0.301759658799282,8.39247762912217,1.30091802111023,0.254804602340152,0.73129610216815,0.79224517442542,"cognps_random_slope"
"3834","PAM","Mic P2RY12",-0.654542079886939,5.63259953843449,1.49562977376273,0.222145817639127,0.70294595092844,0.767434486465541,"cognps_random_slope"
"3835","GIN1","Mic P2RY12",0.239987916988318,4.40999848264955,0.273171552765737,0.601533986292913,0.936283425111275,0.959054741582592,"cognps_random_slope"
"3836","PPIP5K2","Mic P2RY12",-0.18371281009495,6.70696162504668,0.609601353662052,0.435451572284726,0.852171263697017,0.894620227489404,"cognps_random_slope"
"3837","C5orf30","Mic P2RY12",0.217378202133593,3.13002366315498,0.0809674545325434,0.776154379565549,0.988899490450459,0.998777333076508,"cognps_random_slope"
"3838","NUDT12","Mic P2RY12",-0.783067981385608,3.58994279870706,1.36861104269796,0.242825393199007,0.724583187321285,0.785408880324276,"cognps_random_slope"
"3839","EFNA5","Mic P2RY12",1.5122302109759,4.24133956405117,4.54159451055759,0.0337585140186017,0.351240563946647,0.444299882398935,"cognps_random_slope"
"3840","FBXL17","Mic P2RY12",-0.0580635023055234,8.50778640580669,0.0695103810767526,0.792202005131644,0.991361181344117,0.999791880761836,"cognps_random_slope"
"3841","LINC01023","Mic P2RY12",-0.112027522685888,3.06043140314658,0.0184672223627436,0.96263348141122,0.999765323016076,0.999791880761836,"cognps_random_slope"
"3842","FER","Mic P2RY12",-0.281515016906754,8.95538658901283,1.41517303740379,0.234984326800444,0.71611648440475,0.778273747742187,"cognps_random_slope"
"3843","AC008467.1","Mic P2RY12",-1.18405031567402,3.41781034434777,2.39561475981557,0.122555430830038,0.581168825167187,0.660864338941303,"cognps_random_slope"
"3844","PJA2","Mic P2RY12",-0.0613444777153287,7.40118410437466,0.0651760733367358,0.798640392660607,0.992143902613387,0.999791880761836,"cognps_random_slope"
"3845","MAN2A1","Mic P2RY12",-0.536669774426531,8.32260007650751,1.36210490966482,0.243946284325645,0.725752099942929,0.786644664417554,"cognps_random_slope"
"3846","TMEM232","Mic P2RY12",0.710730812901388,5.05526276816136,2.27492272512548,0.132359656087047,0.592633394995828,0.670120917691998,"cognps_random_slope"
"3847","SLC25A46","Mic P2RY12",-0.278942836227312,6.06590239582788,1.17495151148681,0.290889024876172,0.755474085274518,0.816638205490076,"cognps_random_slope"
"3848","WDR36","Mic P2RY12",-0.236901104820298,5.13631547614737,0.395445057970198,0.529850254151924,0.90452525552738,0.934643343095417,"cognps_random_slope"
"3849","CAMK4","Mic P2RY12",1.68156453388115,3.63177904168193,4.46158756378663,0.0353542331621594,0.358382812863917,0.452012408492564,"cognps_random_slope"
"3850","STARD4","Mic P2RY12",-0.0896071287954193,4.1645599782092,0.0159096591480784,0.899696738602169,0.999765323016076,0.999791880761836,"cognps_random_slope"
"3851","STARD4-AS1","Mic P2RY12",0.368515626613951,2.83879510444525,0.130602034379693,0.718020863144121,0.97556546051407,0.991048142499339,"cognps_random_slope"
"3852","NREP","Mic P2RY12",2.1167302043195,3.77433604222844,10.1210260544523,0.00159337302135383,0.0869067009724246,0.124023335124794,"cognps_random_slope"
"3853","EPB41L4A","Mic P2RY12",-0.0964214893808382,2.50554726990282,0.00843496310526371,0.926874666790319,0.999765323016076,0.999791880761836,"cognps_random_slope"
"3854","EPB41L4A-AS1","Mic P2RY12",-0.0331697005709749,3.26386737717834,0.00228014851406061,0.961941273934145,0.999765323016076,0.999791880761836,"cognps_random_slope"
"3855","APC","Mic P2RY12",-0.281303804824536,7.00346132339254,1.53904583525826,0.215568610989946,0.696553249426591,0.761916059570205,"cognps_random_slope"
"3856","SRP19","Mic P2RY12",-0.55740997021861,5.57682720549358,2.30838954493871,0.129555947283368,0.589935185030383,0.667467740288743,"cognps_random_slope"
"3857","REEP5","Mic P2RY12",0.116445289235662,6.2266058772647,0.156944647078971,0.85208878313816,0.999765323016076,0.999791880761836,"cognps_random_slope"
"3858","DCP2","Mic P2RY12",-0.421233095986414,7.10561464554983,3.48110303514044,0.0628872957874722,0.45951616731075,0.551241867623857,"cognps_random_slope"
"3859","MCC","Mic P2RY12",1.32918780765944,4.75559043830746,3.68582245428002,0.0556677103257778,0.439342159055211,0.532242802923944,"cognps_random_slope"
"3860","YTHDC2","Mic P2RY12",0.18109946657103,7.49445843948052,0.733275703678615,0.392393667441644,0.825293567800476,0.874623554902867,"cognps_random_slope"
"3861","TRIM36","Mic P2RY12",0.0893175197419234,6.01773620451332,0.0596282692069553,0.807223695497547,0.993352542948726,0.999791880761836,"cognps_random_slope"
"3862","PGGT1B","Mic P2RY12",0.0487384428312142,6.41737065463049,0.0344207810740025,0.852919213666729,0.999765323016076,0.999791880761836,"cognps_random_slope"
"3863","CCDC112","Mic P2RY12",0.276840588651864,5.89289095209791,0.58483567910923,0.44492462667679,0.85802776256953,0.899222385336462,"cognps_random_slope"
"3864","FEM1C","Mic P2RY12",-0.327883758005642,4.29458640850147,0.416556060348416,0.519072079839372,0.89629685721204,0.929561911926069,"cognps_random_slope"
"3865","TMED7-TICAM2","Mic P2RY12",-1.01747042364242,4.46374626420881,3.27345037905187,0.07124425124633,0.481432815573689,0.571978509732139,"cognps_random_slope"
"3866","AC010226.1","Mic P2RY12",1.05289606110649,3.32972610320411,1.84717776048833,0.174963686849978,0.646504793926442,0.722173203526035,"cognps_random_slope"
"3867","ATG12","Mic P2RY12",-0.533844091818471,5.77437389482634,3.23304512688691,0.0784043438467201,0.495845498768238,0.582797867465976,"cognps_random_slope"
"3868","AP3S1","Mic P2RY12",-0.558346177145633,5.84864330868734,2.57478678112325,0.109456507170205,0.560285199613413,0.644627053842235,"cognps_random_slope"
"3869","AC034236.2","Mic P2RY12",1.16577197896222,3.15724403030588,2.15445768403763,0.143030659547714,0.609460689538606,0.686090685000684,"cognps_random_slope"
"3870","COMMD10","Mic P2RY12",-0.239725012820363,8.77824509708496,1.22449420639185,0.269220105757841,0.74348645631871,0.803065266513696,"cognps_random_slope"
"3871","SEMA6A","Mic P2RY12",0.156949440802593,3.73995049510562,0.0468756344959407,0.828714694290469,0.99852595020559,0.999791880761836,"cognps_random_slope"
"3872","SEMA6A-AS1","Mic P2RY12",-0.0966091673998006,6.3952008277673,0.086049178912705,0.769430410810156,0.986443273387328,0.997458950705248,"cognps_random_slope"
"3873","LINC02147","Mic P2RY12",0.720646576554636,3.38853585464223,0.373514332793412,0.541480958486961,0.910005809466235,0.939148122050431,"cognps_random_slope"
"3874","DTWD2","Mic P2RY12",0.472920053768226,5.78341962398086,1.81712375118617,0.178504493561974,0.651032092559046,0.725106079070574,"cognps_random_slope"
"3875","AC008629.1","Mic P2RY12",1.04693974295724,3.98807131913215,2.55982067085482,0.110489110705083,0.56065247266128,0.644627053842235,"cognps_random_slope"
"3876","DMXL1","Mic P2RY12",0.0147596744635036,7.34269806091649,0.00512000795312317,0.942996440791188,0.999765323016076,0.999791880761836,"cognps_random_slope"
"3877","TNFAIP8","Mic P2RY12",-0.948211800854515,7.1729609417031,4.59277831957727,0.032777472612374,0.348059358540748,0.441058282690965,"cognps_random_slope"
"3878","HSD17B4","Mic P2RY12",-0.315167053404032,6.67713059426794,1.00360334452029,0.317113750861243,0.77224084595521,0.830919831092092,"cognps_random_slope"
"3879","AC008574.1","Mic P2RY12",0.408988014662981,2.62574823387218,0.140612623990436,0.70789378124414,0.973207309924008,0.988354461037649,"cognps_random_slope"
"3880","PRR16","Mic P2RY12",1.42211292559155,3.97045072518334,2.92564431145988,0.0880448403307233,0.515460421700316,0.600960013701531,"cognps_random_slope"
"3881","AC008568.1","Mic P2RY12",-0.555471005297793,3.02768290609996,0.197639762238735,0.656900166022881,0.955612931885691,0.973592644066785,"cognps_random_slope"
"3882","SRFBP1","Mic P2RY12",0.215039371675245,6.34031465320965,0.463907890969436,0.583259684823635,0.928407839368607,0.95256054724782,"cognps_random_slope"
"3883","AC010255.3","Mic P2RY12",1.02502226255521,2.24434047495548,0.780090386686498,0.389394983759834,0.824594876226751,0.873243233725706,"cognps_random_slope"
"3884","SNCAIP","Mic P2RY12",-0.359525474640008,3.34314682462786,0.118070135358434,0.731337881626731,0.978316173868542,0.992754357816929,"cognps_random_slope"
"3885","SNX2","Mic P2RY12",0.178482666471735,7.41903586686769,0.652098305461553,0.419897258486371,0.841798121403394,0.887353154831496,"cognps_random_slope"
"3886","SNX24","Mic P2RY12",0.462324275626384,7.24548191831128,2.71403451464065,0.100342560438574,0.540500040521822,0.625940567937586,"cognps_random_slope"
"3887","CEP120","Mic P2RY12",-0.0259757865456741,5.50871530355222,0.00529527264442831,0.942030693342675,0.999765323016076,0.999791880761836,"cognps_random_slope"
"3888","CSNK1G3","Mic P2RY12",-0.0177873579312027,6.38640084913828,0.00533796100407047,0.941797914698749,0.999765323016076,0.999791880761836,"cognps_random_slope"
"3889","LINC01170","Mic P2RY12",-0.402699173725054,2.98435647317457,0.101503942613777,0.750217202782861,0.982244103840787,0.994674014762625,"cognps_random_slope"
"3890","ZNF608","Mic P2RY12",0.90965929186529,5.63182357507133,2.73363407228364,0.0991280957824652,0.537560520252725,0.623539007406861,"cognps_random_slope"
"3891","LINC02240","Mic P2RY12",1.03796963249169,3.70194534259561,1.08111494309049,0.299146805951923,0.762414699475663,0.822521252696221,"cognps_random_slope"
"3892","GRAMD2B","Mic P2RY12",-0.786801396274374,4.26511450938442,2.03043876727854,0.155043338865517,0.62457868592666,0.703310276604241,"cognps_random_slope"
"3893","ALDH7A1","Mic P2RY12",0.356908198947504,4.67038668096564,0.430004910253421,0.512405823473166,0.89451290772054,0.928242370203244,"cognps_random_slope"
"3894","PHAX","Mic P2RY12",0.121752215588341,4.2669781015154,0.0645659574488857,0.813640592058765,0.994763030214352,0.999791880761836,"cognps_random_slope"
"3895","LMNB1","Mic P2RY12",-0.784347845478236,4.71391973285998,0.793820213733149,0.37354315284413,0.814497133783212,0.865737773104452,"cognps_random_slope"
"3896","MARCH3","Mic P2RY12",0.32901364825433,8.4699818453222,0.978535398610509,0.323225740066338,0.777603218989439,0.834840614894763,"cognps_random_slope"
"3897","C5orf63","Mic P2RY12",0.182883255612899,4.53308828776796,0.142483601576542,0.874620460203381,0.999765323016076,0.999791880761836,"cognps_random_slope"
"3898","AC011416.3","Mic P2RY12",1.67421969621308,2.97418061006473,2.75020827688396,0.0981136604587389,0.536413249822253,0.622624745113121,"cognps_random_slope"
"3899","MEGF10","Mic P2RY12",0.911067796233129,3.16178322794692,1.27054038692408,0.260416839315832,0.73470989405828,0.795715081347276,"cognps_random_slope"
"3900","PRRC1","Mic P2RY12",-0.206858383408176,4.80612622183956,0.268819348392523,0.604443720628993,0.937802649979608,0.960175025554302,"cognps_random_slope"
"3901","LINC01184","Mic P2RY12",0.566974587468768,6.40701823267122,2.28941378163083,0.131137399706817,0.591810411151284,0.669219809264844,"cognps_random_slope"
"3902","SLC12A2","Mic P2RY12",-0.114617972439629,4.92166639896931,0.0712366657161551,0.789697614482642,0.990886185623222,0.999791880761836,"cognps_random_slope"
"3903","FBN2","Mic P2RY12",-1.32439855545283,3.80615375239291,0.834423200430804,0.36160861580208,0.809120799461542,0.859782073141074,"cognps_random_slope"
"3904","SLC27A6","Mic P2RY12",-0.400993617438059,5.67083130428624,0.111172684636667,0.73900729385707,0.980436558830992,0.994247512606934,"cognps_random_slope"
"3905","ISOC1","Mic P2RY12",0.648758795556729,3.22522402993496,0.809714809375903,0.368806720269115,0.812104761618872,0.863106788382106,"cognps_random_slope"
"3906","ADAMTS19","Mic P2RY12",-0.294669518222381,3.5603780265972,0.13825694962498,0.710239013832291,0.973488894113894,0.988890731326174,"cognps_random_slope"
"3907","AC008591.1","Mic P2RY12",0.309139549599188,6.23035444669694,0.170829857901472,0.67962167690413,0.963764980353924,0.980589311801902,"cognps_random_slope"
"3908","CHSY3","Mic P2RY12",-0.635124982440325,8.20066082767878,3.20455268585653,0.0742747151682688,0.485339622643341,0.57394334253628,"cognps_random_slope"
"3909","HINT1","Mic P2RY12",-0.0537889021237388,5.24306130670051,0.0104214822697742,0.918745577789488,0.999765323016076,0.999791880761836,"cognps_random_slope"
"3910","LYRM7","Mic P2RY12",0.527035843614493,4.53325679506874,1.65840247871209,0.198647206187688,0.67699667850671,0.745962233856748,"cognps_random_slope"
"3911","CDC42SE2","Mic P2RY12",-0.289044326157297,8.30107429504896,1.97314468581589,0.160977586350411,0.631512796296848,0.708484902920554,"cognps_random_slope"
"3912","RAPGEF6","Mic P2RY12",0.88361089901734,4.06904327534885,2.88842909049528,0.0900825894068385,0.521505130667874,0.606236505312815,"cognps_random_slope"
"3913","P4HA2","Mic P2RY12",1.15145409541367,3.04274670058271,0.634278104483329,0.426315827937562,0.847050575769404,0.890854993659785,"cognps_random_slope"
"3914","SLC22A4","Mic P2RY12",-1.24467387716918,2.53214217028269,1.06601502912677,0.302541123223143,0.763695245452297,0.823589153555775,"cognps_random_slope"
"3915","SLC22A5","Mic P2RY12",1.15561896829141,3.21050267731006,1.8615261883808,0.173301922230931,0.645854089686386,0.722173203526035,"cognps_random_slope"
"3916","AC116366.3","Mic P2RY12",-0.0947786419815439,6.61218640124844,0.104296119378168,0.74692148020536,0.982244103840787,0.994674014762625,"cognps_random_slope"
"3917","IRF1","Mic P2RY12",-1.68014420422766,4.70176633131791,10.7674919335356,0.00113409753769489,0.0731030030653365,0.104838731894998,"cognps_random_slope"
"3918","TH2LCRR","Mic P2RY12",-1.01363256309751,2.74773274253749,1.15810615111832,0.282580060686721,0.752106334312363,0.811780987897568,"cognps_random_slope"
"3919","KIF3A","Mic P2RY12",1.30979838462459,4.88031120842243,7.05604520826182,0.00825166974157576,0.18098302161515,0.249857555578791,"cognps_random_slope"
"3920","SEPT8","Mic P2RY12",0.597587436832909,4.50943628890714,1.98509940332601,0.159718259182444,0.62960268995345,0.706937631044709,"cognps_random_slope"
"3921","SHROOM1","Mic P2RY12",1.02553976633563,2.9619334657183,1.32117952552208,0.251144314642554,0.729501575487489,0.789245689101808,"cognps_random_slope"
"3922","UQCRQ","Mic P2RY12",0.114549067010477,3.89436888664013,0.0280227314583728,0.867149482845489,0.999765323016076,0.999791880761836,"cognps_random_slope"
"3923","AFF4","Mic P2RY12",-0.233720767107071,7.50546616275288,0.958946558524906,0.328110724246336,0.781740405134397,0.838554421741862,"cognps_random_slope"
"3924","ZCCHC10","Mic P2RY12",-0.526353543851164,5.50811245496408,2.55601054761655,0.110753708918315,0.560926097208747,0.645038069636636,"cognps_random_slope"
"3925","HSPA4","Mic P2RY12",0.259763637610516,6.29010674999136,0.303739779289509,0.581889587362726,0.927859733775962,0.9522571873954,"cognps_random_slope"
"3926","FSTL4","Mic P2RY12",2.25109938344609,3.64198290742728,7.76113192853015,0.00562111680451848,0.152674796573943,0.211547649981078,"cognps_random_slope"
"3927","C5orf15","Mic P2RY12",-0.575031624550558,5.68871785810042,2.06160887599791,0.15191983756191,0.620505255460884,0.698068056446583,"cognps_random_slope"
"3928","VDAC1","Mic P2RY12",0.351989530884451,5.97228894066431,0.764722207834835,0.382438361601327,0.81960523917728,0.869909644952538,"cognps_random_slope"
"3929","TCF7","Mic P2RY12",0.00344987194105476,3.03409537671747,9.69833511848736e-05,0.992148010509454,0.999765323016076,0.999791880761836,"cognps_random_slope"
"3930","SKP1","Mic P2RY12",0.36689776955969,5.58708744431054,1.19434701646494,0.275185991006979,0.747595304395617,0.807065491221298,"cognps_random_slope"
"3931","CDKL3","Mic P2RY12",0.694855133882405,5.06292467195688,3.23101019839441,0.0730948681185802,0.483486834973886,0.572984775873399,"cognps_random_slope"
"3932","UBE2B","Mic P2RY12",0.0414609482873623,6.89629699408594,0.0145362502041025,0.904101835800222,0.999765323016076,0.999791880761836,"cognps_random_slope"
"3933","CDKN2AIPNL","Mic P2RY12",-0.127037981169766,3.35908248634826,0.0326278313257013,0.907716719851275,0.999765323016076,0.999791880761836,"cognps_random_slope"
"3934","JADE2","Mic P2RY12",-0.571602676136867,5.93547347910856,1.43889566487896,0.231107822554271,0.71251308323617,0.774762683133913,"cognps_random_slope"
"3935","SAR1B","Mic P2RY12",-0.0988447926715677,5.34439977724023,0.0878305430776724,0.767124574435346,0.985924659250798,0.996590038644973,"cognps_random_slope"
"3936","SEC24A","Mic P2RY12",-0.128852000755958,5.63712678708603,0.130171944672117,0.718465661817481,0.975581265085029,0.991080934286885,"cognps_random_slope"
"3937","CAMLG","Mic P2RY12",-0.396109997863948,4.51716966853418,0.885857032004472,0.347234270294084,0.79611402159299,0.847412494455524,"cognps_random_slope"
"3938","DDX46","Mic P2RY12",-0.199122374468636,7.28036422849307,0.88165934968505,0.348377802389182,0.797345383686804,0.848824981612894,"cognps_random_slope"
"3939","C5orf24","Mic P2RY12",-0.951896271884375,4.94996909999675,5.44366145530723,0.0201901846856511,0.28067288897553,0.367086865917746,"cognps_random_slope"
"3940","TXNDC15","Mic P2RY12",0.506107413270625,4.88629565588053,1.02886271046533,0.311107863614994,0.769107077146114,0.82860725412079,"cognps_random_slope"
"3941","PCBD2","Mic P2RY12",0.178258846662576,6.12870445414438,0.262110540859203,0.608988118704729,0.93885760879533,0.961459183207151,"cognps_random_slope"
"3942","C5orf66","Mic P2RY12",-1.0562794536662,3.68858350202019,2.24448715327766,0.134968574064166,0.597904562396194,0.675043375476584,"cognps_random_slope"
"3943","H2AFY","Mic P2RY12",-0.046396046771575,8.01124030707135,0.0373009080481712,0.846962716729785,0.999765323016076,0.999791880761836,"cognps_random_slope"
"3944","CXCL14","Mic P2RY12",3.24290747063534,3.03679247032557,7.53705107042597,0.00634783564131376,0.157797608053457,0.217165796407492,"cognps_random_slope"
"3945","TGFBI","Mic P2RY12",-1.94291119285319,5.2102072039413,5.17312250142332,0.0235273689324297,0.298570332446487,0.387737231419319,"cognps_random_slope"
"3946","SMAD5","Mic P2RY12",-0.596575099009534,6.26720751002955,5.15640632478474,0.0237515443636971,0.300277779262174,0.390290501224162,"cognps_random_slope"
"3947","SPOCK1","Mic P2RY12",1.22842782649172,5.06343885438395,5.51057028254157,0.0194434129059301,0.274274922476178,0.360486631549502,"cognps_random_slope"
"3948","KLHL3","Mic P2RY12",-0.192499432739681,4.4130415228061,0.16129975705648,0.721583568540674,0.97571529536985,0.991463831658989,"cognps_random_slope"
"3949","HNRNPA0","Mic P2RY12",0.200003355644616,4.6361253823204,0.190274272091755,0.745037484697392,0.982244103840787,0.994674014762625,"cognps_random_slope"
"3950","AC106791.1","Mic P2RY12",-0.0695398589477994,4.98642094542151,0.0190331719203693,0.890348640212648,0.999765323016076,0.999791880761836,"cognps_random_slope"
"3951","PKD2L2","Mic P2RY12",-0.758180689984909,3.17197448586205,0.745613213954504,0.388444189052203,0.823456298088724,0.872608875947737,"cognps_random_slope"
"3952","FAM13B","Mic P2RY12",0.0560694266781249,7.99822804352888,0.0996022455890918,0.752490543251965,0.982244103840787,0.994674014762625,"cognps_random_slope"
"3953","NME5","Mic P2RY12",2.63151628554022,2.84011847188885,6.79721984833362,0.00951005519318486,0.194571373502092,0.267670654594698,"cognps_random_slope"
"3954","BRD8","Mic P2RY12",-0.269578785240722,4.83744557095111,0.494505891724737,0.482379173449877,0.881328830408547,0.916739510069731,"cognps_random_slope"
"3955","CDC23","Mic P2RY12",0.414300969459977,4.33670267312439,0.950830190676238,0.397644099431483,0.828429241452076,0.876968316775435,"cognps_random_slope"
"3956","FAM53C","Mic P2RY12",-0.763089073590203,5.30624022649456,3.15705948728186,0.0764444753923777,0.490480225824018,0.578183194812051,"cognps_random_slope"
"3957","KDM3B","Mic P2RY12",0.143434018284277,7.15778750607319,0.336174537166069,0.56240877330986,0.920994257260716,0.947079906951807,"cognps_random_slope"
"3958","REEP2","Mic P2RY12",1.63262350416698,3.28527126782549,4.00431338837267,0.0461350503002942,0.4047031862747,0.498961401649665,"cognps_random_slope"
"3959","EGR1","Mic P2RY12",-1.31418023074102,3.50501637853653,0.835401276295053,0.361327705275489,0.809002844980409,0.859482959452916,"cognps_random_slope"
"3960","ETF1","Mic P2RY12",-0.577294981438617,5.65160650525605,2.49571957928383,0.115035299955434,0.569482103695151,0.649879811950209,"cognps_random_slope"
"3961","HSPA9","Mic P2RY12",-0.353272779590288,6.65827478456592,1.0131697428001,0.31482142900817,0.770261998566852,0.829537614030808,"cognps_random_slope"
"3962","CTNNA1","Mic P2RY12",-0.271232253976902,7.80160685822711,1.44320228430533,0.230412409741452,0.712282941519927,0.774109754385822,"cognps_random_slope"
"3963","SIL1","Mic P2RY12",0.553277425005922,7.4840824009037,3.81386254338434,0.0516054136672784,0.427155125728967,0.519858825347986,"cognps_random_slope"
"3964","AC011405.1","Mic P2RY12",-0.993799213057357,2.83840631500039,1.03809349497451,0.308950217870391,0.76785366002022,0.827095076785596,"cognps_random_slope"
"3965","MATR3","Mic P2RY12",-1.09916910653634,3.3597981938268,1.63595284540206,0.201706343673852,0.681388129965539,0.748750892803023,"cognps_random_slope"
"3966","PAIP2","Mic P2RY12",-0.261975724296664,6.13015521968353,0.686962033737742,0.4077493825478,0.834491367673039,0.88213317623454,"cognps_random_slope"
"3967","DNAJC18","Mic P2RY12",0.300580692715978,4.29920410222568,0.352999575932573,0.55279358959404,0.914566283228362,0.942290297701318,"cognps_random_slope"
"3968","TMEM173","Mic P2RY12",-0.0783072505736997,5.3275070571843,0.0210907696420989,0.884613311990154,0.999765323016076,0.999791880761836,"cognps_random_slope"
"3969","UBE2D2","Mic P2RY12",-0.517482670802866,7.75959548678916,3.70635969952982,0.0549938617087884,0.436313933844455,0.529175079983612,"cognps_random_slope"
"3970","CXXC5","Mic P2RY12",-0.37205033997325,4.49868128931091,0.548749700340704,0.659179347452044,0.955612931885691,0.973592644066785,"cognps_random_slope"
"3971","NRG2","Mic P2RY12",0.697274400581556,3.21898796767535,0.770636433922709,0.380606331006024,0.818700712971385,0.869071915985129,"cognps_random_slope"
"3972","MALINC1","Mic P2RY12",-0.696135349743895,2.67356394431776,0.444688555897567,0.505295734886018,0.891090914075268,0.925603545137578,"cognps_random_slope"
"3973","PURA","Mic P2RY12",0.0239574740997591,6.87023174694985,0.00872268397892725,0.925641525065947,0.999765323016076,0.999791880761836,"cognps_random_slope"
"3974","IGIP","Mic P2RY12",-0.368647707167368,4.32995732235979,0.628896242807941,0.499118681630932,0.888272171651543,0.922983397123094,"cognps_random_slope"
"3975","CYSTM1","Mic P2RY12",-0.168277880069331,5.37262597772133,0.131078781759133,0.717528777980407,0.975467321817246,0.990827860187382,"cognps_random_slope"
"3976","PFDN1","Mic P2RY12",0.0946670102131147,5.63073199225359,0.0673224396113964,0.795424423513938,0.992143902613387,0.999791880761836,"cognps_random_slope"
"3977","HBEGF","Mic P2RY12",-2.12569209978178,2.95710325653846,2.36577496611352,0.124901663926431,0.583536243046098,0.661618690639923,"cognps_random_slope"
"3978","AC008438.1","Mic P2RY12",1.10683790949834,3.89533343409555,3.50905627982236,0.061845133436114,0.457851807934449,0.549281212984869,"cognps_random_slope"
"3979","ANKHD1-EIF4EBP3","Mic P2RY12",-0.734528734459197,4.15954750779709,1.86173022076704,0.173278424014559,0.645854089686386,0.722173203526035,"cognps_random_slope"
"3980","SRA1","Mic P2RY12",-0.0531714744990796,5.18022278741488,0.0149073513375491,0.902891452117006,0.999765323016076,0.999791880761836,"cognps_random_slope"
"3981","APBB3","Mic P2RY12",1.09041575089068,4.38006605681892,4.45205655143689,0.0355495419519991,0.359958812902108,0.453323731801083,"cognps_random_slope"
"3982","SLC35A4","Mic P2RY12",-0.756106017728929,3.52882023047418,1.21135373350785,0.271800324630637,0.744483269496792,0.804064195788762,"cognps_random_slope"
"3983","CD14","Mic P2RY12",-1.69428309202718,7.60577935853496,5.95692172886451,0.0151415136487487,0.243311744683176,0.323892987308415,"cognps_random_slope"
"3984","NDUFA2","Mic P2RY12",0.087309155080623,4.16983143826665,0.027121182582234,0.869284369538928,0.999765323016076,0.999791880761836,"cognps_random_slope"
"3985","TMCO6","Mic P2RY12",-0.414514507136315,4.32320211824022,0.716544126440574,0.397842757747189,0.828429241452076,0.876968316775435,"cognps_random_slope"
"3986","IK","Mic P2RY12",-0.0332509614846175,4.92331356455542,0.00663970889354606,0.935102053198716,0.999765323016076,0.999791880761836,"cognps_random_slope"
"3987","WDR55","Mic P2RY12",-0.680070494503154,4.32114752984892,2.0877234244432,0.14935793781923,0.616120740629385,0.693576099086525,"cognps_random_slope"
"3988","HARS","Mic P2RY12",-0.0857045379882698,5.2003661129486,0.0630854086272243,0.993490124696685,0.999765323016076,0.999791880761836,"cognps_random_slope"
"3989","HARS2","Mic P2RY12",0.59932876304705,3.97058364432915,1.26458100724403,0.261535757045935,0.73538817247855,0.796065864541977,"cognps_random_slope"
"3990","ZMAT2","Mic P2RY12",0.505599691922431,3.95532960660987,0.977954246524001,0.323369272333005,0.777678414233013,0.834997164671583,"cognps_random_slope"
"3991","TAF7","Mic P2RY12",-0.0693293808108711,5.37260827838347,0.0413986252548837,0.838885488513128,0.999700499758612,0.999791880761836,"cognps_random_slope"
"3992","DIAPH1","Mic P2RY12",-0.717536506872729,5.86994440772516,4.17815806421876,0.0416761614191023,0.388628114376115,0.482377092361654,"cognps_random_slope"
"3993","AC008781.1","Mic P2RY12",-1.41807357455996,2.64079913870548,2.0961720338797,0.148539633612681,0.615096191273602,0.692359946452414,"cognps_random_slope"
"3994","HDAC3","Mic P2RY12",-0.129140326522383,5.8269992964218,0.155871419140976,0.693220447854614,0.968398542864556,0.984696956150552,"cognps_random_slope"
"3995","RELL2","Mic P2RY12",0.14178188695985,3.68595097877753,0.0452557847400508,0.831654922971302,0.999283387674923,0.999791880761836,"cognps_random_slope"
"3996","FCHSD1","Mic P2RY12",0.336479991760511,4.261454219962,0.464090499494046,0.496156878105856,0.886178638344206,0.92129307139183,"cognps_random_slope"
"3997","ARAP3","Mic P2RY12",0.271077643570208,3.93304567179698,0.165525523179388,0.684361451930119,0.96526547799949,0.981938174288632,"cognps_random_slope"
"3998","DELE1","Mic P2RY12",-0.15591254937794,6.70028901543866,0.419089503951823,0.517804733045844,0.895830264336089,0.929229300845223,"cognps_random_slope"
"3999","PCDH12","Mic P2RY12",-0.107243270608586,3.86426663836906,0.0187978439733652,0.89102434349091,0.999765323016076,0.999791880761836,"cognps_random_slope"
"4000","RNF14","Mic P2RY12",0.100765148339745,5.15758204002772,0.0771877805665314,0.781304899656993,0.990020960532974,0.999508397105588,"cognps_random_slope"
"4001","GNPDA1","Mic P2RY12",0.320255489836656,4.87749703628989,0.554530305969468,0.456958833112201,0.865510720220435,0.905764164095184,"cognps_random_slope"
"4002","NDFIP1","Mic P2RY12",-0.196135962203309,7.25351799107986,0.936732455966005,0.333770020114453,0.786759060288528,0.842836593131758,"cognps_random_slope"
"4003","SPRY4-AS1","Mic P2RY12",0.659728766983592,3.10204552953922,0.645400794046783,0.422292485782982,0.843046326294296,0.888150029380637,"cognps_random_slope"
"4004","FGF1","Mic P2RY12",-0.650451821073963,3.01370699352916,0.562241638464205,0.453848697492373,0.864784074377263,0.905569199537039,"cognps_random_slope"
"4005","ARHGAP26","Mic P2RY12",-0.000292721871579406,11.0673864060223,6.64847252146644e-07,0.999349871737107,0.999765323016076,0.999791880761836,"cognps_random_slope"
"4006","ARHGAP26-AS1","Mic P2RY12",-0.805640092550104,4.48450051142483,0.825408885067081,0.364211889267593,0.811028049103813,0.861278653235162,"cognps_random_slope"
"4007","NR3C1","Mic P2RY12",0.211205310836633,8.17336489002042,0.768657762515675,0.381217869479757,0.81893496896482,0.869389294053126,"cognps_random_slope"
"4008","YIPF5","Mic P2RY12",0.420266646179788,4.07222200169576,0.602652919651716,0.438077859605008,0.854274719151492,0.896256114509102,"cognps_random_slope"
"4009","KCTD16","Mic P2RY12",1.8613853581105,4.78223812834066,9.93016496618182,0.00176232253719278,0.0911848815479553,0.130267415085283,"cognps_random_slope"
"4010","AC137770.1","Mic P2RY12",1.56248691238042,3.47494591211534,3.51350440669388,0.0616810078836962,0.457689472120384,0.549281212984869,"cognps_random_slope"
"4011","PRELID2","Mic P2RY12",0.598108448579063,6.71770391093292,2.72920435937999,0.0994011617928702,0.537560520252725,0.623539007406861,"cognps_random_slope"
"4012","PLAC8L1","Mic P2RY12",-0.701327176800246,3.09191542628498,0.750640806439801,0.386851080530153,0.822626361501837,0.872048448585405,"cognps_random_slope"
"4013","AC091887.1","Mic P2RY12",-0.759347544053144,2.99951188730361,0.643717007905482,0.422897877087562,0.843718096002743,0.888724146060691,"cognps_random_slope"
"4014","LARS","Mic P2RY12",0.157186518983734,6.48496974430705,0.192904846189086,0.660773634548074,0.956042361820287,0.974186353565131,"cognps_random_slope"
"4015","AC091959.3","Mic P2RY12",0.212605658055597,2.81250216934829,0.0601854939801296,0.806342935174912,0.993231645669267,0.999791880761836,"cognps_random_slope"
"4016","TCERG1","Mic P2RY12",0.00157833071886589,7.02572495538733,4.53682184540531e-05,0.994629549408634,0.999765323016076,0.999791880761836,"cognps_random_slope"
"4017","PPP2R2B","Mic P2RY12",1.73557928263929,5.60084064926764,6.49117096916385,0.011256548763625,0.208932146788558,0.281158025942289,"cognps_random_slope"
"4018","JAKMIP2","Mic P2RY12",0.690440731965846,3.86924297834366,0.973828197960588,0.324390749654819,0.77850294343199,0.835815937253474,"cognps_random_slope"
"4019","AC091948.1","Mic P2RY12",-0.0380343183010384,5.2664304276593,0.0056089384050159,0.940341610100754,0.999765323016076,0.999791880761836,"cognps_random_slope"
"4020","FBXO38","Mic P2RY12",-0.550340921344377,6.2354140347677,3.46581696364195,0.0634651316496493,0.461223551646936,0.55369831592915,"cognps_random_slope"
"4021","ADRB2","Mic P2RY12",0.383447427828973,5.04146244665232,0.442567914818998,0.506312042501987,0.891250188042708,0.925699861990699,"cognps_random_slope"
"4022","SH3TC2","Mic P2RY12",2.01855680033568,2.72112678742943,3.88337877079376,0.0495329332536182,0.417854603181355,0.510316389867414,"cognps_random_slope"
"4023","ABLIM3","Mic P2RY12",1.07847399818885,3.14858656074364,1.04943756642739,0.306325231296575,0.766753533621462,0.826318968993651,"cognps_random_slope"
"4024","GRPEL2","Mic P2RY12",-0.095750813982855,2.87171794015311,0.0103652474012314,0.924401729239965,0.999765323016076,0.999791880761836,"cognps_random_slope"
"4025","PCYOX1L","Mic P2RY12",1.05804749073683,4.25500499580461,4.13651215623653,0.042701138709673,0.392481453942611,0.485475124664436,"cognps_random_slope"
"4026","CSNK1A1","Mic P2RY12",-0.259959681967789,8.51398016911612,1.79362691540923,0.181330690633249,0.657293098505861,0.729627060561592,"cognps_random_slope"
"4027","ARHGEF37","Mic P2RY12",-0.198508659355587,4.78245008199981,0.17864384698307,0.749764176738519,0.982244103840787,0.994674014762625,"cognps_random_slope"
"4028","PPARGC1B","Mic P2RY12",-0.313312215911503,6.58834556219688,0.889945977720843,0.346125262908098,0.795476701806109,0.84730906678079,"cognps_random_slope"
"4029","SLC26A2","Mic P2RY12",-0.25566751713636,4.82274191889023,0.319784950631035,0.57208954122369,0.924344761669553,0.949761318622098,"cognps_random_slope"
"4030","TIGD6","Mic P2RY12",0.0207546577848672,2.72423553954386,0.000521513831961854,0.981793216860565,0.999765323016076,0.999791880761836,"cognps_random_slope"
"4031","HMGXB3","Mic P2RY12",-0.0474967301827363,5.54791066244936,0.0183186729390433,0.89241365071332,0.999765323016076,0.999791880761836,"cognps_random_slope"
"4032","CSF1R","Mic P2RY12",-0.199834288825576,9.74465981303611,0.611613646777322,0.43469548683212,0.851659973543457,0.894179721772824,"cognps_random_slope"
"4033","SLC6A7","Mic P2RY12",0.549878177523638,3.50979627691405,0.537287369234725,0.464036613305109,0.869606300503673,0.90970829874917,"cognps_random_slope"
"4034","CAMK2A","Mic P2RY12",1.53452725826096,4.16422202070729,4.32095548770918,0.0383542716152725,0.374079762675594,0.46765660008995,"cognps_random_slope"
"4035","TCOF1","Mic P2RY12",-0.446760000308217,5.14530611898716,1.47373417538023,0.225554062171424,0.706583534051226,0.769637329131246,"cognps_random_slope"
"4036","CD74","Mic P2RY12",-0.58628056190645,9.47216137606289,1.92116877808304,0.166586677321393,0.637788993510346,0.715335507959764,"cognps_random_slope"
"4037","RPS14","Mic P2RY12",-0.814321938076772,5.91254878667673,3.0140485593307,0.0834023224573842,0.505420462602119,0.593030725533821,"cognps_random_slope"
"4038","NDST1","Mic P2RY12",-0.0399444595773755,4.99189721287942,0.00584690147250362,0.939091651825623,0.999765323016076,0.999791880761836,"cognps_random_slope"
"4039","SYNPO","Mic P2RY12",0.934698323639412,2.99728156579926,1.27768031534597,0.259084082380917,0.733799859860673,0.794637250365552,"cognps_random_slope"
"4040","RBM22","Mic P2RY12",-0.0813446088873329,4.48680904419521,0.0346330367841454,0.85247163301129,0.999765323016076,0.999791880761836,"cognps_random_slope"
"4041","DCTN4","Mic P2RY12",0.0395784997633107,7.2914826341056,0.0222259486932597,0.881571155139103,0.999765323016076,0.999791880761836,"cognps_random_slope"
"4042","SMIM3","Mic P2RY12",-0.87778667526999,4.61362500168178,1.95205671924529,0.163226827571003,0.633478921598325,0.71055200378225,"cognps_random_slope"
"4043","GPX3","Mic P2RY12",-1.85202430502477,2.91538780479652,4.26661168249489,0.0395843175350056,0.377558319776947,0.471436047980297,"cognps_random_slope"
"4044","TNIP1","Mic P2RY12",-0.385082885328197,5.67960162293478,0.966225381136357,0.326284193638937,0.780252405238292,0.837115754123445,"cognps_random_slope"
"4045","ANXA6","Mic P2RY12",0.729924220408001,3.92949636435866,1.06010757625562,0.303882617694383,0.764182953597753,0.824337988353737,"cognps_random_slope"
"4046","CCDC69","Mic P2RY12",-0.799851758722279,5.06400307515535,2.70081650807113,0.101170809393953,0.542074332563011,0.6273410096216,"cognps_random_slope"
"4047","GM2A","Mic P2RY12",-0.136711129316075,4.87245611193011,0.0874069157998685,0.767670605298908,0.986195564192913,0.996725051627729,"cognps_random_slope"
"4048","SLC36A1","Mic P2RY12",-0.256457150439256,5.60805656149178,0.351535483964076,0.553617863266754,0.915252033757435,0.943038811492407,"cognps_random_slope"
"4049","ATOX1","Mic P2RY12",0.48810969662573,4.85161929016325,1.72058759305236,0.190454170339875,0.667436280524231,0.738018093900391,"cognps_random_slope"
"4050","G3BP1","Mic P2RY12",-0.365102199107656,6.34022313372127,1.75429853929226,0.186178335849809,0.662436867689641,0.733677658047649,"cognps_random_slope"
"4051","LINC01933","Mic P2RY12",0.132332897374511,3.55558268484898,0.0258478739527894,0.872362668811601,0.999765323016076,0.999791880761836,"cognps_random_slope"
"4052","LINC01470","Mic P2RY12",-1.59604433313722,3.02935274105365,4.00826147829277,0.046028372430562,0.4047031862747,0.498961401649665,"cognps_random_slope"
"4053","GRIA1","Mic P2RY12",2.34700440584437,3.98392539811754,11.7096771278139,0.000693303855984517,0.055303362940765,0.0822659759640576,"cognps_random_slope"
"4054","FAM114A2","Mic P2RY12",-0.141991964425056,4.4395465759107,0.109484656005833,0.855711471607398,0.999765323016076,0.999791880761836,"cognps_random_slope"
"4055","MFAP3","Mic P2RY12",-0.470812667149617,4.82069384959187,1.33375718191445,0.248904699679638,0.728768162640775,0.789026498070506,"cognps_random_slope"
"4056","GALNT10","Mic P2RY12",-0.10911047174185,8.35892787759566,0.124326571692502,0.724595093868702,0.976701705810179,0.992103026315284,"cognps_random_slope"
"4057","SAP30L-AS1","Mic P2RY12",0.769632931018265,5.15711672236482,3.96975065679198,0.0470801927846796,0.408363536250804,0.502092216807286,"cognps_random_slope"
"4058","SAP30L","Mic P2RY12",-0.692665595903289,4.39155345548551,2.45339188904624,0.118150679415654,0.57513158548826,0.654558001441152,"cognps_random_slope"
"4059","LARP1","Mic P2RY12",-0.0679735851617007,7.21918413179171,0.0647126344546037,0.799342155270212,0.992143902613387,0.999791880761836,"cognps_random_slope"
"4060","FAXDC2","Mic P2RY12",0.523753183170507,3.45145539707456,0.468797834148065,0.493981762132266,0.884891066701007,0.920335516646799,"cognps_random_slope"
"4061","CNOT8","Mic P2RY12",-0.344888888676899,5.21914780069638,1.18952206859474,0.276156186494449,0.747595304395617,0.80751507451587,"cognps_random_slope"
"4062","GEMIN5","Mic P2RY12",-0.143793224388684,4.75568743608495,0.12133034323155,0.727799893682836,0.977594945023934,0.992716167586774,"cognps_random_slope"
"4063","MRPL22","Mic P2RY12",-0.132374257380949,4.12280435448235,0.0827297426685139,0.896668231082494,0.999765323016076,0.999791880761836,"cognps_random_slope"
"4064","SGCD","Mic P2RY12",0.867884883098717,4.11252266781944,1.74365046419343,0.187516690367399,0.663212237427689,0.734845086795239,"cognps_random_slope"
"4065","TIMD4","Mic P2RY12",-0.219620501075374,3.13127590946221,0.0631465747592557,0.801733567608451,0.992196422862696,0.999791880761836,"cognps_random_slope"
"4066","HAVCR1","Mic P2RY12",-0.687345016060954,3.70257752297497,0.802923069552496,0.370820246070582,0.812104761618872,0.863532460737016,"cognps_random_slope"
"4067","HAVCR2","Mic P2RY12",-0.0218567820939728,8.03484166524937,0.00692219764064861,0.933739005495137,0.999765323016076,0.999791880761836,"cognps_random_slope"
"4068","CYFIP2","Mic P2RY12",1.5596149050174,4.55014341375399,7.21386337135537,0.00756967009263443,0.171127924456845,0.236784540447133,"cognps_random_slope"
"4069","ADAM19","Mic P2RY12",-0.767395031328063,2.76789109046496,0.684313659602545,0.474544574944156,0.877396778259745,0.91380386834268,"cognps_random_slope"
"4070","CLINT1","Mic P2RY12",-0.187254293936597,6.5564043938762,0.522162885166071,0.470390158552814,0.873935743070326,0.912096510241093,"cognps_random_slope"
"4071","RNF145","Mic P2RY12",-0.288621378833122,7.71185541513017,1.42250549216501,0.233777774872581,0.714774346581671,0.777512766312558,"cognps_random_slope"
"4072","UBLCP1","Mic P2RY12",0.0333590154513457,5.01935065660557,0.00777174598408172,0.929800559772821,0.999765323016076,0.999791880761836,"cognps_random_slope"
"4073","AC008691.1","Mic P2RY12",0.667932278632958,8.68296285283498,0.429160487888354,0.512819974084029,0.894697916174939,0.92830484233112,"cognps_random_slope"
"4074","TTC1","Mic P2RY12",0.260880893762109,6.11334096174123,1.03032297735215,0.70292675638745,0.97157265023568,0.986557430304626,"cognps_random_slope"
"4075","PWWP2A","Mic P2RY12",-0.0150683973714021,6.01184315477926,0.00248558329854971,0.96026511739613,0.999765323016076,0.999791880761836,"cognps_random_slope"
"4076","CCNJL","Mic P2RY12",1.08045136011265,2.23107027144003,0.793462899527485,0.38849749548003,0.823456298088724,0.872608875947737,"cognps_random_slope"
"4077","SLU7","Mic P2RY12",0.967904703108966,4.60970983983657,4.89547044543587,0.0580313855100597,0.446941722540408,0.539785780268698,"cognps_random_slope"
"4078","MIR3142HG","Mic P2RY12",1.76971541311225,4.20614528108518,4.70036196764796,0.030811603830285,0.340120513121622,0.430922833966362,"cognps_random_slope"
"4079","ATP10B","Mic P2RY12",-0.130598298185062,2.84875643348478,0.0154912562103257,0.901017540709569,0.999765323016076,0.999791880761836,"cognps_random_slope"
"4080","GABRB2","Mic P2RY12",1.41604397361049,5.17572933773571,4.64489833631405,0.0318091670489096,0.344951584246232,0.436568185403243,"cognps_random_slope"
"4081","GABRA1","Mic P2RY12",2.25551782148795,4.44201191255016,8.26867916705119,0.00427367020172334,0.135714346856148,0.191170425987803,"cognps_random_slope"
"4082","GABRG2","Mic P2RY12",1.91604222300046,4.29951846523445,6.22694197602993,0.0130296378269239,0.228248596756349,0.303464033892561,"cognps_random_slope"
"4083","AC113414.1","Mic P2RY12",1.70773678044779,4.81742007740993,10.2163324569623,0.00151527637732572,0.0846092447189252,0.120288401150734,"cognps_random_slope"
"4084","CCNG1","Mic P2RY12",-0.308888014757054,4.31389785312537,0.385166490983064,0.535244207470458,0.906974871144605,0.936747958639949,"cognps_random_slope"
"4085","NUDCD2","Mic P2RY12",0.96640418404168,3.92523653104145,2.79351037637884,0.0955165629515117,0.532922140027557,0.617843694930587,"cognps_random_slope"
"4086","MAT2B","Mic P2RY12",-0.55176169342796,4.42053916121131,1.48833738257745,0.22327402270641,0.704685628424068,0.768976718454941,"cognps_random_slope"
"4087","AC109466.1","Mic P2RY12",1.85542847476425,3.48730166151725,6.1137529137161,0.0138751779306734,0.234583341875523,0.31272307170876,"cognps_random_slope"
"4088","TENM2","Mic P2RY12",1.87063612439653,5.27968356203549,7.71983271025143,0.00574833830212679,0.152844209497621,0.211758638923935,"cognps_random_slope"
"4089","WWC1","Mic P2RY12",1.80310817993046,2.97802562870359,4.48546389026641,0.0348698949539559,0.355701793010342,0.449405821181158,"cognps_random_slope"
"4090","RARS","Mic P2RY12",-0.0484707898716582,6.0627181611212,0.0358285469676505,0.887309987474575,0.999765323016076,0.999791880761836,"cognps_random_slope"
"4091","PANK3","Mic P2RY12",0.111778071529885,5.6342608967145,0.125694769096239,0.723146092903055,0.976701705810179,0.991928003437538,"cognps_random_slope"
"4092","SLIT3","Mic P2RY12",0.133684675831856,3.42258317974754,0.0363831085908463,0.848834135441329,0.999765323016076,0.999791880761836,"cognps_random_slope"
"4093","DOCK2","Mic P2RY12",0.0885421948717142,9.96501384208735,0.188550771443248,0.664385943768236,0.957859864700565,0.975512907897142,"cognps_random_slope"
"4094","FAM196B","Mic P2RY12",0.0123943350137623,4.85551212037335,0.000206644876342537,0.988538657847158,0.999765323016076,0.999791880761836,"cognps_random_slope"
"4095","LCP2","Mic P2RY12",-0.880490696601846,8.10709022202711,3.72267569473134,0.0544647089014384,0.435750187455628,0.528131983734593,"cognps_random_slope"
"4096","KCNIP1","Mic P2RY12",0.0562464313479832,8.99068288090838,0.0102845821064409,0.91927919076626,0.999765323016076,0.999791880761836,"cognps_random_slope"
"4097","KCNMB1","Mic P2RY12",-0.716658720381879,6.08071097026793,1.25339928247169,0.263651391597456,0.737618433986955,0.796999279104942,"cognps_random_slope"
"4098","RANBP17","Mic P2RY12",2.28459586880541,4.02233001674232,9.05247911766454,0.00280827683203509,0.11004659914288,0.157590933623265,"cognps_random_slope"
"4099","NPM1","Mic P2RY12",-0.787867488789561,5.04549326545364,3.78696319225214,0.0524319050580852,0.430779715700843,0.523388818398865,"cognps_random_slope"
"4100","FBXW11","Mic P2RY12",-0.27418397534846,7.64524214023245,1.57489464131699,0.210312517725945,0.691204591969072,0.757027190595535,"cognps_random_slope"
"4101","STK10","Mic P2RY12",-0.026169699590494,7.85269084847913,0.00588584330387955,0.938889553404811,0.999765323016076,0.999791880761836,"cognps_random_slope"
"4102","UBTD2","Mic P2RY12",0.119575150396529,5.60946151563942,0.0947438397283049,0.758409001965481,0.983190954097967,0.995414674993652,"cognps_random_slope"
"4103","SH3PXD2B","Mic P2RY12",-1.69495849832289,6.62635215213448,2.92924189478883,0.0878505274444651,0.515223158986117,0.600542796008328,"cognps_random_slope"
"4104","AC022217.3","Mic P2RY12",-0.631684519885003,2.72062228475518,0.31504486481948,0.57495040730469,0.924900775009009,0.950322446996267,"cognps_random_slope"
"4105","DUSP1","Mic P2RY12",-2.04755758887307,6.53104804382953,4.55910474305591,0.0334194727119543,0.351044646177157,0.443801100551173,"cognps_random_slope"
"4106","ERGIC1","Mic P2RY12",-0.356748648044905,7.43791479466512,0.730435272049743,0.393311111949901,0.825887411420564,0.875446083847582,"cognps_random_slope"
"4107","RPL26L1","Mic P2RY12",-1.37772078453139,3.0313288796581,3.1924801291179,0.0748198865680056,0.486020988801669,0.574826063627018,"cognps_random_slope"
"4108","ATP6V0E1","Mic P2RY12",-0.694518259906058,6.90417112554873,7.45584778899675,0.00663439398531081,0.160863936801003,0.221747540920322,"cognps_random_slope"
"4109","CREBRF","Mic P2RY12",-0.580331956789299,7.03172137491177,1.9577202177499,0.162619243841288,0.632219462349027,0.709276620700683,"cognps_random_slope"
"4110","BNIP1","Mic P2RY12",-0.713369395891306,3.4924115702366,1.0780289273821,0.299836497565893,0.762414699475663,0.822762151609428,"cognps_random_slope"
"4111","AC016573.1","Mic P2RY12",0.29872467059794,2.84455896812589,0.0630831472398382,0.801831084076808,0.992196422862696,0.999791880761836,"cognps_random_slope"
"4112","AC008632.1","Mic P2RY12",1.03690989651017,2.72430852900132,0.775623136080498,0.379071264370612,0.817109915520936,0.868092551741806,"cognps_random_slope"
"4113","BOD1","Mic P2RY12",-0.231663368934091,4.07084901070963,0.238794867055703,0.625375735433193,0.9451521296561,0.966312731148605,"cognps_random_slope"
"4114","CPEB4","Mic P2RY12",-0.229065501138907,8.37597073809198,0.164114639194396,0.685637050402554,0.965758052600864,0.982188520146453,"cognps_random_slope"
"4115","NSG2","Mic P2RY12",1.92525900755215,3.88532623884408,6.01221157205535,0.0146819615445771,0.239650385698998,0.319502724925183,"cognps_random_slope"
"4116","SFXN1","Mic P2RY12",-0.323855607876157,5.62956795582768,0.750074183620386,0.72634316596413,0.977476012617602,0.99250904155775,"cognps_random_slope"
"4117","HRH2","Mic P2RY12",-0.612297624897472,7.13505632411864,0.873816089048217,0.350528250535172,0.799426324952662,0.851152769252035,"cognps_random_slope"
"4118","CPLX2","Mic P2RY12",0.890445275184279,3.67224276757566,1.58352080999032,0.209070618627684,0.690087527150145,0.755852645439566,"cognps_random_slope"
"4119","THOC3","Mic P2RY12",0.00665418845721122,5.5348066592953,0.000326353404449597,0.985596814899805,0.999765323016076,0.999791880761836,"cognps_random_slope"
"4120","SIMC1","Mic P2RY12",0.111743867754175,6.82217599956114,0.179333785841182,0.697722980684183,0.9695262698091,0.984989885855413,"cognps_random_slope"
"4121","KIAA1191","Mic P2RY12",-0.29653445780521,4.54780040431909,0.589910407198033,0.442957788198476,0.857329703705984,0.898513909568182,"cognps_random_slope"
"4122","ARL10","Mic P2RY12",-0.354235167891119,5.11276836192881,0.883611752334677,0.347845292583111,0.797202295138661,0.84835267430617,"cognps_random_slope"
"4123","NOP16","Mic P2RY12",-0.922942780561184,3.12868695398743,1.0195399999954,0.31330701953698,0.770261998566852,0.829439496883657,"cognps_random_slope"
"4124","CLTB","Mic P2RY12",0.0597677314947419,4.53848068198783,0.0180057565936433,0.893330929484176,0.999765323016076,0.999791880761836,"cognps_random_slope"
"4125","FAF2","Mic P2RY12",-0.267410024205048,6.38637203757466,1.13929630856711,0.286517061786811,0.754255972880221,0.814647163364235,"cognps_random_slope"
"4126","RNF44","Mic P2RY12",-0.113800555013861,5.11678936881908,0.0755024257124228,0.783645317634753,0.990117185051922,0.999731293681804,"cognps_random_slope"
"4127","SNCB","Mic P2RY12",1.70979100537141,4.16312954017339,5.99309654219598,0.0148391852915086,0.240314100569536,0.320164629194747,"cognps_random_slope"
"4128","TSPAN17","Mic P2RY12",0.648176643843188,4.25304170431331,1.54588675431399,0.214553624869755,0.695693124263304,0.760983634181297,"cognps_random_slope"
"4129","HK3","Mic P2RY12",1.84478964104153,3.27691624099273,3.62532278797615,0.0577044063092864,0.445704178069595,0.538917083779148,"cognps_random_slope"
"4130","UIMC1","Mic P2RY12",-0.198936782453914,6.75134222688979,0.641582582306147,0.660202763395436,0.955868868241869,0.973975715718827,"cognps_random_slope"
"4131","ZNF346","Mic P2RY12",0.134521507349533,5.51788978076986,0.173602318614321,0.677178531024995,0.963032358317531,0.980096514019067,"cognps_random_slope"
"4132","NSD1","Mic P2RY12",0.321276812110848,8.22696561468363,3.37711166089696,0.0669325890639986,0.469860464141773,0.561173380605373,"cognps_random_slope"
"4133","MXD3","Mic P2RY12",1.35775758170329,3.54042301639291,4.62367328929673,0.0321998231283622,0.346166150645263,0.4390482733532,"cognps_random_slope"
"4134","PRELID1","Mic P2RY12",-1.22115043902755,4.45882002254062,2.75920170728772,0.0975679747994899,0.536303703973734,0.62207861760591,"cognps_random_slope"
"4135","LMAN2","Mic P2RY12",0.0599672676608072,4.94399220906523,0.0216492524457131,0.909761022761306,0.999765323016076,0.999791880761836,"cognps_random_slope"
"4136","RGS14","Mic P2RY12",0.463689724964608,3.44852139559104,0.532652876380645,0.465968774444597,0.8711997606249,0.910729607269479,"cognps_random_slope"
"4137","GRK6","Mic P2RY12",0.116390548448786,4.0216615521308,0.0458661426158465,0.981919285738714,0.999765323016076,0.999791880761836,"cognps_random_slope"
"4138","PDLIM7","Mic P2RY12",0.764385178247818,3.44423924870555,1.15142934524935,0.283969634252596,0.753389361878,0.812823719705508,"cognps_random_slope"
"4139","DOK3","Mic P2RY12",-0.144841474727314,6.2000322007,0.0941546580117842,0.75913794737765,0.983190954097967,0.995414674993652,"cognps_random_slope"
"4140","DDX41","Mic P2RY12",0.410878188577955,3.75023834838829,0.458827369443323,0.498608025411031,0.88802399669729,0.922636013471741,"cognps_random_slope"
"4141","FAM193B","Mic P2RY12",0.0979844275789457,6.69885271687639,0.131716960299565,0.71687165032787,0.975412307559,0.990827860187382,"cognps_random_slope"
"4142","TMED9","Mic P2RY12",-0.860213689300709,5.57694353383631,3.63358817159383,0.0574215312535009,0.444526964145211,0.538058363304314,"cognps_random_slope"
"4143","B4GALT7","Mic P2RY12",0.702452684167311,4.13820837379704,1.76938838230232,0.18430072390644,0.66053662815611,0.731666032451923,"cognps_random_slope"
"4144","FAM153A","Mic P2RY12",3.20047772801634,3.02555998636511,14.0045593471584,0.000212213535551881,0.0359587299138796,0.0548933450647856,"cognps_random_slope"
"4145","AC106795.3","Mic P2RY12",-0.243246492283629,3.92802392055588,0.175666187397696,0.675374640819935,0.962810601943974,0.980067760574701,"cognps_random_slope"
"4146","RMND5B","Mic P2RY12",0.801868136937368,5.10167885983592,4.69543321874129,0.0308989100425235,0.340803533728277,0.431875962125661,"cognps_random_slope"
"4147","NHP2","Mic P2RY12",0.752774369579993,3.7224553000146,1.35150128900879,0.245786703055607,0.726886505423714,0.787803854705654,"cognps_random_slope"
"4148","HNRNPAB","Mic P2RY12",-0.790365171026217,4.74892239834639,3.03626407993118,0.0822779263125471,0.505420462602119,0.593030725533821,"cognps_random_slope"
"4149","PHYKPL","Mic P2RY12",0.258915019344054,7.90831409979994,0.675019214197012,0.411851470613732,0.837394752233704,0.883939218145922,"cognps_random_slope"
"4150","COL23A1","Mic P2RY12",1.30827788696864,3.51297190314896,2.10007808534542,0.148163025873757,0.614990268778829,0.692233885854877,"cognps_random_slope"
"4151","CLK4","Mic P2RY12",-0.311699918989802,5.71045033414551,1.02702275359248,0.428971113105493,0.848086940362737,0.891697247435349,"cognps_random_slope"
"4152","ZNF354A","Mic P2RY12",0.246090831561289,5.2167582621818,0.50736289070575,0.505901458838929,0.891090914075268,0.925603545137578,"cognps_random_slope"
"4153","ZNF354B","Mic P2RY12",-0.0301296079380316,4.79312900121396,0.00649917535956917,0.935791022117833,0.999765323016076,0.999791880761836,"cognps_random_slope"
"4154","ZFP2","Mic P2RY12",0.0504347513735222,3.60512514739992,0.00568653804447961,0.93993111936067,0.999765323016076,0.999791880761836,"cognps_random_slope"
"4155","ZNF354C","Mic P2RY12",-0.991439833502722,4.07827778160402,4.56558391504814,0.0332949273652442,0.350570895142168,0.443421255623102,"cognps_random_slope"
"4156","ADAMTS2","Mic P2RY12",-2.51727854728979,3.78240892426681,5.8820204033077,0.0157879323101134,0.247891105095161,0.330459807893156,"cognps_random_slope"
"4157","RUFY1","Mic P2RY12",-0.178212256342127,6.54857508832618,0.514087424835384,0.473840179570064,0.876699191829136,0.913624953978404,"cognps_random_slope"
"4158","AC136604.2","Mic P2RY12",-1.29899395457414,3.43348772335868,2.27901784196924,0.132012962104217,0.592557770886728,0.670052632173139,"cognps_random_slope"
"4159","HNRNPH1","Mic P2RY12",-0.78342116104335,7.67157311111315,8.36902587215737,0.00404911103245907,0.131067963637642,0.185543106152011,"cognps_random_slope"
"4160","CANX","Mic P2RY12",-0.290429186668169,6.66330334150799,0.646955493520876,0.421734659605968,0.843046326294296,0.888150029380637,"cognps_random_slope"
"4161","MAML1","Mic P2RY12",0.392417225577423,5.5854486173968,1.64050928421688,0.201080983891278,0.68055550277716,0.748052124940614,"cognps_random_slope"
"4162","LTC4S","Mic P2RY12",-0.489097357404905,6.11428169823853,0.443460189918964,0.505883996101403,0.891090914075268,0.925603545137578,"cognps_random_slope"
"4163","MGAT4B","Mic P2RY12",-0.737903141524716,4.09673413387094,2.05860417944354,0.152217794608821,0.620756078498451,0.698361859881127,"cognps_random_slope"
"4164","SQSTM1","Mic P2RY12",0.176863517655704,6.69350701227593,0.219046732783506,0.640050732470874,0.950500871658043,0.97040644005083,"cognps_random_slope"
"4165","MRNIP","Mic P2RY12",-0.113344401668979,5.21071012362421,0.0996528421509656,0.752429750967965,0.982244103840787,0.994674014762625,"cognps_random_slope"
"4166","TBC1D9B","Mic P2RY12",0.417213620593971,6.5076294995275,2.3429413152661,0.126730857831139,0.586048218474269,0.664162510437111,"cognps_random_slope"
"4167","RNF130","Mic P2RY12",-0.110601688646655,9.31096543377813,0.22225393042489,0.637613747672276,0.950271487556261,0.970357720549608,"cognps_random_slope"
"4168","RASGEF1C","Mic P2RY12",0.858272936760333,9.01931392000641,2.00299178932955,0.157854427505488,0.628276561627873,0.70626649297708,"cognps_random_slope"
"4169","MAPK9","Mic P2RY12",0.0747508769055932,6.07581389552104,0.0589450974692316,0.808309502594299,0.993593436458099,0.999791880761836,"cognps_random_slope"
"4170","AC008610.1","Mic P2RY12",-0.373952016791554,3.67745547899763,0.330530510339277,0.815921515797919,0.995084767910246,0.999791880761836,"cognps_random_slope"
"4171","CNOT6","Mic P2RY12",0.0597921988122773,5.8540907164807,0.0395825532777559,0.842411436142436,0.999765323016076,0.999791880761836,"cognps_random_slope"
"4172","MGAT1","Mic P2RY12",-0.59140528493161,7.34710538708369,1.30584246482856,0.253908967688678,0.730761427230338,0.791643987905028,"cognps_random_slope"
"4173","LINC00847","Mic P2RY12",-0.585784611671985,3.75628652052713,0.726428945221905,0.394610396407393,0.826555140171374,0.876263482087077,"cognps_random_slope"
"4174","ZFP62","Mic P2RY12",0.0676275696385029,4.31030232923896,0.0186361125798048,0.89149122869488,0.999765323016076,0.999791880761836,"cognps_random_slope"
"4175","TRIM41","Mic P2RY12",0.776705660252628,4.42590241184422,3.26550287232522,0.0715869284515846,0.481432815573689,0.572003928074268,"cognps_random_slope"
"4176","RACK1","Mic P2RY12",-0.969223232147145,6.20367862569141,7.21318261038257,0.00757248408349446,0.171127924456845,0.236784540447133,"cognps_random_slope"
"4177","TRIM52","Mic P2RY12",0.194650214258906,4.75147256643952,0.236406576767652,0.627109748180674,0.946065263466083,0.966978269115197,"cognps_random_slope"
"4178","AC138035.1","Mic P2RY12",0.393745800452293,3.8625004628311,0.282900686489464,0.595134684446245,0.934544165252417,0.957748883630577,"cognps_random_slope"
"4179","DUSP22","Mic P2RY12",-0.0547195072473286,6.50042543886536,0.0318526908325136,0.85845184519379,0.999765323016076,0.999791880761836,"cognps_random_slope"
"4180","EXOC2","Mic P2RY12",-0.0172803680528693,7.35889417256002,0.00600685993837749,0.938265762888408,0.999765323016076,0.999791880761836,"cognps_random_slope"
"4181","GMDS","Mic P2RY12",-0.0321909880717622,8.01265978746458,0.0123783885437481,0.911473663044306,0.999765323016076,0.999791880761836,"cognps_random_slope"
"4182","GMDS-DT","Mic P2RY12",0.467378894548207,8.58238252772208,2.59707925269656,0.107938101170962,0.5559102589516,0.640385392341932,"cognps_random_slope"
"4183","MYLK4","Mic P2RY12",0.764734716513676,3.16993462517106,1.0491455161309,0.30639244627587,0.766753533621462,0.826318968993651,"cognps_random_slope"
"4184","WRNIP1","Mic P2RY12",0.209253610880991,5.22209363040639,0.353672138118589,0.791057628624658,0.990886185623222,0.999791880761836,"cognps_random_slope"
"4185","SERPINB1","Mic P2RY12",-0.44785576837289,5.6609598663788,1.21520510971628,0.271040880576797,0.744150591955715,0.804028506921564,"cognps_random_slope"
"4186","SERPINB9P1","Mic P2RY12",0.169542382480829,5.1667406998716,0.0616959099317886,0.803977065012578,0.993197797801506,0.999791880761836,"cognps_random_slope"
"4187","SERPINB9","Mic P2RY12",-0.292727878700719,8.53246751799379,0.472094258524169,0.49246811684303,0.884735626300203,0.919782428483647,"cognps_random_slope"
"4188","SERPINB6","Mic P2RY12",-0.337476994026511,7.67448141139929,1.85237011418317,0.174360216978166,0.646420631530528,0.722173203526035,"cognps_random_slope"
"4189","NQO2","Mic P2RY12",0.454075886636276,5.52432339190702,0.961292509825193,0.327520555507002,0.781740405134397,0.838171766010827,"cognps_random_slope"
"4190","RIPK1","Mic P2RY12",0.240968688376729,6.35809308735418,0.852145393330805,0.356565042704553,0.805381449061809,0.85653812343256,"cognps_random_slope"
"4191","BPHL","Mic P2RY12",0.451235322972221,4.2556361118987,0.754299464135777,0.3856976117022,0.821336297323943,0.870877549352018,"cognps_random_slope"
"4192","TUBB2A","Mic P2RY12",1.35398872414123,4.74319640556064,2.39577081154306,0.122543290613468,0.581168825167187,0.660864338941303,"cognps_random_slope"
"4193","TUBB2B","Mic P2RY12",2.17768752182321,2.8464070426925,4.06199037001494,0.0446022752272948,0.398437123319743,0.492235156926348,"cognps_random_slope"
"4194","PSMG4","Mic P2RY12",0.150881902667624,5.21956016817586,0.169381395860848,0.848178977990245,0.999765323016076,0.999791880761836,"cognps_random_slope"
"4195","SLC22A23","Mic P2RY12",0.552854773956089,7.09400529235823,0.519054286753819,0.471713392764509,0.874938571133175,0.91269983177788,"cognps_random_slope"
"4196","PXDC1","Mic P2RY12",-0.0986373999829942,4.98485736581684,0.0597443970156684,0.80703978297048,0.993352542948726,0.999791880761836,"cognps_random_slope"
"4197","PRPF4B","Mic P2RY12",-0.344294633291176,7.31484242938083,1.96274048714134,0.162082831434988,0.631954626631818,0.70895413987356,"cognps_random_slope"
"4198","ECI2","Mic P2RY12",0.230656064051468,4.25078223068613,0.211819351209583,0.801842195328931,0.992196422862696,0.999791880761836,"cognps_random_slope"
"4199","CDYL","Mic P2RY12",-0.175484297974741,8.15993377952829,0.633109557359015,0.816380254657039,0.995084767910246,0.999791880761836,"cognps_random_slope"
"4200","RPP40","Mic P2RY12",0.102398782405907,2.9828612676814,0.0148172757165713,0.944110535817957,0.999765323016076,0.999791880761836,"cognps_random_slope"
"4201","AL359643.2","Mic P2RY12",0.207416289275274,2.8073390213697,0.0522843197624411,0.913355612402709,0.999765323016076,0.999791880761836,"cognps_random_slope"
"4202","LYRM4","Mic P2RY12",0.164716813173274,6.69591031433213,0.204444727333502,0.651429460703144,0.954396673881989,0.973494108193761,"cognps_random_slope"
"4203","FARS2","Mic P2RY12",0.373505523372961,8.262712497603,2.06862427245017,0.151226741266642,0.619562690221421,0.697077669567868,"cognps_random_slope"
"4204","AL022097.1","Mic P2RY12",1.21951463546818,2.73646869350114,1.3976250148763,0.237902694073123,0.718857723398856,0.780488393172084,"cognps_random_slope"
"4205","NRN1","Mic P2RY12",2.48429667313598,3.23962212678426,4.83960449330501,0.0284488684844926,0.325710281579166,0.418159305727706,"cognps_random_slope"
"4206","F13A1","Mic P2RY12",-0.382275636315966,7.27387755857974,0.0874398721150855,0.767628074968554,0.986195564192913,0.996725051627729,"cognps_random_slope"
"4207","LY86-AS1","Mic P2RY12",0.787413107923393,4.58301196699068,2.00433472487548,0.157715540336044,0.628096866580481,0.706195999379563,"cognps_random_slope"
"4208","LY86","Mic P2RY12",0.679297978517991,9.2234531462042,7.96601832684604,0.00503132053969549,0.145311910673404,0.201826080045344,"cognps_random_slope"
"4209","RREB1","Mic P2RY12",-0.173236189026395,8.58853346396501,0.565543439852306,0.452527190114076,0.863908863777668,0.904661241634531,"cognps_random_slope"
"4210","SSR1","Mic P2RY12",-0.430998732231097,6.34663847120108,2.29806282178224,0.130413918741632,0.591630644907452,0.66913559354349,"cognps_random_slope"
"4211","AL139095.4","Mic P2RY12",0.203806559160383,3.53080678232021,0.0643254124538167,0.79993056111402,0.992143902613387,0.999791880761836,"cognps_random_slope"
"4212","RIOK1","Mic P2RY12",-0.898707268813908,5.20450263478427,6.13352529541684,0.0137234864029125,0.233682898710839,0.310950754727299,"cognps_random_slope"
"4213","SNRNP48","Mic P2RY12",-0.244611390833434,5.43533408652337,0.437504933998927,0.508752733215367,0.892216806041276,0.926776675084612,"cognps_random_slope"
"4214","BMP6","Mic P2RY12",-0.90630130381896,2.33703078982898,0.309337694867336,0.578432767749618,0.926179333251213,0.951183801105914,"cognps_random_slope"
"4215","BLOC1S5-TXNDC5","Mic P2RY12",-0.955314603873815,3.85260182850834,2.61247494808255,0.106903016646088,0.55319848018953,0.637481824764978,"cognps_random_slope"
"4216","SLC35B3","Mic P2RY12",-0.327780830261574,5.09200165160867,0.84128084267259,0.359645391183404,0.807010757068222,0.85858423257629,"cognps_random_slope"
"4217","GCNT2","Mic P2RY12",0.0464414958951268,7.73432511716888,0.0212972338137142,0.884053898672109,0.999765323016076,0.999791880761836,"cognps_random_slope"
"4218","PAK1IP1","Mic P2RY12",0.202389266186914,4.56641599030879,0.18966364112548,0.663457978981899,0.957591202813347,0.975297408100805,"cognps_random_slope"
"4219","TMEM14C","Mic P2RY12",-0.799767318374321,4.39618500906731,3.08955331360958,0.0796471835006624,0.499146433286928,0.586429050301252,"cognps_random_slope"
"4220","MAK","Mic P2RY12",-0.758703824988242,4.40433010767878,1.23040412541227,0.268069661965015,0.742629786098211,0.802125833574982,"cognps_random_slope"
"4221","SYCP2L","Mic P2RY12",1.86618836079973,3.6632082570562,3.407154565424,0.0657360072552847,0.46833427160025,0.559524739020346,"cognps_random_slope"
"4222","SMIM13","Mic P2RY12",-0.367944384228635,4.69798892551155,0.787602347930958,0.375419239039297,0.81543690655054,0.866579776333413,"cognps_random_slope"
"4223","AL139807.1","Mic P2RY12",-1.60320168806267,4.73765219838482,10.4063504017941,0.00137099243194007,0.0790416899281254,0.11225768668764,"cognps_random_slope"
"4224","NEDD9","Mic P2RY12",-0.58566445544229,6.9232837713706,2.03999101863526,0.154078424022663,0.623600453658621,0.701813337909373,"cognps_random_slope"
"4225","TMEM170B","Mic P2RY12",-0.2652750900234,5.97492574286434,0.543146910980185,0.46161198386578,0.867975613271408,0.907960406233992,"cognps_random_slope"
"4226","HIVEP1","Mic P2RY12",-1.13878711700714,5.52947736112242,2.36206302231592,0.12519701051163,0.58418006193118,0.66226339793165,"cognps_random_slope"
"4227","PHACTR1","Mic P2RY12",0.138404062286556,7.70450708192235,0.194569424247924,0.659405490179565,0.955612931885691,0.973592644066785,"cognps_random_slope"
"4228","TBC1D7","Mic P2RY12",0.428143933029349,4.53490294837556,0.718663439618206,0.39714651954682,0.828429241452076,0.876968316775435,"cognps_random_slope"
"4229","GFOD1","Mic P2RY12",-0.466868190669784,4.30551866522262,0.5793563303491,0.447063534425538,0.85930843729728,0.900880173723968,"cognps_random_slope"
"4230","SIRT5","Mic P2RY12",-0.5455029454261,4.09039700011448,1.01520268282144,0.314337095316883,0.770261998566852,0.829537614030808,"cognps_random_slope"
"4231","NOL7","Mic P2RY12",-0.699392404407621,5.05110833636327,2.60025284814383,0.107723833334433,0.555406502382066,0.639619126290439,"cognps_random_slope"
"4232","RANBP9","Mic P2RY12",-0.364361661464352,7.94042571365018,1.40363320633557,0.236898552589992,0.718023654674928,0.780382658415809,"cognps_random_slope"
"4233","MCUR1","Mic P2RY12",-0.330527352931641,4.43847747596448,0.545805659546433,0.46051846622651,0.867379896823817,0.907472145885558,"cognps_random_slope"
"4234","CD83","Mic P2RY12",-0.579911853176862,6.68996317303519,0.225513174921277,0.635159142471926,0.949736241790035,0.96945689678304,"cognps_random_slope"
"4235","AL138720.1","Mic P2RY12",-1.47717663266303,2.79200054203681,2.71225507549487,0.10045362669155,0.540500040521822,0.625940567937586,"cognps_random_slope"
"4236","JARID2","Mic P2RY12",-0.184052724129852,7.91174331530749,0.37124143351928,0.542713079432648,0.910123298286075,0.939148122050431,"cognps_random_slope"
"4237","DTNBP1","Mic P2RY12",-0.200788096885013,7.67695731477917,0.378135412779646,0.538991711328956,0.909134673890654,0.938176904122243,"cognps_random_slope"
"4238","MYLIP","Mic P2RY12",-0.975320414188921,4.85434529815369,4.07119577786742,0.0443626675760487,0.398437123319743,0.492235156926348,"cognps_random_slope"
"4239","GMPR","Mic P2RY12",0.449409655071849,3.07723328448119,0.173524297239188,0.67724697076139,0.963032358317531,0.980096514019067,"cognps_random_slope"
"4240","ATXN1","Mic P2RY12",-0.204406542077508,9.35091676553855,0.528536062503355,0.467695951503218,0.872472820566356,0.911648945086448,"cognps_random_slope"
"4241","CAP2","Mic P2RY12",1.83608425160158,4.04662722869398,6.64303441005688,0.0103520230541059,0.202083971870546,0.275102127127034,"cognps_random_slope"
"4242","FAM8A1","Mic P2RY12",-0.11928824340615,3.63128125919289,0.0368409978933243,0.877264904279973,0.999765323016076,0.999791880761836,"cognps_random_slope"
"4243","NUP153","Mic P2RY12",-0.0792504619217796,6.46945802620769,0.085070104243491,0.770708799422159,0.986443273387328,0.997526881305537,"cognps_random_slope"
"4244","KIF13A","Mic P2RY12",0.491772957495248,6.73808184288925,2.26058626611458,0.133581452416229,0.594133768280747,0.671930799804528,"cognps_random_slope"
"4245","TPMT","Mic P2RY12",0.835580206931047,5.19406981144419,3.99004069274785,0.0465228889209968,0.407219617524676,0.500648463352684,"cognps_random_slope"
"4246","KDM1B","Mic P2RY12",0.665038674102466,6.58888693874755,3.77506734798093,0.052801885049525,0.430779715700843,0.523388818398865,"cognps_random_slope"
"4247","DEK","Mic P2RY12",-0.20085287951303,6.53306109968129,0.499022437553611,0.480387377890855,0.880619779516585,0.916617425491717,"cognps_random_slope"
"4248","RNF144B","Mic P2RY12",-0.646653134289674,7.88883570532259,0.975243635862774,0.324039851653031,0.77807884823549,0.835420536201911,"cognps_random_slope"
"4249","MIR548A1HG","Mic P2RY12",-2.00209727261505,2.34349685111518,2.56202289640442,0.110336493126003,0.56065247266128,0.644627053842235,"cognps_random_slope"
"4250","AL022068.1","Mic P2RY12",0.43967700935092,3.1272066597354,0.3418151442582,0.559149952329057,0.918393002961354,0.945405405374125,"cognps_random_slope"
"4251","MBOAT1","Mic P2RY12",0.0587814826678946,3.53571987841984,0.0051119554645675,0.943041207979232,0.999765323016076,0.999791880761836,"cognps_random_slope"
"4252","E2F3","Mic P2RY12",-0.901613842948872,7.72838564827976,6.37343870075676,0.0120136304473562,0.218445945217125,0.290920836128514,"cognps_random_slope"
"4253","CDKAL1","Mic P2RY12",0.0667122772633009,8.79374650896995,0.154649734909061,0.694363949006739,0.969086781987015,0.984989885855413,"cognps_random_slope"
"4254","AL513188.1","Mic P2RY12",-1.24444236935413,3.12141481328519,1.74713544726598,0.18707743148629,0.662883304957105,0.734144594057164,"cognps_random_slope"
"4255","AL512380.2","Mic P2RY12",-0.311255957402238,3.04630477299686,0.117950909169112,0.731468296394358,0.978316173868542,0.992754357816929,"cognps_random_slope"
"4256","SOX4","Mic P2RY12",-1.9190953895254,4.01016859026283,7.16213717144119,0.00778657658608603,0.175032998672503,0.242142307148426,"cognps_random_slope"
"4257","CASC15","Mic P2RY12",-0.434459133655543,4.64764513893195,0.674569799062822,0.412007020809284,0.837449732423057,0.884008201334636,"cognps_random_slope"
"4258","AL035401.1","Mic P2RY12",-2.28827351368546,2.90004779012686,3.90455306825193,0.0489193591631384,0.41668220748101,0.51021665605815,"cognps_random_slope"
"4259","NRSN1","Mic P2RY12",2.76714764148582,3.0331057930939,8.56477462411017,0.0036451385683983,0.122427323195753,0.175846160577295,"cognps_random_slope"
"4260","MRS2","Mic P2RY12",-0.00839882528528645,4.9816695308136,0.000582356270908786,0.980760655732889,0.999765323016076,0.999791880761836,"cognps_random_slope"
"4261","GPLD1","Mic P2RY12",1.06412781088748,2.81202372079358,1.42465376674718,0.233425701558316,0.714349811962319,0.776994307047429,"cognps_random_slope"
"4262","ALDH5A1","Mic P2RY12",1.6366306742767,3.35975552742879,4.6414331607948,0.0318726041613013,0.345011929212923,0.436819368277531,"cognps_random_slope"
"4263","KIAA0319","Mic P2RY12",2.34200912317209,3.13043981515032,7.52151927547371,0.00640164668369084,0.158316060485693,0.218134474546419,"cognps_random_slope"
"4264","TDP2","Mic P2RY12",0.0414995852662229,5.13924847052883,0.01327750490843,0.908328671233326,0.999765323016076,0.999791880761836,"cognps_random_slope"
"4265","ACOT13","Mic P2RY12",0.0447384993020583,4.47579399481132,0.010604717880172,0.918036869378771,0.999765323016076,0.999791880761836,"cognps_random_slope"
"4266","C6orf62","Mic P2RY12",0.382444478859533,7.75210417529342,1.39704112783581,0.238000554224069,0.718888197917372,0.780529108831442,"cognps_random_slope"
"4267","GMNN","Mic P2RY12",-0.818255500853933,3.51965621728246,1.5826804118068,0.209191225961355,0.690145647244736,0.75604619898986,"cognps_random_slope"
"4268","RIPOR2","Mic P2RY12",0.234543238614278,4.40982277685033,0.0910892214957428,0.762971429594538,0.984139674089917,0.996023209475898,"cognps_random_slope"
"4269","CARMIL1","Mic P2RY12",-0.54448855691913,7.4844163191332,2.67356252790506,0.102902351773877,0.544411534197285,0.629390537368977,"cognps_random_slope"
"4270","TRIM38","Mic P2RY12",-0.328936704045095,7.18588302236814,1.32569922228047,0.250336680883852,0.729301365236868,0.789201257695949,"cognps_random_slope"
"4271","U91328.2","Mic P2RY12",-1.26288796150958,3.7315558172504,3.14135547654543,0.0771768985701432,0.493059534715665,0.580091661988545,"cognps_random_slope"
"4272","HIST1H1C","Mic P2RY12",-0.518411650848078,4.27617998758048,0.295410038540596,0.587111074827794,0.930668974895585,0.954801931904539,"cognps_random_slope"
"4273","HFE","Mic P2RY12",0.633367179048832,3.82486403901889,1.00277347714103,0.317313637792058,0.772390367344553,0.831061915487319,"cognps_random_slope"
"4274","HIST1H4C","Mic P2RY12",0.345841419599675,4.44906411033579,0.298636042590257,0.58507764317798,0.929204254115681,0.953214009643559,"cognps_random_slope"
"4275","HIST1H2BC","Mic P2RY12",-0.196944125650194,3.995415266969,0.0395387994069454,0.842497412471501,0.999765323016076,0.999791880761836,"cognps_random_slope"
"4276","HIST1H2AC","Mic P2RY12",0.213714609217363,8.21370985703093,0.105387967040243,0.745645987695266,0.982244103840787,0.994674014762625,"cognps_random_slope"
"4277","HIST1H1E","Mic P2RY12",-0.599122958875207,3.75412306295445,0.449559145055519,0.502974726422585,0.89016961288815,0.924712535641813,"cognps_random_slope"
"4278","HIST1H2BD","Mic P2RY12",0.442834316525305,5.68273258330552,0.365820420888793,0.545672784898583,0.911244930073703,0.940001610338548,"cognps_random_slope"
"4279","AL353759.1","Mic P2RY12",0.896183659376404,3.12306781392764,0.558628350368189,0.455301841454599,0.865333388169053,0.905598852945087,"cognps_random_slope"
"4280","HIST1H2BE","Mic P2RY12",-0.364362947090002,3.20662810885104,0.196391926356267,0.657915542306529,0.955612931885691,0.973592644066785,"cognps_random_slope"
"4281","AL031777.3","Mic P2RY12",1.12325573023634,5.38748808323427,1.85477853273372,0.174081120708564,0.646420631530528,0.722173203526035,"cognps_random_slope"
"4282","HIST1H2BF","Mic P2RY12",-0.168445037453888,3.88663681204446,0.0251665752454914,0.874041743226053,0.999765323016076,0.999791880761836,"cognps_random_slope"
"4283","HIST1H4E","Mic P2RY12",0.13905293772934,3.31015539854934,0.020581140783839,0.886006233929896,0.999765323016076,0.999791880761836,"cognps_random_slope"
"4284","HIST1H2BG","Mic P2RY12",0.66434178089873,5.30690819955815,0.534708051412025,0.465110367400749,0.870579967708347,0.910185293421244,"cognps_random_slope"
"4285","HIST1H2AE","Mic P2RY12",-0.0427690978052818,3.12780811419675,0.00122298408647698,0.97212211660057,0.999765323016076,0.999791880761836,"cognps_random_slope"
"4286","HIST1H1D","Mic P2RY12",-1.75254177441913,3.92116516301514,3.22416899210899,0.073397996164414,0.483949954288775,0.572984775873399,"cognps_random_slope"
"4287","HIST1H2BH","Mic P2RY12",-0.584470444995142,3.68483597316639,0.323785195849246,0.569696904637136,0.923355952776136,0.949073872389288,"cognps_random_slope"
"4288","HIST1H4H","Mic P2RY12",-0.0267412171002981,3.65415190012857,0.000693501781576675,0.979005206294091,0.999765323016076,0.999791880761836,"cognps_random_slope"
"4289","BTN3A2","Mic P2RY12",-0.181528814608577,5.33997938368377,0.129866443464462,0.718782115926047,0.97571529536985,0.991155764448383,"cognps_random_slope"
"4290","BTN2A2","Mic P2RY12",0.427940768956912,4.47564298955588,0.610519825838919,0.43510622270045,0.851842000059713,0.894371789823273,"cognps_random_slope"
"4291","BTN3A1","Mic P2RY12",-0.272583232301463,4.84655098937652,0.354523782147067,0.551937926695343,0.913940461589558,0.941971276104959,"cognps_random_slope"
"4292","BTN3A3","Mic P2RY12",-0.684623586908954,3.97817851214782,1.44310018757657,0.230428866534401,0.712282941519927,0.774109754385822,"cognps_random_slope"
"4293","BTN2A1","Mic P2RY12",-0.10742620344609,5.6685479892061,0.130734410805137,0.717884126203778,0.97556546051407,0.990980750995847,"cognps_random_slope"
"4294","HCG11","Mic P2RY12",0.887171719329102,4.03830230922182,2.52368280473908,0.113027130274378,0.564967017085766,0.648231150352544,"cognps_random_slope"
"4295","HMGN4","Mic P2RY12",-0.425107999333534,4.17509402824717,0.609076163493629,0.435649234421277,0.85221071235296,0.894740878389454,"cognps_random_slope"
"4296","ABT1","Mic P2RY12",-0.87403665332725,3.34432387274539,1.67811722103113,0.196005723250802,0.674402119521831,0.742805350594947,"cognps_random_slope"
"4297","ZNF322","Mic P2RY12",-0.077398398529129,5.10871608331429,0.0434042277393047,0.835083930487156,0.999366959106503,0.999791880761836,"cognps_random_slope"
"4298","HIST1H2BJ","Mic P2RY12",-0.977485447628059,4.50659770307339,0.793000188953986,0.37378981962292,0.814497133783212,0.865737773104452,"cognps_random_slope"
"4299","HIST1H2AG","Mic P2RY12",-0.532791079251972,2.7452191096422,0.230675878991451,0.631315136846155,0.948140104098994,0.968165414611017,"cognps_random_slope"
"4300","ZNF184","Mic P2RY12",0.790579244772097,3.33704005160244,1.3536284946871,0.245416134375521,0.726811407020191,0.787714514449905,"cognps_random_slope"
"4301","HIST1H3H","Mic P2RY12",-2.00844443826876,2.6557446246094,2.50846565835333,0.11411508766734,0.567424009531676,0.649688862805022,"cognps_random_slope"
"4302","HIST1H2BN","Mic P2RY12",-0.715181679744629,3.37406349148381,0.593097231612719,0.44172951961762,0.856426112904475,0.897592791327557,"cognps_random_slope"
"4303","HIST1H3J","Mic P2RY12",-2.24239399827786,2.92436103398463,3.8028316280384,0.0519426551010076,0.428622857763918,0.521624569822813,"cognps_random_slope"
"4304","AL121944.1","Mic P2RY12",0.460039586117916,3.12473357063546,0.290903424405665,0.589975934435163,0.932229989953719,0.95591648378434,"cognps_random_slope"
"4305","ZSCAN16-AS1","Mic P2RY12",0.356528747002886,4.75447989869936,0.726244464849684,0.541234924458,0.910005809466235,0.939131945809713,"cognps_random_slope"
"4306","ZKSCAN8","Mic P2RY12",-0.0888824477764982,4.51127188658058,0.0397666624116814,0.842050202023917,0.999765323016076,0.999791880761836,"cognps_random_slope"
"4307","ZSCAN9","Mic P2RY12",0.473583175401019,4.912366083981,1.65627748042496,0.211334974884013,0.691937453804216,0.757841102077314,"cognps_random_slope"
"4308","ZKSCAN4","Mic P2RY12",-0.618972126897885,3.69871475128077,1.07213917722473,0.301158502920142,0.762414699475663,0.823013995190349,"cognps_random_slope"
"4309","NKAPL","Mic P2RY12",-0.305891488005275,2.97326864756419,0.117565914326529,0.73188992438834,0.978508292770738,0.992997359939444,"cognps_random_slope"
"4310","PGBD1","Mic P2RY12",0.232303823999225,4.03439296606105,0.204981892140456,0.651002312166548,0.95432062102672,0.973300457384016,"cognps_random_slope"
"4311","ZSCAN31","Mic P2RY12",0.302097761906329,2.60540683276366,0.0715303981629808,0.78927473266627,0.990886185623222,0.999791880761836,"cognps_random_slope"
"4312","ZKSCAN3","Mic P2RY12",0.828862450452717,3.16929221392045,1.1794970250139,0.278185845041589,0.748913708851393,0.809498465776539,"cognps_random_slope"
"4313","ZSCAN12","Mic P2RY12",-0.0815977201440184,3.73911705968514,0.0203645544768085,0.886603535576344,0.999765323016076,0.999791880761836,"cognps_random_slope"
"4314","TRIM27","Mic P2RY12",-0.483441675165367,6.49172438793466,2.29068028470447,0.131031178053472,0.591810411151284,0.669219809264844,"cognps_random_slope"
"4315","GABBR1","Mic P2RY12",1.81810700184076,3.83557934004408,5.93803664846429,0.0153018696352918,0.24488080223283,0.325998671554341,"cognps_random_slope"
"4316","MOG","Mic P2RY12",0.0842307697095403,3.1969061853653,0.00826166385608351,0.927627664257183,0.999765323016076,0.999791880761836,"cognps_random_slope"
"4317","HLA-F","Mic P2RY12",-0.162403204847475,5.22383204161247,0.093229256020682,0.760287926563642,0.983190954097967,0.995414674993652,"cognps_random_slope"
"4318","HLA-A","Mic P2RY12",-0.92313504235879,6.47590871267783,2.65451839723912,0.104131609394403,0.547242234311528,0.632466026022023,"cognps_random_slope"
"4319","ZNRD1","Mic P2RY12",-0.575544379335127,3.16860250890572,0.61896250345789,0.431951218827872,0.849951886126487,0.893081371762371,"cognps_random_slope"
"4320","PPP1R11","Mic P2RY12",-0.528914589075245,4.28136665205097,0.966946460256757,0.326103983962812,0.780239151773905,0.837115754123445,"cognps_random_slope"
"4321","TRIM26","Mic P2RY12",0.0624719995629076,5.38221427369624,0.0235744044419132,0.878058893449806,0.999765323016076,0.999791880761836,"cognps_random_slope"
"4322","HCG17","Mic P2RY12",-0.370105625057953,6.02319131154455,1.40490951329853,0.236685909292248,0.717608115480863,0.780129214180369,"cognps_random_slope"
"4323","HLA-E","Mic P2RY12",-0.627508761831091,7.74314933175256,5.23616261093954,0.022701592768825,0.294635651496423,0.382685966710281,"cognps_random_slope"
"4324","GNL1","Mic P2RY12",-0.261984839166934,4.38378311214284,0.251652969494617,0.616220526700733,0.941297671539177,0.963917775753802,"cognps_random_slope"
"4325","PRR3","Mic P2RY12",0.101144230096733,4.78986835164685,0.0579155586038013,0.809958476923774,0.994034132767222,0.999791880761836,"cognps_random_slope"
"4326","ABCF1","Mic P2RY12",0.0666315832092252,4.74193026262516,0.0218209765334809,0.882647123991904,0.999765323016076,0.999791880761836,"cognps_random_slope"
"4327","PPP1R10","Mic P2RY12",-0.199136421200475,6.23966375682175,0.521108389584438,0.470838351446469,0.87428360090538,0.912416248354877,"cognps_random_slope"
"4328","MRPS18B","Mic P2RY12",-0.47233564533371,4.41316244575,1.04545877300505,0.307242596484558,0.767459627034639,0.826769615798399,"cognps_random_slope"
"4329","ATAT1","Mic P2RY12",-0.00175496914585336,4.28925094550108,3.01748708963724e-05,0.995620155661636,0.999765323016076,0.999791880761836,"cognps_random_slope"
"4330","C6orf136","Mic P2RY12",0.289767660455674,3.99744372124148,0.305566470033803,0.640955709226573,0.950874323474461,0.970806423495585,"cognps_random_slope"
"4331","DHX16","Mic P2RY12",-0.291089420661908,4.55972412924317,0.466819165598326,0.494894083604305,0.885457358395366,0.92080441651061,"cognps_random_slope"
"4332","PPP1R18","Mic P2RY12",-0.932341985676617,5.99361639788092,6.54929789095721,0.0109010780275803,0.205918108983221,0.27737301592694,"cognps_random_slope"
"4333","MDC1","Mic P2RY12",0.640460307187482,4.5592701618701,2.05545932952208,0.152530361550424,0.620900468101574,0.699084570269222,"cognps_random_slope"
"4334","MDC1-AS1","Mic P2RY12",-0.577750856486912,2.7516171026301,0.267459561415466,0.605358956859745,0.93809367950256,0.960395870070241,"cognps_random_slope"
"4335","TUBB","Mic P2RY12",-0.637046553162641,5.76512749214965,2.87218216230595,0.09098826213799,0.524312492687723,0.609173307993589,"cognps_random_slope"
"4336","FLOT1","Mic P2RY12",-0.789798461509346,7.54044124747218,5.67638821548186,0.0177137345379932,0.261770439328278,0.345827031779499,"cognps_random_slope"
"4337","IER3","Mic P2RY12",-0.416719076391123,6.25856783437617,0.530183855051382,0.467003401070317,0.871899895971838,0.911356591372077,"cognps_random_slope"
"4338","LINC00243","Mic P2RY12",-1.64991928678309,2.95993567987494,3.62869556795474,0.057588796957103,0.445324563198002,0.538503360092276,"cognps_random_slope"
"4339","DDR1","Mic P2RY12",-0.228939413344859,4.0978023094738,0.177934726859556,0.889046221766084,0.999765323016076,0.999791880761836,"cognps_random_slope"
"4340","VARS2","Mic P2RY12",-0.512882983702139,4.06419185695068,0.753893151015414,0.38582546803981,0.821357759682526,0.870909262666536,"cognps_random_slope"
"4341","HCG22","Mic P2RY12",0.424269746467159,4.51455556043927,0.110546550269758,0.739716468832279,0.980436558830992,0.994247512606934,"cognps_random_slope"
"4342","CCHCR1","Mic P2RY12",0.461894518912392,3.74248425789905,0.626062904157302,0.429324678785148,0.848086940362737,0.891697247435349,"cognps_random_slope"
"4343","POU5F1","Mic P2RY12",1.20498686803168,3.88135840399668,1.18030318725615,0.278021935562994,0.74889888612657,0.809498465776539,"cognps_random_slope"
"4344","AL662844.4","Mic P2RY12",-0.106263112357339,3.2434952262105,0.0158660526233009,0.899833564269007,0.999765323016076,0.999791880761836,"cognps_random_slope"
"4345","HCG27","Mic P2RY12",-1.32842315756706,4.08762409259448,4.00194940097017,0.0461990507717963,0.404913982598327,0.499069285888906,"cognps_random_slope"
"4346","HLA-C","Mic P2RY12",-1.51275504528423,6.05399448197693,6.01727166012304,0.0146406307794187,0.239650385698998,0.319502724925183,"cognps_random_slope"
"4347","HLA-B","Mic P2RY12",-1.01745702081434,6.73587365935286,2.56459871576371,0.110158280210559,0.56065247266128,0.644627053842235,"cognps_random_slope"
"4348","MICA","Mic P2RY12",-0.275941369518124,5.0469732254911,0.343398065063212,0.558241917694867,0.917801489268667,0.945215806277844,"cognps_random_slope"
"4349","MICB","Mic P2RY12",-0.761855287998783,3.58345748402442,1.26478887076766,0.261496628664578,0.73538817247855,0.796065864541977,"cognps_random_slope"
"4350","NFKBIL1","Mic P2RY12",-0.697672703169406,3.33468811610434,0.967165815751259,0.326049189589597,0.780239151773905,0.837115754123445,"cognps_random_slope"
"4351","TNF","Mic P2RY12",2.43123701711811,3.47342881793297,3.22354760695164,0.0734255962457738,0.483949954288775,0.572984775873399,"cognps_random_slope"
"4352","LST1","Mic P2RY12",0.265981174759256,7.0055725974675,0.412899620853665,0.52091086492271,0.898203681089643,0.930815712062428,"cognps_random_slope"
"4353","AIF1","Mic P2RY12",-0.370551763490542,5.69252555639488,0.531543730068231,0.466433099173235,0.871240569604692,0.910838700427579,"cognps_random_slope"
"4354","PRRC2A","Mic P2RY12",-0.091105897441873,5.92908242789423,0.0867229349335455,0.76855526287413,0.986294885705015,0.997038473717198,"cognps_random_slope"
"4355","BAG6","Mic P2RY12",-0.470186198326635,4.91958944448719,1.52972733905952,0.216960435408875,0.697908496138822,0.763561195175318,"cognps_random_slope"
"4356","C6orf47","Mic P2RY12",-0.0175276046792642,3.56412403993061,0.00143170865140693,0.969837900265423,0.999765323016076,0.999791880761836,"cognps_random_slope"
"4357","GPANK1","Mic P2RY12",0.39412690329585,4.10518231148576,0.58057983081383,0.639441456147361,0.950271487556261,0.97040644005083,"cognps_random_slope"
"4358","DDAH2","Mic P2RY12",0.188216605903809,5.0301988675489,0.185625786913282,0.80722402751374,0.993352542948726,0.999791880761836,"cognps_random_slope"
"4359","CLIC1","Mic P2RY12",-1.40568209935401,4.667160943172,6.14895790104848,0.0136062807258076,0.232878301111938,0.309632434303005,"cognps_random_slope"
"4360","VARS","Mic P2RY12",-0.251846957197817,4.77882141584063,0.337285861904693,0.687136940398297,0.966541875561649,0.982897568727292,"cognps_random_slope"
"4361","LSM2","Mic P2RY12",-0.416048973327523,4.13752344985726,0.656364523054558,0.418382106422776,0.840842622701204,0.886672738231011,"cognps_random_slope"
"4362","HSPA1A","Mic P2RY12",-0.447090604567039,8.8534772970687,0.135988411512745,0.712519097344186,0.974853218956876,0.989761033498679,"cognps_random_slope"
"4363","HSPA1B","Mic P2RY12",-1.23437295975431,7.25636276834287,0.987477108332671,0.321027909678347,0.775152255423339,0.83295824878563,"cognps_random_slope"
"4364","C6orf48","Mic P2RY12",-0.811076108453294,4.37384919161677,2.44035492318576,0.168699180642625,0.640254239533224,0.718150118502261,"cognps_random_slope"
"4365","NEU1","Mic P2RY12",-0.0677277008645277,3.79858561403048,0.0117189565878178,0.913854479825763,0.999765323016076,0.999791880761836,"cognps_random_slope"
"4366","EHMT2-AS1","Mic P2RY12",2.05717427363145,2.40033357322236,3.01166251170826,0.0835240751454441,0.505558324762465,0.593273558334606,"cognps_random_slope"
"4367","EHMT2","Mic P2RY12",-0.0963936682253592,5.01908979846262,0.0662958197544485,0.79695571144075,0.992143902613387,0.999791880761836,"cognps_random_slope"
"4368","NELFE","Mic P2RY12",-1.10732336026212,3.86066788248143,4.49154242774985,0.0347477066885844,0.355189944571868,0.448418458668652,"cognps_random_slope"
"4369","SKIV2L","Mic P2RY12",-0.187700849852758,3.80778044908845,0.10993716916322,0.740408814093555,0.980553267879012,0.994430877739735,"cognps_random_slope"
"4370","DXO","Mic P2RY12",-0.37113002896736,3.25315269361292,0.206693259715324,0.64964593121046,0.953989866394996,0.97281769180443,"cognps_random_slope"
"4371","STK19","Mic P2RY12",0.209569324339677,4.0380471098402,0.16506731354767,0.684775028159264,0.96526547799949,0.981938174288632,"cognps_random_slope"
"4372","TNXB","Mic P2RY12",-0.266265406150288,2.90350243075062,0.0882051943421719,0.95283119621735,0.999765323016076,0.999791880761836,"cognps_random_slope"
"4373","ATF6B","Mic P2RY12",0.0418954313819688,6.06738577883338,0.0239805879754104,0.970783304947583,0.999765323016076,0.999791880761836,"cognps_random_slope"
"4374","PRRT1","Mic P2RY12",1.39001819356944,3.29379648092146,2.84033327533497,0.0927925960463343,0.52784315601716,0.612635988723348,"cognps_random_slope"
"4375","AGPAT1","Mic P2RY12",0.407213051536578,4.22535447776052,0.74781494369304,0.387745367979747,0.823221748462705,0.872514155215431,"cognps_random_slope"
"4376","AGER","Mic P2RY12",0.488260796097029,4.06636108404293,0.907141642169944,0.341513659495922,0.792405774789648,0.845625767302657,"cognps_random_slope"
"4377","PBX2","Mic P2RY12",-0.256272661450092,5.4328881878005,0.645237632998442,0.563173096895281,0.921180945991167,0.947541181433825,"cognps_random_slope"
"4378","GPSM3","Mic P2RY12",-0.507341858525885,5.27061381693601,1.25906346007844,0.262577051433504,0.736254788655182,0.796207077951358,"cognps_random_slope"
"4379","AL662796.1","Mic P2RY12",0.369060533038703,4.02351417654516,0.210813250160072,0.646408125467112,0.952302504420343,0.971486646800615,"cognps_random_slope"
"4380","HLA-DRA","Mic P2RY12",-1.47179113210468,7.52493637748975,7.86287194503076,0.00531987234566799,0.149145626159617,0.207144252216036,"cognps_random_slope"
"4381","HLA-DRB5","Mic P2RY12",-2.11428346532415,4.82440158474247,1.7673103036549,0.184557982474048,0.66053662815611,0.731666032451923,"cognps_random_slope"
"4382","HLA-DRB1","Mic P2RY12",-0.561065293755898,6.07969619440341,0.174921984346271,0.676023656333687,0.962810601943974,0.980067760574701,"cognps_random_slope"
"4383","HLA-DQA1","Mic P2RY12",0.40929620438654,4.83505477122969,0.147769567351926,0.700903221543334,0.970461902656934,0.98555333990657,"cognps_random_slope"
"4384","HLA-DQB1","Mic P2RY12",0.414758312393396,5.81640375045286,0.134954060916302,0.7135658879109,0.975267359907595,0.990078557920128,"cognps_random_slope"
"4385","PSMB8","Mic P2RY12",0.029513228695949,4.08194828514272,0.00243885402814302,0.960640092641983,0.999765323016076,0.999791880761836,"cognps_random_slope"
"4386","PSMB9","Mic P2RY12",-0.503450705892797,5.17889264096907,1.30164468955787,0.254672194134539,0.73129610216815,0.79224517442542,"cognps_random_slope"
"4387","TAP1","Mic P2RY12",-0.416955064252035,4.1402309334928,0.535403506822642,0.464820462484657,0.8703449794267,0.910185293421244,"cognps_random_slope"
"4388","HLA-DMB","Mic P2RY12",-0.277782576316332,6.96297231712269,0.46025568857346,0.497940804823898,0.887609995655665,0.922308853833548,"cognps_random_slope"
"4389","AL645941.2","Mic P2RY12",0.421923836484699,3.45233556458809,0.25948094386469,0.610789396898264,0.939461633624571,0.962119737221802,"cognps_random_slope"
"4390","HLA-DMA","Mic P2RY12",0.816103859896557,3.43147410342854,0.622361872778397,0.430690709279625,0.848902220187712,0.892230553950301,"cognps_random_slope"
"4391","BRD2","Mic P2RY12",0.117394606582139,6.50728480280086,0.19201545990355,0.66150752513011,0.956502195108826,0.974368689014656,"cognps_random_slope"
"4392","HLA-DOA","Mic P2RY12",-1.03610689468449,4.58682139251715,3.92913819414852,0.0482170458378566,0.413937624133963,0.507812659855278,"cognps_random_slope"
"4393","HLA-DPA1","Mic P2RY12",-0.938278047203557,6.6035146415036,3.41507678427554,0.0654243094069153,0.467214377618485,0.558842693364646,"cognps_random_slope"
"4394","HLA-DPB1","Mic P2RY12",-0.70297045299261,6.63301071176178,1.50092977261667,0.221330149159778,0.702355038808946,0.766613644616252,"cognps_random_slope"
"4395","RXRB","Mic P2RY12",0.756651269703466,4.42202817643919,2.84711684015933,0.0924050404202265,0.527592886656552,0.612546791024407,"cognps_random_slope"
"4396","SLC39A7","Mic P2RY12",-0.852406948672236,3.84056234017682,2.39149088900344,0.122876737718868,0.581168825167187,0.660864338941303,"cognps_random_slope"
"4397","RING1","Mic P2RY12",0.0343887889098135,5.15634564876736,0.00832480486874438,0.927352398185575,0.999765323016076,0.999791880761836,"cognps_random_slope"
"4398","HCG25","Mic P2RY12",0.245371930979302,3.35739280530629,0.125121942677272,0.723751664126536,0.976701705810179,0.991975916828505,"cognps_random_slope"
"4399","VPS52","Mic P2RY12",-0.149011523258595,4.82045699468701,0.134071653930412,0.81862039953582,0.995204567340528,0.999791880761836,"cognps_random_slope"
"4400","RPS18","Mic P2RY12",-0.539565705036216,5.3594849425064,0.94885327075184,0.330666099229003,0.782992241597155,0.839379744306457,"cognps_random_slope"
"4401","B3GALT4","Mic P2RY12",0.073610710492513,3.59786115005828,0.0103677292253328,0.918954673044525,0.999765323016076,0.999791880761836,"cognps_random_slope"
"4402","WDR46","Mic P2RY12",0.302874099983089,4.20930399817421,0.370817429863681,0.54294350104003,0.910123298286075,0.939148122050431,"cognps_random_slope"
"4403","PFDN6","Mic P2RY12",0.0314705048661082,3.95035300426968,0.00340205016603581,0.953520479845521,0.999765323016076,0.999791880761836,"cognps_random_slope"
"4404","RGL2","Mic P2RY12",0.443102348296683,6.11608192704621,1.37376773845722,0.241941456289753,0.723556673898457,0.784717325859947,"cognps_random_slope"
"4405","TAPBP","Mic P2RY12",-0.40418145031114,6.3580680818976,1.58446603578124,0.208935065922171,0.690087527150145,0.755852645439566,"cognps_random_slope"
"4406","DAXX","Mic P2RY12",-0.4057025186371,3.64194009941224,0.451847948510648,0.501890320386868,0.889628842223565,0.924300686370266,"cognps_random_slope"
"4407","PHF1","Mic P2RY12",-0.363959866495465,4.93034254781995,0.712843322579953,0.399062797457767,0.829488070104669,0.877897744901724,"cognps_random_slope"
"4408","CUTA","Mic P2RY12",0.272051449838315,4.00365995368817,0.175318563311747,0.675677600354548,0.962810601943974,0.980067760574701,"cognps_random_slope"
"4409","SYNGAP1","Mic P2RY12",0.614407912118846,4.07893287594418,1.4809708681544,0.224420694026162,0.705976929728779,0.769637329131246,"cognps_random_slope"
"4410","SYNGAP1-AS1","Mic P2RY12",0.331455998958259,3.41765197284324,0.238066341387604,0.625903537219169,0.945166089057208,0.966312731148605,"cognps_random_slope"
"4411","BAK1","Mic P2RY12",1.10555744525883,3.11729815494278,1.98401544775468,0.159831979047955,0.62960268995345,0.706937631044709,"cognps_random_slope"
"4412","UQCC2","Mic P2RY12",-0.770238591722656,4.68322177782091,3.38604176275045,0.0665744892545035,0.469213223209642,0.560515038951995,"cognps_random_slope"
"4413","LEMD2","Mic P2RY12",-0.394405507177096,5.59780962480717,1.62800073214722,0.202803261029544,0.682946015718705,0.749304594200278,"cognps_random_slope"
"4414","HMGA1","Mic P2RY12",-0.298234784277341,3.87291369429199,0.259651746500596,0.784638193952907,0.990666707854052,0.999791880761836,"cognps_random_slope"
"4415","SMIM29","Mic P2RY12",0.295092379624325,4.11564498984,0.302184757841602,0.68499272030928,0.96526547799949,0.981938174288632,"cognps_random_slope"
"4416","NUDT3","Mic P2RY12",-0.458883199411776,6.69606438721102,1.65622629971201,0.198941341687891,0.67699667850671,0.745962233856748,"cognps_random_slope"
"4417","RPS10-NUDT3","Mic P2RY12",-0.116446355737275,3.69746366200879,0.0320518103394024,0.927745795133296,0.999765323016076,0.999791880761836,"cognps_random_slope"
"4418","PACSIN1","Mic P2RY12",0.890056486221948,3.30246804437163,1.13458707807645,0.287513636324238,0.754255972880221,0.814647163364235,"cognps_random_slope"
"4419","C6orf106","Mic P2RY12",0.162016078968604,6.63175467392893,0.358477649761089,0.549729859610517,0.912109390218929,0.940256030616682,"cognps_random_slope"
"4420","AL451165.2","Mic P2RY12",0.480922464429656,2.53166575888056,0.21140843784014,0.649803708712299,0.953989866394996,0.97281769180443,"cognps_random_slope"
"4421","SNRPC","Mic P2RY12",-1.48589549955716,4.27527196331148,10.1186965932953,0.00159533232141008,0.0869067009724246,0.124023335124794,"cognps_random_slope"
"4422","UHRF1BP1","Mic P2RY12",-0.178596024291502,6.89608098400025,0.456234159549334,0.499823292661358,0.888817933247726,0.923421792432215,"cognps_random_slope"
"4423","TAF11","Mic P2RY12",0.157761687222728,5.52470783353963,0.210830450489897,0.646394688727687,0.952302504420343,0.971486646800615,"cognps_random_slope"
"4424","ANKS1A","Mic P2RY12",-0.194703388496157,9.60117622677537,0.359910314020173,0.54893386064334,0.91189570676601,0.940046630323137,"cognps_random_slope"
"4425","ZNF76","Mic P2RY12",-0.102694846481684,5.92085115494068,0.121095607289057,0.728052837138173,0.977594945023934,0.992716167586774,"cognps_random_slope"
"4426","DEF6","Mic P2RY12",-0.11667877596647,6.99177252699417,0.216493474547813,0.642006425201368,0.951086458558869,0.970883120121208,"cognps_random_slope"
"4427","PPARD","Mic P2RY12",0.0160080695604616,8.55253514611157,0.000891607684918873,0.976195429779531,0.999765323016076,0.999791880761836,"cognps_random_slope"
"4428","FANCE","Mic P2RY12",-1.5618065742712,2.74467378282983,2.910937406917,0.0888440682911787,0.517799401397273,0.602735949038846,"cognps_random_slope"
"4429","RPL10A","Mic P2RY12",-0.652250852925914,5.43241515666307,1.67691272994161,0.196165917610335,0.674402119521831,0.742879601778263,"cognps_random_slope"
"4430","FKBP5","Mic P2RY12",-2.01873843106778,10.5578220239684,11.0156433817012,0.000995850395051605,0.0667269557204328,0.0967734791225795,"cognps_random_slope"
"4431","SRPK1","Mic P2RY12",-0.395762345856424,5.63658505560231,1.42690203372793,0.233057928963077,0.713984505367052,0.776521381336779,"cognps_random_slope"
"4432","SLC26A8","Mic P2RY12",0.123212705046935,2.7229145750757,0.0152427921777859,0.901810469656299,0.999765323016076,0.999791880761836,"cognps_random_slope"
"4433","MAPK14","Mic P2RY12",-0.635657305864541,7.38083313222073,5.13820447090277,0.02399817686614,0.301688150265612,0.392057172063135,"cognps_random_slope"
"4434","MAPK13","Mic P2RY12",-0.700461254663942,3.27847675995472,0.582962177357789,0.445654171758119,0.85886375336895,0.900014179067284,"cognps_random_slope"
"4435","Z84485.1","Mic P2RY12",0.359800045325445,3.65610400894403,0.212256413630165,0.645283041121201,0.951766738625207,0.971220118971725,"cognps_random_slope"
"4436","BRPF3","Mic P2RY12",-0.608576213390837,4.21958760713361,1.00664827883025,0.316381745588525,0.771439551061103,0.830363964411327,"cognps_random_slope"
"4437","KCTD20","Mic P2RY12",0.385233726245373,5.95003567605734,1.64821835818652,0.257283295446838,0.732650540221649,0.793604035551918,"cognps_random_slope"
"4438","STK38","Mic P2RY12",-0.626358776839326,6.634104487904,3.70946523413815,0.0548927242654508,0.436313933844455,0.529113286354637,"cognps_random_slope"
"4439","SRSF3","Mic P2RY12",-0.40638505209429,6.04252997346505,1.78912526438005,0.181878060837167,0.657493253607149,0.729889000517839,"cognps_random_slope"
"4440","CDKN1A","Mic P2RY12",0.0818663479544491,6.23700368505837,0.00695258920973323,0.933594043962468,0.999765323016076,0.999791880761836,"cognps_random_slope"
"4441","CPNE5","Mic P2RY12",-1.63150499421074,4.29344127672028,4.5653903483705,0.0332986411180424,0.350570895142168,0.443421255623102,"cognps_random_slope"
"4442","PPIL1","Mic P2RY12",0.992831674906975,3.78779394223854,1.61258487691561,0.204949878358678,0.686256186793137,0.752349608067522,"cognps_random_slope"
"4443","C6orf89","Mic P2RY12",0.031903449352788,6.11887060351512,0.0144896923700237,0.904254790473342,0.999765323016076,0.999791880761836,"cognps_random_slope"
"4444","MTCH1","Mic P2RY12",-0.000672135898761356,6.63866639255827,3.39532519389148e-06,0.99853080785682,0.999765323016076,0.999791880761836,"cognps_random_slope"
"4445","FGD2","Mic P2RY12",0.0190034168140067,8.75772215448332,0.00434395041282064,0.94748717553979,0.999765323016076,0.999791880761836,"cognps_random_slope"
"4446","PIM1","Mic P2RY12",-0.505645619765,6.15251976407953,0.328158582163701,0.567103379769373,0.922925953141032,0.948745471623017,"cognps_random_slope"
"4447","TBC1D22B","Mic P2RY12",-0.130109781005362,5.56453794968038,0.216912330638131,0.641684638853181,0.950981688448549,0.970806423495585,"cognps_random_slope"
"4448","RNF8","Mic P2RY12",0.502906701566522,4.81468306860077,1.42979446464571,0.232585815987053,0.713984505367052,0.776521381336779,"cognps_random_slope"
"4449","CMTR1","Mic P2RY12",0.105523488676306,5.06771840758,0.0810070300694169,0.949409978508131,0.999765323016076,0.999791880761836,"cognps_random_slope"
"4450","CCDC167","Mic P2RY12",0.715595924366628,3.08806086726847,0.734162966746412,0.392107717364868,0.825293567800476,0.874623554902867,"cognps_random_slope"
"4451","ZFAND3","Mic P2RY12",-0.229186695612606,10.0624345860481,1.13388138553421,0.287663356485716,0.754255972880221,0.814647163364235,"cognps_random_slope"
"4452","BTBD9","Mic P2RY12",0.0389645876248594,8.46480310240685,0.0282028229637487,0.866727272634029,0.999765323016076,0.999791880761836,"cognps_random_slope"
"4453","GLO1","Mic P2RY12",0.195756727338098,4.97847594626841,0.265498715467845,0.606683958100632,0.938472791966391,0.960920075840616,"cognps_random_slope"
"4454","KIF6","Mic P2RY12",1.64894613883614,2.98476085774534,3.61172121689413,0.0581731482350936,0.447519150113943,0.540607430733794,"cognps_random_slope"
"4455","DAAM2","Mic P2RY12",-0.721292722724872,3.14045784467451,0.580161214360345,0.446748341543328,0.859195540330387,0.900644266474852,"cognps_random_slope"
"4456","OARD1","Mic P2RY12",-0.406509711411973,5.18624416647683,0.908952396117797,0.341032892608564,0.792405774789648,0.845625767302657,"cognps_random_slope"
"4457","NFYA","Mic P2RY12",-0.15413930772083,5.26934321543615,0.144536525327329,0.704036538990152,0.971857608055937,0.986850520488248,"cognps_random_slope"
"4458","TREML1","Mic P2RY12",0.440887444444845,4.94883629985798,0.536752855653045,0.464258802111452,0.869657842758677,0.909753558765988,"cognps_random_slope"
"4459","TREM2","Mic P2RY12",-0.569857071392928,5.99232615274683,1.34356708311018,0.247174942217658,0.727284377806276,0.787803854705654,"cognps_random_slope"
"4460","TREML4","Mic P2RY12",-0.956177546479188,2.61419468067954,0.475461212292584,0.490930099479359,0.884151843354876,0.918939026529304,"cognps_random_slope"
"4461","TREM1","Mic P2RY12",-1.18069062653134,2.78902128175214,0.756355475880614,0.385051562773705,0.821275822494099,0.870877549352018,"cognps_random_slope"
"4462","FOXP4","Mic P2RY12",0.242623139248563,3.51710068078076,0.140603684323765,0.802608684414988,0.992523237184018,0.999791880761836,"cognps_random_slope"
"4463","TFEB","Mic P2RY12",0.0281398799467738,7.02645952672888,0.0107033921121769,0.917657785144523,0.999765323016076,0.999791880761836,"cognps_random_slope"
"4464","FRS3","Mic P2RY12",1.0799961593509,3.19988567900554,2.0216293804206,0.155939319114389,0.626600078398338,0.70552918912982,"cognps_random_slope"
"4465","USP49","Mic P2RY12",-0.23738072278679,4.71618637950204,0.239006443689182,0.625222639516962,0.9451521296561,0.966312731148605,"cognps_random_slope"
"4466","CCND3","Mic P2RY12",-1.06404857614572,8.79732950877737,3.49840002927311,0.06224022739306,0.458838506833911,0.550061123706993,"cognps_random_slope"
"4467","TAF8","Mic P2RY12",0.0416461608203351,5.31103597153873,0.0155515510176673,0.987452860185738,0.999765323016076,0.999791880761836,"cognps_random_slope"
"4468","GUCA1B","Mic P2RY12",-0.790329200288993,3.23135721219123,1.14156226939541,0.286039103792991,0.753986392714568,0.814248375757658,"cognps_random_slope"
"4469","MRPS10","Mic P2RY12",0.200358320862593,3.94222405192627,0.165374738873207,0.684497474852525,0.96526547799949,0.981938174288632,"cognps_random_slope"
"4470","TRERF1","Mic P2RY12",-0.600499682948592,7.0754500076171,1.02138227152531,0.312870833423794,0.769925425264061,0.829109420683519,"cognps_random_slope"
"4471","UBR2","Mic P2RY12",-0.0683274096075931,7.75350195494365,0.111560124047971,0.738569581672224,0.980436558830992,0.994247512606934,"cognps_random_slope"
"4472","TBCC","Mic P2RY12",1.00491852938076,3.60109724538504,1.98886634646035,0.15932378043408,0.62960268995345,0.706937631044709,"cognps_random_slope"
"4473","BICRAL","Mic P2RY12",-0.0535262311257454,7.69436811642914,0.0388096591445475,0.843937517185728,0.999765323016076,0.999791880761836,"cognps_random_slope"
"4474","RPL7L1","Mic P2RY12",-0.204196731525415,5.71581266103132,0.53215393945661,0.466177553888246,0.8711997606249,0.910838700427579,"cognps_random_slope"
"4475","C6orf226","Mic P2RY12",-0.369913644167074,3.64791055854393,0.285831544829601,0.593234615908305,0.933534082709634,0.956961229461436,"cognps_random_slope"
"4476","PTCRA","Mic P2RY12",-2.17265501675658,2.92568714762013,5.57125482230859,0.0187909131352257,0.26945337049154,0.356103010799918,"cognps_random_slope"
"4477","CNPY3","Mic P2RY12",-0.809446715876951,6.76024773726767,5.5444871374935,0.0190758795443342,0.271375649441213,0.357391017593768,"cognps_random_slope"
"4478","AL035587.1","Mic P2RY12",-0.634712741641115,5.69305363798604,2.44992082761536,0.118410277506399,0.575619759730735,0.655064952022695,"cognps_random_slope"
"4479","PEX6","Mic P2RY12",0.245114008724965,5.50247035151506,0.361380943548587,0.548119006683879,0.91189570676601,0.940046630323137,"cognps_random_slope"
"4480","PPP2R5D","Mic P2RY12",0.131119910163907,3.97970188495657,0.0544668738342631,0.815598044653778,0.994998646801205,0.999791880761836,"cognps_random_slope"
"4481","MEA1","Mic P2RY12",-0.387054284767739,3.00250448602828,0.191542792942168,0.661898378496536,0.956551296261413,0.974435088363877,"cognps_random_slope"
"4482","KLHDC3","Mic P2RY12",-0.0773472653052117,5.29250048794753,0.0507881832700465,0.821825416620743,0.996726931048618,0.999791880761836,"cognps_random_slope"
"4483","RRP36","Mic P2RY12",0.0857700639583195,5.30940521682646,0.0572313230651883,0.811062985299045,0.994447726155304,0.999791880761836,"cognps_random_slope"
"4484","CUL7","Mic P2RY12",0.652200457233361,4.2984640839899,2.11250699192378,0.146971855034973,0.613906387967251,0.691749576568572,"cognps_random_slope"
"4485","KLC4","Mic P2RY12",-0.617033009902987,4.67331257467604,2.11855472209571,0.259256110640164,0.733799859860673,0.794637250365552,"cognps_random_slope"
"4486","MRPL2","Mic P2RY12",0.0321022791205883,3.52154463240635,0.00355467793796181,0.95249051360522,0.999765323016076,0.999791880761836,"cognps_random_slope"
"4487","PTK7","Mic P2RY12",0.677902894035324,2.89486634693134,0.546600018366546,0.460192553039566,0.866903145918681,0.907242372423074,"cognps_random_slope"
"4488","SRF","Mic P2RY12",-0.448898278705838,3.34978232633646,0.449945236148672,0.502791520931179,0.890035562007543,0.924712535641813,"cognps_random_slope"
"4489","CUL9","Mic P2RY12",0.155285647075929,5.30855464198409,0.196223401189826,0.65805296858024,0.955612931885691,0.973592644066785,"cognps_random_slope"
"4490","DNPH1","Mic P2RY12",-0.0943297469531954,3.23158385538322,0.0136721441731482,0.906982424882657,0.999765323016076,0.999791880761836,"cognps_random_slope"
"4491","ZNF318","Mic P2RY12",0.0270371529234242,4.91633576415948,0.00464937696235713,0.945675195437553,0.999765323016076,0.999791880761836,"cognps_random_slope"
"4492","ABCC10","Mic P2RY12",0.0688159322773687,5.36518335319301,0.0420425746693149,0.837654642317338,0.999700499758612,0.999791880761836,"cognps_random_slope"
"4493","TJAP1","Mic P2RY12",-0.154157564928375,5.12719312077853,0.211811453649202,0.825433921680511,0.997442739805277,0.999791880761836,"cognps_random_slope"
"4494","POLR1C","Mic P2RY12",0.0740529098407541,4.55544236379743,0.0197447407585736,0.888330996244711,0.999765323016076,0.999791880761836,"cognps_random_slope"
"4495","YIPF3","Mic P2RY12",0.876423490182702,4.27884981274122,3.31078586984453,0.0696578858547092,0.478956043272939,0.570031592230279,"cognps_random_slope"
"4496","XPO5","Mic P2RY12",-0.31848760714374,6.30506088577366,1.03835797597336,0.30888868492522,0.76785366002022,0.827095076785596,"cognps_random_slope"
"4497","POLH","Mic P2RY12",0.3994935068108,4.5238273299956,0.70593970529096,0.401353271567988,0.829881589272977,0.878039616226327,"cognps_random_slope"
"4498","GTPBP2","Mic P2RY12",-0.478709708898562,4.66917703029555,1.30118869555738,0.254755272084799,0.73129610216815,0.79224517442542,"cognps_random_slope"
"4499","MRPS18A","Mic P2RY12",-0.309265474945379,3.51432815313159,0.256676863969998,0.612722911278874,0.940399122416995,0.963142172997874,"cognps_random_slope"
"4500","VEGFA","Mic P2RY12",-0.86422481629467,4.8690553948558,0.565538031224808,0.452529349911021,0.863908863777668,0.904661241634531,"cognps_random_slope"
"4501","AL109615.3","Mic P2RY12",-1.24934512891125,2.85597909650185,1.28663442640175,0.257424621743618,0.732741579436326,0.793822746164665,"cognps_random_slope"
"4502","MRPL14","Mic P2RY12",-0.229958192760238,4.51807591536335,0.214365815507698,0.643646875238699,0.951443629329721,0.970883120121208,"cognps_random_slope"
"4503","TMEM63B","Mic P2RY12",-0.62535641522648,5.32636345764278,2.63435909538703,0.105450468403249,0.549219481955669,0.63464517088928,"cognps_random_slope"
"4504","SLC29A1","Mic P2RY12",-1.36067577593574,5.54460118311185,11.6274953456836,0.000723601755527456,0.0563778321268805,0.0832326611141148,"cognps_random_slope"
"4505","HSP90AB1","Mic P2RY12",0.00141977556533223,7.62153489850363,7.42720694570937e-06,0.997827046768971,0.999765323016076,0.999791880761836,"cognps_random_slope"
"4506","SLC35B2","Mic P2RY12",-1.22143270671962,3.34914186190114,3.13013238476817,0.0777049784366027,0.493481103236767,0.580606093640182,"cognps_random_slope"
"4507","NFKBIE","Mic P2RY12",-0.999380556002453,3.58518411001203,1.9604836290483,0.162323724083456,0.631992965964721,0.70895413987356,"cognps_random_slope"
"4508","AARS2","Mic P2RY12",0.362430350127209,3.67418822464278,0.411365955635658,0.521685557561751,0.898484533721248,0.930932475481216,"cognps_random_slope"
"4509","CDC5L","Mic P2RY12",-0.0630727207426339,5.75564331528237,0.0464463193267426,0.829488708347566,0.998693448757996,0.999791880761836,"cognps_random_slope"
"4510","SUPT3H","Mic P2RY12",-0.164931973658211,8.13993641354785,0.463409937891577,0.496472681311615,0.886333269600244,0.92129307139183,"cognps_random_slope"
"4511","RUNX2","Mic P2RY12",-0.523623906394153,8.86646369269126,2.91653379581846,0.0885390128780785,0.516548241871628,0.602099134201325,"cognps_random_slope"
"4512","AL096865.1","Mic P2RY12",-0.520710295129991,4.17280176729645,0.811761054470527,0.368203070034972,0.812104761618872,0.862758334302347,"cognps_random_slope"
"4513","AL035701.1","Mic P2RY12",0.420472300045353,2.6585580889077,0.10053209523122,0.751376018720886,0.982244103840787,0.994674014762625,"cognps_random_slope"
"4514","ENPP4","Mic P2RY12",-0.215067498733683,4.13274831246387,0.094856744189777,0.758269598264588,0.983190954097967,0.995414674993652,"cognps_random_slope"
"4515","RCAN2","Mic P2RY12",1.35652651585281,4.26171161424194,3.9551454076983,0.0474857279380564,0.410083300943178,0.502922623767295,"cognps_random_slope"
"4516","CYP39A1","Mic P2RY12",1.5130319732199,2.69972856527997,0.948938968067763,0.330646115787342,0.782992241597155,0.839379744306457,"cognps_random_slope"
"4517","SLC25A27","Mic P2RY12",0.390847307084442,4.56293486038108,0.492866072396492,0.483105700939433,0.881429475600999,0.916739510069731,"cognps_random_slope"
"4518","AL591242.1","Mic P2RY12",0.589655237139652,2.48518644626182,0.253591974573117,0.614865454081045,0.940879358414831,0.96371952601899,"cognps_random_slope"
"4519","PLA2G7","Mic P2RY12",-0.27230975842567,6.1519997181735,0.255398101871495,0.613609074967677,0.940399122416995,0.963142172997874,"cognps_random_slope"
"4520","MEP1A","Mic P2RY12",-0.491705782423602,3.53735999972937,0.31399726020055,0.575586504562319,0.924900775009009,0.950322446996267,"cognps_random_slope"
"4521","TNFRSF21","Mic P2RY12",2.87554419902766,3.29728392272941,7.40109631328684,0.00683506920199563,0.163274086231628,0.22495859147298,"cognps_random_slope"
"4522","CD2AP","Mic P2RY12",-0.0192503472504167,7.33483625650237,0.00701810876940791,0.933282610536651,0.999765323016076,0.999791880761836,"cognps_random_slope"
"4523","PTCHD4","Mic P2RY12",0.320791588078726,7.08376911864914,0.303451977421316,0.582068430967246,0.927859733775962,0.9522571873954,"cognps_random_slope"
"4524","MUT","Mic P2RY12",0.725855204253454,4.24033152883917,2.21162960674263,0.137850128796741,0.602128284225921,0.678608226205031,"cognps_random_slope"
"4525","CENPQ","Mic P2RY12",0.806713541831188,3.88730963583271,1.91222347330221,0.231478521171325,0.71251308323617,0.774804656240754,"cognps_random_slope"
"4526","MCM3","Mic P2RY12",-1.1127002426142,4.44657071882147,5.19968834809316,0.0231756270403619,0.297220738505179,0.386522391137933,"cognps_random_slope"
"4527","EFHC1","Mic P2RY12",0.487476385504339,4.88155201921693,1.28770367733848,0.257227339496022,0.732650540221649,0.793604035551918,"cognps_random_slope"
"4528","TRAM2","Mic P2RY12",0.48960861732145,4.74164288258319,1.36153804813849,0.244044243934501,0.725752099942929,0.786644664417554,"cognps_random_slope"
"4529","TMEM14A","Mic P2RY12",0.517737881283546,3.8009242619243,0.632276557439437,0.427045960415194,0.847227655008257,0.891073178269958,"cognps_random_slope"
"4530","GSTA4","Mic P2RY12",1.90722646342722,3.84864092960512,10.500081553508,0.00130504948181335,0.0780757504722354,0.110196032087948,"cognps_random_slope"
"4531","ICK","Mic P2RY12",-0.243284959194296,4.62007741731657,0.264868824650946,0.935546297329856,0.999765323016076,0.999791880761836,"cognps_random_slope"
"4532","FBXO9","Mic P2RY12",0.285393159874329,5.94012559677934,1.1136844855467,0.291990863703677,0.757135170476472,0.818402479919089,"cognps_random_slope"
"4533","ELOVL5","Mic P2RY12",-0.270978172808653,6.66773349543146,0.276444374491619,0.599365277163314,0.936283425111275,0.959054741582592,"cognps_random_slope"
"4534","GCLC","Mic P2RY12",-1.22992117617147,5.50637748973242,9.01641970744738,0.00286281825917423,0.11004659914288,0.157590933623265,"cognps_random_slope"
"4535","LRRC1","Mic P2RY12",-0.532943893529041,4.65247756480465,1.30455606491383,0.254142556354531,0.730761427230338,0.791788478770448,"cognps_random_slope"
"4536","MLIP","Mic P2RY12",3.54202117431282,3.38207375160806,15.8146367924574,8.44772360202103e-05,0.0225356619741144,0.0351553024666095,"cognps_random_slope"
"4537","DST","Mic P2RY12",-0.353757685619055,8.87259927051097,1.68601348762766,0.194959337411848,0.67374793633366,0.742219972915481,"cognps_random_slope"
"4538","AL512422.1","Mic P2RY12",-0.267764598893544,3.00392359007369,0.0816539537265073,0.775232929378322,0.988007274046495,0.998208143973629,"cognps_random_slope"
"4539","BEND6","Mic P2RY12",1.39389729643395,3.43229343151055,2.69192023210219,0.101732478650546,0.542074332563011,0.6273410096216,"cognps_random_slope"
"4540","KIAA1586","Mic P2RY12",-0.117739775521555,4.44089335309138,0.0712013936380552,0.813502275767888,0.994763030214352,0.999791880761836,"cognps_random_slope"
"4541","ZNF451","Mic P2RY12",-0.26892962300682,6.93873131195788,1.53266787108843,0.216520076789554,0.697496526215581,0.762844996283872,"cognps_random_slope"
"4542","ZNF451-AS1","Mic P2RY12",-1.91810793007146,3.55623806583842,4.65330694680832,0.0316557798679838,0.344876337499984,0.436122190240716,"cognps_random_slope"
"4543","BAG2","Mic P2RY12",0.396523502187519,4.14091799766227,0.289640366482107,0.590784002104846,0.932520189894823,0.956137345250529,"cognps_random_slope"
"4544","RAB23","Mic P2RY12",-0.960674016126379,3.11316597724118,1.18930906713719,0.276199115891553,0.747595304395617,0.807535866654787,"cognps_random_slope"
"4545","PRIM2","Mic P2RY12",0.194463430790761,7.65457937696194,0.719186242115784,0.396975039455594,0.828429241452076,0.876968316775435,"cognps_random_slope"
"4546","AL021368.2","Mic P2RY12",0.273857985571459,3.99921982032065,0.257696270079806,0.710018128291884,0.973488894113894,0.988890731326174,"cognps_random_slope"
"4547","AL445250.1","Mic P2RY12",0.328116696013803,3.38166154789747,0.158902474952303,0.690405569274156,0.967087387252322,0.983834746694361,"cognps_random_slope"
"4548","KHDRBS2","Mic P2RY12",0.0984904717068316,6.15608326446887,0.0383200382851956,0.844912456120855,0.999765323016076,0.999791880761836,"cognps_random_slope"
"4549","PTP4A1","Mic P2RY12",-0.162505037749703,4.23598119494298,0.0969403076143433,0.755713152783838,0.983055976440547,0.995414674993652,"cognps_random_slope"
"4550","PHF3","Mic P2RY12",-0.215675786687333,7.4408827632477,0.547505259384964,0.459821593023378,0.866792533233255,0.907242372423074,"cognps_random_slope"
"4551","EYS","Mic P2RY12",0.359609039030943,3.60976092118844,0.294284873505655,0.587823679882001,0.931173668000769,0.95504462696017,"cognps_random_slope"
"4552","AL391807.1","Mic P2RY12",1.32867757726879,3.54752904067919,2.9262350592535,0.0880129007648792,0.515460421700316,0.60092393935318,"cognps_random_slope"
"4553","ADGRB3","Mic P2RY12",1.00962383828152,7.72427080069447,3.37977125130539,0.0668257230522718,0.469860464141773,0.561112076802037,"cognps_random_slope"
"4554","LMBRD1","Mic P2RY12",-0.255758159379817,7.19607301687044,0.843713225898775,0.358952578051972,0.806997823664322,0.858356583812229,"cognps_random_slope"
"4555","COL19A1","Mic P2RY12",-0.455762410947423,5.57462413662304,0.687290141632748,0.407637534874367,0.834389889239559,0.88213317623454,"cognps_random_slope"
"4556","FAM135A","Mic P2RY12",-0.441459367549402,8.61690925548897,2.22523484159107,0.136648663829496,0.601269752075375,0.678086167366028,"cognps_random_slope"
"4557","SDHAF4","Mic P2RY12",-0.435602990482771,3.71017976679301,0.507961797056211,0.476484679017774,0.878559601474573,0.914631510298486,"cognps_random_slope"
"4558","SMAP1","Mic P2RY12",-0.226773679776189,7.28857049666207,1.2356044716736,0.267062429027867,0.742203154583669,0.801187287083602,"cognps_random_slope"
"4559","B3GAT2","Mic P2RY12",-1.33872067353694,3.09466625097623,2.39114541471229,0.12290369752435,0.581168825167187,0.660864338941303,"cognps_random_slope"
"4560","OGFRL1","Mic P2RY12",-0.573980283360504,8.40397625909408,1.58755346868728,0.208493030655668,0.689568715448822,0.754950683011725,"cognps_random_slope"
"4561","AL136164.2","Mic P2RY12",-0.906598910820921,3.94163501165512,1.51232256652491,0.219588929141368,0.700641380490504,0.765654809224497,"cognps_random_slope"
"4562","LINC00472","Mic P2RY12",-1.46703045716856,3.12509929561414,2.94677643268506,0.0869101044177692,0.512849982079492,0.598286505068277,"cognps_random_slope"
"4563","RIMS1","Mic P2RY12",1.87735341832683,4.44785499850036,7.66881675865585,0.00590957664297217,0.154741440098952,0.213382850900519,"cognps_random_slope"
"4564","KCNQ5","Mic P2RY12",1.13306735708177,5.71375383754227,3.29407666508932,0.0703631035597323,0.47989795504723,0.571326340789623,"cognps_random_slope"
"4565","KHDC1","Mic P2RY12",0.726517474380943,2.77661292881451,0.564491458005131,0.452947576796837,0.864282242952016,0.904971917660819,"cognps_random_slope"
"4566","AC019205.1","Mic P2RY12",-0.0854172920923186,4.49716470383866,0.0253061850954132,0.873695791058101,0.999765323016076,0.999791880761836,"cognps_random_slope"
"4567","OOEP","Mic P2RY12",-1.4769181806132,4.73181456328225,3.88411980381152,0.0495113228197324,0.417854603181355,0.510316389867414,"cognps_random_slope"
"4568","CGAS","Mic P2RY12",0.223398866643108,5.88780914459971,0.249699870461063,0.617592073475675,0.941696996000635,0.963917775753802,"cognps_random_slope"
"4569","MTO1","Mic P2RY12",0.0230954182979911,5.30377605676363,0.0054661867583582,0.941104274045011,0.999765323016076,0.999791880761836,"cognps_random_slope"
"4570","EEF1A1","Mic P2RY12",-0.880711647252794,6.74061521273771,4.07962789559343,0.0441443820135658,0.398437123319743,0.492235156926348,"cognps_random_slope"
"4571","AL121972.1","Mic P2RY12",1.52700187103391,2.40459776402186,1.57399784007195,0.210442131577752,0.691204591969072,0.757027190595535,"cognps_random_slope"
"4572","SLC17A5","Mic P2RY12",-0.541392314289393,6.10921027398038,3.3030489930553,0.0699834739350977,0.479717920309076,0.570624744978943,"cognps_random_slope"
"4573","COX7A2","Mic P2RY12",-0.44189609411821,4.25901157259753,0.662713141610626,0.416142429068631,0.840226315181969,0.886196345671805,"cognps_random_slope"
"4574","TMEM30A","Mic P2RY12",-0.1070032010508,5.73770591253217,0.122737076346776,0.726289766718099,0.977476012617602,0.99250904155775,"cognps_random_slope"
"4575","AL080250.1","Mic P2RY12",0.0993183464800357,3.30599984655884,0.0189716268586323,0.890524943175863,0.999765323016076,0.999791880761836,"cognps_random_slope"
"4576","FILIP1","Mic P2RY12",0.318478812762905,2.76357992487596,0.108567235725801,0.827503167828747,0.998295111550812,0.999791880761836,"cognps_random_slope"
"4577","SENP6","Mic P2RY12",-0.106318413868008,8.45235702865845,0.36781533054318,0.544580156727272,0.910873524750646,0.939872895461713,"cognps_random_slope"
"4578","MYO6","Mic P2RY12",0.735276343444295,6.10529555664048,4.90711862932785,0.0273722396155626,0.319525595024525,0.411679214231393,"cognps_random_slope"
"4579","MEI4","Mic P2RY12",0.460463777036133,4.28157300074049,0.410654334538933,0.522045708018226,0.898873767589908,0.931404239475847,"cognps_random_slope"
"4580","IRAK1BP1","Mic P2RY12",1.01570728774796,4.59079282776205,4.39010090774408,0.0368471016094405,0.365541931273156,0.459268877840791,"cognps_random_slope"
"4581","PHIP","Mic P2RY12",-0.286250579561653,8.51071351264653,2.32835185566295,0.127915265048366,0.588279080112865,0.665657920588163,"cognps_random_slope"
"4582","HMGN3","Mic P2RY12",-0.452385236968168,6.64804596494185,1.58880324669873,0.208314412625912,0.689568715448822,0.754934645981545,"cognps_random_slope"
"4583","LCA5","Mic P2RY12",1.04088935333443,2.95311399022862,1.36607558264165,0.243261457375834,0.725399819825001,0.786171094687239,"cognps_random_slope"
"4584","SH3BGRL2","Mic P2RY12",1.41190163298617,3.11318651577445,2.98164584437827,0.0850723193536154,0.508272024813999,0.595543259971628,"cognps_random_slope"
"4585","ELOVL4","Mic P2RY12",1.10192248603453,2.77046145884129,1.10656961666469,0.293535161016892,0.758598974125644,0.819031219879547,"cognps_random_slope"
"4586","BCKDHB","Mic P2RY12",0.256138064774161,6.9135294385835,0.802668416602473,0.370896040894571,0.812104761618872,0.863532460737016,"cognps_random_slope"
"4587","AL359715.1","Mic P2RY12",2.05017595623978,2.97577602033172,5.35607200398177,0.0212130827509346,0.286753406920231,0.374110557535658,"cognps_random_slope"
"4588","TENT5A","Mic P2RY12",0.403720950778169,5.57999836129808,0.35203456143871,0.55333662567336,0.915245752257084,0.943022585445812,"cognps_random_slope"
"4589","LINC02542","Mic P2RY12",0.0680683403318809,3.63887146424138,0.00574553150969354,0.939620933909369,0.999765323016076,0.999791880761836,"cognps_random_slope"
"4590","IBTK","Mic P2RY12",0.209903381094043,7.33920247968506,0.679086018789684,0.45159870605031,0.863566532502883,0.904280382618726,"cognps_random_slope"
"4591","UBE3D","Mic P2RY12",0.236255213744991,6.65738494370044,0.647591748786374,0.421506689558106,0.84296762375578,0.888025371019322,"cognps_random_slope"
"4592","DOPEY1","Mic P2RY12",0.374638839728867,7.18694623007824,2.73807012204137,0.0988554628189508,0.537484114202283,0.623301366148007,"cognps_random_slope"
"4593","PGM3","Mic P2RY12",-0.0227200066596074,4.81729461661426,0.00308156842359969,0.955761495367342,0.999765323016076,0.999791880761836,"cognps_random_slope"
"4594","RWDD2A","Mic P2RY12",0.680990415902386,2.95745077497918,0.735688664895513,0.39161671051561,0.825100794373265,0.874399834827947,"cognps_random_slope"
"4595","ME1","Mic P2RY12",1.01412765210359,3.55930211766533,1.63699809500748,0.201562683132424,0.681246284150722,0.748514361920689,"cognps_random_slope"
"4596","SNAP91","Mic P2RY12",1.66265107889147,4.39514317637606,6.34472553015868,0.0122061169664009,0.219913656488115,0.292752028731391,"cognps_random_slope"
"4597","CYB5R4","Mic P2RY12",-0.24160633915427,7.13401383999153,0.987562134267444,0.321007105624575,0.775152255423339,0.83295824878563,"cognps_random_slope"
"4598","CEP162","Mic P2RY12",0.538921271709738,5.86086906418273,3.28214389759961,0.0708714283055737,0.481432815573689,0.571978509732139,"cognps_random_slope"
"4599","TBX18","Mic P2RY12",-1.27340778975894,2.89361479558512,1.31217246423754,0.252763398592618,0.730165031234622,0.790343567499959,"cognps_random_slope"
"4600","SNX14","Mic P2RY12",-0.157627450313387,6.78488424048994,0.477299982856699,0.838665361794534,0.999700499758612,0.999791880761836,"cognps_random_slope"
"4601","AL589666.1","Mic P2RY12",-0.804555394785545,3.19467784156311,1.03140811947458,0.310510929595007,0.769018105249064,0.828457858901707,"cognps_random_slope"
"4602","SYNCRIP","Mic P2RY12",-0.502587340309798,5.80035172375458,2.15449481116459,0.143027224847292,0.609460689538606,0.686090685000684,"cognps_random_slope"
"4603","HTR1E","Mic P2RY12",1.10279614297827,2.75976592031006,1.36984100705096,0.242614200511979,0.72427523652213,0.78520487375001,"cognps_random_slope"
"4604","ZNF292","Mic P2RY12",-0.162672669030506,8.51547340023054,0.255493776016245,0.613542677827682,0.940399122416995,0.963142172997874,"cognps_random_slope"
"4605","SMIM8","Mic P2RY12",0.311889050863353,5.1979192857627,0.606936946443418,0.436455776184748,0.853113164622492,0.895268444553284,"cognps_random_slope"
"4606","SLC35A1","Mic P2RY12",0.253209921441933,3.34088133630304,0.144268542188788,0.704298050483799,0.971967869874564,0.987038759677174,"cognps_random_slope"
"4607","RARS2","Mic P2RY12",-0.327049024556172,6.26722667357831,1.61877887931888,0.204084165842711,0.685282465262159,0.75151560401391,"cognps_random_slope"
"4608","ORC3","Mic P2RY12",0.280126119435518,5.63097221789031,0.802803178980898,0.370855927562212,0.812104761618872,0.863532460737016,"cognps_random_slope"
"4609","AKIRIN2","Mic P2RY12",-0.205932198111512,5.33242108718459,0.298779368422287,0.584987632817111,0.929171419625709,0.953189348505738,"cognps_random_slope"
"4610","CNR1","Mic P2RY12",2.86114468989398,2.96294448958286,7.7555172522032,0.00563824180442033,0.152674796573943,0.211547649981078,"cognps_random_slope"
"4611","RNGTT","Mic P2RY12",0.259885234822591,7.39932588384849,0.784966267526958,0.37621861288457,0.816074074338965,0.866998735304368,"cognps_random_slope"
"4612","PNRC1","Mic P2RY12",-0.41163488318977,6.13563717906468,0.807501653568634,0.369461165953747,0.812104761618872,0.863532460737016,"cognps_random_slope"
"4613","SRSF12","Mic P2RY12",0.630500265751328,3.07786415734789,0.474587787764851,0.4913283045368,0.884362129418206,0.919391398797807,"cognps_random_slope"
"4614","PM20D2","Mic P2RY12",0.445154894295764,4.2778549402367,0.707143051071015,0.40095265337558,0.829881589272977,0.878039616226327,"cognps_random_slope"
"4615","GABRR2","Mic P2RY12",-0.976534795103351,2.83488837462071,0.7971806037264,0.372534716913849,0.813370647550915,0.864748325860862,"cognps_random_slope"
"4616","UBE2J1","Mic P2RY12",-0.916489028611926,6.03002196286944,2.31525181046631,0.128989305151527,0.588940468807355,0.666354407449888,"cognps_random_slope"
"4617","RRAGD","Mic P2RY12",-0.688069554742485,3.92155602985134,1.10668878128189,0.293509209978613,0.758598974125644,0.819031219879547,"cognps_random_slope"
"4618","ANKRD6","Mic P2RY12",-0.165394473233857,6.08297281454417,0.27107251497851,0.602933622229537,0.937231206636526,0.959734734155589,"cognps_random_slope"
"4619","LYRM2","Mic P2RY12",0.0784179800976476,4.89772868694944,0.0381543544493618,0.93664851963627,0.999765323016076,0.999791880761836,"cognps_random_slope"
"4620","MDN1","Mic P2RY12",-0.479215733778066,6.49584268818919,2.75117649798724,0.0980547524165468,0.536413249822253,0.622624745113121,"cognps_random_slope"
"4621","CASP8AP2","Mic P2RY12",-0.0594597150293836,6.03349178581153,0.0487835624023514,0.93834704102769,0.999765323016076,0.999791880761836,"cognps_random_slope"
"4622","BACH2","Mic P2RY12",0.0772471945323188,4.05605957134884,0.00798272338778755,0.928856603793996,0.999765323016076,0.999791880761836,"cognps_random_slope"
"4623","MAP3K7","Mic P2RY12",-0.160949839010067,6.31880190617307,0.362054032798587,0.547746810991826,0.91189570676601,0.940046630323137,"cognps_random_slope"
"4624","EPHA7","Mic P2RY12",2.05385441296181,2.87485229317589,4.55880018641534,0.0334253390435081,0.351044646177157,0.443801100551173,"cognps_random_slope"
"4625","MANEA","Mic P2RY12",0.110035687223695,3.89739080111115,0.0349326234517844,0.851842307143402,0.999765323016076,0.999791880761836,"cognps_random_slope"
"4626","FUT9","Mic P2RY12",2.49858124762828,4.07347938323062,11.5835960875756,0.000740333550662866,0.0571519645255389,0.0844948181701688,"cognps_random_slope"
"4627","UFL1-AS1","Mic P2RY12",-0.0734705101863297,4.03696655248655,0.0114652495334368,0.914788469309094,0.999765323016076,0.999791880761836,"cognps_random_slope"
"4628","UFL1","Mic P2RY12",-0.0660784200140356,5.91163613245433,0.0581023353794536,0.809658178399172,0.994034132767222,0.999791880761836,"cognps_random_slope"
"4629","NDUFAF4","Mic P2RY12",-0.0872921721875056,4.4318176737534,0.0300540625818244,0.862465153427486,0.999765323016076,0.999791880761836,"cognps_random_slope"
"4630","KLHL32","Mic P2RY12",1.29772493449463,4.11118876151907,4.08490269048976,0.0440084088720635,0.397678143826381,0.491429272478363,"cognps_random_slope"
"4631","MMS22L","Mic P2RY12",-0.566730913236697,6.02225535300622,2.686691606557,0.102064186217441,0.542547465093188,0.628056716734356,"cognps_random_slope"
"4632","AL589740.1","Mic P2RY12",1.19438050247882,3.99149085611892,3.37526846151371,0.0670067589424284,0.469949863274967,0.561242036135161,"cognps_random_slope"
"4633","FBXL4","Mic P2RY12",-0.599750271629148,6.55866539070558,3.87016685490286,0.0499199113672189,0.418083513064701,0.510316389867414,"cognps_random_slope"
"4634","COQ3","Mic P2RY12",1.36989271351266,2.94520256470308,2.17480470723063,0.141162198523611,0.606513184486986,0.682980292207887,"cognps_random_slope"
"4635","PNISR","Mic P2RY12",-0.256149661874175,9.00656759782487,1.2038251960571,0.273292593051617,0.74575321512619,0.805198838257803,"cognps_random_slope"
"4636","AL513550.1","Mic P2RY12",0.261530261476521,4.39782513698929,0.304082154035437,0.72511045974968,0.976701705810179,0.992103026315284,"cognps_random_slope"
"4637","USP45","Mic P2RY12",-0.683673650497278,5.68648903686507,4.24268917839089,0.0401389048212515,0.381490399652193,0.475528959114617,"cognps_random_slope"
"4638","TSTD3","Mic P2RY12",-0.00361570994083145,3.15178215525943,1.54962977698501e-05,0.996861291327698,0.999765323016076,0.999791880761836,"cognps_random_slope"
"4639","CCNC","Mic P2RY12",-0.0508303806141412,5.62073505943836,0.0246124305258513,0.875424706226017,0.999765323016076,0.999791880761836,"cognps_random_slope"
"4640","ASCC3","Mic P2RY12",0.0580064699804319,8.18882610797918,0.0419289116272723,0.837871180610416,0.999700499758612,0.999791880761836,"cognps_random_slope"
"4641","GRIK2","Mic P2RY12",2.88086011283962,5.4015475425476,14.7867344327584,0.000142352105050048,0.0278815292999264,0.0425858305808011,"cognps_random_slope"
"4642","HACE1","Mic P2RY12",-0.670822087751081,6.64118554377064,5.36116342823079,0.0211521733325025,0.286753406920231,0.373685467140851,"cognps_random_slope"
"4643","BVES","Mic P2RY12",-0.511656088291556,4.25179844149535,0.818784906758646,0.366141452227166,0.811562709840244,0.862405100667332,"cognps_random_slope"
"4644","BVES-AS1","Mic P2RY12",-0.00442949425262081,4.34212003536499,5.3888126813841e-05,0.994146969489418,0.999765323016076,0.999791880761836,"cognps_random_slope"
"4645","PREP","Mic P2RY12",0.179562249898584,6.53320012214871,0.334915022352814,0.563141438019597,0.921180945991167,0.947541181433825,"cognps_random_slope"
"4646","AL591518.1","Mic P2RY12",0.723066794772022,3.13163114731398,0.338473409228969,0.561076228162484,0.920002061148461,0.946258818399626,"cognps_random_slope"
"4647","ATG5","Mic P2RY12",0.232103724864233,6.75134900917558,0.799866878232734,0.371731323486964,0.812503052043296,0.863752647984046,"cognps_random_slope"
"4648","PRDM1","Mic P2RY12",-0.192322934152581,5.74777781759818,0.0665048187964336,0.796642952230838,0.992143902613387,0.999791880761836,"cognps_random_slope"
"4649","CRYBG1","Mic P2RY12",-1.36740052888348,3.65146682223556,2.20277914336827,0.138638084138629,0.602464311632875,0.67907281689345,"cognps_random_slope"
"4650","RTN4IP1","Mic P2RY12",1.01522287965588,4.75553223114695,5.03609150831372,0.0254321858306209,0.310115306930073,0.400686763263279,"cognps_random_slope"
"4651","QRSL1","Mic P2RY12",0.0978758372124419,5.51992249998419,0.10272394227131,0.748771113322743,0.982244103840787,0.994674014762625,"cognps_random_slope"
"4652","C6orf203","Mic P2RY12",-0.1846169276278,4.20770808340894,0.15418253369723,0.788439576611359,0.990886185623222,0.999791880761836,"cognps_random_slope"
"4653","PDSS2","Mic P2RY12",0.0592352836147456,7.92681642231088,0.0831205611319832,0.773278325749975,0.9876732269781,0.998208143973629,"cognps_random_slope"
"4654","SOBP","Mic P2RY12",2.32096360598301,3.69950124621918,9.17068849571127,0.00263680197654539,0.10973845741517,0.156851452668116,"cognps_random_slope"
"4655","SCML4","Mic P2RY12",1.44970084629426,2.68078256023532,1.3714978637725,0.242330062443144,0.723853704394118,0.78507412470175,"cognps_random_slope"
"4656","SEC63","Mic P2RY12",-0.190543163919781,7.07476930220261,0.490256699688788,0.484265522055963,0.881462467904707,0.916739510069731,"cognps_random_slope"
"4657","OSTM1","Mic P2RY12",0.121455843177821,5.84640672978298,0.157633186487069,0.770129986918405,0.986443273387328,0.997526881305537,"cognps_random_slope"
"4658","SNX3","Mic P2RY12",-0.0971943593530481,6.62261670494058,0.0501646705090299,0.822904166655373,0.996726931048618,0.999791880761836,"cognps_random_slope"
"4659","AFG1L","Mic P2RY12",0.140780435896791,5.4929357123609,0.176235380430659,0.674879340973045,0.962645880615198,0.980067760574701,"cognps_random_slope"
"4660","FOXO3","Mic P2RY12",-0.0858998574408586,8.50340049405833,0.0550342676045957,0.814657501290659,0.994957963721761,0.999791880761836,"cognps_random_slope"
"4661","LINC00222","Mic P2RY12",0.930037705477916,2.90930395846355,0.77929920458138,0.377945253287422,0.816910377307216,0.867843746648631,"cognps_random_slope"
"4662","ARMC2","Mic P2RY12",0.765467727555456,5.17786325229365,3.76354452787409,0.0531629110137112,0.431256761800692,0.523780120243715,"cognps_random_slope"
"4663","SESN1","Mic P2RY12",-0.367738115440225,7.64495329534002,1.15721131392036,0.282765792109616,0.752301842378591,0.811854017001898,"cognps_random_slope"
"4664","CEP57L1","Mic P2RY12",0.146051952569411,4.88576496368367,0.113555242714344,0.996503097086399,0.999765323016076,0.999791880761836,"cognps_random_slope"
"4665","CD164","Mic P2RY12",-1.17437696319634,6.33137806595251,12.9799484115344,0.000359157750675385,0.0391306749333402,0.0599793443627894,"cognps_random_slope"
"4666","PPIL6","Mic P2RY12",1.1322926955951,2.86288662476842,1.62792164119791,0.202814206201848,0.682946015718705,0.749304594200278,"cognps_random_slope"
"4667","MICAL1","Mic P2RY12",-0.275166043702065,6.28357446288068,0.771668697553398,0.380287845869287,0.818409735425457,0.868751729364795,"cognps_random_slope"
"4668","ZBTB24","Mic P2RY12",0.946695590393688,4.14487029875526,3.0285834784075,0.0832402325745166,0.505420462602119,0.593030725533821,"cognps_random_slope"
"4669","AK9","Mic P2RY12",-0.201991605810314,5.85859776671067,0.274178177342288,0.600865198822254,0.936283425111275,0.959054741582592,"cognps_random_slope"
"4670","FIG4","Mic P2RY12",0.264237151310915,6.74018979205067,0.80167665858087,0.371191434187376,0.812104761618872,0.863532460737016,"cognps_random_slope"
"4671","WASF1","Mic P2RY12",1.10849163527664,4.4101285051691,4.01705036728325,0.0457918320013364,0.403721276743361,0.498063391930157,"cognps_random_slope"
"4672","CDC40","Mic P2RY12",0.123356915287836,5.71980017821163,0.199429399963803,0.655450602398488,0.955612931885691,0.973592644066785,"cognps_random_slope"
"4673","CDK19","Mic P2RY12",0.0731632482004154,7.95136624565864,0.0651021831052885,0.798752102494179,0.992143902613387,0.999791880761836,"cognps_random_slope"
"4674","AMD1","Mic P2RY12",-0.708922642430101,6.40270624177332,6.3999595156521,0.0118386234756399,0.217030633648495,0.288864031208609,"cognps_random_slope"
"4675","GTF3C6","Mic P2RY12",0.346067466597899,3.57415779219528,0.27161938788751,0.602568305655645,0.937199130938048,0.959694654203117,"cognps_random_slope"
"4676","RPF2","Mic P2RY12",-0.0424205231571347,4.84743194023524,0.0101027530581332,0.919993507607654,0.999765323016076,0.999791880761836,"cognps_random_slope"
"4677","SLC16A10","Mic P2RY12",-5.47765884952224,3.72234416558067,13.4020144147565,0.00028904217461327,0.0365068352879289,0.055696203646634,"cognps_random_slope"
"4678","MFSD4B","Mic P2RY12",-0.539537210516063,4.41003380462083,1.53920877639739,0.215544368893016,0.696553249426591,0.761916059570205,"cognps_random_slope"
"4679","AL080317.1","Mic P2RY12",-1.13321827889417,3.09913534446322,2.15260045716313,0.1432025940463,0.609805517259124,0.686623241763894,"cognps_random_slope"
"4680","REV3L","Mic P2RY12",-0.377238132211318,7.53740057408479,1.92131817718686,0.166570236417818,0.637788993510346,0.715335507959764,"cognps_random_slope"
"4681","TRAF3IP2-AS1","Mic P2RY12",-0.107526255418931,7.73434888916659,0.187795282074724,0.665017764572701,0.957960903792096,0.975841284970812,"cognps_random_slope"
"4682","TRAF3IP2","Mic P2RY12",-0.258904761956943,3.79583531323108,0.188026776945805,0.664824003610448,0.957960903792096,0.975781249025661,"cognps_random_slope"
"4683","Z97989.1","Mic P2RY12",1.06157925127292,2.93972506231905,1.31139830458333,0.252903159064426,0.730165031234622,0.790343567499959,"cognps_random_slope"
"4684","FYN","Mic P2RY12",0.934185921450613,3.78480015690132,1.54837614633464,0.214185689933149,0.695156800870461,0.760683109568817,"cognps_random_slope"
"4685","TUBE1","Mic P2RY12",0.0682993414546407,4.30813287969411,0.0194690720395541,0.889108181442718,0.999765323016076,0.999791880761836,"cognps_random_slope"
"4686","FAM229B","Mic P2RY12",0.294477830581226,2.63663138310517,0.0746626421002801,0.784822002823205,0.990712100587205,0.999791880761836,"cognps_random_slope"
"4687","MARCKS","Mic P2RY12",0.176973822512735,7.29461103825112,0.240066814069741,0.624456623051333,0.945148317767214,0.965871433667681,"cognps_random_slope"
"4688","LINC01268","Mic P2RY12",0.987055999989119,6.57865582477727,3.97529621196195,0.0469271750578084,0.407828192574378,0.501518626045058,"cognps_random_slope"
"4689","HDAC2","Mic P2RY12",-0.659459957257199,5.88378579840037,5.77666675846133,0.0167458994895052,0.253546675396606,0.33617360706713,"cognps_random_slope"
"4690","HDAC2-AS2","Mic P2RY12",0.605398266374915,5.65596674635019,1.41460545838357,0.235078036411974,0.716122481653839,0.778357222926707,"cognps_random_slope"
"4691","HS3ST5","Mic P2RY12",2.32207194828405,3.21168070615446,7.73298765661857,0.00570749754558724,0.152674796573943,0.211547649981078,"cognps_random_slope"
"4692","NT5DC1","Mic P2RY12",-0.0880316680190035,5.74214088124901,0.0527115538934563,0.818540925058373,0.995204567340528,0.999791880761836,"cognps_random_slope"
"4693","TSPYL4","Mic P2RY12",0.472688043624399,3.99325641227899,0.656664825540341,0.418275761088898,0.840842622701204,0.886631072410881,"cognps_random_slope"
"4694","DSE","Mic P2RY12",-0.96560789593335,6.52329126127593,8.63110327058391,0.00351780107438387,0.121681667196369,0.175012439364965,"cognps_random_slope"
"4695","TSPYL1","Mic P2RY12",0.51100893872299,4.98189460778298,1.222164915229,0.269675231145722,0.7436443808366,0.803327988713777,"cognps_random_slope"
"4696","Z84488.2","Mic P2RY12",-2.9415416558462,3.30938907775818,8.99328874855558,0.00289837291837402,0.110344021247529,0.158217475653129,"cognps_random_slope"
"4697","CALHM6","Mic P2RY12",-0.528318237404591,2.62784561455,0.243459053924153,0.622020066119849,0.944462324835258,0.965019437458618,"cognps_random_slope"
"4698","RWDD1","Mic P2RY12",-0.720206811493332,4.72594598393497,2.72545035980282,0.0996332195401156,0.53838095768431,0.624647089691854,"cognps_random_slope"
"4699","ZUP1","Mic P2RY12",0.143955074958597,5.22902830930366,0.14167530507757,0.706843144500823,0.973207309924008,0.988147350124586,"cognps_random_slope"
"4700","KPNA5","Mic P2RY12",-0.232113489983358,6.0881052426339,0.755025744935027,0.385469220206036,0.821336297323943,0.870877549352018,"cognps_random_slope"
"4701","DCBLD1","Mic P2RY12",0.545366015266605,4.40807933371968,1.31008034018346,0.253141312970379,0.730165031234622,0.790343567499959,"cognps_random_slope"
"4702","GOPC","Mic P2RY12",0.44664514378871,5.79947908810954,2.08424642166578,0.1691897289888,0.641063451999253,0.718786798018681,"cognps_random_slope"
"4703","NUS1","Mic P2RY12",0.161936183065423,5.84567980496649,0.182761897861203,0.669266236744728,0.960363726160842,0.97747809255934,"cognps_random_slope"
"4704","SLC35F1","Mic P2RY12",1.19593253213387,4.35314943367278,4.27798649305529,0.0393234576324819,0.37707757742416,0.47106469548632,"cognps_random_slope"
"4705","CEP85L","Mic P2RY12",-0.00372839070753767,7.24617035815536,0.000143953458572485,0.990433815365254,0.999765323016076,0.999791880761836,"cognps_random_slope"
"4706","MCM9","Mic P2RY12",-0.421131766998964,6.81123896275914,2.87777618830691,0.0906753121604375,0.523538406549451,0.608214800368598,"cognps_random_slope"
"4707","ASF1A","Mic P2RY12",0.86569141835999,3.29738861018371,1.65481552820911,0.19913229769367,0.677105813769094,0.745962233856748,"cognps_random_slope"
"4708","AL365275.1","Mic P2RY12",-0.314155766539791,4.77122988023503,0.183711676437154,0.668459308780515,0.959925331865376,0.97716507702872,"cognps_random_slope"
"4709","FAM184A","Mic P2RY12",1.46754033550497,3.1826284236229,3.20431286066236,0.0742855033719611,0.485339622643341,0.57394334253628,"cognps_random_slope"
"4710","MAN1A1","Mic P2RY12",-0.652592192163919,8.13152349718255,3.33477228912842,0.068658780754407,0.476194434061847,0.566910088266855,"cognps_random_slope"
"4711","TBC1D32","Mic P2RY12",0.617345629545587,5.89585590135752,2.87616812513744,0.0907651526840365,0.523609044820823,0.608293807152676,"cognps_random_slope"
"4712","GJA1","Mic P2RY12",0.6199029979754,3.39310781512296,0.477908640122942,0.489817156457971,0.883888768611236,0.918678554290124,"cognps_random_slope"
"4713","HSF2","Mic P2RY12",-0.140761680998788,4.33733996155537,0.0975383476049475,0.788025260339931,0.990886185623222,0.999791880761836,"cognps_random_slope"
"4714","SERINC1","Mic P2RY12",0.24632581363454,6.47130860788657,0.596432304872286,0.440449732041406,0.855818037073943,0.897260497291077,"cognps_random_slope"
"4715","PKIB","Mic P2RY12",0.46131305983764,3.91535670439748,0.405975970686832,0.524424443527076,0.900642733823573,0.932130958634337,"cognps_random_slope"
"4716","CLVS2","Mic P2RY12",2.51808749654817,3.3016826911335,9.49492394215108,0.00221923234234325,0.100219942595609,0.142664695883763,"cognps_random_slope"
"4717","NKAIN2","Mic P2RY12",1.77566701084622,5.60985310700236,8.06813843288045,0.00476141140477139,0.141357118224381,0.197956296673751,"cognps_random_slope"
"4718","RNF217-AS1","Mic P2RY12",-0.250671727100182,3.72410086893228,0.106375928875385,0.744498135090134,0.982219019325995,0.994674014762625,"cognps_random_slope"
"4719","RNF217","Mic P2RY12",-0.543247583803926,6.98422331163623,2.39927166215054,0.122271289687957,0.581048777697984,0.660739747366969,"cognps_random_slope"
"4720","TPD52L1","Mic P2RY12",1.07655869928846,2.82930453095286,1.15119847123452,0.284017838684251,0.753389361878,0.812823719705508,"cognps_random_slope"
"4721","HDDC2","Mic P2RY12",0.0637483944663956,4.17270839120582,0.0133109638010745,0.908213751829333,0.999765323016076,0.999791880761836,"cognps_random_slope"
"4722","NCOA7","Mic P2RY12",-0.11857572293877,7.22835174403389,0.188635304871048,0.66431534156633,0.957859864700565,0.975512907897142,"cognps_random_slope"
"4723","HINT3","Mic P2RY12",-0.0274604382704783,4.5816450193162,0.00422012764890398,0.971793464353211,0.999765323016076,0.999791880761836,"cognps_random_slope"
"4724","TRMT11","Mic P2RY12",0.10906359923972,5.13243472545744,0.073178778710116,0.912090793137606,0.999765323016076,0.999791880761836,"cognps_random_slope"
"4725","AC020559.1","Mic P2RY12",-0.232420630469564,3.30578229885788,0.0949667341609616,0.758133880437595,0.983190954097967,0.995414674993652,"cognps_random_slope"
"4726","RNF146","Mic P2RY12",-0.106515470532308,5.56575286154163,0.116363209990392,0.73321206128451,0.978719188594747,0.993120241739745,"cognps_random_slope"
"4727","ECHDC1","Mic P2RY12",0.320254699203313,6.70042478028028,1.74859867275259,0.417978167975211,0.840787365511229,0.886483329915441,"cognps_random_slope"
"4728","THEMIS","Mic P2RY12",2.32925768007327,2.54321407263187,4.96840957395422,0.0264317021181231,0.314587873345963,0.40602907174444,"cognps_random_slope"
"4729","PTPRK","Mic P2RY12",1.56715019714245,5.0136376177967,5.82908107991827,0.0162619965445683,0.251314547243816,0.334590889074822,"cognps_random_slope"
"4730","LAMA2","Mic P2RY12",1.56258101911811,4.19846197620911,3.27917165544045,0.070998656674189,0.481432815573689,0.571978509732139,"cognps_random_slope"
"4731","AL356124.1","Mic P2RY12",-0.67108611469744,3.91807620141835,0.995578770646598,0.319053567328688,0.774041290465206,0.831845984625369,"cognps_random_slope"
"4732","ARHGAP18","Mic P2RY12",-0.837534707409947,7.38032093869848,3.52821365946502,0.0611415791157062,0.455377893868954,0.547430908161802,"cognps_random_slope"
"4733","L3MBTL3","Mic P2RY12",-0.62672779982551,4.85309849207019,1.85314194236936,0.174270718471465,0.646420631530528,0.722173203526035,"cognps_random_slope"
"4734","SAMD3","Mic P2RY12",-0.162746563407013,2.56096819753448,0.0177509045772341,0.894084012086826,0.999765323016076,0.999791880761836,"cognps_random_slope"
"4735","EPB41L2","Mic P2RY12",-0.119221113245294,10.9949488487615,0.28555773684686,0.593411593231619,0.933588725158127,0.956961229461436,"cognps_random_slope"
"4736","AKAP7","Mic P2RY12",0.532434846747198,6.59047817045311,2.80510716443405,0.0948338636940095,0.532922140027557,0.617392277499695,"cognps_random_slope"
"4737","MED23","Mic P2RY12",-0.583427743009199,6.0520081768896,4.81405550328173,0.0288677575743851,0.327844762079944,0.419793781002454,"cognps_random_slope"
"4738","ENPP3","Mic P2RY12",-0.614642458316551,3.54822055249529,0.490751766831506,0.484045119887937,0.881462467904707,0.916739510069731,"cognps_random_slope"
"4739","ENPP1","Mic P2RY12",-0.457935497407779,5.56284877299921,0.365548230187191,0.545822181456728,0.911244930073703,0.940001610338548,"cognps_random_slope"
"4740","AL133346.1","Mic P2RY12",1.52849101129973,2.7550111738165,1.54966061219704,0.213996138780367,0.694865796886676,0.760420100795712,"cognps_random_slope"
"4741","STX7","Mic P2RY12",-0.336970515433344,8.66136064068645,2.16379460510488,0.142169809351197,0.607546555336436,0.684569924324094,"cognps_random_slope"
"4742","VNN1","Mic P2RY12",-0.99151328321812,3.09303498563468,1.0651936933566,0.302727176593347,0.763833474593217,0.823846863893366,"cognps_random_slope"
"4743","VNN2","Mic P2RY12",-0.600766260916331,3.91384332522246,0.802049142528221,0.371080451931982,0.812104761618872,0.863532460737016,"cognps_random_slope"
"4744","SLC18B1","Mic P2RY12",-0.482076385981054,6.35969493540261,1.290969147347,0.256626001473646,0.731824845243249,0.792916016044342,"cognps_random_slope"
"4745","RPS12","Mic P2RY12",-0.251825982042807,5.27684386503571,0.239168470022892,0.625105454758659,0.9451521296561,0.966234444064455,"cognps_random_slope"
"4746","TBPL1","Mic P2RY12",-0.635449074115942,4.6349162783588,2.15482706265802,0.142996491782426,0.609460689538606,0.686090685000684,"cognps_random_slope"
"4747","SGK1","Mic P2RY12",-0.4052591477382,7.6410047326769,0.883457227872623,0.347887398102447,0.797202295138661,0.848363590072435,"cognps_random_slope"
"4748","AL078590.2","Mic P2RY12",-0.414750742841501,4.77202708477037,0.418187589267247,0.518255288372301,0.895928813736274,0.929311945195715,"cognps_random_slope"
"4749","AL078590.3","Mic P2RY12",-0.355983603857897,5.83248338444454,0.387051322554684,0.534247665255819,0.906426532810626,0.936721653511613,"cognps_random_slope"
"4750","HBS1L","Mic P2RY12",-0.476487316265661,5.89962170708818,2.35555191037032,0.12571696084488,0.585608532961558,0.663772717112181,"cognps_random_slope"
"4751","AHI1","Mic P2RY12",0.366546146673777,6.81206249805533,1.39526351181812,0.238298786562476,0.718919864638393,0.780533434775068,"cognps_random_slope"
"4752","LINC00271","Mic P2RY12",1.42943869210975,3.00337446691317,2.56214376809547,0.110328123275431,0.56065247266128,0.644627053842235,"cognps_random_slope"
"4753","PDE7B","Mic P2RY12",0.157148680746707,4.29726040324249,0.0312551851647522,0.85977179608732,0.999765323016076,0.999791880761836,"cognps_random_slope"
"4754","AL138828.1","Mic P2RY12",2.06083166159831,2.70804779716183,3.12967150221104,0.0777267476286151,0.493481103236767,0.580606093640182,"cognps_random_slope"
"4755","BCLAF1","Mic P2RY12",-0.396420198753911,7.32182787813794,3.98377991615752,0.0466941038064639,0.407589519813096,0.501055959217863,"cognps_random_slope"
"4756","MAP7","Mic P2RY12",1.11436694512915,5.10934548167142,3.78516785201561,0.052487566000752,0.430779715700843,0.523388818398865,"cognps_random_slope"
"4757","MAP3K5","Mic P2RY12",0.25185754005505,9.33222033273739,1.01158321118542,0.31520008915213,0.770380520650683,0.829774172108217,"cognps_random_slope"
"4758","AL024508.1","Mic P2RY12",-0.48273347883901,3.03817631228533,0.262142032215419,0.608966616313781,0.93885760879533,0.961459183207151,"cognps_random_slope"
"4759","PEX7","Mic P2RY12",0.653173852113003,4.81074310254342,1.9136299370415,0.167418729461878,0.638685292999734,0.716732069796503,"cognps_random_slope"
"4760","IFNGR1","Mic P2RY12",-0.203501482965847,8.62913807286365,0.243455859168526,0.622022350871931,0.944462324835258,0.965019437458618,"cognps_random_slope"
"4761","AL357060.1","Mic P2RY12",-2.12138346436757,4.16755519722605,10.0941705353988,0.00161611055662093,0.0871502084364179,0.124598607676255,"cognps_random_slope"
"4762","TNFAIP3","Mic P2RY12",-2.12838144959121,5.39918879844014,14.6873662677429,0.00014974301259193,0.0281443003427798,0.0431527914395335,"cognps_random_slope"
"4763","ARFGEF3","Mic P2RY12",0.773833095242668,4.02608787569986,1.45234441732262,0.228944546658106,0.710205062445666,0.772587835198133,"cognps_random_slope"
"4764","HEBP2","Mic P2RY12",-0.827135494705079,4.34952081626121,1.83788807001642,0.176049396640629,0.647510916089937,0.723004651230449,"cognps_random_slope"
"4765","NHSL1","Mic P2RY12",-1.59332782142756,8.9786854353133,5.91581517205932,0.0154928086366436,0.246870698504002,0.328584544414986,"cognps_random_slope"
"4766","AL590617.2","Mic P2RY12",-0.459059108784801,5.47886507491524,0.461780052038346,0.497230384824788,0.886795899259647,0.921652472734921,"cognps_random_slope"
"4767","GVQW2","Mic P2RY12",0.579944086977303,2.97151904920831,0.36501848761203,0.546113157787927,0.911390090599752,0.940041033146701,"cognps_random_slope"
"4768","CCDC28A","Mic P2RY12",0.834523098465015,3.90059013344106,1.91225594305503,0.167570889499818,0.638685292999734,0.716732069796503,"cognps_random_slope"
"4769","ECT2L","Mic P2RY12",-0.176100869892019,2.54701749087477,0.0258189922728412,0.872433384294341,0.999765323016076,0.999791880761836,"cognps_random_slope"
"4770","REPS1","Mic P2RY12",0.0288341844503723,6.84665592243828,0.0163689145507948,0.898267130154764,0.999765323016076,0.999791880761836,"cognps_random_slope"
"4771","ABRACL","Mic P2RY12",-0.544378048700717,3.45984060913431,0.640113508713029,0.424197870901302,0.844676919457407,0.889133617630447,"cognps_random_slope"
"4772","HECA","Mic P2RY12",-0.477362644229646,6.89442645925969,2.43459008284742,0.119564454094405,0.576775827688669,0.656338109948469,"cognps_random_slope"
"4773","AL031772.1","Mic P2RY12",1.02073313370044,4.11036189635145,3.10470249320358,0.0789160371858144,0.497906692244397,0.584946040304291,"cognps_random_slope"
"4774","TXLNB","Mic P2RY12",-0.31894664142559,2.96649137937118,0.0946617321360279,0.758510437750292,0.983190954097967,0.995414674993652,"cognps_random_slope"
"4775","AL158850.1","Mic P2RY12",1.77561750055606,3.03479653349405,1.88182221306482,0.170982353015811,0.64374484958574,0.720919606742136,"cognps_random_slope"
"4776","CITED2","Mic P2RY12",0.127023518590543,3.35579190472867,0.0187573953649167,0.891140917786538,0.999765323016076,0.999791880761836,"cognps_random_slope"
"4777","AL035446.1","Mic P2RY12",-1.82886275909535,2.9189928812845,2.05382374537743,0.152693210852962,0.620900468101574,0.699183031356926,"cognps_random_slope"
"4778","VTA1","Mic P2RY12",0.25108694530255,6.18304274991175,0.811793444655659,0.368193525890482,0.812104761618872,0.862758334302347,"cognps_random_slope"
"4779","ADGRG6","Mic P2RY12",-1.27305890726912,5.40189903731553,3.77120976745034,0.0529224572412396,0.431118033845262,0.523624991942937,"cognps_random_slope"
"4780","HIVEP2","Mic P2RY12",0.361514166471879,6.3777601848997,0.169614631335282,0.680699880391301,0.963764980353924,0.980589311801902,"cognps_random_slope"
"4781","AIG1","Mic P2RY12",0.72356816239562,7.79873806636065,9.01945088486678,0.0028581921343652,0.11004659914288,0.157590933623265,"cognps_random_slope"
"4782","ADAT2","Mic P2RY12",0.323809693987441,4.9916160899868,0.55033392256977,0.613402833786608,0.940399122416995,0.963142172997874,"cognps_random_slope"
"4783","PEX3","Mic P2RY12",-0.452426830656437,5.2927213058922,1.77511687499654,0.21631321223681,0.697165309568421,0.762473635065492,"cognps_random_slope"
"4784","FUCA2","Mic P2RY12",0.0690894497221567,5.17856788661326,0.0388907655869045,0.843776635111708,0.999765323016076,0.999791880761836,"cognps_random_slope"
"4785","PHACTR2","Mic P2RY12",0.0165848825834525,7.74500978743088,0.00194158718749093,0.964878286545782,0.999765323016076,0.999791880761836,"cognps_random_slope"
"4786","PHACTR2-AS1","Mic P2RY12",0.81925155599176,2.61462773696761,0.610810001239371,0.434997202465218,0.851842000059713,0.894354947201805,"cognps_random_slope"
"4787","PLAGL1","Mic P2RY12",0.342410630223143,7.63045176692973,2.148425362208,0.264289726897423,0.738205942246402,0.797824656410087,"cognps_random_slope"
"4788","SF3B5","Mic P2RY12",-0.743234412065894,4.05741548070414,1.73998542370342,0.187979943760916,0.664058510259548,0.735425045919036,"cognps_random_slope"
"4789","STX11","Mic P2RY12",-0.603840814568528,4.25552351815635,0.625429993266018,0.429557816755287,0.848166244634979,0.891771705641728,"cognps_random_slope"
"4790","UTRN","Mic P2RY12",-0.492439925476044,8.57793427425164,2.20061398635703,0.138831618782771,0.602683033141532,0.679391978610281,"cognps_random_slope"
"4791","AL024474.2","Mic P2RY12",-1.22207744866665,2.94908989582144,1.74462167334209,0.187394155050309,0.663212237427689,0.734748039236384,"cognps_random_slope"
"4792","EPM2A","Mic P2RY12",0.00861463880657644,5.42082480482099,0.000491955875816997,0.982316610013721,0.999765323016076,0.999791880761836,"cognps_random_slope"
"4793","FBXO30","Mic P2RY12",-0.54331146814523,4.16652384293787,1.11077529455005,0.292621048362517,0.75761488970365,0.818419565048935,"cognps_random_slope"
"4794","AL356599.1","Mic P2RY12",-0.419789745374929,4.82101225254063,0.652019252088312,0.41992541165448,0.841798121403394,0.887353154831496,"cognps_random_slope"
"4795","SHPRH","Mic P2RY12",-0.217364489722773,7.59474775363093,1.3479681580649,0.246403706970359,0.727284377806276,0.787803854705654,"cognps_random_slope"
"4796","GRM1","Mic P2RY12",0.970094169100503,3.24350011381118,1.31406262861239,0.252422563721384,0.729640057414039,0.789886223675572,"cognps_random_slope"
"4797","RAB32","Mic P2RY12",0.871662508455559,5.30535232193233,3.32609331474967,0.0690184961389529,0.477253285220902,0.568306061158763,"cognps_random_slope"
"4798","STXBP5-AS1","Mic P2RY12",-0.161759826085364,4.57010545457663,0.110163238369039,0.762977193508484,0.984139674089917,0.996023209475898,"cognps_random_slope"
"4799","STXBP5","Mic P2RY12",-0.296615879479302,7.06408592647493,1.58364277157326,0.209053122524011,0.690087527150145,0.755852645439566,"cognps_random_slope"
"4800","SASH1","Mic P2RY12",-1.54570573770799,4.35427543481418,8.03355507830898,0.00485111621199066,0.142565369203699,0.198851663635144,"cognps_random_slope"
"4801","UST","Mic P2RY12",-0.463667087252594,7.75796247208841,1.29161716015766,0.256506876588295,0.731824845243249,0.79283623974268,"cognps_random_slope"
"4802","AL357992.1","Mic P2RY12",-1.99027917023744,2.93038544026726,3.66281089804471,0.0564332070799782,0.441741476681535,0.535094771281947,"cognps_random_slope"
"4803","TAB2","Mic P2RY12",-0.199914408942117,9.26636464392745,0.774233229198158,0.379498240235291,0.817449490730083,0.868186335352337,"cognps_random_slope"
"4804","TAB2-AS1","Mic P2RY12",0.298360548251847,2.84657504699076,0.0981256160076323,0.754272262446179,0.982268354911735,0.994998852417964,"cognps_random_slope"
"4805","ZC3H12D","Mic P2RY12",0.416070290953988,4.97071036903476,0.949409410149455,0.330524608959265,0.782992241597155,0.839379744306457,"cognps_random_slope"
"4806","PPIL4","Mic P2RY12",0.292861293337038,5.78285479441175,1.04702858404764,0.306880228960903,0.767257826176318,0.82659674574953,"cognps_random_slope"
"4807","GINM1","Mic P2RY12",-0.0562913305490072,5.11942692361959,0.0245905572727684,0.875479620341268,0.999765323016076,0.999791880761836,"cognps_random_slope"
"4808","KATNA1","Mic P2RY12",-0.0249455776309405,5.02503351418384,0.00509236873316651,0.94315024706687,0.999765323016076,0.999791880761836,"cognps_random_slope"
"4809","LATS1","Mic P2RY12",-0.146148843052132,6.82597003815273,0.453334925943107,0.501187945020577,0.889628842223565,0.924198481408281,"cognps_random_slope"
"4810","NUP43","Mic P2RY12",-0.35608690124667,5.10924280618113,0.793323042157584,0.373692676777168,0.814497133783212,0.865737773104452,"cognps_random_slope"
"4811","PCMT1","Mic P2RY12",-0.103721553289781,5.8636574942582,0.119267929540456,0.730031749496386,0.977924377749008,0.992735737523133,"cognps_random_slope"
"4812","AL355312.2","Mic P2RY12",-1.24008359167718,2.49691917877647,1.28858347165765,0.309974344018556,0.768573804238758,0.82799591029712,"cognps_random_slope"
"4813","LRP11","Mic P2RY12",0.688990866516447,3.64138027576958,0.956277161186875,0.328783984491835,0.781766177461866,0.838771691887072,"cognps_random_slope"
"4814","PPP1R14C","Mic P2RY12",0.0113722813497547,3.02125144485099,0.000102430327876121,0.99193053016701,0.999765323016076,0.999791880761836,"cognps_random_slope"
"4815","PLEKHG1","Mic P2RY12",1.72256716349609,5.20041598643852,3.41495430504494,0.0654291162457596,0.467214377618485,0.558842693364646,"cognps_random_slope"
"4816","MTHFD1L","Mic P2RY12",0.0478702100422779,9.63607384677492,0.043382793511354,0.835124068438521,0.999366959106503,0.999791880761836,"cognps_random_slope"
"4817","AL138733.1","Mic P2RY12",-0.627742048877055,3.64083583421967,0.739033470723109,0.390543357288337,0.824692295940985,0.873752107776676,"cognps_random_slope"
"4818","AKAP12","Mic P2RY12",0.368557174055322,3.68096389758639,0.292973103782312,0.588656698477637,0.931686360729752,0.955317108204601,"cognps_random_slope"
"4819","ZBTB2","Mic P2RY12",-0.627670781828065,4.09043753141865,1.53636873434716,0.215967371939966,0.696553249426591,0.76205024300419,"cognps_random_slope"
"4820","RMND1","Mic P2RY12",0.090290233880642,5.02861417550879,0.0456837286561883,0.830872873045059,0.999278422244518,0.999791880761836,"cognps_random_slope"
"4821","ARMT1","Mic P2RY12",-0.684324119686971,3.75352530744105,1.49193614438406,0.222716400626039,0.703617320824958,0.768128303006396,"cognps_random_slope"
"4822","CCDC170","Mic P2RY12",-0.220950541824174,4.0008468732197,0.0646998968075529,0.799361480987102,0.992143902613387,0.999791880761836,"cognps_random_slope"
"4823","ESR1","Mic P2RY12",-0.241647441573324,6.55037807533932,0.209488923987687,0.647444676452212,0.952302504420343,0.971793326483451,"cognps_random_slope"
"4824","SYNE1","Mic P2RY12",1.08370322175437,6.31060889678653,7.03327945011127,0.00835513908554755,0.182060518512883,0.251155480911559,"cognps_random_slope"
"4825","AL080276.2","Mic P2RY12",-0.252098861575891,3.40383298743076,0.150716160283467,0.698081615843138,0.969600342781816,0.985118304280392,"cognps_random_slope"
"4826","MTRF1L","Mic P2RY12",-0.278772659405537,4.38093904295509,0.312886397681806,0.60327772589883,0.937399945965284,0.959944758335481,"cognps_random_slope"
"4827","OPRM1","Mic P2RY12",-0.989355983804607,5.21207601906331,1.71434571713134,0.191258417794681,0.668842142648054,0.738742108670213,"cognps_random_slope"
"4828","IPCEF1","Mic P2RY12",-0.0100304389984627,9.87378703874991,0.000386042332759605,0.984335100908255,0.999765323016076,0.999791880761836,"cognps_random_slope"
"4829","CNKSR3","Mic P2RY12",-0.297081364094565,2.78419879278172,0.104554601351779,0.746618858490875,0.982244103840787,0.994674014762625,"cognps_random_slope"
"4830","SCAF8","Mic P2RY12",-0.115763532199472,7.86642530168943,0.360366309398258,0.548680958383799,0.91189570676601,0.940046630323137,"cognps_random_slope"
"4831","TIAM2","Mic P2RY12",-0.150297066929881,7.35894805407848,0.317177863036993,0.863595500329891,0.999765323016076,0.999791880761836,"cognps_random_slope"
"4832","TFB1M","Mic P2RY12",0.209570158401227,6.0354066761913,0.470744293569013,0.493087047962202,0.884735626300203,0.919903672806468,"cognps_random_slope"
"4833","CLDN20","Mic P2RY12",-0.693533823698723,2.78526134666432,0.56233155796425,0.453812627977846,0.864784074377263,0.905569199537039,"cognps_random_slope"
"4834","ARID1B","Mic P2RY12",0.0418584494056295,9.47371917120461,0.0387681027824701,0.844020015715323,0.999765323016076,0.999791880761836,"cognps_random_slope"
"4835","TMEM242","Mic P2RY12",-0.203425232360038,5.19618323393035,0.346802793893989,0.55629830526866,0.917015734591805,0.944750941706016,"cognps_random_slope"
"4836","ZDHHC14","Mic P2RY12",0.413712928826627,8.64269361665029,1.66205065910095,0.198155260890749,0.676727485014508,0.74543807054596,"cognps_random_slope"
"4837","SNX9","Mic P2RY12",-0.224337840655625,7.79088827149947,0.668905439457314,0.413975022873983,0.839240717944004,0.885364854008569,"cognps_random_slope"
"4838","SYNJ2","Mic P2RY12",0.922953490885046,3.3517424108304,1.14383345039207,0.285561062809494,0.753810845017123,0.813965679940345,"cognps_random_slope"
"4839","SERAC1","Mic P2RY12",-0.875734050253319,4.69637730744991,4.96324809611805,0.026509589947337,0.314942389081794,0.406451491407236,"cognps_random_slope"
"4840","GTF2H5","Mic P2RY12",0.115552707920506,4.12756946118351,0.0442009292283357,0.833599290689739,0.999366959106503,0.999791880761836,"cognps_random_slope"
"4841","TULP4","Mic P2RY12",-0.151760816585874,7.62522375752137,0.559670436316066,0.454881998349138,0.865333388169053,0.905598852945087,"cognps_random_slope"
"4842","TMEM181","Mic P2RY12",-0.0308018610333297,6.81257902445913,0.0101564287117806,0.919781971633518,0.999765323016076,0.999791880761836,"cognps_random_slope"
"4843","DYNLT1","Mic P2RY12",-1.01631781228586,5.79960953824822,4.54473207350255,0.0336974986063101,0.351240563946647,0.444299882398935,"cognps_random_slope"
"4844","SYTL3","Mic P2RY12",-0.368921192233754,7.70266440663784,0.283306565412679,0.594870802233949,0.934477967597251,0.957725510954487,"cognps_random_slope"
"4845","EZR","Mic P2RY12",-0.710850560717626,5.61772564995589,3.30355483903729,0.0699621366936668,0.479717920309076,0.570624744978943,"cognps_random_slope"
"4846","RSPH3","Mic P2RY12",0.0705374830567662,4.35371699983543,0.0187306346202608,0.891218113582221,0.999765323016076,0.999791880761836,"cognps_random_slope"
"4847","AL035530.2","Mic P2RY12",0.136685451990557,5.20801132441713,0.124672717105248,0.724227661373524,0.976701705810179,0.992103026315284,"cognps_random_slope"
"4848","TAGAP","Mic P2RY12",0.1178368404213,5.31914410660518,0.0317509787259526,0.858675629839555,0.999765323016076,0.999791880761836,"cognps_random_slope"
"4849","AL356417.3","Mic P2RY12",-0.204142413882506,4.21252269355335,0.0781618238346533,0.779964801417043,0.990020960532974,0.999508397105588,"cognps_random_slope"
"4850","SOD2","Mic P2RY12",-0.886543107023484,2.94360288424502,0.645718429862265,0.422178428193908,0.843046326294296,0.888150029380637,"cognps_random_slope"
"4851","SOD2-1","Mic P2RY12",-1.69868121764638,3.49923325809435,4.99922610821713,0.0259716185613182,0.311553606101986,0.402463262511698,"cognps_random_slope"
"4852","WTAP","Mic P2RY12",-0.51224672424062,6.52545557842789,4.70605614214943,0.0307110607332072,0.339929670461337,0.430922833966362,"cognps_random_slope"
"4853","ACAT2","Mic P2RY12",0.87559195824245,4.08852781544679,2.53995408485304,0.111876484261859,0.564054464105782,0.647057612938651,"cognps_random_slope"
"4854","TCP1","Mic P2RY12",-0.437693643488905,5.15895200834769,0.689852538795818,0.40676559475421,0.833878803013794,0.881442746418076,"cognps_random_slope"
"4855","MRPL18","Mic P2RY12",-0.181910297644789,4.7413072597509,0.111866221013457,0.738224363842615,0.980436558830992,0.994247512606934,"cognps_random_slope"
"4856","PNLDC1","Mic P2RY12",0.0668156936699815,2.8565766782268,0.00335485109389548,0.953843663829211,0.999765323016076,0.999791880761836,"cognps_random_slope"
"4857","IGF2R","Mic P2RY12",-0.575644208277241,7.39686793977752,1.86760414047229,0.172603504890055,0.645854089686386,0.722173203526035,"cognps_random_slope"
"4858","SLC22A1","Mic P2RY12",-1.47065453773743,3.28379310846377,3.64481239374496,0.0570397580900137,0.443715553047543,0.537252958409511,"cognps_random_slope"
"4859","MAP3K4","Mic P2RY12",-0.15781635946676,6.51933357895397,0.431693192081467,0.599892853760165,0.936283425111275,0.959054741582592,"cognps_random_slope"
"4860","AGPAT4","Mic P2RY12",0.511860325293063,5.46847091492396,1.50179484392438,0.221197356330514,0.702099898670114,0.766389180647218,"cognps_random_slope"
"4861","PRKN","Mic P2RY12",-0.159142498537192,9.1458900337655,0.30310480438299,0.582284315774227,0.927859733775962,0.9522571873954,"cognps_random_slope"
"4862","PACRG","Mic P2RY12",0.211343586702096,4.22812643568872,0.120702689613733,0.728476847790812,0.977594945023934,0.992716167586774,"cognps_random_slope"
"4863","CAHM","Mic P2RY12",0.628844188085991,3.91660617981138,1.05270497990067,0.305574545195099,0.766189285112733,0.825953917776889,"cognps_random_slope"
"4864","QKI","Mic P2RY12",0.314432928490596,10.8584514139154,2.44423641505535,0.118836779334791,0.575967372199787,0.655517609017361,"cognps_random_slope"
"4865","PDE10A","Mic P2RY12",3.40078378976885,3.57093124370318,16.0714018011197,7.41895903755728e-05,0.0211535042685755,0.0334520863003458,"cognps_random_slope"
"4866","SFT2D1","Mic P2RY12",-0.146691892506138,5.76230984257816,0.230680564336491,0.988385017786182,0.999765323016076,0.999791880761836,"cognps_random_slope"
"4867","MPC1","Mic P2RY12",-0.0588075827929106,5.59816713776392,0.0344783908178676,0.852797591967851,0.999765323016076,0.999791880761836,"cognps_random_slope"
"4868","RPS6KA2","Mic P2RY12",-0.78648889756879,8.89966331402273,3.81570234835989,0.0515493931637592,0.427155125728967,0.519813870465727,"cognps_random_slope"
"4869","AL159163.1","Mic P2RY12",-0.676805326801088,7.0802297045336,3.00687202307859,0.0837691016443873,0.506355313999294,0.594207278251681,"cognps_random_slope"
"4870","RNASET2","Mic P2RY12",-1.37241257785148,3.83900240155362,2.73256602735113,0.0991938592315955,0.537560520252725,0.623539007406861,"cognps_random_slope"
"4871","Z94721.1","Mic P2RY12",-0.158440213272234,5.13150082041756,0.1134612795692,0.736433894795258,0.980110798745039,0.993965240743731,"cognps_random_slope"
"4872","FGFR1OP","Mic P2RY12",0.611528332846832,5.53581099572845,2.90905996841448,0.0889466623398643,0.517799401397273,0.602735949038846,"cognps_random_slope"
"4873","AFDN","Mic P2RY12",-0.262394928695392,6.31628663013222,0.812381015292642,0.563675952530836,0.921647320627835,0.947813471002565,"cognps_random_slope"
"4874","BX322234.1","Mic P2RY12",1.01543858328592,3.21063330888624,1.58890780410274,0.208299477537092,0.689568715448822,0.754934645981545,"cognps_random_slope"
"4875","WDR27","Mic P2RY12",0.00823747796518806,6.15939979674291,0.000678108602117701,0.979239463853551,0.999765323016076,0.999791880761836,"cognps_random_slope"
"4876","C6orf120","Mic P2RY12",-0.971660543326359,3.31071696983787,1.99905272560186,0.158262613819088,0.628850038216583,0.706757717301824,"cognps_random_slope"
"4877","PHF10","Mic P2RY12",0.068681341151308,5.10848781103461,0.025165889447075,0.874043445054407,0.999765323016076,0.999791880761836,"cognps_random_slope"
"4878","TCTE3","Mic P2RY12",-1.16721494084864,3.52924440163746,2.97174231348924,0.0855899518886293,0.510227288816513,0.596299587555361,"cognps_random_slope"
"4879","ERMARD","Mic P2RY12",0.23769072033902,4.8762629442975,0.37464659709975,0.540869087946611,0.910005809466235,0.939075362938493,"cognps_random_slope"
"4880","FAM120B","Mic P2RY12",0.220725054683311,7.53573931646398,1.14169440647811,0.286011263521165,0.753986392714568,0.814248375757658,"cognps_random_slope"
"4881","PSMB1","Mic P2RY12",-0.247825649285999,5.28599849968303,0.590082883118657,0.442891177384476,0.857329703705984,0.898513909568182,"cognps_random_slope"
"4882","TBP","Mic P2RY12",0.17672504841877,4.61521472448176,0.199339288570287,0.67057470388869,0.960390254014357,0.977569136706791,"cognps_random_slope"
"4883","PDCD2","Mic P2RY12",-0.473719450263598,4.67880690666231,1.54525670786081,0.214646865975058,0.695693124263304,0.760983634181297,"cognps_random_slope"
"4884","AC093627.3","Mic P2RY12",-0.310260532771003,3.95479351501665,0.255226622244615,0.613728119640162,0.940399122416995,0.963142172997874,"cognps_random_slope"
"4885","FAM20C","Mic P2RY12",-0.479290811712517,6.24103575306165,0.668610070856398,0.414078026046247,0.839240717944004,0.885364854008569,"cognps_random_slope"
"4886","PDGFA","Mic P2RY12",-1.29875260138383,4.86857167307653,2.52186227682263,0.113156683412233,0.565123250770661,0.648552904299494,"cognps_random_slope"
"4887","AC147651.1","Mic P2RY12",0.425605894346453,3.27089007114129,0.264013234231317,0.607691871634593,0.93885760879533,0.96134095703673,"cognps_random_slope"
"4888","PRKAR1B","Mic P2RY12",0.508296079600345,4.81995642597062,0.824679696569358,0.364423608766248,0.81110821202401,0.861396573700559,"cognps_random_slope"
"4889","AC147651.4","Mic P2RY12",-0.750008038224846,2.79617123663047,0.660362686409775,0.41696954196393,0.840777735759648,0.886483329915441,"cognps_random_slope"
"4890","DNAAF5","Mic P2RY12",-0.681768231470371,4.11070828344507,1.77012374326955,0.205154375041097,0.686460369519536,0.752677849520184,"cognps_random_slope"
"4891","SUN1","Mic P2RY12",-0.208939984527697,5.7941570246935,0.423887274517492,0.515419496871734,0.894942542151003,0.928396229499558,"cognps_random_slope"
"4892","ADAP1","Mic P2RY12",-0.0730474872199442,3.93383500088876,0.015394810980299,0.901324556332198,0.999765323016076,0.999791880761836,"cognps_random_slope"
"4893","COX19","Mic P2RY12",-0.0314887434509393,6.05978236404118,0.00804229703472639,0.928592342175577,0.999765323016076,0.999791880761836,"cognps_random_slope"
"4894","C7orf50","Mic P2RY12",1.53618505864262,5.30761249324954,11.5505968151021,0.000753169176957202,0.0573478417068379,0.0849009954725006,"cognps_random_slope"
"4895","GPR146","Mic P2RY12",0.605250705851015,2.38348166215374,0.191174801966693,0.662203072334489,0.956868413031157,0.974629081197354,"cognps_random_slope"
"4896","ZFAND2A","Mic P2RY12",-1.18290948301264,3.80932747903992,2.0736544319526,0.150731990490651,0.618860111692773,0.696220595290252,"cognps_random_slope"
"4897","MICALL2","Mic P2RY12",1.82955746505257,3.41962059675728,6.21723829276592,0.0130999932676713,0.228584648151124,0.30386502877605,"cognps_random_slope"
"4898","INTS1","Mic P2RY12",0.19721080449948,5.25822950785848,0.243173499064462,0.622224356396501,0.944462324835258,0.965019437458618,"cognps_random_slope"
"4899","MAFK","Mic P2RY12",0.268236508264292,4.01258199264855,0.231319441967308,0.630839679340512,0.948086909068213,0.968044355763723,"cognps_random_slope"
"4900","PSMG3","Mic P2RY12",-0.0445478660060228,3.89616741471015,0.00512149361590616,0.942988185231073,0.999765323016076,0.999791880761836,"cognps_random_slope"
"4901","PSMG3-AS1","Mic P2RY12",0.058522215164467,3.46118877112006,0.00856719583168864,0.926305339135671,0.999765323016076,0.999791880761836,"cognps_random_slope"
"4902","MAD1L1","Mic P2RY12",-0.395308135523447,7.41203648713107,1.56403837942503,0.211887968687204,0.692032617931702,0.758278026388146,"cognps_random_slope"
"4903","MRM2","Mic P2RY12",-0.995837824717997,4.30065025689311,3.68148735150234,0.0558110705646522,0.439460331073038,0.532285694680678,"cognps_random_slope"
"4904","SNX8","Mic P2RY12",-0.412488230595638,5.56751451331978,0.868346359804351,0.352038665007596,0.800423560250359,0.85222334072829,"cognps_random_slope"
"4905","EIF3B","Mic P2RY12",0.082826168911917,6.03906731439011,0.0532427494829651,0.817644973042131,0.995084767910246,0.999791880761836,"cognps_random_slope"
"4906","CHST12","Mic P2RY12",-0.902845833870123,4.31176956251705,3.1781885844058,0.0754708482459399,0.487884629688298,0.576331282123633,"cognps_random_slope"
"4907","BRAT1","Mic P2RY12",-0.0236144773392242,4.95208873816535,0.00424118072624901,0.948111180181032,0.999765323016076,0.999791880761836,"cognps_random_slope"
"4908","IQCE","Mic P2RY12",0.039549508992575,3.89360462276324,0.00500167838033047,0.943657888423126,0.999765323016076,0.999791880761836,"cognps_random_slope"
"4909","TTYH3","Mic P2RY12",-0.838216187172193,6.18512463346676,2.45689513801883,0.117889314451944,0.574339081039999,0.653758942921173,"cognps_random_slope"
"4910","AMZ1","Mic P2RY12",-1.31561700875193,3.47318023468918,2.20237856294032,0.138673867492797,0.602464311632875,0.67907281689345,"cognps_random_slope"
"4911","GNA12","Mic P2RY12",-0.00466530789031727,6.79811786952824,0.000127027133667776,0.991013777142554,0.999765323016076,0.999791880761836,"cognps_random_slope"
"4912","CARD11","Mic P2RY12",-0.915374266928903,8.23461830121296,4.04414721915856,0.0450706207504526,0.400524793552265,0.494657026941148,"cognps_random_slope"
"4913","AC073316.3","Mic P2RY12",-1.71453403641933,2.67892017309747,2.03219343978384,0.154865576913546,0.624542159560164,0.703069760675773,"cognps_random_slope"
"4914","SDK1","Mic P2RY12",-1.1911623221517,9.65030011407783,7.32856359016829,0.00711055068879692,0.166564679138163,0.229666712433992,"cognps_random_slope"
"4915","FOXK1","Mic P2RY12",0.293848518123338,7.173320227123,1.57390643333921,0.210455347840612,0.691204591969072,0.757027190595535,"cognps_random_slope"
"4916","AP5Z1","Mic P2RY12",0.656362378329682,5.28951371608263,3.22340920851516,0.0734317450157169,0.483949954288775,0.572984775873399,"cognps_random_slope"
"4917","RADIL","Mic P2RY12",0.957941101879001,3.57175251226089,1.18761498725753,0.276540849163272,0.747729838698361,0.807787550604954,"cognps_random_slope"
"4918","RBAK-RBAKDN","Mic P2RY12",-0.0397955270514305,6.65205476219414,0.0215785458815379,0.883296124336645,0.999765323016076,0.999791880761836,"cognps_random_slope"
"4919","WIPI2","Mic P2RY12",-0.535540712052281,6.25925971871149,2.05221146209813,0.152853933716192,0.620900468101574,0.699200999290491,"cognps_random_slope"
"4920","TNRC18","Mic P2RY12",0.183919170359719,8.8251990524305,0.494843281758218,0.482229915070786,0.881328830408547,0.916739510069731,"cognps_random_slope"
"4921","AC092171.4","Mic P2RY12",-0.125176340616299,3.2185028727586,0.0299703610012021,0.949649637957972,0.999765323016076,0.999791880761836,"cognps_random_slope"
"4922","FBXL18","Mic P2RY12",0.181973579006972,4.90836078534783,0.182355853745917,0.66961196723285,0.960390254014357,0.977492994124877,"cognps_random_slope"
"4923","ACTB","Mic P2RY12",-0.08950708854411,8.52091205396647,0.0445923581071255,0.832874987793283,0.999366959106503,0.999791880761836,"cognps_random_slope"
"4924","FSCN1","Mic P2RY12",-0.0898473938515972,6.92987746829383,0.0382688473778536,0.845014760664709,0.999765323016076,0.999791880761836,"cognps_random_slope"
"4925","RNF216","Mic P2RY12",-0.127164569444573,8.27732339366902,0.392612705726119,0.531326773298322,0.905503589823643,0.935221650609795,"cognps_random_slope"
"4926","CCZ1","Mic P2RY12",-0.143791630664983,4.95742551322847,0.145936485841591,0.740627365858596,0.980648881520704,0.994434240964499,"cognps_random_slope"
"4927","PMS2","Mic P2RY12",0.447598296515983,4.83288194968807,1.41929307441501,0.234305449266614,0.715423140520896,0.777642489813099,"cognps_random_slope"
"4928","AIMP2","Mic P2RY12",-0.0771655739035755,4.53768026920147,0.0226173244960363,0.880540791576964,0.999765323016076,0.999791880761836,"cognps_random_slope"
"4929","EIF2AK1","Mic P2RY12",0.4790172763471,5.53891011771242,2.47480476530616,0.125852790015352,0.585608532961558,0.664018523495464,"cognps_random_slope"
"4930","USP42","Mic P2RY12",0.267446480963263,6.35451414002697,1.14740433569409,0.284811512062354,0.753735515479165,0.813501012597768,"cognps_random_slope"
"4931","CYTH3","Mic P2RY12",-0.387409926112445,7.22110181141556,1.35980927789026,0.244343290959184,0.725879947272006,0.786735146340302,"cognps_random_slope"
"4932","FAM220A","Mic P2RY12",1.20895021863531,3.59226409191349,3.53208634976815,0.0610003972608788,0.455263637649913,0.547112791378053,"cognps_random_slope"
"4933","RAC1","Mic P2RY12",0.0329442001654369,8.05723160781427,0.0259637210923532,0.872079428896138,0.999765323016076,0.999791880761836,"cognps_random_slope"
"4934","DAGLB","Mic P2RY12",-0.111127458280059,7.18824088695965,0.131501887446108,0.717092907549531,0.975412307559,0.990827860187382,"cognps_random_slope"
"4935","GRID2IP","Mic P2RY12",-0.537352204573172,3.16618276800344,0.366004803071618,0.545571626702007,0.911244930073703,0.940001610338548,"cognps_random_slope"
"4936","ZDHHC4","Mic P2RY12",0.151460731698008,3.62941510239939,0.0718593673163961,0.788802224327363,0.990886185623222,0.999791880761836,"cognps_random_slope"
"4937","C7orf26","Mic P2RY12",0.119489273756528,4.42313086977459,0.0752289937846835,0.882299112416163,0.999765323016076,0.999791880761836,"cognps_random_slope"
"4938","ZNF316","Mic P2RY12",0.609125856811006,4.79064180236632,2.13946103163786,0.144425679736299,0.61055158805872,0.687806706728952,"cognps_random_slope"
"4939","AC073343.2","Mic P2RY12",-0.272780174207005,3.95005787303191,0.181270761732113,0.670538119524186,0.960390254014357,0.977569136706791,"cognps_random_slope"
"4940","ZNF12","Mic P2RY12",0.364112925750617,5.08711919392889,1.10197863119483,0.294537207112856,0.759494537717796,0.819997695030791,"cognps_random_slope"
"4941","RSPH10B2","Mic P2RY12",-1.40707023726279,3.14005775578658,2.26801133689121,0.13294709391825,0.593557228010685,0.671370716186827,"cognps_random_slope"
"4942","CCZ1B","Mic P2RY12",0.306475160797864,5.14693831590256,0.626060534155611,0.429325551437306,0.848086940362737,0.891697247435349,"cognps_random_slope"
"4943","C1GALT1","Mic P2RY12",-0.0230674085224569,6.4471631026088,0.00561698082622901,0.940298934776867,0.999765323016076,0.999791880761836,"cognps_random_slope"
"4944","MIOS","Mic P2RY12",0.221836377716711,6.67464911473587,0.653030630917389,0.419565443345159,0.841605046184084,0.887205359811597,"cognps_random_slope"
"4945","RPA3","Mic P2RY12",-0.687631605666912,3.43022153741132,0.727925085303394,0.394124463004907,0.826421832065211,0.875940064909862,"cognps_random_slope"
"4946","UMAD1","Mic P2RY12",0.0759557035203328,7.93006374048445,0.0896593223094076,0.764783679829593,0.984710424038853,0.996291436935487,"cognps_random_slope"
"4947","GLCCI1","Mic P2RY12",0.0817982338250289,7.38658094385367,0.0531714342849389,0.817764983881467,0.995084767910246,0.999791880761836,"cognps_random_slope"
"4948","ICA1","Mic P2RY12",0.565876277793617,6.19972571472344,1.20470070106318,0.273118526750323,0.745697838524862,0.805080313167337,"cognps_random_slope"
"4949","NXPH1","Mic P2RY12",2.03855994040315,3.2864050320001,5.72145456745515,0.017271796931321,0.256891621172734,0.340337647531765,"cognps_random_slope"
"4950","AC004949.1","Mic P2RY12",-0.149792427974434,2.43728839391824,0.0176090778522754,0.894505491487245,0.999765323016076,0.999791880761836,"cognps_random_slope"
"4951","NDUFA4","Mic P2RY12",0.558320482845443,5.13666301397488,0.60609126084087,0.436775252629615,0.853388920232119,0.895705214792636,"cognps_random_slope"
"4952","PHF14","Mic P2RY12",0.0594946128833758,7.72520784998105,0.0826090638990725,0.773957881509695,0.987777496272494,0.998208143973629,"cognps_random_slope"
"4953","THSD7A","Mic P2RY12",2.26611092898807,3.18675412671333,6.62504476638226,0.0104551416298078,0.203207927355574,0.276486045218362,"cognps_random_slope"
"4954","TMEM106B","Mic P2RY12",0.073839083572695,5.20430403325019,0.0483649525721928,0.826057981463157,0.997790670013024,0.999791880761836,"cognps_random_slope"
"4955","SCIN","Mic P2RY12",-1.07341921710522,8.3756272859001,3.72914129416053,0.0542565213669113,0.434347947711541,0.526344557013956,"cognps_random_slope"
"4956","ARL4A","Mic P2RY12",-0.215895082211471,3.09461256178231,0.0628684407199775,0.802161571461553,0.992367772828195,0.999791880761836,"cognps_random_slope"
"4957","AC011287.1","Mic P2RY12",1.94015801498642,4.81234916683727,5.15336414669239,0.0237925808739332,0.300345457813253,0.390545721939138,"cognps_random_slope"
"4958","ETV1","Mic P2RY12",1.11417134926155,3.6994386277824,2.0540293671616,0.152672726960711,0.620900468101574,0.699183031356926,"cognps_random_slope"
"4959","DGKB","Mic P2RY12",2.96792286010285,4.62265434071102,15.7847784014634,8.5763656494279e-05,0.0225356619741144,0.0351553024666095,"cognps_random_slope"
"4960","ISPD","Mic P2RY12",1.45559336527943,3.6314019017386,4.54977911686202,0.0335995927301465,0.351240563946647,0.444299882398935,"cognps_random_slope"
"4961","ANKMY2","Mic P2RY12",-0.438458489532951,4.87448037578561,0.98657460806864,0.534029594810816,0.906426532810626,0.936676845646322,"cognps_random_slope"
"4962","BZW2","Mic P2RY12",-0.779564757309339,4.86679898082044,2.03979429375521,0.154098226979826,0.623600453658621,0.701813337909373,"cognps_random_slope"
"4963","TSPAN13","Mic P2RY12",1.81931284134724,3.46916521889688,4.16690169930468,0.0419506126250858,0.389591240324861,0.483031951804167,"cognps_random_slope"
"4964","AC073332.1","Mic P2RY12",1.04831821169943,2.82546295731497,1.171387979515,0.279841394630018,0.750450717615308,0.811324991036345,"cognps_random_slope"
"4965","AC019117.1","Mic P2RY12",-1.66857798320052,2.95234366447349,2.9625009790174,0.086076059957443,0.511558903961466,0.596695508575108,"cognps_random_slope"
"4966","SNX13","Mic P2RY12",-0.186564315829178,8.17135196535314,0.552026759357042,0.457975802635913,0.865885529716198,0.906401036312938,"cognps_random_slope"
"4967","HDAC9","Mic P2RY12",-0.592191973364833,10.2361281514174,2.00973493038873,0.157158454129649,0.627556747256086,0.705804252659947,"cognps_random_slope"
"4968","TWISTNB","Mic P2RY12",1.28133026665223,3.65783671806949,3.53639447250988,0.0608437507518361,0.454750197337064,0.546646250825212,"cognps_random_slope"
"4969","MACC1","Mic P2RY12",-2.96884780297377,3.27565785156231,10.3051523852652,0.00144600338272518,0.0817632545649795,0.116429093798354,"cognps_random_slope"
"4970","ITGB8","Mic P2RY12",0.880010527564861,3.1716998239048,1.14594182646375,0.285118198780569,0.753810845017123,0.813772603052023,"cognps_random_slope"
"4971","SP4","Mic P2RY12",-0.781399043131583,5.6043133576215,4.47797084937319,0.0350211384079406,0.356354043891278,0.450143423835246,"cognps_random_slope"
"4972","DNAH11","Mic P2RY12",-2.19899238110543,2.56850049404837,3.26271966487926,0.071707352674926,0.481701677783777,0.572274865842081,"cognps_random_slope"
"4973","RAPGEF5","Mic P2RY12",1.14077935672009,4.72937971403156,3.82603438286825,0.0512359892438966,0.425147672976755,0.517756780593299,"cognps_random_slope"
"4974","STEAP1B","Mic P2RY12",-0.172926561408989,6.4606300395104,0.131567440908227,0.717025447429162,0.975412307559,0.990827860187382,"cognps_random_slope"
"4975","AC002480.2","Mic P2RY12",0.674544101796593,3.77279266671881,0.724752579989805,0.395155893042342,0.82692088304535,0.876563829705978,"cognps_random_slope"
"4976","AC002480.3","Mic P2RY12",-0.195966461848752,3.46176554834419,0.0513985077061434,0.820776203016192,0.996726931048618,0.999791880761836,"cognps_random_slope"
"4977","TOMM7","Mic P2RY12",-0.472702632292442,4.66806131414291,0.908138681574579,0.341248825919101,0.792405774789648,0.845625767302657,"cognps_random_slope"
"4978","FAM126A","Mic P2RY12",-0.238822969664333,6.44695366390968,0.757541114777682,0.384679707041764,0.821266967351709,0.870861049245501,"cognps_random_slope"
"4979","KLHL7","Mic P2RY12",0.221814110679572,5.43514020896677,0.554370193018743,0.457023765919331,0.865510720220435,0.905764164095184,"cognps_random_slope"
"4980","NUPL2","Mic P2RY12",-0.313630027387044,6.56485961400282,1.69141951091284,0.194246732197695,0.672504649887273,0.741545924973983,"cognps_random_slope"
"4981","GPNMB","Mic P2RY12",-0.645585091850696,5.46590372640203,0.560518091895706,0.4545409383183,0.865099641295205,0.905598852945087,"cognps_random_slope"
"4982","MALSU1","Mic P2RY12",0.808891870208213,4.99397405060194,5.26797523861772,0.0222963864096189,0.293510681999315,0.38226010007974,"cognps_random_slope"
"4983","IGF2BP3","Mic P2RY12",1.47369990135269,3.01005975900854,1.84670578715175,0.175018660517387,0.646504793926442,0.722173203526035,"cognps_random_slope"
"4984","TRA2A","Mic P2RY12",-0.260158504669411,7.8944074052861,1.13325509344205,0.287796314276408,0.754255972880221,0.814647163364235,"cognps_random_slope"
"4985","CCDC126","Mic P2RY12",-0.819782713089666,5.22343423269504,4.09948532354455,0.043634797836815,0.395903808944589,0.489669744764059,"cognps_random_slope"
"4986","FAM221A","Mic P2RY12",-0.481500631601486,3.9395918542243,0.803378182807004,0.370684840275516,0.812104761618872,0.863532460737016,"cognps_random_slope"
"4987","STK31","Mic P2RY12",-1.20918183117385,2.69880954674113,1.34011870444839,0.24778129943073,0.727506673637925,0.787883147226809,"cognps_random_slope"
"4988","MPP6","Mic P2RY12",0.591287818139217,3.47985237060137,0.558649483659366,0.455293321056771,0.865333388169053,0.905598852945087,"cognps_random_slope"
"4989","GSDME","Mic P2RY12",-0.293643022522089,5.502830053914,0.460232144826259,0.497951790712581,0.887609995655665,0.922308853833548,"cognps_random_slope"
"4990","OSBPL3","Mic P2RY12",-0.62356433625147,8.3889412219295,3.03624790351312,0.0822787390471423,0.505420462602119,0.593030725533821,"cognps_random_slope"
"4991","CYCS","Mic P2RY12",0.476979473642384,4.59139354518009,0.522387556790406,0.470294755296356,0.873879647216648,0.911989958554649,"cognps_random_slope"
"4992","C7orf31","Mic P2RY12",0.462578444168633,4.5578989383194,1.02383624634454,0.446048912654345,0.858959833091086,0.900203449627804,"cognps_random_slope"
"4993","AC005165.1","Mic P2RY12",0.827300364542856,5.60801120365786,2.25900784661648,0.133716741356921,0.594538172171235,0.672438517741195,"cognps_random_slope"
"4994","NFE2L3","Mic P2RY12",-0.756353093335713,3.62719114280923,1.14651271942405,0.28499843314997,0.753768239303299,0.813550734398614,"cognps_random_slope"
"4995","HNRNPA2B1","Mic P2RY12",-0.397512818644532,8.30457515776096,2.95421458037665,0.0865144885696723,0.511641951157184,0.597021470708069,"cognps_random_slope"
"4996","CBX3","Mic P2RY12",-0.172529876045646,5.67670774175203,0.286824034074444,0.592594027542314,0.933098138955564,0.956572327419297,"cognps_random_slope"
"4997","SNX10","Mic P2RY12",-0.753913657479515,6.16510695720536,3.04203345812385,0.0819886157608272,0.505162960832573,0.593030725533821,"cognps_random_slope"
"4998","SKAP2","Mic P2RY12",-0.311292176639198,9.3852747466773,1.5601207419125,0.212459938625734,0.692574954396365,0.758857622990679,"cognps_random_slope"
"4999","HOTAIRM1","Mic P2RY12",-0.32287280329249,4.88292197667988,0.388906371204144,0.533270152164808,0.906222110364132,0.936267706926118,"cognps_random_slope"
"5000","HIBADH","Mic P2RY12",0.623212830430712,6.68411061532389,3.39203954082233,0.0663351307772698,0.469213223209642,0.560515038951995,"cognps_random_slope"
"5001","TAX1BP1","Mic P2RY12",0.23853176219665,7.47312007499696,1.08600180362426,0.298058824988961,0.761720364612185,0.822068227825695,"cognps_random_slope"
"5002","JAZF1","Mic P2RY12",-0.533051252468577,10.0808923747507,2.11440225015525,0.14679117084339,0.613906387967251,0.69162109648155,"cognps_random_slope"
"5003","JAZF1-AS1","Mic P2RY12",-0.550336265152074,3.3601749123948,0.43219611812929,0.511333843747054,0.893659673987929,0.927919604508759,"cognps_random_slope"
"5004","CREB5","Mic P2RY12",-0.338151337768928,5.11109307237335,0.156578489728458,0.692560992686326,0.9679818380256,0.984348064063493,"cognps_random_slope"
"5005","AC005162.3","Mic P2RY12",-0.913781212277459,3.33106379485428,1.01347899384721,0.314747689042025,0.770261998566852,0.829537614030808,"cognps_random_slope"
"5006","CPVL","Mic P2RY12",0.144996492097555,8.25954530632229,0.056209263230163,0.812725899711081,0.994671914133184,0.999791880761836,"cognps_random_slope"
"5007","AC007255.1","Mic P2RY12",0.610347431458301,3.04925343076307,0.383778742468249,0.535980095702397,0.907124922871798,0.936810708718851,"cognps_random_slope"
"5008","WIPF3","Mic P2RY12",0.48564358661265,5.8617884066674,0.318052137306019,0.573132114232288,0.924364359468876,0.95002305090559,"cognps_random_slope"
"5009","SCRN1","Mic P2RY12",-0.201044442508561,6.10887334474359,0.456546697581175,0.499676560171358,0.888685143130261,0.923312641555035,"cognps_random_slope"
"5010","AC007285.1","Mic P2RY12",-0.0755538861374287,3.92862477507137,0.015706702695903,0.900335193410605,0.999765323016076,0.999791880761836,"cognps_random_slope"
"5011","FKBP14","Mic P2RY12",-0.0235731387078924,4.36436176795063,0.00206333534274443,0.963794602440008,0.999765323016076,0.999791880761836,"cognps_random_slope"
"5012","PLEKHA8","Mic P2RY12",-0.0617524766600262,5.70889194001074,0.0329744959073627,0.856160690720153,0.999765323016076,0.999791880761836,"cognps_random_slope"
"5013","MTURN","Mic P2RY12",0.0756225589983058,6.52198005052045,0.0254169747944527,0.873421950773565,0.999765323016076,0.999791880761836,"cognps_random_slope"
"5014","ZNRF2","Mic P2RY12",0.089017174723612,8.01895293622006,0.104482504151016,0.746703225792298,0.982244103840787,0.994674014762625,"cognps_random_slope"
"5015","AC006978.2","Mic P2RY12",0.181011866030624,8.04305115980362,0.426459984456573,0.514148369204645,0.894942542151003,0.92830484233112,"cognps_random_slope"
"5016","NOD1","Mic P2RY12",0.711948841586107,6.14305631703595,4.84885146107685,0.028298830474188,0.324934696123959,0.41758460289664,"cognps_random_slope"
"5017","GGCT","Mic P2RY12",-0.634838845122703,3.4391032252517,1.00288807476142,0.374610238453888,0.814959708688401,0.865947690550897,"cognps_random_slope"
"5018","AC005154.6","Mic P2RY12",0.337648426890744,6.8254143200099,1.69848630708613,0.193319812997454,0.670637047090734,0.740026852677201,"cognps_random_slope"
"5019","GARS","Mic P2RY12",-0.245642809412471,5.19612933785221,0.268443064954232,0.604696692464646,0.937802649979608,0.960175025554302,"cognps_random_slope"
"5020","PDE1C","Mic P2RY12",0.1077840544563,3.94870052596961,0.0216880813181441,0.883002433025196,0.999765323016076,0.999791880761836,"cognps_random_slope"
"5021","LSM5","Mic P2RY12",0.0917873251728155,3.93615472348144,0.0259957530838064,0.872001226900815,0.999765323016076,0.999791880761836,"cognps_random_slope"
"5022","AVL9","Mic P2RY12",-0.191817539469972,7.72994895263774,1.16973599894439,0.280180191016451,0.750450717615308,0.811324991036345,"cognps_random_slope"
"5023","KBTBD2","Mic P2RY12",-0.175934554100153,6.10088783323211,0.406168937708121,0.52432594796319,0.900642733823573,0.932130958634337,"cognps_random_slope"
"5024","FKBP9","Mic P2RY12",-0.00633254227660208,3.97985317769415,0.000148947635201246,0.990269298488848,0.999765323016076,0.999791880761836,"cognps_random_slope"
"5025","NT5C3A","Mic P2RY12",0.086396768689353,6.09896203732685,0.100638677967513,0.751248630848026,0.982244103840787,0.994674014762625,"cognps_random_slope"
"5026","RP9","Mic P2RY12",-0.101022432152545,4.20520337103637,0.0504074550516534,0.822483288266814,0.996726931048618,0.999791880761836,"cognps_random_slope"
"5027","BBS9","Mic P2RY12",-0.238124348477821,7.24517024939247,0.80570034636754,0.369995023200672,0.812104761618872,0.863532460737016,"cognps_random_slope"
"5028","BMPER","Mic P2RY12",1.63970311549705,3.43769669483004,4.36462868240449,0.0373949393262729,0.368708984399272,0.462970294953774,"cognps_random_slope"
"5029","DPY19L1","Mic P2RY12",0.041083691208605,5.57880177887644,0.0139478160377082,0.906053667122171,0.999765323016076,0.999791880761836,"cognps_random_slope"
"5030","HERPUD2","Mic P2RY12",0.103111126136012,5.85760353874998,0.0945655725352831,0.892178809877565,0.999765323016076,0.999791880761836,"cognps_random_slope"
"5031","SEPT7-AS1","Mic P2RY12",0.74367857385956,4.19986156380289,1.91315298387134,0.167471530618685,0.638685292999734,0.716732069796503,"cognps_random_slope"
"5032","SEPT7","Mic P2RY12",-0.00430007348486026,7.50977025889275,0.000539072116606261,0.981489316145197,0.999765323016076,0.999791880761836,"cognps_random_slope"
"5033","EEPD1","Mic P2RY12",0.910030712878058,6.37565303759724,2.34939553828931,0.126210800057131,0.585686376338701,0.664072210730131,"cognps_random_slope"
"5034","ANLN","Mic P2RY12",-0.97497728947664,3.27631097468598,1.25540480132102,0.263270374450378,0.737476230771219,0.796809047118239,"cognps_random_slope"
"5035","AOAH","Mic P2RY12",0.416565611222453,9.91922692370798,1.59600510604809,0.207288655150417,0.688615584449861,0.754004958110061,"cognps_random_slope"
"5036","ELMO1","Mic P2RY12",-0.686422790418865,11.2542592502338,4.56913389477058,0.033226894795009,0.350570895142168,0.443421255623102,"cognps_random_slope"
"5037","ELMO1-AS1","Mic P2RY12",-1.18026592777792,6.08816027365772,2.7138888936635,0.10035164451895,0.540500040521822,0.625940567937586,"cognps_random_slope"
"5038","EPDR1","Mic P2RY12",0.415958066481481,4.22423179983044,0.260293573225933,0.610231520423021,0.938887784751883,0.961671300708584,"cognps_random_slope"
"5039","STARD3NL","Mic P2RY12",0.125667400587345,5.17176451996865,0.116061081015648,0.846197971438602,0.999765323016076,0.999791880761836,"cognps_random_slope"
"5040","TRG-AS1","Mic P2RY12",-0.195902297807213,4.70384185659067,0.086799941602782,0.768455473793099,0.986294885705015,0.997038473717198,"cognps_random_slope"
"5041","AMPH","Mic P2RY12",1.68418647645031,3.98445651218773,5.44124900885238,0.0202176602141511,0.280763590186361,0.367290209128151,"cognps_random_slope"
"5042","VPS41","Mic P2RY12",-0.0837016759292966,7.38928661801391,0.134520767524973,0.719076135751531,0.97571529536985,0.991263914498365,"cognps_random_slope"
"5043","POU6F2","Mic P2RY12",1.33203545431339,3.503230453829,2.73425347273106,0.0990899789145937,0.537560520252725,0.623539007406861,"cognps_random_slope"
"5044","YAE1D1","Mic P2RY12",-0.00275433584352909,4.65817901880064,2.50322926075868e-05,0.996010792268595,0.999765323016076,0.999791880761836,"cognps_random_slope"
"5045","RALA","Mic P2RY12",-0.285686294174929,5.99719529044745,0.944435614664965,0.331792894954152,0.785020583559425,0.841255058124717,"cognps_random_slope"
"5046","LINC00265","Mic P2RY12",0.33708658679658,4.51316134334025,0.562623879753376,0.453695399733968,0.864784074377263,0.905569199537039,"cognps_random_slope"
"5047","CDK13","Mic P2RY12",-0.343783751051915,8.3613373070452,3.79361574238428,0.0522262023727522,0.429903770268582,0.52307407041035,"cognps_random_slope"
"5048","MPLKIP","Mic P2RY12",-0.366644345476315,4.4322857203121,0.710610159676864,0.399801630058851,0.82950017718202,0.877998027437834,"cognps_random_slope"
"5049","SUGCT","Mic P2RY12",-0.253459471281831,5.24232624382453,0.273357390251794,0.60141040040754,0.936283425111275,0.959054741582592,"cognps_random_slope"
"5050","INHBA","Mic P2RY12",-1.08720426357554,2.70347427456266,0.722660424938866,0.395838218343683,0.827167934511725,0.876803766873825,"cognps_random_slope"
"5051","MRPL32","Mic P2RY12",-0.1142164732529,3.86572057509048,0.0375811252734765,0.88001836355327,0.999765323016076,0.999791880761836,"cognps_random_slope"
"5052","HECW1","Mic P2RY12",1.75927963841021,4.27271603946896,5.8417647055933,0.0161470896953892,0.250448089129526,0.333978107506926,"cognps_random_slope"
"5053","STK17A","Mic P2RY12",-0.366917239661395,6.51633784349828,0.738307741925608,0.390775885573939,0.824692295940985,0.873932594956922,"cognps_random_slope"
"5054","COA1","Mic P2RY12",-0.178911613979667,7.25465462467968,0.501398681713039,0.479344874364636,0.880549559893777,0.916143624326104,"cognps_random_slope"
"5055","BLVRA","Mic P2RY12",1.38723627030005,2.69904315534818,1.63959745026611,0.201205947466839,0.68055550277716,0.748052124940614,"cognps_random_slope"
"5056","URGCP","Mic P2RY12",-0.18994450939684,5.09413435602855,0.240376467601935,0.624233323881941,0.945004622326151,0.965736540920449,"cognps_random_slope"
"5057","UBE2D4","Mic P2RY12",0.361195264591825,4.13549493524284,0.471472673362413,0.49275293879108,0.884735626300203,0.919903672806468,"cognps_random_slope"
"5058","SPDYE1","Mic P2RY12",0.0656822167578878,3.21692162404006,0.00647435961812762,0.935913458069589,0.999765323016076,0.999791880761836,"cognps_random_slope"
"5059","AC004951.1","Mic P2RY12",-0.253346476673214,4.118314398795,0.21299007162707,0.644712861907926,0.951443629329721,0.970887183190732,"cognps_random_slope"
"5060","DBNL","Mic P2RY12",-0.0885568865660734,5.83922576989822,0.0801042954005572,0.784097920508157,0.99026446449249,0.999791880761836,"cognps_random_slope"
"5061","POLM","Mic P2RY12",0.284953330046255,5.2263210605397,0.648134487198612,0.434308350634289,0.851523951258246,0.894179721772824,"cognps_random_slope"
"5062","POLD2","Mic P2RY12",-0.10848279492258,3.75273264803927,0.0317008119197622,0.858786141896334,0.999765323016076,0.999791880761836,"cognps_random_slope"
"5063","YKT6","Mic P2RY12",-0.493759657093869,4.57739817369871,1.32904163554988,0.398019234317779,0.828429241452076,0.876968316775435,"cognps_random_slope"
"5064","CAMK2B","Mic P2RY12",1.17624274706546,4.72134838086572,3.80928666484891,0.0517450259733813,0.427782290604122,0.520799826147268,"cognps_random_slope"
"5065","NUDCD3","Mic P2RY12",0.283405721848615,7.0982624061284,1.37129478982784,0.242364866175391,0.723853704394118,0.78507412470175,"cognps_random_slope"
"5066","DDX56","Mic P2RY12",-0.423404417133806,4.80823109057732,1.0227455466594,0.312548568633949,0.769796612435867,0.828989115276752,"cognps_random_slope"
"5067","TMED4","Mic P2RY12",-0.61233747867353,4.93447948887471,2.79277924684958,0.0955597840000178,0.532922140027557,0.617843694930587,"cognps_random_slope"
"5068","OGDH","Mic P2RY12",-0.204321111727858,6.84521811829844,0.66454814706225,0.716215604753732,0.975412307559,0.990818510846582,"cognps_random_slope"
"5069","ZMIZ2","Mic P2RY12",0.894895442426118,5.71891209541635,7.8813760353236,0.00526688642406926,0.148786740821109,0.206777379898405,"cognps_random_slope"
"5070","PPIA","Mic P2RY12",-0.309779267048587,5.99783453785651,0.608443151807789,0.435887658980646,0.852375677513446,0.894898546867629,"cognps_random_slope"
"5071","H2AFV","Mic P2RY12",-0.723982362691653,5.32469312459116,5.22923793765961,0.0227908059084539,0.295228909405963,0.383706984329413,"cognps_random_slope"
"5072","PURB","Mic P2RY12",0.0481274979711448,5.47929916101267,0.0202518791797378,0.886915553389492,0.999765323016076,0.999791880761836,"cognps_random_slope"
"5073","MYO1G","Mic P2RY12",0.292589030456127,4.97328576159021,0.0601227268387838,0.806441929510507,0.993231645669267,0.999791880761836,"cognps_random_slope"
"5074","SNHG15","Mic P2RY12",-0.78323562989238,4.8355830830831,1.01233445901312,0.315020713154982,0.770261998566852,0.829537614030808,"cognps_random_slope"
"5075","CCM2","Mic P2RY12",0.0367799850866181,7.9065468784976,0.0247231828058687,0.875147039020749,0.999765323016076,0.999791880761836,"cognps_random_slope"
"5076","TBRG4","Mic P2RY12",0.0957177284855019,4.34623787885623,0.0360005536154194,0.879609303738751,0.999765323016076,0.999791880761836,"cognps_random_slope"
"5077","ADCY1","Mic P2RY12",0.772327135039018,4.00980819507722,1.44805604574265,0.229631677219355,0.711184216874644,0.77303959428257,"cognps_random_slope"
"5078","AC073115.1","Mic P2RY12",0.873678286650931,3.42708498226359,0.915812505326287,0.339219751815402,0.791497258783824,0.844859240409862,"cognps_random_slope"
"5079","TNS3","Mic P2RY12",0.0100041455915674,9.17970627232738,0.00101844713085266,0.974559040734304,0.999765323016076,0.999791880761836,"cognps_random_slope"
"5080","HUS1","Mic P2RY12",-0.383597154151294,5.65274377267144,1.68144715661574,0.195563649299151,0.674402119521831,0.742537130510701,"cognps_random_slope"
"5081","UPP1","Mic P2RY12",0.152678615138965,4.21247773504744,0.082455171114404,0.774162783218604,0.987777496272494,0.998208143973629,"cognps_random_slope"
"5082","VWC2","Mic P2RY12",1.95076555920098,3.69295658213996,3.43298512701279,0.0647255333126,0.465586082620587,0.55696074371472,"cognps_random_slope"
"5083","IKZF1","Mic P2RY12",-0.37173455560263,9.3097443679137,1.17855061505116,0.278378425600599,0.748918655780509,0.809498465776539,"cognps_random_slope"
"5084","FIGNL1","Mic P2RY12",0.170462765012356,3.45938521729061,0.0653214255446312,0.7984208408252,0.992143902613387,0.999791880761836,"cognps_random_slope"
"5085","GRB10","Mic P2RY12",0.879750535130063,3.05143150715004,0.918413071051993,0.338535813779629,0.791058141318363,0.844859240409862,"cognps_random_slope"
"5086","COBL","Mic P2RY12",1.30519112083751,3.83580798676197,3.9548965097122,0.0474926709248423,0.410083300943178,0.502922623767295,"cognps_random_slope"
"5087","LINC01446","Mic P2RY12",2.55108120328303,2.47469388350831,2.04538000845904,0.153537075864479,0.622158283448558,0.700588416079682,"cognps_random_slope"
"5088","VSTM2A","Mic P2RY12",2.02704895486383,3.38918015492048,5.19190685773709,0.0232780860076074,0.29766186124804,0.38653789147575,"cognps_random_slope"
"5089","SEC61G","Mic P2RY12",0.144281627862364,3.58861293251802,0.0426521092494658,0.905107230866661,0.999765323016076,0.999791880761836,"cognps_random_slope"
"5090","EGFR","Mic P2RY12",0.416668443526221,3.06639090473529,0.174815214452538,0.67611690282375,0.962810601943974,0.980067760574701,"cognps_random_slope"
"5091","LANCL2","Mic P2RY12",0.680454324673002,4.87254278769902,2.29448124779259,0.130712969205505,0.591809296756693,0.669219809264844,"cognps_random_slope"
"5092","VOPP1","Mic P2RY12",-0.482084079060917,8.5047424561523,3.50177427475588,0.062114831658319,0.458370517099743,0.549599246364522,"cognps_random_slope"
"5093","NIPSNAP2","Mic P2RY12",0.0694726669329067,6.56684605034115,0.0874458780042708,0.801791060192189,0.992196422862696,0.999791880761836,"cognps_random_slope"
"5094","PSPH","Mic P2RY12",0.816480683799233,4.16660813359677,2.74205022198712,0.0986115510450217,0.537484114202283,0.623301366148007,"cognps_random_slope"
"5095","CCT6A","Mic P2RY12",-0.379294794305103,5.52494990073687,0.811987820040458,0.368136258171954,0.812104761618872,0.862758334302347,"cognps_random_slope"
"5096","SUMF2","Mic P2RY12",-0.303622411379878,5.69150651744625,0.872134136011052,0.350991761787591,0.79998639821329,0.851473247368018,"cognps_random_slope"
"5097","PHKG1","Mic P2RY12",-0.0933841020379428,3.46598508810718,0.0226621433216121,0.880423382045128,0.999765323016076,0.999791880761836,"cognps_random_slope"
"5098","CHCHD2","Mic P2RY12",-0.60749922255777,5.21765937257632,1.73873706175112,0.18813803909263,0.664092229701049,0.735425045919036,"cognps_random_slope"
"5099","ZNF727","Mic P2RY12",0.629304344918391,3.32969079117131,0.483435043107595,0.487319504244782,0.882509280592476,0.917539520895157,"cognps_random_slope"
"5100","ZNF736","Mic P2RY12",-0.0978490219675454,5.71899387601809,0.102682927163438,0.748819575056584,0.982244103840787,0.994674014762625,"cognps_random_slope"
"5101","ZNF680","Mic P2RY12",0.359270647931036,5.69278526298213,1.32196548726736,0.251003639375902,0.729501575487489,0.789227402172902,"cognps_random_slope"
"5102","ZNF107","Mic P2RY12",0.252955204215587,5.26906833247847,0.3696468430733,0.721824636324526,0.97571529536985,0.991507497762299,"cognps_random_slope"
"5103","ZNF138","Mic P2RY12",-0.197905257725706,5.27608936445966,0.284386268230098,0.594170012956534,0.934067052508269,0.957334061918505,"cognps_random_slope"
"5104","ZNF273","Mic P2RY12",0.332817354689388,4.59054162401891,0.585913614479332,0.444505715759253,0.85802776256953,0.899211617235781,"cognps_random_slope"
"5105","ZNF117","Mic P2RY12",1.00081762353028,5.45294287056071,3.95908782579119,0.0473758978437075,0.410083300943178,0.502922623767295,"cognps_random_slope"
"5106","ZNF92","Mic P2RY12",0.364737734317874,4.3211646568206,0.567903663564342,0.451586235815715,0.863566532502883,0.904280382618726,"cognps_random_slope"
"5107","VKORC1L1","Mic P2RY12",-0.0684416648817572,6.85253429727377,0.0383247153620233,0.844903112565729,0.999765323016076,0.999791880761836,"cognps_random_slope"
"5108","GUSB","Mic P2RY12",-0.221870198063596,5.22092791663841,0.370325618356446,0.543210998745308,0.910123298286075,0.939292860686914,"cognps_random_slope"
"5109","ASL","Mic P2RY12",0.156527880706155,3.9343636540851,0.0679119860623673,0.794550695418107,0.992143902613387,0.999791880761836,"cognps_random_slope"
"5110","AC068533.4","Mic P2RY12",1.19505736323005,4.02719198061897,4.17057994285815,0.0418607209407,0.38953414431472,0.483031951804167,"cognps_random_slope"
"5111","CRCP","Mic P2RY12",-0.797214298705417,4.15522435334431,2.64161392785918,0.104973738939749,0.548384744933023,0.633725478917267,"cognps_random_slope"
"5112","AC068533.3","Mic P2RY12",-0.286153689244076,3.43939656064718,0.147746579832402,0.70092536048179,0.970461902656934,0.98555333990657,"cognps_random_slope"
"5113","TPST1","Mic P2RY12",-0.840725806073631,5.78498072565057,3.8571425412718,0.0503045363641438,0.41997865428515,0.512516880959857,"cognps_random_slope"
"5114","AC027644.4","Mic P2RY12",-0.0772637525808424,7.17216892741144,0.046729531320123,0.828977686203028,0.998655997370349,0.999791880761836,"cognps_random_slope"
"5115","AC027644.3","Mic P2RY12",0.307906493812418,3.53121050144731,0.225419262339177,0.635229564913908,0.949736241790035,0.96945689678304,"cognps_random_slope"
"5116","TMEM248","Mic P2RY12",-0.229842968692113,6.00805265736006,0.777845537634693,0.37838995823532,0.816948804422055,0.867972697408637,"cognps_random_slope"
"5117","SBDS","Mic P2RY12",-0.604092506858516,4.00783828000797,1.26639367481402,0.261194784048633,0.73538817247855,0.796065864541977,"cognps_random_slope"
"5118","TYW1","Mic P2RY12",-0.145956976703513,6.96296461017802,0.375412148143044,0.714884127011556,0.975369463635344,0.990257290777674,"cognps_random_slope"
"5119","AC006480.2","Mic P2RY12",-0.714736554062844,3.88978735739543,1.07196712375263,0.301197234926592,0.762414699475663,0.823013995190349,"cognps_random_slope"
"5120","AUTS2","Mic P2RY12",-0.132098765016632,9.7501072900984,0.113080608543394,0.736859922560445,0.980212410386394,0.994092085799988,"cognps_random_slope"
"5121","GALNT17","Mic P2RY12",1.92503624433412,4.50352009340803,9.39664882663458,0.00233813817730983,0.102732425292226,0.146425903354028,"cognps_random_slope"
"5122","CALN1","Mic P2RY12",1.21811459409352,3.94224078057767,3.58503479737373,0.0591046727503104,0.44989912477379,0.543094414862529,"cognps_random_slope"
"5123","TYW1B","Mic P2RY12",0.268282381944562,6.39380406532849,1.04294875000798,0.307823155523509,0.767710159037189,0.827095076785596,"cognps_random_slope"
"5124","POM121","Mic P2RY12",0.148194466335537,6.75476139555759,0.295776354457989,0.586879454075954,0.93052195504873,0.954562967472938,"cognps_random_slope"
"5125","NSUN5","Mic P2RY12",0.304500635032878,5.56352653112687,0.873876891594175,0.350511510276557,0.799426324952662,0.851152769252035,"cognps_random_slope"
"5126","BAZ1B","Mic P2RY12",-0.156467023587564,6.97127960326464,0.411169469853923,0.830209053764105,0.999101386294055,0.999791880761836,"cognps_random_slope"
"5127","BCL7B","Mic P2RY12",-0.45121419169191,4.56370381411134,1.15085921593986,0.284088691023669,0.753428171068314,0.812823719705508,"cognps_random_slope"
"5128","TBL2","Mic P2RY12",-0.086788127687078,3.98649050018622,0.0228930594975407,0.879820336311879,0.999765323016076,0.999791880761836,"cognps_random_slope"
"5129","MLXIPL","Mic P2RY12",0.109977389087934,7.92989370884359,0.0851834993465556,0.770560330666152,0.986443273387328,0.997526881305537,"cognps_random_slope"
"5130","DNAJC30","Mic P2RY12",-0.456078141461677,3.26193024786631,0.466286759538947,0.658292246915038,0.955612931885691,0.973592644066785,"cognps_random_slope"
"5131","BUD23","Mic P2RY12",0.235414574704038,5.25754260279235,0.450192162820177,0.502674410628675,0.890035562007543,0.924712535641813,"cognps_random_slope"
"5132","STX1A","Mic P2RY12",0.799083162725401,3.9778828836728,2.03957611729111,0.154120192710794,0.623600453658621,0.701813337909373,"cognps_random_slope"
"5133","ABHD11","Mic P2RY12",-0.477465061924048,4.55295986583389,0.621262915983198,0.431097598116635,0.848974745989819,0.892253848944347,"cognps_random_slope"
"5134","CLDN4","Mic P2RY12",-0.442163112538048,3.48235808368536,0.32733931516542,0.567587471758528,0.922925953141032,0.948745471623017,"cognps_random_slope"
"5135","METTL27","Mic P2RY12",0.857412728125882,3.78627208478442,1.12269765532609,0.290049441097454,0.755052304998711,0.816127129103758,"cognps_random_slope"
"5136","LIMK1","Mic P2RY12",0.101942526705904,6.08266535425258,0.082451161199184,0.77416812501679,0.987777496272494,0.998208143973629,"cognps_random_slope"
"5137","EIF4H","Mic P2RY12",-0.0634264188485567,5.66497361018769,0.0456514978892893,0.830931639718723,0.999278422244518,0.999791880761836,"cognps_random_slope"
"5138","LAT2","Mic P2RY12",-0.313234730422497,8.2222533897553,1.03658952838251,0.309300427815477,0.768143594002532,0.827397442338951,"cognps_random_slope"
"5139","RFC2","Mic P2RY12",-0.129753931674843,5.04354729745176,0.106828676801753,0.743974085632573,0.982072175094771,0.994674014762625,"cognps_random_slope"
"5140","CLIP2","Mic P2RY12",0.191574615318757,7.47049869842504,0.254855544069561,0.613985901737479,0.940399122416995,0.963193991500448,"cognps_random_slope"
"5141","GTF2IRD1","Mic P2RY12",-0.201362756679387,6.19728633573146,0.17241361722579,0.67822321513786,0.963049784527834,0.980096514019067,"cognps_random_slope"
"5142","GTF2I","Mic P2RY12",-0.0998573619786053,8.44063427782576,0.323465250454691,0.569887549371071,0.923355952776136,0.949247646187554,"cognps_random_slope"
"5143","NCF1","Mic P2RY12",0.750909167674731,6.45189028313812,2.1923131287717,0.1395764233288,0.60435012892706,0.680672823696258,"cognps_random_slope"
"5144","GTF2IRD2","Mic P2RY12",-0.852315001612623,4.87318997776603,3.00581642357547,0.0838231988044316,0.506453871586198,0.594207278251681,"cognps_random_slope"
"5145","CASTOR2","Mic P2RY12",0.214723856346805,4.81436059092155,0.185132858662864,0.667256478609127,0.959123036559146,0.976330303105061,"cognps_random_slope"
"5146","RCC1L","Mic P2RY12",0.576939056955219,4.98074374565666,2.39335971569875,0.122731014055154,0.581168825167187,0.660864338941303,"cognps_random_slope"
"5147","GTF2IRD2B","Mic P2RY12",-0.0741772310571928,5.42900271168354,0.031915306631108,0.858314262667662,0.999765323016076,0.999791880761836,"cognps_random_slope"
"5148","AC211486.5","Mic P2RY12",1.04882019153451,2.80486393510049,1.16877680070675,0.280377146405779,0.750450717615308,0.811324991036345,"cognps_random_slope"
"5149","TRIM73","Mic P2RY12",-0.466532467757499,4.61819457678378,0.673592790531116,0.412345479681874,0.837629494196875,0.884101649018339,"cognps_random_slope"
"5150","POM121C","Mic P2RY12",0.0319100354418421,6.39014023485452,0.0117767739022317,0.913643068202931,0.999765323016076,0.999791880761836,"cognps_random_slope"
"5151","SPDYE5","Mic P2RY12",-1.22711971407886,4.05767483945068,3.05922293974601,0.0811331491824286,0.503937109508405,0.592113078775718,"cognps_random_slope"
"5152","HIP1","Mic P2RY12",-0.266499789628119,5.89806394523507,0.278333158734913,0.598121139535941,0.935943646767999,0.95860105856528,"cognps_random_slope"
"5153","RHBDD2","Mic P2RY12",0.86680450753128,4.55365614918922,3.52314915903956,0.0613267366759505,0.455817858122248,0.548002884803529,"cognps_random_slope"
"5154","POR","Mic P2RY12",-0.276933413184357,5.30974757862238,0.77033762777143,0.9094794137323,0.999765323016076,0.999791880761836,"cognps_random_slope"
"5155","TMEM120A","Mic P2RY12",0.531828040446668,3.82133099628143,1.00582627817476,0.316579136374715,0.771780426879672,0.830591950374486,"cognps_random_slope"
"5156","STYXL1","Mic P2RY12",1.05839096312707,5.91997906547054,8.94238529523589,0.00297821281798265,0.111623474530408,0.160251985835461,"cognps_random_slope"
"5157","MDH2","Mic P2RY12",0.345258871486684,4.57199946232342,0.559955429860101,0.748939150764791,0.982244103840787,0.994674014762625,"cognps_random_slope"
"5158","SRRM3","Mic P2RY12",0.334399256845759,3.9352832020822,0.263722118473788,0.607889816573126,0.93885760879533,0.961459183207151,"cognps_random_slope"
"5159","HSPB1","Mic P2RY12",-0.102285226351733,6.24484177749387,0.00711111904661616,0.932843009270765,0.999765323016076,0.999791880761836,"cognps_random_slope"
"5160","YWHAG","Mic P2RY12",-0.217158275542453,6.80210178611193,0.470380227740992,0.493254188229271,0.884886128040222,0.920031080799943,"cognps_random_slope"
"5161","SSC4D","Mic P2RY12",0.955323728028775,3.21292017310597,1.09642203872902,0.295755893714109,0.760181663718371,0.820779427630148,"cognps_random_slope"
"5162","ZP3","Mic P2RY12",0.0424493253355501,4.37086387676829,0.00605194207814246,0.938035001331269,0.999765323016076,0.999791880761836,"cognps_random_slope"
"5163","DTX2","Mic P2RY12",0.149547669230633,6.85489552240363,0.30145945471034,0.583309651344263,0.928407839368607,0.95256054724782,"cognps_random_slope"
"5164","SPDYE16","Mic P2RY12",-1.47261168099141,3.38778434528945,2.69915098196026,0.101275703420852,0.542074332563011,0.6273410096216,"cognps_random_slope"
"5165","POMZP3","Mic P2RY12",-0.890168954273068,4.08475991148564,3.32485549634535,0.0690699644894727,0.477362864426727,0.568522215923754,"cognps_random_slope"
"5166","CCDC146","Mic P2RY12",-0.200134566730595,7.00716330756941,0.364274014560189,0.546522568744497,0.911392352382404,0.940041033146701,"cognps_random_slope"
"5167","FGL2","Mic P2RY12",-0.552808302173936,5.90893814113742,1.91572908547229,0.167186570324415,0.638669314798481,0.71657367888837,"cognps_random_slope"
"5168","GSAP","Mic P2RY12",-0.135416791963011,7.75000446074055,0.223992632252221,0.636301573384866,0.950145971078957,0.970025117347288,"cognps_random_slope"
"5169","PTPN12","Mic P2RY12",-0.555845317727635,7.44475861984717,4.12381964495666,0.0430187897692502,0.393511810032574,0.487121353765819,"cognps_random_slope"
"5170","APTR","Mic P2RY12",-0.207785122407413,4.33291332918938,0.126875086664549,0.721903185673875,0.97571529536985,0.991507497762299,"cognps_random_slope"
"5171","RSBN1L","Mic P2RY12",-0.231751067589189,6.85592394623727,0.971287550192348,0.325021860168299,0.779207974460655,0.836229370741199,"cognps_random_slope"
"5172","TMEM60","Mic P2RY12",-0.877592417728836,3.51435315816984,1.88914881282136,0.170153827655575,0.642310971122555,0.719645980681633,"cognps_random_slope"
"5173","PHTF2","Mic P2RY12",-0.42274727915279,6.85988577470858,3.50813145640949,0.0618793158893065,0.457851807934449,0.549281212984869,"cognps_random_slope"
"5174","MAGI2","Mic P2RY12",1.50168497334971,6.36830664530789,6.81446432206889,0.00942037671012236,0.193745976026164,0.266311811096321,"cognps_random_slope"
"5175","GNAI1","Mic P2RY12",-0.129477202117293,4.40704581519825,0.0512129317800824,0.821094531873504,0.996726931048618,0.999791880761836,"cognps_random_slope"
"5176","SEMA3C","Mic P2RY12",-0.271666077788263,3.07314600763561,0.0914273676439085,0.762545137224243,0.984139674089917,0.996023209475898,"cognps_random_slope"
"5177","HGF","Mic P2RY12",0.0593557490279341,4.81619323761638,0.0105839455718764,0.918116898729881,0.999765323016076,0.999791880761836,"cognps_random_slope"
"5178","CACNA2D1","Mic P2RY12",2.16946728171346,4.75496885822894,12.3508908702483,0.000497046358054554,0.0469078749597822,0.0709234819135438,"cognps_random_slope"
"5179","PCLO","Mic P2RY12",0.402574266705189,6.11004900108776,0.728110290453866,0.394064370005763,0.826421832065211,0.875892854360636,"cognps_random_slope"
"5180","SEMA3E","Mic P2RY12",0.703493988004676,2.92816658277897,0.673892116007843,0.412241742602886,0.83754572356296,0.884047378196716,"cognps_random_slope"
"5181","SEMA3A","Mic P2RY12",0.852475992816411,3.3446958293217,1.47875575034612,0.224766883352651,0.706318285902423,0.769637329131246,"cognps_random_slope"
"5182","GRM3","Mic P2RY12",1.72091394311332,3.82478499880702,5.08047857130808,0.0247981649389564,0.305722362784687,0.396225817539881,"cognps_random_slope"
"5183","KIAA1324L","Mic P2RY12",0.240279628187387,4.02086439169478,0.093879406247406,0.759479348932323,0.983190954097967,0.995414674993652,"cognps_random_slope"
"5184","DMTF1","Mic P2RY12",-0.133930521045372,7.10125459683892,0.274879925273724,0.688040822905081,0.966806654896821,0.983133499327864,"cognps_random_slope"
"5185","TMEM243","Mic P2RY12",-0.0657654843258467,6.05181473983072,0.0225032283581542,0.880840221278984,0.999765323016076,0.999791880761836,"cognps_random_slope"
"5186","TP53TG1","Mic P2RY12",0.733816687627773,3.05472769421418,0.828406686207973,0.363343270097343,0.810042116548742,0.860821145895817,"cognps_random_slope"
"5187","CROT","Mic P2RY12",-0.115228855344236,4.74744622180745,0.0818250861045752,0.775003880840987,0.988006094248173,0.998208143973629,"cognps_random_slope"
"5188","ABCB4","Mic P2RY12",0.943472900417934,4.62260125474224,1.96232913877427,0.162126707436773,0.631954626631818,0.70895413987356,"cognps_random_slope"
"5189","RUNDC3B","Mic P2RY12",1.91079663991785,3.50292170376617,5.88317063268458,0.0157777924867126,0.247891105095161,0.330459807893156,"cognps_random_slope"
"5190","SLC25A40","Mic P2RY12",-0.396125708577834,4.97430600666155,0.882249505784635,0.348216722768685,0.797345383686804,0.848707677277839,"cognps_random_slope"
"5191","DBF4","Mic P2RY12",-0.619858333668194,3.89340786392421,1.23644126334788,0.523114681524165,0.899782433670983,0.931455315464605,"cognps_random_slope"
"5192","ADAM22","Mic P2RY12",0.953169351373429,4.2226801545914,2.20688967280574,0.138271495619214,0.602398021064074,0.678861251902263,"cognps_random_slope"
"5193","SRI","Mic P2RY12",-0.829167710442245,4.73395857135383,3.54040214479455,0.0606984148372513,0.453917107831476,0.546285733535262,"cognps_random_slope"
"5194","AC003991.1","Mic P2RY12",-0.96737027371169,2.70456459645357,0.983122604260615,0.322095750378418,0.775913203455183,0.833522577167291,"cognps_random_slope"
"5195","ZNF804B","Mic P2RY12",2.61784325541619,3.50877299415502,10.2831643109674,0.00146284644983507,0.0823680893875621,0.117366096838191,"cognps_random_slope"
"5196","STEAP2","Mic P2RY12",2.40262268203483,3.16851612072337,7.60299402465482,0.00612448765530222,0.154835821901617,0.213453849507028,"cognps_random_slope"
"5197","CFAP69","Mic P2RY12",2.126017693192,3.21742434963879,6.36737852726125,0.0120539940091483,0.218586703270089,0.291272556201766,"cognps_random_slope"
"5198","GTPBP10","Mic P2RY12",0.765102154307332,5.60401256790951,6.10611044183809,0.0139342735949309,0.234589447796066,0.312896611750713,"cognps_random_slope"
"5199","CLDN12","Mic P2RY12",-0.0267633905521316,3.91570731357187,0.00179936409785367,0.966188293340246,0.999765323016076,0.999791880761836,"cognps_random_slope"
"5200","CDK14","Mic P2RY12",-0.172231530390832,5.28435088063275,0.0754082535404791,0.783776917978527,0.990117185051922,0.999731293681804,"cognps_random_slope"
"5201","AC079760.2","Mic P2RY12",-4.73919409189261,2.68324994157783,19.8830942087874,1.10187955730858e-05,0.0067232760627948,0.0113108170163203,"cognps_random_slope"
"5202","AC079760.1","Mic P2RY12",0.748934050276439,3.88433388204297,1.03371824989435,0.309970465403068,0.768573804238758,0.82799591029712,"cognps_random_slope"
"5203","MTERF1","Mic P2RY12",0.665033739774339,6.23763804494696,3.25741859029719,0.0719373240096012,0.481701677783777,0.572274865842081,"cognps_random_slope"
"5204","AKAP9","Mic P2RY12",-0.0897620233022757,8.04368338916246,0.243937165619013,0.621678351185396,0.944462324835258,0.965019437458618,"cognps_random_slope"
"5205","KRIT1","Mic P2RY12",-0.31029172320549,6.77591613388926,1.97409848033971,0.160876696418871,0.631490512217134,0.708484902920554,"cognps_random_slope"
"5206","ANKIB1","Mic P2RY12",-0.306896434319558,7.61796648207838,2.46053677208853,0.117618305075219,0.574339081039999,0.65374969977267,"cognps_random_slope"
"5207","GATAD1","Mic P2RY12",-0.571917366433876,6.01837338825446,2.7852422614135,0.0960065849392539,0.534126508894427,0.619304279672526,"cognps_random_slope"
"5208","AC007566.1","Mic P2RY12",-0.286406096245017,5.99353650358303,0.803005284300254,0.370795780327319,0.812104761618872,0.863532460737016,"cognps_random_slope"
"5209","PEX1","Mic P2RY12",0.204265002180708,5.08239201353195,0.303105571407578,0.582283838632843,0.927859733775962,0.9522571873954,"cognps_random_slope"
"5210","RBM48","Mic P2RY12",-0.425511400010332,4.56548882428212,0.979736754354774,0.322929297810077,0.777229997783475,0.83482515493039,"cognps_random_slope"
"5211","FAM133B","Mic P2RY12",-0.33137351672853,6.30910579515646,1.65651904774024,0.198901743594151,0.67699667850671,0.745962233856748,"cognps_random_slope"
"5212","CDK6","Mic P2RY12",-1.10803826837202,8.47008507859502,8.74306583855723,0.00331307303146272,0.116899936122535,0.167954783664618,"cognps_random_slope"
"5213","SAMD9","Mic P2RY12",0.216510394891966,4.91861382536816,0.197720115803466,0.656834913272359,0.955612931885691,0.973592644066785,"cognps_random_slope"
"5214","SAMD9L","Mic P2RY12",1.29210388750974,6.64940163670884,6.0572616766151,0.0143181965693943,0.237604823093505,0.316584160392176,"cognps_random_slope"
"5215","VPS50","Mic P2RY12",-0.122893258762225,7.10095257493071,0.223975990126803,0.636314103368776,0.950145971078957,0.970025117347288,"cognps_random_slope"
"5216","CALCR","Mic P2RY12",0.379260008019557,4.42314937893202,0.132435286150816,0.716134147815897,0.975412307559,0.990818510846582,"cognps_random_slope"
"5217","GNGT1","Mic P2RY12",0.554582693830541,3.47200489226535,0.520530515612917,0.471084258381122,0.874361384794786,0.912512310358026,"cognps_random_slope"
"5218","BET1","Mic P2RY12",-0.600259516509588,5.07475248695242,1.91723473075972,0.167020278628241,0.638669314798481,0.71641403760915,"cognps_random_slope"
"5219","CASD1","Mic P2RY12",0.0495293282718209,6.44775647292567,0.0513184107216602,0.88820709365842,0.999765323016076,0.999791880761836,"cognps_random_slope"
"5220","SGCE","Mic P2RY12",-0.408083235658693,3.79059516904519,0.377600691267106,0.539278675578692,0.909199424949266,0.938428822115299,"cognps_random_slope"
"5221","PEG10","Mic P2RY12",0.134460203413527,3.26035493713731,0.0210597968423208,0.884697473382954,0.999765323016076,0.999791880761836,"cognps_random_slope"
"5222","PPP1R9A","Mic P2RY12",2.06154016867325,4.22646212698416,9.89748758537402,0.00179302785721409,0.0920627061859232,0.131673658113653,"cognps_random_slope"
"5223","PON2","Mic P2RY12",-0.265588784174116,5.35415747719922,0.595587794554429,0.440773260120226,0.855818037073943,0.897260497291077,"cognps_random_slope"
"5224","PDK4","Mic P2RY12",1.86741101249698,6.93262752847282,2.8744503945488,0.0908612273746629,0.523937740123863,0.608756722484926,"cognps_random_slope"
"5225","DYNC1I1","Mic P2RY12",2.11685117587754,4.29636759398633,9.80021435730551,0.0018876957609671,0.0940409326866918,0.134677534591782,"cognps_random_slope"
"5226","SLC25A13","Mic P2RY12",-0.216929132884193,7.8989054768619,1.18731785342858,0.276600842564739,0.747729838698361,0.807787550604954,"cognps_random_slope"
"5227","SEM1","Mic P2RY12",-0.153252706443223,6.34474969881228,0.0949202246411872,0.758191258533623,0.983190954097967,0.995414674993652,"cognps_random_slope"
"5228","SDHAF3","Mic P2RY12",0.321283981025287,4.96050067683734,0.54491889019853,0.460882727566557,0.867578231790902,0.907634616787913,"cognps_random_slope"
"5229","ASNS","Mic P2RY12",1.2647213804265,4.4821739741214,6.42814770089772,0.011655495044533,0.214347661470428,0.286988065505054,"cognps_random_slope"
"5230","LMTK2","Mic P2RY12",1.19118072471022,4.62157660851275,6.6913321127612,0.0100803260955728,0.20140372944182,0.275099312532074,"cognps_random_slope"
"5231","TECPR1","Mic P2RY12",0.471743300643956,5.4122466731689,1.87941850911106,0.171255187081502,0.643756174496272,0.721133394238413,"cognps_random_slope"
"5232","BRI3","Mic P2RY12",-0.668755816729823,6.69604949131695,7.43971620022508,0.00669288320074143,0.160863936801003,0.221747540920322,"cognps_random_slope"
"5233","BAIAP2L1","Mic P2RY12",-0.577490600440927,5.01076444356165,1.03976322492166,0.308562013812995,0.76785366002022,0.827095076785596,"cognps_random_slope"
"5234","NPTX2","Mic P2RY12",0.744029869818027,2.55246807375294,0.301076778602269,0.583548646425022,0.928418891611539,0.952581582336697,"cognps_random_slope"
"5235","TMEM130","Mic P2RY12",1.74366582128699,3.84854938516143,4.91984550995937,0.0271741034587663,0.318123700157624,0.409621695411898,"cognps_random_slope"
"5236","TRRAP","Mic P2RY12",-0.154415367854916,7.04294532523357,0.480994705168841,0.488419790924567,0.883089474042755,0.918010502983977,"cognps_random_slope"
"5237","SMURF1","Mic P2RY12",-0.224840158519956,8.01466228226962,0.664186482475449,0.415625211030576,0.840020089435867,0.886043564054802,"cognps_random_slope"
"5238","ARPC1B","Mic P2RY12",-1.37346376656869,5.77168055296944,8.81243840804204,0.00319236958211239,0.114832782708479,0.164583390017445,"cognps_random_slope"
"5239","PDAP1","Mic P2RY12",-0.152701383742374,4.74226368695337,0.154390101497841,0.741991318021044,0.981590829602176,0.994674014762625,"cognps_random_slope"
"5240","BUD31","Mic P2RY12",-0.139193405192402,3.5652182146218,0.0511855577943525,0.821141539305568,0.996726931048618,0.999791880761836,"cognps_random_slope"
"5241","PTCD1","Mic P2RY12",-0.489356206270433,3.20932119780101,0.48175589571527,0.586245628712646,0.930210398010736,0.954201432234234,"cognps_random_slope"
"5242","CPSF4","Mic P2RY12",-0.0409003744864995,4.71169757522126,0.0123652311237363,0.911520530175196,0.999765323016076,0.999791880761836,"cognps_random_slope"
"5243","ZNF789","Mic P2RY12",0.602864148939871,5.54170359545126,3.44495820389242,0.0642628126647884,0.463490837695658,0.554562902775347,"cognps_random_slope"
"5244","ZNF394","Mic P2RY12",0.172869179107765,5.16081421437843,0.227951922593274,0.633336656334741,0.949002694388455,0.968564075162913,"cognps_random_slope"
"5245","ZKSCAN5","Mic P2RY12",-0.128173185328744,4.26748189070396,0.0702136417195885,0.791177782605434,0.990886185623222,0.999791880761836,"cognps_random_slope"
"5246","FAM200A","Mic P2RY12",0.18638734956164,5.06375083490352,0.196452711559307,0.657865991454626,0.955612931885691,0.973592644066785,"cognps_random_slope"
"5247","ZSCAN25","Mic P2RY12",0.122132982710178,4.34243498698896,0.0736335528769019,0.786273679070022,0.990846935978286,0.999791880761836,"cognps_random_slope"
"5248","CYP3A5","Mic P2RY12",-0.945360277343509,2.89719946363853,0.918889801039025,0.338410637223376,0.790943473347887,0.844859240409862,"cognps_random_slope"
"5249","TRIM4","Mic P2RY12",0.613533124063534,6.08612633249042,4.70250364842601,0.030773747383923,0.339982678229144,0.430922833966362,"cognps_random_slope"
"5250","ZKSCAN1","Mic P2RY12",0.00282894769813788,6.94113112126583,0.00014836497288807,0.990288348764387,0.999765323016076,0.999791880761836,"cognps_random_slope"
"5251","ZSCAN21","Mic P2RY12",0.701706185878307,3.78624106212646,1.40969760570652,0.235890238537773,0.717034210514582,0.779490605276357,"cognps_random_slope"
"5252","ZNF3","Mic P2RY12",-0.0185015713623955,4.48117166961166,0.00183401875481753,0.96586444733807,0.999765323016076,0.999791880761836,"cognps_random_slope"
"5253","COPS6","Mic P2RY12",-0.294761170903093,5.3999500292496,0.7179483107792,0.397381256737178,0.828429241452076,0.876968316775435,"cognps_random_slope"
"5254","MCM7","Mic P2RY12",0.0660984647243649,4.23118817064662,0.0131120201486437,0.908899222150219,0.999765323016076,0.999791880761836,"cognps_random_slope"
"5255","AP4M1","Mic P2RY12",0.00385877343635787,4.54287596795103,9.56970996493112e-05,0.992200251533117,0.999765323016076,0.999791880761836,"cognps_random_slope"
"5256","TAF6","Mic P2RY12",0.425896420583381,3.87753364123518,0.612708026005283,0.43428513351109,0.851523951258246,0.894179721772824,"cognps_random_slope"
"5257","AC073842.2","Mic P2RY12",0.735967387479846,2.73031714099247,0.621429886857096,0.495397641751459,0.885549288147852,0.921047479733976,"cognps_random_slope"
"5258","CNPY4","Mic P2RY12",0.572735880771157,2.93002241377653,0.492312427456735,0.585293935499197,0.929327491661699,0.9533597121472,"cognps_random_slope"
"5259","LAMTOR4","Mic P2RY12",-0.491030996837016,5.45715021109518,1.92037874226004,0.166673649293087,0.63780513254616,0.715335507959764,"cognps_random_slope"
"5260","C7orf43","Mic P2RY12",-0.38437988134898,4.19493345262149,0.555445790248642,0.456587843959625,0.865510720220435,0.905764164095184,"cognps_random_slope"
"5261","GAL3ST4","Mic P2RY12",0.390505874513549,5.99954279319079,0.614632046722479,0.433565125655856,0.85099294905731,0.894179721772824,"cognps_random_slope"
"5262","GPC2","Mic P2RY12",-0.160037018276263,3.49527860531292,0.0588287952046872,0.89866026986309,0.999765323016076,0.999791880761836,"cognps_random_slope"
"5263","STAG3","Mic P2RY12",0.488081423773821,4.09297246262576,0.833113843517445,0.376820887961796,0.816686327763756,0.867604995501037,"cognps_random_slope"
"5264","CASTOR3","Mic P2RY12",0.463953053605232,5.45780411639407,1.41333800102082,0.235287462631285,0.716122481653839,0.778593254810264,"cognps_random_slope"
"5265","SPDYE3","Mic P2RY12",0.0167271182583002,4.14733439834697,0.000518205785226325,0.98185104297683,0.999765323016076,0.999791880761836,"cognps_random_slope"
"5266","PILRB","Mic P2RY12",0.913239744777757,6.18810378741932,7.23147204316629,0.00749725497242395,0.170924273009022,0.236146263179432,"cognps_random_slope"
"5267","PILRA","Mic P2RY12",-0.266304843855388,7.5326347449995,0.374869151520289,0.540748970089743,0.910005809466235,0.939001507742756,"cognps_random_slope"
"5268","ZCWPW1","Mic P2RY12",-0.268073022751283,4.46906575216733,0.334836731827187,0.56318704063931,0.921180945991167,0.947541181433825,"cognps_random_slope"
"5269","MEPCE","Mic P2RY12",-1.35530028266142,3.65642061230868,4.85107008182332,0.0327170330861097,0.347693069299727,0.440887932412637,"cognps_random_slope"
"5270","PPP1R35","Mic P2RY12",0.0320316831919225,4.89768817640556,0.00409401196482203,0.949018145018926,0.999765323016076,0.999791880761836,"cognps_random_slope"
"5271","C7orf61","Mic P2RY12",1.63300769761904,3.09310533202858,3.23410547872816,0.0729581623333138,0.483486834973886,0.572984775873399,"cognps_random_slope"
"5272","TSC22D4","Mic P2RY12",0.320250799987149,5.96634037015934,1.1374100355956,0.28691570847138,0.754255972880221,0.814647163364235,"cognps_random_slope"
"5273","AGFG2","Mic P2RY12",-0.0218768717497371,3.73212402856624,0.00103509121292123,0.974352068738686,0.999765323016076,0.999791880761836,"cognps_random_slope"
"5274","SAP25","Mic P2RY12",0.0540518248409569,6.02886504105462,0.0214113748168882,0.88374582276169,0.999765323016076,0.999791880761836,"cognps_random_slope"
"5275","LRCH4","Mic P2RY12",-0.541164211256853,5.03344503670122,1.98812102526414,0.159401742911418,0.62960268995345,0.706937631044709,"cognps_random_slope"
"5276","MOSPD3","Mic P2RY12",-1.10784478086437,3.19927373240046,2.083711810097,0.149748279120058,0.616710721723387,0.69423708672871,"cognps_random_slope"
"5277","TFR2","Mic P2RY12",0.383197842839608,2.95639628862395,0.184173849576796,0.66806754154185,0.959568394876992,0.97681968506784,"cognps_random_slope"
"5278","GNB2","Mic P2RY12",-0.133820284181569,5.30431251878328,0.120783592911632,0.728389479141189,0.977594945023934,0.992716167586774,"cognps_random_slope"
"5279","GIGYF1","Mic P2RY12",-0.424956497998194,6.03825177731214,1.60571057095088,0.20591576856274,0.687214537031122,0.753140282490449,"cognps_random_slope"
"5280","POP7","Mic P2RY12",1.62302937739317,2.88369793723935,3.08563958929572,0.0798372609592719,0.499719352692762,0.587253196843976,"cognps_random_slope"
"5281","SLC12A9","Mic P2RY12",0.199801457666602,6.37468464702292,0.268501744612969,0.60465722787648,0.937802649979608,0.960175025554302,"cognps_random_slope"
"5282","TRIP6","Mic P2RY12",-0.667867179885602,3.97031883619405,1.66435446074644,0.197845339511454,0.676703776108471,0.745362419468951,"cognps_random_slope"
"5283","SRRT","Mic P2RY12",-0.434173110349662,4.84917985561965,1.26649374641584,0.261175976116693,0.73538817247855,0.796065864541977,"cognps_random_slope"
"5284","TRIM56","Mic P2RY12",-0.230503577018542,6.96870003451761,0.66971885601062,0.413691558244993,0.83921897851062,0.885348612133729,"cognps_random_slope"
"5285","SERPINE1","Mic P2RY12",-7.24567987311246,6.64010039168898,26.9233233955816,3.54519675953008e-07,0.000950183635489252,0.00159852921887211,"cognps_random_slope"
"5286","AP1S1","Mic P2RY12",0.0073876200564104,3.60478307377627,0.000148860889958824,0.990272132280003,0.999765323016076,0.999791880761836,"cognps_random_slope"
"5287","VGF","Mic P2RY12",4.94575400941755,3.13231185562883,13.1223012552669,0.000333765083992443,0.0383646777184693,0.058630048367351,"cognps_random_slope"
"5288","PLOD3","Mic P2RY12",-0.249507282617994,5.02875367689546,0.303780732620273,0.581864147444133,0.927859733775962,0.9522571873954,"cognps_random_slope"
"5289","ZNHIT1","Mic P2RY12",0.611160875902597,3.70757309053053,1.03787057108078,0.405630534780113,0.832938936737292,0.880591276515903,"cognps_random_slope"
"5290","CLDN15","Mic P2RY12",0.604568471683613,4.379763765929,0.994993238928183,0.319195721437363,0.774041290465206,0.831998949264929,"cognps_random_slope"
"5291","FIS1","Mic P2RY12",-0.19952863231917,4.56131540696662,0.202287812434582,0.653151459171871,0.954512835808315,0.973494108193761,"cognps_random_slope"
"5292","IFT22","Mic P2RY12",2.16928841618837,2.44983136787294,3.29932922716804,0.0701405935844471,0.479799497434945,0.571137574525495,"cognps_random_slope"
"5293","COL26A1","Mic P2RY12",2.06251634379919,3.45293486329047,6.91342795562103,0.00892228584833384,0.190091498654248,0.260560795920578,"cognps_random_slope"
"5294","CUX1","Mic P2RY12",-0.21428207067875,9.24227197163718,0.967945380336276,0.325854555469961,0.780239151773905,0.837115754123445,"cognps_random_slope"
"5295","SH2B2","Mic P2RY12",-0.0996506317945954,5.34521715004893,0.0144033114923885,0.904539236082581,0.999765323016076,0.999791880761836,"cognps_random_slope"
"5296","PRKRIP1","Mic P2RY12",0.125764952943994,7.01251810184238,0.242441304559422,0.622748861940707,0.944483646318178,0.965097068490231,"cognps_random_slope"
"5297","ORAI2","Mic P2RY12",-0.376532981885901,5.35160030817888,0.715972973960456,0.398030695655206,0.828429241452076,0.876968316775435,"cognps_random_slope"
"5298","ALKBH4","Mic P2RY12",-0.138103133103983,3.7429201234586,0.0522980184593812,0.972152873768197,0.999765323016076,0.999791880761836,"cognps_random_slope"
"5299","POLR2J","Mic P2RY12",0.270375161334112,3.7216592718522,0.208039541862226,0.648583662296877,0.9535567370752,0.972549709835663,"cognps_random_slope"
"5300","AC093668.2","Mic P2RY12",0.0352955896284205,3.978108011018,0.00323500612633105,0.954674672362329,0.999765323016076,0.999791880761836,"cognps_random_slope"
"5301","SPDYE2","Mic P2RY12",-2.12620079831692,4.33718196661691,5.38634137037475,0.0208536283234537,0.28576288786566,0.37273301331144,"cognps_random_slope"
"5302","AC105052.1","Mic P2RY12",0.955375101832835,4.22170825148329,2.24973744140716,0.134514433255406,0.59729222003171,0.674666940543523,"cognps_random_slope"
"5303","AC105052.3","Mic P2RY12",0.0752957735538815,5.85226701460512,0.025038608625814,0.874359708731746,0.999765323016076,0.999791880761836,"cognps_random_slope"
"5304","FAM185A","Mic P2RY12",-0.0930725570055893,6.11133216561884,0.0938236068334161,0.866653764591595,0.999765323016076,0.999791880761836,"cognps_random_slope"
"5305","FBXL13","Mic P2RY12",0.109740950713233,3.82613468494826,0.0312132077022821,0.859865015897561,0.999765323016076,0.999791880761836,"cognps_random_slope"
"5306","LRRC17","Mic P2RY12",-1.12066105201706,3.1014755103805,2.0298272419917,0.1551053457357,0.62457868592666,0.703319064429527,"cognps_random_slope"
"5307","ARMC10","Mic P2RY12",-0.260379320047439,4.84471484511183,0.479776366154817,0.488970658003223,0.883428173531547,0.918424017719125,"cognps_random_slope"
"5308","NAPEPLD","Mic P2RY12",0.0310255065272565,5.45301650860617,0.00924700914054542,0.923445973692097,0.999765323016076,0.999791880761836,"cognps_random_slope"
"5309","PMPCB","Mic P2RY12",-0.270078907263158,5.34485904768333,0.618013907964882,0.432303965376047,0.849956784038206,0.893253863019245,"cognps_random_slope"
"5310","DNAJC2","Mic P2RY12",-0.0296216911813417,5.63102091256629,0.00730832885255871,0.949927599597938,0.999765323016076,0.999791880761836,"cognps_random_slope"
"5311","PSMC2","Mic P2RY12",-0.0938543438887481,5.10991050386671,0.0689980976119476,0.792951584048561,0.991704028031233,0.999791880761836,"cognps_random_slope"
"5312","SLC26A5","Mic P2RY12",-0.290255107280281,2.99851033284229,0.105418823601694,0.745610047531526,0.982244103840787,0.994674014762625,"cognps_random_slope"
"5313","RELN","Mic P2RY12",1.15396835999626,2.88227250038711,1.22351255732352,0.269411794958608,0.74348645631871,0.803112251136388,"cognps_random_slope"
"5314","ORC5","Mic P2RY12",0.0457938958072001,5.88812296083328,0.0228342939401097,0.879973508404003,0.999765323016076,0.999791880761836,"cognps_random_slope"
"5315","LHFPL3","Mic P2RY12",0.745145469181291,3.96505581770447,1.78459904092463,0.182430355991327,0.658244561527982,0.730200771570086,"cognps_random_slope"
"5316","AC007384.1","Mic P2RY12",-0.538367130563133,2.91263142031144,0.242656303164761,0.6225947462732,0.944483646318178,0.965087403746349,"cognps_random_slope"
"5317","LINC01004","Mic P2RY12",-0.0979713708888983,6.57931618632308,0.0826440670690842,0.773911305129372,0.987777496272494,0.998208143973629,"cognps_random_slope"
"5318","KMT2E-AS1","Mic P2RY12",0.359376283340961,3.72646444674393,0.34048316260401,0.559916226418895,0.919088357452181,0.945778925946953,"cognps_random_slope"
"5319","KMT2E","Mic P2RY12",-0.229450588056386,8.50404739327962,1.29746253356294,0.255435401445739,0.731366298748306,0.792303485302201,"cognps_random_slope"
"5320","SRPK2","Mic P2RY12",0.52169735138514,8.16589442625678,5.5906818441567,0.0185868645602518,0.268407943935274,0.354218817845204,"cognps_random_slope"
"5321","PUS7","Mic P2RY12",-0.730455433240297,5.90263923837077,2.4007093655529,0.122159781094102,0.581048777697984,0.660612200711569,"cognps_random_slope"
"5322","RINT1","Mic P2RY12",-0.600799441606574,4.49318625662795,1.76360607755308,0.189244249214427,0.665830970747646,0.736802398418148,"cognps_random_slope"
"5323","ATXN7L1","Mic P2RY12",0.258985521443297,7.90123778275965,1.3513035740289,0.245821180701461,0.726886505423714,0.787803854705654,"cognps_random_slope"
"5324","CDHR3","Mic P2RY12",-0.0162319039727447,4.75328841062482,0.000691148160387832,0.979040854619183,0.999765323016076,0.999791880761836,"cognps_random_slope"
"5325","SYPL1","Mic P2RY12",-1.74005081832626,4.71246717726652,17.4949040180206,3.62354707978294e-05,0.0147148952776276,0.0233408196896304,"cognps_random_slope"
"5326","NAMPT","Mic P2RY12",-1.77168612230315,7.35381291027599,2.056327631244,0.152443988090969,0.620900468101574,0.698954697286379,"cognps_random_slope"
"5327","CCDC71L","Mic P2RY12",-0.512137912862615,3.0815295078773,0.408159136242366,0.52331201313571,0.899782433670983,0.931455315464605,"cognps_random_slope"
"5328","PIK3CG","Mic P2RY12",-0.602136245334934,5.93464700508268,2.72003796696589,0.0999688389095522,0.539541848661663,0.625043430205083,"cognps_random_slope"
"5329","PRKAR2B","Mic P2RY12",0.309784643611904,3.87226526651783,0.243126112453168,0.622258271926967,0.944462324835258,0.965019437458618,"cognps_random_slope"
"5330","HBP1","Mic P2RY12",-0.536975362469409,6.02477078307315,1.19956291413881,0.274142007869798,0.746824995299316,0.806193725936479,"cognps_random_slope"
"5331","COG5","Mic P2RY12",0.0371720365664896,8.55443934574441,0.0357803226372251,0.850076574618919,0.999765323016076,0.999791880761836,"cognps_random_slope"
"5332","GPR22","Mic P2RY12",-0.117410899962227,2.79474654912035,0.0124020247182865,0.911389533567237,0.999765323016076,0.999791880761836,"cognps_random_slope"
"5333","DUS4L","Mic P2RY12",0.286647045114661,3.24089092095692,0.157370310160285,0.691824536441157,0.967517350043491,0.984049474704472,"cognps_random_slope"
"5334","BCAP29","Mic P2RY12",-0.22631180823665,5.62602400199936,0.557323892317594,0.455828252327045,0.865333388169053,0.905598852945087,"cognps_random_slope"
"5335","SLC26A4","Mic P2RY12",1.00939762178936,2.74955164738189,1.01839733901041,0.313577962218415,0.770261998566852,0.829537614030808,"cognps_random_slope"
"5336","CBLL1","Mic P2RY12",-0.577937571240992,4.3717933599432,1.63375706688071,0.20200852838135,0.681893271747727,0.748822421554174,"cognps_random_slope"
"5337","SLC26A3","Mic P2RY12",-0.826654876244322,7.11249354761482,0.745337696113086,0.388531764257518,0.823456298088724,0.872608875947737,"cognps_random_slope"
"5338","DLD","Mic P2RY12",-0.419744900518205,5.10967507299005,1.44194878145372,0.230614558105957,0.712321445541658,0.774267343633478,"cognps_random_slope"
"5339","NRCAM","Mic P2RY12",1.66138582403207,5.28655125370908,7.53866003505556,0.00634228785253815,0.157797608053457,0.217165796407492,"cognps_random_slope"
"5340","PNPLA8","Mic P2RY12",-0.644500898510718,5.78268429200242,5.02756819473868,0.0255558552859314,0.310792609175043,0.401208483787607,"cognps_random_slope"
"5341","DNAJB9","Mic P2RY12",0.619671568553105,3.4703263970931,0.563442433329719,0.453367392715376,0.864481563713539,0.905168957560055,"cognps_random_slope"
"5342","IMMP2L","Mic P2RY12",-0.142493446971905,9.44304893453225,0.294979235823563,0.58738370870574,0.930880922465186,0.954969763667044,"cognps_random_slope"
"5343","LRRN3","Mic P2RY12",1.69025190258157,3.26600560927531,4.61310542229257,0.0323962018954451,0.346166150645263,0.4390482733532,"cognps_random_slope"
"5344","DOCK4","Mic P2RY12",0.18982268276401,12.4160979730752,0.425682958912821,0.514531705280603,0.894942542151003,0.92830484233112,"cognps_random_slope"
"5345","DOCK4-AS1","Mic P2RY12",-0.0182949616137614,3.20044374248118,0.000875255799772027,0.976414660682578,0.999765323016076,0.999791880761836,"cognps_random_slope"
"5346","ZNF277","Mic P2RY12",-0.0730650233361687,6.83604857512792,0.0555246961588541,0.813848653516585,0.994801668937034,0.999791880761836,"cognps_random_slope"
"5347","IFRD1","Mic P2RY12",-0.869548779528889,6.05293921190882,4.11740059620682,0.0431803865487467,0.394451506571067,0.488215554032846,"cognps_random_slope"
"5348","LSMEM1","Mic P2RY12",-0.534601067844226,3.34631898234749,0.442894986487208,0.506155065886198,0.891090914075268,0.925603545137578,"cognps_random_slope"
"5349","TMEM168","Mic P2RY12",0.281027155249123,6.53915798572208,1.18681969231832,0.5577587292388,0.917801489268667,0.945215806277844,"cognps_random_slope"
"5350","BMT2","Mic P2RY12",0.288814886250127,6.66182876901111,0.988750785550294,0.320716453988546,0.774745746662741,0.832508852872918,"cognps_random_slope"
"5351","GPR85","Mic P2RY12",0.977869619513492,3.664261858665,1.59131339050068,0.2079562117539,0.689568715448822,0.754728395684429,"cognps_random_slope"
"5352","SMIM30","Mic P2RY12",-1.50881722490227,3.42609715696359,5.01815822537,0.0256931188194741,0.311216179618471,0.402162153627309,"cognps_random_slope"
"5353","FOXP2","Mic P2RY12",-0.21797568213847,9.3829651572667,0.240857433659312,0.623886840452897,0.945004622326151,0.965675256672258,"cognps_random_slope"
"5354","MDFIC","Mic P2RY12",-2.64956388816632,2.81089168056895,5.19962090207474,0.0231765130818595,0.297220738505179,0.386522391137933,"cognps_random_slope"
"5355","TFEC","Mic P2RY12",-0.156492480764964,7.83992106888543,0.362560633007871,0.547466988958997,0.911832602416047,0.940046630323137,"cognps_random_slope"
"5356","TES","Mic P2RY12",-2.47628897898235,3.65139755972404,8.32673582118484,0.00414224005261457,0.133117887158484,0.188085738279618,"cognps_random_slope"
"5357","CAPZA2","Mic P2RY12",-0.425094372192915,7.37780177238631,5.39899926823334,0.0207051967462624,0.285169929698522,0.371619856866314,"cognps_random_slope"
"5358","ST7","Mic P2RY12",-0.216375445810939,6.15718911977725,0.369308122324791,0.543765191726087,0.91027953501891,0.939401228737103,"cognps_random_slope"
"5359","ST7-AS2","Mic P2RY12",-2.90795585415746,2.52953420309897,7.79042857109214,0.00553262158522728,0.15212006754199,0.210755373472033,"cognps_random_slope"
"5360","CFTR","Mic P2RY12",0.0782145514973811,3.73714851666343,0.00684678139687544,0.934100115675343,0.999765323016076,0.999791880761836,"cognps_random_slope"
"5361","CTTNBP2","Mic P2RY12",-0.695404663560923,8.88208783267282,2.80617549050928,0.0947712404808039,0.532922140027557,0.617341120092379,"cognps_random_slope"
"5362","LSM8","Mic P2RY12",-0.290177089154887,5.67521237758568,0.827526877638589,0.363597898298772,0.81047495593843,0.861243393270205,"cognps_random_slope"
"5363","ANKRD7","Mic P2RY12",0.266183764912343,3.39488109009597,0.120571460590474,0.728618633751142,0.977594945023934,0.992716167586774,"cognps_random_slope"
"5364","LINC02476","Mic P2RY12",0.180666047259963,2.70632399751783,0.0247632670891674,0.875046946943096,0.999765323016076,0.999791880761836,"cognps_random_slope"
"5365","KCND2","Mic P2RY12",2.5338435469701,4.538128404185,12.2180851365362,0.000532441882402895,0.0485391405855864,0.0736435720170139,"cognps_random_slope"
"5366","ING3","Mic P2RY12",-0.103951911601229,4.76878444722546,0.0627871603474715,0.802286838934389,0.992380093092094,0.999791880761836,"cognps_random_slope"
"5367","CPED1","Mic P2RY12",0.232704097786437,9.09140680348083,0.228979569298038,0.632572277054197,0.94896463503899,0.968564075162913,"cognps_random_slope"
"5368","FAM3C","Mic P2RY12",0.419478384170627,5.33348129658864,1.10658632574339,0.628835422969901,0.947435029941481,0.967899112483,"cognps_random_slope"
"5369","PTPRZ1","Mic P2RY12",0.832318989313159,3.76217134463282,1.570610369524,0.210932577327494,0.691295541395388,0.757361834025855,"cognps_random_slope"
"5370","AASS","Mic P2RY12",-0.0285939777124212,4.92686260695145,0.00508053116375631,0.943216248871858,0.999765323016076,0.999791880761836,"cognps_random_slope"
"5371","CADPS2","Mic P2RY12",1.78808450348043,6.83361866699417,23.3823116577581,1.97184060681589e-06,0.00220205299766165,0.00370459554005536,"cognps_random_slope"
"5372","AC004594.1","Mic P2RY12",1.47020172400138,2.65772599023856,1.77383074630806,0.18375217442523,0.660000774449883,0.73153677775328,"cognps_random_slope"
"5373","NDUFA5","Mic P2RY12",0.497104873375771,4.81432782172686,1.6002716152728,0.206683803910991,0.687780245594682,0.753550718449413,"cognps_random_slope"
"5374","WASL","Mic P2RY12",0.0715023002869544,6.1815707114926,0.0725147336105465,0.787864345873664,0.990886185623222,0.999791880761836,"cognps_random_slope"
"5375","AC006148.1","Mic P2RY12",1.59765579426058,3.46077895548773,3.82287959544799,0.0513314689041782,0.425676370535206,0.518257038264531,"cognps_random_slope"
"5376","GPR37","Mic P2RY12",0.388742462032713,2.96871317781745,0.152130662106526,0.696738384539304,0.969465036932206,0.984989885855413,"cognps_random_slope"
"5377","POT1","Mic P2RY12",0.258954092834073,5.69126470712579,0.823179596953504,0.948536104313699,0.999765323016076,0.999791880761836,"cognps_random_slope"
"5378","POT1-AS1","Mic P2RY12",0.454661698439252,3.71255750516196,0.436005163431435,0.509479622167297,0.892721811802294,0.927504690064737,"cognps_random_slope"
"5379","GRM8","Mic P2RY12",1.7675657598911,3.16315204975098,4.93776175969099,0.0268977132616284,0.317157653422876,0.407978920563953,"cognps_random_slope"
"5380","ZNF800","Mic P2RY12",-0.419819101007391,6.68198372103173,1.96120490669848,0.16224669175925,0.631992965964721,0.70895413987356,"cognps_random_slope"
"5381","ARF5","Mic P2RY12",-0.82648766706491,3.98135233204254,1.65004577580544,0.199779512332314,0.678298769892411,0.746194351479793,"cognps_random_slope"
"5382","SND1","Mic P2RY12",0.0260685342925603,8.57072775023697,0.00446458641874471,0.946764073802161,0.999765323016076,0.999791880761836,"cognps_random_slope"
"5383","LRRC4","Mic P2RY12",0.391753108046437,4.95696745464429,0.514442919077832,0.473687442170734,0.876699191829136,0.913624953978404,"cognps_random_slope"
"5384","RBM28","Mic P2RY12",-0.33648861765567,5.52745855389401,1.13434356865265,0.287565288202902,0.754255972880221,0.814647163364235,"cognps_random_slope"
"5385","IMPDH1","Mic P2RY12",-0.182780256889571,4.62408568805182,0.133837254096372,0.714701252375105,0.975327034936739,0.990164059165288,"cognps_random_slope"
"5386","HILPDA","Mic P2RY12",-0.255322870910336,3.3767832223374,0.0693026259854062,0.792505637452142,0.991481955612856,0.999791880761836,"cognps_random_slope"
"5387","METTL2B","Mic P2RY12",-0.115528866168378,5.02273399146115,0.0891095400456479,0.765484662618016,0.985045128072213,0.996584380592664,"cognps_random_slope"
"5388","AC090114.2","Mic P2RY12",0.666486931488237,3.41303337824951,0.915726789698303,0.339242326344835,0.791497258783824,0.844859240409862,"cognps_random_slope"
"5389","CALU","Mic P2RY12",-0.0133231112412589,5.52637729754543,0.00117371737901509,0.972689180167465,0.999765323016076,0.999791880761836,"cognps_random_slope"
"5390","CCDC136","Mic P2RY12",0.332458967204183,4.97752604974344,0.416411506995633,0.519144556800228,0.89629685721204,0.929561911926069,"cognps_random_slope"
"5391","ATP6V1F","Mic P2RY12",-0.0821736344367573,4.5702427649357,0.0200832459174791,0.887384187905576,0.999765323016076,0.999791880761836,"cognps_random_slope"
"5392","IRF5","Mic P2RY12",-0.375884350935187,5.88433413867663,1.0824820910449,0.298841917232653,0.762346885655993,0.822521252696221,"cognps_random_slope"
"5393","TNPO3","Mic P2RY12",-0.276416382384978,6.93729008861703,1.34185530377426,0.247475710731844,0.727506673637925,0.787883147226809,"cognps_random_slope"
"5394","TSPAN33","Mic P2RY12",-1.02090018422286,5.20566089219205,4.38989412669957,0.0368515147489018,0.365541931273156,0.459268877840791,"cognps_random_slope"
"5395","SMO","Mic P2RY12",-1.3705417361174,3.1232539668952,2.85754260498524,0.0918128388426564,0.526254856001043,0.610596003453595,"cognps_random_slope"
"5396","AHCYL2","Mic P2RY12",-0.0833038948074211,7.58575637066754,0.106035135861692,0.869257109508123,0.999765323016076,0.999791880761836,"cognps_random_slope"
"5397","AC078846.1","Mic P2RY12",0.144039887334554,3.93312335390163,0.0742383819534244,0.785419171496854,0.990719344618726,0.999791880761836,"cognps_random_slope"
"5398","NRF1","Mic P2RY12",0.00544457643772424,7.62092567988677,0.000777214814407857,0.977774462100145,0.999765323016076,0.999791880761836,"cognps_random_slope"
"5399","UBE2H","Mic P2RY12",0.145267265522911,7.51566055761403,0.373788953594489,0.541332437662723,0.910005809466235,0.939148122050431,"cognps_random_slope"
"5400","ZC3HC1","Mic P2RY12",0.7153498727924,4.98040940019289,3.27990021916919,0.0709674474059924,0.481432815573689,0.571978509732139,"cognps_random_slope"
"5401","KLHDC10","Mic P2RY12",0.0883806988113205,6.9144747539195,0.134417603263617,0.714110591695556,0.975327034936739,0.990078557920128,"cognps_random_slope"
"5402","TMEM209","Mic P2RY12",0.433712470737698,4.52361459992871,0.892305155845273,0.345487592737004,0.795476701806109,0.84730906678079,"cognps_random_slope"
"5403","AC087071.2","Mic P2RY12",0.830352468737952,2.77072328579931,0.645646404541411,0.4222042872055,0.843046326294296,0.888150029380637,"cognps_random_slope"
"5404","CEP41","Mic P2RY12",0.158788178855798,4.75205556773717,0.132491816902962,0.716076204150806,0.975412307559,0.990818510846582,"cognps_random_slope"
"5405","MEST","Mic P2RY12",0.518949755029487,5.3796040127141,1.93810395397466,0.164734823407945,0.636488914749871,0.713766152264858,"cognps_random_slope"
"5406","COPG2","Mic P2RY12",0.50621052248277,5.84663531278056,1.83471159880975,0.176422425638808,0.647510916089937,0.723004651230449,"cognps_random_slope"
"5407","AC016831.7","Mic P2RY12",0.00608158494264868,9.61381531721854,0.00023105179624048,0.987880741194485,0.999765323016076,0.999791880761836,"cognps_random_slope"
"5408","LINC00513","Mic P2RY12",-0.0601266176896522,5.16396129909675,0.00862650520999036,0.926051422858076,0.999765323016076,0.999791880761836,"cognps_random_slope"
"5409","AC058791.1","Mic P2RY12",-1.1819127542275,3.78608878627233,2.23280428275221,0.135985314429203,0.600406811083766,0.677223086769687,"cognps_random_slope"
"5410","MKLN1","Mic P2RY12",-0.172260216447195,9.05255824298137,0.554378149639655,0.457020538817122,0.865510720220435,0.905764164095184,"cognps_random_slope"
"5411","PLXNA4","Mic P2RY12",-1.14295226834277,4.4069647445748,2.8629832543189,0.0915054453528164,0.525617005217785,0.610153299020831,"cognps_random_slope"
"5412","CHCHD3","Mic P2RY12",-0.237138875296084,8.0651479485334,1.45437921559453,0.228619377451089,0.710154432032821,0.772587835198133,"cognps_random_slope"
"5413","EXOC4","Mic P2RY12",0.235924442933812,9.35202400754618,1.81900336452782,0.178280629559843,0.650985910201337,0.725053993667888,"cognps_random_slope"
"5414","LRGUK","Mic P2RY12",1.06651070906454,3.5896601910927,2.00182585682811,0.157975122148472,0.628570252942896,0.706651732590037,"cognps_random_slope"
"5415","SLC35B4","Mic P2RY12",-0.164624873207293,5.41294706873377,0.270496747500464,0.603318747403222,0.937399945965284,0.959944758335481,"cognps_random_slope"
"5416","AKR1B1","Mic P2RY12",-1.34090655749042,5.85386362822272,11.8624671260245,0.000640353761775665,0.0541537831736679,0.0809255999082885,"cognps_random_slope"
"5417","BPGM","Mic P2RY12",-0.347140852099333,3.44715179462338,0.28920742279172,0.59106151004157,0.932738494591035,0.956289078208283,"cognps_random_slope"
"5418","CALD1","Mic P2RY12",-0.428893859191083,3.56060798692153,0.356062417901856,0.551076687743008,0.91296559431871,0.941071347156954,"cognps_random_slope"
"5419","AGBL3","Mic P2RY12",0.364144130278927,4.53349769221435,0.42267017031481,0.516022761226834,0.894942542151003,0.928396229499558,"cognps_random_slope"
"5420","CYREN","Mic P2RY12",0.506053495325122,5.65469531107634,1.87489147731599,0.171770394991235,0.644740804528061,0.722173203526035,"cognps_random_slope"
"5421","TMEM140","Mic P2RY12",-1.28883567107245,4.75035325293781,2.56492740028092,0.110135562426251,0.56065247266128,0.644627053842235,"cognps_random_slope"
"5422","WDR91","Mic P2RY12",-0.0687177189895333,5.80119124082919,0.021248140202119,0.884186665637098,0.999765323016076,0.999791880761836,"cognps_random_slope"
"5423","CNOT4","Mic P2RY12",-0.121706046187287,7.6477543004311,0.465564376958363,0.495474111076233,0.885549288147852,0.921047479733976,"cognps_random_slope"
"5424","NUP205","Mic P2RY12",0.0280566864899172,5.82698404879663,0.00776455770831982,0.929832947654426,0.999765323016076,0.999791880761836,"cognps_random_slope"
"5425","STMP1","Mic P2RY12",0.109596268247652,5.55010292475918,0.0943486452790322,0.758897668135164,0.983190954097967,0.995414674993652,"cognps_random_slope"
"5426","SLC13A4","Mic P2RY12",-0.81298726562425,3.09581029563659,0.812330318427002,0.368035380037135,0.812104761618872,0.862758334302347,"cognps_random_slope"
"5427","MTPN","Mic P2RY12",-0.52904914858371,6.16024154132007,4.09225236736374,0.0438196873491149,0.396828117717444,0.490588901072496,"cognps_random_slope"
"5428","AC024084.1","Mic P2RY12",-0.327390133698794,5.39492530662136,0.235881139347235,0.627492693893531,0.946429892050332,0.967171859152912,"cognps_random_slope"
"5429","AC078845.1","Mic P2RY12",0.12260008368168,6.20816509107305,0.02445809404292,0.875812713221458,0.999765323016076,0.999791880761836,"cognps_random_slope"
"5430","PTN","Mic P2RY12",0.570851697084821,3.21001006177386,0.444280120059776,0.505491203312272,0.891090914075268,0.925603545137578,"cognps_random_slope"
"5431","DGKI","Mic P2RY12",1.50789364293451,4.26372176666313,4.66496110188449,0.0314444691101504,0.343989657587857,0.435184503430534,"cognps_random_slope"
"5432","CREB3L2","Mic P2RY12",-0.0213281193065347,7.13704855083214,0.00700611894946902,0.933339491834999,0.999765323016076,0.999791880761836,"cognps_random_slope"
"5433","TRIM24","Mic P2RY12",-0.35609399243462,6.1268542791095,1.52479358550017,0.217701696233953,0.698281577604405,0.764142105183633,"cognps_random_slope"
"5434","KIAA1549","Mic P2RY12",-0.377691966012989,3.76765634018059,0.260425713360197,0.61014090898981,0.938887784751883,0.961662946950172,"cognps_random_slope"
"5435","ZC3HAV1","Mic P2RY12",0.388424014494714,7.7359041832489,0.580696244799226,0.446539014598499,0.859162862115504,0.900467091603145,"cognps_random_slope"
"5436","TTC26","Mic P2RY12",1.00878604926244,3.67498498534344,2.09484577639248,0.148667753416551,0.615096191273602,0.692359946452414,"cognps_random_slope"
"5437","UBN2","Mic P2RY12",-0.071345064554623,6.76527480127698,0.0561947636832431,0.812749605235308,0.994671914133184,0.999791880761836,"cognps_random_slope"
"5438","LUC7L2","Mic P2RY12",-0.194040120024162,4.36013274978326,0.169150435428503,0.681112928584768,0.963764980353924,0.980589311801902,"cognps_random_slope"
"5439","HIPK2","Mic P2RY12",-0.339099333636101,7.58951910852808,1.13354951594409,0.287733800510555,0.754255972880221,0.814647163364235,"cognps_random_slope"
"5440","TBXAS1","Mic P2RY12",-0.0842144841664912,10.4959609517221,0.115964880130501,0.73365162777166,0.978719188594747,0.993120241739745,"cognps_random_slope"
"5441","PARP12","Mic P2RY12",-0.0681262146320712,5.83579033208827,0.0266657313759359,0.870376752216572,0.999765323016076,0.999791880761836,"cognps_random_slope"
"5442","KDM7A","Mic P2RY12",0.104716585700046,7.27781938696345,0.131737489277304,0.716850541737944,0.975412307559,0.990827860187382,"cognps_random_slope"
"5443","SLC37A3","Mic P2RY12",-0.459413618246163,4.70517432683995,0.850005811599248,0.357168782021821,0.805794418834078,0.85713961189646,"cognps_random_slope"
"5444","MKRN1","Mic P2RY12",-0.0677495472029912,5.64016914728033,0.050327127581764,0.822622421610729,0.996726931048618,0.999791880761836,"cognps_random_slope"
"5445","DENND2A","Mic P2RY12",0.0303091266311704,3.49131086628404,0.0023469368673815,0.961388334337706,0.999765323016076,0.999791880761836,"cognps_random_slope"
"5446","ADCK2","Mic P2RY12",0.68296014925682,3.99291157538326,1.26897012804208,0.260711088913605,0.734821497808907,0.795719496250888,"cognps_random_slope"
"5447","NDUFB2","Mic P2RY12",0.345007538752071,5.07528090025266,0.755412697889647,0.491555694001471,0.884362129418206,0.919457422548261,"cognps_random_slope"
"5448","BRAF","Mic P2RY12",-0.134436097986871,8.2460451469844,0.600759312002184,0.438797794953351,0.854699018920037,0.896808656261743,"cognps_random_slope"
"5449","MRPS33","Mic P2RY12",0.324804460501093,3.74943338005177,0.300862594497564,0.58368249845737,0.928418891611539,0.952593161120705,"cognps_random_slope"
"5450","TMEM178B","Mic P2RY12",2.78265295460337,4.3382266174806,13.6982471279944,0.000248268673587027,0.0359587299138796,0.0548933450647856,"cognps_random_slope"
"5451","AGK","Mic P2RY12",0.544832024803554,5.88228498922367,3.35844094248407,0.0676879874899766,0.472933639391645,0.563941492225248,"cognps_random_slope"
"5452","AC004918.1","Mic P2RY12",-0.149280664607415,5.88003028098901,0.102811303619275,0.748667926371753,0.982244103840787,0.994674014762625,"cognps_random_slope"
"5453","KIAA1147","Mic P2RY12",-0.370218979098043,7.23887854674914,1.01691278807552,0.313930430872472,0.770261998566852,0.829537614030808,"cognps_random_slope"
"5454","WEE2-AS1","Mic P2RY12",-0.992826147463139,3.22319162935996,1.313870263453,0.252457225136152,0.729640057414039,0.789886223675572,"cognps_random_slope"
"5455","SSBP1","Mic P2RY12",-0.670098718424293,5.96583677129794,5.18477148260407,0.023372452288211,0.297945413960674,0.386957918605442,"cognps_random_slope"
"5456","MGAM","Mic P2RY12",-1.17296361385942,3.77520693954251,1.7113722395115,0.191642939377773,0.669079388045129,0.738884345436085,"cognps_random_slope"
"5457","CLEC5A","Mic P2RY12",-0.854719811694398,5.64429473228461,0.84940510633539,0.357338539683875,0.805821422779491,0.85713961189646,"cognps_random_slope"
"5458","EPHB6","Mic P2RY12",0.31956457798538,4.3336485721472,0.370880577476574,0.5429091724958,0.910123298286075,0.939148122050431,"cognps_random_slope"
"5459","GSTK1","Mic P2RY12",-0.560012901095332,5.70597395673849,2.12212440537498,0.146057575666736,0.612508854637727,0.690184037603556,"cognps_random_slope"
"5460","AC073342.1","Mic P2RY12",-0.590177775928039,3.14646562413727,0.51371792803271,0.473999017948102,0.876872009873346,0.913624953978404,"cognps_random_slope"
"5461","CASP2","Mic P2RY12",-0.723886678401205,4.47398191016039,3.1306198690113,0.0776819599184184,0.493481103236767,0.580606093640182,"cognps_random_slope"
"5462","AC093673.1","Mic P2RY12",-2.2517937670419,2.82009045608423,5.39390148787526,0.02076484281817,0.285697801443835,0.372133053525947,"cognps_random_slope"
"5463","ZYX","Mic P2RY12",-0.695645701554215,5.09594033068386,1.97218056969978,0.16107964164816,0.631512796296848,0.708484902920554,"cognps_random_slope"
"5464","EPHA1-AS1","Mic P2RY12",-0.313615548043304,4.71503256587546,0.0800632460147555,0.777374517354819,0.989472014875843,0.999196607398198,"cognps_random_slope"
"5465","TCAF2","Mic P2RY12",0.107578467048022,4.11956441577335,0.0114292763525472,0.914921742775377,0.999765323016076,0.999791880761836,"cognps_random_slope"
"5466","TCAF1","Mic P2RY12",0.439212442641969,5.61117728089174,1.78809153003011,0.182004026868759,0.657534973046535,0.729889000517839,"cognps_random_slope"
"5467","TPK1","Mic P2RY12",-0.280429081326932,8.38124515635276,1.40280127437078,0.237037284402797,0.718023654674928,0.780382658415809,"cognps_random_slope"
"5468","CNTNAP2","Mic P2RY12",1.21141139432149,6.93727274164612,4.84750954054706,0.0283205525761349,0.324934696123959,0.41758460289664,"cognps_random_slope"
"5469","AC006974.2","Mic P2RY12",0.982142195856477,3.0881749084407,0.601286519025815,0.438597172418405,0.854444236789968,0.896492280453752,"cognps_random_slope"
"5470","CUL1","Mic P2RY12",0.124731186653422,7.90203974026245,0.110548774378435,0.739713945809265,0.980436558830992,0.994247512606934,"cognps_random_slope"
"5471","EZH2","Mic P2RY12",-0.0601818903614701,4.65373482398519,0.0127030246298957,0.910325185738591,0.999765323016076,0.999791880761836,"cognps_random_slope"
"5472","PDIA4","Mic P2RY12",-0.343068191131323,4.79997342015075,0.139955322561703,0.708545901977903,0.973207309924008,0.988354461037649,"cognps_random_slope"
"5473","ZNF786","Mic P2RY12",0.247812122924535,4.52167395882246,0.298382236619873,0.585237105275403,0.929327491661699,0.9533597121472,"cognps_random_slope"
"5474","ZNF425","Mic P2RY12",-0.363020374268048,3.71269466285008,0.318835017035052,0.811875893936632,0.994447726155304,0.999791880761836,"cognps_random_slope"
"5475","ZNF398","Mic P2RY12",0.588185823807734,5.64851768155769,3.89777356775451,0.049114928687398,0.417632715317145,0.510316389867414,"cognps_random_slope"
"5476","ZNF282","Mic P2RY12",0.830359070124019,4.49773328383083,3.73071702534413,0.0542059124519206,0.434347947711541,0.526344557013956,"cognps_random_slope"
"5477","ZNF212","Mic P2RY12",-0.572476343553496,4.17396323393452,1.30447110182828,0.254157993567054,0.730761427230338,0.791788478770448,"cognps_random_slope"
"5478","ZNF783","Mic P2RY12",0.213780468381794,5.43885060501865,0.385087363816692,0.53528611720497,0.906974871144605,0.936747958639949,"cognps_random_slope"
"5479","ZNF777","Mic P2RY12",0.13023381380775,3.8608244616723,0.0530551310124912,0.929488549884591,0.999765323016076,0.999791880761836,"cognps_random_slope"
"5480","ZNF746","Mic P2RY12",0.0718025348878165,4.86639024782465,0.0361474453347551,0.849318596325799,0.999765323016076,0.999791880761836,"cognps_random_slope"
"5481","KRBA1","Mic P2RY12",0.867077188858387,3.42159653320658,1.63059798650805,0.202444221797772,0.682676149046788,0.749196483984038,"cognps_random_slope"
"5482","ZNF467","Mic P2RY12",-0.418394307015703,4.80553622709374,0.833550729293417,0.361859450913937,0.809120799461542,0.85994061356433,"cognps_random_slope"
"5483","SSPO","Mic P2RY12",-0.870047443374005,3.61302529240662,1.70377235618892,0.192629856460735,0.670256940363439,0.739445997413517,"cognps_random_slope"
"5484","ZNF862","Mic P2RY12",-0.258601861625813,6.3134608927346,0.528063796623845,0.467894744470657,0.872472820566356,0.911648945086448,"cognps_random_slope"
"5485","ATP6V0E2-AS1","Mic P2RY12",0.805618136951307,3.49057969164208,1.29704998280576,0.255510841502897,0.731366298748306,0.792303485302201,"cognps_random_slope"
"5486","ATP6V0E2","Mic P2RY12",2.08298680631891,3.97105314786934,11.4045645951665,0.000812740867459575,0.0605085575823653,0.0889244023963161,"cognps_random_slope"
"5487","ACTR3C","Mic P2RY12",0.733907692906766,3.76103027782275,0.83775498024907,0.360652940007368,0.808482778360444,0.859213384186933,"cognps_random_slope"
"5488","LRRC61","Mic P2RY12",-0.33816687585089,3.22725087517586,0.175585771197702,0.898775199807284,0.999765323016076,0.999791880761836,"cognps_random_slope"
"5489","AC073111.5","Mic P2RY12",0.866493234880853,2.94936274730076,1.1375096424484,0.286894639800577,0.754255972880221,0.814647163364235,"cognps_random_slope"
"5490","LINC00996","Mic P2RY12",3.43788787780903,4.37021202317545,4.21214606044184,0.0408589081874543,0.383707237995848,0.478278341166229,"cognps_random_slope"
"5491","GIMAP8","Mic P2RY12",0.121746622815973,6.3956787159725,0.0637624439064858,0.800789396667314,0.992176285571253,0.999791880761836,"cognps_random_slope"
"5492","GIMAP7","Mic P2RY12",0.420918539666335,4.7535976663565,0.532909367251746,0.465861504547529,0.8711997606249,0.910729607269479,"cognps_random_slope"
"5493","GIMAP4","Mic P2RY12",0.127624556074201,6.1335402468892,0.100660060889799,0.751223082886755,0.982244103840787,0.994674014762625,"cognps_random_slope"
"5494","GIMAP6","Mic P2RY12",-0.601751703835414,3.7830876671734,0.890040459610989,0.346099694373989,0.795476701806109,0.84730906678079,"cognps_random_slope"
"5495","GIMAP2","Mic P2RY12",-0.475282440014246,4.9708592405672,1.2858971105024,0.257560769466901,0.732973427824579,0.793978678928331,"cognps_random_slope"
"5496","TMEM176B","Mic P2RY12",-0.21447134529351,6.58689908135542,0.129491335568925,0.71917124817436,0.97571529536985,0.991300794209523,"cognps_random_slope"
"5497","TMEM176A","Mic P2RY12",-1.29643924292139,4.12411825255972,3.13358175861023,0.0775422607548784,0.493481103236767,0.580606093640182,"cognps_random_slope"
"5498","ABCB8","Mic P2RY12",1.24968373778092,4.74915880868293,9.60401534435045,0.00209443787698338,0.0980236001535079,0.139687405868026,"cognps_random_slope"
"5499","CDK5","Mic P2RY12",2.42242459064931,2.97731368350162,7.4858937676103,0.00652684875138669,0.160731910824672,0.221274894887237,"cognps_random_slope"
"5500","SLC4A2","Mic P2RY12",-0.198788626468145,4.69857241400848,0.214548175231239,0.957134276919863,0.999765323016076,0.999791880761836,"cognps_random_slope"
"5501","FASTK","Mic P2RY12",0.271612648226396,5.07350433022057,0.422676093179371,0.516019822534195,0.894942542151003,0.928396229499558,"cognps_random_slope"
"5502","TMUB1","Mic P2RY12",-0.0742498972218788,4.19378272138053,0.023524528925678,0.878186942786835,0.999765323016076,0.999791880761836,"cognps_random_slope"
"5503","AGAP3","Mic P2RY12",-0.23724898772113,6.03741556525058,0.525000936273584,0.907859453729038,0.999765323016076,0.999791880761836,"cognps_random_slope"
"5504","CHPF2","Mic P2RY12",-1.1137031695305,4.12806423806733,5.25986402630659,0.0223989807636928,0.294283079621811,0.382685966710281,"cognps_random_slope"
"5505","SMARCD3","Mic P2RY12",-0.212717820822268,5.1274743561084,0.098603237929262,0.753694355796638,0.982268354911735,0.994946400596893,"cognps_random_slope"
"5506","NUB1","Mic P2RY12",0.239870800183062,5.64061939325837,0.469580505420973,0.564846708227007,0.922389580650276,0.948281259734743,"cognps_random_slope"
"5507","RHEB","Mic P2RY12",-0.0227803027271769,6.45731896277642,0.00550211848986514,0.94091137150184,0.999765323016076,0.999791880761836,"cognps_random_slope"
"5508","PRKAG2","Mic P2RY12",-0.492067858272018,8.83959064601347,1.32096450069692,0.251182817748686,0.729501575487489,0.789256672633328,"cognps_random_slope"
"5509","PRKAG2-AS1","Mic P2RY12",-0.712724238770657,4.1030538852432,1.20520083515322,0.273019153555675,0.745697838524862,0.805080313167337,"cognps_random_slope"
"5510","GALNT11","Mic P2RY12",0.261289032706147,6.90674800379488,1.05686573114302,0.304622069612254,0.765324400988717,0.825346059296752,"cognps_random_slope"
"5511","KMT2C","Mic P2RY12",-0.274739740657346,9.15812696232603,2.439813283704,0.11916982743967,0.57653243953755,0.655928652252772,"cognps_random_slope"
"5512","ACTR3B","Mic P2RY12",-0.497349317489836,5.46689921527713,1.67723617665498,0.196122884884,0.674402119521831,0.742874737854466,"cognps_random_slope"
"5513","DPP6","Mic P2RY12",0.0928346333312508,5.62240376811448,0.0316352810599873,0.858930635293402,0.999765323016076,0.999791880761836,"cognps_random_slope"
"5514","PAXIP1-AS2","Mic P2RY12",-0.00324310189938572,4.53087610178114,0.000107132674352383,0.991747389411384,0.999765323016076,0.999791880761836,"cognps_random_slope"
"5515","PAXIP1","Mic P2RY12",0.849838554679114,5.24335802849659,5.58622252086197,0.0186334980907344,0.268502696681648,0.354508197852834,"cognps_random_slope"
"5516","PAXIP1-AS1","Mic P2RY12",0.607320973176613,4.039379210392,1.25093058094391,0.270981754488511,0.744150591955715,0.804028506921564,"cognps_random_slope"
"5517","INSIG1","Mic P2RY12",0.23431201999198,4.27201554283889,0.078462570310988,0.779552852365304,0.990020960532974,0.999508397105588,"cognps_random_slope"
"5518","AC009403.1","Mic P2RY12",0.236617518865349,5.20299092001766,0.274679302720349,0.600532841342533,0.936283425111275,0.959054741582592,"cognps_random_slope"
"5519","RBM33","Mic P2RY12",-0.0935971201472207,7.78101378425421,0.169193895696778,0.797180029732557,0.992143902613387,0.999791880761836,"cognps_random_slope"
"5520","LMBR1","Mic P2RY12",-0.695494871733803,6.83260935489681,7.43307554085852,0.00671711412043658,0.161030494325529,0.22204888247103,"cognps_random_slope"
"5521","NOM1","Mic P2RY12",0.0537868243314698,5.29429956876554,0.0205068846386827,0.886210654572696,0.999765323016076,0.999791880761836,"cognps_random_slope"
"5522","UBE3C","Mic P2RY12",-0.203308334346124,7.86589790517467,1.01973746775043,0.313260227932349,0.770261998566852,0.829413016880189,"cognps_random_slope"
"5523","DNAJB6","Mic P2RY12",0.0806235859803217,7.67742167789222,0.0350086558202599,0.851683034776642,0.999765323016076,0.999791880761836,"cognps_random_slope"
"5524","PTPRN2","Mic P2RY12",0.987139998670543,5.12366818895711,3.66168798444414,0.0564708475438877,0.44177806651234,0.535094771281947,"cognps_random_slope"
"5525","NCAPG2","Mic P2RY12",0.298046371523466,4.27879235644288,0.398345237457123,0.655855358824691,0.955612931885691,0.973592644066785,"cognps_random_slope"
"5526","ESYT2","Mic P2RY12",-0.406023748886259,6.48618950770235,0.788685275773839,0.375091541163303,0.81543690655054,0.86643840118101,"cognps_random_slope"
"5527","WDR60","Mic P2RY12",0.31105763469553,6.12928862820439,0.936033069970223,0.333950307383224,0.786929500482255,0.843102987676907,"cognps_random_slope"
"5528","PLCXD1","Mic P2RY12",0.831899087094162,3.99972563927995,1.88334342567307,0.170809945614458,0.64374484958574,0.720919606742136,"cognps_random_slope"
"5529","GTPBP6","Mic P2RY12",-0.136121459926082,5.13768528690427,0.122702920590483,0.920449667308527,0.999765323016076,0.999791880761836,"cognps_random_slope"
"5530","LINC00685","Mic P2RY12",-0.669455835856587,4.54952556476882,1.312278477788,0.252744267187271,0.730165031234622,0.790343567499959,"cognps_random_slope"
"5531","PPP2R3B","Mic P2RY12",0.0383245267652945,4.16872313707584,0.0045933297096965,0.94600311974197,0.999765323016076,0.999791880761836,"cognps_random_slope"
"5532","CSF2RA","Mic P2RY12",-0.0631266299029023,8.61341628491314,0.0184453050505657,0.89204471235193,0.999765323016076,0.999791880761836,"cognps_random_slope"
"5533","IL3RA","Mic P2RY12",0.489000706900561,4.80479336224103,0.590833768086062,0.442601363298733,0.857250066897881,0.898313692938616,"cognps_random_slope"
"5534","SLC25A6","Mic P2RY12",-0.608754691355925,5.44346929044628,2.20168017701547,0.13873627831498,0.602464311632875,0.67907281689345,"cognps_random_slope"
"5535","LINC00106","Mic P2RY12",0.309070017844747,5.47650383449944,0.563864605710418,0.453198367377346,0.864282242952016,0.904991779674249,"cognps_random_slope"
"5536","ASMTL-AS1","Mic P2RY12",-0.026680485363497,4.52548319098806,0.0023323291646979,0.961508590484496,0.999765323016076,0.999791880761836,"cognps_random_slope"
"5537","ASMTL","Mic P2RY12",0.694106638675953,4.64009284508324,1.95087164827551,0.163354291596319,0.633606616984739,0.710832369048256,"cognps_random_slope"
"5538","P2RY8","Mic P2RY12",-2.43408945277353,4.84850458867325,8.59601041334592,0.00358459558968032,0.122250110471703,0.175846160577295,"cognps_random_slope"
"5539","AKAP17A","Mic P2RY12",0.219157817472562,5.88775491631388,0.296197266463508,0.586613541794547,0.930210398010736,0.954312999656167,"cognps_random_slope"
"5540","AL683807.1","Mic P2RY12",-0.12380140306604,4.18765788344337,0.02484112176216,0.87485205391514,0.999765323016076,0.999791880761836,"cognps_random_slope"
"5541","DHRSX","Mic P2RY12",0.19754088590491,7.62977040479877,0.564604720535361,0.452902286058921,0.864282242952016,0.904961627155754,"cognps_random_slope"
"5542","CD99","Mic P2RY12",-0.0748168443460533,6.65278568074967,0.0678482803152216,0.794644913849031,0.992143902613387,0.999791880761836,"cognps_random_slope"
"5543","ARSD","Mic P2RY12",0.105736170302572,4.20608603154175,0.0387110984141561,0.883543868594321,0.999765323016076,0.999791880761836,"cognps_random_slope"
"5544","PRKX","Mic P2RY12",-0.37367647795617,7.00717653014518,1.40512341757268,0.236650293780363,0.717608115480863,0.780129214180369,"cognps_random_slope"
"5545","PRKX-AS1","Mic P2RY12",-1.43935873910382,2.64054943331377,2.06061676873999,0.152018145288965,0.620528530312952,0.698102157184344,"cognps_random_slope"
"5546","AC110995.1","Mic P2RY12",0.862783673730582,4.89978708631558,2.29472317018605,0.130692745266454,0.591809296756693,0.669219809264844,"cognps_random_slope"
"5547","NLGN4X","Mic P2RY12",1.3351998950404,3.3523863305138,2.95539766897405,0.0864517437830923,0.511641951157184,0.597021470708069,"cognps_random_slope"
"5548","AC097347.1","Mic P2RY12",-0.0280737892736457,2.88389495277646,0.00146864910105738,0.969451450909183,0.999765323016076,0.999791880761836,"cognps_random_slope"
"5549","PUDP","Mic P2RY12",-0.0499405760267119,5.80654338531364,0.0170610083074371,0.896150698152279,0.999765323016076,0.999791880761836,"cognps_random_slope"
"5550","STS","Mic P2RY12",-0.246853166305567,3.99960875382707,0.16215012571099,0.687423871579714,0.966541875561649,0.982933896240838,"cognps_random_slope"
"5551","PNPLA4","Mic P2RY12",0.725085586787832,3.07291605380186,0.852800280400747,0.449313237593546,0.860983711651718,0.902178584929418,"cognps_random_slope"
"5552","ANOS1","Mic P2RY12",-0.216974015592899,8.05186370812995,0.555941952194929,0.456386978950192,0.865333388169053,0.905598852945087,"cognps_random_slope"
"5553","TBL1X","Mic P2RY12",-0.542381638315219,6.53222778725762,1.76137487535469,0.185295073540846,0.660936726249899,0.732376829063528,"cognps_random_slope"
"5554","WWC3","Mic P2RY12",-0.403238964069016,5.33497669916576,1.20800153316279,0.350223535460429,0.799426324952662,0.851114542088538,"cognps_random_slope"
"5555","CLCN4","Mic P2RY12",1.35919756445222,4.37807421836292,6.08212544211071,0.0141214337833947,0.236378770245978,0.315066959478248,"cognps_random_slope"
"5556","MID1","Mic P2RY12",0.473050464803241,4.26316992480945,0.547365673183043,0.459878763284215,0.866792533233255,0.907242372423074,"cognps_random_slope"
"5557","AC073529.1","Mic P2RY12",0.937537447433628,4.95234929628461,2.74963234088126,0.0981487196642764,0.536413249822253,0.622624745113121,"cognps_random_slope"
"5558","HCCS","Mic P2RY12",0.0828403109941757,3.05814783992074,0.0140234408802277,0.905800511996874,0.999765323016076,0.999791880761836,"cognps_random_slope"
"5559","ARHGAP6","Mic P2RY12",-0.453700075463905,8.74356747731525,1.88251080295031,0.170904286497679,0.64374484958574,0.720919606742136,"cognps_random_slope"
"5560","MSL3","Mic P2RY12",-0.278252598071608,5.52978641228033,0.691203262017307,0.475122781696818,0.877890549209195,0.913838322543835,"cognps_random_slope"
"5561","FRMPD4","Mic P2RY12",1.5526531788886,4.55295304270044,5.27398343525586,0.0222207073835424,0.29280206454951,0.381252547916258,"cognps_random_slope"
"5562","PRPS2","Mic P2RY12",-0.455684978489353,4.21701636919626,0.813274542140974,0.36775747160697,0.812104761618872,0.862555738366364,"cognps_random_slope"
"5563","TLR7","Mic P2RY12",-0.627447436752658,6.05186692126543,2.75447845229036,0.0978541476133504,0.536413249822253,0.622624745113121,"cognps_random_slope"
"5564","TLR8","Mic P2RY12",0.113498734294456,2.94856368623029,0.0154247710082126,0.901229079802563,0.999765323016076,0.999791880761836,"cognps_random_slope"
"5565","TMSB4X","Mic P2RY12",-0.146781214783948,8.93800308083096,0.0879022983554764,0.767032228053728,0.985900526390563,0.996584922860264,"cognps_random_slope"
"5566","TCEANC","Mic P2RY12",0.370383756649795,3.56020910723297,0.360077842780116,0.548840921219109,0.91189570676601,0.940046630323137,"cognps_random_slope"
"5567","RAB9A","Mic P2RY12",0.0197159682341033,4.99308565742868,0.00234238932126587,0.961425731146854,0.999765323016076,0.999791880761836,"cognps_random_slope"
"5568","TRAPPC2","Mic P2RY12",0.492695164853339,4.57785610947056,1.32741902991571,0.250030204800326,0.729301365236868,0.789201257695949,"cognps_random_slope"
"5569","OFD1","Mic P2RY12",-0.36996451841535,6.60401293421437,1.70304225425946,0.192724980297264,0.670310786650309,0.739445997413517,"cognps_random_slope"
"5570","GPM6B","Mic P2RY12",0.336136040864386,5.51327908252394,0.444679649426385,0.505299995943669,0.891090914075268,0.925603545137578,"cognps_random_slope"
"5571","GEMIN8","Mic P2RY12",0.202906082213492,3.9360330120222,0.1296769691196,0.718978594758923,0.97571529536985,0.991217050011613,"cognps_random_slope"
"5572","FANCB","Mic P2RY12",-2.41692854525047,3.10364937931288,9.77686696629959,0.0019111659899019,0.094417331210013,0.135494456736913,"cognps_random_slope"
"5573","MOSPD2","Mic P2RY12",-0.509512489930336,4.90143190372784,1.85797967082401,0.173710959764572,0.646420631530528,0.722173203526035,"cognps_random_slope"
"5574","PIGA","Mic P2RY12",-0.918131083490284,3.36939850781568,1.94955794668814,0.163495724238498,0.633840061134056,0.711094146918941,"cognps_random_slope"
"5575","PIR","Mic P2RY12",0.616627093818515,3.87119852703912,0.746828500438359,0.388058238942544,0.823364227370018,0.872608875947737,"cognps_random_slope"
"5576","CA5B","Mic P2RY12",-0.0151949558176406,6.63172388714426,0.00283977998301649,0.95753076673388,0.999765323016076,0.999791880761836,"cognps_random_slope"
"5577","ZRSR2","Mic P2RY12",-0.416995568122061,6.0316488641724,1.88385685059271,0.170751801571464,0.64374484958574,0.720898757758174,"cognps_random_slope"
"5578","AP1S2","Mic P2RY12",-0.227022371597482,5.30420171555657,0.323097358713322,0.570106918091611,0.923355952776136,0.949247646187554,"cognps_random_slope"
"5579","CTPS2","Mic P2RY12",0.0217234049444294,6.15693416395811,0.0046662906763705,0.945576626270657,0.999765323016076,0.999791880761836,"cognps_random_slope"
"5580","SYAP1","Mic P2RY12",0.127403198835971,5.50666388826916,0.0435036933810664,0.83489780533522,0.999366959106503,0.999791880761836,"cognps_random_slope"
"5581","TXLNG","Mic P2RY12",0.0938191342263741,4.95780753117091,0.0605525958068026,0.903979399982567,0.999765323016076,0.999791880761836,"cognps_random_slope"
"5582","RBBP7","Mic P2RY12",0.189237515026049,5.21146511731471,0.338073091684117,0.669749026296917,0.960390254014357,0.977508744679141,"cognps_random_slope"
"5583","REPS2","Mic P2RY12",-0.057865722451008,5.56069242934043,0.0127355623986515,0.910210899238625,0.999765323016076,0.999791880761836,"cognps_random_slope"
"5584","NHS","Mic P2RY12",0.173549579870799,4.17134177321427,0.0535536028583222,0.817122848188722,0.995084767910246,0.999791880761836,"cognps_random_slope"
"5585","SCML1","Mic P2RY12",-0.461250883864893,5.45639140508122,1.19000636407345,0.276058610424462,0.747595304395617,0.807469550139811,"cognps_random_slope"
"5586","SCML2","Mic P2RY12",0.594747049718575,2.95463648847642,0.458574052259019,0.498726517455716,0.88802399669729,0.922636013471741,"cognps_random_slope"
"5587","CDKL5","Mic P2RY12",0.166795264572739,5.7979550815511,0.25134753105072,0.616434577753173,0.941298971794699,0.963917775753802,"cognps_random_slope"
"5588","PHKA2","Mic P2RY12",0.168569385665285,5.61740992179358,0.29335263729615,0.588415434036639,0.931524540050207,0.955201495047498,"cognps_random_slope"
"5589","ADGRG2","Mic P2RY12",0.932909694824467,2.94683772492023,0.83978125003383,0.360073438414321,0.8073187465602,0.85895671576478,"cognps_random_slope"
"5590","PDHA1","Mic P2RY12",-0.617241768109749,4.58958171976104,2.32268907552812,0.12837831072528,0.588312153990787,0.665657920588163,"cognps_random_slope"
"5591","MAP3K15","Mic P2RY12",-0.0738268288913312,2.7834883812732,0.00627644965315139,0.936898482136573,0.999765323016076,0.999791880761836,"cognps_random_slope"
"5592","SH3KBP1","Mic P2RY12",0.000378548219949946,9.48672687968068,3.3490606509003e-06,0.998540851749195,0.999765323016076,0.999791880761836,"cognps_random_slope"
"5593","BCLAF3","Mic P2RY12",0.0229034560783162,5.83562515294265,0.00501389029305797,0.943589264003986,0.999765323016076,0.999791880761836,"cognps_random_slope"
"5594","MAP7D2","Mic P2RY12",0.232053023409064,3.60308849820767,0.111734376704283,0.738372994102632,0.980436558830992,0.994247512606934,"cognps_random_slope"
"5595","EIF1AX","Mic P2RY12",-0.134026023833149,5.81195013286372,0.14706901665765,0.701578801533171,0.971065639263171,0.98585727253586,"cognps_random_slope"
"5596","RPS6KA3","Mic P2RY12",-0.674809727681648,8.79161727294968,6.28600832124295,0.0126097185704841,0.223818329222593,0.297993820934554,"cognps_random_slope"
"5597","CNKSR2","Mic P2RY12",2.02011243957734,4.6315707251531,8.96966553367166,0.00293514961080415,0.111427591882114,0.159838038588356,"cognps_random_slope"
"5598","MBTPS2","Mic P2RY12",0.357195339765611,5.26463818355947,0.942193689935941,0.332366697157515,0.785551068746273,0.841831778356593,"cognps_random_slope"
"5599","SMS","Mic P2RY12",-0.0391730663512878,6.74523597469917,0.0168792075295787,0.896702353711058,0.999765323016076,0.999791880761836,"cognps_random_slope"
"5600","PHEX","Mic P2RY12",-1.43951597986415,2.66411970366177,2.14256220924486,0.144135945280255,0.609827374658516,0.68699278012833,"cognps_random_slope"
"5601","PTCHD1-AS","Mic P2RY12",0.381063405405345,3.36448306767996,0.256511683661803,0.612837222590685,0.940399122416995,0.963142172997874,"cognps_random_slope"
"5602","PRDX4","Mic P2RY12",-1.45575308443478,4.16291399876951,7.73195493555628,0.00571069293961,0.152674796573943,0.211547649981078,"cognps_random_slope"
"5603","ACOT9","Mic P2RY12",-0.200813847959379,5.6878616272272,0.313854557349633,0.575673260529076,0.924900775009009,0.950322446996267,"cognps_random_slope"
"5604","SAT1","Mic P2RY12",0.241252615731172,9.88819525926404,0.213499467712458,0.644317673545383,0.951443629329721,0.970883120121208,"cognps_random_slope"
"5605","APOO","Mic P2RY12",-0.237827361178444,6.35737089788542,0.381842063325121,0.537010153012798,0.907385331045834,0.937138625255325,"cognps_random_slope"
"5606","KLHL15","Mic P2RY12",-1.5028666940757,3.53105119480745,6.05496154206936,0.0143365416812032,0.237604823093505,0.316584160392176,"cognps_random_slope"
"5607","EIF2S3","Mic P2RY12",-0.288626330755298,6.03678793313519,1.1783440947723,0.27842047183781,0.748918655780509,0.809516319007406,"cognps_random_slope"
"5608","ZFX","Mic P2RY12",-0.480218135778383,6.93004140156876,2.56533282874017,0.1101075474331,0.56065247266128,0.644627053842235,"cognps_random_slope"
"5609","PDK3","Mic P2RY12",0.111138472806353,6.7867644617489,0.0748475195931453,0.784562348458971,0.990664282643802,0.999791880761836,"cognps_random_slope"
"5610","POLA1","Mic P2RY12",0.228285096320587,6.43266755738805,0.805452089410256,0.370068684161083,0.812104761618872,0.863532460737016,"cognps_random_slope"
"5611","IL1RAPL1","Mic P2RY12",1.28335387274308,6.33264443633825,3.98386559428574,0.0466917562493729,0.407589519813096,0.501055959217863,"cognps_random_slope"
"5612","CXorf21","Mic P2RY12",0.59475682832215,5.7359551579784,1.95836790024622,0.162549925294226,0.632133357187442,0.709248706359267,"cognps_random_slope"
"5613","GK","Mic P2RY12",-1.05589015049968,7.10584247611048,1.44254764120842,0.230517955180354,0.712282941519927,0.774109754385822,"cognps_random_slope"
"5614","GK-AS1","Mic P2RY12",-2.04001694514785,3.24751022092393,2.75547974497954,0.0977934045619928,0.536413249822253,0.622624745113121,"cognps_random_slope"
"5615","TAB3","Mic P2RY12",-0.75031367838045,5.29269034834707,4.73621660903381,0.0301842115415107,0.337681102945571,0.42901960525895,"cognps_random_slope"
"5616","DMD","Mic P2RY12",0.572302651592963,5.82818285167785,1.76057519668251,0.185394643581501,0.660999325207599,0.732422699427839,"cognps_random_slope"
"5617","CFAP47","Mic P2RY12",1.50666054439734,2.75517284451374,2.07621518349548,0.150480829232849,0.618294258470467,0.695585318326235,"cognps_random_slope"
"5618","AF241726.2","Mic P2RY12",0.270158015314695,3.54425892300646,0.18480706557447,0.667531731837278,0.959288765477273,0.976479554520597,"cognps_random_slope"
"5619","DYNLT3","Mic P2RY12",0.855563930486489,3.91642748804835,2.39223526430754,0.38744201200133,0.822968838616234,0.872202897976556,"cognps_random_slope"
"5620","RPGR","Mic P2RY12",-0.23727688265759,4.74720525097932,0.316309253856397,0.574184530739855,0.924900775009009,0.950230510572563,"cognps_random_slope"
"5621","TSPAN7","Mic P2RY12",1.78387102825693,5.07529424900628,5.35518944318502,0.021223659484946,0.286753406920231,0.374110557535658,"cognps_random_slope"
"5622","MID1IP1","Mic P2RY12",-0.894954335441584,3.76505116010501,1.96354220038385,0.161997356677897,0.631954626631818,0.70895413987356,"cognps_random_slope"
"5623","BCOR","Mic P2RY12",0.872337734003397,5.86812553478343,4.36479105747988,0.0373914200696711,0.368708984399272,0.462970294953774,"cognps_random_slope"
"5624","ATP6AP2","Mic P2RY12",0.0753952368508832,5.5973867043374,0.0395029802673641,0.842567833882247,0.999765323016076,0.999791880761836,"cognps_random_slope"
"5625","CXorf38","Mic P2RY12",-0.328657746965906,5.97334500194555,1.07357176031393,0.300836255248966,0.762414699475663,0.823013995190349,"cognps_random_slope"
"5626","MED14","Mic P2RY12",-0.148279584769608,6.42501244152762,0.338448338070493,0.561090727987939,0.920002061148461,0.946258818399626,"cognps_random_slope"
"5627","USP9X","Mic P2RY12",-0.105753543134971,7.55598577611808,0.173907591721614,0.676910921253167,0.96298123733691,0.980096514019067,"cognps_random_slope"
"5628","DDX3X","Mic P2RY12",-0.456132745397527,6.8562097225082,2.18045329045728,0.140648385654869,0.605470291089272,0.682211242381461,"cognps_random_slope"
"5629","CASK","Mic P2RY12",-0.632492390320637,7.31702673953644,6.44359813239258,0.0115563614995029,0.213021733775568,0.285052702413887,"cognps_random_slope"
"5630","GPR34","Mic P2RY12",0.00500515595421612,7.13775083488252,8.0712850583897e-05,0.992836856687546,0.999765323016076,0.999791880761836,"cognps_random_slope"
"5631","GPR82","Mic P2RY12",-0.260820895763527,3.23163867213169,0.0849134068654121,0.77091414089885,0.986443273387328,0.997526881305537,"cognps_random_slope"
"5632","MAOA","Mic P2RY12",-1.06123778854708,2.6085890962959,0.914292538453665,0.339620359022303,0.791659841930402,0.845083638395346,"cognps_random_slope"
"5633","MAOB","Mic P2RY12",2.64083797243934,2.8895303700367,8.45873007849309,0.00385859080663406,0.127629658632976,0.182373018313553,"cognps_random_slope"
"5634","FUNDC1","Mic P2RY12",-0.891907354583204,3.18183197076709,1.34856595125582,0.246299178747992,0.727284377806276,0.787803854705654,"cognps_random_slope"
"5635","KDM6A","Mic P2RY12",-0.410568983665896,8.08346791571036,1.60069934325676,0.20662328156338,0.687769149585408,0.753550718449413,"cognps_random_slope"
"5636","MIR222HG","Mic P2RY12",0.267238974998093,6.30944275189096,0.252341608627877,0.615738524983066,0.940879358414831,0.96381483341965,"cognps_random_slope"
"5637","KRBOX4","Mic P2RY12",-0.0785704271575754,5.90912804950408,0.0569216666109524,0.811565134277673,0.994447726155304,0.999791880761836,"cognps_random_slope"
"5638","ZNF674","Mic P2RY12",0.325281313750017,3.8936377933717,0.354986251061386,0.825276199032076,0.997442739805277,0.999791880761836,"cognps_random_slope"
"5639","CHST7","Mic P2RY12",0.0749912750741802,3.49274165325416,0.0106270705820853,0.917950839686848,0.999765323016076,0.999791880761836,"cognps_random_slope"
"5640","SLC9A7","Mic P2RY12",-1.04006707118747,5.06948367275315,3.36453862367109,0.0674402800296384,0.47194109278182,0.56250133676219,"cognps_random_slope"
"5641","RP2","Mic P2RY12",-1.373601540448,5.31728280764193,13.5483638144319,0.00026811365025843,0.0362928386577093,0.0554552499548285,"cognps_random_slope"
"5642","JADE3","Mic P2RY12",-0.0364888997467529,4.62451992326836,0.00645264585572504,0.936020783343307,0.999765323016076,0.999791880761836,"cognps_random_slope"
"5643","NDUFB11","Mic P2RY12",0.0216078685086476,3.94553947592636,0.00107083858074482,0.973913101960445,0.999765323016076,0.999791880761836,"cognps_random_slope"
"5644","RBM10","Mic P2RY12",0.325084182240876,5.35407934223543,1.08352533663199,0.298609531774105,0.762346885655993,0.822498704196359,"cognps_random_slope"
"5645","UBA1","Mic P2RY12",0.148412294747035,5.85081330631355,0.17462582245863,0.676282388916261,0.962810601943974,0.980067760574701,"cognps_random_slope"
"5646","CDK16","Mic P2RY12",-1.15877235393763,4.24139436932712,4.27665733773842,0.0393538456195598,0.37707757742416,0.47106469548632,"cognps_random_slope"
"5647","USP11","Mic P2RY12",0.547664730332777,5.38289433247889,1.85415638839683,0.174153167568558,0.646420631530528,0.722173203526035,"cognps_random_slope"
"5648","ZNF157","Mic P2RY12",0.637178813159118,2.50170165279309,0.321436543565841,0.571099301461085,0.923864634998735,0.949464044981531,"cognps_random_slope"
"5649","ZNF41","Mic P2RY12",-0.10176990916044,5.17884772105141,0.0857024495842106,0.904375885199834,0.999765323016076,0.999791880761836,"cognps_random_slope"
"5650","LINC01560","Mic P2RY12",-0.620126275658971,2.74481444970756,0.435436638649247,0.509755636821786,0.892874576176326,0.92757788337094,"cognps_random_slope"
"5651","ARAF","Mic P2RY12",-0.403105589489614,3.95023519714812,0.557923799079934,0.455586042292239,0.865333388169053,0.905598852945087,"cognps_random_slope"
"5652","SYN1","Mic P2RY12",0.914896207060214,4.46606331520757,2.22864722706526,0.136349169579748,0.60105763866388,0.67768783689934,"cognps_random_slope"
"5653","TIMP1","Mic P2RY12",0.538679940127016,3.07924309473296,0.239239941509038,0.625053778993524,0.9451521296561,0.966234444064455,"cognps_random_slope"
"5654","ELK1","Mic P2RY12",-1.09971187766185,3.61973909788032,3.40565562129882,0.0657951617965868,0.46833427160025,0.559524739020346,"cognps_random_slope"
"5655","UXT","Mic P2RY12",-0.376726738054236,3.86999316237578,0.493633576363674,0.482765431233166,0.881328830408547,0.916739510069731,"cognps_random_slope"
"5656","ZNF81","Mic P2RY12",-0.218594678483665,5.85273632741302,0.477631429678263,0.489943003327948,0.883888768611236,0.918678554290124,"cognps_random_slope"
"5657","ZNF182","Mic P2RY12",-0.0883056130677817,3.66930911338927,0.0266302516315862,0.87046224983402,0.999765323016076,0.999791880761836,"cognps_random_slope"
"5658","ZNF630","Mic P2RY12",0.236772699746265,4.86270554680676,0.231189321581246,0.630935745144367,0.948086909068213,0.968044533434038,"cognps_random_slope"
"5659","FTSJ1","Mic P2RY12",0.0821923043229091,3.58571875508124,0.01628977636044,0.948276950829412,0.999765323016076,0.999791880761836,"cognps_random_slope"
"5660","PORCN","Mic P2RY12",0.434923714633123,3.11635017065186,0.346553149199014,0.556440379153519,0.917015734591805,0.944760699583167,"cognps_random_slope"
"5661","EBP","Mic P2RY12",0.787770503230283,3.28382238645257,1.28821129679939,0.267276972376936,0.742629786098211,0.801510952678642,"cognps_random_slope"
"5662","TBC1D25","Mic P2RY12",-0.199803402628419,4.21381008690444,0.196764774633029,0.657611748395765,0.955612931885691,0.973592644066785,"cognps_random_slope"
"5663","RBM3","Mic P2RY12",-0.0302420176824546,5.34496110047457,0.00494747724876344,0.943963490853393,0.999765323016076,0.999791880761836,"cognps_random_slope"
"5664","WDR13","Mic P2RY12",-0.117681071925896,4.48276439548606,0.0805988816647135,0.945452903577964,0.999765323016076,0.999791880761836,"cognps_random_slope"
"5665","WAS","Mic P2RY12",-0.0398764501788299,5.86686576423425,0.0148357801414328,0.90312368845408,0.999765323016076,0.999791880761836,"cognps_random_slope"
"5666","AC231533.1","Mic P2RY12",0.200358516935717,3.69057595775628,0.106099872123237,0.74481827284462,0.982219019325995,0.994674014762625,"cognps_random_slope"
"5667","HDAC6","Mic P2RY12",0.0945862781735002,5.22543043797314,0.0641063742942016,0.800264237145843,0.992143902613387,0.999791880761836,"cognps_random_slope"
"5668","PCSK1N","Mic P2RY12",0.907993177474949,5.17382448113518,1.23051313154289,0.26804850032919,0.742629786098211,0.802125833574982,"cognps_random_slope"
"5669","TIMM17B","Mic P2RY12",-1.94266207915368,3.38420487601708,8.57175560808595,0.00363151756321859,0.122276298655006,0.175846160577295,"cognps_random_slope"
"5670","PQBP1","Mic P2RY12",-0.293589128120133,3.57733947389531,0.231247632471421,0.630892691028449,0.948086909068213,0.968044355763723,"cognps_random_slope"
"5671","SLC35A2","Mic P2RY12",-0.0849611703772359,3.13922670363499,0.0137276449038728,0.906794681186263,0.999765323016076,0.999791880761836,"cognps_random_slope"
"5672","OTUD5","Mic P2RY12",-0.0610779633105993,5.75124282678847,0.0398359035383681,0.841914571480842,0.999765323016076,0.999791880761836,"cognps_random_slope"
"5673","GRIPAP1","Mic P2RY12",0.115217019963556,6.17255814565653,0.155963617759009,0.766027848177023,0.985460227841056,0.996584922860264,"cognps_random_slope"
"5674","TFE3","Mic P2RY12",-0.853256820335811,5.21578100078465,4.81063873859674,0.0289242643399968,0.327929780474217,0.419793781002454,"cognps_random_slope"
"5675","CCDC120","Mic P2RY12",0.156757680199996,3.41575133663559,0.0620415400927699,0.803440016113332,0.993073201986235,0.999791880761836,"cognps_random_slope"
"5676","WDR45","Mic P2RY12",-0.398458749071172,4.65859462331162,1.07262743063446,0.36685752455979,0.811665459241497,0.862405100667332,"cognps_random_slope"
"5677","GPKOW","Mic P2RY12",-0.745395849258545,3.17465946872357,1.14849290213715,0.28458351303707,0.753549217160752,0.813095273637445,"cognps_random_slope"
"5678","PLP2","Mic P2RY12",-1.20102824337014,2.81760769085696,1.48503099759015,0.223787820994277,0.70515851968539,0.769349649434474,"cognps_random_slope"
"5679","PRICKLE3","Mic P2RY12",-0.33156056111818,3.83179954130583,0.357475436326062,0.768083436653402,0.986294885705015,0.996916584879156,"cognps_random_slope"
"5680","SYP","Mic P2RY12",1.35362850249845,4.91814460740655,4.68709286518267,0.0310472390790361,0.341712329704174,0.433290945496807,"cognps_random_slope"
"5681","CCDC22","Mic P2RY12",-0.0988969545397207,3.79031852998294,0.0342963017301718,0.853182365876957,0.999765323016076,0.999791880761836,"cognps_random_slope"
"5682","PPP1R3F","Mic P2RY12",0.230671416593973,4.42030315427101,0.235015054489022,0.628125060508878,0.946914064882295,0.967814196161635,"cognps_random_slope"
"5683","CLCN5","Mic P2RY12",-0.248142149438436,6.67309939757312,0.485752609675213,0.486278381131121,0.881786963332351,0.91723721705446,"cognps_random_slope"
"5684","SHROOM4","Mic P2RY12",0.966875208939332,2.81754417740928,0.80765909234391,0.369414556645183,0.812104761618872,0.863532460737016,"cognps_random_slope"
"5685","GSPT2","Mic P2RY12",0.346274269699939,3.09126620737159,0.164822800588838,0.684995997335148,0.96526547799949,0.981938174288632,"cognps_random_slope"
"5686","MAGED1","Mic P2RY12",0.460117834707003,6.25302103745214,2.35224137211374,0.125982250246278,0.585608532961558,0.664048393200486,"cognps_random_slope"
"5687","FAM156A","Mic P2RY12",0.172594818507926,4.41309637747353,0.157871730468753,0.691359284127466,0.967371458045907,0.984049474704472,"cognps_random_slope"
"5688","GPR173","Mic P2RY12",1.35377013457672,3.34870800137319,2.28459009772911,0.13154284634417,0.591862189373271,0.66927465715308,"cognps_random_slope"
"5689","TSPYL2","Mic P2RY12",1.38875796254789,4.64353469542267,7.60969886761039,0.00610223449428505,0.154835821901617,0.213453849507028,"cognps_random_slope"
"5690","KANTR","Mic P2RY12",0.0995777377732135,6.94718771888151,0.127386250603546,0.721366937906996,0.97571529536985,0.991463831658989,"cognps_random_slope"
"5691","KDM5C","Mic P2RY12",-0.301047297667569,5.69231253897721,0.615677441576053,0.433174680329429,0.850794942268016,0.894069684887574,"cognps_random_slope"
"5692","IQSEC2","Mic P2RY12",-0.933857827717476,6.19191863389776,5.29436386325148,0.0219659816618573,0.290623781808482,0.379236780229514,"cognps_random_slope"
"5693","SMC1A","Mic P2RY12",-0.711731736161688,5.8327963502799,4.73356912787375,0.0302300770725105,0.337681102945571,0.42901960525895,"cognps_random_slope"
"5694","HSD17B10","Mic P2RY12",-0.457694207685573,2.89256157182531,0.265567723161851,0.606637222541491,0.938472791966391,0.960920075840616,"cognps_random_slope"
"5695","HUWE1","Mic P2RY12",-0.151694267920513,7.29116878165781,0.502548353498409,0.478841822592442,0.880249943088941,0.915656876649944,"cognps_random_slope"
"5696","PHF8","Mic P2RY12",0.080514165568867,5.82660032928396,0.0838309373019411,0.782337497940668,0.990020960532974,0.999508397105588,"cognps_random_slope"
"5697","FAM120C","Mic P2RY12",-0.269556875942646,5.7248587576854,0.843819996867906,0.358922208784992,0.806997823664322,0.858356583812229,"cognps_random_slope"
"5698","WNK3","Mic P2RY12",0.284920683505184,4.63159089318166,0.404142424259044,0.525361981267432,0.901128200942344,0.93249246154348,"cognps_random_slope"
"5699","TSR2","Mic P2RY12",0.00620218825782064,3.73989983980288,0.000250846580151053,0.987372306246157,0.999765323016076,0.999791880761836,"cognps_random_slope"
"5700","FGD1","Mic P2RY12",-0.0129883249684351,3.10093928035808,4.80200154293049e-05,0.994474827802216,0.999765323016076,0.999791880761836,"cognps_random_slope"
"5701","GNL3L","Mic P2RY12",-0.0644735834762116,4.54211760678068,0.0237827226752472,0.92623421325477,0.999765323016076,0.999791880761836,"cognps_random_slope"
"5702","MAGED2","Mic P2RY12",0.136838285051512,4.17335896986569,0.0618700691562569,0.8037062528661,0.993127477607986,0.999791880761836,"cognps_random_slope"
"5703","TRO","Mic P2RY12",0.0717515688427845,3.40208081253187,0.00999996284954563,0.920400194619973,0.999765323016076,0.999791880761836,"cognps_random_slope"
"5704","APEX2","Mic P2RY12",-0.65805622488668,3.52211521061133,1.35278663353286,0.245562708414382,0.726886505423714,0.787803854705654,"cognps_random_slope"
"5705","FAM104B","Mic P2RY12",-0.137086352065756,3.72876470372663,0.0444652571409121,0.913682237102832,0.999765323016076,0.999791880761836,"cognps_random_slope"
"5706","MAGEH1","Mic P2RY12",1.43114654194852,3.52423429199859,3.63268172247284,0.0574524812998661,0.444526964145211,0.538124715789564,"cognps_random_slope"
"5707","USP51","Mic P2RY12",0.280550761069692,3.22977222707747,0.140030183131385,0.708471543433894,0.973207309924008,0.988354461037649,"cognps_random_slope"
"5708","RRAGB","Mic P2RY12",0.12716977411208,6.08987392647431,0.184272533348729,0.667983966378985,0.959551198782803,0.97676083292348,"cognps_random_slope"
"5709","AL445472.1","Mic P2RY12",-0.0504315648659404,4.55969922081591,0.00650945068654796,0.935740394578505,0.999765323016076,0.999791880761836,"cognps_random_slope"
"5710","UBQLN2","Mic P2RY12",0.551397412590281,4.32804547874563,1.42146896240402,0.233947878450276,0.714968191359668,0.777563974808941,"cognps_random_slope"
"5711","NBDY","Mic P2RY12",-0.148157213551452,7.19033509565879,0.241327673941769,0.62354849870877,0.945004622326151,0.965581489346055,"cognps_random_slope"
"5712","SPIN3","Mic P2RY12",-0.280630043019831,4.46448890198545,0.374255309207338,0.541080394248229,0.910005809466235,0.939131034445278,"cognps_random_slope"
"5713","SPIN2B","Mic P2RY12",0.00135640255546063,3.02760952126752,0.000136645525495414,0.990679784694642,0.999765323016076,0.999791880761836,"cognps_random_slope"
"5714","FAAH2","Mic P2RY12",0.243354405376335,3.55218618247097,0.13501304479202,0.713506072409824,0.975267359907595,0.990078557920128,"cognps_random_slope"
"5715","ZXDB","Mic P2RY12",0.17448900158121,2.64538755937577,0.0270198882229218,0.996435575304855,0.999765323016076,0.999791880761836,"cognps_random_slope"
"5716","ARHGEF9","Mic P2RY12",0.447808819049646,6.25179154125051,1.92479056576979,0.166188635545934,0.637222862646941,0.71475062731459,"cognps_random_slope"
"5717","MTMR8","Mic P2RY12",-0.195759406490824,5.3279384303123,0.247899978629342,0.618861982393756,0.942107170971115,0.963948995866147,"cognps_random_slope"
"5718","ZC4H2","Mic P2RY12",0.0640206741961621,5.05678396089101,0.0183035035209296,0.892457933287261,0.999765323016076,0.999791880761836,"cognps_random_slope"
"5719","ZC3H12B","Mic P2RY12",-0.131614062603087,2.79310045094628,0.0207903479275429,0.896715037870714,0.999765323016076,0.999791880761836,"cognps_random_slope"
"5720","LAS1L","Mic P2RY12",-0.18310085947407,4.62274541055608,0.187984856795542,0.833177559794298,0.999366959106503,0.999791880761836,"cognps_random_slope"
"5721","MSN","Mic P2RY12",-0.581268542634844,7.98135876032532,4.02954752666569,0.0454577014474499,0.402161839518389,0.496130820307375,"cognps_random_slope"
"5722","AL034397.3","Mic P2RY12",-0.667679723677627,7.57230770258064,1.39933349538716,0.237616631883314,0.718723546421893,0.780382658415809,"cognps_random_slope"
"5723","VSIG4","Mic P2RY12",-0.89507986320903,8.09288548573057,2.32437275323637,0.128240440946975,0.588312153990787,0.665657920588163,"cognps_random_slope"
"5724","EDA2R","Mic P2RY12",0.433313403063291,4.91865544634205,0.603302043266205,0.437831484958575,0.854058184851509,0.896052181226495,"cognps_random_slope"
"5725","OPHN1","Mic P2RY12",-0.112907345457459,6.3819567535868,0.153383244075192,0.695554910025531,0.96925463151675,0.984989885855413,"cognps_random_slope"
"5726","YIPF6","Mic P2RY12",-0.656895473961081,5.25056487433695,4.28875519726971,0.0390781664457858,0.376717632406167,0.470758997319728,"cognps_random_slope"
"5727","STARD8","Mic P2RY12",-0.0136793894576543,3.64235809655613,0.000419380243321393,0.983672800476213,0.999765323016076,0.999791880761836,"cognps_random_slope"
"5728","EFNB1","Mic P2RY12",-0.22760587726743,3.94856197175358,0.154084933035403,0.694894369568735,0.969233641714597,0.984989885855413,"cognps_random_slope"
"5729","EDA","Mic P2RY12",0.550976686285375,7.81161003208408,3.03232873391731,0.0824759024139176,0.505420462602119,0.593030725533821,"cognps_random_slope"
"5730","IGBP1","Mic P2RY12",0.157920765116154,5.72912532030732,0.303665380962394,0.581935808799574,0.927859733775962,0.9522571873954,"cognps_random_slope"
"5731","PDZD11","Mic P2RY12",-0.284056827067658,2.93522079334165,0.114790140142087,0.809813512681369,0.994034132767222,0.999791880761836,"cognps_random_slope"
"5732","DLG3","Mic P2RY12",1.30273473489449,2.66007055531045,1.5775055113155,0.209935711067154,0.690585692519488,0.756701020257546,"cognps_random_slope"
"5733","SNX12","Mic P2RY12",0.317639860225044,4.04906496367375,0.440621478192747,0.507247961236904,0.891301972336335,0.926059218243259,"cognps_random_slope"
"5734","MED12","Mic P2RY12",-0.256790189925376,4.35580932279588,0.450892037840298,0.502342732836612,0.889985970235902,0.924602083436239,"cognps_random_slope"
"5735","NLGN3","Mic P2RY12",-0.326164571094499,3.23911430351003,0.194483917669036,0.941018676402828,0.999765323016076,0.999791880761836,"cognps_random_slope"
"5736","AL590764.1","Mic P2RY12",-0.0984729215201543,5.10618244104058,0.0633451450689876,0.82768312284611,0.998295111550812,0.999791880761836,"cognps_random_slope"
"5737","ZMYM3","Mic P2RY12",-0.0474022255255938,4.46966410831393,0.0101012844502934,0.919999303365382,0.999765323016076,0.999791880761836,"cognps_random_slope"
"5738","NONO","Mic P2RY12",-0.245733737635983,5.23240511565982,0.506041207019613,0.477318775179628,0.879136186828098,0.915148325174642,"cognps_random_slope"
"5739","TAF1","Mic P2RY12",0.283226066452295,7.21829085809622,1.70962742001984,0.191868995892951,0.669079388045129,0.738884345436085,"cognps_random_slope"
"5740","OGT","Mic P2RY12",0.0633169782747782,7.16156690769344,0.072744872264071,0.787536079181666,0.990886185623222,0.999791880761836,"cognps_random_slope"
"5741","GCNA","Mic P2RY12",-0.310577557761958,4.59787959010823,0.273950616433915,0.601016250111523,0.936283425111275,0.959054741582592,"cognps_random_slope"
"5742","LINC00891","Mic P2RY12",0.501929492827899,4.25686905185311,0.405682617235785,0.524574242122931,0.900642733823573,0.932182528774916,"cognps_random_slope"
"5743","NHSL2","Mic P2RY12",-0.865264985015326,3.25463794903707,1.32628506360322,0.250232229906912,0.729301365236868,0.789201257695949,"cognps_random_slope"
"5744","PIN4","Mic P2RY12",-0.538867748527574,5.36097682875185,2.39678739514702,0.122464237131937,0.581168825167187,0.660864338941303,"cognps_random_slope"
"5745","RPS4X","Mic P2RY12",-1.13708158015627,5.53323378911067,4.41544602049846,0.0363103709925126,0.363673603640255,0.456817697559262,"cognps_random_slope"
"5746","HDAC8","Mic P2RY12",0.0857593474590975,8.36836832717009,0.227113280096124,0.633962021417465,0.949404519628462,0.969050966350658,"cognps_random_slope"
"5747","PHKA1","Mic P2RY12",1.26618463394482,2.9280964056045,1.86106102996025,0.173355507842842,0.645854089686386,0.722173203526035,"cognps_random_slope"
"5748","NAP1L2","Mic P2RY12",2.92577298997429,3.73928894604643,12.9855888358808,0.000358115295016904,0.0391306749333402,0.0599793443627894,"cognps_random_slope"
"5749","CHIC1","Mic P2RY12",0.0127748097259194,5.86097026154334,0.00176990907229729,0.966466013728658,0.999765323016076,0.999791880761836,"cognps_random_slope"
"5750","TSIX","Mic P2RY12",-1.09154136735258,2.73356642213782,0.765700816082839,0.38213435869845,0.819224492969006,0.869609277970784,"cognps_random_slope"
"5751","XIST","Mic P2RY12",-0.811696042329642,9.40091385801962,0.220332276265475,0.639071315102939,0.950271487556261,0.970357720549608,"cognps_random_slope"
"5752","JPX","Mic P2RY12",-0.48669396580662,7.92505459696687,2.68269071215219,0.102318807775661,0.542981800176732,0.628355298737789,"cognps_random_slope"
"5753","FTX","Mic P2RY12",-0.390445679279245,9.94342280413066,4.35631747894539,0.0375755395879594,0.369166067076591,0.46317142701506,"cognps_random_slope"
"5754","RLIM","Mic P2RY12",-0.351712699412911,5.09417301430867,0.914014183253427,0.339693792261154,0.79169330610291,0.845111073331243,"cognps_random_slope"
"5755","NEXMIF","Mic P2RY12",1.42687978337512,5.74478921914234,6.91501025108477,0.00891454593650828,0.190091498654248,0.260560795920578,"cognps_random_slope"
"5756","ABCB7","Mic P2RY12",0.0114365778968188,6.5892344562294,0.00251265146043055,0.960049526206485,0.999765323016076,0.999791880761836,"cognps_random_slope"
"5757","UPRT","Mic P2RY12",-0.243057287121783,4.42616699587296,0.31227610907667,0.576634608915859,0.925311034254915,0.950845038253035,"cognps_random_slope"
"5758","ZDHHC15","Mic P2RY12",0.0491482696261151,2.8347410635449,0.0038909959952717,0.950296588431012,0.999765323016076,0.999791880761836,"cognps_random_slope"
"5759","PBDC1","Mic P2RY12",-0.47821769268602,3.41708135940255,0.526274567755713,0.468649127107578,0.872879354047068,0.911738043191988,"cognps_random_slope"
"5760","AC233296.1","Mic P2RY12",1.98775439172201,3.07516684424076,5.01288394249572,0.0257703912134452,0.311216179618471,0.402189132409592,"cognps_random_slope"
"5761","ATRX","Mic P2RY12",-0.24026141061959,8.66956052687356,1.8798679285389,0.171204137297483,0.64374484958574,0.721053105804552,"cognps_random_slope"
"5762","MAGT1","Mic P2RY12",0.389618473035849,6.10351740263416,0.703703417202855,0.402099327015661,0.829881589272977,0.878083042189857,"cognps_random_slope"
"5763","COX7B","Mic P2RY12",0.0844755792969372,4.24636485904664,0.0211149252770658,0.884547718449563,0.999765323016076,0.999791880761836,"cognps_random_slope"
"5764","PGK1","Mic P2RY12",-0.12342495692698,7.01151657901379,0.0353977265806769,0.850870798696591,0.999765323016076,0.999791880761836,"cognps_random_slope"
"5765","TAF9B","Mic P2RY12",0.794516325931804,2.71362336581972,0.706791853783803,0.401069513895912,0.829881589272977,0.878039616226327,"cognps_random_slope"
"5766","CYSLTR1","Mic P2RY12",1.07364838145066,5.63981993767449,2.41672499579096,0.120925227340293,0.580110237377386,0.660503517595267,"cognps_random_slope"
"5767","ITM2A","Mic P2RY12",1.44989512659368,2.35636433978319,1.3460439098698,0.246740544524713,0.727284377806276,0.787803854705654,"cognps_random_slope"
"5768","BRWD3","Mic P2RY12",-0.0888325414586972,6.93755375628336,0.0938183563240062,0.759555144832069,0.983190954097967,0.995414674993652,"cognps_random_slope"
"5769","HMGN5","Mic P2RY12",0.145539559913472,4.04981597714156,0.0448942543209395,0.83231862237107,0.999366959106503,0.999791880761836,"cognps_random_slope"
"5770","SH3BGRL","Mic P2RY12",-0.138438182984617,8.74832660429414,0.302803643180632,0.582471719345321,0.927859733775962,0.9522571873954,"cognps_random_slope"
"5771","HDX","Mic P2RY12",-0.138216223155715,5.82054001803275,0.131335243812629,0.717264483828578,0.975429771013759,0.990827860187382,"cognps_random_slope"
"5772","APOOL","Mic P2RY12",0.577844536206891,5.45992561815057,3.19044561159869,0.0749121853147087,0.486057522939337,0.574826063627018,"cognps_random_slope"
"5773","ZNF711","Mic P2RY12",1.60784414673416,3.95844264886176,5.73691670052211,0.0171228164597267,0.256377194572184,0.339818571377234,"cognps_random_slope"
"5774","CHM","Mic P2RY12",-0.123832001762485,6.53725398271804,0.261111035861351,0.609671432561457,0.93885760879533,0.961460719578766,"cognps_random_slope"
"5775","DACH2","Mic P2RY12",1.04761846366583,3.23698818901431,1.8509885880582,0.174520546591855,0.646420631530528,0.722173203526035,"cognps_random_slope"
"5776","PCDH11X","Mic P2RY12",0.760529750886512,3.6429292048167,1.24397369604232,0.265451338990601,0.74036104926047,0.79895866422403,"cognps_random_slope"
"5777","NAP1L3","Mic P2RY12",2.22040350842135,4.15498473304116,9.97905026155351,0.00171738401211328,0.0909670480092099,0.129493052017037,"cognps_random_slope"
"5778","FAM133A","Mic P2RY12",0.851255854174614,2.39985688437761,0.480743050014127,0.488533491038316,0.883089474042755,0.918010502983977,"cognps_random_slope"
"5779","DIAPH2","Mic P2RY12",0.063008738654487,10.163081010672,0.120792992574785,0.728379330435292,0.977594945023934,0.992716167586774,"cognps_random_slope"
"5780","DIAPH2-AS1","Mic P2RY12",-0.964030502932743,5.22489046173561,1.96278875567097,0.162077683819015,0.631954626631818,0.70895413987356,"cognps_random_slope"
"5781","PCDH19","Mic P2RY12",0.384910748575106,3.41000845987367,0.331809413671634,0.564955874783782,0.922389580650276,0.948323296627233,"cognps_random_slope"
"5782","CSTF2","Mic P2RY12",0.514284903090163,3.40880293568947,0.490497922425568,0.578099450222601,0.926179333251213,0.951123995130157,"cognps_random_slope"
"5783","TRMT2B","Mic P2RY12",0.0965225069561553,5.12984634736889,0.0801158215298733,0.785071541851459,0.990719344618726,0.999791880761836,"cognps_random_slope"
"5784","TMEM35A","Mic P2RY12",0.695778562359743,2.79333612906708,0.523340881405674,0.469890288362824,0.873612618528052,0.911989958554649,"cognps_random_slope"
"5785","CENPI","Mic P2RY12",0.4617803100083,3.0895634977913,0.327931953307374,0.567237210806588,0.922925953141032,0.948745471623017,"cognps_random_slope"
"5786","TIMM8A","Mic P2RY12",-1.20430603597922,2.75051049558715,1.80159073750818,0.180367024016537,0.655040240879569,0.728625431912317,"cognps_random_slope"
"5787","BTK","Mic P2RY12",0.869647027771224,6.26162478984596,9.34274724504021,0.00240609400095233,0.105372763747589,0.149849141578647,"cognps_random_slope"
"5788","RPL36A-HNRNPH2","Mic P2RY12",1.01194206643632,2.69239463028523,0.788051876555615,0.375283161168274,0.81543690655054,0.866579776333413,"cognps_random_slope"
"5789","GLA","Mic P2RY12",-1.01632349537242,4.16717780247913,2.16925545745438,0.141669038165545,0.607522169746072,0.683924724934095,"cognps_random_slope"
"5790","HNRNPH2","Mic P2RY12",-0.302555308391008,4.19339018444346,0.337773080515523,0.561481531845262,0.920192492143617,0.946437468071135,"cognps_random_slope"
"5791","ARMCX4","Mic P2RY12",0.112329961305849,6.60193919067779,0.0910886406747778,0.762972162563259,0.984139674089917,0.996023209475898,"cognps_random_slope"
"5792","ARMCX1","Mic P2RY12",0.477633335968311,3.31350979242073,0.436929408119107,0.914871686115301,0.999765323016076,0.999791880761836,"cognps_random_slope"
"5793","ARMCX6","Mic P2RY12",0.411661497413669,4.28782507884639,0.623162659260824,0.860985758115081,0.999765323016076,0.999791880761836,"cognps_random_slope"
"5794","ARMCX3","Mic P2RY12",-0.60534693919544,5.19161220618393,2.29712270067999,0.130492341768272,0.591741282642934,0.669219809264844,"cognps_random_slope"
"5795","ARMCX2","Mic P2RY12",-0.767500124327951,4.16482244707732,2.35710363143609,0.12559282855713,0.585415476693599,0.663578701621864,"cognps_random_slope"
"5796","ZMAT1","Mic P2RY12",0.949877267489944,6.65088255636574,5.84605572085725,0.0161084060439959,0.250427783521564,0.333790454284822,"cognps_random_slope"
"5797","TCEAL2","Mic P2RY12",2.19566444468423,3.82717698623458,5.53881143498911,0.0191368769505909,0.271954706272395,0.358042233071429,"cognps_random_slope"
"5798","TCEAL6","Mic P2RY12",1.36245507839935,3.00888239083989,1.71752814299605,0.190847875923274,0.668474951224401,0.738652145338495,"cognps_random_slope"
"5799","BEX5","Mic P2RY12",0.71025469388217,3.2883799266246,0.499957239677112,0.479976818857192,0.880619779516585,0.916263961146097,"cognps_random_slope"
"5800","ARMCX5","Mic P2RY12",0.546394195777881,3.29830595077943,0.61004632046167,0.496392889760529,0.886333269600244,0.92129307139183,"cognps_random_slope"
"5801","GPRASP1","Mic P2RY12",1.57007349050242,4.46508363399889,9.49806014308547,0.00221554094624936,0.100219942595609,0.142664695883763,"cognps_random_slope"
"5802","GPRASP2","Mic P2RY12",1.73169637138809,3.07255259940885,3.77465384798753,0.0528147953806794,0.430779715700843,0.523388818398865,"cognps_random_slope"
"5803","BHLHB9","Mic P2RY12",0.281192339837937,4.11509225704533,0.267763090632169,0.605154404045168,0.938048778532664,0.960330533743299,"cognps_random_slope"
"5804","LINC00630","Mic P2RY12",0.89365451119409,4.65677433477076,3.59936177447899,0.058602607641417,0.449275483411116,0.542492292307466,"cognps_random_slope"
"5805","Z68871.1","Mic P2RY12",0.653197281972753,2.9449970521622,0.578669901569494,0.447332613635627,0.859579058693868,0.901100230022803,"cognps_random_slope"
"5806","BEX1","Mic P2RY12",2.4454480773682,4.5985151350393,6.94878329741484,0.00875097943811244,0.187335264297356,0.257896511676137,"cognps_random_slope"
"5807","BEX4","Mic P2RY12",0.751341182658147,5.00701731056594,1.99879686819642,0.158289168749131,0.628850038216583,0.706757717301824,"cognps_random_slope"
"5808","TCEAL8","Mic P2RY12",-0.0337002207681512,3.41567144743653,0.00240214177022275,0.96093722022062,0.999765323016076,0.999791880761836,"cognps_random_slope"
"5809","TCEAL5","Mic P2RY12",1.28782412129153,2.86132575192061,1.56971446191416,0.211062516116868,0.691552268577544,0.757466479760394,"cognps_random_slope"
"5810","BEX2","Mic P2RY12",2.01795542686565,4.08976369486843,6.3421504554603,0.0122235344832678,0.219913656488115,0.292761416345957,"cognps_random_slope"
"5811","TCEAL7","Mic P2RY12",1.66526791004366,2.81271505641623,2.48373635529711,0.115907938736255,0.571679681852535,0.651313984573346,"cognps_random_slope"
"5812","TCEAL9","Mic P2RY12",-1.63401811432901,3.35890899482279,2.83021936432604,0.0933737178078543,0.529074330715283,0.613677480768129,"cognps_random_slope"
"5813","BEX3","Mic P2RY12",1.25585947727477,4.80948703286325,2.45777334146338,0.117823895450443,0.574339081039999,0.653758942921173,"cognps_random_slope"
"5814","TCEAL4","Mic P2RY12",-0.285463050104513,4.92582699658433,0.539649828202844,0.463056608483698,0.869106668107849,0.90914348321678,"cognps_random_slope"
"5815","TCEAL3","Mic P2RY12",0.124921056716776,4.23669945308605,0.0614901966674225,0.804297466071707,0.993197797801506,0.999791880761836,"cognps_random_slope"
"5816","TCEAL1","Mic P2RY12",-0.537149068055425,4.31257718516825,0.975512794578091,0.323973182037535,0.778058174280466,0.835420536201911,"cognps_random_slope"
"5817","MORF4L2","Mic P2RY12",-0.0337384772227905,5.94291956149757,0.00728491691082224,0.932029267289314,0.999765323016076,0.999791880761836,"cognps_random_slope"
"5818","PLP1","Mic P2RY12",0.143462343892377,6.41759937038548,0.0363714350767245,0.848858094730163,0.999765323016076,0.999791880761836,"cognps_random_slope"
"5819","TMSB15B-1","Mic P2RY12",-0.00131473406162788,2.91650992241203,9.97514976720672e-07,0.99920366134792,0.999765323016076,0.999791880761836,"cognps_random_slope"
"5820","SLC25A53","Mic P2RY12",0.258161526336286,5.44754132125724,0.485205877223248,0.48652365731294,0.881786963332351,0.91723721705446,"cognps_random_slope"
"5821","FAM199X","Mic P2RY12",-0.507488216478185,5.06529837766961,1.77145700698436,0.184045050325947,0.660489450660251,0.731666032451923,"cognps_random_slope"
"5822","IL1RAPL2","Mic P2RY12",0.801805180736944,3.6789329761615,1.76897542100725,0.184351813746597,0.66053662815611,0.731666032451923,"cognps_random_slope"
"5823","RNF128","Mic P2RY12",-0.999697422703103,3.34422398623285,1.56823641448006,0.211277094289849,0.691916994276215,0.757754071072965,"cognps_random_slope"
"5824","TBC1D8B","Mic P2RY12",0.171427456444667,4.42032970070145,0.127850514797603,0.72088094176663,0.97571529536985,0.991463831658989,"cognps_random_slope"
"5825","MORC4","Mic P2RY12",0.604579964004507,4.42917299621655,1.16980739169986,0.280165538706337,0.750450717615308,0.811324991036345,"cognps_random_slope"
"5826","RBM41","Mic P2RY12",0.215757719922589,6.41931560891694,0.621871642029973,0.529501463960684,0.904390660022575,0.934548092198527,"cognps_random_slope"
"5827","PRPS1","Mic P2RY12",-0.528409043124703,3.37041378034551,0.640355904288117,0.424110236341244,0.844676919457407,0.889133617630447,"cognps_random_slope"
"5828","TSC22D3","Mic P2RY12",-1.51177052420478,5.78085541711792,3.63827705338214,0.0572617164235496,0.444138591478326,0.537589159489503,"cognps_random_slope"
"5829","ATG4A","Mic P2RY12",-0.0550561761179545,3.85501659045908,0.00950129242092144,0.922403827026551,0.999765323016076,0.999791880761836,"cognps_random_slope"
"5830","COL4A5","Mic P2RY12",1.8942727961516,3.27885766997437,3.34139535326027,0.0683856313191064,0.475712429485823,0.566566804202173,"cognps_random_slope"
"5831","ACSL4","Mic P2RY12",-0.120244922902094,7.63531072965391,0.169686599762848,0.680635901079065,0.963764980353924,0.980589311801902,"cognps_random_slope"
"5832","TMEM164","Mic P2RY12",-0.326850082606063,6.51660388476838,1.66825166831774,0.197322361192499,0.676207044958963,0.744882934797189,"cognps_random_slope"
"5833","AMMECR1","Mic P2RY12",-0.347891603396476,5.0917266617344,0.747087985978205,0.749186406374486,0.982244103840787,0.994674014762625,"cognps_random_slope"
"5834","PAK3","Mic P2RY12",1.52267024604324,4.28402579362906,4.60301656736502,0.0325848514080851,0.346901432852624,0.440239006327384,"cognps_random_slope"
"5835","ALG13","Mic P2RY12",-0.196961814129544,7.24723430754408,0.474353850149668,0.491435051380708,0.884362129418206,0.919391398797807,"cognps_random_slope"
"5836","ALG13-AS1","Mic P2RY12",0.0966280187540078,3.05298396559122,0.0081196654881385,0.928250613318598,0.999765323016076,0.999791880761836,"cognps_random_slope"
"5837","LHFPL1","Mic P2RY12",-0.319679672807906,2.77493874548115,0.090565370220753,0.763633544265409,0.984139674089917,0.996142476555342,"cognps_random_slope"
"5838","AMOT","Mic P2RY12",0.0773274504331711,5.52955763419905,0.0167595724893865,0.897067023494728,0.999765323016076,0.999791880761836,"cognps_random_slope"
"5839","XACT","Mic P2RY12",-0.476681666719996,7.66717661628401,0.331610041819449,0.565072742902794,0.922412735360625,0.948366350310864,"cognps_random_slope"
"5840","HTR2C","Mic P2RY12",0.346873100004053,2.5812854831498,0.124241848219648,0.724685115234122,0.976701705810179,0.992103026315284,"cognps_random_slope"
"5841","PLS3","Mic P2RY12",1.82325129784121,2.85088400176207,3.48826535757005,0.0626184892960454,0.459053815676316,0.550512974629956,"cognps_random_slope"
"5842","DANT2","Mic P2RY12",1.44516790526384,5.20694288944888,4.71488190444,0.0305559011327431,0.339535349154137,0.430282817637534,"cognps_random_slope"
"5843","KLHL13","Mic P2RY12",-0.859605488091121,2.67373844227882,0.767306843005346,0.381636192195993,0.819075370214366,0.869440981513608,"cognps_random_slope"
"5844","WDR44","Mic P2RY12",-0.323974161878825,6.68209003438157,1.94943402075139,0.163509073303517,0.633840061134056,0.711094146918941,"cognps_random_slope"
"5845","DOCK11","Mic P2RY12",-0.245852929972843,8.72958098406457,1.11948715070972,0.290739079853704,0.755474085274518,0.816638205490076,"cognps_random_slope"
"5846","IL13RA1","Mic P2RY12",-0.480479505303457,8.21101993535553,1.96632862941612,0.161700682327504,0.631579960323776,0.70869787773592,"cognps_random_slope"
"5847","LINC01285","Mic P2RY12",1.23831250426024,3.85219232616923,3.35981521465673,0.0676320749850592,0.472789481937808,0.563683966927231,"cognps_random_slope"
"5848","LONRF3","Mic P2RY12",-1.59099937696025,3.4192847873816,2.01238881723557,0.15688550170197,0.62740155425488,0.705703039878475,"cognps_random_slope"
"5849","PGRMC1","Mic P2RY12",0.0574946387532962,4.38010416637232,0.0106010527402386,0.918050984282968,0.999765323016076,0.999791880761836,"cognps_random_slope"
"5850","SLC25A43","Mic P2RY12",0.207862141231952,5.58423190635342,0.223775309042977,0.636465242593431,0.950145971078957,0.970073435736326,"cognps_random_slope"
"5851","SLC25A5","Mic P2RY12",-0.532092756135758,3.99391459116306,0.603483180590242,0.437762772286158,0.854048465774756,0.896052181226495,"cognps_random_slope"
"5852","CXorf56","Mic P2RY12",-0.215316791787312,3.6121994196452,0.149242956697627,0.699488327038013,0.969875123707854,0.985253300829189,"cognps_random_slope"
"5853","UBE2A","Mic P2RY12",-0.474685999080711,4.88319150086028,1.20193776086325,0.273668324228522,0.746626468441862,0.805884583298332,"cognps_random_slope"
"5854","NKRF","Mic P2RY12",-0.319176217200036,4.16546661879951,0.310299622397564,0.577842889210967,0.926055077531233,0.951090082467838,"cognps_random_slope"
"5855","SEPT6","Mic P2RY12",0.102525095018748,7.61633629414913,0.132883045739925,0.715675580342325,0.975412307559,0.990595139180455,"cognps_random_slope"
"5856","UPF3B","Mic P2RY12",-0.545000614683465,6.0890063775032,3.25107298508083,0.0722136538782503,0.481701677783777,0.572337698928994,"cognps_random_slope"
"5857","RNF113A","Mic P2RY12",-1.61965969609496,3.16962848862188,4.17185766259157,0.041829542663535,0.38953414431472,0.483031951804167,"cognps_random_slope"
"5858","NDUFA1","Mic P2RY12",-0.228190946971617,4.04685052601118,0.14342989961017,0.70511824103816,0.972206470596197,0.987249090096017,"cognps_random_slope"
"5859","NKAP","Mic P2RY12",0.146049978837282,4.38422238844567,0.104866894107871,0.914987368781691,0.999765323016076,0.999791880761836,"cognps_random_slope"
"5860","RHOXF1-AS1","Mic P2RY12",-0.709346477349363,4.30784587064827,1.43656560090827,0.231485128900071,0.71251308323617,0.774804656240754,"cognps_random_slope"
"5861","ZBTB33","Mic P2RY12",-0.285917420858228,3.61029676206318,0.173049857540941,0.677663534873083,0.963032358317531,0.980096514019067,"cognps_random_slope"
"5862","TMEM255A","Mic P2RY12",0.0954327905056503,3.90773457528445,0.0119640530440481,0.912961854618187,0.999765323016076,0.999791880761836,"cognps_random_slope"
"5863","LAMP2","Mic P2RY12",-0.59231422218961,6.2877134682542,5.20520389295375,0.0231032883507455,0.297220738505179,0.386522391137933,"cognps_random_slope"
"5864","CUL4B","Mic P2RY12",0.0223259390768068,4.72672593465035,0.00261059234760958,0.959279018898865,0.999765323016076,0.999791880761836,"cognps_random_slope"
"5865","MCTS1","Mic P2RY12",-0.0210464049991917,4.95212225050626,0.00359855690427776,0.952198534654495,0.999765323016076,0.999791880761836,"cognps_random_slope"
"5866","C1GALT1C1","Mic P2RY12",0.00642675952090255,3.10550730214946,5.84473442003833e-05,0.993904402190587,0.999765323016076,0.999791880761836,"cognps_random_slope"
"5867","GRIA3","Mic P2RY12",2.22267161358311,4.38263591030251,11.1854431681361,0.00091124014776653,0.063601714688642,0.0925401312225063,"cognps_random_slope"
"5868","THOC2","Mic P2RY12",-0.352959162131915,7.29049344449937,3.00352354419192,0.0839408344784546,0.50670771299359,0.594361216493957,"cognps_random_slope"
"5869","XIAP","Mic P2RY12",0.0344342076133623,6.55037186340281,0.0236404095922034,0.877889646216066,0.999765323016076,0.999791880761836,"cognps_random_slope"
"5870","STAG2","Mic P2RY12",-0.162390373541313,7.54162157423916,0.338002886176627,0.56134847366012,0.920173992483923,0.946373456149349,"cognps_random_slope"
"5871","TENM1","Mic P2RY12",1.48080945244908,3.16033136651879,3.62406126077158,0.0577477114841068,0.445781729031403,0.539098200997593,"cognps_random_slope"
"5872","AL442647.1","Mic P2RY12",-0.130834413739598,4.27028289777266,0.0373813576478107,0.846799821743237,0.999765323016076,0.999791880761836,"cognps_random_slope"
"5873","SMARCA1","Mic P2RY12",-0.411896243094348,6.09556050586712,1.51277731797669,0.30631620835185,0.766753533621462,0.826318968993651,"cognps_random_slope"
"5874","OCRL","Mic P2RY12",-0.102921541868775,5.46875503027078,0.105990189797968,0.9282423947587,0.999765323016076,0.999791880761836,"cognps_random_slope"
"5875","SASH3","Mic P2RY12",-0.454958393475487,6.24428946399925,2.74667991063211,0.0983286598485955,0.536742309829339,0.622624745113121,"cognps_random_slope"
"5876","ZDHHC9","Mic P2RY12",-0.855721638083269,3.69024156789741,2.010679168441,0.1570612771479,0.627536322800908,0.705711557238651,"cognps_random_slope"
"5877","AL034405.1","Mic P2RY12",-0.891529982786623,3.37628903979978,1.70109995184875,0.192978308037875,0.670495801404088,0.739788463648002,"cognps_random_slope"
"5878","UTP14A","Mic P2RY12",-0.100436944326369,4.54060405064248,0.0474849205221741,0.827622553601616,0.998295111550812,0.999791880761836,"cognps_random_slope"
"5879","BCORL1","Mic P2RY12",-0.541644285472795,4.72194142820383,1.47169536292748,0.44138620694869,0.856256016114562,0.897542350108976,"cognps_random_slope"
"5880","ELF4","Mic P2RY12",-0.0100516021519591,4.96143075203234,0.000738097109513607,0.978340853601289,0.999765323016076,0.999791880761836,"cognps_random_slope"
"5881","AIFM1","Mic P2RY12",0.6060082460586,4.41243028873309,1.83765147994632,0.176077149123262,0.647510916089937,0.723004651230449,"cognps_random_slope"
"5882","ZNF280C","Mic P2RY12",-0.40341390647499,4.68729245341345,0.913523912309315,0.339823183325721,0.791719485352571,0.845221883585983,"cognps_random_slope"
"5883","SLC25A14","Mic P2RY12",1.4038155467338,3.37868310774015,4.28731049503422,0.039110980250983,0.376717632406167,0.470758997319728,"cognps_random_slope"
"5884","RBMX2","Mic P2RY12",0.759151050594596,3.71197608182604,1.67034751801652,0.197041785212245,0.676198966358336,0.74460393020618,"cognps_random_slope"
"5885","ENOX2","Mic P2RY12",-0.625267241803539,7.13022258593374,3.41467712157033,0.065439996029393,0.467214377618485,0.558842693364646,"cognps_random_slope"
"5886","FIRRE","Mic P2RY12",0.218777782574768,6.31738739352352,0.281803081555727,0.595849511231632,0.93511989159524,0.95808998326772,"cognps_random_slope"
"5887","STK26","Mic P2RY12",-0.953216473220876,3.75889537382743,2.55798834296057,0.110616271495379,0.560653802688948,0.644737290812649,"cognps_random_slope"
"5888","RAP2C","Mic P2RY12",-0.262480835104687,4.86507758892681,0.448761022507605,0.503353808425838,0.890370167200983,0.924866471960922,"cognps_random_slope"
"5889","RAP2C-AS1","Mic P2RY12",0.892444736581742,5.71050661035139,2.58168980242243,0.108983818601669,0.559575537578913,0.643709769550595,"cognps_random_slope"
"5890","MBNL3","Mic P2RY12",0.356974558339781,5.80318738030636,0.863387502919166,0.353415710056026,0.802053163498867,0.853627296251673,"cognps_random_slope"
"5891","PHF6","Mic P2RY12",-0.106196894524784,5.59817043794134,0.105821225060067,0.745141882155977,0.982244103840787,0.994674014762625,"cognps_random_slope"
"5892","HPRT1","Mic P2RY12",0.654765599920531,6.1598725951458,3.25841997375212,0.0718938212163497,0.481701677783777,0.572274865842081,"cognps_random_slope"
"5893","MIR503HG","Mic P2RY12",-0.770942209777575,6.00614003999339,2.67357163812875,0.102901767558535,0.544411534197285,0.629390537368977,"cognps_random_slope"
"5894","PLAC1","Mic P2RY12",-3.62352667277095,2.92123057883921,14.9489375903421,0.000131071868104837,0.0270229862226603,0.041041878700327,"cognps_random_slope"
"5895","FAM122B","Mic P2RY12",0.220583591724518,5.17805571048652,0.440984418840758,0.507073220159695,0.891301972336335,0.925998040698827,"cognps_random_slope"
"5896","FAM122C","Mic P2RY12",-0.48285514132004,4.39529945208813,0.843790392242314,0.358930628984585,0.806997823664322,0.858356583812229,"cognps_random_slope"
"5897","MOSPD1","Mic P2RY12",-0.157712572531454,3.46788103554605,0.065070244862623,0.798800408748728,0.992143902613387,0.999791880761836,"cognps_random_slope"
"5898","RTL8C","Mic P2RY12",0.113346076869746,4.51308123013534,0.0498447244161963,0.823460445219442,0.996765732669654,0.999791880761836,"cognps_random_slope"
"5899","RTL8A","Mic P2RY12",-0.371874413543084,3.84906864577717,0.377126748297088,0.554604461982664,0.915359234893125,0.94331516081776,"cognps_random_slope"
"5900","ZNF75D","Mic P2RY12",-0.132663398985743,6.21833252938356,0.17185680155956,0.678714022709529,0.963092611004913,0.980181131380842,"cognps_random_slope"
"5901","ZNF449","Mic P2RY12",0.158931468823079,4.36858920504478,0.0976116295372557,0.894587477577184,0.999765323016076,0.999791880761836,"cognps_random_slope"
"5902","INTS6L","Mic P2RY12",0.164697688736299,6.17732683969411,0.341319304998909,0.676198023897742,0.962810601943974,0.980067760574701,"cognps_random_slope"
"5903","SAGE1","Mic P2RY12",-7.80174499108506,2.37446073624709,29.4994847846527,1.03211062487857e-07,0.000345782862099943,0.000581723350947184,"cognps_random_slope"
"5904","MMGT1","Mic P2RY12",0.118545159997628,3.45201087837754,0.0308055780929658,0.860773626098958,0.999765323016076,0.999791880761836,"cognps_random_slope"
"5905","SLC9A6","Mic P2RY12",-0.0566496061013333,5.27830755230654,0.0299505649671452,0.977644833263877,0.999765323016076,0.999791880761836,"cognps_random_slope"
"5906","FHL1","Mic P2RY12",1.02264484322019,3.40689370151351,1.78783520423807,0.182035277218315,0.657534973046535,0.729889000517839,"cognps_random_slope"
"5907","MAP7D3","Mic P2RY12",-0.377661128764349,4.54136546358212,0.778360649176496,0.378232291112049,0.816948804422055,0.867913180979252,"cognps_random_slope"
"5908","HTATSF1","Mic P2RY12",0.0204910729970493,3.99719023412057,0.00169319127242423,0.967200420023594,0.999765323016076,0.999791880761836,"cognps_random_slope"
"5909","ARHGEF6","Mic P2RY12",-0.453061466970245,7.77060017708732,3.14105102624194,0.0771911725866328,0.493059534715665,0.580091661988545,"cognps_random_slope"
"5910","AL683813.1","Mic P2RY12",-0.108019638197586,4.9144094542176,0.0547293851837836,0.815162252115323,0.994957963721761,0.999791880761836,"cognps_random_slope"
"5911","RBMX","Mic P2RY12",-0.339074382584422,7.16223441641042,2.10352677912274,0.147831414430115,0.614601080746597,0.691886074221781,"cognps_random_slope"
"5912","FGF13","Mic P2RY12",0.800673182262219,4.02210237092889,0.703023156559334,0.4023266718868,0.83011235257198,0.878324277882048,"cognps_random_slope"
"5913","MCF2","Mic P2RY12",0.111828135474678,4.80381301930048,0.0340303028503873,0.853746354243575,0.999765323016076,0.999791880761836,"cognps_random_slope"
"5914","ATP11C","Mic P2RY12",-0.0204674541693711,7.48102570061618,0.00426238308049273,0.947981825761733,0.999765323016076,0.999791880761836,"cognps_random_slope"
"5915","LINC00632","Mic P2RY12",2.4894028546437,4.20311155666891,9.55093936483814,0.00215423454005656,0.0985286589464096,0.140673503820293,"cognps_random_slope"
"5916","AL078639.1","Mic P2RY12",0.0132073418194264,3.27720403029665,0.000458877712411559,0.982921358120424,0.999765323016076,0.999791880761836,"cognps_random_slope"
"5917","SLITRK4","Mic P2RY12",3.14814143240091,3.15458644140249,10.4573704785613,0.00133468831335379,0.0787936479614721,0.111446474165042,"cognps_random_slope"
"5918","FMR1","Mic P2RY12",-0.0577662716268747,5.59998260613285,0.0323873777962307,0.978873884644964,0.999765323016076,0.999791880761836,"cognps_random_slope"
"5919","IDS","Mic P2RY12",0.216847315629066,6.07240139730357,0.414145611310664,0.520282979859182,0.897684075330617,0.930596097073457,"cognps_random_slope"
"5920","LINC00893","Mic P2RY12",0.302260922854839,3.40689936972718,0.148445970776774,0.700252670515484,0.970031635060782,0.98526570223945,"cognps_random_slope"
"5921","TMEM185A","Mic P2RY12",0.153077662089362,4.35367418193544,0.11166481805991,0.738451448003574,0.980436558830992,0.994247512606934,"cognps_random_slope"
"5922","LINC00894","Mic P2RY12",0.547592071712459,6.75670400462271,3.26522813430404,0.0715988061665817,0.481432815573689,0.572003928074268,"cognps_random_slope"
"5923","MAMLD1","Mic P2RY12",-0.265104292223008,2.76193107810631,0.0398346980270997,0.841916931805185,0.999765323016076,0.999791880761836,"cognps_random_slope"
"5924","MTM1","Mic P2RY12",-0.377882958566577,6.30579690740411,1.46969625045982,0.226189453371298,0.706583534051226,0.769637329131246,"cognps_random_slope"
"5925","MTMR1","Mic P2RY12",0.1293907721029,6.10524085861414,0.171662006826287,0.861551223334481,0.999765323016076,0.999791880761836,"cognps_random_slope"
"5926","CD99L2","Mic P2RY12",-0.0288427707921024,5.49200577518756,0.00708199738031554,0.946100068791941,0.999765323016076,0.999791880761836,"cognps_random_slope"
"5927","VMA21","Mic P2RY12",-0.601756688605165,4.13966365256408,1.51112336711402,0.219771433882038,0.700641380490504,0.765654809224497,"cognps_random_slope"
"5928","GABRA3","Mic P2RY12",0.835067031921765,3.41650834254243,1.23715067050749,0.266763865192204,0.741681028514673,0.800504637396278,"cognps_random_slope"
"5929","NSDHL","Mic P2RY12",1.08459742369069,3.15780890468607,1.9638874003494,0.161960569036837,0.631954626631818,0.70895413987356,"cognps_random_slope"
"5930","ZNF185","Mic P2RY12",0.107290089744894,3.71779626292372,0.0223774061990168,0.881171325700151,0.999765323016076,0.999791880761836,"cognps_random_slope"
"5931","PNMA5","Mic P2RY12",0.139413398473168,3.46633272897027,0.0366544612828306,0.848278316551304,0.999765323016076,0.999791880761836,"cognps_random_slope"
"5932","PNMA3","Mic P2RY12",0.700999903754155,3.24963308402552,0.652242367647654,0.419845961072197,0.841798121403394,0.887353154831496,"cognps_random_slope"
"5933","ATP2B3","Mic P2RY12",1.704534134767,2.87035808725645,3.63942373821859,0.0572227052943401,0.444138591478326,0.537589159489503,"cognps_random_slope"
"5934","CCNQ","Mic P2RY12",-0.229222887756918,3.41365516702274,0.121931086961337,0.727153800144481,0.977594945023934,0.992716167586774,"cognps_random_slope"
"5935","PNCK","Mic P2RY12",2.16078887760867,3.44169517106256,7.26808815424769,0.00734894169573885,0.170008734593119,0.235009773802032,"cognps_random_slope"
"5936","SLC6A8","Mic P2RY12",0.249199388157793,3.05810388590064,0.0768253578916419,0.781805848622237,0.990020960532974,0.999508397105588,"cognps_random_slope"
"5937","BCAP31","Mic P2RY12",-0.450050316617226,5.46601282665724,1.43992385866553,0.230941564179835,0.712506243602821,0.774627686355468,"cognps_random_slope"
"5938","ABCD1","Mic P2RY12",-0.380611324219951,3.82680876712429,0.379947468794426,0.538021327327504,0.90829224080573,0.937814351677639,"cognps_random_slope"
"5939","IDH3G","Mic P2RY12",0.118891974489064,4.2486614101798,0.057953660771328,0.979264496388973,0.999765323016076,0.999791880761836,"cognps_random_slope"
"5940","SSR4","Mic P2RY12",-0.447370880540593,3.83619736690866,0.458830807343288,0.498606417621902,0.88802399669729,0.922636013471741,"cognps_random_slope"
"5941","PDZD4","Mic P2RY12",-0.0455667236922609,3.10653079876403,0.00329059192374945,0.96041952821588,0.999765323016076,0.999791880761836,"cognps_random_slope"
"5942","ARHGAP4","Mic P2RY12",0.267016681385531,6.46232261062053,0.452599133368306,0.501535287844729,0.889628842223565,0.924198481408281,"cognps_random_slope"
"5943","RENBP","Mic P2RY12",0.492148275841215,5.65200334161921,1.18985478366195,0.276089146239725,0.747595304395617,0.807469550139811,"cognps_random_slope"
"5944","HCFC1","Mic P2RY12",0.0749429397381412,4.47916990037946,0.0264033023938458,0.87101053145598,0.999765323016076,0.999791880761836,"cognps_random_slope"
"5945","TMEM187","Mic P2RY12",1.44726141783591,3.20812748324329,3.48722038379032,0.062657631088954,0.459089619586152,0.550512974629956,"cognps_random_slope"
"5946","IRAK1","Mic P2RY12",-0.313126193361809,5.42691592200579,0.808849970201774,0.369062266444434,0.812104761618872,0.863302427577273,"cognps_random_slope"
"5947","MECP2","Mic P2RY12",-0.0166267777526927,6.8812640981697,0.00427685532219724,0.994789370731229,0.999765323016076,0.999791880761836,"cognps_random_slope"
"5948","FLNA","Mic P2RY12",0.237539644679385,2.8434111636471,0.0374861122162056,0.846587986190945,0.999765323016076,0.999791880761836,"cognps_random_slope"
"5949","EMD","Mic P2RY12",-0.737100505661967,4.29612339970559,1.90715281492066,0.228220552068371,0.709931202012126,0.772447385947939,"cognps_random_slope"
"5950","RPL10","Mic P2RY12",-0.878137907242691,6.76219782733618,3.83099885687085,0.0510861211929244,0.424166734886233,0.516705519198959,"cognps_random_slope"
"5951","DNASE1L1","Mic P2RY12",-0.980362177711811,4.35506022563589,4.4990159845133,0.034598092419595,0.354471740454887,0.447512331382541,"cognps_random_slope"
"5952","TAZ","Mic P2RY12",0.174849063672808,6.05498259059422,0.35435040785308,0.552035130271334,0.913978802120414,0.941994551314504,"cognps_random_slope"
"5953","AC244090.1","Mic P2RY12",-0.745392317939644,3.18591495511926,0.861915077203741,0.353826014002674,0.802304976928905,0.853930732160738,"cognps_random_slope"
"5954","ATP6AP1","Mic P2RY12",-0.137435782560204,5.66009495944251,0.15587834733194,0.693213977838343,0.968398542864556,0.984696956150552,"cognps_random_slope"
"5955","GDI1","Mic P2RY12",-0.00910117080674096,5.87844318852684,0.000953243221696875,0.975386644008848,0.999765323016076,0.999791880761836,"cognps_random_slope"
"5956","FAM50A","Mic P2RY12",-0.231357816793286,5.22859676940292,0.371626649284672,0.542503893264283,0.910123298286075,0.939148122050431,"cognps_random_slope"
"5957","PLXNA3","Mic P2RY12",-0.185586832499964,4.55542365417145,0.145177095565646,0.703412560845299,0.97172603554691,0.986586063650533,"cognps_random_slope"
"5958","LAGE3","Mic P2RY12",0.469679060985544,3.23897809237465,0.358366625454085,0.549791635767615,0.912109390218929,0.940256030616682,"cognps_random_slope"
"5959","UBL4A","Mic P2RY12",-1.96405355870742,3.15334744521781,6.86716069695406,0.00915168891067125,0.191181134368775,0.262039569451108,"cognps_random_slope"
"5960","SLC10A3","Mic P2RY12",-0.187269207473829,2.76396628165447,0.0442427943874874,0.833521663539613,0.999366959106503,0.999791880761836,"cognps_random_slope"
"5961","FAM3A","Mic P2RY12",-1.09537621255706,4.14096974792228,5.6814870187676,0.0176631508543221,0.261551253700299,0.345732632201654,"cognps_random_slope"
"5962","G6PD","Mic P2RY12",-1.06914882748946,3.96545102799418,4.29848847116432,0.0388578472343792,0.376420613065208,0.470737578930732,"cognps_random_slope"
"5963","IKBKG","Mic P2RY12",0.56354695620157,4.17952232724201,1.24288437015163,0.272623676092534,0.745445803573974,0.804911049961521,"cognps_random_slope"
"5964","GAB3","Mic P2RY12",-0.368395091001814,7.6050956062823,2.32864650895385,0.127891222379742,0.588279080112865,0.665657920588163,"cognps_random_slope"
"5965","DKC1","Mic P2RY12",-0.421591800706457,4.87212347842192,1.10564306819888,0.293737040275947,0.758598974125644,0.819084232507956,"cognps_random_slope"
"5966","MPP1","Mic P2RY12",-0.166983509011136,5.20489555067321,0.135972239810564,0.712535428675666,0.974853218956876,0.989761033498679,"cognps_random_slope"
"5967","F8","Mic P2RY12",-0.276285510393764,3.92954644752244,0.258045990188751,0.892226633852497,0.999765323016076,0.999791880761836,"cognps_random_slope"
"5968","F8A1","Mic P2RY12",0.807787548125409,3.03979164828963,0.899183143976523,0.343637590043228,0.794371306383771,0.846238063082968,"cognps_random_slope"
"5969","FUNDC2","Mic P2RY12",-0.531054036930062,3.94417862531727,1.10764893678376,0.293300219744211,0.758347722321468,0.818879684722381,"cognps_random_slope"
"5970","MTCP1","Mic P2RY12",0.25887679970818,3.05906236230358,0.0718091448678098,0.788874285251527,0.990886185623222,0.999791880761836,"cognps_random_slope"
"5971","BRCC3","Mic P2RY12",-0.015765373342875,5.44801860545804,0.00293746220246068,0.956807222739285,0.999765323016076,0.999791880761836,"cognps_random_slope"
"5972","VBP1","Mic P2RY12",-0.0241883462377192,3.84667815041954,0.00230458906583128,0.961738001118076,0.999765323016076,0.999791880761836,"cognps_random_slope"
"5973","RAB39B","Mic P2RY12",0.478637792655123,2.65415325009883,0.2321950619081,0.74848422477952,0.982244103840787,0.994674014762625,"cognps_random_slope"
"5974","CLIC2","Mic P2RY12",-0.149969607551247,5.3027455343522,0.0431697841440259,0.835523515568489,0.999366959106503,0.999791880761836,"cognps_random_slope"
"5975","TMLHE-AS1","Mic P2RY12",0.43229856988599,4.71951175150519,0.547200941045031,0.459946247074249,0.866792533233255,0.907242372423074,"cognps_random_slope"
"5976","TMLHE","Mic P2RY12",-0.333428715174464,6.72523930434625,1.71218368970797,0.191537915230479,0.669079388045129,0.738884345436085,"cognps_random_slope"
"5977","VAMP7","Mic P2RY12",0.204885099358917,4.93017993094738,0.345330915594218,0.710439015879414,0.973488894113894,0.988890731326174,"cognps_random_slope"
"5978","ZNF596","Mic P2RY12",0.558462541823826,4.13049467422574,1.04775723846663,0.306712218806875,0.767122388557955,0.826494134576651,"cognps_random_slope"
"5979","AC136777.1","Mic P2RY12",-0.480248085785378,3.15248918767114,0.275001272974611,0.600319507463388,0.936283425111275,0.959054741582592,"cognps_random_slope"
"5980","FBXO25","Mic P2RY12",-0.160987269589281,5.26275718735888,0.197858259200648,0.709233749819163,0.973385516429582,0.98859098715405,"cognps_random_slope"
"5981","ERICH1","Mic P2RY12",-0.207970543477268,7.91536822692967,0.348845873752762,0.55513816205081,0.915746025469286,0.94344806184778,"cognps_random_slope"
"5982","DLGAP2","Mic P2RY12",-0.471798825618427,6.117466130636,0.279763283930034,0.597182705958419,0.935567622463031,0.958118709495627,"cognps_random_slope"
"5983","AC100810.1","Mic P2RY12",-0.172800150150269,3.63279679068333,0.0610070653958176,0.805052193576732,0.993231645669267,0.999791880761836,"cognps_random_slope"
"5984","AC019257.8","Mic P2RY12",0.718495349002986,3.28175858219556,0.736998330974542,0.39119593260179,0.824692295940985,0.873987583960322,"cognps_random_slope"
"5985","KBTBD11","Mic P2RY12",2.12163198059384,3.44334525103837,5.55244741150089,0.0189906694810921,0.270677362767376,0.356787202876018,"cognps_random_slope"
"5986","MYOM2","Mic P2RY12",0.860042233860038,2.86798821576257,0.802705113356577,0.370885117147317,0.812104761618872,0.863532460737016,"cognps_random_slope"
"5987","AC246817.1","Mic P2RY12",-2.194635825162,3.40083110327608,3.2818505326267,0.0708839750278936,0.481432815573689,0.571978509732139,"cognps_random_slope"
"5988","CSMD1","Mic P2RY12",0.920502885672083,6.9901588573861,2.53903430275916,0.111941181426016,0.564168398755187,0.64710613724347,"cognps_random_slope"
"5989","MCPH1","Mic P2RY12",-0.140369698048535,7.68554700144605,0.364857902026072,0.790765199795646,0.990886185623222,0.999791880761836,"cognps_random_slope"
"5990","ANGPT2","Mic P2RY12",-0.473204613513775,4.15260617695308,0.394753521116977,0.530210073372335,0.904944353208276,0.934933018305333,"cognps_random_slope"
"5991","MCPH1-AS1","Mic P2RY12",1.08717500899816,5.14322781553139,6.64592386489222,0.0103355583137702,0.202083971870546,0.275102127127034,"cognps_random_slope"
"5992","AGPAT5","Mic P2RY12",-0.801551845079653,6.31840961818978,4.36151185655716,0.0374625598462473,0.368708984399272,0.462989931210534,"cognps_random_slope"
"5993","FAM85B","Mic P2RY12",0.0663259176577916,5.87455619928394,0.0233152378647333,0.878725792974035,0.999765323016076,0.999791880761836,"cognps_random_slope"
"5994","PRAG1","Mic P2RY12",0.342282025795531,6.06275718253622,0.776327626085858,0.378855106217963,0.817109915520936,0.868092551741806,"cognps_random_slope"
"5995","MFHAS1","Mic P2RY12",-0.387925685437468,5.58796311479864,0.749008601103061,0.387367256817173,0.822968838616234,0.872202897976556,"cognps_random_slope"
"5996","ERI1","Mic P2RY12",0.0868408412198928,5.44023448053051,0.0456337696626967,0.830963973016843,0.999278422244518,0.999791880761836,"cognps_random_slope"
"5997","PPP1R3B","Mic P2RY12",-0.596741371024977,5.01680312425408,0.681292644824909,0.409689149280442,0.835916117367342,0.882780335122261,"cognps_random_slope"
"5998","AC022784.6","Mic P2RY12",-1.50328311806066,3.53431678032839,2.08632475870695,0.149493900673883,0.616231240520055,0.693628316668591,"cognps_random_slope"
"5999","TNKS","Mic P2RY12",0.0391746917767675,7.55644586022984,0.0406012769363568,0.840423439787693,0.999765323016076,0.999791880761836,"cognps_random_slope"
"6000","LINC00599","Mic P2RY12",1.2176379984636,3.91956287334779,3.3888292486198,0.0664631316211653,0.469213223209642,0.560515038951995,"cognps_random_slope"
"6001","MSRA","Mic P2RY12",0.00298206472137324,7.69234763539762,0.000155394645193825,0.990060949408594,0.999765323016076,0.999791880761836,"cognps_random_slope"
"6002","AC104964.1","Mic P2RY12",0.475288695225889,3.0541635694018,0.304221203759602,0.581590671203387,0.927859733775962,0.9522571873954,"cognps_random_slope"
"6003","PINX1","Mic P2RY12",-0.892730914481436,2.95185753340401,1.0990842868468,0.295171195604637,0.759813521378743,0.820445642326043,"cognps_random_slope"
"6004","XKR6","Mic P2RY12",0.559405437838544,8.05532758904781,3.36334783774272,0.067488577017357,0.472032578606264,0.562695994399524,"cognps_random_slope"
"6005","MTMR9","Mic P2RY12",-0.271219011451245,6.16461420368236,1.13207480119249,0.288047095848007,0.754255972880221,0.814647163364235,"cognps_random_slope"
"6006","NEIL2","Mic P2RY12",-0.000836524826857424,4.57757084715504,2.31806173843073e-07,0.999616115446042,0.999765323016076,0.999793501740429,"cognps_random_slope"
"6007","FDFT1","Mic P2RY12",0.547523440924242,6.04001566124792,1.83981612816125,0.175823420193392,0.647510406903723,0.722843690915514,"cognps_random_slope"
"6008","CTSB","Mic P2RY12",-0.113168501607593,9.15393342078096,0.0908836391074687,0.763231024366709,0.984139674089917,0.996096214338034,"cognps_random_slope"
"6009","FAM66D","Mic P2RY12",2.29180160527871,4.17241138784714,10.4301657365413,0.00135392286405425,0.0790235064629936,0.112004254025623,"cognps_random_slope"
"6010","AC145124.1","Mic P2RY12",-0.628516099228579,2.91630302856761,0.49762943282767,0.481000247757294,0.880825952472739,0.916739510069731,"cognps_random_slope"
"6011","LONRF1","Mic P2RY12",0.663559337992213,4.41160787388297,1.07948642658826,0.299510506591098,0.762414699475663,0.822521252696221,"cognps_random_slope"
"6012","TRMT9B","Mic P2RY12",2.76125484111646,2.956080799304,8.6593971335304,0.00346487437080438,0.120604627125064,0.173205305298858,"cognps_random_slope"
"6013","DLC1","Mic P2RY12",0.0579683518567467,4.46424282849695,0.012095696672194,0.912486235161402,0.999765323016076,0.999791880761836,"cognps_random_slope"
"6014","SGCZ","Mic P2RY12",1.21905652199194,4.19939580047478,3.04029809862978,0.0820755207798578,0.505420462602119,0.593030725533821,"cognps_random_slope"
"6015","TUSC3","Mic P2RY12",1.97175970651981,3.27924105459442,5.33340881963552,0.0214864269613282,0.287766056192839,0.375590431167857,"cognps_random_slope"
"6016","MSR1","Mic P2RY12",-1.38987814355374,8.64754427260727,4.64454945958277,0.0318155479537604,0.344951584246232,0.436568185403243,"cognps_random_slope"
"6017","AC011586.1","Mic P2RY12",-2.54967776900959,2.51193000953974,1.54541139271047,0.214626226050746,0.695693124263304,0.760983634181297,"cognps_random_slope"
"6018","AC068992.1","Mic P2RY12",-6.31442534208214,6.48306865061261,8.01564660638674,0.00489824663620405,0.143635455518097,0.200419184053031,"cognps_random_slope"
"6019","FGF20","Mic P2RY12",-0.500891375746141,5.60138265020354,0.782364555970122,0.377009917888928,0.81673293075162,0.867669313883818,"cognps_random_slope"
"6020","MICU3","Mic P2RY12",-0.332886058124667,7.20938290525171,2.12052978535971,0.146208721925659,0.612508854637727,0.69034513399768,"cognps_random_slope"
"6021","AC079193.2","Mic P2RY12",-1.16867066797241,3.89473604037654,4.0753199889568,0.0442557602663833,0.398437123319743,0.492235156926348,"cognps_random_slope"
"6022","ZDHHC2","Mic P2RY12",-0.434247750648876,6.49921039615059,1.46135243684347,0.227509248180063,0.70837626274652,0.771423672765756,"cognps_random_slope"
"6023","CNOT7","Mic P2RY12",-0.114229209111214,5.3385649678842,0.115214815317178,0.734481635159282,0.979045821929813,0.993513437611209,"cognps_random_slope"
"6024","VPS37A","Mic P2RY12",-0.259559101565804,5.82331647181571,0.62093472210072,0.431219225125821,0.849069767251121,0.892321012433377,"cognps_random_slope"
"6025","MTMR7","Mic P2RY12",2.25145580066243,3.01616276218985,5.80561276568527,0.0164768458094921,0.252167185531587,0.334797904504991,"cognps_random_slope"
"6026","MTUS1","Mic P2RY12",-0.31338767145604,7.88998175828492,1.44588372271761,0.229980701671779,0.711607338513857,0.773636961980045,"cognps_random_slope"
"6027","AC027117.2","Mic P2RY12",-0.201432299256326,4.57990936409315,0.119040858808109,0.730278792549023,0.977935907494009,0.992754357816929,"cognps_random_slope"
"6028","FGL1","Mic P2RY12",2.49881445811383,5.02653489284544,5.93672820529256,0.0153130447183876,0.24488080223283,0.325998671554341,"cognps_random_slope"
"6029","AC087273.2","Mic P2RY12",0.751996391734516,4.3904469171657,1.09843373040885,0.295313937265826,0.759889030971455,0.820464420393164,"cognps_random_slope"
"6030","PCM1","Mic P2RY12",-0.202348646757378,8.64969972721497,0.910466106537653,0.340631693739933,0.792400509359127,0.845512643098497,"cognps_random_slope"
"6031","ASAH1","Mic P2RY12",-0.216126024584462,7.75537280590078,0.273144254649358,0.6015521446316,0.936283425111275,0.959054741582592,"cognps_random_slope"
"6032","NAT1","Mic P2RY12",0.827939497711939,2.98250124712636,0.879810988183354,0.348882958906022,0.79811890274831,0.849596706473997,"cognps_random_slope"
"6033","PSD3","Mic P2RY12",0.341341521178462,7.22825357014003,0.860880542386569,0.354114686511138,0.802416454842029,0.85403461782131,"cognps_random_slope"
"6034","AC100849.1","Mic P2RY12",-5.58282199846855,4.61671723342991,24.2984590218876,1.26199709758428e-06,0.0021026795388741,0.00353741587970424,"cognps_random_slope"
"6035","SH2D4A","Mic P2RY12",-1.38427667277109,5.06813488276937,3.33370315707017,0.068702983828426,0.476194434061847,0.566910088266855,"cognps_random_slope"
"6036","CSGALNACT1","Mic P2RY12",-0.985323808147699,10.2439863273717,2.98994133492037,0.0846413509957841,0.507436631269051,0.595023155035844,"cognps_random_slope"
"6037","INTS10","Mic P2RY12",-0.527558858303772,7.6256550496388,3.4267908512016,0.0649663221673089,0.466566818523101,0.557967898385516,"cognps_random_slope"
"6038","LPL","Mic P2RY12",-3.20258649582905,4.13632658632194,8.41354921688577,0.0039533756193653,0.129533463753336,0.18377083162596,"cognps_random_slope"
"6039","SLC18A1","Mic P2RY12",0.226077389565753,3.01621538145379,0.0231510250652889,0.879150317810262,0.999765323016076,0.999791880761836,"cognps_random_slope"
"6040","ATP6V1B2","Mic P2RY12",-0.738511576139367,7.048300785616,6.33298390800304,0.0122857444493705,0.220108638189859,0.293075215732214,"cognps_random_slope"
"6041","LZTS1","Mic P2RY12",1.7230744637527,2.48795420769446,2.40557633203669,0.12178313738154,0.580995309380569,0.660503517595267,"cognps_random_slope"
"6042","GFRA2","Mic P2RY12",1.15508685442199,2.71247976658891,1.32997178348812,0.249576145266085,0.729301365236868,0.789201257695949,"cognps_random_slope"
"6043","XPO7","Mic P2RY12",-0.447602982818663,6.24945257545673,3.02629681794961,0.0827803540945784,0.505420462602119,0.593030725533821,"cognps_random_slope"
"6044","FGF17","Mic P2RY12",0.47563764817373,3.05993906822771,0.280799067402128,0.596504951090176,0.93511989159524,0.95808998326772,"cognps_random_slope"
"6045","DMTN","Mic P2RY12",0.991608659922063,3.73921819475307,1.82574330007333,0.17748056657259,0.649131297117705,0.723824054518638,"cognps_random_slope"
"6046","FAM160B2","Mic P2RY12",0.493742076581392,5.41946843411817,2.14312510811266,0.144083425672287,0.609827374658516,0.68699278012833,"cognps_random_slope"
"6047","REEP4","Mic P2RY12",0.407866000444338,4.85592617386552,0.995443285686563,0.319086452652038,0.774041290465206,0.831845984625369,"cognps_random_slope"
"6048","LGI3","Mic P2RY12",1.54816505183197,3.09942905443094,3.27949064528013,0.0709849903840933,0.481432815573689,0.571978509732139,"cognps_random_slope"
"6049","BMP1","Mic P2RY12",0.00854247554651967,3.94165212565093,0.000295131497112165,0.986303029677314,0.999765323016076,0.999791880761836,"cognps_random_slope"
"6050","PHYHIP","Mic P2RY12",0.776166481271976,4.74441224996349,1.68230634161744,0.195449776221163,0.674402119521831,0.742537130510701,"cognps_random_slope"
"6051","POLR3D","Mic P2RY12",0.0179547851057614,3.64766421573884,0.00105238187155799,0.99920388681683,0.999765323016076,0.999791880761836,"cognps_random_slope"
"6052","SLC39A14","Mic P2RY12",-0.419275939393739,4.55699898981396,0.373291959164407,0.54160127790362,0.910093884035914,0.939148122050431,"cognps_random_slope"
"6053","PPP3CC","Mic P2RY12",-0.115649446254761,6.88605090298223,0.250871753507298,0.61676832689276,0.941379538575156,0.963917775753802,"cognps_random_slope"
"6054","AC037459.2","Mic P2RY12",-0.0892451695880331,3.73088518820706,0.0167194386939115,0.89718965503934,0.999765323016076,0.999791880761836,"cognps_random_slope"
"6055","SORBS3","Mic P2RY12",0.547168261270416,5.37474544477367,1.25421127820185,0.26349704243668,0.737498322498804,0.796999279104942,"cognps_random_slope"
"6056","CCAR2","Mic P2RY12",0.236151841275757,4.32257394308417,0.255341539250065,0.613648336350375,0.940399122416995,0.963142172997874,"cognps_random_slope"
"6057","BIN3","Mic P2RY12",0.098423775674694,5.46058125063579,0.0717970908786843,0.788891584755881,0.990886185623222,0.999791880761836,"cognps_random_slope"
"6058","EGR3","Mic P2RY12",0.0857084312791338,3.4331003813545,0.00313308818575972,0.955393607422794,0.999765323016076,0.999791880761836,"cognps_random_slope"
"6059","PEBP4","Mic P2RY12",0.0154557244523283,4.29501102141523,0.000342814702077482,0.985238075053077,0.999765323016076,0.999791880761836,"cognps_random_slope"
"6060","RHOBTB2","Mic P2RY12",-0.00186492701494118,4.72296014130235,5.79042117894702e-06,0.998081363012864,0.999765323016076,0.999791880761836,"cognps_random_slope"
"6061","TNFRSF10B","Mic P2RY12",-0.44945845014159,6.80285103027274,2.30981810941456,0.129437756432582,0.58959733988886,0.667163744575343,"cognps_random_slope"
"6062","TNFRSF10D","Mic P2RY12",-0.371370513304721,6.77519929889376,0.375005495003647,0.540675406528903,0.910005809466235,0.939001507742756,"cognps_random_slope"
"6063","TNFRSF10A","Mic P2RY12",0.438879234502038,4.91112244322957,0.824107444374623,0.364589881566817,0.811201893222134,0.861522953211489,"cognps_random_slope"
"6064","CHMP7","Mic P2RY12",-0.0697021071458276,4.05754584369797,0.0200872003265239,0.996021284897383,0.999765323016076,0.999791880761836,"cognps_random_slope"
"6065","R3HCC1","Mic P2RY12",-0.329127162568712,3.45139186634948,0.278212442015322,0.661137397906111,0.95617335088925,0.974186353565131,"cognps_random_slope"
"6066","LOXL2","Mic P2RY12",-0.147333160354262,3.78402217242729,0.0533769414377372,0.817419381090229,0.995084767910246,0.999791880761836,"cognps_random_slope"
"6067","ENTPD4","Mic P2RY12",-0.712733782718654,5.76720753248577,5.72905169614887,0.017198430018663,0.256397937909086,0.340159340533251,"cognps_random_slope"
"6068","SLC25A37","Mic P2RY12",-0.81990531778609,9.07423615998374,3.40006674835853,0.066016225584126,0.46833427160025,0.559524739020346,"cognps_random_slope"
"6069","ADAM28","Mic P2RY12",-0.337571889184633,9.84168766880438,1.18512012710857,0.277045089118543,0.747921281079291,0.808018309725428,"cognps_random_slope"
"6070","AC120193.1","Mic P2RY12",-1.28302593479859,7.09754636907195,2.82204405637746,0.0938463561981427,0.530200261134616,0.614333943230873,"cognps_random_slope"
"6071","NEFM","Mic P2RY12",0.484715799804226,4.59909872618283,0.362868965779177,0.547296810928003,0.911747270875649,0.940046630323137,"cognps_random_slope"
"6072","NEFL","Mic P2RY12",1.02034383688296,5.1491601374944,1.57137482604545,0.210821778896711,0.691217602212118,0.757325845319685,"cognps_random_slope"
"6073","DOCK5","Mic P2RY12",-0.892414085378132,8.13339225846491,3.78411649353634,0.0525201904325241,0.430779715700843,0.523388818398865,"cognps_random_slope"
"6074","KCTD9","Mic P2RY12",-0.407046114060518,4.8293158203419,1.04203422532722,0.308035036575104,0.767710159037189,0.827095076785596,"cognps_random_slope"
"6075","PPP2R2A","Mic P2RY12",-0.405073335233649,7.5510525745502,2.85166408998458,0.0921462378989937,0.527263763486086,0.611550466126821,"cognps_random_slope"
"6076","BNIP3L","Mic P2RY12",-0.730009356569395,7.73852665270284,1.56725890525997,0.211419148528025,0.691978341511965,0.758015079552612,"cognps_random_slope"
"6077","PNMA2","Mic P2RY12",1.71315227909578,4.43215695683576,5.7690328688666,0.0168176124586717,0.253546675396606,0.33617360706713,"cognps_random_slope"
"6078","DPYSL2","Mic P2RY12",-0.15898548603618,7.94664186437993,0.313917771202559,0.575634826571762,0.924900775009009,0.950322446996267,"cognps_random_slope"
"6079","STMN4","Mic P2RY12",0.926621025375972,4.02007413423704,1.28046769268708,0.258566081304941,0.733799859860673,0.794637250365552,"cognps_random_slope"
"6080","TRIM35","Mic P2RY12",-0.352293011254411,3.95664022903873,0.472379518694235,0.492337497731654,0.884735626300203,0.91961645963742,"cognps_random_slope"
"6081","PTK2B","Mic P2RY12",-0.700434481075353,7.26520502810886,3.58914617604642,0.0589601282206394,0.44989912477379,0.543094414862529,"cognps_random_slope"
"6082","CLU","Mic P2RY12",0.483933195086972,6.34567067971011,0.648308087195191,0.421250246540194,0.842889500934136,0.88795521245212,"cognps_random_slope"
"6083","CCDC25","Mic P2RY12",-0.13769886989656,4.27196438321794,0.0819761423367889,0.774801918050478,0.988006094248173,0.998208143973629,"cognps_random_slope"
"6084","ELP3","Mic P2RY12",-0.0168611886873349,6.54951759141688,0.00419045683176178,0.948421967836415,0.999765323016076,0.999791880761836,"cognps_random_slope"
"6085","ZNF395","Mic P2RY12",0.557613358055443,3.0192425426767,0.337099259745008,0.561872025673517,0.920494745238484,0.946741765232394,"cognps_random_slope"
"6086","FBXO16","Mic P2RY12",1.18313499893834,3.05899793246025,1.75113976742843,0.186574195270513,0.662501534398554,0.73395833752813,"cognps_random_slope"
"6087","FZD3","Mic P2RY12",2.97346525885815,3.6378292034634,16.1019372258582,7.3053590038065e-05,0.0211535042685755,0.0334520863003458,"cognps_random_slope"
"6088","EXTL3","Mic P2RY12",0.341126621032731,4.95201582758846,0.681690022371274,0.409552745535568,0.835916117367342,0.882737724701647,"cognps_random_slope"
"6089","INTS9","Mic P2RY12",0.262141509520832,6.00052818860455,0.919695773292108,0.338199152117796,0.790943473347887,0.844859240409862,"cognps_random_slope"
"6090","HMBOX1","Mic P2RY12",-0.281473758720793,7.74781402165647,1.61528482628025,0.204571983386751,0.685881698615423,0.751904213970972,"cognps_random_slope"
"6091","KIF13B","Mic P2RY12",-0.310489150771807,7.28650477651877,2.34517065273504,0.126550955971573,0.585960590257146,0.664147671947875,"cognps_random_slope"
"6092","AC108449.1","Mic P2RY12",-0.137412594983314,2.91869471072774,0.0233353592510726,0.878673880285577,0.999765323016076,0.999791880761836,"cognps_random_slope"
"6093","SARAF","Mic P2RY12",-0.5256790368986,7.31366818239008,2.24765400419623,0.134694441309819,0.597695433110225,0.675043375476584,"cognps_random_slope"
"6094","LEPROTL1","Mic P2RY12",-0.517050797027061,5.7634394233788,1.97601833772464,0.16067383810317,0.63106392274929,0.708390218253214,"cognps_random_slope"
"6095","AC026979.2","Mic P2RY12",-0.789241465634267,2.88416903472636,0.754957069363307,0.385490808165439,0.821336297323943,0.870877549352018,"cognps_random_slope"
"6096","DCTN6","Mic P2RY12",-0.102525877363855,3.89850103392054,0.0403352911536185,0.840939973029002,0.999765323016076,0.999791880761836,"cognps_random_slope"
"6097","RBPMS","Mic P2RY12",1.30059320735756,2.44366469831833,1.47835587121257,0.224829446846059,0.706318285902423,0.769637329131246,"cognps_random_slope"
"6098","GTF2E2","Mic P2RY12",0.395272854633616,5.77943871922324,2.00649868933005,0.157492035219417,0.627684752818112,0.70583482737168,"cognps_random_slope"
"6099","GSR","Mic P2RY12",-0.132963466716824,5.60846911213182,0.111762029558931,0.738341812506062,0.980436558830992,0.994247512606934,"cognps_random_slope"
"6100","UBXN8","Mic P2RY12",0.0992431843751071,3.3384999974741,0.0215617575550908,0.945543110386663,0.999765323016076,0.999791880761836,"cognps_random_slope"
"6101","PPP2CB","Mic P2RY12",-0.0922868148667543,6.30200528877642,0.0981437573612418,0.927601120025528,0.999765323016076,0.999791880761836,"cognps_random_slope"
"6102","PURG","Mic P2RY12",2.28999375172547,3.22490295550189,7.82093654213127,0.00544198384993629,0.151302957620324,0.209367791632788,"cognps_random_slope"
"6103","WRN","Mic P2RY12",-0.323093560987899,6.54650601327815,1.47679415970317,0.225073986832914,0.706539352904165,0.769637329131246,"cognps_random_slope"
"6104","NRG1","Mic P2RY12",2.00566204738508,4.74580794991423,9.78854661727702,0.00189938795674193,0.0942729555862913,0.135084231813082,"cognps_random_slope"
"6105","AC090204.1","Mic P2RY12",1.30101776575651,3.68720549175725,3.06554325804637,0.0808210420085411,0.5028239479835,0.59044406742792,"cognps_random_slope"
"6106","FUT10","Mic P2RY12",0.714166824787956,5.6462361341891,2.64086841376152,0.105022618654887,0.548384744933023,0.633725478917267,"cognps_random_slope"
"6107","TTI2","Mic P2RY12",-1.14252731613468,4.25857390223946,4.8664037113569,0.0280163050621828,0.323566513340549,0.416055289184935,"cognps_random_slope"
"6108","MAK16","Mic P2RY12",-1.08350081383846,3.49156807782071,2.40474470246681,0.121847403692952,0.581048777697984,0.660503517595267,"cognps_random_slope"
"6109","RNF122","Mic P2RY12",-0.311724660845304,4.65752540529003,0.242636814530278,0.622608712650657,0.944483646318178,0.965087403746349,"cognps_random_slope"
"6110","AF279873.3","Mic P2RY12",1.83526268868534,2.62164494852319,3.03259870208786,0.082462304596777,0.505420462602119,0.593030725533821,"cognps_random_slope"
"6111","UNC5D","Mic P2RY12",2.04181629536751,4.45718962748489,9.26066952086038,0.00251346402805666,0.106929941079325,0.15232808202295,"cognps_random_slope"
"6112","LINC01605","Mic P2RY12",-0.413228452590145,5.183307501127,0.280563941123211,0.596658663025268,0.93511989159524,0.95808998326772,"cognps_random_slope"
"6113","ZNF703","Mic P2RY12",-0.643598259211994,4.32153053644276,1.10299789807897,0.294314359307439,0.759358245875817,0.819782212822612,"cognps_random_slope"
"6114","ERLIN2","Mic P2RY12",-0.373265145142991,4.54960098776118,0.675506915274534,0.411682767142573,0.837298643569224,0.883939218145922,"cognps_random_slope"
"6115","PLPBP","Mic P2RY12",-0.0915549910228008,4.41382842240236,0.0430994996366963,0.83565554253749,0.999430604689416,0.999791880761836,"cognps_random_slope"
"6116","ADGRA2","Mic P2RY12",-0.122876165851138,2.8250442563565,0.0136908746654575,0.906919021669922,0.999765323016076,0.999791880761836,"cognps_random_slope"
"6117","RAB11FIP1","Mic P2RY12",0.561477158159471,4.99626034498743,1.6550167704519,0.199105045203812,0.677105813769094,0.745962233856748,"cognps_random_slope"
"6118","EIF4EBP1","Mic P2RY12",-0.159491994888886,4.60074179161048,0.0939135790509119,0.759436933812844,0.983190954097967,0.995414674993652,"cognps_random_slope"
"6119","ASH2L","Mic P2RY12",0.46807013660879,5.62053679842104,1.92497308895862,0.166168604811921,0.637222862646941,0.71475062731459,"cognps_random_slope"
"6120","LSM1","Mic P2RY12",-0.783253075291977,3.7736713542865,2.00744040557848,0.157394882932103,0.627618340130103,0.705817462559158,"cognps_random_slope"
"6121","BAG4","Mic P2RY12",0.0305208096791937,5.57482215190725,0.00954393445211844,0.922230448739313,0.999765323016076,0.999791880761836,"cognps_random_slope"
"6122","DDHD2","Mic P2RY12",-0.647242648264237,5.07730329807242,2.2610924390448,0.13353810002336,0.594133768280747,0.67186263446254,"cognps_random_slope"
"6123","PLPP5","Mic P2RY12",0.389552833625794,4.39470648482436,0.614693923393144,0.43354200035957,0.85099294905731,0.894179721772824,"cognps_random_slope"
"6124","NSD3","Mic P2RY12",-0.0290485414110869,7.58226435691428,0.0218799330406196,0.882489851795918,0.999765323016076,0.999791880761836,"cognps_random_slope"
"6125","FGFR1","Mic P2RY12",0.763170669726769,4.57812054256668,0.886151265298169,0.347154306935203,0.796066883511064,0.84730906678079,"cognps_random_slope"
"6126","TACC1","Mic P2RY12",0.156104138317859,7.9020876113843,0.484904883497312,0.486658777361555,0.881786963332351,0.91723721705446,"cognps_random_slope"
"6127","PLEKHA2","Mic P2RY12",-0.373230239429543,7.92485277755143,2.20884366300369,0.138097616014367,0.602185682399834,0.678608226205031,"cognps_random_slope"
"6128","HTRA4","Mic P2RY12",-1.19490958062845,2.96220865891586,1.93954106940858,0.16457876609453,0.636488914749871,0.71354390030792,"cognps_random_slope"
"6129","TM2D2","Mic P2RY12",0.358898840388401,3.58183166521142,0.293825256513031,0.950002796373693,0.999765323016076,0.999791880761836,"cognps_random_slope"
"6130","ADAM9","Mic P2RY12",-0.167607473295595,7.38640116854628,0.223261504612873,0.636852583345974,0.950271487556261,0.970198316669648,"cognps_random_slope"
"6131","ADAM32","Mic P2RY12",-0.0494456664069341,4.22071386505635,0.00647416449904981,0.935914421683349,0.999765323016076,0.999791880761836,"cognps_random_slope"
"6132","ZMAT4","Mic P2RY12",3.51806363057795,3.34375679621286,17.369816730814,3.85820408520033e-05,0.0152069979252263,0.024162003083567,"cognps_random_slope"
"6133","GOLGA7","Mic P2RY12",0.148195994543041,4.35282139504979,0.112472662130238,0.737541964276016,0.980436558830992,0.994247512606934,"cognps_random_slope"
"6134","AC009630.1","Mic P2RY12",-0.0186874762049719,3.05820336025698,0.000209928538925619,0.988447960637572,0.999765323016076,0.999791880761836,"cognps_random_slope"
"6135","GPAT4","Mic P2RY12",-0.148060149066944,5.67097101211199,0.165838234936669,0.684079583898438,0.96526547799949,0.981881584954527,"cognps_random_slope"
"6136","ANK1","Mic P2RY12",1.25855501618621,3.15261421918135,2.1372083676935,0.144636552741103,0.611152198969695,0.688336078719012,"cognps_random_slope"
"6137","AC113133.1","Mic P2RY12",1.26334925119738,3.71718439023194,1.60342454885914,0.206238165222049,0.68734087344956,0.753222004686716,"cognps_random_slope"
"6138","KAT6A","Mic P2RY12",-0.051790843607428,8.35752609348464,0.065528820514177,0.959820121066624,0.999765323016076,0.999791880761836,"cognps_random_slope"
"6139","AP3M2","Mic P2RY12",0.291666373207451,4.50825307261529,0.382986623014185,0.536400962972233,0.907124922871798,0.936945820888587,"cognps_random_slope"
"6140","PLAT","Mic P2RY12",0.312508487616075,4.40182374144025,0.107048881248332,0.743719646371676,0.982072175094771,0.994674014762625,"cognps_random_slope"
"6141","IKBKB","Mic P2RY12",0.330707498314831,7.66610056777987,2.37644643866745,0.124056889793848,0.582715170041132,0.66123352413604,"cognps_random_slope"
"6142","POLB","Mic P2RY12",0.208436358975248,6.13742800150884,0.167007204509868,0.683028649832706,0.964923775712428,0.981383016409302,"cognps_random_slope"
"6143","VDAC3","Mic P2RY12",0.298787247556246,5.52676543679675,0.622636722065644,0.536194210802508,0.907124922871798,0.936810708718851,"cognps_random_slope"
"6144","SLC20A2","Mic P2RY12",-0.436449875479407,6.95006760000456,2.43862918090981,0.119259162547264,0.576548354002842,0.656100004789667,"cognps_random_slope"
"6145","SMIM19","Mic P2RY12",0.342797440358208,4.52384861605665,0.488816632223603,0.756566398892526,0.983190954097967,0.995414674993652,"cognps_random_slope"
"6146","RNF170","Mic P2RY12",0.108147497130228,5.87321919595279,0.119062056630399,0.730255719087223,0.977935907494009,0.992754357816929,"cognps_random_slope"
"6147","HOOK3","Mic P2RY12",-0.234540664638979,7.40071626960869,0.937530301152436,0.333564511212801,0.786712075811818,0.842774414664914,"cognps_random_slope"
"6148","FNTA","Mic P2RY12",-0.309402925730994,4.86112792946808,0.689157804131699,0.407001730457491,0.833980151354869,0.881572971210828,"cognps_random_slope"
"6149","POMK","Mic P2RY12",0.449276206313553,4.59314687915227,0.954247467015977,0.329297134052031,0.782153650023265,0.839060113833977,"cognps_random_slope"
"6150","HGSNAT","Mic P2RY12",-0.110453651541676,6.87098302396274,0.0721342843723437,0.788408241255869,0.990886185623222,0.999791880761836,"cognps_random_slope"
"6151","SPIDR","Mic P2RY12",-0.0703976954159382,9.19687390298311,0.11344851775934,0.73644816426307,0.980110798745039,0.993965240743731,"cognps_random_slope"
"6152","CEBPD","Mic P2RY12",-0.778673345933974,7.7478102268101,0.958988967812479,0.328100042830839,0.781740405134397,0.838554421741862,"cognps_random_slope"
"6153","PRKDC","Mic P2RY12",-0.191804620165766,7.51765112242391,0.605735196659167,0.436909870903211,0.853502795914567,0.89575564178184,"cognps_random_slope"
"6154","MCM4","Mic P2RY12",0.449592119171059,2.93360816324948,0.24710424573877,0.619425244937583,0.942750449450147,0.964370018819472,"cognps_random_slope"
"6155","UBE2V2","Mic P2RY12",-0.0655967577554216,5.51789351255418,0.0444585096796935,0.993363064568902,0.999765323016076,0.999791880761836,"cognps_random_slope"
"6156","AC022568.1","Mic P2RY12",1.11672636548249,4.05596958250498,0.942813664203481,0.332207887245776,0.785551068746273,0.841814860959427,"cognps_random_slope"
"6157","SNTG1","Mic P2RY12",1.72000279771608,5.33471681643734,7.78492406147957,0.00554913923896808,0.15212006754199,0.210755373472033,"cognps_random_slope"
"6158","PXDNL","Mic P2RY12",0.0180252438951945,4.15686360870365,0.0010210699253464,0.974526314066593,0.999765323016076,0.999791880761836,"cognps_random_slope"
"6159","PCMTD1","Mic P2RY12",-0.0978674009319149,7.59662448735698,0.121051210726152,0.728100708270502,0.977594945023934,0.992716167586774,"cognps_random_slope"
"6160","AC064807.1","Mic P2RY12",-0.591395406327392,4.10017072348463,0.969733455497078,0.325408708335409,0.779689272376687,0.836807802550834,"cognps_random_slope"
"6161","ST18","Mic P2RY12",-0.949555448837264,5.25597119542793,1.54099108418793,0.215279412669401,0.696513618827293,0.761682599858182,"cognps_random_slope"
"6162","RB1CC1","Mic P2RY12",0.0362253180932057,7.19971237685202,0.0138241225138012,0.906469237404367,0.999765323016076,0.999791880761836,"cognps_random_slope"
"6163","ATP6V1H","Mic P2RY12",-0.247343848707328,6.93099883974694,1.21595026032178,0.270894253596726,0.744150591955715,0.804028506921564,"cognps_random_slope"
"6164","RGS20","Mic P2RY12",0.791537988469477,2.5472167944421,0.535720364217763,0.464688474396855,0.870301845113143,0.910128025318182,"cognps_random_slope"
"6165","TCEA1","Mic P2RY12",-0.187074740520333,5.76896114229055,0.481861505440202,0.657953321490348,0.955612931885691,0.973592644066785,"cognps_random_slope"
"6166","LYPLA1","Mic P2RY12",0.0262072575503358,6.8511831287112,0.0123214253349643,0.911676749937097,0.999765323016076,0.999791880761836,"cognps_random_slope"
"6167","MRPL15","Mic P2RY12",0.0463091533716857,3.72188548789885,0.00587949245052942,0.938922466759408,0.999765323016076,0.999791880761836,"cognps_random_slope"
"6168","XKR4","Mic P2RY12",2.26621176305312,3.92167986857194,10.2192462578527,0.00151295109003973,0.0846092447189252,0.120288401150734,"cognps_random_slope"
"6169","TMEM68","Mic P2RY12",0.070708209198924,4.94842592661182,0.0313526615445428,0.859555577943681,0.999765323016076,0.999791880761836,"cognps_random_slope"
"6170","TGS1","Mic P2RY12",0.0153583037839241,5.50017969968943,0.00282831788445945,0.957616480728168,0.999765323016076,0.999791880761836,"cognps_random_slope"
"6171","LYN","Mic P2RY12",-0.130173734736664,9.56453296379573,0.27059647535593,0.603252003141772,0.937399945965284,0.959944758335481,"cognps_random_slope"
"6172","RPS20","Mic P2RY12",-0.863662635039422,5.64740622838167,2.5057815757076,0.114308187366206,0.567770207151418,0.649688862805022,"cognps_random_slope"
"6173","PLAG1","Mic P2RY12",-0.126732707698961,6.63271497876464,0.169202683070374,0.681066404798761,0.963764980353924,0.980589311801902,"cognps_random_slope"
"6174","CHCHD7","Mic P2RY12",-0.246612322138311,5.74458734489152,0.214885515996931,0.64324526985548,0.951443629329721,0.970883120121208,"cognps_random_slope"
"6175","AC107952.2","Mic P2RY12",0.795619674267239,3.3816275271671,0.843840776186189,0.358916298857495,0.806997823664322,0.858356583812229,"cognps_random_slope"
"6176","LINC00968","Mic P2RY12",0.162862051595146,3.96509138554584,0.0686459098568664,0.793468636376859,0.991704028031233,0.999791880761836,"cognps_random_slope"
"6177","IMPAD1","Mic P2RY12",0.316525347076914,4.89891374407955,0.62248334571662,0.430645769701614,0.848902220187712,0.892230553950301,"cognps_random_slope"
"6178","AC090796.1","Mic P2RY12",-4.04740905615477,2.88734768325084,7.63772272228643,0.0060101180005247,0.154741440098952,0.213382850900519,"cognps_random_slope"
"6179","FAM110B","Mic P2RY12",-0.502684961399381,7.2333144201497,0.36540715429544,0.545899643293159,0.911260727425464,0.940041033146701,"cognps_random_slope"
"6180","AC027698.1","Mic P2RY12",-1.94567657496357,2.93250138735378,3.04612537236788,0.0817840914291366,0.504598807201593,0.592563934205185,"cognps_random_slope"
"6181","UBXN2B","Mic P2RY12",-0.848746904361205,7.10606031224336,1.95909661472989,0.162471974715913,0.632013623561088,0.709045813002373,"cognps_random_slope"
"6182","SDCBP","Mic P2RY12",-1.39642096965498,7.01009076097194,5.82104781389065,0.0163352114348047,0.251618584411284,0.334590889074822,"cognps_random_slope"
"6183","NSMAF","Mic P2RY12",-0.471149594942568,7.37166575042033,1.67865442533272,0.195934325973967,0.674402119521831,0.742720106116463,"cognps_random_slope"
"6184","TOX","Mic P2RY12",-0.238880899249667,4.37989859539093,0.113467213416159,0.736427260238373,0.980110798745039,0.993965240743731,"cognps_random_slope"
"6185","CA8","Mic P2RY12",-0.663917811695592,6.27370604235719,0.500434651891405,0.479767364643696,0.880549559893777,0.916263961146097,"cognps_random_slope"
"6186","LINC01301","Mic P2RY12",1.70415130096071,4.74804144600913,12.1899959266834,0.000540250117742104,0.0489181880260942,0.0742679201493643,"cognps_random_slope"
"6187","RAB2A","Mic P2RY12",0.112439967268266,8.13462997939026,0.470884545057389,0.4930226847846,0.884735626300203,0.919903672806468,"cognps_random_slope"
"6188","CHD7","Mic P2RY12",-0.143219590894672,8.79058401768831,0.40648207556691,0.52416618399306,0.900642733823573,0.932130958634337,"cognps_random_slope"
"6189","AC022182.1","Mic P2RY12",0.577992782460977,4.22640291973036,0.970385539082347,0.325246316139792,0.779487921950605,0.83663815163009,"cognps_random_slope"
"6190","AC022182.2","Mic P2RY12",0.924217934863609,3.02355923540858,1.07305545773946,0.300952341835584,0.762414699475663,0.823013995190349,"cognps_random_slope"
"6191","CLVS1","Mic P2RY12",-0.0180987577524022,3.74519876734859,0.000321287992010022,0.985709017644187,0.999765323016076,0.999791880761836,"cognps_random_slope"
"6192","ASPH","Mic P2RY12",-0.533071457484078,6.9989761186774,2.48018435929407,0.116168008744877,0.572130645053325,0.651818754891303,"cognps_random_slope"
"6193","NKAIN3","Mic P2RY12",0.728318060561394,3.30215880863641,0.874503371270864,0.350339090382291,0.799426324952662,0.851152769252035,"cognps_random_slope"
"6194","YTHDF3","Mic P2RY12",-0.31939387075105,6.53199905710381,1.60563998279806,0.205925714640619,0.687214537031122,0.753140282490449,"cognps_random_slope"
"6195","AC022639.1","Mic P2RY12",1.26867597678706,3.36731551856858,3.0609804103813,0.0810462317334462,0.503937109508405,0.59189740668304,"cognps_random_slope"
"6196","MIR124-2HG","Mic P2RY12",3.94647244520641,3.45915467613914,22.8636183376516,2.54054716326603e-06,0.00261891327191754,0.00440589506121789,"cognps_random_slope"
"6197","CYP7B1","Mic P2RY12",0.758318774902626,2.84264138116364,0.738828741773503,0.390608933677209,0.824692295940985,0.873794486130414,"cognps_random_slope"
"6198","ARMC1","Mic P2RY12",-0.248819349470161,4.99731950195193,0.537915539524225,0.59658074657337,0.93511989159524,0.95808998326772,"cognps_random_slope"
"6199","MTFR1","Mic P2RY12",-0.338132998745312,5.92448848760755,0.683521627030919,0.408924892770501,0.835687348505154,0.882626787103489,"cognps_random_slope"
"6200","PDE7A","Mic P2RY12",0.264098621881279,7.02412245004923,1.00290989671468,0.317280767563097,0.772390367344553,0.831061915487319,"cognps_random_slope"
"6201","ADHFE1","Mic P2RY12",0.717215741520657,4.24631821633488,1.14266369420855,0.285807147436124,0.753986392714568,0.814248375757658,"cognps_random_slope"
"6202","VXN","Mic P2RY12",1.58942333565297,3.51800560629451,5.04730723003494,0.0252704014271746,0.30926817308271,0.399804351000458,"cognps_random_slope"
"6203","VCPIP1","Mic P2RY12",-0.189406859122277,5.46004599582004,0.33882281240701,0.560874226745695,0.920002061148461,0.946258818399626,"cognps_random_slope"
"6204","SGK3","Mic P2RY12",-0.136966657285812,7.96842512873724,0.223724669390491,0.636503394014607,0.950145971078957,0.970073435736326,"cognps_random_slope"
"6205","MCMDC2","Mic P2RY12",2.39526430296733,3.48870646700785,10.6217604325384,0.00122422960424072,0.0745722769383174,0.105729831777795,"cognps_random_slope"
"6206","TCF24","Mic P2RY12",0.0635534080769247,3.09650992934332,0.00230115760948323,0.961766475230237,0.999765323016076,0.999791880761836,"cognps_random_slope"
"6207","PPP1R42","Mic P2RY12",0.44365051852487,2.61899479949016,0.200911079868661,0.738245984872909,0.980436558830992,0.994247512606934,"cognps_random_slope"
"6208","COPS5","Mic P2RY12",-0.81219302432165,3.36328376212814,1.52132980702345,0.21822391411233,0.698858707732693,0.764371725546982,"cognps_random_slope"
"6209","CSPP1","Mic P2RY12",0.0513350496219724,6.53580909416858,0.0339164433722206,0.853988463159007,0.999765323016076,0.999791880761836,"cognps_random_slope"
"6210","ARFGEF1","Mic P2RY12",-0.220501554881022,7.86355883006772,1.40888096799454,0.236025714741134,0.717034210514582,0.779510609678998,"cognps_random_slope"
"6211","CPA6","Mic P2RY12",-0.427205181352984,6.19372728262647,0.231891334729386,0.630417854216453,0.947854781146043,0.96794498691135,"cognps_random_slope"
"6212","AC022874.1","Mic P2RY12",1.52620122066437,2.41539336862289,1.17891548781874,0.278304159394067,0.748918655780509,0.809498465776539,"cognps_random_slope"
"6213","C8orf34","Mic P2RY12",0.857511993871806,3.38824320629139,1.3449582164316,0.246930843223228,0.727284377806276,0.787803854705654,"cognps_random_slope"
"6214","NCOA2","Mic P2RY12",-0.0246719073468559,8.69554313814663,0.0118194633757868,0.913487308988531,0.999765323016076,0.999791880761836,"cognps_random_slope"
"6215","TRAM1","Mic P2RY12",-0.707540981541941,6.00098262810578,4.51166659379566,0.034346377823481,0.353243138305809,0.446820016174483,"cognps_random_slope"
"6216","LACTB2-AS1","Mic P2RY12",1.00976479206437,2.74432688765771,0.984932046836864,0.321651457749696,0.775913203455183,0.833488976923152,"cognps_random_slope"
"6217","LACTB2","Mic P2RY12",-0.209324491894324,5.12725234100286,0.295845397714395,0.806910342145354,0.993352542948726,0.999791880761836,"cognps_random_slope"
"6218","XKR9","Mic P2RY12",0.699061040965575,3.19516634507453,0.547573495941634,0.459793649511944,0.866792533233255,0.907242372423074,"cognps_random_slope"
"6219","KCNB2","Mic P2RY12",2.31148078544531,3.58721337751058,8.24612867878828,0.00432586398825256,0.13640212542723,0.192360164921408,"cognps_random_slope"
"6220","TERF1","Mic P2RY12",0.2609352712409,5.37250351937158,0.621344969996045,0.680093076295553,0.963764980353924,0.980589311801902,"cognps_random_slope"
"6221","AC022893.1","Mic P2RY12",0.480490075884707,4.10141560444907,0.8123235981253,0.368037359037711,0.812104761618872,0.862758334302347,"cognps_random_slope"
"6222","RPL7","Mic P2RY12",-0.627424005128839,5.19176094062539,1.42336898829301,0.233636182133179,0.714667536353969,0.777350608942227,"cognps_random_slope"
"6223","STAU2","Mic P2RY12",-0.406565937641534,7.27003752748134,2.30728828842304,0.129647141050752,0.590149910740872,0.667766768819503,"cognps_random_slope"
"6224","AC027018.1","Mic P2RY12",-0.556091644976532,3.85307599247759,0.538402431643914,0.463573646248432,0.869388886193417,0.909403710200631,"cognps_random_slope"
"6225","AC022826.2","Mic P2RY12",1.49063095989236,3.70413035748868,2.63456988609099,0.105436583367765,0.549219481955669,0.63464517088928,"cognps_random_slope"
"6226","ELOC","Mic P2RY12",-0.618816101868301,5.25856211101687,2.10952429825225,0.147256720109981,0.613906387967251,0.691886074221781,"cognps_random_slope"
"6227","TMEM70","Mic P2RY12",-0.810410647623607,4.02797435888564,1.32375267769038,0.250684120297207,0.729501575487489,0.789201257695949,"cognps_random_slope"
"6228","LY96","Mic P2RY12",0.830250733298033,7.04071130947034,1.99488777290854,0.158695519357294,0.62919486831571,0.706937631044709,"cognps_random_slope"
"6229","AC087672.2","Mic P2RY12",0.384367953848326,5.34769456316753,0.320500749441793,0.571659958426706,0.924209325694903,0.94950678216445,"cognps_random_slope"
"6230","JPH1","Mic P2RY12",0.91246602691845,3.08508878982198,1.0736675501857,0.300814724011835,0.762414699475663,0.823013995190349,"cognps_random_slope"
"6231","GDAP1","Mic P2RY12",1.04093603252348,6.4694497827073,7.17225022149095,0.00774367232450839,0.174701940775651,0.241802067252135,"cognps_random_slope"
"6232","MIR2052HG","Mic P2RY12",1.59169094281233,4.81632457528662,4.98080793095078,0.026245582921919,0.313698892199015,0.40473852838495,"cognps_random_slope"
"6233","ZFHX4","Mic P2RY12",1.58056127174044,2.6805389834997,2.28348021483867,0.131636334284138,0.591965944879775,0.669314649624692,"cognps_random_slope"
"6234","PEX2","Mic P2RY12",0.223906347122887,5.17158915524159,0.328134861080164,0.567117384892578,0.922925953141032,0.948745471623017,"cognps_random_slope"
"6235","PKIA","Mic P2RY12",2.26246498111183,3.60846399257078,8.60335619671187,0.00357050743772558,0.122250110471703,0.175846160577295,"cognps_random_slope"
"6236","ZC2HC1A","Mic P2RY12",-0.193728892354018,5.24791209205933,0.22252380875701,0.637409663542864,0.950271487556261,0.970357720549608,"cognps_random_slope"
"6237","IL7","Mic P2RY12",-3.87498770882838,3.21469241489693,19.2231730481682,1.52894031851794e-05,0.0080952988123617,0.0136190218434963,"cognps_random_slope"
"6238","STMN2","Mic P2RY12",1.66396690897429,4.93046319469462,4.14352947583645,0.0425265829690088,0.391952364764571,0.484712746732206,"cognps_random_slope"
"6239","TPD52","Mic P2RY12",-0.391319437759775,5.49581001324762,0.443930040372245,0.505658847123565,0.891090914075268,0.925603545137578,"cognps_random_slope"
"6240","ZBTB10","Mic P2RY12",0.351396813487239,4.56615417268,0.689246874175227,0.406971444902346,0.833980151354869,0.881572971210828,"cognps_random_slope"
"6241","ZNF704","Mic P2RY12",0.633444036401149,3.86948843727993,0.878975610686012,0.349111594742966,0.798330104351058,0.84996985998706,"cognps_random_slope"
"6242","PAG1","Mic P2RY12",-0.354118873304055,9.36122758457352,1.05715204595618,0.304556668452762,0.765303565335733,0.825290401564404,"cognps_random_slope"
"6243","AC079209.2","Mic P2RY12",-1.5389162296952,2.78939602469553,1.92569588458195,0.166089309915569,0.637222862646941,0.71475062731459,"cognps_random_slope"
"6244","FABP5","Mic P2RY12",1.77064233411448,2.92604628181685,2.99981655559123,0.0841313998144796,0.507172689569879,0.594776547136232,"cognps_random_slope"
"6245","IMPA1","Mic P2RY12",0.582556617529181,4.39207090037637,1.9287204007323,0.165757973852522,0.637054724342046,0.714425626513891,"cognps_random_slope"
"6246","ZFAND1","Mic P2RY12",0.409206209551188,4.552243856761,0.861440399505256,0.580288857876736,0.927107742697869,0.951730333765552,"cognps_random_slope"
"6247","SNX16","Mic P2RY12",-0.257598058845415,3.95778897126373,0.182765251449778,0.669263383189597,0.960363726160842,0.97747809255934,"cognps_random_slope"
"6248","RALYL","Mic P2RY12",2.35942404097357,5.68643482385169,13.5950549529498,0.000261765007402026,0.0359587299138796,0.0548933450647856,"cognps_random_slope"
"6249","LRRCC1","Mic P2RY12",-0.0345260095976675,3.80336586833928,0.00343951958918493,0.953265515741385,0.999765323016076,0.999791880761836,"cognps_random_slope"
"6250","C8orf59","Mic P2RY12",-0.659716114507979,4.8340549349352,2.43177111976368,0.119778037320733,0.577247684584303,0.657118424697402,"cognps_random_slope"
"6251","CA13","Mic P2RY12",-0.721841122821654,3.23388674528234,0.861408478574367,0.353967332959622,0.802364061274805,0.853930732160738,"cognps_random_slope"
"6252","CA1","Mic P2RY12",-1.13355538887386,2.17227290355,0.87965775309542,0.355041643290313,0.803701530698224,0.85526379399296,"cognps_random_slope"
"6253","CA3","Mic P2RY12",-0.170574841740353,2.98136808244893,0.0336470237597245,0.854563031406007,0.999765323016076,0.999791880761836,"cognps_random_slope"
"6254","CA2","Mic P2RY12",0.0527059595708999,3.22914263109368,0.00432344143487814,0.947611106439866,0.999765323016076,0.999791880761836,"cognps_random_slope"
"6255","WWP1","Mic P2RY12",-0.136659469489896,6.76663929487163,0.275556033484772,0.59995230278036,0.936283425111275,0.959054741582592,"cognps_random_slope"
"6256","RMDN1","Mic P2RY12",0.465702249188987,6.07371627070599,2.28867434944505,0.131199460495116,0.591810411151284,0.669219809264844,"cognps_random_slope"
"6257","CPNE3","Mic P2RY12",-0.0164433146158677,4.66511709626806,0.00167702328545461,0.967357306190007,0.999765323016076,0.999791880761836,"cognps_random_slope"
"6258","MMP16","Mic P2RY12",2.94892779286527,3.99723906999239,14.8594618000428,0.000137177652093548,0.0274375778463528,0.0417928400871492,"cognps_random_slope"
"6259","AC090568.2","Mic P2RY12",1.12572339415962,3.35395223680782,2.38785023577809,0.123161175009264,0.581585286973743,0.660864338941303,"cognps_random_slope"
"6260","AF117829.1","Mic P2RY12",0.353042262401255,6.40402764838896,1.22532104136336,0.269058780032066,0.743281119606207,0.802780719814148,"cognps_random_slope"
"6261","RIPK2","Mic P2RY12",-0.424055954094575,5.84366582327271,0.73603461238357,0.39150549911019,0.825061360839071,0.874256287385027,"cognps_random_slope"
"6262","OSGIN2","Mic P2RY12",0.16468384709129,4.16196430651298,0.0951306516097157,0.757931780538716,0.983190954097967,0.995414674993652,"cognps_random_slope"
"6263","NBN","Mic P2RY12",0.0920422106990178,5.39979164373088,0.0692829010271128,0.792534490599575,0.991481955612856,0.999791880761836,"cognps_random_slope"
"6264","DECR1","Mic P2RY12",-0.306917824803409,6.3993656633463,1.2009648519882,0.273862254680185,0.746668521636659,0.805902020311732,"cognps_random_slope"
"6265","LINC00534","Mic P2RY12",-1.62512463847268,3.10327990651581,3.07644116897214,0.0802859353420758,0.501692221600792,0.589135422955436,"cognps_random_slope"
"6266","TMEM64","Mic P2RY12",-0.709635559494149,3.58681918281419,1.3091868110705,0.253302929540497,0.730473974343061,0.790738652241832,"cognps_random_slope"
"6267","NECAB1","Mic P2RY12",1.45540555877462,5.07875707267591,4.52442884898245,0.0340943895778888,0.352916829082006,0.446107911061896,"cognps_random_slope"
"6268","PIP4P2","Mic P2RY12",-0.205762254261669,5.56936249011185,0.280758215761667,0.596531651605112,0.93511989159524,0.95808998326772,"cognps_random_slope"
"6269","OTUD6B-AS1","Mic P2RY12",0.983398214636135,4.62675695309836,3.47132399366936,0.0632563055425984,0.460872583060618,0.552957843264821,"cognps_random_slope"
"6270","OTUD6B","Mic P2RY12",-0.150990188585336,5.17235122532743,0.164933131240724,0.684896266623673,0.96526547799949,0.981938174288632,"cognps_random_slope"
"6271","LRRC69","Mic P2RY12",0.208578737684106,6.38043115066412,0.46860915741586,0.660278035699451,0.955868868241869,0.973975715718827,"cognps_random_slope"
"6272","SLC26A7","Mic P2RY12",-0.38812420135129,3.73795274612738,0.274678991506349,0.600533047626558,0.936283425111275,0.959054741582592,"cognps_random_slope"
"6273","RUNX1T1","Mic P2RY12",0.890220074888937,3.39624971871864,1.27133533476424,0.260268031939152,0.73470989405828,0.795715081347276,"cognps_random_slope"
"6274","AC117834.1","Mic P2RY12",0.125504483468795,2.90452753015936,0.0116640654429463,0.914055680592522,0.999765323016076,0.999791880761836,"cognps_random_slope"
"6275","TRIQK","Mic P2RY12",-0.230876793717162,5.19984686147065,0.347666167312423,0.616724397062154,0.941379538575156,0.963917775753802,"cognps_random_slope"
"6276","LINC00535","Mic P2RY12",0.300088058034061,2.81565469664173,0.0980609905615165,0.75435057565749,0.982268354911735,0.994998852417964,"cognps_random_slope"
"6277","RBM12B","Mic P2RY12",-0.023241190082434,5.5919785045968,0.00495104865432549,0.94394330257087,0.999765323016076,0.999791880761836,"cognps_random_slope"
"6278","TMEM67","Mic P2RY12",1.96996212948773,3.83545906707731,11.8208560199875,0.000654353783612388,0.0544545795805066,0.0813394790417856,"cognps_random_slope"
"6279","PDP1","Mic P2RY12",0.672554991907157,4.04894590397245,1.3815239063244,0.240619317766779,0.722019587414377,0.782794014293223,"cognps_random_slope"
"6280","VIRMA","Mic P2RY12",0.00868294562781327,5.93447643328875,0.00103251842199456,0.9743839524121,0.999765323016076,0.999791880761836,"cognps_random_slope"
"6281","AC023632.2","Mic P2RY12",-0.852107093034172,3.14129600013374,1.24275588368503,0.265685013988564,0.740371152518351,0.799075325556588,"cognps_random_slope"
"6282","DPY19L4","Mic P2RY12",0.0847368741893171,5.45799960494262,0.061643408705377,0.994407809256411,0.999765323016076,0.999791880761836,"cognps_random_slope"
"6283","INTS8","Mic P2RY12",0.0174852353388566,5.79908358610813,0.00382121527126382,0.950743718585119,0.999765323016076,0.999791880761836,"cognps_random_slope"
"6284","NDUFAF6","Mic P2RY12",0.544863803770064,6.70883700475422,3.06583755067935,0.0808065410949615,0.5028239479835,0.59044406742792,"cognps_random_slope"
"6285","TP53INP1","Mic P2RY12",-0.196428920176331,5.36425186540852,0.124704556858128,0.724193892386418,0.976701705810179,0.992103026315284,"cognps_random_slope"
"6286","PLEKHF2","Mic P2RY12",-1.21654113581209,4.98625871465315,8.8051743261784,0.00320479521923523,0.114832782708479,0.164583390017445,"cognps_random_slope"
"6287","C8orf37-AS1","Mic P2RY12",0.200124149053378,5.83069856678753,0.143002795881592,0.705537001872152,0.972523076070176,0.987421327305892,"cognps_random_slope"
"6288","C8orf37","Mic P2RY12",0.405650285196587,3.09561036624951,0.258033709537645,0.611785666260614,0.940399122416995,0.962908953214572,"cognps_random_slope"
"6289","UQCRB","Mic P2RY12",-0.242129967038126,4.94850341784232,0.213719016301119,0.644147524711195,0.951443629329721,0.970883120121208,"cognps_random_slope"
"6290","MTERF3","Mic P2RY12",0.352411611320756,4.43694263619459,0.584531814590808,0.506726448182297,0.891301972336335,0.925931899357261,"cognps_random_slope"
"6291","PTDSS1","Mic P2RY12",-0.595086265926283,5.32127593219258,2.74778914019999,0.0982610138874852,0.536591624737648,0.622624745113121,"cognps_random_slope"
"6292","SDC2","Mic P2RY12",-1.1159789209845,4.1934463473865,0.776566055420781,0.378781988585197,0.817109915520936,0.868092551741806,"cognps_random_slope"
"6293","CPQ","Mic P2RY12",0.115689111613265,8.26121431721732,0.188672821570632,0.664284013697294,0.957859864700565,0.975512907897142,"cognps_random_slope"
"6294","TSPYL5","Mic P2RY12",1.07289793452648,3.09451545161403,1.74407850859734,0.187462673425437,0.663212237427689,0.734845086795239,"cognps_random_slope"
"6295","MTDH","Mic P2RY12",-0.268599429026209,8.12242339400041,2.07536800710852,0.150563868562759,0.618359302056245,0.695729128253206,"cognps_random_slope"
"6296","LAPTM4B","Mic P2RY12",1.43511855379772,3.38981679284211,2.19577849141389,0.139264943574923,0.603781788692187,0.680323017438617,"cognps_random_slope"
"6297","MATN2","Mic P2RY12",0.301753651594317,2.78923596853173,0.13414557423252,0.714387273589857,0.975327034936739,0.990078557920128,"cognps_random_slope"
"6298","RPL30","Mic P2RY12",-0.978749243435654,5.5744217486239,3.8890703113763,0.0493672096269703,0.417854603181355,0.510316389867414,"cognps_random_slope"
"6299","RIDA","Mic P2RY12",0.715828092149178,3.79696537732381,1.8141478551974,0.178859592779826,0.651330815989794,0.725283569104757,"cognps_random_slope"
"6300","POP1","Mic P2RY12",-0.0512794396463226,4.08122740556983,0.00655435622649793,0.935519611119824,0.999765323016076,0.999791880761836,"cognps_random_slope"
"6301","NIPAL2","Mic P2RY12",0.166216112129848,5.99694730353523,0.198247259445543,0.656407229034845,0.955612931885691,0.973592644066785,"cognps_random_slope"
"6302","AP003438.1","Mic P2RY12",-0.828849256355992,2.73455701423678,0.768233192639774,0.381349270737373,0.81893496896482,0.869440981513608,"cognps_random_slope"
"6303","STK3","Mic P2RY12",-0.206563640170607,8.60920909144243,0.626497806073808,0.429164590151714,0.848086940362737,0.891697247435349,"cognps_random_slope"
"6304","AC104986.2","Mic P2RY12",0.223511259415802,5.20867805111055,0.360102235715251,0.548827391277859,0.91189570676601,0.940046630323137,"cognps_random_slope"
"6305","VPS13B","Mic P2RY12",0.096381014117334,8.83592080826253,0.27860280196368,0.597943966825256,0.935775674346053,0.958530873406693,"cognps_random_slope"
"6306","COX6C","Mic P2RY12",-0.0559151560988004,5.01447395081237,0.0167649865314216,0.89705049195418,0.999765323016076,0.999791880761836,"cognps_random_slope"
"6307","POLR2K","Mic P2RY12",-0.488745877371681,3.27893580493048,0.367254160580597,0.544887103595086,0.91115948031916,0.940001610338548,"cognps_random_slope"
"6308","SPAG1","Mic P2RY12",0.650388576480456,3.5353832278371,0.712698791862352,0.399110554810801,0.829488070104669,0.877897744901724,"cognps_random_slope"
"6309","RNF19A","Mic P2RY12",-0.462154931229961,6.44838770988006,3.15272415531158,0.0766459188894506,0.490956577735769,0.578500917764534,"cognps_random_slope"
"6310","ANKRD46","Mic P2RY12",0.165597688466215,4.98830333890975,0.194661299546996,0.65933018026889,0.955612931885691,0.973592644066785,"cognps_random_slope"
"6311","SNX31","Mic P2RY12",1.05266378837566,2.73106280141567,0.785625794409542,0.376018391081304,0.815771808139964,0.866625907475772,"cognps_random_slope"
"6312","PABPC1","Mic P2RY12",-0.488602779100346,7.68294681885767,4.34358662418997,0.0378539598395192,0.370819382901606,0.464862078137255,"cognps_random_slope"
"6313","YWHAZ","Mic P2RY12",-0.340374798781305,6.82181207171174,2.09152949343631,0.148988663462832,0.615716497523623,0.693055080726112,"cognps_random_slope"
"6314","AP003469.4","Mic P2RY12",-0.56888372288914,3.85799299980946,0.694695584757932,0.405125041640465,0.832587827418286,0.880198242323207,"cognps_random_slope"
"6315","ZNF706","Mic P2RY12",-0.549811008225975,6.37381381507209,2.44270668351359,0.118951846303487,0.576229632100339,0.655667621418989,"cognps_random_slope"
"6316","NCALD","Mic P2RY12",2.08574726848134,3.95471307663752,7.58382770972452,0.00618856014973653,0.155422611355399,0.214151388847228,"cognps_random_slope"
"6317","RRM2B","Mic P2RY12",-0.393504233090303,5.90425714275044,0.988638359636317,0.320743929742921,0.774745746662741,0.832508852872918,"cognps_random_slope"
"6318","UBR5-AS1","Mic P2RY12",-0.46382352633712,5.46705449126472,0.624914234527841,0.429747942650477,0.848416643998092,0.891896103015282,"cognps_random_slope"
"6319","UBR5","Mic P2RY12",-0.292515162404582,8.12693713223601,1.58781397824481,0.208455783687548,0.689568715448822,0.754950683011725,"cognps_random_slope"
"6320","KLF10","Mic P2RY12",-2.46938456867106,3.19187826853659,9.09970483155585,0.00273844588835623,0.109783640588684,0.157450661747735,"cognps_random_slope"
"6321","AZIN1","Mic P2RY12",-0.180183103836238,5.8358897819484,0.242758234048086,0.622521709660784,0.944483646318178,0.965087403746349,"cognps_random_slope"
"6322","AZIN1-AS1","Mic P2RY12",0.808886242307529,5.39660720678037,2.0988441595032,0.148281879572389,0.615096191273602,0.692284318170619,"cognps_random_slope"
"6323","AP003354.2","Mic P2RY12",0.433799120100081,6.49405622436479,0.815988385261879,0.366960346805186,0.811695547332869,0.862405100667332,"cognps_random_slope"
"6324","ATP6V1C1","Mic P2RY12",-0.543448537245195,6.8108190911264,3.27405320790429,0.0712183308569233,0.481432815573689,0.571978509732139,"cognps_random_slope"
"6325","BAALC","Mic P2RY12",1.35548083277358,3.45994976992058,2.99703799678867,0.084274545144484,0.507249839407335,0.594787555439735,"cognps_random_slope"
"6326","BAALC-AS1","Mic P2RY12",0.336886452571137,4.18584309227332,0.137219030694531,0.711279553685212,0.973930448445441,0.989006563628578,"cognps_random_slope"
"6327","SLC25A32","Mic P2RY12",-0.135232156173564,5.74412441358994,0.133431001643443,0.71511558776996,0.975395826127759,0.990372929926515,"cognps_random_slope"
"6328","DCAF13","Mic P2RY12",-0.591819944977697,4.24037948055961,1.29513223351507,0.255861887837338,0.731400417855838,0.792472353522845,"cognps_random_slope"
"6329","RIMS2","Mic P2RY12",2.19626195611656,5.55745659744034,10.6635373423512,0.00119767072653934,0.0745722769383174,0.105729831777795,"cognps_random_slope"
"6330","DPYS","Mic P2RY12",3.68181286681475,3.58474804172097,11.2494808250565,0.000881260655743342,0.062485576971516,0.0915577026900168,"cognps_random_slope"
"6331","LRP12","Mic P2RY12",0.53179685803382,4.95592846370593,1.56891173956358,0.211179020581298,0.691764863067704,0.757540289783519,"cognps_random_slope"
"6332","ZFPM2","Mic P2RY12",1.14539734651886,4.27005537986108,3.18739070343887,0.0750510062693194,0.486343585597267,0.574932020503502,"cognps_random_slope"
"6333","AC027031.2","Mic P2RY12",-0.135398022982491,5.18505090599107,0.0797970395168721,0.777735153072725,0.989596352670679,0.999318307649869,"cognps_random_slope"
"6334","OXR1","Mic P2RY12",-0.990735298083249,10.2177802146223,5.95682832686279,0.0151423024450241,0.243311744683176,0.323892987308415,"cognps_random_slope"
"6335","AC090579.1","Mic P2RY12",-1.13068668307891,5.58054469526948,2.25519895811456,0.134043841045222,0.595794863630851,0.67335525765698,"cognps_random_slope"
"6336","EIF3E","Mic P2RY12",-0.21811074737776,6.41853697185887,0.545008071808913,0.514474976372085,0.894942542151003,0.92830484233112,"cognps_random_slope"
"6337","EMC2","Mic P2RY12",-0.0250592992941637,5.29671597113413,0.00655673866262361,0.935507918886298,0.999765323016076,0.999791880761836,"cognps_random_slope"
"6338","NUDCD1","Mic P2RY12",-0.14425214446694,5.12115109424397,0.124111455560567,0.72482372901691,0.976701705810179,0.992103026315284,"cognps_random_slope"
"6339","ENY2","Mic P2RY12",-0.148163982563218,5.43670358996534,0.157140927687183,0.692037659403774,0.967517350043491,0.984104265879783,"cognps_random_slope"
"6340","EBAG9","Mic P2RY12",0.104086675033908,4.28440409710408,0.048955950031624,0.925304361623525,0.999765323016076,0.999791880761836,"cognps_random_slope"
"6341","SYBU","Mic P2RY12",2.56172518311089,3.68974984942455,11.8632662447928,0.000640087895472883,0.0541537831736679,0.0809255999082885,"cognps_random_slope"
"6342","LINC01608","Mic P2RY12",2.92493310742308,2.98317831563729,7.62534370843996,0.00605063164031423,0.154741440098952,0.213453849507028,"cognps_random_slope"
"6343","LINC01609","Mic P2RY12",0.492101855525072,3.22228073814255,0.246403753758757,0.619922028066041,0.943185183709471,0.964575721805438,"cognps_random_slope"
"6344","CSMD3","Mic P2RY12",2.96043996790226,5.00905744081591,16.1733597108704,7.04646761139954e-05,0.0211535042685755,0.0334520863003458,"cognps_random_slope"
"6345","TRPS1","Mic P2RY12",-0.568832697858928,8.44518300007003,2.40164852020079,0.122087001174388,0.581048777697984,0.660503517595267,"cognps_random_slope"
"6346","EIF3H","Mic P2RY12",-0.0440279300753055,7.00974270042459,0.023273397619933,0.878833813235905,0.999765323016076,0.999791880761836,"cognps_random_slope"
"6347","UTP23","Mic P2RY12",0.227189627269269,5.09658773207285,0.144935551147871,0.703647663252122,0.97172603554691,0.986617067551194,"cognps_random_slope"
"6348","RAD21","Mic P2RY12",0.3336794094437,5.90995381696504,1.22322841454708,0.382555836956487,0.81960523917728,0.869953736552754,"cognps_random_slope"
"6349","SLC30A8","Mic P2RY12",-5.26729179089141,2.62952923571566,23.7416271280039,1.65489822853349e-06,0.0021026795388741,0.00353741587970424,"cognps_random_slope"
"6350","MED30","Mic P2RY12",-0.17267196158143,4.03173249974526,0.113682239281682,0.856407938521398,0.999765323016076,0.999791880761836,"cognps_random_slope"
"6351","EXT1","Mic P2RY12",0.546008180821469,7.75514128015034,2.41060404600144,0.12139541021261,0.580995309380569,0.660503517595267,"cognps_random_slope"
"6352","SAMD12","Mic P2RY12",-0.218643552058948,7.59378270903583,0.399782601852378,0.527603319572088,0.903220756973117,0.933585812711148,"cognps_random_slope"
"6353","AC023590.1","Mic P2RY12",-0.61184010348026,3.27384841150321,0.486146020582334,0.486102015265444,0.881786963332351,0.91723721705446,"cognps_random_slope"
"6354","TNFRSF11B","Mic P2RY12",-3.03988423579624,3.88960013185263,8.00231239905356,0.00493364308774448,0.143735959390897,0.200760663796638,"cognps_random_slope"
"6355","MAL2","Mic P2RY12",1.4931960326385,2.87697617629039,2.20733121298534,0.138232182771383,0.602398021064074,0.678816066343028,"cognps_random_slope"
"6356","ENPP2","Mic P2RY12",0.336964678226896,4.06381197021632,0.145642593749594,0.702960108699735,0.97157265023568,0.986557430304626,"cognps_random_slope"
"6357","TAF2","Mic P2RY12",0.154003049510644,6.3091088454319,0.350803223973929,0.55403099166568,0.915359234893125,0.943258473576708,"cognps_random_slope"
"6358","DSCC1","Mic P2RY12",-0.662924115236532,2.96928855291354,0.51947131998129,0.471535525201641,0.874729730513178,0.912512310358026,"cognps_random_slope"
"6359","DEPTOR","Mic P2RY12",-0.111375248248133,7.54452455492905,0.0439104393852922,0.834138982912716,0.999366959106503,0.999791880761836,"cognps_random_slope"
"6360","AC091563.1","Mic P2RY12",-0.500188241717418,3.72150400751011,0.432196946771718,0.511333439096683,0.893659673987929,0.927919604508759,"cognps_random_slope"
"6361","COL14A1","Mic P2RY12",-0.618043233477384,3.91197248160406,0.731422843774725,0.392991781606744,0.825467533747958,0.874975283065775,"cognps_random_slope"
"6362","MRPL13","Mic P2RY12",0.372444870249119,4.2113365964968,0.517627400572608,0.472322792023994,0.875689991192199,0.91312738472786,"cognps_random_slope"
"6363","MTBP","Mic P2RY12",0.575150174517298,4.19265629602179,1.1851776210394,0.277033455881158,0.747921281079291,0.808018309725428,"cognps_random_slope"
"6364","SNTB1","Mic P2RY12",-1.53459018907538,3.74081202818925,2.46706126476285,0.117134481207935,0.573971293403957,0.653369898372925,"cognps_random_slope"
"6365","ZHX2","Mic P2RY12",-0.280065268838156,7.06357638145781,0.467846672025105,0.494419968885565,0.884891066701007,0.920501574728862,"cognps_random_slope"
"6366","AC104316.1","Mic P2RY12",-1.01600862700243,3.46891816804254,1.39252162649583,0.238759687992469,0.719500467458302,0.781026866771649,"cognps_random_slope"
"6367","DERL1","Mic P2RY12",-0.34894674859856,4.98689225359551,0.862251347961904,0.353732251803958,0.802231035616203,0.853846112720093,"cognps_random_slope"
"6368","TBC1D31","Mic P2RY12",0.0678649681571878,4.99633991869582,0.0293509522348629,0.864067569771652,0.999765323016076,0.999791880761836,"cognps_random_slope"
"6369","C8orf76","Mic P2RY12",0.113698427377605,3.66480885486829,0.0415477814484691,0.838599508600815,0.999700499758612,0.999791880761836,"cognps_random_slope"
"6370","ZHX1-C8orf76","Mic P2RY12",0.11371874682315,3.11902862474079,0.024425095677153,0.875895834811932,0.999765323016076,0.999791880761836,"cognps_random_slope"
"6371","ATAD2","Mic P2RY12",-0.249439792431376,4.60809899701488,0.29772499275587,0.929468211400617,0.999765323016076,0.999791880761836,"cognps_random_slope"
"6372","WDYHV1","Mic P2RY12",-0.623902180501947,4.69510050340291,2.10531036885916,0.147660242217987,0.614151119169224,0.691886074221781,"cognps_random_slope"
"6373","FBXO32","Mic P2RY12",0.297750642922041,4.15122974374084,0.188842824386358,0.66414210128734,0.957859864700565,0.975512907897142,"cognps_random_slope"
"6374","FAM91A1","Mic P2RY12",-0.107899097009826,6.00493856386423,0.175733990021346,0.675315590924252,0.962810601943974,0.980067760574701,"cognps_random_slope"
"6375","AC090921.1","Mic P2RY12",-0.689286354157316,3.316359364648,0.657604599272437,0.417943221695825,0.840787365511229,0.886483329915441,"cognps_random_slope"
"6376","TMEM65","Mic P2RY12",-0.793681548022708,7.80978114366457,7.2552490698323,0.0074006001749073,0.170008734593119,0.235254947560008,"cognps_random_slope"
"6377","TRMT12","Mic P2RY12",-0.254752538706015,3.42964256687045,0.14504454800631,0.703541545589249,0.97172603554691,0.986586063650533,"cognps_random_slope"
"6378","RNF139","Mic P2RY12",-0.974632977536161,3.70407137252442,2.7320028691724,0.0992285542015344,0.537560520252725,0.623539007406861,"cognps_random_slope"
"6379","TATDN1","Mic P2RY12",0.367918359040709,5.85405831009381,1.38297507015486,0.240372928324378,0.721603407812499,0.782557064126081,"cognps_random_slope"
"6380","NDUFB9","Mic P2RY12",-0.206749994852885,4.44074913049834,0.145900350339518,0.702709932348353,0.97142725432229,0.986340145983914,"cognps_random_slope"
"6381","MTSS1","Mic P2RY12",-0.620457078690436,9.14180558444944,2.6514866163588,0.104328789715573,0.547634199364822,0.632793264497603,"cognps_random_slope"
"6382","AC100858.3","Mic P2RY12",0.851775971372413,4.5951104965039,1.56487275058538,0.211766388494722,0.692032617931702,0.758278026388146,"cognps_random_slope"
"6383","SQLE","Mic P2RY12",0.622037084338943,4.06656489082721,0.65416056952551,0.419163822214721,0.841404191357022,0.887205359811597,"cognps_random_slope"
"6384","WASHC5","Mic P2RY12",0.102699679974762,6.11186178261158,0.169817066662763,0.68051995759249,0.963764980353924,0.980589311801902,"cognps_random_slope"
"6385","NSMCE2","Mic P2RY12",-0.0158598314739526,8.83058741376737,0.00835953259911878,0.927201449680072,0.999765323016076,0.999791880761836,"cognps_random_slope"
"6386","TRIB1","Mic P2RY12",0.137992297600034,5.08054128112232,0.077306788440044,0.781140680655572,0.990020960532974,0.999508397105588,"cognps_random_slope"
"6387","PCAT1","Mic P2RY12",-1.08855101672932,3.87294933447057,1.57274570708498,0.210623260111384,0.691204591969072,0.757122512886428,"cognps_random_slope"
"6388","MYC","Mic P2RY12",-0.823748587547196,3.29436126215127,0.737451666839087,0.391050433263492,0.824692295940985,0.873932594956922,"cognps_random_slope"
"6389","PVT1","Mic P2RY12",-0.45453055134084,7.10472897543342,0.294249089533471,0.587846372008544,0.931173668000769,0.95504462696017,"cognps_random_slope"
"6390","CCDC26","Mic P2RY12",-0.0120279711547524,9.06675770681244,0.000191444380016832,0.98896822054311,0.999765323016076,0.999791880761836,"cognps_random_slope"
"6391","FAM49B","Mic P2RY12",0.104782916453398,10.5195004810226,0.338672386657467,0.56096117568852,0.920002061148461,0.946258818399626,"cognps_random_slope"
"6392","AC022973.2","Mic P2RY12",-0.490072119364307,3.55636163223516,0.392789288110086,0.531234503380169,0.905503589823643,0.935221650609795,"cognps_random_slope"
"6393","ASAP1","Mic P2RY12",-0.617751214583146,8.11972631237595,3.00892871267409,0.0836638095764282,0.506175490805289,0.593917817012345,"cognps_random_slope"
"6394","EFR3A","Mic P2RY12",-0.366466423863016,6.93997400828834,2.21694552652393,0.137379276430818,0.601837098218171,0.678321460169247,"cognps_random_slope"
"6395","KCNQ3","Mic P2RY12",0.363433806121829,10.9283824721567,1.12975378664707,0.288541065096636,0.754255972880221,0.814785181423165,"cognps_random_slope"
"6396","LRRC6","Mic P2RY12",0.900889756920381,3.77471075356491,2.31876309792834,0.128700437772305,0.588639783817971,0.665951657006337,"cognps_random_slope"
"6397","TMEM71","Mic P2RY12",0.496763634426107,5.00157776069037,0.376052672818593,0.540111018554579,0.909757134194308,0.938916100957127,"cognps_random_slope"
"6398","PHF20L1","Mic P2RY12",0.418625844949382,6.97008108567077,2.45084093503539,0.118341401736411,0.575619759730735,0.655064952022695,"cognps_random_slope"
"6399","TG","Mic P2RY12",-0.386761247004481,5.37129560691079,0.266174874579783,0.606226359417113,0.938374566313568,0.960731988827416,"cognps_random_slope"
"6400","SLA","Mic P2RY12",-0.441470090855183,8.35140065912443,1.14798439279339,0.284689990858354,0.753680475601106,0.813271140889709,"cognps_random_slope"
"6401","NDRG1","Mic P2RY12",-0.677975892490464,4.50512197495319,1.34500248032041,0.246923081195924,0.727284377806276,0.787803854705654,"cognps_random_slope"
"6402","ST3GAL1","Mic P2RY12",0.222783254362429,7.51844976243081,0.278964416068843,0.597706535495547,0.935775674346053,0.958529444280992,"cognps_random_slope"
"6403","AC103706.1","Mic P2RY12",1.07981600877607,3.5073609599593,2.29305535462392,0.130832240532435,0.591809296756693,0.669219809264844,"cognps_random_slope"
"6404","ZFAT","Mic P2RY12",-0.108055907510882,5.73977490874359,0.0968721800923961,0.755796263358477,0.983055976440547,0.995414674993652,"cognps_random_slope"
"6405","LINC01591","Mic P2RY12",-1.38117772721454,3.55039797018968,1.13252373513606,0.287951676163958,0.754255972880221,0.814647163364235,"cognps_random_slope"
"6406","KHDRBS3","Mic P2RY12",-0.0781703771582155,8.85159117661984,0.0210049570854644,0.884846642839426,0.999765323016076,0.999791880761836,"cognps_random_slope"
"6407","LINC02055","Mic P2RY12",2.9842076292921,3.7033407151316,5.48736244883232,0.019699131538683,0.276180155422842,0.361713757896405,"cognps_random_slope"
"6408","AC046195.1","Mic P2RY12",-1.09958788913153,4.52294273404368,2.48486534902422,0.115825411292943,0.571679681852535,0.651313984573346,"cognps_random_slope"
"6409","AC079015.1","Mic P2RY12",-0.657537419116718,7.36713238934813,1.53886613738595,0.21559534989925,0.696553249426591,0.761916059570205,"cognps_random_slope"
"6410","FAM135B","Mic P2RY12",1.0018682459943,3.45660125364656,1.45310936145093,0.228822239946103,0.710154432032821,0.772587835198133,"cognps_random_slope"
"6411","TRAPPC9","Mic P2RY12",0.21010265851937,8.72309456430639,0.857212231313633,0.355140884745549,0.80379040643052,0.855411457968847,"cognps_random_slope"
"6412","AC107375.1","Mic P2RY12",0.17546315457752,3.3426525659303,0.0817097082866997,0.775158277361786,0.988006094248173,0.998208143973629,"cognps_random_slope"
"6413","AGO2","Mic P2RY12",0.0561910236730017,6.24867018390449,0.0236502767235833,0.877864366183243,0.999765323016076,0.999791880761836,"cognps_random_slope"
"6414","PTK2","Mic P2RY12",0.16916699751898,8.54354447204881,0.263370759005788,0.608128908425389,0.93885760879533,0.961459183207151,"cognps_random_slope"
"6415","DENND3","Mic P2RY12",0.159403395989072,9.91906107788186,0.115833858335489,0.73379639759473,0.978719188594747,0.993120241739745,"cognps_random_slope"
"6416","AC040970.1","Mic P2RY12",0.844421310069895,3.1481769872365,1.0839520413532,0.298514549417331,0.762270098464492,0.822337550905881,"cognps_random_slope"
"6417","SLC45A4","Mic P2RY12",0.315082077430302,5.89732129620538,0.58534492416933,0.444726645889036,0.85802776256953,0.899211617235781,"cognps_random_slope"
"6418","TSNARE1","Mic P2RY12",0.0661671894030574,5.55172169759528,0.0304707393554826,0.861524631347902,0.999765323016076,0.999791880761836,"cognps_random_slope"
"6419","ADGRB1","Mic P2RY12",0.820289823803201,3.26245726426908,0.967307522639477,0.326013798114203,0.780239151773905,0.837115754123445,"cognps_random_slope"
"6420","JRK","Mic P2RY12",0.625773315845877,4.35850604545905,1.91562302167363,0.258986365215964,0.733799859860673,0.794637250365552,"cognps_random_slope"
"6421","LY6E","Mic P2RY12",-0.0367518380583993,4.03128919332214,0.00353210979394216,0.952641390684398,0.999765323016076,0.999791880761836,"cognps_random_slope"
"6422","LY6H","Mic P2RY12",1.13954011423636,4.28929277143651,2.40810825848535,0.121587708368969,0.580995309380569,0.660503517595267,"cognps_random_slope"
"6423","AC138696.1","Mic P2RY12",-0.196879950894495,3.26364981852616,0.0659257549376523,0.917610056238695,0.999765323016076,0.999791880761836,"cognps_random_slope"
"6424","GLI4","Mic P2RY12",0.427657493444914,4.2546950894331,0.682248015569119,0.409361321746692,0.835775307665451,0.882626787103489,"cognps_random_slope"
"6425","MINCR","Mic P2RY12",0.784107156741318,2.54604608166452,0.556572025836802,0.456132102451995,0.865333388169053,0.905598852945087,"cognps_random_slope"
"6426","TOP1MT","Mic P2RY12",-2.17052472505643,2.7999290122899,5.01673234926752,0.0257139851479124,0.311216179618471,0.402162153627309,"cognps_random_slope"
"6427","RHPN1","Mic P2RY12",0.679780273197437,3.01793250230209,0.621235881910433,0.431107614839245,0.848974745989819,0.892253848944347,"cognps_random_slope"
"6428","ZC3H3","Mic P2RY12",-0.156844713044387,5.71067636264313,0.117202429433427,0.732288704545317,0.978584259106735,0.993104440403251,"cognps_random_slope"
"6429","AC067930.4","Mic P2RY12",-0.562528610515093,3.14451594726641,0.299123491894414,0.584771633581759,0.929165843899649,0.953140774160537,"cognps_random_slope"
"6430","GSDMD","Mic P2RY12",0.401506649899928,5.53101656606273,0.94036434400182,0.332835886543912,0.786238976833239,0.842175652315656,"cognps_random_slope"
"6431","MROH6","Mic P2RY12",0.195119657017329,3.17546183575308,0.0532328159472023,0.817661684345188,0.995084767910246,0.999791880761836,"cognps_random_slope"
"6432","NAPRT","Mic P2RY12",0.257367633671622,3.77410749920348,0.160216128129391,0.689195271199293,0.967043650386722,0.983568942804121,"cognps_random_slope"
"6433","EEF1D","Mic P2RY12",-0.534381037855358,6.28836918808715,2.43290603128697,0.119691998000875,0.577183326811702,0.656878309379192,"cognps_random_slope"
"6434","TIGD5","Mic P2RY12",1.28392238525579,2.93572633335755,2.05358846253849,0.15271665339215,0.620900468101574,0.699183031356926,"cognps_random_slope"
"6435","TSTA3","Mic P2RY12",-0.311683029271975,3.32915509312662,0.211467621671356,0.645897403631506,0.952213770647919,0.971281950306815,"cognps_random_slope"
"6436","ZNF623","Mic P2RY12",0.0392378900579378,4.91573768573906,0.0107949774020262,0.917307512274051,0.999765323016076,0.999791880761836,"cognps_random_slope"
"6437","ZNF707","Mic P2RY12",-0.0781371192224571,3.79903943577166,0.0180884857139108,0.914451015710199,0.999765323016076,0.999791880761836,"cognps_random_slope"
"6438","SCRIB","Mic P2RY12",0.0852791476017187,4.1992099203258,0.0307581302595155,0.860879789469154,0.999765323016076,0.999791880761836,"cognps_random_slope"
"6439","PUF60","Mic P2RY12",0.77571053503631,4.11091092597644,2.12588186949535,0.145702122718538,0.612508854637727,0.689950505500827,"cognps_random_slope"
"6440","NRBP2","Mic P2RY12",1.47245912976015,4.59429688411895,8.00170398194618,0.00493526440117047,0.143735959390897,0.200760663796638,"cognps_random_slope"
"6441","PLEC","Mic P2RY12",-0.110974311740277,6.33340089920661,0.0687989658757184,0.793243758666425,0.991704028031233,0.999791880761836,"cognps_random_slope"
"6442","PARP10","Mic P2RY12",0.667064442432882,5.26092190044505,2.20397837142388,0.138531020709432,0.602464311632875,0.67907281689345,"cognps_random_slope"
"6443","GRINA","Mic P2RY12",-0.507827873022712,5.49640586251016,1.61461970315758,0.204664999896079,0.685934449954956,0.751953401885022,"cognps_random_slope"
"6444","SPATC1","Mic P2RY12",-0.95532962353376,3.37422152737345,1.71998111421075,0.247528972300266,0.727506673637925,0.787883147226809,"cognps_random_slope"
"6445","EXOSC4","Mic P2RY12",0.41881489982799,2.72407225310096,0.167029527003673,0.683008623161217,0.964923775712428,0.981383016409302,"cognps_random_slope"
"6446","GPAA1","Mic P2RY12",-0.228625958963436,4.3496925759026,0.195556002584254,0.658597903020461,0.955612931885691,0.973592644066785,"cognps_random_slope"
"6447","CYC1","Mic P2RY12",-0.254540547473712,4.11053866196609,0.165928262601095,0.683998493402266,0.96526547799949,0.981881584954527,"cognps_random_slope"
"6448","SHARPIN","Mic P2RY12",-0.626678053520954,4.95426069947354,2.95544749653658,0.0864491022772896,0.511641951157184,0.597021470708069,"cognps_random_slope"
"6449","MAF1","Mic P2RY12",-0.0636465781531158,4.10200064154288,0.013262842411851,0.908379077932184,0.999765323016076,0.999791880761836,"cognps_random_slope"
"6450","MROH1","Mic P2RY12",-0.027470074275689,6.23808177694393,0.00805805944200335,0.9285225872156,0.999765323016076,0.999791880761836,"cognps_random_slope"
"6451","BOP1","Mic P2RY12",-0.566998406129081,3.38570380339809,0.4896575874248,0.484532466740662,0.881462467904707,0.916739510069731,"cognps_random_slope"
"6452","HSF1","Mic P2RY12",-0.351376204959977,5.79231636594769,1.17640403985134,0.278815846966571,0.749080025100043,0.809934708138299,"cognps_random_slope"
"6453","DGAT1","Mic P2RY12",-0.775974367452633,4.42222083103268,2.82587266916555,0.0936246884832662,0.529241684474372,0.613677480768129,"cognps_random_slope"
"6454","SLC52A2","Mic P2RY12",-0.182245772575305,3.55532836587764,0.0807162185500411,0.776492655136766,0.989048386226385,0.998974372863409,"cognps_random_slope"
"6455","FBXL6","Mic P2RY12",0.572194691536022,3.42166487335423,0.726789620493015,0.394493173160166,0.826555140171374,0.876241240285315,"cognps_random_slope"
"6456","ADCK5","Mic P2RY12",-0.273128803190347,4.23306410512406,0.324410902479047,0.569324427293809,0.923223215169933,0.949014359581435,"cognps_random_slope"
"6457","CPSF1","Mic P2RY12",-0.739075981173651,4.38933572893572,2.76081717388797,0.0974703072253242,0.536234574568181,0.621839898215752,"cognps_random_slope"
"6458","VPS28","Mic P2RY12",0.386458026638889,5.50862712680112,1.10010868572522,0.294946607048191,0.759527186981709,0.82022588576557,"cognps_random_slope"
"6459","TONSL","Mic P2RY12",-0.377974813466956,3.06331091001829,0.210590304574378,0.945408647551735,0.999765323016076,0.999791880761836,"cognps_random_slope"
"6460","CYHR1","Mic P2RY12",0.0992097710333361,5.49225670547711,0.0789527962458095,0.778883184239657,0.990020960532974,0.999508397105588,"cognps_random_slope"
"6461","KIFC2","Mic P2RY12",-0.100823403217866,5.25719155696177,0.0412815960323169,0.839110246658189,0.999765323016076,0.999791880761836,"cognps_random_slope"
"6462","PPP1R16A","Mic P2RY12",-0.0574292694964035,3.62546648936841,0.00622631496550636,0.937150480712802,0.999765323016076,0.999791880761836,"cognps_random_slope"
"6463","MFSD3","Mic P2RY12",0.833661768899291,2.9761626859619,0.971241160296797,0.325033398793751,0.779207974460655,0.836229370741199,"cognps_random_slope"
"6464","LRRC14","Mic P2RY12",0.119421416027048,3.84482700000888,0.0420776974633691,0.883312656196936,0.999765323016076,0.999791880761836,"cognps_random_slope"
"6465","LRRC24","Mic P2RY12",1.12248004183272,2.91764586254284,1.7547582495277,0.186120806340085,0.662436867689641,0.7336771668494,"cognps_random_slope"
"6466","ARHGAP39","Mic P2RY12",1.44965960975783,3.13690220505695,3.47252647991021,0.0632108052923128,0.460872583060618,0.552845204315864,"cognps_random_slope"
"6467","ZNF251","Mic P2RY12",-0.399852984455534,5.99741850276821,1.67452447254175,0.286377382883794,0.754255972880221,0.814647163364235,"cognps_random_slope"
"6468","ZNF34","Mic P2RY12",-0.230094499971922,3.30012651383911,0.104283835748098,0.915040744515313,0.999765323016076,0.999791880761836,"cognps_random_slope"
"6469","RPL8","Mic P2RY12",-0.468706970176317,5.92107979717442,1.07740677881395,0.299975789660746,0.762414699475663,0.822944046958081,"cognps_random_slope"
"6470","ZNF7","Mic P2RY12",-0.0411751032909544,4.84314583654411,0.00898957342575654,0.976940234179644,0.999765323016076,0.999791880761836,"cognps_random_slope"
"6471","COMMD5","Mic P2RY12",-1.06156144219915,3.95981863725991,4.92057065340155,0.0271628594106659,0.318123700157624,0.409621695411898,"cognps_random_slope"
"6472","ZNF250","Mic P2RY12",-0.665810982030392,4.23357120879469,1.92214766297177,0.166478988003908,0.637788993510346,0.715334496494929,"cognps_random_slope"
"6473","ZNF16","Mic P2RY12",-0.701138647506717,4.13171582854503,1.78310500770384,0.182613087557628,0.65828729724942,0.730448930950347,"cognps_random_slope"
"6474","C8orf33","Mic P2RY12",0.120386647182921,3.54247075204853,0.0322823851608426,0.857510486726437,0.999765323016076,0.999791880761836,"cognps_random_slope"
"6475","WASHC1","Mic P2RY12",0.121117851781488,7.58845892739817,0.228121169589996,0.633210622412889,0.949002694388455,0.968564075162913,"cognps_random_slope"
"6476","CBWD1","Mic P2RY12",-0.405296255865793,5.94069308697384,0.873989586789434,0.350480485733093,0.799426324952662,0.851152769252035,"cognps_random_slope"
"6477","DOCK8","Mic P2RY12",-0.0392037120367106,11.0611471804267,0.0187701706499379,0.891104085147526,0.999765323016076,0.999791880761836,"cognps_random_slope"
"6478","AL158832.1","Mic P2RY12",0.0571063951013875,3.13171534639464,0.00238368183148843,0.961087484177623,0.999765323016076,0.999791880761836,"cognps_random_slope"
"6479","AL161725.1","Mic P2RY12",-0.423398667709256,3.92270481663937,0.261037901029183,0.609721496108183,0.93885760879533,0.961472415874588,"cognps_random_slope"
"6480","KANK1","Mic P2RY12",0.495655777862391,3.65534921806702,0.502198689443762,0.478994730434815,0.880280908194865,0.915784955703266,"cognps_random_slope"
"6481","SMARCA2","Mic P2RY12",-0.197932139354203,8.45057253032764,0.8496993517567,0.357255372862765,0.805821422779491,0.85713961189646,"cognps_random_slope"
"6482","VLDLR-AS1","Mic P2RY12",-0.216934533995411,3.6997303676039,0.0771264035196386,0.781389647176626,0.990020960532974,0.999508397105588,"cognps_random_slope"
"6483","VLDLR","Mic P2RY12",-0.210679647701638,3.72028794791019,0.0842853467873306,0.771739241914965,0.987027827915866,0.997755545875266,"cognps_random_slope"
"6484","PUM3","Mic P2RY12",0.00781920931853535,7.13265725310846,0.000399389140158707,0.984066642773235,0.999765323016076,0.999791880761836,"cognps_random_slope"
"6485","RFX3","Mic P2RY12",-0.45411992209476,8.19159092103206,2.88710773148733,0.0901558793587062,0.521505130667874,0.606267235466379,"cognps_random_slope"
"6486","RFX3-AS1","Mic P2RY12",-0.105540913039883,6.24246686524982,0.0541908144185927,0.816057524625491,0.995084767910246,0.999791880761836,"cognps_random_slope"
"6487","GLIS3","Mic P2RY12",0.290317027359794,6.76481272425393,0.344154397971956,0.557809043758692,0.917801489268667,0.945215806277844,"cognps_random_slope"
"6488","SLC1A1","Mic P2RY12",2.48401948611654,2.95059545064255,7.64050562993455,0.00600104854694508,0.154741440098952,0.213382850900519,"cognps_random_slope"
"6489","SPATA6L","Mic P2RY12",2.88133441122239,2.85746653218948,9.03563372893686,0.0028336229758277,0.11004659914288,0.157590933623265,"cognps_random_slope"
"6490","PLPP6","Mic P2RY12",-0.0527959049412363,2.86076926594384,0.00274566104222416,0.958239819871492,0.999765323016076,0.999791880761836,"cognps_random_slope"
"6491","CDC37L1","Mic P2RY12",0.0749565557569875,4.80608371207015,0.0420919658793177,0.837560642713683,0.999700499758612,0.999791880761836,"cognps_random_slope"
"6492","AK3","Mic P2RY12",-0.188542296098832,5.31308777460837,0.23321109481684,0.851942691905881,0.999765323016076,0.999791880761836,"cognps_random_slope"
"6493","RCL1","Mic P2RY12",-0.250107353011491,6.0633252863621,0.466078700682896,0.495236225854477,0.885549288147852,0.921047479733976,"cognps_random_slope"
"6494","JAK2","Mic P2RY12",-0.0142237508830173,8.48960107928277,0.00415434544570133,0.948644376535873,0.999765323016076,0.999791880761836,"cognps_random_slope"
"6495","PLGRKT","Mic P2RY12",0.806972802393134,5.12568124273605,3.78485044041302,0.0524974132468888,0.430779715700843,0.523388818398865,"cognps_random_slope"
"6496","CD274","Mic P2RY12",-0.137162696981879,3.85888003988046,0.0266832324564245,0.870334600346163,0.999765323016076,0.999791880761836,"cognps_random_slope"
"6497","PDCD1LG2","Mic P2RY12",-0.0588214277078771,5.14308469583813,0.0141554324815998,0.905360321243166,0.999765323016076,0.999791880761836,"cognps_random_slope"
"6498","RIC1","Mic P2RY12",-0.154967478951582,7.53856118620941,0.402500675978105,0.526203986580706,0.901692888117389,0.932903067392385,"cognps_random_slope"
"6499","ERMP1","Mic P2RY12",0.815934324997115,4.86698484182603,4.77412419681363,0.0295354222076907,0.332888303620911,0.424515540565517,"cognps_random_slope"
"6500","KIAA2026","Mic P2RY12",-0.061102446789161,8.0076348872883,0.0980783449544255,0.958497797127887,0.999765323016076,0.999791880761836,"cognps_random_slope"
"6501","RANBP6","Mic P2RY12",-0.266812329396771,4.05414822994055,0.298765692850506,0.653660860142791,0.954736696106108,0.973505730425907,"cognps_random_slope"
"6502","UHRF2","Mic P2RY12",-0.323988376352487,6.68938751000217,1.54261129983474,0.215038890216699,0.696071538114488,0.761314663934591,"cognps_random_slope"
"6503","AL133480.1","Mic P2RY12",0.669389272378144,3.21797257550663,0.526569360145596,0.468524700771898,0.872768906733974,0.911648945086448,"cognps_random_slope"
"6504","AL354707.1","Mic P2RY12",2.74729398102434,2.85353590401255,7.65528616286493,0.00595311365820551,0.154741440098952,0.213382850900519,"cognps_random_slope"
"6505","KDM4C","Mic P2RY12",0.149654930029183,8.74142948880995,0.422757697001912,0.515979336907496,0.894942542151003,0.928396229499558,"cognps_random_slope"
"6506","DMAC1","Mic P2RY12",0.385268465394549,3.73569280313376,0.43748507652424,0.964452157629134,0.999765323016076,0.999791880761836,"cognps_random_slope"
"6507","PTPRD","Mic P2RY12",1.70259223869181,6.65820893344699,8.74189930072288,0.00331514210382591,0.116899936122535,0.167954783664618,"cognps_random_slope"
"6508","LURAP1L-AS1","Mic P2RY12",0.0573436662040665,2.4852999276149,0.00242459899426556,0.96075519653351,0.999765323016076,0.999791880761836,"cognps_random_slope"
"6509","MPDZ","Mic P2RY12",2.69261618815243,4.0204396642751,13.4437044928148,0.000282917098622559,0.0364555003715473,0.055696203646634,"cognps_random_slope"
"6510","NFIB","Mic P2RY12",0.991617621204065,3.83187376225786,2.01772311380891,0.156338503039045,0.627017820232642,0.705703039878475,"cognps_random_slope"
"6511","AL159169.2","Mic P2RY12",0.767017224955128,2.88842641923286,0.728605726584981,0.407951251469867,0.834639682906314,0.882181263749801,"cognps_random_slope"
"6512","ZDHHC21","Mic P2RY12",0.74911044368108,7.32049994008709,7.23378582335539,0.00748779265848293,0.170924273009022,0.236146263179432,"cognps_random_slope"
"6513","TTC39B","Mic P2RY12",-0.333678695169656,4.76869643318843,0.497377860698534,0.481111067076116,0.880880787995706,0.916739510069731,"cognps_random_slope"
"6514","SNAPC3","Mic P2RY12",0.183133617256219,5.90390162506942,0.393953525296993,0.938786204764573,0.999765323016076,0.999791880761836,"cognps_random_slope"
"6515","PSIP1","Mic P2RY12",-0.000604387217946733,5.72903533666376,1.84928988609544e-06,0.998915722318018,0.999765323016076,0.999791880761836,"cognps_random_slope"
"6516","CCDC171","Mic P2RY12",1.19612988887458,5.66632757803417,8.89255057007001,0.00305855231597608,0.112603460402185,0.161109957859067,"cognps_random_slope"
"6517","BNC2","Mic P2RY12",-0.529618643119276,9.37811965109347,3.33333982486836,0.0687180126933479,0.476194434061847,0.566910088266855,"cognps_random_slope"
"6518","CNTLN","Mic P2RY12",-0.00520505901464456,7.21480329638325,0.000509700469220223,0.982000573089971,0.999765323016076,0.999791880761836,"cognps_random_slope"
"6519","SH3GL2","Mic P2RY12",1.18608704619396,4.37949732695024,3.16519636356071,0.076067932788641,0.48938375770551,0.577387642042563,"cognps_random_slope"
"6520","ADAMTSL1","Mic P2RY12",0.913068461607737,3.37667660077638,1.77978184060707,0.183020299876555,0.658456574400359,0.730527781796228,"cognps_random_slope"
"6521","SAXO1","Mic P2RY12",-0.177067555175015,2.75463947854686,0.0302759521452709,0.861963474475446,0.999765323016076,0.999791880761836,"cognps_random_slope"
"6522","RRAGA","Mic P2RY12",0.605568869914544,3.96934677289365,0.850235666179143,0.357103855104539,0.805783593577358,0.857117684800579,"cognps_random_slope"
"6523","HAUS6","Mic P2RY12",-0.339959843254251,4.75738617772034,0.754119936156952,0.385754097108939,0.821336297323943,0.870901874556483,"cognps_random_slope"
"6524","PLIN2","Mic P2RY12",-1.71962245746866,4.82192863480368,2.89505954249939,0.0897158061424822,0.520468189660348,0.605219284704447,"cognps_random_slope"
"6525","DENND4C","Mic P2RY12",-0.307795433600234,7.64183087294272,1.48362679597905,0.224006457962979,0.705336123863224,0.769637329131246,"cognps_random_slope"
"6526","RPS6","Mic P2RY12",-0.698376802812311,6.09424554660778,2.01266230497513,0.156857404219934,0.62740155425488,0.705703039878475,"cognps_random_slope"
"6527","ACER2","Mic P2RY12",-1.20446199283836,4.53799960931604,3.07308296811809,0.0804504188984475,0.502150006361479,0.589154348263296,"cognps_random_slope"
"6528","SLC24A2","Mic P2RY12",0.789440174140799,5.12818697342305,1.81224328077892,0.179087286254366,0.651805736853547,0.725651126636356,"cognps_random_slope"
"6529","MLLT3","Mic P2RY12",0.934703593943885,4.12371209812423,1.77270048545111,0.183891560173272,0.660324436731517,0.731666032451923,"cognps_random_slope"
"6530","FOCAD","Mic P2RY12",0.552928019453966,6.77820184551693,3.91375921116128,0.0486551089783458,0.415580736664211,0.50950371479236,"cognps_random_slope"
"6531","HACD4","Mic P2RY12",0.310073716960319,5.66805956136942,0.423134780533204,0.515792328866354,0.894942542151003,0.928396229499558,"cognps_random_slope"
"6532","KLHL9","Mic P2RY12",0.0479206067928977,4.89972398206076,0.0108745741161992,0.917004308344291,0.999765323016076,0.999791880761836,"cognps_random_slope"
"6533","AL359922.1","Mic P2RY12",-0.104880756366221,3.00822673915978,0.012790962570452,0.91001664991538,0.999765323016076,0.999791880761836,"cognps_random_slope"
"6534","CDKN2A","Mic P2RY12",-0.147369303898194,4.83737465703218,0.0799781241980869,0.777489763199958,0.989472014875843,0.999230801011461,"cognps_random_slope"
"6535","CDKN2B-AS1","Mic P2RY12",-1.0004693899313,4.84567866895193,3.64270792659048,0.057111131335854,0.443936352106601,0.537383328867625,"cognps_random_slope"
"6536","AL391117.1","Mic P2RY12",-0.62379331900629,3.87632270105304,0.315208004038663,0.574851475698621,0.924900775009009,0.950322446996267,"cognps_random_slope"
"6537","AL445623.2","Mic P2RY12",0.5439907448743,4.89382313425172,0.326823585683377,0.567892620963025,0.922925953141032,0.948753778898485,"cognps_random_slope"
"6538","ELAVL2","Mic P2RY12",2.04234132370325,3.51016874712792,6.88515732376967,0.00906174499450207,0.191181134368775,0.262039569451108,"cognps_random_slope"
"6539","CAAP1","Mic P2RY12",-0.51945454140944,5.49989155302294,2.65836031180336,0.103882328208843,0.546575218031687,0.631955501745378,"cognps_random_slope"
"6540","PLAA","Mic P2RY12",-0.256256050502952,5.74177428293812,0.949761604857405,0.575814050892736,0.924960191599137,0.950485267050574,"cognps_random_slope"
"6541","IFT74","Mic P2RY12",0.127013760124216,5.11705054920426,0.111865466693861,0.738225213922386,0.980436558830992,0.994247512606934,"cognps_random_slope"
"6542","MOB3B","Mic P2RY12",-0.090672036630911,6.57376563251461,0.0334622562119236,0.854958445155502,0.999765323016076,0.999791880761836,"cognps_random_slope"
"6543","C9orf72","Mic P2RY12",-0.640783708705349,6.79773901269767,3.62758036494682,0.0576269955968389,0.445362957320207,0.538503360092276,"cognps_random_slope"
"6544","LINGO2","Mic P2RY12",2.53948426690668,4.48683504338714,12.8683271569436,0.000380432333054467,0.0406144974068395,0.0623857749901245,"cognps_random_slope"
"6545","LINC01242","Mic P2RY12",0.0937502602890649,2.94243811337943,0.00790736083482,0.929192331254815,0.999765323016076,0.999791880761836,"cognps_random_slope"
"6546","ACO1","Mic P2RY12",-0.279559274683474,4.97646127904024,0.534235707199038,0.465307432141459,0.870648547630229,0.910202590519014,"cognps_random_slope"
"6547","DDX58","Mic P2RY12",0.384954801554875,6.0082364234028,0.889968535286522,0.346119158183546,0.795476701806109,0.84730906678079,"cognps_random_slope"
"6548","TOPORS","Mic P2RY12",-0.315717591024202,5.14018202348875,0.802088450211033,0.37106874284752,0.812104761618872,0.863532460737016,"cognps_random_slope"
"6549","SMIM27","Mic P2RY12",1.04566639807984,3.07119931620142,1.7879889372851,0.302899882110425,0.763833474593217,0.824146493142595,"cognps_random_slope"
"6550","NDUFB6","Mic P2RY12",0.0447877456343865,4.855011171887,0.0141127290304302,0.905502508221587,0.999765323016076,0.999791880761836,"cognps_random_slope"
"6551","APTX","Mic P2RY12",-0.0582394436055265,6.01292215285333,0.0352048290784718,0.927213555431294,0.999765323016076,0.999791880761836,"cognps_random_slope"
"6552","DNAJA1","Mic P2RY12",0.00556662782089022,6.20359670059086,8.60208020274912e-05,0.992605077009443,0.999765323016076,0.999791880761836,"cognps_random_slope"
"6553","SMU1","Mic P2RY12",-0.471571648227052,5.57633674440003,2.53254225360016,0.112399007944005,0.564329822206441,0.647351219946283,"cognps_random_slope"
"6554","B4GALT1","Mic P2RY12",-0.0619506243593614,7.83282586195121,0.0404831270313983,0.840652663941892,0.999765323016076,0.999791880761836,"cognps_random_slope"
"6555","BAG1","Mic P2RY12",-0.712023240924883,3.91321178842554,1.84126337088189,0.175654017783763,0.647220096871106,0.722649604185209,"cognps_random_slope"
"6556","CHMP5","Mic P2RY12",-0.0241654378794748,4.88216210095164,0.00431363855012717,0.947670447225669,0.999765323016076,0.999791880761836,"cognps_random_slope"
"6557","NFX1","Mic P2RY12",-0.0669128226475138,7.48906406978095,0.073506107013039,0.786454215895863,0.990846935978286,0.999791880761836,"cognps_random_slope"
"6558","NOL6","Mic P2RY12",0.0602738278177431,3.52210817539878,0.00728638161056936,0.932022451185517,0.999765323016076,0.999791880761836,"cognps_random_slope"
"6559","UBE2R2","Mic P2RY12",-0.217451029450957,7.35753813565267,0.71480588457089,0.398415127197349,0.829062285647775,0.877517491467783,"cognps_random_slope"
"6560","UBAP2","Mic P2RY12",-0.443355566023489,6.53889487552627,2.61961040044687,0.106426998379834,0.551869133765967,0.635927767328985,"cognps_random_slope"
"6561","AL354989.1","Mic P2RY12",-0.40446280862456,2.78165792157735,0.191095446150374,0.66226882416627,0.956868413031157,0.97466222604795,"cognps_random_slope"
"6562","DCAF12","Mic P2RY12",-0.13934672148035,5.48094919638047,0.16630009331479,0.683663846383962,0.96525413612764,0.981755202962964,"cognps_random_slope"
"6563","UBAP1","Mic P2RY12",-0.362744149073517,6.86898051272185,1.72138748696329,0.190351392693398,0.667425173596083,0.73800937981429,"cognps_random_slope"
"6564","NUDT2","Mic P2RY12",0.557689639266727,4.69077020281938,1.68215175088959,0.195470259334486,0.674402119521831,0.742537130510701,"cognps_random_slope"
"6565","FAM219A","Mic P2RY12",0.290413934428137,5.36580078391405,0.654201964300742,0.419149119911307,0.841404191357022,0.887205359811597,"cognps_random_slope"
"6566","RPP25L","Mic P2RY12",1.26419030058281,2.88968048174145,2.12675806584139,0.145619376091735,0.612508854637727,0.689771228702223,"cognps_random_slope"
"6567","DCTN3","Mic P2RY12",0.728960005361503,3.41725679297402,0.844979358966343,0.358592675051082,0.806997823664322,0.858198961901543,"cognps_random_slope"
"6568","SIGMAR1","Mic P2RY12",-0.660218585094748,3.37388175065062,1.06121673905481,0.30363015653709,0.763834752722648,0.824207907714161,"cognps_random_slope"
"6569","IL11RA","Mic P2RY12",-0.108017113598598,3.77468185712875,0.0290528249716206,0.864752974888164,0.999765323016076,0.999791880761836,"cognps_random_slope"
"6570","PHF24","Mic P2RY12",1.34151935427676,2.74898346057171,1.89728914424505,0.16923870018222,0.641063451999253,0.718786798018681,"cognps_random_slope"
"6571","VCP","Mic P2RY12",0.0205215187894287,6.06440382551069,0.00401106152283995,0.949536570866524,0.999765323016076,0.999791880761836,"cognps_random_slope"
"6572","FANCG","Mic P2RY12",-0.0662138001906933,2.89410599579888,0.00520154237088214,0.942545134582681,0.999765323016076,0.999791880761836,"cognps_random_slope"
"6573","PIGO","Mic P2RY12",0.201500233716498,3.47370389450116,0.106172496314348,0.822501811366432,0.996726931048618,0.999791880761836,"cognps_random_slope"
"6574","STOML2","Mic P2RY12",-1.10293703344805,3.55917927320494,2.54772200210285,0.111331736904743,0.562785445854834,0.645901700596356,"cognps_random_slope"
"6575","FAM214B","Mic P2RY12",-0.583879341797119,4.67941704399076,1.91609164601735,0.16714650976864,0.638669314798481,0.716561047997901,"cognps_random_slope"
"6576","UNC13B","Mic P2RY12",-0.419965030135881,5.45921600499604,1.01457236839534,0.314487158748716,0.770261998566852,0.829537614030808,"cognps_random_slope"
"6577","RUSC2","Mic P2RY12",-0.259486425775246,5.79935234029885,0.591175331056887,0.442469629473445,0.857250066897881,0.898307757551507,"cognps_random_slope"
"6578","TESK1","Mic P2RY12",-0.444682036623725,3.75323930538765,0.519432513565494,0.516224037033475,0.894984981332526,0.928461979650554,"cognps_random_slope"
"6579","CD72","Mic P2RY12",-0.860933586998657,3.37943944146166,1.24388143466476,0.265469033209235,0.74036104926047,0.79895866422403,"cognps_random_slope"
"6580","CCDC107","Mic P2RY12",0.133448337847876,4.13405953443178,0.0555635655771277,0.825033551780938,0.997442739805277,0.999791880761836,"cognps_random_slope"
"6581","TPM2","Mic P2RY12",0.565577638527673,3.59767303010628,0.463739882940206,0.496319533462049,0.886333269600244,0.92129307139183,"cognps_random_slope"
"6582","TLN1","Mic P2RY12",-0.165726257254151,6.40374022706156,0.369974239063735,0.543402264148017,0.910123298286075,0.939292860686914,"cognps_random_slope"
"6583","CREB3","Mic P2RY12",0.419382058072841,3.18323206949671,0.32871602245161,0.622311941518941,0.944462324835258,0.965019437458618,"cognps_random_slope"
"6584","GBA2","Mic P2RY12",-0.504057767408511,5.42488720716487,2.5164598969875,0.11354209784637,0.565944518277359,0.648980087398186,"cognps_random_slope"
"6585","RGP1","Mic P2RY12",-0.161413402476175,4.93769186100602,0.147727204027834,0.742217735718144,0.981590829602176,0.994674014762625,"cognps_random_slope"
"6586","AL133410.1","Mic P2RY12",0.0759553461972678,5.09681780444675,0.0296224686068367,0.863446455234153,0.999765323016076,0.999791880761836,"cognps_random_slope"
"6587","NPR2","Mic P2RY12",0.810825087208148,3.57078354977134,1.5056282493602,0.220610057998172,0.701565113249527,0.766238446706023,"cognps_random_slope"
"6588","TMEM8B","Mic P2RY12",0.396937677781592,3.0410503857139,0.238794485273812,0.625376011764841,0.9451521296561,0.966312731148605,"cognps_random_slope"
"6589","RECK","Mic P2RY12",-0.422629971009892,7.32109809304169,2.1872299399622,0.140034740433909,0.604966330288465,0.681286841407529,"cognps_random_slope"
"6590","GLIPR2","Mic P2RY12",-0.450034448532151,4.55863629462412,0.264711890488222,0.607217380861548,0.938668833882294,0.961086482134485,"cognps_random_slope"
"6591","CLTA","Mic P2RY12",-0.430285562401481,6.34172579238144,2.88795989253233,0.0901086063119647,0.521505130667874,0.606236505312815,"cognps_random_slope"
"6592","GNE","Mic P2RY12",1.0546256997903,4.4444167972517,5.22804048796766,0.0228062700821208,0.295228909405963,0.383706984329413,"cognps_random_slope"
"6593","RNF38","Mic P2RY12",0.217764361901491,7.66680782003842,1.07411875328899,0.781891217995343,0.990020960532974,0.999508397105588,"cognps_random_slope"
"6594","EBLN3P","Mic P2RY12",0.21717641022794,5.14499376443042,0.365223423737136,0.972489529681698,0.999765323016076,0.999791880761836,"cognps_random_slope"
"6595","ZCCHC7","Mic P2RY12",-0.143251182826386,8.32398155932448,0.408226439703503,0.523277785343108,0.899782433670983,0.931455315464605,"cognps_random_slope"
"6596","GRHPR","Mic P2RY12",0.694550233437514,4.78375639179769,2.6528658923489,0.104239033795441,0.5473774654752,0.632589237393869,"cognps_random_slope"
"6597","ZBTB5","Mic P2RY12",-1.19908482675698,4.05661806874958,5.11471989173832,0.0243203391936711,0.302717411911988,0.392982117947753,"cognps_random_slope"
"6598","POLR1E","Mic P2RY12",0.0916524085739474,2.910841324759,0.00883833355835893,0.925151652854954,0.999765323016076,0.999791880761836,"cognps_random_slope"
"6599","AL138752.2","Mic P2RY12",-0.39853540327426,5.123111432234,1.09943251362799,0.295094825946766,0.759762874642192,0.820334506901336,"cognps_random_slope"
"6600","TRMT10B","Mic P2RY12",0.216033050085475,6.03790018164959,0.626097114858488,0.80550522930016,0.993231645669267,0.999791880761836,"cognps_random_slope"
"6601","DCAF10","Mic P2RY12",0.131067721071025,6.93309563580029,0.276129340757785,0.59957331698469,0.936283425111275,0.959054741582592,"cognps_random_slope"
"6602","GLIDR","Mic P2RY12",0.966349726963776,4.48072123468265,3.49454867591866,0.0623836847587036,0.458838506833911,0.550250458875185,"cognps_random_slope"
"6603","CBWD6","Mic P2RY12",-0.76005805996069,5.53235151174519,2.57821352380874,0.109221576753401,0.560152449319679,0.644438745853288,"cognps_random_slope"
"6604","AL845472.1","Mic P2RY12",-0.553217098082331,4.15495071636624,0.922114276364747,0.33756560950479,0.790721091418454,0.844859240409862,"cognps_random_slope"
"6605","CNTNAP3B","Mic P2RY12",2.65685504304092,3.11268338248341,8.26051527974796,0.00429249095944571,0.135989766779036,0.191632096397433,"cognps_random_slope"
"6606","LINC01410","Mic P2RY12",-0.101809280313276,6.2354751733658,0.0695007839698945,0.792216020521913,0.991361181344117,0.999791880761836,"cognps_random_slope"
"6607","AL512625.3","Mic P2RY12",-0.893808426557539,4.52786198403274,1.9358361700023,0.164981429032198,0.636488914749871,0.713766152264858,"cognps_random_slope"
"6608","CR786580.1","Mic P2RY12",-0.607499058000383,3.16143842528409,0.62238317750401,0.50611063642467,0.891090914075268,0.925603545137578,"cognps_random_slope"
"6609","CBWD5","Mic P2RY12",-0.800799305049858,7.15633041277824,5.13960602080783,0.0239790915630268,0.301688150265612,0.39202945561163,"cognps_random_slope"
"6610","ZNF658","Mic P2RY12",0.639723747732777,3.97575126622985,1.29732898289934,0.255459819837149,0.731366298748306,0.792303485302201,"cognps_random_slope"
"6611","CBWD3","Mic P2RY12",-0.457982493650842,5.31744415205056,1.1226021083439,0.290069935041402,0.755052304998711,0.816127129103758,"cognps_random_slope"
"6612","PGM5","Mic P2RY12",-0.0882463255695386,8.00353595579518,0.0463441451576494,0.8296734695189,0.998693448757996,0.999791880761836,"cognps_random_slope"
"6613","AL161457.2","Mic P2RY12",0.311017192860886,4.10752940299414,0.325169425440357,0.568873523315578,0.922938751325916,0.948753778898485,"cognps_random_slope"
"6614","AL353616.2","Mic P2RY12",0.751881102838659,3.13412618373932,0.523509752924919,0.46981869979734,0.87360072096353,0.911989958554649,"cognps_random_slope"
"6615","PIP5K1B","Mic P2RY12",0.310212555356354,7.11175624680234,0.659153304662332,0.417396070341653,0.840787365511229,0.886483329915441,"cognps_random_slope"
"6616","APBA1","Mic P2RY12",0.479196418567524,7.95003676826217,2.56544866524978,0.110099544607777,0.56065247266128,0.644627053842235,"cognps_random_slope"
"6617","PTAR1","Mic P2RY12",-0.481389563731995,6.59279876744506,3.21865952864652,0.0736431006172096,0.48433054401827,0.572984775873399,"cognps_random_slope"
"6618","MAMDC2-AS1","Mic P2RY12",1.38249951081628,3.91088841039237,4.29859387564922,0.038855468507241,0.376420613065208,0.470737578930732,"cognps_random_slope"
"6619","MAMDC2","Mic P2RY12",1.20019707696041,6.03508231489049,4.23254803226771,0.0403764702840033,0.382713877254129,0.477050142765319,"cognps_random_slope"
"6620","SMC5-AS1","Mic P2RY12",0.753622746810435,4.66995232765412,2.29179196236489,0.130938021015023,0.591809296756693,0.669219809264844,"cognps_random_slope"
"6621","SMC5","Mic P2RY12",-0.231191822792089,7.46267986587908,1.32476461700224,0.250503424880609,0.729364507285754,0.789201257695949,"cognps_random_slope"
"6622","KLF9","Mic P2RY12",-1.01565457939433,5.23206302240636,5.64898427840387,0.0179881862472533,0.263249362261335,0.348516106463213,"cognps_random_slope"
"6623","TRPM3","Mic P2RY12",1.50967529772255,4.43155949593114,5.44674024185275,0.020155176507431,0.280477175883783,0.366746129426984,"cognps_random_slope"
"6624","CEMIP2","Mic P2RY12",0.0188272934677699,6.4620137214718,0.000290541921762861,0.986409937005084,0.999765323016076,0.999791880761836,"cognps_random_slope"
"6625","ABHD17B","Mic P2RY12",-0.35397814202175,5.15739746187272,1.01487137364651,0.314415960739377,0.770261998566852,0.829537614030808,"cognps_random_slope"
"6626","C9orf85","Mic P2RY12",0.277092641566777,6.13215167221969,0.825965477084167,0.416832200028198,0.840657516279971,0.886483329915441,"cognps_random_slope"
"6627","GDA","Mic P2RY12",1.14227787603364,3.43887846914215,1.91248926917697,0.167545039091953,0.638685292999734,0.716732069796503,"cognps_random_slope"
"6628","LINC01504","Mic P2RY12",1.32448372413733,3.84391861677185,2.12921671369461,0.145387468968343,0.612107279812997,0.689184290977986,"cognps_random_slope"
"6629","ZFAND5","Mic P2RY12",-0.589320759017112,5.64584544065127,2.62941761823684,0.105776546700054,0.550261438749286,0.634792953430487,"cognps_random_slope"
"6630","ALDH1A1","Mic P2RY12",-0.913284807026963,2.87291069637678,0.995689767664405,0.319026629120986,0.774041290465206,0.831845984625369,"cognps_random_slope"
"6631","ANXA1","Mic P2RY12",-0.0570875798697421,3.03437608131892,0.004268062253582,0.94794723232706,0.999765323016076,0.999791880761836,"cognps_random_slope"
"6632","RORB","Mic P2RY12",1.32954868350478,3.83063710859017,2.90663532484408,0.0890793497083139,0.517896904746687,0.602910218905415,"cognps_random_slope"
"6633","C9orf41-AS1","Mic P2RY12",0.0771298549533878,3.46449376644395,0.0149574798757132,0.902729130321379,0.999765323016076,0.999791880761836,"cognps_random_slope"
"6634","CARNMT1","Mic P2RY12",-0.385933360679255,5.63126946277695,0.957007340330973,0.328599640267864,0.781743969328891,0.838704731103701,"cognps_random_slope"
"6635","NMRK1","Mic P2RY12",-0.192439328431447,5.49190354053307,0.195883712724906,0.658330187206358,0.955612931885691,0.973592644066785,"cognps_random_slope"
"6636","OSTF1","Mic P2RY12",0.0593107101905009,7.37836202631997,0.0716522372298287,0.79453135497529,0.992143902613387,0.999791880761836,"cognps_random_slope"
"6637","PCSK5","Mic P2RY12",-0.54997159265612,6.3576836536836,1.11229789834476,0.292291007090426,0.757405070826976,0.818419565048935,"cognps_random_slope"
"6638","RFK","Mic P2RY12",0.142513059553144,3.34925297643411,0.0357361665997288,0.979021196258014,0.999765323016076,0.999791880761836,"cognps_random_slope"
"6639","GCNT1","Mic P2RY12",-2.31028849874504,3.02994550798607,6.84228543553894,0.00927752591281244,0.192458397457584,0.264093209222672,"cognps_random_slope"
"6640","PRUNE2","Mic P2RY12",1.27681866462261,4.9326987726326,4.90734741217889,0.0273686645593081,0.319525595024525,0.411679214231393,"cognps_random_slope"
"6641","VPS13A","Mic P2RY12",0.171482811084405,5.71115383399081,0.225206688968586,0.635389034239014,0.949736241790035,0.96945689678304,"cognps_random_slope"
"6642","GNA14","Mic P2RY12",0.72915250002737,3.07073072412226,0.65829541848166,0.417699026153809,0.840787365511229,0.886483329915441,"cognps_random_slope"
"6643","GNAQ","Mic P2RY12",-0.375393462771312,10.5538808900214,3.00098931120131,0.0840710611935287,0.507037034677983,0.594536409851977,"cognps_random_slope"
"6644","CEP78","Mic P2RY12",0.396798967541367,4.63394393105761,0.952215513487697,0.32981192429157,0.782641599045013,0.839270332854404,"cognps_random_slope"
"6645","PSAT1","Mic P2RY12",-0.093298693431688,3.01536519432347,0.00894211102733463,0.924714814308472,0.999765323016076,0.999791880761836,"cognps_random_slope"
"6646","TLE4","Mic P2RY12",-0.464052643296958,7.51305031745227,2.13013558807089,0.145300905227869,0.612107279812997,0.689184290977986,"cognps_random_slope"
"6647","TLE1","Mic P2RY12",-0.330390347312564,3.24313734793385,0.149709168281282,0.699042297383559,0.969804265685207,0.98522366711326,"cognps_random_slope"
"6648","AL591368.1","Mic P2RY12",-0.990560408246172,3.42838093078706,1.42012459283838,0.234168724901058,0.715316864007084,0.777630564574216,"cognps_random_slope"
"6649","FRMD3","Mic P2RY12",-1.20008508819712,5.88519234567705,6.59033955150302,0.0106570768286368,0.203731079287534,0.277120873242925,"cognps_random_slope"
"6650","IDNK","Mic P2RY12",0.804108452264766,4.35326226586128,2.14915651537775,0.143522038338305,0.609827374658516,0.68699278012833,"cognps_random_slope"
"6651","UBQLN1","Mic P2RY12",-0.0790651696901719,6.46800593640732,0.0763788396377917,0.783324204027214,0.990117185051922,0.999693781752941,"cognps_random_slope"
"6652","GKAP1","Mic P2RY12",0.016803100431835,5.88816778780225,0.00118249818739802,0.972587251964359,0.999765323016076,0.999791880761836,"cognps_random_slope"
"6653","KIF27","Mic P2RY12",-0.4667102744467,5.03759715068877,1.45479099784608,0.228553640794462,0.710154432032821,0.772587835198133,"cognps_random_slope"
"6654","C9orf64","Mic P2RY12",0.136803417903613,3.54375257908895,0.0475358474220858,0.827531600734673,0.998295111550812,0.999791880761836,"cognps_random_slope"
"6655","HNRNPK","Mic P2RY12",-0.430330757493706,6.50894973522699,2.88346111359995,0.090358478416356,0.52238738967109,0.607192815468479,"cognps_random_slope"
"6656","AL354733.3","Mic P2RY12",-0.466784441440145,2.85792114445752,0.221587314935259,0.638118497671133,0.950271487556261,0.970357720549608,"cognps_random_slope"
"6657","RMI1","Mic P2RY12",0.263045415222811,4.78302169326428,0.398441117544868,0.528296406652592,0.903655370536966,0.934139357377662,"cognps_random_slope"
"6658","NTRK2","Mic P2RY12",2.1399581336451,4.9187602531358,11.6950608201313,0.000698596692806808,0.0553958241438109,0.0824600127713586,"cognps_random_slope"
"6659","AGTPBP1","Mic P2RY12",0.0112988303770745,7.65603288367333,0.0012087689329919,0.97228454130226,0.999765323016076,0.999791880761836,"cognps_random_slope"
"6660","NAA35","Mic P2RY12",0.116924161599163,6.31039772144535,0.231106745176817,0.630996727257622,0.948086909068213,0.968072216129506,"cognps_random_slope"
"6661","GOLM1","Mic P2RY12",1.50815655842284,3.60043752505298,4.96766274206461,0.0264429571728144,0.314587873345963,0.40602907174444,"cognps_random_slope"
"6662","C9orf153","Mic P2RY12",-0.48841667960108,3.47725351775212,0.328473064157075,0.566917770547787,0.922925953141032,0.948745471623017,"cognps_random_slope"
"6663","ISCA1","Mic P2RY12",-0.0263457650308471,3.91916922575762,0.00225580450076497,0.962144832214824,0.999765323016076,0.999791880761836,"cognps_random_slope"
"6664","TUT7","Mic P2RY12",-0.265593439419367,7.53303877734697,0.818212729300939,0.366308793636271,0.811562709840244,0.862405100667332,"cognps_random_slope"
"6665","DAPK1","Mic P2RY12",-0.250190266178704,4.57392810574415,0.203504956096761,0.652178387193089,0.954420308107869,0.973494108193761,"cognps_random_slope"
"6666","CTSL","Mic P2RY12",-0.375806686533784,5.49806012384447,0.454542018884643,0.500619003987554,0.889476739636144,0.923992604223487,"cognps_random_slope"
"6667","SPIN1","Mic P2RY12",0.777934042250717,7.64584016731819,10.1691357910413,0.00155345130773924,0.0860239709711304,0.122456502562871,"cognps_random_slope"
"6668","SHC3","Mic P2RY12",-0.566936320023325,5.11733353138339,1.1775957943274,0.27857288836198,0.748940851168991,0.809697872498657,"cognps_random_slope"
"6669","CKS2","Mic P2RY12",-0.103938314420569,3.03912459855583,0.00692300327096707,0.933735158674479,0.999765323016076,0.999791880761836,"cognps_random_slope"
"6670","SECISBP2","Mic P2RY12",0.357428251295637,7.09940274212983,2.12113407056351,0.178534657126669,0.651032092559046,0.725106079070574,"cognps_random_slope"
"6671","SEMA4D","Mic P2RY12",-0.160427917393765,7.7680935272072,0.2293381338224,0.632306067578721,0.948777696968139,0.968564075162913,"cognps_random_slope"
"6672","GADD45G","Mic P2RY12",-1.1987919839025,2.67685517675295,1.17688765917441,0.278717220995757,0.748965205246468,0.809752544761512,"cognps_random_slope"
"6673","DIRAS2","Mic P2RY12",1.46229923621262,3.73894926566259,3.44934108394861,0.0640943157226352,0.463283670441766,0.554562902775347,"cognps_random_slope"
"6674","SYK","Mic P2RY12",0.0435769089117628,9.56128672006886,0.0391415674797501,0.843280246399831,0.999765323016076,0.999791880761836,"cognps_random_slope"
"6675","AL158071.1","Mic P2RY12",-0.865407226734587,3.44433791333652,1.06507879161834,0.302753216560503,0.763833474593217,0.823846863893366,"cognps_random_slope"
"6676","AL158071.4","Mic P2RY12",-0.726528453382985,6.9217537891359,1.9963477252925,0.158543618028797,0.628990537490045,0.706937631044709,"cognps_random_slope"
"6677","AUH","Mic P2RY12",-0.452494696589674,7.26026753721716,1.64064216332343,0.201062780932141,0.68055550277716,0.748052124940614,"cognps_random_slope"
"6678","NFIL3","Mic P2RY12",-2.71679450759111,4.69316070295819,12.3956588948759,0.000485660556832624,0.0468225692238417,0.0709234819135438,"cognps_random_slope"
"6679","ROR2","Mic P2RY12",2.01747742887229,5.32975463089668,3.5635208255348,0.0598672394817947,0.451508434578704,0.544299908237831,"cognps_random_slope"
"6680","SPTLC1","Mic P2RY12",0.19951801109334,6.33957440100945,0.660535605430157,0.943633560868641,0.999765323016076,0.999791880761836,"cognps_random_slope"
"6681","IARS","Mic P2RY12",0.111823062670608,6.50336586776006,0.0404238040086262,0.840767888567774,0.999765323016076,0.999791880761836,"cognps_random_slope"
"6682","NOL8","Mic P2RY12",-0.180946799190101,5.99133548074991,0.326219029806639,0.568250734552146,0.922925953141032,0.948753778898485,"cognps_random_slope"
"6683","CENPP","Mic P2RY12",-0.098800483361737,7.31249984919702,0.0615738581240105,0.804167093726566,0.993197797801506,0.999791880761836,"cognps_random_slope"
"6684","OMD","Mic P2RY12",0.505084481186219,2.63771862864167,0.179482253683818,0.672071829539591,0.961372041791375,0.978644170695021,"cognps_random_slope"
"6685","ASPN","Mic P2RY12",0.0517265812980491,2.62777618317862,0.00163050277987012,0.967812993138842,0.999765323016076,0.999791880761836,"cognps_random_slope"
"6686","ECM2","Mic P2RY12",-0.249013324717843,2.81135598046933,0.068923599791914,0.793060837605317,0.991704028031233,0.999791880761836,"cognps_random_slope"
"6687","IPPK","Mic P2RY12",0.318474141285857,5.07105591364704,0.743583262003479,0.389090086627443,0.824378853896342,0.873100030159819,"cognps_random_slope"
"6688","BICD2","Mic P2RY12",-0.570851149623133,6.14731129028744,4.52945112212745,0.0339957586781948,0.352613902512762,0.445342463335213,"cognps_random_slope"
"6689","ZNF484","Mic P2RY12",0.356169793503112,4.18363393387433,0.518819526478911,0.502331891258483,0.889985970235902,0.924602083436239,"cognps_random_slope"
"6690","FGD3","Mic P2RY12",0.151771889988812,6.97640344138595,0.230477487250971,0.631461871211713,0.94816590086444,0.968253819266966,"cognps_random_slope"
"6691","SUSD3","Mic P2RY12",0.740212490734247,6.08397631884565,1.90082492000386,0.168842978029499,0.64031710755563,0.718288334394934,"cognps_random_slope"
"6692","CARD19","Mic P2RY12",-0.200711554642723,5.15248126632856,0.261291450597227,0.609547969695511,0.93885760879533,0.961460719578766,"cognps_random_slope"
"6693","NINJ1","Mic P2RY12",-0.950469728571154,6.44619582147868,6.86572767821366,0.0091588902518285,0.191181134368775,0.262039569451108,"cognps_random_slope"
"6694","WNK2","Mic P2RY12",1.03094048314914,3.47560076859602,2.11157665812416,0.147060640439984,0.613906387967251,0.691770974029443,"cognps_random_slope"
"6695","FAM120AOS","Mic P2RY12",0.17114634375161,4.47742789957307,0.160536122920633,0.688901325584969,0.967043650386722,0.983552366303845,"cognps_random_slope"
"6696","FAM120A","Mic P2RY12",-0.0104748881090516,7.87156062914112,0.0033653133073949,0.953771830621363,0.999765323016076,0.999791880761836,"cognps_random_slope"
"6697","PHF2","Mic P2RY12",-0.154645061317727,5.50904254936016,0.18105722545758,0.71458313048206,0.975327034936739,0.990122099239017,"cognps_random_slope"
"6698","PTPDC1","Mic P2RY12",0.404814074880838,4.6899221563572,0.768693577960468,0.381206787799094,0.81893496896482,0.869389294053126,"cognps_random_slope"
"6699","AL158152.2","Mic P2RY12",-0.126024538733854,5.39494952961169,0.129005690987898,0.719675996857439,0.97571529536985,0.991463831658989,"cognps_random_slope"
"6700","ZNF169","Mic P2RY12",0.199944478213727,5.3980641606167,0.339081378576656,0.5607248309779,0.920002061148461,0.946258818399626,"cognps_random_slope"
"6701","AL691447.2","Mic P2RY12",-0.18050259797065,3.21452843932756,0.0404369468344674,0.840742353338277,0.999765323016076,0.999791880761836,"cognps_random_slope"
"6702","MFSD14B","Mic P2RY12",0.113018215545037,6.07893484061314,0.139084111143881,0.727384931575366,0.977594945023934,0.992716167586774,"cognps_random_slope"
"6703","FBP1","Mic P2RY12",0.998996269191947,4.12777705133139,2.91022881114108,0.0888827749012452,0.517799401397273,0.602735949038846,"cognps_random_slope"
"6704","C9orf3","Mic P2RY12",0.3288246109274,7.28392002387888,1.70165075589548,0.192906428952926,0.670495801404088,0.739764490686124,"cognps_random_slope"
"6705","FANCC","Mic P2RY12",-0.259568870687841,6.13409990774776,0.626428434405306,0.429190119999059,0.848086940362737,0.891697247435349,"cognps_random_slope"
"6706","PTCH1","Mic P2RY12",0.735026568957094,4.30750859878644,1.45236110703345,0.228941877302418,0.710205062445666,0.772587835198133,"cognps_random_slope"
"6707","LINC00476","Mic P2RY12",0.492029947421708,5.09058145696413,1.05594104292966,0.30483341504211,0.76542488195228,0.82562101659351,"cognps_random_slope"
"6708","ERCC6L2","Mic P2RY12",-0.132111027060554,6.94578864665494,0.290509001792652,0.608533105547155,0.93885760879533,0.961459183207151,"cognps_random_slope"
"6709","AL160269.1","Mic P2RY12",-1.34113723464015,3.16473694348467,3.06001179850847,0.0828646468117089,0.505420462602119,0.593030725533821,"cognps_random_slope"
"6710","SLC35D2","Mic P2RY12",-0.297632544209376,5.13782484345733,0.512644696068988,0.785823812312195,0.990846935978286,0.999791880761836,"cognps_random_slope"
"6711","ZNF367","Mic P2RY12",-0.445947156430784,3.52857500926463,0.426744803344567,0.514007982091691,0.894942542151003,0.92830484233112,"cognps_random_slope"
"6712","HABP4","Mic P2RY12",0.314792366473329,4.78952901980815,0.5754949868407,0.926214727547585,0.999765323016076,0.999791880761836,"cognps_random_slope"
"6713","CDC14B","Mic P2RY12",0.304268814887435,7.30167288144906,1.46592006747732,0.226785610162882,0.707273437699041,0.770357310592185,"cognps_random_slope"
"6714","AAED1","Mic P2RY12",-0.622285683519024,3.92215185952298,1.47218504416272,0.225797572581894,0.706583534051226,0.769637329131246,"cognps_random_slope"
"6715","AL589843.1","Mic P2RY12",-0.22117932276103,5.08666609696076,0.195907157089213,0.658311045103736,0.955612931885691,0.973592644066785,"cognps_random_slope"
"6716","ZNF510","Mic P2RY12",0.494922952669699,4.27426199394357,1.25067275822274,0.264170491068171,0.738205942246402,0.797819654538769,"cognps_random_slope"
"6717","ZNF782","Mic P2RY12",0.114738174441903,6.14746925332,0.166379876743706,0.683592098317965,0.96525413612764,0.981754609286439,"cognps_random_slope"
"6718","MFSD14C","Mic P2RY12",0.120585960481243,7.78789324928968,0.47981185254024,0.826398806572334,0.997790670013024,0.999791880761836,"cognps_random_slope"
"6719","CCDC180","Mic P2RY12",0.111586374654693,4.59895968221296,0.0621823466731161,0.871437267006767,0.999765323016076,0.999791880761836,"cognps_random_slope"
"6720","TDRD7","Mic P2RY12",-0.492478814938847,6.34261391695907,2.20268466565297,0.13864652277919,0.602464311632875,0.67907281689345,"cognps_random_slope"
"6721","TMOD1","Mic P2RY12",-1.06368810178112,6.29654148811588,4.28006500814427,0.0392759868633072,0.37707757742416,0.47106469548632,"cognps_random_slope"
"6722","TSTD2","Mic P2RY12",0.0526220127302272,5.42222686181186,0.022787098690284,0.991873258417095,0.999765323016076,0.999791880761836,"cognps_random_slope"
"6723","NCBP1","Mic P2RY12",-0.375063368337959,5.09360655478433,1.05241733632063,0.30564053511955,0.766189285112733,0.825953917776889,"cognps_random_slope"
"6724","XPA","Mic P2RY12",-0.099656462627866,5.98276877503034,0.136558138030548,0.711944449899773,0.974343093658788,0.989372809189217,"cognps_random_slope"
"6725","TRMO","Mic P2RY12",-0.612727519747372,3.85333738155884,1.13499269782112,0.287427624755035,0.754255972880221,0.814647163364235,"cognps_random_slope"
"6726","ANP32B","Mic P2RY12",-0.109252725810799,5.64634615037537,0.102243989710391,0.749338874925386,0.982244103840787,0.994674014762625,"cognps_random_slope"
"6727","NANS","Mic P2RY12",0.312240967782185,5.36702580993671,0.602112951110766,0.438282966622349,0.854274719151492,0.896329999692071,"cognps_random_slope"
"6728","TRIM14","Mic P2RY12",-0.522518236807969,6.76593231944543,2.01985021210147,0.156120989206449,0.626600078398338,0.705656671072896,"cognps_random_slope"
"6729","CORO2A","Mic P2RY12",-1.29923043651195,3.00205101083836,2.03341115058583,0.154742349804015,0.6245385483968,0.702925639576145,"cognps_random_slope"
"6730","TBC1D2","Mic P2RY12",-0.283585760271216,4.41998081587082,0.221875880932452,0.637899886607183,0.950271487556261,0.970357720549608,"cognps_random_slope"
"6731","GABBR2","Mic P2RY12",2.27597554427031,4.50237375577332,12.7365138159194,0.000407208100658416,0.0410300432851386,0.0624245587023359,"cognps_random_slope"
"6732","ANKS6","Mic P2RY12",0.714434376101323,5.12976756471283,3.40153575503,0.065958043036054,0.46833427160025,0.559524739020346,"cognps_random_slope"
"6733","GALNT12","Mic P2RY12",0.702903155604778,3.29503607994623,0.956397270529943,0.328753651700113,0.781766177461866,0.838771691887072,"cognps_random_slope"
"6734","COL15A1","Mic P2RY12",2.22899956099649,3.49513672302688,5.82526652699424,0.0162967197638144,0.251314547243816,0.334590889074822,"cognps_random_slope"
"6735","TGFBR1","Mic P2RY12",-0.0424403634206818,9.49824937834726,0.00686361590887185,0.934019335267982,0.999765323016076,0.999791880761836,"cognps_random_slope"
"6736","ALG2","Mic P2RY12",-0.585145769098389,4.05395882416524,1.16915253304485,0.280299975151402,0.750450717615308,0.811324991036345,"cognps_random_slope"
"6737","SEC61B","Mic P2RY12",-0.196405288571068,4.94082254822003,0.196115663194836,0.658140862088448,0.955612931885691,0.973592644066785,"cognps_random_slope"
"6738","AL359710.1","Mic P2RY12",-0.744896673482164,3.33903191640644,0.954466395735725,0.329241732936614,0.782153650023265,0.839060113833977,"cognps_random_slope"
"6739","NR4A3","Mic P2RY12",-1.91589770871612,4.28372830419693,0.860041533401396,0.354349037444121,0.802676039687063,0.854255713723392,"cognps_random_slope"
"6740","STX17","Mic P2RY12",-0.0309734428170856,5.4578176236062,0.00890785172625737,0.92485874048907,0.999765323016076,0.999791880761836,"cognps_random_slope"
"6741","ERP44","Mic P2RY12",-0.386084695022011,7.31719028504537,2.14924171792695,0.143514125634601,0.609827374658516,0.68699278012833,"cognps_random_slope"
"6742","INVS","Mic P2RY12",0.347892681113332,7.86353617835298,2.22067055512378,0.137050413727018,0.601269752075375,0.678086167366028,"cognps_random_slope"
"6743","TEX10","Mic P2RY12",-0.134265307759914,5.4722326080665,0.165473999919477,0.684407923072733,0.96526547799949,0.981938174288632,"cognps_random_slope"
"6744","MSANTD3-TMEFF1","Mic P2RY12",0.970606816325967,2.80823767901962,1.17689864263285,0.27871498161757,0.748965205246468,0.809752544761512,"cognps_random_slope"
"6745","PLPPR1","Mic P2RY12",0.608981517357895,2.83359227018602,0.40018113127403,0.527397730350788,0.902984155414707,0.933368539976334,"cognps_random_slope"
"6746","MRPL50","Mic P2RY12",-0.504153097786813,3.53375709866298,0.746444746522206,0.388180052034808,0.823456298088724,0.872608875947737,"cognps_random_slope"
"6747","ZNF189","Mic P2RY12",0.110051479044373,4.99751980503748,0.077083176398189,0.781449355647882,0.990020960532974,0.999508397105588,"cognps_random_slope"
"6748","TMEM246","Mic P2RY12",3.03655924815648,2.82427120111771,8.38306994706572,0.00401865975491703,0.130595889140983,0.185192922405047,"cognps_random_slope"
"6749","RNF20","Mic P2RY12",-0.126587091344387,4.96777590595736,0.123859205308952,0.725092115966221,0.976701705810179,0.992103026315284,"cognps_random_slope"
"6750","SMC2","Mic P2RY12",-0.599884103631476,4.31458222691301,1.53200810772797,0.216618786463445,0.697646805430575,0.76307352200287,"cognps_random_slope"
"6751","NIPSNAP3A","Mic P2RY12",-0.430101285691133,4.68763971856639,1.05030648897237,0.306125363248946,0.766753533621462,0.826318968993651,"cognps_random_slope"
"6752","NIPSNAP3B","Mic P2RY12",-0.17824616474884,4.8264281711584,0.121087099403001,0.728062010107196,0.977594945023934,0.992716167586774,"cognps_random_slope"
"6753","ABCA1","Mic P2RY12",-1.11022490155282,6.98473799078522,3.41535372926838,0.0654134417766738,0.467214377618485,0.558842693364646,"cognps_random_slope"
"6754","SLC44A1","Mic P2RY12",-0.145872936784239,6.92446207347614,0.217948899925955,0.640889917157682,0.950874323474461,0.970806423495585,"cognps_random_slope"
"6755","FSD1L","Mic P2RY12",-0.202508830191005,4.9970735858805,0.256180687974111,0.613066424022163,0.940399122416995,0.963142172997874,"cognps_random_slope"
"6756","FKTN","Mic P2RY12",0.33578577447788,5.5625858074386,0.76977753730073,0.380871615162162,0.81893496896482,0.869368286304641,"cognps_random_slope"
"6757","TMEM38B","Mic P2RY12",-0.116871495742169,4.30441259547011,0.0404043457501456,0.840805701999882,0.999765323016076,0.999791880761836,"cognps_random_slope"
"6758","LINC01505","Mic P2RY12",0.599751777262315,4.69011989980766,0.694634063848897,0.405145820665088,0.832587827418286,0.880198242323207,"cognps_random_slope"
"6759","RAD23B","Mic P2RY12",-0.302915835301894,6.76526091962601,1.27031558756165,0.260458938982513,0.73470989405828,0.795715081347276,"cognps_random_slope"
"6760","ELP1","Mic P2RY12",0.0750806844111832,5.43190196542967,0.0613694687558095,0.852279016984522,0.999765323016076,0.999791880761836,"cognps_random_slope"
"6761","FAM206A","Mic P2RY12",1.0877453913138,3.19536715661375,2.12271991772381,0.146001175314311,0.612508854637727,0.690184037603556,"cognps_random_slope"
"6762","CTNNAL1","Mic P2RY12",2.04574714664059,3.1115219943338,4.23570130562101,0.0403024436050935,0.382502157756273,0.476965139672878,"cognps_random_slope"
"6763","TMEM245","Mic P2RY12",0.429675932714151,6.5657286007119,2.45614781906533,0.117945015373635,0.574339081039999,0.653758942921173,"cognps_random_slope"
"6764","FRRS1L","Mic P2RY12",1.91578660928226,4.03514291311653,7.45466513161248,0.00663866414132598,0.160863936801003,0.221747540920322,"cognps_random_slope"
"6765","EPB41L4B","Mic P2RY12",1.10698893337587,2.94685186619872,1.6134975726864,0.204822041697664,0.6862050451976,0.752315563713562,"cognps_random_slope"
"6766","PALM2","Mic P2RY12",1.89896245499064,2.77993446836615,2.78640660038492,0.09593741267026,0.534126508894427,0.619212415874896,"cognps_random_slope"
"6767","TXN","Mic P2RY12",0.157424880991952,3.60108430626435,0.0446393668921953,0.83278822610234,0.999366959106503,0.999791880761836,"cognps_random_slope"
"6768","SVEP1","Mic P2RY12",0.98073306426277,3.15146168955424,1.07614174452994,0.300259274442366,0.762414699475663,0.823013995190349,"cognps_random_slope"
"6769","MUSK","Mic P2RY12",-1.75655389344506,2.886272677355,3.18545628343838,0.075139053555697,0.486443698888839,0.575215606931473,"cognps_random_slope"
"6770","LPAR1","Mic P2RY12",0.408322006466967,7.49334890647549,1.12606233841166,0.289328926059759,0.75452783964146,0.815536661445769,"cognps_random_slope"
"6771","AL162414.1","Mic P2RY12",0.856071419429983,6.82885849703147,1.50400412362485,0.220858654187728,0.701884026970417,0.766274263749453,"cognps_random_slope"
"6772","ECPAS","Mic P2RY12",0.0948137765308007,7.36912843752029,0.151022831376072,0.697789782278097,0.9695262698091,0.984989885855413,"cognps_random_slope"
"6773","ZNF483","Mic P2RY12",1.40593642936395,4.7681981348511,6.89399613434378,0.00901790375058279,0.190914578454281,0.261995670176403,"cognps_random_slope"
"6774","PTGR1","Mic P2RY12",-0.536938216234607,5.07472288253783,1.28379932184795,0.257948621087007,0.733143047971788,0.794026514350324,"cognps_random_slope"
"6775","C9orf84","Mic P2RY12",-0.735450753731181,5.94652369328651,0.891349415687605,0.345745730598443,0.795476701806109,0.84730906678079,"cognps_random_slope"
"6776","UGCG","Mic P2RY12",-0.761985484593713,7.76619271891431,2.53043259817856,0.112548228570137,0.564329822206441,0.647368423306744,"cognps_random_slope"
"6777","SUSD1","Mic P2RY12",-0.579813960104949,6.49945903698983,1.1298662699901,0.288517100949491,0.754255972880221,0.814785181423165,"cognps_random_slope"
"6778","PTBP3","Mic P2RY12",-0.330146760969344,7.80827943662181,2.11261310076723,0.146961732509149,0.613906387967251,0.691749576568572,"cognps_random_slope"
"6779","HSDL2","Mic P2RY12",-0.203399254971803,5.95334936235707,0.290226927176789,0.59040845540065,0.932334686624445,0.95595795942313,"cognps_random_slope"
"6780","C9orf147","Mic P2RY12",-0.0472022405595395,2.6528511614799,0.00112363628820146,0.973277967836068,0.999765323016076,0.999791880761836,"cognps_random_slope"
"6781","KIAA1958","Mic P2RY12",-0.406952881742174,4.20572139928691,0.425009699793214,0.514864253191636,0.894942542151003,0.928385153467388,"cognps_random_slope"
"6782","INIP","Mic P2RY12",0.397660406665542,4.79411142858461,0.936768747815072,0.333760668382833,0.786759060288528,0.842836593131758,"cognps_random_slope"
"6783","SNX30","Mic P2RY12",0.0539183129690372,7.04893561241757,0.0251178866796583,0.874162624417583,0.999765323016076,0.999791880761836,"cognps_random_slope"
"6784","ZNF883","Mic P2RY12",0.115829947258458,3.21941042093883,0.0258477866889142,0.872362882412176,0.999765323016076,0.999791880761836,"cognps_random_slope"
"6785","ZFP37","Mic P2RY12",1.49808213233962,2.88125217165559,2.50835251685873,0.11412322005864,0.567424009531676,0.649688862805022,"cognps_random_slope"
"6786","SLC31A2","Mic P2RY12",-0.726082842694803,4.23577562501996,1.49629352115279,0.222043469681333,0.70294595092844,0.767426379920919,"cognps_random_slope"
"6787","FKBP15","Mic P2RY12",0.132347280113297,7.42870905198109,0.189098698895867,0.663928649335925,0.957859864700565,0.975512907897142,"cognps_random_slope"
"6788","SLC31A1","Mic P2RY12",-0.494769549969715,5.62692400332338,1.07560713253337,0.300379181021398,0.762414699475663,0.823013995190349,"cognps_random_slope"
"6789","CDC26","Mic P2RY12",-1.01498948092819,3.615885301462,2.4391575774091,0.119219288274378,0.576548354002842,0.656040725932598,"cognps_random_slope"
"6790","PRPF4","Mic P2RY12",-0.324045337731763,4.3221222501917,0.576728354560867,0.448095064356071,0.860161513113812,0.901347539784763,"cognps_random_slope"
"6791","WDR31","Mic P2RY12",2.11191360695686,2.7664844258438,4.04503492149732,0.0450471978882338,0.400524793552265,0.494657026941148,"cognps_random_slope"
"6792","HDHD3","Mic P2RY12",-0.397311785879884,4.7213756131467,0.554754849678282,0.456867795368819,0.865510720220435,0.905764164095184,"cognps_random_slope"
"6793","ALAD","Mic P2RY12",0.862011335670435,3.95582896707659,2.46020389910275,0.117643048657251,0.574339081039999,0.65374969977267,"cognps_random_slope"
"6794","POLE3","Mic P2RY12",-0.645091461357974,3.40202950800998,0.948737781953499,0.330695491459222,0.782992241597155,0.839379744306457,"cognps_random_slope"
"6795","RGS3","Mic P2RY12",-1.62176184739885,3.40307812214051,3.70646714495577,0.0549903592394019,0.436313933844455,0.529175079983612,"cognps_random_slope"
"6796","ZNF618","Mic P2RY12",-0.464053463255701,7.2564028080109,1.21822645974453,0.270446970279047,0.744149710936582,0.80395924906924,"cognps_random_slope"
"6797","COL27A1","Mic P2RY12",-0.338783873981151,3.6866870143214,0.0825207504626682,0.774075441808158,0.987777496272494,0.998208143973629,"cognps_random_slope"
"6798","AKNA","Mic P2RY12",-0.0746252853939053,7.32965436433718,0.0801535820204218,0.777252284418103,0.989451682671891,0.999153424119406,"cognps_random_slope"
"6799","WHRN","Mic P2RY12",1.07264271428162,2.56628672262891,0.908321633780353,0.341200260282264,0.792405774789648,0.845625767302657,"cognps_random_slope"
"6800","ATP6V1G1","Mic P2RY12",0.0363146970049267,4.87801228536734,0.00796549751506798,0.92893320083316,0.999765323016076,0.999791880761836,"cognps_random_slope"
"6801","TMEM268","Mic P2RY12",0.390122286979853,5.75771790249216,1.20878915282954,0.272307510492613,0.744779611321214,0.804343634547338,"cognps_random_slope"
"6802","TNFSF8","Mic P2RY12",-1.27234744975128,5.24691430291655,9.3292040460673,0.00242348287704214,0.105788579919354,0.150516312570014,"cognps_random_slope"
"6803","TNC","Mic P2RY12",1.05027104500943,2.49750488303144,0.816968386631118,0.36667308689609,0.811562709840244,0.862405100667332,"cognps_random_slope"
"6804","DEC1","Mic P2RY12",-0.742403910538486,2.7139278418655,0.509003483903254,0.47603327759006,0.878460570397321,0.914552110098369,"cognps_random_slope"
"6805","ASTN2","Mic P2RY12",0.829873827459241,5.31414511857175,2.52541966955648,0.112903683727148,0.564560546875936,0.647852774148269,"cognps_random_slope"
"6806","TRIM32","Mic P2RY12",-0.114116424215148,3.26884888827541,0.0249773907475085,0.874512114607147,0.999765323016076,0.999791880761836,"cognps_random_slope"
"6807","AL160272.2","Mic P2RY12",1.57555173353398,5.35434829393507,8.72318238441256,0.00334852112786768,0.117012922812171,0.168357219029354,"cognps_random_slope"
"6808","BRINP1","Mic P2RY12",2.03636007031775,3.57414391911575,6.97846345211372,0.00860978435737487,0.185497942400612,0.255741223105424,"cognps_random_slope"
"6809","CDK5RAP2","Mic P2RY12",0.143099603354714,6.71167074305507,0.316613332088158,0.574000642595935,0.924874667720107,0.950153024578689,"cognps_random_slope"
"6810","MEGF9","Mic P2RY12",-0.595940493823015,6.31126790878349,2.78431868408905,0.0960614925832777,0.534126508894427,0.619347758812554,"cognps_random_slope"
"6811","FBXW2","Mic P2RY12",-0.361369062125173,5.4778885951311,1.19193486835352,0.275670485359393,0.747595304395617,0.807351401978114,"cognps_random_slope"
"6812","PSMD5","Mic P2RY12",-0.688296299035924,5.63611071248871,5.28856262738195,0.0220381777771669,0.291256035889363,0.380053502628114,"cognps_random_slope"
"6813","PHF19","Mic P2RY12",-0.788187452197679,3.58913972207054,1.52569406438009,0.217566180122852,0.698281577604405,0.764142105183633,"cognps_random_slope"
"6814","TRAF1","Mic P2RY12",-0.356204314673924,3.57445541504464,0.248944541314737,0.618124295335705,0.941840100260806,0.963917775753802,"cognps_random_slope"
"6815","C5","Mic P2RY12",-1.17414341779627,4.35822617422836,3.39163823123285,0.0663511173296391,0.469213223209642,0.560515038951995,"cognps_random_slope"
"6816","CNTRL","Mic P2RY12",-0.322424417279006,7.91102683200715,1.72941592710828,0.189323410691343,0.665830970747646,0.736802398418148,"cognps_random_slope"
"6817","RAB14","Mic P2RY12",-0.0136530172696001,6.24550299367296,0.00248080222318696,0.960303319551545,0.999765323016076,0.999791880761836,"cognps_random_slope"
"6818","GSN","Mic P2RY12",-0.583549428107188,8.7857259503303,3.17588493165403,0.0755763473823661,0.487925598557932,0.576331282123633,"cognps_random_slope"
"6819","STOM","Mic P2RY12",-1.07148105883941,6.51250288282138,8.20629368709114,0.0044196624243028,0.136709614832009,0.193068436044748,"cognps_random_slope"
"6820","AL359644.1","Mic P2RY12",0.977408111212114,4.70472205654088,2.98850204716203,0.084715954778141,0.507436631269051,0.595238250831387,"cognps_random_slope"
"6821","DAB2IP","Mic P2RY12",-0.403059928431262,4.55874965295038,0.205142278133944,0.650874905496683,0.95432062102672,0.973300457384016,"cognps_random_slope"
"6822","TTLL11","Mic P2RY12",0.002313231916056,5.75016969475553,5.14549627999893e-05,0.994280631815875,0.999765323016076,0.999791880761836,"cognps_random_slope"
"6823","NDUFA8","Mic P2RY12",0.285356642315909,4.25951921101343,0.282053120522753,0.612375702815031,0.940399122416995,0.963142172997874,"cognps_random_slope"
"6824","RBM18","Mic P2RY12",0.545708869636753,4.18922484060956,1.17466273827233,0.279171321547439,0.749611306325873,0.810578855356144,"cognps_random_slope"
"6825","MRRF","Mic P2RY12",-0.321965215215885,6.10061350063348,1.14435754416279,0.285450895316144,0.753810845017123,0.813965679940345,"cognps_random_slope"
"6826","PTGS1","Mic P2RY12",-0.46472049463854,6.4208530652922,1.98230764675316,0.160011335587537,0.629901404837918,0.707044689724307,"cognps_random_slope"
"6827","AL359636.1","Mic P2RY12",-1.69737523174748,2.91821594266036,1.92859043929481,0.165772195526316,0.637054724342046,0.714425626513891,"cognps_random_slope"
"6828","PDCL","Mic P2RY12",-0.235619224129703,4.33671778135301,0.282962552541006,0.595094446539381,0.934544165252417,0.957748883630577,"cognps_random_slope"
"6829","RC3H2","Mic P2RY12",-0.532929867992334,6.26508462211876,5.03640786282706,0.0254276077046863,0.310115306930073,0.400686763263279,"cognps_random_slope"
"6830","ZBTB6","Mic P2RY12",0.602826932214744,3.26924253075288,0.690953623284719,0.406391754878763,0.833350177855174,0.880971357090549,"cognps_random_slope"
"6831","ZBTB26","Mic P2RY12",-0.302343111088062,4.30281925466141,0.397329941949548,0.800149725191827,0.992143902613387,0.999791880761836,"cognps_random_slope"
"6832","RABGAP1","Mic P2RY12",-0.283462031131546,7.50224446626659,2.14692996375255,0.143728991543754,0.609827374658516,0.68699278012833,"cognps_random_slope"
"6833","STRBP","Mic P2RY12",0.273727278290311,7.73801047900443,0.677464189997432,0.411006740522006,0.836655446793785,0.883410488123251,"cognps_random_slope"
"6834","DENND1A","Mic P2RY12",-0.189970172926174,9.06932482446852,0.458161020961891,0.498919820079856,0.888036194566364,0.922735631148512,"cognps_random_slope"
"6835","AL390774.2","Mic P2RY12",-1.09724864021641,2.97062255033361,1.23757705063008,0.266681606541736,0.741681028514673,0.800470885299352,"cognps_random_slope"
"6836","NEK6","Mic P2RY12",-0.369556384048648,7.50253781420831,0.530150992587841,0.46701719672307,0.871899895971838,0.911356591372077,"cognps_random_slope"
"6837","PSMB7","Mic P2RY12",-0.384038725383533,5.97887637348986,1.80033249288237,0.180518882279239,0.655236603852675,0.728625431912317,"cognps_random_slope"
"6838","NR6A1","Mic P2RY12",-0.978945182197281,6.77114625974318,7.15525348462437,0.00781592002946565,0.175096846350262,0.242374429390934,"cognps_random_slope"
"6839","MIR181A2HG","Mic P2RY12",0.10800699072688,5.12924507175617,0.0526087989863822,0.818714786653557,0.995204567340528,0.999791880761836,"cognps_random_slope"
"6840","RPL35","Mic P2RY12",-0.171102971361776,5.73185724087865,0.0906684959412293,0.763503035089433,0.984139674089917,0.996142476555342,"cognps_random_slope"
"6841","ARPC5L","Mic P2RY12",0.431480984018725,4.39125462295356,0.707855477598712,0.400715746371345,0.829881589272977,0.878039616226327,"cognps_random_slope"
"6842","GOLGA1","Mic P2RY12",0.37414188518693,5.7833703803497,1.67765513046117,0.196067161979067,0.674402119521831,0.742844265787487,"cognps_random_slope"
"6843","SCAI","Mic P2RY12",0.366505363011903,6.29601642172064,1.58141486104136,0.209373003809531,0.690405419304018,0.756460636359917,"cognps_random_slope"
"6844","PPP6C","Mic P2RY12",0.0801988011450006,6.01808902319301,0.091853426549439,0.762009238914386,0.983689992360243,0.995855213687603,"cognps_random_slope"
"6845","RABEPK","Mic P2RY12",0.510044623115161,4.74461805415591,1.12766419728034,0.288986706501418,0.75452783964146,0.815317894891061,"cognps_random_slope"
"6846","HSPA5","Mic P2RY12",-0.902653428694318,6.4599009690724,0.888902782839198,0.346407741234964,0.795840466910712,0.84730906678079,"cognps_random_slope"
"6847","GAPVD1","Mic P2RY12",0.121937210419123,7.31962477925048,0.363069631893768,0.616558638401961,0.941379538575156,0.963917775753802,"cognps_random_slope"
"6848","MAPKAP1","Mic P2RY12",-0.0518970047267222,8.05745139888634,0.0613575941899259,0.804504297823696,0.993197797801506,0.999791880761836,"cognps_random_slope"
"6849","PBX3","Mic P2RY12",0.137757216019927,7.82830750012018,0.210411811566676,0.646721914354373,0.952302504420343,0.971617599873003,"cognps_random_slope"
"6850","MVB12B","Mic P2RY12",0.00550195673366776,8.58299683987817,0.000382399382560399,0.984409178777448,0.999765323016076,0.999791880761836,"cognps_random_slope"
"6851","ZBTB43","Mic P2RY12",-0.327851309322813,5.34766932545636,1.16954836584253,0.280218704568046,0.750450717615308,0.811324991036345,"cognps_random_slope"
"6852","ZBTB34","Mic P2RY12",-0.124167422780804,4.71439974306671,0.0792939872834751,0.854268251106925,0.999765323016076,0.999791880761836,"cognps_random_slope"
"6853","RALGPS1","Mic P2RY12",0.6644061527294,6.15507908809818,3.67188718632783,0.0561299463701857,0.440269864210123,0.533428624303306,"cognps_random_slope"
"6854","GARNL3","Mic P2RY12",-0.511499846119124,7.5669899048336,2.31384645569693,0.129105124299193,0.588940468807355,0.666354407449888,"cognps_random_slope"
"6855","SLC2A8","Mic P2RY12",0.210894317173311,4.37804177042404,0.191677956329783,0.66178655180506,0.956551296261413,0.974435088363877,"cognps_random_slope"
"6856","ZNF79","Mic P2RY12",-0.676336386336016,4.15149089969027,1.68657753687377,0.194884842960614,0.67374793633366,0.742218216381754,"cognps_random_slope"
"6857","RPL12","Mic P2RY12",-0.692337504251415,5.57843583566082,2.14335633156784,0.144061858321463,0.609827374658516,0.68699278012833,"cognps_random_slope"
"6858","LRSAM1","Mic P2RY12",0.41920660123803,6.57047648012647,2.48161850196668,0.116062925924505,0.571823261144959,0.651553452432261,"cognps_random_slope"
"6859","FAM129B","Mic P2RY12",-0.782455114881672,3.250708331069,0.526667798334512,0.468483163706112,0.872768906733974,0.911648945086448,"cognps_random_slope"
"6860","STXBP1","Mic P2RY12",0.883325380929285,5.45297966376561,3.09485230491846,0.079390607818148,0.499146433286928,0.586071137282301,"cognps_random_slope"
"6861","PTRH1","Mic P2RY12",0.0904289101694126,3.37471876502692,0.0172701556234255,0.895519747355152,0.999765323016076,0.999791880761836,"cognps_random_slope"
"6862","TOR2A","Mic P2RY12",-0.281277133660528,3.72759005843584,0.205836640617281,0.711437576172102,0.973997186815779,0.989096230537284,"cognps_random_slope"
"6863","SH2D3C","Mic P2RY12",0.416651959636847,5.79791926609283,1.34569232649045,0.246802149822718,0.727284377806276,0.787803854705654,"cognps_random_slope"
"6864","CDK9","Mic P2RY12",0.106624861440409,5.36435258799681,0.0625202406629338,0.802698816849518,0.992523237184018,0.999791880761836,"cognps_random_slope"
"6865","FPGS","Mic P2RY12",-0.194769016557388,5.57164354846897,0.37231879405644,0.542128407025178,0.910123298286075,0.939148122050431,"cognps_random_slope"
"6866","ENG","Mic P2RY12",-0.245241921930212,6.77030680815383,0.763455172445394,0.382832474336397,0.8198195501395,0.870109419832553,"cognps_random_slope"
"6867","AL162586.1","Mic P2RY12",0.3561044100802,3.37483508363002,0.256659186382736,0.790521455815396,0.990886185623222,0.999791880761836,"cognps_random_slope"
"6868","ST6GALNAC4","Mic P2RY12",0.0340009968635767,3.15694270184299,0.0018923382974703,0.96532629820968,0.999765323016076,0.999791880761836,"cognps_random_slope"
"6869","DPM2","Mic P2RY12",-0.246964452356786,4.03027584918232,0.202694452441624,0.652825971102878,0.954420308107869,0.973494108193761,"cognps_random_slope"
"6870","FAM102A","Mic P2RY12",0.821940467780552,3.91672757346521,2.10248648716256,0.14793135571333,0.614706386950183,0.692048010440225,"cognps_random_slope"
"6871","NAIF1","Mic P2RY12",0.552903345782061,2.95912822291908,0.466880490939394,0.494865765223667,0.885457358395366,0.92080441651061,"cognps_random_slope"
"6872","SLC25A25","Mic P2RY12",-0.209401908736343,5.91383197021284,0.269188473868973,0.604195779299414,0.937802649979608,0.960175025554302,"cognps_random_slope"
"6873","SLC25A25-AS1","Mic P2RY12",0.754323462397286,3.86699311116456,1.54554661899827,0.214603955778287,0.695693124263304,0.760983634181297,"cognps_random_slope"
"6874","PTGES2","Mic P2RY12",-0.358029387190091,4.58731146702766,0.566037092236305,0.452330130755503,0.863908863777668,0.904661241634531,"cognps_random_slope"
"6875","C9orf16","Mic P2RY12",0.114733524412677,4.59704165899648,0.051090113374952,0.821305542781294,0.996726931048618,0.999791880761836,"cognps_random_slope"
"6876","CIZ1","Mic P2RY12",-0.197872544420537,5.28500387847823,0.39203882906436,0.930459163931825,0.999765323016076,0.999791880761836,"cognps_random_slope"
"6877","DNM1","Mic P2RY12",0.791192788038569,5.99886079393183,3.32371753655198,0.0691173171195195,0.477443900370454,0.56859907192396,"cognps_random_slope"
"6878","GOLGA2","Mic P2RY12",0.326754234748497,5.37335853476213,0.921889163039835,0.337624511983911,0.790721091418454,0.844859240409862,"cognps_random_slope"
"6879","SWI5","Mic P2RY12",0.505135023628526,3.44394588771621,0.61316855725592,0.434112627373052,0.851389972765231,0.894179721772824,"cognps_random_slope"
"6880","TRUB2","Mic P2RY12",0.47496329976921,3.77655412937603,0.672591138809072,0.447771047413929,0.860051570358903,0.90134448637456,"cognps_random_slope"
"6881","COQ4","Mic P2RY12",0.101146155375751,4.62031737402368,0.05283440811301,0.818333289384877,0.995204567340528,0.999791880761836,"cognps_random_slope"
"6882","SLC27A4","Mic P2RY12",-0.279474794166486,5.18424722490111,0.544983444125104,0.460856195067582,0.867578231790902,0.907634616787913,"cognps_random_slope"
"6883","URM1","Mic P2RY12",0.62324099603742,4.79226367054685,2.44121410568613,0.119064237839403,0.576229632100339,0.655667621418989,"cognps_random_slope"
"6884","AL359091.1","Mic P2RY12",0.10458171252605,3.32487068265511,0.00946817293635424,0.922538758749211,0.999765323016076,0.999791880761836,"cognps_random_slope"
"6885","CERCAM","Mic P2RY12",0.5184137154202,4.18378436575402,0.446128409911092,0.504607685806514,0.891059111542113,0.925355294132939,"cognps_random_slope"
"6886","ODF2","Mic P2RY12",0.0644901364823725,5.06340951158042,0.0324591208801242,0.857125178700272,0.999765323016076,0.999791880761836,"cognps_random_slope"
"6887","GLE1","Mic P2RY12",0.74053164759457,5.29619997050001,4.7074462004409,0.0306865684388945,0.339929670461337,0.430922833966362,"cognps_random_slope"
"6888","AL356481.1","Mic P2RY12",1.01190888511515,2.89996874037902,1.46417280638801,0.227062096044455,0.707608862424372,0.770621716341601,"cognps_random_slope"
"6889","SPTAN1","Mic P2RY12",0.469720898505291,6.21795115367825,2.35156783969496,0.126036300093565,0.585608532961558,0.664048393200486,"cognps_random_slope"
"6890","WDR34","Mic P2RY12",0.0574008561783573,2.66624147498425,0.0065862652979695,0.935363188695127,0.999765323016076,0.999791880761836,"cognps_random_slope"
"6891","SET","Mic P2RY12",-0.545805181553077,5.42100105713878,2.68806919401613,0.101976676057976,0.542297395179737,0.627988025601494,"cognps_random_slope"
"6892","PKN3","Mic P2RY12",0.880140098156159,2.89503388713322,0.886365558311528,0.347096084590884,0.796066883511064,0.84730906678079,"cognps_random_slope"
"6893","ZDHHC12","Mic P2RY12",0.314201029973541,3.08888179098564,0.137941251624953,0.710555037195793,0.973535226813293,0.988977856129099,"cognps_random_slope"
"6894","ZER1","Mic P2RY12",0.185597565294911,5.89658482916908,0.213247102187087,0.644513386560716,0.951443629329721,0.970883120121208,"cognps_random_slope"
"6895","TBC1D13","Mic P2RY12",0.128718160145133,4.88528641991216,0.110039306624256,0.761457846269992,0.983444108849778,0.995654050815275,"cognps_random_slope"
"6896","ENDOG","Mic P2RY12",0.946881451769296,3.50219800021454,1.86387615620061,0.173031501350523,0.645854089686386,0.722173203526035,"cognps_random_slope"
"6897","SPOUT1","Mic P2RY12",0.202788795342734,4.20856975729329,0.169747561051017,0.680581719436637,0.963764980353924,0.980589311801902,"cognps_random_slope"
"6898","KYAT1","Mic P2RY12",1.10255829484382,4.8270322108743,6.1495938511488,0.013601473140817,0.232878301111938,0.309632434303005,"cognps_random_slope"
"6899","LRRC8A","Mic P2RY12",0.556397863946579,3.83882639611384,0.972094527078669,0.341448158858048,0.792405774789648,0.845625767302657,"cognps_random_slope"
"6900","PHYHD1","Mic P2RY12",0.439175248864123,2.78459896094642,0.221811202178614,0.637948870651429,0.950271487556261,0.970357720549608,"cognps_random_slope"
"6901","DOLK","Mic P2RY12",-0.373067440431173,2.86570583325139,0.182922315817101,0.669129772430268,0.960363726160842,0.97747809255934,"cognps_random_slope"
"6902","NUP188","Mic P2RY12",0.198112461929602,4.94174966854759,0.314880548454595,0.575050086832118,0.924900775009009,0.950322446996267,"cognps_random_slope"
"6903","SH3GLB2","Mic P2RY12",0.20236599831394,5.03596890973215,0.322379342084374,0.570535538018961,0.923355952776136,0.949247646187554,"cognps_random_slope"
"6904","MIGA2","Mic P2RY12",1.29637645809264,5.32979307954666,13.3505721428248,0.000296785609911587,0.0365068352879289,0.0557869310565958,"cognps_random_slope"
"6905","DOLPP1","Mic P2RY12",-0.658225718809919,2.77289054634995,0.485246427294338,0.486505458611929,0.881786963332351,0.91723721705446,"cognps_random_slope"
"6906","CRAT","Mic P2RY12",-0.586731638399925,3.37942959844949,0.76415901972187,0.408912191119527,0.835687348505154,0.882626787103489,"cognps_random_slope"
"6907","PTPA","Mic P2RY12",-0.235342897947351,5.28435581646526,0.453097091555033,0.849260599603693,0.999765323016076,0.999791880761836,"cognps_random_slope"
"6908","IER5L","Mic P2RY12",-0.48847163537838,5.1991654866787,0.85809122802979,0.354894616893105,0.803504436726559,0.855183747098659,"cognps_random_slope"
"6909","C9orf106","Mic P2RY12",1.32839954432068,3.34759317560976,2.20317311035372,0.138602901694463,0.602464311632875,0.67907281689345,"cognps_random_slope"
"6910","LINC01503","Mic P2RY12",0.0780441366609701,5.22434349601724,0.0408750455142753,0.839893628259938,0.999765323016076,0.999791880761836,"cognps_random_slope"
"6911","NTMT1","Mic P2RY12",-0.15557018247144,4.46493499208269,0.12098226776482,0.728175066370735,0.977594945023934,0.992716167586774,"cognps_random_slope"
"6912","ASB6","Mic P2RY12",0.0435741252344902,3.73492739864944,0.00643655856977653,0.936100415717088,0.999765323016076,0.999791880761836,"cognps_random_slope"
"6913","TOR1B","Mic P2RY12",0.0305763697291425,4.7663128866256,0.00335446504265272,0.953846316592556,0.999765323016076,0.999791880761836,"cognps_random_slope"
"6914","TOR1A","Mic P2RY12",-0.0837961426991986,3.89649299787329,0.0261714177018238,0.871573240553159,0.999765323016076,0.999791880761836,"cognps_random_slope"
"6915","C9orf78","Mic P2RY12",0.163913838579011,4.65646837148647,0.140198255598804,0.907400506363865,0.999765323016076,0.999791880761836,"cognps_random_slope"
"6916","USP20","Mic P2RY12",0.0860940711425508,4.97759963305523,0.0507622883166684,0.821870078988366,0.996726931048618,0.999791880761836,"cognps_random_slope"
"6917","FNBP1","Mic P2RY12",0.163071307028615,7.89956130225652,0.492997994664913,0.63895343234641,0.950271487556261,0.970357720549608,"cognps_random_slope"
"6918","GPR107","Mic P2RY12",0.011477862295361,6.67890759304093,0.00278982930660007,0.96278214436954,0.999765323016076,0.999791880761836,"cognps_random_slope"
"6919","NCS1","Mic P2RY12",1.34301834884519,3.57557652519947,3.16026957848704,0.0762956851976371,0.490480225824018,0.577943004086007,"cognps_random_slope"
"6920","FUBP3","Mic P2RY12",-0.243262893075356,6.36700497604,1.10236294020007,0.294453158132879,0.759494537717796,0.81996621172255,"cognps_random_slope"
"6921","EXOSC2","Mic P2RY12",0.448073188647588,3.81719323188898,0.594744798256221,0.441096573544491,0.855818037073943,0.897358080721941,"cognps_random_slope"
"6922","ABL1","Mic P2RY12",0.415571107565777,7.86503020635206,3.71218705146756,0.0548042461204746,0.436313933844455,0.529113286354637,"cognps_random_slope"
"6923","NUP214","Mic P2RY12",0.110198149453259,6.81290061782043,0.271511316808728,0.602640461106294,0.937199130938048,0.959694654203117,"cognps_random_slope"
"6924","AL157938.2","Mic P2RY12",0.278643397929364,3.79417570322767,0.102705487083086,0.748792917879534,0.982244103840787,0.994674014762625,"cognps_random_slope"
"6925","AL157938.3","Mic P2RY12",-0.616244297337822,3.15559191252499,0.452231268872944,0.501709098132607,0.889628842223565,0.924228102010534,"cognps_random_slope"
"6926","FAM78A","Mic P2RY12",-0.349678894048561,6.16855805098949,1.14457506710097,0.285405186637087,0.753810845017123,0.813965679940345,"cognps_random_slope"
"6927","PLPP7","Mic P2RY12",0.475756996227426,4.21504593263295,0.773139991128299,0.379834558380963,0.817828232143843,0.868584046931616,"cognps_random_slope"
"6928","PRRC2B","Mic P2RY12",-0.155732045394929,8.46963468692915,0.656629079254212,0.41828841771458,0.840842622701204,0.886631072410881,"cognps_random_slope"
"6929","POMT1","Mic P2RY12",0.146523681310744,4.80668708176125,0.112158011908154,0.737895769157443,0.980436558830992,0.994247512606934,"cognps_random_slope"
"6930","UCK1","Mic P2RY12",0.0559335123429588,4.02845112852447,0.0117506773495027,0.913738426262367,0.999765323016076,0.999791880761836,"cognps_random_slope"
"6931","RAPGEF1","Mic P2RY12",0.228484186351955,9.5752022078133,0.229782324320664,0.63197664138784,0.948602035308965,0.968564075162913,"cognps_random_slope"
"6932","MED27","Mic P2RY12",0.187933104442565,7.06073674726991,0.446857710591078,0.50425979460803,0.89103184434892,0.925324521360739,"cognps_random_slope"
"6933","NTNG2","Mic P2RY12",0.141950932425796,3.29452081173906,0.032549591169437,0.856928360196687,0.999765323016076,0.999791880761836,"cognps_random_slope"
"6934","SETX","Mic P2RY12",0.0132954841915794,8.62307717973692,0.0040754957661826,0.949133407475174,0.999765323016076,0.999791880761836,"cognps_random_slope"
"6935","TTF1","Mic P2RY12",-0.00224683421267658,5.7400756920035,5.61549635210276e-05,0.99402513420963,0.999765323016076,0.999791880761836,"cognps_random_slope"
"6936","DDX31","Mic P2RY12",-0.109780808041485,5.42609307736332,0.0666940291183324,0.79636025789256,0.992143902613387,0.999791880761836,"cognps_random_slope"
"6937","GTF3C4","Mic P2RY12",-0.23466075078058,3.60881896024255,0.148923365711973,0.860325357421007,0.999765323016076,0.999791880761836,"cognps_random_slope"
"6938","TSC1","Mic P2RY12",-0.062365353636858,5.76852485722477,0.045364769033837,0.851953799111166,0.999765323016076,0.999791880761836,"cognps_random_slope"
"6939","GTF3C5","Mic P2RY12",0.22278313271883,4.68259639104504,0.284317967872338,0.594214293138652,0.934067052508269,0.957334061918505,"cognps_random_slope"
"6940","RALGDS","Mic P2RY12",0.401010272090918,4.2017532395488,0.462743073661183,0.496782457988308,0.886350914592107,0.92129307139183,"cognps_random_slope"
"6941","AL162417.1","Mic P2RY12",0.0711476450268656,4.53929017450183,0.0154329324887844,0.901203087142008,0.999765323016076,0.999791880761836,"cognps_random_slope"
"6942","SURF6","Mic P2RY12",-0.143581978459694,4.58762668830848,0.105216579808208,0.758028746327222,0.983190954097967,0.995414674993652,"cognps_random_slope"
"6943","MED22","Mic P2RY12",-0.0440164330133905,4.26276921995209,0.00955981259034799,0.922165989735165,0.999765323016076,0.999791880761836,"cognps_random_slope"
"6944","RPL7A","Mic P2RY12",-0.874243282007814,5.79582255325402,2.97267407301043,0.0855411056928434,0.510163042897105,0.596143501652289,"cognps_random_slope"
"6945","SURF1","Mic P2RY12",-0.00260426328390886,4.0646368107011,1.23307609690399e-05,0.997200166534841,0.999765323016076,0.999791880761836,"cognps_random_slope"
"6946","SURF4","Mic P2RY12",-0.453452685665483,5.52930934946196,1.22934804061778,0.26827479063901,0.742799683750696,0.802368685985205,"cognps_random_slope"
"6947","REXO4","Mic P2RY12",-1.13583133790747,4.54163339183236,6.38216300620935,0.0119557672986569,0.218282340012673,0.290768903719764,"cognps_random_slope"
"6948","ADAMTSL2","Mic P2RY12",-0.733474141710988,6.92608620223951,1.52485196360592,0.217692907655487,0.698281577604405,0.764142105183633,"cognps_random_slope"
"6949","VAV2","Mic P2RY12",0.163310580549316,5.37905214735417,0.182799438023937,0.669234295737323,0.960363726160842,0.97747809255934,"cognps_random_slope"
"6950","BRD3","Mic P2RY12",0.147155607282681,5.24543804572115,0.149470671578131,0.699270369831187,0.969804265685207,0.98522366711326,"cognps_random_slope"
"6951","WDR5","Mic P2RY12",-0.763881323208685,5.22625187015473,4.06132431249784,0.0446196650525245,0.398437123319743,0.492235156926348,"cognps_random_slope"
"6952","RXRA","Mic P2RY12",0.0499230291483576,5.93679805289314,0.0164570872489728,0.897995001156166,0.999765323016076,0.999791880761836,"cognps_random_slope"
"6953","COL5A1","Mic P2RY12",-0.24932575678783,4.47974691365973,0.0934934222606794,0.759959018014011,0.983190954097967,0.995414674993652,"cognps_random_slope"
"6954","OLFM1","Mic P2RY12",1.12449544944724,4.71286626884107,2.53615001349864,0.112144329706521,0.564329822206441,0.647351219946283,"cognps_random_slope"
"6955","PPP1R26-AS1","Mic P2RY12",0.780917086795392,3.13883492978773,0.91091959334654,0.340511624103177,0.792400509359127,0.845512643098497,"cognps_random_slope"
"6956","PPP1R26","Mic P2RY12",0.501327073357547,3.46810965972316,0.711102747019702,0.399638488914813,0.82950017718202,0.877897744901724,"cognps_random_slope"
"6957","MRPS2","Mic P2RY12",-0.238370087787351,3.20246413442278,0.102346565367639,0.782546579056163,0.990020960532974,0.999508397105588,"cognps_random_slope"
"6958","KCNT1","Mic P2RY12",0.600358115724126,3.59146531873204,0.606526026351854,0.436610965630206,0.853292044685779,0.895505296591429,"cognps_random_slope"
"6959","CAMSAP1","Mic P2RY12",-0.0514524693568875,6.56107456455399,0.0337791506237474,0.854280959701794,0.999765323016076,0.999791880761836,"cognps_random_slope"
"6960","AL355574.1","Mic P2RY12",-0.0787554002990441,3.25794971736655,0.0150371396675418,0.902471749951304,0.999765323016076,0.999791880761836,"cognps_random_slope"
"6961","UBAC1","Mic P2RY12",0.53272847883927,5.85240276021387,2.17295031778953,0.141331340909031,0.606850784851628,0.683465268295606,"cognps_random_slope"
"6962","NACC2","Mic P2RY12",0.227371817224985,5.1126691107128,0.232259040316311,0.630146974955731,0.947766510817256,0.9679212910507,"cognps_random_slope"
"6963","TMEM250","Mic P2RY12",1.40113684562637,3.29302032732789,3.92015326996859,0.0484724669052859,0.415508112498131,0.508994767759511,"cognps_random_slope"
"6964","QSOX2","Mic P2RY12",-0.0774412546225798,4.18442669807666,0.025327950825842,0.873641943986674,0.999765323016076,0.999791880761836,"cognps_random_slope"
"6965","GPSM1","Mic P2RY12",0.643866930056437,3.15361078336066,0.522955118475211,0.470053888297679,0.873674362978807,0.911989958554649,"cognps_random_slope"
"6966","CARD9","Mic P2RY12",0.237835633453063,5.43723206638374,0.397159416854315,0.809462071788004,0.994034132767222,0.999791880761836,"cognps_random_slope"
"6967","SNAPC4","Mic P2RY12",0.0309785646937394,4.65055816342985,0.00601878030818207,0.983651538403918,0.999765323016076,0.999791880761836,"cognps_random_slope"
"6968","ENTR1","Mic P2RY12",0.438671876473826,5.12426902612236,1.3387472393518,0.248022963078644,0.727506673637925,0.787883147226809,"cognps_random_slope"
"6969","PMPCA","Mic P2RY12",-0.408612996440182,4.46192972477367,0.921215624180404,0.401335516786396,0.829881589272977,0.878039616226327,"cognps_random_slope"
"6970","INPP5E","Mic P2RY12",0.358348383483336,4.20388837571874,0.581778203186472,0.44611617151688,0.858965921623235,0.900258600684575,"cognps_random_slope"
"6971","SEC16A","Mic P2RY12",-0.167298165391926,5.58183839563792,0.216243655238517,0.754409684523581,0.982268354911735,0.994998852417964,"cognps_random_slope"
"6972","NOTCH1","Mic P2RY12",-0.334570071709627,6.2605557233176,0.576260576019611,0.448279064909506,0.86028751952632,0.901395961325795,"cognps_random_slope"
"6973","EGFL7","Mic P2RY12",0.467491576159731,3.36925907792637,0.282653650464647,0.595295413897329,0.934577535337172,0.957748883630577,"cognps_random_slope"
"6974","AGPAT2","Mic P2RY12",-0.854319589291683,4.87976099490064,3.64858011327961,0.0569122128913853,0.44316128120712,0.536407123593763,"cognps_random_slope"
"6975","SNHG7","Mic P2RY12",-0.217433112278098,4.88087113726427,0.194189513503611,0.659717127671335,0.955616010372175,0.973693843731936,"cognps_random_slope"
"6976","RABL6","Mic P2RY12",-0.00589528369433838,6.16062722250959,0.000423311717267854,0.983596460227963,0.999765323016076,0.999791880761836,"cognps_random_slope"
"6977","PHPT1","Mic P2RY12",0.276753933531897,4.46263577606619,0.277033882238483,0.598976388391796,0.936283425111275,0.958949202974935,"cognps_random_slope"
"6978","MAMDC4","Mic P2RY12",0.235064965332517,3.19636321699895,0.0750056792610765,0.784340491880824,0.990477471889834,0.999791880761836,"cognps_random_slope"
"6979","EDF1","Mic P2RY12",-0.0366007626097258,5.30665376952846,0.00669224714067399,0.934846370620479,0.999765323016076,0.999791880761836,"cognps_random_slope"
"6980","TRAF2","Mic P2RY12",0.724946486142821,4.54787723357382,1.66008336306984,0.198420365953139,0.67699667850671,0.745937493815827,"cognps_random_slope"
"6981","FBXW5","Mic P2RY12",0.0102363136808369,5.15064559782513,0.000747284234147186,0.978206507787081,0.999765323016076,0.999791880761836,"cognps_random_slope"
"6982","PAXX","Mic P2RY12",-0.713344691417397,5.28946886584224,2.71073024513304,0.100548908465282,0.540500040521822,0.625940567937586,"cognps_random_slope"
"6983","ABCA2","Mic P2RY12",-0.0132342662493433,4.46038317223567,0.000563184257692379,0.981079938986223,0.999765323016076,0.999791880761836,"cognps_random_slope"
"6984","UAP1L1","Mic P2RY12",-0.0798734840497384,4.11452289167624,0.0196987067938493,0.888460391952715,0.999765323016076,0.999791880761836,"cognps_random_slope"
"6985","MAN1B1","Mic P2RY12",0.0856891825812119,4.77654233807626,0.0381754587729707,0.84520158011297,0.999765323016076,0.999791880761836,"cognps_random_slope"
"6986","DPP7","Mic P2RY12",-0.475241986412927,6.30042170294998,1.8702624043369,0.172299065341595,0.645637135364231,0.722173203526035,"cognps_random_slope"
"6987","GRIN1","Mic P2RY12",-0.1088427634885,5.65796995015627,0.0381700227610486,0.845212461898846,0.999765323016076,0.999791880761836,"cognps_random_slope"
"6988","ANAPC2","Mic P2RY12",-0.770913215043816,3.74732926616506,1.65449643971839,0.199175518086543,0.677105813769094,0.745962233856748,"cognps_random_slope"
"6989","SSNA1","Mic P2RY12",-0.879059021242287,4.28092366003316,2.5415295174244,0.111765764864253,0.56392056285612,0.646921481094887,"cognps_random_slope"
"6990","TPRN","Mic P2RY12",0.768295457116223,3.8628641221219,1.81975538320243,0.17819115446891,0.65084209894736,0.725053993667888,"cognps_random_slope"
"6991","TMEM203","Mic P2RY12",0.553927592999409,3.2246285164884,0.456595952381406,0.499653442367462,0.888685143130261,0.923312641555035,"cognps_random_slope"
"6992","NDOR1","Mic P2RY12",-0.425888189661441,4.49626721505966,1.03952210576736,0.308618033559103,0.76785366002022,0.827095076785596,"cognps_random_slope"
"6993","BX255925.3","Mic P2RY12",1.00444599191094,3.90925372863346,3.0383114384318,0.0821751332623713,0.505420462602119,0.593030725533821,"cognps_random_slope"
"6994","RNF208","Mic P2RY12",0.584599456125677,3.57138965100182,0.846516653607905,0.358156361646643,0.806800034027007,0.857908539452144,"cognps_random_slope"
"6995","TUBB4B","Mic P2RY12",0.679262933698166,4.54265567302161,1.06665427013926,0.30239642136404,0.763695245452297,0.823589153555775,"cognps_random_slope"
"6996","NELFB","Mic P2RY12",0.203580752404387,5.05746665811221,0.34883083676721,0.555146683897656,0.915746025469286,0.94344806184778,"cognps_random_slope"
"6997","TOR4A","Mic P2RY12",-0.470604051837143,3.81305467451357,0.675009023604071,0.411854996789221,0.837394752233704,0.883939218145922,"cognps_random_slope"
"6998","EXD3","Mic P2RY12",0.262642424467222,6.12035818585688,0.556756942488906,0.456057342869691,0.865333388169053,0.905598852945087,"cognps_random_slope"
"6999","NOXA1","Mic P2RY12",-0.39958513401171,5.03735236525632,0.88846141598969,0.346527349695187,0.795854843747249,0.84730906678079,"cognps_random_slope"
"7000","NSMF","Mic P2RY12",0.0415304228678311,4.80287366033242,0.0100017800777689,0.920392986516027,0.999765323016076,0.999791880761836,"cognps_random_slope"
"7001","PNPLA7","Mic P2RY12",0.513794547793637,4.52727703808242,0.820045910064976,0.365773029189892,0.811562709840244,0.862405100667332,"cognps_random_slope"
"7002","MRPL41","Mic P2RY12",0.652082983547466,5.28308375029549,1.44161502115831,0.230668418704042,0.712321445541658,0.774332861775256,"cognps_random_slope"
"7003","DPH7","Mic P2RY12",0.338554050646397,4.75111712639909,0.792114013498454,0.374056642075626,0.814548758605047,0.865816923855342,"cognps_random_slope"
"7004","ZMYND19","Mic P2RY12",0.287889694801666,3.26222507127306,0.165081795306979,0.81745581773386,0.995084767910246,0.999791880761836,"cognps_random_slope"
"7005","ARRDC1","Mic P2RY12",0.406963305918141,5.71791823737327,1.71456922981088,0.191229550299088,0.668842142648054,0.738742108670213,"cognps_random_slope"
"7006","ARRDC1-AS1","Mic P2RY12",-0.563871874640919,3.86719605200601,1.12995691906933,0.28849779035729,0.754255972880221,0.814785181423165,"cognps_random_slope"
"7007","EHMT1","Mic P2RY12",-0.0134866901264278,8.29140953991135,0.00444693171849352,0.946869279105268,0.999765323016076,0.999791880761836,"cognps_random_slope"
"7008","CACNA1B","Mic P2RY12",1.36612511316251,4.50622364064264,4.14583119327422,0.042469492022699,0.391857104303737,0.484506605427185,"cognps_random_slope"
"7009","LINC01001","Mic P2RY12",-0.158433103231233,5.66709311059291,0.0489267531817773,0.825066973016404,0.997442739805277,0.999791880761836,"cognps_random_slope"
"7010","AC069287.3","Mic P2RY12",-0.832071274191141,3.66712145915449,0.640138777625727,0.424188734026011,0.844676919457407,0.889133617630447,"cognps_random_slope"
"7011","BET1L","Mic P2RY12",-0.362172835887267,4.81827628754949,0.687454130008921,0.407581650278078,0.834389889239559,0.882108889845374,"cognps_random_slope"
"7012","RIC8A","Mic P2RY12",-0.0393698359044,4.20323876923624,0.00671482242398881,0.934736816200929,0.999765323016076,0.999791880761836,"cognps_random_slope"
"7013","SIRT3","Mic P2RY12",0.445791738445974,4.70422469595117,1.04928464174906,0.306360424313079,0.766753533621462,0.826318968993651,"cognps_random_slope"
"7014","PSMD13","Mic P2RY12",0.146474568504187,5.10506636498143,0.171953233489545,0.900278675590841,0.999765323016076,0.999791880761836,"cognps_random_slope"
"7015","PGGHG","Mic P2RY12",0.438079533502674,5.41220914945656,0.950667723048002,0.330204773134137,0.782718527979546,0.839270332854404,"cognps_random_slope"
"7016","IFITM2","Mic P2RY12",-1.80329200336368,4.06384877405584,3.48337986282128,0.0628017113598833,0.459391776164736,0.550920071053918,"cognps_random_slope"
"7017","IFITM3","Mic P2RY12",-1.72426122892263,4.36633068937027,3.12353092100038,0.0780174198340388,0.494863154361756,0.581750648161687,"cognps_random_slope"
"7018","B4GALNT4","Mic P2RY12",0.583918917868683,3.23025887281817,0.473262205489962,0.491933687868867,0.884411504042217,0.919457422548261,"cognps_random_slope"
"7019","SIGIRR","Mic P2RY12",0.655476075472219,3.99373773536267,1.02234582859236,0.312643013016885,0.769870248977951,0.829003894781423,"cognps_random_slope"
"7020","PTDSS2","Mic P2RY12",-0.121288842146466,4.83551093060659,0.104781234472838,0.771154089851746,0.986561905308186,0.99756862912006,"cognps_random_slope"
"7021","RNH1","Mic P2RY12",-0.324170083952961,4.96943357870487,0.540250690234649,0.462807883444549,0.868883223037321,0.908885342531128,"cognps_random_slope"
"7022","HRAS","Mic P2RY12",0.583760118884847,3.85012871540314,0.989476674778896,0.320539128770454,0.774530267697954,0.83226473086835,"cognps_random_slope"
"7023","RASSF7","Mic P2RY12",-0.0790928558410402,3.48399460635591,0.0101586815551281,0.919773105530498,0.999765323016076,0.999791880761836,"cognps_random_slope"
"7024","MIR210HG","Mic P2RY12",0.58392916853115,3.03296466535805,0.175399287909861,0.675607216210631,0.962810601943974,0.980067760574701,"cognps_random_slope"
"7025","PHRF1","Mic P2RY12",0.130868715044506,5.23009678900262,0.148196353871839,0.853176002094557,0.999765323016076,0.999791880761836,"cognps_random_slope"
"7026","IRF7","Mic P2RY12",0.12185837080426,5.04699182976404,0.0315269938326767,0.859169743867078,0.999765323016076,0.999791880761836,"cognps_random_slope"
"7027","DEAF1","Mic P2RY12",0.0164121092900021,5.9306957115935,0.0028888209531928,0.957165980693454,0.999765323016076,0.999791880761836,"cognps_random_slope"
"7028","AC131934.1","Mic P2RY12",0.119514928603054,3.20514463622416,0.0204863521503132,0.886267245344686,0.999765323016076,0.999791880761836,"cognps_random_slope"
"7029","TALDO1","Mic P2RY12",0.201959703044759,5.12975235709509,0.328478595018714,0.566914507255816,0.922925953141032,0.948745471623017,"cognps_random_slope"
"7030","GATD1","Mic P2RY12",-0.895549251569856,4.11058996821091,3.2069059067448,0.0741689483575294,0.485339622643341,0.57394334253628,"cognps_random_slope"
"7031","AP006621.3","Mic P2RY12",0.305353554265876,5.03604656896085,0.44710180089938,0.504143450365188,0.89103184434892,0.925288443241982,"cognps_random_slope"
"7032","CEND1","Mic P2RY12",1.82976945836426,3.98558013076776,5.86468007114383,0.0159416159313775,0.248990204075047,0.331859400898344,"cognps_random_slope"
"7033","SLC25A22","Mic P2RY12",1.51955316032681,3.31581913161927,4.45007517576467,0.0355902863290272,0.359958812902108,0.453323731801083,"cognps_random_slope"
"7034","PIDD1","Mic P2RY12",0.264433071764113,4.1865622754229,0.301428213669797,0.583329155099147,0.928407839368607,0.95256054724782,"cognps_random_slope"
"7035","RPLP2","Mic P2RY12",-1.40570905271273,6.02829103085316,6.33865869790086,0.0122471933245991,0.219913656488115,0.292761416345957,"cognps_random_slope"
"7036","PNPLA2","Mic P2RY12",-0.120836231600459,4.54538478492649,0.0686458734001526,0.793468689972827,0.991704028031233,0.999791880761836,"cognps_random_slope"
"7037","CD151","Mic P2RY12",-1.96008902148126,3.96422768528608,7.48310840633819,0.00653674288481801,0.160731910824672,0.221277580087421,"cognps_random_slope"
"7038","POLR2L","Mic P2RY12",0.233641794131731,3.59625141052341,0.113533673038542,0.736352965798331,0.980110798745039,0.993965240743731,"cognps_random_slope"
"7039","TSPAN4","Mic P2RY12",-1.01443119938922,2.71911716151343,1.18093887119652,0.277892773865466,0.748701460106777,0.809285394253437,"cognps_random_slope"
"7040","CHID1","Mic P2RY12",0.473322030493169,4.5130061453065,1.07214492630113,0.301157208821665,0.762414699475663,0.823013995190349,"cognps_random_slope"
"7041","AP2A2","Mic P2RY12",0.116624833111004,7.23515157354642,0.130334480041134,0.718297470255379,0.97556546051407,0.991080934286885,"cognps_random_slope"
"7042","TOLLIP","Mic P2RY12",0.440205245148911,5.04232574113714,1.30442685536969,0.254166033305023,0.730761427230338,0.791788478770448,"cognps_random_slope"
"7043","BRSK2","Mic P2RY12",1.18097884240655,3.13432927035071,2.00578973594946,0.157565219646305,0.627684752818112,0.70583482737168,"cognps_random_slope"
"7044","MOB2","Mic P2RY12",-0.637269573556659,4.75202997090873,2.05874575163172,0.152203740873348,0.620756078498451,0.698361859881127,"cognps_random_slope"
"7045","LSP1","Mic P2RY12",-0.394507999206663,3.93004492596909,0.144100612538974,0.704462066442491,0.972040693664469,0.987038759677174,"cognps_random_slope"
"7046","MRPL23","Mic P2RY12",-0.3547656126514,3.91948706878361,0.348172550197754,0.555519994998795,0.916136285131535,0.943869039659947,"cognps_random_slope"
"7047","ASCL2","Mic P2RY12",0.586252898926491,3.15292206440415,0.525294690195705,0.469063097759125,0.873121795129168,0.911773055538053,"cognps_random_slope"
"7048","TSPAN32","Mic P2RY12",-1.1472636530676,3.43606155770988,1.12576235528552,0.28939307169102,0.75452783964146,0.815536661445769,"cognps_random_slope"
"7049","CD81-AS1","Mic P2RY12",-0.36963166489028,3.61272461838799,0.279142732024881,0.597589527933203,0.935775674346053,0.958529444280992,"cognps_random_slope"
"7050","CD81","Mic P2RY12",-1.18899143271408,7.7364931247066,8.19146240428976,0.00445511465038441,0.137248256160463,0.19390069458092,"cognps_random_slope"
"7051","TSSC4","Mic P2RY12",-0.566298768564265,3.79192942711584,0.900298444496971,0.343338868484338,0.794104568388493,0.846023324652749,"cognps_random_slope"
"7052","KCNQ1","Mic P2RY12",-0.371170851306347,8.51421807092314,1.76478023587295,0.184871760430764,0.66053662815611,0.73185282653701,"cognps_random_slope"
"7053","KCNQ1OT1","Mic P2RY12",0.238696459362446,5.36507743648275,0.166417444335325,0.68355832128495,0.96525413612764,0.981754609286439,"cognps_random_slope"
"7054","CDKN1C","Mic P2RY12",-0.669533391463255,3.66679158958932,0.736962947200434,0.391207292388392,0.824692295940985,0.873987583960322,"cognps_random_slope"
"7055","SLC22A18","Mic P2RY12",0.206377942608007,4.3596412943333,0.0864703383745007,0.768882928558606,0.986387145856201,0.997150576642532,"cognps_random_slope"
"7056","NAP1L4","Mic P2RY12",0.0120563604000844,7.24793246370345,0.00270172115787813,0.958575015694341,0.999765323016076,0.999791880761836,"cognps_random_slope"
"7057","CARS","Mic P2RY12",-0.210301360469168,5.97649942656105,0.238576574802581,0.625533778864593,0.945166089057208,0.966312731148605,"cognps_random_slope"
"7058","OSBPL5","Mic P2RY12",1.13301817634485,3.77251636804726,3.17882044708057,0.0754419389546033,0.487884629688298,0.576331282123633,"cognps_random_slope"
"7059","ZNF195","Mic P2RY12",-0.165428106432426,5.31952196664378,0.241990298310617,0.623072429182313,0.944710308431029,0.965357136073802,"cognps_random_slope"
"7060","AC127526.1","Mic P2RY12",0.312891647885913,3.50820192905932,0.205706478583292,0.697614501640579,0.9695262698091,0.984989885855413,"cognps_random_slope"
"7061","NUP98","Mic P2RY12",-0.259869533400658,7.03164823339191,1.13082985700078,0.288311916451903,0.754255972880221,0.814647163364235,"cognps_random_slope"
"7062","PGAP2","Mic P2RY12",1.11400161838732,4.35140368322007,5.7172275030267,0.0173127589097299,0.257215390409412,0.340590008394293,"cognps_random_slope"
"7063","RHOG","Mic P2RY12",-1.07281650279302,5.3501399122789,6.01794263040373,0.0146351593429256,0.239650385698998,0.319502724925183,"cognps_random_slope"
"7064","STIM1","Mic P2RY12",0.0120346981788093,7.44693172172916,0.00258866478928904,0.959450248041343,0.999765323016076,0.999791880761836,"cognps_random_slope"
"7065","RRM1","Mic P2RY12",-0.618101476836825,3.99445758713703,1.52705289748552,0.217361875674773,0.698281577604405,0.764142105183633,"cognps_random_slope"
"7066","TRIM21","Mic P2RY12",-0.778767167923304,3.18965966663894,1.15487563240006,0.283251314067543,0.752846263351675,0.812368863913232,"cognps_random_slope"
"7067","OR52K1","Mic P2RY12",-0.350558072319772,3.39508060551703,0.184742251831924,0.66758652539669,0.959288765477273,0.976496348216984,"cognps_random_slope"
"7068","AC104389.4","Mic P2RY12",0.952796802601769,5.65183664689993,5.12615657615218,0.0241628909224469,0.302363338948455,0.392785253703587,"cognps_random_slope"
"7069","TRIM5","Mic P2RY12",0.0210082370385738,4.84617833211074,0.00127364425524309,0.971550817691267,0.999765323016076,0.999791880761836,"cognps_random_slope"
"7070","TRIM22","Mic P2RY12",-0.00621720939931706,7.4793897430647,0.000376806456878252,0.984523598983228,0.999765323016076,0.999791880761836,"cognps_random_slope"
"7071","FAM160A2","Mic P2RY12",0.333857435668213,4.98156110698027,0.650801856920058,0.420359317388621,0.842249097069083,0.887793803624095,"cognps_random_slope"
"7072","SMPD1","Mic P2RY12",0.0167216308930862,3.60800634601187,0.000898902483149129,0.976098277274046,0.999765323016076,0.999791880761836,"cognps_random_slope"
"7073","APBB1","Mic P2RY12",1.1638120790333,4.47624634320303,5.37144367066858,0.0210297430623024,0.286060335464227,0.373093697115361,"cognps_random_slope"
"7074","TRIM3","Mic P2RY12",0.237994886739232,3.96635857988373,0.20743179975456,0.64906267880635,0.953947023325719,0.972549709835663,"cognps_random_slope"
"7075","ARFIP2","Mic P2RY12",-1.00062320443021,3.84766834920795,3.132772901986,0.0775803839598994,0.493481103236767,0.580606093640182,"cognps_random_slope"
"7076","AC084337.2","Mic P2RY12",-0.0457804231205779,4.99964326752144,0.012893229182979,0.909659188957533,0.999765323016076,0.999791880761836,"cognps_random_slope"
"7077","DNHD1","Mic P2RY12",-0.485897927756609,5.47170084758921,1.79005892881656,0.181764375938531,0.657493253607149,0.729889000517839,"cognps_random_slope"
"7078","RRP8","Mic P2RY12",0.189292099603874,3.76755797511711,0.104271360701539,0.746950488532647,0.982244103840787,0.994674014762625,"cognps_random_slope"
"7079","ILK","Mic P2RY12",-0.091607046188874,5.81150974406715,0.0791911010564252,0.77855846070094,0.99001616376735,0.999508397105588,"cognps_random_slope"
"7080","TAF10","Mic P2RY12",-0.590965868432736,4.03997815052524,1.09541321035669,0.295977847302522,0.760192364599956,0.820779427630148,"cognps_random_slope"
"7081","TPP1","Mic P2RY12",-0.37103273079696,5.87368054488185,1.07161580163849,0.301276343193398,0.762414699475663,0.823013995190349,"cognps_random_slope"
"7082","DCHS1","Mic P2RY12",-0.201535841272276,2.96552491777882,0.0613042941074741,0.80458750149454,0.993209018748004,0.999791880761836,"cognps_random_slope"
"7083","MRPL17","Mic P2RY12",-0.0634989912556476,3.49745643050624,0.00802371854602591,0.928674647957501,0.999765323016076,0.999791880761836,"cognps_random_slope"
"7084","AC087280.2","Mic P2RY12",0.990592365363442,3.20952565949771,0.868339269783357,0.352040628618433,0.800423560250359,0.85222334072829,"cognps_random_slope"
"7085","ZNF215","Mic P2RY12",1.23920929899426,2.91742575493711,1.17079889454654,0.279962147596883,0.750450717615308,0.811324991036345,"cognps_random_slope"
"7086","ZNF214","Mic P2RY12",0.666508211330102,2.81372722999365,0.506033316343224,0.477322206951813,0.879136186828098,0.915148325174642,"cognps_random_slope"
"7087","SYT9","Mic P2RY12",0.790208894947203,2.73082667281841,0.738732348100841,0.390639814846238,0.824692295940985,0.873794486130414,"cognps_random_slope"
"7088","AC107884.1","Mic P2RY12",0.38220944994623,4.71001177696454,0.386438578343323,0.534571263551078,0.90680879782886,0.936747958639949,"cognps_random_slope"
"7089","PPFIBP2","Mic P2RY12",0.496187438403576,5.83725635175483,1.54480103230602,0.214714331912023,0.695693124263304,0.760983634181297,"cognps_random_slope"
"7090","EIF3F","Mic P2RY12",-0.368223392703919,5.11718703258451,1.18211785068118,0.277653422984502,0.748508050978738,0.808955340034323,"cognps_random_slope"
"7091","TUB","Mic P2RY12",2.76619110548495,2.55295185728548,6.25708244679029,0.0128135860535675,0.226078934370272,0.300789959008535,"cognps_random_slope"
"7092","RIC3","Mic P2RY12",1.83916125412991,4.59141167857053,7.90678473989553,0.00519500879788184,0.147809581529542,0.205116415671184,"cognps_random_slope"
"7093","LMO1","Mic P2RY12",0.708185195449155,4.43654758643988,0.507012070515777,0.476896839597538,0.878923143228847,0.91479956170565,"cognps_random_slope"
"7094","TRIM66","Mic P2RY12",0.603445078575482,5.87151473922128,1.82971088486258,0.177011540106426,0.648215265749412,0.723315768581263,"cognps_random_slope"
"7095","RPL27A","Mic P2RY12",-0.596576940794514,5.49602798875414,1.19993735826801,0.274067253302087,0.746824995299316,0.806171679835582,"cognps_random_slope"
"7096","ST5","Mic P2RY12",-0.231662099516973,7.11652512794276,0.494420870599205,0.482416798056939,0.881328830408547,0.916739510069731,"cognps_random_slope"
"7097","AKIP1","Mic P2RY12",0.403117066039666,4.90553774734575,1.10739253660835,0.678646748603499,0.963092611004913,0.980181131380842,"cognps_random_slope"
"7098","TMEM9B","Mic P2RY12",-0.600846969448358,4.84177120110111,2.09033360408302,0.149104579951225,0.615784148572725,0.693161275660609,"cognps_random_slope"
"7099","TMEM9B-AS1","Mic P2RY12",0.640348120486914,5.28795069045286,1.58373072411367,0.209040506295893,0.690087527150145,0.755852645439566,"cognps_random_slope"
"7100","NRIP3","Mic P2RY12",1.79788022426872,2.99794958145297,3.3131220080148,0.0695598954143775,0.478937134484216,0.56992349430269,"cognps_random_slope"
"7101","SCUBE2","Mic P2RY12",-0.939144687348982,3.10604531465008,1.35763501142393,0.244720038141784,0.726156953718143,0.787048967176394,"cognps_random_slope"
"7102","DENND5A","Mic P2RY12",-0.0599070339275621,7.97116290684952,0.0386951126104255,0.844165028549411,0.999765323016076,0.999791880761836,"cognps_random_slope"
"7103","TMEM41B","Mic P2RY12",0.349144443780496,5.50363208567897,0.905017242396866,0.342078869430202,0.792976808378159,0.845667393945533,"cognps_random_slope"
"7104","IPO7","Mic P2RY12",-0.396726681943868,6.44274594641979,1.57357283078526,0.210503590944485,0.691204591969072,0.757027190595535,"cognps_random_slope"
"7105","AC132192.2","Mic P2RY12",0.525033948552571,2.96820652475638,0.381248176585124,0.537326745838925,0.907616211463409,0.937385200987536,"cognps_random_slope"
"7106","ZNF143","Mic P2RY12",-0.161845259121229,5.54503446062466,0.233070228587795,0.629550326884125,0.947640749708162,0.9679212910507,"cognps_random_slope"
"7107","SWAP70","Mic P2RY12",0.0895434525022413,7.82834155558911,0.0789858765816458,0.778838076085122,0.990020960532974,0.999508397105588,"cognps_random_slope"
"7108","SBF2-AS1","Mic P2RY12",0.126129377614878,4.98766440779927,0.0723633887643717,0.788080526792506,0.990886185623222,0.999791880761836,"cognps_random_slope"
"7109","SBF2","Mic P2RY12",-0.113364030166024,9.36378068605122,0.319274013335264,0.572396565948768,0.924344761669553,0.949774894686965,"cognps_random_slope"
"7110","AC011092.2","Mic P2RY12",-0.331967483213661,4.25238558798001,0.203018767978933,0.652566659717051,0.954420308107869,0.973494108193761,"cognps_random_slope"
"7111","AC100763.1","Mic P2RY12",-0.0343209478683941,3.11627202889594,0.00203621571618998,0.964033160861384,0.999765323016076,0.999791880761836,"cognps_random_slope"
"7112","ADM","Mic P2RY12",-1.89418761520368,2.84879933327059,1.13374211379984,0.287692916207165,0.754255972880221,0.814647163364235,"cognps_random_slope"
"7113","AMPD3","Mic P2RY12",0.134374598085464,7.25417143351546,0.205692666589045,0.650438146563848,0.954157546074635,0.97303063252972,"cognps_random_slope"
"7114","MTRNR2L8","Mic P2RY12",-3.3153924553431,4.22926833648235,4.93113663321241,0.0269995739320561,0.317255927716184,0.408168606815502,"cognps_random_slope"
"7115","RNF141","Mic P2RY12",-0.5350444457022,4.6263114403389,1.57179714255302,0.210760599073425,0.691217602212118,0.757226726073364,"cognps_random_slope"
"7116","MRVI1-AS1","Mic P2RY12",-0.719876213112622,3.10770726919456,0.815068504002279,0.367230269421871,0.811953941680001,0.862405100667332,"cognps_random_slope"
"7117","LYVE1","Mic P2RY12",0.623918907673931,6.08689310508224,0.632197724309617,0.427074756105664,0.847227655008257,0.891073178269958,"cognps_random_slope"
"7118","CTR9","Mic P2RY12",-0.393173063204765,5.59817260960495,1.33937165257977,0.247912900360994,0.727506673637925,0.787883147226809,"cognps_random_slope"
"7119","EIF4G2","Mic P2RY12",-0.648304539500326,6.07792491754187,4.54415190580371,0.0337087722553009,0.351240563946647,0.444299882398935,"cognps_random_slope"
"7120","AC116535.1","Mic P2RY12",-0.00768325634099268,2.79285715443047,1.41373625741598e-06,0.999051969627707,0.999765323016076,0.999791880761836,"cognps_random_slope"
"7121","ZBED5","Mic P2RY12",-0.350278035775515,6.16227594628397,1.13913148560377,0.286551867480474,0.754255972880221,0.814647163364235,"cognps_random_slope"
"7122","ZBED5-AS1","Mic P2RY12",-0.0392100719308628,3.81219014909398,0.00348893670248167,0.952931374007424,0.999765323016076,0.999791880761836,"cognps_random_slope"
"7123","GALNT18","Mic P2RY12",1.26095694265708,3.30414540140724,2.34968697000411,0.126187373828965,0.585686376338701,0.664072210730131,"cognps_random_slope"
"7124","USP47","Mic P2RY12",-0.0134246396500858,7.57190687182627,0.00460244001702445,0.945949680411614,0.999765323016076,0.999791880761836,"cognps_random_slope"
"7125","DKK3","Mic P2RY12",1.29987286089813,4.82082762150363,3.26708134564517,0.0715187275938837,0.481432815573689,0.571978509732139,"cognps_random_slope"
"7126","MICAL2","Mic P2RY12",-0.427862030828122,5.89276478660478,0.821414809738666,0.365373665739095,0.811562709840244,0.862405100667332,"cognps_random_slope"
"7127","TEAD1","Mic P2RY12",0.149337552322802,4.3840837948745,0.0426363749162437,0.836528327948223,0.999547866966635,0.999791880761836,"cognps_random_slope"
"7128","LINC00958","Mic P2RY12",2.34330238956194,3.21876142355289,4.231103622834,0.0404104273050215,0.382713877254129,0.477050142765319,"cognps_random_slope"
"7129","ARNTL","Mic P2RY12",-0.428808618158296,6.47278499696126,0.881387988519994,0.348451902871743,0.797345383686804,0.84890348710245,"cognps_random_slope"
"7130","BTBD10","Mic P2RY12",0.304163284150194,6.55481016084479,1.23073627840135,0.268005186782834,0.742629786098211,0.802125833574982,"cognps_random_slope"
"7131","FAR1","Mic P2RY12",0.035496831079899,7.3527610114839,0.023549484753818,0.878122854375736,0.999765323016076,0.999791880761836,"cognps_random_slope"
"7132","SPON1","Mic P2RY12",-2.67765685822243,5.03968917783507,6.22119126551892,0.0130712854455692,0.228381090294749,0.303806319969441,"cognps_random_slope"
"7133","RRAS2","Mic P2RY12",1.27662294056487,3.41073201050612,2.57673769370312,0.109322688341748,0.560258903726076,0.644627053842235,"cognps_random_slope"
"7134","COPB1","Mic P2RY12",-0.267181535005323,6.26475375870694,1.06042227189719,0.30381096087009,0.764146149891155,0.824337988353737,"cognps_random_slope"
"7135","AC018523.2","Mic P2RY12",-1.13334529615281,3.19203420194922,1.96887714286916,0.178474869962837,0.651032092559046,0.725106079070574,"cognps_random_slope"
"7136","PSMA1","Mic P2RY12",0.140763562969916,8.28891784541968,0.121896245773468,0.727191222626451,0.977594945023934,0.992716167586774,"cognps_random_slope"
"7137","PDE3B","Mic P2RY12",-0.660117365749563,9.47410471947344,1.55252316144102,0.213574425880135,0.694181635027816,0.759828851423014,"cognps_random_slope"
"7138","CYP2R1","Mic P2RY12",0.12131456022134,4.68163870307753,0.0874751853452871,0.767582512698546,0.986195564192913,0.996725051627729,"cognps_random_slope"
"7139","CALCB","Mic P2RY12",-0.0592225051096447,4.43534985703737,0.00905536471089793,0.924240995388692,0.999765323016076,0.999791880761836,"cognps_random_slope"
"7140","SOX6","Mic P2RY12",1.57253687911059,3.83282104026079,5.34425831277531,0.0213551152978428,0.286753406920231,0.374378751469568,"cognps_random_slope"
"7141","C11orf58","Mic P2RY12",-0.0189543227674041,6.43528575169876,0.00674821181040841,0.934575121914078,0.999765323016076,0.999791880761836,"cognps_random_slope"
"7142","PLEKHA7","Mic P2RY12",-0.788570080298947,5.68652585404671,1.78729946964032,0.182100612261283,0.657593722692929,0.729889000517839,"cognps_random_slope"
"7143","RPS13","Mic P2RY12",-0.571533211333968,4.77532978866949,0.842816867593981,0.359207672424273,0.806997823664322,0.858420285648212,"cognps_random_slope"
"7144","PIK3C2A","Mic P2RY12",-0.138996267616316,6.98977826867363,0.397918766802663,0.528566724412333,0.903780022011138,0.934139357377662,"cognps_random_slope"
"7145","NUCB2","Mic P2RY12",-0.24922931273152,4.58601225644843,0.203574608094643,0.652122808462552,0.954420308107869,0.973494108193761,"cognps_random_slope"
"7146","KCNC1","Mic P2RY12",0.667479404265161,3.99287254575988,1.07315987593321,0.300928859553495,0.762414699475663,0.823013995190349,"cognps_random_slope"
"7147","SERGEF","Mic P2RY12",0.0198292926801299,7.10096122982245,0.005925673150218,0.938683540889663,0.999765323016076,0.999791880761836,"cognps_random_slope"
"7148","TPH1","Mic P2RY12",3.29215028915715,2.47529610913562,7.63048336301947,0.00603377685419988,0.154741440098952,0.213408761002402,"cognps_random_slope"
"7149","SAAL1","Mic P2RY12",0.807076165887419,4.11029029609077,2.58310848041567,0.108886953011819,0.559292471181062,0.643474798335902,"cognps_random_slope"
"7150","HPS5","Mic P2RY12",0.21881082182064,6.12554103805275,0.357113074982221,0.550490040265584,0.91255777209291,0.940568242348434,"cognps_random_slope"
"7151","GTF2H1","Mic P2RY12",0.0497341922843774,5.80779256760102,0.0285570839453541,0.868255814593495,0.999765323016076,0.999791880761836,"cognps_random_slope"
"7152","LDHA","Mic P2RY12",-0.679210323161715,5.67880643612953,1.14558069270538,0.285193992820378,0.753810845017123,0.813877431812292,"cognps_random_slope"
"7153","TSG101","Mic P2RY12",-0.00996744794857548,6.26931637256512,0.0014869957204679,0.988178638972808,0.999765323016076,0.999791880761836,"cognps_random_slope"
"7154","UEVLD","Mic P2RY12",-0.287864633868109,6.11248222779827,1.13431638273539,0.287571055464171,0.754255972880221,0.814647163364235,"cognps_random_slope"
"7155","SPTY2D1OS","Mic P2RY12",0.139358297087897,4.30344755971165,0.078393154642037,0.779647859147111,0.990020960532974,0.999508397105588,"cognps_random_slope"
"7156","SPTY2D1","Mic P2RY12",-0.764848954074899,4.28401694453815,2.93941742987081,0.087303447025122,0.513813567669591,0.599371981462588,"cognps_random_slope"
"7157","TMEM86A","Mic P2RY12",0.219507382284776,3.74554532893533,0.105500999763726,0.745514361249334,0.982244103840787,0.994674014762625,"cognps_random_slope"
"7158","AC103974.1","Mic P2RY12",-0.746102766952994,3.47660718938197,0.758087329630171,0.384508568008736,0.821032396412535,0.870793135686283,"cognps_random_slope"
"7159","PTPN5","Mic P2RY12",1.1876788488805,3.2424621713804,2.37292428242653,0.124335004131149,0.582740912932112,0.66123352413604,"cognps_random_slope"
"7160","ZDHHC13","Mic P2RY12",-0.538779716739134,5.32506639681091,1.96946975808817,0.161366988151507,0.631512796296848,0.708484902920554,"cognps_random_slope"
"7161","NAV2","Mic P2RY12",1.75941799047622,8.0692441360789,5.15268722991719,0.0238017219757984,0.300345457813253,0.390545721939138,"cognps_random_slope"
"7162","HTATIP2","Mic P2RY12",-0.341982108985029,4.30401446928492,0.388013264140003,0.533740367560623,0.906317114252397,0.936433975615117,"cognps_random_slope"
"7163","PRMT3","Mic P2RY12",0.470645529458782,6.36241311969716,2.30534434216717,0.12980829230646,0.590176515936554,0.667766768819503,"cognps_random_slope"
"7164","NELL1","Mic P2RY12",1.99357470549179,3.80064175478349,7.35763625127531,0.00699878822822496,0.165708058385941,0.228016879487474,"cognps_random_slope"
"7165","ANO5","Mic P2RY12",1.20201476595607,3.51713606136324,2.27234222327009,0.13257864637847,0.592821635007631,0.670476801839972,"cognps_random_slope"
"7166","GAS2","Mic P2RY12",0.847897186197662,3.8031765454199,1.7596499855667,0.185509921804774,0.660999325207599,0.732455549402563,"cognps_random_slope"
"7167","SVIP","Mic P2RY12",-0.546347211282443,3.58525823451932,0.766087353367458,0.382014376091779,0.819224492969006,0.869599566739615,"cognps_random_slope"
"7168","AC006299.1","Mic P2RY12",-0.59633333321571,3.2731256956136,0.506750414774265,0.477010494745155,0.878924465843506,0.914806467905481,"cognps_random_slope"
"7169","LUZP2","Mic P2RY12",2.86810355670526,3.27407912971826,12.985407799093,0.000358148706300104,0.0391306749333402,0.0599793443627894,"cognps_random_slope"
"7170","ANO3","Mic P2RY12",2.71820689569466,3.09635687770823,9.15024785759408,0.00266567058144216,0.109783640588684,0.157323411671763,"cognps_random_slope"
"7171","CCDC34","Mic P2RY12",2.28927281336292,3.00477875549622,6.77149651301096,0.00964546362837205,0.196741032091041,0.270805700500184,"cognps_random_slope"
"7172","LGR4","Mic P2RY12",0.0627461054457386,5.431434998882,0.0196721774009089,0.888535032790009,0.999765323016076,0.999791880761836,"cognps_random_slope"
"7173","LIN7C","Mic P2RY12",0.193885019146958,4.02180173028455,0.13714864521886,0.773530862148125,0.9876732269781,0.998208143973629,"cognps_random_slope"
"7174","BDNF-AS","Mic P2RY12",0.372857565768143,5.18057040284706,0.618138420832257,0.432257638802082,0.849956784038206,0.893240006122175,"cognps_random_slope"
"7175","METTL15","Mic P2RY12",0.0884583601860232,7.38725062219916,0.13359259540776,0.714950693328108,0.975369463635344,0.99026622725823,"cognps_random_slope"
"7176","AC090833.1","Mic P2RY12",0.985829283070529,5.32806163450068,1.18581190517179,0.276905156663609,0.747850803756969,0.807930205141523,"cognps_random_slope"
"7177","ARL14EP","Mic P2RY12",0.129395927957975,5.03415856357784,0.11750533890019,0.731956333940988,0.978508292770738,0.992997359939444,"cognps_random_slope"
"7178","MPPED2","Mic P2RY12",2.98272716167327,2.81554916108301,9.17927603850241,0.00262476901022868,0.10973845741517,0.156851452668116,"cognps_random_slope"
"7179","DCDC1","Mic P2RY12",-0.190705727911838,3.34103278717793,0.0570139791442266,0.811415286525038,0.994447726155304,0.999791880761836,"cognps_random_slope"
"7180","DNAJC24","Mic P2RY12",0.363155593257375,5.36326743973279,0.989211413993537,0.366033230683501,0.811562709840244,0.862405100667332,"cognps_random_slope"
"7181","IMMP1L","Mic P2RY12",0.122501066794695,5.53451002351459,0.120020451395313,0.729214915628822,0.977905442243755,0.992735737523133,"cognps_random_slope"
"7182","ELP4","Mic P2RY12",0.193175474359415,7.31892047554281,0.527360351594538,0.468191100802548,0.872747993485096,0.911648945086448,"cognps_random_slope"
"7183","AC131571.1","Mic P2RY12",-1.49801265290603,3.42938765174261,2.99239044996801,0.0845145678893647,0.507375146962932,0.594787555439735,"cognps_random_slope"
"7184","RCN1","Mic P2RY12",-0.456301763435641,3.23763821590797,0.350384377859228,0.554267559436834,0.915359234893125,0.94331516081776,"cognps_random_slope"
"7185","EIF3M","Mic P2RY12",-0.13663610646513,5.58374708130276,0.172900544377034,0.677794772349516,0.963032358317531,0.980096514019067,"cognps_random_slope"
"7186","CCDC73","Mic P2RY12",-0.417617032918862,4.61671564249705,0.589515134740879,0.443110502266906,0.857329703705984,0.898513909568182,"cognps_random_slope"
"7187","PRRG4","Mic P2RY12",-1.13653025209333,4.88658869945232,3.19516240611289,0.0746983887186592,0.485702623589884,0.574769683843744,"cognps_random_slope"
"7188","QSER1","Mic P2RY12",-0.0184152981823013,7.33662171066304,0.00551079891235574,0.940864864982596,0.999765323016076,0.999791880761836,"cognps_random_slope"
"7189","DEPDC7","Mic P2RY12",-1.37603379717177,2.75318202549435,1.9208493181975,0.166621839137357,0.637788993510346,0.715335507959764,"cognps_random_slope"
"7190","TCP11L1","Mic P2RY12",-0.511591151312445,5.98821362077376,3.26882772655452,0.0714433534586782,0.481432815573689,0.571978509732139,"cognps_random_slope"
"7191","CSTF3","Mic P2RY12",-0.375047638186865,6.28071968653555,1.86126832218625,0.173331625699902,0.645854089686386,0.722173203526035,"cognps_random_slope"
"7192","CSTF3-DT","Mic P2RY12",0.780782290025125,2.95772448484754,0.754435752655068,0.385654738727312,0.821336297323943,0.870877549352018,"cognps_random_slope"
"7193","HIPK3","Mic P2RY12",-0.0176668200520802,7.63349183464621,0.00396426225097002,0.949831434799454,0.999765323016076,0.999791880761836,"cognps_random_slope"
"7194","KIAA1549L","Mic P2RY12",2.38177106394997,4.00010308981099,13.4439570992122,0.000282880389553497,0.0364555003715473,0.055696203646634,"cognps_random_slope"
"7195","CD59","Mic P2RY12",-0.372707808349988,2.86709180412166,0.190883155786457,0.682024904965286,0.964319028427918,0.980800549781582,"cognps_random_slope"
"7196","FBXO3","Mic P2RY12",-0.0324214463873532,5.18093128113983,0.00807923545299918,0.928428983066198,0.999765323016076,0.999791880761836,"cognps_random_slope"
"7197","LMO2","Mic P2RY12",-0.345958329811479,6.99989585526433,0.558528433183577,0.455342128889059,0.865333388169053,0.905598852945087,"cognps_random_slope"
"7198","CAPRIN1","Mic P2RY12",-0.104934791022819,6.46418844839961,0.189638266177265,0.663479101709561,0.957591202813347,0.975297408100805,"cognps_random_slope"
"7199","NAT10","Mic P2RY12",-0.1574010385567,5.29100427706815,0.147425454677401,0.701234838304779,0.970689811808939,0.985601520728389,"cognps_random_slope"
"7200","CAT","Mic P2RY12",0.0334803926315456,5.18240493402095,0.00597635897374128,0.938422382329806,0.999765323016076,0.999791880761836,"cognps_random_slope"
"7201","APIP","Mic P2RY12",-0.1253745392011,5.49575730229445,0.0755061250710494,0.783640149790538,0.990117185051922,0.999731293681804,"cognps_random_slope"
"7202","PDHX","Mic P2RY12",0.361549363432732,5.63148010937774,1.53690645151512,0.21588720695492,0.696553249426591,0.76205024300419,"cognps_random_slope"
"7203","CD44","Mic P2RY12",-1.89091263587629,3.81263119078256,4.50974864635232,0.0343844160269482,0.353363158878169,0.44686153090401,"cognps_random_slope"
"7204","SLC1A2","Mic P2RY12",2.77692768282163,4.72734613730728,14.0839125685606,0.000203770263643142,0.0356137906745337,0.054275400104748,"cognps_random_slope"
"7205","TRIM44","Mic P2RY12",-0.230329575288651,8.08310077713394,1.30728161956045,0.253647955384379,0.730761427230338,0.791596505279737,"cognps_random_slope"
"7206","LDLRAD3","Mic P2RY12",-1.27620988788551,4.77937170977126,1.49586570443432,0.222109431314438,0.70294595092844,0.767426379920919,"cognps_random_slope"
"7207","COMMD9","Mic P2RY12",-0.303239503009961,4.13416904270166,0.359139289182698,0.549361979525603,0.912109390218929,0.940256030616682,"cognps_random_slope"
"7208","PRR5L","Mic P2RY12",-1.57534596642745,3.45576412367706,3.19120159406893,0.074877874775655,0.486057522939337,0.574826063627018,"cognps_random_slope"
"7209","TRAF6","Mic P2RY12",-0.176042928615069,5.13773314631871,0.176389395303936,0.802044856694619,0.992355565004578,0.999791880761836,"cognps_random_slope"
"7210","C11orf74","Mic P2RY12",0.578598327277716,4.17621418116105,1.21046076336581,0.271976788690749,0.744483269496792,0.80416304335908,"cognps_random_slope"
"7211","LRRC4C","Mic P2RY12",-0.103269712666124,6.44356647996614,0.0142100219470967,0.905178874537696,0.999765323016076,0.999791880761836,"cognps_random_slope"
"7212","API5","Mic P2RY12",-0.270438916323831,5.97823040838412,1.03402224273307,0.406316156582857,0.833339885884123,0.880892177147851,"cognps_random_slope"
"7213","TTC17","Mic P2RY12",-0.0448165709357881,8.83339150886759,0.0710776633845984,0.789926917300591,0.990886185623222,0.999791880761836,"cognps_random_slope"
"7214","AC068205.1","Mic P2RY12",0.476801430285274,3.58132795716094,0.674348287318597,0.41208372171751,0.837478610060108,0.884008201334636,"cognps_random_slope"
"7215","HSD17B12","Mic P2RY12",0.00711121056808528,7.34773821366446,0.000722868260722441,0.978565405695613,0.999765323016076,0.999791880761836,"cognps_random_slope"
"7216","ALKBH3","Mic P2RY12",0.108493023459298,4.95355885540124,0.0731434568712004,0.976511698232443,0.999765323016076,0.999791880761836,"cognps_random_slope"
"7217","ACCS","Mic P2RY12",-0.089496593497841,4.69474481828176,0.0260145844927533,0.871955275506346,0.999765323016076,0.999791880761836,"cognps_random_slope"
"7218","EXT2","Mic P2RY12",-0.121638550837247,6.30637899642114,0.208714149190735,0.896521047730092,0.999765323016076,0.999791880761836,"cognps_random_slope"
"7219","CD82","Mic P2RY12",0.277276306580503,3.70409340317626,0.148861091261768,0.699854258844004,0.969981065546437,0.98526570223945,"cognps_random_slope"
"7220","TSPAN18","Mic P2RY12",-1.45673089237158,2.28813414691572,1.50892493264879,0.220106483289342,0.701066373438034,0.76590145481113,"cognps_random_slope"
"7221","TP53I11","Mic P2RY12",-0.874288183618698,5.24292999741739,4.54169608496123,0.0337565369110123,0.351240563946647,0.444299882398935,"cognps_random_slope"
"7222","PRDM11","Mic P2RY12",0.474441865679449,7.13185305163806,0.317076649465613,0.573720679745051,0.924846697495434,0.950153024578689,"cognps_random_slope"
"7223","SYT13","Mic P2RY12",1.46421659502113,3.03988136149319,2.27290794283727,0.132530602724259,0.592821635007631,0.670437225638243,"cognps_random_slope"
"7224","CHST1","Mic P2RY12",0.111687970652633,3.20807812837232,0.0166349740094453,0.89744823247831,0.999765323016076,0.999791880761836,"cognps_random_slope"
"7225","CRY2","Mic P2RY12",0.291545949157204,4.93146757208428,0.625710768019357,0.429454367383145,0.848086940362737,0.891697247435349,"cognps_random_slope"
"7226","MAPK8IP1","Mic P2RY12",0.442791154464725,3.42226685941413,0.405622208170208,0.524605098986979,0.900642733823573,0.932182528774916,"cognps_random_slope"
"7227","PEX16","Mic P2RY12",-0.918220948669082,3.74697507230124,2.57348820639083,0.109545680427631,0.56052755380324,0.644627053842235,"cognps_random_slope"
"7228","PHF21A","Mic P2RY12",-0.405084591004866,8.51064279533474,1.27197950393924,0.260147526479736,0.73470989405828,0.795715081347276,"cognps_random_slope"
"7229","DGKZ","Mic P2RY12",0.0742549145064218,6.600272492938,0.0644850815314621,0.799687707045349,0.992143902613387,0.999791880761836,"cognps_random_slope"
"7230","AMBRA1","Mic P2RY12",-0.104737214208409,7.7031240446247,0.318503299469876,0.572860305697989,0.924344761669553,0.949939121603617,"cognps_random_slope"
"7231","HARBI1","Mic P2RY12",-0.521687733813703,2.94984477911699,0.41989661653228,0.517402119732258,0.895596203375354,0.928950449101199,"cognps_random_slope"
"7232","ATG13","Mic P2RY12",0.298463109675044,5.47147367837136,0.841212766692005,0.359664807725676,0.807010757068222,0.85858423257629,"cognps_random_slope"
"7233","ARHGAP1","Mic P2RY12",0.0527422794399337,5.64268757646112,0.02705632497112,0.869439349765756,0.999765323016076,0.999791880761836,"cognps_random_slope"
"7234","CKAP5","Mic P2RY12",-0.0626240892802698,6.47118028383776,0.0787598513222242,0.803117435893996,0.992857634540169,0.999791880761836,"cognps_random_slope"
"7235","LRP4","Mic P2RY12",-0.475699472339205,5.55207393235912,0.351671757615699,0.553541044252404,0.915245752257084,0.943038811492407,"cognps_random_slope"
"7236","C11orf49","Mic P2RY12",-0.16952384593575,6.6080273514763,0.383319257514617,0.615670919072044,0.940879358414831,0.96381483341965,"cognps_random_slope"
"7237","ARFGAP2","Mic P2RY12",-0.0219969634284085,5.51541181609723,0.00415207995988342,0.948658361876992,0.999765323016076,0.999791880761836,"cognps_random_slope"
"7238","DDB2","Mic P2RY12",0.5619814349917,6.95920445625898,2.19309678651413,0.139505916630125,0.604240073936751,0.680672823696258,"cognps_random_slope"
"7239","ACP2","Mic P2RY12",0.792845697472674,3.89145174260518,1.80920835232195,0.187498708025992,0.663212237427689,0.734845086795239,"cognps_random_slope"
"7240","NR1H3","Mic P2RY12",-0.371059722499571,4.19688832731681,0.536111409898044,0.654274878135762,0.955246777471418,0.973537836851373,"cognps_random_slope"
"7241","MADD","Mic P2RY12",-0.0134615198795963,5.72669580996957,0.00213216786037477,0.963196076976266,0.999765323016076,0.999791880761836,"cognps_random_slope"
"7242","MYBPC3","Mic P2RY12",-0.341211366042221,3.23741082093667,0.178488339837075,0.672928047147115,0.961882032850369,0.979103379964061,"cognps_random_slope"
"7243","SPI1","Mic P2RY12",-0.723493166224619,7.15437901673905,7.64848487888875,0.00597512201637184,0.154741440098952,0.213382850900519,"cognps_random_slope"
"7244","AC090559.1","Mic P2RY12",0.0318661268622773,4.55783555056714,0.0039382571722928,0.949996038178776,0.999765323016076,0.999791880761836,"cognps_random_slope"
"7245","SLC39A13","Mic P2RY12",-0.33254353737369,3.82262900325162,0.3071582729679,0.613048683897983,0.940399122416995,0.963142172997874,"cognps_random_slope"
"7246","PSMC3","Mic P2RY12",0.134791624683589,3.50073882075136,0.0403111574570333,0.990901046615507,0.999765323016076,0.999791880761836,"cognps_random_slope"
"7247","CELF1","Mic P2RY12",-0.181013122669931,8.67865801628057,1.05052452676059,0.584974043432139,0.929171419625709,0.953189348505738,"cognps_random_slope"
"7248","NDUFS3","Mic P2RY12",0.335339782742855,4.69194461759805,0.54518232285572,0.460774468602053,0.867578231790902,0.907634616787913,"cognps_random_slope"
"7249","KBTBD4","Mic P2RY12",-0.410284787147687,2.99967860975915,0.224034176416812,0.636270296951723,0.950145971078957,0.970025117347288,"cognps_random_slope"
"7250","C1QTNF4","Mic P2RY12",2.84115436890768,3.63225478305979,9.63671021543318,0.00205844775127721,0.0980236001535079,0.139635868275065,"cognps_random_slope"
"7251","MTCH2","Mic P2RY12",-0.441324646205984,5.87005771534914,2.28842700980001,0.242199339726174,0.723853704394118,0.78507412470175,"cognps_random_slope"
"7252","FNBP4","Mic P2RY12",-0.128403967054682,7.72875257072608,0.338677276707779,0.56095834873982,0.920002061148461,0.946258818399626,"cognps_random_slope"
"7253","NUP160","Mic P2RY12",-0.476609481330865,6.82708670369154,2.31442600748916,0.129057347758177,0.588940468807355,0.666354407449888,"cognps_random_slope"
"7254","PTPRJ","Mic P2RY12",0.0613139016319817,10.296127496355,0.0376227798715373,0.846312076906618,0.999765323016076,0.999791880761836,"cognps_random_slope"
"7255","FOLH1","Mic P2RY12",0.51560745120135,2.85699931533357,0.246753831616927,0.619673645801826,0.943021408970052,0.964518857400615,"cognps_random_slope"
"7256","TNKS1BP1","Mic P2RY12",0.140659565703457,2.9249717376282,0.0279369820987494,0.86735100556972,0.999765323016076,0.999791880761836,"cognps_random_slope"
"7257","SSRP1","Mic P2RY12",0.587674368088847,4.26325678367392,1.55307381237039,0.213493417235422,0.694181635027816,0.759780440658655,"cognps_random_slope"
"7258","SLC43A1","Mic P2RY12",-0.217588103058847,3.2646412663191,0.0742697700871141,0.785374928323144,0.990719344618726,0.999791880761836,"cognps_random_slope"
"7259","TIMM10","Mic P2RY12",1.35036318025061,2.87113779262119,2.30375996944359,0.129939801056161,0.590279075916481,0.667766768819503,"cognps_random_slope"
"7260","UBE2L6","Mic P2RY12",-0.479302195229237,4.47341271600672,0.827193756502186,0.363694372534994,0.810555178170873,0.861278653235162,"cognps_random_slope"
"7261","SERPING1","Mic P2RY12",-0.669602406965026,4.74172357665396,1.3379237989779,0.248168199245239,0.727506673637925,0.787883147226809,"cognps_random_slope"
"7262","ZDHHC5","Mic P2RY12",0.0596426520240163,5.7029631490305,0.0437722181784826,0.834396434285185,0.999366959106503,0.999791880761836,"cognps_random_slope"
"7263","MED19","Mic P2RY12",-0.0936683902304704,3.81233185816105,0.03085689498166,0.860658900641562,0.999765323016076,0.999791880761836,"cognps_random_slope"
"7264","CTNND1","Mic P2RY12",-0.217143712836958,7.11260090209086,0.816800097498301,0.366722393862872,0.811562709840244,0.862405100667332,"cognps_random_slope"
"7265","LPXN","Mic P2RY12",-0.0895809432317436,6.33264985334451,0.0453162918414753,0.831544114769499,0.999283387674923,0.999791880761836,"cognps_random_slope"
"7266","GLYATL1","Mic P2RY12",-1.09509730828178,2.76369318248326,1.28551998693911,0.257630441011363,0.733016038215134,0.793978678928331,"cognps_random_slope"
"7267","AP001636.3","Mic P2RY12",-3.0829223416728,5.53743522565185,13.1023298913191,0.000337214757271454,0.0383646777184693,0.058630048367351,"cognps_random_slope"
"7268","FAM111A-DT","Mic P2RY12",-0.966917175025704,3.05750800662222,1.5874848532212,0.208502842428106,0.689568715448822,0.754950683011725,"cognps_random_slope"
"7269","FAM111A","Mic P2RY12",-0.0214419302415981,5.94038550520555,0.0032723758328759,0.954413917149941,0.999765323016076,0.999791880761836,"cognps_random_slope"
"7270","MPEG1","Mic P2RY12",0.194728108447809,4.11287658702129,0.0589569377416293,0.808290627522725,0.993593436458099,0.999791880761836,"cognps_random_slope"
"7271","OSBP","Mic P2RY12",0.101263243287206,5.76331412477437,0.131252223062044,0.815146923827568,0.994957963721761,0.999791880761836,"cognps_random_slope"
"7272","AP000442.2","Mic P2RY12",-0.922136389503646,2.69080451929403,0.9335831555311,0.334582874584528,0.787534324730273,0.84346889010648,"cognps_random_slope"
"7273","PATL1","Mic P2RY12",-0.0427298988134927,5.8376746672,0.01994591927233,0.887767305656212,0.999765323016076,0.999791880761836,"cognps_random_slope"
"7274","STX3","Mic P2RY12",-0.585724023523133,5.70659702165014,3.23638719182284,0.0728575648369215,0.483486834973886,0.572984775873399,"cognps_random_slope"
"7275","MRPL16","Mic P2RY12",0.214461496492707,4.25754959797983,0.171867593963519,0.678704500846353,0.963092611004913,0.980181131380842,"cognps_random_slope"
"7276","MS4A6A","Mic P2RY12",-0.000918327839639323,8.55003912486285,3.22577001410866e-06,0.998567961738317,0.999765323016076,0.999791880761836,"cognps_random_slope"
"7277","MS4A4E","Mic P2RY12",-0.352511864662581,5.39994548509598,0.214596586703518,0.643468470832575,0.951443629329721,0.970883120121208,"cognps_random_slope"
"7278","MS4A4A","Mic P2RY12",0.184663865695651,6.14158940011808,0.093927455937184,0.759419712298832,0.983190954097967,0.995414674993652,"cognps_random_slope"
"7279","MS4A6E","Mic P2RY12",-1.00709596152747,3.47006330543286,1.60483624069583,0.20603900440297,0.687214537031122,0.753140282490449,"cognps_random_slope"
"7280","MS4A14","Mic P2RY12",-0.533160835965882,5.73331262527333,0.692124997387821,0.405994603030807,0.833157730006866,0.880758600159611,"cognps_random_slope"
"7281","PRPF19","Mic P2RY12",0.356455722727724,4.71630573402811,0.657680460441679,0.417916395371593,0.840787365511229,0.886483329915441,"cognps_random_slope"
"7282","TMEM109","Mic P2RY12",-0.971255614204961,4.4968921646934,3.91216221707547,0.0487008398514396,0.415694238757415,0.509730935213884,"cognps_random_slope"
"7283","TMEM132A","Mic P2RY12",1.79981194913263,3.24126661717756,4.44302719420151,0.0357356170300741,0.360952978438001,0.454235392116409,"cognps_random_slope"
"7284","SLC15A3","Mic P2RY12",0.130599015226923,5.54265054478776,0.136689337329144,0.76046374812898,0.983210293167049,0.995414674993652,"cognps_random_slope"
"7285","CD6","Mic P2RY12",-1.61098019473594,2.49338570432641,2.08718634206628,0.149410130444117,0.616120740629385,0.693576099086525,"cognps_random_slope"
"7286","VPS37C","Mic P2RY12",0.098244682929574,5.39305340241421,0.0733266877191883,0.78670866210637,0.99085364482025,0.999791880761836,"cognps_random_slope"
"7287","VWCE","Mic P2RY12",-0.847775403943471,2.85872408184705,0.646586423249889,0.421866982017901,0.843046326294296,0.888150029380637,"cognps_random_slope"
"7288","DDB1","Mic P2RY12",-0.0586650061761712,5.97987803799224,0.0410309191653418,0.839592798182287,0.999765323016076,0.999791880761836,"cognps_random_slope"
"7289","TKFC","Mic P2RY12",2.5739206760393,2.98793830708034,10.1093096015724,0.00160325257020763,0.0869845655601315,0.12421075324856,"cognps_random_slope"
"7290","CYB561A3","Mic P2RY12",0.182428962231162,4.57083006917865,0.1400305133062,0.70847121552349,0.973207309924008,0.988354461037649,"cognps_random_slope"
"7291","TMEM138","Mic P2RY12",0.057098800675901,4.28104353590159,0.0176282713947829,0.89444835147797,0.999765323016076,0.999791880761836,"cognps_random_slope"
"7292","TMEM216","Mic P2RY12",0.0932124510918606,3.13969769505941,0.0150622065863462,0.902390902077125,0.999765323016076,0.999791880761836,"cognps_random_slope"
"7293","CPSF7","Mic P2RY12",0.166581271989606,6.1893302457359,0.387037075383032,0.534255185337767,0.906426532810626,0.936721653511613,"cognps_random_slope"
"7294","AP003108.2","Mic P2RY12",0.479917368751641,5.5438311680545,1.99927453879453,0.158239596386492,0.628850038216583,0.706757717301824,"cognps_random_slope"
"7295","SYT7","Mic P2RY12",0.441879947612539,3.25954309603195,0.333079668952062,0.56421237113385,0.922158496670547,0.947917378948379,"cognps_random_slope"
"7296","DAGLA","Mic P2RY12",0.482192775588363,3.1703953301742,0.397220852894322,0.528928284049328,0.903972390713397,0.934139357377662,"cognps_random_slope"
"7297","MYRF","Mic P2RY12",0.36717124030131,3.08675542835677,0.121615822981058,0.727492640001118,0.977594945023934,0.992716167586774,"cognps_random_slope"
"7298","TMEM258","Mic P2RY12",-1.04338115989689,3.69729424526756,2.73885209185443,0.0988074893684844,0.537484114202283,0.623301366148007,"cognps_random_slope"
"7299","FADS2","Mic P2RY12",0.912515453780865,4.6798675611154,2.85648643997027,0.0918726419793283,0.526337719329327,0.610697095772764,"cognps_random_slope"
"7300","FADS1","Mic P2RY12",-0.274008573163597,5.05580878256673,0.290041167667274,0.590527335278583,0.932334686624445,0.955970213586105,"cognps_random_slope"
"7301","FADS3","Mic P2RY12",-0.287993055756422,4.35805239964782,0.257047546068966,0.61246655281923,0.940399122416995,0.963142172997874,"cognps_random_slope"
"7302","RAB3IL1","Mic P2RY12",1.04622020721357,5.27211212938672,5.36904313514599,0.0210582656073101,0.286060335464227,0.373093697115361,"cognps_random_slope"
"7303","BEST1","Mic P2RY12",1.25097723571521,4.13981194900773,5.77864019677063,0.0167274125529658,0.253546675396606,0.33617360706713,"cognps_random_slope"
"7304","FTH1","Mic P2RY12",-0.549923509227941,8.52667298131811,0.698655042858362,0.403790984656398,0.831923582607513,0.879392170506037,"cognps_random_slope"
"7305","INCENP","Mic P2RY12",0.392576346539967,3.75785163874391,0.447212267997907,0.504090811969658,0.89103184434892,0.925288443241982,"cognps_random_slope"
"7306","ASRGL1","Mic P2RY12",-1.18624587591213,3.64877580836878,3.15519228516278,0.0765311657486771,0.490480225824018,0.578183194812051,"cognps_random_slope"
"7307","AHNAK","Mic P2RY12",-3.2338119473978,4.06212976145878,13.9055797362715,0.000223243672239183,0.0359587299138796,0.0548933450647856,"cognps_random_slope"
"7308","MTA2","Mic P2RY12",-0.253929731737519,3.56687349058476,0.182386813837814,0.669585589915163,0.960390254014357,0.977492994124877,"cognps_random_slope"
"7309","EML3","Mic P2RY12",-0.192697568402471,4.80783874956176,0.159997100413939,0.689396665417898,0.967043650386722,0.983568942804121,"cognps_random_slope"
"7310","B3GAT3","Mic P2RY12",-0.0339519594383027,5.31473296454782,0.00696448571975251,0.93353738696239,0.999765323016076,0.999791880761836,"cognps_random_slope"
"7311","GANAB","Mic P2RY12",-0.405754038559065,5.57284013681377,1.70577986610037,0.213339676926798,0.694092015172621,0.759747366105105,"cognps_random_slope"
"7312","CSKMT","Mic P2RY12",-0.94685150971875,3.26461312652958,1.64628650133771,0.200291361369439,0.678910238628854,0.747324915146834,"cognps_random_slope"
"7313","UQCC3","Mic P2RY12",0.013823655981898,3.45651307882888,0.000783422314323473,0.977685905719776,0.999765323016076,0.999791880761836,"cognps_random_slope"
"7314","UBXN1","Mic P2RY12",-0.848012594811467,4.86734804582706,4.35381530066532,0.0376300908608778,0.369166067076591,0.463337191948929,"cognps_random_slope"
"7315","GNG3","Mic P2RY12",1.14034927954472,3.48429387866275,1.22250874039735,0.269607989774886,0.7436443808366,0.803327988713777,"cognps_random_slope"
"7316","TTC9C","Mic P2RY12",-0.742334145427886,5.32053800059942,6.04719609957672,0.0143986560331355,0.237631021551785,0.316700195382479,"cognps_random_slope"
"7317","POLR2G","Mic P2RY12",-0.0751062483799245,3.48809607259182,0.0139678008623796,0.905986700152812,0.999765323016076,0.999791880761836,"cognps_random_slope"
"7318","TAF6L","Mic P2RY12",-0.0397327010300169,3.85692370753643,0.00468401387287859,0.945473532003625,0.999765323016076,0.999791880761836,"cognps_random_slope"
"7319","TMEM223","Mic P2RY12",0.0318067181389043,4.25393146003998,0.00405843880152045,0.99477344828076,0.999765323016076,0.999791880761836,"cognps_random_slope"
"7320","TMEM179B","Mic P2RY12",-0.683900816243058,5.03065740354861,2.75384871917252,0.0978923713028116,0.536413249822253,0.622624745113121,"cognps_random_slope"
"7321","NXF1","Mic P2RY12",0.431385368411014,5.15753485328241,0.859200840721613,0.354584072061512,0.802966810502732,0.854649853275865,"cognps_random_slope"
"7322","STX5","Mic P2RY12",-0.0176616687385827,5.79227961547311,0.00337792160699875,0.953685411160293,0.999765323016076,0.999791880761836,"cognps_random_slope"
"7323","AP001160.1","Mic P2RY12",0.242455348616264,3.09712703966916,0.0944659725789664,0.758752473738522,0.983190954097967,0.995414674993652,"cognps_random_slope"
"7324","WDR74","Mic P2RY12",-1.05006525696554,3.66143882761596,2.88690811635488,0.0901669567761708,0.521505130667874,0.606267235466379,"cognps_random_slope"
"7325","SLC3A2","Mic P2RY12",-0.399487932325027,4.79795182453609,0.621525878043464,0.431000183287877,0.848974745989819,0.892253848944347,"cognps_random_slope"
"7326","RARRES3","Mic P2RY12",-0.0952882186977662,3.09912486088126,0.0169630142102187,0.896447677606819,0.999765323016076,0.999791880761836,"cognps_random_slope"
"7327","PLA2G16","Mic P2RY12",-0.286235670483021,5.82617762856935,0.72546113128282,0.783587626764652,0.990117185051922,0.999731293681804,"cognps_random_slope"
"7328","ATL3","Mic P2RY12",-0.312744007939982,5.75743476023857,0.829785613632315,0.362944687424696,0.809837342431141,0.86075447649186,"cognps_random_slope"
"7329","RTN3","Mic P2RY12",0.144381132879365,7.41192708405528,0.336742515737613,0.562078978024466,0.920608700135159,0.946825652990182,"cognps_random_slope"
"7330","SPINDOC","Mic P2RY12",0.253094970178189,4.56351333047566,0.149451079051042,0.699289115302033,0.969804265685207,0.98522366711326,"cognps_random_slope"
"7331","MARK2","Mic P2RY12",-0.0464463783002136,7.4656611678204,0.0477277072704618,0.82718940632701,0.998219567307315,0.999791880761836,"cognps_random_slope"
"7332","NAA40","Mic P2RY12",-0.161868154172806,5.68395346565777,0.211733797683529,0.843062886343496,0.999765323016076,0.999791880761836,"cognps_random_slope"
"7333","OTUB1","Mic P2RY12",-0.137179424553513,4.85271827662075,0.127343143488361,0.721412113483257,0.97571529536985,0.991463831658989,"cognps_random_slope"
"7334","MACROD1","Mic P2RY12",-0.357197533311019,5.37274227821407,0.495817818402202,0.481799215624892,0.881229760326498,0.916739510069731,"cognps_random_slope"
"7335","AP000721.2","Mic P2RY12",0.473449833459584,3.06063596157741,0.282710426102501,0.595258465896602,0.934577535337172,0.957748883630577,"cognps_random_slope"
"7336","STIP1","Mic P2RY12",0.0258317827560985,6.13123660874646,0.00126725800143859,0.9716222013912,0.999765323016076,0.999791880761836,"cognps_random_slope"
"7337","FERMT3","Mic P2RY12",-0.357235236935491,5.92578145497908,0.866800389074125,0.352467182828908,0.800932055818419,0.852611072866339,"cognps_random_slope"
"7338","TRPT1","Mic P2RY12",-0.472511281250721,3.43421404077828,0.482310504626044,0.487826017362056,0.882892893919032,0.917696481781987,"cognps_random_slope"
"7339","NUDT22","Mic P2RY12",0.094978013585065,4.55625600697261,0.0529234284890628,0.818182995002042,0.995204567340528,0.999791880761836,"cognps_random_slope"
"7340","AP001453.1","Mic P2RY12",-0.0676280771134405,4.0929175964694,0.0157069872588603,0.900334295316306,0.999765323016076,0.999791880761836,"cognps_random_slope"
"7341","DNAJC4","Mic P2RY12",0.221266462553358,4.30000578595533,0.199102365324541,0.823381809363847,0.996765732669654,0.999791880761836,"cognps_random_slope"
"7342","VEGFB","Mic P2RY12",-0.240013984126872,5.65704614287446,0.325245671458675,0.568828237443643,0.922938751325916,0.948753778898485,"cognps_random_slope"
"7343","FKBP2","Mic P2RY12",0.388183188178213,4.83989135316317,0.485018963600701,0.48660755797003,0.881786963332351,0.91723721705446,"cognps_random_slope"
"7344","PPP1R14B","Mic P2RY12",-1.26579626541912,3.71143751897335,2.8004403608081,0.0951079534965175,0.532922140027557,0.617571662321137,"cognps_random_slope"
"7345","PLCB3","Mic P2RY12",-0.93539783306195,4.08847060547445,2.79992958674321,0.205678314969887,0.687214537031122,0.753140282490449,"cognps_random_slope"
"7346","BAD","Mic P2RY12",-0.670822386710492,3.27052265161789,1.04440795792482,0.307485472578851,0.767482365064106,0.826769615798399,"cognps_random_slope"
"7347","GPR137","Mic P2RY12",0.098559352182922,4.3339513444768,0.0443735844233709,0.833279397032242,0.999366959106503,0.999791880761836,"cognps_random_slope"
"7348","ESRRA","Mic P2RY12",-0.266058857660654,5.61734346354442,0.529422049059622,0.467323375402703,0.872200074574563,0.91146586185003,"cognps_random_slope"
"7349","TRMT112","Mic P2RY12",-0.653811344083454,4.02540896699409,1.07223717132333,0.301136445748931,0.762414699475663,0.823013995190349,"cognps_random_slope"
"7350","PRDX5","Mic P2RY12",-0.0740143537411219,3.91804022589485,0.0116537685418706,0.914093476685233,0.999765323016076,0.999791880761836,"cognps_random_slope"
"7351","CCDC88B","Mic P2RY12",-0.478447233991071,6.71106011467249,2.09755820456021,0.148405859823402,0.615096191273602,0.692284318170619,"cognps_random_slope"
"7352","RPS6KA4","Mic P2RY12",0.531325620419108,6.09414199779727,2.26715959702749,0.133019690199404,0.593557228010685,0.671370716186827,"cognps_random_slope"
"7353","NRXN2","Mic P2RY12",0.534279513689867,3.55185480410786,0.549077078146548,0.459178601708335,0.866792533233255,0.907242372423074,"cognps_random_slope"
"7354","RASGRP2","Mic P2RY12",-1.13607475698682,4.61511387479232,4.61238635075467,0.0324096096889622,0.346166150645263,0.4390482733532,"cognps_random_slope"
"7355","SF1","Mic P2RY12",-0.565191394520836,7.34176535777399,4.06534729512307,0.0445147396516435,0.398437123319743,0.492235156926348,"cognps_random_slope"
"7356","AP001462.1","Mic P2RY12",-0.072348392215666,3.15317618333044,0.0080019621689557,0.928771154511338,0.999765323016076,0.999791880761836,"cognps_random_slope"
"7357","MAP4K2","Mic P2RY12",-0.490465514001672,5.49462398839367,1.86532502362362,0.17286501672759,0.645854089686386,0.722173203526035,"cognps_random_slope"
"7358","MEN1","Mic P2RY12",-0.252970289511416,3.51955343062682,0.162799978236418,0.686831411971395,0.966541875561649,0.98288778474506,"cognps_random_slope"
"7359","EHD1","Mic P2RY12",-0.258218647283879,3.52532832103558,0.0978725602022639,0.75457907777008,0.982268354911735,0.995002618261286,"cognps_random_slope"
"7360","ATG2A","Mic P2RY12",-0.581513565115332,4.1615335801983,1.16213648922558,0.281745443646891,0.750907838952912,0.811474754307675,"cognps_random_slope"
"7361","PPP2R5B","Mic P2RY12",0.0545647751307144,4.60196868398038,0.0128930189079324,0.90965992247317,0.999765323016076,0.999791880761836,"cognps_random_slope"
"7362","ARL2-SNX15","Mic P2RY12",-3.6399617140194,2.87648926012438,9.55717704448896,0.00214711771963338,0.0985286589464096,0.140673503820293,"cognps_random_slope"
"7363","SAC3D1","Mic P2RY12",0.424007975368832,3.31234710333383,0.387540327345659,0.533989670309141,0.906426532810626,0.936676845646322,"cognps_random_slope"
"7364","ZFPL1","Mic P2RY12",-0.378064674360321,3.84749847800053,0.464657778105401,0.676649925905076,0.962836572976644,0.980096514019067,"cognps_random_slope"
"7365","VPS51","Mic P2RY12",0.139812547815482,5.89192555726205,0.195542337501846,0.980706566106469,0.999765323016076,0.999791880761836,"cognps_random_slope"
"7366","TM7SF2","Mic P2RY12",0.986305974875674,3.37485363281779,1.90490527659133,0.1683876294625,0.639771512789088,0.717501248579107,"cognps_random_slope"
"7367","FAU","Mic P2RY12",-1.22086895886346,5.57121795093385,4.77882787282967,0.0294559425975441,0.332271958543509,0.424135245906843,"cognps_random_slope"
"7368","SYVN1","Mic P2RY12",-0.330268344933512,4.55878194403283,0.391087753890154,0.53212481420926,0.905869491262486,0.935638272995458,"cognps_random_slope"
"7369","MRPL49","Mic P2RY12",0.494947542752664,2.93319717728142,0.346092348480255,0.55670280401273,0.917296726493863,0.944967586879854,"cognps_random_slope"
"7370","CAPN1","Mic P2RY12",-0.260782792759316,5.46850030646703,0.634203372927746,0.426343054961081,0.847050575769404,0.890854993659785,"cognps_random_slope"
"7371","POLA2","Mic P2RY12",-0.048209451687782,5.36661232153115,0.0167876741993358,0.896981245653306,0.999765323016076,0.999791880761836,"cognps_random_slope"
"7372","DPF2","Mic P2RY12",-0.0535582673112453,5.29505288859752,0.0291006963592116,0.864642673757741,0.999765323016076,0.999791880761836,"cognps_random_slope"
"7373","SLC25A45","Mic P2RY12",0.689099079128605,4.84870197599972,1.56172854265415,0.212224979682464,0.692249336969635,0.758505865264288,"cognps_random_slope"
"7374","FRMD8","Mic P2RY12",0.302311613160095,4.77895297906247,0.46479468827858,0.495830467944515,0.885741367554157,0.921184265007753,"cognps_random_slope"
"7375","NEAT1","Mic P2RY12",-0.360636339973067,12.2416983753542,0.475340116512742,0.490985276296404,0.884151843354876,0.918939026529304,"cognps_random_slope"
"7376","MALAT1","Mic P2RY12",0.0875265441993615,14.8704609942581,0.0504619381042342,0.822388985710812,0.996726931048618,0.999791880761836,"cognps_random_slope"
"7377","SCYL1","Mic P2RY12",-0.51427856965402,5.40035507424698,1.78922490946112,0.181865923909177,0.657493253607149,0.729889000517839,"cognps_random_slope"
"7378","LTBP3","Mic P2RY12",-0.0179108194470568,5.60195387698992,0.00243997490362727,0.960631056323013,0.999765323016076,0.999791880761836,"cognps_random_slope"
"7379","FAM89B","Mic P2RY12",-0.684461382391082,4.05792043883438,1.18678149048192,0.276709179570976,0.747729838698361,0.807787550604954,"cognps_random_slope"
"7380","EHBP1L1","Mic P2RY12",0.139151581437637,7.19407171044786,0.150857654437274,0.697946925107129,0.969543562077396,0.984989885855413,"cognps_random_slope"
"7381","MAP3K11","Mic P2RY12",-0.169419517991079,5.41259703918062,0.2528582455234,0.708019856780054,0.973207309924008,0.988354461037649,"cognps_random_slope"
"7382","PCNX3","Mic P2RY12",-0.394783614250167,4.4992877948901,0.780274625500132,0.377647266716838,0.816910377307216,0.867843746648631,"cognps_random_slope"
"7383","SIPA1","Mic P2RY12",-0.158687433882181,6.40460566925221,0.228590526813961,0.632861404334427,0.949002694388455,0.968564075162913,"cognps_random_slope"
"7384","RELA","Mic P2RY12",-0.60358870483724,4.68575869267729,1.50870955653816,0.220139340304996,0.701066373438034,0.76590145481113,"cognps_random_slope"
"7385","KAT5","Mic P2RY12",0.367490419130306,4.48204776252004,0.716203294565777,0.669422251469763,0.960390254014357,0.977489249904549,"cognps_random_slope"
"7386","RNASEH2C","Mic P2RY12",-0.630706175209975,4.44037230942358,2.18112200829912,0.140587696709202,0.605445939307539,0.682111417539437,"cognps_random_slope"
"7387","AP001266.2","Mic P2RY12",0.251558908189792,2.96300926148274,0.0703938635073686,0.79091619384888,0.990886185623222,0.999791880761836,"cognps_random_slope"
"7388","AP5B1","Mic P2RY12",0.676438709208813,3.53234390340172,1.1419853315566,0.285949979991316,0.753986392714568,0.814248375757658,"cognps_random_slope"
"7389","CFL1","Mic P2RY12",-0.384367188415107,6.15250384779144,0.881851851746538,0.348325248940574,0.797345383686804,0.848788665949549,"cognps_random_slope"
"7390","SNX32","Mic P2RY12",-0.187934640695626,3.84772284724034,0.0836796684123848,0.772538103268109,0.987134048176166,0.99779870021368,"cognps_random_slope"
"7391","MUS81","Mic P2RY12",-0.232924531301517,4.72518296194386,0.405386543426884,0.52472550709918,0.900710454801603,0.93227033171456,"cognps_random_slope"
"7392","EFEMP2","Mic P2RY12",0.555925869471143,3.29986669160846,0.463333847331491,0.49650801096105,0.886333269600244,0.92129307139183,"cognps_random_slope"
"7393","FIBP","Mic P2RY12",-0.433277127661374,3.4074754741272,0.438497389225699,0.508272707652567,0.892123451899417,0.926624752365273,"cognps_random_slope"
"7394","CCDC85B","Mic P2RY12",-0.153824974314634,4.75783558528245,0.07653629868229,0.782206305931179,0.990020960532974,0.999508397105588,"cognps_random_slope"
"7395","FOSL1","Mic P2RY12",-1.08864816903688,3.47069315941428,1.61750378050444,0.204262027426923,0.685356892726137,0.751728274296437,"cognps_random_slope"
"7396","C11orf68","Mic P2RY12",0.146082546046589,3.79910052157779,0.0616618939246433,0.804030006201159,0.993197797801506,0.999791880761836,"cognps_random_slope"
"7397","DRAP1","Mic P2RY12",0.071533200334009,4.52580698452106,0.0189324426862696,0.890637342644417,0.999765323016076,0.999791880761836,"cognps_random_slope"
"7398","SART1","Mic P2RY12",0.2340669987401,4.99925933677352,0.405595293770888,0.5246188478641,0.900642733823573,0.932182528774916,"cognps_random_slope"
"7399","EIF1AD","Mic P2RY12",0.0476656252139905,3.38673103382921,0.00603148697205703,0.938139597161949,0.999765323016076,0.999791880761836,"cognps_random_slope"
"7400","BANF1","Mic P2RY12",0.00247819794402557,4.25491870332833,8.06768126370374e-06,0.997735293450917,0.999765323016076,0.999791880761836,"cognps_random_slope"
"7401","SF3B2","Mic P2RY12",-0.76014760859875,5.95395622546774,6.55011252824693,0.0108961792448465,0.205918108983221,0.27737301592694,"cognps_random_slope"
"7402","PACS1","Mic P2RY12",-0.297107785362687,8.89871787376804,1.59458734185926,0.207490112121242,0.688833639804573,0.754317820823317,"cognps_random_slope"
"7403","KLC2","Mic P2RY12",0.677114117401037,3.91011711176816,1.47116976844369,0.225957337151689,0.706583534051226,0.769637329131246,"cognps_random_slope"
"7404","RAB1B","Mic P2RY12",-0.115428928828188,4.34324499674462,0.06232977713922,0.969343604937754,0.999765323016076,0.999791880761836,"cognps_random_slope"
"7405","YIF1A","Mic P2RY12",-1.47269693181669,3.12929409453071,3.9443940179346,0.0477866194824556,0.411696450163264,0.504832644293922,"cognps_random_slope"
"7406","BRMS1","Mic P2RY12",-0.350025741957577,3.68139437698523,0.345748194139897,0.582614244308366,0.927911553662871,0.952321333625214,"cognps_random_slope"
"7407","B4GAT1","Mic P2RY12",1.4348022993215,4.25080181217007,3.9302942025042,0.0481842868760952,0.413937624133963,0.507812659855278,"cognps_random_slope"
"7408","SLC29A2","Mic P2RY12",-1.30267947502966,3.01396054619336,2.62630505336378,0.105982508367758,0.550492866138109,0.634792953430487,"cognps_random_slope"
"7409","MRPL11","Mic P2RY12",1.17200902864283,3.21902302902957,2.61688207109271,0.143703255034009,0.609827374658516,0.68699278012833,"cognps_random_slope"
"7410","PELI3","Mic P2RY12",0.871319309105859,2.7116117811559,0.81672355943926,0.366744821772437,0.811562709840244,0.862405100667332,"cognps_random_slope"
"7411","DPP3","Mic P2RY12",0.0661124764968274,3.21518537147914,0.0069231633002267,0.933734394574331,0.999765323016076,0.999791880761836,"cognps_random_slope"
"7412","ZDHHC24","Mic P2RY12",0.596700837969719,4.59451195703464,2.08254908588781,0.156067579207886,0.626600078398338,0.705656671072896,"cognps_random_slope"
"7413","CTSF","Mic P2RY12",-0.175798640049272,4.41658917310227,0.0940193478966721,0.759305707514438,0.983190954097967,0.995414674993652,"cognps_random_slope"
"7414","CCS","Mic P2RY12",0.0885341695728701,5.61866976403357,0.0624021017519595,0.802881457021406,0.992657478138561,0.999791880761836,"cognps_random_slope"
"7415","RBM14-RBM4","Mic P2RY12",0.404837687674433,6.06095929366091,1.26881114339564,0.26074090394558,0.734821497808907,0.795719496250888,"cognps_random_slope"
"7416","RBM4","Mic P2RY12",-0.307823975260207,4.90890809361714,0.428854581844714,0.512970150798661,0.894697916174939,0.92830484233112,"cognps_random_slope"
"7417","RBM4B","Mic P2RY12",-0.660260964267486,4.82722669501631,2.46523263024715,0.11726986055817,0.573971293403957,0.653369898372925,"cognps_random_slope"
"7418","AP001157.1","Mic P2RY12",-0.916898580464245,3.49156871529803,1.60405653409328,0.206148976857332,0.687214537031122,0.753140282490449,"cognps_random_slope"
"7419","SPTBN2","Mic P2RY12",0.736051529839848,2.92547710129747,0.774724585969439,0.379347218988497,0.817304193193705,0.868174099288972,"cognps_random_slope"
"7420","C11orf80","Mic P2RY12",-0.358786060652173,5.11811446970888,0.493989161978438,0.482607917791129,0.881328830408547,0.916739510069731,"cognps_random_slope"
"7421","RCE1","Mic P2RY12",-1.14507912877558,3.09378108080073,2.34874870675158,0.126262811823185,0.585686376338701,0.664072210730131,"cognps_random_slope"
"7422","PC","Mic P2RY12",0.735509822765186,4.53194332376948,2.18151732863279,0.140551833618515,0.605445939307539,0.682111417539437,"cognps_random_slope"
"7423","LRFN4","Mic P2RY12",1.159132848282,3.15961957488925,2.01508141667428,0.156609120185853,0.62740155425488,0.705703039878475,"cognps_random_slope"
"7424","KDM2A","Mic P2RY12",0.0751865593923324,8.82089386076636,0.0905135197782784,0.763699193420244,0.984139674089917,0.996142476555342,"cognps_random_slope"
"7425","GRK2","Mic P2RY12",-0.123018460474164,7.0064377665144,0.187567374672901,0.665208661497313,0.957960903792096,0.975902687187237,"cognps_random_slope"
"7426","ANKRD13D","Mic P2RY12",-0.184616418074746,7.22954760957598,0.438517911014171,0.508262790033017,0.892123451899417,0.926624752365273,"cognps_random_slope"
"7427","SSH3","Mic P2RY12",0.000625064839112785,3.99724005265833,5.99303552330024e-06,0.998048083898465,0.999765323016076,0.999791880761836,"cognps_random_slope"
"7428","RAD9A","Mic P2RY12",-0.111973991959132,5.23344646832638,0.0836879025578446,0.772527221839341,0.987134048176166,0.99779870021368,"cognps_random_slope"
"7429","POLD4","Mic P2RY12",-0.601430648394315,3.14221500852068,0.440267607397492,0.507418435450714,0.891301972336335,0.926064964373514,"cognps_random_slope"
"7430","PPP1CA","Mic P2RY12",-0.408793738287344,4.68113006124614,0.805610686131053,0.370021624155389,0.812104761618872,0.863532460737016,"cognps_random_slope"
"7431","TBC1D10C","Mic P2RY12",-0.0224022962549765,3.17442299223552,0.00133046265144841,0.970923445778178,0.999765323016076,0.999791880761836,"cognps_random_slope"
"7432","CARNS1","Mic P2RY12",1.31174980992236,3.34133331293928,1.23787500496562,0.266624143025476,0.741681028514673,0.800404967311499,"cognps_random_slope"
"7433","RPS6KB2","Mic P2RY12",-0.944442256506875,4.49586632988169,4.52244970669242,0.0341333398350752,0.352916829082006,0.446107911061896,"cognps_random_slope"
"7434","CORO1B","Mic P2RY12",-1.18202605476276,4.6118264647403,5.77493640788912,0.01676212662941,0.253546675396606,0.33617360706713,"cognps_random_slope"
"7435","CABP4","Mic P2RY12",0.38853872690284,3.74041755220794,0.398936377409707,0.52804033734616,0.903622597468508,0.934139156110261,"cognps_random_slope"
"7436","TMEM134","Mic P2RY12",-0.304617881788397,4.16762500029467,0.369242471524061,0.543800985231311,0.91027953501891,0.939401228737103,"cognps_random_slope"
"7437","AIP","Mic P2RY12",-0.463355987044074,3.9388192335808,0.933337594810888,0.334646366799501,0.787534324730273,0.84346889010648,"cognps_random_slope"
"7438","PITPNM1","Mic P2RY12",0.094708449340087,4.01895981792153,0.0275421143662399,0.868283127729516,0.999765323016076,0.999791880761836,"cognps_random_slope"
"7439","CDK2AP2","Mic P2RY12",-0.857908677932248,4.01170670392723,1.42500232972143,0.233368637405423,0.714349811962319,0.776994307047429,"cognps_random_slope"
"7440","GSTP1","Mic P2RY12",-1.04760151396682,4.71866379267154,4.2746280954963,0.0394002871717827,0.377145177420757,0.471235795378165,"cognps_random_slope"
"7441","NDUFV1","Mic P2RY12",0.401245161497841,5.83440300733896,1.4947881828855,0.243147748619088,0.725222118683372,0.785916271342986,"cognps_random_slope"
"7442","ACY3","Mic P2RY12",0.511416307638386,4.45040110330647,0.19708655123809,0.657349844188995,0.955612931885691,0.973592644066785,"cognps_random_slope"
"7443","UNC93B1","Mic P2RY12",-0.0203170082145332,6.98927152795045,0.00495057138507274,0.943946000033579,0.999765323016076,0.999791880761836,"cognps_random_slope"
"7444","ALDH3B1","Mic P2RY12",-0.115093925790791,4.09077801684927,0.0434107296318031,0.835071757022174,0.999366959106503,0.999791880761836,"cognps_random_slope"
"7445","NDUFS8","Mic P2RY12",0.198392516834719,4.67974199412086,0.221186702409912,0.638422281216977,0.950271487556261,0.970357720549608,"cognps_random_slope"
"7446","TCIRG1","Mic P2RY12",-0.0836715972901013,5.61049861013065,0.0427418245427031,0.836329169034857,0.999547866966635,0.999791880761836,"cognps_random_slope"
"7447","AP002807.1","Mic P2RY12",-1.24866000144292,3.66264130724121,4.22543661144135,0.0405439457797917,0.382801351565735,0.477050142765319,"cognps_random_slope"
"7448","CHKA","Mic P2RY12",-0.328352420008613,7.89200592053053,1.42900141179657,0.232715145531438,0.713984505367052,0.776521381336779,"cognps_random_slope"
"7449","KMT5B","Mic P2RY12",-0.051404273470737,7.15934509764406,0.0499614996396221,0.840194429138205,0.999765323016076,0.999791880761836,"cognps_random_slope"
"7450","C11orf24","Mic P2RY12",0.0329110290741128,4.15928421233477,0.00367898079420793,0.951667979784252,0.999765323016076,0.999791880761836,"cognps_random_slope"
"7451","LRP5","Mic P2RY12",2.23053841351418,2.92930428635413,4.83556015535858,0.0285147517162786,0.325896009537053,0.418159305727706,"cognps_random_slope"
"7452","PPP6R3","Mic P2RY12",-0.0601477564498778,8.6184795320993,0.0728253704455784,0.787421389193341,0.990886185623222,0.999791880761836,"cognps_random_slope"
"7453","CPT1A","Mic P2RY12",0.207129981928746,4.87301414612594,0.102033251236292,0.749588632934952,0.982244103840787,0.994674014762625,"cognps_random_slope"
"7454","MRPL21","Mic P2RY12",0.196651179312934,3.564292948785,0.102771805401551,0.748714573742881,0.982244103840787,0.994674014762625,"cognps_random_slope"
"7455","IGHMBP2","Mic P2RY12",0.314461545587606,4.62896042804845,0.500530195884208,0.479725464808062,0.880549559893777,0.916263961146097,"cognps_random_slope"
"7456","TPCN2","Mic P2RY12",-0.594606453930619,5.25558601208898,1.54968351347837,0.213992761008823,0.694865796886676,0.760420100795712,"cognps_random_slope"
"7457","AP000439.3","Mic P2RY12",1.38367485473751,4.38192126592784,4.08781327291939,0.0439335697747746,0.397269749360159,0.491067094978827,"cognps_random_slope"
"7458","CCND1","Mic P2RY12",0.342694748211271,6.33207724990233,0.633491905816284,0.426602395897767,0.847198978575278,0.891073178269958,"cognps_random_slope"
"7459","ORAOV1","Mic P2RY12",-0.707104559511339,5.47327857176631,5.14394148487658,0.0239201544030145,0.301555963457006,0.391918518180205,"cognps_random_slope"
"7460","PPFIA1","Mic P2RY12",0.0329113027182502,7.44740219034369,0.0204025786081929,0.886498438894451,0.999765323016076,0.999791880761836,"cognps_random_slope"
"7461","AP002336.2","Mic P2RY12",-0.552569281027412,5.21559636757173,0.733144345621902,0.392436027442249,0.825293567800476,0.874623554902867,"cognps_random_slope"
"7462","AP000487.1","Mic P2RY12",-0.548190288017826,2.70841113280704,0.31851297561739,0.5728544789587,0.924344761669553,0.949939121603617,"cognps_random_slope"
"7463","CTTN","Mic P2RY12",2.48254581152873,3.44183262850783,10.6587911823179,0.00120065826501423,0.0745722769383174,0.105729831777795,"cognps_random_slope"
"7464","SHANK2","Mic P2RY12",2.53535287764614,3.72815691576564,15.5685152336662,9.56923200615259e-05,0.0237476440952687,0.03719626475495,"cognps_random_slope"
"7465","NADSYN1","Mic P2RY12",0.0830000898327246,6.19993971141428,0.0937272751227718,0.759668275923558,0.983190954097967,0.995414674993652,"cognps_random_slope"
"7466","FAM86C1","Mic P2RY12",-0.209145308247709,2.85943154364836,0.0513875639833825,0.831412881775073,0.999283387674923,0.999791880761836,"cognps_random_slope"
"7467","AP002495.2","Mic P2RY12",0.662385979938544,5.23840209447348,2.72127295858761,0.0998921487758759,0.539345159446218,0.625043430205083,"cognps_random_slope"
"7468","RNF121","Mic P2RY12",0.603333967682317,5.54759913549353,3.75086009019026,0.0535633697606539,0.432932881883307,0.525037465762584,"cognps_random_slope"
"7469","IL18BP","Mic P2RY12",1.11591107371742,3.34708766024752,2.52903806708538,0.11264698712053,0.564329822206441,0.647368423306744,"cognps_random_slope"
"7470","NUMA1","Mic P2RY12",0.0911463325627886,6.95208180569606,0.130838358107047,0.92767401070526,0.999765323016076,0.999791880761836,"cognps_random_slope"
"7471","LAMTOR1","Mic P2RY12",0.0875030637276313,5.52926786930457,0.0602004156428783,0.806319409257564,0.993231645669267,0.999791880761836,"cognps_random_slope"
"7472","ANAPC15","Mic P2RY12",0.967314246226847,2.98975816003886,1.29944101573936,0.255073993728557,0.731366298748306,0.792303485302201,"cognps_random_slope"
"7473","AP000812.1","Mic P2RY12",-2.56443842972326,3.39807414970397,5.18650014186754,0.0233495540237068,0.297945413960674,0.386957918605442,"cognps_random_slope"
"7474","FOLR2","Mic P2RY12",-0.138041735194708,5.07343907044453,0.0464255978034534,0.829526161795735,0.998693448757996,0.999791880761836,"cognps_random_slope"
"7475","INPPL1","Mic P2RY12",-0.00670265763850717,6.20090851314303,0.000395965117798806,0.984135080229109,0.999765323016076,0.999791880761836,"cognps_random_slope"
"7476","CLPB","Mic P2RY12",0.300399446115764,6.11314333392158,0.832163343659692,0.36225881993147,0.809239947641546,0.860150089031596,"cognps_random_slope"
"7477","AP002892.1","Mic P2RY12",-0.688004614146619,3.0440053586656,0.542073553537859,0.462054616792073,0.868376242707705,0.90839989899311,"cognps_random_slope"
"7478","PDE2A","Mic P2RY12",0.913357288415527,3.46051557461226,1.50321332475003,0.220979819126872,0.701884026970417,0.766274263749453,"cognps_random_slope"
"7479","ARAP1","Mic P2RY12",0.304626856271567,7.40123003363751,0.890044871938471,0.346098500379863,0.795476701806109,0.84730906678079,"cognps_random_slope"
"7480","ATG16L2","Mic P2RY12",-0.490243135690116,7.2724761633154,1.91502073249969,0.167264870516895,0.638669314798481,0.716576942525175,"cognps_random_slope"
"7481","FCHSD2","Mic P2RY12",0.158401340963155,10.225693646907,0.72651843934884,0.394581305189602,0.826555140171374,0.876263482087077,"cognps_random_slope"
"7482","P2RY6","Mic P2RY12",-0.123873268300217,5.85540892811109,0.049591738526266,0.823901631031668,0.997029597025048,0.999791880761836,"cognps_random_slope"
"7483","ARHGEF17","Mic P2RY12",0.344740038470479,3.28368925936593,0.231599599365221,0.630632956524975,0.947968438507657,0.96794498691135,"cognps_random_slope"
"7484","RELT","Mic P2RY12",0.278253602730134,5.16497929467076,0.363993314042705,0.546677083725876,0.911426986597202,0.940041033146701,"cognps_random_slope"
"7485","FAM168A","Mic P2RY12",0.114212615191495,8.91200940627791,0.197006521225901,0.657414959227652,0.955612931885691,0.973592644066785,"cognps_random_slope"
"7486","AP000763.3","Mic P2RY12",0.309594820978008,4.45307795519648,0.252198774434165,0.615838431666505,0.940924731816535,0.963904293385264,"cognps_random_slope"
"7487","PLEKHB1","Mic P2RY12",-0.950726527285625,3.35051626375732,1.87117837302762,0.172194306942612,0.645475778276348,0.722173203526035,"cognps_random_slope"
"7488","RAB6A","Mic P2RY12",-0.414647937564779,7.35089503943374,3.67412269707091,0.0560555194166134,0.440070307968386,0.533236997994746,"cognps_random_slope"
"7489","MRPL48","Mic P2RY12",-0.298274124566311,4.9281935820575,0.615615176998373,0.457811717934832,0.865885529716198,0.906391599481102,"cognps_random_slope"
"7490","COA4","Mic P2RY12",-0.192859579719837,3.87221807142501,0.106325546796771,0.744556527907411,0.982219019325995,0.994674014762625,"cognps_random_slope"
"7491","PAAF1","Mic P2RY12",0.743466434650377,5.40538622315773,3.75317344347146,0.0534900966375377,0.432864773116528,0.524866450616246,"cognps_random_slope"
"7492","UCP2","Mic P2RY12",0.392964960460836,4.99824019353133,0.609837031266709,0.43536291652206,0.852171263697017,0.894573182007824,"cognps_random_slope"
"7493","C2CD3","Mic P2RY12",0.0545494914984516,5.81311572359235,0.0297564217161466,0.863141106897344,0.999765323016076,0.999791880761836,"cognps_random_slope"
"7494","PPME1","Mic P2RY12",0.101042399303573,6.09788264375398,0.0675739402156843,0.795051193377574,0.992143902613387,0.999791880761836,"cognps_random_slope"
"7495","P4HA3","Mic P2RY12",-0.980295400955995,3.54436167799661,1.62379765852299,0.203385880876323,0.683786801210136,0.750176199901784,"cognps_random_slope"
"7496","PGM2L1","Mic P2RY12",0.537144402264118,4.90121578358431,1.41189439833874,0.235526269969283,0.716686544926965,0.779139143308454,"cognps_random_slope"
"7497","AP001372.1","Mic P2RY12",0.168709025700582,3.00273321948134,0.0334222382703972,0.85504423452035,0.999765323016076,0.999791880761836,"cognps_random_slope"
"7498","KCNE3","Mic P2RY12",-0.186548462370801,4.68188881940114,0.167686988579842,0.682419479460745,0.9644698844393,0.980945368811687,"cognps_random_slope"
"7499","POLD3","Mic P2RY12",0.18102768760071,5.39727344809841,0.361650808261843,0.547969723921948,0.91189570676601,0.940046630323137,"cognps_random_slope"
"7500","RNF169","Mic P2RY12",0.234372883671234,6.64812172880551,0.707983142622276,0.400673314756761,0.829881589272977,0.878039616226327,"cognps_random_slope"
"7501","XRRA1","Mic P2RY12",-0.160072943937498,6.0933733947628,0.063827970889801,0.800689225189447,0.992143902613387,0.999791880761836,"cognps_random_slope"
"7502","SPCS2","Mic P2RY12",0.302613864336898,5.96982288540786,0.683426799560776,0.408957363741273,0.835687348505154,0.882626787103489,"cognps_random_slope"
"7503","NEU3","Mic P2RY12",-0.0164494378735959,4.51159147294824,0.00152831119516453,0.968837439557839,0.999765323016076,0.999791880761836,"cognps_random_slope"
"7504","SLCO2B1","Mic P2RY12",0.0246612227904546,10.3519290004818,0.0084922415608113,0.926627506029828,0.999765323016076,0.999791880761836,"cognps_random_slope"
"7505","ARRB1","Mic P2RY12",-0.0341459550229267,7.90648761325922,0.0177385307684968,0.894120716068795,0.999765323016076,0.999791880761836,"cognps_random_slope"
"7506","RPS3","Mic P2RY12",-0.992429646405936,6.46634782678072,5.92047742062091,0.0154525446406607,0.246817104564356,0.328348368448347,"cognps_random_slope"
"7507","KLHL35","Mic P2RY12",1.48236784850953,2.56106197396915,1.78448899568669,0.182443808100624,0.658244561527982,0.730200771570086,"cognps_random_slope"
"7508","GDPD5","Mic P2RY12",0.199494335311803,3.39421896657806,0.0800157963652724,0.809059528376577,0.994034132767222,0.999791880761836,"cognps_random_slope"
"7509","SERPINH1","Mic P2RY12",-1.4801101401136,4.17065735385923,1.82216336575408,0.177905002907167,0.650104028930785,0.724654470066503,"cognps_random_slope"
"7510","MAP6","Mic P2RY12",0.790822868884863,3.1623504576709,0.957290277283569,0.328528245759821,0.781740405134397,0.838646961329102,"cognps_random_slope"
"7511","UVRAG","Mic P2RY12",0.117193275844776,8.89872798472324,0.259443970034985,0.61081480589291,0.939461633624571,0.962119737221802,"cognps_random_slope"
"7512","THAP12","Mic P2RY12",-0.168957797820465,4.46141039997864,0.142815424961859,0.705720938401807,0.972523076070176,0.987475093382422,"cognps_random_slope"
"7513","GVQW3","Mic P2RY12",2.14357450764558,2.9848870249632,6.33023808722649,0.0123044428551514,0.220149317358991,0.293075215732214,"cognps_random_slope"
"7514","EMSY","Mic P2RY12",-0.478793644997547,6.80882649569711,2.77778083548484,0.0964511581552548,0.534970305287805,0.620396964510762,"cognps_random_slope"
"7515","ACER3","Mic P2RY12",-0.365685951247002,8.34455592278877,0.516477201019407,0.47281495211004,0.876028689879255,0.913594353237368,"cognps_random_slope"
"7516","AP002498.1","Mic P2RY12",-0.12293411362334,2.86925123694037,0.0171378381191557,0.89591846503784,0.999765323016076,0.999791880761836,"cognps_random_slope"
"7517","MYO7A","Mic P2RY12",-0.0875672763059176,5.88753341244506,0.0499671662844236,0.823247339193474,0.996765732669654,0.999791880761836,"cognps_random_slope"
"7518","GDPD4","Mic P2RY12",1.82217427240149,2.44434119437255,2.30498262114801,0.1298383033535,0.590176515936554,0.667766768819503,"cognps_random_slope"
"7519","PAK1","Mic P2RY12",-0.132621165820824,7.48341766272321,0.335170289961336,0.562992799319024,0.921180945991167,0.947541181433825,"cognps_random_slope"
"7520","CLNS1A","Mic P2RY12",0.177231806257325,6.07819128641844,0.343499847659088,0.901025454980082,0.999765323016076,0.999791880761836,"cognps_random_slope"
"7521","AQP11","Mic P2RY12",0.582571204543417,2.87980326392378,0.423355484130466,0.515682929776835,0.894942542151003,0.928396229499558,"cognps_random_slope"
"7522","RSF1","Mic P2RY12",-0.0800576830449491,7.76820616528212,0.159853028794855,0.689529225337229,0.967072857011429,0.983580916598634,"cognps_random_slope"
"7523","AAMDC","Mic P2RY12",0.0775567174735937,5.2352189557776,0.0316770571245555,0.858838502620575,0.999765323016076,0.999791880761836,"cognps_random_slope"
"7524","AP002812.2","Mic P2RY12",-1.42808391493282,4.64117300018415,8.06564974294357,0.00476780967371243,0.141357118224381,0.197956296673751,"cognps_random_slope"
"7525","INTS4","Mic P2RY12",-0.174086623988325,6.09194471735793,0.397651789915856,0.576958842010297,0.925381515942136,0.950961913137039,"cognps_random_slope"
"7526","ALG8","Mic P2RY12",-0.00989013498663823,5.38906617291755,0.000890748674620642,0.976206896262123,0.999765323016076,0.999791880761836,"cognps_random_slope"
"7527","KCTD21","Mic P2RY12",-1.12334923002539,3.92035796721872,4.24456246061913,0.04009518299381,0.38145179757246,0.475528959114617,"cognps_random_slope"
"7528","USP35","Mic P2RY12",-0.503038389295024,3.29673991912028,0.497242632704683,0.481170653323869,0.880880787995706,0.916739510069731,"cognps_random_slope"
"7529","GAB2","Mic P2RY12",0.33983286972905,10.0714626152126,2.34630537478214,0.126459496300262,0.585960590257146,0.664147671947875,"cognps_random_slope"
"7530","AP003086.2","Mic P2RY12",-0.551431359656154,7.00138077080533,0.729661871313091,0.393561451334357,0.825887411420564,0.875551896618619,"cognps_random_slope"
"7531","NARS2","Mic P2RY12",-0.401537249456964,6.65793851509902,1.89283149545656,0.169739120345159,0.641838022501546,0.719523283642234,"cognps_random_slope"
"7532","AP003110.1","Mic P2RY12",-0.295241858073425,2.67342706184852,0.0761921993691815,0.782684077808611,0.990020960532974,0.999518095506057,"cognps_random_slope"
"7533","TENM4","Mic P2RY12",0.113378758868176,8.33985869565505,0.0957509597833154,0.757168701281781,0.983190954097967,0.995414674993652,"cognps_random_slope"
"7534","MIR4300HG","Mic P2RY12",4.60215148229794,4.1085562331254,7.57669760687493,0.00621257098014675,0.155616193841022,0.214490678020533,"cognps_random_slope"
"7535","PRCP","Mic P2RY12",-0.39438487242417,5.46177376537762,1.08257345067861,0.298821557339648,0.762346885655993,0.822521252696221,"cognps_random_slope"
"7536","RAB30","Mic P2RY12",-0.00157157483861089,4.33505852078461,4.48596038697979e-05,0.994659737359234,0.999765323016076,0.999791880761836,"cognps_random_slope"
"7537","RAB30-AS1","Mic P2RY12",0.0489125755364929,6.0019695746912,0.0181862540502768,0.892800840315136,0.999765323016076,0.999791880761836,"cognps_random_slope"
"7538","PCF11","Mic P2RY12",-0.0814717556317204,6.95920080140559,0.118697409955513,0.925062131568651,0.999765323016076,0.999791880761836,"cognps_random_slope"
"7539","ANKRD42","Mic P2RY12",0.0255246340870556,4.38205416399958,0.00283332679621444,0.957579002516143,0.999765323016076,0.999791880761836,"cognps_random_slope"
"7540","CCDC90B","Mic P2RY12",-0.208663709353636,5.10067637567784,0.282728645306414,0.783040655678307,0.990117185051922,0.999693781752941,"cognps_random_slope"
"7541","AP000446.1","Mic P2RY12",0.2116107796493,3.57106493444065,0.0726490637310854,0.787672671408243,0.990886185623222,0.999791880761836,"cognps_random_slope"
"7542","DLG2","Mic P2RY12",0.506508250603225,8.12005896515579,2.56631015996152,0.110040046454629,0.56065247266128,0.644627053842235,"cognps_random_slope"
"7543","TMEM126B","Mic P2RY12",-0.206067834002426,4.4500095494206,0.217990033865589,0.640858427935536,0.950874323474461,0.970806423495585,"cognps_random_slope"
"7544","TMEM126A","Mic P2RY12",-0.0170646074451678,3.60701648583873,0.000641135023581306,0.979813251483339,0.999765323016076,0.999791880761836,"cognps_random_slope"
"7545","CREBZF","Mic P2RY12",-0.4774682461733,5.69820242566523,1.86635712714639,0.172746533851894,0.645854089686386,0.722173203526035,"cognps_random_slope"
"7546","SYTL2","Mic P2RY12",2.32350281211963,3.93779743166735,12.8067414281931,0.000392712849754184,0.0410300432851386,0.0624245587023359,"cognps_random_slope"
"7547","PICALM","Mic P2RY12",-0.609001522913687,10.4369962993159,5.42122499777272,0.0204472203599005,0.283301547475179,0.369673282288658,"cognps_random_slope"
"7548","EED","Mic P2RY12",-0.61078012818679,6.00261080072722,3.91370951779887,0.048656531290661,0.415580736664211,0.50950371479236,"cognps_random_slope"
"7549","HIKESHI","Mic P2RY12",0.0431945242315216,5.51341951631161,0.0112728121830869,0.915503894362708,0.999765323016076,0.999791880761836,"cognps_random_slope"
"7550","CCDC81","Mic P2RY12",-0.712243533441335,2.75823978476745,0.423730504639588,0.515497131460005,0.894942542151003,0.928396229499558,"cognps_random_slope"
"7551","AP001831.1","Mic P2RY12",1.09985590790655,3.91742758120612,1.40681724442545,0.236368497975027,0.717195745965125,0.779721694068577,"cognps_random_slope"
"7552","ME3","Mic P2RY12",0.723371202077259,4.6010056691071,1.36039455995465,0.244241997205782,0.725879947272006,0.786644664417554,"cognps_random_slope"
"7553","TMEM135","Mic P2RY12",0.365506266952792,6.15836251626886,1.19405168405107,0.275245252623119,0.747595304395617,0.807065491221298,"cognps_random_slope"
"7554","RAB38","Mic P2RY12",0.261736677263777,4.23985111360305,0.178428957572313,0.672979291521844,0.961882032850369,0.979103379964061,"cognps_random_slope"
"7555","CTSC","Mic P2RY12",-0.192563810556314,7.64938174055497,0.361398009517678,0.548109563945933,0.91189570676601,0.940046630323137,"cognps_random_slope"
"7556","GRM5","Mic P2RY12",1.74482659411183,4.94930046072128,6.56368294799069,0.0108149070833585,0.205918108983221,0.27737301592694,"cognps_random_slope"
"7557","NAALAD2","Mic P2RY12",2.29426996429269,3.25087150655989,7.64203883219804,0.00599605786067295,0.154741440098952,0.213382850900519,"cognps_random_slope"
"7558","CHORDC1","Mic P2RY12",0.0372765302219177,6.08491035146773,0.0022965635961756,0.961804629536958,0.999765323016076,0.999791880761836,"cognps_random_slope"
"7559","FAT3","Mic P2RY12",1.87628433133469,3.85704955794583,6.77159610987051,0.00964493553738662,0.196741032091041,0.270805700500184,"cognps_random_slope"
"7560","SLC36A4","Mic P2RY12",-0.493017903358075,6.26903463553558,2.67200021510221,0.103002592818769,0.544726813877004,0.629661999755736,"cognps_random_slope"
"7561","SMCO4","Mic P2RY12",0.139953578620652,5.98959975596397,0.11564361763027,0.73400676289183,0.978846116978148,0.993228645903385,"cognps_random_slope"
"7562","CEP295","Mic P2RY12",-0.109003167355791,5.81412149229188,0.154050069528239,0.694927147575335,0.969233641714597,0.984989885855413,"cognps_random_slope"
"7563","TAF1D","Mic P2RY12",0.00224215169081858,7.49565579757236,4.6198900895634e-05,0.994580607273566,0.999765323016076,0.999791880761836,"cognps_random_slope"
"7564","PANX1","Mic P2RY12",-1.04717012745195,4.86810295971506,3.18426135540599,0.0751934977160124,0.486561111971165,0.575437001360319,"cognps_random_slope"
"7565","MRE11","Mic P2RY12",-0.206924526712806,5.87724564067418,0.387228540991609,0.534154140131307,0.906426532810626,0.936721653511613,"cognps_random_slope"
"7566","ANKRD49","Mic P2RY12",-0.68151526697434,4.58784279921384,1.75284186770548,0.186360765082616,0.662501534398554,0.733887065290406,"cognps_random_slope"
"7567","PIWIL4","Mic P2RY12",0.401170146711206,5.55709528545617,0.761083701479504,0.383571675484651,0.820077221309797,0.870109419832553,"cognps_random_slope"
"7568","AP000943.3","Mic P2RY12",-0.112986671516123,3.17894741449014,0.0164416214516598,0.898042679841939,0.999765323016076,0.999791880761836,"cognps_random_slope"
"7569","AMOTL1","Mic P2RY12",-0.245528000289422,4.82505613283062,0.31402114939035,0.687296340300754,0.966541875561649,0.982933896240838,"cognps_random_slope"
"7570","CWC15","Mic P2RY12",-0.130390507574517,4.90913410678294,0.134040838183172,0.714493885929747,0.975327034936739,0.990078557920128,"cognps_random_slope"
"7571","SRSF8","Mic P2RY12",-0.279254104747917,4.13580152115746,0.320671902085809,0.57155733597957,0.924209325694903,0.94950678216445,"cognps_random_slope"
"7572","ENDOD1","Mic P2RY12",0.329551515558002,3.78073016540982,0.25474865242253,0.614060201367751,0.940399122416995,0.963193991500448,"cognps_random_slope"
"7573","AP000787.1","Mic P2RY12",0.186099274201909,4.28201150905416,0.0675999494708957,0.795012637648057,0.992143902613387,0.999791880761836,"cognps_random_slope"
"7574","SESN3","Mic P2RY12",-0.224418525616337,7.20150143392378,0.163887867817259,0.685842672382789,0.965844646133014,0.982233709113835,"cognps_random_slope"
"7575","FAM76B","Mic P2RY12",-0.552946293468643,4.80842805768198,2.1681865000241,0.141766906835469,0.607546555336436,0.684104219735797,"cognps_random_slope"
"7576","CEP57","Mic P2RY12",0.0878851028621845,6.18059403579848,0.102906134884156,0.748555971043561,0.982244103840787,0.994674014762625,"cognps_random_slope"
"7577","MTMR2","Mic P2RY12",0.426104368788383,5.73543494533396,1.4897431694661,0.223055998967343,0.70425682749829,0.768678745564601,"cognps_random_slope"
"7578","MAML2","Mic P2RY12",-0.1926356025533,11.0074328150496,0.726925113431593,0.394449149515042,0.826555140171374,0.876241240285315,"cognps_random_slope"
"7579","CCDC82","Mic P2RY12",-0.347860895748991,5.69635770546278,1.22740864480173,0.268652001091801,0.742923125594558,0.80264502579044,"cognps_random_slope"
"7580","JRKL","Mic P2RY12",-0.295485865982059,4.20291876176841,0.425542145641346,0.514601227199846,0.894942542151003,0.92830484233112,"cognps_random_slope"
"7581","CNTN5","Mic P2RY12",1.44761939029443,5.04593919708514,5.47146515521133,0.0198763121397605,0.277750217919636,0.363868628382906,"cognps_random_slope"
"7582","ARHGAP42","Mic P2RY12",0.204864825770703,4.3209329952868,0.0986089734236279,0.75368742539389,0.982268354911735,0.994946400596893,"cognps_random_slope"
"7583","TRPC6","Mic P2RY12",0.290645572597276,2.7123243079895,0.0744045728724229,0.785185031048514,0.990719344618726,0.999791880761836,"cognps_random_slope"
"7584","CEP126","Mic P2RY12",1.64918065182353,3.81505058413139,6.11656554382501,0.0138534944455174,0.234583341875523,0.312639671946136,"cognps_random_slope"
"7585","BIRC2","Mic P2RY12",-0.0480738959308462,5.81926058927471,0.035185054367729,0.851314203781728,0.999765323016076,0.999791880761836,"cognps_random_slope"
"7586","TMEM123","Mic P2RY12",-0.64960178647694,5.73256269457305,3.73054909565131,0.0542113035805497,0.434347947711541,0.526344557013956,"cognps_random_slope"
"7587","DCUN1D5","Mic P2RY12",-0.0178564638941309,4.68849920326089,0.00194414306458779,0.96485519230106,0.999765323016076,0.999791880761836,"cognps_random_slope"
"7588","DYNC2H1","Mic P2RY12",0.919315863528908,5.29612988989554,5.74392023359235,0.0170557750702916,0.256238163359841,0.339384332709378,"cognps_random_slope"
"7589","CASP4","Mic P2RY12",-0.287315585442898,6.15286536268597,0.280705653923893,0.596566009533106,0.93511989159524,0.95808998326772,"cognps_random_slope"
"7590","CASP5","Mic P2RY12",-0.322360395479467,3.78584778922344,0.134523688505307,0.714002778047308,0.975327034936739,0.990078557920128,"cognps_random_slope"
"7591","CASP1","Mic P2RY12",-0.437710690028845,5.63047335267318,0.682441904267053,0.409294837598817,0.835775307665451,0.882626787103489,"cognps_random_slope"
"7592","CARD16","Mic P2RY12",-1.2833719171424,2.71106867886816,1.88874204039298,0.170199705876889,0.642310971122555,0.719645980681633,"cognps_random_slope"
"7593","GRIA4","Mic P2RY12",2.83146326211597,4.87284143234657,17.7408514658869,3.20334841033301e-05,0.0138477651764105,0.0225685905971743,"cognps_random_slope"
"7594","MSANTD4","Mic P2RY12",-0.563007051651506,4.06115243027968,1.27694586283014,0.259220785905964,0.733799859860673,0.794637250365552,"cognps_random_slope"
"7595","KBTBD3","Mic P2RY12",-0.495823834659767,3.76263707304995,0.75574641424169,0.443020289624563,0.857329703705984,0.898513909568182,"cognps_random_slope"
"7596","AASDHPPT","Mic P2RY12",0.832399175556166,4.81584757566649,4.07283311807795,0.0443201919918418,0.398437123319743,0.492235156926348,"cognps_random_slope"
"7597","GUCY1A2","Mic P2RY12",2.49390467784395,4.05254637535619,15.3237026361094,0.000108343791359745,0.0250330197933094,0.0375786273262378,"cognps_random_slope"
"7598","AP000766.1","Mic P2RY12",-0.495602921241344,3.48117909734237,0.631206455589713,0.427437091141651,0.847600541342004,0.891321335822476,"cognps_random_slope"
"7599","CWF19L2","Mic P2RY12",-0.033714471788347,6.92463717994741,0.0130230446365005,0.909207496280576,0.999765323016076,0.999791880761836,"cognps_random_slope"
"7600","ALKBH8","Mic P2RY12",0.291159612223727,5.00174374931838,0.510524862205335,0.670167452885146,0.960390254014357,0.977508744679141,"cognps_random_slope"
"7601","ELMOD1","Mic P2RY12",3.35095536134471,3.56233316359397,14.9103359358935,0.000133671557618996,0.027141402176548,0.041282537897538,"cognps_random_slope"
"7602","SLC35F2","Mic P2RY12",-0.387032462085999,4.49136661213155,0.385991345637064,0.534807677775717,0.9068654548744,0.936747958639949,"cognps_random_slope"
"7603","RAB39A","Mic P2RY12",0.311021161437549,6.59194830285169,0.473907867799221,0.491638662851477,0.884362129418206,0.919457422548261,"cognps_random_slope"
"7604","CUL5","Mic P2RY12",0.220340150350481,7.28540988997906,1.29730216025109,0.398578498987775,0.829273476934509,0.877688408172798,"cognps_random_slope"
"7605","ACAT1","Mic P2RY12",-0.345891293711099,5.28186725113045,1.09047729862116,0.352015185803185,0.800423560250359,0.85222334072829,"cognps_random_slope"
"7606","NPAT","Mic P2RY12",-0.435533360841924,5.93332509121512,1.62837785005444,0.202751082347919,0.682946015718705,0.749304594200278,"cognps_random_slope"
"7607","ATM","Mic P2RY12",-0.0153615921425067,9.4281797836244,0.00290513280306711,0.957045335930302,0.999765323016076,0.999791880761836,"cognps_random_slope"
"7608","C11orf65","Mic P2RY12",0.347167050279875,4.51883414148638,0.345552427073977,0.557010587410441,0.917373401958207,0.944983609642541,"cognps_random_slope"
"7609","KDELC2","Mic P2RY12",0.983261402750898,3.90552872981945,2.5099452276644,0.114008798119627,0.567424009531676,0.649575233055972,"cognps_random_slope"
"7610","EXPH5","Mic P2RY12",0.0092942926691177,4.81353440594382,0.000307151546369466,0.986026917765387,0.999765323016076,0.999791880761836,"cognps_random_slope"
"7611","DDX10","Mic P2RY12",-0.368413653186687,7.32996515203698,0.997163251122219,0.318669308601308,0.774003395974804,0.831665714048995,"cognps_random_slope"
"7612","C11orf87","Mic P2RY12",2.37887158157429,3.05510138686048,6.15932711692821,0.0135281113154122,0.232878301111938,0.309632434303005,"cognps_random_slope"
"7613","RDX","Mic P2RY12",-0.00245453179555842,6.70529979753351,9.23847711806404e-05,0.992336420909862,0.999765323016076,0.999791880761836,"cognps_random_slope"
"7614","ZC3H12C","Mic P2RY12",-0.335347256784827,6.39666777375794,0.749754690492384,0.387131187982867,0.822830301373259,0.872146514922498,"cognps_random_slope"
"7615","FDX1","Mic P2RY12",-0.28729401549616,5.29785805542822,0.628697140965618,0.825693104731041,0.997665972094552,0.999791880761836,"cognps_random_slope"
"7616","ARHGAP20","Mic P2RY12",0.235320600917112,6.49024875254038,0.169578728945053,0.680731803244424,0.963764980353924,0.980589311801902,"cognps_random_slope"
"7617","SIK2","Mic P2RY12",-0.114771446545776,7.35114587308041,0.293947376545174,0.588037772014724,0.9313667631213,0.955137721186741,"cognps_random_slope"
"7618","PPP2R1B","Mic P2RY12",-0.348519331776497,4.70799192387244,0.763274032977659,0.490613874191754,0.884054931833225,0.918678554290124,"cognps_random_slope"
"7619","CRYAB","Mic P2RY12",-0.0366738741744961,5.05102170010361,0.00233990062188317,0.961446212407126,0.999765323016076,0.999791880761836,"cognps_random_slope"
"7620","DIXDC1","Mic P2RY12",0.0311732562548333,3.47234326446222,0.00273081914492148,0.958352738596728,0.999765323016076,0.999791880761836,"cognps_random_slope"
"7621","DLAT","Mic P2RY12",-0.324698143379035,4.36662500057586,0.469490482300887,0.493663065359567,0.884891066701007,0.920292095225767,"cognps_random_slope"
"7622","NKAPD1","Mic P2RY12",0.509723365201065,3.95820705271052,0.930842637344392,0.335292380168567,0.788290032743679,0.843845357323102,"cognps_random_slope"
"7623","TIMM8B","Mic P2RY12",0.406259847215101,3.60247288444687,0.347633240646113,0.555826189713286,0.916528456791897,0.94424696308387,"cognps_random_slope"
"7624","AP002884.3","Mic P2RY12",-1.3198150408638,4.53034722176462,9.09004875890254,0.00275257840741719,0.109783640588684,0.157504772069088,"cognps_random_slope"
"7625","IL18","Mic P2RY12",-0.252262343478642,8.49314154668275,0.945634668332764,0.331486550266074,0.784572811747732,0.840742971734576,"cognps_random_slope"
"7626","BCO2","Mic P2RY12",0.550057166753224,6.23663098076978,0.919364843897777,0.33828596563205,0.790943473347887,0.844859240409862,"cognps_random_slope"
"7627","PTS","Mic P2RY12",0.546758271361262,5.57749449764482,1.50679445519046,0.220431760092033,0.701497510565979,0.766104433650412,"cognps_random_slope"
"7628","AP002884.1","Mic P2RY12",-0.399644508206989,4.69418008246119,0.386993330394172,0.534278276447365,0.906426532810626,0.936721653511613,"cognps_random_slope"
"7629","AP003063.1","Mic P2RY12",-0.443034100967277,3.14772324961621,0.26006940185803,0.610385306071772,0.939016586691289,0.961821076591779,"cognps_random_slope"
"7630","NCAM1","Mic P2RY12",0.903098685407889,5.19165116301282,2.81010589172337,0.0945412366027022,0.532554481594289,0.616377148411776,"cognps_random_slope"
"7631","TTC12","Mic P2RY12",-0.00250589244371161,4.37413195439255,3.33914771791611e-05,0.99539262514375,0.999765323016076,0.999791880761836,"cognps_random_slope"
"7632","ZW10","Mic P2RY12",0.554191211718728,4.45918326694657,1.71360257263981,0.19135443436405,0.668842142648054,0.738839822356142,"cognps_random_slope"
"7633","USP28","Mic P2RY12",0.179439663634011,5.21736900464806,0.265260737238896,0.606845188201655,0.938526528227396,0.960969640233639,"cognps_random_slope"
"7634","ZBTB16","Mic P2RY12",-1.9679230058289,8.46655682122582,6.19303039931306,0.0132772256668152,0.231020306517658,0.307010310418818,"cognps_random_slope"
"7635","AP002518.2","Mic P2RY12",-2.15251085259942,3.01221407139354,5.34988177242513,0.0212873831452317,0.286753406920231,0.374357412763708,"cognps_random_slope"
"7636","C11orf71","Mic P2RY12",0.0977501065766211,3.42411206838768,0.0229508746485946,0.959265431900425,0.999765323016076,0.999791880761836,"cognps_random_slope"
"7637","REXO2","Mic P2RY12",0.0744384953264588,3.95205116821207,0.0182582372929643,0.892590185679919,0.999765323016076,0.999791880761836,"cognps_random_slope"
"7638","CADM1","Mic P2RY12",-1.17450565341866,6.09437282585666,3.42179927738581,0.065161057150151,0.46721419308142,0.558559667622668,"cognps_random_slope"
"7639","AP002991.1","Mic P2RY12",-2.67394409220014,3.65824400064571,4.80811372184579,0.0289660976354971,0.327929780474217,0.419793781002454,"cognps_random_slope"
"7640","BUD13","Mic P2RY12",-0.543673728099311,4.11127100549259,1.27567315918333,0.259457886005504,0.734162823133395,0.794951975376379,"cognps_random_slope"
"7641","ZPR1","Mic P2RY12",-0.800482121453954,3.63251366141173,1.61764646287916,0.204242115772111,0.685356892726137,0.751728274296437,"cognps_random_slope"
"7642","SIK3","Mic P2RY12",-0.33123154403783,8.45218743668531,2.50150170702982,0.114616840733474,0.568579318767134,0.649688862805022,"cognps_random_slope"
"7643","PAFAH1B2","Mic P2RY12",0.297542236906099,5.70178586210465,1.06919692222766,0.301821739584178,0.763180756742265,0.823329080885451,"cognps_random_slope"
"7644","SIDT2","Mic P2RY12",-0.361479923459164,4.97454626911615,0.580347667910468,0.446675375568325,0.859178514136805,0.900580964245026,"cognps_random_slope"
"7645","TAGLN","Mic P2RY12",0.601229577170444,3.74348148331705,0.622404231848233,0.430675037501761,0.848902220187712,0.892230553950301,"cognps_random_slope"
"7646","PCSK7","Mic P2RY12",-0.125779889557318,6.66747632442759,0.2133081939223,0.644465996170612,0.951443629329721,0.970883120121208,"cognps_random_slope"
"7647","RNF214","Mic P2RY12",0.175967280271062,5.56241955869032,0.275477593060549,0.600004195082131,0.936283425111275,0.959054741582592,"cognps_random_slope"
"7648","BACE1","Mic P2RY12",0.234559918092387,5.25804421682121,0.39315599511039,0.531042979589177,0.905503589823643,0.935221650609795,"cognps_random_slope"
"7649","CEP164","Mic P2RY12",0.522614237672702,5.23677411872957,1.77073159965032,0.184134660672091,0.660489450660251,0.731666032451923,"cognps_random_slope"
"7650","DSCAML1","Mic P2RY12",0.901560127481396,3.45542826382523,1.38634478410589,0.239801978891343,0.721238736008832,0.781909747138061,"cognps_random_slope"
"7651","IL10RA","Mic P2RY12",-0.221154770546142,7.31026725214313,0.288519294238705,0.591503137992267,0.932951118731112,0.95650743789449,"cognps_random_slope"
"7652","SMIM35","Mic P2RY12",-1.44812173039069,6.61816463320076,1.85328687718306,0.174253918256238,0.646420631530528,0.722173203526035,"cognps_random_slope"
"7653","TMPRSS4","Mic P2RY12",-1.69772646170996,2.77164487365401,1.85606150583012,0.17393265587183,0.646420631530528,0.722173203526035,"cognps_random_slope"
"7654","SCN2B","Mic P2RY12",3.1003146713297,2.99603180139492,9.72160096513706,0.00196791482865552,0.0952058722700815,0.136520864285748,"cognps_random_slope"
"7655","JAML","Mic P2RY12",-2.10636756851239,2.62398802400292,2.49796839548965,0.114872349807792,0.569095881617087,0.649688862805022,"cognps_random_slope"
"7656","UBE4A","Mic P2RY12",-0.389422036956628,6.28290300923965,2.47131252317877,0.151878439522858,0.620505255460884,0.698068056446583,"cognps_random_slope"
"7657","ATP5MG","Mic P2RY12",-0.225962076870845,5.3379672458018,0.382231716012309,0.536802619410883,0.907263450967997,0.936994042630719,"cognps_random_slope"
"7658","KMT2A","Mic P2RY12",-0.219881839442084,7.50415796923147,0.968725982431782,0.32565981681051,0.780012011631394,0.836981369128244,"cognps_random_slope"
"7659","AP001267.3","Mic P2RY12",0.483318633713425,2.929712305149,0.284891597969305,0.593842611953128,0.933858917642785,0.957125918179539,"cognps_random_slope"
"7660","TMEM25","Mic P2RY12",0.30098182981081,3.24606498007042,0.154778275891213,0.694243389051973,0.969058581089121,0.984989885855413,"cognps_random_slope"
"7661","IFT46","Mic P2RY12",-0.275875496175784,3.46913426051668,0.167309201861926,0.855626558954955,0.999765323016076,0.999791880761836,"cognps_random_slope"
"7662","ARCN1","Mic P2RY12",0.288218540260261,5.00416906979536,0.649507150579584,0.486723242128901,0.881786963332351,0.9172595079659,"cognps_random_slope"
"7663","PHLDB1","Mic P2RY12",0.560149245582412,3.32371726037517,0.446183940023352,0.504581182351424,0.891059111542113,0.925355294132939,"cognps_random_slope"
"7664","AP002954.1","Mic P2RY12",-1.32046225453933,3.73855327517055,4.06102146987479,0.0446275742185609,0.398437123319743,0.492235156926348,"cognps_random_slope"
"7665","DDX6","Mic P2RY12",-0.0730613303898676,7.20798200254488,0.141375715114021,0.70713888231319,0.973207309924008,0.988249820341612,"cognps_random_slope"
"7666","BCL9L","Mic P2RY12",-0.171240910094095,4.54420923678991,0.123003784563389,0.726004553046811,0.977218462774238,0.99234707459927,"cognps_random_slope"
"7667","UPK2","Mic P2RY12",1.51071068929498,3.11810149130615,3.19555129785811,0.0746807909412706,0.485702623589884,0.574769683843744,"cognps_random_slope"
"7668","CCDC84","Mic P2RY12",-0.446108219814816,6.03594044619967,1.95957581669216,0.162420737823795,0.631997766427606,0.7089594451573,"cognps_random_slope"
"7669","RPS25","Mic P2RY12",-0.21687179228666,5.69567066988143,0.145549118249865,0.703050897906077,0.97159792542429,0.986573042032398,"cognps_random_slope"
"7670","TRAPPC4","Mic P2RY12",0.246311567390325,4.05365981472665,0.240858912844999,0.721915971424623,0.97571529536985,0.991507497762299,"cognps_random_slope"
"7671","SLC37A4","Mic P2RY12",-0.240225036560594,4.09106082830249,0.216677840500403,0.641864739349088,0.950981688448549,0.970806423495585,"cognps_random_slope"
"7672","HYOU1","Mic P2RY12",0.134769068004881,4.64928624436161,0.0258048341407347,0.872468064659113,0.999765323016076,0.999791880761836,"cognps_random_slope"
"7673","VPS11","Mic P2RY12",0.474139649470538,4.32204265012797,1.14967016692065,0.284337197334303,0.753549217160752,0.813087533473092,"cognps_random_slope"
"7674","HMBS","Mic P2RY12",0.494164410782109,3.52500550725985,0.48499900441381,0.486616518548512,0.881786963332351,0.91723721705446,"cognps_random_slope"
"7675","H2AFX","Mic P2RY12",-1.0726494004243,3.31409594034762,2.10551820085352,0.147640311066423,0.614151119169224,0.691886074221781,"cognps_random_slope"
"7676","DPAGT1","Mic P2RY12",-0.491968348336843,4.06011437405296,0.712685575023599,0.399114922471077,0.829488070104669,0.877897744901724,"cognps_random_slope"
"7677","C2CD2L","Mic P2RY12",-0.597988184602913,5.23915282321449,3.2737573138072,0.0712310524205698,0.481432815573689,0.571978509732139,"cognps_random_slope"
"7678","HINFP","Mic P2RY12",-0.602178078868628,4.52543581902735,1.95677555973128,0.16272040706348,0.63242928510954,0.709580575869662,"cognps_random_slope"
"7679","NLRX1","Mic P2RY12",0.577030759864621,3.81841893440305,1.03062920612444,0.310693436737244,0.769107077146114,0.828590717270556,"cognps_random_slope"
"7680","CBL","Mic P2RY12",-0.178130945311594,7.91701953817175,0.5849064592582,0.444897101081455,0.85802776256953,0.899222385336462,"cognps_random_slope"
"7681","RNF26","Mic P2RY12",0.391128514683349,2.81697015098442,0.203879226152499,0.651879873264456,0.954420308107869,0.973494108193761,"cognps_random_slope"
"7682","USP2","Mic P2RY12",0.582008296266471,2.80233015832673,0.315022577724354,0.574963925359697,0.924900775009009,0.950322446996267,"cognps_random_slope"
"7683","THY1","Mic P2RY12",1.44371636861417,4.9170363421706,3.13295901042799,0.0775716104630656,0.493481103236767,0.580606093640182,"cognps_random_slope"
"7684","OAF","Mic P2RY12",1.84779615893267,3.76757667118072,9.8211478493738,0.00186690184651906,0.0940409326866918,0.134677534591782,"cognps_random_slope"
"7685","ARHGEF12","Mic P2RY12",0.379132629625725,6.95602977863802,1.86602557522254,0.172784584952676,0.645854089686386,0.722173203526035,"cognps_random_slope"
"7686","GRIK4","Mic P2RY12",0.897562486487543,2.86634661535875,1.09739271149188,0.29554253674275,0.760181663718371,0.820653888351377,"cognps_random_slope"
"7687","SC5D","Mic P2RY12",0.115019886387624,4.14218288395071,0.0493050761635569,0.824402975757944,0.997442739805277,0.999791880761836,"cognps_random_slope"
"7688","SORL1","Mic P2RY12",0.263350039404446,10.6862585905254,0.58639106826471,0.4443203613697,0.85802776256953,0.899174729865821,"cognps_random_slope"
"7689","UBASH3B","Mic P2RY12",0.229102782115446,8.01458421141788,0.397419489302034,0.528825333757621,0.903927078786464,0.934139357377662,"cognps_random_slope"
"7690","CRTAM","Mic P2RY12",-0.702231599408638,2.07559702856988,0.343037982249991,0.576124372754123,0.924960191599137,0.950510353731555,"cognps_random_slope"
"7691","JHY","Mic P2RY12",-1.07264197227692,2.65932726429927,1.07844604376666,0.299743156636385,0.762414699475663,0.82260614319748,"cognps_random_slope"
"7692","HSPA8","Mic P2RY12",0.402233578590607,5.62845542855144,0.384843846006714,0.535415133955839,0.906977399841005,0.936747958639949,"cognps_random_slope"
"7693","CLMP","Mic P2RY12",1.44711854384361,2.70120931095278,2.17796973458892,0.140874037462402,0.605950679775367,0.682529425360683,"cognps_random_slope"
"7694","GRAMD1B","Mic P2RY12",0.301885721963138,8.05963129798142,0.72297446632675,0.39573568988197,0.82708265441489,0.876755220950177,"cognps_random_slope"
"7695","SCN3B","Mic P2RY12",2.85302598820113,3.69595448511818,12.9876924800264,0.000357727288124781,0.0391306749333402,0.0599793443627894,"cognps_random_slope"
"7696","ZNF202","Mic P2RY12",0.482541303497336,4.08401281831786,0.829183606671069,0.366558495191345,0.811562709840244,0.862405100667332,"cognps_random_slope"
"7697","VWA5A","Mic P2RY12",0.170946992296008,3.190521036801,0.048889381801423,0.871084518888772,0.999765323016076,0.999791880761836,"cognps_random_slope"
"7698","TBRG1","Mic P2RY12",-0.577746508138598,6.62803464551058,4.76174289461013,0.0297457080533092,0.334414625522144,0.425388387296873,"cognps_random_slope"
"7699","SIAE","Mic P2RY12",0.55465750318585,3.60314349814817,0.778639274215052,0.440331342650707,0.855818037073943,0.897260497291077,"cognps_random_slope"
"7700","NRGN","Mic P2RY12",1.62331880959932,5.90383855676726,5.53533843026782,0.0191743015591284,0.272197897451144,0.358444965713557,"cognps_random_slope"
"7701","MSANTD2","Mic P2RY12",-0.370235540314426,5.988805290524,1.72294494281534,0.190151462703617,0.667284886140338,0.737903096419166,"cognps_random_slope"
"7702","AP000866.1","Mic P2RY12",0.409152391490809,3.12730839606274,0.261313513940971,0.609532874821446,0.93885760879533,0.961460719578766,"cognps_random_slope"
"7703","ROBO3","Mic P2RY12",0.495395521426277,4.92922037740117,1.0722183588008,0.301140680036128,0.762414699475663,0.823013995190349,"cognps_random_slope"
"7704","ROBO4","Mic P2RY12",1.4227406235486,2.662172285195,1.36815218486134,0.242904239552354,0.724657104684127,0.78546702247674,"cognps_random_slope"
"7705","HEPACAM","Mic P2RY12",0.484966982804301,2.99375320909107,0.328544319465353,0.566875731633636,0.922925953141032,0.948745471623017,"cognps_random_slope"
"7706","CCDC15","Mic P2RY12",0.64573754193354,3.24670039782998,0.600308181820614,0.438969579285656,0.854785139785974,0.896997114564951,"cognps_random_slope"
"7707","SLC37A2","Mic P2RY12",-0.973461349776192,4.81973948057879,3.47920105588883,0.0629588856104871,0.459538140558898,0.551440589000945,"cognps_random_slope"
"7708","TMEM218","Mic P2RY12",0.343388786185554,4.21625482548309,0.550032238751138,0.481227389666187,0.880880787995706,0.916739510069731,"cognps_random_slope"
"7709","PKNOX2","Mic P2RY12",1.18053416627455,3.25877851704754,2.31208204199675,0.129250699189888,0.589034694203705,0.666605325960214,"cognps_random_slope"
"7710","FEZ1","Mic P2RY12",1.16495887413529,3.89527164139066,2.38925242064891,0.123051538245166,0.581457568414482,0.660864338941303,"cognps_random_slope"
"7711","EI24","Mic P2RY12",-0.25131536876498,4.6310136579782,0.36423391798798,0.773481527845766,0.9876732269781,0.998208143973629,"cognps_random_slope"
"7712","STT3A-AS1","Mic P2RY12",-0.822627821374678,2.95199340760452,0.872671271896442,0.407406103510448,0.834389889239559,0.882108889845374,"cognps_random_slope"
"7713","STT3A","Mic P2RY12",-0.0805443735475492,4.98463045576171,0.0421679209128032,0.837416199871687,0.999700499758612,0.999791880761836,"cognps_random_slope"
"7714","HYLS1","Mic P2RY12",1.37533492017848,3.18398022502104,2.99118395316269,0.0845769987127236,0.507375146962932,0.594787555439735,"cognps_random_slope"
"7715","PUS3","Mic P2RY12",0.257850726239047,3.42414357806852,0.121765258511385,0.727331968119508,0.977594945023934,0.992716167586774,"cognps_random_slope"
"7716","DDX25","Mic P2RY12",1.84572127514006,2.94914364907418,4.20518663710192,0.0410248626805259,0.384897057053644,0.479438099011679,"cognps_random_slope"
"7717","CDON","Mic P2RY12",1.81029043242756,3.0444929487392,4.7226372839915,0.0304202368291884,0.339041784074301,0.430132529956442,"cognps_random_slope"
"7718","RPUSD4","Mic P2RY12",-0.859935800795043,4.29597783477311,3.24026333469515,0.0726870135574803,0.483185087482673,0.572984775873399,"cognps_random_slope"
"7719","FAM118B","Mic P2RY12",-0.209169194371043,5.56649865223398,0.391814581072738,0.591846585467339,0.932951118731112,0.95650743789449,"cognps_random_slope"
"7720","SRPRA","Mic P2RY12",-0.311676919815392,4.50116248622737,0.491750121854876,0.483601159593138,0.881462467904707,0.916739510069731,"cognps_random_slope"
"7721","FOXRED1","Mic P2RY12",-0.126529209587893,5.12953274208802,0.103174018480394,0.829153256600001,0.998655997370349,0.999791880761836,"cognps_random_slope"
"7722","TIRAP","Mic P2RY12",0.19960534778488,4.18463076714507,0.171134476263038,0.75956596671835,0.983190954097967,0.995414674993652,"cognps_random_slope"
"7723","DCPS","Mic P2RY12",1.01585677086292,4.06317610013706,3.16878253934772,0.0759026148337878,0.489259712067143,0.577387642042563,"cognps_random_slope"
"7724","ST3GAL4","Mic P2RY12",-0.335236828113003,2.83227946073536,0.11890423389611,0.730427561596771,0.977935907494009,0.992754357816929,"cognps_random_slope"
"7725","KIRREL3","Mic P2RY12",0.3744270675855,5.16020837448293,0.254751290518893,0.614058367410084,0.940399122416995,0.963193991500448,"cognps_random_slope"
"7726","AP003481.1","Mic P2RY12",1.14900325589866,8.04774384097667,2.49113569562976,0.115368243541927,0.570498092880208,0.651058085269773,"cognps_random_slope"
"7727","ETS1","Mic P2RY12",0.56102480828066,4.22335550258564,0.851167534742976,0.356840796927457,0.805629965409354,0.856796628305781,"cognps_random_slope"
"7728","FLI1","Mic P2RY12",-0.0299900815083098,9.37017925141309,0.0183894518192683,0.892207279348827,0.999765323016076,0.999791880761836,"cognps_random_slope"
"7729","KCNJ5","Mic P2RY12",-0.381762357476737,5.56258245404894,0.627134295522912,0.428930459490829,0.848086940362737,0.891697247435349,"cognps_random_slope"
"7730","C11orf45","Mic P2RY12",0.164832707097757,3.11938673855438,0.048757568194418,0.825364782146273,0.997442739805277,0.999791880761836,"cognps_random_slope"
"7731","ARHGAP32","Mic P2RY12",0.228272930486141,7.4439928792247,0.719814623204167,0.396769071198828,0.828429241452076,0.876968316775435,"cognps_random_slope"
"7732","NFRKB","Mic P2RY12",0.278754048120721,5.25392688478024,0.636468231696966,0.425519059328474,0.845913432871226,0.889956247360936,"cognps_random_slope"
"7733","PRDM10","Mic P2RY12",0.0800053865514819,5.55114121269153,0.0634833645309435,0.801216641384279,0.992196422862696,0.999791880761836,"cognps_random_slope"
"7734","APLP2","Mic P2RY12",0.0637082408770902,7.38919036520746,0.0736828764199651,0.786203853526233,0.990846935978286,0.999791880761836,"cognps_random_slope"
"7735","ST14","Mic P2RY12",-0.125290163707805,4.65997766299498,0.0226971330662561,0.880331803751862,0.999765323016076,0.999791880761836,"cognps_random_slope"
"7736","ZBTB44","Mic P2RY12",-0.656942535029683,6.37748487418872,3.80647248350513,0.0518310872856042,0.428229593535377,0.521200652477228,"cognps_random_slope"
"7737","AP002986.1","Mic P2RY12",-0.234536546760033,2.71320165577298,0.0560786761300461,0.812939515082955,0.994722648066717,0.999791880761836,"cognps_random_slope"
"7738","ADAMTS15","Mic P2RY12",0.0084096771420513,3.77208487042375,0.000107017803384306,0.991751814791855,0.999765323016076,0.999791880761836,"cognps_random_slope"
"7739","AP003486.1","Mic P2RY12",0.0755745702313816,3.19978077634423,0.0118553879648613,0.913356452912469,0.999765323016076,0.999791880761836,"cognps_random_slope"
"7740","SNX19","Mic P2RY12",0.150449356796515,6.38583583076299,0.195105106237317,0.658966692039255,0.955612931885691,0.973592644066785,"cognps_random_slope"
"7741","NTM","Mic P2RY12",1.83072603487937,5.30813617388919,9.40016606538291,0.00233377247207333,0.102732425292226,0.146425903354028,"cognps_random_slope"
"7742","OPCML","Mic P2RY12",1.64524403813528,5.98010172209798,7.51827756121106,0.00641293674030546,0.158316060485693,0.218134474546419,"cognps_random_slope"
"7743","JAM3","Mic P2RY12",0.171096025794153,4.6040066901876,0.0628416657794955,0.802202826882161,0.992367772828195,0.999791880761836,"cognps_random_slope"
"7744","NCAPD3","Mic P2RY12",-0.273486983763175,5.32734308659954,0.580570655512668,0.481965221255065,0.881268376318615,0.916739510069731,"cognps_random_slope"
"7745","VPS26B","Mic P2RY12",-0.0797856095036709,5.07889904941144,0.046675475806533,0.829075097479989,0.998655997370349,0.999791880761836,"cognps_random_slope"
"7746","THYN1","Mic P2RY12",-0.050187862890067,3.50734140142901,0.00573487363043726,0.943951246899453,0.999765323016076,0.999791880761836,"cognps_random_slope"
"7747","ACAD8","Mic P2RY12",0.0216936250218452,4.1583439384926,0.00283892839169905,0.957537128992675,0.999765323016076,0.999791880761836,"cognps_random_slope"
"7748","B3GAT1","Mic P2RY12",1.34478020367307,3.10227687752765,2.66330655735146,0.103562358489539,0.5459634799836,0.631201236049379,"cognps_random_slope"
"7749","AC215217.1","Mic P2RY12",-1.95221332999547,3.58927220350182,3.21501721445579,0.0738056238250766,0.484600276766218,0.572984775873399,"cognps_random_slope"
"7750","TUBB8","Mic P2RY12",0.480644881224135,4.20781618087882,0.144552554484757,0.70402090572814,0.971857608055937,0.986850520488248,"cognps_random_slope"
"7751","ZMYND11","Mic P2RY12",0.361151136055156,7.45873186834774,1.69761247336153,0.193434148198744,0.670688491594144,0.740026852677201,"cognps_random_slope"
"7752","DIP2C","Mic P2RY12",-0.933828828503322,6.84274737420041,7.9982132524502,0.0049445770673236,0.143735959390897,0.200760663796638,"cognps_random_slope"
"7753","LARP4B","Mic P2RY12",0.0668198131802887,8.14403766169456,0.101658749193569,0.877495542953249,0.999765323016076,0.999791880761836,"cognps_random_slope"
"7754","GTPBP4","Mic P2RY12",-0.700715791711351,5.30930223043949,3.06940231917632,0.0806311150049526,0.502655488248182,0.589914792805176,"cognps_random_slope"
"7755","IDI2-AS1","Mic P2RY12",-1.1080425844938,2.99698949905206,1.48595532935402,0.223644040737864,0.705101945792842,0.769206564190869,"cognps_random_slope"
"7756","IDI1","Mic P2RY12",0.389177223588099,5.12728374945095,0.504068580003616,0.478177956955762,0.879865824682708,0.915510460903459,"cognps_random_slope"
"7757","WDR37","Mic P2RY12",0.0482596437616258,7.40823456486029,0.0502316524877016,0.822787943593646,0.996726931048618,0.999791880761836,"cognps_random_slope"
"7758","ADARB2","Mic P2RY12",0.123699400991722,4.35743337671503,0.0316202518405704,0.85896379599036,0.999765323016076,0.999791880761836,"cognps_random_slope"
"7759","PFKP","Mic P2RY12",-1.08201871734609,5.11753925281456,2.03622432759543,0.15445809510167,0.6242137914528,0.702504511680378,"cognps_random_slope"
"7760","PITRM1","Mic P2RY12",0.0801414549226687,4.70540445188132,0.0400736216058709,0.841449856300809,0.999765323016076,0.999791880761836,"cognps_random_slope"
"7761","KLF6","Mic P2RY12",-0.752251685231569,7.26427725074993,3.74111605499777,0.0538731763778588,0.434347947711541,0.526344557013956,"cognps_random_slope"
"7762","AC025822.2","Mic P2RY12",-1.2297360401585,3.20083939082564,2.22381574705354,0.136773430935713,0.601269752075375,0.678086167366028,"cognps_random_slope"
"7763","AKR1E2","Mic P2RY12",-0.952681390740886,3.24166453065353,1.24289671845506,0.265657977353002,0.740371152518351,0.799075325556588,"cognps_random_slope"
"7764","NET1","Mic P2RY12",-0.743742322547329,3.58113076719178,1.28182509804258,0.258314288608482,0.733560030015313,0.794492191550395,"cognps_random_slope"
"7765","ASB13","Mic P2RY12",0.170752221453022,4.3646738238483,0.113667291919239,0.921091494739608,0.999765323016076,0.999791880761836,"cognps_random_slope"
"7766","FAM208B","Mic P2RY12",-0.516671199839786,7.62977777497974,3.48533182137351,0.062728437787945,0.459357264915984,0.550920071053918,"cognps_random_slope"
"7767","AL365356.1","Mic P2RY12",-0.475852098557247,3.71574594363799,0.443107757568543,0.506052992251638,0.891090914075268,0.925603545137578,"cognps_random_slope"
"7768","GDI2","Mic P2RY12",0.0399693048551596,7.22609527942914,0.0242291835680278,0.876390518659262,0.999765323016076,0.999791880761836,"cognps_random_slope"
"7769","ANKRD16","Mic P2RY12",-0.202322290789445,4.48936574463141,0.215625110771836,0.980553158054052,0.999765323016076,0.999791880761836,"cognps_random_slope"
"7770","FBH1","Mic P2RY12",0.0415422089914439,6.51374026496819,0.0258916628013853,0.998177186419662,0.999765323016076,0.999791880761836,"cognps_random_slope"
"7771","AL137186.2","Mic P2RY12",0.337405001597413,5.37280000371464,0.668688930052893,0.414050521954989,0.839240717944004,0.885364854008569,"cognps_random_slope"
"7772","IL15RA","Mic P2RY12",-0.205257328886345,5.39464847666829,0.238679055754577,0.625459571577448,0.945166089057208,0.966312731148605,"cognps_random_slope"
"7773","IL2RA","Mic P2RY12",0.154537417626119,2.49923919230094,0.00499791776205122,0.943679038039015,0.999765323016076,0.999791880761836,"cognps_random_slope"
"7774","RBM17","Mic P2RY12",-0.0365925336640742,6.20176872251807,0.0193986759279257,0.889307544960564,0.999765323016076,0.999791880761836,"cognps_random_slope"
"7775","PFKFB3","Mic P2RY12",0.583482727875136,8.61936198522095,1.03919220921352,0.308694700623879,0.76785366002022,0.827095076785596,"cognps_random_slope"
"7776","AL157395.1","Mic P2RY12",0.0675680868881912,2.66435921724887,0.00301225455790504,0.956261347942616,0.999765323016076,0.999791880761836,"cognps_random_slope"
"7777","AL137145.2","Mic P2RY12",0.616123300134388,6.16732089398822,0.821038029846123,0.365483527201034,0.811562709840244,0.862405100667332,"cognps_random_slope"
"7778","AL137145.1","Mic P2RY12",1.445424953119,3.40973258741378,2.61111159470318,0.106994234889829,0.553388553361097,0.637481824764978,"cognps_random_slope"
"7779","PRKCQ","Mic P2RY12",0.0853911505246168,3.50843641065075,0.00826278411074346,0.927622771233138,0.999765323016076,0.999791880761836,"cognps_random_slope"
"7780","SFMBT2","Mic P2RY12",0.424279234464437,11.1024543503376,1.04521315764116,0.307299343485731,0.767459627034639,0.826769615798399,"cognps_random_slope"
"7781","AL139125.1","Mic P2RY12",1.41524541222594,6.51908562648636,2.32013217805993,0.12858800204101,0.58844594023972,0.665657920588163,"cognps_random_slope"
"7782","ITIH5","Mic P2RY12",0.543291025204097,2.97430455691294,0.263979598172723,0.607714735509561,0.93885760879533,0.96134095703673,"cognps_random_slope"
"7783","KIN","Mic P2RY12",-0.167807667162177,5.54753585842726,0.262764140098532,0.608542173171127,0.93885760879533,0.961459183207151,"cognps_random_slope"
"7784","ATP5F1C","Mic P2RY12",-0.0655159691369772,6.29415522094046,0.0651923162976722,0.798615845030691,0.992143902613387,0.999791880761836,"cognps_random_slope"
"7785","TAF3","Mic P2RY12",0.0969208576903887,7.47394203262194,0.161591195820811,0.687934543559964,0.966806654896821,0.983106255360002,"cognps_random_slope"
"7786","CELF2","Mic P2RY12",-0.232393487276544,10.972010594595,0.596100027697487,0.440576982256059,0.855818037073943,0.897260497291077,"cognps_random_slope"
"7787","USP6NL","Mic P2RY12",-0.537617858519837,8.453589162806,2.40169245372829,0.122083597721418,0.581048777697984,0.660503517595267,"cognps_random_slope"
"7788","ECHDC3","Mic P2RY12",-1.64047390328155,4.54789212562267,4.40590894213863,0.0365113653045101,0.364914268740883,0.458380699788695,"cognps_random_slope"
"7789","UPF2","Mic P2RY12",-0.036958299368815,7.24031405439185,0.0297890500528986,0.863066837318039,0.999765323016076,0.999791880761836,"cognps_random_slope"
"7790","DHTKD1","Mic P2RY12",0.584190045537948,6.56736020211823,2.83608236328185,0.0930363611869554,0.528520676670788,0.613305486245588,"cognps_random_slope"
"7791","SEC61A2","Mic P2RY12",0.297895395086874,5.07502084306376,0.669065217643965,0.413919319639229,0.839240717944004,0.885364854008569,"cognps_random_slope"
"7792","NUDT5","Mic P2RY12",0.191493270353572,5.87628507546461,0.357260066980341,0.961913398683496,0.999765323016076,0.999791880761836,"cognps_random_slope"
"7793","CDC123","Mic P2RY12",-0.122209564107221,6.3442087702117,0.200216839297621,0.654815267036822,0.955589610536911,0.973537836851373,"cognps_random_slope"
"7794","CAMK1D","Mic P2RY12",0.186206400566251,9.370906497122,0.475563897468088,0.490883319508059,0.884151843354876,0.918939026529304,"cognps_random_slope"
"7795","CCDC3","Mic P2RY12",0.71914274126415,3.39923908717743,0.883039346230649,0.348001299120415,0.797326963500201,0.848549566155067,"cognps_random_slope"
"7796","OPTN","Mic P2RY12",0.471139732213194,3.88248968810162,0.507148908427638,0.476837419055309,0.878923143228847,0.91479956170565,"cognps_random_slope"
"7797","PHYH","Mic P2RY12",0.679210183385981,3.33152974056843,0.893486748893434,0.345168815252461,0.795241305871012,0.847097943310431,"cognps_random_slope"
"7798","SEPHS1","Mic P2RY12",-0.21679251656987,4.49107375102295,0.253263875828528,0.615094288190027,0.940879358414831,0.96381483341965,"cognps_random_slope"
"7799","PRPF18","Mic P2RY12",0.130339630895178,4.22398987796947,0.0644717920869877,0.941933048931726,0.999765323016076,0.999791880761836,"cognps_random_slope"
"7800","AL157392.5","Mic P2RY12",-0.28368560225704,4.6906905111942,0.408616574950195,0.523079456758893,0.899782433670983,0.931455315464605,"cognps_random_slope"
"7801","FRMD4A","Mic P2RY12",0.313888443300064,12.3148880894137,0.83268792550542,0.362107743539686,0.809172231311544,0.859972514284443,"cognps_random_slope"
"7802","AL157392.2","Mic P2RY12",-0.603120638217245,4.5505324668688,0.897541193760167,0.344078010131955,0.794738309508205,0.846452759683133,"cognps_random_slope"
"7803","AC044781.1","Mic P2RY12",-0.453987064434266,6.27194646479709,0.37589022721788,0.540198499460024,0.909790133374862,0.938940800594172,"cognps_random_slope"
"7804","FAM107B","Mic P2RY12",-0.747875668552768,5.44326435547379,1.6185036529522,0.204122541239131,0.685282465262159,0.75151560401391,"cognps_random_slope"
"7805","HSPA14-1","Mic P2RY12",0.0248419740999405,4.33420845310669,0.00336044101141848,0.953805269683059,0.999765323016076,0.999791880761836,"cognps_random_slope"
"7806","SUV39H2","Mic P2RY12",0.411541279486153,3.24686210200853,0.279077847062888,0.597632098683514,0.935775674346053,0.958529444280992,"cognps_random_slope"
"7807","DCLRE1C","Mic P2RY12",0.581903042100291,6.39026021111245,4.6731443625705,0.031296975646666,0.343216669918961,0.434440252070389,"cognps_random_slope"
"7808","RPP38","Mic P2RY12",0.131791933903185,5.47275874505494,0.0981141852855877,0.754286112149715,0.982268354911735,0.994998852417964,"cognps_random_slope"
"7809","NMT2","Mic P2RY12",0.244958328018305,5.04070451234238,0.363137649539748,0.54714859672933,0.911747270875649,0.940046630323137,"cognps_random_slope"
"7810","FAM171A1","Mic P2RY12",1.05026637752451,3.61219063182171,2.36543854852161,0.124928399470133,0.583536243046098,0.661618690639923,"cognps_random_slope"
"7811","ITGA8","Mic P2RY12",1.04859731727409,2.76988825989013,1.07751264322207,0.299952081907956,0.762414699475663,0.822944046958081,"cognps_random_slope"
"7812","MINDY3","Mic P2RY12",0.291066084693279,6.00983344859642,1.02693219347428,0.336827224890789,0.789820059625804,0.84478471300065,"cognps_random_slope"
"7813","PTER","Mic P2RY12",-0.267397044098833,5.02549375799306,0.49867938244857,0.48053819014434,0.880619779516585,0.916617425491717,"cognps_random_slope"
"7814","RSU1","Mic P2RY12",-0.171502757689947,6.99895971470029,0.35797296238641,0.550010782670413,0.912109390218929,0.940256030616682,"cognps_random_slope"
"7815","CUBN","Mic P2RY12",0.986699488923944,2.83884896325025,1.07996589330926,0.299403366859854,0.762414699475663,0.822521252696221,"cognps_random_slope"
"7816","TRDMT1","Mic P2RY12",-0.208488240725615,3.29553022366512,0.0851284717369152,0.873584771623272,0.999765323016076,0.999791880761836,"cognps_random_slope"
"7817","VIM","Mic P2RY12",-1.18934289440582,3.17024955056487,1.3472731079855,0.246525309628727,0.727284377806276,0.787803854705654,"cognps_random_slope"
"7818","ST8SIA6","Mic P2RY12",0.550169333482674,2.12613691496973,0.189229995016341,0.678096659434686,0.963032358317531,0.980096514019067,"cognps_random_slope"
"7819","HACD1","Mic P2RY12",-0.760136784897467,3.00387894503012,0.680452017278854,0.409977923535496,0.836242641293634,0.883140864332863,"cognps_random_slope"
"7820","STAM-AS1","Mic P2RY12",0.0527603439524866,2.85007947161363,0.00318777034312071,0.955006441922695,0.999765323016076,0.999791880761836,"cognps_random_slope"
"7821","STAM","Mic P2RY12",0.0109101343454524,6.16419603824322,0.00161065304843947,0.991558721377046,0.999765323016076,0.999791880761836,"cognps_random_slope"
"7822","TMEM236","Mic P2RY12",-0.515661770175131,4.13603170449697,0.372961298389579,0.541780279182756,0.910123298286075,0.939148122050431,"cognps_random_slope"
"7823","MRC1","Mic P2RY12",0.745260745455793,7.36549009320046,1.02351168106538,0.312367652622314,0.769796612435867,0.828989115276752,"cognps_random_slope"
"7824","CACNB2","Mic P2RY12",0.651355345418349,5.03367548632536,0.98450694299014,0.321755765422009,0.775913203455183,0.833488976923152,"cognps_random_slope"
"7825","AL450384.2","Mic P2RY12",0.0454593241558066,4.66774336754543,0.00977071903804952,0.921314865363338,0.999765323016076,0.999791880761836,"cognps_random_slope"
"7826","NSUN6","Mic P2RY12",0.203566466966424,6.17786243382467,0.595709742856654,0.44072651966443,0.855818037073943,0.897260497291077,"cognps_random_slope"
"7827","ARL5B","Mic P2RY12",-1.3016090290757,3.96829658965627,5.90260705681527,0.0156074669451307,0.246937030143679,0.329158411859655,"cognps_random_slope"
"7828","MALRD1","Mic P2RY12",-0.459860506970063,3.91879226074796,0.345343149165886,0.557129973802778,0.917409429628993,0.944983609642541,"cognps_random_slope"
"7829","PLXDC2","Mic P2RY12",-0.173200441647226,12.8678414151642,0.834027100422635,0.361722464570551,0.809120799461542,0.859782073141074,"cognps_random_slope"
"7830","AC069549.1","Mic P2RY12",-1.44752076714999,3.7463587543647,4.33752354842481,0.0379873201861071,0.37158253855038,0.465132379128229,"cognps_random_slope"
"7831","NEBL","Mic P2RY12",1.72276908005537,4.207501699846,6.33699965055798,0.0122584509660937,0.219913656488115,0.292761416345957,"cognps_random_slope"
"7832","MLLT10","Mic P2RY12",0.0769004887238133,8.23297842031201,0.162675330331446,0.686944944640009,0.966541875561649,0.98288778474506,"cognps_random_slope"
"7833","DNAJC1","Mic P2RY12",-0.117217327536835,7.03682758125299,0.211738576065977,0.807458392500674,0.993398229180203,0.999791880761836,"cognps_random_slope"
"7834","BMI1","Mic P2RY12",-0.691496187608858,4.41356552589429,1.70199580029592,0.192861417175712,0.670495801404088,0.739717701637704,"cognps_random_slope"
"7835","SPAG6","Mic P2RY12",0.890323575578421,4.55321377156388,2.22336073353996,0.136813462939489,0.601269752075375,0.678086167366028,"cognps_random_slope"
"7836","PIP4K2A","Mic P2RY12",-0.0876716910456706,8.79192453379243,0.153998697576027,0.694975454312033,0.969233641714597,0.984989885855413,"cognps_random_slope"
"7837","MSRB2","Mic P2RY12",-0.18182222367852,5.18325263189106,0.280733892779652,0.596547550218501,0.93511989159524,0.95808998326772,"cognps_random_slope"
"7838","OTUD1","Mic P2RY12",-0.181868554397658,4.58384791255716,0.0496906734892611,0.823728956546233,0.997000699663663,0.999791880761836,"cognps_random_slope"
"7839","KIAA1217","Mic P2RY12",0.834196373883001,4.24215364897767,1.75997742249715,0.185469114705413,0.660999325207599,0.732422699427839,"cognps_random_slope"
"7840","ARHGAP21","Mic P2RY12",0.0836995877701213,8.9053400151684,0.0769433931597076,0.781642558063798,0.990020960532974,0.999508397105588,"cognps_random_slope"
"7841","PRTFDC1","Mic P2RY12",0.96785788956387,5.16525237924831,4.05858095075547,0.0446913659892363,0.398475712323191,0.492456914089606,"cognps_random_slope"
"7842","THNSL1","Mic P2RY12",1.2760360693066,2.98973935931418,1.98731551798128,0.159486050029384,0.62960268995345,0.706937631044709,"cognps_random_slope"
"7843","GPR158","Mic P2RY12",1.49316800201452,3.81361758387978,4.06496837482504,0.0445246113202115,0.398437123319743,0.492235156926348,"cognps_random_slope"
"7844","GAD2","Mic P2RY12",2.73740573426472,3.04080505189268,8.2030342872579,0.00442742876181569,0.136709614832009,0.193068436044748,"cognps_random_slope"
"7845","APBB1IP","Mic P2RY12",0.262063415743835,10.9477334180373,0.957486492999238,0.328478746062174,0.781740405134397,0.838646961329102,"cognps_random_slope"
"7846","PDSS1","Mic P2RY12",-0.243444673776334,4.89761270885106,0.224277178540764,0.636087424432811,0.950145971078957,0.970025117347288,"cognps_random_slope"
"7847","ABI1","Mic P2RY12",-0.0796653093596683,8.09272193257088,0.102475148892242,0.749065241324682,0.982244103840787,0.994674014762625,"cognps_random_slope"
"7848","ANKRD26","Mic P2RY12",0.207276086801479,6.38367455314561,0.468917117609261,0.493926853546805,0.884891066701007,0.920335516646799,"cognps_random_slope"
"7849","YME1L1","Mic P2RY12",0.038038633662792,6.26882355721706,0.0245849050798083,0.875493814579534,0.999765323016076,0.999791880761836,"cognps_random_slope"
"7850","MASTL","Mic P2RY12",0.524865094717369,3.98006939342904,0.832384719067607,0.362195054515074,0.809232398392215,0.860089267331193,"cognps_random_slope"
"7851","ACBD5","Mic P2RY12",0.138647596087437,5.42053300139922,0.181136343522418,0.670653076569796,0.960399858849309,0.977620174011771,"cognps_random_slope"
"7852","RAB18","Mic P2RY12",0.518374297145383,6.14152603361466,3.6824019285582,0.0557807931383743,0.439460331073038,0.532285694680678,"cognps_random_slope"
"7853","ARMC4","Mic P2RY12",-0.88595105676664,2.6988047157632,0.992659018808454,0.319763248655584,0.774041290465206,0.832055998512576,"cognps_random_slope"
"7854","MPP7","Mic P2RY12",0.52077172145457,3.2227661675438,0.478177062184979,0.618049189628846,0.941832748489443,0.963917775753802,"cognps_random_slope"
"7855","AL358234.1","Mic P2RY12",-1.51613949811741,2.62516279991913,1.96750081011392,0.161576064774,0.631512796296848,0.708484902920554,"cognps_random_slope"
"7856","WAC-AS1","Mic P2RY12",0.168011633012877,5.03564660847951,0.139140993908473,0.709356238597963,0.973385516429582,0.98859098715405,"cognps_random_slope"
"7857","WAC","Mic P2RY12",-0.278851324929009,8.54030981238485,2.21737052817755,0.137341710504073,0.601837098218171,0.678284526465348,"cognps_random_slope"
"7858","SVIL","Mic P2RY12",1.21316970932483,3.82241331998253,2.91956090685067,0.0883744823232062,0.516037663448055,0.60157086472726,"cognps_random_slope"
"7859","MTPAP","Mic P2RY12",-0.38920826274461,4.77919457503741,0.966501125559401,0.332368820221727,0.785551068746273,0.841831778356593,"cognps_random_slope"
"7860","MAP3K8","Mic P2RY12",-0.262313744235782,7.85864601028784,0.163369663599781,0.686313169747758,0.966101133171188,0.982470659214122,"cognps_random_slope"
"7861","ZNF438","Mic P2RY12",-0.357807362621151,7.17041683182992,1.78036590895828,0.182948653206665,0.658456574400359,0.730527781796228,"cognps_random_slope"
"7862","ZEB1-AS1","Mic P2RY12",0.889499068123288,4.66523829676819,1.94194431977254,0.164318174319031,0.636056572515693,0.712962517325355,"cognps_random_slope"
"7863","ZEB1","Mic P2RY12",0.117000195400972,7.79362388538875,0.101238863801712,0.750532670502585,0.982244103840787,0.994674014762625,"cognps_random_slope"
"7864","AL161935.3","Mic P2RY12",0.541561886089617,5.35700624646141,0.940387822981284,0.332829859061386,0.786238976833239,0.842175652315656,"cognps_random_slope"
"7865","ARHGAP12","Mic P2RY12",-0.0891249231717303,8.81156494800402,0.137233438423463,0.711265078982315,0.973930448445441,0.989006563628578,"cognps_random_slope"
"7866","KIF5B","Mic P2RY12",-0.0965760699307099,7.16880712886989,0.203708365088905,0.652016109317371,0.954420308107869,0.973494108193761,"cognps_random_slope"
"7867","EPC1","Mic P2RY12",-0.0414081294419288,7.89752123963213,0.0554924412784945,0.81390173431771,0.994801668937034,0.999791880761836,"cognps_random_slope"
"7868","AL391839.1","Mic P2RY12",-0.187876611675813,3.28716688265643,0.0543277135481672,0.81582951254014,0.995078847506181,0.999791880761836,"cognps_random_slope"
"7869","CCDC7","Mic P2RY12",0.306999646305756,7.11638231359188,0.894750026243205,0.34482844169406,0.79495583871654,0.846771771087706,"cognps_random_slope"
"7870","ITGB1","Mic P2RY12",-0.426099133154686,6.4309756678517,2.09995356340752,0.148175015124505,0.614990268778829,0.692233885854877,"cognps_random_slope"
"7871","NRP1","Mic P2RY12",-0.0746170312214792,7.49400949403688,0.0250009539214687,0.874453429919662,0.999765323016076,0.999791880761836,"cognps_random_slope"
"7872","PARD3","Mic P2RY12",0.994366620707784,3.89956613370752,1.85219981023005,0.174379971983106,0.646420631530528,0.722173203526035,"cognps_random_slope"
"7873","CUL2","Mic P2RY12",-0.171652835333006,6.16755620558684,0.527541339627326,0.468114822996854,0.872733269752482,0.911648945086448,"cognps_random_slope"
"7874","CREM","Mic P2RY12",-0.278004423708307,7.00842050378885,0.132503373087575,0.716064360858281,0.975412307559,0.990818510846582,"cognps_random_slope"
"7875","CCNY","Mic P2RY12",0.0489949458451329,9.09423741221695,0.0386233427011504,0.844307755630274,0.999765323016076,0.999791880761836,"cognps_random_slope"
"7876","AL117336.3","Mic P2RY12",0.0295238414298475,4.94429810968403,0.00527140808650473,0.942161237395694,0.999765323016076,0.999791880761836,"cognps_random_slope"
"7877","ZNF248","Mic P2RY12",0.230738753846326,6.17728176116545,0.705235653702131,0.401587934901852,0.829881589272977,0.878039616226327,"cognps_random_slope"
"7878","ZNF25","Mic P2RY12",0.459621577189665,4.8380139224016,1.31076191301914,0.253018119402043,0.730165031234622,0.790343567499959,"cognps_random_slope"
"7879","ZNF33A","Mic P2RY12",-0.167077503662209,7.48625810667713,0.595926760399955,0.440643359869787,0.855818037073943,0.897260497291077,"cognps_random_slope"
"7880","AL117339.5","Mic P2RY12",0.574404542408285,4.49058669536963,1.13207094985387,0.288047914613997,0.754255972880221,0.814647163364235,"cognps_random_slope"
"7881","ZNF33B","Mic P2RY12",-0.325356047395506,6.16944203099601,0.950545407872356,0.330235844876976,0.782718527979546,0.839270332854404,"cognps_random_slope"
"7882","BMS1","Mic P2RY12",0.211005343966465,5.44578900679618,0.384870168335485,0.732404800846499,0.978584259106735,0.993104440403251,"cognps_random_slope"
"7883","CSGALNACT2","Mic P2RY12",-0.607092766675892,5.67044504719471,2.57560217022263,0.10940055526161,0.560285199613413,0.644627053842235,"cognps_random_slope"
"7884","HNRNPF","Mic P2RY12",-0.241014738285384,6.25415287481256,0.470831476591869,0.493047036914016,0.884735626300203,0.919903672806468,"cognps_random_slope"
"7885","ZNF487","Mic P2RY12",0.291667431231489,3.12343226990211,0.155537935894131,0.693532074009355,0.968631925356891,0.984787598603134,"cognps_random_slope"
"7886","ZNF239","Mic P2RY12",0.299067927449967,3.06655974918286,0.11214482984627,0.737910603620568,0.980436558830992,0.994247512606934,"cognps_random_slope"
"7887","ZNF32","Mic P2RY12",0.819915083350528,4.40746748501789,3.36639009209115,0.0673652601520952,0.471662409246723,0.562183061092777,"cognps_random_slope"
"7888","CXCL12","Mic P2RY12",0.785025750790628,5.49888975914912,1.03750853354069,0.309086369089418,0.768044953118354,0.827104117640465,"cognps_random_slope"
"7889","TMEM72-AS1","Mic P2RY12",0.381027862505269,5.75349379665275,0.611893073397125,0.434590655526903,0.851659973543457,0.894179721772824,"cognps_random_slope"
"7890","RASSF4","Mic P2RY12",-0.51756722226765,8.08734235950426,1.35860828754941,0.244551305345932,0.726015073757385,0.786955349560953,"cognps_random_slope"
"7891","ZNF22","Mic P2RY12",-0.379602759307138,4.62301468857889,0.573706157571677,0.449285926353816,0.860983711651718,0.902178584929418,"cognps_random_slope"
"7892","AL358394.1","Mic P2RY12",4.07416079140446,2.2002419338467,7.45890367602694,0.00662337330720429,0.160863936801003,0.221747540920322,"cognps_random_slope"
"7893","ALOX5","Mic P2RY12",-0.346851616937161,8.85266065813289,1.04279234626316,0.307859378369624,0.767710159037189,0.827095076785596,"cognps_random_slope"
"7894","MARCH8","Mic P2RY12",-0.208917693760444,5.86602494204887,0.238853818092391,0.625333070278931,0.9451521296561,0.966312731148605,"cognps_random_slope"
"7895","ZFAND4","Mic P2RY12",0.419443043380736,5.09624622376524,1.25565402548125,0.30659819969406,0.767122388557955,0.826494134576651,"cognps_random_slope"
"7896","WASHC2C","Mic P2RY12",-0.178963076934623,5.28180115894246,0.301299774336931,0.583409353493902,0.928418891611539,0.95256054724782,"cognps_random_slope"
"7897","AGAP4","Mic P2RY12",0.233506620153937,5.3216134261917,0.453360245288175,0.501175999908497,0.889628842223565,0.924198481408281,"cognps_random_slope"
"7898","TIMM23","Mic P2RY12",-0.118158426862409,5.11609039470132,0.108589701186727,0.741947332853082,0.981590829602176,0.994674014762625,"cognps_random_slope"
"7899","NCOA4","Mic P2RY12",0.61921646994254,5.67968591804432,2.90763353595804,0.0890246970417141,0.517803804277782,0.602749777771807,"cognps_random_slope"
"7900","AL356056.2","Mic P2RY12",0.075973850437563,4.33599795808262,0.0179214055264483,0.893579580990425,0.999765323016076,0.999791880761836,"cognps_random_slope"
"7901","PTPN20","Mic P2RY12",0.467984232832951,3.99693744448146,0.310121090328767,0.577952278989105,0.9261196329945,0.951090082467838,"cognps_random_slope"
"7902","AGAP9","Mic P2RY12",0.567320872666494,4.81309244621465,1.33859044534378,0.248050609930295,0.727506673637925,0.787883147226809,"cognps_random_slope"
"7903","MAPK8","Mic P2RY12",0.0867602786203959,7.07045121420237,0.104293496899699,0.746924552633504,0.982244103840787,0.994674014762625,"cognps_random_slope"
"7904","ARHGAP22","Mic P2RY12",-0.103717852785501,9.98445923557449,0.0905269187335108,0.76368222669977,0.984139674089917,0.996142476555342,"cognps_random_slope"
"7905","WDFY4","Mic P2RY12",0.0856957055791679,8.69525860821661,0.172907150921286,0.677788964180678,0.963032358317531,0.980096514019067,"cognps_random_slope"
"7906","VSTM4","Mic P2RY12",1.44223528693526,2.97245364704413,1.84829396602358,0.174833754869107,0.646504793926442,0.722173203526035,"cognps_random_slope"
"7907","TMEM273","Mic P2RY12",0.691303773960955,5.89937999810295,2.35113267860373,0.126071234802932,0.585608532961558,0.664048393200486,"cognps_random_slope"
"7908","ERCC6","Mic P2RY12",-0.763204937035252,6.27848119554603,4.14091164156178,0.0425916132788312,0.392015743105512,0.48496760062474,"cognps_random_slope"
"7909","PARG","Mic P2RY12",0.00486424062658039,6.86601068522332,0.000434780828034071,0.98337576033799,0.999765323016076,0.999791880761836,"cognps_random_slope"
"7910","TIMM23B","Mic P2RY12",0.0985294916599924,7.24516428581138,0.0712150980704277,0.78972870185461,0.990886185623222,0.999791880761836,"cognps_random_slope"
"7911","LINC00843","Mic P2RY12",-0.204294528946308,5.40308891068495,0.364151901573182,0.613553722553062,0.940399122416995,0.963142172997874,"cognps_random_slope"
"7912","AGAP6","Mic P2RY12",-0.00873065419573235,5.72786155104709,0.000702510874762086,0.978869309306609,0.999765323016076,0.999791880761836,"cognps_random_slope"
"7913","WASHC2A","Mic P2RY12",-0.474903892989994,4.86109650197591,1.53359691959294,0.224328283987252,0.705976929728779,0.769637329131246,"cognps_random_slope"
"7914","SGMS1","Mic P2RY12",0.168079634548911,8.42861169490451,0.508993366340667,0.476037658549761,0.878460570397321,0.914552110098369,"cognps_random_slope"
"7915","SGMS1-AS1","Mic P2RY12",0.591854869283209,3.24228757806704,0.458450968031845,0.498784108768844,0.88802399669729,0.922636013471741,"cognps_random_slope"
"7916","PRKG1","Mic P2RY12",1.49823585668048,4.2967414295014,5.30835178208743,0.0217929129625749,0.290016709643958,0.378521743252119,"cognps_random_slope"
"7917","CSTF2T","Mic P2RY12",-0.779236349441,3.5370519015533,1.65437363012315,0.219523810217246,0.700641380490504,0.765654809224497,"cognps_random_slope"
"7918","LINC01468","Mic P2RY12",-0.644120362214485,4.29953417771189,0.922777850477082,0.337392061076918,0.790557164770538,0.844859240409862,"cognps_random_slope"
"7919","AC074327.1","Mic P2RY12",-0.609127387271589,9.91742957858232,2.05496021443507,0.152580035718495,0.620900468101574,0.699170102697858,"cognps_random_slope"
"7920","PCDH15","Mic P2RY12",1.44078827885638,4.07503174188942,5.24526081385303,0.0225849296132481,0.294635651496423,0.382685966710281,"cognps_random_slope"
"7921","ZWINT","Mic P2RY12",-0.00853147247989952,2.19636867680096,5.80017774553919e-07,0.999392762246562,0.999765323016076,0.999791880761836,"cognps_random_slope"
"7922","IPMK","Mic P2RY12",-0.00505247767668527,6.32768319177047,0.000265155963014199,0.987017162863012,0.999765323016076,0.999791880761836,"cognps_random_slope"
"7923","CISD1","Mic P2RY12",-0.059565074843216,4.51549884971796,0.0147946144535472,0.903257521685643,0.999765323016076,0.999791880761836,"cognps_random_slope"
"7924","UBE2D1","Mic P2RY12",-0.0757313168186033,4.66333873665512,0.0256166352865015,0.872929988408643,0.999765323016076,0.999791880761836,"cognps_random_slope"
"7925","TFAM","Mic P2RY12",-0.236944033279569,4.04908204564834,0.213753488226047,0.644120818816543,0.951443629329721,0.970883120121208,"cognps_random_slope"
"7926","BICC1","Mic P2RY12",1.3379084630787,3.82104476666533,2.10322757704138,0.147860151057908,0.614601080746597,0.691886074221781,"cognps_random_slope"
"7927","LINC00844","Mic P2RY12",-2.42794409627945,3.06335196693415,6.70777363899436,0.00998951972424394,0.200403523689511,0.274584277246885,"cognps_random_slope"
"7928","PHYHIPL","Mic P2RY12",1.62337096560503,4.12021301364015,5.94568851634205,0.0152366857536064,0.244535120699496,0.325294583631681,"cognps_random_slope"
"7929","FAM13C","Mic P2RY12",0.642529310809435,3.16706782705362,0.65471028255069,0.418968641769894,0.841404191357022,0.887205359811597,"cognps_random_slope"
"7930","CCDC6","Mic P2RY12",-0.201929979993578,6.16725264142128,0.49204662885902,0.48346943489043,0.881462467904707,0.916739510069731,"cognps_random_slope"
"7931","ANK3","Mic P2RY12",0.894289124281633,5.82896957379228,2.07744010764078,0.15036085539855,0.618294258470467,0.695585318326235,"cognps_random_slope"
"7932","RHOBTB1","Mic P2RY12",0.280251675323119,5.55753255634194,0.367254191727574,0.544887086549517,0.91115948031916,0.940001610338548,"cognps_random_slope"
"7933","ARID5B","Mic P2RY12",-0.767539923770244,7.1957744946863,1.96794764936958,0.161528589082827,0.631512796296848,0.708484902920554,"cognps_random_slope"
"7934","ZNF365","Mic P2RY12",0.351776130309626,3.70384763422342,0.240336782853661,0.62426193160648,0.945004622326151,0.965736540920449,"cognps_random_slope"
"7935","ADO","Mic P2RY12",-0.0629812729023367,3.37382055278245,0.00805695888566566,0.980140541663293,0.999765323016076,0.999791880761836,"cognps_random_slope"
"7936","EGR2","Mic P2RY12",-0.299364892765533,2.39955109636789,0.056082097952898,0.812933914289336,0.994722648066717,0.999791880761836,"cognps_random_slope"
"7937","NRBF2","Mic P2RY12",0.0915397373095957,4.64033155531655,0.0486567813827241,0.934047285616144,0.999765323016076,0.999791880761836,"cognps_random_slope"
"7938","JMJD1C","Mic P2RY12",-0.0493858173424688,9.64819366568291,0.0902685629545418,0.764009617099342,0.98423652341729,0.996228907152627,"cognps_random_slope"
"7939","REEP3","Mic P2RY12",-0.609059913101527,6.3917804163343,4.834842525454,0.0285264587362702,0.325896009537053,0.418159305727706,"cognps_random_slope"
"7940","LINC01515","Mic P2RY12",1.14257129819841,2.93236994303435,0.528977935710456,0.467510074807073,0.872333961638762,0.911529415940973,"cognps_random_slope"
"7941","CTNNA3","Mic P2RY12",0.173258074723413,6.51172697473471,0.106925733221152,0.74386190426582,0.982072175094771,0.994674014762625,"cognps_random_slope"
"7942","LRRTM3","Mic P2RY12",1.80475210579028,4.2305051967137,6.25289534078504,0.0128433772432315,0.226168329088758,0.300883084827108,"cognps_random_slope"
"7943","DNAJC12","Mic P2RY12",1.04131514778004,2.97272266976359,1.56115751083967,0.212308393026282,0.692249336969635,0.75855669108994,"cognps_random_slope"
"7944","SIRT1","Mic P2RY12",-0.0164374409939242,5.82800338858934,0.00161437221636302,0.967972515573024,0.999765323016076,0.999791880761836,"cognps_random_slope"
"7945","HERC4","Mic P2RY12",-0.068304933087385,8.66730531989065,0.0435348333801422,0.834839580240666,0.999366959106503,0.999791880761836,"cognps_random_slope"
"7946","PBLD","Mic P2RY12",-0.0896889281772952,3.22146908246833,0.013271859516532,0.908348075608765,0.999765323016076,0.999791880761836,"cognps_random_slope"
"7947","HNRNPH3","Mic P2RY12",-0.498180439594428,6.51496966565266,3.67938761651374,0.055880649364093,0.439469825192612,0.532472206218714,"cognps_random_slope"
"7948","RUFY2","Mic P2RY12",0.695586361864527,5.95827348248796,6.71276593739652,0.0099621143802787,0.200153365532406,0.274231829918661,"cognps_random_slope"
"7949","DNA2","Mic P2RY12",-0.836979893007155,4.00894017961131,2.19310330788633,0.139505330062215,0.604240073936751,0.680672823696258,"cognps_random_slope"
"7950","SLC25A16","Mic P2RY12",-0.00411467800935834,5.83503383729468,0.000167588219624946,0.989678383109649,0.999765323016076,0.999791880761836,"cognps_random_slope"
"7951","TET1","Mic P2RY12",0.942405447629983,3.86701575923605,1.98604651554911,0.159618971520457,0.62960268995345,0.706937631044709,"cognps_random_slope"
"7952","CCAR1","Mic P2RY12",0.10127533342765,7.15126683027386,0.230491482588478,0.824880179657513,0.997442739805277,0.999791880761836,"cognps_random_slope"
"7953","DDX50","Mic P2RY12",0.291310701227082,5.96813019030215,0.829560573447324,0.363009694499206,0.809837342431141,0.86075447649186,"cognps_random_slope"
"7954","DDX21","Mic P2RY12",-0.922005561981113,6.5903776735852,2.46730363633767,0.117116550722024,0.573971293403957,0.653369898372925,"cognps_random_slope"
"7955","KIF1BP","Mic P2RY12",-0.64115080006196,4.73304765526823,2.24329962998503,0.135071531349736,0.597904562396194,0.675043375476584,"cognps_random_slope"
"7956","SRGN","Mic P2RY12",-0.909736129727591,8.97495296479221,1.09304460258371,0.296499810174223,0.76074936935569,0.821277884626097,"cognps_random_slope"
"7957","VPS26A","Mic P2RY12",-0.436597693003653,6.06626480333733,1.53536793561572,0.216116669633601,0.696867057208827,0.762258633604938,"cognps_random_slope"
"7958","SUPV3L1","Mic P2RY12",-0.52628298461997,4.7258817331258,1.78042345842568,0.460200655179875,0.866903145918681,0.907242372423074,"cognps_random_slope"
"7959","HK1","Mic P2RY12",-0.446061278201864,7.52962489058187,2.16326201651894,0.142218755621998,0.607546555336436,0.684569924324094,"cognps_random_slope"
"7960","TSPAN15","Mic P2RY12",-0.272077415600689,6.03964548012938,0.397576532893577,0.528743965860716,0.903903289513899,0.934139357377662,"cognps_random_slope"
"7961","H2AFY2","Mic P2RY12",1.75632431972043,4.51082631067698,12.2735693556087,0.000517353166412673,0.0480982081667594,0.0728759209831568,"cognps_random_slope"
"7962","AIFM2","Mic P2RY12",-1.09936411901502,3.60095158635041,2.83338318307465,0.0931915062880795,0.529074330715283,0.613677480768129,"cognps_random_slope"
"7963","TYSND1","Mic P2RY12",0.446351532442957,4.46278937797264,0.983172924558116,0.32208338371342,0.775913203455183,0.833522577167291,"cognps_random_slope"
"7964","SAR1A","Mic P2RY12",-0.190172737781094,5.12170149513105,0.262271892204087,0.608877964754806,0.93885760879533,0.961459183207151,"cognps_random_slope"
"7965","PPA1","Mic P2RY12",-0.792260774725148,5.92687936619568,1.16940929024001,0.280247255536609,0.750450717615308,0.811324991036345,"cognps_random_slope"
"7966","NPFFR1","Mic P2RY12",-4.51512239507313,2.63342043535427,13.1485150439702,0.000329291372286691,0.0383646777184693,0.058630048367351,"cognps_random_slope"
"7967","LRRC20","Mic P2RY12",0.239225572052833,4.04648744441087,0.1104893011906,0.7397814217417,0.980436558830992,0.994247512606934,"cognps_random_slope"
"7968","EIF4EBP2","Mic P2RY12",-0.543661489873738,5.4090162733906,2.08783374731844,0.149347219416893,0.616120740629385,0.693576099086525,"cognps_random_slope"
"7969","PALD1","Mic P2RY12",-0.0814890559474287,9.85484993744173,0.0829004384273179,0.773570494020008,0.9876732269781,0.998208143973629,"cognps_random_slope"
"7970","SGPL1","Mic P2RY12",-0.513791691427393,6.07125647272643,2.37348373233576,0.124290782802099,0.582740912932112,0.66123352413604,"cognps_random_slope"
"7971","PCBD1","Mic P2RY12",0.790364611145095,3.54613265936986,1.0496442872978,0.306277666352306,0.766753533621462,0.826318968993651,"cognps_random_slope"
"7972","UNC5B","Mic P2RY12",-0.620914512192616,6.06820738928729,2.06417779021322,0.151665619913726,0.620505255460884,0.697959053062859,"cognps_random_slope"
"7973","SLC29A3","Mic P2RY12",0.653152392388378,6.33059436830972,2.09513761361869,0.14863955045868,0.615096191273602,0.692359946452414,"cognps_random_slope"
"7974","CDH23","Mic P2RY12",0.700287663335341,6.33754276967559,1.75004796378314,0.186711249090748,0.662678630951465,0.73399090773867,"cognps_random_slope"
"7975","VSIR","Mic P2RY12",-0.0280162869756006,8.13434393953106,0.00756852773106874,0.930722088187766,0.999765323016076,0.999791880761836,"cognps_random_slope"
"7976","PSAP","Mic P2RY12",-0.127371219874821,8.76935578783374,0.233065567977211,0.629553751212504,0.947640749708162,0.9679212910507,"cognps_random_slope"
"7977","SPOCK2","Mic P2RY12",1.66056319225222,3.80714957244628,6.00203291970759,0.0147654666915935,0.240201140880766,0.320141252969229,"cognps_random_slope"
"7978","ASCC1","Mic P2RY12",-0.809157216370747,6.76789775054519,7.06815149997376,0.00819718460622914,0.180553911346833,0.249306338744326,"cognps_random_slope"
"7979","ANAPC16","Mic P2RY12",-0.682297714280793,7.71983422297047,3.38498295509286,0.0666168401416986,0.469213223209642,0.560515038951995,"cognps_random_slope"
"7980","DDIT4","Mic P2RY12",-2.01527406704333,6.93606315812786,4.10506056150151,0.0434928457918242,0.395366864683687,0.48915845656095,"cognps_random_slope"
"7981","DNAJB12","Mic P2RY12",0.417444150694449,5.16964104478869,1.60497746035199,0.206019093740276,0.687214537031122,0.753140282490449,"cognps_random_slope"
"7982","MICU1","Mic P2RY12",0.287713898403096,7.20870962845228,1.37785889880515,0.241242963364184,0.722596547171085,0.783692018594457,"cognps_random_slope"
"7983","MCU","Mic P2RY12",-0.50822070593205,6.41872983699986,2.69800861464201,0.101347718168663,0.542074332563011,0.6273410096216,"cognps_random_slope"
"7984","P4HA1","Mic P2RY12",0.302572410061268,8.39066077115898,0.167940243630943,0.682192900466785,0.96435306531175,0.980807278937802,"cognps_random_slope"
"7985","NUDT13","Mic P2RY12",-0.937893617712484,3.55622051230472,2.40134668852494,0.122110386397741,0.581048777697984,0.660503517595267,"cognps_random_slope"
"7986","ECD","Mic P2RY12",0.374817734488612,5.39731197245298,1.24585176834466,0.278192408896944,0.748913708851393,0.809498465776539,"cognps_random_slope"
"7987","FAM149B1","Mic P2RY12",0.0185863630887419,5.41390675809241,0.00314211866124851,0.955329436741196,0.999765323016076,0.999791880761836,"cognps_random_slope"
"7988","DNAJC9","Mic P2RY12",-0.254512938091563,5.34493889433334,0.549969435279017,0.778161539108205,0.98974576254745,0.999508397105588,"cognps_random_slope"
"7989","MRPS16","Mic P2RY12",0.064785924016311,5.29926921666354,0.0277021027617618,0.867904637929065,0.999765323016076,0.999791880761836,"cognps_random_slope"
"7990","CFAP70","Mic P2RY12",1.20126312005239,3.93162001111396,3.49297481664532,0.0624424105395484,0.458951274985886,0.550337820803018,"cognps_random_slope"
"7991","ANXA7","Mic P2RY12",-0.373226270127528,5.76154961150873,1.65951301816006,0.259518586771796,0.73417956118405,0.794951975376379,"cognps_random_slope"
"7992","MSS51","Mic P2RY12",-0.737962822457951,3.81081099821904,1.91865226563257,0.32623532514946,0.780252405238292,0.837115754123445,"cognps_random_slope"
"7993","PPP3CB","Mic P2RY12",-0.160777543362726,7.03064169663711,0.528478761740914,0.653363814691928,0.954614967366608,0.973494108193761,"cognps_random_slope"
"7994","USP54","Mic P2RY12",-0.0358220997571194,4.9908790494197,0.00572249697544432,0.939741857171301,0.999765323016076,0.999791880761836,"cognps_random_slope"
"7995","AC073389.2","Mic P2RY12",1.17941429495036,3.39164181878192,2.46533497477541,0.117262279099156,0.573971293403957,0.653369898372925,"cognps_random_slope"
"7996","AGAP5","Mic P2RY12",0.132974526545793,4.98168312485555,0.129244157394515,0.719428015897684,0.97571529536985,0.991415667493322,"cognps_random_slope"
"7997","AC022400.6","Mic P2RY12",0.0536385043859905,3.83214147098617,0.01001695766184,0.971761263782193,0.999765323016076,0.999791880761836,"cognps_random_slope"
"7998","SEC24C","Mic P2RY12",-0.36986050142661,5.44048847779574,1.25472257874642,0.310809521289462,0.769107077146114,0.828590863180361,"cognps_random_slope"
"7999","FUT11","Mic P2RY12",-0.307022922087875,5.09179472059583,0.344705853441506,0.557493830876956,0.917607693844485,0.945215806277844,"cognps_random_slope"
"8000","CHCHD1","Mic P2RY12",-0.461248338414896,3.64051077021774,0.648089161690371,0.42132859520249,0.842889500934136,0.88795521245212,"cognps_random_slope"
"8001","ZSWIM8","Mic P2RY12",0.200411313176682,6.26095028578082,0.477722039631738,0.489901862651416,0.883888768611236,0.918678554290124,"cognps_random_slope"
"8002","CAMK2G","Mic P2RY12",0.0823724585465207,6.70238696087838,0.10652504144728,0.744325403269071,0.982219019325995,0.994674014762625,"cognps_random_slope"
"8003","PLAU","Mic P2RY12",-0.387128260310079,3.55957042098721,0.230419605022204,0.631504696675731,0.94816590086444,0.968253819266966,"cognps_random_slope"
"8004","VCL","Mic P2RY12",0.825969138973271,5.85989943340132,4.82299544605536,0.0287204536165743,0.327281291594993,0.419116807486513,"cognps_random_slope"
"8005","AP3M1","Mic P2RY12",0.237764048793504,5.03229758095925,0.415040468322178,0.552313176309401,0.914110025407223,0.942200519874593,"cognps_random_slope"
"8006","ADK","Mic P2RY12",-0.187658525611004,8.71027365027148,0.667666372454057,0.414407374359943,0.839297845089759,0.885398564439652,"cognps_random_slope"
"8007","KAT6B","Mic P2RY12",-0.139990867525444,6.90803076023591,0.219875644103095,0.639418809325562,0.950271487556261,0.97040644005083,"cognps_random_slope"
"8008","SAMD8","Mic P2RY12",0.13413627195258,6.61109519333207,0.2315969307032,0.630634924953045,0.947968438507657,0.96794498691135,"cognps_random_slope"
"8009","VDAC2","Mic P2RY12",-0.267076558473971,5.10574156060026,0.469841005114871,0.493501916761956,0.884891066701007,0.920242911270336,"cognps_random_slope"
"8010","COMTD1","Mic P2RY12",-1.62070656044409,3.21986974423585,4.94541994256584,0.0267804694039015,0.316544504259598,0.407211199465947,"cognps_random_slope"
"8011","AC010997.3","Mic P2RY12",-0.656596231942442,3.61968358749012,0.314913837606638,0.575029889811653,0.924900775009009,0.950322446996267,"cognps_random_slope"
"8012","AC010997.5","Mic P2RY12",-0.0181518170242252,3.36815896567545,0.000571593293444552,0.980939239205144,0.999765323016076,0.999791880761836,"cognps_random_slope"
"8013","LRMDA","Mic P2RY12",0.402464436675316,12.2707175208513,2.99109787107178,0.0845814549895672,0.507375146962932,0.594787555439735,"cognps_random_slope"
"8014","KCNMA1","Mic P2RY12",-0.496065877088366,10.1004266384294,0.776483337771484,0.378807352829507,0.817109915520936,0.868092551741806,"cognps_random_slope"
"8015","KCNMA1-AS1","Mic P2RY12",-1.32498021875299,3.03671514188698,1.77734768295259,0.183319245555662,0.658975646376457,0.730974954200992,"cognps_random_slope"
"8016","DLG5","Mic P2RY12",0.813620178012417,3.51767015842791,1.05437487200813,0.305191811153568,0.76575088209492,0.825698953853018,"cognps_random_slope"
"8017","POLR3A","Mic P2RY12",0.25165656158023,5.37715904171204,0.542012401995044,0.645405391549101,0.951766738625207,0.971274584638841,"cognps_random_slope"
"8018","RPS24","Mic P2RY12",-0.543930197927791,6.5817114588856,1.88155591035119,0.171012555194364,0.64374484958574,0.720919606742136,"cognps_random_slope"
"8019","ZMIZ1-AS1","Mic P2RY12",0.845131480785169,3.22051155982698,0.826918969952274,0.363773979387622,0.8105977881233,0.861278653235162,"cognps_random_slope"
"8020","ZMIZ1","Mic P2RY12",-0.465785057889384,7.21776315141014,1.12615313040973,0.289309515514478,0.75452783964146,0.815536661445769,"cognps_random_slope"
"8021","PPIF","Mic P2RY12",-0.296600389914468,4.18623825908187,0.194831560904556,0.659190673670817,0.955612931885691,0.973592644066785,"cognps_random_slope"
"8022","ZCCHC24","Mic P2RY12",0.0927476379739046,5.26476986112817,0.0454246883879516,0.831345798610976,0.999283387674923,0.999791880761836,"cognps_random_slope"
"8023","NUTM2B-AS1","Mic P2RY12",-0.00305731564494887,7.66232172948579,0.00010230224691607,0.991935576686894,0.999765323016076,0.999791880761836,"cognps_random_slope"
"8024","AL135925.1","Mic P2RY12",0.171244336798092,3.42564616938044,0.057452736634578,0.931217177474327,0.999765323016076,0.999791880761836,"cognps_random_slope"
"8025","TMEM254-AS1","Mic P2RY12",-0.990246679229825,3.08499597523085,1.4296028494422,0.232617056249287,0.713984505367052,0.776521381336779,"cognps_random_slope"
"8026","TMEM254","Mic P2RY12",0.585239371610413,3.94738317477896,1.12510962936826,0.289532707374667,0.75452783964146,0.815536661445769,"cognps_random_slope"
"8027","ANXA11","Mic P2RY12",-0.205617471779198,6.41686260994646,0.515512159853816,0.473228526463214,0.8764220951206,0.913600729269488,"cognps_random_slope"
"8028","FAM213A","Mic P2RY12",-0.0353052636311115,4.83702640533759,0.00709014421586655,0.932941890099563,0.999765323016076,0.999791880761836,"cognps_random_slope"
"8029","TSPAN14","Mic P2RY12",0.0674077856911206,8.27165985554667,0.0427481149377235,0.836317296693828,0.999547866966635,0.999791880761836,"cognps_random_slope"
"8030","NRG3","Mic P2RY12",1.92850136545135,6.27731035801654,8.77915380529213,0.00324971166039594,0.115822835002569,0.166133218556976,"cognps_random_slope"
"8031","GHITM","Mic P2RY12",0.154416784730172,4.65817717100143,0.104954733259393,0.918119107486006,0.999765323016076,0.999791880761836,"cognps_random_slope"
"8032","CDHR1","Mic P2RY12",-9.08151178229912,3.33157987472584,76.2191814659546,9.67944296620126e-17,1.29714215190063e-12,2.18223041673007e-12,"cognps_random_slope"
"8033","CCSER2","Mic P2RY12",0.126419751777305,7.5531942118205,0.261327857345268,0.609523062058329,0.93885760879533,0.961460719578766,"cognps_random_slope"
"8034","GRID1","Mic P2RY12",1.78620407021494,3.90099939696231,7.8396206957479,0.00538722670730394,0.150339142820582,0.20831345952537,"cognps_random_slope"
"8035","WAPL","Mic P2RY12",-0.0358473363250771,7.40694224795843,0.0326472891686359,0.856716134718178,0.999765323016076,0.999791880761836,"cognps_random_slope"
"8036","LDB3","Mic P2RY12",1.26237907525738,2.64429508681482,1.22785698387834,0.268564740651213,0.742835106185119,0.802490666399151,"cognps_random_slope"
"8037","BMPR1A","Mic P2RY12",0.0262729743799365,7.5781276457499,0.0117797219831902,0.918536079729976,0.999765323016076,0.999791880761836,"cognps_random_slope"
"8038","SNCG","Mic P2RY12",2.6329399324142,3.51493761402979,7.47508799401105,0.00656531895951706,0.160863936801003,0.221747540920322,"cognps_random_slope"
"8039","GLUD1","Mic P2RY12",-0.323860035053954,6.40892209806819,1.27060673817626,0.260404414892629,0.73470989405828,0.795715081347276,"cognps_random_slope"
"8040","SHLD2","Mic P2RY12",0.182373963776568,6.6724281378933,0.302758039918861,0.582500107473858,0.927859733775962,0.9522571873954,"cognps_random_slope"
"8041","NUTM2A-AS1","Mic P2RY12",-0.0984676928167017,7.95013476946117,0.0770240016885112,0.781531121349019,0.990020960532974,0.999508397105588,"cognps_random_slope"
"8042","MINPP1","Mic P2RY12",-0.964802732537388,4.01895680300051,3.05861712684547,0.0811631336531146,0.503937109508405,0.592113078775718,"cognps_random_slope"
"8043","PAPSS2","Mic P2RY12",-0.82291157933843,3.80175191204106,0.755047989910911,0.38546222793434,0.821336297323943,0.870877549352018,"cognps_random_slope"
"8044","ATAD1","Mic P2RY12",0.00228005924625435,5.93023907102412,4.31307475864578e-05,0.9947636518002,0.999765323016076,0.999791880761836,"cognps_random_slope"
"8045","PTEN","Mic P2RY12",-0.526381196957924,8.42472244335915,4.93032439852957,0.0270120896592916,0.317255927716184,0.408168606815502,"cognps_random_slope"
"8046","RNLS","Mic P2RY12",0.00424914130773307,6.29945609032769,0.000140865942623219,0.990536954374047,0.999765323016076,0.999791880761836,"cognps_random_slope"
"8047","ANKRD22","Mic P2RY12",-1.25142284043893,5.71971941168793,2.38509258860107,0.123377112863031,0.581585286973743,0.660864338941303,"cognps_random_slope"
"8048","STAMBPL1","Mic P2RY12",-0.568185384371543,7.18698078876942,2.14275747498418,0.144117724139433,0.609827374658516,0.68699278012833,"cognps_random_slope"
"8049","ACTA2","Mic P2RY12",0.644027592071779,5.05667842415686,1.21036039732808,0.271996631491115,0.744483269496792,0.80416304335908,"cognps_random_slope"
"8050","FAS","Mic P2RY12",0.0515413845092018,4.42112746564526,0.00922954507364575,0.923518075554688,0.999765323016076,0.999791880761836,"cognps_random_slope"
"8051","CH25H","Mic P2RY12",-0.448954471644655,5.06336200606597,0.131756925196306,0.716830558783776,0.975412307559,0.990827860187382,"cognps_random_slope"
"8052","LIPA","Mic P2RY12",0.00107939952854116,6.74349119532787,7.63251872758965e-06,0.997797217888722,0.999765323016076,0.999791880761836,"cognps_random_slope"
"8053","IFIT2","Mic P2RY12",3.61000383716873,3.81208376546881,7.88294185410109,0.00526242763028944,0.148786740821109,0.206777379898405,"cognps_random_slope"
"8054","IFIT3","Mic P2RY12",4.77997704647401,4.20308956538613,13.0824996405632,0.000340675818856641,0.0383646777184693,0.058630048367351,"cognps_random_slope"
"8055","IFIT1","Mic P2RY12",3.18287138630733,3.87832576613436,8.00921953575045,0.00491527510391172,0.143735959390897,0.200751589162482,"cognps_random_slope"
"8056","IFIT5","Mic P2RY12",-0.798954542435808,3.20232983222281,1.13797603561186,0.286796015337712,0.754255972880221,0.814647163364235,"cognps_random_slope"
"8057","PANK1","Mic P2RY12",-0.00846401418304634,4.22875156613758,0.0002479014671188,0.987446647881952,0.999765323016076,0.999791880761836,"cognps_random_slope"
"8058","AL157400.3","Mic P2RY12",0.770310380001861,3.29306954824294,0.991978792572279,0.319928884755831,0.774041290465206,0.832055998512576,"cognps_random_slope"
"8059","KIF20B","Mic P2RY12",0.379105860497818,5.25225808563458,0.623888202191074,0.430126551942296,0.848539072954323,0.891930865479931,"cognps_random_slope"
"8060","LINC00865","Mic P2RY12",0.379251233612396,4.88691039191282,0.370137104529077,0.54331359652769,0.910123298286075,0.939292860686914,"cognps_random_slope"
"8061","LINC01374","Mic P2RY12",0.436309215775148,4.75358857492021,0.493844313444529,0.482672070986396,0.881328830408547,0.916739510069731,"cognps_random_slope"
"8062","HTR7","Mic P2RY12",0.555567328662933,4.24487986646509,0.586230813756193,0.44438256110734,0.85802776256953,0.899174729865821,"cognps_random_slope"
"8063","RPP30","Mic P2RY12",0.260242347906991,4.68150976661208,0.403632387516063,0.525623306855996,0.901212632443347,0.932717627160049,"cognps_random_slope"
"8064","PCGF5","Mic P2RY12",-0.344206275707017,6.24972883194918,1.29079698593123,0.256657661602026,0.731824845243249,0.792916016044342,"cognps_random_slope"
"8065","HECTD2","Mic P2RY12",-0.222873302023001,7.62784323164493,0.576590647768991,0.448149219055342,0.860161513113812,0.901360650285342,"cognps_random_slope"
"8066","PPP1R3C","Mic P2RY12",0.0599142524112034,2.83715894580727,0.00378303922802184,0.950990072352942,0.999765323016076,0.999791880761836,"cognps_random_slope"
"8067","TNKS2","Mic P2RY12",-0.33121209781541,7.16712248076545,2.10968895392515,0.147240978209644,0.613906387967251,0.691886074221781,"cognps_random_slope"
"8068","BTAF1","Mic P2RY12",0.0127806782844776,7.66626290903502,0.00317594518991568,0.955089883382418,0.999765323016076,0.999791880761836,"cognps_random_slope"
"8069","CPEB3","Mic P2RY12",-0.599098127785826,8.38815418766079,7.87896370819009,0.00527376329303982,0.148786740821109,0.206777379898405,"cognps_random_slope"
"8070","MARCH5","Mic P2RY12",0.0395716710290336,5.855701921936,0.0192886214651499,0.91305681893121,0.999765323016076,0.999791880761836,"cognps_random_slope"
"8071","IDE","Mic P2RY12",-0.111426067038687,6.15455978535357,0.149467097858302,0.699273788940764,0.969804265685207,0.98522366711326,"cognps_random_slope"
"8072","HHEX","Mic P2RY12",-0.342480334041369,4.5646672101574,0.551880281124535,0.458035414633617,0.865885529716198,0.906401036312938,"cognps_random_slope"
"8073","EXOC6","Mic P2RY12",-0.132471895853854,7.72107153994242,0.343480178787948,0.558194890347064,0.917801489268667,0.945215806277844,"cognps_random_slope"
"8074","CYP26C1","Mic P2RY12",0.0623283190648345,3.14231987113952,0.00330235573433695,0.954205803937556,0.999765323016076,0.999791880761836,"cognps_random_slope"
"8075","MYOF","Mic P2RY12",-0.194083343460638,7.9573935147943,0.637171139774484,0.425263816850082,0.845794064946268,0.889679601843758,"cognps_random_slope"
"8076","CEP55","Mic P2RY12",0.186714006384173,2.20996341946519,0.0277430991663557,0.867807832306802,0.999765323016076,0.999791880761836,"cognps_random_slope"
"8077","FFAR4","Mic P2RY12",0.33311946890398,4.74727155592117,0.302925740045412,0.582395727498222,0.927859733775962,0.9522571873954,"cognps_random_slope"
"8078","FRA10AC1","Mic P2RY12",0.0925524293775753,5.81160053930958,0.09667233008834,0.756040250830113,0.983190954097967,0.995414674993652,"cognps_random_slope"
"8079","LGI1","Mic P2RY12",0.319537573155786,3.23284363458791,0.160184876295261,0.689223997233538,0.967043650386722,0.983568942804121,"cognps_random_slope"
"8080","SLC35G1","Mic P2RY12",1.03836461652662,3.90976231427991,2.77408278741194,0.0966723327961573,0.535179851573405,0.621035493568437,"cognps_random_slope"
"8081","PLCE1","Mic P2RY12",0.749003914581507,3.19910649028092,0.818079523002935,0.36634776697745,0.811562709840244,0.862405100667332,"cognps_random_slope"
"8082","NOC3L","Mic P2RY12",-0.251807384641633,5.02821301193136,0.327643471393012,0.567407656808618,0.922925953141032,0.948745471623017,"cognps_random_slope"
"8083","TBC1D12","Mic P2RY12",-0.109729660969706,8.09588797023752,0.196624832948214,0.657725731381897,0.955612931885691,0.973592644066785,"cognps_random_slope"
"8084","HELLS","Mic P2RY12",-0.3555929746155,4.60260095736514,0.520752259908022,0.641225419149579,0.950874323474461,0.970806423495585,"cognps_random_slope"
"8085","SORBS1","Mic P2RY12",1.30930985173031,4.76441496507522,5.38348533473093,0.0208872720478909,0.28576288786566,0.37273301331144,"cognps_random_slope"
"8086","ALDH18A1","Mic P2RY12",0.140448269769155,4.86187769036801,0.0713197339955587,0.789577927844688,0.990886185623222,0.999791880761836,"cognps_random_slope"
"8087","TCTN3","Mic P2RY12",0.0401418735353731,4.70924980159198,0.00672809218043157,0.93467250659445,0.999765323016076,0.999791880761836,"cognps_random_slope"
"8088","ENTPD1","Mic P2RY12",0.228856965849964,9.17694197157546,0.726400053838655,0.394619788584169,0.826555140171374,0.876263482087077,"cognps_random_slope"
"8089","ENTPD1-AS1","Mic P2RY12",0.0624784267225784,7.85895286147966,0.0340505807768518,0.853703279557271,0.999765323016076,0.999791880761836,"cognps_random_slope"
"8090","AL365273.2","Mic P2RY12",-0.548225431978599,7.32665211100177,3.19757465570845,0.0745893039054202,0.485665771203642,0.574597093093313,"cognps_random_slope"
"8091","CC2D2B","Mic P2RY12",-1.32891152260757,6.23135587532643,5.38261655432189,0.0208975173575365,0.28576288786566,0.37273301331144,"cognps_random_slope"
"8092","CCNJ","Mic P2RY12",-0.418222837641452,3.83163147013078,0.495164017407612,0.482088094983374,0.881328830408547,0.916739510069731,"cognps_random_slope"
"8093","ZNF518A","Mic P2RY12",0.428002227023394,7.16621927309637,3.33427260029581,0.0686794364956987,0.476194434061847,0.566910088266855,"cognps_random_slope"
"8094","BLNK","Mic P2RY12",0.353745562539185,9.12355851844435,0.890913129175076,0.345863655183349,0.795476701806109,0.84730906678079,"cognps_random_slope"
"8095","OPALIN","Mic P2RY12",-0.734759210754081,2.95949791813623,0.469467239804358,0.493673753940927,0.884891066701007,0.920292095225767,"cognps_random_slope"
"8096","TM9SF3","Mic P2RY12",-0.339532743146912,7.1211408442136,2.34289741682449,0.126734403189197,0.586048218474269,0.664162510437111,"cognps_random_slope"
"8097","PIK3AP1","Mic P2RY12",-0.0358200428528033,8.75303822640756,0.0104376730400634,0.918682703755653,0.999765323016076,0.999791880761836,"cognps_random_slope"
"8098","LCOR","Mic P2RY12",-0.19734772728454,8.34129198809985,0.873447068997306,0.350629873172582,0.799489289678521,0.851202827485505,"cognps_random_slope"
"8099","SLIT1","Mic P2RY12",1.97672644082885,4.19173934743236,14.6121598244659,0.000155594089682507,0.0285632382991134,0.0438483593986516,"cognps_random_slope"
"8100","ARHGAP19-SLIT1","Mic P2RY12",0.46843864146657,3.44228237597886,0.39229952434697,0.531490491669967,0.905503589823643,0.935221650609795,"cognps_random_slope"
"8101","FRAT1","Mic P2RY12",-1.26976426061856,3.33902941966496,2.71786935394209,0.100103661055101,0.54005199750379,0.625335837763165,"cognps_random_slope"
"8102","FRAT2","Mic P2RY12",0.120584514256618,3.87282078359764,0.0313637438961869,0.859531017482227,0.999765323016076,0.999791880761836,"cognps_random_slope"
"8103","RRP12","Mic P2RY12",-0.16282141445088,4.64810968769108,0.0722701634190018,0.788213810536903,0.990886185623222,0.999791880761836,"cognps_random_slope"
"8104","PGAM1","Mic P2RY12",0.0232917112201225,5.35382709110893,0.0022046527029685,0.962576168395764,0.999765323016076,0.999791880761836,"cognps_random_slope"
"8105","EXOSC1","Mic P2RY12",0.193922924342196,5.41309449037748,0.325752054077716,0.694511958845271,0.969192414920907,0.984989885855413,"cognps_random_slope"
"8106","ZDHHC16","Mic P2RY12",-0.553714158058452,4.07018801292202,1.13401087687133,0.28763587607852,0.754255972880221,0.814647163364235,"cognps_random_slope"
"8107","MMS19","Mic P2RY12",-0.462170856054841,5.75932474149057,2.48259577424748,0.115991379377333,0.571680939696817,0.651313984573346,"cognps_random_slope"
"8108","UBTD1","Mic P2RY12",-0.453921727246718,5.52096810049093,1.44985567501607,0.229343017671972,0.710783020310382,0.77287568511429,"cognps_random_slope"
"8109","MORN4","Mic P2RY12",1.62320306717009,3.00109538923908,3.29716186974607,0.0702323157287822,0.47989795504723,0.571324005269914,"cognps_random_slope"
"8110","PI4K2A","Mic P2RY12",-0.0727042430969938,3.82514508696114,0.017461698379706,0.894945306632551,0.999765323016076,0.999791880761836,"cognps_random_slope"
"8111","AVPI1","Mic P2RY12",0.740909951364965,3.05810469761077,0.313860203755077,0.57566982731348,0.924900775009009,0.950322446996267,"cognps_random_slope"
"8112","MARVELD1","Mic P2RY12",-0.48667697096345,3.81585615001777,0.619976141200657,0.865276495744196,0.999765323016076,0.999791880761836,"cognps_random_slope"
"8113","ZFYVE27","Mic P2RY12",0.0561914225907877,5.38140158648273,0.0290554590478448,0.864746903246165,0.999765323016076,0.999791880761836,"cognps_random_slope"
"8114","GOLGA7B","Mic P2RY12",0.920001061340325,2.93299211454449,1.10217020976182,0.294495304731041,0.759494537717796,0.819982295314476,"cognps_random_slope"
"8115","CRTAC1","Mic P2RY12",-0.168039508403692,2.70306519540126,0.0244867043062995,0.875740691574015,0.999765323016076,0.999791880761836,"cognps_random_slope"
"8116","R3HCC1L","Mic P2RY12",-0.144047597860197,7.40845660845175,0.277148579298996,0.598900786026138,0.936283425111275,0.958949202974935,"cognps_random_slope"
"8117","PYROXD2","Mic P2RY12",0.320428875155869,3.78397046089732,0.318633670112123,0.572781809495651,0.924344761669553,0.949939121603617,"cognps_random_slope"
"8118","HPS1","Mic P2RY12",0.460998348979197,6.12696049597397,2.55008898287301,0.111166328758825,0.562522788563886,0.645849959741549,"cognps_random_slope"
"8119","HPSE2","Mic P2RY12",0.210090984042761,3.24711350198845,0.0779581643852901,0.780244250548425,0.990020960532974,0.999508397105588,"cognps_random_slope"
"8120","CNNM1","Mic P2RY12",1.88045119157715,2.89790172826336,3.97739877696978,0.0468692970697695,0.407589519813096,0.501503703102968,"cognps_random_slope"
"8121","GOT1","Mic P2RY12",1.15015906874472,4.84304586258856,4.88628569403611,0.0276998378958965,0.321947552162107,0.413845490631536,"cognps_random_slope"
"8122","AL391684.1","Mic P2RY12",-0.222411125336727,4.00758033164285,0.166889129980492,0.683134606638899,0.964971736435953,0.98147270626268,"cognps_random_slope"
"8123","SLC25A28","Mic P2RY12",0.62145300865776,5.35176926461998,3.46594591141877,0.0634602335307986,0.461223551646936,0.55369831592915,"cognps_random_slope"
"8124","ENTPD7","Mic P2RY12",-0.872252214577131,3.04336451635451,1.0335608479478,0.310007251222798,0.768573804238758,0.82799591029712,"cognps_random_slope"
"8125","CUTC","Mic P2RY12",-0.512380792744029,5.25431452926996,2.33292367615216,0.127542788662867,0.587972145635143,0.665657920588163,"cognps_random_slope"
"8126","COX15","Mic P2RY12",0.468778866189007,4.95573215038215,1.60969646607976,0.205355066256289,0.686617575573983,0.753016420479256,"cognps_random_slope"
"8127","ABCC2","Mic P2RY12",-0.0385285475452603,3.3164922160362,0.00340388879108067,0.953507935982239,0.999765323016076,0.999791880761836,"cognps_random_slope"
"8128","DNMBP","Mic P2RY12",-0.428780159801236,4.4511437039906,0.729275573821042,0.393686576600828,0.825891329528442,0.875571063378283,"cognps_random_slope"
"8129","ERLIN1","Mic P2RY12",-0.127083385490415,5.22865285019145,0.109869693682169,0.740485606910154,0.980558065039819,0.994434240964499,"cognps_random_slope"
"8130","CHUK","Mic P2RY12",-0.24269172517607,5.42043287128565,0.551331836685479,0.45825872327269,0.866155113201564,0.906744156238616,"cognps_random_slope"
"8131","CWF19L1","Mic P2RY12",0.145271213840964,5.45250616224034,0.212583784576013,0.645028469796933,0.951566107854326,0.971031440409445,"cognps_random_slope"
"8132","BLOC1S2","Mic P2RY12",0.0707197236893987,4.59432644750459,0.022568217921146,0.979816575303098,0.999765323016076,0.999791880761836,"cognps_random_slope"
"8133","SCD","Mic P2RY12",0.234805501559977,4.37671118939279,0.12441152386395,0.724504864132623,0.976701705810179,0.992103026315284,"cognps_random_slope"
"8134","OLMALINC","Mic P2RY12",0.604610154639443,5.31507999319764,1.50590796434091,0.220567277408553,0.701565113249527,0.766222040296345,"cognps_random_slope"
"8135","SEC31B","Mic P2RY12",0.354755213585625,4.99468373332777,0.733073291396425,0.392458943563957,0.825293567800476,0.874623554902867,"cognps_random_slope"
"8136","HIF1AN","Mic P2RY12",0.204383089344889,5.16033359173088,0.362776708937204,0.547347719886173,0.911747270875649,0.940046630323137,"cognps_random_slope"
"8137","SLF2","Mic P2RY12",-0.0610641765245024,6.81600038654352,0.0632267813481136,0.801610328737663,0.992196422862696,0.999791880761836,"cognps_random_slope"
"8138","MRPL43","Mic P2RY12",0.06264560433194,4.0364115885287,0.0125459729141044,0.910878914321272,0.999765323016076,0.999791880761836,"cognps_random_slope"
"8139","LZTS2","Mic P2RY12",-0.522323446827946,4.64091873019661,1.23062268067535,0.268027235384532,0.742629786098211,0.802125833574982,"cognps_random_slope"
"8140","SFXN3","Mic P2RY12",-0.37888717165384,4.19630697182139,0.593676176702431,0.612471383186949,0.940399122416995,0.963142172997874,"cognps_random_slope"
"8141","BTRC","Mic P2RY12",-0.211818825382058,7.3694138534395,0.80764987417697,0.440476826533647,0.855818037073943,0.897260497291077,"cognps_random_slope"
"8142","DPCD","Mic P2RY12",0.499163515980042,3.1785719614417,0.370085853287372,0.543341495971969,0.910123298286075,0.939292860686914,"cognps_random_slope"
"8143","POLL","Mic P2RY12",0.195627823328446,4.85285973066095,0.220326022983775,0.639076070841375,0.950271487556261,0.970357720549608,"cognps_random_slope"
"8144","FBXW4","Mic P2RY12",-0.179354136191979,7.2730554937238,0.576329575013778,0.509975735070712,0.893007294614218,0.927586369492823,"cognps_random_slope"
"8145","NPM3","Mic P2RY12",-0.218621186428451,2.76110387716142,0.0568697721658042,0.857380636591612,0.999765323016076,0.999791880761836,"cognps_random_slope"
"8146","OGA","Mic P2RY12",0.424981763092529,7.50514697379063,2.5374223843191,0.112054663000047,0.564329822206441,0.647351219946283,"cognps_random_slope"
"8147","KCNIP2","Mic P2RY12",1.070300967408,4.07475126535952,3.94365436016097,0.0478073939040818,0.411696450163264,0.504832644293922,"cognps_random_slope"
"8148","ARMH3","Mic P2RY12",-0.132802785657695,8.26662634357973,0.378891523016818,0.538586413461608,0.908920850232667,0.938176904122243,"cognps_random_slope"
"8149","LDB1","Mic P2RY12",0.533180320289944,4.62701822336906,1.55163401516707,0.311503168213571,0.769107077146114,0.82860725412079,"cognps_random_slope"
"8150","PPRC1","Mic P2RY12",-0.362595899389226,5.01135768139742,0.521818293413608,0.470536544747183,0.87405585730193,0.912301892098834,"cognps_random_slope"
"8151","NOLC1","Mic P2RY12",-0.0965056353956619,4.39082576787793,0.0290722872725686,0.864708120256052,0.999765323016076,0.999791880761836,"cognps_random_slope"
"8152","GBF1","Mic P2RY12",0.133823513636662,7.54594621083953,0.34350046432185,0.558183273783642,0.917801489268667,0.945215806277844,"cognps_random_slope"
"8153","NFKB2","Mic P2RY12",-0.232671075597743,4.28674926219407,0.101722769337755,0.749957121020961,0.982244103840787,0.994674014762625,"cognps_random_slope"
"8154","PSD","Mic P2RY12",0.576348067195448,3.55809945716257,0.751447007012941,0.38659648630115,0.822476506258407,0.871843331365352,"cognps_random_slope"
"8155","FBXL15","Mic P2RY12",-0.248446098878483,4.55710498786584,0.350261452604471,0.554337024902743,0.915359234893125,0.94331516081776,"cognps_random_slope"
"8156","CUEDC2","Mic P2RY12",-0.0911016137078287,4.21619277209535,0.0330426488539498,0.855860641788794,0.999765323016076,0.999791880761836,"cognps_random_slope"
"8157","MFSD13A","Mic P2RY12",0.111042665371375,4.18325689969264,0.040487776303788,0.84064363725448,0.999765323016076,0.999791880761836,"cognps_random_slope"
"8158","ACTR1A","Mic P2RY12",-0.221063274756377,5.15660653739279,0.430327598897599,0.779787017902425,0.990020960532974,0.999508397105588,"cognps_random_slope"
"8159","SUFU","Mic P2RY12",-0.0229624426724929,7.29459566304177,0.0100263804361283,0.920295473273921,0.999765323016076,0.999791880761836,"cognps_random_slope"
"8160","TRIM8","Mic P2RY12",-0.333641271735898,5.90433554893479,1.00263063312646,0.317348060786442,0.772390367344553,0.831061915487319,"cognps_random_slope"
"8161","ARL3","Mic P2RY12",-0.166291556369685,5.30361392548438,0.214714097008782,0.886181276897693,0.999765323016076,0.999791880761836,"cognps_random_slope"
"8162","SFXN2","Mic P2RY12",0.867483080792904,5.44156788748928,4.50466392055004,0.034485474467241,0.353858991834224,0.44686153090401,"cognps_random_slope"
"8163","WBP1L","Mic P2RY12",-0.343117404274727,6.91309699037591,0.958594450682195,0.328199425762809,0.781740405134397,0.838554421741862,"cognps_random_slope"
"8164","BORCS7-ASMT","Mic P2RY12",-0.554396689639032,3.80717659906612,0.704566690206549,0.401811088423121,0.829881589272977,0.878039616226327,"cognps_random_slope"
"8165","CNNM2","Mic P2RY12",0.240365742725202,6.60582786676523,0.417230749878683,0.518734035814169,0.896194283547793,0.929493308294961,"cognps_random_slope"
"8166","NT5C2","Mic P2RY12",-0.42527995318906,8.04977376471814,3.29916114685908,0.0701477021007361,0.479799497434945,0.571137574525495,"cognps_random_slope"
"8167","INA","Mic P2RY12",1.40307653834925,3.80995619507058,3.34191876872036,0.06836409436467,0.475712429485823,0.566566804202173,"cognps_random_slope"
"8168","PCGF6","Mic P2RY12",-0.442749155601058,4.68585472813117,1.26161166947638,0.262095503073734,0.735568971034788,0.796102978755634,"cognps_random_slope"
"8169","TAF5","Mic P2RY12",0.534807717338976,3.64093424766151,0.822660666209705,0.365010725572325,0.811562709840244,0.861939506807402,"cognps_random_slope"
"8170","ATP5MD","Mic P2RY12",-0.581732277359457,4.44355187150148,1.27793162240595,0.25903732717754,0.733799859860673,0.794637250365552,"cognps_random_slope"
"8171","PDCD11","Mic P2RY12",0.538698404796407,5.0215435858421,1.25744717210096,0.262883060533733,0.736699266878408,0.79650289375661,"cognps_random_slope"
"8172","CALHM2","Mic P2RY12",-3.46518952781864,3.43585890005643,23.6992194629294,1.68945683215077e-06,0.0021026795388741,0.00353741587970424,"cognps_random_slope"
"8173","NEURL1","Mic P2RY12",1.06082250637316,2.87280653205632,1.40854268628766,0.23608186171261,0.717034210514582,0.779510609678998,"cognps_random_slope"
"8174","SH3PXD2A","Mic P2RY12",0.120067173102043,5.9139674961735,0.0410561727269059,0.839544115825058,0.999765323016076,0.999791880761836,"cognps_random_slope"
"8175","STN1","Mic P2RY12",0.18943197174966,4.89064491757854,0.179932273486352,0.671685075023819,0.961372041791375,0.978491859421814,"cognps_random_slope"
"8176","SLK","Mic P2RY12",-0.205078308796742,5.9389272872495,0.525195439631665,0.46910506118424,0.873121795129168,0.911773055538053,"cognps_random_slope"
"8177","GSTO1","Mic P2RY12",-0.606262558339698,4.94748265544753,2.27656986152674,0.132220086426052,0.592633394995828,0.670052632173139,"cognps_random_slope"
"8178","GSTO2","Mic P2RY12",1.00142634212433,2.86858517447242,1.16870472723713,0.280391952571445,0.750450717615308,0.811324991036345,"cognps_random_slope"
"8179","ITPRIP","Mic P2RY12",-1.05731168476929,5.73289721801111,6.14729025828468,0.0136188959285403,0.232878301111938,0.309632434303005,"cognps_random_slope"
"8180","SORCS3","Mic P2RY12",2.76671524981971,3.2880223835228,12.4240520984667,0.000478576813688962,0.0464739701467086,0.0705197010759324,"cognps_random_slope"
"8181","AL731574.1","Mic P2RY12",0.344933603020328,3.75640611180093,0.163509924303819,0.686185736080897,0.966042439111255,0.982470659214122,"cognps_random_slope"
"8182","SORCS1","Mic P2RY12",0.441441340750457,5.02892386114046,0.58715949644129,0.444022297896038,0.85802776256953,0.899122129790312,"cognps_random_slope"
"8183","XPNPEP1","Mic P2RY12",-0.174453075525192,5.76271662354977,0.266886986768812,0.689984192664796,0.967087387252322,0.983774153785057,"cognps_random_slope"
"8184","ADD3","Mic P2RY12",-0.204609717674822,4.90926182062493,0.185432314575403,0.667003730042564,0.959123036559146,0.976330303105061,"cognps_random_slope"
"8185","MXI1","Mic P2RY12",-0.0667711424486137,5.25770846404675,0.0104941177736109,0.918463894916001,0.999765323016076,0.999791880761836,"cognps_random_slope"
"8186","SMNDC1","Mic P2RY12",-0.42845573805882,4.65092799821185,1.17583479924682,0.278931990477321,0.749241852953814,0.810167704884205,"cognps_random_slope"
"8187","DUSP5","Mic P2RY12",2.60699132610768,2.54043921500048,4.90313978252759,0.0274344928319543,0.319973575666683,0.41173890122736,"cognps_random_slope"
"8188","SMC3","Mic P2RY12",-0.279180702062013,5.64982885051847,0.992405945480479,0.319824859175479,0.774041290465206,0.832055998512576,"cognps_random_slope"
"8189","PDCD4","Mic P2RY12",-0.263338865215612,6.52206987325929,0.214940169357829,0.643203070061548,0.951443629329721,0.970883120121208,"cognps_random_slope"
"8190","BBIP1","Mic P2RY12",-0.0351445251454194,4.69338913564695,0.00704862685280384,0.965104066619884,0.999765323016076,0.999791880761836,"cognps_random_slope"
"8191","SHOC2","Mic P2RY12",-0.335184072539354,6.97401098854611,1.75253989632921,0.186398609166078,0.662501534398554,0.733891075474872,"cognps_random_slope"
"8192","GPAM","Mic P2RY12",-0.00239382610599508,3.69335999401556,4.04848812742331e-05,0.994926803874457,0.999765323016076,0.999791880761836,"cognps_random_slope"
"8193","ACSL5","Mic P2RY12",-0.515908105775106,4.76279823864276,1.33155703913207,0.249294685450948,0.729301365236868,0.789201257695949,"cognps_random_slope"
"8194","AL157786.1","Mic P2RY12",-0.135587267329282,3.44828693611285,0.034670002295535,0.852393829587097,0.999765323016076,0.999791880761836,"cognps_random_slope"
"8195","ZDHHC6","Mic P2RY12",-0.212891229890896,4.95984455430912,0.329432301909146,0.566352351027289,0.922925953141032,0.948745471623017,"cognps_random_slope"
"8196","VTI1A","Mic P2RY12",0.105905204233205,9.04540414299654,0.227068347419127,0.633995567129398,0.949404519628462,0.969050966350658,"cognps_random_slope"
"8197","TCF7L2","Mic P2RY12",-0.0361608545018479,7.62702309091928,0.0193989438498589,0.889306785500594,0.999765323016076,0.999791880761836,"cognps_random_slope"
"8198","CASP7","Mic P2RY12",-0.0827728485973191,4.38571472461787,0.0212484704149764,0.884185772098564,0.999765323016076,0.999791880761836,"cognps_random_slope"
"8199","NHLRC2","Mic P2RY12",-0.147718639112873,6.76104265083006,0.308262105691644,0.579093770946792,0.926619179039757,0.951579377988005,"cognps_random_slope"
"8200","ADRB1","Mic P2RY12",1.3504937652871,3.20987154248156,2.43637583442055,0.119429372741839,0.576747035716534,0.656197996389348,"cognps_random_slope"
"8201","CCDC186","Mic P2RY12",-0.463386077502726,5.3805513888841,2.13125354316286,0.145195665439501,0.612068924993631,0.689144479438642,"cognps_random_slope"
"8202","ABLIM1","Mic P2RY12",2.57779478007799,3.76741183642396,12.1048499489113,0.000564636365463541,0.0500182916049129,0.0761335696356081,"cognps_random_slope"
"8203","FAM160B1","Mic P2RY12",0.369088448406496,4.95554714859437,1.0177281339945,0.313736783627806,0.770261998566852,0.829537614030808,"cognps_random_slope"
"8204","TRUB1","Mic P2RY12",0.548729685733044,4.23220574339137,1.30230281146414,0.397480808041507,0.828429241452076,0.876968316775435,"cognps_random_slope"
"8205","ATRNL1","Mic P2RY12",1.66376893793226,5.86759966186757,6.8717610973688,0.00912860989396109,0.191181134368775,0.262039569451108,"cognps_random_slope"
"8206","HSPA12A","Mic P2RY12",0.880889039910246,4.30492193599073,2.74079910027017,0.0986881521850476,0.537484114202283,0.623301366148007,"cognps_random_slope"
"8207","ENO4","Mic P2RY12",-0.999104268343341,4.29415943520808,1.65035984274728,0.199736819964684,0.678298769892411,0.746194351479793,"cognps_random_slope"
"8208","SHTN1","Mic P2RY12",-0.442569340716036,9.12041041828187,1.90453613006077,0.168428766295045,0.639771512789088,0.717540917634504,"cognps_random_slope"
"8209","PDZD8","Mic P2RY12",0.248565298434057,5.97819164873736,0.726101505985281,0.609106208111073,0.93885760879533,0.961460719578766,"cognps_random_slope"
"8210","RAB11FIP2","Mic P2RY12",0.386079069410947,6.28839454566504,1.6379773951084,0.258482738355089,0.733799859860673,0.794585947125099,"cognps_random_slope"
"8211","AC022395.1","Mic P2RY12",-0.793442520611678,2.70979001526273,0.652494994643444,0.419756028691565,0.841798121403394,0.887249171840553,"cognps_random_slope"
"8212","CASC2","Mic P2RY12",0.925126278527824,3.19765791926431,1.10919966351682,0.292963086868594,0.757810479807648,0.818749571520077,"cognps_random_slope"
"8213","FAM204A","Mic P2RY12",-0.227457437898696,5.82037731011999,0.783876602759905,0.514510245803613,0.894942542151003,0.92830484233112,"cognps_random_slope"
"8214","CACUL1","Mic P2RY12",-0.197465905824167,7.30605111669023,0.582049269773326,0.446010332712665,0.858959833091086,0.900203449627804,"cognps_random_slope"
"8215","EIF3A","Mic P2RY12",0.0695874823158687,7.0717629354951,0.0601429998702433,0.806409949543302,0.993231645669267,0.999791880761836,"cognps_random_slope"
"8216","FAM45A","Mic P2RY12",-0.743423112682351,5.0093197831041,4.14512472510607,0.0424870063841005,0.391857104303737,0.484506605427185,"cognps_random_slope"
"8217","SFXN4","Mic P2RY12",-0.0242166478126555,5.27404863967743,0.00401807697145435,0.949492518423219,0.999765323016076,0.999791880761836,"cognps_random_slope"
"8218","PRDX3","Mic P2RY12",0.243245265073809,4.40668096140731,0.275536022039375,0.599965540466427,0.936283425111275,0.959054741582592,"cognps_random_slope"
"8219","GRK5","Mic P2RY12",0.22219598430437,7.33453605018431,0.494311471176297,0.482465217968052,0.881328830408547,0.916739510069731,"cognps_random_slope"
"8220","RGS10","Mic P2RY12",-0.181650815647276,7.91212693157329,0.327307861539129,0.56760607324246,0.922925953141032,0.948745471623017,"cognps_random_slope"
"8221","TIAL1","Mic P2RY12",-0.471448052425655,6.63095299551457,3.97068872384876,0.047054271739943,0.408363536250804,0.502092216807286,"cognps_random_slope"
"8222","BAG3","Mic P2RY12",-1.34439254651975,4.77433102615465,0.885610663226468,0.347301244851831,0.796131368843549,0.84748420447933,"cognps_random_slope"
"8223","INPP5F","Mic P2RY12",0.231069640094646,6.45994880729587,0.625909949400901,0.429381003367739,0.848086940362737,0.891697247435349,"cognps_random_slope"
"8224","MCMBP","Mic P2RY12",-0.724352154514157,5.95836873470845,5.93764957359698,0.0153051746646888,0.24488080223283,0.325998671554341,"cognps_random_slope"
"8225","SEC23IP","Mic P2RY12",-0.0030805962993386,5.96106618667627,0.000105424566223837,0.991813440644401,0.999765323016076,0.999791880761836,"cognps_random_slope"
"8226","PLPP4","Mic P2RY12",1.42914124160185,2.4607210543676,1.64673315103083,0.200230466313207,0.678910238628854,0.747324915146834,"cognps_random_slope"
"8227","WDR11-AS1","Mic P2RY12",0.230877889248472,3.77317022424067,0.123143598937213,0.725855176455224,0.977171712366478,0.992320256930798,"cognps_random_slope"
"8228","WDR11","Mic P2RY12",-0.154166491415189,6.70253496944387,0.412629448736593,0.86368369595592,0.999765323016076,0.999791880761836,"cognps_random_slope"
"8229","FGFR2","Mic P2RY12",0.418849442108405,3.24429042268427,0.241751344895332,0.623244014354463,0.944747247314478,0.965357136073802,"cognps_random_slope"
"8230","ATE1","Mic P2RY12",-0.102180808307785,7.25690289636643,0.209631104004494,0.647333202372604,0.952302504420343,0.971793326483451,"cognps_random_slope"
"8231","NSMCE4A","Mic P2RY12",-0.0352633640007715,4.57748684659603,0.00712017696887017,0.932800353271721,0.999765323016076,0.999791880761836,"cognps_random_slope"
"8232","TACC2","Mic P2RY12",1.31889270649031,3.13637887318449,2.73549231295172,0.0990137909404778,0.537560520252725,0.623539007406861,"cognps_random_slope"
"8233","PLEKHA1","Mic P2RY12",-0.0183469449785682,6.21870080163149,0.0029929533160001,0.95640156186335,0.999765323016076,0.999791880761836,"cognps_random_slope"
"8234","HTRA1","Mic P2RY12",-0.193878415758473,7.72685145998258,0.206285409080333,0.649968565249446,0.954023617853758,0.97281769180443,"cognps_random_slope"
"8235","FAM24B","Mic P2RY12",0.841892621849088,3.39081403398349,1.32478873862133,0.250499119596774,0.729364507285754,0.789201257695949,"cognps_random_slope"
"8236","C10orf88","Mic P2RY12",0.171343565826654,4.34880188485677,0.151733083050586,0.697115201963895,0.9695262698091,0.984989885855413,"cognps_random_slope"
"8237","PSTK","Mic P2RY12",0.149211918649885,3.91610168010868,0.0680539778458199,0.988936745931429,0.999765323016076,0.999791880761836,"cognps_random_slope"
"8238","IKZF5","Mic P2RY12",-0.177619242229129,4.48160322698298,0.151097578755352,0.697718703085349,0.9695262698091,0.984989885855413,"cognps_random_slope"
"8239","ACADSB","Mic P2RY12",0.621125710453924,4.91923482519727,2.01051192973602,0.157078483650501,0.627536322800908,0.705711557238651,"cognps_random_slope"
"8240","BUB3","Mic P2RY12",-0.921500205935328,5.11008900291679,6.73229507069541,0.00985565042317541,0.198789792028176,0.272620986158279,"cognps_random_slope"
"8241","AL160290.2","Mic P2RY12",1.31765517492139,3.70363165616535,2.50792709678084,0.114153804171136,0.567424009531676,0.649688862805022,"cognps_random_slope"
"8242","CHST15","Mic P2RY12",-0.270946957261743,8.12820506604653,0.419950546707323,0.517375237248051,0.895596203375354,0.928950449101199,"cognps_random_slope"
"8243","OAT","Mic P2RY12",-0.0262064275656507,4.76759108753746,0.00223454317404446,0.962323516297251,0.999765323016076,0.999791880761836,"cognps_random_slope"
"8244","LHPP","Mic P2RY12",0.332044840763513,5.4042336699234,0.793786258570126,0.373553362157712,0.814497133783212,0.865737773104452,"cognps_random_slope"
"8245","AC068896.1","Mic P2RY12",1.4516432672448,2.71110072499876,2.44743969743793,0.118596227472776,0.575627687201256,0.655301420849692,"cognps_random_slope"
"8246","FAM53B-AS1","Mic P2RY12",0.0350776227480084,3.02593499037134,0.000896998006996012,0.976123603011133,0.999765323016076,0.999791880761836,"cognps_random_slope"
"8247","ABRAXAS2","Mic P2RY12",0.0588326342667317,5.42553419748075,0.0323088200770736,0.857452785861178,0.999765323016076,0.999791880761836,"cognps_random_slope"
"8248","ZRANB1","Mic P2RY12",0.200766452751599,6.16120574221417,0.461027450870463,0.576099845029735,0.924960191599137,0.950510353731555,"cognps_random_slope"
"8249","CTBP2","Mic P2RY12",-0.0347441362297722,8.80795252656066,0.0197110250506705,0.888425751780706,0.999765323016076,0.999791880761836,"cognps_random_slope"
"8250","EDRF1","Mic P2RY12",0.15869614470856,5.75156830155248,0.319595780677672,0.572203176600786,0.924344761669553,0.949774894686965,"cognps_random_slope"
"8251","UROS","Mic P2RY12",0.395271303670432,4.89074047050915,0.981076948248494,0.587568482021188,0.931027109971688,0.95504462696017,"cognps_random_slope"
"8252","BCCIP","Mic P2RY12",-0.0199694167380972,5.48729390997384,0.00279922086072161,0.957834854881648,0.999765323016076,0.999791880761836,"cognps_random_slope"
"8253","DHX32","Mic P2RY12",0.260195760983534,6.2392619649777,0.96656576281796,0.326199110117104,0.780252405238292,0.837115754123445,"cognps_random_slope"
"8254","FANK1","Mic P2RY12",2.12091123241313,3.59242694692945,9.93668174259191,0.00175626338029932,0.0911848815479553,0.13024657206858,"cognps_random_slope"
"8255","ADAM12","Mic P2RY12",0.0419554650607694,2.63555039529044,0.00180925511629739,0.988893777678642,0.999765323016076,0.999791880761836,"cognps_random_slope"
"8256","C10orf90","Mic P2RY12",-0.0229457822612547,3.19649723388638,0.000432964181763525,0.983410522215816,0.999765323016076,0.999791880761836,"cognps_random_slope"
"8257","DOCK1","Mic P2RY12",-0.336824637534956,5.30969276097917,0.197406641996011,0.657089566047703,0.955612931885691,0.973592644066785,"cognps_random_slope"
"8258","PTPRE","Mic P2RY12",0.207455806972243,10.1373400821993,0.320043977926533,0.571934014143538,0.924344761669553,0.949642977527329,"cognps_random_slope"
"8259","MGMT","Mic P2RY12",0.496960500822449,7.09722050975162,2.51320119768545,0.113775280902137,0.566593288505962,0.649363620960762,"cognps_random_slope"
"8260","AL157832.3","Mic P2RY12",1.64219850481607,3.70755344110672,5.36920395885515,0.0210563534847635,0.286060335464227,0.373093697115361,"cognps_random_slope"
"8261","C10orf143","Mic P2RY12",0.20973164433657,4.39143369734443,0.140247986997195,0.708255329015575,0.973207309924008,0.988354461037649,"cognps_random_slope"
"8262","GLRX3","Mic P2RY12",0.207903141491375,5.81365016794774,0.516065787543842,0.66358746297832,0.957591202813347,0.975311322528684,"cognps_random_slope"
"8263","TCERG1L","Mic P2RY12",1.29466271420469,4.07291612462795,1.79368663315846,0.181323442235178,0.657293098505861,0.729627060561592,"cognps_random_slope"
"8264","PPP2R2D","Mic P2RY12",-0.0141220484674111,6.92074325444717,0.0035731293689587,0.952367515177276,0.999765323016076,0.999791880761836,"cognps_random_slope"
"8265","BNIP3","Mic P2RY12",1.07042978663155,4.16188964662416,1.26253477439318,0.261921330291778,0.73538817247855,0.796065864541977,"cognps_random_slope"
"8266","AL162274.2","Mic P2RY12",0.639177008544553,3.07159487860766,0.595372515102572,0.440855791270586,0.855818037073943,0.897260497291077,"cognps_random_slope"
"8267","JAKMIP3","Mic P2RY12",-0.477499356420107,3.24390159237633,0.37945668997072,0.538283831134747,0.908620937276326,0.938054338172132,"cognps_random_slope"
"8268","STK32C","Mic P2RY12",-0.00198041647345411,4.76766393892751,2.68037303861846e-05,0.995872055681219,0.999765323016076,0.999791880761836,"cognps_random_slope"
"8269","LRRC27","Mic P2RY12",1.45867318987321,4.52620516272969,10.0474336860047,0.00165647163811811,0.0880887953270666,0.125741256166238,"cognps_random_slope"
"8270","PWWP2B","Mic P2RY12",-0.410458255768315,3.8568337261094,0.56481818412957,0.452816946849833,0.864282242952016,0.904951517306044,"cognps_random_slope"
"8271","INPP5A","Mic P2RY12",-0.210129953346774,5.0582411721922,0.153436135695475,0.695505059396983,0.96925463151675,0.984989885855413,"cognps_random_slope"
"8272","NKX6-2","Mic P2RY12",-0.659162060810603,2.99303539103394,0.486145150729227,0.486102405103001,0.881786963332351,0.91723721705446,"cognps_random_slope"
"8273","KNDC1","Mic P2RY12",0.0886985857887699,3.40910857567183,0.0188001650339713,0.891017657992054,0.999765323016076,0.999791880761836,"cognps_random_slope"
"8274","VENTX","Mic P2RY12",-0.496543171086658,4.7662073424613,0.805042171246068,0.370190356915637,0.812104761618872,0.863532460737016,"cognps_random_slope"
"8275","ADAM8","Mic P2RY12",-0.129169927734222,2.92116502340282,0.0108838532199601,0.916969035009255,0.999765323016076,0.999791880761836,"cognps_random_slope"
"8276","TUBGCP2","Mic P2RY12",-0.0721052586427413,6.36646320489974,0.0332970119808857,0.855313034685128,0.999765323016076,0.999791880761836,"cognps_random_slope"
"8277","CALY","Mic P2RY12",1.8388355990569,5.26911275453493,5.1228937517672,0.0242077014408054,0.30237874682352,0.392972148687592,"cognps_random_slope"
"8278","AL360181.1","Mic P2RY12",0.548048276241024,3.39404562284351,0.516455883972498,0.472824081329502,0.876028689879255,0.913594353237368,"cognps_random_slope"
"8279","FUOM","Mic P2RY12",-0.0896254323054338,3.12258073836923,0.0133589385674951,0.908049230638176,0.999765323016076,0.999791880761836,"cognps_random_slope"
"8280","ECHS1","Mic P2RY12",0.102486365464858,4.2358054988731,0.0537286259549073,0.816829573056665,0.995084767910246,0.999791880761836,"cognps_random_slope"
"8281","PAOX","Mic P2RY12",0.0390739389420878,5.04583261815043,0.0076986451647353,0.930130634022616,0.999765323016076,0.999791880761836,"cognps_random_slope"
"8282","AL360181.3","Mic P2RY12",-0.669381856126526,3.40072597268476,0.97806434451737,0.379024761045352,0.817109915520936,0.868092551741806,"cognps_random_slope"
"8283","SCART1","Mic P2RY12",0.420924928851219,3.04306776691711,0.196723171607666,0.657645629133835,0.955612931885691,0.973592644066785,"cognps_random_slope"
"8284","IQSEC3","Mic P2RY12",0.72135712349332,2.86455480656274,0.581399339556033,0.446264165412813,0.85912242031442,0.900456510524871,"cognps_random_slope"
"8285","SLC6A12","Mic P2RY12",-3.39942840131558,2.53183600499501,6.85755114947609,0.00920009141927913,0.191742496282674,0.262884741505257,"cognps_random_slope"
"8286","KDM5A","Mic P2RY12",0.0621588999471728,7.55279804586544,0.0606878433924047,0.805552610149936,0.993231645669267,0.999791880761836,"cognps_random_slope"
"8287","CCDC77","Mic P2RY12",-0.344981871733096,4.54505510436576,0.585371781624487,0.444716208224538,0.85802776256953,0.899211617235781,"cognps_random_slope"
"8288","B4GALNT3","Mic P2RY12",0.0912494248864638,3.03990733046418,0.0156856471107465,0.900401668786427,0.999765323016076,0.999791880761836,"cognps_random_slope"
"8289","NINJ2","Mic P2RY12",-0.487665955255106,4.7334574113677,1.1550158686559,0.28322213307955,0.752846263351675,0.812368863913232,"cognps_random_slope"
"8290","AC021054.1","Mic P2RY12",0.154655756594183,3.83125984847,0.0639461875639787,0.800508644966255,0.992143902613387,0.999791880761836,"cognps_random_slope"
"8291","WNK1","Mic P2RY12",-0.357859358401614,8.46427044809819,2.47380455509491,0.116636751181861,0.573806572168913,0.653369898372925,"cognps_random_slope"
"8292","RAD52","Mic P2RY12",0.119811438056041,5.47341217920393,0.154370891161036,0.694625678597778,0.969233641714597,0.984989885855413,"cognps_random_slope"
"8293","ERC1","Mic P2RY12",-0.201268562708467,8.64594676844438,1.15000916138902,0.284266320754604,0.753549217160752,0.813087533473092,"cognps_random_slope"
"8294","WNT5B","Mic P2RY12",0.919616483462308,4.27263908099278,1.46492958611126,0.226942293672387,0.707597412169302,0.770621716341601,"cognps_random_slope"
"8295","FBXL14","Mic P2RY12",-0.0530349749253015,4.6637486273969,0.00646212382994456,0.935973913954772,0.999765323016076,0.999791880761836,"cognps_random_slope"
"8296","ADIPOR2","Mic P2RY12",0.240602546466907,6.93324771360538,1.08543125300951,0.298185585609695,0.761720364612185,0.822125201513509,"cognps_random_slope"
"8297","CACNA2D4","Mic P2RY12",-1.59373220984996,3.88190026983882,6.51357715426245,0.0111181307895865,0.207889373677617,0.280180611332,"cognps_random_slope"
"8298","AC005342.2","Mic P2RY12",0.20358356619629,3.40084196619832,0.0872794072295272,0.767835238096017,0.986195564192913,0.996786403281309,"cognps_random_slope"
"8299","DCP1B","Mic P2RY12",-0.0787081277133001,5.48167204159572,0.0474447556083416,0.897007428915702,0.999765323016076,0.999791880761836,"cognps_random_slope"
"8300","CACNA1C","Mic P2RY12",1.60049477088335,4.55493535977601,7.86458922733453,0.0053149320527835,0.149145626159617,0.207144252216036,"cognps_random_slope"
"8301","FKBP4","Mic P2RY12",-0.293496547989947,4.97512386247948,0.0995082236557998,0.752603556678449,0.982244103840787,0.994674014762625,"cognps_random_slope"
"8302","ITFG2-AS1","Mic P2RY12",-0.184464043895639,3.24272003291097,0.0592600803689311,0.807808057148009,0.993545795491873,0.999791880761836,"cognps_random_slope"
"8303","ITFG2","Mic P2RY12",0.274378710933351,6.37750692634447,1.09172646603281,0.296790796829263,0.760852419694021,0.821386151708703,"cognps_random_slope"
"8304","TULP3","Mic P2RY12",0.108052715740531,4.85090583808312,0.0452995622385568,0.831574744379792,0.999283387674923,0.999791880761836,"cognps_random_slope"
"8305","TSPAN9","Mic P2RY12",0.107241896544446,3.70336010977914,0.0159448753470504,0.899586378531484,0.999765323016076,0.999791880761836,"cognps_random_slope"
"8306","PRMT8","Mic P2RY12",0.658859280085595,2.6630159075239,0.378082715359645,0.539019979556239,0.909134673890654,0.938176904122243,"cognps_random_slope"
"8307","CRACR2A","Mic P2RY12",0.161994756163419,5.09179459188641,0.132244851978057,0.71632944478685,0.975412307559,0.990818510846582,"cognps_random_slope"
"8308","PARP11","Mic P2RY12",-0.515281046712404,5.719677326635,2.46971712093972,0.116938168760823,0.573971293403957,0.653369898372925,"cognps_random_slope"
"8309","CCND2","Mic P2RY12",-0.157167398360788,6.37330970915568,0.2689376567497,0.60436422946697,0.937802649979608,0.960175025554302,"cognps_random_slope"
"8310","TIGAR","Mic P2RY12",0.105556299329466,6.93628806897835,0.20696907144609,0.921316408289954,0.999765323016076,0.999791880761836,"cognps_random_slope"
"8311","C12orf4","Mic P2RY12",0.358252910798956,5.92598989155873,1.20674107949572,0.27271340298011,0.745539027608417,0.805070534265626,"cognps_random_slope"
"8312","RAD51AP1","Mic P2RY12",0.763019156990433,2.79424857802204,0.659720959265669,0.417195787381617,0.840787365511229,0.886483329915441,"cognps_random_slope"
"8313","DYRK4","Mic P2RY12",0.346592695606684,3.50533282019913,0.161539001667631,0.687982283643215,0.966806654896821,0.983112162308188,"cognps_random_slope"
"8314","AC005833.2","Mic P2RY12",0.0484717565507929,4.84840102038404,0.0115831528830519,0.914353136948114,0.999765323016076,0.999791880761836,"cognps_random_slope"
"8315","AC005833.1","Mic P2RY12",-1.33181615871015,2.59569375524121,1.72840831593,0.189452070918717,0.665839811796937,0.736921487036312,"cognps_random_slope"
"8316","GALNT8","Mic P2RY12",0.187943426203256,4.67772036353127,0.131678881012117,0.716910809671522,0.975412307559,0.990827860187382,"cognps_random_slope"
"8317","KCNA1","Mic P2RY12",1.28514273832894,2.56154659359509,1.22543284775616,0.269036974515429,0.743281119606207,0.802780719814148,"cognps_random_slope"
"8318","ANO2","Mic P2RY12",-0.166051322243055,2.6242205109921,0.0251314520024207,0.874128933147287,0.999765323016076,0.999791880761836,"cognps_random_slope"
"8319","VWF","Mic P2RY12",1.18466403966758,2.87839543469138,1.5290379085605,0.217063835764088,0.69807354525427,0.763805865038452,"cognps_random_slope"
"8320","CD9","Mic P2RY12",-1.21290848274856,4.51022823781353,1.69817500665958,0.193360535451434,0.670637047090734,0.740026852677201,"cognps_random_slope"
"8321","TNFRSF1A","Mic P2RY12",-0.36181533311827,7.37480699054037,1.80838709161478,0.179549327143045,0.65277822383178,0.72673960151525,"cognps_random_slope"
"8322","LTBR","Mic P2RY12",-0.661467064358476,6.36058406623526,3.21927858071575,0.0736155163517079,0.48433054401827,0.572984775873399,"cognps_random_slope"
"8323","AC005840.2","Mic P2RY12",-0.79643814500957,2.97723686058675,0.842881293605355,0.359189329103756,0.806997823664322,0.858420285648212,"cognps_random_slope"
"8324","TAPBPL","Mic P2RY12",0.550584444547397,4.31595339569079,1.43150462491923,0.277634698903159,0.748508050978738,0.808955340034323,"cognps_random_slope"
"8325","VAMP1","Mic P2RY12",0.32074888305311,4.28692271924417,0.398247358910537,0.528396648274581,0.903655370536966,0.934139357377662,"cognps_random_slope"
"8326","MRPL51","Mic P2RY12",-0.123343686552479,3.73579641289244,0.039140754758622,0.940793666814341,0.999765323016076,0.999791880761836,"cognps_random_slope"
"8327","NCAPD2","Mic P2RY12",0.282382672975906,4.51863348412865,0.338269880826027,0.814683405887378,0.994957963721761,0.999791880761836,"cognps_random_slope"
"8328","GAPDH","Mic P2RY12",0.0332090886027048,7.143891740858,0.0035423093019808,0.952573143164153,0.999765323016076,0.999791880761836,"cognps_random_slope"
"8329","IFFO1","Mic P2RY12",0.303030880302241,5.82930054240137,0.887898050251685,0.346680100860364,0.795932847632301,0.84730906678079,"cognps_random_slope"
"8330","CHD4","Mic P2RY12",-0.366144902448106,5.36112866178672,0.856402739579382,0.355367886984647,0.804168364316321,0.855705731833258,"cognps_random_slope"
"8331","AC006064.2","Mic P2RY12",-0.959387646562063,3.52094688651616,1.73854841805039,0.188161942853137,0.664092229701049,0.735425045919036,"cognps_random_slope"
"8332","LPAR5","Mic P2RY12",0.528428486934283,6.88396017260709,2.57070451882409,0.109737106807999,0.56065247266128,0.644627053842235,"cognps_random_slope"
"8333","ACRBP","Mic P2RY12",-0.126521515154217,2.8961940987562,0.0195036300477239,0.889010446787178,0.999765323016076,0.999791880761836,"cognps_random_slope"
"8334","ING4","Mic P2RY12",-0.0913530858819258,5.32303355386713,0.0531850283922869,0.8177421008714,0.995084767910246,0.999791880761836,"cognps_random_slope"
"8335","ZNF384","Mic P2RY12",-0.0826441619419852,4.58718438258777,0.0398041274608544,0.860847883062994,0.999765323016076,0.999791880761836,"cognps_random_slope"
"8336","PIANP","Mic P2RY12",1.63677966098735,3.11160679898705,3.54986622283272,0.060356676080232,0.452624407471286,0.545824814371773,"cognps_random_slope"
"8337","COPS7A","Mic P2RY12",0.217028668609661,4.96424532659611,0.320415867713504,0.571710866603556,0.924209325694903,0.94950678216445,"cognps_random_slope"
"8338","MLF2","Mic P2RY12",-0.0173366174550126,5.09877860883017,0.00155921278774392,0.96852413397124,0.999765323016076,0.999791880761836,"cognps_random_slope"
"8339","PTMS","Mic P2RY12",-1.12769769210022,4.70088265249267,4.54785409000134,0.0336369004034471,0.351240563946647,0.444299882398935,"cognps_random_slope"
"8340","CD4","Mic P2RY12",0.205214011801949,7.30003951743038,0.663177035627387,0.41597947542948,0.840045351149859,0.886078729550041,"cognps_random_slope"
"8341","GPR162","Mic P2RY12",1.03071878276436,4.23121477237387,3.56781713754089,0.0597141204103222,0.451508434578704,0.544299908237831,"cognps_random_slope"
"8342","USP5","Mic P2RY12",0.544124619624023,4.35337743458403,1.42262595401265,0.233758015762576,0.714774346581671,0.777512766312558,"cognps_random_slope"
"8343","TPI1","Mic P2RY12",-0.240626681426682,5.55986066953768,0.166206535116689,0.683748007481201,0.96525413612764,0.981755202962964,"cognps_random_slope"
"8344","SPSB2","Mic P2RY12",0.0271824185286573,2.80128309487782,0.000224203668021535,0.988061679357898,0.999765323016076,0.999791880761836,"cognps_random_slope"
"8345","LRRC23","Mic P2RY12",-0.839245377799138,4.91147548022769,3.85252115437106,0.050441766997255,0.420641020242822,0.513412928647004,"cognps_random_slope"
"8346","ENO2","Mic P2RY12",1.6247316543698,5.24361157867929,7.34464453097135,0.00704850700808095,0.166005346951306,0.228645453952784,"cognps_random_slope"
"8347","ATN1","Mic P2RY12",-0.0435990812673893,5.13938484207855,0.0116617198466631,0.977594970752913,0.999765323016076,0.999791880761836,"cognps_random_slope"
"8348","C12orf57","Mic P2RY12",-0.22346917804735,3.23206825851451,0.0693907578354295,0.792376774126289,0.991469761910961,0.999791880761836,"cognps_random_slope"
"8349","PTPN6","Mic P2RY12",-0.472167783876135,5.29684156907756,1.32890329828417,0.249766073731464,0.729301365236868,0.789201257695949,"cognps_random_slope"
"8350","PHB2","Mic P2RY12",-0.0535370692411899,4.52431913454828,0.0156944924602728,0.900373737285675,0.999765323016076,0.999791880761836,"cognps_random_slope"
"8351","EMG1-1","Mic P2RY12",0.816017240597785,3.60375870335447,1.74462803690688,0.187393352481633,0.663212237427689,0.734748039236384,"cognps_random_slope"
"8352","LPCAT3","Mic P2RY12",-0.647650803179685,5.34729770150434,2.01383986618014,0.156736489917919,0.62740155425488,0.705703039878475,"cognps_random_slope"
"8353","C1S","Mic P2RY12",0.252425884700551,4.6843367482679,0.332756305990732,0.56440146180821,0.922158496670547,0.947917378948379,"cognps_random_slope"
"8354","C1RL","Mic P2RY12",-0.274616912591811,5.79945785667222,0.399065780300027,0.527973467494396,0.903622597468508,0.934094155588257,"cognps_random_slope"
"8355","C1RL-AS1","Mic P2RY12",-0.161042472323765,3.33150922289259,0.0335926419049757,0.85467929507529,0.999765323016076,0.999791880761836,"cognps_random_slope"
"8356","CLSTN3","Mic P2RY12",0.335047425620974,4.20625902450821,0.391468379483191,0.531925421847915,0.905645099502466,0.935406295333056,"cognps_random_slope"
"8357","PEX5","Mic P2RY12",0.814869950889313,4.10682186070675,2.8110514503663,0.0944859943467953,0.532554481594289,0.616327349799391,"cognps_random_slope"
"8358","CD163L1","Mic P2RY12",-0.131571247511114,6.82459615604411,0.0238282034068977,0.877409433081736,0.999765323016076,0.999791880761836,"cognps_random_slope"
"8359","CD163","Mic P2RY12",-2.18817949189639,7.57806286467955,4.41586943783825,0.0363014744748588,0.363673603640255,0.456817697559262,"cognps_random_slope"
"8360","SLC2A3","Mic P2RY12",-0.563327120452929,7.90317637559299,0.232952414508684,0.629636902345574,0.947640749708162,0.9679212910507,"cognps_random_slope"
"8361","FOXJ2","Mic P2RY12",-0.294172973634139,4.71079912683503,0.487940965790167,0.600294874820537,0.936283425111275,0.959054741582592,"cognps_random_slope"
"8362","C3AR1","Mic P2RY12",-1.10338680989523,6.2571764823779,6.98831405560039,0.00856344243596437,0.184796605610883,0.254700276673901,"cognps_random_slope"
"8363","NECAP1","Mic P2RY12",-0.509599983095341,4.86443026560363,1.48955215769009,0.223085607994198,0.70425682749829,0.768678745564601,"cognps_random_slope"
"8364","CLEC4A","Mic P2RY12",-0.00869990777780457,3.65674651466193,0.000462090452069194,0.982861685271444,0.999765323016076,0.999791880761836,"cognps_random_slope"
"8365","FAM66C","Mic P2RY12",1.54928658307112,3.50719885609427,4.06368670372346,0.0445580187013901,0.398437123319743,0.492235156926348,"cognps_random_slope"
"8366","LINC00937","Mic P2RY12",-2.24951166200233,5.5315311040107,19.4405443432025,1.37240844659145e-05,0.00799636764903129,0.0134525862732192,"cognps_random_slope"
"8367","CLEC4E","Mic P2RY12",-5.65819420528913,2.90918960330958,26.350803991048,4.6712865664353e-07,0.00104333185461332,0.00175523592733806,"cognps_random_slope"
"8368","RIMKLB","Mic P2RY12",0.0150683164785647,5.27867894086589,0.00156550000793229,0.968460770816602,0.999765323016076,0.999791880761836,"cognps_random_slope"
"8369","A2ML1-AS1","Mic P2RY12",-0.86364787766966,3.04317740962318,0.904026500251394,0.342342894995866,0.793040127197857,0.845667393945533,"cognps_random_slope"
"8370","AC006581.2","Mic P2RY12",0.886115293253715,3.42116036414053,1.41668669887899,0.234734636748413,0.715803552876503,0.777974371744406,"cognps_random_slope"
"8371","PHC1","Mic P2RY12",0.691892068236129,4.60036794349567,2.43718298248305,0.119368372497189,0.576660259493452,0.656197996389348,"cognps_random_slope"
"8372","M6PR","Mic P2RY12",-0.410091756516294,6.09557678817708,1.92310985476986,0.166373213062094,0.637748120207413,0.715270071672385,"cognps_random_slope"
"8373","KLRG1","Mic P2RY12",-0.350778839063965,4.30444552390528,0.459841658017693,0.49813405798837,0.887698738178477,0.922308853833548,"cognps_random_slope"
"8374","A2M","Mic P2RY12",0.620060111355873,8.5344006591489,1.60430283090449,0.206114230810317,0.687214537031122,0.753140282490449,"cognps_random_slope"
"8375","LINC00987","Mic P2RY12",1.58376788190323,3.81440385545996,4.07609354070126,0.0442357387034105,0.398437123319743,0.492235156926348,"cognps_random_slope"
"8376","AC010175.1","Mic P2RY12",2.14570611730365,3.04877584470373,5.12264956297879,0.0242110585285902,0.30237874682352,0.392972148687592,"cognps_random_slope"
"8377","CLEC2D","Mic P2RY12",-1.23718013845573,7.00169650500417,10.3590039174357,0.0014055812193389,0.0801540166823858,0.113988592050344,"cognps_random_slope"
"8378","CLECL1","Mic P2RY12",0.705356581873766,5.42460365872222,0.751056857615709,0.386719663700806,0.82249822120645,0.871968730520716,"cognps_random_slope"
"8379","CD69","Mic P2RY12",1.01313238533159,5.16054686983138,1.07531171369311,0.300445466191824,0.762414699475663,0.823013995190349,"cognps_random_slope"
"8380","KLRF1","Mic P2RY12",-0.792389116649732,2.50764547212545,0.404122211959845,0.525372332957431,0.901128200942344,0.93249246154348,"cognps_random_slope"
"8381","CLEC2B","Mic P2RY12",-1.22653135592155,5.01106842733941,3.80356577799287,0.0519201378022946,0.428622857763918,0.521624569822813,"cognps_random_slope"
"8382","CLEC12A","Mic P2RY12",-3.52497926024277,2.66337133588792,9.12805508366354,0.00269737908983533,0.109783640588684,0.157450661747735,"cognps_random_slope"
"8383","CLEC9A","Mic P2RY12",0.779329808541864,5.62798471031269,1.63150938558918,0.202318409831148,0.682464948841712,0.749191897844163,"cognps_random_slope"
"8384","CLEC1A","Mic P2RY12",-1.94120707923566,4.72910099517328,9.6066117397691,0.00209155649753889,0.0980236001535079,0.139687405868026,"cognps_random_slope"
"8385","CLEC7A","Mic P2RY12",-0.787294249929353,7.38360239423565,4.80768987745553,0.0289731258922075,0.327929780474217,0.419793781002454,"cognps_random_slope"
"8386","OLR1","Mic P2RY12",-0.320410472875682,7.72599567251028,0.225280784830561,0.635333438174945,0.949736241790035,0.96945689678304,"cognps_random_slope"
"8387","TMEM52B","Mic P2RY12",1.16664159551046,3.40512938603326,1.85422168467116,0.174145604374864,0.646420631530528,0.722173203526035,"cognps_random_slope"
"8388","GABARAPL1","Mic P2RY12",-0.501283800333309,4.87913549694714,0.683508156162654,0.408929505255137,0.835687348505154,0.882626787103489,"cognps_random_slope"
"8389","KLRD1","Mic P2RY12",0.930845058376746,3.51207596681409,0.76963782120013,0.380914793523401,0.81893496896482,0.869378823647001,"cognps_random_slope"
"8390","EIF2S3B","Mic P2RY12",-0.63604921166919,3.51257468483687,1.07917085264721,0.299581050492884,0.762414699475663,0.822521252696221,"cognps_random_slope"
"8391","MAGOHB","Mic P2RY12",-0.177746821161982,3.62478720544182,0.0822132854224656,0.774485262591761,0.98789996230651,0.998208143973629,"cognps_random_slope"
"8392","YBX3","Mic P2RY12",-0.717261430522888,6.05677499765861,1.50786802971237,0.22026777702852,0.701308738407982,0.766104433650412,"cognps_random_slope"
"8393","SMIM10L1","Mic P2RY12",0.0126128399997734,3.27828860940663,4.61384339530599e-05,0.994584154937475,0.999765323016076,0.999791880761836,"cognps_random_slope"
"8394","AC244131.2","Mic P2RY12",-0.380691622991875,4.28747504338035,0.248168759660235,0.618671979710596,0.941924926164701,0.963917775753802,"cognps_random_slope"
"8395","LINC01252","Mic P2RY12",0.660091285418385,3.03711269670525,0.487671352830196,0.485419211561133,0.881786963332351,0.917101828932015,"cognps_random_slope"
"8396","ETV6","Mic P2RY12",-0.130248325657003,10.4294337609578,0.119784543092414,0.729470675724388,0.977924377749008,0.992735737523133,"cognps_random_slope"
"8397","BCL2L14","Mic P2RY12",0.126749372718908,3.76240642669465,0.0337571808627426,0.85432782237456,0.999765323016076,0.999791880761836,"cognps_random_slope"
"8398","LRP6","Mic P2RY12",0.0289709661345666,5.8571889429811,0.0101106863573007,0.919962206754743,0.999765323016076,0.999791880761836,"cognps_random_slope"
"8399","BORCS5","Mic P2RY12",0.391207230894309,5.88736947557874,1.64611875935613,0.200314236515073,0.678910238628854,0.747324915146834,"cognps_random_slope"
"8400","DUSP16","Mic P2RY12",0.339681272491483,6.73452406393382,0.490486299104489,0.484163284571528,0.881462467904707,0.916739510069731,"cognps_random_slope"
"8401","AC007619.1","Mic P2RY12",-0.45359302504469,3.00176665083101,0.260804235321179,0.609881508399437,0.938887784751883,0.96152297950107,"cognps_random_slope"
"8402","CREBL2","Mic P2RY12",-0.202768697708881,7.02629311294072,0.247744928106061,0.618971646893319,0.942167087689388,0.963948995866147,"cognps_random_slope"
"8403","CDKN1B","Mic P2RY12",0.0152789879490153,4.61277761365976,0.000784571138518182,0.977669555111197,0.999765323016076,0.999791880761836,"cognps_random_slope"
"8404","APOLD1","Mic P2RY12",-0.440859271113786,4.14790032240864,0.333518743653346,0.563955812389181,0.921992416960769,0.947914992195191,"cognps_random_slope"
"8405","GPRC5D-AS1","Mic P2RY12",0.806478448679661,4.02394451886704,0.797589260206232,0.372412341733969,0.813347097714621,0.864598835302857,"cognps_random_slope"
"8406","HEBP1","Mic P2RY12",-0.717526850663315,3.931192344576,1.96716617520227,0.198279318919602,0.676806202965255,0.745655920774385,"cognps_random_slope"
"8407","AC023790.2","Mic P2RY12",1.40680119900841,3.11492530848671,2.77074690730476,0.0968723228682429,0.535179851573405,0.621056648651056,"cognps_random_slope"
"8408","FAM234B","Mic P2RY12",1.44365105161472,3.55432353038788,5.24086866685655,0.0226411704867458,0.294635651496423,0.382685966710281,"cognps_random_slope"
"8409","GRIN2B","Mic P2RY12",2.65115589159832,4.27754345066194,13.7328486071316,0.000243902804110737,0.0359587299138796,0.0548933450647856,"cognps_random_slope"
"8410","ATF7IP","Mic P2RY12",-0.0219130441575891,8.13130544329903,0.00595231137221073,0.93854614805715,0.999765323016076,0.999791880761836,"cognps_random_slope"
"8411","PLBD1","Mic P2RY12",-0.154391195778036,4.73401330567479,0.119507635610555,0.729771245250008,0.977924377749008,0.992735737523133,"cognps_random_slope"
"8412","PLBD1-AS1","Mic P2RY12",-0.259854347848672,4.04244409799469,0.186254891921949,0.666310696570564,0.958689032074525,0.976086722169159,"cognps_random_slope"
"8413","AC010168.1","Mic P2RY12",0.629477404577694,4.17186573581982,0.881265600408002,0.348485330367406,0.797345383686804,0.84890348710245,"cognps_random_slope"
"8414","H2AFJ","Mic P2RY12",0.251600828236897,4.68527025874995,0.228631236588008,0.632831135621223,0.949002694388455,0.968564075162913,"cognps_random_slope"
"8415","WBP11","Mic P2RY12",-0.197400012802114,4.60540418582773,0.233527662828164,0.629214437805885,0.947640749708162,0.9679212910507,"cognps_random_slope"
"8416","ERP27","Mic P2RY12",0.187550074568877,3.17724207634468,0.0464863451789875,0.829416387730627,0.998693448757996,0.999791880761836,"cognps_random_slope"
"8417","ARHGDIB","Mic P2RY12",0.171820113450536,6.55417076352447,0.220185632911732,0.639182861828617,0.950271487556261,0.970357720549608,"cognps_random_slope"
"8418","PTPRO","Mic P2RY12",0.180695293001034,6.31262735773902,0.327079350502461,0.567741248928808,0.922925953141032,0.948753778898485,"cognps_random_slope"
"8419","EPS8","Mic P2RY12",-0.258476225504149,8.55679622637052,0.983317940561525,0.322047748238709,0.775913203455183,0.833522577167291,"cognps_random_slope"
"8420","STRAP","Mic P2RY12",-0.0461923761206629,5.31690153898819,0.0157708474894322,0.900132957965686,0.999765323016076,0.999791880761836,"cognps_random_slope"
"8421","DERA","Mic P2RY12",0.0445545152438405,6.38742320759762,0.0249336703412532,0.874621076611382,0.999765323016076,0.999791880761836,"cognps_random_slope"
"8422","MGST1","Mic P2RY12",2.45222461032651,2.80862875235925,5.63893979861024,0.0180898835811816,0.264364809020082,0.349474229081182,"cognps_random_slope"
"8423","LMO3","Mic P2RY12",0.940442023536484,4.06425961179099,1.70665423279956,0.19225491811988,0.669544739533398,0.739278036672813,"cognps_random_slope"
"8424","PLEKHA5","Mic P2RY12",0.187193610112493,7.03728708877461,0.269377957114543,0.604068587363041,0.937802649979608,0.960175025554302,"cognps_random_slope"
"8425","AEBP2","Mic P2RY12",-0.281833813172958,7.20983834130056,1.03643935306413,0.309335425681717,0.768143594002532,0.827397442338951,"cognps_random_slope"
"8426","AC024901.1","Mic P2RY12",1.5710450808836,3.14341871321328,2.8601553531915,0.091665079786363,0.525857762935381,0.610153299020831,"cognps_random_slope"
"8427","PDE3A","Mic P2RY12",-1.55859712889504,3.21079906285795,2.53226596383813,0.112418538079175,0.564329822206441,0.647351219946283,"cognps_random_slope"
"8428","SLCO1A2","Mic P2RY12",0.522576497836967,3.17154119833842,0.273264027585152,0.601472481877802,0.936283425111275,0.959054741582592,"cognps_random_slope"
"8429","PYROXD1","Mic P2RY12",0.68770154780762,4.91715670669402,3.24520590476244,0.0724701627305671,0.482690184270542,0.572629413667536,"cognps_random_slope"
"8430","RECQL","Mic P2RY12",-0.331552747671654,5.37993750037131,1.02785676321355,0.311344185530689,0.769107077146114,0.82860725412079,"cognps_random_slope"
"8431","GOLT1B","Mic P2RY12",-0.0306253736792486,4.73807092689792,0.00572565350377812,0.965558991857464,0.999765323016076,0.999791880761836,"cognps_random_slope"
"8432","LDHB","Mic P2RY12",0.123312318238993,5.14581810948442,0.0610328511929324,0.80501183212883,0.993231645669267,0.999791880761836,"cognps_random_slope"
"8433","CMAS","Mic P2RY12",-0.0831933915853272,4.69309845020378,0.0452725046763606,0.831624295585697,0.999283387674923,0.999791880761836,"cognps_random_slope"
"8434","ST8SIA1","Mic P2RY12",0.596029869239907,3.27384036745599,0.580366175587527,0.446668133860195,0.859178514136805,0.900580964245026,"cognps_random_slope"
"8435","C2CD5","Mic P2RY12",-0.419745705301755,7.39531405174235,2.28252444021129,0.131716900992954,0.592129550555712,0.669573288136674,"cognps_random_slope"
"8436","ETNK1","Mic P2RY12",0.119590257084781,7.49573842382462,0.239313227194514,0.62500080145051,0.9451521296561,0.966234444064455,"cognps_random_slope"
"8437","AC084816.1","Mic P2RY12",-1.3876719896635,4.47843034968851,2.0626983634555,0.151811963682374,0.620505255460884,0.698068056446583,"cognps_random_slope"
"8438","SOX5","Mic P2RY12",0.633269381317234,6.50273501708183,0.999437208637018,0.318118906231563,0.77342370508149,0.831246029322042,"cognps_random_slope"
"8439","BCAT1","Mic P2RY12",-0.400053003998698,7.21996713327195,0.605029268365927,0.437176951384854,0.853651220385899,0.89575564178184,"cognps_random_slope"
"8440","LRMP","Mic P2RY12",0.420192822469389,7.97228451013837,2.63716185079302,0.105266011942569,0.54889876499703,0.634277998147679,"cognps_random_slope"
"8441","ETFRF1","Mic P2RY12",0.487720443074203,4.33432128091048,1.00492072002715,0.324329427937512,0.77850294343199,0.835815937253474,"cognps_random_slope"
"8442","KRAS","Mic P2RY12",-0.743719294926685,5.93832251220682,5.62768652035971,0.0182045284036036,0.265172701235535,0.350787258854055,"cognps_random_slope"
"8443","RASSF8-AS1","Mic P2RY12",-0.0890121377703106,5.66860276694789,0.0437210047393156,0.834491932360655,0.999366959106503,0.999791880761836,"cognps_random_slope"
"8444","RASSF8","Mic P2RY12",-0.40322691259647,9.31554551945653,1.48500289931431,0.223792193434965,0.70515851968539,0.769349649434474,"cognps_random_slope"
"8445","BHLHE41","Mic P2RY12",-0.514863581276667,8.67466867133809,2.0760002360746,0.150501893226674,0.618294258470467,0.695585318326235,"cognps_random_slope"
"8446","SSPN","Mic P2RY12",-0.466241406620133,6.20684767015562,1.45345279714355,0.228767353768777,0.710154432032821,0.772587835198133,"cognps_random_slope"
"8447","AC022509.2","Mic P2RY12",0.74922362035285,5.29938798178975,2.12220146419165,0.14605027611793,0.612508854637727,0.690184037603556,"cognps_random_slope"
"8448","AC024145.1","Mic P2RY12",-0.561871785900731,4.44674037875823,0.575395889755582,0.448619499249241,0.860343633818381,0.901698107860528,"cognps_random_slope"
"8449","ITPR2","Mic P2RY12",0.299909034959448,11.2149283194002,1.46452233421664,0.227006754403227,0.707608862424372,0.770621716341601,"cognps_random_slope"
"8450","AC023051.1","Mic P2RY12",0.497305029997379,4.68157661134375,0.418664356527805,0.518017031432961,0.895928813736274,0.92924044984533,"cognps_random_slope"
"8451","INTS13","Mic P2RY12",0.203966194055475,4.29634297836483,0.174126020640425,0.676719610427856,0.962836572976644,0.980096514019067,"cognps_random_slope"
"8452","FGFR1OP2","Mic P2RY12",-0.541338061899539,6.58301062239904,3.780557453708,0.0526307901734437,0.430779715700843,0.523388818398865,"cognps_random_slope"
"8453","TM7SF3","Mic P2RY12",-0.0286230308103373,6.96129181384839,0.0154153461879601,0.901259104633264,0.999765323016076,0.999791880761836,"cognps_random_slope"
"8454","MED21","Mic P2RY12",0.669586476082625,4.38293879119452,2.09508219107436,0.148644905990273,0.615096191273602,0.692359946452414,"cognps_random_slope"
"8455","STK38L","Mic P2RY12",-0.569752291698283,7.1397045723328,4.0367412270533,0.0452665376708612,0.401409677615379,0.495404302453854,"cognps_random_slope"
"8456","PPFIBP1","Mic P2RY12",1.0024691429754,4.09214105612887,3.08183105576619,0.080022700991412,0.500646225950472,0.588294238647534,"cognps_random_slope"
"8457","MRPS35","Mic P2RY12",-0.549431748762328,5.24355887433216,2.11378925053881,0.146849583542765,0.613906387967251,0.691642820071183,"cognps_random_slope"
"8458","KLHL42","Mic P2RY12",0.976962981779864,5.02913728453849,6.60717822147331,0.0105586024130406,0.203578467967514,0.276565986303596,"cognps_random_slope"
"8459","CCDC91","Mic P2RY12",-0.10263864133163,8.27644921686522,0.203825766940885,0.651922491569518,0.954420308107869,0.973494108193761,"cognps_random_slope"
"8460","AC012150.1","Mic P2RY12",-1.27670773787851,5.97147952690225,4.22109953681766,0.0406464443155451,0.382801351565735,0.477050142765319,"cognps_random_slope"
"8461","FAR2","Mic P2RY12",0.0116215061607289,8.17377917213043,0.00122950593467013,0.972047913237749,0.999765323016076,0.999791880761836,"cognps_random_slope"
"8462","AC012150.2","Mic P2RY12",-0.959657388758856,4.01800636283404,1.63825950230721,0.201389474373466,0.680832579737339,0.748145450161476,"cognps_random_slope"
"8463","AC009318.1","Mic P2RY12",-1.23544907965828,4.01285340369404,2.64617683173353,0.104675116471644,0.548384744933023,0.633700456727499,"cognps_random_slope"
"8464","ERGIC2","Mic P2RY12",-0.10625342715934,5.17061289641756,0.101361147325561,0.750387085608432,0.982244103840787,0.994674014762625,"cognps_random_slope"
"8465","OVCH1-AS1","Mic P2RY12",-0.740390668476648,4.56814134543247,0.232757080484787,0.629780502716282,0.947640749708162,0.9679212910507,"cognps_random_slope"
"8466","OVCH1","Mic P2RY12",-1.54402051855603,2.40316450968518,1.37166938695054,0.242300670781177,0.723853704394118,0.78507412470175,"cognps_random_slope"
"8467","TMTC1","Mic P2RY12",0.374225052706002,3.1171889806986,0.220785450442444,0.638726886729736,0.950271487556261,0.970357720549608,"cognps_random_slope"
"8468","IPO8","Mic P2RY12",-0.43575121998387,5.73109281682719,2.10609905750042,0.147584622900263,0.614151119169224,0.691886074221781,"cognps_random_slope"
"8469","CAPRIN2","Mic P2RY12",-0.30953375991767,5.3024602962905,0.762504417570474,0.38312858672327,0.81991475418054,0.870109419832553,"cognps_random_slope"
"8470","AC010198.1","Mic P2RY12",-0.166508415895203,3.20100138849232,0.0477247820590155,0.827194618214621,0.998219567307315,0.999791880761836,"cognps_random_slope"
"8471","DDX11-AS1","Mic P2RY12",-0.446494188374479,2.94310576480326,0.263130570573651,0.608292467024909,0.93885760879533,0.961459183207151,"cognps_random_slope"
"8472","DDX11","Mic P2RY12",-0.381237784947333,4.72638879021107,0.484878266175217,0.486670729226234,0.881786963332351,0.91723721705446,"cognps_random_slope"
"8473","SINHCAF","Mic P2RY12",-0.770507806501089,6.08575714471038,5.78681098723846,0.016651094314723,0.253546675396606,0.335902780057516,"cognps_random_slope"
"8474","DENND5B","Mic P2RY12",0.538399875775047,5.80092493106515,1.36148122260035,0.244054066636988,0.725752099942929,0.786644664417554,"cognps_random_slope"
"8475","AMN1","Mic P2RY12",-0.426141253441707,6.01866383091482,1.55673686512509,0.212955460747963,0.693346970234074,0.759424369275991,"cognps_random_slope"
"8476","AC023157.3","Mic P2RY12",-1.71923797520443,3.3731472108709,4.74418603492684,0.0300465867196216,0.337023193643534,0.428567236013542,"cognps_random_slope"
"8477","KIAA1551","Mic P2RY12",-0.753971328293542,7.13235935747841,4.56530494925979,0.033300279715853,0.350570895142168,0.443421255623102,"cognps_random_slope"
"8478","BICD1","Mic P2RY12",-0.514149562080776,7.46206532650891,2.16479944384317,0.142077513834613,0.607546555336436,0.684569924324094,"cognps_random_slope"
"8479","FGD4","Mic P2RY12",-0.337995498068469,10.1494841452205,1.51150560691424,0.219713241533462,0.700641380490504,0.765654809224497,"cognps_random_slope"
"8480","DNM1L","Mic P2RY12",0.102723351871638,6.74638245360117,0.203674907866374,0.941242610832077,0.999765323016076,0.999791880761836,"cognps_random_slope"
"8481","YARS2","Mic P2RY12",-0.415288305182214,5.215235854382,1.37928266323058,0.241000458502841,0.722596547171085,0.783581675360044,"cognps_random_slope"
"8482","CPNE8","Mic P2RY12",-0.522926801318625,5.41659403681766,0.877730918347729,0.349452635636939,0.798740366735564,0.850271633481113,"cognps_random_slope"
"8483","KIF21A","Mic P2RY12",1.54443305291909,4.2668761532409,4.73575682540237,0.0301921717007552,0.337681102945571,0.42901960525895,"cognps_random_slope"
"8484","C12orf40","Mic P2RY12",0.287904026244775,3.65564003012495,0.131277360174268,0.7173241096441,0.975429771013759,0.990827860187382,"cognps_random_slope"
"8485","SLC2A13","Mic P2RY12",0.109602985431567,8.02413150600183,0.158110581882116,0.691137962204276,0.967371458045907,0.984049474704472,"cognps_random_slope"
"8486","AC079630.1","Mic P2RY12",-0.0400105647183128,3.23789494503642,0.00336482443640769,0.95377518469584,0.999765323016076,0.999791880761836,"cognps_random_slope"
"8487","LRRK2","Mic P2RY12",-0.456530950735191,7.79253715577594,0.713646185192878,0.39879765813528,0.829343174529934,0.877756290740556,"cognps_random_slope"
"8488","CNTN1","Mic P2RY12",2.20377687385154,5.18443225031431,13.5065599376846,0.000273930061093557,0.0364555003715473,0.055696203646634,"cognps_random_slope"
"8489","PDZRN4","Mic P2RY12",0.8263622896245,3.61496850379985,1.19587520204052,0.274879600775247,0.747595304395617,0.807034094443401,"cognps_random_slope"
"8490","AC090630.1","Mic P2RY12",-1.00265012244294,6.17208581593207,1.8438050189319,0.175356969927242,0.647038156298016,0.722255436515096,"cognps_random_slope"
"8491","GXYLT1","Mic P2RY12",0.235199770596427,5.59414295916053,0.464525712667699,0.878383664930577,0.999765323016076,0.999791880761836,"cognps_random_slope"
"8492","YAF2","Mic P2RY12",-0.505803468524498,7.26475722966578,3.46002554251558,0.0636855383828376,0.461735462451754,0.55369831592915,"cognps_random_slope"
"8493","PPHLN1","Mic P2RY12",-0.134047165231424,7.22365831042432,0.364322247724773,0.546496026399184,0.911392352382404,0.940041033146701,"cognps_random_slope"
"8494","ZCRB1","Mic P2RY12",0.912190951872105,3.93869519143237,3.10297371986376,0.0789991049682114,0.498089902147352,0.584946040304291,"cognps_random_slope"
"8495","PRICKLE1","Mic P2RY12",0.719866744994075,3.4900124718802,0.90327835306732,0.342542453413102,0.793207781095303,0.845667393945533,"cognps_random_slope"
"8496","PUS7L","Mic P2RY12",-0.107186827553848,5.353324141785,0.102956648106579,0.97572160740692,0.999765323016076,0.999791880761836,"cognps_random_slope"
"8497","IRAK4","Mic P2RY12",-0.223497462112432,6.11991991415812,0.585212885623626,0.444777965806968,0.85802776256953,0.899211617235781,"cognps_random_slope"
"8498","TWF1","Mic P2RY12",-0.57197197704838,4.08238882476164,1.13691056800285,0.287021384734923,0.754255972880221,0.814647163364235,"cognps_random_slope"
"8499","TMEM117","Mic P2RY12",0.0237236029179943,8.11100516995534,0.00787782202267595,0.929324361358992,0.999765323016076,0.999791880761836,"cognps_random_slope"
"8500","NELL2","Mic P2RY12",1.85493045477342,5.15348332142301,8.53929173092476,0.00369530448035545,0.123493205339759,0.177256679807688,"cognps_random_slope"
"8501","ANO6","Mic P2RY12",-0.206274589692683,7.15221806649368,0.640526809092894,0.424048464578026,0.844676919457407,0.889133617630447,"cognps_random_slope"
"8502","AC008124.1","Mic P2RY12",0.0302297012494624,4.09825287150415,0.00326897582168557,0.954437579483962,0.999765323016076,0.999791880761836,"cognps_random_slope"
"8503","ARID2","Mic P2RY12",-0.454935636940817,8.01051743384339,5.32136489776128,0.0216331790014936,0.289039114455649,0.377200325281263,"cognps_random_slope"
"8504","SCAF11","Mic P2RY12",-0.202502778694078,8.55323176287689,1.41926366001526,0.23431028757154,0.715423140520896,0.777642489813099,"cognps_random_slope"
"8505","SLC38A1","Mic P2RY12",2.0725757778274,3.3454054251198,6.18766851121749,0.0133168154657591,0.231020306517658,0.307187703575412,"cognps_random_slope"
"8506","SLC38A2","Mic P2RY12",-1.80230091450365,6.95930114865352,21.193389620297,5.76724479591826e-06,0.00483042796938128,0.00812640837024857,"cognps_random_slope"
"8507","AC008014.1","Mic P2RY12",-0.653462675122788,7.03595166400648,0.985687978469932,0.321466085237914,0.775699247547939,0.833379489936862,"cognps_random_slope"
"8508","PCED1B","Mic P2RY12",-0.350801083273685,7.4055085140751,1.0620085510984,0.303450095189304,0.763834752722648,0.824203092777013,"cognps_random_slope"
"8509","AC008083.1","Mic P2RY12",-0.446963112905946,3.07421724924956,0.222179697691289,0.637669909619253,0.950271487556261,0.970357720549608,"cognps_random_slope"
"8510","AC008083.2","Mic P2RY12",1.94937409925787,4.53151993953261,10.060838085141,0.00164479198414117,0.0878161648584696,0.125382502096237,"cognps_random_slope"
"8511","RPAP3","Mic P2RY12",-0.199788509023928,5.16214147323886,0.318186752030111,0.573050987236076,0.924344761669553,0.949958419649803,"cognps_random_slope"
"8512","AC004241.1","Mic P2RY12",-0.0541180289259549,3.41346953347269,0.00462502842440853,0.945817409857632,0.999765323016076,0.999791880761836,"cognps_random_slope"
"8513","RAPGEF3","Mic P2RY12",-0.922024635552073,3.80162950576812,1.76766561588102,0.184513966490522,0.66053662815611,0.731666032451923,"cognps_random_slope"
"8514","SLC48A1","Mic P2RY12",-0.77623837173325,3.97107002011735,2.03349114164786,0.154734258961388,0.6245385483968,0.702925639576145,"cognps_random_slope"
"8515","HDAC7","Mic P2RY12",-0.705600695806542,6.47688545608821,4.91579555368919,0.0272369914158376,0.318501677106143,0.410192365711462,"cognps_random_slope"
"8516","VDR","Mic P2RY12",-2.70617287769666,3.14838001540258,4.72447710574664,0.0303881456202517,0.339041784074301,0.430132529956442,"cognps_random_slope"
"8517","TMEM106C","Mic P2RY12",-0.269418113399693,3.26809470816976,0.143907427291697,0.704650884743962,0.972104849336404,0.987071274373389,"cognps_random_slope"
"8518","SENP1","Mic P2RY12",0.33443796485607,5.33393088568802,0.943944826942994,0.459000743820468,0.866701951149653,0.907097805875916,"cognps_random_slope"
"8519","PFKM","Mic P2RY12",0.00710016770240355,3.57826305826396,0.000447621164155481,0.98313210174179,0.999765323016076,0.999791880761836,"cognps_random_slope"
"8520","ASB8","Mic P2RY12",0.212793031852616,4.39699824498846,0.227712673155245,0.633514917378017,0.949103790696792,0.968703710188458,"cognps_random_slope"
"8521","AC024257.3","Mic P2RY12",1.03208454702956,3.41136644554121,1.99798063200296,0.15837391828826,0.628850038216583,0.706757717301824,"cognps_random_slope"
"8522","AC024257.1","Mic P2RY12",-0.331331334223719,3.90441456887791,0.13040530778366,0.718224214817149,0.97556546051407,0.991080934286885,"cognps_random_slope"
"8523","ZNF641","Mic P2RY12",-0.16859635977437,5.83251134509053,0.250419884281879,0.617085671676738,0.941696996000635,0.963917775753802,"cognps_random_slope"
"8524","AC090115.1","Mic P2RY12",0.604921941334635,4.94415088079444,0.785885220062779,0.375939674735994,0.815771808139964,0.866617108032639,"cognps_random_slope"
"8525","KANSL2","Mic P2RY12",-0.299454137183098,4.72657771110248,0.554433577292506,0.456998059079475,0.865510720220435,0.905764164095184,"cognps_random_slope"
"8526","CCNT1","Mic P2RY12",-0.403332265420294,5.40617226952657,1.59445801991415,0.207508499656075,0.688833639804573,0.754317820823317,"cognps_random_slope"
"8527","ADCY6","Mic P2RY12",-0.486449186464559,3.87775175237746,0.640057446838615,0.987003602704262,0.999765323016076,0.999791880761836,"cognps_random_slope"
"8528","CACNB3","Mic P2RY12",-0.317303581235426,3.26756216682968,0.188373363721628,0.799995831525309,0.992143902613387,0.999791880761836,"cognps_random_slope"
"8529","DDX23","Mic P2RY12",-0.0971501968955595,4.56256921869597,0.0507502465680408,0.827268600441388,0.998219567307315,0.999791880761836,"cognps_random_slope"
"8530","AC073610.3","Mic P2RY12",-1.02237929474153,4.10040113412547,2.8912429987667,0.0899267305318624,0.521240534540436,0.605735924661141,"cognps_random_slope"
"8531","CCDC65","Mic P2RY12",-1.35148002876773,4.34669154435224,3.76916937040216,0.0529863500559667,0.431118033845262,0.523624991942937,"cognps_random_slope"
"8532","DDN-AS1","Mic P2RY12",0.445491384775382,2.80477918007098,0.226508877411072,0.864232787150264,0.999765323016076,0.999791880761836,"cognps_random_slope"
"8533","PRKAG1","Mic P2RY12",0.146543346326889,5.70318563743919,0.213600119891343,0.644239655534361,0.951443629329721,0.970883120121208,"cognps_random_slope"
"8534","KMT2D","Mic P2RY12",-0.159750004797042,6.06853492580131,0.33574199670148,0.772275157260375,0.987134048176166,0.99779870021368,"cognps_random_slope"
"8535","LMBR1L","Mic P2RY12",-0.298400588718143,6.15390420896997,0.59643051168084,0.440450418617339,0.855818037073943,0.897260497291077,"cognps_random_slope"
"8536","AC011603.2","Mic P2RY12",0.565940812698841,3.8261710898176,0.911575050917651,0.340338179604948,0.792230666125744,0.845221883585983,"cognps_random_slope"
"8537","TUBA1B","Mic P2RY12",0.204441782241058,7.6370166149865,0.206894779745719,0.649486658733865,0.953989866394996,0.972787269342153,"cognps_random_slope"
"8538","TUBA1A","Mic P2RY12",1.45051822524739,6.15457984476471,7.46515316682631,0.00660089374484848,0.160863936801003,0.221747540920322,"cognps_random_slope"
"8539","TUBA1C","Mic P2RY12",0.626741994918837,4.94141848011276,1.76582715011616,0.184741847254907,0.66053662815611,0.73185282653701,"cognps_random_slope"
"8540","SPATS2","Mic P2RY12",-0.639377770974929,6.09688675507059,4.31334156138622,0.0385241557681333,0.375353687290333,0.469196501379537,"cognps_random_slope"
"8541","KCNH3","Mic P2RY12",1.43463679075261,3.04530208134919,3.03414350910621,0.0823845421370645,0.505420462602119,0.593030725533821,"cognps_random_slope"
"8542","MCRS1","Mic P2RY12",-0.484746024874712,4.10279580376073,0.957900620975238,0.328374305824748,0.781740405134397,0.838554421741862,"cognps_random_slope"
"8543","PRPF40B","Mic P2RY12",0.25154253223719,5.71222276941773,0.58985431777279,0.442979453471549,0.857329703705984,0.898513909568182,"cognps_random_slope"
"8544","FMNL3","Mic P2RY12",-0.0443167799173785,8.91624834080925,0.0151798155353647,0.902012488773688,0.999765323016076,0.999791880761836,"cognps_random_slope"
"8545","TMBIM6","Mic P2RY12",-1.01265576190935,6.88939279488368,9.0247975879102,0.00285005068947887,0.11004659914288,0.157590933623265,"cognps_random_slope"
"8546","NCKAP5L","Mic P2RY12",0.0519275379968164,6.4304080734864,0.0328287148468405,0.856322899102086,0.999765323016076,0.999791880761836,"cognps_random_slope"
"8547","BCDIN3D","Mic P2RY12",-0.126545154800119,3.4901966750155,0.0366604546639704,0.879637574706978,0.999765323016076,0.999791880761836,"cognps_random_slope"
"8548","FAIM2","Mic P2RY12",1.09999298602403,4.88997573442973,3.42050532524111,0.0652116398231181,0.467214377618485,0.558559667622668,"cognps_random_slope"
"8549","RACGAP1","Mic P2RY12",0.112849725959471,4.86737231473155,0.0795690415003589,0.976554797921592,0.999765323016076,0.999791880761836,"cognps_random_slope"
"8550","SMARCD1","Mic P2RY12",-0.176782890777114,4.48881820671235,0.175627017836392,0.675408760040052,0.962810601943974,0.980067760574701,"cognps_random_slope"
"8551","AC074032.1","Mic P2RY12",-0.279893984732394,5.83624229454147,0.836360737370823,0.361052434215875,0.808821157474949,0.859365474861873,"cognps_random_slope"
"8552","CERS5","Mic P2RY12",0.0821301376519054,5.70142842335337,0.0542111937035482,0.858397096297236,0.999765323016076,0.999791880761836,"cognps_random_slope"
"8553","LIMA1","Mic P2RY12",0.768045345886702,5.19601578279536,3.0913708156614,0.079559079613102,0.499146433286928,0.586429050301252,"cognps_random_slope"
"8554","FAM186A","Mic P2RY12",-0.578865523324448,2.41167642448419,0.245864825931498,0.620304830875958,0.943281902324893,0.964575721805438,"cognps_random_slope"
"8555","LARP4","Mic P2RY12",0.0836223427846419,6.76328063209477,0.0728092015041809,0.787444420472956,0.990886185623222,0.999791880761836,"cognps_random_slope"
"8556","DIP2B","Mic P2RY12",-0.0814554250136065,9.57710229046854,0.1202222903763,0.728996315245662,0.97787947383947,0.992735737523133,"cognps_random_slope"
"8557","ATF1","Mic P2RY12",-0.644145766606747,6.17272392755642,5.42486043620507,0.0204053424186286,0.283076598087,0.369508791026491,"cognps_random_slope"
"8558","METTL7A","Mic P2RY12",-0.83897124875576,6.71566417594,3.25170830262121,0.0721859365079441,0.481701677783777,0.572337698928994,"cognps_random_slope"
"8559","HIGD1C","Mic P2RY12",0.169782885566208,3.32996037171615,0.0396856084000084,0.842209127910643,0.999765323016076,0.999791880761836,"cognps_random_slope"
"8560","SLC11A2","Mic P2RY12",-0.293582661919128,7.72357919023148,1.01926899219155,0.313371251959137,0.770261998566852,0.829512137538893,"cognps_random_slope"
"8561","LETMD1","Mic P2RY12",0.110097517343594,5.93964472374344,0.138663947480471,0.940198039086911,0.999765323016076,0.999791880761836,"cognps_random_slope"
"8562","CSRNP2","Mic P2RY12",0.584490430142052,4.29472307488092,1.38951976819001,0.239265535694497,0.720371194439642,0.781384171409998,"cognps_random_slope"
"8563","TFCP2","Mic P2RY12",0.377479612398465,7.82977906501729,3.00132455567843,0.084053821398672,0.507037034677983,0.594536409851977,"cognps_random_slope"
"8564","POU6F1","Mic P2RY12",-0.550442792762584,4.34734685852084,1.45165744013335,0.22905445454901,0.710381565704995,0.772587835198133,"cognps_random_slope"
"8565","DAZAP2","Mic P2RY12",-0.375267111869555,5.87642475057679,1.66852395399729,0.197285883164252,0.676207044958963,0.744882934797189,"cognps_random_slope"
"8566","SMAGP","Mic P2RY12",0.575405035388395,3.32460309846932,0.503818023905756,0.47828726822354,0.879946139684741,0.915514311664088,"cognps_random_slope"
"8567","BIN2","Mic P2RY12",0.351314203137114,7.47734251175845,0.836927405619569,0.360889992286447,0.808620347330839,0.859213384186933,"cognps_random_slope"
"8568","GALNT6","Mic P2RY12",-0.224433461352054,5.07106049107557,0.287747148113822,0.591999495866864,0.932951118731112,0.95650743789449,"cognps_random_slope"
"8569","SLC4A8","Mic P2RY12",0.495615915194007,6.30089059307553,1.48373106247853,0.223990214637486,0.705336123863224,0.769637329131246,"cognps_random_slope"
"8570","SCN8A","Mic P2RY12",1.50004346939375,4.38737934380556,7.60466170071418,0.00611894492777265,0.154835821901617,0.213453849507028,"cognps_random_slope"
"8571","ACVR1B","Mic P2RY12",-0.572370955902532,5.74871403575125,1.62954040708157,0.202590328748282,0.682946015718705,0.749304594200278,"cognps_random_slope"
"8572","GRASP","Mic P2RY12",0.275914147821655,4.09415572816475,0.0411793396379889,0.839306904888279,0.999765323016076,0.999791880761836,"cognps_random_slope"
"8573","NR4A1","Mic P2RY12",-0.451134306865416,3.8862734220682,0.074494030826937,0.785059113258321,0.990719344618726,0.999791880761836,"cognps_random_slope"
"8574","ATG101","Mic P2RY12",-1.15093453335646,3.41323402847359,2.98633733204402,0.0848282946917892,0.507436631269051,0.595238250831387,"cognps_random_slope"
"8575","EIF4B","Mic P2RY12",-0.0606636759895375,6.34165636841036,0.0587027366918586,0.808696302040558,0.99388656856617,0.999791880761836,"cognps_random_slope"
"8576","AC068888.1","Mic P2RY12",-0.399964174229197,4.61659930182724,0.356755442927473,0.550689596928278,0.912593789036859,0.940714314424667,"cognps_random_slope"
"8577","TNS2","Mic P2RY12",1.64322453447342,2.71561929526067,3.07371066311179,0.0804196469077309,0.502150006361479,0.589154348263296,"cognps_random_slope"
"8578","SPRYD3","Mic P2RY12",0.69697632247476,3.87942447592607,1.36925872458825,0.408066408883676,0.834639682906314,0.882181263749801,"cognps_random_slope"
"8579","CSAD","Mic P2RY12",0.302330984612453,6.05167429954645,1.11691909043071,0.291292227456767,0.756157462097483,0.817350636919913,"cognps_random_slope"
"8580","ZNF740","Mic P2RY12",0.104735372896677,4.09510313904147,0.0427104273712265,0.836388440931966,0.999547866966635,0.999791880761836,"cognps_random_slope"
"8581","ITGB7","Mic P2RY12",1.96545760434316,2.43989124664777,2.54920114930366,0.111228340049517,0.562522788563886,0.645849959741549,"cognps_random_slope"
"8582","MFSD5","Mic P2RY12",-0.94331217368514,3.14843603428324,1.33019150068433,0.249537111481896,0.729301365236868,0.789201257695949,"cognps_random_slope"
"8583","PFDN5","Mic P2RY12",-0.364823279055094,5.48657202539809,0.787339200619476,0.375498929208521,0.81543690655054,0.866579776333413,"cognps_random_slope"
"8584","C12orf10","Mic P2RY12",-0.267015140856487,3.16680745332994,0.121474311910301,0.727644893693114,0.977594945023934,0.992716167586774,"cognps_random_slope"
"8585","AAAS","Mic P2RY12",-0.27142297126821,3.97748166677446,0.260616413465086,0.68746103794966,0.966541875561649,0.982933896240838,"cognps_random_slope"
"8586","SP1","Mic P2RY12",-0.0813396511573693,5.58637291291976,0.0627150237662255,0.967153995190769,0.999765323016076,0.999791880761836,"cognps_random_slope"
"8587","PRR13","Mic P2RY12",-0.124117686354079,5.28290399736407,0.115112704820313,0.734594861540502,0.979045821929813,0.993547360360637,"cognps_random_slope"
"8588","PCBP2","Mic P2RY12",-0.548532109950289,7.13842813776682,6.60187599724344,0.0105895088568693,0.203578467967514,0.276640182129917,"cognps_random_slope"
"8589","MAP3K12","Mic P2RY12",-0.164231074097993,4.14961840187147,0.111493751050008,0.92632155672862,0.999765323016076,0.999791880761836,"cognps_random_slope"
"8590","TARBP2","Mic P2RY12",-0.863270372995321,3.13322513493427,1.39628498806643,0.238127356955094,0.718888197917372,0.780529108831442,"cognps_random_slope"
"8591","ATP5MC2","Mic P2RY12",-0.484821564525702,5.79005547396771,1.84315772068519,0.178720508655268,0.651276491362712,0.725253243754809,"cognps_random_slope"
"8592","CALCOCO1","Mic P2RY12",-0.263103924423754,5.11020183835096,0.31848586444551,0.572870804937803,0.924344761669553,0.949939121603617,"cognps_random_slope"
"8593","SMUG1","Mic P2RY12",-0.0518364960931432,4.27969738944269,0.0110261552037861,0.916429984178548,0.999765323016076,0.999791880761836,"cognps_random_slope"
"8594","LINC02381","Mic P2RY12",0.183352280908178,5.39392795466833,0.229267768895079,0.740124779315265,0.980449437178806,0.994247512606934,"cognps_random_slope"
"8595","CBX5","Mic P2RY12",-0.344377662597243,5.72346325172879,1.17070434275951,0.279981535336695,0.750450717615308,0.811324991036345,"cognps_random_slope"
"8596","AC078778.1","Mic P2RY12",-0.14219922645296,2.68630534234452,0.0187809905867655,0.891072899992602,0.999765323016076,0.999791880761836,"cognps_random_slope"
"8597","HNRNPA1","Mic P2RY12",-0.542220736762565,5.90130008247643,2.51759683712493,0.11346086619904,0.565944518277359,0.648980087398186,"cognps_random_slope"
"8598","COPZ1","Mic P2RY12",-0.120345837021935,4.77490614976681,0.0946602983643935,0.758512209460721,0.983190954097967,0.995414674993652,"cognps_random_slope"
"8599","GPR84","Mic P2RY12",-1.17519154897611,3.5788840878217,1.31709466765557,0.251877008415835,0.729501575487489,0.789513879802273,"cognps_random_slope"
"8600","ZNF385A","Mic P2RY12",0.0669349858174529,4.30386277698531,0.0162637789869649,0.898592587511798,0.999765323016076,0.999791880761836,"cognps_random_slope"
"8601","ITGA5","Mic P2RY12",-1.56398500016931,6.00044799802635,20.1069111063986,9.86250558899206e-06,0.00668146881006164,0.011240483122367,"cognps_random_slope"
"8602","NCKAP1L","Mic P2RY12",0.326546408980448,8.38735740763372,2.98622761590548,0.0848339928181315,0.507436631269051,0.595238250831387,"cognps_random_slope"
"8603","PDE1B","Mic P2RY12",0.0401707026464925,5.19706715198812,0.00869391737383765,0.925763883523523,0.999765323016076,0.999791880761836,"cognps_random_slope"
"8604","TESPA1","Mic P2RY12",1.97246607675787,3.68739331449223,6.3937662315983,0.0118792552309121,0.21738129702997,0.289486420402633,"cognps_random_slope"
"8605","ITGA7","Mic P2RY12",0.0547252540127164,2.95127196849303,0.00505496155328647,0.943359079611174,0.999765323016076,0.999791880761836,"cognps_random_slope"
"8606","CD63","Mic P2RY12",-0.676762787988633,5.9110849763664,1.94863018115219,0.163595691709171,0.633992442045865,0.711333629620687,"cognps_random_slope"
"8607","SARNP","Mic P2RY12",0.569410676183911,2.88013342832373,0.479013822704223,0.489315966081695,0.88368026000162,0.918678554290124,"cognps_random_slope"
"8608","ORMDL2","Mic P2RY12",-1.12938817517579,3.42771340182228,2.66763602120366,0.103283176990091,0.54513503538567,0.630351712301465,"cognps_random_slope"
"8609","PYM1","Mic P2RY12",-0.483923163115497,4.40190349660407,1.15155232999734,0.283943960379226,0.753389361878,0.812823719705508,"cognps_random_slope"
"8610","DGKA","Mic P2RY12",0.353377685274014,5.73006683830436,1.08030899643707,0.299326728752753,0.762414699475663,0.822521252696221,"cognps_random_slope"
"8611","CDK2","Mic P2RY12",-0.686514475546242,2.97256423883573,0.778734737510556,0.378117847019573,0.816948804422055,0.867843746648631,"cognps_random_slope"
"8612","RAB5B","Mic P2RY12",-0.247332156292394,5.24811002398426,0.570704598728705,0.918560483770996,0.999765323016076,0.999791880761836,"cognps_random_slope"
"8613","SUOX","Mic P2RY12",0.230355667490379,3.69032331349246,0.14626488079834,0.848873625766997,0.999765323016076,0.999791880761836,"cognps_random_slope"
"8614","IKZF4","Mic P2RY12",-0.628919282544512,3.83750827347919,1.31933060947258,0.25147562574121,0.729501575487489,0.789417632587765,"cognps_random_slope"
"8615","RPS26","Mic P2RY12",-0.135814235947892,3.76521656509707,0.0378470925760344,0.845860351703062,0.999765323016076,0.999791880761836,"cognps_random_slope"
"8616","PA2G4","Mic P2RY12",-0.867311945013049,4.64613793825114,3.3497106987889,0.0680443401385504,0.474187312634797,0.565337666964548,"cognps_random_slope"
"8617","RPL41","Mic P2RY12",-1.0186733087383,6.28304775983796,2.46351726925808,0.117397011724248,0.57418656024042,0.653369898372925,"cognps_random_slope"
"8618","ESYT1","Mic P2RY12",-0.430062750702711,4.72991049447092,1.11877567701182,0.290892193121149,0.755474085274518,0.816638205490076,"cognps_random_slope"
"8619","AC034102.5","Mic P2RY12",0.747811894985079,3.3498554391755,0.931172516676127,0.335206869413483,0.788227277945269,0.843736805471964,"cognps_random_slope"
"8620","MYL6B","Mic P2RY12",0.118007280043728,3.59341032868037,0.0339574196947215,0.853901283449138,0.999765323016076,0.999791880761836,"cognps_random_slope"
"8621","MYL6","Mic P2RY12",-0.42067768718868,5.43838970801234,0.955855573648848,0.328890483040661,0.78183296722389,0.838771691887072,"cognps_random_slope"
"8622","SMARCC2","Mic P2RY12",-0.430656518267837,6.63787508231916,3.23736855618572,0.072814343837677,0.483486834973886,0.572984775873399,"cognps_random_slope"
"8623","RNF41","Mic P2RY12",-0.309297790736032,5.74125482031723,1.07301042299323,0.300962470290262,0.762414699475663,0.823013995190349,"cognps_random_slope"
"8624","NABP2","Mic P2RY12",0.92486400440017,3.07881174465756,1.41887950675858,0.23437348716104,0.715453098279065,0.77766451848486,"cognps_random_slope"
"8625","ANKRD52","Mic P2RY12",-0.463071198994898,5.10867646247616,1.93487717858895,0.195936280334584,0.674402119521831,0.742720106116463,"cognps_random_slope"
"8626","COQ10A","Mic P2RY12",-0.472655432410544,3.21570357060817,0.416859744674467,0.518919874942962,0.896255347868364,0.929553958361028,"cognps_random_slope"
"8627","CS","Mic P2RY12",-0.0719989942953958,5.00893388508193,0.0401875996544003,0.841227549059106,0.999765323016076,0.999791880761836,"cognps_random_slope"
"8628","AC073896.1","Mic P2RY12",-1.81648164537915,3.40407331569022,7.5824343407461,0.00619324486708327,0.155422611355399,0.214151388847228,"cognps_random_slope"
"8629","AC073896.2","Mic P2RY12",0.099297099763111,3.00455124824081,0.0133212320147361,0.908178513522361,0.999765323016076,0.999791880761836,"cognps_random_slope"
"8630","PAN2","Mic P2RY12",0.347564534068387,5.21500357484459,0.871738893810323,0.351100803771559,0.800051329934138,0.851502540988576,"cognps_random_slope"
"8631","STAT2","Mic P2RY12",0.0868044793808673,6.42465350245473,0.0581736739383204,0.809543615534898,0.994034132767222,0.999791880761836,"cognps_random_slope"
"8632","TIMELESS","Mic P2RY12",0.437704709942835,3.60880025624587,0.433601383588093,0.510648409043532,0.893368058693521,0.927827863741039,"cognps_random_slope"
"8633","SPRYD4","Mic P2RY12",0.0837603654685943,3.84645843199907,0.0210261404408418,0.884788998517563,0.999765323016076,0.999791880761836,"cognps_random_slope"
"8634","GLS2","Mic P2RY12",0.226351448725734,3.44742983176057,0.100625650955496,0.751264196770836,0.982244103840787,0.994674014762625,"cognps_random_slope"
"8635","RBMS2","Mic P2RY12",0.0660945396448079,6.21175377396193,0.0399207517045551,0.841748536671213,0.999765323016076,0.999791880761836,"cognps_random_slope"
"8636","BAZ2A","Mic P2RY12",-0.330418255419934,6.54005397434643,1.08765513050857,0.29769189323968,0.761720364612185,0.822068227825695,"cognps_random_slope"
"8637","ATP5F1B","Mic P2RY12",0.672674365144149,5.63187247244593,2.80861282403901,0.0946285377836878,0.532817209814989,0.616767963091426,"cognps_random_slope"
"8638","PTGES3","Mic P2RY12",0.0274044848251226,7.39049993538358,0.00203464551819257,0.964047021754666,0.999765323016076,0.999791880761836,"cognps_random_slope"
"8639","NACA","Mic P2RY12",-0.246429930434607,6.22304711463343,0.501589482998137,0.479261327192269,0.880529345448808,0.916073392411794,"cognps_random_slope"
"8640","PRIM1","Mic P2RY12",-0.0305166995555998,4.59677834135142,0.00388350493181131,0.95034439460375,0.999765323016076,0.999791880761836,"cognps_random_slope"
"8641","HSD17B6","Mic P2RY12",-0.174779855409208,2.53502573914775,0.0235974813901806,0.877999693105495,0.999765323016076,0.999791880761836,"cognps_random_slope"
"8642","ZBTB39","Mic P2RY12",0.188220022420022,3.34721202579265,0.0756540373417448,0.846581625974784,0.999765323016076,0.999791880761836,"cognps_random_slope"
"8643","NEMP1","Mic P2RY12",-0.38561378483898,4.62226187680813,0.522789662008174,0.470124085649544,0.873683659934757,0.911989958554649,"cognps_random_slope"
"8644","NAB2","Mic P2RY12",-0.197617876454892,4.04717544314343,0.0768013089456885,0.781839134614149,0.990020960532974,0.999508397105588,"cognps_random_slope"
"8645","STAT6","Mic P2RY12",-0.0524477323256842,7.19707586817742,0.0343735891493582,0.853018920462296,0.999765323016076,0.999791880761836,"cognps_random_slope"
"8646","LRP1","Mic P2RY12",-0.0281039497254368,8.06889269588667,0.01250348024673,0.911029336182963,0.999765323016076,0.999791880761836,"cognps_random_slope"
"8647","SHMT2","Mic P2RY12",-1.04793333497348,3.37578513900335,1.81026489999026,0.179324159385892,0.652490648908589,0.726480354601065,"cognps_random_slope"
"8648","STAC3","Mic P2RY12",0.110571017337463,4.18678154989073,0.043535380346495,0.834838557725585,0.999366959106503,0.999791880761836,"cognps_random_slope"
"8649","R3HDM2","Mic P2RY12",0.0895729706963737,8.11926352210064,0.200862783087218,0.654295214566834,0.955246777471418,0.973537836851373,"cognps_random_slope"
"8650","ARHGAP9","Mic P2RY12",-1.25264647419145,5.70792663922962,8.94546580532111,0.00297331794817717,0.111623474530408,0.160251985835461,"cognps_random_slope"
"8651","MARS","Mic P2RY12",-0.249536014489396,6.79080480276826,0.716058301713846,0.398002610355429,0.828429241452076,0.876968316775435,"cognps_random_slope"
"8652","DDIT3","Mic P2RY12",-0.928612073784044,4.13173740989074,1.30844549741667,0.253437110872478,0.730703683907503,0.791047994547973,"cognps_random_slope"
"8653","MBD6","Mic P2RY12",0.0922376242397868,4.97643519456667,0.0545779613463317,0.815413494465573,0.994957963721761,0.999791880761836,"cognps_random_slope"
"8654","DCTN2","Mic P2RY12",-0.479293248753926,5.22074992588459,2.24817547517506,0.134649361087168,0.597693305044432,0.675043375476584,"cognps_random_slope"
"8655","KIF5A","Mic P2RY12",1.9196636795646,3.88609344347087,7.94970562652747,0.00507586548617033,0.145345455940531,0.201826080045344,"cognps_random_slope"
"8656","PIP4K2C","Mic P2RY12",-0.07650866367598,4.30684028796632,0.0254026462860362,0.873457332222696,0.999765323016076,0.999791880761836,"cognps_random_slope"
"8657","DTX3","Mic P2RY12",-0.240044046996612,3.98744567954471,0.189788372175223,0.951272445130278,0.999765323016076,0.999791880761836,"cognps_random_slope"
"8658","ARHGEF25","Mic P2RY12",-0.122718387250263,3.12107390825532,0.0205449083395764,0.886105931562573,0.999765323016076,0.999791880761836,"cognps_random_slope"
"8659","OS9","Mic P2RY12",0.108427364829694,6.79132080887723,0.187346356915686,0.665393919244295,0.958090030277512,0.975910369971767,"cognps_random_slope"
"8660","AC025165.2","Mic P2RY12",0.611883119703591,3.63785972230406,0.582395281728778,0.445875287913173,0.858872320443357,0.900014179067284,"cognps_random_slope"
"8661","AGAP2","Mic P2RY12",0.238585442401327,3.52958294566281,0.127835523151428,0.720896619597309,0.97571529536985,0.991463831658989,"cognps_random_slope"
"8662","TSPAN31","Mic P2RY12",-1.1451429660402,4.35809822930834,5.90834823982005,0.015557520769242,0.246870698504002,0.328908326346273,"cognps_random_slope"
"8663","CDK4","Mic P2RY12",-1.15997764569292,3.72073451687617,4.29426759536117,0.0389532284835617,0.376632189688464,0.470758997319728,"cognps_random_slope"
"8664","MARCH9","Mic P2RY12",-0.639960478432545,4.44470744011433,2.05611750565255,0.152464885025612,0.620900468101574,0.698954697286379,"cognps_random_slope"
"8665","TSFM","Mic P2RY12",0.452082808105369,3.68998107365464,0.622434282307414,0.6860105436264,0.965979541361499,0.982411719879132,"cognps_random_slope"
"8666","AVIL","Mic P2RY12",0.1277965327774,5.0506176724581,0.0536744762607535,0.81692025442629,0.995084767910246,0.999791880761836,"cognps_random_slope"
"8667","CTDSP2","Mic P2RY12",-0.618759685610109,6.14363455447949,3.71765652832188,0.0546269085524928,0.436266508648365,0.529022187850494,"cognps_random_slope"
"8668","AC084033.3","Mic P2RY12",1.82518353279014,2.4698701540063,2.46736670242172,0.117111885634781,0.573971293403957,0.653369898372925,"cognps_random_slope"
"8669","ATP23","Mic P2RY12",0.535382992211895,3.11826085940029,0.481914333675462,0.488004668776405,0.882914886765573,0.917696481781987,"cognps_random_slope"
"8670","SLC16A7","Mic P2RY12",1.73617738561494,3.21761576723628,4.10795859274401,0.0434192513741032,0.395101986945241,0.48915845656095,"cognps_random_slope"
"8671","FAM19A2","Mic P2RY12",0.295055797349636,5.91685342560659,0.424430231645844,0.515150775058466,0.894942542151003,0.928385153467388,"cognps_random_slope"
"8672","USP15","Mic P2RY12",-0.637064412467681,9.12136211746107,6.28859264819215,0.0125916681572888,0.223818329222593,0.297993820934554,"cognps_random_slope"
"8673","MON2","Mic P2RY12",-0.10877004617846,7.9209761353558,0.358220379832154,0.549873029623259,0.912109390218929,0.940256030616682,"cognps_random_slope"
"8674","AC048341.1","Mic P2RY12",-0.815496637228007,4.29545932020974,2.63519204086669,0.105395613022,0.549219481955669,0.63464517088928,"cognps_random_slope"
"8675","PPM1H","Mic P2RY12",-0.189711634215071,5.16729500281347,0.149487567395376,0.699254205615942,0.969804265685207,0.98522366711326,"cognps_random_slope"
"8676","DPY19L2","Mic P2RY12",1.65735915766947,3.64531996999454,5.29581251412384,0.0219479917002208,0.290623781808482,0.379236780229514,"cognps_random_slope"
"8677","RXYLT1","Mic P2RY12",0.741843396502272,4.48317829941665,2.27570931615265,0.132292983917706,0.592633394995828,0.67008432316888,"cognps_random_slope"
"8678","SRGAP1","Mic P2RY12",-0.357777786836024,9.94239372832717,0.574174346386137,0.449101118939231,0.860983711651718,0.902163835559561,"cognps_random_slope"
"8679","AC020611.2","Mic P2RY12",-1.68479805238251,4.65729114341829,4.67485396369929,0.0312662537848774,0.343160579009944,0.434440252070389,"cognps_random_slope"
"8680","AC025576.2","Mic P2RY12",-0.837647353857145,2.99918182465065,0.775216628047521,0.379196072280031,0.817109915520936,0.868092551741806,"cognps_random_slope"
"8681","C12orf66","Mic P2RY12",0.515198001515415,3.67875696259642,0.813654108662846,0.367645838213073,0.812068877186977,0.862405100667332,"cognps_random_slope"
"8682","XPOT","Mic P2RY12",-0.237987431023298,5.44113312202253,0.231936617572614,0.630384481223978,0.947854781146043,0.96794498691135,"cognps_random_slope"
"8683","TBK1","Mic P2RY12",-0.16471869887364,6.60671448071368,0.541623237934824,0.462240520054273,0.868376242707705,0.90839989899311,"cognps_random_slope"
"8684","RASSF3","Mic P2RY12",-0.27324213083033,7.18088292792992,1.05548054495636,0.304938736782966,0.76554589951827,0.825698953853018,"cognps_random_slope"
"8685","GNS","Mic P2RY12",-0.699634582359811,6.19738192205282,4.04950869432705,0.0449293489820519,0.400181439116842,0.494497972935895,"cognps_random_slope"
"8686","AC025262.1","Mic P2RY12",1.22389214406598,2.61772299068473,1.55258903235437,0.213564733395454,0.694181635027816,0.759828851423014,"cognps_random_slope"
"8687","TBC1D30","Mic P2RY12",-0.345840290717976,5.82820897775332,0.54957968733324,0.45897329789799,0.866701951149653,0.907097805875916,"cognps_random_slope"
"8688","LINC02389","Mic P2RY12",-0.40187540649081,4.35813132328592,0.407759812710307,0.523515174589596,0.90001627385185,0.93154298430327,"cognps_random_slope"
"8689","LEMD3","Mic P2RY12",-0.116867856047087,6.40340742251711,0.169706607565457,0.68061811713514,0.963764980353924,0.980589311801902,"cognps_random_slope"
"8690","LLPH","Mic P2RY12",-0.569417144234312,3.73485352293036,0.835883807021666,0.429123436019098,0.848086940362737,0.891697247435349,"cognps_random_slope"
"8691","IRAK3","Mic P2RY12",-0.900129366085863,8.71679012505046,5.70803143110156,0.0174022208676775,0.258258208026296,0.341753544827342,"cognps_random_slope"
"8692","HELB","Mic P2RY12",0.503062158032004,5.88502865485309,1.37903660051469,0.241042348238725,0.722596547171085,0.7836048653269,"cognps_random_slope"
"8693","GRIP1","Mic P2RY12",2.00988948147358,5.16336908173481,7.45101233715919,0.00665187090185315,0.160863936801003,0.221747540920322,"cognps_random_slope"
"8694","CAND1","Mic P2RY12",-0.151027233167645,5.93491908604421,0.285186704299186,0.593651586405425,0.933747055096139,0.957016447301416,"cognps_random_slope"
"8695","DYRK2","Mic P2RY12",-0.138604623946583,4.72298527012398,0.0795215939760023,0.77810898966521,0.98974576254745,0.999508397105588,"cognps_random_slope"
"8696","LINC01479","Mic P2RY12",0.604124039293249,2.21919654883758,0.214725029113222,0.643369225164789,0.951443629329721,0.970883120121208,"cognps_random_slope"
"8697","IFNG-AS1","Mic P2RY12",1.07397313943526,2.46694296056427,0.785765052742573,0.37597613367342,0.815771808139964,0.866617108032639,"cognps_random_slope"
"8698","MDM1","Mic P2RY12",-0.0895139187728689,4.01531702761188,0.0227472978933331,0.880200633733422,0.999765323016076,0.999791880761836,"cognps_random_slope"
"8699","RAP1B","Mic P2RY12",-0.479465276104809,7.87329762699669,5.52647113976858,0.0192701993417871,0.273269779237343,0.359641261722343,"cognps_random_slope"
"8700","NUP107","Mic P2RY12",-0.0862777027175601,6.03970014539371,0.0898742383788328,0.922235139994247,0.999765323016076,0.999791880761836,"cognps_random_slope"
"8701","SLC35E3","Mic P2RY12",-0.161932821731192,6.2255176449493,0.159346390796668,0.689995932780448,0.967087387252322,0.983774153785057,"cognps_random_slope"
"8702","MDM2","Mic P2RY12",-0.117938368528051,7.06162199213108,0.118790772885106,0.730551180503136,0.977935907494009,0.992754357816929,"cognps_random_slope"
"8703","CPM","Mic P2RY12",-2.05757631873436,8.30833358225303,15.3726495430263,0.000105685604248506,0.024939888439247,0.0375786273262378,"cognps_random_slope"
"8704","CPSF6","Mic P2RY12",-0.254846885142567,6.8730505290612,1.35076028703981,0.2459159499103,0.727006319159039,0.787803854705654,"cognps_random_slope"
"8705","LYZ","Mic P2RY12",-2.96169985814404,2.92014718620596,9.87563269042202,0.00181386739868526,0.0927772404953481,0.132771560075842,"cognps_random_slope"
"8706","YEATS4","Mic P2RY12",0.269166242246009,3.73298188389306,0.225158294230285,0.635425352129651,0.949736241790035,0.96945689678304,"cognps_random_slope"
"8707","FRS2","Mic P2RY12",0.311408288043524,6.68787722406984,1.53775751768547,0.215760399296696,0.696553249426591,0.761978633765066,"cognps_random_slope"
"8708","CCT2","Mic P2RY12",-0.166077432003179,5.37525328075097,0.175590483556451,0.748148399249525,0.982244103840787,0.994674014762625,"cognps_random_slope"
"8709","RAB3IP","Mic P2RY12",-0.945777739010455,3.44108569693491,1.57821065691023,0.209834080519803,0.690585692519488,0.756679341546191,"cognps_random_slope"
"8710","MYRFL","Mic P2RY12",-0.282412809860048,2.83271648769089,0.0755683320663088,0.783553269695597,0.990117185051922,0.999731293681804,"cognps_random_slope"
"8711","AC025159.1","Mic P2RY12",-0.463142596359111,5.6195443240276,0.952271361767343,0.32979776094148,0.782641599045013,0.839270332854404,"cognps_random_slope"
"8712","CNOT2","Mic P2RY12",0.09858862482838,7.80276394856554,0.229424405552685,0.632242054958602,0.948777696968139,0.968564075162913,"cognps_random_slope"
"8713","KCNMB4","Mic P2RY12",0.514842419034052,5.92932138018412,1.09384031708223,0.296324329025874,0.76044472104093,0.821119960409086,"cognps_random_slope"
"8714","AC025569.1","Mic P2RY12",0.498008036505102,7.30875282311378,1.05438562832029,0.305189347858555,0.76575088209492,0.825698953853018,"cognps_random_slope"
"8715","PTPRB","Mic P2RY12",1.18789558086996,3.64666275580896,1.99292044051349,0.158900474244984,0.62960268995345,0.706937631044709,"cognps_random_slope"
"8716","PTPRR","Mic P2RY12",1.41329209718235,3.17188107698732,2.77054759445503,0.0968842862411073,0.535179851573405,0.621056648651056,"cognps_random_slope"
"8717","ZFC3H1","Mic P2RY12",-0.169514614801258,7.5860915790614,0.66745272891112,0.41448198931453,0.839297845089759,0.885398564439652,"cognps_random_slope"
"8718","THAP2","Mic P2RY12",0.790878444547767,3.44452924887345,1.26856361404758,0.260787332555717,0.734821497808907,0.795719496250888,"cognps_random_slope"
"8719","TMEM19","Mic P2RY12",-1.11655628110489,4.5347953471501,5.60216190136028,0.0184673678844497,0.268165890113493,0.353952102315042,"cognps_random_slope"
"8720","RAB21","Mic P2RY12",-0.636076607366225,6.10334928998041,5.20549949460838,0.0230994180566758,0.297220738505179,0.386522391137933,"cognps_random_slope"
"8721","TBC1D15","Mic P2RY12",-0.398485062587318,6.6299079980689,2.30521124645557,0.129819334006932,0.590176515936554,0.667766768819503,"cognps_random_slope"
"8722","TRHDE","Mic P2RY12",0.0129137788435219,4.31188509698891,0.000220212940169139,0.988168396975604,0.999765323016076,0.999791880761836,"cognps_random_slope"
"8723","LINC02444","Mic P2RY12",2.20119574873553,3.38025957780539,3.97777259167333,0.0468590148693257,0.407589519813096,0.501503703102968,"cognps_random_slope"
"8724","AC090502.1","Mic P2RY12",2.1037250252886,2.5991919313818,2.81911131966266,0.0940165424771177,0.530714273688228,0.614555798824766,"cognps_random_slope"
"8725","ATXN7L3B","Mic P2RY12",0.210909743917127,4.78683362888156,0.278827311542197,0.806195466744856,0.993231645669267,0.999791880761836,"cognps_random_slope"
"8726","KCNC2","Mic P2RY12",2.69534348964899,4.29714710734832,12.3590238481668,0.000494957960290286,0.0469078749597822,0.0709234819135438,"cognps_random_slope"
"8727","CAPS2","Mic P2RY12",-0.130762857770972,6.10263560489358,0.106870385813408,0.743925869917948,0.982072175094771,0.994674014762625,"cognps_random_slope"
"8728","GLIPR1L2","Mic P2RY12",1.52250960482866,3.23784972780486,2.76889055956183,0.0969838092144504,0.535508869914648,0.621286596769326,"cognps_random_slope"
"8729","GLIPR1","Mic P2RY12",0.00510368642666609,5.90447952269387,7.60857314282669e-05,0.993045206444014,0.999765323016076,0.999791880761836,"cognps_random_slope"
"8730","KRR1","Mic P2RY12",-0.26999637572053,5.22146239408109,0.823690069765896,0.364711219792001,0.811321749646589,0.861617358295156,"cognps_random_slope"
"8731","PHLDA1","Mic P2RY12",2.41204514130083,2.56087791300175,4.1294014147918,0.042878790388486,0.393309690172992,0.486852253353125,"cognps_random_slope"
"8732","NAP1L1","Mic P2RY12",-0.0600173485799691,6.99459240231835,0.0597586056615939,0.807017293637739,0.993352542948726,0.999791880761836,"cognps_random_slope"
"8733","OSBPL8","Mic P2RY12",-0.20984784427019,7.60491735230718,0.901972605499098,0.342891121533518,0.793761257500549,0.845970708576622,"cognps_random_slope"
"8734","AC107032.2","Mic P2RY12",-0.0514081802513447,3.16593986969491,0.00322509758190536,0.95474406446664,0.999765323016076,0.999791880761836,"cognps_random_slope"
"8735","ZDHHC17","Mic P2RY12",-0.235079497144705,6.60435381466194,0.951482978371227,0.365407277020437,0.811562709840244,0.862405100667332,"cognps_random_slope"
"8736","NAV3","Mic P2RY12",0.316995329212568,10.3800382886551,0.68220927472956,0.40937460782897,0.835775307665451,0.882626787103489,"cognps_random_slope"
"8737","AC073571.1","Mic P2RY12",-0.620124170720333,3.86459174460223,0.467791272259019,0.494445512085452,0.884891066701007,0.920501574728862,"cognps_random_slope"
"8738","SYT1","Mic P2RY12",1.31778751486527,7.52635100892163,5.0274684792102,0.0255573058212743,0.310792609175043,0.401208483787607,"cognps_random_slope"
"8739","PAWR","Mic P2RY12",0.19105237919627,2.50459241076854,0.0294374586631073,0.87200503957708,0.999765323016076,0.999791880761836,"cognps_random_slope"
"8740","PPP1R12A","Mic P2RY12",-0.625797361240374,8.21928659542808,10.0762610228519,0.00163145720622125,0.0874526320822841,0.12510613168115,"cognps_random_slope"
"8741","LIN7A","Mic P2RY12",1.46409001414481,3.17400099103302,2.66454952702415,0.103482121945733,0.545755181501284,0.630882758049362,"cognps_random_slope"
"8742","ACSS3","Mic P2RY12",1.76862706313525,2.53246371279685,2.56083403555184,0.110418854056803,0.56065247266128,0.644627053842235,"cognps_random_slope"
"8743","PPFIA2","Mic P2RY12",1.9568127514048,5.16957964532409,9.48651115760564,0.0022291654240463,0.100245120294109,0.142774245696374,"cognps_random_slope"
"8744","CCDC59","Mic P2RY12",0.611618882303071,4.39475782120075,1.30648267279311,0.253792815444889,0.730761427230338,0.791610268982432,"cognps_random_slope"
"8745","METTL25","Mic P2RY12",-0.254013684941039,6.3934270330006,0.834245697792106,0.361659628242635,0.809120799461542,0.859782073141074,"cognps_random_slope"
"8746","TMTC2","Mic P2RY12",-0.134819295839534,6.18659687482134,0.0566158319431701,0.812062504911845,0.994447726155304,0.999791880761836,"cognps_random_slope"
"8747","SLC6A15","Mic P2RY12",2.13778165359361,3.06150517838225,5.51658609237243,0.0193776912342394,0.273831363627786,0.359820709912381,"cognps_random_slope"
"8748","MGAT4C","Mic P2RY12",2.57808015979946,3.99992629956486,12.868427555456,0.000380412634275257,0.0406144974068395,0.0623857749901245,"cognps_random_slope"
"8749","C12orf29","Mic P2RY12",-0.198700304069585,3.30589665229616,0.0758755419997365,0.841928328228319,0.999765323016076,0.999791880761836,"cognps_random_slope"
"8750","CEP290","Mic P2RY12",0.597236092265053,6.32207460664557,4.73312131933939,0.0302378422158559,0.337681102945571,0.42901960525895,"cognps_random_slope"
"8751","TMTC3","Mic P2RY12",-0.256176480967403,5.00864275015749,0.474888273628985,0.51705178885889,0.895394436609966,0.928751097919475,"cognps_random_slope"
"8752","DUSP6","Mic P2RY12",0.0173844580472635,4.36960968291912,0.000776580058716881,0.977783537457981,0.999765323016076,0.999791880761836,"cognps_random_slope"
"8753","POC1B","Mic P2RY12",0.270294927325579,6.29970455778272,0.861062107547646,0.354063999931822,0.802416454842029,0.854003731514167,"cognps_random_slope"
"8754","POC1B-AS1","Mic P2RY12",-0.975413299883807,4.84431699091016,3.58268272698337,0.0591875350329223,0.44989912477379,0.543094414862529,"cognps_random_slope"
"8755","AC025034.1","Mic P2RY12",0.958217275043634,2.97530233341205,0.952053652423413,0.329852977494682,0.782641599045013,0.839270332854404,"cognps_random_slope"
"8756","ATP2B1","Mic P2RY12",0.383198263643754,7.82442205354436,2.8704809044437,0.0910836699617764,0.5245433008843,0.609522510919634,"cognps_random_slope"
"8757","ATP2B1-AS1","Mic P2RY12",1.01796773239292,4.0323361600449,2.20387006164166,0.138540686452249,0.602464311632875,0.67907281689345,"cognps_random_slope"
"8758","BTG1","Mic P2RY12",-1.3388319873709,6.44214928039459,6.36786921689917,0.0120507205881828,0.218586703270089,0.291272556201766,"cognps_random_slope"
"8759","AC025164.1","Mic P2RY12",-0.935130530461757,4.74608471856081,2.52134434257694,0.113193570866371,0.565123250770661,0.648552904299494,"cognps_random_slope"
"8760","LINC02391","Mic P2RY12",-0.176849034276201,6.94569384294352,0.23830264239553,0.625732232529334,0.945166089057208,0.966312731148605,"cognps_random_slope"
"8761","LINC02397","Mic P2RY12",-4.32648504545005,4.08479336127223,13.5885916434905,0.000262634665899255,0.0359587299138796,0.0548933450647856,"cognps_random_slope"
"8762","EEA1","Mic P2RY12",0.0522338651327502,7.22846120844059,0.0653712297908786,0.798345672303756,0.992143902613387,0.999791880761836,"cognps_random_slope"
"8763","AC138123.1","Mic P2RY12",0.385124749897527,3.85923084220363,0.179091585689684,0.672408040273902,0.961372041791375,0.97865973324565,"cognps_random_slope"
"8764","AC124947.1","Mic P2RY12",0.83815882001838,3.78933075471249,1.46959667344978,0.226205149619319,0.706583534051226,0.769637329131246,"cognps_random_slope"
"8765","NUDT4","Mic P2RY12",-0.240165942048395,4.80386682886694,0.425434579042557,0.514654345721742,0.894942542151003,0.92830484233112,"cognps_random_slope"
"8766","UBE2N","Mic P2RY12",0.0652891772054359,6.02181669405605,0.0491511983682799,0.837979412927688,0.999700499758612,0.999791880761836,"cognps_random_slope"
"8767","MRPL42","Mic P2RY12",0.354053279276152,4.89062227944548,0.888160660523502,0.346608885244494,0.795905701021498,0.84730906678079,"cognps_random_slope"
"8768","CRADD","Mic P2RY12",-0.340776227147254,7.41293864037785,1.29668415189349,0.255577761300383,0.731366298748306,0.792303485302201,"cognps_random_slope"
"8769","AC012085.2","Mic P2RY12",-0.574813662868218,3.02299120256602,0.374891370428678,0.540736980714948,0.910005809466235,0.939001507742756,"cognps_random_slope"
"8770","PLXNC1","Mic P2RY12",-2.16376010708713,5.92073131550671,10.6529241170395,0.00120436185144043,0.0745722769383174,0.105729831777795,"cognps_random_slope"
"8771","CEP83","Mic P2RY12",-0.443253110795823,6.03638852235474,1.29747657512939,0.255432834254646,0.731366298748306,0.792303485302201,"cognps_random_slope"
"8772","TMCC3","Mic P2RY12",0.169150954012664,7.83534051483148,0.360471353175962,0.548622730302845,0.91189570676601,0.940046630323137,"cognps_random_slope"
"8773","NDUFA12","Mic P2RY12",0.248685357285449,4.64014319135204,0.257092926299458,0.770530954850457,0.986443273387328,0.997526881305537,"cognps_random_slope"
"8774","NR2C1","Mic P2RY12",-0.586788639491556,6.03242750016693,4.63375163852682,0.0320137034227972,0.345980354491053,0.438220366525175,"cognps_random_slope"
"8775","FGD6","Mic P2RY12",0.00833960701070258,5.01420092051309,0.000284442994872132,0.986553318091462,0.999765323016076,0.999791880761836,"cognps_random_slope"
"8776","VEZT","Mic P2RY12",0.0718292598884168,6.56260599881934,0.0905373281323638,0.763669046515808,0.984139674089917,0.996142476555342,"cognps_random_slope"
"8777","METAP2","Mic P2RY12",-0.130540100980237,5.99592999574956,0.235921406506212,0.869962444118381,0.999765323016076,0.999791880761836,"cognps_random_slope"
"8778","NTN4","Mic P2RY12",1.07291198458592,2.83556816167482,1.29193209081914,0.256449007261937,0.731824845243249,0.79283623974268,"cognps_random_slope"
"8779","SNRPF","Mic P2RY12",0.193062313629734,3.84345459971438,0.115803956084533,0.733829450275005,0.978719188594747,0.993120241739745,"cognps_random_slope"
"8780","LTA4H","Mic P2RY12",-1.43049853953369,5.4482839437007,11.8427383414839,0.000646953183671158,0.0541863725898575,0.0810308862548126,"cognps_random_slope"
"8781","ELK3","Mic P2RY12",-0.0933597411875054,6.79841348876902,0.0934237109307425,0.760045764905444,0.983190954097967,0.995414674993652,"cognps_random_slope"
"8782","CDK17","Mic P2RY12",-0.449803293194387,6.74335432793414,2.86907767412147,0.0911624462555826,0.524546132361985,0.609687733857048,"cognps_random_slope"
"8783","CFAP54","Mic P2RY12",0.359033998470965,2.78156774918456,0.127709735714331,0.721028205342252,0.97571529536985,0.991463831658989,"cognps_random_slope"
"8784","NEDD1","Mic P2RY12",-0.00515631598819884,4.80604452272812,0.000196073541323777,0.9888356505807,0.999765323016076,0.999791880761836,"cognps_random_slope"
"8785","AC016152.1","Mic P2RY12",-0.264882829890255,3.9315627353976,0.0977316062383677,0.754750165088596,0.982362758581223,0.995078507129964,"cognps_random_slope"
"8786","TMPO","Mic P2RY12",-0.920930200334506,6.10717665073191,9.21334257036474,0.00257758387917244,0.108965935535615,0.155378685978456,"cognps_random_slope"
"8787","SLC25A3","Mic P2RY12",0.589928562045041,5.53273407373269,2.3339393916215,0.127460200680346,0.587972145635143,0.665657920588163,"cognps_random_slope"
"8788","IKBIP","Mic P2RY12",-0.565993722235713,6.33250001957208,2.65884665496091,0.103850818829442,0.546575218031687,0.631934334820448,"cognps_random_slope"
"8789","APAF1","Mic P2RY12",-0.51593801732117,7.11003637175042,3.25867827575362,0.0718826044776909,0.481701677783777,0.572274865842081,"cognps_random_slope"
"8790","ANKS1B","Mic P2RY12",1.73290765094704,6.21399456749464,9.93877891300846,0.00175431799275537,0.0911848815479553,0.13024657206858,"cognps_random_slope"
"8791","UHRF1BP1L","Mic P2RY12",-0.0476569132297769,6.85120750874816,0.0378009650103714,0.946518517029257,0.999765323016076,0.999791880761836,"cognps_random_slope"
"8792","ACTR6","Mic P2RY12",0.0359002660488163,4.49114301200364,0.00751236728490473,0.9309789496688,0.999765323016076,0.999791880761836,"cognps_random_slope"
"8793","DEPDC4","Mic P2RY12",-0.467678339427075,2.92931458750885,0.26810346556454,0.604925195188504,0.937938509860135,0.96022238439237,"cognps_random_slope"
"8794","SCYL2","Mic P2RY12",-0.0945716291888808,6.44413072104352,0.131596523837393,0.745216912243712,0.982244103840787,0.994674014762625,"cognps_random_slope"
"8795","GAS2L3","Mic P2RY12",0.65950004527039,4.27401263251642,1.22860235133788,0.268419747938908,0.742826661762393,0.802490666399151,"cognps_random_slope"
"8796","ANO4","Mic P2RY12",1.62544154825259,3.60846405019091,4.04665586183417,0.0450044610666653,0.400467983236641,0.494657026941148,"cognps_random_slope"
"8797","UTP20","Mic P2RY12",-0.0164603050926472,5.78042010320674,0.00213661565988341,0.963157737022129,0.999765323016076,0.999791880761836,"cognps_random_slope"
"8798","ARL1","Mic P2RY12",-0.0783799802269918,4.08901974957743,0.0252128623738504,0.873926935295375,0.999765323016076,0.999791880761836,"cognps_random_slope"
"8799","CHPT1","Mic P2RY12",-1.42530292409794,7.05803087350671,13.3274385024715,0.000300336047431529,0.036589121560272,0.0559593073499489,"cognps_random_slope"
"8800","SYCP3","Mic P2RY12",-1.23257516799762,3.22602249082982,2.09986816191908,0.148183238406599,0.614990268778829,0.692233885854877,"cognps_random_slope"
"8801","GNPTAB","Mic P2RY12",-0.251048961362442,6.9094180748777,0.710995311185719,0.399674062589964,0.82950017718202,0.877897744901724,"cognps_random_slope"
"8802","DRAM1","Mic P2RY12",-1.6876826113789,5.44123129860265,8.2872982383166,0.00423106156107928,0.134887370559063,0.18993212708763,"cognps_random_slope"
"8803","WASHC3","Mic P2RY12",-0.282918092270478,5.91291305854098,0.710723123406251,0.399764208790181,0.82950017718202,0.877998027437834,"cognps_random_slope"
"8804","NUP37","Mic P2RY12",0.629473812940905,4.35193062117359,1.81258408703231,0.179046517897773,0.651805736853547,0.725651126636356,"cognps_random_slope"
"8805","PARPBP","Mic P2RY12",-0.195651381177198,3.33426424720235,0.0578263590114204,0.810102072240509,0.994034132767222,0.999791880761836,"cognps_random_slope"
"8806","LINC02456","Mic P2RY12",-0.680352050608715,3.02268438716174,0.378633838757978,0.538724477284924,0.909021244031133,0.938176904122243,"cognps_random_slope"
"8807","IGF1","Mic P2RY12",2.17746156024479,5.58775972797256,7.9571944517141,0.00505536588500731,0.145345455940531,0.201826080045344,"cognps_random_slope"
"8808","C12orf42","Mic P2RY12",0.271460365078082,5.37656662529666,0.0933707031022793,0.760111750104839,0.983190954097967,0.995414674993652,"cognps_random_slope"
"8809","NT5DC3","Mic P2RY12",-0.81273859452689,3.4677335842922,1.1623180576309,0.281707917432349,0.750907838952912,0.811474754307675,"cognps_random_slope"
"8810","HSP90B1","Mic P2RY12",-0.646811494841255,6.91285273363281,0.871386714173184,0.351198004371311,0.800136765824539,0.851646661132753,"cognps_random_slope"
"8811","C12orf73","Mic P2RY12",-0.328636219952459,4.32223395943078,0.437738537319296,0.659195070793565,0.955612931885691,0.973592644066785,"cognps_random_slope"
"8812","TDG","Mic P2RY12",-0.0821303261124573,5.44943457325403,0.0579737301387472,0.809864894227062,0.994034132767222,0.999791880761836,"cognps_random_slope"
"8813","HCFC2","Mic P2RY12",-0.405460231580983,5.17938128509488,1.43231865164302,0.232174755545454,0.713945364631627,0.775923490034429,"cognps_random_slope"
"8814","NFYB","Mic P2RY12",-0.147290044444021,4.02361584785912,0.0955701532412771,0.805437207998208,0.993231645669267,0.999791880761836,"cognps_random_slope"
"8815","TXNRD1","Mic P2RY12",-0.498550791736876,6.81663855829276,2.26539073301634,0.133170597731853,0.593685688690808,0.671451491773456,"cognps_random_slope"
"8816","CHST11","Mic P2RY12",-0.136757515166478,11.4282024175698,0.183914317223592,0.668287465844247,0.959781409257181,0.977077880509634,"cognps_random_slope"
"8817","SLC41A2","Mic P2RY12",0.569158595003449,4.18726306201906,0.477519118924725,0.489994005075209,0.883888768611236,0.918678554290124,"cognps_random_slope"
"8818","C12orf45","Mic P2RY12",-0.3325546803742,4.9430228455079,0.475313207132289,0.490997538858815,0.884151843354876,0.918939026529304,"cognps_random_slope"
"8819","ALDH1L2","Mic P2RY12",0.223061930875222,3.96895242896881,0.0528811463384443,0.81825436395592,0.995204567340528,0.999791880761836,"cognps_random_slope"
"8820","WASHC4","Mic P2RY12",-0.295048070474912,7.98456701141549,1.88886617587416,0.17018570362611,0.642310971122555,0.719645980681633,"cognps_random_slope"
"8821","APPL2","Mic P2RY12",0.127474028172031,8.52969989209234,0.140972897096016,0.707537085303763,0.973207309924008,0.988354461037649,"cognps_random_slope"
"8822","C12orf75","Mic P2RY12",0.049707386299249,7.0887066079598,0.0105192630827009,0.918366610239512,0.999765323016076,0.999791880761836,"cognps_random_slope"
"8823","NUAK1","Mic P2RY12",0.0300376477505831,7.66645949024997,0.00786765340761044,0.929369869890371,0.999765323016076,0.999791880761836,"cognps_random_slope"
"8824","CKAP4","Mic P2RY12",0.580202091477532,3.61980430690679,0.895206303999385,0.344705615527101,0.79495583871654,0.846771771087706,"cognps_random_slope"
"8825","TCP11L2","Mic P2RY12",0.372725766596989,4.76246548771588,0.325706915460366,0.568554434261686,0.922925953141032,0.948753778898485,"cognps_random_slope"
"8826","POLR3B","Mic P2RY12",0.422477907385317,5.09919309308701,0.77216910807792,0.380133589626684,0.818340599933686,0.868751729364795,"cognps_random_slope"
"8827","AC079385.1","Mic P2RY12",-0.553823220981849,2.92425738694885,0.415887155853698,0.693219695355673,0.968398542864556,0.984696956150552,"cognps_random_slope"
"8828","RIC8B","Mic P2RY12",-0.0665636603198152,6.27895668814006,0.0641891950247447,0.80013799934877,0.992143902613387,0.999791880761836,"cognps_random_slope"
"8829","TMEM263","Mic P2RY12",0.123875730982789,5.07823631228268,0.102083796116884,0.749528703456346,0.982244103840787,0.994674014762625,"cognps_random_slope"
"8830","MTERF2","Mic P2RY12",1.30268341237936,3.86832020622355,5.80643971649777,0.0164692254225134,0.252167185531587,0.334797904504991,"cognps_random_slope"
"8831","CRY1","Mic P2RY12",0.242312980363238,5.12820687897994,0.310415344983418,0.577772005955372,0.926052224830516,0.951090082467838,"cognps_random_slope"
"8832","BTBD11","Mic P2RY12",-2.63622658046677,4.6416836256442,8.16168031083193,0.00452718631782194,0.138174592835903,0.194153799045,"cognps_random_slope"
"8833","PWP1","Mic P2RY12",-0.307770531613106,5.28869292759658,0.833065417539445,0.361999082083469,0.809172231311544,0.859972514284443,"cognps_random_slope"
"8834","PRDM4","Mic P2RY12",0.0818079517652207,5.0387294095785,0.0510526613853613,0.821369941047466,0.996726931048618,0.999791880761836,"cognps_random_slope"
"8835","AC126177.2","Mic P2RY12",1.04827599194239,3.03192421464441,1.59213090906832,0.20783970857775,0.689420775903573,0.754670032192847,"cognps_random_slope"
"8836","AC126177.8","Mic P2RY12",1.14940670538034,3.4616480578516,1.94110150189543,0.164409509711994,0.636226346996947,0.713221550212988,"cognps_random_slope"
"8837","AC126177.4","Mic P2RY12",0.939480699892547,5.64231787927075,2.78387649036004,0.0960877936239543,0.534126508894427,0.619347758812554,"cognps_random_slope"
"8838","CMKLR1","Mic P2RY12",0.36482283585162,7.73784109423926,0.855035474860414,0.355751755784273,0.804493634705542,0.855920623182931,"cognps_random_slope"
"8839","FICD","Mic P2RY12",0.0837056476320038,3.54990310221973,0.0138066512338829,0.906528086950935,0.999765323016076,0.999791880761836,"cognps_random_slope"
"8840","SART3","Mic P2RY12",-0.306556449071452,5.73610407522517,1.1328454467684,0.28788332203256,0.754255972880221,0.814647163364235,"cognps_random_slope"
"8841","ISCU","Mic P2RY12",-0.560130345633312,5.13228818589282,1.88063740403482,0.171116772906725,0.64374484958574,0.721053105804552,"cognps_random_slope"
"8842","TMEM119","Mic P2RY12",-1.00871916657015,6.01188412030978,4.38573619778092,0.0369403717328146,0.366152308869414,0.459614062205466,"cognps_random_slope"
"8843","SELPLG","Mic P2RY12",-0.639404428550289,6.55254275626637,1.28261746534008,0.258167448481294,0.733393285584486,0.794260887759699,"cognps_random_slope"
"8844","AC007569.1","Mic P2RY12",-0.135922195207152,3.34365500860834,0.028373294989249,0.866328889726536,0.999765323016076,0.999791880761836,"cognps_random_slope"
"8845","CORO1C","Mic P2RY12",-0.739177520913261,7.15096297517421,7.70589766868979,0.00579192776854133,0.153549860407844,0.212612946197523,"cognps_random_slope"
"8846","SSH1","Mic P2RY12",-0.0463342767770286,8.32551056093842,0.0275816421658292,0.868189510663908,0.999765323016076,0.999791880761836,"cognps_random_slope"
"8847","SVOP","Mic P2RY12",2.67967574538705,3.02792778195093,7.34480073279551,0.00704790708155565,0.166005346951306,0.228645453952784,"cognps_random_slope"
"8848","USP30","Mic P2RY12",0.626275578110797,4.21055728673945,2.12257486016516,0.146014911292998,0.612508854637727,0.690184037603556,"cognps_random_slope"
"8849","ALKBH2","Mic P2RY12",0.18533112342987,2.87834063844483,0.0359624603631769,0.849700023733889,0.999765323016076,0.999791880761836,"cognps_random_slope"
"8850","UNG","Mic P2RY12",1.70208908294212,3.26572207601108,5.57262324280226,0.0187764643213813,0.26945337049154,0.356103010799918,"cognps_random_slope"
"8851","ACACB","Mic P2RY12",-0.909763378805583,4.24589724023225,2.12866561324183,0.14543941408085,0.612133664603476,0.689285598161185,"cognps_random_slope"
"8852","KCTD10","Mic P2RY12",-0.939434854092575,4.20063548883835,4.5868936514428,0.0328887262566862,0.348964228476526,0.441881009211556,"cognps_random_slope"
"8853","UBE3B","Mic P2RY12",0.66698533767343,5.55853209730895,4.00627588513174,0.0460819907240078,0.4047031862747,0.498961401649665,"cognps_random_slope"
"8854","MMAB","Mic P2RY12",1.61875799042718,3.78603746924844,6.65566752598455,0.0102802354232393,0.202083971870546,0.275102127127034,"cognps_random_slope"
"8855","MVK","Mic P2RY12",0.358337464816692,3.33323667946944,0.215415740053847,0.642836140061362,0.951443629329721,0.970883120121208,"cognps_random_slope"
"8856","TRPV4","Mic P2RY12",-1.40892373966068,3.843124889857,3.28916011803533,0.0705720672110831,0.48104591693577,0.571978509732139,"cognps_random_slope"
"8857","GLTP","Mic P2RY12",-0.190685017766609,4.40018069832461,0.172937056865421,0.677762673883078,0.963032358317531,0.980096514019067,"cognps_random_slope"
"8858","TCHP","Mic P2RY12",-0.0861764047920889,5.734486586189,0.0615437054489359,0.804214070767827,0.993197797801506,0.999791880761836,"cognps_random_slope"
"8859","GIT2","Mic P2RY12",-0.217065370238633,7.74056781199238,0.996315089335753,0.318874923856954,0.774041290465206,0.831775443521351,"cognps_random_slope"
"8860","ANKRD13A","Mic P2RY12",0.554157918124517,6.07210059422106,4.00442459267536,0.0572073621950062,0.444138591478326,0.537589159489503,"cognps_random_slope"
"8861","C12orf76","Mic P2RY12",0.160354911236366,5.98186666342999,0.153005105253993,0.695911597042886,0.969296644507763,0.984989885855413,"cognps_random_slope"
"8862","IFT81","Mic P2RY12",-0.19598206667288,3.62932615121141,0.0879062194722263,0.76702718290389,0.985900526390563,0.996584922860264,"cognps_random_slope"
"8863","ATP2A2","Mic P2RY12",0.238361297828171,7.42297918818374,0.437423888387628,0.508791967510412,0.892216806041276,0.926776675084612,"cognps_random_slope"
"8864","ANAPC7","Mic P2RY12",0.342080270376697,5.69073024907314,1.3015750400528,0.254684881473236,0.73129610216815,0.79224517442542,"cognps_random_slope"
"8865","ARPC3","Mic P2RY12",0.166099321156889,7.10177164295643,0.50302157905052,0.590276348169279,0.932334686624445,0.955921900498399,"cognps_random_slope"
"8866","GPN3","Mic P2RY12",0.540196543693374,5.10213058648401,0.953599262426692,0.329461238637433,0.782266133766874,0.839098918332684,"cognps_random_slope"
"8867","FAM216A","Mic P2RY12",0.558828148351799,5.05465957194664,1.40961229484061,0.235904386773146,0.717034210514582,0.779490605276357,"cognps_random_slope"
"8868","VPS29","Mic P2RY12",0.167353287019179,6.6492964185878,0.440129697491978,0.507484899097176,0.891301972336335,0.926064964373514,"cognps_random_slope"
"8869","RAD9B","Mic P2RY12",1.25714056145611,3.07566269638533,2.39184321458351,0.122849250041539,0.581168825167187,0.660864338941303,"cognps_random_slope"
"8870","PPTC7","Mic P2RY12",-0.354822482906487,5.83616736417397,1.60623365919714,0.205842081623989,0.687214537031122,0.753140282490449,"cognps_random_slope"
"8871","TCTN1","Mic P2RY12",1.14550269270512,3.85012066867259,3.41141468275186,0.0655681965275924,0.467631400567464,0.55930192611221,"cognps_random_slope"
"8872","HVCN1","Mic P2RY12",0.066474552213604,5.57206848712706,0.0128038897575408,0.909971384731555,0.999765323016076,0.999791880761836,"cognps_random_slope"
"8873","PPP1CC","Mic P2RY12",-0.358736994883843,5.15159122959583,0.977794118668193,0.323408835349644,0.777678414233013,0.8350036867794,"cognps_random_slope"
"8874","CUX2","Mic P2RY12",0.0975278199016995,3.3724437405452,0.0213016458984767,0.884041974449405,0.999765323016076,0.999791880761836,"cognps_random_slope"
"8875","LINC02356","Mic P2RY12",-0.738890823254286,3.18564965277999,0.761232639762007,0.383525190873308,0.820077221309797,0.870109419832553,"cognps_random_slope"
"8876","SH2B3","Mic P2RY12",0.207759415801493,7.97987544711009,0.582760869308822,0.445732671935492,0.85886375336895,0.900014179067284,"cognps_random_slope"
"8877","ATXN2","Mic P2RY12",-0.0796476986602354,7.98607118829609,0.204830887437697,0.651122321497521,0.95432062102672,0.973320402368331,"cognps_random_slope"
"8878","BRAP","Mic P2RY12",0.379705173988915,5.41493618013896,1.72438459372974,0.238087204687217,0.718888197917372,0.780529108831442,"cognps_random_slope"
"8879","ACAD10","Mic P2RY12",0.419259930205055,5.54183719177718,1.76008551253878,0.185455646191106,0.660999325207599,0.732422699427839,"cognps_random_slope"
"8880","AC002996.1","Mic P2RY12",-0.0570027900942673,3.28613848974546,0.00519415819604775,0.94258586008466,0.999765323016076,0.999791880761836,"cognps_random_slope"
"8881","ALDH2","Mic P2RY12",-0.0652431263599302,6.13471735278195,0.0225961704455657,0.880596249062977,0.999765323016076,0.999791880761836,"cognps_random_slope"
"8882","MAPKAPK5-AS1","Mic P2RY12",0.400494670593868,4.50950712651187,0.630336128205528,0.466459439061136,0.871240569604692,0.910838700427579,"cognps_random_slope"
"8883","MAPKAPK5","Mic P2RY12",0.0546162726840326,5.59824153042574,0.0330488075235291,0.855847357387385,0.999765323016076,0.999791880761836,"cognps_random_slope"
"8884","TMEM116","Mic P2RY12",0.245378512620071,4.31892946767333,0.229033831580033,0.805979160870552,0.993231645669267,0.999791880761836,"cognps_random_slope"
"8885","ERP29","Mic P2RY12",0.159938427317866,5.14577756828382,0.159683341883686,0.844060572194435,0.999765323016076,0.999791880761836,"cognps_random_slope"
"8886","NAA25","Mic P2RY12",-0.0505483064216895,6.92095018070429,0.0319769227834347,0.858179012512518,0.999765323016076,0.999791880761836,"cognps_random_slope"
"8887","TRAFD1","Mic P2RY12",0.49185741959865,5.20480562190128,1.47635160748143,0.225143341902047,0.706583534051226,0.769637329131246,"cognps_random_slope"
"8888","HECTD4","Mic P2RY12",0.271616143941887,7.31625095625752,1.9277923809367,0.165859557736691,0.637054724342046,0.714425626513891,"cognps_random_slope"
"8889","RPL6","Mic P2RY12",-0.289083269065135,6.13546961983192,0.56640964785449,0.452181500708039,0.863908863777668,0.904661241634531,"cognps_random_slope"
"8890","PTPN11","Mic P2RY12",-0.0919869873113578,6.18436646861277,0.0913797500342037,0.780109549051584,0.990020960532974,0.999508397105588,"cognps_random_slope"
"8891","RPH3A","Mic P2RY12",2.33051287737409,3.87185092972299,10.2077927417273,0.00152211226284836,0.0846382839602942,0.120407091108478,"cognps_random_slope"
"8892","OAS1","Mic P2RY12",1.52602922678176,5.68127386861866,5.04531235997481,0.0252990983080678,0.309336876301475,0.399977679772362,"cognps_random_slope"
"8893","AC004551.1","Mic P2RY12",2.30086429061812,3.22330793222086,4.92365738051379,0.0271150510829997,0.318123700157624,0.409449984371218,"cognps_random_slope"
"8894","OAS3","Mic P2RY12",1.98910049363999,4.29745678927995,4.18148729678298,0.0415953521327721,0.388599379729277,0.482085645997451,"cognps_random_slope"
"8895","OAS2","Mic P2RY12",1.01374266051584,4.26751330224501,1.67972977198264,0.195791498543203,0.674402119521831,0.742675543448267,"cognps_random_slope"
"8896","DDX54","Mic P2RY12",-0.291046045383399,4.39013472522243,0.421948276308437,0.516381156306476,0.894984981332526,0.928522345583786,"cognps_random_slope"
"8897","TPCN1","Mic P2RY12",1.27240067664644,7.25078297272638,10.827742717337,0.00109883292704491,0.0719399553124685,0.102948497980586,"cognps_random_slope"
"8898","SLC8B1","Mic P2RY12",0.196256378347783,6.62795269898646,0.364418100356616,0.546443286539391,0.911392352382404,0.940041033146701,"cognps_random_slope"
"8899","PLBD2","Mic P2RY12",-0.362455185745168,4.98804925851363,0.782047567201349,0.377106489665753,0.816810096656013,0.867714412075362,"cognps_random_slope"
"8900","SDS","Mic P2RY12",-0.345565826956908,2.2474418940844,0.0898194039552826,0.764580013211493,0.984637397371441,0.996291436935487,"cognps_random_slope"
"8901","SDSL","Mic P2RY12",0.293402897444959,3.34705453808361,0.156270995105933,0.692847567997404,0.96818042322557,0.984448756570333,"cognps_random_slope"
"8902","RBM19","Mic P2RY12",0.0963230001542516,6.36109151447102,0.099717995853513,0.752351493129085,0.982244103840787,0.994674014762625,"cognps_random_slope"
"8903","MED13L","Mic P2RY12",-0.235741755382057,10.3799864150795,1.32179874664231,0.251033475315231,0.729501575487489,0.789227402172902,"cognps_random_slope"
"8904","MAP1LC3B2","Mic P2RY12",1.45913161663733,3.25989721952389,2.29966046081878,0.130280767860447,0.591627438189717,0.669051985840905,"cognps_random_slope"
"8905","C12orf49","Mic P2RY12",0.486476391435425,3.9427687720666,0.854818635174342,0.366059477327933,0.811562709840244,0.862405100667332,"cognps_random_slope"
"8906","RNFT2","Mic P2RY12",0.311853602982943,3.7737463049388,0.221755547141943,0.637991027628572,0.950271487556261,0.970357720549608,"cognps_random_slope"
"8907","FBXW8","Mic P2RY12",0.397132010818665,6.57605287535407,1.92832207370872,0.165801567193072,0.637054724342046,0.714425626513891,"cognps_random_slope"
"8908","TESC","Mic P2RY12",0.0589789687393239,4.98469401039228,0.0129076379568051,0.90960894035184,0.999765323016076,0.999791880761836,"cognps_random_slope"
"8909","FBXO21","Mic P2RY12",-0.0193030979460798,5.40170862116675,0.0037358498581055,0.951296320889592,0.999765323016076,0.999791880761836,"cognps_random_slope"
"8910","KSR2","Mic P2RY12",1.4286052350239,3.94415077807983,5.12866036407008,0.024128563387694,0.302363338948455,0.392764232184521,"cognps_random_slope"
"8911","RFC5","Mic P2RY12",0.180844405007975,3.09692447419886,0.0636925103104893,0.800896364988201,0.992196422862696,0.999791880761836,"cognps_random_slope"
"8912","WSB2","Mic P2RY12",0.706036768555479,4.8599083700658,2.94213159897221,0.087158148393684,0.513808976371187,0.599371981462588,"cognps_random_slope"
"8913","VSIG10","Mic P2RY12",-0.000833156363843211,4.11040463849741,7.15100255772063e-07,0.999325749044742,0.999765323016076,0.999791880761836,"cognps_random_slope"
"8914","PEBP1","Mic P2RY12",1.29679512068636,6.35042821263056,4.81185555595825,0.0289041272502927,0.327929780474217,0.419793781002454,"cognps_random_slope"
"8915","TAOK3","Mic P2RY12",-0.0484563495110571,9.15985523415939,0.0484670034480596,0.825877518250897,0.997708881464011,0.999791880761836,"cognps_random_slope"
"8916","SUDS3","Mic P2RY12",-0.30568439770612,5.10953234627062,0.813896905270078,0.367574454656803,0.812045048937656,0.862405100667332,"cognps_random_slope"
"8917","SRRM4","Mic P2RY12",1.10280107154754,3.673250764133,2.26367337880726,0.133317294524953,0.593944502635935,0.671651040238002,"cognps_random_slope"
"8918","HSPB8","Mic P2RY12",1.16124626076641,2.84482450120411,1.6760323498776,0.204690087707624,0.685934449954956,0.751953401885022,"cognps_random_slope"
"8919","CCDC60","Mic P2RY12",-0.281078539296366,3.46251494966894,0.0959908662594046,0.756874304146022,0.983190954097967,0.995414674993652,"cognps_random_slope"
"8920","AC002070.1","Mic P2RY12",-0.13956137039921,5.23246060499396,0.0734573191416226,0.786523372126596,0.990846935978286,0.999791880761836,"cognps_random_slope"
"8921","PRKAB1","Mic P2RY12",-1.50388554472791,5.09430145694539,8.58069252062009,0.00361415611834283,0.122276298655006,0.175846160577295,"cognps_random_slope"
"8922","CIT","Mic P2RY12",1.36395412317878,4.2385782973039,5.86052571188435,0.0159786646174477,0.249278328915503,0.332211739581306,"cognps_random_slope"
"8923","BICDL1","Mic P2RY12",2.83745808905988,2.88532075594247,8.45380204728987,0.00386881542161607,0.127629658632976,0.182441458678004,"cognps_random_slope"
"8924","RAB35","Mic P2RY12",0.749280809665923,5.49613469673626,4.67512296815878,0.031261422600852,0.343160579009944,0.434440252070389,"cognps_random_slope"
"8925","AC004812.2","Mic P2RY12",-0.351245234160008,2.91660933585858,0.166251632588591,0.683707436206131,0.96525413612764,0.981755202962964,"cognps_random_slope"
"8926","GCN1","Mic P2RY12",0.151834047569824,5.36904730278006,0.181438971233053,0.670394334442279,0.960390254014357,0.977559036931711,"cognps_random_slope"
"8927","RPLP0","Mic P2RY12",-0.938246072645883,5.94430750857218,3.32997692373341,0.0688572834236982,0.476630400393068,0.567600531914909,"cognps_random_slope"
"8928","PXN-AS1","Mic P2RY12",-0.413332946631887,3.28071479218797,0.332928795072209,0.564300581347674,0.922158496670547,0.947917378948379,"cognps_random_slope"
"8929","PXN","Mic P2RY12",0.0195057143963968,6.55870732067166,0.00109438635603956,0.973627939589678,0.999765323016076,0.999791880761836,"cognps_random_slope"
"8930","SIRT4","Mic P2RY12",-0.923549598912843,2.93724914287897,1.21754523727117,0.317051450537223,0.77224084595521,0.830919831092092,"cognps_random_slope"
"8931","GATC","Mic P2RY12",-0.286726700138277,3.91594738727504,0.269131815660983,0.604233822551542,0.937802649979608,0.960175025554302,"cognps_random_slope"
"8932","SRSF9","Mic P2RY12",-0.452082644236855,4.78996990914744,1.20462391465624,0.273133787705893,0.745697838524862,0.805080313167337,"cognps_random_slope"
"8933","DYNLL1","Mic P2RY12",0.762159424318948,5.63022163050069,1.94377947836331,0.164119501116762,0.635601678063941,0.71264910490705,"cognps_random_slope"
"8934","COQ5","Mic P2RY12",0.940199448678673,4.15543473859009,3.73473512680844,0.0540770873906836,0.434347947711541,0.526344557013956,"cognps_random_slope"
"8935","RNF10","Mic P2RY12",0.131825911366223,6.19380023732005,0.311663985732767,0.577008279024886,0.925381515942136,0.950961913137039,"cognps_random_slope"
"8936","POP5","Mic P2RY12",0.49336523430079,4.45828311326127,1.03437119533017,0.309817928767241,0.768573804238758,0.82799591029712,"cognps_random_slope"
"8937","CABP1","Mic P2RY12",1.67472747567298,4.50459079359519,7.72768096434044,0.00572393675782675,0.152674796573943,0.211547649981078,"cognps_random_slope"
"8938","MLEC","Mic P2RY12",-0.0781546953021222,6.19661441001803,0.0407603852133412,0.840115299527533,0.999765323016076,0.999791880761836,"cognps_random_slope"
"8939","ACADS","Mic P2RY12",0.511238480556962,3.42242618267963,0.677664223974838,0.410937742729117,0.836655446793785,0.883410488123251,"cognps_random_slope"
"8940","SPPL3","Mic P2RY12",-0.20465440547585,8.26575812437189,1.00013363726331,0.317950588792687,0.773159027126694,0.831246029322042,"cognps_random_slope"
"8941","C12orf43","Mic P2RY12",-0.138756311109647,3.54656820619227,0.0504111477555123,0.822476895021166,0.996726931048618,0.999791880761836,"cognps_random_slope"
"8942","OASL","Mic P2RY12",0.856732726475992,2.57977168200698,0.443685067529832,0.505776214874073,0.891090914075268,0.925603545137578,"cognps_random_slope"
"8943","P2RX7","Mic P2RY12",-0.795979646408943,8.04816430979335,5.59805067415713,0.0185100700212657,0.268165890113493,0.353952102315042,"cognps_random_slope"
"8944","P2RX4","Mic P2RY12",0.337049798480216,7.0616057113463,1.08666967028329,0.297910531627475,0.761720364612185,0.822068227825695,"cognps_random_slope"
"8945","CAMKK2","Mic P2RY12",0.155734533480177,5.92752584314763,0.228468320425255,0.632952287677658,0.949002694388455,0.968564075162913,"cognps_random_slope"
"8946","ANAPC5","Mic P2RY12",0.328524480360459,6.78085654362634,2.58744220682062,0.108591639167277,0.558416707421907,0.64271679240283,"cognps_random_slope"
"8947","RNF34","Mic P2RY12",-0.499195365796638,5.84822744972105,2.61921406282671,0.106453377418478,0.551869133765967,0.635927767328985,"cognps_random_slope"
"8948","KDM2B","Mic P2RY12",0.0778339414202209,7.23015684454672,0.0700656939367524,0.791392794920181,0.990886185623222,0.999791880761836,"cognps_random_slope"
"8949","AC145422.1","Mic P2RY12",0.768715009726799,3.5222234398194,1.02994101880463,0.310854802429785,0.769107077146114,0.828590863180361,"cognps_random_slope"
"8950","ORAI1","Mic P2RY12",-0.552315964205896,3.68289279172429,0.910748085514071,0.340557027490295,0.792400509359127,0.845512643098497,"cognps_random_slope"
"8951","TMEM120B","Mic P2RY12",0.301144278296686,5.45410796615764,0.712206072520053,0.39927342666676,0.82950017718202,0.877897744901724,"cognps_random_slope"
"8952","RHOF","Mic P2RY12",-0.946335716947949,2.74296411656351,0.96480684919913,0.432475746423339,0.850045097949423,0.893445038313404,"cognps_random_slope"
"8953","SETD1B","Mic P2RY12",-0.135421382869455,5.16954753065146,0.156459565743242,0.731375180741429,0.978316173868542,0.992754357816929,"cognps_random_slope"
"8954","WDR66","Mic P2RY12",-0.221139429159019,2.87255541877773,0.0481894128739856,0.826368867367662,0.997790670013024,0.999791880761836,"cognps_random_slope"
"8955","BCL7A","Mic P2RY12",1.55599829176858,2.95802744036417,2.78765957405791,0.0958630355803603,0.534126508894427,0.619086833904103,"cognps_random_slope"
"8956","MLXIP","Mic P2RY12",0.24040746009611,8.00978160612328,0.767415090878993,0.38160264841299,0.819075370214366,0.869440981513608,"cognps_random_slope"
"8957","CLIP1","Mic P2RY12",0.257296281700876,7.17857192757975,1.49668179070537,0.221983625864993,0.70294595092844,0.767426379920919,"cognps_random_slope"
"8958","ZCCHC8","Mic P2RY12",-0.186920024082431,5.99641211577675,0.447071165603683,0.504158049979353,0.89103184434892,0.925288443241982,"cognps_random_slope"
"8959","RSRC2","Mic P2RY12",-0.131684544958928,6.55556250626221,0.24817610814713,0.618666786832321,0.941924926164701,0.963917775753802,"cognps_random_slope"
"8960","KNTC1","Mic P2RY12",-0.282332186172714,4.54311660732126,0.312644363548307,0.576410039903602,0.925135008689757,0.95063455672342,"cognps_random_slope"
"8961","DENR","Mic P2RY12",-0.203765228939969,6.3630562622775,0.654353809940443,0.419095195041093,0.841404191357022,0.887205359811597,"cognps_random_slope"
"8962","CCDC62","Mic P2RY12",-0.290429409879871,3.89136166091495,0.242172802933904,0.836532868954567,0.999547866966635,0.999791880761836,"cognps_random_slope"
"8963","HIP1R","Mic P2RY12",0.8566848189319,3.06166478607044,0.977341117843216,0.323520793616953,0.777801952263836,0.835197102037581,"cognps_random_slope"
"8964","VPS37B","Mic P2RY12",-0.108295687990825,6.29544627405574,0.144256021366725,0.704310275730741,0.971967869874564,0.987038759677174,"cognps_random_slope"
"8965","ABCB9","Mic P2RY12",-0.496551935579735,3.96154493930764,0.62761864420443,0.428752422880632,0.848086940362737,0.891697247435349,"cognps_random_slope"
"8966","OGFOD2","Mic P2RY12",-0.379922429868571,3.28821720485205,0.326424752433433,0.568128823688951,0.922925953141032,0.948753778898485,"cognps_random_slope"
"8967","ARL6IP4","Mic P2RY12",0.0219684144507511,6.39736104446419,0.00573054526266119,0.939699578700173,0.999765323016076,0.999791880761836,"cognps_random_slope"
"8968","PITPNM2","Mic P2RY12",1.06443483656436,5.21457868261485,4.52013955158024,0.0341788636490264,0.352916829082006,0.446237053843496,"cognps_random_slope"
"8969","MPHOSPH9","Mic P2RY12",0.183069927269963,6.24384941219583,0.491610324023487,0.483663286032192,0.881462467904707,0.916739510069731,"cognps_random_slope"
"8970","C12orf65","Mic P2RY12",-0.477096112072378,4.43092398301631,1.10984942208403,0.390278658602365,0.824692295940985,0.873506637366257,"cognps_random_slope"
"8971","AC068768.1","Mic P2RY12",-1.05254889417497,3.56038304676429,2.29504713570929,0.13066566827068,0.591809296756693,0.669219809264844,"cognps_random_slope"
"8972","SBNO1","Mic P2RY12",-0.547511464391239,6.64950279110163,6.61767730276708,0.0259021320397216,0.31131342732225,0.402455938549637,"cognps_random_slope"
"8973","AC137767.1","Mic P2RY12",0.6692483512779,2.90365720714788,0.477668446863594,0.489926195293737,0.883888768611236,0.918678554290124,"cognps_random_slope"
"8974","KMT5A","Mic P2RY12",0.500290689388343,5.52597650479087,2.16637678156638,0.141932770027756,0.607546555336436,0.684465090968077,"cognps_random_slope"
"8975","RILPL2","Mic P2RY12",-0.132150680763021,6.20293629455633,0.107117101509009,0.743640878823051,0.982072175094771,0.994674014762625,"cognps_random_slope"
"8976","SNRNP35","Mic P2RY12",0.496184207454427,5.06141617388991,1.85145430362822,0.174466480088497,0.646420631530528,0.722173203526035,"cognps_random_slope"
"8977","RILPL1","Mic P2RY12",1.56763027922357,4.98265550180323,11.1416330562466,0.000932345173606048,0.0647106010846654,0.0938380443703052,"cognps_random_slope"
"8978","TMED2","Mic P2RY12",0.0620846565751083,4.73955778225706,0.0189246970946649,0.926062266822544,0.999765323016076,0.999791880761836,"cognps_random_slope"
"8979","DDX55","Mic P2RY12",-0.0888438582027873,5.14871325050805,0.0470713417901647,0.82836308434437,0.99852595020559,0.999791880761836,"cognps_random_slope"
"8980","EIF2B1","Mic P2RY12",0.308597007963128,5.24225046480956,0.864193048020381,0.751740565745183,0.982244103840787,0.994674014762625,"cognps_random_slope"
"8981","GTF2H3","Mic P2RY12",0.094177057229855,4.66911418193089,0.0546183251531185,0.815346486960387,0.994957963721761,0.999791880761836,"cognps_random_slope"
"8982","TCTN2","Mic P2RY12",1.17709715515095,2.88889207589343,1.78981714041454,0.181793808664629,0.657493253607149,0.729889000517839,"cognps_random_slope"
"8983","ATP6V0A2","Mic P2RY12",0.148712034622631,5.56573676153922,0.233253002888728,0.978220534348088,0.999765323016076,0.999791880761836,"cognps_random_slope"
"8984","CCDC92","Mic P2RY12",0.134384462808844,6.10127889376646,0.100688264229809,0.751189390571607,0.982244103840787,0.994674014762625,"cognps_random_slope"
"8985","RFLNA","Mic P2RY12",0.76231909059655,2.69432153864502,0.596916668428339,0.440264339582324,0.855818037073943,0.897260497291077,"cognps_random_slope"
"8986","NCOR2","Mic P2RY12",-0.0795721515953398,8.40692755196256,0.0935400752482037,0.75990098405477,0.983190954097967,0.995414674993652,"cognps_random_slope"
"8987","SCARB1","Mic P2RY12",0.51678877833468,7.31762980640199,3.10210900904314,0.0790406899126341,0.498089902147352,0.584946040304291,"cognps_random_slope"
"8988","UBC","Mic P2RY12",-0.261498785017675,7.66073566457871,0.142783465783531,0.705752325556486,0.972523076070176,0.987475093382422,"cognps_random_slope"
"8989","DHX37","Mic P2RY12",-0.0312880175391243,4.58933404257508,0.00352576157508733,0.952683918178918,0.999765323016076,0.999791880761836,"cognps_random_slope"
"8990","BRI3BP","Mic P2RY12",-0.0182583216263542,5.93062178718787,0.00381908180499316,0.950757453373853,0.999765323016076,0.999791880761836,"cognps_random_slope"
"8991","AACS","Mic P2RY12",0.170578054179821,4.67330147790678,0.163494896578643,0.686199386456237,0.966042439111255,0.982470659214122,"cognps_random_slope"
"8992","TMEM132B","Mic P2RY12",2.37660430316537,4.07693528798932,11.5359104637241,0.000758954136748741,0.0574618326924852,0.08512746772637,"cognps_random_slope"
"8993","TMEM132C","Mic P2RY12",3.03841090522199,2.99239370697987,11.1013284043269,0.000952200069596856,0.0652816932476515,0.0948933594674317,"cognps_random_slope"
"8994","SLC15A4","Mic P2RY12",0.0329362695873191,6.48351482504036,0.00905335428083652,0.924249380265606,0.999765323016076,0.999791880761836,"cognps_random_slope"
"8995","GLT1D1","Mic P2RY12",1.38119965510448,3.88574280255603,1.76371332670558,0.185004264314088,0.66053662815611,0.73185282653701,"cognps_random_slope"
"8996","TMEM132D","Mic P2RY12",1.86983426359867,4.37540001433027,9.10695389192644,0.00272788492113209,0.109783640588684,0.157450661747735,"cognps_random_slope"
"8997","RIMBP2","Mic P2RY12",0.830705551679537,3.34240721798613,1.15765491448293,0.282673699511234,0.752206165041708,0.811854017001898,"cognps_random_slope"
"8998","STX2","Mic P2RY12",-0.149977330156179,4.70689705102083,0.103672186657564,0.753607488546641,0.982268354911735,0.994946400596893,"cognps_random_slope"
"8999","RAN","Mic P2RY12",0.121251089099778,4.7907111663762,0.051339244523454,0.820877794730723,0.996726931048618,0.999791880761836,"cognps_random_slope"
"9000","ADGRD1","Mic P2RY12",0.0582706443669539,4.28003441902476,0.00142081719649648,0.969952790861859,0.999765323016076,0.999791880761836,"cognps_random_slope"
"9001","SFSWAP","Mic P2RY12",0.136511738231262,7.23846751222548,0.419427472510006,0.517636076680836,0.8957697654442,0.92917280129493,"cognps_random_slope"
"9002","MMP17","Mic P2RY12",0.882652041104865,3.38748469916833,1.48153447215008,0.224332713659986,0.705976929728779,0.769637329131246,"cognps_random_slope"
"9003","ULK1","Mic P2RY12",0.0873738894244531,5.27848078549554,0.0268984665762196,0.869817358790138,0.999765323016076,0.999791880761836,"cognps_random_slope"
"9004","PUS1","Mic P2RY12",-0.179294298478075,4.9619729193456,0.144739730810061,0.703838425776923,0.971784333797295,0.986695517295158,"cognps_random_slope"
"9005","EP400","Mic P2RY12",0.169219826737349,7.06353991160061,0.440972771436852,0.507078826298057,0.891301972336335,0.925998040698827,"cognps_random_slope"
"9006","DDX51","Mic P2RY12",0.523419682463835,4.50620333024273,1.28202521729523,0.368735172434923,0.812104761618872,0.863106788382106,"cognps_random_slope"
"9007","GALNT9","Mic P2RY12",1.41858189998675,3.10604748876913,2.95623520827504,0.0864073550113539,0.511641951157184,0.597021470708069,"cognps_random_slope"
"9008","FBRSL1","Mic P2RY12",-0.0207271209130149,5.86500461542894,0.00364815021306965,0.951870673886732,0.999765323016076,0.999791880761836,"cognps_random_slope"
"9009","POLE","Mic P2RY12",0.807080870480453,4.40524259730401,2.76213377301307,0.0973907876848414,0.536234574568181,0.621839898215752,"cognps_random_slope"
"9010","PGAM5","Mic P2RY12",-0.289131704289706,3.0451866044803,0.128371180850883,0.720337086409719,0.97571529536985,0.991463831658989,"cognps_random_slope"
"9011","ANKLE2","Mic P2RY12",-0.659037466606274,6.16132462557357,5.59978976871869,0.0184919940542811,0.268165890113493,0.353952102315042,"cognps_random_slope"
"9012","GOLGA3","Mic P2RY12",-0.403572490670519,6.1545819435936,1.93062589348636,0.230962399985871,0.712506243602821,0.774627686355468,"cognps_random_slope"
"9013","CHFR","Mic P2RY12",0.204858793781041,7.11689703121782,0.743169331593732,0.389221981296884,0.824527943623071,0.873135280431667,"cognps_random_slope"
"9014","ZNF26","Mic P2RY12",0.0712997900671593,5.38360712552559,0.0396947696328836,0.939930362777337,0.999765323016076,0.999791880761836,"cognps_random_slope"
"9015","ZNF84","Mic P2RY12",-0.238133062460876,5.29397182722709,0.492266356011465,0.933815477136781,0.999765323016076,0.999791880761836,"cognps_random_slope"
"9016","ZNF140","Mic P2RY12",0.438172051083552,4.47130319803787,0.939916669794389,0.332950840624342,0.786251124100168,0.842296507332759,"cognps_random_slope"
"9017","ZNF891","Mic P2RY12",0.246779932407756,4.41137863901976,0.294501044084616,0.707727089927055,0.973207309924008,0.988354461037649,"cognps_random_slope"
"9018","ZNF268","Mic P2RY12",0.464505479108128,3.42549207081365,0.511761113207255,0.47484165339091,0.877582815762183,0.913838322543835,"cognps_random_slope"
"9019","TPTE2","Mic P2RY12",0.34692586748526,3.67045184660802,0.228009697281414,0.63329362653827,0.949002694388455,0.968564075162913,"cognps_random_slope"
"9020","MPHOSPH8","Mic P2RY12",-0.00220122637125854,7.7416928446188,7.24833071806826e-05,0.993211842742088,0.999765323016076,0.999791880761836,"cognps_random_slope"
"9021","PSPC1","Mic P2RY12",-0.2817479354482,7.2771752980058,1.89336296449607,0.169679367725501,0.641793171574778,0.719523283642234,"cognps_random_slope"
"9022","ZMYM5","Mic P2RY12",0.147011778231487,5.97660693124175,0.261483235269924,0.609416785023836,0.93885760879533,0.961460719578766,"cognps_random_slope"
"9023","ZMYM2","Mic P2RY12",-0.28130549438011,8.23086818954561,1.82663597485411,0.177374914012632,0.648921982714518,0.723524052182882,"cognps_random_slope"
"9024","CRYL1","Mic P2RY12",0.112930592574503,5.69110037118883,0.0850839306413654,0.770690690705933,0.986443273387328,0.997526881305537,"cognps_random_slope"
"9025","IFT88","Mic P2RY12",-0.335716552380401,5.4811552441386,0.890857027310493,0.532765757045505,0.906154830583425,0.935889355819768,"cognps_random_slope"
"9026","EEF1AKMT1","Mic P2RY12",0.892031100835092,4.48317584149046,3.50836167746089,0.0618708047866559,0.457851807934449,0.549281212984869,"cognps_random_slope"
"9027","XPO4","Mic P2RY12",-0.119438749247974,6.93996948677976,0.275375424751011,0.60007179871635,0.936283425111275,0.959054741582592,"cognps_random_slope"
"9028","LATS2","Mic P2RY12",-0.342436608131679,5.00549954595243,0.452556374502187,0.501555485474842,0.889628842223565,0.924198481408281,"cognps_random_slope"
"9029","SAP18","Mic P2RY12",0.197738879887993,4.5147200566321,0.154685159084127,0.893357592752324,0.999765323016076,0.999791880761836,"cognps_random_slope"
"9030","MRPL57","Mic P2RY12",-0.099719081657973,4.22517994221487,0.0305300350452882,0.86139132910651,0.999765323016076,0.999791880761836,"cognps_random_slope"
"9031","LINC00539","Mic P2RY12",1.91322447481234,3.85682081109086,4.76009842032858,0.0297737557034612,0.334449371485401,0.425388387296873,"cognps_random_slope"
"9032","ZDHHC20","Mic P2RY12",0.094164105959434,6.50028162192597,0.113282865385101,0.736633467679522,0.980203068252733,0.994092085799988,"cognps_random_slope"
"9033","MICU2","Mic P2RY12",-0.300201191055175,7.26521574028387,1.87500658490353,0.171757272815484,0.644740804528061,0.722173203526035,"cognps_random_slope"
"9034","LINC00621","Mic P2RY12",0.771273059254175,3.12289162877637,0.49833304988106,0.480690522137439,0.880619779516585,0.916617425491717,"cognps_random_slope"
"9035","SACS","Mic P2RY12",0.0214773638956487,4.90549392547349,0.00278164244879429,0.957967333266579,0.999765323016076,0.999791880761836,"cognps_random_slope"
"9036","MIPEP","Mic P2RY12",0.278645184230619,5.36575971449549,0.554068413908536,0.457146190203691,0.865510720220435,0.905764164095184,"cognps_random_slope"
"9037","PARP4","Mic P2RY12",-0.175266610721415,7.70836470107121,0.398529312951193,0.528250789782663,0.903655370536966,0.934139357377662,"cognps_random_slope"
"9038","CENPJ","Mic P2RY12",0.0354400630492188,4.69549747486469,0.00632769489756512,0.936641945929498,0.999765323016076,0.999791880761836,"cognps_random_slope"
"9039","PABPC3","Mic P2RY12",-1.7704553587192,3.05853000092285,3.89307047734859,0.0492510866994509,0.417730261303381,0.510316389867414,"cognps_random_slope"
"9040","AMER2","Mic P2RY12",0.658857951117578,3.69511510156913,0.802008755487294,0.371092483077402,0.812104761618872,0.863532460737016,"cognps_random_slope"
"9041","MTMR6","Mic P2RY12",-0.603571091649762,5.49025941182032,3.02389351988932,0.0829019961401597,0.505420462602119,0.593030725533821,"cognps_random_slope"
"9042","NUP58","Mic P2RY12",-0.290946141787115,6.06534845377844,0.706894993275074,0.401035189200137,0.829881589272977,0.878039616226327,"cognps_random_slope"
"9043","ATP8A2","Mic P2RY12",1.08086209150749,4.33016283613897,2.77300800977024,0.0967367176486858,0.535179851573405,0.621035493568437,"cognps_random_slope"
"9044","RNF6","Mic P2RY12",0.161649226665028,4.60396211045714,0.101211669015147,0.750565060472497,0.982244103840787,0.994674014762625,"cognps_random_slope"
"9045","CDK8","Mic P2RY12",-0.270993451066252,7.43812087764054,1.23723452712435,0.266747684794754,0.741681028514673,0.800504637396278,"cognps_random_slope"
"9046","WASF3","Mic P2RY12",0.554813542237162,4.62172951649885,1.40312029145766,0.236984073882989,0.718023654674928,0.780382658415809,"cognps_random_slope"
"9047","USP12","Mic P2RY12",0.00160449570225931,6.23627947024086,3.81547363053617e-05,0.99507496167436,0.999765323016076,0.999791880761836,"cognps_random_slope"
"9048","LINC02340","Mic P2RY12",1.08781173979655,3.84612719233802,2.6533359983787,0.104208461210645,0.5473774654752,0.632573978996764,"cognps_random_slope"
"9049","RPL21","Mic P2RY12",-1.12662843018793,4.96211100149114,4.38112216767547,0.0370392397148835,0.366860939703736,0.460336085651626,"cognps_random_slope"
"9050","GTF3A","Mic P2RY12",-0.498162406509058,5.61268896851949,1.93354726773846,0.165230760772735,0.636899891909238,0.714036323868373,"cognps_random_slope"
"9051","MTIF3","Mic P2RY12",0.277102161734854,6.03844881345763,1.11258086206888,0.470780833476979,0.87428360090538,0.912416248354877,"cognps_random_slope"
"9052","LNX2","Mic P2RY12",-0.350840751119546,4.53203002658835,0.552644333908896,0.457724604334574,0.865885529716198,0.906391599481102,"cognps_random_slope"
"9053","POLR1D","Mic P2RY12",-0.0761612758501749,5.63632374712797,0.0554599971840406,0.912027831528353,0.999765323016076,0.999791880761836,"cognps_random_slope"
"9054","FLT3","Mic P2RY12",0.33314746357614,2.85924695104982,0.119333518001981,0.729960441124812,0.977924377749008,0.992735737523133,"cognps_random_slope"
"9055","PAN3","Mic P2RY12",-0.23981629395043,8.92132135896148,1.40830044428473,0.236122078277804,0.717034210514582,0.779524418622505,"cognps_random_slope"
"9056","FLT1","Mic P2RY12",-2.91262413329149,5.97545543243843,7.67560604373034,0.00588785407921275,0.154741440098952,0.213382850900519,"cognps_random_slope"
"9057","POMP","Mic P2RY12",-0.431723253103052,5.35569641895552,1.53642635447049,0.215958780005314,0.696553249426591,0.76205024300419,"cognps_random_slope"
"9058","SLC46A3","Mic P2RY12",-0.0525550819786401,5.44028423945211,0.0180977984130786,0.893060282600288,0.999765323016076,0.999791880761836,"cognps_random_slope"
"9059","MTUS2","Mic P2RY12",0.963923919794288,4.34567933686386,2.31540454181661,0.128976725143044,0.588940468807355,0.666354407449888,"cognps_random_slope"
"9060","SLC7A1","Mic P2RY12",0.0290829394326962,5.22330756375373,0.00102812644956072,0.974438472566922,0.999765323016076,0.999791880761836,"cognps_random_slope"
"9061","UBL3","Mic P2RY12",-0.0881325712111666,7.71416468310542,0.125401626532808,0.723455798032886,0.976701705810179,0.991930363476945,"cognps_random_slope"
"9062","KATNAL1","Mic P2RY12",0.34017930329978,3.97904719247894,0.307858845754926,0.579341983360004,0.926684401886777,0.951730333765552,"cognps_random_slope"
"9063","HMGB1","Mic P2RY12",0.00345613887042047,6.93738361899449,0.000164493206225103,0.98977413160536,0.999765323016076,0.999791880761836,"cognps_random_slope"
"9064","USPL1","Mic P2RY12",-0.417642993028283,6.26429394129328,1.39315780677686,0.238652651640328,0.719500467458302,0.781026866771649,"cognps_random_slope"
"9065","ALOX5AP","Mic P2RY12",-1.22468463356649,6.47077012237783,8.75845245546418,0.00328590511213848,0.116802160232806,0.167603463242448,"cognps_random_slope"
"9066","HSPH1","Mic P2RY12",0.200614903630922,7.34673631812777,0.0381182807829084,0.845316079073014,0.999765323016076,0.999791880761836,"cognps_random_slope"
"9067","B3GLCT","Mic P2RY12",0.654479531729141,5.37687274608557,2.58683278504972,0.108633113666809,0.558416707421907,0.64271679240283,"cognps_random_slope"
"9068","FRY","Mic P2RY12",1.2333267000546,4.19628258763465,3.15123168533563,0.0767153998790165,0.490956577735769,0.578637902399607,"cognps_random_slope"
"9069","BRCA2","Mic P2RY12",-0.669889812352538,4.21761858588812,1.15345525470483,0.283547087867337,0.753034983057905,0.812715019941667,"cognps_random_slope"
"9070","N4BP2L1","Mic P2RY12",0.418795434598868,6.85897741629889,1.35411763978284,0.245331019955787,0.726811407020191,0.787714514449905,"cognps_random_slope"
"9071","N4BP2L2","Mic P2RY12",-0.285024856249525,9.14076326800574,2.64229883054584,0.104928855277997,0.548384744933023,0.633725478917267,"cognps_random_slope"
"9072","PDS5B","Mic P2RY12",-0.323465262149684,7.76126726980867,1.95993661235463,0.162382173297969,0.631997766427606,0.7089594451573,"cognps_random_slope"
"9073","STARD13","Mic P2RY12",-0.960882681536826,8.21676020783743,3.88922296030041,0.0493627729746908,0.417854603181355,0.510316389867414,"cognps_random_slope"
"9074","AL139383.1","Mic P2RY12",-0.348678320073703,3.91589692394037,0.291234119440455,0.589764739668512,0.932009112770959,0.955872746497139,"cognps_random_slope"
"9075","RFC3","Mic P2RY12",0.877219484460446,5.54705231485611,3.30884151860041,0.0697395557598056,0.479026031131294,0.570240901972891,"cognps_random_slope"
"9076","NBEA","Mic P2RY12",0.10975243634793,7.8349708335713,0.2093962243902,0.647517380813236,0.952302504420343,0.971793326483451,"cognps_random_slope"
"9077","DCLK1","Mic P2RY12",2.86846517862125,4.95867159957246,19.8796918612427,1.10373907455776e-05,0.0067232760627948,0.0113108170163203,"cognps_random_slope"
"9078","SPART","Mic P2RY12",0.0695871689460055,5.78551598623209,0.0436806987530647,0.895558124407885,0.999765323016076,0.999791880761836,"cognps_random_slope"
"9079","SPART-AS1","Mic P2RY12",-1.23073704186385,2.57572832055025,1.41703734189091,0.234676841445653,0.715803552876503,0.777974371744406,"cognps_random_slope"
"9080","RFXAP","Mic P2RY12",0.280288181004803,4.56042885874812,0.436108666048331,0.509429400217533,0.892721811802294,0.927504690064737,"cognps_random_slope"
"9081","ALG5","Mic P2RY12",0.192509457271769,5.18629851688588,0.218765067441509,0.640265792834385,0.950609560134456,0.970536697334177,"cognps_random_slope"
"9082","EXOSC8","Mic P2RY12",-0.349723208620234,4.67012287188581,0.680746081347521,0.409876871897738,0.836163793621797,0.883091941603068,"cognps_random_slope"
"9083","SUPT20H","Mic P2RY12",-0.192473657026536,6.26839878710279,0.551213720143434,0.997815841068819,0.999765323016076,0.999791880761836,"cognps_random_slope"
"9084","LINC00571","Mic P2RY12",1.04667664972556,3.6041787603383,2.1783946774133,0.140835398924332,0.605950679775367,0.682529425360683,"cognps_random_slope"
"9085","UFM1","Mic P2RY12",-0.484953726456619,5.46517656355945,1.88725832223166,0.17036716929288,0.642761946985891,0.720083957950502,"cognps_random_slope"
"9086","PROSER1","Mic P2RY12",0.347481091050714,4.559011961829,0.741334610954554,0.389807368173753,0.824594876226751,0.873243233725706,"cognps_random_slope"
"9087","NHLRC3","Mic P2RY12",0.0117409829511547,6.28433489717999,0.0012825699485806,0.971451348439446,0.999765323016076,0.999791880761836,"cognps_random_slope"
"9088","AL354809.1","Mic P2RY12",0.29711733258589,4.03000162560512,0.33286356809647,0.564338725329952,0.922158496670547,0.947917378948379,"cognps_random_slope"
"9089","LHFPL6","Mic P2RY12",1.51206738324861,3.38910959639933,3.45225043280338,0.0639827290862213,0.462773397654635,0.554433604610693,"cognps_random_slope"
"9090","COG6","Mic P2RY12",-0.0245543919269203,6.10923465823091,0.00775476827803249,0.929877079746252,0.999765323016076,0.999791880761836,"cognps_random_slope"
"9091","LINC00598","Mic P2RY12",0.962944169530605,4.01397024396643,1.49187721201215,0.222725518613497,0.703617320824958,0.768128303006396,"cognps_random_slope"
"9092","FOXO1","Mic P2RY12",0.411531832546586,7.36413995010204,1.49633172956783,0.222037579775916,0.70294595092844,0.767426379920919,"cognps_random_slope"
"9093","MRPS31","Mic P2RY12",0.0241492777756333,5.92474222478405,0.00688849808608421,0.933900120590281,0.999765323016076,0.999791880761836,"cognps_random_slope"
"9094","ELF1","Mic P2RY12",-0.373148680531679,8.53053193668045,2.89176004099232,0.0898981241675762,0.521240534540436,0.605724210806338,"cognps_random_slope"
"9095","WBP4","Mic P2RY12",-0.37402741845837,5.24690740391555,1.23245422570224,0.267672020487641,0.742629786098211,0.802125833574982,"cognps_random_slope"
"9096","KBTBD6","Mic P2RY12",1.23046576156124,3.37979865920092,2.77243938703786,0.0967708001288941,0.535179851573405,0.621035493568437,"cognps_random_slope"
"9097","AL354696.2","Mic P2RY12",-0.181758276800767,3.89021111748787,0.070237426008269,0.791143239560845,0.990886185623222,0.999791880761836,"cognps_random_slope"
"9098","KBTBD7","Mic P2RY12",0.248713348461176,3.36545052353989,0.106144258716596,0.744766767494073,0.982219019325995,0.994674014762625,"cognps_random_slope"
"9099","MTRF1","Mic P2RY12",-0.691389963578382,4.6380355832942,2.37323971364408,0.124310068933739,0.582740912932112,0.66123352413604,"cognps_random_slope"
"9100","NAA16","Mic P2RY12",0.244357660584303,6.60061932334462,0.314215080938925,0.575454130754224,0.924900775009009,0.950322446996267,"cognps_random_slope"
"9101","RGCC","Mic P2RY12",-3.27373454278274,3.63233678743795,10.4073634741934,0.00137026187539199,0.0790416899281254,0.11225768668764,"cognps_random_slope"
"9102","VWA8","Mic P2RY12",0.600984353978226,6.7504464876853,2.6084483765522,0.107172671000395,0.553670379366343,0.637690120798075,"cognps_random_slope"
"9103","DGKH","Mic P2RY12",-1.26621760065176,5.2644925497458,7.45328141414557,0.00664366383435699,0.160863936801003,0.221747540920322,"cognps_random_slope"
"9104","AKAP11","Mic P2RY12",0.21991473223587,6.4961102940921,0.702655070969816,0.402449765188065,0.8302385011215,0.878375235371568,"cognps_random_slope"
"9105","LINC02341","Mic P2RY12",0.312948237847564,2.71066885269349,0.0850723732127147,0.770705827597201,0.986443273387328,0.997526881305537,"cognps_random_slope"
"9106","EPSTI1","Mic P2RY12",0.589092525467909,7.84085013409869,1.27825356644598,0.258977445389942,0.733799859860673,0.794637250365552,"cognps_random_slope"
"9107","DNAJC15","Mic P2RY12",-0.176727613118438,6.1593012135367,0.273321137279478,0.601434505203789,0.936283425111275,0.959054741582592,"cognps_random_slope"
"9108","ENOX1","Mic P2RY12",1.19481888806764,4.50589407596425,3.5026544706984,0.0620821657534715,0.458370517099743,0.549525884142919,"cognps_random_slope"
"9109","CCDC122","Mic P2RY12",0.524276061020004,3.44561735390428,0.342538158924607,0.55873484896217,0.918120469717927,0.945215806277844,"cognps_random_slope"
"9110","SERP2","Mic P2RY12",0.846921225615232,3.08005829432225,0.755507607504375,0.385317796615981,0.821336297323943,0.870877549352018,"cognps_random_slope"
"9111","TSC22D1","Mic P2RY12",0.528729665299315,6.19297348302565,1.87652390217175,0.171584407839298,0.644632085633427,0.721980305102086,"cognps_random_slope"
"9112","NUFIP1","Mic P2RY12",0.00279830727377748,4.31127718981134,2.72454553551281e-05,0.995838180761837,0.999765323016076,0.999791880761836,"cognps_random_slope"
"9113","AL359706.1","Mic P2RY12",-0.81006328394742,3.40247815329313,0.826593832725652,0.363868204273093,0.810672951864291,0.861278653235162,"cognps_random_slope"
"9114","GPALPP1","Mic P2RY12",-0.0407512904897128,5.58292615152716,0.0173926418294147,0.895152037404898,0.999765323016076,0.999791880761836,"cognps_random_slope"
"9115","GTF2F2","Mic P2RY12",0.18877922270309,6.8480884591661,0.65076650940478,0.845186328991096,0.999765323016076,0.999791880761836,"cognps_random_slope"
"9116","TPT1","Mic P2RY12",-1.00955865605293,7.06568355371553,5.49935411273218,0.019566566500701,0.275143292419617,0.36052620421377,"cognps_random_slope"
"9117","SLC25A30","Mic P2RY12",0.210742703388208,4.47234982980657,0.233707415303065,0.840008355660996,0.999765323016076,0.999791880761836,"cognps_random_slope"
"9118","COG3","Mic P2RY12",0.374048535131349,5.95743539289408,1.4281457438057,0.232854783965419,0.713984505367052,0.776521381336779,"cognps_random_slope"
"9119","ZC3H13","Mic P2RY12",-0.169781906858884,6.90612407569073,0.524286074250608,0.469489825391769,0.873473990014591,0.911989958554649,"cognps_random_slope"
"9120","CPB2-AS1","Mic P2RY12",0.122769156514845,3.18008826411926,0.0241761282867515,0.904642100481806,0.999765323016076,0.999791880761836,"cognps_random_slope"
"9121","LCP1","Mic P2RY12",-0.33657842056606,7.16420783503002,0.569898349553506,0.450793399233177,0.862765258943702,0.903389972063286,"cognps_random_slope"
"9122","LRRC63","Mic P2RY12",-0.168724854368597,2.99965105841795,0.0269706528580138,0.869644359953658,0.999765323016076,0.999791880761836,"cognps_random_slope"
"9123","RUBCNL","Mic P2RY12",0.467639900292979,8.16858977061733,1.9331380400148,0.16527538379303,0.636899891909238,0.714046489646194,"cognps_random_slope"
"9124","AL138686.1","Mic P2RY12",-0.355983876398091,2.82071003688555,0.143621580737249,0.704930535970835,0.972206470596197,0.987249090096017,"cognps_random_slope"
"9125","LRCH1","Mic P2RY12",-0.0880173226139388,9.13552496078812,0.172988478706563,0.677717475208488,0.963032358317531,0.980096514019067,"cognps_random_slope"
"9126","ESD","Mic P2RY12",-0.304393531198414,5.22873781270541,0.741357678159619,0.389800000508683,0.824594876226751,0.873243233725706,"cognps_random_slope"
"9127","HTR2A","Mic P2RY12",3.4741803471525,2.94826238482464,11.1963699331569,0.000906052360049033,0.063601714688642,0.0925401312225063,"cognps_random_slope"
"9128","SUCLA2","Mic P2RY12",0.49041869094747,6.13699598157185,2.26431279200727,0.133262654533115,0.593898514598694,0.671588149398788,"cognps_random_slope"
"9129","NUDT15","Mic P2RY12",0.0206479405943005,2.63363855756617,0.000624964024404498,0.991271606803477,0.999765323016076,0.999791880761836,"cognps_random_slope"
"9130","MED4","Mic P2RY12",0.204427588983204,5.99619629762266,0.493939354447604,0.482629975884705,0.881328830408547,0.916739510069731,"cognps_random_slope"
"9131","ITM2B","Mic P2RY12",-0.178380782865188,8.73575190612812,0.268337665221572,0.604767592054606,0.937802649979608,0.960175025554302,"cognps_random_slope"
"9132","RB1","Mic P2RY12",-0.252115798698782,9.18614247013875,0.741816140312508,0.389653609107768,0.824594876226751,0.873243233725706,"cognps_random_slope"
"9133","LPAR6","Mic P2RY12",0.00130135644255449,8.29907702220036,1.92683682149383e-05,0.996500071070217,0.999765323016076,0.999791880761836,"cognps_random_slope"
"9134","RCBTB2","Mic P2RY12",0.149685098669913,7.11162801013191,0.289883872294718,0.590628037482407,0.93238382969746,0.955970213586105,"cognps_random_slope"
"9135","FNDC3A","Mic P2RY12",-1.26875291964602,8.31009601238718,19.1690893318732,1.57061241042761e-05,0.0080952988123617,0.0136190218434963,"cognps_random_slope"
"9136","CDADC1","Mic P2RY12",-0.0209043006784763,4.33873445563488,0.0029446391416787,0.956754541517171,0.999765323016076,0.999791880761836,"cognps_random_slope"
"9137","CAB39L","Mic P2RY12",-0.202259320507958,4.97121979749495,0.262836174977966,0.608493067226283,0.93885760879533,0.961459183207151,"cognps_random_slope"
"9138","SETDB2","Mic P2RY12",-0.192023227963556,5.88194761397677,0.405664634819669,0.524583427177535,0.900642733823573,0.932182528774916,"cognps_random_slope"
"9139","PHF11","Mic P2RY12",0.111462160697396,6.25359523890594,0.158927206277174,0.979340752950657,0.999765323016076,0.999791880761836,"cognps_random_slope"
"9140","RCBTB1","Mic P2RY12",0.360488216925385,5.93695845629051,0.99821319895967,0.318415017232514,0.774003200785946,0.831594922160387,"cognps_random_slope"
"9141","ARL11","Mic P2RY12",-0.204031710151669,5.04890499957853,0.256338217628539,0.61295731776823,0.940399122416995,0.963142172997874,"cognps_random_slope"
"9142","EBPL","Mic P2RY12",0.946356986531019,4.73593353105135,2.79541188393022,0.0954042545291554,0.532922140027557,0.617843694930587,"cognps_random_slope"
"9143","KPNA3","Mic P2RY12",-0.119988568526361,7.29277500683257,0.362616412568878,0.710343446510232,0.973488894113894,0.988890731326174,"cognps_random_slope"
"9144","SPRYD7","Mic P2RY12",-0.245075884236107,4.32197016377811,0.280090893114408,0.596968164573557,0.935450230758915,0.958118709495627,"cognps_random_slope"
"9145","DLEU2","Mic P2RY12",-0.257258960128389,9.48457872659122,1.250775049616,0.26415099295555,0.738205942246402,0.797819654538769,"cognps_random_slope"
"9146","TRIM13","Mic P2RY12",-0.52794282473833,6.24890785213304,3.44568087824873,0.0642349972867069,0.463490837695658,0.554562902775347,"cognps_random_slope"
"9147","DLEU7","Mic P2RY12",-0.882386453967744,6.35697618778776,1.28401845082364,0.257908073387176,0.733143047971788,0.794026514350324,"cognps_random_slope"
"9148","DLEU7-AS1","Mic P2RY12",-0.0300376967525541,8.60281445139936,0.00207500706907815,0.963692415613385,0.999765323016076,0.999791880761836,"cognps_random_slope"
"9149","RNASEH2B-AS1","Mic P2RY12",-0.655395224311396,4.90697499717292,0.897458453913772,0.344100223663602,0.794738309508205,0.846452759683133,"cognps_random_slope"
"9150","RNASEH2B","Mic P2RY12",-0.295207534990471,6.96519638590331,1.15664889309118,0.282882606839257,0.752463242209783,0.811914496650675,"cognps_random_slope"
"9151","FAM124A","Mic P2RY12",1.93656581819118,2.64753796099729,3.1214031023623,0.0781184167548555,0.495073114925971,0.581750648161687,"cognps_random_slope"
"9152","INTS6","Mic P2RY12",-0.727807020799297,7.56959179542787,6.54934464115497,0.0109007968360863,0.205918108983221,0.27737301592694,"cognps_random_slope"
"9153","INTS6-AS1","Mic P2RY12",-0.0856383257247555,4.96802206217943,0.0292403341717275,0.864321464679723,0.999765323016076,0.999791880761836,"cognps_random_slope"
"9154","WDFY2","Mic P2RY12",-0.243415401442062,8.59664844253067,1.32411855907618,0.25061876872732,0.729483518617466,0.789201257695949,"cognps_random_slope"
"9155","ATP7B","Mic P2RY12",0.177087316940151,3.28968424255817,0.0520501167047147,0.819663221664494,0.995857373846408,0.999791880761836,"cognps_random_slope"
"9156","ALG11","Mic P2RY12",0.0568129585062809,3.97192344107927,0.0102355514073816,0.919471175791667,0.999765323016076,0.999791880761836,"cognps_random_slope"
"9157","UTP14C","Mic P2RY12",-0.0505079895914441,4.0084766301194,0.010014097167228,0.92339769992785,0.999765323016076,0.999791880761836,"cognps_random_slope"
"9158","NEK5","Mic P2RY12",-0.313330140528764,2.81466506324532,0.128851258126488,0.952302654119229,0.999765323016076,0.999791880761836,"cognps_random_slope"
"9159","NEK3","Mic P2RY12",0.853216893218144,5.43997387666426,4.39677518975824,0.0367049566236724,0.365541931273156,0.459219338002606,"cognps_random_slope"
"9160","THSD1","Mic P2RY12",0.079925575521446,3.32711305049458,0.0136810997558188,0.922978539937384,0.999765323016076,0.999791880761836,"cognps_random_slope"
"9161","VPS36","Mic P2RY12",-0.226962185466751,6.47157727919038,0.786741561507095,0.375680003612013,0.815697946922325,0.866579776333413,"cognps_random_slope"
"9162","CKAP2","Mic P2RY12",-0.555083949561252,3.82614412354648,0.70463181047219,0.401789357603275,0.829881589272977,0.878039616226327,"cognps_random_slope"
"9163","SUGT1","Mic P2RY12",0.252376973980833,5.82471381739165,0.27356506599324,0.60127235491939,0.936283425111275,0.959054741582592,"cognps_random_slope"
"9164","PCDH17","Mic P2RY12",3.59349213653904,3.19552741041354,16.1123984538071,7.26684626555504e-05,0.0211535042685755,0.0334520863003458,"cognps_random_slope"
"9165","DIAPH3","Mic P2RY12",-0.773746074424307,2.76678942475375,0.616582461641823,0.43283709613673,0.850378684299032,0.893746748293434,"cognps_random_slope"
"9166","TDRD3","Mic P2RY12",0.320187121750867,6.8737430462974,1.86953869536549,0.172381887197464,0.645637135364231,0.722173203526035,"cognps_random_slope"
"9167","LINC00355","Mic P2RY12",5.40748533804454,2.12785652378774,8.99623943942249,0.00289381243739141,0.110344021247529,0.158217475653129,"cognps_random_slope"
"9168","PCDH9","Mic P2RY12",1.95120838833194,7.41350939392772,9.27246888687606,0.00249773284623753,0.106599101504552,0.151782714335378,"cognps_random_slope"
"9169","DACH1","Mic P2RY12",0.398943060856016,2.94831964459264,0.212896862540212,0.644785235364342,0.951443629329721,0.970887183190732,"cognps_random_slope"
"9170","MZT1","Mic P2RY12",0.0535963048081594,3.99836059721489,0.00743898910102282,0.931316022162477,0.999765323016076,0.999791880761836,"cognps_random_slope"
"9171","BORA","Mic P2RY12",0.333420030663506,4.13683583321943,0.383240861527085,0.536265815905057,0.907124922871798,0.936810708718851,"cognps_random_slope"
"9172","DIS3","Mic P2RY12",-0.36349501879953,5.30997530650209,1.16676118421524,0.280791591223501,0.750907838952912,0.811474754307675,"cognps_random_slope"
"9173","PIBF1","Mic P2RY12",0.169324421362495,7.64076501708536,0.600540551746653,0.438881083026802,0.854737014044785,0.896897572229808,"cognps_random_slope"
"9174","KLF12","Mic P2RY12",0.655630436792016,6.51032329367808,1.23066113793313,0.268019770819435,0.742629786098211,0.802125833574982,"cognps_random_slope"
"9175","TBC1D4","Mic P2RY12",0.108277266456171,8.24614289186711,0.072440580335163,0.787970236116683,0.990886185623222,0.999791880761836,"cognps_random_slope"
"9176","COMMD6","Mic P2RY12",-0.844302109026193,4.43344255736167,2.23238094952216,0.136022317621843,0.600406811083766,0.67725776298243,"cognps_random_slope"
"9177","UCHL3","Mic P2RY12",-0.376554221419303,5.58365383332966,0.913554962555907,0.339814986652541,0.791719485352571,0.845221883585983,"cognps_random_slope"
"9178","LMO7-AS1","Mic P2RY12",0.131700221261944,3.52045232795233,0.021458185978326,0.883619718194449,0.999765323016076,0.999791880761836,"cognps_random_slope"
"9179","LMO7","Mic P2RY12",-0.0325837150011892,6.37074799588527,0.00886435341273758,0.92504188348365,0.999765323016076,0.999791880761836,"cognps_random_slope"
"9180","KCTD12","Mic P2RY12",-0.58288022079033,7.44673245849582,2.50463949180487,0.114390461461349,0.567968349034287,0.649688862805022,"cognps_random_slope"
"9181","AC001226.2","Mic P2RY12",-0.531899350445189,4.6314433547498,0.678539433096449,0.410636057379322,0.836655446793785,0.883292616507662,"cognps_random_slope"
"9182","FBXL3","Mic P2RY12",-0.0474826151708963,5.85909020010071,0.0217766043430038,0.882765634353099,0.999765323016076,0.999791880761836,"cognps_random_slope"
"9183","MYCBP2","Mic P2RY12",-0.253019570362984,9.50553145972971,1.39904062465091,0.237665639429074,0.718723546421893,0.780382658415809,"cognps_random_slope"
"9184","SLAIN1","Mic P2RY12",0.678725950830812,5.24439733117458,2.57183968328802,0.10965900019093,0.56065247266128,0.644627053842235,"cognps_random_slope"
"9185","EDNRB","Mic P2RY12",1.11229062513552,2.95644652557398,1.47831589815712,0.224835702022817,0.706318285902423,0.769637329131246,"cognps_random_slope"
"9186","RNF219-AS1","Mic P2RY12",1.29987879855983,3.06977023377812,2.12047255147372,0.146214150137011,0.612508854637727,0.69034513399768,"cognps_random_slope"
"9187","RNF219","Mic P2RY12",0.114454293249436,4.99085951622188,0.0964743181242902,0.756282267311298,0.983190954097967,0.995414674993652,"cognps_random_slope"
"9188","RBM26","Mic P2RY12",-0.108392461125014,7.90648421482761,0.325431262217089,0.568718036316855,0.922938751325916,0.948753778898485,"cognps_random_slope"
"9189","NDFIP2","Mic P2RY12",-0.0121198227181108,4.25292609623545,0.00026918849835054,0.98691882164141,0.999765323016076,0.999791880761836,"cognps_random_slope"
"9190","SPRY2","Mic P2RY12",0.245516029871952,4.40063203341804,0.187168685679227,0.665542937938348,0.958201644962592,0.975910369971767,"cognps_random_slope"
"9191","SLITRK5","Mic P2RY12",2.12801294216377,3.39716904193867,6.48840526024499,0.0112737571724031,0.208962129830394,0.281158025942289,"cognps_random_slope"
"9192","GPC5","Mic P2RY12",1.45078967463077,4.32499979632914,5.11261545352471,0.0243494272042659,0.302717411911988,0.392982117947753,"cognps_random_slope"
"9193","GPC6","Mic P2RY12",1.39329903794389,3.72873488637872,3.83375712193521,0.0510030556650954,0.424002449731975,0.516705519198959,"cognps_random_slope"
"9194","TGDS","Mic P2RY12",-0.232602947466069,4.46167874001476,0.313222626649132,0.79068459522163,0.990886185623222,0.999791880761836,"cognps_random_slope"
"9195","GPR180","Mic P2RY12",-0.041328721800201,4.67038888797353,0.00904342137880448,0.924290821096437,0.999765323016076,0.999791880761836,"cognps_random_slope"
"9196","ABCC4","Mic P2RY12",-0.24875367993108,9.63706144699158,0.534479229251091,0.465205816637525,0.870579967708347,0.910185293421244,"cognps_random_slope"
"9197","DZIP1","Mic P2RY12",2.07143668608261,3.129954464117,5.68369440960056,0.0176412984836131,0.261516638250995,0.345732632201654,"cognps_random_slope"
"9198","DNAJC3-DT","Mic P2RY12",-0.0413901875728138,4.02126956579923,0.00432576957478573,0.947597023208663,0.999765323016076,0.999791880761836,"cognps_random_slope"
"9199","DNAJC3","Mic P2RY12",-0.45402639223096,7.25697787736873,0.958806887001797,0.328145905887061,0.781740405134397,0.838554421741862,"cognps_random_slope"
"9200","UGGT2","Mic P2RY12",0.119711904910417,7.69820803086788,0.184442462798586,0.667840115450853,0.959447404283542,0.976613829074365,"cognps_random_slope"
"9201","HS6ST3","Mic P2RY12",1.97039851976769,4.84032315304791,7.3542656132595,0.00701165283243023,0.165719858214105,0.228106368119971,"cognps_random_slope"
"9202","MBNL2","Mic P2RY12",0.0398352500800729,8.16679505682202,0.00668017363763733,0.934905037848044,0.999765323016076,0.999791880761836,"cognps_random_slope"
"9203","RAP2A","Mic P2RY12",-0.388499288960846,6.54703510855245,1.83582740430207,0.176291286859447,0.647510916089937,0.723004651230449,"cognps_random_slope"
"9204","IPO5","Mic P2RY12",0.622063319312971,5.27403251773762,3.6517350920931,0.056805644157662,0.442588626370249,0.535850731185979,"cognps_random_slope"
"9205","FARP1","Mic P2RY12",-0.480874098063883,7.09532166459547,1.43565085882354,0.231633456475221,0.712707182379541,0.775107640492897,"cognps_random_slope"
"9206","STK24","Mic P2RY12",-0.0449078804638024,7.22310172591234,0.0331709798281696,0.855584092560367,0.999765323016076,0.999791880761836,"cognps_random_slope"
"9207","DOCK9","Mic P2RY12",0.838876521510207,4.1142476681416,1.75231429640344,0.186426887968268,0.662501534398554,0.733891075474872,"cognps_random_slope"
"9208","UBAC2","Mic P2RY12",0.329847659376544,8.20917528043373,2.4846456058517,0.134984357422314,0.597904562396194,0.675043375476584,"cognps_random_slope"
"9209","GPR183","Mic P2RY12",-0.101762543389327,5.65610140948469,0.0142787043870219,0.904951086448786,0.999765323016076,0.999791880761836,"cognps_random_slope"
"9210","TM9SF2","Mic P2RY12",-0.166748620092911,7.01258451747896,0.611240184003199,0.434835657585172,0.851810063923242,0.894304862274923,"cognps_random_slope"
"9211","CLYBL","Mic P2RY12",0.0621852076221783,6.77015845898262,0.0366246840535215,0.848339205623357,0.999765323016076,0.999791880761836,"cognps_random_slope"
"9212","PCCA","Mic P2RY12",0.110834342974395,8.25301354443263,0.297008818060155,0.586101532771408,0.930168953182098,0.954123695308787,"cognps_random_slope"
"9213","GGACT","Mic P2RY12",-1.07984531982607,3.64022547936435,2.18531975082334,0.140207407603051,0.605166247521288,0.681777260269062,"cognps_random_slope"
"9214","TMTC4","Mic P2RY12",-0.339451070016919,4.86364082823616,0.562317329089087,0.453818335323023,0.864784074377263,0.905569199537039,"cognps_random_slope"
"9215","NALCN","Mic P2RY12",1.53953443573176,3.98528545997789,4.62003084064601,0.0322673680562667,0.346166150645263,0.4390482733532,"cognps_random_slope"
"9216","FGF14","Mic P2RY12",1.72725555094557,5.88240256648041,7.79142791243525,0.00552962822037069,0.15212006754199,0.210755373472033,"cognps_random_slope"
"9217","TPP2","Mic P2RY12",-0.476106164160891,7.01318877730095,3.3146664833297,0.069495193027265,0.478937134484216,0.56992349430269,"cognps_random_slope"
"9218","TEX30","Mic P2RY12",-0.0485079538860974,3.19222686868011,0.00362819812008667,0.952002306369906,0.999765323016076,0.999791880761836,"cognps_random_slope"
"9219","EFNB2","Mic P2RY12",2.27618085470604,3.17719402351683,6.35859591674603,0.0121127387944328,0.219059126294459,0.291442578570424,"cognps_random_slope"
"9220","ARGLU1","Mic P2RY12",-0.202373302454175,8.05469193400229,0.434665707477793,0.510130331957298,0.893064427156843,0.927586369492823,"cognps_random_slope"
"9221","FAM155A","Mic P2RY12",2.34485023798016,5.94671058260121,13.4818462785063,0.00027742858111461,0.0364555003715473,0.055696203646634,"cognps_random_slope"
"9222","LIG4","Mic P2RY12",0.36507572384534,3.98892274914317,0.489778589720864,0.484478532494909,0.881462467904707,0.916739510069731,"cognps_random_slope"
"9223","ABHD13","Mic P2RY12",-0.255601191149142,5.00121668870855,0.324416312088669,0.569321209079265,0.923223215169933,0.949014359581435,"cognps_random_slope"
"9224","TNFSF13B","Mic P2RY12",-0.150550457192633,6.70104421293191,0.0817160454883793,0.775149793972541,0.988006094248173,0.998208143973629,"cognps_random_slope"
"9225","MYO16","Mic P2RY12",0.445491502472915,3.3888348826015,0.351057030101032,0.55388773270404,0.915359234893125,0.943258473576708,"cognps_random_slope"
"9226","MYO16-AS1","Mic P2RY12",-1.04685522330661,3.93678706989126,1.20431796832991,0.273194603818332,0.745697838524862,0.805080313167337,"cognps_random_slope"
"9227","IRS2","Mic P2RY12",-1.10792813732499,7.93825136741329,4.39570069314073,0.0367278016188339,0.365541931273156,0.459250298112374,"cognps_random_slope"
"9228","RAB20","Mic P2RY12",-0.308423398436219,7.0468455914774,0.27000486455633,0.603648175912813,0.937635452521415,0.960139023233694,"cognps_random_slope"
"9229","NAXD","Mic P2RY12",0.763020038807169,4.6636734358074,3.86107434252947,0.050188094774407,0.419502956277662,0.512218468397015,"cognps_random_slope"
"9230","CARS2","Mic P2RY12",0.0930546110424429,6.24214092717899,0.122090605017466,0.822293389123884,0.996726931048618,0.999791880761836,"cognps_random_slope"
"9231","ING1","Mic P2RY12",-1.15218640105425,3.38664640805628,2.43493966394483,0.11953799703245,0.576775827688669,0.656338109948469,"cognps_random_slope"
"9232","ANKRD10","Mic P2RY12",0.0757392820429827,7.99453552565803,0.125737394363674,0.723101093180662,0.976701705810179,0.991928003437538,"cognps_random_slope"
"9233","ARHGEF7","Mic P2RY12",0.175880701625547,7.74627252060712,0.300391197544805,0.583977311421999,0.928557184428833,0.952730433891673,"cognps_random_slope"
"9234","TEX29","Mic P2RY12",0.0354476408744491,3.14240963550966,0.00199610518442654,0.964388931737444,0.999765323016076,0.999791880761836,"cognps_random_slope"
"9235","TUBGCP3","Mic P2RY12",-0.133312925942376,6.78252306532533,0.266580954483434,0.605951893774295,0.938268959000866,0.960731988827416,"cognps_random_slope"
"9236","ATP11A","Mic P2RY12",-0.381796465307977,8.490518365162,1.07124927697149,0.301358903299947,0.762414699475663,0.823013995190349,"cognps_random_slope"
"9237","MCF2L","Mic P2RY12",0.32213039310102,8.76824550460909,0.888991184083736,0.346383791632374,0.795840466910712,0.84730906678079,"cognps_random_slope"
"9238","PCID2","Mic P2RY12",-0.0913165564920353,5.5015755840336,0.0895022149275835,0.764983755152107,0.984801852369229,0.996415881205952,"cognps_random_slope"
"9239","CUL4A","Mic P2RY12",-0.0347087804809623,7.05878918351466,0.0285531057760273,0.865910014243516,0.999765323016076,0.999791880761836,"cognps_random_slope"
"9240","LAMP1","Mic P2RY12",-0.675970427896707,6.28497933793943,5.6517929983643,0.0179598550402267,0.263249362261335,0.348516106463213,"cognps_random_slope"
"9241","ADPRHL1","Mic P2RY12",0.283407703116753,2.66952671798793,0.100560866711468,0.751341623675437,0.982244103840787,0.994674014762625,"cognps_random_slope"
"9242","DCUN1D2","Mic P2RY12",-0.248904443404111,5.18951519030059,0.604118317926466,0.878298567053404,0.999765323016076,0.999791880761836,"cognps_random_slope"
"9243","TMCO3","Mic P2RY12",-0.050092241957323,5.63096991934086,0.0236888196313166,0.8777656692204,0.999765323016076,0.999791880761836,"cognps_random_slope"
"9244","TFDP1","Mic P2RY12",0.563588945329139,4.91083508172741,1.54704742050568,0.21438198336886,0.695625413831982,0.760983634181297,"cognps_random_slope"
"9245","TMEM255B","Mic P2RY12",0.370469860859795,5.32412750721216,0.626427475788635,0.429190472800937,0.848086940362737,0.891697247435349,"cognps_random_slope"
"9246","GAS6-AS1","Mic P2RY12",0.392158610308899,5.70747317993732,0.850618372914745,0.356995788134381,0.805675405319777,0.85694953614668,"cognps_random_slope"
"9247","GAS6","Mic P2RY12",0.105223990262796,7.43725212569433,0.0949769597538909,0.758121267340802,0.983190954097967,0.995414674993652,"cognps_random_slope"
"9248","C13orf46","Mic P2RY12",-0.165869738024329,3.18134743100353,0.0374188676520028,0.84672393335292,0.999765323016076,0.999791880761836,"cognps_random_slope"
"9249","RASA3","Mic P2RY12",-0.260937063957131,7.76005033807347,0.559643632968195,0.454892789432242,0.865333388169053,0.905598852945087,"cognps_random_slope"
"9250","CDC16","Mic P2RY12",0.645443790393205,6.27400680752635,6.61441646740026,0.0105165609661678,0.203562226223181,0.276565986303596,"cognps_random_slope"
"9251","UPF3A","Mic P2RY12",-0.131642857791994,6.57025128448519,0.214207087465856,0.726665252488164,0.977594945023934,0.992716167586774,"cognps_random_slope"
"9252","CHAMP1","Mic P2RY12",-0.200029165729407,3.6703293488036,0.111451718005477,0.738691968853072,0.980436558830992,0.994247512606934,"cognps_random_slope"
"9253","TTC5","Mic P2RY12",0.4178555957259,4.62720577661486,0.978412955102595,0.323255974008943,0.777603218989439,0.834840614894763,"cognps_random_slope"
"9254","CCNB1IP1","Mic P2RY12",-0.469808647661582,4.89798957308678,1.16844154968852,0.28044602595459,0.750450717615308,0.811324991036345,"cognps_random_slope"
"9255","PARP2","Mic P2RY12",0.689242372242818,3.80393557689773,1.1116896318607,0.292422798362645,0.757405070826976,0.818419565048935,"cognps_random_slope"
"9256","TEP1","Mic P2RY12",-0.327637569957645,5.96972014269309,1.36315594529531,0.243764781630653,0.725752099942929,0.786644664417554,"cognps_random_slope"
"9257","OSGEP","Mic P2RY12",0.182121237931446,5.69287270908071,0.246628885523325,0.72579043075998,0.977171712366478,0.992320256930798,"cognps_random_slope"
"9258","APEX1","Mic P2RY12",-0.841799977446875,4.83417968765073,2.45826482280996,0.117787301677676,0.574339081039999,0.653758942921173,"cognps_random_slope"
"9259","PIP4P1","Mic P2RY12",0.435777578329676,4.60179903230088,1.11036834171957,0.367448881414241,0.812045048937656,0.862405100667332,"cognps_random_slope"
"9260","PNP","Mic P2RY12",-1.00692688271177,3.86445960340816,1.96965894981272,0.161346914765703,0.631512796296848,0.708484902920554,"cognps_random_slope"
"9261","RNASE10","Mic P2RY12",-1.47942956749725,3.58837415168801,2.39230399052179,0.122813311635534,0.581168825167187,0.660864338941303,"cognps_random_slope"
"9262","RNASE6","Mic P2RY12",-0.817205600768916,4.67074675861082,2.14985410350336,0.143457268294945,0.609827374658516,0.68699278012833,"cognps_random_slope"
"9263","RNASE1","Mic P2RY12",0.338697957936738,4.30700364902108,0.116078576641538,0.733526075126389,0.978719188594747,0.993120241739745,"cognps_random_slope"
"9264","AL355922.1","Mic P2RY12",-0.724142484512297,2.16359714784676,0.32704838463512,0.572999958876424,0.924344761669553,0.949943677687254,"cognps_random_slope"
"9265","RNASE2","Mic P2RY12",-1.53690273841812,3.22236904095816,2.49685891579667,0.114952711187812,0.569283548642969,0.649688862805022,"cognps_random_slope"
"9266","METTL17","Mic P2RY12",-0.186974675082998,5.22163176428428,0.266074238625877,0.715389999920106,0.975412307559,0.99057041814266,"cognps_random_slope"
"9267","NDRG2","Mic P2RY12",-0.028718156206588,5.58050256727451,0.00438086313000635,0.947264858803855,0.999765323016076,0.999791880761836,"cognps_random_slope"
"9268","ARHGEF40","Mic P2RY12",-0.14169492385072,6.72067642296261,0.20771556944912,0.648838908886886,0.953722739716263,0.972549709835663,"cognps_random_slope"
"9269","ZNF219","Mic P2RY12",-1.04106829489488,4.11082147462346,2.9331482611424,0.0876400647108217,0.514213882307233,0.599780509224008,"cognps_random_slope"
"9270","HNRNPC","Mic P2RY12",-0.129486433333037,8.18892936579438,0.330037310502348,0.565996293510509,0.922892263914246,0.948727616148284,"cognps_random_slope"
"9271","RPGRIP1","Mic P2RY12",0.764156855178547,3.77885845431887,1.19518727854165,0.275017471297227,0.747595304395617,0.807039651979222,"cognps_random_slope"
"9272","SUPT16H","Mic P2RY12",-0.202309093300814,5.7264172945876,0.613957066228321,0.433817509703468,0.851184252933554,0.894179721772824,"cognps_random_slope"
"9273","CHD8","Mic P2RY12",-0.3600645549373,6.6343400676878,2.24644302402672,0.134799193737414,0.597764392877264,0.675043375476584,"cognps_random_slope"
"9274","RAB2B","Mic P2RY12",-0.124629373666108,4.9085231381533,0.107394050572453,0.743321396608888,0.982072175094771,0.994674014762625,"cognps_random_slope"
"9275","TOX4","Mic P2RY12",0.304162513701125,5.47097630708192,0.678176777345332,0.410761025481215,0.836655446793785,0.883410488123251,"cognps_random_slope"
"9276","METTL3","Mic P2RY12",-0.344309286943838,5.13456815823292,0.896151366039754,0.344451401322192,0.79495583871654,0.846593876266832,"cognps_random_slope"
"9277","DAD1","Mic P2RY12",0.128534283877526,4.56556873164658,0.0852228990776914,0.770508769517789,0.986443273387328,0.997526881305537,"cognps_random_slope"
"9278","OXA1L","Mic P2RY12",-0.732570875112026,5.0966181464904,4.64171615758605,0.0318674183576951,0.345011929212923,0.436819368277531,"cognps_random_slope"
"9279","SLC7A7","Mic P2RY12",0.0794766170426516,6.68919132191675,0.0760936281056548,0.894902640289998,0.999765323016076,0.999791880761836,"cognps_random_slope"
"9280","MRPL52","Mic P2RY12",-0.270707491422659,4.31524636354411,0.36024540582598,0.548747992197769,0.91189570676601,0.940046630323137,"cognps_random_slope"
"9281","MMP14","Mic P2RY12",-1.02863495512125,4.80743831543602,4.36077014711395,0.0374786704129175,0.368708984399272,0.462989931210534,"cognps_random_slope"
"9282","LRP10","Mic P2RY12",-1.21277704347763,4.49325177609264,6.67885622936452,0.0101497973004861,0.201443776485113,0.275099312532074,"cognps_random_slope"
"9283","RBM23","Mic P2RY12",-0.0565869885628828,5.89249648035526,0.042007303303087,0.837721804757432,0.999700499758612,0.999791880761836,"cognps_random_slope"
"9284","PRMT5","Mic P2RY12",-0.13583839930651,3.53375749751205,0.0411232527665327,0.839414878447186,0.999765323016076,0.999791880761836,"cognps_random_slope"
"9285","AL132780.1","Mic P2RY12",0.747601670715896,3.00100224347179,0.754288363491111,0.544244519765765,0.910437626329679,0.939521634427881,"cognps_random_slope"
"9286","C14orf93","Mic P2RY12",-1.30429604654957,3.9535267256504,5.89173986398207,0.0157024625211172,0.247891105095161,0.330459807893156,"cognps_random_slope"
"9287","PSMB5","Mic P2RY12",0.197345494088493,4.97352180077699,0.234711117354176,0.628347319622697,0.946972832913153,0.967893572075273,"cognps_random_slope"
"9288","ACIN1","Mic P2RY12",-0.00110619369614174,7.31222296761731,2.17906558063355e-05,0.996278039803057,0.999765323016076,0.999791880761836,"cognps_random_slope"
"9289","C14orf119","Mic P2RY12",0.0309374678359335,4.59936120071957,0.00275659099075975,0.958156859212842,0.999765323016076,0.999791880761836,"cognps_random_slope"
"9290","SLC7A8","Mic P2RY12",0.832665344071304,5.14245044759885,2.27773239294927,0.13212167893512,0.592557770886728,0.670052632173139,"cognps_random_slope"
"9291","RNF212B","Mic P2RY12",0.277153559100249,2.57794361492992,0.0765142970042705,0.782236819974613,0.990020960532974,0.999508397105588,"cognps_random_slope"
"9292","HOMEZ","Mic P2RY12",0.251616798159506,3.97812262909191,0.231985474017596,0.630348479026098,0.947854781146043,0.96794498691135,"cognps_random_slope"
"9293","PPP1R3E","Mic P2RY12",0.420854478947379,4.93811723346765,0.898194790362525,0.343902604444342,0.794658577046108,0.846313588149882,"cognps_random_slope"
"9294","BCL2L2","Mic P2RY12",-0.212520394330386,3.24994459213694,0.101293520854351,0.750467586475561,0.982244103840787,0.994674014762625,"cognps_random_slope"
"9295","BCL2L2-PABPN1","Mic P2RY12",-0.353144238949902,4.6854219011798,0.55819461554193,0.45547676767542,0.865333388169053,0.905598852945087,"cognps_random_slope"
"9296","PABPN1","Mic P2RY12",0.0788763930541727,6.40943249743683,0.0529677721084395,0.818108178696689,0.995204567340528,0.999791880761836,"cognps_random_slope"
"9297","SLC22A17","Mic P2RY12",1.1505769856931,4.99286275732859,3.601310436334,0.0585346724986101,0.449268697682631,0.542402051574667,"cognps_random_slope"
"9298","NGDN","Mic P2RY12",-0.232307072365288,4.70697085392787,0.322750250586185,0.985311400857297,0.999765323016076,0.999791880761836,"cognps_random_slope"
"9299","ZFHX2","Mic P2RY12",-1.0460987742267,4.27194223010181,3.61961742574659,0.155753643321136,0.6263594359524,0.705107653552744,"cognps_random_slope"
"9300","THTPA","Mic P2RY12",0.497514086638944,3.19764622254147,0.467870403604184,0.494409027633113,0.884891066701007,0.920501574728862,"cognps_random_slope"
"9301","AP1G2","Mic P2RY12",-0.693314598657813,5.34106468102157,2.38592854448321,0.123311608736995,0.581585286973743,0.660864338941303,"cognps_random_slope"
"9302","AL135999.1","Mic P2RY12",-0.115658264643307,4.43949117840301,0.0674665530493059,0.795210466444912,0.992143902613387,0.999791880761836,"cognps_random_slope"
"9303","JPH4","Mic P2RY12",1.56537534427766,3.47265091804857,4.32619965327973,0.0382377211728535,0.373214640522512,0.46674034858797,"cognps_random_slope"
"9304","DHRS4-AS1","Mic P2RY12",0.148939448872146,4.66988059820439,0.0987275328671536,0.753544215361088,0.982268354911735,0.994946400596893,"cognps_random_slope"
"9305","DHRS4","Mic P2RY12",0.275647798223592,4.16197415875936,0.294855114880386,0.723672812032028,0.976701705810179,0.991975916828505,"cognps_random_slope"
"9306","DHRS4L2","Mic P2RY12",-0.24153756626773,5.11700938901566,0.271914205948341,0.602371558297719,0.937199130938048,0.959694654203117,"cognps_random_slope"
"9307","NRL","Mic P2RY12",-0.516667240127126,3.99441720352837,0.926798766396258,0.336343008338788,0.789802354294789,0.84478471300065,"cognps_random_slope"
"9308","PCK2","Mic P2RY12",-0.0487232727589014,3.89221096502978,0.00611255055104427,0.937726123706875,0.999765323016076,0.999791880761836,"cognps_random_slope"
"9309","DCAF11","Mic P2RY12",0.841094439681201,3.55678036475343,1.80543076548676,0.245656287245312,0.726886505423714,0.787803854705654,"cognps_random_slope"
"9310","AL136295.3","Mic P2RY12",-0.0751707789478694,2.63445301063043,0.00451587475792419,0.948027439701162,0.999765323016076,0.999791880761836,"cognps_random_slope"
"9311","PSME1","Mic P2RY12",-1.3497995295901,3.94326627069202,6.16106998778576,0.0135150181280025,0.232878301111938,0.309632434303005,"cognps_random_slope"
"9312","EMC9","Mic P2RY12",0.651305530389112,3.32475932691951,0.841350648216918,0.359625482839545,0.807010757068222,0.85858423257629,"cognps_random_slope"
"9313","PSME2","Mic P2RY12",-0.247449373315492,3.47522278450355,0.107168070645538,0.743582047659088,0.982072175094771,0.994674014762625,"cognps_random_slope"
"9314","REC8","Mic P2RY12",0.187683753618022,3.07968587325668,0.050691012916135,0.821993073223967,0.996726931048618,0.999791880761836,"cognps_random_slope"
"9315","AL136295.1","Mic P2RY12",0.295586417571758,4.88412260686842,0.639619969834526,0.424376386809709,0.84478133684446,0.889251766170727,"cognps_random_slope"
"9316","GMPR2","Mic P2RY12",1.10941896597731,3.94496510109154,4.67955699838221,0.043825506620537,0.396828117717444,0.490588901072496,"cognps_random_slope"
"9317","TINF2","Mic P2RY12",0.0637802261190094,3.48221941352586,0.00819717241522826,0.927909914659353,0.999765323016076,0.999791880761836,"cognps_random_slope"
"9318","RABGGTA","Mic P2RY12",-0.176266971916675,3.45506910563852,0.0770369556983179,0.781513219025062,0.990020960532974,0.999508397105588,"cognps_random_slope"
"9319","DHRS1","Mic P2RY12",-0.741072055785177,4.57065436370777,2.93988044687348,0.0872786415396005,0.513813567669591,0.599371981462588,"cognps_random_slope"
"9320","CIDEB","Mic P2RY12",-2.22541244881527,3.20266119550974,7.73534117008516,0.00570022226682509,0.152674796573943,0.211547649981078,"cognps_random_slope"
"9321","LTB4R","Mic P2RY12",0.938418328856838,4.46545436109904,2.75730017541219,0.0976830745634487,0.536413249822253,0.622284519930192,"cognps_random_slope"
"9322","NYNRIN","Mic P2RY12",0.70636793446565,3.47959802217485,0.593454668724676,0.44159208396241,0.856283535983253,0.897592791327557,"cognps_random_slope"
"9323","KHNYN","Mic P2RY12",0.574576226151803,4.57535175911193,2.13035153797778,0.300529023640366,0.762414699475663,0.823013995190349,"cognps_random_slope"
"9324","SDR39U1","Mic P2RY12",-0.391440896858624,4.31266293706764,0.721635115813562,0.3961732294638,0.827480899009412,0.876961525008584,"cognps_random_slope"
"9325","STXBP6","Mic P2RY12",0.542915960176825,3.22032681419518,0.375709125589774,0.54029605776993,0.909840094266755,0.938940800594172,"cognps_random_slope"
"9326","LINC02306","Mic P2RY12",1.40696677155666,3.24961141497159,1.80033546382896,0.180518523539207,0.655236603852675,0.728625431912317,"cognps_random_slope"
"9327","NOVA1","Mic P2RY12",2.03245745803923,4.4438148439858,10.0904200486215,0.00161931213347273,0.0871502084364179,0.124598607676255,"cognps_random_slope"
"9328","FOXG1","Mic P2RY12",1.24400855738912,3.10504329239006,2.21438103047965,0.137606197868944,0.602128284225921,0.678608226205031,"cognps_random_slope"
"9329","PRKD1","Mic P2RY12",2.94750385429398,3.45128020814848,13.6302848391992,0.000257075748001118,0.0359587299138796,0.0548933450647856,"cognps_random_slope"
"9330","G2E3","Mic P2RY12",-0.470835326056888,5.69100704125133,2.40021479669028,0.122198127187331,0.581048777697984,0.660661097707047,"cognps_random_slope"
"9331","SCFD1","Mic P2RY12",-0.119387418076455,7.59697073035095,0.388492021551485,0.533488211350769,0.906222110364132,0.936283023890946,"cognps_random_slope"
"9332","COCH","Mic P2RY12",-0.0559221013643977,2.91479228434389,0.00325895078884048,0.954507420529209,0.999765323016076,0.999791880761836,"cognps_random_slope"
"9333","STRN3","Mic P2RY12",-0.139822366307979,7.60979717187723,0.444609767382056,0.505333431237968,0.891090914075268,0.925603545137578,"cognps_random_slope"
"9334","AP4S1","Mic P2RY12",0.0505240751823477,4.988110975552,0.0153481034668169,0.901473592074333,0.999765323016076,0.999791880761836,"cognps_random_slope"
"9335","HECTD1","Mic P2RY12",0.217848184178487,7.65905928212348,1.6734851529476,0.196622619687641,0.675279273817038,0.743892760674253,"cognps_random_slope"
"9336","AL136418.1","Mic P2RY12",0.567542725787763,2.75687597340433,0.398677921929742,0.678324521763915,0.963049784527834,0.980096514019067,"cognps_random_slope"
"9337","HEATR5A","Mic P2RY12",-0.223731706668849,5.85969929210488,0.621903354053573,0.643023672425969,0.951443629329721,0.970883120121208,"cognps_random_slope"
"9338","AL139353.1","Mic P2RY12",0.631228812805994,4.13168652731569,1.22815757173152,0.268506256964184,0.742826661762393,0.802490666399151,"cognps_random_slope"
"9339","NUBPL","Mic P2RY12",0.452338596937683,6.93236069669027,2.38386766978014,0.123473165509214,0.581585286973743,0.660864338941303,"cognps_random_slope"
"9340","ARHGAP5","Mic P2RY12",-0.113266447932661,6.98424235555995,0.147019082318784,0.84763716469445,0.999765323016076,0.999791880761836,"cognps_random_slope"
"9341","AKAP6","Mic P2RY12",0.788201323660792,5.39284729359753,2.37650388386773,0.124052359591505,0.582715170041132,0.66123352413604,"cognps_random_slope"
"9342","NPAS3","Mic P2RY12",0.101209120030215,7.6675776627075,0.0238359974772541,0.877389544581723,0.999765323016076,0.999791880761836,"cognps_random_slope"
"9343","EGLN3","Mic P2RY12",0.72372399806471,3.41590220572919,0.955702674112962,0.328929118823813,0.78183296722389,0.838771691887072,"cognps_random_slope"
"9344","EAPP","Mic P2RY12",0.0886603784865095,5.48246576311438,0.0547031122585286,0.815205817827857,0.994957963721761,0.999791880761836,"cognps_random_slope"
"9345","SNX6","Mic P2RY12",-0.275543354508391,7.00660621563943,1.29720832923869,0.255481882623274,0.731366298748306,0.792303485302201,"cognps_random_slope"
"9346","CFL2","Mic P2RY12",0.570069221797808,3.72331605535125,0.945323784735876,0.336113531881399,0.78952803518714,0.844780331802246,"cognps_random_slope"
"9347","BAZ1A","Mic P2RY12",-0.625120842356592,7.39032942181738,4.42891123111959,0.0360285698677434,0.362748959276957,0.456098933870743,"cognps_random_slope"
"9348","SRP54","Mic P2RY12",-0.187156123495265,5.82037332932679,0.376041770030982,0.961102727594752,0.999765323016076,0.999791880761836,"cognps_random_slope"
"9349","FAM177A1","Mic P2RY12",-0.701225761524337,5.11824216084113,4.30305487337668,0.0387549349430518,0.376420613065208,0.470737578930732,"cognps_random_slope"
"9350","PPP2R3C","Mic P2RY12",-0.146091458655134,6.83075344258266,0.303220446006523,0.582212387715192,0.927859733775962,0.9522571873954,"cognps_random_slope"
"9351","NFKBIA","Mic P2RY12",-1.60633696831175,6.3763958109078,16.7503872262024,5.26745162836223e-05,0.0185760840188638,0.0289645602344943,"cognps_random_slope"
"9352","RALGAPA1","Mic P2RY12",-0.0793549984769052,7.63441433947995,0.152478970231175,0.696408731175351,0.969416579046523,0.984989885855413,"cognps_random_slope"
"9353","BRMS1L","Mic P2RY12",-0.461816558751349,4.64181653842052,1.34050591782075,0.247713121533078,0.727506673637925,0.787883147226809,"cognps_random_slope"
"9354","LINC00609","Mic P2RY12",2.27120600222978,3.12394913161495,4.3711624993872,0.0372536025975337,0.36843950436129,0.462235812086624,"cognps_random_slope"
"9355","MBIP","Mic P2RY12",0.0396261118877095,4.60379868728988,0.00728644172145597,0.932022171469179,0.999765323016076,0.999791880761836,"cognps_random_slope"
"9356","SLC25A21","Mic P2RY12",1.33193691436211,3.27458080817682,2.1676782593737,0.141813465694292,0.607546555336436,0.684182448978773,"cognps_random_slope"
"9357","MIPOL1","Mic P2RY12",1.41817902823102,5.52328739124981,8.83140997997812,0.00316014912133469,0.114689167387329,0.164114857295177,"cognps_random_slope"
"9358","LINC00639","Mic P2RY12",1.60540370137865,3.02250169401745,2.34538761011321,0.126533463293176,0.585960590257146,0.664147671947875,"cognps_random_slope"
"9359","SEC23A","Mic P2RY12",-0.597010328399273,6.34686782334543,6.06862046150275,0.0142279579267619,0.237216092989768,0.315707512855642,"cognps_random_slope"
"9360","GEMIN2","Mic P2RY12",-0.196957373038957,3.55619364141991,0.118672822744407,0.730679760499378,0.978010334643644,0.992754357816929,"cognps_random_slope"
"9361","TRAPPC6B","Mic P2RY12",-0.0795911182012813,5.35020711033649,0.0712651458576727,0.789656571237902,0.990886185623222,0.999791880761836,"cognps_random_slope"
"9362","PNN","Mic P2RY12",0.00432287101022814,7.22988470323249,0.00032564302054713,0.985612497668613,0.999765323016076,0.999791880761836,"cognps_random_slope"
"9363","MIA2","Mic P2RY12",-0.0171434860818921,7.17996034014585,0.0048490091783716,0.944523019501047,0.999765323016076,0.999791880761836,"cognps_random_slope"
"9364","FBXO33","Mic P2RY12",-0.0180692937569615,6.28385660366202,0.00284637598837138,0.957481520189034,0.999765323016076,0.999791880761836,"cognps_random_slope"
"9365","AL049875.1","Mic P2RY12",-0.255566747393702,4.34715034375895,0.251420727542685,0.616383266872974,0.941298971794699,0.963917775753802,"cognps_random_slope"
"9366","LRFN5","Mic P2RY12",1.82409602922941,4.59615748675192,6.09632715840997,0.0140103030855511,0.235573490149901,0.313978412588221,"cognps_random_slope"
"9367","KLHL28","Mic P2RY12",-0.198587477293079,5.618338139308,0.316870428328547,0.573845257046081,0.924846697495434,0.950153024578689,"cognps_random_slope"
"9368","TOGARAM1","Mic P2RY12",0.450933542064734,6.38864460770197,2.72942232114773,0.0993877064496241,0.537560520252725,0.623539007406861,"cognps_random_slope"
"9369","PRPF39","Mic P2RY12",0.184191045445436,5.21589906957839,0.25704150127218,0.833534686299889,0.999366959106503,0.999791880761836,"cognps_random_slope"
"9370","FKBP3","Mic P2RY12",0.0225069419222821,5.16174887131178,0.00420055060302314,0.948359972920911,0.999765323016076,0.999791880761836,"cognps_random_slope"
"9371","FANCM","Mic P2RY12",-0.0609989613324624,4.95275428372622,0.0191131939566766,0.890119841636282,0.999765323016076,0.999791880761836,"cognps_random_slope"
"9372","MIS18BP1","Mic P2RY12",0.477085301044299,8.11157917162525,1.12117134762632,0.290377041498519,0.75545384063709,0.816583560007997,"cognps_random_slope"
"9373","MDGA2","Mic P2RY12",2.50136519064048,5.07800690251176,14.4792463036525,0.000166506782175699,0.0297514318391539,0.0457792122457455,"cognps_random_slope"
"9374","RPS29","Mic P2RY12",-0.182423076058379,5.56123212247917,0.18606254591454,0.66647258801295,0.958819017923945,0.976260444204533,"cognps_random_slope"
"9375","LRR1","Mic P2RY12",-1.08945298407352,3.97669604352631,4.5652283346248,0.0333017498332945,0.350570895142168,0.443421255623102,"cognps_random_slope"
"9376","RPL36AL","Mic P2RY12",-0.00615786771103024,4.89153279265045,0.000195080257271977,0.988863963236372,0.999765323016076,0.999791880761836,"cognps_random_slope"
"9377","MGAT2","Mic P2RY12",-0.052885587198809,3.14447400730806,0.00554678027019584,0.940672481685409,0.999765323016076,0.999791880761836,"cognps_random_slope"
"9378","DNAAF2","Mic P2RY12",0.287817050208252,3.93611237937495,0.303627353152347,0.837877792386532,0.999700499758612,0.999791880761836,"cognps_random_slope"
"9379","POLE2","Mic P2RY12",0.0377869885861855,4.25300187126569,0.00370750391178421,0.951481213767403,0.999765323016076,0.999791880761836,"cognps_random_slope"
"9380","KLHDC1","Mic P2RY12",-0.107355812045604,6.13197280733602,0.103631707474635,0.747701256215389,0.982244103840787,0.994674014762625,"cognps_random_slope"
"9381","KLHDC2","Mic P2RY12",-0.353588263555908,5.24439735101583,0.804281647749072,0.370416245273197,0.812104761618872,0.863532460737016,"cognps_random_slope"
"9382","NEMF","Mic P2RY12",0.0369454081585058,7.71489804542325,0.047920873254644,0.872209706206142,0.999765323016076,0.999791880761836,"cognps_random_slope"
"9383","AL627171.2","Mic P2RY12",-1.275504230618,3.4222791429104,1.77420343845665,0.183706240339631,0.660000774449883,0.731483078144997,"cognps_random_slope"
"9384","ARF6","Mic P2RY12",-1.05386626079937,3.7748263810453,3.22719056973966,0.0732639459353221,0.483949954288775,0.572984775873399,"cognps_random_slope"
"9385","LINC01588","Mic P2RY12",0.419040592374947,3.4579036789903,0.216028269638986,0.642364263373897,0.951400877198672,0.970883120121208,"cognps_random_slope"
"9386","VCPKMT","Mic P2RY12",0.0586295397603274,4.52792762477181,0.0183838601074222,0.892223568481403,0.999765323016076,0.999791880761836,"cognps_random_slope"
"9387","SOS2","Mic P2RY12",-0.0524622905131427,7.425555326491,0.0503885560885069,0.822516012239016,0.996726931048618,0.999791880761836,"cognps_random_slope"
"9388","L2HGDH","Mic P2RY12",0.495504257508989,4.55650573812124,1.12157111480873,0.290291191412187,0.755377137109654,0.816443975846776,"cognps_random_slope"
"9389","ATP5S","Mic P2RY12",-0.458629545444641,4.78054892607832,1.14154215718858,0.286043341583529,0.753986392714568,0.814248375757658,"cognps_random_slope"
"9390","CDKL1","Mic P2RY12",-0.562035113774204,4.58917692616523,1.14064460436772,0.286232544003697,0.754255972880221,0.814478443085114,"cognps_random_slope"
"9391","MAP4K5","Mic P2RY12",-0.377648088874698,7.25620839674704,3.18915957022944,0.0749705917405872,0.486057522939337,0.574826063627018,"cognps_random_slope"
"9392","ATL1","Mic P2RY12",1.27243404807257,4.82021897764885,6.14660254473583,0.0136241017888038,0.232878301111938,0.309632434303005,"cognps_random_slope"
"9393","SAV1","Mic P2RY12",0.214369804481156,4.38824910390115,0.209999990140532,0.64704419596283,0.952302504420343,0.971617599873003,"cognps_random_slope"
"9394","NIN","Mic P2RY12",-0.0358230478822698,6.96135721209045,0.0191972872781755,0.889879927873177,0.999765323016076,0.999791880761836,"cognps_random_slope"
"9395","PYGL","Mic P2RY12",-0.951376194425274,7.39599132274569,3.87862842633728,0.0496717034685284,0.417939219384424,0.510316389867414,"cognps_random_slope"
"9396","ABHD12B","Mic P2RY12",-1.06634329800828,2.64140684859091,1.07322543207124,0.300914118048043,0.762414699475663,0.823013995190349,"cognps_random_slope"
"9397","TRIM9","Mic P2RY12",1.36856781727014,4.9305823880301,4.28644147932987,0.0391307323564946,0.376717632406167,0.470758997319728,"cognps_random_slope"
"9398","TMX1","Mic P2RY12",-0.284291758287057,5.65367601002556,0.777647085573001,0.378450725904941,0.816948804422055,0.867972697408637,"cognps_random_slope"
"9399","FRMD6","Mic P2RY12",0.578044411948998,2.90840761287135,0.364805028418134,0.546230487895597,0.911392352382404,0.940041033146701,"cognps_random_slope"
"9400","GNG2","Mic P2RY12",-0.503619289076483,6.88627773036445,2.17623378213846,0.141032005649871,0.606342607543765,0.682980292207887,"cognps_random_slope"
"9401","RTRAF","Mic P2RY12",-0.0511249952552295,4.57523389096695,0.014856990867751,0.92106764050784,0.999765323016076,0.999791880761836,"cognps_random_slope"
"9402","TXNDC16","Mic P2RY12",0.627158344021217,5.54209357892686,1.56236012191383,0.212132767327832,0.692181936927266,0.758505865264288,"cognps_random_slope"
"9403","GPR137C","Mic P2RY12",0.747596356120451,5.49006263965271,2.34475746108271,0.126584277948992,0.585960590257146,0.664147671947875,"cognps_random_slope"
"9404","ERO1A","Mic P2RY12",-0.285399019342321,5.98524633000974,0.296307612077293,0.586543871195478,0.930210398010736,0.954312999656167,"cognps_random_slope"
"9405","PSMC6","Mic P2RY12",0.15644654219327,5.80880113505148,0.261320104624465,0.609528365890383,0.93885760879533,0.961460719578766,"cognps_random_slope"
"9406","STYX","Mic P2RY12",0.0547801794037064,4.63214708259144,0.0173124280646492,0.895392693822744,0.999765323016076,0.999791880761836,"cognps_random_slope"
"9407","GNPNAT1","Mic P2RY12",-0.0305868645110948,3.4363330802017,0.00244686917635056,0.960575521495411,0.999765323016076,0.999791880761836,"cognps_random_slope"
"9408","FERMT2","Mic P2RY12",-1.19424443108142,4.2656174330315,2.60783021143181,0.107214135046825,0.553671145958577,0.637768515733688,"cognps_random_slope"
"9409","DDHD1","Mic P2RY12",0.0503773145658823,6.16219675718173,0.0290335479231673,0.864797417814221,0.999765323016076,0.999791880761836,"cognps_random_slope"
"9410","CNIH1","Mic P2RY12",0.0503735683562541,4.356990384386,0.0103906787819995,0.918865334174915,0.999765323016076,0.999791880761836,"cognps_random_slope"
"9411","GMFB","Mic P2RY12",-0.0130824898622062,4.62072232701591,0.00124121682013979,0.971915163673604,0.999765323016076,0.999791880761836,"cognps_random_slope"
"9412","CGRRF1","Mic P2RY12",0.499831743637796,3.96090151653428,0.834859977740046,0.361483132853756,0.809120799461542,0.859666374492398,"cognps_random_slope"
"9413","SAMD4A","Mic P2RY12",-0.254639439016094,7.81590127860741,0.376395378213703,0.539926548660956,0.909680929397714,0.938880518155808,"cognps_random_slope"
"9414","GCH1","Mic P2RY12",-0.962456676398665,4.76693689689727,1.91487714732074,0.16728074732801,0.638669314798481,0.716576942525175,"cognps_random_slope"
"9415","WDHD1","Mic P2RY12",0.668610868470871,3.76140538760204,0.957830561850472,0.328391971149208,0.781740405134397,0.838554421741862,"cognps_random_slope"
"9416","SOCS4","Mic P2RY12",0.0437958454233868,4.72955302219199,0.0135990256388412,0.962367561488565,0.999765323016076,0.999791880761836,"cognps_random_slope"
"9417","MAPK1IP1L","Mic P2RY12",-0.354557821356499,6.00599468542947,1.03447796993801,0.30979299413227,0.768573804238758,0.82799591029712,"cognps_random_slope"
"9418","LGALS3","Mic P2RY12",-3.49094925093707,2.94073740372357,12.605403289427,0.000435738479181297,0.0429362599963865,0.0650577749214724,"cognps_random_slope"
"9419","FBXO34","Mic P2RY12",-0.197808227725195,7.18772037964514,0.468297904327074,0.494212001643831,0.884891066701007,0.920501574728862,"cognps_random_slope"
"9420","AL158801.3","Mic P2RY12",-1.99186603594738,3.33212848024688,6.03825842847856,0.0144704914537241,0.237982748306239,0.316927636578854,"cognps_random_slope"
"9421","ATG14","Mic P2RY12",-0.0865673182799416,5.46934890978753,0.0490095884310387,0.824921358625487,0.997442739805277,0.999791880761836,"cognps_random_slope"
"9422","KTN1-AS1","Mic P2RY12",-0.525764199271409,3.54697864644408,0.50859029501306,0.476212244123212,0.878540787926096,0.914630581722727,"cognps_random_slope"
"9423","KTN1","Mic P2RY12",-0.389506656393276,7.8770373967261,3.25382830113572,0.0720935289521921,0.481701677783777,0.572337698928994,"cognps_random_slope"
"9424","AL355773.1","Mic P2RY12",-0.530604436622363,2.63632792159779,0.230849504664528,0.631186783673335,0.948140104098994,0.96810028150999,"cognps_random_slope"
"9425","PELI2","Mic P2RY12",-0.888921127018347,7.57233592437793,3.21629800762921,0.0737484296978975,0.484600276766218,0.572984775873399,"cognps_random_slope"
"9426","LINC02284","Mic P2RY12",-0.799808947769268,3.17636779476141,0.799203943682022,0.371929363773825,0.812557124866812,0.863824817789314,"cognps_random_slope"
"9427","TMEM260","Mic P2RY12",0.177865178813429,6.59847359675879,0.425841164741978,0.514453615920778,0.894942542151003,0.92830484233112,"cognps_random_slope"
"9428","AL161757.4","Mic P2RY12",2.62610851180003,2.48235937927516,3.58947330603589,0.0589486434683499,0.44989912477379,0.543094414862529,"cognps_random_slope"
"9429","EXOC5","Mic P2RY12",0.33289233250339,6.34419781179526,1.70968407457936,0.191861650898705,0.669079388045129,0.738884345436085,"cognps_random_slope"
"9430","AP5M1","Mic P2RY12",-0.421967115086974,5.18164151681198,1.21294881726521,0.271485470127788,0.744483269496792,0.804064195788762,"cognps_random_slope"
"9431","NAA30","Mic P2RY12",-0.254436768093986,4.56932028800767,0.455556433440697,0.902008208689271,0.999765323016076,0.999791880761836,"cognps_random_slope"
"9432","ARMH4","Mic P2RY12",-0.315029141541341,7.07759375898259,0.846107195733115,0.35827250205552,0.806889235455732,0.858018358006056,"cognps_random_slope"
"9433","ACTR10","Mic P2RY12",-0.0448307533243195,5.72533222195604,0.0235390078875764,0.878149755507334,0.999765323016076,0.999791880761836,"cognps_random_slope"
"9434","PSMA3","Mic P2RY12",-0.229570641230724,5.55329704459025,0.375027453489535,0.540663560638971,0.910005809466235,0.939001507742756,"cognps_random_slope"
"9435","ARID4A","Mic P2RY12",-0.303692663237106,7.20092170191642,1.21009332407019,0.272049441886859,0.744483269496792,0.804163454482657,"cognps_random_slope"
"9436","AL139021.2","Mic P2RY12",-0.730373551044973,3.03730369633698,0.841758275339303,0.359509259104106,0.807010757068222,0.85858423257629,"cognps_random_slope"
"9437","AL139021.1","Mic P2RY12",0.474591547026164,3.6709960928296,0.434351541504236,0.510283162626953,0.893195488814498,0.927704561786878,"cognps_random_slope"
"9438","TIMM9","Mic P2RY12",0.0668671164963833,4.51830852304858,0.0213503297032287,0.885727894041365,0.999765323016076,0.999791880761836,"cognps_random_slope"
"9439","KIAA0586","Mic P2RY12",-0.150185112456177,6.08293727769469,0.220665554481872,0.63881796986931,0.950271487556261,0.970357720549608,"cognps_random_slope"
"9440","DACT1","Mic P2RY12",-0.283386228748459,3.7141164520735,0.0904711138984934,0.76375289982353,0.984139674089917,0.996142476555342,"cognps_random_slope"
"9441","LINC01500","Mic P2RY12",-0.184030131053921,3.489878884464,0.0315817786514101,0.859048720881444,0.999765323016076,0.999791880761836,"cognps_random_slope"
"9442","DAAM1","Mic P2RY12",0.333972864587576,7.04920658807194,0.873914418315761,0.350501178901525,0.799426324952662,0.851152769252035,"cognps_random_slope"
"9443","GPR135","Mic P2RY12",-0.914217747232045,4.57262663026059,1.9702000192299,0.161289522660011,0.631512796296848,0.708484902920554,"cognps_random_slope"
"9444","L3HYPDH","Mic P2RY12",-0.287287773029272,4.33537923807776,0.358829923425807,0.549533933498122,0.912109390218929,0.940256030616682,"cognps_random_slope"
"9445","JKAMP","Mic P2RY12",0.204027426249763,5.37589918953603,0.322543386504868,0.570437556099315,0.923355952776136,0.949247646187554,"cognps_random_slope"
"9446","RTN1","Mic P2RY12",-0.443755919242004,6.48706345937526,0.676298811248076,0.411409055194425,0.837123101831231,0.883774859395741,"cognps_random_slope"
"9447","AL157911.1","Mic P2RY12",-0.951124640880557,3.191421987422,1.05463254436255,0.305132808896091,0.76575088209492,0.825698953853018,"cognps_random_slope"
"9448","PCNX4","Mic P2RY12",-0.420668484736267,6.8258699402521,3.07283407740077,0.0843684723720396,0.507375146962932,0.594787555439735,"cognps_random_slope"
"9449","DHRS7","Mic P2RY12",-1.19754361570503,5.30301464074576,7.70038930632214,0.00580925149069302,0.153549860407844,0.212612946197523,"cognps_random_slope"
"9450","PPM1A","Mic P2RY12",-0.125270191708198,5.86998464631415,0.170200896130871,0.680179157478038,0.963764980353924,0.980589311801902,"cognps_random_slope"
"9451","MNAT1","Mic P2RY12",0.240564246438533,7.11939932915822,0.806954729401071,0.369623145178344,0.812104761618872,0.863532460737016,"cognps_random_slope"
"9452","TRMT5","Mic P2RY12",-1.15578385352696,2.9869791741062,1.88007264592879,0.171180889159776,0.64374484958574,0.721053105804552,"cognps_random_slope"
"9453","SLC38A6","Mic P2RY12",0.0888757596639922,4.78390783463911,0.0246636751921112,0.87529615124185,0.999765323016076,0.999791880761836,"cognps_random_slope"
"9454","PRKCH","Mic P2RY12",-1.42002057640657,8.07232259889625,13.6492742708502,0.000254583559190545,0.0359587299138796,0.0548933450647856,"cognps_random_slope"
"9455","AL359220.1","Mic P2RY12",-1.77578732112597,2.86534143514628,3.46004621768927,0.0636847500821368,0.461735462451754,0.55369831592915,"cognps_random_slope"
"9456","LINC01303","Mic P2RY12",-1.50513488941882,2.58610419163882,1.50638287171013,0.22049466618954,0.701531106744069,0.766191777010353,"cognps_random_slope"
"9457","HIF1A","Mic P2RY12",-1.18483888075627,9.05957456951679,2.90088674116327,0.0893947999782928,0.51928032705206,0.604138418918049,"cognps_random_slope"
"9458","HIF1A-AS2","Mic P2RY12",-1.26554650087301,6.8468710494334,1.02998850964643,0.310843663294442,0.769107077146114,0.828590863180361,"cognps_random_slope"
"9459","SNAPC1","Mic P2RY12",-0.592781039513311,4.75778674919144,0.910052532856269,0.34074124540691,0.792400509359127,0.845512643098497,"cognps_random_slope"
"9460","SYT16","Mic P2RY12",2.7104299576633,3.68840247349798,10.4672175423515,0.00132779487586254,0.0787936479614721,0.111446474165042,"cognps_random_slope"
"9461","KCNH5","Mic P2RY12",2.97088776943071,3.20431142802737,8.99348229176375,0.00289807356030451,0.110344021247529,0.158217475653129,"cognps_random_slope"
"9462","PPP2R5E","Mic P2RY12",-0.0523724053795483,7.57033441546379,0.0679143416497507,0.79454721249705,0.992143902613387,0.999791880761836,"cognps_random_slope"
"9463","WDR89","Mic P2RY12",0.415019532348864,4.98488148496038,0.894821497444021,0.344809198323013,0.79495583871654,0.846771771087706,"cognps_random_slope"
"9464","SGPP1","Mic P2RY12",-0.688651664016601,6.98763408151621,6.06812225757111,0.0142319034970356,0.237216092989768,0.315707512855642,"cognps_random_slope"
"9465","SYNE2","Mic P2RY12",-0.165114404941544,3.27375504850166,0.0340966957993244,0.853605370665132,0.999765323016076,0.999791880761836,"cognps_random_slope"
"9466","ESR2","Mic P2RY12",0.311514663221555,3.05614481297927,0.134646544603342,0.71387798057068,0.975327034936739,0.990078557920128,"cognps_random_slope"
"9467","MTHFD1","Mic P2RY12",-0.0444146436967611,4.65483612853412,0.0103323905351138,0.919092436374857,0.999765323016076,0.999791880761836,"cognps_random_slope"
"9468","AL122035.1","Mic P2RY12",-0.446752468242958,3.92367723165859,0.524664666655896,0.469329576272654,0.87335730277637,0.911989958554649,"cognps_random_slope"
"9469","ZBTB25","Mic P2RY12",-0.40841515065613,5.50107309391131,0.934201258046978,0.334423129361472,0.787534324730273,0.84346889010648,"cognps_random_slope"
"9470","ZBTB1","Mic P2RY12",-0.205776690533088,7.06988628697433,0.322308909130823,0.570577616964345,0.923355952776136,0.949247646187554,"cognps_random_slope"
"9471","AL049869.3","Mic P2RY12",-0.377976730929035,3.51857310721049,0.233341751364126,0.629350901606934,0.947640749708162,0.9679212910507,"cognps_random_slope"
"9472","HSPA2","Mic P2RY12",-0.600957192387088,3.10593170616992,0.428771646679074,0.513010878881295,0.894697916174939,0.92830484233112,"cognps_random_slope"
"9473","PLEKHG3","Mic P2RY12",1.12026665917407,3.39568065403342,2.21951037547728,0.137152744700342,0.601269752075375,0.678086167366028,"cognps_random_slope"
"9474","CHURC1-FNTB","Mic P2RY12",0.331902070634929,4.91240778522763,0.458672611773298,0.498680409427196,0.88802399669729,0.922636013471741,"cognps_random_slope"
"9475","RAB15","Mic P2RY12",0.421757790997974,3.32496687315179,0.347306763133345,0.556011703999513,0.916721560691126,0.944490948362644,"cognps_random_slope"
"9476","FNTB","Mic P2RY12",-0.490893141744664,2.84507892592579,0.32758012088289,0.76866381511105,0.986294885705015,0.997038473717198,"cognps_random_slope"
"9477","MAX","Mic P2RY12",-0.25920157663729,7.32886376901097,0.73187902449742,0.392844402060664,0.825416718722947,0.874906356263723,"cognps_random_slope"
"9478","AL139022.1","Mic P2RY12",-1.40494201448765,3.46257982308549,1.9819509702258,0.160048823481316,0.629901404837918,0.707044689724307,"cognps_random_slope"
"9479","AL355076.2","Mic P2RY12",-0.544349709130662,2.32746391781846,0.248594716978377,0.618371131284406,0.941924926164701,0.963917775753802,"cognps_random_slope"
"9480","FUT8","Mic P2RY12",0.32268995268162,7.1171754014043,1.03426508253006,0.309842711446844,0.768573804238758,0.82799591029712,"cognps_random_slope"
"9481","AL359232.1","Mic P2RY12",0.00884531345042039,4.79598494062102,0.00012039966680802,0.991251329517628,0.999765323016076,0.999791880761836,"cognps_random_slope"
"9482","GPHN","Mic P2RY12",0.215507277827523,8.11484675793317,0.869931693086211,0.351599976171172,0.800372223657189,0.852071532062675,"cognps_random_slope"
"9483","MPP5","Mic P2RY12",-0.44547913254545,5.73877739011358,1.77434619818648,0.183688648828057,0.660000774449883,0.731483078144997,"cognps_random_slope"
"9484","ATP6V1D","Mic P2RY12",-0.127699684478991,4.9148631655526,0.077595533386253,0.780742806684536,0.990020960532974,0.999508397105588,"cognps_random_slope"
"9485","EIF2S1","Mic P2RY12",-0.176134729393682,5.42290046970146,0.217504130027167,0.641230632837471,0.950874323474461,0.970806423495585,"cognps_random_slope"
"9486","TMEM229B","Mic P2RY12",-0.0514133242682011,4.30007809897209,0.00595961204446305,0.938508547162535,0.999765323016076,0.999791880761836,"cognps_random_slope"
"9487","PLEKHH1","Mic P2RY12",0.254317416765772,4.9708607037948,0.174619342467598,0.676288052839238,0.962810601943974,0.980067760574701,"cognps_random_slope"
"9488","PIGH","Mic P2RY12",-0.319344197736191,4.16544677663082,0.465170834652688,0.495656262573966,0.885741367554157,0.921158226010227,"cognps_random_slope"
"9489","ARG2","Mic P2RY12",-2.64685256484324,4.60125774693174,11.6823658042924,0.000703227079095142,0.0554349769820824,0.0825742421781249,"cognps_random_slope"
"9490","VTI1B","Mic P2RY12",0.251010841811845,4.12633987097723,0.269716963196365,0.932967054718724,0.999765323016076,0.999791880761836,"cognps_random_slope"
"9491","RDH11","Mic P2RY12",-0.693759391701522,4.01011507207518,1.73309342609421,0.188854702648328,0.665310691427509,0.736249225524218,"cognps_random_slope"
"9492","ZFYVE26","Mic P2RY12",-0.282490717151406,5.45421987204696,0.768843692228877,0.38116034581169,0.81893496896482,0.869389294053126,"cognps_random_slope"
"9493","RAD51B","Mic P2RY12",0.522232065530425,9.50037450363132,4.6271160933616,0.0321361166491245,0.346166150645263,0.4390482733532,"cognps_random_slope"
"9494","ZFP36L1","Mic P2RY12",0.190243991508344,9.52988307959619,0.264743214006764,0.60719612612966,0.938668833882294,0.961086482134485,"cognps_random_slope"
"9495","ACTN1","Mic P2RY12",-1.4554157298945,4.52712146434924,5.35997339968245,0.0211663935036091,0.286753406920231,0.373685467140851,"cognps_random_slope"
"9496","DCAF5","Mic P2RY12",-0.241092545106648,7.38503106472804,1.12187062161884,0.510492775284927,0.893329026063372,0.927775866086148,"cognps_random_slope"
"9497","AL359317.2","Mic P2RY12",-0.835122351515753,2.76572530555454,0.813999521001883,0.367544290866733,0.812045048937656,0.862405100667332,"cognps_random_slope"
"9498","EXD2","Mic P2RY12",-0.159824490567321,4.50903673550709,0.15119090602907,0.697629984208077,0.9695262698091,0.984989885855413,"cognps_random_slope"
"9499","GALNT16","Mic P2RY12",2.01678841400757,3.01500623952417,6.50344651114862,0.0111804958737744,0.207889373677617,0.280180611332,"cognps_random_slope"
"9500","ERH","Mic P2RY12",-0.199276740089765,4.54359573442377,0.187670476445478,0.665122285632463,0.957960903792096,0.975902687187237,"cognps_random_slope"
"9501","SLC39A9","Mic P2RY12",-0.224461565030147,5.79318277284645,0.649108084933416,0.420964130190302,0.842838362425486,0.887819553047035,"cognps_random_slope"
"9502","PLEKHD1","Mic P2RY12",3.86860166068948,2.23839420021876,9.29568626955258,0.00299028634851255,0.111623474530408,0.160251985835461,"cognps_random_slope"
"9503","SUSD6","Mic P2RY12",-0.228044378956867,9.16180781199868,0.737647696595718,0.390987541066672,0.824692295940985,0.873932594956922,"cognps_random_slope"
"9504","SRSF5","Mic P2RY12",-0.278738754190643,7.30334863969484,1.11661799402974,0.291357170316716,0.756157462097483,0.817367828707429,"cognps_random_slope"
"9505","SLC10A1","Mic P2RY12",0.396291373994884,2.70039332461208,0.146705566206601,0.701930024591659,0.97125171877701,0.986166411442572,"cognps_random_slope"
"9506","AL357153.2","Mic P2RY12",0.489383793846721,5.13563830976091,1.06371321872668,0.303062916015664,0.763833474593217,0.824163087209446,"cognps_random_slope"
"9507","MED6","Mic P2RY12",0.23258032902865,4.92514695567952,0.385953375796775,0.787477784299665,0.990886185623222,0.999791880761836,"cognps_random_slope"
"9508","MAP3K9","Mic P2RY12",0.998713956195658,4.56226532450613,3.44484364142222,0.0642672233022696,0.463490837695658,0.554562902775347,"cognps_random_slope"
"9509","PCNX1","Mic P2RY12",-0.589782960590498,7.89635723613527,2.1423135869673,0.144159149132517,0.609827374658516,0.68699278012833,"cognps_random_slope"
"9510","AC004817.3","Mic P2RY12",-2.87759683209559,2.99018276169633,5.65130485984341,0.0179647755073773,0.263249362261335,0.348516106463213,"cognps_random_slope"
"9511","SIPA1L1","Mic P2RY12",-0.792637386700517,9.0467675803388,1.36218817402527,0.24393189942511,0.725752099942929,0.786644664417554,"cognps_random_slope"
"9512","RGS6","Mic P2RY12",0.607956802203804,4.41343221385911,0.904422291488803,0.342237386475552,0.793040127197857,0.845667393945533,"cognps_random_slope"
"9513","DPF3","Mic P2RY12",0.333142085091431,3.34545202857899,0.201161646786074,0.654054937819808,0.955208175863475,0.973537836851373,"cognps_random_slope"
"9514","DCAF4","Mic P2RY12",0.104184114424922,3.69257969217664,0.0261288233152085,0.941718128196284,0.999765323016076,0.999791880761836,"cognps_random_slope"
"9515","ZFYVE1","Mic P2RY12",-0.0936171995503948,5.4250460871319,0.0870312009354245,0.768156085327208,0.986294885705015,0.996953482453624,"cognps_random_slope"
"9516","RBM25","Mic P2RY12",0.21872109353346,7.89238473041164,1.04248722456487,0.307930060019228,0.767710159037189,0.827095076785596,"cognps_random_slope"
"9517","PSEN1","Mic P2RY12",-0.348127344452984,7.3200819230846,2.27777146725386,0.132118372748116,0.592557770886728,0.670052632173139,"cognps_random_slope"
"9518","PAPLN","Mic P2RY12",1.45153164897077,3.45092041280935,4.54598597379905,0.0336731466996885,0.351240563946647,0.444299882398935,"cognps_random_slope"
"9519","NUMB","Mic P2RY12",-0.312199143491679,9.12975819158777,1.84248757999936,0.175510869249631,0.647048461847128,0.722456189014596,"cognps_random_slope"
"9520","AC005280.2","Mic P2RY12",-0.398720835679011,4.31964735532453,0.495825221402998,0.481795946270724,0.881229760326498,0.916739510069731,"cognps_random_slope"
"9521","HEATR4","Mic P2RY12",-0.146982114482781,3.44120991938875,0.050055462533998,0.889397313222085,0.999765323016076,0.999791880761836,"cognps_random_slope"
"9522","AC005225.3","Mic P2RY12",-1.16062353065749,3.44268290544041,2.7715109997361,0.142034199411103,0.607546555336436,0.684569924324094,"cognps_random_slope"
"9523","AC005225.2","Mic P2RY12",0.225819444783502,3.12662426116029,0.0880311137426556,0.766866550272999,0.985876692268655,0.996584922860264,"cognps_random_slope"
"9524","DNAL1","Mic P2RY12",1.35977212233688,3.9655756785416,6.59266532853581,0.0106434192855132,0.203731079287534,0.277085320775862,"cognps_random_slope"
"9525","PNMA1","Mic P2RY12",0.603368252894934,3.7466754933951,0.716596695057644,0.397825466490396,0.828429241452076,0.876968316775435,"cognps_random_slope"
"9526","ELMSAN1","Mic P2RY12",-0.105297948928947,6.36381811435429,0.122620336481398,0.726414716040497,0.977476012617602,0.992546652917152,"cognps_random_slope"
"9527","AC005520.2","Mic P2RY12",0.913412172765701,3.34424885179447,0.846923593477613,0.358040986842544,0.806701056587366,0.857750232900302,"cognps_random_slope"
"9528","AC005480.1","Mic P2RY12",-0.894247393057956,4.07376990277403,2.07279145193523,0.150816739713443,0.618910506810901,0.696418571564155,"cognps_random_slope"
"9529","COQ6","Mic P2RY12",0.862119353320561,3.84697838602447,2.39672025951275,0.122469456107745,0.581168825167187,0.660864338941303,"cognps_random_slope"
"9530","ENTPD5","Mic P2RY12",0.433999295367641,4.66637937835003,0.972188982756646,0.370313650935256,0.812104761618872,0.863532460737016,"cognps_random_slope"
"9531","BBOF1","Mic P2RY12",-0.251582235487272,3.25398054491849,0.112536207455809,0.760285018236759,0.983190954097967,0.995414674993652,"cognps_random_slope"
"9532","ALDH6A1","Mic P2RY12",1.04636110149035,3.53863111749764,2.37758692316487,0.123966984216298,0.582701352326415,0.66123352413604,"cognps_random_slope"
"9533","LIN52","Mic P2RY12",0.409349845838276,6.13558106825018,1.79106491576929,0.181641977315571,0.657493253607149,0.729889000517839,"cognps_random_slope"
"9534","ABCD4","Mic P2RY12",-0.0548058827653297,6.52513404245638,0.0383437332789759,0.844865125924311,0.999765323016076,0.999791880761836,"cognps_random_slope"
"9535","NPC2","Mic P2RY12",-1.43122384405614,6.06139897443692,11.7898514777874,0.000664986936635,0.0544545795805066,0.0813394790417856,"cognps_random_slope"
"9536","ISCA2","Mic P2RY12",-1.23220498965925,3.17759520353592,2.9154548534417,0.0885977364779744,0.516665912333044,0.602099134201325,"cognps_random_slope"
"9537","LTBP2","Mic P2RY12",-1.42038411266982,4.03901286799381,4.6189496758717,0.0322874455667419,0.346166150645263,0.4390482733532,"cognps_random_slope"
"9538","AREL1","Mic P2RY12",-0.367427623569115,5.64715862291961,1.45700746510564,0.22820019704877,0.709931202012126,0.772447385947939,"cognps_random_slope"
"9539","FCF1","Mic P2RY12",-0.128880187136586,4.72432189984943,0.0984251145104125,0.753909699033437,0.982268354911735,0.994998852417964,"cognps_random_slope"
"9540","YLPM1","Mic P2RY12",0.00573279032139816,7.04330194817337,0.000734773031485062,0.978389668462163,0.999765323016076,0.999791880761836,"cognps_random_slope"
"9541","PROX2","Mic P2RY12",0.0362314423745012,2.63791943967966,0.000498829602670015,0.982193520699163,0.999765323016076,0.999791880761836,"cognps_random_slope"
"9542","DLST","Mic P2RY12",-0.512928519854513,5.66845092179847,2.14226852515908,0.144163355191268,0.609827374658516,0.68699278012833,"cognps_random_slope"
"9543","RPS6KL1","Mic P2RY12",1.25541391084645,3.8715457780676,3.63426650911875,0.0573983815444171,0.444526964145211,0.538058363304314,"cognps_random_slope"
"9544","EIF2B2","Mic P2RY12",0.256927638180211,3.52206226470373,0.150956191251263,0.911878909724606,0.999765323016076,0.999791880761836,"cognps_random_slope"
"9545","MLH3","Mic P2RY12",0.0125217731764151,5.48539969203406,0.00143462395425942,0.969807221948704,0.999765323016076,0.999791880761836,"cognps_random_slope"
"9546","ACYP1","Mic P2RY12",-0.204173512661026,4.28959584382368,0.162406799987146,0.828575976066681,0.99852595020559,0.999791880761836,"cognps_random_slope"
"9547","NEK9","Mic P2RY12",0.00405013355815959,6.43447456056758,0.000264319193041065,0.987037662630749,0.999765323016076,0.999791880761836,"cognps_random_slope"
"9548","TMED10","Mic P2RY12",-0.339872224641091,6.33078852153757,1.3999030648261,0.237521358144113,0.718723546421893,0.780382658415809,"cognps_random_slope"
"9549","FOS","Mic P2RY12",-1.08474379882372,6.51845847578481,1.25235494654435,0.263850071057449,0.737866194123722,0.797272474975123,"cognps_random_slope"
"9550","JDP2","Mic P2RY12",-0.743072534059046,7.417745463343,3.10899730703171,0.0787100793941849,0.497309652975706,0.584684922550873,"cognps_random_slope"
"9551","BATF","Mic P2RY12",-0.213617540418603,4.45328988032007,0.0649865724201713,0.798927022344412,0.992143902613387,0.999791880761836,"cognps_random_slope"
"9552","FLVCR2","Mic P2RY12",0.0322739181585604,6.0603053789147,0.00168084850145825,0.967320120011611,0.999765323016076,0.999791880761836,"cognps_random_slope"
"9553","TTLL5","Mic P2RY12",-0.272714196696742,6.79442677127995,0.72339417542101,0.395598722857421,0.826925360320121,0.876624062003199,"cognps_random_slope"
"9554","ERG28","Mic P2RY12",0.541951124938512,3.45658665900612,0.654262491458284,0.419127623689246,0.841404191357022,0.887205359811597,"cognps_random_slope"
"9555","AF107885.2","Mic P2RY12",-0.923718360371029,2.64929171945511,0.819704388358843,0.365872759491426,0.811562709840244,0.862405100667332,"cognps_random_slope"
"9556","IFT43","Mic P2RY12",0.776483169282259,5.37409695418329,5.13378542725624,0.0240584559592775,0.301879558342957,0.392473147324103,"cognps_random_slope"
"9557","GPATCH2L","Mic P2RY12",-0.119035640812989,8.04694162204583,0.334821218871864,0.64980031956241,0.953989866394996,0.97281769180443,"cognps_random_slope"
"9558","ESRRB","Mic P2RY12",0.786038544215797,5.24038925508893,1.63874538494077,0.201322802804,0.680778925151754,0.748116464350779,"cognps_random_slope"
"9559","AC008050.1","Mic P2RY12",1.91658568368638,7.30584521007867,4.20442580259427,0.041043048617988,0.384897057053644,0.479438099011679,"cognps_random_slope"
"9560","AC007376.2","Mic P2RY12",-0.487904596570481,5.82840960520937,0.909513192146255,0.3408841830054,0.792400509359127,0.845553295836367,"cognps_random_slope"
"9561","VASH1","Mic P2RY12",-0.756647219981008,8.00673902539575,4.02599623665062,0.0455523873784751,0.402404445127848,0.49660472603855,"cognps_random_slope"
"9562","VASH1-AS1","Mic P2RY12",-0.777782527142494,3.94223955312044,1.86308303034463,0.173122715244274,0.645854089686386,0.722173203526035,"cognps_random_slope"
"9563","ANGEL1","Mic P2RY12",-0.209650674892813,6.39936167999116,0.441908939296965,0.506628569328135,0.891301972336335,0.925861878317206,"cognps_random_slope"
"9564","LRRC74A","Mic P2RY12",-1.75837116668085,2.83023256826742,3.18933498687417,0.0749626221843285,0.486057522939337,0.574826063627018,"cognps_random_slope"
"9565","IRF2BPL","Mic P2RY12",-0.897318586017002,4.60572855838007,2.59157547033516,0.108310808304093,0.557187386596219,0.641752213722937,"cognps_random_slope"
"9566","TMEM63C","Mic P2RY12",0.750017275761478,3.43442409807734,1.02799780110531,0.311311038104948,0.769107077146114,0.82860725412079,"cognps_random_slope"
"9567","POMT2","Mic P2RY12",-0.758921797807047,4.20132844622795,2.32139347526394,0.128484515166763,0.58844594023972,0.665657920588163,"cognps_random_slope"
"9568","GSTZ1","Mic P2RY12",-0.164124049417735,3.2805769195468,0.0539494991942792,0.816460187323491,0.995084767910246,0.999791880761836,"cognps_random_slope"
"9569","TMED8","Mic P2RY12",-1.60778098337115,6.66344060361981,11.7287681662505,0.000686451901365472,0.0550846822167586,0.081883905377167,"cognps_random_slope"
"9570","NOXRED1","Mic P2RY12",-0.586980147035771,3.39790678018087,0.76117355098473,0.406917840926949,0.833980151354869,0.881572971210828,"cognps_random_slope"
"9571","VIPAS39","Mic P2RY12",0.351258107574386,5.12265757984087,1.00866757831793,0.315897527851889,0.771046347109003,0.830024465085366,"cognps_random_slope"
"9572","AHSA1","Mic P2RY12",-0.373842903904497,5.352388798102,0.342223357333,0.558915513167588,0.918120469717927,0.945234162872729,"cognps_random_slope"
"9573","SPTLC2","Mic P2RY12",-0.868235240121356,9.18809185824144,5.18199848818212,0.0234092329572821,0.297945413960674,0.386957918605442,"cognps_random_slope"
"9574","ALKBH1","Mic P2RY12",-0.212283091487313,5.51341022811932,0.413670127934207,0.520522429743711,0.897750460874578,0.930596097073457,"cognps_random_slope"
"9575","SLIRP","Mic P2RY12",-0.7096200848455,5.41516634291926,3.76784146924599,0.0530279758956863,0.431118033845262,0.523624991942937,"cognps_random_slope"
"9576","SNW1","Mic P2RY12",-0.360662847127476,5.9424859790893,1.72657571709178,0.189686334600044,0.666488350806291,0.737347252865893,"cognps_random_slope"
"9577","ADCK1","Mic P2RY12",-0.131733042428907,5.6800178455554,0.153791306456449,0.695170565626556,0.96925463151675,0.984989885855413,"cognps_random_slope"
"9578","NRXN3","Mic P2RY12",2.1367427393635,6.37028958745043,12.7619557061644,0.000401895151200267,0.0410300432851386,0.0624245587023359,"cognps_random_slope"
"9579","DIO2","Mic P2RY12",2.47436348319213,3.00717276021116,5.07688544718024,0.0248488701478686,0.306065908870945,0.396597810770611,"cognps_random_slope"
"9580","CEP128","Mic P2RY12",-0.574912909391919,7.05538830258156,3.4707173282265,0.063279274146074,0.460872583060618,0.552957843264821,"cognps_random_slope"
"9581","TSHR","Mic P2RY12",-0.609481171788835,4.34264090712969,0.497746090510898,0.480948873457922,0.880825952472739,0.916739510069731,"cognps_random_slope"
"9582","AC007262.2","Mic P2RY12",-0.0757428785151853,7.58483970166879,0.0141875180079793,0.905253631154854,0.999765323016076,0.999791880761836,"cognps_random_slope"
"9583","GTF2A1","Mic P2RY12",-0.182431875913941,5.70229984750827,0.319386337901248,0.572329041771327,0.924344761669553,0.949774894686965,"cognps_random_slope"
"9584","STON2","Mic P2RY12",0.868740708659019,5.51160189944548,2.19938100939423,0.138941965549103,0.602867355494446,0.679784421290047,"cognps_random_slope"
"9585","SEL1L","Mic P2RY12",-0.244314779130747,7.26937961292402,0.716103373289354,0.397987776380166,0.828429241452076,0.876968316775435,"cognps_random_slope"
"9586","AL355838.1","Mic P2RY12",1.10284967106083,4.47103604263398,0.732061186069199,0.392785572855851,0.825416718722947,0.87486176052511,"cognps_random_slope"
"9587","LINC02301","Mic P2RY12",0.807874606634465,2.26166049508662,0.401376452387589,0.526781959491804,0.902391031464869,0.933161076911816,"cognps_random_slope"
"9588","FLRT2","Mic P2RY12",1.94299839669123,4.06592359676042,6.54622497579309,0.0109195773004897,0.205918108983221,0.27737301592694,"cognps_random_slope"
"9589","LINC02328","Mic P2RY12",0.474626186917982,6.81329858171786,1.68921204311013,0.194537343793868,0.673120305753067,0.741728116410012,"cognps_random_slope"
"9590","LINC02316","Mic P2RY12",-0.453703363792444,2.99666720472824,0.30069614986387,0.583786559048118,0.928474208141921,0.952651065216671,"cognps_random_slope"
"9591","GALC","Mic P2RY12",-0.136846245928088,5.27367925904087,0.10905638322397,0.741413289720285,0.981107879484698,0.994535765856121,"cognps_random_slope"
"9592","GPR65","Mic P2RY12",0.171870533457304,5.44603894547714,0.0810231600127315,0.776079452049971,0.988898044777186,0.998777333076508,"cognps_random_slope"
"9593","LINC01146","Mic P2RY12",0.44306054585141,5.58882959199708,0.203301816311909,0.652340547774757,0.954420308107869,0.973494108193761,"cognps_random_slope"
"9594","KCNK10","Mic P2RY12",-1.16737197288276,2.96864031842945,2.06945540038858,0.151144867060529,0.619416624916865,0.696985278764497,"cognps_random_slope"
"9595","SPATA7","Mic P2RY12",0.0812295879535045,5.36940887078163,0.0336228967408165,0.854614600875857,0.999765323016076,0.999791880761836,"cognps_random_slope"
"9596","ZC3H14","Mic P2RY12",-0.113881131115067,6.44690889505251,0.247407968841727,0.707021730089141,0.973207309924008,0.988147350124586,"cognps_random_slope"
"9597","EML5","Mic P2RY12",1.20609178910608,5.018320428319,7.8365800039875,0.00539609937293484,0.150339142820582,0.20831345952537,"cognps_random_slope"
"9598","TTC8","Mic P2RY12",0.0701384352308172,5.05822456877086,0.0260367559770102,0.871901195707905,0.999765323016076,0.999791880761836,"cognps_random_slope"
"9599","FOXN3","Mic P2RY12",0.00675365987476306,11.2460416584013,0.000708382877285373,0.978781202478777,0.999765323016076,0.999791880761836,"cognps_random_slope"
"9600","AL357093.2","Mic P2RY12",1.76334837642978,2.83570859355882,2.93726333479419,0.0874189504902807,0.513888884718506,0.599371981462588,"cognps_random_slope"
"9601","AL356805.1","Mic P2RY12",0.136141886098125,4.15287162267095,0.0262661262965653,0.871343105590705,0.999765323016076,0.999791880761836,"cognps_random_slope"
"9602","EFCAB11","Mic P2RY12",0.471727504378492,5.62578454772601,1.19913590165791,0.274227288576145,0.746824995299316,0.806206888388468,"cognps_random_slope"
"9603","TDP1","Mic P2RY12",-1.22795008501536,4.53382257645141,6.24106843516096,0.0129279124605496,0.227060229205537,0.302030866759679,"cognps_random_slope"
"9604","KCNK13","Mic P2RY12",-0.1184156416936,8.38815730117439,0.140254800507433,0.708248568317445,0.973207309924008,0.988354461037649,"cognps_random_slope"
"9605","PSMC1","Mic P2RY12",0.622300400332449,4.92606963962577,2.69156064538088,0.150930198568171,0.618915419526332,0.696422702971634,"cognps_random_slope"
"9606","NRDE2","Mic P2RY12",0.076245968617611,5.50345771593492,0.0583044084705495,0.852411677878713,0.999765323016076,0.999791880761836,"cognps_random_slope"
"9607","CALM1","Mic P2RY12",0.410188341357385,7.31415938606767,1.04469504100599,0.307419093942388,0.767459627034639,0.826769615798399,"cognps_random_slope"
"9608","TTC7B","Mic P2RY12",0.299656078008116,7.33563765145164,0.654571893311082,0.419017765309618,0.841404191357022,0.887205359811597,"cognps_random_slope"
"9609","RPS6KA5","Mic P2RY12",0.290715958523829,6.76114642578962,0.241938243778914,0.623109798986782,0.944710308431029,0.965357136073802,"cognps_random_slope"
"9610","DGLUCY","Mic P2RY12",0.201963528653745,7.02038923744131,0.33791115474857,0.561401579176819,0.920173992483923,0.946373456149349,"cognps_random_slope"
"9611","CCDC88C","Mic P2RY12",-1.12146271069863,3.04508838370375,1.69818693516593,0.19335897485047,0.670637047090734,0.740026852677201,"cognps_random_slope"
"9612","PPP4R3A","Mic P2RY12",-0.184625266232334,6.96099164336714,0.853145477388624,0.35628332394281,0.805016493703861,0.856242142446505,"cognps_random_slope"
"9613","CATSPERB","Mic P2RY12",0.0205004465592174,2.53690458181835,4.72824750008234e-05,0.994517421930994,0.999765323016076,0.999791880761836,"cognps_random_slope"
"9614","TRIP11","Mic P2RY12",-0.248963326072069,6.87660052461966,1.12497460522685,0.289814876598554,0.754870585286147,0.815816755264628,"cognps_random_slope"
"9615","ATXN3","Mic P2RY12",0.192516230013502,6.83996429790272,0.586654401081344,0.656200372636996,0.955612931885691,0.973592644066785,"cognps_random_slope"
"9616","NDUFB1","Mic P2RY12",0.126279862403449,4.79115955366547,0.100270481453343,0.751689015445651,0.982244103840787,0.994674014762625,"cognps_random_slope"
"9617","CPSF2","Mic P2RY12",-0.111722153099957,6.05504934933427,0.194951683591796,0.80828704434156,0.993593436458099,0.999791880761836,"cognps_random_slope"
"9618","SLC24A4","Mic P2RY12",-0.225136765706879,3.86965093391962,0.100717426383377,0.75115455829969,0.982244103840787,0.994674014762625,"cognps_random_slope"
"9619","RIN3","Mic P2RY12",-0.0790271684437006,9.4127891972144,0.0760593806281827,0.782868803346416,0.990111818954825,0.999647551622392,"cognps_random_slope"
"9620","LGMN","Mic P2RY12",1.30621651441246,6.56804039260534,4.54260420478476,0.0337388660997927,0.351240563946647,0.444299882398935,"cognps_random_slope"
"9621","GOLGA5","Mic P2RY12",0.452407449090613,5.24324976089138,1.51724158482135,0.218842206621983,0.699595517877193,0.764929852448466,"cognps_random_slope"
"9622","CHGA","Mic P2RY12",0.583131671870968,4.56262675069822,0.638682100534048,0.424715931150068,0.845331678797277,0.889524158989668,"cognps_random_slope"
"9623","ITPK1","Mic P2RY12",0.00478385340333962,6.99676557713716,0.000287559123960653,0.986479870236985,0.999765323016076,0.999791880761836,"cognps_random_slope"
"9624","MOAP1","Mic P2RY12",1.8633772228761,4.18740183148241,7.77299105348031,0.00558512095277404,0.152436264537932,0.211269382349481,"cognps_random_slope"
"9625","AL110118.2","Mic P2RY12",-1.1569546786306,3.18301521094102,2.53381030507289,0.166068959969335,0.637222862646941,0.71475062731459,"cognps_random_slope"
"9626","GON7","Mic P2RY12",0.578110747897345,3.54664042180652,0.779314253485071,0.37794065339636,0.816910377307216,0.867843746648631,"cognps_random_slope"
"9627","UBR7","Mic P2RY12",0.808763508101634,3.61980583997232,1.85779920261043,0.232132873463249,0.713945364631627,0.775898537024307,"cognps_random_slope"
"9628","BTBD7","Mic P2RY12",-0.18338951855106,7.98642580890783,0.829720550738705,0.362963480402761,0.809837342431141,0.86075447649186,"cognps_random_slope"
"9629","UNC79","Mic P2RY12",0.93403617197386,5.05255981874076,3.49584398354659,0.0623353969721645,0.458838506833911,0.550250458875185,"cognps_random_slope"
"9630","DDX24","Mic P2RY12",0.086528972056872,6.58170546399644,0.0583103806170032,0.809324285305809,0.994034132767222,0.999791880761836,"cognps_random_slope"
"9631","IFI27L1","Mic P2RY12",1.76841131047564,3.18698923812812,4.6396604981032,0.0319051076314547,0.345085026125201,0.436999180772264,"cognps_random_slope"
"9632","IFI27","Mic P2RY12",-0.0920015421117172,2.54950485069655,0.0104918597664196,0.918472636679469,0.999765323016076,0.999791880761836,"cognps_random_slope"
"9633","IFI27L2","Mic P2RY12",-1.13166677728495,3.50150298422883,2.65588322166702,0.104042978028311,0.547205631301959,0.632420851886834,"cognps_random_slope"
"9634","PPP4R4","Mic P2RY12",1.91906918123443,3.08006310465588,4.65145076632689,0.0316895729108663,0.344876337499984,0.436122190240716,"cognps_random_slope"
"9635","SERPINA1","Mic P2RY12",-0.450252381630481,4.85396919693679,0.390743432826737,0.532305304654316,0.905937865938547,0.935692331995262,"cognps_random_slope"
"9636","DICER1","Mic P2RY12",-0.479899802688009,7.48360943397321,1.86636139366974,0.172746044260373,0.645854089686386,0.722173203526035,"cognps_random_slope"
"9637","DICER1-AS1","Mic P2RY12",0.9184001139501,3.62333411624446,1.88190482353098,0.170972985167948,0.64374484958574,0.720919606742136,"cognps_random_slope"
"9638","CLMN","Mic P2RY12",-1.04471454459365,3.5947347141998,1.52391938946051,0.217833353551359,0.698369562426258,0.764247269812541,"cognps_random_slope"
"9639","SYNE3","Mic P2RY12",-1.08453503390496,4.16768711958261,1.32854845260877,0.249829188604399,0.729301365236868,0.789201257695949,"cognps_random_slope"
"9640","GLRX5","Mic P2RY12",0.134089834401592,3.61761547602559,0.0432937121669962,0.836436355351444,0.999547866966635,0.999791880761836,"cognps_random_slope"
"9641","C14orf132","Mic P2RY12",-0.12657556898496,3.00673178377458,0.0168588983605879,0.896764166994683,0.999765323016076,0.999791880761836,"cognps_random_slope"
"9642","ATG2B","Mic P2RY12",0.327184351158467,5.65495049819133,1.04751172779557,0.306768814288641,0.767122388557955,0.826494134576651,"cognps_random_slope"
"9643","GSKIP","Mic P2RY12",-0.197248580158628,3.76353344991455,0.106593191230614,0.74424650319384,0.982219019325995,0.994674014762625,"cognps_random_slope"
"9644","PAPOLA","Mic P2RY12",-0.142380956800377,7.20982656492214,0.243122097578595,0.622261145640606,0.944462324835258,0.965019437458618,"cognps_random_slope"
"9645","VRK1","Mic P2RY12",0.299739446610574,5.26719503535284,0.580246154393759,0.667128896163233,0.959123036559146,0.976330303105061,"cognps_random_slope"
"9646","SETD3","Mic P2RY12",-0.013288825635144,7.04946754611419,0.00285236596223372,0.957436847900853,0.999765323016076,0.999791880761836,"cognps_random_slope"
"9647","CCNK","Mic P2RY12",-0.44798248646323,5.31685251106036,1.99120449137619,0.193144743562244,0.670637047090734,0.740026852677201,"cognps_random_slope"
"9648","CCDC85C","Mic P2RY12",-0.888012160059306,2.65222145396353,0.809329797499283,0.36892045461869,0.812104761618872,0.863239403152919,"cognps_random_slope"
"9649","AL160313.1","Mic P2RY12",0.170076464002294,2.7439942519367,0.0322202578196842,0.857646191391517,0.999765323016076,0.999791880761836,"cognps_random_slope"
"9650","HHIPL1","Mic P2RY12",1.46958597450293,4.00379282707114,3.57179413336633,0.0595727544326158,0.451489673211262,0.544299908237831,"cognps_random_slope"
"9651","CYP46A1","Mic P2RY12",1.15431077290762,3.60195341985488,2.31316038914449,0.129161707172959,0.588940468807355,0.666354407449888,"cognps_random_slope"
"9652","EML1","Mic P2RY12",0.130485894908671,6.78570112111528,0.0414040730945258,0.838875033837559,0.999700499758612,0.999791880761836,"cognps_random_slope"
"9653","EVL","Mic P2RY12",0.44278325505288,8.76051382961832,3.174519026973,0.0756389761292534,0.488029811799771,0.57649787587357,"cognps_random_slope"
"9654","AL133523.1","Mic P2RY12",-0.57687077454424,3.79730955502223,0.863831466803112,0.353292123660713,0.802044341720686,0.853566462863502,"cognps_random_slope"
"9655","YY1","Mic P2RY12",-0.351967903510238,6.82348116936946,2.22391645578488,0.190183925953899,0.667284886140338,0.737903096419166,"cognps_random_slope"
"9656","SLC25A29","Mic P2RY12",0.593293641346346,6.52981005893673,1.65832851715243,0.198657194527593,0.67699667850671,0.745962233856748,"cognps_random_slope"
"9657","WARS","Mic P2RY12",0.641036632870169,5.93716400057302,1.09514945419562,0.296035911939948,0.760192364599956,0.820779427630148,"cognps_random_slope"
"9658","AL157871.4","Mic P2RY12",-0.305683398948705,3.28206157021213,0.11253743606306,0.737469198332863,0.980436558830992,0.994247512606934,"cognps_random_slope"
"9659","WDR25","Mic P2RY12",0.0438497034883515,5.17231497190141,0.0119881821753578,0.912874480238116,0.999765323016076,0.999791880761836,"cognps_random_slope"
"9660","BEGAIN","Mic P2RY12",0.155178760682718,2.69850746535994,0.0345067486577917,0.852737763468847,0.999765323016076,0.999791880761836,"cognps_random_slope"
"9661","MEG8","Mic P2RY12",3.58837512981944,3.47312639339129,15.1031881565033,0.000121184169102572,0.0264032586088297,0.0399772642938929,"cognps_random_slope"
"9662","PPP2R5C","Mic P2RY12",0.0948908528795722,8.0091720537987,0.121213594141198,0.727925664191594,0.977594945023934,0.992716167586774,"cognps_random_slope"
"9663","AL137779.2","Mic P2RY12",0.43486963810197,2.80232550376785,0.172603313365713,0.678056218944027,0.963032358317531,0.980096514019067,"cognps_random_slope"
"9664","DYNC1H1","Mic P2RY12",0.216338423656472,7.35213086827239,1.02243735318117,0.612551958089657,0.940399122416995,0.963142172997874,"cognps_random_slope"
"9665","HSP90AA1","Mic P2RY12",0.293852190616415,9.22986494824878,0.100925384937032,0.750906326311608,0.982244103840787,0.994674014762625,"cognps_random_slope"
"9666","WDR20","Mic P2RY12",-0.100287354301786,7.01430138233129,0.201000889695804,0.654184154648291,0.955246777471418,0.973537836851373,"cognps_random_slope"
"9667","MOK","Mic P2RY12",1.31770712598868,3.43983153318212,3.83229349445437,0.0510471151281687,0.424105635358084,0.516705519198959,"cognps_random_slope"
"9668","ZNF839","Mic P2RY12",-0.152372340279892,4.52394561947502,0.121801554144141,0.970310966771341,0.999765323016076,0.999791880761836,"cognps_random_slope"
"9669","CINP","Mic P2RY12",0.641005823985143,3.86114300250943,1.41388434436307,0.235197160726967,0.716122481653839,0.778593254810264,"cognps_random_slope"
"9670","TECPR2","Mic P2RY12",0.253288803541322,5.97264784440558,0.699969353739379,0.403349574131526,0.831326921399043,0.878940281151676,"cognps_random_slope"
"9671","ANKRD9","Mic P2RY12",-1.21753056961921,3.64151464740087,2.10815070559044,0.147388116710065,0.614151119169224,0.691886074221781,"cognps_random_slope"
"9672","RCOR1","Mic P2RY12",-0.0208568277199752,7.42579722557643,0.00628361167543548,0.936862565513901,0.999765323016076,0.999791880761836,"cognps_random_slope"
"9673","TRAF3","Mic P2RY12",0.670522741342529,7.60273249489935,3.34619270593126,0.0681885072214194,0.474945002741289,0.565510572809282,"cognps_random_slope"
"9674","CDC42BPB","Mic P2RY12",0.168007840316559,6.93274127199071,0.455996560478229,0.604362183487318,0.937802649979608,0.960175025554302,"cognps_random_slope"
"9675","AL117209.1","Mic P2RY12",-0.14678243211539,2.94225098600694,0.020626319378385,0.885882045349915,0.999765323016076,0.999791880761836,"cognps_random_slope"
"9676","TNFAIP2","Mic P2RY12",0.542125617608707,6.24462512327302,0.814343513621969,0.367443199745872,0.812045048937656,0.862405100667332,"cognps_random_slope"
"9677","EIF5","Mic P2RY12",0.36288837572833,6.53181916866301,1.19898918093153,0.275307032181055,0.747595304395617,0.807065491221298,"cognps_random_slope"
"9678","MARK3","Mic P2RY12",0.260234374972048,8.39208239101124,1.49589646161664,0.222104688326068,0.70294595092844,0.767426379920919,"cognps_random_slope"
"9679","CKB","Mic P2RY12",0.908210239731488,6.51151821140173,1.86381909086016,0.173038062330072,0.645854089686386,0.722173203526035,"cognps_random_slope"
"9680","TRMT61A","Mic P2RY12",0.828086831839216,3.22804626410292,1.34370458850627,0.247150801276327,0.727284377806276,0.787803854705654,"cognps_random_slope"
"9681","BAG5","Mic P2RY12",0.31425904751699,4.48839525003275,0.477157550967399,0.490158257936809,0.883947088495651,0.918678554290124,"cognps_random_slope"
"9682","KLC1","Mic P2RY12",0.0225732071402117,7.05899018091074,0.0104228474898462,0.918740274290983,0.999765323016076,0.999791880761836,"cognps_random_slope"
"9683","AL049840.1","Mic P2RY12",-0.306365282824903,3.27127871799494,0.117705683872385,0.73173676633046,0.978508292770738,0.992958071320587,"cognps_random_slope"
"9684","XRCC3","Mic P2RY12",-0.417170319919443,3.35950233019457,0.353275646171777,0.552638423289332,0.914523500811782,0.942272379576256,"cognps_random_slope"
"9685","ZFYVE21","Mic P2RY12",0.138196951837674,4.33992019939836,0.0871768267223098,0.767967779956403,0.986251674096383,0.996881252828024,"cognps_random_slope"
"9686","PPP1R13B","Mic P2RY12",0.490773015206549,5.64337376192926,2.189724249753,0.139809633666434,0.604825300362792,0.681131625468423,"cognps_random_slope"
"9687","ATP5MPL","Mic P2RY12",0.631933635802476,4.95767557854236,2.12235189390007,0.146036027556012,0.612508854637727,0.690184037603556,"cognps_random_slope"
"9688","TDRD9","Mic P2RY12",2.68980204371547,2.86745066127229,4.53117206932621,0.0339620304642946,0.352536925059653,0.445342463335213,"cognps_random_slope"
"9689","INF2","Mic P2RY12",-0.197224510576512,4.71400821755102,0.0737734522731141,0.786075693920012,0.990846935978286,0.999791880761836,"cognps_random_slope"
"9690","ADSSL1","Mic P2RY12",-0.0929521784536495,3.13589144170099,0.00365763476938102,0.951808226911291,0.999765323016076,0.999791880761836,"cognps_random_slope"
"9691","SIVA1","Mic P2RY12",-0.492410607631754,4.19575583837094,0.864149633587898,0.353203591862368,0.802044341720686,0.853566462863502,"cognps_random_slope"
"9692","AKT1","Mic P2RY12",0.28108733204018,5.35680080500526,0.763653921074075,0.38277061521922,0.8198195501395,0.870109419832553,"cognps_random_slope"
"9693","PLD4","Mic P2RY12",-0.501798895267614,5.94111255717679,0.732304531324796,0.392707004121365,0.825386851039902,0.874773185250092,"cognps_random_slope"
"9694","CDCA4","Mic P2RY12",-0.40810034919595,2.90042499841311,0.213426436580184,0.757701686611507,0.983190954097967,0.995414674993652,"cognps_random_slope"
"9695","GPR132","Mic P2RY12",-0.972931023271197,5.41541014609995,6.27594441919346,0.0126802655848841,0.224772803046339,0.299034087459428,"cognps_random_slope"
"9696","JAG2","Mic P2RY12",0.505207204579566,4.38391087356369,0.804953244139878,0.370216759825495,0.812104761618872,0.863532460737016,"cognps_random_slope"
"9697","NUDT14","Mic P2RY12",0.000248350663851597,5.21938346410823,2.83061172485358e-07,0.999575792555546,0.999765323016076,0.999793501740429,"cognps_random_slope"
"9698","BRF1","Mic P2RY12",0.455657986211644,5.51663334068412,2.34362497588384,0.126675657821476,0.586048218474269,0.664162510437111,"cognps_random_slope"
"9699","BTBD6","Mic P2RY12",-0.240207046277176,3.68757099607805,0.140304305796454,0.708199452371719,0.973207309924008,0.988354461037649,"cognps_random_slope"
"9700","PACS2","Mic P2RY12",0.280997880849207,7.43416753827432,1.10131495249737,0.294682427230234,0.759527186981709,0.820132353261228,"cognps_random_slope"
"9701","TEX22","Mic P2RY12",0.222747862272823,4.72128629563213,0.245818807266746,0.62033754236171,0.943281902324893,0.964575721805438,"cognps_random_slope"
"9702","MTA1","Mic P2RY12",0.307557585837818,5.2384265229258,0.621892596308075,0.430864387565399,0.848974745989819,0.89224407080792,"cognps_random_slope"
"9703","CRIP2","Mic P2RY12",0.885080194612897,3.11969647648744,1.11140963788353,0.292483489405985,0.757405070826976,0.818419565048935,"cognps_random_slope"
"9704","AC087386.1","Mic P2RY12",-1.27696181230424,3.49513710143399,2.79186550790205,0.0956138301506044,0.532995398439371,0.618008543791679,"cognps_random_slope"
"9705","AC012414.5","Mic P2RY12",0.692805474893518,2.98224796002941,0.486892754515611,0.485767546549543,0.881786963332351,0.917153990729288,"cognps_random_slope"
"9706","NIPA1","Mic P2RY12",0.526614201544735,4.66120376289001,1.50681972597271,0.220427898426579,0.701497510565979,0.766104433650412,"cognps_random_slope"
"9707","NIPA2","Mic P2RY12",-0.253458925133465,6.0089997610887,0.685211045633432,0.4083470344527,0.835076851625306,0.882410034672301,"cognps_random_slope"
"9708","CYFIP1","Mic P2RY12",0.0538345640981716,9.84602537101544,0.02641379430427,0.870985131077167,0.999765323016076,0.999791880761836,"cognps_random_slope"
"9709","TUBGCP5","Mic P2RY12",0.139616848341757,5.4579031580914,0.11310852646555,0.736828651126873,0.980212410386394,0.994092085799988,"cognps_random_slope"
"9710","MKRN3","Mic P2RY12",-0.548293921435484,3.88903202635861,0.4476739460832,0.503870920753108,0.890982925234688,0.92519083392149,"cognps_random_slope"
"9711","NDN","Mic P2RY12",2.04033834917472,2.96527774687177,3.77192640678419,0.0529000359042639,0.431118033845262,0.523624991942937,"cognps_random_slope"
"9712","SNRPN","Mic P2RY12",1.40434487183149,3.31350157518697,2.79541376512378,0.0954041434920462,0.532922140027557,0.617843694930587,"cognps_random_slope"
"9713","AC124312.1","Mic P2RY12",0.18293945948052,6.27434363467536,0.313489217123509,0.575895486730915,0.924960191599137,0.950510353731555,"cognps_random_slope"
"9714","PWAR6","Mic P2RY12",1.32370241875038,4.7931240977167,6.96218650634184,0.00868692481768361,0.186624216373109,0.257105074216286,"cognps_random_slope"
"9715","UBE3A","Mic P2RY12",-0.30416952453829,7.23791761417172,2.15656956853665,0.671951232683231,0.961372041791375,0.978626649925287,"cognps_random_slope"
"9716","GABRB3","Mic P2RY12",2.32556691217444,4.46173110122711,12.5310920134013,0.000452800892277488,0.0442918595431432,0.067160500765763,"cognps_random_slope"
"9717","GABRG3","Mic P2RY12",2.97009501854956,3.70821597604286,15.6408416523729,9.22486411393198e-05,0.0233249818850571,0.0364867651664205,"cognps_random_slope"
"9718","HERC2","Mic P2RY12",-0.0133002360673135,7.81920714657143,0.00508021600849334,0.94321800711386,0.999765323016076,0.999791880761836,"cognps_random_slope"
"9719","APBA2","Mic P2RY12",1.13663355007522,5.57823788347583,2.48320284125844,0.115946960342167,0.571679681852535,0.651313984573346,"cognps_random_slope"
"9720","FAM189A1","Mic P2RY12",1.28943876592905,3.25760019269091,2.82810615634646,0.0934956389149118,0.529241684474372,0.613677480768129,"cognps_random_slope"
"9721","TJP1","Mic P2RY12",0.0483909773285215,6.62005386049981,0.0214788435818597,0.883564113371992,0.999765323016076,0.999791880761836,"cognps_random_slope"
"9722","CHRFAM7A","Mic P2RY12",-0.45821802117814,4.94117799735349,1.10601195702133,0.293656644299391,0.758598974125644,0.819031219879547,"cognps_random_slope"
"9723","AC091057.2","Mic P2RY12",-0.356422020514191,3.08591226429162,0.202515081228563,0.652969497277258,0.954420308107869,0.973494108193761,"cognps_random_slope"
"9724","AC091057.6","Mic P2RY12",-0.569283683439648,3.97211113612415,0.907637793470313,0.341381837113362,0.792405774789648,0.845625767302657,"cognps_random_slope"
"9725","FAN1","Mic P2RY12",-0.249475987652756,5.31138128308711,0.51550262526374,0.473232615498296,0.8764220951206,0.913600729269488,"cognps_random_slope"
"9726","MTMR10","Mic P2RY12",-0.209546128833011,7.00203312389499,0.621422321304223,0.431038542101421,0.848974745989819,0.892253848944347,"cognps_random_slope"
"9727","KLF13","Mic P2RY12",-0.907953716162756,5.44863459416441,4.56190662753823,0.0333655538319171,0.350966865699782,0.443529723549866,"cognps_random_slope"
"9728","OTUD7A","Mic P2RY12",0.419297991220011,5.5297656547143,1.1927767567519,0.275501265044981,0.747595304395617,0.807065491221298,"cognps_random_slope"
"9729","LINC02256","Mic P2RY12",-0.164899734357243,7.59836961440315,0.253120336150765,0.615194459096196,0.940879358414831,0.96381483341965,"cognps_random_slope"
"9730","AC123768.3","Mic P2RY12",-0.641860789113306,4.19422327565117,1.36037486589427,0.244245404786998,0.725879947272006,0.786644664417554,"cognps_random_slope"
"9731","GOLGA8N","Mic P2RY12",-1.19597674522713,3.89827647888627,4.47506402340858,0.0350799966963575,0.356682121189596,0.450643034483978,"cognps_random_slope"
"9732","ARHGAP11A","Mic P2RY12",-1.82065342498549,2.70663079400133,3.5906001502122,0.0589091009402463,0.44989912477379,0.543094414862529,"cognps_random_slope"
"9733","SCG5","Mic P2RY12",1.0693469940001,4.58426959848356,1.44628120370653,0.229916790995806,0.711576141531177,0.773539844903429,"cognps_random_slope"
"9734","FMN1","Mic P2RY12",-1.34328418319693,9.82009958976476,7.74598263677232,0.00566744538197518,0.152674796573943,0.211547649981078,"cognps_random_slope"
"9735","RYR3","Mic P2RY12",1.82140149552313,3.64670618432377,7.33622800748812,0.00708091010840983,0.166475923443509,0.22936654941681,"cognps_random_slope"
"9736","AVEN","Mic P2RY12",-0.782907814538314,5.60823056713494,3.16600699375745,0.0760305298394038,0.489378064542675,0.577387642042563,"cognps_random_slope"
"9737","CHRM5","Mic P2RY12",0.217766139826303,3.32475067763424,0.0827424111356034,0.773780502380543,0.987777496272494,0.998208143973629,"cognps_random_slope"
"9738","EMC7","Mic P2RY12",0.0440074884982162,4.42829677552171,0.00890864264927106,0.924855414609751,0.999765323016076,0.999791880761836,"cognps_random_slope"
"9739","PGBD4","Mic P2RY12",0.126938699644446,3.10445901972119,0.0307501651607173,0.860897619455817,0.999765323016076,0.999791880761836,"cognps_random_slope"
"9740","KATNBL1","Mic P2RY12",-0.426865072468676,7.31730736677168,4.40235145006521,0.0365866389220763,0.365348396568364,0.458823500535928,"cognps_random_slope"
"9741","EMC4","Mic P2RY12",-0.616037213355198,3.67249146007564,1.10340883650267,0.294224574855252,0.759358245875817,0.819734681180383,"cognps_random_slope"
"9742","SLC12A6","Mic P2RY12",-0.912900158011368,7.1872085761056,14.0365920021776,0.000208763386261594,0.0358671556319438,0.0547275644566004,"cognps_random_slope"
"9743","NOP10","Mic P2RY12",-0.303113572866878,3.79635011514292,0.158533227703086,0.690746808751205,0.967244577211362,0.983956813141432,"cognps_random_slope"
"9744","LPCAT4","Mic P2RY12",-1.52198014848712,4.63045276874515,11.5681031316602,0.000746331900005172,0.0571519645255389,0.0845530285709377,"cognps_random_slope"
"9745","GOLGA8A","Mic P2RY12",0.46186465944932,6.05244632341486,0.846883942726499,0.358052226295176,0.806701056587366,0.857750232900302,"cognps_random_slope"
"9746","GOLGA8B","Mic P2RY12",0.288969922014471,4.35070549747553,0.144029202677243,0.70453184520282,0.972040693664469,0.987052985934982,"cognps_random_slope"
"9747","AQR","Mic P2RY12",0.100953879728876,6.33638919232772,0.178667746234956,0.696949941482342,0.969465036932206,0.984989885855413,"cognps_random_slope"
"9748","ZNF770","Mic P2RY12",-0.243993959880825,4.72749746068239,0.329292894003144,0.566434456517074,0.922925953141032,0.948745471623017,"cognps_random_slope"
"9749","AC021231.1","Mic P2RY12",0.482913983903918,4.92805552262214,0.668676296183541,0.414054928146645,0.839240717944004,0.885364854008569,"cognps_random_slope"
"9750","DPH6","Mic P2RY12",0.146746249001939,7.0809872231289,0.11399616500899,0.73583662088274,0.980110798745039,0.993965240743731,"cognps_random_slope"
"9751","DPH6-DT","Mic P2RY12",0.297289382656998,6.09993174897978,0.275292821034568,0.600126468376414,0.936283425111275,0.959054741582592,"cognps_random_slope"
"9752","C15orf41","Mic P2RY12",-0.289168855644644,6.43041052454297,0.691988573736672,0.406040827899026,0.833157730006866,0.880758600159611,"cognps_random_slope"
"9753","AC013640.1","Mic P2RY12",0.151178953915835,2.46895655253804,0.0153500739978199,0.901467299795999,0.999765323016076,0.999791880761836,"cognps_random_slope"
"9754","MEIS2","Mic P2RY12",1.48607747125309,3.44498909115276,3.37817402965128,0.0668898796414617,0.469860464141773,0.561130235404379,"cognps_random_slope"
"9755","LINC02345","Mic P2RY12",0.296696698875119,2.64211687375914,0.0702593865732605,0.791111350754584,0.990886185623222,0.999791880761836,"cognps_random_slope"
"9756","SPRED1","Mic P2RY12",-0.244436616148744,9.03077178735474,0.550412042679902,0.458633620559486,0.866631295701871,0.907067752012638,"cognps_random_slope"
"9757","FAM98B","Mic P2RY12",0.215460108442622,4.68142643927905,0.270972725597923,0.603000333081123,0.937231206636526,0.959734734155589,"cognps_random_slope"
"9758","RASGRP1","Mic P2RY12",0.831075408763481,3.06770969824559,1.00950714478065,0.315696490507375,0.771031286548084,0.829959876368897,"cognps_random_slope"
"9759","AC013652.1","Mic P2RY12",0.0704026285091039,2.81758314755339,0.00396663273210641,0.949816457445579,0.999765323016076,0.999791880761836,"cognps_random_slope"
"9760","THBS1","Mic P2RY12",-2.8323641702691,2.19790357450411,3.07076732032036,0.08056405104862,0.502625162058918,0.58971315938024,"cognps_random_slope"
"9761","FSIP1","Mic P2RY12",0.247772671010036,2.77812403401628,0.0733821118279852,0.786630025921734,0.990847727923409,0.999791880761836,"cognps_random_slope"
"9762","EIF2AK4","Mic P2RY12",-0.496575174899494,6.80359171541668,3.89660083185806,0.0491488428664526,0.41765608322976,0.510316389867414,"cognps_random_slope"
"9763","SRP14","Mic P2RY12",0.953122242018455,5.24630425764289,2.80451375662718,0.0948686676495152,0.532922140027557,0.617440563556097,"cognps_random_slope"
"9764","SRP14-AS1","Mic P2RY12",0.00882077023520834,4.52531123933215,0.000448209532356898,0.983121021177692,0.999765323016076,0.999791880761836,"cognps_random_slope"
"9765","BMF","Mic P2RY12",-0.840092776941165,4.62715895347589,1.24734412513052,0.264805953560846,0.739151131778566,0.798441229569185,"cognps_random_slope"
"9766","PLCB2","Mic P2RY12",0.340913348991284,7.4541818782127,1.26745471767611,0.260995452282334,0.735253322689839,0.795799631012338,"cognps_random_slope"
"9767","INAFM2","Mic P2RY12",-0.429214765677979,4.79478290653441,0.430383397264254,0.512220381664165,0.894483363914708,0.928072691844297,"cognps_random_slope"
"9768","CCDC9B","Mic P2RY12",-0.0224087585699973,3.84247813124462,0.0014305404630119,0.96985020212347,0.999765323016076,0.999791880761836,"cognps_random_slope"
"9769","DISP2","Mic P2RY12",1.5634544306546,2.75972329837349,2.47059643807474,0.116873252866504,0.573971293403957,0.653369898372925,"cognps_random_slope"
"9770","KNSTRN","Mic P2RY12",0.562710642196434,3.5380287853817,0.743228536608711,0.395411094479436,0.82692088304535,0.876563829705978,"cognps_random_slope"
"9771","IVD","Mic P2RY12",0.0348978852519232,6.77595188442957,0.0156236776738257,0.900597578210005,0.999765323016076,0.999791880761836,"cognps_random_slope"
"9772","BAHD1","Mic P2RY12",-0.392806684949891,4.64185663845407,0.72167908643953,0.653016924486311,0.954420308107869,0.973494108193761,"cognps_random_slope"
"9773","AC091045.1","Mic P2RY12",0.375568571590222,3.04819215536669,0.159003141432284,0.690312618191653,0.967087387252322,0.983834746694361,"cognps_random_slope"
"9774","CCDC32","Mic P2RY12",-0.0139672196768862,5.40930743406986,0.00102765524528468,0.974444328823043,0.999765323016076,0.999791880761836,"cognps_random_slope"
"9775","RPUSD2","Mic P2RY12",1.01558796599401,2.96260216169917,1.55704552445418,0.212910204821733,0.693346970234074,0.759424369275991,"cognps_random_slope"
"9776","RMDN3","Mic P2RY12",0.399596613780805,4.83311610943081,0.978390525379818,0.323261512796818,0.777603218989439,0.834840614894763,"cognps_random_slope"
"9777","DNAJC17","Mic P2RY12",-0.116742484481595,5.40653073084009,0.121048982929316,0.728103110678812,0.977594945023934,0.992716167586774,"cognps_random_slope"
"9778","ZFYVE19","Mic P2RY12",0.519367070798648,4.57326886862956,1.08179373665896,0.298995377549536,0.762414699475663,0.822521252696221,"cognps_random_slope"
"9779","SPINT1","Mic P2RY12",-0.74843101070952,3.25781006369262,0.9968263510983,0.318750960533019,0.774003395974804,0.831665714048995,"cognps_random_slope"
"9780","VPS18","Mic P2RY12",-0.62423881217874,3.84657363001388,1.23909981516197,0.266388088380123,0.741559362771505,0.800182029697923,"cognps_random_slope"
"9781","INO80","Mic P2RY12",-0.443367291399412,6.9923291448003,3.0077983885557,0.0837216586508634,0.506296907752807,0.594115453032331,"cognps_random_slope"
"9782","AC020661.3","Mic P2RY12",-0.856018246944247,2.86506783497296,0.762258235987738,0.383205312973671,0.819948012000665,0.870109419832553,"cognps_random_slope"
"9783","INO80-AS1","Mic P2RY12",0.0928366798474327,2.69149829664246,0.00411596271532388,0.948881841160024,0.999765323016076,0.999791880761836,"cognps_random_slope"
"9784","CHP1","Mic P2RY12",0.0363177389965285,5.31600964850294,0.0135481115528744,0.907403394303386,0.999765323016076,0.999791880761836,"cognps_random_slope"
"9785","OIP5","Mic P2RY12",0.102370753058796,2.78681807430361,0.0138807334177402,0.906278810106272,0.999765323016076,0.999791880761836,"cognps_random_slope"
"9786","NDUFAF1","Mic P2RY12",0.0508830864412693,4.12294855565967,0.00974683230543982,0.92141079269575,0.999765323016076,0.999791880761836,"cognps_random_slope"
"9787","RTF1","Mic P2RY12",-0.226114310674171,6.16102278563463,0.738068198726998,0.39085268041821,0.824692295940985,0.873932594956922,"cognps_random_slope"
"9788","RPAP1","Mic P2RY12",0.3762510482082,4.38685696269199,0.603486585322408,0.437761480892701,0.854048465774756,0.896052181226495,"cognps_random_slope"
"9789","TYRO3","Mic P2RY12",0.0611010281970664,3.28073771082868,0.0083082431795274,0.927424497479346,0.999765323016076,0.999791880761836,"cognps_random_slope"
"9790","MGA","Mic P2RY12",0.13995521187608,7.12987593424009,0.366981482238632,0.545036368106288,0.911187963637077,0.940001610338548,"cognps_random_slope"
"9791","MAPKBP1","Mic P2RY12",0.181944642229257,5.750151505977,0.31436085448467,0.575365575088014,0.924900775009009,0.950322446996267,"cognps_random_slope"
"9792","SPTBN5","Mic P2RY12",-1.82078241641105,3.12634747133009,3.51098906141413,0.0617737609723581,0.457851807934449,0.549281212984869,"cognps_random_slope"
"9793","EHD4","Mic P2RY12",-0.580072535158704,6.49919261749887,1.97781898385761,0.160483841897989,0.630687379846028,0.708088467267279,"cognps_random_slope"
"9794","VPS39","Mic P2RY12",-0.0538084661548636,6.41666514656309,0.0432494885803116,0.83537392920042,0.999366959106503,0.999791880761836,"cognps_random_slope"
"9795","TMEM87A","Mic P2RY12",-0.238242190554499,6.92347562064022,1.00012636114201,0.317952346727499,0.773159027126694,0.831246029322042,"cognps_random_slope"
"9796","GANC","Mic P2RY12",-0.237840862594815,6.73620587072915,0.756925348976042,0.384872767763713,0.821275822494099,0.870861049245501,"cognps_random_slope"
"9797","ZNF106","Mic P2RY12",-0.337706923996345,7.75730123506451,1.84288015798251,0.175464993116837,0.647048461847128,0.722399245766819,"cognps_random_slope"
"9798","SNAP23","Mic P2RY12",-0.215659701595696,7.19021339489758,0.234040199596086,0.628838569439917,0.947435029941481,0.967899112483,"cognps_random_slope"
"9799","LRRC57","Mic P2RY12",-0.0631830432877716,4.01909605726549,0.0159836859740913,0.899464897614477,0.999765323016076,0.999791880761836,"cognps_random_slope"
"9800","HAUS2","Mic P2RY12",-0.48490029930435,4.47404298672276,1.09618560765681,0.295807892004284,0.760181663718371,0.820779427630148,"cognps_random_slope"
"9801","STARD9","Mic P2RY12",-0.0556025405904888,5.49795554610599,0.0237456790493563,0.877620219060123,0.999765323016076,0.999791880761836,"cognps_random_slope"
"9802","CDAN1","Mic P2RY12",0.344558981165637,3.78351898704054,0.419517691590575,0.517591070993338,0.8957697654442,0.92917280129493,"cognps_random_slope"
"9803","TTBK2","Mic P2RY12",-0.293604963560504,7.68810684269517,1.46967061355762,0.226193494371176,0.706583534051226,0.769637329131246,"cognps_random_slope"
"9804","UBR1","Mic P2RY12",-0.0920417186805862,7.3340485297803,0.188519823244487,0.664411796366682,0.957859864700565,0.975512907897142,"cognps_random_slope"
"9805","AC068724.3","Mic P2RY12",-0.172080509144274,4.26319247770298,0.107255965368374,0.887915621404255,0.999765323016076,0.999791880761836,"cognps_random_slope"
"9806","TMEM62","Mic P2RY12",-0.377092955296058,5.74371555936112,1.53427681817035,0.216279581446874,0.697165309568421,0.762473635065492,"cognps_random_slope"
"9807","CCNDBP1","Mic P2RY12",-0.377859991558706,4.87386490987858,0.699834447749867,0.486461880279597,0.881786963332351,0.91723721705446,"cognps_random_slope"
"9808","ADAL","Mic P2RY12",0.383608918292305,4.55314468132673,0.595075678326301,0.440969627915447,0.855818037073943,0.897261756439869,"cognps_random_slope"
"9809","ZSCAN29","Mic P2RY12",0.144191640333321,4.33089639712529,0.0746883444584115,0.784785884040673,0.990712100587205,0.999791880761836,"cognps_random_slope"
"9810","TUBGCP4","Mic P2RY12",0.277060934964274,5.05900289905572,0.454408779059024,0.678534824220701,0.963092611004913,0.980173487028622,"cognps_random_slope"
"9811","TP53BP1","Mic P2RY12",0.252627205665713,5.71683052649936,0.670156477285325,0.413539172103006,0.839036857736924,0.885145792752518,"cognps_random_slope"
"9812","MAP1A","Mic P2RY12",0.638964888595607,4.61823342719445,0.991101255308119,0.320142733566046,0.774041290465206,0.832055998512576,"cognps_random_slope"
"9813","PPIP5K1","Mic P2RY12",0.248710739398871,5.90489671835084,0.579379065831026,0.447054626455009,0.85930843729728,0.900880173723968,"cognps_random_slope"
"9814","AC011330.3","Mic P2RY12",-0.0239144033947,3.60433511630467,0.00086461781170804,0.976558387036055,0.999765323016076,0.999791880761836,"cognps_random_slope"
"9815","CATSPER2","Mic P2RY12",-0.295169653584988,6.63304896716327,0.901002577473779,0.34315045486957,0.794099087129905,0.846023324652749,"cognps_random_slope"
"9816","PDIA3","Mic P2RY12",-0.618830957489489,6.63524614375955,1.38889661573986,0.239370707668987,0.720371194439642,0.781439737216031,"cognps_random_slope"
"9817","SERF2","Mic P2RY12",-0.828541247705783,6.51541807759493,3.20453033403499,0.0742757205625647,0.485339622643341,0.57394334253628,"cognps_random_slope"
"9818","MFAP1","Mic P2RY12",0.134280779002806,4.40242302386546,0.0943635096003094,0.758879267836832,0.983190954097967,0.995414674993652,"cognps_random_slope"
"9819","WDR76","Mic P2RY12",-0.229082565437631,3.34126574980577,0.113415857344019,0.736484687194399,0.980110798745039,0.993965240743731,"cognps_random_slope"
"9820","FRMD5","Mic P2RY12",1.22815895197545,5.15373574739919,4.39342595562382,0.0367762144315621,0.365541931273156,0.459268877840791,"cognps_random_slope"
"9821","CASC4","Mic P2RY12",-0.131529157976044,7.44430213271587,0.381080113182455,0.537416399980113,0.907616211463409,0.937385200987536,"cognps_random_slope"
"9822","AC025043.1","Mic P2RY12",-0.485139671616006,3.29380451763904,0.348648487202493,0.555250045823305,0.915803798655767,0.943552595393563,"cognps_random_slope"
"9823","CTDSPL2","Mic P2RY12",0.280879271385682,6.95752363026636,1.68718144391646,0.194805121500917,0.67374793633366,0.742218216381754,"cognps_random_slope"
"9824","EIF3J-DT","Mic P2RY12",-0.155698770502734,5.05548184138464,0.130358699103316,0.718272418527724,0.97556546051407,0.991080934286885,"cognps_random_slope"
"9825","EIF3J","Mic P2RY12",0.258481950557381,5.90069089551088,0.688122150869247,0.813169143513192,0.994763030214352,0.999791880761836,"cognps_random_slope"
"9826","SPG11","Mic P2RY12",-0.0377501898925897,7.94334821124673,0.0437992945509236,0.834345968341086,0.999366959106503,0.999791880761836,"cognps_random_slope"
"9827","PATL2","Mic P2RY12",0.105479084829351,5.02110289321191,0.037906178431211,0.845741594823066,0.999765323016076,0.999791880761836,"cognps_random_slope"
"9828","B2M","Mic P2RY12",-0.417609032750799,8.28530130068324,0.791171517779926,0.374340715994061,0.814755023144117,0.865893028734195,"cognps_random_slope"
"9829","TRIM69","Mic P2RY12",0.531385318239168,4.16006846912826,0.848793349076544,0.357511534765965,0.806024912079189,0.857365977161864,"cognps_random_slope"
"9830","SORD","Mic P2RY12",0.299487785296432,4.35660589083296,0.38837624124124,0.533549171761287,0.906222110364132,0.936317122858115,"cognps_random_slope"
"9831","DUOX1","Mic P2RY12",0.264515463952266,3.93297079155502,0.151230653556493,0.697592208943414,0.9695262698091,0.984989885855413,"cognps_random_slope"
"9832","SHF","Mic P2RY12",-0.143972541881645,3.78757365794824,0.0461126540494956,0.830092864046965,0.999101386294055,0.999791880761836,"cognps_random_slope"
"9833","GATM","Mic P2RY12",0.705285164494727,5.81015492488955,1.56148518329953,0.21226052357296,0.692249336969635,0.758505865264288,"cognps_random_slope"
"9834","AC025580.3","Mic P2RY12",0.853822656731696,2.54684904514084,0.622878152748679,0.430499757823307,0.848902220187712,0.892224401556026,"cognps_random_slope"
"9835","SPATA5L1","Mic P2RY12",-0.369309644077881,4.85769738413521,0.795469593481622,0.373047704370865,0.813700647689381,0.865113888905799,"cognps_random_slope"
"9836","AC025580.2","Mic P2RY12",-0.93274926991896,2.81331509457232,0.637971153024229,0.424973593616194,0.845467804045519,0.889524158989668,"cognps_random_slope"
"9837","SLC30A4","Mic P2RY12",-0.306064170717151,4.25774011975775,0.344681426404513,0.557507786231012,0.917607693844485,0.945215806277844,"cognps_random_slope"
"9838","SQOR","Mic P2RY12",-0.151862280341416,4.75611073608053,0.103776751895633,0.747530792271466,0.982244103840787,0.994674014762625,"cognps_random_slope"
"9839","SEMA6D","Mic P2RY12",0.0994279223936791,5.31184871517618,0.0281407258554347,0.866872697378594,0.999765323016076,0.999791880761836,"cognps_random_slope"
"9840","MYEF2","Mic P2RY12",0.0630395615031563,4.91781032164872,0.0159982722018579,0.899419280095703,0.999765323016076,0.999791880761836,"cognps_random_slope"
"9841","AC023355.1","Mic P2RY12",0.5436511582491,3.05550503471838,0.481445226868905,0.488216351104776,0.883089474042755,0.91792491332309,"cognps_random_slope"
"9842","DUT","Mic P2RY12",-0.0371553899861409,5.5651873723879,0.0111040785505636,0.916136294266968,0.999765323016076,0.999791880761836,"cognps_random_slope"
"9843","FBN1","Mic P2RY12",1.12386447617148,3.81455839750644,2.85590032992621,0.0919058475659,0.526337719329327,0.610697095772764,"cognps_random_slope"
"9844","CEP152","Mic P2RY12",0.145635021657641,5.26713756319779,0.127111729507748,0.721654779188763,0.97571529536985,0.991463831658989,"cognps_random_slope"
"9845","EID1","Mic P2RY12",0.658837032821042,5.92228029503861,2.68912669502848,0.101909555035152,0.542297395179737,0.62791771474925,"cognps_random_slope"
"9846","SECISBP2L","Mic P2RY12",0.0812956885942791,6.62935476358251,0.110596973575356,0.739659275691802,0.980436558830992,0.994247512606934,"cognps_random_slope"
"9847","COPS2","Mic P2RY12",-0.011938106987108,5.24742609789028,0.00127680358819324,0.971515569832963,0.999765323016076,0.999791880761836,"cognps_random_slope"
"9848","GALK2","Mic P2RY12",0.14899482690544,6.76259738808332,0.302060926529633,0.582934409302055,0.92822053458375,0.952469142809051,"cognps_random_slope"
"9849","FAM227B","Mic P2RY12",0.132719998774034,4.31597878154265,0.0546077808053139,0.815363988993802,0.994957963721761,0.999791880761836,"cognps_random_slope"
"9850","DTWD1","Mic P2RY12",-0.0316378598748583,5.33534184325478,0.00929946266528324,0.923229827101769,0.999765323016076,0.999791880761836,"cognps_random_slope"
"9851","ATP8B4","Mic P2RY12",0.419229662175185,9.98994961038176,3.01437636427767,0.0833856106234707,0.505420462602119,0.593030725533821,"cognps_random_slope"
"9852","GABPB1","Mic P2RY12",-0.474156468805493,6.25020461710099,3.34092034992476,0.0684051825698964,0.475712429485823,0.566566804202173,"cognps_random_slope"
"9853","GABPB1-AS1","Mic P2RY12",-1.08684815981881,6.62422076194478,5.00790010540171,0.0258436312322946,0.311274794188488,0.402421321011655,"cognps_random_slope"
"9854","USP8","Mic P2RY12",-0.189826563840127,6.98084585093922,0.860474048607288,0.354228201291897,0.802537975572733,0.854217006966074,"cognps_random_slope"
"9855","USP50","Mic P2RY12",0.700572706549848,2.62725759819282,0.429484645946902,0.512660920503479,0.89460343606308,0.92830484233112,"cognps_random_slope"
"9856","TRPM7","Mic P2RY12",-0.17505648363197,7.56121933039756,0.74190769768827,0.389624383393562,0.824594876226751,0.873243233725706,"cognps_random_slope"
"9857","SPPL2A","Mic P2RY12",-0.256980113478494,6.70439401094395,1.18799526067195,0.276464093237694,0.747729838698361,0.807787550604954,"cognps_random_slope"
"9858","AC021752.1","Mic P2RY12",0.0103128333624684,4.03162597233555,0.000417941228587624,0.983700832295255,0.999765323016076,0.999791880761836,"cognps_random_slope"
"9859","AP4E1","Mic P2RY12",0.0469766780772416,6.07996839038242,0.0283826862619453,0.93085290016851,0.999765323016076,0.999791880761836,"cognps_random_slope"
"9860","MIR4713HG","Mic P2RY12",-1.47899257823235,2.93850987802289,2.62674022548337,0.10595368604389,0.550492866138109,0.634792953430487,"cognps_random_slope"
"9861","TNFAIP8L3","Mic P2RY12",-3.08803193434395,3.72318346636214,9.27861651083715,0.00248957652429606,0.106599101504552,0.151782714335378,"cognps_random_slope"
"9862","CYP19A1","Mic P2RY12",-6.16610991860745,3.62562678555412,30.3792401596609,6.7896551630544e-08,0.00030329389613364,0.000510242585503538,"cognps_random_slope"
"9863","GLDN","Mic P2RY12",-1.28646476065585,9.28442210847928,3.03568556282289,0.082306997543162,0.505420462602119,0.593030725533821,"cognps_random_slope"
"9864","AC066613.2","Mic P2RY12",-1.98886882603914,6.70986263500244,8.22836929076644,0.00436742736258169,0.136709614832009,0.192965814745649,"cognps_random_slope"
"9865","DMXL2","Mic P2RY12",0.243637659693348,6.94230958698901,0.490275260624583,0.484257255798691,0.881462467904707,0.916739510069731,"cognps_random_slope"
"9866","SCG3","Mic P2RY12",2.15713679157059,4.17702128468454,7.25521060348818,0.00740075550458576,0.170008734593119,0.235254947560008,"cognps_random_slope"
"9867","LYSMD2","Mic P2RY12",0.541586537905498,4.50071686801782,1.45280238622981,0.318759645194331,0.774003395974804,0.831665714048995,"cognps_random_slope"
"9868","TMOD2","Mic P2RY12",-0.244343445899902,6.96558741834996,0.425887864888886,0.51443056899007,0.894942542151003,0.92830484233112,"cognps_random_slope"
"9869","TMOD3","Mic P2RY12",-0.286651229381671,6.85494231625017,1.86204917064873,0.173241698229348,0.645854089686386,0.722173203526035,"cognps_random_slope"
"9870","AC090971.2","Mic P2RY12",-0.315462699627134,2.95757547738593,0.11801631955132,0.731396738564674,0.978316173868542,0.992754357816929,"cognps_random_slope"
"9871","LEO1","Mic P2RY12",0.228172859600091,4.23793613651083,0.194894283739432,0.659139298992,0.955612931885691,0.973592644066785,"cognps_random_slope"
"9872","MAPK6","Mic P2RY12",0.138930985616959,5.13837763799059,0.106615786035377,0.744220350332681,0.982219019325995,0.994674014762625,"cognps_random_slope"
"9873","GNB5","Mic P2RY12",0.943884956184724,3.59701266631838,1.46046256763307,0.227650551783601,0.708651578269927,0.771670679591231,"cognps_random_slope"
"9874","MYO5C","Mic P2RY12",0.789173888612856,2.79348400603573,0.724240887779537,0.395322616815583,0.82692088304535,0.876563829705978,"cognps_random_slope"
"9875","MYO5A","Mic P2RY12",0.272636028079097,8.04254989165158,1.48594852103885,0.223645099368549,0.705101945792842,0.769206564190869,"cognps_random_slope"
"9876","ARPP19","Mic P2RY12",0.177378736287649,5.97196732326896,0.32390723032521,0.569624221248082,0.923355952776136,0.949073872389288,"cognps_random_slope"
"9877","FAM214A","Mic P2RY12",-0.093755273883918,6.20918720093451,0.0414604822658795,0.838766823911799,0.999700499758612,0.999791880761836,"cognps_random_slope"
"9878","UNC13C","Mic P2RY12",2.15666482446991,3.36307264880532,5.84672530992592,0.0161023783381755,0.250427783521564,0.333790454284822,"cognps_random_slope"
"9879","RSL24D1","Mic P2RY12",-0.323799368867644,4.12935612582836,0.434170552756582,0.510371243284216,0.893232993502909,0.927704561786878,"cognps_random_slope"
"9880","RAB27A","Mic P2RY12",-0.803986295781616,6.10778993904923,1.85185106261413,0.174420434259425,0.646420631530528,0.722173203526035,"cognps_random_slope"
"9881","PIGB","Mic P2RY12",-0.145177025044939,5.27470518798607,0.177329548284321,0.715715077153924,0.975412307559,0.990595139180455,"cognps_random_slope"
"9882","CCPG1","Mic P2RY12",0.399988112366664,5.99263713557835,1.63976061296432,0.201183579873324,0.68055550277716,0.748052124940614,"cognps_random_slope"
"9883","DNAAF4","Mic P2RY12",1.67371477361917,4.85391359444141,9.19694790916277,0.00260018293185531,0.109232136268943,0.15590724520925,"cognps_random_slope"
"9884","NEDD4","Mic P2RY12",0.586043720219426,4.7469240163542,1.31711537995452,0.251873286648924,0.729501575487489,0.789513879802273,"cognps_random_slope"
"9885","RFX7","Mic P2RY12",0.217800957928489,7.55716955850701,1.02363151994461,0.312339366098673,0.769796612435867,0.828989115276752,"cognps_random_slope"
"9886","TEX9","Mic P2RY12",1.14194207831881,3.69953015534053,2.26731266730857,0.133006640295347,0.593557228010685,0.671370716186827,"cognps_random_slope"
"9887","AC090518.1","Mic P2RY12",-0.834570181939689,3.85810338284608,1.01602378134028,0.314141751303226,0.770261998566852,0.829537614030808,"cognps_random_slope"
"9888","ZNF280D","Mic P2RY12",-0.0369950622709722,6.62125651956382,0.0200590638893603,0.887451554458768,0.999765323016076,0.999791880761836,"cognps_random_slope"
"9889","AC090517.4","Mic P2RY12",-0.234365806495213,6.45468620360335,0.484051300490101,0.487042301135076,0.882224424725466,0.917437487709624,"cognps_random_slope"
"9890","TCF12","Mic P2RY12",-0.283311468850141,10.4100882148653,1.95540970912991,0.162866803212707,0.632814737562625,0.709795203727464,"cognps_random_slope"
"9891","LINC00926","Mic P2RY12",-0.562470180179528,3.33547676006315,0.730254828029583,0.393369498723073,0.825887411420564,0.875461390615122,"cognps_random_slope"
"9892","CGNL1","Mic P2RY12",-2.36006817072894,5.98324633161478,6.25597894769273,0.0128214304993215,0.226078934370272,0.300789959008535,"cognps_random_slope"
"9893","POLR2M","Mic P2RY12",-0.699145033840527,3.65577291261461,1.40785740983319,0.236195651568541,0.717095135176716,0.779653142695866,"cognps_random_slope"
"9894","ALDH1A2","Mic P2RY12",0.389036459904171,4.61698376320839,0.226804461130469,0.634192660885322,0.949513717316229,0.969050966350658,"cognps_random_slope"
"9895","AQP9","Mic P2RY12",0.764156816113596,2.50346975461269,0.256275913373942,0.613000465137512,0.940399122416995,0.963142172997874,"cognps_random_slope"
"9896","LIPC","Mic P2RY12",-0.0821064551472556,6.09327155837949,0.0293138590932945,0.86415265243106,0.999765323016076,0.999791880761836,"cognps_random_slope"
"9897","ADAM10","Mic P2RY12",0.104475719866128,8.5419120612505,0.246190012926449,0.620073786613526,0.943281902324893,0.964575721805438,"cognps_random_slope"
"9898","MINDY2","Mic P2RY12",-0.0939119848791344,6.8373787531062,0.0999164158898025,0.752113338651139,0.982244103840787,0.994674014762625,"cognps_random_slope"
"9899","RNF111","Mic P2RY12",-0.192362115355406,7.77279760913443,0.971756037177292,0.324905363162552,0.779207974460655,0.836229370741199,"cognps_random_slope"
"9900","SLTM","Mic P2RY12",-0.405962558831912,7.96467336394016,4.80067112910051,0.0290897716512135,0.328972177129039,0.420672804282622,"cognps_random_slope"
"9901","MYO1E","Mic P2RY12",-1.66048711148608,8.37871535642613,11.1918784063439,0.000908181195805208,0.063601714688642,0.0925401312225063,"cognps_random_slope"
"9902","FAM81A","Mic P2RY12",0.913532867918477,3.66406196198187,1.80897121691774,0.179479249627519,0.652700522186807,0.726589950144405,"cognps_random_slope"
"9903","GTF2A2","Mic P2RY12",-0.105894035925964,5.26684310922277,0.0782799748053724,0.811603771130957,0.994447726155304,0.999791880761836,"cognps_random_slope"
"9904","BNIP2","Mic P2RY12",-0.549134245289345,6.16576613257484,3.2556011643862,0.0720163502955455,0.481701677783777,0.572297714985221,"cognps_random_slope"
"9905","ANXA2","Mic P2RY12",-2.79266754231273,3.81595806764325,8.62351430850458,0.00353213704495095,0.121681667196369,0.175015449842679,"cognps_random_slope"
"9906","ICE2","Mic P2RY12",0.390283504442784,6.39451625714229,2.38170762958146,0.123642749241713,0.581585286973743,0.660864338941303,"cognps_random_slope"
"9907","RORA-AS1","Mic P2RY12",1.25166435701277,4.86724132874685,2.75162561651426,0.0980274405155437,0.536413249822253,0.622624745113121,"cognps_random_slope"
"9908","RORA","Mic P2RY12",1.32295436721556,5.9791885644593,2.87189307508571,0.0910044666809673,0.524312492687723,0.609173307993589,"cognps_random_slope"
"9909","AC009554.1","Mic P2RY12",0.17376854404184,4.86829757123695,0.0686949175750813,0.793396602599344,0.991704028031233,0.999791880761836,"cognps_random_slope"
"9910","VPS13C","Mic P2RY12",-0.191112118842823,8.73360428439134,1.12718105120289,0.289089870887634,0.75452783964146,0.81550689929451,"cognps_random_slope"
"9911","TLN2","Mic P2RY12",0.41991718077063,8.76395788258225,1.61839587034905,0.204137571921986,0.685282465262159,0.75151560401391,"cognps_random_slope"
"9912","AC100839.2","Mic P2RY12",0.789040884917937,2.90282566987483,0.53799714537123,0.46374183321539,0.869438414152151,0.909426647105318,"cognps_random_slope"
"9913","TPM1","Mic P2RY12",0.717959181109996,5.66139067141056,3.30424663715604,0.0699329670732902,0.479717920309076,0.570624744978943,"cognps_random_slope"
"9914","LACTB","Mic P2RY12",-0.0661838494544117,6.00984244966512,0.0340611647282632,0.853680802231477,0.999765323016076,0.999791880761836,"cognps_random_slope"
"9915","RPS27L","Mic P2RY12",-0.571309729621911,5.80026231472782,1.84126689677435,0.17565360530221,0.647220096871106,0.722649604185209,"cognps_random_slope"
"9916","RAB8B","Mic P2RY12",-0.679671692523557,7.08317194698651,5.383959240362,0.0208816855990494,0.28576288786566,0.37273301331144,"cognps_random_slope"
"9917","APH1B","Mic P2RY12",-0.452618603588424,5.56476707192835,1.3204113336719,0.251281903207928,0.729501575487489,0.789363484595617,"cognps_random_slope"
"9918","USP3","Mic P2RY12",-0.798012587811271,7.69622603452714,10.849896944351,0.00108614824409546,0.0717018355621836,0.102717653095093,"cognps_random_slope"
"9919","USP3-AS1","Mic P2RY12",-1.02158723608112,4.44437302957794,2.17399501979396,0.141236023555626,0.606635881945176,0.6831508584127,"cognps_random_slope"
"9920","HERC1","Mic P2RY12",-0.0265451552119553,8.43757362330695,0.0251750640509277,0.874020679980945,0.999765323016076,0.999791880761836,"cognps_random_slope"
"9921","AC073167.1","Mic P2RY12",-0.381435072995176,3.40512103458873,0.197425926577249,0.65707389308584,0.955612931885691,0.973592644066785,"cognps_random_slope"
"9922","FAM96A","Mic P2RY12",0.325727392894407,5.34483818459988,0.984075983304875,0.366629582575017,0.811562709840244,0.862405100667332,"cognps_random_slope"
"9923","SNX1","Mic P2RY12",0.0348732220359239,7.38084408927829,0.0214762464256601,0.925668673216629,0.999765323016076,0.999791880761836,"cognps_random_slope"
"9924","SNX22","Mic P2RY12",-0.600991023245263,3.1590122075824,0.359543293443374,0.549137574444189,0.912008010301967,0.940252647971766,"cognps_random_slope"
"9925","PPIB","Mic P2RY12",-0.215610390335582,5.33198211915126,0.153879872648367,0.695087224948903,0.96925463151675,0.984989885855413,"cognps_random_slope"
"9926","CSNK1G1","Mic P2RY12",-0.142770615553244,4.83868513737069,0.125140346031676,0.723732184539642,0.976701705810179,0.991975916828505,"cognps_random_slope"
"9927","TRIP4","Mic P2RY12",0.454410106738033,6.41535545201226,2.69546095839767,0.101508524753479,0.542074332563011,0.6273410096216,"cognps_random_slope"
"9928","ZNF609","Mic P2RY12",0.182128922818645,8.99077544559871,0.686048007992243,0.408061199754425,0.834639682906314,0.882181263749801,"cognps_random_slope"
"9929","OAZ2","Mic P2RY12",0.186811289466371,5.7224833849937,0.371458277578667,0.542595306913954,0.910123298286075,0.939148122050431,"cognps_random_slope"
"9930","AC100830.1","Mic P2RY12",-1.80536941364042,2.81108586576253,3.71151912111255,0.0548259444719892,0.436313933844455,0.529113286354637,"cognps_random_slope"
"9931","AC069368.1","Mic P2RY12",0.140333345241346,5.30207059968318,0.0510953061468878,0.82129661582847,0.996726931048618,0.999791880761836,"cognps_random_slope"
"9932","ANKDD1A","Mic P2RY12",0.442459928354303,5.13204159710136,0.561536910317599,0.454131542123714,0.864954064241031,0.905598852945087,"cognps_random_slope"
"9933","AC103691.1","Mic P2RY12",1.1244840878259,2.71879776778422,1.31384454567818,0.252461859551309,0.729640057414039,0.789886223675572,"cognps_random_slope"
"9934","SPG21","Mic P2RY12",-0.462979358518545,5.22150896916324,1.65671075102923,0.198875818185663,0.67699667850671,0.745962233856748,"cognps_random_slope"
"9935","MTFMT","Mic P2RY12",0.226983247515647,5.92179784708148,0.618620109830657,0.4320784914723,0.849951886126487,0.893101120196826,"cognps_random_slope"
"9936","UBAP1L","Mic P2RY12",0.547853486853857,4.81179551764126,1.61247842609505,0.204964794533188,0.686256186793137,0.752349608067522,"cognps_random_slope"
"9937","PDCD7","Mic P2RY12",-0.180416474529583,5.61042047523772,0.270468131715112,0.968541608497175,0.999765323016076,0.999791880761836,"cognps_random_slope"
"9938","CLPX","Mic P2RY12",0.160228416366932,5.48666741571736,0.284411518795131,0.883262512167531,0.999765323016076,0.999791880761836,"cognps_random_slope"
"9939","PARP16","Mic P2RY12",-0.359926602595191,4.87709216181042,0.797068603777467,0.427122605569419,0.847227655008257,0.891073178269958,"cognps_random_slope"
"9940","DPP8","Mic P2RY12",-0.0914525164115271,6.86605685974763,0.153505320541675,0.69543986728032,0.96925463151675,0.984989885855413,"cognps_random_slope"
"9941","HACD3","Mic P2RY12",0.0400042185959387,5.61624235195852,0.0171310898372697,0.895938841799112,0.999765323016076,0.999791880761836,"cognps_random_slope"
"9942","INTS14","Mic P2RY12",-0.47359139070019,4.49273130066898,1.16190371704647,0.281793561830774,0.750907838952912,0.811474754307675,"cognps_random_slope"
"9943","SLC24A1","Mic P2RY12",-0.000237111331346521,3.98326789808293,8.11122554320174e-07,0.99928190593784,0.999765323016076,0.999791880761836,"cognps_random_slope"
"9944","DENND4A","Mic P2RY12",-0.41595544746629,8.64896703724879,4.74376255119597,0.0300538833505172,0.337023193643534,0.428567236013542,"cognps_random_slope"
"9945","RAB11A","Mic P2RY12",-0.770909783871199,6.83671959158726,3.01477355127321,0.083365366487861,0.505420462602119,0.593030725533821,"cognps_random_slope"
"9946","MEGF11","Mic P2RY12",0.343863120000025,2.79596060742632,0.157416089050502,0.691782024062828,0.967517350043491,0.984049474704472,"cognps_random_slope"
"9947","DIS3L","Mic P2RY12",-0.306451657008088,5.79887100747732,1.00930352478159,0.392576475202271,0.825293567800476,0.874623554902867,"cognps_random_slope"
"9948","TIPIN","Mic P2RY12",-0.0871831522481376,4.41317348208755,0.0273498499971485,0.959890276728472,0.999765323016076,0.999791880761836,"cognps_random_slope"
"9949","MAP2K1","Mic P2RY12",-0.501503292161602,8.00799285234033,4.79833316397891,0.0291287356807848,0.329135064804551,0.420966247386727,"cognps_random_slope"
"9950","SNAPC5","Mic P2RY12",-0.791205207962702,3.88786530424314,1.9962852887815,0.158550110860486,0.628990537490045,0.706937631044709,"cognps_random_slope"
"9951","RPL4","Mic P2RY12",-0.588376225077106,5.58852220678382,2.08707329934197,0.149421118352772,0.616120740629385,0.693576099086525,"cognps_random_slope"
"9952","ZWILCH","Mic P2RY12",0.707882905027613,3.5666750971587,0.989934011779533,0.320427473772506,0.774400103881939,0.832185256894455,"cognps_random_slope"
"9953","SMAD6","Mic P2RY12",-0.0388549557097898,5.67996138490782,0.00602731598505309,0.93816094711892,0.999765323016076,0.999791880761836,"cognps_random_slope"
"9954","SMAD3","Mic P2RY12",-0.142423477700229,7.44956433868371,0.112784998143608,0.737191305799229,0.980361286991711,0.994247512606934,"cognps_random_slope"
"9955","AAGAB","Mic P2RY12",0.239776235549409,5.84546881589359,0.616656914589119,0.432809342062024,0.850378684299032,0.893746748293434,"cognps_random_slope"
"9956","IQCH","Mic P2RY12",0.583988980349843,3.59656072764436,0.595465686826934,0.440820069334575,0.855818037073943,0.897260497291077,"cognps_random_slope"
"9957","IQCH-AS1","Mic P2RY12",-0.305106898171683,5.63673138862786,0.55236223017012,0.457839322904892,0.865885529716198,0.906391599481102,"cognps_random_slope"
"9958","C15orf61","Mic P2RY12",0.249031284094651,3.38566432717032,0.136588189339388,0.811200211692602,0.994447726155304,0.999791880761836,"cognps_random_slope"
"9959","MAP2K5","Mic P2RY12",0.0462881789186229,7.80176635172121,0.0335064006123151,0.854863871080663,0.999765323016076,0.999791880761836,"cognps_random_slope"
"9960","PIAS1","Mic P2RY12",-0.440077646836083,9.14085447994828,8.4591743919412,0.00385767030959983,0.127629658632976,0.182373018313553,"cognps_random_slope"
"9961","AC107871.1","Mic P2RY12",-2.24957986289929,2.75979771994996,6.74861427759196,0.00976758437899477,0.198026321123917,0.272200481859626,"cognps_random_slope"
"9962","FEM1B","Mic P2RY12",0.0220230129617057,5.16947278769643,0.00345915133530558,0.953132486008151,0.999765323016076,0.999791880761836,"cognps_random_slope"
"9963","CORO2B","Mic P2RY12",-0.259650290884805,3.31230049540369,0.108386711707976,0.74218001904711,0.981590829602176,0.994674014762625,"cognps_random_slope"
"9964","ANP32A","Mic P2RY12",-0.333960708522632,7.79437084234157,1.51842733490734,0.218662661088056,0.699522158329203,0.764776558211327,"cognps_random_slope"
"9965","SPESP1","Mic P2RY12",0.544103224837004,4.56735584400398,1.06295301944564,0.303235500077563,0.763833474593217,0.824163087209446,"cognps_random_slope"
"9966","GLCE","Mic P2RY12",-0.415893459862084,6.87759919505988,1.24925015529058,0.264441844353496,0.738288574204418,0.797933846138486,"cognps_random_slope"
"9967","PAQR5","Mic P2RY12",-2.22000266321825,3.93545904047548,4.96903233104043,0.0264223207447649,0.314587873345963,0.40602907174444,"cognps_random_slope"
"9968","RPLP1","Mic P2RY12",-1.09834944756979,6.52584839511624,3.01779404460013,0.0832115899377562,0.505420462602119,0.593030725533821,"cognps_random_slope"
"9969","DRAIC","Mic P2RY12",1.65656861343114,2.86583377111579,2.79285069834951,0.0955555591700794,0.532922140027557,0.617843694930587,"cognps_random_slope"
"9970","TLE3","Mic P2RY12",0.0671242014028753,6.62385676140566,0.0317780314219566,0.858616073057122,0.999765323016076,0.999791880761836,"cognps_random_slope"
"9971","UACA","Mic P2RY12",-0.71400073686737,5.84560668684185,4.61543010648763,0.032352895664548,0.346166150645263,0.4390482733532,"cognps_random_slope"
"9972","LARP6","Mic P2RY12",-0.342189369691394,2.96732867197129,0.128734934028604,0.719957870711128,0.97571529536985,0.991463831658989,"cognps_random_slope"
"9973","LRRC49","Mic P2RY12",2.11055929519377,3.4515554520316,8.18196020915401,0.00447798120802921,0.137492616720481,0.194017568726892,"cognps_random_slope"
"9974","THSD4","Mic P2RY12",-1.11547992073707,3.08250988507864,2.01066953222043,0.178733794844559,0.651276491362712,0.725253243754809,"cognps_random_slope"
"9975","THSD4-AS1","Mic P2RY12",-0.138288315837817,4.95471158522855,0.0981592789802461,0.754231480825816,0.982268354911735,0.994998852417964,"cognps_random_slope"
"9976","MYO9A","Mic P2RY12",-0.236038083142972,7.10507954788229,0.950619456147601,0.330217033916469,0.782718527979546,0.839270332854404,"cognps_random_slope"
"9977","AC022872.1","Mic P2RY12",-0.697341771736023,2.61125761347568,0.41776975100887,0.51846425497187,0.896045844838539,0.929377166919044,"cognps_random_slope"
"9978","SENP8","Mic P2RY12",-0.252023395030495,2.88775020522871,0.0761641417915554,0.782723086101549,0.990020960532974,0.999518095506057,"cognps_random_slope"
"9979","PKM","Mic P2RY12",-0.408166477354632,7.2152627572395,0.923438170707444,0.337219482726992,0.790463230369849,0.844859240409862,"cognps_random_slope"
"9980","PARP6","Mic P2RY12",0.66830073886023,5.87378829957902,5.73297325398055,0.0171606852870121,0.256377194572184,0.339971572755438,"cognps_random_slope"
"9981","AC009690.2","Mic P2RY12",-0.250890384391714,4.61134720873319,0.145298129321093,0.703294839322854,0.97172603554691,0.986586063650533,"cognps_random_slope"
"9982","AC009690.1","Mic P2RY12",0.476067080837563,7.31084574807114,2.12097539779535,0.146166466678384,0.612508854637727,0.69034513399768,"cognps_random_slope"
"9983","TMEM202-AS1","Mic P2RY12",-0.476101030621528,3.50089735063849,0.492070674290761,0.483458755185639,0.881462467904707,0.916739510069731,"cognps_random_slope"
"9984","ARIH1","Mic P2RY12",-0.442831908251327,8.11763783670259,4.42589971484598,0.0360913949002176,0.362836296367454,0.456098933870743,"cognps_random_slope"
"9985","BBS4","Mic P2RY12",0.0994044916302619,5.03704326305018,0.0795658244644169,0.778048912674725,0.98974576254745,0.999508397105588,"cognps_random_slope"
"9986","ADPGK","Mic P2RY12",0.145169052521846,7.44466409192429,0.423172881747603,0.892683487676527,0.999765323016076,0.999791880761836,"cognps_random_slope"
"9987","NEO1","Mic P2RY12",0.532394574261706,5.49672150821688,1.42717270391083,0.233013699984438,0.713984505367052,0.776521381336779,"cognps_random_slope"
"9988","NPTN","Mic P2RY12",-0.299210693240034,7.06366512998818,1.95352083624576,0.16306950724225,0.633418685957506,0.710278601386502,"cognps_random_slope"
"9989","CD276","Mic P2RY12",0.0378275777567878,6.1408139456733,0.00597618282870128,0.938423287983395,0.999765323016076,0.999791880761836,"cognps_random_slope"
"9990","STOML1","Mic P2RY12",-0.0278753456436424,3.15765633759195,0.00152128722315958,0.968909095608006,0.999765323016076,0.999791880761836,"cognps_random_slope"
"9991","PML","Mic P2RY12",-0.199755220858289,5.47207783717453,0.261116230984958,0.609667876640213,0.93885760879533,0.961460719578766,"cognps_random_slope"
"9992","SEMA7A","Mic P2RY12",-0.753160165059696,3.81362748022826,1.40106716915316,0.23732677913603,0.718723546421893,0.780382658415809,"cognps_random_slope"
"9993","UBL7","Mic P2RY12",0.869956083729714,3.25077490663823,1.43805906788589,0.231243206689204,0.71251308323617,0.774762683133913,"cognps_random_slope"
"9994","UBL7-AS1","Mic P2RY12",0.26156606089569,3.91499327931984,0.176571423537509,0.674587364996373,0.96243428918518,0.97996517648193,"cognps_random_slope"
"9995","AC012435.2","Mic P2RY12",0.435145395128794,3.97675312971903,0.517046468123842,0.472571263971092,0.875923583468409,0.913418994018198,"cognps_random_slope"
"9996","ARID3B","Mic P2RY12",0.158257408951101,5.56941886413655,0.148185307654923,0.70050316899603,0.970194706432401,0.985400639601452,"cognps_random_slope"
"9997","CLK3","Mic P2RY12",0.321262386890955,5.01889790212334,0.723589896550478,0.395534875033258,0.82692088304535,0.876568736618972,"cognps_random_slope"
"9998","EDC3","Mic P2RY12",-0.382276862887433,5.19818726610431,1.16081368225274,0.297921790065109,0.761720364612185,0.822068227825695,"cognps_random_slope"
"9999","CSK","Mic P2RY12",-0.44424111780624,6.34558664283373,2.55446899871624,0.110860962275968,0.561257180000095,0.645241941892524,"cognps_random_slope"
"10000","ULK3","Mic P2RY12",0.374653894977574,5.25437473820139,0.936541357251302,0.333819268472545,0.786759060288528,0.842866548069607,"cognps_random_slope"
"10001","SCAMP2","Mic P2RY12",-0.0414007296050999,7.10302988916116,0.0316955979533755,0.858797632875563,0.999765323016076,0.999791880761836,"cognps_random_slope"
"10002","MPI","Mic P2RY12",0.535141334259994,3.93051744101336,0.907003694676618,0.341550322967041,0.792405774789648,0.845625767302657,"cognps_random_slope"
"10003","FAM219B","Mic P2RY12",-0.295958908209427,5.21355695117665,0.717247895809352,0.397611359009722,0.828429241452076,0.876968316775435,"cognps_random_slope"
"10004","COX5A","Mic P2RY12",0.450746256059388,4.48143530117137,0.939887351056157,0.3329583709625,0.786251124100168,0.842296507332759,"cognps_random_slope"
"10005","SCAMP5","Mic P2RY12",1.3260605772826,4.10008852883548,4.51432529415186,0.0342937215077573,0.352972474597124,0.446392581635329,"cognps_random_slope"
"10006","PPCDC","Mic P2RY12",0.378763458142809,6.14831544117466,1.45079426112606,0.229192642911737,0.710519297723826,0.772587835198133,"cognps_random_slope"
"10007","C15orf39","Mic P2RY12",0.229033711215012,3.06540191380239,0.0631255995400144,0.801765810137228,0.992196422862696,0.999791880761836,"cognps_random_slope"
"10008","COMMD4","Mic P2RY12",-0.327326109942102,4.61446939641168,0.609565198723422,0.435465175270291,0.852171263697017,0.894620227489404,"cognps_random_slope"
"10009","NEIL1","Mic P2RY12",-0.472086460469917,4.38878134313868,1.01751727188857,0.313786849041772,0.770261998566852,0.829537614030808,"cognps_random_slope"
"10010","MAN2C1","Mic P2RY12",-0.176992418002045,6.3494250564847,0.376388939097012,0.53993001361312,0.909680929397714,0.938880518155808,"cognps_random_slope"
"10011","SIN3A","Mic P2RY12",-0.201640528588843,5.97974019865884,0.459681550080429,0.498208824142459,0.887713927979404,0.922308853833548,"cognps_random_slope"
"10012","PTPN9","Mic P2RY12",-0.0393718589634109,7.09860711070026,0.0267078703989491,0.870275283180273,0.999765323016076,0.999791880761836,"cognps_random_slope"
"10013","SNUPN","Mic P2RY12",0.440133016145216,4.45183788080392,0.966528036172872,0.498566564505599,0.88802399669729,0.922636013471741,"cognps_random_slope"
"10014","IMP3","Mic P2RY12",-0.674475143636443,3.75866160339109,1.10523116689355,0.293826843806352,0.758684688602877,0.819084232507956,"cognps_random_slope"
"10015","SNX33","Mic P2RY12",-1.19811182362824,3.14857208939099,2.43102592586025,0.119834568951088,0.577247684584303,0.657180821455188,"cognps_random_slope"
"10016","UBE2Q2","Mic P2RY12",-0.198801530195662,5.11273075088434,0.235292971695483,0.627921984265809,0.946863133922138,0.967635074181316,"cognps_random_slope"
"10017","FBXO22","Mic P2RY12",0.0870855094853457,5.92199617389622,0.0928636850235254,0.760743933887799,0.983230301570971,0.995414674993652,"cognps_random_slope"
"10018","NRG4","Mic P2RY12",0.196049963226516,2.79784200018758,0.0530196065357988,0.818020765738185,0.995204567340528,0.999791880761836,"cognps_random_slope"
"10019","TMEM266","Mic P2RY12",1.25070318859591,3.53148667725255,2.03570414593371,0.154510611505766,0.624237776541685,0.702590104154395,"cognps_random_slope"
"10020","ETFA","Mic P2RY12",-0.136666640405627,6.85965682119164,0.303637256751924,0.660295647351725,0.955868868241869,0.973975715718827,"cognps_random_slope"
"10021","SCAPER","Mic P2RY12",0.451357367978422,8.14614342613235,5.1057288791537,0.0244448687656736,0.303601192149019,0.393774847518725,"cognps_random_slope"
"10022","RCN2","Mic P2RY12",0.610059770197753,5.06492301560583,2.50423771689582,0.145761341094939,0.612508854637727,0.690085979627341,"cognps_random_slope"
"10023","PSTPIP1","Mic P2RY12",-2.15794400503992,4.56355846662611,9.07593261533745,0.00277337269721566,0.11004659914288,0.157590933623265,"cognps_random_slope"
"10024","TSPAN3","Mic P2RY12",-0.0545101636846022,5.99253203350503,0.0363153747645362,0.84897321120548,0.999765323016076,0.999791880761836,"cognps_random_slope"
"10025","PEAK1","Mic P2RY12",-0.0738643039408791,8.42956290806992,0.0435518910315946,0.834807695317187,0.999366959106503,0.999791880761836,"cognps_random_slope"
"10026","HMG20A","Mic P2RY12",-0.413767424944163,6.40468668732769,3.01285978808654,0.0834629577239277,0.505420462602119,0.593030725533821,"cognps_random_slope"
"10027","LINGO1","Mic P2RY12",-1.34346104888633,7.95260504111548,1.99829119799794,0.158341666216513,0.628850038216583,0.706757717301824,"cognps_random_slope"
"10028","TBC1D2B","Mic P2RY12",-0.386626318389921,8.11755204359323,0.963489847774843,0.326969052928207,0.781015702296282,0.837685591736593,"cognps_random_slope"
"10029","IDH3A","Mic P2RY12",-0.22125504270282,5.13972986108743,0.378871470863098,0.538597154816626,0.908920850232667,0.938176904122243,"cognps_random_slope"
"10030","DNAJA4","Mic P2RY12",1.24651801420291,4.84783683424144,1.54319702928066,0.214952017102983,0.695958439525749,0.761246186865654,"cognps_random_slope"
"10031","WDR61","Mic P2RY12",-0.141484344422872,5.15925502856741,0.168908352112652,0.681328600826299,0.963764980353924,0.980589311801902,"cognps_random_slope"
"10032","IREB2","Mic P2RY12",0.155027214299214,7.04896507084212,0.613369634302677,0.531815913696772,0.905573705139827,0.935386938234805,"cognps_random_slope"
"10033","PSMA4","Mic P2RY12",-0.142014464018692,4.87282371522329,0.146180059795847,0.702438735153121,0.971311357164335,0.986182132743233,"cognps_random_slope"
"10034","CHRNA5","Mic P2RY12",-0.0655837875893996,2.44969107241954,0.000905338932402535,0.976012929979515,0.999765323016076,0.999791880761836,"cognps_random_slope"
"10035","MORF4L1","Mic P2RY12",-0.299175098790568,6.78267408615416,1.95140345258756,0.163297077611054,0.633568076741671,0.710720581996372,"cognps_random_slope"
"10036","CTSH","Mic P2RY12",-0.453725332598142,6.6273895933466,1.73735820084955,0.18831284161924,0.664274911960894,0.735425045919036,"cognps_random_slope"
"10037","RASGRF1","Mic P2RY12",1.76055728733046,3.446451256591,5.05260701642052,0.0251943270326905,0.30926817308271,0.399722802921891,"cognps_random_slope"
"10038","TMED3","Mic P2RY12",-0.295866041544331,5.24986240363003,0.370973495266597,0.542858667462655,0.910123298286075,0.939148122050431,"cognps_random_slope"
"10039","MTHFS","Mic P2RY12",-1.54206026329592,3.16479905143153,3.43642597357074,0.0645921912926998,0.465034861974666,0.556427490688542,"cognps_random_slope"
"10040","BCL2A1","Mic P2RY12",-1.03615320335437,4.07558924905788,0.681566895768395,0.409595002799021,0.835916117367342,0.882737724701647,"cognps_random_slope"
"10041","ZFAND6","Mic P2RY12",-0.0822404493887581,7.84311584993657,0.148612627760103,0.700092644756819,0.970031635060782,0.98526570223945,"cognps_random_slope"
"10042","FAH","Mic P2RY12",-0.400556590033034,4.51339520238094,0.777661461570463,0.378446323391917,0.816948804422055,0.867972697408637,"cognps_random_slope"
"10043","ARNT2","Mic P2RY12",1.90293870230175,4.04382071075016,7.25322377611224,0.00740878300144625,0.170008734593119,0.235254947560008,"cognps_random_slope"
"10044","ABHD17C","Mic P2RY12",-0.66322499156542,2.73783314278601,0.440018204010846,0.507538642705662,0.891301972336335,0.926064964373514,"cognps_random_slope"
"10045","CEMIP","Mic P2RY12",-0.122179903308256,3.25552797948662,0.0229806582870121,0.879592383408347,0.999765323016076,0.999791880761836,"cognps_random_slope"
"10046","AC027808.1","Mic P2RY12",0.164540642410998,4.944311479982,0.157867317063432,0.69136337545372,0.967371458045907,0.984049474704472,"cognps_random_slope"
"10047","MESD","Mic P2RY12",0.00901022557599041,5.7465325163921,0.000806602523271491,0.977358280760328,0.999765323016076,0.999791880761836,"cognps_random_slope"
"10048","TLNRD1","Mic P2RY12",-0.586705669639656,3.94345126027981,1.06248065897528,0.303342801741977,0.763833474593217,0.824163087209446,"cognps_random_slope"
"10049","CFAP161","Mic P2RY12",0.575789244317012,4.51852945862016,0.390471867016892,0.532447735423025,0.905937865938547,0.935692331995262,"cognps_random_slope"
"10050","IL16","Mic P2RY12",-0.509930070061893,5.48984318648981,1.12241526968751,0.290110015553941,0.755052304998711,0.816138046002445,"cognps_random_slope"
"10051","STARD5","Mic P2RY12",0.523994589557676,3.30556037059348,0.511071528712155,0.475139180166726,0.877890549209195,0.913838322543835,"cognps_random_slope"
"10052","TMC3-AS1","Mic P2RY12",1.43785357427307,3.94667130615514,5.36988446319035,0.0210482645881937,0.286060335464227,0.373093697115361,"cognps_random_slope"
"10053","AC060809.1","Mic P2RY12",0.213546082527458,2.80627799853286,0.0480768152068698,0.826568593694216,0.997790670013024,0.999791880761836,"cognps_random_slope"
"10054","AC104041.1","Mic P2RY12",3.49896588441666,3.42403994233447,5.95925364597838,0.0151218339767504,0.243311744683176,0.323892987308415,"cognps_random_slope"
"10055","EFL1","Mic P2RY12",-0.0920867515200208,6.09776944721576,0.0762658790387585,0.958313028652827,0.999765323016076,0.999791880761836,"cognps_random_slope"
"10056","SAXO2","Mic P2RY12",1.44146604363099,2.62619680442634,1.34120125679593,0.247590748778541,0.727506673637925,0.787883147226809,"cognps_random_slope"
"10057","RPS17","Mic P2RY12",-1.96085525120058,3.00030704814006,2.4057220749375,0.121771878609331,0.580995309380569,0.660503517595267,"cognps_random_slope"
"10058","CPEB1","Mic P2RY12",0.0112387312711796,2.49999813151197,0.000506131327717395,0.982063692959734,0.999765323016076,0.999791880761836,"cognps_random_slope"
"10059","AP3B2","Mic P2RY12",1.48918007580266,3.28227537100672,3.90830056212501,0.0488116090922674,0.416374521607559,0.510179752890667,"cognps_random_slope"
"10060","SNHG21","Mic P2RY12",0.771846875844558,3.58080548928587,1.58518736474144,0.26815801320269,0.742629786098211,0.802125833574982,"cognps_random_slope"
"10061","FSD2","Mic P2RY12",-0.0901304169085939,2.49580810301223,0.0125434817352949,0.910887725842031,0.999765323016076,0.999791880761836,"cognps_random_slope"
"10062","WHAMM","Mic P2RY12",0.108252812200361,5.70041722621557,0.134230015279871,0.714301354199723,0.975327034936739,0.990078557920128,"cognps_random_slope"
"10063","HOMER2","Mic P2RY12",0.0365869188546479,4.06188368932844,0.00443905371306292,0.946916292240832,0.999765323016076,0.999791880761836,"cognps_random_slope"
"10064","AC022558.2","Mic P2RY12",0.279518299214633,3.162913110087,0.125040369618491,0.927646134817127,0.999765323016076,0.999791880761836,"cognps_random_slope"
"10065","C15orf40","Mic P2RY12",0.081845848770107,4.41794940755647,0.0304482446520805,0.861575236508236,0.999765323016076,0.999791880761836,"cognps_random_slope"
"10066","BTBD1","Mic P2RY12",-0.532197772974027,6.88170813082578,4.87766374378482,0.0278366146149979,0.32297703242908,0.415063807205772,"cognps_random_slope"
"10067","TM6SF1","Mic P2RY12",-0.52930448651305,7.71891211673282,3.04751390824756,0.0817148145407945,0.504556224153308,0.592563934205185,"cognps_random_slope"
"10068","HDGFL3","Mic P2RY12",-0.0953716093439627,4.86300526957176,0.0296901014006131,0.863292196499294,0.999765323016076,0.999791880761836,"cognps_random_slope"
"10069","AC103876.1","Mic P2RY12",-0.559968034792305,3.15645295917374,0.490782609315045,0.484031394408583,0.881462467904707,0.916739510069731,"cognps_random_slope"
"10070","SH3GL3","Mic P2RY12",1.12316230549682,4.12588743454683,2.52831964680845,0.112697901941183,0.564349076238645,0.647495973308862,"cognps_random_slope"
"10071","ADAMTSL3","Mic P2RY12",0.0155265898061302,2.85646611936102,0.000787165663268367,0.977632672633438,0.999765323016076,0.999791880761836,"cognps_random_slope"
"10072","AC048382.5","Mic P2RY12",0.815638702472991,4.12212481139584,2.11117346866852,0.147099137258689,0.613906387967251,0.691770974029443,"cognps_random_slope"
"10073","ZSCAN2","Mic P2RY12",0.382024005104536,3.62310337222479,0.418525610794263,0.518086347561343,0.895928813736274,0.929261421381537,"cognps_random_slope"
"10074","WDR73","Mic P2RY12",0.485911142601925,5.27566726313653,1.82961260790091,0.177023140527956,0.648215265749412,0.723315768581263,"cognps_random_slope"
"10075","SEC11A","Mic P2RY12",-0.459789490190911,6.48859227059129,3.67766234470385,0.0559378887624631,0.43966196322919,0.532792438593042,"cognps_random_slope"
"10076","ZNF592","Mic P2RY12",-0.0170156221765482,6.62437288606282,0.0051550481957825,0.958067921232878,0.999765323016076,0.999791880761836,"cognps_random_slope"
"10077","ALPK3","Mic P2RY12",0.181787498060214,4.60736662565236,0.0449070358570748,0.832295110436172,0.999366959106503,0.999791880761836,"cognps_random_slope"
"10078","PDE8A","Mic P2RY12",-0.0920653553600489,8.11027949294728,0.0491610002094257,0.824655528247386,0.997442739805277,0.999791880761836,"cognps_random_slope"
"10079","AKAP13","Mic P2RY12",0.00304703004748501,10.0468688358058,0.000213103140737638,0.988360947872117,0.999765323016076,0.999791880761836,"cognps_random_slope"
"10080","AC087286.2","Mic P2RY12",-0.761110718402819,4.81589155423472,1.13067100150309,0.28834573003646,0.754255972880221,0.814647163364235,"cognps_random_slope"
"10081","KLHL25","Mic P2RY12",0.517567779020416,3.32825497178024,0.26560506485752,0.606611936030425,0.938472791966391,0.960920075840616,"cognps_random_slope"
"10082","AGBL1","Mic P2RY12",1.10407231168203,3.01791837469344,1.75789346699421,0.185729008119589,0.66158543684995,0.732935495896398,"cognps_random_slope"
"10083","NTRK3","Mic P2RY12",0.790677717743671,4.3098086107157,1.45380952470596,0.228710360181122,0.710154432032821,0.772587835198133,"cognps_random_slope"
"10084","MRPL46","Mic P2RY12",-0.460427967415986,3.32934058569922,0.456559080506925,0.499670748058218,0.888685143130261,0.923312641555035,"cognps_random_slope"
"10085","MRPS11","Mic P2RY12",-0.601502668707601,5.01687775404955,2.75542321613164,0.0977968327637596,0.536413249822253,0.622624745113121,"cognps_random_slope"
"10086","DET1","Mic P2RY12",0.47371739634536,4.24489269343787,0.812534113620095,0.566847058146234,0.922925953141032,0.948745471623017,"cognps_random_slope"
"10087","AEN","Mic P2RY12",-0.547897720303033,4.34061169277545,1.13655361201541,0.287096939095976,0.754255972880221,0.814647163364235,"cognps_random_slope"
"10088","ISG20","Mic P2RY12",-0.244243058096015,2.95627853768265,0.0625307226968767,0.802682620714337,0.992523237184018,0.999791880761836,"cognps_random_slope"
"10089","MFGE8","Mic P2RY12",-0.327573381164544,3.19410057484114,0.11599432167805,0.733619109505502,0.978719188594747,0.993120241739745,"cognps_random_slope"
"10090","ABHD2","Mic P2RY12",-0.528750366416891,6.67501470514413,2.85020306139189,0.0922293046630081,0.527286275941862,0.611741592711832,"cognps_random_slope"
"10091","FANCI","Mic P2RY12",0.397874265878941,3.8378712606561,0.42638975913402,0.514182993518958,0.894942542151003,0.92830484233112,"cognps_random_slope"
"10092","POLG","Mic P2RY12",-0.605837803342716,5.26083011002561,3.45553628237806,0.0638569521077651,0.462472663398463,0.554347917629297,"cognps_random_slope"
"10093","AP3S2","Mic P2RY12",0.899569631092896,3.01306153173951,1.25440430559596,0.263460367159317,0.737498322498804,0.796999279104942,"cognps_random_slope"
"10094","ZNF710","Mic P2RY12",0.438433295504333,9.10138825260327,3.07610871717834,0.0803022024724797,0.501692221600792,0.589135422955436,"cognps_random_slope"
"10095","ZNF710-AS1","Mic P2RY12",-0.800107139604053,3.39333289477703,1.21787000963904,0.270516953114596,0.744149710936582,0.804021738656287,"cognps_random_slope"
"10096","IDH2","Mic P2RY12",0.818364073193729,6.15039285730125,6.67792813152081,0.0101549850249723,0.201443776485113,0.275099312532074,"cognps_random_slope"
"10097","SEMA4B","Mic P2RY12",0.416453770631879,3.22705174966437,0.353166983799917,0.552699487581122,0.914523500811782,0.942272379576256,"cognps_random_slope"
"10098","CIB1","Mic P2RY12",-0.511683900897561,3.93352153025979,0.759450195110262,0.384082029877398,0.820851702658485,0.870458690236898,"cognps_random_slope"
"10099","AC091167.6","Mic P2RY12",0.812076866934821,3.69353934988976,1.14525091836179,0.285263227597282,0.753810845017123,0.813877431812292,"cognps_random_slope"
"10100","IQGAP1","Mic P2RY12",-1.18613260162877,6.5050558096815,5.80928722524537,0.0164430134285936,0.252167185531587,0.334797904504991,"cognps_random_slope"
"10101","CRTC3","Mic P2RY12",-0.529876483208321,4.93641620670786,0.77527237733747,0.379178952446554,0.817109915520936,0.868092551741806,"cognps_random_slope"
"10102","CRTC3-AS1","Mic P2RY12",-0.360656055675121,3.30422490787446,0.168889527802409,0.681345378992096,0.963764980353924,0.980589311801902,"cognps_random_slope"
"10103","BLM","Mic P2RY12",0.877909269643437,3.1724065831708,1.05130270356066,0.305896424169686,0.76637090676724,0.826118217885192,"cognps_random_slope"
"10104","FURIN","Mic P2RY12",-0.885335147596108,3.86479161799869,1.8397647004371,0.17582944337905,0.647510406903723,0.722843690915514,"cognps_random_slope"
"10105","FES","Mic P2RY12",0.774329557503344,5.30846188212859,1.90235524723285,0.168672034881046,0.640254239533224,0.718150118502261,"cognps_random_slope"
"10106","MAN2A2","Mic P2RY12",0.0163205419208171,4.29724666226109,0.00109357969289323,0.976196591968648,0.999765323016076,0.999791880761836,"cognps_random_slope"
"10107","HDDC3","Mic P2RY12",0.289023015455836,3.09945558028239,0.158960052786816,0.690352400210115,0.967087387252322,0.983834746694361,"cognps_random_slope"
"10108","UNC45A","Mic P2RY12",-0.0910339984889905,4.6344988842212,0.0475243622993566,0.965015129025354,0.999765323016076,0.999791880761836,"cognps_random_slope"
"10109","RCCD1","Mic P2RY12",0.537314353020073,3.68777150836856,0.942609422247235,0.332260193769879,0.785551068746273,0.841831778356593,"cognps_random_slope"
"10110","SV2B","Mic P2RY12",2.4300842860879,4.06545243856484,12.2205056838024,0.000531774401234398,0.0485391405855864,0.0736435720170139,"cognps_random_slope"
"10111","SLCO3A1","Mic P2RY12",-0.926158643706068,4.4662905620743,1.93141941434151,0.16546293730796,0.637054724342046,0.714425626513891,"cognps_random_slope"
"10112","FAM174B","Mic P2RY12",-1.30050925513748,5.07918408197278,9.58366869157978,0.00211715834533172,0.0980632019487228,0.139891392739053,"cognps_random_slope"
"10113","AC013394.1","Mic P2RY12",-0.593336501262401,6.55006774141674,4.49427916326039,0.0346928408581889,0.354937189505489,0.448014009656819,"cognps_random_slope"
"10114","CHD2","Mic P2RY12",-0.187989994630074,7.80100977903857,0.670819982658141,0.413308288304234,0.83888402147211,0.884903642907782,"cognps_random_slope"
"10115","RGMA","Mic P2RY12",2.8144324725209,2.51118445583171,6.48309308276999,0.0113068859971197,0.209286711667682,0.281672646193441,"cognps_random_slope"
"10116","AC091078.1","Mic P2RY12",1.30241823588166,2.95667411534452,1.93586636791196,0.164978142439505,0.636488914749871,0.713766152264858,"cognps_random_slope"
"10117","LINC02207","Mic P2RY12",-1.91954657667243,3.45388860644728,4.28717088117592,0.0391141528657737,0.376717632406167,0.470758997319728,"cognps_random_slope"
"10118","LINC01580","Mic P2RY12",-1.3052683037095,2.29501151683631,1.11271162969311,0.292201408640577,0.757405070826976,0.818419565048935,"cognps_random_slope"
"10119","MCTP2","Mic P2RY12",0.776740215666995,2.7361258351063,0.46048742946442,0.497832692721723,0.887609995655665,0.922308853833548,"cognps_random_slope"
"10120","LINC00923","Mic P2RY12",0.608413627967268,3.19945845022478,0.3228287365687,0.570267198183111,0.923355952776136,0.949247646187554,"cognps_random_slope"
"10121","IGF1R","Mic P2RY12",-0.309333582333462,6.69494791926653,0.4707067593853,0.493104275265742,0.884735626300203,0.919903672806468,"cognps_random_slope"
"10122","TTC23","Mic P2RY12",-0.179694397770779,5.27154325007937,0.210752576415714,0.646455528540641,0.952302504420343,0.971493126979653,"cognps_random_slope"
"10123","LRRC28","Mic P2RY12",-0.180943388994564,6.33604753776089,0.450783253978865,0.74792188578545,0.982244103840787,0.994674014762625,"cognps_random_slope"
"10124","MEF2A","Mic P2RY12",-0.124036001766275,11.2553504558805,0.298036682311492,0.585454353017167,0.929462355570013,0.953552115934983,"cognps_random_slope"
"10125","LYSMD4","Mic P2RY12",0.0351930613348361,3.89354939499836,0.00383518187248016,0.950653899576781,0.999765323016076,0.999791880761836,"cognps_random_slope"
"10126","AC090825.1","Mic P2RY12",-0.685845701670284,5.59710870641413,3.04806026975181,0.0816875728843503,0.504556224153308,0.592563934205185,"cognps_random_slope"
"10127","ADAMTS17","Mic P2RY12",-1.05886644134349,6.7617421178671,1.1190139834585,0.290840896705275,0.755474085274518,0.816638205490076,"cognps_random_slope"
"10128","CERS3","Mic P2RY12",0.0371627051641673,2.42492941030861,0.000734210024047922,0.97839794729223,0.999765323016076,0.999791880761836,"cognps_random_slope"
"10129","AC027020.2","Mic P2RY12",-1.05245477169667,2.95705734637414,1.32465239632427,0.250523455491107,0.729364507285754,0.789201257695949,"cognps_random_slope"
"10130","LINS1","Mic P2RY12",-0.183376985534009,4.66409771310826,0.177332868045197,0.673926980687362,0.962173687857684,0.979542504003389,"cognps_random_slope"
"10131","ASB7","Mic P2RY12",0.184622684241055,5.42595974924682,0.261310025041409,0.609535261736104,0.93885760879533,0.961460719578766,"cognps_random_slope"
"10132","AC015712.1","Mic P2RY12",-1.84649431386202,3.71581896524878,7.2224161509837,0.00753440774058165,0.171054667155943,0.236541066816694,"cognps_random_slope"
"10133","AC015712.2","Mic P2RY12",-0.224638533119318,5.073278809614,0.13664162022283,0.711860361181375,0.974327515084425,0.989372809189217,"cognps_random_slope"
"10134","LRRK1","Mic P2RY12",0.0957586081277038,9.13104137596989,0.0765438206885418,0.782195874772629,0.990020960532974,0.999508397105588,"cognps_random_slope"
"10135","AC090907.2","Mic P2RY12",-0.306682382773052,4.91282551304062,0.390523921214351,0.532420428713442,0.905937865938547,0.935692331995262,"cognps_random_slope"
"10136","CHSY1","Mic P2RY12",-0.0693741839208746,8.21145562616352,0.0148518951688882,0.903071348428162,0.999765323016076,0.999791880761836,"cognps_random_slope"
"10137","SELENOS","Mic P2RY12",-1.04252611984448,5.09659758316461,4.67007827827476,0.031352153032536,0.343259969598868,0.434440252070389,"cognps_random_slope"
"10138","SNRPA1","Mic P2RY12",0.0764796875388198,5.19639574949454,0.0439973104614352,0.833977392937493,0.999366959106503,0.999791880761836,"cognps_random_slope"
"10139","PCSK6","Mic P2RY12",-0.780420276681534,3.25867077303692,0.782835454827266,0.37686652122163,0.816686327763756,0.867604995501037,"cognps_random_slope"
"10140","TM2D3","Mic P2RY12",-0.929016107407134,5.37965039235145,7.65558517846004,0.00595214797951903,0.154741440098952,0.213382850900519,"cognps_random_slope"
"10141","TARSL2","Mic P2RY12",-0.213083156848778,5.49958303949181,0.31662303065559,0.573994779402617,0.924874667720107,0.950153024578689,"cognps_random_slope"
"10142","POLR3K","Mic P2RY12",0.0566779202162269,3.28843158046754,0.00595546683900462,0.993180898817655,0.999765323016076,0.999791880761836,"cognps_random_slope"
"10143","SNRNP25","Mic P2RY12",0.995531136005415,3.32536751393245,1.63463413782196,0.201887761143973,0.681657315971373,0.748822421554174,"cognps_random_slope"
"10144","MPG","Mic P2RY12",0.00220801954867041,4.6582113887628,2.05883947358889e-05,0.996382172093683,0.999765323016076,0.999791880761836,"cognps_random_slope"
"10145","NPRL3","Mic P2RY12",0.430839344056204,5.95245090636569,1.906645212183,0.168193890637871,0.639771512789088,0.717353625507149,"cognps_random_slope"
"10146","LUC7L","Mic P2RY12",0.104167054022572,6.70074281796663,0.158315265721646,0.690948454309477,0.967342272900261,0.98398287552316,"cognps_random_slope"
"10147","FAM234A","Mic P2RY12",0.513418172977202,3.66805543000439,0.724061395530985,0.395381124528429,0.82692088304535,0.876563829705978,"cognps_random_slope"
"10148","RGS11","Mic P2RY12",0.779530548006372,3.4792532393124,1.00084732940628,0.317778220558053,0.773156487599576,0.831126448083677,"cognps_random_slope"
"10149","ARHGDIG","Mic P2RY12",1.67189458183707,3.64882687546589,3.27168406520974,0.071320257545908,0.481432815573689,0.571978509732139,"cognps_random_slope"
"10150","PDIA2","Mic P2RY12",0.849992227623493,2.98637572983462,0.803091456734822,0.370770139266519,0.812104761618872,0.863532460737016,"cognps_random_slope"
"10151","AXIN1","Mic P2RY12",-0.0466811084089617,5.12123551637545,0.0168436992526478,0.896810451995797,0.999765323016076,0.999791880761836,"cognps_random_slope"
"10152","MRPL28","Mic P2RY12",-0.276498363280177,3.89597753418981,0.24233212369778,0.861438399482639,0.999765323016076,0.999791880761836,"cognps_random_slope"
"10153","TMEM8A","Mic P2RY12",0.444617674979786,4.76087720455534,1.43545190281287,0.231665732888984,0.712707182379541,0.775107640492897,"cognps_random_slope"
"10154","NME4","Mic P2RY12",-0.163920635205789,3.85413169894384,0.0737441583231004,0.94549241772217,0.999765323016076,0.999791880761836,"cognps_random_slope"
"10155","DECR2","Mic P2RY12",0.705222236489813,3.01953824861251,0.709249615814194,0.400252734873058,0.82954706831376,0.878025991099495,"cognps_random_slope"
"10156","RAB11FIP3","Mic P2RY12",0.614572727456458,6.05383135257351,4.15128166288587,0.0423346230795179,0.391044374294747,0.483932720223593,"cognps_random_slope"
"10157","CAPN15","Mic P2RY12",0.312086855448989,5.26332265350906,0.644822399953708,0.422500295913265,0.843175944234351,0.888235512611582,"cognps_random_slope"
"10158","PIGQ","Mic P2RY12",0.0271651948780777,4.06592079401541,0.00333338837546251,0.953991378746904,0.999765323016076,0.999791880761836,"cognps_random_slope"
"10159","RAB40C","Mic P2RY12",0.16463816747974,6.05458230753729,0.255375000968919,0.613625109162,0.940399122416995,0.963142172997874,"cognps_random_slope"
"10160","METTL26","Mic P2RY12",-0.80096771856139,4.34790186601668,2.70528723102485,0.10088983449972,0.541893656164626,0.627043127648766,"cognps_random_slope"
"10161","MCRIP2","Mic P2RY12",-0.626565669508018,4.44727176066744,1.7499546418411,0.18672296921668,0.662678630951465,0.73399090773867,"cognps_random_slope"
"10162","WDR90","Mic P2RY12",1.82418151440314,2.9036583764875,4.49409679342956,0.034696494161047,0.354937189505489,0.448014009656819,"cognps_random_slope"
"10163","AL022341.2","Mic P2RY12",1.77051752857832,3.50978413033385,7.29874972307265,0.00722706665485856,0.168434643898712,0.232431123728654,"cognps_random_slope"
"10164","RHOT2","Mic P2RY12",0.343758708866687,5.71489244046043,1.17873485601112,0.27834092206462,0.748918655780509,0.809498465776539,"cognps_random_slope"
"10165","RHBDL1","Mic P2RY12",-0.140585098088477,3.12417238888597,0.0262791347510438,0.871311529278914,0.999765323016076,0.999791880761836,"cognps_random_slope"
"10166","STUB1","Mic P2RY12",0.163975748512994,4.85228973053967,0.12463829419615,0.789849150458585,0.990886185623222,0.999791880761836,"cognps_random_slope"
"10167","JMJD8","Mic P2RY12",0.236211524097249,3.39824467340863,0.11965008958779,0.774439102813884,0.98789996230651,0.998208143973629,"cognps_random_slope"
"10168","WDR24","Mic P2RY12",0.866314672962343,2.94285963393589,1.14648437497264,0.285004377923276,0.753768239303299,0.813550734398614,"cognps_random_slope"
"10169","FBXL16","Mic P2RY12",1.24453190457644,3.08860488001617,2.06112297780064,0.151967976094027,0.620512750650838,0.698068056446583,"cognps_random_slope"
"10170","METRN","Mic P2RY12",0.561467842021634,4.03378754835413,0.983777364211575,0.321934886273977,0.775913203455183,0.833488976923152,"cognps_random_slope"
"10171","FAM173A","Mic P2RY12",0.293309271457392,4.56424389167503,0.335967455471145,0.562529107411241,0.920994257260716,0.947171637626478,"cognps_random_slope"
"10172","HAGHL","Mic P2RY12",-0.613738671671,3.98404227203057,1.05306573118202,0.375947720448356,0.815771808139964,0.866617108032639,"cognps_random_slope"
"10173","NARFL","Mic P2RY12",0.131941672424707,4.32821878490829,0.0779121855757461,0.780307394317605,0.990020960532974,0.999508397105588,"cognps_random_slope"
"10174","MSLN","Mic P2RY12",0.490635380116175,2.93224870929542,0.206502475472062,0.649796804991225,0.953989866394996,0.97281769180443,"cognps_random_slope"
"10175","RPUSD1","Mic P2RY12",-0.3521672770513,3.0947546315171,0.207722577556166,0.648833384899109,0.953722739716263,0.972549709835663,"cognps_random_slope"
"10176","CHTF18","Mic P2RY12",-0.27209505965802,3.35138438241602,0.134041720718022,0.714492987387399,0.975327034936739,0.990078557920128,"cognps_random_slope"
"10177","PRR25","Mic P2RY12",0.538725707857367,3.38161401535706,0.599239636229228,0.439376879728722,0.855453953980038,0.897181690911425,"cognps_random_slope"
"10178","LMF1","Mic P2RY12",0.272016261471693,6.46696699001273,1.06335798736339,0.303143546490199,0.763833474593217,0.824163087209446,"cognps_random_slope"
"10179","UBE2I","Mic P2RY12",-0.2546770825933,6.18922979277956,0.86694940851368,0.352425846006388,0.800932055818419,0.852611072866339,"cognps_random_slope"
"10180","BAIAP3","Mic P2RY12",2.07818250771573,3.61064057350754,9.04056117899658,0.00282618490115018,0.11004659914288,0.157590933623265,"cognps_random_slope"
"10181","TSR3","Mic P2RY12",-0.59765332858368,3.25496193400933,0.662243541052856,0.416307483915276,0.840250956792134,0.886196345671805,"cognps_random_slope"
"10182","GNPTG","Mic P2RY12",-0.0535741481507471,5.10392297284235,0.0231262330228382,0.879214544179554,0.999765323016076,0.999791880761836,"cognps_random_slope"
"10183","UNKL","Mic P2RY12",0.34736429372024,4.97790451479439,0.49811821721,0.480785054689378,0.880672569422136,0.916720150369758,"cognps_random_slope"
"10184","CCDC154","Mic P2RY12",0.798123428013212,3.80719261772855,1.86153773914624,0.173300591841982,0.645854089686386,0.722173203526035,"cognps_random_slope"
"10185","CLCN7","Mic P2RY12",-0.125494496389921,6.18875881535203,0.150599514552934,0.851192475776737,0.999765323016076,0.999791880761836,"cognps_random_slope"
"10186","TELO2","Mic P2RY12",1.06187352611859,4.59386790227706,5.58676871455008,0.0186277797312829,0.268502696681648,0.354508197852834,"cognps_random_slope"
"10187","IFT140","Mic P2RY12",-0.185408809924856,4.31417280785007,0.160113407532045,0.691054433509403,0.967371458045907,0.984049474704472,"cognps_random_slope"
"10188","CRAMP1","Mic P2RY12",0.070932344860536,3.4517235545531,0.0123942112888401,0.911417335329213,0.999765323016076,0.999791880761836,"cognps_random_slope"
"10189","JPT2","Mic P2RY12",-0.36866138431608,4.41811851546617,0.673078599373168,0.412523772762543,0.837737699468228,0.884231646409158,"cognps_random_slope"
"10190","MAPK8IP3","Mic P2RY12",0.269735704515711,6.96198560322965,1.18706714261639,0.276651475604054,0.747729838698361,0.807787550604954,"cognps_random_slope"
"10191","NME3","Mic P2RY12",0.202864638989361,5.82334379351159,0.287121274779444,0.592402455325827,0.932986873172101,0.95650743789449,"cognps_random_slope"
"10192","MRPS34","Mic P2RY12",-0.433341044335651,4.35527322922691,0.697890424790941,0.404048105923966,0.83212673543677,0.879612258406316,"cognps_random_slope"
"10193","EME2","Mic P2RY12",-0.415906324136626,4.49943770495168,0.713009851774873,0.399007781421894,0.829488070104669,0.877897744901724,"cognps_random_slope"
"10194","SPSB3","Mic P2RY12",-0.412345843496614,5.51051005677679,0.87536894226716,0.350101058128455,0.799426324952662,0.851092123733665,"cognps_random_slope"
"10195","NUBP2","Mic P2RY12",-0.080378853731794,3.78241875914183,0.0159607737147379,0.899536597000477,0.999765323016076,0.999791880761836,"cognps_random_slope"
"10196","HAGH","Mic P2RY12",0.233390568335866,5.93692373551897,0.466199252783984,0.495180495897434,0.885549288147852,0.921047479733976,"cognps_random_slope"
"10197","FAHD1","Mic P2RY12",0.0930009743735844,3.71680435413564,0.0218223040644663,0.882643580286677,0.999765323016076,0.999791880761836,"cognps_random_slope"
"10198","MSRB1","Mic P2RY12",-0.518587518243399,2.87985185837626,0.38497439494809,0.535345961551662,0.906974871144605,0.936747958639949,"cognps_random_slope"
"10199","NDUFB10","Mic P2RY12",-0.207572550926038,4.07419889954429,0.131339455359511,0.997419477076025,0.999765323016076,0.999791880761836,"cognps_random_slope"
"10200","RPS2","Mic P2RY12",-1.19776351395475,6.53414780612203,6.57863579099588,0.0107260788698128,0.204758095348093,0.27737301592694,"cognps_random_slope"
"10201","SNHG9","Mic P2RY12",-0.368847851066997,4.26241821126584,0.44081485069941,0.507154847377941,0.891301972336335,0.925998040698827,"cognps_random_slope"
"10202","GFER","Mic P2RY12",-0.639472570194337,3.12200665635575,0.68529237807892,0.432437641061226,0.850045097949423,0.893445038313404,"cognps_random_slope"
"10203","SYNGR3","Mic P2RY12",0.751367963413829,3.33094729063812,0.890261399598613,0.346039913969327,0.795476701806109,0.84730906678079,"cognps_random_slope"
"10204","ZNF598","Mic P2RY12",-0.211165903900453,3.89440970764478,0.146613269276341,0.702019295861379,0.97125171877701,0.986182132743233,"cognps_random_slope"
"10205","NTHL1","Mic P2RY12",-0.495879050275194,3.01154616570757,0.38271585129884,0.536544966960728,0.907124922871798,0.936979572434518,"cognps_random_slope"
"10206","TSC2","Mic P2RY12",0.553199095358033,5.79647739958069,3.39347788554417,0.0662778668702933,0.469213223209642,0.560515038951995,"cognps_random_slope"
"10207","PKD1","Mic P2RY12",0.125832236507095,5.75669379253602,0.112492431345246,0.737519753401862,0.980436558830992,0.994247512606934,"cognps_random_slope"
"10208","RAB26","Mic P2RY12",1.19415102645028,3.3306445711555,2.42207624027176,0.120515828562131,0.579695842986762,0.659933075888795,"cognps_random_slope"
"10209","SNHG19","Mic P2RY12",-0.753531675965076,4.16733977194214,1.42796577025834,0.23288416718514,0.713984505367052,0.776521381336779,"cognps_random_slope"
"10210","TRAF7","Mic P2RY12",-0.522237671791216,4.08531820396111,1.01226773233869,0.315036640112299,0.770261998566852,0.829537614030808,"cognps_random_slope"
"10211","CASKIN1","Mic P2RY12",0.261102694219934,2.9620898827675,0.0982696764949652,0.754097791623215,0.982268354911735,0.994998852417964,"cognps_random_slope"
"10212","MLST8","Mic P2RY12",0.75323473492968,3.63640964462901,1.42482837419437,0.233397114003921,0.714349811962319,0.776994307047429,"cognps_random_slope"
"10213","BRICD5","Mic P2RY12",0.49447144043639,3.92650955064307,0.741658357082353,0.389703981923325,0.824594876226751,0.873243233725706,"cognps_random_slope"
"10214","PGP","Mic P2RY12",-0.629990432899084,6.17222620226381,2.70399480190419,0.100970972674595,0.541895076016119,0.627043127648766,"cognps_random_slope"
"10215","E4F1","Mic P2RY12",0.854871887535902,4.1990166986622,2.41882712895254,0.120764218782675,0.580009673307368,0.660503517595267,"cognps_random_slope"
"10216","ECI1","Mic P2RY12",-0.825696099704439,4.68080247286283,3.97886103521965,0.0468290895888488,0.407589519813096,0.501503703102968,"cognps_random_slope"
"10217","RNPS1","Mic P2RY12",-0.175928404790467,6.08083443075027,0.495787545766875,0.481812585173662,0.881229760326498,0.916739510069731,"cognps_random_slope"
"10218","ABCA3","Mic P2RY12",0.0336327102750053,4.81334658044663,0.00652852741855937,0.935646508191674,0.999765323016076,0.999791880761836,"cognps_random_slope"
"10219","CCNF","Mic P2RY12",0.640120348774313,2.79560499558529,0.491954651297269,0.483510290037571,0.881462467904707,0.916739510069731,"cognps_random_slope"
"10220","AMDHD2","Mic P2RY12",0.578259772178492,4.78164721978729,1.35420455391758,0.245315900116664,0.726811407020191,0.787714514449905,"cognps_random_slope"
"10221","PDPK1","Mic P2RY12",0.164282218901316,6.97146264865031,0.450618140694816,0.502472490918949,0.889985970235902,0.924678990104294,"cognps_random_slope"
"10222","AC093525.4","Mic P2RY12",-0.208859299720194,4.58578079138116,0.180324293787239,0.67134863122259,0.961190492202343,0.978191358554469,"cognps_random_slope"
"10223","KCTD5","Mic P2RY12",0.185933265322929,5.35528604618849,0.285719227505545,0.59330719964465,0.933534082709634,0.956961229461436,"cognps_random_slope"
"10224","SRRM2","Mic P2RY12",-0.0293753947501811,8.57889070798852,0.0123140450309888,0.911703097158997,0.999765323016076,0.999791880761836,"cognps_random_slope"
"10225","ELOB","Mic P2RY12",-0.75628474396634,4.33869582950191,1.57246129580971,0.210664427737262,0.691204591969072,0.757122512886428,"cognps_random_slope"
"10226","FLYWCH2","Mic P2RY12",-0.0208445425373618,3.53074098329792,0.000759092084241479,0.978035046302791,0.999765323016076,0.999791880761836,"cognps_random_slope"
"10227","FLYWCH1","Mic P2RY12",0.819301591117147,5.10855311202276,4.14089749730508,0.0425919649251269,0.392015743105512,0.48496760062474,"cognps_random_slope"
"10228","TNFRSF12A","Mic P2RY12",-1.78331290466268,3.28944727173391,4.52330517261372,0.0341164982177326,0.352916829082006,0.446107911061896,"cognps_random_slope"
"10229","HCFC1R1","Mic P2RY12",0.370272618008588,3.89890274613373,0.395903381837382,0.72937779905536,0.977924377749008,0.992735737523133,"cognps_random_slope"
"10230","THOC6","Mic P2RY12",-2.37962833478475,3.62008039744003,13.8807718950072,0.000226098100375609,0.0359587299138796,0.0548933450647856,"cognps_random_slope"
"10231","MMP25-AS1","Mic P2RY12",-0.69311890131707,3.51660066613121,1.44115280666236,0.230743033736015,0.712321445541658,0.774352738252227,"cognps_random_slope"
"10232","AC108134.3","Mic P2RY12",0.685575622278917,3.37472995459077,0.670699859784063,0.413350074004552,0.83888402147211,0.884909070214854,"cognps_random_slope"
"10233","ZNF213-AS1","Mic P2RY12",-0.454646458227555,4.00610495081784,0.851643544054013,0.570150643946965,0.923355952776136,0.949247646187554,"cognps_random_slope"
"10234","ZNF213","Mic P2RY12",1.07141452026962,3.75600214474732,2.35489809044235,0.125769305151553,0.585608532961558,0.663888781231975,"cognps_random_slope"
"10235","ZNF200","Mic P2RY12",0.269510000884586,3.6316296936931,0.181790407736277,0.684248721605995,0.96526547799949,0.981938174288632,"cognps_random_slope"
"10236","ZNF263","Mic P2RY12",-0.127378034509089,5.39795046726695,0.0754164326842595,0.783765484578735,0.990117185051922,0.999731293681804,"cognps_random_slope"
"10237","TIGD7","Mic P2RY12",0.986099742433624,3.87374101967569,2.88225096982806,0.0904258212577633,0.522551285327851,0.60731970360762,"cognps_random_slope"
"10238","ZNF75A","Mic P2RY12",0.267307739211953,5.4832946635049,0.525486170487534,0.468982156429981,0.873121795129168,0.911773055538053,"cognps_random_slope"
"10239","AC025283.3","Mic P2RY12",0.195788395505522,3.45525193578941,0.0881288139933753,0.766740979624993,0.985825844038422,0.996584922860264,"cognps_random_slope"
"10240","ZSCAN32","Mic P2RY12",0.244879835843004,3.96185617367159,0.219098555460166,0.640011182592595,0.950500871658043,0.97040644005083,"cognps_random_slope"
"10241","NAA60","Mic P2RY12",0.264814875580453,4.11413438643279,0.324229192836558,0.569432548288966,0.923286821490675,0.949073872389288,"cognps_random_slope"
"10242","CLUAP1","Mic P2RY12",0.778067440685852,4.04294476558438,2.16254969794015,0.142284249278963,0.607632640085206,0.684695496263439,"cognps_random_slope"
"10243","SLX4","Mic P2RY12",0.17207108756412,3.57859887681383,0.085280456645582,0.770433469047143,0.986443273387328,0.997526881305537,"cognps_random_slope"
"10244","DNASE1","Mic P2RY12",-0.118818021990176,6.05136795442735,0.111331324996868,0.738827966536651,0.980436558830992,0.994247512606934,"cognps_random_slope"
"10245","TRAP1","Mic P2RY12",0.295381578936195,5.77206994706464,0.762897558724684,0.383006103547364,0.819914503776075,0.870109419832553,"cognps_random_slope"
"10246","CREBBP","Mic P2RY12",0.0268753131738813,8.24717660481819,0.0178739719549264,0.893719668193216,0.999765323016076,0.999791880761836,"cognps_random_slope"
"10247","ADCY9","Mic P2RY12",0.169491863814721,5.98345418836865,0.150894409772428,0.697911948965747,0.969543562077396,0.984989885855413,"cognps_random_slope"
"10248","TFAP4","Mic P2RY12",-0.0603625539718238,4.06268034792987,0.013520294616101,0.968000004321037,0.999765323016076,0.999791880761836,"cognps_random_slope"
"10249","DNAJA3","Mic P2RY12",-0.906387368317113,5.26379971824997,6.30559760223758,0.0124735592200497,0.222580781768157,0.296329180838798,"cognps_random_slope"
"10250","NMRAL1","Mic P2RY12",0.23755261869282,4.43600328918906,0.286175936770437,0.595946521111329,0.93511989159524,0.95808998326772,"cognps_random_slope"
"10251","HMOX2","Mic P2RY12",-0.0493219289172635,4.67716169079573,0.0122176406646172,0.94514132257478,0.999765323016076,0.999791880761836,"cognps_random_slope"
"10252","CDIP1","Mic P2RY12",0.204143634380733,4.85793088050503,0.249755289688155,0.617553063489268,0.941696996000635,0.963917775753802,"cognps_random_slope"
"10253","C16orf96","Mic P2RY12",2.09985124851295,2.86501628912041,5.06610443111652,0.0250016589309569,0.307382781040141,0.397785744953016,"cognps_random_slope"
"10254","UBALD1","Mic P2RY12",0.498996822024197,4.09337121763804,0.863887104506222,0.353276639946596,0.802044341720686,0.853566462863502,"cognps_random_slope"
"10255","MGRN1","Mic P2RY12",0.21347404644915,6.64271531344311,0.575370999401017,0.448629304762544,0.860343633818381,0.901698107860528,"cognps_random_slope"
"10256","NUDT16L1","Mic P2RY12",0.669406238897016,3.91172714973037,1.16925528272187,0.280278876189697,0.750450717615308,0.811324991036345,"cognps_random_slope"
"10257","ANKS3","Mic P2RY12",0.482092696455284,5.52567399220392,2.60062898811664,0.107698469036555,0.555406502382066,0.639619126290439,"cognps_random_slope"
"10258","ZNF500","Mic P2RY12",0.309613872467427,4.37925978442954,0.442195050464218,0.506491099267881,0.891301972336335,0.925861878317206,"cognps_random_slope"
"10259","ROGDI","Mic P2RY12",0.53243977034678,4.25883657224772,0.958880707296836,0.328127310783416,0.781740405134397,0.838554421741862,"cognps_random_slope"
"10260","GLYR1","Mic P2RY12",-0.082608896452132,6.80855513559163,0.112879965801767,0.737084793124671,0.9803169226542,0.994230983666131,"cognps_random_slope"
"10261","UBN1","Mic P2RY12",0.340332874763331,5.83372888410183,1.3968610819084,0.328539807605173,0.781740405134397,0.838646961329102,"cognps_random_slope"
"10262","NAGPA","Mic P2RY12",-0.123139349320293,4.28198725356876,0.0698370355530566,0.791725582296041,0.99096280857451,0.999791880761836,"cognps_random_slope"
"10263","ALG1","Mic P2RY12",0.0267372666945336,4.45033159786956,0.00283727784252129,0.966559578773968,0.999765323016076,0.999791880761836,"cognps_random_slope"
"10264","EEF2KMT","Mic P2RY12",-0.355067354155711,3.02078954813671,0.203341568547842,0.652308807048334,0.954420308107869,0.973494108193761,"cognps_random_slope"
"10265","AC026458.2","Mic P2RY12",0.297585606096553,2.89280629426615,0.13447075545524,0.714056567482972,0.975327034936739,0.990078557920128,"cognps_random_slope"
"10266","RBFOX1","Mic P2RY12",1.60292953193338,7.10341238519024,8.45023983602891,0.00387622349553177,0.127629658632976,0.182441458678004,"cognps_random_slope"
"10267","METTL22","Mic P2RY12",0.203411690060554,5.03828446781546,0.314624616625007,0.575205411377179,0.924900775009009,0.950322446996267,"cognps_random_slope"
"10268","ABAT","Mic P2RY12",0.639862317882026,6.10250315941706,3.64452157593509,0.0570496155436846,0.443715553047543,0.537252958409511,"cognps_random_slope"
"10269","TMEM186","Mic P2RY12",2.28320552024056,3.09447831667818,7.43931166441414,0.00669435673140562,0.160863936801003,0.221747540920322,"cognps_random_slope"
"10270","PMM2","Mic P2RY12",-0.22427746076835,6.52352867709567,0.254778466028822,0.614039476172759,0.940399122416995,0.963193991500448,"cognps_random_slope"
"10271","AC022167.2","Mic P2RY12",0.195247497662292,3.26338705164367,0.0605287054267766,0.805802598457317,0.993231645669267,0.999791880761836,"cognps_random_slope"
"10272","CARHSP1","Mic P2RY12",-1.23629745739593,4.27740492778189,4.16854914588315,0.0419103259185363,0.38953414431472,0.483031951804167,"cognps_random_slope"
"10273","USP7","Mic P2RY12",-0.602753700510428,6.36288196898043,5.52104512736483,0.0236766157745713,0.299724500347069,0.389487731768051,"cognps_random_slope"
"10274","C16orf72","Mic P2RY12",-0.157493482578179,5.96001286454134,0.291994233349884,0.589279887800298,0.931773521595925,0.955596578807635,"cognps_random_slope"
"10275","AC087190.1","Mic P2RY12",-0.569422908949678,3.00809207213114,0.299005858728825,0.584845451331508,0.929165843899649,0.953140774160537,"cognps_random_slope"
"10276","GRIN2A","Mic P2RY12",1.43585487569488,4.7406583363413,4.65211453734325,0.0316774841619504,0.344876337499984,0.436122190240716,"cognps_random_slope"
"10277","ATF7IP2","Mic P2RY12",-0.315701340258082,7.70891875958648,1.0855410510718,0.298161186108819,0.761720364612185,0.822125201513509,"cognps_random_slope"
"10278","EMP2","Mic P2RY12",-3.94513156046336,4.13861894737752,21.3106783825185,5.44353972660684e-06,0.00483042796938128,0.00812640837024857,"cognps_random_slope"
"10279","NUBP1","Mic P2RY12",0.403635167408669,5.44989234046374,1.699946859809,0.215927957013526,0.696553249426591,0.76205024300419,"cognps_random_slope"
"10280","TVP23A","Mic P2RY12",-0.312943262843713,5.17924259242805,0.287881556252085,0.591913032788727,0.932951118731112,0.95650743789449,"cognps_random_slope"
"10281","AC133065.1","Mic P2RY12",-1.1804507689716,3.44310444652555,2.18101341861473,0.140597549669805,0.605445939307539,0.682111417539437,"cognps_random_slope"
"10282","CIITA","Mic P2RY12",-0.128947916645622,8.43354925869092,0.126078400108604,0.722741400417944,0.976553489312449,0.991928003437538,"cognps_random_slope"
"10283","DEXI","Mic P2RY12",-0.0226033286302816,5.1991416980065,0.00355706719517072,0.952474568635982,0.999765323016076,0.999791880761836,"cognps_random_slope"
"10284","CLEC16A","Mic P2RY12",-0.0605345677143212,7.98303532339833,0.0669158899312438,0.924746540402007,0.999765323016076,0.999791880761836,"cognps_random_slope"
"10285","AC007014.1","Mic P2RY12",-1.47457282889695,3.47421179428936,3.30127771426399,0.070058243945053,0.47973966638102,0.57082150695382,"cognps_random_slope"
"10286","AC007220.1","Mic P2RY12",-0.629585141775424,3.26004059482747,0.690179207705917,0.468513938411476,0.872768906733974,0.911648945086448,"cognps_random_slope"
"10287","AC099489.1","Mic P2RY12",-1.39574718689064,4.19732077390386,5.08992755019981,0.0246653377658705,0.305207932964386,0.395786505289359,"cognps_random_slope"
"10288","LITAF","Mic P2RY12",-1.17541263425931,6.8302820715632,4.95178561150355,0.0266834196937966,0.316370326197529,0.407008243693855,"cognps_random_slope"
"10289","SNN","Mic P2RY12",-0.178595477879713,3.52491690474627,0.0597121783094909,0.807090788987395,0.993352542948726,0.999791880761836,"cognps_random_slope"
"10290","TXNDC11","Mic P2RY12",-0.165033607134724,6.45160639831021,0.272557250254271,0.944583255054636,0.999765323016076,0.999791880761836,"cognps_random_slope"
"10291","ZC3H7A","Mic P2RY12",-0.37956829256069,6.73605186947189,2.4665312598844,0.117173701223022,0.573971293403957,0.653369898372925,"cognps_random_slope"
"10292","RSL1D1","Mic P2RY12",-0.271352625901536,4.3771053537739,0.276583610907519,0.599273377405698,0.936283425111275,0.959054741582592,"cognps_random_slope"
"10293","AC007216.4","Mic P2RY12",-0.42344496129768,5.09679849104548,1.29666466094526,0.255581327299622,0.731366298748306,0.792303485302201,"cognps_random_slope"
"10294","GSPT1","Mic P2RY12",-0.542075876728886,6.43648227847117,3.87560190754889,0.0497603312292256,0.417939219384424,0.510316389867414,"cognps_random_slope"
"10295","SNX29","Mic P2RY12",0.282376417565746,9.64965104743916,0.993245283454192,0.31962058305066,0.774041290465206,0.832055998512576,"cognps_random_slope"
"10296","AC010333.2","Mic P2RY12",0.368999608790956,2.49568803513316,0.097851743213689,0.754604336528342,0.982268354911735,0.995002618261286,"cognps_random_slope"
"10297","CPPED1","Mic P2RY12",-0.299845521351002,6.68021689515037,0.670552782527113,0.413401244519201,0.83888402147211,0.884934585803778,"cognps_random_slope"
"10298","AC109597.1","Mic P2RY12",-0.711266750509912,2.82533398410477,0.480533182342105,0.488628344901651,0.883089474042755,0.918010502983977,"cognps_random_slope"
"10299","SHISA9","Mic P2RY12",2.62646346408868,3.69055348561657,10.7215946624735,0.00116173168826928,0.07448979116984,0.105729831777795,"cognps_random_slope"
"10300","ERCC4","Mic P2RY12",0.515316607337419,4.88579138309797,1.8801700582742,0.171169828086696,0.64374484958574,0.721053105804552,"cognps_random_slope"
"10301","MKL2","Mic P2RY12",0.0147997997507823,6.70067673651864,0.0027397861560357,0.958284479944598,0.999765323016076,0.999791880761836,"cognps_random_slope"
"10302","PARN","Mic P2RY12",0.588232613440999,6.98391274509839,6.55827885895245,0.0108471966125146,0.205918108983221,0.27737301592694,"cognps_random_slope"
"10303","BFAR","Mic P2RY12",-0.234137257561855,5.20361337892358,0.491232061429583,0.483831452804794,0.881462467904707,0.916739510069731,"cognps_random_slope"
"10304","NOMO1","Mic P2RY12",-0.699254174636987,4.48595484793139,2.54564114570722,0.132541082930568,0.592821635007631,0.670437225638243,"cognps_random_slope"
"10305","NPIPA1","Mic P2RY12",-0.869634113478254,3.9050250567538,1.90500717627672,0.168376276033849,0.639771512789088,0.717501248579107,"cognps_random_slope"
"10306","PDXDC1","Mic P2RY12",-0.100376662237649,7.02439122476769,0.172071269246062,0.755465191110761,0.982962972295654,0.995374805990632,"cognps_random_slope"
"10307","NTAN1","Mic P2RY12",-0.500423097574208,4.13020851223849,1.00493593308405,0.316793121624919,0.772021208018829,0.830766654301943,"cognps_random_slope"
"10308","RRN3","Mic P2RY12",0.145087289744674,4.85449530696977,0.149329078329084,0.926703131204559,0.999765323016076,0.999791880761836,"cognps_random_slope"
"10309","C16orf45","Mic P2RY12",0.336325116549664,4.39264348254503,0.319246663127469,0.572413009964002,0.924344761669553,0.949774894686965,"cognps_random_slope"
"10310","MARF1","Mic P2RY12",-0.0906085010523601,6.16153979849754,0.0594644001877826,0.807483539322435,0.993398229180203,0.999791880761836,"cognps_random_slope"
"10311","NDE1","Mic P2RY12",0.294600510934872,6.06091622196219,0.740487211608491,0.390078165986133,0.82465061080051,0.873321794835107,"cognps_random_slope"
"10312","MYH11","Mic P2RY12",-0.706671501737604,3.34577349461431,0.796008871899918,0.372885913435362,0.813585823176047,0.864888160329242,"cognps_random_slope"
"10313","FOPNL","Mic P2RY12",-0.569020061074152,4.4470627611895,1.61906180873852,0.294694708084684,0.759527186981709,0.820132353261228,"cognps_random_slope"
"10314","ABCC1","Mic P2RY12",0.564588854959285,6.082514363976,2.22504660579973,0.136665206198433,0.601269752075375,0.678086167366028,"cognps_random_slope"
"10315","ABCC6","Mic P2RY12",-1.88225608280684,3.74516573972759,5.08511011701559,0.0247329649355015,0.305288362316625,0.396141600666734,"cognps_random_slope"
"10316","NOMO3","Mic P2RY12",-0.565371479374051,3.61658843819537,0.729413190738155,0.393641994658795,0.825891329528442,0.875558284291883,"cognps_random_slope"
"10317","XYLT1","Mic P2RY12",-0.615758769946459,7.02265151149448,1.0227882567575,0.312538479406453,0.769796612435867,0.828989115276752,"cognps_random_slope"
"10318","NPIPA8","Mic P2RY12",-0.332890152046366,2.78138495201233,0.095665509023853,0.757273658340096,0.983190954097967,0.995414674993652,"cognps_random_slope"
"10319","NOMO2","Mic P2RY12",-0.0230485137356032,3.82902584438844,0.00198263087330127,0.964509248074503,0.999765323016076,0.999791880761836,"cognps_random_slope"
"10320","RPS15A","Mic P2RY12",-1.11167537303245,4.24351107956394,2.73053976953109,0.0993187548211554,0.537560520252725,0.623539007406861,"cognps_random_slope"
"10321","SMG1","Mic P2RY12",-0.459148380834806,7.81352788251887,5.87993001024492,0.0158063774042957,0.247891105095161,0.330459807893156,"cognps_random_slope"
"10322","TMC7","Mic P2RY12",0.85790488769054,4.23400161926223,1.89361364484998,0.169651192350037,0.641793171574778,0.719523283642234,"cognps_random_slope"
"10323","COQ7","Mic P2RY12",0.223967315636559,4.07690373399162,0.143316288521021,0.70522956320295,0.972206470596197,0.987249090096017,"cognps_random_slope"
"10324","AC099518.1","Mic P2RY12",0.143708903278807,3.34209619330482,0.0374075862400458,0.991386335131828,0.999765323016076,0.999791880761836,"cognps_random_slope"
"10325","AC099518.3","Mic P2RY12",0.957561150117911,4.27450857810004,2.54653478267072,0.111414803958874,0.562785445854834,0.646051120178195,"cognps_random_slope"
"10326","SYT17","Mic P2RY12",0.228860013835681,8.24129997588462,0.528027523348369,0.46791001876057,0.872472820566356,0.911648945086448,"cognps_random_slope"
"10327","CLEC19A","Mic P2RY12",-0.0529206443896383,5.12756411176837,0.00463490361923561,0.94575968580433,0.999765323016076,0.999791880761836,"cognps_random_slope"
"10328","GDE1","Mic P2RY12",-0.203062027743625,4.4599794571907,0.187323676003191,0.711100953105671,0.973930448445441,0.989006563628578,"cognps_random_slope"
"10329","CCP110","Mic P2RY12",0.110895391817506,5.24258842624053,0.10954409846003,0.901526264547592,0.999765323016076,0.999791880761836,"cognps_random_slope"
"10330","VPS35L","Mic P2RY12",0.0449219101918552,7.36761875814698,0.0445614476850737,0.832932063604123,0.999366959106503,0.999791880761836,"cognps_random_slope"
"10331","KNOP1","Mic P2RY12",-0.39151705150768,5.21863912519376,0.569270473509593,0.451042728672136,0.862995946164378,0.903648655284219,"cognps_random_slope"
"10332","IQCK","Mic P2RY12",0.831500286651907,3.561098666223,1.3377299150558,0.248202411153839,0.727506673637925,0.787883147226809,"cognps_random_slope"
"10333","GPRC5B","Mic P2RY12",0.84012284865996,3.58165891615045,1.26378101947349,0.261686415270467,0.73538817247855,0.796065864541977,"cognps_random_slope"
"10334","ACSM5","Mic P2RY12",0.14710894912514,6.20558977705764,0.0888636801561486,0.765798900898404,0.98526027946808,0.996584922860264,"cognps_random_slope"
"10335","ACSM3","Mic P2RY12",-0.891627036728471,3.15535130177436,0.99101613887767,0.320163485788272,0.774041290465206,0.832055998512576,"cognps_random_slope"
"10336","THUMPD1","Mic P2RY12",0.0609749356159899,5.09351690313876,0.030436706314815,0.864083612862964,0.999765323016076,0.999791880761836,"cognps_random_slope"
"10337","AC004381.1","Mic P2RY12",1.92994811616161,2.8232527772216,4.12006833624231,0.0431131496079384,0.394105946723044,0.487699928705956,"cognps_random_slope"
"10338","ERI2","Mic P2RY12",0.966147676107679,4.21893456578384,3.10047907479807,0.0791191397294763,0.498249808042628,0.585024927911133,"cognps_random_slope"
"10339","REXO5","Mic P2RY12",0.501465506486206,2.65576026625249,0.226257601292763,0.634601552862354,0.949736241790035,0.96938085299016,"cognps_random_slope"
"10340","LYRM1","Mic P2RY12",0.0829260051456739,3.83496730212085,0.023196233577802,0.879033290969066,0.999765323016076,0.999791880761836,"cognps_random_slope"
"10341","DNAH3","Mic P2RY12",-1.67076032988278,2.61395716438067,2.81815080699342,0.0940723541435967,0.530805733843511,0.614712396418889,"cognps_random_slope"
"10342","TMEM159","Mic P2RY12",0.0464241429082465,3.32063958743583,0.00461787880969945,0.945859240565294,0.999765323016076,0.999791880761836,"cognps_random_slope"
"10343","CRYM","Mic P2RY12",2.20059155189479,3.64935512844524,5.3327070140817,0.0214949497984503,0.287766056192839,0.375590431167857,"cognps_random_slope"
"10344","NPIPB3","Mic P2RY12",-1.58502096280609,3.12294117346918,4.48716566320344,0.0348356411887361,0.355701793010342,0.449296070137331,"cognps_random_slope"
"10345","METTL9","Mic P2RY12",-0.253133940060084,6.82748233672383,0.424553677524857,0.515089713066763,0.894942542151003,0.928385153467388,"cognps_random_slope"
"10346","IGSF6","Mic P2RY12",0.582887749819409,5.50682173296503,1.08615627459228,0.298024517743523,0.761720364612185,0.822068227825695,"cognps_random_slope"
"10347","OTOA","Mic P2RY12",0.111029967418693,3.27228958537721,0.0179072741057579,0.893621296045446,0.999765323016076,0.999791880761836,"cognps_random_slope"
"10348","NPIPB4","Mic P2RY12",-0.182978874420165,4.93902105347945,0.189054015881686,0.663965911772716,0.957859864700565,0.975512907897142,"cognps_random_slope"
"10349","AC092119.2","Mic P2RY12",-0.151054669920773,2.79907367705454,0.0234998339552876,0.964273944533848,0.999765323016076,0.999791880761836,"cognps_random_slope"
"10350","UQCRC2","Mic P2RY12",0.315833425452693,6.19031552744342,1.47112389341955,0.225964559295403,0.706583534051226,0.769637329131246,"cognps_random_slope"
"10351","MOSMO","Mic P2RY12",-0.0813185673193411,6.72233088137554,0.101774206266111,0.89144110915972,0.999765323016076,0.999791880761836,"cognps_random_slope"
"10352","EEF2K","Mic P2RY12",0.0371176471466148,6.14664376101317,0.0145383386619929,0.904094980497416,0.999765323016076,0.999791880761836,"cognps_random_slope"
"10353","POLR3E","Mic P2RY12",0.283670526410926,4.97703693464673,0.581213526955827,0.446336776487203,0.85912242031442,0.900456510524871,"cognps_random_slope"
"10354","CDR2","Mic P2RY12",0.0820427668485911,6.6198892943842,0.0755763289817749,0.783542103762229,0.990117185051922,0.999731293681804,"cognps_random_slope"
"10355","NPIPB5","Mic P2RY12",-0.443035342165106,6.48202722699137,2.44608939648059,0.177631178935834,0.649327722018306,0.72417629821128,"cognps_random_slope"
"10356","HS3ST2","Mic P2RY12",-1.18026200363627,3.04323632170784,0.895395639949547,0.344654665284668,0.79495583871654,0.846771771087706,"cognps_random_slope"
"10357","USP31","Mic P2RY12",0.415524731825858,5.38545322732132,1.29261861073102,0.256322913434289,0.731824845243249,0.792766114230981,"cognps_random_slope"
"10358","COG7","Mic P2RY12",0.286244944161824,5.5741546211681,0.84307672772266,0.359133693168339,0.806997823664322,0.858420285648212,"cognps_random_slope"
"10359","AC008915.2","Mic P2RY12",0.283555201102949,2.87226775648069,0.104715670477092,0.746430493310297,0.982244103840787,0.994674014762625,"cognps_random_slope"
"10360","GGA2","Mic P2RY12",0.229263613420939,7.40441997445615,0.847604719884266,0.357847989734579,0.80651209391744,0.857560753508101,"cognps_random_slope"
"10361","EARS2","Mic P2RY12",-0.231077440735899,4.50092013901544,0.15066271990718,0.698132505596728,0.969600342781816,0.985128455822634,"cognps_random_slope"
"10362","UBFD1","Mic P2RY12",0.00275378999609724,4.27350080235999,6.64622812455708e-05,0.993499886297982,0.999765323016076,0.999791880761836,"cognps_random_slope"
"10363","NDUFAB1","Mic P2RY12",0.481244989107326,4.35609179684478,0.958948576498629,0.328110215978886,0.781740405134397,0.838554421741862,"cognps_random_slope"
"10364","PALB2","Mic P2RY12",-0.0913709907288665,4.64847328433911,0.0491991192892315,0.8245886711107,0.997442739805277,0.999791880761836,"cognps_random_slope"
"10365","DCTN5","Mic P2RY12",-0.259013513339728,5.38027049678451,0.479779139514706,0.506121724775435,0.891090914075268,0.925603545137578,"cognps_random_slope"
"10366","PRKCB","Mic P2RY12",-0.0384868009125787,8.70474606934424,0.012875317416907,0.909721693433306,0.999765323016076,0.999791880761836,"cognps_random_slope"
"10367","CACNG3","Mic P2RY12",0.801901150541077,3.33217409704096,0.916831818723504,0.338951455022605,0.791447630450517,0.844859240409862,"cognps_random_slope"
"10368","RBBP6","Mic P2RY12",0.157728326151893,6.65268491985745,0.437148959302542,0.508925100020858,0.892216806041276,0.92686940625012,"cognps_random_slope"
"10369","TNRC6A","Mic P2RY12",0.0801498455891374,8.20740699555344,0.196456303383499,0.657863063760263,0.955612931885691,0.973592644066785,"cognps_random_slope"
"10370","AC008731.1","Mic P2RY12",0.189633394688461,3.53277922348021,0.0481264217468247,0.82648057117607,0.997790670013024,0.999791880761836,"cognps_random_slope"
"10371","SLC5A11","Mic P2RY12",0.383195514601146,3.58166956663213,0.258331878859855,0.611580120706847,0.940207089318855,0.962787083397519,"cognps_random_slope"
"10372","ARHGAP17","Mic P2RY12",0.655390248213798,7.32053541535485,2.22476798291958,0.136689696017365,0.601269752075375,0.678086167366028,"cognps_random_slope"
"10373","LCMT1","Mic P2RY12",0.29957138538575,5.59970157936551,0.980708520375728,0.322689771413277,0.777064802643185,0.834485076452435,"cognps_random_slope"
"10374","ZKSCAN2","Mic P2RY12",0.922202624179065,2.85528107317725,1.0240874815762,0.644566903640693,0.951443629329721,0.970883120121208,"cognps_random_slope"
"10375","AC008741.2","Mic P2RY12",0.550574766405701,3.90388962849327,1.12338453613435,0.289902165978073,0.754951209924631,0.815960590758508,"cognps_random_slope"
"10376","HS3ST4","Mic P2RY12",-0.619277289226127,11.1760335405968,1.60147705831613,0.206513290805402,0.687744684414312,0.753550718449413,"cognps_random_slope"
"10377","KDM8","Mic P2RY12",0.449540959631886,3.36367451251635,0.438303537131827,0.819531433440405,0.995787536452522,0.999791880761836,"cognps_random_slope"
"10378","NSMCE1","Mic P2RY12",0.451804325921322,5.10166996369703,1.57261660786153,0.210641945626839,0.691204591969072,0.757122512886428,"cognps_random_slope"
"10379","AC106739.1","Mic P2RY12",0.403283945904055,3.92892571725833,0.435413887478889,0.50976668773413,0.892874576176326,0.92757788337094,"cognps_random_slope"
"10380","IL4R","Mic P2RY12",-0.0851387932171496,8.10296432720624,0.0207277222548114,0.885603809895654,0.999765323016076,0.999791880761836,"cognps_random_slope"
"10381","IL21R","Mic P2RY12",1.04429892638896,5.48126295301076,1.09476625614628,0.296120297232748,0.760207159604276,0.82085726068023,"cognps_random_slope"
"10382","GTF3C1","Mic P2RY12",-0.138625705235855,5.32491933983661,0.175713241553848,0.764189038654435,0.98423652341729,0.996228907152627,"cognps_random_slope"
"10383","KIAA0556","Mic P2RY12",0.22747725249913,6.05848268979987,0.548564705428834,0.459388043635293,0.866792533233255,0.907242372423074,"cognps_random_slope"
"10384","GSG1L","Mic P2RY12",0.714410308720867,2.70771819931263,0.630648310907824,0.427641312212818,0.847855638695508,0.891417072278873,"cognps_random_slope"
"10385","XPO6","Mic P2RY12",0.0553205779494293,7.27048093659006,0.0469103375875017,0.828652290343657,0.99852595020559,0.999791880761836,"cognps_random_slope"
"10386","CLN3","Mic P2RY12",-0.328220752749825,3.35934051967691,0.210813864177533,0.646407645790891,0.952302504420343,0.971486646800615,"cognps_random_slope"
"10387","APOBR","Mic P2RY12",-0.566557830785083,4.02265338138543,0.654229164321775,0.419139459619325,0.841404191357022,0.887205359811597,"cognps_random_slope"
"10388","IL27","Mic P2RY12",0.0253983805201997,3.04555166355125,0.00141395075863891,0.970025449554115,0.999765323016076,0.999791880761836,"cognps_random_slope"
"10389","NUPR1","Mic P2RY12",-2.42492727305228,4.25276373835529,6.04960746543553,0.0143793382231798,0.237604823093505,0.316584160392176,"cognps_random_slope"
"10390","SGF29","Mic P2RY12",-0.26151062852999,5.01994249610095,0.427513710315698,0.513629321855934,0.894942542151003,0.92830484233112,"cognps_random_slope"
"10391","SULT1A1","Mic P2RY12",0.940242229034571,4.34176803163195,1.98790246706313,0.159424612916462,0.62960268995345,0.706937631044709,"cognps_random_slope"
"10392","EIF3C","Mic P2RY12",0.165069838210432,3.17003902305668,0.0515629625262299,0.820494609041173,0.996686752697676,0.999791880761836,"cognps_random_slope"
"10393","AC145285.2","Mic P2RY12",0.710131969555106,2.99951163465589,0.733935901670403,0.392180868104066,0.825293567800476,0.874623554902867,"cognps_random_slope"
"10394","ATXN2L","Mic P2RY12",-0.284146314720969,6.31355745891337,0.887263493197411,0.346852264474077,0.796050511208067,0.84730906678079,"cognps_random_slope"
"10395","TUFM","Mic P2RY12",-0.218972064323855,5.10773074787683,0.294614235199411,0.587614901584997,0.931027109971688,0.95504462696017,"cognps_random_slope"
"10396","SH2B1","Mic P2RY12",-0.101894199560038,5.4219442853555,0.0979511405434609,0.754483757131376,0.982268354911735,0.994998852417964,"cognps_random_slope"
"10397","AC133550.2","Mic P2RY12",-0.658686357123638,3.34727248131223,0.849325141671801,0.357361145853184,0.805821422779491,0.85713961189646,"cognps_random_slope"
"10398","RABEP2","Mic P2RY12",0.692702347133062,5.85722774505577,2.95920649209151,0.0862500795467026,0.511641951157184,0.5967269143314,"cognps_random_slope"
"10399","NFATC2IP","Mic P2RY12",-0.054201598960203,6.70704081248176,0.0556648685384164,0.813618165266025,0.994763030214352,0.999791880761836,"cognps_random_slope"
"10400","AC109460.2","Mic P2RY12",0.0121017945618695,3.09024085079599,7.55396432158385e-05,0.993070208988716,0.999765323016076,0.999791880761836,"cognps_random_slope"
"10401","SPNS1","Mic P2RY12",-0.0895408502108854,4.89530946454454,0.0523105375692048,0.890218416425626,0.999765323016076,0.999791880761836,"cognps_random_slope"
"10402","LAT","Mic P2RY12",0.138599131336698,3.45595441932408,0.0456251570078101,0.830979683418618,0.999278422244518,0.999791880761836,"cognps_random_slope"
"10403","AC009093.2","Mic P2RY12",0.177236149723465,6.4514427033101,0.204822186659745,0.651129237969733,0.95432062102672,0.973320402368331,"cognps_random_slope"
"10404","NPIPB11","Mic P2RY12",-0.517968560407525,3.40602698132257,0.476370198216769,0.490516254460051,0.883997892148889,0.918678554290124,"cognps_random_slope"
"10405","QPRT","Mic P2RY12",-0.124532457225131,4.30345568842593,0.0504563477517747,0.822398659367147,0.996726931048618,0.999791880761836,"cognps_random_slope"
"10406","KIF22","Mic P2RY12",1.16536096353625,3.51306663374791,3.56366326297102,0.0598621563448445,0.451508434578704,0.544299908237831,"cognps_random_slope"
"10407","MAZ","Mic P2RY12",0.0139618066929495,5.00330194315199,0.00119146033014802,0.972483608776927,0.999765323016076,0.999791880761836,"cognps_random_slope"
"10408","AC009133.1","Mic P2RY12",-0.25176024342054,2.9821486131476,0.0794444725940632,0.778213784567812,0.98974576254745,0.999508397105588,"cognps_random_slope"
"10409","MVP","Mic P2RY12",0.088658839735101,5.85779370556715,0.0536254215788511,0.817002445095697,0.995084767910246,0.999791880761836,"cognps_random_slope"
"10410","CDIPT","Mic P2RY12",0.657783809893353,4.23461178447504,1.7175091588575,0.19085032187035,0.668474951224401,0.738652145338495,"cognps_random_slope"
"10411","SEZ6L2","Mic P2RY12",1.49637997065906,4.19267473441914,3.78592961450791,0.052463941406488,0.430779715700843,0.523388818398865,"cognps_random_slope"
"10412","ASPHD1","Mic P2RY12",1.02399001694299,3.486186965824,1.87433471451885,0.171833881842911,0.644740804528061,0.722173203526035,"cognps_random_slope"
"10413","KCTD13","Mic P2RY12",-0.198781933762092,5.50950839108555,0.390526153242104,0.92298071514351,0.999765323016076,0.999791880761836,"cognps_random_slope"
"10414","TMEM219","Mic P2RY12",-0.879241956667695,5.21807617520176,5.7845452969726,0.0166722204872194,0.253546675396606,0.335902780057516,"cognps_random_slope"
"10415","TAOK2","Mic P2RY12",0.771564524363414,4.76302166276558,2.99758793098597,0.0842461927591585,0.507249839407335,0.594787555439735,"cognps_random_slope"
"10416","INO80E","Mic P2RY12",0.268222269604684,5.20851211213606,0.537931055471758,0.463769268652465,0.869438414152151,0.909426647105318,"cognps_random_slope"
"10417","DOC2A","Mic P2RY12",-0.664832396200914,5.31980546212396,1.59715795829636,0.207125011780415,0.688502593639964,0.753929563837255,"cognps_random_slope"
"10418","PPP4C","Mic P2RY12",-0.107104932915547,4.92413049945379,0.0664737019144097,0.796689484230603,0.992143902613387,0.999791880761836,"cognps_random_slope"
"10419","TBX6","Mic P2RY12",0.0999922266931631,3.12752265545066,0.013877414953556,0.906289961853637,0.999765323016076,0.999791880761836,"cognps_random_slope"
"10420","YPEL3","Mic P2RY12",-0.298726484406093,6.09660711382274,0.352013176656799,0.553348670785658,0.915245752257084,0.943022585445812,"cognps_random_slope"
"10421","GDPD3","Mic P2RY12",-0.300096612536859,3.65234331422582,0.173129215036177,0.677593811346379,0.963032358317531,0.980096514019067,"cognps_random_slope"
"10422","MAPK3","Mic P2RY12",-0.440952902367045,4.82405127173938,0.946252701733585,0.356074861340638,0.804816869088528,0.856041250596589,"cognps_random_slope"
"10423","CORO1A","Mic P2RY12",-0.91074291573302,6.67198456285374,6.05485547305764,0.0143373882385687,0.237604823093505,0.316584160392176,"cognps_random_slope"
"10424","NPIPB13","Mic P2RY12",-0.15726159987953,4.71080975918508,0.0998050621025267,0.752246959436521,0.982244103840787,0.994674014762625,"cognps_random_slope"
"10425","CD2BP2","Mic P2RY12",0.313224611707875,4.25286874690959,0.472001530767831,0.492510588905891,0.884735626300203,0.919785555573502,"cognps_random_slope"
"10426","TBC1D10B","Mic P2RY12",-0.146772502637792,4.35557023462971,0.112285766938493,0.999989789387705,0.999989789387705,0.999989789387705,"cognps_random_slope"
"10427","ZNF48","Mic P2RY12",-0.434515467999609,3.04019021780887,0.315243829844468,0.574829754566397,0.924900775009009,0.950322446996267,"cognps_random_slope"
"10428","SEPT1","Mic P2RY12",-0.723135420916458,2.93695778010238,0.835964717216189,0.361166017933743,0.808821157474949,0.859365474861873,"cognps_random_slope"
"10429","ZNF771","Mic P2RY12",0.495132002429874,3.57624006112285,0.663706269836516,0.415793685278397,0.840020089435867,0.886043564054802,"cognps_random_slope"
"10430","SEPHS2","Mic P2RY12",-0.668943993203976,3.59156858413128,1.14861876778942,0.284557165585199,0.753549217160752,0.813095273637445,"cognps_random_slope"
"10431","ITGAL","Mic P2RY12",-0.150975069306734,6.70591758327753,0.10563577398025,0.745357518732494,0.982244103840787,0.994674014762625,"cognps_random_slope"
"10432","ZNF768","Mic P2RY12",-0.0411116481076883,3.72443091171348,0.00481157206931394,0.944737245835981,0.999765323016076,0.999791880761836,"cognps_random_slope"
"10433","AC002310.4","Mic P2RY12",-1.51237942397101,3.29838711321168,5.40236198013972,0.0572697176385753,0.444138591478326,0.537589159489503,"cognps_random_slope"
"10434","AC002310.1","Mic P2RY12",-0.362279697995647,3.4008843530681,0.2549096812587,0.613948278820883,0.940399122416995,0.963193991500448,"cognps_random_slope"
"10435","ZNF688","Mic P2RY12",-0.159364999453541,3.6886641946774,0.0623428557101175,0.841671131803998,0.999765323016076,0.999791880761836,"cognps_random_slope"
"10436","ZNF785","Mic P2RY12",-0.195230603728624,5.34881950490633,0.295720436768635,0.589570855114115,0.931812599290513,0.955699951721867,"cognps_random_slope"
"10437","AC093249.2","Mic P2RY12",0.884808086853184,4.17369891171601,2.31316952760087,0.12916095330273,0.588940468807355,0.666354407449888,"cognps_random_slope"
"10438","ZNF689","Mic P2RY12",-0.0584757415789778,3.59110288729721,0.00736411283144459,0.931661707301052,0.999765323016076,0.999791880761836,"cognps_random_slope"
"10439","PRR14","Mic P2RY12",0.101650637084574,4.67238868488133,0.0500376337430213,0.853652262352266,0.999765323016076,0.999791880761836,"cognps_random_slope"
"10440","FBRS","Mic P2RY12",0.0312942059513068,5.06164673923485,0.00754357895346407,0.930836077662259,0.999765323016076,0.999791880761836,"cognps_random_slope"
"10441","AC093249.6","Mic P2RY12",-0.684128547255211,2.95454573192739,0.594778283002269,0.441083724206458,0.855818037073943,0.897358080721941,"cognps_random_slope"
"10442","SRCAP","Mic P2RY12",-0.24646681820906,3.03598599406175,0.107113623188462,0.743644894242069,0.982072175094771,0.994674014762625,"cognps_random_slope"
"10443","PHKG2","Mic P2RY12",0.325439342137929,5.06671593533659,0.917747979745391,0.33871055316267,0.79132847331467,0.844859240409862,"cognps_random_slope"
"10444","CCDC189","Mic P2RY12",1.239020970684,2.90387313253906,2.12471577906536,0.145812329026993,0.612508854637727,0.690182439200829,"cognps_random_slope"
"10445","RNF40","Mic P2RY12",0.190210370850276,4.99091033394975,0.276937838284184,0.944406772985893,0.999765323016076,0.999791880761836,"cognps_random_slope"
"10446","ZNF629","Mic P2RY12",-0.758786768262971,3.57655511419624,1.85328016832133,0.174254695877093,0.646420631530528,0.722173203526035,"cognps_random_slope"
"10447","BCL7C","Mic P2RY12",0.154838870378205,5.4809657187747,0.181694796169658,0.670175806818804,0.960390254014357,0.977508744679141,"cognps_random_slope"
"10448","MIR762HG","Mic P2RY12",0.709769800435204,3.85958966759062,1.44747158653643,0.229725518576038,0.71131046082197,0.773124618046989,"cognps_random_slope"
"10449","CTF1","Mic P2RY12",-0.498367793553945,3.00518468220532,0.340903016809744,0.559674472306491,0.919035785210717,0.945778925946953,"cognps_random_slope"
"10450","FBXL19","Mic P2RY12",0.102169630435976,4.33321036637159,0.0484840740811399,0.825847350594094,0.997708881464011,0.999791880761836,"cognps_random_slope"
"10451","ORAI3","Mic P2RY12",-0.0646122472497711,4.4122376964777,0.0178893883802719,0.893674117600231,0.999765323016076,0.999791880761836,"cognps_random_slope"
"10452","SETD1A","Mic P2RY12",0.0351730797789422,4.36153466613983,0.00576206063651355,0.939534311937396,0.999765323016076,0.999791880761836,"cognps_random_slope"
"10453","HSD3B7","Mic P2RY12",-0.511950437015995,2.97731728205382,0.31334572623026,0.575982814755891,0.924960191599137,0.950510353731555,"cognps_random_slope"
"10454","STX1B","Mic P2RY12",1.10687162391612,3.47415852912482,2.21096677263661,0.137908965886599,0.602185682399834,0.678608226205031,"cognps_random_slope"
"10455","STX4","Mic P2RY12",-0.117031390617557,4.9330223536394,0.0668716043158896,0.796095336199418,0.992143902613387,0.999791880761836,"cognps_random_slope"
"10456","AC135050.3","Mic P2RY12",-0.280571745538604,4.23802102558914,0.253956207316349,0.999456484162135,0.999765323016076,0.999793501740429,"cognps_random_slope"
"10457","ZNF668","Mic P2RY12",0.1255572683653,3.32271303552173,0.0362981540629215,0.849008591365602,0.999765323016076,0.999791880761836,"cognps_random_slope"
"10458","ZNF646","Mic P2RY12",-0.821047310856533,3.50164076442695,1.44282851547261,0.230472663808228,0.712282941519927,0.774109754385822,"cognps_random_slope"
"10459","BCKDK","Mic P2RY12",1.04191423221924,3.92218381072785,2.91544040298317,0.104522941526313,0.548009365960139,0.633209481515616,"cognps_random_slope"
"10460","KAT8","Mic P2RY12",-0.812110170202587,5.69062564275994,8.2228317281313,0.00438047064343992,0.136709614832009,0.192965814745649,"cognps_random_slope"
"10461","FUS","Mic P2RY12",-0.171561239110851,7.93591290323299,0.556381699515855,0.456209069297907,0.865333388169053,0.905598852945087,"cognps_random_slope"
"10462","PYCARD","Mic P2RY12",-0.407470611441362,4.76249160493849,0.559390049362832,0.454994902671287,0.865333388169053,0.905598852945087,"cognps_random_slope"
"10463","ITGAM","Mic P2RY12",0.43136163102349,7.96906858946173,2.69113974471826,0.101781918058433,0.542122211407414,0.627474252837671,"cognps_random_slope"
"10464","ITGAX","Mic P2RY12",0.518197117906358,8.21872530870501,1.18229335930181,0.277617814311767,0.748508050978738,0.808955340034323,"cognps_random_slope"
"10465","AC026471.4","Mic P2RY12",-0.0941691930053889,4.56154333742038,0.0409722105671027,0.839706033540533,0.999765323016076,0.999791880761836,"cognps_random_slope"
"10466","ARMC5","Mic P2RY12",0.847462555209193,3.48085648557865,1.5782722319331,0.209825208670079,0.690585692519488,0.756679341546191,"cognps_random_slope"
"10467","C16orf58","Mic P2RY12",0.622594114638272,5.05017104134114,2.90034134468107,0.11905452234639,0.576229632100339,0.655667621418989,"cognps_random_slope"
"10468","ZNF720","Mic P2RY12",0.505853096254798,5.70417204598806,2.638202843497,0.105197592021167,0.548848532166573,0.634277998147679,"cognps_random_slope"
"10469","ZNF267","Mic P2RY12",0.190825522478434,5.77604922648316,0.362081574673457,0.582671123354456,0.927911553662871,0.952321333625214,"cognps_random_slope"
"10470","SHCBP1","Mic P2RY12",0.872546018743071,3.27336482991424,1.14396174529897,0.285534089489748,0.753810845017123,0.813965679940345,"cognps_random_slope"
"10471","VPS35","Mic P2RY12",0.200854126510684,6.52474732020409,0.545215150474222,0.95760166340127,0.999765323016076,0.999791880761836,"cognps_random_slope"
"10472","ORC6","Mic P2RY12",1.44619495733886,2.7538115838177,2.76655567831047,0.117116831194137,0.573971293403957,0.653369898372925,"cognps_random_slope"
"10473","MYLK3","Mic P2RY12",-0.0941986981579356,2.95941366997219,0.0137325953567265,0.906777953871433,0.999765323016076,0.999791880761836,"cognps_random_slope"
"10474","C16orf87","Mic P2RY12",-0.222399232784962,5.22760706109877,0.403736407982535,0.525569991468256,0.901212632443347,0.932713571026006,"cognps_random_slope"
"10475","GPT2","Mic P2RY12",0.873821686652896,3.94829164832669,2.32697290257379,0.128027849905368,0.588279080112865,0.665657920588163,"cognps_random_slope"
"10476","DNAJA2","Mic P2RY12",-0.0296509990287946,4.232743890862,0.00575738354760585,0.939558809837223,0.999765323016076,0.999791880761836,"cognps_random_slope"
"10477","NETO2","Mic P2RY12",-0.22189976730296,5.57714692793087,0.148565939312288,0.700137465088112,0.970031635060782,0.98526570223945,"cognps_random_slope"
"10478","ITFG1","Mic P2RY12",0.269255434890774,8.54062293844568,2.2127737873198,0.137748630985803,0.602128284225921,0.678608226205031,"cognps_random_slope"
"10479","PHKB","Mic P2RY12",-0.138329549954254,7.7883388775404,0.47110705653894,0.492920600393696,0.884735626300203,0.919903672806468,"cognps_random_slope"
"10480","LINC02133","Mic P2RY12",-0.994790412887813,2.66274558489377,0.875122489420648,0.350168810245696,0.799426324952662,0.851114542088538,"cognps_random_slope"
"10481","LONP2","Mic P2RY12",-0.274211794809854,7.83380822105944,2.03749394225461,0.154330002898507,0.624072531334608,0.702335469387735,"cognps_random_slope"
"10482","SIAH1","Mic P2RY12",-0.481389562286631,5.65643822705972,2.39362325650573,0.122710479679191,0.581168825167187,0.660864338941303,"cognps_random_slope"
"10483","N4BP1","Mic P2RY12",-0.102673949733215,6.8851397588849,0.160816508284261,0.688644044422241,0.967043650386722,0.983552366303845,"cognps_random_slope"
"10484","AC007611.1","Mic P2RY12",0.069856019653421,4.2693566533337,0.0115162927050661,0.914599726937753,0.999765323016076,0.999791880761836,"cognps_random_slope"
"10485","ZNF423","Mic P2RY12",1.14381881410388,2.95679858696147,1.75177136690831,0.186494964337545,0.662501534398554,0.73395833752813,"cognps_random_slope"
"10486","CNEP1R1","Mic P2RY12",-0.956282009026027,4.80642298641346,3.48986233632811,0.0625587214831644,0.458951274985886,0.550388757611752,"cognps_random_slope"
"10487","HEATR3","Mic P2RY12",-0.535767300496072,6.25776307031725,1.15616589064063,0.282982975269424,0.752580839766929,0.812099182465525,"cognps_random_slope"
"10488","TENT4B","Mic P2RY12",0.445891112801712,6.78046958496661,1.15408421491924,0.283416067338646,0.752985471531562,0.812617987809969,"cognps_random_slope"
"10489","ADCY7","Mic P2RY12",0.227892616680065,7.94480742440399,0.810763023021501,0.368497320822388,0.812104761618872,0.863106788382106,"cognps_random_slope"
"10490","BRD7","Mic P2RY12",-0.479794236123453,5.8905770807495,3.42703752407797,0.0649567149699864,0.466566818523101,0.557967898385516,"cognps_random_slope"
"10491","NKD1","Mic P2RY12",-0.904701996706956,5.03181368012234,1.84668882853024,0.175020636165052,0.646504793926442,0.722173203526035,"cognps_random_slope"
"10492","SNX20","Mic P2RY12",-0.7874055238751,4.42119343896906,2.37046096573443,0.124529924030382,0.58309766314855,0.661528543182131,"cognps_random_slope"
"10493","NOD2","Mic P2RY12",-1.26113700079731,4.33924984813815,2.01743055407088,0.156368446773934,0.627017820232642,0.705703039878475,"cognps_random_slope"
"10494","CYLD","Mic P2RY12",-0.645595755101044,6.76569763662622,5.29414902510172,0.021968650919483,0.290623781808482,0.379236780229514,"cognps_random_slope"
"10495","SALL1","Mic P2RY12",-0.157286291971282,5.66160112344935,0.0944790805244191,0.758736258578835,0.983190954097967,0.995414674993652,"cognps_random_slope"
"10496","AC087564.1","Mic P2RY12",0.501800936442795,7.9088858248159,1.10313089881698,0.294285296607554,0.759358245875817,0.819782212822612,"cognps_random_slope"
"10497","HNRNPA1P48","Mic P2RY12",-0.9325272493823,3.54535254043601,1.3771745677989,0.241359629076789,0.722784444526938,0.783845122088188,"cognps_random_slope"
"10498","CHD9","Mic P2RY12",0.147093627659987,9.66157244149494,0.775718304665748,0.379042053678442,0.817109915520936,0.868092551741806,"cognps_random_slope"
"10499","RBL2","Mic P2RY12",-0.346387666571528,6.57761215358322,1.59808779339686,0.271657790443476,0.744483269496792,0.804064195788762,"cognps_random_slope"
"10500","AKTIP","Mic P2RY12",-0.0366607822114499,3.64171678792454,0.00387502263289219,0.950398582517766,0.999765323016076,0.999791880761836,"cognps_random_slope"
"10501","RPGRIP1L","Mic P2RY12",1.37572945164247,3.70136802227791,4.49964994082775,0.0345854323213505,0.354471740454887,0.447512331382541,"cognps_random_slope"
"10502","FTO","Mic P2RY12",0.00627939474677443,8.3515548345074,0.00104678487934658,0.974207650691326,0.999765323016076,0.999791880761836,"cognps_random_slope"
"10503","CRNDE","Mic P2RY12",-0.0467609742840325,2.70011755594631,0.00129820045684948,0.971277990959858,0.999765323016076,0.999791880761836,"cognps_random_slope"
"10504","MMP2","Mic P2RY12",-0.466366895642192,3.93480680675588,0.402362241856132,0.526275095564197,0.901692888117389,0.932903067392385,"cognps_random_slope"
"10505","LPCAT2","Mic P2RY12",-0.363226652007727,9.28568637839675,1.93395355592366,0.165186471963974,0.636899891909238,0.71398178880901,"cognps_random_slope"
"10506","GNAO1","Mic P2RY12",1.31246827625605,4.36210046821438,4.71696301677699,0.0305194342991178,0.339411567670106,0.430132529956442,"cognps_random_slope"
"10507","AMFR","Mic P2RY12",0.00227347171369674,5.44237959791425,2.81012121086867e-05,0.995773327069261,0.999765323016076,0.999791880761836,"cognps_random_slope"
"10508","NUDT21","Mic P2RY12",0.470091379167482,4.76793610592206,1.55548604085864,0.213138975174552,0.693607432324955,0.759478140557969,"cognps_random_slope"
"10509","OGFOD1","Mic P2RY12",-0.39756210380357,4.56385733767416,0.770782344813024,0.380561290077581,0.818700712971385,0.869071915985129,"cognps_random_slope"
"10510","BBS2","Mic P2RY12",-0.0400480180321727,4.99817071852782,0.0103720422655117,0.91893787546679,0.999765323016076,0.999791880761836,"cognps_random_slope"
"10511","MT3","Mic P2RY12",0.11590449257593,4.58661531542902,0.0399852594268202,0.841622427738539,0.999765323016076,0.999791880761836,"cognps_random_slope"
"10512","MT2A","Mic P2RY12",-1.0855614060034,4.73322242416438,1.38407859619923,0.240185769387955,0.721547211369236,0.78242597501639,"cognps_random_slope"
"10513","MT1E","Mic P2RY12",-0.730603923451314,2.88819631596252,0.556960855117369,0.455974925856093,0.865333388169053,0.905598852945087,"cognps_random_slope"
"10514","MT1G","Mic P2RY12",-1.08012436351885,2.42043232919479,0.711790454434402,0.39941088720441,0.82950017718202,0.877897744901724,"cognps_random_slope"
"10515","MT1X","Mic P2RY12",-0.268397730128771,3.3849661201127,0.0790808107238744,0.778708681015001,0.99001616376735,0.999508397105588,"cognps_random_slope"
"10516","NUP93","Mic P2RY12",-0.157224246888629,6.35276907564229,0.358059345438621,0.549962680377459,0.912109390218929,0.940256030616682,"cognps_random_slope"
"10517","SLC12A3","Mic P2RY12",-0.645418344757536,2.56358039810443,0.385155265106832,0.535250152897015,0.906974871144605,0.936747958639949,"cognps_random_slope"
"10518","HERPUD1","Mic P2RY12",-1.208806641585,7.49789721497429,8.20450639651043,0.00442391936465275,0.136709614832009,0.193068436044748,"cognps_random_slope"
"10519","NLRC5","Mic P2RY12",-0.485937969885811,7.03312362213022,1.12956615185363,0.288581045627145,0.754255972880221,0.814785181423165,"cognps_random_slope"
"10520","CPNE2","Mic P2RY12",-0.233721353154287,4.75033244655151,0.253091281867267,0.866145693236073,0.999765323016076,0.999791880761836,"cognps_random_slope"
"10521","FAM192A","Mic P2RY12",0.175703444569851,6.18496101746655,0.423819866302049,0.515452875835648,0.894942542151003,0.928396229499558,"cognps_random_slope"
"10522","RSPRY1","Mic P2RY12",-0.196507701375562,5.60892117301374,0.383526025091039,0.536114303621088,0.907124922871798,0.936810708718851,"cognps_random_slope"
"10523","ARL2BP","Mic P2RY12",0.203113429002769,4.47375964079306,0.209840570179242,0.900770321090322,0.999765323016076,0.999791880761836,"cognps_random_slope"
"10524","PLLP","Mic P2RY12",-0.655839209875698,3.00632927736876,0.470214045146251,0.493330513215868,0.884891066701007,0.920036633236401,"cognps_random_slope"
"10525","CX3CL1","Mic P2RY12",1.32275399895477,2.98863719018699,2.09028044227088,0.149109735252481,0.615784148572725,0.693161275660609,"cognps_random_slope"
"10526","CIAPIN1","Mic P2RY12",-0.0259376037370707,4.49738007903813,0.00341735864092389,0.953416142560458,0.999765323016076,0.999791880761836,"cognps_random_slope"
"10527","COQ9","Mic P2RY12",-0.146185683414039,4.75138636663797,0.134034489909856,0.714500349447507,0.975327034936739,0.990078557920128,"cognps_random_slope"
"10528","POLR2C","Mic P2RY12",-0.394473410437077,3.82021764021028,0.454392007689451,0.500689649154509,0.889476739636144,0.923992604223487,"cognps_random_slope"
"10529","ADGRG5","Mic P2RY12",0.0133936542798,4.95154279456416,0.000391538782548895,0.984223991553827,0.999765323016076,0.999791880761836,"cognps_random_slope"
"10530","ADGRG1","Mic P2RY12",-0.842941815687646,8.4116487951928,4.72175811169471,0.0304355843773886,0.339041784074301,0.430132529956442,"cognps_random_slope"
"10531","KATNB1","Mic P2RY12",0.464761484706672,3.14014325491728,0.366534702402117,0.54528110003477,0.911244930073703,0.940001610338548,"cognps_random_slope"
"10532","KIFC3","Mic P2RY12",-1.04213653880698,5.42126666275879,1.36299593420257,0.243792403182891,0.725752099942929,0.786644664417554,"cognps_random_slope"
"10533","AC092118.1","Mic P2RY12",1.73520675912151,2.31537678491691,1.02327016480968,0.312424669807173,0.769796612435867,0.828989115276752,"cognps_random_slope"
"10534","USB1","Mic P2RY12",0.422601027288168,4.80525478429261,0.640126104658796,0.424193316351542,0.844676919457407,0.889133617630447,"cognps_random_slope"
"10535","CFAP20","Mic P2RY12",0.761064292052162,3.44421324033626,1.27168613311484,0.260202399098953,0.73470989405828,0.795715081347276,"cognps_random_slope"
"10536","CSNK2A2","Mic P2RY12",-0.143911870540552,5.35359924389675,0.204675653839485,0.766616462976332,0.985825844038422,0.996584922860264,"cognps_random_slope"
"10537","NDRG4","Mic P2RY12",1.15990732686696,4.43301282773876,3.40040721033802,0.0660027361005245,0.46833427160025,0.559524739020346,"cognps_random_slope"
"10538","SETD6","Mic P2RY12",0.0537896074788035,3.61291162587374,0.00974380967492857,0.921422939810212,0.999765323016076,0.999791880761836,"cognps_random_slope"
"10539","CNOT1","Mic P2RY12",-0.233564877241357,6.72773363401214,0.992988455821882,0.319683070893071,0.774041290465206,0.832055998512576,"cognps_random_slope"
"10540","SLC38A7","Mic P2RY12",0.227006083284212,5.1790479141973,0.399523658572225,0.527736977471874,0.903334172320933,0.93374903132188,"cognps_random_slope"
"10541","GOT2","Mic P2RY12",0.240858983121636,4.70535849640061,0.33224524323527,0.714476644391529,0.975327034936739,0.990078557920128,"cognps_random_slope"
"10542","AC092378.1","Mic P2RY12",1.48676615450498,3.18689207740038,3.59748581124635,0.0586680878385993,0.449505781665699,0.542492292307466,"cognps_random_slope"
"10543","CDH8","Mic P2RY12",1.9294479774512,3.6858845832773,6.84415337621544,0.00926801498364999,0.192458397457584,0.264093209222672,"cognps_random_slope"
"10544","BEAN1","Mic P2RY12",1.47546157910531,3.62076396077802,3.68140324135408,0.0558138559425648,0.439460331073038,0.532285694680678,"cognps_random_slope"
"10545","AC010542.3","Mic P2RY12",1.24305071554379,4.8578142412369,3.28311665826153,0.0708298420757119,0.481432815573689,0.571978509732139,"cognps_random_slope"
"10546","TK2","Mic P2RY12",0.897409503891983,5.10692919567639,2.93691318253999,0.0874377414960569,0.513888884718506,0.599371981462588,"cognps_random_slope"
"10547","CMTM3","Mic P2RY12",-0.818679211097404,5.2726592760177,3.88604891998642,0.0494551117185246,0.417854603181355,0.510316389867414,"cognps_random_slope"
"10548","CMTM4","Mic P2RY12",0.775881400199863,4.02697137270517,1.76527103710468,0.184810842915523,0.66053662815611,0.73185282653701,"cognps_random_slope"
"10549","DYNC1LI2","Mic P2RY12",-0.117373245179419,6.2350700259618,0.222110705864293,0.637722116761475,0.950271487556261,0.970357720549608,"cognps_random_slope"
"10550","NAE1","Mic P2RY12",0.45439307314973,4.93680900230372,1.66540227950796,0.197704569337286,0.676567654159595,0.745234829578518,"cognps_random_slope"
"10551","PDP2","Mic P2RY12",-1.77087281727989,3.25087461767728,4.00395302879575,0.046144800285631,0.4047031862747,0.498961401649665,"cognps_random_slope"
"10552","FAM96B","Mic P2RY12",0.173203884702806,4.37965393949387,0.1164788503922,0.879885445854675,0.999765323016076,0.999791880761836,"cognps_random_slope"
"10553","CES2","Mic P2RY12",0.566371122195886,4.55153272930444,1.60560648077685,0.205930435372864,0.687214537031122,0.753140282490449,"cognps_random_slope"
"10554","CES4A","Mic P2RY12",0.231178600041705,3.7562027733093,0.141314546710244,0.707199308178696,0.973207309924008,0.988273005819668,"cognps_random_slope"
"10555","CBFB","Mic P2RY12",-0.415697029269969,7.39319480921015,3.88642028545315,0.0494442985460435,0.417854603181355,0.510316389867414,"cognps_random_slope"
"10556","C16orf70","Mic P2RY12",0.435175222985146,6.25832869128308,2.12942112837848,0.145368206776236,0.612107279812997,0.689184290977986,"cognps_random_slope"
"10557","TRADD","Mic P2RY12",0.749484675387769,3.99808185515964,1.9680019943746,0.161522816134302,0.631512796296848,0.708484902920554,"cognps_random_slope"
"10558","HSF4","Mic P2RY12",-0.133356760171088,3.38924120380832,0.0285814738732938,0.865844053802589,0.999765323016076,0.999791880761836,"cognps_random_slope"
"10559","KIAA0895L","Mic P2RY12",1.19170638536727,3.97680128824402,3.38464638702408,0.0666303084671255,0.469213223209642,0.560515038951995,"cognps_random_slope"
"10560","E2F4","Mic P2RY12",-0.234366764941157,5.02198832696046,0.360498410390687,0.548607733762751,0.91189570676601,0.940046630323137,"cognps_random_slope"
"10561","ELMO3","Mic P2RY12",1.03465435746162,3.31268491313026,1.86363841755301,0.173058836795913,0.645854089686386,0.722173203526035,"cognps_random_slope"
"10562","LRRC29","Mic P2RY12",0.746337123077016,3.7795286839869,1.21144612959895,0.271782074009234,0.744483269496792,0.804064195788762,"cognps_random_slope"
"10563","TMEM208","Mic P2RY12",0.369072121297746,4.05751317452823,0.337493278797978,0.561643619708894,0.920345579324882,0.946569141536743,"cognps_random_slope"
"10564","FHOD1","Mic P2RY12",-0.686958230995745,5.78780718736213,2.22014172816938,0.137097047037028,0.601269752075375,0.678086167366028,"cognps_random_slope"
"10565","SLC9A5","Mic P2RY12",0.559276808623965,3.46692630367718,0.595270288125363,0.440894990113427,0.855818037073943,0.897260497291077,"cognps_random_slope"
"10566","ZDHHC1","Mic P2RY12",1.11781987100685,3.32164391390987,2.82958976560167,0.0934100242139154,0.529074330715283,0.613677480768129,"cognps_random_slope"
"10567","ATP6V0D1","Mic P2RY12",0.371069477394386,5.90844517523579,1.51758958093867,0.218789494975557,0.699595517877193,0.764929852448466,"cognps_random_slope"
"10568","AC009061.2","Mic P2RY12",0.378275115090772,5.73653751705007,0.848522696033863,0.357588107867562,0.806061940039225,0.857372921139135,"cognps_random_slope"
"10569","RIPOR1","Mic P2RY12",-0.016529276905437,5.71078913475557,0.00298460053765417,0.956462381198108,0.999765323016076,0.999791880761836,"cognps_random_slope"
"10570","AC027682.4","Mic P2RY12",0.269018731986662,3.46507923947632,0.157291115442174,0.691898097198046,0.967517350043491,0.984091508213257,"cognps_random_slope"
"10571","CTCF","Mic P2RY12",0.078054086971911,6.47059711186997,0.095578020035578,0.75738117214144,0.983190954097967,0.995414674993652,"cognps_random_slope"
"10572","ACD","Mic P2RY12",0.533906822063376,3.05544788677422,0.451745158012297,0.501938935605729,0.889628842223565,0.924300686370266,"cognps_random_slope"
"10573","C16orf86","Mic P2RY12",0.966512937156036,3.0477408617958,1.40050856069696,0.237420125834946,0.718723546421893,0.780382658415809,"cognps_random_slope"
"10574","GFOD2","Mic P2RY12",-0.243317979464979,4.46792919382499,0.265986853927914,0.606353530665901,0.938374566313568,0.960785488792566,"cognps_random_slope"
"10575","RANBP10","Mic P2RY12",0.102667608552587,5.62590234830535,0.0973922538186895,0.755162621218129,0.982708709161405,0.995284437677555,"cognps_random_slope"
"10576","CENPT","Mic P2RY12",-0.618549399498921,4.48145727552682,2.02624938095206,0.15546869705649,0.625511648690339,0.704296331422426,"cognps_random_slope"
"10577","THAP11","Mic P2RY12",0.30934910487524,3.20522026609017,0.175690434456646,0.675353522305819,0.962810601943974,0.980067760574701,"cognps_random_slope"
"10578","NUTF2","Mic P2RY12",-0.685187637509433,4.19665871644079,2.05178130922013,0.152896846655711,0.620900468101574,0.699200999290491,"cognps_random_slope"
"10579","PSKH1","Mic P2RY12",0.338979975636196,4.45453508518358,0.606057810191654,0.436787896714581,0.853388920232119,0.895705214792636,"cognps_random_slope"
"10580","LCAT","Mic P2RY12",1.07520518222286,3.74565185922145,2.75745014672699,0.0976739913985937,0.536413249822253,0.622284519930192,"cognps_random_slope"
"10581","SLC12A4","Mic P2RY12",-0.26473535843122,3.60648106143739,0.189534408825995,0.771021185343907,0.986486051632013,0.997526881305537,"cognps_random_slope"
"10582","DPEP2","Mic P2RY12",-0.717841580853558,5.44151528083402,1.09088191405656,0.296977430001177,0.760852419694021,0.821386151708703,"cognps_random_slope"
"10583","DUS2","Mic P2RY12",0.315460626162976,4.94198666909388,0.638155476549078,0.424906768273969,0.845467804045519,0.889524158989668,"cognps_random_slope"
"10584","NFATC3","Mic P2RY12",0.156869236370765,8.15809332375273,0.658148828806147,0.417750825914425,0.840787365511229,0.886483329915441,"cognps_random_slope"
"10585","PLA2G15","Mic P2RY12",0.135208276180675,6.30454937429668,0.153292909751906,0.695640073533689,0.96925463151675,0.984989885855413,"cognps_random_slope"
"10586","SLC7A6","Mic P2RY12",0.0148476516117154,7.54141636173762,0.00422994653003872,0.948179851021429,0.999765323016076,0.999791880761836,"cognps_random_slope"
"10587","SLC7A6OS","Mic P2RY12",-0.461891258224308,5.77271888255143,1.65094007779401,0.199657974590093,0.678298769892411,0.746194351479793,"cognps_random_slope"
"10588","PRMT7","Mic P2RY12",0.534334518407313,5.88909024919842,2.65079462917553,0.104373852563183,0.547656224823499,0.63289631684695,"cognps_random_slope"
"10589","ZFP90","Mic P2RY12",-0.0547183716302229,5.6299478917824,0.026311444586162,0.946845254575569,0.999765323016076,0.999791880761836,"cognps_random_slope"
"10590","CDH3","Mic P2RY12",-0.0794993378282611,2.79459515199953,0.0049665690553537,0.943855654417677,0.999765323016076,0.999791880761836,"cognps_random_slope"
"10591","TANGO6","Mic P2RY12",-0.065990070747829,7.00454662844685,0.0568422448074241,0.811694159776303,0.994447726155304,0.999791880761836,"cognps_random_slope"
"10592","AC009137.1","Mic P2RY12",0.0222387547436443,2.63124204125105,0.000558472281418724,0.981159239343511,0.999765323016076,0.999791880761836,"cognps_random_slope"
"10593","CHTF8","Mic P2RY12",-0.045817639135805,5.04915454149627,0.0140060895392419,0.905858534524223,0.999765323016076,0.999791880761836,"cognps_random_slope"
"10594","UTP4","Mic P2RY12",0.459242188226975,4.49073876130539,0.677326167162303,0.411054358756084,0.836655446793785,0.883410488123251,"cognps_random_slope"
"10595","SNTB2","Mic P2RY12",0.482888199437644,4.1176825429179,0.660709943417226,0.416847190185838,0.840657516279971,0.886483329915441,"cognps_random_slope"
"10596","VPS4A","Mic P2RY12",-0.383806004183068,4.525235867117,0.797105779448318,0.372557129700002,0.813370647550915,0.864748325860862,"cognps_random_slope"
"10597","COG8","Mic P2RY12",-0.737195633198941,3.85183968829995,1.9285403522373,0.165777676924599,0.637054724342046,0.714425626513891,"cognps_random_slope"
"10598","AC026464.3","Mic P2RY12",0.270629775972425,3.44835809240689,0.156894670649979,0.692266661298158,0.96767138083411,0.984236922047492,"cognps_random_slope"
"10599","NIP7","Mic P2RY12",0.319332018637421,3.02826942720165,0.141597128912606,0.896518779644537,0.999765323016076,0.999791880761836,"cognps_random_slope"
"10600","TERF2","Mic P2RY12",-0.57529038009249,5.24059192370672,2.71616299621941,0.100209885080089,0.54040751306168,0.625825999759172,"cognps_random_slope"
"10601","CYB5B","Mic P2RY12",0.464295684322251,5.6234803740942,2.46585764472101,0.117223569329786,0.573971293403957,0.653369898372925,"cognps_random_slope"
"10602","NFAT5","Mic P2RY12",-0.367487316106403,8.40742700492316,3.25560639651052,0.072016122655406,0.481701677783777,0.572297714985221,"cognps_random_slope"
"10603","NOB1","Mic P2RY12",-1.01349112176048,3.42498607755214,2.05101565727988,0.152973263581082,0.62102232815816,0.699408279747618,"cognps_random_slope"
"10604","WWP2","Mic P2RY12",0.204845450472537,7.32569812017421,0.749947238844835,0.387070297468291,0.822830301373259,0.872146514922498,"cognps_random_slope"
"10605","PDPR","Mic P2RY12",0.112459413951861,6.27266225470357,0.104372513657835,0.74683199735533,0.982244103840787,0.994674014762625,"cognps_random_slope"
"10606","AC009060.1","Mic P2RY12",-0.231435319713108,3.44153589604874,0.0876912962225518,0.767303897151154,0.98606056057946,0.996593291927225,"cognps_random_slope"
"10607","EXOSC6","Mic P2RY12",-0.498041141966947,4.73903304160506,1.5377118377684,0.215767203280381,0.696553249426591,0.761978633765066,"cognps_random_slope"
"10608","AARS","Mic P2RY12",0.953588275377773,5.75200594562148,4.06826396363147,0.0444388317420826,0.398437123319743,0.492235156926348,"cognps_random_slope"
"10609","AC012184.2","Mic P2RY12",-0.310809404634127,3.27215758860606,0.176480062403188,0.674666713069972,0.962445031067777,0.97996517648193,"cognps_random_slope"
"10610","DDX19A","Mic P2RY12",-0.365465332688223,3.54535611926333,0.354222904811103,0.552106636355135,0.913978802120414,0.942045267284228,"cognps_random_slope"
"10611","ST3GAL2","Mic P2RY12",-0.0805473583090843,5.87345287041565,0.0516431242695178,0.950681579299711,0.999765323016076,0.999791880761836,"cognps_random_slope"
"10612","FUK","Mic P2RY12",0.98915944819394,4.25774925476305,4.27616591963734,0.0393650869947318,0.37707757742416,0.47106469548632,"cognps_random_slope"
"10613","COG4","Mic P2RY12",0.277566380759225,5.3895436330255,0.79236175636229,0.373982021152802,0.814548758605047,0.865816923855342,"cognps_random_slope"
"10614","SF3B3","Mic P2RY12",-0.0221927852396698,6.12905938446818,0.00622927089878802,0.937135594658066,0.999765323016076,0.999791880761836,"cognps_random_slope"
"10615","VAC14","Mic P2RY12",0.235482161013324,6.32424319141545,0.650506677917465,0.420464626475051,0.842249097069083,0.887793803624095,"cognps_random_slope"
"10616","HYDIN","Mic P2RY12",2.22608283224458,3.59312957969381,9.753072069225,0.00193539207526831,0.0946576248199657,0.135929639678891,"cognps_random_slope"
"10617","CMTR2","Mic P2RY12",-0.275602745642787,5.72236435408463,0.667514876944358,0.414460282074953,0.839297845089759,0.885398564439652,"cognps_random_slope"
"10618","ZNF19","Mic P2RY12",1.44018190746311,2.26916730846017,1.18115776718218,0.27784831493818,0.748701460106777,0.809285394253437,"cognps_random_slope"
"10619","PHLPP2","Mic P2RY12",0.66444904309692,4.99665379026853,3.15646314051247,0.0764721510165638,0.490480225824018,0.578183194812051,"cognps_random_slope"
"10620","AP1G1","Mic P2RY12",-0.17956553651693,6.56664179326677,0.64247706391914,0.423344521652306,0.844241769895193,0.889133617630447,"cognps_random_slope"
"10621","IST1","Mic P2RY12",-0.0119258813226304,6.64019663276036,0.00271750185829734,0.958454320114971,0.999765323016076,0.999791880761836,"cognps_random_slope"
"10622","ZNF821","Mic P2RY12",-0.185056313598513,5.101183752203,0.187928641342991,0.66490612568884,0.957960903792096,0.975781249025661,"cognps_random_slope"
"10623","PKD1L3","Mic P2RY12",-1.2620387605497,2.8241281706147,2.10766946885862,0.147434182784024,0.614151119169224,0.691886074221781,"cognps_random_slope"
"10624","DHODH","Mic P2RY12",-0.166219302885488,3.53392722010307,0.0641390074518913,0.800214486370333,0.992143902613387,0.999791880761836,"cognps_random_slope"
"10625","TXNL4B","Mic P2RY12",0.173572577382143,4.69240580009248,0.135781761924357,0.712727869852441,0.974917442471426,0.989802256118226,"cognps_random_slope"
"10626","DHX38","Mic P2RY12",0.0518784912194986,4.98403631503778,0.0199527233835557,0.887748291737284,0.999765323016076,0.999791880761836,"cognps_random_slope"
"10627","PMFBP1","Mic P2RY12",-0.615629048387878,4.35170959634516,1.00780015440146,0.316105412358545,0.771046347109003,0.830025217985487,"cognps_random_slope"
"10628","LINC01572","Mic P2RY12",0.325804222919049,5.24021426867916,0.350999863155508,0.553919994048243,0.915359234893125,0.943258473576708,"cognps_random_slope"
"10629","AC004158.1","Mic P2RY12",-0.191541760000804,3.03026669850978,0.0415096646195263,0.838672539768604,0.999700499758612,0.999791880761836,"cognps_random_slope"
"10630","AC004943.2","Mic P2RY12",0.383570381581824,3.81975274954243,0.34388624664723,0.557962442249751,0.917801489268667,0.945215806277844,"cognps_random_slope"
"10631","ZFHX3","Mic P2RY12",-0.0560245157389899,10.1501674339048,0.0649119519322677,0.799040011733055,0.992143902613387,0.999791880761836,"cognps_random_slope"
"10632","AC116667.1","Mic P2RY12",0.582778842371857,5.20543035150463,1.34700796300482,0.246571717526902,0.727284377806276,0.787803854705654,"cognps_random_slope"
"10633","AC138627.1","Mic P2RY12",1.42006810270583,3.18299158074655,2.9911051560875,0.0845810778507644,0.507375146962932,0.594787555439735,"cognps_random_slope"
"10634","PSMD7","Mic P2RY12",0.408954192260082,5.20253921299726,1.27659995712544,0.261368389557186,0.73538817247855,0.796065864541977,"cognps_random_slope"
"10635","NPIPB15","Mic P2RY12",-1.05155733228453,3.72585960872496,1.19905898422694,0.274242653672706,0.746824995299316,0.806206888388468,"cognps_random_slope"
"10636","GLG1","Mic P2RY12",-0.119641061929214,7.84690800389074,0.502293742506568,0.478953155881323,0.880280908194865,0.915783131146164,"cognps_random_slope"
"10637","RFWD3","Mic P2RY12",0.249294791700101,5.93763324851937,0.783281582005512,0.376730738880829,0.8166562005406,0.867604995501037,"cognps_random_slope"
"10638","MLKL","Mic P2RY12",-0.0699040085242453,5.92117303237996,0.0146172363458051,0.903836366073572,0.999765323016076,0.999791880761836,"cognps_random_slope"
"10639","WDR59","Mic P2RY12",0.100816149949272,6.38155964369505,0.1820296617961,0.669890036680553,0.960390254014357,0.977508744679141,"cognps_random_slope"
"10640","ZNRF1","Mic P2RY12",-0.387718375484001,5.176324865782,0.570510229130754,0.45055062944172,0.862441242573024,0.903082276418165,"cognps_random_slope"
"10641","LDHD","Mic P2RY12",0.485700978845209,3.01590424611695,0.371767530013517,0.542427427059191,0.910123298286075,0.939148122050431,"cognps_random_slope"
"10642","ZFP1","Mic P2RY12",1.55955588398572,3.14431397077405,3.77403066428954,0.0781344405692432,0.495073114925971,0.581750648161687,"cognps_random_slope"
"10643","BCAR1","Mic P2RY12",-1.34485449102058,2.86341251147578,2.27321013387655,0.176396322153091,0.647510916089937,0.723004651230449,"cognps_random_slope"
"10644","CFDP1","Mic P2RY12",-0.470441528346774,6.87499960321437,3.77628094729263,0.0527640133232274,0.430779715700843,0.523388818398865,"cognps_random_slope"
"10645","GABARAPL2","Mic P2RY12",0.512188654992735,4.84754415687508,1.08721573122262,0.297789354683965,0.761720364612185,0.822068227825695,"cognps_random_slope"
"10646","ADAT1","Mic P2RY12",0.169865139130125,4.88861242863029,0.17774200506139,0.673572834461455,0.962113574357062,0.97928029618453,"cognps_random_slope"
"10647","KARS","Mic P2RY12",-0.175178792636457,4.80617390755773,0.169314083362855,0.680967236723807,0.963764980353924,0.980589311801902,"cognps_random_slope"
"10648","TERF2IP","Mic P2RY12",0.156823682546753,6.58823193879899,0.209948582533924,0.647084453176194,0.952302504420343,0.971617599873003,"cognps_random_slope"
"10649","AC010528.1","Mic P2RY12",-0.457150615532233,3.01360535325443,0.257538110214581,0.612127642783283,0.940399122416995,0.963142172997874,"cognps_random_slope"
"10650","CNTNAP4","Mic P2RY12",1.72327447730349,3.557773899911,5.04965259644295,0.0252367059643067,0.30926817308271,0.399804351000458,"cognps_random_slope"
"10651","AC106729.1","Mic P2RY12",0.202560740420221,2.94216025657068,0.0240138259794408,0.876936672426552,0.999765323016076,0.999791880761836,"cognps_random_slope"
"10652","MON1B","Mic P2RY12",0.530869047584326,3.76200254085602,0.783688444624125,0.376606967141766,0.816519975192819,0.867538987862585,"cognps_random_slope"
"10653","VAT1L","Mic P2RY12",1.34941145242433,2.99291501193074,2.56334942519022,0.11024467500973,0.56065247266128,0.644627053842235,"cognps_random_slope"
"10654","WWOX","Mic P2RY12",0.16184643855955,9.88608068735976,0.483931042204795,0.487096374788726,0.882224424725466,0.917437487709624,"cognps_random_slope"
"10655","AC046158.1","Mic P2RY12",0.14285384839037,2.75029949560529,0.0156818533631218,0.900413650986304,0.999765323016076,0.999791880761836,"cognps_random_slope"
"10656","AC084064.1","Mic P2RY12",0.292770768523424,3.20467950769041,0.0743661006743702,0.785239208140022,0.990719344618726,0.999791880761836,"cognps_random_slope"
"10657","MAF","Mic P2RY12",0.205026844893789,8.10188644499968,0.195472316427372,0.658666311641116,0.955612931885691,0.973592644066785,"cognps_random_slope"
"10658","AC105411.1","Mic P2RY12",0.0950701764991446,2.87727276223281,0.00927969234576267,0.923311222741278,0.999765323016076,0.999791880761836,"cognps_random_slope"
"10659","CDYL2","Mic P2RY12",0.585144818998495,4.09291105076593,0.61438758586336,0.433656506910855,0.85099294905731,0.894179721772824,"cognps_random_slope"
"10660","CMC2","Mic P2RY12",0.0917953418454304,5.39601972941139,0.0680529886730278,0.794342325514791,0.992143902613387,0.999791880761836,"cognps_random_slope"
"10661","ATMIN","Mic P2RY12",0.239505148000848,3.62302678267191,0.146297969290662,0.894736941618166,0.999765323016076,0.999791880761836,"cognps_random_slope"
"10662","GAN","Mic P2RY12",0.185342859120154,5.68652929385608,0.280519729812675,0.596687575034019,0.93511989159524,0.95808998326772,"cognps_random_slope"
"10663","CMIP","Mic P2RY12",0.105032984052277,9.69251727039843,0.194543265623209,0.659426936212795,0.955612931885691,0.973592644066785,"cognps_random_slope"
"10664","PLCG2","Mic P2RY12",0.0870460170346522,8.73719462102709,0.132270985975991,0.716302634024463,0.975412307559,0.990818510846582,"cognps_random_slope"
"10665","AC092142.1","Mic P2RY12",0.482616549131039,3.03392390361106,0.315383059994376,0.574745354953115,0.924900775009009,0.950322446996267,"cognps_random_slope"
"10666","MPHOSPH6","Mic P2RY12",-0.0216171933734681,5.38475886182734,0.00159680921423518,0.968147114470615,0.999765323016076,0.999791880761836,"cognps_random_slope"
"10667","CDH13","Mic P2RY12",0.582430689093926,5.14761078780241,0.529303414708119,0.467373235991339,0.872200074574563,0.91146586185003,"cognps_random_slope"
"10668","AC009063.2","Mic P2RY12",0.769553754276197,3.31103881597794,0.547039071699976,0.460012573416529,0.866792533233255,0.907242372423074,"cognps_random_slope"
"10669","AC009119.1","Mic P2RY12",0.262837800574815,4.18372574766288,0.120595546941143,0.728592603255826,0.977594945023934,0.992716167586774,"cognps_random_slope"
"10670","HSBP1","Mic P2RY12",-0.273988385403202,4.98579953688676,0.435066108258059,0.509935665956912,0.893007294614218,0.927586369492823,"cognps_random_slope"
"10671","MLYCD","Mic P2RY12",-0.259741475220241,3.85615109661571,0.214103897920714,0.663551615331401,0.957591202813347,0.975311322528684,"cognps_random_slope"
"10672","AC009119.2","Mic P2RY12",0.360167044649437,3.28828270252879,0.220841550884356,0.810703051173743,0.994346658317713,0.999791880761836,"cognps_random_slope"
"10673","MBTPS1","Mic P2RY12",0.165255952692115,6.5286086022228,0.390565228518618,0.532398761435245,0.905937865938547,0.935692331995262,"cognps_random_slope"
"10674","HSDL1","Mic P2RY12",0.0507848297643781,4.33095525198009,0.0121871875151189,0.912157226249317,0.999765323016076,0.999791880761836,"cognps_random_slope"
"10675","TAF1C","Mic P2RY12",0.193468419198757,4.91108712915782,0.206502822391244,0.649796530568296,0.953989866394996,0.97281769180443,"cognps_random_slope"
"10676","TLDC1","Mic P2RY12",0.287646012468825,4.21429764811749,0.329145419896984,0.730947998276202,0.978271659332805,0.992754357816929,"cognps_random_slope"
"10677","COTL1","Mic P2RY12",-0.132846883322236,7.8284141795329,0.168708596460462,0.681506699439207,0.963891427882302,0.98069864966881,"cognps_random_slope"
"10678","KLHL36","Mic P2RY12",-0.35440743026246,5.75491096059678,1.27860125058677,0.283996258135528,0.753389361878,0.812823719705508,"cognps_random_slope"
"10679","USP10","Mic P2RY12",-0.413107733635942,7.07655732755456,2.2200954241038,0.137101131097264,0.601269752075375,0.678086167366028,"cognps_random_slope"
"10680","CRISPLD2","Mic P2RY12",-1.5117295537343,3.27992132708629,2.92030935825065,0.0883338535651857,0.516037663448055,0.601519122270885,"cognps_random_slope"
"10681","ZDHHC7","Mic P2RY12",-0.0859120570527885,6.35603178699473,0.108400628127615,0.742164058990167,0.981590829602176,0.994674014762625,"cognps_random_slope"
"10682","KIAA0513","Mic P2RY12",-0.62317364385606,6.00182641404725,1.90955776053181,0.167870156917126,0.639280469692075,0.716732069796503,"cognps_random_slope"
"10683","GSE1","Mic P2RY12",-0.170445201893975,6.63222619580786,0.24046863178905,0.624166896369657,0.945004622326151,0.965736540920449,"cognps_random_slope"
"10684","EMC8","Mic P2RY12",0.30559874884552,4.68178768053876,0.565347730705084,0.87740911341782,0.999765323016076,0.999791880761836,"cognps_random_slope"
"10685","COX4I1","Mic P2RY12",-0.204035363586546,5.72608500117591,0.185801227025214,0.666692690857154,0.958929778917755,0.976330303105061,"cognps_random_slope"
"10686","IRF8","Mic P2RY12",0.311213894393886,7.6309030245018,0.456848197156923,0.499535079431529,0.888685143130261,0.923312641555035,"cognps_random_slope"
"10687","MTHFSD","Mic P2RY12",1.11234622170116,4.19862157460376,5.80103920889588,0.0165190573507938,0.252419484102608,0.334912003573423,"cognps_random_slope"
"10688","C16orf95","Mic P2RY12",-0.486397927459746,3.6713676299717,0.571653088425328,0.573500206352904,0.924735442827008,0.950153024578689,"cognps_random_slope"
"10689","FBXO31","Mic P2RY12",-0.0361655516080165,4.41781980631151,0.0058958245357206,0.938837861655645,0.999765323016076,0.999791880761836,"cognps_random_slope"
"10690","MAP1LC3B","Mic P2RY12",-0.0670814866904362,5.08899543548943,0.0261018874937843,0.871742466022407,0.999765323016076,0.999791880761836,"cognps_random_slope"
"10691","ZCCHC14","Mic P2RY12",-0.0847068100092994,6.07025816995172,0.0648597613988083,0.799119079085088,0.992143902613387,0.999791880761836,"cognps_random_slope"
"10692","JPH3","Mic P2RY12",1.4366744770302,2.96880526427236,2.92121807380799,0.0882845523839385,0.516037663448055,0.601519122270885,"cognps_random_slope"
"10693","KLHDC4","Mic P2RY12",1.42979877483247,5.60367149967462,12.0380031335209,0.000584562333917425,0.051200783247238,0.0775215402176519,"cognps_random_slope"
"10694","SLC7A5","Mic P2RY12",-0.425879520290873,6.81420376743885,0.186521077500469,0.666086820285656,0.958572753291245,0.976034068773901,"cognps_random_slope"
"10695","CA5A","Mic P2RY12",-2.28597919857461,2.50357195683436,4.22139271561073,0.0406395069857532,0.382801351565735,0.477050142765319,"cognps_random_slope"
"10696","BANP","Mic P2RY12",-0.055539340005486,7.28067190919635,0.0191675100642115,0.889964819317407,0.999765323016076,0.999791880761836,"cognps_random_slope"
"10697","ZNF469","Mic P2RY12",-1.05469714876025,3.16441692832654,1.57800386237519,0.209863879143606,0.690585692519488,0.756679341546191,"cognps_random_slope"
"10698","ZFPM1","Mic P2RY12",0.745651054627565,4.0619527704978,1.81467965363257,0.178796075794599,0.651276491362712,0.725253243754809,"cognps_random_slope"
"10699","ZC3H18","Mic P2RY12",0.0096038952475392,6.16405674953965,0.00101806639608879,0.974563794965713,0.999765323016076,0.999791880761836,"cognps_random_slope"
"10700","CYBA","Mic P2RY12",-0.36746845343762,7.84690901455863,1.47137037563899,0.225925758657965,0.706583534051226,0.769637329131246,"cognps_random_slope"
"10701","MVD","Mic P2RY12",1.01110223558149,4.85669219912513,5.41076002746883,0.0205682695933737,0.283867539465294,0.370376707653841,"cognps_random_slope"
"10702","SNAI3-AS1","Mic P2RY12",0.892380344096468,4.57833726199094,2.68363962188707,0.102258355016872,0.542933524398219,0.628355298737789,"cognps_random_slope"
"10703","SNAI3","Mic P2RY12",-0.792755069866408,4.85820117575384,3.0544581071395,0.0813693070315311,0.504314843774131,0.592365681176494,"cognps_random_slope"
"10704","RNF166","Mic P2RY12",-0.0274316785442195,6.7414914261224,0.00631924071046304,0.936684195806981,0.999765323016076,0.999791880761836,"cognps_random_slope"
"10705","PIEZO1","Mic P2RY12",-0.139847745933114,6.39979810183238,0.213405964650464,0.930912058149985,0.999765323016076,0.999791880761836,"cognps_random_slope"
"10706","APRT","Mic P2RY12",-0.129934200685859,3.80160049637122,0.0425609056468593,0.836671021757397,0.999574606630194,0.999791880761836,"cognps_random_slope"
"10707","GALNS","Mic P2RY12",0.158401824715784,4.54102085753926,0.120583732389955,0.728605371061677,0.977594945023934,0.992716167586774,"cognps_random_slope"
"10708","TRAPPC2L","Mic P2RY12",0.46481694129327,3.26340239154013,0.414878496296925,0.655833503925598,0.955612931885691,0.973592644066785,"cognps_random_slope"
"10709","CBFA2T3","Mic P2RY12",0.438857007108329,4.93967370229039,0.727389294935719,0.394298383845235,0.826555140171374,0.876155467969849,"cognps_random_slope"
"10710","ACSF3","Mic P2RY12",-0.171194241180656,5.93763578490153,0.308973146386747,0.578656632153733,0.926362146397345,0.951346442930498,"cognps_random_slope"
"10711","AC009113.1","Mic P2RY12",1.69484983154911,2.85141257050106,3.08960315479816,0.0796447660286824,0.499146433286928,0.586429050301252,"cognps_random_slope"
"10712","ZNF778","Mic P2RY12",0.39170075575771,4.07218390394123,0.634043659101043,0.426401252454324,0.847050575769404,0.890854993659785,"cognps_random_slope"
"10713","ANKRD11","Mic P2RY12",0.13869626987087,9.40684385032507,0.264950068266628,0.607055804055885,0.938668833882294,0.961086482134485,"cognps_random_slope"
"10714","SPG7","Mic P2RY12",0.35804969385797,7.06549787250869,1.58833752084733,0.208380952834312,0.689568715448822,0.754950683011725,"cognps_random_slope"
"10715","AC092123.1","Mic P2RY12",0.684355927521238,2.69759563729329,0.545028812441205,0.46083754955602,0.867578231790902,0.907634616787913,"cognps_random_slope"
"10716","RPL13","Mic P2RY12",-1.12852523237704,7.58453425313762,5.90330700051532,0.0156013688181788,0.246937030143679,0.329158411859655,"cognps_random_slope"
"10717","CHMP1A","Mic P2RY12",-0.135490123947372,4.65817152474338,0.111540888197012,0.738591293546602,0.980436558830992,0.994247512606934,"cognps_random_slope"
"10718","SPATA33","Mic P2RY12",-0.248997540881458,3.44743808813423,0.144302725856444,0.799372794446753,0.992143902613387,0.999791880761836,"cognps_random_slope"
"10719","CDK10","Mic P2RY12",0.309030250998684,5.38295129190715,0.587045814580354,0.444066374114885,0.85802776256953,0.899122129790312,"cognps_random_slope"
"10720","SPATA2L","Mic P2RY12",0.826147917339285,3.49056719522025,1.34552275161538,0.246831869891298,0.727284377806276,0.787803854705654,"cognps_random_slope"
"10721","VPS9D1","Mic P2RY12",-0.904007446884206,5.96725939976056,2.68058008365025,0.102453411642846,0.543118150598144,0.62838409699287,"cognps_random_slope"
"10722","ZNF276","Mic P2RY12",-0.398178549550618,5.87469751390265,1.46832184660321,0.226406215597042,0.706583534051226,0.769637329131246,"cognps_random_slope"
"10723","FANCA","Mic P2RY12",0.899684470145219,3.85053375084312,2.29809520487751,0.13041121834856,0.591630644907452,0.66913559354349,"cognps_random_slope"
"10724","SPIRE2","Mic P2RY12",1.38592942242791,3.38495198668783,3.79592157660005,0.0521551042805377,0.429582392417631,0.522826512229757,"cognps_random_slope"
"10725","TCF25","Mic P2RY12",0.0167020956129144,8.20526541382953,0.00354078873442153,0.95258331141104,0.999765323016076,0.999791880761836,"cognps_random_slope"
"10726","DEF8","Mic P2RY12",0.674181937454487,5.11424402484634,3.19689018533776,0.0746202390051711,0.485665771203642,0.574597093093313,"cognps_random_slope"
"10727","CENPBD1","Mic P2RY12",0.173908519341553,3.10106481395814,0.0546284385858237,0.815329701855428,0.994957963721761,0.999791880761836,"cognps_random_slope"
"10728","GAS8","Mic P2RY12",1.14302242093591,3.21318973469394,2.36373719701567,0.125063705877579,0.583761310506945,0.66186883779578,"cognps_random_slope"
"10729","FAM157C","Mic P2RY12",-0.264107682722432,7.66554293261937,0.153142317561293,0.695782110074471,0.969296644507763,0.984989885855413,"cognps_random_slope"
"10730","AC133919.2","Mic P2RY12",-0.954446862144461,4.3145772316086,0.95251051018559,0.329737121102525,0.782641599045013,0.839270332854404,"cognps_random_slope"
"10731","LINC02193","Mic P2RY12",-0.69186752456937,4.56415614043166,1.71430565663858,0.191263592295766,0.668842142648054,0.738742108670213,"cognps_random_slope"
"10732","AC240565.1","Mic P2RY12",0.0993596920065837,4.01084719158742,0.0189526710948862,0.890579302839999,0.999765323016076,0.999791880761836,"cognps_random_slope"
"10733","RPH3AL","Mic P2RY12",0.134658614560324,4.79192648137353,0.0582576050870299,0.809408925325182,0.994034132767222,0.999791880761836,"cognps_random_slope"
"10734","C17orf97","Mic P2RY12",0.860983941632909,2.50535472566282,0.607735354859039,0.436154487935802,0.85277302200579,0.895057612462467,"cognps_random_slope"
"10735","VPS53","Mic P2RY12",0.150525923691583,7.65631632688805,0.446664345505356,0.504351993621642,0.891059111542113,0.925355294132939,"cognps_random_slope"
"10736","AC015853.3","Mic P2RY12",-1.42675442380369,3.15287377690587,2.96368464308994,0.086013630292781,0.511558903961466,0.596695508575108,"cognps_random_slope"
"10737","GLOD4","Mic P2RY12",-0.386619869265053,4.38678945521931,0.844561461675858,0.358711408871118,0.806997823664322,0.858198961901543,"cognps_random_slope"
"10738","NXN","Mic P2RY12",0.831408809154468,7.03273398985852,4.57941435521482,0.0330306994004065,0.350193356538645,0.443260189275098,"cognps_random_slope"
"10739","TIMM22","Mic P2RY12",0.660371028802015,3.52142426671187,0.96776304410663,0.325900065588989,0.780239151773905,0.837115754123445,"cognps_random_slope"
"10740","ABR","Mic P2RY12",0.600876845767962,10.4988160928071,4.6764151744901,0.0312382261294816,0.343160579009944,0.434440252070389,"cognps_random_slope"
"10741","YWHAE","Mic P2RY12",0.0201149570085738,7.19626861082167,0.00932546801369312,0.92312289432719,0.999765323016076,0.999791880761836,"cognps_random_slope"
"10742","CRK","Mic P2RY12",-0.11519151403282,7.01696742751161,0.204778291160256,0.702433554517584,0.971311357164335,0.986182132743233,"cognps_random_slope"
"10743","MYO1C","Mic P2RY12",-0.112725014089654,4.84442648257667,0.0713570695073858,0.789524158330327,0.990886185623222,0.999791880761836,"cognps_random_slope"
"10744","INPP5K","Mic P2RY12",0.0499982368898357,4.01687178006805,0.00832289297702323,0.927360717678424,0.999765323016076,0.999791880761836,"cognps_random_slope"
"10745","PITPNA","Mic P2RY12",0.233843588025293,7.25648709934699,0.394713696469242,0.530230808252472,0.904944353208276,0.934933018305333,"cognps_random_slope"
"10746","SLC43A2","Mic P2RY12",0.0613642390810461,6.98535734586482,0.016945584519581,0.896500591071599,0.999765323016076,0.999791880761836,"cognps_random_slope"
"10747","SCARF1","Mic P2RY12",-0.514971314869856,5.25994345506137,1.83629175745306,0.176236745444939,0.647510916089937,0.723004651230449,"cognps_random_slope"
"10748","RILP","Mic P2RY12",-0.8882463430426,3.07758230602601,1.22073937307994,0.269954246566085,0.743694053032772,0.803327988713777,"cognps_random_slope"
"10749","PRPF8","Mic P2RY12",0.130799507619055,6.71097345833613,0.278654090729566,0.59791027926677,0.935775674346053,0.958530873406693,"cognps_random_slope"
"10750","MIR22HG","Mic P2RY12",-0.194943287902274,3.25180037372623,0.0487655236088859,0.82535076643701,0.997442739805277,0.999791880761836,"cognps_random_slope"
"10751","WDR81","Mic P2RY12",-0.405046447685694,5.99636427779301,1.38396029391842,0.240205825046118,0.721547211369236,0.78242597501639,"cognps_random_slope"
"10752","SERPINF2","Mic P2RY12",-1.11018065605092,4.12070146264634,2.83816052478946,0.0929171034708449,0.528291091901906,0.613198872446237,"cognps_random_slope"
"10753","SERPINF1","Mic P2RY12",-0.28258635829475,4.35515478334077,0.201892953341101,0.653467894166457,0.95464957700323,0.973494108193761,"cognps_random_slope"
"10754","SMYD4","Mic P2RY12",-0.0984972411884417,6.1619751726315,0.12748137938875,0.72126727493258,0.97571529536985,0.991463831658989,"cognps_random_slope"
"10755","RPA1","Mic P2RY12",-0.252325343358844,5.80126883788762,0.810262614585618,0.368644980328745,0.812104761618872,0.863106788382106,"cognps_random_slope"
"10756","RTN4RL1","Mic P2RY12",1.72657083853217,4.71854048489143,8.46818444394714,0.00383905228141615,0.127629658632976,0.182373018313553,"cognps_random_slope"
"10757","DPH1","Mic P2RY12",0.80430452793492,3.35850052535339,1.34912855659409,0.246200853023106,0.727284377806276,0.787803854705654,"cognps_random_slope"
"10758","SMG6","Mic P2RY12",0.13593323968194,7.32433068651123,0.350087227548273,0.554435508269251,0.915359234893125,0.94331516081776,"cognps_random_slope"
"10759","AC090617.4","Mic P2RY12",1.26439196548641,2.82961576331302,1.44627666564967,0.229917520545481,0.711576141531177,0.773539844903429,"cognps_random_slope"
"10760","SRR","Mic P2RY12",-0.212844529744943,3.71854932502823,0.123638475658679,0.732074035021224,0.978508292770738,0.992997359939444,"cognps_random_slope"
"10761","TSR1","Mic P2RY12",0.0864502549940306,4.38944751965584,0.0283426681565777,0.866400371919413,0.999765323016076,0.999791880761836,"cognps_random_slope"
"10762","SGSM2","Mic P2RY12",0.550639709371398,5.90361955399709,3.24332585210495,0.0725525661273452,0.482998975992326,0.572723250469537,"cognps_random_slope"
"10763","MNT","Mic P2RY12",0.68662948633954,5.14716605202106,2.84520622395781,0.0925140179039528,0.527592886656552,0.612635988723348,"cognps_random_slope"
"10764","METTL16","Mic P2RY12",-0.0726055905378444,6.39566302159375,0.0660910382711209,0.797262669597298,0.992143902613387,0.999791880761836,"cognps_random_slope"
"10765","PAFAH1B1","Mic P2RY12",0.0741462695623795,8.2784782933281,0.142944276240647,0.978723554597937,0.999765323016076,0.999791880761836,"cognps_random_slope"
"10766","CLUH","Mic P2RY12",-0.0746920914728746,4.38351028912717,0.0226236676942709,0.88052416740968,0.999765323016076,0.999791880761836,"cognps_random_slope"
"10767","RAP1GAP2","Mic P2RY12",-0.111023502301353,7.77729310871171,0.159400108120234,0.689946408427682,0.967087387252322,0.983774153785057,"cognps_random_slope"
"10768","OR3A2","Mic P2RY12",1.51880457243847,5.41265518741761,2.5465508825169,0.111413677031158,0.562785445854834,0.646051120178195,"cognps_random_slope"
"10769","SPATA22","Mic P2RY12",0.173733535747668,2.69502860250149,0.0122511029209539,0.911928122083765,0.999765323016076,0.999791880761836,"cognps_random_slope"
"10770","ASPA","Mic P2RY12",-0.76317822194406,2.96346779156613,0.476480857773527,0.490465912969338,0.883997892148889,0.918678554290124,"cognps_random_slope"
"10771","TRPV1","Mic P2RY12",0.364572912253562,3.69007925720797,0.357964723903931,0.550015370670783,0.912109390218929,0.940256030616682,"cognps_random_slope"
"10772","CTNS","Mic P2RY12",0.182882481271252,5.31955750831432,0.25984407117259,0.800622720001799,0.992143902613387,0.999791880761836,"cognps_random_slope"
"10773","TAX1BP3","Mic P2RY12",-2.97275234753891,2.92773684231889,11.4799250214511,0.000781423866209973,0.0588306810734823,0.0865595975873658,"cognps_random_slope"
"10774","EMC6","Mic P2RY12",-1.19120797564783,3.44682042548548,2.76738099887597,0.0970745721551396,0.535628997442398,0.621286596769326,"cognps_random_slope"
"10775","ITGAE","Mic P2RY12",-0.62429085480132,4.68210566175289,2.41782743228809,0.120840758739958,0.580009673307368,0.660503517595267,"cognps_random_slope"
"10776","NCBP3","Mic P2RY12",0.734834968099028,5.80638385268483,6.34905006231517,0.0121769239226467,0.219913656488115,0.292362885874409,"cognps_random_slope"
"10777","CAMKK1","Mic P2RY12",-0.0615996573848381,5.95331837549277,0.0311910287816282,0.859914294971245,0.999765323016076,0.999791880761836,"cognps_random_slope"
"10778","P2RX1","Mic P2RY12",-0.0952245492431873,5.23586044182564,0.0276028643482488,0.868139276796387,0.999765323016076,0.999791880761836,"cognps_random_slope"
"10779","ATP2A3","Mic P2RY12",-0.655441779376277,4.14983975302417,1.08492629271115,0.298297831832583,0.761861872382016,0.822125201513509,"cognps_random_slope"
"10780","ZZEF1","Mic P2RY12",0.183972042733224,7.09328245845978,0.684535100588743,0.524331562354667,0.900642733823573,0.932130958634337,"cognps_random_slope"
"10781","CYB5D2","Mic P2RY12",0.384941554772766,4.55180309934446,0.630142278646602,0.42782659318815,0.847855638695508,0.891417072278873,"cognps_random_slope"
"10782","ANKFY1","Mic P2RY12",0.065281234073638,7.18289127749525,0.0681036614386391,0.794267498982248,0.992143902613387,0.999791880761836,"cognps_random_slope"
"10783","UBE2G1","Mic P2RY12",0.1188992128572,6.74406762010334,0.243457391593756,0.622021254944862,0.944462324835258,0.965019437458618,"cognps_random_slope"
"10784","SPNS3","Mic P2RY12",0.873105671251423,4.98928711406766,1.97135156203101,0.161167454409362,0.631512796296848,0.708484902920554,"cognps_random_slope"
"10785","SPNS2","Mic P2RY12",-0.212158009314381,7.37305249617093,0.327619027163121,0.567422103962168,0.922925953141032,0.948745471623017,"cognps_random_slope"
"10786","MYBBP1A","Mic P2RY12",-0.0375479440052994,4.36251802813162,0.00571433935209954,0.939784740520844,0.999765323016076,0.999791880761836,"cognps_random_slope"
"10787","PELP1","Mic P2RY12",0.430597554230324,4.90112921748164,1.23309216992388,0.267548434092341,0.742629786098211,0.802004978940542,"cognps_random_slope"
"10788","AC091153.2","Mic P2RY12",-0.210678595927872,2.80168441462591,0.049864574963605,0.823425877345847,0.996765732669654,0.999791880761836,"cognps_random_slope"
"10789","ARRB2","Mic P2RY12",-0.408635891838799,7.93078165150107,2.62949894014226,0.10577117145454,0.550261438749286,0.634792953430487,"cognps_random_slope"
"10790","MED11","Mic P2RY12",0.130613869642518,4.31091381268797,0.0619528692194338,0.803577643330203,0.993127477607986,0.999791880761836,"cognps_random_slope"
"10791","CXCL16","Mic P2RY12",-1.11753402251939,5.99923348940656,6.0737020210787,0.0141877786061563,0.237070350500126,0.315707512855642,"cognps_random_slope"
"10792","ZMYND15","Mic P2RY12",0.751824386063519,4.74669455374139,1.4552598525687,0.228478820904096,0.710154432032821,0.772587835198133,"cognps_random_slope"
"10793","VMO1","Mic P2RY12",-1.34776232404943,3.66709953367297,2.46964738632836,0.116943318654083,0.573971293403957,0.653369898372925,"cognps_random_slope"
"10794","PSMB6","Mic P2RY12",0.615777086018123,3.79535064760503,0.877980221050971,0.349384291294996,0.798720383426175,0.850266499055017,"cognps_random_slope"
"10795","PLD2","Mic P2RY12",-0.0124277687663081,5.17226721517116,0.00111471969810635,0.973384165396798,0.999765323016076,0.999791880761836,"cognps_random_slope"
"10796","MINK1","Mic P2RY12",-0.140625394870505,6.67067671804226,0.177930766969106,0.673409605305808,0.96198295711578,0.979226854767937,"cognps_random_slope"
"10797","SLC25A11","Mic P2RY12",0.762017660117923,4.19437509321897,2.05427694030132,0.152648068051178,0.620900468101574,0.699183031356926,"cognps_random_slope"
"10798","RNF167","Mic P2RY12",-0.880272616091865,4.3555796168022,3.41591863675427,0.0653912801767056,0.467214377618485,0.558842693364646,"cognps_random_slope"
"10799","PFN1","Mic P2RY12",-1.05395037345407,5.67800777870133,3.11546477056544,0.0784010280798351,0.495845498768238,0.582797867465976,"cognps_random_slope"
"10800","SPAG7","Mic P2RY12",-0.21601999510525,4.55295395442574,0.252697584510458,0.615489688467201,0.940879358414831,0.96381483341965,"cognps_random_slope"
"10801","CAMTA2","Mic P2RY12",-0.375475062023547,5.36162979551436,1.19914073274918,0.640704789381142,0.950874323474461,0.970806423495585,"cognps_random_slope"
"10802","KIF1C","Mic P2RY12",-0.181510951150098,4.52428807268491,0.142780080660828,0.797223347273221,0.992143902613387,0.999791880761836,"cognps_random_slope"
"10803","ZFP3","Mic P2RY12",-0.0134044780031777,3.24765717370053,0.000270672568951717,0.986882815353654,0.999765323016076,0.999791880761836,"cognps_random_slope"
"10804","ZNF232","Mic P2RY12",-1.50139976199059,4.14798241266612,5.64841718368665,0.0179939120835298,0.263249362261335,0.348516106463213,"cognps_random_slope"
"10805","USP6","Mic P2RY12",-0.342264560441959,4.24408795043673,0.370153035227136,0.543304924933358,0.910123298286075,0.939292860686914,"cognps_random_slope"
"10806","ZNF594","Mic P2RY12",0.19298888528149,5.13694973951162,0.267715284921762,0.87338303730613,0.999765323016076,0.999791880761836,"cognps_random_slope"
"10807","AC087500.1","Mic P2RY12",0.272733369681537,5.09409015336055,0.421451579429656,0.699292487076797,0.969804265685207,0.98522366711326,"cognps_random_slope"
"10808","SCIMP","Mic P2RY12",-0.690392338129742,5.50576007156851,2.33015522126956,0.127768195875545,0.588279080112865,0.665657920588163,"cognps_random_slope"
"10809","RABEP1","Mic P2RY12",-0.504491394540093,8.01824109262915,6.05003427963232,0.0143759217441091,0.237604823093505,0.316584160392176,"cognps_random_slope"
"10810","NUP88","Mic P2RY12",-0.494651686108391,5.65332118390956,3.07698152174045,0.0802595030620601,0.501692221600792,0.589135422955436,"cognps_random_slope"
"10811","RPAIN","Mic P2RY12",-0.103251065236176,5.52036504789414,0.131044258116811,0.953636667181136,0.999765323016076,0.999791880761836,"cognps_random_slope"
"10812","C1QBP","Mic P2RY12",-0.752795986307761,3.9496146188067,1.49482835410052,0.222269469761916,0.703005231125663,0.767508836848276,"cognps_random_slope"
"10813","DHX33","Mic P2RY12",-0.944320255514048,3.85414248905486,2.32271458208635,0.128376220857469,0.588312153990787,0.665657920588163,"cognps_random_slope"
"10814","DERL2","Mic P2RY12",-0.0620878909942403,4.5761794953409,0.0175649057173922,0.955629092537569,0.999765323016076,0.999791880761836,"cognps_random_slope"
"10815","MIS12","Mic P2RY12",-0.212545613632827,4.38575119476815,0.1851484539594,0.667243309794073,0.959123036559146,0.976330303105061,"cognps_random_slope"
"10816","NLRP1","Mic P2RY12",0.697738629546601,7.65238489482269,1.1938198174726,0.275291790404457,0.747595304395617,0.807065491221298,"cognps_random_slope"
"10817","PITPNM3","Mic P2RY12",0.634360636373604,3.13997480211374,0.575717320889425,0.448492902017111,0.860343633818381,0.901641095160374,"cognps_random_slope"
"10818","KIAA0753","Mic P2RY12",0.124799456363942,5.28335867409545,0.137400368206987,0.711097436216059,0.973930448445441,0.989006563628578,"cognps_random_slope"
"10819","TXNDC17","Mic P2RY12",0.355739523015427,3.01877286974691,0.195555000990421,0.658598721662304,0.955612931885691,0.973592644066785,"cognps_random_slope"
"10820","MED31","Mic P2RY12",0.171540942082251,3.86022544630836,0.0857025971985716,0.769882039045972,0.986443273387328,0.997526881305537,"cognps_random_slope"
"10821","XAF1","Mic P2RY12",1.45226249300161,7.56453360530582,5.83163367408511,0.0162388035254014,0.251288921528758,0.334590889074822,"cognps_random_slope"
"10822","ALOX12-AS1","Mic P2RY12",0.864299084403215,5.83105407077485,2.83216940574118,0.093261364549341,0.529074330715283,0.613677480768129,"cognps_random_slope"
"10823","SLC16A13","Mic P2RY12",-0.590783758184427,3.84199125870268,0.915733758478123,0.339240490933852,0.791497258783824,0.844859240409862,"cognps_random_slope"
"10824","DLG4","Mic P2RY12",-0.284519296961585,4.72535514870945,0.381031200894907,0.537442497581055,0.907616211463409,0.937385200987536,"cognps_random_slope"
"10825","ACADVL","Mic P2RY12",-0.357620668096022,5.89136909607794,0.843257157562362,0.359082339184017,0.806997823664322,0.858393737345316,"cognps_random_slope"
"10826","DVL2","Mic P2RY12",-0.627577353851738,4.28499332584683,1.94913657627278,0.17878655684643,0.651276491362712,0.725253243754809,"cognps_random_slope"
"10827","PHF23","Mic P2RY12",-0.563445211248878,3.73258744383321,1.01769780000678,0.313743985243091,0.770261998566852,0.829537614030808,"cognps_random_slope"
"10828","ELP5","Mic P2RY12",-0.159596255232439,4.23802719026654,0.099194834835871,0.75298067150987,0.982244103840787,0.994674014762625,"cognps_random_slope"
"10829","CLDN7","Mic P2RY12",-0.00902593327208743,2.95638376134233,9.53925568174173e-05,0.992212671838746,0.999765323016076,0.999791880761836,"cognps_random_slope"
"10830","EIF5A","Mic P2RY12",-1.15426773359207,4.11087719278958,3.26770770184491,0.071491684100918,0.481432815573689,0.571978509732139,"cognps_random_slope"
"10831","GPS2","Mic P2RY12",-0.331327871531829,3.40959757095184,0.18847669838119,0.664447824957574,0.957859864700565,0.975512907897142,"cognps_random_slope"
"10832","ACAP1","Mic P2RY12",-1.99611324362101,3.42360713552257,4.98409589405998,0.0261964552293958,0.313698892199015,0.404519919963513,"cognps_random_slope"
"10833","NLGN2","Mic P2RY12",-0.632828928472579,3.16231391024553,0.733163478964642,0.392429856962864,0.825293567800476,0.874623554902867,"cognps_random_slope"
"10834","FGF11","Mic P2RY12",-0.523930859197802,3.20151487793583,0.254513986012625,0.614223384992145,0.940399122416995,0.963194298887979,"cognps_random_slope"
"10835","CHRNB1","Mic P2RY12",-1.27706759144755,2.76904699177615,2.36241714796371,0.153578061461669,0.622158283448558,0.700610561645758,"cognps_random_slope"
"10836","ZBTB4","Mic P2RY12",-0.365163408065998,5.95287819499848,1.44905510260898,0.229471374880905,0.710852033004856,0.772961623590318,"cognps_random_slope"
"10837","POLR2A","Mic P2RY12",-0.198539020091641,5.89497146669285,0.441181345443324,0.506978451434145,0.891301972336335,0.925998040698827,"cognps_random_slope"
"10838","EIF4A1","Mic P2RY12",-1.42755363963827,5.45706276153111,9.2751353214456,0.00249419182877489,0.106599101504552,0.151782714335378,"cognps_random_slope"
"10839","CD68","Mic P2RY12",-1.50480216801731,5.33438504732615,8.24748092390882,0.00432271587372198,0.13640212542723,0.192360164921408,"cognps_random_slope"
"10840","MPDU1","Mic P2RY12",-0.240272990976773,4.55178941409775,0.217146220407716,0.641505117486963,0.950981688448549,0.970806423495585,"cognps_random_slope"
"10841","FXR2","Mic P2RY12",0.398055370166787,4.3546515062122,0.764530799155343,0.382497862515614,0.81960523917728,0.869909644952538,"cognps_random_slope"
"10842","SAT2","Mic P2RY12",-0.343493630075859,5.96485479016813,0.735593375226867,0.391647351168446,0.825100794373265,0.874399834827947,"cognps_random_slope"
"10843","ATP1B2","Mic P2RY12",1.47610540902283,3.269677113999,2.6922568788129,0.101711162147544,0.542074332563011,0.6273410096216,"cognps_random_slope"
"10844","TP53","Mic P2RY12",0.118652090647984,5.22182082653348,0.0951746929585252,0.872573751051909,0.999765323016076,0.999791880761836,"cognps_random_slope"
"10845","KDM6B","Mic P2RY12",-0.431468960334512,4.52066878037984,0.345530383383929,0.557023160341313,0.917373401958207,0.944983609642541,"cognps_random_slope"
"10846","NAA38","Mic P2RY12",-0.100866150302401,4.16117943488332,0.0294590160710813,0.863820012579434,0.999765323016076,0.999791880761836,"cognps_random_slope"
"10847","CYB5D1","Mic P2RY12",0.403808888065584,2.78574044616933,0.224745893835379,0.635735032746736,0.949987196012378,0.969798113084455,"cognps_random_slope"
"10848","CHD3","Mic P2RY12",-0.0846046087603118,5.07278780573261,0.0386311516385749,0.951563211769158,0.999765323016076,0.999791880761836,"cognps_random_slope"
"10849","RNF227","Mic P2RY12",-1.1385407250298,2.57031938269417,1.36533784374173,0.243388518091857,0.725617248264511,0.786417565142591,"cognps_random_slope"
"10850","TRAPPC1","Mic P2RY12",-1.28645499658287,3.09626865178731,2.26162415472108,0.133492576958772,0.594133768280747,0.67186263446254,"cognps_random_slope"
"10851","CNTROB","Mic P2RY12",-1.46314218931388,4.26818786303973,9.65900217539457,0.00203427095873197,0.0973616611355967,0.138977693226098,"cognps_random_slope"
"10852","ALOX15B","Mic P2RY12",-4.71786144255344,5.45916924026876,23.6553754030214,1.72595141613425e-06,0.0021026795388741,0.00353741587970424,"cognps_random_slope"
"10853","PER1","Mic P2RY12",-0.87081923754756,6.29922816659424,2.02315629922424,0.155783598241127,0.6263594359524,0.705107653552744,"cognps_random_slope"
"10854","TMEM107","Mic P2RY12",0.267470446895126,3.38309887462156,0.161850292521678,0.687697689807571,0.966729963402,0.98302306454594,"cognps_random_slope"
"10855","BORCS6","Mic P2RY12",-0.277084365148408,2.93943663118724,0.106443519740172,0.810151540786777,0.994034132767222,0.999791880761836,"cognps_random_slope"
"10856","LINC00324","Mic P2RY12",-0.388441446806445,2.62909441166471,0.151185363985684,0.697635251710802,0.9695262698091,0.984989885855413,"cognps_random_slope"
"10857","CTC1","Mic P2RY12",-0.667009357625738,4.70076823569179,2.81070448893198,0.0945062607343755,0.532554481594289,0.616327349799391,"cognps_random_slope"
"10858","PFAS","Mic P2RY12",-0.450654496588134,3.71377501771603,0.580913939615812,0.446453886655445,0.85912242031442,0.900456510524871,"cognps_random_slope"
"10859","SLC25A35","Mic P2RY12",0.888501968254617,3.2637559600366,1.54933496310899,0.214044176520275,0.694865796886676,0.760420100795712,"cognps_random_slope"
"10860","RANGRF","Mic P2RY12",-0.521305773147546,3.49759624002643,0.629982141235017,0.4278852519083,0.847855638695508,0.891417072278873,"cognps_random_slope"
"10861","NDEL1","Mic P2RY12",0.113048014922648,5.91255782269982,0.114635813515525,0.735124410913673,0.979556749592734,0.99385002985584,"cognps_random_slope"
"10862","MYH10","Mic P2RY12",1.86491332997118,4.12794672441346,7.68762413271562,0.00584960225394221,0.154312046860393,0.213382850900519,"cognps_random_slope"
"10863","PIK3R6","Mic P2RY12",0.640669077328298,5.92908042353872,3.49736681900168,0.0622786783120289,0.458838506833911,0.550185267454817,"cognps_random_slope"
"10864","PIK3R5","Mic P2RY12",-0.263181048244895,9.01017628102968,0.925101937164255,0.336785173981412,0.789820059625804,0.84478471300065,"cognps_random_slope"
"10865","AC002091.1","Mic P2RY12",-0.879841136579134,3.30627114745455,1.17152418665491,0.2798134837331,0.750450717615308,0.811324991036345,"cognps_random_slope"
"10866","NTN1","Mic P2RY12",0.661041092697025,2.80702579205228,0.526058996597872,0.484438479469989,0.881462467904707,0.916739510069731,"cognps_random_slope"
"10867","STX8","Mic P2RY12",-0.090391215418012,8.10102198294734,0.210494487253665,0.646657260373761,0.952302504420343,0.971617599873003,"cognps_random_slope"
"10868","AC005695.2","Mic P2RY12",-0.185877961926156,3.53914013145117,0.0567307792716867,0.811875403041784,0.994447726155304,0.999791880761836,"cognps_random_slope"
"10869","USP43","Mic P2RY12",-0.299348702417398,3.13756357426346,0.141340098663842,0.832550042294591,0.999366959106503,0.999791880761836,"cognps_random_slope"
"10870","GAS7","Mic P2RY12",-0.662689649045817,7.850207152915,2.32506909676759,0.128183468484871,0.588312153990787,0.665657920588163,"cognps_random_slope"
"10871","MYH3","Mic P2RY12",-0.573501993468961,3.24972485543789,0.60512135600709,0.451779683429677,0.863789347644615,0.904562430099651,"cognps_random_slope"
"10872","SCO1","Mic P2RY12",-0.444905962667439,4.86984795784067,1.36131021663597,0.244083629165195,0.725752099942929,0.786644664417554,"cognps_random_slope"
"10873","ADPRM","Mic P2RY12",-0.328662391931902,3.61709060982889,0.264343187460454,0.652408526210769,0.954420308107869,0.973494108193761,"cognps_random_slope"
"10874","TMEM220","Mic P2RY12",-0.00995554901352473,5.26435932342835,0.000595439987889678,0.980545774898015,0.999765323016076,0.999791880761836,"cognps_random_slope"
"10875","TMEM220-AS1","Mic P2RY12",0.503477771030155,4.02966565520574,0.520786638242258,0.470975243034495,0.874361384794786,0.912512310358026,"cognps_random_slope"
"10876","SHISA6","Mic P2RY12",0.0466906344640755,2.85885155048124,0.003618592373497,0.952065809119709,0.999765323016076,0.999791880761836,"cognps_random_slope"
"10877","DNAH9","Mic P2RY12",0.688441242373551,3.02899254183829,0.811737165239655,0.368210109495593,0.812104761618872,0.862758334302347,"cognps_random_slope"
"10878","ZNF18","Mic P2RY12",-0.467696148069137,4.00808321001306,0.77390992670526,0.379597655459541,0.817449490730083,0.868186335352337,"cognps_random_slope"
"10879","MAP2K4","Mic P2RY12",-0.299963228458285,7.19607958895659,1.96558634510783,0.161779653381362,0.631641511580801,0.708890163787347,"cognps_random_slope"
"10880","ARHGAP44","Mic P2RY12",2.09761991022694,3.67504289942586,7.60257572393041,0.00612587873699221,0.154835821901617,0.213453849507028,"cognps_random_slope"
"10881","ELAC2","Mic P2RY12",-0.104398277212038,4.3787123586374,0.0533251934214501,0.817506339969385,0.995084767910246,0.999791880761836,"cognps_random_slope"
"10882","COX10","Mic P2RY12",-0.371982411844505,5.73282350212999,1.05822109451972,0.304312633079455,0.765120749699396,0.825042085300774,"cognps_random_slope"
"10883","HS3ST3B1","Mic P2RY12",-1.63074585102666,2.74463804891896,2.56400752483878,0.110199154750102,0.56065247266128,0.644627053842235,"cognps_random_slope"
"10884","PMP22","Mic P2RY12",-2.14035528372028,3.1845190437624,7.23189968072256,0.00749550520355377,0.170924273009022,0.236146263179432,"cognps_random_slope"
"10885","TRIM16","Mic P2RY12",0.548277361543708,4.85321037153198,1.72906285214913,0.189368482628109,0.665830970747646,0.736845569207553,"cognps_random_slope"
"10886","ZSWIM7","Mic P2RY12",-0.31006419254874,5.81801597508704,1.10886461279173,0.293035885856521,0.757810479807648,0.818750036762332,"cognps_random_slope"
"10887","TTC19","Mic P2RY12",-0.253592415398915,6.40438738544554,1.04788892662246,0.306681867453168,0.767122388557955,0.826494134576651,"cognps_random_slope"
"10888","NCOR1","Mic P2RY12",-0.0897355631307238,8.23158529484323,0.299515725204255,0.584525633627912,0.929002533058346,0.953087043403205,"cognps_random_slope"
"10889","PIGL","Mic P2RY12",-0.339736436473181,6.11990500871287,0.452869227913132,0.501407737688856,0.889628842223565,0.924198481408281,"cognps_random_slope"
"10890","CENPV","Mic P2RY12",1.06200565833557,3.05130805718893,1.62119772608862,0.203747267678569,0.68465825831507,0.750814342892012,"cognps_random_slope"
"10891","UBB","Mic P2RY12",0.514331466438456,5.72045249262783,0.704241190353241,0.401919734336546,0.829881589272977,0.878039616226327,"cognps_random_slope"
"10892","TRPV2","Mic P2RY12",-0.223823639592659,5.1025429714754,0.376196015714018,0.540033846521699,0.909741493053085,0.938916100957127,"cognps_random_slope"
"10893","LRRC75A","Mic P2RY12",0.691145275742598,3.96446628807941,1.42749244994158,0.232961464850496,0.713984505367052,0.776521381336779,"cognps_random_slope"
"10894","ZNF624","Mic P2RY12",-0.993671483945564,4.05238024672801,3.81096455672059,0.0516937861269649,0.427622486350282,0.520516484248514,"cognps_random_slope"
"10895","AC098850.3","Mic P2RY12",0.665312925796081,6.67914666424774,1.52194373874496,0.218131245271204,0.69882304993531,0.764295682709594,"cognps_random_slope"
"10896","MPRIP","Mic P2RY12",-0.909605595193628,7.2485241375715,9.42325551967573,0.0023053187609465,0.102016341161229,0.145501388932083,"cognps_random_slope"
"10897","COPS3","Mic P2RY12",-0.397165535578788,4.69464330601364,0.915677538032808,0.339255298444466,0.791497258783824,0.844859240409862,"cognps_random_slope"
"10898","NT5M","Mic P2RY12",0.683581603982641,3.63353672810825,1.19598527014111,0.274857549501292,0.747595304395617,0.807034094443401,"cognps_random_slope"
"10899","MED9","Mic P2RY12",0.4743272932358,4.21730083946595,1.00018842571946,0.317937352132401,0.773159027126694,0.831246029322042,"cognps_random_slope"
"10900","RASD1","Mic P2RY12",0.578764090768196,3.30151624640906,0.488363709083564,0.485109807641314,0.881786963332351,0.916899526515135,"cognps_random_slope"
"10901","PEMT","Mic P2RY12",0.863233802014247,3.84010632050054,1.66713517102202,0.19747202098897,0.676457294803216,0.745105726057963,"cognps_random_slope"
"10902","RAI1","Mic P2RY12",0.539000886207872,6.15575220694707,2.40586444229624,0.121760881719139,0.580995309380569,0.660503517595267,"cognps_random_slope"
"10903","SMCR5","Mic P2RY12",-0.0994516743708416,3.27055051648132,0.0111583657626204,0.91593230336372,0.999765323016076,0.999791880761836,"cognps_random_slope"
"10904","SREBF1","Mic P2RY12",-0.27860596201373,6.20154235003965,0.422064146658004,0.516323601362785,0.894984981332526,0.928492908409029,"cognps_random_slope"
"10905","TOM1L2","Mic P2RY12",0.496119490504832,6.44070361893054,3.12947807136197,0.0777358860482661,0.493481103236767,0.580606093640182,"cognps_random_slope"
"10906","DRC3","Mic P2RY12",-0.220832249794457,3.01139502055212,0.0532551579659924,0.817624100413081,0.995084767910246,0.999791880761836,"cognps_random_slope"
"10907","ATPAF2","Mic P2RY12",0.0545534963783534,5.64026875332308,0.0272082220569716,0.869076683564213,0.999765323016076,0.999791880761836,"cognps_random_slope"
"10908","GID4","Mic P2RY12",-0.354284355327204,4.21770790714129,0.529263242374671,0.810444038787777,0.994290485567824,0.999791880761836,"cognps_random_slope"
"10909","DRG2","Mic P2RY12",-0.107814321895682,4.52193222080669,0.06187707066565,0.803695374206874,0.993127477607986,0.999791880761836,"cognps_random_slope"
"10910","MYO15A","Mic P2RY12",0.506827203039995,2.72870944522019,0.31411711285032,0.575513660359572,0.924900775009009,0.950322446996267,"cognps_random_slope"
"10911","ALKBH5","Mic P2RY12",0.236942512301588,5.58888771608768,0.392658836423953,0.531302665750425,0.905503589823643,0.935221650609795,"cognps_random_slope"
"10912","FLII","Mic P2RY12",-0.298540319552892,5.0906674695229,0.732633627616817,0.392600784977143,0.825293567800476,0.874623554902867,"cognps_random_slope"
"10913","TOP3A","Mic P2RY12",0.0692064264361866,5.24288464356234,0.0317013761999944,0.858784898346401,0.999765323016076,0.999791880761836,"cognps_random_slope"
"10914","SMCR8","Mic P2RY12",-0.512604984693203,4.35037742835884,1.06793405550428,0.302106991709069,0.76358653260906,0.823589153555775,"cognps_random_slope"
"10915","SHMT1","Mic P2RY12",-0.477605364739069,6.34831259027457,1.0423331404629,0.307965761735089,0.767710159037189,0.827095076785596,"cognps_random_slope"
"10916","ZNF286B","Mic P2RY12",-1.26204058389377,3.26540645903267,3.19270078732154,0.0748098834744161,0.486020988801669,0.574826063627018,"cognps_random_slope"
"10917","TRIM16L","Mic P2RY12",-0.962521524080032,3.40414084414724,2.01059205117998,0.157070240016296,0.627536322800908,0.705711557238651,"cognps_random_slope"
"10918","TVP23B","Mic P2RY12",-0.275684087304494,4.95206430753503,0.427402365313085,0.513684125316523,0.894942542151003,0.92830484233112,"cognps_random_slope"
"10919","PRPSAP2","Mic P2RY12",-0.0827023022758293,5.65440717135098,0.0701249869919143,0.791306595255372,0.990886185623222,0.999791880761836,"cognps_random_slope"
"10920","GRAP","Mic P2RY12",-1.17772511414623,3.35496443481415,3.00411446854222,0.0851664095394156,0.508607421674558,0.595595179861583,"cognps_random_slope"
"10921","AC007952.4","Mic P2RY12",-1.08210791811277,3.57175917643619,1.88562112533497,0.170552175806491,0.643278837034275,0.720595727803098,"cognps_random_slope"
"10922","GRAPL","Mic P2RY12",0.409592395796674,5.389419733635,0.650096820549469,0.420610914049125,0.842416209710406,0.887819553047035,"cognps_random_slope"
"10923","EPN2","Mic P2RY12",0.0606736105891638,6.96103485898329,0.0674626479040244,0.795216260975623,0.992143902613387,0.999791880761836,"cognps_random_slope"
"10924","MAPK7","Mic P2RY12",-0.675236962267234,2.99894488319839,0.743031818121179,0.412679803489552,0.837838742139222,0.884354078617961,"cognps_random_slope"
"10925","AC004448.2","Mic P2RY12",-1.33480036562561,3.05674920141673,2.46348324274474,0.117399535486811,0.57418656024042,0.653369898372925,"cognps_random_slope"
"10926","SLC47A1","Mic P2RY12",-0.66249033884801,4.30448431691735,0.903089549600381,0.342592839114963,0.793207781095303,0.845667393945533,"cognps_random_slope"
"10927","ALDH3A2","Mic P2RY12",0.555450006963625,4.86530558387544,2.00662507231234,0.2618925668871,0.73538817247855,0.796065864541977,"cognps_random_slope"
"10928","ULK2","Mic P2RY12",0.583638210204938,6.95325537718842,2.91673860712054,0.0885278703974024,0.516548241871628,0.602099134201325,"cognps_random_slope"
"10929","AKAP10","Mic P2RY12",-0.284254060447545,8.14129825458919,1.66328081792252,0.197989701417893,0.676727485014508,0.745366887413824,"cognps_random_slope"
"10930","SPECC1","Mic P2RY12",0.370052767737676,8.21876800232146,1.0796540795701,0.299473037896264,0.762414699475663,0.822521252696221,"cognps_random_slope"
"10931","CCDC144NL","Mic P2RY12",2.4976856833995,3.22390269238934,7.06637453820601,0.00820515872026125,0.180553911346833,0.249306338744326,"cognps_random_slope"
"10932","CCDC144NL-AS1","Mic P2RY12",-0.698124231278535,3.60740798808598,1.02455501898617,0.312121497622649,0.769796612435867,0.828989115276752,"cognps_random_slope"
"10933","USP22","Mic P2RY12",-0.0271078536209441,6.85465259481456,0.014107318270544,0.905520539650353,0.999765323016076,0.999791880761836,"cognps_random_slope"
"10934","DHRS7B","Mic P2RY12",0.215077583337643,6.08609985210718,0.465975250254948,0.96359549881379,0.999765323016076,0.999791880761836,"cognps_random_slope"
"10935","TMEM11","Mic P2RY12",0.337461978093118,3.87283494040072,0.373587492615417,0.645964882393869,0.952213770647919,0.971281950306815,"cognps_random_slope"
"10936","AC087294.1","Mic P2RY12",-0.202358142545658,3.67109130778383,0.102729634244195,0.74876438876921,0.982244103840787,0.994674014762625,"cognps_random_slope"
"10937","MAP2K3","Mic P2RY12",-0.875096812526494,4.51159578427034,2.76400931511708,0.0972776318982849,0.536234574568181,0.621839898215752,"cognps_random_slope"
"10938","C17orf51","Mic P2RY12",0.420836673786181,3.60345677715803,0.393095554190007,0.531074538112473,0.905503589823643,0.935221650609795,"cognps_random_slope"
"10939","MTRNR2L1","Mic P2RY12",-1.45878721264197,2.67516688262137,0.603541837336496,0.437740524968743,0.854048465774756,0.896052181226495,"cognps_random_slope"
"10940","WSB1","Mic P2RY12",-0.215957501890294,8.80174259350671,0.65967322270505,0.417212624542372,0.840787365511229,0.886483329915441,"cognps_random_slope"
"10941","KSR1","Mic P2RY12",-0.0764263440750726,6.96545894311612,0.0249155222685513,0.874666334828566,0.999765323016076,0.999791880761836,"cognps_random_slope"
"10942","LGALS9","Mic P2RY12",-0.729631632498249,6.76371808376439,4.46412552273588,0.0353024158346693,0.358382812863917,0.452012408492564,"cognps_random_slope"
"10943","AC005697.1","Mic P2RY12",1.59034418786227,2.77027401714848,1.70883240357161,0.191972100743282,0.669079388045129,0.738884345436085,"cognps_random_slope"
"10944","NLK","Mic P2RY12",-0.427477315739881,7.86986385142396,4.16558322179474,0.0419828841613633,0.389620935350713,0.483156775608951,"cognps_random_slope"
"10945","IFT20","Mic P2RY12",0.137709695597718,4.4819925520715,0.0738891477105348,0.78591211438233,0.990846935978286,0.999791880761836,"cognps_random_slope"
"10946","TNFAIP1","Mic P2RY12",0.233804868844769,4.16694528250783,0.225579895290969,0.635109121638382,0.949736241790035,0.96945689678304,"cognps_random_slope"
"10947","POLDIP2","Mic P2RY12",0.134485616998693,4.1978878151872,0.082483871543962,0.949387461675814,0.999765323016076,0.999791880761836,"cognps_random_slope"
"10948","TMEM199","Mic P2RY12",0.379252982645633,3.93089612549048,0.499753344944374,0.480066318969173,0.880619779516585,0.916357223025992,"cognps_random_slope"
"10949","SARM1","Mic P2RY12",0.159437463651438,5.25644442719599,0.201611200483565,0.856792206718446,0.999765323016076,0.999791880761836,"cognps_random_slope"
"10950","SLC46A1","Mic P2RY12",-0.619837996476118,4.37917342292208,1.2704456534559,0.260434579649822,0.73470989405828,0.795715081347276,"cognps_random_slope"
"10951","AC005726.1","Mic P2RY12",0.386616731305438,5.07723572969475,0.914827065606107,0.339479404725583,0.791659841930402,0.845083638395346,"cognps_random_slope"
"10952","AC005726.5","Mic P2RY12",0.767809651446302,3.00798895469264,0.608987411781873,0.43568265082987,0.85221071235296,0.894740878389454,"cognps_random_slope"
"10953","KIAA0100","Mic P2RY12",-0.0332300599824292,6.37679629919832,0.0134757502919306,0.907649892524115,0.999765323016076,0.999791880761836,"cognps_random_slope"
"10954","SDF2","Mic P2RY12",-0.152162619524908,4.5783598590539,0.128593856485044,0.720104873332216,0.97571529536985,0.991463831658989,"cognps_random_slope"
"10955","SUPT6H","Mic P2RY12",0.02869762669362,6.21358725630609,0.0079661305161513,0.928930384636449,0.999765323016076,0.999791880761836,"cognps_random_slope"
"10956","PROCA1","Mic P2RY12",0.241674349333823,4.55602960557567,0.205766050959304,0.650379965906796,0.954157546074635,0.97303063252972,"cognps_random_slope"
"10957","RAB34","Mic P2RY12",-0.358558515229082,3.4786616605491,0.319153277946458,0.572469163796645,0.924344761669553,0.949774894686965,"cognps_random_slope"
"10958","RPL23A","Mic P2RY12",-0.79643552970233,5.55492960342924,2.24325634509526,0.135075285779496,0.597904562396194,0.675043375476584,"cognps_random_slope"
"10959","TRAF4","Mic P2RY12",1.09824832715584,3.04596765201733,2.1363251049611,0.144719330397759,0.611214543542504,0.688478013044413,"cognps_random_slope"
"10960","FAM222B","Mic P2RY12",0.22213348407056,6.8634827382627,0.471495021302971,0.492742693757306,0.884735626300203,0.919903672806468,"cognps_random_slope"
"10961","ERAL1","Mic P2RY12",0.144742098140828,3.70687499946994,0.0565353271172145,0.81219366363351,0.994447726155304,0.999791880761836,"cognps_random_slope"
"10962","FLOT2","Mic P2RY12",-0.55733536673268,6.88681604567867,1.31034507255167,0.253093454087464,0.730165031234622,0.790343567499959,"cognps_random_slope"
"10963","DHRS13","Mic P2RY12",-0.86593007982235,3.49031715264795,0.733222098052702,0.392410953248339,0.825293567800476,0.874623554902867,"cognps_random_slope"
"10964","PHF12","Mic P2RY12",-0.0233146049897834,6.12233208920872,0.00847388013088264,0.926706645157504,0.999765323016076,0.999791880761836,"cognps_random_slope"
"10965","PIPOX","Mic P2RY12",0.573731897429402,4.53019317892544,1.22323518590962,0.269465988981417,0.74348645631871,0.803161121309632,"cognps_random_slope"
"10966","MYO18A","Mic P2RY12",-0.215699850773082,6.27834668864436,0.273239038854583,0.601489100416591,0.936283425111275,0.959054741582592,"cognps_random_slope"
"10967","AC024619.3","Mic P2RY12",0.908219435302479,3.51187216186096,1.41661812669188,0.234745941289699,0.715803552876503,0.777974371744406,"cognps_random_slope"
"10968","NUFIP2","Mic P2RY12",-0.6540715765876,7.73511468921797,3.68032983893095,0.0558494155696113,0.439469825192612,0.5323996084638,"cognps_random_slope"
"10969","TAOK1","Mic P2RY12",-0.143254812582749,8.08885503340876,0.462790833360731,0.496760261444112,0.886350914592107,0.92129307139183,"cognps_random_slope"
"10970","ABHD15-AS1","Mic P2RY12",-0.94493669850967,7.00838117859256,2.44484386334902,0.118791121145156,0.575967372199787,0.655517609017361,"cognps_random_slope"
"10971","ABHD15","Mic P2RY12",0.0427905124022116,4.38298521465273,0.00784526701092148,0.929470162348202,0.999765323016076,0.999791880761836,"cognps_random_slope"
"10972","GIT1","Mic P2RY12",-0.235651190128188,4.85249743040358,0.363075844735779,0.736490988983101,0.980110798745039,0.993965240743731,"cognps_random_slope"
"10973","CORO6","Mic P2RY12",-0.0328791791557756,3.63797111441321,0.00127078877027433,0.971582713275878,0.999765323016076,0.999791880761836,"cognps_random_slope"
"10974","SSH2","Mic P2RY12",-0.364229970485693,11.1025012401779,1.54438049046783,0.214776618509452,0.695726725802554,0.760983634181297,"cognps_random_slope"
"10975","AC023389.1","Mic P2RY12",0.196049147256113,3.38962770379223,0.0723079843625989,0.788159727041381,0.990886185623222,0.999791880761836,"cognps_random_slope"
"10976","EFCAB5","Mic P2RY12",0.0400484480112212,3.06449648432429,0.00268868689299779,0.958674972487782,0.999765323016076,0.999791880761836,"cognps_random_slope"
"10977","NSRP1","Mic P2RY12",-0.1516882127513,7.08456003424947,0.514725039670394,0.473566286510476,0.876676585927185,0.913624953978404,"cognps_random_slope"
"10978","AC104984.3","Mic P2RY12",-0.0118677788297813,2.92688693636621,0.000309915861885564,0.985964187320005,0.999765323016076,0.999791880761836,"cognps_random_slope"
"10979","BLMH","Mic P2RY12",-0.073635460501751,5.42039350123071,0.0556705832636949,0.829673458650347,0.998693448757996,0.999791880761836,"cognps_random_slope"
"10980","CPD","Mic P2RY12",-0.0283784371046553,5.34627522477004,0.00689718592877932,0.933858546758042,0.999765323016076,0.999791880761836,"cognps_random_slope"
"10981","GOSR1","Mic P2RY12",0.0897914092438271,6.43373612810012,0.161702543792638,0.6878327275765,0.966806654896821,0.98302306454594,"cognps_random_slope"
"10982","AC127024.2","Mic P2RY12",-0.0270150391924119,4.63736930228016,0.00227388132461755,0.961993574010953,0.999765323016076,0.999791880761836,"cognps_random_slope"
"10983","CRLF3","Mic P2RY12",-0.494359243578755,7.35211382433926,5.01237067060115,0.0257779239889936,0.311216179618471,0.402189132409592,"cognps_random_slope"
"10984","ATAD5","Mic P2RY12",-0.118032497210104,4.61555693630185,0.0502796221319306,0.822704759588981,0.996726931048618,0.999791880761836,"cognps_random_slope"
"10985","AC130324.2","Mic P2RY12",-0.901458661742551,3.82686667242664,1.92511910374616,0.166152582634105,0.637222862646941,0.71475062731459,"cognps_random_slope"
"10986","TEFM","Mic P2RY12",0.119431483988632,5.73538699663522,0.112079548687739,0.737984082218122,0.980436558830992,0.994247512606934,"cognps_random_slope"
"10987","ADAP2","Mic P2RY12",0.619548533165028,8.39546410915701,4.02785664441726,0.045502758434979,0.402231177959864,0.496303671464248,"cognps_random_slope"
"10988","RNF135","Mic P2RY12",0.348807294248575,6.2392353575116,1.03920420045984,0.308691913456162,0.76785366002022,0.827095076785596,"cognps_random_slope"
"10989","NF1","Mic P2RY12",-0.144515066704962,9.15093939710058,0.758174319880241,0.384481322392252,0.821032396412535,0.870793135686283,"cognps_random_slope"
"10990","OMG","Mic P2RY12",-0.694860467767418,4.1446581893343,1.19291850564643,0.275472786267069,0.747595304395617,0.807065491221298,"cognps_random_slope"
"10991","EVI2B","Mic P2RY12",-1.0388564941714,4.72605066898611,2.96957084328823,0.0857039058171201,0.510452463046768,0.596500745580875,"cognps_random_slope"
"10992","RAB11FIP4","Mic P2RY12",-0.00149854536587667,3.69122164806829,1.62477721794444e-06,0.998983669525171,0.999765323016076,0.999791880761836,"cognps_random_slope"
"10993","AC007923.4","Mic P2RY12",-0.530536097899628,3.79309506816485,0.607398585913778,0.436281532593201,0.852896982973229,0.895073905934454,"cognps_random_slope"
"10994","COPRS","Mic P2RY12",0.152716190903505,3.79651779938145,0.0566414085516211,0.812020856048179,0.994447726155304,0.999791880761836,"cognps_random_slope"
"10995","UTP6","Mic P2RY12",0.263384730713624,6.1638342405628,0.677501557068992,0.410993850186095,0.836655446793785,0.883410488123251,"cognps_random_slope"
"10996","AC004253.1","Mic P2RY12",-0.00303121496357387,3.67650250470098,4.70717796914745e-05,0.994529650827753,0.999765323016076,0.999791880761836,"cognps_random_slope"
"10997","SUZ12","Mic P2RY12",0.0950604133749426,7.2577874030168,0.179213447666229,0.672303118894255,0.961372041791375,0.97865973324565,"cognps_random_slope"
"10998","LRRC37B","Mic P2RY12",-0.237324385813577,6.18437977488786,0.486993805855106,0.485722314074186,0.881786963332351,0.917153990729288,"cognps_random_slope"
"10999","AC116407.2","Mic P2RY12",0.597644443073189,3.22125355913617,0.489423961161282,0.484636628872613,0.881462467904707,0.916739510069731,"cognps_random_slope"
"11000","RHOT1","Mic P2RY12",-0.0565395394441655,7.75749761087774,0.07600235260379,0.782948171718548,0.990117185051922,0.999692276796435,"cognps_random_slope"
"11001","RHBDL3","Mic P2RY12",0.628879084403919,3.01019828327018,0.585054525436909,0.444839528366851,0.85802776256953,0.899211617235781,"cognps_random_slope"
"11002","C17orf75","Mic P2RY12",0.748059574863422,3.40292196345954,1.12007674848162,0.290612273095047,0.755474085274518,0.816638205490076,"cognps_random_slope"
"11003","ZNF207","Mic P2RY12",-0.215959336668127,7.70152716898157,1.22185103349872,0.651505169216658,0.954396673881989,0.973494108193761,"cognps_random_slope"
"11004","AC005899.6","Mic P2RY12",-0.336808130221653,2.63166956023753,0.101154011659155,0.892124327379846,0.999765323016076,0.999791880761836,"cognps_random_slope"
"11005","AC005899.8","Mic P2RY12",0.81624031704649,2.7420451851011,0.57717519035228,0.44791941151403,0.86014361349555,0.901347539784763,"cognps_random_slope"
"11006","PSMD11","Mic P2RY12",0.366554156427495,5.59861398926277,1.54031877832932,0.215379311337144,0.696553249426591,0.761682599858182,"cognps_random_slope"
"11007","CDK5R1","Mic P2RY12",0.927326770033151,3.53162228238371,1.71501474736593,0.191172025262038,0.668842142648054,0.738742108670213,"cognps_random_slope"
"11008","MYO1D","Mic P2RY12",-0.207503767803964,5.86294434401425,0.181694580835238,0.670175990682625,0.960390254014357,0.977508744679141,"cognps_random_slope"
"11009","ASIC2","Mic P2RY12",1.7232668170264,4.27663998390974,6.50856031751251,0.0111489698993906,0.207889373677617,0.280180611332,"cognps_random_slope"
"11010","CCL2","Mic P2RY12",-0.14257380515767,3.04732458790344,0.00889446738596394,0.924915045060211,0.999765323016076,0.999791880761836,"cognps_random_slope"
"11011","CCL8","Mic P2RY12",4.44168531898738,2.21793460818127,7.4536761427288,0.00664223719441406,0.160863936801003,0.221747540920322,"cognps_random_slope"
"11012","ZNF830","Mic P2RY12",-0.119196755440393,4.29268280128081,0.0601253784166687,0.806437746418244,0.993231645669267,0.999791880761836,"cognps_random_slope"
"11013","LIG3","Mic P2RY12",-0.115125530667547,3.83553313263041,0.0470598028052622,0.828383794157808,0.99852595020559,0.999791880761836,"cognps_random_slope"
"11014","RFFL","Mic P2RY12",-0.677595635664038,3.93447584198017,1.73438537919302,0.188690361417437,0.664906529938228,0.735990345701752,"cognps_random_slope"
"11015","SLFN5","Mic P2RY12",0.0543367302235548,4.23209601263786,0.00476220821605787,0.945021004797921,0.999765323016076,0.999791880761836,"cognps_random_slope"
"11016","SLFN11","Mic P2RY12",-0.102518800673664,5.31909265697092,0.0635880672430268,0.80105623434653,0.992196422862696,0.999791880761836,"cognps_random_slope"
"11017","SLFN12","Mic P2RY12",-0.00736365043096191,4.48780265434805,0.000244968963718229,0.987521111401736,0.999765323016076,0.999791880761836,"cognps_random_slope"
"11018","LINC02001","Mic P2RY12",0.364334853132228,4.84750104786935,0.862451095936562,0.353676572301642,0.802231035616203,0.853846112720093,"cognps_random_slope"
"11019","AP2B1","Mic P2RY12",-0.454832619940734,6.89194834528629,4.51679380829529,0.0342449077698639,0.352916829082006,0.446237053843496,"cognps_random_slope"
"11020","TAF15","Mic P2RY12",-0.176865901899977,8.02079100355709,0.930541785160639,0.335370392070279,0.788335138420244,0.843947481775247,"cognps_random_slope"
"11021","MMP28","Mic P2RY12",1.43120988690832,3.17637062575124,1.72478188356186,0.189915970972672,0.667120295414095,0.737903096419166,"cognps_random_slope"
"11022","AC015849.3","Mic P2RY12",-0.418055629013382,3.74641349709883,0.305022729834506,0.581093688075139,0.927859733775962,0.9522571873954,"cognps_random_slope"
"11023","CCL3","Mic P2RY12",-2.09079053010643,4.477048606764,1.69305608967491,0.194031606593087,0.672384800056491,0.7412986548031,"cognps_random_slope"
"11024","CCL4","Mic P2RY12",-3.89048787903918,4.16122504906113,4.87531155581246,0.0278740516325249,0.323131631425144,0.415347319269844,"cognps_random_slope"
"11025","AC243829.1","Mic P2RY12",0.507955455399536,2.84224609114094,0.162485234147744,0.687118186809816,0.966541875561649,0.982897568727292,"cognps_random_slope"
"11026","CCL3L1","Mic P2RY12",-0.941958117457185,3.12198560864498,0.264126916662045,0.607614610428554,0.93885760879533,0.96134095703673,"cognps_random_slope"
"11027","CCL4L2","Mic P2RY12",-1.9944537942041,3.74106334290635,1.11650741115187,0.29138102636157,0.756157462097483,0.817367828707429,"cognps_random_slope"
"11028","ZNHIT3","Mic P2RY12",0.551732251618583,4.01723301767923,1.07459475140333,0.30060641458194,0.762414699475663,0.823013995190349,"cognps_random_slope"
"11029","MYO19","Mic P2RY12",-0.23406555786386,5.70919800127784,0.531037855117066,0.486563548792318,0.881786963332351,0.91723721705446,"cognps_random_slope"
"11030","GGNBP2","Mic P2RY12",-0.448833957951421,7.1669932134152,2.89019437460595,0.0899847781522365,0.521351496765293,0.605945885138044,"cognps_random_slope"
"11031","MRM1","Mic P2RY12",1.08471474094163,3.44094948382845,2.53154893453495,0.112469240342823,0.564329822206441,0.647351219946283,"cognps_random_slope"
"11032","AATF","Mic P2RY12",0.061311515894052,6.595643196709,0.0456484513321982,0.847126504982611,0.999765323016076,0.999791880761836,"cognps_random_slope"
"11033","ACACA","Mic P2RY12",-0.270477766354599,7.28500385433221,0.719637891087758,0.396826984114527,0.828429241452076,0.876968316775435,"cognps_random_slope"
"11034","TADA2A","Mic P2RY12",-0.247447247891187,5.75002134733202,0.544233708826042,0.461164495781494,0.867857487875631,0.907803576517925,"cognps_random_slope"
"11035","DUSP14","Mic P2RY12",-0.255935715634464,2.68976602854214,0.0701143734510892,0.803323944075656,0.993021324099056,0.999791880761836,"cognps_random_slope"
"11036","SYNRG","Mic P2RY12",-0.0491876603203178,7.40088786063676,0.0706170746130089,0.941680555604345,0.999765323016076,0.999791880761836,"cognps_random_slope"
"11037","DDX52","Mic P2RY12",0.547744075978515,5.33260896935005,2.82958700734758,0.0934101833051533,0.529074330715283,0.613677480768129,"cognps_random_slope"
"11038","MRPL45","Mic P2RY12",-0.105427299259772,4.24864506078801,0.0546008418538925,0.815375507583177,0.994957963721761,0.999791880761836,"cognps_random_slope"
"11039","SOCS7","Mic P2RY12",0.21792900533948,5.54845425591685,0.547087619507719,0.45999267924452,0.866792533233255,0.907242372423074,"cognps_random_slope"
"11040","ARHGAP23","Mic P2RY12",0.0424709898094027,3.33901725897605,0.00325315715338641,0.954547831991409,0.999765323016076,0.999791880761836,"cognps_random_slope"
"11041","SRCIN1","Mic P2RY12",1.05918615032157,3.64058543021614,2.23490991349089,0.13580143103921,0.599890377165246,0.676677787802261,"cognps_random_slope"
"11042","MLLT6","Mic P2RY12",-0.167827819876297,7.11291518296687,0.350493791193378,0.554205743447957,0.915359234893125,0.94331516081776,"cognps_random_slope"
"11043","CISD3","Mic P2RY12",-1.02800020722397,3.79544564196918,2.42861758755245,0.120017472305257,0.577713414641791,0.657863825218093,"cognps_random_slope"
"11044","PSMB3","Mic P2RY12",-0.0393025068482257,4.60924791089201,0.00869238281116644,0.925770416502811,0.999765323016076,0.999791880761836,"cognps_random_slope"
"11045","PIP4K2B","Mic P2RY12",0.249653023679346,5.76149485139019,0.632489851538068,0.426968064325249,0.847227655008257,0.891073178269958,"cognps_random_slope"
"11046","CWC25","Mic P2RY12",-0.191940671327587,5.35588489617107,0.2603606796505,0.610185500429815,0.938887784751883,0.961665998405465,"cognps_random_slope"
"11047","RPL23","Mic P2RY12",-0.49257284967465,5.40525715860151,1.26902629032432,0.260700557586772,0.734821497808907,0.795719496250888,"cognps_random_slope"
"11048","LASP1","Mic P2RY12",-0.167550940663612,6.47715831581768,0.332280627514942,0.773554846609795,0.9876732269781,0.998208143973629,"cognps_random_slope"
"11049","LINC00672","Mic P2RY12",0.930854357911606,3.05992423196533,1.11006762266407,0.2927746066566,0.757810479807648,0.818594356594384,"cognps_random_slope"
"11050","PLXDC1","Mic P2RY12",0.116667846352734,5.13956104004983,0.025365574818617,0.873548920474543,0.999765323016076,0.999791880761836,"cognps_random_slope"
"11051","ARL5C","Mic P2RY12",1.09827816559038,4.10338904776034,1.40896212854658,0.236012246372369,0.717034210514582,0.779510609678998,"cognps_random_slope"
"11052","CACNB1","Mic P2RY12",-0.0453128548027192,3.372123994913,0.00372009722759771,0.951398983738667,0.999765323016076,0.999791880761836,"cognps_random_slope"
"11053","RPL19","Mic P2RY12",-0.696286367649759,6.05399978495957,1.86109331449546,0.173351788090881,0.645854089686386,0.722173203526035,"cognps_random_slope"
"11054","FBXL20","Mic P2RY12",-0.148052330120781,7.59709158845651,0.116334767019659,0.733243420904536,0.978719188594747,0.993120241739745,"cognps_random_slope"
"11055","MED1","Mic P2RY12",-0.48404660275717,5.20986552787512,2.02980433891559,0.155107668589204,0.62457868592666,0.703319064429527,"cognps_random_slope"
"11056","CDK12","Mic P2RY12",-0.349828703245043,6.88270357137414,3.01413243716168,0.0833980459333063,0.505420462602119,0.593030725533821,"cognps_random_slope"
"11057","NEUROD2","Mic P2RY12",2.01097524328398,2.82407218979892,3.76805337172697,0.0530213310379567,0.431118033845262,0.523624991942937,"cognps_random_slope"
"11058","PPP1R1B","Mic P2RY12",2.4077957775546,2.67096072170402,4.8192471980213,0.028782117776721,0.327454121539179,0.419486965047603,"cognps_random_slope"
"11059","STARD3","Mic P2RY12",-0.3007839185566,5.6401543810671,0.89876031931268,0.583673288010801,0.928418891611539,0.952593161120705,"cognps_random_slope"
"11060","PGAP3","Mic P2RY12",0.171786780083525,3.83621259948805,0.0975991464578374,0.754911065832667,0.982476759563326,0.995116060293368,"cognps_random_slope"
"11061","ERBB2","Mic P2RY12",1.22640074783997,2.53817536192436,1.29638964356947,0.255631650125891,0.731366298748306,0.792303485302201,"cognps_random_slope"
"11062","MIEN1","Mic P2RY12",0.373264596147913,3.67692518373987,0.262139134186919,0.608968595028057,0.93885760879533,0.961459183207151,"cognps_random_slope"
"11063","IKZF3","Mic P2RY12",0.350385266300063,2.66041954263295,0.0851594811658431,0.770591768829073,0.986443273387328,0.997526881305537,"cognps_random_slope"
"11064","GSDMB","Mic P2RY12",-0.101010981239884,4.35557792301108,0.0376215200878638,0.846314617823719,0.999765323016076,0.999791880761836,"cognps_random_slope"
"11065","ORMDL3","Mic P2RY12",-0.689579941398038,3.16983612346194,0.961084140032094,0.327572917734371,0.781740405134397,0.838171766010827,"cognps_random_slope"
"11066","AC090844.2","Mic P2RY12",1.85923911149603,3.20339887103337,4.89986851496292,0.0274857860433434,0.320014786070239,0.41173890122736,"cognps_random_slope"
"11067","PSMD3","Mic P2RY12",0.36635215735916,5.05298814574349,0.932310037182908,0.33491222752179,0.787949220684605,0.843736302321908,"cognps_random_slope"
"11068","MED24","Mic P2RY12",0.706178434897368,5.16782719746379,4.37920333464812,0.0370804377861651,0.366997745031314,0.460594198286002,"cognps_random_slope"
"11069","THRA","Mic P2RY12",0.516016896113821,4.1189772731125,1.05242581390301,0.305638589965211,0.766189285112733,0.825953917776889,"cognps_random_slope"
"11070","NR1D1","Mic P2RY12",1.80695184663622,2.9991362283881,4.18404431804113,0.041533398740185,0.388599379729277,0.482085645997451,"cognps_random_slope"
"11071","MSL1","Mic P2RY12",0.251690778689304,6.22989770508863,0.80788841657323,0.370236581942571,0.812104761618872,0.863532460737016,"cognps_random_slope"
"11072","CASC3","Mic P2RY12",0.0929134011723128,5.87387808641526,0.0939415172551765,0.759402263320854,0.983190954097967,0.995414674993652,"cognps_random_slope"
"11073","RAPGEFL1","Mic P2RY12",0.0691068333717096,3.78188231930518,0.0151562987623477,0.902088035935184,0.999765323016076,0.999791880761836,"cognps_random_slope"
"11074","WIPF2","Mic P2RY12",0.442714127237988,6.6799853257933,4.42750868204259,0.0360578149618575,0.362770854582472,0.456098933870743,"cognps_random_slope"
"11075","KRT10","Mic P2RY12",-0.369897709997229,4.38521988640953,0.410775784012808,0.521984211450221,0.898873767589908,0.931391693482013,"cognps_random_slope"
"11076","EIF1","Mic P2RY12",-1.03514734206859,6.63452298814111,6.88830488550817,0.00904610773689303,0.191181134368775,0.262039569451108,"cognps_random_slope"
"11077","JUP","Mic P2RY12",0.0625291999798753,3.9123689208076,0.00574872244756726,0.939604201838952,0.999765323016076,0.999791880761836,"cognps_random_slope"
"11078","P3H4","Mic P2RY12",1.00659025475026,3.13252799937832,1.84324807143571,0.17542201183646,0.647048461847128,0.722354202164928,"cognps_random_slope"
"11079","NT5C3B","Mic P2RY12",-6.03371697209975e-05,3.82993623702479,2.18893754011316e-05,0.996269618475239,0.999765323016076,0.999791880761836,"cognps_random_slope"
"11080","ACLY","Mic P2RY12",0.036495301249884,5.57476837046607,0.016368073243086,0.898269730281351,0.999765323016076,0.999791880761836,"cognps_random_slope"
"11081","CNP","Mic P2RY12",0.0738539320431138,4.51430884572441,0.0181852751959517,0.892803707796288,0.999765323016076,0.999791880761836,"cognps_random_slope"
"11082","DNAJC7","Mic P2RY12",-0.0242754733561667,6.6872871829873,0.0080850461885046,0.981592299553,0.999765323016076,0.999791880761836,"cognps_random_slope"
"11083","NKIRAS2","Mic P2RY12",-0.40069209625725,4.48576347493874,0.752599714686462,0.386232882152727,0.821833415962003,0.871371993208569,"cognps_random_slope"
"11084","ZNF385C","Mic P2RY12",2.04178452923668,2.87672976127131,4.27804564760469,0.0393221057786877,0.37707757742416,0.47106469548632,"cognps_random_slope"
"11085","DHX58","Mic P2RY12",1.168814578671,4.0274965759339,3.58317630912087,0.0591701360994353,0.44989912477379,0.543094414862529,"cognps_random_slope"
"11086","KAT2A","Mic P2RY12",0.428459979363693,6.19627760798494,1.49875713196824,0.221664082536867,0.70294595092844,0.767266569485017,"cognps_random_slope"
"11087","GHDC","Mic P2RY12",-0.0813388082233319,3.94140434438008,0.0210029275612932,0.88485216715504,0.999765323016076,0.999791880761836,"cognps_random_slope"
"11088","STAT5B","Mic P2RY12",0.0724516425548224,7.24457968829078,0.0590163948550254,0.808195874796697,0.993593436458099,0.999791880761836,"cognps_random_slope"
"11089","STAT5A","Mic P2RY12",-0.520675763685,6.11789554654571,2.42580123437471,0.120231756393808,0.578537079868373,0.658718091834362,"cognps_random_slope"
"11090","STAT3","Mic P2RY12",-0.30574828779917,8.4328477121304,0.601270591299633,0.438603231466174,0.854444236789968,0.896492280453752,"cognps_random_slope"
"11091","ATP6V0A1","Mic P2RY12",0.309168068374978,7.70001305554416,0.911940184157939,0.340241611234721,0.792163844541979,0.845221883585983,"cognps_random_slope"
"11092","NAGLU","Mic P2RY12",-0.244255124230619,5.34500138141498,0.440521586544643,0.507296073183021,0.891301972336335,0.926064964373514,"cognps_random_slope"
"11093","COASY","Mic P2RY12",0.20976112927531,4.10570118725504,0.155115408220936,0.693927463540891,0.969058581089121,0.984989885855413,"cognps_random_slope"
"11094","MLX","Mic P2RY12",-0.764371923613319,5.36370719253225,2.95192700646365,0.0866359498642821,0.511998364085591,0.597416073799922,"cognps_random_slope"
"11095","RETREG3","Mic P2RY12",-0.256042862342713,5.87770422368278,0.745359265423832,0.388524907287006,0.823456298088724,0.872608875947737,"cognps_random_slope"
"11096","TUBG1","Mic P2RY12",0.0717270828586734,3.42463134880924,0.0121996845158694,0.912112383128441,0.999765323016076,0.999791880761836,"cognps_random_slope"
"11097","TUBG2","Mic P2RY12",0.60504028691735,4.41981932108291,1.65335866092021,0.199329719705113,0.677458172398737,0.746121290179607,"cognps_random_slope"
"11098","PLEKHH3","Mic P2RY12",0.367119452446453,3.4921423402233,0.267008329088883,0.605663321177585,0.938251396993456,0.96063951285617,"cognps_random_slope"
"11099","AC100793.2","Mic P2RY12",-2.04585210020387,3.1087517038256,7.13703777342336,0.00789411849204367,0.17572937194664,0.243132378966017,"cognps_random_slope"
"11100","CNTNAP1","Mic P2RY12",0.418280792948802,3.14439506327746,0.328175666605546,0.567093293390766,0.922925953141032,0.948745471623017,"cognps_random_slope"
"11101","AC100793.3","Mic P2RY12",-0.191476532434945,2.81848791999038,0.039512924157926,0.842548280593606,0.999765323016076,0.999791880761836,"cognps_random_slope"
"11102","EZH1","Mic P2RY12",0.016250987209619,6.20734632343176,0.00257884778159333,0.95952714321835,0.999765323016076,0.999791880761836,"cognps_random_slope"
"11103","VPS25","Mic P2RY12",-0.0772681586912888,3.23302167943948,0.0130984412352974,0.908946200443046,0.999765323016076,0.999791880761836,"cognps_random_slope"
"11104","COA3","Mic P2RY12",0.801316473790493,3.16493606172783,0.919812778421339,0.33816846505217,0.790943473347887,0.844859240409862,"cognps_random_slope"
"11105","CNTD1","Mic P2RY12",-2.94831188655363,2.34046612963428,7.58589910122314,0.00618160253431284,0.155422611355399,0.214151388847228,"cognps_random_slope"
"11106","BECN1","Mic P2RY12",0.332222074619209,4.83028641699672,0.737711943265943,0.390966931977641,0.824692295940985,0.873932594956922,"cognps_random_slope"
"11107","PSME3","Mic P2RY12",-0.500163411795082,4.26693818954842,1.12697782627923,0.28913327880105,0.75452783964146,0.81552730771546,"cognps_random_slope"
"11108","LINC00671","Mic P2RY12",-0.084541447602159,2.62076897556017,0.00306549650578471,0.955876890653994,0.999765323016076,0.999791880761836,"cognps_random_slope"
"11109","RUNDC1","Mic P2RY12",-0.464525996239467,4.53955590956585,1.14888196235714,0.284502081097803,0.753549217160752,0.813095273637445,"cognps_random_slope"
"11110","RPL27","Mic P2RY12",-0.869948067813155,5.08524062683327,2.44975386845921,0.118422780208763,0.575619759730735,0.655064952022695,"cognps_random_slope"
"11111","IFI35","Mic P2RY12",0.742490942109362,3.77332404131621,1.14906405054775,0.284463979449583,0.753549217160752,0.813095273637445,"cognps_random_slope"
"11112","VAT1","Mic P2RY12",-1.15297509484864,3.05775196572965,1.946271800638,0.163850124680672,0.634794888940643,0.711912403114269,"cognps_random_slope"
"11113","BRCA1","Mic P2RY12",0.800452853746075,4.45493929296001,2.18664719503951,0.140087390908737,0.60499875139155,0.681395949954146,"cognps_random_slope"
"11114","NBR1","Mic P2RY12",0.298887331492983,6.00786701508646,0.718226423662141,0.397289943813238,0.828429241452076,0.876968316775435,"cognps_random_slope"
"11115","TMEM106A","Mic P2RY12",0.51887198763514,7.30397916779169,3.87020349935961,0.0499188336221877,0.418083513064701,0.510316389867414,"cognps_random_slope"
"11116","LINC00854","Mic P2RY12",0.333562915683938,6.18299333557638,0.489498089692407,0.484603574698767,0.881462467904707,0.916739510069731,"cognps_random_slope"
"11117","LINC00910","Mic P2RY12",0.229944485840267,2.83336805897932,0.0657140380245554,0.797829104695146,0.992143902613387,0.999791880761836,"cognps_random_slope"
"11118","DHX8","Mic P2RY12",0.038533799106525,5.33357309770116,0.0155464364171082,0.900842321075654,0.999765323016076,0.999791880761836,"cognps_random_slope"
"11119","DUSP3","Mic P2RY12",0.124215421016074,4.80216273999485,0.0768545036110726,0.781765515738832,0.990020960532974,0.999508397105588,"cognps_random_slope"
"11120","TMEM101","Mic P2RY12",-0.453255834535989,3.47003551404924,0.494641620300965,0.608724581315317,0.93885760879533,0.961459183207151,"cognps_random_slope"
"11121","LSM12","Mic P2RY12",-0.597660520831272,5.13988185688063,2.86560063696871,0.0913579647579858,0.525220113994752,0.610153299020831,"cognps_random_slope"
"11122","G6PC3","Mic P2RY12",-1.07886216518245,3.67534623824144,3.17407300289279,0.0962425436335007,0.534469259625042,0.619630650615849,"cognps_random_slope"
"11123","HDAC5","Mic P2RY12",0.372075532090176,5.83425689591362,1.03896151689012,0.308748327639152,0.76785366002022,0.827095076785596,"cognps_random_slope"
"11124","ASB16-AS1","Mic P2RY12",0.424328590669276,4.33505607870284,0.862020544332309,0.546507576920597,0.911392352382404,0.940041033146701,"cognps_random_slope"
"11125","TMUB2","Mic P2RY12",-0.469330326987268,5.17200414078379,1.62640029185245,0.606347182597869,0.938374566313568,0.960785488792566,"cognps_random_slope"
"11126","ATXN7L3","Mic P2RY12",-0.367676800825454,4.58860099239047,0.8544534932042,0.355915323894036,0.80472772996524,0.855996477191278,"cognps_random_slope"
"11127","UBTF","Mic P2RY12",-0.196821853745903,4.99053266953336,0.272588321589774,0.722938727539201,0.976701705810179,0.991928003437538,"cognps_random_slope"
"11128","AC003102.1","Mic P2RY12",0.151532301971928,4.07350816648651,0.0597424429047185,0.807042876143591,0.993352542948726,0.999791880761836,"cognps_random_slope"
"11129","RUNDC3A","Mic P2RY12",1.18046454594726,3.97503343128791,3.55237985220145,0.0602662573027616,0.45245272499401,0.545663763409944,"cognps_random_slope"
"11130","SLC25A39","Mic P2RY12",-0.608918383185737,5.15904799231942,2.11447116253445,0.146784605831972,0.613906387967251,0.69162109648155,"cognps_random_slope"
"11131","GRN","Mic P2RY12",-0.513027944835872,6.50572302227751,1.66889570602597,0.1972360924681,0.676207044958963,0.744882934797189,"cognps_random_slope"
"11132","GPATCH8","Mic P2RY12",-0.00475353786832568,8.2156778264946,0.00078207502432963,0.977705096280806,0.999765323016076,0.999791880761836,"cognps_random_slope"
"11133","FZD2","Mic P2RY12",-0.756633240280259,4.009618264301,1.49759251253103,0.221843332660391,0.70294595092844,0.76733015262788,"cognps_random_slope"
"11134","CCDC43","Mic P2RY12",0.413785425934331,3.34698061570027,0.387918567617109,0.641835439520389,0.950981688448549,0.970806423495585,"cognps_random_slope"
"11135","DBF4B","Mic P2RY12",0.582673158558461,4.7407196026043,1.63615219602959,0.201678935324099,0.681388129965539,0.748750892803023,"cognps_random_slope"
"11136","ADAM11","Mic P2RY12",0.993667447134884,3.4192906839061,1.79008830318097,0.18176080059582,0.657493253607149,0.729889000517839,"cognps_random_slope"
"11137","EFTUD2","Mic P2RY12",-0.0488476320285086,5.89723290089069,0.0244129067434512,0.875926552805656,0.999765323016076,0.999791880761836,"cognps_random_slope"
"11138","GFAP","Mic P2RY12",0.0313413766129181,3.95032023900694,0.00213384184916754,0.963181642523297,0.999765323016076,0.999791880761836,"cognps_random_slope"
"11139","DCAKD","Mic P2RY12",0.461542057809402,5.19905938792149,1.5639317845207,0.211903507122836,0.692032617931702,0.758278026388146,"cognps_random_slope"
"11140","NMT1","Mic P2RY12",0.0725877169107496,6.6393101577888,0.0674980604347358,0.79516372172046,0.992143902613387,0.999791880761836,"cognps_random_slope"
"11141","ACBD4","Mic P2RY12",-0.275259914813781,4.3690397268697,0.369087674658497,0.543885399365451,0.91027953501891,0.939401228737103,"cognps_random_slope"
"11142","AC142472.1","Mic P2RY12",-0.117742313261776,2.8380200047496,0.0135480565643999,0.907403581367653,0.999765323016076,0.999791880761836,"cognps_random_slope"
"11143","HEXIM1","Mic P2RY12",-1.32894597564502,3.95166209822343,6.02587381721341,0.0145706443945387,0.239290693052958,0.31861801927728,"cognps_random_slope"
"11144","AC138150.1","Mic P2RY12",0.0396422822823381,5.4926233501247,0.00547798297547914,0.941040874954828,0.999765323016076,0.999791880761836,"cognps_random_slope"
"11145","HEXIM2","Mic P2RY12",-0.260370385409363,2.67630916560714,0.0858868517845518,0.769641814944983,0.986443273387328,0.997526881305537,"cognps_random_slope"
"11146","AC008105.3","Mic P2RY12",-0.727302058244148,6.31749519707378,3.70530793890775,0.0550281591889127,0.436313933844455,0.529175079983612,"cognps_random_slope"
"11147","FMNL1","Mic P2RY12",-0.446519065886912,7.6659227430652,2.31184487390322,0.129270280997918,0.589034694203705,0.666605325960214,"cognps_random_slope"
"11148","MAP3K14","Mic P2RY12",0.454464933025887,7.36910023557133,2.8315375739889,0.0932977518891958,0.529074330715283,0.613677480768129,"cognps_random_slope"
"11149","ARHGAP27","Mic P2RY12",0.412903986450577,6.90755744356234,2.55968187384325,0.232812754203513,0.713984505367052,0.776521381336779,"cognps_random_slope"
"11150","PLEKHM1","Mic P2RY12",-0.177548022888258,5.98652654822276,0.308306873958989,0.579066228527032,0.926619179039757,0.951579377988005,"cognps_random_slope"
"11151","LINC02210-CRHR1","Mic P2RY12",0.435602982007943,4.38148224411162,0.621755453850253,0.430915163792836,0.848974745989819,0.89224407080792,"cognps_random_slope"
"11152","MAPT","Mic P2RY12",1.06283502610053,4.42265378472808,3.78126018238313,0.0526089327686461,0.430779715700843,0.523388818398865,"cognps_random_slope"
"11153","KANSL1","Mic P2RY12",-0.168935339666574,9.27600610597939,0.474336112139854,0.491443146902301,0.884362129418206,0.919391398797807,"cognps_random_slope"
"11154","KANSL1-AS1","Mic P2RY12",-0.311078356477919,2.75108165959326,0.106289380890901,0.744598453623501,0.982219019325995,0.994674014762625,"cognps_random_slope"
"11155","ARL17B","Mic P2RY12",-0.992179283867537,6.29441510399339,1.13064393918701,0.288351490957933,0.754255972880221,0.814647163364235,"cognps_random_slope"
"11156","LRRC37A","Mic P2RY12",-0.824428790433477,3.67490983624044,1.43827744918931,0.231207857404953,0.71251308323617,0.774762683133913,"cognps_random_slope"
"11157","LRRC37A2","Mic P2RY12",-0.10042031738797,5.75577723372553,0.0451662436424416,0.831819044055271,0.999353047219133,0.999791880761836,"cognps_random_slope"
"11158","ARL17A","Mic P2RY12",-0.822963637104513,5.62230325947463,1.66818350202624,0.197331494651281,0.676207044958963,0.744882934797189,"cognps_random_slope"
"11159","NSF","Mic P2RY12",-0.0948530052994257,8.1637694989305,0.100539340574855,0.75136735671933,0.982244103840787,0.994674014762625,"cognps_random_slope"
"11160","AC005670.2","Mic P2RY12",-0.610897247389597,4.632922660019,1.51491267614844,0.219195362610525,0.700223374098605,0.765178473334517,"cognps_random_slope"
"11161","CDC27","Mic P2RY12",-0.29588177761023,7.64735307826028,2.41331365131692,0.121187020561371,0.58042432542635,0.660503517595267,"cognps_random_slope"
"11162","AC068234.1","Mic P2RY12",-1.77686580709858,4.25508519101411,5.85208050874889,0.016054254289382,0.250166350851173,0.33328099719532,"cognps_random_slope"
"11163","AC068234.2","Mic P2RY12",0.214867843450651,2.7141939094069,0.0434428003126949,0.835011725140542,0.999366959106503,0.999791880761836,"cognps_random_slope"
"11164","EFCAB13","Mic P2RY12",0.541067502803299,6.3892697169367,2.11709885975055,0.14653452330877,0.61346739983156,0.691134064434355,"cognps_random_slope"
"11165","AC040934.1","Mic P2RY12",-0.493076829783101,4.08385972568071,0.845952541433159,0.35831638237423,0.806889235455732,0.858018358006056,"cognps_random_slope"
"11166","NPEPPS","Mic P2RY12",-0.215759238294864,7.56227523674721,0.948718197712026,0.330700476050553,0.782992241597155,0.839379744306457,"cognps_random_slope"
"11167","AC025682.1","Mic P2RY12",-0.108630959231509,5.29950978699481,0.0838252601271265,0.772345789222815,0.987134048176166,0.99779870021368,"cognps_random_slope"
"11168","KPNB1","Mic P2RY12",-0.263249960646997,7.31027811359855,1.41496721010287,0.235018304485642,0.71611648440475,0.778273747742187,"cognps_random_slope"
"11169","TBKBP1","Mic P2RY12",2.6182453061714,3.11416774814326,9.10666867427314,0.00272829966080615,0.109783640588684,0.157450661747735,"cognps_random_slope"
"11170","OSBPL7","Mic P2RY12",0.787737585583898,4.42704915662353,3.19828665146729,0.0745571394534109,0.485665771203642,0.574597093093313,"cognps_random_slope"
"11171","MRPL10","Mic P2RY12",1.2134217854692,3.26145316133587,2.49849828807459,0.114833990801724,0.569095881617087,0.649688862805022,"cognps_random_slope"
"11172","SCRN2","Mic P2RY12",0.704740542232384,3.96738569383726,1.66806856487825,0.197346895965563,0.676207044958963,0.744882934797189,"cognps_random_slope"
"11173","SP2","Mic P2RY12",0.501954528171011,4.39865634394509,1.11542900420192,0.291613802231451,0.756615017173994,0.817817287138707,"cognps_random_slope"
"11174","SP2-AS1","Mic P2RY12",-0.287186983145161,4.52722883418066,0.28758897364153,0.592101280860243,0.932951118731112,0.95650743789449,"cognps_random_slope"
"11175","PNPO","Mic P2RY12",-0.718261689927925,3.60635259869814,1.33564912469976,0.248569943304982,0.728106188028429,0.788408746737594,"cognps_random_slope"
"11176","CDK5RAP3","Mic P2RY12",-0.0495508394938215,6.00059679140996,0.020966163185065,0.893625624346711,0.999765323016076,0.999791880761836,"cognps_random_slope"
"11177","NFE2L1","Mic P2RY12",0.0484010195817088,5.20778658051726,0.0214200072463474,0.88372255728241,0.999765323016076,0.999791880761836,"cognps_random_slope"
"11178","CBX1","Mic P2RY12",0.496689520048499,4.73848025084345,1.39084155733589,0.239042638279927,0.720029308965902,0.781384171409998,"cognps_random_slope"
"11179","SNX11","Mic P2RY12",0.361818356461655,4.60139635368147,0.668060282987709,0.414269853401481,0.839297845089759,0.885364854008569,"cognps_random_slope"
"11180","HOXB-AS1","Mic P2RY12",-0.320174987205096,2.78168349554584,0.0705317666433096,0.790716271883512,0.990886185623222,0.999791880761836,"cognps_random_slope"
"11181","HOXB3","Mic P2RY12",0.936874047160392,2.55226733597391,0.640519744145387,0.424051017861786,0.844676919457407,0.889133617630447,"cognps_random_slope"
"11182","CALCOCO2","Mic P2RY12",-0.506364681630701,6.09895258645335,1.34738257235497,0.246506153380994,0.727284377806276,0.787803854705654,"cognps_random_slope"
"11183","ATP5MC1","Mic P2RY12",-0.417120562294933,4.23223119797931,0.486045531793214,0.486147054235847,0.881786963332351,0.91723721705446,"cognps_random_slope"
"11184","UBE2Z","Mic P2RY12",-0.0111484136918363,6.00300233151159,0.00125199426653838,0.971793548134105,0.999765323016076,0.999791880761836,"cognps_random_slope"
"11185","SNF8","Mic P2RY12",-0.656043914261558,4.85580871613256,3.02283688686436,0.2085532425725,0.689568715448822,0.754950683011725,"cognps_random_slope"
"11186","AC091133.1","Mic P2RY12",0.0435399196447088,3.0160743328544,0.00209136343151927,0.963549697806652,0.999765323016076,0.999791880761836,"cognps_random_slope"
"11187","GNGT2","Mic P2RY12",-0.240325850712259,2.68572801509369,0.0670930372421013,0.795765509122206,0.992143902613387,0.999791880761836,"cognps_random_slope"
"11188","ABI3","Mic P2RY12",-0.126006426003928,6.26089830947881,0.13010656414289,0.718533351052293,0.975581265085029,0.991080934286885,"cognps_random_slope"
"11189","ZNF652","Mic P2RY12",-0.124048766567513,8.08965326548039,0.240854817611295,0.623888723867368,0.945004622326151,0.965675256672258,"cognps_random_slope"
"11190","AC091180.2","Mic P2RY12",0.533019687868058,3.03486097416567,0.363779153118456,0.54679502587452,0.911506423901535,0.940041033146701,"cognps_random_slope"
"11191","AC091180.5","Mic P2RY12",-0.532600271299231,3.90798328306707,0.694278175161563,0.405266054641406,0.832587827418286,0.88022381521103,"cognps_random_slope"
"11192","PHB","Mic P2RY12",-0.747665254009703,4.08628704112861,1.68537093187127,0.195044241026697,0.67374793633366,0.742219972915481,"cognps_random_slope"
"11193","SPOP","Mic P2RY12",-0.583399213901591,6.65620698648018,6.47133438384712,0.0113805754027211,0.210273650010132,0.282845099095219,"cognps_random_slope"
"11194","SLC35B1","Mic P2RY12",-0.753571950612995,4.30830573678515,1.70868261995379,0.191991533288749,0.669079388045129,0.738884345436085,"cognps_random_slope"
"11195","FAM117A","Mic P2RY12",0.714291166439333,3.71097430594832,1.2042070595077,0.273216654515116,0.745697838524862,0.805080313167337,"cognps_random_slope"
"11196","KAT7","Mic P2RY12",-0.194011525273153,5.08674780677957,0.27994464270954,0.597063919694425,0.93549089066117,0.958118709495627,"cognps_random_slope"
"11197","ITGA3","Mic P2RY12",1.48705010538624,2.65496028683331,2.4485176083544,0.118515402914173,0.575627687201256,0.655301420849692,"cognps_random_slope"
"11198","PDK2","Mic P2RY12",1.65919140771094,3.49512609207878,6.24860762420299,0.0128739584101652,0.226409339441763,0.301082357216985,"cognps_random_slope"
"11199","PPP1R9B","Mic P2RY12",-0.321076922197294,4.57763254632956,0.522368493890562,0.798325190339335,0.992143902613387,0.999791880761836,"cognps_random_slope"
"11200","XYLT2","Mic P2RY12",-0.749251867309814,3.83113980264619,1.99669689177837,0.1585073134735,0.628990537490045,0.706937631044709,"cognps_random_slope"
"11201","MRPL27","Mic P2RY12",0.300431422341026,3.99630991588127,0.280595639115306,0.596637935903618,0.93511989159524,0.95808998326772,"cognps_random_slope"
"11202","LRRC59","Mic P2RY12",-0.241932598344366,3.97639967944565,0.177522341804528,0.673762913726276,0.962173687857684,0.979430323680372,"cognps_random_slope"
"11203","ACSF2","Mic P2RY12",-0.164886907107878,5.70472198146707,0.148502680413206,0.700198205757796,0.970031635060782,0.98526570223945,"cognps_random_slope"
"11204","RSAD1","Mic P2RY12",-0.00555582140893222,4.65460886017732,0.000207201871317012,0.988523222738117,0.999765323016076,0.999791880761836,"cognps_random_slope"
"11205","SPATA20","Mic P2RY12",0.694612926609027,4.90054739156569,1.7288170329171,0.18939987019551,0.665830970747646,0.736845569207553,"cognps_random_slope"
"11206","ABCC3","Mic P2RY12",-0.325466141815062,4.90254390385845,0.109586406309306,0.740808297937403,0.980791543238405,0.994434240964499,"cognps_random_slope"
"11207","ANKRD40","Mic P2RY12",-0.899082894378166,4.86319406041446,5.18472552544262,0.0233730613676957,0.297945413960674,0.386957918605442,"cognps_random_slope"
"11208","LUC7L3","Mic P2RY12",-0.276884780951143,8.52292796331804,1.85801567708871,0.173706801383976,0.646420631530528,0.722173203526035,"cognps_random_slope"
"11209","TOB1","Mic P2RY12",-0.697644051621572,3.58537574375814,1.14419849129588,0.28548432341739,0.753810845017123,0.813965679940345,"cognps_random_slope"
"11210","SPAG9","Mic P2RY12",-0.245867866291747,7.30455328995711,0.89016912575257,0.346064879079069,0.795476701806109,0.84730906678079,"cognps_random_slope"
"11211","AC005920.2","Mic P2RY12",-1.42526952857801,3.31983911932371,3.08840267478256,0.079703015589435,0.499146433286928,0.58649729980721,"cognps_random_slope"
"11212","MBTD1","Mic P2RY12",-0.13591383330399,7.51296677392456,0.312075221581788,0.576757187458496,0.925311034254915,0.950858558775268,"cognps_random_slope"
"11213","UTP18","Mic P2RY12",-0.205083057125692,5.8864614411872,0.437480426215816,0.508764596916549,0.892216806041276,0.926776675084612,"cognps_random_slope"
"11214","CA10","Mic P2RY12",3.6356758893218,3.53151077984188,20.9903192978794,6.37432587638446e-06,0.0050248435923193,0.00845348099312281,"cognps_random_slope"
"11215","TOM1L1","Mic P2RY12",-0.201405552623072,3.72334035226089,0.0820533449877703,0.77469877554914,0.988006094248173,0.998208143973629,"cognps_random_slope"
"11216","COX11","Mic P2RY12",0.536061773959947,4.39217700046186,1.29034362220352,0.265113124029979,0.739842499092724,0.798474727194672,"cognps_random_slope"
"11217","STXBP4","Mic P2RY12",-0.570315050800677,5.08269617701731,2.05302859611331,0.15277245246054,0.620900468101574,0.699199135347722,"cognps_random_slope"
"11218","HLF","Mic P2RY12",0.739284693777301,3.39119462882277,0.845406447005362,0.358471385905219,0.806967082566075,0.858097649249863,"cognps_random_slope"
"11219","MMD","Mic P2RY12",-0.442022202799413,6.03725725395561,2.22978876166819,0.136249145469035,0.600814346308175,0.67748940992488,"cognps_random_slope"
"11220","PCTP","Mic P2RY12",-1.2154496607195,4.91903606696177,7.72554282964423,0.00573057403751163,0.152674796573943,0.211547649981078,"cognps_random_slope"
"11221","ANKFN1","Mic P2RY12",-0.141659608531033,2.99352163249245,0.0179847078782066,0.893392921629354,0.999765323016076,0.999791880761836,"cognps_random_slope"
"11222","C17orf67","Mic P2RY12",-0.269479544846963,5.74007137992079,0.196541993192756,0.657793227529449,0.955612931885691,0.973592644066785,"cognps_random_slope"
"11223","DGKE","Mic P2RY12",-0.0860450819510348,5.11770211576235,0.0306911447626785,0.861029811689384,0.999765323016076,0.999791880761836,"cognps_random_slope"
"11224","TRIM25","Mic P2RY12",0.360047225724105,5.94769276293411,0.589588095385492,0.443082307693268,0.857329703705984,0.898513909568182,"cognps_random_slope"
"11225","COIL","Mic P2RY12",0.129761784173292,4.61698893809999,0.0922099877611754,0.761561797378252,0.983444108849778,0.995656514138613,"cognps_random_slope"
"11226","SCPEP1","Mic P2RY12",-0.110133265139758,6.37693134755205,0.116223390266042,0.733366259866588,0.978719188594747,0.993120241739745,"cognps_random_slope"
"11227","AC007114.1","Mic P2RY12",1.0011892195626,2.58585454978023,0.792299053539708,0.374000905461505,0.814548758605047,0.865816923855342,"cognps_random_slope"
"11228","AKAP1","Mic P2RY12",-0.652221770861347,4.67501124369509,2.37502452088861,0.124169082846677,0.582740912932112,0.66123352413604,"cognps_random_slope"
"11229","AC007114.2","Mic P2RY12",-0.959578628726786,2.59241990809631,0.801522088027953,0.371237502401105,0.812104761618872,0.863532460737016,"cognps_random_slope"
"11230","MSI2","Mic P2RY12",-0.0765070315781178,8.0282100642694,0.0595698141296734,0.807316343080887,0.993374925500594,0.999791880761836,"cognps_random_slope"
"11231","MRPS23","Mic P2RY12",-0.293148412869642,4.17414593482613,0.377078456539759,0.643641180880919,0.951443629329721,0.970883120121208,"cognps_random_slope"
"11232","CUEDC1","Mic P2RY12",0.263315982006456,6.77727794506343,0.588466298235389,0.443516116659671,0.857535908264216,0.898715413864843,"cognps_random_slope"
"11233","VEZF1","Mic P2RY12",-0.809152996101733,5.36906323546327,4.51743273075951,0.0342322852596299,0.352916829082006,0.446237053843496,"cognps_random_slope"
"11234","AC015813.2","Mic P2RY12",-0.537625986348135,4.71832244137412,1.76327371495291,0.185058893709758,0.66053662815611,0.73185282653701,"cognps_random_slope"
"11235","SRSF1","Mic P2RY12",-0.709408471724237,3.66407228051242,1.09451778574546,0.296175030243558,0.760207159604276,0.820892638081657,"cognps_random_slope"
"11236","DYNLL2","Mic P2RY12",-0.13959293027248,4.46949523089411,0.085657281101423,0.769941163400648,0.986443273387328,0.997526881305537,"cognps_random_slope"
"11237","MKS1","Mic P2RY12",1.1502200582078,3.77236727543421,4.27070474884337,0.0394902413388279,0.377466992996885,0.471311535724656,"cognps_random_slope"
"11238","TSPOAP1","Mic P2RY12",1.0648690018953,3.85025816975435,2.64367528248831,0.104838716225776,0.548384744933023,0.633725478917267,"cognps_random_slope"
"11239","TSPOAP1-AS1","Mic P2RY12",0.653818535258665,4.47085548740202,1.68058162044564,0.19567844295,0.674402119521831,0.742537130510701,"cognps_random_slope"
"11240","AC004687.1","Mic P2RY12",-0.844139362072147,5.33693184527974,2.79817246448597,0.0952414636751654,0.532922140027557,0.617843694930587,"cognps_random_slope"
"11241","SUPT4H1","Mic P2RY12",-0.101550560176659,3.57749901075296,0.0286892882356636,0.865593674540387,0.999765323016076,0.999791880761836,"cognps_random_slope"
"11242","MTMR4","Mic P2RY12",0.421865538323823,6.01016063415685,1.0758028954035,0.30033526675716,0.762414699475663,0.823013995190349,"cognps_random_slope"
"11243","SEPT4","Mic P2RY12",1.88732932593521,3.53188996600405,5.7757608711314,0.0167543928236132,0.253546675396606,0.33617360706713,"cognps_random_slope"
"11244","TEX14","Mic P2RY12",-2.75913610458538,3.91939542616532,6.19093600122928,0.0132926752796417,0.231020306517658,0.307052627233117,"cognps_random_slope"
"11245","RAD51C","Mic P2RY12",0.176999908064482,4.74910352474323,0.172368521254013,0.961386934032839,0.999765323016076,0.999791880761836,"cognps_random_slope"
"11246","PPM1E","Mic P2RY12",1.56985163453196,3.91807273567005,5.34748139269232,0.0213162673135773,0.286753406920231,0.374357412763708,"cognps_random_slope"
"11247","TRIM37","Mic P2RY12",0.152450417727521,5.86661561160333,0.279381537271868,0.667811156152212,0.959447404283542,0.976613829074365,"cognps_random_slope"
"11248","AC099850.1","Mic P2RY12",-0.152450500289096,3.28017709813837,0.0417811836630239,0.838153073211048,0.999700499758612,0.999791880761836,"cognps_random_slope"
"11249","SKA2","Mic P2RY12",1.04181454980018,4.61981013044265,4.88947969042511,0.0276493474973087,0.321639675183537,0.413365079129194,"cognps_random_slope"
"11250","PRR11","Mic P2RY12",0.786344841809437,3.58311792985455,1.47031240949401,0.22609235786775,0.706583534051226,0.769637329131246,"cognps_random_slope"
"11251","GDPD1","Mic P2RY12",-0.607384839045531,4.4788027324554,1.37545952001273,0.241652315599818,0.723176123571496,0.784263644992845,"cognps_random_slope"
"11252","YPEL2","Mic P2RY12",-0.209881707622752,7.10936909147338,0.250148766048915,0.617276248182077,0.941696996000635,0.963917775753802,"cognps_random_slope"
"11253","LINC01476","Mic P2RY12",1.35271288746119,2.75224161224304,1.97236298950998,0.161060326151871,0.631512796296848,0.708484902920554,"cognps_random_slope"
"11254","DHX40","Mic P2RY12",0.237862603855903,4.74202132350933,0.307932809263457,0.579296441810137,0.926684401886777,0.951730333765552,"cognps_random_slope"
"11255","CLTC","Mic P2RY12",0.170065243116983,8.00564824706515,0.41254915726339,0.521087713419345,0.898203681089643,0.930815712062428,"cognps_random_slope"
"11256","PTRH2","Mic P2RY12",-0.356040852683294,5.31703368983529,0.841984100433817,0.359444893561164,0.807010757068222,0.85858423257629,"cognps_random_slope"
"11257","VMP1","Mic P2RY12",-0.25245849605314,8.51923765647521,0.626420404376072,0.429193075322588,0.848086940362737,0.891697247435349,"cognps_random_slope"
"11258","TUBD1","Mic P2RY12",-0.0910309481848853,5.06802599079968,0.0529263153994826,0.918788866694499,0.999765323016076,0.999791880761836,"cognps_random_slope"
"11259","RPS6KB1","Mic P2RY12",-0.060118337115448,5.57691011186846,0.0385550547305317,0.967095249571753,0.999765323016076,0.999791880761836,"cognps_random_slope"
"11260","AC005702.1","Mic P2RY12",-0.896817002384194,3.07921469649914,1.20527247936121,0.273004922067537,0.745697838524862,0.805080313167337,"cognps_random_slope"
"11261","RNFT1","Mic P2RY12",0.197316174137419,5.40096429322247,0.304476894471118,0.887984348719058,0.999765323016076,0.999791880761836,"cognps_random_slope"
"11262","HEATR6","Mic P2RY12",1.03200721270102,5.20734521351634,7.98475772831458,0.00498064277320661,0.14415894990009,0.200760663796638,"cognps_random_slope"
"11263","USP32","Mic P2RY12",0.120289041728872,8.2419476995573,0.344783517782354,0.557449465061229,0.917607693844485,0.945215806277844,"cognps_random_slope"
"11264","C17orf64","Mic P2RY12",0.615089437760114,2.81812949128462,0.346511932254508,0.556463842526719,0.917015734591805,0.944760699583167,"cognps_random_slope"
"11265","APPBP2","Mic P2RY12",0.246105618484859,6.8802961894894,1.15927889917965,0.282336880672312,0.751907102124334,0.811780987897568,"cognps_random_slope"
"11266","AC011921.1","Mic P2RY12",1.09143918997243,3.46182259053652,2.33417020422967,0.127441441602993,0.587972145635143,0.665657920588163,"cognps_random_slope"
"11267","PPM1D","Mic P2RY12",0.0111828277898045,6.26469335385109,0.00137737445238091,0.970415502181821,0.999765323016076,0.999791880761836,"cognps_random_slope"
"11268","BCAS3","Mic P2RY12",-0.138334191099796,8.65782338210036,0.182396209148313,0.669577585840882,0.960390254014357,0.977492994124877,"cognps_random_slope"
"11269","NACA2","Mic P2RY12",-0.864553300845238,2.83329196368222,0.890859731740302,0.345878091812818,0.795476701806109,0.84730906678079,"cognps_random_slope"
"11270","BRIP1","Mic P2RY12",1.56937990311517,3.09300193860815,2.51633265947133,0.11355119266517,0.565944518277359,0.648980087398186,"cognps_random_slope"
"11271","INTS2","Mic P2RY12",-0.385343819943882,4.97655897053255,1.10965340395965,0.292864536228852,0.757810479807648,0.818602326635208,"cognps_random_slope"
"11272","MED13","Mic P2RY12",-0.188136995853181,7.91738752405093,0.958510842116289,0.328220492766782,0.781740405134397,0.838554421741862,"cognps_random_slope"
"11273","EFCAB3","Mic P2RY12",-2.05802427446684,2.70490669045132,4.00929550406222,0.0460004760973613,0.4047031862747,0.498961401649665,"cognps_random_slope"
"11274","METTL2A","Mic P2RY12",0.706898792205368,3.6385294710429,1.43544232734607,0.24403665406552,0.725752099942929,0.786644664417554,"cognps_random_slope"
"11275","TLK2","Mic P2RY12",-0.285053063487305,7.3397244097448,1.82767764748102,0.177251718893352,0.648745165410465,0.723391205286608,"cognps_random_slope"
"11276","MRC2","Mic P2RY12",0.348697214277767,6.93459793309501,0.645739278966793,0.42217094325232,0.843046326294296,0.888150029380637,"cognps_random_slope"
"11277","TANC2","Mic P2RY12",-0.871114925094311,9.13237441228795,7.87043198270084,0.00529815873239852,0.149145626159617,0.207013845098656,"cognps_random_slope"
"11278","AC015923.1","Mic P2RY12",-1.23414404041561,4.2923923504181,2.8460613665701,0.0924652250612722,0.527592886656552,0.612635988723348,"cognps_random_slope"
"11279","CYB561","Mic P2RY12",0.31211520968756,3.98561885760603,0.373043041090228,0.916249737761637,0.999765323016076,0.999791880761836,"cognps_random_slope"
"11280","DCAF7","Mic P2RY12",-0.243313031510065,7.0280400991399,1.23974952502181,0.367177778439914,0.811953941680001,0.862405100667332,"cognps_random_slope"
"11281","TACO1","Mic P2RY12",0.428771736856775,3.31502681502124,0.388749240698199,0.533352826000677,0.906222110364132,0.936267706926118,"cognps_random_slope"
"11282","MAP3K3","Mic P2RY12",0.220860461915486,8.00269161490588,0.759336204665458,0.384117679827726,0.820851702658485,0.870458690236898,"cognps_random_slope"
"11283","CCDC47","Mic P2RY12",-0.278830257405777,4.91513526153101,0.436044014118081,0.509460769879298,0.892721811802294,0.927504690064737,"cognps_random_slope"
"11284","DDX42","Mic P2RY12",-0.293388591868896,6.18232458021177,1.21948870145123,0.270199333318117,0.743982594704888,0.803757886152484,"cognps_random_slope"
"11285","FTSJ3","Mic P2RY12",0.269753138370038,4.03187532689256,0.231437512550164,0.745605741719757,0.982244103840787,0.994674014762625,"cognps_random_slope"
"11286","PSMC5","Mic P2RY12",-0.0613841777893482,3.96505541476127,0.0128428196784393,0.909835209309404,0.999765323016076,0.999791880761836,"cognps_random_slope"
"11287","SMARCD2","Mic P2RY12",0.568175527592965,5.07170891142562,2.3261535859179,0.128094795595056,0.588279080112865,0.665657920588163,"cognps_random_slope"
"11288","ICAM2","Mic P2RY12",-0.61418836049665,3.08412707309587,0.65653108027353,0.418323118972479,0.840842622701204,0.886631072410881,"cognps_random_slope"
"11289","ERN1","Mic P2RY12",-0.274476373947885,5.38340119961093,0.504529839949969,0.477976827807784,0.879737325841521,0.915469168543581,"cognps_random_slope"
"11290","SNHG25","Mic P2RY12",0.0955025877106567,5.20143708774125,0.0313491361203416,0.859563391849092,0.999765323016076,0.999791880761836,"cognps_random_slope"
"11291","TEX2","Mic P2RY12",-0.0247632105931649,5.63490193583173,0.00502920027657972,0.943503348631188,0.999765323016076,0.999791880761836,"cognps_random_slope"
"11292","PECAM1","Mic P2RY12",-0.0741801969791769,7.01062154354675,0.0443070394738639,0.833402613673077,0.999366959106503,0.999791880761836,"cognps_random_slope"
"11293","MILR1","Mic P2RY12",0.373275128113922,6.37418738637918,1.20870354876873,0.27232446052339,0.744779611321214,0.804343634547338,"cognps_random_slope"
"11294","POLG2","Mic P2RY12",-0.47219980435992,4.93782732539555,1.61002558292207,0.205308849717208,0.686617575573983,0.752999514702205,"cognps_random_slope"
"11295","DDX5","Mic P2RY12",-0.00293488542024776,9.10225810017999,0.000104705408804717,0.99184140989798,0.999765323016076,0.999791880761836,"cognps_random_slope"
"11296","CEP95","Mic P2RY12",0.226555434985451,6.12578716162878,0.54970388530349,0.458922588427185,0.866701951149653,0.907097805875916,"cognps_random_slope"
"11297","SMURF2","Mic P2RY12",-0.122877477557671,8.25960135882484,0.393272871532781,0.530981963514606,0.905503589823643,0.935221650609795,"cognps_random_slope"
"11298","LRRC37A3","Mic P2RY12",0.0208591307069187,7.21572788117594,0.00310062901559463,0.955625032171626,0.999765323016076,0.999791880761836,"cognps_random_slope"
"11299","AC103810.2","Mic P2RY12",-1.06460627507814,3.18792368762811,1.03262756869148,0.310225481486873,0.768573804238758,0.828120205903937,"cognps_random_slope"
"11300","GNA13","Mic P2RY12",-0.756067997553053,7.63006320367716,1.5639946215657,0.211894347145827,0.692032617931702,0.758278026388146,"cognps_random_slope"
"11301","RGS9","Mic P2RY12",-0.45385234339421,2.76879665164232,0.139563146794491,0.708935818795072,0.973286614101303,0.98859098715405,"cognps_random_slope"
"11302","CEP112","Mic P2RY12",0.530262908336765,4.69693421068651,0.933357860462277,0.33464112629839,0.787534324730273,0.84346889010648,"cognps_random_slope"
"11303","PRKCA","Mic P2RY12",0.755224852917234,9.73982449156704,3.54365313883245,0.0605807919937065,0.453290448636326,0.546285733535262,"cognps_random_slope"
"11304","PRKCA-AS1","Mic P2RY12",0.16292430833945,4.76958256034727,0.0363261330132172,0.848951112652855,0.999765323016076,0.999791880761836,"cognps_random_slope"
"11305","HELZ","Mic P2RY12",-0.431794683398327,8.3737343186846,5.44758810461725,0.0201455467351379,0.280477175883783,0.366746129426984,"cognps_random_slope"
"11306","AC007448.3","Mic P2RY12",-0.278829012921326,3.15356830037097,0.100793187315992,0.751064092794255,0.982244103840787,0.994674014762625,"cognps_random_slope"
"11307","PSMD12","Mic P2RY12",0.00705483846509243,5.19866257269748,0.000383204271214785,0.98439278142735,0.999765323016076,0.999791880761836,"cognps_random_slope"
"11308","PITPNC1","Mic P2RY12",0.223515614606852,7.14723479984697,0.48092734276354,0.48845022155886,0.883089474042755,0.918010502983977,"cognps_random_slope"
"11309","NOL11","Mic P2RY12",-0.541889570661824,4.86169804059192,2.2819010046529,0.131769483060409,0.592167284538077,0.669689584219325,"cognps_random_slope"
"11310","BPTF","Mic P2RY12",0.00322036031403578,8.5786617692919,0.000226394157956247,0.988003506272612,0.999765323016076,0.999791880761836,"cognps_random_slope"
"11311","KPNA2","Mic P2RY12",-0.45482848207144,4.11168723667417,0.768009708212798,0.381418463328629,0.81893496896482,0.869440981513608,"cognps_random_slope"
"11312","AC005332.7","Mic P2RY12",-0.163191591831728,3.91518991740943,0.0683224706446725,0.990657154422533,0.999765323016076,0.999791880761836,"cognps_random_slope"
"11313","AC005332.6","Mic P2RY12",-1.27720517674587,3.12594863136153,3.13860325124237,0.0773060391253715,0.493481103236767,0.58020176111468,"cognps_random_slope"
"11314","AC005332.5","Mic P2RY12",-1.38245662518121,3.1767545921597,2.14854235405719,0.143579089672522,0.609827374658516,0.68699278012833,"cognps_random_slope"
"11315","AMZ2","Mic P2RY12",0.000930880313557661,4.16662046501366,1.55265732954343e-05,0.996858226750759,0.999765323016076,0.999791880761836,"cognps_random_slope"
"11316","ARSG","Mic P2RY12",1.59326272342357,5.56220600242553,8.23431511041472,0.00435346669653728,0.136709614832009,0.192965814745649,"cognps_random_slope"
"11317","SLC16A6","Mic P2RY12",0.399991350574296,2.86480250442746,0.139989151160193,0.708512297431108,0.973207309924008,0.988354461037649,"cognps_random_slope"
"11318","WIPI1","Mic P2RY12",-0.616155178170536,6.45093205671332,1.74863154714489,0.18688922655559,0.662742134181388,0.734144594057164,"cognps_random_slope"
"11319","PRKAR1A","Mic P2RY12",-0.310352418210445,6.2474770255048,0.977116641131454,0.323576291610394,0.777801952263836,0.835244732580298,"cognps_random_slope"
"11320","FAM20A","Mic P2RY12",0.324715422644391,5.65892222661222,0.092300550308638,0.761448302801738,0.983444108849778,0.995654050815275,"cognps_random_slope"
"11321","AC079210.1","Mic P2RY12",0.82139994961931,2.53050262227604,0.476432324770307,0.490487990647496,0.883997892148889,0.918678554290124,"cognps_random_slope"
"11322","LINC01482","Mic P2RY12",0.609898319226169,3.79677855437256,0.423885911877339,0.515420171581667,0.894942542151003,0.928396229499558,"cognps_random_slope"
"11323","ABCA8","Mic P2RY12",1.25916372016353,3.06825744379522,1.67144971978193,0.196894419338547,0.675965714771242,0.744281222614305,"cognps_random_slope"
"11324","ABCA10","Mic P2RY12",2.20559330518399,3.03044722778878,5.37190371687877,0.0210242815003151,0.286060335464227,0.373093697115361,"cognps_random_slope"
"11325","ABCA5","Mic P2RY12",2.34038991341764,4.47315359217175,16.4397225296593,6.16008714441762e-05,0.0206378319555851,0.0322974801560221,"cognps_random_slope"
"11326","MAP2K6","Mic P2RY12",0.821379050696233,5.5209135045302,1.16489561750026,0.28117587489886,0.750907838952912,0.811474754307675,"cognps_random_slope"
"11327","AC005208.1","Mic P2RY12",0.147480368537979,3.7158837888844,0.0179499453777291,0.893495384184351,0.999765323016076,0.999791880761836,"cognps_random_slope"
"11328","KCNJ2","Mic P2RY12",-0.789152437641015,4.57493567424784,1.34401704754118,0.247095955601659,0.727284377806276,0.787803854705654,"cognps_random_slope"
"11329","LINC00511","Mic P2RY12",0.959536043843909,3.15672222785592,1.42657483444197,0.233111408688726,0.713984505367052,0.776521381336779,"cognps_random_slope"
"11330","SLC39A11","Mic P2RY12",0.0946632321801873,8.50591110282202,0.16227487260153,0.68731003502021,0.966541875561649,0.982933896240838,"cognps_random_slope"
"11331","SSTR2","Mic P2RY12",0.830866587581821,2.69553965363684,0.653521524307474,0.419390891489056,0.841605046184084,0.887205359811597,"cognps_random_slope"
"11332","COG1","Mic P2RY12",0.197248558979563,4.33398416760084,0.178083701934253,0.673277431784557,0.961896680527169,0.979103379964061,"cognps_random_slope"
"11333","FAM104A","Mic P2RY12",-0.164219222435496,4.38198738909693,0.125784469523471,0.867001515329274,0.999765323016076,0.999791880761836,"cognps_random_slope"
"11334","C17orf80","Mic P2RY12",0.396252241987502,4.21964181097761,0.659880564174762,0.678308901016598,0.963049784527834,0.980096514019067,"cognps_random_slope"
"11335","SDK2","Mic P2RY12",0.494042308535577,2.84328347430481,0.309230489656422,0.637804125014178,0.950271487556261,0.970357720549608,"cognps_random_slope"
"11336","RPL38","Mic P2RY12",-0.251333406509001,4.86010633915116,0.210053134860631,0.647002584688423,0.952302504420343,0.971617599873003,"cognps_random_slope"
"11337","TTYH2","Mic P2RY12",0.34840897481592,5.92418905509802,1.13308789515758,0.287831822651991,0.754255972880221,0.814647163364235,"cognps_random_slope"
"11338","GPRC5C","Mic P2RY12",0.32618470694147,3.77005253486894,0.158516365047712,0.69076240334931,0.967244577211362,0.983956813141432,"cognps_random_slope"
"11339","CD300A","Mic P2RY12",0.414299454453013,6.71561230682219,0.993774660313493,0.319491832990077,0.774041290465206,0.832055998512576,"cognps_random_slope"
"11340","RAB37","Mic P2RY12",0.0350454105869403,3.04938139330854,0.0019641167193226,0.964675236897695,0.999765323016076,0.999791880761836,"cognps_random_slope"
"11341","CD300LF","Mic P2RY12",1.13951686613751,4.75881918276043,3.6996724548085,0.0552123183988724,0.436777024122367,0.529620128853391,"cognps_random_slope"
"11342","SLC9A3R1","Mic P2RY12",1.21640700639639,2.87955831441484,2.15288609000531,0.143176136137941,0.609805517259124,0.686623241763894,"cognps_random_slope"
"11343","NAT9","Mic P2RY12",0.52152153382187,5.09419494972404,1.42849351887558,0.232798017506771,0.713984505367052,0.776521381336779,"cognps_random_slope"
"11344","TMEM104","Mic P2RY12",0.140221857494295,4.94614824110061,0.113011165405022,0.73693772588047,0.980218606900663,0.994092085799988,"cognps_random_slope"
"11345","FDXR","Mic P2RY12",0.657444008195414,3.30930296665912,0.766639528581501,0.381843071581153,0.819224492969006,0.869500886036339,"cognps_random_slope"
"11346","CDR2L","Mic P2RY12",-1.03778061379033,2.71475556076335,1.1963433834487,0.274785819742505,0.747595304395617,0.807034094443401,"cognps_random_slope"
"11347","MRPL58","Mic P2RY12",0.575218519336057,3.81939486276837,1.05624478895607,0.304763970301464,0.765393921666026,0.825532105063859,"cognps_random_slope"
"11348","KCTD2","Mic P2RY12",0.056495603546715,4.28785253889642,0.0158472939183108,0.899892482847833,0.999765323016076,0.999791880761836,"cognps_random_slope"
"11349","ATP5PD","Mic P2RY12",-0.104106123207868,3.87831772537354,0.031430672766213,0.859382786249053,0.999765323016076,0.999791880761836,"cognps_random_slope"
"11350","SLC16A5","Mic P2RY12",-0.0841171360208888,3.7677505359199,0.0198461669532816,0.961570673001178,0.999765323016076,0.999791880761836,"cognps_random_slope"
"11351","ARMC7","Mic P2RY12",-0.14436375171832,3.953070608038,0.0748047899951011,0.794237802572903,0.992143902613387,0.999791880761836,"cognps_random_slope"
"11352","NT5C","Mic P2RY12",-0.191743048737641,5.73263328461406,0.158468693031706,0.690806495671215,0.967244577211362,0.983956813141432,"cognps_random_slope"
"11353","JPT1","Mic P2RY12",-0.37384412943945,4.51659814107736,0.681281176180319,0.409693086998634,0.835916117367342,0.882780335122261,"cognps_random_slope"
"11354","SUMO2","Mic P2RY12",0.144688624524354,4.59917257960509,0.117411791545924,0.732058928607069,0.978508292770738,0.992997359939444,"cognps_random_slope"
"11355","NUP85","Mic P2RY12",-0.36583090570685,5.61912521381465,1.43268798985822,0.314404127895335,0.770261998566852,0.829537614030808,"cognps_random_slope"
"11356","GGA3","Mic P2RY12",0.033480687778019,6.65893423626487,0.0187200636182266,0.891248622865169,0.999765323016076,0.999791880761836,"cognps_random_slope"
"11357","MRPS7","Mic P2RY12",-0.209983451351291,4.37823190816296,0.182121736233047,0.698283431291976,0.969709457279146,0.985211937183474,"cognps_random_slope"
"11358","MIF4GD","Mic P2RY12",-0.332176240532902,4.43607565625582,0.388818368992204,0.533316451456329,0.906222110364132,0.936267706926118,"cognps_random_slope"
"11359","SLC25A19","Mic P2RY12",-0.396443617094351,5.55725115849957,0.321216451392518,0.571231066912301,0.923864634998735,0.949464044981531,"cognps_random_slope"
"11360","GRB2","Mic P2RY12",0.032173782202968,9.23562690464459,0.00699924078311794,0.933372144894968,0.999765323016076,0.999791880761836,"cognps_random_slope"
"11361","AC011933.4","Mic P2RY12",-0.580952938201992,5.94978630421933,0.634098744421863,0.42638117877733,0.847050575769404,0.890854993659785,"cognps_random_slope"
"11362","TMEM94","Mic P2RY12",0.312255204646265,5.26988828117056,0.840637438329531,0.359828959932413,0.807145114980733,0.858747025286759,"cognps_random_slope"
"11363","TSEN54","Mic P2RY12",0.0739371884540411,4.35986145511419,0.0241004743812693,0.876716628943123,0.999765323016076,0.999791880761836,"cognps_random_slope"
"11364","LLGL2","Mic P2RY12",-0.0224281665572148,4.71761831524604,0.0025340353619216,0.959880030600899,0.999765323016076,0.999791880761836,"cognps_random_slope"
"11365","MYO15B","Mic P2RY12",0.642803081493482,7.22117672671022,5.19912146060329,0.0231830753659355,0.297220738505179,0.386522391137933,"cognps_random_slope"
"11366","RECQL5","Mic P2RY12",0.510068906387062,4.30450048753438,1.15488719313038,0.283248908314657,0.752846263351675,0.812368863913232,"cognps_random_slope"
"11367","SAP30BP","Mic P2RY12",0.540966465277869,5.66909293609763,3.17566528690791,0.0755864146411662,0.487925598557932,0.576331282123633,"cognps_random_slope"
"11368","GALK1","Mic P2RY12",-0.430248504041992,3.25331617088244,0.374155467297234,0.541134335965751,0.910005809466235,0.939131034445278,"cognps_random_slope"
"11369","H3F3B","Mic P2RY12",-1.87581194906585,6.84799377989928,12.8224071822017,0.000389551401136711,0.0410300432851386,0.0624245587023359,"cognps_random_slope"
"11370","UNK","Mic P2RY12",0.555269042200693,6.56270044274226,4.86307111949314,0.0280697196258044,0.323719718335116,0.416336729581421,"cognps_random_slope"
"11371","UNC13D","Mic P2RY12",-0.247822992997527,5.90225674929798,0.601834692991894,0.438388720513754,0.854274719151492,0.896329999692071,"cognps_random_slope"
"11372","WBP2","Mic P2RY12",0.305332477137657,5.50586805978298,0.843367840302697,0.359050841648134,0.806997823664322,0.858393737345316,"cognps_random_slope"
"11373","TRIM65","Mic P2RY12",0.0555337711483679,4.60557306886243,0.0142768204845638,0.944947174944286,0.999765323016076,0.999791880761836,"cognps_random_slope"
"11374","FBF1","Mic P2RY12",0.413413587788744,3.93544699415764,0.499527689465596,0.480165402957714,0.880619779516585,0.91644519212379,"cognps_random_slope"
"11375","ACOX1","Mic P2RY12",-0.911401027777597,5.17124719505721,8.07814066565035,0.00473578480246057,0.141182277351749,0.197930157133496,"cognps_random_slope"
"11376","TEN1","Mic P2RY12",-0.752767968955943,3.16423999252878,0.958483975061082,0.328227262890113,0.781740405134397,0.838554421741862,"cognps_random_slope"
"11377","CDK3","Mic P2RY12",-0.208923986132203,3.76733828189355,0.107588908964511,0.854764408246809,0.999765323016076,0.999791880761836,"cognps_random_slope"
"11378","SRP68","Mic P2RY12",0.328676473155941,4.58262661499173,0.65487830727548,0.418909010177096,0.841404191357022,0.887205359811597,"cognps_random_slope"
"11379","EXOC7","Mic P2RY12",0.885699602584969,5.78470767640279,8.58093792543223,0.00361368057694063,0.122276298655006,0.175846160577295,"cognps_random_slope"
"11380","RNF157","Mic P2RY12",-0.108484567645098,4.57923442562312,0.0454246476738589,0.831345873052695,0.999283387674923,0.999791880761836,"cognps_random_slope"
"11381","UBALD2","Mic P2RY12",-1.18140486990287,4.98203560159966,7.6187464880842,0.00607233709329022,0.154835821901617,0.213453849507028,"cognps_random_slope"
"11382","QRICH2","Mic P2RY12",-0.504367753466334,3.76809225717626,0.513286168116433,0.474184731478512,0.876973445562177,0.913624953978404,"cognps_random_slope"
"11383","PRPSAP1","Mic P2RY12",0.287389272616175,6.31367318570875,0.7114070557163,0.399537752534811,0.82950017718202,0.877897744901724,"cognps_random_slope"
"11384","SPHK1","Mic P2RY12",-1.05729922897861,3.17441186623774,1.54386946710961,0.214852335376279,0.695803805311144,0.761132291178222,"cognps_random_slope"
"11385","UBE2O","Mic P2RY12",-0.166003731024586,7.00892958708969,0.238026425664372,0.625932484226172,0.945166089057208,0.966312731148605,"cognps_random_slope"
"11386","RHBDF2","Mic P2RY12",0.335080156485096,9.63612779473719,1.86703699856773,0.172668537538315,0.645854089686386,0.722173203526035,"cognps_random_slope"
"11387","AC015802.4","Mic P2RY12",0.345653586294017,3.17449229094538,0.200291805478455,0.655444060276886,0.955612931885691,0.973592644066785,"cognps_random_slope"
"11388","ST6GALNAC2","Mic P2RY12",-0.651229580254162,2.92456505961069,0.392094934906186,0.531597491797052,0.905503589823643,0.935221650609795,"cognps_random_slope"
"11389","MXRA7","Mic P2RY12",0.950200905873459,4.0143389427607,2.36558877231825,0.124916460201035,0.583536243046098,0.661618690639923,"cognps_random_slope"
"11390","JMJD6","Mic P2RY12",0.28664170811731,4.61243791599972,0.308467767615137,0.578967264823445,0.926619179039757,0.951579377988005,"cognps_random_slope"
"11391","METTL23","Mic P2RY12",0.180166602581667,4.16986988617187,0.124027140794727,0.844505148643628,0.999765323016076,0.999791880761836,"cognps_random_slope"
"11392","SRSF2","Mic P2RY12",0.0209242285770974,6.57075613782642,0.00344617982140051,0.953220341707876,0.999765323016076,0.999791880761836,"cognps_random_slope"
"11393","MFSD11","Mic P2RY12",-0.104809530773317,7.07919077274536,0.140011234448939,0.708490362900892,0.973207309924008,0.988354461037649,"cognps_random_slope"
"11394","SEC14L1","Mic P2RY12",-0.238876605105299,8.2664808157869,0.244053778831967,0.621595068870996,0.944462324835258,0.965019437458618,"cognps_random_slope"
"11395","SEPT9","Mic P2RY12",0.571291307547363,5.81765886253269,1.00803225676788,0.316049769723985,0.771046347109003,0.830025217985487,"cognps_random_slope"
"11396","TNRC6C","Mic P2RY12",0.234414137463066,6.17862469438953,0.629413727232153,0.428093561528554,0.847902778020161,0.891476644831879,"cognps_random_slope"
"11397","TMC6","Mic P2RY12",0.160636059871955,6.74714181249471,0.237457902470562,0.626345105703924,0.945550384312075,0.966526379746405,"cognps_random_slope"
"11398","TMC8","Mic P2RY12",0.312181489854426,7.67950092079478,1.08143076130579,0.299076339462997,0.762414699475663,0.822521252696221,"cognps_random_slope"
"11399","SYNGR2","Mic P2RY12",-0.557874172426466,5.74932327139028,1.46748306625695,0.226538625687068,0.706667626357634,0.769637329131246,"cognps_random_slope"
"11400","AFMID","Mic P2RY12",-0.0968522495643327,4.65141550778702,0.0182651004272296,0.892570123227086,0.999765323016076,0.999791880761836,"cognps_random_slope"
"11401","SOCS3","Mic P2RY12",-0.183380938772448,4.37982962887025,0.0128486497604558,0.909814833905324,0.999765323016076,0.999791880761836,"cognps_random_slope"
"11402","PGS1","Mic P2RY12",-0.255465489336975,6.70539680705511,0.319413992981066,0.572312419259437,0.924344761669553,0.949774894686965,"cognps_random_slope"
"11403","DNAH17","Mic P2RY12",-1.91447755939034,3.38552474942104,4.99785830666932,0.0259918611761824,0.311553606101986,0.402463262511698,"cognps_random_slope"
"11404","CYTH1","Mic P2RY12",-0.611911177429339,8.01822117719363,3.29622589913214,0.0702719656958737,0.47989795504723,0.571324005269914,"cognps_random_slope"
"11405","USP36","Mic P2RY12",0.0274382493585005,6.40083958465594,0.0034771124933736,0.953011108038096,0.999765323016076,0.999791880761836,"cognps_random_slope"
"11406","TIMP2","Mic P2RY12",-0.0430955221659945,7.7604189124537,0.0272380005703079,0.869005707049035,0.999765323016076,0.999791880761836,"cognps_random_slope"
"11407","LGALS3BP","Mic P2RY12",-1.54088077991917,3.96060703458455,5.1349394540716,0.0240426989530804,0.301879558342957,0.392473147324103,"cognps_random_slope"
"11408","CANT1","Mic P2RY12",-0.237171361186135,4.14158349383661,0.152510399706763,0.696379006364363,0.969416579046523,0.984989885855413,"cognps_random_slope"
"11409","ENGASE","Mic P2RY12",0.458147658608795,6.00024738500801,1.33900800871185,0.247976991054677,0.727506673637925,0.787883147226809,"cognps_random_slope"
"11410","RBFOX3","Mic P2RY12",0.864969115624807,3.99569289508419,1.91637431133527,0.167115284763746,0.638669314798481,0.716561047997901,"cognps_random_slope"
"11411","CBX4","Mic P2RY12",0.04197728715459,4.47770376932358,0.00750636199757102,0.931006473266975,0.999765323016076,0.999791880761836,"cognps_random_slope"
"11412","TBC1D16","Mic P2RY12",-1.32996118939285,7.92892501461791,8.28444483958657,0.00423756309270694,0.134887370559063,0.18993212708763,"cognps_random_slope"
"11413","CCDC40","Mic P2RY12",-1.58306348269588,5.88346855659377,7.32561875957775,0.00712197307261901,0.166564679138163,0.229706556397991,"cognps_random_slope"
"11414","GAA","Mic P2RY12",-0.358882087199299,6.88461908813077,1.22591648356383,0.268942676872749,0.743281119606207,0.802780719814148,"cognps_random_slope"
"11415","EIF4A3","Mic P2RY12",-0.665988513510185,4.1548875531467,1.08122929929329,0.299121287913871,0.762414699475663,0.822521252696221,"cognps_random_slope"
"11416","CARD14","Mic P2RY12",-0.418495017151254,3.01531212078538,0.141495082816423,0.70702100661104,0.973207309924008,0.988147350124586,"cognps_random_slope"
"11417","AC087741.1","Mic P2RY12",0.43209502964637,3.98409802288968,0.467965787479397,0.494365055779562,0.884891066701007,0.920501574728862,"cognps_random_slope"
"11418","SGSH","Mic P2RY12",-0.551084290796274,3.46630077509878,0.682627157655549,0.409231329333309,0.835775307665451,0.882626787103489,"cognps_random_slope"
"11419","SLC26A11","Mic P2RY12",-0.104766260694711,4.29727241388423,0.0375458229239611,0.846467376106122,0.999765323016076,0.999791880761836,"cognps_random_slope"
"11420","RNF213","Mic P2RY12",0.581805024221359,8.79996874891545,3.01416186637396,0.0833965455367717,0.505420462602119,0.593030725533821,"cognps_random_slope"
"11421","AC124319.2","Mic P2RY12",0.12495379998776,4.40329104642203,0.0400404767759793,0.841514564975963,0.999765323016076,0.999791880761836,"cognps_random_slope"
"11422","ENDOV","Mic P2RY12",0.342289414005812,4.31203719635644,0.48857115141154,0.485017168268165,0.881786963332351,0.916899526515135,"cognps_random_slope"
"11423","NPTX1","Mic P2RY12",0.814325195177595,3.137200568258,0.694589942741406,0.40516072377178,0.832587827418286,0.880198242323207,"cognps_random_slope"
"11424","RPTOR","Mic P2RY12",0.222106471814952,7.54295267132471,0.588980400836499,0.443317227078748,0.857519364907954,0.898632160087249,"cognps_random_slope"
"11425","CHMP6","Mic P2RY12",0.139959957381516,4.3908155571825,0.0641602022595106,0.80018218110969,0.992143902613387,0.999791880761836,"cognps_random_slope"
"11426","BAIAP2-DT","Mic P2RY12",-0.197740682571187,3.36281158179932,0.0765051310583776,0.873842006024181,0.999765323016076,0.999791880761836,"cognps_random_slope"
"11427","BAIAP2","Mic P2RY12",0.263160235010343,5.70631223528916,0.418295627758205,0.518201280953812,0.895928813736274,0.929311945195715,"cognps_random_slope"
"11428","AATK","Mic P2RY12",0.0631145542380501,3.79428802704847,0.00856797072632259,0.926302015938816,0.999765323016076,0.999791880761836,"cognps_random_slope"
"11429","CEP131","Mic P2RY12",0.192062739745213,3.6230670552422,0.101845541339389,0.749811337995845,0.982244103840787,0.994674014762625,"cognps_random_slope"
"11430","TEPSIN","Mic P2RY12",-0.472877247043675,4.7399796072509,1.18580095132256,0.276907371706744,0.747850803756969,0.807930205141523,"cognps_random_slope"
"11431","NDUFAF8","Mic P2RY12",-0.366535895234395,4.99164707450127,0.816704101249384,0.366750523900643,0.811562709840244,0.862405100667332,"cognps_random_slope"
"11432","SLC38A10","Mic P2RY12",-0.119094269466793,7.0778766480018,0.223028069229447,0.637028743039673,0.950271487556261,0.970261654629741,"cognps_random_slope"
"11433","AC110285.6","Mic P2RY12",-2.79833939849005,2.71727372481352,7.78311216727205,0.00555458732715663,0.15212006754199,0.210755373472033,"cognps_random_slope"
"11434","AC110285.2","Mic P2RY12",0.584795917670238,3.31789293595765,0.36567901200042,0.545750390122703,0.911244930073703,0.940001610338548,"cognps_random_slope"
"11435","BAHCC1","Mic P2RY12",-0.719728865955116,3.56953733347311,1.05173908785859,0.30579620919123,0.766263088887748,0.826040435360273,"cognps_random_slope"
"11436","ACTG1","Mic P2RY12",-0.174747351105013,6.6493701319308,0.192833049925212,0.660832803338655,0.956042361820287,0.974186353565131,"cognps_random_slope"
"11437","FAAP100","Mic P2RY12",0.726548961447169,3.92819499986298,1.34818629579222,0.246365557796717,0.727284377806276,0.787803854705654,"cognps_random_slope"
"11438","NPLOC4","Mic P2RY12",0.18169698856653,6.42490966667969,0.514193785879618,0.473794473372304,0.876699191829136,0.913624953978404,"cognps_random_slope"
"11439","OXLD1","Mic P2RY12",0.211058928163542,4.33483259449249,0.179366921784864,0.672171039775133,0.961372041791375,0.97865973324565,"cognps_random_slope"
"11440","CCDC137","Mic P2RY12",0.108127669347033,5.38377121112464,0.0783989331061678,0.779639948635954,0.990020960532974,0.999508397105588,"cognps_random_slope"
"11441","ARL16","Mic P2RY12",0.18631182561499,4.53884113539841,0.135162366567772,0.713354711599404,0.975267359907595,0.990048188993565,"cognps_random_slope"
"11442","HGS","Mic P2RY12",0.298412928797963,5.6176340149261,0.992512820333357,0.319798838660188,0.774041290465206,0.832055998512576,"cognps_random_slope"
"11443","AC139530.1","Mic P2RY12",-0.059174919095208,3.001050542539,0.00407199877704206,0.949155205560821,0.999765323016076,0.999791880761836,"cognps_random_slope"
"11444","MCRIP1","Mic P2RY12",-0.929601042082763,4.77708455887608,5.19620684509751,0.0232214098362004,0.297220738505179,0.386522391137933,"cognps_random_slope"
"11445","P4HB","Mic P2RY12",-0.415962781572124,6.02644452605697,0.74003983101497,0.390221241280471,0.824692295940985,0.87346484160725,"cognps_random_slope"
"11446","ARHGDIA","Mic P2RY12",-0.472966937381616,5.42594395922794,1.07409707585178,0.30071820155343,0.762414699475663,0.823013995190349,"cognps_random_slope"
"11447","ALYREF","Mic P2RY12",0.194389388367716,2.91838879864249,0.0465280082234337,0.934639973958274,0.999765323016076,0.999791880761836,"cognps_random_slope"
"11448","ANAPC11","Mic P2RY12",-0.636082674296281,3.88712456971888,1.08228455945166,0.298885944126303,0.762346885655993,0.822521252696221,"cognps_random_slope"
"11449","PCYT2","Mic P2RY12",0.235949897087552,3.28929746615625,0.101644507409718,0.75005010210025,0.982244103840787,0.994674014762625,"cognps_random_slope"
"11450","SIRT7","Mic P2RY12",-0.268704930189281,5.34390976735104,0.423804203950057,0.515460632005581,0.894942542151003,0.928396229499558,"cognps_random_slope"
"11451","MAFG","Mic P2RY12",-0.244361631558539,6.0454528971912,0.363449966924768,0.546976406836651,0.911695376619149,0.940046630323137,"cognps_random_slope"
"11452","ASPSCR1","Mic P2RY12",0.522821141643208,5.22307544845297,2.39140076327565,0.122883770232662,0.581168825167187,0.660864338941303,"cognps_random_slope"
"11453","CENPX","Mic P2RY12",-0.132832355230122,3.79290969664666,0.0414070617709923,0.899176754299085,0.999765323016076,0.999791880761836,"cognps_random_slope"
"11454","LRRC45","Mic P2RY12",0.47551162707092,3.12405112747618,0.386056840614088,0.534773044236284,0.9068654548744,0.936747958639949,"cognps_random_slope"
"11455","RAC3","Mic P2RY12",-0.0182444715218011,2.86190767691054,6.14408608232248e-05,0.993750254364228,0.999765323016076,0.999791880761836,"cognps_random_slope"
"11456","DCXR","Mic P2RY12",-1.23508392977107,3.79267447559241,3.57379521737895,0.0595017592660431,0.451263766793573,0.543985061903058,"cognps_random_slope"
"11457","RFNG","Mic P2RY12",-0.5326974891438,4.65298561104469,1.30140101767367,0.879354253615357,0.999765323016076,0.999791880761836,"cognps_random_slope"
"11458","GPS1","Mic P2RY12",-0.185485779741775,4.4690169011118,0.171461238176891,0.75628378499521,0.983190954097967,0.995414674993652,"cognps_random_slope"
"11459","DUS1L","Mic P2RY12",0.381402962210862,5.16994986527345,0.877980494072487,0.449710617952719,0.861307987878288,0.902248878253239,"cognps_random_slope"
"11460","FASN","Mic P2RY12",0.392825642443083,3.7743054254172,0.382542443374203,0.536637227177654,0.907124922871798,0.936994042630719,"cognps_random_slope"
"11461","CCDC57","Mic P2RY12",0.0405355531021766,5.94358523780553,0.0142501297164649,0.905045787849535,0.999765323016076,0.999791880761836,"cognps_random_slope"
"11462","SLC16A3","Mic P2RY12",-0.917697881007064,6.29751327330007,2.69384561541073,0.101610629342494,0.542074332563011,0.6273410096216,"cognps_random_slope"
"11463","CSNK1D","Mic P2RY12",0.146269100317325,6.86431599468948,0.220919903797744,0.638624780477962,0.950271487556261,0.970357720549608,"cognps_random_slope"
"11464","AC132872.1","Mic P2RY12",0.341544848433858,3.97200616398383,0.305252744003914,0.580951226117401,0.927818779787783,0.952228053299077,"cognps_random_slope"
"11465","CD7","Mic P2RY12",-1.19417554876886,3.0735563763307,1.76835970941405,0.184428017632124,0.66053662815611,0.731666032451923,"cognps_random_slope"
"11466","SECTM1","Mic P2RY12",-2.12858155653485,3.0012765842714,3.39077557515918,0.0663854960541052,0.469213223209642,0.560515038951995,"cognps_random_slope"
"11467","OGFOD3","Mic P2RY12",-0.0747739335277283,4.2649250787047,0.0207406374027724,0.941949748537549,0.999765323016076,0.999791880761836,"cognps_random_slope"
"11468","HEXDC","Mic P2RY12",-0.473975489579357,6.01962040822017,2.04843766784295,0.153230882881348,0.621879788459401,0.700242355517047,"cognps_random_slope"
"11469","CYBC1","Mic P2RY12",0.567649032319627,6.83957796914221,3.05385254278818,0.0813993737096818,0.504314843774131,0.592365681176494,"cognps_random_slope"
"11470","NARF","Mic P2RY12",0.0577914145652817,6.10453462364459,0.0228704305563743,0.879879294682147,0.999765323016076,0.999791880761836,"cognps_random_slope"
"11471","FOXK2","Mic P2RY12",0.183657191472387,7.07502837144064,0.539075719259353,0.463294458498498,0.869313179238033,0.909355160613382,"cognps_random_slope"
"11472","WDR45B","Mic P2RY12",-0.422222384462702,5.94004786592346,1.31827308162206,0.251665368405288,0.729501575487489,0.789459281326494,"cognps_random_slope"
"11473","RAB40B","Mic P2RY12",1.52485944542662,4.27852627443622,7.04554458359515,0.00829922993740316,0.181432268174779,0.250476758954156,"cognps_random_slope"
"11474","FN3KRP","Mic P2RY12",0.25911237688585,4.11551650970477,0.247515349285652,0.984562140212552,0.999765323016076,0.999791880761836,"cognps_random_slope"
"11475","FN3K","Mic P2RY12",0.432073189353347,3.80999673454971,0.415700353343636,0.519501378738421,0.896681861987839,0.92983158015701,"cognps_random_slope"
"11476","TBCD","Mic P2RY12",0.0778713524293295,6.70614543516851,0.0813744788149711,0.775607545688655,0.988390711275548,0.998462406072673,"cognps_random_slope"
"11477","B3GNTL1","Mic P2RY12",-0.414961999644737,4.98942250281192,0.705798052902777,0.401400468851011,0.829881589272977,0.878039616226327,"cognps_random_slope"
"11478","METRNL","Mic P2RY12",-1.17161076122716,3.5729516904054,1.29387145195554,0.256093000462332,0.731536632038984,0.792534081775357,"cognps_random_slope"
"11479","AP005530.1","Mic P2RY12",-1.15046135205786,3.5088094882337,1.48375789174124,0.223986035226463,0.705336123863224,0.769637329131246,"cognps_random_slope"
"11480","AP001005.3","Mic P2RY12",-0.0739018693442096,2.65296922334266,0.00368163422203663,0.951650574865267,0.999765323016076,0.999791880761836,"cognps_random_slope"
"11481","USP14","Mic P2RY12",0.0454050365612389,6.05948433698494,0.0269025550080478,0.869807554249247,0.999765323016076,0.999791880761836,"cognps_random_slope"
"11482","THOC1","Mic P2RY12",-0.0262758758131173,6.40005207171029,0.0129134486604955,0.909588684365332,0.999765323016076,0.999791880761836,"cognps_random_slope"
"11483","COLEC12","Mic P2RY12",-3.05638106968438,3.62038594519996,6.68788122095748,0.0100994930367064,0.20140372944182,0.275099312532074,"cognps_random_slope"
"11484","ENOSF1","Mic P2RY12",1.2287234459153,5.5620526288239,3.13234746664333,0.0776004437978017,0.493481103236767,0.580606093640182,"cognps_random_slope"
"11485","LINC00470","Mic P2RY12",3.14731961130676,2.5125072253302,4.15493865768142,0.0422443862635891,0.391044374294747,0.483932720223593,"cognps_random_slope"
"11486","METTL4","Mic P2RY12",0.151366905638744,4.38579106443263,0.104635750671136,0.872710720558577,0.999765323016076,0.999791880761836,"cognps_random_slope"
"11487","SMCHD1","Mic P2RY12",-0.276488745802354,7.70579135243142,1.35819488053194,0.244622958577553,0.726066947485668,0.786961272992428,"cognps_random_slope"
"11488","AP001011.1","Mic P2RY12",-0.88565952357509,4.09928687767101,1.33941267597542,0.247905671437869,0.727506673637925,0.787883147226809,"cognps_random_slope"
"11489","EMILIN2","Mic P2RY12",-1.88833358556498,3.66008759658387,5.02976432870936,0.0255239304781019,0.310792609175043,0.401208483787607,"cognps_random_slope"
"11490","LPIN2","Mic P2RY12",-0.081796511043488,8.12125440561146,0.10199530045754,0.749633640737812,0.982244103840787,0.994674014762625,"cognps_random_slope"
"11491","AP000919.2","Mic P2RY12",-0.687886807685015,3.9147791793873,0.611669596809104,0.434674493203741,0.851659973543457,0.894179721772824,"cognps_random_slope"
"11492","AP000919.3","Mic P2RY12",0.352749604323922,2.76659626750596,0.0988328321797077,0.753417101688992,0.982268354911735,0.994946400596893,"cognps_random_slope"
"11493","MYOM1","Mic P2RY12",-0.900111078771652,4.90275428654902,2.18959194027667,0.13982156410148,0.604825300362792,0.681131625468423,"cognps_random_slope"
"11494","AP005329.2","Mic P2RY12",-0.725297948158635,2.85044842321829,0.574387449939296,0.449017040210482,0.860963994256786,0.902075313807283,"cognps_random_slope"
"11495","MYL12A","Mic P2RY12",-0.529464108539054,4.25128666135987,1.02130914255803,0.312888132675776,0.769925425264061,0.829109420683519,"cognps_random_slope"
"11496","MYL12B","Mic P2RY12",-0.480867733745952,5.20044316854104,1.61993610187505,0.203922905185835,0.685076673952213,0.751338764081493,"cognps_random_slope"
"11497","TGIF1","Mic P2RY12",-1.26885518634001,4.6150042500889,4.00407586684596,0.0461414765013948,0.4047031862747,0.498961401649665,"cognps_random_slope"
"11498","DLGAP1","Mic P2RY12",1.6049068817931,6.12002346985478,7.31735752053343,0.00715411736002082,0.167024959480207,0.230413679830956,"cognps_random_slope"
"11499","DLGAP1-AS1","Mic P2RY12",-0.327371118790931,3.54070438734119,0.209423707846565,0.647495823488362,0.952302504420343,0.971793326483451,"cognps_random_slope"
"11500","LINC00667","Mic P2RY12",-0.31753487750099,4.93392962905717,0.747192340689539,0.387942797438033,0.823249632378001,0.872608875947737,"cognps_random_slope"
"11501","ZBTB14","Mic P2RY12",0.528273959797192,3.28905564297512,0.582472284906357,0.445845243028041,0.858872320443357,0.900014179067284,"cognps_random_slope"
"11502","AP005671.1","Mic P2RY12",1.07911601739732,3.02988291299128,1.51190132982535,0.219653015959646,0.700641380490504,0.765654809224497,"cognps_random_slope"
"11503","EPB41L3","Mic P2RY12",0.141260347330358,8.8593541370674,0.0677357905907292,0.794811397395736,0.992143902613387,0.999791880761836,"cognps_random_slope"
"11504","L3MBTL4","Mic P2RY12",-0.50732841948918,8.81638333725366,4.15173564121336,0.0423234100505423,0.391044374294747,0.483932720223593,"cognps_random_slope"
"11505","AP001021.2","Mic P2RY12",-1.11419174969722,4.03917260800254,1.9688415117763,0.161433666069225,0.631512796296848,0.708484902920554,"cognps_random_slope"
"11506","L3MBTL4-AS1","Mic P2RY12",-0.266228403445321,3.49596265848865,0.128220414680285,0.720494439148193,0.97571529536985,0.991463831658989,"cognps_random_slope"
"11507","PTPRM","Mic P2RY12",0.58358881045209,7.42269851385121,1.6422723428551,0.20083962263425,0.680174825100223,0.748052124940614,"cognps_random_slope"
"11508","RAB12","Mic P2RY12",-0.216437097414841,7.33901581249065,1.01615971719107,0.314109426741963,0.770261998566852,0.829537614030808,"cognps_random_slope"
"11509","MTCL1","Mic P2RY12",-0.0876342586086912,4.76991198368146,0.0130987811232058,0.908945024248761,0.999765323016076,0.999791880761836,"cognps_random_slope"
"11510","NDUFV2","Mic P2RY12",-0.176722148129355,5.61870901797852,0.37031171116223,0.543218566448459,0.910123298286075,0.939292860686914,"cognps_random_slope"
"11511","NDUFV2-AS1","Mic P2RY12",-0.368855185580356,3.41699476796994,0.259126805989705,0.611032859757629,0.939608556638471,0.962356612157391,"cognps_random_slope"
"11512","ANKRD12","Mic P2RY12",-0.00478930025130525,8.4826997968855,0.000503513763255465,0.982110125945829,0.999765323016076,0.999791880761836,"cognps_random_slope"
"11513","TWSG1","Mic P2RY12",-0.426086466602733,5.2314134656414,1.19031743997997,0.275995957636878,0.747595304395617,0.807469550139811,"cognps_random_slope"
"11514","RALBP1","Mic P2RY12",-0.26888236824525,5.64509072196503,0.679955984263317,0.410148462618666,0.836463178747945,0.883143470455103,"cognps_random_slope"
"11515","PPP4R1","Mic P2RY12",-0.619368306717744,6.54564579429426,4.22357072833405,0.0405880089395097,0.382801351565735,0.477050142765319,"cognps_random_slope"
"11516","RAB31","Mic P2RY12",-0.0518115499303943,9.22122881270047,0.016568033469636,0.897653636512033,0.999765323016076,0.999791880761836,"cognps_random_slope"
"11517","VAPA","Mic P2RY12",-0.607129369587623,7.19173899023894,4.44269645519295,0.0357424522339547,0.360952978438001,0.454235392116409,"cognps_random_slope"
"11518","APCDD1","Mic P2RY12",-0.405386309624605,4.70755335555275,0.252903620185999,0.615345764445586,0.940879358414831,0.96381483341965,"cognps_random_slope"
"11519","NAPG","Mic P2RY12",-0.342907912327956,6.20454514465116,1.49815403866079,0.221756884753354,0.70294595092844,0.767266569485017,"cognps_random_slope"
"11520","PIEZO2","Mic P2RY12",0.574093934864412,3.77200368677468,0.583356523929436,0.445500458297865,0.85886375336895,0.900014179067284,"cognps_random_slope"
"11521","GNAL","Mic P2RY12",0.528077213878202,3.5449554878772,0.498683197376241,0.480536512616357,0.880619779516585,0.916617425491717,"cognps_random_slope"
"11522","MPPE1","Mic P2RY12",-0.165086398041661,6.12579085025068,0.136336013581078,0.712168330564671,0.974549964045457,0.989451840301998,"cognps_random_slope"
"11523","IMPA2","Mic P2RY12",0.257770279205296,5.6538326793781,0.384465606091468,0.535615639224307,0.907124922871798,0.936810708718851,"cognps_random_slope"
"11524","TUBB6","Mic P2RY12",0.0133283820496776,2.60710371009444,0.000192815322878585,0.988928793977703,0.999765323016076,0.999791880761836,"cognps_random_slope"
"11525","AFG3L2","Mic P2RY12",0.262330565905441,5.55319008122174,0.704819815480719,0.515990512049656,0.894942542151003,0.928396229499558,"cognps_random_slope"
"11526","PRELID3A","Mic P2RY12",1.08444175914732,3.93590786328076,4.28156420047174,0.0392417846099684,0.37707757742416,0.47106469548632,"cognps_random_slope"
"11527","SPIRE1","Mic P2RY12",0.723187630146971,7.01321717455566,5.45277641950906,0.0200867234481605,0.280106327709469,0.366684356387676,"cognps_random_slope"
"11528","PSMG2","Mic P2RY12",0.371681682812834,5.33990848534254,1.25247496218588,0.263827229222798,0.737866194123722,0.797272474975123,"cognps_random_slope"
"11529","CEP76","Mic P2RY12",0.58371739330407,3.79000704769941,1.07155126919672,0.301290877079411,0.762414699475663,0.823013995190349,"cognps_random_slope"
"11530","PTPN2","Mic P2RY12",0.0171604014915488,8.54894543433517,0.000670916187597293,0.979349831700382,0.999765323016076,0.999791880761836,"cognps_random_slope"
"11531","SEH1L","Mic P2RY12",-0.49291877552619,5.14554227274823,1.08725008116606,0.297781734175846,0.761720364612185,0.822068227825695,"cognps_random_slope"
"11532","CEP192","Mic P2RY12",0.0987645752927373,7.32987801661925,0.213595904396299,0.644242922621775,0.951443629329721,0.970883120121208,"cognps_random_slope"
"11533","LDLRAD4","Mic P2RY12",-0.325129298795774,11.2882035313484,1.1889446856859,0.276272574694097,0.747643128730935,0.807645902032988,"cognps_random_slope"
"11534","AP005131.5","Mic P2RY12",-0.999047820176313,3.1570521433232,1.28681824733955,0.257390692507613,0.732741579436326,0.793822746164665,"cognps_random_slope"
"11535","AP005131.1","Mic P2RY12",-0.0252277510309354,3.58012027516609,0.000896982638429346,0.976123807491835,0.999765323016076,0.999791880761836,"cognps_random_slope"
"11536","FAM210A","Mic P2RY12",0.022820631780688,5.55545853830234,0.00141548760391941,0.970009171775152,0.999765323016076,0.999791880761836,"cognps_random_slope"
"11537","RNMT","Mic P2RY12",0.267706243198909,6.86846091237206,0.468583408296612,0.494080492498005,0.884891066701007,0.920430069688276,"cognps_random_slope"
"11538","ZNF519","Mic P2RY12",1.14456233470002,4.85329331618323,6.89859760266406,0.00899516651634921,0.190734535578474,0.261672295627217,"cognps_random_slope"
"11539","LINC01443","Mic P2RY12",1.71586690459949,2.31180862246403,1.70850622687124,0.192014421033267,0.669079388045129,0.738884345436085,"cognps_random_slope"
"11540","ROCK1","Mic P2RY12",-0.536130563931585,8.61747392560928,5.72885357103693,0.0172003392418676,0.256397937909086,0.340159340533251,"cognps_random_slope"
"11541","GREB1L","Mic P2RY12",0.045057530347836,3.51119960498491,0.00414770096215558,0.95510424916217,0.999765323016076,0.999791880761836,"cognps_random_slope"
"11542","ESCO1","Mic P2RY12",-0.20297603200925,6.02796327768583,0.607728362055591,0.499922666231736,0.888876694994227,0.923454036066733,"cognps_random_slope"
"11543","SNRPD1","Mic P2RY12",-0.531741186403278,4.43070576737587,1.18289990126482,0.277494798336392,0.748508050978738,0.808955340034323,"cognps_random_slope"
"11544","ABHD3","Mic P2RY12",-0.0989507032128916,8.2033053702349,0.0433062103538621,0.835267563422827,0.999366959106503,0.999791880761836,"cognps_random_slope"
"11545","MIB1","Mic P2RY12",-0.343524460432805,7.54210343823254,0.763432936751363,0.382839395923662,0.8198195501395,0.870109419832553,"cognps_random_slope"
"11546","RBBP8","Mic P2RY12",-0.542701142122208,4.0670420879347,0.900286743737138,0.343342000584921,0.794104568388493,0.846023324652749,"cognps_random_slope"
"11547","CABLES1","Mic P2RY12",0.181303589587064,6.76047817320975,0.221215806440882,0.638400200380961,0.950271487556261,0.970357720549608,"cognps_random_slope"
"11548","TMEM241","Mic P2RY12",-0.252311307308303,6.27481733885449,0.551900756031006,0.458027081257276,0.865885529716198,0.906401036312938,"cognps_random_slope"
"11549","RIOK3","Mic P2RY12",-0.188722436440141,6.3406090759135,0.507231632445541,0.529054209414609,0.903972390713397,0.934173492422646,"cognps_random_slope"
"11550","RMC1","Mic P2RY12",0.274779549763378,5.66492319922796,0.896739703714875,0.344293271492028,0.794947300355732,0.846522936168221,"cognps_random_slope"
"11551","NPC1","Mic P2RY12",0.506836789830414,7.34773575241665,3.38685270875864,0.066542072035941,0.469213223209642,0.560515038951995,"cognps_random_slope"
"11552","TTC39C","Mic P2RY12",0.891813925076583,5.33089381076036,2.22592631891066,0.136587915361152,0.601269752075375,0.678086167366028,"cognps_random_slope"
"11553","CABYR","Mic P2RY12",0.88399830325387,3.74007765382868,1.68385416393515,0.195244830276806,0.674175720314216,0.742537130510701,"cognps_random_slope"
"11554","OSBPL1A","Mic P2RY12",-0.229388944521812,7.94298780982584,0.422149938312502,0.51628099430441,0.894984981332526,0.928490349121962,"cognps_random_slope"
"11555","IMPACT","Mic P2RY12",-0.673862430093297,4.39962727028637,2.13012343708283,0.14530204954684,0.612107279812997,0.689184290977986,"cognps_random_slope"
"11556","ZNF521","Mic P2RY12",1.22797430961995,2.58686464410787,1.38349752950763,0.240284296620552,0.721547211369236,0.78243381726673,"cognps_random_slope"
"11557","SS18","Mic P2RY12",-0.43274394849565,6.51250319273681,2.78675945778727,0.0959164605117733,0.534126508894427,0.619212415874896,"cognps_random_slope"
"11558","TAF4B","Mic P2RY12",-0.776290068418818,4.34200513243166,2.17554740063268,0.141094520088723,0.606416826077284,0.682980292207887,"cognps_random_slope"
"11559","KCTD1","Mic P2RY12",0.863540587894642,4.2047214370097,2.4069274368845,0.121678807686546,0.580995309380569,0.660503517595267,"cognps_random_slope"
"11560","AQP4-AS1","Mic P2RY12",1.62524242992966,3.44897707175525,5.01613853817397,0.0257226802186995,0.311216179618471,0.402162153627309,"cognps_random_slope"
"11561","AQP4","Mic P2RY12",0.912811898382773,3.66058525503672,1.21632610399085,0.27082033472633,0.744150591955715,0.804028506921564,"cognps_random_slope"
"11562","CDH2","Mic P2RY12",1.65191230704315,3.6019699132766,4.28367395677119,0.0391937062261683,0.377053020198766,0.470888585530455,"cognps_random_slope"
"11563","DSC2","Mic P2RY12",-1.34984687308238,5.12164178599047,9.9368595603009,0.00175609834694862,0.0911848815479553,0.13024657206858,"cognps_random_slope"
"11564","B4GALT6","Mic P2RY12",2.54304434005301,2.94985336305353,7.28839539811111,0.0072679896819567,0.168771538374404,0.233113497749515,"cognps_random_slope"
"11565","TRAPPC8","Mic P2RY12",-0.357375184007517,7.14211415533341,2.32739575493843,0.127993314285002,0.588279080112865,0.665657920588163,"cognps_random_slope"
"11566","RNF125","Mic P2RY12",0.132561476152837,6.5247454158181,0.0706164074608033,0.790593669384864,0.990886185623222,0.999791880761836,"cognps_random_slope"
"11567","RNF138","Mic P2RY12",-0.139474678989951,6.28917274291784,0.23913822219486,0.62512732761695,0.9451521296561,0.966234444064455,"cognps_random_slope"
"11568","GAREM1","Mic P2RY12",-0.427623007440681,8.31684851772468,1.32790960296446,0.249942867504177,0.729301365236868,0.789201257695949,"cognps_random_slope"
"11569","AC025887.2","Mic P2RY12",0.54157719195856,3.05887108347841,0.29636797461301,0.586505766296075,0.930210398010736,0.954312999656167,"cognps_random_slope"
"11570","ASXL3","Mic P2RY12",2.00406559142444,2.90881082088623,4.35415347388922,0.0376227133041578,0.369166067076591,0.463337191948929,"cognps_random_slope"
"11571","NOL4","Mic P2RY12",1.73428424085184,3.51836034931609,4.3004653254005,0.0388132598906085,0.376420613065208,0.470737578930732,"cognps_random_slope"
"11572","DTNA","Mic P2RY12",-1.01560370328661,8.83199217802602,9.04608657551465,0.00281786791260205,0.11004659914288,0.157590933623265,"cognps_random_slope"
"11573","MAPRE2","Mic P2RY12",-0.283729571551211,7.10746611661055,1.04126737104293,0.308212851105224,0.76785366002022,0.827095076785596,"cognps_random_slope"
"11574","ZNF397","Mic P2RY12",0.506317261749548,6.10415374730903,3.02910504818119,0.0826384616833199,0.505420462602119,0.593030725533821,"cognps_random_slope"
"11575","ZSCAN30","Mic P2RY12",0.309993948831206,5.34874975249051,0.702355450019007,0.485417379210775,0.881786963332351,0.917101828932015,"cognps_random_slope"
"11576","AC011815.2","Mic P2RY12",-0.751270896869978,3.30480128304207,1.0308837870598,0.489350884969183,0.88368026000162,0.918678554290124,"cognps_random_slope"
"11577","ZNF24","Mic P2RY12",-0.214352436538989,6.2306092597178,0.461899376368289,0.497174846859775,0.886795899259647,0.921625301961324,"cognps_random_slope"
"11578","GALNT1","Mic P2RY12",0.0381291033365091,7.61005984821569,0.0158124498983615,0.900002017336296,0.999765323016076,0.999791880761836,"cognps_random_slope"
"11579","C18orf21","Mic P2RY12",0.841151984676054,3.18048971258279,1.28751678728204,0.257261808156101,0.732650540221649,0.793604035551918,"cognps_random_slope"
"11580","RPRD1A","Mic P2RY12",-0.354750290039292,6.71478387460005,2.4831822774249,0.115948464687351,0.571679681852535,0.651313984573346,"cognps_random_slope"
"11581","SLC39A6","Mic P2RY12",-0.518159995010035,4.17825452933573,1.05556284383008,0.404230932633052,0.832341602155735,0.87975541811103,"cognps_random_slope"
"11582","ELP2","Mic P2RY12",0.142996713083362,6.45992886679556,0.31483085211102,0.575080240951596,0.924900775009009,0.950322446996267,"cognps_random_slope"
"11583","MOCOS","Mic P2RY12",0.993235497825101,4.35763852550846,1.54507583492241,0.214673642444587,0.695693124263304,0.760983634181297,"cognps_random_slope"
"11584","FHOD3","Mic P2RY12",0.678547304492991,3.17140545002064,0.61316768753265,0.434112953056102,0.851389972765231,0.894179721772824,"cognps_random_slope"
"11585","TPGS2","Mic P2RY12",-0.278272012858586,5.23282250749598,0.59561635608563,0.440762312345704,0.855818037073943,0.897260497291077,"cognps_random_slope"
"11586","KIAA1328","Mic P2RY12",-0.0374959305088922,7.49252946880423,0.0234604957226795,0.878351544141327,0.999765323016076,0.999791880761836,"cognps_random_slope"
"11587","CELF4","Mic P2RY12",1.51923061358771,4.35227534415144,5.9073857193263,0.0155658827838679,0.246870698504002,0.328908326346273,"cognps_random_slope"
"11588","AC016205.1","Mic P2RY12",-0.341939399623065,3.73727395075022,0.267686050756629,0.605206308424253,0.938048778532664,0.960330533743299,"cognps_random_slope"
"11589","AC011139.1","Mic P2RY12",5.21719122861966,3.49188726677486,20.561389944374,7.87724457528304e-06,0.00586460858629822,0.009866248830542,"cognps_random_slope"
"11590","AC021504.1","Mic P2RY12",-1.69284202541741,2.51614140783367,1.10076016149221,0.294803892100431,0.759527186981709,0.82022588576557,"cognps_random_slope"
"11591","PIK3C3","Mic P2RY12",-0.126737757087795,6.831346129418,0.264859866078622,0.607116985268743,0.938668833882294,0.961086482134485,"cognps_random_slope"
"11592","LINC00907","Mic P2RY12",0.218565606219859,4.97144739531885,0.169713503586019,0.680611987888561,0.963764980353924,0.980589311801902,"cognps_random_slope"
"11593","RIT2","Mic P2RY12",2.32746198182831,3.22798999909452,9.47733075101609,0.00224005657630261,0.100397987220841,0.143065369724483,"cognps_random_slope"
"11594","SYT4","Mic P2RY12",1.8264027441742,3.75881065568626,5.41978452716369,0.0204638383669855,0.283301547475179,0.369677272422828,"cognps_random_slope"
"11595","LINC01478","Mic P2RY12",2.20434576627546,2.45596714225472,2.77717975407525,0.0964870702097325,0.534970305287805,0.620450940638454,"cognps_random_slope"
"11596","SETBP1","Mic P2RY12",0.389341523724591,8.02270876540777,0.85915377073641,0.354597237859501,0.802966810502732,0.854649853275865,"cognps_random_slope"
"11597","SLC14A2","Mic P2RY12",1.85617543042603,2.65289195988633,2.69929093857407,0.101266884429273,0.542074332563011,0.6273410096216,"cognps_random_slope"
"11598","EPG5","Mic P2RY12",-0.123412353907777,6.6226619981099,0.213189136429189,0.644558359669923,0.951443629329721,0.970883120121208,"cognps_random_slope"
"11599","PSTPIP2","Mic P2RY12",-0.808819758041774,6.79017976580981,1.61192656056705,0.205042144013112,0.686256186793137,0.75238853137624,"cognps_random_slope"
"11600","ATP5F1A","Mic P2RY12",0.157096988201773,5.32146232753905,0.202629925299633,0.715308490422131,0.975412307559,0.990518390551376,"cognps_random_slope"
"11601","HAUS1","Mic P2RY12",0.242247285796597,4.28063442083459,0.253424460422151,0.614982264454535,0.940879358414831,0.96381483341965,"cognps_random_slope"
"11602","C18orf25","Mic P2RY12",0.293805192312559,6.00055006732433,1.08590555318461,0.298080204313694,0.761720364612185,0.822068227825695,"cognps_random_slope"
"11603","RNF165","Mic P2RY12",2.39130541356789,2.67969971850089,5.09924763159014,0.024535049171264,0.304439068466768,0.394802401357005,"cognps_random_slope"
"11604","ST8SIA5","Mic P2RY12",1.71343622805384,3.28341946344,4.54999053991983,0.0335954979272128,0.351240563946647,0.444299882398935,"cognps_random_slope"
"11605","PIAS2","Mic P2RY12",0.139634296827337,7.09994858127749,0.267182647799102,0.605545701453067,0.93824927103394,0.960598637718787,"cognps_random_slope"
"11606","KATNAL2","Mic P2RY12",0.595530778475044,5.41660033029551,0.929390170913663,0.335669234323482,0.788899229948962,0.844322535738357,"cognps_random_slope"
"11607","SMAD2","Mic P2RY12",-0.303954633092963,7.82416850308018,1.92135681159822,0.166565985125188,0.637788993510346,0.715335507959764,"cognps_random_slope"
"11608","CTIF","Mic P2RY12",-0.030159258022844,6.563891925115,0.00786998413725742,0.929359436346051,0.999765323016076,0.999791880761836,"cognps_random_slope"
"11609","SMAD7","Mic P2RY12",-0.623581846158769,5.43713624322016,2.46995046971085,0.116920937809155,0.573971293403957,0.653369898372925,"cognps_random_slope"
"11610","DYM","Mic P2RY12",-0.397356007992632,8.34088948313538,3.35120608789509,0.067983158378796,0.474007442993884,0.565337666964548,"cognps_random_slope"
"11611","C18orf32","Mic P2RY12",-0.492179211509697,3.15002561388299,0.41398633181978,0.520363170155004,0.897706854177034,0.930596097073457,"cognps_random_slope"
"11612","LIPG","Mic P2RY12",-0.927951832875595,5.11130159969395,0.822923574960011,0.36493419958649,0.811562709840244,0.861873196069286,"cognps_random_slope"
"11613","ACAA2","Mic P2RY12",-0.182698946326369,3.43186148242412,0.0727699598689402,0.841392525302998,0.999765323016076,0.999791880761836,"cognps_random_slope"
"11614","SNHG22","Mic P2RY12",-0.208792184801175,4.88384510500141,0.203768751413878,0.651967952428355,0.954420308107869,0.973494108193761,"cognps_random_slope"
"11615","MYO5B","Mic P2RY12",0.113814584686539,3.25678051131874,0.0120706492086962,0.912576527394902,0.999765323016076,0.999791880761836,"cognps_random_slope"
"11616","CFAP53","Mic P2RY12",-1.40140084725568,2.89333464548064,2.24687550288451,0.134761772875655,0.597764392877264,0.675043375476584,"cognps_random_slope"
"11617","MBD1","Mic P2RY12",0.228004611708672,5.0046756679149,0.455470831966177,0.500181972938502,0.889182129988145,0.923781648226306,"cognps_random_slope"
"11618","CXXC1","Mic P2RY12",0.0138980203912783,4.65333131963872,0.00114279747097427,0.973051174086879,0.999765323016076,0.999791880761836,"cognps_random_slope"
"11619","MAPK4","Mic P2RY12",1.33331124771252,2.81740344681377,1.96673553324089,0.161657410869744,0.631579960323776,0.7086459902894,"cognps_random_slope"
"11620","MRO","Mic P2RY12",0.113996052637876,3.76383765569103,0.0173864239170821,0.895170672100407,0.999765323016076,0.999791880761836,"cognps_random_slope"
"11621","ME2","Mic P2RY12",-0.14370853449611,7.47050210738266,0.364604054678432,0.546340998088285,0.911392352382404,0.940041033146701,"cognps_random_slope"
"11622","AC091551.1","Mic P2RY12",-0.27248797712266,3.90529006057687,0.178172074107105,0.673201086924159,0.961896680527169,0.979103379964061,"cognps_random_slope"
"11623","SMAD4","Mic P2RY12",-0.154009583751175,5.4408859720654,0.210305573082479,0.646805017480859,0.952302504420343,0.971617599873003,"cognps_random_slope"
"11624","MEX3C","Mic P2RY12",-0.38755485848535,3.56306092808137,0.349573030286355,0.554726359227691,0.915359234893125,0.94331516081776,"cognps_random_slope"
"11625","DCC","Mic P2RY12",1.48797440488579,4.32450931790759,5.2393373976597,0.0226608124535061,0.294635651496423,0.382685966710281,"cognps_random_slope"
"11626","MBD2","Mic P2RY12",-0.0496762673376642,7.01722350693304,0.039636671761534,0.842305161671964,0.999765323016076,0.999791880761836,"cognps_random_slope"
"11627","POLI","Mic P2RY12",0.173109190244227,5.43614047224438,0.254502621521331,0.614231290091483,0.940399122416995,0.963194298887979,"cognps_random_slope"
"11628","RAB27B","Mic P2RY12",2.36223124076384,2.83967234065076,5.90732264859479,0.0155664308809702,0.246870698504002,0.328908326346273,"cognps_random_slope"
"11629","TCF4","Mic P2RY12",-0.371039383024572,9.06472371596824,1.02868274614668,0.311150124472864,0.769107077146114,0.82860725412079,"cognps_random_slope"
"11630","TCF4-AS1","Mic P2RY12",-0.828536455150051,3.11757018036669,0.63655516486311,0.42548747934621,0.845913432871226,0.889956247360936,"cognps_random_slope"
"11631","TXNL1","Mic P2RY12",-0.621392005858741,5.49330271585292,4.06220530812798,0.0445966650250769,0.398437123319743,0.492235156926348,"cognps_random_slope"
"11632","WDR7","Mic P2RY12",-0.229728166158025,7.95441131597345,1.50313625622822,0.220991631705641,0.701884026970417,0.766274263749453,"cognps_random_slope"
"11633","ST8SIA3","Mic P2RY12",1.31191575497557,3.59370756011053,3.21836745744363,0.0736561188500287,0.48433054401827,0.572984775873399,"cognps_random_slope"
"11634","FECH","Mic P2RY12",0.112789543501565,4.85955889198487,0.0773838694139765,0.781034389260736,0.990020960532974,0.999508397105588,"cognps_random_slope"
"11635","NARS","Mic P2RY12",-0.163442766461697,5.38099706655746,0.197237506609558,0.657227065038059,0.955612931885691,0.973592644066785,"cognps_random_slope"
"11636","AC027097.2","Mic P2RY12",0.183847918110999,7.1489324714744,0.369642875812448,0.543582748356952,0.910227715947958,0.939401228737103,"cognps_random_slope"
"11637","ATP8B1","Mic P2RY12",0.240290884911011,5.67126534574898,0.157592659403795,0.691618119735424,0.967471234089187,0.984049474704472,"cognps_random_slope"
"11638","NEDD4L","Mic P2RY12",0.313505821383008,8.33980651514647,0.555917155625285,0.456397014221242,0.865333388169053,0.905598852945087,"cognps_random_slope"
"11639","MALT1","Mic P2RY12",-0.463426213213047,6.99700733845206,0.796190609142279,0.372831411943955,0.813585823176047,0.864882626510583,"cognps_random_slope"
"11640","AC104365.1","Mic P2RY12",-1.42320824610805,3.45105247080293,1.78028975021002,0.182957993620632,0.658456574400359,0.730527781796228,"cognps_random_slope"
"11641","ZNF532","Mic P2RY12",1.24476058410058,6.53311314968003,13.1116738191973,0.000335596295129628,0.0383646777184693,0.058630048367351,"cognps_random_slope"
"11642","SEC11C","Mic P2RY12",0.522219275350983,4.17751918359337,0.920804264982014,0.337908577110692,0.790943473347887,0.844859240409862,"cognps_random_slope"
"11643","LMAN1","Mic P2RY12",-0.681739794636808,5.44258717931104,3.19970124383533,0.0744932795300558,0.485665771203642,0.574597093093313,"cognps_random_slope"
"11644","CCBE1","Mic P2RY12",0.057559559132496,2.58077971158979,0.00288776883010499,0.95717377405851,0.999765323016076,0.999791880761836,"cognps_random_slope"
"11645","CDH20","Mic P2RY12",1.93647673700655,3.85241149959,6.50274063203861,0.0111848547437924,0.207889373677617,0.280180611332,"cognps_random_slope"
"11646","PIGN","Mic P2RY12",0.0240650944390042,6.88619894600762,0.0124270600616452,0.91130051242205,0.999765323016076,0.999791880761836,"cognps_random_slope"
"11647","KIAA1468","Mic P2RY12",-0.286631355710641,7.52381745900116,2.23117406501,0.136127872486859,0.60047716234246,0.677334558644058,"cognps_random_slope"
"11648","TNFRSF11A","Mic P2RY12",-0.851177036150582,5.398023899327,2.05178063411356,0.152896914016506,0.620900468101574,0.699200999290491,"cognps_random_slope"
"11649","ZCCHC2","Mic P2RY12",0.0529942332147355,6.86043607107202,0.0236678099785128,0.877819458514261,0.999765323016076,0.999791880761836,"cognps_random_slope"
"11650","PHLPP1","Mic P2RY12",-0.145244988993583,6.34097572499591,0.0999616715888327,0.752059056751617,0.982244103840787,0.994674014762625,"cognps_random_slope"
"11651","BCL2","Mic P2RY12",-0.806270186488404,8.9372650094222,8.94417672146404,0.00297536527691072,0.111623474530408,0.160251985835461,"cognps_random_slope"
"11652","KDSR","Mic P2RY12",-0.35396450060611,5.15735653057102,0.824371073702134,0.364513268714442,0.811166109937269,0.861510812786151,"cognps_random_slope"
"11653","AC036176.1","Mic P2RY12",0.657743507931414,3.06582310680846,0.638121841227182,0.42491896137,0.845467804045519,0.889524158989668,"cognps_random_slope"
"11654","VPS4B","Mic P2RY12",-0.0507531657241057,6.02853309985006,0.0348864051170693,0.851939212851659,0.999765323016076,0.999791880761836,"cognps_random_slope"
"11655","SERPINB8","Mic P2RY12",-0.614587421989334,3.32731760685244,0.673948161348942,0.412222323285251,0.83754572356296,0.884047378196716,"cognps_random_slope"
"11656","LINC01924","Mic P2RY12",-2.55787576550732,2.34924668961195,4.6593573821724,0.0315458894873447,0.34481767130498,0.436122190240716,"cognps_random_slope"
"11657","CDH19","Mic P2RY12",-0.332652054693443,2.67563208829454,0.0818319742586735,0.774994666963837,0.988006094248173,0.998208143973629,"cognps_random_slope"
"11658","DSEL","Mic P2RY12",0.979602866456084,2.72836079401816,0.906328192219419,0.341729933765738,0.792405774789648,0.845625767302657,"cognps_random_slope"
"11659","AC114689.3","Mic P2RY12",-0.128660745344515,2.50859705662448,0.0127584055419626,0.910130752707797,0.999765323016076,0.999791880761836,"cognps_random_slope"
"11660","TMX3","Mic P2RY12",-0.370645367256625,6.23660008263633,1.80551305418891,0.17989458814045,0.653501592754181,0.727353567006178,"cognps_random_slope"
"11661","CCDC102B","Mic P2RY12",0.684179434643661,5.82370243116562,3.45497067688409,0.0638785836840949,0.462472663398463,0.554347917629297,"cognps_random_slope"
"11662","DOK6","Mic P2RY12",1.45838495164311,3.62138265831144,4.06611252662814,0.044494810821436,0.398437123319743,0.492235156926348,"cognps_random_slope"
"11663","CD226","Mic P2RY12",0.30098054787294,6.51019253336164,0.382768390305478,0.536517019734768,0.907124922871798,0.936979572434518,"cognps_random_slope"
"11664","RTTN","Mic P2RY12",-0.55167033942424,8.23893640897635,0.989970252946694,0.320418627989786,0.774400103881939,0.832185256894455,"cognps_random_slope"
"11665","SOCS6","Mic P2RY12",-0.0292113922607573,8.65136698872308,0.00255333938973732,0.95972763545934,0.999765323016076,0.999791880761836,"cognps_random_slope"
"11666","LINC01909","Mic P2RY12",-0.784415990521221,5.82062084683438,1.21493054844229,0.271094932462339,0.744150591955715,0.804064195788762,"cognps_random_slope"
"11667","CBLN2","Mic P2RY12",2.04165135262361,3.83756727708876,6.42740499493635,0.0116602824574242,0.214347661470428,0.286988065505054,"cognps_random_slope"
"11668","NETO1","Mic P2RY12",1.68594894324876,3.48347215032709,4.2975783409211,0.0388783930791316,0.376420613065208,0.470737578930732,"cognps_random_slope"
"11669","TIMM21","Mic P2RY12",1.307208035799,3.74257289778744,5.46271534565614,0.0199745372654956,0.278832056140528,0.365161214977141,"cognps_random_slope"
"11670","CYB5A","Mic P2RY12",0.466078824073564,3.9909084076635,0.750247347470538,0.386975419916648,0.822760209789465,0.872087249302361,"cognps_random_slope"
"11671","CNDP2","Mic P2RY12",-0.290616421870717,6.51472572194062,0.895231156419923,0.344698927166563,0.79495583871654,0.846771771087706,"cognps_random_slope"
"11672","CNDP1","Mic P2RY12",0.506030136202898,3.78582062761262,0.464761243697456,0.495845962196201,0.885741367554157,0.921184265007753,"cognps_random_slope"
"11673","LINC00909","Mic P2RY12",0.226286582275901,4.34180147849056,0.21810462775127,0.64077072208289,0.950874323474461,0.970806423495585,"cognps_random_slope"
"11674","ZNF407","Mic P2RY12",-0.336970818749047,7.90164678822351,1.29646109874773,0.255618574041135,0.731366298748306,0.792303485302201,"cognps_random_slope"
"11675","ZADH2","Mic P2RY12",-0.070839309926263,5.66486388085878,0.0315375642190531,0.859146384801961,0.999765323016076,0.999791880761836,"cognps_random_slope"
"11676","TSHZ1","Mic P2RY12",-0.145706904507051,5.20645088611393,0.0558232057112426,0.813358176508486,0.994763030214352,0.999791880761836,"cognps_random_slope"
"11677","ZNF516","Mic P2RY12",-0.000286281269055357,6.92628829180511,1.78474014766901e-06,0.998934813821137,0.999765323016076,0.999791880761836,"cognps_random_slope"
"11678","ZNF236-DT","Mic P2RY12",0.194017311104919,4.57566956551682,0.209315886100214,0.674351201242222,0.962199792147255,0.979716963011078,"cognps_random_slope"
"11679","ZNF236","Mic P2RY12",-0.0453419913625715,6.63747996209458,0.036554676219356,0.923269990066113,0.999765323016076,0.999791880761836,"cognps_random_slope"
"11680","MBP","Mic P2RY12",-0.255845597668707,8.81169460626807,0.691646079495321,0.406156910326681,0.833268333632556,0.880885766552673,"cognps_random_slope"
"11681","ATP9B","Mic P2RY12",0.00438500819625225,8.08115718642487,0.000421674627486175,0.983628205497275,0.999765323016076,0.999791880761836,"cognps_random_slope"
"11682","NFATC1","Mic P2RY12",0.111031445966301,5.95515403251538,0.0718716558162956,0.788784596469401,0.990886185623222,0.999791880761836,"cognps_random_slope"
"11683","CTDP1","Mic P2RY12",-0.428632847695589,5.13061534877807,1.03275451426646,0.310195785811485,0.768573804238758,0.828120205903937,"cognps_random_slope"
"11684","AC021594.2","Mic P2RY12",0.660799791829278,4.52519637866075,0.354708067001262,0.551834641340544,0.913882356476103,0.94186630244701,"cognps_random_slope"
"11685","KCNG2","Mic P2RY12",0.579119491483143,3.70956284279176,0.428269673469031,0.513257509825826,0.894942542151003,0.92830484233112,"cognps_random_slope"
"11686","PQLC1","Mic P2RY12",0.536960774158548,6.11393249800143,2.94942259148943,0.08676913716277,0.512469461048162,0.598046529298272,"cognps_random_slope"
"11687","HSBP1L1","Mic P2RY12",0.42942433814954,4.30022278763589,0.682964468532729,0.409115730209112,0.835775307665451,0.882626787103489,"cognps_random_slope"
"11688","TXNL4A","Mic P2RY12",-0.382873154181154,5.74925562235084,1.30701208047941,0.25369681512331,0.730761427230338,0.791610268982432,"cognps_random_slope"
"11689","ADNP2","Mic P2RY12",-0.228065285741152,5.33500387843432,0.387356686126522,0.534086531416432,0.906426532810626,0.936676845646322,"cognps_random_slope"
"11690","PARD6G-AS1","Mic P2RY12",1.80350298810837,2.9249428646213,3.01394918547245,0.0834073893566366,0.505420462602119,0.593030725533821,"cognps_random_slope"
"11691","PARD6G","Mic P2RY12",1.22056702606941,2.55094734128247,1.03376184223946,0.309960278606348,0.768573804238758,0.82799591029712,"cognps_random_slope"
"11692","C20orf96","Mic P2RY12",0.727018521614691,4.59149053806626,1.83644921858822,0.176218255004684,0.647510916089937,0.723004651230449,"cognps_random_slope"
"11693","ZCCHC3","Mic P2RY12",-0.193613109448013,4.04595299527969,0.102640647613877,0.748869541976742,0.982244103840787,0.994674014762625,"cognps_random_slope"
"11694","NRSN2-AS1","Mic P2RY12",-0.336428596707928,3.68295702642777,0.310765992222473,0.577557330621974,0.925818874122616,0.951090082467838,"cognps_random_slope"
"11695","SOX12","Mic P2RY12",-1.3065189565852,3.93114408063107,4.1126295177034,0.0433009117983421,0.395101986945241,0.48908770365412,"cognps_random_slope"
"11696","NRSN2","Mic P2RY12",1.01688702508711,3.45332898219154,2.07193334240261,0.150901064290761,0.618915419526332,0.696422702971634,"cognps_random_slope"
"11697","RBCK1","Mic P2RY12",0.275247894932574,5.65897454235015,0.779974034044678,0.377739060648581,0.816910377307216,0.867843746648631,"cognps_random_slope"
"11698","TBC1D20","Mic P2RY12",-0.37647888946362,5.13417733774263,1.29739151718939,0.255448385713844,0.731366298748306,0.792303485302201,"cognps_random_slope"
"11699","CSNK2A1","Mic P2RY12",-0.0138497030201264,7.0317394238798,0.00417681778338937,0.948505856712241,0.999765323016076,0.999791880761836,"cognps_random_slope"
"11700","FAM110A","Mic P2RY12",-0.397946578747111,3.76572483977136,0.450873926026795,0.572997797813049,0.924344761669553,0.949943677687254,"cognps_random_slope"
"11701","RSPO4","Mic P2RY12",2.16141780271735,2.67760234491879,3.04740753969141,0.0817201192356177,0.504556224153308,0.592563934205185,"cognps_random_slope"
"11702","PSMF1","Mic P2RY12",-0.544625342350426,6.40152879180581,4.4819045687658,0.0349416524212737,0.355815413447939,0.449634448537451,"cognps_random_slope"
"11703","SNPH","Mic P2RY12",0.684819290704634,3.17877973212109,0.779312171861391,0.377941289666713,0.816910377307216,0.867843746648631,"cognps_random_slope"
"11704","AL136531.2","Mic P2RY12",-0.370786212296249,5.04995205433958,0.555200886424545,0.456687041702761,0.865510720220435,0.905764164095184,"cognps_random_slope"
"11705","SDCBP2-AS1","Mic P2RY12",-0.0641838638860569,4.55727057079644,0.0187965180069717,0.891028162945197,0.999765323016076,0.999791880761836,"cognps_random_slope"
"11706","NSFL1C","Mic P2RY12",-0.598247713127459,6.15419611962471,4.1383666668202,0.0426549343450461,0.392325858035664,0.485411604976007,"cognps_random_slope"
"11707","SIRPB2","Mic P2RY12",-0.625173548292554,6.93392254289042,2.89957036655217,0.0894672063229129,0.5194757504044,0.604348241844467,"cognps_random_slope"
"11708","AL049634.2","Mic P2RY12",0.691372715233932,3.00889605633742,0.326964282567237,0.567809341091938,0.922925953141032,0.948753778898485,"cognps_random_slope"
"11709","AL121760.1","Mic P2RY12",-0.349361797371021,3.445462736926,0.252559895731152,0.615585910488257,0.940879358414831,0.96381483341965,"cognps_random_slope"
"11710","AL117335.1","Mic P2RY12",-0.204209324320937,4.128697844385,0.131697886097695,0.716891264736946,0.975412307559,0.990827860187382,"cognps_random_slope"
"11711","SIRPA","Mic P2RY12",-0.39369265146697,7.35271296265465,2.33505060922146,0.127369915829819,0.587972145635143,0.665657920588163,"cognps_random_slope"
"11712","PDYN-AS1","Mic P2RY12",0.616162868659487,3.76813109549641,0.666869236845057,0.414685875308049,0.83948272587752,0.885457681264967,"cognps_random_slope"
"11713","STK35","Mic P2RY12",0.386826595891653,4.98313225864127,1.32862538320448,0.249815503625071,0.729301365236868,0.789201257695949,"cognps_random_slope"
"11714","SNRPB","Mic P2RY12",-0.350170577107221,4.31041914391379,0.500304637517903,0.47982439075564,0.880549559893777,0.916263961146097,"cognps_random_slope"
"11715","AL049650.1","Mic P2RY12",-0.316001225126777,3.18052530098242,0.165109943382436,0.684736522615887,0.96526547799949,0.981938174288632,"cognps_random_slope"
"11716","NOP56","Mic P2RY12",0.315171667186476,5.36702802413547,0.640396255893897,0.424095650453439,0.844676919457407,0.889133617630447,"cognps_random_slope"
"11717","IDH3B","Mic P2RY12",0.0720002014715731,4.09287951841605,0.0177485811064408,0.894090903121185,0.999765323016076,0.999791880761836,"cognps_random_slope"
"11718","PCED1A","Mic P2RY12",0.0502710033986019,5.24741498741396,0.0178592982597143,0.89376304283463,0.999765323016076,0.999791880761836,"cognps_random_slope"
"11719","VPS16","Mic P2RY12",0.120031728628504,3.95033834933327,0.0480085597042307,0.82668978502758,0.997790670013024,0.999791880761836,"cognps_random_slope"
"11720","PTPRA","Mic P2RY12",0.339351023063181,7.54542443446599,3.73451565950453,0.0540841153521085,0.434347947711541,0.526344557013956,"cognps_random_slope"
"11721","MRPS26","Mic P2RY12",0.00521055858680121,4.36582897372604,0.0001611879019342,0.98987738597872,0.999765323016076,0.999791880761836,"cognps_random_slope"
"11722","UBOX5-AS1","Mic P2RY12",0.0966853655252785,3.40459812725112,0.0143324083656913,0.904773361887784,0.999765323016076,0.999791880761836,"cognps_random_slope"
"11723","UBOX5","Mic P2RY12",0.112661266603394,4.41273462266608,0.0640704416109839,0.800319033794308,0.992143902613387,0.999791880761836,"cognps_random_slope"
"11724","LZTS3","Mic P2RY12",-0.73714128837144,3.3673095104987,1.08642276911583,0.370161116723838,0.812104761618872,0.863532460737016,"cognps_random_slope"
"11725","DDRGK1","Mic P2RY12",-0.47379318485581,4.57281271749406,1.11440643123435,0.291834746187435,0.757041702217928,0.818335118506931,"cognps_random_slope"
"11726","ITPA","Mic P2RY12",0.347967176929133,5.21288583626221,0.718133140303545,0.397320568191916,0.828429241452076,0.876968316775435,"cognps_random_slope"
"11727","C20orf194","Mic P2RY12",-0.0903201618083334,8.68350377384182,0.13061116831611,0.718011425816806,0.97556546051407,0.991048142499339,"cognps_random_slope"
"11728","ATRN","Mic P2RY12",-0.0688162634850694,7.98678585054209,0.098057312338642,0.754355033785787,0.982268354911735,0.994998852417964,"cognps_random_slope"
"11729","SIGLEC1","Mic P2RY12",2.77524235198293,4.71629636721134,3.86924380831724,0.0499470671088137,0.418083513064701,0.510316389867414,"cognps_random_slope"
"11730","C20orf27","Mic P2RY12",0.363126467430312,4.77469703524617,0.625819999797562,0.515864040267874,0.894942542151003,0.928396229499558,"cognps_random_slope"
"11731","CENPB","Mic P2RY12",-0.714588088034116,3.71452906542424,1.41370207442874,0.235227282382772,0.716122481653839,0.778593254810264,"cognps_random_slope"
"11732","CDC25B","Mic P2RY12",-0.241378538053303,4.0803567267894,0.187538619819339,0.665232756562141,0.957960903792096,0.975902687187237,"cognps_random_slope"
"11733","MAVS","Mic P2RY12",0.0320553572090409,6.57672573657623,0.0142785930431527,0.904951455275004,0.999765323016076,0.999791880761836,"cognps_random_slope"
"11734","AL353194.1","Mic P2RY12",0.0739064534728895,3.56928980513831,0.0101068620955788,0.919977293840353,0.999765323016076,0.999791880761836,"cognps_random_slope"
"11735","PANK2","Mic P2RY12",0.110591361951272,6.95477456911468,0.226205793984809,0.965857159655857,0.999765323016076,0.999791880761836,"cognps_random_slope"
"11736","RNF24","Mic P2RY12",-0.891096236824062,6.58621048603114,5.30276042297873,0.0218619224710836,0.290623781808482,0.379136186238908,"cognps_random_slope"
"11737","SMOX","Mic P2RY12",0.655183802020236,4.01579528680362,1.16235234253502,0.281700832204396,0.750907838952912,0.811474754307675,"cognps_random_slope"
"11738","PRNP","Mic P2RY12",0.314586638488674,6.20911822026872,0.737494242318697,0.391036772543935,0.824692295940985,0.873932594956922,"cognps_random_slope"
"11739","RASSF2","Mic P2RY12",-0.664112409370815,7.5436887882132,2.54370895085658,0.111612796654416,0.563360861757374,0.64653404434065,"cognps_random_slope"
"11740","SLC23A2","Mic P2RY12",0.440996725739987,7.60464036216357,3.50643574430065,0.0619420437120481,0.457851807934449,0.549344450340053,"cognps_random_slope"
"11741","TMEM230","Mic P2RY12",0.0426651959405595,5.45133260910718,0.0162376380273383,0.898673675223113,0.999765323016076,0.999791880761836,"cognps_random_slope"
"11742","PCNA","Mic P2RY12",0.249817412552784,3.30376868693367,0.122044694666841,0.831267760634421,0.999283387674923,0.999791880761836,"cognps_random_slope"
"11743","CDS2","Mic P2RY12",-0.504824938049987,6.33797163498593,3.90079105624725,0.0490277804224555,0.417156371708779,0.510316389867414,"cognps_random_slope"
"11744","LINC00654","Mic P2RY12",-0.52434065810876,2.79170546797971,0.277548346714597,0.598637436184903,0.936283425111275,0.958949202974935,"cognps_random_slope"
"11745","GPCPD1","Mic P2RY12",0.315893164642217,7.59438444376798,0.973149882735685,0.32455908771962,0.778767472610678,0.836154111831659,"cognps_random_slope"
"11746","SHLD1","Mic P2RY12",-0.237696592441732,6.63899432633696,0.468782297060072,0.493988914923172,0.884891066701007,0.920335516646799,"cognps_random_slope"
"11747","CHGB","Mic P2RY12",2.69094817168774,3.61080439285452,6.65080243674881,0.0103078203562755,0.202083971870546,0.275102127127034,"cognps_random_slope"
"11748","TRMT6","Mic P2RY12",0.0494886614059506,3.50922621994816,0.00627237945299436,0.936918902857926,0.999765323016076,0.999791880761836,"cognps_random_slope"
"11749","MCM8","Mic P2RY12",0.704168758564765,3.84930088254126,1.40499454208117,0.236671751040683,0.717608115480863,0.780129214180369,"cognps_random_slope"
"11750","CRLS1","Mic P2RY12",-0.166586246798658,6.05956025215941,0.209886928309654,0.647132742367822,0.952302504420343,0.971617599873003,"cognps_random_slope"
"11751","TMX4","Mic P2RY12",1.38190796703196,4.51723442714914,6.85168120862535,0.00922978736487853,0.192062702603629,0.263399438153401,"cognps_random_slope"
"11752","PLCB1","Mic P2RY12",2.48960670662054,5.65960857111441,15.430775742627,0.000102614453336733,0.024939888439247,0.0375786273262378,"cognps_random_slope"
"11753","PLCB4","Mic P2RY12",0.100015264225483,2.89288848193297,0.016299856816193,0.898480784918693,0.999765323016076,0.999791880761836,"cognps_random_slope"
"11754","LAMP5","Mic P2RY12",3.13066914171002,2.85641401181177,7.03849252777496,0.00833132872813453,0.18183735551422,0.251051060959089,"cognps_random_slope"
"11755","PAK5","Mic P2RY12",2.98911431247038,3.55367575662873,18.566630117145,2.12015900540762e-05,0.00979732787291985,0.0159329949256383,"cognps_random_slope"
"11756","SNAP25-AS1","Mic P2RY12",1.17807574725025,2.67840528798031,1.03654976827272,0.309309693276374,0.768143594002532,0.827397442338951,"cognps_random_slope"
"11757","SNAP25","Mic P2RY12",1.11994166360374,6.78408558984578,3.31441744185109,0.069505621694439,0.478937134484216,0.56992349430269,"cognps_random_slope"
"11758","MKKS","Mic P2RY12",0.0792940434285828,3.9088433105025,0.0240624809377984,0.876813063278921,0.999765323016076,0.999791880761836,"cognps_random_slope"
"11759","SLX4IP","Mic P2RY12",0.21800522236281,7.1005820621818,0.496913637150024,0.481315671125164,0.880922058009877,0.916739510069731,"cognps_random_slope"
"11760","JAG1","Mic P2RY12",1.0074160875039,3.23362070820047,1.02709833438261,0.311522514345878,0.769107077146114,0.82860725412079,"cognps_random_slope"
"11761","AL050403.2","Mic P2RY12",0.96775985391037,3.29120368611437,0.908938379055888,0.341036610717784,0.792405774789648,0.845625767302657,"cognps_random_slope"
"11762","BTBD3","Mic P2RY12",0.42874783038412,5.05691643230949,1.31797294090002,0.251719252074677,0.729501575487489,0.789459281326494,"cognps_random_slope"
"11763","SPTLC3","Mic P2RY12",0.705502496152105,6.69454456536787,1.14848971904717,0.284584179393371,0.753549217160752,0.813095273637445,"cognps_random_slope"
"11764","TASP1","Mic P2RY12",-0.0091635721594812,6.28586628031742,0.00085584975764315,0.976677515961866,0.999765323016076,0.999791880761836,"cognps_random_slope"
"11765","ESF1","Mic P2RY12",-0.370821877982634,6.65741587580166,1.07462376219653,0.300599899886938,0.762414699475663,0.823013995190349,"cognps_random_slope"
"11766","NDUFAF5","Mic P2RY12",0.752624169186797,5.75211610245887,4.03235118587448,0.0453830962591978,0.401968851929616,0.495799086267184,"cognps_random_slope"
"11767","MACROD2","Mic P2RY12",-0.528032870426156,8.35665266999608,3.20128468994777,0.0744218668863507,0.485665771203642,0.574597093093313,"cognps_random_slope"
"11768","KIF16B","Mic P2RY12",-0.540783329555258,8.08807987120795,3.27115772007926,0.0713429235906859,0.481432815573689,0.571978509732139,"cognps_random_slope"
"11769","SNRPB2","Mic P2RY12",0.167111868097474,4.69479163703821,0.160004599276758,0.93291639727263,0.999765323016076,0.999791880761836,"cognps_random_slope"
"11770","PCSK2","Mic P2RY12",2.16873629208342,3.91862429306603,9.05481428825533,0.00280478156177644,0.11004659914288,0.157590933623265,"cognps_random_slope"
"11771","DSTN","Mic P2RY12",0.162932999155849,5.06291103407938,0.133846981738318,0.714691339936818,0.975327034936739,0.990164059165288,"cognps_random_slope"
"11772","RRBP1","Mic P2RY12",-0.120325394604808,6.93227018891462,0.0943527950990084,0.75889253098178,0.983190954097967,0.995414674993652,"cognps_random_slope"
"11773","SNX5","Mic P2RY12",-0.0836392178830514,6.10778213660304,0.0840620572139272,0.772033387086294,0.987121402570693,0.99779870021368,"cognps_random_slope"
"11774","OVOL2","Mic P2RY12",-0.238061995119543,3.39893658121102,0.0928641137617486,0.760743398512532,0.983230301570971,0.995414674993652,"cognps_random_slope"
"11775","MGME1","Mic P2RY12",0.203732690214345,5.38170933693506,0.281611292111287,0.889796101252015,0.999765323016076,0.999791880761836,"cognps_random_slope"
"11776","KAT14","Mic P2RY12",0.11186557735861,4.4392805276975,0.0616359486051973,0.805679691492123,0.993231645669267,0.999791880761836,"cognps_random_slope"
"11777","ZNF133","Mic P2RY12",-0.148959996398626,5.3172453324461,0.168368105610754,0.681810559409125,0.964117685622211,0.980747543039152,"cognps_random_slope"
"11778","DZANK1","Mic P2RY12",1.25001773804617,3.98722659816562,4.945046761571,0.0267861702731426,0.316544504259598,0.407211199465947,"cognps_random_slope"
"11779","POLR3F","Mic P2RY12",0.691254672160606,4.13772664847096,2.14687781475194,0.143733842721091,0.609827374658516,0.68699278012833,"cognps_random_slope"
"11780","RBBP9","Mic P2RY12",-0.210425506744698,3.05710222149466,0.0700660627374503,0.791392258640705,0.990886185623222,0.999791880761836,"cognps_random_slope"
"11781","SEC23B","Mic P2RY12",0.703989229836472,5.6974549501076,3.70427656458312,0.0550618139995643,0.436313933844455,0.529175079983612,"cognps_random_slope"
"11782","DTD1","Mic P2RY12",0.82011272344526,3.85364797290241,1.98595718385952,0.159628333325693,0.62960268995345,0.706937631044709,"cognps_random_slope"
"11783","SLC24A3","Mic P2RY12",-0.412621217546534,2.97229302827894,0.17410572108064,0.676737383842028,0.962836572976644,0.980096514019067,"cognps_random_slope"
"11784","AL121761.1","Mic P2RY12",-0.877159389167816,4.50383882693326,1.80696364504051,0.179720231014186,0.653182215853061,0.727039764617767,"cognps_random_slope"
"11785","RIN2","Mic P2RY12",0.0896875602509197,8.43575956164439,0.0635312138410112,0.801143317662257,0.992196422862696,0.999791880761836,"cognps_random_slope"
"11786","NAA20","Mic P2RY12",-0.133499398337341,6.35459833385915,0.180001002053171,0.671626058812495,0.961372041791375,0.978491859421814,"cognps_random_slope"
"11787","CRNKL1","Mic P2RY12",0.295360698488504,4.38918477885258,0.366310018939938,0.805929102477721,0.993231645669267,0.999791880761836,"cognps_random_slope"
"11788","RALGAPA2","Mic P2RY12",-0.516732605144427,8.29024258285541,3.42350754382941,0.0650943426654385,0.46721419308142,0.558429206770286,"cognps_random_slope"
"11789","KIZ","Mic P2RY12",0.143166536943938,5.96797944549952,0.120026400183745,0.72920846988847,0.977905442243755,0.992735737523133,"cognps_random_slope"
"11790","KIZ-AS1","Mic P2RY12",-1.93635032023109,3.12687216826567,4.10028217499272,0.0436144791202326,0.395903808944589,0.489669744764059,"cognps_random_slope"
"11791","XRN2","Mic P2RY12",-0.0867003806114159,7.34947248755162,0.0720399811165712,0.788543296209814,0.990886185623222,0.999791880761836,"cognps_random_slope"
"11792","AL049651.1","Mic P2RY12",-1.61468372912763,2.36888236663257,1.29875479358212,0.255199273724571,0.731366298748306,0.792303485302201,"cognps_random_slope"
"11793","THBD","Mic P2RY12",-0.795425476848845,4.03069650364074,0.332015756678257,0.564834969556534,0.922389580650276,0.948281259734743,"cognps_random_slope"
"11794","CD93","Mic P2RY12",-0.937858714255232,5.61053206438029,1.40702179749492,0.236334494834574,0.717195745965125,0.779721694068577,"cognps_random_slope"
"11795","NXT1","Mic P2RY12",-1.98356983230831,3.07772639934576,4.8240866742365,0.0287025272986162,0.327281291594993,0.419116807486513,"cognps_random_slope"
"11796","GZF1","Mic P2RY12",-0.89113557822894,3.76454969313202,1.90305800961633,0.168593600483921,0.640216163243134,0.718107448122046,"cognps_random_slope"
"11797","NAPB","Mic P2RY12",0.509282181292768,5.60148122780563,2.28641961028606,0.1313889046854,0.591810411151284,0.669219809264844,"cognps_random_slope"
"11798","CST3","Mic P2RY12",-1.4809214766727,7.06305485594105,6.60807395748231,0.0105533903901503,0.203578467967514,0.276565986303596,"cognps_random_slope"
"11799","SYNDIG1","Mic P2RY12",0.585948974572182,10.44707893799,0.906617829983076,0.341652905733603,0.792405774789648,0.845625767302657,"cognps_random_slope"
"11800","AL157413.1","Mic P2RY12",-0.4104345582786,2.88335901669937,0.138595611799749,0.709900459014591,0.973488894113894,0.988890731326174,"cognps_random_slope"
"11801","CST7","Mic P2RY12",-0.742223012826315,2.24086615927867,0.329170447807379,0.566506591329778,0.922925953141032,0.948745471623017,"cognps_random_slope"
"11802","APMAP","Mic P2RY12",-0.256135337126126,7.42811360134685,0.667530857924241,0.414454700465878,0.839297845089759,0.885398564439652,"cognps_random_slope"
"11803","ACSS1","Mic P2RY12",-0.237552165966089,6.42888341748821,0.392849098496572,0.531203257101041,0.905503589823643,0.935221650609795,"cognps_random_slope"
"11804","ENTPD6","Mic P2RY12",-0.100037389466549,5.66496267338517,0.110134761668114,0.740184087451532,0.980449437178806,0.994247512606934,"cognps_random_slope"
"11805","PYGB","Mic P2RY12",0.0763306911804413,5.25180937144905,0.0611169266298963,0.921330478282883,0.999765323016076,0.999791880761836,"cognps_random_slope"
"11806","ABHD12","Mic P2RY12",0.132311852938073,7.92566967908894,0.249182165692533,0.617956751206165,0.941798979064463,0.963917775753802,"cognps_random_slope"
"11807","GINS1","Mic P2RY12",0.0636525958212534,3.41285453827147,0.00735188008491773,0.931718350815617,0.999765323016076,0.999791880761836,"cognps_random_slope"
"11808","ZNF337-AS1","Mic P2RY12",-0.374297899955209,3.90417687813307,0.363989177919525,0.546679361112477,0.911426986597202,0.940041033146701,"cognps_random_slope"
"11809","ZNF337","Mic P2RY12",0.520026263293192,5.54543327092245,2.44818795966273,0.118540114334932,0.575627687201256,0.655301420849692,"cognps_random_slope"
"11810","FAM182B","Mic P2RY12",-0.628555861024715,5.03035848161324,1.99956612894271,0.158209344052585,0.628850038216583,0.706757717301824,"cognps_random_slope"
"11811","HM13","Mic P2RY12",-0.0867329461993595,7.27830446079662,0.0924434352674358,0.761269360493152,0.983444108849778,0.995654050815275,"cognps_random_slope"
"11812","BCL2L1","Mic P2RY12",-0.0909145129307238,7.33777255882772,0.0435667331530942,0.834779957062844,0.999366959106503,0.999791880761836,"cognps_random_slope"
"11813","AL117381.1","Mic P2RY12",-0.726122832783001,4.09540975439479,0.819704945334371,0.365872596814062,0.811562709840244,0.862405100667332,"cognps_random_slope"
"11814","TTLL9","Mic P2RY12",-0.0535811584230728,2.94891777212335,0.00405801463818282,0.949242468183387,0.999765323016076,0.999791880761836,"cognps_random_slope"
"11815","HCK","Mic P2RY12",-0.183995599609054,8.5355291561371,0.245834348653383,0.620326494638175,0.943281902324893,0.964575721805438,"cognps_random_slope"
"11816","TM9SF4","Mic P2RY12",-0.173805742544685,6.79392816567776,0.325694677307539,0.568561695739698,0.922925953141032,0.948753778898485,"cognps_random_slope"
"11817","PLAGL2","Mic P2RY12",-0.973298047425934,3.87029552235154,2.79367165619514,0.095507031700884,0.532922140027557,0.617843694930587,"cognps_random_slope"
"11818","POFUT1","Mic P2RY12",-1.07856489329179,5.10027438930768,8.21844187721272,0.00439083889840398,0.136709614832009,0.192965814745649,"cognps_random_slope"
"11819","KIF3B","Mic P2RY12",0.404976020864456,4.78072456567118,0.825209827785122,0.364269668499056,0.811028049103813,0.861296242927238,"cognps_random_slope"
"11820","ASXL1","Mic P2RY12",-0.420197694409477,7.34789419656369,3.02773344875931,0.0827077319849503,0.505420462602119,0.593030725533821,"cognps_random_slope"
"11821","NOL4L","Mic P2RY12",-0.0639051538366403,7.223064378928,0.0328767964928428,0.856218871588328,0.999765323016076,0.999791880761836,"cognps_random_slope"
"11822","FO393400.1","Mic P2RY12",0.30645810167275,3.61499034763632,0.170531751655791,0.679885753450982,0.963764980353924,0.980589311801902,"cognps_random_slope"
"11823","MAPRE1","Mic P2RY12",-0.13140922944956,4.84135874411022,0.127236768585568,0.721523629605797,0.97571529536985,0.991463831658989,"cognps_random_slope"
"11824","AL035071.2","Mic P2RY12",-0.85633711179769,3.13570532113615,0.875776019543965,0.349989188070951,0.799426324952662,0.851003693384338,"cognps_random_slope"
"11825","AL035071.1","Mic P2RY12",-0.343098034356103,3.75419290082424,0.330532765523403,0.565705033357749,0.922713382671275,0.948662598709496,"cognps_random_slope"
"11826","EFCAB8","Mic P2RY12",-0.259699552707279,2.62710645258713,0.0743407081689777,0.785274974473965,0.990719344618726,0.999791880761836,"cognps_random_slope"
"11827","CDK5RAP1","Mic P2RY12",0.177393972984912,5.79817984393303,0.425634751648779,0.514555504184418,0.894942542151003,0.92830484233112,"cognps_random_slope"
"11828","SNTA1","Mic P2RY12",0.932933557999797,2.90820044357498,1.17945155780802,0.278195093102174,0.748913708851393,0.809498465776539,"cognps_random_slope"
"11829","CBFA2T2","Mic P2RY12",0.136707309383491,7.44323559768202,0.396430244387325,0.529338401603409,0.904227395779131,0.934528916534757,"cognps_random_slope"
"11830","NECAB3","Mic P2RY12",-0.171983177130677,3.26037931489184,0.0521588233756275,0.883297367939542,0.999765323016076,0.999791880761836,"cognps_random_slope"
"11831","PXMP4","Mic P2RY12",0.365614636170532,3.71926544584906,0.394565637705581,0.530307908509361,0.904960687881567,0.93499583931677,"cognps_random_slope"
"11832","ZNF341","Mic P2RY12",0.58209940758052,4.39905784658549,1.5877888121028,0.208459381531343,0.689568715448822,0.754950683011725,"cognps_random_slope"
"11833","ZNF341-AS1","Mic P2RY12",0.410586248624739,2.93657674491267,0.209486531996746,0.647446552247776,0.952302504420343,0.971793326483451,"cognps_random_slope"
"11834","CHMP4B","Mic P2RY12",-0.240633950111983,5.8262225515479,0.520265220606719,0.471197220859078,0.874361384794786,0.912512310358026,"cognps_random_slope"
"11835","RALY","Mic P2RY12",-0.364492911955956,7.25409148870631,2.56272298819284,0.110288024474836,0.56065247266128,0.644627053842235,"cognps_random_slope"
"11836","EIF2S2","Mic P2RY12",-0.460242009544851,6.03671133555699,1.30188343265852,0.254628710668734,0.73129610216815,0.79224517442542,"cognps_random_slope"
"11837","AHCY","Mic P2RY12",-0.527222637032424,3.81491674297892,0.781377662901778,0.377310693254035,0.816856316687775,0.867801931984137,"cognps_random_slope"
"11838","ITCH","Mic P2RY12",-0.258126965155648,8.01657644165951,2.3673303166356,0.124778141106662,0.583536243046098,0.661618690639923,"cognps_random_slope"
"11839","DYNLRB1","Mic P2RY12",-0.272175973564047,5.4072961539614,0.6930376072174,0.405685578694448,0.832938936737292,0.880625974549041,"cognps_random_slope"
"11840","MAP1LC3A","Mic P2RY12",1.54531984214334,4.02860052823855,4.61304649930352,0.0323973003535017,0.346166150645263,0.4390482733532,"cognps_random_slope"
"11841","PIGU","Mic P2RY12",0.408057937033181,5.72455013876875,1.43858484949817,0.231158109732686,0.71251308323617,0.774762683133913,"cognps_random_slope"
"11842","NCOA6","Mic P2RY12",-0.155133838010865,7.03925902072824,0.538789083842548,0.463413282894427,0.869358863148379,0.909355160613382,"cognps_random_slope"
"11843","GGT7","Mic P2RY12",0.322601641966522,6.32794152099565,1.12387342853216,0.289797400059855,0.754870585286147,0.815816755264628,"cognps_random_slope"
"11844","ACSS2","Mic P2RY12",-0.229477007334299,5.88942897242246,0.517962153758879,0.643103289792621,0.951443629329721,0.970883120121208,"cognps_random_slope"
"11845","GSS","Mic P2RY12",0.124496239400129,4.78982086791979,0.0879915359909619,0.911837427477603,0.999765323016076,0.999791880761836,"cognps_random_slope"
"11846","MYH7B","Mic P2RY12",-1.63016641769814,2.78862441476103,3.05201781724288,0.0814905425648949,0.504556224153308,0.592563934205185,"cognps_random_slope"
"11847","TRPC4AP","Mic P2RY12",0.00571904577343897,7.76392780452335,0.0008032044719733,0.977406010729862,0.999765323016076,0.999791880761836,"cognps_random_slope"
"11848","EDEM2","Mic P2RY12",-0.00929684324153028,5.33982308911151,0.000544404089053778,0.981398013214809,0.999765323016076,0.999791880761836,"cognps_random_slope"
"11849","PROCR","Mic P2RY12",-0.655959691266763,4.98122384493707,1.27665550232115,0.25927485534216,0.733799859860673,0.794637250365552,"cognps_random_slope"
"11850","MMP24OS","Mic P2RY12",0.467999090811225,7.01281992326886,3.10977311139192,0.0786729377197558,0.497309452067192,0.584601641691461,"cognps_random_slope"
"11851","MMP24","Mic P2RY12",0.340508737197204,4.99815830968404,0.275662815124606,0.599881676479689,0.936283425111275,0.959054741582592,"cognps_random_slope"
"11852","UQCC1","Mic P2RY12",0.214876396591181,6.43698098295447,0.948144042123947,0.368825495643079,0.812104761618872,0.863106788382106,"cognps_random_slope"
"11853","CEP250","Mic P2RY12",-0.151256059808829,5.17004178346294,0.219747304223001,0.639516554439436,0.950271487556261,0.97040644005083,"cognps_random_slope"
"11854","FO393401.1","Mic P2RY12",-0.233914210895362,5.99661436127528,0.469208658319096,0.49379269465821,0.884891066701007,0.920292095225767,"cognps_random_slope"
"11855","ERGIC3","Mic P2RY12",-0.0284621999223134,4.83416602591701,0.00424658819744875,0.948078158702387,0.999765323016076,0.999791880761836,"cognps_random_slope"
"11856","CPNE1","Mic P2RY12",-0.356990416926232,5.52468801498437,1.23946464920092,0.266317825283116,0.741559362771505,0.800182029697923,"cognps_random_slope"
"11857","ROMO1","Mic P2RY12",-0.146614921125755,2.9380046321127,0.0314999449726154,0.859229536439399,0.999765323016076,0.999791880761836,"cognps_random_slope"
"11858","RBM39","Mic P2RY12",-0.18246802983292,8.22577271074531,1.2363266843294,0.266922921163095,0.741969314770097,0.800875333726641,"cognps_random_slope"
"11859","PHF20","Mic P2RY12",-0.0400571007274659,8.16472008880494,0.0249304205443087,0.874629179812916,0.999765323016076,0.999791880761836,"cognps_random_slope"
"11860","SCAND1","Mic P2RY12",-0.438413387573472,4.33899239796278,0.719707475149119,0.39680418082343,0.828429241452076,0.876968316775435,"cognps_random_slope"
"11861","CNBD2","Mic P2RY12",0.887531556049193,3.25195951209075,1.31056842015669,0.253053085512105,0.730165031234622,0.790343567499959,"cognps_random_slope"
"11862","NORAD","Mic P2RY12",0.0936171935062828,5.85299890777441,0.0948826633542486,0.758237608567134,0.983190954097967,0.995414674993652,"cognps_random_slope"
"11863","EPB41L1","Mic P2RY12",1.55440190098044,3.89054984256645,5.87202088226969,0.0158763676913662,0.248550471299063,0.331112589825949,"cognps_random_slope"
"11864","AAR2","Mic P2RY12",0.15658981947438,4.02822051406737,0.0992082650997974,0.752964496847818,0.982244103840787,0.994674014762625,"cognps_random_slope"
"11865","DLGAP4","Mic P2RY12",0.103565558929359,5.85540875621326,0.0882926810346546,0.766530537129598,0.985825844038422,0.996584922860264,"cognps_random_slope"
"11866","DLGAP4-AS1","Mic P2RY12",0.304095181167607,4.83983622645565,0.418932051974794,0.517883339237722,0.895850603991831,0.929230701599617,"cognps_random_slope"
"11867","TGIF2-RAB5IF","Mic P2RY12",0.589722410112213,2.91799938964941,0.515616839561013,0.473183636955844,0.8764220951206,0.913600729269488,"cognps_random_slope"
"11868","RAB5IF","Mic P2RY12",-0.957990960909734,3.68143601443057,1.97991453468713,0.160263052095192,0.630351034779585,0.707624463275774,"cognps_random_slope"
"11869","SLA2","Mic P2RY12",0.459129286352032,2.80831317922962,0.262558629036652,0.608682316149149,0.93885760879533,0.961459183207151,"cognps_random_slope"
"11870","NDRG3","Mic P2RY12",0.135432410423311,6.25051751752045,0.19449521122328,0.659466337891118,0.955612931885691,0.973592644066785,"cognps_random_slope"
"11871","DSN1","Mic P2RY12",-0.00291748236057255,4.15703405088815,2.88505993711631e-05,0.995717341139753,0.999765323016076,0.999791880761836,"cognps_random_slope"
"11872","SOGA1","Mic P2RY12",0.200553666198585,7.00902488481492,0.555980175114218,0.456371510664034,0.865333388169053,0.905598852945087,"cognps_random_slope"
"11873","SAMHD1","Mic P2RY12",0.373443146334197,7.91497130284317,2.02125724113487,0.15597729815249,0.626600078398338,0.705552493937171,"cognps_random_slope"
"11874","RBL1","Mic P2RY12",0.00106288057834742,5.34269979031239,1.18098338094872e-05,0.997259945560261,0.999765323016076,0.999791880761836,"cognps_random_slope"
"11875","MROH8","Mic P2RY12",-1.08388483989891,3.88365872204459,3.3279983441346,0.0689393657353379,0.476952214878298,0.567861892766969,"cognps_random_slope"
"11876","RPN2","Mic P2RY12",0.11017752722548,6.47077962532687,0.124489157663106,0.724422437709265,0.976701705810179,0.992103026315284,"cognps_random_slope"
"11877","MANBAL","Mic P2RY12",0.407154131709059,4.71862505989338,1.15858177684796,0.282481403333681,0.752106334312363,0.811780987897568,"cognps_random_slope"
"11878","SRC","Mic P2RY12",-0.133016209604207,4.7191699997535,0.0543497901603922,0.815792771255618,0.995078847506181,0.999791880761836,"cognps_random_slope"
"11879","BLCAP","Mic P2RY12",-0.0613670012627702,6.08715184903255,0.0425300574216859,0.898481625884112,0.999765323016076,0.999791880761836,"cognps_random_slope"
"11880","CTNNBL1","Mic P2RY12",0.17601520589875,6.50031474092348,0.388915895859163,0.533265141536641,0.906222110364132,0.936267706926118,"cognps_random_slope"
"11881","VSTM2L","Mic P2RY12",1.98386976667622,3.05916052817903,4.65056746343426,0.0317056673233326,0.344876337499984,0.436122190240716,"cognps_random_slope"
"11882","TTI1","Mic P2RY12",-0.605742899968373,5.52333540818021,3.57647998825836,0.0594066499172313,0.450797573918922,0.54362110047716,"cognps_random_slope"
"11883","RPRD1B","Mic P2RY12",0.477147390051329,5.70735976037245,3.22403231050112,0.0734040661957916,0.483949954288775,0.572984775873399,"cognps_random_slope"
"11884","AL391095.1","Mic P2RY12",0.770122935485813,2.75617032941375,0.502718381721184,0.478767498264861,0.880249943088941,0.915656876649944,"cognps_random_slope"
"11885","RALGAPB","Mic P2RY12",-0.25220308392722,6.86836657976161,1.29400680858369,0.256068176001564,0.731536632038984,0.792534081775357,"cognps_random_slope"
"11886","ACTR5","Mic P2RY12",-0.179670698109348,4.07106763952539,0.122063105373352,0.727012055243903,0.977594945023934,0.992716167586774,"cognps_random_slope"
"11887","PPP1R16B","Mic P2RY12",1.14280436461841,3.29799384471796,2.13237700393331,0.145089994215799,0.612008502513667,0.689078137685946,"cognps_random_slope"
"11888","DHX35","Mic P2RY12",-0.0814552193507451,5.58967465214263,0.0829635349854434,0.809880647586266,0.994034132767222,0.999791880761836,"cognps_random_slope"
"11889","MAFB","Mic P2RY12",-1.02535046461456,6.60235944742573,3.01826964985679,0.0831874044128237,0.505420462602119,0.593030725533821,"cognps_random_slope"
"11890","TOP1","Mic P2RY12",-0.318196862879268,7.74174227898122,1.79610578193471,0.181030094515233,0.656736409474454,0.729209367496822,"cognps_random_slope"
"11891","PLCG1-AS1","Mic P2RY12",-1.74062424936904,2.70281483855989,3.22564460010225,0.073332498832706,0.483949954288775,0.572984775873399,"cognps_random_slope"
"11892","PLCG1","Mic P2RY12",-0.148889161534527,4.1703204580171,0.0844601746747141,0.947359183317393,0.999765323016076,0.999791880761836,"cognps_random_slope"
"11893","ZHX3","Mic P2RY12",-0.0302100847361531,6.10074913479246,0.0116459008882016,0.914122367300831,0.999765323016076,0.999791880761836,"cognps_random_slope"
"11894","LPIN3","Mic P2RY12",-0.428043196856472,2.98629666617612,0.243968734137686,0.645360760580094,0.951766738625207,0.971272252822312,"cognps_random_slope"
"11895","CHD6","Mic P2RY12",0.145647207955114,7.64759813611502,0.383906369154347,0.535912341607839,0.907124922871798,0.936810708718851,"cognps_random_slope"
"11896","AL049812.3","Mic P2RY12",-2.80714251395893,2.68654608357031,7.08511333778463,0.00812146812743532,0.179707526503935,0.248253603625111,"cognps_random_slope"
"11897","PTPRT","Mic P2RY12",1.57803662066045,4.38614336748094,6.39210261606671,0.0118901940693208,0.21738129702997,0.289486420402633,"cognps_random_slope"
"11898","SRSF6","Mic P2RY12",-0.66746426355203,5.73560536083875,3.77692150746049,0.0527440355713595,0.430779715700843,0.523388818398865,"cognps_random_slope"
"11899","L3MBTL1","Mic P2RY12",0.393838754454381,4.76663066495631,0.973871481658077,0.324380011830659,0.77850294343199,0.835815937253474,"cognps_random_slope"
"11900","IFT52","Mic P2RY12",0.155861083817635,4.8895628441318,0.148684028709717,0.700024116372246,0.970031635060782,0.98526570223945,"cognps_random_slope"
"11901","OSER1","Mic P2RY12",-0.0880181470098413,4.53855606724663,0.0345050556021861,0.977504522210922,0.999765323016076,0.999791880761836,"cognps_random_slope"
"11902","OSER1-DT","Mic P2RY12",-0.196278825757966,3.45411233980873,0.063915845864472,0.800554976049195,0.992143902613387,0.999791880761836,"cognps_random_slope"
"11903","GDAP1L1","Mic P2RY12",0.688823971082546,3.0981713517449,0.618532139099225,0.432111200670081,0.849951886126487,0.893101120196826,"cognps_random_slope"
"11904","FITM2","Mic P2RY12",0.684586407740051,3.43979085126072,1.09247436005193,0.30883165031494,0.76785366002022,0.827095076785596,"cognps_random_slope"
"11905","TTPAL","Mic P2RY12",0.351328716000297,3.54076194363774,0.343489616171808,0.55818948594745,0.917801489268667,0.945215806277844,"cognps_random_slope"
"11906","SERINC3","Mic P2RY12",-0.174411794775389,5.58036583847541,0.311662320306995,0.725523270161866,0.976963157499916,0.992180101552474,"cognps_random_slope"
"11907","PKIG","Mic P2RY12",1.89257233976772,3.85333875174304,8.12144802023829,0.0046264461867313,0.139092359955524,0.195278403250452,"cognps_random_slope"
"11908","YWHAB","Mic P2RY12",0.299906436817266,6.64094882916276,1.13933618045058,0.286508642843162,0.754255972880221,0.814647163364235,"cognps_random_slope"
"11909","PABPC1L","Mic P2RY12",0.540388398718288,4.62147144222033,1.62704696399469,0.202935296856409,0.682946015718705,0.749304594200278,"cognps_random_slope"
"11910","TOMM34","Mic P2RY12",-0.67506542838685,3.59005029513305,1.27170084649562,0.260199646738785,0.73470989405828,0.795715081347276,"cognps_random_slope"
"11911","STK4","Mic P2RY12",-0.452159557872536,8.11490959281885,5.57546776033535,0.0187464666517225,0.26945337049154,0.356103010799918,"cognps_random_slope"
"11912","SYS1-DBNDD2","Mic P2RY12",-0.345702463838239,3.46838641068627,0.257112441900482,0.612421695699785,0.940399122416995,0.963142172997874,"cognps_random_slope"
"11913","TP53TG5","Mic P2RY12",-0.123554787775604,3.05554158955704,0.0218856810159596,0.882474530105514,0.999765323016076,0.999791880761836,"cognps_random_slope"
"11914","PIGT","Mic P2RY12",-0.203470703781124,4.94832606913497,0.253476155630154,0.635850203918797,0.950053359651666,0.969842557834333,"cognps_random_slope"
"11915","DNTTIP1","Mic P2RY12",-0.67330305488738,5.25519829400596,3.76499451973661,0.0531173367298069,0.4311480493738,0.523624991942937,"cognps_random_slope"
"11916","ACOT8","Mic P2RY12",0.822236197763488,4.20472948484985,2.77118315683734,0.0968461434649422,0.535179851573405,0.621056648651056,"cognps_random_slope"
"11917","ZSWIM3","Mic P2RY12",0.0153311789908666,3.90339781686482,0.000622605955698196,0.980107031182551,0.999765323016076,0.999791880761836,"cognps_random_slope"
"11918","NEURL2","Mic P2RY12",1.95862548658668,3.81142370464622,1.99508027504826,0.158675480884631,0.62919486831571,0.706937631044709,"cognps_random_slope"
"11919","CTSA","Mic P2RY12",-0.184990224708239,5.26247453989379,0.171403127622922,0.679114605096101,0.96335501459647,0.980445618077075,"cognps_random_slope"
"11920","PLTP","Mic P2RY12",1.02023152141954,5.88905617675311,0.625804126432227,0.429419978531536,0.848086940362737,0.891697247435349,"cognps_random_slope"
"11921","PCIF1","Mic P2RY12",-0.548903019604693,3.41688999444346,0.739752738280652,0.505026660523971,0.891090914075268,0.925603545137578,"cognps_random_slope"
"11922","ZNF335","Mic P2RY12",0.56368497639778,5.31518062802883,2.43723048401553,0.119364783645745,0.576660259493452,0.656197996389348,"cognps_random_slope"
"11923","SLC12A5-AS1","Mic P2RY12",-1.93151607946439,2.56537556653279,3.15648495628147,0.0764711383864313,0.490480225824018,0.578183194812051,"cognps_random_slope"
"11924","SLC12A5","Mic P2RY12",1.61824996948744,3.97289964053053,6.18645749163893,0.0133257739674763,0.231020306517658,0.307187703575412,"cognps_random_slope"
"11925","NCOA5","Mic P2RY12",-0.276579024701869,6.38056391004608,0.658513574467066,0.417621955027146,0.840787365511229,0.886483329915441,"cognps_random_slope"
"11926","CD40","Mic P2RY12",0.174986697146025,4.86370854415933,0.153134295360727,0.763358855108866,0.984139674089917,0.996142476555342,"cognps_random_slope"
"11927","SLC35C2","Mic P2RY12",0.327082805368255,5.24058786177714,1.01176261054158,0.321920656967811,0.775913203455183,0.833488976923152,"cognps_random_slope"
"11928","AL133227.1","Mic P2RY12",0.555533905946701,2.79760950569178,0.307270816762,0.57970430533926,0.927015627324587,0.951730333765552,"cognps_random_slope"
"11929","ELMO2","Mic P2RY12",-0.0559136308748645,5.2016199963124,0.0235282702519836,0.87817733256788,0.999765323016076,0.999791880761836,"cognps_random_slope"
"11930","ZNF334","Mic P2RY12",-0.490621360687675,3.39511273364994,0.309693241201157,0.578214597828183,0.926179333251213,0.951183801105914,"cognps_random_slope"
"11931","SLC13A3","Mic P2RY12",0.612204470162689,3.66526778118732,0.86604640197123,0.352676434679355,0.80118950688897,0.852755278833768,"cognps_random_slope"
"11932","TP53RK","Mic P2RY12",0.947468433746971,2.86261054679244,1.14179696568563,0.285989657458966,0.753986392714568,0.814248375757658,"cognps_random_slope"
"11933","SLC2A10","Mic P2RY12",-0.779728134207819,2.94735150230123,0.663912028418275,0.415721486042705,0.840020089435867,0.886043564054802,"cognps_random_slope"
"11934","EYA2","Mic P2RY12",-1.46579917501515,4.88281898558465,2.64312093679772,0.104875008147942,0.548384744933023,0.633725478917267,"cognps_random_slope"
"11935","ZMYND8","Mic P2RY12",0.0991235576208517,7.79290295488017,0.146555052041186,0.702075621206842,0.97125171877701,0.986182132743233,"cognps_random_slope"
"11936","NCOA3","Mic P2RY12",-0.614482274036115,8.68435968324194,5.18183328611163,0.0234114260801873,0.297945413960674,0.386957918605442,"cognps_random_slope"
"11937","SULF2","Mic P2RY12",1.12163533931612,3.45716633334072,0.769118836857977,0.381075243058305,0.81893496896482,0.869389294053126,"cognps_random_slope"
"11938","PREX1","Mic P2RY12",-0.427077408681588,9.79952286504516,2.03100447038535,0.15498600337242,0.62457868592666,0.703266441081247,"cognps_random_slope"
"11939","ARFGEF2","Mic P2RY12",0.110211157421369,7.17262876531879,0.179243601026662,0.672277163786471,0.961372041791375,0.97865973324565,"cognps_random_slope"
"11940","CSE1L","Mic P2RY12",-0.18199051728972,5.66421978398067,0.388872747182832,0.533287841410427,0.906222110364132,0.936267706926118,"cognps_random_slope"
"11941","STAU1","Mic P2RY12",-0.187181987613202,6.93057431982292,0.4555030293774,0.614575028125163,0.940710445677363,0.96353226766911,"cognps_random_slope"
"11942","DDX27","Mic P2RY12",-0.414332045495797,5.23211453909293,1.23020817996076,0.26810770660671,0.742629786098211,0.802125833574982,"cognps_random_slope"
"11943","ZNFX1","Mic P2RY12",0.028755343175524,5.84694059582234,0.00690985727436163,0.933797957956431,0.999765323016076,0.999791880761836,"cognps_random_slope"
"11944","ZFAS1","Mic P2RY12",-0.757733907879053,6.06018533465964,2.64461209603842,0.104777416284287,0.548384744933023,0.633725478917267,"cognps_random_slope"
"11945","KCNB1","Mic P2RY12",1.36592425594811,3.71456875966024,4.11087176652471,0.043345405019611,0.395101986945241,0.48915845656095,"cognps_random_slope"
"11946","B4GALT5","Mic P2RY12",-0.684857746850261,6.31130347136116,1.51676939298185,0.218913754750581,0.699618024749087,0.764942746567241,"cognps_random_slope"
"11947","SLC9A8","Mic P2RY12",-0.00252214131946583,5.9530398667984,5.96483022450115e-05,0.993842096630217,0.999765323016076,0.999791880761836,"cognps_random_slope"
"11948","RNF114","Mic P2RY12",-0.100179980690627,6.39720010655159,0.136700359576358,0.866817484109036,0.999765323016076,0.999791880761836,"cognps_random_slope"
"11949","CEBPB","Mic P2RY12",-1.2580327180383,7.29114583941368,5.32552274708722,0.0215823992029731,0.288648434849344,0.376606184234543,"cognps_random_slope"
"11950","PTPN1","Mic P2RY12",-0.0643807775177926,7.10224054510899,0.00889230830208878,0.924924131788413,0.999765323016076,0.999791880761836,"cognps_random_slope"
"11951","BCAS4","Mic P2RY12",1.05887519635106,2.88467266965091,1.47354017690098,0.225584539774462,0.706583534051226,0.769637329131246,"cognps_random_slope"
"11952","ADNP","Mic P2RY12",-0.165230180740051,7.67019288268287,0.804394035430833,0.37038285209284,0.812104761618872,0.863532460737016,"cognps_random_slope"
"11953","DPM1","Mic P2RY12",0.147079481812323,5.37125123559359,0.225754376240059,0.634978354632334,0.949736241790035,0.96945689678304,"cognps_random_slope"
"11954","NFATC2","Mic P2RY12",-0.0312183165834744,9.10099084859653,0.012724570387866,0.910249491306093,0.999765323016076,0.999791880761836,"cognps_random_slope"
"11955","ATP9A","Mic P2RY12",0.775998266924149,4.12293402978922,1.58420858926635,0.208971975403228,0.690087527150145,0.755852645439566,"cognps_random_slope"
"11956","ZFP64","Mic P2RY12",-0.0285935380556288,5.37323767205718,0.00615320370882268,0.937519806484022,0.999765323016076,0.999791880761836,"cognps_random_slope"
"11957","LINC01524","Mic P2RY12",-0.164091451093252,2.37309450925719,0.0167805093743108,0.939541193727397,0.999765323016076,0.999791880761836,"cognps_random_slope"
"11958","TSHZ2","Mic P2RY12",0.59042592532701,3.68631335228876,0.819416577440814,0.365956834671083,0.811562709840244,0.862405100667332,"cognps_random_slope"
"11959","AL109930.1","Mic P2RY12",1.48872164047858,2.34948566997366,1.4687703131045,0.226335458816424,0.706583534051226,0.769637329131246,"cognps_random_slope"
"11960","ZNF217","Mic P2RY12",-0.270815390232979,5.9985760770306,0.696725648725782,0.404440250110598,0.832550505642415,0.879956131899577,"cognps_random_slope"
"11961","BCAS1","Mic P2RY12",1.77405028002285,3.24715644309899,3.72108784827263,0.0545159663241514,0.435768169143383,0.528329931669631,"cognps_random_slope"
"11962","PFDN4","Mic P2RY12",0.151774015524057,3.63884360704479,0.0654963023858161,0.79815703723346,0.992143902613387,0.999791880761836,"cognps_random_slope"
"11963","DOK5","Mic P2RY12",0.583549404257349,2.91694016314053,0.433236066282912,0.510826443484428,0.893562872880149,0.927919604508759,"cognps_random_slope"
"11964","FAM210B","Mic P2RY12",-0.186609748889033,3.45443005699861,0.0662653566797975,0.971363196599573,0.999765323016076,0.999791880761836,"cognps_random_slope"
"11965","CSTF1","Mic P2RY12",-0.036085089958083,4.00321200535537,0.00547953188206316,0.97657985877279,0.999765323016076,0.999791880761836,"cognps_random_slope"
"11966","CASS4","Mic P2RY12",-1.12666489420134,6.52359993415813,4.91940544031276,0.0271809295336527,0.318123700157624,0.409621695411898,"cognps_random_slope"
"11967","RTF2","Mic P2RY12",-0.204178071716982,6.2543924287937,0.558590243086521,0.455317205962676,0.865333388169053,0.905598852945087,"cognps_random_slope"
"11968","GCNT7","Mic P2RY12",-0.492935604556768,2.9679986971074,0.287325965581456,0.592270605932231,0.932986873172101,0.95650743789449,"cognps_random_slope"
"11969","RAE1","Mic P2RY12",0.128459122402718,5.03480429033968,0.129257672278433,0.724263954518084,0.976701705810179,0.992103026315284,"cognps_random_slope"
"11970","RBM38","Mic P2RY12",-0.399884567712018,4.37972723861367,0.832758912812388,0.362087306326333,0.809172231311544,0.859972514284443,"cognps_random_slope"
"11971","ZBP1","Mic P2RY12",0.721769928598372,3.05982551397182,0.289361486304155,0.590962727831473,0.932692440898548,0.956289078208283,"cognps_random_slope"
"11972","PMEPA1","Mic P2RY12",0.467432549963925,6.42197379865625,0.918824727839738,0.338427720034086,0.790943473347887,0.844859240409862,"cognps_random_slope"
"11973","RAB22A","Mic P2RY12",0.164916757422694,6.12833041099745,0.383882159841801,0.604577872284417,0.937802649979608,0.960175025554302,"cognps_random_slope"
"11974","VAPB","Mic P2RY12",0.178857124689868,6.41897998936038,0.46481572145925,0.495820724081986,0.885741367554157,0.921184265007753,"cognps_random_slope"
"11975","STX16-NPEPL1","Mic P2RY12",-0.0192457171040213,4.11930441263731,0.00109315785210985,0.973642740319676,0.999765323016076,0.999791880761836,"cognps_random_slope"
"11976","NPEPL1","Mic P2RY12",0.386081790913367,4.59488909754932,0.50275255137558,0.478752563986147,0.880249943088941,0.915656876649944,"cognps_random_slope"
"11977","GNAS","Mic P2RY12",0.0736348023087176,8.59575530399344,0.0645695806467126,0.799559314780256,0.992143902613387,0.999791880761836,"cognps_random_slope"
"11978","AL121917.1","Mic P2RY12",0.36208010163539,2.79711299337583,0.142622778160424,0.834842003294523,0.999366959106503,0.999791880761836,"cognps_random_slope"
"11979","NELFCD","Mic P2RY12",-0.202258542968748,5.4149228955557,0.340657844708827,0.559815619332519,0.919035785210717,0.945778925946953,"cognps_random_slope"
"11980","CTSZ","Mic P2RY12",-0.567584441680545,7.23389524119896,2.45731037990332,0.117858377292088,0.574339081039999,0.653758942921173,"cognps_random_slope"
"11981","ATP5F1E","Mic P2RY12",-0.794102733643016,5.42053418643235,2.28781028547141,0.131272023354002,0.591810411151284,0.669219809264844,"cognps_random_slope"
"11982","PRELID3B","Mic P2RY12",-0.0241390917696237,3.41677729721067,0.00106497377549213,0.97398461135124,0.999765323016076,0.999791880761836,"cognps_random_slope"
"11983","PHACTR3","Mic P2RY12",2.38009750830271,3.44633875462212,9.81011526202254,0.00187783162515911,0.0940409326866918,0.134677534591782,"cognps_random_slope"
"11984","SYCP2","Mic P2RY12",-0.362167556554343,4.10463505147018,0.318572875938115,0.572818411049334,0.924344761669553,0.949939121603617,"cognps_random_slope"
"11985","FAM217B","Mic P2RY12",0.0194282619529427,5.13067705551836,0.00277298878683047,0.958032705126161,0.999765323016076,0.999791880761836,"cognps_random_slope"
"11986","PPP1R3D","Mic P2RY12",-0.764255081053113,3.89758386869734,1.47960112029465,0.224634689086285,0.706318285902423,0.769637329131246,"cognps_random_slope"
"11987","CDH26","Mic P2RY12",-0.624474555624165,4.78956675765272,1.18237438784466,0.27760137650149,0.748508050978738,0.808955340034323,"cognps_random_slope"
"11988","C20orf197","Mic P2RY12",0.392359431393539,4.7042265830468,0.642463659274026,0.423349354055347,0.844241769895193,0.889133617630447,"cognps_random_slope"
"11989","MIR646HG","Mic P2RY12",1.36755194417251,9.21317085328361,12.3805022518728,0.000489485397483247,0.0468542415119499,0.0709234819135438,"cognps_random_slope"
"11990","CDH4","Mic P2RY12",0.618466127518398,3.42395185581257,0.734194289599785,0.392097628009885,0.825293567800476,0.874623554902867,"cognps_random_slope"
"11991","TAF4","Mic P2RY12",-0.221477109171138,5.88346615739889,0.401603047855,0.560174120849718,0.919399068402581,0.9460608382469,"cognps_random_slope"
"11992","LSM14B","Mic P2RY12",0.355129229546484,4.37928068487724,0.698509475081262,0.40383991690418,0.831923582607513,0.879413786014175,"cognps_random_slope"
"11993","PSMA7","Mic P2RY12",-0.0689501963628511,5.60044399788003,0.0373444538097254,0.84687452232742,0.999765323016076,0.999791880761836,"cognps_random_slope"
"11994","SS18L1","Mic P2RY12",-0.0705603115992717,5.24842093671799,0.0450580188845786,0.83201763781262,0.999366959106503,0.999791880761836,"cognps_random_slope"
"11995","MTG2","Mic P2RY12",0.477171768877641,5.67842860354126,2.40821055150199,0.121579820127842,0.580995309380569,0.660503517595267,"cognps_random_slope"
"11996","OSBPL2","Mic P2RY12",0.263746982139585,5.14605004830964,0.573120759590821,0.449517166648191,0.861183638349164,0.902248878253239,"cognps_random_slope"
"11997","ADRM1","Mic P2RY12",-0.169805209307948,3.79117244625095,0.0719741449088286,0.788637638710961,0.990886185623222,0.999791880761836,"cognps_random_slope"
"11998","LAMA5","Mic P2RY12",-0.617339124734743,2.71893812778642,0.342792731821101,0.558588831451117,0.918033962506305,0.945215806277844,"cognps_random_slope"
"11999","RPS21","Mic P2RY12",-0.632542840032708,4.34644199976196,1.14372916411037,0.285582990832918,0.753810845017123,0.813965679940345,"cognps_random_slope"
"12000","CABLES2","Mic P2RY12",0.224287358920265,3.18608862332869,0.0869394694943098,0.774841097693587,0.988006094248173,0.998208143973629,"cognps_random_slope"
"12001","SLCO4A1","Mic P2RY12",-2.71046588591817,2.75605520492281,3.65395176061666,0.0567308968783463,0.442484225217459,0.535818211194938,"cognps_random_slope"
"12002","MRGBP","Mic P2RY12",-0.939120654420258,3.20864578747143,1.56503163280035,0.211743246423622,0.692032617931702,0.758278026388146,"cognps_random_slope"
"12003","OGFR","Mic P2RY12",-0.136989880080712,6.19504953035021,0.162679627202057,0.686941030092784,0.966541875561649,0.98288778474506,"cognps_random_slope"
"12004","TCFL5","Mic P2RY12",-0.439951627539172,3.72275179880551,0.653072078851922,0.515515740209105,0.894942542151003,0.928396229499558,"cognps_random_slope"
"12005","DIDO1","Mic P2RY12",0.391289347746221,6.83888911921548,2.5365023297009,0.112119493288006,0.564329822206441,0.647351219946283,"cognps_random_slope"
"12006","GID8","Mic P2RY12",0.50280122596537,4.89146939182081,1.59334000114581,0.416332091120048,0.840250956792134,0.886196345671805,"cognps_random_slope"
"12007","SLC17A9","Mic P2RY12",-0.540839888953555,5.31034717475319,0.751025884295065,0.386729444953499,0.82249822120645,0.871968730520716,"cognps_random_slope"
"12008","YTHDF1","Mic P2RY12",0.383297931440516,5.1374822714942,1.15468717468166,0.300592962618717,0.762414699475663,0.823013995190349,"cognps_random_slope"
"12009","ARFGAP1","Mic P2RY12",0.713964424315918,5.10395630765715,2.62223863349911,0.106252253139479,0.551261190180824,0.635154978160725,"cognps_random_slope"
"12010","KCNQ2","Mic P2RY12",1.44719018607948,3.76989406253443,4.1525669638251,0.0423028849417148,0.391044374294747,0.483932720223593,"cognps_random_slope"
"12011","EEF1A2","Mic P2RY12",1.71384760640664,4.8222953116367,6.18184984044972,0.0133599159602255,0.231312963543904,0.307660168869543,"cognps_random_slope"
"12012","PPDPF","Mic P2RY12",1.6962281697225,3.65288968903665,5.28089618005451,0.0221339653559864,0.291946131629502,0.380053502628114,"cognps_random_slope"
"12013","HELZ2","Mic P2RY12",0.715289807353449,3.31167655372545,0.444253740056667,0.505503832665837,0.891090914075268,0.925603545137578,"cognps_random_slope"
"12014","GMEB2","Mic P2RY12",0.115032099776703,4.4252106733377,0.0637194236141244,0.922963224232588,0.999765323016076,0.999791880761836,"cognps_random_slope"
"12015","MHENCR","Mic P2RY12",0.669248844379035,4.22374262803502,1.52397379392679,0.217825157248723,0.698369562426258,0.764247269812541,"cognps_random_slope"
"12016","STMN3","Mic P2RY12",1.4535116192604,4.11946434223918,4.7621345051933,0.0297390329408525,0.334414625522144,0.425388387296873,"cognps_random_slope"
"12017","ARFRP1","Mic P2RY12",-0.268629915139999,4.41010716729628,0.359546294030178,0.549135908403109,0.912008010301967,0.940252647971766,"cognps_random_slope"
"12018","SLC2A4RG","Mic P2RY12",1.09101466520127,2.96241525418355,1.53043391290703,0.216854524994089,0.697845999379618,0.763426806057422,"cognps_random_slope"
"12019","ZBTB46","Mic P2RY12",0.0815572369416797,6.82535972504091,0.0503747758506767,0.822539877089593,0.996726931048618,0.999791880761836,"cognps_random_slope"
"12020","TPD52L2","Mic P2RY12",-0.0385484530933213,5.63048551321201,0.00868021754401282,0.925822227385639,0.999765323016076,0.999791880761836,"cognps_random_slope"
"12021","DNAJC5","Mic P2RY12",0.261229844336584,8.13563881806284,0.56038290579654,0.454595304380332,0.865099641295205,0.905598852945087,"cognps_random_slope"
"12022","UCKL1","Mic P2RY12",-0.750166558854786,4.17275749766067,2.36612296525543,0.124874014695466,0.583536243046098,0.661618690639923,"cognps_random_slope"
"12023","UCKL1-AS1","Mic P2RY12",-0.214610332775156,3.21859816939778,0.065814873803872,0.797677431698832,0.992143902613387,0.999791880761836,"cognps_random_slope"
"12024","ZNF512B","Mic P2RY12",0.254647534914673,3.71642334912134,0.153942849397956,0.771729491847694,0.987027827915866,0.997755545875266,"cognps_random_slope"
"12025","PRPF6","Mic P2RY12",-0.218269649061426,5.48953762011387,0.505126049881039,0.477717059619652,0.879636929027367,0.915268767175759,"cognps_random_slope"
"12026","TCEA2","Mic P2RY12",0.525942842090252,4.15061927555287,1.04158535570394,0.465899876157861,0.8711997606249,0.910729607269479,"cognps_random_slope"
"12027","RGS19","Mic P2RY12",-0.58680081643638,6.60047987705082,2.2667666350001,0.133053198488478,0.593557228010685,0.671370716186827,"cognps_random_slope"
"12028","OPRL1","Mic P2RY12",1.44395595405528,3.79746388563775,6.1997088266319,0.0132280851096865,0.230519594999881,0.306282779624568,"cognps_random_slope"
"12029","PCMTD2","Mic P2RY12",-0.10618787065997,5.60613401879232,0.063410154234503,0.801328884894912,0.992196422862696,0.999791880761836,"cognps_random_slope"
"12030","LINC00266-1","Mic P2RY12",-0.516016315240437,3.20150588255151,0.475804808751434,0.490773597550449,0.884151843354876,0.918901316898502,"cognps_random_slope"
"12031","AC016588.2","Mic P2RY12",-0.691571289547919,2.74646569878455,0.535614699086957,0.464732482921398,0.870301845113143,0.910128025318182,"cognps_random_slope"
"12032","MIER2","Mic P2RY12",-0.345465471901473,4.85049824630014,0.783785146650739,0.376577557834514,0.816519975192819,0.867538987862585,"cognps_random_slope"
"12033","SHC2","Mic P2RY12",-0.145732934988567,3.58561188489798,0.0366168984828876,0.848355129944888,0.999765323016076,0.999791880761836,"cognps_random_slope"
"12034","MADCAM1","Mic P2RY12",-0.215452655413555,3.71147966356728,0.120483723094312,0.80972371709084,0.994034132767222,0.999791880761836,"cognps_random_slope"
"12035","TPGS1","Mic P2RY12",0.00924731182277372,4.11345558344531,0.000405171480646806,0.98395173149893,0.999765323016076,0.999791880761836,"cognps_random_slope"
"12036","CDC34","Mic P2RY12",-0.273491897271096,3.76818460048036,0.239297703536028,0.62501202251979,0.9451521296561,0.966234444064455,"cognps_random_slope"
"12037","BSG","Mic P2RY12",-0.134689695277525,5.45999598516299,0.123867420616385,0.725083370279607,0.976701705810179,0.992103026315284,"cognps_random_slope"
"12038","POLRMT","Mic P2RY12",-0.155000879393664,3.34563593502085,0.0466332445227838,0.829151241878213,0.998655997370349,0.999791880761836,"cognps_random_slope"
"12039","RNF126","Mic P2RY12",0.101968287352182,4.72135410563499,0.0581977677023423,0.932953308782252,0.999765323016076,0.999791880761836,"cognps_random_slope"
"12040","FSTL3","Mic P2RY12",0.662083987928423,3.39793265882856,0.956688790997235,0.328680045699698,0.781766177461866,0.838771691887072,"cognps_random_slope"
"12041","PALM","Mic P2RY12",-0.143888759621166,2.98717858994704,0.0241676444168036,0.876546329347906,0.999765323016076,0.999791880761836,"cognps_random_slope"
"12042","PTBP1","Mic P2RY12",-0.08077513192531,5.70254562714027,0.0650912715868122,0.798768604630742,0.992143902613387,0.999791880761836,"cognps_random_slope"
"12043","CFD","Mic P2RY12",0.350149934377215,3.90941135122951,0.213524165322062,0.644298527746312,0.951443629329721,0.970883120121208,"cognps_random_slope"
"12044","MED16","Mic P2RY12",0.0172805314937299,3.97677779838761,0.00123900032368276,0.971940240660649,0.999765323016076,0.999791880761836,"cognps_random_slope"
"12045","R3HDM4","Mic P2RY12",-0.392861116883929,3.84840926732227,0.455162840879167,0.500326818920283,0.88924133956906,0.923897791183371,"cognps_random_slope"
"12046","ARID3A","Mic P2RY12",0.00436612512297645,7.50389999657043,0.000206630916884695,0.988539044950329,0.999765323016076,0.999791880761836,"cognps_random_slope"
"12047","WDR18","Mic P2RY12",0.674892603450065,3.48309736945999,1.28880252006013,0.257024792460388,0.732381297844283,0.793429904286427,"cognps_random_slope"
"12048","TMEM259","Mic P2RY12",0.428793240706421,6.92422597248748,1.77976124249992,0.183022827207047,0.658456574400359,0.730527781796228,"cognps_random_slope"
"12049","ABCA7","Mic P2RY12",-0.853452251066143,4.73648541593678,1.72978506721123,0.189276301360457,0.665830970747646,0.736802398418148,"cognps_random_slope"
"12050","ARHGAP45","Mic P2RY12",-0.535667026596255,6.74177606036884,3.56769421714462,0.0597184954330864,0.451508434578704,0.544299908237831,"cognps_random_slope"
"12051","POLR2E","Mic P2RY12",-0.100690550100525,4.65022553063897,0.0606454862020015,0.805619114665769,0.993231645669267,0.999791880761836,"cognps_random_slope"
"12052","GPX4","Mic P2RY12",-0.502222081979931,5.58126057430825,1.220581376993,0.269985192747141,0.743694053032772,0.803327988713777,"cognps_random_slope"
"12053","SBNO2","Mic P2RY12",0.210245366769236,6.08617309589058,0.104625148725959,0.746536335881142,0.982244103840787,0.994674014762625,"cognps_random_slope"
"12054","STK11","Mic P2RY12",0.511277465799073,5.49946575276861,2.38606168495587,0.123301179645743,0.581585286973743,0.660864338941303,"cognps_random_slope"
"12055","ATP5F1D","Mic P2RY12",0.0702671586866147,5.01342992450383,0.0233299097208501,0.878687937678898,0.999765323016076,0.999791880761836,"cognps_random_slope"
"12056","MIDN","Mic P2RY12",-0.526523922971164,5.87056475985237,1.16627813452638,0.280891029624953,0.750907838952912,0.811474754307675,"cognps_random_slope"
"12057","CIRBP","Mic P2RY12",0.440815959844728,7.08887273465556,1.34466730888216,0.246981863640681,0.727284377806276,0.787803854705654,"cognps_random_slope"
"12058","C19orf24","Mic P2RY12",-1.98288404843828,3.84837541586811,9.12200478282305,0.00270609019612637,0.109783640588684,0.157450661747735,"cognps_random_slope"
"12059","MUM1","Mic P2RY12",-0.236680907153584,6.79968495435832,0.563553124008102,0.56820368608366,0.922925953141032,0.948753778898485,"cognps_random_slope"
"12060","NDUFS7","Mic P2RY12",-0.122007471898977,4.60807516049796,0.0870413545537316,0.994449535236032,0.999765323016076,0.999791880761836,"cognps_random_slope"
"12061","GAMT","Mic P2RY12",0.0946293871341329,3.93366578687376,0.0275149750118449,0.868347444157878,0.999765323016076,0.999791880761836,"cognps_random_slope"
"12062","DAZAP1","Mic P2RY12",0.151290663849734,6.05663266405131,0.227014550001376,0.790871835417021,0.990886185623222,0.999791880761836,"cognps_random_slope"
"12063","RPS15","Mic P2RY12",-0.648691385999862,6.42996908880876,1.57898896099535,0.209721973729095,0.690585692519488,0.756679341546191,"cognps_random_slope"
"12064","APC2","Mic P2RY12",0.451710323783433,3.13514843511216,0.321207125616176,0.571236651414038,0.923864634998735,0.949464044981531,"cognps_random_slope"
"12065","C19orf25","Mic P2RY12",0.270846782719208,5.57758132283527,0.564178722858119,0.453072668379253,0.864282242952016,0.904981244671769,"cognps_random_slope"
"12066","PCSK4","Mic P2RY12",-0.350041616323408,3.12919516670089,0.21076678902256,0.657924797474049,0.955612931885691,0.973592644066785,"cognps_random_slope"
"12067","MBD3","Mic P2RY12",-0.721583173387707,4.79772620033432,2.49024992115475,0.115432703457882,0.570606292526402,0.651190757614474,"cognps_random_slope"
"12068","TCF3","Mic P2RY12",0.181513102366631,4.73849351877859,0.185024625638496,0.667347889715519,0.959151551917382,0.976337324700608,"cognps_random_slope"
"12069","ATP8B3","Mic P2RY12",1.10309517675346,2.99970445101147,1.69231862877521,0.194128510000333,0.672400145390142,0.7412986548031,"cognps_random_slope"
"12070","REXO1","Mic P2RY12",-0.47853496927996,5.01199573537685,1.64681455723684,0.261636087502381,0.73538817247855,0.796065864541977,"cognps_random_slope"
"12071","KLF16","Mic P2RY12",0.0931292278041835,4.59831087035841,0.04365906581709,0.883194446482701,0.999765323016076,0.999791880761836,"cognps_random_slope"
"12072","AC012615.1","Mic P2RY12",-0.191604302141596,3.52313206905875,0.0698694201405803,0.791678414655036,0.99096280857451,0.999791880761836,"cognps_random_slope"
"12073","ABHD17A","Mic P2RY12",-0.2056218935875,5.39167871795478,0.27902098922856,0.597669408075463,0.935775674346053,0.958529444280992,"cognps_random_slope"
"12074","SCAMP4","Mic P2RY12",-0.873058915843897,4.98286420339985,5.50501605040538,0.0266569143582245,0.316370326197529,0.407008243693855,"cognps_random_slope"
"12075","CSNK1G2","Mic P2RY12",0.323651194754945,6.25290353564554,0.914404230344618,0.339590899458889,0.791659841930402,0.845083638395346,"cognps_random_slope"
"12076","BTBD2","Mic P2RY12",-0.0203911570757052,5.51520242502344,0.00391005174553402,0.950175187021627,0.999765323016076,0.999791880761836,"cognps_random_slope"
"12077","MKNK2","Mic P2RY12",-0.87489602616565,4.95327952440011,2.07736006136933,0.150368692124417,0.618294258470467,0.695585318326235,"cognps_random_slope"
"12078","MOB3A","Mic P2RY12",0.285973041875576,6.59014116443203,0.882603280172545,0.348120210752793,0.797345383686804,0.848655941978992,"cognps_random_slope"
"12079","IZUMO4","Mic P2RY12",0.205498887409687,2.88647311530145,0.065322701127131,0.798418915233929,0.992143902613387,0.999791880761836,"cognps_random_slope"
"12080","AP3D1","Mic P2RY12",0.0299106521649941,6.6084864860372,0.00807250373129579,0.928458725819223,0.999765323016076,0.999791880761836,"cognps_random_slope"
"12081","DOT1L","Mic P2RY12",-0.035598465383226,5.5419415302569,0.00577952471083474,0.939442925965766,0.999765323016076,0.999791880761836,"cognps_random_slope"
"12082","PLEKHJ1","Mic P2RY12",-0.217685448448773,4.8198986911731,0.295216271286142,0.589195154413709,0.931773521595925,0.955596578807635,"cognps_random_slope"
"12083","SF3A2","Mic P2RY12",-0.634589040693164,4.31020626098033,1.76747813188323,0.184537190434276,0.66053662815611,0.731666032451923,"cognps_random_slope"
"12084","AC005258.1","Mic P2RY12",-1.09604445558146,6.1597328606994,8.09203527359043,0.0047004196824205,0.140603402152047,0.196972047844183,"cognps_random_slope"
"12085","PEAK3","Mic P2RY12",-0.954346171271932,3.17265719620928,1.27432333624711,0.259709647312102,0.734255059837443,0.795108912750717,"cognps_random_slope"
"12086","LSM7","Mic P2RY12",0.913546544097503,5.17837782031442,3.52983830847616,0.0610823088198301,0.455263637649913,0.547119845984533,"cognps_random_slope"
"12087","SPPL2B","Mic P2RY12",0.366656984225167,4.82728195910254,0.916780958443919,0.338964835344679,0.791447630450517,0.844859240409862,"cognps_random_slope"
"12088","TIMM13","Mic P2RY12",0.824565599092089,3.57247290045357,1.55363119290576,0.213411455865542,0.694157019430614,0.759747366105105,"cognps_random_slope"
"12089","LMNB2","Mic P2RY12",-0.0811183330608347,3.59924514862456,0.0163986248503392,0.89817535168415,0.999765323016076,0.999791880761836,"cognps_random_slope"
"12090","GADD45B","Mic P2RY12",-2.43388433521877,4.26297466566231,3.98829916527305,0.0465704480283297,0.407369826388803,0.500794603228029,"cognps_random_slope"
"12091","GNG7","Mic P2RY12",0.167570048375398,8.88160980850993,0.33025807585485,0.565866477601274,0.922864386799887,0.948721628431674,"cognps_random_slope"
"12092","DIRAS1","Mic P2RY12",2.5003627628861,3.18040981854363,7.7805886152217,0.00556218439635661,0.15212006754199,0.210755373472033,"cognps_random_slope"
"12093","SGTA","Mic P2RY12",0.223789455211113,4.94929934358191,0.293190586495863,0.588518422873695,0.931577531884052,0.955201495047498,"cognps_random_slope"
"12094","THOP1","Mic P2RY12",0.464739805710506,4.44111977202813,1.05718294598152,0.304549611236166,0.765303565335733,0.825290401564404,"cognps_random_slope"
"12095","ZNF554","Mic P2RY12",0.467552082392735,2.89693022890463,0.305241253395347,0.6141995028075,0.940399122416995,0.963194298887979,"cognps_random_slope"
"12096","ZNF555","Mic P2RY12",0.119488336747798,4.16922922993287,0.0563115294474056,0.812558794804302,0.994671914133184,0.999791880761836,"cognps_random_slope"
"12097","ZNF556","Mic P2RY12",4.09186809881745,2.94052889838097,13.8423373865688,0.000230593623553147,0.0359587299138796,0.0548933450647856,"cognps_random_slope"
"12098","AC119403.1","Mic P2RY12",-0.477841484052311,3.76683688957815,0.59255768012476,0.441937103865808,0.856672741852858,0.897852753595984,"cognps_random_slope"
"12099","AES","Mic P2RY12",0.0736439752110567,5.85440265379723,0.0428695823215723,0.836088220446796,0.999547866966635,0.999791880761836,"cognps_random_slope"
"12100","GNA11","Mic P2RY12",0.097541315593261,4.04253315880014,0.0348303550103191,0.852056821960297,0.999765323016076,0.999791880761836,"cognps_random_slope"
"12101","GNA15","Mic P2RY12",-0.180535717130815,5.67864633330275,0.244259091209625,0.621448499935206,0.944462324835258,0.965019437458618,"cognps_random_slope"
"12102","AC005264.1","Mic P2RY12",-0.28779364383188,2.93581016779947,0.0909771896929938,0.763112855679873,0.984139674089917,0.996027287170887,"cognps_random_slope"
"12103","NCLN","Mic P2RY12",0.0244783938754627,4.69642030698419,0.00246826840500838,0.960403643875122,0.999765323016076,0.999791880761836,"cognps_random_slope"
"12104","CELF5","Mic P2RY12",1.60825374058014,3.58825504898826,5.2267106145803,0.0228234572154748,0.295228909405963,0.383709800837345,"cognps_random_slope"
"12105","NFIC","Mic P2RY12",-0.433947693500756,8.31120586572752,2.56034304217653,0.110452888500721,0.56065247266128,0.644627053842235,"cognps_random_slope"
"12106","DOHH","Mic P2RY12",-0.521023477417694,3.2545667445674,0.537746443351745,0.488567350843386,0.883089474042755,0.918010502983977,"cognps_random_slope"
"12107","FZR1","Mic P2RY12",0.484417343807254,4.45841456625591,1.26566262904814,0.261332231346054,0.73538817247855,0.796065864541977,"cognps_random_slope"
"12108","MFSD12","Mic P2RY12",-0.381612549300844,6.30233217034012,1.58666076390071,0.208620727164088,0.689621698255043,0.755073734775143,"cognps_random_slope"
"12109","AC005786.3","Mic P2RY12",0.275893628996162,3.87332760740187,0.194144958543977,0.659753699571925,0.955616010372175,0.973693843731936,"cognps_random_slope"
"12110","HMG20B","Mic P2RY12",-0.282797088346196,4.58286296129178,0.416677602738093,0.746238714344929,0.982244103840787,0.994674014762625,"cognps_random_slope"
"12111","CACTIN","Mic P2RY12",-0.266269858172687,3.74767861265501,0.220991434560272,0.679726883435621,0.963764980353924,0.980589311801902,"cognps_random_slope"
"12112","PIP5K1C","Mic P2RY12",0.244448838124601,5.78008600441816,0.705125160801276,0.401624780786964,0.829881589272977,0.878039616226327,"cognps_random_slope"
"12113","APBA3","Mic P2RY12",0.113817984897602,3.35143154222464,0.0310437050803373,0.86024209133009,0.999765323016076,0.999791880761836,"cognps_random_slope"
"12114","MRPL54","Mic P2RY12",0.509962756058426,3.18387604558351,0.34525205967219,0.55718195267147,0.917409429628993,0.944983609642541,"cognps_random_slope"
"12115","MATK","Mic P2RY12",-0.845755418055907,3.78403639077197,1.02719684569893,0.311499343910917,0.769107077146114,0.82860725412079,"cognps_random_slope"
"12116","ZFR2","Mic P2RY12",1.36035358448594,3.04317149225804,2.85092993494529,0.0921879680685982,0.527277405073531,0.611647363186152,"cognps_random_slope"
"12117","ATCAY","Mic P2RY12",2.08962186282784,3.61816094009498,7.41478404612419,0.00678432405329208,0.162351297568156,0.223614891493377,"cognps_random_slope"
"12118","DAPK3","Mic P2RY12",0.810626159088037,4.17335326665851,2.96160812524804,0.0861231840720072,0.511585456449011,0.596695508575108,"cognps_random_slope"
"12119","EEF2","Mic P2RY12",-0.274681839775798,5.92998465713477,0.62995277410798,0.427896010476911,0.847855638695508,0.891417072278873,"cognps_random_slope"
"12120","PIAS4","Mic P2RY12",-0.195278944277226,4.51626995679224,0.18233063610882,0.806022519268637,0.993231645669267,0.999791880761836,"cognps_random_slope"
"12121","ZBTB7A","Mic P2RY12",-0.277227393792238,6.21869485306919,0.616415647278089,0.432899289925229,0.850378684299032,0.893746748293434,"cognps_random_slope"
"12122","MAP2K2","Mic P2RY12",0.0186471439339064,5.54595966002349,0.00422325372039897,0.948220805438133,0.999765323016076,0.999791880761836,"cognps_random_slope"
"12123","SIRT6","Mic P2RY12",-0.810331039149442,4.55740776048556,2.78069840517734,0.0962770534090628,0.534469259625042,0.619630650615849,"cognps_random_slope"
"12124","ANKRD24","Mic P2RY12",2.37859464925317,4.20297068604226,15.0758063373163,0.000122882593940843,0.0264032586088297,0.0399772642938929,"cognps_random_slope"
"12125","EBI3","Mic P2RY12",-0.863359617304607,6.5018050970088,4.96677950266885,0.0264562744019775,0.314587873345963,0.40602907174444,"cognps_random_slope"
"12126","YJU2","Mic P2RY12",0.487321178735748,4.39261047135285,1.04427659959667,0.407559787875426,0.834389889239559,0.882108889845374,"cognps_random_slope"
"12127","TMIGD2","Mic P2RY12",-0.151883788294773,3.99159172371974,0.0535050964420091,0.817204216663052,0.995084767910246,0.999791880761836,"cognps_random_slope"
"12128","FSD1","Mic P2RY12",0.148740160953304,3.32718493639344,0.0408857733892765,0.839872904764935,0.999765323016076,0.999791880761836,"cognps_random_slope"
"12129","SH3GL1","Mic P2RY12",-0.0448288845057573,6.51820699483939,0.0180300251499403,0.893259500111847,0.999765323016076,0.999791880761836,"cognps_random_slope"
"12130","CHAF1A","Mic P2RY12",0.120827902410115,3.54174127806678,0.0300877562829046,0.862388851428447,0.999765323016076,0.999791880761836,"cognps_random_slope"
"12131","UBXN6","Mic P2RY12",0.812921842057617,4.43382662727084,3.19042593394999,0.112440712938323,0.564329822206441,0.647351219946283,"cognps_random_slope"
"12132","AC011498.1","Mic P2RY12",0.926528815136475,2.49556303426406,0.675859033598058,0.428167951396401,0.847902778020161,0.891476644831879,"cognps_random_slope"
"12133","HDGFL2","Mic P2RY12",-0.249197666410068,4.31463326399903,0.303458094169607,0.746207886949045,0.982244103840787,0.994674014762625,"cognps_random_slope"
"12134","PLIN5","Mic P2RY12",0.018156024323096,2.76739687946514,0.000416578786020199,0.9837274170262,0.999765323016076,0.999791880761836,"cognps_random_slope"
"12135","SEMA6B","Mic P2RY12",-0.119695062804284,5.05447719716587,0.0192105254322551,0.889842208953181,0.999765323016076,0.999791880761836,"cognps_random_slope"
"12136","TNFAIP8L1","Mic P2RY12",-0.0914551162550892,4.70550367073951,0.0413703471064661,0.838939767202846,0.999700499758612,0.999791880761836,"cognps_random_slope"
"12137","MYDGF","Mic P2RY12",-0.535093227608562,5.57484958538433,1.35374044674492,0.245396650799074,0.726811407020191,0.787714514449905,"cognps_random_slope"
"12138","DPP9","Mic P2RY12",0.33230132557933,6.32396198231783,1.12958030035296,0.288578030670572,0.754255972880221,0.814785181423165,"cognps_random_slope"
"12139","FEM1A","Mic P2RY12",0.253240126792762,3.33278109406477,0.137900849912626,0.729963587760394,0.977924377749008,0.992735737523133,"cognps_random_slope"
"12140","TICAM1","Mic P2RY12",-0.315593324481417,4.93599329402095,0.453709968794292,0.50101105762112,0.889628842223565,0.924198481408281,"cognps_random_slope"
"12141","PLIN3","Mic P2RY12",-0.107650484756835,4.96109206335763,0.0565342705661697,0.812195385625685,0.994447726155304,0.999791880761836,"cognps_random_slope"
"12142","ARRDC5","Mic P2RY12",0.603829308926406,5.51216289202745,1.31380331683235,0.252469289323849,0.729640057414039,0.789886223675572,"cognps_random_slope"
"12143","UHRF1","Mic P2RY12",-1.18537325222572,3.45439186368556,2.62821865932831,0.105855830840658,0.550261438749286,0.634792953430487,"cognps_random_slope"
"12144","KDM4B","Mic P2RY12",-0.0609619964974251,7.76039838421116,0.0212353325846616,0.884221327845656,0.999765323016076,0.999791880761836,"cognps_random_slope"
"12145","PTPRS","Mic P2RY12",1.23932985474684,3.9603839059875,4.22102599427821,0.0406481847084577,0.382801351565735,0.477050142765319,"cognps_random_slope"
"12146","TINCR","Mic P2RY12",-0.51994728340844,3.62518287612885,0.669536851693736,0.430336061552348,0.848827430212396,0.891967133189086,"cognps_random_slope"
"12147","SAFB2","Mic P2RY12",-0.000527652731361836,6.56343036406485,5.94358109051431e-06,0.998056154155973,0.999765323016076,0.999791880761836,"cognps_random_slope"
"12148","SAFB","Mic P2RY12",-0.0903666765979478,6.86904484570374,0.135210354081599,0.713306088959638,0.975267359907595,0.990048188993565,"cognps_random_slope"
"12149","RPL36","Mic P2RY12",-0.848227325810122,5.42450139509054,2.24147416376533,0.135229969809998,0.598091361526,0.675251311044607,"cognps_random_slope"
"12150","C19orf70","Mic P2RY12",-0.437833950704171,4.19927978981916,0.668631874131001,0.414070421345265,0.839240717944004,0.885364854008569,"cognps_random_slope"
"12151","LONP1","Mic P2RY12",0.511600925746217,5.15983532808942,1.34531875984651,0.246867627758773,0.727284377806276,0.787803854705654,"cognps_random_slope"
"12152","DUS3L","Mic P2RY12",-0.306207647278225,3.61911676111167,0.206637123584234,0.649690315404038,0.953989866394996,0.97281769180443,"cognps_random_slope"
"12153","AC104532.2","Mic P2RY12",1.15456456914182,3.22728774879543,2.09139739434512,0.149001462687047,0.615716497523623,0.693055080726112,"cognps_random_slope"
"12154","CAPS","Mic P2RY12",0.934154810775907,4.24202934520164,2.66476906899075,0.103467957109552,0.545755181501284,0.630882758049362,"cognps_random_slope"
"12155","RANBP3","Mic P2RY12",-0.199146133951792,6.2062339528161,0.328143021182273,0.567112567025153,0.922925953141032,0.948745471623017,"cognps_random_slope"
"12156","RFX2","Mic P2RY12",-0.913483819130552,4.82643658223126,1.70951017947351,0.191884196618342,0.669079388045129,0.738884345436085,"cognps_random_slope"
"12157","MLLT1","Mic P2RY12",0.12612826632279,5.47246054596956,0.117005197295538,0.732505377665366,0.978584259106735,0.993104440403251,"cognps_random_slope"
"12158","CLPP","Mic P2RY12",0.128734263702432,3.44868911477949,0.0419120154447115,0.837903395453805,0.999700499758612,0.999791880761836,"cognps_random_slope"
"12159","ALKBH7","Mic P2RY12",-0.477661069010398,3.44604898703716,0.455374747642062,0.500227153046835,0.889182129988145,0.923789413945027,"cognps_random_slope"
"12160","GTF2F1","Mic P2RY12",-0.0409447711132945,3.89113995119534,0.00587070941505342,0.938968014397619,0.999765323016076,0.999791880761836,"cognps_random_slope"
"12161","KHSRP","Mic P2RY12",0.0179941090864934,5.13554479881832,0.00215595854689127,0.962991464955073,0.999765323016076,0.999791880761836,"cognps_random_slope"
"12162","SLC25A23","Mic P2RY12",0.828032911709592,3.28798975545918,1.34841621201739,0.246325356571575,0.727284377806276,0.787803854705654,"cognps_random_slope"
"12163","DENND1C","Mic P2RY12",0.0565185246105962,5.55245728146743,0.0329189692263685,0.856127693026322,0.999765323016076,0.999791880761836,"cognps_random_slope"
"12164","TUBB4A","Mic P2RY12",0.990642374607111,4.27918678633498,2.00586977024676,0.157556955856488,0.627684752818112,0.70583482737168,"cognps_random_slope"
"12165","TNFSF14","Mic P2RY12",-1.0974460174367,3.11495109750743,1.02472651550356,0.312081060681982,0.769796612435867,0.828989115276752,"cognps_random_slope"
"12166","C3","Mic P2RY12",0.0804340125281946,9.63039403915496,0.0501511036052692,0.822927717046131,0.996726931048618,0.999791880761836,"cognps_random_slope"
"12167","GPR108","Mic P2RY12",-0.623408423575133,3.50679670828462,0.80383836229554,0.370547997493189,0.812104761618872,0.863532460737016,"cognps_random_slope"
"12168","TRIP10","Mic P2RY12",-2.28433897076314,3.72634367993508,11.3244029878786,0.000847454498934619,0.0610577297861442,0.089698881119629,"cognps_random_slope"
"12169","VAV1","Mic P2RY12",0.0970703927603572,8.03258460712584,0.127573789729462,0.72117050012225,0.97571529536985,0.991463831658989,"cognps_random_slope"
"12170","ADGRE1","Mic P2RY12",-0.822161070307904,3.99714531816999,0.646319069870658,0.421962874828684,0.843046326294296,0.888150029380637,"cognps_random_slope"
"12171","ZNF557","Mic P2RY12",-0.457071066667295,4.2327194856973,1.05504784439413,0.405883888017599,0.83309082299339,0.880758600159611,"cognps_random_slope"
"12172","INSR","Mic P2RY12",-0.428104792777581,6.91213232998319,0.709836450678496,0.400058071973769,0.82954706831376,0.878025991099495,"cognps_random_slope"
"12173","ZNF358","Mic P2RY12",-0.923896090353297,4.06147564470851,2.48505821618884,0.115811319558462,0.571679681852535,0.651313984573346,"cognps_random_slope"
"12174","MCOLN1","Mic P2RY12",-0.551206616225602,5.43052095788667,1.74508132574172,0.187336194306786,0.663212237427689,0.734748039236384,"cognps_random_slope"
"12175","PNPLA6","Mic P2RY12",-0.658098210183854,6.1069587183151,3.61878016783822,0.0579293753232187,0.446669481419133,0.539676763083456,"cognps_random_slope"
"12176","XAB2","Mic P2RY12",-0.926875244288038,3.63498106593905,2.60847848236405,0.107170652074088,0.553670379366343,0.637690120798075,"cognps_random_slope"
"12177","STXBP2","Mic P2RY12",-0.974283452776082,4.64964805523214,3.77582141614827,0.0527783501088657,0.430779715700843,0.523388818398865,"cognps_random_slope"
"12178","EVI5L","Mic P2RY12",1.39412845252695,4.63580599963818,9.55746375978145,0.00214679117128189,0.0985286589464096,0.140673503820293,"cognps_random_slope"
"12179","MAP2K7","Mic P2RY12",-0.0488134231859692,5.43604474740209,0.0190296114493146,0.890358831671379,0.999765323016076,0.999791880761836,"cognps_random_slope"
"12180","TGFBR3L","Mic P2RY12",2.08506025840272,2.61952020837629,3.56188177436999,0.0599257651710053,0.451508434578704,0.544299908237831,"cognps_random_slope"
"12181","CTXN1","Mic P2RY12",2.35661874510357,3.06025864021329,6.50439858079034,0.0111746195282202,0.207889373677617,0.280180611332,"cognps_random_slope"
"12182","TIMM44","Mic P2RY12",0.161746809205342,4.7646061093142,0.152937748673638,0.69597518581327,0.969296644507763,0.984989885855413,"cognps_random_slope"
"12183","ELAVL1","Mic P2RY12",-0.111048634606039,6.15496161272796,0.187042035694948,0.665649214720801,0.958251705497202,0.975910369971767,"cognps_random_slope"
"12184","CERS4","Mic P2RY12",0.0853902301137047,6.26263125537847,0.0753677575608767,0.783833536020882,0.990117185051922,0.999746948947204,"cognps_random_slope"
"12185","AC022146.2","Mic P2RY12",-0.79389041733734,3.58626948145247,1.06744692979053,0.302217115268717,0.763695245452297,0.823589153555775,"cognps_random_slope"
"12186","CD320","Mic P2RY12",0.742020667964255,2.87193350674125,0.63238483862066,0.427006412896005,0.847227655008257,0.891073178269958,"cognps_random_slope"
"12187","RPS28","Mic P2RY12",-0.57798764859765,5.27811784853927,0.907781698581153,0.341343615840082,0.792405774789648,0.845625767302657,"cognps_random_slope"
"12188","ANGPTL4","Mic P2RY12",1.55817671092081,2.67858588037504,1.58973742602205,0.20818101851113,0.689568715448822,0.754934645981545,"cognps_random_slope"
"12189","RAB11B-AS1","Mic P2RY12",0.0144573449269706,3.1137010509667,0.000336569113617369,0.985373148363583,0.999765323016076,0.999791880761836,"cognps_random_slope"
"12190","RAB11B","Mic P2RY12",-0.19541171270907,4.88064779991859,0.202505734043274,0.652976978643133,0.954420308107869,0.973494108193761,"cognps_random_slope"
"12191","MARCH2","Mic P2RY12",-0.0523950464695155,6.24179424448446,0.0150031055269693,0.902581629204922,0.999765323016076,0.999791880761836,"cognps_random_slope"
"12192","HNRNPM","Mic P2RY12",-0.127628976996328,7.60521549300659,0.3308822993943,0.565499729751095,0.922619062532305,0.948616961587309,"cognps_random_slope"
"12193","PRAM1","Mic P2RY12",-0.224548744974858,7.92730574306292,0.407420726863312,0.523687799306098,0.900197562660469,0.931776610792832,"cognps_random_slope"
"12194","ZNF414","Mic P2RY12",0.00858122574286018,3.50466105233762,0.000128723430294782,0.990953978517317,0.999765323016076,0.999791880761836,"cognps_random_slope"
"12195","MYO1F","Mic P2RY12",0.118352718072631,9.1724842061454,0.324595493744986,0.569214632746988,0.923223215169933,0.949014359581435,"cognps_random_slope"
"12196","ADAMTS10","Mic P2RY12",-0.509091125820113,6.434046378615,1.50875760477106,0.22013200972754,0.701066373438034,0.76590145481113,"cognps_random_slope"
"12197","ZNF558","Mic P2RY12",-0.0355992495275138,4.03672659624822,0.00398013312643128,0.949731243758614,0.999765323016076,0.999791880761836,"cognps_random_slope"
"12198","ZNF317","Mic P2RY12",0.0981304798719517,4.87436230709432,0.0640517832395201,0.80034749390113,0.992143902613387,0.999791880761836,"cognps_random_slope"
"12199","ZNF699","Mic P2RY12",0.177711536936302,3.63941719806408,0.0756991351694933,0.874037290468531,0.999765323016076,0.999791880761836,"cognps_random_slope"
"12200","ZNF559-ZNF177","Mic P2RY12",0.0883711369538189,4.29986623503488,0.0274518185775404,0.868497242263618,0.999765323016076,0.999791880761836,"cognps_random_slope"
"12201","ZNF266","Mic P2RY12",-0.0553825088667669,5.17682504995802,0.0207330883755763,0.885589105378478,0.999765323016076,0.999791880761836,"cognps_random_slope"
"12202","ZNF426","Mic P2RY12",-0.0459883212587219,3.68658469426799,0.00609674823595467,0.968227154559088,0.999765323016076,0.999791880761836,"cognps_random_slope"
"12203","ZNF121","Mic P2RY12",-0.723055926084864,5.20724949287667,3.38553010932515,0.066594951097836,0.469213223209642,0.560515038951995,"cognps_random_slope"
"12204","ZNF561","Mic P2RY12",-0.00503220694518394,4.79539225515792,7.04082815219164e-05,0.993309710398531,0.999765323016076,0.999791880761836,"cognps_random_slope"
"12205","ZNF562","Mic P2RY12",-0.240751534749561,6.54987000123136,0.76251835193232,0.383124244519544,0.81991475418054,0.870109419832553,"cognps_random_slope"
"12206","AC008759.3","Mic P2RY12",-1.58821140019463,3.71977417454915,3.79969835729053,0.0520388731633295,0.429115615248058,0.522125676665449,"cognps_random_slope"
"12207","ZNF846","Mic P2RY12",-0.408014170365743,7.93744144762286,1.0519879409374,0.30573907956179,0.766263088887748,0.826040435360273,"cognps_random_slope"
"12208","FBXL12","Mic P2RY12",0.247689082874955,4.69932911562402,0.37539619020763,0.577188644902632,0.9254492737904,0.951000946469798,"cognps_random_slope"
"12209","UBL5","Mic P2RY12",-1.11500071309667,3.6933240692272,2.54907896505678,0.111236877075912,0.562522788563886,0.645849959741549,"cognps_random_slope"
"12210","PIN1","Mic P2RY12",1.2917271830273,4.86660072161489,8.72080453647265,0.00335278619846216,0.117012922812171,0.168357219029354,"cognps_random_slope"
"12211","OLFM2","Mic P2RY12",-0.218103108578948,4.48414444229051,0.106956660435053,0.743826169302347,0.982072175094771,0.994674014762625,"cognps_random_slope"
"12212","COL5A3","Mic P2RY12",2.05378199149494,2.95865747186634,5.56087074894657,0.0189009327789637,0.270321665070322,0.356587053976348,"cognps_random_slope"
"12213","C19orf66","Mic P2RY12",0.174463096888341,5.68050850709073,0.205614935802829,0.650499786803635,0.954157546074635,0.97303063252972,"cognps_random_slope"
"12214","ANGPTL6","Mic P2RY12",1.7126826191581,2.79862199641895,2.25168959874439,0.134346012766446,0.59679580286438,0.67433290969496,"cognps_random_slope"
"12215","P2RY11","Mic P2RY12",0.277352155224158,4.32657572311269,0.250312276450102,0.617161296746642,0.941696996000635,0.963917775753802,"cognps_random_slope"
"12216","EIF3G","Mic P2RY12",0.479392295787112,4.24084046893426,0.924988467674765,0.336814770105205,0.789820059625804,0.84478471300065,"cognps_random_slope"
"12217","DNMT1","Mic P2RY12",0.0602475162314893,5.83623716594002,0.0323554010605798,0.857351170402845,0.999765323016076,0.999791880761836,"cognps_random_slope"
"12218","MRPL4","Mic P2RY12",-0.4380714111859,4.55071902889732,0.874457729735052,0.350351647946611,0.799426324952662,0.851152769252035,"cognps_random_slope"
"12219","AC011511.2","Mic P2RY12",-0.995344266207329,2.98986089641304,1.19071953017968,0.275915000512594,0.747595304395617,0.807469550139811,"cognps_random_slope"
"12220","ICAM1","Mic P2RY12",-0.437626459280042,4.71114698849661,0.53989970097831,0.462953148498508,0.869034198491176,0.909091432183508,"cognps_random_slope"
"12221","ICAM5","Mic P2RY12",1.42539069199749,3.31753423838738,3.22089061896259,0.0735437379788,0.484304487790614,0.572984775873399,"cognps_random_slope"
"12222","ZGLP1","Mic P2RY12",-0.0775570758114184,3.44253739218414,0.0106296418450152,0.917940949436222,0.999765323016076,0.999791880761836,"cognps_random_slope"
"12223","AC011511.1","Mic P2RY12",-0.399652059369379,3.47001047066521,0.288959574582155,0.591220496215255,0.932879532530394,0.956379858446791,"cognps_random_slope"
"12224","RAVER1","Mic P2RY12",0.512692638176072,3.47921658313846,0.567027751282658,0.451935078921516,0.86383996471648,0.904632544995613,"cognps_random_slope"
"12225","TYK2","Mic P2RY12",0.141303143157815,5.81209366672434,0.209907877417732,0.647116333518868,0.952302504420343,0.971617599873003,"cognps_random_slope"
"12226","CDC37","Mic P2RY12",-0.349461371714368,6.04638379279913,0.766122484270047,0.382003473980162,0.819224492969006,0.869599566739615,"cognps_random_slope"
"12227","PDE4A","Mic P2RY12",-0.290890482001099,5.93239512728443,0.332772180639704,0.564392176042914,0.922158496670547,0.947917378948379,"cognps_random_slope"
"12228","KEAP1","Mic P2RY12",0.228053405026373,3.89454930034396,0.158727206344079,0.690567486222339,0.967213093944979,0.983937557788196,"cognps_random_slope"
"12229","ATG4D","Mic P2RY12",0.11511859730341,3.77876475999398,0.0428245513641235,0.836173105137342,0.999547866966635,0.999791880761836,"cognps_random_slope"
"12230","KRI1","Mic P2RY12",-0.25122406465777,4.67343237832051,0.267741100002472,0.605169218912924,0.938048778532664,0.960330533743299,"cognps_random_slope"
"12231","CDKN2D","Mic P2RY12",0.445287899256785,3.30338649743588,0.320391237035562,0.571725640624636,0.924209325694903,0.94950678216445,"cognps_random_slope"
"12232","SLC44A2","Mic P2RY12",-0.616934816482178,5.40001648209688,1.18661362616595,0.276743096559488,0.747729838698361,0.807787550604954,"cognps_random_slope"
"12233","ILF3-DT","Mic P2RY12",0.315784857500018,4.8199283732224,0.543438184447669,0.461491984496427,0.867871749121052,0.907803576517925,"cognps_random_slope"
"12234","ILF3","Mic P2RY12",-0.241255581799828,6.24388853264075,0.6635697500696,0.415841599381952,0.840020089435867,0.886043564054802,"cognps_random_slope"
"12235","QTRT1","Mic P2RY12",0.0484950678849076,4.85499035387861,0.0116843979022911,0.913981097235827,0.999765323016076,0.999791880761836,"cognps_random_slope"
"12236","DNM2","Mic P2RY12",0.0567440930763753,8.28462471204975,0.0380448956377522,0.845463163595903,0.999765323016076,0.999791880761836,"cognps_random_slope"
"12237","C19orf38","Mic P2RY12",0.688459083567194,4.26107022746105,2.0802197425365,0.189072794222017,0.66572898459518,0.736717273718524,"cognps_random_slope"
"12238","CARM1","Mic P2RY12",-0.27864259332069,5.75148845149963,0.37656599176532,0.539834754691171,0.909680929397714,0.938880518155808,"cognps_random_slope"
"12239","YIPF2","Mic P2RY12",0.338465673643034,4.12218566897868,0.444464538386212,0.622441798135088,0.944483646318178,0.965087403746349,"cognps_random_slope"
"12240","TIMM29","Mic P2RY12",-0.273443953415034,3.7822430331501,0.2463108641788,0.997967312699845,0.999765323016076,0.999791880761836,"cognps_random_slope"
"12241","SMARCA4","Mic P2RY12",0.108394196198673,6.66521914757493,0.139505032222102,0.708993651731731,0.973286614101303,0.98859098715405,"cognps_random_slope"
"12242","LDLR","Mic P2RY12",1.40774729196334,3.73749015534354,1.73753204028368,0.188290793001036,0.664274911960894,0.735425045919036,"cognps_random_slope"
"12243","KANK2","Mic P2RY12",-0.711549981331628,3.94915348557436,0.93321870756005,0.334677112106478,0.787534324730273,0.84346889010648,"cognps_random_slope"
"12244","DOCK6","Mic P2RY12",-0.374191533742615,4.85656043992528,0.44985871239909,0.502832567715776,0.890035562007543,0.924712535641813,"cognps_random_slope"
"12245","RAB3D","Mic P2RY12",-0.243650445945397,4.09861800137134,0.217419404239569,0.641295585072919,0.950874323474461,0.970806423495585,"cognps_random_slope"
"12246","CCDC159","Mic P2RY12",-0.503315737444837,4.50463067411073,1.43733219296385,0.24112936362123,0.722596547171085,0.783692018594457,"cognps_random_slope"
"12247","PLPPR2","Mic P2RY12",-0.0325738944337444,4.03830860549195,0.00363601690431045,0.993658960372171,0.999765323016076,0.999791880761836,"cognps_random_slope"
"12248","SWSAP1","Mic P2RY12",-0.0771600645293369,3.47466111107304,0.0106351999634979,0.917919574506418,0.999765323016076,0.999791880761836,"cognps_random_slope"
"12249","EPOR","Mic P2RY12",-0.337628020673922,4.72964923357359,0.417312053902641,0.518693325704214,0.896194283547793,0.929493308294961,"cognps_random_slope"
"12250","RGL3","Mic P2RY12",0.808367406679231,6.39702078195988,4.21829587965097,0.0407128488411169,0.383021016195866,0.47737844096013,"cognps_random_slope"
"12251","CCDC151","Mic P2RY12",-0.364480748777824,3.04992877301834,0.178309455305921,0.673082447384413,0.961896680527169,0.979103379964061,"cognps_random_slope"
"12252","PRKCSH","Mic P2RY12",-0.508170348903445,4.92171765596085,1.37930241458748,0.271902946389688,0.744483269496792,0.804152161400436,"cognps_random_slope"
"12253","ELAVL3","Mic P2RY12",1.40120208535831,3.75151618613767,4.09009530588556,0.0438749865048673,0.397007896118654,0.490899042556939,"cognps_random_slope"
"12254","ECSIT","Mic P2RY12",0.351332345734197,4.76809689898339,0.748025095137197,0.387678760698635,0.823221748462705,0.872514155215431,"cognps_random_slope"
"12255","ELOF1","Mic P2RY12",0.753706401184676,3.74200611021638,1.55786294905045,0.25293754802201,0.730165031234622,0.790343567499959,"cognps_random_slope"
"12256","ZNF627","Mic P2RY12",-0.173949841268567,4.0984395030697,0.110292168557402,0.740005225001096,0.980449437178806,0.994247512606934,"cognps_random_slope"
"12257","AC008543.1","Mic P2RY12",2.45836500667865,2.51672359763661,5.59856613556857,0.0185047104580893,0.268165890113493,0.353952102315042,"cognps_random_slope"
"12258","ZNF823","Mic P2RY12",0.869432375718325,4.47254385344136,4.18080795095811,0.0416118282151715,0.388599379729277,0.482085645997451,"cognps_random_slope"
"12259","ZNF491","Mic P2RY12",0.191609718417709,3.08498382631852,0.0613796265343454,0.804469915613603,0.993197797801506,0.999791880761836,"cognps_random_slope"
"12260","ZNF440","Mic P2RY12",0.254556243490536,4.61552476566676,0.390295801442352,0.628167005208836,0.946914064882295,0.967814196161635,"cognps_random_slope"
"12261","ZNF439","Mic P2RY12",0.189357400497745,5.79083309745028,0.31646947244338,0.907448294625698,0.999765323016076,0.999791880761836,"cognps_random_slope"
"12262","ZNF69","Mic P2RY12",0.334760777673393,6.12242675580119,1.08553567587026,0.330142165191865,0.782718527979546,0.839270332854404,"cognps_random_slope"
"12263","AC008770.2","Mic P2RY12",-0.118297900582883,4.05454806542656,0.0516743898317418,0.877567947384122,0.999765323016076,0.999791880761836,"cognps_random_slope"
"12264","ZNF844","Mic P2RY12",-0.279446011680144,3.42538086747246,0.154823017245276,0.694201439227456,0.969058581089121,0.984989885855413,"cognps_random_slope"
"12265","ZNF788P","Mic P2RY12",-0.0732260209988301,3.74405349253188,0.0124810034425947,0.911109007578081,0.999765323016076,0.999791880761836,"cognps_random_slope"
"12266","ZNF20","Mic P2RY12",0.413535472806695,2.73977863591831,0.192653876715519,0.660980521049441,0.956128149241478,0.974186353565131,"cognps_random_slope"
"12267","ZNF136","Mic P2RY12",0.0715368902580472,4.80388933548786,0.0314408674879401,0.938562671119555,0.999765323016076,0.999791880761836,"cognps_random_slope"
"12268","ZNF44","Mic P2RY12",0.0207603626351841,6.06846921806458,0.00591361014270424,0.938745860841473,0.999765323016076,0.999791880761836,"cognps_random_slope"
"12269","ZNF563","Mic P2RY12",0.686735660873795,3.46215426631573,1.20880403222403,0.272304564433523,0.744779611321214,0.804343634547338,"cognps_random_slope"
"12270","AC008758.4","Mic P2RY12",-0.942475898034984,3.52404414535101,2.00039007356373,0.206140830003823,0.687214537031122,0.753140282490449,"cognps_random_slope"
"12271","AC008758.5","Mic P2RY12",-0.245030388026943,3.71017769409762,0.138047556029042,0.71044857730273,0.973488894113894,0.988890731326174,"cognps_random_slope"
"12272","AC008758.6","Mic P2RY12",0.029186106214692,3.41751214284474,0.00179817346770885,0.96619947498489,0.999765323016076,0.999791880761836,"cognps_random_slope"
"12273","AC008758.1","Mic P2RY12",0.484938678008856,3.3548341612072,0.361656567379276,0.547966538941694,0.91189570676601,0.940046630323137,"cognps_random_slope"
"12274","AC010422.6","Mic P2RY12",-0.300720987711448,4.39576569044595,0.326056500708702,0.568347085076845,0.922925953141032,0.948753778898485,"cognps_random_slope"
"12275","ZNF490","Mic P2RY12",-0.392724004469533,5.80863758975573,1.51986504947275,0.218445199720524,0.699160286948826,0.764371725546982,"cognps_random_slope"
"12276","ZNF791","Mic P2RY12",-0.425065668580595,6.00414976255721,2.03680181777708,0.15439981676017,0.624166499065771,0.702504511680378,"cognps_random_slope"
"12277","AC010422.3","Mic P2RY12",0.504208911922672,3.22264177237615,0.479536038885591,0.489079443282632,0.883428173531547,0.918475306023068,"cognps_random_slope"
"12278","MAN2B1","Mic P2RY12",0.385196051182277,6.39044388003432,1.45466739810187,0.228573369781991,0.710154432032821,0.772587835198133,"cognps_random_slope"
"12279","WDR83","Mic P2RY12",0.379523827140294,3.5044434897967,0.390077927879168,0.614442872269051,0.940615596444774,0.963392068663033,"cognps_random_slope"
"12280","DHPS","Mic P2RY12",-0.310062254227235,4.306353208769,0.428730159712255,0.617838171807398,0.941744981027251,0.963917775753802,"cognps_random_slope"
"12281","TNPO2","Mic P2RY12",0.174573556062278,5.66737872355509,0.328562615832512,0.566864938195758,0.922925953141032,0.948745471623017,"cognps_random_slope"
"12282","TRIR","Mic P2RY12",-0.391120067963132,5.2739921720896,1.22859716113402,0.268420757225297,0.742826661762393,0.802490666399151,"cognps_random_slope"
"12283","ASNA1","Mic P2RY12",0.0477759066795644,3.60395236580868,0.00581452701834493,0.965126739497146,0.999765323016076,0.999791880761836,"cognps_random_slope"
"12284","HOOK2","Mic P2RY12",0.0385510722954429,5.93223356517351,0.0122164952807555,0.912052097537629,0.999765323016076,0.999791880761836,"cognps_random_slope"
"12285","JUNB","Mic P2RY12",-1.03176100224695,5.78126043275382,2.23645091574892,0.135667033351447,0.599628599585338,0.676385065658642,"cognps_random_slope"
"12286","MAST1","Mic P2RY12",0.762487486408036,3.94901736931033,1.55571945552295,0.213104715493255,0.693607432324955,0.75947610034705,"cognps_random_slope"
"12287","DNASE2","Mic P2RY12",-1.04537270248711,4.44085059956233,4.41744630353062,0.0362683627497015,0.363673603640255,0.456799015749732,"cognps_random_slope"
"12288","GCDH","Mic P2RY12",0.107751176100559,5.38006159155908,0.111015569465399,0.739185037318928,0.980436558830992,0.994247512606934,"cognps_random_slope"
"12289","SYCE2","Mic P2RY12",-0.737956816369997,3.02769681072849,0.771830561348843,0.38023794013751,0.818409735425457,0.868751729364795,"cognps_random_slope"
"12290","FARSA","Mic P2RY12",-0.177254922787912,5.06730052810036,0.226680444688328,0.634285336006512,0.949514945020472,0.969094802132475,"cognps_random_slope"
"12291","CALR","Mic P2RY12",-0.715231552669722,6.0469813758224,1.08028182933963,0.299332796078051,0.762414699475663,0.822521252696221,"cognps_random_slope"
"12292","AC092069.1","Mic P2RY12",-1.47514386914789,3.03973979804124,2.3198137257807,0.128614145135597,0.58844594023972,0.665657920588163,"cognps_random_slope"
"12293","RAD23A","Mic P2RY12",-0.216732800577732,5.44386151475877,0.445004629145198,0.505144558200152,0.891090914075268,0.925603545137578,"cognps_random_slope"
"12294","GADD45GIP1","Mic P2RY12",-0.887127924765045,4.11093600607986,2.06384602539618,0.151698423887049,0.620505255460884,0.697967544190516,"cognps_random_slope"
"12295","NFIX","Mic P2RY12",-0.130041212085722,5.11548369951266,0.0914238884063835,0.762549519026411,0.984139674089917,0.996023209475898,"cognps_random_slope"
"12296","LYL1","Mic P2RY12",-0.308023396186473,5.87641625268983,0.673179523029472,0.412488769025893,0.837737699468228,0.884231646409158,"cognps_random_slope"
"12297","TRMT1","Mic P2RY12",-0.205677633943611,6.27845026692197,0.317694219977595,0.573347927090753,0.924601151738049,0.950153024578689,"cognps_random_slope"
"12298","NACC1","Mic P2RY12",-0.369379117340664,4.32936674222453,0.49924633340132,0.967219009671654,0.999765323016076,0.999791880761836,"cognps_random_slope"
"12299","STX10","Mic P2RY12",-0.922531357981003,4.50493742349147,3.97044509479106,0.0470610023421654,0.408363536250804,0.502092216807286,"cognps_random_slope"
"12300","IER2","Mic P2RY12",-0.389746457588731,5.6176037348536,0.403717562656604,0.525579649869789,0.901212632443347,0.932713571026006,"cognps_random_slope"
"12301","CACNA1A","Mic P2RY12",-1.4049064336714,8.81628213197658,4.78554730598057,0.0293427900758951,0.331274414327776,0.423245810787623,"cognps_random_slope"
"12302","CCDC130","Mic P2RY12",0.0729485980740292,5.86129183617125,0.0712554045822127,0.789670608576445,0.990886185623222,0.999791880761836,"cognps_random_slope"
"12303","MRI1","Mic P2RY12",-0.186493387244673,4.76899579059159,0.192428087068695,0.891483865972851,0.999765323016076,0.999791880761836,"cognps_random_slope"
"12304","C19orf53","Mic P2RY12",0.0203511390718035,3.83835791584119,0.00106773132826786,0.97395096410872,0.999765323016076,0.999791880761836,"cognps_random_slope"
"12305","ZSWIM4","Mic P2RY12",0.516733677887026,4.24338013820868,0.907743679035796,0.375380250522218,0.81543690655054,0.866579776333413,"cognps_random_slope"
"12306","AC020916.1","Mic P2RY12",-0.776927063592692,4.49089533889474,1.92529487313087,0.166133297842815,0.637222862646941,0.71475062731459,"cognps_random_slope"
"12307","CC2D1A","Mic P2RY12",0.189506424464077,5.23025669352564,0.309562320296564,0.578294914264867,0.926179333251213,0.951183801105914,"cognps_random_slope"
"12308","DCAF15","Mic P2RY12",1.04304992791455,5.09749512230764,6.72946819980848,0.00987098842166325,0.198789792028176,0.272620986158279,"cognps_random_slope"
"12309","RFX1","Mic P2RY12",-0.139780183434502,5.17289516781241,0.145149190458616,0.703439710269436,0.97172603554691,0.986586063650533,"cognps_random_slope"
"12310","IL27RA","Mic P2RY12",-1.95380098249795,3.85092583674996,7.56176763367916,0.00626315809023919,0.156590637252417,0.215906573615356,"cognps_random_slope"
"12311","SAMD1","Mic P2RY12",-0.407179905082378,4.83493465794566,0.547345308446506,0.4598871050039,0.866792533233255,0.907242372423074,"cognps_random_slope"
"12312","PRKACA","Mic P2RY12",-0.838830066845681,6.10913336067058,6.75056783936293,0.00975709649098568,0.198026321123917,0.272200481859626,"cognps_random_slope"
"12313","ASF1B","Mic P2RY12",-0.79693544960204,2.66702702282188,0.640240448429832,0.424151974316093,0.844676919457407,0.889133617630447,"cognps_random_slope"
"12314","AC022098.1","Mic P2RY12",0.384533746965094,5.06064843818185,0.95146910596138,0.330001294136471,0.782718527979546,0.839270332854404,"cognps_random_slope"
"12315","ADGRL1","Mic P2RY12",0.119657330560131,4.64043193493938,0.0671955984625684,0.795612939750019,0.992143902613387,0.999791880761836,"cognps_random_slope"
"12316","LINC01841","Mic P2RY12",-1.82249733276486,2.620203747733,3.37505235744457,0.0670154606908785,0.469949863274967,0.561242036135161,"cognps_random_slope"
"12317","ADGRE5","Mic P2RY12",-0.741397139883582,3.67106687179539,0.862246721789438,0.353733541486169,0.802231035616203,0.853846112720093,"cognps_random_slope"
"12318","DDX39A","Mic P2RY12",-0.533683511938165,4.80146744435664,1.64788663626133,0.200073304098687,0.678780341323167,0.746920457179153,"cognps_random_slope"
"12319","PKN1","Mic P2RY12",-0.290924229348819,6.34364036167177,1.08263319277831,0.298808244519419,0.762346885655993,0.822521252696221,"cognps_random_slope"
"12320","GIPC1","Mic P2RY12",0.83908301369524,4.45372076980256,2.79698290582732,0.0953115744352099,0.532922140027557,0.617843694930587,"cognps_random_slope"
"12321","DNAJB1","Mic P2RY12",-1.5178334576572,5.39593710495158,1.26161981587622,0.262093965369098,0.735568971034788,0.796102978755634,"cognps_random_slope"
"12322","TECR","Mic P2RY12",0.01450742481987,5.12305754148618,0.00149051851383367,0.969224957126689,0.999765323016076,0.999791880761836,"cognps_random_slope"
"12323","NDUFB7","Mic P2RY12",-0.0760477010692037,4.20747108907256,0.0177710148792381,0.944544028448879,0.999765323016076,0.999791880761836,"cognps_random_slope"
"12324","CLEC17A","Mic P2RY12",-0.0858218187501468,4.49407505274483,0.0111555820193114,0.91594275140148,0.999765323016076,0.999791880761836,"cognps_random_slope"
"12325","ADGRE3","Mic P2RY12",-1.51816226140671,2.93775761481999,3.20857941965936,0.074093830207528,0.485339622643341,0.57389703730087,"cognps_random_slope"
"12326","ZNF333","Mic P2RY12",0.32394976030538,5.79212298537634,1.09638055421405,0.295765016554164,0.760181663718371,0.820779427630148,"cognps_random_slope"
"12327","ADGRE2","Mic P2RY12",-0.294377326454129,7.37349081803191,0.108043683267358,0.742573781116687,0.981867907325576,0.994674014762625,"cognps_random_slope"
"12328","ILVBL","Mic P2RY12",0.146531731652203,3.60224831567612,0.0592488523499437,0.807825907594915,0.993545795491873,0.999791880761836,"cognps_random_slope"
"12329","BRD4","Mic P2RY12",-0.158548629907416,7.70306786197897,0.527213582483623,0.468252971655685,0.872747993485096,0.911648945086448,"cognps_random_slope"
"12330","AKAP8","Mic P2RY12",-0.132673781687104,5.54462037540352,0.175058723350829,0.734320428203541,0.978972150652174,0.993354977430027,"cognps_random_slope"
"12331","AKAP8L","Mic P2RY12",-0.239918478397137,6.62331419278568,0.675969739205616,0.865401324933051,0.999765323016076,0.999791880761836,"cognps_random_slope"
"12332","WIZ","Mic P2RY12",-0.395362845047893,3.86616432686533,0.547386251597039,0.45987033428286,0.866792533233255,0.907242372423074,"cognps_random_slope"
"12333","RASAL3","Mic P2RY12",-0.649810430771574,6.52929738638882,5.99201279382408,0.0148481512776342,0.240314100569536,0.320164629194747,"cognps_random_slope"
"12334","CYP4F22","Mic P2RY12",-0.986073326039177,2.32159884768291,0.645353343928959,0.422309528275025,0.843046326294296,0.888150029380637,"cognps_random_slope"
"12335","TPM4","Mic P2RY12",0.204622799282856,6.09382628678421,0.20949461063916,0.647440217041016,0.952302504420343,0.971793326483451,"cognps_random_slope"
"12336","RAB8A","Mic P2RY12",-0.531309813498685,4.58034877082962,1.68649253216202,0.194896067464182,0.67374793633366,0.742218216381754,"cognps_random_slope"
"12337","FAM32A","Mic P2RY12",0.19227349893963,3.82040339848661,0.128807310620683,0.912975965629001,0.999765323016076,0.999791880761836,"cognps_random_slope"
"12338","AP1M1","Mic P2RY12",0.25930954849212,5.01580698743015,0.556170739850828,0.456294404102045,0.865333388169053,0.905598852945087,"cognps_random_slope"
"12339","KLF2","Mic P2RY12",0.116457889463019,3.73580412103146,0.0197997226363248,0.888176650492112,0.999765323016076,0.999791880761836,"cognps_random_slope"
"12340","EPS15L1","Mic P2RY12",-0.330692886232173,6.90006922997871,2.11019149251715,0.147280728103478,0.613906387967251,0.691886074221781,"cognps_random_slope"
"12341","C19orf44","Mic P2RY12",0.809110685123019,2.97602671674883,0.96527533065018,0.326521829036727,0.780402894760331,0.837192611808599,"cognps_random_slope"
"12342","AC008764.8","Mic P2RY12",-0.366997581807389,3.65418459810973,0.333973371131071,0.696916384127817,0.969465036932206,0.984989885855413,"cognps_random_slope"
"12343","TMEM38A","Mic P2RY12",1.29216605379653,3.32706544312343,3.5995956810481,0.0585944486409248,0.449275483411116,0.542492292307466,"cognps_random_slope"
"12344","SIN3B","Mic P2RY12",-0.0530116375746252,5.94679566227961,0.0278409073944266,0.867577172304499,0.999765323016076,0.999791880761836,"cognps_random_slope"
"12345","CPAMD8","Mic P2RY12",-0.711585946380244,2.87071793693212,0.482087359352836,0.487926630278662,0.882892893919032,0.917696481781987,"cognps_random_slope"
"12346","HAUS8","Mic P2RY12",-0.374200426586293,4.05189821500555,0.561388233652674,0.467792679742821,0.872472820566356,0.911648945086448,"cognps_random_slope"
"12347","MYO9B","Mic P2RY12",-0.159568732332065,8.99340051924454,0.354117633196497,0.552165687782022,0.913978802120414,0.942074726127265,"cognps_random_slope"
"12348","AC020913.1","Mic P2RY12",0.261712886650556,3.40611036533186,0.107311689585264,0.743416358678247,0.982072175094771,0.994674014762625,"cognps_random_slope"
"12349","USE1","Mic P2RY12",0.612664538907213,4.48526584738405,1.7357576057978,0.188515992056231,0.664466809454379,0.735564735359592,"cognps_random_slope"
"12350","OCEL1","Mic P2RY12",-1.13472965817563,3.2205814437763,2.28591910555263,0.131430998861524,0.591810411151284,0.669219809264844,"cognps_random_slope"
"12351","NR2F6","Mic P2RY12",0.660955438830891,3.51950256071986,1.07873303223169,0.299678957085218,0.762414699475663,0.82260614319748,"cognps_random_slope"
"12352","USHBP1","Mic P2RY12",-0.836740125723551,3.32770732506674,1.1249477707631,0.289567346614559,0.75452783964146,0.815536661445769,"cognps_random_slope"
"12353","ABHD8","Mic P2RY12",-0.267311848245484,5.3177527982756,0.6587057602862,0.417554076304302,0.840787365511229,0.886483329915441,"cognps_random_slope"
"12354","MRPL34","Mic P2RY12",-0.384974231696483,3.83074440355615,0.456057575207812,0.562917631077087,0.921180945991167,0.947541181433825,"cognps_random_slope"
"12355","DDA1","Mic P2RY12",-0.275511792529682,4.0545640093591,0.296263035627679,0.586572014085028,0.930210398010736,0.954312999656167,"cognps_random_slope"
"12356","ANO8","Mic P2RY12",0.815282804611517,3.83825724055617,1.95294160138266,0.163131725624877,0.633476747348299,0.710412353527691,"cognps_random_slope"
"12357","GTPBP3","Mic P2RY12",-0.155833593578975,3.98426201148961,0.0911598012599427,0.762882380230839,0.984139674089917,0.996023209475898,"cognps_random_slope"
"12358","PLVAP","Mic P2RY12",0.149303879850777,4.96512426932697,0.0525356203116304,0.81883871418375,0.99521654351319,0.999791880761836,"cognps_random_slope"
"12359","CCDC194","Mic P2RY12",0.123620262505588,2.95016659432807,0.0130552469516599,0.909095801846343,0.999765323016076,0.999791880761836,"cognps_random_slope"
"12360","BST2","Mic P2RY12",-0.782448157079823,6.07605653413048,1.98677309937185,0.159542850108054,0.62960268995345,0.706937631044709,"cognps_random_slope"
"12361","MVB12A","Mic P2RY12",-0.670063694929927,4.70013955462137,2.34560915828902,0.126515603257026,0.585960590257146,0.664147671947875,"cognps_random_slope"
"12362","AC010319.4","Mic P2RY12",-1.5527809700985,2.8675051137555,2.68526372903267,0.102154978055661,0.542599627793863,0.628056716734356,"cognps_random_slope"
"12363","SLC27A1","Mic P2RY12",-0.124578028095991,6.23577054854037,0.187960027712151,0.664879858098599,0.957960903792096,0.975781249025661,"cognps_random_slope"
"12364","AC010618.3","Mic P2RY12",-0.689470546338596,5.49313907992245,3.77599687361986,0.117922412333086,0.574339081039999,0.653758942921173,"cognps_random_slope"
"12365","PGLS","Mic P2RY12",-0.290373818667166,5.04908256199805,0.578052339136314,0.447574912804763,0.859921348601668,0.90134448637456,"cognps_random_slope"
"12366","COLGALT1","Mic P2RY12",0.0893604150614846,7.36461403905392,0.0823152013995673,0.77434932679926,0.98789996230651,0.998208143973629,"cognps_random_slope"
"12367","UNC13A","Mic P2RY12",1.54686934526242,3.65607444546949,4.95065648223345,0.0267006073374678,0.316370326197529,0.407008243693855,"cognps_random_slope"
"12368","MAP1S","Mic P2RY12",-0.561997285656556,5.71040291000824,2.61730236423782,0.10658071549381,0.552315610337414,0.636519796240518,"cognps_random_slope"
"12369","AC008761.1","Mic P2RY12",-0.713491816300396,3.7412434261677,0.984164773194751,0.32183975604673,0.775913203455183,0.833488976923152,"cognps_random_slope"
"12370","FCHO1","Mic P2RY12",-0.213329876411836,6.28309332792969,0.287617845907579,0.592082698918301,0.932951118731112,0.95650743789449,"cognps_random_slope"
"12371","JAK3","Mic P2RY12",0.000420022009054934,7.7270820838566,3.29910332030941e-07,0.999542030990942,0.999765323016076,0.999793501740429,"cognps_random_slope"
"12372","RPL18A","Mic P2RY12",-1.29976318826776,3.05533503741293,2.38715470873397,0.123215598600327,0.581585286973743,0.660864338941303,"cognps_random_slope"
"12373","CCDC124","Mic P2RY12",-0.0965202915161278,3.72073508277702,0.0303081667995468,0.861890796737768,0.999765323016076,0.999791880761836,"cognps_random_slope"
"12374","KCNN1","Mic P2RY12",-0.723616911563022,2.70350843726539,0.557356308241607,0.455815159333003,0.865333388169053,0.905598852945087,"cognps_random_slope"
"12375","ARRDC2","Mic P2RY12",-0.696808127993503,5.62400079759368,2.21177587750426,0.137837148740364,0.602128284225921,0.678608226205031,"cognps_random_slope"
"12376","IL12RB1","Mic P2RY12",0.173177176883077,4.38132527814359,0.136951392279253,0.772445526593395,0.987134048176166,0.99779870021368,"cognps_random_slope"
"12377","MAST3","Mic P2RY12",0.359869171055764,6.88277294760363,1.67123307235664,0.196923375156102,0.675965714771242,0.744281222614305,"cognps_random_slope"
"12378","AC007192.2","Mic P2RY12",1.35593564085599,3.98043918243122,2.57503897194066,0.109439198492288,0.560285199613413,0.644627053842235,"cognps_random_slope"
"12379","MPV17L2","Mic P2RY12",-0.556753540968421,3.09301274997536,0.439665217765758,0.50770885866397,0.89148406904558,0.926225620535621,"cognps_random_slope"
"12380","RAB3A","Mic P2RY12",1.27576921403585,4.07501779328932,2.18511128946688,0.140226265507547,0.605166247521288,0.681777260269062,"cognps_random_slope"
"12381","AC005759.1","Mic P2RY12",2.68553105046468e-05,2.98811436995214,5.14289294162406e-05,0.994282078817061,0.999765323016076,0.999791880761836,"cognps_random_slope"
"12382","IQCN","Mic P2RY12",1.47938105136983,3.11645474015419,2.54379146255947,0.111607009941068,0.563360861757374,0.64653404434065,"cognps_random_slope"
"12383","JUND","Mic P2RY12",-1.16847665904021,6.17000617985487,6.26014601557289,0.0127918340265697,0.226078934370272,0.300721478758097,"cognps_random_slope"
"12384","LSM4","Mic P2RY12",-0.332019502357291,4.77748554233106,0.619033071619024,0.431924994711775,0.849951886126487,0.893081371762371,"cognps_random_slope"
"12385","PGPEP1","Mic P2RY12",0.298034571928272,6.02778730197981,0.919223699837872,0.338323001421694,0.790943473347887,0.844859240409862,"cognps_random_slope"
"12386","LRRC25","Mic P2RY12",-0.282531494856221,4.38682001043932,0.287682710267836,0.59204095715545,0.932951118731112,0.95650743789449,"cognps_random_slope"
"12387","SSBP4","Mic P2RY12",-0.715443934252755,5.9601791228201,3.72059174470352,0.054531991616555,0.435768169143383,0.528329931669631,"cognps_random_slope"
"12388","ISYNA1","Mic P2RY12",-0.336889391939201,3.64251277691574,0.273876652931315,0.601065363118587,0.936283425111275,0.959054741582592,"cognps_random_slope"
"12389","ELL","Mic P2RY12",-0.658366456207591,6.70423578381628,2.2392111477192,0.135426674581186,0.598763730142682,0.675701850834609,"cognps_random_slope"
"12390","FKBP8","Mic P2RY12",-0.0162914570877232,5.39279654091284,0.00179163509809355,0.9662609454246,0.999765323016076,0.999791880761836,"cognps_random_slope"
"12391","KXD1","Mic P2RY12",-0.278266022989733,5.01237727454107,0.572786944778724,0.449649111339757,0.861307987878288,0.902248878253239,"cognps_random_slope"
"12392","AC005253.1","Mic P2RY12",-1.54726506252077,2.72354278398956,2.29327991647436,0.130813448582045,0.591809296756693,0.669219809264844,"cognps_random_slope"
"12393","UBA52","Mic P2RY12",-1.3321046915052,5.32789903511007,7.3878607493553,0.00688450852606098,0.164162453305593,0.226255458775576,"cognps_random_slope"
"12394","CRLF1","Mic P2RY12",-1.25878345053717,4.06241392519273,3.459440532057,0.0637078479272662,0.461735462451754,0.55369831592915,"cognps_random_slope"
"12395","REX1BD","Mic P2RY12",0.348087461893891,5.41683380193929,0.733919051002873,0.392186297456923,0.825293567800476,0.874623554902867,"cognps_random_slope"
"12396","TMEM59L","Mic P2RY12",1.0606485678474,4.78560547316186,3.25777688700695,0.0719217553807743,0.481701677783777,0.572274865842081,"cognps_random_slope"
"12397","KLHL26","Mic P2RY12",0.7465560498398,3.78703510101026,1.59696854032782,0.207151888482675,0.688502593639964,0.753929563837255,"cognps_random_slope"
"12398","CRTC1","Mic P2RY12",0.0535434682706397,6.48147601423456,0.0299126956416809,0.862785771055974,0.999765323016076,0.999791880761836,"cognps_random_slope"
"12399","UPF1","Mic P2RY12",-0.354144906915006,5.80666714176889,1.13879801356822,0.286622303300371,0.754255972880221,0.814647163364235,"cognps_random_slope"
"12400","COPE","Mic P2RY12",-0.772156807077398,4.7094916523787,3.52755569921089,0.0611656002510348,0.455377893868954,0.547430908161802,"cognps_random_slope"
"12401","DDX49","Mic P2RY12",-0.140195348456561,4.53342604364004,0.100119835774692,0.840072152820318,0.999765323016076,0.999791880761836,"cognps_random_slope"
"12402","HOMER3-AS1","Mic P2RY12",-0.416256303505258,2.84768003299062,0.204084195423371,0.651716531712865,0.954420308107869,0.973494108193761,"cognps_random_slope"
"12403","SUGP2","Mic P2RY12",0.189416144600738,7.10164637729931,0.779708012506561,0.377820323970114,0.816910377307216,0.867843746648631,"cognps_random_slope"
"12404","ARMC6","Mic P2RY12",-0.211718818873577,3.70751428216241,0.115240110493763,0.923814756435777,0.999765323016076,0.999791880761836,"cognps_random_slope"
"12405","SLC25A42","Mic P2RY12",0.620685922286518,4.06517569406591,1.36288273684478,0.243811945932865,0.725752099942929,0.786644664417554,"cognps_random_slope"
"12406","TMEM161A","Mic P2RY12",0.00133292116249661,4.21680963910859,4.63816434856014e-05,0.994569899647401,0.999765323016076,0.999791880761836,"cognps_random_slope"
"12407","BORCS8-MEF2B","Mic P2RY12",0.141562285115183,3.59367471689248,0.0497502467196732,0.838720052073573,0.999700499758612,0.999791880761836,"cognps_random_slope"
"12408","RFXANK","Mic P2RY12",0.354250103937874,3.57738771174247,0.316300355162387,0.678888363878211,0.963238005752452,0.98024453462497,"cognps_random_slope"
"12409","NCAN","Mic P2RY12",1.71666543205211,2.96149135677294,3.44791201973897,0.064149203099991,0.463430442449046,0.554562902775347,"cognps_random_slope"
"12410","SUGP1","Mic P2RY12",0.32773803150898,4.71915182291798,0.664700456992039,0.415445004316069,0.840020089435867,0.886043564054802,"cognps_random_slope"
"12411","MAU2","Mic P2RY12",0.334480137102356,6.18753648852327,1.49851627695222,0.221701139003774,0.70294595092844,0.767266569485017,"cognps_random_slope"
"12412","GATAD2A","Mic P2RY12",-0.718728737304911,7.32710531787004,5.66726601754858,0.0178046082725124,0.262695713585267,0.347220306917123,"cognps_random_slope"
"12413","YJEFN3","Mic P2RY12",0.577206822845434,3.83347526679544,0.87500676696485,0.350200629569138,0.799426324952662,0.851114542088538,"cognps_random_slope"
"12414","LPAR2","Mic P2RY12",0.696228100281182,4.74168098538403,1.60861089342776,0.205507596159118,0.686956172643638,0.753140282490449,"cognps_random_slope"
"12415","GMIP","Mic P2RY12",0.283222354884186,5.95777347315128,1.09276090118912,0.296562407967984,0.760764324115419,0.821277884626097,"cognps_random_slope"
"12416","ATP13A1","Mic P2RY12",-0.178930458248688,5.0319137828674,0.212529477934702,0.927478632995405,0.999765323016076,0.999791880761836,"cognps_random_slope"
"12417","ZNF101","Mic P2RY12",-0.0260907705966653,3.43621428707732,0.00207255479553408,0.963713861504006,0.999765323016076,0.999791880761836,"cognps_random_slope"
"12418","ZNF14","Mic P2RY12",0.337895175947915,4.55819820915985,0.601918644988796,0.438356809859593,0.854274719151492,0.896329999692071,"cognps_random_slope"
"12419","AC011477.4","Mic P2RY12",0.127204777620126,3.96764399807073,0.0458349882406757,0.830597369153443,0.999278422244518,0.999791880761836,"cognps_random_slope"
"12420","ZNF253","Mic P2RY12",0.40372268385922,4.89994269464895,0.915401062290594,0.339328130134455,0.791529377185698,0.844947282293052,"cognps_random_slope"
"12421","ZNF93","Mic P2RY12",0.143167966132181,3.70111351552626,0.0509777086705461,0.821498895993057,0.996726931048618,0.999791880761836,"cognps_random_slope"
"12422","ZNF682","Mic P2RY12",1.08009277615457,3.76864745091581,3.75330567665199,0.0792339794080138,0.49873863694072,0.585681988771696,"cognps_random_slope"
"12423","ZNF90","Mic P2RY12",-0.931234487745029,5.75767445018248,6.79764246442483,0.00950784694150485,0.194571373502092,0.267670654594698,"cognps_random_slope"
"12424","AC011447.3","Mic P2RY12",0.252259822186787,4.11621356858993,0.17435396317471,0.676520117325589,0.962836572976644,0.980096514019067,"cognps_random_slope"
"12425","ZNF486","Mic P2RY12",0.652269836363554,3.94884523055434,1.38207446232097,0.240525804001145,0.721900626969619,0.782794014293223,"cognps_random_slope"
"12426","ZNF737","Mic P2RY12",0.655825460884548,4.30213401494775,1.84402800615019,0.17533093666581,0.647038156298016,0.722255436515096,"cognps_random_slope"
"12427","ZNF66","Mic P2RY12",0.0026080567679468,4.58487228588775,4.541339515554e-05,0.994626876224611,0.999765323016076,0.999791880761836,"cognps_random_slope"
"12428","ZNF85","Mic P2RY12",0.0819152712776507,4.44665806999717,0.0239330845682894,0.877142081330032,0.999765323016076,0.999791880761836,"cognps_random_slope"
"12429","ZNF430","Mic P2RY12",0.0875354112147032,6.12632788836851,0.0939718602493827,0.759364614944752,0.983190954097967,0.995414674993652,"cognps_random_slope"
"12430","ZNF714","Mic P2RY12",0.499501279828391,5.09069238439415,1.32003792976949,0.251348816005989,0.729501575487489,0.789375576029983,"cognps_random_slope"
"12431","ZNF431","Mic P2RY12",-0.222517230203716,6.80464804469333,0.823505710772409,0.364764834088553,0.811321749646589,0.861653728470917,"cognps_random_slope"
"12432","ZNF708","Mic P2RY12",-0.0486722972775315,5.81116976008974,0.0225247788240543,0.880783605670912,0.999765323016076,0.999791880761836,"cognps_random_slope"
"12433","ZNF738","Mic P2RY12",-0.0751502232255285,4.61202983811533,0.0357915963781376,0.850053238542655,0.999765323016076,0.999791880761836,"cognps_random_slope"
"12434","ZNF493","Mic P2RY12",0.476440741419169,4.30704645753222,1.00451538730912,0.31967353041184,0.774041290465206,0.832055998512576,"cognps_random_slope"
"12435","AC010615.4","Mic P2RY12",1.16021297776079,4.06652155073656,3.0438437806678,0.0818980629331738,0.505069462203158,0.592932507652024,"cognps_random_slope"
"12436","ZNF429","Mic P2RY12",0.529025911690376,4.75751018220904,1.40853390324722,0.236083319711164,0.717034210514582,0.779510609678998,"cognps_random_slope"
"12437","AC123912.1","Mic P2RY12",-1.2535796466541,3.57617368284137,1.89728123218409,0.16923958689221,0.641063451999253,0.718786798018681,"cognps_random_slope"
"12438","ZNF100","Mic P2RY12",-0.274903769586388,6.10107019972681,0.565927323160552,0.452373937445107,0.863908863777668,0.904661241634531,"cognps_random_slope"
"12439","ZNF43","Mic P2RY12",0.453441698978586,5.70535234038886,1.932944823834,0.16529645728381,0.636899891909238,0.714046489646194,"cognps_random_slope"
"12440","ZNF208","Mic P2RY12",1.80430745313722,3.54609326187781,3.70106171318789,0.0551668586368226,0.436675175777944,0.529475022548815,"cognps_random_slope"
"12441","ZNF257","Mic P2RY12",-0.630932107327632,3.99237995728061,0.90024744809419,0.343352519664067,0.794104568388493,0.846023324652749,"cognps_random_slope"
"12442","ZNF730","Mic P2RY12",2.64497307979147,2.43988772537183,4.84095996973063,0.0284268230803635,0.325710281579166,0.418159305727706,"cognps_random_slope"
"12443","ZNF91","Mic P2RY12",0.185403736706923,6.83445936971286,0.575646087429826,0.448520952859773,0.860343633818381,0.901641095160374,"cognps_random_slope"
"12444","ZNF675","Mic P2RY12",-0.0977468378680007,5.33718701464991,0.0772120102677124,0.781271454032535,0.990020960532974,0.999508397105588,"cognps_random_slope"
"12445","ZNF681","Mic P2RY12",0.422826199288073,3.22936175372844,0.332285397532051,0.564677050841807,0.922389580650276,0.948148202322253,"cognps_random_slope"
"12446","ZNF254","Mic P2RY12",-0.133801660407613,7.02622432132119,0.29628668073321,0.586557085645443,0.930210398010736,0.954312999656167,"cognps_random_slope"
"12447","LINC00662","Mic P2RY12",0.613576860700992,5.90405607369704,3.49486216692001,0.0623719944545852,0.458838506833911,0.550250458875185,"cognps_random_slope"
"12448","AC006504.5","Mic P2RY12",0.703974478835,4.04418096077471,1.44129466160112,0.230720131066947,0.712321445541658,0.774352738252227,"cognps_random_slope"
"12449","UQCRFS1","Mic P2RY12",-0.229065184238898,4.40678804657887,0.197161428771989,0.657288935709596,0.955612931885691,0.973592644066785,"cognps_random_slope"
"12450","POP4","Mic P2RY12",0.41252035503418,3.2864465761167,0.356701834051099,0.550719522078596,0.912593789036859,0.940714314424667,"cognps_random_slope"
"12451","C19orf12","Mic P2RY12",0.510551253169053,5.35894893137297,1.84805035868313,0.174862102479498,0.646504793926442,0.722173203526035,"cognps_random_slope"
"12452","URI1","Mic P2RY12",-0.475949091688149,7.12510764898832,3.12331949011874,0.078027449083381,0.494863154361756,0.581750648161687,"cognps_random_slope"
"12453","ZNF536","Mic P2RY12",0.239884173771412,3.63623095567704,0.100239519737737,0.751726088004816,0.982244103840787,0.994674014762625,"cognps_random_slope"
"12454","AC020912.1","Mic P2RY12",-2.05799351271278,3.1565500247494,6.08119438511916,0.0141287512101357,0.236378770245978,0.315066959478248,"cognps_random_slope"
"12455","TSHZ3","Mic P2RY12",-2.79381626869324,4.92252724479034,12.3188766094231,0.000505354254104376,0.0473584081066626,0.07165541923763,"cognps_random_slope"
"12456","ZNF507","Mic P2RY12",0.470225708921875,5.37305450594465,1.93750346025037,0.164800081701904,0.636488914749871,0.713766152264858,"cognps_random_slope"
"12457","DPY19L3","Mic P2RY12",0.374126384367188,6.03017643635501,1.69810826720595,0.193369267215775,0.670637047090734,0.740026852677201,"cognps_random_slope"
"12458","PDCD5","Mic P2RY12",-0.278419512202534,4.17436406986392,0.292275740582432,0.589100530495765,0.931773521595925,0.955596578807635,"cognps_random_slope"
"12459","ANKRD27","Mic P2RY12",-0.208028502658155,5.83531163382979,0.482678039189546,0.65961246772147,0.955616010372175,0.973693843731936,"cognps_random_slope"
"12460","NUDT19","Mic P2RY12",0.269431638279233,4.48429225834943,0.409119060587867,0.522824210402915,0.899751797047575,0.931455315464605,"cognps_random_slope"
"12461","CEP89","Mic P2RY12",0.0276515671276619,5.51885504735943,0.00683599460952916,0.934151928646214,0.999765323016076,0.999791880761836,"cognps_random_slope"
"12462","GPATCH1","Mic P2RY12",0.269700678671831,4.29299369296129,0.297688014842495,0.585673723813847,0.929600091534924,0.953702716026232,"cognps_random_slope"
"12463","WDR88","Mic P2RY12",-0.369392437777316,2.61439001369921,0.1310470505707,0.717561498538055,0.975467321817246,0.990827860187382,"cognps_random_slope"
"12464","LRP3","Mic P2RY12",0.00231108750957058,4.85582747267615,3.94259933802129e-05,0.994993587659784,0.999765323016076,0.999791880761836,"cognps_random_slope"
"12465","CEBPA","Mic P2RY12",-0.592238957841732,6.00197514204687,1.1139770309341,0.291927589190712,0.757135170476472,0.818402479919089,"cognps_random_slope"
"12466","CEBPA-DT","Mic P2RY12",0.721761784190094,2.72136863105235,0.489748439497811,0.48449197039807,0.881462467904707,0.916739510069731,"cognps_random_slope"
"12467","CEBPG","Mic P2RY12",-0.6224329492992,4.97810396807779,2.37371609281996,0.124272421182426,0.582740912932112,0.66123352413604,"cognps_random_slope"
"12468","PEPD","Mic P2RY12",-0.180014500618414,5.7239967414935,0.298203551650966,0.634725212877403,0.949736241790035,0.969438379806318,"cognps_random_slope"
"12469","LSM14A","Mic P2RY12",-0.174337372796141,7.7651718083958,0.896126820160256,0.344458000753854,0.79495583871654,0.846593876266832,"cognps_random_slope"
"12470","KIAA0355","Mic P2RY12",-0.00942928648916292,6.63225118883754,0.00125791132321844,0.971727001326002,0.999765323016076,0.999791880761836,"cognps_random_slope"
"12471","AC010504.1","Mic P2RY12",-1.82523160487606,2.64515239094409,3.09100617818481,0.0795767470507491,0.499146433286928,0.586429050301252,"cognps_random_slope"
"12472","GPI","Mic P2RY12",0.436548103231933,6.15075393077073,0.4994632504639,0.480193703905892,0.880619779516585,0.91644519212379,"cognps_random_slope"
"12473","PDCD2L","Mic P2RY12",0.0364190760312152,3.13270738865363,0.00228057888262611,0.961937685127226,0.999765323016076,0.999791880761836,"cognps_random_slope"
"12474","UBA2","Mic P2RY12",0.117285863210426,6.84275149556606,0.183131951709154,0.66895154609845,0.960363726160842,0.97747809255934,"cognps_random_slope"
"12475","WTIP","Mic P2RY12",0.512336210579646,2.65737444204917,0.314285126182028,0.575411575745726,0.924900775009009,0.950322446996267,"cognps_random_slope"
"12476","SCGB2B2","Mic P2RY12",0.514992861555852,4.28268655908063,0.74739590866056,0.387878229550626,0.823242976592959,0.872608875947737,"cognps_random_slope"
"12477","ZNF302","Mic P2RY12",0.767769084435439,5.53857395553964,3.09640421893495,0.0793156339764752,0.499018221088613,0.586071137282301,"cognps_random_slope"
"12478","ZNF181","Mic P2RY12",-0.080118320096153,3.13910870589937,0.0117895146791157,0.91359655162706,0.999765323016076,0.999791880761836,"cognps_random_slope"
"12479","ZNF599","Mic P2RY12",1.38057234312972,2.57928340330147,1.82745389529953,0.177278172952251,0.648745165410465,0.723391205286608,"cognps_random_slope"
"12480","ZNF30","Mic P2RY12",0.43444284313367,4.19643627095429,0.787483697012155,0.375455167722117,0.81543690655054,0.866579776333413,"cognps_random_slope"
"12481","GRAMD1A","Mic P2RY12",-0.844376548642495,7.64924594014909,2.12116993717764,0.146148023795126,0.612508854637727,0.69034513399768,"cognps_random_slope"
"12482","SCN1B","Mic P2RY12",-0.276959326192401,6.08922190619032,0.506283545666539,0.477213398135287,0.879136186828098,0.915095352637582,"cognps_random_slope"
"12483","HPN","Mic P2RY12",1.06439258362005,4.64083034689476,1.52239888257727,0.218062574781694,0.6987701015422,0.764295682709594,"cognps_random_slope"
"12484","LGI4","Mic P2RY12",1.35227195875395,3.39440750332607,3.86846481030381,0.0499699971848068,0.418083513064701,0.510316389867414,"cognps_random_slope"
"12485","FXYD7","Mic P2RY12",1.12288675676928,3.44982367220653,2.19091564340041,0.139702256545769,0.604699593013519,0.680844654955549,"cognps_random_slope"
"12486","FXYD5","Mic P2RY12",-0.856701920475801,5.26974040730349,3.05984372758032,0.081102435979168,0.503937109508405,0.592113078775718,"cognps_random_slope"
"12487","USF2","Mic P2RY12",-0.00714894719643098,6.55069361862032,0.000670171707924727,0.98905246267832,0.999765323016076,0.999791880761836,"cognps_random_slope"
"12488","HAMP","Mic P2RY12",0.567843479153866,7.02063950094213,0.201815538766722,0.653529976824687,0.95464957700323,0.973494108193761,"cognps_random_slope"
"12489","MAG","Mic P2RY12",1.46134876489957,3.37008436266278,2.20939080858137,0.138048971316968,0.602185682399834,0.678608226205031,"cognps_random_slope"
"12490","CD22","Mic P2RY12",1.38236499143953,2.89061498906652,1.76593265306279,0.184728761133612,0.66053662815611,0.73185282653701,"cognps_random_slope"
"12491","TMEM147-AS1","Mic P2RY12",-0.613778939706421,3.18553623181792,0.632748347600318,0.426873688993974,0.847227655008257,0.891073178269958,"cognps_random_slope"
"12492","TMEM147","Mic P2RY12",-0.831552354766013,3.91373432110773,1.86024293631444,0.173449797530309,0.646025774514638,0.722173203526035,"cognps_random_slope"
"12493","HAUS5","Mic P2RY12",0.18538669927477,3.81354313178505,0.1204539455351,0.728745675919462,0.977667514565693,0.992716167586774,"cognps_random_slope"
"12494","RBM42","Mic P2RY12",1.44967546980957,3.50418849850686,5.58654483639971,0.0366801642778583,0.365541931273156,0.459163966487682,"cognps_random_slope"
"12495","COX6B1","Mic P2RY12",-0.204706544188213,4.7338226109372,0.162570582969241,0.687040390483215,0.966541875561649,0.982897568727292,"cognps_random_slope"
"12496","KMT2B","Mic P2RY12",-0.14990105325135,5.58077746577083,0.196120728947251,0.658136728760434,0.955612931885691,0.973592644066785,"cognps_random_slope"
"12497","PROSER3","Mic P2RY12",-0.609880237609393,3.42793055252389,0.758695427195158,0.38431816749929,0.820968585459939,0.870630310964262,"cognps_random_slope"
"12498","ARHGAP33","Mic P2RY12",1.45823074082012,3.43801269558499,4.93344376140706,0.0269640564137463,0.317255927716184,0.408168606815502,"cognps_random_slope"
"12499","APLP1","Mic P2RY12",1.36626665867793,5.07136657982784,4.70949685319087,0.0306504740682149,0.339929670461337,0.430922833966362,"cognps_random_slope"
"12500","NFKBID","Mic P2RY12",-1.00997703567582,5.33790067283512,2.00056803270977,0.158105447346295,0.628850038216583,0.706757717301824,"cognps_random_slope"
"12501","HCST","Mic P2RY12",-0.432149048680933,4.48411847067688,0.429426021825087,0.512689679051149,0.89460343606308,0.92830484233112,"cognps_random_slope"
"12502","TYROBP","Mic P2RY12",-0.715800592324029,6.85319017424353,3.26798996250451,0.0714795008404919,0.481432815573689,0.571978509732139,"cognps_random_slope"
"12503","SDHAF1","Mic P2RY12",-0.0149032600657887,3.16824168394389,0.000675523585055294,0.97927906329464,0.999765323016076,0.999791880761836,"cognps_random_slope"
"12504","ALKBH6","Mic P2RY12",0.465162734492683,3.4744037576101,0.454963191842292,0.500420750537947,0.889290343185125,0.923954438173511,"cognps_random_slope"
"12505","AC002116.2","Mic P2RY12",1.21475699291543,3.35576430935978,2.730431427224,0.0993254377364288,0.537560520252725,0.623539007406861,"cognps_random_slope"
"12506","CLIP3","Mic P2RY12",1.25437897866104,4.11355318244444,3.58306841066391,0.0591739390892407,0.44989912477379,0.543094414862529,"cognps_random_slope"
"12507","THAP8","Mic P2RY12",0.827388512745191,3.29720038717713,1.25458475603146,0.263426087259312,0.737498322498804,0.796999279104942,"cognps_random_slope"
"12508","WDR62","Mic P2RY12",0.85363671851726,2.78154277809837,0.862761642365013,0.353590031714647,0.802231035616203,0.853774936320492,"cognps_random_slope"
"12509","POLR2I","Mic P2RY12",0.458731262602216,2.63007483022594,0.221609754756263,0.82255609320833,0.996726931048618,0.999791880761836,"cognps_random_slope"
"12510","TBCB","Mic P2RY12",0.0599449762057402,5.02856563122009,0.022765219669802,0.880153808090363,0.999765323016076,0.999791880761836,"cognps_random_slope"
"12511","CAPNS1","Mic P2RY12",0.118073905044191,4.76099249373087,0.0770835555726997,0.781448831825834,0.990020960532974,0.999508397105588,"cognps_random_slope"
"12512","COX7A1","Mic P2RY12",1.43186275360445,2.535169916982,1.37659577986966,0.241458355422223,0.72291854803691,0.783939893864345,"cognps_random_slope"
"12513","ZNF565","Mic P2RY12",0.411710575922954,5.39041973593635,0.756367708152105,0.385047723713193,0.821275822494099,0.870877549352018,"cognps_random_slope"
"12514","ZNF146","Mic P2RY12",-0.152146728155517,5.48250255212685,0.194883923011303,0.659147784519517,0.955612931885691,0.973592644066785,"cognps_random_slope"
"12515","LINC00665","Mic P2RY12",0.517853177071644,3.0685764432521,0.397845966361684,0.528604418515283,0.903780022011138,0.934139357377662,"cognps_random_slope"
"12516","ZFP14","Mic P2RY12",0.111535100408786,5.89104090247343,0.115144956734701,0.840343415695291,0.999765323016076,0.999791880761836,"cognps_random_slope"
"12517","ZFP82","Mic P2RY12",0.499588659404464,4.26126864636134,1.12849454219692,0.288809515824649,0.754409862402247,0.81512400278752,"cognps_random_slope"
"12518","ZNF566","Mic P2RY12",-0.415574455464013,4.85988236743534,1.15988624785571,0.512028336798231,0.894381092470425,0.928072691844297,"cognps_random_slope"
"12519","ZNF260","Mic P2RY12",-0.179317111373239,4.18717237227267,0.128714072758805,0.719979602396401,0.97571529536985,0.991463831658989,"cognps_random_slope"
"12520","ZNF529","Mic P2RY12",-0.0660159424267359,4.67325200274229,0.0258391004620959,0.872384146017436,0.999765323016076,0.999791880761836,"cognps_random_slope"
"12521","ZNF529-AS1","Mic P2RY12",0.115784923091008,4.31256486406803,0.0578645871876908,0.81004051740749,0.994034132767222,0.999791880761836,"cognps_random_slope"
"12522","ZNF382","Mic P2RY12",0.326149732511713,3.02482913314477,0.143313416280409,0.705232378230403,0.972206470596197,0.987249090096017,"cognps_random_slope"
"12523","ZNF461","Mic P2RY12",1.02010968362751,3.69752366026026,2.73839723805836,0.0988353913131365,0.537484114202283,0.623301366148007,"cognps_random_slope"
"12524","ZNF567","Mic P2RY12",0.422653889687247,4.50950729216592,0.920459429411602,0.33799893474015,0.790943473347887,0.844859240409862,"cognps_random_slope"
"12525","ZNF850","Mic P2RY12",-0.887326755521708,3.31095294827518,1.66238477432694,0.19811027827307,0.676727485014508,0.74543807054596,"cognps_random_slope"
"12526","AC020928.1","Mic P2RY12",0.386714102774002,4.23720142577711,0.517498195760688,0.472378036199708,0.875689991192199,0.91312738472786,"cognps_random_slope"
"12527","ZNF790","Mic P2RY12",0.638038302179354,4.80694743079424,2.21401456722979,0.137638659077006,0.602128284225921,0.678608226205031,"cognps_random_slope"
"12528","ZNF345","Mic P2RY12",1.09685256719262,4.65183653336143,6.1124891489775,0.0138849321259911,0.234583341875523,0.31272307170876,"cognps_random_slope"
"12529","ZNF829","Mic P2RY12",0.172962711119272,2.76150502216708,0.0426121841526623,0.836574052376522,0.999547866966635,0.999791880761836,"cognps_random_slope"
"12530","ZNF568","Mic P2RY12",0.462099525756775,4.39485464230448,1.00827856244111,0.315990736152028,0.771046347109003,0.830025217985487,"cognps_random_slope"
"12531","ZNF420","Mic P2RY12",-0.0894854000479225,5.05630934320073,0.0558519221171949,0.813311066056386,0.994763030214352,0.999791880761836,"cognps_random_slope"
"12532","AC012309.1","Mic P2RY12",-1.26294554588753,2.60963463796283,1.80935217846125,0.179433562764651,0.652700522186807,0.726589950144405,"cognps_random_slope"
"12533","ZNF585B","Mic P2RY12",-1.50225645824854,2.67168141707757,1.67754437870927,0.196081890694226,0.674402119521831,0.742844265787487,"cognps_random_slope"
"12534","ZNF383","Mic P2RY12",0.316030700876699,4.42392520407048,0.589859393475329,0.442977492847729,0.857329703705984,0.898513909568182,"cognps_random_slope"
"12535","HKR1","Mic P2RY12",0.142893655063162,5.33618953618968,0.157825202853941,0.691402419607767,0.967371458045907,0.984049474704472,"cognps_random_slope"
"12536","ZNF527","Mic P2RY12",0.31347012941165,3.07712380922235,0.164830452638919,0.743832662070224,0.982072175094771,0.994674014762625,"cognps_random_slope"
"12537","ZNF569","Mic P2RY12",-0.0881759374557098,4.67097750921427,0.0425933357274298,0.91591099532385,0.999765323016076,0.999791880761836,"cognps_random_slope"
"12538","ZNF570","Mic P2RY12",-0.0433407032286007,3.26503207466176,0.00447933806967226,0.946676328049713,0.999765323016076,0.999791880761836,"cognps_random_slope"
"12539","ZNF793","Mic P2RY12",0.655646892662928,3.48553018819248,0.85242082681351,0.356487423895712,0.805341869121111,0.856504349639283,"cognps_random_slope"
"12540","ZNF540","Mic P2RY12",0.0329580922783641,4.00548828430038,0.00440922557329866,0.94709467676723,0.999765323016076,0.999791880761836,"cognps_random_slope"
"12541","ZNF571","Mic P2RY12",-0.0902976094714336,4.14442605594415,0.0314975062502389,0.937619618265172,0.999765323016076,0.999791880761836,"cognps_random_slope"
"12542","ZFP30","Mic P2RY12",0.23785218169159,4.77558010775355,0.388921866974692,0.539325687596854,0.909199424949266,0.938428822115299,"cognps_random_slope"
"12543","AC093227.1","Mic P2RY12",0.772440264283695,3.21332112265551,1.19126578584118,0.275805064961569,0.747595304395617,0.807469550139811,"cognps_random_slope"
"12544","ZNF573","Mic P2RY12",0.0291709188759824,5.25911271532972,0.00725854305442252,0.932152118571547,0.999765323016076,0.999791880761836,"cognps_random_slope"
"12545","SIPA1L3","Mic P2RY12",0.251783704973167,7.83558300915338,1.18977707613717,0.276104802041597,0.747595304395617,0.807469550139811,"cognps_random_slope"
"12546","DPF1","Mic P2RY12",1.81853650415975,2.75001367870088,3.30151653979413,0.0700481575270741,0.47973966638102,0.57082150695382,"cognps_random_slope"
"12547","SPINT2","Mic P2RY12",0.983100178575434,4.35662800800707,3.47770860562775,0.0630151219860791,0.459698230667091,0.551718805893652,"cognps_random_slope"
"12548","PPP1R14A","Mic P2RY12",-0.631557759977667,2.92821333106244,0.398357256819508,0.528339788069002,0.903655370536966,0.934139357377662,"cognps_random_slope"
"12549","AC011479.1","Mic P2RY12",0.174306696690663,3.31107235539197,0.0457345752691647,0.830780207978811,0.999278422244518,0.999791880761836,"cognps_random_slope"
"12550","YIF1B","Mic P2RY12",0.292751924191977,4.98765088141173,0.574026938799332,0.449159292096871,0.860983711651718,0.902178584929418,"cognps_random_slope"
"12551","KCNK6","Mic P2RY12",-0.0202014313834476,6.42839314427524,0.00270547687990013,0.958546258813524,0.999765323016076,0.999791880761836,"cognps_random_slope"
"12552","CATSPERG","Mic P2RY12",0.2590995620077,4.38288109776578,0.243572100400461,0.621939232134592,0.944462324835258,0.965019437458618,"cognps_random_slope"
"12553","PSMD8","Mic P2RY12",0.0439834784107517,4.84513733618892,0.0110015040925017,0.916523111543985,0.999765323016076,0.999791880761836,"cognps_random_slope"
"12554","FAM98C","Mic P2RY12",0.33520447761808,3.2774375324,0.241707987071416,0.623275159578188,0.944747247314478,0.965357136073802,"cognps_random_slope"
"12555","RASGRP4","Mic P2RY12",0.27113691328963,4.54565703929266,0.3656580606325,0.545761889981069,0.911244930073703,0.940001610338548,"cognps_random_slope"
"12556","RYR1","Mic P2RY12",0.19590899334101,8.90340367269944,0.549987285340769,0.458806910718505,0.866701951149653,0.907067752012638,"cognps_random_slope"
"12557","MAP4K1","Mic P2RY12",-0.427102432517804,4.5529646945131,0.878820757953364,0.349153999074812,0.798330104351058,0.849981309701072,"cognps_random_slope"
"12558","AC008649.1","Mic P2RY12",-0.848098925124651,3.42786823156334,1.49272089972151,0.222595026395484,0.703617320824958,0.768101325922903,"cognps_random_slope"
"12559","EIF3K","Mic P2RY12",-0.114911025339068,5.51045639284322,0.142554017979397,0.707910830418655,0.973207309924008,0.988354461037649,"cognps_random_slope"
"12560","ACTN4","Mic P2RY12",-0.164846166017261,6.08239699856422,0.316994706529251,0.596300516256584,0.93511989159524,0.95808998326772,"cognps_random_slope"
"12561","ECH1","Mic P2RY12",-0.19230879299593,3.59483363950376,0.0841377209483493,0.771933665877586,0.987121402570693,0.99779870021368,"cognps_random_slope"
"12562","HNRNPL","Mic P2RY12",0.404971796027827,6.50448224270487,1.75130853993301,0.186553019777258,0.662501534398554,0.73395833752813,"cognps_random_slope"
"12563","RINL","Mic P2RY12",-0.103617243465577,3.72882023957626,0.0304030225797455,0.987844751200343,0.999765323016076,0.999791880761836,"cognps_random_slope"
"12564","SIRT2","Mic P2RY12",-0.123636323290788,5.61239617216512,0.146213857402238,0.702405986242125,0.971311357164335,0.986182132743233,"cognps_random_slope"
"12565","NFKBIB","Mic P2RY12",-0.30727642958717,3.73577101669641,0.285720971002067,0.593306072790526,0.933534082709634,0.956961229461436,"cognps_random_slope"
"12566","MRPS12","Mic P2RY12",-0.659361904981611,3.05771279461549,0.630478575736398,0.427703446309743,0.847855638695508,0.891417072278873,"cognps_random_slope"
"12567","FBXO27","Mic P2RY12",1.42085704637901,3.18417991204905,3.56040968855124,0.059978381117629,0.451508434578704,0.544369002535003,"cognps_random_slope"
"12568","PAK4","Mic P2RY12",-0.161790633192431,4.42477472203709,0.133628964017222,0.804989224932876,0.993231645669267,0.999791880761836,"cognps_random_slope"
"12569","LRFN1","Mic P2RY12",-0.291157579098007,3.107787900066,0.162075750557594,0.687491766125933,0.966541875561649,0.982933896240838,"cognps_random_slope"
"12570","GMFG","Mic P2RY12",0.0085903429434494,5.76364959614007,0.000636073184817391,0.979893080799886,0.999765323016076,0.999791880761836,"cognps_random_slope"
"12571","SAMD4B","Mic P2RY12",-0.213010453394099,6.5359403612814,0.599579724929623,0.52147787425372,0.898473256990756,0.930932475481216,"cognps_random_slope"
"12572","PAF1","Mic P2RY12",0.824389446825918,3.36393602832243,1.39885090608353,0.237697392563378,0.718723546421893,0.780382658415809,"cognps_random_slope"
"12573","MED29","Mic P2RY12",-0.522268904144286,4.09582766316392,1.06692223468848,0.302335790189419,0.763695245452297,0.823589153555775,"cognps_random_slope"
"12574","ZFP36","Mic P2RY12",-1.36524310936631,6.5961304759485,2.55856847059833,0.11057599403689,0.560653802688948,0.644669197197226,"cognps_random_slope"
"12575","PLEKHG2","Mic P2RY12",-1.05451137894568,3.48192061568229,1.06247249261981,0.303344657248347,0.763833474593217,0.824163087209446,"cognps_random_slope"
"12576","RPS16","Mic P2RY12",-1.18075328063551,5.67314134714958,5.97098829373568,0.0150232030929832,0.242853974244955,0.323185223026055,"cognps_random_slope"
"12577","SUPT5H","Mic P2RY12",0.159630105653069,5.89572957778318,0.291701413613941,0.589466571282604,0.931812511387396,0.95565586049155,"cognps_random_slope"
"12578","TIMM50","Mic P2RY12",-0.241383175254344,3.66938413637927,0.154748372850448,0.694271430269133,0.969058581089121,0.984989885855413,"cognps_random_slope"
"12579","EID2B","Mic P2RY12",0.706163248839179,3.23062446560331,0.921592600460788,0.337702130764485,0.790764678381069,0.844859240409862,"cognps_random_slope"
"12580","EID2","Mic P2RY12",0.211239648319653,3.35552905125465,0.086362072229404,0.812304170274667,0.994490059003364,0.999791880761836,"cognps_random_slope"
"12581","DYRK1B","Mic P2RY12",-0.0894953511492428,3.74060963266835,0.020810565307178,0.903265020652609,0.999765323016076,0.999791880761836,"cognps_random_slope"
"12582","FBL","Mic P2RY12",-0.149091170800483,3.88645464676879,0.0673307994628066,0.795412005439933,0.992143902613387,0.999791880761836,"cognps_random_slope"
"12583","FCGBP","Mic P2RY12",-1.76313777269128,8.6611858096238,4.00777710349505,0.046041446232891,0.4047031862747,0.498961401649665,"cognps_random_slope"
"12584","PSMC4","Mic P2RY12",-0.157905167379145,4.88909980001436,0.115487311822929,0.734179748035457,0.978881982232929,0.993343480733325,"cognps_random_slope"
"12585","ZNF546","Mic P2RY12",-0.152589220720325,4.58004572608748,0.101990511201693,0.88613955076028,0.999765323016076,0.999791880761836,"cognps_random_slope"
"12586","ZNF780B","Mic P2RY12",0.157961563092986,7.25334278773672,0.473900001676251,0.491642255366438,0.884362129418206,0.919457422548261,"cognps_random_slope"
"12587","ZNF780A","Mic P2RY12",-0.814064126857795,4.55589052470385,3.44047775330663,0.0644355512369868,0.464247753831645,0.555313265534353,"cognps_random_slope"
"12588","MAP3K10","Mic P2RY12",-0.154430273632624,4.89970187900356,0.130162368845895,0.718475574582232,0.975581265085029,0.991080934286885,"cognps_random_slope"
"12589","TTC9B","Mic P2RY12",1.55156391437185,3.1619537454676,2.96241605663656,0.0860805408874789,0.511558903961466,0.596695508575108,"cognps_random_slope"
"12590","AKT2","Mic P2RY12",0.377855526180807,5.65103055530651,1.59995045383963,0.206729261193596,0.687780245594682,0.753550718449413,"cognps_random_slope"
"12591","C19orf47","Mic P2RY12",-0.413632725034994,3.06317027269242,0.285153683127783,0.893983655574424,0.999765323016076,0.999791880761836,"cognps_random_slope"
"12592","PLD3","Mic P2RY12",-0.0174745042082942,6.69443242467923,0.00357747819698546,0.952338572052457,0.999765323016076,0.999791880761836,"cognps_random_slope"
"12593","SERTAD1","Mic P2RY12",-2.02738813881994,2.81364774273595,4.70565018717158,0.0307182173665159,0.339929670461337,0.430922833966362,"cognps_random_slope"
"12594","SERTAD3","Mic P2RY12",0.222990525734619,3.28652169534365,0.0939795598483009,0.828662186273875,0.99852595020559,0.999791880761836,"cognps_random_slope"
"12595","BLVRB","Mic P2RY12",0.558260836213555,5.03872833464737,1.71215626503128,0.28942432741694,0.75452783964146,0.815536661445769,"cognps_random_slope"
"12596","SPTBN4","Mic P2RY12",1.03944484443687,4.2955265153863,2.71466436941071,0.100303279429596,0.540500040521822,0.625940567937586,"cognps_random_slope"
"12597","SHKBP1","Mic P2RY12",-0.177882984425261,4.61320682138223,0.205540626639947,0.650558726847544,0.954157546074635,0.97305423583745,"cognps_random_slope"
"12598","LTBP4","Mic P2RY12",-0.94782806018517,3.9937974516213,3.1598384589351,0.0763156497300529,0.490480225824018,0.577943004086007,"cognps_random_slope"
"12599","NUMBL","Mic P2RY12",0.653881939041544,3.86639009099657,1.46970108725884,0.22618869098378,0.706583534051226,0.769637329131246,"cognps_random_slope"
"12600","COQ8B","Mic P2RY12",-0.0643452882446633,4.39960721084933,0.017835018380599,0.908825825153758,0.999765323016076,0.999791880761836,"cognps_random_slope"
"12601","ITPKC","Mic P2RY12",-0.7292534720235,5.28513122406948,1.20074246288486,0.273906607892382,0.746668521636659,0.805902020311732,"cognps_random_slope"
"12602","C19orf54","Mic P2RY12",0.436072267399725,3.48711456650655,0.412622678447967,0.521050604873698,0.898203681089643,0.930815712062428,"cognps_random_slope"
"12603","SNRPA","Mic P2RY12",-0.172818483276526,5.18478323890527,0.197977263050017,0.65662619832073,0.955612931885691,0.973592644066785,"cognps_random_slope"
"12604","AC008537.4","Mic P2RY12",-0.551142248718659,2.70011508444474,0.319003739417764,0.572559106018851,0.924344761669553,0.949786520225886,"cognps_random_slope"
"12605","AC008537.1","Mic P2RY12",-1.51068987439137,4.06657573416873,5.41605547027264,0.0205069239204054,0.283460674420401,0.370056101942465,"cognps_random_slope"
"12606","CYP2S1","Mic P2RY12",-2.63706030310916,3.7394793284931,13.59056319505,0.000262369077645507,0.0359587299138796,0.0548933450647856,"cognps_random_slope"
"12607","AXL","Mic P2RY12",-0.917451492533041,8.03627356581583,6.69796809278411,0.0100435737611935,0.201186744355386,0.275099312532074,"cognps_random_slope"
"12608","HNRNPUL1","Mic P2RY12",-0.978851407049392,6.15873886427731,12.2621348060511,0.000520426847562131,0.0480982081667594,0.0728759209831568,"cognps_random_slope"
"12609","TGFB1","Mic P2RY12",-0.450552277661513,7.91557900588974,2.08228429582027,0.149887459404525,0.617094268350241,0.694453919497535,"cognps_random_slope"
"12610","CCDC97","Mic P2RY12",-0.131599582254905,4.90764293641112,0.0905024926628897,0.763713157774128,0.984139674089917,0.996142476555342,"cognps_random_slope"
"12611","AC011462.1","Mic P2RY12",0.453280612982488,2.85544255049097,0.272609325247558,0.601908205885053,0.936728819773034,0.959351042889963,"cognps_random_slope"
"12612","EXOSC5","Mic P2RY12",0.323229051122675,3.3113898855163,0.195631835701038,0.658535928925964,0.955612931885691,0.973592644066785,"cognps_random_slope"
"12613","DMAC2","Mic P2RY12",-0.90605692898012,3.91352099016805,2.85190762133291,0.0921323998647841,0.527263763486086,0.611550466126821,"cognps_random_slope"
"12614","LINC01480","Mic P2RY12",-0.71286866903664,5.22758889592781,1.65747102237764,0.198773040431926,0.67699667850671,0.745962233856748,"cognps_random_slope"
"12615","CEACAM21","Mic P2RY12",0.196320780718584,5.78086758448054,0.137025909773518,0.711473655827151,0.973997186815779,0.989096230537284,"cognps_random_slope"
"12616","CEACAM4","Mic P2RY12",-0.882347518303609,3.33844426748727,1.31083390189791,0.253005111807559,0.730165031234622,0.790343567499959,"cognps_random_slope"
"12617","RPS19","Mic P2RY12",-0.238649983463257,7.74310002494944,0.208320228828726,0.648362712921,0.953336484074426,0.972384120254079,"cognps_random_slope"
"12618","ARHGEF1","Mic P2RY12",-0.0594671168370234,6.57313095846694,0.0470564921011891,0.828389736597997,0.99852595020559,0.999791880761836,"cognps_random_slope"
"12619","RABAC1","Mic P2RY12",-1.15763542329179,4.73025024048184,4.51593004205323,0.0342619800489284,0.352916829082006,0.446237053843496,"cognps_random_slope"
"12620","GRIK5","Mic P2RY12",-1.01022999490969,4.29256227514671,3.15169483306973,0.0766938310547713,0.490956577735769,0.578637902399607,"cognps_random_slope"
"12621","POU2F2","Mic P2RY12",-0.174248930114108,8.80659991399484,0.243585488664994,0.621929660389566,0.944462324835258,0.965019437458618,"cognps_random_slope"
"12622","DEDD2","Mic P2RY12",-0.567234062215394,3.73038006491949,0.601863146309032,0.438377904838855,0.854274719151492,0.896329999692071,"cognps_random_slope"
"12623","ZNF526","Mic P2RY12",-0.587973174168631,3.3944071997102,0.825382589097773,0.480569018685057,0.880619779516585,0.916617425491717,"cognps_random_slope"
"12624","GSK3A","Mic P2RY12",0.266125965204973,3.92392838901115,0.287071642962638,0.637277133041699,0.950271487556261,0.970312214791998,"cognps_random_slope"
"12625","CIC","Mic P2RY12",-0.489140503508059,4.36551040574589,1.22124021989045,0.269856176703857,0.7436443808366,0.803327988713777,"cognps_random_slope"
"12626","PAFAH1B3","Mic P2RY12",-0.282336202689206,3.21344306710086,0.120672434033838,0.728509529664737,0.977594945023934,0.992716167586774,"cognps_random_slope"
"12627","TMEM145","Mic P2RY12",0.735774144891948,2.92931011010614,0.76693415562962,0.381751712323968,0.819192105180704,0.869500886036339,"cognps_random_slope"
"12628","MEGF8","Mic P2RY12",-0.112856252582381,4.83151829068111,0.0872675939152846,0.767850497484431,0.986195564192913,0.996786403281309,"cognps_random_slope"
"12629","LIPE-AS1","Mic P2RY12",0.37675551782977,6.39398496874078,0.938301420350383,0.333366047347499,0.786588565297986,0.842644018955589,"cognps_random_slope"
"12630","LIPE","Mic P2RY12",0.313924101621039,3.41434788689078,0.198474042841958,0.656223443917522,0.955612931885691,0.973592644066785,"cognps_random_slope"
"12631","CEACAM1","Mic P2RY12",-1.57343360080092,4.57697817605556,4.16834167915543,0.0419153970675193,0.38953414431472,0.483031951804167,"cognps_random_slope"
"12632","PHLDB3","Mic P2RY12",0.416349125882717,4.12943639357085,0.585168367051517,0.444795271077499,0.85802776256953,0.899211617235781,"cognps_random_slope"
"12633","ETHE1","Mic P2RY12",-0.581417812180565,4.83075371119038,1.66900939268787,0.197220868769631,0.676207044958963,0.744882934797189,"cognps_random_slope"
"12634","XRCC1","Mic P2RY12",0.430076108959356,3.96674977687677,0.737872079625454,0.390915570120219,0.824692295940985,0.873932594956922,"cognps_random_slope"
"12635","PINLYP","Mic P2RY12",1.17669603775027,2.87767749913425,1.32706201322882,0.250093788506472,0.729301365236868,0.789201257695949,"cognps_random_slope"
"12636","ZNF428","Mic P2RY12",0.157151646399208,4.38741332701197,0.0804291461083917,0.776879879890972,0.989373745102453,0.999142156805629,"cognps_random_slope"
"12637","CADM4","Mic P2RY12",0.868459284242626,2.8719928816858,0.925644084582435,0.639658243342241,0.950339259315895,0.97040644005083,"cognps_random_slope"
"12638","PLAUR","Mic P2RY12",-1.1296477695058,6.20400465072006,3.11709907273861,0.0783231398822269,0.495799904374928,0.582578419216366,"cognps_random_slope"
"12639","SMG9","Mic P2RY12",-0.558680611209958,5.69659294062764,2.90588843819374,0.089120266098212,0.517910097997459,0.603006122204139,"cognps_random_slope"
"12640","KCNN4","Mic P2RY12",-1.51744188813607,4.15900164152585,2.90780611735073,0.0890152518071791,0.517803804277782,0.602749777771807,"cognps_random_slope"
"12641","LYPD5","Mic P2RY12",-0.774843726929896,2.8196116642303,0.722195890783694,0.395989950205945,0.82735599044432,0.876803766873825,"cognps_random_slope"
"12642","ZNF283","Mic P2RY12",0.0667159466635261,4.23251736243302,0.0226492122718489,0.880457244643163,0.999765323016076,0.999791880761836,"cognps_random_slope"
"12643","ZNF45","Mic P2RY12",-0.170081178845568,3.83170164636634,0.0825125948666506,0.774086301737014,0.987777496272494,0.998208143973629,"cognps_random_slope"
"12644","ZNF155","Mic P2RY12",0.403568292357299,4.00903726944186,0.496431333017947,0.481528395750267,0.881191046217305,0.916739510069731,"cognps_random_slope"
"12645","ZNF230","Mic P2RY12",-1.13737650006558,3.03984387046983,2.18239854651195,0.140471927470923,0.605445939307539,0.682111417539437,"cognps_random_slope"
"12646","ZNF224","Mic P2RY12",-0.122371296699868,5.10565867834881,0.117560398955361,0.731895970163158,0.978508292770738,0.992997359939444,"cognps_random_slope"
"12647","ZNF225","Mic P2RY12",0.872677348584914,3.16059739504329,1.24825942408145,0.314555467181464,0.770261998566852,0.829537614030808,"cognps_random_slope"
"12648","ZNF234","Mic P2RY12",-0.35782362456935,4.30998243700679,0.618770938700218,0.432022419181212,0.849951886126487,0.893081371762371,"cognps_random_slope"
"12649","ZNF226","Mic P2RY12",0.627138245973251,3.91049729027976,1.30534349543096,0.253999540684353,0.730761427230338,0.791788478770448,"cognps_random_slope"
"12650","ZNF227","Mic P2RY12",-0.666351575302355,3.8846168943385,1.43736729490207,0.231355226851345,0.71251308323617,0.774804656240754,"cognps_random_slope"
"12651","ZNF235","Mic P2RY12",0.177804921268135,5.4807300593494,0.251552358025836,0.616291017177064,0.941297671539177,0.963917775753802,"cognps_random_slope"
"12652","ZNF180","Mic P2RY12",-0.0382198622031066,3.94985432171571,0.00598532254210763,0.938376313658931,0.999765323016076,0.999791880761836,"cognps_random_slope"
"12653","AC243964.2","Mic P2RY12",-0.637236173077243,3.02525183551738,0.471667599796501,0.492663590114266,0.884735626300203,0.919903672806468,"cognps_random_slope"
"12654","CEACAM19","Mic P2RY12",0.136346953879016,3.46333455226347,0.0326817410368149,0.856641374521563,0.999765323016076,0.999791880761836,"cognps_random_slope"
"12655","BCL3","Mic P2RY12",-0.231254275010593,3.81159025326943,0.0433423313658179,0.835199866471667,0.999366959106503,0.999791880761836,"cognps_random_slope"
"12656","NECTIN2","Mic P2RY12",-0.796718403665366,5.55860179441759,1.8343533169439,0.176464557859991,0.647510916089937,0.723004651230449,"cognps_random_slope"
"12657","TOMM40","Mic P2RY12",-0.0879238464925326,4.69365614441148,0.0352360224707817,0.851207813105405,0.999765323016076,0.999791880761836,"cognps_random_slope"
"12658","APOE","Mic P2RY12",-1.81948087887472,9.0713682728038,9.1026811386256,0.00273410474472349,0.109783640588684,0.157450661747735,"cognps_random_slope"
"12659","APOC1","Mic P2RY12",-1.55140928046128,6.16981918643236,5.57039406538706,0.0188000075673151,0.26945337049154,0.356103010799918,"cognps_random_slope"
"12660","CLPTM1","Mic P2RY12",0.0467836652689389,5.63478713000469,0.0254121531258671,0.873433855799137,0.999765323016076,0.999791880761836,"cognps_random_slope"
"12661","RELB","Mic P2RY12",0.515575968343152,5.2186652928062,0.525812856217061,0.468844113861238,0.873121174243253,0.911773055538053,"cognps_random_slope"
"12662","CLASRP","Mic P2RY12",0.0883640321964826,6.87916344845277,0.100518593452982,0.75139216137366,0.982244103840787,0.994674014762625,"cognps_random_slope"
"12663","GEMIN7-AS1","Mic P2RY12",-0.973485128961442,4.47319044972559,2.22175548426893,0.136954797736094,0.601269752075375,0.678086167366028,"cognps_random_slope"
"12664","MARK4","Mic P2RY12",0.288345046721925,5.90807415945895,0.854148127580242,0.356001189373952,0.804786089541215,0.856041250596589,"cognps_random_slope"
"12665","TRAPPC6A","Mic P2RY12",0.310734555890241,3.71782187217596,0.255634995268438,0.613444701252161,0.940399122416995,0.963142172997874,"cognps_random_slope"
"12666","ERCC2","Mic P2RY12",0.921329637138914,4.36557038712437,4.17800926016881,0.0416797771532714,0.388628114376115,0.482377092361654,"cognps_random_slope"
"12667","PPP1R13L","Mic P2RY12",-0.103612867172613,4.45169343409598,0.0372373669442965,0.847091504110698,0.999765323016076,0.999791880761836,"cognps_random_slope"
"12668","CD3EAP","Mic P2RY12",-1.35927689626807,3.76264015652462,5.29649844649617,0.0219394788498833,0.290623781808482,0.379236780229514,"cognps_random_slope"
"12669","ERCC1","Mic P2RY12",-0.616108303607536,5.8140364569818,3.81476605732873,0.0515778943549271,0.427155125728967,0.519813870465727,"cognps_random_slope"
"12670","FOSB","Mic P2RY12",-3.54662421135896,2.50921868861723,5.55095671392534,0.0190065964005747,0.270677362767376,0.356789105621112,"cognps_random_slope"
"12671","RTN2","Mic P2RY12",-0.475867643911067,4.03607186932725,0.809819385510664,0.36877583643122,0.812104761618872,0.863106788382106,"cognps_random_slope"
"12672","PPM1N","Mic P2RY12",-0.614729150583001,4.31407834085422,1.48675741799329,0.223519365444099,0.705101945792842,0.769206564190869,"cognps_random_slope"
"12673","VASP","Mic P2RY12",-0.777290389417099,6.19103538427053,3.90380288217917,0.048940959225066,0.41668220748101,0.51021665605815,"cognps_random_slope"
"12674","OPA3","Mic P2RY12",-0.406674736670043,4.94846045210685,0.869341323653807,0.351763254097126,0.800423560250359,0.852192409587331,"cognps_random_slope"
"12675","EML2","Mic P2RY12",-0.263879554108533,4.81467353095786,0.31424806879325,0.575434088667506,0.924900775009009,0.950322446996267,"cognps_random_slope"
"12676","SNRPD2","Mic P2RY12",0.550891945298441,3.72783739897318,0.709055856677079,0.562946879238868,0.921180945991167,0.947541181433825,"cognps_random_slope"
"12677","QPCTL","Mic P2RY12",-0.19670116365398,3.5783437762181,0.0796044463139689,0.804372014811418,0.993197797801506,0.999791880761836,"cognps_random_slope"
"12678","FBXO46","Mic P2RY12",0.411520575277601,4.22401177451652,0.806328822260068,0.489800295855432,0.883888768611236,0.918678554290124,"cognps_random_slope"
"12679","SYMPK","Mic P2RY12",0.0933308937998227,6.57398279755389,0.12751393362129,0.72123317867664,0.97571529536985,0.991463831658989,"cognps_random_slope"
"12680","MYPOP","Mic P2RY12",-0.221586895144536,4.47302898219383,0.202546562721316,0.652944301426427,0.954420308107869,0.973494108193761,"cognps_random_slope"
"12681","NOVA2","Mic P2RY12",1.11218830671208,3.00506692497755,1.52531615281859,0.217623041021184,0.698281577604405,0.764142105183633,"cognps_random_slope"
"12682","CCDC61","Mic P2RY12",-0.586277048375075,3.34368056171001,0.818275014508607,0.366290572283368,0.811562709840244,0.862405100667332,"cognps_random_slope"
"12683","IGFL4","Mic P2RY12",-0.226894038651202,2.52295785889796,0.0500885165874368,0.823036403357826,0.996726931048618,0.999791880761836,"cognps_random_slope"
"12684","HIF3A","Mic P2RY12",0.629325377541619,2.88594983980656,0.48222979748558,0.487862403037946,0.882892893919032,0.917696481781987,"cognps_random_slope"
"12685","PPP5C","Mic P2RY12",0.152440779494624,5.11108445757842,0.149078784424584,0.699645583076859,0.969981065546437,0.98526570223945,"cognps_random_slope"
"12686","PNMA8A","Mic P2RY12",1.35862022549019,3.74609490832365,3.73460112804497,0.0540813782930862,0.434347947711541,0.526344557013956,"cognps_random_slope"
"12687","PPP5D1","Mic P2RY12",0.679384833606393,4.78506644652608,1.78873502722742,0.181925601401038,0.657493253607149,0.729889000517839,"cognps_random_slope"
"12688","CALM3","Mic P2RY12",1.66733648264356,5.47961439808726,9.15076100323281,0.00266494192673921,0.109783640588684,0.157323411671763,"cognps_random_slope"
"12689","PTGIR","Mic P2RY12",0.15961605500316,3.12991156248435,0.024671807910467,0.875275761677026,0.999765323016076,0.999791880761836,"cognps_random_slope"
"12690","DACT3","Mic P2RY12",0.909370435706881,3.99213781071371,1.02920622725788,0.311027216691392,0.769107077146114,0.82860725412079,"cognps_random_slope"
"12691","PRKD2","Mic P2RY12",-0.18928086521858,5.40867887537874,0.211065056261905,0.646211483108029,0.952302504420343,0.971450149141196,"cognps_random_slope"
"12692","STRN4","Mic P2RY12",-0.141818224488756,4.98692216918896,0.168237441846052,0.723967101305197,0.976701705810179,0.992088396482231,"cognps_random_slope"
"12693","FKRP","Mic P2RY12",0.442428536730606,4.25675170803536,0.781379581407486,0.377310108222806,0.816856316687775,0.867801931984137,"cognps_random_slope"
"12694","SLC1A5","Mic P2RY12",-1.36664972042834,5.54017149140393,8.83072458922824,0.00316130735589247,0.114689167387329,0.164114857295177,"cognps_random_slope"
"12695","AP2S1","Mic P2RY12",-0.149195728337671,4.83825216076112,0.128140251090557,0.720578147385217,0.97571529536985,0.991463831658989,"cognps_random_slope"
"12696","ARHGAP35","Mic P2RY12",0.0181777110325828,7.26300120840463,0.0038943993995105,0.950274883983653,0.999765323016076,0.999791880761836,"cognps_random_slope"
"12697","TMEM160","Mic P2RY12",-0.0732970972106516,4.38210560696353,0.0136931386405128,0.906911361033431,0.999765323016076,0.999791880761836,"cognps_random_slope"
"12698","ZC3H4","Mic P2RY12",0.0302543158330369,5.11689041443957,0.00573866342275218,0.939656963418546,0.999765323016076,0.999791880761836,"cognps_random_slope"
"12699","SAE1","Mic P2RY12",0.680523916396742,5.50572661769192,3.49075018255742,0.0625255197528175,0.458951274985886,0.550388757611752,"cognps_random_slope"
"12700","BBC3","Mic P2RY12",-0.0965708487694141,3.28306582971434,0.0139893762214851,0.905914457984688,0.999765323016076,0.999791880761836,"cognps_random_slope"
"12701","CCDC9","Mic P2RY12",-0.24353934787975,3.43950237540844,0.127385790638441,0.721367419897665,0.97571529536985,0.991463831658989,"cognps_random_slope"
"12702","INAFM1","Mic P2RY12",0.781774009711675,3.54237629360052,1.27936279022979,0.258771260539601,0.733799859860673,0.794637250365552,"cognps_random_slope"
"12703","C5AR1","Mic P2RY12",-1.74243756235075,5.6565620596646,5.5037219433963,0.0195185116640686,0.275044768464966,0.36052620421377,"cognps_random_slope"
"12704","C5AR2","Mic P2RY12",-0.370705175154898,5.16289838318469,0.487486814795211,0.485501734097868,0.881786963332351,0.917123816429747,"cognps_random_slope"
"12705","DHX34","Mic P2RY12",-0.23496044553235,6.10559875000126,0.433722241933647,0.51058953338353,0.893368058693521,0.927802130259667,"cognps_random_slope"
"12706","SLC8A2","Mic P2RY12",1.15889142873242,3.2766654262308,2.23168486568394,0.136083186312654,0.60047716234246,0.677334558644058,"cognps_random_slope"
"12707","KPTN","Mic P2RY12",-0.648462451822491,3.54063829744202,0.951959765208439,0.393404273600435,0.825887411420564,0.875461390615122,"cognps_random_slope"
"12708","NAPA-AS1","Mic P2RY12",-0.0130203916206745,3.01755174562623,0.000121426975105709,0.99121408635684,0.999765323016076,0.999791880761836,"cognps_random_slope"
"12709","NAPA","Mic P2RY12",0.104412495963343,5.45646113583996,0.0753228481286719,0.957629478111812,0.999765323016076,0.999791880761836,"cognps_random_slope"
"12710","AC010331.1","Mic P2RY12",0.712640414299985,2.89002588097787,0.620477295050323,0.431388832276962,0.849278939524543,0.892479916749107,"cognps_random_slope"
"12711","BICRA-AS1","Mic P2RY12",0.462019208036424,2.77920790515465,0.23797949796512,0.870757779423314,0.999765323016076,0.999791880761836,"cognps_random_slope"
"12712","NOP53","Mic P2RY12",-0.100027981543808,4.16759286736352,0.0297629007311136,0.86312635583757,0.999765323016076,0.999791880761836,"cognps_random_slope"
"12713","SELENOW","Mic P2RY12",0.759803421025183,5.68933711769224,2.67904871883665,0.102551195120512,0.543197061584975,0.628414733384062,"cognps_random_slope"
"12714","PLA2G4C","Mic P2RY12",-0.880926222923853,4.50523351129221,1.19244356166326,0.275568221898098,0.747595304395617,0.807156757527948,"cognps_random_slope"
"12715","LIG1","Mic P2RY12",0.218055666569559,4.58955152634401,0.219722160550024,0.639535708227044,0.950271487556261,0.97040644005083,"cognps_random_slope"
"12716","ZSWIM9","Mic P2RY12",0.0875579546538362,4.38065774028003,0.0384146844486711,0.873816935792744,0.999765323016076,0.999791880761836,"cognps_random_slope"
"12717","CARD8","Mic P2RY12",-0.252343498699327,7.71858569630091,1.3232185324892,0.250779563827978,0.729501575487489,0.789201257695949,"cognps_random_slope"
"12718","AC011466.1","Mic P2RY12",-0.110689732468788,3.01786410481341,0.0179118327414493,0.893607837412717,0.999765323016076,0.999791880761836,"cognps_random_slope"
"12719","CARD8-AS1","Mic P2RY12",-0.658373886260548,3.42762027723922,0.925745368385435,0.336617414583003,0.789802354294789,0.84478471300065,"cognps_random_slope"
"12720","EMP3","Mic P2RY12",-1.3981772621864,3.56167770059435,3.33093195387111,0.0688177011280934,0.4766025906034,0.5674817380881,"cognps_random_slope"
"12721","TMEM143","Mic P2RY12",0.284663085002938,4.42252566894939,0.315711372021588,0.574546433243695,0.924900775009009,0.950322446996267,"cognps_random_slope"
"12722","KDELR1","Mic P2RY12",-0.745019203612952,4.8802972158185,3.94273958568879,0.0478330999853893,0.411696450163264,0.504867621334551,"cognps_random_slope"
"12723","GRIN2D","Mic P2RY12",0.278943079889524,3.37107774959109,0.132997507127563,0.715558496665369,0.975412307559,0.990595139180455,"cognps_random_slope"
"12724","GRWD1","Mic P2RY12",0.213177763524487,3.19248412363409,0.0961026435686419,0.756737276249001,0.983190954097967,0.995414674993652,"cognps_random_slope"
"12725","KCNJ14","Mic P2RY12",-0.080412291314028,3.68810208414168,0.0133803662496749,0.907975844821549,0.999765323016076,0.999791880761836,"cognps_random_slope"
"12726","CYTH2","Mic P2RY12",-0.422735745122176,4.35543337562088,0.87006201528744,0.351563947041402,0.800372223657189,0.852071532062675,"cognps_random_slope"
"12727","LMTK3","Mic P2RY12",-0.805835715771559,4.56731991950366,2.77261709148352,0.0967601473525985,0.535179851573405,0.621035493568437,"cognps_random_slope"
"12728","RPL18","Mic P2RY12",-0.966573194998291,6.28004629213385,3.31334442843903,0.0695505736113564,0.478937134484216,0.56992349430269,"cognps_random_slope"
"12729","SPHK2","Mic P2RY12",0.118152488468517,4.84682537385707,0.068556565462471,0.793600029595325,0.991704028031233,0.999791880761836,"cognps_random_slope"
"12730","DBP","Mic P2RY12",1.24932845877623,3.52900023281682,2.74499195129495,0.0984316973319957,0.537085983691398,0.622655055092548,"cognps_random_slope"
"12731","CA11","Mic P2RY12",-0.0895502183518664,3.90791408590187,0.0255707968626393,0.87304275964614,0.999765323016076,0.999791880761836,"cognps_random_slope"
"12732","BCAT2","Mic P2RY12",0.00478167090810272,4.56912937364545,0.00015520113712316,0.990067139408872,0.999765323016076,0.999791880761836,"cognps_random_slope"
"12733","HSD17B14","Mic P2RY12",-0.132334173520117,4.31733874394189,0.0526114170545131,0.81871035465675,0.995204567340528,0.999791880761836,"cognps_random_slope"
"12734","PLEKHA4","Mic P2RY12",0.101400269697065,2.78166752645854,0.0111545319142214,0.956219248700004,0.999765323016076,0.999791880761836,"cognps_random_slope"
"12735","PPP1R15A","Mic P2RY12",-1.37057312412927,4.76264854569429,1.39817300274114,0.237810895210648,0.718807920062899,0.780485497773095,"cognps_random_slope"
"12736","NUCB1","Mic P2RY12",0.0914091386582786,5.38333196104069,0.0469428314506878,0.828593880990775,0.99852595020559,0.999791880761836,"cognps_random_slope"
"12737","BAX","Mic P2RY12",-0.267489371596997,5.80334543314882,0.516539222597765,0.472788392429845,0.876028689879255,0.913594353237368,"cognps_random_slope"
"12738","FTL","Mic P2RY12",-0.993166176719528,9.10682182161514,3.3667783184497,0.0673495409244548,0.471662409246723,0.562183061092777,"cognps_random_slope"
"12739","GYS1","Mic P2RY12",0.357166093903715,5.68483545425906,0.632175247503476,0.427082966835008,0.847227655008257,0.891073178269958,"cognps_random_slope"
"12740","RUVBL2","Mic P2RY12",-0.0397699851023348,3.98090387086371,0.00297974389776686,0.956497783244755,0.999765323016076,0.999791880761836,"cognps_random_slope"
"12741","SNRNP70","Mic P2RY12",0.260733386013307,7.71428462992802,1.06280630827021,0.303268821803281,0.763833474593217,0.824163087209446,"cognps_random_slope"
"12742","LIN7B","Mic P2RY12",0.305907443754836,4.06535730734714,0.346411791077323,0.815615262675266,0.994998646801205,0.999791880761836,"cognps_random_slope"
"12743","PPFIA3","Mic P2RY12",0.227052893676491,3.51766718828562,0.126737008002278,0.722048248950288,0.97571529536985,0.991568360393753,"cognps_random_slope"
"12744","TRPM4","Mic P2RY12",0.747523661900672,4.57598819804679,2.31679016478459,0.128862658333972,0.588940468807355,0.666354407449888,"cognps_random_slope"
"12745","SLC6A16","Mic P2RY12",-0.405010907772527,3.65135724558617,0.325646716102325,0.568590155147553,0.922925953141032,0.948753778898485,"cognps_random_slope"
"12746","CD37","Mic P2RY12",-0.891587340882198,6.39516840968048,7.25551380014747,0.0073995312669436,0.170008734593119,0.235254947560008,"cognps_random_slope"
"12747","SLC17A7","Mic P2RY12",1.39111906237757,4.29648098184804,4.43730677720963,0.0358540316626486,0.3615348971491,0.454884155224768,"cognps_random_slope"
"12748","PIH1D1","Mic P2RY12",-0.173699400704288,5.15365580354778,0.184891980929023,0.971321858718035,0.999765323016076,0.999791880761836,"cognps_random_slope"
"12749","ALDH16A1","Mic P2RY12",0.00213863556690461,2.89602147744601,4.85923198392867e-06,0.9982423936235,0.999765323016076,0.999791880761836,"cognps_random_slope"
"12750","RPL13A","Mic P2RY12",-1.0086711380104,6.54184771437134,4.36212826464349,0.037449176477883,0.368708984399272,0.462989931210534,"cognps_random_slope"
"12751","RPS11","Mic P2RY12",-0.912535793221749,6.05412863220422,3.8797466352331,0.049639000528168,0.417939219384424,0.510316389867414,"cognps_random_slope"
"12752","FCGRT","Mic P2RY12",-0.125672750489849,6.88495597185156,0.146099245418213,0.702517059568611,0.971311357164335,0.986182132743233,"cognps_random_slope"
"12753","RCN3","Mic P2RY12",-0.133923734900556,5.30435935179484,0.0932277129795867,0.760289849271806,0.983190954097967,0.995414674993652,"cognps_random_slope"
"12754","NOSIP","Mic P2RY12",0.426529650160874,5.47747716608242,1.6314205780016,0.202330665006203,0.682464948841712,0.749191897844163,"cognps_random_slope"
"12755","PRR12","Mic P2RY12",0.108006149155182,5.58430346874752,0.101726799081467,0.749952334448355,0.982244103840787,0.994674014762625,"cognps_random_slope"
"12756","RRAS","Mic P2RY12",-0.582377212962468,3.1960208705263,0.541944022460219,0.462108078747635,0.868376242707705,0.90839989899311,"cognps_random_slope"
"12757","SCAF1","Mic P2RY12",-0.74863732478825,4.42413159001808,2.86079745639867,0.0916288065610137,0.525857762935381,0.610153299020831,"cognps_random_slope"
"12758","IRF3","Mic P2RY12",0.0463244249722182,6.02725322502503,0.0234813944058651,0.878297797522461,0.999765323016076,0.999791880761836,"cognps_random_slope"
"12759","BCL2L12","Mic P2RY12",-0.772838017743656,2.99371268331355,1.10053934325353,0.294852255508611,0.759527186981709,0.82022588576557,"cognps_random_slope"
"12760","PRMT1","Mic P2RY12",0.258706532318466,5.26521535620961,0.372574385461563,0.541989870674803,0.910123298286075,0.939148122050431,"cognps_random_slope"
"12761","CPT1C","Mic P2RY12",0.888237477881838,3.14762825085016,1.18997485490336,0.27606495758403,0.747595304395617,0.807469550139811,"cognps_random_slope"
"12762","AP2A1","Mic P2RY12",-0.169010154336801,5.60167418981852,0.277099623890612,0.59893305245207,0.936283425111275,0.958949202974935,"cognps_random_slope"
"12763","FUZ","Mic P2RY12",-0.295609200441822,2.84270732528899,0.12144746449674,0.961620349021128,0.999765323016076,0.999791880761836,"cognps_random_slope"
"12764","MED25","Mic P2RY12",0.448662467780529,4.5825867129898,0.980387767635379,0.322768806373734,0.777115482251961,0.834593730897562,"cognps_random_slope"
"12765","PTOV1","Mic P2RY12",0.441042510057336,5.01030543660076,1.08586770294957,0.298088612218898,0.761720364612185,0.822068227825695,"cognps_random_slope"
"12766","PNKP","Mic P2RY12",0.235528197616617,5.53296007607105,0.388134943413852,0.53367625996989,0.906317114252397,0.936394371625898,"cognps_random_slope"
"12767","TBC1D17","Mic P2RY12",0.310163816751709,4.95322893357527,0.491479073528762,0.483721626016477,0.881462467904707,0.916739510069731,"cognps_random_slope"
"12768","IL4I1","Mic P2RY12",0.170356489709215,3.88150858467013,0.0237321145440186,0.877654901756973,0.999765323016076,0.999791880761836,"cognps_random_slope"
"12769","AC011452.1","Mic P2RY12",-1.25619681616441,4.17616303388391,3.16617677046132,0.076022698758183,0.489378064542675,0.577387642042563,"cognps_random_slope"
"12770","ATF5","Mic P2RY12",0.228730668348667,4.62435885093716,0.0725199138831933,0.787856950659387,0.990886185623222,0.999791880761836,"cognps_random_slope"
"12771","VRK3","Mic P2RY12",0.732755530761864,5.26658622169026,4.39303387783721,0.0367845657293536,0.365541931273156,0.459268877840791,"cognps_random_slope"
"12772","ZNF473","Mic P2RY12",0.62564184603979,3.47825806193842,0.792188465546719,0.37403421468817,0.814548758605047,0.865816923855342,"cognps_random_slope"
"12773","KCNC3","Mic P2RY12",0.355267773241076,5.84362181315239,0.836081354459316,0.361132559727056,0.808821157474949,0.859365474861873,"cognps_random_slope"
"12774","NR1H2","Mic P2RY12",-0.756499850900153,4.99694035671907,3.45208188921228,0.0639891878109126,0.462773397654635,0.554433604610693,"cognps_random_slope"
"12775","POLD1","Mic P2RY12",0.20442823585105,3.1899682754879,0.0648284578834374,0.799166519383103,0.992143902613387,0.999791880761836,"cognps_random_slope"
"12776","MYBPC2","Mic P2RY12",0.601638228798917,2.3106778971363,0.244378038618302,0.621363620525053,0.944462324835258,0.965019437458618,"cognps_random_slope"
"12777","EMC10","Mic P2RY12",-0.586919871817389,5.10322596398437,2.21942775611013,0.137160035228298,0.601269752075375,0.678086167366028,"cognps_random_slope"
"12778","AC020909.2","Mic P2RY12",-1.83305531990606,2.55569101618181,2.14865409877875,0.143568707455084,0.609827374658516,0.68699278012833,"cognps_random_slope"
"12779","JOSD2","Mic P2RY12",-0.353817360127642,3.36067093057664,0.284227061067872,0.594273240033244,0.934067052508269,0.957334061918505,"cognps_random_slope"
"12780","LRRC4B","Mic P2RY12",1.23873210167454,3.07524768037377,2.11421151065436,0.156007060646565,0.626600078398338,0.705552493937171,"cognps_random_slope"
"12781","CLEC11A","Mic P2RY12",0.46008819123444,3.67254566076811,0.462520779472031,0.496885792317751,0.886417266087617,0.92129307139183,"cognps_random_slope"
"12782","C19orf48","Mic P2RY12",0.570641332030352,3.2914361273177,0.508777689313382,0.476131063516271,0.878511962299538,0.914630581722727,"cognps_random_slope"
"12783","CTU1","Mic P2RY12",-1.36269798147916,3.97484658416439,5.81235196458048,0.0164148500612989,0.252167185531587,0.334797904504991,"cognps_random_slope"
"12784","SIGLEC9","Mic P2RY12",-0.616011297451332,6.35247415222476,1.24224594472721,0.265782937825865,0.740490051934391,0.799263216391107,"cognps_random_slope"
"12785","SIGLEC7","Mic P2RY12",-0.728495921264015,4.36277861536795,0.802321547987743,0.370999317643425,0.812104761618872,0.863532460737016,"cognps_random_slope"
"12786","CD33","Mic P2RY12",-0.275287704210925,5.50044935191473,0.471853566914544,0.492578373465041,0.884735626300203,0.919835950448882,"cognps_random_slope"
"12787","IGLON5","Mic P2RY12",0.757871120543781,2.69745040812128,0.311671472375375,0.577003705903198,0.925381515942136,0.950961913137039,"cognps_random_slope"
"12788","ETFB","Mic P2RY12",0.447081042091294,3.63522509779461,0.532131107048604,0.46618711166638,0.8711997606249,0.910838700427579,"cognps_random_slope"
"12789","SIGLEC10","Mic P2RY12",0.477750713118707,6.53647633310449,1.02046359920452,0.313088243786143,0.770171910633485,0.829192133176773,"cognps_random_slope"
"12790","SIGLEC8","Mic P2RY12",-0.363949901159898,6.60930415052886,0.617330504902104,0.432558368637145,0.850082812451442,0.893452551350467,"cognps_random_slope"
"12791","ZNF175","Mic P2RY12",0.129982491050155,4.34905191115802,0.0798362924333124,0.777681935499414,0.989596352670679,0.999306881495258,"cognps_random_slope"
"12792","SPACA6","Mic P2RY12",-1.46327245836795,4.78970718800329,5.20096133482463,0.0231589103697358,0.297220738505179,0.386522391137933,"cognps_random_slope"
"12793","FPR1","Mic P2RY12",-0.745713306423109,5.53297227394693,1.19513932259708,0.275027085657856,0.747595304395617,0.807039651979222,"cognps_random_slope"
"12794","FPR2","Mic P2RY12",0.0287562092029832,3.05304626610265,0.000492429403388908,0.98230810296909,0.999765323016076,0.999791880761836,"cognps_random_slope"
"12795","FPR3","Mic P2RY12",-1.0718634925376,5.49991514373702,2.41473126807787,0.121078153417249,0.580110237377386,0.660503517595267,"cognps_random_slope"
"12796","ZNF577","Mic P2RY12",0.0658552247339127,5.09720795229386,0.0282225964109542,0.86668099991187,0.999765323016076,0.999791880761836,"cognps_random_slope"
"12797","ZNF649","Mic P2RY12",0.161721626573786,3.49544414497049,0.0635411325756657,0.93879873422139,0.999765323016076,0.999791880761836,"cognps_random_slope"
"12798","ZNF613","Mic P2RY12",-0.0362954094783881,3.26027603471674,0.0031167575974082,0.963534284487873,0.999765323016076,0.999791880761836,"cognps_random_slope"
"12799","ZNF350","Mic P2RY12",0.755197822855118,3.85684100911039,1.78957758768711,0.181822974706136,0.657493253607149,0.729889000517839,"cognps_random_slope"
"12800","ZNF615","Mic P2RY12",0.414591182255448,3.78860722796035,0.566454434223813,0.452163638465984,0.863908863777668,0.904661241634531,"cognps_random_slope"
"12801","ZNF614","Mic P2RY12",0.604550104559091,3.44662561631897,0.873392084655925,0.402758400176613,0.830596023863926,0.878526570330344,"cognps_random_slope"
"12802","ZNF432","Mic P2RY12",0.379938841004383,4.74105054027478,0.934798516025812,0.334268868377539,0.787534324730273,0.84346889010648,"cognps_random_slope"
"12803","ZNF616","Mic P2RY12",-0.373366134057871,4.08985193119239,0.544488602606058,0.461059643412964,0.867789365361957,0.907803576517925,"cognps_random_slope"
"12804","AC011468.3","Mic P2RY12",-2.75409249202105,2.93009285718564,6.79957954787793,0.0094977320539629,0.194571373502092,0.267670654594698,"cognps_random_slope"
"12805","ZNF836","Mic P2RY12",-0.26891579084414,3.84349802936442,0.238002985654552,0.625949484395397,0.945166089057208,0.966312731148605,"cognps_random_slope"
"12806","PPP2R1A","Mic P2RY12",0.262942136262246,5.51610024621407,0.67017047518458,0.478846510343883,0.880249943088941,0.915656876649944,"cognps_random_slope"
"12807","ZNF766","Mic P2RY12",0.155871796644842,5.31531102502444,0.209715115547862,0.888224465208699,0.999765323016076,0.999791880761836,"cognps_random_slope"
"12808","ZNF480","Mic P2RY12",0.238408414323073,4.81661392330503,0.319914385861839,0.596356284307315,0.93511989159524,0.95808998326772,"cognps_random_slope"
"12809","ZNF528","Mic P2RY12",0.459034429071397,3.73952354394032,0.556578148686107,0.456129626747961,0.865333388169053,0.905598852945087,"cognps_random_slope"
"12810","ZNF808","Mic P2RY12",0.144835767700685,4.35930984559949,0.096772019073871,0.882162141258489,0.999765323016076,0.999791880761836,"cognps_random_slope"
"12811","ZNF701","Mic P2RY12",0.374298460866748,4.79420716099332,0.892840487532755,0.345343118166001,0.795315883578378,0.84719919467383,"cognps_random_slope"
"12812","ZNF83","Mic P2RY12",0.0712449866736547,6.83062069800676,0.0729396486032092,0.787258687852936,0.990886185623222,0.999791880761836,"cognps_random_slope"
"12813","ZNF611","Mic P2RY12",0.362578316506182,6.2872368758753,1.64836594027573,0.200008041764683,0.678730759100662,0.746800480553954,"cognps_random_slope"
"12814","ZNF600","Mic P2RY12",-0.219760311302085,4.40728426738557,0.194157383322871,0.659743500477614,0.955616010372175,0.973693843731936,"cognps_random_slope"
"12815","ZNF28","Mic P2RY12",-0.418020906175517,4.33771883602806,0.841106251319215,0.359695190804305,0.807010757068222,0.85858423257629,"cognps_random_slope"
"12816","AC010487.3","Mic P2RY12",-0.642984206731666,3.87758992029816,1.41013291725093,0.342582710411112,0.793207781095303,0.845667393945533,"cognps_random_slope"
"12817","ZNF160","Mic P2RY12",0.207438903617423,6.14719434343696,0.416518860232049,0.519090729736574,0.89629685721204,0.929561911926069,"cognps_random_slope"
"12818","ZNF347","Mic P2RY12",0.702373816168334,4.5452735633588,2.37306608544794,0.124323793750841,0.582740912932112,0.66123352413604,"cognps_random_slope"
"12819","ZNF665","Mic P2RY12",0.279158465775046,3.74741470944021,0.18985323966677,0.663300205716844,0.957591202813347,0.975161600123002,"cognps_random_slope"
"12820","ZNF677","Mic P2RY12",-0.620083296158826,3.33102991319623,0.780400287943928,0.377608901539022,0.816910377307216,0.867843746648631,"cognps_random_slope"
"12821","ZNF845","Mic P2RY12",-0.105956610884808,3.59700511541634,0.0304945801274895,0.988614101135692,0.999765323016076,0.999791880761836,"cognps_random_slope"
"12822","ZNF525","Mic P2RY12",0.423083094417093,4.12367744314397,0.698932577334719,0.403697716125873,0.831916514501434,0.879273984161705,"cognps_random_slope"
"12823","ZNF765","Mic P2RY12",0.267918217800336,4.90631639323419,0.49297753723098,0.483056258912054,0.881429475600999,0.916739510069731,"cognps_random_slope"
"12824","ZNF761","Mic P2RY12",0.0908662856601351,5.67168198774727,0.0686042130092772,0.793529945945488,0.991704028031233,0.999791880761836,"cognps_random_slope"
"12825","ZNF813","Mic P2RY12",0.897666118033409,3.96778081178009,2.80538456693419,0.0948175985491667,0.532922140027557,0.617392277499695,"cognps_random_slope"
"12826","ZNF331","Mic P2RY12",-0.947153931314678,6.67607434990563,1.67937844669617,0.195838148071928,0.674402119521831,0.742675543448267,"cognps_random_slope"
"12827","MYADM","Mic P2RY12",-1.43191188363628,4.09977344470299,7.85630035176942,0.00533882105053513,0.149364386008813,0.20737654635706,"cognps_random_slope"
"12828","PRKCG","Mic P2RY12",1.77437402351842,3.19647598165021,4.39079261872509,0.0368323430918862,0.365541931273156,0.459268877840791,"cognps_random_slope"
"12829","CACNG8","Mic P2RY12",2.22580801448061,3.63614322019465,8.62765191929035,0.00352431348288729,0.121681667196369,0.175012439364965,"cognps_random_slope"
"12830","OSCAR","Mic P2RY12",-0.425990319422858,5.39174258216593,0.696098978169654,0.404651461032273,0.832587827418286,0.880075939511151,"cognps_random_slope"
"12831","NDUFA3","Mic P2RY12",0.0099875789796871,3.50386731010654,0.000463435595756309,0.982836762469845,0.999765323016076,0.999791880761836,"cognps_random_slope"
"12832","TFPT","Mic P2RY12",-0.705281668238743,3.68098282144831,1.67853432186667,0.195950285703292,0.674402119521831,0.742720106116463,"cognps_random_slope"
"12833","PRPF31","Mic P2RY12",-0.218312996910092,4.80377712952884,0.389270496233115,0.53307865782987,0.906222110364132,0.936267706926118,"cognps_random_slope"
"12834","CNOT3","Mic P2RY12",0.213738355312806,4.50458234337082,0.210467519675314,0.646678347849867,0.952302504420343,0.971617599873003,"cognps_random_slope"
"12835","LENG1","Mic P2RY12",-0.384342779053743,3.25843420120994,0.306267374927712,0.580323637909927,0.927107742697869,0.951730333765552,"cognps_random_slope"
"12836","TMC4","Mic P2RY12",0.618632931842413,2.6845400232382,0.285927295793037,0.593172752470223,0.933534082709634,0.956961229461436,"cognps_random_slope"
"12837","MBOAT7","Mic P2RY12",0.00704173613534593,5.89704364875571,0.000116647996457481,0.991388707704801,0.999765323016076,0.999791880761836,"cognps_random_slope"
"12838","TSEN34","Mic P2RY12",0.729411051018815,3.84007898671082,0.958078227859333,0.328329528128817,0.781740405134397,0.838554421741862,"cognps_random_slope"
"12839","RPS9","Mic P2RY12",-0.26835743012997,6.73357429421953,0.468943010222176,0.493914936010063,0.884891066701007,0.920335516646799,"cognps_random_slope"
"12840","LILRB3","Mic P2RY12",-0.445034498512247,5.06394488449739,0.253742609588773,0.614760455116132,0.940879358414831,0.963693961835164,"cognps_random_slope"
"12841","LILRA6","Mic P2RY12",1.28856087285184,2.8776743770275,1.13206143420099,0.288049937583862,0.754255972880221,0.814647163364235,"cognps_random_slope"
"12842","LILRB5","Mic P2RY12",-1.65258628354352,2.86772765865958,1.69934126683513,0.193208024021578,0.670637047090734,0.740026852677201,"cognps_random_slope"
"12843","LILRB2","Mic P2RY12",1.06181377645825,4.43782442691698,2.24298872378524,0.135098501226451,0.597904562396194,0.675043375476584,"cognps_random_slope"
"12844","LILRA4","Mic P2RY12",-1.86391518788568,3.63289841093615,4.2264480378273,0.0405200818535884,0.382801351565735,0.477050142765319,"cognps_random_slope"
"12845","LAIR1","Mic P2RY12",-0.103746355095083,7.1064226404575,0.0656493035102229,0.797926541049229,0.992143902613387,0.999791880761836,"cognps_random_slope"
"12846","TTYH1","Mic P2RY12",1.13983689875266,3.53285967529772,2.41256261947333,0.121244740840865,0.580493309041954,0.660503517595267,"cognps_random_slope"
"12847","LENG8-AS1","Mic P2RY12",0.655369280734466,4.11584471101685,1.59542856643333,0.207370550453666,0.688716913662845,0.754181167926746,"cognps_random_slope"
"12848","LENG8","Mic P2RY12",-0.142074467308816,7.24343961837725,0.182218479389027,0.669729039122327,0.960390254014357,0.977508744679141,"cognps_random_slope"
"12849","LENG9","Mic P2RY12",-1.56287997378531,2.95545511029607,3.5843643483089,0.0591282797126228,0.44989912477379,0.543094414862529,"cognps_random_slope"
"12850","KIR3DX1","Mic P2RY12",-0.3237126652399,3.26733773101823,0.124147085459204,0.724785844563063,0.976701705810179,0.992103026315284,"cognps_random_slope"
"12851","LILRA2","Mic P2RY12",-0.43938587754554,5.11587754665725,0.887052417213654,0.346909557902777,0.796050511208067,0.84730906678079,"cognps_random_slope"
"12852","LILRA1","Mic P2RY12",0.689100858997199,4.0344784819309,1.4263602117363,0.233146496193286,0.713984505367052,0.776523527356718,"cognps_random_slope"
"12853","LILRB1","Mic P2RY12",0.263445205827417,7.22805164745731,0.377425341491509,0.539372839963187,0.909199424949266,0.938428822115299,"cognps_random_slope"
"12854","LILRB4","Mic P2RY12",0.436202249672593,6.43862630084023,0.924681789049714,0.336894778248037,0.789840259499991,0.844859240409862,"cognps_random_slope"
"12855","AC011476.3","Mic P2RY12",0.811558232070824,4.36715709887659,1.3364191283015,0.248433858894536,0.727866668790048,0.788154931176009,"cognps_random_slope"
"12856","RDH13","Mic P2RY12",0.461634226418843,4.00631377465974,0.718728336920996,0.397125227294307,0.828429241452076,0.876968316775435,"cognps_random_slope"
"12857","PPP1R12C","Mic P2RY12",0.225861104710537,5.60594802276483,0.396265974378357,0.682674543196527,0.964626903561437,0.981124343492427,"cognps_random_slope"
"12858","SYT5","Mic P2RY12",2.80419098665602,3.00343945788863,7.14545907241247,0.00785786714989802,0.175213440392318,0.242612705647804,"cognps_random_slope"
"12859","TMEM86B","Mic P2RY12",0.164328318082059,3.41949055081338,0.054565959257537,0.815433424039706,0.994957963721761,0.999791880761836,"cognps_random_slope"
"12860","PPP6R1","Mic P2RY12",-0.187791740535933,6.00313627023984,0.434642445459646,0.510141645391063,0.893064427156843,0.927586369492823,"cognps_random_slope"
"12861","HSPBP1","Mic P2RY12",-0.217552910172112,3.51222693218843,0.120275653540805,0.731372164131684,0.978316173868542,0.992754357816929,"cognps_random_slope"
"12862","BRSK1","Mic P2RY12",0.922887902096893,3.35507840168786,1.65489284210609,0.199121827223995,0.677105813769094,0.745962233856748,"cognps_random_slope"
"12863","TMEM150B","Mic P2RY12",0.268753735441396,3.31305894837185,0.095626240133208,0.7573219085773,0.983190954097967,0.995414674993652,"cognps_random_slope"
"12864","KMT5C","Mic P2RY12",0.138448933936387,3.78307824269341,0.0568268045399513,0.811719254479557,0.994447726155304,0.999791880761836,"cognps_random_slope"
"12865","RPL28","Mic P2RY12",-0.928776222638333,6.71988969794347,3.36843498697179,0.0672825068967487,0.471575771403415,0.562183061092777,"cognps_random_slope"
"12866","UBE2S","Mic P2RY12",0.807261512736681,3.27672810927859,1.04047045325348,0.308397778283385,0.76785366002022,0.827095076785596,"cognps_random_slope"
"12867","ISOC2","Mic P2RY12",-1.40586155793725,3.39352284359601,3.06812525902119,0.080693913058959,0.502733207300376,0.590088962022131,"cognps_random_slope"
"12868","NAT14","Mic P2RY12",2.4973404177753,3.00976678631506,7.74136852851586,0.00568163355605068,0.152674796573943,0.211547649981078,"cognps_random_slope"
"12869","ZNF579","Mic P2RY12",-1.03604400584284,3.70689950174176,2.6854269339587,0.10214459615442,0.542599627793863,0.628056716734356,"cognps_random_slope"
"12870","FIZ1","Mic P2RY12",-1.15288743704856,3.11509064322849,2.52160354964409,0.113175108387786,0.565123250770661,0.648552904299494,"cognps_random_slope"
"12871","ZNF524","Mic P2RY12",-1.01797493857436,3.46470307697548,2.11137812526077,0.147079595074078,0.613906387967251,0.691770974029443,"cognps_random_slope"
"12872","ZNF865","Mic P2RY12",-0.147856657164433,4.61787238799758,0.124329002519015,0.724592511547894,0.976701705810179,0.992103026315284,"cognps_random_slope"
"12873","CCDC106","Mic P2RY12",0.89817423558873,3.10857099913239,1.39290862123526,0.238694569760016,0.719500467458302,0.781026866771649,"cognps_random_slope"
"12874","U2AF2","Mic P2RY12",-0.27769058589087,5.4249792230274,0.778711206798265,0.378125044281637,0.816948804422055,0.867843746648631,"cognps_random_slope"
"12875","AC008735.2","Mic P2RY12",0.279923076775369,3.21095064329332,0.128534491879939,0.900554960227537,0.999765323016076,0.999791880761836,"cognps_random_slope"
"12876","EPN1","Mic P2RY12",-0.12756033158863,5.49104460463549,0.11681450965554,0.732715055285201,0.978584259106735,0.993120241739745,"cognps_random_slope"
"12877","NLRP4","Mic P2RY12",1.58517343941424,3.24940512201705,1.2655627667012,0.261351013907348,0.73538817247855,0.796065864541977,"cognps_random_slope"
"12878","ZNF787","Mic P2RY12",0.121126233016459,5.24686864154373,0.0947185060692829,0.75844029405243,0.983190954097967,0.995414674993652,"cognps_random_slope"
"12879","ZNF444","Mic P2RY12",0.272112150915343,4.52635499640116,0.400648824407398,0.527156644489426,0.902686710043803,0.933234907735698,"cognps_random_slope"
"12880","ZSCAN5A","Mic P2RY12",0.503496293255009,6.12308017217487,1.986321218932,0.159590187016837,0.62960268995345,0.706937631044709,"cognps_random_slope"
"12881","EDDM13","Mic P2RY12",-1.55022436271426,2.82895915609298,2.34879366370433,0.126259196058155,0.585686376338701,0.664072210730131,"cognps_random_slope"
"12882","ZNF582","Mic P2RY12",0.752423571917857,3.2539842210392,1.14724435854774,0.284845038668363,0.753735515479165,0.813501012597768,"cognps_random_slope"
"12883","ZNF583","Mic P2RY12",0.656005798165456,4.05804972356874,1.4919455320443,0.222714948213289,0.703617320824958,0.768128303006396,"cognps_random_slope"
"12884","ZNF667","Mic P2RY12",1.4060420501076,3.04523932338146,2.40194288311579,0.122064199414452,0.581048777697984,0.660503517595267,"cognps_random_slope"
"12885","ZNF667-AS1","Mic P2RY12",0.70970806467298,3.15040726030361,0.705812519050277,0.401395648492163,0.829881589272977,0.878039616226327,"cognps_random_slope"
"12886","ZNF471","Mic P2RY12",0.410067789667467,3.65591744046203,0.381137488768996,0.537385789657439,0.907616211463409,0.937385200987536,"cognps_random_slope"
"12887","AC005498.3","Mic P2RY12",2.01206991510275,3.28153770801145,6.73073773722644,0.0098640971440226,0.198789792028176,0.272620986158279,"cognps_random_slope"
"12888","ZNF470","Mic P2RY12",-0.0554625501097641,3.29323491619443,0.00469485789555207,0.945410549890797,0.999765323016076,0.999791880761836,"cognps_random_slope"
"12889","ZNF71","Mic P2RY12",-0.236049541510718,3.33564444999974,0.114527313756727,0.842329921143682,0.999765323016076,0.999791880761836,"cognps_random_slope"
"12890","ZNF835","Mic P2RY12",0.162266593982109,2.49088552505046,0.0190735758936461,0.953829849073666,0.999765323016076,0.999791880761836,"cognps_random_slope"
"12891","AC006115.3","Mic P2RY12",0.81687273850608,3.36897060250354,1.14707987269616,0.284879515401983,0.753735515479165,0.813501012597768,"cognps_random_slope"
"12892","ZNF264","Mic P2RY12",0.256043849559404,4.92858503588087,0.40448761903645,0.525185246545027,0.901128200942344,0.93249246154348,"cognps_random_slope"
"12893","ZNF805","Mic P2RY12",0.0976105939643704,3.48990438041757,0.0238533696374567,0.983286417596969,0.999765323016076,0.999791880761836,"cognps_random_slope"
"12894","AC005261.3","Mic P2RY12",-0.256260201937211,3.21166170106906,0.12232175966752,0.955814796317696,0.999765323016076,0.999791880761836,"cognps_random_slope"
"12895","ZNF460-AS1","Mic P2RY12",1.02411202324256,3.20239624880843,1.83317952858515,0.176602671316224,0.647510916089937,0.723004651230449,"cognps_random_slope"
"12896","ZNF460","Mic P2RY12",0.516647005811454,3.30466478864433,0.495883739232327,0.676023180046763,0.962810601943974,0.980067760574701,"cognps_random_slope"
"12897","AC005261.1","Mic P2RY12",-0.32857818934625,5.18379541903925,0.731033334861409,0.976385922724525,0.999765323016076,0.999791880761836,"cognps_random_slope"
"12898","AC004076.1","Mic P2RY12",0.784075943893699,3.2604178403489,1.0563316044222,0.304744125657681,0.765393921666026,0.825532105063859,"cognps_random_slope"
"12899","ZNF549","Mic P2RY12",-0.628288427559861,3.93948678965216,1.20615821876323,0.272829054768236,0.745697838524862,0.805080313167337,"cognps_random_slope"
"12900","ZNF550","Mic P2RY12",0.0141463864482445,3.11155121354241,0.000481315399070916,0.982508860664001,0.999765323016076,0.999791880761836,"cognps_random_slope"
"12901","ZNF134","Mic P2RY12",0.42661980582502,3.26916522873632,0.40095571397165,0.52699855656899,0.902646684123343,0.933161076911816,"cognps_random_slope"
"12902","AC003006.1","Mic P2RY12",1.66387168563184,2.9866299659595,3.72912545295204,0.0542570304058742,0.434347947711541,0.526344557013956,"cognps_random_slope"
"12903","ZNF671","Mic P2RY12",0.583529913304784,2.92730695898523,0.413844007123747,0.520434842913516,0.897714934983141,0.930596097073457,"cognps_random_slope"
"12904","ZNF586","Mic P2RY12",0.176016219997166,5.2423531391013,0.13095785682374,0.717653497331683,0.975481744369803,0.990827860187382,"cognps_random_slope"
"12905","ZNF552","Mic P2RY12",0.267883818650701,4.18100549014043,0.259101069533476,0.611050561234555,0.939608556638471,0.962356612157391,"cognps_random_slope"
"12906","ZNF814","Mic P2RY12",1.07307511134653,4.15098689767074,3.25024349251503,0.072249859886978,0.481701677783777,0.572337698928994,"cognps_random_slope"
"12907","ZNF587","Mic P2RY12",-0.157016544453095,4.53033282007441,0.139275605071668,0.822842102527102,0.996726931048618,0.999791880761836,"cognps_random_slope"
"12908","ZNF606","Mic P2RY12",1.33981072046943,3.86884530347438,5.47913582373592,0.0197906142282803,0.27684135832274,0.362747477867138,"cognps_random_slope"
"12909","ZNF135","Mic P2RY12",0.514421780131154,2.98225006090033,0.291981383156042,0.58928807773849,0.931773521595925,0.955596578807635,"cognps_random_slope"
"12910","ZSCAN18","Mic P2RY12",0.990868218823414,4.70107176149857,4.24408256445568,0.0401063788358777,0.38145179757246,0.475528959114617,"cognps_random_slope"
"12911","ZNF329","Mic P2RY12",0.55245410564395,3.66950411008157,0.653240892738491,0.419490665173436,0.841605046184084,0.887205359811597,"cognps_random_slope"
"12912","ZNF274","Mic P2RY12",-0.29683224838384,5.0272147919347,0.421321429603641,0.516692717702659,0.89517764834303,0.92854546784169,"cognps_random_slope"
"12913","AC020915.3","Mic P2RY12",0.6759389939721,3.64944068676893,1.27735455517005,0.259144705028162,0.733799859860673,0.794637250365552,"cognps_random_slope"
"12914","ERVK3-1","Mic P2RY12",0.504898274072465,3.0123856384002,0.41923515894514,0.517732035035126,0.895820142221526,0.92917280129493,"cognps_random_slope"
"12915","AC010642.2","Mic P2RY12",-0.854423980657918,3.159805376689,1.30328338282828,0.296838082516862,0.760852419694021,0.821386151708703,"cognps_random_slope"
"12916","A1BG","Mic P2RY12",-0.976876240839974,3.29740100397243,1.70845213231261,0.192021440670216,0.669079388045129,0.738884345436085,"cognps_random_slope"
"12917","A1BG-AS1","Mic P2RY12",-0.179220356312006,3.72113659510256,0.0722331373177596,0.788266772121356,0.990886185623222,0.999791880761836,"cognps_random_slope"
"12918","RPS5","Mic P2RY12",-0.726110456460042,5.00432432579073,1.66210660519356,0.198147727915638,0.676727485014508,0.74543807054596,"cognps_random_slope"
"12919","ZNF324","Mic P2RY12",0.147976493040872,4.01029055267279,0.0771733652731002,0.781324800583719,0.990020960532974,0.999508397105588,"cognps_random_slope"
"12920","SLC27A5","Mic P2RY12",0.711006669406674,4.11087732821621,1.76392546716422,0.184977908898632,0.66053662815611,0.73185282653701,"cognps_random_slope"
"12921","ZBTB45","Mic P2RY12",-1.06977292132056,3.1295612235637,1.85136118062701,0.200499963340912,0.679367890956146,0.747894055843954,"cognps_random_slope"
"12922","TRIM28","Mic P2RY12",0.0464635997039013,5.07493618078517,0.0138903805084143,0.906246398590747,0.999765323016076,0.999791880761836,"cognps_random_slope"
"12923","CHMP2A","Mic P2RY12",-0.252755429196695,3.92712202272295,0.18126592462227,0.670542255440081,0.960390254014357,0.977569136706791,"cognps_random_slope"
"12924","UBE2M","Mic P2RY12",-0.74406252907258,4.2232035165102,2.0459653459183,0.153478406529052,0.622158283448558,0.700588416079682,"cognps_random_slope"
"12925","MZF1-AS1","Mic P2RY12",0.107976297425061,4.09700405309317,0.0442082756675774,0.833585666010089,0.999366959106503,0.999791880761836,"cognps_random_slope"
"12926","MZF1","Mic P2RY12",0.474130225273395,5.92340050878702,2.045623212152,0.153512696060399,0.622158283448558,0.700588416079682,"cognps_random_slope"
"12927","RPS4Y1","Mic P2RY12",2.26366677351991,4.77970037612537,2.07114573112487,0.150978508288203,0.618924132630838,0.696503063097512,"cognps_random_slope"
"12928","ZFY","Mic P2RY12",2.36964934676924,4.56255291239981,2.26551602820404,0.133159902076324,0.593685688690808,0.671451491773456,"cognps_random_slope"
"12929","LINC00278","Mic P2RY12",2.31660689627149,7.01683880081678,1.46854310710814,0.226371302900961,0.706583534051226,0.769637329131246,"cognps_random_slope"
"12930","PCDH11Y","Mic P2RY12",2.09695840308975,3.27406840841255,5.17773681458254,0.0234658768783992,0.298072242698983,0.387290039695102,"cognps_random_slope"
"12931","TTTY15","Mic P2RY12",1.74446714802906,4.59374256325249,1.23045752494901,0.268059295116752,0.742629786098211,0.802125833574982,"cognps_random_slope"
"12932","USP9Y","Mic P2RY12",2.16364712492464,6.30342142947447,1.70939921778364,0.191898584563158,0.669079388045129,0.738884345436085,"cognps_random_slope"
"12933","DDX3Y","Mic P2RY12",1.10096865016063,4.74141917752835,0.444628165768854,0.50532462810091,0.891090914075268,0.925603545137578,"cognps_random_slope"
"12934","UTY","Mic P2RY12",2.14184154425201,7.14112292894217,1.31496646587483,0.252259783869214,0.729640057414039,0.789778756746484,"cognps_random_slope"
"12935","NLGN4Y","Mic P2RY12",2.49884009411752,6.63932000156199,1.97538875168434,0.160740329930122,0.631140100027415,0.708390218253214,"cognps_random_slope"
"12936","TTTY14","Mic P2RY12",2.82875114694769,6.9954521750254,2.27910742809562,0.132005389096734,0.592557770886728,0.670052632173139,"cognps_random_slope"
"12937","KDM5D","Mic P2RY12",1.99874327030517,4.77190061338586,1.556894299274,0.212932376170506,0.693346970234074,0.759424369275991,"cognps_random_slope"
"12938","TTTY10","Mic P2RY12",1.90711120800115,3.37399027113649,1.85328468726869,0.174254172087691,0.646420631530528,0.722173203526035,"cognps_random_slope"
"12939","EIF1AY","Mic P2RY12",1.89543584813764,3.18546399179738,1.66137880129111,0.198245750887583,0.676806202965255,0.745654063023116,"cognps_random_slope"
"12940","AP000547.3","Mic P2RY12",-0.422419798339549,3.25102322842131,0.238058355039311,0.625909328703329,0.945166089057208,0.966312731148605,"cognps_random_slope"
"12941","IL17RA","Mic P2RY12",-0.111435409439837,8.73231395659953,0.0854282634949305,0.770240225006019,0.986443273387328,0.997526881305537,"cognps_random_slope"
"12942","TMEM121B","Mic P2RY12",-0.360300088313264,4.23929103730621,0.291903784070427,0.589337539664731,0.931773521595925,0.955596578807635,"cognps_random_slope"
"12943","LINC01664","Mic P2RY12",1.09342048742153,3.13053058451026,1.62670320568668,0.20298291027592,0.682946015718705,0.749344966787393,"cognps_random_slope"
"12944","HDHD5","Mic P2RY12",0.0637414428686311,5.7315305070462,0.0228423298346023,0.879952551000295,0.999765323016076,0.999791880761836,"cognps_random_slope"
"12945","HDHD5-AS1","Mic P2RY12",1.52296052912198,2.98606459335487,2.89516217476687,0.0897101415323773,0.520468189660348,0.605219284704447,"cognps_random_slope"
"12946","ADA2","Mic P2RY12",0.27359350333157,6.1310520837137,0.392527661734677,0.531371221806759,0.905503589823643,0.935221650609795,"cognps_random_slope"
"12947","CECR2","Mic P2RY12",1.03182607261537,6.12459940869667,2.12660668823698,0.145633668158021,0.612508854637727,0.689771228702223,"cognps_random_slope"
"12948","ATP6V1E1","Mic P2RY12",0.446968885514294,5.69100501082614,1.89192721152177,0.169840843931253,0.642041509033208,0.719645980681633,"cognps_random_slope"
"12949","BCL2L13","Mic P2RY12",-0.0548406837350694,6.28406304849616,0.0412725903565011,0.843982008167675,0.999765323016076,0.999791880761836,"cognps_random_slope"
"12950","BID","Mic P2RY12",0.46796272126465,6.19819726145536,1.39630984683582,0.238123186895049,0.718888197917372,0.780529108831442,"cognps_random_slope"
"12951","MICAL3","Mic P2RY12",0.313323434376091,5.99989631273406,0.943468567156392,0.332040240303107,0.785467124501666,0.841579226265716,"cognps_random_slope"
"12952","PEX26","Mic P2RY12",-0.0410622839005099,5.45039233554919,0.0182134931470653,0.892721076895226,0.999765323016076,0.999791880761836,"cognps_random_slope"
"12953","TUBA8","Mic P2RY12",0.277242256105114,2.71568893428818,0.08336597758125,0.828281150646524,0.99852595020559,0.999791880761836,"cognps_random_slope"
"12954","USP18","Mic P2RY12",-0.144630869318334,3.09606787917287,0.0208023704487,0.885399429276892,0.999765323016076,0.999791880761836,"cognps_random_slope"
"12955","AC007326.4","Mic P2RY12",0.788791172687437,2.78048112242126,0.761761550425916,0.383360179118622,0.819964831465028,0.870109419832553,"cognps_random_slope"
"12956","DGCR2","Mic P2RY12",0.0924780612979201,6.27229055578053,0.123767766600865,0.725189479963771,0.976709971959245,0.992103026315284,"cognps_random_slope"
"12957","ESS2","Mic P2RY12",0.623711641983506,3.28534870055063,0.805279175253075,0.370120002078599,0.812104761618872,0.863532460737016,"cognps_random_slope"
"12958","SLC25A1","Mic P2RY12",-0.752191520737026,3.73196810654808,1.57907787881444,0.209709170551833,0.690585692519488,0.756679341546191,"cognps_random_slope"
"12959","CLTCL1","Mic P2RY12",-0.921163895166263,3.78731234906027,2.65461438629454,0.104125373175105,0.547242234311528,0.632466026022023,"cognps_random_slope"
"12960","HIRA","Mic P2RY12",-0.0821970935002835,4.95961753522363,0.0411521561915023,0.875693527799923,0.999765323016076,0.999791880761836,"cognps_random_slope"
"12961","MRPL40","Mic P2RY12",0.353162544174516,3.18329202068362,0.174737113971954,0.676185132344138,0.962810601943974,0.980067760574701,"cognps_random_slope"
"12962","UFD1","Mic P2RY12",-0.446498394911132,4.8174239012024,1.38788286988077,0.239541922084419,0.720723237057318,0.781770792326754,"cognps_random_slope"
"12963","GNB1L","Mic P2RY12",-0.91101900213743,3.78286354045152,2.86428111734886,0.145172874786925,0.612068924993631,0.689144479438642,"cognps_random_slope"
"12964","TXNRD2","Mic P2RY12",-0.181274481589978,4.70108299468308,0.203220647253087,0.652405369942756,0.954420308107869,0.973494108193761,"cognps_random_slope"
"12965","COMT","Mic P2RY12",-0.106243900862111,6.19055939513381,0.103408830468684,0.990903564440627,0.999765323016076,0.999791880761836,"cognps_random_slope"
"12966","TANGO2","Mic P2RY12",0.068525098828652,7.03430465168245,0.0540392999215284,0.816310233604936,0.995084767910246,0.999791880761836,"cognps_random_slope"
"12967","AC006547.1","Mic P2RY12",-0.0613291901192569,3.98717219774045,0.00886664595544989,0.925032219781426,0.999765323016076,0.999791880761836,"cognps_random_slope"
"12968","DGCR8","Mic P2RY12",-0.628498709438335,5.18516372735708,2.99773392515882,0.0842386676285129,0.507249839407335,0.594787555439735,"cognps_random_slope"
"12969","TRMT2A","Mic P2RY12",-0.53336356106945,4.21314945437449,1.25391458664544,0.263553426344808,0.737498322498804,0.796999279104942,"cognps_random_slope"
"12970","RANBP1","Mic P2RY12",-0.61120032539186,4.07830620450774,1.27023731556183,0.260473599482941,0.73470989405828,0.795715081347276,"cognps_random_slope"
"12971","ZDHHC8","Mic P2RY12",0.183437762970894,4.73064400625845,0.230908437815972,0.631143230718083,0.948140104098994,0.96810028150999,"cognps_random_slope"
"12972","RTN4R","Mic P2RY12",2.01058461777358,2.69872761008588,3.59201254214225,0.0588595781287423,0.44989912477379,0.543094414862529,"cognps_random_slope"
"12973","DGCR6L","Mic P2RY12",-0.241623313068957,3.24750712713788,0.118861871564969,0.730473708802187,0.977935907494009,0.992754357816929,"cognps_random_slope"
"12974","ZNF74","Mic P2RY12",0.429814997259817,3.33847837767902,0.380950745179077,0.537485430503217,0.907616211463409,0.937387563293497,"cognps_random_slope"
"12975","KLHL22","Mic P2RY12",0.369729215091444,5.9008917013442,1.41518687873198,0.234982042107196,0.71611648440475,0.778273747742187,"cognps_random_slope"
"12976","MED15","Mic P2RY12",-0.20248014016454,6.87848902799566,0.666474572666098,0.414823864693749,0.83948272587752,0.885457681264967,"cognps_random_slope"
"12977","PI4KA","Mic P2RY12",0.161300979396096,7.77752656301026,0.687704488879713,0.407496353706824,0.834389889239559,0.882108889845374,"cognps_random_slope"
"12978","SNAP29","Mic P2RY12",0.1706560603105,5.28555276968449,0.200580549929571,0.654522318124125,0.955370175926522,0.973537836851373,"cognps_random_slope"
"12979","CRKL","Mic P2RY12",-0.60177546272641,5.08952905457853,2.57931840851758,0.109145946795034,0.560137237906203,0.644329764465576,"cognps_random_slope"
"12980","LINC01637","Mic P2RY12",0.935673169193812,3.89608630710809,2.71193263655353,0.100473766609428,0.540500040521822,0.625940567937586,"cognps_random_slope"
"12981","LZTR1","Mic P2RY12",0.49558559945815,4.93923309804648,1.49279004175072,0.222584336348295,0.703617320824958,0.768101325922903,"cognps_random_slope"
"12982","THAP7","Mic P2RY12",-1.03955415097903,3.19746500649918,1.90068077809743,0.168859089478516,0.64031710755563,0.718288334394934,"cognps_random_slope"
"12983","HIC2","Mic P2RY12",0.822924149081014,5.31431800415854,5.09597979658692,0.0245806494632405,0.304679478379104,0.394989837597118,"cognps_random_slope"
"12984","UBE2L3","Mic P2RY12",-0.298125772271495,6.28046265115026,1.34001653587571,0.247799292419628,0.727506673637925,0.787883147226809,"cognps_random_slope"
"12985","YDJC","Mic P2RY12",-0.0710995592339699,3.62250592110175,0.0116321835204248,0.914172762128854,0.999765323016076,0.999791880761836,"cognps_random_slope"
"12986","SDF2L1","Mic P2RY12",0.0294790577287249,4.37201239130181,0.000965726008932752,0.975226063033835,0.999765323016076,0.999791880761836,"cognps_random_slope"
"12987","PPIL2","Mic P2RY12",0.284633566383364,5.92795666702689,0.925647723132165,0.336642866034761,0.789802354294789,0.84478471300065,"cognps_random_slope"
"12988","YPEL1","Mic P2RY12",0.967085365255466,4.0327258734253,1.75714447706403,0.185822519536095,0.66158543684995,0.733047892028218,"cognps_random_slope"
"12989","MAPK1","Mic P2RY12",-0.335881583032277,7.49618774970187,3.23844189847804,0.0821132017591544,0.505420462602119,0.593030725533821,"cognps_random_slope"
"12990","PPM1F","Mic P2RY12",0.0084969243497486,6.38791179139651,0.000714665540845837,0.980308069039912,0.999765323016076,0.999791880761836,"cognps_random_slope"
"12991","AC245452.1","Mic P2RY12",0.462037824823822,3.03201244201483,0.300519252210598,0.583897195919207,0.928539969445033,0.952730433891673,"cognps_random_slope"
"12992","TOP3B","Mic P2RY12",0.53056050324373,4.56660161480865,1.78121221899889,0.182844895672683,0.658456574400359,0.730527781796228,"cognps_random_slope"
"12993","AC245060.5","Mic P2RY12",-0.925791162095827,4.79270444391444,1.56704165289554,0.211450735653421,0.691978341511965,0.758015079552612,"cognps_random_slope"
"12994","ZNF280B","Mic P2RY12",-0.209936690547027,3.06711839513558,0.0609340578805855,0.805166518355979,0.993231645669267,0.999791880761836,"cognps_random_slope"
"12995","GNAZ","Mic P2RY12",0.873493298201252,2.70730674864349,0.740740565695906,0.389997175029536,0.82465061080051,0.873310122272634,"cognps_random_slope"
"12996","BCR","Mic P2RY12",0.330164451351121,5.1967871525404,0.629818128163819,0.427945342895039,0.847855638695508,0.891437471640826,"cognps_random_slope"
"12997","DRICH1","Mic P2RY12",0.297677553682155,2.96977024131943,0.140504046296065,0.708001383093596,0.973207309924008,0.988354461037649,"cognps_random_slope"
"12998","ZNF70","Mic P2RY12",1.16277216149676,3.51991348760637,2.84022264707706,0.0927989310929355,0.52784315601716,0.612635988723348,"cognps_random_slope"
"12999","CHCHD10","Mic P2RY12",0.178043800454938,5.39196277143666,0.178428053660763,0.672980071636823,0.961882032850369,0.979103379964061,"cognps_random_slope"
"13000","SMARCB1","Mic P2RY12",0.1531983095534,5.41275120793596,0.211743296303715,0.645682532635941,0.952006999653894,0.971281950306815,"cognps_random_slope"
"13001","DERL3","Mic P2RY12",0.457250957631947,3.41316710789632,0.2347782851495,0.628298186753597,0.946972832913153,0.967884019156805,"cognps_random_slope"
"13002","GSTT2B","Mic P2RY12",-0.180147455198675,4.08662492295033,0.103308195859688,0.748081939323466,0.982244103840787,0.994674014762625,"cognps_random_slope"
"13003","DDT","Mic P2RY12",0.874068546716227,3.89886851369416,2.32948413172133,0.127822902895158,0.588279080112865,0.665657920588163,"cognps_random_slope"
"13004","CABIN1","Mic P2RY12",0.212655270130376,6.50459565742977,0.501844262454035,0.479149802771527,0.880445153838096,0.916003756761136,"cognps_random_slope"
"13005","GUCD1","Mic P2RY12",-0.915188509274524,3.64515005941657,2.84374507912388,0.092597453131573,0.527592886656552,0.612635988723348,"cognps_random_slope"
"13006","SNRPD3","Mic P2RY12",-0.497257856856868,4.49922234812395,1.42970395154193,0.232600572288594,0.713984505367052,0.776521381336779,"cognps_random_slope"
"13007","SGSM1","Mic P2RY12",2.20316661283198,4.32383494016274,10.6075531730604,0.00123339746096962,0.0747907664002438,0.105729831777795,"cognps_random_slope"
"13008","KIAA1671","Mic P2RY12",1.17048688694095,3.69882555992578,2.7094575081683,0.100628513641902,0.54070678079997,0.626012649022261,"cognps_random_slope"
"13009","LRP5L","Mic P2RY12",-0.0733285308060175,4.2553404769334,0.0110014076821251,0.916523475971632,0.999765323016076,0.999791880761836,"cognps_random_slope"
"13010","GRK3","Mic P2RY12",-0.152519815012608,8.54609902925035,0.266765679210108,0.605827127690797,0.938251396993456,0.96063951285617,"cognps_random_slope"
"13011","SEZ6L","Mic P2RY12",0.676646498936848,4.67220236635355,1.32709490991,0.250087928864498,0.729301365236868,0.789201257695949,"cognps_random_slope"
"13012","ASPHD2","Mic P2RY12",-1.00774125698352,3.44388018341859,1.78096421365884,0.182875294013231,0.658456574400359,0.730527781796228,"cognps_random_slope"
"13013","HPS4","Mic P2RY12",0.0347412363147085,5.91519390148002,0.0125835781279011,0.910746008797176,0.999765323016076,0.999791880761836,"cognps_random_slope"
"13014","TFIP11","Mic P2RY12",-0.448188067509145,4.1594090341209,0.936911781681227,0.362321834782912,0.809245817987633,0.860209115962589,"cognps_random_slope"
"13015","TPST2","Mic P2RY12",0.363196144865202,5.87735372506794,1.26274019836154,0.261882590184422,0.73538817247855,0.796065864541977,"cognps_random_slope"
"13016","CRYBB1","Mic P2RY12",0.90116788234287,2.81694875769431,0.840263292123528,0.359935766519279,0.807145114980733,0.858794777878839,"cognps_random_slope"
"13017","MIAT","Mic P2RY12",2.25777369092137,3.21722691744001,7.25577679818082,0.00739846951046547,0.170008734593119,0.235254947560008,"cognps_random_slope"
"13018","MIATNB","Mic P2RY12",0.270129101080735,5.65744501784939,0.679235416807721,0.410396384286096,0.836655446793785,0.883292616507662,"cognps_random_slope"
"13019","Z97353.2","Mic P2RY12",2.19689022521473,2.94694178171515,5.24042844053829,0.0226468155618855,0.294635651496423,0.382685966710281,"cognps_random_slope"
"13020","MN1","Mic P2RY12",-0.997989826884924,3.05346574984032,1.32301864848323,0.250815291527736,0.729501575487489,0.789201257695949,"cognps_random_slope"
"13021","PITPNB","Mic P2RY12",0.023465910796388,7.12538832284803,0.00778341801557267,0.929748001778501,0.999765323016076,0.999791880761836,"cognps_random_slope"
"13022","TTC28","Mic P2RY12",0.198853940147985,8.59996351481663,0.503142782264432,0.4785820627462,0.880246805223967,0.915656876649944,"cognps_random_slope"
"13023","CHEK2","Mic P2RY12",0.214212955029053,5.5350375752143,0.273400962069068,0.601381431966104,0.936283425111275,0.959054741582592,"cognps_random_slope"
"13024","HSCB","Mic P2RY12",-0.0359964109836651,5.85559480977155,0.0124561692872935,0.911197119362645,0.999765323016076,0.999791880761836,"cognps_random_slope"
"13025","CCDC117","Mic P2RY12",0.252711624972807,4.55752325048359,0.222099812718797,0.63773036067291,0.950271487556261,0.970357720549608,"cognps_random_slope"
"13026","XBP1","Mic P2RY12",-0.806893937477513,5.85834292695629,1.35918501080607,0.244451388460871,0.726015073757385,0.786858445581145,"cognps_random_slope"
"13027","Z93930.2","Mic P2RY12",0.456822513857178,5.93904252176751,1.23379313084919,0.267412721982219,0.742629786098211,0.801704762910789,"cognps_random_slope"
"13028","ZNRF3","Mic P2RY12",0.453938734730943,5.50380617926667,1.02040024743274,0.313103243722948,0.770171910633485,0.829192133176773,"cognps_random_slope"
"13029","KREMEN1","Mic P2RY12",-0.417658193171439,3.00767256371219,0.207067420393211,0.649350285702583,0.953989866394996,0.972666413604726,"cognps_random_slope"
"13030","EMID1","Mic P2RY12",1.55500142953304,6.14385343690909,6.72791759763938,0.0098794120954231,0.198789792028176,0.272620986158279,"cognps_random_slope"
"13031","RHBDD3","Mic P2RY12",0.287034148622135,4.28523308025223,0.33065167177907,0.565635175893778,0.922711745849364,0.948662598709496,"cognps_random_slope"
"13032","EWSR1","Mic P2RY12",-0.279937630530302,6.87946280497051,1.82485725861929,0.177585506137016,0.649327722018306,0.724121041030752,"cognps_random_slope"
"13033","GAS2L1","Mic P2RY12",-0.0166354775366906,3.50112451904017,0.000234417844453771,0.987792788333483,0.999765323016076,0.999791880761836,"cognps_random_slope"
"13034","RASL10A","Mic P2RY12",1.56004322918173,4.41151225812747,4.56697538949613,0.0332682434504413,0.350570895142168,0.443421255623102,"cognps_random_slope"
"13035","AP1B1","Mic P2RY12",0.329173793713592,8.47229740912321,1.93834129393389,0.164709038805857,0.636488914749871,0.713766152264858,"cognps_random_slope"
"13036","RFPL1S","Mic P2RY12",1.94003362915714,5.27675014482533,15.8662870751975,8.22978307075034e-05,0.0225356619741144,0.0351553024666095,"cognps_random_slope"
"13037","NEFH","Mic P2RY12",-0.527814273915414,3.14044875955472,0.351854871036023,0.553437852812748,0.915245752257084,0.943038811492407,"cognps_random_slope"
"13038","THOC5","Mic P2RY12",-0.260456247775906,4.64670607277756,0.441425057877323,0.506861209766395,0.891301972336335,0.92595300009589,"cognps_random_slope"
"13039","NIPSNAP1","Mic P2RY12",0.89944203430257,3.8771845899646,2.6891927533508,0.101905363833904,0.542297395179737,0.62791771474925,"cognps_random_slope"
"13040","NF2","Mic P2RY12",0.0515176266588448,5.95080758577867,0.0342080719019339,0.853369185047384,0.999765323016076,0.999791880761836,"cognps_random_slope"
"13041","ZMAT5","Mic P2RY12",-0.242386239138916,4.11872698863577,0.216289109855785,0.850263463902846,0.999765323016076,0.999791880761836,"cognps_random_slope"
"13042","UQCR10","Mic P2RY12",-0.317944000900863,4.73638099078683,0.340830041004319,0.559716477789867,0.919035785210717,0.945778925946953,"cognps_random_slope"
"13043","ASCC2","Mic P2RY12",-0.114018904174722,6.3637938150465,0.219122346918382,0.639993027407867,0.950500871658043,0.97040644005083,"cognps_random_slope"
"13044","MTMR3","Mic P2RY12",0.0795201111753405,7.7022457586784,0.163137132590611,0.686524575801337,0.966297220913109,0.982635509260221,"cognps_random_slope"
"13045","OSM","Mic P2RY12",-0.450178243808433,2.88727656270266,0.114876938264568,0.73485650810577,0.979297142514461,0.993722407344324,"cognps_random_slope"
"13046","TBC1D10A","Mic P2RY12",-0.326884619369056,4.77003261245066,0.504956288166528,0.477791001148437,0.879636929027367,0.915268767175759,"cognps_random_slope"
"13047","SF3A1","Mic P2RY12",-0.194414068091871,4.27437501402356,0.19731655063995,0.657162797231597,0.955612931885691,0.973592644066785,"cognps_random_slope"
"13048","CCDC157","Mic P2RY12",-1.27702730142786,2.90500589618718,2.08576981918523,0.1495478846792,0.616264207437258,0.693736020595179,"cognps_random_slope"
"13049","RNF215","Mic P2RY12",0.0551828735733311,4.84566854582528,0.0211430373003743,0.884471429736882,0.999765323016076,0.999791880761836,"cognps_random_slope"
"13050","PES1","Mic P2RY12",-1.82142203048892,4.16508580216773,12.7112038960624,0.000412564171508008,0.0412594959879016,0.0624245587023359,"cognps_random_slope"
"13051","TCN2","Mic P2RY12",-1.42690197719123,2.67966798373528,2.16957708458063,0.141639606432559,0.607522169746072,0.683924724934095,"cognps_random_slope"
"13052","SLC35E4","Mic P2RY12",1.36689995025276,3.53546758758091,4.1290961654982,0.0428864340575898,0.393309690172992,0.486852253353125,"cognps_random_slope"
"13053","DUSP18","Mic P2RY12",-0.506998024150904,5.16338225057221,1.31767611777269,0.251772554124528,0.729501575487489,0.789459281326494,"cognps_random_slope"
"13054","OSBP2","Mic P2RY12",-0.171234328226171,4.92429780587636,0.0852547443408402,0.77046710410957,0.986443273387328,0.997526881305537,"cognps_random_slope"
"13055","MORC2","Mic P2RY12",0.455177288803025,4.75756223057624,1.35937934286246,0.370418798786208,0.812104761618872,0.863532460737016,"cognps_random_slope"
"13056","SMTN","Mic P2RY12",-0.396505221880366,2.87604051499131,0.217771456804703,0.641025796517254,0.950874323474461,0.970806423495585,"cognps_random_slope"
"13057","SELENOM","Mic P2RY12",-0.740538736555036,3.43785639639234,0.965543526550587,0.326454722122569,0.780381685901633,0.837115754123445,"cognps_random_slope"
"13058","RNF185","Mic P2RY12",-0.220999461378456,5.20209211004496,0.412816110270668,0.69278847813676,0.96818042322557,0.984448756570333,"cognps_random_slope"
"13059","LIMK2","Mic P2RY12",0.023242049814472,7.62662424361733,0.000605100882263381,0.980388621120578,0.999765323016076,0.999791880761836,"cognps_random_slope"
"13060","PIK3IP1","Mic P2RY12",-0.76465531260788,6.16224397791957,2.01772574926705,0.156338233327408,0.627017820232642,0.705703039878475,"cognps_random_slope"
"13061","PIK3IP1-AS1","Mic P2RY12",-0.915384838582008,4.70639618494035,3.29396494943828,0.070367844315186,0.47989795504723,0.571326340789623,"cognps_random_slope"
"13062","PATZ1","Mic P2RY12",0.129283139446835,5.14874765703779,0.138636359278709,0.709859756214622,0.973488894113894,0.988890731326174,"cognps_random_slope"
"13063","DRG1","Mic P2RY12",0.131452404606952,5.33484540949203,0.148143703143275,0.877858673611484,0.999765323016076,0.999791880761836,"cognps_random_slope"
"13064","EIF4ENIF1","Mic P2RY12",-0.268859752329358,5.62154795293857,0.80727484005729,0.369528327902468,0.812104761618872,0.863532460737016,"cognps_random_slope"
"13065","SFI1","Mic P2RY12",0.107778622706153,5.12658387281404,0.0765109769509918,0.782241424954025,0.990020960532974,0.999508397105588,"cognps_random_slope"
"13066","PISD","Mic P2RY12",-0.310622498408223,6.18097981168182,0.971429229271271,0.324986623489843,0.779207974460655,0.836229370741199,"cognps_random_slope"
"13067","PRR14L","Mic P2RY12",0.415948517600411,7.23241996680194,2.77512406039052,0.0966099997662606,0.535179851573405,0.620887241941376,"cognps_random_slope"
"13068","Z82190.2","Mic P2RY12",-0.429074703679204,3.54852683857126,0.355401738470067,0.551446187998303,0.913464816485199,0.941488398971734,"cognps_random_slope"
"13069","YWHAH","Mic P2RY12",-0.154659605927253,6.16672882907038,0.10615828026929,0.744750499630096,0.982219019325995,0.994674014762625,"cognps_random_slope"
"13070","SLC5A4-AS1","Mic P2RY12",1.46700597781552,3.18206544173889,2.0927667715775,0.148868842758073,0.615548090651324,0.692724057787567,"cognps_random_slope"
"13071","RFPL3S","Mic P2RY12",0.62184280392366,2.99350582513103,0.553404781198387,0.496588898347032,0.886350914592107,0.92129307139183,"cognps_random_slope"
"13072","RTCB","Mic P2RY12",0.258705811762774,6.52533037783603,1.18162492095729,0.277753463582973,0.748627145107686,0.809142245313105,"cognps_random_slope"
"13073","FBXO7","Mic P2RY12",-0.152159506386255,5.75830355558276,0.271242811862375,0.602819811997714,0.937231206636526,0.959718428182223,"cognps_random_slope"
"13074","SYN3","Mic P2RY12",1.85265589724069,4.29320148153964,8.14011268590276,0.00458012325900156,0.138551313304469,0.194828073347528,"cognps_random_slope"
"13075","LARGE1","Mic P2RY12",0.620220853113388,7.66800402285868,1.76762599875089,0.18451887364437,0.66053662815611,0.731666032451923,"cognps_random_slope"
"13076","HMGXB4","Mic P2RY12",-0.127086391167005,5.6267464042725,0.11966215285297,0.729603476308923,0.977924377749008,0.992735737523133,"cognps_random_slope"
"13077","TOM1","Mic P2RY12",-0.91762581143733,6.09595245793005,3.92500566856304,0.0483343465268011,0.414678987071486,0.508254590693438,"cognps_random_slope"
"13078","HMOX1","Mic P2RY12",-0.0618543587772416,6.43740908930094,0.007201455991761,0.932418806433253,0.999765323016076,0.999791880761836,"cognps_random_slope"
"13079","MCM5","Mic P2RY12",0.35154613757076,5.07407829240807,0.931947236058189,0.545622892355787,0.911244930073703,0.940001610338548,"cognps_random_slope"
"13080","APOL6","Mic P2RY12",-0.656915537886449,5.06277033791548,1.42743167584965,0.232971392084172,0.713984505367052,0.776521381336779,"cognps_random_slope"
"13081","RBFOX2","Mic P2RY12",-0.0969243879240219,5.83339303837634,0.0640694316003062,0.800320574277359,0.992143902613387,0.999791880761836,"cognps_random_slope"
"13082","APOL3","Mic P2RY12",-0.910988096801973,4.11596513044221,2.78374291418204,0.0960957400898787,0.534126508894427,0.619347758812554,"cognps_random_slope"
"13083","APOL2","Mic P2RY12",-0.112006410171934,4.34736953412097,0.0575438056100235,0.810557707473811,0.994290485567824,0.999791880761836,"cognps_random_slope"
"13084","APOL1","Mic P2RY12",-0.0726964320137591,3.23377136457897,0.00988804303900674,0.92084541080884,0.999765323016076,0.999791880761836,"cognps_random_slope"
"13085","MYH9","Mic P2RY12",-0.301010252193951,7.36177154592796,1.52249321843335,0.21804834495829,0.6987701015422,0.764295682709594,"cognps_random_slope"
"13086","TXN2","Mic P2RY12",0.417251976529801,4.45020956436555,0.881612926069348,0.414997072336495,0.839593952273724,0.885674753909852,"cognps_random_slope"
"13087","FOXRED2","Mic P2RY12",1.87960071647245,2.88788045397474,4.84776513456363,0.0283164138494054,0.324934696123959,0.41758460289664,"cognps_random_slope"
"13088","EIF3D","Mic P2RY12",-0.0543765850019881,5.44315166813338,0.0304973601612827,0.865856038714722,0.999765323016076,0.999791880761836,"cognps_random_slope"
"13089","CACNG2","Mic P2RY12",1.77711148176216,2.83686880674805,3.26957776311412,0.0714110079858641,0.481432815573689,0.571978509732139,"cognps_random_slope"
"13090","IFT27","Mic P2RY12",0.580298352529745,4.27542324003353,1.2772520331969,0.259163787592119,0.733799859860673,0.794637250365552,"cognps_random_slope"
"13091","NCF4","Mic P2RY12",-0.419855170009662,5.66900500398744,1.21948032023903,0.270200976675523,0.743982594704888,0.803757886152484,"cognps_random_slope"
"13092","CSF2RB","Mic P2RY12",-0.446076133689556,4.63808318610711,0.922607764277569,0.337436533280164,0.790557164770538,0.844859240409862,"cognps_random_slope"
"13093","TST","Mic P2RY12",-0.0539277692154635,3.2040246840714,0.00508383739199981,0.985782779974421,0.999765323016076,0.999791880761836,"cognps_random_slope"
"13094","MPST","Mic P2RY12",-0.757741907849253,4.17563885933756,2.18422130477279,0.140306807779169,0.605166247521288,0.681874753477336,"cognps_random_slope"
"13095","KCTD17","Mic P2RY12",-0.891283874863246,3.7289802393854,2.10041780891129,0.197627930418653,0.67650376196201,0.745223362510176,"cognps_random_slope"
"13096","C1QTNF6","Mic P2RY12",0.235002781750317,3.59781486974287,0.103891169362781,0.747396415529756,0.982244103840787,0.994674014762625,"cognps_random_slope"
"13097","RAC2","Mic P2RY12",-0.135558958336172,4.16394220026107,0.0309510569350946,0.860448645083382,0.999765323016076,0.999791880761836,"cognps_random_slope"
"13098","CYTH4","Mic P2RY12",-0.00610201212515064,7.75269774389584,0.000270903701198348,0.986877216553955,0.999765323016076,0.999791880761836,"cognps_random_slope"
"13099","MFNG","Mic P2RY12",-1.00120774834883,4.89072146299345,5.89046501511062,0.0157136457777474,0.247891105095161,0.330459807893156,"cognps_random_slope"
"13100","GGA1","Mic P2RY12",0.0811287617487214,6.44170299071633,0.0608651488649873,0.805274491851581,0.993231645669267,0.999791880761836,"cognps_random_slope"
"13101","Z83844.2","Mic P2RY12",-0.656982186280964,4.83393253668148,1.11906409349457,0.290830111792042,0.755474085274518,0.816638205490076,"cognps_random_slope"
"13102","LGALS1","Mic P2RY12",-1.32268603505974,3.65597438894411,2.39032633878734,0.122967642145869,0.581266092556188,0.660864338941303,"cognps_random_slope"
"13103","TRIOBP","Mic P2RY12",-0.380208013616271,6.17986125344516,1.5774549703295,0.209942997636325,0.690585692519488,0.756701020257546,"cognps_random_slope"
"13104","H1F0","Mic P2RY12",-0.383081431158488,4.60710243576607,0.437535319200625,0.508738025043265,0.892216806041276,0.926776675084612,"cognps_random_slope"
"13105","GCAT","Mic P2RY12",-0.305971648870708,2.94193284995635,0.115538713534308,0.734122846859125,0.978881982232929,0.99332610625609,"cognps_random_slope"
"13106","ANKRD54","Mic P2RY12",0.223809396029585,3.72376608835811,0.152747733881688,0.696154658592068,0.969296644507763,0.984989885855413,"cognps_random_slope"
"13107","EIF3L","Mic P2RY12",0.381026324609043,5.93077143896794,1.71380901195589,0.191327756105094,0.668842142648054,0.738839822356142,"cognps_random_slope"
"13108","MICALL1","Mic P2RY12",-0.187135764626392,3.77981971777284,0.0951954974674911,0.851147520592125,0.999765323016076,0.999791880761836,"cognps_random_slope"
"13109","POLR2F","Mic P2RY12",-0.305616041629393,4.61566507438238,0.438717643442113,0.780346467740049,0.990020960532974,0.999508397105588,"cognps_random_slope"
"13110","PICK1","Mic P2RY12",-0.595952061217307,4.63604440546112,1.83635645509219,0.17622914782019,0.647510916089937,0.723004651230449,"cognps_random_slope"
"13111","BAIAP2L2","Mic P2RY12",0.191003822143617,2.88987233126783,0.0452842490384365,0.831602785934181,0.999283387674923,0.999791880761836,"cognps_random_slope"
"13112","PLA2G6","Mic P2RY12",1.57618493394925,3.72831242898828,6.37731795561088,0.0119878660522686,0.218445945217125,0.290920836128514,"cognps_random_slope"
"13113","MAFF","Mic P2RY12",-3.18319839355767,2.83414925261349,7.15277656392887,0.00782650630279883,0.175096846350262,0.242374429390934,"cognps_random_slope"
"13114","TMEM184B","Mic P2RY12",-0.516882277843507,5.28106328909169,2.00884393597197,0.157250214410964,0.627618340130103,0.705817462559158,"cognps_random_slope"
"13115","CSNK1E","Mic P2RY12",-0.0293334643104586,4.72290183783156,0.00419851619660282,0.948372462014314,0.999765323016076,0.999791880761836,"cognps_random_slope"
"13116","TPTEP2-CSNK1E","Mic P2RY12",-0.421230244357601,7.47750847597394,2.2791000226439,0.132006015085265,0.592557770886728,0.670052632173139,"cognps_random_slope"
"13117","DDX17","Mic P2RY12",-0.123046628458959,9.09890911917586,0.299501282008404,0.584534688362658,0.929002533058346,0.953087043403205,"cognps_random_slope"
"13118","DMC1","Mic P2RY12",0.376085838314451,2.62009657845254,0.131623778094557,0.716967486842227,0.975412307559,0.990827860187382,"cognps_random_slope"
"13119","CBY1","Mic P2RY12",1.56549588538558,3.80703219723909,7.64982615935612,0.00597077515645777,0.154741440098952,0.213382850900519,"cognps_random_slope"
"13120","TOMM22","Mic P2RY12",-0.0474200648592508,3.16533337227151,0.00387944879043025,0.950370299244115,0.999765323016076,0.999791880761836,"cognps_random_slope"
"13121","JOSD1","Mic P2RY12",-0.406504515047359,5.05776397253916,0.813175616697375,0.36778657409252,0.812104761618872,0.862555738366364,"cognps_random_slope"
"13122","GTPBP1","Mic P2RY12",-0.52792871300741,4.75175907982358,1.35614306393035,0.244978967656763,0.726640802471954,0.787656991703042,"cognps_random_slope"
"13123","SUN2","Mic P2RY12",-0.717570987131836,5.56130034632753,4.85411776834032,0.0282137512377589,0.324821718502755,0.417196853925579,"cognps_random_slope"
"13124","AL021707.1","Mic P2RY12",0.264058791695971,4.42481381033639,0.33593396095617,0.562548575557477,0.920994257260716,0.947171637626478,"cognps_random_slope"
"13125","NPTXR","Mic P2RY12",1.87398468071194,3.96492277410621,8.73716733933846,0.00332354866522543,0.116899936122535,0.168003149456294,"cognps_random_slope"
"13126","CBX6","Mic P2RY12",-0.361349002344123,4.67470528823482,0.789916413255964,0.414250097797116,0.839297845089759,0.885364854008569,"cognps_random_slope"
"13127","APOBEC3F","Mic P2RY12",0.624972839544757,3.45650551575309,0.855145113401664,0.355720953025173,0.804493634705542,0.855920623182931,"cognps_random_slope"
"13128","APOBEC3G","Mic P2RY12",-0.0316262863044919,4.32785635522607,0.00433960502196719,0.947513409134564,0.999765323016076,0.999791880761836,"cognps_random_slope"
"13129","CBX7","Mic P2RY12",0.00285857538831618,5.39148533811524,3.52511355247242e-05,0.995266066503,0.999765323016076,0.999791880761836,"cognps_random_slope"
"13130","AL031846.2","Mic P2RY12",-0.470427997319703,3.43271408766952,0.306795675225265,0.579997401552062,0.927107742697869,0.951730333765552,"cognps_random_slope"
"13131","PDGFB","Mic P2RY12",-0.635331364742031,6.74954780589125,1.15348998362875,0.283539851378314,0.753034983057905,0.812715019941667,"cognps_random_slope"
"13132","AL031590.1","Mic P2RY12",0.32286925639605,3.64869838302475,0.216270677783959,0.64217774326519,0.951235098651134,0.970883120121208,"cognps_random_slope"
"13133","AL022326.1","Mic P2RY12",-0.39494766546862,3.0981572747675,0.206856044406112,0.64951726615247,0.953989866394996,0.972787269342153,"cognps_random_slope"
"13134","RPL3","Mic P2RY12",-0.4910190987754,5.93969628416726,1.24078297787876,0.26606412226589,0.741119372788443,0.79980907112407,"cognps_random_slope"
"13135","SYNGR1","Mic P2RY12",0.193821669606494,5.28551631595637,0.223648299016534,0.636560940708947,0.950145971078957,0.970073435736326,"cognps_random_slope"
"13136","TAB1","Mic P2RY12",-0.190829602252198,5.14767284988075,0.307768764519365,0.772946276187153,0.987440709931748,0.998056918478772,"cognps_random_slope"
"13137","MGAT3","Mic P2RY12",2.20744466868095,2.67158974042819,4.81445068480338,0.0288612294804177,0.327844762079944,0.419793781002454,"cognps_random_slope"
"13138","MIEF1","Mic P2RY12",0.352992782806716,3.92553541932499,0.46569625032377,0.495413098590544,0.885549288147852,0.921047479733976,"cognps_random_slope"
"13139","ATF4","Mic P2RY12",0.306740016176118,5.86320356118814,0.782576245576607,0.376945445305197,0.816725289011309,0.867669313883818,"cognps_random_slope"
"13140","RPS19BP1","Mic P2RY12",-0.228513539870587,4.18127079712508,0.168391195770268,0.681789942003007,0.964117685622211,0.980747543039152,"cognps_random_slope"
"13141","GRAP2","Mic P2RY12",0.430526489257507,2.30127868707403,0.136668400362282,0.740283738276105,0.980484520323986,0.994322125673804,"cognps_random_slope"
"13142","TNRC6B","Mic P2RY12",-0.0824711324478332,9.21907188323655,0.102187118140026,0.749406248642626,0.982244103840787,0.994674014762625,"cognps_random_slope"
"13143","SGSM3","Mic P2RY12",-0.741766494984474,3.35301929313854,0.911907094388437,0.340250361106159,0.792163844541979,0.845221883585983,"cognps_random_slope"
"13144","AL022238.2","Mic P2RY12",-1.56423163661487,3.04669587826252,3.29442114621969,0.0703484873516538,0.47989795504723,0.571326340789623,"cognps_random_slope"
"13145","MKL1","Mic P2RY12",-0.0464454970821419,8.3291881629622,0.0405467235971629,0.840529236233301,0.999765323016076,0.999791880761836,"cognps_random_slope"
"13146","SLC25A17","Mic P2RY12",0.348945074129395,5.51860383392443,1.21027440717904,0.272013633562047,0.744483269496792,0.80416304335908,"cognps_random_slope"
"13147","ST13","Mic P2RY12",-0.170706769787816,5.81253964987697,0.095036382960668,0.758047984528302,0.983190954097967,0.995414674993652,"cognps_random_slope"
"13148","XPNPEP3","Mic P2RY12",0.5626230392225,5.57461342273422,3.19782539877453,0.0745779748652834,0.485665771203642,0.574597093093313,"cognps_random_slope"
"13149","RBX1","Mic P2RY12",-0.218082540489086,5.73326598718679,0.534071077125351,0.465376148188631,0.870655557989088,0.910202590519014,"cognps_random_slope"
"13150","EP300","Mic P2RY12",-0.0984989743705641,7.82230159213037,0.253435003011676,0.972959959477743,0.999765323016076,0.999791880761836,"cognps_random_slope"
"13151","L3MBTL2","Mic P2RY12",0.234819136812546,4.63610433669797,0.36107978084387,0.581619954667304,0.927859733775962,0.9522571873954,"cognps_random_slope"
"13152","AL035681.1","Mic P2RY12",-1.71286448271581,3.03713531800434,4.04175990710369,0.0451336761619977,0.400819346750783,0.494911833206342,"cognps_random_slope"
"13153","RANGAP1","Mic P2RY12",0.332339080855223,5.7563697338716,0.56548301829384,0.45255131883585,0.863908863777668,0.904661241634531,"cognps_random_slope"
"13154","ZC3H7B","Mic P2RY12",0.23386330111472,5.71826812358328,0.485906132168908,0.486209544464735,0.881786963332351,0.91723721705446,"cognps_random_slope"
"13155","TEF","Mic P2RY12",1.49851413592112,3.41753324223305,3.95555792361218,0.047474223212071,0.410083300943178,0.502922623767295,"cognps_random_slope"
"13156","TOB2","Mic P2RY12",-0.777046042597893,4.76244656125353,3.00497433867613,0.0838663809889931,0.506486422547768,0.594207278251681,"cognps_random_slope"
"13157","PHF5A","Mic P2RY12",-0.190644361337465,3.37472753364762,0.0853667853199419,0.770320580079068,0.986443273387328,0.997526881305537,"cognps_random_slope"
"13158","ACO2","Mic P2RY12",-0.0688419943507129,6.00708731230345,0.0539975457008386,0.816379940528432,0.995084767910246,0.999791880761836,"cognps_random_slope"
"13159","POLR3H","Mic P2RY12",0.832329343531881,3.98018584115928,1.99090367799899,0.159110892654102,0.62960268995345,0.706937631044709,"cognps_random_slope"
"13160","PMM1","Mic P2RY12",1.3164130729477,3.38026620266641,3.35568947392052,0.0678000806800803,0.473469974566835,0.564666722915556,"cognps_random_slope"
"13161","DESI1","Mic P2RY12",0.201937851377211,4.52405446520779,0.212043728572516,0.645448557617035,0.951766738625207,0.971274711752506,"cognps_random_slope"
"13162","XRCC6","Mic P2RY12",-0.179921867677251,6.06554809995588,0.494143129742638,0.48253974111463,0.881328830408547,0.916739510069731,"cognps_random_slope"
"13163","SNU13","Mic P2RY12",0.110516115701825,5.17295614262208,0.0827950559724473,0.891426560042652,0.999765323016076,0.999791880761836,"cognps_random_slope"
"13164","C22orf46","Mic P2RY12",0.18465884410966,3.15037818306735,0.0620212919724203,0.911500874940702,0.999765323016076,0.999791880761836,"cognps_random_slope"
"13165","MEI1","Mic P2RY12",-0.929991534076043,2.94085187695409,1.0159935784606,0.314148933921268,0.770261998566852,0.829537614030808,"cognps_random_slope"
"13166","CCDC134","Mic P2RY12",0.338715161358726,4.31198444183197,0.454317462722123,0.500724761123429,0.889476739636144,0.923992604223487,"cognps_random_slope"
"13167","SREBF2","Mic P2RY12",0.680000810246867,7.5138338718661,2.69308042620741,0.101659035712673,0.542074332563011,0.6273410096216,"cognps_random_slope"
"13168","TNFRSF13C","Mic P2RY12",-0.305268153073944,4.88477050284158,0.160272140159389,0.689143794244592,0.967043650386722,0.983568942804121,"cognps_random_slope"
"13169","SEPT3","Mic P2RY12",0.943685504374092,3.8595000792905,2.41488636652019,0.121066249097196,0.580110237377386,0.660503517595267,"cognps_random_slope"
"13170","WBP2NL","Mic P2RY12",0.109707860883172,5.94677359307893,0.0929388843046182,0.760650051471605,0.983230301570971,0.995414674993652,"cognps_random_slope"
"13171","NAGA","Mic P2RY12",-0.42164974480323,4.95163576300619,1.03832425840489,0.308896528612837,0.76785366002022,0.827095076785596,"cognps_random_slope"
"13172","SMDT1","Mic P2RY12",-0.930430737707186,3.95383390815482,3.25063348724449,0.0722328348137399,0.481701677783777,0.572337698928994,"cognps_random_slope"
"13173","NDUFA6","Mic P2RY12",0.126545309666581,3.52353363277077,0.0289408220837199,0.865011408227955,0.999765323016076,0.999791880761836,"cognps_random_slope"
"13174","TCF20","Mic P2RY12",0.01136013980409,6.74630023831441,0.00164073997585174,0.967712162582567,0.999765323016076,0.999791880761836,"cognps_random_slope"
"13175","NFAM1","Mic P2RY12",0.25415448909442,5.6554484304574,0.278044870266612,0.598310684795132,0.93604855217134,0.958796077732727,"cognps_random_slope"
"13176","RRP7A","Mic P2RY12",-0.495397883796503,4.92338092499849,1.23836061563014,0.26653052123017,0.741647739826726,0.800230470253588,"cognps_random_slope"
"13177","SERHL2","Mic P2RY12",0.0144160646912144,3.58906317615114,0.000224473818743644,0.988054489615654,0.999765323016076,0.999791880761836,"cognps_random_slope"
"13178","POLDIP3","Mic P2RY12",0.0543581321381455,4.98853170836657,0.0245478199701547,0.875586987168233,0.999765323016076,0.999791880761836,"cognps_random_slope"
"13179","CYB5R3","Mic P2RY12",-0.298278990429551,4.72560710613173,0.591148891021788,0.442479824688822,0.857250066897881,0.898307757551507,"cognps_random_slope"
"13180","ARFGAP3","Mic P2RY12",0.0545914426596721,6.36950971666999,0.0158323757662669,0.899939364057804,0.999765323016076,0.999791880761836,"cognps_random_slope"
"13181","PACSIN2","Mic P2RY12",0.396183737446978,8.41913572521346,1.83455845173958,0.176440433571493,0.647510916089937,0.723004651230449,"cognps_random_slope"
"13182","TTLL1","Mic P2RY12",-0.045473738658803,3.86721763025635,0.0050763011654306,0.943239852480135,0.999765323016076,0.999791880761836,"cognps_random_slope"
"13183","MCAT","Mic P2RY12",-0.287739628293367,2.88656235369527,0.115795724564374,0.733838549884338,0.978719188594747,0.993120241739745,"cognps_random_slope"
"13184","TSPO","Mic P2RY12",-1.50059357639606,5.46200088483392,8.15355798003372,0.00454704838748103,0.138174592835903,0.194153799045,"cognps_random_slope"
"13185","TTLL12","Mic P2RY12",0.17937637352603,3.60354421075912,0.0863105453381548,0.769090479095021,0.986443273387328,0.997247647736656,"cognps_random_slope"
"13186","EFCAB6","Mic P2RY12",1.21856277071388,3.51720385004843,2.69436192404085,0.101577981617176,0.542074332563011,0.6273410096216,"cognps_random_slope"
"13187","SULT4A1","Mic P2RY12",1.77506451716824,3.94403906390123,5.23538168204177,0.0227116355492728,0.294635651496423,0.382685966710281,"cognps_random_slope"
"13188","SAMM50","Mic P2RY12",0.166692036734661,4.55795152306681,0.17018905382484,0.680189665469349,0.963764980353924,0.980589311801902,"cognps_random_slope"
"13189","PARVB","Mic P2RY12",-0.544781046030973,6.77074932397474,1.16322930226884,0.281519678773798,0.750907838952912,0.811474754307675,"cognps_random_slope"
"13190","PARVG","Mic P2RY12",-0.524085589296713,7.35942169282183,2.447668540722,0.118579063093184,0.575627687201256,0.655301420849692,"cognps_random_slope"
"13191","AL031595.2","Mic P2RY12",-1.1672949806565,2.76970808534437,1.26339879389914,0.261758436254351,0.73538817247855,0.796065864541977,"cognps_random_slope"
"13192","PRR5","Mic P2RY12",-0.168625059435248,6.04964174971014,0.0794385338628307,0.778221856575068,0.98974576254745,0.999508397105588,"cognps_random_slope"
"13193","PRR5-ARHGAP8","Mic P2RY12",0.00814305064756021,4.06459514744825,0.000130266151542156,0.990899935050541,0.999765323016076,0.999791880761836,"cognps_random_slope"
"13194","NUP50-DT","Mic P2RY12",-0.158621419892798,6.44798360558559,0.260523297236329,0.610074012158268,0.938887784751883,0.961650451188632,"cognps_random_slope"
"13195","NUP50","Mic P2RY12",-0.160109583673533,5.14367477770217,0.221793673970532,0.637962147032082,0.950271487556261,0.970357720549608,"cognps_random_slope"
"13196","KIAA0930","Mic P2RY12",-0.238923348974617,7.10716279345385,0.771743688067336,0.742709798701915,0.981950869416373,0.994674014762625,"cognps_random_slope"
"13197","FAM118A","Mic P2RY12",-0.869889710736482,6.65434167808309,1.1649956594496,0.281155250594626,0.750907838952912,0.811474754307675,"cognps_random_slope"
"13198","SMC1B","Mic P2RY12",0.392657651892852,2.71628051669185,0.148879769162456,0.699836347754047,0.969981065546437,0.98526570223945,"cognps_random_slope"
"13199","ATXN10","Mic P2RY12",0.126394931433748,8.16890090976429,0.337270790197733,0.796238396277965,0.992143902613387,0.999791880761836,"cognps_random_slope"
"13200","MIRLET7BHG","Mic P2RY12",0.336073210166366,6.72993056004665,1.12910951523609,0.28867837362157,0.754255972880221,0.814855882471302,"cognps_random_slope"
"13201","PPARA","Mic P2RY12",-0.276079182679458,6.25017949588907,0.820117898626843,0.365752012097053,0.811562709840244,0.862405100667332,"cognps_random_slope"
"13202","CDPF1","Mic P2RY12",-0.511166994367222,3.2443163774169,0.543771125230446,0.461354879757182,0.867857487875631,0.907803576517925,"cognps_random_slope"
"13203","TTC38","Mic P2RY12",0.158369512740612,5.5562430970224,0.163906446082256,0.685825820557235,0.965844646133014,0.982233709113835,"cognps_random_slope"
"13204","TRMU","Mic P2RY12",0.805987073108536,5.18852944805147,5.55777204395808,0.0189338930538616,0.270504371870788,0.356787202876018,"cognps_random_slope"
"13205","CELSR1","Mic P2RY12",0.758104531112274,2.9262391869168,0.593469346337808,0.441586441785913,0.856283535983253,0.897592791327557,"cognps_random_slope"
"13206","GRAMD4","Mic P2RY12",-0.282757666108232,6.06397798507805,0.249855631492868,0.617482445948738,0.941696996000635,0.963917775753802,"cognps_random_slope"
"13207","CERK","Mic P2RY12",-0.064068581058203,6.21162093418721,0.023446692927651,0.878387055200066,0.999765323016076,0.999791880761836,"cognps_random_slope"
"13208","AL118516.1","Mic P2RY12",-0.316655765874475,4.96421192753878,0.134832133162477,0.713689581808928,0.975327034936739,0.990078557920128,"cognps_random_slope"
"13209","TBC1D22A","Mic P2RY12",0.154063842424892,10.0428939133007,0.287609020176386,0.592088378955437,0.932951118731112,0.95650743789449,"cognps_random_slope"
"13210","AL117329.1","Mic P2RY12",1.92115138364217,3.39552972383307,5.74879514447591,0.0170092705843552,0.255826302021261,0.33875795523347,"cognps_random_slope"
"13211","FAM19A5","Mic P2RY12",0.872893196076332,3.33335245024695,1.37468123239643,0.24178527951285,0.723412487330141,0.784549384947783,"cognps_random_slope"
"13212","C22orf34","Mic P2RY12",0.256595811437294,7.57869713786798,0.166185762322204,0.683766697579262,0.96525413612764,0.981755202962964,"cognps_random_slope"
"13213","BRD1","Mic P2RY12",0.0904063249615825,6.0023046828348,0.089238196746528,0.765320412193592,0.985045128072213,0.996584380592664,"cognps_random_slope"
"13214","ZBED4","Mic P2RY12",-0.419826280109778,5.91368966463532,1.65819310274413,0.198675483467317,0.67699667850671,0.745962233856748,"cognps_random_slope"
"13215","ALG12","Mic P2RY12",-0.551651691124261,3.99657327235127,0.888703632480358,0.346461703153279,0.795840466910712,0.84730906678079,"cognps_random_slope"
"13216","CRELD2","Mic P2RY12",0.686227979753021,4.51680824641189,0.709275837192951,0.400244033866286,0.82954706831376,0.878025991099495,"cognps_random_slope"
"13217","PIM3","Mic P2RY12",-0.808450274758417,4.54425794117115,1.04212545553362,0.308013891439993,0.767710159037189,0.827095076785596,"cognps_random_slope"
"13218","MLC1","Mic P2RY12",-0.688092017716555,2.81856601009178,0.366088051543832,0.545525965231993,0.911244930073703,0.940001610338548,"cognps_random_slope"
"13219","MOV10L1","Mic P2RY12",1.36117296869986,3.09480272198475,1.32132231149806,0.251118750896315,0.729501575487489,0.789245689101808,"cognps_random_slope"
"13220","TRABD","Mic P2RY12",-0.614146097997624,6.46440152327972,3.04237032420566,0.0819717574145111,0.505162960832573,0.593030725533821,"cognps_random_slope"
"13221","SELENOO","Mic P2RY12",0.360277310166156,6.44817675522787,1.41644613891753,0.296783232162274,0.760852419694021,0.821386151708703,"cognps_random_slope"
"13222","TUBGCP6","Mic P2RY12",0.421235390445046,4.48164140578857,0.830303416602848,0.362795171582714,0.809837342431141,0.860698426110944,"cognps_random_slope"
"13223","HDAC10","Mic P2RY12",-0.0966632383883181,4.59320507374042,0.0333788328877743,0.855137345820915,0.999765323016076,0.999791880761836,"cognps_random_slope"
"13224","MAPK11","Mic P2RY12",0.628733740701782,3.13964277121454,0.515126528195159,0.473393955452817,0.876478640097154,0.913624953978404,"cognps_random_slope"
"13225","PLXNB2","Mic P2RY12",0.0243077124792201,6.574697585621,0.00733282205235706,0.931806693370515,0.999765323016076,0.999791880761836,"cognps_random_slope"
"13226","DENND6B","Mic P2RY12",1.06518456070459,4.10813897943328,3.94865072886696,0.0476672490329211,0.411061006621735,0.504061036326082,"cognps_random_slope"
"13227","PPP6R2","Mic P2RY12",0.310135024543914,8.43395719910464,1.24998268441208,0.264302075285295,0.738205942246402,0.797824656410087,"cognps_random_slope"
"13228","SBF1","Mic P2RY12",-0.11221409770009,4.19167366413634,0.0509712596814258,0.824566981340759,0.997442739805277,0.999791880761836,"cognps_random_slope"
"13229","LMF2","Mic P2RY12",0.284868943762859,4.84983157134909,0.484354490457927,0.53571859301276,0.907124922871798,0.936810708718851,"cognps_random_slope"
"13230","NCAPH2","Mic P2RY12",0.300816772264182,3.53096183774754,0.248351770507379,0.618542681918457,0.941924926164701,0.963917775753802,"cognps_random_slope"
"13231","TYMP","Mic P2RY12",0.417375841542753,7.44765559915861,0.269957042344758,0.603680224188849,0.937635452521415,0.960139023233694,"cognps_random_slope"
"13232","ODF3B","Mic P2RY12",0.67994262537319,4.25505024480634,0.548256669252928,0.459514032130673,0.866792533233255,0.907242372423074,"cognps_random_slope"
"13233","U62317.5","Mic P2RY12",1.80924143339097,2.76158512449404,2.53311231124774,0.112358724049458,0.564329822206441,0.647351219946283,"cognps_random_slope"
"13234","MAPK8IP2","Mic P2RY12",0.719977552401422,3.66985763975342,1.04349067241948,0.307697690104655,0.767710159037189,0.8270200790903,"cognps_random_slope"
"13235","ARSA","Mic P2RY12",0.305042027375773,4.86749981768706,0.605487349188319,0.437003612878183,0.85356149485214,0.89575564178184,"cognps_random_slope"
"13236","RABL2B","Mic P2RY12",0.453557054086411,4.52879139402244,1.15445003832276,0.28333989696261,0.752932373427708,0.812502922541597,"cognps_random_slope"
"13237","GATD3B","Mic P2RY12",-0.738277946668908,3.42295037936898,1.02332819795251,0.312410968093738,0.769796612435867,0.828989115276752,"cognps_random_slope"
"13238","FP565260.2","Mic P2RY12",0.441351456616828,3.71271617748489,0.453731326353865,0.501000987617251,0.889628842223565,0.924198481408281,"cognps_random_slope"
"13239","FP565260.1","Mic P2RY12",1.05512747973948,4.05280714090833,2.10052675642018,0.148119835936865,0.614990268778829,0.692233885854877,"cognps_random_slope"
"13240","CU633967.1","Mic P2RY12",-0.394607813607479,3.00624923594771,0.128737132892155,0.719955580218028,0.97571529536985,0.991463831658989,"cognps_random_slope"
"13241","CU633906.2","Mic P2RY12",-0.126677667243381,2.70103169467251,0.010214670125565,0.919553079744861,0.999765323016076,0.999791880761836,"cognps_random_slope"
"13242","U2AF1L5","Mic P2RY12",0.862907400123711,3.38411753751328,0.566090368655894,0.452308871577945,0.863908863777668,0.904661241634531,"cognps_random_slope"
"13243","FP671120.1","Mic P2RY12",-0.548722947795498,8.46976708488152,0.678138994502271,0.410774048355543,0.836655446793785,0.883410488123251,"cognps_random_slope"
"13244","FP236383.1","Mic P2RY12",-0.422908244815596,7.42674921105311,0.360604537552772,0.548548919867808,0.91189570676601,0.940046630323137,"cognps_random_slope"
"13245","CR381653.1","Mic P2RY12",1.01741855878984,5.24220942448305,2.44674180702049,0.118648589747995,0.57567333497932,0.655301420849692,"cognps_random_slope"
"13246","CR382287.2","Mic P2RY12",-1.11088160551342,2.91757454433512,1.52511560348048,0.217653223065885,0.698281577604405,0.764142105183633,"cognps_random_slope"
"13247","TPTE","Mic P2RY12",0.803378234998541,2.674399902785,0.559212646591393,0.455066360822817,0.865333388169053,0.905598852945087,"cognps_random_slope"
"13248","AP001347.1","Mic P2RY12",0.528042307207019,4.26776970638043,0.774067691896263,0.379549138203378,0.817449490730083,0.868186335352337,"cognps_random_slope"
"13249","HSPA13","Mic P2RY12",-0.367695020565725,4.19650491889078,0.451810137195731,0.501908202480833,0.889628842223565,0.924300686370266,"cognps_random_slope"
"13250","SAMSN1","Mic P2RY12",0.161914959490716,8.61886379975379,0.217080212621065,0.641555769631169,0.950981688448549,0.970806423495585,"cognps_random_slope"
"13251","AF127936.2","Mic P2RY12",0.488428291432691,4.58651746718926,0.472434028566399,0.492312544563273,0.884735626300203,0.91961645963742,"cognps_random_slope"
"13252","AF127936.1","Mic P2RY12",0.754064911369321,3.34609953365496,0.753495939864734,0.385950518664953,0.821493472145653,0.870909262666536,"cognps_random_slope"
"13253","AF127577.4","Mic P2RY12",0.340408031219878,5.27458812124131,0.229182927426315,0.63242126620995,0.948844311294172,0.968564075162913,"cognps_random_slope"
"13254","NRIP1","Mic P2RY12",0.61205965454874,7.74741184209035,3.04707969664066,0.0817364714085573,0.504556224153308,0.592563934205185,"cognps_random_slope"
"13255","AF127577.2","Mic P2RY12",-1.05012489751621,3.1635993987478,1.3293878444687,0.249679921259151,0.729301365236868,0.789201257695949,"cognps_random_slope"
"13256","AJ009632.2","Mic P2RY12",4.37588363245538,4.10031959286092,14.7237906917685,0.000146989739501726,0.0281401357008947,0.0430374503515118,"cognps_random_slope"
"13257","USP25","Mic P2RY12",-0.167736692198918,7.60393880679473,0.709048603642853,0.400319445622348,0.82954706831376,0.878025991099495,"cognps_random_slope"
"13258","MIR99AHG","Mic P2RY12",0.328975676785255,8.82357240826871,1.34429660623872,0.247046897553776,0.727284377806276,0.787803854705654,"cognps_random_slope"
"13259","CXADR","Mic P2RY12",0.494472219731554,6.42326958416055,0.836908784939082,0.360895328511734,0.808620347330839,0.859213384186933,"cognps_random_slope"
"13260","BTG3","Mic P2RY12",0.124733965786333,4.41224588216566,0.0423867986051273,0.837000719311885,0.999700499758612,0.999791880761836,"cognps_random_slope"
"13261","C21orf91","Mic P2RY12",0.69769366988189,3.27659850375996,0.853253526213314,0.356252905438468,0.805016493703861,0.856242142446505,"cognps_random_slope"
"13262","CHODL","Mic P2RY12",1.11167953526567,2.97222847837157,1.31786275239532,0.251739037566074,0.729501575487489,0.789459281326494,"cognps_random_slope"
"13263","LINC00320","Mic P2RY12",0.912170178562195,2.72184037356963,0.711379497787086,0.399546873614259,0.82950017718202,0.877897744901724,"cognps_random_slope"
"13264","NCAM2","Mic P2RY12",1.66888286023301,5.63322422199671,7.65853962639169,0.00594261514133644,0.154741440098952,0.213382850900519,"cognps_random_slope"
"13265","LINC01684","Mic P2RY12",-0.607162055903168,7.89943716663037,2.41787588591426,0.12083704773245,0.580009673307368,0.660503517595267,"cognps_random_slope"
"13266","MIR155HG","Mic P2RY12",-1.62195020039415,3.1854419062758,3.0501199549726,0.0815849651400652,0.504556224153308,0.592563934205185,"cognps_random_slope"
"13267","MRPL39","Mic P2RY12",0.319523529006114,4.39881295231483,0.505734112890739,0.561195964458004,0.920062040580097,0.946309874248744,"cognps_random_slope"
"13268","JAM2","Mic P2RY12",-0.438250899829153,5.8423512692174,0.570487245517015,0.450559744739478,0.862441242573024,0.903082276418165,"cognps_random_slope"
"13269","ATP5PF","Mic P2RY12",0.144476742551967,4.70749558198411,0.0886922161917124,0.859809885514356,0.999765323016076,0.999791880761836,"cognps_random_slope"
"13270","GABPA","Mic P2RY12",-0.212710679938923,5.1281311976596,0.374273761347965,0.541070426169524,0.910005809466235,0.939131034445278,"cognps_random_slope"
"13271","APP","Mic P2RY12",0.116003847046144,6.93373757611588,0.065350900614759,0.798376351023452,0.992143902613387,0.999791880761836,"cognps_random_slope"
"13272","AF165147.1","Mic P2RY12",-1.18327302508156,3.40565666884998,1.97092846150189,0.161212292507725,0.631512796296848,0.708484902920554,"cognps_random_slope"
"13273","N6AMT1","Mic P2RY12",-0.225795050940765,3.35840050397706,0.133697308804197,0.714843901452905,0.975369463635344,0.990257290777674,"cognps_random_slope"
"13274","LTN1","Mic P2RY12",0.0291773474690396,5.8544027857514,0.00790035581791595,0.929223619177533,0.999765323016076,0.999791880761836,"cognps_random_slope"
"13275","RWDD2B","Mic P2RY12",0.592560755104323,2.90146401842421,0.437547549697076,0.508732104992158,0.892216806041276,0.926776675084612,"cognps_random_slope"
"13276","USP16","Mic P2RY12",-0.192959811349297,5.85432964152194,0.499127508703591,0.54260473255972,0.910123298286075,0.939148122050431,"cognps_random_slope"
"13277","CCT8","Mic P2RY12",-0.424009047419525,5.39119881287368,1.1826605053971,0.277543343252813,0.748508050978738,0.808955340034323,"cognps_random_slope"
"13278","MAP3K7CL","Mic P2RY12",0.669786791995331,4.48226997208154,1.35287445991288,0.245547412203929,0.726886505423714,0.787803854705654,"cognps_random_slope"
"13279","BACH1","Mic P2RY12",-0.0424915697531344,9.69001943652979,0.0095098776184281,0.922368888932243,0.999765323016076,0.999791880761836,"cognps_random_slope"
"13280","GRIK1","Mic P2RY12",0.907094197851307,5.15988720105032,2.12223199374174,0.146047384260115,0.612508854637727,0.690184037603556,"cognps_random_slope"
"13281","TIAM1","Mic P2RY12",0.342886259621352,8.78012458887504,0.603850849666582,0.437623351469739,0.854048465774756,0.896052181226495,"cognps_random_slope"
"13282","SOD1","Mic P2RY12",0.498514351596214,5.17905909952688,0.694451888632568,0.405207360493719,0.832587827418286,0.880198242323207,"cognps_random_slope"
"13283","SCAF4","Mic P2RY12",-0.167482029181599,6.46153285151602,0.581212682095198,0.704334003757324,0.971967869874564,0.987038759677174,"cognps_random_slope"
"13284","LINC00159","Mic P2RY12",-0.0748024262463537,4.17519306386316,0.0110533120398376,0.916327512408235,0.999765323016076,0.999791880761836,"cognps_random_slope"
"13285","MIS18A","Mic P2RY12",0.193209572907249,3.07157316077622,0.0652487141586895,0.798530637468029,0.992143902613387,0.999791880761836,"cognps_random_slope"
"13286","URB1","Mic P2RY12",0.00990048261064139,5.32799539403284,0.000303168800007746,0.98611779659944,0.999765323016076,0.999791880761836,"cognps_random_slope"
"13287","EVA1C","Mic P2RY12",-0.838553210034838,5.41934637920964,2.41491869281792,0.121063768110531,0.580110237377386,0.660503517595267,"cognps_random_slope"
"13288","SYNJ1","Mic P2RY12",-0.0350789769728327,6.4299063824078,0.0186048183172534,0.891581806779613,0.999765323016076,0.999791880761836,"cognps_random_slope"
"13289","PAXBP1-AS1","Mic P2RY12",0.0663236064851715,3.75669341373917,0.00827828362730412,0.927555107073662,0.999765323016076,0.999791880761836,"cognps_random_slope"
"13290","PAXBP1","Mic P2RY12",-0.2089807936188,6.95759600948322,0.701656304225198,0.402784044496577,0.830596023863926,0.878526570330344,"cognps_random_slope"
"13291","C21orf62-AS1","Mic P2RY12",-0.084555867421288,4.68836198575148,0.0251516214822951,0.874078856810331,0.999765323016076,0.999791880761836,"cognps_random_slope"
"13292","AP000282.1","Mic P2RY12",0.567866513154152,2.71055119530016,0.142267605677518,0.706259508944608,0.97312190822195,0.988020876074733,"cognps_random_slope"
"13293","OLIG1","Mic P2RY12",-0.454364357145813,2.89861075788218,0.186353994799746,0.666227323587741,0.95867200294205,0.976086722169159,"cognps_random_slope"
"13294","IL10RB","Mic P2RY12",-1.50518299959776,3.05967135174017,3.54737331641372,0.060446492605841,0.453044433674986,0.545935099507757,"cognps_random_slope"
"13295","IFNAR1","Mic P2RY12",-0.309356884867507,6.50445503673529,0.997970623114181,0.318473743975728,0.774003395974804,0.831594922160387,"cognps_random_slope"
"13296","IFNGR2","Mic P2RY12",-0.308052771412976,8.28447518988208,1.36268002260127,0.243846947950887,0.725752099942929,0.786644664417554,"cognps_random_slope"
"13297","TMEM50B","Mic P2RY12",-0.419240716032018,5.74133270885876,0.87412481142636,0.350443263870801,0.799426324952662,0.851152769252035,"cognps_random_slope"
"13298","GART","Mic P2RY12",-0.4687098278082,5.40877553178613,1.8294983403597,0.177036629553231,0.648215265749412,0.723315768581263,"cognps_random_slope"
"13299","SON","Mic P2RY12",0.0521177436821731,8.52971157818402,0.0572196812103415,0.811081838088287,0.994447726155304,0.999791880761836,"cognps_random_slope"
"13300","DONSON","Mic P2RY12",-1.25530994645654,3.62234046927385,4.40569279205882,0.0365159342124859,0.364914268740883,0.458380699788695,"cognps_random_slope"
"13301","AP000311.1","Mic P2RY12",-0.695175846796123,4.23164309805888,1.12830541498433,0.288849862248036,0.754409862402247,0.81513582981374,"cognps_random_slope"
"13302","ITSN1","Mic P2RY12",-0.471278631089536,7.00146724703214,1.27247021001969,0.260055776025825,0.73470989405828,0.795715081347276,"cognps_random_slope"
"13303","LINC00649","Mic P2RY12",0.456557830738681,4.13815879696341,0.228231749641146,0.633128307291548,0.949002694388455,0.968564075162913,"cognps_random_slope"
"13304","MRPS6","Mic P2RY12",-1.052226655141,5.73411893569886,2.2089013940651,0.138092482448168,0.602185682399834,0.678608226205031,"cognps_random_slope"
"13305","LINC00310","Mic P2RY12",-1.1195729635872,3.53523935688061,1.63325696186413,0.202077427932384,0.681954069937516,0.748822421554174,"cognps_random_slope"
"13306","AP000317.1","Mic P2RY12",-1.29524420875798,3.23679417441259,2.27648484905345,0.132227285896576,0.592633394995828,0.670052632173139,"cognps_random_slope"
"13307","KCNE1","Mic P2RY12",-3.71651116146874,3.45257772946387,10.7665657715462,0.00113464850664801,0.0731030030653365,0.104838731894998,"cognps_random_slope"
"13308","RCAN1","Mic P2RY12",-0.364995426680196,5.33668713239935,0.851346379141845,0.356790341242799,0.805629965409354,0.856796628305781,"cognps_random_slope"
"13309","LINC01426","Mic P2RY12",0.996613125964822,3.95480399272653,2.00832266141613,0.157303926928448,0.627618340130103,0.705817462559158,"cognps_random_slope"
"13310","RUNX1","Mic P2RY12",-0.456731127439162,10.7946736909673,1.47211352504159,0.225808822430499,0.706583534051226,0.769637329131246,"cognps_random_slope"
"13311","SETD4","Mic P2RY12",-0.339012059817231,4.65471914305187,0.814226956509058,0.367477448724969,0.812045048937656,0.862405100667332,"cognps_random_slope"
"13312","CBR1","Mic P2RY12",0.796952000571181,4.05381291460209,1.98485323681055,0.159744076866135,0.62960268995345,0.706937631044709,"cognps_random_slope"
"13313","CBR3","Mic P2RY12",-0.539077593684487,3.22816216272867,0.366365195230753,0.545374004090195,0.911244930073703,0.940001610338548,"cognps_random_slope"
"13314","DOPEY2","Mic P2RY12",-0.276253533803313,6.91354958084385,0.789541377706299,0.37483276637478,0.81531145953391,0.866216084099597,"cognps_random_slope"
"13315","MORC3","Mic P2RY12",-0.531984276811842,7.5484916463928,3.58028338668608,0.05927219042589,0.450263745433501,0.543266728398551,"cognps_random_slope"
"13316","HLCS","Mic P2RY12",0.40796681631888,6.86586664276148,2.04092181107385,0.153984766741765,0.623600453658621,0.701813337909373,"cognps_random_slope"
"13317","PIGP","Mic P2RY12",-0.600505926269085,3.8554698001134,1.04876781535798,0.580360431832685,0.927107742697869,0.951730333765552,"cognps_random_slope"
"13318","TTC3","Mic P2RY12",-0.00941569784453583,8.21856026620863,0.00186572604840082,0.965570819228633,0.999765323016076,0.999791880761836,"cognps_random_slope"
"13319","VPS26C","Mic P2RY12",0.217448314069965,6.03548839692819,0.660124529184931,0.501875094148599,0.889628842223565,0.924300686370266,"cognps_random_slope"
"13320","DYRK1A","Mic P2RY12",-0.0751504728336997,8.50177999682947,0.12388633326923,0.725063237867512,0.976701705810179,0.992103026315284,"cognps_random_slope"
"13321","KCNJ6","Mic P2RY12",1.55087486352172,3.41940904488935,4.48464915592423,0.0348863066789903,0.355701793010342,0.449405821181158,"cognps_random_slope"
"13322","ERG","Mic P2RY12",-0.347834174617168,2.25529298541774,0.0540277216933135,0.963337069719207,0.999765323016076,0.999791880761836,"cognps_random_slope"
"13323","ETS2","Mic P2RY12",-0.564633196609115,7.9063720267014,1.47825363971637,0.224845444941403,0.706318285902423,0.769637329131246,"cognps_random_slope"
"13324","AP001043.1","Mic P2RY12",-1.20285637231633,3.63723628960735,2.01494514216204,0.156623094716661,0.62740155425488,0.705703039878475,"cognps_random_slope"
"13325","AF064858.1","Mic P2RY12",-1.18159342006621,3.08511619218467,1.66491968298953,0.197769389562643,0.676616693778142,0.7452807695133,"cognps_random_slope"
"13326","PSMG1","Mic P2RY12",1.00644050895664,3.32267684479457,2.22433600718228,0.136727674684863,0.601269752075375,0.678086167366028,"cognps_random_slope"
"13327","BRWD1","Mic P2RY12",-0.243499955686205,8.17419275229336,1.38623298833863,0.23982089453439,0.721238736008832,0.781909747138061,"cognps_random_slope"
"13328","HMGN1","Mic P2RY12",0.214118925366647,6.20880956517225,0.426325276518013,0.514214789998423,0.894942542151003,0.92830484233112,"cognps_random_slope"
"13329","WRB","Mic P2RY12",-0.0137128912253314,4.36772185668331,0.000725682855688411,0.978523726949469,0.999765323016076,0.999791880761836,"cognps_random_slope"
"13330","PCP4","Mic P2RY12",1.63885611810376,3.19476313742035,2.57669013616309,0.109325948305626,0.560258903726076,0.644627053842235,"cognps_random_slope"
"13331","DSCAM","Mic P2RY12",0.630756117026965,9.17554302877902,1.21210267204994,0.271652434166047,0.744483269496792,0.804064195788762,"cognps_random_slope"
"13332","BACE2","Mic P2RY12",1.37624338751921,3.9708010155453,2.95472559327967,0.0864873810671686,0.511641951157184,0.597021470708069,"cognps_random_slope"
"13333","FAM3B","Mic P2RY12",0.333562682634566,2.99339612006582,0.101235601091505,0.750536556254929,0.982244103840787,0.994674014762625,"cognps_random_slope"
"13334","MX2","Mic P2RY12",1.27328189390646,6.63369654892416,3.01720736930769,0.0832414341131884,0.505420462602119,0.593030725533821,"cognps_random_slope"
"13335","MX1","Mic P2RY12",1.39966161615519,6.54961634568894,3.47994744588086,0.0629307813630212,0.459538140558898,0.551408653645283,"cognps_random_slope"
"13336","AP001610.1","Mic P2RY12",1.42100722415142,2.94555255918292,1.31673113448105,0.251942342269472,0.729533130672687,0.789513879802273,"cognps_random_slope"
"13337","PRDM15","Mic P2RY12",-0.476270684893456,5.04967883360798,1.52590722112452,0.217534116213609,0.698281577604405,0.764142105183633,"cognps_random_slope"
"13338","C2CD2","Mic P2RY12",0.42636111926275,6.19174067514665,1.71066046388194,0.191735118400322,0.669079388045129,0.738884345436085,"cognps_random_slope"
"13339","ZBTB21","Mic P2RY12",-0.167804993233657,3.88240369265558,0.0783899316988809,0.853530391562845,0.999765323016076,0.999791880761836,"cognps_random_slope"
"13340","ABCG1","Mic P2RY12",-1.4955078132919,6.06492183388597,5.8048661368576,0.0164837291639184,0.252167185531587,0.334797904504991,"cognps_random_slope"
"13341","SLC37A1","Mic P2RY12",0.117058847462005,6.13136227404708,0.119366408510567,0.729924690524678,0.977924377749008,0.992735737523133,"cognps_random_slope"
"13342","PDE9A","Mic P2RY12",0.528347629128369,6.48019725090909,1.2917863808162,0.256475779844487,0.731824845243249,0.79283623974268,"cognps_random_slope"
"13343","AP001628.1","Mic P2RY12",-1.40113552260464,3.82631122844212,4.62212870292604,0.032228447544885,0.346166150645263,0.4390482733532,"cognps_random_slope"
"13344","WDR4","Mic P2RY12",-0.245658110419653,4.93785605102885,0.237793122930175,0.626101736255905,0.945289473587808,0.966374762030013,"cognps_random_slope"
"13345","NDUFV3","Mic P2RY12",0.0641129409091036,6.11180680112469,0.0547757996354193,0.815085314712218,0.994957963721761,0.999791880761836,"cognps_random_slope"
"13346","PKNOX1","Mic P2RY12",-0.0360802516023562,6.12371703081994,0.0127486887375643,0.910164835807368,0.999765323016076,0.999791880761836,"cognps_random_slope"
"13347","U2AF1","Mic P2RY12",-1.11147394477384,4.09522735402591,1.38889393031597,0.239371161020799,0.720371194439642,0.781439737216031,"cognps_random_slope"
"13348","RRP1B","Mic P2RY12",-0.469858947356672,6.08889968574916,1.56532068292544,0.211701152397293,0.692032617931702,0.758278026388146,"cognps_random_slope"
"13349","PDXK","Mic P2RY12",-0.106086312545731,7.37818810467956,0.0569128155912374,0.811579508578829,0.994447726155304,0.999791880761836,"cognps_random_slope"
"13350","CSTB","Mic P2RY12",-0.919808977032143,4.66185812986451,2.48854605054618,0.115556810416738,0.571009150588019,0.651313984573346,"cognps_random_slope"
"13351","RRP1","Mic P2RY12",-0.955210977162107,3.98609393496824,2.99669464368819,0.0995765733028312,0.538291915623736,0.62446560364738,"cognps_random_slope"
"13352","AGPAT3","Mic P2RY12",-0.260297373580714,7.06069134820124,1.04587881150634,0.307145582330915,0.767459627034639,0.826769615798399,"cognps_random_slope"
"13353","TRAPPC10","Mic P2RY12",0.163534418493206,7.3280097469186,0.485149368687403,0.739101497948087,0.980436558830992,0.994247512606934,"cognps_random_slope"
"13354","PWP2","Mic P2RY12",0.350827437059099,2.79483467647679,0.065231354218986,0.79855686119929,0.992143902613387,0.999791880761836,"cognps_random_slope"
"13355","GATD3A","Mic P2RY12",-1.02281847521616,3.47251214567741,1.50956281039505,0.220009205399681,0.701066373438034,0.76590145481113,"cognps_random_slope"
"13356","LINC01678","Mic P2RY12",0.0737033807419914,5.52393546838643,0.0262183924615365,0.871459042001313,0.999765323016076,0.999791880761836,"cognps_random_slope"
"13357","ICOSLG","Mic P2RY12",-0.944862617419151,3.07034321606839,1.16672789871095,0.280798441794878,0.750907838952912,0.811474754307675,"cognps_random_slope"
"13358","AP001059.3","Mic P2RY12",0.169677826072291,3.40025293432622,0.0374340498943274,0.846693228608555,0.999765323016076,0.999791880761836,"cognps_random_slope"
"13359","AP001059.2","Mic P2RY12",0.396159344294917,4.22307101128028,0.44440908876008,0.505429467701501,0.891090914075268,0.925603545137578,"cognps_random_slope"
"13360","PFKL","Mic P2RY12",0.320217569839178,5.73718768740073,0.796144745236461,0.372845165094538,0.813585823176047,0.864882626510583,"cognps_random_slope"
"13361","C21orf2","Mic P2RY12",0.523251526512692,4.48331124785198,1.17748048634303,0.278596384081592,0.748940851168991,0.809697872498657,"cognps_random_slope"
"13362","TRPM2","Mic P2RY12",-0.181908171928718,8.61920479103911,0.421490464189824,0.516608670059562,0.89517764834303,0.92854546784169,"cognps_random_slope"
"13363","UBE2G2","Mic P2RY12",-0.393884325847404,7.01214575894542,1.79888358174012,0.180693936119839,0.655694405074995,0.728625431912317,"cognps_random_slope"
"13364","SUMO3","Mic P2RY12",-0.628391954092713,4.35664377431264,1.83352846621392,0.176561600609343,0.647510916089937,0.723004651230449,"cognps_random_slope"
"13365","PTTG1IP","Mic P2RY12",-0.373131780051652,6.69988912754528,1.69813183263226,0.193366184012923,0.670637047090734,0.740026852677201,"cognps_random_slope"
"13366","ITGB2","Mic P2RY12",-0.614243490909622,7.25490175016806,3.74807976897437,0.053651574929276,0.433163567483365,0.525265775235232,"cognps_random_slope"
"13367","ITGB2-AS1","Mic P2RY12",-0.100708236027863,5.59386951759027,0.0427385154032226,0.836335414991232,0.999547866966635,0.999791880761836,"cognps_random_slope"
"13368","FAM207A","Mic P2RY12",-0.279981298666094,3.67362290348286,0.193411771018913,0.660356240741976,0.955868868241869,0.973975715718827,"cognps_random_slope"
"13369","AP001505.1","Mic P2RY12",-0.203455736904418,3.07808382029742,0.063255440229772,0.93407280841548,0.999765323016076,0.999791880761836,"cognps_random_slope"
"13370","ADARB1","Mic P2RY12",-0.741954818725829,5.42696952904504,2.27033695727368,0.132749100648522,0.593385823145713,0.670887351293642,"cognps_random_slope"
"13371","POFUT2","Mic P2RY12",0.190001343775199,4.39701629994282,0.188013077257432,0.664835466287849,0.957960903792096,0.975781249025661,"cognps_random_slope"
"13372","COL18A1","Mic P2RY12",-0.296870352333805,5.63771071707865,0.389068396134025,0.533184927439401,0.906222110364132,0.936267706926118,"cognps_random_slope"
"13373","SLC19A1","Mic P2RY12",0.186019409425927,4.99203991767061,0.181046726733175,0.670729746580011,0.96040702360495,0.977668722871038,"cognps_random_slope"
"13374","PCBP3","Mic P2RY12",-0.0788073738844695,5.61928579617257,0.0262582478960509,0.871362233273494,0.999765323016076,0.999791880761836,"cognps_random_slope"
"13375","COL6A1","Mic P2RY12",0.842799242843677,3.54413401424674,1.16525335304284,0.281102134195934,0.750907838952912,0.811474754307675,"cognps_random_slope"
"13376","LSS","Mic P2RY12",-0.103571892276873,4.57198806875156,0.050203528682612,0.822836732393837,0.996726931048618,0.999791880761836,"cognps_random_slope"
"13377","MCM3AP-AS1","Mic P2RY12",-0.766224482726507,3.68752146948476,1.28243720555558,0.258200844816626,0.733393285584486,0.794260887759699,"cognps_random_slope"
"13378","MCM3AP","Mic P2RY12",0.477584447773143,6.81798573127346,4.01994154227852,0.0457143016373637,0.403540522188166,0.497888372180852,"cognps_random_slope"
"13379","YBEY","Mic P2RY12",0.0699092929947327,4.08736513386177,0.0195850965335646,0.888780397480697,0.999765323016076,0.999791880761836,"cognps_random_slope"
"13380","C21orf58","Mic P2RY12",0.623373856802617,3.34015784299944,0.676440163662324,0.41136022622652,0.837123101831231,0.883754173839993,"cognps_random_slope"
"13381","PCNT","Mic P2RY12",0.308417394911901,5.58698563712876,0.723858315370446,0.395447336094189,0.82692088304535,0.876563829705978,"cognps_random_slope"
"13382","DIP2A","Mic P2RY12",0.0866063797087065,8.26661584250946,0.0554101347003174,0.814037257400776,0.994801668937034,0.999791880761836,"cognps_random_slope"
"13383","S100B","Mic P2RY12",-0.0646880648400207,3.43417591558935,0.00636014097138128,0.936480059476489,0.999765323016076,0.999791880761836,"cognps_random_slope"
"13384","PRMT2","Mic P2RY12",0.00859349856725076,8.278544840905,0.00215020752718648,0.96304082253849,0.999765323016076,0.999791880761836,"cognps_random_slope"
"13385","MT-ND1","Mic P2RY12",-0.941616211409903,9.16743987848156,3.73509513370474,0.0540655610600439,0.434347947711541,0.526344557013956,"cognps_random_slope"
"13386","MT-ND2","Mic P2RY12",-1.19918997602159,8.58340938488438,4.00402544012256,0.0461428409302598,0.4047031862747,0.498961401649665,"cognps_random_slope"
"13387","MT-CO1","Mic P2RY12",-0.281757325836434,10.189390829981,0.370855909404011,0.542922582169648,0.910123298286075,0.939148122050431,"cognps_random_slope"
"13388","MT-CO2","Mic P2RY12",-1.11331032841324,10.2142766002755,4.48377364157895,0.0349039517803597,0.355701793010342,0.449405821181158,"cognps_random_slope"
"13389","MT-ATP8","Mic P2RY12",-1.69675354531226,3.80302164081875,3.96820542942044,0.0471229241097702,0.408469796891999,0.502169638851254,"cognps_random_slope"
"13390","MT-ATP6","Mic P2RY12",-0.708032121639139,10.4084777639435,2.33999895635936,0.126968736023136,0.586524657513285,0.66477244627069,"cognps_random_slope"
"13391","MT-CO3","Mic P2RY12",-0.921070910561666,10.6619119331316,3.70942543160725,0.05489401925446,0.436313933844455,0.529113286354637,"cognps_random_slope"
"13392","MT-ND3","Mic P2RY12",-1.61660054705751,9.78106349532331,5.08507262137685,0.0247334920572771,0.305288362316625,0.396141600666734,"cognps_random_slope"
"13393","MT-ND4L","Mic P2RY12",-1.19924548805324,5.69260175343008,2.38328545007064,0.123518849777715,0.581585286973743,0.660864338941303,"cognps_random_slope"
"13394","MT-ND4","Mic P2RY12",-1.05295441909833,9.89865454348492,3.2342898587894,0.0729500277229089,0.483486834973886,0.572984775873399,"cognps_random_slope"
"13395","MT-ND5","Mic P2RY12",-0.817456959008358,7.45788661136849,2.01982079151798,0.15612399535647,0.626600078398338,0.705656671072896,"cognps_random_slope"
"13396","MT-ND6","Mic P2RY12",0.786697966545918,3.02401655939943,0.672574808959774,0.412698570021715,0.837838742139222,0.884354078617961,"cognps_random_slope"
"13397","MT-CYB","Mic P2RY12",-1.13278994993661,9.93384016080246,4.46180585244062,0.0353497732383955,0.358382812863917,0.452012408492564,"cognps_random_slope"
"13398","AC011043.1","Mic P2RY12",-1.39371026343967,2.66107835861333,1.26027259701805,0.262348417413562,0.736124610921095,0.796207077951358,"cognps_random_slope"
"13399","AL592183.1","Mic P2RY12",0.419674737329194,6.2781759281891,0.498684400126144,0.480535983736342,0.880619779516585,0.916617425491717,"cognps_random_slope"
"13400","AL354822.1","Mic P2RY12",1.46829537588058,3.43778019734884,2.35774762113176,0.125541351780029,0.585415476693599,0.663578701621864,"cognps_random_slope"
"13401","AC240274.1","Mic P2RY12",-0.631448105582709,3.89624428098839,1.13456128594485,0.287519106649105,0.754255972880221,0.814647163364235,"cognps_random_slope"
