"","gene","cluster_id","logFC","logCPM","F","p_val","p_adj.loc","p_adj.glb","coef"
"1","AL669831.5","Exc L5 ET",-0.063071023485129,5.41627311186096,1.06828569983383,0.303156539297427,0.999723251605349,1,"arteriol_scler"
"2","NOC2L","Exc L5 ET",-0.012144661554013,4.98947729789728,0.055071590137401,0.814813109040816,0.999723251605349,1,"arteriol_scler"
"3","HES4","Exc L5 ET",-0.165095080242985,5.11624589347953,4.12678609846175,0.0441458175265999,0.999723251605349,1,"arteriol_scler"
"4","AGRN","Exc L5 ET",-0.0506560939795028,5.16689242016734,0.823848012362525,0.365653469100814,0.999723251605349,1,"arteriol_scler"
"5","C1orf159","Exc L5 ET",-0.0174444845379299,5.66059794473535,0.185753227931664,0.667153210542059,0.999723251605349,1,"arteriol_scler"
"6","SDF4","Exc L5 ET",-0.0419486279722946,5.1877101721097,0.913531804471866,0.340864865373728,0.999723251605349,1,"arteriol_scler"
"7","UBE2J2","Exc L5 ET",0.0385467402518976,4.86981296227898,0.755960415060597,0.386118469651316,0.999723251605349,1,"arteriol_scler"
"8","ACAP3","Exc L5 ET",0.0641466303307782,6.38540436683985,3.42413739251379,0.0664067267730828,0.999723251605349,1,"arteriol_scler"
"9","INTS11","Exc L5 ET",0.0522061580834568,5.48279405826892,1.83826172277043,0.17738854567943,0.999723251605349,1,"arteriol_scler"
"10","DVL1","Exc L5 ET",-0.0800941982484717,4.30861412505366,1.5420642854938,0.216435423230268,0.999723251605349,1,"arteriol_scler"
"11","AURKAIP1","Exc L5 ET",0.0257084054378305,4.79580635113114,0.106535537700122,0.744622149837822,0.999723251605349,1,"arteriol_scler"
"12","CCNL2","Exc L5 ET",0.0176569695197442,5.65049451059217,0.246170305659569,0.620580843562809,0.999723251605349,1,"arteriol_scler"
"13","MRPL20","Exc L5 ET",-0.00321099095437512,4.76194252390168,0.00227153592909739,0.962056211577639,0.999723251605349,1,"arteriol_scler"
"14","ATAD3B","Exc L5 ET",-0.0722829495193046,4.83620916829711,1.6990425814176,0.194602439208348,0.999723251605349,1,"arteriol_scler"
"15","ATAD3A","Exc L5 ET",0.025581767930818,4.18709489398531,0.184608910741556,0.668117899073156,0.999723251605349,1,"arteriol_scler"
"16","SSU72","Exc L5 ET",-0.0428607927947728,5.69213426056507,0.455229284936513,0.501000618935671,0.999723251605349,1,"arteriol_scler"
"17","FNDC10","Exc L5 ET",0.000931227538885257,3.98314207724148,0.000232073397655625,0.987867725178511,0.999723251605349,1,"arteriol_scler"
"18","MIB2","Exc L5 ET",0.00556200706162129,5.33151325466378,0.0214822890372261,0.883688465973968,0.999723251605349,1,"arteriol_scler"
"19","CDK11B","Exc L5 ET",-0.000693723190329509,4.97172471781335,0.000180441835460886,0.989302016058988,0.999723251605349,1,"arteriol_scler"
"20","SLC35E2B","Exc L5 ET",-0.0466482038483653,4.87991837579937,0.65475560202818,0.419822521217787,0.999723251605349,1,"arteriol_scler"
"21","CDK11A","Exc L5 ET",0.0735085733954151,4.20285877092243,1.33617975122445,0.249723409143948,0.999723251605349,1,"arteriol_scler"
"22","SLC35E2A","Exc L5 ET",0.0204698442595237,4.62981839260046,0.140129171075452,0.812214703883476,0.999723251605349,1,"arteriol_scler"
"23","NADK","Exc L5 ET",-0.0211925172514621,4.36670838872142,0.158560646224677,0.69110586636393,0.999723251605349,1,"arteriol_scler"
"24","GNB1","Exc L5 ET",0.01693165659973,7.34217056781931,0.466493698196025,0.495759618701461,0.999723251605349,1,"arteriol_scler"
"25","CFAP74","Exc L5 ET",0.0229968030017336,4.84123065512304,0.202465026857184,0.653575949285757,0.999723251605349,1,"arteriol_scler"
"26","GABRD","Exc L5 ET",0.0212448882760778,5.74643651956635,0.160749017513501,0.689093311828328,0.999723251605349,1,"arteriol_scler"
"27","PRKCZ","Exc L5 ET",0.00640536967842524,6.71075230227505,0.0525349401753315,0.974016823419908,0.999723251605349,1,"arteriol_scler"
"28","SKI","Exc L5 ET",-0.0142739921690711,5.79220728921269,0.117847758294445,0.731907539201546,0.999723251605349,1,"arteriol_scler"
"29","MORN1","Exc L5 ET",-0.00844763661420107,5.08927184149342,0.0370486833650476,0.947566368794262,0.999723251605349,1,"arteriol_scler"
"30","RER1","Exc L5 ET",-0.0608775490630278,4.90748883404405,1.32862298992386,0.251060323852495,0.999723251605349,1,"arteriol_scler"
"31","PEX10","Exc L5 ET",-0.0400177430415164,4.11646660623542,0.308168467210694,0.579712773537801,0.999723251605349,1,"arteriol_scler"
"32","TPRG1L","Exc L5 ET",0.0241457119789782,5.33408492394816,0.105016550586699,0.746385554558484,0.999723251605349,1,"arteriol_scler"
"33","LRRC47","Exc L5 ET",0.0321437563155413,4.64553003491175,0.380324124867552,0.538454692196605,0.999723251605349,1,"arteriol_scler"
"34","CEP104","Exc L5 ET",0.0197321648679668,5.55771849365637,0.300000402160045,0.584774640775126,0.999723251605349,1,"arteriol_scler"
"35","DFFB","Exc L5 ET",-0.0203552650716368,4.71204147354926,0.131957148566306,0.716972028216099,0.999723251605349,1,"arteriol_scler"
"36","AJAP1","Exc L5 ET",0.048329921967653,6.29101774934549,1.23782826341968,0.267841091276357,0.999723251605349,1,"arteriol_scler"
"37","NPHP4","Exc L5 ET",-0.0187401965182801,5.82686986688631,0.232092778882185,0.630746122129864,0.999723251605349,1,"arteriol_scler"
"38","KCNAB2","Exc L5 ET",0.0188128191303179,7.25192081893928,0.30344945645151,0.582626374327037,0.999723251605349,1,"arteriol_scler"
"39","CHD5","Exc L5 ET",0.027241651089775,6.91285905000893,0.575125518138096,0.449533753379856,0.999723251605349,1,"arteriol_scler"
"40","RPL22","Exc L5 ET",-0.0418043276645837,4.84750585262715,0.565040628307075,0.453527561482103,0.999723251605349,1,"arteriol_scler"
"41","RNF207","Exc L5 ET",-0.0166563957796454,4.7868727865709,0.0942711403942026,0.759282763452084,0.999723251605349,1,"arteriol_scler"
"42","ICMT","Exc L5 ET",-0.0869640674328836,3.90911556792802,1.18673864284249,0.277903509716147,0.999723251605349,1,"arteriol_scler"
"43","ACOT7","Exc L5 ET",0.0208865292435992,6.52609417968153,0.259401242016192,0.611352300948476,0.999723251605349,1,"arteriol_scler"
"44","TNFRSF25","Exc L5 ET",-0.031152750246515,5.78885802428247,0.425190598475694,0.515452322165,0.999723251605349,1,"arteriol_scler"
"45","PLEKHG5","Exc L5 ET",-0.0718524108667003,5.16994747193609,2.17235500070807,0.142808121653991,0.999723251605349,1,"arteriol_scler"
"46","NOL9","Exc L5 ET",0.00868943470541437,5.16549462788598,0.0319577256544055,0.858384925668963,0.999723251605349,1,"arteriol_scler"
"47","ZBTB48","Exc L5 ET",-0.0951104392257497,4.17406010636552,1.90966737502575,0.169252432183269,0.999723251605349,1,"arteriol_scler"
"48","KLHL21","Exc L5 ET",0.134191495874311,4.53777043993032,6.11704598833861,0.0146133828766133,0.999723251605349,1,"arteriol_scler"
"49","DNAJC11","Exc L5 ET",-0.0597639491416921,6.0637670453223,3.00640794828781,0.0851885233198038,0.999723251605349,1,"arteriol_scler"
"50","CAMTA1","Exc L5 ET",0.0306504690632464,9.2384952344326,1.58763789796269,0.209808952626027,0.999723251605349,1,"arteriol_scler"
"51","VAMP3","Exc L5 ET",0.0803432681351366,3.89397060019285,1.17583407532898,0.280112893075819,0.999723251605349,1,"arteriol_scler"
"52","PER3","Exc L5 ET",-0.0529783227927138,5.89948699327976,1.87910096706806,0.172681014595351,0.999723251605349,1,"arteriol_scler"
"53","PARK7","Exc L5 ET",0.0579202760163483,5.30857908398825,0.586760072842358,0.444994289218381,0.999723251605349,1,"arteriol_scler"
"54","ERRFI1","Exc L5 ET",-0.0291286432866339,4.64309277403005,0.340400326637498,0.560558805725687,0.999723251605349,1,"arteriol_scler"
"55","SLC45A1","Exc L5 ET",0.0426011891260701,4.54394188053841,0.376856702976384,0.540309690252956,0.999723251605349,1,"arteriol_scler"
"56","RERE","Exc L5 ET",0.0196871885762596,8.70998425035857,0.547950158367368,0.460424888415515,0.999723251605349,1,"arteriol_scler"
"57","ENO1","Exc L5 ET",0.0516587672085668,6.51398023854094,0.649796909041332,0.421584225159711,0.999723251605349,1,"arteriol_scler"
"58","MIR34AHG","Exc L5 ET",-0.0466692289658606,7.27328222040054,0.680777945534475,0.410755280502929,0.999723251605349,1,"arteriol_scler"
"59","H6PD","Exc L5 ET",-0.032253193695915,4.55460475583167,0.27163601034998,0.60307902318779,0.999723251605349,1,"arteriol_scler"
"60","SLC25A33","Exc L5 ET",0.00816100127727399,4.50350723320715,0.0233481458217594,0.878780333616947,0.999723251605349,1,"arteriol_scler"
"61","PIK3CD","Exc L5 ET",0.0503624310335774,4.11561022312069,0.420953662695204,0.517549162385037,0.999723251605349,1,"arteriol_scler"
"62","CLSTN1","Exc L5 ET",0.012839774379198,8.13728360079959,0.171991979972338,0.678997069866024,0.999723251605349,1,"arteriol_scler"
"63","CTNNBIP1","Exc L5 ET",0.070692207637874,4.78072724683148,1.87345294927549,0.220028383115625,0.999723251605349,1,"arteriol_scler"
"64","LZIC","Exc L5 ET",-0.0826763392887759,4.3188767740572,1.88919043622545,0.171540466959554,0.999723251605349,1,"arteriol_scler"
"65","NMNAT1","Exc L5 ET",0.0195861468905794,4.89247218471333,0.128030862193629,0.721033932301481,0.999723251605349,1,"arteriol_scler"
"66","UBE4B","Exc L5 ET",0.00469518000218594,7.39752445838397,0.0200473312255929,0.887613249928223,0.999723251605349,1,"arteriol_scler"
"67","KIF1B","Exc L5 ET",0.00547730553566733,8.74485253229831,0.0857013075894949,0.770158412382001,0.999723251605349,1,"arteriol_scler"
"68","PGD","Exc L5 ET",-0.0120111596738387,4.48766326984046,0.0523420230552644,0.819378592066137,0.999723251605349,1,"arteriol_scler"
"69","DFFA","Exc L5 ET",-0.000540617897310819,4.74546722827929,0.000125087360552054,0.991092741140899,0.999723251605349,1,"arteriol_scler"
"70","PEX14","Exc L5 ET",0.00232571366611059,5.96712041683479,0.00490925717675947,0.944243365427932,0.999723251605349,1,"arteriol_scler"
"71","SRM","Exc L5 ET",0.0193701857540517,5.19950565031608,0.094097919329902,0.759497118215068,0.999723251605349,1,"arteriol_scler"
"72","EXOSC10","Exc L5 ET",0.0326196809970528,5.17128126523751,0.573973734826672,0.476485937650824,0.999723251605349,1,"arteriol_scler"
"73","MTOR","Exc L5 ET",-0.00702377857260705,6.18824067862414,0.0400740447378618,0.841633135158953,0.999723251605349,1,"arteriol_scler"
"74","FBXO2","Exc L5 ET",0.000833843174052302,5.9858927879794,0.000181212759118152,0.989279188653412,0.999723251605349,1,"arteriol_scler"
"75","FBXO44","Exc L5 ET",-0.00120251964107342,6.05221409446352,0.000601620368880457,0.980467227928542,0.999723251605349,1,"arteriol_scler"
"76","MTHFR","Exc L5 ET",0.0504107663483752,4.8428207302433,0.99085327947151,0.321291196420222,0.999723251605349,1,"arteriol_scler"
"77","CLCN6","Exc L5 ET",0.0226666031592284,4.16373169960505,0.138001209083734,0.710850896693006,0.999723251605349,1,"arteriol_scler"
"78","KIAA2013","Exc L5 ET",0.0537609094348786,4.26301629486432,0.853198131587781,0.357275385902588,0.999723251605349,1,"arteriol_scler"
"79","MFN2","Exc L5 ET",0.022898094982158,5.42347144094864,0.31742534037274,0.574081287708758,0.999723251605349,1,"arteriol_scler"
"80","VPS13D","Exc L5 ET",0.00367144380931466,8.63176790534386,0.0145660596406062,0.904113699941378,0.999723251605349,1,"arteriol_scler"
"81","DHRS3","Exc L5 ET",-0.00279572114232199,4.31599921271422,0.00163965863381403,0.967759359318747,0.999723251605349,1,"arteriol_scler"
"82","PRDM2","Exc L5 ET",-0.0463043061288281,7.45732814486091,2.95123573818579,0.0880743022745296,0.999723251605349,1,"arteriol_scler"
"83","KAZN","Exc L5 ET",0.00191510995302238,11.0352159115904,0.00320141978264391,0.954961447584288,0.999723251605349,1,"arteriol_scler"
"84","EFHD2","Exc L5 ET",-0.075529173292877,5.80080066415609,1.97411809691536,0.16227794812621,0.999723251605349,1,"arteriol_scler"
"85","CASP9","Exc L5 ET",0.0650209479219869,4.18789134066775,1.00769961226388,0.399257723597412,0.999723251605349,1,"arteriol_scler"
"86","DNAJC16","Exc L5 ET",0.0132987324098949,5.77603266958322,0.121745670106977,0.727685235806218,0.999723251605349,1,"arteriol_scler"
"87","DDI2","Exc L5 ET",0.0570176690204497,5.26591882318722,1.693994621674,0.195262597911024,0.999723251605349,1,"arteriol_scler"
"88","PLEKHM2","Exc L5 ET",0.0186532539646869,5.68142912531631,0.239072434936658,0.625659760836071,0.999723251605349,1,"arteriol_scler"
"89","UQCRHL","Exc L5 ET",-0.071297075514905,3.95892763791188,0.45342945342175,0.501846774849509,0.999723251605349,1,"arteriol_scler"
"90","SPEN","Exc L5 ET",0.029699454734125,6.05503923244597,1.01880719581463,0.31458392059534,0.999723251605349,1,"arteriol_scler"
"91","ZBTB17","Exc L5 ET",0.0526410880285595,4.16200564381265,0.762588225247761,0.384049907032412,0.999723251605349,1,"arteriol_scler"
"92","FBXO42","Exc L5 ET",-0.0186659852452237,6.98293319310786,0.380066975928933,0.538591859688507,0.999723251605349,1,"arteriol_scler"
"93","SZRD1","Exc L5 ET",0.0120592329677269,4.22373291845346,0.0345431684955492,0.852831454613013,0.999723251605349,1,"arteriol_scler"
"94","NBPF1","Exc L5 ET",-0.051517891609902,5.09112824790655,0.89045072069408,0.347018606103562,0.999723251605349,1,"arteriol_scler"
"95","CROCC","Exc L5 ET",-0.00916558413724742,5.89395400083908,0.042683183848398,0.836630121361778,0.999723251605349,1,"arteriol_scler"
"96","AL049569.1","Exc L5 ET",-0.0320188763880602,4.13676405630751,0.118080855241921,0.731652864338494,0.999723251605349,1,"arteriol_scler"
"97","ATP13A2","Exc L5 ET",0.0287768765745964,6.74761759102865,0.763877455966168,0.383649374941358,0.999723251605349,1,"arteriol_scler"
"98","SDHB","Exc L5 ET",-0.0710451229633755,5.73953203763089,3.64619977208165,0.0654627683795665,0.999723251605349,1,"arteriol_scler"
"99","RCC2","Exc L5 ET",0.0209538639442717,4.15568815099037,0.107941485757978,0.743002335213227,0.999723251605349,1,"arteriol_scler"
"100","ARHGEF10L","Exc L5 ET",-0.0178728328563554,5.45474780367194,0.161719089337428,0.688206266393369,0.999723251605349,1,"arteriol_scler"
"101","IGSF21","Exc L5 ET",0.0481175400558278,8.05366112717237,2.26589642120721,0.134554894242711,0.999723251605349,1,"arteriol_scler"
"102","UBR4","Exc L5 ET",0.00940147114968036,6.49170896499675,0.102367134451072,0.749495347624897,0.999723251605349,1,"arteriol_scler"
"103","AL035413.1","Exc L5 ET",-0.107013093434884,3.90487551335936,1.61125735990758,0.206470193495387,0.999723251605349,1,"arteriol_scler"
"104","EMC1","Exc L5 ET",0.10550321503565,4.42289785370144,4.04272686034779,0.0463274039309759,0.999723251605349,1,"arteriol_scler"
"105","MRTO4","Exc L5 ET",-0.100447017045695,4.12793807519021,2.71828367676205,0.10149907741577,0.999723251605349,1,"arteriol_scler"
"106","AKR7A2","Exc L5 ET",0.0992220005226345,4.16811050799729,2.3064334019893,0.131146880427846,0.999723251605349,1,"arteriol_scler"
"107","CAPZB","Exc L5 ET",-0.0321640463325508,6.84336671936646,1.17091991693814,0.281115853522836,0.999723251605349,1,"arteriol_scler"
"108","NBL1","Exc L5 ET",0.00020681835298737,5.1464019503837,1.0649151118936e-05,0.997401018439379,0.999723251605349,1,"arteriol_scler"
"109","OTUD3","Exc L5 ET",0.00989816743760428,5.93186838317764,0.0499318207576305,0.823515259344776,0.999723251605349,1,"arteriol_scler"
"110","CAMK2N1","Exc L5 ET",0.0388494770982078,7.37322525748428,0.338447106354764,0.561684305679794,0.999723251605349,1,"arteriol_scler"
"111","MUL1","Exc L5 ET",-0.0348581698544112,3.73493740932984,0.182314276200136,0.670063068146133,0.999723251605349,1,"arteriol_scler"
"112","FAM43B","Exc L5 ET",0.0326836991321043,3.70750051306824,0.134087240223763,0.714796953715897,0.999723251605349,1,"arteriol_scler"
"113","PINK1","Exc L5 ET",0.0217829928076973,6.2629422215028,0.125344796024597,0.723853446141059,0.999723251605349,1,"arteriol_scler"
"114","DDOST","Exc L5 ET",-0.0515908177852008,4.41648073459988,0.663631494442407,0.416696557869453,0.999723251605349,1,"arteriol_scler"
"115","KIF17","Exc L5 ET",-0.0608065987386951,4.0549973507708,0.764162604632191,0.383560866870093,0.999723251605349,1,"arteriol_scler"
"116","HP1BP3","Exc L5 ET",0.0253837724246392,6.74666193642069,0.546970136575222,0.460825447511777,0.999723251605349,1,"arteriol_scler"
"117","EIF4G3","Exc L5 ET",0.0151418093063668,9.14383501910278,0.417867102634715,0.519086160931317,0.999723251605349,1,"arteriol_scler"
"118","ECE1","Exc L5 ET",-0.00143474150890854,4.15754205964212,0.000308548055579629,0.986011041221525,0.999723251605349,1,"arteriol_scler"
"119","NBPF3","Exc L5 ET",-0.0197977321859987,4.19808330584602,0.0975593879091768,0.755253909428287,0.999723251605349,1,"arteriol_scler"
"120","RAP1GAP","Exc L5 ET",0.0330429875714143,6.72072287320269,1.1597148037351,0.283419934984731,0.999723251605349,1,"arteriol_scler"
"121","USP48","Exc L5 ET",0.0206163372410082,6.51744791484138,0.46267521544958,0.497525769518289,0.999723251605349,1,"arteriol_scler"
"122","CDC42","Exc L5 ET",0.0296549609676379,6.24478726542827,0.62734464019773,0.429702168529151,0.999723251605349,1,"arteriol_scler"
"123","ZBTB40","Exc L5 ET",-0.0203686743319249,4.48465610646582,0.12362311803999,0.725678593769211,0.999723251605349,1,"arteriol_scler"
"124","EPHB2","Exc L5 ET",-0.0403804288655501,6.30267865697122,0.666432749538663,0.41571721401082,0.999723251605349,1,"arteriol_scler"
"125","KDM1A","Exc L5 ET",-0.0328183042213516,5.90551945466371,0.755649915980612,0.386215768173429,0.999723251605349,1,"arteriol_scler"
"126","AL031428.1","Exc L5 ET",-0.0313407353851056,4.30936853064476,0.237539447418088,0.626768955989273,0.999723251605349,1,"arteriol_scler"
"127","LUZP1","Exc L5 ET",-0.015327510664382,7.64426893186402,0.428149133872384,0.513996977068724,0.999723251605349,1,"arteriol_scler"
"128","HNRNPR","Exc L5 ET",0.0198786880896801,5.23901690761943,0.209331659996178,0.648017488561895,0.999723251605349,1,"arteriol_scler"
"129","TCEA3","Exc L5 ET",-0.079545740557205,3.82535342786879,0.690266595628521,0.407521269909513,0.999723251605349,1,"arteriol_scler"
"130","ASAP3","Exc L5 ET",-0.0926955377006035,4.9559904966726,2.41738918311444,0.122305008493971,0.999723251605349,1,"arteriol_scler"
"131","RPL11","Exc L5 ET",-0.0757838808456411,5.01401887546644,0.703513558164347,0.403068690054943,0.999723251605349,1,"arteriol_scler"
"132","ELOA","Exc L5 ET",0.0382049605307472,4.4402420696099,0.548564178708411,0.750479598351235,0.999723251605349,1,"arteriol_scler"
"133","ELOA-AS1","Exc L5 ET",-0.0248830870195569,4.83496424980428,0.213265881335984,0.644953059501307,0.999723251605349,1,"arteriol_scler"
"134","PITHD1","Exc L5 ET",0.00728552421572804,5.57244797813385,0.0119361776494815,0.913162052006624,0.999723251605349,1,"arteriol_scler"
"135","GALE","Exc L5 ET",0.0556841458910678,4.18802869792227,0.6555712846008,0.419533787092894,0.999723251605349,1,"arteriol_scler"
"136","PNRC2","Exc L5 ET",-0.0459495521362982,3.93649589477429,0.342859116453892,0.559148127632715,0.999723251605349,1,"arteriol_scler"
"137","SRSF10","Exc L5 ET",-0.0441732880779687,5.98800717902124,1.06765856646493,0.303297956166324,0.999723251605349,1,"arteriol_scler"
"138","STPG1","Exc L5 ET",-0.00817567705151609,4.47721529615498,0.0196294636690614,0.888782934929826,0.999723251605349,1,"arteriol_scler"
"139","NIPAL3","Exc L5 ET",0.0142881444810302,5.71401846598109,0.140815043375815,0.708053209143034,0.999723251605349,1,"arteriol_scler"
"140","SRRM1","Exc L5 ET",-0.00824975158604971,5.75742968822563,0.0574750289483478,0.977135866884952,0.999723251605349,1,"arteriol_scler"
"141","SYF2","Exc L5 ET",0.0223521044524118,4.44928436221903,0.113331864767407,0.736898107734158,0.999723251605349,1,"arteriol_scler"
"142","RSRP1","Exc L5 ET",-0.0204161556188892,7.70068327091144,0.298734403157455,0.585567210492121,0.999723251605349,1,"arteriol_scler"
"143","TMEM50A","Exc L5 ET",0.00127418747678652,4.77215051666437,0.000601662451243756,0.98046654493571,0.999723251605349,1,"arteriol_scler"
"144","MACO1","Exc L5 ET",0.0199400644216067,6.32258906210871,0.368354652107889,0.666664616229328,0.999723251605349,1,"arteriol_scler"
"145","MAN1C1","Exc L5 ET",0.0495979022006734,5.31129373085542,0.831994417864275,0.363300906298263,0.999723251605349,1,"arteriol_scler"
"146","MTFR1L","Exc L5 ET",-0.0393798997159674,5.13582664585997,0.689384111797425,0.407820457982084,0.999723251605349,1,"arteriol_scler"
"147","STMN1","Exc L5 ET",-0.0356184217977745,6.68582633286825,0.203871643515175,0.652328683581164,0.999723251605349,1,"arteriol_scler"
"148","EXTL1","Exc L5 ET",0.0177495643863354,4.83937384640032,0.111022359182199,0.739493258793859,0.999723251605349,1,"arteriol_scler"
"149","PDIK1L","Exc L5 ET",-0.0850841472912759,4.30766060592766,2.1165643500401,0.148003608861143,0.999723251605349,1,"arteriol_scler"
"150","CEP85","Exc L5 ET",-0.0375047179377103,4.59026689665583,0.48759758898641,0.533373663501603,0.999723251605349,1,"arteriol_scler"
"151","SH3BGRL3","Exc L5 ET",0.158492643603229,4.83374194929521,2.80795526820802,0.0960818044264958,0.999723251605349,1,"arteriol_scler"
"152","UBXN11","Exc L5 ET",-0.0551059137426452,4.21052319419593,0.705725361423963,0.402332216964951,0.999723251605349,1,"arteriol_scler"
"153","DHDDS","Exc L5 ET",-0.0289686103871792,6.01451659880957,0.431174099933401,0.512516369033178,0.999723251605349,1,"arteriol_scler"
"154","HMGN2","Exc L5 ET",0.0738226932045054,3.96969821027654,0.875854878328607,0.350988505495987,0.999723251605349,1,"arteriol_scler"
"155","ARID1A","Exc L5 ET",-0.0156803494648878,5.91626995856303,0.176507877643785,0.675050731294844,0.999723251605349,1,"arteriol_scler"
"156","ZDHHC18","Exc L5 ET",0.0386046153015773,5.02044050797082,0.863369768186857,0.522843375498322,0.999723251605349,1,"arteriol_scler"
"157","NUDC","Exc L5 ET",-0.0357270737904884,5.28032062554274,0.325544180403385,0.569230594511165,0.999723251605349,1,"arteriol_scler"
"158","TRNP1","Exc L5 ET",-0.0173101220878125,4.53825102864455,0.0677788564534817,0.794990063371497,0.999723251605349,1,"arteriol_scler"
"159","SLC9A1","Exc L5 ET",-0.00135483881242517,5.26437943697882,0.000858187373274798,0.97667213615282,0.999723251605349,1,"arteriol_scler"
"160","WDTC1","Exc L5 ET",0.020719704963831,5.26475174211479,0.22688194898197,0.719273219875508,0.999723251605349,1,"arteriol_scler"
"161","TMEM222","Exc L5 ET",0.0140299316325497,4.99163516555066,0.0938885880056343,0.759756446527821,0.999723251605349,1,"arteriol_scler"
"162","WASF2","Exc L5 ET",-0.0120088743519262,4.8199861933686,0.0635249700686576,0.801387137523031,0.999723251605349,1,"arteriol_scler"
"163","AHDC1","Exc L5 ET",0.021563433119057,5.44310037360415,0.264950012306061,0.60757020618498,0.999723251605349,1,"arteriol_scler"
"164","IFI6","Exc L5 ET",0.123037917524807,5.29669742003374,2.04081367193153,0.155406744053454,0.999723251605349,1,"arteriol_scler"
"165","FAM76A","Exc L5 ET",0.00896418085942301,4.9131343565518,0.0442241490674634,0.833750002693184,0.999723251605349,1,"arteriol_scler"
"166","STX12","Exc L5 ET",-0.0264952748832765,6.94827013666776,1.18009196968215,0.27924755107545,0.999723251605349,1,"arteriol_scler"
"167","PPP1R8","Exc L5 ET",0.0488428121002472,4.00698848477777,0.532880614353387,0.466646366318353,0.999723251605349,1,"arteriol_scler"
"168","THEMIS2","Exc L5 ET",0.0308945469349757,4.03860978907896,0.220572225700938,0.639351930580209,0.999723251605349,1,"arteriol_scler"
"169","RPA2","Exc L5 ET",-0.00224318655221197,4.38051801429609,0.00118061213197651,0.972640130131013,0.999723251605349,1,"arteriol_scler"
"170","EYA3","Exc L5 ET",0.0113128026985718,6.44545338024946,0.106955404086226,0.744137181613941,0.999723251605349,1,"arteriol_scler"
"171","DNAJC8","Exc L5 ET",0.0130273114609977,5.08550492242525,0.0566879968509774,0.81216563817428,0.999723251605349,1,"arteriol_scler"
"172","ATP5IF1","Exc L5 ET",-0.0215764387006215,5.9489422668871,0.0709179736593491,0.790405796864131,0.999723251605349,1,"arteriol_scler"
"173","SESN2","Exc L5 ET",-0.0151707553532857,3.88062013491892,0.0389485339811401,0.843843559290921,0.999723251605349,1,"arteriol_scler"
"174","PHACTR4","Exc L5 ET",0.00366383401744694,6.46858928707922,0.0101826817616152,0.919770210094375,0.999723251605349,1,"arteriol_scler"
"175","RCC1","Exc L5 ET",-0.0220978372021948,4.86577683606239,0.197302149257724,0.668000207017843,0.999723251605349,1,"arteriol_scler"
"176","TRNAU1AP","Exc L5 ET",0.0606070681690861,5.82569698751654,2.41789073392411,0.122266590681582,0.999723251605349,1,"arteriol_scler"
"177","TAF12","Exc L5 ET",-0.00500090605600936,4.37501886727081,0.00779484415905474,0.971653123193944,0.999723251605349,1,"arteriol_scler"
"178","GMEB1","Exc L5 ET",-0.00216123380770496,4.347480377406,0.00149383730461085,0.969225626287625,0.999723251605349,1,"arteriol_scler"
"179","YTHDF2","Exc L5 ET",0.0309006479242614,5.26065804020954,0.573838703350794,0.450040275539197,0.999723251605349,1,"arteriol_scler"
"180","EPB41","Exc L5 ET",-0.00343514853892825,7.32669414149994,0.00980601150855902,0.921263121328387,0.999723251605349,1,"arteriol_scler"
"181","SRSF4","Exc L5 ET",0.00176589147877909,6.63443188523436,0.00318270455952156,0.955093145252101,0.999723251605349,1,"arteriol_scler"
"182","MECR","Exc L5 ET",0.00180889110399266,5.5599661510265,0.0019255274287664,0.965063374050061,0.999723251605349,1,"arteriol_scler"
"183","PTPRU","Exc L5 ET",0.0461885677409067,4.55446930241606,0.556492854484294,0.456956618914881,0.999723251605349,1,"arteriol_scler"
"184","MATN1","Exc L5 ET",-0.332630608441941,3.06663849222574,2.33006385174255,0.129205181007992,0.999723251605349,1,"arteriol_scler"
"185","SDC3","Exc L5 ET",0.127446130449145,4.37011275361556,4.1501592202621,0.0435588529737418,0.999723251605349,1,"arteriol_scler"
"186","PUM1","Exc L5 ET",0.0230750434011035,6.86254278402739,0.602799155759371,0.438852199361203,0.999723251605349,1,"arteriol_scler"
"187","SNRNP40","Exc L5 ET",-0.0547590887680455,5.23850958404458,1.9656802899991,0.163171897205329,0.999723251605349,1,"arteriol_scler"
"188","ZCCHC17","Exc L5 ET",-0.0128401562143314,5.73317437722223,0.117997590433219,0.731743804704994,0.999723251605349,1,"arteriol_scler"
"189","AL451070.1","Exc L5 ET",-0.100558758873443,4.03929539798108,1.10131180727806,0.295828649980284,0.999723251605349,1,"arteriol_scler"
"190","FABP3","Exc L5 ET",-0.00528982022429673,4.39234945813039,0.00491662915810066,0.944201586695301,0.999723251605349,1,"arteriol_scler"
"191","PEF1","Exc L5 ET",0.104655183382414,4.50505755412609,1.49596883576686,0.223395240675467,0.999723251605349,1,"arteriol_scler"
"192","COL16A1","Exc L5 ET",0.136552212655172,4.07931298416133,2.3633644614704,0.126523568863067,0.999723251605349,1,"arteriol_scler"
"193","ADGRB2","Exc L5 ET",0.0563477595135312,6.05721247131612,1.72918546452026,0.190714780782995,0.999723251605349,1,"arteriol_scler"
"194","PTP4A2","Exc L5 ET",-0.125620647669544,3.84854405412652,2.69061584334816,0.103237975608437,0.999723251605349,1,"arteriol_scler"
"195","KHDRBS1","Exc L5 ET",0.0474826488888569,6.09974501846654,2.19173824825197,0.141051845572276,0.999723251605349,1,"arteriol_scler"
"196","TMEM39B","Exc L5 ET",0.0503642164802123,4.57965519601135,0.938077517548861,0.471779173814296,0.999723251605349,1,"arteriol_scler"
"197","KPNA6","Exc L5 ET",0.00758798406294717,6.56000594716444,0.0701739376025032,0.791482383881101,0.999723251605349,1,"arteriol_scler"
"198","TXLNA","Exc L5 ET",0.105330907865674,4.34257689662589,3.25077192125876,0.0735907412800648,0.999723251605349,1,"arteriol_scler"
"199","EIF3I","Exc L5 ET",-0.0202767345329789,4.19847271228987,0.0505585419737316,0.822429690118282,0.999723251605349,1,"arteriol_scler"
"200","BSDC1","Exc L5 ET",0.0238850914217632,5.87754209543848,0.48186976599956,0.488753641566058,0.999723251605349,1,"arteriol_scler"
"201","ZBTB8OS","Exc L5 ET",-0.00971847288140089,6.46932229104135,0.065560712721438,0.798298158102283,0.999723251605349,1,"arteriol_scler"
"202","RBBP4","Exc L5 ET",-0.00189750606567771,5.6565436843963,0.00345599334719663,0.961343442128457,0.999723251605349,1,"arteriol_scler"
"203","SYNC","Exc L5 ET",-0.00140552468740502,3.8856212828636,0.000195425301368812,0.988866732953894,0.999723251605349,1,"arteriol_scler"
"204","KIAA1522","Exc L5 ET",0.0294275149717564,3.97632206076995,0.162841859105356,0.687183445722465,0.999723251605349,1,"arteriol_scler"
"205","YARS","Exc L5 ET",-0.00205568502183152,5.88041342551171,0.00238318312817813,0.961135645863377,0.999723251605349,1,"arteriol_scler"
"206","AK2","Exc L5 ET",-0.0666002553809135,4.8581752920268,1.98356497475184,0.161283779531589,0.999723251605349,1,"arteriol_scler"
"207","AZIN2","Exc L5 ET",-0.0177456827250508,5.36642571161692,0.152939212850885,0.696350568216206,0.999723251605349,1,"arteriol_scler"
"208","ZNF362","Exc L5 ET",-0.0131083519616804,4.6249508373449,0.0653262722088583,0.798651263838458,0.999723251605349,1,"arteriol_scler"
"209","PHC2","Exc L5 ET",-0.0162906565057653,6.50282219229034,0.278529239822895,0.731076091073273,0.999723251605349,1,"arteriol_scler"
"210","CSMD2","Exc L5 ET",0.00783414223709257,8.15206075055372,0.0404386246947167,0.840924065093831,0.999723251605349,1,"arteriol_scler"
"211","SMIM12","Exc L5 ET",-0.00700296249809896,5.90409259326262,0.029774632976762,0.863257582629926,0.999723251605349,1,"arteriol_scler"
"212","DLGAP3","Exc L5 ET",-0.000231081423765912,5.7145641343551,3.94586083667345e-05,0.994997184520866,0.999723251605349,1,"arteriol_scler"
"213","SFPQ","Exc L5 ET",-0.000657644287543289,6.67939856316077,0.000444811485982857,0.983204147756882,0.999723251605349,1,"arteriol_scler"
"214","ZMYM4","Exc L5 ET",0.0252704541709777,7.0051411554011,0.996234734706733,0.319985366884608,0.999723251605349,1,"arteriol_scler"
"215","KIAA0319L","Exc L5 ET",0.000557245683353471,6.99237167979747,0.000406132212270563,0.983950903542582,0.999723251605349,1,"arteriol_scler"
"216","NCDN","Exc L5 ET",0.13384749600881,6.68011888665887,4.2297049019533,0.0416226680190268,0.999723251605349,1,"arteriol_scler"
"217","TFAP2E","Exc L5 ET",-0.0177027607674311,4.04594049881341,0.0413382027497476,0.839188585179738,0.999723251605349,1,"arteriol_scler"
"218","PSMB2","Exc L5 ET",-0.0159316989334115,5.16526164941525,0.112687583534391,0.737619091724992,0.999723251605349,1,"arteriol_scler"
"219","C1orf216","Exc L5 ET",-0.00872985465808552,5.14084102623503,0.0154230368141452,0.901347496000227,0.999723251605349,1,"arteriol_scler"
"220","AGO4","Exc L5 ET",-0.0288340727768208,6.17332565269726,0.577414573056751,0.448634929453143,0.999723251605349,1,"arteriol_scler"
"221","AGO1","Exc L5 ET",0.0137249925842261,5.52741782657089,0.133890730455168,0.875820240072695,0.999723251605349,1,"arteriol_scler"
"222","AGO3","Exc L5 ET",-0.0143044583988003,7.15953011208987,0.268803052760513,0.604973337188646,0.999723251605349,1,"arteriol_scler"
"223","TRAPPC3","Exc L5 ET",0.00749143477485628,4.85196516756243,0.0169580942196431,0.896581075953586,0.999723251605349,1,"arteriol_scler"
"224","MAP7D1","Exc L5 ET",0.0790412043013195,5.62757790389053,2.71271420755956,0.101846493944429,0.999723251605349,1,"arteriol_scler"
"225","THRAP3","Exc L5 ET",-0.0152841178062821,6.38962525234246,0.257232779506343,0.656541541612419,0.999723251605349,1,"arteriol_scler"
"226","AL591845.1","Exc L5 ET",-0.0154932694311273,4.4973857063691,0.072308238644628,0.863641846884497,0.999723251605349,1,"arteriol_scler"
"227","STK40","Exc L5 ET",-0.0602511414319587,5.41826480963742,1.37518359246457,0.242961044115165,0.999723251605349,1,"arteriol_scler"
"228","LSM10","Exc L5 ET",-0.0266109747798566,4.39308684376155,0.10517400057688,0.746202116929326,0.999723251605349,1,"arteriol_scler"
"229","OSCP1","Exc L5 ET",-0.0304169447669022,4.4738431010907,0.287475064146372,0.592713802663718,0.999723251605349,1,"arteriol_scler"
"230","MRPS15","Exc L5 ET",0.109393300957224,4.31863619521475,2.51730401044259,0.114911512287487,0.999723251605349,1,"arteriol_scler"
"231","GRIK3","Exc L5 ET",-0.0225232506930423,7.14747461255503,0.257803854129457,0.612450545871924,0.999723251605349,1,"arteriol_scler"
"232","MEAF6","Exc L5 ET",-0.0315110467428356,5.55558647781972,0.293996870070953,0.588552619397215,0.999723251605349,1,"arteriol_scler"
"233","C1orf109","Exc L5 ET",-0.0435714001367134,4.46373044258838,0.540928807395285,0.463307023532185,0.999723251605349,1,"arteriol_scler"
"234","EPHA10","Exc L5 ET",-0.0771081210494103,6.27538920469084,3.22196894033073,0.0748638614068662,0.999723251605349,1,"arteriol_scler"
"235","MANEAL","Exc L5 ET",0.0714872692039994,4.08946433036395,0.945193074301395,0.332661611376402,0.999723251605349,1,"arteriol_scler"
"236","C1orf122","Exc L5 ET",-0.0167430006082248,5.51085827456001,0.0721173979155114,0.788682947526895,0.999723251605349,1,"arteriol_scler"
"237","MTF1","Exc L5 ET",0.00740490897034663,4.83953979994274,0.0280250422045011,0.867297153936843,0.999723251605349,1,"arteriol_scler"
"238","INPP5B","Exc L5 ET",-0.021935888479458,6.20736712073901,0.270881907895055,0.603582037093962,0.999723251605349,1,"arteriol_scler"
"239","SF3A3","Exc L5 ET",0.0626195780791227,5.00017640705066,2.16187246859697,0.143768264381944,0.999723251605349,1,"arteriol_scler"
"240","POU3F1","Exc L5 ET",0.0140996460697315,5.99435653568079,0.0394316144474934,0.842890809099054,0.999723251605349,1,"arteriol_scler"
"241","AL139158.2","Exc L5 ET",-0.0421832062955172,6.39296236871284,0.800928386521172,0.372387723534923,0.999723251605349,1,"arteriol_scler"
"242","RRAGC","Exc L5 ET",0.0216729757696678,4.45691673843374,0.106198491584448,0.745012222383222,0.999723251605349,1,"arteriol_scler"
"243","AL139260.1","Exc L5 ET",0.0656850893091627,7.17862422250572,2.84228841550413,0.0940926669067711,0.999723251605349,1,"arteriol_scler"
"244","RHBDL2","Exc L5 ET",-0.093879649434271,4.66826887035291,1.06978170672074,0.302819540147271,0.999723251605349,1,"arteriol_scler"
"245","AKIRIN1","Exc L5 ET",-0.00288514546469619,5.51846105712825,0.00615820140322134,0.937565503742419,0.999723251605349,1,"arteriol_scler"
"246","NDUFS5","Exc L5 ET",-0.0370408647815322,5.46080484316906,0.18373028886012,0.668861008441892,0.999723251605349,1,"arteriol_scler"
"247","MACF1","Exc L5 ET",-0.0363763070197209,8.65025231132919,1.71343666565674,0.192734433341489,0.999723251605349,1,"arteriol_scler"
"248","PABPC4","Exc L5 ET",-0.0509797289538316,4.00479431233548,0.657789823763645,0.418749975409171,0.999723251605349,1,"arteriol_scler"
"249","HPCAL4","Exc L5 ET",-0.0037450660271272,5.48388653633448,0.00428653458376803,0.947894064083565,0.999723251605349,1,"arteriol_scler"
"250","PPIE","Exc L5 ET",-0.0675953113174972,4.51604311825737,1.50447806631056,0.222090375582183,0.999723251605349,1,"arteriol_scler"
"251","TRIT1","Exc L5 ET",0.015304913072373,5.13528941855145,0.13962032366027,0.921784878383976,0.999723251605349,1,"arteriol_scler"
"252","CAP1","Exc L5 ET",0.0421084453465423,5.23750869099845,0.538135071325023,0.464461836610603,0.999723251605349,1,"arteriol_scler"
"253","PPT1","Exc L5 ET",-0.00158297067948916,5.45984504449807,0.000927299687338467,0.975751273792282,0.999723251605349,1,"arteriol_scler"
"254","RLF","Exc L5 ET",-0.0059754811980898,6.62998605849699,0.0484384545210453,0.826131166063832,0.999723251605349,1,"arteriol_scler"
"255","ZMPSTE24","Exc L5 ET",0.00835494565225975,4.70178295355612,0.0240775729719731,0.876916388476142,0.999723251605349,1,"arteriol_scler"
"256","SMAP2","Exc L5 ET",0.0232913404254865,6.32320011016521,0.482579771663426,0.488434149643941,0.999723251605349,1,"arteriol_scler"
"257","AL603839.3","Exc L5 ET",0.0301615608316227,4.02481118070583,0.167756412266611,0.682754056094375,0.999723251605349,1,"arteriol_scler"
"258","RIMS3","Exc L5 ET",-0.00785361766874105,5.47758009398108,0.0248502177198863,0.874973281628633,0.999723251605349,1,"arteriol_scler"
"259","NFYC","Exc L5 ET",0.00509926248958177,6.06686142646106,0.0193769604787555,0.889495897724823,0.999723251605349,1,"arteriol_scler"
"260","CTPS1","Exc L5 ET",-0.0103422605723189,4.06618065280553,0.022663887627493,0.880556142340937,0.999723251605349,1,"arteriol_scler"
"261","SCMH1","Exc L5 ET",-0.00929991356910987,7.53574417880698,0.0925400070995116,0.761434759762321,0.999723251605349,1,"arteriol_scler"
"262","HIVEP3","Exc L5 ET",0.0415588593706546,8.4378492449906,1.02804136540957,0.312408898199207,0.999723251605349,1,"arteriol_scler"
"263","FOXJ3","Exc L5 ET",-0.0166612840481123,7.07078812758266,0.433306579907262,0.639835434176402,0.999723251605349,1,"arteriol_scler"
"264","RIMKLA","Exc L5 ET",0.0401065246462521,6.24271554128162,1.53720656160765,0.217156448225948,0.999723251605349,1,"arteriol_scler"
"265","CCDC30","Exc L5 ET",0.00195246464001439,7.46461528423561,0.00326530683658692,0.954514763823929,0.999723251605349,1,"arteriol_scler"
"266","PPIH","Exc L5 ET",-0.0625546545237687,4.11103367858565,0.884731310817278,0.35211474022456,0.999723251605349,1,"arteriol_scler"
"267","YBX1","Exc L5 ET",-0.0554646089340079,4.11887305486985,0.656461400499776,0.419219044638811,0.999723251605349,1,"arteriol_scler"
"268","P3H1","Exc L5 ET",0.00474990230233455,4.41060380336725,0.00735572596223313,0.931778194799543,0.999723251605349,1,"arteriol_scler"
"269","SVBP","Exc L5 ET",-0.122212025970637,4.12709294545099,2.20278426101731,0.140061961147294,0.999723251605349,1,"arteriol_scler"
"270","EBNA1BP2","Exc L5 ET",-0.0131844964382539,3.90328656725418,0.0204673331361064,0.8864500566287,0.999723251605349,1,"arteriol_scler"
"271","MED8","Exc L5 ET",-0.122815994583348,4.10347665121214,3.53014545598064,0.0623900291624229,0.999723251605349,1,"arteriol_scler"
"272","SZT2","Exc L5 ET",0.0366848711354461,5.02612693102359,0.534360093901593,0.466029607586324,0.999723251605349,1,"arteriol_scler"
"273","PTPRF","Exc L5 ET",-0.0452323296262902,6.80500277954028,2.03274068692071,0.156220417378932,0.999723251605349,1,"arteriol_scler"
"274","IPO13","Exc L5 ET",0.0570066471573138,4.02669206425008,0.667758948279425,0.415254759703676,0.999723251605349,1,"arteriol_scler"
"275","ATP6V0B","Exc L5 ET",0.0375697286725142,6.04316738001321,0.288705772888187,0.591923927192036,0.999723251605349,1,"arteriol_scler"
"276","CCDC24","Exc L5 ET",-0.0588710601300488,5.20069912786149,1.27702653360284,0.260429921385729,0.999723251605349,1,"arteriol_scler"
"277","DMAP1","Exc L5 ET",-0.0249165023674219,4.3741204326304,0.163777509196365,0.686334217671238,0.999723251605349,1,"arteriol_scler"
"278","ERI3","Exc L5 ET",0.00696127158205753,6.28186435954265,0.0459377469026249,0.830608120061825,0.999723251605349,1,"arteriol_scler"
"279","RNF220","Exc L5 ET",0.0600938844212509,4.8680057926299,0.920398183160312,0.339062816132855,0.999723251605349,1,"arteriol_scler"
"280","ARMH1","Exc L5 ET",0.0148006026541534,4.9162857317416,0.0565703848619386,0.812356915623306,0.999723251605349,1,"arteriol_scler"
"281","RPS8","Exc L5 ET",-0.0291080131854486,5.01926794909539,0.111381773610634,0.73908743091676,0.999723251605349,1,"arteriol_scler"
"282","PTCH2","Exc L5 ET",-0.0440827598350458,5.56464086236447,0.828321934374979,0.36435884598883,0.999723251605349,1,"arteriol_scler"
"283","EIF2B3","Exc L5 ET",-0.0637444351568881,5.75721230051471,2.20380788372734,0.139970629188381,0.999723251605349,1,"arteriol_scler"
"284","UROD","Exc L5 ET",0.0131750895876662,4.01023267927471,0.0259630301515789,0.872228330117498,0.999723251605349,1,"arteriol_scler"
"285","ZSWIM5","Exc L5 ET",-0.0306099778864121,6.56937055629796,0.690696252261646,0.407375720715766,0.999723251605349,1,"arteriol_scler"
"286","PRDX1","Exc L5 ET",0.0106480246619842,5.26344602417257,0.01376616804215,0.906771164600508,0.999723251605349,1,"arteriol_scler"
"287","AKR1A1","Exc L5 ET",0.0273094123303331,4.11213942739651,0.187963141174097,0.66530013393176,0.999723251605349,1,"arteriol_scler"
"288","NASP","Exc L5 ET",-0.0667187561574749,5.34492453037055,2.0992476642157,0.149659773193738,0.999723251605349,1,"arteriol_scler"
"289","GPBP1L1","Exc L5 ET",0.0320606879717631,6.14146020354223,0.950289144946628,0.741531649335974,0.999723251605349,1,"arteriol_scler"
"290","TMEM69","Exc L5 ET",-0.10851604049491,4.03841117247942,2.28711185536626,0.132758975107828,0.999723251605349,1,"arteriol_scler"
"291","MAST2","Exc L5 ET",-0.0516012877931451,5.8397506533852,1.79291353991157,0.182792059098346,0.999723251605349,1,"arteriol_scler"
"292","PIK3R3","Exc L5 ET",0.0732626501716461,4.68739819739341,1.30326803966806,0.255611310912326,0.999723251605349,1,"arteriol_scler"
"293","AL358075.2","Exc L5 ET",-0.399015622513467,3.01787010827725,2.93227998983158,0.0890903492606147,0.999723251605349,1,"arteriol_scler"
"294","POMGNT1","Exc L5 ET",-0.0416882944521941,5.02925181978953,0.819036762911713,0.367052882928215,0.999723251605349,1,"arteriol_scler"
"295","LURAP1","Exc L5 ET",0.0191496615541535,4.124916582195,0.0733965578726122,0.786862416032052,0.999723251605349,1,"arteriol_scler"
"296","LRRC41","Exc L5 ET",-0.004316791656673,5.36258409541864,0.0132396837372273,0.950171298462544,0.999723251605349,1,"arteriol_scler"
"297","UQCRH","Exc L5 ET",-0.0686718700229842,6.85255234424165,0.877865433834191,0.350437976697598,0.999723251605349,1,"arteriol_scler"
"298","NSUN4","Exc L5 ET",-0.0182344311717516,4.74030521949827,0.118380802797179,0.794156764301395,0.999723251605349,1,"arteriol_scler"
"299","FAAH","Exc L5 ET",0.0547854328881468,4.76578927691155,0.924109563395617,0.338094147300131,0.999723251605349,1,"arteriol_scler"
"300","MKNK1","Exc L5 ET",0.00562079963451857,5.69666430513473,0.0229620864573603,0.879778922054942,0.999723251605349,1,"arteriol_scler"
"301","ATPAF1","Exc L5 ET",0.00396235949684059,6.308496768845,0.0139651087890436,0.906103066288864,0.999723251605349,1,"arteriol_scler"
"302","EFCAB14","Exc L5 ET",-0.0238495771240556,4.90724371950474,0.28788964135886,0.592447481691092,0.999723251605349,1,"arteriol_scler"
"303","CYP4X1","Exc L5 ET",-0.0686431297145206,5.39826058504482,3.21647171497526,0.0751095513145585,0.999723251605349,1,"arteriol_scler"
"304","CYP4Z1","Exc L5 ET",-0.0477981411121308,4.16963662735543,0.441055780499396,0.507731008788881,0.999723251605349,1,"arteriol_scler"
"305","CYP4A22-AS1","Exc L5 ET",-0.0399217987022769,4.48694054360636,0.328795184982455,0.567310726459012,0.999723251605349,1,"arteriol_scler"
"306","CMPK1","Exc L5 ET",-0.00566184050117744,5.40438231647071,0.0146041559193031,0.903989003455018,0.999723251605349,1,"arteriol_scler"
"307","SPATA6","Exc L5 ET",-0.0246369265006251,6.48132893450811,0.370321449215992,0.543838122830177,0.999723251605349,1,"arteriol_scler"
"308","AGBL4","Exc L5 ET",-0.00886247127574073,11.1236222969503,0.0907937057141789,0.76362802307405,0.999723251605349,1,"arteriol_scler"
"309","AC099788.1","Exc L5 ET",-0.266327775487939,3.8500555794549,6.98655174520551,0.00917079549941298,0.999723251605349,1,"arteriol_scler"
"310","ELAVL4","Exc L5 ET",-0.0174765228163532,8.63238871524589,0.474059838396303,0.492291214824679,0.999723251605349,1,"arteriol_scler"
"311","FAF1","Exc L5 ET",-0.00617300373911308,8.45650991056589,0.0424474304936182,0.837075508691753,0.999723251605349,1,"arteriol_scler"
"312","RNF11","Exc L5 ET",0.0459788347374759,6.28861481221667,0.954580016919183,0.330280649603902,0.999723251605349,1,"arteriol_scler"
"313","TTC39A","Exc L5 ET",0.0296941402104731,4.79444183770329,0.327795459683374,0.567899762013338,0.999723251605349,1,"arteriol_scler"
"314","EPS15","Exc L5 ET",0.0159859105212028,6.08900300596408,0.144020962961827,0.704904310160907,0.999723251605349,1,"arteriol_scler"
"315","OSBPL9","Exc L5 ET",-0.0122784901694981,6.75880568563325,0.143933664977477,0.704989521509255,0.999723251605349,1,"arteriol_scler"
"316","NRDC","Exc L5 ET",-0.0222129187716933,7.22459952601414,0.803662270660908,0.371575355777152,0.999723251605349,1,"arteriol_scler"
"317","RAB3B","Exc L5 ET",-0.206813359624568,4.34316472598282,3.94872887141584,0.0489038411391878,0.999723251605349,1,"arteriol_scler"
"318","TXNDC12","Exc L5 ET",-0.0294832854588783,4.76240725814439,0.360646705945935,0.549140817474336,0.999723251605349,1,"arteriol_scler"
"319","BTF3L4","Exc L5 ET",0.010474751687024,5.4160781359643,0.0562873108559585,0.812818154442631,0.999723251605349,1,"arteriol_scler"
"320","ZFYVE9","Exc L5 ET",0.0112183041663153,7.37215182228601,0.208820044645908,0.940892168377264,0.999723251605349,1,"arteriol_scler"
"321","PRPF38A","Exc L5 ET",-0.0787533947282115,4.01656121363606,1.56419000129055,0.213187471326471,0.999723251605349,1,"arteriol_scler"
"322","TUT4","Exc L5 ET",-0.0425245623321996,6.95510293948783,2.09528673062169,0.150041562219749,0.999723251605349,1,"arteriol_scler"
"323","ZYG11B","Exc L5 ET",0.0402495767258815,6.73888882911154,1.91393666921084,0.168779858796163,0.999723251605349,1,"arteriol_scler"
"324","ECHDC2","Exc L5 ET",-0.0540553481182337,5.68562670714759,1.56287890563039,0.213378297446651,0.999723251605349,1,"arteriol_scler"
"325","SCP2","Exc L5 ET",-0.00490632374004119,6.0317450651895,0.0248817558307434,0.874894629445906,0.999723251605349,1,"arteriol_scler"
"326","C1orf123","Exc L5 ET",-0.0161937050667761,4.17917492119518,0.050603354882359,0.822352339392271,0.999723251605349,1,"arteriol_scler"
"327","MAGOH","Exc L5 ET",-0.141530870548529,4.45982001126663,6.90542599657303,0.00957484025721873,0.999723251605349,1,"arteriol_scler"
"328","LRP8","Exc L5 ET",-0.0125010360889956,5.6994866381695,0.0748253657947364,0.784848932023814,0.999723251605349,1,"arteriol_scler"
"329","GLIS1","Exc L5 ET",-0.0472057726993025,6.04554783807585,0.88062054048741,0.349685496053325,0.999723251605349,1,"arteriol_scler"
"330","NDC1","Exc L5 ET",0.00317606223688519,4.37838861775761,0.00277366796120343,0.958075149622177,0.999723251605349,1,"arteriol_scler"
"331","YIPF1","Exc L5 ET",0.0855847669430347,4.15874803826192,2.14024686511926,0.204568342027613,0.999723251605349,1,"arteriol_scler"
"332","HSPB11","Exc L5 ET",0.0360037947765661,4.93100104004678,0.710930088819285,0.400606925000809,0.999723251605349,1,"arteriol_scler"
"333","TMEM59","Exc L5 ET",0.00369082594326784,6.10651465174736,0.00767591704485117,0.93031292254805,0.999723251605349,1,"arteriol_scler"
"334","MRPL37","Exc L5 ET",0.00025111975196549,4.2159291436887,1.99995957822862e-05,0.99643831398897,0.999723251605349,1,"arteriol_scler"
"335","SSBP3","Exc L5 ET",0.0203236515491398,7.87516262712193,0.43785482622846,0.509272601424305,0.999723251605349,1,"arteriol_scler"
"336","DHCR24","Exc L5 ET",0.0562447830784879,5.0237995815924,0.589191332239392,0.444054709809568,0.999723251605349,1,"arteriol_scler"
"337","USP24","Exc L5 ET",-0.0125145699868599,7.07451704652643,0.134290728160848,0.714590197111948,0.999723251605349,1,"arteriol_scler"
"338","PRKAA2","Exc L5 ET",-0.0127874722306045,7.38494294620158,0.216096812344905,0.642769173547332,0.999723251605349,1,"arteriol_scler"
"339","FYB2","Exc L5 ET",-0.132156994684906,4.59018031450764,3.60219011070583,0.0598100978196147,0.999723251605349,1,"arteriol_scler"
"340","DAB1","Exc L5 ET",-0.0300663751221038,9.49502293572629,0.610459828229823,0.435964662809874,0.999723251605349,1,"arteriol_scler"
"341","MYSM1","Exc L5 ET",0.0088378439699502,6.34271961449016,0.0766596272093667,0.782294152774008,0.999723251605349,1,"arteriol_scler"
"342","JUN","Exc L5 ET",0.0979408294986863,4.64318777186799,1.05360418959777,0.306489853191449,0.999723251605349,1,"arteriol_scler"
"343","LINC01135","Exc L5 ET",0.0395493044620217,4.46275383702097,0.28167706130069,0.596464574595363,0.999723251605349,1,"arteriol_scler"
"344","LINC01358","Exc L5 ET",-0.0265705306288493,4.0337959286829,0.0768392423999256,0.782045759977617,0.999723251605349,1,"arteriol_scler"
"345","FGGY","Exc L5 ET",-0.0457344087367272,5.37369358229319,0.762118890416673,0.384195866064121,0.999723251605349,1,"arteriol_scler"
"346","HOOK1","Exc L5 ET",0.0417944291123701,5.51756294579,0.862583979645764,0.354652300224756,0.999723251605349,1,"arteriol_scler"
"347","LINC01748","Exc L5 ET",0.0258897861597328,5.22246776012683,0.174764989235771,0.676566689311817,0.999723251605349,1,"arteriol_scler"
"348","NFIA","Exc L5 ET",0.025119445246808,8.01611852614168,0.399951907865424,0.528169591572498,0.999723251605349,1,"arteriol_scler"
"349","TM2D1","Exc L5 ET",0.0124309974952608,5.70803533684885,0.115425150098533,0.734571251491907,0.999723251605349,1,"arteriol_scler"
"350","AC099791.2","Exc L5 ET",-0.0175363686483152,3.73915057704127,0.03925824579289,0.843232031937446,0.999723251605349,1,"arteriol_scler"
"351","PATJ","Exc L5 ET",-0.0232272807053295,7.78948025466171,0.397578737638999,0.529394180940256,0.999723251605349,1,"arteriol_scler"
"352","USP1","Exc L5 ET",-0.0021937047492507,3.836256731315,0.000833500821702087,0.977010012899651,0.999723251605349,1,"arteriol_scler"
"353","DOCK7","Exc L5 ET",-0.0724912530010124,6.50779470592116,4.98347420095201,0.0272160208047536,0.999723251605349,1,"arteriol_scler"
"354","ATG4C","Exc L5 ET",0.0301883023382278,5.80027828568716,0.442598291233883,0.506991008830245,0.999723251605349,1,"arteriol_scler"
"355","ALG6","Exc L5 ET",-0.0163488701791268,4.53605904618551,0.0675016249305499,0.795400329032886,0.999723251605349,1,"arteriol_scler"
"356","ITGB3BP","Exc L5 ET",-0.00277046950665116,5.39856927042476,0.00251771357822987,0.960054661792231,0.999723251605349,1,"arteriol_scler"
"357","EFCAB7","Exc L5 ET",-0.00437125239062131,5.82315603193393,0.0145939105119008,0.904022522414947,0.999723251605349,1,"arteriol_scler"
"358","PGM1","Exc L5 ET",0.0910567247577481,5.03910447141152,4.02814015972924,0.0467175338138133,0.999723251605349,1,"arteriol_scler"
"359","CACHD1","Exc L5 ET",6.05553173895789e-05,5.99300200878369,3.65104270733932e-06,0.998478210195944,0.999723251605349,1,"arteriol_scler"
"360","RAVER2","Exc L5 ET",0.0100161462256327,6.21496587066627,0.064192511999815,0.800368495563211,0.999723251605349,1,"arteriol_scler"
"361","JAK1","Exc L5 ET",-0.0254332098386815,6.41120663264262,0.585015400504449,0.4456704393619,0.999723251605349,1,"arteriol_scler"
"362","AK4","Exc L5 ET",0.220135557074312,3.98137011030165,7.21270874043627,0.00813513419433056,0.999723251605349,1,"arteriol_scler"
"363","DNAJC6","Exc L5 ET",0.0176555345151535,7.93898700522466,0.727527657567365,0.395176531052072,0.999723251605349,1,"arteriol_scler"
"364","AL139294.1","Exc L5 ET",-0.179143537165881,4.15295588314607,2.31881143621582,0.130125717391313,0.999723251605349,1,"arteriol_scler"
"365","LEPR","Exc L5 ET",-0.00253118496404397,5.18562915243782,0.00139346850378789,0.970276943424917,0.999723251605349,1,"arteriol_scler"
"366","PDE4B","Exc L5 ET",0.111807753939693,7.58085355984458,2.85376291347189,0.0934380101484763,0.999723251605349,1,"arteriol_scler"
"367","SGIP1","Exc L5 ET",-0.026964411160618,8.13451031900075,0.960384493955505,0.328819783816143,0.999723251605349,1,"arteriol_scler"
"368","TCTEX1D1","Exc L5 ET",-0.19028946514359,4.67102495572014,8.99883970329282,0.00321079428923758,0.999723251605349,0.976549791861822,"arteriol_scler"
"369","WDR78","Exc L5 ET",0.00640449767871766,5.56680457813032,0.0207215660955929,0.885751870906539,0.999723251605349,1,"arteriol_scler"
"370","MIER1","Exc L5 ET",-0.0108385325301903,5.94887601658855,0.117331806203211,0.732472256986737,0.999723251605349,1,"arteriol_scler"
"371","SLC35D1","Exc L5 ET",0.072759130332194,4.99422369679363,1.85251339802507,0.175728998503631,0.999723251605349,1,"arteriol_scler"
"372","SERBP1","Exc L5 ET",-0.0444306212761085,5.0160748948998,0.694618945169701,0.406050414055807,0.999723251605349,1,"arteriol_scler"
"373","LRRC7","Exc L5 ET",0.0240548097435627,10.3582229089523,0.773130954950215,0.38079195053148,0.999723251605349,1,"arteriol_scler"
"374","LRRC40","Exc L5 ET",-0.00512401835177784,5.40246433905301,0.0169060359770788,0.896739036182862,0.999723251605349,1,"arteriol_scler"
"375","SRSF11","Exc L5 ET",0.0121027531668607,7.91587074590139,0.281263815131208,0.596733793116522,0.999723251605349,1,"arteriol_scler"
"376","ANKRD13C","Exc L5 ET",0.00344680790376189,6.64056629657506,0.0114397503163466,0.914979956098379,0.999723251605349,1,"arteriol_scler"
"377","ZRANB2","Exc L5 ET",-0.00250106690241596,7.63729987941039,0.00949385286766389,0.92252243324219,0.999723251605349,1,"arteriol_scler"
"378","NEGR1","Exc L5 ET",0.0554434428642304,11.5103774390642,2.1088943573908,0.148734571915902,0.999723251605349,1,"arteriol_scler"
"379","AL354949.1","Exc L5 ET",-0.0615151626411922,3.675209795977,0.262748059688173,0.609065031851264,0.999723251605349,1,"arteriol_scler"
"380","ERICH3","Exc L5 ET",0.0468951293045643,6.1803483373142,1.14006383912145,0.287519255120965,0.999723251605349,1,"arteriol_scler"
"381","CRYZ","Exc L5 ET",0.0712046416320537,3.98164896477803,0.748695074592832,0.388404394185996,0.999723251605349,1,"arteriol_scler"
"382","TYW3","Exc L5 ET",-0.105246106672366,5.28482398554434,5.01832398971638,0.0266930835089799,0.999723251605349,1,"arteriol_scler"
"383","SLC44A5","Exc L5 ET",-0.0797006569045401,5.87806206006271,0.719000344564012,0.397953029067022,0.999723251605349,1,"arteriol_scler"
"384","ACADM","Exc L5 ET",0.0215440680074051,6.14058635127328,0.348765610162369,0.555786997101746,0.999723251605349,1,"arteriol_scler"
"385","RABGGTB","Exc L5 ET",-0.0731732970701231,4.08665105777884,1.29361888584698,0.31615355097624,0.999723251605349,1,"arteriol_scler"
"386","MSH4","Exc L5 ET",0.0086592098173066,5.36732837139947,0.00995749522054136,0.920659301699874,0.999723251605349,1,"arteriol_scler"
"387","AC092813.1","Exc L5 ET",0.0409629801233141,4.05884751927014,0.0990118708806859,0.75349802891198,0.999723251605349,1,"arteriol_scler"
"388","ST6GALNAC3","Exc L5 ET",0.0210113154333256,7.87544599837804,0.3007184124046,0.584326102330369,0.999723251605349,1,"arteriol_scler"
"389","ST6GALNAC5","Exc L5 ET",0.0703534232350831,9.62323769930614,4.2965236033606,0.0400669651426693,0.999723251605349,1,"arteriol_scler"
"390","AL035409.1","Exc L5 ET",0.0350529653654675,3.86949010099502,0.225630495669883,0.635540260372794,0.999723251605349,1,"arteriol_scler"
"391","PIGK","Exc L5 ET",-0.0175280699052633,5.73867575852469,0.290382467227371,0.63896033218947,0.999723251605349,1,"arteriol_scler"
"392","AK5","Exc L5 ET",0.0702927826029686,8.25366294393261,3.66594147188285,0.0576227384821072,0.999723251605349,1,"arteriol_scler"
"393","AC118549.1","Exc L5 ET",0.0244189392893761,6.43695331621444,0.692729036746137,0.406688137941699,0.999723251605349,1,"arteriol_scler"
"394","USP33","Exc L5 ET",-0.00732512203131691,7.46813115821594,0.0924321444036098,0.805896437949516,0.999723251605349,1,"arteriol_scler"
"395","MIGA1","Exc L5 ET",-0.0309534020647458,6.44978120416153,1.11985881570875,0.291813701440937,0.999723251605349,1,"arteriol_scler"
"396","FUBP1","Exc L5 ET",-0.0320855131642844,5.50588496351163,0.704207776668616,0.402837320895367,0.999723251605349,1,"arteriol_scler"
"397","GIPC2","Exc L5 ET",0.00477717025423778,5.92891999009545,0.00665844146154439,0.935084632510847,0.999723251605349,1,"arteriol_scler"
"398","ADGRL2","Exc L5 ET",-0.0239528528236533,8.48089233048856,0.290343634059612,0.590876101154793,0.999723251605349,1,"arteriol_scler"
"399","LINC01725","Exc L5 ET",-0.13498683773329,5.75205058586048,3.06727087637231,0.0821244798731745,0.999723251605349,1,"arteriol_scler"
"400","TTLL7","Exc L5 ET",0.017390597129005,8.82386227405586,0.569820125260092,0.451627866225961,0.999723251605349,1,"arteriol_scler"
"401","PRKACB","Exc L5 ET",0.0456867007938652,8.40709948259115,2.75369638186211,0.0993204625243124,0.999723251605349,1,"arteriol_scler"
"402","RPF1","Exc L5 ET",0.0201412551815678,4.14084512713311,0.077173969164932,0.781583694047788,0.999723251605349,1,"arteriol_scler"
"403","SSX2IP","Exc L5 ET",-0.0308971526768416,6.96415911027526,1.32605997762491,0.251515773160731,0.999723251605349,1,"arteriol_scler"
"404","WDR63","Exc L5 ET",0.0755618856643571,4.15891774051967,0.79722646318691,0.373491732750356,0.999723251605349,1,"arteriol_scler"
"405","SYDE2","Exc L5 ET",0.034335135794765,3.90350402310986,0.249539119479867,0.990546389675815,0.999723251605349,1,"arteriol_scler"
"406","C1orf52","Exc L5 ET",-0.0513929935074009,5.25376466422121,1.10571813246496,0.294868374315608,0.999723251605349,1,"arteriol_scler"
"407","AL078459.1","Exc L5 ET",0.00326657409235266,4.1748880008215,0.00120840861658775,0.972320050917146,0.999723251605349,1,"arteriol_scler"
"408","DDAH1","Exc L5 ET",0.0649824108827107,7.39448722049626,4.35715751161755,0.0387086470820872,0.999723251605349,1,"arteriol_scler"
"409","ZNHIT6","Exc L5 ET",0.020052028733556,5.8259042012016,0.33224687311381,0.930324365925681,0.999723251605349,1,"arteriol_scler"
"410","COL24A1","Exc L5 ET",0.0122008366340683,8.46621343437609,0.138119444766491,0.710732688578234,0.999723251605349,1,"arteriol_scler"
"411","AL136382.1","Exc L5 ET",-0.0256245286143997,4.29545845458548,0.103726453795044,0.747894345619765,0.999723251605349,1,"arteriol_scler"
"412","ODF2L","Exc L5 ET",0.0188652459607551,7.1581962466038,0.686423074118213,0.60633185360288,0.999723251605349,1,"arteriol_scler"
"413","SH3GLB1","Exc L5 ET",-0.0730073039388592,5.68867231436507,5.20640824113773,0.0240474693502876,0.999723251605349,1,"arteriol_scler"
"414","SELENOF","Exc L5 ET",-0.0430875708503679,5.67375422220031,1.17335290450335,0.33116306316279,0.999723251605349,1,"arteriol_scler"
"415","HS2ST1","Exc L5 ET",-0.0110392847821478,6.02174527550069,0.080893196542534,0.77652063811205,0.999723251605349,1,"arteriol_scler"
"416","LMO4","Exc L5 ET",-0.00581026512787026,8.28468470413491,0.0161181243219767,0.899160694277243,0.999723251605349,1,"arteriol_scler"
"417","PKN2-AS1","Exc L5 ET",-0.0349426528355481,7.22383321128756,0.212594765824796,0.645473362316102,0.999723251605349,1,"arteriol_scler"
"418","PKN2","Exc L5 ET",-0.00939389681212172,7.45202353469589,0.112086926125628,0.738293328349689,0.999723251605349,1,"arteriol_scler"
"419","GTF2B","Exc L5 ET",-0.00976877973342002,5.10814397396104,0.0461957102558483,0.839000488713755,0.999723251605349,1,"arteriol_scler"
"420","KYAT3","Exc L5 ET",0.0420165881799498,5.02013467815157,0.588191210599132,0.444440840897439,0.999723251605349,1,"arteriol_scler"
"421","LRRC8B","Exc L5 ET",-0.0263540701341388,7.81462051106492,0.700132847183523,0.404198201653,0.999723251605349,1,"arteriol_scler"
"422","ZNF326","Exc L5 ET",0.0115846194415063,5.5583608133644,0.0945581309533698,0.758928097123295,0.999723251605349,1,"arteriol_scler"
"423","ZNF644","Exc L5 ET",0.0366510889039896,6.62746705270591,1.73305955007888,0.292321180575298,0.999723251605349,1,"arteriol_scler"
"424","HFM1","Exc L5 ET",-0.0473748183845078,4.28675208754139,0.335997581161522,0.563101958062683,0.999723251605349,1,"arteriol_scler"
"425","CDC7","Exc L5 ET",0.0230587219105159,4.72585397044778,0.170856184880172,0.679999163607327,0.999723251605349,1,"arteriol_scler"
"426","EPHX4","Exc L5 ET",-0.0730367123467393,6.23584267886781,3.37271225998957,0.0684550789645153,0.999723251605349,1,"arteriol_scler"
"427","BTBD8","Exc L5 ET",-0.0361418172914319,7.12484416744644,1.3476266444561,0.247714983797244,0.999723251605349,1,"arteriol_scler"
"428","GLMN","Exc L5 ET",-0.0130946778876786,6.36829901326703,0.13467021079439,0.714205093279835,0.999723251605349,1,"arteriol_scler"
"429","RPAP2","Exc L5 ET",0.0185660684321129,7.2166392203996,0.420490423895646,0.517779327031688,0.999723251605349,1,"arteriol_scler"
"430","EVI5","Exc L5 ET",0.0236047660764322,7.8998175630523,0.786881713539193,0.376601394558311,0.999723251605349,1,"arteriol_scler"
"431","RPL5","Exc L5 ET",-0.0570542823120292,5.36682559031257,1.10852831612898,0.29425804811172,0.999723251605349,1,"arteriol_scler"
"432","FAM69A","Exc L5 ET",0.0217459516859078,7.40589947211995,0.568434372502605,0.452177366810621,0.999723251605349,1,"arteriol_scler"
"433","MTF2","Exc L5 ET",0.0105978167329021,6.42302866437719,0.0895491017875034,0.76520526710371,0.999723251605349,1,"arteriol_scler"
"434","TMED5","Exc L5 ET",0.0301756968416694,4.7619738314943,0.270130352317507,0.604084239250117,0.999723251605349,1,"arteriol_scler"
"435","CCDC18","Exc L5 ET",-0.00211287234314441,4.6521988025415,0.00105398876205715,0.974148388088773,0.999723251605349,1,"arteriol_scler"
"436","DR1","Exc L5 ET",-0.0103751775620127,4.3558245980352,0.0319711373150957,0.858355530588934,0.999723251605349,1,"arteriol_scler"
"437","FNBP1L","Exc L5 ET",-0.0590859350097916,7.50109514299429,3.64565551451704,0.0583092886661229,0.999723251605349,1,"arteriol_scler"
"438","BCAR3","Exc L5 ET",-0.054797095373778,4.63239222777172,0.516300182660907,0.473649544691351,0.999723251605349,1,"arteriol_scler"
"439","GCLM","Exc L5 ET",-0.00136571757943723,5.64242501033966,0.00126620892353172,0.971666067720374,0.999723251605349,1,"arteriol_scler"
"440","ARHGAP29","Exc L5 ET",-0.0319649573520704,4.48536331925972,0.247022516162702,0.619977201335662,0.999723251605349,1,"arteriol_scler"
"441","ABCD3","Exc L5 ET",0.0106484976523255,5.49471985590898,0.0810770919984181,0.776273593220413,0.999723251605349,1,"arteriol_scler"
"442","ALG14","Exc L5 ET",-0.112387065378153,5.28705450322903,5.97570819636514,0.0157764080219915,0.999723251605349,1,"arteriol_scler"
"443","PTBP2","Exc L5 ET",0.0352999117233143,6.68534975748979,1.51290872817717,0.220806621234638,0.999723251605349,1,"arteriol_scler"
"444","DPYD","Exc L5 ET",-0.0232252534089522,7.7952857136048,0.328100813736396,0.567719721643696,0.999723251605349,1,"arteriol_scler"
"445","MIR137HG","Exc L5 ET",0.0159509240904153,7.09226547668842,0.067505032956082,0.795395280152656,0.999723251605349,1,"arteriol_scler"
"446","PLPPR5","Exc L5 ET",0.0938270289626198,5.67206742458874,3.338955132569,0.0698367757057774,0.999723251605349,1,"arteriol_scler"
"447","AL445433.2","Exc L5 ET",-0.0344947276766507,5.6854037578754,0.442724959870646,0.506930323933923,0.999723251605349,1,"arteriol_scler"
"448","PLPPR4","Exc L5 ET",-0.0208406711775942,6.7141208319569,0.382013142795981,0.537555331837078,0.999723251605349,1,"arteriol_scler"
"449","AGL","Exc L5 ET",0.0384896679559394,5.81403871000868,1.03781828225226,0.310127522460253,0.999723251605349,1,"arteriol_scler"
"450","TRMT13","Exc L5 ET",-0.0309453152262368,4.89848615774807,0.3759178064255,0.659475753602499,0.999723251605349,1,"arteriol_scler"
"451","LRRC39","Exc L5 ET",-0.0386158488528625,4.69627686762675,0.360576595527108,0.549179597202491,0.999723251605349,1,"arteriol_scler"
"452","DBT","Exc L5 ET",0.0291856506954947,5.27094180132677,0.551836392916247,0.458841936311052,0.999723251605349,1,"arteriol_scler"
"453","RTCA","Exc L5 ET",0.0386124144049032,4.82585284577656,0.831368607008128,0.363480882216016,0.999723251605349,1,"arteriol_scler"
"454","EXTL2","Exc L5 ET",-0.0257482437240541,5.4851745074106,0.257948754784538,0.612350746504531,0.999723251605349,1,"arteriol_scler"
"455","SLC30A7","Exc L5 ET",0.0353041826327593,5.47616009003069,0.634296551878291,0.427163503981682,0.999723251605349,1,"arteriol_scler"
"456","DPH5","Exc L5 ET",-0.0147858686283313,4.18420395863437,0.0567301530399172,0.964053743041072,0.999723251605349,1,"arteriol_scler"
"457","AC093157.1","Exc L5 ET",0.0472326417612177,4.48291441247963,0.599313022588156,0.44017599196293,0.999723251605349,1,"arteriol_scler"
"458","OLFM3","Exc L5 ET",0.0308895868709047,9.00190852126019,0.907431178829201,0.342476856175136,0.999723251605349,1,"arteriol_scler"
"459","COL11A1","Exc L5 ET",0.12381998125438,4.93848644204038,1.64329791491579,0.202041660921429,0.999723251605349,1,"arteriol_scler"
"460","RNPC3","Exc L5 ET",0.0253029043414222,7.27104873485607,0.471195986809078,0.493599210071532,0.999723251605349,1,"arteriol_scler"
"461","AMY2B","Exc L5 ET",0.00342903114230985,6.12201977691637,0.0086806030266283,0.925905001603179,0.999723251605349,1,"arteriol_scler"
"462","NTNG1","Exc L5 ET",-0.0243213641036834,8.31576123759863,0.850471829231878,0.358042332366427,0.999723251605349,1,"arteriol_scler"
"463","VAV3","Exc L5 ET",0.0496539496516689,4.28924040351228,0.145612908696768,0.70335557491326,0.999723251605349,1,"arteriol_scler"
"464","SLC25A24","Exc L5 ET",-0.0937483108423794,4.61797171771681,2.64542504856129,0.106149505671476,0.999723251605349,1,"arteriol_scler"
"465","FAM102B","Exc L5 ET",-0.0110704529480959,5.69385459823182,0.0939641234000851,0.767781134005201,0.999723251605349,1,"arteriol_scler"
"466","PRPF38B","Exc L5 ET",0.0586776666893871,5.22888118079721,1.62199570486333,0.204973228100091,0.999723251605349,1,"arteriol_scler"
"467","STXBP3","Exc L5 ET",-0.0161502269543482,4.71305153432635,0.110184010293447,0.795944900381909,0.999723251605349,1,"arteriol_scler"
"468","AL449266.1","Exc L5 ET",0.0024384317091272,4.90585002368488,0.00231383230069561,0.961704852945589,0.999723251605349,1,"arteriol_scler"
"469","GPSM2","Exc L5 ET",0.0607145741480783,4.07186393395365,0.595793287268456,0.441518812893548,0.999723251605349,1,"arteriol_scler"
"470","WDR47","Exc L5 ET",-0.030125879464357,5.75908616049988,0.582468660484748,0.446660309341887,0.999723251605349,1,"arteriol_scler"
"471","TAF13","Exc L5 ET",0.0280983583329902,4.57600378142646,0.172134690576866,0.678871433303617,0.999723251605349,1,"arteriol_scler"
"472","TMEM167B","Exc L5 ET",0.0525665166661753,4.53712411634799,0.751621526939138,0.387481303010319,0.999723251605349,1,"arteriol_scler"
"473","KIAA1324","Exc L5 ET",0.00940991525889195,5.66831806519354,0.0586138742327845,0.809062864488107,0.999723251605349,1,"arteriol_scler"
"474","SARS","Exc L5 ET",-0.0133300758905414,5.74095813785385,0.0777726180497109,0.780759988053143,0.999723251605349,1,"arteriol_scler"
"475","CELSR2","Exc L5 ET",0.111468493087224,5.53189851999885,3.81766950794768,0.0527547347468528,0.999723251605349,1,"arteriol_scler"
"476","PSRC1","Exc L5 ET",0.076263189033538,4.39049729035994,0.977145251268051,0.324649617325109,0.999723251605349,1,"arteriol_scler"
"477","SORT1","Exc L5 ET",0.0962711495102989,7.45520444868177,6.81758641937418,0.0100332107167322,0.999723251605349,1,"arteriol_scler"
"478","PSMA5","Exc L5 ET",-0.0181262886891058,5.06606611958953,0.135542815247359,0.7133218943688,0.999723251605349,1,"arteriol_scler"
"479","CYB561D1","Exc L5 ET",0.00751293110650413,4.31845966395481,0.0153387907081315,0.912119631465673,0.999723251605349,1,"arteriol_scler"
"480","AMIGO1","Exc L5 ET",0.0308629563884652,4.1982667182063,0.187205563100036,0.665933920130399,0.999723251605349,1,"arteriol_scler"
"481","GPR61","Exc L5 ET",-0.00146361539646852,3.90253419306788,0.000412175924970886,0.983831946454626,0.999723251605349,1,"arteriol_scler"
"482","GNAI3","Exc L5 ET",0.0365321375590685,5.71154394131839,1.00330038127708,0.35329100774759,0.999723251605349,1,"arteriol_scler"
"483","AMPD2","Exc L5 ET",-0.0118186757464018,4.68652622694695,0.0393652576720863,0.843021319688835,0.999723251605349,1,"arteriol_scler"
"484","GSTM3","Exc L5 ET",0.0411032390183511,4.22497594281638,0.2488968544002,0.618654119813192,0.999723251605349,1,"arteriol_scler"
"485","AHCYL1","Exc L5 ET",0.000172493222360222,6.17219697605484,2.33304660168488e-05,0.996153139075879,0.999723251605349,1,"arteriol_scler"
"486","STRIP1","Exc L5 ET",0.0824996115556818,4.78668858172137,2.70346997524592,0.10242604245577,0.999723251605349,1,"arteriol_scler"
"487","SLC6A17","Exc L5 ET",0.0129760834678218,6.34774899156887,0.139418666527982,0.709437548995566,0.999723251605349,1,"arteriol_scler"
"488","KCNC4","Exc L5 ET",0.0492524239774273,4.17990855023585,0.528852230123432,0.468332382819379,0.999723251605349,1,"arteriol_scler"
"489","LAMTOR5","Exc L5 ET",-0.0125193809700394,5.18374291811749,0.0189088896141628,0.890830172389856,0.999723251605349,1,"arteriol_scler"
"490","KCNA2","Exc L5 ET",0.0420859398337455,6.4110348158658,0.738189549865096,0.391744336544601,0.999723251605349,1,"arteriol_scler"
"491","LRIF1","Exc L5 ET",-0.0346418178282133,4.75504610644652,0.413363430043301,0.568107511444298,0.999723251605349,1,"arteriol_scler"
"492","DRAM2","Exc L5 ET",0.0853063426147719,4.32191466169951,2.45162526463116,0.119713341961731,0.999723251605349,1,"arteriol_scler"
"493","CEPT1","Exc L5 ET",0.0140755601492299,5.30495966868424,0.124688423957135,0.724547591099995,0.999723251605349,1,"arteriol_scler"
"494","OVGP1","Exc L5 ET",0.0773871422578773,4.17237154539928,1.62458649067319,0.204614000089647,0.999723251605349,1,"arteriol_scler"
"495","ATP5PB","Exc L5 ET",0.0249555449474568,5.6963608068028,0.156854602287907,0.692686043967419,0.999723251605349,1,"arteriol_scler"
"496","RAP1A","Exc L5 ET",0.0295255514655453,6.33944813722753,0.838524116631398,0.448707821059194,0.999723251605349,1,"arteriol_scler"
"497","INKA2","Exc L5 ET",0.0536511848555654,4.44277449895549,0.627959690880237,0.429476644553404,0.999723251605349,1,"arteriol_scler"
"498","DDX20","Exc L5 ET",-0.00533560365286778,3.89264821131802,0.00451544300778633,0.946522938198138,0.999723251605349,1,"arteriol_scler"
"499","KCND3","Exc L5 ET",0.0741839793215652,7.77017782157698,4.99670592557842,0.0270162141728748,0.999723251605349,1,"arteriol_scler"
"500","CTTNBP2NL","Exc L5 ET",-0.0413726559446221,5.58225783069575,0.916512354078241,0.340081044484566,0.999723251605349,1,"arteriol_scler"
"501","WNT2B","Exc L5 ET",-0.007761823551954,3.9713852825738,0.0106394550311534,0.917996761291354,0.999723251605349,1,"arteriol_scler"
"502","ST7L","Exc L5 ET",0.0639375530966366,5.61974873737745,2.54828414667335,0.131571279253374,0.999723251605349,1,"arteriol_scler"
"503","CAPZA1","Exc L5 ET",0.000976049692365297,5.75121267515277,0.000782026538169165,0.985631342381507,0.999723251605349,1,"arteriol_scler"
"504","AL390729.1","Exc L5 ET",0.0497494327089712,4.2348007187611,0.499441238686968,0.480947622600606,0.999723251605349,1,"arteriol_scler"
"505","SLC16A1","Exc L5 ET",-0.195421303650463,4.40478548956145,12.5696968442386,0.000537218376421953,0.999723251605349,0.650495483571531,"arteriol_scler"
"506","SLC16A1-AS1","Exc L5 ET",0.0167684032141363,7.0223894783694,0.136772011261811,0.712083238419529,0.999723251605349,1,"arteriol_scler"
"507","AL357055.3","Exc L5 ET",-0.0563748939976466,4.17418151274455,0.59770344172079,0.440789281476212,0.999723251605349,1,"arteriol_scler"
"508","LRIG2","Exc L5 ET",0.0286781103595222,5.45409640525523,0.568085230928441,0.483814368969731,0.999723251605349,1,"arteriol_scler"
"509","MAGI3","Exc L5 ET",-0.0194271852533826,7.84537182152139,0.344064185744994,0.558459226581281,0.999723251605349,1,"arteriol_scler"
"510","PHTF1","Exc L5 ET",-0.000239947913246525,7.1150217540912,6.10341265052746e-05,0.993778023071553,0.999723251605349,1,"arteriol_scler"
"511","RSBN1","Exc L5 ET",-0.0174119100453579,5.54090068088165,0.21524560075533,0.671100454161234,0.999723251605349,1,"arteriol_scler"
"512","AP4B1","Exc L5 ET",-0.0679053562928136,4.3431412992363,1.77419100561196,0.185078920270469,0.999723251605349,1,"arteriol_scler"
"513","HIPK1","Exc L5 ET",0.0279168877282547,4.96268661948807,0.414293275077695,0.520875900961896,0.999723251605349,1,"arteriol_scler"
"514","TRIM33","Exc L5 ET",0.0016769082284609,7.10324082636366,0.0045048649632379,0.946585518802944,0.999723251605349,1,"arteriol_scler"
"515","BCAS2","Exc L5 ET",0.0172347676785424,4.72439099313893,0.0616392546198609,0.804295808914827,0.999723251605349,1,"arteriol_scler"
"516","CSDE1","Exc L5 ET",0.0606412841438488,6.6985230271981,2.54633134613137,0.112858071729036,0.999723251605349,1,"arteriol_scler"
"517","SIKE1","Exc L5 ET",-0.00752184144342014,4.37942945655997,0.0151404605738533,0.90225078730696,0.999723251605349,1,"arteriol_scler"
"518","SLC22A15","Exc L5 ET",0.00649106413514375,6.10402103741694,0.0244372294101638,0.876007982961533,0.999723251605349,1,"arteriol_scler"
"519","ATP1A1","Exc L5 ET",0.0251254059625928,8.35036722957829,0.345306958277428,0.557750470140724,0.999723251605349,1,"arteriol_scler"
"520","IGSF3","Exc L5 ET",-0.0315660962869296,4.18187705442281,0.175345752713009,0.676060559323163,0.999723251605349,1,"arteriol_scler"
"521","TTF2","Exc L5 ET",-0.065636824563204,4.65280509893111,1.06311041593837,0.304326126451096,0.999723251605349,1,"arteriol_scler"
"522","MAN1A2","Exc L5 ET",-0.00105893314710861,7.68229041152038,0.00111067641200413,0.973462544483143,0.999723251605349,1,"arteriol_scler"
"523","GDAP2","Exc L5 ET",0.081295102694057,5.2120728943796,3.12345082100967,0.0794026977105365,0.999723251605349,1,"arteriol_scler"
"524","WDR3","Exc L5 ET",-0.0556961337754653,4.0691434402194,0.710667517731601,0.400693704346105,0.999723251605349,1,"arteriol_scler"
"525","SPAG17","Exc L5 ET",0.177685465814575,4.02454905588068,3.11127659048876,0.0799840551396587,0.999723251605349,1,"arteriol_scler"
"526","WARS2","Exc L5 ET",0.0505473631017476,4.73433336202174,1.09066464797272,0.29816573655418,0.999723251605349,1,"arteriol_scler"
"527","AL359915.2","Exc L5 ET",0.0855990181951783,6.3984556967222,3.08543650690491,0.0812334317828578,0.999723251605349,1,"arteriol_scler"
"528","AL359915.1","Exc L5 ET",-0.0883837815497991,4.49240918256895,1.4040469848473,0.238101358085203,0.999723251605349,1,"arteriol_scler"
"529","ZNF697","Exc L5 ET",-0.129274969960772,4.63832976697193,4.91226376200872,0.0283183883132554,0.999723251605349,1,"arteriol_scler"
"530","SEC22B","Exc L5 ET",0.0170925649306322,5.01446623072743,0.1672799255241,0.728315926452663,0.999723251605349,1,"arteriol_scler"
"531","NBPF26","Exc L5 ET",-0.0507397384020575,3.79605423081555,0.214477188962698,0.64401646757909,0.999723251605349,1,"arteriol_scler"
"532","LINC00623","Exc L5 ET",-0.0247020902029961,6.44365221365198,0.469800392359719,0.494238737701289,0.999723251605349,1,"arteriol_scler"
"533","SRGAP2C","Exc L5 ET",3.25896499148166e-05,5.79720135712464,1.3056974664589e-06,0.999089944947391,0.999723251605349,1,"arteriol_scler"
"534","AC244021.1","Exc L5 ET",0.0178561041435015,5.91115727885197,0.142816761996194,0.706082347791608,0.999723251605349,1,"arteriol_scler"
"535","NBPF15","Exc L5 ET",-0.0447064524238964,5.26920181588845,0.7409442232751,0.390864574706657,0.999723251605349,1,"arteriol_scler"
"536","LINC01632","Exc L5 ET",0.0305472863939128,5.7634697034664,0.279061739680615,0.598172677495801,0.999723251605349,1,"arteriol_scler"
"537","FP700111.1","Exc L5 ET",-0.0093044417757386,8.25954955770889,0.0560631453793237,0.81318427834327,0.999723251605349,1,"arteriol_scler"
"538","SRGAP2B","Exc L5 ET",-0.0299756117859171,6.01688771854599,0.678157229728373,0.535499776843854,0.999723251605349,1,"arteriol_scler"
"539","GPR89A","Exc L5 ET",-0.0630649671884248,5.51626780889281,1.80371784073316,0.181487418180167,0.999723251605349,1,"arteriol_scler"
"540","RNF115","Exc L5 ET",0.0223504700450255,7.41720794753204,0.811731832166622,0.369191978090773,0.999723251605349,1,"arteriol_scler"
"541","POLR3C","Exc L5 ET",0.0818758268727253,4.46749473350557,2.01477030677699,0.158049257519634,0.999723251605349,1,"arteriol_scler"
"542","ANKRD35","Exc L5 ET",0.0204791906748235,4.50154298855276,0.132805502132018,0.716103391326306,0.999723251605349,1,"arteriol_scler"
"543","PEX11B","Exc L5 ET",-0.0425252445789905,4.53769408149472,0.378455322109282,0.539453005495555,0.999723251605349,1,"arteriol_scler"
"544","RBM8A","Exc L5 ET",-0.0191388550076391,4.16491231974785,0.0675353208836492,0.795350415540714,0.999723251605349,1,"arteriol_scler"
"545","ANKRD34A","Exc L5 ET",0.0061427105304048,3.89994928925001,0.0049890894248514,0.943792601120057,0.999723251605349,1,"arteriol_scler"
"546","NBPF12","Exc L5 ET",-0.026466450845763,5.93237946766909,0.461745912229915,0.497957212199185,0.999723251605349,1,"arteriol_scler"
"547","PRKAB2","Exc L5 ET",0.0631210706783474,5.0402005639848,2.042025878089,0.155284986290564,0.999723251605349,1,"arteriol_scler"
"548","AC242426.2","Exc L5 ET",0.00100706946891786,5.52885150323901,0.000399340326003332,0.984085648427091,0.999723251605349,1,"arteriol_scler"
"549","FMO5","Exc L5 ET",-0.207225998818544,3.85963845013705,4.78982073902918,0.0303252738352032,0.999723251605349,1,"arteriol_scler"
"550","CHD1L","Exc L5 ET",-0.025074985496435,5.84880978159245,0.472703190684473,0.492910102695409,0.999723251605349,1,"arteriol_scler"
"551","ACP6","Exc L5 ET",-0.0273776755660385,4.75060747989399,0.260161689044556,0.610830971520075,0.999723251605349,1,"arteriol_scler"
"552","GPR89B","Exc L5 ET",-0.112802111044095,5.48350786027894,4.78180900694615,0.0304617120749434,0.999723251605349,1,"arteriol_scler"
"553","NBPF11","Exc L5 ET",-0.10305772875317,5.16998258590342,4.28755161668302,0.040272214911197,0.999723251605349,1,"arteriol_scler"
"554","AC239809.3","Exc L5 ET",-0.00413862750566088,6.3936603819884,0.0093977890908719,0.922914167581894,0.999723251605349,1,"arteriol_scler"
"555","PDE4DIP","Exc L5 ET",-0.000287040994735967,9.71235877458617,0.00014476853159736,0.990417628387113,0.999723251605349,1,"arteriol_scler"
"556","NBPF9","Exc L5 ET",0.00827079400167105,5.14897294523014,0.0232839566796164,0.878945777635784,0.999723251605349,1,"arteriol_scler"
"557","AC245297.3","Exc L5 ET",-0.0916886887681405,6.204288939654,3.93812041891311,0.0492040801065212,0.999723251605349,1,"arteriol_scler"
"558","NBPF19","Exc L5 ET",-0.020059321611458,4.16313618000841,0.0788074500045866,0.77934414293524,0.999723251605349,1,"arteriol_scler"
"559","SV2A","Exc L5 ET",0.0147636642423719,7.17976798071778,0.105780492090943,0.745496937413941,0.999723251605349,1,"arteriol_scler"
"560","OTUD7B","Exc L5 ET",-0.00849539849987269,5.14556535709372,0.0369812552258827,0.847788364906173,0.999723251605349,1,"arteriol_scler"
"561","VPS45","Exc L5 ET",-0.0215845203937765,6.54299136889612,0.398338486499576,0.529001584133834,0.999723251605349,1,"arteriol_scler"
"562","PLEKHO1","Exc L5 ET",-0.0028557808623012,5.17362411469144,0.00318587931219544,0.955070777442847,0.999723251605349,1,"arteriol_scler"
"563","ANP32E","Exc L5 ET",-0.0279492440091865,3.96805758526517,0.173971924246423,0.724758656961346,0.999723251605349,1,"arteriol_scler"
"564","MRPS21","Exc L5 ET",-0.0422909856257546,5.93219493257502,0.506458731174527,0.477887568918764,0.999723251605349,1,"arteriol_scler"
"565","PRPF3","Exc L5 ET",0.0120203458619531,5.00014226164481,0.0564255434677036,0.812592766435181,0.999723251605349,1,"arteriol_scler"
"566","RPRD2","Exc L5 ET",0.0288434516166615,7.31077388079509,0.865129586784465,0.353945452216595,0.999723251605349,1,"arteriol_scler"
"567","TARS2","Exc L5 ET",-0.0079374921301774,4.47363908161639,0.0196189507906689,0.967249845058589,0.999723251605349,1,"arteriol_scler"
"568","ECM1","Exc L5 ET",0.0571074429434418,5.34783623543113,0.865101087085346,0.353953355090008,0.999723251605349,1,"arteriol_scler"
"569","ENSA","Exc L5 ET",0.016714289776295,7.07005812612672,0.174521545626343,0.676779142295899,0.999723251605349,1,"arteriol_scler"
"570","GOLPH3L","Exc L5 ET",-0.0204786806832968,4.53412873759629,0.117539773545817,0.732244466698055,0.999723251605349,1,"arteriol_scler"
"571","CTSS","Exc L5 ET",0.0933532073075335,4.28134567060214,1.80720070513055,0.181069177435321,0.999723251605349,1,"arteriol_scler"
"572","ARNT","Exc L5 ET",-0.0789174410796541,5.91516949451941,6.47176723463163,0.012071193077135,0.999723251605349,1,"arteriol_scler"
"573","SETDB1","Exc L5 ET",0.00564806147355226,5.1516555929912,0.0160386260643966,0.899408343325127,0.999723251605349,1,"arteriol_scler"
"574","CDC42SE1","Exc L5 ET",-0.049729952684536,5.22561512687172,1.12902677063849,0.28985497802845,0.999723251605349,1,"arteriol_scler"
"575","MLLT11","Exc L5 ET",0.0120055485240034,6.47802802219617,0.0301306048284858,0.862450782897001,0.999723251605349,1,"arteriol_scler"
"576","GABPB2","Exc L5 ET",-0.00629637524836296,5.16014415902783,0.011032379399563,0.916501763702183,0.999723251605349,1,"arteriol_scler"
"577","SEMA6C","Exc L5 ET",0.0530847376905472,4.43403811814362,0.936170805384766,0.334971855513668,0.999723251605349,1,"arteriol_scler"
"578","SCNM1","Exc L5 ET",-0.00583821075692975,4.28708067861049,0.00581705687916856,0.939316003345696,0.999723251605349,1,"arteriol_scler"
"579","VPS72","Exc L5 ET",0.00725433932640201,3.95830194596291,0.00959520037978149,0.922111315446913,0.999723251605349,1,"arteriol_scler"
"580","PIP5K1A","Exc L5 ET",0.025610718671637,6.72514512801915,0.500662954696569,0.480412565617675,0.999723251605349,1,"arteriol_scler"
"581","PSMD4","Exc L5 ET",-0.0132160480695953,5.90705598827501,0.152772657831775,0.745952237742737,0.999723251605349,1,"arteriol_scler"
"582","PI4KB","Exc L5 ET",0.00389033136742505,5.31637743926819,0.00985823792170359,0.921054416338184,0.999723251605349,1,"arteriol_scler"
"583","PSMB4","Exc L5 ET",0.0619946947141311,4.28446512631648,0.69044165301483,0.40746195874395,0.999723251605349,1,"arteriol_scler"
"584","POGZ","Exc L5 ET",0.00933759296930795,7.61971997391472,0.159005624955015,0.701164554511414,0.999723251605349,1,"arteriol_scler"
"585","SNX27","Exc L5 ET",0.012981011181635,6.51457482968301,0.207481340448702,0.649470797136996,0.999723251605349,1,"arteriol_scler"
"586","CELF3","Exc L5 ET",0.053192498002418,4.99563810906103,1.30345145088633,0.25557802427003,0.999723251605349,1,"arteriol_scler"
"587","MRPL9","Exc L5 ET",-0.0367049102641639,3.947718695163,0.185103418669723,0.667700582367613,0.999723251605349,1,"arteriol_scler"
"588","TDRKH","Exc L5 ET",0.00522186846009181,3.90048001346938,0.00485676147640497,0.944541786819939,0.999723251605349,1,"arteriol_scler"
"589","THEM4","Exc L5 ET",0.0440722595541749,4.75068132675477,0.614250017231437,0.43454680621423,0.999723251605349,1,"arteriol_scler"
"590","FLG-AS1","Exc L5 ET",0.0965413451962105,5.62812021896266,2.10846886324164,0.148775242624236,0.999723251605349,1,"arteriol_scler"
"591","S100A6","Exc L5 ET",-0.0634882012680379,4.39060918184426,0.494165720817803,0.483269398181597,0.999723251605349,1,"arteriol_scler"
"592","CHTOP","Exc L5 ET",0.00288701292983186,4.35380298823912,0.00229897535829729,0.961827900879736,0.999723251605349,1,"arteriol_scler"
"593","SNAPIN","Exc L5 ET",0.0730068653870168,3.63234865243713,0.501228285600446,0.480165307812319,0.999723251605349,1,"arteriol_scler"
"594","ILF2","Exc L5 ET",0.0474766773142291,4.11357704815361,0.316692595932107,0.574523089642341,0.999723251605349,1,"arteriol_scler"
"595","INTS3","Exc L5 ET",-0.0318112034864451,5.76523518339602,0.849045379033582,0.358444520061444,0.999723251605349,1,"arteriol_scler"
"596","GATAD2B","Exc L5 ET",0.0432310364057489,6.84170039063094,1.77959839395767,0.18441501229026,0.999723251605349,1,"arteriol_scler"
"597","DENND4B","Exc L5 ET",0.0344987079279773,5.10674310157555,0.633633847618305,0.427404524405436,0.999723251605349,1,"arteriol_scler"
"598","JTB","Exc L5 ET",0.0517137078386901,4.99987574146924,0.476248773774603,0.491295396867778,0.999723251605349,1,"arteriol_scler"
"599","RPS27","Exc L5 ET",-0.182117688233356,3.78120729343527,2.39686811256702,0.123888543477398,0.999723251605349,1,"arteriol_scler"
"600","TPM3","Exc L5 ET",-0.00880674437200366,6.40984044656296,0.0489437370841565,0.825241393504727,0.999723251605349,1,"arteriol_scler"
"601","C1orf43","Exc L5 ET",0.0119490498038301,5.37209232342976,0.048569481617635,0.825899969453548,0.999723251605349,1,"arteriol_scler"
"602","UBAP2L","Exc L5 ET",0.00462424548837644,5.0879027438211,0.0119724794218059,0.913030630289767,0.999723251605349,1,"arteriol_scler"
"603","HAX1","Exc L5 ET",-0.103155187523212,4.62960104623692,1.90037638504553,0.170286169461849,0.999723251605349,1,"arteriol_scler"
"604","ATP8B2","Exc L5 ET",0.025623558291102,5.70836573008256,0.273571924558368,0.601791755737378,0.999723251605349,1,"arteriol_scler"
"605","UBE2Q1","Exc L5 ET",-0.0329792446050364,4.81796482620484,0.243709652387329,0.622331132667542,0.999723251605349,1,"arteriol_scler"
"606","CHRNB2","Exc L5 ET",-0.12496205478448,4.08603053273799,2.61394953821473,0.108231128277028,0.999723251605349,1,"arteriol_scler"
"607","ADAR","Exc L5 ET",0.0318640790881825,6.23102230495056,1.03974554293731,0.309680390463784,0.999723251605349,1,"arteriol_scler"
"608","PMVK","Exc L5 ET",-0.00962834407546219,4.03219663905445,0.0143223090139965,0.904915489401834,0.999723251605349,1,"arteriol_scler"
"609","FLAD1","Exc L5 ET",-0.0334833208018951,4.24718625006413,0.265104452861928,0.60746565761584,0.999723251605349,1,"arteriol_scler"
"610","ADAM15","Exc L5 ET",-0.085780192983872,4.17286842028131,1.83033116534592,0.178319928827353,0.999723251605349,1,"arteriol_scler"
"611","EFNA3","Exc L5 ET",0.028126353153841,3.72686195695552,0.100956692688635,0.751169005173661,0.999723251605349,1,"arteriol_scler"
"612","DPM3","Exc L5 ET",-0.0981129150756205,3.77940459843308,1.31105714569121,0.254202423529835,0.999723251605349,1,"arteriol_scler"
"613","TRIM46","Exc L5 ET",-0.0642507531291474,4.56377734246124,1.43098475373054,0.233672796319474,0.999723251605349,1,"arteriol_scler"
"614","GBA","Exc L5 ET",0.0457361150169091,4.82703813928627,0.761942464127112,0.384250753596019,0.999723251605349,1,"arteriol_scler"
"615","FAM189B","Exc L5 ET",0.0175209806469163,5.14717184871794,0.135205916960193,0.713662499171985,0.999723251605349,1,"arteriol_scler"
"616","SCAMP3","Exc L5 ET",0.00123445875285242,4.48753964519088,0.000534766811941961,0.981584237141007,0.999723251605349,1,"arteriol_scler"
"617","CLK2","Exc L5 ET",-0.00649570438170441,4.10800338997227,0.00889552976286101,0.924996038533866,0.999723251605349,1,"arteriol_scler"
"618","FDPS","Exc L5 ET",0.00722709135964435,5.89062010639007,0.0294900277376771,0.863906212343291,0.999723251605349,1,"arteriol_scler"
"619","RUSC1","Exc L5 ET",0.0319620817101244,5.92216787447673,0.518882607776921,0.472547625496601,0.999723251605349,1,"arteriol_scler"
"620","ASH1L","Exc L5 ET",0.0275851390730117,8.08353363159066,1.49144417165726,0.224092856299899,0.999723251605349,1,"arteriol_scler"
"621","YY1AP1","Exc L5 ET",-0.0242303096294737,5.76590267964058,0.505813609338491,0.650362077887075,0.999723251605349,1,"arteriol_scler"
"622","DAP3","Exc L5 ET",0.00306706444863614,6.48562647655879,0.0136138381388224,0.985942545324357,0.999723251605349,1,"arteriol_scler"
"623","GON4L","Exc L5 ET",-0.0204532194861462,6.45240913376882,0.507795019376178,0.477308490452684,0.999723251605349,1,"arteriol_scler"
"624","SYT11","Exc L5 ET",0.0452642935273672,7.15974590648965,0.937626155467667,0.334597741212541,0.999723251605349,1,"arteriol_scler"
"625","KHDC4","Exc L5 ET",-0.00645576963171067,5.48677088132669,0.0275497961981464,0.86841668835788,0.999723251605349,1,"arteriol_scler"
"626","ARHGEF2","Exc L5 ET",-0.0702910552848355,6.05259287083683,3.21799421486738,0.0750414179840303,0.999723251605349,1,"arteriol_scler"
"627","SSR2","Exc L5 ET",-0.0176288769477863,4.51094003679706,0.0753522925215114,0.784111605694204,0.999723251605349,1,"arteriol_scler"
"628","UBQLN4","Exc L5 ET",-0.0540831789468494,4.14383716089855,0.536958993357668,0.464949359270691,0.999723251605349,1,"arteriol_scler"
"629","LAMTOR2","Exc L5 ET",0.0120116745717032,3.86960992902777,0.0193079644062288,0.889691536342089,0.999723251605349,1,"arteriol_scler"
"630","LMNA","Exc L5 ET",-0.0115577882642199,5.08135502162445,0.0501025010387183,0.823218911342836,0.999723251605349,1,"arteriol_scler"
"631","SLC25A44","Exc L5 ET",0.0241837553604941,4.37235818270326,0.136454474602422,0.712402610484717,0.999723251605349,1,"arteriol_scler"
"632","SMG5","Exc L5 ET",-8.92857772943531e-05,5.59238441072056,6.57206344261175e-06,0.997958276750951,0.999723251605349,1,"arteriol_scler"
"633","CCT3","Exc L5 ET",-0.0328657610225091,5.73114306298847,0.388532758929478,0.534109410839017,0.999723251605349,1,"arteriol_scler"
"634","C1orf61","Exc L5 ET",-0.0638758082774733,5.45362927610783,2.02838503166062,0.156661451089485,0.999723251605349,1,"arteriol_scler"
"635","MEF2D","Exc L5 ET",0.04869457796799,5.45607579466878,1.31837983248858,0.252886682701553,0.999723251605349,1,"arteriol_scler"
"636","NAXE","Exc L5 ET",-0.0887130807518688,3.53926855093275,0.621979798010194,0.431676991716387,0.999723251605349,1,"arteriol_scler"
"637","GPATCH4","Exc L5 ET",0.0130612542231782,3.89052770397509,0.0262048621884163,0.871639838956206,0.999723251605349,1,"arteriol_scler"
"638","BCAN","Exc L5 ET",0.0422243853399398,5.06160299657438,0.561853335495929,0.454801417681813,0.999723251605349,1,"arteriol_scler"
"639","ISG20L2","Exc L5 ET",0.0849072217404156,4.6119857224267,2.83780540540756,0.0943498056546366,0.999723251605349,1,"arteriol_scler"
"640","HDGF","Exc L5 ET",0.0743832100702883,4.54967101446646,1.36470703265351,0.244755041086021,0.999723251605349,1,"arteriol_scler"
"641","PRCC","Exc L5 ET",-0.023859315028295,4.81779700059376,0.273252798269792,0.671463904943738,0.999723251605349,1,"arteriol_scler"
"642","ARHGEF11","Exc L5 ET",-0.0324628447717086,7.27679838189838,1.08002399974046,0.300525335075907,0.999723251605349,1,"arteriol_scler"
"643","CADM3","Exc L5 ET",0.0927084955893668,5.76905728159198,3.24419465110693,0.0738793783463884,0.999723251605349,1,"arteriol_scler"
"644","KCNJ9","Exc L5 ET",0.0176247910702193,5.27642557916678,0.106178786179341,0.745035049166951,0.999723251605349,1,"arteriol_scler"
"645","IGSF8","Exc L5 ET",0.000270998162149151,5.69371519113036,3.1588244524447e-05,0.995523826392949,0.999723251605349,1,"arteriol_scler"
"646","PEA15","Exc L5 ET",0.141837960341402,4.86303832415939,3.89083084826054,0.0505666280281201,0.999723251605349,1,"arteriol_scler"
"647","DCAF8","Exc L5 ET",0.0414729694286963,4.88366763876247,0.51520315446384,0.474118912720999,0.999723251605349,1,"arteriol_scler"
"648","COPA","Exc L5 ET",0.00913241047850782,6.76977327502078,0.110613639475581,0.739955647491053,0.999723251605349,1,"arteriol_scler"
"649","NCSTN","Exc L5 ET",-0.136526865836166,4.12357127947556,3.75238471149143,0.0547929808170763,0.999723251605349,1,"arteriol_scler"
"650","KLHDC9","Exc L5 ET",-0.0476981651546801,3.92885921662984,0.347008315814772,0.556782962133249,0.999723251605349,1,"arteriol_scler"
"651","PFDN2","Exc L5 ET",-0.0199394793374817,5.12098730226668,0.085099896348957,0.770943438396869,0.999723251605349,1,"arteriol_scler"
"652","NIT1","Exc L5 ET",-0.111072679090462,4.31478055311646,2.77940099331566,0.0977714236352001,0.999723251605349,1,"arteriol_scler"
"653","UFC1","Exc L5 ET",0.0141185597947623,4.12017294728878,0.025134798045674,0.874265414077636,0.999723251605349,1,"arteriol_scler"
"654","NDUFS2","Exc L5 ET",-0.0267380109490808,6.0202501947926,0.251432889945746,0.616873830378056,0.999723251605349,1,"arteriol_scler"
"655","PCP4L1","Exc L5 ET",0.155599833191972,5.58175020527935,6.0613840158889,0.0150603559733756,0.999723251605349,1,"arteriol_scler"
"656","SDHC","Exc L5 ET",-0.0235500731135431,6.09715888104426,0.40197944942684,0.527127378817324,0.999723251605349,1,"arteriol_scler"
"657","ATF6","Exc L5 ET",0.00661876074742705,6.49769774707988,0.0498449348933928,0.823666321488812,0.999723251605349,1,"arteriol_scler"
"658","NOS1AP","Exc L5 ET",0.0160082164983358,7.81255777205181,0.222232136095537,0.638095258588275,0.999723251605349,1,"arteriol_scler"
"659","UHMK1","Exc L5 ET",-0.0350935443280974,6.45232365717405,0.610610207666795,0.435908272858567,0.999723251605349,1,"arteriol_scler"
"660","UAP1","Exc L5 ET",0.0710938788382239,4.65375113325526,1.4297168599349,0.233878970993728,0.999723251605349,1,"arteriol_scler"
"661","DDR2","Exc L5 ET",0.141781726952119,4.79674720393139,2.77508485666455,0.0980296555150869,0.999723251605349,1,"arteriol_scler"
"662","HSD17B7","Exc L5 ET",-0.0268111315213008,4.24132346318084,0.148856222509387,0.700230072051869,0.999723251605349,1,"arteriol_scler"
"663","RGS4","Exc L5 ET",-0.0180740800274402,7.75066742838453,0.0736687549778845,0.786477221377191,0.999723251605349,1,"arteriol_scler"
"664","PBX1","Exc L5 ET",0.0150013176643778,9.39946199278077,0.279125801677084,0.598130715450207,0.999723251605349,1,"arteriol_scler"
"665","MGST3","Exc L5 ET",-0.0408000793376257,7.3119197345895,1.16670603113708,0.281979534565537,0.999723251605349,1,"arteriol_scler"
"666","TMCO1","Exc L5 ET",0.0440162323660424,5.09186654400619,0.6575422480845,0.418837335326147,0.999723251605349,1,"arteriol_scler"
"667","UCK2","Exc L5 ET",-0.0442081740184968,5.60627316134635,1.23543363990625,0.268302361256674,0.999723251605349,1,"arteriol_scler"
"668","FAM78B","Exc L5 ET",-0.00854636578338454,5.69810534550003,0.0332510939506402,0.855578900892946,0.999723251605349,1,"arteriol_scler"
"669","POGK","Exc L5 ET",-0.0533108728938601,4.40779796800832,0.922052676963196,0.338630530879147,0.999723251605349,1,"arteriol_scler"
"670","ILDR2","Exc L5 ET",-0.0628706187525113,5.94414018949466,2.13360613147327,0.146394110630936,0.999723251605349,1,"arteriol_scler"
"671","POU2F1","Exc L5 ET",0.0672368487091866,7.5931980953642,5.39965083165659,0.0216143737054095,0.999723251605349,1,"arteriol_scler"
"672","CD247","Exc L5 ET",-0.00250055398746793,3.99751574010444,0.000955222249936137,0.975389011777179,0.999723251605349,1,"arteriol_scler"
"673","CREG1","Exc L5 ET",-0.00531127043650339,4.76881349307288,0.0105881564028005,0.956488657906699,0.999723251605349,1,"arteriol_scler"
"674","MPZL1","Exc L5 ET",-0.0108356083781312,5.31767403025425,0.0676257905848326,0.795216469388595,0.999723251605349,1,"arteriol_scler"
"675","ADCY10","Exc L5 ET",0.133697914303633,4.36809763886905,1.96290891738819,0.163466749525479,0.999723251605349,1,"arteriol_scler"
"676","MPC2","Exc L5 ET",-0.0260904370878628,5.50143540616281,0.150863918822662,0.698314878712317,0.999723251605349,1,"arteriol_scler"
"677","DCAF6","Exc L5 ET",-0.0104492477183653,7.97188865760366,0.188682798847876,0.664699476807682,0.999723251605349,1,"arteriol_scler"
"678","GPR161","Exc L5 ET",-0.0131357590589455,5.13552732500673,0.0617946657486153,0.804054318528938,0.999723251605349,1,"arteriol_scler"
"679","TIPRL","Exc L5 ET",-0.0136395050756277,5.95636436858872,0.169014489835052,0.9602640861065,0.999723251605349,1,"arteriol_scler"
"680","LINC00626","Exc L5 ET",-0.139686804366802,3.65026970896187,1.25390565616092,0.26476980061214,0.999723251605349,1,"arteriol_scler"
"681","LINC00970","Exc L5 ET",-0.007118682231077,6.697972309668,0.0209800843590542,0.885046385945593,0.999723251605349,1,"arteriol_scler"
"682","ATP1B1","Exc L5 ET",0.0217203103038838,9.30051466779628,0.124559270666327,0.724684418880467,0.999723251605349,1,"arteriol_scler"
"683","NME7","Exc L5 ET",0.0135021772052657,7.40164314952612,0.294875318000793,0.633343141598982,0.999723251605349,1,"arteriol_scler"
"684","BLZF1","Exc L5 ET",0.0370656489213288,5.20719838181503,0.58900574957528,0.444126320921055,0.999723251605349,1,"arteriol_scler"
"685","CCDC181","Exc L5 ET",0.0920181591060557,4.47081145606604,2.50698310507871,0.115651636822145,0.999723251605349,1,"arteriol_scler"
"686","SLC19A2","Exc L5 ET",-0.00862401785449516,4.57403962726403,0.0293734986790687,0.864172717582608,0.999723251605349,1,"arteriol_scler"
"687","C1orf112","Exc L5 ET",-0.0720555029130102,4.91587245729013,0.60380940523322,0.438469723820986,0.999723251605349,1,"arteriol_scler"
"688","SCYL3","Exc L5 ET",-0.0692983205402943,4.95179159687502,2.16024075538646,0.143918379433049,0.999723251605349,1,"arteriol_scler"
"689","KIFAP3","Exc L5 ET",-0.000768739013826229,7.89850958559837,0.000981201073601355,0.975056697646392,0.999723251605349,1,"arteriol_scler"
"690","PRRC2C","Exc L5 ET",0.0379507819992778,7.09621061040168,1.57530443807399,0.21157798188915,0.999723251605349,1,"arteriol_scler"
"691","VAMP4","Exc L5 ET",-0.0416212634510467,4.59414542314453,0.599123031390746,0.440248314577683,0.999723251605349,1,"arteriol_scler"
"692","DNM3","Exc L5 ET",0.00478872529232478,8.7123371418367,0.0346888589130397,0.852525019565402,0.999723251605349,1,"arteriol_scler"
"693","PIGC","Exc L5 ET",-0.0847951830271981,4.31350295238734,1.83223830754185,0.178095430133524,0.999723251605349,1,"arteriol_scler"
"694","SUCO","Exc L5 ET",0.0311842197550104,5.13109280599847,0.535416446954996,0.556396976343031,0.999723251605349,1,"arteriol_scler"
"695","AL031599.1","Exc L5 ET",-0.188284132309617,3.46863914390139,2.47321507736054,0.118110603019963,0.999723251605349,1,"arteriol_scler"
"696","AL645568.1","Exc L5 ET",-0.0477613562828509,6.18918808016178,1.11953306733581,0.291883609850784,0.999723251605349,1,"arteriol_scler"
"697","PRDX6","Exc L5 ET",-0.0582609788294439,4.8925216073848,0.633713838842391,0.427375421278189,0.999723251605349,1,"arteriol_scler"
"698","SLC9C2","Exc L5 ET",-0.0803453642187815,4.17305090318144,1.08574807822544,0.299253005795259,0.999723251605349,1,"arteriol_scler"
"699","KLHL20","Exc L5 ET",0.0283392701497596,5.40231388039543,0.40973100659054,0.523176594263271,0.999723251605349,1,"arteriol_scler"
"700","ZBTB37","Exc L5 ET",0.0125285013575636,3.92953812258846,0.0282739291000722,0.86671474539478,0.999723251605349,1,"arteriol_scler"
"701","RC3H1","Exc L5 ET",0.051641999835284,6.64524650947972,3.92526078720022,0.0495706745634289,0.999723251605349,1,"arteriol_scler"
"702","RABGAP1L","Exc L5 ET",0.0325198597764984,8.77744008953281,1.60391266426598,0.207501576130688,0.999723251605349,1,"arteriol_scler"
"703","CACYBP","Exc L5 ET",0.0105561155531704,5.2283186348738,0.0186139165186555,0.891679677796394,0.999723251605349,1,"arteriol_scler"
"704","MRPS14","Exc L5 ET",-0.0366310571510478,4.27661588161361,0.377362203175987,0.540038527025374,0.999723251605349,1,"arteriol_scler"
"705","TNR","Exc L5 ET",0.0143048234671936,8.08255269796514,0.122237497863221,0.727157893087022,0.999723251605349,1,"arteriol_scler"
"706","AL513329.1","Exc L5 ET",-0.0260562698194822,4.36316109322799,0.137333075804014,0.71151996027077,0.999723251605349,1,"arteriol_scler"
"707","COP1","Exc L5 ET",-0.00478732378714216,7.88293941939523,0.0298682844316889,0.863044844939885,0.999723251605349,1,"arteriol_scler"
"708","AL359265.3","Exc L5 ET",-0.0435225448336566,3.93152012158795,0.264402406390064,0.60794121938659,0.999723251605349,1,"arteriol_scler"
"709","PAPPA2","Exc L5 ET",-0.0886913351216812,4.69002634836231,1.76716037176593,0.185946320088365,0.999723251605349,1,"arteriol_scler"
"710","ASTN1","Exc L5 ET",-0.0127595610261291,7.72229575370811,0.188012123331197,0.665259207996622,0.999723251605349,1,"arteriol_scler"
"711","BRINP2","Exc L5 ET",-0.0260143348313722,6.86862427077285,0.628274936434191,0.42936112150938,0.999723251605349,1,"arteriol_scler"
"712","SEC16B","Exc L5 ET",-0.0398874144194919,6.29263326681463,0.841969558641967,0.360448825103852,0.999723251605349,1,"arteriol_scler"
"713","RASAL2","Exc L5 ET",0.000785665643038838,8.91728426416517,0.000958131256323547,0.975351577503029,0.999723251605349,1,"arteriol_scler"
"714","RALGPS2","Exc L5 ET",-0.045116491036142,6.51945171442929,1.43779006337271,0.232569949066805,0.999723251605349,1,"arteriol_scler"
"715","ANGPTL1","Exc L5 ET",-0.376282960683352,4.10005573855687,10.5848924284372,0.00143642540091838,0.999723251605349,0.818364304496965,"arteriol_scler"
"716","FAM20B","Exc L5 ET",0.0259307107899792,5.3871687726881,0.481547750307955,0.731173591271483,0.999723251605349,1,"arteriol_scler"
"717","ABL2","Exc L5 ET",-0.0012278530788164,6.48695132624735,0.00170697670955925,0.967104549832825,0.999723251605349,1,"arteriol_scler"
"718","SOAT1","Exc L5 ET",0.0941525466041166,4.4193302838028,2.55050095671246,0.112566477685287,0.999723251605349,1,"arteriol_scler"
"719","TDRD5","Exc L5 ET",-0.0112850079184126,3.85082292568069,0.0153750063539006,0.901500435158383,0.999723251605349,1,"arteriol_scler"
"720","FAM163A","Exc L5 ET",-0.108731806490263,4.44583443871051,0.837316620035193,0.361775301813248,0.999723251605349,1,"arteriol_scler"
"721","TOR1AIP2","Exc L5 ET",0.0200130972507534,5.70685820408711,0.293687640279411,0.681376985710644,0.999723251605349,1,"arteriol_scler"
"722","TOR1AIP1","Exc L5 ET",0.0566315193245766,4.35178400439324,0.815389208774832,0.368118816689938,0.999723251605349,1,"arteriol_scler"
"723","CEP350","Exc L5 ET",-9.05162147499907e-06,6.99806516565455,3.01141630821162e-07,0.999562949263202,0.99976356400465,1,"arteriol_scler"
"724","QSOX1","Exc L5 ET",0.01879098904861,4.94712675334109,0.159038294756175,0.690665224479549,0.999723251605349,1,"arteriol_scler"
"725","ACBD6","Exc L5 ET",0.0445771124512259,7.28519782757682,2.61602162915683,0.108092707586517,0.999723251605349,1,"arteriol_scler"
"726","XPR1","Exc L5 ET",-0.0149785547807816,6.92370137096118,0.230651960846646,0.631807827796043,0.999723251605349,1,"arteriol_scler"
"727","KIAA1614","Exc L5 ET",0.0361953294054989,4.03754917713745,0.204130178065162,0.652122985491016,0.999723251605349,1,"arteriol_scler"
"728","STX6","Exc L5 ET",0.0348037806870764,5.4395814282472,0.598921187672763,0.440325169122201,0.999723251605349,1,"arteriol_scler"
"729","CACNA1E","Exc L5 ET",0.0453150587929931,6.82554642084813,0.874944369674008,0.351238210574202,0.999723251605349,1,"arteriol_scler"
"730","DHX9","Exc L5 ET",0.0306745921427284,5.71084947979849,0.688886147227525,0.407989425622231,0.999723251605349,1,"arteriol_scler"
"731","LAMC1","Exc L5 ET",-0.0270485468264335,6.15579142238307,0.382917656487299,0.537074831139718,0.999723251605349,1,"arteriol_scler"
"732","NMNAT2","Exc L5 ET",-0.00194809394476978,8.16948427387531,0.00814897331172168,0.928203361785222,0.999723251605349,1,"arteriol_scler"
"733","SMG7","Exc L5 ET",-0.00246284580239243,6.11919933335234,0.00537519143642872,0.941661980579046,0.999723251605349,1,"arteriol_scler"
"734","ARPC5","Exc L5 ET",-0.0312105437798555,5.15746379213834,0.307510752168207,0.58011710041202,0.999723251605349,1,"arteriol_scler"
"735","RGL1","Exc L5 ET",-0.00340088126012971,8.11490253247565,0.0146025039866323,0.903994407124748,0.999723251605349,1,"arteriol_scler"
"736","COLGALT2","Exc L5 ET",-0.0395006553462933,7.27687627210806,1.84700837558628,0.1763678833843,0.999723251605349,1,"arteriol_scler"
"737","TSEN15","Exc L5 ET",0.00297936608322056,5.74786656635663,0.00475557076383389,0.945121632638558,0.999723251605349,1,"arteriol_scler"
"738","C1orf21","Exc L5 ET",-0.008562430915065,7.9449949479591,0.106022155053916,0.745216574440002,0.999723251605349,1,"arteriol_scler"
"739","EDEM3","Exc L5 ET",-0.0559068701948617,6.19755417238246,3.54649251572195,0.061794303266837,0.999723251605349,1,"arteriol_scler"
"740","RNF2","Exc L5 ET",-0.0437206571173898,4.79738305400865,0.769341219574307,0.381958518601814,0.999723251605349,1,"arteriol_scler"
"741","TRMT1L","Exc L5 ET",-0.012882492275477,5.07025360461665,0.103482222925547,0.748181142809381,0.999723251605349,1,"arteriol_scler"
"742","SWT1","Exc L5 ET",-0.0555587170544873,5.15496603602868,1.39832886962318,0.239054576845569,0.999723251605349,1,"arteriol_scler"
"743","IVNS1ABP","Exc L5 ET",0.00891769837200687,4.34855270208005,0.0215822330500324,0.883420166841037,0.999723251605349,1,"arteriol_scler"
"744","TPR","Exc L5 ET",0.0186484169836679,5.68664529011564,0.256220741530968,0.61354321143138,0.999723251605349,1,"arteriol_scler"
"745","ODR4","Exc L5 ET",0.0231092662627815,5.63431796389201,0.475433174478581,0.491666043661797,0.999723251605349,1,"arteriol_scler"
"746","AL596220.1","Exc L5 ET",0.0340253287198663,6.102455470071,0.906723904780476,0.342664410798079,0.999723251605349,1,"arteriol_scler"
"747","ERVMER61-1","Exc L5 ET",0.0311379238539888,4.31860534018167,0.0582115446371992,0.809706546415598,0.999723251605349,1,"arteriol_scler"
"748","BRINP3","Exc L5 ET",0.0151088425977715,7.21593924888794,0.0676603497345375,0.795165327628619,0.999723251605349,1,"arteriol_scler"
"749","AL390957.1","Exc L5 ET",-0.0267078297949145,4.92905550084989,0.0856370791676725,0.770242107180362,0.999723251605349,1,"arteriol_scler"
"750","RGS2","Exc L5 ET",0.0753832120992632,3.60814167355102,0.50723631622862,0.477550463585088,0.999723251605349,1,"arteriol_scler"
"751","UCHL5","Exc L5 ET",-0.00263873274074137,5.25280698145654,0.00304269770421831,0.95609094581851,0.999723251605349,1,"arteriol_scler"
"752","TROVE2","Exc L5 ET",0.0146011827112001,5.52836334746849,0.142510985749586,0.706382384264215,0.999723251605349,1,"arteriol_scler"
"753","GLRX2","Exc L5 ET",0.0323669990602779,4.62906016533553,0.180988996365776,0.67119311935576,0.999723251605349,1,"arteriol_scler"
"754","CDC73","Exc L5 ET",-0.017420033616263,6.17078390227249,0.264667107824818,0.607761818561303,0.999723251605349,1,"arteriol_scler"
"755","B3GALT2","Exc L5 ET",-0.0862743738505908,4.43916022960499,1.23077383014041,0.269202835595304,0.999723251605349,1,"arteriol_scler"
"756","KCNT2","Exc L5 ET",-0.0102658429221777,7.92795701371597,0.0643132228452557,0.800184898574226,0.999723251605349,1,"arteriol_scler"
"757","ZBTB41","Exc L5 ET",0.0330099593909529,5.06641670889474,0.55883121809771,0.456014487715263,0.999723251605349,1,"arteriol_scler"
"758","CRB1","Exc L5 ET",-0.0119184540819164,5.46327880330866,0.0489653908079674,0.825203370506974,0.999723251605349,1,"arteriol_scler"
"759","DENND1B","Exc L5 ET",-0.00140916864846765,7.17258769759534,0.00245583448742663,0.960548184029236,0.999723251605349,1,"arteriol_scler"
"760","NEK7","Exc L5 ET",0.0176595533310869,4.23902581341487,0.0707660642502747,0.790625109766083,0.999723251605349,1,"arteriol_scler"
"761","MIR181A1HG","Exc L5 ET",-0.12111609108727,4.68151763242042,1.18236055451813,0.278787888399865,0.999723251605349,1,"arteriol_scler"
"762","LINC00862","Exc L5 ET",0.0585090845632347,4.43262991224397,0.526882637350931,0.469160306228742,0.999723251605349,1,"arteriol_scler"
"763","ZNF281","Exc L5 ET",0.0334470448385674,4.47304045415837,0.269374414424385,0.604590266663348,0.999723251605349,1,"arteriol_scler"
"764","CAMSAP2","Exc L5 ET",-0.00176785596442457,8.07088950240309,0.00790742916792908,0.92927256494126,0.999723251605349,1,"arteriol_scler"
"765","KIF21B","Exc L5 ET",-0.130085435456142,4.86964488417962,5.92823101743237,0.0161884181781015,0.999723251605349,1,"arteriol_scler"
"766","TMEM9","Exc L5 ET",0.0218092743261761,5.07725393483744,0.170388139595344,0.680413248194372,0.999723251605349,1,"arteriol_scler"
"767","PHLDA3","Exc L5 ET",-0.0470510862015669,3.80474608449248,0.284088173018193,0.594898834752125,0.999723251605349,1,"arteriol_scler"
"768","AC096677.1","Exc L5 ET",0.122522182864704,3.91360691252717,2.02165375235193,0.157345842713941,0.999723251605349,1,"arteriol_scler"
"769","NAV1","Exc L5 ET",0.0262389169641402,7.77826421660084,0.890641294233278,0.346967179353863,0.999723251605349,1,"arteriol_scler"
"770","IPO9-AS1","Exc L5 ET",-0.177540328840023,4.95809730371111,4.64177598366751,0.032954048563904,0.999723251605349,1,"arteriol_scler"
"771","IPO9","Exc L5 ET",0.0317994028842226,6.55790544162473,1.37516992811836,0.242963373435775,0.999723251605349,1,"arteriol_scler"
"772","SHISA4","Exc L5 ET",0.0845018904109642,4.20158919547844,1.07194842762489,0.302332315672451,0.999723251605349,1,"arteriol_scler"
"773","TIMM17A","Exc L5 ET",-0.0862123525805148,5.04457252051864,1.86202464872614,0.174631504900426,0.999723251605349,1,"arteriol_scler"
"774","RNPEP","Exc L5 ET",-0.0751293473039013,4.70944009938283,2.20956794187744,0.143830868788525,0.999723251605349,1,"arteriol_scler"
"775","ARL8A","Exc L5 ET",0.0768873404492416,5.35603579361732,1.89602363498966,0.170772982007736,0.999723251605349,1,"arteriol_scler"
"776","PPP1R12B","Exc L5 ET",-0.021151859889555,8.1285510264523,0.713750095882413,0.399676643744053,0.999723251605349,1,"arteriol_scler"
"777","SYT2","Exc L5 ET",-0.0284757107751718,7.4565083349712,0.38412207871239,0.536436229760583,0.999723251605349,1,"arteriol_scler"
"778","KDM5B","Exc L5 ET",0.037975723085287,6.49406355491565,1.74304378074053,0.188958145074985,0.999723251605349,1,"arteriol_scler"
"779","RABIF","Exc L5 ET",-0.0431658467130247,3.91655161379822,0.308722854799336,0.579372405351014,0.999723251605349,1,"arteriol_scler"
"780","KLHL12","Exc L5 ET",0.0335650669635636,4.63826449030636,0.36542171554118,0.970142548755292,0.999723251605349,1,"arteriol_scler"
"781","ADIPOR1","Exc L5 ET",0.0172533440288508,4.44807730134189,0.115826004004977,0.73412836216739,0.999723251605349,1,"arteriol_scler"
"782","CYB5R1","Exc L5 ET",-0.0441561069257274,4.65552998696423,0.600867854534848,0.439584813887405,0.999723251605349,1,"arteriol_scler"
"783","TMEM183A","Exc L5 ET",-0.00657571395693736,4.46423040044738,0.00893969415190382,0.924810636610384,0.999723251605349,1,"arteriol_scler"
"784","PPFIA4","Exc L5 ET",-0.00664970868348934,6.84148894547685,0.0364140277381551,0.848945894328351,0.999723251605349,1,"arteriol_scler"
"785","ADORA1","Exc L5 ET",-0.0852692863612382,5.18902658130638,3.31152347702538,0.0709818071209973,0.999723251605349,1,"arteriol_scler"
"786","PRELP","Exc L5 ET",0.245079289541863,4.0684278779992,5.35036448772393,0.0222093193118928,0.999723251605349,1,"arteriol_scler"
"787","ATP2B4","Exc L5 ET",0.0900843136616928,7.53845560980266,8.99625700666681,0.00321505091244405,0.999723251605349,0.976549791861822,"arteriol_scler"
"788","PLEKHA6","Exc L5 ET",0.0138968548558736,7.42891298419696,0.251743080862309,0.616656850120302,0.999723251605349,1,"arteriol_scler"
"789","PPP1R15B","Exc L5 ET",0.0916883161941672,3.84939841089193,1.33377393187565,0.250148080334701,0.999723251605349,1,"arteriol_scler"
"790","PIK3C2B","Exc L5 ET",-0.0374243002601537,5.56637823305475,0.762736466779656,0.384003821674057,0.999723251605349,1,"arteriol_scler"
"791","MDM4","Exc L5 ET",0.00649700612346783,5.97923143962251,0.0331183151325215,0.962247825465258,0.999723251605349,1,"arteriol_scler"
"792","LRRN2","Exc L5 ET",0.0159632206893649,7.08002075491817,0.161567313346155,0.68834484774493,0.999723251605349,1,"arteriol_scler"
"793","NFASC","Exc L5 ET",0.0536570191702775,8.3378601800086,4.40541667915683,0.0376624859414437,0.999723251605349,1,"arteriol_scler"
"794","CNTN2","Exc L5 ET",0.0287627485272255,5.32755086600836,0.381137302414751,0.538021351240264,0.999723251605349,1,"arteriol_scler"
"795","RBBP5","Exc L5 ET",-0.0620456847249995,5.03167611257523,2.0658662151289,0.152912457181619,0.999723251605349,1,"arteriol_scler"
"796","DSTYK","Exc L5 ET",0.00508684426392049,5.9695401941188,0.0164958399618564,0.897992445512387,0.999723251605349,1,"arteriol_scler"
"797","TMCC2","Exc L5 ET",0.0436348758630959,4.41683421067585,0.548404215621189,0.460239492144813,0.999723251605349,1,"arteriol_scler"
"798","CDK18","Exc L5 ET",-0.0761742641819843,3.55662855548962,0.301888814812768,0.583596448666486,0.999723251605349,1,"arteriol_scler"
"799","MFSD4A","Exc L5 ET",0.0316845656603307,5.77679003182991,0.66438711633785,0.416432046956252,0.999723251605349,1,"arteriol_scler"
"800","ELK4","Exc L5 ET",-0.0317772566922127,4.51962557974757,0.37272997599598,0.678563903363392,0.999723251605349,1,"arteriol_scler"
"801","NUCKS1","Exc L5 ET",-0.0202601015695947,7.14084487433,0.231057893127679,0.631508293065715,0.999723251605349,1,"arteriol_scler"
"802","SLC41A1","Exc L5 ET",0.0487750932577933,4.33764638344342,0.637044129309148,0.426166424265257,0.999723251605349,1,"arteriol_scler"
"803","SRGAP2","Exc L5 ET",-0.0451936101250871,6.99491516027768,3.07213501560045,0.081884846820934,0.999723251605349,1,"arteriol_scler"
"804","RASSF5","Exc L5 ET",-0.00621210450595066,5.6397119707142,0.0190169504127808,0.890520655080913,0.999723251605349,1,"arteriol_scler"
"805","EIF2D","Exc L5 ET",-0.0917116689687683,4.26007859523499,2.6797374847282,0.103930672802191,0.999723251605349,1,"arteriol_scler"
"806","MAPKAPK2","Exc L5 ET",-0.182370789680716,4.03676941716794,6.0248000510697,0.0153618747157236,0.999723251605349,1,"arteriol_scler"
"807","PFKFB2","Exc L5 ET",-0.0167552091337847,4.45416716391123,0.119890539332287,0.729685157833817,0.999723251605349,1,"arteriol_scler"
"808","CD55","Exc L5 ET",-0.0109368179117732,4.19601592870355,0.0261648011252504,0.871737133193537,0.999723251605349,1,"arteriol_scler"
"809","CD46","Exc L5 ET",-0.04386782704849,5.94891715291525,1.63719216683498,0.202876796833714,0.999723251605349,1,"arteriol_scler"
"810","MIR29B2CHG","Exc L5 ET",-0.00893798882516603,7.4849631889938,0.0512478058114638,0.821243921596482,0.999723251605349,1,"arteriol_scler"
"811","PLXNA2","Exc L5 ET",0.0236506183614418,6.29694271957208,0.267103608500155,0.606115797681883,0.999723251605349,1,"arteriol_scler"
"812","CAMK1G","Exc L5 ET",0.0252665282118374,5.41509564076607,0.350483688736858,0.554816528459966,0.999723251605349,1,"arteriol_scler"
"813","AL031316.1","Exc L5 ET",-0.0268485839816925,4.48518700835205,0.135431216285643,0.71343466780161,0.999723251605349,1,"arteriol_scler"
"814","HSD11B1","Exc L5 ET",-0.211051479645699,3.72400985162896,3.33502049305075,0.0699997764570202,0.999723251605349,1,"arteriol_scler"
"815","UTP25","Exc L5 ET",0.0555110385484591,4.25838979202871,0.982610324127511,0.323305125340458,0.999723251605349,1,"arteriol_scler"
"816","SYT14","Exc L5 ET",0.00295602878375899,8.14384205239152,0.0117014575335735,0.914016725244616,0.999723251605349,1,"arteriol_scler"
"817","SERTAD4","Exc L5 ET",0.0309773360564994,4.35393444425576,0.263307773376607,0.608684313738452,0.999723251605349,1,"arteriol_scler"
"818","HHAT","Exc L5 ET",-0.0344881355240123,6.30304710532463,0.454434076342205,0.501374169945569,0.999723251605349,1,"arteriol_scler"
"819","KCNH1","Exc L5 ET",0.0270171124095281,6.23245736320958,0.374629548907001,0.541507386098149,0.999723251605349,1,"arteriol_scler"
"820","RCOR3","Exc L5 ET",0.024306942130842,7.01835233104503,0.587942751550871,0.444536847936427,0.999723251605349,1,"arteriol_scler"
"821","LPGAT1","Exc L5 ET",-0.0348907296779268,6.53422020275442,1.38941359633312,0.240550110814867,0.999723251605349,1,"arteriol_scler"
"822","INTS7","Exc L5 ET",0.0296040480490991,4.98688886707931,0.346802272186169,0.556899962204697,0.999723251605349,1,"arteriol_scler"
"823","PPP2R5A","Exc L5 ET",0.0129973107601268,4.81618143297023,0.0639226815541343,0.80077956391674,0.999723251605349,1,"arteriol_scler"
"824","NENF","Exc L5 ET",0.0423468090767585,4.41505660207858,0.351711327699465,0.554125056221468,0.999723251605349,1,"arteriol_scler"
"825","NSL1","Exc L5 ET",0.000512614980590806,6.02261856953388,0.000216602149683009,0.988279070104001,0.999723251605349,1,"arteriol_scler"
"826","TATDN3","Exc L5 ET",-0.0625640461692639,5.73689591223502,2.71489449989337,0.101710333754069,0.999723251605349,1,"arteriol_scler"
"827","FLVCR1","Exc L5 ET",-0.0415932340614586,5.60664185052993,1.03217943245605,0.311440629283291,0.999723251605349,1,"arteriol_scler"
"828","VASH2","Exc L5 ET",0.119071608362733,5.2075129836664,6.21855546981864,0.0138334883977966,0.999723251605349,1,"arteriol_scler"
"829","ANGEL2","Exc L5 ET",-0.0339471740934218,5.25326351877221,0.548398606516601,0.460241781674333,0.999723251605349,1,"arteriol_scler"
"830","RPS6KC1","Exc L5 ET",0.0119311284133501,8.2285103101891,0.186119936437901,0.666844812233229,0.999723251605349,1,"arteriol_scler"
"831","SMYD2","Exc L5 ET",0.023185064644802,5.44493588157195,0.195937292852726,0.658719363879929,0.999723251605349,1,"arteriol_scler"
"832","PTPN14","Exc L5 ET",-0.0221450346161726,4.9920473257292,0.0861384251041437,0.769589715908478,0.999723251605349,1,"arteriol_scler"
"833","KCTD3","Exc L5 ET",-0.0135561550229101,5.88902620481017,0.148473034023504,0.700597290756001,0.999723251605349,1,"arteriol_scler"
"834","USH2A","Exc L5 ET",0.0972647382333196,5.50842085521389,2.41338364695657,0.122612310498573,0.999723251605349,1,"arteriol_scler"
"835","ESRRG","Exc L5 ET",0.0142462614666136,10.258388852101,0.210677903941224,0.6469649785289,0.999723251605349,1,"arteriol_scler"
"836","GPATCH2","Exc L5 ET",-0.00117896596105682,6.7928039045928,0.000912710881610669,0.975942718446025,0.999723251605349,1,"arteriol_scler"
"837","SPATA17","Exc L5 ET",-0.0299952102696587,3.751722946508,0.113303062667017,0.736930289958029,0.999723251605349,1,"arteriol_scler"
"838","RRP15","Exc L5 ET",-0.05321195407879,4.82759259905474,1.39845022595621,0.239034298078358,0.999723251605349,1,"arteriol_scler"
"839","LYPLAL1","Exc L5 ET",-0.0450854480879921,5.71881761133835,1.34438428115892,0.248281844134785,0.999723251605349,1,"arteriol_scler"
"840","EPRS","Exc L5 ET",0.00176457462940969,6.32239624867749,0.00377759643111325,0.951080850097637,0.999723251605349,1,"arteriol_scler"
"841","BPNT1","Exc L5 ET",-0.08296102708559,4.1422413708105,1.68924219743806,0.19588652590739,0.999723251605349,1,"arteriol_scler"
"842","IARS2","Exc L5 ET",-0.032556267738164,4.8056392006821,0.401624034872194,0.820983215268307,0.999723251605349,1,"arteriol_scler"
"843","RAB3GAP2","Exc L5 ET",-0.0164924687215539,7.06058652817223,0.483957135208376,0.487815350344844,0.999723251605349,1,"arteriol_scler"
"844","MARK1","Exc L5 ET",-0.0138191831657804,7.63749972671449,0.267568108775247,0.605803077864325,0.999723251605349,1,"arteriol_scler"
"845","C1orf115","Exc L5 ET",0.0458431612667029,4.29399048961117,0.390426177083735,0.533116181302812,0.999723251605349,1,"arteriol_scler"
"846","MARC2","Exc L5 ET",0.0406661151916049,5.00223148772408,0.701791108804926,0.629134309593397,0.999723251605349,1,"arteriol_scler"
"847","MARC1","Exc L5 ET",-0.0479229509360567,4.35870831387088,0.63805543498592,0.425800314112742,0.999723251605349,1,"arteriol_scler"
"848","MIA3","Exc L5 ET",0.0246672415963938,6.05132135748179,0.455232912833702,0.500998915812416,0.999723251605349,1,"arteriol_scler"
"849","BROX","Exc L5 ET",-0.0477178442878511,4.49608595894793,0.866823009013618,0.35347630735171,0.999723251605349,1,"arteriol_scler"
"850","AC093152.1","Exc L5 ET",0.0242630314315831,3.99693560688469,0.089586998528644,0.765157066043964,0.999723251605349,1,"arteriol_scler"
"851","SUSD4","Exc L5 ET",-0.00201422033853715,8.36543776407421,0.00404349453754488,0.949390718044921,0.999723251605349,1,"arteriol_scler"
"852","CAPN2","Exc L5 ET",-0.0378796275009528,5.23466489212414,0.923993713431636,0.33812432748437,0.999723251605349,1,"arteriol_scler"
"853","FBXO28","Exc L5 ET",-0.0118546714609111,6.06491707614118,0.128733833602432,0.727288742742741,0.999723251605349,1,"arteriol_scler"
"854","DEGS1","Exc L5 ET",0.0153553080074451,4.44897385544135,0.0529182700897009,0.818404500523132,0.999723251605349,1,"arteriol_scler"
"855","NVL","Exc L5 ET",-0.0818452324737997,5.52956468721684,3.89890355968067,0.0503312044558109,0.999723251605349,1,"arteriol_scler"
"856","CNIH4","Exc L5 ET",-0.0047551319980499,4.64164224094255,0.00815716444194843,0.928167385487452,0.999723251605349,1,"arteriol_scler"
"857","WDR26","Exc L5 ET",0.0411562155274504,6.04760120278009,1.4294527409849,0.233921947797755,0.999723251605349,1,"arteriol_scler"
"858","CNIH3","Exc L5 ET",-0.0228833029858155,6.84204132425059,0.46620649388677,0.495892088858038,0.999723251605349,1,"arteriol_scler"
"859","DNAH14","Exc L5 ET",0.0619128274834557,7.03370954159505,3.04977259542844,0.0829928865024692,0.999723251605349,1,"arteriol_scler"
"860","LBR","Exc L5 ET",-0.0101026745533842,4.35782790251311,0.0277086773400875,0.868041316253634,0.999723251605349,1,"arteriol_scler"
"861","ENAH","Exc L5 ET",-0.0239006628631908,6.8418703435196,0.743538205225847,0.390038733984072,0.999723251605349,1,"arteriol_scler"
"862","SRP9","Exc L5 ET",0.065758320017375,5.23682165056901,0.776648808693874,0.379713605220665,0.999723251605349,1,"arteriol_scler"
"863","EPHX1","Exc L5 ET",-0.0404049319423256,4.03542376555472,0.2677126127557,0.605705862362192,0.999723251605349,1,"arteriol_scler"
"864","ACBD3","Exc L5 ET",-0.0117210483698164,5.48110026038268,0.116010847950495,0.733924422878988,0.999723251605349,1,"arteriol_scler"
"865","LIN9","Exc L5 ET",-0.0154501112172078,3.99511777150746,0.0316153110095888,0.859137582392214,0.999723251605349,1,"arteriol_scler"
"866","PARP1","Exc L5 ET",-0.00980389894690518,5.07692572592953,0.0391305474359997,0.843483868054108,0.999723251605349,1,"arteriol_scler"
"867","COQ8A","Exc L5 ET",-0.00366735355734653,5.33425975908626,0.00908080545213579,0.99218967465554,0.999723251605349,1,"arteriol_scler"
"868","CDC42BPA","Exc L5 ET",0.0222717481917106,8.85016106665382,0.810623686101595,0.369518000130474,0.999723251605349,1,"arteriol_scler"
"869","SNAP47","Exc L5 ET",0.00576968423589458,4.91847770452219,0.01380636412884,0.906635782369262,0.999723251605349,1,"arteriol_scler"
"870","ARF1","Exc L5 ET",-0.0240523205647436,6.47153669882955,0.179658799763401,0.672332291714337,0.999723251605349,1,"arteriol_scler"
"871","C1orf35","Exc L5 ET",-0.0411398910747396,4.59971082243594,0.493468390283105,0.483577682790354,0.999723251605349,1,"arteriol_scler"
"872","MRPL55","Exc L5 ET",-0.133283057903483,4.53037098134337,3.62886316258029,0.0588842533379581,0.999723251605349,1,"arteriol_scler"
"873","GUK1","Exc L5 ET",0.0232303440949258,6.35861462526832,0.112574394431655,0.737745993012589,0.999723251605349,1,"arteriol_scler"
"874","RNF187","Exc L5 ET",0.0362714936212567,5.85370293919858,0.217885549935362,0.641398237149322,0.999723251605349,1,"arteriol_scler"
"875","RAB4A","Exc L5 ET",-0.0270071864919632,4.67901652046736,0.279667238726029,0.597776308115403,0.999723251605349,1,"arteriol_scler"
"876","CCSAP","Exc L5 ET",0.0375327758485929,5.47605404479822,0.669393683578412,0.414685770440736,0.999723251605349,1,"arteriol_scler"
"877","NUP133","Exc L5 ET",-0.0507647352944573,5.6656493562036,1.76389362853828,0.294151302077741,0.999723251605349,1,"arteriol_scler"
"878","ABCB10","Exc L5 ET",0.0235311658226161,4.86586851861623,0.201379161175228,0.654319886998202,0.999723251605349,1,"arteriol_scler"
"879","GALNT2","Exc L5 ET",0.00681398227332164,6.41426016216576,0.0357852255558363,0.850240055004406,0.999723251605349,1,"arteriol_scler"
"880","PGBD5","Exc L5 ET",-0.0061295667867707,6.87409680666866,0.0286148310297758,0.86592127893049,0.999723251605349,1,"arteriol_scler"
"881","COG2","Exc L5 ET",0.0538565176988464,4.95131069038358,1.5804651152293,0.210835606910576,0.999723251605349,1,"arteriol_scler"
"882","TTC13","Exc L5 ET",-0.00469982599536227,5.98491482784348,0.0220841992977115,0.884829434115266,0.999723251605349,1,"arteriol_scler"
"883","ARV1","Exc L5 ET",0.0323513642676885,4.85915320285189,0.508864662835933,0.476845790317594,0.999723251605349,1,"arteriol_scler"
"884","C1orf131","Exc L5 ET",-0.0215346274387283,4.40007356215897,0.118658798935494,0.731022630821332,0.999723251605349,1,"arteriol_scler"
"885","GNPAT","Exc L5 ET",-0.105622348535448,4.94413811898018,4.84753938645481,0.0293611854806682,0.999723251605349,1,"arteriol_scler"
"886","EGLN1","Exc L5 ET",0.0387662842843784,5.71739165667254,1.30079945948921,0.350931342466162,0.999723251605349,1,"arteriol_scler"
"887","SIPA1L2","Exc L5 ET",0.008661446815843,5.37321548515018,0.0389399400506385,0.871710576811234,0.999723251605349,1,"arteriol_scler"
"888","NTPCR","Exc L5 ET",0.0393336844055269,5.2193931243522,0.83309852574436,0.362983680081817,0.999723251605349,1,"arteriol_scler"
"889","PCNX2","Exc L5 ET",0.0147160765148771,8.67180945793227,0.288294996743738,0.592187323699058,0.999723251605349,1,"arteriol_scler"
"890","MAP3K21","Exc L5 ET",0.0319994454596437,6.10460388196249,0.742156917393895,0.390478178550928,0.999723251605349,1,"arteriol_scler"
"891","KCNK1","Exc L5 ET",-0.0136072296411505,7.23583959012957,0.196734999968391,0.658069914378533,0.999723251605349,1,"arteriol_scler"
"892","SLC35F3","Exc L5 ET",0.0257781197629843,9.71411550291151,0.492724200933924,0.483907042807985,0.999723251605349,1,"arteriol_scler"
"893","AL355472.3","Exc L5 ET",0.0678313321195916,5.87401091580295,1.85170464021041,0.175822689826774,0.999723251605349,1,"arteriol_scler"
"894","AL355472.4","Exc L5 ET",0.0450407105761992,4.11806825940099,0.427646694707756,0.514243626415055,0.999723251605349,1,"arteriol_scler"
"895","COA6","Exc L5 ET",0.0245856360341106,5.05498151804988,0.213765906650975,0.644566045579092,0.999723251605349,1,"arteriol_scler"
"896","TARBP1","Exc L5 ET",-0.057302056924056,7.86494275373147,2.19055526494841,0.141158327926735,0.999723251605349,1,"arteriol_scler"
"897","IRF2BP2","Exc L5 ET",0.0132293049969783,4.56174489976336,0.0550428805159896,0.81486050008347,0.999723251605349,1,"arteriol_scler"
"898","TOMM20","Exc L5 ET",-0.023065363251265,6.65190724356259,0.154850816595897,0.694554754890647,0.999723251605349,1,"arteriol_scler"
"899","ARID4B","Exc L5 ET",0.00739567191270125,7.54214207280798,0.0896337334806884,0.765097638920533,0.999723251605349,1,"arteriol_scler"
"900","TBCE","Exc L5 ET",-0.0245783625927929,5.24808162958408,0.171802721067391,0.679163779987569,0.999723251605349,1,"arteriol_scler"
"901","B3GALNT2","Exc L5 ET",-0.0308132734876282,6.0333716698737,0.637406631727833,0.426035137382614,0.999723251605349,1,"arteriol_scler"
"902","GNG4","Exc L5 ET",-0.0646648825971127,5.99647564229933,0.910620851673175,0.341632749851954,0.999723251605349,1,"arteriol_scler"
"903","LYST","Exc L5 ET",0.000885685987692377,7.63272293976745,0.00115661043142994,0.972919560481242,0.999723251605349,1,"arteriol_scler"
"904","GPR137B","Exc L5 ET",-0.029636051324606,5.44339555561236,0.475056599851029,0.491837335449367,0.999723251605349,1,"arteriol_scler"
"905","ERO1B","Exc L5 ET",-0.00965617465835305,5.86722864680352,0.0587322249757384,0.80887396223632,0.999723251605349,1,"arteriol_scler"
"906","LGALS8","Exc L5 ET",-0.0132344246051963,5.63911008658683,0.138010479713781,0.92209564734447,0.999723251605349,1,"arteriol_scler"
"907","HEATR1","Exc L5 ET",0.0605089082438177,5.1865017201499,2.04204372538193,0.155283194469871,0.999723251605349,1,"arteriol_scler"
"908","ACTN2","Exc L5 ET",-0.0414367785783062,6.18821377450974,1.16600860295829,0.282122805807644,0.999723251605349,1,"arteriol_scler"
"909","MTR","Exc L5 ET",-0.000604032553294247,7.0723682148384,0.000270414471103806,0.986903907671582,0.999723251605349,1,"arteriol_scler"
"910","RYR2","Exc L5 ET",0.0193851033993116,11.0031542409199,0.4442658358933,0.506193117648502,0.999723251605349,1,"arteriol_scler"
"911","CHRM3","Exc L5 ET",0.0125444440450846,9.22518113165992,0.152945103649851,0.696345014393016,0.999723251605349,1,"arteriol_scler"
"912","CHRM3-AS2","Exc L5 ET",-0.185444969681295,4.14667805528738,3.08076669438299,0.0814614807515521,0.999723251605349,1,"arteriol_scler"
"913","FMN2","Exc L5 ET",-0.0129225586455937,9.04034331165696,0.235402571374023,0.628322517551011,0.999723251605349,1,"arteriol_scler"
"914","GREM2","Exc L5 ET",-0.0532082752889656,6.5778932838898,0.900774473346884,0.344247619213255,0.999723251605349,1,"arteriol_scler"
"915","RGS7","Exc L5 ET",0.028849884155541,9.82867241203715,1.11854305618246,0.292096207095808,0.999723251605349,1,"arteriol_scler"
"916","FH","Exc L5 ET",0.127935327717155,4.2159497874128,3.8516570323184,0.0517258943896966,0.999723251605349,1,"arteriol_scler"
"917","OPN3","Exc L5 ET",0.0189927417738035,5.18049339390582,0.138223804915447,0.71062840063278,0.999723251605349,1,"arteriol_scler"
"918","PLD5","Exc L5 ET",0.0636238791135078,4.80772029507857,0.480664762754519,0.489296675117466,0.999723251605349,1,"arteriol_scler"
"919","CEP170","Exc L5 ET",0.0215193570395991,7.25787037506884,0.72384140028647,0.500897541403469,0.999723251605349,1,"arteriol_scler"
"920","SDCCAG8","Exc L5 ET",0.0359664251905605,7.71952460845347,1.63683620719964,0.20292561089597,0.999723251605349,1,"arteriol_scler"
"921","AKT3","Exc L5 ET",-0.00225029313977906,9.68528299705827,0.0104063698656863,0.918896814555531,0.999723251605349,1,"arteriol_scler"
"922","AL591885.1","Exc L5 ET",0.0380263906642276,4.68465227260725,0.241508573629015,0.623906130155535,0.999723251605349,1,"arteriol_scler"
"923","ZBTB18","Exc L5 ET",0.0165542259541564,6.40626289540121,0.108866583477364,0.741942886028785,0.999723251605349,1,"arteriol_scler"
"924","AL645465.1","Exc L5 ET",-0.00522808289835451,4.2542050201254,0.00755981909913516,0.930840591110653,0.999723251605349,1,"arteriol_scler"
"925","ADSS","Exc L5 ET",-0.0207166442683409,5.22898368305978,0.171509845051779,0.679421974425076,0.999723251605349,1,"arteriol_scler"
"926","CATSPERE","Exc L5 ET",0.0030102269566214,4.8695180069511,0.00272236983752848,0.958464294899854,0.999723251605349,1,"arteriol_scler"
"927","DESI2","Exc L5 ET",-0.00975783388517812,5.10267672652448,0.0507769878307934,0.822052974217396,0.999723251605349,1,"arteriol_scler"
"928","COX20","Exc L5 ET",0.0236282287805545,4.57156883637433,0.136485557216532,0.712371329559586,0.999723251605349,1,"arteriol_scler"
"929","HNRNPU","Exc L5 ET",-0.0173979567249098,6.9666556091402,0.457153227015578,0.514163139804381,0.999723251605349,1,"arteriol_scler"
"930","EFCAB2","Exc L5 ET",-0.0220104077937034,6.49864456268409,0.257296685922278,0.612800132983969,0.999723251605349,1,"arteriol_scler"
"931","KIF26B","Exc L5 ET",-0.0366603446811599,6.61418856787735,0.262094695590318,0.609510100125902,0.999723251605349,1,"arteriol_scler"
"932","SMYD3","Exc L5 ET",-0.00530733574054403,10.0527406432245,0.0365069048016378,0.848755725275047,0.999723251605349,1,"arteriol_scler"
"933","CNST","Exc L5 ET",-0.000651519096750857,6.39384431860928,0.000388636168288247,0.984300357893421,0.999723251605349,1,"arteriol_scler"
"934","SCCPDH","Exc L5 ET",0.0602029132978575,5.08817415222997,1.49698025230665,0.223239658933521,0.999723251605349,1,"arteriol_scler"
"935","AHCTF1","Exc L5 ET",-0.0223985300094504,6.43615556448895,0.523245250222794,0.470695527995663,0.999723251605349,1,"arteriol_scler"
"936","ZNF124","Exc L5 ET",0.110597710787838,4.69790517779634,2.80073086026642,0.0965062278812855,0.999723251605349,1,"arteriol_scler"
"937","ZNF496","Exc L5 ET",-0.067285468977053,4.66369772136645,1.22213092931274,0.270883109868841,0.999723251605349,1,"arteriol_scler"
"938","OR2L3","Exc L5 ET",0.015397592896812,3.9334435856718,0.0258082494314001,0.872606461606027,0.999723251605349,1,"arteriol_scler"
"939","LYPD8","Exc L5 ET",-0.162078195724975,4.18846804462849,5.44445613923253,0.0210880109998748,0.999723251605349,1,"arteriol_scler"
"940","SH3BP5L","Exc L5 ET",0.0880564613233359,4.06494751874668,1.64140351594477,0.202300336548126,0.999723251605349,1,"arteriol_scler"
"941","ZNF692","Exc L5 ET",0.00514920594663937,5.32168734706953,0.0111324058201272,0.916125500664406,0.999723251605349,1,"arteriol_scler"
"942","SH3YL1","Exc L5 ET",0.0240380328330828,6.09732718095664,0.48223623326072,0.794303625784301,0.999723251605349,1,"arteriol_scler"
"943","ACP1","Exc L5 ET",-0.0564976241831628,4.80127668248795,0.887061566779234,0.347934919389296,0.999723251605349,1,"arteriol_scler"
"944","LINC01115","Exc L5 ET",-0.0222320053576606,3.52064815605798,0.0216273517644516,0.883299253875389,0.999723251605349,1,"arteriol_scler"
"945","SNTG2","Exc L5 ET",0.0818871449670172,4.46167620351798,0.390564424319873,0.533043792409021,0.999723251605349,1,"arteriol_scler"
"946","MYT1L","Exc L5 ET",0.0389827039174359,9.33432409368115,1.25723804289178,0.264138745787268,0.999723251605349,1,"arteriol_scler"
"947","LINC01250","Exc L5 ET",-0.00700343710689643,6.94452472469705,0.023762858532072,0.877716998969652,0.999723251605349,1,"arteriol_scler"
"948","EIPR1","Exc L5 ET",0.0332568717918982,5.9173752280131,1.14442412252931,0.286603158383086,0.999723251605349,1,"arteriol_scler"
"949","TRAPPC12","Exc L5 ET",-0.0276696482739465,6.91391997623628,0.904497032252089,0.343255844167516,0.999723251605349,1,"arteriol_scler"
"950","ADI1","Exc L5 ET",-0.0821071572478273,4.2553784562016,1.82592598091557,0.178839746298855,0.999723251605349,1,"arteriol_scler"
"951","RPS7","Exc L5 ET",-0.00689415953674653,5.11895528798341,0.00603882872154557,0.938172352797388,0.999723251605349,1,"arteriol_scler"
"952","RSAD2","Exc L5 ET",-0.0257243351001088,4.17816869663018,0.110712162057419,0.73984410116933,0.999723251605349,1,"arteriol_scler"
"953","RNF144A","Exc L5 ET",-0.0134106866996043,7.52416070592053,0.186075128720839,0.66688247573696,0.999723251605349,1,"arteriol_scler"
"954","LINC00299","Exc L5 ET",0.0665079191117483,5.80528426753358,0.800334047567927,0.372564660777598,0.999723251605349,1,"arteriol_scler"
"955","ID2","Exc L5 ET",0.0044566499079267,6.02678744680767,0.00412585195256366,0.948878620589516,0.999723251605349,1,"arteriol_scler"
"956","KIDINS220","Exc L5 ET",0.0333865445299751,7.46894051384752,2.46645729567293,0.118609679726875,0.999723251605349,1,"arteriol_scler"
"957","MBOAT2","Exc L5 ET",-0.0375659716728212,7.28232210992983,1.52959667572685,0.218291787311572,0.999723251605349,1,"arteriol_scler"
"958","ASAP2","Exc L5 ET",-0.0395292002456551,7.3266700828362,1.42595961658562,0.234491247600218,0.999723251605349,1,"arteriol_scler"
"959","ITGB1BP1","Exc L5 ET",-0.0734088889876126,6.88764262716013,6.44480057238707,0.0122472159242913,0.999723251605349,1,"arteriol_scler"
"960","CPSF3","Exc L5 ET",0.0259113411219454,4.15437669162468,0.157475166681341,0.692110115991813,0.999723251605349,1,"arteriol_scler"
"961","IAH1","Exc L5 ET",-0.0705744343289819,5.31384697931133,1.41125677136153,0.236906095118854,0.999723251605349,1,"arteriol_scler"
"962","ADAM17","Exc L5 ET",0.00034995647632329,6.44688488703313,9.6267325419748e-05,0.992185900917375,0.999723251605349,1,"arteriol_scler"
"963","YWHAQ","Exc L5 ET",-0.0017334287088114,6.41636123599425,0.0015561731630041,0.968590430082502,0.999723251605349,1,"arteriol_scler"
"964","TAF1B","Exc L5 ET",0.0296367588331259,5.08577118008695,0.533184140505915,0.466519726633144,0.999723251605349,1,"arteriol_scler"
"965","ODC1","Exc L5 ET",-0.126484415055976,3.93558188148649,2.64265402346445,0.106330972859092,0.999723251605349,1,"arteriol_scler"
"966","NOL10","Exc L5 ET",0.0173074328657752,6.35715705148644,0.282628373506403,0.595845782633561,0.999723251605349,1,"arteriol_scler"
"967","ATP6V1C2","Exc L5 ET",-0.10693866366246,4.85584614395085,1.99707332558253,0.159874345598242,0.999723251605349,1,"arteriol_scler"
"968","PDIA6","Exc L5 ET",0.000712727326062617,5.99896415776458,0.000265510652607126,0.987023185505693,0.999723251605349,1,"arteriol_scler"
"969","KCNF1","Exc L5 ET",0.0386882588192365,4.09229303628829,0.169144931198825,0.681516372437764,0.999723251605349,1,"arteriol_scler"
"970","AC062028.1","Exc L5 ET",-0.109167752277951,4.76484436485428,3.44407505740919,0.0656304754411487,0.999723251605349,1,"arteriol_scler"
"971","ROCK2","Exc L5 ET",-0.0203235940355082,8.0487171503008,0.795525636602934,0.374000510026075,0.999723251605349,1,"arteriol_scler"
"972","E2F6","Exc L5 ET",0.0587850976298636,4.13503852343262,1.11440747930865,0.343707444814665,0.999723251605349,1,"arteriol_scler"
"973","GREB1","Exc L5 ET",0.0475442673702227,5.89294623665567,1.02477121550477,0.313176882543347,0.999723251605349,1,"arteriol_scler"
"974","LPIN1","Exc L5 ET",0.0101687284735883,6.57625419623986,0.110193645455426,0.740431781018366,0.999723251605349,1,"arteriol_scler"
"975","MIR3681HG","Exc L5 ET",0.0214710487029042,4.82387897245494,0.0755956398606632,0.78377202699083,0.999723251605349,1,"arteriol_scler"
"976","TRIB2","Exc L5 ET",-0.0255054392487969,4.23398530991977,0.0851077480264426,0.770933170179449,0.999723251605349,1,"arteriol_scler"
"977","LINC00276","Exc L5 ET",0.0820147750300853,5.12288911351505,1.67104027108425,0.198298093112416,0.999723251605349,1,"arteriol_scler"
"978","FAM84A","Exc L5 ET",-0.00998044503075808,6.28610407425796,0.0463848155519765,0.829798543869186,0.999723251605349,1,"arteriol_scler"
"979","NBAS","Exc L5 ET",-0.000674157589202818,8.40644810000703,0.000480075015659817,0.982551181296934,0.999723251605349,1,"arteriol_scler"
"980","DDX1","Exc L5 ET",-0.00194529518537771,6.15440991410088,0.00262158850474704,0.959239675523464,0.999723251605349,1,"arteriol_scler"
"981","FAM49A","Exc L5 ET",0.0171536267829659,7.10965848277695,0.414946083217674,0.520548166066168,0.999723251605349,1,"arteriol_scler"
"982","RAD51AP2","Exc L5 ET",-0.0401255514767163,3.90200428540045,0.300355885093439,0.5845524846138,0.999723251605349,1,"arteriol_scler"
"983","VSNL1","Exc L5 ET",0.0290006109127083,9.4219108676504,0.507582747554291,0.477400401244524,0.999723251605349,1,"arteriol_scler"
"984","SMC6","Exc L5 ET",0.00246826107700926,5.88113290395576,0.0039628961249245,0.949896973218465,0.999723251605349,1,"arteriol_scler"
"985","GEN1","Exc L5 ET",0.0903936497182397,4.18090124440431,1.5155623920688,0.220404395481484,0.999723251605349,1,"arteriol_scler"
"986","RDH14","Exc L5 ET",-0.0746618119844991,3.92128638953845,0.630909578750166,0.428397489474556,0.999723251605349,1,"arteriol_scler"
"987","LINC01376","Exc L5 ET",-0.111357363999494,4.16838613603787,1.49184226849912,0.224031371913273,0.999723251605349,1,"arteriol_scler"
"988","WDR35","Exc L5 ET",0.0398102126123853,5.15386233672834,0.700121217343437,0.404202095244955,0.999723251605349,1,"arteriol_scler"
"989","LAPTM4A","Exc L5 ET",-0.0189073431070197,4.57061950060937,0.0652448883545092,0.798773999093281,0.999723251605349,1,"arteriol_scler"
"990","PUM2","Exc L5 ET",0.00845854631059898,7.24086589919882,0.12919117666847,0.719826296811177,0.999723251605349,1,"arteriol_scler"
"991","RHOB","Exc L5 ET",0.080576509935563,4.66780608407993,1.28975986851076,0.258077753983547,0.999723251605349,1,"arteriol_scler"
"992","HS1BP3","Exc L5 ET",0.00521736462171563,4.83886041953306,0.00860052808642036,0.926246550797544,0.999723251605349,1,"arteriol_scler"
"993","LDAH","Exc L5 ET",0.00690457485680854,5.65617952274659,0.0231531616403452,0.87928361858919,0.999723251605349,1,"arteriol_scler"
"994","LINC01830","Exc L5 ET",0.128994050144235,5.9297627803582,0.581888579176851,0.446886255478566,0.999723251605349,1,"arteriol_scler"
"995","AC018467.1","Exc L5 ET",0.0362872203409062,4.12151050508224,0.138944304324706,0.709909620401056,0.999723251605349,1,"arteriol_scler"
"996","KLHL29","Exc L5 ET",-0.00031213892032628,7.94510330343074,5.16775911386502e-05,0.994274758078714,0.999723251605349,1,"arteriol_scler"
"997","ATAD2B","Exc L5 ET",-0.00828869718009405,5.79332965013371,0.048856475912453,0.825394709844011,0.999723251605349,1,"arteriol_scler"
"998","UBXN2A","Exc L5 ET",0.0156431392583884,5.57136351738268,0.160269565975744,0.689532876639329,0.999723251605349,1,"arteriol_scler"
"999","FKBP1B","Exc L5 ET",-0.0107874385412961,4.44213421725526,0.0169967219544107,0.896464027201256,0.999723251605349,1,"arteriol_scler"
"1000","SF3B6","Exc L5 ET",0.0916093201039967,4.16550120514139,1.51726001358852,0.220147543857778,0.999723251605349,1,"arteriol_scler"
"1001","FAM228B","Exc L5 ET",-0.0285149215853339,5.93128979175782,0.571179869843522,0.451089698580856,0.999723251605349,1,"arteriol_scler"
"1002","ITSN2","Exc L5 ET",0.0127373439680315,7.49551023726525,0.204161726482819,0.652097895343479,0.999723251605349,1,"arteriol_scler"
"1003","NCOA1","Exc L5 ET",0.0279839438831053,8.90727291470339,1.21346177446868,0.272581791733763,0.999723251605349,1,"arteriol_scler"
"1004","ADCY3","Exc L5 ET",0.00274815573399207,6.45042037421802,0.00721098454039537,0.932451103091755,0.999723251605349,1,"arteriol_scler"
"1005","DNAJC27","Exc L5 ET",-0.019449054129948,5.03437852797891,0.178893090947214,0.847060401961072,0.999723251605349,1,"arteriol_scler"
"1006","DNAJC27-AS1","Exc L5 ET",-0.145129887647866,4.38495269162749,4.22581918878628,0.0417150900606664,0.999723251605349,1,"arteriol_scler"
"1007","EFR3B","Exc L5 ET",0.0102077581303866,6.80312828107838,0.104408125679029,0.747095834582373,0.999723251605349,1,"arteriol_scler"
"1008","DNMT3A","Exc L5 ET",-0.00960617059945272,6.67388460063975,0.0564752974472139,0.812511714082738,0.999723251605349,1,"arteriol_scler"
"1009","DTNB","Exc L5 ET",-0.0119782138554938,7.44379429501715,0.154939619346046,0.69447164319381,0.999723251605349,1,"arteriol_scler"
"1010","ASXL2","Exc L5 ET",0.0429814907088688,6.05547201705179,2.01380793364241,0.158147889248691,0.999723251605349,1,"arteriol_scler"
"1011","KIF3C","Exc L5 ET",0.0473984192239404,6.56996515024362,1.84140012971015,0.177021530129807,0.999723251605349,1,"arteriol_scler"
"1012","RAB10","Exc L5 ET",-0.0273565396849845,6.64404369991559,0.974840566864323,0.325218836326883,0.999723251605349,1,"arteriol_scler"
"1013","HADHA","Exc L5 ET",0.0174604026461019,5.68727184065555,0.25597387145749,0.613713983762908,0.999723251605349,1,"arteriol_scler"
"1014","HADHB","Exc L5 ET",0.00471356807433545,6.27461829490477,0.0232711625094703,0.878978781798243,0.999723251605349,1,"arteriol_scler"
"1015","SELENOI","Exc L5 ET",-0.040062720400268,6.0306891028579,1.53919911935719,0.294733290061342,0.999723251605349,1,"arteriol_scler"
"1016","DPYSL5","Exc L5 ET",0.0213343673780722,4.84262554160572,0.123337322080504,0.725982946187863,0.999723251605349,1,"arteriol_scler"
"1017","MAPRE3","Exc L5 ET",0.0706676150150847,6.50097371026384,3.46738017033743,0.0647355138908912,0.999723251605349,1,"arteriol_scler"
"1018","AGBL5","Exc L5 ET",-0.169617010822001,3.98469939270766,4.06951015598508,0.0456200852875511,0.999723251605349,1,"arteriol_scler"
"1019","OST4","Exc L5 ET",-0.0460993882694973,3.5568025712236,0.174604955037461,0.676706331382349,0.999723251605349,1,"arteriol_scler"
"1020","CGREF1","Exc L5 ET",0.0417383072344136,4.99143187277981,0.701610301967492,0.403704006863186,0.999723251605349,1,"arteriol_scler"
"1021","SLC30A3","Exc L5 ET",0.0898680293232702,3.7713118121558,0.894494249170966,0.345929676999347,0.999723251605349,1,"arteriol_scler"
"1022","UCN","Exc L5 ET",-0.0367563142164573,4.09941120696116,0.301508318633857,0.609028507776255,0.999723251605349,1,"arteriol_scler"
"1023","MPV17","Exc L5 ET",-0.00960357262991898,5.62131543547696,0.0664137222249342,0.79701903417843,0.999723251605349,1,"arteriol_scler"
"1024","GTF3C2","Exc L5 ET",0.0409578821594017,4.97027321759572,0.912904334970672,0.341030188404546,0.999723251605349,1,"arteriol_scler"
"1025","SNX17","Exc L5 ET",0.122329379282427,4.36223133229191,2.20540851272293,0.139827949608672,0.999723251605349,1,"arteriol_scler"
"1026","PPM1G","Exc L5 ET",0.116035773889776,5.58678122922577,3.88571321558453,0.050716482612145,0.999723251605349,1,"arteriol_scler"
"1027","NRBP1","Exc L5 ET",0.0169551459461803,5.09305120057434,0.12411474688578,0.7251559681018,0.999723251605349,1,"arteriol_scler"
"1028","IFT172","Exc L5 ET",-0.0129911901223994,6.89645650077342,0.17963010617283,0.672356919526134,0.999723251605349,1,"arteriol_scler"
"1029","FNDC4","Exc L5 ET",-0.0097285627454017,5.4995966794495,0.0210202229686201,0.884937248315676,0.999723251605349,1,"arteriol_scler"
"1030","ZNF512","Exc L5 ET",-0.00935709052522212,4.92551712895751,0.0571089413536236,0.811482751337869,0.999723251605349,1,"arteriol_scler"
"1031","SUPT7L","Exc L5 ET",0.0118035005740338,5.13292718696398,0.0627444548173243,0.802585420501007,0.999723251605349,1,"arteriol_scler"
"1032","SLC4A1AP","Exc L5 ET",-0.0213950214793332,5.16033683883368,0.211790471274529,0.882153049015216,0.999723251605349,1,"arteriol_scler"
"1033","MRPL33","Exc L5 ET",0.00247073435864271,5.49020297277308,0.00353155017220396,0.952698845322505,0.999723251605349,1,"arteriol_scler"
"1034","RBKS","Exc L5 ET",-0.125044785221737,4.79200948979961,5.30761574346877,0.0227392559943614,0.999723251605349,1,"arteriol_scler"
"1035","BABAM2","Exc L5 ET",-0.0463333958050563,8.08418931992779,2.17629160516734,0.142449433753489,0.999723251605349,1,"arteriol_scler"
"1036","FOSL2","Exc L5 ET",0.0790780567311821,4.20481867888124,1.51010207579208,0.221232999556754,0.999723251605349,1,"arteriol_scler"
"1037","PPP1CB","Exc L5 ET",0.0124350530256826,5.16742458317444,0.0646701668483749,0.799643070026261,0.999723251605349,1,"arteriol_scler"
"1038","SPDYA","Exc L5 ET",-0.0979332426780306,3.94867822856683,1.4508710101033,0.230467834021965,0.999723251605349,1,"arteriol_scler"
"1039","TRMT61B","Exc L5 ET",0.02699244277432,5.46088190728671,0.435211979733201,0.510551533520905,0.999723251605349,1,"arteriol_scler"
"1040","WDR43","Exc L5 ET",-0.00027075712562318,5.0737412017168,3.76971295705876e-05,0.995110123706034,0.999723251605349,1,"arteriol_scler"
"1041","TOGARAM2","Exc L5 ET",0.126871828631937,3.68645555784331,0.772880605902932,0.380868857193583,0.999723251605349,1,"arteriol_scler"
"1042","CLIP4","Exc L5 ET",0.00202103696052699,6.53990592969111,0.00492309499312839,0.944164969208016,0.999723251605349,1,"arteriol_scler"
"1043","ALK","Exc L5 ET",-0.156932375848956,5.11269025368938,3.55816001399302,0.0613728600147655,0.999723251605349,1,"arteriol_scler"
"1044","YPEL5","Exc L5 ET",0.02172717404184,5.95482514735383,0.172172523770111,0.678838136758552,0.999723251605349,1,"arteriol_scler"
"1045","LBH","Exc L5 ET",-0.0214571473787795,3.8822371328953,0.0342178559158112,0.853518116839567,0.999723251605349,1,"arteriol_scler"
"1046","LCLAT1","Exc L5 ET",-0.00764425265347582,6.05378267572367,0.0431590694267373,0.835734966173104,0.999723251605349,1,"arteriol_scler"
"1047","GALNT14","Exc L5 ET",0.002796713942218,5.60584440124868,0.00248682545758303,0.960300243305005,0.999723251605349,1,"arteriol_scler"
"1048","EHD3","Exc L5 ET",0.0774516329783801,5.48971985895264,2.28890315823398,0.132608581446156,0.999723251605349,1,"arteriol_scler"
"1049","MEMO1","Exc L5 ET",-0.00931310436707318,4.5513554312455,0.0200697333584107,0.88755089523841,0.999723251605349,1,"arteriol_scler"
"1050","DPY30","Exc L5 ET",0.0271000413776817,5.1285765304959,0.346324262184452,0.557171576592207,0.999723251605349,1,"arteriol_scler"
"1051","SPAST","Exc L5 ET",-0.0441208706575833,5.86183958662389,1.90550228536991,0.169714948221523,0.999723251605349,1,"arteriol_scler"
"1052","SLC30A6","Exc L5 ET",0.025198833658346,5.64853142819978,0.435967662092436,0.519000134266527,0.999723251605349,1,"arteriol_scler"
"1053","YIPF4","Exc L5 ET",-0.00285258693858404,6.12697302200806,0.00727915104844315,0.989916831258153,0.999723251605349,1,"arteriol_scler"
"1054","BIRC6","Exc L5 ET",-0.0139311672386693,8.40427595704634,0.355466678077819,0.55201993447111,0.999723251605349,1,"arteriol_scler"
"1055","TTC27","Exc L5 ET",-0.0506392424780889,5.0438800290272,1.06213473622072,0.304547283166557,0.999723251605349,1,"arteriol_scler"
"1056","LINC00486","Exc L5 ET",-0.269649436955553,8.27685436283078,4.74869191330605,0.0310325994449433,0.999723251605349,1,"arteriol_scler"
"1057","LTBP1","Exc L5 ET",0.0910315439786562,5.68016639087916,1.41045319678884,0.237038950542037,0.999723251605349,1,"arteriol_scler"
"1058","FAM98A","Exc L5 ET",0.0256851093500388,4.89487162512451,0.185916542876505,0.667015819664224,0.999723251605349,1,"arteriol_scler"
"1059","CRIM1","Exc L5 ET",-0.0037914922218018,6.31825058875232,0.00663963960683643,0.935176145650701,0.999723251605349,1,"arteriol_scler"
"1060","FEZ2","Exc L5 ET",-0.0283896839859939,6.53314887761724,0.737789595677876,0.391872307589671,0.999723251605349,1,"arteriol_scler"
"1061","STRN","Exc L5 ET",-0.00766470842707885,5.79518059804385,0.0432357423552339,0.835591224572127,0.999723251605349,1,"arteriol_scler"
"1062","HEATR5B","Exc L5 ET",-0.0331849404625599,6.36760639962707,1.17111896710074,0.351755588441492,0.999723251605349,1,"arteriol_scler"
"1063","GPATCH11","Exc L5 ET",0.0915710184952166,4.33933631402647,2.42777938372972,0.121511893009412,0.999723251605349,1,"arteriol_scler"
"1064","EIF2AK2","Exc L5 ET",0.0148119255918298,6.14552313643185,0.203058439334957,0.74289134290763,0.999723251605349,1,"arteriol_scler"
"1065","CEBPZOS","Exc L5 ET",0.0347328598253182,4.90661100645736,0.40786113254579,0.524124775621554,0.999723251605349,1,"arteriol_scler"
"1066","CEBPZ","Exc L5 ET",0.0181714820697223,4.63040718708373,0.111387386798862,0.739081098640927,0.999723251605349,1,"arteriol_scler"
"1067","NDUFAF7","Exc L5 ET",0.0354896285310997,5.57432029810087,1.06158719580185,0.314016563134427,0.999723251605349,1,"arteriol_scler"
"1068","PRKD3","Exc L5 ET",-0.226277440801028,3.96731163485025,4.65561963481956,0.0326983277461712,0.999723251605349,1,"arteriol_scler"
"1069","RMDN2","Exc L5 ET",-0.0941354659299583,5.18676937080505,3.29507984147555,0.0716779230533697,0.999723251605349,1,"arteriol_scler"
"1070","RMDN2-AS1","Exc L5 ET",-0.0143894912356093,4.49776039786475,0.0400306334036519,0.841717788898777,0.999723251605349,1,"arteriol_scler"
"1071","CYP1B1","Exc L5 ET",-0.00698770639322965,4.94354075272097,0.0116399452645477,0.914242137465189,0.999723251605349,1,"arteriol_scler"
"1072","CYP1B1-AS1","Exc L5 ET",0.0217993443346714,7.29771637967748,0.217009106146861,0.642069107058705,0.999723251605349,1,"arteriol_scler"
"1073","ATL2","Exc L5 ET",0.0422276431101914,5.95341693509878,1.31957761727639,0.252672269168847,0.999723251605349,1,"arteriol_scler"
"1074","AC011247.1","Exc L5 ET",-0.0655213000166241,5.34267168298336,1.06304331209443,0.304341330134338,0.999723251605349,1,"arteriol_scler"
"1075","HNRNPLL","Exc L5 ET",0.01400351223317,6.15327713011253,0.173613217054654,0.746442998958635,0.999723251605349,1,"arteriol_scler"
"1076","SRSF7","Exc L5 ET",-0.0635309528118081,7.06640633634368,1.2159123430745,0.272100254423433,0.999723251605349,1,"arteriol_scler"
"1077","DHX57","Exc L5 ET",-0.0282034511133198,5.93887456272424,0.650031968294708,0.567944886877352,0.999723251605349,1,"arteriol_scler"
"1078","ARHGEF33","Exc L5 ET",-0.0294587337628356,4.54548961961591,0.248617197985179,0.618851131185042,0.999723251605349,1,"arteriol_scler"
"1079","SOS1","Exc L5 ET",0.0165586414657942,8.38807491829619,0.356036745069076,0.55170169446397,0.999723251605349,1,"arteriol_scler"
"1080","MAP4K3","Exc L5 ET",0.027820951869086,7.71515074277869,0.906313576681664,0.342773285388892,0.999723251605349,1,"arteriol_scler"
"1081","AC007388.1","Exc L5 ET",-0.0138675799647137,7.76781391626866,0.223921721957892,0.636822003368473,0.999723251605349,1,"arteriol_scler"
"1082","TMEM178A","Exc L5 ET",-0.000353258968242461,7.14840787521617,0.000141386866713955,0.990530202197014,0.999723251605349,1,"arteriol_scler"
"1083","THUMPD2","Exc L5 ET",0.0171672481387136,5.95875886479076,0.236241829241226,0.641810643470884,0.999723251605349,1,"arteriol_scler"
"1084","SLC8A1-AS1","Exc L5 ET",-0.138087289698781,6.53345376606241,2.95060453672509,0.0881079302310809,0.999723251605349,1,"arteriol_scler"
"1085","SLC8A1","Exc L5 ET",0.0264305621693093,10.7134344123239,1.10671660300795,0.294651335855015,0.999723251605349,1,"arteriol_scler"
"1086","PKDCC","Exc L5 ET",-0.0584952848464068,5.9721972441567,1.5590477281378,0.213937088372708,0.999723251605349,1,"arteriol_scler"
"1087","EML4","Exc L5 ET",-0.0270407905770876,6.54402333264814,0.792873406208121,0.374795838789129,0.999723251605349,1,"arteriol_scler"
"1088","COX7A2L","Exc L5 ET",-0.0248366449096464,6.52961070291499,0.279648664541017,0.597788458898815,0.999723251605349,1,"arteriol_scler"
"1089","KCNG3","Exc L5 ET",0.0293179879296405,4.15480825170189,0.105235196425827,0.746130861482512,0.999723251605349,1,"arteriol_scler"
"1090","MTA3","Exc L5 ET",0.0265054589783782,7.27734243269054,0.692307002069827,0.406830749145576,0.999723251605349,1,"arteriol_scler"
"1091","THADA","Exc L5 ET",-0.0094890837874604,6.68719997761468,0.0763140929760035,0.78277288074866,0.999723251605349,1,"arteriol_scler"
"1092","DYNC2LI1","Exc L5 ET",-0.0497673897922563,6.57125049723095,2.06622985582046,0.15287659132514,0.999723251605349,1,"arteriol_scler"
"1093","ABCG8","Exc L5 ET",-0.000475057234902375,3.92587184381521,7.09326527569402e-05,0.99329244242894,0.999723251605349,1,"arteriol_scler"
"1094","LRPPRC","Exc L5 ET",-0.0164234817421606,6.6848024109453,0.370039676972307,0.675397063476236,0.999723251605349,1,"arteriol_scler"
"1095","PPM1B","Exc L5 ET",-0.0030768051509383,6.96380264584135,0.0131044110087728,0.90902948808863,0.999723251605349,1,"arteriol_scler"
"1096","PREPL","Exc L5 ET",0.0502439328995707,8.34533460369295,2.48119403330123,0.11752435763074,0.999723251605349,1,"arteriol_scler"
"1097","CAMKMT","Exc L5 ET",-0.0513351825779617,7.01629654785552,1.37278408696413,0.243370501826642,0.999723251605349,1,"arteriol_scler"
"1098","SRBD1","Exc L5 ET",-0.0705239618626615,4.50782240340365,0.936323381095604,0.334932607768318,0.999723251605349,1,"arteriol_scler"
"1099","PRKCE","Exc L5 ET",0.00463789677360542,9.65663712498036,0.0311769380118375,0.860107329147907,0.999723251605349,1,"arteriol_scler"
"1100","ATP6V1E2","Exc L5 ET",-0.00160654330257013,4.10950747540107,0.000291395486885988,0.986405393396459,0.999723251605349,1,"arteriol_scler"
"1101","RHOQ","Exc L5 ET",0.043754151705946,5.21296335688497,0.704091545103462,0.402876044994258,0.999723251605349,1,"arteriol_scler"
"1102","PIGF","Exc L5 ET",-0.012726013351816,4.52839625699017,0.0545116351822311,0.815739792888922,0.999723251605349,1,"arteriol_scler"
"1103","SOCS5","Exc L5 ET",-0.0331750227775309,5.52557777823004,0.725138794851121,0.395951503259958,0.999723251605349,1,"arteriol_scler"
"1104","MCFD2","Exc L5 ET",-0.0387645390918188,5.09667175107308,0.586458790515142,0.445110937473727,0.999723251605349,1,"arteriol_scler"
"1105","TTC7A","Exc L5 ET",-0.0363335168297256,5.59235167180209,0.656853082861948,0.419080658945271,0.999723251605349,1,"arteriol_scler"
"1106","AC106869.1","Exc L5 ET",0.0581687523737329,4.08475865521402,0.571222272830076,0.451072932282777,0.999723251605349,1,"arteriol_scler"
"1107","MSH2","Exc L5 ET",-0.0264772979351194,6.28902346752923,0.702086578078035,0.403544885810495,0.999723251605349,1,"arteriol_scler"
"1108","KCNK12","Exc L5 ET",0.019803165711617,5.06032903339607,0.18635089911183,0.934016099676298,0.999723251605349,1,"arteriol_scler"
"1109","MSH6","Exc L5 ET",-0.0823840395921019,4.20982116176022,2.01905167552167,0.157611323811695,0.999723251605349,1,"arteriol_scler"
"1110","FBXO11","Exc L5 ET",0.0104679114799397,7.446076947595,0.16557320474111,0.68471226498477,0.999723251605349,1,"arteriol_scler"
"1111","FOXN2","Exc L5 ET",0.028586068450632,4.32453369141632,0.156314979674586,0.693187925387043,0.999723251605349,1,"arteriol_scler"
"1112","PPP1R21","Exc L5 ET",-0.0278733744682689,7.32199390393944,0.829622128133544,0.363983806417755,0.999723251605349,1,"arteriol_scler"
"1113","NRXN1","Exc L5 ET",0.0265329562460827,11.5295947782534,1.03501608290431,0.310779154851204,0.999723251605349,1,"arteriol_scler"
"1114","AC007402.1","Exc L5 ET",0.0205042541343417,4.22389171020776,0.0505452837489227,0.82245258179826,0.999723251605349,1,"arteriol_scler"
"1115","ASB3","Exc L5 ET",-0.0130528952295591,4.8982293662377,0.0801684453627332,0.77749723611707,0.999723251605349,1,"arteriol_scler"
"1116","GPR75-ASB3","Exc L5 ET",0.029560537521419,6.23022347574618,0.57976743206204,0.447713979613088,0.999723251605349,1,"arteriol_scler"
"1117","ERLEC1","Exc L5 ET",-0.011320003114409,5.39823726262294,0.0406951156035633,0.840427208323949,0.999723251605349,1,"arteriol_scler"
"1118","PSME4","Exc L5 ET",0.059106945522601,7.06871097121071,2.34813052033244,0.127742473693416,0.999723251605349,1,"arteriol_scler"
"1119","ACYP2","Exc L5 ET",0.00985913065859704,8.11270027234503,0.0979364876584919,0.754796667615729,0.999723251605349,1,"arteriol_scler"
"1120","SPTBN1","Exc L5 ET",0.0165651688557007,8.49195658149011,0.784322210544219,0.377376435039323,0.999723251605349,1,"arteriol_scler"
"1121","AC092839.1","Exc L5 ET",-0.127593053704796,4.0545290340512,1.4402386117325,0.232174696610216,0.999723251605349,1,"arteriol_scler"
"1122","EML6","Exc L5 ET",-0.0144899594188925,8.56775382201831,0.168614346435509,0.68198861568173,0.999723251605349,1,"arteriol_scler"
"1123","RTN4","Exc L5 ET",0.0180084155796445,8.57080284882293,0.160897420062916,0.688957409602503,0.999723251605349,1,"arteriol_scler"
"1124","CLHC1","Exc L5 ET",0.0212190519422409,5.01716783648847,0.108396006288343,0.74248117834001,0.999723251605349,1,"arteriol_scler"
"1125","RPS27A","Exc L5 ET",-0.0447303534863917,5.07035151829176,0.183930135247106,0.668691800261714,0.999723251605349,1,"arteriol_scler"
"1126","MTIF2","Exc L5 ET",0.044808350456566,4.13607299271157,0.497932314905348,0.481609821404987,0.999723251605349,1,"arteriol_scler"
"1127","AC012358.3","Exc L5 ET",-0.0745397019842006,4.56822458504074,0.587265729266061,0.444798619801474,0.999723251605349,1,"arteriol_scler"
"1128","CCDC88A","Exc L5 ET",-0.0486063577621254,8.93465226707034,2.74723671470027,0.0997139851640315,0.999723251605349,1,"arteriol_scler"
"1129","CFAP36","Exc L5 ET",0.00730225339394528,6.18486826148302,0.0494874567202428,0.82428930213914,0.999723251605349,1,"arteriol_scler"
"1130","PPP4R3B","Exc L5 ET",0.0331545382606288,5.84625547772788,0.870440209221388,0.35247706085676,0.999723251605349,1,"arteriol_scler"
"1131","PNPT1","Exc L5 ET",-0.0603403987863765,5.85291384141157,2.92173669259818,0.0896610350103873,0.999723251605349,1,"arteriol_scler"
"1132","CCDC85A","Exc L5 ET",0.0129419224826821,6.25368662828148,0.0161974472647074,0.898914209187273,0.999723251605349,1,"arteriol_scler"
"1133","FANCL","Exc L5 ET",0.0133907370472515,4.78102364001757,0.0521744047229271,0.819662993888956,0.999723251605349,1,"arteriol_scler"
"1134","LINC01122","Exc L5 ET",0.0324265382842581,7.33557057942107,0.45012775521011,0.50340537707897,0.999723251605349,1,"arteriol_scler"
"1135","LINC01793","Exc L5 ET",0.152322400497518,3.80685904209472,1.83214866161973,0.178105975395067,0.999723251605349,1,"arteriol_scler"
"1136","BCL11A","Exc L5 ET",0.048161361494603,5.97755938721123,0.897829743841951,0.345034927308866,0.999723251605349,1,"arteriol_scler"
"1137","PAPOLG","Exc L5 ET",-0.0264349418337207,5.26494564195051,0.333799335682758,0.564380080703803,0.999723251605349,1,"arteriol_scler"
"1138","REL","Exc L5 ET",0.0209749975358928,5.05744221535876,0.208682280165773,0.648526646961667,0.999723251605349,1,"arteriol_scler"
"1139","PUS10","Exc L5 ET",-0.0315666301150425,4.86345250122493,0.341835646980583,0.559734493125655,0.999723251605349,1,"arteriol_scler"
"1140","PEX13","Exc L5 ET",-0.0427577139612568,4.79960987056719,0.54688929912808,0.460858512581844,0.999723251605349,1,"arteriol_scler"
"1141","KIAA1841","Exc L5 ET",-0.00995191232144964,7.26341335186107,0.15629243836725,0.71118325518953,0.999723251605349,1,"arteriol_scler"
"1142","C2orf74","Exc L5 ET",0.00221157014509064,4.46838127464977,0.0010874597363473,0.973741265603856,0.999723251605349,1,"arteriol_scler"
"1143","USP34","Exc L5 ET",0.0134685813403044,8.29579546152141,0.307224018279943,0.580293545760659,0.999723251605349,1,"arteriol_scler"
"1144","XPO1","Exc L5 ET",0.00271171152622061,7.00244067400243,0.00700164569550388,0.933436478128931,0.999723251605349,1,"arteriol_scler"
"1145","FAM161A","Exc L5 ET",-0.0519928227437332,5.26066905146119,1.32182822237942,0.252270001103266,0.999723251605349,1,"arteriol_scler"
"1146","CCT4","Exc L5 ET",-0.0115245731023923,5.43248090544918,0.0702075101458965,0.791433674604436,0.999723251605349,1,"arteriol_scler"
"1147","COMMD1","Exc L5 ET",-0.0671731366812466,7.10934915888905,4.44763714076837,0.0367718090556957,0.999723251605349,1,"arteriol_scler"
"1148","EHBP1","Exc L5 ET",-0.00364026149628966,8.31021629104858,0.0192894967896482,0.889743961768937,0.999723251605349,1,"arteriol_scler"
"1149","WDPCP","Exc L5 ET",-0.0255346217192745,8.46395560386937,0.765261927219585,0.383219917809357,0.999723251605349,1,"arteriol_scler"
"1150","MDH1","Exc L5 ET",-0.0348082425113887,7.64548776489836,0.308977623500246,0.579216123495998,0.999723251605349,1,"arteriol_scler"
"1151","UGP2","Exc L5 ET",0.00526206145891592,6.77661881482456,0.019196264498944,0.890009018803181,0.999723251605349,1,"arteriol_scler"
"1152","VPS54","Exc L5 ET",-0.0696439952345862,6.60496652468779,3.73616178979094,0.0553124611761413,0.999723251605349,1,"arteriol_scler"
"1153","PELI1","Exc L5 ET",-0.0472832390280266,5.27283323369604,1.42493497040439,0.234658562087108,0.999723251605349,1,"arteriol_scler"
"1154","AC008074.1","Exc L5 ET",-0.0333425579212155,5.29380914608841,0.3696426817332,0.544207039816729,0.999723251605349,1,"arteriol_scler"
"1155","AFTPH","Exc L5 ET",0.0207921360490777,6.21491411914157,0.454673488464047,0.501261655513131,0.999723251605349,1,"arteriol_scler"
"1156","SERTAD2","Exc L5 ET",0.0270208521463937,5.16930193570537,0.243243458493075,0.622663980075461,0.999723251605349,1,"arteriol_scler"
"1157","SLC1A4","Exc L5 ET",0.0178882543428896,5.2867350949558,0.17007859384599,0.680687472714479,0.999723251605349,1,"arteriol_scler"
"1158","CEP68","Exc L5 ET",0.0209694215960055,5.9929893110884,0.366643012911823,0.545842972426266,0.999723251605349,1,"arteriol_scler"
"1159","RAB1A","Exc L5 ET",-0.0236189956491992,6.35713600167343,0.460765072554792,0.498413271230468,0.999723251605349,1,"arteriol_scler"
"1160","ACTR2","Exc L5 ET",-0.00336123148562943,7.47791898402305,0.0112634731345946,0.915635051017894,0.999723251605349,1,"arteriol_scler"
"1161","SPRED2","Exc L5 ET",-0.0579409272183375,6.92773474550854,1.29068904073383,0.257907151241141,0.999723251605349,1,"arteriol_scler"
"1162","C1D","Exc L5 ET",-0.0385044656660355,5.47042832929317,0.771057613834319,0.381429543330425,0.999723251605349,1,"arteriol_scler"
"1163","WDR92","Exc L5 ET",-0.0918493082677311,4.32238803471857,2.14992156521133,0.144871867421507,0.999723251605349,1,"arteriol_scler"
"1164","CNRIP1","Exc L5 ET",-0.0264388202983098,5.21355733029879,0.313825857153236,0.576258065293744,0.999723251605349,1,"arteriol_scler"
"1165","APLF","Exc L5 ET",0.0730911274894323,4.18969758155134,0.79009858041517,0.375630488997647,0.999723251605349,1,"arteriol_scler"
"1166","ANTXR1","Exc L5 ET",-0.0576107248537121,6.54302932263837,2.10678480679555,0.148936337111613,0.999723251605349,1,"arteriol_scler"
"1167","GFPT1","Exc L5 ET",0.0303509053387373,5.90590714068897,0.444213528307715,0.506218113008327,0.999723251605349,1,"arteriol_scler"
"1168","NFU1","Exc L5 ET",-0.0132932744052209,4.9678141564511,0.08011815830872,0.777565174327358,0.999723251605349,1,"arteriol_scler"
"1169","AAK1","Exc L5 ET",-0.0263004366091425,8.7969992808344,2.03794202361701,0.155695618346068,0.999723251605349,1,"arteriol_scler"
"1170","ANXA4","Exc L5 ET",-0.0161487009595854,7.1770806591033,0.134466358957192,0.714411888044742,0.999723251605349,1,"arteriol_scler"
"1171","GMCL1","Exc L5 ET",0.0359879076403273,6.97896744497967,1.14663330889774,0.286140433801992,0.999723251605349,1,"arteriol_scler"
"1172","MXD1","Exc L5 ET",0.0124032300893973,5.36327609094257,0.0969487658030082,0.75599636490303,0.999723251605349,1,"arteriol_scler"
"1173","PCBP1","Exc L5 ET",-0.0337793744588089,5.31027501123727,0.23388510287213,0.629431057987984,0.999723251605349,1,"arteriol_scler"
"1174","C2orf42","Exc L5 ET",-0.0760758598679493,4.18564424084292,1.39941312143384,0.238873471908415,0.999723251605349,1,"arteriol_scler"
"1175","PCYOX1","Exc L5 ET",0.0566001850046333,5.50439838717219,1.42822352454486,0.234122089697439,0.999723251605349,1,"arteriol_scler"
"1176","FAM136A","Exc L5 ET",0.0548844446210316,4.34034276470872,0.696423196579277,0.4054429654469,0.999723251605349,1,"arteriol_scler"
"1177","ADD2","Exc L5 ET",0.035904664616651,7.6273741915339,1.55127066283566,0.215076807241179,0.999723251605349,1,"arteriol_scler"
"1178","AC007040.2","Exc L5 ET",-0.0604054780645197,4.26896251413553,0.667048563972549,0.415502380027975,0.999723251605349,1,"arteriol_scler"
"1179","NAGK","Exc L5 ET",-0.0501393113195152,4.45486762621788,0.711792751313822,0.400322009435856,0.999723251605349,1,"arteriol_scler"
"1180","MCEE","Exc L5 ET",-0.0728977629660715,4.42499995884,1.34107078627469,0.248862796057235,0.999723251605349,1,"arteriol_scler"
"1181","MPHOSPH10","Exc L5 ET",0.0133772676548363,4.69674222790643,0.0497334424308116,0.82386036803166,0.999723251605349,1,"arteriol_scler"
"1182","ZNF638","Exc L5 ET",0.0416997536925564,8.46189606106045,2.39706131909037,0.123873527670995,0.999723251605349,1,"arteriol_scler"
"1183","DYSF","Exc L5 ET",-0.0498095460287085,6.52212245249803,1.82165690556614,0.179345189719821,0.999723251605349,1,"arteriol_scler"
"1184","CYP26B1","Exc L5 ET",-0.0661264529763594,3.84659356285988,0.612911136586692,0.435046854004495,0.999723251605349,1,"arteriol_scler"
"1185","EXOC6B","Exc L5 ET",0.0321890364225237,8.66936419138333,1.13575569150115,0.288428085677495,0.999723251605349,1,"arteriol_scler"
"1186","EMX1","Exc L5 ET",-0.0777136098280011,4.94861754705822,1.90023629936948,0.170301811605638,0.999723251605349,1,"arteriol_scler"
"1187","SFXN5","Exc L5 ET",-0.0586179788648871,7.42571038392686,4.13160007705959,0.0440242400401848,0.999723251605349,1,"arteriol_scler"
"1188","RAB11FIP5","Exc L5 ET",-0.120356835678094,4.04807836191941,3.06938213946557,0.0820203741111771,0.999723251605349,1,"arteriol_scler"
"1189","PRADC1","Exc L5 ET",-0.0808508307795143,4.09141928509858,1.20037884251389,0.275170890089305,0.999723251605349,1,"arteriol_scler"
"1190","CCT7","Exc L5 ET",-0.0585961341859601,4.85414364448151,0.537611860628873,0.464678623134524,0.999723251605349,1,"arteriol_scler"
"1191","FBXO41","Exc L5 ET",-0.00404228954294821,5.64937452524272,0.0136449489280716,0.907180653907384,0.999723251605349,1,"arteriol_scler"
"1192","ALMS1","Exc L5 ET",-0.0422985429894912,6.67220386907242,1.4423513821981,0.231834303594,0.999723251605349,1,"arteriol_scler"
"1193","TPRKB","Exc L5 ET",-0.0442394039917966,3.9868107735766,0.385942092359323,0.65073102887766,0.999723251605349,1,"arteriol_scler"
"1194","DUSP11","Exc L5 ET",-0.00186795172683703,4.39112360554694,0.00127135014686831,0.971608627966509,0.999723251605349,1,"arteriol_scler"
"1195","STAMBP","Exc L5 ET",-0.105210515912251,5.0508197683999,5.88115391675367,0.0166080572342092,0.999723251605349,1,"arteriol_scler"
"1196","DGUOK","Exc L5 ET",-0.0257767030301306,4.92786859383496,0.300366568468609,0.584545810775133,0.999723251605349,1,"arteriol_scler"
"1197","TET3","Exc L5 ET",-0.0269037140483058,6.86875344862217,0.525452711614292,0.469762862758172,0.999723251605349,1,"arteriol_scler"
"1198","BOLA3","Exc L5 ET",-0.0506578223257189,5.38208695097527,0.889173575782133,0.347363515640766,0.999723251605349,1,"arteriol_scler"
"1199","MOB1A","Exc L5 ET",-0.0741284350840185,4.38518956764608,1.48922768104418,0.224435557282542,0.999723251605349,1,"arteriol_scler"
"1200","AC006030.1","Exc L5 ET",0.000208514636243615,3.93746246742489,8.60231028067853e-07,0.999261324034311,0.999723251605349,1,"arteriol_scler"
"1201","WDR54","Exc L5 ET",-0.071796742777617,4.19396992798337,0.787691834065719,0.376356552208995,0.999723251605349,1,"arteriol_scler"
"1202","MOGS","Exc L5 ET",-0.000447793416261597,4.25928921712296,3.84666620748495e-05,0.995060466602397,0.999723251605349,1,"arteriol_scler"
"1203","AUP1","Exc L5 ET",-0.0733940242901904,4.57569497619556,0.856388827863795,0.356380679370973,0.999723251605349,1,"arteriol_scler"
"1204","SEMA4F","Exc L5 ET",0.0166556378259442,4.64923406247289,0.0934252381549288,0.760331591018611,0.999723251605349,1,"arteriol_scler"
"1205","POLE4","Exc L5 ET",-0.0780190362088397,3.81153209130972,0.722541324293837,0.396796655078016,0.999723251605349,1,"arteriol_scler"
"1206","TACR1","Exc L5 ET",0.0220284973204171,3.91234987975328,0.0709054487129074,0.790423869710862,0.999723251605349,1,"arteriol_scler"
"1207","MRPL19","Exc L5 ET",-0.00802623807463071,5.66721622860416,0.0285141060348691,0.866155212989241,0.999723251605349,1,"arteriol_scler"
"1208","GCFC2","Exc L5 ET",-0.105912241095951,6.09904556777465,9.59813592708519,0.0023642684024946,0.999723251605349,0.894404325612638,"arteriol_scler"
"1209","LRRTM4","Exc L5 ET",0.0344099056117893,11.7990664739637,0.956526319103082,0.329789839385942,0.999723251605349,1,"arteriol_scler"
"1210","AC079117.1","Exc L5 ET",-0.0762464578055298,3.36499076411321,0.263303332441325,0.608687332454633,0.999723251605349,1,"arteriol_scler"
"1211","CTNNA2","Exc L5 ET",-0.0106982991238316,10.7933013204666,0.144993896761134,0.703956626706357,0.999723251605349,1,"arteriol_scler"
"1212","AC016716.2","Exc L5 ET",-0.279871089556728,3.67186607496037,5.5219038425547,0.020209601328375,0.999723251605349,1,"arteriol_scler"
"1213","AC008067.1","Exc L5 ET",-0.273897588528362,3.64076624643116,4.54379953536848,0.0348254184726997,0.999723251605349,1,"arteriol_scler"
"1214","SUCLG1","Exc L5 ET",0.0141498952299201,5.80333088215508,0.189339471441114,0.664152577771789,0.999723251605349,1,"arteriol_scler"
"1215","DNAH6","Exc L5 ET",0.164852974997538,5.54081306452135,6.44010923464916,0.0122781098928908,0.999723251605349,1,"arteriol_scler"
"1216","TMSB10","Exc L5 ET",0.0278568949719891,5.830362454682,0.0894746579202261,0.765299985024151,0.999723251605349,1,"arteriol_scler"
"1217","KCMF1","Exc L5 ET",0.0306026670969137,6.12998589822542,0.870198683587795,0.352543660898391,0.999723251605349,1,"arteriol_scler"
"1218","TGOLN2","Exc L5 ET",0.0784188477577366,5.58979836199849,1.88094024528627,0.172472442002018,0.999723251605349,1,"arteriol_scler"
"1219","ELMOD3","Exc L5 ET",-0.0583269866370749,5.46531299715663,2.01288115935319,0.158242939352991,0.999723251605349,1,"arteriol_scler"
"1220","MAT2A","Exc L5 ET",0.0179138422168869,5.99505952200112,0.245052273125385,0.621374754196882,0.999723251605349,1,"arteriol_scler"
"1221","GGCX","Exc L5 ET",-0.0710751327227298,4.31842344988301,1.48702508131986,0.245495002051817,0.999723251605349,1,"arteriol_scler"
"1222","USP39","Exc L5 ET",-0.0310693549965123,4.63782699419978,0.395690440982728,0.530372227887159,0.999723251605349,1,"arteriol_scler"
"1223","ST3GAL5","Exc L5 ET",-0.0364439905029954,6.48566205976395,1.31516892563724,0.253462576039326,0.999723251605349,1,"arteriol_scler"
"1224","POLR1A","Exc L5 ET",-0.0362581465196296,5.45539482294995,0.884567593805499,0.479479994614745,0.999723251605349,1,"arteriol_scler"
"1225","PTCD3","Exc L5 ET",-0.0214568257564231,6.34579337990069,0.648458494291646,0.675812851123042,0.999723251605349,1,"arteriol_scler"
"1226","IMMT","Exc L5 ET",0.0115529023531004,6.05101329257677,0.103377276143013,0.748304495262913,0.999723251605349,1,"arteriol_scler"
"1227","MRPL35","Exc L5 ET",-0.0114424547289422,4.47336207714704,0.0274714295830473,0.868602246766347,0.999723251605349,1,"arteriol_scler"
"1228","REEP1","Exc L5 ET",-0.0259110298842626,7.41920380813131,0.902813453281419,0.343703906143524,0.999723251605349,1,"arteriol_scler"
"1229","KDM3A","Exc L5 ET",-0.0197630434980806,5.06828182254861,0.168906082806165,0.681728850372929,0.999723251605349,1,"arteriol_scler"
"1230","CHMP3","Exc L5 ET",0.0127968513418231,4.72561106980332,0.0300898874322711,0.862542818090999,0.999723251605349,1,"arteriol_scler"
"1231","RNF103-CHMP3","Exc L5 ET",-0.0779057505017694,4.38446123177447,1.51756226414744,0.220101850923653,0.999723251605349,1,"arteriol_scler"
"1232","AC015971.1","Exc L5 ET",-0.233923796440207,3.78255777983041,4.84764605938134,0.0293594339208663,0.999723251605349,1,"arteriol_scler"
"1233","RMND5A","Exc L5 ET",-0.0291944309944259,5.78819288252876,0.602406505586493,0.439000993613405,0.999723251605349,1,"arteriol_scler"
"1234","PLGLB1","Exc L5 ET",0.00650332889508698,5.49955742992762,0.0247111585441968,0.875320689768319,0.999723251605349,1,"arteriol_scler"
"1235","CYTOR","Exc L5 ET",0.0288773613965817,4.76317424423548,0.208512368932396,0.648660027219855,0.999723251605349,1,"arteriol_scler"
"1236","KRCC1","Exc L5 ET",0.0519979159108202,4.38710699609361,0.750853453272484,0.484719372235017,0.999723251605349,1,"arteriol_scler"
"1237","EIF2AK3","Exc L5 ET",0.0596181197105873,6.58910483319493,3.01195006643099,0.0849044099428198,0.999723251605349,1,"arteriol_scler"
"1238","RPIA","Exc L5 ET",-0.0119815051729991,4.43528409221354,0.046790974299426,0.829066582476934,0.999723251605349,1,"arteriol_scler"
"1239","MRPS5","Exc L5 ET",-0.072011229379224,6.47745601517871,5.65209180197907,0.0188182733313369,0.999723251605349,1,"arteriol_scler"
"1240","AC092835.1","Exc L5 ET",-0.00713227726881081,5.57877836872943,0.0270615369479174,0.869577262525142,0.999723251605349,1,"arteriol_scler"
"1241","KCNIP3","Exc L5 ET",-0.0616210550249133,5.93933788548679,2.02289898805398,0.157218977169074,0.999723251605349,1,"arteriol_scler"
"1242","FAHD2A","Exc L5 ET",0.0108487038440799,5.25131793750071,0.0730129352426593,0.871114002472619,0.999723251605349,1,"arteriol_scler"
"1243","LINC00342","Exc L5 ET",0.0794736032244017,4.06113525893909,1.58661912174288,0.209954407348306,0.999723251605349,1,"arteriol_scler"
"1244","ANKRD36C","Exc L5 ET",0.0127700748068544,7.39200011979884,0.161980739395191,0.687967540295912,0.999723251605349,1,"arteriol_scler"
"1245","STARD7","Exc L5 ET",0.0184130319408322,5.08940083265695,0.171154240774989,0.679735816712223,0.999723251605349,1,"arteriol_scler"
"1246","TMEM127","Exc L5 ET",-0.00848439173129004,4.3974748870067,0.0226424925795628,0.88061210656067,0.999723251605349,1,"arteriol_scler"
"1247","CIAO1","Exc L5 ET",-0.0263767099640915,5.78511483126233,0.35155089201407,0.55421532938466,0.999723251605349,1,"arteriol_scler"
"1248","SNRNP200","Exc L5 ET",0.000396536079976628,5.21901976731904,9.74008019646714e-05,0.992140034415204,0.999723251605349,1,"arteriol_scler"
"1249","KANSL3","Exc L5 ET",-0.0387362550180353,6.13712958551821,1.18291829956425,0.278675024840807,0.999723251605349,1,"arteriol_scler"
"1250","FER1L5","Exc L5 ET",0.0205260422039905,4.29790065607208,0.0870241776967893,0.768442127778576,0.999723251605349,1,"arteriol_scler"
"1251","LMAN2L","Exc L5 ET",-0.000316066625236058,4.6757383120597,3.79107799628362e-05,0.995096286649175,0.999723251605349,1,"arteriol_scler"
"1252","ANKRD23","Exc L5 ET",-0.0299985458238713,5.07862736364499,0.414289784460491,0.61651138381983,0.999723251605349,1,"arteriol_scler"
"1253","FAM178B","Exc L5 ET",0.0175197865420154,4.49393628794866,0.058754904714436,0.808837785623498,0.999723251605349,1,"arteriol_scler"
"1254","FAHD2B","Exc L5 ET",-0.0349910551037005,4.87069057950525,0.348737675325899,0.55580280294103,0.999723251605349,1,"arteriol_scler"
"1255","ANKRD36","Exc L5 ET",0.0170832675331109,7.58607718967699,0.198165521143964,0.656909201767249,0.999723251605349,1,"arteriol_scler"
"1256","AC092683.1","Exc L5 ET",0.0209101504739434,8.40505264788886,0.481028687485363,0.489132566494262,0.999723251605349,1,"arteriol_scler"
"1257","AC092683.2","Exc L5 ET",-0.0509298492902229,4.05597546399751,0.313340727186779,0.576552700878032,0.999723251605349,1,"arteriol_scler"
"1258","ANKRD36B","Exc L5 ET",-0.0302206448935084,5.84824968739141,0.35639255864476,0.55150323675242,0.999723251605349,1,"arteriol_scler"
"1259","COX5B","Exc L5 ET",-0.072873525071261,5.92490452663245,0.9147348242099,0.34054820251008,0.999723251605349,1,"arteriol_scler"
"1260","ACTR1B","Exc L5 ET",0.00283495032190375,6.03942029020604,0.00330153571128436,0.95426340653001,0.999723251605349,1,"arteriol_scler"
"1261","C2orf92","Exc L5 ET",0.13214656104755,3.71327715267014,1.98884282989868,0.160731403749144,0.999723251605349,1,"arteriol_scler"
"1262","TMEM131","Exc L5 ET",-0.0428084450731426,7.01203271174069,1.78065425907423,0.184285701127547,0.999723251605349,1,"arteriol_scler"
"1263","INPP4A","Exc L5 ET",0.010883917589614,7.92469495457149,0.226786030283155,0.634676870497276,0.999723251605349,1,"arteriol_scler"
"1264","COA5","Exc L5 ET",-0.033947867476526,4.38418219359906,0.288654788147983,0.591956606311587,0.999723251605349,1,"arteriol_scler"
"1265","UNC50","Exc L5 ET",0.0477667642450299,4.84910350831816,0.811731064000075,0.369192203949425,0.999723251605349,1,"arteriol_scler"
"1266","MGAT4A","Exc L5 ET",0.0925169806850535,5.67563878789332,5.32989759838685,0.0224614028230639,0.999723251605349,1,"arteriol_scler"
"1267","KIAA1211L","Exc L5 ET",-0.00480553902989009,8.05688541705264,0.0282156957581572,0.866850777504825,0.999723251605349,1,"arteriol_scler"
"1268","TSGA10","Exc L5 ET",-0.0363640933419163,6.65577260032557,1.01330432173756,0.31588955904401,0.999723251605349,1,"arteriol_scler"
"1269","AC079447.1","Exc L5 ET",-0.00578106575976022,6.78799201730019,0.0218180173371747,0.882789709563406,0.999723251605349,1,"arteriol_scler"
"1270","MITD1","Exc L5 ET",0.0212135711441949,4.61673209413916,0.16865566987474,0.697803717887944,0.999723251605349,1,"arteriol_scler"
"1271","TXNDC9","Exc L5 ET",-0.0522626770912074,4.25477594957605,0.598048495492556,0.440657696415474,0.999723251605349,1,"arteriol_scler"
"1272","EIF5B","Exc L5 ET",-0.0237871605498185,5.74310979599005,0.296741730709574,0.586819143713418,0.999723251605349,1,"arteriol_scler"
"1273","REV1","Exc L5 ET",0.00929243041204773,6.63515990140475,0.0871793472072372,0.768241743633011,0.999723251605349,1,"arteriol_scler"
"1274","AFF3","Exc L5 ET",0.0234473347965216,9.66500208604328,0.581214356433683,0.447149094656885,0.999723251605349,1,"arteriol_scler"
"1275","LONRF2","Exc L5 ET",0.0345942211116274,7.85465024375046,1.63842542895537,0.202707782911807,0.999723251605349,1,"arteriol_scler"
"1276","CHST10","Exc L5 ET",-0.0177865394556238,4.84056612245061,0.158803940529461,0.690881325669199,0.999723251605349,1,"arteriol_scler"
"1277","NPAS2","Exc L5 ET",-0.0526197832601111,7.75908497208311,2.28384057245828,0.133034121389166,0.999723251605349,1,"arteriol_scler"
"1278","RPL31","Exc L5 ET",-0.0939343879746524,5.04907625371749,1.44126290967514,0.232009593833138,0.999723251605349,1,"arteriol_scler"
"1279","TBC1D8","Exc L5 ET",0.0353263853257086,5.84652096416583,0.716252646461783,0.398853722968117,0.999723251605349,1,"arteriol_scler"
"1280","CNOT11","Exc L5 ET",0.000479080489539523,4.42229630995695,5.30550210722566e-05,0.994198960040176,0.999723251605349,1,"arteriol_scler"
"1281","RNF149","Exc L5 ET",-0.0108398155679445,6.75128070386288,0.133301680926766,0.748626275523634,0.999723251605349,1,"arteriol_scler"
"1282","CREG2","Exc L5 ET",-0.010510908606472,7.50199334296254,0.0412218963663391,0.83941185089379,0.999723251605349,1,"arteriol_scler"
"1283","RFX8","Exc L5 ET",-0.0235687034896459,4.2790244381739,0.0844289615843665,0.771822776117064,0.999723251605349,1,"arteriol_scler"
"1284","MAP4K4","Exc L5 ET",-0.00372758377562499,8.0049695645119,0.0225974713463322,0.880729959505526,0.999723251605349,1,"arteriol_scler"
"1285","TMEM182","Exc L5 ET",-0.0569888851958685,4.39838561427,0.755689593470817,0.386203332810081,0.999723251605349,1,"arteriol_scler"
"1286","LINC01965","Exc L5 ET",0.0173830828688736,3.94578676854691,0.0132896375520588,0.908391668443823,0.999723251605349,1,"arteriol_scler"
"1287","LINC01102","Exc L5 ET",-0.016995690718564,5.37004156466476,0.0728753954032036,0.787602075341769,0.999723251605349,1,"arteriol_scler"
"1288","POU3F3","Exc L5 ET",-0.0566364128194392,4.50897684988237,0.805904258066158,0.370911012883503,0.999723251605349,1,"arteriol_scler"
"1289","AC010884.1","Exc L5 ET",0.00222359818605021,4.23007798301338,0.000757461529561893,0.978083482569418,0.999723251605349,1,"arteriol_scler"
"1290","MRPS9","Exc L5 ET",-0.0200899928501059,5.79868072208261,0.276970558179942,0.599545846952402,0.999723251605349,1,"arteriol_scler"
"1291","TGFBRAP1","Exc L5 ET",0.0372188750404492,4.8606542079869,0.741218617557454,0.390777097276651,0.999723251605349,1,"arteriol_scler"
"1292","C2orf49","Exc L5 ET",0.0857190356085507,3.88120796758101,1.14881470178257,0.28568446810792,0.999723251605349,1,"arteriol_scler"
"1293","FHL2","Exc L5 ET",0.0554345795124991,4.63414914586417,0.652354322643693,0.420674254869001,0.999723251605349,1,"arteriol_scler"
"1294","NCK2","Exc L5 ET",-0.0610514753104808,6.74120291429564,2.99306326599771,0.0858769048229937,0.999723251605349,1,"arteriol_scler"
"1295","UXS1","Exc L5 ET",-0.0102965677332925,6.50028632116961,0.107613586074783,0.743379063400047,0.999723251605349,1,"arteriol_scler"
"1296","ST6GAL2","Exc L5 ET",-0.189568275042994,3.8170219480319,2.11960171077786,0.147715276420406,0.999723251605349,1,"arteriol_scler"
"1297","GCC2","Exc L5 ET",0.0108666516285454,6.73138586600296,0.113238365182904,0.737002596752634,0.999723251605349,1,"arteriol_scler"
"1298","LIMS1","Exc L5 ET",-0.043499666990263,5.47743587103799,0.6879327468969,0.408313218389972,0.999723251605349,1,"arteriol_scler"
"1299","RANBP2","Exc L5 ET",-0.0375764184486637,6.78289810446221,1.39433383944465,0.239723328610724,0.999723251605349,1,"arteriol_scler"
"1300","CCDC138","Exc L5 ET",-0.00199304985243857,6.17210847581553,0.00250650900668778,0.960143570252759,0.999723251605349,1,"arteriol_scler"
"1301","SH3RF3","Exc L5 ET",-0.0149468891519453,6.5954363587142,0.0758302472400594,0.783445200855709,0.999723251605349,1,"arteriol_scler"
"1302","NPHP1","Exc L5 ET",-0.0675153541469303,5.10574527824955,1.67950510422633,0.197172247704621,0.999723251605349,1,"arteriol_scler"
"1303","SMIM37","Exc L5 ET",-0.0405628303304161,4.79685768151106,0.25556962796994,0.613993842850992,0.999723251605349,1,"arteriol_scler"
"1304","LINC01106","Exc L5 ET",-0.11119746328333,4.65083399584464,2.23655775587491,0.137083862463278,0.999723251605349,1,"arteriol_scler"
"1305","MIR4435-2HG","Exc L5 ET",-0.0178425695268594,6.71720091576768,0.118846753673112,0.73081804107716,0.999723251605349,1,"arteriol_scler"
"1306","ANAPC1","Exc L5 ET",-0.0699652958808408,6.22822570212393,3.97033969446253,0.0482982508684001,0.999723251605349,1,"arteriol_scler"
"1307","TMEM87B","Exc L5 ET",0.0626695962402688,4.30295786844991,0.902922841510767,0.343674769779269,0.999723251605349,1,"arteriol_scler"
"1308","FBLN7","Exc L5 ET",-0.08112711421007,4.31831134372615,0.611753723872373,0.435479837995495,0.999723251605349,1,"arteriol_scler"
"1309","ZC3H8","Exc L5 ET",0.028453608573126,5.9558736110901,0.652345267992425,0.468096119924761,0.999723251605349,1,"arteriol_scler"
"1310","ZC3H6","Exc L5 ET",0.0176390176637382,6.23348421676642,0.263511258941194,0.608546029387467,0.999723251605349,1,"arteriol_scler"
"1311","RGPD8","Exc L5 ET",-0.125365127128488,4.04922862069874,3.71335018022064,0.0560518766124951,0.999723251605349,1,"arteriol_scler"
"1312","TTL","Exc L5 ET",-0.00639802210997621,6.09760185099576,0.0468018443399998,0.835388896274484,0.999723251605349,1,"arteriol_scler"
"1313","SLC20A1","Exc L5 ET",0.0612028977242456,5.15170865783717,1.92055776916585,0.168049978838209,0.999723251605349,1,"arteriol_scler"
"1314","CBWD2","Exc L5 ET",-0.105216805044644,5.09823963991157,4.20080417844418,0.042315322699436,0.999723251605349,1,"arteriol_scler"
"1315","RABL2A","Exc L5 ET",-0.0102960334361517,5.57455186793876,0.0615884175372745,0.804374873856691,0.999723251605349,1,"arteriol_scler"
"1316","SLC35F5","Exc L5 ET",-0.0442944527838131,5.97280417685983,1.29651218407789,0.256841171687059,0.999723251605349,1,"arteriol_scler"
"1317","ACTR3","Exc L5 ET",0.0355374057088316,5.66876918332845,0.836415108050093,0.362033091950402,0.999723251605349,1,"arteriol_scler"
"1318","DPP10","Exc L5 ET",-0.00776637721503945,11.7086494340988,0.0407236465085563,0.840372041044114,0.999723251605349,1,"arteriol_scler"
"1319","DPP10-AS3","Exc L5 ET",-0.0507160013797185,3.97311249756367,0.231637897284472,0.63108087398772,0.999723251605349,1,"arteriol_scler"
"1320","DPP10-AS1","Exc L5 ET",-0.0330472867364707,4.1844818998256,0.2435199857913,0.622466500642612,0.999723251605349,1,"arteriol_scler"
"1321","DDX18","Exc L5 ET",-0.0465059796364502,5.4168859416736,0.712146644127994,0.400205213155527,0.999723251605349,1,"arteriol_scler"
"1322","CCDC93","Exc L5 ET",-0.00946873597270645,6.40051923182939,0.106653594471022,0.744485681140202,0.999723251605349,1,"arteriol_scler"
"1323","INSIG2","Exc L5 ET",0.0110634486252353,5.02003872451229,0.0530006994475867,0.978264419038456,0.999723251605349,1,"arteriol_scler"
"1324","C2orf76","Exc L5 ET",-0.0791499990920232,4.30141945184391,1.76102448387315,0.186707228815359,0.999723251605349,1,"arteriol_scler"
"1325","DBI","Exc L5 ET",0.0562457886984111,3.73581336512842,0.320278580948333,0.572367334611919,0.999723251605349,1,"arteriol_scler"
"1326","CFAP221","Exc L5 ET",-0.0137180847669098,7.1025123560532,0.148536073411392,0.700536841195427,0.999723251605349,1,"arteriol_scler"
"1327","PTPN4","Exc L5 ET",0.0171889378667346,7.97618302741149,0.463407210398825,0.497186376620148,0.999723251605349,1,"arteriol_scler"
"1328","EPB41L5","Exc L5 ET",-0.0360228586540814,6.61381729661891,0.999138130835654,0.31928376707911,0.999723251605349,1,"arteriol_scler"
"1329","RALB","Exc L5 ET",0.051067180784679,4.40003488646333,0.614524819251153,0.434444281533917,0.999723251605349,1,"arteriol_scler"
"1330","CLASP1","Exc L5 ET",0.0262353586478661,8.37967085382552,1.16848966867608,0.281613547014611,0.999723251605349,1,"arteriol_scler"
"1331","NIFK-AS1","Exc L5 ET",-0.0283749850123226,5.15606324693565,0.366022387395277,0.546182586621424,0.999723251605349,1,"arteriol_scler"
"1332","TSN","Exc L5 ET",0.00506056908323133,5.08420317237962,0.00910053502628966,0.924139303172405,0.999723251605349,1,"arteriol_scler"
"1333","CNTNAP5","Exc L5 ET",-0.0331561888802005,10.5743801445479,1.2050492213583,0.274243072673394,0.999723251605349,1,"arteriol_scler"
"1334","BIN1","Exc L5 ET",0.0366215686520122,6.49105892786605,1.01854841704487,0.314645160181165,0.999723251605349,1,"arteriol_scler"
"1335","ERCC3","Exc L5 ET",0.0183575603720383,5.25208623916259,0.212600035582586,0.645469272894492,0.999723251605349,1,"arteriol_scler"
"1336","MAP3K2","Exc L5 ET",0.0169813842100463,6.72600764986587,0.311964500203982,0.577390164560882,0.999723251605349,1,"arteriol_scler"
"1337","IWS1","Exc L5 ET",0.0450347871850164,5.69057936748418,1.37048672402418,0.279634933055897,0.999723251605349,1,"arteriol_scler"
"1338","WDR33","Exc L5 ET",0.0215765067065732,6.31751651910759,0.478692602253119,0.63902402837852,0.999723251605349,1,"arteriol_scler"
"1339","POLR2D","Exc L5 ET",-0.0129351458698966,3.95882494137291,0.0334214313415145,0.961028879380269,0.999723251605349,1,"arteriol_scler"
"1340","SAP130","Exc L5 ET",-0.011041559009994,5.34322724330366,0.0659872898590958,0.797657385484439,0.999723251605349,1,"arteriol_scler"
"1341","UGGT1","Exc L5 ET",0.0051935806664671,5.80865450286641,0.023687279935879,0.888225351635686,0.999723251605349,1,"arteriol_scler"
"1342","HS6ST1","Exc L5 ET",0.0500814393472214,4.86280018437942,1.02032421654078,0.326182633348106,0.999723251605349,1,"arteriol_scler"
"1343","SMPD4","Exc L5 ET",-0.00199582532816386,5.58271441547918,0.00270664006519374,0.958584355444349,0.999723251605349,1,"arteriol_scler"
"1344","MZT2B","Exc L5 ET",0.0111742555282209,5.46630474974868,0.0283617909467002,0.866509773989369,0.999723251605349,1,"arteriol_scler"
"1345","CCDC115","Exc L5 ET",-0.0704323964955199,4.31858811054779,0.623684544210043,0.431047970662115,0.999723251605349,1,"arteriol_scler"
"1346","IMP4","Exc L5 ET",-0.0683065569796479,4.01378792342584,0.625180263300605,0.430497226609292,0.999723251605349,1,"arteriol_scler"
"1347","PTPN18","Exc L5 ET",-0.0648797161629136,5.09399095457483,1.99422363554304,0.160170493193304,0.999723251605349,1,"arteriol_scler"
"1348","AMER3","Exc L5 ET",0.0196844024307901,4.06323902499038,0.0838314307567167,0.772609106506973,0.999723251605349,1,"arteriol_scler"
"1349","ARHGEF4","Exc L5 ET",-0.0361051554662882,6.67155063699298,1.27686443046553,0.260460037935808,0.999723251605349,1,"arteriol_scler"
"1350","FAM168B","Exc L5 ET",-0.0321913503586839,6.3038601608897,1.0266091142742,0.312744952778975,0.999723251605349,1,"arteriol_scler"
"1351","PLEKHB2","Exc L5 ET",-0.0221303017873618,5.99679507579705,0.154232389673029,0.695134314241123,0.999723251605349,1,"arteriol_scler"
"1352","MZT2A","Exc L5 ET",0.0205009311075048,5.01875977466803,0.151320014984392,0.697881845134399,0.999723251605349,1,"arteriol_scler"
"1353","LINC01945","Exc L5 ET",0.0152610813036697,3.68799558285137,0.0236307652928137,0.878054651246481,0.999723251605349,1,"arteriol_scler"
"1354","ANKRD30BL","Exc L5 ET",0.0410037024463374,8.04894186356862,0.882208324367842,0.349252842189908,0.999723251605349,1,"arteriol_scler"
"1355","NCKAP5","Exc L5 ET",-0.154960189424991,5.29602197967873,2.33412820723427,0.128874488542735,0.999723251605349,1,"arteriol_scler"
"1356","MGAT5","Exc L5 ET",-0.00761860079844164,7.74007711187303,0.0416686863775766,0.83855595720544,0.999723251605349,1,"arteriol_scler"
"1357","TMEM163","Exc L5 ET",-0.00849313562489559,7.42560297255453,0.0743671852503553,0.785492334559381,0.999723251605349,1,"arteriol_scler"
"1358","CCNT2-AS1","Exc L5 ET",0.0790070764461855,5.36040645255328,1.5632070089181,0.213330523781562,0.999723251605349,1,"arteriol_scler"
"1359","CCNT2","Exc L5 ET",0.0423664832477198,6.33014908634488,1.84244387239309,0.176899667496685,0.999723251605349,1,"arteriol_scler"
"1360","RAB3GAP1","Exc L5 ET",0.015124433690195,7.21270348091126,0.365641752920787,0.546391069533773,0.999723251605349,1,"arteriol_scler"
"1361","ZRANB3","Exc L5 ET",-0.0282549101820253,6.78434057702582,0.630215071058594,0.428651189638331,0.999723251605349,1,"arteriol_scler"
"1362","R3HDM1","Exc L5 ET",-0.0196223494243676,9.80707128222742,0.531201151450971,0.467348087580492,0.999723251605349,1,"arteriol_scler"
"1363","UBXN4","Exc L5 ET",0.0173200895609194,6.9037015442591,0.467584473888015,0.495257054126757,0.999723251605349,1,"arteriol_scler"
"1364","MCM6","Exc L5 ET",0.0337320491789346,4.04766227992641,0.223301145459815,0.637288978053617,0.999723251605349,1,"arteriol_scler"
"1365","DARS","Exc L5 ET",0.0271843579788892,5.64818838952605,0.629290251797661,0.428989375826487,0.999723251605349,1,"arteriol_scler"
"1366","SPOPL","Exc L5 ET",0.0207910178338724,5.47791216629819,0.243444981974568,0.622520050130613,0.999723251605349,1,"arteriol_scler"
"1367","LRP1B","Exc L5 ET",0.0165607384115985,12.0810908666094,0.246976257173123,0.620009934359997,0.999723251605349,1,"arteriol_scler"
"1368","ARHGAP15","Exc L5 ET",-0.0453152992555929,4.58726348721551,0.27169449926463,0.603040046101035,0.999723251605349,1,"arteriol_scler"
"1369","GTDC1","Exc L5 ET",0.00687482888321866,8.57952792969857,0.0747901401429355,0.78489832255099,0.999723251605349,1,"arteriol_scler"
"1370","ZEB2","Exc L5 ET",0.0191360456647869,8.08922576543728,0.274698603742266,0.601045252397064,0.999723251605349,1,"arteriol_scler"
"1371","TEX41","Exc L5 ET",-0.0898569589139662,3.80390215479379,0.584728253992318,0.445781876707409,0.999723251605349,1,"arteriol_scler"
"1372","ACVR2A","Exc L5 ET",-0.02159805788584,5.76230784804285,0.27580694146668,0.600312805331427,0.999723251605349,1,"arteriol_scler"
"1373","ORC4","Exc L5 ET",-0.0223576361590056,6.63563138989796,0.577392604605426,0.448643542244236,0.999723251605349,1,"arteriol_scler"
"1374","MBD5","Exc L5 ET",0.00127482866569702,9.11467328106444,0.00239473903030761,0.961041609986971,0.999723251605349,1,"arteriol_scler"
"1375","EPC2","Exc L5 ET",-0.0251793694597395,6.31157326437027,0.468204749039536,0.494971652245432,0.999723251605349,1,"arteriol_scler"
"1376","AC105402.3","Exc L5 ET",0.0427591947196268,6.5749708049255,0.141167072226798,0.707705452581134,0.999723251605349,1,"arteriol_scler"
"1377","KIF5C","Exc L5 ET",0.0208139825589462,8.4214211791719,0.896313455400287,0.345441281639673,0.999723251605349,1,"arteriol_scler"
"1378","MMADHC","Exc L5 ET",-0.0461905883039305,4.01210717711161,0.443242747432668,0.506682390617797,0.999723251605349,1,"arteriol_scler"
"1379","AC007364.1","Exc L5 ET",0.105411866717211,4.62640143729391,2.10567202493432,0.149042893483108,0.999723251605349,1,"arteriol_scler"
"1380","RIF1","Exc L5 ET",-0.00911119278231588,5.80903084556672,0.0789016876326788,0.77921570770136,0.999723251605349,1,"arteriol_scler"
"1381","ARL5A","Exc L5 ET",0.0891010924766196,4.46278294063774,2.23031047909223,0.137629289733836,0.999723251605349,1,"arteriol_scler"
"1382","CACNB4","Exc L5 ET",0.0101435807204461,7.7860196891124,0.0611005989891292,0.805135327412973,0.999723251605349,1,"arteriol_scler"
"1383","STAM2","Exc L5 ET",0.0503394327467949,5.57727193975352,1.31789633149812,0.252973297342247,0.999723251605349,1,"arteriol_scler"
"1384","FMNL2","Exc L5 ET",0.035957821559161,9.26032313833564,1.71476890315168,0.192562612538196,0.999723251605349,1,"arteriol_scler"
"1385","PRPF40A","Exc L5 ET",0.0017318959449699,6.07637372609597,0.00266512767546452,0.958902897194534,0.999723251605349,1,"arteriol_scler"
"1386","ARL6IP6","Exc L5 ET",0.0108442435189192,4.76726970190825,0.0442994572069107,0.833610602338913,0.999723251605349,1,"arteriol_scler"
"1387","GALNT13","Exc L5 ET",0.000104822567813194,8.19163308259444,6.54215464097951e-06,0.997962927877344,0.999723251605349,1,"arteriol_scler"
"1388","KCNJ3","Exc L5 ET",0.00481805099529742,8.42509641457299,0.0228757196622437,0.880003493139811,0.999723251605349,1,"arteriol_scler"
"1389","GPD2","Exc L5 ET",-0.0434948190441848,4.14163378910569,0.437646960441964,0.509372990776331,0.999723251605349,1,"arteriol_scler"
"1390","ACVR1","Exc L5 ET",-0.0579777702324144,4.42466907994648,0.98151925875397,0.323572951596817,0.999723251605349,1,"arteriol_scler"
"1391","UPP2","Exc L5 ET",-0.0399157246142787,6.15860853264683,0.376027297541791,0.540755148148568,0.999723251605349,1,"arteriol_scler"
"1392","CCDC148","Exc L5 ET",-0.0315806270643874,5.28149948881356,0.34759341022185,0.556450976603928,0.999723251605349,1,"arteriol_scler"
"1393","PKP4","Exc L5 ET",-0.0159424970383464,8.30986240145165,0.360439048561078,0.549255692601409,0.999723251605349,1,"arteriol_scler"
"1394","WDSUB1","Exc L5 ET",-0.0185502769401862,5.70767292120373,0.240367095953336,0.624726437723536,0.999723251605349,1,"arteriol_scler"
"1395","BAZ2B","Exc L5 ET",-0.0917288339914898,6.44565648736039,4.61274163376311,0.0334972632323754,0.999723251605349,1,"arteriol_scler"
"1396","AC009961.1","Exc L5 ET",0.0654269340085686,4.20876005461451,0.773352795570723,0.380723820054956,0.999723251605349,1,"arteriol_scler"
"1397","MARCH7","Exc L5 ET",0.0479358592923803,6.1978819188938,2.03048583362755,0.156448555420923,0.999723251605349,1,"arteriol_scler"
"1398","PLA2R1","Exc L5 ET",-0.0605781909681916,6.11624306487982,1.67124393355669,0.198270916272091,0.999723251605349,1,"arteriol_scler"
"1399","RBMS1","Exc L5 ET",0.00449654034714924,6.96032976262636,0.0187502454633299,0.891286212414224,0.999723251605349,1,"arteriol_scler"
"1400","TANK","Exc L5 ET",-0.0108882038923366,6.1883730634962,0.102716460234841,0.74908279836422,0.999723251605349,1,"arteriol_scler"
"1401","PSMD14","Exc L5 ET",-0.00571967331512344,6.12001789166665,0.0312627809668386,0.859916880586243,0.999723251605349,1,"arteriol_scler"
"1402","SLC4A10","Exc L5 ET",0.046952006436167,9.62826965616815,3.34445594108434,0.0696095815339713,0.999723251605349,1,"arteriol_scler"
"1403","DPP4","Exc L5 ET",0.070546626419003,4.30756559914764,0.532421011824123,0.466838230876984,0.999723251605349,1,"arteriol_scler"
"1404","GCA","Exc L5 ET",-0.0865512503858638,5.04481755302918,3.0856132972764,0.0812248119647466,0.999723251605349,1,"arteriol_scler"
"1405","KCNH7","Exc L5 ET",-0.00267049970988049,9.81608317553181,0.00413440802124758,0.948825714512899,0.999723251605349,1,"arteriol_scler"
"1406","AC011900.1","Exc L5 ET",-0.143117677567256,4.04724258161719,2.09752982698514,0.149825216816282,0.999723251605349,1,"arteriol_scler"
"1407","FIGN","Exc L5 ET",-0.0897573552404667,5.22446560947262,1.60776841788611,0.206959366038541,0.999723251605349,1,"arteriol_scler"
"1408","GRB14","Exc L5 ET",0.0201714406239473,6.19837174384202,0.173618938797697,0.677568369944834,0.999723251605349,1,"arteriol_scler"
"1409","AC019197.1","Exc L5 ET",-0.169583620167653,4.1796133822824,3.78568231620671,0.0537430585271098,0.999723251605349,1,"arteriol_scler"
"1410","SLC38A11","Exc L5 ET",0.153452221977671,5.3948970319659,4.23237130485844,0.0415593733350252,0.999723251605349,1,"arteriol_scler"
"1411","SCN3A","Exc L5 ET",0.0224550843409678,7.60771140875873,0.330824108793723,0.566118943190168,0.999723251605349,1,"arteriol_scler"
"1412","SCN2A","Exc L5 ET",0.0528259548165332,8.70105829385205,6.40935457017389,0.0124826573970283,0.999723251605349,1,"arteriol_scler"
"1413","CSRNP3","Exc L5 ET",-0.0278835719354231,8.87138588858096,2.05202210551418,0.154285091278415,0.999723251605349,1,"arteriol_scler"
"1414","TTC21B","Exc L5 ET",0.0292004162733692,7.05637114697731,0.931765638952349,0.336107693753225,0.999723251605349,1,"arteriol_scler"
"1415","AC010127.1","Exc L5 ET",-0.118649881438787,7.76955508173511,5.73246356780806,0.0180096889493087,0.999723251605349,1,"arteriol_scler"
"1416","SCN1A","Exc L5 ET",0.00397444199062311,9.3758369770575,0.0363845135156813,0.849006378367352,0.999723251605349,1,"arteriol_scler"
"1417","SCN9A","Exc L5 ET",-0.0413613097427655,5.01694770635179,0.237946964049082,0.626473664914973,0.999723251605349,1,"arteriol_scler"
"1418","AC073050.1","Exc L5 ET",0.0324387575859153,8.18808533309888,0.801489469234442,0.372220795343895,0.999723251605349,1,"arteriol_scler"
"1419","AC016723.1","Exc L5 ET",-0.0807157362959594,3.94102881436847,0.765432561552936,0.383167035261914,0.999723251605349,1,"arteriol_scler"
"1420","STK39","Exc L5 ET",0.021225913530216,8.55885387397718,0.611338812464489,0.435635215830784,0.999723251605349,1,"arteriol_scler"
"1421","CERS6","Exc L5 ET",-0.0182804008105764,8.92850746743484,0.526788673225693,0.469199863397157,0.999723251605349,1,"arteriol_scler"
"1422","ABCB11","Exc L5 ET",-0.112693515642825,4.3785431588111,1.77216159148692,0.185328810036381,0.999723251605349,1,"arteriol_scler"
"1423","LRP2","Exc L5 ET",-0.024693359653658,4.93299652659329,0.169502538377897,0.68119857540892,0.999723251605349,1,"arteriol_scler"
"1424","FASTKD1","Exc L5 ET",0.0224064719882446,6.74605094965631,0.523500516211434,0.470587523313896,0.999723251605349,1,"arteriol_scler"
"1425","PPIG","Exc L5 ET",0.0006571335968342,6.81289420680877,0.000514705383425506,0.981932905820652,0.999723251605349,1,"arteriol_scler"
"1426","KLHL23","Exc L5 ET",0.00719107252855941,6.12309404371468,0.040702692578539,0.840412555543154,0.999723251605349,1,"arteriol_scler"
"1427","SSB","Exc L5 ET",-0.00016267630882823,5.46776489027614,7.54258973138455e-06,0.997812710981664,0.999723251605349,1,"arteriol_scler"
"1428","METTL5","Exc L5 ET",-0.0893189354850584,4.19537471672107,1.76465312690422,0.186256802100596,0.999723251605349,1,"arteriol_scler"
"1429","UBR3","Exc L5 ET",-0.00172858292276707,8.26759318756474,0.00444085333871527,0.94696580201858,0.999723251605349,1,"arteriol_scler"
"1430","GORASP2","Exc L5 ET",0.0560974291920068,4.89942025225944,1.52494833177053,0.218988799905876,0.999723251605349,1,"arteriol_scler"
"1431","TLK1","Exc L5 ET",0.0212326663389574,7.73428574664231,0.50597114436192,0.478099150903722,0.999723251605349,1,"arteriol_scler"
"1432","METTL8","Exc L5 ET",-0.0343198591578786,4.99214904579007,0.46784401583403,0.495137599488188,0.999723251605349,1,"arteriol_scler"
"1433","DCAF17","Exc L5 ET",0.111116130848168,4.55799206030936,4.06917083217092,0.0456289741201537,0.999723251605349,1,"arteriol_scler"
"1434","DYNC1I2","Exc L5 ET",-0.0087957794837234,6.82662731396725,0.0578645795519553,0.810263544987435,0.999723251605349,1,"arteriol_scler"
"1435","SLC25A12","Exc L5 ET",-0.00592457187878168,8.41975637882624,0.0964533062322738,0.756600682373828,0.999723251605349,1,"arteriol_scler"
"1436","HAT1","Exc L5 ET",-0.101747483560535,4.92463992573305,3.21763981836382,0.0750572715704498,0.999723251605349,1,"arteriol_scler"
"1437","METAP1D","Exc L5 ET",0.0305910167244169,4.75654362806474,0.365469782356444,0.556760952361547,0.999723251605349,1,"arteriol_scler"
"1438","ITGA6","Exc L5 ET",0.0903640540107284,4.70540143090605,0.650116565067121,0.421470324593688,0.999723251605349,1,"arteriol_scler"
"1439","PDK1","Exc L5 ET",0.0265380838842918,4.39169895907506,0.184151232187379,0.668504726301679,0.999723251605349,1,"arteriol_scler"
"1440","RAPGEF4-AS1","Exc L5 ET",-0.11188897968002,4.52564595748259,3.33425083756346,0.0700317092030623,0.999723251605349,1,"arteriol_scler"
"1441","RAPGEF4","Exc L5 ET",-0.0306937514821835,8.68781726280299,1.56539278337336,0.213012589749088,0.999723251605349,1,"arteriol_scler"
"1442","SP3","Exc L5 ET",0.050954977030941,5.56042295118598,2.04401556814517,0.155085372576782,0.999723251605349,1,"arteriol_scler"
"1443","OLA1","Exc L5 ET",0.0272273563131508,7.08035754413996,1.30442915519099,0.255400675105619,0.999723251605349,1,"arteriol_scler"
"1444","CIR1","Exc L5 ET",0.0607145509532257,5.27056517255621,2.23457235693174,0.137256934852818,0.999723251605349,1,"arteriol_scler"
"1445","SCRN3","Exc L5 ET",0.0206240309561755,5.24725618832065,0.135990205443355,0.712870324768752,0.999723251605349,1,"arteriol_scler"
"1446","GPR155","Exc L5 ET",0.0138973775836254,7.40003044776055,0.329944322671534,0.566635127481394,0.999723251605349,1,"arteriol_scler"
"1447","AC010894.3","Exc L5 ET",-0.0744984351262958,4.41570190809081,0.779353853595407,0.378887362893938,0.999723251605349,1,"arteriol_scler"
"1448","CHN1","Exc L5 ET",-0.02870689638688,9.71033294255207,0.503685561792817,0.479093003132344,0.999723251605349,1,"arteriol_scler"
"1449","ATF2","Exc L5 ET",0.00594356883904103,6.56074272910928,0.0301291588600229,0.862454050180911,0.999723251605349,1,"arteriol_scler"
"1450","ATP5MC3","Exc L5 ET",-0.025080169474699,6.21811217801991,0.0821246049982484,0.77487211181897,0.999723251605349,1,"arteriol_scler"
"1451","LNPK","Exc L5 ET",-0.0367212711416241,6.10479476508556,0.977346665444146,0.324599934411147,0.999723251605349,1,"arteriol_scler"
"1452","MTX2","Exc L5 ET",0.00104965050940868,6.90473623195858,0.00123840540755638,0.971978742998565,0.999723251605349,1,"arteriol_scler"
"1453","HNRNPA3","Exc L5 ET",0.0231830859723049,6.03968781375997,0.340978865312971,0.560226267492365,0.999723251605349,1,"arteriol_scler"
"1454","NFE2L2","Exc L5 ET",-0.0230204357914457,6.34558160616667,0.364793748044044,0.546856076794069,0.999723251605349,1,"arteriol_scler"
"1455","AGPS","Exc L5 ET",0.054332279476051,5.71016626987911,2.21071574373149,0.139356043080595,0.999723251605349,1,"arteriol_scler"
"1456","RBM45","Exc L5 ET",-0.00835306473470408,4.82836549921987,0.0312077303659894,0.871823107096942,0.999723251605349,1,"arteriol_scler"
"1457","OSBPL6","Exc L5 ET",0.010978630312299,8.57880313230183,0.194304976962941,0.660053254810628,0.999723251605349,1,"arteriol_scler"
"1458","AC009948.1","Exc L5 ET",-0.0181422852753554,4.62167770431461,0.109391136590306,0.74134437003756,0.999723251605349,1,"arteriol_scler"
"1459","PRKRA","Exc L5 ET",-0.0237856204213936,5.62068125912852,0.387985017646755,0.534397366741337,0.999723251605349,1,"arteriol_scler"
"1460","PJVK","Exc L5 ET",-0.0549269061765575,4.5257977111008,0.831102570230848,0.36355742889972,0.999723251605349,1,"arteriol_scler"
"1461","PLEKHA3","Exc L5 ET",-0.0338191506087899,4.99950795054757,0.595089284936486,0.640912067633967,0.999723251605349,1,"arteriol_scler"
"1462","TTN-AS1","Exc L5 ET",-0.00578013780011132,7.35174568843464,0.0142715749270356,0.905083241460448,0.999723251605349,1,"arteriol_scler"
"1463","TTN","Exc L5 ET",0.0513501468969021,5.3186711887703,0.50482914537704,0.478595308790013,0.999723251605349,1,"arteriol_scler"
"1464","SESTD1","Exc L5 ET",0.0031036458469657,7.35892658749608,0.0097043330678766,0.921671060732969,0.999723251605349,1,"arteriol_scler"
"1465","ZNF385B","Exc L5 ET",0.016275882559843,10.1019298998755,0.29387385377105,0.588630553657009,0.999723251605349,1,"arteriol_scler"
"1466","CWC22","Exc L5 ET",-0.0721324296282198,5.6138371074461,3.16044204722995,0.0776643025425227,0.999723251605349,1,"arteriol_scler"
"1467","UBE2E3","Exc L5 ET",-0.0138290209112866,6.65239619456131,0.161894276157912,0.688046403404987,0.999723251605349,1,"arteriol_scler"
"1468","LINC01934","Exc L5 ET",-0.137682323449255,3.75328794476289,1.60777936482028,0.206957829047483,0.999723251605349,1,"arteriol_scler"
"1469","SSFA2","Exc L5 ET",-0.00951373584292127,5.97569426823933,0.071467976989099,0.789613850485331,0.999723251605349,1,"arteriol_scler"
"1470","PDE1A","Exc L5 ET",-0.00597912626929576,9.50094960764041,0.0298065934831853,0.863184942785145,0.999723251605349,1,"arteriol_scler"
"1471","DNAJC10","Exc L5 ET",-0.0155658751118248,5.79097762657472,0.215524834046881,0.643209010255422,0.999723251605349,1,"arteriol_scler"
"1472","NCKAP1","Exc L5 ET",-0.0211436661534918,7.78681910525413,0.662389369763821,0.41713191797995,0.999723251605349,1,"arteriol_scler"
"1473","DUSP19","Exc L5 ET",0.049125745811683,4.4296462491304,0.545118831295188,0.46158364044982,0.999723251605349,1,"arteriol_scler"
"1474","NUP35","Exc L5 ET",0.0597214607590097,4.05968390204885,0.997750010168376,0.31961894920426,0.999723251605349,1,"arteriol_scler"
"1475","ZNF804A","Exc L5 ET",0.0539858289403388,6.95592777974818,0.728211759516573,0.394955006244918,0.999723251605349,1,"arteriol_scler"
"1476","LINC01473","Exc L5 ET",0.0221841322518927,4.69120005952448,0.161330740826759,0.688561004820798,0.999723251605349,1,"arteriol_scler"
"1477","ZC3H15","Exc L5 ET",-0.00266375088254992,5.88199536423147,0.00359901278045243,0.952249730144885,0.999723251605349,1,"arteriol_scler"
"1478","ITGAV","Exc L5 ET",0.105905175387112,5.35116863042084,3.8769492426424,0.0509742135626425,0.999723251605349,1,"arteriol_scler"
"1479","FAM171B","Exc L5 ET",0.0644910462881643,6.67741867152345,6.07820196735807,0.0149238222174862,0.999723251605349,1,"arteriol_scler"
"1480","AC007319.1","Exc L5 ET",-0.0267017677412824,4.82503832019889,0.0351095665415029,0.851643852229864,0.999723251605349,1,"arteriol_scler"
"1481","LINC01090","Exc L5 ET",-0.285029345981217,6.07184813038019,3.83034111827011,0.0523686124936844,0.999723251605349,1,"arteriol_scler"
"1482","GULP1","Exc L5 ET",-0.032284873891682,8.55208289199319,0.934569529577174,0.335384132909102,0.999723251605349,1,"arteriol_scler"
"1483","COL5A2","Exc L5 ET",0.0425499927590375,8.25202209772209,0.243709614819363,0.622331159473884,0.999723251605349,1,"arteriol_scler"
"1484","WDR75","Exc L5 ET",-0.0249357449652447,5.6251973064368,0.401168242178248,0.52754391842868,0.999723251605349,1,"arteriol_scler"
"1485","ASNSD1","Exc L5 ET",-0.0050926567074482,4.43784124832581,0.00669629837593576,0.934900767588764,0.999723251605349,1,"arteriol_scler"
"1486","ANKAR","Exc L5 ET",-0.0304485250702145,5.87652050037682,0.625871507959236,0.430243062952061,0.999723251605349,1,"arteriol_scler"
"1487","ORMDL1","Exc L5 ET",-0.00527919826078946,6.00687727301418,0.00924989605852347,0.923521226427839,0.999723251605349,1,"arteriol_scler"
"1488","PMS1","Exc L5 ET",-0.0227341181324721,6.2272990584428,0.478332843698173,0.490350423971797,0.999723251605349,1,"arteriol_scler"
"1489","C2orf88","Exc L5 ET",-0.00179368913012303,5.22657828392818,0.00119437742522104,0.972481155371153,0.999723251605349,1,"arteriol_scler"
"1490","HIBCH","Exc L5 ET",-0.04610125213749,7.03570740163076,0.765328579486441,0.383199259873165,0.999723251605349,1,"arteriol_scler"
"1491","INPP1","Exc L5 ET",3.22561288457873e-06,5.47625539803098,7.5304935647678e-07,0.999308872544977,0.999723251605349,1,"arteriol_scler"
"1492","MFSD6","Exc L5 ET",0.0851592271112308,6.61869541961238,6.8872905498903,0.00966766278657777,0.999723251605349,1,"arteriol_scler"
"1493","AC108047.1","Exc L5 ET",0.0146157463629303,4.87514475336986,0.0787628489153,0.779404958074936,0.999723251605349,1,"arteriol_scler"
"1494","NAB1","Exc L5 ET",-0.0153797662614593,6.06124788171479,0.196160058870158,0.658537840909281,0.999723251605349,1,"arteriol_scler"
"1495","GLS","Exc L5 ET",0.0164023120621956,8.42293515278927,0.507923998913418,0.477252658242324,0.999723251605349,1,"arteriol_scler"
"1496","STAT1","Exc L5 ET",0.095338436525033,4.4935940985153,2.43382490682664,0.121053071182323,0.999723251605349,1,"arteriol_scler"
"1497","STAT4","Exc L5 ET",-0.0341143570951246,7.25095585095206,0.468347164565156,0.494906163040678,0.999723251605349,1,"arteriol_scler"
"1498","AC098617.1","Exc L5 ET",-0.159810833035702,3.8414850698528,1.82995919322975,0.178363753856884,0.999723251605349,1,"arteriol_scler"
"1499","TMEFF2","Exc L5 ET",0.00713408147942294,8.58963706016483,0.0483893050883742,0.8262179745445,0.999723251605349,1,"arteriol_scler"
"1500","SLC39A10","Exc L5 ET",-0.0304686488608497,6.47864753312203,0.816952116732785,0.367661554531824,0.999723251605349,1,"arteriol_scler"
"1501","DNAH7","Exc L5 ET",-0.0230477552783907,6.5508059904732,0.313547438818266,0.576427121370146,0.999723251605349,1,"arteriol_scler"
"1502","HECW2","Exc L5 ET",-0.0173503848476551,8.4084774787729,0.439756178485199,0.508355927008612,0.999723251605349,1,"arteriol_scler"
"1503","GTF3C3","Exc L5 ET",-0.0138213901463292,5.10406118348659,0.0979018553794675,0.754838619653448,0.999723251605349,1,"arteriol_scler"
"1504","PGAP1","Exc L5 ET",-0.0688810230650643,5.93435135722732,2.77135718737115,0.0982532849329407,0.999723251605349,1,"arteriol_scler"
"1505","ANKRD44","Exc L5 ET",0.0999179966419368,5.00819106131323,2.17395848056876,0.142661895176266,0.999723251605349,1,"arteriol_scler"
"1506","SF3B1","Exc L5 ET",0.0333182225308047,6.24874160453693,1.42448481040524,0.234732114767095,0.999723251605349,1,"arteriol_scler"
"1507","COQ10B","Exc L5 ET",0.0103584909357677,4.55370268561488,0.0321509328883137,0.857962075547176,0.999723251605349,1,"arteriol_scler"
"1508","HSPD1","Exc L5 ET",0.0211041987237912,5.99775320950679,0.179519728421464,0.672451678802365,0.999723251605349,1,"arteriol_scler"
"1509","MOB4","Exc L5 ET",0.0102093257434087,4.56541334034863,0.0184845692738279,0.89205435231479,0.999723251605349,1,"arteriol_scler"
"1510","AC011997.1","Exc L5 ET",0.00719952401691304,5.57248567573701,0.0284294808733642,0.866352083918528,0.999723251605349,1,"arteriol_scler"
"1511","PLCL1","Exc L5 ET",0.0414257730480981,7.44151400622031,0.807114302617256,0.370553147402597,0.999723251605349,1,"arteriol_scler"
"1512","LINC01923","Exc L5 ET",0.13107485709339,3.77131167555704,1.50573135904116,0.221898965334696,0.999723251605349,1,"arteriol_scler"
"1513","SATB2","Exc L5 ET",0.00321332217627801,8.53769963647538,0.0120603294496965,0.91271342270389,0.999723251605349,1,"arteriol_scler"
"1514","SATB2-AS1","Exc L5 ET",0.0405028363439815,4.08083135584511,0.280354963962301,0.597326778357895,0.999723251605349,1,"arteriol_scler"
"1515","FTCDNL1","Exc L5 ET",-0.0100459565560069,6.02120217173091,0.0511065371634298,0.821486265514378,0.999723251605349,1,"arteriol_scler"
"1516","C2orf69","Exc L5 ET",-0.0203785252470923,4.78687261702775,0.157195581747744,0.719836981762387,0.999723251605349,1,"arteriol_scler"
"1517","TYW5","Exc L5 ET",-0.0752275292158797,4.33211574077083,2.41873214010778,0.122202170970513,0.999723251605349,1,"arteriol_scler"
"1518","MAIP1","Exc L5 ET",-0.0167349049236677,4.77492877878106,0.0753644841328159,0.784094578901204,0.999723251605349,1,"arteriol_scler"
"1519","SPATS2L","Exc L5 ET",0.055370763337495,4.57480050335,0.329702831770326,0.566776974257335,0.999723251605349,1,"arteriol_scler"
"1520","BZW1","Exc L5 ET",0.0292899077330373,3.97102593171244,0.145065856181719,0.703886679691711,0.999723251605349,1,"arteriol_scler"
"1521","CLK1","Exc L5 ET",-0.0341154578292049,5.68971873547641,0.564436772228229,0.453768470264741,0.999723251605349,1,"arteriol_scler"
"1522","PPIL3","Exc L5 ET",-0.0661020534647652,4.85777644351707,1.28801610422993,0.258398301383613,0.999723251605349,1,"arteriol_scler"
"1523","NIF3L1","Exc L5 ET",0.0949270342772328,3.95417117682063,1.26754259738788,0.262199249463209,0.999723251605349,1,"arteriol_scler"
"1524","ORC2","Exc L5 ET",-0.00614837872228015,6.3025398127648,0.0339045551229012,0.919127112764287,0.999723251605349,1,"arteriol_scler"
"1525","AC005037.1","Exc L5 ET",-0.125170462894933,3.84806822906129,2.20122045350686,0.140201621201815,0.999723251605349,1,"arteriol_scler"
"1526","FAM126B","Exc L5 ET",-0.0202294630417106,6.80546818647728,0.548195451354155,0.460324717973361,0.999723251605349,1,"arteriol_scler"
"1527","NDUFB3","Exc L5 ET",-0.0903119266548549,4.5502254624501,0.915170813899454,0.340433538291115,0.999723251605349,1,"arteriol_scler"
"1528","ALS2CR12","Exc L5 ET",-0.0442778316490096,4.69953073403515,0.433599841688247,0.511334425980376,0.999723251605349,1,"arteriol_scler"
"1529","TRAK2","Exc L5 ET",-0.00575748163258284,6.70240816474555,0.0461725359191874,0.830182439895908,0.999723251605349,1,"arteriol_scler"
"1530","STRADB","Exc L5 ET",0.0135845495375693,5.04655444732263,0.0635024577575256,0.801421589440828,0.999723251605349,1,"arteriol_scler"
"1531","TMEM237","Exc L5 ET",0.00691163853722502,4.00964915723622,0.0102534349502427,0.919492913836198,0.999723251605349,1,"arteriol_scler"
"1532","ALS2","Exc L5 ET",0.0285595253586172,6.5115174056799,0.945918250798553,0.33247685367945,0.999723251605349,1,"arteriol_scler"
"1533","KIAA2012","Exc L5 ET",0.0386404933443763,4.16742074631635,0.187271280078037,0.665878881312626,0.999723251605349,1,"arteriol_scler"
"1534","SUMO1","Exc L5 ET",-0.0347837989910399,5.63008592766226,0.314155289009443,0.576058161085248,0.999723251605349,1,"arteriol_scler"
"1535","NOP58","Exc L5 ET",0.00497471152260898,5.69863149877506,0.0148056365049992,0.903332246038099,0.999723251605349,1,"arteriol_scler"
"1536","BMPR2","Exc L5 ET",0.016895410629359,7.90316816629481,0.493970788619574,0.483355543469138,0.999723251605349,1,"arteriol_scler"
"1537","FAM117B","Exc L5 ET",-0.0354474713115461,6.03362788055293,0.842223739600803,0.360376556849853,0.999723251605349,1,"arteriol_scler"
"1538","ICA1L","Exc L5 ET",-0.0279589395828935,7.67239169245682,1.0722945283005,0.302254583438506,0.999723251605349,1,"arteriol_scler"
"1539","WDR12","Exc L5 ET",-0.0339486417569122,5.61964808707627,0.867538922712668,0.353278228278292,0.999723251605349,1,"arteriol_scler"
"1540","CARF","Exc L5 ET",-0.0314627739086759,4.91768205475364,0.363299160999429,0.547677441155596,0.999723251605349,1,"arteriol_scler"
"1541","NBEAL1","Exc L5 ET",-0.000805820196031785,6.67250478990587,0.000744101289180093,0.978277577449623,0.999723251605349,1,"arteriol_scler"
"1542","CYP20A1","Exc L5 ET",0.0274216300596415,4.26607392369278,0.123177771325128,0.726153028865067,0.999723251605349,1,"arteriol_scler"
"1543","ABI2","Exc L5 ET",-0.0304997093607186,7.82980507902863,2.39535619985616,0.124006118247921,0.999723251605349,1,"arteriol_scler"
"1544","RAPH1","Exc L5 ET",-0.091568516193061,7.01910965230661,4.93736078918819,0.0279246049777528,0.999723251605349,1,"arteriol_scler"
"1545","PARD3B","Exc L5 ET",-0.082997288889681,3.72402126305892,0.598993070867983,0.440297796311422,0.999723251605349,1,"arteriol_scler"
"1546","NRP2","Exc L5 ET",0.0427187364164496,3.94193749238262,0.179577290305106,0.672402257647466,0.999723251605349,1,"arteriol_scler"
"1547","INO80D","Exc L5 ET",0.0358667141744473,6.91992208372152,0.322473485945806,0.571055700526962,0.999723251605349,1,"arteriol_scler"
"1548","NDUFS1","Exc L5 ET",0.0174677506732985,7.42274819572284,0.403744159285964,0.526223267643541,0.999723251605349,1,"arteriol_scler"
"1549","EEF1B2","Exc L5 ET",0.0601446422361376,4.03198013569905,0.475795111864061,0.491501504307994,0.999723251605349,1,"arteriol_scler"
"1550","ZDBF2","Exc L5 ET",-0.00281425425806244,5.7139897963807,0.00526651268587961,0.949608327855173,0.999723251605349,1,"arteriol_scler"
"1551","ADAM23","Exc L5 ET",-0.0162218232103787,8.95680841005214,0.378333229702828,0.539518345514554,0.999723251605349,1,"arteriol_scler"
"1552","FASTKD2","Exc L5 ET",-0.049692894938227,5.28608908332627,1.03788748681753,0.310111452089122,0.999723251605349,1,"arteriol_scler"
"1553","CPO","Exc L5 ET",0.0152881353646849,4.10895989521209,0.0427147091486519,0.836570660818742,0.999723251605349,1,"arteriol_scler"
"1554","KLF7","Exc L5 ET",0.0171718474030829,5.66603034937101,0.152328088419114,0.696927405871618,0.999723251605349,1,"arteriol_scler"
"1555","CREB1","Exc L5 ET",0.0291916863986505,6.04929577095455,0.681435749428011,0.410529859993787,0.999723251605349,1,"arteriol_scler"
"1556","METTL21A","Exc L5 ET",-0.191069864108241,4.66738895376018,11.113039681136,0.00110308251511511,0.999723251605349,0.792598857117005,"arteriol_scler"
"1557","CCNYL1","Exc L5 ET",-0.0606603025383814,5.16738724642509,1.22938030718532,0.269472862255125,0.999723251605349,1,"arteriol_scler"
"1558","PLEKHM3","Exc L5 ET",-0.0154956682618939,7.2834860593832,0.37326481081708,0.542243724349741,0.999723251605349,1,"arteriol_scler"
"1559","C2orf80","Exc L5 ET",-0.0655088360984705,4.51868817518329,0.838251065756789,0.361508363298954,0.999723251605349,1,"arteriol_scler"
"1560","IDH1","Exc L5 ET",0.0100843698013561,5.29738986671412,0.0485013403385185,0.826020163499734,0.999723251605349,1,"arteriol_scler"
"1561","PIKFYVE","Exc L5 ET",-0.00551322956946098,6.35370298083207,0.03504509510458,0.989746092641627,0.999723251605349,1,"arteriol_scler"
"1562","PTH2R","Exc L5 ET",0.104369040688131,4.36619565198073,1.15179351675942,0.285063320756504,0.999723251605349,1,"arteriol_scler"
"1563","MAP2","Exc L5 ET",-0.00397214380880179,10.0449305144551,0.0271362348902261,0.869399015357686,0.999723251605349,1,"arteriol_scler"
"1564","UNC80","Exc L5 ET",-0.00758130813419023,9.3597265197148,0.10775920221361,0.743211684716154,0.999723251605349,1,"arteriol_scler"
"1565","RPE","Exc L5 ET",-0.0452493495970967,6.40425569885292,0.995346342520812,0.320200453022468,0.999723251605349,1,"arteriol_scler"
"1566","KANSL1L","Exc L5 ET",-0.0611174768086515,7.22023458296841,3.71638678505363,0.0559528391347376,0.999723251605349,1,"arteriol_scler"
"1567","AC007038.1","Exc L5 ET",-0.0254405498117685,5.44376602534831,0.243445604251949,0.62251960580918,0.999723251605349,1,"arteriol_scler"
"1568","LANCL1","Exc L5 ET",0.0115400842045554,6.78756407932501,0.109422283543282,0.741308881457474,0.999723251605349,1,"arteriol_scler"
"1569","CPS1","Exc L5 ET",0.0739664580023511,4.04367186118037,0.815784145189428,0.368003194453624,0.999723251605349,1,"arteriol_scler"
"1570","ERBB4","Exc L5 ET",0.0543091043708931,4.87969323230767,0.21610276314616,0.642764601259206,0.999723251605349,1,"arteriol_scler"
"1571","IKZF2","Exc L5 ET",0.00684396421747835,3.8929980157421,0.00537524510928922,0.941661689843956,0.999723251605349,1,"arteriol_scler"
"1572","SPAG16","Exc L5 ET",0.0443559276404625,8.02331332582503,1.5607420199027,0.213689753793774,0.999723251605349,1,"arteriol_scler"
"1573","AC068051.1","Exc L5 ET",0.00805381541839095,3.58747308522618,0.00472818239723366,0.94527963761078,0.999723251605349,1,"arteriol_scler"
"1574","VWC2L","Exc L5 ET",0.00926373514003416,4.08984031475847,0.00696665257948829,0.933602633756786,0.999723251605349,1,"arteriol_scler"
"1575","ATIC","Exc L5 ET",0.0984186480954023,4.58774575964165,3.74964509603199,0.0548803386284118,0.999723251605349,1,"arteriol_scler"
"1576","MREG","Exc L5 ET",-0.0852486748486782,4.09906447944398,1.27572995334205,0.260670930045954,0.999723251605349,1,"arteriol_scler"
"1577","PECR","Exc L5 ET",-0.0266945959562199,4.42687929907205,0.244470803828379,0.667793168794083,0.999723251605349,1,"arteriol_scler"
"1578","TMEM169","Exc L5 ET",-0.0573781018404086,4.10365485448877,0.829410256375541,0.421269854601983,0.999723251605349,1,"arteriol_scler"
"1579","XRCC5","Exc L5 ET",-0.0172122605492194,6.6341969610381,0.312810127794496,0.576875295150028,0.999723251605349,1,"arteriol_scler"
"1580","LINC01963","Exc L5 ET",0.00542101967531869,3.8913551252666,0.00506694879846866,0.943356454597241,0.999723251605349,1,"arteriol_scler"
"1581","MARCH4","Exc L5 ET",0.0388727460431799,5.0895652487339,0.531387084183391,0.467270316597528,0.999723251605349,1,"arteriol_scler"
"1582","SMARCAL1","Exc L5 ET",-0.0050763162510155,5.14815453338832,0.0118254151766556,0.913564295393584,0.999723251605349,1,"arteriol_scler"
"1583","RPL37A","Exc L5 ET",-0.0168192008396768,6.23356811773225,0.121014970764234,0.728470911489714,0.999723251605349,1,"arteriol_scler"
"1584","IGFBP2","Exc L5 ET",0.0112840185381382,4.91219054623187,0.020807134178256,0.885517864464527,0.999723251605349,1,"arteriol_scler"
"1585","AC007563.2","Exc L5 ET",0.089964428293639,4.08452878296267,0.568794729280487,0.452034371308837,0.999723251605349,1,"arteriol_scler"
"1586","DIRC3","Exc L5 ET",0.0701865031291344,6.72210254689603,1.49466328203864,0.223596262016987,0.999723251605349,1,"arteriol_scler"
"1587","ARPC2","Exc L5 ET",-0.0374083100522829,5.86173593607745,0.88018724357273,0.349803692234869,0.999723251605349,1,"arteriol_scler"
"1588","AAMP","Exc L5 ET",0.070062044343718,4.15946984605336,0.794710496464997,0.37424469375593,0.999723251605349,1,"arteriol_scler"
"1589","PNKD","Exc L5 ET",0.0441113016803254,6.68273670756887,2.24832709814749,0.136062954445581,0.999723251605349,1,"arteriol_scler"
"1590","USP37","Exc L5 ET",-0.0146427311667837,5.7485133380136,0.195044594886837,0.682534964302565,0.999723251605349,1,"arteriol_scler"
"1591","CNOT9","Exc L5 ET",-0.0477997166451471,5.0397434886384,1.28981018372159,0.258068512147515,0.999723251605349,1,"arteriol_scler"
"1592","STK36","Exc L5 ET",0.0424874979597715,5.20380923288637,1.04866366183553,0.307622308282192,0.999723251605349,1,"arteriol_scler"
"1593","CDK5R2","Exc L5 ET",0.0694423695404861,5.44786299077817,1.16103989328777,0.283146207770184,0.999723251605349,1,"arteriol_scler"
"1594","RETREG2","Exc L5 ET",0.00959566608961158,5.84478085905137,0.0164279704526748,0.898201351462011,0.999723251605349,1,"arteriol_scler"
"1595","ZFAND2B","Exc L5 ET",0.0180444308572559,4.66644908473531,0.0890598648109033,0.765828530996435,0.999723251605349,1,"arteriol_scler"
"1596","ANKZF1","Exc L5 ET",-0.0144565760877064,4.61141121385545,0.0725473490179774,0.825411938829865,0.999723251605349,1,"arteriol_scler"
"1597","TUBA4A","Exc L5 ET",-0.00736530775302397,6.53020427797173,0.00828677862968347,0.927600512112324,0.999723251605349,1,"arteriol_scler"
"1598","DNAJB2","Exc L5 ET",0.0595667030404066,5.45667882709038,1.1362058821139,0.288332943029902,0.999723251605349,1,"arteriol_scler"
"1599","PTPRN","Exc L5 ET",0.0256518507131233,6.71910465097133,0.468966274969461,0.494621637657253,0.999723251605349,1,"arteriol_scler"
"1600","DNPEP","Exc L5 ET",0.045383097634912,4.05106224864692,0.471088653359107,0.493648345812829,0.999723251605349,1,"arteriol_scler"
"1601","SPEG","Exc L5 ET",-0.0667522580256197,5.14178656030977,2.35583532897223,0.12712435151704,0.999723251605349,1,"arteriol_scler"
"1602","CHPF","Exc L5 ET",0.0749229771018666,3.83221299198095,0.728406753886079,0.394891896436056,0.999723251605349,1,"arteriol_scler"
"1603","OBSL1","Exc L5 ET",0.0123824705434258,4.99812883750158,0.0672486374008996,0.79577550270512,0.999723251605349,1,"arteriol_scler"
"1604","INHA","Exc L5 ET",0.0486247204789496,4.07588591593683,0.377256477084382,0.540095220482426,0.999723251605349,1,"arteriol_scler"
"1605","STK11IP","Exc L5 ET",0.0104270001675053,5.15795072688534,0.0458478702052819,0.830771370618604,0.999723251605349,1,"arteriol_scler"
"1606","SLC4A3","Exc L5 ET",0.0111203225078615,5.82620219914608,0.0722231216907256,0.788531825390238,0.999723251605349,1,"arteriol_scler"
"1607","AC019211.1","Exc L5 ET",0.00914862754612974,6.78731936621205,0.0115599109572846,0.914536327854222,0.999723251605349,1,"arteriol_scler"
"1608","AC067956.1","Exc L5 ET",-0.00380243866098347,6.32818747970914,0.00212181095598935,0.963327109487328,0.999723251605349,1,"arteriol_scler"
"1609","EPHA4","Exc L5 ET",0.0238978455810017,6.92609590850463,0.54988069888806,0.459637450257045,0.999723251605349,1,"arteriol_scler"
"1610","SGPP2","Exc L5 ET",-0.0301563389848356,7.03362788356254,0.786331170509008,0.376767913578355,0.999723251605349,1,"arteriol_scler"
"1611","FARSB","Exc L5 ET",-0.0502039382920324,5.92156553605501,1.84344547279932,0.17866558310223,0.999723251605349,1,"arteriol_scler"
"1612","ACSL3","Exc L5 ET",-0.0157299871526092,6.46864997206156,0.234266096710221,0.629152317686685,0.999723251605349,1,"arteriol_scler"
"1613","SCG2","Exc L5 ET",-0.156191876356244,3.56912494167706,1.68996344260327,0.195791684880014,0.999723251605349,1,"arteriol_scler"
"1614","AP1S3","Exc L5 ET",-0.0475987118056679,4.72687283724807,0.785985587076246,0.376872493101502,0.999723251605349,1,"arteriol_scler"
"1615","WDFY1","Exc L5 ET",-0.0662149999558788,5.53352648069224,3.00219309211006,0.0854052912438125,0.999723251605349,1,"arteriol_scler"
"1616","MRPL44","Exc L5 ET",-0.0684651467665778,3.91099116196999,0.781900427625086,0.378111854544329,0.999723251605349,1,"arteriol_scler"
"1617","SERPINE2","Exc L5 ET",0.0212954759880678,6.77518017997655,0.107637250874783,0.743351853323225,0.999723251605349,1,"arteriol_scler"
"1618","CUL3","Exc L5 ET",0.0422812863740058,6.38862972599772,1.92587003241435,0.167467018660382,0.999723251605349,1,"arteriol_scler"
"1619","DOCK10","Exc L5 ET",-0.0631650635950633,4.17573623078184,0.321667928938662,0.57153639828632,0.999723251605349,1,"arteriol_scler"
"1620","NYAP2","Exc L5 ET",0.00756256016064705,6.88314209891695,0.0346538862868035,0.852598517708218,0.999723251605349,1,"arteriol_scler"
"1621","IRS1","Exc L5 ET",-0.0783176666288021,4.82079656501858,2.31490958088073,0.130446642644971,0.999723251605349,1,"arteriol_scler"
"1622","RHBDD1","Exc L5 ET",0.0239815737494774,5.44188460200398,0.246894575193531,0.620067742162485,0.999723251605349,1,"arteriol_scler"
"1623","AC097662.1","Exc L5 ET",-0.0135054125861249,4.65830613942607,0.0527566971215415,0.818677058634129,0.999723251605349,1,"arteriol_scler"
"1624","MFF","Exc L5 ET",-0.0484814423877913,7.09026280378444,1.9044750168589,0.169829247111023,0.999723251605349,1,"arteriol_scler"
"1625","AGFG1","Exc L5 ET",-0.0346246999858386,6.92594482358108,1.64543831905955,0.20174986632221,0.999723251605349,1,"arteriol_scler"
"1626","DAW1","Exc L5 ET",-0.065174049494058,4.61023216395115,0.807552535425001,0.370423661556677,0.999723251605349,1,"arteriol_scler"
"1627","SPHKAP","Exc L5 ET",-0.0629128461758646,7.8924621556537,2.33104410107679,0.129125336641229,0.999723251605349,1,"arteriol_scler"
"1628","PID1","Exc L5 ET",-0.0220321257415868,7.84941996187211,0.338026318302317,0.561927345161882,0.999723251605349,1,"arteriol_scler"
"1629","DNER","Exc L5 ET",-0.0104968528072568,5.88388405604421,0.0663426399090398,0.797125289263573,0.999723251605349,1,"arteriol_scler"
"1630","TRIP12","Exc L5 ET",-0.0104397536446254,7.41296588179411,0.202781608482114,0.653197681519246,0.999723251605349,1,"arteriol_scler"
"1631","FBXO36","Exc L5 ET",-0.0149051657380659,4.90570652170243,0.0694274989584727,0.792568605280989,0.999723251605349,1,"arteriol_scler"
"1632","SLC16A14","Exc L5 ET",-0.0828316682038937,4.94968262505291,2.87442972724743,0.0922714932656089,0.999723251605349,1,"arteriol_scler"
"1633","SP110","Exc L5 ET",-0.0873311680303163,3.42952641020481,0.461703066255339,0.497977119393534,0.999723251605349,1,"arteriol_scler"
"1634","SP140","Exc L5 ET",-0.0134775752601557,4.06336596256179,0.0268849124703312,0.869999738620514,0.999723251605349,1,"arteriol_scler"
"1635","CAB39","Exc L5 ET",0.0112807278502606,7.10747342447342,0.186884248097485,0.666203191000902,0.999723251605349,1,"arteriol_scler"
"1636","ITM2C","Exc L5 ET",0.0483501692723134,6.26748948041361,0.320226402218453,0.572398587873412,0.999723251605349,1,"arteriol_scler"
"1637","C2orf72","Exc L5 ET",-0.00330022127892005,6.26949688819635,0.00456302458510019,0.946242347888499,0.999723251605349,1,"arteriol_scler"
"1638","PSMD1","Exc L5 ET",0.020667311860327,7.07814175609111,0.55356894078887,0.458139018432684,0.999723251605349,1,"arteriol_scler"
"1639","ARMC9","Exc L5 ET",-0.0246197268923805,7.6449946704818,0.635366441575454,0.426774827746064,0.999723251605349,1,"arteriol_scler"
"1640","NCL","Exc L5 ET",-0.0248591302657508,4.66765101978661,0.124872662205803,0.724352543093155,0.999723251605349,1,"arteriol_scler"
"1641","PTMA","Exc L5 ET",-0.0110387998089132,5.6973374036708,0.0239005457924445,0.87736606871449,0.999723251605349,1,"arteriol_scler"
"1642","PDE6D","Exc L5 ET",0.0144181486519171,4.77821089783435,0.0786183969016473,0.779602051093697,0.999723251605349,1,"arteriol_scler"
"1643","COPS7B","Exc L5 ET",0.0223935243773347,4.7255344902248,0.17771321222904,0.674007483478873,0.999723251605349,1,"arteriol_scler"
"1644","DIS3L2","Exc L5 ET",0.0142508522489868,7.06243253147865,0.229157688879594,0.632913246654896,0.999723251605349,1,"arteriol_scler"
"1645","EIF4E2","Exc L5 ET",-0.0518556514161754,4.95702517688542,1.27401642503807,0.260989868525128,0.999723251605349,1,"arteriol_scler"
"1646","GIGYF2","Exc L5 ET",-0.0150726817439094,7.05201475821259,0.270532821657994,0.603815192069894,0.999723251605349,1,"arteriol_scler"
"1647","SNORC","Exc L5 ET",0.0172650723610242,4.01137036453098,0.0757178170136368,0.916759657358794,0.999723251605349,1,"arteriol_scler"
"1648","NGEF","Exc L5 ET",-0.0334890697852855,7.33913214812762,1.18133550725362,0.278995465245573,0.999723251605349,1,"arteriol_scler"
"1649","INPP5D","Exc L5 ET",-0.022677833536155,3.71321416269304,0.0441842737519077,0.833823864747737,0.999723251605349,1,"arteriol_scler"
"1650","ATG16L1","Exc L5 ET",-0.0213662493703875,5.5886093939153,0.398983065718354,0.528668911524499,0.999723251605349,1,"arteriol_scler"
"1651","DGKD","Exc L5 ET",-0.0460600548883041,5.74437582552674,1.04209565717037,0.309136297113958,0.999723251605349,1,"arteriol_scler"
"1652","USP40","Exc L5 ET",0.0566487006753017,5.37226555354892,1.37845248368408,0.242404593488701,0.999723251605349,1,"arteriol_scler"
"1653","ARL4C","Exc L5 ET",0.0449317259960063,5.35998279062259,0.474466357333326,0.492106019790239,0.999723251605349,1,"arteriol_scler"
"1654","AGAP1","Exc L5 ET",-0.000515634909845611,8.57098851424089,0.000253376933327948,0.987323144391368,0.999723251605349,1,"arteriol_scler"
"1655","IQCA1","Exc L5 ET",-0.0657081693404958,6.52011760954832,2.86918047980605,0.0925662580712135,0.999723251605349,1,"arteriol_scler"
"1656","COPS8","Exc L5 ET",-0.0315442119463422,5.33685363463746,0.216335728701331,0.642585662762885,0.999723251605349,1,"arteriol_scler"
"1657","LRRFIP1","Exc L5 ET",-0.00620591690527442,8.47733148579012,0.0567587257210478,0.81205070974617,0.999723251605349,1,"arteriol_scler"
"1658","RAMP1","Exc L5 ET",-0.00984937951008637,6.17502430892918,0.0774387545505347,0.781218941563165,0.999723251605349,1,"arteriol_scler"
"1659","ILKAP","Exc L5 ET",0.00790708749631959,5.92746763772506,0.0428984600892758,0.836224538811007,0.999723251605349,1,"arteriol_scler"
"1660","HES6","Exc L5 ET",-0.010522607277243,4.30408729474939,0.0193642843043411,0.889531814404924,0.999723251605349,1,"arteriol_scler"
"1661","PER2","Exc L5 ET",-0.131391000468683,4.44634043798897,2.37711215240425,0.125434790832445,0.999723251605349,1,"arteriol_scler"
"1662","TRAF3IP1","Exc L5 ET",0.0241309778950751,6.05804262790747,0.438017568915533,0.653023596688622,0.999723251605349,1,"arteriol_scler"
"1663","ASB1","Exc L5 ET",0.0220580527525585,3.8721681258229,0.0799412858758814,0.777804313604568,0.999723251605349,1,"arteriol_scler"
"1664","HDAC4","Exc L5 ET",-0.0201758931988116,7.20915129519221,0.274373258996254,0.601260615063856,0.999723251605349,1,"arteriol_scler"
"1665","NDUFA10","Exc L5 ET",0.021033180467352,7.30128677450443,0.691596713860939,0.40707093141558,0.999723251605349,1,"arteriol_scler"
"1666","COPS9","Exc L5 ET",-0.0567429054987638,4.92763646289073,0.379944489717537,0.538657218403093,0.999723251605349,1,"arteriol_scler"
"1667","GPC1","Exc L5 ET",-0.0041924715632066,6.13756349521469,0.00964635828125351,0.921904625124314,0.999723251605349,1,"arteriol_scler"
"1668","ANKMY1","Exc L5 ET",-0.0789343267259473,5.11435073261608,2.71016254420713,0.102006102318266,0.999723251605349,1,"arteriol_scler"
"1669","RNPEPL1","Exc L5 ET",-0.0260074404904819,4.23591878556172,0.148923424620955,0.700165726685514,0.999723251605349,1,"arteriol_scler"
"1670","CAPN10","Exc L5 ET",0.0350281215949487,4.05513402196993,0.272676365622034,0.602386525232812,0.999723251605349,1,"arteriol_scler"
"1671","KIF1A","Exc L5 ET",0.026406328246782,7.1519168369886,0.425276080166389,0.515410171249014,0.999723251605349,1,"arteriol_scler"
"1672","SNED1","Exc L5 ET",0.120891142676184,5.1096876001909,4.30890736662875,0.0397854879744765,0.999723251605349,1,"arteriol_scler"
"1673","MTERF4","Exc L5 ET",-0.0381057037628149,5.560101450723,1.13495798994691,0.288596769682343,0.999723251605349,1,"arteriol_scler"
"1674","PASK","Exc L5 ET",-0.0657365021774621,4.25210845662926,1.12044606081443,0.291687727989922,0.999723251605349,1,"arteriol_scler"
"1675","PPP1R7","Exc L5 ET",-0.03176900558677,6.04760070241417,0.75634619270593,0.385997630614323,0.999723251605349,1,"arteriol_scler"
"1676","HDLBP","Exc L5 ET",-0.00896287255155769,6.23945639857248,0.0973292134977966,0.830557416775421,0.999723251605349,1,"arteriol_scler"
"1677","SEPT2","Exc L5 ET",-0.0398187365236379,6.60197769904084,1.28671975584578,0.258636924117673,0.999723251605349,1,"arteriol_scler"
"1678","FARP2","Exc L5 ET",0.0172286707336946,5.40347821289028,0.16660053085132,0.683788947917469,0.999723251605349,1,"arteriol_scler"
"1679","STK25","Exc L5 ET",0.00895755511051123,5.42658386510035,0.0487926166899001,0.825507000423544,0.999723251605349,1,"arteriol_scler"
"1680","THAP4","Exc L5 ET",-0.103128023539117,4.67650639991908,3.60002955956552,0.059885774889305,0.999723251605349,1,"arteriol_scler"
"1681","ATG4B","Exc L5 ET",-0.0539482926467417,6.18105059559458,2.55941251293424,0.111946071282901,0.999723251605349,1,"arteriol_scler"
"1682","ING5","Exc L5 ET",-0.0294242296665203,5.31345989818031,0.553721992660307,0.458077005494493,0.999723251605349,1,"arteriol_scler"
"1683","D2HGDH","Exc L5 ET",-0.00653429445164437,4.34411954756078,0.011132997790013,0.989511307273655,0.999723251605349,1,"arteriol_scler"
"1684","CHL1","Exc L5 ET",0.0267006452338036,9.24456189807516,1.31956699791788,0.252674169132778,0.999723251605349,1,"arteriol_scler"
"1685","LINC01266","Exc L5 ET",0.0886769182700054,3.50588036955717,0.377520894964432,0.539953452349201,0.999723251605349,1,"arteriol_scler"
"1686","CNTN6","Exc L5 ET",-0.00287302880971251,5.92541651764499,0.00158859489307346,0.968265091775871,0.999723251605349,1,"arteriol_scler"
"1687","CNTN4","Exc L5 ET",-0.0462905645632641,9.41158935322701,1.61394048541896,0.206094938819038,0.999723251605349,1,"arteriol_scler"
"1688","TRNT1","Exc L5 ET",-0.0466698350026605,4.8735537722163,0.524043258163406,0.470358019128635,0.999723251605349,1,"arteriol_scler"
"1689","CRBN","Exc L5 ET",0.0173495632046467,6.87959575275812,0.287874758340752,0.592457038139066,0.999723251605349,1,"arteriol_scler"
"1690","AC034195.1","Exc L5 ET",-0.0231622975313999,5.24951618424859,0.0734325335894829,0.786811461724375,0.999723251605349,1,"arteriol_scler"
"1691","SUMF1","Exc L5 ET",-8.54089313934114e-05,7.32292982883892,5.79532117084185e-06,0.998082723223888,0.999723251605349,1,"arteriol_scler"
"1692","LRRN1","Exc L5 ET",-0.122904977196574,5.29370994036805,5.59948405218783,0.0193680241333554,0.999723251605349,1,"arteriol_scler"
"1693","ITPR1","Exc L5 ET",0.037852980268785,8.76489287841818,2.57230059228112,0.111055544449091,0.999723251605349,1,"arteriol_scler"
"1694","AC018816.1","Exc L5 ET",-0.157295868821302,5.14625334174029,7.10578629423052,0.00860876487040567,0.999723251605349,1,"arteriol_scler"
"1695","BHLHE40-AS1","Exc L5 ET",-0.0386107712600596,5.03197006241418,0.315702676192785,0.575121024427376,0.999723251605349,1,"arteriol_scler"
"1696","BHLHE40","Exc L5 ET",-0.0661134856700685,6.20286438519877,1.34105560447692,0.248865461729305,0.999723251605349,1,"arteriol_scler"
"1697","ARL8B","Exc L5 ET",0.0476382681104234,6.29423229980728,1.68760580356124,0.196101906947881,0.999723251605349,1,"arteriol_scler"
"1698","AC026202.2","Exc L5 ET",-0.114482108106503,3.80971427753328,1.01711329886974,0.314985063826458,0.999723251605349,1,"arteriol_scler"
"1699","EDEM1","Exc L5 ET",0.00641184085410407,4.49128358194558,0.0123916700690957,0.911527422138492,0.999723251605349,1,"arteriol_scler"
"1700","AC026167.1","Exc L5 ET",-0.0707688904535549,3.90393395694605,0.440990755657048,0.507762244631195,0.999723251605349,1,"arteriol_scler"
"1701","GRM7-AS3","Exc L5 ET",-0.0819627681961988,3.7577593681034,0.818665073696561,0.367161304830788,0.999723251605349,1,"arteriol_scler"
"1702","GRM7","Exc L5 ET",-0.0179845127443021,9.86134354100184,0.420620860038646,0.517714500348038,0.999723251605349,1,"arteriol_scler"
"1703","LMCD1-AS1","Exc L5 ET",-0.116045516758826,6.84513967979092,5.07274773073317,0.0258974703611501,0.999723251605349,1,"arteriol_scler"
"1704","CAV3","Exc L5 ET",-0.131896191194169,3.73237263862681,1.35648326257271,0.246174704387067,0.999723251605349,1,"arteriol_scler"
"1705","RAD18","Exc L5 ET",-0.0547743709996812,6.1997641399382,1.42849238562963,0.234078295707724,0.999723251605349,1,"arteriol_scler"
"1706","SRGAP3","Exc L5 ET",-0.0245449811630699,7.66128798461014,0.602702702755967,0.438888742891193,0.999723251605349,1,"arteriol_scler"
"1707","THUMPD3-AS1","Exc L5 ET",-0.0501603712450447,6.30771551260174,1.36096029929237,0.245400582941649,0.999723251605349,1,"arteriol_scler"
"1708","THUMPD3","Exc L5 ET",-0.0307768711123103,4.16154350570439,0.233571215192821,0.629660913270874,0.999723251605349,1,"arteriol_scler"
"1709","SETD5","Exc L5 ET",0.00220978274981295,7.84884257924836,0.0110985965525852,0.941212205428023,0.999723251605349,1,"arteriol_scler"
"1710","LHFPL4","Exc L5 ET",-0.0174647611521662,6.43839894677753,0.228427220222787,0.633455240552521,0.999723251605349,1,"arteriol_scler"
"1711","MTMR14","Exc L5 ET",0.0685159748246187,4.63150401726243,1.63630978301477,0.202997826978764,0.999723251605349,1,"arteriol_scler"
"1712","CPNE9","Exc L5 ET",0.00243710925830239,4.15618450582718,0.000806099339547419,0.977390966791397,0.999723251605349,1,"arteriol_scler"
"1713","CAMK1","Exc L5 ET",0.0840766614117363,4.73499042789704,1.6958496744903,0.195019692165231,0.999723251605349,1,"arteriol_scler"
"1714","TADA3","Exc L5 ET",0.0420984303687186,4.36456562081419,0.498423265732731,0.481394200133998,0.999723251605349,1,"arteriol_scler"
"1715","RPUSD3","Exc L5 ET",-0.0201204294791433,4.2919393591332,0.0930968243365659,0.760740188354893,0.999723251605349,1,"arteriol_scler"
"1716","IL17RE","Exc L5 ET",0.0599462716233595,3.90510912390738,0.400335095811914,0.527972338832534,0.999723251605349,1,"arteriol_scler"
"1717","CRELD1","Exc L5 ET",-0.0655496337973942,6.12469667579955,2.177963858182,0.14229737442405,0.999723251605349,1,"arteriol_scler"
"1718","PRRT3","Exc L5 ET",-0.000891514413739707,4.75531631124593,0.000262271941552383,0.995638489228308,0.999723251605349,1,"arteriol_scler"
"1719","EMC3","Exc L5 ET",0.0056427307168291,5.41584133259307,0.0153926106829003,0.9014443511215,0.999723251605349,1,"arteriol_scler"
"1720","BRK1","Exc L5 ET",-0.0187760185640703,5.56007667775098,0.060002855937173,0.806858452252357,0.999723251605349,1,"arteriol_scler"
"1721","VHL","Exc L5 ET",0.00440727295740428,4.1776799897664,0.00527161320969024,0.942225788377552,0.999723251605349,1,"arteriol_scler"
"1722","SEC13","Exc L5 ET",-0.0037998389338635,4.90854449618017,0.00672222899485542,0.934775128543024,0.999723251605349,1,"arteriol_scler"
"1723","ATP2B2","Exc L5 ET",-0.0314581721205599,9.09530561259428,1.7859666793982,0.183636700997724,0.999723251605349,1,"arteriol_scler"
"1724","SLC6A1","Exc L5 ET",-0.0888138846255297,4.12611735605071,1.06403242491976,0.304117327530806,0.999723251605349,1,"arteriol_scler"
"1725","HRH1","Exc L5 ET",-0.00271873965826153,4.13953527566792,0.00051847376045347,0.981866899467162,0.999723251605349,1,"arteriol_scler"
"1726","ATG7","Exc L5 ET",-0.0243685843801587,7.93180784386523,0.500496400071183,0.480485451328915,0.999723251605349,1,"arteriol_scler"
"1727","VGLL4","Exc L5 ET",-0.0226313354701623,7.17613328688647,0.530768063255289,0.467529318406862,0.999723251605349,1,"arteriol_scler"
"1728","TAMM41","Exc L5 ET",-0.0707939989777492,5.99505753272305,2.02099153898961,0.157413357369859,0.999723251605349,1,"arteriol_scler"
"1729","SYN2","Exc L5 ET",0.0187453153817182,8.54907106892265,0.548870423629607,0.460049258351958,0.999723251605349,1,"arteriol_scler"
"1730","PPARG","Exc L5 ET",0.012944297711033,6.00364970880182,0.0550943875384303,0.81477548660101,0.999723251605349,1,"arteriol_scler"
"1731","TSEN2","Exc L5 ET",-0.0281608186494647,6.08111041361578,0.510341154381232,0.476208303733089,0.999723251605349,1,"arteriol_scler"
"1732","MKRN2","Exc L5 ET",-0.0267935186976728,4.39917352760725,0.2251983922969,0.731406501597309,0.999723251605349,1,"arteriol_scler"
"1733","RAF1","Exc L5 ET",0.0211259492506142,6.12805109652207,0.42177900964291,0.517139526961638,0.999723251605349,1,"arteriol_scler"
"1734","CAND2","Exc L5 ET",-0.14402576842167,5.29924448269045,10.9117231163946,0.00121962994320822,0.999723251605349,0.808737703294829,"arteriol_scler"
"1735","RPL32","Exc L5 ET",-0.0833535338726045,5.21872824271977,0.710973696508097,0.400592515383175,0.999723251605349,1,"arteriol_scler"
"1736","IQSEC1","Exc L5 ET",0.0084608902476988,8.30914769033584,0.0810855795141152,0.776262198423174,0.999723251605349,1,"arteriol_scler"
"1737","NUP210","Exc L5 ET",-0.00591106791079947,5.43767500792402,0.0150103008241223,0.90266973783666,0.999723251605349,1,"arteriol_scler"
"1738","HDAC11","Exc L5 ET",0.036702529597641,4.53716980283993,0.488698090727403,0.485695370430022,0.999723251605349,1,"arteriol_scler"
"1739","TMEM43","Exc L5 ET",0.0487410950447023,3.90082493267143,0.398051528499702,0.52914980675066,0.999723251605349,1,"arteriol_scler"
"1740","XPC","Exc L5 ET",-0.00478507955067196,5.05376739872592,0.0104125306965949,0.91887289434146,0.999723251605349,1,"arteriol_scler"
"1741","LSM3","Exc L5 ET",-0.00703385143502665,4.0377264537414,0.00527530928029917,0.942205574231213,0.999723251605349,1,"arteriol_scler"
"1742","SLC6A6","Exc L5 ET",-0.00580173095812214,5.16852565459791,0.0148101728716236,0.903317511415947,0.999723251605349,1,"arteriol_scler"
"1743","CCDC174","Exc L5 ET",0.0320214921414086,4.61076199855598,0.283348723295065,0.595378111906677,0.999723251605349,1,"arteriol_scler"
"1744","C3orf20","Exc L5 ET",0.0459347525835822,4.11319403070982,0.330787700857914,0.566140286148459,0.999723251605349,1,"arteriol_scler"
"1745","FGD5-AS1","Exc L5 ET",0.00119591246310488,4.87349267839531,0.000496124039234274,0.98226196762421,0.999723251605349,1,"arteriol_scler"
"1746","NR2C2","Exc L5 ET",0.0599598575967411,5.60613882988772,2.42836010156339,0.162401755292973,0.999723251605349,1,"arteriol_scler"
"1747","MRPS25","Exc L5 ET",-0.00715801232888527,5.85274647988531,0.0385291807452901,0.844675614971124,0.999723251605349,1,"arteriol_scler"
"1748","RBSN","Exc L5 ET",-0.0937155107863277,5.07751898623009,3.10324160721824,0.080370290492336,0.999723251605349,1,"arteriol_scler"
"1749","CAPN7","Exc L5 ET",-0.0270201485499603,6.14975118197592,0.624260235946799,0.430835866170434,0.999723251605349,1,"arteriol_scler"
"1750","SH3BP5","Exc L5 ET",0.0217599798424826,6.33633997798622,0.358429671291799,0.550369605281931,0.999723251605349,1,"arteriol_scler"
"1751","METTL6","Exc L5 ET",-0.0121145907510456,5.91385303691196,0.109420540695804,0.792467585765663,0.999723251605349,1,"arteriol_scler"
"1752","EAF1","Exc L5 ET",-0.0434154300108911,4.27003784751148,0.434118366722377,0.511082390248059,0.999723251605349,1,"arteriol_scler"
"1753","COLQ","Exc L5 ET",-0.0277564515749936,6.4733288716047,0.517061805660623,0.473324126156521,0.999723251605349,1,"arteriol_scler"
"1754","HACL1","Exc L5 ET",-0.00872566603054159,6.4373969548419,0.0709917901212114,0.790299318264204,0.999723251605349,1,"arteriol_scler"
"1755","ANKRD28","Exc L5 ET",-0.021314409679062,7.3153439913966,0.462900385180733,0.497421326660037,0.999723251605349,1,"arteriol_scler"
"1756","DPH3","Exc L5 ET",0.0573227118056514,4.00158282001557,0.631286503256536,0.428259896266679,0.999723251605349,1,"arteriol_scler"
"1757","OXNAD1","Exc L5 ET",0.0292286538348201,6.90833938299528,0.881636798626042,0.349408492267387,0.999723251605349,1,"arteriol_scler"
"1758","RFTN1","Exc L5 ET",0.0564115210834404,3.8621357138702,0.375700304183221,0.540930956116821,0.999723251605349,1,"arteriol_scler"
"1759","PLCL2","Exc L5 ET",-0.00363989224648065,7.64316408328577,0.018259253031019,0.892710219018534,0.999723251605349,1,"arteriol_scler"
"1760","TBC1D5","Exc L5 ET",0.0211574466520257,8.44296144872217,0.505119382449014,0.47846913102127,0.999723251605349,1,"arteriol_scler"
"1761","RAB5A","Exc L5 ET",-0.0583977553403112,5.48902673602374,2.15312538845217,0.144575068757351,0.999723251605349,1,"arteriol_scler"
"1762","KAT2B","Exc L5 ET",-0.0255910959285592,5.4177942156608,0.297469690759241,0.586361158088244,0.999723251605349,1,"arteriol_scler"
"1763","ZNF385D","Exc L5 ET",0.0500679871248751,4.65881328348325,0.220361339510306,0.639511999936296,0.999723251605349,1,"arteriol_scler"
"1764","UBE2E2","Exc L5 ET",0.0111713768588064,9.69387039368228,0.212877597574351,0.645253966971964,0.999723251605349,1,"arteriol_scler"
"1765","UBE2E1","Exc L5 ET",0.0414819821766542,6.31330909707193,1.57746713787669,0.211266492639985,0.999723251605349,1,"arteriol_scler"
"1766","NKIRAS1","Exc L5 ET",-0.0207249813393467,4.79211242189384,0.142069759136965,0.706815977941511,0.999723251605349,1,"arteriol_scler"
"1767","RPL15","Exc L5 ET",-0.0270599580418665,6.56279091505738,0.0918782018539996,0.762263270269121,0.999723251605349,1,"arteriol_scler"
"1768","NR1D2","Exc L5 ET",0.0135319252308962,6.33584998538971,0.152123514433941,0.697120800438993,0.999723251605349,1,"arteriol_scler"
"1769","THRB","Exc L5 ET",0.0386703100932811,9.59370672161072,1.77460749738666,0.185027684841906,0.999723251605349,1,"arteriol_scler"
"1770","RARB","Exc L5 ET",0.0407621454245481,4.58875878712521,0.257311463468362,0.612789940804203,0.999723251605349,1,"arteriol_scler"
"1771","TOP2B","Exc L5 ET",0.0186557348567416,6.24032203605222,0.322661491690539,0.570943626817495,0.999723251605349,1,"arteriol_scler"
"1772","NGLY1","Exc L5 ET",0.00437111202550111,6.00507809969797,0.0184159643153197,0.892253619331314,0.999723251605349,1,"arteriol_scler"
"1773","NEK10","Exc L5 ET",-0.00664962141269093,7.31604111019249,0.0395360625236295,0.842685611575699,0.999723251605349,1,"arteriol_scler"
"1774","SLC4A7","Exc L5 ET",0.110905592334678,5.56154775129791,6.95271085781259,0.00933714528449323,0.999723251605349,1,"arteriol_scler"
"1775","CMC1","Exc L5 ET",-0.0459190116160719,5.95836389944513,1.77850668659177,0.18454882479467,0.999723251605349,1,"arteriol_scler"
"1776","AZI2","Exc L5 ET",-0.070346341948983,5.37182802837318,2.6906149987733,0.103238029189454,0.999723251605349,1,"arteriol_scler"
"1777","STT3B","Exc L5 ET",-0.00939646570368887,6.24486193020675,0.0838266678116913,0.772615386571404,0.999723251605349,1,"arteriol_scler"
"1778","OSBPL10","Exc L5 ET",-0.0356809524234589,6.63156878248073,0.694219719840378,0.406185004569068,0.999723251605349,1,"arteriol_scler"
"1779","GPD1L","Exc L5 ET",0.0436915915960225,5.77590464255009,1.35188158931957,0.246973515485756,0.999723251605349,1,"arteriol_scler"
"1780","CMTM8","Exc L5 ET",0.0624408228194632,5.16940260672428,0.404294273807545,0.525941996009363,0.999723251605349,1,"arteriol_scler"
"1781","CMTM6","Exc L5 ET",-0.0160416624586443,4.19159189679025,0.0581271706009105,0.809841833790142,0.999723251605349,1,"arteriol_scler"
"1782","DYNC1LI1","Exc L5 ET",-0.0212702455701827,5.59634862997628,0.347676338058208,0.556403953436273,0.999723251605349,1,"arteriol_scler"
"1783","CNOT10","Exc L5 ET",-0.0550802933726048,5.81193018553296,1.82899909654293,0.178476928625431,0.999723251605349,1,"arteriol_scler"
"1784","GLB1","Exc L5 ET",-0.03759215316223,6.30796473176928,1.27474544261056,0.260854117184917,0.999723251605349,1,"arteriol_scler"
"1785","CRTAP","Exc L5 ET",0.0444128062895943,4.24627150360733,0.554316400749575,0.457836291995043,0.999723251605349,1,"arteriol_scler"
"1786","SUSD5","Exc L5 ET",-0.205394677988454,4.61104392104257,9.68131876852481,0.00226641385963331,0.999723251605349,0.894404325612638,"arteriol_scler"
"1787","FBXL2","Exc L5 ET",-0.0660843811005123,7.16284482679002,5.46392706926992,0.0208634741292669,0.999723251605349,1,"arteriol_scler"
"1788","UBP1","Exc L5 ET",0.033584739217711,6.14596031607539,1.32996352609059,0.250822516149159,0.999723251605349,1,"arteriol_scler"
"1789","CLASP2","Exc L5 ET",-0.00361399207966304,9.37850097871015,0.0296955908117708,0.863437402315863,0.999723251605349,1,"arteriol_scler"
"1790","PDCD6IP","Exc L5 ET",0.0302463897770618,6.60944259808627,1.40880359374795,0.237311965860306,0.999723251605349,1,"arteriol_scler"
"1791","LINC01811","Exc L5 ET",-0.0425786771984106,5.60472694472879,0.470196936107146,0.494056880464389,0.999723251605349,1,"arteriol_scler"
"1792","ARPP21","Exc L5 ET",-0.00700867944038108,9.56521499009511,0.0720891132432152,0.788723397933482,0.999723251605349,1,"arteriol_scler"
"1793","TRANK1","Exc L5 ET",0.0324379928264818,6.35065552560399,0.757978753763137,0.385486854485708,0.999723251605349,1,"arteriol_scler"
"1794","EPM2AIP1","Exc L5 ET",-0.0271608703038449,6.19206639320866,0.504673831706463,0.478662852359172,0.999723251605349,1,"arteriol_scler"
"1795","MLH1","Exc L5 ET",-0.0195532359166421,4.92456096071546,0.135029996652185,0.71384054655238,0.999723251605349,1,"arteriol_scler"
"1796","LRRFIP2","Exc L5 ET",0.00382866436631575,7.71779942704353,0.0163804597789314,0.89834785297472,0.999723251605349,1,"arteriol_scler"
"1797","GOLGA4","Exc L5 ET",-0.0243676508254655,7.82850593581076,1.04049378328901,0.309507023453043,0.999723251605349,1,"arteriol_scler"
"1798","ITGA9","Exc L5 ET",-0.0521570758578606,6.03660642440735,0.821888943285986,0.366222388332955,0.999723251605349,1,"arteriol_scler"
"1799","CTDSPL","Exc L5 ET",-0.000495748371262968,8.06072617229425,0.000279138361247997,0.986694356291306,0.999723251605349,1,"arteriol_scler"
"1800","ACAA1","Exc L5 ET",0.0140215868309372,5.50784799262958,0.100678905030527,0.75150014905417,0.999723251605349,1,"arteriol_scler"
"1801","OXSR1","Exc L5 ET",-0.0261100388361683,6.59171986627091,0.74088375455868,0.390883856045899,0.999723251605349,1,"arteriol_scler"
"1802","SLC22A14","Exc L5 ET",-0.0389658162592512,5.00130846406001,0.567941603670801,0.452373020840247,0.999723251605349,1,"arteriol_scler"
"1803","XYLB","Exc L5 ET",-0.00508682531710629,5.75533552387752,0.0165298801921725,0.89788783238899,0.999723251605349,1,"arteriol_scler"
"1804","ACVR2B","Exc L5 ET",-0.0193362780257031,4.30226776334533,0.133214794087003,0.715685438101477,0.999723251605349,1,"arteriol_scler"
"1805","EXOG","Exc L5 ET",-0.0251320457675259,5.41351442056463,0.333465026279941,0.564574949867156,0.999723251605349,1,"arteriol_scler"
"1806","WDR48","Exc L5 ET",0.0114886324798073,5.4995461106741,0.0911022277883585,0.795844415159938,0.999723251605349,1,"arteriol_scler"
"1807","TTC21A","Exc L5 ET",0.00523780232983579,5.09506295646826,0.0114785192817079,0.914836566207172,0.999723251605349,1,"arteriol_scler"
"1808","RPSA","Exc L5 ET",-0.0265932849068176,5.29922193155232,0.109862262200972,0.740808171323918,0.999723251605349,1,"arteriol_scler"
"1809","MYRIP","Exc L5 ET",0.0337679445682643,7.9959065035425,0.859302609794404,0.355566322699029,0.999723251605349,1,"arteriol_scler"
"1810","EIF1B","Exc L5 ET",-0.078235602289964,6.07538901368859,0.952698812741977,0.330755974200513,0.999723251605349,1,"arteriol_scler"
"1811","ENTPD3-AS1","Exc L5 ET",-0.130827688854933,3.98752345253667,2.8501943103497,0.0936410722729798,0.999723251605349,1,"arteriol_scler"
"1812","ENTPD3","Exc L5 ET",-0.0801674620764884,5.34969511933563,3.58323155520915,0.0604776803448714,0.999723251605349,1,"arteriol_scler"
"1813","RPL14","Exc L5 ET",-0.0859031118106264,5.75873439696744,1.20640838575451,0.273973804725242,0.999723251605349,1,"arteriol_scler"
"1814","ZNF621","Exc L5 ET",0.0897757849673459,3.97429852686614,1.4050609149443,0.23793282028754,0.999723251605349,1,"arteriol_scler"
"1815","CTNNB1","Exc L5 ET",0.020857452116333,5.68833217391997,0.323880066507223,0.771420815564372,0.999723251605349,1,"arteriol_scler"
"1816","ULK4","Exc L5 ET",0.0147490538768389,7.11302405176222,0.1769796163171,0.674641931136831,0.999723251605349,1,"arteriol_scler"
"1817","TRAK1","Exc L5 ET",0.00674407522121692,6.1276190962451,0.0324896424807378,0.857223934816543,0.999723251605349,1,"arteriol_scler"
"1818","CCK","Exc L5 ET",-0.0267424230164981,4.37485204158267,0.0522784760995733,0.8194863571307,0.999723251605349,1,"arteriol_scler"
"1819","VIPR1","Exc L5 ET",0.0419974257126483,5.2690305033785,0.912755477644136,0.443193105514787,0.999723251605349,1,"arteriol_scler"
"1820","SEC22C","Exc L5 ET",0.00695972891831348,4.84212677025057,0.0210922270522144,0.884741734185915,0.999723251605349,1,"arteriol_scler"
"1821","SS18L2","Exc L5 ET",0.106245211358233,4.62920941350428,3.68888320734668,0.0568567546579374,0.999723251605349,1,"arteriol_scler"
"1822","NKTR","Exc L5 ET",-0.0223918495328733,7.17414474028585,0.650509679685919,0.421330312495271,0.999723251605349,1,"arteriol_scler"
"1823","AC006059.1","Exc L5 ET",-0.00906539510648862,4.69789481334974,0.0210820796431999,0.884769266996324,0.999723251605349,1,"arteriol_scler"
"1824","POMGNT2","Exc L5 ET",0.00690984666394,4.94203870537773,0.0168005936606751,0.897059739254654,0.999723251605349,1,"arteriol_scler"
"1825","SNRK","Exc L5 ET",0.0118636936082202,5.91084849651965,0.123313270146371,0.726008577867761,0.999723251605349,1,"arteriol_scler"
"1826","ANO10","Exc L5 ET",-0.00231164226955139,7.03337219307433,0.00609815061354584,0.937870034026269,0.999723251605349,1,"arteriol_scler"
"1827","ABHD5","Exc L5 ET",0.0309548669444886,5.05393838110543,0.559779552354485,0.455633278378108,0.999723251605349,1,"arteriol_scler"
"1828","AC006058.1","Exc L5 ET",-0.018155446816014,5.62908281048994,0.180092374152258,0.67196043558735,0.999723251605349,1,"arteriol_scler"
"1829","TCAIM","Exc L5 ET",-0.00801050577971886,6.587843389402,0.051444290866117,0.820907438185332,0.999723251605349,1,"arteriol_scler"
"1830","ZNF445","Exc L5 ET",0.00187126717492685,5.47674553097069,0.00179987902161244,0.966221767413533,0.999723251605349,1,"arteriol_scler"
"1831","AC099669.1","Exc L5 ET",-0.087686249560602,5.35694474407624,3.5348954588385,0.0622162925798594,0.999723251605349,1,"arteriol_scler"
"1832","ZNF197","Exc L5 ET",-0.0326905755230639,4.96806539614755,0.499283230584518,0.48101689482639,0.999723251605349,1,"arteriol_scler"
"1833","ZNF35","Exc L5 ET",-0.0160067306694954,4.02936136422197,0.045754664159509,0.830940845462173,0.999723251605349,1,"arteriol_scler"
"1834","KIAA1143","Exc L5 ET",-0.0174916139067459,3.85376876815916,0.046314697642799,0.829925246366394,0.999723251605349,1,"arteriol_scler"
"1835","ZDHHC3","Exc L5 ET",-0.0308394810954956,5.59861811031875,0.62343372622514,0.431140430339971,0.999723251605349,1,"arteriol_scler"
"1836","EXOSC7","Exc L5 ET",0.0115053718030866,4.75367601659656,0.0423446412142123,0.837270102817739,0.999723251605349,1,"arteriol_scler"
"1837","LARS2","Exc L5 ET",-0.0293507146359049,5.76649325481238,0.656968013756112,0.419040065579042,0.999723251605349,1,"arteriol_scler"
"1838","SACM1L","Exc L5 ET",0.04407587162678,5.51384967237591,1.52031606559478,0.219686069041713,0.999723251605349,1,"arteriol_scler"
"1839","LZTFL1","Exc L5 ET",0.072974435764714,4.49541030258609,1.5262240470205,0.218797241828994,0.999723251605349,1,"arteriol_scler"
"1840","CCDC12","Exc L5 ET",-0.0211969840484094,5.10120247772695,0.195091204290296,0.659409934702932,0.999723251605349,1,"arteriol_scler"
"1841","SETD2","Exc L5 ET",-0.0345973678900889,7.33691957138112,1.72733459197342,0.190950842909195,0.999723251605349,1,"arteriol_scler"
"1842","KIF9-AS1","Exc L5 ET",-0.00764233303210247,7.34719576566773,0.0413982150542844,0.839073511453714,0.999723251605349,1,"arteriol_scler"
"1843","KIF9","Exc L5 ET",-0.0775704587518868,4.99707593838014,2.13694452409995,0.14608115978451,0.999723251605349,1,"arteriol_scler"
"1844","KLHL18","Exc L5 ET",0.0242538228250988,5.60395322163678,0.43750365829029,0.596804506619255,0.999723251605349,1,"arteriol_scler"
"1845","PTPN23","Exc L5 ET",0.0863523495476672,4.49275266454702,2.77519481056574,0.0980230677135686,0.999723251605349,1,"arteriol_scler"
"1846","SCAP","Exc L5 ET",0.00538885894544367,5.81231303216681,0.0282360183291989,0.866803287934179,0.999723251605349,1,"arteriol_scler"
"1847","ELP6","Exc L5 ET",-0.0310763692075284,4.5455979420259,0.278149793453886,0.598770692575813,0.999723251605349,1,"arteriol_scler"
"1848","CSPG5","Exc L5 ET",-0.0364805606296668,4.76293423953552,0.403862244370497,0.526162868457938,0.999723251605349,1,"arteriol_scler"
"1849","SMARCC1","Exc L5 ET",-0.0327105227623266,6.0244817443168,0.838892644736354,0.36132524497582,0.999723251605349,1,"arteriol_scler"
"1850","DHX30","Exc L5 ET",-0.00911996995402056,5.98406976826711,0.0716174334358735,0.889447386447986,0.999723251605349,1,"arteriol_scler"
"1851","MAP4","Exc L5 ET",0.0396366530310724,7.02453987285012,1.35110114833752,0.247109310181969,0.999723251605349,1,"arteriol_scler"
"1852","ZNF589","Exc L5 ET",-0.0651864878464857,5.68319861235455,2.67805745471828,0.104038109198148,0.999723251605349,1,"arteriol_scler"
"1853","TMA7","Exc L5 ET",-0.0105870597092339,5.45766173854924,0.0154147943323783,0.901373724600251,0.999723251605349,1,"arteriol_scler"
"1854","SHISA5","Exc L5 ET",0.0953850011282451,4.99746317164167,4.15027388744369,0.0435559939241325,0.999723251605349,1,"arteriol_scler"
"1855","COL7A1","Exc L5 ET",-0.0302596801466045,4.5209165882808,0.277368244732537,0.760451494585334,0.999723251605349,1,"arteriol_scler"
"1856","UQCRC1","Exc L5 ET",0.0145256286435543,5.8189881430422,0.0992736250207529,0.753183107934371,0.999723251605349,1,"arteriol_scler"
"1857","CELSR3","Exc L5 ET",0.0951863189522601,4.24786242203374,2.24464323988395,0.145186169095062,0.999723251605349,1,"arteriol_scler"
"1858","NCKIPSD","Exc L5 ET",0.0149347326772684,5.11203193329638,0.0729212753042597,0.787536846595945,0.999723251605349,1,"arteriol_scler"
"1859","IP6K2","Exc L5 ET",0.05976587038092,5.61793032986484,2.51945508238204,0.114757922218832,0.999723251605349,1,"arteriol_scler"
"1860","PRKAR2A","Exc L5 ET",0.00415798071193782,6.47764038612414,0.0177290060276801,0.894270150556909,0.999723251605349,1,"arteriol_scler"
"1861","ARIH2","Exc L5 ET",-0.0185005281875056,6.32679162629091,0.418118350370586,0.518960747435748,0.999723251605349,1,"arteriol_scler"
"1862","P4HTM","Exc L5 ET",0.0275026317970596,6.44514819189766,0.485305929374733,0.487210652823094,0.999723251605349,1,"arteriol_scler"
"1863","WDR6","Exc L5 ET",0.110863252640669,3.95053928977318,1.56362582715711,0.213269560136929,0.999723251605349,1,"arteriol_scler"
"1864","DALRD3","Exc L5 ET",-0.0859432194667021,3.97839204295331,1.166325432145,0.282057708741675,0.999723251605349,1,"arteriol_scler"
"1865","NDUFAF3","Exc L5 ET",0.0301870827670862,4.18841927589239,0.0774894712143152,0.781149154066687,0.999723251605349,1,"arteriol_scler"
"1866","QRICH1","Exc L5 ET",0.0631894441294688,5.85666567320015,2.58085322785807,0.110468932618047,0.999723251605349,1,"arteriol_scler"
"1867","C3orf62","Exc L5 ET",-0.0252682561972774,4.36312865922003,0.183403835102671,0.66913764865095,0.999723251605349,1,"arteriol_scler"
"1868","USP4","Exc L5 ET",-0.0280060763583256,5.92910325167985,0.649628062033895,0.421644407786975,0.999723251605349,1,"arteriol_scler"
"1869","RHOA","Exc L5 ET",0.0505710771475648,5.38591620542708,1.34404297252566,0.248341608025066,0.999723251605349,1,"arteriol_scler"
"1870","TCTA","Exc L5 ET",-0.0796635165493557,4.4762534073837,1.62675324329754,0.20431414198183,0.999723251605349,1,"arteriol_scler"
"1871","DAG1","Exc L5 ET",-0.0110060550956377,4.67584047432321,0.0488728282099299,0.825365968214535,0.999723251605349,1,"arteriol_scler"
"1872","BSN","Exc L5 ET",0.0206693430066196,6.306955528497,0.356838273589358,0.551254825610931,0.999723251605349,1,"arteriol_scler"
"1873","RNF123","Exc L5 ET",-0.0124891549210947,5.0237921775987,0.0671942550095506,0.87015660672071,0.999723251605349,1,"arteriol_scler"
"1874","IP6K1","Exc L5 ET",0.0717030462696767,6.0075976618841,4.23459507905142,0.0415066639555086,0.999723251605349,1,"arteriol_scler"
"1875","CAMKV","Exc L5 ET",0.0789959359275668,5.74075874002865,1.81000463673001,0.180733284563323,0.999723251605349,1,"arteriol_scler"
"1876","RBM6","Exc L5 ET",0.00382492910805512,8.15225265480868,0.018591188535369,0.891745416690553,0.999723251605349,1,"arteriol_scler"
"1877","RBM5","Exc L5 ET",0.0264111060887015,6.62951749888181,0.724331726434516,0.396213823026881,0.999723251605349,1,"arteriol_scler"
"1878","GNAI2","Exc L5 ET",0.000985207590907762,4.89607986388772,0.000355387855584233,0.98498684874997,0.999723251605349,1,"arteriol_scler"
"1879","TUSC2","Exc L5 ET",-0.0873849560586428,4.67353299986823,1.4378656592563,0.232557733886791,0.999723251605349,1,"arteriol_scler"
"1880","CACNA2D2","Exc L5 ET",-0.0132303884141732,5.47131486591225,0.114315538933452,0.735801716178054,0.999723251605349,1,"arteriol_scler"
"1881","C3orf18","Exc L5 ET",0.0600881138446903,4.29485252491784,0.967212866055528,0.327112267041466,0.999723251605349,1,"arteriol_scler"
"1882","DOCK3","Exc L5 ET",-0.000569830832807637,10.0432713849201,0.000536705807652476,0.981550886761099,0.999723251605349,1,"arteriol_scler"
"1883","MANF","Exc L5 ET",-0.130802347127098,4.08585791777652,2.4053884523733,0.12322828699175,0.999723251605349,1,"arteriol_scler"
"1884","DCAF1","Exc L5 ET",0.0218172488917807,4.85741656281866,0.239168422734513,0.728162089091994,0.999723251605349,1,"arteriol_scler"
"1885","RAD54L2","Exc L5 ET",0.050531075445707,5.66552296890528,1.17990541891203,0.279285392994087,0.999723251605349,1,"arteriol_scler"
"1886","TEX264","Exc L5 ET",0.0442284421175336,4.28355378198387,0.414643737318067,0.520699909953416,0.999723251605349,1,"arteriol_scler"
"1887","PCBP4","Exc L5 ET",-0.0208846255173059,4.72045936973619,0.144927146472998,0.704021528050463,0.999723251605349,1,"arteriol_scler"
"1888","RPL29","Exc L5 ET",-0.0318934907533078,5.50432338027674,0.134373082856896,0.714506570081603,0.999723251605349,1,"arteriol_scler"
"1889","ALAS1","Exc L5 ET",0.0226521472156952,4.1562957799461,0.0954042895411785,0.757885822656725,0.999723251605349,1,"arteriol_scler"
"1890","WDR82","Exc L5 ET",0.0324527525252766,5.68285189296674,0.456450505586292,0.50042787242263,0.999723251605349,1,"arteriol_scler"
"1891","DNAH1","Exc L5 ET",0.00606636379830165,5.12896637703607,0.012100239170705,0.91256970360349,0.999723251605349,1,"arteriol_scler"
"1892","BAP1","Exc L5 ET",0.0664233380304369,4.31858998893403,1.08189892272656,0.300107811888536,0.999723251605349,1,"arteriol_scler"
"1893","PHF7","Exc L5 ET",-0.054457066000741,4.57982771999872,0.952701756725741,0.477080383207118,0.999723251605349,1,"arteriol_scler"
"1894","NISCH","Exc L5 ET",0.0255693495059478,6.47606733699686,0.744581007936706,0.389707447029589,0.999723251605349,1,"arteriol_scler"
"1895","SMIM4","Exc L5 ET",-0.148555212241207,4.38323492160603,6.76650809963823,0.0103101687184161,0.999723251605349,1,"arteriol_scler"
"1896","PBRM1","Exc L5 ET",-0.0142561384191717,6.58606267863119,0.239095238498366,0.676410946260278,0.999723251605349,1,"arteriol_scler"
"1897","GNL3","Exc L5 ET",-0.103446038085113,4.12952050709309,1.86248389352067,0.174578715162416,0.999723251605349,1,"arteriol_scler"
"1898","GLT8D1","Exc L5 ET",-0.00129003352624245,4.19629704092291,0.000407007935525426,0.983933612276475,0.999723251605349,1,"arteriol_scler"
"1899","SPCS1","Exc L5 ET",-0.00332367399016544,5.48571815057937,0.00176125717536669,0.96658592314089,0.999723251605349,1,"arteriol_scler"
"1900","NEK4","Exc L5 ET",0.0162907061053774,5.59485865966327,0.216133207840101,0.811146185005862,0.999723251605349,1,"arteriol_scler"
"1901","SFMBT1","Exc L5 ET",-0.00319300328319675,4.59318111074951,0.0032602089010441,0.954550245552188,0.999723251605349,1,"arteriol_scler"
"1902","AC096887.1","Exc L5 ET",-0.114061993096339,3.96550408767813,1.61600028737589,0.205807411726385,0.999723251605349,1,"arteriol_scler"
"1903","TKT","Exc L5 ET",0.0768676525998387,5.25034309173354,1.28645630975692,0.258685451001091,0.999723251605349,1,"arteriol_scler"
"1904","DCP1A","Exc L5 ET",0.0215161898125937,6.27632375318238,0.437276363284882,0.861321146132903,0.999723251605349,1,"arteriol_scler"
"1905","CACNA1D","Exc L5 ET",-0.0137040861871471,8.52509659131518,0.19501313306572,0.659473746040453,0.999723251605349,1,"arteriol_scler"
"1906","CHDH","Exc L5 ET",-0.103292718434565,3.89205071153549,0.955003591378466,0.330173751142284,0.999723251605349,1,"arteriol_scler"
"1907","SELENOK","Exc L5 ET",0.0826078431235121,4.33263528444632,0.817717965745404,0.367437779204292,0.999723251605349,1,"arteriol_scler"
"1908","CACNA2D3","Exc L5 ET",0.0319466122838587,10.444664323394,1.19426248242696,0.276391984386925,0.999723251605349,1,"arteriol_scler"
"1909","CACNA2D3-AS1","Exc L5 ET",-0.153442864801594,4.14982714233083,2.63499222413955,0.106834516542293,0.999723251605349,1,"arteriol_scler"
"1910","LRTM1","Exc L5 ET",-0.126007746819344,5.12934727961091,2.45846055538418,0.119203303098441,0.999723251605349,1,"arteriol_scler"
"1911","ERC2","Exc L5 ET",0.0166643722793095,9.03047384887717,0.261604502336223,0.609844477694478,0.999723251605349,1,"arteriol_scler"
"1912","CCDC66","Exc L5 ET",-0.0383200137785467,6.6055050399279,1.71440855842227,0.192609068955388,0.999723251605349,1,"arteriol_scler"
"1913","FAM208A","Exc L5 ET",0.000910763986065854,5.8925577605362,0.000585988480708477,0.980722607252661,0.999723251605349,1,"arteriol_scler"
"1914","ARHGEF3","Exc L5 ET",0.0396532537662779,8.40512224818289,2.60285686535901,0.108975499699197,0.999723251605349,1,"arteriol_scler"
"1915","APPL1","Exc L5 ET",-0.0210112811927191,5.87307788761631,0.345311405676871,0.557747936863534,0.999723251605349,1,"arteriol_scler"
"1916","PDE12","Exc L5 ET",-0.0226315860840338,4.09319908045386,0.103689057735847,0.747938235141065,0.999723251605349,1,"arteriol_scler"
"1917","ARF4","Exc L5 ET",0.0241984081630079,5.0513926986119,0.280337521300738,0.597338170968081,0.999723251605349,1,"arteriol_scler"
"1918","DENND6A","Exc L5 ET",0.00213807350101477,6.48476656293851,0.00429270937815551,0.947856602060349,0.999723251605349,1,"arteriol_scler"
"1919","DENND6A-AS1","Exc L5 ET",-0.0841523978679213,4.18875789281876,0.863951081862111,0.354272450562718,0.999723251605349,1,"arteriol_scler"
"1920","SLMAP","Exc L5 ET",-0.00340513040190055,7.26503118363158,0.0166716066065862,0.897453448626972,0.999723251605349,1,"arteriol_scler"
"1921","FLNB","Exc L5 ET",-0.0128393570518169,5.71303499769225,0.0748988052434849,0.78474600142273,0.999723251605349,1,"arteriol_scler"
"1922","ABHD6","Exc L5 ET",0.0612448551387298,5.72918350756024,2.19045597930117,0.141167268946618,0.999723251605349,1,"arteriol_scler"
"1923","RPP14","Exc L5 ET",-0.00940856831035065,4.20699008826894,0.0235702980418544,0.883889931319168,0.999723251605349,1,"arteriol_scler"
"1924","PXK","Exc L5 ET",0.00634082145444194,5.62921308416945,0.023295363483853,0.878916360181724,0.999723251605349,1,"arteriol_scler"
"1925","PDHB","Exc L5 ET",-0.0306772869016891,4.32387110956937,0.15600844160256,0.693473470823299,0.999723251605349,1,"arteriol_scler"
"1926","KCTD6","Exc L5 ET",0.00880282445861383,4.070168591546,0.019313106755415,0.9070817281737,0.999723251605349,1,"arteriol_scler"
"1927","C3orf67-AS1","Exc L5 ET",-0.0711421808327429,3.51731443529868,0.32210751385957,0.571273987387027,0.999723251605349,1,"arteriol_scler"
"1928","FHIT","Exc L5 ET",0.0389971567960983,8.72138091305054,0.681308878587403,0.410573322662256,0.999723251605349,1,"arteriol_scler"
"1929","PTPRG","Exc L5 ET",0.0861310760304877,7.45181408055135,3.4030085692424,0.0672401924689606,0.999723251605349,1,"arteriol_scler"
"1930","C3orf14","Exc L5 ET",0.0353272842964441,5.69807831993934,0.444498832634005,0.506081805196519,0.999723251605349,1,"arteriol_scler"
"1931","FEZF2","Exc L5 ET",0.00251820992753709,6.073256737599,0.00286398478514483,0.957398679888572,0.999723251605349,1,"arteriol_scler"
"1932","CADPS","Exc L5 ET",0.0095863547871174,10.0631583957857,0.137207431764697,0.711645986079196,0.999723251605349,1,"arteriol_scler"
"1933","SYNPR","Exc L5 ET",0.149193681231186,4.3499335337994,1.50695734115428,0.221711918732404,0.999723251605349,1,"arteriol_scler"
"1934","THOC7","Exc L5 ET",0.00458346829380759,5.26219065111262,0.00940937553080823,0.922866812887548,0.999723251605349,1,"arteriol_scler"
"1935","ATXN7","Exc L5 ET",-0.00763419602380858,4.45371808316111,0.0160304739707802,0.899433773547339,0.999723251605349,1,"arteriol_scler"
"1936","PSMD6","Exc L5 ET",-0.067160235015609,4.22491363867445,1.00605887728907,0.317619572743638,0.999723251605349,1,"arteriol_scler"
"1937","PRICKLE2","Exc L5 ET",0.0340391629957517,7.86461004299004,1.0645195895264,0.304007079186621,0.999723251605349,1,"arteriol_scler"
"1938","MAGI1","Exc L5 ET",0.00600770893942167,9.92108605888717,0.0504514565854348,0.822614674232878,0.999723251605349,1,"arteriol_scler"
"1939","SLC25A26","Exc L5 ET",-0.00824853983105387,6.44336330517444,0.0549526393292167,0.815009546429646,0.999723251605349,1,"arteriol_scler"
"1940","LRIG1","Exc L5 ET",-0.0135709786746408,4.63331330034248,0.0480038156888278,0.826900441154599,0.999723251605349,1,"arteriol_scler"
"1941","SUCLG2","Exc L5 ET",-0.0631267603723553,4.17295214217581,0.667817685421082,0.415234295402441,0.999723251605349,1,"arteriol_scler"
"1942","SUCLG2-AS1","Exc L5 ET",-0.0351143222454667,5.95869201236584,0.346956918223495,0.556812143419605,0.999723251605349,1,"arteriol_scler"
"1943","FAM19A1","Exc L5 ET",0.0353909402599002,10.8106997189789,1.22616532926362,0.270097139311287,0.999723251605349,1,"arteriol_scler"
"1944","EOGT","Exc L5 ET",0.0472970596503253,4.1743492626724,0.509327433747973,0.476645835195212,0.999723251605349,1,"arteriol_scler"
"1945","TMF1","Exc L5 ET",-0.015900625317581,5.38124043920116,0.143025179549392,0.705878052944808,0.999723251605349,1,"arteriol_scler"
"1946","UBA3","Exc L5 ET",-0.0119155751542024,5.94176130651539,0.093247367229894,0.76055279212889,0.999723251605349,1,"arteriol_scler"
"1947","ARL6IP5","Exc L5 ET",0.0628076907225076,5.96303749440856,0.799093080034101,0.372934483939787,0.999723251605349,1,"arteriol_scler"
"1948","MITF","Exc L5 ET",0.0650809118556856,5.45508474869439,1.39160090491524,0.240182131473609,0.999723251605349,1,"arteriol_scler"
"1949","FOXP1","Exc L5 ET",0.0198536657452328,9.05431544156686,0.680030550286555,0.411011625214116,0.999723251605349,1,"arteriol_scler"
"1950","AC097634.3","Exc L5 ET",-0.0613817406683888,3.97451582521604,0.589033019648545,0.444115797044817,0.999723251605349,1,"arteriol_scler"
"1951","EIF4E3","Exc L5 ET",0.0459597038575086,6.04306817942528,1.85092103871318,0.178481074336811,0.999723251605349,1,"arteriol_scler"
"1952","RYBP","Exc L5 ET",-0.0328266363774595,5.21313711734867,0.42910752600445,0.513527071956048,0.999723251605349,1,"arteriol_scler"
"1953","SHQ1","Exc L5 ET",-0.0284568667679627,4.61087676577492,0.226838117197573,0.634638015981384,0.999723251605349,1,"arteriol_scler"
"1954","GXYLT2","Exc L5 ET",0.0257336495589632,4.08483908317273,0.113543212985107,0.736662095609956,0.999723251605349,1,"arteriol_scler"
"1955","PPP4R2","Exc L5 ET",0.0707843885600649,6.11248571920539,4.18228293926175,0.0427656530972387,0.999723251605349,1,"arteriol_scler"
"1956","PDZRN3","Exc L5 ET",0.03631512399343,4.58742686272242,0.0947697592098122,0.758666941845117,0.999723251605349,1,"arteriol_scler"
"1957","CNTN3","Exc L5 ET",0.0158474552415492,8.81481165879985,0.263889786122141,0.608288970141732,0.999723251605349,1,"arteriol_scler"
"1958","LINC02018","Exc L5 ET",-0.106853260124476,4.36070574785176,2.15635007849698,0.144277035291292,0.999723251605349,1,"arteriol_scler"
"1959","ZNF717","Exc L5 ET",0.0210538581180607,5.36243243870225,0.217885172818527,0.641398525457698,0.999723251605349,1,"arteriol_scler"
"1960","ROBO2","Exc L5 ET",0.0268725182659659,13.0497737724837,0.694275873419829,0.40616606959227,0.999723251605349,1,"arteriol_scler"
"1961","ROBO1","Exc L5 ET",-0.0518553332698846,9.03719949731112,0.57047529819313,0.451368432177141,0.999723251605349,1,"arteriol_scler"
"1962","GBE1","Exc L5 ET",-0.0142721845440682,5.03998211334609,0.0595741235244025,0.807535968622914,0.999723251605349,1,"arteriol_scler"
"1963","LINC02008","Exc L5 ET",0.313829943057768,3.98770174286286,3.11018761169839,0.0800362827983318,0.999723251605349,1,"arteriol_scler"
"1964","CADM2","Exc L5 ET",0.0147410716390613,11.6016115900137,0.231132087967589,0.631453580241021,0.999723251605349,1,"arteriol_scler"
"1965","AC107204.1","Exc L5 ET",0.000110158040508841,4.96218272500847,5.0860773993402e-08,0.999820386920723,0.999820386920723,1,"arteriol_scler"
"1966","CHMP2B","Exc L5 ET",0.0823441544201709,4.36601714702,1.68873246758091,0.195953586209712,0.999723251605349,1,"arteriol_scler"
"1967","CGGBP1","Exc L5 ET",0.00277879322782269,5.35125513055645,0.00227168045122306,0.962055005466754,0.999723251605349,1,"arteriol_scler"
"1968","ZNF654","Exc L5 ET",-0.0370504501868685,5.96212348219309,1.20574171650314,0.274105838683337,0.999723251605349,1,"arteriol_scler"
"1969","C3orf38","Exc L5 ET",-0.0144117757231051,5.19125464271325,0.120934536162183,0.88779144388048,0.999723251605349,1,"arteriol_scler"
"1970","CSNKA2IP","Exc L5 ET",-0.113984128790335,4.57150805102799,1.4479076692627,0.230942012578123,0.999723251605349,1,"arteriol_scler"
"1971","PROS1","Exc L5 ET",-0.095482798922682,6.1020496026952,2.52857224808505,0.114109476675314,0.999723251605349,1,"arteriol_scler"
"1972","ARL13B","Exc L5 ET",-0.029963461345928,6.48909145164829,0.852798167907012,0.3573877589558,0.999723251605349,1,"arteriol_scler"
"1973","NSUN3","Exc L5 ET",-0.033154617010125,5.10982793597442,0.370972020600856,0.543484965821816,0.999723251605349,1,"arteriol_scler"
"1974","MTRNR2L12","Exc L5 ET",-0.0437207463896369,5.60600828744896,0.164822725459061,0.685388878199765,0.999723251605349,1,"arteriol_scler"
"1975","EPHA6","Exc L5 ET",0.0251748531588695,10.0843048388093,0.549059043878703,0.459972328418107,0.999723251605349,1,"arteriol_scler"
"1976","AC110491.1","Exc L5 ET",-0.0182009745135339,4.34938561952297,0.0722489661630043,0.788494901212014,0.999723251605349,1,"arteriol_scler"
"1977","ARL6","Exc L5 ET",-0.0114642194665063,6.6106868664782,0.131396982490796,0.717547322464348,0.999723251605349,1,"arteriol_scler"
"1978","CRYBG3","Exc L5 ET",0.0248530523367235,6.6213326144114,0.191650874107155,0.662236498311518,0.999723251605349,1,"arteriol_scler"
"1979","RIOX2","Exc L5 ET",0.0286838722786093,4.75247156886884,0.356370143193627,0.560615972633912,0.999723251605349,1,"arteriol_scler"
"1980","CLDND1","Exc L5 ET",-0.00414004506863333,4.98870257041918,0.00679269596271843,0.934434929038652,0.999723251605349,1,"arteriol_scler"
"1981","CPOX","Exc L5 ET",-0.0109920309652692,5.66811289423415,0.0470512398013656,0.828599290962413,0.999723251605349,1,"arteriol_scler"
"1982","ST3GAL6","Exc L5 ET",-0.00311526570352618,5.99826221559319,0.00434961406147676,0.947512631381614,0.999723251605349,1,"arteriol_scler"
"1983","DCBLD2","Exc L5 ET",-0.0520893283707261,5.1840229430532,1.05605718550085,0.305929606612163,0.999723251605349,1,"arteriol_scler"
"1984","CMSS1","Exc L5 ET",-0.0566100366946207,6.87190619410032,1.86744438687912,0.174009692018512,0.999723251605349,1,"arteriol_scler"
"1985","FILIP1L","Exc L5 ET",-0.0631753137894485,5.86768533828812,1.0951910487364,0.297169269123077,0.999723251605349,1,"arteriol_scler"
"1986","TBC1D23","Exc L5 ET",-0.0368444917154892,5.68392059377848,1.03684148538605,0.310354466318886,0.999723251605349,1,"arteriol_scler"
"1987","NIT2","Exc L5 ET",0.0878137776170437,4.04324880953098,1.45338786541722,0.230066029044205,0.999723251605349,1,"arteriol_scler"
"1988","TOMM70","Exc L5 ET",0.0289233583924283,5.58590865055731,0.620766266322364,0.432125616779367,0.999723251605349,1,"arteriol_scler"
"1989","TFG","Exc L5 ET",0.0465606166416528,5.85333417924232,1.69547444655797,0.195068796743243,0.999723251605349,1,"arteriol_scler"
"1990","SENP7","Exc L5 ET",-0.00874991275097063,5.91236882846762,0.0599934183127447,0.806873338646412,0.999723251605349,1,"arteriol_scler"
"1991","TRMT10C","Exc L5 ET",-0.00319022930181489,4.59650556410634,0.00158507863144094,0.968300214202363,0.999723251605349,1,"arteriol_scler"
"1992","PCNP","Exc L5 ET",0.00656437977247046,5.99934893169158,0.0357841678678681,0.850242241754009,0.999723251605349,1,"arteriol_scler"
"1993","ZBTB11","Exc L5 ET",0.00668778621210139,5.33710122683802,0.0320358833831796,0.858213712482865,0.999723251605349,1,"arteriol_scler"
"1994","RPL24","Exc L5 ET",-0.00247410320117708,4.37691193700857,0.000849559002571972,0.976789670069017,0.999723251605349,1,"arteriol_scler"
"1995","CEP97","Exc L5 ET",0.0632046297693486,5.28603993946921,2.55240416694652,0.112433658996593,0.999723251605349,1,"arteriol_scler"
"1996","NXPE3","Exc L5 ET",0.00962086361241154,6.00379049924498,0.067795133659626,0.794966003157795,0.999723251605349,1,"arteriol_scler"
"1997","NFKBIZ","Exc L5 ET",-0.0703929291240015,5.411523756962,2.96142019698694,0.0875336526421928,0.999723251605349,1,"arteriol_scler"
"1998","ALCAM","Exc L5 ET",0.119153650639474,6.45020135658417,2.67812280830333,0.104033927598661,0.999723251605349,1,"arteriol_scler"
"1999","CBLB","Exc L5 ET",0.0288596818331882,5.8087482264894,0.438180203200973,0.509115528580366,0.999723251605349,1,"arteriol_scler"
"2000","LINC00882","Exc L5 ET",0.00201998670201333,8.32050396346094,0.00575298666327688,0.939650472819672,0.999723251605349,1,"arteriol_scler"
"2001","DUBR","Exc L5 ET",-0.0256116995217277,6.65490683405323,0.357057501689237,0.551132720121615,0.999723251605349,1,"arteriol_scler"
"2002","AC063944.1","Exc L5 ET",-0.0471980974794848,4.47143298806868,0.30791202340123,0.579870353764353,0.999723251605349,1,"arteriol_scler"
"2003","BBX","Exc L5 ET",0.00903197109581353,6.79980660658521,0.0750421773614773,0.78454521149503,0.999723251605349,1,"arteriol_scler"
"2004","CD47","Exc L5 ET",-0.0141556661104126,7.41680607292828,0.338539814164468,0.561630786563228,0.999723251605349,1,"arteriol_scler"
"2005","IFT57","Exc L5 ET",0.02270686401309,5.35860912388991,0.236050383818721,0.627850623412769,0.999723251605349,1,"arteriol_scler"
"2006","DZIP3","Exc L5 ET",-0.0147806408519271,6.8546220828355,0.272078195626117,0.60278448272909,0.999723251605349,1,"arteriol_scler"
"2007","NECTIN3-AS1","Exc L5 ET",-0.0107570525051375,3.90963799284665,0.0117478284628321,0.913847194601272,0.999723251605349,1,"arteriol_scler"
"2008","NECTIN3","Exc L5 ET",0.0247597353324913,6.1625739947967,0.294430904170733,0.58827781531405,0.999723251605349,1,"arteriol_scler"
"2009","ABHD10","Exc L5 ET",-0.0812730025543137,4.39379265852227,1.87649958436868,0.172976509362405,0.999723251605349,1,"arteriol_scler"
"2010","TAGLN3","Exc L5 ET",0.0202263477951559,6.82225322880213,0.0839079296096726,0.77250826731413,0.999723251605349,1,"arteriol_scler"
"2011","CD200","Exc L5 ET",-0.0129153945405654,5.72272127449392,0.107538653452907,0.743465243725202,0.999723251605349,1,"arteriol_scler"
"2012","ATG3","Exc L5 ET",-0.0213645166676096,4.33512269041931,0.121271669384647,0.72819459687253,0.999723251605349,1,"arteriol_scler"
"2013","SLC35A5","Exc L5 ET",0.0241652330755837,4.49965441575527,0.151329107708347,0.697873219834969,0.999723251605349,1,"arteriol_scler"
"2014","GTPBP8","Exc L5 ET",0.0691047486405905,4.23504003142709,1.58365347597499,0.210378510924834,0.999723251605349,1,"arteriol_scler"
"2015","NEPRO","Exc L5 ET",-0.0840479522993982,5.14289245744704,3.28973287962222,0.0719058697361331,0.999723251605349,1,"arteriol_scler"
"2016","AC078785.1","Exc L5 ET",-0.0226339260780942,5.10903010027215,0.153162749018449,0.69613990561016,0.999723251605349,1,"arteriol_scler"
"2017","BOC","Exc L5 ET",-0.0743055067727718,4.60942056034153,1.29393493156917,0.257312283398574,0.999723251605349,1,"arteriol_scler"
"2018","CFAP44","Exc L5 ET",-0.0472214167573679,5.65993255248916,1.15255755021402,0.284904281484767,0.999723251605349,1,"arteriol_scler"
"2019","SPICE1","Exc L5 ET",-0.0245398904417001,4.84253954651439,0.237476280173822,0.62681475576128,0.999723251605349,1,"arteriol_scler"
"2020","SIDT1","Exc L5 ET",-0.0134522546000711,7.3233145998167,0.183703348700093,0.668883826777448,0.999723251605349,1,"arteriol_scler"
"2021","SIDT1-AS1","Exc L5 ET",-0.184350439822867,3.55465547741054,2.37792372342477,0.125370846352124,0.999723251605349,1,"arteriol_scler"
"2022","USF3","Exc L5 ET",-0.0031465832663306,5.405350601665,0.00684996726651045,0.934159742040476,0.999723251605349,1,"arteriol_scler"
"2023","NAA50","Exc L5 ET",0.00948167114448519,5.86933354095789,0.0753420724919271,0.960729947432491,0.999723251605349,1,"arteriol_scler"
"2024","ATP6V1A","Exc L5 ET",0.032500871617645,7.46184698372162,1.32506824597842,0.251692279141805,0.999723251605349,1,"arteriol_scler"
"2025","GRAMD1C","Exc L5 ET",0.0113802041259122,5.20319920511851,0.0413993582280243,0.839071320259121,0.999723251605349,1,"arteriol_scler"
"2026","ZDHHC23","Exc L5 ET",-0.0298149049667209,5.27538918095118,0.262449390059171,0.609268397190554,0.999723251605349,1,"arteriol_scler"
"2027","CCDC191","Exc L5 ET",-0.0801249279161491,5.13974423879672,3.01866116635872,0.0845617551206224,0.999723251605349,1,"arteriol_scler"
"2028","QTRT2","Exc L5 ET",-0.0416539206778075,4.75286247108883,0.406002678412507,0.525070206830579,0.999723251605349,1,"arteriol_scler"
"2029","ZBTB20","Exc L5 ET",0.00878524646926983,6.28343482503634,0.0347634854301933,0.852368313278863,0.999723251605349,1,"arteriol_scler"
"2030","GAP43","Exc L5 ET",-0.00452832139863619,7.94326856818956,0.0122578302041929,0.91200453244698,0.999723251605349,1,"arteriol_scler"
"2031","LSAMP","Exc L5 ET",0.053921755052253,11.8514804666843,2.08016488608318,0.151509402946944,0.999723251605349,1,"arteriol_scler"
"2032","LSAMP-AS1","Exc L5 ET",-0.104070199909723,5.14391083393598,0.528019038222727,0.468682328884901,0.999723251605349,1,"arteriol_scler"
"2033","LINC00903","Exc L5 ET",-0.151365787042164,4.25240238217763,1.6361238612634,0.203023339450829,0.999723251605349,1,"arteriol_scler"
"2034","AC092691.1","Exc L5 ET",0.0845963688912566,10.2035607857762,3.88292767593059,0.0507982483568072,0.999723251605349,1,"arteriol_scler"
"2035","AC068633.1","Exc L5 ET",-0.217112182615379,3.60946961970057,3.016000431031,0.0846974255702632,0.999723251605349,1,"arteriol_scler"
"2036","IGSF11","Exc L5 ET",-0.0583823926105223,6.23469984368073,1.39827269463294,0.239063964457194,0.999723251605349,1,"arteriol_scler"
"2037","B4GALT4","Exc L5 ET",-0.0565544077038191,4.3266815997318,1.15347773022715,0.284712889610939,0.999723251605349,1,"arteriol_scler"
"2038","TMEM39A","Exc L5 ET",0.0571823759721574,4.07474565700793,0.771012728567714,0.401499009489613,0.999723251605349,1,"arteriol_scler"
"2039","POGLUT1","Exc L5 ET",0.0036945226326451,5.4717812879001,0.00815485093461009,0.98749971443673,0.999723251605349,1,"arteriol_scler"
"2040","TIMMDC1","Exc L5 ET",-0.0219176891120567,4.89974518964756,0.214824834178388,0.850008850190094,0.999723251605349,1,"arteriol_scler"
"2041","MAATS1","Exc L5 ET",0.069643565923963,4.70033429267058,1.18051072648863,0.279162629770191,0.999723251605349,1,"arteriol_scler"
"2042","GSK3B","Exc L5 ET",0.00148034168865167,7.6246185673877,0.0035202010846132,0.952774820698481,0.999723251605349,1,"arteriol_scler"
"2043","LRRC58","Exc L5 ET",0.00251928570112892,5.1096089811048,0.0038313099554897,0.950734731791524,0.999723251605349,1,"arteriol_scler"
"2044","NDUFB4","Exc L5 ET",-0.0399740339352553,5.05680470440951,0.322475394857513,0.571054562371949,0.999723251605349,1,"arteriol_scler"
"2045","RABL3","Exc L5 ET",-0.0657559671009861,4.04941311096611,0.974441257688018,0.325317594198023,0.999723251605349,1,"arteriol_scler"
"2046","STXBP5L","Exc L5 ET",-0.00921679789659949,10.9825627410099,0.102648925865135,0.749162495167415,0.999723251605349,1,"arteriol_scler"
"2047","GOLGB1","Exc L5 ET",0.0417486699110358,6.59546492621274,1.7393341901704,0.189426489024301,0.999723251605349,1,"arteriol_scler"
"2048","IQCB1","Exc L5 ET",-0.02125435214246,6.07367259645795,0.351039232675515,0.554503413667242,0.999723251605349,1,"arteriol_scler"
"2049","EAF2","Exc L5 ET",-0.0551330703709139,4.35855371737926,0.880687410956335,0.349667259776032,0.999723251605349,1,"arteriol_scler"
"2050","SLC15A2","Exc L5 ET",-0.0259482574976586,4.38197571840857,0.149830997790018,0.699298364667327,0.999723251605349,1,"arteriol_scler"
"2051","CCDC58","Exc L5 ET",0.00680773901912867,3.94630662733334,0.0108172439222783,0.98942687899913,0.999723251605349,1,"arteriol_scler"
"2052","FAM162A","Exc L5 ET",0.00998848645813614,6.04869678367603,0.0771341896545625,0.781638550154124,0.999723251605349,1,"arteriol_scler"
"2053","KPNA1","Exc L5 ET",0.0117733809072261,6.4587235603601,0.142773103141034,0.706125164625772,0.999723251605349,1,"arteriol_scler"
"2054","HSPBAP1","Exc L5 ET",-0.102767939862347,4.52125705538597,3.32275932680666,0.0705103688275016,0.999723251605349,1,"arteriol_scler"
"2055","DIRC2","Exc L5 ET",0.0387752158261424,5.08578573771637,0.67309007195283,0.413403467852767,0.999723251605349,1,"arteriol_scler"
"2056","PDIA5","Exc L5 ET",-0.0149253004523544,3.95881350750535,0.0460014412181534,0.830492527894165,0.999723251605349,1,"arteriol_scler"
"2057","SEC22A","Exc L5 ET",0.00812877350117223,5.68678732921785,0.0331239923753928,0.855852126683602,0.999723251605349,1,"arteriol_scler"
"2058","ADCY5","Exc L5 ET",0.0406855191797355,6.19010029050554,1.4927326885094,0.266235591054252,0.999723251605349,1,"arteriol_scler"
"2059","HACD2","Exc L5 ET",0.0332949968154547,5.95665335007699,0.864317528250378,0.360163983140112,0.999723251605349,1,"arteriol_scler"
"2060","MYLK-AS1","Exc L5 ET",0.062836834202588,4.23412524289168,0.986935321839711,0.322246352780894,0.999723251605349,1,"arteriol_scler"
"2061","MYLK","Exc L5 ET",-0.149468841236341,3.61948353689877,1.7662820505681,0.186055016942014,0.999723251605349,1,"arteriol_scler"
"2062","CCDC14","Exc L5 ET",-0.00651872864209171,6.58644960938535,0.0372156225744511,0.847312785847091,0.999723251605349,1,"arteriol_scler"
"2063","KALRN","Exc L5 ET",0.009676777951706,10.6257983211012,0.118557374794845,0.731133106899672,0.999723251605349,1,"arteriol_scler"
"2064","UMPS","Exc L5 ET",0.0344810602150714,4.17003237936549,0.383282939782767,0.536881006069092,0.999723251605349,1,"arteriol_scler"
"2065","SLC12A8","Exc L5 ET",0.0143632164120277,5.53206814531852,0.0802242994395587,0.77742180380153,0.999723251605349,1,"arteriol_scler"
"2066","ZNF148","Exc L5 ET",-0.0281769944652622,7.30552996862805,1.34927922249273,0.247426679167852,0.999723251605349,1,"arteriol_scler"
"2067","SNX4","Exc L5 ET",-0.0137466319261942,5.95033567489081,0.18632806586266,0.996271871479171,0.999723251605349,1,"arteriol_scler"
"2068","OSBPL11","Exc L5 ET",0.00987658256064548,4.55308710197379,0.0356119428720451,0.878247986718764,0.999723251605349,1,"arteriol_scler"
"2069","AC092902.3","Exc L5 ET",0.0234929811057908,4.94683577089171,0.139989954132661,0.708870234236316,0.999723251605349,1,"arteriol_scler"
"2070","SLC41A3","Exc L5 ET",-0.0108276888497183,5.00909699055165,0.04857705858205,0.825886609950594,0.999723251605349,1,"arteriol_scler"
"2071","ZXDC","Exc L5 ET",0.0136416595339205,6.27448696620661,0.151043937696399,0.69814387256653,0.999723251605349,1,"arteriol_scler"
"2072","TXNRD3NB","Exc L5 ET",0.0295551326809659,4.67570221833571,0.240038944443816,0.624962706911857,0.999723251605349,1,"arteriol_scler"
"2073","TXNRD3","Exc L5 ET",-0.0588144549305048,4.10000885127843,0.736039712763433,0.392432917742352,0.999723251605349,1,"arteriol_scler"
"2074","CHCHD6","Exc L5 ET",-0.0111036400692528,6.71060265472127,0.112063355153495,0.738319827666515,0.999723251605349,1,"arteriol_scler"
"2075","PLXNA1","Exc L5 ET",0.0164976519596933,5.24800705584611,0.137067642753639,0.846732410483798,0.999723251605349,1,"arteriol_scler"
"2076","TPRA1","Exc L5 ET",0.0494991258973284,4.20161592572116,0.665990162500967,0.440643316219363,0.999723251605349,1,"arteriol_scler"
"2077","PODXL2","Exc L5 ET",0.0307693663684798,5.75200834681291,0.42696636816244,0.514577931662756,0.999723251605349,1,"arteriol_scler"
"2078","ABTB1","Exc L5 ET",0.0189541373421176,5.74584968734832,0.231442680009511,0.631224660594061,0.999723251605349,1,"arteriol_scler"
"2079","MGLL","Exc L5 ET",-0.0910374651104352,4.97244943471001,1.85826500516677,0.175064370873074,0.999723251605349,1,"arteriol_scler"
"2080","KBTBD12","Exc L5 ET",-0.0279198275730297,5.21766682771916,0.181899054027709,0.670416599283691,0.999723251605349,1,"arteriol_scler"
"2081","SEC61A1","Exc L5 ET",-0.00153177186576957,4.66787981885764,0.00105923236469206,0.974084184692653,0.999723251605349,1,"arteriol_scler"
"2082","RUVBL1","Exc L5 ET",-0.0542615940875365,4.77203769217431,0.955374030960915,0.330080300440804,0.999723251605349,1,"arteriol_scler"
"2083","EEFSEC","Exc L5 ET",-0.0111116775544485,5.36182570084963,0.0560531736396631,0.813200582887416,0.999723251605349,1,"arteriol_scler"
"2084","RPN1","Exc L5 ET",0.0162515143605868,4.84562054118412,0.0600747082971666,0.806745156941082,0.999723251605349,1,"arteriol_scler"
"2085","RAB7A","Exc L5 ET",0.0153273665809772,6.6946824295039,0.394240566023604,0.531125409319266,0.999723251605349,1,"arteriol_scler"
"2086","ACAD9","Exc L5 ET",0.0946225660770673,4.96404544606658,4.38636617607379,0.0380718346699133,0.999723251605349,1,"arteriol_scler"
"2087","KIAA1257","Exc L5 ET",-0.120479754659344,4.45084207042608,3.48246202769936,0.0641633662237937,0.999723251605349,1,"arteriol_scler"
"2088","CNBP","Exc L5 ET",0.0261392102268893,5.2536690802205,0.264859618058593,0.607631416494699,0.999723251605349,1,"arteriol_scler"
"2089","COPG1","Exc L5 ET",0.024342865286341,5.01616462707231,0.214412408710995,0.644066474673628,0.999723251605349,1,"arteriol_scler"
"2090","HMCES","Exc L5 ET",-0.0262478017944536,4.74436058179472,0.245583201246885,0.717369953537812,0.999723251605349,1,"arteriol_scler"
"2091","H1FX","Exc L5 ET",0.120945442167285,4.74846407610482,2.85445227238034,0.0933988397719628,0.999723251605349,1,"arteriol_scler"
"2092","MBD4","Exc L5 ET",-0.038656650566209,4.64217150146216,0.398792280407714,0.528767338150019,0.999723251605349,1,"arteriol_scler"
"2093","IFT122","Exc L5 ET",-0.05580088754789,4.97117026407032,1.34061772069243,0.248942362047969,0.999723251605349,1,"arteriol_scler"
"2094","TMCC1","Exc L5 ET",0.00679416194083573,7.91105587238865,0.0583374353653256,0.809504882993863,0.999723251605349,1,"arteriol_scler"
"2095","PIK3R4","Exc L5 ET",0.0190646949512348,5.163985016034,0.183933294093225,0.943574918551831,0.999723251605349,1,"arteriol_scler"
"2096","ATP2C1","Exc L5 ET",-0.0216289283689605,6.99581684676234,0.397238960922216,0.529569928927069,0.999723251605349,1,"arteriol_scler"
"2097","NEK11","Exc L5 ET",-0.0064439753253304,6.19950226908944,0.0243392213225784,0.876254845080862,0.999723251605349,1,"arteriol_scler"
"2098","NUDT16","Exc L5 ET",0.0107470990455479,4.1190753086222,0.0235504160692947,0.878260509977457,0.999723251605349,1,"arteriol_scler"
"2099","MRPL3","Exc L5 ET",-0.00988847571145886,5.32324206696544,0.0599558381560542,0.975920657764474,0.999723251605349,1,"arteriol_scler"
"2100","CPNE4","Exc L5 ET",0.0170723401630145,6.07819625302903,0.0734661039292538,0.786763926367936,0.999723251605349,1,"arteriol_scler"
"2101","DNAJC13","Exc L5 ET",0.0150110612853127,5.66153408472303,0.133023437249287,0.715880753602669,0.999723251605349,1,"arteriol_scler"
"2102","UBA5","Exc L5 ET",0.00743711185811327,5.19822303579602,0.0262965388413762,0.871417475419905,0.999723251605349,1,"arteriol_scler"
"2103","TMEM108","Exc L5 ET",-0.00144149962587183,8.85923115285652,0.0021978671480925,0.962676103781139,0.999723251605349,1,"arteriol_scler"
"2104","CDV3","Exc L5 ET",-0.0141501935009676,4.55364376214331,0.0497540312515233,0.823824517131481,0.999723251605349,1,"arteriol_scler"
"2105","TOPBP1","Exc L5 ET",-0.00891972782956128,5.25419710116254,0.0416007188547052,0.838685849884024,0.999723251605349,1,"arteriol_scler"
"2106","TF","Exc L5 ET",-0.0390546391625696,4.72334506374294,0.380574511478713,0.538321193409679,0.999723251605349,1,"arteriol_scler"
"2107","SRPRB","Exc L5 ET",-0.00285337679893626,4.46969813688178,0.00290076642024795,0.95712625676055,0.999723251605349,1,"arteriol_scler"
"2108","RAB6B","Exc L5 ET",0.0699687077632719,7.12504829199992,2.61270643294782,0.108314265122962,0.999723251605349,1,"arteriol_scler"
"2109","RYK","Exc L5 ET",0.0273564018695324,6.07319191876898,0.446447846944818,0.505152327552817,0.999723251605349,1,"arteriol_scler"
"2110","ANAPC13","Exc L5 ET",0.0813631510943495,3.76702772674061,0.728435386661574,0.394882630686079,0.999723251605349,1,"arteriol_scler"
"2111","CEP63","Exc L5 ET",-0.00902650449579864,6.03582205206649,0.0657497914511136,0.948201986645305,0.999723251605349,1,"arteriol_scler"
"2112","EPHB1","Exc L5 ET",-0.0474981551731125,6.52289402209142,1.72057375371737,0.191816055321651,0.999723251605349,1,"arteriol_scler"
"2113","KY","Exc L5 ET",-0.186093174922357,3.9918935231626,6.41415137143768,0.012450522250679,0.999723251605349,1,"arteriol_scler"
"2114","PPP2R3A","Exc L5 ET",0.0155307775250906,5.50978288272222,0.114055256462268,0.736091310696771,0.999723251605349,1,"arteriol_scler"
"2115","MSL2","Exc L5 ET",0.0611910749490821,5.09006380379717,2.27866148554388,0.173544447252029,0.999723251605349,1,"arteriol_scler"
"2116","PCCB","Exc L5 ET",-0.0253725985127932,5.20690963574522,0.466032203720946,0.495972507687438,0.999723251605349,1,"arteriol_scler"
"2117","STAG1","Exc L5 ET",0.0499272482846035,7.67868082599355,2.31391477614094,0.130528607303059,0.999723251605349,1,"arteriol_scler"
"2118","SLC35G2","Exc L5 ET",0.142890813043309,4.14958587349671,3.9525578927779,0.048795953864316,0.999723251605349,1,"arteriol_scler"
"2119","NCK1","Exc L5 ET",-0.0956284488640192,4.61338880786998,3.12109422906667,0.0795148720179686,0.999723251605349,1,"arteriol_scler"
"2120","ARMC8","Exc L5 ET",0.00516640625566887,6.8451090722615,0.0344522347984629,0.853023057242379,0.999723251605349,1,"arteriol_scler"
"2121","NME9","Exc L5 ET",0.0164364540264858,5.38160374814543,0.0978288885986941,0.75492703512751,0.999723251605349,1,"arteriol_scler"
"2122","MRAS","Exc L5 ET",0.0359199673680905,5.6286268434471,0.835427537686092,0.465342729310534,0.999723251605349,1,"arteriol_scler"
"2123","CEP70","Exc L5 ET",0.0187500983892994,5.86016142505669,0.243208449021805,0.623934395214081,0.999723251605349,1,"arteriol_scler"
"2124","PIK3CB","Exc L5 ET",0.0189414817390623,6.9105768607964,0.490989018962295,0.48467643797127,0.999723251605349,1,"arteriol_scler"
"2125","MRPS22","Exc L5 ET",-0.0489938644092946,4.10426792117102,0.502181823054776,0.479748735279543,0.999723251605349,1,"arteriol_scler"
"2126","COPB2","Exc L5 ET",0.0248884486196997,5.49587499887417,0.366247539917411,0.546059334796606,0.999723251605349,1,"arteriol_scler"
"2127","AC097103.2","Exc L5 ET",-0.00526916133225003,6.2255664096232,0.0167888338262894,0.897095570181055,0.999723251605349,1,"arteriol_scler"
"2128","NMNAT3","Exc L5 ET",0.0408385199792028,5.92301162596696,0.771706070475262,0.381229967080275,0.999723251605349,1,"arteriol_scler"
"2129","CLSTN2","Exc L5 ET",0.0908705473145104,8.71003032650794,3.88146499141329,0.0508412399206917,0.999723251605349,1,"arteriol_scler"
"2130","SLC25A36","Exc L5 ET",-0.0350839789670071,6.90969244086819,1.81694385402884,0.187024863862181,0.999723251605349,1,"arteriol_scler"
"2131","SPSB4","Exc L5 ET",0.00806192300826821,4.74610499034486,0.0212131211199066,0.884414233039241,0.999723251605349,1,"arteriol_scler"
"2132","PXYLP1","Exc L5 ET",-0.0519974024227455,6.689228820782,2.03533234727997,0.155958673591528,0.999723251605349,1,"arteriol_scler"
"2133","AC117383.1","Exc L5 ET",-0.0871530442627833,4.45627192207808,0.90462688986336,0.343221317304903,0.999723251605349,1,"arteriol_scler"
"2134","ZBTB38","Exc L5 ET",0.0201020033917835,7.0452240013907,0.514549045521997,0.474399136829765,0.999723251605349,1,"arteriol_scler"
"2135","RASA2","Exc L5 ET",0.00027257690510555,7.70302412783871,7.89614024380364e-05,0.992923017052203,0.999723251605349,1,"arteriol_scler"
"2136","RNF7","Exc L5 ET",-0.00149415681132114,4.3962135125503,0.000310852739377686,0.985958898948292,0.999723251605349,1,"arteriol_scler"
"2137","ATP1B3","Exc L5 ET",-0.0077981500648345,6.98728085028463,0.0971939195764523,0.781795664532104,0.999723251605349,1,"arteriol_scler"
"2138","TFDP2","Exc L5 ET",0.0504091815027067,8.88053160565577,1.48210297095701,0.225541441450771,0.999723251605349,1,"arteriol_scler"
"2139","GK5","Exc L5 ET",0.00706972997557965,5.26405456373438,0.0263178351691724,0.87136587772789,0.999723251605349,1,"arteriol_scler"
"2140","XRN1","Exc L5 ET",0.0213040162051646,6.94726150821423,0.410890666377969,0.522590083558498,0.999723251605349,1,"arteriol_scler"
"2141","ATR","Exc L5 ET",-0.0146400862181513,7.02404402903501,0.190445599451859,0.66323390421077,0.999723251605349,1,"arteriol_scler"
"2142","PLS1","Exc L5 ET",-0.0585787680236026,4.36821033573487,0.685497505106708,0.409141996029142,0.999723251605349,1,"arteriol_scler"
"2143","TRPC1","Exc L5 ET",-0.052012071678055,7.36585943271686,3.81210166220136,0.0529253580451302,0.999723251605349,1,"arteriol_scler"
"2144","PAQR9","Exc L5 ET",-0.0355620522804773,3.92081294328265,0.234786794475622,0.628771820650366,0.999723251605349,1,"arteriol_scler"
"2145","U2SURP","Exc L5 ET",-0.00273850436608848,6.351918632792,0.00938706534325242,0.92295802265007,0.999723251605349,1,"arteriol_scler"
"2146","CHST2","Exc L5 ET",-0.132939296493735,3.70604030606708,1.88235785256806,0.172311886069756,0.999723251605349,1,"arteriol_scler"
"2147","SLC9A9","Exc L5 ET",-0.0181899692897299,5.16671313514829,0.0798199677055526,0.777968506398643,0.999723251605349,1,"arteriol_scler"
"2148","C3orf58","Exc L5 ET",0.0348032593827149,5.47227255391795,0.535605930417605,0.465511265288967,0.999723251605349,1,"arteriol_scler"
"2149","PLOD2","Exc L5 ET",0.0514179186862491,5.98727614607116,0.914988648396134,0.340481441007093,0.999723251605349,1,"arteriol_scler"
"2150","GYG1","Exc L5 ET",-0.0310826385792526,4.83505908810901,0.260361320256343,0.610694272343529,0.999723251605349,1,"arteriol_scler"
"2151","HLTF","Exc L5 ET",0.0139011569171651,6.14018682779845,0.212063540262738,0.64588591844342,0.999723251605349,1,"arteriol_scler"
"2152","HPS3","Exc L5 ET",-0.0588792774042802,4.18776670008304,0.889303766119671,0.347328334626895,0.999723251605349,1,"arteriol_scler"
"2153","WWTR1","Exc L5 ET",-0.116569010630108,4.54845071805483,2.16885925961614,0.143127500219466,0.999723251605349,1,"arteriol_scler"
"2154","COMMD2","Exc L5 ET",0.000663939138836548,5.08508788677388,0.000106053417155373,0.991798352863373,0.999723251605349,1,"arteriol_scler"
"2155","ANKUB1","Exc L5 ET",-0.115650034358779,5.31482076936505,1.75750247055215,0.187145642240322,0.999723251605349,1,"arteriol_scler"
"2156","RNF13","Exc L5 ET",0.0201592912606205,7.34846295865588,0.681231148399613,0.410599954378609,0.999723251605349,1,"arteriol_scler"
"2157","TSC22D2","Exc L5 ET",0.043247263407882,6.64421448145224,1.74640660323568,0.18853475709585,0.999723251605349,1,"arteriol_scler"
"2158","SERP1","Exc L5 ET",0.0172158326069576,5.75170297885438,0.189199046729194,0.664269433202847,0.999723251605349,1,"arteriol_scler"
"2159","EIF2A","Exc L5 ET",0.065389046121109,4.89474431951502,1.51304162245311,0.220786456913259,0.999723251605349,1,"arteriol_scler"
"2160","SELENOT","Exc L5 ET",0.0116700383175208,5.58050279731739,0.0542784699931752,0.816127144216354,0.999723251605349,1,"arteriol_scler"
"2161","SIAH2","Exc L5 ET",-0.0169489763621263,4.75445696160819,0.0888856333560032,0.766050943664775,0.999723251605349,1,"arteriol_scler"
"2162","MED12L","Exc L5 ET",0.0646120000226812,7.58354289812313,3.22999231095688,0.0745068346926108,0.999723251605349,1,"arteriol_scler"
"2163","P2RY14","Exc L5 ET",-0.0840510027770799,4.73636003981938,0.608716980049635,0.43661902179449,0.999723251605349,1,"arteriol_scler"
"2164","MBNL1","Exc L5 ET",0.0201695195626621,8.17270931331337,0.424958844997418,0.515566629942473,0.999723251605349,1,"arteriol_scler"
"2165","DHX36","Exc L5 ET",-0.012430237543974,6.41629047743035,0.182630469404276,0.701998086253213,0.999723251605349,1,"arteriol_scler"
"2166","PLCH1","Exc L5 ET",0.0344842224854697,7.26191384186352,0.439512668021395,0.508473167941909,0.999723251605349,1,"arteriol_scler"
"2167","GMPS","Exc L5 ET",0.0341788805099456,5.85534888123799,1.06920091263761,0.346371876423258,0.999723251605349,1,"arteriol_scler"
"2168","KCNAB1","Exc L5 ET",0.0216900483630653,4.39419204819581,0.0711990564190525,0.790000657964718,0.999723251605349,1,"arteriol_scler"
"2169","SSR3","Exc L5 ET",-0.0255534209030726,4.24934395464363,0.132366285762097,0.716552715153831,0.999723251605349,1,"arteriol_scler"
"2170","CCNL1","Exc L5 ET",-0.0678796653924294,5.02001079158011,2.40044911955663,0.138569622881475,0.999723251605349,1,"arteriol_scler"
"2171","PQLC2L","Exc L5 ET",-0.0253532252437728,5.43254319534519,0.189216103285685,0.664255236713405,0.999723251605349,1,"arteriol_scler"
"2172","RSRC1","Exc L5 ET",-0.0441510751811045,6.69199737918325,2.00163694243612,0.159401392728674,0.999723251605349,1,"arteriol_scler"
"2173","MLF1","Exc L5 ET",-0.0910183045357621,5.26202501002774,3.7234804456096,0.0557222135258148,0.999723251605349,1,"arteriol_scler"
"2174","GFM1","Exc L5 ET",-0.0464194265680002,5.73047657171512,1.16513182576167,0.282303051995473,0.999723251605349,1,"arteriol_scler"
"2175","RARRES1","Exc L5 ET",-0.136113873534353,4.29465309827952,2.88434242958262,0.0917176654741414,0.999723251605349,1,"arteriol_scler"
"2176","MFSD1","Exc L5 ET",-0.0153190491971348,5.34926059104314,0.157848060233009,0.89179892874041,0.999723251605349,1,"arteriol_scler"
"2177","IQCJ-SCHIP1","Exc L5 ET",-0.00721149454636316,9.92535135864541,0.0220566379970263,0.882155202836105,0.999723251605349,1,"arteriol_scler"
"2178","IL12A-AS1","Exc L5 ET",-0.0477740369373337,7.0714163718195,1.18492891212489,0.278268644823975,0.999723251605349,1,"arteriol_scler"
"2179","C3orf80","Exc L5 ET",-0.0384591034716666,4.56376336137435,0.275478069930012,0.600529944340893,0.999723251605349,1,"arteriol_scler"
"2180","KPNA4","Exc L5 ET",0.0502373104401085,5.95375316334693,2.35737649514746,0.127001114600245,0.999723251605349,1,"arteriol_scler"
"2181","PPM1L","Exc L5 ET",0.0210701308254536,8.5073608958921,0.59418295796696,0.442135287193127,0.999723251605349,1,"arteriol_scler"
"2182","B3GALNT1","Exc L5 ET",-0.0591904445242339,4.79134132311732,1.14692415843895,0.286079585212662,0.999723251605349,1,"arteriol_scler"
"2183","NMD3","Exc L5 ET",-0.0164573114199849,6.24002312612243,0.142522849659536,0.706370736193855,0.999723251605349,1,"arteriol_scler"
"2184","SPTSSB","Exc L5 ET",-0.133742746928172,5.03100271089101,6.44622950320316,0.0122378220289388,0.999723251605349,1,"arteriol_scler"
"2185","SLITRK3","Exc L5 ET",0.120397834548906,4.55517324915022,4.87086577355904,0.0289807771803617,0.999723251605349,1,"arteriol_scler"
"2186","LINC01322","Exc L5 ET",0.0212227156181467,8.17161427441969,0.220054194212459,0.639745300492157,0.999723251605349,1,"arteriol_scler"
"2187","ZBBX","Exc L5 ET",-0.134292269104628,4.67104308579676,4.33966488464609,0.0390954268635208,0.999723251605349,1,"arteriol_scler"
"2188","PDCD10","Exc L5 ET",0.0292028609334373,5.81666080109762,0.588747625193605,0.444225953678917,0.999723251605349,1,"arteriol_scler"
"2189","SERPINI1","Exc L5 ET",-0.00700668875015874,7.61039530906308,0.03598457300013,0.849828504170336,0.999723251605349,1,"arteriol_scler"
"2190","MECOM","Exc L5 ET",0.0302937172016563,3.58342424684503,0.0945203689722372,0.758974730121049,0.999723251605349,1,"arteriol_scler"
"2191","LRRC34","Exc L5 ET",0.00250844660576958,4.11375710086279,0.00127517208167546,0.971566003138605,0.999723251605349,1,"arteriol_scler"
"2192","SEC62","Exc L5 ET",-0.0414893435688912,6.71220192249685,0.711147020182335,0.400535250214241,0.999723251605349,1,"arteriol_scler"
"2193","PHC3","Exc L5 ET",0.0202299237830442,7.00219625478148,0.6441982694999,0.572913094164735,0.999723251605349,1,"arteriol_scler"
"2194","PRKCI","Exc L5 ET",0.022707922548446,6.43987502821416,0.482307246466338,0.488556740630817,0.999723251605349,1,"arteriol_scler"
"2195","SKIL","Exc L5 ET",0.0330735748805872,5.35595038901964,0.505453117078959,0.478324110612084,0.999723251605349,1,"arteriol_scler"
"2196","AC026316.5","Exc L5 ET",0.030942178555976,4.08156883303668,0.0918816077397075,0.762258998126589,0.999723251605349,1,"arteriol_scler"
"2197","SLC7A14","Exc L5 ET",-0.0166094197242239,5.48348879184236,0.170377408274865,0.680422750115405,0.999723251605349,1,"arteriol_scler"
"2198","EIF5A2","Exc L5 ET",-0.00493636843396331,4.46465450512214,0.00470463716436731,0.945415839278194,0.999723251605349,1,"arteriol_scler"
"2199","TNIK","Exc L5 ET",0.0207427561753082,8.93190870047478,0.606319314373807,0.437521703922977,0.999723251605349,1,"arteriol_scler"
"2200","PLD1","Exc L5 ET",0.00671938746764235,5.09945760576543,0.00908512860307821,0.924203347389143,0.999723251605349,1,"arteriol_scler"
"2201","FNDC3B","Exc L5 ET",0.088311824622726,5.00481447306054,1.92848395782738,0.167181028972724,0.999723251605349,1,"arteriol_scler"
"2202","NCEH1","Exc L5 ET",0.0153403420017904,7.10189248713906,0.365092616317902,0.739692181741895,0.999723251605349,1,"arteriol_scler"
"2203","NLGN1","Exc L5 ET",0.0349466008304188,10.888461023392,1.0549167588346,0.306189905385074,0.999723251605349,1,"arteriol_scler"
"2204","NAALADL2","Exc L5 ET",-0.017414989249946,7.12454635483702,0.151243863387386,0.697954093774413,0.999723251605349,1,"arteriol_scler"
"2205","TBL1XR1","Exc L5 ET",0.0116337332250472,7.37791239206951,0.162431971502403,0.687556368264572,0.999723251605349,1,"arteriol_scler"
"2206","KCNMB2-AS1","Exc L5 ET",-0.037354200899857,4.67231640736523,0.265282520414846,0.607345162606779,0.999723251605349,1,"arteriol_scler"
"2207","ZMAT3","Exc L5 ET",-0.0186426392627151,6.23892172366565,0.160947270441932,0.688911774586978,0.999723251605349,1,"arteriol_scler"
"2208","PIK3CA","Exc L5 ET",0.0260466625977299,7.15795417088546,0.587608923643196,0.444665893133546,0.999723251605349,1,"arteriol_scler"
"2209","ZNF639","Exc L5 ET",0.0710013016916344,4.06586740325841,1.12746653989815,0.290187123994666,0.999723251605349,1,"arteriol_scler"
"2210","MFN1","Exc L5 ET",-0.0106189187709439,6.39757798070034,0.0913726047326782,0.762898423695944,0.999723251605349,1,"arteriol_scler"
"2211","GNB4","Exc L5 ET",-0.0483060210924033,4.60247015640397,0.570949451795518,0.451180823847196,0.999723251605349,1,"arteriol_scler"
"2212","MRPL47","Exc L5 ET",0.0165188944548566,4.11738573106407,0.0507003384014193,0.822185061102158,0.999723251605349,1,"arteriol_scler"
"2213","NDUFB5","Exc L5 ET",-0.0216161675543102,5.64557935288716,0.118501594834519,0.731193887675086,0.999723251605349,1,"arteriol_scler"
"2214","USP13","Exc L5 ET",-0.0950010251551392,5.50249218031944,4.90793171709568,0.0283869498580737,0.999723251605349,1,"arteriol_scler"
"2215","PEX5L","Exc L5 ET",0.0105856150588048,10.6715382944614,0.132627809493362,0.716285071527771,0.999723251605349,1,"arteriol_scler"
"2216","TTC14","Exc L5 ET",0.00073632242355193,7.40615110866356,0.000507853062518211,0.982053552593589,0.999723251605349,1,"arteriol_scler"
"2217","FXR1","Exc L5 ET",-0.0026645452175692,6.47212448287109,0.00511281075090019,0.943101123885461,0.999723251605349,1,"arteriol_scler"
"2218","DNAJC19","Exc L5 ET",-0.0569708228260131,4.70740688846954,0.803306648678419,0.371680886935321,0.999723251605349,1,"arteriol_scler"
"2219","ATP11B","Exc L5 ET",0.0545351195830293,5.99067650718514,2.48459696400299,0.117275319978797,0.999723251605349,1,"arteriol_scler"
"2220","DCUN1D1","Exc L5 ET",-0.0732232039271822,5.88873767634913,4.12994571011009,0.0440659809782511,0.999723251605349,1,"arteriol_scler"
"2221","MCCC1","Exc L5 ET",-0.0286071562850438,6.61324778780758,1.01432432067624,0.31564701058148,0.999723251605349,1,"arteriol_scler"
"2222","MCF2L2","Exc L5 ET",-0.0144009181578995,7.76096693364709,0.223222668628151,0.637348087293081,0.999723251605349,1,"arteriol_scler"
"2223","KLHL24","Exc L5 ET",0.0435439229082236,6.99316554187079,1.55715296696857,0.214214094375599,0.999723251605349,1,"arteriol_scler"
"2224","YEATS2","Exc L5 ET",-0.0107007037696116,6.60723831454174,0.125215854129474,0.723989646587982,0.999723251605349,1,"arteriol_scler"
"2225","ABCC5","Exc L5 ET",-0.0500558985496555,7.19578237322637,3.32574896955502,0.0703855002414806,0.999723251605349,1,"arteriol_scler"
"2226","EIF2B5","Exc L5 ET",0.00817588506296513,4.66724378104577,0.0224626448321663,0.881083617463235,0.999723251605349,1,"arteriol_scler"
"2227","DVL3","Exc L5 ET",-0.0313722974799539,4.51874734573752,0.37961310016273,0.614031992645357,0.999723251605349,1,"arteriol_scler"
"2228","AP2M1","Exc L5 ET",0.00896698567911255,7.06449705123303,0.0178770489574287,0.893832261298228,0.999723251605349,1,"arteriol_scler"
"2229","ABCF3","Exc L5 ET",-0.0665487136140092,3.99382998212263,0.670313553082971,0.414366108984654,0.999723251605349,1,"arteriol_scler"
"2230","VWA5B2","Exc L5 ET",-0.0591176365596793,5.46044606213455,1.39908602387117,0.238928090021757,0.999723251605349,1,"arteriol_scler"
"2231","PSMD2","Exc L5 ET",-0.0023265130263988,5.42064444128677,0.00141226450929915,0.970077247381865,0.999723251605349,1,"arteriol_scler"
"2232","EIF4G1","Exc L5 ET",0.0498580328137287,4.85025564586495,0.744580456210386,0.389707622199874,0.999723251605349,1,"arteriol_scler"
"2233","FAM131A","Exc L5 ET",0.0346879958981847,5.74843647970907,0.49784668945585,0.48164744367342,0.999723251605349,1,"arteriol_scler"
"2234","POLR2H","Exc L5 ET",-0.0266627204261924,4.58955178909649,0.257090291482312,0.612942523232296,0.999723251605349,1,"arteriol_scler"
"2235","CHRD","Exc L5 ET",0.0152798953144647,4.85855162623585,0.0899919968483023,0.764642639207937,0.999723251605349,1,"arteriol_scler"
"2236","LINC02054","Exc L5 ET",-0.0561257382480953,3.90556426823599,0.348113595807289,0.55615613709717,0.999723251605349,1,"arteriol_scler"
"2237","MAGEF1","Exc L5 ET",0.0132139675659151,4.6525064501182,0.0266322473061477,0.870606585473081,0.999723251605349,1,"arteriol_scler"
"2238","VPS8","Exc L5 ET",-0.0451238009158722,7.33565877145176,1.67496354966593,0.197775343276923,0.999723251605349,1,"arteriol_scler"
"2239","C3orf70","Exc L5 ET",0.0578679933886174,5.67388068071028,1.36867208071738,0.244074159626699,0.999723251605349,1,"arteriol_scler"
"2240","MAP3K13","Exc L5 ET",-0.0232466345089213,7.51373684398514,0.955034917352334,0.330165847174937,0.999723251605349,1,"arteriol_scler"
"2241","TMEM41A","Exc L5 ET",0.0231356172409721,4.08560397276673,0.0948546638077906,0.758562256941879,0.999723251605349,1,"arteriol_scler"
"2242","SENP2","Exc L5 ET",0.0465527192830444,6.06085808749353,2.19814075110984,0.140477124389892,0.999723251605349,1,"arteriol_scler"
"2243","TRA2B","Exc L5 ET",-0.0086669160264549,5.89536693646666,0.0573548315603913,0.811085081199643,0.999723251605349,1,"arteriol_scler"
"2244","ETV5","Exc L5 ET",-0.0881368672116361,6.91540211355819,1.96852347273851,0.162870041810556,0.999723251605349,1,"arteriol_scler"
"2245","DGKG","Exc L5 ET",0.0260470816869761,8.55158726263032,0.544662844880498,0.46177069315072,0.999723251605349,1,"arteriol_scler"
"2246","EIF4A2","Exc L5 ET",-0.0447290498164061,7.64567066042706,0.413135949125535,0.521457823007906,0.999723251605349,1,"arteriol_scler"
"2247","ST6GAL1","Exc L5 ET",0.00547182459900214,5.43816041292522,0.00736818189046352,0.93172059966418,0.999723251605349,1,"arteriol_scler"
"2248","BCL6","Exc L5 ET",0.0828129514327089,5.28103724221397,3.11095829561547,0.0799993167885866,0.999723251605349,1,"arteriol_scler"
"2249","LPP","Exc L5 ET",0.0158042509751986,8.11052709621675,0.25432210858041,0.614859262286964,0.999723251605349,1,"arteriol_scler"
"2250","TPRG1","Exc L5 ET",-0.0128049421194076,4.311282249519,0.0214178526872242,0.88386178317765,0.999723251605349,1,"arteriol_scler"
"2251","P3H2","Exc L5 ET",-0.00781330398346326,5.91283243955758,0.0242730017566695,0.876421926848674,0.999723251605349,1,"arteriol_scler"
"2252","P3H2-AS1","Exc L5 ET",-0.00551867026092154,4.76495377533971,0.0107088304352177,0.917730798199633,0.999723251605349,1,"arteriol_scler"
"2253","CLDN16","Exc L5 ET",-0.134996433446535,4.63971362527303,2.5709419062872,0.111149052982114,0.999723251605349,1,"arteriol_scler"
"2254","IL1RAP","Exc L5 ET",-0.0788493260698326,5.56459897789823,2.06546633764515,0.152951908186654,0.999723251605349,1,"arteriol_scler"
"2255","CCDC50","Exc L5 ET",-0.0393329747945714,4.61684846332732,0.487421396285544,0.48626474961869,0.999723251605349,1,"arteriol_scler"
"2256","FGF12","Exc L5 ET",-0.00307895483781329,10.7356515897371,0.0119366121364264,0.913160477857616,0.999723251605349,1,"arteriol_scler"
"2257","FGF12-AS1","Exc L5 ET",-0.134915999538907,3.90781368647499,1.68106500874259,0.196965602405957,0.999723251605349,1,"arteriol_scler"
"2258","MB21D2","Exc L5 ET",-0.055522531768103,4.56365066933109,0.701216758473523,0.403835556854283,0.999723251605349,1,"arteriol_scler"
"2259","OPA1","Exc L5 ET",0.0398973862816639,7.01175740574341,2.14461220810338,0.176417259174733,0.999723251605349,1,"arteriol_scler"
"2260","ATP13A3","Exc L5 ET",-0.00339307098655413,6.12517998545539,0.0102269795057433,0.919596484667823,0.999723251605349,1,"arteriol_scler"
"2261","LINC00884","Exc L5 ET",0.0451849472309269,4.74704460856732,0.681555392822947,0.410488879499427,0.999723251605349,1,"arteriol_scler"
"2262","TMEM44","Exc L5 ET",0.00293967969242267,6.19917319529033,0.00387374424778763,0.950463013059828,0.999723251605349,1,"arteriol_scler"
"2263","LSG1","Exc L5 ET",0.0574532788745502,4.42378550939492,0.783507506282879,0.377623608741607,0.999723251605349,1,"arteriol_scler"
"2264","XXYLT1","Exc L5 ET",-0.0749442955094092,5.69803725824723,2.90639006282033,0.0904988913198547,0.999723251605349,1,"arteriol_scler"
"2265","ACAP2","Exc L5 ET",0.0197810109027475,7.32343656282799,0.605595344814033,0.437794830985205,0.999723251605349,1,"arteriol_scler"
"2266","PPP1R2","Exc L5 ET",0.0314545538088324,5.43427499483194,0.500306288996661,0.480568667811258,0.999723251605349,1,"arteriol_scler"
"2267","MUC20-OT1","Exc L5 ET",0.0242415057839936,7.98927988472307,0.316067701831798,0.574900396784649,0.999723251605349,1,"arteriol_scler"
"2268","TNK2","Exc L5 ET",-0.0606327450722781,6.20336353304113,2.87026290795892,0.0925053911467608,0.999723251605349,1,"arteriol_scler"
"2269","TFRC","Exc L5 ET",-0.023657157375156,5.11500644538154,0.334808090909952,0.604133432058277,0.999723251605349,1,"arteriol_scler"
"2270","PCYT1A","Exc L5 ET",-0.0378779862731016,5.27223308477755,0.909421300086408,0.341949864195166,0.999723251605349,1,"arteriol_scler"
"2271","UBXN7","Exc L5 ET",0.0136732467927733,5.4980703456063,0.149680581173339,0.699441907553328,0.999723251605349,1,"arteriol_scler"
"2272","RNF168","Exc L5 ET",-0.0310549005896987,5.53670667555527,0.65177595053941,0.586815437316841,0.999723251605349,1,"arteriol_scler"
"2273","FBXO45","Exc L5 ET",0.066162055799631,4.27158985128418,0.936303600381382,0.334937695702154,0.999723251605349,1,"arteriol_scler"
"2274","PIGX","Exc L5 ET",-0.0238784107252184,4.9814870008937,0.253580205578565,0.61537519407118,0.999723251605349,1,"arteriol_scler"
"2275","CEP19","Exc L5 ET",-0.0633396431847725,4.35269421903561,0.848457477583516,0.358610460835099,0.999723251605349,1,"arteriol_scler"
"2276","PAK2","Exc L5 ET",0.011637327421407,5.78405418221527,0.0970278192139649,0.897036912915419,0.999723251605349,1,"arteriol_scler"
"2277","SENP5","Exc L5 ET",-0.0118424786584811,6.59825086858161,0.219085084154149,0.736227296266323,0.999723251605349,1,"arteriol_scler"
"2278","NCBP2","Exc L5 ET",-0.000696429243673812,4.47881698702952,8.37537720820838e-05,0.992711426108481,0.999723251605349,1,"arteriol_scler"
"2279","NCBP2-AS2","Exc L5 ET",-0.0440481469650255,4.42625841591952,0.229560604141077,0.63261474586494,0.999723251605349,1,"arteriol_scler"
"2280","PIGZ","Exc L5 ET",-0.0695795087456594,5.92051141157035,2.29007536430181,0.132510269770977,0.999723251605349,1,"arteriol_scler"
"2281","MELTF-AS1","Exc L5 ET",-0.00603786079807219,4.21411525404923,0.00700443292797726,0.933423261684608,0.999723251605349,1,"arteriol_scler"
"2282","DLG1","Exc L5 ET",0.0139541217752501,8.47238633955929,0.259891130035141,0.611016344754638,0.999723251605349,1,"arteriol_scler"
"2283","BDH1","Exc L5 ET",-0.0472782602520574,6.74989289678976,1.15190600927208,0.285039897478369,0.999723251605349,1,"arteriol_scler"
"2284","RUBCN","Exc L5 ET",0.0457087150696384,6.27648696389035,2.52163023454319,0.114602845423411,0.999723251605349,1,"arteriol_scler"
"2285","FYTTD1","Exc L5 ET",0.0154916347504025,4.81010461800743,0.126764135409857,0.826842843610907,0.999723251605349,1,"arteriol_scler"
"2286","LRCH3","Exc L5 ET",-0.0250856922931878,6.68839934390155,0.68363817211186,0.409776450414005,0.999723251605349,1,"arteriol_scler"
"2287","IQCG","Exc L5 ET",-0.0328579951779332,4.48634200224741,0.329975816741334,0.739844926282659,0.999723251605349,1,"arteriol_scler"
"2288","RPL35A","Exc L5 ET",-0.0869343334147939,4.9195274608038,0.78555072845044,0.377004147239194,0.999723251605349,1,"arteriol_scler"
"2289","LMLN","Exc L5 ET",-0.0299340812490269,5.66952135001745,0.657115679755654,0.42255664956841,0.999723251605349,1,"arteriol_scler"
"2290","ZNF595","Exc L5 ET",-0.0448075824579294,4.70500047489618,0.693029648380059,0.406586602096846,0.999723251605349,1,"arteriol_scler"
"2291","ZNF718","Exc L5 ET",-0.0309222487663104,5.30716222859652,0.506713067987702,0.477777263706426,0.999723251605349,1,"arteriol_scler"
"2292","ZNF141","Exc L5 ET",-0.00788580351188711,5.05121594046931,0.0329671066975889,0.856190126356284,0.999723251605349,1,"arteriol_scler"
"2293","AC092574.2","Exc L5 ET",-0.0964473282122563,4.22815991893521,1.24543355035504,0.26638269824244,0.999723251605349,1,"arteriol_scler"
"2294","ZNF721","Exc L5 ET",-0.0150250261775443,7.59086867400584,0.224397339441302,0.636464644568977,0.999723251605349,1,"arteriol_scler"
"2295","PIGG","Exc L5 ET",-0.0222688173622111,5.57222930390164,0.254240557855558,0.61491592777265,0.999723251605349,1,"arteriol_scler"
"2296","AC116565.1","Exc L5 ET",0.0243167895621426,4.15903593310568,0.0884276926211382,0.766636656136876,0.999723251605349,1,"arteriol_scler"
"2297","AC116565.2","Exc L5 ET",-0.0783094469985356,4.44263592927451,1.98125976087234,0.161525726679063,0.999723251605349,1,"arteriol_scler"
"2298","PDE6B","Exc L5 ET",-0.180525010443126,3.9678997483676,4.86698627058816,0.0290436824627966,0.999723251605349,1,"arteriol_scler"
"2299","ATP5ME","Exc L5 ET",-0.0518933969817549,4.90381545521758,0.491065084804534,0.484642667181641,0.999723251605349,1,"arteriol_scler"
"2300","PCGF3","Exc L5 ET",0.0321733867707219,5.01880853543971,0.683701508122461,0.475008626860429,0.999723251605349,1,"arteriol_scler"
"2301","AC139887.2","Exc L5 ET",0.0855670761893039,5.56458616530229,2.84865464230203,0.0937288328573697,0.999723251605349,1,"arteriol_scler"
"2302","CPLX1","Exc L5 ET",0.0196813366882244,7.64240805709913,0.205910971489186,0.650710379659887,0.999723251605349,1,"arteriol_scler"
"2303","GAK","Exc L5 ET",-0.0191126165924253,5.97174860229546,0.301232151550312,0.584005599085218,0.999723251605349,1,"arteriol_scler"
"2304","TMEM175","Exc L5 ET",-0.0264836018940106,5.91849886517423,0.42816639059685,0.513988509351685,0.999723251605349,1,"arteriol_scler"
"2305","DGKQ","Exc L5 ET",0.0498571109537225,4.56578819282449,0.870112438018733,0.352567447071521,0.999723251605349,1,"arteriol_scler"
"2306","RNF212","Exc L5 ET",0.0197608026920973,4.33677834136299,0.0642682492188116,0.800253280433774,0.999723251605349,1,"arteriol_scler"
"2307","AC092535.3","Exc L5 ET",0.072450777443224,4.62480157404601,0.878965071491879,0.350137375479834,0.999723251605349,1,"arteriol_scler"
"2308","SPON2","Exc L5 ET",-0.0761880566388221,4.68917683208379,0.581909975129394,0.446877918422643,0.999723251605349,1,"arteriol_scler"
"2309","CTBP1","Exc L5 ET",0.0229400523489366,5.5587712959728,0.213374443751357,0.644868986624284,0.999723251605349,1,"arteriol_scler"
"2310","CTBP1-DT","Exc L5 ET",0.0407146394585411,4.06053094195285,0.407617515308269,0.555592471331726,0.999723251605349,1,"arteriol_scler"
"2311","MAEA","Exc L5 ET",-0.0127963341401695,5.57144956804714,0.142249716191034,0.786468694008594,0.999723251605349,1,"arteriol_scler"
"2312","UVSSA","Exc L5 ET",-0.131333755489987,5.09508818731472,5.84597772996865,0.0169290177182859,0.999723251605349,1,"arteriol_scler"
"2313","SLBP","Exc L5 ET",0.032749384533276,4.86255664996309,0.302650231839542,0.583122754348009,0.999723251605349,1,"arteriol_scler"
"2314","TMEM129","Exc L5 ET",0.0983405402465316,3.83597284025523,1.76199557964878,0.186586560713579,0.999723251605349,1,"arteriol_scler"
"2315","LETM1","Exc L5 ET",-0.0805516396757556,4.79945866601691,2.64424280426233,0.106226885741691,0.999723251605349,1,"arteriol_scler"
"2316","NSD2","Exc L5 ET",0.00682319645658266,6.89106695625883,0.043658147435449,0.834801700305824,0.999723251605349,1,"arteriol_scler"
"2317","NELFA","Exc L5 ET",0.0480418239014222,6.34289073067086,1.82776497875021,0.178622527605872,0.999723251605349,1,"arteriol_scler"
"2318","C4orf48","Exc L5 ET",0.0208305799628536,4.00908404848298,0.0448223425748728,0.832646101727997,0.999723251605349,1,"arteriol_scler"
"2319","NAT8L","Exc L5 ET",-0.00689026253437056,6.52327412574778,0.0142483290510388,0.905160204892447,0.999723251605349,1,"arteriol_scler"
"2320","POLN","Exc L5 ET",0.0169686499453728,6.75316954978571,0.208152947351763,0.648942389799102,0.999723251605349,1,"arteriol_scler"
"2321","MXD4","Exc L5 ET",-0.102910310447731,4.69830449820561,4.62508628995334,0.0332651546383056,0.999723251605349,1,"arteriol_scler"
"2322","ZFYVE28","Exc L5 ET",-0.0117916431859967,7.84644376327306,0.149980213364764,0.699156049838938,0.999723251605349,1,"arteriol_scler"
"2323","RNF4","Exc L5 ET",-0.0244448013218986,5.05358227438675,0.297475263989049,0.780175396359562,0.999723251605349,1,"arteriol_scler"
"2324","FAM193A","Exc L5 ET",0.0110213244045837,6.6210441131218,0.109849248371218,0.740822965493937,0.999723251605349,1,"arteriol_scler"
"2325","ADD1","Exc L5 ET",0.00462523341502915,7.19832319146126,0.0407550437628132,0.854378806257958,0.999723251605349,1,"arteriol_scler"
"2326","MFSD10","Exc L5 ET",-0.0173685466098154,4.86870784358197,0.0948871857547763,0.758522171921267,0.999723251605349,1,"arteriol_scler"
"2327","GRK4","Exc L5 ET",0.0138887325257802,6.73977519943739,0.154973148812838,0.694440269671448,0.999723251605349,1,"arteriol_scler"
"2328","HTT","Exc L5 ET",-0.0186068939432035,7.42180120146563,0.470775623550705,0.493791693548069,0.999723251605349,1,"arteriol_scler"
"2329","RGS12","Exc L5 ET",-0.0274138193288892,5.24769156920959,0.491675409309308,0.484371843988024,0.999723251605349,1,"arteriol_scler"
"2330","LRPAP1","Exc L5 ET",0.00563152380876084,5.15838655201896,0.00826917552564564,0.92767723643586,0.999723251605349,1,"arteriol_scler"
"2331","TMEM128","Exc L5 ET",-0.0600990600506991,4.22688866060095,0.947448469031969,0.332087442467606,0.999723251605349,1,"arteriol_scler"
"2332","ZBTB49","Exc L5 ET",0.0245366896275577,4.13478825825824,0.148679820771438,0.700399054486665,0.999723251605349,1,"arteriol_scler"
"2333","NSG1","Exc L5 ET",0.00324619733472154,5.77665488296132,0.00161274834596632,0.968024878193495,0.999723251605349,1,"arteriol_scler"
"2334","STX18","Exc L5 ET",0.00715471514898635,5.74725911814414,0.0329592580253037,0.856207057597616,0.999723251605349,1,"arteriol_scler"
"2335","STX18-AS1","Exc L5 ET",0.00535537430843364,6.27440958433879,0.014098713408523,0.905657090087792,0.999723251605349,1,"arteriol_scler"
"2336","CRMP1","Exc L5 ET",0.027715809625451,6.05612041089563,0.795132575931386,0.62927386014787,0.999723251605349,1,"arteriol_scler"
"2337","C4orf50","Exc L5 ET",-0.0223488710400586,6.52801011438997,0.409509332248317,0.523288841868203,0.999723251605349,1,"arteriol_scler"
"2338","JAKMIP1","Exc L5 ET",0.000376495820916629,7.34284786409028,0.000205971179437807,0.988570303717687,0.999723251605349,1,"arteriol_scler"
"2339","WFS1","Exc L5 ET",0.147559571357474,4.4330393473054,3.44881828957237,0.0654472493173482,0.999723251605349,1,"arteriol_scler"
"2340","PPP2R2C","Exc L5 ET",-0.0169012440905322,8.46265119252103,0.420675995944403,0.517687102135391,0.999723251605349,1,"arteriol_scler"
"2341","MAN2B2","Exc L5 ET",-0.0154834498492025,5.06756858170836,0.113606537372509,0.828765315232071,0.999723251605349,1,"arteriol_scler"
"2342","MRFAP1","Exc L5 ET",0.0225580215173375,5.6718226458623,0.063790330208254,0.800981529781929,0.999723251605349,1,"arteriol_scler"
"2343","MRFAP1L1","Exc L5 ET",0.0363811976163737,4.3628981477484,0.233110966065467,0.629998291967468,0.999723251605349,1,"arteriol_scler"
"2344","BLOC1S4","Exc L5 ET",-0.0496256292402478,3.73541494159231,0.27355858771981,0.601800604051177,0.999723251605349,1,"arteriol_scler"
"2345","KIAA0232","Exc L5 ET",-0.0119053314858115,7.59423682479038,0.269253330505112,0.604671404474057,0.999723251605349,1,"arteriol_scler"
"2346","TBC1D14","Exc L5 ET",0.00881115365524676,5.55934684418561,0.0678838019040058,0.794834992009556,0.999723251605349,1,"arteriol_scler"
"2347","GRPEL1","Exc L5 ET",-0.0102901830631245,4.00290061099483,0.0151193470311702,0.90231862175416,0.999723251605349,1,"arteriol_scler"
"2348","SORCS2","Exc L5 ET",-0.0591364020537296,7.06987712752288,1.55169806492608,0.21501398315423,0.999723251605349,1,"arteriol_scler"
"2349","AFAP1","Exc L5 ET",-0.00741810904286072,4.84846064849962,0.0219725733070752,0.882378333820103,0.999723251605349,1,"arteriol_scler"
"2350","ABLIM2","Exc L5 ET",-0.0116615437129468,7.38064524812116,0.154306416752726,0.695064869048456,0.999723251605349,1,"arteriol_scler"
"2351","ACOX3","Exc L5 ET",0.0031962776629151,5.06967191673846,0.00389947332810517,0.950298989661411,0.999723251605349,1,"arteriol_scler"
"2352","TRMT44","Exc L5 ET",-0.000836151543476002,4.74301886329663,0.000303499134465207,0.986125955599379,0.999723251605349,1,"arteriol_scler"
"2353","AC105345.1","Exc L5 ET",0.141459616665472,3.9056243912777,3.03920514251206,0.0835221810826293,0.999723251605349,1,"arteriol_scler"
"2354","ZNF518B","Exc L5 ET",0.0634863128202625,3.91748068413626,0.819536569000871,0.36690715984819,0.999723251605349,1,"arteriol_scler"
"2355","HS3ST1","Exc L5 ET",0.0635964427105651,4.80805677377366,1.13585386262831,0.288407334898711,0.999723251605349,1,"arteriol_scler"
"2356","RAB28","Exc L5 ET",0.0129326606887959,6.92711404050306,0.167839382883616,0.682679930726166,0.999723251605349,1,"arteriol_scler"
"2357","BOD1L1","Exc L5 ET",-0.0302486944693456,6.56105555829804,0.847862763668064,0.358778432704981,0.999723251605349,1,"arteriol_scler"
"2358","LINC00504","Exc L5 ET",-0.0758417817116396,3.79375562996121,0.541821282596413,0.462939081080774,0.999723251605349,1,"arteriol_scler"
"2359","CPEB2-DT","Exc L5 ET",0.00083427284927945,4.2961364631425,0.000124051829564542,0.991129685424323,0.999723251605349,1,"arteriol_scler"
"2360","CPEB2","Exc L5 ET",0.0426946028393945,4.95864462372103,0.748001525554959,0.860034531428137,0.999723251605349,1,"arteriol_scler"
"2361","AC098829.1","Exc L5 ET",-0.25443929802759,5.5301552217896,3.64316749059508,0.0583940956401785,0.999723251605349,1,"arteriol_scler"
"2362","CC2D2A","Exc L5 ET",-0.000888676801806448,5.41527845375735,0.000458567420180093,0.982946456080282,0.999723251605349,1,"arteriol_scler"
"2363","FBXL5","Exc L5 ET",0.0319240040845069,6.27796709030135,1.35222381498337,0.246913998140309,0.999723251605349,1,"arteriol_scler"
"2364","FAM200B","Exc L5 ET",-0.0377251597457747,5.05461428155777,0.399743855448603,0.528276745703065,0.999723251605349,1,"arteriol_scler"
"2365","PROM1","Exc L5 ET",-0.13618677701058,3.76757891492132,1.0142885070474,0.315655522645597,0.999723251605349,1,"arteriol_scler"
"2366","TAPT1","Exc L5 ET",-0.00996738715355312,6.47622362629993,0.0656579808480604,0.79815185395833,0.999723251605349,1,"arteriol_scler"
"2367","TAPT1-AS1","Exc L5 ET",-0.0701393024466969,7.11183954871403,3.1275941001536,0.0792058944038442,0.999723251605349,1,"arteriol_scler"
"2368","AC097515.1","Exc L5 ET",-0.0591331719669592,4.42941455681581,0.647971729484305,0.422235464755799,0.999723251605349,1,"arteriol_scler"
"2369","LDB2","Exc L5 ET",0.0275045967208918,10.2706346430087,0.966551934905182,0.327277022285299,0.999723251605349,1,"arteriol_scler"
"2370","QDPR","Exc L5 ET",-0.0324426499528798,6.19035099131827,0.44785727572822,0.504482005087418,0.999723251605349,1,"arteriol_scler"
"2371","LAP3","Exc L5 ET",-0.0735224222233131,4.09951892863086,1.21884562261166,0.271525275059916,0.999723251605349,1,"arteriol_scler"
"2372","MED28","Exc L5 ET",-0.0330187979649907,5.29707797886317,0.678074475281298,0.411683650671708,0.999723251605349,1,"arteriol_scler"
"2373","FAM184B","Exc L5 ET",-0.10825542331522,5.22924678444592,2.8891931365951,0.0914479848460916,0.999723251605349,1,"arteriol_scler"
"2374","DCAF16","Exc L5 ET",0.0925388727620385,4.5634902108709,2.85434005202108,0.0934052150660057,0.999723251605349,1,"arteriol_scler"
"2375","LCORL","Exc L5 ET",0.052433530122074,4.93653041748261,0.559536392360128,0.455730975215591,0.999723251605349,1,"arteriol_scler"
"2376","AC024230.1","Exc L5 ET",-0.227579597260249,3.24446650202366,2.68668902128216,0.10348743149422,0.999723251605349,1,"arteriol_scler"
"2377","SLIT2","Exc L5 ET",0.0327247839060915,9.29035527273852,0.951570859357715,0.331041414399478,0.999723251605349,1,"arteriol_scler"
"2378","PACRGL","Exc L5 ET",-0.00692737422264551,5.56490676437218,0.0293761600918186,0.864166624789315,0.999723251605349,1,"arteriol_scler"
"2379","KCNIP4","Exc L5 ET",0.0419901574586014,13.4793416503018,2.19165969423093,0.141058913528194,0.999723251605349,1,"arteriol_scler"
"2380","AC096576.3","Exc L5 ET",-0.214871899623776,3.79683098855065,3.45217231093154,0.0653180203112668,0.999723251605349,1,"arteriol_scler"
"2381","AC096576.2","Exc L5 ET",-0.183341902677632,4.06679943347686,2.71198954277205,0.101891794165557,0.999723251605349,1,"arteriol_scler"
"2382","ADGRA3","Exc L5 ET",0.0630917281322411,4.38967923638881,0.89032869058554,0.347051541701849,0.999723251605349,1,"arteriol_scler"
"2383","AC093607.1","Exc L5 ET",0.170402046839558,3.42399862669996,1.19479191290983,0.276286015774329,0.999723251605349,1,"arteriol_scler"
"2384","PPARGC1A","Exc L5 ET",0.0352569708310921,7.62725950803117,1.42495848231624,0.23465472119439,0.999723251605349,1,"arteriol_scler"
"2385","DHX15","Exc L5 ET",0.000531996733644308,5.86969085841364,0.000242594594762198,0.991791701188804,0.999723251605349,1,"arteriol_scler"
"2386","CCDC149","Exc L5 ET",0.0384310649656019,5.95634329054308,1.29269522941866,0.257539279248999,0.999723251605349,1,"arteriol_scler"
"2387","ANAPC4","Exc L5 ET",-0.0511928484675227,5.21839268279977,1.44985327702409,0.230630552850764,0.999723251605349,1,"arteriol_scler"
"2388","SEL1L3","Exc L5 ET",0.00203930126737946,3.96317418606242,0.000469847819435776,0.982738011166783,0.999723251605349,1,"arteriol_scler"
"2389","RBPJ","Exc L5 ET",0.0288424761562267,6.47286179211012,0.742812782644497,0.390269431938963,0.999723251605349,1,"arteriol_scler"
"2390","TBC1D19","Exc L5 ET",-0.00402649350679499,7.14053282571668,0.0178023124561016,0.894053089253866,0.999723251605349,1,"arteriol_scler"
"2391","STIM2","Exc L5 ET",-0.0267004642723941,6.54848327540111,0.648082409603396,0.42219593006534,0.999723251605349,1,"arteriol_scler"
"2392","PCDH7","Exc L5 ET",0.00973128188306565,9.92749618495631,0.160765229629413,0.689078461755029,0.999723251605349,1,"arteriol_scler"
"2393","AC097716.1","Exc L5 ET",-0.206374327789647,3.84932769421728,3.51121442743407,0.0630876641160639,0.999723251605349,1,"arteriol_scler"
"2394","ARAP2","Exc L5 ET",0.00979520844733036,8.22852781870701,0.10616110894041,0.7450555285137,0.999723251605349,1,"arteriol_scler"
"2395","NWD2","Exc L5 ET",0.0365870859965507,7.21839522672778,0.920108131866078,0.339138677480205,0.999723251605349,1,"arteriol_scler"
"2396","TBC1D1","Exc L5 ET",0.0316372811110143,6.12805925062528,0.25810835811048,0.612240861616399,0.999723251605349,1,"arteriol_scler"
"2397","KLF3","Exc L5 ET",0.00366145243876643,4.11381304923814,0.00299412351984944,0.979279876591595,0.999723251605349,1,"arteriol_scler"
"2398","KLHL5","Exc L5 ET",0.0237636840211625,5.10472633879054,0.241310166894484,0.624048539286705,0.999723251605349,1,"arteriol_scler"
"2399","WDR19","Exc L5 ET",0.00681248784123235,6.46915168515309,0.0444019603390498,0.863312191611825,0.999723251605349,1,"arteriol_scler"
"2400","RFC1","Exc L5 ET",-0.0605567028164187,5.05705198464365,2.11163263824154,0.148473137582173,0.999723251605349,1,"arteriol_scler"
"2401","LIAS","Exc L5 ET",-0.0388308627413677,4.60569526560691,0.503712424093703,0.479081302747017,0.999723251605349,1,"arteriol_scler"
"2402","UGDH","Exc L5 ET",0.00717096730119333,4.06356567919163,0.0106820569579537,0.91783333566464,0.999723251605349,1,"arteriol_scler"
"2403","UGDH-AS1","Exc L5 ET",-0.100548337001484,4.59198676584266,3.29298154555914,0.0717672821299146,0.999723251605349,1,"arteriol_scler"
"2404","SMIM14","Exc L5 ET",-0.00829905219255902,5.58519440937634,0.0443949361606133,0.98520580123326,0.999723251605349,1,"arteriol_scler"
"2405","UBE2K","Exc L5 ET",-0.0130154083824873,7.28032916768635,0.337747306618354,0.562088608967326,0.999723251605349,1,"arteriol_scler"
"2406","PDS5A","Exc L5 ET",-0.0425384920918185,7.28444072437051,2.188416574571,0.141351066746249,0.999723251605349,1,"arteriol_scler"
"2407","N4BP2","Exc L5 ET",0.11364589426277,3.99437373624959,1.87803438016731,0.172802098777258,0.999723251605349,1,"arteriol_scler"
"2408","APBB2","Exc L5 ET",-0.0641017420542997,7.43030626952332,5.57611217956112,0.0196176270084917,0.999723251605349,1,"arteriol_scler"
"2409","UCHL1","Exc L5 ET",0.0102085914551546,8.25133595142629,0.0289075654484526,0.865243796845834,0.999723251605349,1,"arteriol_scler"
"2410","LIMCH1","Exc L5 ET",0.0307757135656037,7.6047454617183,0.651061651920399,0.421133839436148,0.999723251605349,1,"arteriol_scler"
"2411","TMEM33","Exc L5 ET",0.00826918291334397,5.09679559654315,0.0343513961741952,0.853235836318604,0.999723251605349,1,"arteriol_scler"
"2412","SLC30A9","Exc L5 ET",0.0112819443560823,6.59529195449099,0.191187213692847,0.662619749360769,0.999723251605349,1,"arteriol_scler"
"2413","AC111006.1","Exc L5 ET",-0.098243596638759,4.32625142179548,0.806973598313266,0.370594735169792,0.999723251605349,1,"arteriol_scler"
"2414","ATP8A1","Exc L5 ET",-0.00893698497901366,8.30011671854332,0.120091970546726,0.729467169232741,0.999723251605349,1,"arteriol_scler"
"2415","KCTD8","Exc L5 ET",0.000587868502262047,5.47208901536723,3.77469462857974e-05,0.995106893830619,0.999723251605349,1,"arteriol_scler"
"2416","YIPF7","Exc L5 ET",0.133461621480593,4.04386220041503,2.6122629652883,0.108343940664906,0.999723251605349,1,"arteriol_scler"
"2417","GUF1","Exc L5 ET",-0.0469844591149547,4.51877381544169,0.673970403037173,0.41309894406996,0.999723251605349,1,"arteriol_scler"
"2418","GNPDA2","Exc L5 ET",0.00323414257591692,5.11021260672856,0.00526594722734518,0.942256789986508,0.999723251605349,1,"arteriol_scler"
"2419","GABRA2","Exc L5 ET",0.0467745459277521,6.45393206583145,1.1282590160286,0.290018358570223,0.999723251605349,1,"arteriol_scler"
"2420","GABRA4","Exc L5 ET",-1.18038206556052e-05,6.16273792112573,1.09627932176206e-07,0.999736301850031,0.999820386920723,1,"arteriol_scler"
"2421","GABRB1","Exc L5 ET",0.0436338553263594,8.43141074543976,1.6075493628639,0.206990125055023,0.999723251605349,1,"arteriol_scler"
"2422","COMMD8","Exc L5 ET",0.0147907084909916,3.79984290876659,0.0237779283930338,0.877678539030023,0.999723251605349,1,"arteriol_scler"
"2423","ATP10D","Exc L5 ET",-0.0108448468547738,5.74904640432652,0.0619046471807702,0.803883615329132,0.999723251605349,1,"arteriol_scler"
"2424","CORIN","Exc L5 ET",-0.125054860590468,4.01664247996465,2.05150175112253,0.154336958527603,0.999723251605349,1,"arteriol_scler"
"2425","AC107068.2","Exc L5 ET",-0.287535881563686,3.65800589012988,6.85881494380088,0.0098152978300952,0.999723251605349,1,"arteriol_scler"
"2426","NFXL1","Exc L5 ET",0.0285478061777703,5.42101043187203,0.351578270778072,0.554199922063899,0.999723251605349,1,"arteriol_scler"
"2427","TXK","Exc L5 ET",-0.0599957790568132,6.2442931011828,1.62749135174789,0.204212114141328,0.999723251605349,1,"arteriol_scler"
"2428","TEC","Exc L5 ET",-0.0379707024883007,4.77285864986664,0.39355402433876,0.531482728925233,0.999723251605349,1,"arteriol_scler"
"2429","SLAIN2","Exc L5 ET",0.0383425422712393,5.63832759692224,0.906542808518708,0.599400232124204,0.999723251605349,1,"arteriol_scler"
"2430","FRYL","Exc L5 ET",0.0485531914913115,6.67039895651094,2.92824658145081,0.0893081972328963,0.999723251605349,1,"arteriol_scler"
"2431","OCIAD1","Exc L5 ET",-0.00645934469196616,7.20427068899875,0.03051521510541,0.861584574818482,0.999723251605349,1,"arteriol_scler"
"2432","DCUN1D4","Exc L5 ET",-0.0299990151808301,6.68415038821222,1.10386282056583,0.2952722133696,0.999723251605349,1,"arteriol_scler"
"2433","LRRC66","Exc L5 ET",0.18020522249111,4.18357970248336,5.82405634587806,0.0171323070201115,0.999723251605349,1,"arteriol_scler"
"2434","SGCB","Exc L5 ET",0.0170030427102758,4.6949124547484,0.0949546128997787,0.758439088366108,0.999723251605349,1,"arteriol_scler"
"2435","USP46","Exc L5 ET",0.00678789336518168,5.78406085674966,0.0238236831938946,0.877561844158141,0.999723251605349,1,"arteriol_scler"
"2436","SCFD2","Exc L5 ET",-0.0319904121834439,7.26523713678802,0.976686648934575,0.324762778723133,0.999723251605349,1,"arteriol_scler"
"2437","AC058822.1","Exc L5 ET",-0.0908875490767503,4.90351784918139,1.52357746646031,0.219194870586433,0.999723251605349,1,"arteriol_scler"
"2438","LNX1","Exc L5 ET",0.0751477697475562,6.73568798966257,4.35569175236607,0.0387409001207652,0.999723251605349,1,"arteriol_scler"
"2439","CHIC2","Exc L5 ET",0.01633679290271,5.2866467955107,0.151785631272668,0.745356790722711,0.999723251605349,1,"arteriol_scler"
"2440","SRD5A3","Exc L5 ET",-0.0286255177333627,4.37817122826958,0.23031107726714,0.99847236007938,0.999723251605349,1,"arteriol_scler"
"2441","TMEM165","Exc L5 ET",0.0293348193130946,6.36055881718676,0.826605507109016,0.364854773108453,0.999723251605349,1,"arteriol_scler"
"2442","CLOCK","Exc L5 ET",-0.00563836561318012,6.80512081305873,0.0432806201648393,0.83550715216828,0.999723251605349,1,"arteriol_scler"
"2443","EXOC1","Exc L5 ET",-0.0476804900365725,6.42868530453112,2.60975967639217,0.219046971651614,0.999723251605349,1,"arteriol_scler"
"2444","CEP135","Exc L5 ET",-0.0525127263059586,3.98866907629164,0.446041610343771,0.505345817657258,0.999723251605349,1,"arteriol_scler"
"2445","KIAA1211","Exc L5 ET",-0.0890112039117543,5.67484134152493,1.85435043561261,0.175516400873757,0.999723251605349,1,"arteriol_scler"
"2446","AASDH","Exc L5 ET",-0.0484143722297602,5.31889827326486,1.13392069453206,0.28881630809599,0.999723251605349,1,"arteriol_scler"
"2447","PPAT","Exc L5 ET",0.0112188230377106,4.88239133350747,0.0571298729469568,0.811448864148007,0.999723251605349,1,"arteriol_scler"
"2448","PAICS","Exc L5 ET",0.0783692500809302,4.37105686963424,1.37291350925651,0.243348395247096,0.999723251605349,1,"arteriol_scler"
"2449","SRP72","Exc L5 ET",0.0389394993633205,5.21626648548524,0.682468381381301,0.410176360079524,0.999723251605349,1,"arteriol_scler"
"2450","HOPX","Exc L5 ET",0.0458297049021174,4.85729237010369,0.326184121377625,0.568851676525313,0.999723251605349,1,"arteriol_scler"
"2451","POLR2B","Exc L5 ET",0.0324119027960313,5.43521254519049,0.542424673395275,0.462690584939402,0.999723251605349,1,"arteriol_scler"
"2452","ADGRL3","Exc L5 ET",0.0324172590939259,10.5147765744937,1.18148879715725,0.27896441084346,0.999723251605349,1,"arteriol_scler"
"2453","LINC02232","Exc L5 ET",-0.130598489306605,3.42981983321159,0.536531947573087,0.465126587024532,0.999723251605349,1,"arteriol_scler"
"2454","EPHA5","Exc L5 ET",-0.0244861006861326,7.43744422565662,0.462700285802098,0.49751413903033,0.999723251605349,1,"arteriol_scler"
"2455","EPHA5-AS1","Exc L5 ET",-0.0275181289351751,4.82975659573842,0.216833531270411,0.642203698413504,0.999723251605349,1,"arteriol_scler"
"2456","AC104806.2","Exc L5 ET",0.047673609567312,5.52854201189595,1.09138680550432,0.298006467066892,0.999723251605349,1,"arteriol_scler"
"2457","CENPC","Exc L5 ET",0.0128457775699744,5.94120959825953,0.137753215971168,0.711099019450364,0.999723251605349,1,"arteriol_scler"
"2458","UBA6","Exc L5 ET",0.00771881988599201,6.15133206114512,0.0600063760029112,0.806852900210514,0.999723251605349,1,"arteriol_scler"
"2459","UBA6-AS1","Exc L5 ET",0.024243333340273,8.23229796673719,0.468256158095901,0.494948010309764,0.999723251605349,1,"arteriol_scler"
"2460","YTHDC1","Exc L5 ET",-0.00647919995160863,5.67942081212398,0.0290987311236424,0.864803281426707,0.999723251605349,1,"arteriol_scler"
"2461","UTP3","Exc L5 ET",0.0367728481221802,3.91211213892542,0.238258862934581,0.626247871150378,0.999723251605349,1,"arteriol_scler"
"2462","RUFY3","Exc L5 ET",0.0502767549413643,8.00804091647117,6.75501028164615,0.0103735997535188,0.999723251605349,1,"arteriol_scler"
"2463","GRSF1","Exc L5 ET",-0.0169126443306861,5.5680244702637,0.135729549991337,0.713133312359448,0.999723251605349,1,"arteriol_scler"
"2464","MOB1B","Exc L5 ET",-0.0349695081274019,5.72852302260759,0.728636620845851,0.394817518898004,0.999723251605349,1,"arteriol_scler"
"2465","SLC4A4","Exc L5 ET",-0.0233695863209261,4.88149016746327,0.107321429267752,0.7437152623848,0.999723251605349,1,"arteriol_scler"
"2466","COX18","Exc L5 ET",-0.058030155129288,4.11121157238662,0.679008302846856,0.411362623695433,0.999723251605349,1,"arteriol_scler"
"2467","ANKRD17","Exc L5 ET",0.00575136899903529,8.49122184171819,0.0753583724936057,0.784103114225612,0.999723251605349,1,"arteriol_scler"
"2468","AC053527.1","Exc L5 ET",-0.044678828065874,4.9304618442279,0.48200153565745,0.488694320807587,0.999723251605349,1,"arteriol_scler"
"2469","MTHFD2L","Exc L5 ET",-0.0994821418268866,4.9495362598411,3.34502174356891,0.0695862582027053,0.999723251605349,1,"arteriol_scler"
"2470","PARM1","Exc L5 ET",0.0770216369585316,5.93389670911975,2.27604920351135,0.133692045920818,0.999723251605349,1,"arteriol_scler"
"2471","RCHY1","Exc L5 ET",0.0101626275296702,5.00957036116287,0.0546520291850605,0.815506981332419,0.999723251605349,1,"arteriol_scler"
"2472","THAP6","Exc L5 ET",-0.0620199880225783,4.3151264973969,1.02735713445898,0.312569382693147,0.999723251605349,1,"arteriol_scler"
"2473","CDKL2","Exc L5 ET",-0.00318309298120076,5.41244062004169,0.00614996805606983,0.957651668851108,0.999723251605349,1,"arteriol_scler"
"2474","G3BP2","Exc L5 ET",0.00441718204291959,6.70805004371196,0.0135019033811675,0.907666254018246,0.999723251605349,1,"arteriol_scler"
"2475","USO1","Exc L5 ET",0.0444544177793218,6.36621000530031,1.7058020695238,0.193722572822088,0.999723251605349,1,"arteriol_scler"
"2476","NAAA","Exc L5 ET",-0.0167855956956539,5.67446364777058,0.191216761340748,0.826739442277601,0.999723251605349,1,"arteriol_scler"
"2477","SDAD1","Exc L5 ET",0.0405302574420985,5.55431116197165,1.32985722230994,0.250841363989242,0.999723251605349,1,"arteriol_scler"
"2478","ART3","Exc L5 ET",-0.0815306916152802,5.79641149355482,1.90189299846866,0.1701169290287,0.999723251605349,1,"arteriol_scler"
"2479","NUP54","Exc L5 ET",0.0229821073721329,5.57571671625996,0.393444867872078,0.531539580900917,0.999723251605349,1,"arteriol_scler"
"2480","SCARB2","Exc L5 ET",0.00708949661923859,6.46303246439332,0.0665690410294952,0.796787071827606,0.999723251605349,1,"arteriol_scler"
"2481","SHROOM3","Exc L5 ET",-0.0276406259912478,5.58605259567571,0.195374710520513,0.659178339888771,0.999723251605349,1,"arteriol_scler"
"2482","AC107072.1","Exc L5 ET",-0.0750504465097453,5.22393995083906,2.24779884706192,0.136108591765113,0.999723251605349,1,"arteriol_scler"
"2483","SEPT11","Exc L5 ET",0.0210250987629121,7.73892286330726,0.52565981645842,0.469675513317806,0.999723251605349,1,"arteriol_scler"
"2484","CCNI","Exc L5 ET",0.00485729454527871,7.188885065573,0.00777905607500236,0.929847515871831,0.999723251605349,1,"arteriol_scler"
"2485","CNOT6L","Exc L5 ET",0.00997493961009266,6.25535182961491,0.0867287514294971,0.852248700711969,0.999723251605349,1,"arteriol_scler"
"2486","MRPL1","Exc L5 ET",-0.000915872568274254,5.93432657140938,0.000641320476222683,0.979833186809742,0.999723251605349,1,"arteriol_scler"
"2487","FRAS1","Exc L5 ET",-0.00227038428242162,8.51348927204472,0.0023036285619728,0.961789319440127,0.999723251605349,1,"arteriol_scler"
"2488","BMP2K","Exc L5 ET",0.00124045928939636,6.23947074549083,0.00112144135191523,0.973334299116331,0.999723251605349,1,"arteriol_scler"
"2489","PAQR3","Exc L5 ET",0.0491495064547021,5.95564493500078,1.78390014047535,0.18388884442917,0.999723251605349,1,"arteriol_scler"
"2490","LINC01088","Exc L5 ET",0.0149416672775032,5.08785930375231,0.04867329282291,0.82571702728323,0.999723251605349,1,"arteriol_scler"
"2491","ANTXR2","Exc L5 ET",-0.0643480330429615,4.23846386787408,0.530071193759533,0.467821169600884,0.999723251605349,1,"arteriol_scler"
"2492","PRDM8","Exc L5 ET",0.0725867420756516,5.29045983491061,1.83900096775902,0.17730201621614,0.999723251605349,1,"arteriol_scler"
"2493","FGF5","Exc L5 ET",0.0204269948888751,5.74340213752756,0.130838448390766,0.718122324704529,0.999723251605349,1,"arteriol_scler"
"2494","CFAP299","Exc L5 ET",0.0383580526220321,7.79247901325148,0.504053156427022,0.478932931060102,0.999723251605349,1,"arteriol_scler"
"2495","BMP3","Exc L5 ET",-0.060430303341541,4.30882881256658,0.738863160750368,0.391528941400358,0.999723251605349,1,"arteriol_scler"
"2496","PRKG2","Exc L5 ET",-0.090005102497942,4.92873941777556,2.71741029767373,0.101553471026325,0.999723251605349,1,"arteriol_scler"
"2497","RASGEF1B","Exc L5 ET",-0.0586881675196505,6.82724437046176,0.389481998341018,0.533611048897235,0.999723251605349,1,"arteriol_scler"
"2498","HNRNPD","Exc L5 ET",0.0313085817099935,6.11404980144419,1.07142888247537,0.302449051352906,0.999723251605349,1,"arteriol_scler"
"2499","AC124016.1","Exc L5 ET",-0.0951130191999258,4.09333089326633,1.57396286820773,0.211771481658078,0.999723251605349,1,"arteriol_scler"
"2500","HNRNPDL","Exc L5 ET",-0.047556229592935,7.10808407435228,1.56485034291038,0.213091437980302,0.999723251605349,1,"arteriol_scler"
"2501","ENOPH1","Exc L5 ET",-0.0054877261583332,4.97885593984754,0.0110573653431961,0.916407614604357,0.999723251605349,1,"arteriol_scler"
"2502","TMEM150C","Exc L5 ET",-0.00792075880977308,6.70381637681658,0.0401328701550594,0.841518499455367,0.999723251605349,1,"arteriol_scler"
"2503","SCD5","Exc L5 ET",0.000673166721736542,6.89249395398503,0.000537001390202193,0.981545808092007,0.999723251605349,1,"arteriol_scler"
"2504","SEC31A","Exc L5 ET",-0.0232919104381502,6.3380008836245,0.642843819998576,0.424073272743033,0.999723251605349,1,"arteriol_scler"
"2505","LIN54","Exc L5 ET",0.0618736475569307,5.07974976610075,1.8330927132675,0.25054123312883,0.999723251605349,1,"arteriol_scler"
"2506","COPS4","Exc L5 ET",-0.0257918113158115,5.5198156227737,0.33555683715778,0.563357770271056,0.999723251605349,1,"arteriol_scler"
"2507","HELQ","Exc L5 ET",0.0292661548604804,4.7168278325849,0.35160644026019,0.654867051422405,0.999723251605349,1,"arteriol_scler"
"2508","MRPS18C","Exc L5 ET",0.008101219377298,4.64589338682092,0.0177340919797931,0.894255076256536,0.999723251605349,1,"arteriol_scler"
"2509","GPAT3","Exc L5 ET",-0.038644574194769,4.59779701102244,0.293917698560963,0.588602774335629,0.999723251605349,1,"arteriol_scler"
"2510","CDS1","Exc L5 ET",0.0594655902842967,6.28228106453502,3.1721049786016,0.0771248282740398,0.999723251605349,1,"arteriol_scler"
"2511","WDFY3","Exc L5 ET",0.00413144725239626,7.5365362936458,0.0255020975265315,0.873357836699819,0.999723251605349,1,"arteriol_scler"
"2512","MAPK10","Exc L5 ET",0.0209762656254614,10.2211812833991,0.880773557362678,0.349643768668561,0.999723251605349,1,"arteriol_scler"
"2513","AC104827.1","Exc L5 ET",-0.181700015155861,5.71180186954169,4.31190205983704,0.0397177357509017,0.999723251605349,1,"arteriol_scler"
"2514","PTPN13","Exc L5 ET",-0.0104331126578067,6.43848725458094,0.055266983065248,0.814490919210687,0.999723251605349,1,"arteriol_scler"
"2515","AFF1","Exc L5 ET",0.0434182278270627,6.40273881796063,1.34161620164098,0.248767053549779,0.999723251605349,1,"arteriol_scler"
"2516","KLHL8","Exc L5 ET",-0.0102242602501912,5.55715531313763,0.0747056584594615,0.78501682684636,0.999723251605349,1,"arteriol_scler"
"2517","HSD17B11","Exc L5 ET",0.110520111857449,4.06635199854162,2.19287256001165,0.14094982982167,0.999723251605349,1,"arteriol_scler"
"2518","NUDT9","Exc L5 ET",-0.0323210120055052,4.99689477349281,0.500450471431665,0.480505553294394,0.999723251605349,1,"arteriol_scler"
"2519","SPARCL1","Exc L5 ET",0.0257545981089209,8.91509852251664,0.337576190341647,0.562187555282323,0.999723251605349,1,"arteriol_scler"
"2520","PKD2","Exc L5 ET",-0.0202274632595071,7.52094288532094,0.475144115798568,0.491797518294307,0.999723251605349,1,"arteriol_scler"
"2521","PPM1K","Exc L5 ET",-0.00291205681255279,6.4650854207539,0.00770662527374264,0.930174026429138,0.999723251605349,1,"arteriol_scler"
"2522","HERC6","Exc L5 ET",0.0157922765471032,4.79885719811034,0.0890946655388384,0.935829086979829,0.999723251605349,1,"arteriol_scler"
"2523","PYURF","Exc L5 ET",0.0229669860196333,4.4988080584924,0.066909684113122,0.796279344234836,0.999723251605349,1,"arteriol_scler"
"2524","HERC3","Exc L5 ET",-0.00571067940238414,5.8629470645445,0.0230503180314629,0.879549947922467,0.999723251605349,1,"arteriol_scler"
"2525","NAP1L5","Exc L5 ET",-0.0262418667795527,5.53655567772955,0.0872319253031982,0.768173888880795,0.999723251605349,1,"arteriol_scler"
"2526","FAM13A-AS1","Exc L5 ET",-0.0505291925035797,4.35681032487994,0.638383959785385,0.425681484814087,0.999723251605349,1,"arteriol_scler"
"2527","FAM13A","Exc L5 ET",0.0550355513024483,7.66172542470354,2.15010522833164,0.144854834353126,0.999723251605349,1,"arteriol_scler"
"2528","GPRIN3","Exc L5 ET",0.00374805871611822,6.52781156625624,0.0102284068609701,0.919590893241027,0.999723251605349,1,"arteriol_scler"
"2529","SNCA","Exc L5 ET",0.0221170328667791,7.4847359735905,0.276054452515591,0.600149493999693,0.999723251605349,1,"arteriol_scler"
"2530","CCSER1","Exc L5 ET",0.0136412577746428,11.0986492826248,0.19127561775477,0.662546633869769,0.999723251605349,1,"arteriol_scler"
"2531","GRID2","Exc L5 ET",0.0220325586298925,9.60363515435919,0.388368227791451,0.53419587769191,0.999723251605349,1,"arteriol_scler"
"2532","SMARCAD1","Exc L5 ET",-0.0533541571847847,6.29534975934456,2.76704260448248,0.0985128269071204,0.999723251605349,1,"arteriol_scler"
"2533","UNC5C","Exc L5 ET",0.0548641058188514,7.78556019089411,1.53943535208038,0.216825274231075,0.999723251605349,1,"arteriol_scler"
"2534","STPG2","Exc L5 ET",0.117287449293881,5.40219984498079,3.84838847395119,0.0518238975445734,0.999723251605349,1,"arteriol_scler"
"2535","RAP1GDS1","Exc L5 ET",0.0220096461566705,7.00012198130161,0.760072912809704,0.384833074205102,0.999723251605349,1,"arteriol_scler"
"2536","TSPAN5","Exc L5 ET",0.0196207344205031,8.91983341326275,0.865977806485517,0.353710354805925,0.999723251605349,1,"arteriol_scler"
"2537","EIF4E","Exc L5 ET",0.034713344628899,6.11690912074916,1.3175380418821,0.253037505275951,0.999723251605349,1,"arteriol_scler"
"2538","METAP1","Exc L5 ET",-0.0447778959424419,4.53766777152851,0.630637466103404,0.428496863684835,0.999723251605349,1,"arteriol_scler"
"2539","ADH5","Exc L5 ET",-0.0227011349651615,4.39545547427519,0.167707021506036,0.68279819162732,0.999723251605349,1,"arteriol_scler"
"2540","LAMTOR3","Exc L5 ET",0.0584107400691929,4.38214283992116,0.989296629875201,0.321670240525784,0.999723251605349,1,"arteriol_scler"
"2541","DNAJB14","Exc L5 ET",-0.014559918914765,6.92399173234445,0.260475711423397,0.610615971813891,0.999723251605349,1,"arteriol_scler"
"2542","H2AFZ","Exc L5 ET",-0.0442593006343537,5.30860300045392,0.266989778620507,0.606192485042614,0.999723251605349,1,"arteriol_scler"
"2543","AC097460.1","Exc L5 ET",-0.0803837878549885,4.18069999563785,0.86659094935267,0.353540546430906,0.999723251605349,1,"arteriol_scler"
"2544","PPP3CA","Exc L5 ET",0.0399769623290106,8.93137204979753,2.36182190219459,0.126646396135403,0.999723251605349,1,"arteriol_scler"
"2545","NFKB1","Exc L5 ET",0.0706808589039306,6.46799382154408,3.19482652992795,0.0760854990729768,0.999723251605349,1,"arteriol_scler"
"2546","MANBA","Exc L5 ET",0.0335630097435756,5.94933223305891,0.62260990663735,0.43144432987921,0.999723251605349,1,"arteriol_scler"
"2547","UBE2D3","Exc L5 ET",0.00431644214791176,7.51830641374965,0.034976191837912,0.85192260947223,0.999723251605349,1,"arteriol_scler"
"2548","CISD2","Exc L5 ET",0.104850546295415,4.47240935917084,2.94707641113932,0.0882961542354914,0.999723251605349,1,"arteriol_scler"
"2549","SLC9B2","Exc L5 ET",-0.0191501674802206,6.11060628746801,0.440031328549891,0.508223509118176,0.999723251605349,1,"arteriol_scler"
"2550","CXXC4","Exc L5 ET",0.0537307266201748,4.7485515667055,0.460685423750971,0.498450336534894,0.999723251605349,1,"arteriol_scler"
"2551","CXXC4-AS1","Exc L5 ET",-0.00940033167253715,6.52025029126788,0.0373867256061388,0.846966563343884,0.999723251605349,1,"arteriol_scler"
"2552","TET2","Exc L5 ET",0.0240464782840768,5.89284180300072,0.317213877801611,0.574208718151519,0.999723251605349,1,"arteriol_scler"
"2553","PPA2","Exc L5 ET",-0.00673439883313654,7.28289962871138,0.0497422547383301,0.823845022383794,0.999723251605349,1,"arteriol_scler"
"2554","INTS12","Exc L5 ET",-0.0703077382218232,5.40151702711104,1.38217633053186,0.241772603568247,0.999723251605349,1,"arteriol_scler"
"2555","GSTCD","Exc L5 ET",0.0447171920122881,5.26007961788004,0.738860898677174,0.391529664439388,0.999723251605349,1,"arteriol_scler"
"2556","NPNT","Exc L5 ET",0.0307480349948457,5.21404821842828,0.129380082823771,0.719630267220366,0.999723251605349,1,"arteriol_scler"
"2557","TBCK","Exc L5 ET",-0.00977420109997157,7.74540836928076,0.111786140145446,0.738631715522316,0.999723251605349,1,"arteriol_scler"
"2558","AIMP1","Exc L5 ET",0.0106765119397973,4.47747062499599,0.0291731475970419,0.864632201603526,0.999723251605349,1,"arteriol_scler"
"2559","DKK2","Exc L5 ET",0.0461235402211478,3.85057759146046,0.187552200099249,0.665643736464438,0.999723251605349,1,"arteriol_scler"
"2560","PAPSS1","Exc L5 ET",-0.00461351934990775,7.33546271655576,0.0289866296925122,0.865061422754558,0.999723251605349,1,"arteriol_scler"
"2561","AC096564.1","Exc L5 ET",-0.0259520241228913,5.26717756151808,0.275579109615545,0.600463214796966,0.999723251605349,1,"arteriol_scler"
"2562","CYP2U1","Exc L5 ET",-0.0343505038948781,5.63606404938173,0.596481847787846,0.44125562079696,0.999723251605349,1,"arteriol_scler"
"2563","HADH","Exc L5 ET",0.0330905260058959,4.51980417508854,0.40623867402362,0.524949982634345,0.999723251605349,1,"arteriol_scler"
"2564","RPL34-AS1","Exc L5 ET",-0.0511934525007762,4.5588606249174,0.544148325512656,0.461981902431783,0.999723251605349,1,"arteriol_scler"
"2565","RPL34","Exc L5 ET",-0.220666410774848,4.81115613626863,5.35335780411907,0.022172701125186,0.999723251605349,1,"arteriol_scler"
"2566","COL25A1","Exc L5 ET",-0.0623626246573907,4.53743826482601,0.7344786409665,0.392934016540677,0.999723251605349,1,"arteriol_scler"
"2567","SEC24B-AS1","Exc L5 ET",-0.0986767806335097,4.35803292450357,1.97221300882276,0.162479289641758,0.999723251605349,1,"arteriol_scler"
"2568","SEC24B","Exc L5 ET",0.015884890018715,6.36864352870796,0.259715544950644,0.611136711829433,0.999723251605349,1,"arteriol_scler"
"2569","PLA2G12A","Exc L5 ET",0.0814046292675123,4.40894958845221,2.11772875586116,0.147892997647916,0.999723251605349,1,"arteriol_scler"
"2570","EGF","Exc L5 ET",-0.0239727432079507,4.64684468656591,0.131860184940967,0.717071511383993,0.999723251605349,1,"arteriol_scler"
"2571","ELOVL6","Exc L5 ET",0.0647840446100046,6.84210493827724,3.36749710328596,0.068666592050292,0.999723251605349,1,"arteriol_scler"
"2572","FAM241A","Exc L5 ET",0.0765647117686451,4.05796242121299,0.93197531062036,0.336053513958819,0.999723251605349,1,"arteriol_scler"
"2573","AP1AR","Exc L5 ET",0.0276889647163983,4.95335508438451,0.294506446584685,0.588230013258199,0.999723251605349,1,"arteriol_scler"
"2574","ALPK1","Exc L5 ET",0.119179050769358,4.21966756054613,2.7809571056955,0.0976785063356629,0.999723251605349,1,"arteriol_scler"
"2575","ZGRF1","Exc L5 ET",0.01524898062563,4.45456699192969,0.0533085446612409,0.81774794729393,0.999723251605349,1,"arteriol_scler"
"2576","LARP7","Exc L5 ET",-0.0787158843502898,4.79975685670051,2.12379846485403,0.147317937467296,0.999723251605349,1,"arteriol_scler"
"2577","ANK2","Exc L5 ET",-0.0025462761014533,10.5770379065969,0.0158274230794267,0.900069318175917,0.999723251605349,1,"arteriol_scler"
"2578","AC093879.1","Exc L5 ET",-0.184901608086733,5.04973605647939,3.53138292579934,0.0623447170482965,0.999723251605349,1,"arteriol_scler"
"2579","CAMK2D","Exc L5 ET",0.00126477579061937,6.95632590361606,0.000679188492068444,0.979246463136751,0.999723251605349,1,"arteriol_scler"
"2580","LINC01378","Exc L5 ET",-0.14955098864107,4.52929239958002,1.108598712441,0.294242780109624,0.999723251605349,1,"arteriol_scler"
"2581","NDST3","Exc L5 ET",0.00569771993660719,8.53017595266245,0.025057842901828,0.874456425930201,0.999723251605349,1,"arteriol_scler"
"2582","METTL14","Exc L5 ET",0.0118646462338561,4.92125944124154,0.0634041014599463,0.996249564044072,0.999723251605349,1,"arteriol_scler"
"2583","SEC24D","Exc L5 ET",0.0399942213210172,7.15611935380597,1.15119627314178,0.28518772049497,0.999723251605349,1,"arteriol_scler"
"2584","SYNPO2","Exc L5 ET",-0.01916801218683,7.93983214466064,0.311377218505093,0.577748276913543,0.999723251605349,1,"arteriol_scler"
"2585","USP53","Exc L5 ET",0.0599279989198762,5.3434949203,1.70155425877503,0.194274950643779,0.999723251605349,1,"arteriol_scler"
"2586","C4orf3","Exc L5 ET",0.0783278823458535,5.19373542373755,1.29620077622776,0.256898038778913,0.999723251605349,1,"arteriol_scler"
"2587","PDE5A","Exc L5 ET",-0.163590469442028,5.76614116161628,3.70185854889447,0.0564283774212798,0.999723251605349,1,"arteriol_scler"
"2588","AC108866.1","Exc L5 ET",-0.112875489410433,5.17881031436744,2.58871115357747,0.109933004327336,0.999723251605349,1,"arteriol_scler"
"2589","PRDM5","Exc L5 ET",-0.0309381464737706,4.41164064061509,0.194360639745363,0.660007658340772,0.999723251605349,1,"arteriol_scler"
"2590","BBS7","Exc L5 ET",-0.00091606454933135,5.97122400654843,0.000500961974263006,0.982175706039642,0.999723251605349,1,"arteriol_scler"
"2591","KIAA1109","Exc L5 ET",0.0216230876513027,7.38211949461502,0.778678751622427,0.460110457424688,0.999723251605349,1,"arteriol_scler"
"2592","NUDT6","Exc L5 ET",-0.00612773783710197,4.06107202047534,0.00981938851999924,0.954201212860634,0.999723251605349,1,"arteriol_scler"
"2593","SPATA5","Exc L5 ET",0.104030602198804,5.64261519570181,4.63493451742881,0.0330812041062505,0.999723251605349,1,"arteriol_scler"
"2594","ANKRD50","Exc L5 ET",0.055113397975835,4.12158560399913,0.68077258079787,0.410757119678882,0.999723251605349,1,"arteriol_scler"
"2595","INTU","Exc L5 ET",-0.0682465869240039,6.56676233476184,3.88985582469666,0.0505951421272692,0.999723251605349,1,"arteriol_scler"
"2596","HSPA4L","Exc L5 ET",-0.00374365127823875,6.7676578882696,0.00987028235194108,0.921006364176349,0.999723251605349,1,"arteriol_scler"
"2597","MFSD8","Exc L5 ET",-0.00965702380469221,5.11221611575308,0.0526719730969447,0.915291760123633,0.999723251605349,1,"arteriol_scler"
"2598","ABHD18","Exc L5 ET",-0.00661449536344863,6.82459528021585,0.043238465587402,0.835586121673917,0.999723251605349,1,"arteriol_scler"
"2599","LARP1B","Exc L5 ET",-0.0053184475526233,7.20940757614823,0.0338426507804472,0.854314297625847,0.999723251605349,1,"arteriol_scler"
"2600","PGRMC2","Exc L5 ET",0.0337720418922557,4.64713633057314,0.362060345832272,0.548359993502739,0.999723251605349,1,"arteriol_scler"
"2601","AC108062.1","Exc L5 ET",-0.00782316070833883,4.48197805303432,0.00881888067537162,0.925318916812235,0.999723251605349,1,"arteriol_scler"
"2602","JADE1","Exc L5 ET",0.0459071986894464,5.27710409602486,0.95455260676683,0.330287568764407,0.999723251605349,1,"arteriol_scler"
"2603","SCLT1","Exc L5 ET",-0.0266559045577818,7.19416184063746,0.556025819552384,0.457145157752655,0.999723251605349,1,"arteriol_scler"
"2604","C4orf33","Exc L5 ET",0.00438281459333392,4.05858260493713,0.00393156011222511,0.950095195094006,0.999723251605349,1,"arteriol_scler"
"2605","AC096711.2","Exc L5 ET",0.0582272082446286,7.02775527817894,1.16148759359364,0.283053801372938,0.999723251605349,1,"arteriol_scler"
"2606","AC115622.1","Exc L5 ET",-0.0318561926289898,4.52477795755573,0.15506602668565,0.694353384325017,0.999723251605349,1,"arteriol_scler"
"2607","AC105383.1","Exc L5 ET",-0.0947140891057699,5.35089845479573,4.21998286872918,0.0418543176456896,0.999723251605349,1,"arteriol_scler"
"2608","PCDH10","Exc L5 ET",0.01334742541575,5.86773928898032,0.121848198907111,0.72757520485678,0.999723251605349,1,"arteriol_scler"
"2609","ELF2","Exc L5 ET",0.00166530700436701,6.51520492252469,0.00289587568473414,0.957162379734541,0.999723251605349,1,"arteriol_scler"
"2610","NDUFC1","Exc L5 ET",0.0175352802473153,4.65551227343545,0.0511114948961187,0.821477754651026,0.999723251605349,1,"arteriol_scler"
"2611","NAA15","Exc L5 ET",0.0157177325455044,6.25576671144486,0.291033028069948,0.721302739230902,0.999723251605349,1,"arteriol_scler"
"2612","AC097376.2","Exc L5 ET",-0.0588539798135581,5.5778853774549,1.2327954377443,0.268811708392918,0.999723251605349,1,"arteriol_scler"
"2613","SETD7","Exc L5 ET",0.0174658001689105,4.97619107342344,0.124157738138794,0.725110321680605,0.999723251605349,1,"arteriol_scler"
"2614","SCOC","Exc L5 ET",-0.0283280953885304,5.43986019777896,0.137683839679237,0.711168477527297,0.999723251605349,1,"arteriol_scler"
"2615","ELMOD2","Exc L5 ET",-0.00341658035860911,4.6069802984958,0.00415914653698471,0.948673053470563,0.999723251605349,1,"arteriol_scler"
"2616","TBC1D9","Exc L5 ET",-0.0372423634660825,5.60261098679249,0.83835566146512,0.46384189328157,0.999723251605349,1,"arteriol_scler"
"2617","RNF150","Exc L5 ET",0.0203162686010118,7.49356147948666,0.397014943481216,0.52968585847313,0.999723251605349,1,"arteriol_scler"
"2618","ZNF330","Exc L5 ET",0.0313144533174813,4.18002954081131,0.221926301182143,0.701856537713974,0.999723251605349,1,"arteriol_scler"
"2619","INPP4B","Exc L5 ET",0.0366534105817074,7.78689516779588,0.822625359387292,0.366008386089575,0.999723251605349,1,"arteriol_scler"
"2620","AC139720.1","Exc L5 ET",-0.131445154973104,3.83688842748193,1.62088308972923,0.205127729240626,0.999723251605349,1,"arteriol_scler"
"2621","AC104596.1","Exc L5 ET",-0.0103521169769172,5.32563879108521,0.0220486814316912,0.882176303122212,0.999723251605349,1,"arteriol_scler"
"2622","USP38","Exc L5 ET",0.0158063951392275,4.24506255388832,0.084314820732794,0.898196082466712,0.999723251605349,1,"arteriol_scler"
"2623","GAB1","Exc L5 ET",0.114158757497621,6.03116842195031,2.15695690055934,0.144221029519919,0.999723251605349,1,"arteriol_scler"
"2624","SMARCA5","Exc L5 ET",0.047594364986673,5.47243357096475,1.0957628623729,0.297043693571459,0.999723251605349,1,"arteriol_scler"
"2625","HHIP-AS1","Exc L5 ET",-0.0999631203906228,4.27008766868863,2.31446284021659,0.130483443644154,0.999723251605349,1,"arteriol_scler"
"2626","HHIP","Exc L5 ET",-0.13682489978853,4.58586267924687,2.33887109204463,0.128489791768602,0.999723251605349,1,"arteriol_scler"
"2627","ANAPC10","Exc L5 ET",0.015541075037134,7.14191857067274,0.200055594633644,0.655383292319819,0.999723251605349,1,"arteriol_scler"
"2628","ABCE1","Exc L5 ET",-0.00217623042701264,4.79652650220598,0.00204604806388157,0.963987337061354,0.999723251605349,1,"arteriol_scler"
"2629","OTUD4","Exc L5 ET",-0.0479196271719719,5.49265593334786,1.62364221336628,0.204744842967188,0.999723251605349,1,"arteriol_scler"
"2630","SMAD1","Exc L5 ET",-0.00958362102772897,5.78029599334399,0.0375978636275629,0.846540462268162,0.999723251605349,1,"arteriol_scler"
"2631","ZNF827","Exc L5 ET",-0.0199250906227821,7.19451181746686,0.462672048004089,0.497527238973486,0.999723251605349,1,"arteriol_scler"
"2632","LSM6","Exc L5 ET",-0.0487181941274561,4.13721166141161,0.515077947988057,0.474172531021125,0.999723251605349,1,"arteriol_scler"
"2633","SLC10A7","Exc L5 ET",0.00204689854196174,5.56080076621306,0.00149746274063555,0.969188324068372,0.999723251605349,1,"arteriol_scler"
"2634","TMEM184C","Exc L5 ET",-0.0405258439406764,4.81128732090601,0.622721814229168,0.431403029023615,0.999723251605349,1,"arteriol_scler"
"2635","PRMT9","Exc L5 ET",-0.0426769224395977,5.62225793750095,1.01259016569203,0.316059526577288,0.999723251605349,1,"arteriol_scler"
"2636","ARHGAP10","Exc L5 ET",0.0206498982514288,5.67578377514663,0.126061545524612,0.723097782962192,0.999723251605349,1,"arteriol_scler"
"2637","NR3C2","Exc L5 ET",0.0244290089036023,8.19627643472727,0.488891314882156,0.48560929306395,0.999723251605349,1,"arteriol_scler"
"2638","LINC02355","Exc L5 ET",-0.0346581294148104,4.15959755306909,0.180224671749979,0.671847075519386,0.999723251605349,1,"arteriol_scler"
"2639","DCLK2","Exc L5 ET",-0.0081076794752734,7.45584579983668,0.090094457458937,0.764512694426753,0.999723251605349,1,"arteriol_scler"
"2640","LRBA","Exc L5 ET",0.0217034574833655,7.80982900983286,0.592034892244314,0.442959698901395,0.999723251605349,1,"arteriol_scler"
"2641","RPS3A","Exc L5 ET",0.00269282328370328,4.07616831394296,0.000980899370558628,0.975060531503891,0.999723251605349,1,"arteriol_scler"
"2642","SH3D19","Exc L5 ET",0.0228076186958396,7.7983877216896,0.47285001845111,0.492843058305757,0.999723251605349,1,"arteriol_scler"
"2643","FAM160A1","Exc L5 ET",0.151091843157595,4.61262733485074,3.24257504883252,0.0739506413907988,0.999723251605349,1,"arteriol_scler"
"2644","GATB","Exc L5 ET",0.0274835933576898,5.25893487895952,0.359818450031377,0.794575672425685,0.999723251605349,1,"arteriol_scler"
"2645","FBXW7","Exc L5 ET",-0.0189505420925467,8.78056389398817,0.69650431359098,0.405415686662387,0.999723251605349,1,"arteriol_scler"
"2646","ARFIP1","Exc L5 ET",0.0299504374116755,5.7716522034749,0.637163181677265,0.489840861686051,0.999723251605349,1,"arteriol_scler"
"2647","FHDC1","Exc L5 ET",-0.144893286388327,3.90780879785944,2.52726196190925,0.114202417193898,0.999723251605349,1,"arteriol_scler"
"2648","TRIM2","Exc L5 ET",0.0281184308408923,8.43878565063811,2.42417162583717,0.121786629447976,0.999723251605349,1,"arteriol_scler"
"2649","TMEM131L","Exc L5 ET",-0.0308310285625433,5.05502022076563,0.26098692128261,0.610266314569809,0.999723251605349,1,"arteriol_scler"
"2650","RNF175","Exc L5 ET",-0.0227805283951625,7.121719611935,0.479899174767755,0.48964221109196,0.999723251605349,1,"arteriol_scler"
"2651","AC079298.3","Exc L5 ET",0.0632773377402081,4.39774960678459,0.555013952134411,0.457554065242842,0.999723251605349,1,"arteriol_scler"
"2652","DCHS2","Exc L5 ET",-0.0558758007521115,6.966894898249,1.63408329153734,0.203303600189889,0.999723251605349,1,"arteriol_scler"
"2653","PLRG1","Exc L5 ET",-0.0138749380011651,4.75912442029957,0.072803612184106,0.859206285830458,0.999723251605349,1,"arteriol_scler"
"2654","MAP9","Exc L5 ET",0.0230731248748346,6.47172430083017,0.231140526513391,0.631447358166569,0.999723251605349,1,"arteriol_scler"
"2655","GUCY1A1","Exc L5 ET",-0.0472465717522512,4.23621936622183,0.423122654470034,0.516473869352637,0.999723251605349,1,"arteriol_scler"
"2656","GUCY1B1","Exc L5 ET",0.00942795096627561,6.25362818006636,0.0404891308290214,0.840826098648347,0.999723251605349,1,"arteriol_scler"
"2657","TDO2","Exc L5 ET",-0.0232633439516066,5.44421096016008,0.0639460992260507,0.800743852132117,0.999723251605349,1,"arteriol_scler"
"2658","PDGFC","Exc L5 ET",0.0756811710159534,5.32959596182578,1.34598408404481,0.248001951705875,0.999723251605349,1,"arteriol_scler"
"2659","GLRB","Exc L5 ET",0.0256819006809878,7.13295558133024,0.926565204663885,0.337455281254998,0.999723251605349,1,"arteriol_scler"
"2660","GRIA2","Exc L5 ET",-0.00631886636141601,10.1836335922429,0.111890603850948,0.738514135484007,0.999723251605349,1,"arteriol_scler"
"2661","TMEM144","Exc L5 ET",-0.00262810739130474,3.8646047014952,0.00120307318182308,0.972381200828536,0.999723251605349,1,"arteriol_scler"
"2662","ETFDH","Exc L5 ET",-0.063995827472054,6.39697194317215,3.03538525928882,0.0837144146989489,0.999723251605349,1,"arteriol_scler"
"2663","PPID","Exc L5 ET",-0.0819232202117156,5.3792309696369,2.48895166924172,0.116957487346404,0.999723251605349,1,"arteriol_scler"
"2664","FNIP2","Exc L5 ET",-0.000230408962605182,7.36418953923285,5.62602295570289e-05,0.994026303863241,0.999723251605349,1,"arteriol_scler"
"2665","RAPGEF2","Exc L5 ET",0.0267424121924256,8.68879650813234,0.822159564825945,0.366143725506518,0.999723251605349,1,"arteriol_scler"
"2666","FSTL5","Exc L5 ET",-0.0434969934414353,6.86371280218465,0.363478492575373,0.54757876614116,0.999723251605349,1,"arteriol_scler"
"2667","NAF1","Exc L5 ET",0.0399028051486423,4.92676348183972,0.649202134358063,0.495253768534652,0.999723251605349,1,"arteriol_scler"
"2668","NPY1R","Exc L5 ET",0.115179854725012,4.31787763196211,2.00004555815259,0.15956613376775,0.999723251605349,1,"arteriol_scler"
"2669","MARCH1","Exc L5 ET",0.24182702207012,6.01400334346478,4.81643123609244,0.02987670958526,0.999723251605349,1,"arteriol_scler"
"2670","TMEM192","Exc L5 ET",-0.0520250804264972,5.42110556913282,1.20901514599905,0.273458306605603,0.999723251605349,1,"arteriol_scler"
"2671","KLHL2","Exc L5 ET",-0.0434422291553542,6.68641483052037,1.98789537933094,0.160830402559451,0.999723251605349,1,"arteriol_scler"
"2672","MSMO1","Exc L5 ET",0.0359247654790836,5.41279097769333,0.380374255044018,0.538427959397104,0.999723251605349,1,"arteriol_scler"
"2673","CPE","Exc L5 ET",0.0830046273493736,8.19855731971863,5.74845167337202,0.0178532179295129,0.999723251605349,1,"arteriol_scler"
"2674","SPOCK3","Exc L5 ET",0.170799836777849,7.41953049652874,4.96643589625186,0.027475602715964,0.999723251605349,1,"arteriol_scler"
"2675","DDX60L","Exc L5 ET",-0.0651943709657763,4.27770222294879,0.518551004253772,0.472688886991176,0.999723251605349,1,"arteriol_scler"
"2676","PALLD","Exc L5 ET",0.00438351439694585,6.78374145043679,0.0150568653859295,0.902519647509862,0.999723251605349,1,"arteriol_scler"
"2677","CBR4","Exc L5 ET",-0.0101986787176587,6.83890672052081,0.138272571179647,0.710579683482057,0.999723251605349,1,"arteriol_scler"
"2678","SH3RF1","Exc L5 ET",0.00128574239882535,7.06303394009055,0.00172656178150498,0.966916483114178,0.999723251605349,1,"arteriol_scler"
"2679","NEK1","Exc L5 ET",-0.0318309306341703,7.40001117389246,1.23275325694367,0.268819861946651,0.999723251605349,1,"arteriol_scler"
"2680","CLCN3","Exc L5 ET",0.000873364994606338,6.82982314380117,0.00113763515837368,0.973142533526657,0.999723251605349,1,"arteriol_scler"
"2681","HPF1","Exc L5 ET",-0.127801997360207,4.88209748450656,5.388186634224,0.0217512527778507,0.999723251605349,1,"arteriol_scler"
"2682","MFAP3L","Exc L5 ET",-0.0164925290881637,5.36373207566921,0.0836863775600708,0.772800449687485,0.999723251605349,1,"arteriol_scler"
"2683","GALNTL6","Exc L5 ET",0.0638066977521732,4.35032893818301,0.224927595867988,0.636066779198844,0.999723251605349,1,"arteriol_scler"
"2684","GALNT7","Exc L5 ET",0.0237859503612065,5.67779913804364,0.24343763511672,0.622525296022182,0.999723251605349,1,"arteriol_scler"
"2685","SAP30","Exc L5 ET",-0.00589947089907348,4.42593491327498,0.00572146263247406,0.93981572713479,0.999723251605349,1,"arteriol_scler"
"2686","SCRG1","Exc L5 ET",-0.0149967271145677,3.83868200623469,0.0210603552368309,0.884828234257481,0.999723251605349,1,"arteriol_scler"
"2687","CEP44","Exc L5 ET",0.0453995615766811,4.54189941721418,0.603121949311402,0.438729935406038,0.999723251605349,1,"arteriol_scler"
"2688","GLRA3","Exc L5 ET",0.00319208402662638,5.2163385203672,0.00189687381626181,0.965324126105463,0.999723251605349,1,"arteriol_scler"
"2689","GPM6A","Exc L5 ET",0.0270553391118597,9.72333100586896,0.719510808670043,0.397786025311012,0.999723251605349,1,"arteriol_scler"
"2690","WDR17","Exc L5 ET",0.0139438598923481,7.69866882262657,0.235523048721678,0.628234695985741,0.999723251605349,1,"arteriol_scler"
"2691","SPCS3","Exc L5 ET",0.0100429140487782,5.35682294279249,0.0430789128801257,0.835885381161107,0.999723251605349,1,"arteriol_scler"
"2692","AC078881.1","Exc L5 ET",0.0598056008711975,5.54599859058866,0.610440921400477,0.435971753369396,0.999723251605349,1,"arteriol_scler"
"2693","LINC00290","Exc L5 ET",0.0672482988311171,4.19524460423596,0.514954350065176,0.474225470172676,0.999723251605349,1,"arteriol_scler"
"2694","AC098864.1","Exc L5 ET",-0.277455769990126,5.2136522187187,9.27948960572811,0.00278113580826725,0.999723251605349,0.938068297633894,"arteriol_scler"
"2695","TENM3","Exc L5 ET",-0.00870482785015835,8.8687187628438,0.0617934809612731,0.804056158326498,0.999723251605349,1,"arteriol_scler"
"2696","DCTD","Exc L5 ET",0.0105904358954652,4.37122606286218,0.0349806652187192,0.85191325105941,0.999723251605349,1,"arteriol_scler"
"2697","WWC2","Exc L5 ET",0.0347410899118472,6.16154667503286,0.790328230738527,0.375561311995807,0.999723251605349,1,"arteriol_scler"
"2698","AC107214.1","Exc L5 ET",0.00907250433014957,4.26201696528713,0.0193575058077629,0.889551025519268,0.999723251605349,1,"arteriol_scler"
"2699","ING2","Exc L5 ET",0.0497261053363255,3.83385772665171,0.391858324223983,0.532367145127134,0.999723251605349,1,"arteriol_scler"
"2700","RWDD4","Exc L5 ET",-0.0530069523986705,4.41168172401384,1.02524956459973,0.352205580158891,0.999723251605349,1,"arteriol_scler"
"2701","TRAPPC11","Exc L5 ET",-0.0402375383389978,6.2239238029626,2.02572324951302,0.156931674180599,0.999723251605349,1,"arteriol_scler"
"2702","STOX2","Exc L5 ET",0.0169323484271953,8.51745854470737,0.563205348647825,0.454260373582843,0.999723251605349,1,"arteriol_scler"
"2703","IRF2","Exc L5 ET",-0.045100776496502,5.75148591440894,0.99804689486425,0.319547222881204,0.999723251605349,1,"arteriol_scler"
"2704","CASP3","Exc L5 ET",0.0324522828141472,4.69122402601963,0.425118014193066,0.51548811813193,0.999723251605349,1,"arteriol_scler"
"2705","PRIMPOL","Exc L5 ET",-0.00126393771317784,4.93450192058564,0.000557861208502397,0.981190862189597,0.999723251605349,1,"arteriol_scler"
"2706","ACSL1","Exc L5 ET",0.065786845101616,5.04479125019514,2.18241171637926,0.165709619001672,0.999723251605349,1,"arteriol_scler"
"2707","SLC25A4","Exc L5 ET",0.0167999320084693,6.33468778374554,0.0435995791032873,0.834910932536957,0.999723251605349,1,"arteriol_scler"
"2708","CFAP97","Exc L5 ET",-0.0593241577426749,4.27119310259413,0.778818124592241,0.379050795765332,0.999723251605349,1,"arteriol_scler"
"2709","SNX25","Exc L5 ET",-0.0517031745777648,6.63625630132222,2.52581825547148,0.11430491908516,0.999723251605349,1,"arteriol_scler"
"2710","LRP2BP","Exc L5 ET",-0.0281583571517607,4.62059088517813,0.207755345163654,0.6492550908353,0.999723251605349,1,"arteriol_scler"
"2711","AC112722.1","Exc L5 ET",-0.0368512390848249,4.63577197951001,0.460428027764954,0.498570150176598,0.999723251605349,1,"arteriol_scler"
"2712","ANKRD37","Exc L5 ET",-0.0911471183772535,4.22248693099091,1.17593465127008,0.280092413501508,0.999723251605349,1,"arteriol_scler"
"2713","UFSP2","Exc L5 ET",0.0306594827260482,4.09781539393344,0.20981989790842,0.647635305739546,0.999723251605349,1,"arteriol_scler"
"2714","C4orf47","Exc L5 ET",-0.0470869545646355,5.51063648584295,1.1753831895766,0.280204727193747,0.999723251605349,1,"arteriol_scler"
"2715","PDLIM3","Exc L5 ET",-0.0172230912249501,4.40922807956555,0.0447953299715855,0.832695784002154,0.999723251605349,1,"arteriol_scler"
"2716","SORBS2","Exc L5 ET",-0.0260318047724429,8.89553853966347,0.5753090312227,0.449461590890928,0.999723251605349,1,"arteriol_scler"
"2717","FAM149A","Exc L5 ET",-0.157132908616157,3.95837706965979,4.40763277093967,0.0376151714475153,0.999723251605349,1,"arteriol_scler"
"2718","CYP4V2","Exc L5 ET",0.0277415248241447,4.59919407557113,0.246957021221979,0.620023546913432,0.999723251605349,1,"arteriol_scler"
"2719","KLKB1","Exc L5 ET",-0.0653080026991116,3.95952645401517,0.585776672277289,0.445375210877048,0.999723251605349,1,"arteriol_scler"
"2720","LINC01060","Exc L5 ET",-0.236615631910704,3.63149336233739,1.74276478719762,0.188993321249091,0.999723251605349,1,"arteriol_scler"
"2721","FRG1-DT","Exc L5 ET",0.0577772849535998,5.19696459384441,0.659102763949157,0.418287144949169,0.999723251605349,1,"arteriol_scler"
"2722","FRG1","Exc L5 ET",-0.0138803936282994,4.09185629989295,0.0438326125132271,0.834476768647257,0.999723251605349,1,"arteriol_scler"
"2723","CCDC127","Exc L5 ET",0.0420887293597962,3.80783809273845,0.233982041351802,0.62936010988503,0.999723251605349,1,"arteriol_scler"
"2724","SDHA","Exc L5 ET",-0.0239421968954503,6.12869787935701,0.4653034643794,0.496308992909493,0.999723251605349,1,"arteriol_scler"
"2725","PDCD6","Exc L5 ET",-0.0228437638723633,5.02913483692117,0.208118493822962,0.648969472067188,0.999723251605349,1,"arteriol_scler"
"2726","EXOC3","Exc L5 ET",-0.0597880171795583,5.32467320129148,2.22782334101542,0.145463793587776,0.999723251605349,1,"arteriol_scler"
"2727","TPPP","Exc L5 ET",0.0240340745107705,6.18537241536174,0.3073401527236,0.580222067971952,0.999723251605349,1,"arteriol_scler"
"2728","ZDHHC11B","Exc L5 ET",0.0185100366310052,6.12168850142436,0.0871460176345354,0.768284768697546,0.999723251605349,1,"arteriol_scler"
"2729","ZDHHC11","Exc L5 ET",-0.0958716023057824,4.73452098168768,1.20652414595349,0.273950886592821,0.999723251605349,1,"arteriol_scler"
"2730","BRD9","Exc L5 ET",0.00758181753058629,4.79572555325466,0.0163685192024924,0.898384706280443,0.999723251605349,1,"arteriol_scler"
"2731","CLPTM1L","Exc L5 ET",0.048075032479461,4.46485177222301,0.636822424408257,0.426246748921724,0.999723251605349,1,"arteriol_scler"
"2732","LPCAT1","Exc L5 ET",-0.079940185687163,4.80021259908776,2.97223464849535,0.132107261195067,0.999723251605349,1,"arteriol_scler"
"2733","MRPL36","Exc L5 ET",-0.0992271618553025,3.90243525453204,1.0546155236532,0.306258709629612,0.999723251605349,1,"arteriol_scler"
"2734","NDUFS6","Exc L5 ET",-0.0422758069703919,4.55540463205476,0.436221698435521,0.510062250681967,0.999723251605349,1,"arteriol_scler"
"2735","AC126768.2","Exc L5 ET",-0.0736657440850007,4.06215022078897,0.88440281202749,0.348656073535929,0.999723251605349,1,"arteriol_scler"
"2736","ICE1","Exc L5 ET",0.0241225018026809,6.12619676685502,0.615381041450949,0.697459789954329,0.999723251605349,1,"arteriol_scler"
"2737","MED10","Exc L5 ET",-0.0705559494582214,5.65175274007474,1.13976585523482,0.287581998434027,0.999723251605349,1,"arteriol_scler"
"2738","UBE2QL1","Exc L5 ET",0.053722534666428,6.30963869415548,1.48027911774955,0.225825596034491,0.999723251605349,1,"arteriol_scler"
"2739","NSUN2","Exc L5 ET",-0.0459703541112025,5.27602490052211,0.578671093511785,0.44814273737172,0.999723251605349,1,"arteriol_scler"
"2740","SRD5A1","Exc L5 ET",0.0285962558986277,5.76591465559523,0.563198459360835,0.634306336411635,0.999723251605349,1,"arteriol_scler"
"2741","TENT4A","Exc L5 ET",0.00926458932075522,5.87774050848022,0.0504932411708718,0.822542469140295,0.999723251605349,1,"arteriol_scler"
"2742","LINC02236","Exc L5 ET",-0.114129554358027,4.53530377324691,3.53484459102254,0.062218150362671,0.999723251605349,1,"arteriol_scler"
"2743","ADCY2","Exc L5 ET",-0.0194051883774004,8.83732190751776,0.419870856093962,0.518087447267531,0.999723251605349,1,"arteriol_scler"
"2744","MTRR","Exc L5 ET",-0.0201775421187147,5.62185878376104,0.29572082856594,0.817017023561523,0.999723251605349,1,"arteriol_scler"
"2745","SEMA5A","Exc L5 ET",-0.0190774861506698,4.75872925970961,0.0291173571726687,0.864760439946754,0.999723251605349,1,"arteriol_scler"
"2746","LINC02112","Exc L5 ET",-0.0560144996135885,5.85363084582601,0.600134904587756,0.4398633432135,0.999723251605349,1,"arteriol_scler"
"2747","FAM173B","Exc L5 ET",-0.0343036699947214,5.58334321774745,0.542147807595777,0.462804580858235,0.999723251605349,1,"arteriol_scler"
"2748","CCT5","Exc L5 ET",-0.0091311974229483,5.1331683981532,0.0217659398782985,0.882928657383985,0.999723251605349,1,"arteriol_scler"
"2749","CMBL","Exc L5 ET",-0.0023711663589138,4.34773807316672,0.00118827124693072,0.972551561543178,0.999723251605349,1,"arteriol_scler"
"2750","MARCH6","Exc L5 ET",0.0197716540072792,7.63602098635248,0.52495459729936,0.469973057321444,0.999723251605349,1,"arteriol_scler"
"2751","ROPN1L","Exc L5 ET",0.00550176841929097,4.15196331909425,0.00664519338249152,0.935149100532463,0.999723251605349,1,"arteriol_scler"
"2752","ANKRD33B","Exc L5 ET",0.0161915060836626,6.72896423314484,0.235892227049058,0.627965757545561,0.999723251605349,1,"arteriol_scler"
"2753","CTNND2","Exc L5 ET",0.0248535384394588,10.4215906748987,0.883516744095642,0.34889686262366,0.999723251605349,1,"arteriol_scler"
"2754","TRIO","Exc L5 ET",-0.00754306031730546,8.99594633247587,0.0712476349556925,0.789930726151313,0.999723251605349,1,"arteriol_scler"
"2755","OTULIN","Exc L5 ET",0.0498611476080907,4.31583918015446,0.690756842740806,0.407355201430006,0.999723251605349,1,"arteriol_scler"
"2756","ANKH","Exc L5 ET",0.00668080806579121,7.71070370915035,0.061439986352771,0.804605921622521,0.999723251605349,1,"arteriol_scler"
"2757","MARCH11","Exc L5 ET",0.0447196401234841,6.04436976392403,0.96346553859106,0.328047860332747,0.999723251605349,1,"arteriol_scler"
"2758","LINC02150","Exc L5 ET",0.0807109171272734,3.79580149432908,0.527313695767329,0.46897890764586,0.999723251605349,1,"arteriol_scler"
"2759","RETREG1","Exc L5 ET",0.0158248713745629,7.33369608828349,0.304299736032,0.582099220892228,0.999723251605349,1,"arteriol_scler"
"2760","BASP1","Exc L5 ET",0.0311160415856722,8.44458497078011,0.700072932120772,0.4042182614001,0.999723251605349,1,"arteriol_scler"
"2761","BASP1-AS1","Exc L5 ET",0.0275472668264699,7.27134930162115,0.527571303557327,0.468870554903343,0.999723251605349,1,"arteriol_scler"
"2762","LINC02217","Exc L5 ET",-0.0396105118476612,3.69864505560854,0.153152804355103,0.696149273783187,0.999723251605349,1,"arteriol_scler"
"2763","LINC02223","Exc L5 ET",0.0762841590074157,5.77676102966229,1.49671967533525,0.223279729815086,0.999723251605349,1,"arteriol_scler"
"2764","CDH18","Exc L5 ET",0.0268047502859638,9.06773390509306,0.548269414393492,0.460294520459281,0.999723251605349,1,"arteriol_scler"
"2765","LINC02241","Exc L5 ET",0.0444065023994954,5.00519806383248,0.551223885631989,0.459090848995315,0.999723251605349,1,"arteriol_scler"
"2766","AC091946.1","Exc L5 ET",-0.149048886583277,3.99383508110949,2.13403183384165,0.14635416157974,0.999723251605349,1,"arteriol_scler"
"2767","CDH12","Exc L5 ET",0.0282485609686325,8.2638526768397,0.213835064835707,0.644512561231221,0.999723251605349,1,"arteriol_scler"
"2768","CDH10","Exc L5 ET",0.0115134044880034,6.49348359426774,0.0432986434991427,0.835473400733164,0.999723251605349,1,"arteriol_scler"
"2769","AC091885.2","Exc L5 ET",-0.147926654184167,3.69393527096621,1.52723066825861,0.218646232571706,0.999723251605349,1,"arteriol_scler"
"2770","CDH9","Exc L5 ET",-0.181941952390366,3.21135146282139,1.0967659621409,0.296823569355184,0.999723251605349,1,"arteriol_scler"
"2771","CDH6","Exc L5 ET",-0.0268656972760193,6.32706087801992,0.331864823003935,0.565509519320853,0.999723251605349,1,"arteriol_scler"
"2772","DROSHA","Exc L5 ET",0.00590219622055812,5.93219948692399,0.0285701987981416,0.93423483215616,0.999723251605349,1,"arteriol_scler"
"2773","C5orf22","Exc L5 ET",-0.0899173656763611,4.75509544308388,3.5310331172271,0.0623575223027728,0.999723251605349,1,"arteriol_scler"
"2774","PDZD2","Exc L5 ET",0.0241822454131348,8.38931712278508,0.237123048794413,0.627071007365585,0.999723251605349,1,"arteriol_scler"
"2775","GOLPH3","Exc L5 ET",0.00862030329447109,6.26346444551565,0.094718355561196,0.758730346016448,0.999723251605349,1,"arteriol_scler"
"2776","MTMR12","Exc L5 ET",0.0336401204903839,6.29215550169774,1.03408814587317,0.402073580086955,0.999723251605349,1,"arteriol_scler"
"2777","ZFR","Exc L5 ET",0.00341938232428598,7.09740279951198,0.0203428734753384,0.88679346687129,0.999723251605349,1,"arteriol_scler"
"2778","SUB1","Exc L5 ET",-0.0963658553916789,6.30426485004689,2.9362972544014,0.0888739520485888,0.999723251605349,1,"arteriol_scler"
"2779","TARS","Exc L5 ET",-0.0286678470146678,4.01439096653582,0.147877585090561,0.701169006069233,0.999723251605349,1,"arteriol_scler"
"2780","C1QTNF3-AMACR","Exc L5 ET",0.0846333272110091,5.4877000541862,2.86927653402648,0.0925608549874278,0.999723251605349,1,"arteriol_scler"
"2781","TTC23L","Exc L5 ET",-0.0338394498304038,4.42278627998653,0.347977325333871,0.556233346005803,0.999723251605349,1,"arteriol_scler"
"2782","BRIX1","Exc L5 ET",-0.0990787204004509,4.01397148942288,1.84276990524915,0.176861621416096,0.999723251605349,1,"arteriol_scler"
"2783","DNAJC21","Exc L5 ET",0.0622416916206202,5.1562711933279,1.86501800143463,0.174287755337878,0.999723251605349,1,"arteriol_scler"
"2784","SPEF2","Exc L5 ET",0.00571699823498873,6.06661902075443,0.0165902974544319,0.897702426153777,0.999723251605349,1,"arteriol_scler"
"2785","LMBRD2","Exc L5 ET",0.0586354973552048,6.27100540665236,2.74980611118937,0.0995572519350732,0.999723251605349,1,"arteriol_scler"
"2786","SKP2","Exc L5 ET",0.0566158998009889,4.39206645954071,0.910985335151014,0.341536473790467,0.999723251605349,1,"arteriol_scler"
"2787","NADK2","Exc L5 ET",0.0315171964975826,4.60418288359466,0.328106072991561,0.623867576702728,0.999723251605349,1,"arteriol_scler"
"2788","NIPBL","Exc L5 ET",0.0277305169423357,7.51509143491281,0.927999407221244,0.337082909473193,0.999723251605349,1,"arteriol_scler"
"2789","CPLANE1","Exc L5 ET",0.00397332924458869,7.65673212268026,0.0308483874642495,0.860838751012507,0.999723251605349,1,"arteriol_scler"
"2790","NUP155","Exc L5 ET",-0.0645407291223417,4.4766292029726,1.26009289337398,0.263599619995761,0.999723251605349,1,"arteriol_scler"
"2791","WDR70","Exc L5 ET",0.00110875322409028,7.8703949252349,0.00176420282650591,0.966558009314848,0.999723251605349,1,"arteriol_scler"
"2792","LIFR","Exc L5 ET",0.0173642067478716,6.54775566101781,0.229512594627592,0.632650296906897,0.999723251605349,1,"arteriol_scler"
"2793","LIFR-AS1","Exc L5 ET",-0.0136228526578565,3.97958789527119,0.0315789397884445,0.859217776048931,0.999723251605349,1,"arteriol_scler"
"2794","RICTOR","Exc L5 ET",0.00103873796543544,7.55980750982441,0.00175750075695714,0.96662155397377,0.999723251605349,1,"arteriol_scler"
"2795","TTC33","Exc L5 ET",0.0809281151379925,5.34276751020778,3.86391868960794,0.0513600094247744,0.999723251605349,1,"arteriol_scler"
"2796","PRKAA1","Exc L5 ET",-0.0993485867760718,5.16245355230657,4.44356450229503,0.0368567438878088,0.999723251605349,1,"arteriol_scler"
"2797","RPL37","Exc L5 ET",0.00697779432361735,5.3901559854178,0.0295121071386224,0.86385577726383,0.999723251605349,1,"arteriol_scler"
"2798","OXCT1","Exc L5 ET",0.0550818728533925,6.46843836870921,2.74499359444794,0.0998510381987686,0.999723251605349,1,"arteriol_scler"
"2799","C5orf51","Exc L5 ET",-0.0666957558797038,4.26850373865081,1.38663166013825,0.248223747575502,0.999723251605349,1,"arteriol_scler"
"2800","GHR","Exc L5 ET",0.0247619266956283,5.74567810466427,0.144286702578829,0.704645104227978,0.999723251605349,1,"arteriol_scler"
"2801","ZNF131","Exc L5 ET",0.0254023148575886,6.67635972432817,0.679029459245709,0.41135535494327,0.999723251605349,1,"arteriol_scler"
"2802","NIM1K","Exc L5 ET",0.0488676223728327,6.18020545445767,1.33776085191368,0.249444801250663,0.999723251605349,1,"arteriol_scler"
"2803","HMGCS1","Exc L5 ET",0.000437206185518852,5.72301883172323,6.44535074545554e-05,0.993606111503953,0.999723251605349,1,"arteriol_scler"
"2804","TMEM267","Exc L5 ET",0.00343876868791949,5.20474777605726,0.00595421958914463,0.9386061382939,0.999723251605349,1,"arteriol_scler"
"2805","C5orf34","Exc L5 ET",-0.032873303722832,4.53143258637527,0.247856039278247,0.619388051998287,0.999723251605349,1,"arteriol_scler"
"2806","PAIP1","Exc L5 ET",0.0790585839280727,5.3656985933027,2.60971328422559,0.108514732960411,0.999723251605349,1,"arteriol_scler"
"2807","NNT-AS1","Exc L5 ET",-0.0300691237881691,6.00637948684953,0.590849973838571,0.443415482593264,0.999723251605349,1,"arteriol_scler"
"2808","NNT","Exc L5 ET",0.00815396825790052,7.3759863629085,0.0885561756832464,0.766472158154871,0.999723251605349,1,"arteriol_scler"
"2809","MRPS30-DT","Exc L5 ET",0.0152551673944962,6.35044467413576,0.149988372539034,0.699148270350397,0.999723251605349,1,"arteriol_scler"
"2810","MRPS30","Exc L5 ET",-0.0177365143591231,5.1729088884643,0.100300846670322,0.751951632524991,0.999723251605349,1,"arteriol_scler"
"2811","AC093297.2","Exc L5 ET",0.0204304100765672,4.36745863697886,0.11837091141096,0.73133634992445,0.999723251605349,1,"arteriol_scler"
"2812","HCN1","Exc L5 ET",0.0361390218388006,9.79226163437847,1.62159698967879,0.205028578979427,0.999723251605349,1,"arteriol_scler"
"2813","EMB","Exc L5 ET",-0.0273017727488555,4.82709618542131,0.176953765682318,0.674664316195553,0.999723251605349,1,"arteriol_scler"
"2814","PARP8","Exc L5 ET",-0.0230295175319233,7.73256305500058,0.35412200843843,0.552771970604439,0.999723251605349,1,"arteriol_scler"
"2815","MOCS2","Exc L5 ET",-0.00757035589614174,4.57608673433505,0.0123354666160207,0.91172745605266,0.999723251605349,1,"arteriol_scler"
"2816","NDUFS4","Exc L5 ET",-0.0194669152883158,6.06299833190046,0.421140115974299,0.556209231021547,0.999723251605349,1,"arteriol_scler"
"2817","ARL15","Exc L5 ET",-0.0401035322822782,9.27214537267715,0.701197988119775,0.403841832800781,0.999723251605349,1,"arteriol_scler"
"2818","AC026704.1","Exc L5 ET",-0.128790248798977,3.66519202449507,1.67323557246988,0.19800538306858,0.999723251605349,1,"arteriol_scler"
"2819","DHX29","Exc L5 ET",-0.0544006370634079,5.8706162382945,2.71774430546877,0.127947137363623,0.999723251605349,1,"arteriol_scler"
"2820","MTREX","Exc L5 ET",-0.0252172863427922,6.047211717663,0.703236118813498,0.430119709472796,0.999723251605349,1,"arteriol_scler"
"2821","PLPP1","Exc L5 ET",0.0360632005603603,6.92667450891852,1.72378343245216,0.191404725148969,0.999723251605349,1,"arteriol_scler"
"2822","SLC38A9","Exc L5 ET",0.014143938669202,6.23290715262988,0.145159135775634,0.703796038323016,0.999723251605349,1,"arteriol_scler"
"2823","IL6ST","Exc L5 ET",0.0148836781708275,5.10816100056293,0.0866676932951901,0.768903224825386,0.999723251605349,1,"arteriol_scler"
"2824","MAP3K1","Exc L5 ET",0.0178304108383294,4.17024206388948,0.0640329122231223,0.80061152361464,0.999723251605349,1,"arteriol_scler"
"2825","GPBP1","Exc L5 ET",-0.0139170442957728,6.8061355503548,0.266759701757148,0.60634755150475,0.999723251605349,1,"arteriol_scler"
"2826","PLK2","Exc L5 ET",0.0240519160239453,5.74215449064945,0.158937220229266,0.690758403997944,0.999723251605349,1,"arteriol_scler"
"2827","RAB3C","Exc L5 ET",0.00255935445252815,8.66302945566924,0.00827253609770722,0.927662582799575,0.999723251605349,1,"arteriol_scler"
"2828","PDE4D","Exc L5 ET",0.0291783952891973,11.1583530984046,1.05530245283926,0.306101839606835,0.999723251605349,1,"arteriol_scler"
"2829","PART1","Exc L5 ET",0.0062094960067851,7.24625366081179,0.0352720496841483,0.8513049971353,0.999723251605349,1,"arteriol_scler"
"2830","ELOVL7","Exc L5 ET",-0.0983514398163393,5.27776914562252,4.19661873754369,0.0424166456498435,0.999723251605349,1,"arteriol_scler"
"2831","ERCC8","Exc L5 ET",0.04039753416992,5.91962616823041,1.41391305347911,0.236467577759891,0.999723251605349,1,"arteriol_scler"
"2832","NDUFAF2","Exc L5 ET",0.0253430787101574,6.26123412217092,0.629552665013316,0.628418955655547,0.999723251605349,1,"arteriol_scler"
"2833","ZSWIM6","Exc L5 ET",0.0465102682891503,7.96960198087368,2.31547821114005,0.130399817700597,0.999723251605349,1,"arteriol_scler"
"2834","KIF2A","Exc L5 ET",0.032971469324097,6.43883479787886,1.35642937807545,0.2461840398301,0.999723251605349,1,"arteriol_scler"
"2835","DIMT1","Exc L5 ET",-0.00598171453587174,4.15231181982154,0.00971975605473393,0.92160904449882,0.999723251605349,1,"arteriol_scler"
"2836","IPO11","Exc L5 ET",0.00102516235031833,6.40383674354616,0.000764577809105117,0.977980797743879,0.999723251605349,1,"arteriol_scler"
"2837","RNF180","Exc L5 ET",0.00766036498082372,6.76515663389431,0.0518605245229602,0.820196857695638,0.999723251605349,1,"arteriol_scler"
"2838","RGS7BP","Exc L5 ET",0.0481319051209713,7.19549121751427,2.7990677273092,0.0966042266193119,0.999723251605349,1,"arteriol_scler"
"2839","SREK1IP1","Exc L5 ET",-0.0285887439432041,5.28156552624412,0.497358649505708,0.48186197225046,0.999723251605349,1,"arteriol_scler"
"2840","CWC27","Exc L5 ET",0.0328744587100234,7.22558356585182,1.22301908379289,0.270709834915781,0.999723251605349,1,"arteriol_scler"
"2841","PPWD1","Exc L5 ET",-0.0199245531387784,5.44801938284793,0.305384784778325,0.581427911009158,0.999723251605349,1,"arteriol_scler"
"2842","TRIM23","Exc L5 ET",-0.0364147058531475,5.91638763811503,0.848401658659818,0.358626221783778,0.999723251605349,1,"arteriol_scler"
"2843","TRAPPC13","Exc L5 ET",-0.00996513370791979,5.90824069198729,0.0653672209281548,0.798589539753867,0.999723251605349,1,"arteriol_scler"
"2844","SGTB","Exc L5 ET",0.0217475342657721,5.69508681249214,0.269884296828986,0.604248850718364,0.999723251605349,1,"arteriol_scler"
"2845","NLN","Exc L5 ET",-0.0519305519489754,6.19468546585182,2.32386647470048,0.129711264943127,0.999723251605349,1,"arteriol_scler"
"2846","ERBIN","Exc L5 ET",0.0366955969490786,6.64890273088913,1.12975528682712,0.289700056807951,0.999723251605349,1,"arteriol_scler"
"2847","SREK1","Exc L5 ET",0.0535979400395696,6.44270644104879,2.47605115732314,0.117901851685963,0.999723251605349,1,"arteriol_scler"
"2848","MAST4","Exc L5 ET",0.00911619732813414,9.65488804874586,0.12556836799962,0.723617475446758,0.999723251605349,1,"arteriol_scler"
"2849","PIK3R1","Exc L5 ET",0.000120102524394775,8.15982836215297,2.36942263913543e-05,0.99612326585885,0.999723251605349,1,"arteriol_scler"
"2850","AC093523.1","Exc L5 ET",0.0643271094095735,4.79017623909554,0.880959583955711,0.349593048786707,0.999723251605349,1,"arteriol_scler"
"2851","SLC30A5","Exc L5 ET",0.0673008790667858,5.40004428972696,3.08920372954681,0.0810499678964878,0.999723251605349,1,"arteriol_scler"
"2852","MRPS36","Exc L5 ET",0.0104176682977388,5.03946864056227,0.0398301170651029,0.842109424381498,0.999723251605349,1,"arteriol_scler"
"2853","CDK7","Exc L5 ET",-0.0603573184150042,4.73328857615959,1.38349817599789,0.277983974724962,0.999723251605349,1,"arteriol_scler"
"2854","CCDC125","Exc L5 ET",0.047664001694117,4.53205789910829,0.531335329311933,0.4672919622625,0.999723251605349,1,"arteriol_scler"
"2855","AK6","Exc L5 ET",0.0784391507054391,4.20708438762548,1.34570008411442,0.248051610272735,0.999723251605349,1,"arteriol_scler"
"2856","RAD17","Exc L5 ET",-0.0402737539044319,4.60832535506324,0.776031220281896,0.379902603282321,0.999723251605349,1,"arteriol_scler"
"2857","GTF2H2C","Exc L5 ET",0.00849641852150984,5.28090740888489,0.0266581927489477,0.870544134347611,0.999723251605349,1,"arteriol_scler"
"2858","NAIP","Exc L5 ET",0.034618600834189,5.38248061436569,0.390316262902596,0.533173747200812,0.999723251605349,1,"arteriol_scler"
"2859","GTF2H2","Exc L5 ET",-0.0407735724385265,5.14661845009414,0.381594461232237,0.537778012702139,0.999723251605349,1,"arteriol_scler"
"2860","BDP1","Exc L5 ET",0.0343293359668614,7.3594751970495,1.357617463178,0.245978306297572,0.999723251605349,1,"arteriol_scler"
"2861","MCCC2","Exc L5 ET",0.0592265004407025,5.39429217899104,1.72773784819592,0.190899381918741,0.999723251605349,1,"arteriol_scler"
"2862","MAP1B","Exc L5 ET",0.0489628306172206,10.5416611402582,1.13869405678447,0.287807820769583,0.999723251605349,1,"arteriol_scler"
"2863","MRPS27","Exc L5 ET",-0.0147685699584077,5.93377749585358,0.214675186898663,0.643863680028805,0.999723251605349,1,"arteriol_scler"
"2864","PTCD2","Exc L5 ET",-0.0481815421251558,4.2312033069028,0.517105089549196,0.473305643189472,0.999723251605349,1,"arteriol_scler"
"2865","TNPO1","Exc L5 ET",0.0656761268069534,7.29214572883294,6.64588919314965,0.0109961618675206,0.999723251605349,1,"arteriol_scler"
"2866","FCHO2","Exc L5 ET",0.0570550604706027,6.6225618817,1.84491163128139,0.176611931579507,0.999723251605349,1,"arteriol_scler"
"2867","BTF3","Exc L5 ET",0.0053545332267114,5.25492375146857,0.00367474528206698,0.951750564418375,0.999723251605349,1,"arteriol_scler"
"2868","ANKRA2","Exc L5 ET",0.0122315979810984,3.97914020535993,0.0249650004319784,0.874687272705211,0.999723251605349,1,"arteriol_scler"
"2869","ARHGEF28","Exc L5 ET",0.0648186447341593,5.6465462145727,1.06004203505906,0.305022341444996,0.999723251605349,1,"arteriol_scler"
"2870","ENC1","Exc L5 ET",0.0492725764390839,7.82221101213584,1.02528336014029,0.313056443197236,0.999723251605349,1,"arteriol_scler"
"2871","HEXB","Exc L5 ET",0.0219334600126862,5.98653966200137,0.345218044661217,0.557801120717155,0.999723251605349,1,"arteriol_scler"
"2872","GFM2","Exc L5 ET",0.0198589545574288,5.43193892043269,0.270430095262305,0.603883839548292,0.999723251605349,1,"arteriol_scler"
"2873","NSA2","Exc L5 ET",-0.0217411662956787,4.54434906246856,0.127001071256721,0.722110905983731,0.999723251605349,1,"arteriol_scler"
"2874","FAM169A","Exc L5 ET",-0.0192357192164075,7.03347393340864,0.525513635926718,0.469737164325844,0.999723251605349,1,"arteriol_scler"
"2875","HMGCR","Exc L5 ET",0.0240999966841572,5.91236437188482,0.305712795830882,0.581225280339385,0.999723251605349,1,"arteriol_scler"
"2876","COL4A3BP","Exc L5 ET",0.0505818413687868,6.84954235360471,4.30884097395022,0.0397869914384249,0.999723251605349,1,"arteriol_scler"
"2877","POLK","Exc L5 ET",-0.0354895571680397,6.36790994886441,1.33344856255937,0.250205582517673,0.999723251605349,1,"arteriol_scler"
"2878","ANKDD1B","Exc L5 ET",0.0141074888608665,4.31729108027749,0.0393083018762181,0.843133431653931,0.999723251605349,1,"arteriol_scler"
"2879","POC5","Exc L5 ET",-0.0679310480804618,4.95145034479783,1.77121166396295,0.185445914216608,0.999723251605349,1,"arteriol_scler"
"2880","SV2C","Exc L5 ET",0.0368612839955075,5.9991798541993,0.134178226750391,0.714704483660661,0.999723251605349,1,"arteriol_scler"
"2881","WDR41","Exc L5 ET",0.0151674340710627,5.40948279356554,0.174346408724994,0.676932091847273,0.999723251605349,1,"arteriol_scler"
"2882","TBCA","Exc L5 ET",-0.000742373310552406,6.63557440572648,0.000547958502082523,0.981358521099258,0.999723251605349,1,"arteriol_scler"
"2883","AP3B1","Exc L5 ET",0.0349282646894729,6.15973153056163,0.939763106288691,0.334049432268336,0.999723251605349,1,"arteriol_scler"
"2884","SCAMP1","Exc L5 ET",-0.00595634345503951,6.2320943324963,0.031508796994124,0.859372566157639,0.999723251605349,1,"arteriol_scler"
"2885","LHFPL2","Exc L5 ET",-0.0566781769708015,4.88767908759202,0.515491989581901,0.473995259939508,0.999723251605349,1,"arteriol_scler"
"2886","ARSB","Exc L5 ET",0.0270515077231212,5.64776212005863,0.349850652953459,0.555173728357957,0.999723251605349,1,"arteriol_scler"
"2887","DMGDH","Exc L5 ET",-0.0761416285947801,5.36176896022906,1.78440933619925,0.183826678612766,0.999723251605349,1,"arteriol_scler"
"2888","JMY","Exc L5 ET",-0.0258469187216979,6.13376733626197,0.735859740078144,0.392490641273795,0.999723251605349,1,"arteriol_scler"
"2889","HOMER1","Exc L5 ET",-0.0546662295339086,9.00020467332629,3.60954739962737,0.0595531665517708,0.999723251605349,1,"arteriol_scler"
"2890","TENT2","Exc L5 ET",-0.00434766604459207,7.37580676176349,0.020193043306964,0.887208304869291,0.999723251605349,1,"arteriol_scler"
"2891","CMYA5","Exc L5 ET",-0.00376654644424145,5.18067195198108,0.00314988305683922,0.95532504924743,0.999723251605349,1,"arteriol_scler"
"2892","MTX3","Exc L5 ET",-0.0193636904670381,5.33407350843808,0.178713639931201,0.673144750453352,0.999723251605349,1,"arteriol_scler"
"2893","THBS4","Exc L5 ET",0.0224644068935226,4.80762598661813,0.169155126031707,0.681507307089831,0.999723251605349,1,"arteriol_scler"
"2894","SERINC5","Exc L5 ET",-0.0411099426068603,4.28395217634695,0.262925541299794,0.608944253118621,0.999723251605349,1,"arteriol_scler"
"2895","ZFYVE16","Exc L5 ET",0.0136128254811661,6.71994821717876,0.233868832749333,0.747026404012814,0.999723251605349,1,"arteriol_scler"
"2896","FAM151B","Exc L5 ET",0.0182337906561291,5.19649972745529,0.147591930052645,0.701443744772659,0.999723251605349,1,"arteriol_scler"
"2897","ANKRD34B","Exc L5 ET",0.0983477539805134,4.45175726668748,1.78515997916563,0.183735080262229,0.999723251605349,1,"arteriol_scler"
"2898","DHFR","Exc L5 ET",-0.0515852319302283,7.03893969347758,0.331922078859912,0.565476028295264,0.999723251605349,1,"arteriol_scler"
"2899","MSH3","Exc L5 ET",-0.0241826559590186,6.75194701931868,0.517957329511692,0.472941961161587,0.999723251605349,1,"arteriol_scler"
"2900","RASGRF2","Exc L5 ET",-0.00669263029867105,7.88379149222067,0.0129881477072186,0.909432171140823,0.999723251605349,1,"arteriol_scler"
"2901","CKMT2-AS1","Exc L5 ET",0.0127217079762968,6.07218896110778,0.0981476888784417,0.754541003840032,0.999723251605349,1,"arteriol_scler"
"2902","ZCCHC9","Exc L5 ET",-0.0393477670321963,4.55763908436451,0.521045099353707,0.519479499434453,0.999723251605349,1,"arteriol_scler"
"2903","SSBP2","Exc L5 ET",0.0358023953146707,8.75190575773391,1.1884347776304,0.277561845810025,0.999723251605349,1,"arteriol_scler"
"2904","ATG10","Exc L5 ET",0.0315473980286314,6.31707124102771,0.721868014866961,0.397016160634164,0.999723251605349,1,"arteriol_scler"
"2905","RPS23","Exc L5 ET",-0.0212411576382852,4.94633308795696,0.0521611992787152,0.819685420286241,0.999723251605349,1,"arteriol_scler"
"2906","ATP6AP1L","Exc L5 ET",-0.0204517674261864,6.21021268578417,0.2166381834978,0.642353525210733,0.999723251605349,1,"arteriol_scler"
"2907","TMEM167A","Exc L5 ET",-0.00256491942271797,4.80891895444255,0.00192337297070864,0.965082912057284,0.999723251605349,1,"arteriol_scler"
"2908","XRCC4","Exc L5 ET",0.0251191963894057,4.27499809252209,0.139567201970224,0.709289919162741,0.999723251605349,1,"arteriol_scler"
"2909","EDIL3","Exc L5 ET",0.0768233122705604,6.64351083392453,2.2524572114434,0.135706736508102,0.999723251605349,1,"arteriol_scler"
"2910","AC113383.1","Exc L5 ET",0.16646264759149,5.05936599470633,6.08581008188204,0.0148624815756521,0.999723251605349,1,"arteriol_scler"
"2911","COX7C","Exc L5 ET",-0.0706838345319775,6.05493778208018,0.632972622341434,0.427645212447225,0.999723251605349,1,"arteriol_scler"
"2912","RASA1","Exc L5 ET",0.0170052542162395,7.43180535867506,0.2764473327097,0.599890457983297,0.999723251605349,1,"arteriol_scler"
"2913","CCNH","Exc L5 ET",0.0680134763478135,7.16547969464484,3.39024248387451,0.0677492484850121,0.999723251605349,1,"arteriol_scler"
"2914","TMEM161B","Exc L5 ET",-0.0715705422164601,5.44632352679919,3.01274106936336,0.0848639441902095,0.999723251605349,1,"arteriol_scler"
"2915","TMEM161B-AS1","Exc L5 ET",0.0310380058103039,8.89964295867508,0.753620257666351,0.38685265165248,0.999723251605349,1,"arteriol_scler"
"2916","AC091826.2","Exc L5 ET",0.0507142814539912,3.91349701178482,0.280608910196235,0.597160965740875,0.999723251605349,1,"arteriol_scler"
"2917","LINC00461","Exc L5 ET",0.0214994308777402,7.56982538170583,0.679485956218281,0.411198561577462,0.999723251605349,1,"arteriol_scler"
"2918","MEF2C","Exc L5 ET",0.0030155501743966,9.38363835003043,0.0150401201621185,0.902573594784967,0.999723251605349,1,"arteriol_scler"
"2919","MEF2C-AS1","Exc L5 ET",-0.024182582042787,8.06358426769216,0.477868828630484,0.490560556857856,0.999723251605349,1,"arteriol_scler"
"2920","MBLAC2","Exc L5 ET",-0.0649931202208671,4.52716854176372,1.23192387030868,0.268980245713919,0.999723251605349,1,"arteriol_scler"
"2921","POLR3G","Exc L5 ET",0.0148962609463668,5.65921442418129,0.131151992309895,0.717799365421789,0.999723251605349,1,"arteriol_scler"
"2922","LYSMD3","Exc L5 ET",0.0138159229828981,4.23877580647655,0.0461235831911267,0.830271099177933,0.999723251605349,1,"arteriol_scler"
"2923","ADGRV1","Exc L5 ET",0.0314716147409298,7.04063526901396,0.533242943332469,0.466495198830778,0.999723251605349,1,"arteriol_scler"
"2924","NR2F1-AS1","Exc L5 ET",-0.00251697108335579,6.52302393475364,0.00324232540052365,0.954674935643668,0.999723251605349,1,"arteriol_scler"
"2925","FAM172A","Exc L5 ET",0.00393806537605128,7.93150388085933,0.0231551978738416,0.879278351566689,0.999723251605349,1,"arteriol_scler"
"2926","KIAA0825","Exc L5 ET",-0.037688408935847,7.47224993555991,1.22590329007217,0.270148101726477,0.999723251605349,1,"arteriol_scler"
"2927","SLF1","Exc L5 ET",-0.0335379491703794,6.50442148409866,1.14007559441693,0.287516780292404,0.999723251605349,1,"arteriol_scler"
"2928","MCTP1","Exc L5 ET",0.0600762597139239,8.85848634416513,3.76093566010187,0.0545212752497703,0.999723251605349,1,"arteriol_scler"
"2929","TTC37","Exc L5 ET",0.00523657100728549,7.67584378308346,0.0665096706811242,0.932266525820165,0.999723251605349,1,"arteriol_scler"
"2930","ARSK","Exc L5 ET",0.0442387319135637,4.6141331610551,0.696754990953641,0.79825698267245,0.999723251605349,1,"arteriol_scler"
"2931","RHOBTB3","Exc L5 ET",0.0918637981278232,6.09200649720959,5.0960031729507,0.0255651440512432,0.999723251605349,1,"arteriol_scler"
"2932","GLRX","Exc L5 ET",-0.000610621595225404,4.52536023202619,8.46317295040055e-05,0.992673325172114,0.999723251605349,1,"arteriol_scler"
"2933","ELL2","Exc L5 ET",0.0730797552448647,6.98377952031845,2.81478370401692,0.0956825323962582,0.999723251605349,1,"arteriol_scler"
"2934","AC104123.1","Exc L5 ET",-0.0614222463808847,5.60042388853213,1.45703772301832,0.22948485639145,0.999723251605349,1,"arteriol_scler"
"2935","PCSK1","Exc L5 ET",0.0330922056129089,6.26448687120257,0.418975638016811,0.518533223797865,0.999723251605349,1,"arteriol_scler"
"2936","CAST","Exc L5 ET",0.0082279390073138,6.83013591039536,0.0621624137253754,0.803484163663849,0.999723251605349,1,"arteriol_scler"
"2937","ERAP1","Exc L5 ET",-0.0421001529084999,4.61103588332713,0.683924180388695,0.44733404660001,0.999723251605349,1,"arteriol_scler"
"2938","AC009126.1","Exc L5 ET",0.0640512239483434,6.0216108005551,2.45879720564146,0.119178245626158,0.999723251605349,1,"arteriol_scler"
"2939","LNPEP","Exc L5 ET",0.012464092999238,6.28228560967875,0.182595616772558,0.949762662565376,0.999723251605349,1,"arteriol_scler"
"2940","LIX1-AS1","Exc L5 ET",-0.0182052091568632,5.13587651832956,0.0937713671591204,0.759901802788696,0.999723251605349,1,"arteriol_scler"
"2941","RGMB","Exc L5 ET",0.0921159343548888,4.32569931618233,2.57575106026049,0.110818466563723,0.999723251605349,1,"arteriol_scler"
"2942","CHD1","Exc L5 ET",0.0842061982217761,5.57858047354202,6.07363424278907,0.0149607763840626,0.999723251605349,1,"arteriol_scler"
"2943","LINC02062","Exc L5 ET",-0.038008046930987,5.74997104986646,0.571005920212132,0.45115848915639,0.999723251605349,1,"arteriol_scler"
"2944","FAM174A","Exc L5 ET",-0.027092410991796,4.88608599457427,0.357206710261612,0.840239320571952,0.999723251605349,1,"arteriol_scler"
"2945","PAM","Exc L5 ET",0.00693872558519906,8.5208415546176,0.074674750037174,0.785060200762913,0.999723251605349,1,"arteriol_scler"
"2946","PPIP5K2","Exc L5 ET",-0.065703531467071,7.06070378539323,5.41642780171942,0.0214156870008222,0.999723251605349,1,"arteriol_scler"
"2947","C5orf30","Exc L5 ET",0.0450605625405572,4.51887967304515,0.692351119259469,0.537586458152164,0.999723251605349,1,"arteriol_scler"
"2948","LINC01950","Exc L5 ET",-0.0254909562789912,4.02784013029477,0.0688374142756431,0.793431728974412,0.999723251605349,1,"arteriol_scler"
"2949","EFNA5","Exc L5 ET",0.0569656778510042,9.1830629137345,2.6164432995162,0.108064563050241,0.999723251605349,1,"arteriol_scler"
"2950","FBXL17","Exc L5 ET",0.00986963599456761,9.03995480870362,0.138383097812004,0.710469304376787,0.999723251605349,1,"arteriol_scler"
"2951","FER","Exc L5 ET",0.0170258248040963,8.31183015710171,0.263339369581769,0.608662837215487,0.999723251605349,1,"arteriol_scler"
"2952","PJA2","Exc L5 ET",0.009591760893804,7.44717199573031,0.0657383916782146,0.798030992632059,0.999723251605349,1,"arteriol_scler"
"2953","MAN2A1","Exc L5 ET",-0.0304400727196222,6.19865061139688,0.331182201277371,0.56590910656033,0.999723251605349,1,"arteriol_scler"
"2954","TMEM232","Exc L5 ET",0.0529185621190763,7.79524010847605,1.75564190497881,0.187377729530366,0.999723251605349,1,"arteriol_scler"
"2955","SLC25A46","Exc L5 ET",0.00885043073087545,6.23101053627785,0.0877533825913559,0.984796245925269,0.999723251605349,1,"arteriol_scler"
"2956","WDR36","Exc L5 ET",-0.100041815831736,4.58457320902589,3.25114090580356,0.0735745850491424,0.999723251605349,1,"arteriol_scler"
"2957","CAMK4","Exc L5 ET",0.0114418262563426,4.87230485099361,0.0154641064571631,0.901216913257715,0.999723251605349,1,"arteriol_scler"
"2958","STARD4-AS1","Exc L5 ET",0.0682879926108532,3.58691090353978,0.361039337923418,0.54892373831464,0.999723251605349,1,"arteriol_scler"
"2959","NREP","Exc L5 ET",-0.117224040090811,3.79471658340467,1.58009309530026,0.210889018490149,0.999723251605349,1,"arteriol_scler"
"2960","APC","Exc L5 ET",0.0330737534231164,7.39196316704525,1.78879733262081,0.183291982635511,0.999723251605349,1,"arteriol_scler"
"2961","SRP19","Exc L5 ET",-0.0446446534497906,4.75202053044619,0.660511313501861,0.417791461261835,0.999723251605349,1,"arteriol_scler"
"2962","REEP5","Exc L5 ET",0.0437824646811139,6.21187500183303,0.785705757187889,0.376957204575857,0.999723251605349,1,"arteriol_scler"
"2963","DCP2","Exc L5 ET",-0.0611614406501125,5.0969070515186,1.79824870959812,0.182146461073441,0.999723251605349,1,"arteriol_scler"
"2964","MCC","Exc L5 ET",-0.103400526766594,4.2237248824907,0.965271165892165,0.327596604710291,0.999723251605349,1,"arteriol_scler"
"2965","YTHDC2","Exc L5 ET",0.0262178140809802,7.12016156010629,0.880465613756561,0.349727751201094,0.999723251605349,1,"arteriol_scler"
"2966","KCNN2","Exc L5 ET",0.0247229492532361,8.42408533753848,0.744987354807384,0.389578464742118,0.999723251605349,1,"arteriol_scler"
"2967","TRIM36","Exc L5 ET",-0.0279640493462914,6.52964509570781,0.69255288172719,0.406747654145623,0.999723251605349,1,"arteriol_scler"
"2968","PGGT1B","Exc L5 ET",0.0683874525961456,5.10852667974168,2.62704092153819,0.107359884222259,0.999723251605349,1,"arteriol_scler"
"2969","CCDC112","Exc L5 ET",-0.0405471489593095,4.80092399373498,0.711906353297137,0.40028451162045,0.999723251605349,1,"arteriol_scler"
"2970","CDO1","Exc L5 ET",-0.00337209048548368,4.28808167328795,0.00285445285938385,0.95746956388357,0.999723251605349,1,"arteriol_scler"
"2971","ATG12","Exc L5 ET",0.0523790825451324,5.46486091749283,2.37998332070207,0.126201893713311,0.999723251605349,1,"arteriol_scler"
"2972","AP3S1","Exc L5 ET",0.00350163009510892,6.57445395800797,0.0132427036447754,0.908552855049592,0.999723251605349,1,"arteriol_scler"
"2973","COMMD10","Exc L5 ET",0.0061540527602918,6.69322980039904,0.0219605115504504,0.882410384831932,0.999723251605349,1,"arteriol_scler"
"2974","SEMA6A","Exc L5 ET",0.095041551344338,7.18354055071898,5.19608099399974,0.0241853330074898,0.999723251605349,1,"arteriol_scler"
"2975","SEMA6A-AS1","Exc L5 ET",-0.116790669842465,4.550669224886,1.36287802334601,0.24506990793882,0.999723251605349,1,"arteriol_scler"
"2976","AC093206.1","Exc L5 ET",-0.0222199971742384,4.19096490569184,0.0848488676632957,0.771271998557379,0.999723251605349,1,"arteriol_scler"
"2977","DTWD2","Exc L5 ET",-0.0138932651799803,6.49795493922333,0.111474146424965,0.738983247074577,0.999723251605349,1,"arteriol_scler"
"2978","AC008629.1","Exc L5 ET",0.054750021169211,3.71599501342875,0.345585130893051,0.557592062892122,0.999723251605349,1,"arteriol_scler"
"2979","DMXL1","Exc L5 ET",0.000166669435979896,7.29361764949261,5.18629856282421e-05,0.994264497736084,0.999723251605349,1,"arteriol_scler"
"2980","HSD17B4","Exc L5 ET",-0.00771044648268642,7.25084453891142,0.0991093355695262,0.753380714007389,0.999723251605349,1,"arteriol_scler"
"2981","AC008574.1","Exc L5 ET",0.115811947280207,4.00868571846771,0.652113022055332,0.420759987528661,0.999723251605349,1,"arteriol_scler"
"2982","PRR16","Exc L5 ET",-0.015949587059548,7.36471481810798,0.152710187707884,0.696566588005775,0.999723251605349,1,"arteriol_scler"
"2983","SRFBP1","Exc L5 ET",0.0296261086552418,5.36743631026669,0.610130862348708,0.436088058951213,0.999723251605349,1,"arteriol_scler"
"2984","SNX2","Exc L5 ET",-0.00501153455405713,5.47582465041528,0.0167742641367293,0.897139980131946,0.999723251605349,1,"arteriol_scler"
"2985","SNX24","Exc L5 ET",-0.00811253936997097,6.66045009624724,0.0626385518647392,0.802748616911422,0.999723251605349,1,"arteriol_scler"
"2986","CEP120","Exc L5 ET",0.015679887311313,4.93086191791882,0.107505621466577,0.743503244519604,0.999723251605349,1,"arteriol_scler"
"2987","CSNK1G3","Exc L5 ET",0.0738345769702375,6.10153920012424,4.64583799574158,0.0328787964553628,0.999723251605349,1,"arteriol_scler"
"2988","ALDH7A1","Exc L5 ET",-0.0314955573776998,4.62172439648083,0.264186738800435,0.608087471686435,0.999723251605349,1,"arteriol_scler"
"2989","PHAX","Exc L5 ET",0.0253668337143736,4.69723363376574,0.164277068546769,0.685881957085932,0.999723251605349,1,"arteriol_scler"
"2990","PRRC1","Exc L5 ET",-0.0708894967705453,4.39635454696163,1.61050081475553,0.206576148968091,0.999723251605349,1,"arteriol_scler"
"2991","CTXN3","Exc L5 ET",-0.032862589887188,4.88652961356242,0.168450765348516,0.682134385126815,0.999723251605349,1,"arteriol_scler"
"2992","CCDC192","Exc L5 ET",-0.0847442273523831,4.21403147931657,1.01411462598649,0.315696854420185,0.999723251605349,1,"arteriol_scler"
"2993","LINC01184","Exc L5 ET",-0.0358809696544547,7.45637101301508,0.92417449748045,0.338077232852197,0.999723251605349,1,"arteriol_scler"
"2994","SLC12A2","Exc L5 ET",0.0117300184716589,7.40308572615843,0.167179643036239,0.683269930729533,0.999723251605349,1,"arteriol_scler"
"2995","SLC27A6","Exc L5 ET",0.241504710132796,4.84362984103616,4.5757573003956,0.0342029635640704,0.999723251605349,1,"arteriol_scler"
"2996","ADAMTS19","Exc L5 ET",0.0469374319469059,7.7857390781979,1.7852111337488,0.18372883999131,0.999723251605349,1,"arteriol_scler"
"2997","AC008591.1","Exc L5 ET",-0.0491680660248034,5.474923730031,0.611060121966837,0.435739628823328,0.999723251605349,1,"arteriol_scler"
"2998","CHSY3","Exc L5 ET",0.0619761203191612,9.44830667119634,3.27110292091627,0.0727062450211717,0.999723251605349,1,"arteriol_scler"
"2999","HINT1","Exc L5 ET",-0.00456867266516144,6.71478487631151,0.00291026934066112,0.957056155405108,0.999723251605349,1,"arteriol_scler"
"3000","LYRM7","Exc L5 ET",-0.0624145989487269,5.28077259094138,2.07509538617332,0.152005155129539,0.999723251605349,1,"arteriol_scler"
"3001","CDC42SE2","Exc L5 ET",-0.00380759669346484,6.93431555663554,0.0214110701695326,0.883880041889264,0.999723251605349,1,"arteriol_scler"
"3002","RAPGEF6","Exc L5 ET",-0.056121588686311,4.89272133548144,1.22650064227126,0.270031943978046,0.999723251605349,1,"arteriol_scler"
"3003","P4HA2","Exc L5 ET",-0.00929255771188244,4.64238174917852,0.0244460340171159,0.875985830825351,0.999723251605349,1,"arteriol_scler"
"3004","SLC22A5","Exc L5 ET",-0.033055512265578,4.73992464620759,0.437703461937631,0.509345699828097,0.999723251605349,1,"arteriol_scler"
"3005","AC116366.3","Exc L5 ET",0.0155188233413208,6.41499884685494,0.154555719342361,0.694831138415068,0.999723251605349,1,"arteriol_scler"
"3006","AC004039.1","Exc L5 ET",-0.216206323047138,4.33724269599581,4.58398945732307,0.0340445361781514,0.999723251605349,1,"arteriol_scler"
"3007","KIF3A","Exc L5 ET",0.0030862110867287,7.6601012142719,0.0149908741681482,0.902732425121132,0.999723251605349,1,"arteriol_scler"
"3008","SEPT8","Exc L5 ET",0.0918025453513954,5.69625454043461,4.37398533310486,0.0383403964279998,0.999723251605349,1,"arteriol_scler"
"3009","UQCRQ","Exc L5 ET",-0.0944929524630286,4.6486738580541,0.866604974791301,0.353536663433368,0.999723251605349,1,"arteriol_scler"
"3010","AFF4","Exc L5 ET",-0.0370233215057394,7.24770692700208,2.4730316291661,0.118124120042567,0.999723251605349,1,"arteriol_scler"
"3011","ZCCHC10","Exc L5 ET",-0.0217760788554413,4.51621125407429,0.176632994853118,0.674942244365893,0.999723251605349,1,"arteriol_scler"
"3012","HSPA4","Exc L5 ET",0.00851491767661417,6.09882073339893,0.0290866037108769,0.864831183082932,0.999723251605349,1,"arteriol_scler"
"3013","FSTL4","Exc L5 ET",0.0346682731862539,7.8402280673953,0.625202760756195,0.430488950924266,0.999723251605349,1,"arteriol_scler"
"3014","C5orf15","Exc L5 ET",-0.026286272751471,4.5023666968229,0.252114317134232,0.616397388398456,0.999723251605349,1,"arteriol_scler"
"3015","VDAC1","Exc L5 ET",-0.0495376693546959,6.3445230592927,0.56511184434521,0.453499163093151,0.999723251605349,1,"arteriol_scler"
"3016","SKP1","Exc L5 ET",0.0610701332406353,6.61724949845176,0.727846708575213,0.39507319405952,0.999723251605349,1,"arteriol_scler"
"3017","CDKL3","Exc L5 ET",0.0409269503308534,5.57806003811946,1.03453307939011,0.31089165542812,0.999723251605349,1,"arteriol_scler"
"3018","UBE2B","Exc L5 ET",-0.00304252177553337,7.14220888582115,0.0116434895158279,0.914229133190692,0.999723251605349,1,"arteriol_scler"
"3019","CDKN2AIPNL","Exc L5 ET",0.0238324287838917,3.97341393843853,0.0742838065215873,0.785609648529938,0.999723251605349,1,"arteriol_scler"
"3020","JADE2","Exc L5 ET",0.0947739807406453,5.14487616755796,4.3718892674139,0.0383860622366614,0.999723251605349,1,"arteriol_scler"
"3021","SAR1B","Exc L5 ET",-0.0340236299126527,5.27429327323201,0.781420523356193,0.547076452513628,0.999723251605349,1,"arteriol_scler"
"3022","SEC24A","Exc L5 ET",-0.0388722579657842,5.34911343273488,0.89197519530125,0.346607513902336,0.999723251605349,1,"arteriol_scler"
"3023","CAMLG","Exc L5 ET",-0.0721019842793746,5.90304544645914,1.76761979421903,0.185889493814198,0.999723251605349,1,"arteriol_scler"
"3024","DDX46","Exc L5 ET",0.0202656935208994,6.24960302669042,0.345022127673159,0.557912757902769,0.999723251605349,1,"arteriol_scler"
"3025","C5orf24","Exc L5 ET",-0.0184328556839421,4.71495075257945,0.0952087367872358,0.758126247661839,0.999723251605349,1,"arteriol_scler"
"3026","TXNDC15","Exc L5 ET",-0.0668078536280634,4.83979427157773,1.3828233796586,0.241662996500397,0.999723251605349,1,"arteriol_scler"
"3027","PCBD2","Exc L5 ET",-0.05907051462492,4.29832790894955,0.546989429576759,0.460817556623908,0.999723251605349,1,"arteriol_scler"
"3028","H2AFY","Exc L5 ET",0.0335706097109585,6.11481732207595,1.11619851581789,0.292600474472471,0.999723251605349,1,"arteriol_scler"
"3029","SMAD5","Exc L5 ET",-0.00856187646537264,4.94857901286465,0.034651352682032,0.852603843798903,0.999723251605349,1,"arteriol_scler"
"3030","SPOCK1","Exc L5 ET",0.0125513622100867,8.16117873932799,0.104514175505257,0.746971866887063,0.999723251605349,1,"arteriol_scler"
"3031","KLHL3","Exc L5 ET",0.0115061351178306,6.88392343637383,0.131096523840323,0.717856467707856,0.999723251605349,1,"arteriol_scler"
"3032","HNRNPA0","Exc L5 ET",0.0122626664828631,4.86070556085851,0.0425432286629603,0.836894370755189,0.999723251605349,1,"arteriol_scler"
"3033","AC106791.1","Exc L5 ET",-0.0153745730566661,5.09493607295587,0.0601468279323577,0.806631512425834,0.999723251605349,1,"arteriol_scler"
"3034","FAM13B","Exc L5 ET",0.0278763551912919,7.237633167525,1.38857276925076,0.240691750325881,0.999723251605349,1,"arteriol_scler"
"3035","NME5","Exc L5 ET",-0.019359488784784,6.59701161037974,0.170526435651208,0.680290826937624,0.999723251605349,1,"arteriol_scler"
"3036","BRD8","Exc L5 ET",-0.00994829257032516,5.33788339345047,0.0648469754450136,0.935614235543793,0.999723251605349,1,"arteriol_scler"
"3037","CDC23","Exc L5 ET",0.0506486262449339,4.30504142396809,0.688191558110313,0.408225283736462,0.999723251605349,1,"arteriol_scler"
"3038","FAM53C","Exc L5 ET",-0.0187787375407206,5.38338178504184,0.232871190673606,0.686084829935486,0.999723251605349,1,"arteriol_scler"
"3039","KDM3B","Exc L5 ET",0.0213729370652701,5.78823673286906,0.255180183745054,0.61426371959809,0.999723251605349,1,"arteriol_scler"
"3040","REEP2","Exc L5 ET",-0.00895776487110975,6.67510962541706,0.0632114888273649,0.801867462309405,0.999723251605349,1,"arteriol_scler"
"3041","ETF1","Exc L5 ET",-0.0145774966975635,4.61380172288501,0.0884133391197844,0.766655041129237,0.999723251605349,1,"arteriol_scler"
"3042","HSPA9","Exc L5 ET",-0.0251265355378504,6.49859866393942,0.580147498053015,0.447565492456852,0.999723251605349,1,"arteriol_scler"
"3043","CTNNA1","Exc L5 ET",-0.103290487267775,5.84089861512879,4.46592716096717,0.0363929198390459,0.999723251605349,1,"arteriol_scler"
"3044","LRRTM2","Exc L5 ET",-0.041540193997647,5.1009724823535,0.642109370639453,0.424337481317143,0.999723251605349,1,"arteriol_scler"
"3045","SIL1","Exc L5 ET",-0.0147112318077795,7.26108470219729,0.31765260246733,0.573944398643682,0.999723251605349,1,"arteriol_scler"
"3046","MATR3","Exc L5 ET",0.0505897938291369,4.1165118439683,0.452549378355376,0.502261415178595,0.999723251605349,1,"arteriol_scler"
"3047","PAIP2","Exc L5 ET",0.06634187144885,5.91824809933803,2.82007288117951,0.0953745190274007,0.999723251605349,1,"arteriol_scler"
"3048","DNAJC18","Exc L5 ET",-0.0624330638428335,5.96707684567738,2.46137881329273,0.118986287608232,0.999723251605349,1,"arteriol_scler"
"3049","UBE2D2","Exc L5 ET",0.0131994808214561,6.6827976867343,0.222171446955983,0.638141103372568,0.999723251605349,1,"arteriol_scler"
"3050","CXXC5","Exc L5 ET",0.0787390286467991,5.28659119678074,1.70256120472961,0.194143841279936,0.999723251605349,1,"arteriol_scler"
"3051","NRG2","Exc L5 ET",0.0025002070372215,6.77352210245729,0.0039932130347806,0.949705945357245,0.999723251605349,1,"arteriol_scler"
"3052","PURA","Exc L5 ET",0.00165394699720199,7.10200239706255,0.00154364792299979,0.968717023491377,0.999723251605349,1,"arteriol_scler"
"3053","IGIP","Exc L5 ET",0.0478437178841493,5.02177717089082,0.608355910038387,0.436754775565074,0.999723251605349,1,"arteriol_scler"
"3054","CYSTM1","Exc L5 ET",0.0136413683716379,5.25716208738094,0.0621337728589606,0.803528503888971,0.999723251605349,1,"arteriol_scler"
"3055","PFDN1","Exc L5 ET",-0.0291304999792222,5.36906423199701,0.3057378514453,0.581209807935635,0.999723251605349,1,"arteriol_scler"
"3056","AC008438.1","Exc L5 ET",-0.0673139710569903,4.24929685811689,1.15757695985405,0.313551555992902,0.999723251605349,1,"arteriol_scler"
"3057","SRA1","Exc L5 ET",-0.0323919226704214,4.58699992253001,0.251733820454252,0.616663325400473,0.999723251605349,1,"arteriol_scler"
"3058","APBB3","Exc L5 ET",-0.0195056979403938,4.57363161952855,0.107463656995245,0.743551530792147,0.999723251605349,1,"arteriol_scler"
"3059","NDUFA2","Exc L5 ET",-0.0898304363610488,4.34780289717302,0.969583174394887,0.326522312283628,0.999723251605349,1,"arteriol_scler"
"3060","HARS","Exc L5 ET",0.00491894889003493,6.00561699722993,0.0179166436787382,0.893715459054065,0.999723251605349,1,"arteriol_scler"
"3061","ZMAT2","Exc L5 ET",-0.00438896122253925,4.7623911890497,0.00432388272618466,0.947667887453113,0.999723251605349,1,"arteriol_scler"
"3062","AC005609.5","Exc L5 ET",-0.0892216682973838,4.03246294493422,1.21750573835051,0.27178772782731,0.999723251605349,1,"arteriol_scler"
"3063","AC244517.11","Exc L5 ET",-0.136243581333439,3.55282031289194,1.29202633092887,0.257661861566524,0.999723251605349,1,"arteriol_scler"
"3064","AC244517.10","Exc L5 ET",0.0210331588044935,4.54166809640845,0.142772576012043,0.98360969307368,0.999723251605349,1,"arteriol_scler"
"3065","TAF7","Exc L5 ET",0.0650498235164604,5.35367714368084,1.03811213138256,0.310059293667004,0.999723251605349,1,"arteriol_scler"
"3066","DIAPH1","Exc L5 ET",0.00406054896410903,6.03579053362253,0.0130133359229653,0.909344776198808,0.999723251605349,1,"arteriol_scler"
"3067","HDAC3","Exc L5 ET",-0.0208940546102472,6.19720714652471,0.337084526029239,0.562472042362345,0.999723251605349,1,"arteriol_scler"
"3068","RELL2","Exc L5 ET",-0.083631220560553,6.02239337567429,2.23905935822838,0.136866142796825,0.999723251605349,1,"arteriol_scler"
"3069","PCDH1","Exc L5 ET",-0.025889341459543,4.54444939400716,0.154881354267525,0.694526171163367,0.999723251605349,1,"arteriol_scler"
"3070","DELE1","Exc L5 ET",-0.022738945402148,5.46942010924408,0.262237988738772,0.609412429602027,0.999723251605349,1,"arteriol_scler"
"3071","RNF14","Exc L5 ET",-0.047688526275042,5.10328379101857,1.08154620696871,0.369436210863862,0.999723251605349,1,"arteriol_scler"
"3072","GNPDA1","Exc L5 ET",0.0840047382588546,4.72445886313667,2.31197968956883,0.130688210582532,0.999723251605349,1,"arteriol_scler"
"3073","NDFIP1","Exc L5 ET",-0.0142954583629729,8.20263258525583,0.189207047102803,0.664262774248136,0.999723251605349,1,"arteriol_scler"
"3074","SPRY4","Exc L5 ET",-0.119478789368639,3.9143532520128,1.46690853348161,0.227922018488947,0.999723251605349,1,"arteriol_scler"
"3075","SPRY4-AS1","Exc L5 ET",-0.225209618092412,6.66452150064285,4.42277815384693,0.0372934933625234,0.999723251605349,1,"arteriol_scler"
"3076","FGF1","Exc L5 ET",-0.154731433552427,4.95200555357476,4.24609528868159,0.0412352098961961,0.999723251605349,1,"arteriol_scler"
"3077","ARHGAP26","Exc L5 ET",0.0275941970383435,9.69829908934651,0.971485466079268,0.326049870371029,0.999723251605349,1,"arteriol_scler"
"3078","ARHGAP26-AS1","Exc L5 ET",-0.24317496798671,3.89805475730369,4.10151482454845,0.0447899382661742,0.999723251605349,1,"arteriol_scler"
"3079","NR3C1","Exc L5 ET",0.066322617983532,8.11392305450146,6.42076512908812,0.0124063558741567,0.999723251605349,1,"arteriol_scler"
"3080","AC016598.1","Exc L5 ET",0.0830823780252555,5.3764312784527,1.27868741254413,0.260121603046433,0.999723251605349,1,"arteriol_scler"
"3081","YIPF5","Exc L5 ET",0.0278032765436191,4.95892673638057,0.286683512925979,0.593222976840761,0.999723251605349,1,"arteriol_scler"
"3082","KCTD16","Exc L5 ET",0.0699995468270554,6.34415941587747,1.09382272183972,0.297470045251431,0.999723251605349,1,"arteriol_scler"
"3083","PLAC8L1","Exc L5 ET",-0.0528195387271319,4.09659577032542,0.57244613649458,0.450589433482598,0.999723251605349,1,"arteriol_scler"
"3084","AC091887.1","Exc L5 ET",-0.273312857652845,3.84795419565792,7.152904358456,0.00839662076006316,0.999723251605349,1,"arteriol_scler"
"3085","LARS","Exc L5 ET",0.0394607343902045,6.07493126698664,1.76118350795626,0.186687462257512,0.999723251605349,1,"arteriol_scler"
"3086","TCERG1","Exc L5 ET",-0.0398229110081921,6.88572152643539,2.0036641415995,0.159191818992176,0.999723251605349,1,"arteriol_scler"
"3087","PPP2R2B","Exc L5 ET",0.00104054548134661,9.5736369466968,0.00165814609907908,0.967578209700609,0.999723251605349,1,"arteriol_scler"
"3088","JAKMIP2-AS1","Exc L5 ET",-0.116649571657714,4.59592271761315,2.01082679208904,0.158453869611213,0.999723251605349,1,"arteriol_scler"
"3089","JAKMIP2","Exc L5 ET",0.0284245029133372,8.08932350551611,1.03395218666332,0.311027027021445,0.999723251605349,1,"arteriol_scler"
"3090","AC091948.1","Exc L5 ET",-0.0168462529346802,5.5767207188654,0.092381405340154,0.761633016710226,0.999723251605349,1,"arteriol_scler"
"3091","FBXO38","Exc L5 ET",0.00713367097078507,5.61058295557626,0.0429852501364623,0.994295853637449,0.999723251605349,1,"arteriol_scler"
"3092","HTR4","Exc L5 ET",0.0214459950197691,7.19269829021769,0.303952825540933,0.582314181017861,0.999723251605349,1,"arteriol_scler"
"3093","ABLIM3","Exc L5 ET",0.0119417368374975,6.19112111743298,0.116978096028802,0.732860200944692,0.999723251605349,1,"arteriol_scler"
"3094","PCYOX1L","Exc L5 ET",-0.0650486128547,4.43601171098315,0.927735597154279,0.337151362623275,0.999723251605349,1,"arteriol_scler"
"3095","CSNK1A1","Exc L5 ET",-0.014585619656719,7.23884246620216,0.302495284316137,0.583219087598764,0.999723251605349,1,"arteriol_scler"
"3096","PPARGC1B","Exc L5 ET",-0.0449911134343858,5.5860401529207,0.938722605588721,0.334316257683925,0.999723251605349,1,"arteriol_scler"
"3097","HMGXB3","Exc L5 ET",-0.00335072469788071,5.08339270138263,0.00571994441698044,0.939823697420596,0.999723251605349,1,"arteriol_scler"
"3098","PDGFRB","Exc L5 ET",-0.0498525608449283,4.56688224775922,0.507450932924097,0.477457489775113,0.999723251605349,1,"arteriol_scler"
"3099","SLC6A7","Exc L5 ET",-0.0565094575275514,6.00661051256118,2.24996175368539,0.135921840854044,0.999723251605349,1,"arteriol_scler"
"3100","CAMK2A","Exc L5 ET",-0.00718045856416394,8.5454466766336,0.082208443973006,0.774760361763622,0.999723251605349,1,"arteriol_scler"
"3101","TCOF1","Exc L5 ET",0.0930776517435968,4.56608497467972,3.51385563499847,0.0629898292635141,0.999723251605349,1,"arteriol_scler"
"3102","RPS14","Exc L5 ET",-0.112449784993195,5.32254351944875,1.88990087513329,0.171460486484511,0.999723251605349,1,"arteriol_scler"
"3103","NDST1","Exc L5 ET",0.00801500639893717,4.68800628620482,0.0281162461490817,0.953293296747396,0.999723251605349,1,"arteriol_scler"
"3104","SYNPO","Exc L5 ET",0.0347990744812342,5.63923355652651,0.606842811286444,0.437324371110574,0.999723251605349,1,"arteriol_scler"
"3105","RBM22","Exc L5 ET",0.0321876720205455,3.83597031382537,0.156376061659872,0.693131065199528,0.999723251605349,1,"arteriol_scler"
"3106","DCTN4","Exc L5 ET",0.0471041042460999,5.77204684520634,1.90077013216253,0.170242212076719,0.999723251605349,1,"arteriol_scler"
"3107","TNIP1","Exc L5 ET",0.0272293258055537,4.76428517739046,0.285578338982919,0.593935409207192,0.999723251605349,1,"arteriol_scler"
"3108","ANXA6","Exc L5 ET",0.0379010307213308,6.77478279175754,0.931857970792142,0.336083833474698,0.999723251605349,1,"arteriol_scler"
"3109","SLC36A1","Exc L5 ET",-0.00346201056087433,6.03084286240917,0.00712993707726041,0.932830868788227,0.999723251605349,1,"arteriol_scler"
"3110","SPARC","Exc L5 ET",-0.0265591782085107,4.37810635752378,0.100836254745631,0.751312514604651,0.999723251605349,1,"arteriol_scler"
"3111","ATOX1","Exc L5 ET",0.00866304067081827,4.37742419451022,0.0146036322079394,0.903990716544075,0.999723251605349,1,"arteriol_scler"
"3112","G3BP1","Exc L5 ET",-0.0216587125517151,5.4962710922041,0.300910581986901,0.600752748758551,0.999723251605349,1,"arteriol_scler"
"3113","LINC01470","Exc L5 ET",-0.084030965224349,3.70398278478372,0.695786818566184,0.405657066207751,0.999723251605349,1,"arteriol_scler"
"3114","GRIA1","Exc L5 ET",0.0467497343369967,9.18294864957609,3.07538566043528,0.0817251282928424,0.999723251605349,1,"arteriol_scler"
"3115","FAM114A2","Exc L5 ET",0.0415632385629229,4.05731596327401,0.471665212666855,0.493384501831549,0.999723251605349,1,"arteriol_scler"
"3116","MFAP3","Exc L5 ET",-0.0288005099930258,5.89165134875979,0.699738096500137,0.404330392291185,0.999723251605349,1,"arteriol_scler"
"3117","GALNT10","Exc L5 ET",-0.0263160265440027,4.50627072397029,0.130289165611878,0.718689159037605,0.999723251605349,1,"arteriol_scler"
"3118","SAP30L","Exc L5 ET",0.0243751926369598,4.03217839060538,0.122030091118925,0.727380131193673,0.999723251605349,1,"arteriol_scler"
"3119","LARP1","Exc L5 ET",0.0112916427233676,7.13043921002761,0.146757799667358,0.702247750568307,0.999723251605349,1,"arteriol_scler"
"3120","FAXDC2","Exc L5 ET",-0.00753691983122496,4.74205644627289,0.011611121862358,0.914347968383943,0.999723251605349,1,"arteriol_scler"
"3121","CNOT8","Exc L5 ET",-0.0169192513482785,4.32194909922998,0.101338580195331,0.750714584608356,0.999723251605349,1,"arteriol_scler"
"3122","GEMIN5","Exc L5 ET",0.0158559596818785,4.8796581358594,0.111736049051437,0.738688117672666,0.999723251605349,1,"arteriol_scler"
"3123","MRPL22","Exc L5 ET",0.127385752185178,4.29963607257973,3.75180154738231,0.054811563606605,0.999723251605349,1,"arteriol_scler"
"3124","SGCD","Exc L5 ET",0.0381499085342922,5.67116310998619,0.413900622587594,0.521073203824355,0.999723251605349,1,"arteriol_scler"
"3125","HAVCR2","Exc L5 ET",-0.0261437453427825,4.98659827476284,0.248781886285342,0.618735095390866,0.999723251605349,1,"arteriol_scler"
"3126","CYFIP2","Exc L5 ET",0.0207181868649028,7.66005363464644,0.691895084665867,0.406970012607287,0.999723251605349,1,"arteriol_scler"
"3127","ADAM19","Exc L5 ET",-0.0378573816976839,6.00805505869674,1.1353084622946,0.28852264232917,0.999723251605349,1,"arteriol_scler"
"3128","LSM11","Exc L5 ET",0.0648776209202562,4.56494056236281,1.37637354586732,0.242758301492758,0.999723251605349,1,"arteriol_scler"
"3129","CLINT1","Exc L5 ET",0.0279948877092786,5.7810555338277,0.639936279001912,0.425120679592149,0.999723251605349,1,"arteriol_scler"
"3130","RNF145","Exc L5 ET",-0.0149057199214874,6.60114749686595,0.215941132263801,0.642888817312816,0.999723251605349,1,"arteriol_scler"
"3131","UBLCP1","Exc L5 ET",0.00680309562970994,5.12140043384396,0.0156186752963346,0.900727026612618,0.999723251605349,1,"arteriol_scler"
"3132","AC008691.1","Exc L5 ET",0.119855872566287,5.4840807270283,1.64043303840194,0.202433005285342,0.999723251605349,1,"arteriol_scler"
"3133","ADRA1B","Exc L5 ET",0.0599559378061261,5.36196679187867,1.10622028818446,0.294759194488366,0.999723251605349,1,"arteriol_scler"
"3134","TTC1","Exc L5 ET",0.00963060880798889,6.75422971199655,0.0966248266494558,0.75639128470774,0.999723251605349,1,"arteriol_scler"
"3135","PWWP2A","Exc L5 ET",-0.082803387542693,5.66993533477842,4.77456482703362,0.0305856366293998,0.999723251605349,1,"arteriol_scler"
"3136","SLU7","Exc L5 ET",0.0302862367656081,4.97168826005491,0.243738143589077,0.622310803723618,0.999723251605349,1,"arteriol_scler"
"3137","ATP10B","Exc L5 ET",0.0413396199943004,5.90364083339348,0.346153825614452,0.557268483007444,0.999723251605349,1,"arteriol_scler"
"3138","GABRB2","Exc L5 ET",0.0315720803789599,9.16084196472957,1.79272576488831,0.182814830083149,0.999723251605349,1,"arteriol_scler"
"3139","GABRA6","Exc L5 ET",-0.071398271313948,4.70059374075453,1.02856788555952,0.312285478055048,0.999723251605349,1,"arteriol_scler"
"3140","GABRA1","Exc L5 ET",0.0293786449489343,7.76062980274022,0.503651209448453,0.479107966632813,0.999723251605349,1,"arteriol_scler"
"3141","GABRG2","Exc L5 ET",0.0426578476419833,7.50229890388686,2.03291109174281,0.156203191939737,0.999723251605349,1,"arteriol_scler"
"3142","AC113414.1","Exc L5 ET",0.0418717829530261,4.4977486347837,0.387352138188157,0.534730433032595,0.999723251605349,1,"arteriol_scler"
"3143","CCNG1","Exc L5 ET",0.0653809298921228,4.21579198757611,0.890545712137575,0.346992971122374,0.999723251605349,1,"arteriol_scler"
"3144","NUDCD2","Exc L5 ET",-0.0407386918328641,5.18474386568414,0.463151284910307,0.4973049930027,0.999723251605349,1,"arteriol_scler"
"3145","MAT2B","Exc L5 ET",0.095329064303031,4.41452511258522,1.73168563668548,0.19039645144695,0.999723251605349,1,"arteriol_scler"
"3146","AC109466.1","Exc L5 ET",-0.009769587623018,4.18334499950833,0.00419848695670831,0.948431220239153,0.999723251605349,1,"arteriol_scler"
"3147","AC008415.1","Exc L5 ET",0.0145015759097749,3.45286664344222,0.0056543540582353,0.940169053448456,0.999723251605349,1,"arteriol_scler"
"3148","TENM2","Exc L5 ET",0.00782167918889312,10.4011153141727,0.063879959040878,0.800844733390319,0.999723251605349,1,"arteriol_scler"
"3149","AC011369.1","Exc L5 ET",-0.231554058568013,4.16901683564648,4.77498885364229,0.030578368265535,0.999723251605349,1,"arteriol_scler"
"3150","WWC1","Exc L5 ET",-0.00731610309648311,6.03865647881611,0.0289195539266944,0.865216127044446,0.999723251605349,1,"arteriol_scler"
"3151","RARS","Exc L5 ET",-0.0376133500785445,5.81904545290641,1.02682826153719,0.546863896414334,0.999723251605349,1,"arteriol_scler"
"3152","FBLL1","Exc L5 ET",0.0165890484888778,3.97958286678949,0.0484235398229955,0.826157503748507,0.999723251605349,1,"arteriol_scler"
"3153","PANK3","Exc L5 ET",0.012630002378527,5.81414224357543,0.108932546348211,0.940420209612752,0.999723251605349,1,"arteriol_scler"
"3154","SLIT3","Exc L5 ET",0.0449342402400781,8.80784964211227,1.43066501226955,0.233724769199796,0.999723251605349,1,"arteriol_scler"
"3155","KCNIP1","Exc L5 ET",0.0862277573144725,5.69296004900901,1.69458892118727,0.195184739808931,0.999723251605349,1,"arteriol_scler"
"3156","RANBP17","Exc L5 ET",0.0249685346889998,7.25609611927919,0.322497529967653,0.571041365027785,0.999723251605349,1,"arteriol_scler"
"3157","NPM1","Exc L5 ET",-0.0184072905998319,4.58018314908548,0.0674408794155977,0.795490344405029,0.999723251605349,1,"arteriol_scler"
"3158","FBXW11","Exc L5 ET",0.0464568875777928,6.76738886577527,3.14050031245601,0.0785962537919589,0.999723251605349,1,"arteriol_scler"
"3159","STK10","Exc L5 ET",-0.11342085761264,4.91168175203746,4.43121197998234,0.0371156295430387,0.999723251605349,1,"arteriol_scler"
"3160","UBTD2","Exc L5 ET",-0.00218954033517083,4.92707416946236,0.00191683352909999,0.965142283147913,0.999723251605349,1,"arteriol_scler"
"3161","SH3PXD2B","Exc L5 ET",0.0223909357175277,4.65369133386204,0.14468149455552,0.704260523144853,0.999723251605349,1,"arteriol_scler"
"3162","NEURL1B","Exc L5 ET",0.0132590524679137,5.4131932511593,0.0539033073962379,0.816752238367699,0.999723251605349,1,"arteriol_scler"
"3163","DUSP1","Exc L5 ET",0.143184908694605,4.22286453796627,2.34233704028793,0.128209484654536,0.999723251605349,1,"arteriol_scler"
"3164","ERGIC1","Exc L5 ET",0.0376725562024867,6.11611535136885,1.09274429977926,0.297707374119898,0.999723251605349,1,"arteriol_scler"
"3165","ATP6V0E1","Exc L5 ET",0.0377241844120683,5.47904600540666,0.733306597285439,0.393310846584302,0.999723251605349,1,"arteriol_scler"
"3166","CREBRF","Exc L5 ET",0.0090995077726677,6.2026317711295,0.101595711661772,0.884428586529869,0.999723251605349,1,"arteriol_scler"
"3167","CPEB4","Exc L5 ET",0.0138857234890143,7.53523484271862,0.326077964799684,0.568914499157885,0.999723251605349,1,"arteriol_scler"
"3168","NSG2","Exc L5 ET",0.0420143015600488,6.94726592702468,1.14717815427258,0.286026460321596,0.999723251605349,1,"arteriol_scler"
"3169","DRD1","Exc L5 ET",0.0611321589403519,4.20234963132476,0.868874558162792,0.35290909241917,0.999723251605349,1,"arteriol_scler"
"3170","SFXN1","Exc L5 ET",0.0260594064912636,6.75805319933365,0.891446825293328,0.346749919670669,0.999723251605349,1,"arteriol_scler"
"3171","HRH2","Exc L5 ET",-0.00669468154674587,6.47218661633348,0.0375664286329607,0.846603822931512,0.999723251605349,1,"arteriol_scler"
"3172","CPLX2","Exc L5 ET",0.0587012453765586,7.2847718960863,1.64656500442009,0.201596469843563,0.999723251605349,1,"arteriol_scler"
"3173","THOC3","Exc L5 ET",-0.00911393374017793,5.2404817829418,0.0284498836496139,0.866304591608184,0.999723251605349,1,"arteriol_scler"
"3174","FAM153B","Exc L5 ET",-0.160113207196836,6.16742751027809,4.46288127571715,0.0364557291011306,0.999723251605349,1,"arteriol_scler"
"3175","AC139491.7","Exc L5 ET",-0.0223251053784838,5.90001966049016,0.300760189446382,0.584300025834315,0.999723251605349,1,"arteriol_scler"
"3176","SIMC1","Exc L5 ET",-0.0018668573816649,6.3618613267962,0.00294256142804469,0.956818796148938,0.999723251605349,1,"arteriol_scler"
"3177","KIAA1191","Exc L5 ET",0.00984878743166718,4.95609802801619,0.0313604195685045,0.859700590110067,0.999723251605349,1,"arteriol_scler"
"3178","ARL10","Exc L5 ET",-0.0320569341683257,4.76863133508838,0.50189309650582,0.479874808621285,0.999723251605349,1,"arteriol_scler"
"3179","CLTB","Exc L5 ET",0.084231104410725,6.0917222198812,1.96396714877107,0.163354089562238,0.999723251605349,1,"arteriol_scler"
"3180","FAF2","Exc L5 ET",-0.0116514582849148,5.69886314897672,0.114207005921695,0.970594867745017,0.999723251605349,1,"arteriol_scler"
"3181","RNF44","Exc L5 ET",-0.00873218782282258,4.66821452579712,0.0272243488602232,0.869189078029707,0.999723251605349,1,"arteriol_scler"
"3182","GPRIN1","Exc L5 ET",0.0356958872319354,3.93449760988258,0.265395118686598,0.611911317210861,0.999723251605349,1,"arteriol_scler"
"3183","SNCB","Exc L5 ET",0.0451443010727445,6.53172795561035,0.384431664136942,0.536272307428424,0.999723251605349,1,"arteriol_scler"
"3184","EIF4E1B","Exc L5 ET",0.0267029692701191,4.25072931425786,0.186744282894762,0.666320571706294,0.999723251605349,1,"arteriol_scler"
"3185","TSPAN17","Exc L5 ET",0.0827886767965252,3.96906770355012,1.27181934042753,0.261399524698521,0.999723251605349,1,"arteriol_scler"
"3186","UNC5A","Exc L5 ET",0.0263052251526207,6.59187323914872,0.705066779946971,0.402551301387258,0.999723251605349,1,"arteriol_scler"
"3187","UIMC1","Exc L5 ET",0.0148689220070471,6.14241967136592,0.203766541574364,0.901533116534326,0.999723251605349,1,"arteriol_scler"
"3188","ZNF346","Exc L5 ET",-0.0443223728032603,5.97917634895047,1.19598423347115,0.2760475542846,0.999723251605349,1,"arteriol_scler"
"3189","NSD1","Exc L5 ET",0.0224711365611003,6.96788567068214,0.563201608085507,0.454261869066254,0.999723251605349,1,"arteriol_scler"
"3190","PRELID1","Exc L5 ET",-0.0557639001505919,4.87713333775834,0.306718080629623,0.580605143932196,0.999723251605349,1,"arteriol_scler"
"3191","LMAN2","Exc L5 ET",0.0196485836814847,4.22221672784684,0.0943518550396158,0.75918295565885,0.999723251605349,1,"arteriol_scler"
"3192","PRR7","Exc L5 ET",0.0357137132859955,4.19677831535975,0.259607216453741,0.611210998769844,0.999723251605349,1,"arteriol_scler"
"3193","DBN1","Exc L5 ET",0.0241267760168574,4.86158511055884,0.212775789077944,0.645332920421662,0.999723251605349,1,"arteriol_scler"
"3194","PDLIM7","Exc L5 ET",0.0340722299096486,4.7830449681495,0.434019280350855,0.594896028963786,0.999723251605349,1,"arteriol_scler"
"3195","DDX41","Exc L5 ET",-0.00425911627054114,4.00188947668003,0.002436912947939,0.960700335888314,0.999723251605349,1,"arteriol_scler"
"3196","FAM193B","Exc L5 ET",-0.0122591559058522,6.11105580664409,0.106541575265863,0.744615168633126,0.999723251605349,1,"arteriol_scler"
"3197","TMED9","Exc L5 ET",0.0250304145863184,4.32129184788066,0.0972502216448157,0.755629504889812,0.999723251605349,1,"arteriol_scler"
"3198","FAM153A","Exc L5 ET",-0.088862555360704,6.59485358853583,2.64077214296495,0.106454408345066,0.999723251605349,1,"arteriol_scler"
"3199","AC106795.3","Exc L5 ET",0.046352122473028,4.93560369360059,0.505006752121179,0.478518089483193,0.999723251605349,1,"arteriol_scler"
"3200","FAM153C","Exc L5 ET",-0.1113677209214,7.23472499556387,6.65662643059111,0.0109332174466893,0.999723251605349,1,"arteriol_scler"
"3201","RMND5B","Exc L5 ET",-0.0223079086401782,5.24622936234523,0.242221196308889,0.623395234292003,0.999723251605349,1,"arteriol_scler"
"3202","NHP2","Exc L5 ET",0.0156896593880345,4.13589483385561,0.0220179545480568,0.882257825346077,0.999723251605349,1,"arteriol_scler"
"3203","PHYKPL","Exc L5 ET",-0.0699786443350682,5.63051716182237,1.80274120754925,0.18160490004045,0.999723251605349,1,"arteriol_scler"
"3204","COL23A1","Exc L5 ET",-0.0745217672078127,3.75645506637839,0.64559947485224,0.423084170203567,0.999723251605349,1,"arteriol_scler"
"3205","CLK4","Exc L5 ET",-0.0318731698089444,5.26000978457982,0.472183322500864,0.493147608010864,0.999723251605349,1,"arteriol_scler"
"3206","ZNF354A","Exc L5 ET",-0.015227585176757,4.52281292888918,0.0617056833072818,0.804192547124131,0.999723251605349,1,"arteriol_scler"
"3207","ZFP2","Exc L5 ET",-0.0782724555707425,4.15552425234739,1.35831701762042,0.245857267767177,0.999723251605349,1,"arteriol_scler"
"3208","ZNF454","Exc L5 ET",-0.052406758447409,3.84013438448869,0.482896157009445,0.48829189332507,0.999723251605349,1,"arteriol_scler"
"3209","AC104117.3","Exc L5 ET",0.0190240699011335,3.96121559326126,0.0616500334140117,0.804279049524361,0.999723251605349,1,"arteriol_scler"
"3210","ADAMTS2","Exc L5 ET",0.112112509641414,5.69863855340998,2.81546289894669,0.0956429185175596,0.999723251605349,1,"arteriol_scler"
"3211","RUFY1","Exc L5 ET",-0.0154478967840945,5.88228866317528,0.181732335422577,0.670558682222657,0.999723251605349,1,"arteriol_scler"
"3212","HNRNPH1","Exc L5 ET",-0.0346340833015154,5.88122836428051,0.766735460731795,0.38276358720611,0.999723251605349,1,"arteriol_scler"
"3213","CANX","Exc L5 ET",-0.00581895557399763,6.26977398139897,0.0157432151655059,0.90033410142476,0.999723251605349,1,"arteriol_scler"
"3214","MAML1","Exc L5 ET",0.0214248247064441,4.89488808397261,0.159396362660531,0.690335401639055,0.999723251605349,1,"arteriol_scler"
"3215","MGAT4B","Exc L5 ET",0.0365970028529571,4.43885131969611,0.373829508046137,0.541938820306657,0.999723251605349,1,"arteriol_scler"
"3216","SQSTM1","Exc L5 ET",0.0418344134487872,6.33562613657499,1.285339011641,0.258891383972905,0.999723251605349,1,"arteriol_scler"
"3217","MRNIP","Exc L5 ET",0.0325251812703545,5.64816871794593,0.735490979049897,0.392608954140999,0.999723251605349,1,"arteriol_scler"
"3218","TBC1D9B","Exc L5 ET",0.01509397768448,5.89484294852597,0.203038315422284,0.652992776818281,0.999723251605349,1,"arteriol_scler"
"3219","RNF130","Exc L5 ET",-0.0213365199759482,7.13900800541372,0.540582307380594,0.463450001968113,0.999723251605349,1,"arteriol_scler"
"3220","RASGEF1C","Exc L5 ET",0.0548933936613331,4.1669233079817,0.499022940959091,0.481131044111329,0.999723251605349,1,"arteriol_scler"
"3221","MAPK9","Exc L5 ET",0.0285365922276891,6.4163468777433,0.896379368010796,0.345423603982362,0.999723251605349,1,"arteriol_scler"
"3222","GFPT2","Exc L5 ET",0.0203586221139881,5.35023424459716,0.198386860808752,0.656730057862264,0.999723251605349,1,"arteriol_scler"
"3223","CNOT6","Exc L5 ET",-0.0018919780558186,4.98592626691037,0.00171482977664765,0.967029011199686,0.999723251605349,1,"arteriol_scler"
"3224","MGAT1","Exc L5 ET",0.0358630620428597,4.20046653643842,0.363155011191112,0.568583249987274,0.999723251605349,1,"arteriol_scler"
"3225","BTNL9","Exc L5 ET",0.0559302441955673,5.06012133438054,0.194490788231877,0.659901076956698,0.999723251605349,1,"arteriol_scler"
"3226","RACK1","Exc L5 ET",0.0126663756894568,5.25179014068774,0.0393698431170522,0.843012297353304,0.999723251605349,1,"arteriol_scler"
"3227","TRIM52","Exc L5 ET",0.0435475104050225,4.81307154051523,0.722157246746574,0.39692184656126,0.999723251605349,1,"arteriol_scler"
"3228","EXOC2","Exc L5 ET",0.0103700204906301,7.08556222149269,0.111049162911745,0.73946296854908,0.999723251605349,1,"arteriol_scler"
"3229","AL357054.2","Exc L5 ET",-0.00232003438074598,4.48068266700547,0.00145854943232377,0.96959109920743,0.999723251605349,1,"arteriol_scler"
"3230","GMDS","Exc L5 ET",0.00368386286693252,7.95779158705362,0.0123102401086495,0.911817389805533,0.999723251605349,1,"arteriol_scler"
"3231","GMDS-DT","Exc L5 ET",-0.0142289825934923,6.80088374174088,0.0891236702940499,0.765747140328669,0.999723251605349,1,"arteriol_scler"
"3232","WRNIP1","Exc L5 ET",0.0535883664598923,5.05930646199811,2.23043515959085,0.278716218882688,0.999723251605349,1,"arteriol_scler"
"3233","SERPINB9","Exc L5 ET",-0.0274544404959216,5.54972242071358,0.300020902737221,0.584761824452709,0.999723251605349,1,"arteriol_scler"
"3234","SERPINB6","Exc L5 ET",-0.0497321587230745,4.15537943763363,0.525015994981245,0.469947140466826,0.999723251605349,1,"arteriol_scler"
"3235","NQO2","Exc L5 ET",0.0248915917741313,7.48683550950203,0.560376985667457,0.455393382236663,0.999723251605349,1,"arteriol_scler"
"3236","RIPK1","Exc L5 ET",0.0181935376130916,5.76441773761475,0.148429743238564,0.700638811582459,0.999723251605349,1,"arteriol_scler"
"3237","BPHL","Exc L5 ET",0.00507892073184843,4.94941524401836,0.00976155849651031,0.921441205177929,0.999723251605349,1,"arteriol_scler"
"3238","TUBB2A","Exc L5 ET",-0.023234955927654,7.03699502143581,0.0537944002150287,0.816934128252128,0.999723251605349,1,"arteriol_scler"
"3239","PSMG4","Exc L5 ET",-0.0110944466409058,4.96794274066935,0.0580101072269821,0.89789226497796,0.999723251605349,1,"arteriol_scler"
"3240","SLC22A23","Exc L5 ET",-0.00772449324617227,6.84643558447683,0.0454933274323205,0.831416994441133,0.999723251605349,1,"arteriol_scler"
"3241","PRPF4B","Exc L5 ET",-0.0706296396102476,5.96911598425909,4.05389887166324,0.0460309517808892,0.999723251605349,1,"arteriol_scler"
"3242","ECI2","Exc L5 ET",0.0392899645113735,4.23279523288294,0.419860329315538,0.649252644141662,0.999723251605349,1,"arteriol_scler"
"3243","CDYL","Exc L5 ET",0.0195557186609405,5.88372727774127,0.24849369326718,0.618938181448647,0.999723251605349,1,"arteriol_scler"
"3244","LYRM4","Exc L5 ET",0.00370909825092335,6.14673660660685,0.00792599692543857,0.929189795131791,0.999723251605349,1,"arteriol_scler"
"3245","FARS2","Exc L5 ET",0.0313830766537499,7.68895027727983,0.71432188049542,0.399488404218681,0.999723251605349,1,"arteriol_scler"
"3246","NRN1","Exc L5 ET",0.00109147571175368,5.97003041742564,0.000302728566399488,0.9861435777288,0.999723251605349,1,"arteriol_scler"
"3247","LY86-AS1","Exc L5 ET",0.161981219534438,4.04567591754186,1.66378348592193,0.199269328136134,0.999723251605349,1,"arteriol_scler"
"3248","RREB1","Exc L5 ET",0.062843657095089,5.95542721196622,0.574217832563176,0.449890947957033,0.999723251605349,1,"arteriol_scler"
"3249","SSR1","Exc L5 ET",-0.00218817928957166,5.94325243109066,0.00366276782654453,0.951829163826561,0.999723251605349,1,"arteriol_scler"
"3250","AL139095.4","Exc L5 ET",-0.194475922565592,3.76390802492565,3.22936853392179,0.0745345253443951,0.999723251605349,1,"arteriol_scler"
"3251","RIOK1","Exc L5 ET",-0.0801884394709094,4.10021097921393,1.33874259025835,0.249272001141946,0.999723251605349,1,"arteriol_scler"
"3252","SNRNP48","Exc L5 ET",0.0351286363187626,5.09924435916499,0.400047666691066,0.528120285620482,0.999723251605349,1,"arteriol_scler"
"3253","BLOC1S5-TXNDC5","Exc L5 ET",0.0217855769812286,4.19517128488404,0.0757290007761694,0.783586178135809,0.999723251605349,1,"arteriol_scler"
"3254","SLC35B3","Exc L5 ET",0.00238518589950958,4.56654420491701,0.00194596117603781,0.964878609516403,0.999723251605349,1,"arteriol_scler"
"3255","PAK1IP1","Exc L5 ET",-0.113145710052779,3.9805387233709,2.54326895933725,0.113072769699199,0.999723251605349,1,"arteriol_scler"
"3256","TMEM14C","Exc L5 ET",0.0855148680423025,3.71395674123826,0.76683259462269,0.382733533575722,0.999723251605349,1,"arteriol_scler"
"3257","AL024498.2","Exc L5 ET",-0.0776153545413994,4.7764576793581,1.49253244505934,0.223924825364363,0.999723251605349,1,"arteriol_scler"
"3258","MAK","Exc L5 ET",-0.115242974977793,5.17537926339423,2.07009085415067,0.152496374382095,0.999723251605349,1,"arteriol_scler"
"3259","SYCP2L","Exc L5 ET",0.0324484953888898,4.7885436894008,0.249514719493089,0.618219338486683,0.999723251605349,1,"arteriol_scler"
"3260","SMIM13","Exc L5 ET",0.0570996510833729,5.08068236168117,1.62437739163753,0.276765709571777,0.999723251605349,1,"arteriol_scler"
"3261","AL139807.1","Exc L5 ET",-0.136432467751763,4.19794843958633,3.02896622875154,0.0840385383680505,0.999723251605349,1,"arteriol_scler"
"3262","NEDD9","Exc L5 ET",-0.0977285547548116,4.03427085288929,0.927275708479659,0.337270738921724,0.999723251605349,1,"arteriol_scler"
"3263","TMEM170B","Exc L5 ET",-0.0772964178472201,5.98307475701054,4.97265888201658,0.0273804934779897,0.999723251605349,1,"arteriol_scler"
"3264","ADTRP","Exc L5 ET",-0.0800874448420852,5.68241413617948,0.888897895986523,0.347438027980665,0.999723251605349,1,"arteriol_scler"
"3265","HIVEP1","Exc L5 ET",-0.0254679793588325,7.1217809708927,0.528330154274303,0.468551608708983,0.999723251605349,1,"arteriol_scler"
"3266","PHACTR1","Exc L5 ET",-0.00898019902513857,10.7400101371785,0.0872635912830144,0.768133033028689,0.999723251605349,1,"arteriol_scler"
"3267","TBC1D7","Exc L5 ET",-0.00771829686901338,4.40104825534526,0.0140205001754552,0.905917906788708,0.999723251605349,1,"arteriol_scler"
"3268","GFOD1","Exc L5 ET",0.0568958416679032,7.60559428700167,4.54722314810947,0.0347581657591741,0.999723251605349,1,"arteriol_scler"
"3269","SIRT5","Exc L5 ET",0.00136574469200178,6.0114519068412,0.00179945613754537,0.966225733370653,0.999723251605349,1,"arteriol_scler"
"3270","NOL7","Exc L5 ET",-0.0532934021198068,4.78560418258554,0.705079080743569,0.402547207790861,0.999723251605349,1,"arteriol_scler"
"3271","RANBP9","Exc L5 ET",0.0355957982994882,6.77752455582968,1.73739372591437,0.189672020522091,0.999723251605349,1,"arteriol_scler"
"3272","MCUR1","Exc L5 ET",-0.0382659516089523,4.71840040037455,0.529693402069523,0.467979512854263,0.999723251605349,1,"arteriol_scler"
"3273","JARID2","Exc L5 ET",0.0199501782587953,7.21923605123936,0.346478716564753,0.557083785050974,0.999723251605349,1,"arteriol_scler"
"3274","DTNBP1","Exc L5 ET",0.0367005866850838,5.62586394402338,0.81155855380908,0.763586018696264,0.999723251605349,1,"arteriol_scler"
"3275","MYLIP","Exc L5 ET",-0.0517642793469427,5.03883474982515,0.97772471006693,0.324506709323549,0.999723251605349,1,"arteriol_scler"
"3276","GMPR","Exc L5 ET",-0.0148662901264335,4.26616893491067,0.052225180349098,0.878358139635498,0.999723251605349,1,"arteriol_scler"
"3277","ATXN1","Exc L5 ET",0.0186435394998865,8.71606561215755,0.371323085948157,0.543294569595819,0.999723251605349,1,"arteriol_scler"
"3278","CAP2","Exc L5 ET",-0.0116736390245393,7.53812822557713,0.123309878189138,0.726012192836895,0.999723251605349,1,"arteriol_scler"
"3279","FAM8A1","Exc L5 ET",0.0748772263379427,4.67022834010541,1.90702721974641,0.169545440884539,0.999723251605349,1,"arteriol_scler"
"3280","NUP153","Exc L5 ET",0.0701764004485137,5.95559508259915,3.33518525393791,0.0699929426323938,0.999723251605349,1,"arteriol_scler"
"3281","KIF13A","Exc L5 ET",0.103164911281931,6.24299388241504,3.01535854670297,0.0847301907518631,0.999723251605349,1,"arteriol_scler"
"3282","TPMT","Exc L5 ET",0.0753397413147856,4.23669168171192,1.34045347943154,0.248971213356821,0.999723251605349,1,"arteriol_scler"
"3283","KDM1B","Exc L5 ET",0.108956821517448,4.58422555599982,4.54394791316521,0.0348225009183998,0.999723251605349,1,"arteriol_scler"
"3284","DEK","Exc L5 ET",0.0883059508884502,3.88875127001764,1.2468679186129,0.266108761854399,0.999723251605349,1,"arteriol_scler"
"3285","E2F3","Exc L5 ET",-0.0417767767221353,6.63902031624549,0.962107296033971,0.328387854845579,0.999723251605349,1,"arteriol_scler"
"3286","CDKAL1","Exc L5 ET",0.00951686346611218,7.48031751138496,0.100334978455332,0.751910833357218,0.999723251605349,1,"arteriol_scler"
"3287","CASC15","Exc L5 ET",-0.0233824302772134,5.55005739742954,0.174359526564291,0.676920632723686,0.999723251605349,1,"arteriol_scler"
"3288","NRSN1","Exc L5 ET",-0.0142970015127541,7.24437635945477,0.170250334859466,0.680535292431194,0.999723251605349,1,"arteriol_scler"
"3289","MRS2","Exc L5 ET",-0.0502935579300115,5.66101556711343,1.53452431371946,0.217555807676613,0.999723251605349,1,"arteriol_scler"
"3290","GPLD1","Exc L5 ET",-0.0115300393153877,6.48322738842012,0.0701684610589279,0.791490330797794,0.999723251605349,1,"arteriol_scler"
"3291","ALDH5A1","Exc L5 ET",-0.0147206195284593,5.08198666511541,0.0848828797543942,0.771227450789911,0.999723251605349,1,"arteriol_scler"
"3292","KIAA0319","Exc L5 ET",0.0292935675915718,7.13861124430369,0.90349696110082,0.343521903850557,0.999723251605349,1,"arteriol_scler"
"3293","TDP2","Exc L5 ET",-0.0282906520675866,5.21190378787508,0.506482427649877,0.848359190932887,0.999723251605349,1,"arteriol_scler"
"3294","ACOT13","Exc L5 ET",-0.0267872886167592,4.53154932064876,0.213334772774959,0.644899705598877,0.999723251605349,1,"arteriol_scler"
"3295","C6orf62","Exc L5 ET",-0.0309796635207718,5.8534902795471,0.781351687920519,0.641818468703063,0.999723251605349,1,"arteriol_scler"
"3296","RIPOR2","Exc L5 ET",0.00204501639511699,5.97986890270881,0.00187840181896063,0.965493271204434,0.999723251605349,1,"arteriol_scler"
"3297","CARMIL1","Exc L5 ET",-0.0130685759988299,8.79961276264246,0.153587953050465,0.69573967849207,0.999723251605349,1,"arteriol_scler"
"3298","HIST1H4C","Exc L5 ET",0.0177602333356704,3.58309020781583,0.0204350854401728,0.886538932252666,0.999723251605349,1,"arteriol_scler"
"3299","BTN2A1","Exc L5 ET",-0.0335061458497393,4.08604627806833,0.238581858533495,0.626014237122273,0.999723251605349,1,"arteriol_scler"
"3300","HMGN4","Exc L5 ET",-0.0327858052923112,4.04318855609771,0.165888814076647,0.684428253857723,0.999723251605349,1,"arteriol_scler"
"3301","ZNF322","Exc L5 ET",-0.0147919072995021,3.90043796945288,0.050024249528587,0.974612486861756,0.999723251605349,1,"arteriol_scler"
"3302","ZNF391","Exc L5 ET",-0.0583233158021287,4.39021104046134,0.950171311849756,0.331396043664938,0.999723251605349,1,"arteriol_scler"
"3303","ZNF184","Exc L5 ET",0.00231185453737147,4.9208509759325,0.00220869820566276,0.962584319008402,0.999723251605349,1,"arteriol_scler"
"3304","ZSCAN16-AS1","Exc L5 ET",-0.0191333217144717,4.22910210231187,0.0823612382296224,0.774556858897862,0.999723251605349,1,"arteriol_scler"
"3305","NKAPL","Exc L5 ET",-0.0233051001061712,3.9512414233355,0.0764329831908161,0.782608030231134,0.999723251605349,1,"arteriol_scler"
"3306","PGBD1","Exc L5 ET",0.0552380862763352,5.24514558257455,1.59507092301886,0.208751345613489,0.999723251605349,1,"arteriol_scler"
"3307","ZSCAN31","Exc L5 ET",0.00726606822842932,4.75572217504715,0.0103507449287068,0.91911311023837,0.999723251605349,1,"arteriol_scler"
"3308","ZSCAN23","Exc L5 ET",0.0112845024054197,4.62215788556896,0.0401118306998588,0.841559489929524,0.999723251605349,1,"arteriol_scler"
"3309","TRIM27","Exc L5 ET",-0.0258097455761816,4.42840234704617,0.199931040473666,0.65548358136697,0.999723251605349,1,"arteriol_scler"
"3310","GABBR1","Exc L5 ET",0.00929672307109825,6.69350940438884,0.0694012581579143,0.792606904452837,0.999723251605349,1,"arteriol_scler"
"3311","PPP1R11","Exc L5 ET",0.015647724734676,4.37231839212336,0.0436261726480911,0.834861325048454,0.999723251605349,1,"arteriol_scler"
"3312","TRIM26","Exc L5 ET",0.079656885740137,4.80940092636441,2.32067419932329,0.129972819921548,0.999723251605349,1,"arteriol_scler"
"3313","HCG17","Exc L5 ET",0.0507842418145404,6.7579003553064,2.22416763791981,0.138167995800107,0.999723251605349,1,"arteriol_scler"
"3314","GNL1","Exc L5 ET",-0.00274419520905649,5.51970918514178,0.0033318512600436,0.954054137520212,0.999723251605349,1,"arteriol_scler"
"3315","PRR3","Exc L5 ET",-0.0251298912140794,5.00319224748179,0.252302030765867,0.616266284108237,0.999723251605349,1,"arteriol_scler"
"3316","ABCF1","Exc L5 ET",-0.0635804846221471,4.23402788217496,1.08506082072193,0.318684365530671,0.999723251605349,1,"arteriol_scler"
"3317","PPP1R10","Exc L5 ET",-0.0290344459885757,5.58854399657688,0.477253881193507,0.490839273375721,0.999723251605349,1,"arteriol_scler"
"3318","MRPS18B","Exc L5 ET",-0.0228159079519413,4.01740426995597,0.074612315312791,0.785147845116619,0.999723251605349,1,"arteriol_scler"
"3319","ATAT1","Exc L5 ET",0.0391813967932575,4.35122328623615,0.449495382485077,0.503704842343743,0.999723251605349,1,"arteriol_scler"
"3320","C6orf136","Exc L5 ET",-0.0374894112844535,5.23314595942335,0.503525358591009,0.479162792434978,0.999723251605349,1,"arteriol_scler"
"3321","MDC1","Exc L5 ET",-0.0154971948603243,3.99176876360732,0.038599118273957,0.844536523399424,0.999723251605349,1,"arteriol_scler"
"3322","TUBB","Exc L5 ET",-0.050528884788778,6.08375201754667,0.497574268900855,0.481767172603284,0.999723251605349,1,"arteriol_scler"
"3323","FLOT1","Exc L5 ET",-0.025259903067013,6.7422310125291,0.258846973841376,0.611732890479282,0.999723251605349,1,"arteriol_scler"
"3324","VARS2","Exc L5 ET",0.0584932255592411,4.1351719166361,0.559283378339685,0.455832666396835,0.999723251605349,1,"arteriol_scler"
"3325","HLA-C","Exc L5 ET",-0.139943241199226,3.64973842726222,1.0423820432421,0.309070079244728,0.999723251605349,1,"arteriol_scler"
"3326","MICA","Exc L5 ET",0.13696779796028,4.79505905336652,3.18508865952581,0.0765290520418132,0.999723251605349,1,"arteriol_scler"
"3327","PRRC2A","Exc L5 ET",-0.00424421150906313,5.06087584171121,0.0101949927270011,0.919721891116882,0.999723251605349,1,"arteriol_scler"
"3328","BAG6","Exc L5 ET",0.0162522261701564,4.11971227364841,0.0638362691224092,0.800911402548598,0.999723251605349,1,"arteriol_scler"
"3329","VARS","Exc L5 ET",0.0603790553832476,4.08169870829593,0.726596975821873,0.395478192233322,0.999723251605349,1,"arteriol_scler"
"3330","LSM2","Exc L5 ET",-0.0413753508545397,3.70586148928772,0.190104270812279,0.663517048436774,0.999723251605349,1,"arteriol_scler"
"3331","HSPA1A","Exc L5 ET",0.161696305656636,4.33992374203974,1.56424108060752,0.21318004102165,0.999723251605349,1,"arteriol_scler"
"3332","NEU1","Exc L5 ET",-0.00818969149410668,3.91430632248771,0.0089445000941653,0.924790489189219,0.999723251605349,1,"arteriol_scler"
"3333","EHMT2","Exc L5 ET",-0.0186700367681259,4.88432997069284,0.168886593249446,0.687287957732593,0.999723251605349,1,"arteriol_scler"
"3334","C2","Exc L5 ET",0.00798098253627548,4.11669966387348,0.00925981980505623,0.923480339639575,0.999723251605349,1,"arteriol_scler"
"3335","NELFE","Exc L5 ET",-0.0509150519165976,3.91826996950375,0.505046713519641,0.478500718010611,0.999723251605349,1,"arteriol_scler"
"3336","TNXB","Exc L5 ET",0.0215900868263444,4.87143964104796,0.121612991769609,0.727827699593841,0.999723251605349,1,"arteriol_scler"
"3337","ATF6B","Exc L5 ET",-0.0348894880182483,5.8070706708791,0.529744359225246,0.467958150214432,0.999723251605349,1,"arteriol_scler"
"3338","PRRT1","Exc L5 ET",0.103109266151418,5.12480542941817,2.29548099437505,0.132057967785438,0.999723251605349,1,"arteriol_scler"
"3339","AGPAT1","Exc L5 ET",0.0275015779546801,4.86490749624696,0.217489314976521,0.641701329345505,0.999723251605349,1,"arteriol_scler"
"3340","RNF5","Exc L5 ET",0.0138985955732734,3.73179072735445,0.0177059931133027,0.894338386270447,0.999723251605349,1,"arteriol_scler"
"3341","PBX2","Exc L5 ET",-0.0754175375902262,3.98255616297332,1.16979288215474,0.281346520956844,0.999723251605349,1,"arteriol_scler"
"3342","AL662796.1","Exc L5 ET",-0.00378022610144868,5.13450976857747,0.00196875691429924,0.964673630879031,0.999723251605349,1,"arteriol_scler"
"3343","BRD2","Exc L5 ET",0.022990819923686,5.04107790249581,0.191292812057628,0.662532415484745,0.999723251605349,1,"arteriol_scler"
"3344","RXRB","Exc L5 ET",-0.00928389930243184,4.57443155790919,0.0191092080606893,0.890257111042498,0.999723251605349,1,"arteriol_scler"
"3345","RING1","Exc L5 ET",-0.00592975947035843,5.44593885959197,0.0179760882144527,0.893540347386402,0.999723251605349,1,"arteriol_scler"
"3346","VPS52","Exc L5 ET",0.0333258904279556,4.29949053280464,0.314748916689785,0.575698286762188,0.999723251605349,1,"arteriol_scler"
"3347","RPS18","Exc L5 ET",-0.0650008915241687,4.07513105491866,0.393242968289132,0.531644765288362,0.999723251605349,1,"arteriol_scler"
"3348","WDR46","Exc L5 ET",-0.0770263767191941,4.13276542803785,1.59507265224926,0.227039677459855,0.999723251605349,1,"arteriol_scler"
"3349","PFDN6","Exc L5 ET",-0.00824085447447808,3.72369844704501,0.00540271266638313,0.941513094602926,0.999723251605349,1,"arteriol_scler"
"3350","RGL2","Exc L5 ET",-0.00792847866913423,4.56894675290494,0.0241984616872281,0.87661028205113,0.999723251605349,1,"arteriol_scler"
"3351","TAPBP","Exc L5 ET",0.0187583349663683,5.36274813614124,0.195279999681553,0.659255686321958,0.999723251605349,1,"arteriol_scler"
"3352","PHF1","Exc L5 ET",0.0131171846354203,5.07739720936098,0.0785269695309443,0.779726897292729,0.999723251605349,1,"arteriol_scler"
"3353","CUTA","Exc L5 ET",-0.00607734614734792,4.62124599740873,0.0047409973229702,0.94520565052938,0.999723251605349,1,"arteriol_scler"
"3354","SYNGAP1","Exc L5 ET",-0.0133316298359192,6.28640914914477,0.136228031842391,0.71263062035588,0.999723251605349,1,"arteriol_scler"
"3355","SYNGAP1-AS1","Exc L5 ET",-0.0739336305427624,4.07190991826409,0.750821827517097,0.387733239270146,0.999723251605349,1,"arteriol_scler"
"3356","UQCC2","Exc L5 ET",-0.123027523593814,4.67146153208103,5.5583022519737,0.0198100894384473,0.999723251605349,1,"arteriol_scler"
"3357","LEMD2","Exc L5 ET",-0.0407812491535469,4.75052480445136,0.585473405638307,0.445492784075459,0.999723251605349,1,"arteriol_scler"
"3358","GRM4","Exc L5 ET",-0.088211355963557,5.24152994166045,2.34260993699667,0.128187443475371,0.999723251605349,1,"arteriol_scler"
"3359","HMGA1","Exc L5 ET",0.124712280514897,3.79842686335783,1.80926962117298,0.180821264231614,0.999723251605349,1,"arteriol_scler"
"3360","SMIM29","Exc L5 ET",0.038358535573512,4.89207582054017,0.194844973292144,0.659611242962255,0.999723251605349,1,"arteriol_scler"
"3361","NUDT3","Exc L5 ET",0.0209826897046963,6.22624498311998,0.149469209952925,0.699643759856177,0.999723251605349,1,"arteriol_scler"
"3362","RPS10-NUDT3","Exc L5 ET",0.0143861399701413,4.06775905600673,0.0418547804766409,0.838200876748304,0.999723251605349,1,"arteriol_scler"
"3363","PACSIN1","Exc L5 ET",-0.0240046376486388,6.65556456789639,0.54226017649337,0.462758308997495,0.999723251605349,1,"arteriol_scler"
"3364","C6orf106","Exc L5 ET",0.0505920317539608,5.99471193075987,2.4141925974096,0.122550178721882,0.999723251605349,1,"arteriol_scler"
"3365","SNRPC","Exc L5 ET",-0.076561999504791,4.21134888930287,1.07826404713686,0.300917941996532,0.999723251605349,1,"arteriol_scler"
"3366","UHRF1BP1","Exc L5 ET",-0.0504832720183783,4.93921816910887,1.30243689574488,0.255762219788245,0.999723251605349,1,"arteriol_scler"
"3367","TAF11","Exc L5 ET",-0.0680025384017118,5.15381737685038,1.92878023930533,0.167148648450713,0.999723251605349,1,"arteriol_scler"
"3368","ANKS1A","Exc L5 ET",-0.0252240147415667,6.97291808205456,0.553160904476064,0.458304410115783,0.999723251605349,1,"arteriol_scler"
"3369","ZNF76","Exc L5 ET",0.021757675055404,5.29932629940019,0.290998100220196,0.59045847207371,0.999723251605349,1,"arteriol_scler"
"3370","PPARD","Exc L5 ET",-0.0626139763949424,5.12255801157914,2.09565077498311,0.151813792443451,0.999723251605349,1,"arteriol_scler"
"3371","RPL10A","Exc L5 ET",-0.0414387557543919,4.83245864843453,0.196681777716067,0.658113195878286,0.999723251605349,1,"arteriol_scler"
"3372","FKBP5","Exc L5 ET",0.289365149306296,4.69342763741426,7.85805341386397,0.00579513278872745,0.999723251605349,1,"arteriol_scler"
"3373","CLPSL1","Exc L5 ET",0.130715585410675,3.73805009645446,1.59388582038898,0.208919540401797,0.999723251605349,1,"arteriol_scler"
"3374","LHFPL5","Exc L5 ET",0.0687212545618267,4.97715086438898,1.75682037548016,0.187230687706391,0.999723251605349,1,"arteriol_scler"
"3375","SRPK1","Exc L5 ET",-0.00671119807487426,7.90383795926747,0.0445120701848584,0.833217708326482,0.999723251605349,1,"arteriol_scler"
"3376","SLC26A8","Exc L5 ET",0.0135837377540829,5.07968141882038,0.0748888986992309,0.784759882980451,0.999723251605349,1,"arteriol_scler"
"3377","MAPK14","Exc L5 ET",-0.00352255237169955,7.39153848464401,0.015541724698166,0.900970602656596,0.999723251605349,1,"arteriol_scler"
"3378","MAPK13","Exc L5 ET",-0.068466391032421,4.58915192150802,1.63908698029294,0.224139440607655,0.999723251605349,1,"arteriol_scler"
"3379","Z84485.1","Exc L5 ET",0.0179177504711175,4.20351595796191,0.0844630291356081,0.999262088835284,0.999723251605349,1,"arteriol_scler"
"3380","BRPF3","Exc L5 ET",0.0556280997199183,4.58440006952241,1.09373640608908,0.404955656829553,0.999723251605349,1,"arteriol_scler"
"3381","KCTD20","Exc L5 ET",-0.0327900122315597,5.40161005388238,0.7763656257359,0.554787062953192,0.999723251605349,1,"arteriol_scler"
"3382","STK38","Exc L5 ET",-0.00612681922221953,6.10408145803139,0.0300389742552413,0.862657989538551,0.999723251605349,1,"arteriol_scler"
"3383","SRSF3","Exc L5 ET",0.0431124188273043,5.00560550840346,0.536107534386954,0.465302829759268,0.999723251605349,1,"arteriol_scler"
"3384","CPNE5","Exc L5 ET",-0.00783127374320028,4.79343845675645,0.0149056571351399,0.903007897724706,0.999723251605349,1,"arteriol_scler"
"3385","C6orf89","Exc L5 ET",0.0464794216106267,6.06333978975824,2.05290543397774,0.154197089650152,0.999723251605349,1,"arteriol_scler"
"3386","MTCH1","Exc L5 ET",0.0272892196751277,6.93565854823813,0.217268615765428,0.641870294828768,0.999723251605349,1,"arteriol_scler"
"3387","TBC1D22B","Exc L5 ET",-0.0364278224828272,5.01877252411144,0.54146472270289,0.463086024571871,0.999723251605349,1,"arteriol_scler"
"3388","RNF8","Exc L5 ET",-0.0136804185144528,4.91241196876202,0.0767387764341744,0.782184657420946,0.999723251605349,1,"arteriol_scler"
"3389","CMTR1","Exc L5 ET",-0.0695612368630432,4.53112335628014,2.09208386056876,0.192319616656374,0.999723251605349,1,"arteriol_scler"
"3390","ZFAND3","Exc L5 ET",0.0261451300181948,8.4673389340696,0.939857963236204,0.334025121459812,0.999723251605349,1,"arteriol_scler"
"3391","BTBD9","Exc L5 ET",0.018698272125046,8.6565134324874,0.36095383532973,0.54897099745746,0.999723251605349,1,"arteriol_scler"
"3392","GLO1","Exc L5 ET",0.0810458922865363,5.48109910214644,3.07848443372689,0.0815731882450235,0.999723251605349,1,"arteriol_scler"
"3393","KIF6","Exc L5 ET",-0.0301398365616382,4.53224185620253,0.142876532727614,0.706023741957282,0.999723251605349,1,"arteriol_scler"
"3394","MOCS1","Exc L5 ET",-0.0103660358552796,4.27914342798613,0.0339047594843724,0.854182189595421,0.999723251605349,1,"arteriol_scler"
"3395","LRFN2","Exc L5 ET",0.00285400712571323,6.77386849442862,0.00436616759629494,0.947412995435673,0.999723251605349,1,"arteriol_scler"
"3396","OARD1","Exc L5 ET",0.0420994122167597,4.04200024615075,0.410910986182801,0.522579817019656,0.999723251605349,1,"arteriol_scler"
"3397","TFEB","Exc L5 ET",0.0931584551085709,4.45047116190316,1.92771472596028,0.167265131979387,0.999723251605349,1,"arteriol_scler"
"3398","FRS3","Exc L5 ET",0.0355169144693338,3.95893939934077,0.228328235116495,0.633528767586033,0.999723251605349,1,"arteriol_scler"
"3399","USP49","Exc L5 ET",0.019889945315165,5.69729693956992,0.198740050914058,0.656444447325507,0.999723251605349,1,"arteriol_scler"
"3400","CCND3","Exc L5 ET",0.122175522503197,6.09730472435045,5.71960246750345,0.0181365969670977,0.999723251605349,1,"arteriol_scler"
"3401","TAF8","Exc L5 ET",0.0532229727559784,4.25397717749898,0.88220548614403,0.349253614920981,0.999723251605349,1,"arteriol_scler"
"3402","MRPS10","Exc L5 ET",-0.00620561281525997,4.15755142634808,0.00674744096329128,0.934653205204398,0.999723251605349,1,"arteriol_scler"
"3403","TRERF1","Exc L5 ET",0.0153367005968923,7.55380939884343,0.192330025577149,0.661676124244769,0.999723251605349,1,"arteriol_scler"
"3404","UBR2","Exc L5 ET",-0.0349935790117913,7.44931806595911,1.27881166389132,0.26009855588827,0.999723251605349,1,"arteriol_scler"
"3405","TBCC","Exc L5 ET",0.0468920694861147,4.23453303811685,0.275858401277682,0.600278843706719,0.999723251605349,1,"arteriol_scler"
"3406","BICRAL","Exc L5 ET",-0.0101825734225107,7.26253827988531,0.100279095803531,0.7519776362442,0.999723251605349,1,"arteriol_scler"
"3407","RPL7L1","Exc L5 ET",-0.0030519346520797,5.66108745008531,0.00328525491700071,0.95437619120785,0.999723251605349,1,"arteriol_scler"
"3408","AL035587.1","Exc L5 ET",-0.0124883610549058,4.33490049721422,0.0400368472543073,0.841705668728101,0.999723251605349,1,"arteriol_scler"
"3409","PEX6","Exc L5 ET",-0.00100244565408195,5.35677974899634,0.00052847454954653,0.981692881703117,0.999723251605349,1,"arteriol_scler"
"3410","PPP2R5D","Exc L5 ET",0.0754943506956503,4.48390820062293,1.82562372102521,0.178875478095191,0.999723251605349,1,"arteriol_scler"
"3411","MEA1","Exc L5 ET",-0.059534712889394,3.52097851008696,0.233023283640974,0.630062612865397,0.999723251605349,1,"arteriol_scler"
"3412","KLHDC3","Exc L5 ET",0.0245980812658167,5.59417822647808,0.186209843724198,0.666769256139182,0.999723251605349,1,"arteriol_scler"
"3413","RRP36","Exc L5 ET",0.00422777998861388,4.52538377163052,0.0059646203998746,0.938552647601434,0.999723251605349,1,"arteriol_scler"
"3414","KLC4","Exc L5 ET",0.0144579882628197,5.21760310014674,0.107217809835135,0.931929144380849,0.999723251605349,1,"arteriol_scler"
"3415","MRPL2","Exc L5 ET",-0.178527662108737,3.84935724509237,4.37923693088886,0.0382262356721991,0.999723251605349,1,"arteriol_scler"
"3416","CUL9","Exc L5 ET",-0.0516785624474046,4.93620257440178,1.32015653605471,0.252568718631869,0.999723251605349,1,"arteriol_scler"
"3417","TTBK1","Exc L5 ET",-0.0225184713259182,5.16513415243411,0.27250302474911,0.602501790198252,0.999723251605349,1,"arteriol_scler"
"3418","ZNF318","Exc L5 ET",0.0315791850565831,5.30797170322197,0.714451805230032,0.399445649194019,0.999723251605349,1,"arteriol_scler"
"3419","ABCC10","Exc L5 ET",-0.0513884011159898,5.03286636174181,1.21493717163605,0.272291747098576,0.999723251605349,1,"arteriol_scler"
"3420","TJAP1","Exc L5 ET",0.0184831733135936,4.21257179339209,0.0765623109271639,0.882068753298964,0.999723251605349,1,"arteriol_scler"
"3421","POLR1C","Exc L5 ET",0.00964453225144755,4.47873162144198,0.0248045329410753,0.875087304649711,0.999723251605349,1,"arteriol_scler"
"3422","YIPF3","Exc L5 ET",0.0734565382208946,4.7975134276321,1.02838056266645,0.312329380557084,0.999723251605349,1,"arteriol_scler"
"3423","XPO5","Exc L5 ET",-0.00628730056829699,5.68992766629559,0.0254623685527689,0.873455680159481,0.999723251605349,1,"arteriol_scler"
"3424","POLH","Exc L5 ET",-0.00689745350908682,4.19939034770642,0.0100921792591595,0.920126330527644,0.999723251605349,1,"arteriol_scler"
"3425","VEGFA","Exc L5 ET",0.0515858154742424,5.07055701854933,0.933728634413172,0.335600910369201,0.999723251605349,1,"arteriol_scler"
"3426","TMEM63B","Exc L5 ET",0.0025868752775414,5.92885665106997,0.0054952047924839,0.941015498968954,0.999723251605349,1,"arteriol_scler"
"3427","SLC29A1","Exc L5 ET",-0.0679131376301638,5.03088891750535,1.57250198558246,0.211982431311149,0.999723251605349,1,"arteriol_scler"
"3428","HSP90AB1","Exc L5 ET",0.0392967695284488,8.03053116330021,0.319390682266357,0.572899614535469,0.999723251605349,1,"arteriol_scler"
"3429","CDC5L","Exc L5 ET",0.0497529660498054,5.15636012044973,1.57794200861197,0.211198171454387,0.999723251605349,1,"arteriol_scler"
"3430","SUPT3H","Exc L5 ET",-0.00807074862063859,8.43767296687566,0.0700627858765708,0.79164373927208,0.999723251605349,1,"arteriol_scler"
"3431","RUNX2","Exc L5 ET",-0.0596369092830677,3.82010731113032,0.310075219482846,0.57854379312394,0.999723251605349,1,"arteriol_scler"
"3432","CLIC5","Exc L5 ET",0.0939266708593964,4.5043051924717,1.95711270470073,0.16408540963309,0.999723251605349,1,"arteriol_scler"
"3433","ENPP4","Exc L5 ET",0.00147895569862053,4.88066467977221,0.000836466605151396,0.976969158912196,0.999723251605349,1,"arteriol_scler"
"3434","ENPP5","Exc L5 ET",-0.0559554437075677,5.05071019529557,0.988200026019798,0.32193761988034,0.999723251605349,1,"arteriol_scler"
"3435","RCAN2","Exc L5 ET",0.0125050043323804,8.33298957977135,0.183533705219957,0.669027560494545,0.999723251605349,1,"arteriol_scler"
"3436","SLC25A27","Exc L5 ET",-0.0283085593135956,6.00734526337613,0.593598772465839,0.442359257641064,0.999723251605349,1,"arteriol_scler"
"3437","TDRD6","Exc L5 ET",0.164123635810686,4.06073948068233,4.57133327452108,0.0342884256621027,0.999723251605349,1,"arteriol_scler"
"3438","TNFRSF21","Exc L5 ET",0.0536555571726716,5.8977057828101,1.76292569080157,0.186471071126505,0.999723251605349,1,"arteriol_scler"
"3439","CD2AP","Exc L5 ET",-0.00299039837834993,5.68025998641418,0.00564317184856623,0.987696640619916,0.999723251605349,1,"arteriol_scler"
"3440","PTCHD4","Exc L5 ET",-0.0610112745947032,7.41875317340381,2.18882484339747,0.14131425049658,0.999723251605349,1,"arteriol_scler"
"3441","MUT","Exc L5 ET",0.0454007623518982,4.62948319656271,0.731487276196057,0.393896822238468,0.999723251605349,1,"arteriol_scler"
"3442","EFHC1","Exc L5 ET",-0.00842797516573201,5.51472394553161,0.044250492868868,0.833701224482739,0.999723251605349,1,"arteriol_scler"
"3443","TMEM14A","Exc L5 ET",-0.0679003371575925,6.54884961589868,1.61434128946166,0.206038953233682,0.999723251605349,1,"arteriol_scler"
"3444","GSTA4","Exc L5 ET",-0.0461976295423617,6.53216060017076,2.44446574263908,0.233165569316928,0.999723251605349,1,"arteriol_scler"
"3445","ICK","Exc L5 ET",-0.0666202098945382,4.64442150925866,1.37096784375972,0.243680994341397,0.999723251605349,1,"arteriol_scler"
"3446","FBXO9","Exc L5 ET",0.00294251164793196,6.18026836277802,0.00902466801013235,0.924455212002432,0.999723251605349,1,"arteriol_scler"
"3447","ELOVL5","Exc L5 ET",-0.0789457067260378,4.95955616790774,1.56167934318153,0.213553069582493,0.999723251605349,1,"arteriol_scler"
"3448","GCLC","Exc L5 ET",-0.0419916775124266,5.02919819128307,0.975311721649139,0.325102360832313,0.999723251605349,1,"arteriol_scler"
"3449","LRRC1","Exc L5 ET",0.0182798416542739,4.0993909825754,0.0600631840414454,0.806763323308863,0.999723251605349,1,"arteriol_scler"
"3450","MLIP","Exc L5 ET",0.0257668796904599,7.10768344468699,0.275315176069125,0.600637557090555,0.999723251605349,1,"arteriol_scler"
"3451","HMGCLL1","Exc L5 ET",-0.0141434036818351,6.89564206668972,0.112274539082584,0.738082517730158,0.999723251605349,1,"arteriol_scler"
"3452","COL21A1","Exc L5 ET",0.02770723460114,7.81389125568328,0.192025740748417,0.661927046220151,0.999723251605349,1,"arteriol_scler"
"3453","DST","Exc L5 ET",0.0128699562863485,9.51481004137761,0.345450126291246,0.557668931431481,0.999723251605349,1,"arteriol_scler"
"3454","AL512422.1","Exc L5 ET",-0.0446938920526108,4.26361189236456,0.212485260834098,0.645558353975089,0.999723251605349,1,"arteriol_scler"
"3455","BEND6","Exc L5 ET",-0.0186118760484031,7.31870823532979,0.503596490767609,0.479131803070269,0.999723251605349,1,"arteriol_scler"
"3456","KIAA1586","Exc L5 ET",-0.109297796309283,4.57852727808842,3.9169751838866,0.0498084207513773,0.999723251605349,1,"arteriol_scler"
"3457","ZNF451","Exc L5 ET",-0.00868844243527034,6.80453393411775,0.0840113425938426,0.772372029686241,0.999723251605349,1,"arteriol_scler"
"3458","ZNF451-AS1","Exc L5 ET",-0.240964814131848,4.13066195278648,4.43530975169398,0.0370295349923345,0.999723251605349,1,"arteriol_scler"
"3459","BAG2","Exc L5 ET",-0.08187267010427,4.41347670474876,1.63229320227819,0.203549837586464,0.999723251605349,1,"arteriol_scler"
"3460","PRIM2","Exc L5 ET",0.00903189392252362,5.5264859734713,0.0405994305747949,0.84061237175018,0.999723251605349,1,"arteriol_scler"
"3461","AL021368.2","Exc L5 ET",0.0685537908605795,4.19496798589973,1.25498131271901,0.264565896997063,0.999723251605349,1,"arteriol_scler"
"3462","AL445250.1","Exc L5 ET",0.0166050895557567,5.50543544415752,0.0464845769180175,0.829618448523783,0.999723251605349,1,"arteriol_scler"
"3463","KHDRBS2","Exc L5 ET",0.033090744689841,10.009223984035,1.02001117038144,0.314299208244416,0.999723251605349,1,"arteriol_scler"
"3464","PTP4A1","Exc L5 ET",0.00579509232495648,4.30251887684817,0.00594059739309239,0.93867626750008,0.999723251605349,1,"arteriol_scler"
"3465","PHF3","Exc L5 ET",0.0863927868038785,6.92354535531362,6.35968383098244,0.0128205345594317,0.999723251605349,1,"arteriol_scler"
"3466","EYS","Exc L5 ET",0.162338849414627,4.84760438387022,2.93701759090399,0.0888352107633125,0.999723251605349,1,"arteriol_scler"
"3467","AL391807.1","Exc L5 ET",-0.0684256454798431,6.39376627120147,1.50622613651478,0.22182345482592,0.999723251605349,1,"arteriol_scler"
"3468","ADGRB3","Exc L5 ET",0.0346965632732969,11.71140782189,1.45849520385815,0.229253277753849,0.999723251605349,1,"arteriol_scler"
"3469","LMBRD1","Exc L5 ET",-0.0207102948957195,6.9944956053772,0.642671184224724,0.530844121429517,0.999723251605349,1,"arteriol_scler"
"3470","COL19A1","Exc L5 ET",-0.0289730472399986,5.83479534409437,0.213558982991587,0.64472613538462,0.999723251605349,1,"arteriol_scler"
"3471","FAM135A","Exc L5 ET",0.0027594713261756,7.98879771050567,0.00943633431389928,0.922756743995165,0.999723251605349,1,"arteriol_scler"
"3472","SMAP1","Exc L5 ET",-0.00569321123629024,7.42082221447858,0.0368762664568362,0.848001915395913,0.999723251605349,1,"arteriol_scler"
"3473","B3GAT2","Exc L5 ET",0.0369692473396882,5.1965892386454,0.474047050320792,0.492297042501351,0.999723251605349,1,"arteriol_scler"
"3474","OGFRL1","Exc L5 ET",0.103477238310119,5.57299618486021,2.65898085459376,0.105266703081318,0.999723251605349,1,"arteriol_scler"
"3475","RIMS1","Exc L5 ET",0.0204653040872997,7.812906723429,0.310379573243407,0.578357638208959,0.999723251605349,1,"arteriol_scler"
"3476","KCNQ5","Exc L5 ET",0.0407494662168904,11.0574465503893,1.9327948755342,0.166710603899687,0.999723251605349,1,"arteriol_scler"
"3477","KHDC1","Exc L5 ET",-0.0100785708732936,4.9857137472275,0.0370474886024126,0.847653805825926,0.999723251605349,1,"arteriol_scler"
"3478","AC019205.1","Exc L5 ET",-0.0150760564931755,5.60944381690743,0.171392721865125,0.679525300559703,0.999723251605349,1,"arteriol_scler"
"3479","OOEP","Exc L5 ET",-0.122694929340025,3.95313755379653,1.23995249836679,0.267432739636044,0.999723251605349,1,"arteriol_scler"
"3480","MTO1","Exc L5 ET",0.0407092864795092,4.64717114880237,0.630932534870208,0.616725828053701,0.999723251605349,1,"arteriol_scler"
"3481","EEF1A1","Exc L5 ET",-0.0296748570264839,5.58950049664147,0.125440946737941,0.72375193413642,0.999723251605349,1,"arteriol_scler"
"3482","SLC17A5","Exc L5 ET",0.04643553947328,6.28533620457213,1.8781237138903,0.172791953392885,0.999723251605349,1,"arteriol_scler"
"3483","COL12A1","Exc L5 ET",-0.0203995000297156,6.39394414051806,0.0916641975884053,0.762531878302564,0.999723251605349,1,"arteriol_scler"
"3484","COX7A2","Exc L5 ET",0.0310789602664776,5.13103371603027,0.14732147818939,0.701704142844236,0.999723251605349,1,"arteriol_scler"
"3485","TMEM30A","Exc L5 ET",0.0589653166987788,5.7845453481983,1.11020109683761,0.293895520859185,0.999723251605349,1,"arteriol_scler"
"3486","SENP6","Exc L5 ET",0.00699060678776972,7.22724828038834,0.0755719115667215,0.783805112703939,0.999723251605349,1,"arteriol_scler"
"3487","MYO6","Exc L5 ET",-0.0443295310665932,7.340637900636,2.86632608430243,0.0927269770654326,0.999723251605349,1,"arteriol_scler"
"3488","IRAK1BP1","Exc L5 ET",0.0329402031711692,6.90264304190389,0.853371389176009,0.357226722930309,0.999723251605349,1,"arteriol_scler"
"3489","PHIP","Exc L5 ET",-0.0167966383718132,7.10535188361472,0.362582202617211,0.548072271178364,0.999723251605349,1,"arteriol_scler"
"3490","HMGN3","Exc L5 ET",-0.0201929769807479,6.78305941040113,0.241024324422866,0.62425383456707,0.999723251605349,1,"arteriol_scler"
"3491","LCA5","Exc L5 ET",0.0951126648674315,4.73754186217954,5.19191799773225,0.0428017329868427,0.999723251605349,1,"arteriol_scler"
"3492","SH3BGRL2","Exc L5 ET",0.029370393289254,6.33822593139506,0.991384464642983,0.32116198847114,0.999723251605349,1,"arteriol_scler"
"3493","ELOVL4","Exc L5 ET",0.0342863918162067,6.04459053566257,0.804660149776522,0.371279459100343,0.999723251605349,1,"arteriol_scler"
"3494","BCKDHB","Exc L5 ET",-0.0184360301474658,6.46806333298161,0.205917844431781,0.650704942036494,0.999723251605349,1,"arteriol_scler"
"3495","IBTK","Exc L5 ET",-0.0270476213123469,6.98944074500866,0.816855655316736,0.367689753354974,0.999723251605349,1,"arteriol_scler"
"3496","UBE3D","Exc L5 ET",0.0365441562675053,6.40254882186927,0.899865179112175,0.344490468450429,0.999723251605349,1,"arteriol_scler"
"3497","DOPEY1","Exc L5 ET",0.0278291245785724,7.18954318610844,1.1468770226736,0.286089445355059,0.999723251605349,1,"arteriol_scler"
"3498","PGM3","Exc L5 ET",0.0305873537519802,4.72264162865575,0.442257408800511,0.507154382410723,0.999723251605349,1,"arteriol_scler"
"3499","RWDD2A","Exc L5 ET",-0.0454911822536349,3.92646541943214,0.370877450176267,0.543536276139744,0.999723251605349,1,"arteriol_scler"
"3500","ME1","Exc L5 ET",0.0221504360889031,6.86042928716204,0.312222601260244,0.577232919858403,0.999723251605349,1,"arteriol_scler"
"3501","SNAP91","Exc L5 ET",-0.0210192895348927,8.66422148414266,0.778589564449395,0.379120552219187,0.999723251605349,1,"arteriol_scler"
"3502","CYB5R4","Exc L5 ET",0.0656380479079764,5.95565108806242,3.02291702436789,0.0843452431262724,0.999723251605349,1,"arteriol_scler"
"3503","CEP162","Exc L5 ET",0.0427798179912615,5.07938170298923,0.60208089788417,0.439124441224136,0.999723251605349,1,"arteriol_scler"
"3504","SNX14","Exc L5 ET",-0.00850704671267316,6.46830494756574,0.0769138536943522,0.92697264053609,0.999723251605349,1,"arteriol_scler"
"3505","HTR1E","Exc L5 ET",0.121897250877482,7.037872961701,7.65237275704153,0.00645392588651301,0.999723251605349,1,"arteriol_scler"
"3506","ZNF292","Exc L5 ET",0.0260649822157687,7.74795839716903,1.16056626543658,0.283244007567161,0.999723251605349,1,"arteriol_scler"
"3507","SMIM8","Exc L5 ET",0.0458858750250333,6.41289568571511,1.74741036345018,0.188408597204419,0.999723251605349,1,"arteriol_scler"
"3508","SLC35A1","Exc L5 ET",0.0746702772132973,4.65168456664885,1.84843249153721,0.176202348884035,0.999723251605349,1,"arteriol_scler"
"3509","RARS2","Exc L5 ET",-0.0154966222187452,5.79117331040973,0.167007034925742,0.683424517159107,0.999723251605349,1,"arteriol_scler"
"3510","ORC3","Exc L5 ET",0.0171271781272968,6.25131003916694,0.2285761330244,0.63334466367035,0.999723251605349,1,"arteriol_scler"
"3511","AKIRIN2","Exc L5 ET",0.0532791994370983,4.22982510124604,0.632990587913469,0.427638670207868,0.999723251605349,1,"arteriol_scler"
"3512","CNR1","Exc L5 ET",-0.0313953322495088,6.6922659044678,0.918979296594232,0.339434136983109,0.999723251605349,1,"arteriol_scler"
"3513","RNGTT","Exc L5 ET",0.081863690485781,6.8481394717887,6.97935681194987,0.00920590409784238,0.999723251605349,1,"arteriol_scler"
"3514","PNRC1","Exc L5 ET",0.106802934568334,4.63844145081951,2.2662357662181,0.134525953134608,0.999723251605349,1,"arteriol_scler"
"3515","SRSF12","Exc L5 ET",-0.0169177110291378,4.69160658172864,0.106932883982839,0.778959911990239,0.999723251605349,1,"arteriol_scler"
"3516","UBE2J1","Exc L5 ET",-0.0903469829750464,5.11129998810263,3.68822339291911,0.0568786313231926,0.999723251605349,1,"arteriol_scler"
"3517","RRAGD","Exc L5 ET",-0.0200982696262683,4.44307676268619,0.139274585157546,0.814180702080267,0.999723251605349,1,"arteriol_scler"
"3518","ANKRD6","Exc L5 ET",-0.00234937558882537,3.73523565214696,0.000723969451226707,0.97857337261566,0.999723251605349,1,"arteriol_scler"
"3519","LYRM2","Exc L5 ET",-0.00930823684303086,5.27974673528375,0.0465090867471812,0.937835232824258,0.999723251605349,1,"arteriol_scler"
"3520","MDN1","Exc L5 ET",-0.0185783939814782,6.79193573535978,0.459717373529107,0.498901202573577,0.999723251605349,1,"arteriol_scler"
"3521","CASP8AP2","Exc L5 ET",0.0664129529018953,5.53399049432767,3.13600116108435,0.0788081945656914,0.999723251605349,1,"arteriol_scler"
"3522","BACH2","Exc L5 ET",0.0194554495214482,6.53764077987479,0.146112671158697,0.702871380451613,0.999723251605349,1,"arteriol_scler"
"3523","MAP3K7","Exc L5 ET",0.0131072190434867,6.60427232069103,0.193251992766618,0.660917287118282,0.999723251605349,1,"arteriol_scler"
"3524","EPHA7","Exc L5 ET",0.0761128187866669,7.16496493905596,4.0176104664282,0.047001333724491,0.999723251605349,1,"arteriol_scler"
"3525","FUT9","Exc L5 ET",0.0329708788433411,8.24726066981908,1.10564067372819,0.294885220214294,0.999723251605349,1,"arteriol_scler"
"3526","UFL1-AS1","Exc L5 ET",0.0571309817262664,3.99618519290867,0.37856616458619,0.539393698681721,0.999723251605349,1,"arteriol_scler"
"3527","UFL1","Exc L5 ET",-0.0311917370020392,4.99820798837014,0.399733043061542,0.580244718750573,0.999723251605349,1,"arteriol_scler"
"3528","GPR63","Exc L5 ET",-0.084945664749437,5.88257855495434,5.69153863036637,0.0184167759851543,0.999723251605349,1,"arteriol_scler"
"3529","NDUFAF4","Exc L5 ET",0.0352974610365572,5.40156588083029,0.342852322444023,0.559152016171394,0.999723251605349,1,"arteriol_scler"
"3530","KLHL32","Exc L5 ET",-0.0389891291931866,8.29945548989132,1.34606460901498,0.247987873813681,0.999723251605349,1,"arteriol_scler"
"3531","MMS22L","Exc L5 ET",0.11015856406932,4.16159072851405,1.69112714352874,0.195638776953729,0.999723251605349,1,"arteriol_scler"
"3532","AL589740.1","Exc L5 ET",0.0489086056384415,5.07482869652755,0.156974445316275,0.6925747184412,0.999723251605349,1,"arteriol_scler"
"3533","FBXL4","Exc L5 ET",0.0359550235754907,5.62279629299742,0.693353242991692,0.406477345122246,0.999723251605349,1,"arteriol_scler"
"3534","FAXC","Exc L5 ET",-0.0139968622080501,6.36720116632542,0.215808946884994,0.642990446068336,0.999723251605349,1,"arteriol_scler"
"3535","COQ3","Exc L5 ET",-0.0214879117434977,4.52196010129515,0.135522905165223,0.881080828929779,0.999723251605349,1,"arteriol_scler"
"3536","PNISR","Exc L5 ET",-0.026763736817456,8.27837892067295,0.823330405010613,0.3658036637145,0.999723251605349,1,"arteriol_scler"
"3537","USP45","Exc L5 ET",0.00384767947451843,6.04947213920542,0.0101932840525153,0.919728595685355,0.999723251605349,1,"arteriol_scler"
"3538","CCNC","Exc L5 ET",-0.0118500247078769,6.04649094028631,0.107310556675613,0.743727783783863,0.999723251605349,1,"arteriol_scler"
"3539","MCHR2","Exc L5 ET",-0.0931727381021419,4.74098593855321,1.39852705789356,0.239021460472269,0.999723251605349,1,"arteriol_scler"
"3540","ASCC3","Exc L5 ET",-0.0273973810107547,7.84967758665818,0.753111612510651,0.387012494571086,0.999723251605349,1,"arteriol_scler"
"3541","GRIK2","Exc L5 ET",0.0157848939525104,11.794717011382,0.237461938748017,0.626825155145207,0.999723251605349,1,"arteriol_scler"
"3542","HACE1","Exc L5 ET",0.00732466018895125,6.82398067567858,0.0607765856519461,0.80564220975508,0.999723251605349,1,"arteriol_scler"
"3543","LIN28B-AS1","Exc L5 ET",0.0179528990089294,4.43177155986611,0.0639900838833888,0.800676794648315,0.999723251605349,1,"arteriol_scler"
"3544","LIN28B","Exc L5 ET",0.0146074070216039,5.80485518377458,0.117421166360681,0.732374351598194,0.999723251605349,1,"arteriol_scler"
"3545","POPDC3","Exc L5 ET",-0.104824950573151,4.02299037713067,2.01330023344338,0.158199950928945,0.999723251605349,1,"arteriol_scler"
"3546","PREP","Exc L5 ET",0.0121745209098564,5.9293824663064,0.0946504766711248,0.758814100563383,0.999723251605349,1,"arteriol_scler"
"3547","ATG5","Exc L5 ET",0.0336439994611175,6.35777786402932,0.726171115920392,0.395616337242143,0.999723251605349,1,"arteriol_scler"
"3548","RTN4IP1","Exc L5 ET",-0.0636960476780986,4.8997444886473,1.40305412891847,0.238266534472122,0.999723251605349,1,"arteriol_scler"
"3549","QRSL1","Exc L5 ET",-0.0212820928357995,4.58438841549742,0.157533553320882,0.692055996729638,0.999723251605349,1,"arteriol_scler"
"3550","C6orf203","Exc L5 ET",0.0437868823324556,4.50901696606942,0.620694018258945,0.432152348278272,0.999723251605349,1,"arteriol_scler"
"3551","PDSS2","Exc L5 ET",0.0488877060505413,6.3020047428809,1.7511160547408,0.187943697061677,0.999723251605349,1,"arteriol_scler"
"3552","SOBP","Exc L5 ET",-0.0299031640326477,7.34536811032297,1.13618587823058,0.288337169767946,0.999723251605349,1,"arteriol_scler"
"3553","SEC63","Exc L5 ET",0.0346921325590849,6.0049530369489,1.0947741487992,0.297260867483679,0.999723251605349,1,"arteriol_scler"
"3554","OSTM1","Exc L5 ET",0.0353650030921433,5.3514824255424,0.809181874519911,0.369942793084084,0.999723251605349,1,"arteriol_scler"
"3555","SNX3","Exc L5 ET",-0.0344609273058135,6.14289244676854,0.40149196313795,0.527377623025942,0.999723251605349,1,"arteriol_scler"
"3556","AFG1L","Exc L5 ET",-0.0195068584357573,6.33436617527225,0.295467993504011,0.587622254614565,0.999723251605349,1,"arteriol_scler"
"3557","FOXO3","Exc L5 ET",0.00199650336964122,6.69337324264387,0.00436767162671893,0.947403952065088,0.999723251605349,1,"arteriol_scler"
"3558","ARMC2","Exc L5 ET",-0.0186746108535083,6.32944920632787,0.270501941434487,0.603835826206034,0.999723251605349,1,"arteriol_scler"
"3559","SESN1","Exc L5 ET",0.038594742287484,7.14616625389378,1.82249961364177,0.179245284190558,0.999723251605349,1,"arteriol_scler"
"3560","CEP57L1","Exc L5 ET",-0.0409224675271883,5.19583439260068,0.791134549926844,0.375318568977172,0.999723251605349,1,"arteriol_scler"
"3561","CD164","Exc L5 ET",-0.0481290516224861,4.40102819840752,0.498464740772373,0.481375991960987,0.999723251605349,1,"arteriol_scler"
"3562","PPIL6","Exc L5 ET",0.096417601040715,4.63999437983379,2.3796769936133,0.125232829349288,0.999723251605349,1,"arteriol_scler"
"3563","MICAL1","Exc L5 ET",-0.0343579638759796,4.60654978531083,0.349632612154849,0.55529686226787,0.999723251605349,1,"arteriol_scler"
"3564","AK9","Exc L5 ET",0.0353316696835241,5.97028783220922,0.69500820913725,0.405919244961429,0.999723251605349,1,"arteriol_scler"
"3565","FIG4","Exc L5 ET",0.000577750824805888,5.56019906739824,0.000198646303975709,0.988775364659987,0.999723251605349,1,"arteriol_scler"
"3566","WASF1","Exc L5 ET",0.0321263336531082,7.16852551882622,1.2033520274786,0.274579778701451,0.999723251605349,1,"arteriol_scler"
"3567","CDC40","Exc L5 ET",0.0111030958739881,5.64633441122734,0.0879661114128822,0.76722869859157,0.999723251605349,1,"arteriol_scler"
"3568","METTL24","Exc L5 ET",-0.0342757895034199,5.93450631276308,0.415311491714398,0.520364876289302,0.999723251605349,1,"arteriol_scler"
"3569","CDK19","Exc L5 ET",-0.0130951965075847,6.33632038434539,0.125819290903574,0.723352918649637,0.999723251605349,1,"arteriol_scler"
"3570","AMD1","Exc L5 ET",-0.0348390577607072,5.5693460436417,0.504396802459323,0.478783367073813,0.999723251605349,1,"arteriol_scler"
"3571","RPF2","Exc L5 ET",0.0119621177031201,4.69747878552038,0.070297601058234,0.844533514378122,0.999723251605349,1,"arteriol_scler"
"3572","REV3L","Exc L5 ET",-0.023784603977739,7.52343725332715,0.798047088415314,0.373246603692957,0.999723251605349,1,"arteriol_scler"
"3573","TRAF3IP2-AS1","Exc L5 ET",-0.00952898961949253,7.56644592098297,0.0842063294763836,0.772115398577027,0.999723251605349,1,"arteriol_scler"
"3574","FYN","Exc L5 ET",-0.00834025689819039,7.1671567244522,0.0801502934241084,0.777521756874133,0.999723251605349,1,"arteriol_scler"
"3575","TUBE1","Exc L5 ET",0.00554256006548347,5.61877357954188,0.0174930602780856,0.894971907630453,0.999723251605349,1,"arteriol_scler"
"3576","FAM229B","Exc L5 ET",-0.0624756236086977,4.38843726511805,1.07032915805347,0.385748397548968,0.999723251605349,1,"arteriol_scler"
"3577","MARCKS","Exc L5 ET",-0.0128432476051064,3.86672266696874,0.0238592887581539,0.877471113674056,0.999723251605349,1,"arteriol_scler"
"3578","HDAC2","Exc L5 ET",0.0590285166554376,5.20312309852288,1.71176465986997,0.192950330418138,0.999723251605349,1,"arteriol_scler"
"3579","HDAC2-AS2","Exc L5 ET",0.0463756932393456,5.37827783923139,0.842275613044939,0.360361810758972,0.999723251605349,1,"arteriol_scler"
"3580","HS3ST5","Exc L5 ET",-0.0799633038827629,6.05060055776385,1.92383530769605,0.167690029624573,0.999723251605349,1,"arteriol_scler"
"3581","FRK","Exc L5 ET",0.0257867191423924,3.99707103429308,0.0977834634677454,0.754982096065009,0.999723251605349,1,"arteriol_scler"
"3582","NT5DC1","Exc L5 ET",-0.0603646508856825,6.83928964813081,2.57822088005653,0.110649113462573,0.999723251605349,1,"arteriol_scler"
"3583","TSPYL4","Exc L5 ET",0.036452984305584,5.24964873968444,0.263134337663252,0.608802230221991,0.999723251605349,1,"arteriol_scler"
"3584","DSE","Exc L5 ET",0.0030717772641191,6.07952905492196,0.00418794620980864,0.948495904276815,0.999723251605349,1,"arteriol_scler"
"3585","TSPYL1","Exc L5 ET",0.0121660211942404,6.74733775136231,0.0331376636881261,0.855822711972714,0.999723251605349,1,"arteriol_scler"
"3586","RWDD1","Exc L5 ET",-0.0612478078308128,4.98486350651174,1.27923145782383,0.260020707917076,0.999723251605349,1,"arteriol_scler"
"3587","ZUP1","Exc L5 ET",0.0310051681278729,4.84400366980827,0.365419085741234,0.546513098651426,0.999723251605349,1,"arteriol_scler"
"3588","KPNA5","Exc L5 ET",0.0196830644665245,6.30467560067852,0.41808844741213,0.669808256924584,0.999723251605349,1,"arteriol_scler"
"3589","FAM162B","Exc L5 ET",-0.0252151733986595,5.24409872568692,0.215553112105918,0.64318724847205,0.999723251605349,1,"arteriol_scler"
"3590","GOPC","Exc L5 ET",-0.0554886371474253,5.31059543999547,1.49308900117724,0.223838951191978,0.999723251605349,1,"arteriol_scler"
"3591","NUS1","Exc L5 ET",-0.00339824716073682,5.13466624765466,0.00594502675341907,0.948986920026565,0.999723251605349,1,"arteriol_scler"
"3592","SLC35F1","Exc L5 ET",0.00545499055839396,9.55688019041618,0.0305328134411392,0.86154507534056,0.999723251605349,1,"arteriol_scler"
"3593","CEP85L","Exc L5 ET",-0.0342787899417687,7.7713620629804,1.24287386949266,0.266872427579604,0.999723251605349,1,"arteriol_scler"
"3594","MCM9","Exc L5 ET",-0.0760641571368267,4.60772134173969,1.66810522357791,0.198690237822947,0.999723251605349,1,"arteriol_scler"
"3595","FAM184A","Exc L5 ET",-0.0566360145262848,5.91258867677382,2.0668557260127,0.152814884329975,0.999723251605349,1,"arteriol_scler"
"3596","MAN1A1","Exc L5 ET",0.027623656713369,4.23437252550057,0.0957371521466468,0.757477200483586,0.999723251605349,1,"arteriol_scler"
"3597","TBC1D32","Exc L5 ET",-0.0272782800272212,7.35210361124708,0.713977971693435,0.399601608329345,0.999723251605349,1,"arteriol_scler"
"3598","HSF2","Exc L5 ET",-0.00847644873587499,5.186936826911,0.0479289742036009,0.850467535398094,0.999723251605349,1,"arteriol_scler"
"3599","SERINC1","Exc L5 ET",0.0400538248142103,7.17501268031668,0.470124536789234,0.494090074782136,0.999723251605349,1,"arteriol_scler"
"3600","FABP7","Exc L5 ET",0.0779815452832495,3.72110527625637,0.394762867571815,0.530853861419794,0.999723251605349,1,"arteriol_scler"
"3601","SMPDL3A","Exc L5 ET",-0.0133843129320358,3.86235231413495,0.027625210979684,0.868238375305204,0.999723251605349,1,"arteriol_scler"
"3602","CLVS2","Exc L5 ET",0.0322648308095592,7.50579732737291,1.00738886322202,0.31730107272759,0.999723251605349,1,"arteriol_scler"
"3603","NKAIN2","Exc L5 ET",0.000785252472188924,10.9956070237798,0.000618572227750551,0.980194008454319,0.999723251605349,1,"arteriol_scler"
"3604","RNF217","Exc L5 ET",0.0886595137845481,5.52620408886364,4.11866046430914,0.0443518429559562,0.999723251605349,1,"arteriol_scler"
"3605","HDDC2","Exc L5 ET",-0.049742075192716,4.50801088090257,0.392329128778916,0.532121323274549,0.999723251605349,1,"arteriol_scler"
"3606","NCOA7","Exc L5 ET",0.0305969735554873,7.84270860840714,1.54515019604714,0.215978879847982,0.999723251605349,1,"arteriol_scler"
"3607","HINT3","Exc L5 ET",0.0283276446203661,5.33025770141248,0.338644196140266,0.561570539841734,0.999723251605349,1,"arteriol_scler"
"3608","TRMT11","Exc L5 ET",0.0229547142259886,6.13917679055555,0.462067254866476,0.593186072400148,0.999723251605349,1,"arteriol_scler"
"3609","AC020559.1","Exc L5 ET",0.103748575246765,4.45806151074876,1.92314250163264,0.167766041291496,0.999723251605349,1,"arteriol_scler"
"3610","RSPO3","Exc L5 ET",0.066498905731116,4.90121371010868,0.946150745819286,0.332417648662969,0.999723251605349,1,"arteriol_scler"
"3611","RNF146","Exc L5 ET",-0.000448004525416917,5.69114045508242,0.000113620848830181,0.991510791305025,0.999723251605349,1,"arteriol_scler"
"3612","ECHDC1","Exc L5 ET",-0.0511566067062186,5.54316452350492,1.69209695183181,0.195511453900531,0.999723251605349,1,"arteriol_scler"
"3613","AL096711.2","Exc L5 ET",-0.00201190753077291,5.02422402908001,0.00154782344561569,0.96867476424934,0.999723251605349,1,"arteriol_scler"
"3614","PTPRK","Exc L5 ET",-0.0382082530760836,7.65668381525054,0.175762381309423,0.67569807844857,0.999723251605349,1,"arteriol_scler"
"3615","LAMA2","Exc L5 ET",0.00782051044692562,5.51876910467654,0.00585190756465733,0.939134848081113,0.999723251605349,1,"arteriol_scler"
"3616","L3MBTL3","Exc L5 ET",-0.00827385575092953,4.53276084899811,0.0155686966406545,0.900885157286533,0.999723251605349,1,"arteriol_scler"
"3617","SAMD3","Exc L5 ET",-0.105841645964348,4.11003506856655,0.658023964113884,0.418667381398887,0.999723251605349,1,"arteriol_scler"
"3618","EPB41L2","Exc L5 ET",-0.0510543455092869,8.31463847482743,2.68448973533609,0.103627434946645,0.999723251605349,1,"arteriol_scler"
"3619","AKAP7","Exc L5 ET",-0.0422442478612544,6.32524976304559,1.46044245296662,0.228944322695269,0.999723251605349,1,"arteriol_scler"
"3620","MED23","Exc L5 ET",-0.00614050168201127,5.95438874338742,0.0318999548346941,0.858511618011347,0.999723251605349,1,"arteriol_scler"
"3621","STX7","Exc L5 ET",0.0234166073042192,6.31934090928665,0.65351084228987,0.437146142744645,0.999723251605349,1,"arteriol_scler"
"3622","SLC18B1","Exc L5 ET",0.00992980981446411,4.73913828871146,0.0368291511721098,0.906019892606595,0.999723251605349,1,"arteriol_scler"
"3623","RPS12","Exc L5 ET",0.0419810929309295,3.97388592765228,0.185326986461062,0.667512129875143,0.999723251605349,1,"arteriol_scler"
"3624","LINC00326","Exc L5 ET",-0.0898502483464033,4.02755528254592,0.691262716025687,0.407183944188193,0.999723251605349,1,"arteriol_scler"
"3625","EYA4","Exc L5 ET",-0.0618574439348775,4.90902548138407,0.340557732587491,0.560468292825185,0.999723251605349,1,"arteriol_scler"
"3626","TBPL1","Exc L5 ET",0.00990285508830639,5.58182956447072,0.0580058485568212,0.810036546792934,0.999723251605349,1,"arteriol_scler"
"3627","SLC2A12","Exc L5 ET",0.0106207165523492,3.61600106082649,0.00804326427939109,0.9286692928042,0.999723251605349,1,"arteriol_scler"
"3628","SGK1","Exc L5 ET",0.029725122224559,5.6821802725653,0.315053266887347,0.575513954036246,0.999723251605349,1,"arteriol_scler"
"3629","ALDH8A1","Exc L5 ET",0.0783202197815039,4.62719439648982,1.28666202220207,0.258647557708955,0.999723251605349,1,"arteriol_scler"
"3630","HBS1L","Exc L5 ET",0.011173256495798,6.20058774858988,0.113536114270005,0.73667001875664,0.999723251605349,1,"arteriol_scler"
"3631","AHI1","Exc L5 ET",-0.00374014595127835,9.43798459893648,0.0247144867942854,0.875312363197055,0.999723251605349,1,"arteriol_scler"
"3632","LINC00271","Exc L5 ET",0.0963861292854994,4.16564796919445,1.18059540336513,0.27914546180933,0.999723251605349,1,"arteriol_scler"
"3633","PDE7B","Exc L5 ET",0.126802096712957,3.79901536104098,1.16385343411066,0.28256612443374,0.999723251605349,1,"arteriol_scler"
"3634","BCLAF1","Exc L5 ET",0.0292421927311131,6.39745450718981,0.817735909048649,0.367432538590982,0.999723251605349,1,"arteriol_scler"
"3635","MAP7","Exc L5 ET",0.00085470173111768,8.19837983542585,0.000943485203583676,0.975540631498515,0.999723251605349,1,"arteriol_scler"
"3636","MAP3K5","Exc L5 ET",-0.0234172419788517,7.33007694252722,0.429840679936833,0.51316810903978,0.999723251605349,1,"arteriol_scler"
"3637","PEX7","Exc L5 ET",-0.0416102202622594,4.54522867710125,0.381181411231649,0.53799786400747,0.999723251605349,1,"arteriol_scler"
"3638","IFNGR1","Exc L5 ET",-0.0471115044683158,4.99324458211997,1.05848511639268,0.365024197963583,0.999723251605349,1,"arteriol_scler"
"3639","ARFGEF3","Exc L5 ET",0.00769137604413672,7.63951489774537,0.1117184727702,0.738707911750673,0.999723251605349,1,"arteriol_scler"
"3640","CCDC28A","Exc L5 ET",0.0768278499886664,5.16812602199971,2.87672326386603,0.092143026404657,0.999723251605349,1,"arteriol_scler"
"3641","REPS1","Exc L5 ET",-0.00925963853410782,7.27271852737504,0.106289707349561,0.744906588372951,0.999723251605349,1,"arteriol_scler"
"3642","ABRACL","Exc L5 ET",-0.0346080774231106,4.04809238256945,0.190959497906535,0.662808176917917,0.999723251605349,1,"arteriol_scler"
"3643","HECA","Exc L5 ET",-0.0428002323434248,5.02969364964056,0.748333730090385,0.388518592120226,0.999723251605349,1,"arteriol_scler"
"3644","AL031772.1","Exc L5 ET",-0.0304304335715619,4.11322883435985,0.208871410141192,0.905146587603977,0.999723251605349,1,"arteriol_scler"
"3645","VTA1","Exc L5 ET",-0.0336648758989245,5.69506189292382,1.0752832067593,0.301584423001159,0.999723251605349,1,"arteriol_scler"
"3646","HIVEP2","Exc L5 ET",-0.00560828844820287,8.2577337625779,0.0421840085044861,0.837574696203572,0.999723251605349,1,"arteriol_scler"
"3647","LINC01277","Exc L5 ET",-0.090597775654772,4.53364568941647,1.57790526883878,0.211203456380689,0.999723251605349,1,"arteriol_scler"
"3648","AIG1","Exc L5 ET",-0.0325657035355086,7.76204463349619,1.14987710509226,0.28546273571007,0.999723251605349,1,"arteriol_scler"
"3649","ADAT2","Exc L5 ET",-0.101021811870205,4.08862917927243,2.57661925823759,0.110758902266825,0.999723251605349,1,"arteriol_scler"
"3650","PEX3","Exc L5 ET",0.0180630690647136,5.89979244433383,0.284282499437651,0.594773014409302,0.999723251605349,1,"arteriol_scler"
"3651","FUCA2","Exc L5 ET",0.0291154571735179,3.85436094914095,0.124575764093116,0.724666940943452,0.999723251605349,1,"arteriol_scler"
"3652","PHACTR2","Exc L5 ET",0.0276870319275074,5.96839321011131,0.221008605226916,0.639021001244495,0.999723251605349,1,"arteriol_scler"
"3653","PLAGL1","Exc L5 ET",0.0196602516927067,5.60347382055465,0.179831212785221,0.672184357874594,0.999723251605349,1,"arteriol_scler"
"3654","SF3B5","Exc L5 ET",0.030108804139421,3.84733738723356,0.0889699921851496,0.765943226979514,0.999723251605349,1,"arteriol_scler"
"3655","UTRN","Exc L5 ET",0.0344634751152711,6.52173099786664,0.262833370809864,0.609006969998578,0.999723251605349,1,"arteriol_scler"
"3656","EPM2A","Exc L5 ET",0.00442859294328675,6.13814416197305,0.00743772336415803,0.931399943306165,0.999723251605349,1,"arteriol_scler"
"3657","AL356599.1","Exc L5 ET",0.0411842021558124,5.230018903536,0.576829885556602,0.448864246016104,0.999723251605349,1,"arteriol_scler"
"3658","SHPRH","Exc L5 ET",0.0221639648311748,7.26105124189328,0.526603656683493,0.469277767723993,0.999723251605349,1,"arteriol_scler"
"3659","GRM1","Exc L5 ET",0.104966881241873,7.13522618573497,2.94665949478391,0.0883184256321996,0.999723251605349,1,"arteriol_scler"
"3660","STXBP5-AS1","Exc L5 ET",-0.00207034512465844,8.52180660541107,0.00243506208095972,0.960715250822478,0.999723251605349,1,"arteriol_scler"
"3661","STXBP5","Exc L5 ET",0.00885739970220657,8.8666135350288,0.090783599128769,0.763640783146281,0.999723251605349,1,"arteriol_scler"
"3662","SAMD5","Exc L5 ET",-0.0659151263670252,4.77839892209484,0.212653785394639,0.645427565640184,0.999723251605349,1,"arteriol_scler"
"3663","AL033504.1","Exc L5 ET",0.0640356474097197,4.58021138920698,0.213089753939654,0.645089511332467,0.999723251605349,1,"arteriol_scler"
"3664","SASH1","Exc L5 ET",0.0332029605383706,5.09504128479173,0.125327800171401,0.723871394229942,0.999723251605349,1,"arteriol_scler"
"3665","TAB2","Exc L5 ET",0.0457647121397795,6.25166444749844,1.53898796764112,0.216891701963451,0.999723251605349,1,"arteriol_scler"
"3666","PPIL4","Exc L5 ET",-0.0454109200516285,5.2996850104984,1.16088626628403,0.283177925613152,0.999723251605349,1,"arteriol_scler"
"3667","GINM1","Exc L5 ET",-0.0375497161679973,5.01928516345988,0.792716480402872,0.475401135984423,0.999723251605349,1,"arteriol_scler"
"3668","KATNA1","Exc L5 ET",0.0295355468655465,4.04573989172627,0.225608664065829,0.732532792178069,0.999723251605349,1,"arteriol_scler"
"3669","LATS1","Exc L5 ET",0.0262089262875001,5.97004491308325,0.410807925642164,0.522631891845441,0.999723251605349,1,"arteriol_scler"
"3670","PCMT1","Exc L5 ET",-0.0321046285067613,6.92593027666901,0.506872448946775,0.477708161882482,0.999723251605349,1,"arteriol_scler"
"3671","LRP11","Exc L5 ET",-0.0622219396720511,5.4961103889774,1.82547498542877,0.178893064001033,0.999723251605349,1,"arteriol_scler"
"3672","MTHFD1L","Exc L5 ET",-0.0302396842102709,6.53038898368722,0.63578621903526,0.426622474660503,0.999723251605349,1,"arteriol_scler"
"3673","AKAP12","Exc L5 ET",0.0284508423913923,7.5448018643182,1.27869784200952,0.260119668405731,0.999723251605349,1,"arteriol_scler"
"3674","RMND1","Exc L5 ET",-0.041954276481663,5.30726983958684,1.09799062198034,0.301359145735271,0.999723251605349,1,"arteriol_scler"
"3675","ARMT1","Exc L5 ET",0.0727954114876005,4.13914949309848,1.11063011024176,0.293802637305107,0.999723251605349,1,"arteriol_scler"
"3676","CCDC170","Exc L5 ET",-0.0409332826855933,3.86795109868003,0.214015181107705,0.644373315366272,0.999723251605349,1,"arteriol_scler"
"3677","ESR1","Exc L5 ET",-0.0921602762808423,3.89402710545409,1.0799286296424,0.300546593011931,0.999723251605349,1,"arteriol_scler"
"3678","SYNE1","Exc L5 ET",-0.00866241470211446,9.53203796648633,0.15671357098257,0.692817114960714,0.999723251605349,1,"arteriol_scler"
"3679","MTRF1L","Exc L5 ET",-0.0286653619833462,4.51883727582296,0.245030946978984,0.788232392065655,0.999723251605349,1,"arteriol_scler"
"3680","RGS17","Exc L5 ET",0.084672718501578,5.8673116150051,4.24936631866375,0.041158344749572,0.999723251605349,1,"arteriol_scler"
"3681","OPRM1","Exc L5 ET",-0.0271465698102185,3.66921687390298,0.0614746980867664,0.804551862860917,0.999723251605349,1,"arteriol_scler"
"3682","IPCEF1","Exc L5 ET",-0.0258107786051194,6.05768194610653,0.1892354178146,0.66423916179102,0.999723251605349,1,"arteriol_scler"
"3683","CNKSR3","Exc L5 ET",0.00974122403235263,6.91136617359608,0.0715683274622142,0.789469709196929,0.999723251605349,1,"arteriol_scler"
"3684","SCAF8","Exc L5 ET",-0.0436457422834921,6.73996809682863,1.82533172817834,0.178910004075548,0.999723251605349,1,"arteriol_scler"
"3685","TIAM2","Exc L5 ET",-0.000430660162978697,8.01121167823454,0.000337172149112039,0.985376620741517,0.999723251605349,1,"arteriol_scler"
"3686","TFB1M","Exc L5 ET",-0.0544230874033436,5.59451851014624,2.06992462773496,0.152512721446218,0.999723251605349,1,"arteriol_scler"
"3687","ARID1B","Exc L5 ET",-0.0101288252377684,8.82199522747802,0.15301342726615,0.696280608158413,0.999723251605349,1,"arteriol_scler"
"3688","TMEM242","Exc L5 ET",0.00982205777021688,5.25387108785368,0.0517150635152902,0.820444841804233,0.999723251605349,1,"arteriol_scler"
"3689","ZDHHC14","Exc L5 ET",-0.00331183520508625,7.01489307354022,0.0067500667494248,0.934640520279685,0.999723251605349,1,"arteriol_scler"
"3690","SNX9","Exc L5 ET",0.0445290297208774,6.88305772258185,2.13281551917445,0.146468336767104,0.999723251605349,1,"arteriol_scler"
"3691","SYNJ2","Exc L5 ET",0.0755721302106249,6.72977767140902,2.38511910261381,0.124805512893185,0.999723251605349,1,"arteriol_scler"
"3692","SERAC1","Exc L5 ET",0.00926643227224901,4.69649006955013,0.0322442054243689,0.929187244699433,0.999723251605349,1,"arteriol_scler"
"3693","GTF2H5","Exc L5 ET",-0.0586026233554033,4.95603486621262,1.31644099444757,0.25323422934255,0.999723251605349,1,"arteriol_scler"
"3694","TULP4","Exc L5 ET",-0.00378359216968498,7.81495507579521,0.0192538280819406,0.889845289714439,0.999723251605349,1,"arteriol_scler"
"3695","TMEM181","Exc L5 ET",-0.0135508127727314,6.62507673658735,0.18737432585,0.665792602249138,0.999723251605349,1,"arteriol_scler"
"3696","DYNLT1","Exc L5 ET",-0.0078177032591591,5.10960619426081,0.0161681461496434,0.899005186763493,0.999723251605349,1,"arteriol_scler"
"3697","RSPH3","Exc L5 ET",0.00250217128463611,6.12255939994848,0.006115282561379,0.976737495543643,0.999723251605349,1,"arteriol_scler"
"3698","AL035530.2","Exc L5 ET",-0.0991379379082067,6.33847847646165,6.08805111144031,0.0148444633725461,0.999723251605349,1,"arteriol_scler"
"3699","WTAP","Exc L5 ET",-0.00058693398652033,5.50200272810796,0.000247692482395845,0.987466140178963,0.999723251605349,1,"arteriol_scler"
"3700","ACAT2","Exc L5 ET",0.0950771565504144,4.73225304713794,1.96679213651937,0.163053777821522,0.999723251605349,1,"arteriol_scler"
"3701","TCP1","Exc L5 ET",-0.0680503880648308,5.25110565524395,1.08909925660206,0.29851135712977,0.999723251605349,1,"arteriol_scler"
"3702","MRPL18","Exc L5 ET",-0.0239786527176534,4.69785546880896,0.10592064227015,0.745334300411199,0.999723251605349,1,"arteriol_scler"
"3703","IGF2R","Exc L5 ET",-0.00994491380157523,6.17009895154583,0.0747784962303121,0.78491465144303,0.999723251605349,1,"arteriol_scler"
"3704","AL139393.1","Exc L5 ET",-0.00255910270161032,5.483515967038,0.00281853097755513,0.957737768678263,0.999723251605349,1,"arteriol_scler"
"3705","MAP3K4","Exc L5 ET",-0.0179687130706463,6.10211846488976,0.342522546509346,0.55934082511077,0.999723251605349,1,"arteriol_scler"
"3706","AGPAT4","Exc L5 ET",0.0385828595017959,6.48213880620187,1.22143140040422,0.271019683257804,0.999723251605349,1,"arteriol_scler"
"3707","PRKN","Exc L5 ET",-0.00379128092955357,8.78231998252016,0.0120457028805388,0.912766154772715,0.999723251605349,1,"arteriol_scler"
"3708","PACRG","Exc L5 ET",-0.0175190547337853,7.06690193878161,0.15285342832403,0.696431459535334,0.999723251605349,1,"arteriol_scler"
"3709","QKI","Exc L5 ET",0.0837464818841661,5.22868937826377,0.994103201162828,0.320501748209854,0.999723251605349,1,"arteriol_scler"
"3710","PDE10A","Exc L5 ET",-0.141913489294462,7.19444610232411,3.24949294214542,0.0736467720301218,0.999723251605349,1,"arteriol_scler"
"3711","SFT2D1","Exc L5 ET",0.00707472719553983,4.41659408685843,0.0150470567555396,0.902551243801624,0.999723251605349,1,"arteriol_scler"
"3712","MPC1","Exc L5 ET",-0.0617525780144449,6.45531044744543,3.11696866001845,0.079711665912947,0.999723251605349,1,"arteriol_scler"
"3713","RPS6KA2","Exc L5 ET",0.138897352704618,4.77783251789327,2.38408060916213,0.124886929290627,0.999723251605349,1,"arteriol_scler"
"3714","Z94721.1","Exc L5 ET",-0.118084047098431,4.72153512791622,3.06398628427424,0.0822867289070393,0.999723251605349,1,"arteriol_scler"
"3715","FGFR1OP","Exc L5 ET",-0.0575111889118323,6.45852771030363,3.58624595079158,0.0603710013904512,0.999723251605349,1,"arteriol_scler"
"3716","AFDN","Exc L5 ET",-0.0324371715856006,6.53820732481139,1.2248093160641,0.270360993010927,0.999723251605349,1,"arteriol_scler"
"3717","WDR27","Exc L5 ET",-0.0468170651840913,5.96930878963586,1.19059990716878,0.277126483046575,0.999723251605349,1,"arteriol_scler"
"3718","PHF10","Exc L5 ET",-0.0555723923090079,4.11822333716089,0.578085268812731,0.448372105821159,0.999723251605349,1,"arteriol_scler"
"3719","ERMARD","Exc L5 ET",-0.1091839186892,4.00531280087268,2.26595571826834,0.134549836573722,0.999723251605349,1,"arteriol_scler"
"3720","DLL1","Exc L5 ET",-0.0820718248616768,4.05646289908379,1.51223664502,0.220908631811587,0.999723251605349,1,"arteriol_scler"
"3721","FAM120B","Exc L5 ET",0.000431369573699723,7.16063013993585,0.000186369209363354,0.989127736414653,0.999723251605349,1,"arteriol_scler"
"3722","PSMB1","Exc L5 ET",0.0790446647971057,5.11347192364412,2.99455684987675,0.0857995572472686,0.999723251605349,1,"arteriol_scler"
"3723","TBP","Exc L5 ET",-0.0674962028902855,4.27373074859794,0.913284176638456,0.340930096332651,0.999723251605349,1,"arteriol_scler"
"3724","PDCD2","Exc L5 ET",-0.066561563369474,4.1015761310379,0.909431692258805,0.341947115197481,0.999723251605349,1,"arteriol_scler"
"3725","FAM20C","Exc L5 ET",-0.017384810100225,4.62538432698253,0.0970698188459536,0.755848972941885,0.999723251605349,1,"arteriol_scler"
"3726","PDGFA","Exc L5 ET",-0.0358123235084543,4.20956739855729,0.289474422072014,0.591431705302839,0.999723251605349,1,"arteriol_scler"
"3727","PRKAR1B","Exc L5 ET",0.033516981230568,7.84268772293044,1.40452878290412,0.23802125429337,0.999723251605349,1,"arteriol_scler"
"3728","DNAAF5","Exc L5 ET",0.0247029653438019,5.17853612912391,0.303361839305198,0.582680749666374,0.999723251605349,1,"arteriol_scler"
"3729","SUN1","Exc L5 ET",-0.0348046210181962,6.57056029634273,1.0225970865754,0.313688844280872,0.999723251605349,1,"arteriol_scler"
"3730","ADAP1","Exc L5 ET",0.0485423901846154,4.60100488514282,0.654285873145637,0.419988930370467,0.999723251605349,1,"arteriol_scler"
"3731","COX19","Exc L5 ET",-0.0749563613520841,5.17194644597216,2.11557503164138,0.148097662002441,0.999723251605349,1,"arteriol_scler"
"3732","C7orf50","Exc L5 ET",-0.0245713424955072,5.83394531754912,0.474469261331534,0.492104697257126,0.999723251605349,1,"arteriol_scler"
"3733","ZFAND2A","Exc L5 ET",0.0040912429167606,3.82056455334731,0.00263693874112774,0.959120622660489,0.999723251605349,1,"arteriol_scler"
"3734","MICALL2","Exc L5 ET",-0.00125907121013253,4.43516965748215,0.000471651196981529,0.982704920506374,0.999723251605349,1,"arteriol_scler"
"3735","INTS1","Exc L5 ET",-0.0442461348781215,5.38572251254312,1.15846563799985,0.283678287669929,0.999723251605349,1,"arteriol_scler"
"3736","PSMG3","Exc L5 ET",0.0384646347154598,4.0807942132287,0.201311159308753,0.654374419821192,0.999723251605349,1,"arteriol_scler"
"3737","MAD1L1","Exc L5 ET",-0.0264815067164558,5.93261170570224,0.559225480822588,0.455855941566593,0.999723251605349,1,"arteriol_scler"
"3738","SNX8","Exc L5 ET",-0.0603321119402134,4.68227937126541,0.94910378987389,0.3316668841382,0.999723251605349,1,"arteriol_scler"
"3739","EIF3B","Exc L5 ET",0.0394808595037496,5.52322518060013,0.988541029390405,0.321854443162955,0.999723251605349,1,"arteriol_scler"
"3740","CHST12","Exc L5 ET",-0.0477293719740283,5.26937083846158,1.02755918450945,0.312521981136642,0.999723251605349,1,"arteriol_scler"
"3741","BRAT1","Exc L5 ET",-0.00790576516032578,4.86476792286262,0.0311538739364007,0.903240097144274,0.999723251605349,1,"arteriol_scler"
"3742","IQCE","Exc L5 ET",0.0198969033427121,5.35731554225509,0.254355678980032,0.721192094271629,0.999723251605349,1,"arteriol_scler"
"3743","TTYH3","Exc L5 ET",0.0311612086339787,4.19071619820452,0.218206838582756,0.641152720243935,0.999723251605349,1,"arteriol_scler"
"3744","GNA12","Exc L5 ET",0.0105800388253885,5.59212521950782,0.0509566581588877,0.821743765694418,0.999723251605349,1,"arteriol_scler"
"3745","SDK1","Exc L5 ET",0.0202019192633238,5.2356104823281,0.0711319681556084,0.790097277725373,0.999723251605349,1,"arteriol_scler"
"3746","FOXK1","Exc L5 ET",-0.0186278932478002,5.9035245635937,0.241435572827969,0.623958519016823,0.999723251605349,1,"arteriol_scler"
"3747","AP5Z1","Exc L5 ET",-0.0164321455836638,4.83210288248375,0.0963838751269237,0.756685504185657,0.999723251605349,1,"arteriol_scler"
"3748","MMD2","Exc L5 ET",0.0162062588170369,5.07212336059095,0.0453127690920672,0.831746803204956,0.999723251605349,1,"arteriol_scler"
"3749","RBAK-RBAKDN","Exc L5 ET",0.0216903745020849,5.89767305562866,0.41330845760852,0.521371009876089,0.999723251605349,1,"arteriol_scler"
"3750","WIPI2","Exc L5 ET",0.00895264837702326,5.45281732882669,0.0346615525225655,0.852582403135703,0.999723251605349,1,"arteriol_scler"
"3751","TNRC18","Exc L5 ET",0.0176010145481129,6.44961261589284,0.174124149509545,0.677126324048907,0.999723251605349,1,"arteriol_scler"
"3752","FBXL18","Exc L5 ET",-0.0201525983249975,4.95069319736653,0.165749627458992,0.787178225659629,0.999723251605349,1,"arteriol_scler"
"3753","ACTB","Exc L5 ET",0.0678010012857631,7.98433650674465,0.705945935743329,0.402258879484787,0.999723251605349,1,"arteriol_scler"
"3754","FSCN1","Exc L5 ET",0.0589994990539353,4.59561438304883,0.841189053494947,0.360670862565173,0.999723251605349,1,"arteriol_scler"
"3755","RNF216","Exc L5 ET",-0.011122825194648,6.76138439661874,0.108909751522001,0.74189357087385,0.999723251605349,1,"arteriol_scler"
"3756","CCZ1","Exc L5 ET",-0.0333409867591958,5.01661286312855,0.488513678112633,0.823750869068317,0.999723251605349,1,"arteriol_scler"
"3757","PMS2","Exc L5 ET",-0.098840200113183,4.91923165973595,3.98325105806766,0.0556441725295834,0.999723251605349,1,"arteriol_scler"
"3758","AIMP2","Exc L5 ET",-0.0312590644337605,4.0941156402827,0.189181916738765,0.664283691579374,0.999723251605349,1,"arteriol_scler"
"3759","EIF2AK1","Exc L5 ET",0.0454417512881931,5.26155854137445,1.15642064629354,0.284101882414278,0.999723251605349,1,"arteriol_scler"
"3760","USP42","Exc L5 ET",0.0444201976171663,5.29677033150264,1.22681640404428,0.269970568137738,0.999723251605349,1,"arteriol_scler"
"3761","CYTH3","Exc L5 ET",0.012578259613001,6.75737147355049,0.159967713019912,0.689810009513805,0.999723251605349,1,"arteriol_scler"
"3762","RAC1","Exc L5 ET",0.000414412365243123,6.62048446295054,4.60075938333832e-05,0.994597958882396,0.999723251605349,1,"arteriol_scler"
"3763","DAGLB","Exc L5 ET",-0.0446615142095041,4.37191801181742,0.678690908217911,0.411471694540285,0.999723251605349,1,"arteriol_scler"
"3764","ZDHHC4","Exc L5 ET",-0.06939166537764,3.71793448843664,0.621957006695304,0.431685410786245,0.999723251605349,1,"arteriol_scler"
"3765","C7orf26","Exc L5 ET",0.0348675227912239,4.31889384095206,0.330625787453742,0.577641917803837,0.999723251605349,1,"arteriol_scler"
"3766","AC073343.2","Exc L5 ET",0.00569446041303506,3.98880447249292,0.00678190290806163,0.971194206233411,0.999723251605349,1,"arteriol_scler"
"3767","ZNF12","Exc L5 ET",0.100345313601228,4.51049101826116,2.79173032597816,0.0970378874589223,0.999723251605349,1,"arteriol_scler"
"3768","CCZ1B","Exc L5 ET",-0.0177202578401852,5.11372966531577,0.093658466663347,0.760041895755097,0.999723251605349,1,"arteriol_scler"
"3769","C1GALT1","Exc L5 ET",0.0259472717801742,5.8300763881428,0.434768396824372,0.510766739924053,0.999723251605349,1,"arteriol_scler"
"3770","COL28A1","Exc L5 ET",0.0144656405664951,5.15239701517964,0.0471671246412017,0.828391662071022,0.999723251605349,1,"arteriol_scler"
"3771","MIOS","Exc L5 ET",0.0597360655358111,5.10156466435406,1.71332897383516,0.214005992770736,0.999723251605349,1,"arteriol_scler"
"3772","UMAD1","Exc L5 ET",0.0139616772563081,6.90862679091249,0.14307671173713,0.705827566373057,0.999723251605349,1,"arteriol_scler"
"3773","GLCCI1","Exc L5 ET",0.0100537924236481,7.12688562769406,0.0889871693266113,0.765921300531292,0.999723251605349,1,"arteriol_scler"
"3774","ICA1","Exc L5 ET",-0.0731931608059309,7.3620999602164,3.17850122537679,0.0768306987084975,0.999723251605349,1,"arteriol_scler"
"3775","NDUFA4","Exc L5 ET",-0.0294730684190545,6.77437969853353,0.111653053606726,0.738781600810034,0.999723251605349,1,"arteriol_scler"
"3776","PHF14","Exc L5 ET",-0.00284932150519401,7.92624004075691,0.0132411132618987,0.908558322017994,0.999723251605349,1,"arteriol_scler"
"3777","TMEM106B","Exc L5 ET",-0.00633613204463655,5.87135087116414,0.0256290209654089,0.873045775725036,0.999723251605349,1,"arteriol_scler"
"3778","AC011287.1","Exc L5 ET",0.201265777531678,4.89919124851357,3.72348767158737,0.0557219791190373,0.999723251605349,1,"arteriol_scler"
"3779","ETV1","Exc L5 ET",-0.115550623637947,5.64057622442659,1.52832028485284,0.218482914049357,0.999723251605349,1,"arteriol_scler"
"3780","DGKB","Exc L5 ET",-0.000286890182663228,9.69658003020733,7.21688938523584e-05,0.99323424538902,0.999723251605349,1,"arteriol_scler"
"3781","ISPD","Exc L5 ET",-0.0353617438440254,7.06865749375664,0.901682751348807,0.344005273947196,0.999723251605349,1,"arteriol_scler"
"3782","ANKMY2","Exc L5 ET",0.0017409165286255,6.02853337509671,0.00244380739067336,0.963021196207892,0.999723251605349,1,"arteriol_scler"
"3783","BZW2","Exc L5 ET",0.0152022497431978,5.76855629737562,0.154220796688746,0.695145191424098,0.999723251605349,1,"arteriol_scler"
"3784","TSPAN13","Exc L5 ET",-0.0512989711305114,5.91986755328498,1.23919317502456,0.267578618006278,0.999723251605349,1,"arteriol_scler"
"3785","AC073332.1","Exc L5 ET",-0.0330321138475924,3.85416449274389,0.115918300658721,0.734026508091922,0.999723251605349,1,"arteriol_scler"
"3786","SNX13","Exc L5 ET",-0.00871083479653228,6.76603962883095,0.0942890877461762,0.759260566588586,0.999723251605349,1,"arteriol_scler"
"3787","HDAC9","Exc L5 ET",-0.0175862168715105,9.72453547308062,0.329185400172817,0.56708113590253,0.999723251605349,1,"arteriol_scler"
"3788","TWIST1","Exc L5 ET",-0.168150547322805,3.3322249877717,0.821238688473212,0.366411497486272,0.999723251605349,1,"arteriol_scler"
"3789","AC007091.1","Exc L5 ET",0.0980567434449573,4.16362838329103,0.460562721154969,0.498507446489211,0.999723251605349,1,"arteriol_scler"
"3790","TWISTNB","Exc L5 ET",-0.135943323043736,4.12731324823707,3.31116239198476,0.0709970141933913,0.999723251605349,1,"arteriol_scler"
"3791","SP4","Exc L5 ET",5.96326176647539e-05,4.9524167974056,3.52408006475984e-06,0.998504903908627,0.999723251605349,1,"arteriol_scler"
"3792","RAPGEF5","Exc L5 ET",0.0296786871802133,9.75359903389971,1.04589769774183,0.308258704603093,0.999723251605349,1,"arteriol_scler"
"3793","STEAP1B","Exc L5 ET",-0.0167581902299917,4.82533557955855,0.0764413919702534,0.782596376035057,0.999723251605349,1,"arteriol_scler"
"3794","TOMM7","Exc L5 ET",-0.0652558373901187,4.71604266456521,0.65777874341535,0.418753884653926,0.999723251605349,1,"arteriol_scler"
"3795","FAM126A","Exc L5 ET",0.131787508821092,5.74841685308019,5.99463724833875,0.0156152049934181,0.999723251605349,1,"arteriol_scler"
"3796","KLHL7","Exc L5 ET",0.0396219239482337,6.73171201158387,1.65420515957393,0.200559918375866,0.999723251605349,1,"arteriol_scler"
"3797","NUPL2","Exc L5 ET",-0.0323790039717224,5.33254506393325,0.477613190601994,0.490676389059646,0.999723251605349,1,"arteriol_scler"
"3798","MALSU1","Exc L5 ET",-0.0153227357130882,4.70860792615526,0.0884095485831412,0.766659896591263,0.999723251605349,1,"arteriol_scler"
"3799","TRA2A","Exc L5 ET",0.0243679432827035,7.13317855996665,0.725238056081922,0.395919257994423,0.999723251605349,1,"arteriol_scler"
"3800","CCDC126","Exc L5 ET",0.0310110122454876,4.57918295212418,0.298520100280087,0.585701589336626,0.999723251605349,1,"arteriol_scler"
"3801","FAM221A","Exc L5 ET",-0.0484798128074422,4.0632405860762,0.585790858300478,0.630598695684894,0.999723251605349,1,"arteriol_scler"
"3802","MPP6","Exc L5 ET",0.046753674141543,7.86647777837444,2.19291630154283,0.140945897549058,0.999723251605349,1,"arteriol_scler"
"3803","GSDME","Exc L5 ET",-0.00517482347195802,3.98025688299026,0.00451661400946877,0.94651601498229,0.999723251605349,1,"arteriol_scler"
"3804","OSBPL3","Exc L5 ET",-0.066538382388793,7.08100485993513,1.53853212041879,0.216959411411364,0.999723251605349,1,"arteriol_scler"
"3805","CYCS","Exc L5 ET",-0.0249221449886933,6.67122646741089,0.080628103515397,0.776877298697383,0.999723251605349,1,"arteriol_scler"
"3806","AC005165.1","Exc L5 ET",-0.0845707865689306,3.86587382132723,0.67068843502424,0.414235939895571,0.999723251605349,1,"arteriol_scler"
"3807","NFE2L3","Exc L5 ET",-0.216626364339198,3.72987626698308,3.33339820443085,0.0700671030798211,0.999723251605349,1,"arteriol_scler"
"3808","HNRNPA2B1","Exc L5 ET",0.0168089005609067,6.78685539333897,0.248131096676583,0.619193907985872,0.999723251605349,1,"arteriol_scler"
"3809","CBX3","Exc L5 ET",0.0559079926896414,5.50105422543314,1.18941846464812,0.277363939238217,0.999723251605349,1,"arteriol_scler"
"3810","SNX10","Exc L5 ET",0.0399515012538041,6.66102670778344,1.08489271121482,0.299442689383896,0.999723251605349,1,"arteriol_scler"
"3811","AC004540.1","Exc L5 ET",0.0497855621557533,4.01755196947715,0.257424133524592,0.612712243565898,0.999723251605349,1,"arteriol_scler"
"3812","SKAP2","Exc L5 ET",0.0955004729446295,6.2532738646625,5.20044181991224,0.0241270171555267,0.999723251605349,1,"arteriol_scler"
"3813","HIBADH","Exc L5 ET",0.00408871409362112,6.22328450937924,0.0118674292388779,0.913411494244975,0.999723251605349,1,"arteriol_scler"
"3814","TAX1BP1","Exc L5 ET",0.0362321817359421,7.31829217339521,1.73559446980704,0.189900019088621,0.999723251605349,1,"arteriol_scler"
"3815","JAZF1","Exc L5 ET",0.00745645079466898,8.17297265649367,0.0586797750521167,0.808957653830727,0.999723251605349,1,"arteriol_scler"
"3816","JAZF1-AS1","Exc L5 ET",0.0053157566697581,5.69267120723141,0.00973423390765507,0.921550873867685,0.999723251605349,1,"arteriol_scler"
"3817","CREB5","Exc L5 ET",0.145887461692326,6.28759560151817,3.28377392531176,0.0721608325972311,0.999723251605349,1,"arteriol_scler"
"3818","WIPF3","Exc L5 ET",0.0561333637101547,7.08079804468639,1.34403629769154,0.24834277698024,0.999723251605349,1,"arteriol_scler"
"3819","SCRN1","Exc L5 ET",0.00952672591856383,6.20133944997173,0.0579661425475233,0.810100318835265,0.999723251605349,1,"arteriol_scler"
"3820","AC007285.1","Exc L5 ET",-0.098132918302509,3.83786607415082,1.35887805401259,0.245760248972171,0.999723251605349,1,"arteriol_scler"
"3821","FKBP14","Exc L5 ET",-0.100757832923172,4.70022503477085,3.24282589072732,0.0739395993817009,0.999723251605349,1,"arteriol_scler"
"3822","PLEKHA8","Exc L5 ET",-0.0171230746590158,5.15352935593455,0.149547994486021,0.699568504131598,0.999723251605349,1,"arteriol_scler"
"3823","MTURN","Exc L5 ET",0.0227947551908153,6.03198170915966,0.258356588145047,0.61207004335034,0.999723251605349,1,"arteriol_scler"
"3824","ZNRF2","Exc L5 ET",-0.0122204990630143,5.20620874142184,0.0722832396394242,0.921811015894501,0.999723251605349,1,"arteriol_scler"
"3825","AC006978.2","Exc L5 ET",0.0041380291769049,4.9075972129757,0.00694128120846589,0.934478892267611,0.999723251605349,1,"arteriol_scler"
"3826","GGCT","Exc L5 ET",0.0352161950681983,3.97274232537506,0.173137911957916,0.67798995825885,0.999723251605349,1,"arteriol_scler"
"3827","AC005154.6","Exc L5 ET",-0.0184987777220756,5.81416629190006,0.254199879750764,0.828641044786961,0.999723251605349,1,"arteriol_scler"
"3828","GARS","Exc L5 ET",0.0499119591382221,5.67452687025065,1.14308068162729,0.286885016801365,0.999723251605349,1,"arteriol_scler"
"3829","ADCYAP1R1","Exc L5 ET",-0.0117858135917053,4.67075962367358,0.0461688772733688,0.830189064442723,0.999723251605349,1,"arteriol_scler"
"3830","PDE1C","Exc L5 ET",0.0143949043596451,9.44368069138119,0.205726012837594,0.650856753407466,0.999723251605349,1,"arteriol_scler"
"3831","LSM5","Exc L5 ET",-0.0868249501486338,4.83958599548811,1.59306107726607,0.209036686936065,0.999723251605349,1,"arteriol_scler"
"3832","AVL9","Exc L5 ET",0.000225374055330843,7.06595308551293,6.1976090602948e-05,0.993730194768778,0.999723251605349,1,"arteriol_scler"
"3833","KBTBD2","Exc L5 ET",0.0132588718250117,4.62897576012188,0.0738832505683572,0.786174220133617,0.999723251605349,1,"arteriol_scler"
"3834","FKBP9","Exc L5 ET",0.0531570699774157,4.74325996741489,1.1845397403407,0.27834724450008,0.999723251605349,1,"arteriol_scler"
"3835","NT5C3A","Exc L5 ET",-0.0106268044695558,5.70656559153992,0.0840931736406229,0.835058937998373,0.999723251605349,1,"arteriol_scler"
"3836","RP9","Exc L5 ET",-0.0497825906917937,4.11147174570456,0.672912394081374,0.41346497056239,0.999723251605349,1,"arteriol_scler"
"3837","BBS9","Exc L5 ET",0.010742157615357,7.97696578872291,0.125593717488796,0.723590735080148,0.999723251605349,1,"arteriol_scler"
"3838","BMPER","Exc L5 ET",-0.0343386449768012,8.20022058852045,1.09324715391655,0.297596680286597,0.999723251605349,1,"arteriol_scler"
"3839","DPY19L1","Exc L5 ET",-0.045106014776885,5.64713420680162,0.992838322556721,0.320808697593885,0.999723251605349,1,"arteriol_scler"
"3840","HERPUD2","Exc L5 ET",0.0633147265735577,5.04096343963116,2.21402164197924,0.139063002912829,0.999723251605349,1,"arteriol_scler"
"3841","SEPT7","Exc L5 ET",0.0162797585683463,7.48648363036312,0.295072931104594,0.587871803704489,0.999723251605349,1,"arteriol_scler"
"3842","EEPD1","Exc L5 ET",-0.0591076946414058,5.02549436104245,1.20010545910809,0.275225323409237,0.999723251605349,1,"arteriol_scler"
"3843","KIAA0895","Exc L5 ET",0.0701413022874408,4.77332783451331,2.05596399558964,0.232549048352424,0.999723251605349,1,"arteriol_scler"
"3844","AOAH","Exc L5 ET",0.0382806708348823,4.67722028399783,0.394612485894374,0.530932020085598,0.999723251605349,1,"arteriol_scler"
"3845","ELMO1","Exc L5 ET",0.0041526394822074,8.17806829243904,0.027534313300931,0.868453327623596,0.999723251605349,1,"arteriol_scler"
"3846","EPDR1","Exc L5 ET",0.0507046737042165,6.52393844018707,1.07680058767916,0.301244915064461,0.999723251605349,1,"arteriol_scler"
"3847","STARD3NL","Exc L5 ET",-0.016523963655051,5.18712178771436,0.118439558558051,0.73126150446984,0.999723251605349,1,"arteriol_scler"
"3848","AMPH","Exc L5 ET",0.0269379624234712,7.77332289088849,0.983374604518837,0.323117691248165,0.999723251605349,1,"arteriol_scler"
"3849","VPS41","Exc L5 ET",-0.0185776168481281,6.77098884596315,0.41860708140026,0.518716944326239,0.999723251605349,1,"arteriol_scler"
"3850","POU6F2","Exc L5 ET",0.110089009332454,4.62506031639179,0.889528161751109,0.34726770817146,0.999723251605349,1,"arteriol_scler"
"3851","YAE1D1","Exc L5 ET",0.104298300238773,4.59455248980248,4.2344981636386,0.0555582046129761,0.999723251605349,1,"arteriol_scler"
"3852","RALA","Exc L5 ET",-0.0124002762319795,5.8829047050734,0.15744630997137,0.692136867907008,0.999723251605349,1,"arteriol_scler"
"3853","CDK13","Exc L5 ET",-0.00348484784912072,7.58220831438871,0.0186799767313536,0.891488835642601,0.999723251605349,1,"arteriol_scler"
"3854","MPLKIP","Exc L5 ET",0.0367965020252049,4.41344621475923,0.325635687400957,0.569176381667309,0.999723251605349,1,"arteriol_scler"
"3855","SUGCT","Exc L5 ET",-0.046026097909415,5.21401520383219,0.647901342352222,0.422260609779158,0.999723251605349,1,"arteriol_scler"
"3856","MRPL32","Exc L5 ET",-0.0352436010813375,4.62102850071189,0.29122211319971,0.590315663959917,0.999723251605349,1,"arteriol_scler"
"3857","AC005537.1","Exc L5 ET",0.0323957850890409,6.92537896796052,0.595983075940797,0.44144624472533,0.999723251605349,1,"arteriol_scler"
"3858","HECW1","Exc L5 ET",0.010211091439622,9.52737673079375,0.137006097790417,0.711848068804264,0.999723251605349,1,"arteriol_scler"
"3859","STK17A","Exc L5 ET",-0.0773994128272797,4.87881184014683,1.87845489118894,0.172754348534584,0.999723251605349,1,"arteriol_scler"
"3860","COA1","Exc L5 ET",-0.038690397047387,6.72702188666359,1.83193309678562,0.178131335775118,0.999723251605349,1,"arteriol_scler"
"3861","BLVRA","Exc L5 ET",0.00310953583861569,4.33545516372079,0.00243983556802707,0.960676795949236,0.999723251605349,1,"arteriol_scler"
"3862","URGCP","Exc L5 ET",0.0291570208998191,5.72847583328123,0.674031221682764,0.519708498940651,0.999723251605349,1,"arteriol_scler"
"3863","UBE2D4","Exc L5 ET",-0.0476236968902574,4.60616487489359,0.819619233928295,0.366883065921829,0.999723251605349,1,"arteriol_scler"
"3864","DBNL","Exc L5 ET",-0.00746045178073785,4.81254493609826,0.0247748738721712,0.917933547230062,0.999723251605349,1,"arteriol_scler"
"3865","YKT6","Exc L5 ET",0.0557071401304272,3.98141389568466,0.617033685447667,0.433509969596731,0.999723251605349,1,"arteriol_scler"
"3866","CAMK2B","Exc L5 ET",0.043052086091337,8.52911810270488,1.85669125527551,0.175245934703946,0.999723251605349,1,"arteriol_scler"
"3867","NUDCD3","Exc L5 ET",0.0129984482467599,6.81764358932733,0.194439783055143,0.659942841106937,0.999723251605349,1,"arteriol_scler"
"3868","DDX56","Exc L5 ET",-0.0324137991177643,4.11191204582451,0.30238730353364,0.648828519883672,0.999723251605349,1,"arteriol_scler"
"3869","TMED4","Exc L5 ET",-0.0529560275103903,5.13572589992528,0.999808080868697,0.319122164285771,0.999723251605349,1,"arteriol_scler"
"3870","OGDH","Exc L5 ET",0.0226393519501855,6.73789750745911,0.648740256618636,0.421961063457663,0.999723251605349,1,"arteriol_scler"
"3871","ZMIZ2","Exc L5 ET",-0.0575397653364118,4.96359862281822,1.5956627922768,0.208667405554546,0.999723251605349,1,"arteriol_scler"
"3872","PPIA","Exc L5 ET",0.0305630220102426,6.87190005358882,0.146365906393476,0.702626396211934,0.999723251605349,1,"arteriol_scler"
"3873","H2AFV","Exc L5 ET",0.0304428989862879,5.19113109452725,0.373052158274556,0.542358626700953,0.999723251605349,1,"arteriol_scler"
"3874","PURB","Exc L5 ET",-0.0308517532206238,4.91568124326614,0.365228202339746,0.546617749657264,0.999723251605349,1,"arteriol_scler"
"3875","CCM2","Exc L5 ET",-0.0646179219902083,5.94030165129136,2.84984418584504,0.0936610213189997,0.999723251605349,1,"arteriol_scler"
"3876","NACAD","Exc L5 ET",0.105169528758901,4.10485774822539,1.67519265462451,0.197744867059553,0.999723251605349,1,"arteriol_scler"
"3877","TBRG4","Exc L5 ET",0.0134943598559143,3.9939250129227,0.0433079633090299,0.83545595084693,0.999723251605349,1,"arteriol_scler"
"3878","ADCY1","Exc L5 ET",-0.0198265537243202,8.0161490130467,0.882506231829347,0.349171747310864,0.999723251605349,1,"arteriol_scler"
"3879","HUS1","Exc L5 ET",0.0154016407303967,5.20674868568658,0.102020976975664,0.749904921771716,0.999723251605349,1,"arteriol_scler"
"3880","UPP1","Exc L5 ET",-0.0576789941870618,5.29872446920755,1.56431778392678,0.213168883878099,0.999723251605349,1,"arteriol_scler"
"3881","VWC2","Exc L5 ET",-0.0570366880502102,6.12256359958134,0.461899337660995,0.497885938410788,0.999723251605349,1,"arteriol_scler"
"3882","FIGNL1","Exc L5 ET",0.0153438898810639,3.94096216900001,0.0451268941932382,0.832087041736823,0.999723251605349,1,"arteriol_scler"
"3883","GRB10","Exc L5 ET",-0.0480077339682071,6.47554467861293,1.89654619828471,0.170714453284794,0.999723251605349,1,"arteriol_scler"
"3884","COBL","Exc L5 ET",-0.0057526966453902,8.24876992825798,0.0379797267053172,0.845772960326562,0.999723251605349,1,"arteriol_scler"
"3885","VSTM2A","Exc L5 ET",0.0427306733321789,6.22107864860586,0.759187365461672,0.385109341534339,0.999723251605349,1,"arteriol_scler"
"3886","SEC61G","Exc L5 ET",-0.0108965031559393,3.73692468935716,0.0126054576220692,0.910770695352418,0.999723251605349,1,"arteriol_scler"
"3887","LANCL2","Exc L5 ET",-0.0354682142379701,6.29411448859922,1.28202465016054,0.347447290498682,0.999723251605349,1,"arteriol_scler"
"3888","VOPP1","Exc L5 ET",0.0129851164580282,6.42997685599759,0.12368879148059,0.725608712120516,0.999723251605349,1,"arteriol_scler"
"3889","NIPSNAP2","Exc L5 ET",-0.0299885442246878,6.26761493744255,0.578150772367994,0.448346450041564,0.999723251605349,1,"arteriol_scler"
"3890","PSPH","Exc L5 ET",0.00134121233203718,4.4633023192047,0.000601492422714387,0.980469304629706,0.999723251605349,1,"arteriol_scler"
"3891","CCT6A","Exc L5 ET",-0.0495897364744251,5.03880618067402,0.59197406521061,0.442983078563304,0.999723251605349,1,"arteriol_scler"
"3892","SUMF2","Exc L5 ET",-0.0430169590860787,5.38777833643762,0.67789559702005,0.411745186999231,0.999723251605349,1,"arteriol_scler"
"3893","CHCHD2","Exc L5 ET",-0.000529926644929453,5.86349919470516,4.42127735631907e-05,0.994704376069015,0.999723251605349,1,"arteriol_scler"
"3894","ZNF736","Exc L5 ET",-0.0198999609581119,5.03663612684958,0.177152585079694,0.674492200367512,0.999723251605349,1,"arteriol_scler"
"3895","ZNF680","Exc L5 ET",0.0226387865063265,5.22557472807856,0.156107275788551,0.693381369666161,0.999723251605349,1,"arteriol_scler"
"3896","ZNF107","Exc L5 ET",0.00094455842382669,3.89147300831052,0.000103535362786413,0.991896301294655,0.999723251605349,1,"arteriol_scler"
"3897","ZNF138","Exc L5 ET",-0.00214076417138698,5.90076850253464,0.00332305923469931,0.954114730397905,0.999723251605349,1,"arteriol_scler"
"3898","ZNF273","Exc L5 ET",0.0378017511921361,5.93012262706101,0.641198591500006,0.424665467420918,0.999723251605349,1,"arteriol_scler"
"3899","ZNF117","Exc L5 ET",-0.00829821309264542,3.80919798962447,0.0108413096934639,0.917225323292548,0.999723251605349,1,"arteriol_scler"
"3900","VKORC1L1","Exc L5 ET",0.0406709103138664,5.88498859449512,1.18145092295432,0.278972083221632,0.999723251605349,1,"arteriol_scler"
"3901","GUSB","Exc L5 ET",-0.0106250568552719,4.57809640788251,0.0298701417555356,0.863040629338715,0.999723251605349,1,"arteriol_scler"
"3902","AC068533.4","Exc L5 ET",-0.0421373290946292,3.88873792966357,0.258039054375237,0.612288571111447,0.999723251605349,1,"arteriol_scler"
"3903","TPST1","Exc L5 ET",0.0139152963385794,7.20344931355585,0.204680284462363,0.651685825713303,0.999723251605349,1,"arteriol_scler"
"3904","AC027644.4","Exc L5 ET",-0.0161339397928069,5.76851928597849,0.109323752338451,0.74142116629254,0.999723251605349,1,"arteriol_scler"
"3905","TMEM248","Exc L5 ET",0.077956962739008,5.51149218522266,3.67847834403147,0.0572027907526233,0.999723251605349,1,"arteriol_scler"
"3906","SBDS","Exc L5 ET",0.0183465505980034,4.76256234960758,0.05842199286593,0.809369560267204,0.999723251605349,1,"arteriol_scler"
"3907","TYW1","Exc L5 ET",-0.00316542998286174,6.07933840246052,0.00732977146313271,0.931898364202801,0.999723251605349,1,"arteriol_scler"
"3908","AUTS2","Exc L5 ET",0.0275406138784157,9.5817592666543,0.733128129437603,0.393368272569703,0.999723251605349,1,"arteriol_scler"
"3909","GALNT17","Exc L5 ET",-0.00394262536952844,9.19940532470333,0.0141886636464403,0.905358039637186,0.999723251605349,1,"arteriol_scler"
"3910","CALN1","Exc L5 ET",0.0470813464845308,7.19227752762536,0.627657828279878,0.429587307655997,0.999723251605349,1,"arteriol_scler"
"3911","TYW1B","Exc L5 ET",0.0442135327566674,6.03756835149522,1.1514192140319,0.285141276072793,0.999723251605349,1,"arteriol_scler"
"3912","POM121","Exc L5 ET",0.0316189132998896,6.10692225658517,0.824235412629867,0.365541113125547,0.999723251605349,1,"arteriol_scler"
"3913","NSUN5","Exc L5 ET",-0.045400817808558,4.36652860089049,0.582341036764721,0.665278180712003,0.999723251605349,1,"arteriol_scler"
"3914","BAZ1B","Exc L5 ET",0.0375357387954446,6.04836198721452,1.9594062760701,0.23044597459724,0.999723251605349,1,"arteriol_scler"
"3915","BCL7B","Exc L5 ET",0.0304126325798299,4.55262831972644,0.209833708867052,0.647624502633445,0.999723251605349,1,"arteriol_scler"
"3916","MLXIPL","Exc L5 ET",0.0137157745426558,6.29582426125437,0.109113068466211,0.741661447391523,0.999723251605349,1,"arteriol_scler"
"3917","DNAJC30","Exc L5 ET",0.0165074593035875,3.93353601082313,0.0416317413553178,0.838626549103751,0.999723251605349,1,"arteriol_scler"
"3918","BUD23","Exc L5 ET",-0.026985420942299,4.88626277136396,0.297164208695544,0.586553259030346,0.999723251605349,1,"arteriol_scler"
"3919","STX1A","Exc L5 ET",-0.0319975003440059,5.92641695841942,0.48332077882473,0.488101079357869,0.999723251605349,1,"arteriol_scler"
"3920","LIMK1","Exc L5 ET",0.0348873231851193,5.74289764185497,0.720443868914651,0.397481028078664,0.999723251605349,1,"arteriol_scler"
"3921","EIF4H","Exc L5 ET",0.0410464816163176,5.57714355751187,0.450310510374493,0.503318888764984,0.999723251605349,1,"arteriol_scler"
"3922","CLIP2","Exc L5 ET",0.0480387222152337,7.04567600572732,1.48467579998206,0.225141332724939,0.999723251605349,1,"arteriol_scler"
"3923","GTF2IRD1","Exc L5 ET",0.00546882468962909,5.85459993415149,0.00913820276558134,0.92398294908917,0.999723251605349,1,"arteriol_scler"
"3924","GTF2I","Exc L5 ET",0.0180264113024449,8.24304423737243,0.914693797402398,0.340558995154093,0.999723251605349,1,"arteriol_scler"
"3925","CASTOR2","Exc L5 ET",-0.0198157998057914,5.75300780842378,0.163274747594852,0.686790189191686,0.999723251605349,1,"arteriol_scler"
"3926","RCC1L","Exc L5 ET",-0.00995877553185265,4.48231776466568,0.0276253432385958,0.868238062808013,0.999723251605349,1,"arteriol_scler"
"3927","TRIM73","Exc L5 ET",-0.131953115992515,3.83819868442053,1.70331447287417,0.194045830296719,0.999723251605349,1,"arteriol_scler"
"3928","POM121C","Exc L5 ET",-0.0265190263270857,6.15972058801713,0.713086166642195,0.39989538090979,0.999723251605349,1,"arteriol_scler"
"3929","SPDYE5","Exc L5 ET",-0.243204380564435,4.41336811852316,5.19598797789294,0.0241865784917183,0.999723251605349,1,"arteriol_scler"
"3930","HIP1","Exc L5 ET",-0.0442530370602025,4.89813900347071,0.431104630809495,0.512550288008887,0.999723251605349,1,"arteriol_scler"
"3931","RHBDD2","Exc L5 ET",0.0342610652187658,6.05217914635374,0.265949968366809,0.606893968325241,0.999723251605349,1,"arteriol_scler"
"3932","POR","Exc L5 ET",-0.0186375153284901,4.82191266860974,0.127173027713968,0.721930729153334,0.999723251605349,1,"arteriol_scler"
"3933","TMEM120A","Exc L5 ET",-0.0238361066214534,4.03811901508041,0.117208878717352,0.732607007779814,0.999723251605349,1,"arteriol_scler"
"3934","STYXL1","Exc L5 ET",0.00759584733703378,5.29238537946105,0.0221362680757363,0.881944243057687,0.999723251605349,1,"arteriol_scler"
"3935","MDH2","Exc L5 ET",0.0937082375217783,5.37563809046193,1.42511269429324,0.234629531113667,0.999723251605349,1,"arteriol_scler"
"3936","SRRM3","Exc L5 ET",-0.0120027953883715,8.24059810360794,0.133556561913796,0.715336995431636,0.999723251605349,1,"arteriol_scler"
"3937","HSPB1","Exc L5 ET",0.0600131803981587,4.6086659524574,0.177328744121448,0.674339796422036,0.999723251605349,1,"arteriol_scler"
"3938","YWHAG","Exc L5 ET",0.0169132003337952,7.65375798569111,0.0956071934679341,0.75763664496626,0.999723251605349,1,"arteriol_scler"
"3939","CCDC146","Exc L5 ET",-0.013562180783044,6.39932367912803,0.106933298018468,0.744162688989952,0.999723251605349,1,"arteriol_scler"
"3940","GSAP","Exc L5 ET",-0.0990476558278097,5.45531399428027,4.03973917308419,0.0464070275184839,0.999723251605349,1,"arteriol_scler"
"3941","PTPN12","Exc L5 ET",-0.0429254164681367,6.45515240835595,1.39036578612858,0.240389835359978,0.999723251605349,1,"arteriol_scler"
"3942","APTR","Exc L5 ET",-0.0190534185523108,4.43623698415068,0.0961927679612208,0.756919147061104,0.999723251605349,1,"arteriol_scler"
"3943","RSBN1L","Exc L5 ET",-0.0214047227434653,6.29033626918293,0.449824516072692,0.503548940315598,0.999723251605349,1,"arteriol_scler"
"3944","PHTF2","Exc L5 ET",-0.0010811946751484,6.91905297037763,0.00128518312720855,0.971454655343628,0.999723251605349,1,"arteriol_scler"
"3945","MAGI2","Exc L5 ET",0.0357892421419364,10.6684179444548,1.32498121432355,0.251707776144324,0.999723251605349,1,"arteriol_scler"
"3946","GNAI1","Exc L5 ET",0.0125891089734661,6.03674688145585,0.145824002537876,0.703150940760136,0.999723251605349,1,"arteriol_scler"
"3947","CACNA2D1","Exc L5 ET",0.0414482691845282,8.88918804640212,1.86373625657838,0.17443485150949,0.999723251605349,1,"arteriol_scler"
"3948","PCLO","Exc L5 ET",0.0416397068297368,9.14063522386944,3.19925226131331,0.0758848345179489,0.999723251605349,1,"arteriol_scler"
"3949","SEMA3E","Exc L5 ET",0.0807832730146042,5.46815663014122,0.652688358801935,0.420555617085911,0.999723251605349,1,"arteriol_scler"
"3950","SEMA3D","Exc L5 ET",0.162049377371436,4.90114127188006,2.23528047776529,0.137195177762606,0.999723251605349,1,"arteriol_scler"
"3951","GRM3","Exc L5 ET",0.144054963176025,6.82432830555762,6.36373478383634,0.0127926254965134,0.999723251605349,1,"arteriol_scler"
"3952","KIAA1324L","Exc L5 ET",0.0307187715389358,6.47255911899256,0.581414541325517,0.447071029341366,0.999723251605349,1,"arteriol_scler"
"3953","DMTF1","Exc L5 ET",0.015024057120409,6.41564142360524,0.214298611838256,0.971471290660501,0.999723251605349,1,"arteriol_scler"
"3954","TMEM243","Exc L5 ET",0.0591261022634887,4.65753878445985,0.941213363102614,0.333678006970159,0.999723251605349,1,"arteriol_scler"
"3955","CROT","Exc L5 ET",0.00937306277591891,5.08767802839874,0.0371684290054884,0.847408426017294,0.999723251605349,1,"arteriol_scler"
"3956","ABCB1","Exc L5 ET",-0.0125458960055288,4.36015520899739,0.0159020245549662,0.899835338579886,0.999723251605349,1,"arteriol_scler"
"3957","RUNDC3B","Exc L5 ET",0.0441101738374006,7.6084473094623,2.40594227055933,0.123185507364137,0.999723251605349,1,"arteriol_scler"
"3958","SLC25A40","Exc L5 ET",0.02255201851083,5.57995061225719,0.305389805450093,0.581424808389355,0.999723251605349,1,"arteriol_scler"
"3959","DBF4","Exc L5 ET",0.0607531608320312,4.4311159208762,1.05906295189636,0.305244932178995,0.999723251605349,1,"arteriol_scler"
"3960","ADAM22","Exc L5 ET",-0.0107562613096428,8.5015210093736,0.154172478578397,0.695190531250772,0.999723251605349,1,"arteriol_scler"
"3961","SRI","Exc L5 ET",0.0420608346403539,5.32797627340145,0.528375430818418,0.468532589984277,0.999723251605349,1,"arteriol_scler"
"3962","AC003991.1","Exc L5 ET",-0.0497911361383641,4.6155989843255,0.411507485918575,0.522278596443322,0.999723251605349,1,"arteriol_scler"
"3963","ZNF804B","Exc L5 ET",-0.0694340748341893,9.24889617990744,2.27135930795589,0.134089844233978,0.999723251605349,1,"arteriol_scler"
"3964","AC002383.1","Exc L5 ET",-0.0572392860320086,4.10310191671535,0.350649759032707,0.554722893038694,0.999723251605349,1,"arteriol_scler"
"3965","STEAP2","Exc L5 ET",0.0336348568181308,6.23919094696307,0.819805947421928,0.366828653628907,0.999723251605349,1,"arteriol_scler"
"3966","CFAP69","Exc L5 ET",-0.0476325225294218,5.74752070130309,1.54294282088034,0.216305330845288,0.999723251605349,1,"arteriol_scler"
"3967","GTPBP10","Exc L5 ET",-0.074390163680523,4.67699940544173,1.64364159792161,0.20199477393805,0.999723251605349,1,"arteriol_scler"
"3968","CLDN12","Exc L5 ET",0.0190614026619836,5.99969599795204,0.280881612049561,0.950841408408078,0.999723251605349,1,"arteriol_scler"
"3969","CDK14","Exc L5 ET",0.00241132800020757,8.83939776171043,0.00779517424553978,0.929775065481656,0.999723251605349,1,"arteriol_scler"
"3970","AC079760.1","Exc L5 ET",0.0552045405527535,5.6830718284225,0.658702302949849,0.418428232084031,0.999723251605349,1,"arteriol_scler"
"3971","MTERF1","Exc L5 ET",-0.0155918362008978,6.82784075707052,0.123590402739198,0.725713413182105,0.999723251605349,1,"arteriol_scler"
"3972","AKAP9","Exc L5 ET",0.0109721036596405,7.63512741538733,0.239709651771275,0.625199999350919,0.999723251605349,1,"arteriol_scler"
"3973","KRIT1","Exc L5 ET",0.00427688361677999,6.76227838270063,0.027761150850075,0.86791758561033,0.999723251605349,1,"arteriol_scler"
"3974","ANKIB1","Exc L5 ET",0.00444942283793087,7.84190199982189,0.0280581556953672,0.867219513664676,0.999723251605349,1,"arteriol_scler"
"3975","GATAD1","Exc L5 ET",0.0611761248414154,5.11715318625003,1.26744737106668,0.262217090987866,0.999723251605349,1,"arteriol_scler"
"3976","AC007566.1","Exc L5 ET",-0.00221782824787578,5.35798790208704,0.00239546932841657,0.961035674852407,0.999723251605349,1,"arteriol_scler"
"3977","PEX1","Exc L5 ET",-0.0097303818213521,5.33490617524848,0.0571536267458963,0.860681015734736,0.999723251605349,1,"arteriol_scler"
"3978","RBM48","Exc L5 ET",-0.0824340687883243,5.06198447785592,2.399524127787,0.123682299502909,0.999723251605349,1,"arteriol_scler"
"3979","FAM133B","Exc L5 ET",0.0153145695273075,5.55420202819711,0.116437162792756,0.733454758289783,0.999723251605349,1,"arteriol_scler"
"3980","CDK6","Exc L5 ET",0.0131202488301582,7.33704027439964,0.136183196657771,0.712675791376988,0.999723251605349,1,"arteriol_scler"
"3981","VPS50","Exc L5 ET",0.00951282520710721,7.19736063750864,0.113834263093488,0.736337480815516,0.999723251605349,1,"arteriol_scler"
"3982","BET1","Exc L5 ET",-0.0510649119400328,4.60217546501123,0.734622060961613,0.39288794064957,0.999723251605349,1,"arteriol_scler"
"3983","CASD1","Exc L5 ET",-0.0201006420356766,6.55041153501781,0.419741547383288,0.518151795166504,0.999723251605349,1,"arteriol_scler"
"3984","SGCE","Exc L5 ET",0.0131361663151748,6.57937627515347,0.191081750964803,0.744635108405077,0.999723251605349,1,"arteriol_scler"
"3985","PEG10","Exc L5 ET",-0.0157066229891505,6.04704998803494,0.0334790157736825,0.855090293623609,0.999723251605349,1,"arteriol_scler"
"3986","PPP1R9A","Exc L5 ET",0.0263175939243118,8.88959972122282,1.39260496232213,0.240013446151758,0.999723251605349,1,"arteriol_scler"
"3987","AC002429.2","Exc L5 ET",-0.174602208381911,5.10499743092602,3.63585551996544,0.0586441002344557,0.999723251605349,1,"arteriol_scler"
"3988","DYNC1I1","Exc L5 ET",-0.00525825155119629,9.56436607539174,0.0519122688977587,0.820108731363126,0.999723251605349,1,"arteriol_scler"
"3989","SLC25A13","Exc L5 ET",0.0352873044643528,5.06130340582656,0.455283238882025,0.500975291172952,0.999723251605349,1,"arteriol_scler"
"3990","SEM1","Exc L5 ET",-0.0449804547719123,6.54592567318897,0.802350562233905,0.371964815598559,0.999723251605349,1,"arteriol_scler"
"3991","SDHAF3","Exc L5 ET",0.0152930007617161,4.20107243025464,0.053292343822528,0.817775151258348,0.999723251605349,1,"arteriol_scler"
"3992","ASNS","Exc L5 ET",0.0110337033839875,6.10434867077093,0.109552126277016,0.768953650953189,0.999723251605349,1,"arteriol_scler"
"3993","LMTK2","Exc L5 ET",0.0198476791425676,7.21324557003245,0.614212627295756,0.43648650572217,0.999723251605349,1,"arteriol_scler"
"3994","TECPR1","Exc L5 ET",-0.0266653376133144,5.36094393332727,0.384559019355735,0.784074317777418,0.999723251605349,1,"arteriol_scler"
"3995","BRI3","Exc L5 ET",-0.0253599982006866,5.5601070649567,0.315228947637832,0.575407604597838,0.999723251605349,1,"arteriol_scler"
"3996","BAIAP2L1","Exc L5 ET",-0.0285696488336433,4.59748912109054,0.0634242080029043,0.80154139022348,0.999723251605349,1,"arteriol_scler"
"3997","TMEM130","Exc L5 ET",0.0268348775376334,6.80027116226559,0.611499546567008,0.435575013331884,0.999723251605349,1,"arteriol_scler"
"3998","TRRAP","Exc L5 ET",-0.0166842004662848,6.37001736569322,0.280616091559116,0.597156278113326,0.999723251605349,1,"arteriol_scler"
"3999","SMURF1","Exc L5 ET",-0.0191818293998753,6.37590916982335,0.305050192492903,0.581634753857218,0.999723251605349,1,"arteriol_scler"
"4000","PDAP1","Exc L5 ET",-0.0583083794136543,4.71715967967832,0.931483010934601,0.336180744331726,0.999723251605349,1,"arteriol_scler"
"4001","BUD31","Exc L5 ET",0.0025744537024839,3.82473786879092,0.00096587877868983,0.975252155819683,0.999723251605349,1,"arteriol_scler"
"4002","CPSF4","Exc L5 ET",0.0427869677436277,4.14914491207211,0.420218038992151,0.517914748287501,0.999723251605349,1,"arteriol_scler"
"4003","ZNF789","Exc L5 ET",0.153782301135702,4.50623588663947,6.436858300341,0.0122995658844815,0.999723251605349,1,"arteriol_scler"
"4004","ZKSCAN5","Exc L5 ET",-0.0688076653805271,4.04967425897605,1.22756894524333,0.314080844217772,0.999723251605349,1,"arteriol_scler"
"4005","FAM200A","Exc L5 ET",0.0626372559486375,4.18513130510369,0.836839563339818,0.361911685858395,0.999723251605349,1,"arteriol_scler"
"4006","TRIM4","Exc L5 ET",0.0419226619302706,4.85050709584288,0.883156288039849,0.397633106424104,0.999723251605349,1,"arteriol_scler"
"4007","ZKSCAN1","Exc L5 ET",-0.0185371820736822,6.94016661580804,0.400261422812888,0.528010253025818,0.999723251605349,1,"arteriol_scler"
"4008","ZNF3","Exc L5 ET",-0.0125592366481119,3.98994922059794,0.0371569165589083,0.847431766132256,0.999723251605349,1,"arteriol_scler"
"4009","COPS6","Exc L5 ET",-0.0241121449328111,5.46204464547084,0.159087786978445,0.690619610659201,0.999723251605349,1,"arteriol_scler"
"4010","AP4M1","Exc L5 ET",-0.142870150842782,4.47717727600418,4.89942908756034,0.0285220265266421,0.999723251605349,1,"arteriol_scler"
"4011","TAF6","Exc L5 ET",0.00794885886187317,4.37624030648898,0.0131248059245157,0.908959036256899,0.999723251605349,1,"arteriol_scler"
"4012","LAMTOR4","Exc L5 ET",-0.00708573064837572,4.6923397874051,0.0113941900646727,0.915148778549924,0.999723251605349,1,"arteriol_scler"
"4013","STAG3","Exc L5 ET",-0.110181869939619,3.9922857339773,2.18479441287304,0.141678177786819,0.999723251605349,1,"arteriol_scler"
"4014","CASTOR3","Exc L5 ET",-0.0170927024702107,6.50408364049353,0.161200237698853,0.688680324796345,0.999723251605349,1,"arteriol_scler"
"4015","SPDYE3","Exc L5 ET",-0.133281179521509,5.10742350774482,1.89168906640807,0.171259365132666,0.999723251605349,1,"arteriol_scler"
"4016","PILRB","Exc L5 ET",0.00820653635969304,5.52067013222467,0.0246201302866124,0.875548646241647,0.999723251605349,1,"arteriol_scler"
"4017","PILRA","Exc L5 ET",0.0126391906589682,4.84552686568092,0.0557075669836067,0.813766625359036,0.999723251605349,1,"arteriol_scler"
"4018","PPP1R35","Exc L5 ET",-0.0662683449385594,3.96314601152639,0.711229244864654,0.400508087820425,0.999723251605349,1,"arteriol_scler"
"4019","NYAP1","Exc L5 ET",0.0292781911413735,4.49234806053529,0.281860690347221,0.596345026630067,0.999723251605349,1,"arteriol_scler"
"4020","AGFG2","Exc L5 ET",0.00161426555700584,4.25535862192338,0.000729772856090373,0.978487686094565,0.999723251605349,1,"arteriol_scler"
"4021","LRCH4","Exc L5 ET",0.0655305054945434,4.71690898910305,1.81369732486847,0.180292034084126,0.999723251605349,1,"arteriol_scler"
"4022","ACTL6B","Exc L5 ET",-0.00444319241018459,5.6995633339146,0.00812752934128424,0.928297632362609,0.999723251605349,1,"arteriol_scler"
"4023","GNB2","Exc L5 ET",0.0142682416778652,4.71933421751214,0.0475221671236955,0.827757196522054,0.999723251605349,1,"arteriol_scler"
"4024","GIGYF1","Exc L5 ET",-0.0159157429880308,5.31999965736591,0.114631423354598,0.735450751396917,0.999723251605349,1,"arteriol_scler"
"4025","POP7","Exc L5 ET",0.0617373235874588,3.89665215636504,0.333742700690072,0.564413084106742,0.999723251605349,1,"arteriol_scler"
"4026","SRRT","Exc L5 ET",-0.00294806136236145,4.14697129386511,0.00200180012210141,0.964378606786491,0.999723251605349,1,"arteriol_scler"
"4027","ACHE","Exc L5 ET",0.043920645768399,3.65108026084034,0.233286365354029,0.62986966970691,0.999723251605349,1,"arteriol_scler"
"4028","AP1S1","Exc L5 ET",0.0369945690603203,5.57263001919598,0.234987980579768,0.628624944688012,0.999723251605349,1,"arteriol_scler"
"4029","VGF","Exc L5 ET",-0.130376639848262,5.0866779891172,0.786006300910623,0.376866223579422,0.999723251605349,1,"arteriol_scler"
"4030","PLOD3","Exc L5 ET",0.00697782535683398,4.58229457332577,0.0132536379319748,0.908515277252201,0.999723251605349,1,"arteriol_scler"
"4031","ZNHIT1","Exc L5 ET",-0.0440112290285263,3.80115660087444,0.235939757779862,0.627931151356349,0.999723251605349,1,"arteriol_scler"
"4032","FIS1","Exc L5 ET",-0.0729762628967421,5.04367630962677,0.857908656141717,0.355955590311577,0.999723251605349,1,"arteriol_scler"
"4033","IFT22","Exc L5 ET",-0.0103885997959462,4.13489460531871,0.0154935980023396,0.901123252187056,0.999723251605349,1,"arteriol_scler"
"4034","COL26A1","Exc L5 ET",0.0120419946606956,6.82073110122432,0.0586208587034611,0.809051710814242,0.999723251605349,1,"arteriol_scler"
"4035","CUX1","Exc L5 ET",-0.0245439454916999,6.02762741833772,0.287939020624857,0.592415777339777,0.999723251605349,1,"arteriol_scler"
"4036","PRKRIP1","Exc L5 ET",-0.00155955364238319,6.24399287227317,0.00151818586357443,0.968975965850006,0.999723251605349,1,"arteriol_scler"
"4037","ALKBH4","Exc L5 ET",0.0134751924832875,4.10476532967335,0.0445971796944775,0.83306070668836,0.999723251605349,1,"arteriol_scler"
"4038","SPDYE2","Exc L5 ET",-0.184507186270315,4.58651048508182,2.17188304638689,0.142851193114776,0.999723251605349,1,"arteriol_scler"
"4039","AC105052.1","Exc L5 ET",-0.096019337423678,3.86755723721679,1.10325342812711,0.295405013385898,0.999723251605349,1,"arteriol_scler"
"4040","AC105052.3","Exc L5 ET",0.0519908998525592,5.41495162165052,0.7497863893413,0.388059791826749,0.999723251605349,1,"arteriol_scler"
"4041","FAM185A","Exc L5 ET",-0.0248894464471148,6.31948644419967,0.563452103553396,0.454161737699964,0.999723251605349,1,"arteriol_scler"
"4042","FBXL13","Exc L5 ET",-0.00164663459979447,5.49796018508019,0.00107373563861718,0.97390742851676,0.999723251605349,1,"arteriol_scler"
"4043","ARMC10","Exc L5 ET",0.00760620648121685,5.0266094982543,0.0238262242431749,0.87755536672923,0.999723251605349,1,"arteriol_scler"
"4044","NAPEPLD","Exc L5 ET",-0.0132972679907003,6.91787122034447,0.209662760985453,0.647758250552854,0.999723251605349,1,"arteriol_scler"
"4045","PMPCB","Exc L5 ET",-0.0110307427655514,5.35682286617908,0.0603603960724695,0.806295399707337,0.999723251605349,1,"arteriol_scler"
"4046","DNAJC2","Exc L5 ET",0.011517129409163,5.08007737017193,0.0845475063202007,0.771667134444711,0.999723251605349,1,"arteriol_scler"
"4047","PSMC2","Exc L5 ET",0.0566951875546434,5.33507487875745,1.9619542745826,0.163568458256116,0.999723251605349,1,"arteriol_scler"
"4048","ORC5","Exc L5 ET",0.00566123403648179,5.92448653248485,0.0283633110259512,0.866506230698157,0.999723251605349,1,"arteriol_scler"
"4049","LINC01004","Exc L5 ET",-0.0174853401247378,5.64314524225761,0.129247750211359,0.719767572964977,0.999723251605349,1,"arteriol_scler"
"4050","KMT2E","Exc L5 ET",-0.000689330649813493,7.52739906502835,0.000787190051380265,0.977657648192236,0.999723251605349,1,"arteriol_scler"
"4051","SRPK2","Exc L5 ET",0.002132672751503,8.50848274521883,0.0116415115945423,0.914236390169381,0.999723251605349,1,"arteriol_scler"
"4052","PUS7","Exc L5 ET",-0.0226543134571168,5.81579903458574,0.397377417754637,0.62546985851693,0.999723251605349,1,"arteriol_scler"
"4053","RINT1","Exc L5 ET",-0.0532269776272012,4.73167544957126,0.947640029364312,0.332038737169769,0.999723251605349,1,"arteriol_scler"
"4054","ATXN7L1","Exc L5 ET",0.0271043443982432,7.4862969137564,0.773929322654677,0.380546841280479,0.999723251605349,1,"arteriol_scler"
"4055","CDHR3","Exc L5 ET",-0.0146258847083109,8.16286058256033,0.146316269894021,0.702674396270373,0.999723251605349,1,"arteriol_scler"
"4056","NAMPT","Exc L5 ET",0.038579168671813,4.47120148076422,0.407186088806093,0.524467831697529,0.999723251605349,1,"arteriol_scler"
"4057","PRKAR2B","Exc L5 ET",0.0499073620874572,7.23218320298241,2.68917214376029,0.103329610875167,0.999723251605349,1,"arteriol_scler"
"4058","HBP1","Exc L5 ET",-0.0297731764685309,4.78252122756419,0.338910146772926,0.561417095873739,0.999723251605349,1,"arteriol_scler"
"4059","COG5","Exc L5 ET",-0.012044435133866,8.00184616147024,0.228598668730207,0.633327933387052,0.999723251605349,1,"arteriol_scler"
"4060","GPR22","Exc L5 ET",-0.0139152904058728,5.87840639716788,0.0548365066005946,0.815201546570605,0.999723251605349,1,"arteriol_scler"
"4061","BCAP29","Exc L5 ET",0.0316743321279461,6.82468611990753,0.585317341490492,0.445553307296503,0.999723251605349,1,"arteriol_scler"
"4062","SLC26A4-AS1","Exc L5 ET",-0.0483716548395636,5.43103981981216,0.552001490820209,0.458774880012117,0.999723251605349,1,"arteriol_scler"
"4063","SLC26A4","Exc L5 ET",-0.122879256249152,7.32875814242372,8.23166629555177,0.00477032308134871,0.999723251605349,1,"arteriol_scler"
"4064","SLC26A3","Exc L5 ET",-0.0293818341100124,6.59095521278757,0.0717452530207679,0.789215840725715,0.999723251605349,1,"arteriol_scler"
"4065","DLD","Exc L5 ET",-0.0357541263045047,5.76931054631025,0.749308028756903,0.388210788748067,0.999723251605349,1,"arteriol_scler"
"4066","LAMB1","Exc L5 ET",0.0308073068505872,5.28495421878059,0.33734152736878,0.562323301475857,0.999723251605349,1,"arteriol_scler"
"4067","NRCAM","Exc L5 ET",-0.00452148217778194,9.67677826311554,0.0522003678755634,0.819618910178654,0.999723251605349,1,"arteriol_scler"
"4068","PNPLA8","Exc L5 ET",0.0249084776162127,5.83537834936539,0.485822021250734,0.486979606652706,0.999723251605349,1,"arteriol_scler"
"4069","DNAJB9","Exc L5 ET",0.0407669679069776,4.43069174146077,0.262013904691623,0.609565183154454,0.999723251605349,1,"arteriol_scler"
"4070","IMMP2L","Exc L5 ET",-0.0264483386242069,8.69875556088936,0.383311110868162,0.536866063361001,0.999723251605349,1,"arteriol_scler"
"4071","LRRN3","Exc L5 ET",0.0140966639196305,5.95075463741953,0.0849790287032374,0.771101570862954,0.999723251605349,1,"arteriol_scler"
"4072","DOCK4","Exc L5 ET",-0.00454843890556322,9.26373473691979,0.0222828962296204,0.88155680109915,0.999723251605349,1,"arteriol_scler"
"4073","ZNF277","Exc L5 ET",0.0143443694799163,5.92828830611594,0.135770357461507,0.713092120836767,0.999723251605349,1,"arteriol_scler"
"4074","IFRD1","Exc L5 ET",-0.00872620593106353,5.2787174218076,0.034778058167384,0.85233773268918,0.999723251605349,1,"arteriol_scler"
"4075","TMEM168","Exc L5 ET",0.0338949622103402,5.16677312479803,0.468325473273047,0.494916136748777,0.999723251605349,1,"arteriol_scler"
"4076","BMT2","Exc L5 ET",-0.00313407807046864,6.33479898014534,0.00621541471433043,0.93727674963315,0.999723251605349,1,"arteriol_scler"
"4077","GPR85","Exc L5 ET",-0.0170273288899632,4.22708873967209,0.0781437866395617,0.780250997371376,0.999723251605349,1,"arteriol_scler"
"4078","FOXP2","Exc L5 ET",-0.0122461529268651,3.30149245921668,0.00642993989997614,0.93620578038943,0.999723251605349,1,"arteriol_scler"
"4079","AC002066.1","Exc L5 ET",-0.0295741635748873,4.84894152775395,0.0734736584120734,0.786753230883132,0.999723251605349,1,"arteriol_scler"
"4080","CAV2","Exc L5 ET",-0.0284715507238394,3.95910866815146,0.0917953343767578,0.762367241023367,0.999723251605349,1,"arteriol_scler"
"4081","CAPZA2","Exc L5 ET",-0.0127680204901746,6.41231802273638,0.13155572443521,0.717384152664111,0.999723251605349,1,"arteriol_scler"
"4082","ST7","Exc L5 ET",-0.0136092114100273,7.73441913329551,0.221150715464268,0.638913317844594,0.999723251605349,1,"arteriol_scler"
"4083","ST7-AS2","Exc L5 ET",-0.155486296857927,4.05703362671716,2.45580602554135,0.119401090892667,0.999723251605349,1,"arteriol_scler"
"4084","CFTR","Exc L5 ET",-0.0910149433920404,3.48923890603799,0.623541079233553,0.431100852825273,0.999723251605349,1,"arteriol_scler"
"4085","CTTNBP2","Exc L5 ET",-0.0252609289822892,7.39170516397029,0.663304204091018,0.416811206070752,0.999723251605349,1,"arteriol_scler"
"4086","ANKRD7","Exc L5 ET",0.0216821603247797,6.12378453398264,0.184298295412143,0.668380367255085,0.999723251605349,1,"arteriol_scler"
"4087","KCND2","Exc L5 ET",0.0457314427474362,9.27509488678646,1.36678628557166,0.244397698948205,0.999723251605349,1,"arteriol_scler"
"4088","ING3","Exc L5 ET",0.0961659232569894,4.3060832697095,3.05764376862058,0.0826010210622072,0.999723251605349,1,"arteriol_scler"
"4089","FAM3C","Exc L5 ET",0.0207931659635548,5.7798396020186,0.187267092734721,0.665882387924379,0.999723251605349,1,"arteriol_scler"
"4090","PTPRZ1","Exc L5 ET",-0.0209110751335063,4.77369804761192,0.0718160655547302,0.789114326681831,0.999723251605349,1,"arteriol_scler"
"4091","CADPS2","Exc L5 ET",0.0587174459614443,8.925459261336,1.80907574561909,0.180844479025716,0.999723251605349,1,"arteriol_scler"
"4092","AC004594.1","Exc L5 ET",-0.072995291131492,4.9429068270811,0.512279516790334,0.475373514653884,0.999723251605349,1,"arteriol_scler"
"4093","IQUB","Exc L5 ET",0.0427704319120661,4.05058959901797,0.273206791803761,0.602034102102383,0.999723251605349,1,"arteriol_scler"
"4094","NDUFA5","Exc L5 ET",-0.0384203806378985,6.25195101643372,0.422138980823379,0.516961045058525,0.999723251605349,1,"arteriol_scler"
"4095","WASL","Exc L5 ET",0.0520855715976165,6.40451017187263,1.8339010715028,0.177899967154697,0.999723251605349,1,"arteriol_scler"
"4096","AC006148.1","Exc L5 ET",0.00533669639378762,8.15631852557492,0.0149444208799413,0.90288249120277,0.999723251605349,1,"arteriol_scler"
"4097","POT1","Exc L5 ET",-0.0157283822658809,5.29432178900481,0.145222894871246,0.703734101727287,0.999723251605349,1,"arteriol_scler"
"4098","POT1-AS1","Exc L5 ET",0.173775255385294,4.79939110914272,6.4679451308759,0.0120959806666911,0.999723251605349,1,"arteriol_scler"
"4099","AC010099.4","Exc L5 ET",0.0723554713620034,4.77556431520786,0.906559900966209,0.342707921186406,0.999723251605349,1,"arteriol_scler"
"4100","GRM8","Exc L5 ET",-0.00557984630401278,9.52328822830451,0.0215295088178367,0.883561625456671,0.999723251605349,1,"arteriol_scler"
"4101","ZNF800","Exc L5 ET",0.0676621162458196,5.73978628687944,2.77655101712114,0.0979418517868641,0.999723251605349,1,"arteriol_scler"
"4102","ARF5","Exc L5 ET",0.0619293910208694,4.75098349912769,0.375823224313807,0.540864855754541,0.999723251605349,1,"arteriol_scler"
"4103","SND1","Exc L5 ET",0.0195164460608402,6.84732491278897,0.390329006983253,0.533167072102143,0.999723251605349,1,"arteriol_scler"
"4104","LRRC4","Exc L5 ET",-0.000910049289033483,4.75969438963964,0.000280580673262214,0.986660028583053,0.999723251605349,1,"arteriol_scler"
"4105","RBM28","Exc L5 ET",-0.0592807251118587,5.33710798563747,2.633349432913,0.106942826841215,0.999723251605349,1,"arteriol_scler"
"4106","IMPDH1","Exc L5 ET",0.0345694632524509,4.57103227402109,0.367348601633624,0.745438050872795,0.999723251605349,1,"arteriol_scler"
"4107","METTL2B","Exc L5 ET",0.0654683890483269,4.77986878271976,1.61424563814319,0.206052312468359,0.999723251605349,1,"arteriol_scler"
"4108","CALU","Exc L5 ET",-0.0109966635643581,5.52858419844405,0.074314972522465,0.884947234302424,0.999723251605349,1,"arteriol_scler"
"4109","CCDC136","Exc L5 ET",-0.0512821561462051,4.96895623906203,1.04789876363674,0.307798124946686,0.999723251605349,1,"arteriol_scler"
"4110","ATP6V1F","Exc L5 ET",0.00858785688037863,6.16616616392247,0.00980292843527859,0.921275459300214,0.999723251605349,1,"arteriol_scler"
"4111","TNPO3","Exc L5 ET",-0.00443458839811916,6.17375400256556,0.0226392421528272,0.88062061124911,0.999723251605349,1,"arteriol_scler"
"4112","AHCYL2","Exc L5 ET",-0.0313824220582788,7.21848432823213,0.926992944514871,0.337344166140656,0.999723251605349,1,"arteriol_scler"
"4113","STRIP2","Exc L5 ET",-0.0471298852042687,4.08021163239223,0.591252625664471,0.443260519322662,0.999723251605349,1,"arteriol_scler"
"4114","NRF1","Exc L5 ET",-0.0231189233035458,6.89139000872996,0.489512070800109,0.485332930627025,0.999723251605349,1,"arteriol_scler"
"4115","UBE2H","Exc L5 ET",-0.0175150145142024,7.27746027842038,0.411543551752415,0.522260393802931,0.999723251605349,1,"arteriol_scler"
"4116","ZC3HC1","Exc L5 ET",-0.0927453827943113,4.6171321455489,2.87755835715275,0.092096299483705,0.999723251605349,1,"arteriol_scler"
"4117","KLHDC10","Exc L5 ET",-0.00744346459529626,6.77182670286708,0.0569433527768953,0.811751062647544,0.999723251605349,1,"arteriol_scler"
"4118","CEP41","Exc L5 ET",0.0737340883043021,4.17907152742086,1.18898293761371,0.27745154020325,0.999723251605349,1,"arteriol_scler"
"4119","MEST","Exc L5 ET",-0.0570300049249721,5.85240953031168,1.91103812299788,0.169100535639299,0.999723251605349,1,"arteriol_scler"
"4120","COPG2","Exc L5 ET",-0.023127191174762,5.50317991675557,0.265552813601067,0.607162358079393,0.999723251605349,1,"arteriol_scler"
"4121","AC016831.7","Exc L5 ET",0.0456579828443181,10.3934529564974,1.60730994424082,0.207023749698188,0.999723251605349,1,"arteriol_scler"
"4122","LINC00513","Exc L5 ET",-0.0604089091695527,7.36633132942675,0.510439484050012,0.476165898677178,0.999723251605349,1,"arteriol_scler"
"4123","AC058791.1","Exc L5 ET",-0.0290721975550394,5.46258647211983,0.116540985354266,0.733340524046255,0.999723251605349,1,"arteriol_scler"
"4124","MKLN1","Exc L5 ET",0.0284856009036996,9.00539202162478,0.902697760503678,0.343734725427007,0.999723251605349,1,"arteriol_scler"
"4125","PODXL","Exc L5 ET",-0.0725469424082031,4.80894831088481,2.32742405675541,0.129420477021338,0.999723251605349,1,"arteriol_scler"
"4126","PLXNA4","Exc L5 ET",-0.0109643361200525,7.97361371138286,0.132101887220453,0.716823605614709,0.999723251605349,1,"arteriol_scler"
"4127","CHCHD3","Exc L5 ET",-0.0214479114175854,7.85236544271206,0.907909397010104,0.342350121495145,0.999723251605349,1,"arteriol_scler"
"4128","EXOC4","Exc L5 ET",0.0221190124850997,8.09436191282873,0.480960576249429,0.489163273647803,0.999723251605349,1,"arteriol_scler"
"4129","LRGUK","Exc L5 ET",0.0263025931886839,4.90543950770596,0.19486461408983,0.659595179878206,0.999723251605349,1,"arteriol_scler"
"4130","SLC35B4","Exc L5 ET",-0.0042292513003988,5.99702030492494,0.00882202782489461,0.925305631887075,0.999723251605349,1,"arteriol_scler"
"4131","AKR1B1","Exc L5 ET",0.0534066577257915,4.57857002655008,0.580509368886178,0.447424185414863,0.999723251605349,1,"arteriol_scler"
"4132","CALD1","Exc L5 ET",0.0497563395736675,6.95994656066824,1.49365843119033,0.223751131833062,0.999723251605349,1,"arteriol_scler"
"4133","AGBL3","Exc L5 ET",-0.0673093898427211,5.17677088439041,1.33263013848936,0.250350294058548,0.999723251605349,1,"arteriol_scler"
"4134","CYREN","Exc L5 ET",-0.121786608057494,4.35053987007244,2.6824613917076,0.103756742239822,0.999723251605349,1,"arteriol_scler"
"4135","WDR91","Exc L5 ET",0.112155964977742,5.33704959106168,7.40265152074825,0.00735917469808304,0.999723251605349,1,"arteriol_scler"
"4136","CNOT4","Exc L5 ET",0.00291311259083986,6.95834079895785,0.00991395539007125,0.920832375163842,0.999723251605349,1,"arteriol_scler"
"4137","NUP205","Exc L5 ET",0.0160687444913918,5.13949849294845,0.132462040235687,0.7164546851957,0.999723251605349,1,"arteriol_scler"
"4138","STMP1","Exc L5 ET",-0.135556494589563,4.98361253800233,8.28339961372303,0.00464394297983558,0.999723251605349,1,"arteriol_scler"
"4139","MTPN","Exc L5 ET",0.00917735659330413,5.94052392008673,0.0309790505595113,0.860547389008589,0.999723251605349,1,"arteriol_scler"
"4140","DGKI","Exc L5 ET",-0.00120372239781269,9.03714071298462,0.00176405661630758,0.966559394293306,0.999723251605349,1,"arteriol_scler"
"4141","TRIM24","Exc L5 ET",0.0422577913648455,5.49304964259309,1.21517256847187,0.272245507071048,0.999723251605349,1,"arteriol_scler"
"4142","KIAA1549","Exc L5 ET",-0.0266573766804886,6.83938530727434,0.790498423773113,0.3755100567824,0.999723251605349,1,"arteriol_scler"
"4143","TTC26","Exc L5 ET",-0.0226544145826709,5.43449551678954,0.285586949214803,0.593929851908004,0.999723251605349,1,"arteriol_scler"
"4144","UBN2","Exc L5 ET",0.0330638844789624,6.75271735066761,1.03009508116817,0.311927854507333,0.999723251605349,1,"arteriol_scler"
"4145","LUC7L2","Exc L5 ET",0.0133190572285537,5.18405966236485,0.0706794972919588,0.790750200024523,0.999723251605349,1,"arteriol_scler"
"4146","CLEC2L","Exc L5 ET",-0.0231722507147916,8.28568244976687,0.539682600992523,0.463821583612714,0.999723251605349,1,"arteriol_scler"
"4147","HIPK2","Exc L5 ET",-0.00479661854679477,4.95445436595108,0.00760122598719801,0.930651930239158,0.999723251605349,1,"arteriol_scler"
"4148","KDM7A","Exc L5 ET",0.0366569427519585,4.69083278854212,0.488312712169719,0.485867124376281,0.999723251605349,1,"arteriol_scler"
"4149","SLC37A3","Exc L5 ET",-0.0019093270088563,5.56046852056745,0.00218909856170274,0.96275057687185,0.999723251605349,1,"arteriol_scler"
"4150","MKRN1","Exc L5 ET",0.00640640819347837,5.34888929959642,0.014647035040087,0.903848849052355,0.999723251605349,1,"arteriol_scler"
"4151","DENND2A","Exc L5 ET",-0.0966691742253456,3.88671786689964,0.646216154067018,0.422863298169199,0.999723251605349,1,"arteriol_scler"
"4152","NDUFB2","Exc L5 ET",0.00852938277898119,5.24491582840458,0.0136379501225771,0.907204352712288,0.999723251605349,1,"arteriol_scler"
"4153","BRAF","Exc L5 ET",0.0121772063682249,7.98434320211818,0.245743100729269,0.620883934228539,0.999723251605349,1,"arteriol_scler"
"4154","MRPS33","Exc L5 ET",-0.0487984670682173,4.07982271570773,0.394676733587064,0.530898625747902,0.999723251605349,1,"arteriol_scler"
"4155","TMEM178B","Exc L5 ET",-0.000619399290597135,9.03162712845116,0.000310215330223335,0.985973300600215,0.999723251605349,1,"arteriol_scler"
"4156","AGK","Exc L5 ET",0.00964417572544943,5.76232954997303,0.0912009120424713,0.763114547971456,0.999723251605349,1,"arteriol_scler"
"4157","KIAA1147","Exc L5 ET",-0.017375154056587,5.07023853308073,0.161093089591406,0.688778333073891,0.999723251605349,1,"arteriol_scler"
"4158","SSBP1","Exc L5 ET",-0.00797642143153027,5.25457113801076,0.0361401886375634,0.936210259798326,0.999723251605349,1,"arteriol_scler"
"4159","EPHB6","Exc L5 ET",0.000665552033950992,6.77076971366382,0.00034559263942545,0.985195166597034,0.999723251605349,1,"arteriol_scler"
"4160","GSTK1","Exc L5 ET",-0.0865584723593421,5.78276044294934,2.15160489462494,0.144715839299442,0.999723251605349,1,"arteriol_scler"
"4161","CASP2","Exc L5 ET",0.0235558130216492,4.04537740127527,0.13600661381936,0.854399653724273,0.999723251605349,1,"arteriol_scler"
"4162","FAM131B","Exc L5 ET",-0.0173021388247399,4.60970469739309,0.072489027508503,0.788152261895395,0.999723251605349,1,"arteriol_scler"
"4163","ZYX","Exc L5 ET",-0.0249965721842738,5.53621655898492,0.307314422676696,0.580237902635294,0.999723251605349,1,"arteriol_scler"
"4164","TCAF2","Exc L5 ET",-0.0356727393490755,4.17072360260049,0.20595438503247,0.650676034275125,0.999723251605349,1,"arteriol_scler"
"4165","TCAF1","Exc L5 ET",0.0750617939989213,6.6440841305624,5.82171847964333,0.0171541373294756,0.999723251605349,1,"arteriol_scler"
"4166","TPK1","Exc L5 ET",-0.0336141416339462,6.50960353644294,0.469432718230512,0.494407456105587,0.999723251605349,1,"arteriol_scler"
"4167","CNTNAP2","Exc L5 ET",0.00808314875704937,12.0331113569093,0.0506072031233262,0.822345698693795,0.999723251605349,1,"arteriol_scler"
"4168","CUL1","Exc L5 ET",0.00136102045202993,6.76373216961677,0.00229439067265233,0.96186595250512,0.999723251605349,1,"arteriol_scler"
"4169","ZNF786","Exc L5 ET",-0.0527364294222257,4.6951437076781,0.918132743492299,0.347103232345508,0.999723251605349,1,"arteriol_scler"
"4170","ZNF425","Exc L5 ET",-0.0276154569153727,4.10130013679261,0.141649788182649,0.707229399100142,0.999723251605349,1,"arteriol_scler"
"4171","ZNF398","Exc L5 ET",0.0474968501254335,5.31360123462481,1.07167827432047,0.302393008626476,0.999723251605349,1,"arteriol_scler"
"4172","ZNF783","Exc L5 ET",0.00808548442032349,4.73712539949944,0.0188435854253965,0.891017659481683,0.999723251605349,1,"arteriol_scler"
"4173","ZNF746","Exc L5 ET",0.033997347184641,4.58113917900282,0.500604019765812,0.540398355314719,0.999723251605349,1,"arteriol_scler"
"4174","ZNF862","Exc L5 ET",-0.0156525881589335,6.14872948952632,0.103485533286933,0.748177252997362,0.999723251605349,1,"arteriol_scler"
"4175","ATP6V0E2-AS1","Exc L5 ET",-0.0936881217374705,4.04513529284255,1.63261317084358,0.203505797999937,0.999723251605349,1,"arteriol_scler"
"4176","ATP6V0E2","Exc L5 ET",0.00864733360632094,6.68473586348797,0.01308239390533,0.909105605955007,0.999723251605349,1,"arteriol_scler"
"4177","ACTR3C","Exc L5 ET",0.0504809103950654,4.37413468882679,0.471176107567117,0.493608309886423,0.999723251605349,1,"arteriol_scler"
"4178","AC073111.5","Exc L5 ET",-0.0168742119757115,4.36220589058397,0.0745501868942397,0.78523509862911,0.999723251605349,1,"arteriol_scler"
"4179","ABCB8","Exc L5 ET",-0.0718643588932746,5.31035597059491,2.06096377949057,0.153396925307988,0.999723251605349,1,"arteriol_scler"
"4180","CDK5","Exc L5 ET",-0.0455407856533236,4.1136757565638,0.253846211158483,0.615190100518091,0.999723251605349,1,"arteriol_scler"
"4181","FASTK","Exc L5 ET",0.00545419647478088,4.90272910013399,0.00997278608071592,0.920598610310888,0.999723251605349,1,"arteriol_scler"
"4182","AGAP3","Exc L5 ET",0.0556712678975177,6.62266411354762,2.71910083972413,0.101448214065902,0.999723251605349,1,"arteriol_scler"
"4183","SMARCD3","Exc L5 ET",0.056867171706486,4.74840077704096,0.984252352812983,0.32290260815331,0.999723251605349,1,"arteriol_scler"
"4184","NUB1","Exc L5 ET",-0.0306737482772546,4.70621242690593,0.368138243364774,0.545026375762324,0.999723251605349,1,"arteriol_scler"
"4185","RHEB","Exc L5 ET",-0.00714301031876745,7.02834003374609,0.0333188936254864,0.855433375016247,0.999723251605349,1,"arteriol_scler"
"4186","PRKAG2","Exc L5 ET",0.0222728327769968,8.29235161217564,0.609044033530775,0.436496113386645,0.999723251605349,1,"arteriol_scler"
"4187","PRKAG2-AS1","Exc L5 ET",0.0686138597527665,4.95192354193498,0.923411045420137,0.338276174108635,0.999723251605349,1,"arteriol_scler"
"4188","GALNT11","Exc L5 ET",-0.0173030029103363,7.0689345448392,0.324749175565055,0.569702017009815,0.999723251605349,1,"arteriol_scler"
"4189","KMT2C","Exc L5 ET",0.0130908273985548,8.01716915429624,0.2472488644934,0.619817091599349,0.999723251605349,1,"arteriol_scler"
"4190","ACTR3B","Exc L5 ET",-0.0251814052013473,6.73661061619852,0.748167991879968,0.388570987529492,0.999723251605349,1,"arteriol_scler"
"4191","DPP6","Exc L5 ET",-0.00477105596693311,10.4432928894758,0.0337608346752178,0.854488515668287,0.999723251605349,1,"arteriol_scler"
"4192","PAXIP1","Exc L5 ET",0.00183555332015257,4.959363004905,0.00149449290458393,0.969218877445087,0.999723251605349,1,"arteriol_scler"
"4193","PAXIP1-AS1","Exc L5 ET",-0.106716453891139,3.88406267664152,1.62216032465599,0.204950380257452,0.999723251605349,1,"arteriol_scler"
"4194","INSIG1","Exc L5 ET",0.0449936734087101,3.95485420744488,0.269452241539715,0.604538127283727,0.999723251605349,1,"arteriol_scler"
"4195","AC009403.1","Exc L5 ET",-0.0840890733417363,4.54634957346294,3.03071814488722,0.0936381199604297,0.999723251605349,1,"arteriol_scler"
"4196","RBM33","Exc L5 ET",-0.010662713740359,6.71607876111991,0.112088137452597,0.738291966617028,0.999723251605349,1,"arteriol_scler"
"4197","LINC01006","Exc L5 ET",-0.0561118564922546,4.37757481978499,0.778143371666341,0.379256782584617,0.999723251605349,1,"arteriol_scler"
"4198","LMBR1","Exc L5 ET",-0.019027976928514,7.38693913773699,0.521212390172682,0.471557080769979,0.999723251605349,1,"arteriol_scler"
"4199","NOM1","Exc L5 ET",-0.0803066866868058,4.74783072257401,2.76653904983208,0.0985431672657865,0.999723251605349,1,"arteriol_scler"
"4200","UBE3C","Exc L5 ET",-0.00957958099563927,7.32278749213214,0.10391871450906,0.747668838526281,0.999723251605349,1,"arteriol_scler"
"4201","DNAJB6","Exc L5 ET",0.0430934316932956,6.56694540517217,1.10036946356076,0.296034540076658,0.999723251605349,1,"arteriol_scler"
"4202","PTPRN2","Exc L5 ET",0.0186290430709248,10.2109486544446,0.359483563909808,0.549784843919906,0.999723251605349,1,"arteriol_scler"
"4203","NCAPG2","Exc L5 ET",-0.0423892950868708,4.51713950333674,0.540602350854345,0.7798548214504,0.999723251605349,1,"arteriol_scler"
"4204","ESYT2","Exc L5 ET",-0.0339139353935546,7.79780384453522,1.77943664699663,0.18443483072831,0.999723251605349,1,"arteriol_scler"
"4205","WDR60","Exc L5 ET",-0.0153407623659688,7.898315818058,0.252277369002694,0.61628350506296,0.999723251605349,1,"arteriol_scler"
"4206","GTPBP6","Exc L5 ET",0.0311437261669699,4.51072884725935,0.290431945485805,0.590819712242499,0.999723251605349,1,"arteriol_scler"
"4207","LINC00685","Exc L5 ET",0.0736096435473161,4.53532780563109,0.66632435749582,0.41575504496397,0.999723251605349,1,"arteriol_scler"
"4208","SLC25A6","Exc L5 ET",0.034386527970875,5.47992462095555,0.143964025751156,0.704959883078065,0.999723251605349,1,"arteriol_scler"
"4209","ASMTL","Exc L5 ET",-0.0781610237590678,4.36572703895508,1.37368983833078,0.243215842531556,0.999723251605349,1,"arteriol_scler"
"4210","AKAP17A","Exc L5 ET",-0.0226702224081331,4.26266413628882,0.0855406922863211,0.770367771030897,0.999723251605349,1,"arteriol_scler"
"4211","DHRSX","Exc L5 ET",0.000768921506078623,6.41283396413959,0.000304769029002923,0.986096963123399,0.999723251605349,1,"arteriol_scler"
"4212","GYG2","Exc L5 ET",-0.122482370309487,4.90144414565682,4.27888333224363,0.0404715778886936,0.999723251605349,1,"arteriol_scler"
"4213","NLGN4X","Exc L5 ET",-0.0354314928339449,6.80945632919975,0.795146961971675,0.374113917998471,0.999723251605349,1,"arteriol_scler"
"4214","PUDP","Exc L5 ET",0.0194628097465853,4.58306051113024,0.0940542903849424,0.759551141491981,0.999723251605349,1,"arteriol_scler"
"4215","STS","Exc L5 ET",-0.0876929578055412,4.48433327380508,2.14891652424605,0.144965116111133,0.999723251605349,1,"arteriol_scler"
"4216","ANOS1","Exc L5 ET",-0.0468578269710012,4.16987802738051,0.221387231994674,0.63873419222882,0.999723251605349,1,"arteriol_scler"
"4217","TBL1X","Exc L5 ET",-0.0291305281791594,5.52783880892173,0.414854503809107,0.520594120434931,0.999723251605349,1,"arteriol_scler"
"4218","WWC3","Exc L5 ET",-0.00727840386177522,4.97169070552238,0.0207008286145679,0.885808656737735,0.999723251605349,1,"arteriol_scler"
"4219","CLCN4","Exc L5 ET",-0.0290009747054518,6.04710973656306,0.495381000214778,0.482732909161495,0.999723251605349,1,"arteriol_scler"
"4220","MID1","Exc L5 ET",0.185387755137354,3.78825321609653,3.05406283638422,0.0827790463577302,0.999723251605349,1,"arteriol_scler"
"4221","FRMPD4","Exc L5 ET",0.02778685332774,9.52877086323909,0.714845445972654,0.3993161524496,0.999723251605349,1,"arteriol_scler"
"4222","PRPS2","Exc L5 ET",-0.0377570258422691,4.82759812429532,0.547160790541689,0.460747479000493,0.999723251605349,1,"arteriol_scler"
"4223","TMSB4X","Exc L5 ET",-0.0561782527043772,7.35278976958906,0.309782555769449,0.578722910989042,0.999723251605349,1,"arteriol_scler"
"4224","RAB9A","Exc L5 ET",-0.0521637364102061,3.76535107925259,0.390994346434286,0.53281879091192,0.999723251605349,1,"arteriol_scler"
"4225","TRAPPC2","Exc L5 ET",0.00931545966567361,4.88868921876441,0.0393665334993352,0.843018809312387,0.999723251605349,1,"arteriol_scler"
"4226","OFD1","Exc L5 ET",-0.0765935963559344,5.28966739652781,3.68991051337386,0.0568227115008687,0.999723251605349,1,"arteriol_scler"
"4227","GPM6B","Exc L5 ET",0.0308711848809765,8.78988959233096,1.47486962991699,0.226670942735591,0.999723251605349,1,"arteriol_scler"
"4228","GEMIN8","Exc L5 ET",-0.00496859394771969,4.36914636485954,0.00767940540455495,0.930297130300115,0.999723251605349,1,"arteriol_scler"
"4229","MOSPD2","Exc L5 ET",0.0107335846011515,4.3216765891264,0.0395576341088999,0.842643267407678,0.999723251605349,1,"arteriol_scler"
"4230","VEGFD","Exc L5 ET",-0.0259832400903494,4.90177760090163,0.215972686446803,0.64286456294799,0.999723251605349,1,"arteriol_scler"
"4231","PIR","Exc L5 ET",-0.0499234113400387,6.24309978841313,1.52095070742182,0.219590382044298,0.999723251605349,1,"arteriol_scler"
"4232","CA5B","Exc L5 ET",-0.00558734716073309,5.90651368786618,0.0185130125745711,0.891971847595865,0.999723251605349,1,"arteriol_scler"
"4233","ZRSR2","Exc L5 ET",0.077821081021834,4.95159170008343,2.75829506865101,0.0990413549853099,0.999723251605349,1,"arteriol_scler"
"4234","AP1S2","Exc L5 ET",0.0566807638453542,5.69691800496986,1.03339304459935,0.311157402893439,0.999723251605349,1,"arteriol_scler"
"4235","CTPS2","Exc L5 ET",-0.0597464862394508,4.63002425091545,0.901248396053005,0.344121138947225,0.999723251605349,1,"arteriol_scler"
"4236","SYAP1","Exc L5 ET",0.00509125220032149,4.95811941931525,0.0123358906734308,0.911725945062969,0.999723251605349,1,"arteriol_scler"
"4237","TXLNG","Exc L5 ET",0.00196173352391682,5.67070737664719,0.00324475305576841,0.954657988970221,0.999723251605349,1,"arteriol_scler"
"4238","RBBP7","Exc L5 ET",0.0460355138443615,5.41344331821155,1.33186295312414,0.250486039735193,0.999723251605349,1,"arteriol_scler"
"4239","REPS2","Exc L5 ET",0.00743820828506962,7.39689245758596,0.0776568202611385,0.780919051753976,0.999723251605349,1,"arteriol_scler"
"4240","NHS","Exc L5 ET",-0.0647386533167134,6.3882333327324,1.22702126880123,0.269930757178616,0.999723251605349,1,"arteriol_scler"
"4241","SCML1","Exc L5 ET",-0.0811903154334206,4.39351448964836,1.18787404950489,0.277674738062623,0.999723251605349,1,"arteriol_scler"
"4242","CDKL5","Exc L5 ET",0.0332946858489934,8.04433665253539,1.85096227433204,0.175908741081643,0.999723251605349,1,"arteriol_scler"
"4243","PPEF1","Exc L5 ET",0.0130758271648314,4.1147446984313,0.022083398267227,0.882084264896492,0.999723251605349,1,"arteriol_scler"
"4244","PHKA2","Exc L5 ET",0.0590442106749938,5.06964954276255,1.23735587287582,0.267932007624305,0.999723251605349,1,"arteriol_scler"
"4245","PDHA1","Exc L5 ET",-0.0588034433315534,5.6103845834936,1.74120259308982,0.189190428698788,0.999723251605349,1,"arteriol_scler"
"4246","SH3KBP1","Exc L5 ET",-0.0861413998533196,6.0243066298681,4.08358920953116,0.0452528963025307,0.999723251605349,1,"arteriol_scler"
"4247","BCLAF3","Exc L5 ET",-0.0340368761285649,5.24993597525481,0.652164686571139,0.474878782928875,0.999723251605349,1,"arteriol_scler"
"4248","MAP7D2","Exc L5 ET",-0.0151728136372977,6.49625610800407,0.277131215372146,0.985997499955058,0.999723251605349,1,"arteriol_scler"
"4249","EIF1AX","Exc L5 ET",-0.00327012818171742,6.30353515958256,0.00262821458325347,0.959188242448722,0.999723251605349,1,"arteriol_scler"
"4250","RPS6KA3","Exc L5 ET",0.00488805814874638,6.83181050893443,0.0260863687546756,0.871927839440523,0.999723251605349,1,"arteriol_scler"
"4251","CNKSR2","Exc L5 ET",0.0507270570376417,8.83289265405415,2.21844780218599,0.13867175358115,0.999723251605349,1,"arteriol_scler"
"4252","MBTPS2","Exc L5 ET",-0.0685116879632364,4.68885264289752,1.34669498151828,0.247877702125438,0.999723251605349,1,"arteriol_scler"
"4253","SMS","Exc L5 ET",-0.0246254199794483,6.49324599116744,0.652418075792123,0.420651608135405,0.999723251605349,1,"arteriol_scler"
"4254","PTCHD1-AS","Exc L5 ET",0.0392088730211717,9.38360504005455,1.20491461938423,0.274269757264751,0.999723251605349,1,"arteriol_scler"
"4255","AC004470.1","Exc L5 ET",-0.149913752657275,4.07282467525575,2.05814528542546,0.153676249637638,0.999723251605349,1,"arteriol_scler"
"4256","PTCHD1","Exc L5 ET",-0.00127742196049865,6.71082083795242,0.00153744874717079,0.968779869257522,0.999723251605349,1,"arteriol_scler"
"4257","ACOT9","Exc L5 ET",-0.0102382899017381,4.32727063229771,0.0289479213229444,0.865150677659769,0.999723251605349,1,"arteriol_scler"
"4258","SAT1","Exc L5 ET",-0.0521334362164474,7.01174460375262,1.10080798238184,0.295938706279181,0.999723251605349,1,"arteriol_scler"
"4259","APOO","Exc L5 ET",0.000124711682647144,6.50542315084637,7.22302791720936e-06,0.997859547474562,0.999723251605349,1,"arteriol_scler"
"4260","EIF2S3","Exc L5 ET",0.031263047420308,4.50815119827398,0.339726998388495,0.560946305930566,0.999723251605349,1,"arteriol_scler"
"4261","ZFX","Exc L5 ET",-0.0179700270419082,5.2406435732643,0.116655738693195,0.7332143289756,0.999723251605349,1,"arteriol_scler"
"4262","PDK3","Exc L5 ET",-0.0090375393503945,6.25232580033536,0.0584839516230529,0.80927046955469,0.999723251605349,1,"arteriol_scler"
"4263","PCYT1B","Exc L5 ET",-0.0381084561642665,4.34989611947441,0.436808798316396,0.509778131936848,0.999723251605349,1,"arteriol_scler"
"4264","POLA1","Exc L5 ET",0.0211520480407656,5.69006958738752,0.208935421703434,0.648328052741213,0.999723251605349,1,"arteriol_scler"
"4265","AC112493.1","Exc L5 ET",0.365554502893122,3.38231734847017,3.99470253967029,0.047625129553635,0.999723251605349,1,"arteriol_scler"
"4266","IL1RAPL1","Exc L5 ET",0.0312098797962355,10.3332743106555,1.20787013900492,0.273684585567666,0.999723251605349,1,"arteriol_scler"
"4267","GK","Exc L5 ET",-0.00935834631838099,5.6356149145168,0.0690299096134503,0.855826004777714,0.999723251605349,1,"arteriol_scler"
"4268","TAB3","Exc L5 ET",0.0688369408389857,4.85882473162847,2.34276474267175,0.129647654844493,0.999723251605349,1,"arteriol_scler"
"4269","DMD","Exc L5 ET",0.0300941351356309,10.561990847285,0.80513990786219,0.371137316466865,0.999723251605349,1,"arteriol_scler"
"4270","AL591501.1","Exc L5 ET",0.0901098089379568,5.74769066757738,2.99146593353257,0.0859597095905722,0.999723251605349,1,"arteriol_scler"
"4271","AF241726.2","Exc L5 ET",0.00813038318579024,5.35044207105167,0.0221648078464618,0.881868728591832,0.999723251605349,1,"arteriol_scler"
"4272","DYNLT3","Exc L5 ET",0.0097171980477128,5.28846651602941,0.0111268789520215,0.916146246008668,0.999723251605349,1,"arteriol_scler"
"4273","RPGR","Exc L5 ET",0.0631077923380945,4.89245580198589,1.32477563776669,0.251744386143856,0.999723251605349,1,"arteriol_scler"
"4274","TSPAN7","Exc L5 ET",0.0629213156832923,6.80805079514164,0.767547140780834,0.382512553414022,0.999723251605349,1,"arteriol_scler"
"4275","BCOR","Exc L5 ET",-0.01464010463469,4.49006730658743,0.0323272606340217,0.85757731090845,0.999723251605349,1,"arteriol_scler"
"4276","ATP6AP2","Exc L5 ET",-0.0149483785078816,6.1033665079764,0.0436255658811639,0.834862456732986,0.999723251605349,1,"arteriol_scler"
"4277","CXorf38","Exc L5 ET",0.043078725352066,4.55962186959419,0.38333357073071,0.536854150585344,0.999723251605349,1,"arteriol_scler"
"4278","MED14","Exc L5 ET",0.0288431463224148,5.28598519523919,0.419307101428747,0.518368091762453,0.999723251605349,1,"arteriol_scler"
"4279","USP9X","Exc L5 ET",0.00187994964085617,6.60034901059182,0.00547531560333347,0.971625835554917,0.999723251605349,1,"arteriol_scler"
"4280","DDX3X","Exc L5 ET",0.057449577447321,5.77918458168968,1.45200491976248,0.230286704801968,0.999723251605349,1,"arteriol_scler"
"4281","CASK","Exc L5 ET",-0.0411964472752111,6.87333846567984,1.92073150940338,0.168030875738837,0.999723251605349,1,"arteriol_scler"
"4282","MAOB","Exc L5 ET",-0.0232095533736182,6.9654595369533,0.456440161278159,0.500432719159245,0.999723251605349,1,"arteriol_scler"
"4283","EFHC2","Exc L5 ET",0.0150644534694913,4.61309089479193,0.0648987106214116,0.79929698447319,0.999723251605349,1,"arteriol_scler"
"4284","FUNDC1","Exc L5 ET",0.000274275771194509,4.02076222610373,6.52623289177066e-06,0.997965408209877,0.999723251605349,1,"arteriol_scler"
"4285","KDM6A","Exc L5 ET",0.0146239775772184,6.78299977178364,0.190447874827217,0.663232017720903,0.999723251605349,1,"arteriol_scler"
"4286","MIR222HG","Exc L5 ET",0.0575725934748742,4.86961227389731,0.93343362899225,0.335677005645367,0.999723251605349,1,"arteriol_scler"
"4287","KRBOX4","Exc L5 ET",0.0228806769282001,5.02455543165044,0.333881431968668,0.564332246657029,0.999723251605349,1,"arteriol_scler"
"4288","ZNF674","Exc L5 ET",0.00936933751255366,3.943866820508,0.0138302067734853,0.906555573667152,0.999723251605349,1,"arteriol_scler"
"4289","SLC9A7","Exc L5 ET",-0.000325483016794093,6.34507159298675,9.0581725723731e-05,0.992420157693997,0.999723251605349,1,"arteriol_scler"
"4290","RGN","Exc L5 ET",-0.135896942833285,4.19549708292314,3.5250339970647,0.0625775704993818,0.999723251605349,1,"arteriol_scler"
"4291","NDUFB11","Exc L5 ET",0.0626933373239355,4.55415779735905,0.342326315131791,0.559453232830549,0.999723251605349,1,"arteriol_scler"
"4292","RBM10","Exc L5 ET",-0.0256016072624129,4.86047797226961,0.325981832199599,0.56897140139438,0.999723251605349,1,"arteriol_scler"
"4293","UBA1","Exc L5 ET",0.0266847768788717,5.57016347000226,0.328848950172523,0.56727908191929,0.999723251605349,1,"arteriol_scler"
"4294","CDK16","Exc L5 ET",0.0594568842282009,4.74967333577022,1.21672380066966,0.271941039490297,0.999723251605349,1,"arteriol_scler"
"4295","USP11","Exc L5 ET",-0.00381937513975988,6.08743689911771,0.00480020332915929,0.944865121332378,0.999723251605349,1,"arteriol_scler"
"4296","ZNF41","Exc L5 ET",-0.0275636675723632,4.56441631826367,0.270924485063578,0.603553612849365,0.999723251605349,1,"arteriol_scler"
"4297","SYN1","Exc L5 ET",0.175352644199052,6.49235960569733,10.3734252774761,0.00159741882138767,0.999723251605349,0.818364304496965,"arteriol_scler"
"4298","ELK1","Exc L5 ET",0.0969689341830312,4.52854336284158,2.25258684822248,0.135695572552368,0.999723251605349,1,"arteriol_scler"
"4299","ZNF81","Exc L5 ET",-0.0216995936464446,5.18503804436322,0.271835115209822,0.602946361309363,0.999723251605349,1,"arteriol_scler"
"4300","ZNF630","Exc L5 ET",0.0903175433641577,4.10485355085623,2.28054585429445,0.13331188943141,0.999723251605349,1,"arteriol_scler"
"4301","PORCN","Exc L5 ET",0.047738222629858,4.11693377460119,0.517141407291675,0.473290135793478,0.999723251605349,1,"arteriol_scler"
"4302","EBP","Exc L5 ET",0.00494733869106531,4.06999706899066,0.00405251674586008,0.949334364216886,0.999723251605349,1,"arteriol_scler"
"4303","TBC1D25","Exc L5 ET",0.00459733462228594,4.1297980920168,0.00541666109851999,0.947092147765157,0.999723251605349,1,"arteriol_scler"
"4304","RBM3","Exc L5 ET",-0.0635249431538984,4.20444209988789,0.520623120215513,0.47180729958093,0.999723251605349,1,"arteriol_scler"
"4305","WDR13","Exc L5 ET",0.0204988345825461,4.67500403460974,0.175299342830458,0.676100968829319,0.999723251605349,1,"arteriol_scler"
"4306","AC231533.1","Exc L5 ET",0.0171390132004412,4.27435458137986,0.0642590280755819,0.800267304218191,0.999723251605349,1,"arteriol_scler"
"4307","HDAC6","Exc L5 ET",-0.106985807933664,4.8740989041482,3.95321322281786,0.0487775146452267,0.999723251605349,1,"arteriol_scler"
"4308","PCSK1N","Exc L5 ET",0.0922978651511851,6.94528955957078,1.19492796757926,0.27625879195087,0.999723251605349,1,"arteriol_scler"
"4309","OTUD5","Exc L5 ET",0.0642586219927555,5.08908219580189,2.42192402468228,0.121958139464129,0.999723251605349,1,"arteriol_scler"
"4310","GRIPAP1","Exc L5 ET",0.0176998955834371,6.0366833082036,0.292079165628358,0.639256520819211,0.999723251605349,1,"arteriol_scler"
"4311","PRAF2","Exc L5 ET",0.0601889643629612,3.88487151917238,0.482635314989401,0.488409170693743,0.999723251605349,1,"arteriol_scler"
"4312","WDR45","Exc L5 ET",-0.0480963548556561,4.44707446089966,0.555001209398649,0.457559218431214,0.999723251605349,1,"arteriol_scler"
"4313","SYP","Exc L5 ET",0.0229282916310575,7.97225182488244,0.345263920698636,0.557774985853108,0.999723251605349,1,"arteriol_scler"
"4314","CCDC22","Exc L5 ET",-0.0565133324654426,3.73016537623278,0.438405679992163,0.509006730913911,0.999723251605349,1,"arteriol_scler"
"4315","PPP1R3F","Exc L5 ET",0.0223137675511424,4.45155528017943,0.170180737575906,0.680596951977157,0.999723251605349,1,"arteriol_scler"
"4316","CLCN5","Exc L5 ET",-0.0238964418663193,4.88544519000164,0.227015881175575,0.634505453219584,0.999723251605349,1,"arteriol_scler"
"4317","LINC01284","Exc L5 ET",0.0530331598838812,5.83693864837501,1.07142185245158,0.302450631318427,0.999723251605349,1,"arteriol_scler"
"4318","NUDT10","Exc L5 ET",-0.0219819067588804,4.08353556433309,0.0790834737204519,0.778968187504444,0.999723251605349,1,"arteriol_scler"
"4319","AL158055.1","Exc L5 ET",-0.0668094477748603,4.6276567271828,1.03882941376978,0.30989283057181,0.999723251605349,1,"arteriol_scler"
"4320","MAGED1","Exc L5 ET",0.00260751332871,7.08257798676146,0.00915646786334222,0.92390725003213,0.999723251605349,1,"arteriol_scler"
"4321","FAM156A","Exc L5 ET",-0.00192523357640481,4.94635282127574,0.00162814373136708,0.967872705564496,0.999723251605349,1,"arteriol_scler"
"4322","GPR173","Exc L5 ET",0.0789096349917141,4.85510042211313,3.19765234789718,0.0759573088148206,0.999723251605349,1,"arteriol_scler"
"4323","TSPYL2","Exc L5 ET",-0.00379670330721341,6.48313735060203,0.0104391535986459,0.918769609641734,0.999723251605349,1,"arteriol_scler"
"4324","KANTR","Exc L5 ET",-0.0154365000683363,6.80645134359074,0.197173088505862,0.657713917368482,0.999723251605349,1,"arteriol_scler"
"4325","KDM5C","Exc L5 ET",0.0553589143788399,5.07121773455185,1.32193251431262,0.350997103885276,0.999723251605349,1,"arteriol_scler"
"4326","IQSEC2","Exc L5 ET",0.00715575136131028,6.62657190890184,0.055278462137049,0.814472009702958,0.999723251605349,1,"arteriol_scler"
"4327","SMC1A","Exc L5 ET",0.0338634666566861,4.37807152437716,0.354577444015133,0.552517041667613,0.999723251605349,1,"arteriol_scler"
"4328","HUWE1","Exc L5 ET",0.0389756624716205,6.49199625600444,1.88808509016217,0.171664991733661,0.999723251605349,1,"arteriol_scler"
"4329","PHF8","Exc L5 ET",-0.00959582145190391,4.85819202226804,0.0283173845181919,0.8666133281131,0.999723251605349,1,"arteriol_scler"
"4330","FAM120C","Exc L5 ET",-0.0727414245110244,4.65056933783043,2.1514853910551,0.189374757251002,0.999723251605349,1,"arteriol_scler"
"4331","WNK3","Exc L5 ET",0.0739120194443758,4.42311696389105,1.79118282334907,0.310138599809873,0.999723251605349,1,"arteriol_scler"
"4332","TSR2","Exc L5 ET",0.035026802492958,3.88513641598306,0.164159337270425,0.685988469214488,0.999723251605349,1,"arteriol_scler"
"4333","FGD1","Exc L5 ET",0.0346251784364312,4.71958545682634,0.461579239449266,0.498034659686196,0.999723251605349,1,"arteriol_scler"
"4334","MAGED2","Exc L5 ET",0.0135690811537193,4.62200988748485,0.0311984009066012,0.860059686895456,0.999723251605349,1,"arteriol_scler"
"4335","TRO","Exc L5 ET",-0.208938739370152,4.4916805996708,11.5934845419332,0.000868857688909603,0.999723251605349,0.710966067327899,"arteriol_scler"
"4336","MAGEH1","Exc L5 ET",-0.0216596243326931,4.52546401738136,0.0671479192467992,0.795925074681658,0.999723251605349,1,"arteriol_scler"
"4337","RRAGB","Exc L5 ET",0.02844387495805,5.36317833915843,0.508631097706165,0.635267753848033,0.999723251605349,1,"arteriol_scler"
"4338","UBQLN2","Exc L5 ET",-0.00335014257592029,4.64322481870024,0.00202030689839163,0.964214435684436,0.999723251605349,1,"arteriol_scler"
"4339","NBDY","Exc L5 ET",-0.0269524356739749,5.26040314469872,0.344603246620341,0.558151587468737,0.999723251605349,1,"arteriol_scler"
"4340","SPIN3","Exc L5 ET",-0.0148825070925726,5.57404630962166,0.15236697162024,0.727280500872661,0.999723251605349,1,"arteriol_scler"
"4341","FAAH2","Exc L5 ET",0.0202428225262717,5.66744856058983,0.17242082372375,0.678619717360603,0.999723251605349,1,"arteriol_scler"
"4342","ARHGEF9","Exc L5 ET",0.00527471771431009,7.09721072011554,0.0427856412407096,0.836436957906163,0.999723251605349,1,"arteriol_scler"
"4343","MTMR8","Exc L5 ET",0.0071439854405044,4.02972165224059,0.00901164221980144,0.924509585745335,0.999723251605349,1,"arteriol_scler"
"4344","ZC4H2","Exc L5 ET",0.0745601040183195,5.61633890811732,1.80218826333214,0.181671454609554,0.999723251605349,1,"arteriol_scler"
"4345","ZC3H12B","Exc L5 ET",0.0304300933830036,5.75719183736061,0.559872034203508,0.455596129712495,0.999723251605349,1,"arteriol_scler"
"4346","LAS1L","Exc L5 ET",0.00428149846224384,4.86887393999266,0.00775404134681158,0.929960105818975,0.999723251605349,1,"arteriol_scler"
"4347","AR","Exc L5 ET",-0.0396067601448537,4.04981696926807,0.133789105024698,0.71510019970796,0.999723251605349,1,"arteriol_scler"
"4348","OPHN1","Exc L5 ET",0.045044383037882,6.2837007839166,1.57064049691963,0.212251592567151,0.999723251605349,1,"arteriol_scler"
"4349","YIPF6","Exc L5 ET",-0.0652444124738456,4.84972016558445,1.71768857891706,0.246379877672906,0.999723251605349,1,"arteriol_scler"
"4350","PJA1","Exc L5 ET",0.0699895013082599,4.16764422689504,0.805398796155765,0.371060644865063,0.999723251605349,1,"arteriol_scler"
"4351","EDA","Exc L5 ET",0.0202218208822213,4.71582173737992,0.0779948771765548,0.780455042871938,0.999723251605349,1,"arteriol_scler"
"4352","IGBP1","Exc L5 ET",0.0200167732048035,5.1060878943252,0.222831373900245,0.637643002943942,0.999723251605349,1,"arteriol_scler"
"4353","DLG3","Exc L5 ET",0.0302891884248143,5.50930156565525,0.485895584002681,0.486946688638458,0.999723251605349,1,"arteriol_scler"
"4354","SNX12","Exc L5 ET",-0.0562143793380592,4.02690377780781,0.651409491600275,0.51247697390579,0.999723251605349,1,"arteriol_scler"
"4355","NLGN3","Exc L5 ET",0.0482772988403075,4.3391356911631,0.531996536076144,0.467015544386418,0.999723251605349,1,"arteriol_scler"
"4356","ZMYM3","Exc L5 ET",0.055986741479751,4.83476672541654,0.940125853153762,0.333956477026638,0.999723251605349,1,"arteriol_scler"
"4357","NONO","Exc L5 ET",0.084313240438886,4.62642301215736,2.46078755718489,0.11903022051453,0.999723251605349,1,"arteriol_scler"
"4358","TAF1","Exc L5 ET",-0.00269560159704718,6.04553999471113,0.00503326112630303,0.943544747208509,0.999723251605349,1,"arteriol_scler"
"4359","OGT","Exc L5 ET",-0.0105870572413234,6.61062997223422,0.123266808062018,0.726058099568189,0.999723251605349,1,"arteriol_scler"
"4360","GCNA","Exc L5 ET",0.0201353325414051,5.11867039464851,0.0961261593570749,0.757000640906544,0.999723251605349,1,"arteriol_scler"
"4361","PIN4","Exc L5 ET",0.0011271413014011,5.02245938254726,0.000492698142555408,0.982323306971464,0.999723251605349,1,"arteriol_scler"
"4362","RPS4X","Exc L5 ET",-0.0230351246314141,4.84855810914815,0.0544993102799096,0.815760246032489,0.999723251605349,1,"arteriol_scler"
"4363","HDAC8","Exc L5 ET",-0.0241239350262004,7.88316424710262,0.673265498546966,0.41334275775227,0.999723251605349,1,"arteriol_scler"
"4364","NAP1L2","Exc L5 ET",0.0327456120445603,5.99627520261393,0.251492589985734,0.616832056844279,0.999723251605349,1,"arteriol_scler"
"4365","CHIC1","Exc L5 ET",0.0523886245925322,6.27024892217269,2.69129866116924,0.103194666749172,0.999723251605349,1,"arteriol_scler"
"4366","XIST","Exc L5 ET",-0.188581176778655,8.34560101438326,0.603867768691848,0.438447643396891,0.999723251605349,1,"arteriol_scler"
"4367","JPX","Exc L5 ET",-0.0213684443285615,6.83996493407263,0.291009144552155,0.590451429655221,0.999723251605349,1,"arteriol_scler"
"4368","FTX","Exc L5 ET",0.0208058296966858,10.5413277858788,0.664893592565943,0.416254891523104,0.999723251605349,1,"arteriol_scler"
"4369","SLC16A2","Exc L5 ET",-0.0251661817242864,4.82862637443497,0.183876690753665,0.668737040570569,0.999723251605349,1,"arteriol_scler"
"4370","RLIM","Exc L5 ET",0.00209492507096945,4.79849369700182,0.000913695207332996,0.975929753464257,0.999723251605349,1,"arteriol_scler"
"4371","NEXMIF","Exc L5 ET",0.015470354952719,6.25979239383291,0.162996361265997,0.687043018849717,0.999723251605349,1,"arteriol_scler"
"4372","ABCB7","Exc L5 ET",-0.00422385826049442,5.5254762870037,0.0114213692709448,0.915048025639808,0.999723251605349,1,"arteriol_scler"
"4373","ZDHHC15","Exc L5 ET",0.024948197962951,4.67238312726737,0.233783889895085,0.629505153926449,0.999723251605349,1,"arteriol_scler"
"4374","MAGEE1","Exc L5 ET",-0.057331224837314,4.77213883618325,0.564740419658066,0.453647304701657,0.999723251605349,1,"arteriol_scler"
"4375","AC233296.1","Exc L5 ET",-0.0535786749591458,4.82456881593412,0.275263862766236,0.600671464672708,0.999723251605349,1,"arteriol_scler"
"4376","ATRX","Exc L5 ET",0.0227543349117157,7.84328181704425,0.983379141213885,0.323116579088714,0.999723251605349,1,"arteriol_scler"
"4377","COX7B","Exc L5 ET",-0.00835927296865511,5.11046598910062,0.0104251868715083,0.918823777546435,0.999723251605349,1,"arteriol_scler"
"4378","PGK1","Exc L5 ET",0.0304812747338233,6.22614833255224,0.278016095950933,0.598858471050333,0.999723251605349,1,"arteriol_scler"
"4379","BRWD3","Exc L5 ET",0.0213715232371991,5.68870406850919,0.25259886203885,0.616059093831102,0.999723251605349,1,"arteriol_scler"
"4380","HMGN5","Exc L5 ET",-0.169417764648895,3.9028810316164,3.22069568240543,0.0749206899034593,0.999723251605349,1,"arteriol_scler"
"4381","SH3BGRL","Exc L5 ET",0.0169179554680606,6.63873296256359,0.293366060903754,0.588952478411258,0.999723251605349,1,"arteriol_scler"
"4382","RPS6KA6","Exc L5 ET",0.025968565789953,5.97128854687451,0.397066399092225,0.529659226028133,0.999723251605349,1,"arteriol_scler"
"4383","HDX","Exc L5 ET",0.0755242026733159,5.94864370330909,2.96503927013725,0.0873424074801839,0.999723251605349,1,"arteriol_scler"
"4384","APOOL","Exc L5 ET",0.00948285430733617,5.3549100989146,0.0537381235791976,0.930936079090687,0.999723251605349,1,"arteriol_scler"
"4385","SATL1","Exc L5 ET",0.0875151827556236,4.2394701107069,1.71967475326363,0.191931451581601,0.999723251605349,1,"arteriol_scler"
"4386","ZNF711","Exc L5 ET",0.00257079347082397,4.1121470327767,0.00204624396632871,0.963985614239093,0.999723251605349,1,"arteriol_scler"
"4387","CHM","Exc L5 ET",0.00412724769160885,6.63711833910755,0.0185405960285572,0.891891898652299,0.999723251605349,1,"arteriol_scler"
"4388","DACH2","Exc L5 ET",0.120722058761157,4.21463716719182,2.05195179381451,0.154292098555294,0.999723251605349,1,"arteriol_scler"
"4389","KLHL4","Exc L5 ET",0.179886116001416,4.25379414980604,4.10119698069462,0.0447981030119611,0.999723251605349,1,"arteriol_scler"
"4390","PCDH11X","Exc L5 ET",0.0349507108040859,4.38070687026959,0.0932988078609144,0.760488796617167,0.999723251605349,1,"arteriol_scler"
"4391","NAP1L3","Exc L5 ET",0.0343672473333465,5.3452717502327,0.217743608117456,0.641506774126324,0.999723251605349,1,"arteriol_scler"
"4392","FAM133A","Exc L5 ET",0.00138287843275388,3.97873111567606,0.000470499812221455,0.982726040254799,0.999723251605349,1,"arteriol_scler"
"4393","DIAPH2","Exc L5 ET",-0.0044560092908022,8.74679991817795,0.0146121726344057,0.9039627842223,0.999723251605349,1,"arteriol_scler"
"4394","DIAPH2-AS1","Exc L5 ET",-0.121672403217232,4.70068521662842,1.60122243190087,0.207880889939701,0.999723251605349,1,"arteriol_scler"
"4395","PCDH19","Exc L5 ET",0.00022901394758083,6.57636772188514,3.90626973326172e-05,0.995022345533964,0.999723251605349,1,"arteriol_scler"
"4396","CSTF2","Exc L5 ET",-0.05097075801595,3.9010586400678,0.471912453988183,0.493271432510574,0.999723251605349,1,"arteriol_scler"
"4397","TRMT2B","Exc L5 ET",-0.0113249556223515,4.33683052785783,0.0338174241879116,0.854367991527852,0.999723251605349,1,"arteriol_scler"
"4398","TMEM35A","Exc L5 ET",-0.025508249681301,4.95395967381477,0.147831234667737,0.701213564476544,0.999723251605349,1,"arteriol_scler"
"4399","DRP2","Exc L5 ET",-0.0533507308420326,5.40547055143934,1.54144003980271,0.216527917854021,0.999723251605349,1,"arteriol_scler"
"4400","HNRNPH2","Exc L5 ET",0.0250663482002793,4.38528360659941,0.0933353535910377,0.760443343061984,0.999723251605349,1,"arteriol_scler"
"4401","ARMCX4","Exc L5 ET",-0.00479960389065782,6.04983190475001,0.0211908639546917,0.884474455814306,0.999723251605349,1,"arteriol_scler"
"4402","ARMCX1","Exc L5 ET",-0.0196816322384431,3.88732033212487,0.0728674348309157,0.960341949285884,0.999723251605349,1,"arteriol_scler"
"4403","ARMCX3","Exc L5 ET",0.00172015431055592,5.86939931234145,0.000851089332008318,0.976768780801855,0.999723251605349,1,"arteriol_scler"
"4404","ARMCX2","Exc L5 ET",0.000368862348327788,4.10169198187432,4.43407794170748e-06,0.998322943022774,0.999723251605349,1,"arteriol_scler"
"4405","ZMAT1","Exc L5 ET",0.00679740991627559,5.33928293003455,0.0190521092979479,0.890420143215698,0.999723251605349,1,"arteriol_scler"
"4406","TCEAL2","Exc L5 ET",-0.0105604509686401,5.78752101459204,0.0182494237174105,0.892738924447789,0.999723251605349,1,"arteriol_scler"
"4407","TCEAL6","Exc L5 ET",0.0741068733528633,3.69970796010501,0.54387534894778,0.462094021510026,0.999723251605349,1,"arteriol_scler"
"4408","BEX5","Exc L5 ET",-0.0505178400776438,5.09450368169646,0.303269952876978,0.582737785537566,0.999723251605349,1,"arteriol_scler"
"4409","ARMCX5","Exc L5 ET",-0.0297262835168143,3.99220317575454,0.173528305891724,0.677647751219422,0.999723251605349,1,"arteriol_scler"
"4410","GPRASP1","Exc L5 ET",0.0281655773305786,6.32089028226854,0.396310088304383,0.530050921325451,0.999723251605349,1,"arteriol_scler"
"4411","GPRASP2","Exc L5 ET",-0.00295883790231043,5.2189612996903,0.00241119603323541,0.960908083227438,0.999723251605349,1,"arteriol_scler"
"4412","BHLHB9","Exc L5 ET",0.00480362139653889,5.42178691564578,0.0122297105867615,0.912105107521131,0.999723251605349,1,"arteriol_scler"
"4413","LINC00630","Exc L5 ET",0.0384074562474095,5.46416552215508,0.50836762489342,0.477060704661158,0.999723251605349,1,"arteriol_scler"
"4414","BEX1","Exc L5 ET",0.00147892539059699,6.98208897586007,0.000290779825541848,0.986419760951365,0.999723251605349,1,"arteriol_scler"
"4415","BEX4","Exc L5 ET",-0.0245416148190836,6.45694078898275,0.0908697271539819,0.763532067017014,0.999723251605349,1,"arteriol_scler"
"4416","TCEAL8","Exc L5 ET",-0.0937890044306154,4.13747048029557,0.825477421499095,0.365181223533437,0.999723251605349,1,"arteriol_scler"
"4417","TCEAL5","Exc L5 ET",0.0669667712785601,4.4296210276257,0.91858609467181,0.339537134825389,0.999723251605349,1,"arteriol_scler"
"4418","BEX2","Exc L5 ET",-0.0983033244097362,6.48988239987745,1.69161403052115,0.195574842865384,0.999723251605349,1,"arteriol_scler"
"4419","TCEAL7","Exc L5 ET",-0.0202750568917646,5.01691327338152,0.0465576396522636,0.829486679485786,0.999723251605349,1,"arteriol_scler"
"4420","TCEAL9","Exc L5 ET",-0.0270248933854758,4.07589081801971,0.0802023833054664,0.777451398699906,0.999723251605349,1,"arteriol_scler"
"4421","BEX3","Exc L5 ET",-0.0481349502088936,7.45607924881929,0.329267989345374,0.567032566207482,0.999723251605349,1,"arteriol_scler"
"4422","TCEAL4","Exc L5 ET",-0.00308387638721691,5.2494751801137,0.00222090613782788,0.962481136261705,0.999723251605349,1,"arteriol_scler"
"4423","TCEAL3","Exc L5 ET",0.0374670114013912,4.58534532149454,0.204418484616134,0.651893784957799,0.999723251605349,1,"arteriol_scler"
"4424","TCEAL1","Exc L5 ET",-0.0749456863427597,4.86661218025144,1.22122224062928,0.271060535682948,0.999723251605349,1,"arteriol_scler"
"4425","MORF4L2","Exc L5 ET",0.0198066375361336,7.05391861826069,0.282803655024628,0.595731914685434,0.999723251605349,1,"arteriol_scler"
"4426","PLP1","Exc L5 ET",0.0922966094684743,4.36120683556692,0.816343033451564,0.367839660271926,0.999723251605349,1,"arteriol_scler"
"4427","RAB9B","Exc L5 ET",0.0443318410061489,5.14261517985076,1.13803150630182,0.287947530352928,0.999723251605349,1,"arteriol_scler"
"4428","SLC25A53","Exc L5 ET",-0.0384613176241279,4.96072404558109,0.528392029280296,0.468525617998198,0.999723251605349,1,"arteriol_scler"
"4429","FAM199X","Exc L5 ET",0.0395554759106212,5.25416971659879,0.653728330439228,0.420186577438594,0.999723251605349,1,"arteriol_scler"
"4430","IL1RAPL2","Exc L5 ET",-0.209246713536419,3.77624573356528,2.36625039877306,0.126294133489317,0.999723251605349,1,"arteriol_scler"
"4431","MUM1L1","Exc L5 ET",-0.0442247956902345,4.06188524971444,0.190167943885208,0.663464206398886,0.999723251605349,1,"arteriol_scler"
"4432","RNF128","Exc L5 ET",-0.0420129815210782,5.02335343466314,0.829358758529461,0.364059731652667,0.999723251605349,1,"arteriol_scler"
"4433","MORC4","Exc L5 ET",-0.0958317670545901,4.42323104180933,2.08808117823195,0.150738951511733,0.999723251605349,1,"arteriol_scler"
"4434","RBM41","Exc L5 ET",0.0282638436969148,5.49770883157246,0.342263239924207,0.559489373558213,0.999723251605349,1,"arteriol_scler"
"4435","FRMPD3","Exc L5 ET",0.0572124617621922,4.50388765457148,0.939670099909812,0.33407327110752,0.999723251605349,1,"arteriol_scler"
"4436","PRPS1","Exc L5 ET",-0.00303247088993938,4.17263995328466,0.00123938515829324,0.971967665446401,0.999723251605349,1,"arteriol_scler"
"4437","TSC22D3","Exc L5 ET",0.00779805985590643,5.28052376395548,0.0117128088474669,0.913975193831624,0.999723251605349,1,"arteriol_scler"
"4438","MID2","Exc L5 ET",0.0204699471726887,4.65637993621362,0.105984344297496,0.745260416876391,0.999723251605349,1,"arteriol_scler"
"4439","ACSL4","Exc L5 ET",-0.00566917108879288,6.48014830592321,0.0235983427071749,0.878137676347414,0.999723251605349,1,"arteriol_scler"
"4440","TMEM164","Exc L5 ET",-0.0577457738874784,4.71807365654782,1.13292191419909,0.289027897466829,0.999723251605349,1,"arteriol_scler"
"4441","AMMECR1","Exc L5 ET",-0.0395442042302571,6.64081168670558,1.03136666095616,0.311630498841988,0.999723251605349,1,"arteriol_scler"
"4442","PAK3","Exc L5 ET",0.021305844462714,9.30481932330786,1.09681723316063,0.296812323905475,0.999723251605349,1,"arteriol_scler"
"4443","DCX","Exc L5 ET",0.0379867970088394,6.99417865773565,1.00008821966458,0.319054622372506,0.999723251605349,1,"arteriol_scler"
"4444","ALG13","Exc L5 ET",0.0304459136180432,6.03834223800157,0.73765884323419,0.391914156783825,0.999723251605349,1,"arteriol_scler"
"4445","TRPC5","Exc L5 ET",-0.206700908106877,4.07729982722464,2.53623610525969,0.113567552954605,0.999723251605349,1,"arteriol_scler"
"4446","LRCH2","Exc L5 ET",0.103007229908925,4.46895944079908,3.14647536719158,0.0783157465790679,0.999723251605349,1,"arteriol_scler"
"4447","PLS3","Exc L5 ET",-0.000851368358873089,4.28403363283061,0.00016610925019467,0.989735654135159,0.999723251605349,1,"arteriol_scler"
"4448","DANT2","Exc L5 ET",0.00478020906781732,8.9439349195784,0.0355229762122991,0.850783279241177,0.999723251605349,1,"arteriol_scler"
"4449","KLHL13","Exc L5 ET",-0.13110986732487,4.04893850378432,2.43413395820052,0.121029668049712,0.999723251605349,1,"arteriol_scler"
"4450","WDR44","Exc L5 ET",0.0462077454728568,5.858741008158,1.38457583921844,0.241366444270201,0.999723251605349,1,"arteriol_scler"
"4451","PGRMC1","Exc L5 ET",-0.0847615380347946,5.16236302795766,0.885532274546464,0.348349471393614,0.999723251605349,1,"arteriol_scler"
"4452","SLC25A43","Exc L5 ET",0.042457591620954,3.99915066966145,0.259490780707346,0.611290867103598,0.999723251605349,1,"arteriol_scler"
"4453","SLC25A5","Exc L5 ET",0.0291619157377298,5.16956490021446,0.0817190526959239,0.775413551556503,0.999723251605349,1,"arteriol_scler"
"4454","CXorf56","Exc L5 ET",-0.0597691600576434,4.00307245921374,0.672476725056473,0.413615833764812,0.999723251605349,1,"arteriol_scler"
"4455","NKRF","Exc L5 ET",-0.106158932156222,4.85173800920046,4.08010347576817,0.0453435117103327,0.999723251605349,1,"arteriol_scler"
"4456","SEPT6","Exc L5 ET",0.0071503882311554,6.02631271133672,0.0408557798663754,0.95465235920647,0.999723251605349,1,"arteriol_scler"
"4457","UPF3B","Exc L5 ET",0.00694835714080778,5.55551044239954,0.0310967815559556,0.860285406114423,0.999723251605349,1,"arteriol_scler"
"4458","NDUFA1","Exc L5 ET",0.0113748235225992,4.5246145514161,0.011882130617868,0.913358091389046,0.999723251605349,1,"arteriol_scler"
"4459","NKAP","Exc L5 ET",0.0337074932637769,4.27968658963576,0.284791834376058,0.594443497988311,0.999723251605349,1,"arteriol_scler"
"4460","RHOXF1-AS1","Exc L5 ET",0.0455942133182592,4.40678359354228,0.463638027124546,0.497079438803511,0.999723251605349,1,"arteriol_scler"
"4461","LAMP2","Exc L5 ET",0.0581830073811475,4.87437943810715,1.1192846161299,0.291936944107987,0.999723251605349,1,"arteriol_scler"
"4462","CUL4B","Exc L5 ET",0.12153636499871,4.48759256818953,3.90791531098465,0.0500697792819491,0.999723251605349,1,"arteriol_scler"
"4463","MCTS1","Exc L5 ET",-0.0443078158243169,5.04081501930415,0.933703172927273,0.335607477124282,0.999723251605349,1,"arteriol_scler"
"4464","GRIA3","Exc L5 ET",0.00970012466152899,9.69341864620672,0.180318238034433,0.671766932301916,0.999723251605349,1,"arteriol_scler"
"4465","THOC2","Exc L5 ET",0.007495976171581,6.35085950107346,0.0681111675294428,0.986683154702524,0.999723251605349,1,"arteriol_scler"
"4466","XIAP","Exc L5 ET",-0.0337988831194771,5.4683466205353,0.662271991165278,0.417173093870589,0.999723251605349,1,"arteriol_scler"
"4467","STAG2","Exc L5 ET",-0.0645158650015092,5.75011403470097,3.23236592291919,0.0744015676146757,0.999723251605349,1,"arteriol_scler"
"4468","TENM1","Exc L5 ET",-0.057089039395059,6.36493006205592,0.968840365876335,0.326707039743414,0.999723251605349,1,"arteriol_scler"
"4469","AL442647.1","Exc L5 ET",0.0699512880292957,4.96285292208249,1.15299157599129,0.284813986274098,0.999723251605349,1,"arteriol_scler"
"4470","SMARCA1","Exc L5 ET",-0.077437335943535,5.37650199995531,3.92508980447427,0.0495755684492952,0.999723251605349,1,"arteriol_scler"
"4471","OCRL","Exc L5 ET",-0.0362165861775697,5.25421831312493,0.702334375658126,0.403462134452448,0.999723251605349,1,"arteriol_scler"
"4472","ZDHHC9","Exc L5 ET",0.0691936184645131,4.26387610469644,1.59798972373839,0.208337785924852,0.999723251605349,1,"arteriol_scler"
"4473","UTP14A","Exc L5 ET",0.0680117221546433,3.97991941390208,0.87920055305615,0.388056621867388,0.999723251605349,1,"arteriol_scler"
"4474","AIFM1","Exc L5 ET",-0.0268005135184652,4.35413359065212,0.260682309952543,0.610474610485868,0.999723251605349,1,"arteriol_scler"
"4475","RBMX2","Exc L5 ET",-0.0737952970249801,4.24040561990172,1.36251149873558,0.245133065699001,0.999723251605349,1,"arteriol_scler"
"4476","ENOX2","Exc L5 ET",0.0611888435658214,4.90134894795928,0.889484229989935,0.347279576368673,0.999723251605349,1,"arteriol_scler"
"4477","RAP2C-AS1","Exc L5 ET",-0.0895615166703532,4.40294176151924,1.03606350065964,0.310535375019967,0.999723251605349,1,"arteriol_scler"
"4478","HS6ST2","Exc L5 ET",-0.0173654447874551,6.16727636353116,0.138874227406316,0.709979436736934,0.999723251605349,1,"arteriol_scler"
"4479","GPC4","Exc L5 ET",-0.0724639467054994,4.26420174460158,0.932293354517852,0.335971352929658,0.999723251605349,1,"arteriol_scler"
"4480","PHF6","Exc L5 ET",0.00947026955134164,4.95008062981129,0.0339320012919877,0.854124284515729,0.999723251605349,1,"arteriol_scler"
"4481","HPRT1","Exc L5 ET",-0.00894972795461343,6.81815793304896,0.0616229973007414,0.804321089524987,0.999723251605349,1,"arteriol_scler"
"4482","FAM122B","Exc L5 ET",0.11084542322811,4.1320327943531,2.88763757117748,0.0915343733522152,0.999723251605349,1,"arteriol_scler"
"4483","MOSPD1","Exc L5 ET",0.00952681324365137,4.03915027417332,0.0218469585501812,0.882712564793541,0.999723251605349,1,"arteriol_scler"
"4484","RTL8C","Exc L5 ET",-0.00300555565978081,5.85455154019583,0.00167636374706098,0.967400690749086,0.999723251605349,1,"arteriol_scler"
"4485","RTL8A","Exc L5 ET",-0.0314167505654761,4.15506726014078,0.13533533529074,0.71353160002491,0.999723251605349,1,"arteriol_scler"
"4486","SMIM10L2B","Exc L5 ET",0.0253318334213377,4.22228953223694,0.114531558263798,0.735561648585337,0.999723251605349,1,"arteriol_scler"
"4487","ZNF75D","Exc L5 ET",-0.0994380639083789,4.66624746692356,3.37726257403474,0.0682711057976458,0.999723251605349,1,"arteriol_scler"
"4488","ZNF449","Exc L5 ET",0.0394366592570867,4.18601133309688,0.258538379520015,0.611945010082971,0.999723251605349,1,"arteriol_scler"
"4489","SMIM10L2A","Exc L5 ET",-0.0142815718244771,4.09481153386488,0.0295804529034569,0.863699780829852,0.999723251605349,1,"arteriol_scler"
"4490","INTS6L","Exc L5 ET",0.0507397811438706,4.97184757744009,0.652967888018014,0.4204563768257,0.999723251605349,1,"arteriol_scler"
"4491","SLC9A6","Exc L5 ET",0.0232028820094548,6.07327319615515,0.227470470119312,0.634166745322877,0.999723251605349,1,"arteriol_scler"
"4492","FHL1","Exc L5 ET",0.0132103557513832,5.64001328142593,0.074946906313605,0.784678613767491,0.999723251605349,1,"arteriol_scler"
"4493","HTATSF1","Exc L5 ET",0.0215800216107146,4.23564460570648,0.0793330842962139,0.778628817263959,0.999723251605349,1,"arteriol_scler"
"4494","ARHGEF6","Exc L5 ET",0.000666510494257637,5.12788526196241,0.000133463716032586,0.990799353283488,0.999723251605349,1,"arteriol_scler"
"4495","AL683813.1","Exc L5 ET",-0.0334852228064032,4.79862445118437,0.314790836683734,0.575672890535794,0.999723251605349,1,"arteriol_scler"
"4496","RBMX","Exc L5 ET",-0.00648900139482967,5.76933158167047,0.0281319301063595,0.867046706096586,0.999723251605349,1,"arteriol_scler"
"4497","FGF13","Exc L5 ET",-0.0136277999956871,5.59946844314429,0.121937407056084,0.727479511518174,0.999723251605349,1,"arteriol_scler"
"4498","MCF2","Exc L5 ET",-0.00356992486613741,4.8009822457765,0.0040664364838182,0.949247543224095,0.999723251605349,1,"arteriol_scler"
"4499","LINC00632","Exc L5 ET",0.016512568346392,9.25736890863618,0.313150314153325,0.576668427018463,0.999723251605349,1,"arteriol_scler"
"4500","AL078639.1","Exc L5 ET",0.151663534006256,4.15687670937378,2.10316818831027,0.149282970999831,0.999723251605349,1,"arteriol_scler"
"4501","LDOC1","Exc L5 ET",0.0411519825368365,4.44486642751449,0.196012758794804,0.658657855922095,0.999723251605349,1,"arteriol_scler"
"4502","SPANXA2-OT1","Exc L5 ET",0.00722229741074301,4.02115876737426,0.00903748776559252,0.924401736962661,0.999723251605349,1,"arteriol_scler"
"4503","SLITRK4","Exc L5 ET",-0.0141172574756239,6.50039801076714,0.114914675565842,0.735136501148214,0.999723251605349,1,"arteriol_scler"
"4504","SLITRK2","Exc L5 ET",-0.011004736340894,4.11438415137834,0.0287363186307926,0.865639686520685,0.999723251605349,1,"arteriol_scler"
"4505","FMR1","Exc L5 ET",-0.0166495907195656,5.13027455029536,0.151299683439859,0.697901132587077,0.999723251605349,1,"arteriol_scler"
"4506","AFF2","Exc L5 ET",0.0225672434284666,5.70144102917986,0.193573657071427,0.660653045879539,0.999723251605349,1,"arteriol_scler"
"4507","IDS","Exc L5 ET",0.042725516330772,7.86562426283889,0.841711339105601,0.360522262186855,0.999723251605349,1,"arteriol_scler"
"4508","TMEM185A","Exc L5 ET",0.0212944239732614,4.53204982555739,0.171066957756178,0.679812907662416,0.999723251605349,1,"arteriol_scler"
"4509","LINC00894","Exc L5 ET",-0.0112868267637553,7.53309990735197,0.077172865967217,0.781585215156479,0.999723251605349,1,"arteriol_scler"
"4510","MAMLD1","Exc L5 ET",0.0520742579480373,5.71487083550732,1.35457985993485,0.246504731950754,0.999723251605349,1,"arteriol_scler"
"4511","MTM1","Exc L5 ET",0.000950999619311578,6.20487704088623,0.000754648898155521,0.978124200656105,0.999723251605349,1,"arteriol_scler"
"4512","MTMR1","Exc L5 ET",0.0133415174239431,6.61147109384801,0.118914363397401,0.730744491825837,0.999723251605349,1,"arteriol_scler"
"4513","CD99L2","Exc L5 ET",-0.0338994938908401,7.22573641664278,0.963384627204752,0.32806810084246,0.999723251605349,1,"arteriol_scler"
"4514","VMA21","Exc L5 ET",0.00664532556820949,4.59436422696044,0.00961427102238773,0.922034200539171,0.999723251605349,1,"arteriol_scler"
"4515","PRRG3","Exc L5 ET",-0.0347730628495485,4.81888475196466,0.514462949423656,0.474436041017146,0.999723251605349,1,"arteriol_scler"
"4516","GABRA3","Exc L5 ET",0.068398864193379,6.82610554169609,5.00373832683467,0.026910649736942,0.999723251605349,1,"arteriol_scler"
"4517","GABRQ","Exc L5 ET",0.0423793969083072,4.27273981368389,0.0936294419913069,0.760077926047385,0.999723251605349,1,"arteriol_scler"
"4518","CETN2","Exc L5 ET",-0.0233599113325011,4.01888732202726,0.0733115378478968,0.78698288770263,0.999723251605349,1,"arteriol_scler"
"4519","PNMA3","Exc L5 ET",-0.00417128456170869,6.16538789636441,0.0082306867976224,0.927845279537135,0.999723251605349,1,"arteriol_scler"
"4520","PNMA6A","Exc L5 ET",0.0347920726605455,4.59110008102019,0.17311971611638,0.678005919206128,0.999723251605349,1,"arteriol_scler"
"4521","ATP2B3","Exc L5 ET",0.0160337604706185,6.09194180433474,0.150215831120364,0.698931494469606,0.999723251605349,1,"arteriol_scler"
"4522","PNCK","Exc L5 ET",-0.0787944078876608,5.2742041594517,1.69819771118686,0.194712745236827,0.999723251605349,1,"arteriol_scler"
"4523","SLC6A8","Exc L5 ET",0.0659075508172405,4.46875316649427,1.28327542048367,0.25927226902392,0.999723251605349,1,"arteriol_scler"
"4524","BCAP31","Exc L5 ET",-0.0122104116230569,4.92961355470368,0.0265130393455989,0.870893923333555,0.999723251605349,1,"arteriol_scler"
"4525","IDH3G","Exc L5 ET",-0.0170107564378597,4.27052272594898,0.0506243484096934,0.822316115237279,0.999723251605349,1,"arteriol_scler"
"4526","PDZD4","Exc L5 ET",-0.0331947956446149,4.60257151992987,0.283422781977452,0.595330074301236,0.999723251605349,1,"arteriol_scler"
"4527","L1CAM","Exc L5 ET",0.0393690212140325,5.31565693273463,0.528022985193156,0.468680670135847,0.999723251605349,1,"arteriol_scler"
"4528","HCFC1","Exc L5 ET",-0.0845458236540778,4.02206823931616,1.70192924808357,0.19422611296616,0.999723251605349,1,"arteriol_scler"
"4529","MECP2","Exc L5 ET",0.0329517824146563,5.88535906542684,0.823288139636628,0.365815931701708,0.999723251605349,1,"arteriol_scler"
"4530","FLNA","Exc L5 ET",-0.0335423987339787,4.38033445384712,0.278409932976288,0.598599976514274,0.999723251605349,1,"arteriol_scler"
"4531","EMD","Exc L5 ET",0.026448104169312,3.92034975292394,0.101644117449695,0.750351694730814,0.999723251605349,1,"arteriol_scler"
"4532","RPL10","Exc L5 ET",-0.00706159606129272,5.55477670783886,0.0062355126776669,0.937175633342152,0.999723251605349,1,"arteriol_scler"
"4533","TAZ","Exc L5 ET",-0.0568420184665911,5.6787077243378,1.53907710880757,0.216878464313949,0.999723251605349,1,"arteriol_scler"
"4534","ATP6AP1","Exc L5 ET",0.0710299398836137,5.5982840715238,1.01547970390478,0.315372565240432,0.999723251605349,1,"arteriol_scler"
"4535","GDI1","Exc L5 ET",0.0110126769657135,6.73044787812398,0.0325385149496092,0.857117756957391,0.999723251605349,1,"arteriol_scler"
"4536","FAM50A","Exc L5 ET",0.0545396073546266,4.28741476715137,0.694384232927324,0.406129534456401,0.999723251605349,1,"arteriol_scler"
"4537","LAGE3","Exc L5 ET",0.00400176557955025,4.7153442869886,0.00153891879946222,0.968764954756948,0.999723251605349,1,"arteriol_scler"
"4538","UBL4A","Exc L5 ET",0.0244004923297558,4.40362667559189,0.0761761083844431,0.782964380568494,0.999723251605349,1,"arteriol_scler"
"4539","FAM3A","Exc L5 ET",0.0085120665314068,4.1833577393492,0.0145220792043931,0.9042578623577,0.999723251605349,1,"arteriol_scler"
"4540","MPP1","Exc L5 ET",0.0189852330059683,5.25890341536485,0.144735109364642,0.704208341403474,0.999723251605349,1,"arteriol_scler"
"4541","FUNDC2","Exc L5 ET",-0.0165611101122641,3.87654701058418,0.038815357428359,0.844107293709174,0.999723251605349,1,"arteriol_scler"
"4542","BRCC3","Exc L5 ET",0.00863120481716667,5.25799213825102,0.0434938481181803,0.835108319062675,0.999723251605349,1,"arteriol_scler"
"4543","VBP1","Exc L5 ET",-0.0837159733195234,4.54293884083733,1.10249392315228,0.295570634205939,0.999723251605349,1,"arteriol_scler"
"4544","RAB39B","Exc L5 ET",0.0158787451566642,3.96120621748829,0.0434164337269545,0.835253000902976,0.999723251605349,1,"arteriol_scler"
"4545","TMLHE","Exc L5 ET",0.0343378084900661,4.83347699082582,0.414072407132774,0.520986867986706,0.999723251605349,1,"arteriol_scler"
"4546","VAMP7","Exc L5 ET",0.0239425411825688,4.3485297589422,0.149820062417431,0.699308797520336,0.999723251605349,1,"arteriol_scler"
"4547","ZNF596","Exc L5 ET",-0.0165972630432361,4.09486673202313,0.0705045838004258,0.991452978548306,0.999723251605349,1,"arteriol_scler"
"4548","FBXO25","Exc L5 ET",-0.00812543711097502,5.26194591130462,0.0440396203284388,0.834092102555591,0.999723251605349,1,"arteriol_scler"
"4549","TDRP","Exc L5 ET",-0.0150654650566129,5.6053775191291,0.160815884726281,0.689032067993318,0.999723251605349,1,"arteriol_scler"
"4550","ERICH1","Exc L5 ET",0.0176442314992742,6.32442438180481,0.286714067139249,0.593203305707441,0.999723251605349,1,"arteriol_scler"
"4551","DLGAP2","Exc L5 ET",-0.00444480099101688,10.7492764010075,0.0216975536194188,0.883111376945862,0.999723251605349,1,"arteriol_scler"
"4552","KBTBD11","Exc L5 ET",0.0131180408351911,5.1978294192398,0.060735864408502,0.80570601488579,0.999723251605349,1,"arteriol_scler"
"4553","MYOM2","Exc L5 ET",-0.0700207797039868,5.43179609946841,1.15688251175124,0.2840061421435,0.999723251605349,1,"arteriol_scler"
"4554","CSMD1","Exc L5 ET",0.0262604371578361,12.1978937860185,0.701508741738871,0.403737949438212,0.999723251605349,1,"arteriol_scler"
"4555","MCPH1","Exc L5 ET",0.0201371694943805,7.2563285561617,0.386417224633578,0.535223143408911,0.999723251605349,1,"arteriol_scler"
"4556","ANGPT2","Exc L5 ET",-0.211561277530873,4.33649178969381,4.392672135402,0.0379358151138523,0.999723251605349,1,"arteriol_scler"
"4557","MCPH1-AS1","Exc L5 ET",-0.110624302291965,5.28323392168157,6.68836258756773,0.0107493509938793,0.999723251605349,1,"arteriol_scler"
"4558","AGPAT5","Exc L5 ET",-0.0264360532425837,5.74258090798977,0.508079952871119,0.477185163731404,0.999723251605349,1,"arteriol_scler"
"4559","FAM66B","Exc L5 ET",-0.0649470137284355,4.40196551594192,0.961757628748613,0.328475459604367,0.999723251605349,1,"arteriol_scler"
"4560","FAM85B","Exc L5 ET",0.00396090295293299,7.2027457697345,0.0070554555888876,0.933181789720662,0.999723251605349,1,"arteriol_scler"
"4561","MFHAS1","Exc L5 ET",-0.0338377807771094,6.12686592563046,1.07817279854321,0.300938315714505,0.999723251605349,1,"arteriol_scler"
"4562","ERI1","Exc L5 ET",-0.0222761307693249,4.3714494127746,0.123825989228386,0.725462790330654,0.999723251605349,1,"arteriol_scler"
"4563","TNKS","Exc L5 ET",0.0163369962663098,7.91114255995875,0.3477646559031,0.556353882253325,0.999723251605349,1,"arteriol_scler"
"4564","LINC00599","Exc L5 ET",-0.0714144634962842,7.65189581550481,4.33250878209576,0.0392548357847036,0.999723251605349,1,"arteriol_scler"
"4565","MSRA","Exc L5 ET",0.0394950778425071,9.75761509040997,1.78753363489082,0.183445782708002,0.999723251605349,1,"arteriol_scler"
"4566","AC104964.1","Exc L5 ET",0.00967416350936614,5.78234218416096,0.0506316095750992,0.82230358799475,0.999723251605349,1,"arteriol_scler"
"4567","PRSS51","Exc L5 ET",-0.021086304800274,4.1962564896549,0.0482253653598145,0.826507862188571,0.999723251605349,1,"arteriol_scler"
"4568","PRSS55","Exc L5 ET",0.0901329012771246,3.99663375033445,0.579702849907455,0.447739218725878,0.999723251605349,1,"arteriol_scler"
"4569","PINX1","Exc L5 ET",0.0111460890998791,4.38775789314159,0.0275640152558737,0.868383049205585,0.999723251605349,1,"arteriol_scler"
"4570","XKR6","Exc L5 ET",-0.00277824520887214,9.17078982131685,0.0084016817906936,0.927101704818815,0.999723251605349,1,"arteriol_scler"
"4571","MTMR9","Exc L5 ET",0.0206467600312807,5.67269068102115,0.264984254418251,0.607547022650616,0.999723251605349,1,"arteriol_scler"
"4572","FDFT1","Exc L5 ET",0.0495716094054161,5.3179918160669,0.689208285821818,0.407880106865523,0.999723251605349,1,"arteriol_scler"
"4573","CTSB","Exc L5 ET",0.0505456275817417,5.99581229886195,0.919641293564122,0.339260824752438,0.999723251605349,1,"arteriol_scler"
"4574","FAM66D","Exc L5 ET",-0.017102709124863,7.10437873491281,0.114833255489224,0.735226787237934,0.999723251605349,1,"arteriol_scler"
"4575","FAM66A","Exc L5 ET",-0.00830779167017769,4.50530310323642,0.0068279315009251,0.934265485666443,0.999723251605349,1,"arteriol_scler"
"4576","LONRF1","Exc L5 ET",-0.0236257610606018,6.16222992969587,0.327511454722498,0.568067314794232,0.999723251605349,1,"arteriol_scler"
"4577","TRMT9B","Exc L5 ET",-0.0554903667313864,8.0119086897064,3.68975329744167,0.0568279199481786,0.999723251605349,1,"arteriol_scler"
"4578","DLC1","Exc L5 ET",-0.00547467402534229,8.30285342601618,0.0288940330918918,0.865275037064187,0.999723251605349,1,"arteriol_scler"
"4579","SGCZ","Exc L5 ET",-0.0708579045584739,8.35559535744644,0.81479084360783,0.368294092006403,0.999723251605349,1,"arteriol_scler"
"4580","TUSC3","Exc L5 ET",0.00943592574217836,7.17777669287486,0.118719110465576,0.730956961643825,0.999723251605349,1,"arteriol_scler"
"4581","MICU3","Exc L5 ET",-0.0159376579418664,7.59811356015453,0.52872809383819,0.468384494117087,0.999723251605349,1,"arteriol_scler"
"4582","ZDHHC2","Exc L5 ET",0.0181819782845426,5.86678257166312,0.186403263049006,0.666606784200056,0.999723251605349,1,"arteriol_scler"
"4583","CNOT7","Exc L5 ET",0.0211834812827394,5.50719810820876,0.199896322646216,0.65551154230135,0.999723251605349,1,"arteriol_scler"
"4584","VPS37A","Exc L5 ET",0.00464985102085705,5.33909033897784,0.0138061683913703,0.906636441137389,0.999723251605349,1,"arteriol_scler"
"4585","MTMR7","Exc L5 ET",-0.0226551526606911,7.11735627722897,0.593897832072761,0.442244579440718,0.999723251605349,1,"arteriol_scler"
"4586","MTUS1","Exc L5 ET",0.0543161507847222,5.29950667992243,1.46644021272063,0.246028829132543,0.999723251605349,1,"arteriol_scler"
"4587","PCM1","Exc L5 ET",0.0225129029925557,8.04477518156407,1.0969573434477,0.296781595842306,0.999723251605349,1,"arteriol_scler"
"4588","ASAH1","Exc L5 ET",-0.08303615457859,6.64272145919071,4.27050366316453,0.0406652997823666,0.999723251605349,1,"arteriol_scler"
"4589","PSD3","Exc L5 ET",0.016443675088138,9.35978324576828,0.571093438461642,0.451123876901172,0.999723251605349,1,"arteriol_scler"
"4590","CSGALNACT1","Exc L5 ET",0.0377851117565494,7.41509648224044,0.60267268379749,0.43890011724975,0.999723251605349,1,"arteriol_scler"
"4591","INTS10","Exc L5 ET",0.012197769790257,6.83434871156212,0.190781467478149,0.662955584730048,0.999723251605349,1,"arteriol_scler"
"4592","ATP6V1B2","Exc L5 ET",-0.00157841998161764,6.66182967024372,0.000735273515780831,0.978406783749288,0.999723251605349,1,"arteriol_scler"
"4593","LZTS1","Exc L5 ET",0.00960774546972491,4.82696160946007,0.0241144411232947,0.876822950123104,0.999723251605349,1,"arteriol_scler"
"4594","GFRA2","Exc L5 ET",-0.0230610082888678,5.58925096289922,0.214165510556158,0.644257151866428,0.999723251605349,1,"arteriol_scler"
"4595","XPO7","Exc L5 ET",-0.0271284572467982,6.17813409299512,0.678196369008916,0.697893639964256,0.999723251605349,1,"arteriol_scler"
"4596","NPM2","Exc L5 ET",0.00343420673255894,5.49634509956704,0.00606168714700051,0.938055684549689,0.999723251605349,1,"arteriol_scler"
"4597","FGF17","Exc L5 ET",-0.0419183805962262,4.72138983645053,0.35599994233308,0.551722229150792,0.999723251605349,1,"arteriol_scler"
"4598","DMTN","Exc L5 ET",0.0708579350612177,6.67506538804944,2.76528825040373,0.0986185754887964,0.999723251605349,1,"arteriol_scler"
"4599","FAM160B2","Exc L5 ET",-0.0663521211590649,4.72331166810461,1.31856124718786,0.25285419345634,0.999723251605349,1,"arteriol_scler"
"4600","HR","Exc L5 ET",-0.0251176635556083,3.90618251239284,0.108422961647106,0.742450309204495,0.999723251605349,1,"arteriol_scler"
"4601","LGI3","Exc L5 ET",0.0583607450095369,5.86270289259562,1.15834066566172,0.283704151006788,0.999723251605349,1,"arteriol_scler"
"4602","PHYHIP","Exc L5 ET",0.0324300701495723,7.12987473036609,0.311380654780082,0.577746180254181,0.999723251605349,1,"arteriol_scler"
"4603","SLC39A14","Exc L5 ET",0.013857286741488,5.6302200900358,0.135179795189216,0.713688928462247,0.999723251605349,1,"arteriol_scler"
"4604","PPP3CC","Exc L5 ET",0.00036691008617566,6.67949018222866,0.000150746890119965,0.99022178303611,0.999723251605349,1,"arteriol_scler"
"4605","CCAR2","Exc L5 ET",0.118505714975689,4.31766170780387,3.80729796762192,0.0530730393090607,0.999723251605349,1,"arteriol_scler"
"4606","BIN3","Exc L5 ET",-0.0439257223977658,5.33650083378704,0.963728870522103,0.327981997690185,0.999723251605349,1,"arteriol_scler"
"4607","EGR3","Exc L5 ET",0.0290802076044365,4.00517293600397,0.108803679207277,0.742014767265089,0.999723251605349,1,"arteriol_scler"
"4608","PEBP4","Exc L5 ET",-0.0559280446328444,4.53564436705568,0.566674954963795,0.452876556145925,0.999723251605349,1,"arteriol_scler"
"4609","RHOBTB2","Exc L5 ET",-0.0618069695323852,6.13817887642123,2.30413608123462,0.131337396610556,0.999723251605349,1,"arteriol_scler"
"4610","CHMP7","Exc L5 ET",-0.0367190012135728,4.29695669597503,0.348883764837997,0.555720153332743,0.999723251605349,1,"arteriol_scler"
"4611","ENTPD4","Exc L5 ET",-0.0238447726735098,5.44504301052656,0.346173975442156,0.557257024590986,0.999723251605349,1,"arteriol_scler"
"4612","SLC25A37","Exc L5 ET",-0.0325206974070038,6.60249311443167,1.34599847076827,0.247999436454149,0.999723251605349,1,"arteriol_scler"
"4613","AC120193.1","Exc L5 ET",0.0558296068054433,9.44131358489425,0.825788769066652,0.365091083693996,0.999723251605349,1,"arteriol_scler"
"4614","NEFM","Exc L5 ET",0.0498320263578402,8.07575207839011,0.411709821257797,0.522176491171652,0.999723251605349,1,"arteriol_scler"
"4615","NEFL","Exc L5 ET",0.0272241798853869,7.98606823375271,0.0870645481459962,0.768389975150348,0.999723251605349,1,"arteriol_scler"
"4616","DOCK5","Exc L5 ET",0.0113963255203564,3.78478119685107,0.011666182491039,0.914145917411135,0.999723251605349,1,"arteriol_scler"
"4617","KCTD9","Exc L5 ET",0.04417610168293,4.44465980872526,0.763811350343382,0.38979303373584,0.999723251605349,1,"arteriol_scler"
"4618","PPP2R2A","Exc L5 ET",0.0225944590711523,6.59310369034942,0.610600831943629,0.723935619164385,0.999723251605349,1,"arteriol_scler"
"4619","BNIP3L","Exc L5 ET",0.0601764100100102,7.32859135790718,3.51225133568078,0.0630492357424207,0.999723251605349,1,"arteriol_scler"
"4620","PNMA2","Exc L5 ET",-0.00906228701438498,6.76604013128431,0.0295720138026909,0.863719032684967,0.999723251605349,1,"arteriol_scler"
"4621","DPYSL2","Exc L5 ET",-0.0189889560511909,8.00289608619349,0.395941809810411,0.530241842908911,0.999723251605349,1,"arteriol_scler"
"4622","ADRA1A","Exc L5 ET",0.0138082433409217,8.73162142714058,0.321373550580593,0.571712260581439,0.999723251605349,1,"arteriol_scler"
"4623","STMN4","Exc L5 ET",0.0237094365770087,6.29647191922152,0.182523575914432,0.669885045409811,0.999723251605349,1,"arteriol_scler"
"4624","TRIM35","Exc L5 ET",0.000671430092512569,4.15923939180764,0.00015031167597215,0.990235907636829,0.999723251605349,1,"arteriol_scler"
"4625","PTK2B","Exc L5 ET",-0.0199541535848307,8.14478829617932,0.539387702338789,0.463943481615604,0.999723251605349,1,"arteriol_scler"
"4626","EPHX2","Exc L5 ET",-0.0623953046526004,4.1992115811573,0.681883744842227,0.410376442810834,0.999723251605349,1,"arteriol_scler"
"4627","CLU","Exc L5 ET",0.0338542081058339,8.18212305694358,0.188403408697066,0.664932505720404,0.999723251605349,1,"arteriol_scler"
"4628","SCARA3","Exc L5 ET",0.0186637195353642,4.97827680891427,0.122886091047929,0.726464283255103,0.999723251605349,1,"arteriol_scler"
"4629","CCDC25","Exc L5 ET",-0.039790896813895,5.45676208596493,0.532164653844548,0.466945304664654,0.999723251605349,1,"arteriol_scler"
"4630","ELP3","Exc L5 ET",-0.0277324582370916,5.47103753691029,0.626658063486715,0.42995413216697,0.999723251605349,1,"arteriol_scler"
"4631","FBXO16","Exc L5 ET",-0.0224517554825377,6.68683744675159,0.48827596444974,0.485883507224477,0.999723251605349,1,"arteriol_scler"
"4632","FZD3","Exc L5 ET",-0.00582556808644522,6.93666928193703,0.0460822145890163,0.956011299283174,0.999723251605349,1,"arteriol_scler"
"4633","EXTL3","Exc L5 ET",-0.0461758671346678,4.64507966890882,0.554431957950002,0.457789518879301,0.999723251605349,1,"arteriol_scler"
"4634","INTS9","Exc L5 ET",0.0475410252460938,5.64625893453394,1.35494535170763,0.246441317702138,0.999723251605349,1,"arteriol_scler"
"4635","HMBOX1","Exc L5 ET",0.0128614752894755,6.65526944802574,0.165444462940505,0.684828208078475,0.999723251605349,1,"arteriol_scler"
"4636","KIF13B","Exc L5 ET",0.0418082854065638,5.06618283785744,0.54109647316789,0.463237863932463,0.999723251605349,1,"arteriol_scler"
"4637","SARAF","Exc L5 ET",-0.0107242595743532,7.40546445340553,0.0374680833762727,0.846802226406429,0.999723251605349,1,"arteriol_scler"
"4638","LEPROTL1","Exc L5 ET",0.000199723845851339,5.17985246246234,1.70362690511511e-05,0.996712751902823,0.999723251605349,1,"arteriol_scler"
"4639","DCTN6","Exc L5 ET",0.00776719961783134,4.34540810643842,0.00996274955233656,0.920638441277299,0.999723251605349,1,"arteriol_scler"
"4640","GTF2E2","Exc L5 ET",-0.0297632779827152,5.13931501959433,0.568731597040622,0.452059418080301,0.999723251605349,1,"arteriol_scler"
"4641","GSR","Exc L5 ET",0.0276267528190936,5.04476159126981,0.348102474349574,0.556162437592178,0.999723251605349,1,"arteriol_scler"
"4642","PPP2CB","Exc L5 ET",0.0197271192322449,6.10074495025971,0.250514373985115,0.61751732226909,0.999723251605349,1,"arteriol_scler"
"4643","TEX15","Exc L5 ET",-0.198907291464831,3.80713859239309,3.58785197580339,0.0603142471330742,0.999723251605349,1,"arteriol_scler"
"4644","PURG","Exc L5 ET",0.0123831819497553,5.82325303104696,0.085704737452901,0.770153943952528,0.999723251605349,1,"arteriol_scler"
"4645","WRN","Exc L5 ET",-0.0347996673804396,5.82979272654987,0.632605167447174,0.427779056013907,0.999723251605349,1,"arteriol_scler"
"4646","NRG1","Exc L5 ET",0.0221882970235688,11.7443724414786,0.323555508834048,0.570411277571096,0.999723251605349,1,"arteriol_scler"
"4647","FUT10","Exc L5 ET",-0.0571914033017578,4.62034369675815,0.663064137123189,0.416895330293403,0.999723251605349,1,"arteriol_scler"
"4648","TTI2","Exc L5 ET",-0.0467837768675255,4.28191064382781,0.687397120018468,0.468190218593566,0.999723251605349,1,"arteriol_scler"
"4649","DUSP26","Exc L5 ET",0.0339170884892593,4.14798158803269,0.205305657091776,0.651189712773403,0.999723251605349,1,"arteriol_scler"
"4650","UNC5D","Exc L5 ET",0.0435157394053849,5.78128693204004,0.15616192774916,0.693330455326686,0.999723251605349,1,"arteriol_scler"
"4651","LINC01605","Exc L5 ET",0.116797259227111,3.94525044157742,1.45587101575027,0.229670438900676,0.999723251605349,1,"arteriol_scler"
"4652","PLPBP","Exc L5 ET",0.0126809782112109,4.42697676890341,0.0393383495755304,0.843074275154405,0.999723251605349,1,"arteriol_scler"
"4653","ADGRA2","Exc L5 ET",0.00221100111403885,4.37750534318128,0.00104619206104558,0.974244148295824,0.999723251605349,1,"arteriol_scler"
"4654","RAB11FIP1","Exc L5 ET",-0.0666375212216344,3.86648304805251,0.582497264203768,0.44664917258456,0.999723251605349,1,"arteriol_scler"
"4655","ASH2L","Exc L5 ET",-0.0124652600075875,5.07757392405149,0.0823709446889764,0.931617988008317,0.999723251605349,1,"arteriol_scler"
"4656","LSM1","Exc L5 ET",-0.0309383614413109,4.46363799659366,0.227461205188762,0.634173644340738,0.999723251605349,1,"arteriol_scler"
"4657","BAG4","Exc L5 ET",0.00791779754568235,5.87030426311493,0.0439835051820614,0.888961959383289,0.999723251605349,1,"arteriol_scler"
"4658","DDHD2","Exc L5 ET",0.00748752698577204,6.10237588222658,0.0459593413286223,0.830568921202148,0.999723251605349,1,"arteriol_scler"
"4659","NSD3","Exc L5 ET",-0.00696968474961595,8.13051380350896,0.141319552999731,0.707554976039416,0.999723251605349,1,"arteriol_scler"
"4660","TACC1","Exc L5 ET",0.00131139582703251,6.97824435827824,0.00262967294939335,0.959176931022236,0.999723251605349,1,"arteriol_scler"
"4661","PLEKHA2","Exc L5 ET",-0.00543020118669908,5.08812434607344,0.00943704958743129,0.922753825797595,0.999723251605349,1,"arteriol_scler"
"4662","TM2D2","Exc L5 ET",-0.0414302647869491,3.85860361745426,0.216951614482089,0.642113171440305,0.999723251605349,1,"arteriol_scler"
"4663","ADAM9","Exc L5 ET",0.00847614906065373,6.02976538844961,0.0557448544735301,0.958429412212441,0.999723251605349,1,"arteriol_scler"
"4664","ADAM32","Exc L5 ET",-0.0227829236609536,5.80142513420409,0.123792997238494,0.725497871888565,0.999723251605349,1,"arteriol_scler"
"4665","TCIM","Exc L5 ET",-0.0191821153348686,4.81403003455369,0.0530645318390129,0.818158148657953,0.999723251605349,1,"arteriol_scler"
"4666","ZMAT4","Exc L5 ET",-0.000865832669064871,8.02228573817203,0.000636629713765252,0.979907058651216,0.999723251605349,1,"arteriol_scler"
"4667","GOLGA7","Exc L5 ET",0.0396300552413653,4.44270648078856,0.494429573581379,0.483152835695302,0.999723251605349,1,"arteriol_scler"
"4668","GPAT4","Exc L5 ET",0.0421007768532553,4.81960786849299,1.03177844615911,0.311534283722223,0.999723251605349,1,"arteriol_scler"
"4669","ANK1","Exc L5 ET",0.0205392105220043,3.93183433597025,0.0314153012738676,0.85957916781148,0.999723251605349,1,"arteriol_scler"
"4670","KAT6A","Exc L5 ET",0.0226471038837824,6.13249446557476,0.506235279316255,0.609032240121098,0.999723251605349,1,"arteriol_scler"
"4671","AP3M2","Exc L5 ET",0.0451301297487243,5.48825242085195,1.15923356349014,0.283519429611029,0.999723251605349,1,"arteriol_scler"
"4672","IKBKB","Exc L5 ET",0.028270620523065,5.0975013837157,0.438152922892215,0.509128694681547,0.999723251605349,1,"arteriol_scler"
"4673","POLB","Exc L5 ET",0.0184842789090808,4.3199955715315,0.125025720794331,0.944639455163443,0.999723251605349,1,"arteriol_scler"
"4674","VDAC3","Exc L5 ET",-0.0683975784986616,6.93182427627748,1.73965177139338,0.189386340324249,0.999723251605349,1,"arteriol_scler"
"4675","SLC20A2","Exc L5 ET",0.0487236316361518,6.77842406740983,1.73972287687877,0.189377352521342,0.999723251605349,1,"arteriol_scler"
"4676","SMIM19","Exc L5 ET",0.0279625773206926,4.61962714155013,0.162609198622921,0.687395056981079,0.999723251605349,1,"arteriol_scler"
"4677","RNF170","Exc L5 ET",-0.0117716169107782,5.78477539642271,0.151598967135822,0.697617368734532,0.999723251605349,1,"arteriol_scler"
"4678","HOOK3","Exc L5 ET",-0.0262938051569489,6.61603702592125,0.841707945714459,0.360523227398206,0.999723251605349,1,"arteriol_scler"
"4679","FNTA","Exc L5 ET",0.0394710785680624,3.98168973832984,0.302792639325688,0.583034245788651,0.999723251605349,1,"arteriol_scler"
"4680","HGSNAT","Exc L5 ET",0.00421496597939679,6.60739330676874,0.0067334971320201,0.934720608210439,0.999723251605349,1,"arteriol_scler"
"4681","SPIDR","Exc L5 ET",0.0051987527207587,8.05071331248928,0.031435669497593,0.85953413224775,0.999723251605349,1,"arteriol_scler"
"4682","PRKDC","Exc L5 ET",0.0157674385239554,6.62699963872489,0.375804164731927,0.650763285686836,0.999723251605349,1,"arteriol_scler"
"4683","UBE2V2","Exc L5 ET",0.0526516294249045,6.0344012612051,0.90079108303041,0.344243185359072,0.999723251605349,1,"arteriol_scler"
"4684","SNTG1","Exc L5 ET",0.0794094280738315,9.12687115818817,2.40415671827104,0.123323491885757,0.999723251605349,1,"arteriol_scler"
"4685","PXDNL","Exc L5 ET",-0.00613422127665897,5.46683860942126,0.013026899544412,0.909297750323149,0.999723251605349,1,"arteriol_scler"
"4686","PCMTD1","Exc L5 ET",-0.0263957100184276,7.49382005886234,1.53262014486527,0.21783985516863,0.999723251605349,1,"arteriol_scler"
"4687","RB1CC1","Exc L5 ET",0.0580177688112286,6.95988205173179,5.32925902787933,0.0224693159824331,0.999723251605349,1,"arteriol_scler"
"4688","ATP6V1H","Exc L5 ET",0.0273124354756855,7.65061299527642,1.31554349268497,0.253395311687582,0.999723251605349,1,"arteriol_scler"
"4689","TCEA1","Exc L5 ET",0.0460836243676373,4.649763810031,0.975251878473663,0.325117151750054,0.999723251605349,1,"arteriol_scler"
"4690","LYPLA1","Exc L5 ET",0.0155108815670155,5.70059077931649,0.1628815750691,0.825057375169313,0.999723251605349,1,"arteriol_scler"
"4691","MRPL15","Exc L5 ET",-0.116912925627169,4.75143449870051,3.05731288029575,0.082617453569027,0.999723251605349,1,"arteriol_scler"
"4692","XKR4","Exc L5 ET",0.0433676159577031,7.33595118331924,0.85614523715852,0.356448875729986,0.999723251605349,1,"arteriol_scler"
"4693","TMEM68","Exc L5 ET",-0.0218027143450201,4.55139603900643,0.178631036966468,0.706141357798556,0.999723251605349,1,"arteriol_scler"
"4694","TGS1","Exc L5 ET",-0.0306692737916145,5.41540420976244,0.524358317370558,0.470224876177305,0.999723251605349,1,"arteriol_scler"
"4695","RPS20","Exc L5 ET",-0.146036256457839,4.84524154870405,3.3618331470773,0.0688971084432099,0.999723251605349,1,"arteriol_scler"
"4696","PLAG1","Exc L5 ET",-0.0784320509146756,4.41689313570436,1.86842221577397,0.173897778782203,0.999723251605349,1,"arteriol_scler"
"4697","CHCHD7","Exc L5 ET",-0.003670790984019,4.06521915458043,0.00224319876741442,0.962293447305572,0.999723251605349,1,"arteriol_scler"
"4698","IMPAD1","Exc L5 ET",0.0353675755934977,5.0352725280545,0.524958115639219,0.469971572116512,0.999723251605349,1,"arteriol_scler"
"4699","FAM110B","Exc L5 ET",-0.067446357399012,4.75335442216461,1.18633429459951,0.27798503909021,0.999723251605349,1,"arteriol_scler"
"4700","UBXN2B","Exc L5 ET",0.0231502659295875,5.8959710990099,0.377129006511105,0.54016358854144,0.999723251605349,1,"arteriol_scler"
"4701","SDCBP","Exc L5 ET",-0.0367579441854672,5.67492395328405,0.288867156882615,0.591820511232352,0.999723251605349,1,"arteriol_scler"
"4702","NSMAF","Exc L5 ET",-0.0143629784481232,6.87749795026363,0.246236778958915,0.620533712006465,0.999723251605349,1,"arteriol_scler"
"4703","TOX","Exc L5 ET",0.0413433804985987,9.65658057877979,1.45340514135186,0.230063273960004,0.999723251605349,1,"arteriol_scler"
"4704","LINC01301","Exc L5 ET",-0.0163627287677835,4.68314026959005,0.0710566869056493,0.790205755085739,0.999723251605349,1,"arteriol_scler"
"4705","RAB2A","Exc L5 ET",0.0232560356299063,7.10398759349056,0.725243890797376,0.395917362690703,0.999723251605349,1,"arteriol_scler"
"4706","CLVS1","Exc L5 ET",-0.000319070715986669,7.24251632385402,8.05055753281661e-05,0.992854155045543,0.999723251605349,1,"arteriol_scler"
"4707","ASPH","Exc L5 ET",0.0217520063483835,7.05072537660248,0.389540799979579,0.533580205136165,0.999723251605349,1,"arteriol_scler"
"4708","NKAIN3","Exc L5 ET",0.0233027919777144,5.23505012080683,0.122589771966378,0.72678091307522,0.999723251605349,1,"arteriol_scler"
"4709","GGH","Exc L5 ET",-0.0840279614069697,4.33585849859376,1.49882221731746,0.222956653754635,0.999723251605349,1,"arteriol_scler"
"4710","YTHDF3","Exc L5 ET",0.031294722935971,5.73716430567398,0.918960299155195,0.339439112322149,0.999723251605349,1,"arteriol_scler"
"4711","AC022639.1","Exc L5 ET",-0.0108179901473245,8.22174971902596,0.073957438036635,0.786069531266198,0.999723251605349,1,"arteriol_scler"
"4712","AC069133.1","Exc L5 ET",-0.0624639954792667,4.50666059203262,0.761989681101403,0.384236062945818,0.999723251605349,1,"arteriol_scler"
"4713","MIR124-2HG","Exc L5 ET",-0.041367608700005,7.50912931199935,1.61443283910658,0.206026167829635,0.999723251605349,1,"arteriol_scler"
"4714","CYP7B1","Exc L5 ET",0.0318286329300192,5.66925001643864,0.298490855508472,0.585719932163627,0.999723251605349,1,"arteriol_scler"
"4715","ARMC1","Exc L5 ET",-0.0279286096641086,5.30684099609344,0.340779292634903,0.56034093705285,0.999723251605349,1,"arteriol_scler"
"4716","MTFR1","Exc L5 ET",0.0768130594588042,4.35412494071677,1.82196734061364,0.17930837917252,0.999723251605349,1,"arteriol_scler"
"4717","PDE7A","Exc L5 ET",-0.0120738807645769,6.78191312903044,0.150110794293441,0.699031574698984,0.999723251605349,1,"arteriol_scler"
"4718","ADHFE1","Exc L5 ET",-0.0851598703702592,4.08584278344615,1.18900073672952,0.277447959439808,0.999723251605349,1,"arteriol_scler"
"4719","VXN","Exc L5 ET",0.0628812190384142,6.64097179479245,1.91267485808185,0.168919371000303,0.999723251605349,1,"arteriol_scler"
"4720","VCPIP1","Exc L5 ET",0.0507283523751933,5.12663969670354,1.01398866801426,0.315726799266141,0.999723251605349,1,"arteriol_scler"
"4721","SGK3","Exc L5 ET",-0.0143302905632691,6.06580588772816,0.104544204204101,0.746936777255691,0.999723251605349,1,"arteriol_scler"
"4722","CSPP1","Exc L5 ET",-0.0205730613634263,6.92110404094381,0.464437574610763,0.496709308342172,0.999723251605349,1,"arteriol_scler"
"4723","ARFGEF1","Exc L5 ET",-0.0576251090077851,6.97360793650822,5.0946685386239,0.0255840945148228,0.999723251605349,1,"arteriol_scler"
"4724","C8orf34","Exc L5 ET",-0.100618386316375,4.91540419275519,1.05146112780354,0.306980410163994,0.999723251605349,1,"arteriol_scler"
"4725","NCOA2","Exc L5 ET",0.0046391987342537,7.30168582878324,0.0199530022760186,0.887876198353847,0.999723251605349,1,"arteriol_scler"
"4726","TRAM1","Exc L5 ET",0.0299613741811793,4.59675431928625,0.360900587900465,0.549000432323602,0.999723251605349,1,"arteriol_scler"
"4727","XKR9","Exc L5 ET",-0.00430315312779385,4.3802810128477,0.00254114488742929,0.959869372777994,0.999723251605349,1,"arteriol_scler"
"4728","MSC-AS1","Exc L5 ET",-0.078059798387093,6.66756852116355,1.00267204352876,0.318432549172414,0.999723251605349,1,"arteriol_scler"
"4729","KCNB2","Exc L5 ET",0.0143340555264448,8.91169939165103,0.117659849573844,0.732113047920669,0.999723251605349,1,"arteriol_scler"
"4730","TERF1","Exc L5 ET",0.0110686761486527,6.02459391534443,0.133974378749553,0.714911704878144,0.999723251605349,1,"arteriol_scler"
"4731","AC022893.1","Exc L5 ET",0.0241420647541994,4.40606348998436,0.161744779977642,0.68818281665113,0.999723251605349,1,"arteriol_scler"
"4732","RPL7","Exc L5 ET",-0.0707647564695292,4.95715983452315,0.459620050205258,0.498946568951589,0.999723251605349,1,"arteriol_scler"
"4733","STAU2","Exc L5 ET",0.00488191142484758,7.41219764365854,0.0367572954529478,0.848244287612629,0.999723251605349,1,"arteriol_scler"
"4734","AC027018.1","Exc L5 ET",-0.192022154798115,4.42922801665145,3.75007134528292,0.0548667370617173,0.999723251605349,1,"arteriol_scler"
"4735","ELOC","Exc L5 ET",-0.014367545875681,5.34537650202287,0.0432482599317471,0.835567770037064,0.999723251605349,1,"arteriol_scler"
"4736","TMEM70","Exc L5 ET",0.0790139272070865,4.00298929615961,0.825465710683049,0.365184614598061,0.999723251605349,1,"arteriol_scler"
"4737","JPH1","Exc L5 ET",-0.0308059590131852,4.22411692109401,0.157741395446919,0.691863439663456,0.999723251605349,1,"arteriol_scler"
"4738","GDAP1","Exc L5 ET",0.0499579835682164,8.34489460163733,2.57341176335092,0.110979135596828,0.999723251605349,1,"arteriol_scler"
"4739","MIR2052HG","Exc L5 ET",0.103386390213628,7.46097398572638,3.616987562538,0.059294547956642,0.999723251605349,1,"arteriol_scler"
"4740","CRISPLD1","Exc L5 ET",-0.0959497675034809,5.45326991153714,3.25965500175686,0.0732028567663385,0.999723251605349,1,"arteriol_scler"
"4741","PEX2","Exc L5 ET",-0.0951070886973259,3.99705834531675,2.33317855219719,0.128951670968603,0.999723251605349,1,"arteriol_scler"
"4742","PKIA","Exc L5 ET",0.0582279402336071,6.69640839145914,3.6291708372169,0.0588736640201085,0.999723251605349,1,"arteriol_scler"
"4743","ZC2HC1A","Exc L5 ET",-0.0093219740183453,6.99706097450871,0.115285799448655,0.957337425096932,0.999723251605349,1,"arteriol_scler"
"4744","IL7","Exc L5 ET",-0.169689035863264,4.59981295347966,3.39583029096743,0.0675259201714946,0.999723251605349,1,"arteriol_scler"
"4745","STMN2","Exc L5 ET",0.00354226580703395,8.63816272044497,0.00470845670403919,0.945393721227192,0.999723251605349,1,"arteriol_scler"
"4746","HEY1","Exc L5 ET",0.104164220351927,4.01487651538484,1.40817045487712,0.237416854755066,0.999723251605349,1,"arteriol_scler"
"4747","TPD52","Exc L5 ET",-0.0787050149848299,5.82949709802214,4.07024560889513,0.0456008259015547,0.999723251605349,1,"arteriol_scler"
"4748","ZNF704","Exc L5 ET",0.0500190857744067,7.64416652146039,2.75068131442684,0.0995039266136629,0.999723251605349,1,"arteriol_scler"
"4749","PAG1","Exc L5 ET",-0.0150889636403356,5.47458136964934,0.08269895768778,0.774107782844201,0.999723251605349,1,"arteriol_scler"
"4750","FABP5","Exc L5 ET",-0.0885072360750917,4.26515833091428,0.765342313410442,0.38319500343332,0.999723251605349,1,"arteriol_scler"
"4751","IMPA1","Exc L5 ET",0.0137466272138072,4.6657991164178,0.0505446863031705,0.822453613423691,0.999723251605349,1,"arteriol_scler"
"4752","ZFAND1","Exc L5 ET",-0.0732042551058459,5.33599877314662,2.94413172556776,0.130231988050579,0.999723251605349,1,"arteriol_scler"
"4753","SNX16","Exc L5 ET",0.0589724970559725,4.59607927025961,1.15169884075523,0.285083036173856,0.999723251605349,1,"arteriol_scler"
"4754","RALYL","Exc L5 ET",0.0433328826468462,10.9597369904898,1.39034947801913,0.240392579287752,0.999723251605349,1,"arteriol_scler"
"4755","C8orf59","Exc L5 ET",-0.0732566656989041,4.48739225675852,1.10106159706398,0.295883299680859,0.999723251605349,1,"arteriol_scler"
"4756","CA3","Exc L5 ET",0.0408065139772884,3.96601451497708,0.216885422533865,0.642163912947481,0.999723251605349,1,"arteriol_scler"
"4757","WWP1","Exc L5 ET",-0.0705389630523211,6.59080925471155,4.45771656765286,0.0365624932475387,0.999723251605349,1,"arteriol_scler"
"4758","RMDN1","Exc L5 ET",-0.0750408842826544,4.85636583978199,1.80964475350709,0.180776355506991,0.999723251605349,1,"arteriol_scler"
"4759","CPNE3","Exc L5 ET",-0.0377054722568516,5.35571680128861,0.793744236201266,0.468133682414474,0.999723251605349,1,"arteriol_scler"
"4760","MMP16","Exc L5 ET",0.0350074784315984,7.26224628989275,0.61853262754003,0.432953223516805,0.999723251605349,1,"arteriol_scler"
"4761","AC090568.2","Exc L5 ET",-0.0245487362834562,6.27132607596661,0.260164976272937,0.61082872002666,0.999723251605349,1,"arteriol_scler"
"4762","AF117829.1","Exc L5 ET",0.0659366894150277,7.14012937932178,2.27987565924846,0.133368471697347,0.999723251605349,1,"arteriol_scler"
"4763","RIPK2","Exc L5 ET",-0.104561232865545,4.50800485347444,3.74263043872786,0.0551046957132541,0.999723251605349,1,"arteriol_scler"
"4764","OSGIN2","Exc L5 ET",0.0270763690257577,4.57427586107405,0.270281440781854,0.603983208089257,0.999723251605349,1,"arteriol_scler"
"4765","NBN","Exc L5 ET",0.0072547152413768,5.70395620431579,0.0332720498918938,0.855533904498983,0.999723251605349,1,"arteriol_scler"
"4766","DECR1","Exc L5 ET",-0.00489175836304595,5.94623638301548,0.0116837191205793,0.914081666171928,0.999723251605349,1,"arteriol_scler"
"4767","LINC00534","Exc L5 ET",-0.0820305543067696,4.52818814998517,1.02350192382026,0.313475640438052,0.999723251605349,1,"arteriol_scler"
"4768","TMEM64","Exc L5 ET",0.0210181122128131,5.7805807853872,0.25168661490859,0.616696335891289,0.999723251605349,1,"arteriol_scler"
"4769","NECAB1","Exc L5 ET",0.044154753426112,8.36358604184188,1.79815265404374,0.182158060964888,0.999723251605349,1,"arteriol_scler"
"4770","PIP4P2","Exc L5 ET",0.0436468386375086,5.68890779649036,0.832693443252553,0.36310002136995,0.999723251605349,1,"arteriol_scler"
"4771","OTUD6B-AS1","Exc L5 ET",-0.026874159235658,5.34127346038024,0.149179732317657,0.699920467702653,0.999723251605349,1,"arteriol_scler"
"4772","OTUD6B","Exc L5 ET",0.0107522639220632,4.22368934143251,0.031628363297295,0.90630017634856,0.999723251605349,1,"arteriol_scler"
"4773","RUNX1T1","Exc L5 ET",-0.00330334554796335,6.28231299473262,0.00357624250426895,0.952400841438059,0.999723251605349,1,"arteriol_scler"
"4774","TRIQK","Exc L5 ET",0.043915774249481,5.52088618171704,1.3965537375484,0.239351444201936,0.999723251605349,1,"arteriol_scler"
"4775","LINC00535","Exc L5 ET",0.075021589576614,5.57265388350407,2.45282792362312,0.119623424771984,0.999723251605349,1,"arteriol_scler"
"4776","FAM92A","Exc L5 ET",0.0104040943291751,5.68658463851053,0.0532056103852192,0.817920865609479,0.999723251605349,1,"arteriol_scler"
"4777","RBM12B","Exc L5 ET",0.0315340823697364,4.85966268867159,0.385460717710815,0.940292091651978,0.999723251605349,1,"arteriol_scler"
"4778","TMEM67","Exc L5 ET",0.0221130597271749,5.90271481613952,0.413939511515008,0.521053656724711,0.999723251605349,1,"arteriol_scler"
"4779","PDP1","Exc L5 ET",-0.0024616974032525,5.74174946563082,0.00257067701563885,0.959637055706579,0.999723251605349,1,"arteriol_scler"
"4780","VIRMA","Exc L5 ET",0.0210224390900973,5.36065498233592,0.323904153105596,0.570203938825909,0.999723251605349,1,"arteriol_scler"
"4781","DPY19L4","Exc L5 ET",0.0474771087914716,4.45716342225728,0.542934527129661,0.462480776742494,0.999723251605349,1,"arteriol_scler"
"4782","INTS8","Exc L5 ET",0.0352900707224468,5.89224054931269,1.01898028601621,0.314542967835412,0.999723251605349,1,"arteriol_scler"
"4783","NDUFAF6","Exc L5 ET",-0.019102888109412,5.91515680944403,0.246851210799027,0.620098436773254,0.999723251605349,1,"arteriol_scler"
"4784","C8orf37-AS1","Exc L5 ET",-0.0478230303169317,3.94683406907944,0.294769429655637,0.588063663645115,0.999723251605349,1,"arteriol_scler"
"4785","UQCRB","Exc L5 ET",-0.0443337055773307,5.95693176332784,0.289790684302191,0.59122942457747,0.999723251605349,1,"arteriol_scler"
"4786","MTERF3","Exc L5 ET",0.0206273912165481,4.23772925187254,0.104909240282619,0.792338377042735,0.999723251605349,1,"arteriol_scler"
"4787","PTDSS1","Exc L5 ET",0.0666908630713322,5.60707124621352,3.64211615519597,0.0614958186828503,0.999723251605349,1,"arteriol_scler"
"4788","CPQ","Exc L5 ET",-0.0931143175657992,5.06419261244503,2.13912830714553,0.1458768576673,0.999723251605349,1,"arteriol_scler"
"4789","TSPYL5","Exc L5 ET",0.137597148626028,4.06301627503233,3.05461996257192,0.0827513214558096,0.999723251605349,1,"arteriol_scler"
"4790","MTDH","Exc L5 ET",0.033343233008119,6.95802114693847,1.89626758323104,0.20702194055167,0.999723251605349,1,"arteriol_scler"
"4791","LAPTM4B","Exc L5 ET",0.175439583558869,4.60068728904024,7.38573286353617,0.00742507184385971,0.999723251605349,1,"arteriol_scler"
"4792","RPL30","Exc L5 ET",-0.0862716192555035,4.74012326305346,1.34754891455957,0.24772855456552,0.999723251605349,1,"arteriol_scler"
"4793","RIDA","Exc L5 ET",0.0604183778958668,4.15781529754264,0.856800020661079,0.356265601504459,0.999723251605349,1,"arteriol_scler"
"4794","POP1","Exc L5 ET",-0.0291757940731651,4.88495595766884,0.330141981476314,0.678602506536566,0.999723251605349,1,"arteriol_scler"
"4795","NIPAL2","Exc L5 ET",-0.000460326925245208,7.44078699872445,9.95439538651278e-05,0.992054034679819,0.999723251605349,1,"arteriol_scler"
"4796","STK3","Exc L5 ET",-0.00509245290524155,5.41201060658973,0.00839933919924028,0.92711183979601,0.999723251605349,1,"arteriol_scler"
"4797","AC104986.2","Exc L5 ET",-0.0425197651285494,4.56116599621634,0.774254387435509,0.423641899364527,0.999723251605349,1,"arteriol_scler"
"4798","VPS13B","Exc L5 ET",0.0242399036112639,8.03589467629991,0.667855685411461,0.415221056824339,0.999723251605349,1,"arteriol_scler"
"4799","COX6C","Exc L5 ET",0.0121297053769185,5.76128103115067,0.0338524697718417,0.854293403848195,0.999723251605349,1,"arteriol_scler"
"4800","POLR2K","Exc L5 ET",-0.0369933959132368,4.77987571009853,0.143273580041098,0.705634788342984,0.999723251605349,1,"arteriol_scler"
"4801","SPAG1","Exc L5 ET",0.0151681345419868,5.45708734123592,0.117197205623428,0.732619807711657,0.999723251605349,1,"arteriol_scler"
"4802","RNF19A","Exc L5 ET",-0.00370486868094599,6.05665616677253,0.0134810461313654,0.907737276025512,0.999723251605349,1,"arteriol_scler"
"4803","ANKRD46","Exc L5 ET",0.00767898024742085,5.64368888598632,0.0319860317568461,0.85832289307282,0.999723251605349,1,"arteriol_scler"
"4804","SNX31","Exc L5 ET",-0.0248710283035716,4.82864813934644,0.0482623754608577,0.826442373701538,0.999723251605349,1,"arteriol_scler"
"4805","PABPC1","Exc L5 ET",0.00422218685757764,5.78494757807729,0.013491328967266,0.907702254500653,0.999723251605349,1,"arteriol_scler"
"4806","YWHAZ","Exc L5 ET",0.0523745228249723,7.19677814735477,2.31996178762151,0.130031271485421,0.999723251605349,1,"arteriol_scler"
"4807","AP003469.4","Exc L5 ET",0.0967536452548542,4.11288063085567,1.77435896393424,0.185058256597897,0.999723251605349,1,"arteriol_scler"
"4808","ZNF706","Exc L5 ET",0.0241364487290273,6.18544982208046,0.400506100350253,0.5278843539469,0.999723251605349,1,"arteriol_scler"
"4809","NCALD","Exc L5 ET",0.0603490532208436,3.95846335896047,0.161136237875446,0.688738860823109,0.999723251605349,1,"arteriol_scler"
"4810","RRM2B","Exc L5 ET",-0.0144215468423415,4.53934055398042,0.071202342579099,0.889436042974785,0.999723251605349,1,"arteriol_scler"
"4811","UBR5-AS1","Exc L5 ET",-0.038678595537568,4.14120987412952,0.289610338212572,0.591344756123049,0.999723251605349,1,"arteriol_scler"
"4812","UBR5","Exc L5 ET",-0.00642150030589599,8.06351689815673,0.0485410218788028,0.8259501586767,0.999723251605349,1,"arteriol_scler"
"4813","AZIN1","Exc L5 ET",-0.0544916174497929,5.81079558785367,2.06513597096479,0.152984510200125,0.999723251605349,1,"arteriol_scler"
"4814","AZIN1-AS1","Exc L5 ET",-0.0445635631001667,5.41521454126945,0.545189786299532,0.461554544487616,0.999723251605349,1,"arteriol_scler"
"4815","ATP6V1C1","Exc L5 ET",0.0200338978182461,6.46070763511903,0.334403907010487,0.564028006377362,0.999723251605349,1,"arteriol_scler"
"4816","BAALC","Exc L5 ET",-0.0285312397233607,8.01827405209478,0.475588520876356,0.491595410734961,0.999723251605349,1,"arteriol_scler"
"4817","BAALC-AS1","Exc L5 ET",-0.0646932674178261,5.29152268855415,1.03107086437555,0.311699636876438,0.999723251605349,1,"arteriol_scler"
"4818","FZD6","Exc L5 ET",0.0252386959218143,5.35207992365069,0.242999516918696,0.62283830472768,0.999723251605349,1,"arteriol_scler"
"4819","SLC25A32","Exc L5 ET",-0.0314126719426543,5.45051467593554,0.726061756258751,0.395651823797176,0.999723251605349,1,"arteriol_scler"
"4820","RIMS2","Exc L5 ET",0.0171281617152522,10.5685914158513,0.344158089631839,0.558405612824601,0.999723251605349,1,"arteriol_scler"
"4821","DPYS","Exc L5 ET",0.00622358200361029,5.41696699801114,0.010456227088382,0.918703442330049,0.999723251605349,1,"arteriol_scler"
"4822","LRP12","Exc L5 ET",0.0448587644169792,6.50516619045871,1.63740662244241,0.202847394478058,0.999723251605349,1,"arteriol_scler"
"4823","ZFPM2","Exc L5 ET",0.0249543506627753,8.82034148120152,0.563897694124938,0.453983706411745,0.999723251605349,1,"arteriol_scler"
"4824","AC027031.2","Exc L5 ET",-0.0527523270293635,4.72530022082443,0.754549229166896,0.386560964400517,0.999723251605349,1,"arteriol_scler"
"4825","OXR1","Exc L5 ET",0.0269685121208344,10.4162048607194,1.36177311781528,0.245260360818627,0.999723251605349,1,"arteriol_scler"
"4826","AC090579.1","Exc L5 ET",-0.177201139800006,6.41177989245422,3.60313936667131,0.0597768810086557,0.999723251605349,1,"arteriol_scler"
"4827","ANGPT1","Exc L5 ET",0.0126252582070064,6.09886290920084,0.0276777860729509,0.868114213068818,0.999723251605349,1,"arteriol_scler"
"4828","RSPO2","Exc L5 ET",-0.0123900611687655,3.54359314670296,0.0122827957398491,0.911915336362578,0.999723251605349,1,"arteriol_scler"
"4829","EIF3E","Exc L5 ET",-0.049293480410911,5.47377795299141,1.09095122918162,0.29810251881674,0.999723251605349,1,"arteriol_scler"
"4830","EMC2","Exc L5 ET",-0.00245375621131299,5.00861250717357,0.00361225620549319,0.992868813716668,0.999723251605349,1,"arteriol_scler"
"4831","TMEM74","Exc L5 ET",-0.0607048897256331,4.51154327137015,1.05160801695092,0.306946753814037,0.999723251605349,1,"arteriol_scler"
"4832","NUDCD1","Exc L5 ET",-0.0380994578630553,5.02373635880525,0.723931921627699,0.396343864185912,0.999723251605349,1,"arteriol_scler"
"4833","ENY2","Exc L5 ET",-0.109943940143375,5.70271943827819,3.29935725809522,0.0714961361185253,0.999723251605349,1,"arteriol_scler"
"4834","EBAG9","Exc L5 ET",0.0471453029893578,4.3817362103771,0.601175909925856,0.439467830576952,0.999723251605349,1,"arteriol_scler"
"4835","SYBU","Exc L5 ET",0.00866272310921728,7.90282598588672,0.165283178547746,0.788198762352055,0.999723251605349,1,"arteriol_scler"
"4836","KCNV1","Exc L5 ET",-0.0323244854308033,3.69538911497253,0.108569158219804,0.742282959750021,0.999723251605349,1,"arteriol_scler"
"4837","LINC01609","Exc L5 ET",-0.0805921810160442,4.66614800404684,0.696778877436413,0.405323373786694,0.999723251605349,1,"arteriol_scler"
"4838","CSMD3","Exc L5 ET",-0.00696005564736332,9.9317236355162,0.0463268932003673,0.829903201884108,0.999723251605349,1,"arteriol_scler"
"4839","TRPS1","Exc L5 ET",0.120935901568622,5.81000125663209,4.63056706500432,0.0331626487159476,0.999723251605349,1,"arteriol_scler"
"4840","EIF3H","Exc L5 ET",-0.016693361006985,5.67786725844018,0.198138326770683,0.656931220134103,0.999723251605349,1,"arteriol_scler"
"4841","UTP23","Exc L5 ET",0.0169149208490953,6.17760441714073,0.179312953617112,0.672629287531299,0.999723251605349,1,"arteriol_scler"
"4842","RAD21","Exc L5 ET",0.0415081643224819,5.44592417152398,0.706190046414285,0.402177739340982,0.999723251605349,1,"arteriol_scler"
"4843","MED30","Exc L5 ET",0.00854865775811506,4.23513754886434,0.0253636549796192,0.873699128776544,0.999723251605349,1,"arteriol_scler"
"4844","EXT1","Exc L5 ET",0.00199840948310873,8.86274426739985,0.00355912212753706,0.952514776308222,0.999723251605349,1,"arteriol_scler"
"4845","SAMD12","Exc L5 ET",0.0180301302203766,9.16931512285278,0.414563403545319,0.520740241715182,0.999723251605349,1,"arteriol_scler"
"4846","AC023590.1","Exc L5 ET",-0.181587006802613,5.011510678501,4.35388006554445,0.0387808044679537,0.999723251605349,1,"arteriol_scler"
"4847","MAL2","Exc L5 ET",-0.0252294673164244,6.11439923941959,0.320704551722539,0.572112318594488,0.999723251605349,1,"arteriol_scler"
"4848","NOV","Exc L5 ET",-0.00355937405306912,4.6479563803099,0.00214792569390073,0.96310228082477,0.999723251605349,1,"arteriol_scler"
"4849","TAF2","Exc L5 ET",-0.00119280564612226,5.94095964161383,0.0011581539378397,0.972901503988788,0.999723251605349,1,"arteriol_scler"
"4850","DEPTOR","Exc L5 ET",0.087120642488637,4.42803778944876,1.59163356326312,0.209239636509684,0.999723251605349,1,"arteriol_scler"
"4851","MRPL13","Exc L5 ET",0.0241947767979926,4.24034312849841,0.148761905781107,0.711000662462504,0.999723251605349,1,"arteriol_scler"
"4852","MTBP","Exc L5 ET",0.0615679327519951,4.20642336241197,0.928257755212038,0.337015891799453,0.999723251605349,1,"arteriol_scler"
"4853","DERL1","Exc L5 ET",-0.0114075331359148,4.14584613515183,0.0359351065656778,0.860235864348565,0.999723251605349,1,"arteriol_scler"
"4854","TBC1D31","Exc L5 ET",0.0166853813474051,5.44845868271296,0.147522779310155,0.701510298812913,0.999723251605349,1,"arteriol_scler"
"4855","ATAD2","Exc L5 ET",-0.00361328912802861,5.399016875907,0.00547479333139646,0.941124945689566,0.999723251605349,1,"arteriol_scler"
"4856","FBXO32","Exc L5 ET",-0.000812979055495769,5.78794396559255,0.000340947303100561,0.985294992475571,0.999723251605349,1,"arteriol_scler"
"4857","FAM91A1","Exc L5 ET",0.00122342991860299,4.72349433687752,0.000643378758853659,0.979800857577276,0.999723251605349,1,"arteriol_scler"
"4858","TMEM65","Exc L5 ET",0.0986852794770469,5.95944509348088,6.32064976452788,0.0130927297686343,0.999723251605349,1,"arteriol_scler"
"4859","RNF139","Exc L5 ET",0.0234233739903055,4.02417099027843,0.15150715846816,0.78581913230919,0.999723251605349,1,"arteriol_scler"
"4860","TATDN1","Exc L5 ET",0.00546793762943773,5.9136904329579,0.020190149028844,0.887216333752652,0.999723251605349,1,"arteriol_scler"
"4861","NDUFB9","Exc L5 ET",-0.097737077275528,4.73545804647291,1.70022438233158,0.194448267339864,0.999723251605349,1,"arteriol_scler"
"4862","MTSS1","Exc L5 ET",0.035468440789954,6.54638668450519,0.976617825889117,0.324779765532945,0.999723251605349,1,"arteriol_scler"
"4863","SQLE","Exc L5 ET",-0.0108898845027361,4.75314158819159,0.0245323647403385,0.875768841389998,0.999723251605349,1,"arteriol_scler"
"4864","WASHC5","Exc L5 ET",-0.030423866963399,5.43179198024744,0.744238989698151,0.393956119353831,0.999723251605349,1,"arteriol_scler"
"4865","NSMCE2","Exc L5 ET",0.00406407460829669,7.80748023539968,0.0171716525818378,0.895935642847374,0.999723251605349,1,"arteriol_scler"
"4866","FAM84B","Exc L5 ET",-0.0819841037080826,4.18802766434323,1.31743122432461,0.25305665161836,0.999723251605349,1,"arteriol_scler"
"4867","PCAT1","Exc L5 ET",0.0226470225643196,5.71875409275214,0.132400895063146,0.71651727877068,0.999723251605349,1,"arteriol_scler"
"4868","PVT1","Exc L5 ET",-0.026795943841948,6.88486626792143,0.291175879800507,0.590345131902773,0.999723251605349,1,"arteriol_scler"
"4869","CCDC26","Exc L5 ET",-0.144311028327295,5.10518352567305,2.58807620239349,0.109976201965441,0.999723251605349,1,"arteriol_scler"
"4870","FAM49B","Exc L5 ET",-0.0340476684343363,8.55852267327451,2.07767317465258,0.151752838860879,0.999723251605349,1,"arteriol_scler"
"4871","ASAP1","Exc L5 ET",-0.00306203094624525,9.2097132712186,0.0191721445482724,0.890077697978477,0.999723251605349,1,"arteriol_scler"
"4872","ADCY8","Exc L5 ET",-0.0564070268325531,6.54050865326826,0.924679688283765,0.337945676555039,0.999723251605349,1,"arteriol_scler"
"4873","EFR3A","Exc L5 ET",0.00300690039461715,7.4534512630197,0.0138106657719089,0.906621306084258,0.999723251605349,1,"arteriol_scler"
"4874","KCNQ3","Exc L5 ET",0.0229662031489038,9.1727230064458,0.361982164216306,0.548403122778667,0.999723251605349,1,"arteriol_scler"
"4875","LRRC6","Exc L5 ET",-0.052148995661029,6.45552214038229,2.07375501102605,0.152136541820715,0.999723251605349,1,"arteriol_scler"
"4876","PHF20L1","Exc L5 ET",-0.011418059298128,6.989156304604,0.221400723382254,0.638723978064072,0.999723251605349,1,"arteriol_scler"
"4877","ST3GAL1","Exc L5 ET",0.0147854142959806,7.45416295985011,0.168022112946403,0.682516756453772,0.999723251605349,1,"arteriol_scler"
"4878","AC103706.1","Exc L5 ET",0.00496438582038821,4.44959218916448,0.00582991348130619,0.939249110834815,0.999723251605349,1,"arteriol_scler"
"4879","AC105180.1","Exc L5 ET",0.176320054892521,4.60162586369677,1.86895010799535,0.173837395894078,0.999723251605349,1,"arteriol_scler"
"4880","ZFAT","Exc L5 ET",0.00802740003022242,5.36383996379985,0.0230505458139291,0.879549357373734,0.999723251605349,1,"arteriol_scler"
"4881","KHDRBS3","Exc L5 ET",0.0259407780924512,10.0825976944961,0.631902947733105,0.42803501274936,0.999723251605349,1,"arteriol_scler"
"4882","AC079098.1","Exc L5 ET",-0.150238981283479,4.52802105092692,0.8255070973353,0.365172630590459,0.999723251605349,1,"arteriol_scler"
"4883","LINC02055","Exc L5 ET",0.0829528035572068,7.32893210703242,0.877612886376371,0.350507063999751,0.999723251605349,1,"arteriol_scler"
"4884","AC046195.1","Exc L5 ET",0.141391809808259,6.62636959984597,2.33743401420151,0.128606216971712,0.999723251605349,1,"arteriol_scler"
"4885","FAM135B","Exc L5 ET",0.0442642360838776,9.16074609610504,2.27855212106735,0.133480293126821,0.999723251605349,1,"arteriol_scler"
"4886","KCNK9","Exc L5 ET",0.0271759220522771,4.87675416561286,0.298139255780261,0.731916924906536,0.999723251605349,1,"arteriol_scler"
"4887","TRAPPC9","Exc L5 ET",0.00146008289346819,7.68083794895025,0.00253524779922824,0.959915924568316,0.999723251605349,1,"arteriol_scler"
"4888","AGO2","Exc L5 ET",0.0290035730185219,5.6650271955487,0.57937471368541,0.64153191175564,0.999723251605349,1,"arteriol_scler"
"4889","PTK2","Exc L5 ET",0.034143483402352,9.29738206838105,1.52324255459886,0.219245250562508,0.999723251605349,1,"arteriol_scler"
"4890","DENND3","Exc L5 ET",-0.0132358897928345,6.29225180628772,0.100690788347539,0.751485972947611,0.999723251605349,1,"arteriol_scler"
"4891","SLC45A4","Exc L5 ET",0.0669873485669805,6.05699456966861,2.35462588279072,0.127221157096983,0.999723251605349,1,"arteriol_scler"
"4892","PTP4A3","Exc L5 ET",-0.0900041127343237,3.88194933640217,1.09928893331681,0.296270850090704,0.999723251605349,1,"arteriol_scler"
"4893","TSNARE1","Exc L5 ET",0.0497179330494724,5.6153346200765,1.51622747203556,0.22030372528875,0.999723251605349,1,"arteriol_scler"
"4894","ADGRB1","Exc L5 ET",0.00260222678585574,6.44082631194866,0.00539581318543007,0.941550383943784,0.999723251605349,1,"arteriol_scler"
"4895","ARC","Exc L5 ET",0.0681532753898531,3.82780622756864,0.463529656904751,0.497129642068376,0.999723251605349,1,"arteriol_scler"
"4896","JRK","Exc L5 ET",0.0636124989793764,4.28708325001564,1.20992771909366,0.273278131061868,0.999723251605349,1,"arteriol_scler"
"4897","THEM6","Exc L5 ET",-0.00261182388331847,4.09668863693951,0.00090969364904214,0.975982503386611,0.999723251605349,1,"arteriol_scler"
"4898","LY6E-DT","Exc L5 ET",-0.0219388219434708,5.39377731404244,0.149942622153201,0.699191894896301,0.999723251605349,1,"arteriol_scler"
"4899","LY6E","Exc L5 ET",0.0186943751461023,5.28763260598625,0.0440284487857876,0.834112837610231,0.999723251605349,1,"arteriol_scler"
"4900","LY6H","Exc L5 ET",0.0329289754309204,6.58355124156699,0.259978827470204,0.610956245618206,0.999723251605349,1,"arteriol_scler"
"4901","GLI4","Exc L5 ET",-0.013432768600086,4.36355944912689,0.0490160160793405,0.825114509139828,0.999723251605349,1,"arteriol_scler"
"4902","TOP1MT","Exc L5 ET",-0.0521830677655192,3.9092648871993,0.48971765999976,0.485241459287601,0.999723251605349,1,"arteriol_scler"
"4903","RHPN1","Exc L5 ET",-0.018354692896918,4.93895614062484,0.147450144362431,0.701580225515259,0.999723251605349,1,"arteriol_scler"
"4904","ZC3H3","Exc L5 ET",-0.100849029497198,4.6991267293797,3.78316696916765,0.0538216132863487,0.999723251605349,1,"arteriol_scler"
"4905","EEF1D","Exc L5 ET",-0.029239818835963,5.00384528316311,0.267768078874523,0.605668556201805,0.999723251605349,1,"arteriol_scler"
"4906","TSTA3","Exc L5 ET",0.0673557326195653,3.6359211551,0.574101070643878,0.449936928681318,0.999723251605349,1,"arteriol_scler"
"4907","ZNF623","Exc L5 ET",-0.046086088935895,4.75181615120223,0.711323592424201,0.400476924025178,0.999723251605349,1,"arteriol_scler"
"4908","PUF60","Exc L5 ET",0.0917498356052849,4.45149857863858,1.59734685384914,0.208428788975704,0.999723251605349,1,"arteriol_scler"
"4909","NRBP2","Exc L5 ET",-0.0228633145764019,5.36318350140389,0.224620245475164,0.636297322165003,0.999723251605349,1,"arteriol_scler"
"4910","PLEC","Exc L5 ET",0.000814116688022718,6.51207068406656,0.000600487527509883,0.980485622828702,0.999723251605349,1,"arteriol_scler"
"4911","GRINA","Exc L5 ET",0.0456060423855447,5.86929532014647,0.445850128557367,0.505437064490866,0.999723251605349,1,"arteriol_scler"
"4912","GPAA1","Exc L5 ET",-0.00705496095069634,4.57676972899196,0.0096373611049313,0.921940935721498,0.999723251605349,1,"arteriol_scler"
"4913","CYC1","Exc L5 ET",0.0475562147758209,5.20903595707086,0.294831569700081,0.58802437108793,0.999723251605349,1,"arteriol_scler"
"4914","SHARPIN","Exc L5 ET",0.0430768083642935,4.21725567828996,0.383388423797247,0.536825058392892,0.999723251605349,1,"arteriol_scler"
"4915","MAF1","Exc L5 ET",0.101376655483289,3.96576292956416,1.50066621254402,0.22267377063272,0.999723251605349,1,"arteriol_scler"
"4916","MROH1","Exc L5 ET",0.0291871143204034,7.14171520286961,0.613223931348043,0.434929951884205,0.999723251605349,1,"arteriol_scler"
"4917","SCX","Exc L5 ET",-0.0342079072622661,4.43322249970965,0.248618369969021,0.61885030526102,0.999723251605349,1,"arteriol_scler"
"4918","HSF1","Exc L5 ET",0.0435147163074301,4.80945703218158,0.770250774431639,0.381678072991028,0.999723251605349,1,"arteriol_scler"
"4919","DGAT1","Exc L5 ET",0.0267826990322605,4.21496640319818,0.222558394228164,0.789251372167982,0.999723251605349,1,"arteriol_scler"
"4920","SCRT1","Exc L5 ET",0.00380685498457118,4.94339516680862,0.00611860635400261,0.93776612990127,0.999723251605349,1,"arteriol_scler"
"4921","FBXL6","Exc L5 ET",-0.0987775671060785,3.77276169065621,1.18027296415171,0.279210842482625,0.999723251605349,1,"arteriol_scler"
"4922","ADCK5","Exc L5 ET",-0.00786350981627741,4.11705010762855,0.0152559242773499,0.901880667262034,0.999723251605349,1,"arteriol_scler"
"4923","CPSF1","Exc L5 ET",0.168972098338375,4.20509641647678,5.83008265976348,0.0170761687716925,0.999723251605349,1,"arteriol_scler"
"4924","VPS28","Exc L5 ET",0.0304019176014255,5.25654308044572,0.269122709679304,0.604758958921886,0.999723251605349,1,"arteriol_scler"
"4925","CYHR1","Exc L5 ET",-0.0723020105932425,5.90967551876113,2.97506290067109,0.0868151057002566,0.999723251605349,1,"arteriol_scler"
"4926","KIFC2","Exc L5 ET",-0.00867066899646774,6.39472263172122,0.065498408624287,0.79839193251154,0.999723251605349,1,"arteriol_scler"
"4927","PPP1R16A","Exc L5 ET",-0.00294520372526696,4.50726690054422,0.00321231742476794,0.954884939530317,0.999723251605349,1,"arteriol_scler"
"4928","MFSD3","Exc L5 ET",-0.102048792127906,3.76933256359468,1.25726556388056,0.264133541982034,0.999723251605349,1,"arteriol_scler"
"4929","ARHGAP39","Exc L5 ET",-0.0547878464072735,5.26770681336126,1.43283552812688,0.233372235887592,0.999723251605349,1,"arteriol_scler"
"4930","ZNF251","Exc L5 ET",-0.0052384896728529,5.99061342108144,0.0190181889602319,0.890517112725623,0.999723251605349,1,"arteriol_scler"
"4931","RPL8","Exc L5 ET",0.00151054818333338,5.43365657932715,0.000297772193247304,0.986257465402276,0.999723251605349,1,"arteriol_scler"
"4932","ZNF7","Exc L5 ET",0.0209543678582823,4.40442828255596,0.0883226449353868,0.766771246329578,0.999723251605349,1,"arteriol_scler"
"4933","ZNF250","Exc L5 ET",-0.0176214101795048,4.30072133443723,0.104293691451036,0.747229681351737,0.999723251605349,1,"arteriol_scler"
"4934","C8orf33","Exc L5 ET",0.0490799759248186,3.70102363601774,0.282855516029592,0.595698232963465,0.999723251605349,1,"arteriol_scler"
"4935","WASHC1","Exc L5 ET",-0.0631851684066505,6.60870442930143,3.6054151648772,0.0596973259960227,0.999723251605349,1,"arteriol_scler"
"4936","CBWD1","Exc L5 ET",-0.0476032494351788,4.49354560996553,0.600704024328752,0.439647047600389,0.999723251605349,1,"arteriol_scler"
"4937","SMARCA2","Exc L5 ET",-0.00290900607081454,7.42111672983441,0.0109263417594921,0.916902526888823,0.999723251605349,1,"arteriol_scler"
"4938","VLDLR-AS1","Exc L5 ET",0.0834845977346217,4.98563710208891,1.21102115665662,0.273062443696524,0.999723251605349,1,"arteriol_scler"
"4939","PUM3","Exc L5 ET",-0.0382660301571997,6.71210339517005,1.84750054012761,0.176310655353191,0.999723251605349,1,"arteriol_scler"
"4940","RFX3","Exc L5 ET",0.0754044648685248,8.15786032382987,5.20299746213815,0.0240929100630281,0.999723251605349,1,"arteriol_scler"
"4941","RFX3-AS1","Exc L5 ET",-0.059210363567346,5.24420101477037,0.620670927308263,0.432160892371351,0.999723251605349,1,"arteriol_scler"
"4942","GLIS3","Exc L5 ET",-0.0649810051860944,4.4826665369884,0.363909436173116,0.54734178048659,0.999723251605349,1,"arteriol_scler"
"4943","SLC1A1","Exc L5 ET",-0.00930589415271822,6.26589690865181,0.0536793434740678,0.8171264997074,0.999723251605349,1,"arteriol_scler"
"4944","SPATA6L","Exc L5 ET",-0.0231289398883263,5.31596749696043,0.128559427186123,0.720483047733573,0.999723251605349,1,"arteriol_scler"
"4945","CDC37L1","Exc L5 ET",-0.0495071751461241,4.84782726883664,1.11340215628423,0.378737043752692,0.999723251605349,1,"arteriol_scler"
"4946","AK3","Exc L5 ET",0.0289883425852015,5.49062774832644,0.38018392265004,0.538529470428056,0.999723251605349,1,"arteriol_scler"
"4947","RCL1","Exc L5 ET",0.040837789511946,5.94071503247303,0.770523389378141,0.381594073985472,0.999723251605349,1,"arteriol_scler"
"4948","JAK2","Exc L5 ET",0.0430360161774055,7.30762517826395,1.4820594137674,0.225548222571867,0.999723251605349,1,"arteriol_scler"
"4949","PLGRKT","Exc L5 ET",-0.0500312188659267,4.73655977416382,0.579418510030224,0.44785036699064,0.999723251605349,1,"arteriol_scler"
"4950","RIC1","Exc L5 ET",-0.0194955382395983,6.33375101612676,0.381688507103902,0.537727978552843,0.999723251605349,1,"arteriol_scler"
"4951","ERMP1","Exc L5 ET",-0.00485538290244115,5.35646110181217,0.0131381981675596,0.911489782158632,0.999723251605349,1,"arteriol_scler"
"4952","KIAA2026","Exc L5 ET",0.0401999858229575,6.81208073073459,1.96938523808331,0.162778676938634,0.999723251605349,1,"arteriol_scler"
"4953","RANBP6","Exc L5 ET",0.0748445329245504,4.83343841180908,1.11981233921828,0.291823674378924,0.999723251605349,1,"arteriol_scler"
"4954","UHRF2","Exc L5 ET",0.00751673797692381,5.61036340389801,0.0380899521200121,0.845552165355909,0.999723251605349,1,"arteriol_scler"
"4955","GLDC","Exc L5 ET",-0.011673761900723,4.8525938631724,0.0218114795971443,0.882807143592707,0.999723251605349,1,"arteriol_scler"
"4956","KDM4C","Exc L5 ET",-0.00509234522182427,7.66262929694094,0.0259522032037412,0.872254742819884,0.999723251605349,1,"arteriol_scler"
"4957","DMAC1","Exc L5 ET",0.0242830322293751,4.22952746221318,0.109003849671091,0.74178611076223,0.999723251605349,1,"arteriol_scler"
"4958","PTPRD","Exc L5 ET",0.0364124626445595,11.8645773316449,1.34825052990145,0.247606093621093,0.999723251605349,1,"arteriol_scler"
"4959","AL596451.1","Exc L5 ET",-0.136824164522569,4.72393004692461,2.03498714788405,0.155993507826287,0.999723251605349,1,"arteriol_scler"
"4960","LURAP1L","Exc L5 ET",-0.0426065633894126,5.00890753821429,0.57056732956656,0.45133200854268,0.999723251605349,1,"arteriol_scler"
"4961","MPDZ","Exc L5 ET",-0.0113319341874466,7.84856293242881,0.120693623522485,0.728817278715126,0.999723251605349,1,"arteriol_scler"
"4962","NFIB","Exc L5 ET",0.0276687342945644,9.27745333609539,1.39709151250133,0.239261460799874,0.999723251605349,1,"arteriol_scler"
"4963","ZDHHC21","Exc L5 ET",0.0319882186969549,7.43647403693947,1.06371644737635,0.304188863039627,0.999723251605349,1,"arteriol_scler"
"4964","FREM1","Exc L5 ET",0.0940385515793526,4.38969899581651,1.11900437858054,0.291997116891995,0.999723251605349,1,"arteriol_scler"
"4965","TTC39B","Exc L5 ET",0.0342664931219534,6.52261440168451,0.873857023795208,0.351536732381695,0.999723251605349,1,"arteriol_scler"
"4966","SNAPC3","Exc L5 ET",-0.000821286443825765,6.04648283922839,0.00075576906227166,0.978107975106834,0.999723251605349,1,"arteriol_scler"
"4967","PSIP1","Exc L5 ET",0.0267929146560711,6.52705376077853,0.873189194416336,0.351720252057952,0.999723251605349,1,"arteriol_scler"
"4968","CCDC171","Exc L5 ET",0.0168189210821108,7.50680248939605,0.257981472182155,0.612328217498668,0.999723251605349,1,"arteriol_scler"
"4969","CNTLN","Exc L5 ET",-0.0530478879468516,4.92790230711272,0.592613168122192,0.442737526602484,0.999723251605349,1,"arteriol_scler"
"4970","SH3GL2","Exc L5 ET",0.0346089670112268,7.96575444022495,1.29991813542284,0.256220222199802,0.999723251605349,1,"arteriol_scler"
"4971","ADAMTSL1","Exc L5 ET",-0.0266423972966503,3.79702633652102,0.0778288587090297,0.78068278007618,0.999723251605349,1,"arteriol_scler"
"4972","RRAGA","Exc L5 ET",0.0066717936819222,4.78534785794198,0.00518062526305239,0.942725675223985,0.999723251605349,1,"arteriol_scler"
"4973","HAUS6","Exc L5 ET",0.088177169521606,4.10518988448923,1.64775050613906,0.201435215064135,0.999723251605349,1,"arteriol_scler"
"4974","DENND4C","Exc L5 ET",0.00273486330449503,6.4413945653997,0.00661828461046071,0.935280243896768,0.999723251605349,1,"arteriol_scler"
"4975","RPS6","Exc L5 ET",-0.0985586121996955,4.73963753062016,1.11153840102106,0.29360611263062,0.999723251605349,1,"arteriol_scler"
"4976","ACER2","Exc L5 ET",-0.0792520689815829,4.31036521591241,1.07798249514047,0.300980811862911,0.999723251605349,1,"arteriol_scler"
"4977","SLC24A2","Exc L5 ET",0.0753144785274702,7.63784023150411,2.06336609088405,0.153159305110539,0.999723251605349,1,"arteriol_scler"
"4978","MLLT3","Exc L5 ET",0.0374959816235035,8.37989580764415,1.24829386706623,0.265836783828588,0.999723251605349,1,"arteriol_scler"
"4979","FOCAD","Exc L5 ET",-0.0101590090369828,9.31484638588468,0.16021151121074,0.689586153490448,0.999723251605349,1,"arteriol_scler"
"4980","KLHL9","Exc L5 ET",0.0440077445409732,4.41337470498905,0.518486367515427,0.472716429925848,0.999723251605349,1,"arteriol_scler"
"4981","AL391117.1","Exc L5 ET",-0.245433869279174,3.87917074258307,3.40480538369142,0.0671688758640171,0.999723251605349,1,"arteriol_scler"
"4982","AL445623.2","Exc L5 ET",0.0115289887817648,5.64379375260937,0.0545251223450227,0.815717413771882,0.999723251605349,1,"arteriol_scler"
"4983","ELAVL2","Exc L5 ET",-0.0172366598391491,6.85294737380509,0.207979733545603,0.64907857232564,0.999723251605349,1,"arteriol_scler"
"4984","CAAP1","Exc L5 ET",-0.0695027316146047,5.27181378020862,2.95085735367249,0.107119791989855,0.999723251605349,1,"arteriol_scler"
"4985","PLAA","Exc L5 ET",-0.046188954825757,5.51695380981768,1.32690257835944,0.251365929560537,0.999723251605349,1,"arteriol_scler"
"4986","IFT74","Exc L5 ET",0.0649012829061429,4.56188156030505,1.52282153103326,0.219308603897323,0.999723251605349,1,"arteriol_scler"
"4987","MOB3B","Exc L5 ET",-0.0760594291542146,6.06897935471675,2.6488452780592,0.105925996897735,0.999723251605349,1,"arteriol_scler"
"4988","C9orf72","Exc L5 ET",-0.0169628613838764,5.92297241371042,0.172022053095288,0.678970589638685,0.999723251605349,1,"arteriol_scler"
"4989","LINGO2","Exc L5 ET",0.00668811723999405,8.26528618408792,0.00918846965281927,0.923774803214976,0.999723251605349,1,"arteriol_scler"
"4990","ACO1","Exc L5 ET",0.0720892939578821,4.89911759130093,1.52889115111776,0.218397407667562,0.999723251605349,1,"arteriol_scler"
"4991","TOPORS","Exc L5 ET",0.0104755261843522,4.42578884181312,0.0404102650122781,0.840979102113818,0.999723251605349,1,"arteriol_scler"
"4992","NDUFB6","Exc L5 ET",-0.0201690807546276,5.44262352424814,0.170844031703033,0.680009907241166,0.999723251605349,1,"arteriol_scler"
"4993","APTX","Exc L5 ET",-0.0165827360201811,5.62074380613824,0.182050354836628,0.670287722541198,0.999723251605349,1,"arteriol_scler"
"4994","DNAJA1","Exc L5 ET",-0.00521303857452907,5.89539329404617,0.00478425324823351,0.94495665114422,0.999723251605349,1,"arteriol_scler"
"4995","SMU1","Exc L5 ET",-0.0141322212102152,4.91969364977979,0.122723364846706,0.726638110113038,0.999723251605349,1,"arteriol_scler"
"4996","BAG1","Exc L5 ET",-0.0693201118490557,3.97592189810655,0.545200305494494,0.461550231213136,0.999723251605349,1,"arteriol_scler"
"4997","CHMP5","Exc L5 ET",-0.0692491669344046,4.87954356382464,0.857944322053862,0.355945623123307,0.999723251605349,1,"arteriol_scler"
"4998","NFX1","Exc L5 ET",0.00860147401059047,6.54133604708757,0.0680417954867331,0.794601776049039,0.999723251605349,1,"arteriol_scler"
"4999","PRSS3","Exc L5 ET",0.0359205333315614,5.72765473983173,0.782647174300346,0.377884874573109,0.999723251605349,1,"arteriol_scler"
"5000","UBE2R2","Exc L5 ET",0.07439861471876,6.81547649481556,8.20555202219302,0.00483546071964366,0.999723251605349,1,"arteriol_scler"
"5001","UBAP2","Exc L5 ET",0.0155540310191632,5.8669382198068,0.17940420159446,0.672550895402507,0.999723251605349,1,"arteriol_scler"
"5002","DCAF12","Exc L5 ET",0.0501552406989071,4.16219998687724,0.626014203312881,0.46519323748254,0.999723251605349,1,"arteriol_scler"
"5003","UBAP1","Exc L5 ET",0.0316853601321923,5.98759996688646,1.0737336883929,0.37221204850179,0.999723251605349,1,"arteriol_scler"
"5004","C9orf24","Exc L5 ET",-0.0462713067988637,4.8762013465263,0.553070545943558,0.45834104848288,0.999723251605349,1,"arteriol_scler"
"5005","FAM219A","Exc L5 ET",0.027574302033292,6.61284674751256,0.968197068713922,0.326867132644139,0.999723251605349,1,"arteriol_scler"
"5006","DNAI1","Exc L5 ET",-0.024606721937302,6.24389962058301,0.314414159313267,0.575901171426636,0.999723251605349,1,"arteriol_scler"
"5007","ENHO","Exc L5 ET",-0.0480150698823133,3.81295988637675,0.264334305270253,0.607987393157369,0.999723251605349,1,"arteriol_scler"
"5008","CNTFR","Exc L5 ET",-0.0497872586703252,4.01962325670236,0.548060134621748,0.460379973051005,0.999723251605349,1,"arteriol_scler"
"5009","RPP25L","Exc L5 ET",0.0226888253327157,3.79821439509283,0.0562685528297963,0.812848761894038,0.999723251605349,1,"arteriol_scler"
"5010","DCTN3","Exc L5 ET",0.0606302016863342,5.19700518341024,0.686974612578679,0.408639001035633,0.999723251605349,1,"arteriol_scler"
"5011","AL162231.1","Exc L5 ET",-0.0939487398540924,3.80652756579788,1.03467364835699,0.310858908768223,0.999723251605349,1,"arteriol_scler"
"5012","PHF24","Exc L5 ET",-0.00987216506882594,5.42114184498628,0.0423207857529763,0.837315299656902,0.999723251605349,1,"arteriol_scler"
"5013","VCP","Exc L5 ET",-0.00411400484619275,5.96235732912147,0.0103690728983775,0.919041777822487,0.999723251605349,1,"arteriol_scler"
"5014","STOML2","Exc L5 ET",-0.00308631620836865,4.19695038477323,0.00121303590272551,0.972267126516408,0.999723251605349,1,"arteriol_scler"
"5015","FAM214B","Exc L5 ET",0.0726339330610517,4.18223373470013,1.08915978412197,0.298497983702454,0.999723251605349,1,"arteriol_scler"
"5016","UNC13B","Exc L5 ET",-0.0283887991046265,7.1447401824327,0.540971935172504,0.463289232395701,0.999723251605349,1,"arteriol_scler"
"5017","RUSC2","Exc L5 ET",-0.00715901461646006,6.72456209666392,0.0595332884462257,0.807600634008995,0.999723251605349,1,"arteriol_scler"
"5018","TESK1","Exc L5 ET",-0.00372849304691234,4.11518528643568,0.00256079976853619,0.959714606314732,0.999723251605349,1,"arteriol_scler"
"5019","CCDC107","Exc L5 ET",0.0540995910953195,3.80230124566106,0.405818904353175,0.525163861662065,0.999723251605349,1,"arteriol_scler"
"5020","CREB3","Exc L5 ET",-0.0315413303519066,3.7440916547614,0.0990585706685182,0.753441810058701,0.999723251605349,1,"arteriol_scler"
"5021","GBA2","Exc L5 ET",-0.0427526402903628,5.22489081274402,0.81638754926111,0.367826639043686,0.999723251605349,1,"arteriol_scler"
"5022","RGP1","Exc L5 ET",0.0126149415610729,4.29465010436893,0.036754269960904,0.848250456558884,0.999723251605349,1,"arteriol_scler"
"5023","TMEM8B","Exc L5 ET",-0.00628524021185794,4.49242559161917,0.0143706817290796,0.989972977450669,0.999723251605349,1,"arteriol_scler"
"5024","RECK","Exc L5 ET",-0.0212736818114323,6.39716929904594,0.37971539010761,0.538779505174005,0.999723251605349,1,"arteriol_scler"
"5025","CLTA","Exc L5 ET",0.0101345593273279,6.04145216423107,0.0350885641720218,0.851687711421047,0.999723251605349,1,"arteriol_scler"
"5026","GNE","Exc L5 ET",0.0567052551077683,4.45481431074849,1.04791240472284,0.307794988306546,0.999723251605349,1,"arteriol_scler"
"5027","RNF38","Exc L5 ET",0.0058726517370833,6.61125802831253,0.0341990188362678,0.853557980925873,0.999723251605349,1,"arteriol_scler"
"5028","EBLN3P","Exc L5 ET",-0.0154031322232673,4.77859507685044,0.0711603628636742,0.790056378029858,0.999723251605349,1,"arteriol_scler"
"5029","ZCCHC7","Exc L5 ET",-0.0321740796968721,8.25239176914824,1.07812105082654,0.300949870588624,0.999723251605349,1,"arteriol_scler"
"5030","GRHPR","Exc L5 ET",-0.0395849034858919,4.60244929102838,0.415279772288681,0.52038078229971,0.999723251605349,1,"arteriol_scler"
"5031","AL138752.2","Exc L5 ET",0.0205826274759373,4.92797850189511,0.122873408580606,0.726477826231122,0.999723251605349,1,"arteriol_scler"
"5032","TRMT10B","Exc L5 ET",-0.114695512996458,5.1543918397691,5.3805545170305,0.021842881588282,0.999723251605349,1,"arteriol_scler"
"5033","DCAF10","Exc L5 ET",0.0481622702354681,6.71737063825144,2.45971855501359,0.119109698072757,0.999723251605349,1,"arteriol_scler"
"5034","FAM95C","Exc L5 ET",-0.00704228945243467,5.13969515392583,0.0206941152886046,0.885827046184407,0.999723251605349,1,"arteriol_scler"
"5035","ANKRD18A","Exc L5 ET",0.133198632900217,5.55373256010766,6.64301346354403,0.0110130839675616,0.999723251605349,1,"arteriol_scler"
"5036","CNTNAP3","Exc L5 ET",-0.0278745519277526,6.28323680074749,0.23851186099213,0.626064852146233,0.999723251605349,1,"arteriol_scler"
"5037","GLIDR","Exc L5 ET",-0.021527388245864,5.67807575092816,0.155499567892527,0.693948212834084,0.999723251605349,1,"arteriol_scler"
"5038","FAM95B1","Exc L5 ET",0.051009181642546,5.12053706942412,1.07145427294406,0.302443345051216,0.999723251605349,1,"arteriol_scler"
"5039","BMS1P14","Exc L5 ET",-0.0201338347644462,4.75193469717094,0.0832601169230084,0.773363783124072,0.999723251605349,1,"arteriol_scler"
"5040","AL353626.1","Exc L5 ET",-0.262939260911246,4.53969022045961,6.17567975608949,0.0141574730428255,0.999723251605349,1,"arteriol_scler"
"5041","CBWD6","Exc L5 ET",0.000205999746902937,5.46744997522269,1.76820488691245e-05,0.996651028252814,0.999723251605349,1,"arteriol_scler"
"5042","CNTNAP3B","Exc L5 ET",-0.0931780924066726,6.28266706120194,1.7286226495639,0.190786526398981,0.999723251605349,1,"arteriol_scler"
"5043","AL391987.2","Exc L5 ET",0.0169766954491711,4.21119252106122,0.0586607492068386,0.808988022165412,0.999723251605349,1,"arteriol_scler"
"5044","AL512625.3","Exc L5 ET",-0.0286252976648827,4.24533451876685,0.124837939672269,0.724389290500251,0.999723251605349,1,"arteriol_scler"
"5045","ANKRD20A4","Exc L5 ET",0.0212908627123577,3.89517677336381,0.0488245822286381,0.825450782328078,0.999723251605349,1,"arteriol_scler"
"5046","CBWD5","Exc L5 ET",0.00639535571001644,7.18687268449741,0.0187387247548435,0.891319406379548,0.999723251605349,1,"arteriol_scler"
"5047","AL136317.2","Exc L5 ET",0.00869225441619763,5.42517196131498,0.0404996923879461,0.840805620496742,0.999723251605349,1,"arteriol_scler"
"5048","ZNF658","Exc L5 ET",-0.004356887986209,4.73998934118619,0.00743459221649985,0.999422341626939,0.999723251605349,1,"arteriol_scler"
"5049","CBWD3","Exc L5 ET",0.0145146689435414,5.61641635100049,0.0769228266772337,0.781930276546645,0.999723251605349,1,"arteriol_scler"
"5050","AL161457.2","Exc L5 ET",0.0135242422996292,4.04537563699568,0.0299660890436845,0.862823039400851,0.999723251605349,1,"arteriol_scler"
"5051","PIP5K1B","Exc L5 ET",0.038308442446166,6.98749803828721,0.510813985224944,0.476004450116426,0.999723251605349,1,"arteriol_scler"
"5052","APBA1","Exc L5 ET",0.0448677072481769,7.28094867968352,1.4673390563681,0.227854148570972,0.999723251605349,1,"arteriol_scler"
"5053","PTAR1","Exc L5 ET",-0.0272558983789863,5.08937796322255,0.400933385200672,0.527664623346505,0.999723251605349,1,"arteriol_scler"
"5054","MAMDC2","Exc L5 ET",-0.101959761940205,5.82752102011337,2.9530723065015,0.0879765369997218,0.999723251605349,1,"arteriol_scler"
"5055","SMC5","Exc L5 ET",0.0291176122045377,6.08630365753252,0.618410918457723,0.432998388652693,0.999723251605349,1,"arteriol_scler"
"5056","KLF9","Exc L5 ET",0.0253467406802306,5.44267931341285,0.274447950837667,0.601211158233822,0.999723251605349,1,"arteriol_scler"
"5057","TRPM3","Exc L5 ET",-0.057757750069329,7.96697445876954,0.851477072120399,0.357759278976839,0.999723251605349,1,"arteriol_scler"
"5058","CEMIP2","Exc L5 ET",0.00548745529406003,6.96871239175417,0.0272150206850507,0.869211286484539,0.999723251605349,1,"arteriol_scler"
"5059","ABHD17B","Exc L5 ET",0.0343343324166814,5.47942122825763,0.885256485701861,0.348424302565347,0.999723251605349,1,"arteriol_scler"
"5060","C9orf85","Exc L5 ET",-0.00422546433366401,5.3614832732631,0.00931161435461534,0.975399217134998,0.999723251605349,1,"arteriol_scler"
"5061","GDA","Exc L5 ET",-0.0344596304660533,7.60930323600043,1.51795001569598,0.220043249053622,0.999723251605349,1,"arteriol_scler"
"5062","ZFAND5","Exc L5 ET",0.0364209422338842,5.99792352417732,0.495253891661868,0.482788975490776,0.999723251605349,1,"arteriol_scler"
"5063","RORB","Exc L5 ET",-0.0207277408809242,3.48378171674129,0.0148056251059624,0.903332283066321,0.999723251605349,1,"arteriol_scler"
"5064","CARNMT1","Exc L5 ET",-0.00537310401763256,5.598300758434,0.0173975106556387,0.89525746356479,0.999723251605349,1,"arteriol_scler"
"5065","NMRK1","Exc L5 ET",0.0214749406185267,4.78812439237971,0.122926564213628,0.726421069225644,0.999723251605349,1,"arteriol_scler"
"5066","OSTF1","Exc L5 ET",0.0219107997547024,4.70516867592116,0.154054136650518,0.695301613368148,0.999723251605349,1,"arteriol_scler"
"5067","PCSK5","Exc L5 ET",0.11145534799198,6.64903851018675,3.24335837615406,0.0739161654131178,0.999723251605349,1,"arteriol_scler"
"5068","RFK","Exc L5 ET",-0.00942708962277794,5.19511275234257,0.0168711233674462,0.896845110050923,0.999723251605349,1,"arteriol_scler"
"5069","GCNT1","Exc L5 ET",-0.000103811027382797,4.00656287134326,6.79946248018043e-07,0.999343274740273,0.999723251605349,1,"arteriol_scler"
"5070","PRUNE2","Exc L5 ET",0.00416968314974492,8.56812219858822,0.023486324640681,0.878424973311872,0.999723251605349,1,"arteriol_scler"
"5071","PCA3","Exc L5 ET",-0.0631290932434555,4.61428480789013,0.527462811806683,0.46891618282536,0.999723251605349,1,"arteriol_scler"
"5072","VPS13A","Exc L5 ET",0.00742330138002479,8.2415383121802,0.0878970632186568,0.767317407834979,0.999723251605349,1,"arteriol_scler"
"5073","GNA14","Exc L5 ET",0.147953568794338,3.94944046602838,1.75817949973036,0.187061273237074,0.999723251605349,1,"arteriol_scler"
"5074","GNAQ","Exc L5 ET",0.0299865887305152,8.86593009959694,1.9391159194846,0.166023589031189,0.999723251605349,1,"arteriol_scler"
"5075","CEP78","Exc L5 ET",0.0124074686747522,5.67791439763759,0.0801753506338206,0.77748790883916,0.999723251605349,1,"arteriol_scler"
"5076","PSAT1","Exc L5 ET",-0.0278862381166893,4.20466602503013,0.152550579573671,0.69671724320147,0.999723251605349,1,"arteriol_scler"
"5077","TLE4","Exc L5 ET",0.0655041913495764,5.80413204310283,1.0333325467075,0.311171513563882,0.999723251605349,1,"arteriol_scler"
"5078","TLE1","Exc L5 ET",-0.0130023701357798,6.0078584828966,0.0916731858015699,0.762520589836087,0.999723251605349,1,"arteriol_scler"
"5079","FRMD3","Exc L5 ET",-0.0780277221583072,4.25283522881393,0.575875971390433,0.449238768731212,0.999723251605349,1,"arteriol_scler"
"5080","UBQLN1","Exc L5 ET",0.0101617617912574,6.33452907709726,0.128388498828344,0.720661053707831,0.999723251605349,1,"arteriol_scler"
"5081","GKAP1","Exc L5 ET",0.0157965648797788,5.20190248290315,0.0929216307608609,0.760958478578672,0.999723251605349,1,"arteriol_scler"
"5082","KIF27","Exc L5 ET",0.0206272179834418,5.2176809642883,0.281554331950784,0.59654450292867,0.999723251605349,1,"arteriol_scler"
"5083","HNRNPK","Exc L5 ET",0.00278342681243922,5.8894760319766,0.00260493913443914,0.959369199931328,0.999723251605349,1,"arteriol_scler"
"5084","NTRK2","Exc L5 ET",-0.0137848744447812,10.0145264294643,0.3553470031589,0.552086786998025,0.999723251605349,1,"arteriol_scler"
"5085","AGTPBP1","Exc L5 ET",-0.00308097349485844,7.8785550146027,0.0149577518989371,0.90283940151688,0.999723251605349,1,"arteriol_scler"
"5086","NAA35","Exc L5 ET",-0.0538501380273971,6.11107293742049,2.4324761927718,0.121155262809429,0.999723251605349,1,"arteriol_scler"
"5087","GOLM1","Exc L5 ET",-0.000446425196260834,6.62949954058722,0.000264329368968756,0.987052082695698,0.999723251605349,1,"arteriol_scler"
"5088","C9orf153","Exc L5 ET",-0.0212539953855662,4.10128210940481,0.033759663420131,0.854491011305977,0.999723251605349,1,"arteriol_scler"
"5089","ISCA1","Exc L5 ET",0.0147734080973223,5.67902015037653,0.0662007174780312,0.797337619194065,0.999723251605349,1,"arteriol_scler"
"5090","TUT7","Exc L5 ET",0.0358001198432337,5.78212670400155,0.757462637703756,0.385648226035983,0.999723251605349,1,"arteriol_scler"
"5091","GAS1RR","Exc L5 ET",-0.067123254160047,4.14666379790893,0.620049741552659,0.43239083979144,0.999723251605349,1,"arteriol_scler"
"5092","DAPK1","Exc L5 ET",-0.0116635490384869,7.70416173494931,0.101104518537469,0.750992990164263,0.999723251605349,1,"arteriol_scler"
"5093","CTSL","Exc L5 ET",-0.0805716522086077,5.236179695909,1.77852965362765,0.184546008513513,0.999723251605349,1,"arteriol_scler"
"5094","CDK20","Exc L5 ET",0.101048372287511,3.88100112416375,2.16423701475807,0.143551045639124,0.999723251605349,1,"arteriol_scler"
"5095","SPIN1","Exc L5 ET",0.00701506678540933,7.50977033890624,0.070089606434858,0.791604792193375,0.999723251605349,1,"arteriol_scler"
"5096","SHC3","Exc L5 ET",-0.00415068584480605,8.03985300192006,0.0156954586599112,0.900484586655448,0.999723251605349,1,"arteriol_scler"
"5097","SECISBP2","Exc L5 ET",0.0198660967286446,6.54660725475491,0.235989801936476,0.627894719851871,0.999723251605349,1,"arteriol_scler"
"5098","SEMA4D","Exc L5 ET",0.0127770221454702,5.28414688290273,0.0529099622768974,0.81841850431065,0.999723251605349,1,"arteriol_scler"
"5099","DIRAS2","Exc L5 ET",-0.000194754417034714,6.99381104275731,2.10360440892515e-05,0.996347190849225,0.999723251605349,1,"arteriol_scler"
"5100","AL158071.4","Exc L5 ET",0.0954641726386619,3.71278633686971,0.928613183764628,0.336923719990232,0.999723251605349,1,"arteriol_scler"
"5101","AUH","Exc L5 ET",0.00706662395135452,7.16257903462226,0.0601962167127525,0.806553728366095,0.999723251605349,1,"arteriol_scler"
"5102","SPTLC1","Exc L5 ET",-0.0139042881193644,5.69476559208091,0.163165346613501,0.710973131600688,0.999723251605349,1,"arteriol_scler"
"5103","IARS","Exc L5 ET",0.0301866597977467,6.59089830878107,0.97294661027292,0.343638769573272,0.999723251605349,1,"arteriol_scler"
"5104","NOL8","Exc L5 ET",0.0240512566318252,4.45076599422025,0.198689255804836,0.851292330323159,0.999723251605349,1,"arteriol_scler"
"5105","CENPP","Exc L5 ET",0.0724797225920368,6.95951510283687,2.28812926228951,0.132673532371039,0.999723251605349,1,"arteriol_scler"
"5106","IPPK","Exc L5 ET",-0.0279840385211016,5.35742989534724,0.384807684853044,0.536073331289799,0.999723251605349,1,"arteriol_scler"
"5107","BICD2","Exc L5 ET",0.0212973537347453,4.81785353634688,0.221019872987232,0.639012461604905,0.999723251605349,1,"arteriol_scler"
"5108","ZNF484","Exc L5 ET",-0.0599234035075409,4.0895775874676,0.823473819212848,0.36576204045472,0.999723251605349,1,"arteriol_scler"
"5109","CARD19","Exc L5 ET",-0.037730261524022,5.12343773653591,0.512303621138542,0.475363148760316,0.999723251605349,1,"arteriol_scler"
"5110","WNK2","Exc L5 ET",-0.0109283890498288,7.79168980439076,0.163010092911615,0.687030541918627,0.999723251605349,1,"arteriol_scler"
"5111","C9orf129","Exc L5 ET",-0.0361990233146811,5.05240018391735,0.509093269780408,0.476746996140479,0.999723251605349,1,"arteriol_scler"
"5112","FAM120AOS","Exc L5 ET",-0.0219164629264559,4.46506732180849,0.128119747296495,0.720941204193475,0.999723251605349,1,"arteriol_scler"
"5113","FAM120A","Exc L5 ET",-0.0188033289572879,6.64762152448973,0.394123073079873,0.531186529244599,0.999723251605349,1,"arteriol_scler"
"5114","PHF2","Exc L5 ET",0.0142653318332277,4.39154025281256,0.0553425634928096,0.814366453439726,0.999723251605349,1,"arteriol_scler"
"5115","PTPDC1","Exc L5 ET",-0.00518929187524715,6.29382917763237,0.0239060755536845,0.877351996390782,0.999723251605349,1,"arteriol_scler"
"5116","AL158152.2","Exc L5 ET",0.0298917079718016,4.62695513034469,0.357768832380997,0.590482356429681,0.999723251605349,1,"arteriol_scler"
"5117","ZNF169","Exc L5 ET",-0.0272980025829788,4.7173953647015,0.374989784807577,0.54131333039039,0.999723251605349,1,"arteriol_scler"
"5118","MFSD14B","Exc L5 ET",-0.0399105278159905,4.873065099301,0.654761931355308,0.419820279625088,0.999723251605349,1,"arteriol_scler"
"5119","C9orf3","Exc L5 ET",0.047969409840792,7.87376836897647,2.25078357140307,0.135850958976624,0.999723251605349,1,"arteriol_scler"
"5120","FANCC","Exc L5 ET",0.0366127667054851,4.6311907035156,0.303062555423588,0.582866563026202,0.999723251605349,1,"arteriol_scler"
"5121","LINC00476","Exc L5 ET",0.0971607957318623,5.80326536048907,3.48762714545501,0.0639686775094362,0.999723251605349,1,"arteriol_scler"
"5122","ERCC6L2","Exc L5 ET",0.0352402278291866,6.51378802910444,0.955042212595058,0.330164006522811,0.999723251605349,1,"arteriol_scler"
"5123","HABP4","Exc L5 ET",0.0245912380082581,6.24201585031846,0.476100482812927,0.491362752372859,0.999723251605349,1,"arteriol_scler"
"5124","CDC14B","Exc L5 ET",-0.0727854160746059,7.2021409656762,3.80793881607351,0.0530533120477464,0.999723251605349,1,"arteriol_scler"
"5125","AL589843.1","Exc L5 ET",-0.0106132149736375,5.32319296897904,0.0347361546087871,0.852425684339719,0.999723251605349,1,"arteriol_scler"
"5126","ZNF510","Exc L5 ET",-0.0697279398527007,4.54789928529038,1.85752287013992,0.176364323083795,0.999723251605349,1,"arteriol_scler"
"5127","ZNF782","Exc L5 ET",-0.0126387258775127,5.91420056053059,0.0863752934686114,0.769282201524562,0.999723251605349,1,"arteriol_scler"
"5128","MFSD14C","Exc L5 ET",0.000273425296541164,6.49598085643877,7.16477057741503e-05,0.993258719472155,0.999723251605349,1,"arteriol_scler"
"5129","AL590705.1","Exc L5 ET",0.0295980449746711,5.39140671045537,0.21889677907314,0.640626237173001,0.999723251605349,1,"arteriol_scler"
"5130","CCDC180","Exc L5 ET",-0.0333960522673871,5.08918173841539,0.426858052762752,0.514631191814433,0.999723251605349,1,"arteriol_scler"
"5131","TDRD7","Exc L5 ET",0.0624089685338147,4.63470839267421,1.19682134637682,0.275880289328167,0.999723251605349,1,"arteriol_scler"
"5132","TMOD1","Exc L5 ET",0.103245721947948,5.72298316241221,4.41763766593522,0.0374023458241463,0.999723251605349,1,"arteriol_scler"
"5133","TSTD2","Exc L5 ET",-0.0247415215048939,5.25975695910373,0.305218564083858,0.581530649079353,0.999723251605349,1,"arteriol_scler"
"5134","NCBP1","Exc L5 ET",-0.0485251610662386,4.8577392256568,1.03473128675733,0.310845482752203,0.999723251605349,1,"arteriol_scler"
"5135","XPA","Exc L5 ET",-0.0111278341577589,5.62814147692233,0.0676260235941807,0.795216124527012,0.999723251605349,1,"arteriol_scler"
"5136","NANS","Exc L5 ET",0.0703301277773765,4.03393572981549,0.78396019280377,0.377486239552793,0.999723251605349,1,"arteriol_scler"
"5137","TRIM14","Exc L5 ET",-0.00631901715681681,4.73776967258089,0.0129649330176165,0.909512794644351,0.999723251605349,1,"arteriol_scler"
"5138","CORO2A","Exc L5 ET",-0.0145911717542361,4.85225428497258,0.0645143741592734,0.799879361551767,0.999723251605349,1,"arteriol_scler"
"5139","GABBR2","Exc L5 ET",0.000515471640456286,9.3249882995352,0.000547869284171302,0.981360038472886,0.999723251605349,1,"arteriol_scler"
"5140","ANKS6","Exc L5 ET",-0.0576250369498628,6.33563560564572,1.79438923552525,0.182613220806692,0.999723251605349,1,"arteriol_scler"
"5141","GALNT12","Exc L5 ET",-0.10567001328592,4.51743569694429,2.47271344742101,0.118147568742532,0.999723251605349,1,"arteriol_scler"
"5142","ALG2","Exc L5 ET",0.0550546684761836,3.90683009017855,0.516590771959344,0.473525341675604,0.999723251605349,1,"arteriol_scler"
"5143","SEC61B","Exc L5 ET",-0.0480339538938463,4.66393960721144,0.556176562051203,0.45708429054835,0.999723251605349,1,"arteriol_scler"
"5144","AL359710.1","Exc L5 ET",0.0756653762503565,5.08392962531442,1.43990587509427,0.232228359968028,0.999723251605349,1,"arteriol_scler"
"5145","NR4A3","Exc L5 ET",-0.0264253846390277,3.9853622822141,0.0807026867154982,0.776776889203446,0.999723251605349,1,"arteriol_scler"
"5146","STX17","Exc L5 ET",0.0293299909756966,5.21032623794107,0.464663237270883,0.50269784880743,0.999723251605349,1,"arteriol_scler"
"5147","ERP44","Exc L5 ET",-0.00294495891185687,6.43846648750136,0.010674484518546,0.917862360263068,0.999723251605349,1,"arteriol_scler"
"5148","INVS","Exc L5 ET",0.0265993060468237,7.34227847226577,0.796871108119062,0.373597951314137,0.999723251605349,1,"arteriol_scler"
"5149","TEX10","Exc L5 ET",-0.0990968116248717,4.77534038105926,4.43522960547447,0.0375922714401838,0.999723251605349,1,"arteriol_scler"
"5150","MSANTD3-TMEFF1","Exc L5 ET",-0.00388041407338338,4.18689024762927,0.003832232172816,0.950728810562531,0.999723251605349,1,"arteriol_scler"
"5151","CAVIN4","Exc L5 ET",-0.0247963871913966,4.35728245020131,0.165862665547554,0.684451772462592,0.999723251605349,1,"arteriol_scler"
"5152","PLPPR1","Exc L5 ET",-0.171039594983034,4.26375912275589,4.55630423199815,0.0345804437236051,0.999723251605349,1,"arteriol_scler"
"5153","MRPL50","Exc L5 ET",0.0213025233223606,4.31089666243405,0.0847489397787797,0.771402936461664,0.999723251605349,1,"arteriol_scler"
"5154","ZNF189","Exc L5 ET",0.0212437929996702,6.51961786049638,0.256454212860291,0.613381802845333,0.999723251605349,1,"arteriol_scler"
"5155","TMEM246","Exc L5 ET",0.100461680670623,5.70895138103746,2.84141666415415,0.0941426088371569,0.999723251605349,1,"arteriol_scler"
"5156","RNF20","Exc L5 ET",-0.0496453726139734,4.60478453969708,0.827408292356468,0.364622707389148,0.999723251605349,1,"arteriol_scler"
"5157","GRIN3A","Exc L5 ET",-0.0112939538006774,6.13871484662326,0.0209992753957228,0.884994191870027,0.999723251605349,1,"arteriol_scler"
"5158","SMC2","Exc L5 ET",-0.0249294597270314,4.0511465443509,0.096097432402911,0.757035797124131,0.999723251605349,1,"arteriol_scler"
"5159","NIPSNAP3A","Exc L5 ET",-0.0844180904553418,3.94936312541474,1.3942508575308,0.32906930150897,0.999723251605349,1,"arteriol_scler"
"5160","ABCA1","Exc L5 ET",0.027374557715052,3.87641575043201,0.0898293814320515,0.764849040532601,0.999723251605349,1,"arteriol_scler"
"5161","SLC44A1","Exc L5 ET",0.0146975310894405,7.38459002908637,0.298770474278547,0.585544598220253,0.999723251605349,1,"arteriol_scler"
"5162","FSD1L","Exc L5 ET",-0.0201153965116836,6.70262474981496,0.492461801388561,0.484023263086331,0.999723251605349,1,"arteriol_scler"
"5163","FKTN","Exc L5 ET",0.00771274518745164,5.95530783162405,0.042685940572688,0.947468165393028,0.999723251605349,1,"arteriol_scler"
"5164","TMEM38B","Exc L5 ET",0.0674394154632853,4.23098111883935,1.05861609708449,0.305346593287013,0.999723251605349,1,"arteriol_scler"
"5165","LINC01505","Exc L5 ET",0.155649117986315,5.72614709198603,4.82930332179792,0.029662245339461,0.999723251605349,1,"arteriol_scler"
"5166","ZNF462","Exc L5 ET",-0.00747369192685374,4.76308326670093,0.00713393912732113,0.932812065436804,0.999723251605349,1,"arteriol_scler"
"5167","RAD23B","Exc L5 ET",-0.0381544545182803,6.38868225779408,1.5154775136191,0.296180289892981,0.999723251605349,1,"arteriol_scler"
"5168","ELP1","Exc L5 ET",0.0241482040732731,6.13672832819606,0.676181447272236,0.484036411429898,0.999723251605349,1,"arteriol_scler"
"5169","FAM206A","Exc L5 ET",-0.0830688930156407,4.46743674740894,2.21020308907752,0.176020860772141,0.999723251605349,1,"arteriol_scler"
"5170","CTNNAL1","Exc L5 ET",0.0275821675739226,5.56333637886744,0.312986476022948,0.576768038925706,0.999723251605349,1,"arteriol_scler"
"5171","TMEM245","Exc L5 ET",-0.0253697547802388,6.81531114249306,0.698871976719734,0.40462065327491,0.999723251605349,1,"arteriol_scler"
"5172","FRRS1L","Exc L5 ET",0.0270356122760419,7.56406778664552,1.40452447321551,0.238021970676439,0.999723251605349,1,"arteriol_scler"
"5173","EPB41L4B","Exc L5 ET",-0.00169713985253051,5.61710194726384,0.00134314988589051,0.970818285948589,0.999723251605349,1,"arteriol_scler"
"5174","PALM2-AKAP2","Exc L5 ET",0.0020821119501221,5.22642951505604,0.00143743066218809,0.969811944672185,0.999723251605349,1,"arteriol_scler"
"5175","TXN","Exc L5 ET",-0.00242411346407066,4.40888108139812,0.000561768150080622,0.981125125251615,0.999723251605349,1,"arteriol_scler"
"5176","ECPAS","Exc L5 ET",-0.0240821740228147,7.5282571848799,1.05090816868101,0.38611024365674,0.999723251605349,1,"arteriol_scler"
"5177","ZNF483","Exc L5 ET",-0.0231872736453099,7.27986644498092,0.429446156823923,0.513361218842202,0.999723251605349,1,"arteriol_scler"
"5178","PTGR1","Exc L5 ET",-0.0127302368981003,5.95079283530961,0.0624773685508422,0.802997282057598,0.999723251605349,1,"arteriol_scler"
"5179","UGCG","Exc L5 ET",-0.0156605280484308,5.4852047410148,0.157288461181256,0.692283253558375,0.999723251605349,1,"arteriol_scler"
"5180","SUSD1","Exc L5 ET",0.012031108470975,6.29308695842077,0.0925149577138204,0.761466059888459,0.999723251605349,1,"arteriol_scler"
"5181","PTBP3","Exc L5 ET",0.0312976414316728,5.79958294898787,0.53158175501977,0.467188913036819,0.999723251605349,1,"arteriol_scler"
"5182","HSDL2","Exc L5 ET",-0.0115373574386506,4.85244312667603,0.0482707028704536,0.826427642178829,0.999723251605349,1,"arteriol_scler"
"5183","KIAA1958","Exc L5 ET",0.0217311987466133,7.53032825964881,0.438840566292852,0.508797002167562,0.999723251605349,1,"arteriol_scler"
"5184","INIP","Exc L5 ET",-0.0312043291140963,5.41771843237405,0.564059724874633,0.453918995937301,0.999723251605349,1,"arteriol_scler"
"5185","SNX30","Exc L5 ET",-0.0239115037734125,5.9674132795541,0.468729454891626,0.494730440737832,0.999723251605349,1,"arteriol_scler"
"5186","ZNF883","Exc L5 ET",-0.0322192955695912,4.70905981810449,0.23040587591979,0.631989570353402,0.999723251605349,1,"arteriol_scler"
"5187","FKBP15","Exc L5 ET",0.0663218204980881,5.27715065607615,2.93471920360812,0.0889588878280853,0.999723251605349,1,"arteriol_scler"
"5188","SLC31A1","Exc L5 ET",-0.0306313027234497,4.55428745638829,0.354317402432928,0.915446859675566,0.999723251605349,1,"arteriol_scler"
"5189","PRPF4","Exc L5 ET",0.0968819108665373,4.1360767304136,2.23283011161072,0.137409014656984,0.999723251605349,1,"arteriol_scler"
"5190","WDR31","Exc L5 ET",-0.0762306461469715,4.30096342100546,1.19229504219382,0.276786230763488,0.999723251605349,1,"arteriol_scler"
"5191","HDHD3","Exc L5 ET",0.0790843764301992,4.41646341618065,1.23401105791952,0.268576862501919,0.999723251605349,1,"arteriol_scler"
"5192","ALAD","Exc L5 ET",0.0467278549379375,4.43627054383401,0.514439277092776,0.474446188733588,0.999723251605349,1,"arteriol_scler"
"5193","ZNF618","Exc L5 ET",-0.0117762844991262,4.01655333728131,0.0207638449938159,0.88563618759785,0.999723251605349,1,"arteriol_scler"
"5194","AKNA","Exc L5 ET",0.114182725364445,4.3021361462653,3.41895778250897,0.0666100081209793,0.999723251605349,1,"arteriol_scler"
"5195","ATP6V1G1","Exc L5 ET",-0.0198010794821797,5.85136335666086,0.0668262197104495,0.796403619882636,0.999723251605349,1,"arteriol_scler"
"5196","TMEM268","Exc L5 ET",-0.0130153984615762,5.23049921036545,0.0973215084543549,0.755542842912734,0.999723251605349,1,"arteriol_scler"
"5197","PAPPA","Exc L5 ET",0.0327584977186252,5.29976913281314,0.240110182000665,0.62491139881831,0.999723251605349,1,"arteriol_scler"
"5198","ASTN2","Exc L5 ET",-0.0210928270827498,8.57215388454648,0.230911688253846,0.631616139285596,0.999723251605349,1,"arteriol_scler"
"5199","TRIM32","Exc L5 ET",0.00924779143170538,4.06459420104104,0.0160711513684294,0.899306946885746,0.999723251605349,1,"arteriol_scler"
"5200","BRINP1","Exc L5 ET",-0.0135444971939666,7.01870741016778,0.114917658435694,0.73513319414473,0.999723251605349,1,"arteriol_scler"
"5201","CDK5RAP2","Exc L5 ET",-0.0976776577950074,5.74434109896855,4.86060814354394,0.0291474153676967,0.999723251605349,1,"arteriol_scler"
"5202","MEGF9","Exc L5 ET",0.0120249489317626,7.12572585104602,0.171841366848274,0.679129729815021,0.999723251605349,1,"arteriol_scler"
"5203","FBXW2","Exc L5 ET",0.00136401288211099,5.19678952388688,0.00109479892462954,0.973652837900386,0.999723251605349,1,"arteriol_scler"
"5204","PSMD5","Exc L5 ET",0.0195748754771704,5.43950905924991,0.150844171488491,0.698333644538357,0.999723251605349,1,"arteriol_scler"
"5205","CNTRL","Exc L5 ET",-0.0103316522117256,5.70091679019098,0.0540531008214261,0.816502379040753,0.999723251605349,1,"arteriol_scler"
"5206","RAB14","Exc L5 ET",-0.0562018398138745,5.98452320563788,1.2145844120748,0.27236105976072,0.999723251605349,1,"arteriol_scler"
"5207","GSN","Exc L5 ET",0.0288790819751551,4.75782159040574,0.187718230347572,0.665504858808578,0.999723251605349,1,"arteriol_scler"
"5208","DAB2IP","Exc L5 ET",0.0447536561853538,6.21206213352572,0.908703633154915,0.342139778212601,0.999723251605349,1,"arteriol_scler"
"5209","TTLL11","Exc L5 ET",-0.0287639625672494,7.65001505977893,0.720442628872844,0.397481433195835,0.999723251605349,1,"arteriol_scler"
"5210","NDUFA8","Exc L5 ET",0.0282731224390531,5.45230028935281,0.142366684196333,0.706524104945182,0.999723251605349,1,"arteriol_scler"
"5211","RBM18","Exc L5 ET",0.098195191102412,4.26381920154626,2.44065364453876,0.120537138507462,0.999723251605349,1,"arteriol_scler"
"5212","MRRF","Exc L5 ET",-0.0307445328545557,5.4643745342943,0.76777291052727,0.382442769805098,0.999723251605349,1,"arteriol_scler"
"5213","PDCL","Exc L5 ET",0.00560645411668355,4.04499944678748,0.00778498023451632,0.929820878279435,0.999723251605349,1,"arteriol_scler"
"5214","RC3H2","Exc L5 ET",0.0351656150521301,5.8890074247543,1.28974344698342,0.258080770358727,0.999723251605349,1,"arteriol_scler"
"5215","ZBTB26","Exc L5 ET",0.0786866816108931,4.00745508578356,1.47731991836269,0.226287559365567,0.999723251605349,1,"arteriol_scler"
"5216","RABGAP1","Exc L5 ET",0.0232941993876618,7.81881013392506,0.923019842573674,0.338378175539052,0.999723251605349,1,"arteriol_scler"
"5217","STRBP","Exc L5 ET",-0.0228574263239225,9.08404972815383,1.36266017478852,0.245107444140208,0.999723251605349,1,"arteriol_scler"
"5218","DENND1A","Exc L5 ET",-0.0108975481995598,8.04795478001458,0.116603791909314,0.733271446631332,0.999723251605349,1,"arteriol_scler"
"5219","NEK6","Exc L5 ET",-0.111159343675638,4.07347167884142,2.6307616960485,0.107113685076922,0.999723251605349,1,"arteriol_scler"
"5220","PSMB7","Exc L5 ET",-0.0629043743678195,5.92890257447805,2.54223019164505,0.113145698930404,0.999723251605349,1,"arteriol_scler"
"5221","NR6A1","Exc L5 ET",0.0173496707715484,7.202784910938,0.251163391152303,0.617062482440654,0.999723251605349,1,"arteriol_scler"
"5222","MIR181A2HG","Exc L5 ET",-0.118152060397568,3.97250823677643,1.53835243268324,0.21698610838139,0.999723251605349,1,"arteriol_scler"
"5223","RPL35","Exc L5 ET",-0.0709891353241041,4.17553537696145,0.464408718612989,0.49672265837565,0.999723251605349,1,"arteriol_scler"
"5224","ARPC5L","Exc L5 ET",-0.0131581625021401,5.36539903648861,0.0325953706058983,0.856994338803985,0.999723251605349,1,"arteriol_scler"
"5225","GOLGA1","Exc L5 ET",-0.0520140063016514,5.52982198681559,1.32414647800213,0.251856470736577,0.999723251605349,1,"arteriol_scler"
"5226","SCAI","Exc L5 ET",0.00276875530104921,8.03834323396421,0.00599374958706156,0.938403087292501,0.999723251605349,1,"arteriol_scler"
"5227","PPP6C","Exc L5 ET",0.0246031285662904,5.57450515631573,0.600945718498304,0.439555240692326,0.999723251605349,1,"arteriol_scler"
"5228","RABEPK","Exc L5 ET",-0.0223340177751844,5.52785408406,0.156699944074108,0.692829783087887,0.999723251605349,1,"arteriol_scler"
"5229","HSPA5","Exc L5 ET",-0.0198983703311939,4.94678390980161,0.0568383645108375,0.811921394021109,0.999723251605349,1,"arteriol_scler"
"5230","GAPVD1","Exc L5 ET",-0.0027237825396961,6.42838241220648,0.00825556862740779,0.927736599467636,0.999723251605349,1,"arteriol_scler"
"5231","MAPKAP1","Exc L5 ET",-0.0124908132653505,6.81145200596644,0.215558952031189,0.643182754490715,0.999723251605349,1,"arteriol_scler"
"5232","PBX3","Exc L5 ET",0.0773761561538677,3.6630720459747,0.402423238884063,0.526899750906856,0.999723251605349,1,"arteriol_scler"
"5233","MVB12B","Exc L5 ET",-0.0141743227227832,6.51693896637395,0.13843102982315,0.710421451954766,0.999723251605349,1,"arteriol_scler"
"5234","ZBTB43","Exc L5 ET",-0.0114210794966334,6.01958245579105,0.112776652614716,0.737519282338287,0.999723251605349,1,"arteriol_scler"
"5235","RALGPS1","Exc L5 ET",-0.0249994215644803,7.53582687673426,0.598172041132389,0.440610597477293,0.999723251605349,1,"arteriol_scler"
"5236","GARNL3","Exc L5 ET",-0.0555035767647498,7.99193452488927,3.08353502424319,0.0813262060046128,0.999723251605349,1,"arteriol_scler"
"5237","SLC2A8","Exc L5 ET",-0.0239998943893861,4.10488597339002,0.116505381913852,0.733379691514305,0.999723251605349,1,"arteriol_scler"
"5238","LRSAM1","Exc L5 ET",-0.0956753286835696,6.04012248615192,7.88102684320605,0.00572599474893853,0.999723251605349,1,"arteriol_scler"
"5239","STXBP1","Exc L5 ET",0.0271768627844312,8.16831325998574,1.21486724019884,0.272305485945976,0.999723251605349,1,"arteriol_scler"
"5240","PTRH1","Exc L5 ET",-0.0174664982547527,3.82047342610345,0.0527424342003246,0.818701139916078,0.999723251605349,1,"arteriol_scler"
"5241","SH2D3C","Exc L5 ET",0.0374800192267528,4.92224506237979,0.634758940102496,0.426995458918989,0.999723251605349,1,"arteriol_scler"
"5242","CDK9","Exc L5 ET",0.0122387188364124,4.27904888644071,0.03635735781122,0.84906205151938,0.999723251605349,1,"arteriol_scler"
"5243","FPGS","Exc L5 ET",-0.0301263549732901,4.20345370374491,0.240125755422473,0.926563582062449,0.999723251605349,1,"arteriol_scler"
"5244","DPM2","Exc L5 ET",-0.118560397216985,4.11184226528363,2.67554896065726,0.104198753978728,0.999723251605349,1,"arteriol_scler"
"5245","FAM102A","Exc L5 ET",0.00681052805127222,4.73382585568461,0.0186342412432695,0.891620924759573,0.999723251605349,1,"arteriol_scler"
"5246","SLC25A25","Exc L5 ET",-0.0971731537765135,5.01594854664571,3.33786238930378,0.0698820036473346,0.999723251605349,1,"arteriol_scler"
"5247","PTGES2","Exc L5 ET",-0.0113338393717854,4.9284770069276,0.0259437496045824,0.872275369589227,0.999723251605349,1,"arteriol_scler"
"5248","C9orf16","Exc L5 ET",0.0211920249824729,6.18243812392978,0.0850035812201543,0.771069438659825,0.999723251605349,1,"arteriol_scler"
"5249","CIZ1","Exc L5 ET",-0.0352087277099184,5.15341798919424,0.798523345911699,0.390486742174493,0.999723251605349,1,"arteriol_scler"
"5250","DNM1","Exc L5 ET",0.064229499912818,8.42725309658674,6.22203858668303,0.0138075101782154,0.999723251605349,1,"arteriol_scler"
"5251","GOLGA2","Exc L5 ET",0.0147822774338404,5.40087610060358,0.122350943415137,0.727036424775279,0.999723251605349,1,"arteriol_scler"
"5252","TRUB2","Exc L5 ET",0.0241039085399128,4.12968082985335,0.110562841120305,0.740013182472994,0.999723251605349,1,"arteriol_scler"
"5253","COQ4","Exc L5 ET",-0.00517879381022945,5.46114244987412,0.0143428400005747,0.904847689453328,0.999723251605349,1,"arteriol_scler"
"5254","SLC27A4","Exc L5 ET",0.0130213623803339,6.00180266998465,0.137272657659361,0.711580553802511,0.999723251605349,1,"arteriol_scler"
"5255","URM1","Exc L5 ET",-0.015769997571477,4.68173800122486,0.0798132463358201,0.777977607083812,0.999723251605349,1,"arteriol_scler"
"5256","ODF2","Exc L5 ET",-0.00491048451038252,5.01646968623016,0.00849120001546562,0.926715475592533,0.999723251605349,1,"arteriol_scler"
"5257","GLE1","Exc L5 ET",-0.0994326425362864,4.73452896025292,4.93415082826211,0.0279746473855979,0.999723251605349,1,"arteriol_scler"
"5258","SPTAN1","Exc L5 ET",0.00118922243309202,8.33348408382657,0.00251593776303743,0.960068739669644,0.999723251605349,1,"arteriol_scler"
"5259","SET","Exc L5 ET",-0.00266561447841843,5.48771553612866,0.00128166974569642,0.97149368328814,0.999723251605349,1,"arteriol_scler"
"5260","ZER1","Exc L5 ET",0.0249946129478368,6.86534774103507,0.608790814583986,0.436591269743781,0.999723251605349,1,"arteriol_scler"
"5261","TBC1D13","Exc L5 ET",0.0272771206164386,4.48955725307324,0.285330056554956,0.594095704456886,0.999723251605349,1,"arteriol_scler"
"5262","ENDOG","Exc L5 ET",-0.113585418878201,4.13812798538288,1.88609060287858,0.171889949754796,0.999723251605349,1,"arteriol_scler"
"5263","KYAT1","Exc L5 ET",0.00110797012369751,6.07097901035177,0.000696655201439032,0.978981359119205,0.999723251605349,1,"arteriol_scler"
"5264","LRRC8A","Exc L5 ET",0.0709839003854114,4.96669537833255,1.72124019739812,0.191730562942772,0.999723251605349,1,"arteriol_scler"
"5265","NUP188","Exc L5 ET",0.0152283475556497,4.4829780080752,0.085884357962244,0.769920069767459,0.999723251605349,1,"arteriol_scler"
"5266","SH3GLB2","Exc L5 ET",-0.0414526675622659,5.61482153642567,0.719213873839914,0.397883158288849,0.999723251605349,1,"arteriol_scler"
"5267","MIGA2","Exc L5 ET",0.0206147324607212,5.15424444145157,0.193695642292718,0.769585018938866,0.999723251605349,1,"arteriol_scler"
"5268","CRAT","Exc L5 ET",-0.0411908676576296,4.1302251881738,0.568937555100923,0.505684058067741,0.999723251605349,1,"arteriol_scler"
"5269","PTPA","Exc L5 ET",0.0111158765619829,5.48906345057117,0.0498699527810499,0.82362281053849,0.999723251605349,1,"arteriol_scler"
"5270","IER5L","Exc L5 ET",0.0270879864168491,4.79094987314511,0.135791958997873,0.713070318849282,0.999723251605349,1,"arteriol_scler"
"5271","LINC01503","Exc L5 ET",-0.07011567414538,4.50512174107977,1.2658544789496,0.262515759167276,0.999723251605349,1,"arteriol_scler"
"5272","NTMT1","Exc L5 ET",-0.0499941519152331,4.06382498787941,0.46417695115933,0.496829906093063,0.999723251605349,1,"arteriol_scler"
"5273","ASB6","Exc L5 ET",0.0105779078898701,4.33565195208855,0.0296466602788451,0.863548842049215,0.999723251605349,1,"arteriol_scler"
"5274","TOR1B","Exc L5 ET",0.0586188677109206,4.36350780525917,0.981318465419689,0.323622272927795,0.999723251605349,1,"arteriol_scler"
"5275","C9orf78","Exc L5 ET",0.00958749773584266,4.7561824861488,0.0197484528675141,0.888448580706626,0.999723251605349,1,"arteriol_scler"
"5276","USP20","Exc L5 ET",-0.0293812425877447,5.33437460075474,0.629535505514129,0.428899652424836,0.999723251605349,1,"arteriol_scler"
"5277","FNBP1","Exc L5 ET",0.00522884848165452,6.51777426939489,0.0209069344391792,0.885245556468214,0.999723251605349,1,"arteriol_scler"
"5278","GPR107","Exc L5 ET",-0.0314797169651463,5.65461793896665,0.810219871157404,0.369636904865724,0.999723251605349,1,"arteriol_scler"
"5279","NCS1","Exc L5 ET",0.0346934733715188,6.48853538485244,0.836388816029442,0.362040614065752,0.999723251605349,1,"arteriol_scler"
"5280","FUBP3","Exc L5 ET",-0.0421153974014511,6.1380900986581,1.43114781312557,0.23364629699716,0.999723251605349,1,"arteriol_scler"
"5281","ABL1","Exc L5 ET",0.0148581043450457,6.08880659332789,0.11219052704533,0.738176893296731,0.999723251605349,1,"arteriol_scler"
"5282","NUP214","Exc L5 ET",-0.0321564871702995,5.64199629725022,0.629614652882841,0.428870703306387,0.999723251605349,1,"arteriol_scler"
"5283","AL157938.2","Exc L5 ET",-0.0534203926956185,3.5935004238467,0.246679838983718,0.620219771789229,0.999723251605349,1,"arteriol_scler"
"5284","PLPP7","Exc L5 ET",0.0131348935850569,4.8978869498124,0.0481188503432652,0.826696485134464,0.999723251605349,1,"arteriol_scler"
"5285","PRRC2B","Exc L5 ET",0.0166498376630056,6.6411213546321,0.325496739759124,0.569258704453892,0.999723251605349,1,"arteriol_scler"
"5286","POMT1","Exc L5 ET",0.0863800565116933,5.43594474366538,3.78970469094589,0.0536176942064626,0.999723251605349,1,"arteriol_scler"
"5287","RAPGEF1","Exc L5 ET",-0.0141906855818461,6.45296693325729,0.1684667914526,0.682120100379797,0.999723251605349,1,"arteriol_scler"
"5288","MED27","Exc L5 ET",-0.0118850852248562,6.85849180877852,0.162815684630927,0.6872072433576,0.999723251605349,1,"arteriol_scler"
"5289","NTNG2","Exc L5 ET",0.101012159155233,4.06618240893086,2.10460779845457,0.149144881742657,0.999723251605349,1,"arteriol_scler"
"5290","SETX","Exc L5 ET",-0.0161351944446156,6.49299394701126,0.388786499928309,0.533976110974782,0.999723251605349,1,"arteriol_scler"
"5291","TTF1","Exc L5 ET",0.0266653727362029,4.86064791978794,0.245619541509232,0.620971657497854,0.999723251605349,1,"arteriol_scler"
"5292","DDX31","Exc L5 ET",-0.0437049943326083,4.3447226057397,0.468234939197226,0.49495776820041,0.999723251605349,1,"arteriol_scler"
"5293","GTF3C4","Exc L5 ET",-0.0335449176760224,4.33990567185313,0.341594592342504,0.559872769574597,0.999723251605349,1,"arteriol_scler"
"5294","AK8","Exc L5 ET",-0.103172861177388,4.37604020875922,1.66751857319562,0.198768728869299,0.999723251605349,1,"arteriol_scler"
"5295","TSC1","Exc L5 ET",0.0205990469016126,6.3351334485634,0.505348663927555,0.47836949172555,0.999723251605349,1,"arteriol_scler"
"5296","GTF3C5","Exc L5 ET",-0.0276940877989039,4.3008460349698,0.289500011285103,0.591415333187394,0.999723251605349,1,"arteriol_scler"
"5297","RALGDS","Exc L5 ET",0.00298633519222876,4.91518942642858,0.00392411241776621,0.95660135525665,0.999723251605349,1,"arteriol_scler"
"5298","RPL7A","Exc L5 ET",-0.0146055995250448,5.26801615219429,0.0236997077199433,0.877878302737873,0.999723251605349,1,"arteriol_scler"
"5299","SURF1","Exc L5 ET",-0.0225616548581053,3.72228982618895,0.0596840668195158,0.807361981912259,0.999723251605349,1,"arteriol_scler"
"5300","SURF4","Exc L5 ET",0.00988490219521669,5.6455632250462,0.0672537066116591,0.795767977811379,0.999723251605349,1,"arteriol_scler"
"5301","REXO4","Exc L5 ET",0.00873178482616882,4.03570768640067,0.019952773526217,0.920964827892199,0.999723251605349,1,"arteriol_scler"
"5302","ADAMTS13","Exc L5 ET",-0.00255470891885951,4.8585443006684,0.00304870073407378,0.956047696691825,0.999723251605349,1,"arteriol_scler"
"5303","SLC2A6","Exc L5 ET",-0.0262457192099426,5.64803187431797,0.399086228603645,0.528615703260517,0.999723251605349,1,"arteriol_scler"
"5304","VAV2","Exc L5 ET",-0.058414705955067,4.41068181563654,0.356504274290185,0.551440954258626,0.999723251605349,1,"arteriol_scler"
"5305","BRD3OS","Exc L5 ET",0.0551472922228482,4.50612758390277,0.822589653015737,0.366018758317938,0.999723251605349,1,"arteriol_scler"
"5306","BRD3","Exc L5 ET",-0.0334955189015365,4.53682575797064,0.369768186066619,0.544138791954355,0.999723251605349,1,"arteriol_scler"
"5307","WDR5","Exc L5 ET",-0.00656216563366524,5.23502203602729,0.036670413389454,0.848421544121707,0.999723251605349,1,"arteriol_scler"
"5308","RXRA","Exc L5 ET",0.0302651833737891,5.24421790558492,0.405274761258227,0.5254413426909,0.999723251605349,1,"arteriol_scler"
"5309","AL669970.1","Exc L5 ET",0.144924085827636,3.97862818605591,2.9008513404637,0.0908033865042654,0.999723251605349,1,"arteriol_scler"
"5310","AL669970.3","Exc L5 ET",0.063672021308529,4.31494492178022,0.634284345783756,0.427167941381876,0.999723251605349,1,"arteriol_scler"
"5311","OLFM1","Exc L5 ET",-0.0412831252610722,7.00939729968926,0.600224542752946,0.439829265069518,0.999723251605349,1,"arteriol_scler"
"5312","PPP1R26-AS1","Exc L5 ET",0.0285604909106558,3.94788577330204,0.103572398190943,0.748075207671642,0.999723251605349,1,"arteriol_scler"
"5313","MRPS2","Exc L5 ET",0.0330689358191009,3.78420438179539,0.137182235125527,0.711671267182722,0.999723251605349,1,"arteriol_scler"
"5314","SOHLH1","Exc L5 ET",0.0772348835476262,4.70674969045397,1.82695866186605,0.1787177302206,0.999723251605349,1,"arteriol_scler"
"5315","KCNT1","Exc L5 ET",0.0307939188088992,6.66508561121424,0.723141737622765,0.396601063041195,0.999723251605349,1,"arteriol_scler"
"5316","CAMSAP1","Exc L5 ET",0.0830458931089772,5.73248639803094,6.90215887861998,0.00959149378065218,0.999723251605349,1,"arteriol_scler"
"5317","UBAC1","Exc L5 ET",-0.0505800186595413,5.27184277848094,1.00725754359421,0.317332501877482,0.999723251605349,1,"arteriol_scler"
"5318","QSOX2","Exc L5 ET",0.0967506846175344,4.21806852547584,2.91901180720419,0.0898091780813629,0.999723251605349,1,"arteriol_scler"
"5319","GPSM1","Exc L5 ET",0.0264569740982684,4.37461844927144,0.179951834228694,0.672080912032121,0.999723251605349,1,"arteriol_scler"
"5320","SNAPC4","Exc L5 ET",-0.0157584438993718,4.7449281500594,0.104586039952893,0.746887899939263,0.999723251605349,1,"arteriol_scler"
"5321","ENTR1","Exc L5 ET",-0.0351321878552175,5.01792640064474,0.354881223415823,0.552347125318723,0.999723251605349,1,"arteriol_scler"
"5322","PMPCA","Exc L5 ET",0.0700076276897563,4.76049318392384,1.70286684287222,0.194104066335223,0.999723251605349,1,"arteriol_scler"
"5323","INPP5E","Exc L5 ET",-0.0827888078433841,4.55422677008096,1.78183072404318,0.184141745230655,0.999723251605349,1,"arteriol_scler"
"5324","SEC16A","Exc L5 ET",-0.0528428397865781,5.33002748474848,1.81039869244734,0.180686137590319,0.999723251605349,1,"arteriol_scler"
"5325","EGFL7","Exc L5 ET",-0.0618463706232598,4.72974409668343,0.98264753795745,0.323295995577676,0.999723251605349,1,"arteriol_scler"
"5326","FAM69B","Exc L5 ET",0.0501645492604605,4.81045479213804,0.69744575540621,0.40509928702478,0.999723251605349,1,"arteriol_scler"
"5327","SNHG7","Exc L5 ET",-0.0405787076699521,4.75359119662653,0.437994347484326,0.509205238489909,0.999723251605349,1,"arteriol_scler"
"5328","RABL6","Exc L5 ET",0.0703325451854258,6.27919996465028,5.69825813841861,0.018349281396843,0.999723251605349,1,"arteriol_scler"
"5329","AJM1","Exc L5 ET",0.0733101842751357,4.29177609009287,1.09586371544198,0.297021552427477,0.999723251605349,1,"arteriol_scler"
"5330","PHPT1","Exc L5 ET",-0.0469676380116499,4.26148223448264,0.250472188322581,0.617546912061186,0.999723251605349,1,"arteriol_scler"
"5331","EDF1","Exc L5 ET",-0.0440678851585072,5.1157327072262,0.286382532363051,0.593416823587594,0.999723251605349,1,"arteriol_scler"
"5332","TRAF2","Exc L5 ET",-0.0198613271742989,4.14667722109465,0.106725371950668,0.83169546436058,0.999723251605349,1,"arteriol_scler"
"5333","FBXW5","Exc L5 ET",0.0019781489962658,4.94582604192814,0.00130111049222847,0.971278394555692,0.999723251605349,1,"arteriol_scler"
"5334","PAXX","Exc L5 ET",-0.0869988384142079,4.34593095757182,1.6288440123119,0.204025294761822,0.999723251605349,1,"arteriol_scler"
"5335","ABCA2","Exc L5 ET",-0.0143268981470605,5.43582907066794,0.133186296646745,0.715714514992256,0.999723251605349,1,"arteriol_scler"
"5336","MAN1B1","Exc L5 ET",0.0391281078151794,4.80054280858703,0.655594289027352,0.419525648335929,0.999723251605349,1,"arteriol_scler"
"5337","DPP7","Exc L5 ET",-0.0229068038371341,6.0017972542176,0.249278503226974,0.618385480344498,0.999723251605349,1,"arteriol_scler"
"5338","GRIN1","Exc L5 ET",0.0470981926872725,8.10598890889282,1.7413516656284,0.189171609273483,0.999723251605349,1,"arteriol_scler"
"5339","SSNA1","Exc L5 ET",-0.0855793483611159,4.75120027523637,1.2557419763699,0.264421822848245,0.999723251605349,1,"arteriol_scler"
"5340","TPRN","Exc L5 ET",0.117627006053833,4.2563283440251,4.29634336410788,0.040071077475934,0.999723251605349,1,"arteriol_scler"
"5341","TMEM203","Exc L5 ET",-0.0371304755920758,3.97900202717167,0.122407525182054,0.726975865238982,0.999723251605349,1,"arteriol_scler"
"5342","NDOR1","Exc L5 ET",-0.102450565699549,4.06918676223291,2.6946330913061,0.102983463439327,0.999723251605349,1,"arteriol_scler"
"5343","RNF208","Exc L5 ET",0.0572755838524843,5.18952216061913,0.840814228187068,0.360777560019411,0.999723251605349,1,"arteriol_scler"
"5344","TUBB4B","Exc L5 ET",-0.0315070130063111,6.05805102595459,0.130860946310164,0.718099136622641,0.999723251605349,1,"arteriol_scler"
"5345","NELFB","Exc L5 ET",0.0474865038494291,4.40643336607795,0.677132614354179,0.412007815643227,0.999723251605349,1,"arteriol_scler"
"5346","EXD3","Exc L5 ET",-0.0420228429426933,5.1800015981533,0.852168417979585,0.357564791366924,0.999723251605349,1,"arteriol_scler"
"5347","NOXA1","Exc L5 ET",-0.00658562816648608,5.38170089524404,0.0104948587473798,0.91855392880376,0.999723251605349,1,"arteriol_scler"
"5348","NSMF","Exc L5 ET",-0.00281701836174081,5.4443065752301,0.00388308343132451,0.950403412537091,0.999723251605349,1,"arteriol_scler"
"5349","PNPLA7","Exc L5 ET",-0.0554548315893118,4.39820861293282,0.561270115645328,0.455035122989899,0.999723251605349,1,"arteriol_scler"
"5350","MRPL41","Exc L5 ET",-0.0384472124202952,5.44059660228168,0.374362869677138,0.541651126438777,0.999723251605349,1,"arteriol_scler"
"5351","DPH7","Exc L5 ET",-0.0182328140402679,4.9526613286842,0.149296855064954,0.793575996862677,0.999723251605349,1,"arteriol_scler"
"5352","ARRDC1","Exc L5 ET",-0.0792774736296493,4.16559717921835,1.65631611116372,0.200274638006554,0.999723251605349,1,"arteriol_scler"
"5353","EHMT1","Exc L5 ET",-0.0177051970452386,7.03691982852731,0.245248668932626,0.62123513103152,0.999723251605349,1,"arteriol_scler"
"5354","CACNA1B","Exc L5 ET",-0.00597590744084816,9.03721588762292,0.0502275742033301,0.823002086355567,0.999723251605349,1,"arteriol_scler"
"5355","BET1L","Exc L5 ET",-0.0624541564141057,4.14993527829413,0.995342802426774,0.320201310487826,0.999723251605349,1,"arteriol_scler"
"5356","RIC8A","Exc L5 ET",0.0719731219336577,4.15791041243375,1.27132489915814,0.261491826184024,0.999723251605349,1,"arteriol_scler"
"5357","SIRT3","Exc L5 ET",0.0826892677167786,5.1098368813963,3.83197584066772,0.0523190209130741,0.999723251605349,1,"arteriol_scler"
"5358","PSMD13","Exc L5 ET",-0.0167310385288077,5.06708855606241,0.118735075320054,0.730939581711074,0.999723251605349,1,"arteriol_scler"
"5359","B4GALNT4","Exc L5 ET",0.0252934865234775,5.49416862393664,0.319650819171668,0.572743565808287,0.999723251605349,1,"arteriol_scler"
"5360","SIGIRR","Exc L5 ET",-0.0575901652569609,4.79201995269403,0.654672006414635,0.419852129100439,0.999723251605349,1,"arteriol_scler"
"5361","PTDSS2","Exc L5 ET",0.0413991255661499,5.30696044163179,1.06868601864336,0.494694828634367,0.999723251605349,1,"arteriol_scler"
"5362","RNH1","Exc L5 ET",-0.0103178461586589,5.00172923004905,0.0228367180797652,0.880105047257105,0.999723251605349,1,"arteriol_scler"
"5363","HRAS","Exc L5 ET",0.00791796520727234,4.34139372890738,0.0116215660196937,0.914309605223054,0.999723251605349,1,"arteriol_scler"
"5364","PHRF1","Exc L5 ET",0.00709152285633135,4.09469512976998,0.0104448711117574,0.918747445668571,0.999723251605349,1,"arteriol_scler"
"5365","DEAF1","Exc L5 ET",-0.0137325033339586,6.17387012660602,0.166508863926561,0.724756224059766,0.999723251605349,1,"arteriol_scler"
"5366","AC131934.1","Exc L5 ET",0.0551331845651295,3.7594874318439,0.281688891391228,0.596456871348234,0.999723251605349,1,"arteriol_scler"
"5367","TALDO1","Exc L5 ET",0.054794060943503,4.99117135684464,0.886232609938317,0.34815954461516,0.999723251605349,1,"arteriol_scler"
"5368","GATD1","Exc L5 ET",-0.0129500882506067,4.30230863465263,0.0398259136341317,0.842117645209864,0.999723251605349,1,"arteriol_scler"
"5369","AP006621.3","Exc L5 ET",0.00263217742158442,4.60652116380764,0.00164315029979976,0.967725068140894,0.999723251605349,1,"arteriol_scler"
"5370","CEND1","Exc L5 ET",0.055690883714871,7.50892298083731,0.756475655225615,0.385957090568252,0.999723251605349,1,"arteriol_scler"
"5371","SLC25A22","Exc L5 ET",0.0959505765650787,4.64650169101292,2.09785803357538,0.149793591354086,0.999723251605349,1,"arteriol_scler"
"5372","PIDD1","Exc L5 ET",-0.076739735290297,4.39335636160815,1.78546694691451,0.183697637449116,0.999723251605349,1,"arteriol_scler"
"5373","RPLP2","Exc L5 ET",-0.068013272201518,5.21061058038715,0.794073380038193,0.374435705269648,0.999723251605349,1,"arteriol_scler"
"5374","PNPLA2","Exc L5 ET",0.110465766627148,4.12882921604748,2.78832854810829,0.0972396692707236,0.999723251605349,1,"arteriol_scler"
"5375","CD151","Exc L5 ET",0.0123206953283916,4.15979422379256,0.0326851151997492,0.856799753740089,0.999723251605349,1,"arteriol_scler"
"5376","POLR2L","Exc L5 ET",0.0230975143291764,3.77549849268127,0.0502624443793711,0.82294168650419,0.999723251605349,1,"arteriol_scler"
"5377","CHID1","Exc L5 ET",0.0572041111438182,4.30303426817428,1.17581283660223,0.341041667307529,0.999723251605349,1,"arteriol_scler"
"5378","AP2A2","Exc L5 ET",0.00644268661984896,6.36457427380396,0.0433552859714623,0.891983176159239,0.999723251605349,1,"arteriol_scler"
"5379","TOLLIP","Exc L5 ET",0.0735216983632276,5.87376406232903,1.79531696094154,0.182500895328923,0.999723251605349,1,"arteriol_scler"
"5380","BRSK2","Exc L5 ET",-0.00126779623378375,5.91423860709273,0.00124573869573577,0.971895935315765,0.999723251605349,1,"arteriol_scler"
"5381","MOB2","Exc L5 ET",-0.00403498363672955,5.25787678014054,0.0112961120076674,0.915513366865841,0.999723251605349,1,"arteriol_scler"
"5382","DUSP8","Exc L5 ET",0.0879030687680173,5.23115159766517,3.34199322042457,0.0697111976477664,0.999723251605349,1,"arteriol_scler"
"5383","KRTAP5-AS1","Exc L5 ET",-0.00770944497707508,5.2892886107999,0.0190658903679679,0.89038077182019,0.999723251605349,1,"arteriol_scler"
"5384","CD81","Exc L5 ET",0.0484609582890122,5.29646894448295,0.419200745356213,0.518421067275473,0.999723251605349,1,"arteriol_scler"
"5385","KCNQ1","Exc L5 ET",-0.139997352102814,4.3718978634498,2.87037246950075,0.0924992327505882,0.999723251605349,1,"arteriol_scler"
"5386","KCNQ1OT1","Exc L5 ET",-0.0599358552056926,7.52702771929678,1.829258548053,0.178446336613728,0.999723251605349,1,"arteriol_scler"
"5387","SLC22A18","Exc L5 ET",-0.184645114180398,3.75056002347337,3.63036986083314,0.0588324164435058,0.999723251605349,1,"arteriol_scler"
"5388","NAP1L4","Exc L5 ET",-0.034467586720715,6.465899357194,1.23393334580278,0.268591867995746,0.999723251605349,1,"arteriol_scler"
"5389","CARS","Exc L5 ET",-0.0318731340568587,5.77628560126542,0.46606933706959,0.495955372223134,0.999723251605349,1,"arteriol_scler"
"5390","OSBPL5","Exc L5 ET",-0.0133406135946101,5.04655415257903,0.06928387972168,0.792778316411173,0.999723251605349,1,"arteriol_scler"
"5391","ZNF195","Exc L5 ET",-0.017702527931582,5.34687391410936,0.180429291441188,0.671671842547624,0.999723251605349,1,"arteriol_scler"
"5392","AC127526.1","Exc L5 ET",-0.0319468050831377,4.65427046892801,0.291336638822306,0.590242681384915,0.999723251605349,1,"arteriol_scler"
"5393","NUP98","Exc L5 ET",-0.0299713724768103,5.79459860120204,0.916741280328902,0.340020942801585,0.999723251605349,1,"arteriol_scler"
"5394","PGAP2","Exc L5 ET",0.0151444925257875,4.9191765404118,0.0715721820456895,0.789464174716284,0.999723251605349,1,"arteriol_scler"
"5395","STIM1","Exc L5 ET",-0.00127330198411656,6.17521673440064,0.00122927779544819,0.972082155922124,0.999723251605349,1,"arteriol_scler"
"5396","RRM1","Exc L5 ET",-0.0918685975229172,4.27087996573076,2.61765150314336,0.107983966095567,0.999723251605349,1,"arteriol_scler"
"5397","MMP26","Exc L5 ET",0.0842217267586848,4.65268680836458,0.762418919458568,0.384102550517346,0.999723251605349,1,"arteriol_scler"
"5398","AC104389.4","Exc L5 ET",-0.0339624596688392,4.82141185788081,0.155192504780809,0.694235115017235,0.999723251605349,1,"arteriol_scler"
"5399","TRIM5","Exc L5 ET",0.0467085574531776,5.03016643937815,0.229262460942169,0.632835594958503,0.999723251605349,1,"arteriol_scler"
"5400","TRIM22","Exc L5 ET",0.00446439367217358,4.91632307952673,0.00468313322780312,0.94554053220294,0.999723251605349,1,"arteriol_scler"
"5401","FAM160A2","Exc L5 ET",-0.0284026525359099,4.44106507651866,0.316245391826868,0.591148537433398,0.999723251605349,1,"arteriol_scler"
"5402","CCKBR","Exc L5 ET",-0.0514512978873141,4.60858017964856,0.601271075646785,0.439431701331177,0.999723251605349,1,"arteriol_scler"
"5403","SMPD1","Exc L5 ET",-0.0461991165688157,3.8899068693746,0.455601550862251,0.524993914198046,0.999723251605349,1,"arteriol_scler"
"5404","APBB1","Exc L5 ET",-0.00459381416546422,6.44628649323239,0.0184009025910535,0.89229741755355,0.999723251605349,1,"arteriol_scler"
"5405","TRIM3","Exc L5 ET",-0.0173398498050333,4.58001775887377,0.115801651715386,0.734155243718337,0.999723251605349,1,"arteriol_scler"
"5406","ARFIP2","Exc L5 ET",0.125611848952362,4.23491796842865,2.98496244039666,0.0862977496870763,0.999723251605349,1,"arteriol_scler"
"5407","AC084337.2","Exc L5 ET",-0.00680933748079094,5.10364343015321,0.0158554198775372,0.899981443658221,0.999723251605349,1,"arteriol_scler"
"5408","DNHD1","Exc L5 ET",-0.019538062295733,5.46754898598437,0.166079093078133,0.684257177530626,0.999723251605349,1,"arteriol_scler"
"5409","ILK","Exc L5 ET",-0.0423108882839239,5.16819716032875,0.542908778518485,0.462491368818035,0.999723251605349,1,"arteriol_scler"
"5410","TPP1","Exc L5 ET",0.0790895353920901,5.02984891681535,2.28377854709568,0.133039344529728,0.999723251605349,1,"arteriol_scler"
"5411","MRPL17","Exc L5 ET",-0.014491894880974,3.4985744580641,0.0170214889321773,0.896389050117382,0.999723251605349,1,"arteriol_scler"
"5412","AC087280.2","Exc L5 ET",-0.000697358723246315,6.32560032231627,0.000275762238190124,0.986775058138418,0.999723251605349,1,"arteriol_scler"
"5413","PPFIBP2","Exc L5 ET",0.0103302680606062,3.83515659915371,0.00984845733900514,0.921093458525053,0.999723251605349,1,"arteriol_scler"
"5414","EIF3F","Exc L5 ET",0.00174304875886612,4.82567051901281,0.00127247481010081,0.971596078300488,0.999723251605349,1,"arteriol_scler"
"5415","TUB","Exc L5 ET",-0.0117898674078394,5.40107109297363,0.105297883526502,0.76708398531118,0.999723251605349,1,"arteriol_scler"
"5416","RIC3","Exc L5 ET",-0.0464023303281761,6.71712453371025,1.89338971172046,0.171068344030988,0.999723251605349,1,"arteriol_scler"
"5417","STK33","Exc L5 ET",-0.0613692400257381,4.04846149625169,0.311970898619844,0.577386265376785,0.999723251605349,1,"arteriol_scler"
"5418","RPL27A","Exc L5 ET",-0.150578593703452,4.19045165683514,1.91092122855808,0.169113482891819,0.999723251605349,1,"arteriol_scler"
"5419","ST5","Exc L5 ET",0.0954803233042555,4.91533535799493,1.65270855806249,0.200762465627344,0.999723251605349,1,"arteriol_scler"
"5420","AKIP1","Exc L5 ET",-0.0788428587470228,4.2320634074832,1.10026485939454,0.296057406168814,0.999723251605349,1,"arteriol_scler"
"5421","TMEM9B","Exc L5 ET",-0.0998462173946522,4.73836624477809,1.93542661616853,0.166424169709476,0.999723251605349,1,"arteriol_scler"
"5422","NRIP3","Exc L5 ET",0.0197469050852008,5.16273489879877,0.125427113640565,0.723766535857895,0.999723251605349,1,"arteriol_scler"
"5423","DENND5A","Exc L5 ET",-0.0416193968347764,6.39670285854212,1.16295123604665,0.282751970415989,0.999723251605349,1,"arteriol_scler"
"5424","TMEM41B","Exc L5 ET",-0.00730587829813358,6.01257042223959,0.0344223700614119,0.85308604105581,0.999723251605349,1,"arteriol_scler"
"5425","IPO7","Exc L5 ET",0.0224778557041739,5.99762022332313,0.454929581134329,0.501141349617092,0.999723251605349,1,"arteriol_scler"
"5426","ZNF143","Exc L5 ET",-0.107302501907659,4.013896442805,2.41863546863146,0.122209570395106,0.999723251605349,1,"arteriol_scler"
"5427","SWAP70","Exc L5 ET",0.0160142715837727,5.3922543715539,0.110138186322758,0.74049472852835,0.999723251605349,1,"arteriol_scler"
"5428","SBF2-AS1","Exc L5 ET",-0.00617155371979624,4.5731282019197,0.0100991388803068,0.920098887844898,0.999723251605349,1,"arteriol_scler"
"5429","SBF2","Exc L5 ET",-0.00234489299247242,8.39904094930175,0.00756281441004022,0.930826926231243,0.999723251605349,1,"arteriol_scler"
"5430","AC011092.2","Exc L5 ET",-0.109743485489603,4.23898982766998,1.5565725607152,0.21429903333528,0.999723251605349,1,"arteriol_scler"
"5431","AMPD3","Exc L5 ET",0.0302830213248072,4.26208025980208,0.258250474560721,0.612143052231904,0.999723251605349,1,"arteriol_scler"
"5432","MTRNR2L8","Exc L5 ET",-0.0340249599752352,4.19363379622246,0.0418434202773951,0.838222529192671,0.999723251605349,1,"arteriol_scler"
"5433","RNF141","Exc L5 ET",-0.0107891711600907,3.9880955953382,0.0227483469976737,0.944549571868265,0.999723251605349,1,"arteriol_scler"
"5434","MRVI1-AS1","Exc L5 ET",0.0282826821754715,4.10266243601691,0.123694311769241,0.72560283905459,0.999723251605349,1,"arteriol_scler"
"5435","CTR9","Exc L5 ET",-0.0319742408611216,4.72563779826294,0.30406097072525,0.582247152602758,0.999723251605349,1,"arteriol_scler"
"5436","EIF4G2","Exc L5 ET",0.0150430072011945,6.14273459178341,0.0620329345814082,0.803684702680447,0.999723251605349,1,"arteriol_scler"
"5437","ZBED5","Exc L5 ET",-0.0433222724356278,5.79596580356613,1.02848691762715,0.312304453356812,0.999723251605349,1,"arteriol_scler"
"5438","GALNT18","Exc L5 ET",0.0524530333548123,6.21010196689718,0.934520837544426,0.335396680259999,0.999723251605349,1,"arteriol_scler"
"5439","USP47","Exc L5 ET",0.0326514214480365,7.39367526224054,1.47716758498594,0.226311371231557,0.999723251605349,1,"arteriol_scler"
"5440","DKK3","Exc L5 ET",0.0533477275969334,6.99145876278859,1.27559489780018,0.260696050215202,0.999723251605349,1,"arteriol_scler"
"5441","MICAL2","Exc L5 ET",0.0336398338922392,8.53293865935383,1.22898789065654,0.269548963375306,0.999723251605349,1,"arteriol_scler"
"5442","PARVA","Exc L5 ET",-0.0214710724020209,4.83143238511233,0.132886235509293,0.71602089175005,0.999723251605349,1,"arteriol_scler"
"5443","TEAD1","Exc L5 ET",-0.0113310263142064,7.64524269804105,0.0988629535965289,0.753677398229005,0.999723251605349,1,"arteriol_scler"
"5444","ARNTL","Exc L5 ET",0.0309851063786367,6.51277055270407,0.862561943242431,0.354658427637908,0.999723251605349,1,"arteriol_scler"
"5445","BTBD10","Exc L5 ET",-0.00336929851037948,7.01676623118485,0.0167752319488188,0.897137029530614,0.999723251605349,1,"arteriol_scler"
"5446","FAR1","Exc L5 ET",-0.0296085737873826,7.32041742366522,1.36436622062824,0.244813674648182,0.999723251605349,1,"arteriol_scler"
"5447","SPON1","Exc L5 ET",-0.0710013664534807,6.7765841669104,1.15803191281468,0.283768061081695,0.999723251605349,1,"arteriol_scler"
"5448","RRAS2","Exc L5 ET",-0.0280218643913705,5.98269590096838,0.420206913920153,0.517920280651897,0.999723251605349,1,"arteriol_scler"
"5449","COPB1","Exc L5 ET",0.051968440620379,5.43114330803728,1.89980111775236,0.170350415157856,0.999723251605349,1,"arteriol_scler"
"5450","PSMA1","Exc L5 ET",-0.00772797863612032,4.70379671833246,0.0152012802487029,0.902055651332489,0.999723251605349,1,"arteriol_scler"
"5451","PDE3B","Exc L5 ET",-0.0523662963437099,6.60381153737953,1.54490555807966,0.216015030438502,0.999723251605349,1,"arteriol_scler"
"5452","CYP2R1","Exc L5 ET",0.0491774702221761,4.18032331375538,0.532853410485133,0.466657719243377,0.999723251605349,1,"arteriol_scler"
"5453","C11orf58","Exc L5 ET",-0.0532628104626647,6.51760114619274,2.48190078092483,0.117472586970644,0.999723251605349,1,"arteriol_scler"
"5454","PLEKHA7","Exc L5 ET",-0.0375593986119295,4.71726974251455,0.191411125586902,0.66243459981946,0.999723251605349,1,"arteriol_scler"
"5455","RPS13","Exc L5 ET",0.0365261606153083,4.33483412154783,0.116912294977592,0.732932442837326,0.999723251605349,1,"arteriol_scler"
"5456","PIK3C2A","Exc L5 ET",-0.0343389868627779,6.26789435524262,1.08720593240122,0.298930075273582,0.999723251605349,1,"arteriol_scler"
"5457","NUCB2","Exc L5 ET",-0.00238137922208184,5.47615207965778,0.00252447922692297,0.960001072273925,0.999723251605349,1,"arteriol_scler"
"5458","NCR3LG1","Exc L5 ET",-0.0226319931214348,5.35977699312957,0.255417984676299,0.614098897756831,0.999723251605349,1,"arteriol_scler"
"5459","AC124798.1","Exc L5 ET",0.0289682901188382,4.1361552729185,0.188254013943437,0.703188363950487,0.999723251605349,1,"arteriol_scler"
"5460","ABCC8","Exc L5 ET",0.0136802654643463,6.37281750809361,0.145377235922946,0.703584236874697,0.999723251605349,1,"arteriol_scler"
"5461","KCNC1","Exc L5 ET",0.0210129446740063,6.93961222935047,0.28880516102216,0.591860234190568,0.999723251605349,1,"arteriol_scler"
"5462","SERGEF","Exc L5 ET",0.023916433553868,7.00783866193223,0.706038913217801,0.402227971802648,0.999723251605349,1,"arteriol_scler"
"5463","HPS5","Exc L5 ET",-0.080836533816851,4.67609142865776,2.78915867883172,0.112348020955408,0.999723251605349,1,"arteriol_scler"
"5464","GTF2H1","Exc L5 ET",0.0252347525908538,5.46573446238281,0.510069927617555,0.476325303367981,0.999723251605349,1,"arteriol_scler"
"5465","LDHA","Exc L5 ET",0.035506821046658,6.07003629214651,0.157482916703948,0.692102931735893,0.999723251605349,1,"arteriol_scler"
"5466","TSG101","Exc L5 ET",-0.000122094936915965,5.63093682124511,5.40355322171882e-06,0.998148661629258,0.999723251605349,1,"arteriol_scler"
"5467","UEVLD","Exc L5 ET",-0.0286152472249078,4.54977985347843,0.231642641250931,0.631077380765547,0.999723251605349,1,"arteriol_scler"
"5468","PTPN5","Exc L5 ET",0.0501303811545979,6.31821146702042,2.66714368151254,0.104739035558568,0.999723251605349,1,"arteriol_scler"
"5469","ZDHHC13","Exc L5 ET",0.018496140440917,5.278630984705,0.245481663016836,0.62106957950048,0.999723251605349,1,"arteriol_scler"
"5470","NAV2","Exc L5 ET",-0.0203981705433546,8.84077193124672,0.413831747210363,0.521107826479652,0.999723251605349,1,"arteriol_scler"
"5471","HTATIP2","Exc L5 ET",0.0116435045180966,4.49752108819283,0.044716986262054,0.832839964375958,0.999723251605349,1,"arteriol_scler"
"5472","PRMT3","Exc L5 ET",-0.0267970052483447,6.2184839978073,0.500737158684023,0.480380099191036,0.999723251605349,1,"arteriol_scler"
"5473","NELL1","Exc L5 ET",0.00650388260883344,8.31176163324494,0.0160993483128985,0.899219128291914,0.999723251605349,1,"arteriol_scler"
"5474","ANO5","Exc L5 ET",0.0292447559010132,7.3869234993055,0.792073548247084,0.375036162092034,0.999723251605349,1,"arteriol_scler"
"5475","GAS2","Exc L5 ET",-0.0186422686975797,6.53381233655547,0.177516577396442,0.674177390752025,0.999723251605349,1,"arteriol_scler"
"5476","SVIP","Exc L5 ET",0.024111868851226,4.64937462503962,0.103167846393257,0.748550861789924,0.999723251605349,1,"arteriol_scler"
"5477","AC006299.1","Exc L5 ET",0.155861764593114,4.33810138075584,5.62427787900924,0.019106864786568,0.999723251605349,1,"arteriol_scler"
"5478","LUZP2","Exc L5 ET",-0.0558501951744331,6.61317450274004,0.387875945188525,0.534454741511503,0.999723251605349,1,"arteriol_scler"
"5479","ANO3","Exc L5 ET",-0.0669634707469716,7.22824872835757,1.54450743587457,0.21607387720764,0.999723251605349,1,"arteriol_scler"
"5480","BBOX1-AS1","Exc L5 ET",-0.081431402332225,4.45557310839481,0.732718869414461,0.393500006843822,0.999723251605349,1,"arteriol_scler"
"5481","CCDC34","Exc L5 ET",-0.0715617047449299,4.87674571146963,1.51067650786445,0.221145652774065,0.999723251605349,1,"arteriol_scler"
"5482","LGR4","Exc L5 ET",0.0431179783479332,5.32322276303168,0.933190847007346,0.335739647575134,0.999723251605349,1,"arteriol_scler"
"5483","LIN7C","Exc L5 ET",0.0128357860285104,4.37427895527924,0.0345612417507565,0.852793404304529,0.999723251605349,1,"arteriol_scler"
"5484","BDNF-AS","Exc L5 ET",-0.109250513074051,5.12053274434777,3.15303432679217,0.0780090812428862,0.999723251605349,1,"arteriol_scler"
"5485","METTL15","Exc L5 ET",0.0100229045588552,6.31479735727517,0.0901559326921661,0.764434767674778,0.999723251605349,1,"arteriol_scler"
"5486","ARL14EP","Exc L5 ET",-0.0295097131108723,4.92911975956188,0.383974123634908,0.600149716389744,0.999723251605349,1,"arteriol_scler"
"5487","MPPED2","Exc L5 ET",-0.0496736452422251,6.8990969751502,1.38095206048796,0.241980156166219,0.999723251605349,1,"arteriol_scler"
"5488","DCDC1","Exc L5 ET",-0.048960811756229,5.14562797027621,0.621990475202789,0.431673047667203,0.999723251605349,1,"arteriol_scler"
"5489","DNAJC24","Exc L5 ET",0.00641963270926939,5.24681356811371,0.0223106357247069,0.881483650574289,0.999723251605349,1,"arteriol_scler"
"5490","IMMP1L","Exc L5 ET",0.0137569652445829,5.58894365392774,0.100070117106757,0.752227634008544,0.999723251605349,1,"arteriol_scler"
"5491","ELP4","Exc L5 ET",0.0367924443159269,6.48988917041528,0.848298648497523,0.358655310098363,0.999723251605349,1,"arteriol_scler"
"5492","EIF3M","Exc L5 ET",-0.0459730473049503,5.33508226367558,1.16469788940394,0.326680070100615,0.999723251605349,1,"arteriol_scler"
"5493","QSER1","Exc L5 ET",-0.0395490871062777,5.88487705883612,0.957565320007703,0.329528228381707,0.999723251605349,1,"arteriol_scler"
"5494","TCP11L1","Exc L5 ET",-0.0140177188611141,5.44889447616805,0.128161823256749,0.720897321714957,0.999723251605349,1,"arteriol_scler"
"5495","CSTF3","Exc L5 ET",-0.0739666275652107,6.12339160929007,4.26831889951076,0.0407159690631521,0.999723251605349,1,"arteriol_scler"
"5496","HIPK3","Exc L5 ET",-0.0066982197074466,5.8274523175675,0.0368474210228534,0.867471642832885,0.999723251605349,1,"arteriol_scler"
"5497","KIAA1549L","Exc L5 ET",0.030898143217746,7.97562323880889,1.05553328052544,0.306049150378106,0.999723251605349,1,"arteriol_scler"
"5498","FBXO3","Exc L5 ET",0.0154002976549006,5.89611455836142,0.194481694476465,0.659908522642144,0.999723251605349,1,"arteriol_scler"
"5499","CAPRIN1","Exc L5 ET",-0.0342762391302457,5.77149489840977,0.796388008142058,0.430346738963796,0.999723251605349,1,"arteriol_scler"
"5500","NAT10","Exc L5 ET",0.00257522862011899,5.55965752197417,0.00451601128174495,0.968812884978477,0.999723251605349,1,"arteriol_scler"
"5501","ABTB2","Exc L5 ET",0.00594075477984663,3.96845538056609,0.0028460334686978,0.957532273315861,0.999723251605349,1,"arteriol_scler"
"5502","CAT","Exc L5 ET",-0.20659009410907,4.11024582887234,8.82666090701073,0.00350768159741641,0.999723251605349,0.980687381274362,"arteriol_scler"
"5503","APIP","Exc L5 ET",0.118584284173778,5.04159606637868,4.50640042059083,0.0355691134947049,0.999723251605349,1,"arteriol_scler"
"5504","PDHX","Exc L5 ET",-0.0538428694849326,6.48303858556596,3.40466704562151,0.067174363676231,0.999723251605349,1,"arteriol_scler"
"5505","SLC1A2","Exc L5 ET",-0.0232919692658613,5.0989354804918,0.143299319812572,0.705609594562996,0.999723251605349,1,"arteriol_scler"
"5506","FJX1","Exc L5 ET",0.109599946249888,4.17953779409031,1.70892250529258,0.193317977167554,0.999723251605349,1,"arteriol_scler"
"5507","TRIM44","Exc L5 ET",0.026085225483092,7.55303469863906,1.13674888538386,0.288218239017288,0.999723251605349,1,"arteriol_scler"
"5508","LDLRAD3","Exc L5 ET",0.0367447941390342,6.51031561759536,0.650025003140924,0.421502945421287,0.999723251605349,1,"arteriol_scler"
"5509","COMMD9","Exc L5 ET",0.0181229630523353,4.39159371438308,0.0837692227061037,0.772691144650485,0.999723251605349,1,"arteriol_scler"
"5510","TRAF6","Exc L5 ET",-0.0207245138232001,5.05279446445539,0.142545716839362,0.706348286599458,0.999723251605349,1,"arteriol_scler"
"5511","C11orf74","Exc L5 ET",0.0210539343068916,4.90906868065531,0.177891069787231,0.673853896593402,0.999723251605349,1,"arteriol_scler"
"5512","LRRC4C","Exc L5 ET",0.0172260088927328,8.84117471878213,0.151833346652219,0.697395368671145,0.999723251605349,1,"arteriol_scler"
"5513","API5","Exc L5 ET",0.00518802534290713,5.78459021265941,0.0247773062106395,0.952024338128284,0.999723251605349,1,"arteriol_scler"
"5514","TTC17","Exc L5 ET",-0.0163216346878608,7.73811709018166,0.385874245608502,0.535509679650697,0.999723251605349,1,"arteriol_scler"
"5515","AC068205.1","Exc L5 ET",-0.0806383834862078,4.01709643229135,0.815054698134695,0.368216788369596,0.999723251605349,1,"arteriol_scler"
"5516","HSD17B12","Exc L5 ET",0.0101471389036361,6.88489322320016,0.0437335554535385,0.834661173980973,0.999723251605349,1,"arteriol_scler"
"5517","ALKBH3","Exc L5 ET",-0.0948612626755892,4.82155625813884,4.33818608044524,0.0391283122123159,0.999723251605349,1,"arteriol_scler"
"5518","C11orf96","Exc L5 ET",0.173489112300207,3.93803740925316,3.14125580083735,0.07856072601626,0.999723251605349,1,"arteriol_scler"
"5519","EXT2","Exc L5 ET",-0.00576340560336226,6.47707441782312,0.0234298179587658,0.878570164270091,0.999723251605349,1,"arteriol_scler"
"5520","TSPAN18","Exc L5 ET",0.0495520705827876,4.43525429397415,0.277407908249092,0.599258115023255,0.999723251605349,1,"arteriol_scler"
"5521","AC103855.3","Exc L5 ET",0.260591043314795,3.98343435725749,7.32115417063456,0.00768227074092564,0.999723251605349,1,"arteriol_scler"
"5522","CHST1","Exc L5 ET",0.0545487495191889,4.75475502252055,0.70766060216123,0.401689446314234,0.999723251605349,1,"arteriol_scler"
"5523","CRY2","Exc L5 ET",-0.105131032867093,5.65509832460459,6.69505826377726,0.0107109709848138,0.999723251605349,1,"arteriol_scler"
"5524","MAPK8IP1","Exc L5 ET",0.0446830472170875,5.02135219080488,0.579256731042941,0.447913625535924,0.999723251605349,1,"arteriol_scler"
"5525","PHF21A","Exc L5 ET",0.00422552766484911,7.57541023919089,0.0155659655541281,0.900893805769722,0.999723251605349,1,"arteriol_scler"
"5526","DGKZ","Exc L5 ET",0.00992456140726937,7.60230999909756,0.124411515089058,0.724841052264536,0.999723251605349,1,"arteriol_scler"
"5527","AMBRA1","Exc L5 ET",-0.00222447002697218,6.99627614380141,0.00786744720034126,0.929451126434291,0.999723251605349,1,"arteriol_scler"
"5528","ATG13","Exc L5 ET",0.0471032933606724,5.30953266079772,1.58244682480267,0.210551361704354,0.999723251605349,1,"arteriol_scler"
"5529","ARHGAP1","Exc L5 ET",-0.0469545161317955,4.54039339311676,0.688080889420818,0.505669629938022,0.999723251605349,1,"arteriol_scler"
"5530","CKAP5","Exc L5 ET",0.0437380125974198,6.50861708806828,2.02552825710087,0.156951490752246,0.999723251605349,1,"arteriol_scler"
"5531","LRP4","Exc L5 ET",-0.12656776702923,5.45557976394453,1.70557381388624,0.193752207630018,0.999723251605349,1,"arteriol_scler"
"5532","C11orf49","Exc L5 ET",-0.0198107571707241,7.69220083114597,0.597407211767725,0.440902296216723,0.999723251605349,1,"arteriol_scler"
"5533","ARFGAP2","Exc L5 ET",0.00138134340698389,5.19443904475578,0.00105940414709679,0.974082084059451,0.999723251605349,1,"arteriol_scler"
"5534","ACP2","Exc L5 ET",0.0653550324400147,3.93045859165827,0.586325399995928,0.445162597824667,0.999723251605349,1,"arteriol_scler"
"5535","NR1H3","Exc L5 ET",-0.0347351033664996,4.57576193451234,0.458662905454545,0.499393107568662,0.999723251605349,1,"arteriol_scler"
"5536","MADD","Exc L5 ET",0.0361619113962314,5.86664198886375,1.05540983128103,0.306077327697739,0.999723251605349,1,"arteriol_scler"
"5537","SLC39A13","Exc L5 ET",0.0444414677406475,4.06499834721159,0.496334297586763,0.482312762048291,0.999723251605349,1,"arteriol_scler"
"5538","PSMC3","Exc L5 ET",-0.0285094503552129,4.00659033416026,0.102329871810215,0.749539400128792,0.999723251605349,1,"arteriol_scler"
"5539","CELF1","Exc L5 ET",-0.0257967716418955,7.62751774929823,0.903980089200415,0.343393337088954,0.999723251605349,1,"arteriol_scler"
"5540","NDUFS3","Exc L5 ET",-0.0235656075620729,4.92504730102009,0.0986842687776597,0.753892818381329,0.999723251605349,1,"arteriol_scler"
"5541","C1QTNF4","Exc L5 ET",-0.0412400791503283,4.27560641469019,0.225912686965203,0.635329163325146,0.999723251605349,1,"arteriol_scler"
"5542","MTCH2","Exc L5 ET",0.060916157541247,5.59661370769206,2.45224569988945,0.119666945483508,0.999723251605349,1,"arteriol_scler"
"5543","FNBP4","Exc L5 ET",-0.00450223399541041,6.85559237229789,0.017122517103638,0.896083780757286,0.999723251605349,1,"arteriol_scler"
"5544","NUP160","Exc L5 ET",0.0552236561520404,5.47074689757823,1.75875172360064,0.240374543460121,0.999723251605349,1,"arteriol_scler"
"5545","PTPRJ","Exc L5 ET",-0.0860966148214123,6.19189481321358,3.67419702785324,0.0573458312565857,0.999723251605349,1,"arteriol_scler"
"5546","TNKS1BP1","Exc L5 ET",0.122505903570642,4.0105232280685,2.95950419969756,0.0876350865904722,0.999723251605349,1,"arteriol_scler"
"5547","SSRP1","Exc L5 ET",0.0102223971983577,4.50947321510866,0.0334724485007083,0.855104348114289,0.999723251605349,1,"arteriol_scler"
"5548","RTN4RL2","Exc L5 ET",0.0223313592665597,5.10109580731432,0.206174687735493,0.650501815400899,0.999723251605349,1,"arteriol_scler"
"5549","YPEL4","Exc L5 ET",0.05903683270403,4.83088306386282,0.986615711330798,0.322324436636435,0.999723251605349,1,"arteriol_scler"
"5550","ZDHHC5","Exc L5 ET",0.0278292937154921,4.67039606598879,0.305576997768745,0.581309153110768,0.999723251605349,1,"arteriol_scler"
"5551","MED19","Exc L5 ET",0.0612738268136662,4.47570657160303,0.812548608295246,0.368951936667249,0.999723251605349,1,"arteriol_scler"
"5552","CTNND1","Exc L5 ET",-0.0212967223039889,5.63962903224386,0.245039075276777,0.621384139409744,0.999723251605349,1,"arteriol_scler"
"5553","LPXN","Exc L5 ET",0.0150520604766551,4.61223372070256,0.060618531300016,0.805889988316001,0.999723251605349,1,"arteriol_scler"
"5554","GLYATL2","Exc L5 ET",0.0605109915310645,4.47490511125384,0.998419522558811,0.319457227470449,0.999723251605349,1,"arteriol_scler"
"5555","DTX4","Exc L5 ET",-0.0512115274702078,4.26952862891507,0.73177406834635,0.393804367033375,0.999723251605349,1,"arteriol_scler"
"5556","OSBP","Exc L5 ET",0.0321635507902861,5.3777111466374,0.645505570999476,0.423117818388344,0.999723251605349,1,"arteriol_scler"
"5557","STX3","Exc L5 ET",-0.0634336108113556,5.77835473762845,4.06354387237186,0.0457766458464941,0.999723251605349,1,"arteriol_scler"
"5558","MRPL16","Exc L5 ET",-0.071378355003432,4.34562050223769,0.946141893667143,0.33241990261029,0.999723251605349,1,"arteriol_scler"
"5559","PRPF19","Exc L5 ET",0.00654668945755825,5.60192174555003,0.014799272937641,0.903352919472492,0.999723251605349,1,"arteriol_scler"
"5560","TMEM109","Exc L5 ET",0.0872340021473872,3.9598247294364,1.05358118912564,0.306495112670322,0.999723251605349,1,"arteriol_scler"
"5561","TMEM132A","Exc L5 ET",0.0205661044051597,6.05936000823957,0.167870025662463,0.682652560097281,0.999723251605349,1,"arteriol_scler"
"5562","VPS37C","Exc L5 ET",-0.0322987747665623,4.51141167262605,0.421794707918598,0.517131741138517,0.999723251605349,1,"arteriol_scler"
"5563","VWCE","Exc L5 ET",-0.103338330963003,3.99055570213289,1.99635008858015,0.159949446689877,0.999723251605349,1,"arteriol_scler"
"5564","DDB1","Exc L5 ET",0.0247579579515297,5.61061679771277,0.386374705576361,0.535245571114603,0.999723251605349,1,"arteriol_scler"
"5565","CPSF7","Exc L5 ET",0.0548642920588482,5.16306915197527,2.18067077107693,0.165270859661757,0.999723251605349,1,"arteriol_scler"
"5566","AP003108.2","Exc L5 ET",-0.0185942348778428,5.55489175724382,0.152980849038546,0.696311316420771,0.999723251605349,1,"arteriol_scler"
"5567","SYT7","Exc L5 ET",0.0184721087975123,7.30605638399364,0.373402484939257,0.542169359015861,0.999723251605349,1,"arteriol_scler"
"5568","DAGLA","Exc L5 ET",-0.0261825907558624,4.89695018966351,0.321238779904917,0.571792808448406,0.999723251605349,1,"arteriol_scler"
"5569","TMEM258","Exc L5 ET",-0.0289777761491289,4.09226220759484,0.112222569669071,0.73814089333171,0.999723251605349,1,"arteriol_scler"
"5570","FADS1","Exc L5 ET",0.0697485097529963,4.32457079017631,1.27254237894827,0.261264622333669,0.999723251605349,1,"arteriol_scler"
"5571","FADS3","Exc L5 ET",-0.0111189679559511,5.50762987643258,0.0565022794248589,0.812467774528864,0.999723251605349,1,"arteriol_scler"
"5572","FTH1","Exc L5 ET",-0.00969282949501874,9.1708040773512,0.0113543985049492,0.915296504753702,0.999723251605349,1,"arteriol_scler"
"5573","ASRGL1","Exc L5 ET",-0.0040879686865154,4.49578466458733,0.00438789214755077,0.94728252248424,0.999723251605349,1,"arteriol_scler"
"5574","B3GAT3","Exc L5 ET",-0.000469082312895993,5.16985590870352,6.2355978504015e-05,0.993711008864546,0.999723251605349,1,"arteriol_scler"
"5575","GANAB","Exc L5 ET",-0.0138257499323464,4.95886236218012,0.0938258399036795,0.759834243105115,0.999723251605349,1,"arteriol_scler"
"5576","UBXN1","Exc L5 ET",-0.0849308074968744,4.17109889196504,0.969255532779115,0.326603775591272,0.999723251605349,1,"arteriol_scler"
"5577","GNG3","Exc L5 ET",0.0751400108297086,5.93009767809671,0.639927016947138,0.425124022376038,0.999723251605349,1,"arteriol_scler"
"5578","TTC9C","Exc L5 ET",0.0120815614277065,4.77038744568008,0.060588182661779,0.805937604463038,0.999723251605349,1,"arteriol_scler"
"5579","TMEM223","Exc L5 ET",0.0139014461200983,4.69253472457282,0.0608824656347683,0.805476415063848,0.999723251605349,1,"arteriol_scler"
"5580","TMEM179B","Exc L5 ET",-0.136765359939942,4.04531381442896,2.64756088812568,0.106009869357752,0.999723251605349,1,"arteriol_scler"
"5581","NXF1","Exc L5 ET",-0.0927032505240258,4.52302920181737,2.67089181580062,0.104497727643797,0.999723251605349,1,"arteriol_scler"
"5582","STX5","Exc L5 ET",0.0615787228094156,4.71205309647646,1.65561271416175,0.217456623135256,0.999723251605349,1,"arteriol_scler"
"5583","SLC3A2","Exc L5 ET",0.0832629866768784,5.49853761308729,2.69380417242718,0.103035922596052,0.999723251605349,1,"arteriol_scler"
"5584","CHRM1","Exc L5 ET",0.0693652280757404,4.19348787857593,1.05183267406015,0.306895288007023,0.999723251605349,1,"arteriol_scler"
"5585","SLC22A10","Exc L5 ET",0.0341764049972904,4.19479162849494,0.143225509172047,0.70568184646818,0.999723251605349,1,"arteriol_scler"
"5586","ATL3","Exc L5 ET",0.0512200942365811,4.34518403453358,0.751469413015975,0.4482430689708,0.999723251605349,1,"arteriol_scler"
"5587","RTN3","Exc L5 ET",0.02751415263194,9.22956619373948,1.10423856233871,0.29519036938559,0.999723251605349,1,"arteriol_scler"
"5588","MARK2","Exc L5 ET",0.0304459871513699,5.97439862062116,0.588838787997652,0.444190762018177,0.999723251605349,1,"arteriol_scler"
"5589","NAA40","Exc L5 ET",-0.10980694639865,4.17976024569526,3.02947186032579,0.0840129572401885,0.999723251605349,1,"arteriol_scler"
"5590","OTUB1","Exc L5 ET",0.00598456076394246,5.67348879365895,0.0117359946668776,0.913890426361832,0.999723251605349,1,"arteriol_scler"
"5591","MACROD1","Exc L5 ET",0.0371925126927702,4.56482896008151,0.412110977695528,0.599813777700275,0.999723251605349,1,"arteriol_scler"
"5592","AP000721.2","Exc L5 ET",-0.0303066564497496,4.26326639930325,0.141508893881563,0.707368252884368,0.999723251605349,1,"arteriol_scler"
"5593","STIP1","Exc L5 ET",0.00342347320079603,4.87741875002451,0.00306019314163367,0.955965018056809,0.999723251605349,1,"arteriol_scler"
"5594","NUDT22","Exc L5 ET",-0.0337902910367495,3.90112071066268,0.177560187064799,0.674139699153211,0.999723251605349,1,"arteriol_scler"
"5595","DNAJC4","Exc L5 ET",-0.0363947348732605,3.90088472555002,0.239760239706294,0.625163531903128,0.999723251605349,1,"arteriol_scler"
"5596","FKBP2","Exc L5 ET",-0.0840970926811547,4.51685700131968,0.789304928067467,0.375869697669541,0.999723251605349,1,"arteriol_scler"
"5597","BAD","Exc L5 ET",0.00764989163936492,4.36971716013994,0.00975067755486754,0.921484857820213,0.999723251605349,1,"arteriol_scler"
"5598","GPR137","Exc L5 ET",-0.0267654274647986,4.35124382442404,0.17505187277402,0.676316549555364,0.999723251605349,1,"arteriol_scler"
"5599","KCNK4","Exc L5 ET",-0.161874496002666,3.85954609396119,5.2828371937001,0.0230524822297094,0.999723251605349,1,"arteriol_scler"
"5600","ESRRA","Exc L5 ET",-0.00563556807087035,5.14531720736358,0.0105119023290331,0.918488054585741,0.999723251605349,1,"arteriol_scler"
"5601","TRMT112","Exc L5 ET",-0.0346235714233365,4.5601000205329,0.103782651572993,0.747828406072588,0.999723251605349,1,"arteriol_scler"
"5602","PRDX5","Exc L5 ET",-0.016163504706497,5.16717921336874,0.0296182900471944,0.863613498888975,0.999723251605349,1,"arteriol_scler"
"5603","CCDC88B","Exc L5 ET",-0.0704139163548245,3.94719598236859,0.787349909197824,0.376459864525164,0.999723251605349,1,"arteriol_scler"
"5604","NRXN2","Exc L5 ET",0.027851626463415,6.11868582329208,0.526811283294907,0.469190344481211,0.999723251605349,1,"arteriol_scler"
"5605","RASGRP2","Exc L5 ET",0.0471949046991657,4.36133746278138,0.62862608177484,0.429232498443247,0.999723251605349,1,"arteriol_scler"
"5606","SF1","Exc L5 ET",-0.0496132159150178,6.47718127227794,1.49225176846868,0.223968147640991,0.999723251605349,1,"arteriol_scler"
"5607","MAP4K2","Exc L5 ET",0.00836137983858372,4.88212671757474,0.0342909355637743,0.853363568920813,0.999723251605349,1,"arteriol_scler"
"5608","ATG2A","Exc L5 ET",0.0537786422780019,4.15196602348353,0.683713774492343,0.409750624498015,0.999723251605349,1,"arteriol_scler"
"5609","PPP2R5B","Exc L5 ET",0.0296417839340421,5.12749487279979,0.31163802142003,0.57758918994208,0.999723251605349,1,"arteriol_scler"
"5610","VPS51","Exc L5 ET",-0.0517149521219932,5.47165546028354,1.68581061489427,0.196338510488725,0.999723251605349,1,"arteriol_scler"
"5611","TM7SF2","Exc L5 ET",0.0663653285041445,4.19271839601425,0.849828865344639,0.358223538731888,0.999723251605349,1,"arteriol_scler"
"5612","FAU","Exc L5 ET",-0.0178865734830506,4.51784606993987,0.0352830855294041,0.85128201145576,0.999723251605349,1,"arteriol_scler"
"5613","SYVN1","Exc L5 ET",0.0570053954214348,4.15829764945115,0.670091435078447,0.414443263042324,0.999723251605349,1,"arteriol_scler"
"5614","CAPN1","Exc L5 ET",0.0364526769287674,5.54161243653197,0.454454696068095,0.501364477773927,0.999723251605349,1,"arteriol_scler"
"5615","DPF2","Exc L5 ET",-0.025710354372002,4.90324568103101,0.274616935663943,0.601099297455754,0.999723251605349,1,"arteriol_scler"
"5616","SLC25A45","Exc L5 ET",-0.0795900050661388,4.03168393303229,0.703142265171224,0.403192514496916,0.999723251605349,1,"arteriol_scler"
"5617","FRMD8","Exc L5 ET",0.00445437433892242,4.50054851854066,0.00498398983935433,0.943821286527974,0.999723251605349,1,"arteriol_scler"
"5618","NEAT1","Exc L5 ET",0.0731947426283672,6.06282078657123,0.423178440929894,0.516446264649222,0.999723251605349,1,"arteriol_scler"
"5619","MALAT1","Exc L5 ET",-0.0613364023593841,15.5467426720176,1.38757369762019,0.240860179542867,0.999723251605349,1,"arteriol_scler"
"5620","SCYL1","Exc L5 ET",-0.0407351205918092,5.25430215387419,0.743271542560974,0.390123514871122,0.999723251605349,1,"arteriol_scler"
"5621","LTBP3","Exc L5 ET",0.0640798510942324,5.11834119186978,1.9000475086752,0.170322894847643,0.999723251605349,1,"arteriol_scler"
"5622","FAM89B","Exc L5 ET",0.0121588357493005,4.69637909796826,0.0271470425136484,0.869373246662058,0.999723251605349,1,"arteriol_scler"
"5623","MAP3K11","Exc L5 ET",0.0771108818614062,4.24759805884273,1.38426287644203,0.241419371241429,0.999723251605349,1,"arteriol_scler"
"5624","KAT5","Exc L5 ET",-0.0313256665711639,4.23772671150371,0.224375712966472,0.636480883707225,0.999723251605349,1,"arteriol_scler"
"5625","RNASEH2C","Exc L5 ET",-0.0279670554825844,4.29426419680814,0.169571472390496,0.681137360505126,0.999723251605349,1,"arteriol_scler"
"5626","AP001266.2","Exc L5 ET",-0.0445517556948076,4.4513079709572,0.317243194358212,0.574191048221018,0.999723251605349,1,"arteriol_scler"
"5627","CFL1","Exc L5 ET",0.0663071783182329,6.82731109049685,0.714000229164641,0.399594280444714,0.999723251605349,1,"arteriol_scler"
"5628","SNX32","Exc L5 ET",0.015420643109728,6.74918877570091,0.157488461613395,0.692097791741267,0.999723251605349,1,"arteriol_scler"
"5629","FIBP","Exc L5 ET",0.0158823623216096,4.24325645419869,0.0315383175438916,0.85930739899161,0.999723251605349,1,"arteriol_scler"
"5630","CCDC85B","Exc L5 ET",-0.00739221378571717,6.58170340147721,0.00719852856217269,0.932509328001368,0.999723251605349,1,"arteriol_scler"
"5631","C11orf68","Exc L5 ET",0.0472064588881037,4.47913030813836,0.408248408461854,0.523928143267464,0.999723251605349,1,"arteriol_scler"
"5632","DRAP1","Exc L5 ET",-0.092519465545836,4.51154286321266,1.0349504561828,0.31079443740976,0.999723251605349,1,"arteriol_scler"
"5633","BANF1","Exc L5 ET",0.00465436134642827,4.73243211546483,0.00311656945265372,0.955561673049218,0.999723251605349,1,"arteriol_scler"
"5634","SF3B2","Exc L5 ET",0.0320631271693804,5.76516501943476,0.474199696819304,0.492227487264754,0.999723251605349,1,"arteriol_scler"
"5635","PACS1","Exc L5 ET",0.00128240929110052,7.5928906124538,0.00155862426479232,0.968565716409054,0.999723251605349,1,"arteriol_scler"
"5636","KLC2","Exc L5 ET",0.0306013044556767,6.03403154276704,0.356105429133148,0.551663374923862,0.999723251605349,1,"arteriol_scler"
"5637","RAB1B","Exc L5 ET",0.0758780527487318,4.38322324738843,1.17772833846627,0.27972749711892,0.999723251605349,1,"arteriol_scler"
"5638","CNIH2","Exc L5 ET",0.0802016943248759,5.08127896766393,1.13415348315222,0.288767020905858,0.999723251605349,1,"arteriol_scler"
"5639","TMEM151A","Exc L5 ET",0.0391303473247055,4.55962035517786,0.284887119220102,0.594381895139894,0.999723251605349,1,"arteriol_scler"
"5640","RIN1","Exc L5 ET",0.084090879764279,3.81887372274273,1.01230827443147,0.316126649271128,0.999723251605349,1,"arteriol_scler"
"5641","B4GAT1","Exc L5 ET",0.0749596708050829,5.74923005391971,0.801966790201751,0.372078870073387,0.999723251605349,1,"arteriol_scler"
"5642","SLC29A2","Exc L5 ET",-0.0282137923402829,4.45069745551245,0.230788158570337,0.631707292225248,0.999723251605349,1,"arteriol_scler"
"5643","PELI3","Exc L5 ET",0.058609516879704,4.33605922603463,0.604603555829879,0.438169422725376,0.999723251605349,1,"arteriol_scler"
"5644","CTSF","Exc L5 ET",-0.025454977943462,5.21272521926149,0.238611021114346,0.62599315245937,0.999723251605349,1,"arteriol_scler"
"5645","CCS","Exc L5 ET",-0.108431699065306,5.01140549239167,4.08641055175011,0.0451796937746163,0.999723251605349,1,"arteriol_scler"
"5646","RBM14-RBM4","Exc L5 ET",-0.0694671111713958,4.87178685338639,1.33962883021302,0.249116137160536,0.999723251605349,1,"arteriol_scler"
"5647","RBM4","Exc L5 ET",0.0197248165706865,4.35411930662035,0.0651959235698111,0.798847882352299,0.999723251605349,1,"arteriol_scler"
"5648","RBM4B","Exc L5 ET",-0.0539480848113112,4.63041728026944,0.792659485615215,0.374860091522597,0.999723251605349,1,"arteriol_scler"
"5649","SPTBN2","Exc L5 ET",-0.00244096383706297,5.88246619996906,0.00460168253649224,0.946015460848435,0.999723251605349,1,"arteriol_scler"
"5650","C11orf80","Exc L5 ET",-0.0271807944018346,7.08279418538685,0.595740021959456,0.441539182895882,0.999723251605349,1,"arteriol_scler"
"5651","PC","Exc L5 ET",0.101278435872193,5.58827814263075,6.73056852733225,0.0105097897292126,0.999723251605349,1,"arteriol_scler"
"5652","LRFN4","Exc L5 ET",-0.0405607803836955,3.98747273811266,0.373236269878355,0.627869481474164,0.999723251605349,1,"arteriol_scler"
"5653","SYT12","Exc L5 ET",0.0275859484674356,6.10754094318949,0.345710702646561,0.557520583356618,0.999723251605349,1,"arteriol_scler"
"5654","KDM2A","Exc L5 ET",-0.0131148634021532,6.94278199369865,0.197481309128151,0.657463736793621,0.999723251605349,1,"arteriol_scler"
"5655","GRK2","Exc L5 ET",0.101710076665496,5.01413311937935,3.71122595712051,0.0561212689919628,0.999723251605349,1,"arteriol_scler"
"5656","ANKRD13D","Exc L5 ET",0.014381409488409,6.10824790012273,0.094884866788843,0.758525029920298,0.999723251605349,1,"arteriol_scler"
"5657","RAD9A","Exc L5 ET",0.042731354811935,6.99139764753555,0.94848362979136,0.331824361044116,0.999723251605349,1,"arteriol_scler"
"5658","PPP1CA","Exc L5 ET",0.0945984813117501,4.4023337712753,2.02356519038167,0.157151152191966,0.999723251605349,1,"arteriol_scler"
"5659","RPS6KB2","Exc L5 ET",-0.0380877141062148,4.01126536314629,0.307945871555621,0.579849549745238,0.999723251605349,1,"arteriol_scler"
"5660","TMEM134","Exc L5 ET",-0.0202031065829466,4.11997274588248,0.0760335430635789,0.783162433928938,0.999723251605349,1,"arteriol_scler"
"5661","AIP","Exc L5 ET",0.0598664722676666,3.60118529809323,0.364327337869212,0.547112149808031,0.999723251605349,1,"arteriol_scler"
"5662","GSTP1","Exc L5 ET",0.0211030305904973,4.13709053818838,0.0371483584565255,0.847449119096825,0.999723251605349,1,"arteriol_scler"
"5663","NDUFV1","Exc L5 ET",-0.0298067423846643,6.68488714303505,0.345820971181246,0.557457829334146,0.999723251605349,1,"arteriol_scler"
"5664","NDUFS8","Exc L5 ET",0.0178167680221826,5.09454045882431,0.0866090266158053,0.768979206365648,0.999723251605349,1,"arteriol_scler"
"5665","CHKA","Exc L5 ET",-0.0492763925510931,6.50742069249175,1.48782562285001,0.22465266272495,0.999723251605349,1,"arteriol_scler"
"5666","KMT5B","Exc L5 ET",-0.00844655472221748,6.26493769465629,0.0690921557738077,0.793058632184976,0.999723251605349,1,"arteriol_scler"
"5667","PPP6R3","Exc L5 ET",-0.0701006258111626,7.38371144182968,5.46001985483235,0.0209083300155662,0.999723251605349,1,"arteriol_scler"
"5668","CPT1A","Exc L5 ET",-0.0378500843605001,4.2447781786243,0.164965363935952,0.685260140893486,0.999723251605349,1,"arteriol_scler"
"5669","IGHMBP2","Exc L5 ET",0.00336814208647427,4.01161042323346,0.00288086876396038,0.957273412224992,0.999723251605349,1,"arteriol_scler"
"5670","TPCN2","Exc L5 ET",0.0309160416445983,6.17688324215327,0.408653096213467,0.523722810825214,0.999723251605349,1,"arteriol_scler"
"5671","CCND1","Exc L5 ET",-0.225474829066558,3.81030863709712,4.69391333021146,0.0320018248472269,0.999723251605349,1,"arteriol_scler"
"5672","ORAOV1","Exc L5 ET",-0.0443256273644215,5.40920856321246,1.02629552183024,0.312818595577927,0.999723251605349,1,"arteriol_scler"
"5673","PPFIA1","Exc L5 ET",0.0190199915848627,6.46320732922974,0.437320311995119,0.509530815896152,0.999723251605349,1,"arteriol_scler"
"5674","AP002336.2","Exc L5 ET",-0.1113001781129,4.74657848933319,1.46306124755212,0.228529615310918,0.999723251605349,1,"arteriol_scler"
"5675","AP000487.1","Exc L5 ET",-0.101788118672253,4.23746890039157,2.55737191474841,0.112087797435785,0.999723251605349,1,"arteriol_scler"
"5676","CTTN","Exc L5 ET",-0.0299444018837142,7.34362317438465,1.19320187145185,0.276604426887804,0.999723251605349,1,"arteriol_scler"
"5677","SHANK2","Exc L5 ET",-0.0118416330430233,8.31490405249986,0.127144137046122,0.721960991331667,0.999723251605349,1,"arteriol_scler"
"5678","NADSYN1","Exc L5 ET",0.0265479410361046,4.77444711450349,0.287826463393032,0.592488050720241,0.999723251605349,1,"arteriol_scler"
"5679","AP002495.2","Exc L5 ET",0.0598334043117095,4.23291658100343,0.787748402103076,0.376339464090293,0.999723251605349,1,"arteriol_scler"
"5680","RNF121","Exc L5 ET",0.0106311585889198,4.79786448607448,0.0350392800392302,0.851790684732737,0.999723251605349,1,"arteriol_scler"
"5681","NUMA1","Exc L5 ET",-0.0216122287538882,5.93163037392523,0.416064939787578,0.51998730536229,0.999723251605349,1,"arteriol_scler"
"5682","LAMTOR1","Exc L5 ET",-0.0253515357836382,4.74281618018452,0.100335599057549,0.751910091595841,0.999723251605349,1,"arteriol_scler"
"5683","ANAPC15","Exc L5 ET",-0.0958666532919698,3.89893689048984,1.13434585570278,0.288726298952844,0.999723251605349,1,"arteriol_scler"
"5684","CLPB","Exc L5 ET",-0.053518093920767,4.77254617620278,1.21447060779377,0.272383425572477,0.999723251605349,1,"arteriol_scler"
"5685","PDE2A","Exc L5 ET",0.0377710325449148,6.4679931145525,1.09503250218721,0.29720409956741,0.999723251605349,1,"arteriol_scler"
"5686","ARAP1","Exc L5 ET",0.0363833235626295,4.81321319754868,0.448476164297433,0.504188145474347,0.999723251605349,1,"arteriol_scler"
"5687","ATG16L2","Exc L5 ET",-0.0409827142031233,4.73510808030753,0.641054803435207,0.424717282775948,0.999723251605349,1,"arteriol_scler"
"5688","FCHSD2","Exc L5 ET",-0.0492699177479689,7.12260075887354,1.93967925684281,0.165962520537303,0.999723251605349,1,"arteriol_scler"
"5689","ARHGEF17","Exc L5 ET",0.0533856542812558,4.91962073339666,1.10289459610319,0.295483246853555,0.999723251605349,1,"arteriol_scler"
"5690","FAM168A","Exc L5 ET",0.0294963237249063,7.8407232250999,1.05306187761484,0.306613894133514,0.999723251605349,1,"arteriol_scler"
"5691","RAB6A","Exc L5 ET",-0.0158811643406089,7.32196382507492,0.476988208871082,0.719810110632157,0.999723251605349,1,"arteriol_scler"
"5692","MRPL48","Exc L5 ET",0.0178603304709996,4.7621913551981,0.124779637670318,0.724451005372977,0.999723251605349,1,"arteriol_scler"
"5693","PAAF1","Exc L5 ET",-0.0602606788384776,5.22459091508087,1.04724754794383,0.307947914550361,0.999723251605349,1,"arteriol_scler"
"5694","C2CD3","Exc L5 ET",-0.00659053984050827,6.20007662583552,0.033302131886038,0.855469338325311,0.999723251605349,1,"arteriol_scler"
"5695","PPME1","Exc L5 ET",-0.0430942122657104,6.43486801585567,2.56950636095045,0.111247946317589,0.999723251605349,1,"arteriol_scler"
"5696","P4HA3","Exc L5 ET",-0.162745944050476,3.84462856902825,2.45605090317006,0.119382829819199,0.999723251605349,1,"arteriol_scler"
"5697","PGM2L1","Exc L5 ET",-0.0186784090421617,7.55904037033527,0.184446183305229,0.668255370152821,0.999723251605349,1,"arteriol_scler"
"5698","POLD3","Exc L5 ET",0.044286184110149,5.97693803165933,1.17934778663186,0.279398547848797,0.999723251605349,1,"arteriol_scler"
"5699","RNF169","Exc L5 ET",-0.0395037123019037,6.21362903783013,1.17267599868613,0.280756920191027,0.999723251605349,1,"arteriol_scler"
"5700","XRRA1","Exc L5 ET",-0.0148865671208284,5.77493652251733,0.0843657542580051,0.771905811763575,0.999723251605349,1,"arteriol_scler"
"5701","SPCS2","Exc L5 ET",-0.0111327791369979,6.3491507848974,0.0563639597773678,0.812693142446771,0.999723251605349,1,"arteriol_scler"
"5702","NEU3","Exc L5 ET",-0.0299243943725177,5.07935338961419,0.323830371557611,0.570247804370055,0.999723251605349,1,"arteriol_scler"
"5703","AP001972.3","Exc L5 ET",0.0106070327493705,4.28386654388393,0.0216646725063846,0.883199335930775,0.999723251605349,1,"arteriol_scler"
"5704","ARRB1","Exc L5 ET",0.0129477762007388,5.86817660878635,0.0911139978401842,0.763224038995271,0.999723251605349,1,"arteriol_scler"
"5705","RPS3","Exc L5 ET",-0.0176787716179032,5.49891363479297,0.0807958197122551,0.776651576992443,0.999723251605349,1,"arteriol_scler"
"5706","MAP6","Exc L5 ET",0.0417882830574343,6.560014294406,1.39059852677581,0.240350679669621,0.999723251605349,1,"arteriol_scler"
"5707","UVRAG","Exc L5 ET",0.00910982510260665,7.9517243116303,0.0948706071293895,0.758542605013856,0.999723251605349,1,"arteriol_scler"
"5708","THAP12","Exc L5 ET",-0.00568487472808856,4.5169460689103,0.0112674687382615,0.949369412427196,0.999723251605349,1,"arteriol_scler"
"5709","GVQW3","Exc L5 ET",-0.0114214217977235,5.5330674570381,0.0749547640706394,0.784667607577545,0.999723251605349,1,"arteriol_scler"
"5710","EMSY","Exc L5 ET",0.0344332153763196,6.27622439592476,0.934765307268885,0.33533368973723,0.999723251605349,1,"arteriol_scler"
"5711","ACER3","Exc L5 ET",-0.000396962850965988,6.74915420920269,0.000123865661561584,0.991136343609267,0.999723251605349,1,"arteriol_scler"
"5712","CAPN5","Exc L5 ET",-0.00354486038309321,4.00688739250386,0.00301053416195086,0.956323402063414,0.999723251605349,1,"arteriol_scler"
"5713","PAK1","Exc L5 ET",-0.00266896128262674,8.00895938944093,0.0116888458282729,0.914062892000892,0.999723251605349,1,"arteriol_scler"
"5714","CLNS1A","Exc L5 ET",0.0171050258824593,6.42680149394123,0.200558694028839,0.654978585862721,0.999723251605349,1,"arteriol_scler"
"5715","AQP11","Exc L5 ET",-0.0546495578247883,4.23186175023998,0.668291243871542,0.415069360239759,0.999723251605349,1,"arteriol_scler"
"5716","RSF1","Exc L5 ET",0.0291550839414692,7.20336166057951,1.56009938898894,0.213783525389198,0.999723251605349,1,"arteriol_scler"
"5717","AAMDC","Exc L5 ET",0.0083816181947302,4.57307250739325,0.026480031455463,0.994706873688748,0.999723251605349,1,"arteriol_scler"
"5718","INTS4","Exc L5 ET",-0.00830170542437238,5.58077131830775,0.0432074491603241,0.835644251385025,0.999723251605349,1,"arteriol_scler"
"5719","ALG8","Exc L5 ET",-0.0295950503357156,4.99782189345699,0.437806955317422,0.509295717771318,0.999723251605349,1,"arteriol_scler"
"5720","GAB2","Exc L5 ET",-0.0122779786130055,7.11105192621604,0.131484672349318,0.717457172847164,0.999723251605349,1,"arteriol_scler"
"5721","AP003086.2","Exc L5 ET",-0.150065010837951,4.79538609510407,2.35126615559812,0.127490508948086,0.999723251605349,1,"arteriol_scler"
"5722","NARS2","Exc L5 ET",-0.0821996204240677,5.76750137328512,3.65442154951795,0.0580115420140948,0.999723251605349,1,"arteriol_scler"
"5723","TENM4","Exc L5 ET",0.0441458875020503,8.65026505071326,1.32638440964979,0.251458064816402,0.999723251605349,1,"arteriol_scler"
"5724","MIR4300HG","Exc L5 ET",0.0952442809977591,3.60798264044685,0.857872086248429,0.355965810526109,0.999723251605349,1,"arteriol_scler"
"5725","PRCP","Exc L5 ET",0.0785809489355408,5.55211795849738,4.05389874075739,0.0460309552426357,0.999723251605349,1,"arteriol_scler"
"5726","RAB30","Exc L5 ET",0.0125393281537523,6.46376342736942,0.113808498532385,0.736366197943622,0.999723251605349,1,"arteriol_scler"
"5727","RAB30-AS1","Exc L5 ET",-0.0219037026068332,5.5227436090209,0.257543728611341,0.612629794242943,0.999723251605349,1,"arteriol_scler"
"5728","PCF11","Exc L5 ET",0.0311651524288897,5.09643683788203,0.52821175223806,0.468601350195928,0.999723251605349,1,"arteriol_scler"
"5729","ANKRD42","Exc L5 ET",-0.0342322098709051,5.44537389258056,0.761247252399958,0.384467148254352,0.999723251605349,1,"arteriol_scler"
"5730","CCDC90B","Exc L5 ET",-0.0300684261662282,4.20685552225731,0.225626568042956,0.763083680804596,0.999723251605349,1,"arteriol_scler"
"5731","AP000446.1","Exc L5 ET",0.0419297580451376,4.4094368666557,0.430240385613032,0.512972591834905,0.999723251605349,1,"arteriol_scler"
"5732","DLG2","Exc L5 ET",0.0302313044591264,11.9682222500978,1.12322974921473,0.291091533098984,0.999723251605349,1,"arteriol_scler"
"5733","AP002370.2","Exc L5 ET",-0.16524499907594,6.15021512780136,2.5417468454602,0.113179651286983,0.999723251605349,1,"arteriol_scler"
"5734","AP001825.1","Exc L5 ET",-0.159495939062973,5.5599389459334,3.65088579033047,0.0581314403578891,0.999723251605349,1,"arteriol_scler"
"5735","TMEM126B","Exc L5 ET",0.0329925500709004,4.45514103833311,0.19750744932093,0.657442529745022,0.999723251605349,1,"arteriol_scler"
"5736","TMEM126A","Exc L5 ET",0.000930474142499111,3.79405897377772,7.8256482821854e-05,0.992954676548413,0.999723251605349,1,"arteriol_scler"
"5737","CREBZF","Exc L5 ET",0.0310196210647955,5.78797561419947,0.524582482873908,0.470130181760125,0.999723251605349,1,"arteriol_scler"
"5738","SYTL2","Exc L5 ET",-0.073925729345698,5.13746534570918,1.42431829516684,0.234759329202572,0.999723251605349,1,"arteriol_scler"
"5739","PICALM","Exc L5 ET",0.00881949648182695,7.27030169420482,0.0901827566590304,0.764400774369854,0.999723251605349,1,"arteriol_scler"
"5740","EED","Exc L5 ET",-0.00539611303997921,4.69656573264546,0.0126373917540327,0.91065822012382,0.999723251605349,1,"arteriol_scler"
"5741","HIKESHI","Exc L5 ET",-0.0626125409811394,4.67318202062341,1.35387835065302,0.25311295577195,0.999723251605349,1,"arteriol_scler"
"5742","AP001831.1","Exc L5 ET",-0.136013452014514,5.40572435842442,2.59494809240076,0.109509687164266,0.999723251605349,1,"arteriol_scler"
"5743","ME3","Exc L5 ET",5.83015761210978e-05,7.84371281484948,3.85239109224939e-06,0.99843681138333,0.999723251605349,1,"arteriol_scler"
"5744","PRSS23","Exc L5 ET",-0.0494365183946597,5.30458783753588,0.747152323889785,0.388892296164091,0.999723251605349,1,"arteriol_scler"
"5745","AP001528.2","Exc L5 ET",-0.0771231428544362,5.72811314120822,2.54544735466722,0.112920000015751,0.999723251605349,1,"arteriol_scler"
"5746","FZD4","Exc L5 ET",0.0105123238098845,4.45375495017635,0.0323584253172027,0.857509419243369,0.999723251605349,1,"arteriol_scler"
"5747","TMEM135","Exc L5 ET",-0.00311321859748787,6.6914597608551,0.0081467701237107,0.928213041527321,0.999723251605349,1,"arteriol_scler"
"5748","GRM5","Exc L5 ET",-0.00530692015028294,9.79270138220423,0.0355092209501387,0.850811829177681,0.999723251605349,1,"arteriol_scler"
"5749","NOX4","Exc L5 ET",0.0447497817894618,3.99152424061888,0.0878367494106272,0.767394926667753,0.999723251605349,1,"arteriol_scler"
"5750","NAALAD2","Exc L5 ET",-0.00475915167654467,7.22219734597865,0.0171772163512776,0.895918882308278,0.999723251605349,1,"arteriol_scler"
"5751","CHORDC1","Exc L5 ET",-0.0124389872474849,5.73571539652595,0.0476990966166141,0.827441948285787,0.999723251605349,1,"arteriol_scler"
"5752","FAT3","Exc L5 ET",0.00655009501421664,9.64059015460543,0.0428927865100731,0.83623521425229,0.999723251605349,1,"arteriol_scler"
"5753","SLC36A4","Exc L5 ET",-0.00402723588275975,6.57346697988085,0.0199540301674374,0.893551571599796,0.999723251605349,1,"arteriol_scler"
"5754","SMCO4","Exc L5 ET",0.000490476544414944,4.20605524948791,2.11281620639381e-05,0.99633920171815,0.999723251605349,1,"arteriol_scler"
"5755","CEP295","Exc L5 ET",-0.0264518341266397,6.05318874794275,0.625811782921084,0.569661527764922,0.999723251605349,1,"arteriol_scler"
"5756","TAF1D","Exc L5 ET",-0.0405394437240335,7.2245985801317,1.35245559175464,0.246873699292064,0.999723251605349,1,"arteriol_scler"
"5757","MRE11","Exc L5 ET",-0.0253808016656189,5.1524162843093,0.272042182474605,0.602808459753052,0.999723251605349,1,"arteriol_scler"
"5758","ANKRD49","Exc L5 ET",-0.0138428359832304,4.11450286274948,0.0283571891475625,0.866520501337637,0.999723251605349,1,"arteriol_scler"
"5759","PIWIL4","Exc L5 ET",0.00512683575009845,4.15215767606476,0.0053750453412521,0.941662771954625,0.999723251605349,1,"arteriol_scler"
"5760","AP000943.3","Exc L5 ET",-0.0592667860266015,7.00723744644915,1.28245320720504,0.259424222788117,0.999723251605349,1,"arteriol_scler"
"5761","AMOTL1","Exc L5 ET",0.0317976054191088,4.82541277207192,0.184198162213873,0.668465035118242,0.999723251605349,1,"arteriol_scler"
"5762","CWC15","Exc L5 ET",0.00308690039898767,4.55969188388233,0.00193510986386464,0.964976606771062,0.999723251605349,1,"arteriol_scler"
"5763","SRSF8","Exc L5 ET",0.0188427120862498,4.53445738686781,0.0660957051028021,0.79749488436639,0.999723251605349,1,"arteriol_scler"
"5764","ENDOD1","Exc L5 ET",-0.0096770852596343,5.03198501406359,0.0373137040110454,0.847114219867142,0.999723251605349,1,"arteriol_scler"
"5765","AP000787.1","Exc L5 ET",0.0165998308911726,4.36142830820496,0.0546068707438853,0.815581831894485,0.999723251605349,1,"arteriol_scler"
"5766","SESN3","Exc L5 ET",0.0428467385695032,6.32303949634631,1.09754374105725,0.296653035612894,0.999723251605349,1,"arteriol_scler"
"5767","FAM76B","Exc L5 ET",0.0555873327776405,4.33383699081897,0.916633236609031,0.340049306516678,0.999723251605349,1,"arteriol_scler"
"5768","CEP57","Exc L5 ET",-0.0239986735786033,6.40794449182789,0.633038773018926,0.427621124146436,0.999723251605349,1,"arteriol_scler"
"5769","MTMR2","Exc L5 ET",0.0639931664963382,5.78373276386347,3.61088847509555,0.0595064615570177,0.999723251605349,1,"arteriol_scler"
"5770","MAML2","Exc L5 ET",0.302046900170979,5.420528246564,6.38226472500335,0.0126657670970447,0.999723251605349,1,"arteriol_scler"
"5771","CCDC82","Exc L5 ET",0.0309717590923928,6.23406559316583,1.30443915812637,0.315813295904094,0.999723251605349,1,"arteriol_scler"
"5772","CNTN5","Exc L5 ET",0.153661226397661,7.20255596730254,4.35087272345822,0.0388471407198263,0.999723251605349,1,"arteriol_scler"
"5773","CEP126","Exc L5 ET",0.037716593346739,7.15484726142596,1.13830761239067,0.287889298316891,0.999723251605349,1,"arteriol_scler"
"5774","BIRC2","Exc L5 ET",-0.00549887192496534,4.7510206421509,0.0148392303616262,0.9032231837352,0.999723251605349,1,"arteriol_scler"
"5775","DCUN1D5","Exc L5 ET",0.0174776381416441,4.92864131245211,0.15881325722019,0.837573785893083,0.999723251605349,1,"arteriol_scler"
"5776","DYNC2H1","Exc L5 ET",-0.00915062329112492,7.70881779280829,0.100517950468048,0.751692249319092,0.999723251605349,1,"arteriol_scler"
"5777","GRIA4","Exc L5 ET",-0.0268452398599386,5.83384165305339,0.063270481937181,0.801776974788756,0.999723251605349,1,"arteriol_scler"
"5778","MSANTD4","Exc L5 ET",-0.00541516312161851,4.47907003675262,0.0101914588105921,0.919735758273169,0.999723251605349,1,"arteriol_scler"
"5779","KBTBD3","Exc L5 ET",-0.0445783434883714,4.61299031599163,0.673464800727287,0.494884058493512,0.999723251605349,1,"arteriol_scler"
"5780","AASDHPPT","Exc L5 ET",-0.0266000140608384,5.5125248561975,0.242645101921821,0.623091769611023,0.999723251605349,1,"arteriol_scler"
"5781","GUCY1A2","Exc L5 ET",0.0395298388836605,8.071769968232,1.35471422260571,0.246481417165181,0.999723251605349,1,"arteriol_scler"
"5782","CWF19L2","Exc L5 ET",-0.0355634485163632,5.6897099653869,0.895780607524905,0.345584235880495,0.999723251605349,1,"arteriol_scler"
"5783","ALKBH8","Exc L5 ET",-0.0573346294278717,4.79463565791186,1.33154673467568,0.250542017886194,0.999723251605349,1,"arteriol_scler"
"5784","ELMOD1","Exc L5 ET",0.0180496574221743,7.32335842655402,0.596070441844974,0.441412845439993,0.999723251605349,1,"arteriol_scler"
"5785","SLC35F2","Exc L5 ET",-0.0297873314118419,4.9138110377991,0.27871110493282,0.598402460449507,0.999723251605349,1,"arteriol_scler"
"5786","RAB39A","Exc L5 ET",-0.00122137589098737,4.2490702869578,0.000262188192728123,0.987104626411371,0.999723251605349,1,"arteriol_scler"
"5787","CUL5","Exc L5 ET",-0.0334134043449838,6.72525871803422,1.88639546593991,0.264763604039876,0.999723251605349,1,"arteriol_scler"
"5788","ACAT1","Exc L5 ET",0.0257945081820691,6.0674071324496,0.662066750115147,0.417245106110188,0.999723251605349,1,"arteriol_scler"
"5789","NPAT","Exc L5 ET",-0.0231814116580651,5.33697951333091,0.314603794500128,0.575786222768914,0.999723251605349,1,"arteriol_scler"
"5790","ATM","Exc L5 ET",0.0435553505166589,6.5222673990886,2.11713707509327,0.147949191807104,0.999723251605349,1,"arteriol_scler"
"5791","DDX10","Exc L5 ET",0.0651142827842603,6.48838522559566,3.3756129306351,0.0683377404512399,0.999723251605349,1,"arteriol_scler"
"5792","C11orf87","Exc L5 ET",-0.00822184389141093,5.8217359887073,0.0326830232650822,0.856804286349155,0.999723251605349,1,"arteriol_scler"
"5793","RDX","Exc L5 ET",0.0319986499380731,6.06895915220257,0.772425472464508,0.381008729779704,0.999723251605349,1,"arteriol_scler"
"5794","ZC3H12C","Exc L5 ET",0.0251180126671883,6.05217130662353,0.391229112752359,0.532695997713744,0.999723251605349,1,"arteriol_scler"
"5795","FDX1","Exc L5 ET",0.0051999260468641,5.05587089695846,0.010067527664721,0.920223611911749,0.999723251605349,1,"arteriol_scler"
"5796","ARHGAP20","Exc L5 ET",-0.0294274008772101,7.35007094217744,0.984739753839186,0.322783257757005,0.999723251605349,1,"arteriol_scler"
"5797","SIK2","Exc L5 ET",-0.0674936188197362,7.56607604349579,5.29151952988706,0.0229422165127117,0.999723251605349,1,"arteriol_scler"
"5798","PPP2R1B","Exc L5 ET",-0.015144677183751,4.40149156570804,0.0463855755687301,0.829797171074356,0.999723251605349,1,"arteriol_scler"
"5799","CRYAB","Exc L5 ET",0.0660165236254306,4.37621362714046,0.590245024795726,0.443648459461281,0.999723251605349,1,"arteriol_scler"
"5800","DIXDC1","Exc L5 ET",-0.0118864273629139,6.19049507717127,0.0658711231459535,0.79783166317332,0.999723251605349,1,"arteriol_scler"
"5801","DLAT","Exc L5 ET",0.0604031644347033,5.01108341410826,1.89898386992066,0.170441733481702,0.999723251605349,1,"arteriol_scler"
"5802","NKAPD1","Exc L5 ET",-0.0332892023066186,3.80450215907273,0.188792882519614,0.664607716493334,0.999723251605349,1,"arteriol_scler"
"5803","TIMM8B","Exc L5 ET",-0.0420292046592377,4.07302726827988,0.216617671560021,0.642369262120053,0.999723251605349,1,"arteriol_scler"
"5804","AP002884.3","Exc L5 ET",0.0203732770404016,4.8481053526082,0.0920731414203467,0.762018888629109,0.999723251605349,1,"arteriol_scler"
"5805","BCO2","Exc L5 ET",-0.0129936500379373,6.4886397046171,0.133528653898774,0.715365429525203,0.999723251605349,1,"arteriol_scler"
"5806","PTS","Exc L5 ET",-0.00191565544314262,5.20506723148525,0.00153914248895824,0.968762685927739,0.999723251605349,1,"arteriol_scler"
"5807","NCAM1","Exc L5 ET",0.0422406820381195,8.9143633507818,3.25870631056379,0.0732441758791978,0.999723251605349,1,"arteriol_scler"
"5808","TTC12","Exc L5 ET",0.030355318244108,4.5912808053606,0.1464956958667,0.702500929817282,0.999723251605349,1,"arteriol_scler"
"5809","ZW10","Exc L5 ET",-0.0922989726097915,4.20897290466627,2.57772284726395,0.142945206501211,0.999723251605349,1,"arteriol_scler"
"5810","USP28","Exc L5 ET",-0.0427239245484543,6.23991175987616,1.8067403268231,0.181124397450743,0.999723251605349,1,"arteriol_scler"
"5811","ZBTB16","Exc L5 ET",-0.0137602602310674,8.35036021803035,0.204806921157753,0.651585290109068,0.999723251605349,1,"arteriol_scler"
"5812","NNMT","Exc L5 ET",-0.0254598444876212,3.97282263445801,0.0699858793082253,0.791755462283136,0.999723251605349,1,"arteriol_scler"
"5813","REXO2","Exc L5 ET",-0.106731178360375,4.12254458152484,2.42575567074765,0.12166591637086,0.999723251605349,1,"arteriol_scler"
"5814","CADM1","Exc L5 ET",0.0105420952736951,9.4068073794023,0.107108301106151,0.743960839267165,0.999723251605349,1,"arteriol_scler"
"5815","AP000462.1","Exc L5 ET",-0.0642059452198065,5.26000567711145,0.382937978915895,0.537064044376698,0.999723251605349,1,"arteriol_scler"
"5816","AP002991.1","Exc L5 ET",0.0385435566589409,4.65568507160966,0.332395855717499,0.565199046754811,0.999723251605349,1,"arteriol_scler"
"5817","SIK3","Exc L5 ET",-0.00832182174442162,8.80695706121662,0.110016157698948,0.740633296097546,0.999723251605349,1,"arteriol_scler"
"5818","PAFAH1B2","Exc L5 ET",0.0299995412239702,6.06584355159165,0.388144135997268,0.534313686710623,0.999723251605349,1,"arteriol_scler"
"5819","SIDT2","Exc L5 ET",0.00211939395225745,4.49166910421814,0.00173034549554803,0.966880273164731,0.999723251605349,1,"arteriol_scler"
"5820","PCSK7","Exc L5 ET",0.0070879875211137,6.51829098800599,0.0380470351434133,0.845638093818866,0.999723251605349,1,"arteriol_scler"
"5821","RNF214","Exc L5 ET",-0.0427556021565097,5.05594727368963,1.03484320832284,0.312231373798077,0.999723251605349,1,"arteriol_scler"
"5822","BACE1","Exc L5 ET",-0.0238582531278829,5.69086557232582,0.433289135370205,0.511485552428483,0.999723251605349,1,"arteriol_scler"
"5823","CEP164","Exc L5 ET",-0.0685042941292176,6.06272479114246,3.15847663610764,0.0777556170811134,0.999723251605349,1,"arteriol_scler"
"5824","DSCAML1","Exc L5 ET",0.00457675807902971,9.4220342140796,0.0156073460257584,0.900762849468371,0.999723251605349,1,"arteriol_scler"
"5825","SCN4B","Exc L5 ET",-0.00282906342989684,6.26302008566524,0.00349087236977926,0.95297173009295,0.999723251605349,1,"arteriol_scler"
"5826","SCN2B","Exc L5 ET",0.0154718869115355,6.19786018376181,0.0621279796514349,0.803537473936719,0.999723251605349,1,"arteriol_scler"
"5827","UBE4A","Exc L5 ET",-0.0164152944720379,6.06172843217242,0.2412403682841,0.913518557776042,0.999723251605349,1,"arteriol_scler"
"5828","ATP5MG","Exc L5 ET",0.0172512522930337,6.46003530786932,0.172592814759111,0.678468531990904,0.999723251605349,1,"arteriol_scler"
"5829","KMT2A","Exc L5 ET",0.0100726414876491,7.86041465093511,0.188076724618152,0.665205241543058,0.999723251605349,1,"arteriol_scler"
"5830","TMEM25","Exc L5 ET",0.0132979926273975,5.00276156270204,0.0685948408384447,0.793787691070843,0.999723251605349,1,"arteriol_scler"
"5831","IFT46","Exc L5 ET",0.0537664742302308,4.31092343085994,0.886833405626334,0.347996725219944,0.999723251605349,1,"arteriol_scler"
"5832","ARCN1","Exc L5 ET",0.0477206663644125,4.65126268806498,0.537853819850358,0.46457834984766,0.999723251605349,1,"arteriol_scler"
"5833","PHLDB1","Exc L5 ET",0.0175506873837997,4.31868520678305,0.0588100863067156,0.808749795946951,0.999723251605349,1,"arteriol_scler"
"5834","AP002954.1","Exc L5 ET",-0.00634754290021313,3.83570552540284,0.00402696441036251,0.949494131288085,0.999723251605349,1,"arteriol_scler"
"5835","DDX6","Exc L5 ET",-0.0410079936336417,6.20987291003981,2.11509318822435,0.148143494875728,0.999723251605349,1,"arteriol_scler"
"5836","CCDC84","Exc L5 ET",-0.00331039220898993,6.12166647166302,0.0046817018099364,0.945548842636134,0.999723251605349,1,"arteriol_scler"
"5837","RPS25","Exc L5 ET",-0.125278038597323,4.93757408984206,1.49346197895673,0.223781424632435,0.999723251605349,1,"arteriol_scler"
"5838","TRAPPC4","Exc L5 ET",-0.0594162572014955,4.08679297920728,0.611703738041936,0.435498552402943,0.999723251605349,1,"arteriol_scler"
"5839","HYOU1","Exc L5 ET",0.0568679704430048,4.59420652730996,0.617603388768472,0.43329823808317,0.999723251605349,1,"arteriol_scler"
"5840","VPS11","Exc L5 ET",0.104904952013876,4.13812102818978,3.73401580090392,0.055381573314663,0.999723251605349,1,"arteriol_scler"
"5841","C2CD2L","Exc L5 ET",0.0957920623326087,4.26741182345942,1.943018582658,0.165601053781446,0.999723251605349,1,"arteriol_scler"
"5842","HINFP","Exc L5 ET",-0.00135011205945241,4.67981269302634,0.000804199924203918,0.977417612181857,0.999723251605349,1,"arteriol_scler"
"5843","NLRX1","Exc L5 ET",-0.00710003059778047,3.96511519679531,0.00755212562567546,0.93087570193872,0.999723251605349,1,"arteriol_scler"
"5844","CBL","Exc L5 ET",0.00534620717576961,5.821859781014,0.0184045083449213,0.892286930664083,0.999723251605349,1,"arteriol_scler"
"5845","USP2","Exc L5 ET",-0.0387156117244603,5.35921379828118,0.789858140963074,0.375702935282691,0.999723251605349,1,"arteriol_scler"
"5846","USP2-AS1","Exc L5 ET",-0.045384227716364,5.33739718403455,0.55217456775475,0.458704599670724,0.999723251605349,1,"arteriol_scler"
"5847","THY1","Exc L5 ET",0.0581973803834012,8.05009627839048,0.813119973461672,0.368784148826634,0.999723251605349,1,"arteriol_scler"
"5848","NECTIN1","Exc L5 ET",-0.00663898889826574,4.72903653559009,0.0166648198087775,0.897474206898284,0.999723251605349,1,"arteriol_scler"
"5849","TMEM136","Exc L5 ET",0.0236223308880662,4.00416745103894,0.120361390710438,0.729175923171849,0.999723251605349,1,"arteriol_scler"
"5850","ARHGEF12","Exc L5 ET",0.0061728023796063,7.7107471339364,0.0530493072334287,0.818183775104831,0.999723251605349,1,"arteriol_scler"
"5851","GRIK4","Exc L5 ET",0.0167232318119163,7.09131247142678,0.139579467493725,0.709277732426395,0.999723251605349,1,"arteriol_scler"
"5852","AP004147.1","Exc L5 ET",0.000282176237073607,3.53264593678339,5.4320009172593e-06,0.998143794731766,0.999723251605349,1,"arteriol_scler"
"5853","TECTA","Exc L5 ET",-0.0123697991527137,4.10703980877408,0.0361207858597232,0.849547973017493,0.999723251605349,1,"arteriol_scler"
"5854","SC5D","Exc L5 ET",0.0510007329345368,4.86682833645172,0.73263982840482,0.393525456235048,0.999723251605349,1,"arteriol_scler"
"5855","SORL1","Exc L5 ET",-0.00608088484209853,8.55262292430582,0.0787075566554266,0.779480376804315,0.999723251605349,1,"arteriol_scler"
"5856","UBASH3B","Exc L5 ET",-0.0329908250687198,4.67793214926246,0.246355672138297,0.62044943297752,0.999723251605349,1,"arteriol_scler"
"5857","JHY","Exc L5 ET",-0.0532402684327221,5.08908023879137,1.38282924804708,0.271400305578873,0.999723251605349,1,"arteriol_scler"
"5858","HSPA8","Exc L5 ET",0.0033524827739446,6.40253500685932,0.0010655315266504,0.974007266863834,0.999723251605349,1,"arteriol_scler"
"5859","CLMP","Exc L5 ET",-0.00365460908370205,5.61195762560754,0.00205609919396336,0.96389905093917,0.999723251605349,1,"arteriol_scler"
"5860","GRAMD1B","Exc L5 ET",0.0140743352633479,7.75166264055944,0.2410011709146,0.624270470297688,0.999723251605349,1,"arteriol_scler"
"5861","SCN3B","Exc L5 ET",0.198480290279518,3.59913582441959,2.52820237731496,0.114135703611311,0.999723251605349,1,"arteriol_scler"
"5862","VWA5A","Exc L5 ET",0.0617296280780803,5.54310346035343,2.17298294694736,0.142750836944399,0.999723251605349,1,"arteriol_scler"
"5863","TBRG1","Exc L5 ET",-0.0183330699276741,6.95730186526752,0.237034280257753,0.627135441637549,0.999723251605349,1,"arteriol_scler"
"5864","SIAE","Exc L5 ET",-0.00805827101118812,5.0256181234014,0.021656330686041,0.883221661654257,0.999723251605349,1,"arteriol_scler"
"5865","NRGN","Exc L5 ET",0.0315132290310708,9.32177016005205,0.204550974519987,0.651788522288531,0.999723251605349,1,"arteriol_scler"
"5866","MSANTD2","Exc L5 ET",-0.0355213273464704,5.2030567607036,0.813164329094309,0.368771127767224,0.999723251605349,1,"arteriol_scler"
"5867","PKNOX2","Exc L5 ET",0.0143564678840803,7.65343462934613,0.159894524799223,0.68987724974203,0.999723251605349,1,"arteriol_scler"
"5868","FEZ1","Exc L5 ET",0.0161520615728749,6.27688110187143,0.0778076142906168,0.780711941179483,0.999723251605349,1,"arteriol_scler"
"5869","EI24","Exc L5 ET",0.0159093733820965,5.24372576950782,0.0655416535878382,0.798326839116587,0.999723251605349,1,"arteriol_scler"
"5870","HYLS1","Exc L5 ET",-0.0154029111844679,4.41221617357869,0.082364152886233,0.942987177381465,0.999723251605349,1,"arteriol_scler"
"5871","DDX25","Exc L5 ET",-0.0818432645069159,5.01599986447114,3.0853766567685,0.0963888512516611,0.999723251605349,1,"arteriol_scler"
"5872","CDON","Exc L5 ET",-0.049722379625808,6.28187194587034,1.58216797013937,0.210591331323351,0.999723251605349,1,"arteriol_scler"
"5873","FAM118B","Exc L5 ET",-0.0165027074629378,4.86774962172721,0.125027468456546,0.849578767005504,0.999723251605349,1,"arteriol_scler"
"5874","SRPRA","Exc L5 ET",0.145040996424283,4.50608466119481,3.31360709844887,0.070894124449791,0.999723251605349,1,"arteriol_scler"
"5875","FOXRED1","Exc L5 ET",-0.060604799317824,6.1921250660668,1.58718567927335,0.209873502814398,0.999723251605349,1,"arteriol_scler"
"5876","KIRREL3","Exc L5 ET",0.0409636474524389,8.66811992268039,0.591171434779237,0.443291759415763,0.999723251605349,1,"arteriol_scler"
"5877","ARHGAP32","Exc L5 ET",-0.0225875443704379,8.85974414302833,0.831744703878114,0.363372706255065,0.999723251605349,1,"arteriol_scler"
"5878","NFRKB","Exc L5 ET",0.0512298815606581,4.36897862260641,0.684425121215997,0.409507744894097,0.999723251605349,1,"arteriol_scler"
"5879","PRDM10","Exc L5 ET",0.043772786409259,4.84444587715289,0.730305458715204,0.394278144698042,0.999723251605349,1,"arteriol_scler"
"5880","APLP2","Exc L5 ET",0.0224327600819125,7.11853135884638,0.328282988039904,0.567612362564619,0.999723251605349,1,"arteriol_scler"
"5881","ZBTB44","Exc L5 ET",-0.026806134084758,5.61558609657723,0.449140590918214,0.503872990692514,0.999723251605349,1,"arteriol_scler"
"5882","SNX19","Exc L5 ET",0.0626429428418035,5.28904927948416,3.01199392306047,0.168650919647553,0.999723251605349,1,"arteriol_scler"
"5883","NTM","Exc L5 ET",-0.017498977317801,10.3417751317372,0.267794273787033,0.605650939374343,0.999723251605349,1,"arteriol_scler"
"5884","OPCML","Exc L5 ET",0.0550190760928904,11.07052091821,2.98217986986749,0.0864428268197228,0.999723251605349,1,"arteriol_scler"
"5885","IGSF9B","Exc L5 ET",0.0658662463331887,6.41394801686329,2.07562379847649,0.151953394590308,0.999723251605349,1,"arteriol_scler"
"5886","JAM3","Exc L5 ET",0.0166735886628913,7.29943973956185,0.254204830825184,0.61494075627888,0.999723251605349,1,"arteriol_scler"
"5887","NCAPD3","Exc L5 ET",0.0580719154928085,4.86903065900536,1.20940361266546,0.273381590632728,0.999723251605349,1,"arteriol_scler"
"5888","VPS26B","Exc L5 ET",0.0405631907114489,5.38205495289537,1.15732952766728,0.283913519262126,0.999723251605349,1,"arteriol_scler"
"5889","THYN1","Exc L5 ET",-0.0175565315048759,4.43614505571536,0.052433378805651,0.819223788505293,0.999723251605349,1,"arteriol_scler"
"5890","ACAD8","Exc L5 ET",-0.0396464548294626,4.92609549084098,0.65734560162962,0.710200565144738,0.999723251605349,1,"arteriol_scler"
"5891","GLB1L3","Exc L5 ET",0.0328244762740668,6.26257280945304,0.895400560644285,0.345686245424771,0.999723251605349,1,"arteriol_scler"
"5892","B3GAT1","Exc L5 ET",-0.0243482428521114,7.13595907267787,0.515376027608975,0.474044897934513,0.999723251605349,1,"arteriol_scler"
"5893","ZMYND11","Exc L5 ET",0.00452411382452632,6.8373271061205,0.0214735660891121,0.883711912904437,0.999723251605349,1,"arteriol_scler"
"5894","DIP2C","Exc L5 ET",-0.00104548435566127,8.53312271083156,0.00112137925244526,0.973335037151091,0.999723251605349,1,"arteriol_scler"
"5895","LARP4B","Exc L5 ET",-0.0305949175458246,6.9272566636791,1.30915857690911,0.3320770030504,0.999723251605349,1,"arteriol_scler"
"5896","GTPBP4","Exc L5 ET",-0.0343745406186786,4.42194971975859,0.294402644578031,0.58829569958406,0.999723251605349,1,"arteriol_scler"
"5897","IDI2-AS1","Exc L5 ET",0.00696645260521834,4.49580383568259,0.00912138854237276,0.924052702568657,0.999723251605349,1,"arteriol_scler"
"5898","IDI1","Exc L5 ET",-0.00869505636689965,5.51135056391085,0.0151379912592133,0.90225871834064,0.999723251605349,1,"arteriol_scler"
"5899","WDR37","Exc L5 ET",0.032484145680124,6.64556535807565,1.03513514730012,0.310751430726036,0.999723251605349,1,"arteriol_scler"
"5900","ADARB2","Exc L5 ET",0.221993869338271,3.96006456735171,2.72604235655812,0.101017281324106,0.999723251605349,1,"arteriol_scler"
"5901","PFKP","Exc L5 ET",0.0232206547342047,5.70584224274412,0.26724051545891,0.606023590711738,0.999723251605349,1,"arteriol_scler"
"5902","PITRM1","Exc L5 ET",-0.0188117435974575,5.20452382482609,0.194453149925865,0.65993189538868,0.999723251605349,1,"arteriol_scler"
"5903","KLF6","Exc L5 ET",-0.0216051515457549,4.2162681089407,0.110563027982787,0.95058256914299,0.999723251605349,1,"arteriol_scler"
"5904","AKR1E2","Exc L5 ET",-0.0902389724654695,4.34800886565354,1.85735264332527,0.175169603568442,0.999723251605349,1,"arteriol_scler"
"5905","ASB13","Exc L5 ET",-0.0200238652526256,4.21882769150263,0.10659464894835,0.744553809243158,0.999723251605349,1,"arteriol_scler"
"5906","FAM208B","Exc L5 ET",0.0272650073240785,7.20633990512414,1.31411580739934,0.253651812614176,0.999723251605349,1,"arteriol_scler"
"5907","AL365356.1","Exc L5 ET",-0.23629549695078,3.76262511207004,5.52199918668416,0.0202085438740968,0.999723251605349,1,"arteriol_scler"
"5908","GDI2","Exc L5 ET",0.0143642248371512,5.62609207577494,0.210213812697759,0.64732734946441,0.999723251605349,1,"arteriol_scler"
"5909","ANKRD16","Exc L5 ET",0.017914208034932,5.71528898356491,0.227340086868383,0.634263849509724,0.999723251605349,1,"arteriol_scler"
"5910","FBH1","Exc L5 ET",0.0257223814457436,5.91775244319227,0.545629005568516,0.461374502444672,0.999723251605349,1,"arteriol_scler"
"5911","RBM17","Exc L5 ET",-0.064473395929201,5.49411116918937,3.37803249082381,0.068240030320411,0.999723251605349,1,"arteriol_scler"
"5912","PFKFB3","Exc L5 ET",-0.0309707161254441,5.65631053628541,0.470930651688298,0.493720691755195,0.999723251605349,1,"arteriol_scler"
"5913","PRKCQ","Exc L5 ET",0.0260861235342393,4.7105014896397,0.151406779537183,0.697799553004149,0.999723251605349,1,"arteriol_scler"
"5914","SFMBT2","Exc L5 ET",-0.0560530286398047,5.24575633595491,0.344546753943096,0.558183812333274,0.999723251605349,1,"arteriol_scler"
"5915","KIN","Exc L5 ET",-0.0343979553825591,4.94674723386956,0.566917438912007,0.452780092363905,0.999723251605349,1,"arteriol_scler"
"5916","ATP5F1C","Exc L5 ET",-0.00297093721265801,5.61534238312856,0.00620567529867059,0.937325809473753,0.999723251605349,1,"arteriol_scler"
"5917","TAF3","Exc L5 ET",0.0142816853668419,6.07516542601826,0.152172085843438,0.697074869758053,0.999723251605349,1,"arteriol_scler"
"5918","AL583859.2","Exc L5 ET",-0.0458809257833055,4.5090299623259,0.340266588024474,0.560635731304968,0.999723251605349,1,"arteriol_scler"
"5919","CELF2","Exc L5 ET",0.0141440260411473,11.0161938486475,0.286939525267823,0.593058195049165,0.999723251605349,1,"arteriol_scler"
"5920","CELF2-AS2","Exc L5 ET",-0.160821590092611,4.30795480874414,2.91424686019497,0.0900688781028372,0.999723251605349,1,"arteriol_scler"
"5921","USP6NL","Exc L5 ET",-0.0244880213689904,4.9521374610171,0.186940805334109,0.666155774537085,0.999723251605349,1,"arteriol_scler"
"5922","UPF2","Exc L5 ET",0.0845476879104726,5.70678557544976,5.99211071789715,0.0156366216026095,0.999723251605349,1,"arteriol_scler"
"5923","DHTKD1","Exc L5 ET",0.0163179463475049,4.95680990773078,0.0774408668007068,0.781216034558444,0.999723251605349,1,"arteriol_scler"
"5924","SEC61A2","Exc L5 ET",-0.0178221616320889,5.58633069253101,0.235488263835844,0.650848755609778,0.999723251605349,1,"arteriol_scler"
"5925","NUDT5","Exc L5 ET",-0.0550069410017356,5.49129874317238,1.77322556205847,0.185197749866637,0.999723251605349,1,"arteriol_scler"
"5926","CDC123","Exc L5 ET",-0.0104136694251266,5.72411252485682,0.083645797206414,0.772854012395457,0.999723251605349,1,"arteriol_scler"
"5927","CAMK1D","Exc L5 ET",0.0223776835469998,8.60633427266727,0.484234120863491,0.487691068781642,0.999723251605349,1,"arteriol_scler"
"5928","CCDC3","Exc L5 ET",0.0307018377961958,6.66024150518878,0.606198240161708,0.437567362503515,0.999723251605349,1,"arteriol_scler"
"5929","OPTN","Exc L5 ET",0.019684603429344,5.82321286163813,0.280081446237672,0.76354059109781,0.999723251605349,1,"arteriol_scler"
"5930","PRPF18","Exc L5 ET",0.1109535378959,4.15262651258819,3.03262434344524,0.083853657203982,0.999723251605349,1,"arteriol_scler"
"5931","AL157392.5","Exc L5 ET",0.0062474808503332,4.75598071407024,0.0174746310182297,0.907307460750482,0.999723251605349,1,"arteriol_scler"
"5932","FRMD4A","Exc L5 ET",0.00132738607647228,11.3287035310392,0.00199328686298545,0.964454382063497,0.999723251605349,1,"arteriol_scler"
"5933","AC044781.1","Exc L5 ET",-0.226783570457759,4.16407551737407,4.8940522315543,0.0286077951024323,0.999723251605349,1,"arteriol_scler"
"5934","HSPA14-1","Exc L5 ET",-0.0140116764062337,4.5639304870674,0.0512678661190203,0.821209536979841,0.999723251605349,1,"arteriol_scler"
"5935","DCLRE1C","Exc L5 ET",-0.121052071918658,4.72340035629499,4.98958016410225,0.0271236246888373,0.999723251605349,1,"arteriol_scler"
"5936","RPP38","Exc L5 ET",0.0165698431154351,4.47286586064448,0.0447484795347538,0.832781989666644,0.999723251605349,1,"arteriol_scler"
"5937","NMT2","Exc L5 ET",0.000855374266238013,6.13629148588059,0.000484645975025551,0.982468323441434,0.999723251605349,1,"arteriol_scler"
"5938","FAM171A1","Exc L5 ET",0.0379695055107289,8.05883596222921,2.55388580852392,0.112330380914651,0.999723251605349,1,"arteriol_scler"
"5939","ITGA8","Exc L5 ET",0.087293723109656,6.26990857100608,1.26654992953699,0.26238530948711,0.999723251605349,1,"arteriol_scler"
"5940","MINDY3","Exc L5 ET",-0.00443548001919706,6.86283775692229,0.0222459027273571,0.881654427411262,0.999723251605349,1,"arteriol_scler"
"5941","RSU1","Exc L5 ET",-0.0292671110184591,6.16497547609693,0.584966597024577,0.445689376214622,0.999723251605349,1,"arteriol_scler"
"5942","CUBN","Exc L5 ET",0.0607661342889035,5.31948491459059,0.94998161456187,0.331444149986089,0.999723251605349,1,"arteriol_scler"
"5943","TRDMT1","Exc L5 ET",-0.0198464882929652,5.8171658735431,0.197627141931191,0.657345446852976,0.999723251605349,1,"arteriol_scler"
"5944","ST8SIA6","Exc L5 ET",-0.0235311400126867,3.89979611225213,0.0500998812639472,0.823223455983657,0.999723251605349,1,"arteriol_scler"
"5945","STAM","Exc L5 ET",-0.01534525662295,5.33889739519065,0.161360171829926,0.688534103588843,0.999723251605349,1,"arteriol_scler"
"5946","CACNB2","Exc L5 ET",0.0311443872182018,8.25322703819208,0.870591408717235,0.3524353768032,0.999723251605349,1,"arteriol_scler"
"5947","AL450384.2","Exc L5 ET",-0.0467606141249321,4.87574518103407,1.04011259559444,0.309595328605547,0.999723251605349,1,"arteriol_scler"
"5948","NSUN6","Exc L5 ET",-0.0403961628246885,5.73796829556688,1.10580643635946,0.294849171302785,0.999723251605349,1,"arteriol_scler"
"5949","ARL5B","Exc L5 ET",-0.0105395514348299,4.01224091886391,0.0309550659491604,0.960787645866724,0.999723251605349,1,"arteriol_scler"
"5950","MALRD1","Exc L5 ET",-0.115122173389878,4.51424050551826,1.28460144986622,0.259027438453818,0.999723251605349,1,"arteriol_scler"
"5951","PLXDC2","Exc L5 ET",0.0454354369517809,7.69268803515078,0.448554724041689,0.504150864904763,0.999723251605349,1,"arteriol_scler"
"5952","NEBL","Exc L5 ET",-0.0141201220654363,9.51983311267882,0.359233173969997,0.549923669179457,0.999723251605349,1,"arteriol_scler"
"5953","MLLT10","Exc L5 ET",0.00128849834181079,8.06403316736788,0.0022407283382701,0.96231420046575,0.999723251605349,1,"arteriol_scler"
"5954","DNAJC1","Exc L5 ET",-0.0118092639009474,7.20134035338666,0.121163910921855,0.728310549858835,0.999723251605349,1,"arteriol_scler"
"5955","BMI1","Exc L5 ET",0.0496050706854738,3.81181498578262,0.336447169033214,0.562841243908527,0.999723251605349,1,"arteriol_scler"
"5956","SPAG6","Exc L5 ET",-0.0775636937860451,4.93413177726044,1.0881017209578,0.298731872362796,0.999723251605349,1,"arteriol_scler"
"5957","PIP4K2A","Exc L5 ET",0.0284625068061516,7.24346834853557,0.860200357465049,0.355315933544964,0.999723251605349,1,"arteriol_scler"
"5958","ARMC3","Exc L5 ET",0.0138059851951983,4.93189680846995,0.0398545449094899,0.842061658736771,0.999723251605349,1,"arteriol_scler"
"5959","MSRB2","Exc L5 ET",0.010728124662147,4.40050989468482,0.0281877645600943,0.866916075542822,0.999723251605349,1,"arteriol_scler"
"5960","KIAA1217","Exc L5 ET",0.0303351059413561,7.96223429307194,0.370519611556172,0.543730507075612,0.999723251605349,1,"arteriol_scler"
"5961","ARHGAP21","Exc L5 ET",-0.0272045910799516,7.75595214879517,1.26085436321008,0.263456052650588,0.999723251605349,1,"arteriol_scler"
"5962","PRTFDC1","Exc L5 ET",0.0168845322019509,5.09816892429769,0.0995655631594156,0.752832410279644,0.999723251605349,1,"arteriol_scler"
"5963","GPR158","Exc L5 ET",0.0125719116803942,8.23798493619483,0.173414136793904,0.677747781445449,0.999723251605349,1,"arteriol_scler"
"5964","MYO3A","Exc L5 ET",-0.0126094327939434,4.92932579715556,0.0171212327264289,0.896087655907176,0.999723251605349,1,"arteriol_scler"
"5965","PDSS1","Exc L5 ET",-0.0133950878203985,5.40072072321108,0.097491510905597,0.755336314814698,0.999723251605349,1,"arteriol_scler"
"5966","ABI1","Exc L5 ET",0.0071027722692499,6.87333888796606,0.0589034677426415,0.808600994349168,0.999723251605349,1,"arteriol_scler"
"5967","ANKRD26","Exc L5 ET",-0.0488082648694251,7.67478308675017,3.49782564065954,0.063586134152002,0.999723251605349,1,"arteriol_scler"
"5968","YME1L1","Exc L5 ET",-0.0430394079375008,6.1680066899379,1.95395963207002,0.164423087606509,0.999723251605349,1,"arteriol_scler"
"5969","ACBD5","Exc L5 ET",0.00448975237293166,5.35830608752883,0.0136268382073532,0.907241991672716,0.999723251605349,1,"arteriol_scler"
"5970","RAB18","Exc L5 ET",-0.00700529430361241,6.20877715926239,0.0506670811046003,0.822434646726371,0.999723251605349,1,"arteriol_scler"
"5971","MKX","Exc L5 ET",-0.0575862207874279,5.33588819902227,0.851056990003721,0.35787752683083,0.999723251605349,1,"arteriol_scler"
"5972","MPP7","Exc L5 ET",-0.0579810816780237,5.84059841163941,2.17032680560272,0.142993323262638,0.999723251605349,1,"arteriol_scler"
"5973","WAC-AS1","Exc L5 ET",-0.0646218787154869,5.44176964559538,2.68138101085107,0.10382568959476,0.999723251605349,1,"arteriol_scler"
"5974","WAC","Exc L5 ET",0.0285644554110682,6.90511176805492,1.50877995299529,0.22143419659461,0.999723251605349,1,"arteriol_scler"
"5975","SVIL","Exc L5 ET",-0.114399302072282,3.8223249660172,1.19128133314211,0.276989641590263,0.999723251605349,1,"arteriol_scler"
"5976","JCAD","Exc L5 ET",-0.0782201164658567,4.20851815361712,0.831371815050324,0.363479959303921,0.999723251605349,1,"arteriol_scler"
"5977","MTPAP","Exc L5 ET",-0.0300308296132435,4.2620775719977,0.294692034711451,0.742934345308016,0.999723251605349,1,"arteriol_scler"
"5978","ZNF438","Exc L5 ET",0.0501678891636807,6.66661145882108,1.63206779985738,0.20358086815351,0.999723251605349,1,"arteriol_scler"
"5979","AL356258.1","Exc L5 ET",0.115071357047816,4.42172726857747,1.20547320670087,0.274159039823811,0.999723251605349,1,"arteriol_scler"
"5980","ZEB1-AS1","Exc L5 ET",0.0578338840630649,5.80124816007598,1.09818689422717,0.296512115224789,0.999723251605349,1,"arteriol_scler"
"5981","ZEB1","Exc L5 ET",0.107371402520707,8.06698216644294,8.67533825391308,0.0037919269762839,0.999723251605349,0.980687381274362,"arteriol_scler"
"5982","ARHGAP12","Exc L5 ET",-0.0028727268934864,5.77456460518064,0.00454850198245879,0.946327831727216,0.999723251605349,1,"arteriol_scler"
"5983","KIF5B","Exc L5 ET",-0.00993187144180528,5.79479482005355,0.0664175969723372,0.79701324388238,0.999723251605349,1,"arteriol_scler"
"5984","EPC1","Exc L5 ET",0.0226280163713295,6.62952402492572,0.636792219837544,0.426257693943171,0.999723251605349,1,"arteriol_scler"
"5985","CCDC7","Exc L5 ET",-0.00915546288336715,6.77084258074345,0.0443536895942198,0.833510291244084,0.999723251605349,1,"arteriol_scler"
"5986","ITGB1","Exc L5 ET",-0.11047484830859,5.25505110672293,5.81478300388355,0.017219069892507,0.999723251605349,1,"arteriol_scler"
"5987","NRP1","Exc L5 ET",-0.015782232574848,8.12515148979726,0.182642486269223,0.669783958390443,0.999723251605349,1,"arteriol_scler"
"5988","PARD3","Exc L5 ET",0.445373238184032,4.61220179982363,10.3858976252459,0.0015874283385385,0.999723251605349,0.818364304496965,"arteriol_scler"
"5989","CUL2","Exc L5 ET",0.0164168897250409,5.50367695772863,0.206026246864831,0.650619192440786,0.999723251605349,1,"arteriol_scler"
"5990","CREM","Exc L5 ET",0.0287305704858001,5.74465028725429,0.485933906886836,0.486929541302666,0.999723251605349,1,"arteriol_scler"
"5991","CCNY","Exc L5 ET",-0.0065904031250875,7.930802947356,0.096365442336314,0.75670802857958,0.999723251605349,1,"arteriol_scler"
"5992","AL117336.3","Exc L5 ET",0.0900492698972656,5.22141889442383,3.20837181857358,0.0754731610824456,0.999723251605349,1,"arteriol_scler"
"5993","ZNF248","Exc L5 ET",0.0278618296573673,7.26958861575069,0.684989138839935,0.409315319998569,0.999723251605349,1,"arteriol_scler"
"5994","ZNF25","Exc L5 ET",-0.0619305533403338,5.99641655308482,2.84124916052031,0.0941522083231448,0.999723251605349,1,"arteriol_scler"
"5995","ZNF33A","Exc L5 ET",-0.0462817636609615,5.83653868800017,1.62420724113399,0.204666538477769,0.999723251605349,1,"arteriol_scler"
"5996","AL117339.5","Exc L5 ET",-0.00281960052550522,5.0913610384526,0.00175878819621181,0.966609337907118,0.999723251605349,1,"arteriol_scler"
"5997","LINC00839","Exc L5 ET",0.0452205036139846,4.28857934545042,0.578786169778573,0.448097703023843,0.999723251605349,1,"arteriol_scler"
"5998","ZNF33B","Exc L5 ET",0.0542467150872942,4.71504725541497,1.05401360067167,0.3063962535753,0.999723251605349,1,"arteriol_scler"
"5999","BMS1","Exc L5 ET",-0.00842669096714443,5.69149838450172,0.0508672849319783,0.821897503217448,0.999723251605349,1,"arteriol_scler"
"6000","CSGALNACT2","Exc L5 ET",0.0217481796737804,5.78695005181746,0.365219032867883,0.546622777721802,0.999723251605349,1,"arteriol_scler"
"6001","RASGEF1A","Exc L5 ET",-0.007954985489088,5.17881363752758,0.0330328397769618,0.856048407916091,0.999723251605349,1,"arteriol_scler"
"6002","HNRNPF","Exc L5 ET",-0.0289447976800455,4.30943224199055,0.286319427334405,0.593457483061715,0.999723251605349,1,"arteriol_scler"
"6003","ZNF487","Exc L5 ET",-0.0266103682187705,5.61531728191717,0.380034779049719,0.538609038552222,0.999723251605349,1,"arteriol_scler"
"6004","ZNF32","Exc L5 ET",-0.00425596445516841,4.28996367319245,0.00389869378322473,0.950303951281253,0.999723251605349,1,"arteriol_scler"
"6005","TMEM72-AS1","Exc L5 ET",-0.0100503986298829,5.80605526084042,0.0525734202294484,0.818986761793342,0.999723251605349,1,"arteriol_scler"
"6006","RASSF4","Exc L5 ET",0.0570854951204618,5.00555576503588,1.49418269353837,0.223670315200052,0.999723251605349,1,"arteriol_scler"
"6007","MARCH8","Exc L5 ET",0.0412468116167298,4.8001224732547,0.581258211262973,0.447131990941173,0.999723251605349,1,"arteriol_scler"
"6008","WASHC2C","Exc L5 ET",-0.0123751060685933,5.02209234918509,0.0815709546688034,0.899982204977483,0.999723251605349,1,"arteriol_scler"
"6009","AGAP4","Exc L5 ET",-0.0237135307819093,5.77201626289073,0.363010725661516,0.547836218939204,0.999723251605349,1,"arteriol_scler"
"6010","TIMM23","Exc L5 ET",-0.0392337602169278,4.66124456682443,0.610969601728657,0.435773551011798,0.999723251605349,1,"arteriol_scler"
"6011","NCOA4","Exc L5 ET",0.0703934662529135,5.19461745536369,2.20101287798827,0.140220171164435,0.999723251605349,1,"arteriol_scler"
"6012","AL356056.2","Exc L5 ET",0.130111531310954,5.53002307351042,7.17951224372401,0.00827922226169363,0.999723251605349,1,"arteriol_scler"
"6013","PTPN20","Exc L5 ET",-0.0363278750472854,5.99017666778788,0.27859782257559,0.598476737803944,0.999723251605349,1,"arteriol_scler"
"6014","GDF10","Exc L5 ET",0.0772945384649074,3.82356663689085,0.969909611367574,0.326441175451474,0.999723251605349,1,"arteriol_scler"
"6015","AGAP9","Exc L5 ET",0.0297786397872479,5.01614939413822,0.295483064537381,0.587612738979479,0.999723251605349,1,"arteriol_scler"
"6016","MAPK8","Exc L5 ET",0.0224042780570836,7.13178360485793,0.543852622720567,0.462103357765566,0.999723251605349,1,"arteriol_scler"
"6017","ARHGAP22","Exc L5 ET",0.0532305212655481,6.27513437038909,1.03180436813733,0.3115282282621,0.999723251605349,1,"arteriol_scler"
"6018","VSTM4","Exc L5 ET",0.00127940754223524,4.07739129924976,0.00027567897323359,0.986777054705118,0.999723251605349,1,"arteriol_scler"
"6019","ERCC6","Exc L5 ET",0.00295341458186755,5.49731437316396,0.00509366142089437,0.943207594852024,0.999723251605349,1,"arteriol_scler"
"6020","OGDHL","Exc L5 ET",0.056066164347895,5.52461116887332,1.46635526089443,0.228009275334152,0.999723251605349,1,"arteriol_scler"
"6021","PARG","Exc L5 ET",-0.054258999764542,6.72650848337291,4.08709483326236,0.0451619584302508,0.999723251605349,1,"arteriol_scler"
"6022","TIMM23B","Exc L5 ET",-0.0466448057121263,5.98615000601064,0.72681139124013,0.395408664332414,0.999723251605349,1,"arteriol_scler"
"6023","LINC00843","Exc L5 ET",-0.0333870069114074,5.12643095335482,0.464182063320657,0.496827540076022,0.999723251605349,1,"arteriol_scler"
"6024","AGAP6","Exc L5 ET",-0.0020862361326214,5.53399680565182,0.00262715266559141,0.959196480908653,0.999723251605349,1,"arteriol_scler"
"6025","WASHC2A","Exc L5 ET",0.0678714024961415,4.94222898195992,2.10487862374287,0.149118920127814,0.999723251605349,1,"arteriol_scler"
"6026","SGMS1","Exc L5 ET",-0.0129548857585636,7.43982628427408,0.210269482552305,0.647283855859053,0.999723251605349,1,"arteriol_scler"
"6027","ASAH2B","Exc L5 ET",-0.0847722325400533,4.15088964963811,1.6111731423384,0.206481985109246,0.999723251605349,1,"arteriol_scler"
"6028","PRKG1","Exc L5 ET",-0.0561810898115917,4.56751956777453,0.249807458050458,0.618013578322763,0.999723251605349,1,"arteriol_scler"
"6029","PCDH15","Exc L5 ET",-0.0148478633089509,9.05842861318985,0.0335204583860828,0.85500163596014,0.999723251605349,1,"arteriol_scler"
"6030","IPMK","Exc L5 ET",0.0102020167752033,4.99478630030272,0.0549743515956005,0.856504267406157,0.999723251605349,1,"arteriol_scler"
"6031","CISD1","Exc L5 ET",-0.00692450737053415,6.44121985932963,0.0183290308630702,0.892506666330082,0.999723251605349,1,"arteriol_scler"
"6032","UBE2D1","Exc L5 ET",0.00891627386187321,4.89820911039549,0.0317203679490977,0.858906212886295,0.999723251605349,1,"arteriol_scler"
"6033","TFAM","Exc L5 ET",-0.0444307120739675,4.34901251877157,0.494138201496375,0.483281558099208,0.999723251605349,1,"arteriol_scler"
"6034","BICC1","Exc L5 ET",0.107899180657668,6.53256484000352,2.70712840047249,0.102196250115199,0.999723251605349,1,"arteriol_scler"
"6035","PHYHIPL","Exc L5 ET",0.0508711301530553,7.10155417497053,2.86811901214635,0.0926259890770856,0.999723251605349,1,"arteriol_scler"
"6036","FAM13C","Exc L5 ET",0.0585484444752862,6.6997530247115,2.76681171798719,0.0985267370855046,0.999723251605349,1,"arteriol_scler"
"6037","CCDC6","Exc L5 ET",0.0382290585621752,6.96277537192813,1.70236666775024,0.194169162820615,0.999723251605349,1,"arteriol_scler"
"6038","ANK3","Exc L5 ET",0.00860577182881575,10.082009623197,0.126156989084416,0.722997340375538,0.999723251605349,1,"arteriol_scler"
"6039","RHOBTB1","Exc L5 ET",-0.0389517280610418,5.76633501516588,0.629665249661231,0.4288521984709,0.999723251605349,1,"arteriol_scler"
"6040","CABCOCO1","Exc L5 ET",0.0624971893035245,4.28404133854421,0.484137262369008,0.487734522516709,0.999723251605349,1,"arteriol_scler"
"6041","ARID5B","Exc L5 ET",0.0174418184316098,8.09009094046934,0.434542123345642,0.510876578353134,0.999723251605349,1,"arteriol_scler"
"6042","RTKN2","Exc L5 ET",0.0717412855425899,3.9578619179405,0.866371884788554,0.353601202928985,0.999723251605349,1,"arteriol_scler"
"6043","ZNF365","Exc L5 ET",0.0678197004178256,7.03441009384621,3.47776036876075,0.0643411415807162,0.999723251605349,1,"arteriol_scler"
"6044","NRBF2","Exc L5 ET",-0.0511654202510761,4.32187567479501,0.561920132819088,0.454774663056248,0.999723251605349,1,"arteriol_scler"
"6045","JMJD1C","Exc L5 ET",0.0125843988763674,9.68359540250123,0.280099086217612,0.597493949533499,0.999723251605349,1,"arteriol_scler"
"6046","REEP3","Exc L5 ET",-0.0676510349694788,6.27527824725271,3.32566986008367,0.0703888013249234,0.999723251605349,1,"arteriol_scler"
"6047","AC022387.1","Exc L5 ET",-0.0835833154297765,3.85397756764306,0.760414483188148,0.384726589034536,0.999723251605349,1,"arteriol_scler"
"6048","LINC01515","Exc L5 ET",-0.425797312600489,2.80177332871651,2.98259265750942,0.0864212881289019,0.999723251605349,1,"arteriol_scler"
"6049","CTNNA3","Exc L5 ET",-0.0295841946615486,7.11018307903863,0.317851407160694,0.573824703574371,0.999723251605349,1,"arteriol_scler"
"6050","LRRTM3","Exc L5 ET",0.0581460791203474,9.43622694081084,3.66405720042773,0.0576861416732218,0.999723251605349,1,"arteriol_scler"
"6051","DNAJC12","Exc L5 ET",0.051901219943123,4.37211731275366,0.597880737361738,0.440721662811019,0.999723251605349,1,"arteriol_scler"
"6052","SIRT1","Exc L5 ET",0.0279258078179825,4.46388818984773,0.274469764133368,0.661537864750153,0.999723251605349,1,"arteriol_scler"
"6053","HERC4","Exc L5 ET",0.00356629032766241,7.5128480398069,0.0152136842858893,0.902015902472413,0.999723251605349,1,"arteriol_scler"
"6054","HNRNPH3","Exc L5 ET",-0.017245165400185,5.37793239051863,0.152871229986174,0.696414671138939,0.999723251605349,1,"arteriol_scler"
"6055","RUFY2","Exc L5 ET",0.0346960775180423,6.93956789902825,1.64329670219252,0.202041826390185,0.999723251605349,1,"arteriol_scler"
"6056","DNA2","Exc L5 ET",-0.0176242507878941,4.64446850565653,0.0801237045779552,0.777557680143192,0.999723251605349,1,"arteriol_scler"
"6057","SLC25A16","Exc L5 ET",-0.0138588550100246,6.05836816282484,0.167708436428122,0.875717368962341,0.999723251605349,1,"arteriol_scler"
"6058","TET1","Exc L5 ET",-0.0242205833277393,4.10160608522404,0.130984011167421,0.717972336439462,0.999723251605349,1,"arteriol_scler"
"6059","CCAR1","Exc L5 ET",-0.0109455253202173,6.1492177528208,0.086433853010146,0.769206247270093,0.999723251605349,1,"arteriol_scler"
"6060","STOX1","Exc L5 ET",0.0200715811817755,4.64449006462635,0.144223711941601,0.85194724874642,0.999723251605349,1,"arteriol_scler"
"6061","DDX50","Exc L5 ET",-0.00332795249732073,5.58855237675157,0.00768071463566434,0.930291204177305,0.999723251605349,1,"arteriol_scler"
"6062","DDX21","Exc L5 ET",-0.0341491894651136,4.70600343688739,0.43767078394224,0.546198299533324,0.999723251605349,1,"arteriol_scler"
"6063","KIF1BP","Exc L5 ET",-0.0256153167924844,5.34297114393213,0.260426947574983,0.610649347919077,0.999723251605349,1,"arteriol_scler"
"6064","VPS26A","Exc L5 ET",0.0200563527188157,5.06424862376389,0.176250208680611,0.675274294236441,0.999723251605349,1,"arteriol_scler"
"6065","SUPV3L1","Exc L5 ET",-0.0320405574808256,5.69375493138585,0.918774804714477,0.373685679225566,0.999723251605349,1,"arteriol_scler"
"6066","HK1","Exc L5 ET",0.0284853851503293,6.83432025671774,1.12117573936928,0.291531297739311,0.999723251605349,1,"arteriol_scler"
"6067","FAM241B","Exc L5 ET",-0.155052337606996,4.49916891717426,4.43720577997873,0.0369897709125739,0.999723251605349,1,"arteriol_scler"
"6068","H2AFY2","Exc L5 ET",-0.0448751107476622,4.68440126049362,0.608763727095215,0.436601450753613,0.999723251605349,1,"arteriol_scler"
"6069","SAR1A","Exc L5 ET",-0.00662800785844557,5.08755717701774,0.0233340345519351,0.878816684666327,0.999723251605349,1,"arteriol_scler"
"6070","PPA1","Exc L5 ET",-0.00588905384740964,6.19496609199493,0.00919426529222095,0.923750841528573,0.999723251605349,1,"arteriol_scler"
"6071","LRRC20","Exc L5 ET",-0.0505887802127516,4.79846584713645,0.979810756415051,0.323992934619813,0.999723251605349,1,"arteriol_scler"
"6072","EIF4EBP2","Exc L5 ET",-0.00973067541639129,4.44573261089896,0.0374821990126642,0.884749466426281,0.999723251605349,1,"arteriol_scler"
"6073","PALD1","Exc L5 ET",0.0725811834618924,4.58067231049311,1.35086646194505,0.24715016301157,0.999723251605349,1,"arteriol_scler"
"6074","SGPL1","Exc L5 ET",-0.120238420049328,5.05817454209339,7.96478889608474,0.00548104896168953,0.999723251605349,1,"arteriol_scler"
"6075","PCBD1","Exc L5 ET",-0.081053081291765,3.91849882166796,0.708309419572109,0.401474284306496,0.999723251605349,1,"arteriol_scler"
"6076","PSAP","Exc L5 ET",0.0318235065288221,7.66229061719989,0.296835118295998,0.586760349494441,0.999723251605349,1,"arteriol_scler"
"6077","SPOCK2","Exc L5 ET",0.0186801087050345,6.26454437492737,0.140046399665877,0.708814252969243,0.999723251605349,1,"arteriol_scler"
"6078","ASCC1","Exc L5 ET",0.0400515950468463,5.62864571054145,0.824894466369714,0.365350081399387,0.999723251605349,1,"arteriol_scler"
"6079","ANAPC16","Exc L5 ET",0.0202181596515658,6.62346777928713,0.304914879476908,0.581718445605943,0.999723251605349,1,"arteriol_scler"
"6080","DNAJB12","Exc L5 ET",-0.00494240497813013,4.6178983708708,0.00883704165024413,0.925242287562099,0.999723251605349,1,"arteriol_scler"
"6081","MICU1","Exc L5 ET",-0.0120357059070029,7.58051046699432,0.160879312856996,0.688973987691104,0.999723251605349,1,"arteriol_scler"
"6082","MCU","Exc L5 ET",0.0409876196916451,5.95684278932735,0.626373782538661,0.4300585249352,0.999723251605349,1,"arteriol_scler"
"6083","P4HA1","Exc L5 ET",-0.00438236871714725,5.8130002530394,0.00943534264235172,0.92276079003558,0.999723251605349,1,"arteriol_scler"
"6084","ECD","Exc L5 ET",0.0294708129459747,4.76880087857661,0.351397765531202,0.561336837684694,0.999723251605349,1,"arteriol_scler"
"6085","FAM149B1","Exc L5 ET",-0.0319543347333958,4.74466763663014,0.37817758443561,0.624637863416741,0.999723251605349,1,"arteriol_scler"
"6086","DNAJC9","Exc L5 ET",-0.00794722098152512,5.63582205674936,0.0243817511906504,0.87614765870607,0.999723251605349,1,"arteriol_scler"
"6087","MRPS16","Exc L5 ET",-0.0366420996133946,5.77549646146585,0.618731795663313,0.432879329562579,0.999723251605349,1,"arteriol_scler"
"6088","CFAP70","Exc L5 ET",-0.106194926468471,5.27146044553984,2.34844941225883,0.127716823496056,0.999723251605349,1,"arteriol_scler"
"6089","ANXA7","Exc L5 ET",-0.00997355488324683,6.267435407934,0.0860858247602265,0.769658066638853,0.999723251605349,1,"arteriol_scler"
"6090","MSS51","Exc L5 ET",-0.0570487066986264,4.42159556616239,0.820917742751956,0.366504886228035,0.999723251605349,1,"arteriol_scler"
"6091","PPP3CB","Exc L5 ET",0.000714523344516945,7.37871173228456,0.00082267326013238,0.977159784800911,0.999723251605349,1,"arteriol_scler"
"6092","USP54","Exc L5 ET",0.0569474591512521,5.74386533799487,1.44579542868438,0.231280726808855,0.999723251605349,1,"arteriol_scler"
"6093","SEC24C","Exc L5 ET",-0.0403043248550888,4.98369490847966,0.810229669990062,0.4016398999864,0.999723251605349,1,"arteriol_scler"
"6094","FUT11","Exc L5 ET",0.118462276091054,4.1681269080594,3.48434942068704,0.0640921507427924,0.999723251605349,1,"arteriol_scler"
"6095","CHCHD1","Exc L5 ET",-0.126881521832968,3.98236754385521,1.97132269799227,0.162573481885695,0.999723251605349,1,"arteriol_scler"
"6096","ZSWIM8","Exc L5 ET",0.02158106540642,5.75961730408139,0.318400561469272,0.573494328683864,0.999723251605349,1,"arteriol_scler"
"6097","CAMK2G","Exc L5 ET",0.00682779362053886,8.5876457108584,0.067105446454922,0.795988185002915,0.999723251605349,1,"arteriol_scler"
"6098","VCL","Exc L5 ET",0.0545909042113905,5.802259152608,1.48527577604779,0.225048152117502,0.999723251605349,1,"arteriol_scler"
"6099","AP3M1","Exc L5 ET",-0.0851714511478769,4.62227007999174,2.97958932779229,0.0894825517412704,0.999723251605349,1,"arteriol_scler"
"6100","ADK","Exc L5 ET",-0.0406454151126122,8.86548613652658,2.15731863793642,0.144187655250794,0.999723251605349,1,"arteriol_scler"
"6101","KAT6B","Exc L5 ET",0.0227387716479387,7.53951520112265,0.729165568534893,0.394646445543218,0.999723251605349,1,"arteriol_scler"
"6102","SAMD8","Exc L5 ET",0.0467236683250733,5.77334486149741,1.59950133743288,0.208123992452492,0.999723251605349,1,"arteriol_scler"
"6103","VDAC2","Exc L5 ET",-0.0494610728312922,5.47335507702536,0.409277423070141,0.523406317911578,0.999723251605349,1,"arteriol_scler"
"6104","LRMDA","Exc L5 ET",0.0913813411868326,3.52889852898496,0.633344908831561,0.427509673744895,0.999723251605349,1,"arteriol_scler"
"6105","KCNMA1","Exc L5 ET",-0.0213008606149959,10.3902979884958,0.423692697087066,0.516191918337957,0.999723251605349,1,"arteriol_scler"
"6106","KCNMA1-AS1","Exc L5 ET",-0.155072783168437,3.92395855142903,2.26056394750529,0.135010600358905,0.999723251605349,1,"arteriol_scler"
"6107","DLG5","Exc L5 ET",0.0837109603735614,4.95842108712726,1.81569125098339,0.180054296855453,0.999723251605349,1,"arteriol_scler"
"6108","POLR3A","Exc L5 ET",0.019170617927337,5.94479628085218,0.270391294964691,0.603909772375046,0.999723251605349,1,"arteriol_scler"
"6109","RPS24","Exc L5 ET",-0.0826802042113663,5.19622698146206,1.22625166227965,0.270080351578327,0.999723251605349,1,"arteriol_scler"
"6110","ZMIZ1-AS1","Exc L5 ET",0.0259786440389772,4.66453756331592,0.108608746921743,0.742237664547514,0.999723251605349,1,"arteriol_scler"
"6111","ZMIZ1","Exc L5 ET",0.0560393702453426,5.29422573268493,1.40931966438061,0.237226512980848,0.999723251605349,1,"arteriol_scler"
"6112","NUTM2B-AS1","Exc L5 ET",-0.0303899942985061,6.92174771874143,0.635491099871979,0.426729575945347,0.999723251605349,1,"arteriol_scler"
"6113","TMEM254","Exc L5 ET",-0.034543738624999,4.81398573955059,0.466762146928122,0.703825641283521,0.999723251605349,1,"arteriol_scler"
"6114","ANXA11","Exc L5 ET",0.0200217449277345,6.3042600118105,0.251872054839353,0.616566681414987,0.999723251605349,1,"arteriol_scler"
"6115","FAM213A","Exc L5 ET",0.0534494226689169,5.97679012898944,0.836625157268952,0.361973004921758,0.999723251605349,1,"arteriol_scler"
"6116","TSPAN14","Exc L5 ET",0.0738821652923119,3.95685058313303,0.819671661779063,0.366867786188953,0.999723251605349,1,"arteriol_scler"
"6117","NRG3","Exc L5 ET",0.0482911975893449,11.2403890202682,2.49118632789732,0.116794761896673,0.999723251605349,1,"arteriol_scler"
"6118","GHITM","Exc L5 ET",0.0818305464703481,6.06961138132754,1.20417316639906,0.274416807824608,0.999723251605349,1,"arteriol_scler"
"6119","CCSER2","Exc L5 ET",0.00915659154122369,7.51802529847123,0.171988054444145,0.679000526603953,0.999723251605349,1,"arteriol_scler"
"6120","GRID1","Exc L5 ET",0.021721595763824,9.27658323955183,0.399693115881803,0.528302884247895,0.999723251605349,1,"arteriol_scler"
"6121","WAPL","Exc L5 ET",0.0430961204650819,5.66524567610975,1.52035283223496,0.228729255074478,0.999723251605349,1,"arteriol_scler"
"6122","OPN4","Exc L5 ET",-0.020890373463035,5.01476841896614,0.0464764091050662,0.829633185953538,0.999723251605349,1,"arteriol_scler"
"6123","LDB3","Exc L5 ET",0.0727064537419431,4.4255516945378,0.657335787560182,0.418910208158088,0.999723251605349,1,"arteriol_scler"
"6124","BMPR1A","Exc L5 ET",0.0160982069871365,6.81318431969209,0.225823405983629,0.635395933677228,0.999723251605349,1,"arteriol_scler"
"6125","SNCG","Exc L5 ET",-0.0176961970337953,7.29266560433473,0.0407186903495568,0.840381622815476,0.999723251605349,1,"arteriol_scler"
"6126","GLUD1","Exc L5 ET",-0.0219989860939163,6.29232354707881,0.416254483368243,0.519892396828505,0.999723251605349,1,"arteriol_scler"
"6127","SHLD2","Exc L5 ET",-0.0228787023083717,6.41571610497246,0.411619482443726,0.522222074816956,0.999723251605349,1,"arteriol_scler"
"6128","NUTM2A-AS1","Exc L5 ET",0.0527158946034376,7.44996193540798,1.40411607224883,0.238089869581333,0.999723251605349,1,"arteriol_scler"
"6129","MINPP1","Exc L5 ET",0.0320491483376824,4.64556145716013,0.331558182656401,0.644047834347098,0.999723251605349,1,"arteriol_scler"
"6130","PAPSS2","Exc L5 ET",-0.138260212121075,3.71676690547419,1.64827903136337,0.201363373144198,0.999723251605349,1,"arteriol_scler"
"6131","ATAD1","Exc L5 ET",-0.0322132911559525,6.21702795979001,1.09472669614505,0.297271295766607,0.999723251605349,1,"arteriol_scler"
"6132","PTEN","Exc L5 ET",0.0194547152871061,6.98496539628128,0.489943114023122,0.911529228729814,0.999723251605349,1,"arteriol_scler"
"6133","RNLS","Exc L5 ET",0.0594685235370682,6.19220010727194,1.41924873253753,0.23558972001154,0.999723251605349,1,"arteriol_scler"
"6134","STAMBPL1","Exc L5 ET",0.0520574907207541,6.46892487959007,1.68151341542352,0.196906248015801,0.999723251605349,1,"arteriol_scler"
"6135","LIPA","Exc L5 ET",-0.0643343409111893,6.49483088888534,2.59584279011382,0.109449110362509,0.999723251605349,1,"arteriol_scler"
"6136","IFIT3","Exc L5 ET",-0.119898293767647,4.20133431109828,1.59339996197991,0.208988542251579,0.999723251605349,1,"arteriol_scler"
"6137","IFIT1","Exc L5 ET",-0.000856817418702104,4.74306277256238,0.00017756173460739,0.989387731656937,0.999723251605349,1,"arteriol_scler"
"6138","PANK1","Exc L5 ET",0.0211534683947169,5.18625707202344,0.177112710340399,0.674526710377701,0.999723251605349,1,"arteriol_scler"
"6139","HTR7","Exc L5 ET",-0.0727753281606483,4.95172289563845,1.52655667002482,0.218747329183815,0.999723251605349,1,"arteriol_scler"
"6140","RPP30","Exc L5 ET",0.078198751308891,4.67749190217384,2.42298557422351,0.121877101023233,0.999723251605349,1,"arteriol_scler"
"6141","PCGF5","Exc L5 ET",-0.0038824741005484,7.200287460859,0.0163319239772883,0.898497738697072,0.999723251605349,1,"arteriol_scler"
"6142","HECTD2","Exc L5 ET",0.000466477772324477,6.46191851721143,0.00020475306599305,0.988604149114181,0.999723251605349,1,"arteriol_scler"
"6143","TNKS2","Exc L5 ET",0.0221321853202245,6.1978921582227,0.543856596870013,0.462101725107017,0.999723251605349,1,"arteriol_scler"
"6144","BTAF1","Exc L5 ET",0.0183918741011706,6.39228113470907,0.383921292658955,0.536542592879874,0.999723251605349,1,"arteriol_scler"
"6145","CPEB3","Exc L5 ET",0.00257695798051977,8.4025015887281,0.011242125021303,0.915714737467349,0.999723251605349,1,"arteriol_scler"
"6146","MARCH5","Exc L5 ET",0.0268596217936895,4.94611257171067,0.355589275257685,0.632796517743233,0.999723251605349,1,"arteriol_scler"
"6147","IDE","Exc L5 ET",-0.0165542783275887,6.21038834763693,0.221728014913415,0.638476306142923,0.999723251605349,1,"arteriol_scler"
"6148","EXOC6","Exc L5 ET",0.0150341607659464,7.1294691929979,0.294757329839528,0.58807131525729,0.999723251605349,1,"arteriol_scler"
"6149","RBP4","Exc L5 ET",-0.209302632007265,3.38995976425087,2.86071677588497,0.0930437075954164,0.999723251605349,1,"arteriol_scler"
"6150","FRA10AC1","Exc L5 ET",0.047499564729,5.76982047264592,1.18942234657359,0.277363158593896,0.999723251605349,1,"arteriol_scler"
"6151","LGI1","Exc L5 ET",-0.0187437528410122,5.93310459381453,0.220030918223496,0.639762988505998,0.999723251605349,1,"arteriol_scler"
"6152","TBC1D12","Exc L5 ET",0.0325534088722787,5.0687731476011,0.513192624505907,0.486696760673621,0.999723251605349,1,"arteriol_scler"
"6153","SORBS1","Exc L5 ET",-0.0222737148333972,9.5786730245903,0.515017093348824,0.474198594923028,0.999723251605349,1,"arteriol_scler"
"6154","ALDH18A1","Exc L5 ET",-0.00989636243491357,4.76464473202131,0.0359516278538841,0.849896437477371,0.999723251605349,1,"arteriol_scler"
"6155","TCTN3","Exc L5 ET",-0.0463762722645801,4.57584211960994,0.797216945892454,0.373494576993395,0.999723251605349,1,"arteriol_scler"
"6156","ENTPD1-AS1","Exc L5 ET",0.006040223118982,6.27536250095922,0.0269404427396888,0.869866760032103,0.999723251605349,1,"arteriol_scler"
"6157","ZNF518A","Exc L5 ET",-0.000477672277870027,6.42627980173762,0.000126853966056541,0.991030065833804,0.999723251605349,1,"arteriol_scler"
"6158","TM9SF3","Exc L5 ET",0.0251837350561552,6.24619286637583,0.663072784054104,0.416892299797359,0.999723251605349,1,"arteriol_scler"
"6159","LCOR","Exc L5 ET",0.0164785299843411,7.4127848862331,0.302208379981589,0.583397545394406,0.999723251605349,1,"arteriol_scler"
"6160","SLIT1","Exc L5 ET",-0.0102851651689334,7.15376839434192,0.0700006518960604,0.791733996886586,0.999723251605349,1,"arteriol_scler"
"6161","RRP12","Exc L5 ET",-0.0501660356122198,5.59866567321987,1.34031585640392,0.248995391976331,0.999723251605349,1,"arteriol_scler"
"6162","PGAM1","Exc L5 ET",0.0172192867781048,6.90723924180674,0.0512864337212567,0.821177717256861,0.999723251605349,1,"arteriol_scler"
"6163","EXOSC1","Exc L5 ET",0.0487292913004816,5.21927853829925,1.38823272098625,0.24074906138783,0.999723251605349,1,"arteriol_scler"
"6164","ZDHHC16","Exc L5 ET",-0.035620277954168,4.27296813708567,0.319038772214785,0.573110849009877,0.999723251605349,1,"arteriol_scler"
"6165","MMS19","Exc L5 ET",0.0254008779911479,5.71514918731489,0.596010277776208,0.530530385110962,0.999723251605349,1,"arteriol_scler"
"6166","MORN4","Exc L5 ET",0.0437451153935423,5.31041723534542,1.23485649078148,0.268413685321418,0.999723251605349,1,"arteriol_scler"
"6167","PI4K2A","Exc L5 ET",0.107834097476673,3.9739464642009,1.67982310871967,0.197130099879131,0.999723251605349,1,"arteriol_scler"
"6168","AVPI1","Exc L5 ET",0.0455485278489238,3.8034837227885,0.265011939928354,0.607528279633775,0.999723251605349,1,"arteriol_scler"
"6169","ZFYVE27","Exc L5 ET",-0.00507030428750033,5.79841299907723,0.0175392602319227,0.894834120858922,0.999723251605349,1,"arteriol_scler"
"6170","GOLGA7B","Exc L5 ET",0.0149202145703073,6.21068124485398,0.170510628197635,0.680304816932612,0.999723251605349,1,"arteriol_scler"
"6171","CRTAC1","Exc L5 ET",0.0195939437231545,6.42331576352382,0.236647223989272,0.627416568263945,0.999723251605349,1,"arteriol_scler"
"6172","R3HCC1L","Exc L5 ET",0.00110558659408447,5.48189779375411,0.000915404441499446,0.975907256994673,0.999723251605349,1,"arteriol_scler"
"6173","HPS1","Exc L5 ET",0.0688785707169975,4.72385611141136,2.31132560391835,0.130742208378704,0.999723251605349,1,"arteriol_scler"
"6174","CNNM1","Exc L5 ET",-0.0145231288222212,7.26465026771318,0.237028253649171,0.627139816703613,0.999723251605349,1,"arteriol_scler"
"6175","GOT1","Exc L5 ET",0.00269480474563562,6.93374293981197,0.00247686494458004,0.960379761809689,0.999723251605349,1,"arteriol_scler"
"6176","AL391684.1","Exc L5 ET",0.0334675958457266,4.09669992182823,0.200290603141322,0.655194169259328,0.999723251605349,1,"arteriol_scler"
"6177","SLC25A28","Exc L5 ET",0.00433302220794888,5.17387383658031,0.00871442080599025,0.925761233720829,0.999723251605349,1,"arteriol_scler"
"6178","CUTC","Exc L5 ET",-0.00127986892046931,4.47350637530653,0.000445195907727947,0.983196892625304,0.999723251605349,1,"arteriol_scler"
"6179","COX15","Exc L5 ET",-0.0393009592734017,4.49845724483237,0.504703391767761,0.478649995928702,0.999723251605349,1,"arteriol_scler"
"6180","DNMBP","Exc L5 ET",-0.0209737086220278,4.93203890127387,0.149504523003035,0.699610025678816,0.999723251605349,1,"arteriol_scler"
"6181","ERLIN1","Exc L5 ET",-0.03879147390428,4.36630361157588,0.536515668236888,0.513959734029857,0.999723251605349,1,"arteriol_scler"
"6182","CHUK","Exc L5 ET",-0.0543384304946101,4.6853821379184,1.11067281690036,0.293793393170557,0.999723251605349,1,"arteriol_scler"
"6183","CWF19L1","Exc L5 ET",-0.00993747080760843,5.18487724075496,0.0512731285995929,0.821200517931745,0.999723251605349,1,"arteriol_scler"
"6184","BLOC1S2","Exc L5 ET",-0.0181235221569363,4.74001729506892,0.0798717642243435,0.777898388175881,0.999723251605349,1,"arteriol_scler"
"6185","OLMALINC","Exc L5 ET",-0.033403689159809,4.25910900347375,0.154561048374201,0.69482614462411,0.999723251605349,1,"arteriol_scler"
"6186","SEC31B","Exc L5 ET",-0.0199731316279558,4.79679825628396,0.170062559570708,0.680701685331093,0.999723251605349,1,"arteriol_scler"
"6187","HIF1AN","Exc L5 ET",0.0989393364974109,4.90985039217351,4.29463793866014,0.0427178080748782,0.999723251605349,1,"arteriol_scler"
"6188","SLF2","Exc L5 ET",-0.00058625054296133,5.71233767364874,0.000224708731950089,0.988061766456388,0.999723251605349,1,"arteriol_scler"
"6189","MRPL43","Exc L5 ET",0.0711060370968362,3.94230796536275,0.621771415460579,0.431753977172513,0.999723251605349,1,"arteriol_scler"
"6190","PDZD7","Exc L5 ET",-0.00414976546768329,5.73468972715486,0.0104077043826822,0.918891632515651,0.999723251605349,1,"arteriol_scler"
"6191","SFXN3","Exc L5 ET",0.0611011159269832,4.84331208183027,1.54018277218199,0.21671435167963,0.999723251605349,1,"arteriol_scler"
"6192","BTRC","Exc L5 ET",0.0159650763075105,7.51782098154894,0.356064439635078,0.55168624277929,0.999723251605349,1,"arteriol_scler"
"6193","DPCD","Exc L5 ET",-0.0439224526992017,4.69867107226495,0.761368159402301,0.384429501699994,0.999723251605349,1,"arteriol_scler"
"6194","POLL","Exc L5 ET",-0.0192656695318655,4.42940309188293,0.105001189958116,0.746403458647789,0.999723251605349,1,"arteriol_scler"
"6195","FBXW4","Exc L5 ET",0.00459599928070407,6.11487644227672,0.0124005293730789,0.911495932894566,0.999723251605349,1,"arteriol_scler"
"6196","OGA","Exc L5 ET",-0.00158983668685919,7.49710952869332,0.00473039769659805,0.945266840365493,0.999723251605349,1,"arteriol_scler"
"6197","ARMH3","Exc L5 ET",0.0394810357590116,6.76671981264142,1.22496393050041,0.270330891661349,0.999723251605349,1,"arteriol_scler"
"6198","NOLC1","Exc L5 ET",0.03270661532523,4.21922019850869,0.233495668311588,0.629716263603084,0.999723251605349,1,"arteriol_scler"
"6199","GBF1","Exc L5 ET",0.0193366292341176,6.80862618579449,0.406755092403986,0.524687072961489,0.999723251605349,1,"arteriol_scler"
"6200","PSD","Exc L5 ET",0.0446674101487676,6.54959015668786,1.48451046450159,0.225167018722192,0.999723251605349,1,"arteriol_scler"
"6201","FBXL15","Exc L5 ET",-0.0457155817969149,5.1674453733951,0.451766819673394,0.502630604245371,0.999723251605349,1,"arteriol_scler"
"6202","CUEDC2","Exc L5 ET",-0.00157450449419314,4.80605518668196,0.000461626192376615,0.982889683455989,0.999723251605349,1,"arteriol_scler"
"6203","MFSD13A","Exc L5 ET",-0.00975712469214704,4.3458767728039,0.0258802907017257,0.872430319444799,0.999723251605349,1,"arteriol_scler"
"6204","ACTR1A","Exc L5 ET",-0.024562771784604,5.4414891385569,0.251399285026206,0.61689734727025,0.999723251605349,1,"arteriol_scler"
"6205","SUFU","Exc L5 ET",0.0366234706258381,5.39882632523936,0.567518580966158,0.452541088460414,0.999723251605349,1,"arteriol_scler"
"6206","TRIM8","Exc L5 ET",0.00800142906882695,4.50824702597779,0.021154912623401,0.884571800123316,0.999723251605349,1,"arteriol_scler"
"6207","ARL3","Exc L5 ET",0.00830112906044736,5.89780001223592,0.0403158587900824,0.841162459174605,0.999723251605349,1,"arteriol_scler"
"6208","WBP1L","Exc L5 ET",0.0366411722457073,5.15631981073859,0.72984189630002,0.394427862586785,0.999723251605349,1,"arteriol_scler"
"6209","CNNM2","Exc L5 ET",-0.00912052069563067,7.39604305900924,0.088655761586316,0.766344746845837,0.999723251605349,1,"arteriol_scler"
"6210","NT5C2","Exc L5 ET",0.00856990089398208,6.60397161215649,0.0845300936312945,0.784632176057821,0.999723251605349,1,"arteriol_scler"
"6211","INA","Exc L5 ET",-0.00550436832787591,6.54260567279799,0.00736926901280816,0.931715575232233,0.999723251605349,1,"arteriol_scler"
"6212","PCGF6","Exc L5 ET",0.00123928212303958,4.97047975207837,0.000544973225065221,0.981409360506364,0.999723251605349,1,"arteriol_scler"
"6213","ATP5MD","Exc L5 ET",-0.0674254589836336,5.33789021167311,0.778423953630974,0.379171107954264,0.999723251605349,1,"arteriol_scler"
"6214","PDCD11","Exc L5 ET",0.0191159081014593,4.98498322369862,0.190005423223074,0.866235106768651,0.999723251605349,1,"arteriol_scler"
"6215","NEURL1","Exc L5 ET",-0.0200428045857021,6.59318450096544,0.351060259111152,0.554491569364653,0.999723251605349,1,"arteriol_scler"
"6216","SH3PXD2A","Exc L5 ET",-0.00209635811995454,7.45930596730695,0.00346444645238253,0.953149862585628,0.999723251605349,1,"arteriol_scler"
"6217","STN1","Exc L5 ET",0.0178111561766403,3.94401713934673,0.0606160047850375,0.805893951863209,0.999723251605349,1,"arteriol_scler"
"6218","SLK","Exc L5 ET",0.00209785414033529,5.39562614531387,0.00336080701979322,0.953855145257196,0.999723251605349,1,"arteriol_scler"
"6219","CFAP43","Exc L5 ET",-0.158442672158279,4.76574187269391,7.3381802763559,0.00761357774624387,0.999723251605349,1,"arteriol_scler"
"6220","GSTO1","Exc L5 ET",0.0873641469484796,4.6767989006823,1.92612303586755,0.167439312827078,0.999723251605349,1,"arteriol_scler"
"6221","GSTO2","Exc L5 ET",-0.0118754917539403,5.15494384978702,0.0476120928395754,0.827596892579563,0.999723251605349,1,"arteriol_scler"
"6222","SORCS3","Exc L5 ET",-0.00446055326759792,8.26076456587415,0.0131955592200837,0.908715056300387,0.999723251605349,1,"arteriol_scler"
"6223","SORCS1","Exc L5 ET",0.0131945122513823,9.97908750463802,0.127173278399621,0.721930466583989,0.999723251605349,1,"arteriol_scler"
"6224","LINC01435","Exc L5 ET",-0.100545811824137,4.90968667870699,2.28621693540574,0.132834182606019,0.999723251605349,1,"arteriol_scler"
"6225","XPNPEP1","Exc L5 ET",0.00993507618023291,5.28429747485873,0.0621008890586254,0.950243837684663,0.999723251605349,1,"arteriol_scler"
"6226","ADD3","Exc L5 ET",0.0669582654273536,5.56395418487377,0.734946611560517,0.392783702572417,0.999723251605349,1,"arteriol_scler"
"6227","MXI1","Exc L5 ET",-0.0259888195924449,6.2431053614126,0.532685237121033,0.466727912504191,0.999723251605349,1,"arteriol_scler"
"6228","SMNDC1","Exc L5 ET",0.103254370099852,3.93147329773867,2.14299243647137,0.145516148663821,0.999723251605349,1,"arteriol_scler"
"6229","SMC3","Exc L5 ET",-0.0033725578081,4.95668664693609,0.00521934232057316,0.942512429076488,0.999723251605349,1,"arteriol_scler"
"6230","RBM20","Exc L5 ET",0.0266299015439867,6.77546197868092,0.269209486391778,0.60470078994175,0.999723251605349,1,"arteriol_scler"
"6231","PDCD4","Exc L5 ET",-0.0462637741071705,5.42911607047749,1.2970532636707,0.256742400817805,0.999723251605349,1,"arteriol_scler"
"6232","BBIP1","Exc L5 ET",-0.021385461308526,6.21451784345374,0.345529726038732,0.557623606704173,0.999723251605349,1,"arteriol_scler"
"6233","SHOC2","Exc L5 ET",0.048683542394259,6.2432767128268,1.61413673571085,0.206067523689039,0.999723251605349,1,"arteriol_scler"
"6234","ZDHHC6","Exc L5 ET",-0.0209853822697979,4.23124482003523,0.119426364242639,0.730188270050555,0.999723251605349,1,"arteriol_scler"
"6235","VTI1A","Exc L5 ET",0.0107538149179624,8.06264944897332,0.124160194334924,0.725107714056668,0.999723251605349,1,"arteriol_scler"
"6236","TCF7L2","Exc L5 ET",0.0373221685015062,5.11849754666837,0.439173439681825,0.508636571407211,0.999723251605349,1,"arteriol_scler"
"6237","NHLRC2","Exc L5 ET",-0.00564535273059562,5.71195870533568,0.021568898863703,0.907506693963369,0.999723251605349,1,"arteriol_scler"
"6238","ADRB1","Exc L5 ET",-0.0297217764841342,3.96726904758417,0.161427996611422,0.688472119610252,0.999723251605349,1,"arteriol_scler"
"6239","CCDC186","Exc L5 ET",0.0245569967173392,5.98446860139565,0.48652129866389,0.48666684231431,0.999723251605349,1,"arteriol_scler"
"6240","ABLIM1","Exc L5 ET",0.000463473215435568,8.0142939709792,0.000266328792413081,0.987003209406045,0.999723251605349,1,"arteriol_scler"
"6241","FAM160B1","Exc L5 ET",-0.043147704486695,5.35331998335574,1.21187274282625,0.272894611970373,0.999723251605349,1,"arteriol_scler"
"6242","TRUB1","Exc L5 ET",0.0252870399237979,5.07966315647634,0.327054003961121,0.989714617515731,0.999723251605349,1,"arteriol_scler"
"6243","ATRNL1","Exc L5 ET",0.0679289354014578,10.6095832628727,4.04941653736727,0.0461496479683583,0.999723251605349,1,"arteriol_scler"
"6244","GFRA1","Exc L5 ET",0.00895948138666227,7.13379413992143,0.0364441224454894,0.84888424685048,0.999723251605349,1,"arteriol_scler"
"6245","HSPA12A","Exc L5 ET",-0.0189793298849647,8.84046177628192,0.507558319348349,0.477410980184363,0.999723251605349,1,"arteriol_scler"
"6246","ENO4","Exc L5 ET",-0.0264806029644221,4.33969622830943,0.160385597504346,0.689426428087755,0.999723251605349,1,"arteriol_scler"
"6247","SHTN1","Exc L5 ET",-0.00297036693322971,7.04831690727594,0.00828694779219277,0.927599775204869,0.999723251605349,1,"arteriol_scler"
"6248","PDZD8","Exc L5 ET",0.0114156149732416,5.94769614641665,0.113075535277908,0.737184679575321,0.999723251605349,1,"arteriol_scler"
"6249","RAB11FIP2","Exc L5 ET",0.00826758762678412,6.09880228189171,0.0663371003829199,0.79713357239389,0.999723251605349,1,"arteriol_scler"
"6250","CASC2","Exc L5 ET",-0.0221258046652805,6.02279401987011,0.196849507169293,0.657976818387903,0.999723251605349,1,"arteriol_scler"
"6251","FAM204A","Exc L5 ET",-0.00679803660360514,5.81274627248647,0.0516048389051238,0.820632998833319,0.999723251605349,1,"arteriol_scler"
"6252","CACUL1","Exc L5 ET",0.00918696410449917,6.20031016525083,0.0993343831388902,0.889494465840856,0.999723251605349,1,"arteriol_scler"
"6253","EIF3A","Exc L5 ET",0.00847703384944508,5.87451842305643,0.0502138183769327,0.823025919361841,0.999723251605349,1,"arteriol_scler"
"6254","FAM45A","Exc L5 ET",-0.0121277749968221,5.23169504591505,0.0625676090464327,0.802858021810887,0.999723251605349,1,"arteriol_scler"
"6255","SFXN4","Exc L5 ET",-0.0214740013737131,5.8363398930512,0.21545786026772,0.6432605578116,0.999723251605349,1,"arteriol_scler"
"6256","PRDX3","Exc L5 ET",0.0525520505415148,5.15168798015364,0.703952235860501,0.402922464913159,0.999723251605349,1,"arteriol_scler"
"6257","GRK5","Exc L5 ET",0.108567203795598,4.15401801318765,1.55632729531365,0.214334938590097,0.999723251605349,1,"arteriol_scler"
"6258","TIAL1","Exc L5 ET",0.00274713368198949,5.73900739067816,0.00559209935715093,0.940498714425565,0.999723251605349,1,"arteriol_scler"
"6259","INPP5F","Exc L5 ET",0.00680471096991579,6.90119207173584,0.0338933991321448,0.854206344223455,0.999723251605349,1,"arteriol_scler"
"6260","MCMBP","Exc L5 ET",-0.0429505161840852,4.42236284634105,0.632476266054227,0.453477168731987,0.999723251605349,1,"arteriol_scler"
"6261","SEC23IP","Exc L5 ET",-0.0893760570884115,5.21899107882204,5.17372603473275,0.0244866118419637,0.999723251605349,1,"arteriol_scler"
"6262","WDR11-AS1","Exc L5 ET",-0.0175705663455219,5.21118806728345,0.091532962972011,0.76269676722904,0.999723251605349,1,"arteriol_scler"
"6263","WDR11","Exc L5 ET",-0.0286775308654829,6.02192834347164,0.769003878299129,0.38206260662174,0.999723251605349,1,"arteriol_scler"
"6264","ATE1","Exc L5 ET",0.0361835246040435,7.01912682874508,1.59200739640059,0.20918646594146,0.999723251605349,1,"arteriol_scler"
"6265","TACC2","Exc L5 ET",-0.0105986488067431,5.96298164480289,0.0979829375601447,0.75474041301566,0.999723251605349,1,"arteriol_scler"
"6266","PLEKHA1","Exc L5 ET",0.0346840827214002,7.85742989772657,1.46721162091988,0.227874235618358,0.999723251605349,1,"arteriol_scler"
"6267","HTRA1","Exc L5 ET",0.133267786680978,4.57907613770532,5.26554708865782,0.0232737264648504,0.999723251605349,1,"arteriol_scler"
"6268","C10orf88","Exc L5 ET",-0.0457968213647417,4.03286842532675,0.600285764339691,0.439805992526581,0.999723251605349,1,"arteriol_scler"
"6269","PSTK","Exc L5 ET",-0.00237883828134496,4.78758185014113,0.00199034029453005,0.964480646798874,0.999723251605349,1,"arteriol_scler"
"6270","ACADSB","Exc L5 ET",0.0262752065264095,5.86559016915499,0.555208267959896,0.511571297635754,0.999723251605349,1,"arteriol_scler"
"6271","BUB3","Exc L5 ET",0.0168970178035111,4.41571964908683,0.0642070047448705,0.800346442900383,0.999723251605349,1,"arteriol_scler"
"6272","AL160290.2","Exc L5 ET",0.0920482872536715,4.35987445059443,1.10873893868962,0.294212369989063,0.999723251605349,1,"arteriol_scler"
"6273","CPXM2","Exc L5 ET",-0.0509547079902678,3.68607468713118,0.170338137623722,0.680457524838638,0.999723251605349,1,"arteriol_scler"
"6274","CHST15","Exc L5 ET",0.0414764411284548,6.22669659135467,0.847088763027571,0.358997205762444,0.999723251605349,1,"arteriol_scler"
"6275","OAT","Exc L5 ET",-0.064427747322629,5.82147815509319,1.36293572855577,0.245059966279808,0.999723251605349,1,"arteriol_scler"
"6276","LHPP","Exc L5 ET",-0.0397669084044165,5.8943313841262,1.18997606912093,0.277251835088162,0.999723251605349,1,"arteriol_scler"
"6277","ABRAXAS2","Exc L5 ET",-0.0316519513433067,5.07172900929819,0.522359134549533,0.548667001466075,0.999723251605349,1,"arteriol_scler"
"6278","ZRANB1","Exc L5 ET",0.0386894575449232,5.64836691800117,1.21887542513982,0.341392500901016,0.999723251605349,1,"arteriol_scler"
"6279","CTBP2","Exc L5 ET",-0.047108585498182,7.00742371784523,1.84280155548162,0.176857928531092,0.999723251605349,1,"arteriol_scler"
"6280","EDRF1","Exc L5 ET",-0.000655389695381104,5.86928261567672,0.000400159962068703,0.984069327085754,0.999723251605349,1,"arteriol_scler"
"6281","UROS","Exc L5 ET",0.0107129292783941,5.66693074511615,0.047790126666505,0.827279992090698,0.999723251605349,1,"arteriol_scler"
"6282","BCCIP","Exc L5 ET",-0.0585853839512038,4.87531450912994,1.66630127843207,0.235736654669785,0.999723251605349,1,"arteriol_scler"
"6283","DHX32","Exc L5 ET",0.00828813040962253,5.84517206066219,0.0526215251658741,0.818905418634099,0.999723251605349,1,"arteriol_scler"
"6284","FANK1","Exc L5 ET",-0.0178252794757157,5.22796509981438,0.106007197798809,0.745233916684721,0.999723251605349,1,"arteriol_scler"
"6285","ADAM12","Exc L5 ET",-0.212002564049162,3.70650679594307,4.65904935348595,0.0326352984241499,0.999723251605349,1,"arteriol_scler"
"6286","PTPRE","Exc L5 ET",-0.00580412981943648,7.13878923038284,0.0257459705648406,0.872758937905118,0.999723251605349,1,"arteriol_scler"
"6287","MGMT","Exc L5 ET",0.0613786993084293,5.66617702792062,1.51512066254676,0.220471288757473,0.999723251605349,1,"arteriol_scler"
"6288","AL157832.3","Exc L5 ET",-0.000258748772721223,4.95681308679035,1.58960933862798e-05,0.996824657885722,0.999723251605349,1,"arteriol_scler"
"6289","C10orf143","Exc L5 ET",-0.145393308417847,3.92943877314018,2.89451809928122,0.0911529392925716,0.999723251605349,1,"arteriol_scler"
"6290","GLRX3","Exc L5 ET",-0.0543145340875757,5.62300780696324,2.18314400809671,0.152585963158284,0.999723251605349,1,"arteriol_scler"
"6291","TCERG1L","Exc L5 ET",-0.0150946164431244,7.40358373911347,0.114297790555798,0.735821451626814,0.999723251605349,1,"arteriol_scler"
"6292","PPP2R2D","Exc L5 ET",0.0281904629927087,6.26652681299317,0.687814333019442,0.408353460444954,0.999723251605349,1,"arteriol_scler"
"6293","BNIP3","Exc L5 ET",-0.0181827007986283,6.33742108546478,0.105019507978554,0.746382107638686,0.999723251605349,1,"arteriol_scler"
"6294","JAKMIP3","Exc L5 ET",0.00916873145745995,5.80533318625444,0.0412916448004845,0.839277920096055,0.999723251605349,1,"arteriol_scler"
"6295","DPYSL4","Exc L5 ET",-0.0197012740291756,4.431171748684,0.108403290996021,0.742472835511243,0.999723251605349,1,"arteriol_scler"
"6296","STK32C","Exc L5 ET",-0.0621775005669353,4.57518312435163,1.16924842074328,0.281458040870435,0.999723251605349,1,"arteriol_scler"
"6297","LRRC27","Exc L5 ET",0.0125395381969852,4.68048488274576,0.0690784046332695,0.826921663282131,0.999723251605349,1,"arteriol_scler"
"6298","INPP5A","Exc L5 ET",0.0395675954652161,5.49704990483587,0.633172644747841,0.427572381998708,0.999723251605349,1,"arteriol_scler"
"6299","CFAP46","Exc L5 ET",0.0141467422975103,6.8706448063467,0.141726996818412,0.707153342109144,0.999723251605349,1,"arteriol_scler"
"6300","ADGRA1","Exc L5 ET",0.0149967370293177,5.65950135566944,0.159598225842492,0.922919683820261,0.999723251605349,1,"arteriol_scler"
"6301","KNDC1","Exc L5 ET",0.0326236391659275,6.34401798440375,0.85374407892951,0.357122076352981,0.999723251605349,1,"arteriol_scler"
"6302","TUBGCP2","Exc L5 ET",0.0129157105837309,5.43422990822438,0.084316062862465,0.771971115190088,0.999723251605349,1,"arteriol_scler"
"6303","ZNF511-PRAP1","Exc L5 ET",-0.136863469061771,3.85218592965379,2.40410942809746,0.1233271487465,0.999723251605349,1,"arteriol_scler"
"6304","CALY","Exc L5 ET",0.0272686825526107,7.12165491845458,0.216731877350108,0.642281654134617,0.999723251605349,1,"arteriol_scler"
"6305","ECHS1","Exc L5 ET",0.0104432705809256,4.70810735111931,0.0306722702179687,0.861232478514298,0.999723251605349,1,"arteriol_scler"
"6306","CYP2E1","Exc L5 ET",-0.0801986109721028,4.01467919685886,1.08193827840114,0.300099055913099,0.999723251605349,1,"arteriol_scler"
"6307","SYCE1","Exc L5 ET",-0.0452186118291416,4.86759846796759,0.494963666298335,0.482917031420916,0.999723251605349,1,"arteriol_scler"
"6308","IQSEC3","Exc L5 ET",0.016516042328749,7.4454549922047,0.25173216048243,0.61666448614076,0.999723251605349,1,"arteriol_scler"
"6309","KDM5A","Exc L5 ET",0.0064172732490892,6.83612085402148,0.0429601725485767,0.836108467808748,0.999723251605349,1,"arteriol_scler"
"6310","CCDC77","Exc L5 ET",-0.010810580844554,4.53316644349523,0.0317614860654465,0.858815765111402,0.999723251605349,1,"arteriol_scler"
"6311","B4GALNT3","Exc L5 ET",0.0396872541101712,4.98405101249188,0.368834986556155,0.544646636008339,0.999723251605349,1,"arteriol_scler"
"6312","WNK1","Exc L5 ET",0.0148280369007971,7.87954138550524,0.342674242285075,0.559253958490799,0.999723251605349,1,"arteriol_scler"
"6313","RAD52","Exc L5 ET",0.00448726422292507,5.575970869855,0.0144131800121114,0.951567790864051,0.999723251605349,1,"arteriol_scler"
"6314","ERC1","Exc L5 ET",-0.00121579495410045,8.99112556411001,0.00152424038913525,0.968914197067063,0.999723251605349,1,"arteriol_scler"
"6315","FBXL14","Exc L5 ET",-0.0675728798392318,4.36254260009832,1.02042518690622,0.314201381245134,0.999723251605349,1,"arteriol_scler"
"6316","ADIPOR2","Exc L5 ET",0.0488923056930022,5.13839963490745,0.770965812570792,0.381457809130491,0.999723251605349,1,"arteriol_scler"
"6317","LRTM2","Exc L5 ET",-0.013377857576341,4.09016605806523,0.0364710613693314,0.848829086212994,0.999723251605349,1,"arteriol_scler"
"6318","DCP1B","Exc L5 ET",0.0724222936298806,4.88785445454551,1.81769885290822,0.179815298697423,0.999723251605349,1,"arteriol_scler"
"6319","CACNA1C","Exc L5 ET",0.021493119594527,9.85195787251126,0.442167327267459,0.50719757067315,0.999723251605349,1,"arteriol_scler"
"6320","FKBP4","Exc L5 ET",0.00619637046522177,4.98740561807737,0.00571235900544438,0.939863535050205,0.999723251605349,1,"arteriol_scler"
"6321","ITFG2","Exc L5 ET",-0.0105663197780998,5.14231861619235,0.0726683433371331,0.787896721594126,0.999723251605349,1,"arteriol_scler"
"6322","TULP3","Exc L5 ET",-0.00496291509129776,4.09025415056847,0.00416487622316755,0.948637760732491,0.999723251605349,1,"arteriol_scler"
"6323","TSPAN9","Exc L5 ET",-0.0328413796597875,3.87448716163649,0.141223554561573,0.707649701841031,0.999723251605349,1,"arteriol_scler"
"6324","PRMT8","Exc L5 ET",-0.0363683517028988,5.55639847341419,0.48484526871846,0.487417037681262,0.999723251605349,1,"arteriol_scler"
"6325","PARP11","Exc L5 ET",0.0114613399544656,5.43197885918529,0.0642132299258742,0.800336971262889,0.999723251605349,1,"arteriol_scler"
"6326","CCND2","Exc L5 ET",0.0134630433814516,6.10862931386548,0.0906831957171325,0.763767589626072,0.999723251605349,1,"arteriol_scler"
"6327","TIGAR","Exc L5 ET",-0.00890481132762422,5.58485172121535,0.0479543341581361,0.826988250523223,0.999723251605349,1,"arteriol_scler"
"6328","C12orf4","Exc L5 ET",0.0134417222830914,5.38268504275757,0.0948887935215721,0.887025206790922,0.999723251605349,1,"arteriol_scler"
"6329","AC005833.2","Exc L5 ET",0.00633730264605922,4.71891080553734,0.0151140955270866,0.902335501465901,0.999723251605349,1,"arteriol_scler"
"6330","GALNT8","Exc L5 ET",-0.0110513004148344,5.92308202952248,0.0793182674444293,0.778648946129705,0.999723251605349,1,"arteriol_scler"
"6331","KCNA1","Exc L5 ET",0.0017633156117665,6.18578293629794,0.00143783898672537,0.969807659352627,0.999723251605349,1,"arteriol_scler"
"6332","AC006063.2","Exc L5 ET",-0.00743374972161411,4.54839217825147,0.0143839436118043,0.90471209982553,0.999723251605349,1,"arteriol_scler"
"6333","VAMP1","Exc L5 ET",0.0118226378705808,5.98902545274289,0.0355495533310866,0.850728132925076,0.999723251605349,1,"arteriol_scler"
"6334","MRPL51","Exc L5 ET",-0.00269871543157297,4.51600007151937,0.000707577828107375,0.978817266635258,0.999723251605349,1,"arteriol_scler"
"6335","GAPDH","Exc L5 ET",0.0673769482722289,8.11436223148267,0.44096690389394,0.507773703083755,0.999723251605349,1,"arteriol_scler"
"6336","IFFO1","Exc L5 ET",0.0275950546546267,5.72375892898358,0.347000982869281,0.556787125278154,0.999723251605349,1,"arteriol_scler"
"6337","ING4","Exc L5 ET",0.00651252605945703,5.34321164822907,0.0237397122702938,0.87777609509754,0.999723251605349,1,"arteriol_scler"
"6338","PIANP","Exc L5 ET",0.0769505230949616,5.31732831680897,1.83395341788872,0.177893817738092,0.999723251605349,1,"arteriol_scler"
"6339","COPS7A","Exc L5 ET",0.0124128421253037,4.94667994971994,0.0242444263862301,0.876494098848452,0.999723251605349,1,"arteriol_scler"
"6340","MLF2","Exc L5 ET",0.0840571766981164,6.50044814465294,2.33978297176401,0.128415977108353,0.999723251605349,1,"arteriol_scler"
"6341","PTMS","Exc L5 ET",0.118897210919653,5.7547423300487,2.90844788108324,0.0903860468696026,0.999723251605349,1,"arteriol_scler"
"6342","GPR162","Exc L5 ET",0.0452477408074865,6.26283818291605,0.82013988744841,0.366731364515066,0.999723251605349,1,"arteriol_scler"
"6343","P3H3","Exc L5 ET",-0.0655260065044241,4.65151219886555,1.45173358261915,0.230330032082237,0.999723251605349,1,"arteriol_scler"
"6344","GNB3","Exc L5 ET",-0.000861008030712825,4.41069371789935,0.00021159452200577,0.988415340797071,0.999723251605349,1,"arteriol_scler"
"6345","USP5","Exc L5 ET",-0.00846129952652907,5.02367651058743,0.0227141378441834,0.880424806205053,0.999723251605349,1,"arteriol_scler"
"6346","TPI1","Exc L5 ET",0.0398780111922409,6.63174623580486,0.192069827212801,0.661890676571874,0.999723251605349,1,"arteriol_scler"
"6347","LRRC23","Exc L5 ET",0.0154796344489937,4.79092003790161,0.0921719423364639,0.978488532064315,0.999723251605349,1,"arteriol_scler"
"6348","ENO2","Exc L5 ET",0.0152430296450106,7.70127511762178,0.0625404069332322,0.802899989201986,0.999723251605349,1,"arteriol_scler"
"6349","ATN1","Exc L5 ET",-0.00669000727111387,5.10858977581247,0.0171698858984938,0.895940965458291,0.999723251605349,1,"arteriol_scler"
"6350","C12orf57","Exc L5 ET",0.167509092150319,3.87423930115608,2.61656306904426,0.108056570474017,0.999723251605349,1,"arteriol_scler"
"6351","PHB2","Exc L5 ET",0.0453471772826774,4.46290801644156,0.355939422049059,0.551756000563945,0.999723251605349,1,"arteriol_scler"
"6352","LPCAT3","Exc L5 ET",-0.0368168926916558,4.86298875031358,0.680775537256987,0.486577485162271,0.999723251605349,1,"arteriol_scler"
"6353","C1S","Exc L5 ET",0.0340958736997874,4.10715758767456,0.280047940400312,0.632512358267764,0.999723251605349,1,"arteriol_scler"
"6354","CLSTN3","Exc L5 ET",-0.0433212640096448,7.20080904266926,2.49086311051005,0.116818282600437,0.999723251605349,1,"arteriol_scler"
"6355","PEX5","Exc L5 ET",-0.0756123473720328,5.03957735313402,2.65455194824253,0.10555423141719,0.999723251605349,1,"arteriol_scler"
"6356","CD163L1","Exc L5 ET",0.0167878946166283,4.93244771483818,0.075741589835783,0.78356864339783,0.999723251605349,1,"arteriol_scler"
"6357","SLC2A3","Exc L5 ET",0.0512104761869396,5.27475041187303,0.932947984699715,0.33580232599577,0.999723251605349,1,"arteriol_scler"
"6358","NECAP1","Exc L5 ET",-0.02290422278989,5.6779815017511,0.216279573390129,0.64262878435803,0.999723251605349,1,"arteriol_scler"
"6359","FAM66C","Exc L5 ET",-0.0526627720889065,6.09693837147575,1.59922780417866,0.208162659927745,0.999723251605349,1,"arteriol_scler"
"6360","LINC00937","Exc L5 ET",-0.0230044291408027,7.02984376826081,0.370608748070548,0.543682112704978,0.999723251605349,1,"arteriol_scler"
"6361","RIMKLB","Exc L5 ET",-0.0392255459836484,5.58105348073537,1.07036282064828,0.302688766514546,0.999723251605349,1,"arteriol_scler"
"6362","A2ML1-AS1","Exc L5 ET",-0.0610259758743627,3.91310097063661,0.56051590273589,0.455337629458441,0.999723251605349,1,"arteriol_scler"
"6363","AC006581.2","Exc L5 ET",0.0390343671183235,4.54894602671631,0.365625246645812,0.546400113785003,0.999723251605349,1,"arteriol_scler"
"6364","PHC1","Exc L5 ET",-0.0594030625607623,5.36916125769144,2.04065995136194,0.214975509681999,0.999723251605349,1,"arteriol_scler"
"6365","M6PR","Exc L5 ET",-0.0228318760716319,5.35527620973095,0.140509908362782,0.708355042720136,0.999723251605349,1,"arteriol_scler"
"6366","KLRG1","Exc L5 ET",-0.0515818244446236,4.09296586512452,0.440402465528985,0.508044991383445,0.999723251605349,1,"arteriol_scler"
"6367","GABARAPL1","Exc L5 ET",0.0434087694727229,6.36220337087244,0.57443573918694,0.449805156253556,0.999723251605349,1,"arteriol_scler"
"6368","KLRD1","Exc L5 ET",-0.0760249746550718,4.14801320349194,0.579540064795155,0.447802846039412,0.999723251605349,1,"arteriol_scler"
"6369","STYK1","Exc L5 ET",-0.0277883074217975,4.63373239479338,0.217568646830918,0.641640619064846,0.999723251605349,1,"arteriol_scler"
"6370","PRH1","Exc L5 ET",-0.00190828658981654,4.91050182148631,0.00122659535316544,0.972112620164126,0.999723251605349,1,"arteriol_scler"
"6371","SMIM10L1","Exc L5 ET",-0.100631576306147,4.04578846251555,1.88113409154357,0.17245047703965,0.999723251605349,1,"arteriol_scler"
"6372","AC244131.2","Exc L5 ET",0.098631451127405,5.01987640039693,1.34216115205393,0.248671438098069,0.999723251605349,1,"arteriol_scler"
"6373","PRB2","Exc L5 ET",-0.0108995141704685,6.68033815273716,0.0390458870368281,0.843651063795826,0.999723251605349,1,"arteriol_scler"
"6374","AC007450.1","Exc L5 ET",-0.0129722222097434,3.59702372892425,0.0124427928448998,0.911345869400983,0.999723251605349,1,"arteriol_scler"
"6375","LINC01252","Exc L5 ET",-0.0571729590898441,6.62490711600237,1.98995353259343,0.160615436055301,0.999723251605349,1,"arteriol_scler"
"6376","ETV6","Exc L5 ET",-0.042531159474331,7.57393816794135,1.64574957240867,0.20170747580944,0.999723251605349,1,"arteriol_scler"
"6377","BCL2L14","Exc L5 ET",-0.125556571624932,4.48590953683782,1.85975884940412,0.174892228135526,0.999723251605349,1,"arteriol_scler"
"6378","LRP6","Exc L5 ET",-0.00964443275960078,6.27924774326717,0.0959717143704279,0.757189719437221,0.999723251605349,1,"arteriol_scler"
"6379","MANSC1","Exc L5 ET",-0.0496947515689799,4.92610157685834,1.20988631458154,0.273286302588537,0.999723251605349,1,"arteriol_scler"
"6380","BORCS5","Exc L5 ET",0.0193702542723949,6.04329726384145,0.22868899371527,0.633260887196186,0.999723251605349,1,"arteriol_scler"
"6381","DUSP16","Exc L5 ET",-0.0842114556062106,4.73186688165033,1.94877655593056,0.164979912644471,0.999723251605349,1,"arteriol_scler"
"6382","CREBL2","Exc L5 ET",-0.106997609499598,4.33065065314135,3.5948780776515,0.0768152001931607,0.999723251605349,1,"arteriol_scler"
"6383","GPR19","Exc L5 ET",-0.0673116628585236,4.0573006242939,1.16046476130013,0.283264972845308,0.999723251605349,1,"arteriol_scler"
"6384","CDKN1B","Exc L5 ET",-0.00617674376188536,4.25445216783158,0.00829626401742227,0.927559203472682,0.999723251605349,1,"arteriol_scler"
"6385","APOLD1","Exc L5 ET",0.0671750300105879,3.86396758893264,0.450878647310709,0.503050182394374,0.999723251605349,1,"arteriol_scler"
"6386","HEBP1","Exc L5 ET",-0.0555734699566676,4.11811689151661,0.503301571903491,0.479260308587947,0.999723251605349,1,"arteriol_scler"
"6387","FAM234B","Exc L5 ET",0.046881061145349,5.65402547397716,1.51734090646629,0.220135313701645,0.999723251605349,1,"arteriol_scler"
"6388","GRIN2B","Exc L5 ET",0.00387717342704391,9.27227714504772,0.031593926460857,0.859184726680416,0.999723251605349,1,"arteriol_scler"
"6389","ATF7IP","Exc L5 ET",-0.0127278200763306,6.16284608189574,0.120877485199022,0.7286190384211,0.999723251605349,1,"arteriol_scler"
"6390","WBP11","Exc L5 ET",0.00217463676408035,4.7458984601774,0.00127424421999693,0.9715763454004,0.999723251605349,1,"arteriol_scler"
"6391","RERG","Exc L5 ET",-0.0401357322825281,6.63838732055561,0.822674065852781,0.365994238167887,0.999723251605349,1,"arteriol_scler"
"6392","PTPRO","Exc L5 ET",-0.00490635824133625,8.10630759862504,0.0237415312825591,0.877771449799039,0.999723251605349,1,"arteriol_scler"
"6393","STRAP","Exc L5 ET",-0.0123935357807167,5.67562369484435,0.0546835290776463,0.815454789263901,0.999723251605349,1,"arteriol_scler"
"6394","MGST1","Exc L5 ET",-0.115428408886533,5.69444128317892,1.97156502975964,0.162547837672937,0.999723251605349,1,"arteriol_scler"
"6395","LMO3","Exc L5 ET",0.0639775267997374,7.88212318096613,2.66439586803633,0.104916333984049,0.999723251605349,1,"arteriol_scler"
"6396","PLEKHA5","Exc L5 ET",0.0148939102509005,9.55433412388855,0.294467737200348,0.588254506957375,0.999723251605349,1,"arteriol_scler"
"6397","AEBP2","Exc L5 ET",-0.0125428410090244,8.67838985083479,0.108760846569817,0.742063725673267,0.999723251605349,1,"arteriol_scler"
"6398","AC024901.1","Exc L5 ET",-0.032735691978341,7.75571939663402,0.291815935385952,0.589937446027813,0.999723251605349,1,"arteriol_scler"
"6399","LINC02398","Exc L5 ET",-0.0472764038605772,6.62375178346492,0.561303486682671,0.455021745575234,0.999723251605349,1,"arteriol_scler"
"6400","PYROXD1","Exc L5 ET",0.0233045516224053,4.36871640639174,0.128809093972752,0.720223283024827,0.999723251605349,1,"arteriol_scler"
"6401","RECQL","Exc L5 ET",-0.0252543008138197,4.35334967466273,0.156626427021678,0.692898138525965,0.999723251605349,1,"arteriol_scler"
"6402","GOLT1B","Exc L5 ET",-0.0806245936349254,5.99859509223317,2.53605051132933,0.113580642680294,0.999723251605349,1,"arteriol_scler"
"6403","LDHB","Exc L5 ET",-0.0397387149022674,6.27895593790798,0.238108330019508,0.626356823947771,0.999723251605349,1,"arteriol_scler"
"6404","CMAS","Exc L5 ET",0.0266843961945331,5.80325190776716,0.270778449006656,0.603651117430054,0.999723251605349,1,"arteriol_scler"
"6405","ST8SIA1","Exc L5 ET",0.000712316359255445,8.32086792423475,0.000694320846364174,0.979016595118998,0.999723251605349,1,"arteriol_scler"
"6406","C2CD5","Exc L5 ET",-0.0232488895905141,7.92525570372295,0.631670927928721,0.428119634260089,0.999723251605349,1,"arteriol_scler"
"6407","ETNK1","Exc L5 ET",-0.00599013240313745,6.69059721815004,0.0457881722719456,0.830879897504001,0.999723251605349,1,"arteriol_scler"
"6408","AC084816.1","Exc L5 ET",0.0856916761981106,4.34583140870446,0.964571713579338,0.327771310746058,0.999723251605349,1,"arteriol_scler"
"6409","SOX5","Exc L5 ET",0.0481966695421775,9.35512225820082,2.45017534399835,0.119821846257779,0.999723251605349,1,"arteriol_scler"
"6410","BCAT1","Exc L5 ET",0.0153141656433945,5.88142946040921,0.165115808403406,0.685124428647117,0.999723251605349,1,"arteriol_scler"
"6411","CASC1","Exc L5 ET",0.0102575046472653,5.5310417957825,0.0573293518032474,0.811126246846526,0.999723251605349,1,"arteriol_scler"
"6412","ETFRF1","Exc L5 ET",-0.0157149173517981,5.43461886270629,0.149879830345864,0.699251781488257,0.999723251605349,1,"arteriol_scler"
"6413","KRAS","Exc L5 ET",-0.0527854643216106,5.96363474385223,1.01461274465415,0.315578469963163,0.999723251605349,1,"arteriol_scler"
"6414","RASSF8-AS1","Exc L5 ET",0.0124342383847706,4.95844394858877,0.0418765804522174,0.838159334752914,0.999723251605349,1,"arteriol_scler"
"6415","RASSF8","Exc L5 ET",-0.0407486468640988,4.7786655686906,0.38979202196374,0.53344846583952,0.999723251605349,1,"arteriol_scler"
"6416","BHLHE41","Exc L5 ET",0.0292639119065471,4.0308392034065,0.144110003812076,0.7048174280593,0.999723251605349,1,"arteriol_scler"
"6417","ITPR2","Exc L5 ET",-0.0543507282207025,6.04412115547782,0.449408277600125,0.503746115526859,0.999723251605349,1,"arteriol_scler"
"6418","FGFR1OP2","Exc L5 ET",-0.000664806694139103,5.705695598302,0.000236363982896724,0.987756096555377,0.999723251605349,1,"arteriol_scler"
"6419","TM7SF3","Exc L5 ET",-0.0213935893485293,5.96935687523864,0.348452116094437,0.555964424563506,0.999723251605349,1,"arteriol_scler"
"6420","MED21","Exc L5 ET",0.0346323183417904,4.63587127304257,0.283858470550502,0.595047631356262,0.999723251605349,1,"arteriol_scler"
"6421","STK38L","Exc L5 ET",0.0125270355932655,5.57409523079503,0.115958160040896,0.733982535225892,0.999723251605349,1,"arteriol_scler"
"6422","ARNTL2","Exc L5 ET",-0.00447543078812384,4.88939156055225,0.00591434275579403,0.938811659054906,0.999723251605349,1,"arteriol_scler"
"6423","PPFIBP1","Exc L5 ET",-0.0803662909539719,3.92331572814792,0.423687151910507,0.516194659757033,0.999723251605349,1,"arteriol_scler"
"6424","MRPS35","Exc L5 ET",-0.0168222474445959,5.43946920894874,0.158643506145424,0.880545792031164,0.999723251605349,1,"arteriol_scler"
"6425","KLHL42","Exc L5 ET",-0.0507984342033804,6.38153740460666,2.36233145230963,0.126605808068819,0.999723251605349,1,"arteriol_scler"
"6426","CCDC91","Exc L5 ET",-0.0395737021511688,8.2116108699487,2.23390399996524,0.137315252894824,0.999723251605349,1,"arteriol_scler"
"6427","FAR2","Exc L5 ET",-0.0397122247148451,6.92951814100721,1.35812602966966,0.24589030566093,0.999723251605349,1,"arteriol_scler"
"6428","ERGIC2","Exc L5 ET",-0.0429114108900759,5.70103395705931,1.2979656752392,0.256575952510202,0.999723251605349,1,"arteriol_scler"
"6429","OVCH1-AS1","Exc L5 ET",-0.189102200183426,4.65492884090288,4.21678409559389,0.0419308350892068,0.999723251605349,1,"arteriol_scler"
"6430","OVCH1","Exc L5 ET",0.0316844073591594,6.19766460877047,0.347081967078247,0.55674115127322,0.999723251605349,1,"arteriol_scler"
"6431","TMTC1","Exc L5 ET",0.0181135371367698,9.25811750953073,0.304617057536389,0.581902735400581,0.999723251605349,1,"arteriol_scler"
"6432","IPO8","Exc L5 ET",0.013861587133102,5.43186411267891,0.136665099145379,0.890155422442857,0.999723251605349,1,"arteriol_scler"
"6433","CAPRIN2","Exc L5 ET",0.00929616437343984,6.80990850017366,0.0887687952620297,0.766200224716745,0.999723251605349,1,"arteriol_scler"
"6434","AC010198.1","Exc L5 ET",-0.153770218804423,3.79331701045807,3.18885023459669,0.0763573826880845,0.999723251605349,1,"arteriol_scler"
"6435","DDX11","Exc L5 ET",-0.0884931021107193,3.82367976103843,0.863739227440923,0.354331277660976,0.999723251605349,1,"arteriol_scler"
"6436","DENND5B","Exc L5 ET",-0.0224100289002795,8.29695036736564,0.658254211234467,0.41858618452147,0.999723251605349,1,"arteriol_scler"
"6437","AMN1","Exc L5 ET",-0.01880356654927,6.38431541411505,0.339508232405387,0.561072316556037,0.999723251605349,1,"arteriol_scler"
"6438","KIAA1551","Exc L5 ET",0.0212521653484354,5.43848210695615,0.239566187701874,0.625303444625399,0.999723251605349,1,"arteriol_scler"
"6439","BICD1","Exc L5 ET",0.0244620112607831,8.49793168700483,0.69288640989121,0.406634978274057,0.999723251605349,1,"arteriol_scler"
"6440","FGD4","Exc L5 ET",-0.0100101490616723,7.02962212626315,0.0638638500880013,0.800869312216545,0.999723251605349,1,"arteriol_scler"
"6441","DNM1L","Exc L5 ET",-0.0460781595566875,7.30058286114145,4.32443998921997,0.0394354035775731,0.999723251605349,1,"arteriol_scler"
"6442","YARS2","Exc L5 ET",-0.013618848414896,4.76509878111742,0.0629747958852426,0.802230969873009,0.999723251605349,1,"arteriol_scler"
"6443","CPNE8","Exc L5 ET",0.0271843919054774,7.30556387099628,0.40864311016484,0.523727875869407,0.999723251605349,1,"arteriol_scler"
"6444","KIF21A","Exc L5 ET",-0.010706505427434,7.94255721624474,0.1684029380878,0.682177020320094,0.999723251605349,1,"arteriol_scler"
"6445","ABCD2","Exc L5 ET",-0.00139489154027003,5.58364917524934,0.00100994139959787,0.97469414960988,0.999723251605349,1,"arteriol_scler"
"6446","C12orf40","Exc L5 ET",-0.190565611276229,4.40423526295256,4.3546254756212,0.038764380732924,0.999723251605349,1,"arteriol_scler"
"6447","SLC2A13","Exc L5 ET",-0.0404286545236198,8.30302601749328,1.45468646262677,0.229859046624703,0.999723251605349,1,"arteriol_scler"
"6448","LRRK2","Exc L5 ET",0.00096678710467861,6.08257445741659,0.000495569483281657,0.982271882326392,0.999723251605349,1,"arteriol_scler"
"6449","CNTN1","Exc L5 ET",0.0297544154761193,9.61135544968915,1.0298836738946,0.311977327676586,0.999723251605349,1,"arteriol_scler"
"6450","PDZRN4","Exc L5 ET",0.215629236952359,6.54347691585517,5.0402024089933,0.0263701987421943,0.999723251605349,1,"arteriol_scler"
"6451","GXYLT1","Exc L5 ET",0.0278228012429254,4.300461015345,0.191196249157442,0.711041088814617,0.999723251605349,1,"arteriol_scler"
"6452","YAF2","Exc L5 ET",0.00661439838471537,6.55177424483063,0.0410044586458183,0.839830133420878,0.999723251605349,1,"arteriol_scler"
"6453","PPHLN1","Exc L5 ET",-0.0130131340771608,7.22465686038115,0.232516349563654,0.630434775876372,0.999723251605349,1,"arteriol_scler"
"6454","ZCRB1","Exc L5 ET",-0.0295258812341439,4.48286037623004,0.241110086617189,0.624192223318586,0.999723251605349,1,"arteriol_scler"
"6455","PRICKLE1","Exc L5 ET",0.0186769706897454,8.41275510063097,0.509778254490571,0.476451175485255,0.999723251605349,1,"arteriol_scler"
"6456","PUS7L","Exc L5 ET",-0.048446516866501,6.35273793739788,1.75175322359607,0.187863896409453,0.999723251605349,1,"arteriol_scler"
"6457","TMEM117","Exc L5 ET",0.0111514552971923,8.34090549652944,0.127055618456002,0.722053736266555,0.999723251605349,1,"arteriol_scler"
"6458","NELL2","Exc L5 ET",0.0365269019592192,9.43525575682258,1.48928474513071,0.224426726417609,0.999723251605349,1,"arteriol_scler"
"6459","ANO6","Exc L5 ET",0.00755013263956243,6.71373670426857,0.0436845153006665,0.834752548175655,0.999723251605349,1,"arteriol_scler"
"6460","AC079950.1","Exc L5 ET",0.0572526910880472,3.87837957935101,0.322909016708467,0.570796138485419,0.999723251605349,1,"arteriol_scler"
"6461","ARID2","Exc L5 ET",0.023505903972081,6.03180535351351,0.383011783111228,0.537024873830333,0.999723251605349,1,"arteriol_scler"
"6462","SCAF11","Exc L5 ET",-0.00357472001768401,6.676215297073,0.0157777797423091,0.978888210603556,0.999723251605349,1,"arteriol_scler"
"6463","SLC38A1","Exc L5 ET",-0.0210133617844985,7.34812315273677,0.568207874616514,0.452267281330928,0.999723251605349,1,"arteriol_scler"
"6464","SLC38A2","Exc L5 ET",0.0693387617331001,5.76885048444388,1.61513032244541,0.205928791524533,0.999723251605349,1,"arteriol_scler"
"6465","AC008014.1","Exc L5 ET",0.0162308997442642,5.24547842268906,0.0640740374534562,0.800548870009601,0.999723251605349,1,"arteriol_scler"
"6466","RPAP3","Exc L5 ET",0.00299277234054148,4.24563733376623,0.00215437731131459,0.96304694846584,0.999723251605349,1,"arteriol_scler"
"6467","SLC48A1","Exc L5 ET",-0.0164297081573773,4.44004583800414,0.0640170968940338,0.800635623707324,0.999723251605349,1,"arteriol_scler"
"6468","HDAC7","Exc L5 ET",0.0258581087883034,4.96683096246636,0.342139798443524,0.559560115804506,0.999723251605349,1,"arteriol_scler"
"6469","TMEM106C","Exc L5 ET",-0.0563906797573838,4.3245069066715,0.87468597694946,0.351309118634292,0.999723251605349,1,"arteriol_scler"
"6470","SENP1","Exc L5 ET",-0.0810161203243195,4.28695238856119,1.81089084686868,0.180627273725906,0.999723251605349,1,"arteriol_scler"
"6471","PFKM","Exc L5 ET",0.0312498591830743,5.53855192138531,0.25605990855876,0.61365445586157,0.999723251605349,1,"arteriol_scler"
"6472","ASB8","Exc L5 ET",-0.0188648993878442,5.11185194039693,0.16961015906211,0.972111556970254,0.999723251605349,1,"arteriol_scler"
"6473","CCDC184","Exc L5 ET",-0.0116720911921357,4.17542127384478,0.0134534820927277,0.907831221116965,0.999723251605349,1,"arteriol_scler"
"6474","ZNF641","Exc L5 ET",-0.0496326797862532,4.17147463850813,0.471108884339959,0.493639083724282,0.999723251605349,1,"arteriol_scler"
"6475","AC090115.1","Exc L5 ET",-0.0166459914159759,5.17631837105528,0.0904596561732924,0.764050188740206,0.999723251605349,1,"arteriol_scler"
"6476","KANSL2","Exc L5 ET",0.10863759963827,3.97048895052799,2.59475373694258,0.109522851204471,0.999723251605349,1,"arteriol_scler"
"6477","CCNT1","Exc L5 ET",0.0542309787323709,4.7111369916119,1.43755461891671,0.232607998425898,0.999723251605349,1,"arteriol_scler"
"6478","ADCY6","Exc L5 ET",0.0760905103113808,4.86912388900834,2.38687057978698,0.124668334495485,0.999723251605349,1,"arteriol_scler"
"6479","CACNB3","Exc L5 ET",0.0320432775720696,4.53245973624346,0.303603953399878,0.582530518230241,0.999723251605349,1,"arteriol_scler"
"6480","DDX23","Exc L5 ET",0.0958330273153846,4.10247147780525,2.33845448778923,0.12852353085202,0.999723251605349,1,"arteriol_scler"
"6481","RND1","Exc L5 ET",0.0542745553713412,3.9218995722868,0.438559012933721,0.50893276730658,0.999723251605349,1,"arteriol_scler"
"6482","AC073610.3","Exc L5 ET",0.0697995201430134,4.39029509291422,1.28464280217494,0.259019808033385,0.999723251605349,1,"arteriol_scler"
"6483","CCDC65","Exc L5 ET",-0.111423435295308,4.93293052915816,1.96747019532857,0.162981791184178,0.999723251605349,1,"arteriol_scler"
"6484","WNT10B","Exc L5 ET",-0.0770149978414238,4.15281089718599,1.27778879161782,0.260288362520983,0.999723251605349,1,"arteriol_scler"
"6485","DDN","Exc L5 ET",0.0257781269101031,4.22662916044569,0.0946516969162722,0.758812594634446,0.999723251605349,1,"arteriol_scler"
"6486","DDN-AS1","Exc L5 ET",0.0141897087359762,3.89072172293482,0.0284924088932244,0.866205660271473,0.999723251605349,1,"arteriol_scler"
"6487","PRKAG1","Exc L5 ET",-0.0259612276947813,5.1011790874377,0.227653029105219,0.634030840196174,0.999723251605349,1,"arteriol_scler"
"6488","KMT2D","Exc L5 ET",0.00696785698220766,4.94811345042204,0.0222024026266662,0.881769330949118,0.999723251605349,1,"arteriol_scler"
"6489","LMBR1L","Exc L5 ET",-0.0663168519574924,4.88742475590044,1.78515767307574,0.183735361584523,0.999723251605349,1,"arteriol_scler"
"6490","AC011603.2","Exc L5 ET",0.0475957580196591,4.80334368034945,0.626340144483746,0.430070879949231,0.999723251605349,1,"arteriol_scler"
"6491","TUBA1B","Exc L5 ET",-0.0661879770283853,8.59911950367215,0.763779379433178,0.383679823923592,0.999723251605349,1,"arteriol_scler"
"6492","TUBA1A","Exc L5 ET",-0.0479098167552476,7.02360176215731,0.406121232462562,0.525009805215404,0.999723251605349,1,"arteriol_scler"
"6493","TUBA1C","Exc L5 ET",0.0804440923108985,4.28210900781572,0.895345880462648,0.345700925677215,0.999723251605349,1,"arteriol_scler"
"6494","SPATS2","Exc L5 ET",-0.0233861050911068,7.50913476285305,0.875906900954583,0.350974245756463,0.999723251605349,1,"arteriol_scler"
"6495","KCNH3","Exc L5 ET",-0.0620693946116419,6.14084457511229,2.66370600603518,0.104960898441935,0.999723251605349,1,"arteriol_scler"
"6496","MCRS1","Exc L5 ET",0.0150973361220241,4.74938742736767,0.0791059170779077,0.778937649904624,0.999723251605349,1,"arteriol_scler"
"6497","PRPF40B","Exc L5 ET",-0.0172685577883654,6.24137521231404,0.251449904475356,0.616861924275193,0.999723251605349,1,"arteriol_scler"
"6498","TMBIM6","Exc L5 ET",0.0377114062500252,6.11512071125383,0.562276089210625,0.454632132197425,0.999723251605349,1,"arteriol_scler"
"6499","NCKAP5L","Exc L5 ET",0.0396114383041467,4.64273603519645,0.499736156293122,0.480818371967354,0.999723251605349,1,"arteriol_scler"
"6500","FAIM2","Exc L5 ET",0.0263821337021242,7.57645159623412,0.195480784675914,0.659091740129608,0.999723251605349,1,"arteriol_scler"
"6501","ASIC1","Exc L5 ET",-0.0642650125825429,3.99559838145294,0.920203530920227,0.422461521353706,0.999723251605349,1,"arteriol_scler"
"6502","SMARCD1","Exc L5 ET",-0.0456833656200652,4.47595396866015,0.806722936447694,0.383134173177739,0.999723251605349,1,"arteriol_scler"
"6503","AC074032.1","Exc L5 ET",-0.0186548406750214,5.68592710889849,0.131307251664373,0.717639605564232,0.999723251605349,1,"arteriol_scler"
"6504","CERS5","Exc L5 ET",-0.00592428229639403,5.72587834143322,0.0225748402217041,0.88078924678368,0.999723251605349,1,"arteriol_scler"
"6505","LIMA1","Exc L5 ET",0.0544550375198542,4.87336030884359,0.833937972868722,0.36274275262256,0.999723251605349,1,"arteriol_scler"
"6506","LARP4","Exc L5 ET",-0.00184605432999213,6.11229228298629,0.00299281815625635,0.956451973438376,0.999723251605349,1,"arteriol_scler"
"6507","DIP2B","Exc L5 ET",-0.0320461244146605,7.06811196121151,0.897698097209279,0.345070181827036,0.999723251605349,1,"arteriol_scler"
"6508","ATF1","Exc L5 ET",0.0370210667779817,5.30140294905881,0.662037523913802,0.417255362119991,0.999723251605349,1,"arteriol_scler"
"6509","SLC11A2","Exc L5 ET",0.0852527663162441,5.62380318245935,6.2243853276294,0.0137900360767698,0.999723251605349,1,"arteriol_scler"
"6510","LETMD1","Exc L5 ET",-0.0420083492485193,5.36318068613777,1.17481202552466,0.475094782654179,0.999723251605349,1,"arteriol_scler"
"6511","CSRNP2","Exc L5 ET",0.0377827987823769,5.67520398792593,1.27252305354856,0.261268226877396,0.999723251605349,1,"arteriol_scler"
"6512","TFCP2","Exc L5 ET",-0.023692223727639,6.55139625218275,0.348316509029973,0.556041207147704,0.999723251605349,1,"arteriol_scler"
"6513","POU6F1","Exc L5 ET",-0.00816834408137503,5.42905130976554,0.0368085028127781,0.848139916259709,0.999723251605349,1,"arteriol_scler"
"6514","DAZAP2","Exc L5 ET",0.0640608674035487,5.04590612171522,1.72894444060596,0.190745501751907,0.999723251605349,1,"arteriol_scler"
"6515","SLC4A8","Exc L5 ET",0.0239596802362015,8.19281647838384,0.585106330443851,0.445635159834104,0.999723251605349,1,"arteriol_scler"
"6516","SCN8A","Exc L5 ET",0.0174969789005583,8.83997531704395,0.598569177624275,0.440459251005381,0.999723251605349,1,"arteriol_scler"
"6517","ACVR1B","Exc L5 ET",0.0353711124913966,6.07884777875802,0.962085761228168,0.328393249218703,0.999723251605349,1,"arteriol_scler"
"6518","GRASP","Exc L5 ET",0.0469519457494453,4.47220229943579,0.493669346498072,0.483488808156876,0.999723251605349,1,"arteriol_scler"
"6519","NR4A1","Exc L5 ET",-0.00418570844107672,4.35261492647975,0.00245387796321766,0.960563889527932,0.999723251605349,1,"arteriol_scler"
"6520","EIF4B","Exc L5 ET",0.0566086710966678,5.42247040320425,1.93051096508478,0.166959642727147,0.999723251605349,1,"arteriol_scler"
"6521","AC068888.1","Exc L5 ET",-0.195241980427049,4.2561895786347,4.39907228463974,0.0377982906883526,0.999723251605349,1,"arteriol_scler"
"6522","SPRYD3","Exc L5 ET",0.121630769184426,5.42122502434497,3.14341717889572,0.0784591810622627,0.999723251605349,1,"arteriol_scler"
"6523","CSAD","Exc L5 ET",0.013766099880787,6.14668511140547,0.133306588556045,0.715591801107942,0.999723251605349,1,"arteriol_scler"
"6524","PFDN5","Exc L5 ET",-0.0510921320895144,5.10867443400736,0.483336278904862,0.48809411638134,0.999723251605349,1,"arteriol_scler"
"6525","C12orf10","Exc L5 ET",-0.0565971362790527,4.4503644230099,0.46441962536038,0.49671761237077,0.999723251605349,1,"arteriol_scler"
"6526","PRR13","Exc L5 ET",0.0420613208059372,4.26502993994713,0.202610465147049,0.653334375713255,0.999723251605349,1,"arteriol_scler"
"6527","PCBP2","Exc L5 ET",0.0375007010886125,6.01357626150612,0.966399489282399,0.327315039269309,0.999723251605349,1,"arteriol_scler"
"6528","MAP3K12","Exc L5 ET",-0.0258755437536119,4.75404085750718,0.315731287573821,0.678855028282068,0.999723251605349,1,"arteriol_scler"
"6529","ATP5MC2","Exc L5 ET",0.0219795191208647,5.55146061475361,0.145112004816055,0.703841832105594,0.999723251605349,1,"arteriol_scler"
"6530","CALCOCO1","Exc L5 ET",-0.0720872437601809,5.98394078362904,5.1075030536224,0.0254024674151819,0.999723251605349,1,"arteriol_scler"
"6531","CBX5","Exc L5 ET",0.00190223136444714,5.79600173242893,0.00143374702986531,0.969850631560513,0.999723251605349,1,"arteriol_scler"
"6532","HNRNPA1","Exc L5 ET",-0.115284225789441,4.68316130989496,2.10922727317887,0.14870275912272,0.999723251605349,1,"arteriol_scler"
"6533","COPZ1","Exc L5 ET",-0.0419926204497295,4.92021296289405,0.631619500262652,0.428138394228573,0.999723251605349,1,"arteriol_scler"
"6534","ZNF385A","Exc L5 ET",-0.0178665916298512,4.19990379968634,0.0641061006748564,0.800500037072043,0.999723251605349,1,"arteriol_scler"
"6535","PDE1B","Exc L5 ET",0.0835317071647121,3.85325212127738,1.14595401287327,0.28628261373427,0.999723251605349,1,"arteriol_scler"
"6536","TESPA1","Exc L5 ET",0.00866563588606821,7.76087283635933,0.0607708032456774,0.805651268685413,0.999723251605349,1,"arteriol_scler"
"6537","METTL7B","Exc L5 ET",0.176748155741116,4.14244118843981,3.43786900949182,0.0658710454962708,0.999723251605349,1,"arteriol_scler"
"6538","ITGA7","Exc L5 ET",-0.0149018052420888,6.05226181010644,0.106718028634815,0.744411233216802,0.999723251605349,1,"arteriol_scler"
"6539","CD63","Exc L5 ET",0.0321093121221012,4.11252391319739,0.133993073133893,0.714892693696358,0.999723251605349,1,"arteriol_scler"
"6540","RAB5B","Exc L5 ET",-0.0276475124284417,5.56448185871026,0.397012029039172,0.529687367005104,0.999723251605349,1,"arteriol_scler"
"6541","IKZF4","Exc L5 ET",0.0532609851795442,4.52727762616847,0.710234371999669,0.400836918355063,0.999723251605349,1,"arteriol_scler"
"6542","RPS26","Exc L5 ET",-0.022525996470047,3.52864503112089,0.0357761846613739,0.850258747960619,0.999723251605349,1,"arteriol_scler"
"6543","PA2G4","Exc L5 ET",0.0224773825888685,4.00130065989038,0.0790278660229634,0.7790438703915,0.999723251605349,1,"arteriol_scler"
"6544","RPL41","Exc L5 ET",-0.0512180351865124,5.21972949325468,0.216156381152461,0.642723407409989,0.999723251605349,1,"arteriol_scler"
"6545","ESYT1","Exc L5 ET",-0.0394853973031053,4.46633744212913,0.329759968459862,0.56674340709943,0.999723251605349,1,"arteriol_scler"
"6546","MYL6B","Exc L5 ET",0.102720237665571,5.11915214881203,3.49689007411805,0.063621124063036,0.999723251605349,1,"arteriol_scler"
"6547","MYL6","Exc L5 ET",-0.024261839241956,5.25672387970054,0.120931119907096,0.728561241157653,0.999723251605349,1,"arteriol_scler"
"6548","SMARCC2","Exc L5 ET",0.0374501857960419,5.89442339432196,1.1925877046506,0.276727540357416,0.999723251605349,1,"arteriol_scler"
"6549","RNF41","Exc L5 ET",0.0849513993834518,4.86056242838844,2.76556570295043,0.0986018429327515,0.999723251605349,1,"arteriol_scler"
"6550","NABP2","Exc L5 ET",-0.0271645322451694,4.03615470639997,0.115767677661314,0.734192751636273,0.999723251605349,1,"arteriol_scler"
"6551","ANKRD52","Exc L5 ET",0.00469074419415316,5.12871503875171,0.0124087228435244,0.963052220115091,0.999723251605349,1,"arteriol_scler"
"6552","CS","Exc L5 ET",0.0746953400945374,5.04442767827408,2.35317156216683,0.127337672473974,0.999723251605349,1,"arteriol_scler"
"6553","PAN2","Exc L5 ET",-0.0261903598069034,4.53597681881116,0.246110394360044,0.777858669851627,0.999723251605349,1,"arteriol_scler"
"6554","STAT2","Exc L5 ET",0.0449249507322858,5.36236434878148,1.28758829848349,0.258477018527485,0.999723251605349,1,"arteriol_scler"
"6555","GLS2","Exc L5 ET",0.0525932122348396,6.03589021830567,1.92624471509261,0.16742598989933,0.999723251605349,1,"arteriol_scler"
"6556","BAZ2A","Exc L5 ET",0.00507201665847808,5.56087402187337,0.0153049541726352,0.901723931716223,0.999723251605349,1,"arteriol_scler"
"6557","ATP5F1B","Exc L5 ET",-0.0038401766101786,6.61674327494396,0.00298534392343685,0.956506331071513,0.999723251605349,1,"arteriol_scler"
"6558","PTGES3","Exc L5 ET",-0.0712173342499741,6.17844872959326,1.99798520640878,0.159779713482175,0.999723251605349,1,"arteriol_scler"
"6559","NACA","Exc L5 ET",-0.00971388021023953,5.41124626675387,0.0250521948740509,0.874470456846962,0.999723251605349,1,"arteriol_scler"
"6560","NAB2","Exc L5 ET",0.0423521031040753,4.04663491691676,0.31708697887604,0.574285216198583,0.999723251605349,1,"arteriol_scler"
"6561","STAT6","Exc L5 ET",-0.031336405279924,4.94278725845622,0.411927985349656,0.522066437901134,0.999723251605349,1,"arteriol_scler"
"6562","LRP1","Exc L5 ET",0.0318580129643933,6.20984572996983,1.27626354954956,0.26057171134526,0.999723251605349,1,"arteriol_scler"
"6563","R3HDM2","Exc L5 ET",0.00717915775567364,8.09222716693163,0.042287547514188,0.837378295367206,0.999723251605349,1,"arteriol_scler"
"6564","MARS","Exc L5 ET",0.0217096716503307,6.00961878994375,0.312570666432871,0.577021000855825,0.999723251605349,1,"arteriol_scler"
"6565","DDIT3","Exc L5 ET",0.0171116384361285,4.39907999024283,0.0377230139234672,0.84628848037753,0.999723251605349,1,"arteriol_scler"
"6566","DCTN2","Exc L5 ET",0.0231154115607563,5.90043307070852,0.220317653483125,0.639545170724904,0.999723251605349,1,"arteriol_scler"
"6567","KIF5A","Exc L5 ET",0.0478148879933414,7.07884329190627,1.77015901127189,0.185575783370245,0.999723251605349,1,"arteriol_scler"
"6568","PIP4K2C","Exc L5 ET",0.00961682501742463,5.15521867221735,0.0411658157581214,0.839519622372926,0.999723251605349,1,"arteriol_scler"
"6569","DTX3","Exc L5 ET",0.017294343101462,5.57092115551837,0.136622418578178,0.712233643173557,0.999723251605349,1,"arteriol_scler"
"6570","ARHGEF25","Exc L5 ET",0.1220831786122,4.69667881743287,4.03510515705782,0.0465308155778613,0.999723251605349,1,"arteriol_scler"
"6571","B4GALNT1","Exc L5 ET",0.0129134506125967,5.42970111180169,0.0771266573650138,0.781648938928349,0.999723251605349,1,"arteriol_scler"
"6572","OS9","Exc L5 ET",0.0796547319084883,5.19560945927914,3.44048103261027,0.0657696776869278,0.999723251605349,1,"arteriol_scler"
"6573","AGAP2","Exc L5 ET",-0.0151130633872264,5.20782564078115,0.0901775379034022,0.764407387528955,0.999723251605349,1,"arteriol_scler"
"6574","TSPAN31","Exc L5 ET",-0.0342411725003405,4.26004293165051,0.361174852552855,0.651743292906891,0.999723251605349,1,"arteriol_scler"
"6575","MARCH9","Exc L5 ET",0.0223117922884731,3.9748321224908,0.0810873000163084,0.776259888665295,0.999723251605349,1,"arteriol_scler"
"6576","TSFM","Exc L5 ET",0.0124095985810745,4.10492649068724,0.0347865134540013,0.852319992483819,0.999723251605349,1,"arteriol_scler"
"6577","AVIL","Exc L5 ET",-0.0516478551631495,4.46636196987392,0.304545829986039,0.581946827865411,0.999723251605349,1,"arteriol_scler"
"6578","CTDSP2","Exc L5 ET",0.00944972990395649,4.60305430202543,0.0322642740805457,0.86814182671226,0.999723251605349,1,"arteriol_scler"
"6579","AC084033.3","Exc L5 ET",-0.0131723045580427,4.13242578438384,0.0347133203885255,0.852473634344942,0.999723251605349,1,"arteriol_scler"
"6580","SLC16A7","Exc L5 ET",0.00924245548185159,7.08357071476734,0.0937654461594801,0.759909147587406,0.999723251605349,1,"arteriol_scler"
"6581","FAM19A2","Exc L5 ET",-0.0274276542521598,7.40545976811807,0.10508660367665,0.746303920212061,0.999723251605349,1,"arteriol_scler"
"6582","USP15","Exc L5 ET",0.017131467773165,7.05576959029462,0.32850197415665,0.567483361943069,0.999723251605349,1,"arteriol_scler"
"6583","MON2","Exc L5 ET",-0.000728223527452857,8.09665385611407,0.000838270548916771,0.976944344839422,0.999723251605349,1,"arteriol_scler"
"6584","PPM1H","Exc L5 ET",0.00616525812283375,6.99082705236254,0.0321221245393218,0.858025041654216,0.999723251605349,1,"arteriol_scler"
"6585","DPY19L2","Exc L5 ET",0.0238505344595725,7.73650596528078,0.412341630171297,0.521857887088182,0.999723251605349,1,"arteriol_scler"
"6586","RXYLT1","Exc L5 ET",-0.0159730616333959,3.98462869512454,0.0508747567895855,0.94234973789248,0.999723251605349,1,"arteriol_scler"
"6587","SRGAP1","Exc L5 ET",0.0856303510087455,5.21786686471231,1.63833983038403,0.202719508468781,0.999723251605349,1,"arteriol_scler"
"6588","XPOT","Exc L5 ET",-0.0366566866033364,5.25360882897545,0.709877129839996,0.767867779632511,0.999723251605349,1,"arteriol_scler"
"6589","TBK1","Exc L5 ET",-0.0515547119500173,5.85501757241732,2.37477144643603,0.182051915114703,0.999723251605349,1,"arteriol_scler"
"6590","GNS","Exc L5 ET",-0.0282425117473614,5.14526006783517,0.38993218450326,0.533374991118871,0.999723251605349,1,"arteriol_scler"
"6591","TBC1D30","Exc L5 ET",-0.0110447677446874,6.04294248946256,0.112219869519587,0.752303178214167,0.999723251605349,1,"arteriol_scler"
"6592","LINC02389","Exc L5 ET",0.00757898817196097,7.90310678654734,0.0389773385196727,0.843786578266513,0.999723251605349,1,"arteriol_scler"
"6593","LINC02231","Exc L5 ET",-0.169717330949382,4.41739918403599,2.94683912296982,0.0883088292585182,0.999723251605349,1,"arteriol_scler"
"6594","LEMD3","Exc L5 ET",0.0264131244053001,5.58097193409931,0.398219824927907,0.529062867412486,0.999723251605349,1,"arteriol_scler"
"6595","MSRB3","Exc L5 ET",0.00251964170765836,5.00526128949319,0.00127878842561906,0.971525730052319,0.999723251605349,1,"arteriol_scler"
"6596","GRIP1","Exc L5 ET",-0.0461817357696755,8.12245691837284,1.21532265820288,0.272216029465026,0.999723251605349,1,"arteriol_scler"
"6597","CAND1","Exc L5 ET",-0.000497434057808485,6.24851255216725,0.000186596185756773,0.989121118256617,0.999723251605349,1,"arteriol_scler"
"6598","MDM1","Exc L5 ET",0.0225646704868681,3.96062657087598,0.12559301887514,0.86920278957387,0.999723251605349,1,"arteriol_scler"
"6599","RAP1B","Exc L5 ET",-0.0110365056443074,5.66810233984733,0.0903703046718636,0.764163253644718,0.999723251605349,1,"arteriol_scler"
"6600","NUP107","Exc L5 ET",-0.0436986909840129,5.26224840301201,0.845310489426155,0.359500539257739,0.999723251605349,1,"arteriol_scler"
"6601","SLC35E3","Exc L5 ET",-0.0932608075415375,6.54840434022569,6.7869981310959,0.0101981258895344,0.999723251605349,1,"arteriol_scler"
"6602","MDM2","Exc L5 ET",0.00568732256186236,5.37429014941097,0.0251547187037991,0.975859559088389,0.999723251605349,1,"arteriol_scler"
"6603","CPSF6","Exc L5 ET",-0.0132622849132115,6.49444854687209,0.210115115782973,0.647404476296292,0.999723251605349,1,"arteriol_scler"
"6604","FRS2","Exc L5 ET",-0.00472024792855001,6.11161970033561,0.0241452635822827,0.876744890060757,0.999723251605349,1,"arteriol_scler"
"6605","CCT2","Exc L5 ET",-0.000160215274205191,5.26403280114982,8.79133259438856e-06,0.997638580234625,0.999723251605349,1,"arteriol_scler"
"6606","RAB3IP","Exc L5 ET",0.00158808243797849,4.40275092909148,0.000351434505377928,0.985070575845357,0.999723251605349,1,"arteriol_scler"
"6607","MYRFL","Exc L5 ET",0.0216824457685348,4.21429904800188,0.0530335859884269,0.818210241573545,0.999723251605349,1,"arteriol_scler"
"6608","AC025159.1","Exc L5 ET",0.0368698309731808,7.29778313540903,0.364713602154124,0.546900063342572,0.999723251605349,1,"arteriol_scler"
"6609","CNOT2","Exc L5 ET",0.0473019309034723,6.80820006707179,2.20880435150986,0.139525791259164,0.999723251605349,1,"arteriol_scler"
"6610","KCNMB4","Exc L5 ET",0.0391167517272839,6.94955780467243,1.46144598377307,0.228785297571476,0.999723251605349,1,"arteriol_scler"
"6611","PTPRB","Exc L5 ET",-0.100485332949309,6.11241740423533,6.09317066953366,0.0148033867679295,0.999723251605349,1,"arteriol_scler"
"6612","PTPRR","Exc L5 ET",0.0170881364843367,7.79626368036177,0.280304594286914,0.597359678364265,0.999723251605349,1,"arteriol_scler"
"6613","ZFC3H1","Exc L5 ET",-0.01825906457561,6.06841357244686,0.303705544640769,0.582467504300134,0.999723251605349,1,"arteriol_scler"
"6614","RAB21","Exc L5 ET",0.0193468965784266,5.43892081284887,0.233010699858607,0.630071845133464,0.999723251605349,1,"arteriol_scler"
"6615","TBC1D15","Exc L5 ET",0.0215344818710036,5.95301747053771,0.425437154608209,0.51533076206644,0.999723251605349,1,"arteriol_scler"
"6616","TRHDE","Exc L5 ET",-0.00371953867224291,3.6439301989301,0.000617096123409523,0.980217649273096,0.999723251605349,1,"arteriol_scler"
"6617","ATXN7L3B","Exc L5 ET",-0.0775997169622007,5.22607877974679,1.43483151607239,0.233048621057579,0.999723251605349,1,"arteriol_scler"
"6618","KCNC2","Exc L5 ET",0.0382541554512316,7.71130853614273,0.600132008544024,0.439864444283441,0.999723251605349,1,"arteriol_scler"
"6619","CAPS2","Exc L5 ET",0.0140486669712542,6.96428049431831,0.161827247972904,0.688107556657836,0.999723251605349,1,"arteriol_scler"
"6620","GLIPR1L2","Exc L5 ET",0.0142996032942818,3.88498874628158,0.0213171188780769,0.884133265712286,0.999723251605349,1,"arteriol_scler"
"6621","KRR1","Exc L5 ET",0.0544001392347464,5.40521239915011,1.53358502807783,0.217695866503135,0.999723251605349,1,"arteriol_scler"
"6622","AC078923.1","Exc L5 ET",0.104556456662933,4.32021553521412,1.0110941081926,0.316415976207665,0.999723251605349,1,"arteriol_scler"
"6623","PHLDA1","Exc L5 ET",0.0280707059515673,4.54246879274757,0.196851572513176,0.657975139531659,0.999723251605349,1,"arteriol_scler"
"6624","NAP1L1","Exc L5 ET",0.0315810561466622,8.2028361275019,1.6055040204277,0.207277588799984,0.999723251605349,1,"arteriol_scler"
"6625","OSBPL8","Exc L5 ET",0.0139477490057467,8.23692755541972,0.292478428120417,0.589516077276122,0.999723251605349,1,"arteriol_scler"
"6626","ZDHHC17","Exc L5 ET",-0.00851750936651237,6.72403312233959,0.114508711108391,0.735587027244799,0.999723251605349,1,"arteriol_scler"
"6627","CSRP2","Exc L5 ET",-0.128565737479419,4.19328624905578,2.06430648333072,0.15306640268562,0.999723251605349,1,"arteriol_scler"
"6628","NAV3","Exc L5 ET",0.0430640921183702,10.6237317320888,1.88688030363856,0.171800838609893,0.999723251605349,1,"arteriol_scler"
"6629","LINC02424","Exc L5 ET",-0.153628361677063,4.94100935626805,1.15173250266909,0.285076026186607,0.999723251605349,1,"arteriol_scler"
"6630","AC128707.1","Exc L5 ET",-0.120965598310038,3.88426159922624,1.21322156115189,0.272629051587373,0.999723251605349,1,"arteriol_scler"
"6631","SYT1","Exc L5 ET",0.0390264929543415,11.5940357552296,2.94458094313101,0.0884295523560334,0.999723251605349,1,"arteriol_scler"
"6632","AC090709.1","Exc L5 ET",-0.139896642203424,5.73092266962266,2.76739498731817,0.0984916011347432,0.999723251605349,1,"arteriol_scler"
"6633","AC027288.3","Exc L5 ET",-0.0607078276121593,6.09664981189245,0.466898493247145,0.495573012606028,0.999723251605349,1,"arteriol_scler"
"6634","PPP1R12A","Exc L5 ET",0.0105522013238488,8.31687928582662,0.213186053877985,0.645014896042281,0.999723251605349,1,"arteriol_scler"
"6635","OTOGL","Exc L5 ET",-0.154022348695877,6.26469079736837,2.27040237506344,0.134171175647053,0.999723251605349,1,"arteriol_scler"
"6636","PTPRQ","Exc L5 ET",-0.0431159368219363,3.88293137128012,0.229188050281683,0.632890742088524,0.999723251605349,1,"arteriol_scler"
"6637","LIN7A","Exc L5 ET",-0.00838792571747053,6.27759330559014,0.035793317902612,0.850223325340454,0.999723251605349,1,"arteriol_scler"
"6638","PPFIA2","Exc L5 ET",0.00478199253129888,9.28850975827573,0.026842148913079,0.870102240869837,0.999723251605349,1,"arteriol_scler"
"6639","AC069228.1","Exc L5 ET",-0.187787609511788,5.20715605788199,3.35766721550991,0.0690671913422198,0.999723251605349,1,"arteriol_scler"
"6640","CCDC59","Exc L5 ET",-0.0696445811113108,5.32964969540529,1.11950953252732,0.291888661458247,0.999723251605349,1,"arteriol_scler"
"6641","METTL25","Exc L5 ET",-0.0277718115962465,5.8931615869066,0.424359985565027,0.5158622114545,0.999723251605349,1,"arteriol_scler"
"6642","TMTC2","Exc L5 ET",-0.0141729179454481,8.77388902152746,0.09891716737679,0.753612081111301,0.999723251605349,1,"arteriol_scler"
"6643","SLC6A15","Exc L5 ET",0.0115936879440576,5.99394651221464,0.0874782289634786,0.767856317085575,0.999723251605349,1,"arteriol_scler"
"6644","LRRIQ1","Exc L5 ET",-0.0764480104261455,5.09115643613549,0.846932716078632,0.359041335165621,0.999723251605349,1,"arteriol_scler"
"6645","MGAT4C","Exc L5 ET",-0.0522037441814763,6.5973722941385,0.29570746226609,0.587471094678839,0.999723251605349,1,"arteriol_scler"
"6646","C12orf29","Exc L5 ET",-0.0822722547302588,4.93267658293322,1.94678218824395,0.165194749987324,0.999723251605349,1,"arteriol_scler"
"6647","CEP290","Exc L5 ET",0.0110597605056027,7.14106785267528,0.119755816523085,0.729831069236777,0.999723251605349,1,"arteriol_scler"
"6648","TMTC3","Exc L5 ET",0.0410182331995495,5.9781306236486,1.32069060900753,0.514664839563333,0.999723251605349,1,"arteriol_scler"
"6649","KITLG","Exc L5 ET",0.0235716749570919,4.18960240152314,0.0830080701258691,0.773697616266984,0.999723251605349,1,"arteriol_scler"
"6650","DUSP6","Exc L5 ET",-0.143265113588538,4.18314975231467,1.57870647223495,0.211088241119806,0.999723251605349,1,"arteriol_scler"
"6651","POC1B","Exc L5 ET",-0.0368435906355363,5.64521437459871,0.710338575322039,0.40080245805248,0.999723251605349,1,"arteriol_scler"
"6652","POC1B-AS1","Exc L5 ET",0.0281619048231206,4.6273188175016,0.231535409921242,0.631156351381588,0.999723251605349,1,"arteriol_scler"
"6653","ATP2B1","Exc L5 ET",0.0126571329117973,9.47225532536216,0.383340269180586,0.536850597801852,0.999723251605349,1,"arteriol_scler"
"6654","ATP2B1-AS1","Exc L5 ET",0.00308366704984803,5.1388431868318,0.00196125288424692,0.964740974988906,0.999723251605349,1,"arteriol_scler"
"6655","DCN","Exc L5 ET",0.00543843428206649,3.4435293127892,0.000801978535098718,0.977448814270185,0.999723251605349,1,"arteriol_scler"
"6656","BTG1","Exc L5 ET",0.0763996242834252,4.33114203453958,0.85054265885207,0.358022378225087,0.999723251605349,1,"arteriol_scler"
"6657","EEA1","Exc L5 ET",-0.0390772491244697,6.3466811503394,1.51312944372532,0.503829375405097,0.999723251605349,1,"arteriol_scler"
"6658","AC138123.1","Exc L5 ET",-0.0910639051601479,4.14011686754851,0.750728438178048,0.387762675855401,0.999723251605349,1,"arteriol_scler"
"6659","NUDT4","Exc L5 ET",0.0281115077333948,5.13981369126566,0.260314248521798,0.610726499156668,0.999723251605349,1,"arteriol_scler"
"6660","UBE2N","Exc L5 ET",-0.0483348562865252,5.85332331054572,0.97597117383036,0.324939429112786,0.999723251605349,1,"arteriol_scler"
"6661","MRPL42","Exc L5 ET",0.0496688356708422,5.08317781404084,1.06013276924497,0.305001724100804,0.999723251605349,1,"arteriol_scler"
"6662","CRADD","Exc L5 ET",0.0349918243417552,6.73431281180071,0.635074848644157,0.426880706329532,0.999723251605349,1,"arteriol_scler"
"6663","PLXNC1","Exc L5 ET",-0.153483282988137,4.88089035712645,6.88534751613693,0.00967766303002975,0.999723251605349,1,"arteriol_scler"
"6664","CEP83","Exc L5 ET",-0.0533293095596798,5.56565129751228,1.4029085617982,0.23829076351877,0.999723251605349,1,"arteriol_scler"
"6665","NDUFA12","Exc L5 ET",-0.0555246362063032,5.55918605732786,0.686455385460918,0.40881570777268,0.999723251605349,1,"arteriol_scler"
"6666","NR2C1","Exc L5 ET",-0.00436747446473809,6.12289371156867,0.0167184523425376,0.897310282093829,0.999723251605349,1,"arteriol_scler"
"6667","FGD6","Exc L5 ET",-0.0382943011760909,5.27586990797289,0.604828633555761,0.438084369168226,0.999723251605349,1,"arteriol_scler"
"6668","VEZT","Exc L5 ET",-0.0209084835906783,7.27614278609401,0.627314701019346,0.429713151086813,0.999723251605349,1,"arteriol_scler"
"6669","METAP2","Exc L5 ET",-0.0582710277811599,5.72019089960073,2.72313174336871,0.101197726921489,0.999723251605349,1,"arteriol_scler"
"6670","USP44","Exc L5 ET",-0.0355921178051462,3.99620280799497,0.212734140357358,0.645365226006743,0.999723251605349,1,"arteriol_scler"
"6671","NTN4","Exc L5 ET",-0.0868474421625649,3.85727640181219,0.74158331763699,0.390660873846893,0.999723251605349,1,"arteriol_scler"
"6672","SNRPF","Exc L5 ET",0.0185955464385778,4.4199333140368,0.0803207897780011,0.777291558039811,0.999723251605349,1,"arteriol_scler"
"6673","LTA4H","Exc L5 ET",0.00662950426303573,4.80342732520371,0.0170726808097733,0.896234252578003,0.999723251605349,1,"arteriol_scler"
"6674","CDK17","Exc L5 ET",0.00347042466382192,6.75645261012923,0.017553381836146,0.894792041437985,0.999723251605349,1,"arteriol_scler"
"6675","CFAP54","Exc L5 ET",0.03644888746364,6.07286687568469,0.497119376430892,0.481967207589246,0.999723251605349,1,"arteriol_scler"
"6676","SLC25A3","Exc L5 ET",-0.010921784206123,6.45281498682083,0.0251212984034362,0.874298900095485,0.999723251605349,1,"arteriol_scler"
"6677","APAF1","Exc L5 ET",-0.0277637886857568,4.11258173297467,0.211734101121296,0.646142079874425,0.999723251605349,1,"arteriol_scler"
"6678","ANKS1B","Exc L5 ET",0.0204541272671345,11.5415227687653,0.584088710865331,0.44603023009173,0.999723251605349,1,"arteriol_scler"
"6679","AC069437.1","Exc L5 ET",-0.157304040564292,5.65963566089418,4.01254145456289,0.0471386107666832,0.999723251605349,1,"arteriol_scler"
"6680","UHRF1BP1L","Exc L5 ET",0.0263464938709083,6.61858429359339,0.96158837636314,0.328517874893045,0.999723251605349,1,"arteriol_scler"
"6681","ACTR6","Exc L5 ET",0.014618296410958,5.01646215478533,0.0882495470350936,0.766864952946737,0.999723251605349,1,"arteriol_scler"
"6682","SCYL2","Exc L5 ET",-0.0380372781812656,5.90972314383661,0.998819745126527,0.319360604840788,0.999723251605349,1,"arteriol_scler"
"6683","ANO4","Exc L5 ET",-0.0281516472380267,8.55761274860711,0.71700705519622,0.398606132876302,0.999723251605349,1,"arteriol_scler"
"6684","SLC5A8","Exc L5 ET",-0.0199781638936535,6.62963080764919,0.276624801695762,0.599773525234046,0.999723251605349,1,"arteriol_scler"
"6685","UTP20","Exc L5 ET",-0.0159631447492549,4.72579539988398,0.0859936350120506,0.769777915986658,0.999723251605349,1,"arteriol_scler"
"6686","ARL1","Exc L5 ET",-0.0820175762992156,4.86820015163628,1.80703762897335,0.18108873533364,0.999723251605349,1,"arteriol_scler"
"6687","MYBPC1","Exc L5 ET",0.235692673424198,3.81586869119292,6.47857275851959,0.0120271877260413,0.999723251605349,1,"arteriol_scler"
"6688","CHPT1","Exc L5 ET",-0.0147750228119616,7.84880509780329,0.315735214812668,0.575101350718054,0.999723251605349,1,"arteriol_scler"
"6689","SYCP3","Exc L5 ET",-0.239539895552134,3.63504110320603,4.36342528362271,0.0385710500360349,0.999723251605349,1,"arteriol_scler"
"6690","GNPTAB","Exc L5 ET",-0.0126607537225346,6.61674628712329,0.185171687323315,0.667643022208702,0.999723251605349,1,"arteriol_scler"
"6691","WASHC3","Exc L5 ET",0.0194043462451615,4.57210118111625,0.135304972422737,0.713562303921035,0.999723251605349,1,"arteriol_scler"
"6692","NT5DC3","Exc L5 ET",-0.0358849965568081,5.121546831105,0.476001485269149,0.491407726855642,0.999723251605349,1,"arteriol_scler"
"6693","HSP90B1","Exc L5 ET",-0.0453579681485802,5.5562344101304,0.651081258324154,0.421126863120099,0.999723251605349,1,"arteriol_scler"
"6694","C12orf73","Exc L5 ET",-0.0236315550658662,4.0782788680546,0.151075985190897,0.959202032258614,0.999723251605349,1,"arteriol_scler"
"6695","TDG","Exc L5 ET",-0.0645136136538181,5.43166623099975,1.76850472219938,0.185780093850272,0.999723251605349,1,"arteriol_scler"
"6696","HCFC2","Exc L5 ET",0.00669679349890822,5.03525976598979,0.0229291114734436,0.87986461258594,0.999723251605349,1,"arteriol_scler"
"6697","TXNRD1","Exc L5 ET",-0.0256134153347883,6.42450177545426,0.279198699047271,0.59808297353671,0.999723251605349,1,"arteriol_scler"
"6698","CHST11","Exc L5 ET",-0.0267732160713501,6.90533896209649,0.270074527245555,0.604121577939138,0.999723251605349,1,"arteriol_scler"
"6699","SLC41A2","Exc L5 ET",-0.049037135037911,7.11089605300747,2.21444221257737,0.13902577295102,0.999723251605349,1,"arteriol_scler"
"6700","C12orf45","Exc L5 ET",-0.078894948286646,5.20026510221156,2.76778987248777,0.0984678212274832,0.999723251605349,1,"arteriol_scler"
"6701","ALDH1L2","Exc L5 ET",0.0142615794747193,5.39922885451609,0.0717757532087753,0.789172110281524,0.999723251605349,1,"arteriol_scler"
"6702","WASHC4","Exc L5 ET",0.0206633808420707,5.51792505293978,0.272374051913837,0.602587582443363,0.999723251605349,1,"arteriol_scler"
"6703","APPL2","Exc L5 ET",-0.0218892633399218,6.17669213335034,0.417199525506545,0.519419650753586,0.999723251605349,1,"arteriol_scler"
"6704","NUAK1","Exc L5 ET",-0.0441750282366473,6.85674912904174,1.81944995687946,0.179607138035464,0.999723251605349,1,"arteriol_scler"
"6705","CKAP4","Exc L5 ET",-0.0456577087634378,4.21336022251339,0.379014906307308,0.53915371961613,0.999723251605349,1,"arteriol_scler"
"6706","POLR3B","Exc L5 ET",0.0220409663276577,4.92936209155586,0.174612357017937,0.676699870929476,0.999723251605349,1,"arteriol_scler"
"6707","AC079385.1","Exc L5 ET",0.00245809237833719,5.66675777334699,0.00183431032187744,0.965900409831656,0.999723251605349,1,"arteriol_scler"
"6708","RFX4","Exc L5 ET",-0.128558493916845,3.78667914774338,1.28854538277073,0.258300954370906,0.999723251605349,1,"arteriol_scler"
"6709","RIC8B","Exc L5 ET",0.0064051943651472,6.53480493000843,0.0365103979927685,0.848748577739823,0.999723251605349,1,"arteriol_scler"
"6710","MTERF2","Exc L5 ET",-0.0543042610582793,4.28797653030579,0.86007094624634,0.355352012388898,0.999723251605349,1,"arteriol_scler"
"6711","CRY1","Exc L5 ET",-0.0488702407774608,4.18460474186918,0.36210668085116,0.548334435556895,0.999723251605349,1,"arteriol_scler"
"6712","BTBD11","Exc L5 ET",-0.0468937447602414,3.94467360975373,0.17220082457581,0.678813232360803,0.999723251605349,1,"arteriol_scler"
"6713","PWP1","Exc L5 ET",0.000580749149185824,4.99191080566264,0.000190187414071669,0.989016936367628,0.999723251605349,1,"arteriol_scler"
"6714","PRDM4","Exc L5 ET",0.0602101706016824,4.43850885378535,1.3027021982022,0.266552580228093,0.999723251605349,1,"arteriol_scler"
"6715","WSCD2","Exc L5 ET",-0.0374186146813772,5.79649165806341,0.849694887928322,0.358261313529618,0.999723251605349,1,"arteriol_scler"
"6716","SART3","Exc L5 ET",-0.0351067271147832,5.18401926017412,0.8071409552429,0.37054527046308,0.999723251605349,1,"arteriol_scler"
"6717","ISCU","Exc L5 ET",-0.0247379921528702,7.01106810700622,0.0861239767640765,0.769608488328285,0.999723251605349,1,"arteriol_scler"
"6718","CORO1C","Exc L5 ET",0.0698345023166101,6.10340941496077,4.02762057698386,0.0467314948273377,0.999723251605349,1,"arteriol_scler"
"6719","SSH1","Exc L5 ET",0.0243663085944966,5.95115171197528,0.409742591946723,0.523170729050303,0.999723251605349,1,"arteriol_scler"
"6720","SVOP","Exc L5 ET",-0.0348544182382827,6.7794738723791,0.812846291923407,0.368864505156764,0.999723251605349,1,"arteriol_scler"
"6721","USP30","Exc L5 ET",-0.0151499135030981,4.9711454167333,0.121752074781853,0.727678360971337,0.999723251605349,1,"arteriol_scler"
"6722","ACACB","Exc L5 ET",0.0245397338215973,4.83271275991682,0.192118342835548,0.661850658792897,0.999723251605349,1,"arteriol_scler"
"6723","KCTD10","Exc L5 ET",-0.0568737765522017,4.24677562291234,0.923932433316452,0.487760271771727,0.999723251605349,1,"arteriol_scler"
"6724","UBE3B","Exc L5 ET",0.0222559739773892,5.57937202183648,0.389751073057043,0.533469935169455,0.999723251605349,1,"arteriol_scler"
"6725","MMAB","Exc L5 ET",0.00459597880215963,4.24365558727418,0.00533817295675017,0.994247812282953,0.999723251605349,1,"arteriol_scler"
"6726","TCHP","Exc L5 ET",-0.0854806275698754,5.079569385203,2.28161620482512,0.133221579594086,0.999723251605349,1,"arteriol_scler"
"6727","GIT2","Exc L5 ET",-0.0225817181596778,6.73008742529646,0.430776737995356,0.512710437745455,0.999723251605349,1,"arteriol_scler"
"6728","ANKRD13A","Exc L5 ET",0.0569214323943486,5.13926753417298,1.32992832391709,0.250828757359952,0.999723251605349,1,"arteriol_scler"
"6729","C12orf76","Exc L5 ET",0.0280224028942204,5.67595978258167,0.33552003823955,0.563379138889543,0.999723251605349,1,"arteriol_scler"
"6730","IFT81","Exc L5 ET",-0.0800378752038656,5.72664947567618,4.86728004320373,0.0290389139725548,0.999723251605349,1,"arteriol_scler"
"6731","ATP2A2","Exc L5 ET",0.0145635552677131,7.5722373662611,0.215112386540334,0.643526612725681,0.999723251605349,1,"arteriol_scler"
"6732","ANAPC7","Exc L5 ET",-0.0160513822093294,5.29182574483704,0.133897946059324,0.71498944846814,0.999723251605349,1,"arteriol_scler"
"6733","ARPC3","Exc L5 ET",0.0291786736542899,5.35506103664493,0.360839363859215,0.54903428027099,0.999723251605349,1,"arteriol_scler"
"6734","FAM216A","Exc L5 ET",0.00869969590229694,5.13890401936485,0.0414521012933453,0.838970258482674,0.999723251605349,1,"arteriol_scler"
"6735","VPS29","Exc L5 ET",0.0220555376333927,5.77027957600844,0.189214377050054,0.664256673456809,0.999723251605349,1,"arteriol_scler"
"6736","PPTC7","Exc L5 ET",0.0296183035121929,4.91760567906466,0.301104598515589,0.584085141562169,0.999723251605349,1,"arteriol_scler"
"6737","TCTN1","Exc L5 ET",-0.035257159590254,4.73130826343375,0.351222145320192,0.554400394070161,0.999723251605349,1,"arteriol_scler"
"6738","PPP1CC","Exc L5 ET",0.0321615585934886,4.82953243017584,0.322640170810601,0.570956334415306,0.999723251605349,1,"arteriol_scler"
"6739","CUX2","Exc L5 ET",0.0540411307047922,3.58283496144605,0.11526897963639,0.734744031062033,0.999723251605349,1,"arteriol_scler"
"6740","SH2B3","Exc L5 ET",0.0256881181206572,4.30118486746287,0.209947909735463,0.679213883446527,0.999723251605349,1,"arteriol_scler"
"6741","ATXN2","Exc L5 ET",0.0219959079970152,7.50474533144676,0.853747480655528,0.388323101864986,0.999723251605349,1,"arteriol_scler"
"6742","BRAP","Exc L5 ET",-0.0887602439700916,5.33458030537026,5.43535615035937,0.0211938180274575,0.999723251605349,1,"arteriol_scler"
"6743","ACAD10","Exc L5 ET",-0.0470873348030281,4.44931272204749,0.551912719011692,0.458810933705251,0.999723251605349,1,"arteriol_scler"
"6744","ALDH2","Exc L5 ET",0.0695463381540534,4.02397023883453,0.731463061694078,0.393904629875857,0.999723251605349,1,"arteriol_scler"
"6745","MAPKAPK5-AS1","Exc L5 ET",-0.0830466818720689,4.2703666323301,1.09635485905225,0.296913757937184,0.999723251605349,1,"arteriol_scler"
"6746","MAPKAPK5","Exc L5 ET",0.0413477157928759,5.2112217687758,1.02808455561917,0.414216950351026,0.999723251605349,1,"arteriol_scler"
"6747","TMEM116","Exc L5 ET",-0.0220785319754068,4.85698311214535,0.226193540789987,0.635119227376611,0.999723251605349,1,"arteriol_scler"
"6748","ERP29","Exc L5 ET",-0.0126702593717891,4.88195635448067,0.0288133194208618,0.865461525750103,0.999723251605349,1,"arteriol_scler"
"6749","NAA25","Exc L5 ET",-0.0132510993012733,6.6737275640304,0.138534377916997,0.710318307571797,0.999723251605349,1,"arteriol_scler"
"6750","HECTD4","Exc L5 ET",0.0158754675108893,7.99640921954679,0.404184842171085,0.525997926578729,0.999723251605349,1,"arteriol_scler"
"6751","RPL6","Exc L5 ET",-0.0247571933573539,5.59101140113569,0.109544613972922,0.741169553411284,0.999723251605349,1,"arteriol_scler"
"6752","PTPN11","Exc L5 ET",-0.0259317933034248,6.29528120696652,0.716021791491238,0.398929532231892,0.999723251605349,1,"arteriol_scler"
"6753","RPH3A","Exc L5 ET",0.00630794095146354,6.27960290343348,0.0155114115617289,0.901066722636587,0.999723251605349,1,"arteriol_scler"
"6754","DTX1","Exc L5 ET",-0.0146312000614547,4.3384604151735,0.065807209089786,0.797927619339717,0.999723251605349,1,"arteriol_scler"
"6755","TPCN1","Exc L5 ET",0.00419168274611129,5.77331554308119,0.0113890989721957,0.915167664664476,0.999723251605349,1,"arteriol_scler"
"6756","SLC8B1","Exc L5 ET",-0.00697100681069537,4.8879146667459,0.0111346396253829,0.916117117455136,0.999723251605349,1,"arteriol_scler"
"6757","PLBD2","Exc L5 ET",0.0210590888157121,4.98327879797885,0.158939852136581,0.690755977235191,0.999723251605349,1,"arteriol_scler"
"6758","RBM19","Exc L5 ET",-0.0282834585016808,4.8138307110714,0.271896485188096,0.602905483485968,0.999723251605349,1,"arteriol_scler"
"6759","MED13L","Exc L5 ET",0.015785469873071,8.30019705827334,0.290937829460696,0.590496906768308,0.999723251605349,1,"arteriol_scler"
"6760","MAP1LC3B2","Exc L5 ET",-0.0334613857409007,3.50034794614963,0.0853669053877355,0.770594539170605,0.999723251605349,1,"arteriol_scler"
"6761","C12orf49","Exc L5 ET",-0.00157429052436717,4.24950433973904,0.000484105437953011,0.982478101324969,0.999723251605349,1,"arteriol_scler"
"6762","RNFT2","Exc L5 ET",-0.0257895067549018,5.70048272700881,0.4333919268327,0.511435546420975,0.999723251605349,1,"arteriol_scler"
"6763","HRK","Exc L5 ET",0.137980475440103,4.44050552405626,2.3538719304501,0.127281546307939,0.999723251605349,1,"arteriol_scler"
"6764","FBXW8","Exc L5 ET",-0.00175945463991547,5.6088748731879,0.001347980301012,0.970765883155184,0.999723251605349,1,"arteriol_scler"
"6765","TESC","Exc L5 ET",0.0828672155712699,3.97172839442193,1.1750580328526,0.280270977229651,0.999723251605349,1,"arteriol_scler"
"6766","FBXO21","Exc L5 ET",-0.00800518559678945,6.14371904724694,0.0624917849718819,0.802975027287164,0.999723251605349,1,"arteriol_scler"
"6767","KSR2","Exc L5 ET",0.0111670767272484,9.15181119941969,0.141094640065614,0.707776965199393,0.999723251605349,1,"arteriol_scler"
"6768","RFC5","Exc L5 ET",-0.0217395118741675,4.36812962313302,0.161609713127549,0.812899041296347,0.999723251605349,1,"arteriol_scler"
"6769","WSB2","Exc L5 ET",0.0517346130515596,5.87670436760621,1.06599878033681,0.303672648058402,0.999723251605349,1,"arteriol_scler"
"6770","VSIG10","Exc L5 ET",-0.0207220797236219,4.90500519396122,0.161132212930801,0.68874254260143,0.999723251605349,1,"arteriol_scler"
"6771","PEBP1","Exc L5 ET",0.0264375300209115,8.22507088962991,0.102944875004025,0.748813461839415,0.999723251605349,1,"arteriol_scler"
"6772","TAOK3","Exc L5 ET",0.0212940716996613,7.43042708087502,0.525733530061635,0.469644429889909,0.999723251605349,1,"arteriol_scler"
"6773","SUDS3","Exc L5 ET",-0.0042894716999206,5.04005791093141,0.00740634488634425,0.93154444193167,0.999723251605349,1,"arteriol_scler"
"6774","SRRM4","Exc L5 ET",-0.00412346570850767,8.75570301699114,0.013387442091413,0.908056699432153,0.999723251605349,1,"arteriol_scler"
"6775","AC002070.1","Exc L5 ET",0.0506580515023166,5.05005217300407,0.471901474693471,0.493276452676258,0.999723251605349,1,"arteriol_scler"
"6776","CIT","Exc L5 ET",0.0454510181039618,7.6798397329559,2.38327833088,0.124949867567851,0.999723251605349,1,"arteriol_scler"
"6777","BICDL1","Exc L5 ET",-0.018868019496209,7.10272175084002,0.315553359530378,0.575211322356497,0.999723251605349,1,"arteriol_scler"
"6778","RAB35","Exc L5 ET",0.0211760072510497,4.3760614080503,0.125816230520649,0.723356143527347,0.999723251605349,1,"arteriol_scler"
"6779","GCN1","Exc L5 ET",-0.0169708921744299,4.71391425188545,0.13258760468331,0.716326197700522,0.999723251605349,1,"arteriol_scler"
"6780","RPLP0","Exc L5 ET",-0.077392298940913,4.46353446194252,0.797980503657868,0.373266484779863,0.999723251605349,1,"arteriol_scler"
"6781","SRSF9","Exc L5 ET",0.0219945183327949,5.16233118984697,0.0932541291742689,0.760544378725439,0.999723251605349,1,"arteriol_scler"
"6782","DYNLL1","Exc L5 ET",0.00371134017210036,7.99328424277518,0.00213614608185512,0.963203524051427,0.999723251605349,1,"arteriol_scler"
"6783","RNF10","Exc L5 ET",-0.0154894643886972,5.88537897369294,0.187771179137825,0.665460584620948,0.999723251605349,1,"arteriol_scler"
"6784","POP5","Exc L5 ET",-0.0233497223140857,3.83459344514415,0.0889483091381529,0.765970908464057,0.999723251605349,1,"arteriol_scler"
"6785","AC125616.1","Exc L5 ET",-0.00799834825630023,4.67142511869133,0.0206044588443883,0.900178230661723,0.999723251605349,1,"arteriol_scler"
"6786","CABP1","Exc L5 ET",-0.0230447979612416,9.76716004227768,0.441718018832937,0.507413079879588,0.999723251605349,1,"arteriol_scler"
"6787","MLEC","Exc L5 ET",-0.0823041111230398,5.3979286390664,2.58818297703699,0.109968936446497,0.999723251605349,1,"arteriol_scler"
"6788","SPPL3","Exc L5 ET",0.00598731527014867,6.94329289242167,0.0513613999923416,0.821049307410981,0.999723251605349,1,"arteriol_scler"
"6789","C12orf43","Exc L5 ET",-0.0588558900765075,4.42202575300891,0.860809316540945,0.355146228257729,0.999723251605349,1,"arteriol_scler"
"6790","P2RX7","Exc L5 ET",0.0268185827548135,5.83877966264362,0.298719942013384,0.585576276395589,0.999723251605349,1,"arteriol_scler"
"6791","CAMKK2","Exc L5 ET",-0.0223315331487559,6.88542925642507,0.408008553952488,0.524049909556219,0.999723251605349,1,"arteriol_scler"
"6792","ANAPC5","Exc L5 ET",0.0135134645448662,6.56091927010956,0.223879192646053,0.636853980731276,0.999723251605349,1,"arteriol_scler"
"6793","RNF34","Exc L5 ET",-0.0410718601128637,6.01935482926866,1.20639595272273,0.273976266353325,0.999723251605349,1,"arteriol_scler"
"6794","KDM2B","Exc L5 ET",-0.047604689316755,5.99152257103414,1.44965029539776,0.230663022988984,0.999723251605349,1,"arteriol_scler"
"6795","TMEM120B","Exc L5 ET",-0.00623771888314507,6.03551220353654,0.0167368776875538,0.897254027787255,0.999723251605349,1,"arteriol_scler"
"6796","WDR66","Exc L5 ET",-0.04383868709287,4.2824262477641,0.39383852801953,0.531334602524982,0.999723251605349,1,"arteriol_scler"
"6797","BCL7A","Exc L5 ET",-0.044896230663195,4.86135264165427,0.76431781404791,0.383512703248943,0.999723251605349,1,"arteriol_scler"
"6798","MLXIP","Exc L5 ET",0.0248520249150199,5.52806042144145,0.281967201163703,0.596275707822731,0.999723251605349,1,"arteriol_scler"
"6799","CLIP1","Exc L5 ET",0.00905340032260133,8.07142561672715,0.117167337901506,0.732652561897002,0.999723251605349,1,"arteriol_scler"
"6800","ZCCHC8","Exc L5 ET",0.00863986472828552,5.251455417197,0.0449544802760774,0.832403295845597,0.999723251605349,1,"arteriol_scler"
"6801","RSRC2","Exc L5 ET",-0.0117515650663182,5.78994917496371,0.085810071293456,0.77001676218584,0.999723251605349,1,"arteriol_scler"
"6802","DENR","Exc L5 ET",0.0101491768475176,5.8022990084836,0.094319522774306,0.759222930546839,0.999723251605349,1,"arteriol_scler"
"6803","CCDC62","Exc L5 ET",-0.0419502368779078,4.53579725756744,0.439253912111223,0.508597800282307,0.999723251605349,1,"arteriol_scler"
"6804","HIP1R","Exc L5 ET",0.0341570102103352,5.29132629383385,0.562719717028971,0.454454594983199,0.999723251605349,1,"arteriol_scler"
"6805","VPS37B","Exc L5 ET",-0.00521839864889963,5.10551088546182,0.0116541763910157,0.914189933906923,0.999723251605349,1,"arteriol_scler"
"6806","ABCB9","Exc L5 ET",-0.020104914820758,6.49986086551801,0.275742709665886,0.600355201688466,0.999723251605349,1,"arteriol_scler"
"6807","ARL6IP4","Exc L5 ET",-0.00609570020629049,5.64671364878438,0.011986764357478,0.912978970456968,0.999723251605349,1,"arteriol_scler"
"6808","PITPNM2","Exc L5 ET",0.0168365028450643,5.83955511347334,0.147646999511075,0.701390756052755,0.999723251605349,1,"arteriol_scler"
"6809","MPHOSPH9","Exc L5 ET",-0.0233744856542515,6.91222956138145,0.648713416302023,0.421970642225772,0.999723251605349,1,"arteriol_scler"
"6810","C12orf65","Exc L5 ET",0.0293183134101503,4.79620060728481,0.388816734741606,0.533960231502677,0.999723251605349,1,"arteriol_scler"
"6811","SBNO1","Exc L5 ET",0.028149706194057,6.33353695444512,0.850023336889545,0.358168717479516,0.999723251605349,1,"arteriol_scler"
"6812","KMT5A","Exc L5 ET",0.0998912613698681,4.38848385276162,3.3658543393364,0.0687333645909406,0.999723251605349,1,"arteriol_scler"
"6813","SNRNP35","Exc L5 ET",-0.0715911276079345,4.06709759639235,1.18576633370091,0.278099609219329,0.999723251605349,1,"arteriol_scler"
"6814","RILPL1","Exc L5 ET",-0.00328779756548298,5.33252829285988,0.00556025778545361,0.940668040332593,0.999723251605349,1,"arteriol_scler"
"6815","TMED2","Exc L5 ET",-0.0146805189250926,4.6908604248938,0.0520954948084454,0.81979704859774,0.999723251605349,1,"arteriol_scler"
"6816","DDX55","Exc L5 ET",0.0187538175962944,4.52376052347051,0.116895220601399,0.7329511922271,0.999723251605349,1,"arteriol_scler"
"6817","EIF2B1","Exc L5 ET",-0.0119581970337483,5.02510174519663,0.0625701614357341,0.848148147200708,0.999723251605349,1,"arteriol_scler"
"6818","GTF2H3","Exc L5 ET",-0.116503870394729,5.4105007363289,10.3353325758085,0.00162833292625468,0.999723251605349,0.818364304496965,"arteriol_scler"
"6819","TCTN2","Exc L5 ET",0.0617579482609254,4.57092401073806,1.28133588687634,0.313497010527591,0.999723251605349,1,"arteriol_scler"
"6820","ATP6V0A2","Exc L5 ET",-0.0226345620720998,5.57460461019181,0.231110200809881,0.631469719162759,0.999723251605349,1,"arteriol_scler"
"6821","DNAH10","Exc L5 ET",-0.0233115964111204,4.2022149683562,0.0930541653696012,0.760793320488024,0.999723251605349,1,"arteriol_scler"
"6822","CCDC92","Exc L5 ET",0.0413526570476849,7.80395123205992,3.165738293592,0.0774188151148714,0.999723251605349,1,"arteriol_scler"
"6823","RFLNA","Exc L5 ET",-0.076095903754168,5.44997353889747,1.27640118569004,0.260546126461845,0.999723251605349,1,"arteriol_scler"
"6824","NCOR2","Exc L5 ET",-0.0133257854350457,7.10614054401823,0.153403196049987,0.695913504010903,0.999723251605349,1,"arteriol_scler"
"6825","SCARB1","Exc L5 ET",0.0551285898070391,5.32296507993215,1.2080773435855,0.273643619780494,0.999723251605349,1,"arteriol_scler"
"6826","UBC","Exc L5 ET",0.0387360294228262,7.0424635032355,0.224737389459618,0.636209429884243,0.999723251605349,1,"arteriol_scler"
"6827","BRI3BP","Exc L5 ET",7.53263092972832e-05,5.92223979735506,1.77264956520312e-06,0.998939629114883,0.999723251605349,1,"arteriol_scler"
"6828","AACS","Exc L5 ET",0.0238241616930711,7.19148692833272,0.650355510375562,0.421385213260084,0.999723251605349,1,"arteriol_scler"
"6829","TMEM132B","Exc L5 ET",-0.0113523295699654,9.62946291780057,0.115635397867127,0.734338849287809,0.999723251605349,1,"arteriol_scler"
"6830","LINC02347","Exc L5 ET",-0.182045626534231,4.54903067399661,5.22174759298198,0.0238442178322813,0.999723251605349,1,"arteriol_scler"
"6831","LINC00943","Exc L5 ET",0.0479690207021786,4.08839098176086,0.17529286162448,0.676106612574936,0.999723251605349,1,"arteriol_scler"
"6832","TMEM132C","Exc L5 ET",-0.0238640470759195,7.09466032805327,0.188213982387682,0.66509061608407,0.999723251605349,1,"arteriol_scler"
"6833","SLC15A4","Exc L5 ET",-0.00396821559784473,5.2384578500613,0.00761630597136891,0.930583350463967,0.999723251605349,1,"arteriol_scler"
"6834","GLT1D1","Exc L5 ET",0.022789617593579,5.98092206273323,0.35179624176749,0.554077288467301,0.999723251605349,1,"arteriol_scler"
"6835","TMEM132D","Exc L5 ET",-0.00787273417948229,9.15768706616094,0.0403289727981246,0.841136975616911,0.999723251605349,1,"arteriol_scler"
"6836","RIMBP2","Exc L5 ET",0.00291770257531769,7.19228962449884,0.00559171943910663,0.940500731877627,0.999723251605349,1,"arteriol_scler"
"6837","STX2","Exc L5 ET",0.0403342582698454,5.0716415166946,0.836934485479261,0.372387297618865,0.999723251605349,1,"arteriol_scler"
"6838","RAN","Exc L5 ET",-0.0288383937870806,5.53409307786483,0.112264289453263,0.738094029624644,0.999723251605349,1,"arteriol_scler"
"6839","SFSWAP","Exc L5 ET",-0.015657205719514,6.23863030584221,0.244865966222715,0.621507269352938,0.999723251605349,1,"arteriol_scler"
"6840","MMP17","Exc L5 ET",5.80217951040362e-05,5.17796048913774,1.12143045628688e-06,0.999156601991351,0.999723251605349,1,"arteriol_scler"
"6841","ULK1","Exc L5 ET",0.0557860414896651,5.73830053255379,1.96809467454802,0.16291552526917,0.999723251605349,1,"arteriol_scler"
"6842","PUS1","Exc L5 ET",0.0649191485893677,4.35885458439948,1.55871944168149,0.213985051676919,0.999723251605349,1,"arteriol_scler"
"6843","EP400","Exc L5 ET",0.0104180824350992,6.17264490918958,0.0838406155153437,0.772596996714801,0.999723251605349,1,"arteriol_scler"
"6844","DDX51","Exc L5 ET",-0.0180544625234147,5.07131906813439,0.120100149650164,0.72945832214803,0.999723251605349,1,"arteriol_scler"
"6845","GALNT9","Exc L5 ET",0.0271726785644553,6.42163299843959,0.526295846602695,0.46940742269435,0.999723251605349,1,"arteriol_scler"
"6846","FBRSL1","Exc L5 ET",-0.0290093956037165,5.2982740352728,0.362871152642539,0.547913081954742,0.999723251605349,1,"arteriol_scler"
"6847","POLE","Exc L5 ET",0.0321073576178604,4.52373086688057,0.264290867690178,0.60801684854207,0.999723251605349,1,"arteriol_scler"
"6848","ANKLE2","Exc L5 ET",0.0548583931274867,5.22073729460894,1.54901876409536,0.215408179236548,0.999723251605349,1,"arteriol_scler"
"6849","GOLGA3","Exc L5 ET",-0.0413013296296723,6.09182408290252,1.74194326366364,0.189096945613931,0.999723251605349,1,"arteriol_scler"
"6850","CHFR","Exc L5 ET",-0.00184674204720854,6.32531695827988,0.00226416829399162,0.962117749285768,0.999723251605349,1,"arteriol_scler"
"6851","ZNF26","Exc L5 ET",0.0510147089849617,4.87828401169905,1.25136209021348,0.265252748322842,0.999723251605349,1,"arteriol_scler"
"6852","ZNF84","Exc L5 ET",-0.00682193603242576,5.43762060306537,0.0435658019116659,0.834973963144766,0.999723251605349,1,"arteriol_scler"
"6853","ZNF891","Exc L5 ET",0.00386409499538519,4.0983370635366,0.00362271759448213,0.987639596152924,0.999723251605349,1,"arteriol_scler"
"6854","MPHOSPH8","Exc L5 ET",-0.026431357828386,7.9753581013375,0.855468712402429,0.356638372096912,0.999723251605349,1,"arteriol_scler"
"6855","PSPC1","Exc L5 ET",-0.0095364037016964,7.44328733920166,0.10435122193404,0.747162381301352,0.999723251605349,1,"arteriol_scler"
"6856","ZMYM5","Exc L5 ET",0.0331070506286532,5.54732419626957,0.713030801950558,0.399913629167489,0.999723251605349,1,"arteriol_scler"
"6857","ZMYM2","Exc L5 ET",0.0710413385308297,7.62462909108451,7.31427168610584,0.00771022045718507,0.999723251605349,1,"arteriol_scler"
"6858","CRYL1","Exc L5 ET",0.00103291549634001,6.17184505381613,0.00045602949991015,0.982993705336934,0.999723251605349,1,"arteriol_scler"
"6859","IFT88","Exc L5 ET",0.0456768011991525,6.01370444465597,1.04020698114852,0.309573460368972,0.999723251605349,1,"arteriol_scler"
"6860","AL161772.1","Exc L5 ET",0.107182516628956,3.92818832374203,1.31029600719289,0.254339671799479,0.999723251605349,1,"arteriol_scler"
"6861","IL17D","Exc L5 ET",0.00690347082381129,4.51538242177148,0.0104633495097817,0.918675855939524,0.999723251605349,1,"arteriol_scler"
"6862","EEF1AKMT1","Exc L5 ET",0.0130117635165514,4.34336126864851,0.0510810673346034,0.836929673687798,0.999723251605349,1,"arteriol_scler"
"6863","XPO4","Exc L5 ET",-0.0231791458467875,6.3607601786903,0.65955016175606,0.461841565406626,0.999723251605349,1,"arteriol_scler"
"6864","SAP18","Exc L5 ET",-0.016687630954595,5.46771269687999,0.0341638583209568,0.853632419978712,0.999723251605349,1,"arteriol_scler"
"6865","MRPL57","Exc L5 ET",0.0466321364404988,4.74145174182116,0.422837108931506,0.516615205901745,0.999723251605349,1,"arteriol_scler"
"6866","ZDHHC20","Exc L5 ET",0.0418830988456805,6.55434759678978,1.47804301302098,0.226174570806559,0.999723251605349,1,"arteriol_scler"
"6867","MICU2","Exc L5 ET",-0.0110915978619563,6.98748743586724,0.170959284160033,0.679908039940179,0.999723251605349,1,"arteriol_scler"
"6868","FGF9","Exc L5 ET",0.00483428769788187,6.03393125327236,0.0176742487410676,0.894432585788811,0.999723251605349,1,"arteriol_scler"
"6869","SACS","Exc L5 ET",0.0155462160168002,7.32001388842409,0.349520113005751,0.555360414064634,0.999723251605349,1,"arteriol_scler"
"6870","TNFRSF19","Exc L5 ET",-0.00521886606262442,5.27829046353957,0.00870898292646512,0.925784332502844,0.999723251605349,1,"arteriol_scler"
"6871","MIPEP","Exc L5 ET",0.0270096301225179,6.60842777348087,0.426126134964981,0.514991338943388,0.999723251605349,1,"arteriol_scler"
"6872","CENPJ","Exc L5 ET",0.0941761846717386,4.64001266598659,1.76968357298446,0.185634474673407,0.999723251605349,1,"arteriol_scler"
"6873","AMER2","Exc L5 ET",-0.00315614546622112,4.6367264425307,0.00366512484818959,0.95181368620984,0.999723251605349,1,"arteriol_scler"
"6874","MTMR6","Exc L5 ET",0.0261894017019488,5.50229478999668,0.428397604211133,0.513875078474247,0.999723251605349,1,"arteriol_scler"
"6875","NUP58","Exc L5 ET",0.00753213148488386,6.12015698730836,0.0718827500809507,0.789018779439606,0.999723251605349,1,"arteriol_scler"
"6876","ATP8A2","Exc L5 ET",-0.000342463581970204,9.71812377182872,0.000165381115767392,0.989758174301796,0.999723251605349,1,"arteriol_scler"
"6877","RNF6","Exc L5 ET",-0.0443894830429197,4.53964175412515,0.339969651344816,0.560806599897392,0.999723251605349,1,"arteriol_scler"
"6878","CDK8","Exc L5 ET",-0.0303064486220374,7.04013176493973,0.828389323313777,0.364339394487993,0.999723251605349,1,"arteriol_scler"
"6879","WASF3","Exc L5 ET",0.0457781901391007,5.64262500979727,1.44822375684025,0.230891377385432,0.999723251605349,1,"arteriol_scler"
"6880","USP12","Exc L5 ET",0.0518682867094915,4.76127305545017,1.26693938782644,0.262312291961393,0.999723251605349,1,"arteriol_scler"
"6881","LINC02340","Exc L5 ET",-0.0859538013102942,4.37953912053911,1.20585782693506,0.274082837207389,0.999723251605349,1,"arteriol_scler"
"6882","RPL21","Exc L5 ET",-0.0704045575316588,4.13032912811229,0.438997693497197,0.508721262644129,0.999723251605349,1,"arteriol_scler"
"6883","GTF3A","Exc L5 ET",0.00937925929632353,5.85983474703865,0.0437020329028945,0.834719902312552,0.999723251605349,1,"arteriol_scler"
"6884","MTIF3","Exc L5 ET",-0.0352455425987769,5.33014997749845,0.715792681754775,0.399004789142251,0.999723251605349,1,"arteriol_scler"
"6885","LNX2","Exc L5 ET",0.0222746178234297,5.09376143263776,0.188340147600268,0.664985297977756,0.999723251605349,1,"arteriol_scler"
"6886","POLR1D","Exc L5 ET",-0.0196190560117551,5.6170280740416,0.287835782246996,0.64021329383808,0.999723251605349,1,"arteriol_scler"
"6887","FLT3","Exc L5 ET",-0.0116295910384803,5.49171758749378,0.0483983251046127,0.826202039790905,0.999723251605349,1,"arteriol_scler"
"6888","PAN3","Exc L5 ET",0.0228767264253812,6.907757180027,0.42986138997381,0.51315797546796,0.999723251605349,1,"arteriol_scler"
"6889","POMP","Exc L5 ET",-0.0471094664073772,5.16625495567358,0.400546920276584,0.527863355260702,0.999723251605349,1,"arteriol_scler"
"6890","SLC46A3","Exc L5 ET",0.0349001253636481,4.90211283146804,0.355101364525214,0.552224052955433,0.999723251605349,1,"arteriol_scler"
"6891","MTUS2","Exc L5 ET",0.0388556824997698,9.52953889001717,1.26430889354828,0.262805964162357,0.999723251605349,1,"arteriol_scler"
"6892","SLC7A1","Exc L5 ET",-0.0144951668154295,6.17838528317894,0.188729974263118,0.664660149811533,0.999723251605349,1,"arteriol_scler"
"6893","UBL3","Exc L5 ET",0.0634120825302604,6.88818649476279,3.15011246880842,0.0781455315054553,0.999723251605349,1,"arteriol_scler"
"6894","KATNAL1","Exc L5 ET",0.00868077516909254,6.12996029089202,0.0733873543754098,0.798295193964538,0.999723251605349,1,"arteriol_scler"
"6895","HMGB1","Exc L5 ET",-0.032623518131355,8.01714539423432,0.719160117891022,0.397900746561075,0.999723251605349,1,"arteriol_scler"
"6896","USPL1","Exc L5 ET",-0.00165030517647609,4.74458858659927,0.000856934210260433,0.976689169658746,0.999723251605349,1,"arteriol_scler"
"6897","TEX26","Exc L5 ET",-0.0996321906024878,4.11529409890193,2.19436497271357,0.140815735327138,0.999723251605349,1,"arteriol_scler"
"6898","HSPH1","Exc L5 ET",0.0233802722118575,7.11596443070175,0.141339828695996,0.707534973835755,0.999723251605349,1,"arteriol_scler"
"6899","B3GLCT","Exc L5 ET",0.0208987399687073,6.09701674940656,0.238469128089799,0.626095756713912,0.999723251605349,1,"arteriol_scler"
"6900","FRY","Exc L5 ET",0.00805129786357539,9.07224741417336,0.113387156396647,0.736836340019424,0.999723251605349,1,"arteriol_scler"
"6901","FRY-AS1","Exc L5 ET",-0.063950696812476,4.13388548581059,0.931220339342726,0.336248655991853,0.999723251605349,1,"arteriol_scler"
"6902","N4BP2L1","Exc L5 ET",0.0711902775039532,5.72754864442158,3.14623900813934,0.078326822055938,0.999723251605349,1,"arteriol_scler"
"6903","N4BP2L2","Exc L5 ET",0.00780601100674182,8.48519293740865,0.163090401238678,0.686957583927,0.999723251605349,1,"arteriol_scler"
"6904","PDS5B","Exc L5 ET",0.0713213039220963,7.61782882216662,4.90289018055419,0.028466960478825,0.999723251605349,1,"arteriol_scler"
"6905","STARD13","Exc L5 ET",0.0961515236875782,4.72954318655446,1.18179229306416,0.278902939747525,0.999723251605349,1,"arteriol_scler"
"6906","RFC3","Exc L5 ET",0.0634756534972516,4.7997661427591,0.750749010712351,0.387756191058588,0.999723251605349,1,"arteriol_scler"
"6907","LINC00457","Exc L5 ET",0.139652908018422,3.79810269024073,1.43566403053383,0.232913804877154,0.999723251605349,1,"arteriol_scler"
"6908","NBEA","Exc L5 ET",0.016467956995509,10.0188759048353,0.365412792031744,0.546516548554885,0.999723251605349,1,"arteriol_scler"
"6909","DCLK1","Exc L5 ET",-0.0198180904315693,10.5335720926147,0.713413666147176,0.399787461582897,0.999723251605349,1,"arteriol_scler"
"6910","SPART","Exc L5 ET",-0.0127508145602764,6.6480269718723,0.142549952347231,0.706344128663658,0.999723251605349,1,"arteriol_scler"
"6911","RFXAP","Exc L5 ET",-0.0455460574334805,4.73817387865077,0.843907316753815,0.359898392337518,0.999723251605349,1,"arteriol_scler"
"6912","ALG5","Exc L5 ET",0.00391618995467673,4.78048750699087,0.00543341548295165,0.941347445923725,0.999723251605349,1,"arteriol_scler"
"6913","SUPT20H","Exc L5 ET",-0.0126016176476928,5.53949391090096,0.0835815386151252,0.772938857239324,0.999723251605349,1,"arteriol_scler"
"6914","TRPC4","Exc L5 ET",0.0611787202420228,6.20552362212557,1.80805012380976,0.180967345635822,0.999723251605349,1,"arteriol_scler"
"6915","UFM1","Exc L5 ET",0.011075849019034,5.23646556706234,0.048958672148257,0.825215167237248,0.999723251605349,1,"arteriol_scler"
"6916","PROSER1","Exc L5 ET",0.0984105055858804,4.31249271247944,3.06544914475724,0.082214424809749,0.999723251605349,1,"arteriol_scler"
"6917","NHLRC3","Exc L5 ET",-0.0455177827682235,5.80229603873792,1.00924374299148,0.316857577209332,0.999723251605349,1,"arteriol_scler"
"6918","LHFPL6","Exc L5 ET",0.0797750488025408,8.52928440308863,5.34886875972339,0.0222276407835676,0.999723251605349,1,"arteriol_scler"
"6919","COG6","Exc L5 ET",0.0102372146440796,7.04008749582641,0.116754143729168,0.733106167478243,0.999723251605349,1,"arteriol_scler"
"6920","FOXO1","Exc L5 ET",0.105986266157591,4.10327240762602,0.81745138711743,0.367515649847652,0.999723251605349,1,"arteriol_scler"
"6921","MRPS31","Exc L5 ET",0.000809466688552041,5.5782798376079,0.00035410321074537,0.985014004617139,0.999723251605349,1,"arteriol_scler"
"6922","ELF1","Exc L5 ET",-0.030805918544156,3.81511942846893,0.104710320702893,0.746742764617374,0.999723251605349,1,"arteriol_scler"
"6923","WBP4","Exc L5 ET",-0.00318578006777957,4.9764928890015,0.00414541262288715,0.948757748794437,0.999723251605349,1,"arteriol_scler"
"6924","KBTBD6","Exc L5 ET",-0.0108878107485539,4.56840898078143,0.0229445960035794,0.87982436582441,0.999723251605349,1,"arteriol_scler"
"6925","KBTBD7","Exc L5 ET",0.0337886462540051,3.87626176403121,0.174771126763898,0.676561335346477,0.999723251605349,1,"arteriol_scler"
"6926","MTRF1","Exc L5 ET",-0.109644761169248,4.58074456814166,2.40376407767042,0.123353857735312,0.999723251605349,1,"arteriol_scler"
"6927","NAA16","Exc L5 ET",0.0323568475663585,6.7203190429134,0.705567256663584,0.402384796342568,0.999723251605349,1,"arteriol_scler"
"6928","RGCC","Exc L5 ET",-0.12066453961736,3.90531913092981,1.85137341274592,0.175861077966342,0.999723251605349,1,"arteriol_scler"
"6929","VWA8","Exc L5 ET",-0.00634641847900979,8.28335406005513,0.0493133014606115,0.82459365998371,0.999723251605349,1,"arteriol_scler"
"6930","DGKH","Exc L5 ET",0.00983952754104218,7.4560265193313,0.0679567349896163,0.794727298736246,0.999723251605349,1,"arteriol_scler"
"6931","AKAP11","Exc L5 ET",0.0214591321949848,6.76630331754147,0.417974679176162,0.519032456184281,0.999723251605349,1,"arteriol_scler"
"6932","DNAJC15","Exc L5 ET",-0.0575667471897624,5.08274956559031,1.77077524002313,0.185499744311046,0.999723251605349,1,"arteriol_scler"
"6933","ENOX1","Exc L5 ET",0.0149839599850943,9.54880639305707,0.245522564457548,0.621040527514024,0.999723251605349,1,"arteriol_scler"
"6934","CCDC122","Exc L5 ET",-0.0123912683464135,4.78273582627821,0.0391708152949158,0.843404409071832,0.999723251605349,1,"arteriol_scler"
"6935","SERP2","Exc L5 ET",-0.0564561279113713,5.84496935822385,1.54684110735737,0.215729209414707,0.999723251605349,1,"arteriol_scler"
"6936","TSC22D1","Exc L5 ET",0.00329400502468302,8.40698744072643,0.0141870456112145,0.905363410485417,0.999723251605349,1,"arteriol_scler"
"6937","LINC00407","Exc L5 ET",-0.0633230794507228,5.56671224850572,1.54239248973399,0.216386812174807,0.999723251605349,1,"arteriol_scler"
"6938","NUFIP1","Exc L5 ET",-0.0270202231992474,4.54451269348705,0.251367071267431,0.660721355657668,0.999723251605349,1,"arteriol_scler"
"6939","AL359706.1","Exc L5 ET",-0.151422312837234,4.13068218313235,2.55647422450255,0.112150208151271,0.999723251605349,1,"arteriol_scler"
"6940","GPALPP1","Exc L5 ET",0.00345913493757213,6.5715714478177,0.0182412910223155,0.892762681041394,0.999723251605349,1,"arteriol_scler"
"6941","GTF2F2","Exc L5 ET",-0.00655913111082529,4.89286489466902,0.0188196991540311,0.89108631918542,0.999723251605349,1,"arteriol_scler"
"6942","TPT1","Exc L5 ET",-0.0146972804297799,5.72823554584783,0.0312540008059821,0.85993634759139,0.999723251605349,1,"arteriol_scler"
"6943","COG3","Exc L5 ET",-0.00938569858728724,5.20008399734931,0.0536290158639758,0.817210714291694,0.999723251605349,1,"arteriol_scler"
"6944","ZC3H13","Exc L5 ET",0.0339215102416869,6.73175743743475,1.3155796514136,0.253388819513594,0.999723251605349,1,"arteriol_scler"
"6945","CPB2-AS1","Exc L5 ET",0.0931196910814794,4.18213885824358,1.81397295346365,0.180259148871871,0.999723251605349,1,"arteriol_scler"
"6946","LRCH1","Exc L5 ET",0.0149309927310196,6.58578083329528,0.152438680617303,0.69682291960005,0.999723251605349,1,"arteriol_scler"
"6947","ESD","Exc L5 ET",0.0144822725836875,4.98037504630622,0.0643457515131793,0.800135454988835,0.999723251605349,1,"arteriol_scler"
"6948","SUCLA2","Exc L5 ET",-0.0362384249137939,6.24082961264906,0.842310934143308,0.360351770490989,0.999723251605349,1,"arteriol_scler"
"6949","MED4","Exc L5 ET",-0.00436402942413673,5.94987786494801,0.0136094853454581,0.907300801480465,0.999723251605349,1,"arteriol_scler"
"6950","ITM2B","Exc L5 ET",0.00422267977266275,7.44210363711115,0.00626553883645703,0.93702487160705,0.999723251605349,1,"arteriol_scler"
"6951","RB1","Exc L5 ET",-0.0199343798508129,7.00127751515684,0.492697206752422,0.483918996758617,0.999723251605349,1,"arteriol_scler"
"6952","RCBTB2","Exc L5 ET",-0.026414887712916,4.7336581310357,0.244748327625531,0.621590974927211,0.999723251605349,1,"arteriol_scler"
"6953","FNDC3A","Exc L5 ET",-0.000815704060674116,7.72185657806186,0.000838417403897184,0.976942325958677,0.999723251605349,1,"arteriol_scler"
"6954","CDADC1","Exc L5 ET",0.0333512731143847,4.90175075091541,0.480007185108092,0.489593437603748,0.999723251605349,1,"arteriol_scler"
"6955","CAB39L","Exc L5 ET",-0.0182587940483163,4.91339723024902,0.117242911141266,0.732569694173084,0.999723251605349,1,"arteriol_scler"
"6956","SETDB2","Exc L5 ET",-0.0432485662776931,5.2541735056551,1.31501015924782,0.253491093822361,0.999723251605349,1,"arteriol_scler"
"6957","PHF11","Exc L5 ET",-0.104808864576435,4.75257924695587,1.95160213749412,0.164676087164124,0.999723251605349,1,"arteriol_scler"
"6958","EBPL","Exc L5 ET",-0.0195777489699122,3.99639806961086,0.0720428848784569,0.788789528257584,0.999723251605349,1,"arteriol_scler"
"6959","KPNA3","Exc L5 ET",0.01103884954644,6.67334936556792,0.212106809677785,0.645852291457278,0.999723251605349,1,"arteriol_scler"
"6960","SPRYD7","Exc L5 ET",0.0164653183726468,4.80048605926439,0.10094216630214,0.751186309279887,0.999723251605349,1,"arteriol_scler"
"6961","DLEU2","Exc L5 ET",0.0123439849503498,6.38234701049044,0.0799264451462475,0.777824391914236,0.999723251605349,1,"arteriol_scler"
"6962","TRIM13","Exc L5 ET",0.0213081263067794,5.34186058832217,0.278147362677877,0.94217648620677,0.999723251605349,1,"arteriol_scler"
"6963","DLEU7","Exc L5 ET",0.0832220958021823,5.17580313184821,2.65073332375033,0.105802838335809,0.999723251605349,1,"arteriol_scler"
"6964","RNASEH2B","Exc L5 ET",-0.00263914092917635,5.85919155246782,0.00433255562908855,0.947615505741528,0.999723251605349,1,"arteriol_scler"
"6965","FAM124A","Exc L5 ET",-0.0872162195794296,5.25071492649343,3.85014634190309,0.0517711656581984,0.999723251605349,1,"arteriol_scler"
"6966","INTS6","Exc L5 ET",0.0599582835227571,6.24533718515958,2.4690204962116,0.11842010501079,0.999723251605349,1,"arteriol_scler"
"6967","INTS6-AS1","Exc L5 ET",-0.0142431150478443,4.58997771467788,0.0558603529481237,0.813516160965495,0.999723251605349,1,"arteriol_scler"
"6968","WDFY2","Exc L5 ET",-0.0023160379582979,5.16939343681817,0.00265946631375462,0.958946531379422,0.999723251605349,1,"arteriol_scler"
"6969","ATP7B","Exc L5 ET",-0.0106520798547471,4.41929858250273,0.0314524325524211,0.974783071926631,0.999723251605349,1,"arteriol_scler"
"6970","UTP14C","Exc L5 ET",0.00294569302528444,4.00995148412293,0.00155991891411571,0.968552670729857,0.999723251605349,1,"arteriol_scler"
"6971","VPS36","Exc L5 ET",-0.0106140295738831,6.19384524815205,0.107204392228722,0.916565881628009,0.999723251605349,1,"arteriol_scler"
"6972","CKAP2","Exc L5 ET",-0.000901013377960418,4.33069779857494,0.000182463857960207,0.989242246153329,0.999723251605349,1,"arteriol_scler"
"6973","SUGT1","Exc L5 ET",-0.0494568000134739,5.63140765755699,1.26236148936073,0.263172187918474,0.999723251605349,1,"arteriol_scler"
"6974","PCDH8","Exc L5 ET",0.0645997829214099,3.9660769288506,0.430467806388711,0.512861406337551,0.999723251605349,1,"arteriol_scler"
"6975","PCDH17","Exc L5 ET",-0.0892769214060011,5.52144519281685,1.89705240027169,0.170657779251339,0.999723251605349,1,"arteriol_scler"
"6976","TDRD3","Exc L5 ET",0.0359490269944582,6.9784439249489,1.42298237870856,0.234977804255574,0.999723251605349,1,"arteriol_scler"
"6977","PCDH9","Exc L5 ET",0.0562067896998699,10.2932400520212,1.58341933871509,0.21041203742956,0.999723251605349,1,"arteriol_scler"
"6978","PCDH9-AS2","Exc L5 ET",-0.168680783473636,4.77583904521266,2.97598623965551,0.0867667082063923,0.999723251605349,1,"arteriol_scler"
"6979","KLHL1","Exc L5 ET",0.0697310513909073,7.19951191653672,1.2857826758968,0.258809586268992,0.999723251605349,1,"arteriol_scler"
"6980","MZT1","Exc L5 ET",0.0301913827310195,4.42935372465162,0.155627319616597,0.693828945437104,0.999723251605349,1,"arteriol_scler"
"6981","DIS3","Exc L5 ET",0.0380843574517865,5.028948913185,0.728816403676464,0.394759361113697,0.999723251605349,1,"arteriol_scler"
"6982","PIBF1","Exc L5 ET",0.00487992605095755,7.16390708879832,0.0339686710216691,0.8540463774256,0.999723251605349,1,"arteriol_scler"
"6983","KLF12","Exc L5 ET",0.0886350872110926,6.56424285435433,2.89750099525969,0.0909881196540428,0.999723251605349,1,"arteriol_scler"
"6984","TBC1D4","Exc L5 ET",0.0176253204242364,6.92824777118504,0.303249362629202,0.582750567890957,0.999723251605349,1,"arteriol_scler"
"6985","COMMD6","Exc L5 ET",0.00824690077770969,4.62744202934298,0.0141423591254947,0.905511864158627,0.999723251605349,1,"arteriol_scler"
"6986","UCHL3","Exc L5 ET",-0.00563608899906282,4.95519802560609,0.0192406051325424,0.889949787830258,0.999723251605349,1,"arteriol_scler"
"6987","LMO7-AS1","Exc L5 ET",-0.0195634086307103,4.24746501819014,0.0652736185894911,0.798730661621428,0.999723251605349,1,"arteriol_scler"
"6988","LMO7","Exc L5 ET",0.00780071516481389,8.68399146864977,0.117968650414703,0.731775420892772,0.999723251605349,1,"arteriol_scler"
"6989","AC001226.2","Exc L5 ET",-0.188160110628738,4.47218105320063,3.77091884447647,0.0542058868324861,0.999723251605349,1,"arteriol_scler"
"6990","FBXL3","Exc L5 ET",0.0601692483973951,5.38029596707804,2.27170656725188,0.134060343823832,0.999723251605349,1,"arteriol_scler"
"6991","MYCBP2","Exc L5 ET",0.0143054226485024,8.88598300532588,0.565735249668283,0.453250691156799,0.999723251605349,1,"arteriol_scler"
"6992","SLAIN1","Exc L5 ET",0.0302414277865265,6.3775536803237,0.587164715412196,0.444837697542722,0.999723251605349,1,"arteriol_scler"
"6993","RNF219","Exc L5 ET",0.158731828161638,4.72496690792706,9.21692817517891,0.0028714906248745,0.999723251605349,0.940491635674402,"arteriol_scler"
"6994","RBM26","Exc L5 ET",-0.00121023995745278,7.87292521102023,0.00223741474823586,0.962342054720673,0.999723251605349,1,"arteriol_scler"
"6995","NDFIP2","Exc L5 ET",-0.000204914408086229,7.14293655552774,5.24785668345984e-05,0.994230560328427,0.999723251605349,1,"arteriol_scler"
"6996","MIR4500HG","Exc L5 ET",0.00262332208483233,5.75206678141508,0.0015430216086382,0.968723367170516,0.999723251605349,1,"arteriol_scler"
"6997","SLITRK5","Exc L5 ET",0.0113002993942522,6.59379499435313,0.0797370566611496,0.778080796299481,0.999723251605349,1,"arteriol_scler"
"6998","GPC5","Exc L5 ET",-0.0194172731106036,5.06519423667799,0.0312419204482565,0.85996313626541,0.999723251605349,1,"arteriol_scler"
"6999","GPC6","Exc L5 ET",-0.127795276789274,8.87305896256489,4.22388730183361,0.041761121344654,0.999723251605349,1,"arteriol_scler"
"7000","GPR180","Exc L5 ET",0.00806012959742927,5.61158784135234,0.0479038011858766,0.827077974796958,0.999723251605349,1,"arteriol_scler"
"7001","ABCC4","Exc L5 ET",-0.0709480738604445,4.45057143847759,0.885011063695127,0.348490912638963,0.999723251605349,1,"arteriol_scler"
"7002","DZIP1","Exc L5 ET",0.0379392506218945,6.79276229933874,1.19925810279584,0.275394126995224,0.999723251605349,1,"arteriol_scler"
"7003","DNAJC3-DT","Exc L5 ET",0.00391614119512708,4.3525651416759,0.0033168682832728,0.954157445463236,0.999723251605349,1,"arteriol_scler"
"7004","DNAJC3","Exc L5 ET",-0.0255538389359992,5.22445790310947,0.23428069264414,0.629141644673249,0.999723251605349,1,"arteriol_scler"
"7005","UGGT2","Exc L5 ET",-0.039496420574682,7.30709665976634,1.37772513852056,0.242528271079266,0.999723251605349,1,"arteriol_scler"
"7006","HS6ST3","Exc L5 ET",0.00581372280117421,8.44118464752475,0.0169985436233269,0.896458510569763,0.999723251605349,1,"arteriol_scler"
"7007","MBNL2","Exc L5 ET",0.0579777562517174,8.72489918904805,5.4138146293251,0.0214465080413769,0.999723251605349,1,"arteriol_scler"
"7008","RAP2A","Exc L5 ET",0.0479679498346427,7.06214876166983,1.54381295192486,0.216176575545067,0.999723251605349,1,"arteriol_scler"
"7009","IPO5","Exc L5 ET",-0.0360866087456096,5.65896404669884,0.941853147242355,0.355134007305252,0.999723251605349,1,"arteriol_scler"
"7010","FARP1","Exc L5 ET",0.0304597526574366,6.98834973794357,0.676213733681937,0.412324436321526,0.999723251605349,1,"arteriol_scler"
"7011","STK24","Exc L5 ET",0.0588843923112327,6.07730112756835,2.37695825545822,0.12544692065388,0.999723251605349,1,"arteriol_scler"
"7012","DOCK9","Exc L5 ET",0.0405356311031559,7.66118192594063,2.39043734308109,0.124389502825262,0.999723251605349,1,"arteriol_scler"
"7013","UBAC2","Exc L5 ET",0.0432632178142823,7.27238028231327,1.413833280937,0.23648073270526,0.999723251605349,1,"arteriol_scler"
"7014","TM9SF2","Exc L5 ET",-0.0091494862051676,5.57449724449856,0.0802780172673281,0.865805997466375,0.999723251605349,1,"arteriol_scler"
"7015","CLYBL","Exc L5 ET",-0.0202426633548865,5.97692251567927,0.18332347499744,0.669205791339712,0.999723251605349,1,"arteriol_scler"
"7016","PCCA","Exc L5 ET",-0.039492275144168,7.65075807911868,1.61667543696856,0.205713271802257,0.999723251605349,1,"arteriol_scler"
"7017","TMTC4","Exc L5 ET",-0.0182730612760878,5.56048188415432,0.0836604274071114,0.77283470011795,0.999723251605349,1,"arteriol_scler"
"7018","NALCN","Exc L5 ET",-0.00469962789281259,8.55317038787578,0.0268631766733222,0.870051827839383,0.999723251605349,1,"arteriol_scler"
"7019","FGF14","Exc L5 ET",0.040857632397839,11.230177349452,1.60002464334679,0.208050040251905,0.999723251605349,1,"arteriol_scler"
"7020","TPP2","Exc L5 ET",-0.0342004060336474,5.84258826393704,0.747258148251994,0.388858800593432,0.999723251605349,1,"arteriol_scler"
"7021","EFNB2","Exc L5 ET",0.00180251681650487,6.52845412486448,0.00318759279883163,0.955058709670139,0.999723251605349,1,"arteriol_scler"
"7022","ARGLU1","Exc L5 ET",-0.00973185147478425,8.14194036067572,0.0703494869693961,0.791227822941126,0.999723251605349,1,"arteriol_scler"
"7023","FAM155A","Exc L5 ET",0.0516004472756599,12.0350363756009,2.40987258548522,0.122882388424685,0.999723251605349,1,"arteriol_scler"
"7024","LIG4","Exc L5 ET",-0.0912524733383158,4.36131308478999,2.14520029168219,0.145310505502554,0.999723251605349,1,"arteriol_scler"
"7025","ABHD13","Exc L5 ET",-0.0291811239849231,4.76156923400774,0.278824078845088,0.598328404580285,0.999723251605349,1,"arteriol_scler"
"7026","TNFSF13B","Exc L5 ET",0.0564964305833524,5.41102018214037,0.584362871765244,0.44592373896379,0.999723251605349,1,"arteriol_scler"
"7027","AL138694.1","Exc L5 ET",-0.0120422444443548,5.32119395291751,0.018350795438944,0.89244325647318,0.999723251605349,1,"arteriol_scler"
"7028","MYO16","Exc L5 ET",-0.0170399121571787,8.80604674879032,0.155797847235105,0.693669831200215,0.999723251605349,1,"arteriol_scler"
"7029","IRS2","Exc L5 ET",0.0423855802246076,7.1193347210449,1.56627677956305,0.212884168435696,0.999723251605349,1,"arteriol_scler"
"7030","NAXD","Exc L5 ET",-0.0840814110709145,4.87626295244377,3.78283339048292,0.0538320402480242,0.999723251605349,1,"arteriol_scler"
"7031","CARS2","Exc L5 ET",-0.0273702301109879,5.71107187143115,0.55490333913726,0.457598800435168,0.999723251605349,1,"arteriol_scler"
"7032","ANKRD10","Exc L5 ET",-0.0228702598719181,6.47673977337955,0.636858942239508,0.426233516775616,0.999723251605349,1,"arteriol_scler"
"7033","ARHGEF7","Exc L5 ET",0.00999213729522131,8.5526061847704,0.193218033981578,0.660945198953353,0.999723251605349,1,"arteriol_scler"
"7034","TUBGCP3","Exc L5 ET",0.0126799982364841,5.85878634069804,0.097757679579976,0.755013355610482,0.999723251605349,1,"arteriol_scler"
"7035","ATP11A","Exc L5 ET",0.0164893810013927,5.35163375811759,0.139266044882523,0.709589333557211,0.999723251605349,1,"arteriol_scler"
"7036","MCF2L","Exc L5 ET",-0.0470167680700581,6.75394476853704,2.29869567430691,0.131789813557121,0.999723251605349,1,"arteriol_scler"
"7037","PCID2","Exc L5 ET",-0.0361498952395301,5.87113294058975,1.0762800487251,0.301361327605092,0.999723251605349,1,"arteriol_scler"
"7038","CUL4A","Exc L5 ET",-0.00440389999703393,6.22375580585767,0.0215433005973108,0.883524605167236,0.999723251605349,1,"arteriol_scler"
"7039","LAMP1","Exc L5 ET",0.0398115743981783,5.32574368894302,1.00889918159317,0.316939898745294,0.999723251605349,1,"arteriol_scler"
"7040","ADPRHL1","Exc L5 ET",-0.0151280685969271,4.49229189054881,0.0507588244689577,0.82208426493088,0.999723251605349,1,"arteriol_scler"
"7041","DCUN1D2","Exc L5 ET",0.0125123822167806,5.85401897077555,0.0985032429834776,0.754111279527499,0.999723251605349,1,"arteriol_scler"
"7042","TMCO3","Exc L5 ET",-0.0118952016485683,6.1099771884225,0.101275815308435,0.750789205754978,0.999723251605349,1,"arteriol_scler"
"7043","TFDP1","Exc L5 ET",-0.0239002217442023,5.38564947033444,0.380412686846739,0.538407466610114,0.999723251605349,1,"arteriol_scler"
"7044","GAS6","Exc L5 ET",-0.0328468005070824,5.69678703888449,0.784841690404256,0.377218949318748,0.999723251605349,1,"arteriol_scler"
"7045","RASA3","Exc L5 ET",0.0369680028603252,4.97196072887703,0.454833516833396,0.501186472427528,0.999723251605349,1,"arteriol_scler"
"7046","CDC16","Exc L5 ET",0.0138863274746548,5.72002721565896,0.14248250034938,0.706410353694445,0.999723251605349,1,"arteriol_scler"
"7047","UPF3A","Exc L5 ET",-0.0639180366641383,7.08533846938781,5.24159444324224,0.0235839135924014,0.999723251605349,1,"arteriol_scler"
"7048","TTC5","Exc L5 ET",0.00377346274341174,5.32994717189203,0.00653916413263647,0.935667410200892,0.999723251605349,1,"arteriol_scler"
"7049","CCNB1IP1","Exc L5 ET",0.0403646928624849,5.06904055320694,0.786517869961898,0.376711432184718,0.999723251605349,1,"arteriol_scler"
"7050","PARP2","Exc L5 ET",-0.0321485698232878,4.44566096705591,0.232365651689239,0.630545506448351,0.999723251605349,1,"arteriol_scler"
"7051","OSGEP","Exc L5 ET",-0.0322143413089726,5.38424100584287,0.54770623707058,0.593906914249626,0.999723251605349,1,"arteriol_scler"
"7052","APEX1","Exc L5 ET",0.0135756047054615,4.77337445522555,0.0443786421968819,0.833464159108925,0.999723251605349,1,"arteriol_scler"
"7053","PIP4P1","Exc L5 ET",0.0953945776710651,4.23073913449393,1.67138480407128,0.198252121007549,0.999723251605349,1,"arteriol_scler"
"7054","METTL17","Exc L5 ET",-0.0301563640923985,4.1023738393217,0.206703893365527,0.75935634046767,0.999723251605349,1,"arteriol_scler"
"7055","HNRNPC","Exc L5 ET",0.0165620778159668,6.44885232910427,0.294051997837279,0.726328504683653,0.999723251605349,1,"arteriol_scler"
"7056","SUPT16H","Exc L5 ET",0.00505635371347878,5.52575839734233,0.0173120578361205,0.895513521215413,0.999723251605349,1,"arteriol_scler"
"7057","CHD8","Exc L5 ET",-0.0575569992101563,6.24939441716193,4.60678467110993,0.0336098800405163,0.999723251605349,1,"arteriol_scler"
"7058","RAB2B","Exc L5 ET",0.0132330942267053,4.53934024170903,0.0696482146027284,0.792246770753272,0.999723251605349,1,"arteriol_scler"
"7059","TOX4","Exc L5 ET",-0.0345483294896737,5.29400641176012,0.346872002111532,0.556860361431071,0.999723251605349,1,"arteriol_scler"
"7060","METTL3","Exc L5 ET",0.011775770442306,4.61734423324001,0.0469103798829982,0.828852028201448,0.999723251605349,1,"arteriol_scler"
"7061","DAD1","Exc L5 ET",-0.0876555862948452,4.0681850214854,1.34146341093544,0.248793869923996,0.999723251605349,1,"arteriol_scler"
"7062","OXA1L","Exc L5 ET",-0.00192992898081451,4.2356978506549,0.000981634024435765,0.97505119700302,0.999723251605349,1,"arteriol_scler"
"7063","RBM23","Exc L5 ET",8.82179983323111e-05,4.9193369312021,1.47160750792142e-05,0.996944787627122,0.999723251605349,1,"arteriol_scler"
"7064","PSMB5","Exc L5 ET",0.00896972408546244,5.26938946851126,0.018951603362638,0.890707720442679,0.999723251605349,1,"arteriol_scler"
"7065","ACIN1","Exc L5 ET",-0.0214761256767222,5.95311495308451,0.310901149852864,0.578038899374339,0.999723251605349,1,"arteriol_scler"
"7066","SLC7A8","Exc L5 ET",0.0431460863044347,5.54414322878272,0.760546070348696,0.384685577745817,0.999723251605349,1,"arteriol_scler"
"7067","PPP1R3E","Exc L5 ET",0.0168936642088491,4.68202978181898,0.112088691641571,0.738291343619325,0.999723251605349,1,"arteriol_scler"
"7068","PABPN1","Exc L5 ET",0.0312832478203311,5.32292968985091,0.344163710968762,0.558402403674522,0.999723251605349,1,"arteriol_scler"
"7069","SLC22A17","Exc L5 ET",0.055766140400495,7.16439031302411,1.19317235991317,0.276610341067049,0.999723251605349,1,"arteriol_scler"
"7070","NGDN","Exc L5 ET",-0.0368437010470841,4.00422903730371,0.279488956635921,0.753636710550078,0.999723251605349,1,"arteriol_scler"
"7071","ZFHX2","Exc L5 ET",-0.0151706775483911,6.39454451488704,0.110978542947878,0.739542783212925,0.999723251605349,1,"arteriol_scler"
"7072","THTPA","Exc L5 ET",0.00134252457026232,3.66675522466455,0.000135221597203676,0.990738962318268,0.999723251605349,1,"arteriol_scler"
"7073","AP1G2","Exc L5 ET",0.0373745959392441,5.08980426763156,0.303459815890574,0.58261994592004,0.999723251605349,1,"arteriol_scler"
"7074","JPH4","Exc L5 ET",0.0148349588892762,7.10522449160474,0.149899481867007,0.699233037640612,0.999723251605349,1,"arteriol_scler"
"7075","DHRS4-AS1","Exc L5 ET",-0.0948868850887386,3.98068301594825,1.65687457238147,0.200199246383678,0.999723251605349,1,"arteriol_scler"
"7076","DHRS4L2","Exc L5 ET",0.0447553513120796,4.14688867387626,0.29783324113005,0.586132708074742,0.999723251605349,1,"arteriol_scler"
"7077","GMPR2","Exc L5 ET",0.0399008462116707,4.08079937005033,0.21904470939131,0.640513485632225,0.999723251605349,1,"arteriol_scler"
"7078","SDR39U1","Exc L5 ET",0.0586756420001458,4.32445552805471,0.699305947724309,0.404475179227596,0.999723251605349,1,"arteriol_scler"
"7079","STXBP6","Exc L5 ET",0.0671079468307557,6.50781019893648,0.652311499710722,0.420689467687418,0.999723251605349,1,"arteriol_scler"
"7080","NOVA1","Exc L5 ET",0.00356261279530952,7.60545986927618,0.0180929028199333,0.89319709172971,0.999723251605349,1,"arteriol_scler"
"7081","FOXG1-AS1","Exc L5 ET",0.0127608905031512,4.65011382532055,0.0466875935618892,0.829252574109837,0.999723251605349,1,"arteriol_scler"
"7082","FOXG1","Exc L5 ET",0.00498272115834259,5.88194410620376,0.0169339458940781,0.896654318465079,0.999723251605349,1,"arteriol_scler"
"7083","LINC01551","Exc L5 ET",0.0233417940725983,6.1129040991745,0.284892750006028,0.594378255180794,0.999723251605349,1,"arteriol_scler"
"7084","AL158058.1","Exc L5 ET",-0.0861834958339123,4.63215770431319,0.925859377025554,0.337638744079093,0.999723251605349,1,"arteriol_scler"
"7085","PRKD1","Exc L5 ET",0.0385770872859732,7.22711171346206,0.387880940691392,0.534452113510357,0.999723251605349,1,"arteriol_scler"
"7086","G2E3","Exc L5 ET",0.0178256650742163,5.78203134530831,0.247148742621144,0.619887902508404,0.999723251605349,1,"arteriol_scler"
"7087","SCFD1","Exc L5 ET",-0.0158598604096631,7.30028096911331,0.345966944137221,0.557374776593471,0.999723251605349,1,"arteriol_scler"
"7088","COCH","Exc L5 ET",-0.0413491395565119,3.83316503463814,0.176857790439978,0.67474744170315,0.999723251605349,1,"arteriol_scler"
"7089","STRN3","Exc L5 ET",-0.0300755069797593,7.00399957151769,0.91106102734848,0.341516484780195,0.999723251605349,1,"arteriol_scler"
"7090","AP4S1","Exc L5 ET",0.0439835789975326,5.20857459844886,0.989483548736894,0.621270389214028,0.999723251605349,1,"arteriol_scler"
"7091","HECTD1","Exc L5 ET",0.0134497223658044,6.94118138320059,0.253316681117317,0.615558681371122,0.999723251605349,1,"arteriol_scler"
"7092","HEATR5A","Exc L5 ET",-0.0111330183272689,4.63684808524976,0.0455169682383905,0.906193676590307,0.999723251605349,1,"arteriol_scler"
"7093","AL139353.1","Exc L5 ET",0.0270677272260092,4.7882399819722,0.280642981932936,0.780763308156063,0.999723251605349,1,"arteriol_scler"
"7094","NUBPL","Exc L5 ET",-0.0311094121037543,6.31773220380527,0.762084364010485,0.384206606604352,0.999723251605349,1,"arteriol_scler"
"7095","ARHGAP5","Exc L5 ET",-0.00138690258705065,7.50910415486984,0.0034605639179986,0.96120235486192,0.999723251605349,1,"arteriol_scler"
"7096","AKAP6","Exc L5 ET",-0.0123092919439435,9.29311188944153,0.356799347701278,0.551276511847421,0.999723251605349,1,"arteriol_scler"
"7097","NPAS3","Exc L5 ET",0.0280169081353885,7.83002906760016,0.353464618823515,0.553140335032549,0.999723251605349,1,"arteriol_scler"
"7098","EGLN3","Exc L5 ET",0.0337445021360484,4.405827810209,0.199603811683892,0.655747239731254,0.999723251605349,1,"arteriol_scler"
"7099","EAPP","Exc L5 ET",0.0206660875897851,5.18658713524904,0.187522555671533,0.665668540528546,0.999723251605349,1,"arteriol_scler"
"7100","SNX6","Exc L5 ET",-0.0036065606872519,5.80237044553912,0.0109416196741817,0.916844664028639,0.999723251605349,1,"arteriol_scler"
"7101","CFL2","Exc L5 ET",-0.020934403359751,4.63916120180935,0.0653399791681627,0.798630600347352,0.999723251605349,1,"arteriol_scler"
"7102","BAZ1A","Exc L5 ET",-0.0338175353828845,4.1845918827436,0.199673066691566,0.655691417188386,0.999723251605349,1,"arteriol_scler"
"7103","SRP54","Exc L5 ET",-0.0168277553369744,5.20593173310471,0.141730474449026,0.717847580265641,0.999723251605349,1,"arteriol_scler"
"7104","FAM177A1","Exc L5 ET",-0.0541118779801144,5.47102238474473,1.80279294329468,0.181598674378003,0.999723251605349,1,"arteriol_scler"
"7105","PPP2R3C","Exc L5 ET",0.0619020955738794,5.4195685685812,2.31062995469938,0.130799665026466,0.999723251605349,1,"arteriol_scler"
"7106","NFKBIA","Exc L5 ET",-0.021298612033067,4.5415782662161,0.076229570198554,0.782890162258246,0.999723251605349,1,"arteriol_scler"
"7107","RALGAPA1","Exc L5 ET",-0.0133766873525794,7.70633886541339,0.281890658807061,0.596325521016115,0.999723251605349,1,"arteriol_scler"
"7108","BRMS1L","Exc L5 ET",-0.0250247034301432,5.54094611990148,0.337195067412798,0.562408056650434,0.999723251605349,1,"arteriol_scler"
"7109","LINC00609","Exc L5 ET",-0.0202464686740962,4.3038070450668,0.0457415871615766,0.830964637567322,0.999723251605349,1,"arteriol_scler"
"7110","MBIP","Exc L5 ET",0.0356216465816095,4.61747737450591,0.499434541217466,0.480950558499821,0.999723251605349,1,"arteriol_scler"
"7111","SLC25A21","Exc L5 ET",-0.130260853286697,3.92328718147094,1.98225858965309,0.161420841851129,0.999723251605349,1,"arteriol_scler"
"7112","MIPOL1","Exc L5 ET",-0.0401706832773031,7.61125179795569,1.07920086806205,0.300708874914538,0.999723251605349,1,"arteriol_scler"
"7113","SEC23A","Exc L5 ET",-0.0130954922713805,6.22662422126708,0.177252815364135,0.959866599636851,0.999723251605349,1,"arteriol_scler"
"7114","TRAPPC6B","Exc L5 ET",0.0101829250958833,6.2919859303225,0.0757138273084317,0.783607314665049,0.999723251605349,1,"arteriol_scler"
"7115","PNN","Exc L5 ET",-0.0172009427231506,6.1118596962987,0.167162176260498,0.683285569592189,0.999723251605349,1,"arteriol_scler"
"7116","MIA2","Exc L5 ET",-0.0466989752027756,6.78368826401108,1.86032829242395,0.174826660346885,0.999723251605349,1,"arteriol_scler"
"7117","FBXO33","Exc L5 ET",0.0678090340905568,6.54262709969066,5.38125737384159,0.0218344264167361,0.999723251605349,1,"arteriol_scler"
"7118","AL049875.1","Exc L5 ET",0.188839927090901,4.39774220790585,8.60196794907376,0.00393818815215569,0.999723251605349,0.980687381274362,"arteriol_scler"
"7119","LRFN5","Exc L5 ET",0.0313219461801803,9.29713086012384,0.81393629304977,0.368544612820086,0.999723251605349,1,"arteriol_scler"
"7120","AL450442.1","Exc L5 ET",-0.121804609093997,3.92439431702072,1.38710136071083,0.240939859135062,0.999723251605349,1,"arteriol_scler"
"7121","KLHL28","Exc L5 ET",-0.0738889497896735,5.69336947994747,3.26891533875127,0.0728008593474747,0.999723251605349,1,"arteriol_scler"
"7122","TOGARAM1","Exc L5 ET",0.0230407957205499,6.80066345469381,0.739870151862968,0.391207262388333,0.999723251605349,1,"arteriol_scler"
"7123","PRPF39","Exc L5 ET",-0.0431741543000694,5.35631254073125,1.06901501049083,0.349672893502247,0.999723251605349,1,"arteriol_scler"
"7124","FKBP3","Exc L5 ET",-0.0555888296939402,6.26138750041395,2.02688076832363,0.15681409765057,0.999723251605349,1,"arteriol_scler"
"7125","FANCM","Exc L5 ET",-0.00607984681472525,4.81357749995782,0.0114609576079735,0.914901488962333,0.999723251605349,1,"arteriol_scler"
"7126","MIS18BP1","Exc L5 ET",-0.0267756296870221,5.00349644827048,0.218146534957699,0.641198785235353,0.999723251605349,1,"arteriol_scler"
"7127","MDGA2","Exc L5 ET",0.00409546269658012,10.2412172422991,0.0208081774936831,0.885515014302623,0.999723251605349,1,"arteriol_scler"
"7128","RPS29","Exc L5 ET",0.00576061154949475,4.90566206674635,0.0153868850540416,0.901462588308382,0.999723251605349,1,"arteriol_scler"
"7129","RPL36AL","Exc L5 ET",-0.0287155789685854,4.40096450348499,0.0834978017442951,0.773049473614634,0.999723251605349,1,"arteriol_scler"
"7130","POLE2","Exc L5 ET",-0.0476438077881459,3.6534839915925,0.280311877970451,0.597354920639785,0.999723251605349,1,"arteriol_scler"
"7131","KLHDC1","Exc L5 ET",0.00606242905368099,5.7458379267806,0.0193333332234692,0.889619561605902,0.999723251605349,1,"arteriol_scler"
"7132","KLHDC2","Exc L5 ET",-0.0151497880974391,5.59071869803885,0.10616547504422,0.745050470141383,0.999723251605349,1,"arteriol_scler"
"7133","NEMF","Exc L5 ET",-0.0138535680651992,6.82020938988075,0.224038539511647,0.673815080978033,0.999723251605349,1,"arteriol_scler"
"7134","LINC01588","Exc L5 ET",-0.181610354002479,4.27658268425213,3.53693949344,0.0621416902401496,0.999723251605349,1,"arteriol_scler"
"7135","VCPKMT","Exc L5 ET",0.0830936247255941,4.47999014993481,1.89318382396093,0.171091456753582,0.999723251605349,1,"arteriol_scler"
"7136","SOS2","Exc L5 ET",0.0107883481788092,6.33032435404601,0.131799342157801,0.717133956287621,0.999723251605349,1,"arteriol_scler"
"7137","L2HGDH","Exc L5 ET",-0.031774357966383,6.20099345159117,0.696453538389431,0.405432761504485,0.999723251605349,1,"arteriol_scler"
"7138","ATP5S","Exc L5 ET",0.00744861454844163,4.61232913035168,0.0164731782539563,0.89806215078429,0.999723251605349,1,"arteriol_scler"
"7139","CDKL1","Exc L5 ET",0.0780445485327231,5.54535096190956,1.36523007584905,0.244665089948404,0.999723251605349,1,"arteriol_scler"
"7140","MAP4K5","Exc L5 ET",0.0587717128483285,6.93822796580052,3.77863778001956,0.0539633711203375,0.999723251605349,1,"arteriol_scler"
"7141","ATL1","Exc L5 ET",0.0229549142997141,7.50038747757262,0.71255680098207,0.400069910092297,0.999723251605349,1,"arteriol_scler"
"7142","SAV1","Exc L5 ET",-0.0129802083514381,4.57284693265161,0.0570458988401655,0.90331036161035,0.999723251605349,1,"arteriol_scler"
"7143","NIN","Exc L5 ET",0.0281882814459531,8.35098635867069,1.39375537628704,0.239820350862616,0.999723251605349,1,"arteriol_scler"
"7144","PYGL","Exc L5 ET",-0.108460198336149,4.39218845752232,1.53155934451819,0.217998289686651,0.999723251605349,1,"arteriol_scler"
"7145","ABHD12B","Exc L5 ET",0.00268932636428153,5.25414115891408,0.0035921900563171,0.952294957594839,0.999723251605349,1,"arteriol_scler"
"7146","TRIM9","Exc L5 ET",-0.00196701021102656,9.24266639888798,0.00622708320450358,0.937218023468843,0.999723251605349,1,"arteriol_scler"
"7147","TMX1","Exc L5 ET",-0.054498583237492,3.93506609641802,0.525665092160781,0.469673288557929,0.999723251605349,1,"arteriol_scler"
"7148","FRMD6","Exc L5 ET",-0.0310902433091366,5.29620790084854,0.225095154888254,0.635941174824524,0.999723251605349,1,"arteriol_scler"
"7149","GNG2","Exc L5 ET",0.0514654915745589,5.85734161168095,1.09295162008363,0.297661730018987,0.999723251605349,1,"arteriol_scler"
"7150","RTRAF","Exc L5 ET",0.0701851623829839,4.44642528249396,1.08806865994345,0.298739184443217,0.999723251605349,1,"arteriol_scler"
"7151","TXNDC16","Exc L5 ET",-0.0220369054108281,6.08965936034142,0.308124187293612,0.579739976635998,0.999723251605349,1,"arteriol_scler"
"7152","GPR137C","Exc L5 ET",0.0204960595747113,7.14583410779604,0.262437486847442,0.609276505164774,0.999723251605349,1,"arteriol_scler"
"7153","ERO1A","Exc L5 ET",-0.00632641747267769,5.57972118458264,0.0261294186289303,0.871823128432394,0.999723251605349,1,"arteriol_scler"
"7154","PSMC6","Exc L5 ET",0.0256920770144006,5.64757578103772,0.405904321843675,0.525120327537178,0.999723251605349,1,"arteriol_scler"
"7155","GNPNAT1","Exc L5 ET",0.0710947792754317,4.24341038735536,1.41417256377873,0.236424789222879,0.999723251605349,1,"arteriol_scler"
"7156","FERMT2","Exc L5 ET",0.0311648224303401,4.72491023533808,0.311549812097139,0.577642986894041,0.999723251605349,1,"arteriol_scler"
"7157","DDHD1","Exc L5 ET",-0.0125466197053237,7.6118763008607,0.163883302056408,0.686238374387355,0.999723251605349,1,"arteriol_scler"
"7158","BMP4","Exc L5 ET",-0.0314079473935818,3.83409754588686,0.0958478890952573,0.75734143246945,0.999723251605349,1,"arteriol_scler"
"7159","CNIH1","Exc L5 ET",-0.0198603398125024,5.42242426687282,0.181267082697264,0.670955593666918,0.999723251605349,1,"arteriol_scler"
"7160","GMFB","Exc L5 ET",0.00738393169149138,5.03259581860827,0.0149559197139651,0.902845322509801,0.999723251605349,1,"arteriol_scler"
"7161","CGRRF1","Exc L5 ET",0.0747990904880614,4.49586832384942,1.76178802907977,0.186612343201876,0.999723251605349,1,"arteriol_scler"
"7162","SAMD4A","Exc L5 ET",-0.0335197849420965,7.2974560751598,0.536323486741495,0.465213139515584,0.999723251605349,1,"arteriol_scler"
"7163","WDHD1","Exc L5 ET",-0.0229389177242132,4.13353855751342,0.112595692704272,0.79042456473628,0.999723251605349,1,"arteriol_scler"
"7164","SOCS4","Exc L5 ET",0.0190686170419746,4.39551555679982,0.125579501004621,0.88224169973466,0.999723251605349,1,"arteriol_scler"
"7165","MAPK1IP1L","Exc L5 ET",-0.0183453663075663,5.23024090388225,0.208473651583705,0.648690429521294,0.999723251605349,1,"arteriol_scler"
"7166","FBXO34","Exc L5 ET",0.0477336868691594,7.42232852080549,2.73551129160232,0.10043270193333,0.999723251605349,1,"arteriol_scler"
"7167","AL158801.3","Exc L5 ET",-0.081603386790388,3.89746120394436,0.725504406456094,0.395832752217935,0.999723251605349,1,"arteriol_scler"
"7168","ATG14","Exc L5 ET",-0.0491881115904374,5.22740186106193,1.16279671056909,0.471952184506248,0.999723251605349,1,"arteriol_scler"
"7169","KTN1-AS1","Exc L5 ET",-0.0389561514600583,5.24997955276736,0.715145551197725,0.399217467366584,0.999723251605349,1,"arteriol_scler"
"7170","KTN1","Exc L5 ET",-0.0771948533519683,7.39752122941598,5.32090964506413,0.0225730509559458,0.999723251605349,1,"arteriol_scler"
"7171","TMEM260","Exc L5 ET",-0.0329695056498597,6.23086039091892,0.917181544046307,0.339905397580542,0.999723251605349,1,"arteriol_scler"
"7172","EXOC5","Exc L5 ET",-0.00265068932021432,6.17514911250602,0.00889744935215785,0.94145614903885,0.999723251605349,1,"arteriol_scler"
"7173","AP5M1","Exc L5 ET",0.0228853809861554,5.87702581210396,0.405241233417747,0.52545844849226,0.999723251605349,1,"arteriol_scler"
"7174","NAA30","Exc L5 ET",0.00751157205466708,4.79411779351917,0.0244311682729515,0.876023234983623,0.999723251605349,1,"arteriol_scler"
"7175","ARMH4","Exc L5 ET",-0.04406687114756,5.71491545053789,1.31076563973033,0.254254976932953,0.999723251605349,1,"arteriol_scler"
"7176","ACTR10","Exc L5 ET",-0.0199461616493717,5.97482417501443,0.309951294921215,0.578619624665967,0.999723251605349,1,"arteriol_scler"
"7177","PSMA3","Exc L5 ET",-0.0516877703478766,4.9782305570368,1.27221721017115,0.308755154522056,0.999723251605349,1,"arteriol_scler"
"7178","ARID4A","Exc L5 ET",-0.0187151218491139,6.4672272941554,0.269005607718007,0.604837474699269,0.999723251605349,1,"arteriol_scler"
"7179","TIMM9","Exc L5 ET",-0.00297143856919716,4.58562263771844,0.00323087694901341,0.959346601694899,0.999723251605349,1,"arteriol_scler"
"7180","KIAA0586","Exc L5 ET",0.0361457280951052,6.09886717543678,0.953622380505287,0.330522501499871,0.999723251605349,1,"arteriol_scler"
"7181","DAAM1","Exc L5 ET",-0.00822237104914785,7.60419214739877,0.0998818643570674,0.752453083781148,0.999723251605349,1,"arteriol_scler"
"7182","GPR135","Exc L5 ET",-0.0236737708089481,5.90129642712408,0.264858937806869,0.607631877176128,0.999723251605349,1,"arteriol_scler"
"7183","L3HYPDH","Exc L5 ET",-0.0134700296076463,4.87368386641503,0.0624395320999677,0.803055703541477,0.999723251605349,1,"arteriol_scler"
"7184","JKAMP","Exc L5 ET",0.00960825818368429,5.23710558693625,0.0360398131216663,0.849714670618293,0.999723251605349,1,"arteriol_scler"
"7185","CCDC175","Exc L5 ET",-0.0105953804057248,4.88347323039285,0.0226934315431258,0.880478907069271,0.999723251605349,1,"arteriol_scler"
"7186","RTN1","Exc L5 ET",0.0188571180119331,9.51042536766979,0.532360299433561,0.466863585224458,0.999723251605349,1,"arteriol_scler"
"7187","LRRC9","Exc L5 ET",-0.0152217346326222,5.80015023668905,0.144563343488108,0.704375555269168,0.999723251605349,1,"arteriol_scler"
"7188","PCNX4","Exc L5 ET",-0.0255196467601058,6.59043461933061,0.62635811144397,0.43006428074762,0.999723251605349,1,"arteriol_scler"
"7189","DHRS7","Exc L5 ET",-0.057647126936911,4.93998977556408,0.693317040056715,0.406489566365341,0.999723251605349,1,"arteriol_scler"
"7190","PPM1A","Exc L5 ET",0.0311441302298533,6.72538092812111,1.35707547012447,0.246072133675215,0.999723251605349,1,"arteriol_scler"
"7191","C14orf39","Exc L5 ET",-0.0225077722866857,4.47258910906136,0.0489807527863135,0.825176400889815,0.999723251605349,1,"arteriol_scler"
"7192","MNAT1","Exc L5 ET",-0.0065364099025621,8.4474263542424,0.063648361229373,0.801198420012157,0.999723251605349,1,"arteriol_scler"
"7193","SLC38A6","Exc L5 ET",-0.019939432493804,7.03311522079076,0.348999602784163,0.555654635047743,0.999723251605349,1,"arteriol_scler"
"7194","PRKCH","Exc L5 ET",-0.12791730275482,4.57209831822904,0.974726974801139,0.325246926056536,0.999723251605349,1,"arteriol_scler"
"7195","HIF1A","Exc L5 ET",0.0621160430494879,5.51003868180144,2.00696587143514,0.158851160716217,0.999723251605349,1,"arteriol_scler"
"7196","HIF1A-AS2","Exc L5 ET",-0.208875844447793,4.26150016946864,3.47005103452424,0.0646337918158715,0.999723251605349,1,"arteriol_scler"
"7197","SNAPC1","Exc L5 ET",0.0504705039156146,4.34384596717884,0.90823632417911,0.34226351775765,0.999723251605349,1,"arteriol_scler"
"7198","SYT16","Exc L5 ET",-0.0230965639360945,8.0025800672871,0.758914058786055,0.38519466327215,0.999723251605349,1,"arteriol_scler"
"7199","KCNH5","Exc L5 ET",-0.244403412281675,4.09826671404748,3.13202814326081,0.0789958683051642,0.999723251605349,1,"arteriol_scler"
"7200","PPP2R5E","Exc L5 ET",-0.0183191816523426,7.06942276929453,0.624824187218909,0.430628241400436,0.999723251605349,1,"arteriol_scler"
"7201","WDR89","Exc L5 ET",-0.0574598300672704,4.12418917793268,0.755935015615613,0.392829327523734,0.999723251605349,1,"arteriol_scler"
"7202","SGPP1","Exc L5 ET",-0.00830417864816624,5.5242821561677,0.0489017746559101,0.825315102836086,0.999723251605349,1,"arteriol_scler"
"7203","SYNE2","Exc L5 ET",-0.0133618340056676,4.65556815175789,0.0917086400802685,0.762476068032321,0.999723251605349,1,"arteriol_scler"
"7204","ESR2","Exc L5 ET",-0.0359469582107307,4.33701284427835,0.349584086019912,0.597787136788032,0.999723251605349,1,"arteriol_scler"
"7205","MTHFD1","Exc L5 ET",0.0181870542456739,5.1724679387612,0.189243762330947,0.664232217194092,0.999723251605349,1,"arteriol_scler"
"7206","ZBTB25","Exc L5 ET",-0.0516058192344993,4.66765785472035,0.998036403952611,0.402692514223994,0.999723251605349,1,"arteriol_scler"
"7207","AKAP5","Exc L5 ET",-0.0365472377892036,4.01749012558043,0.214888183714189,0.643699414030198,0.999723251605349,1,"arteriol_scler"
"7208","ZBTB1","Exc L5 ET",0.0635667800209536,5.87176890727516,1.73099885752168,0.190483831877225,0.999723251605349,1,"arteriol_scler"
"7209","SPTB","Exc L5 ET",0.0189512308499225,5.56994374393452,0.18739304241742,0.665776934104127,0.999723251605349,1,"arteriol_scler"
"7210","CHURC1-FNTB","Exc L5 ET",-0.126321195564243,4.19086715687158,2.56661519483238,0.111447413084766,0.999723251605349,1,"arteriol_scler"
"7211","RAB15","Exc L5 ET",0.0662234176068865,5.83838086987534,3.65568347200069,0.0646290060920362,0.999723251605349,1,"arteriol_scler"
"7212","MAX","Exc L5 ET",-0.0785746016322661,6.36723948552248,4.94072993317426,0.0278721823386986,0.999723251605349,1,"arteriol_scler"
"7213","FUT8","Exc L5 ET",-0.0187043764207748,7.68758774841668,0.325449756774084,0.569286545899864,0.999723251605349,1,"arteriol_scler"
"7214","AL359232.1","Exc L5 ET",0.0310821455303714,5.04573508793851,0.20074340580809,0.654830151916863,0.999723251605349,1,"arteriol_scler"
"7215","GPHN","Exc L5 ET",-0.0195969957466354,9.44793135165033,0.693883458314629,0.406298419072511,0.999723251605349,1,"arteriol_scler"
"7216","MPP5","Exc L5 ET",0.00426886344694073,5.24976671032894,0.00911433909293851,0.924081966375192,0.999723251605349,1,"arteriol_scler"
"7217","ATP6V1D","Exc L5 ET",-0.0147014233777531,5.84363195893305,0.0528096257770861,0.818587724713645,0.999723251605349,1,"arteriol_scler"
"7218","EIF2S1","Exc L5 ET",-0.0775342996468827,4.94988451219873,2.78434291058223,0.0974766720183562,0.999723251605349,1,"arteriol_scler"
"7219","TMEM229B","Exc L5 ET",-0.00693623938799876,4.47596741681503,0.0175295952425495,0.894862930439365,0.999723251605349,1,"arteriol_scler"
"7220","PLEKHH1","Exc L5 ET",0.0122676533104413,4.62837351428022,0.045268570787544,0.831827640681103,0.999723251605349,1,"arteriol_scler"
"7221","ARG2","Exc L5 ET",0.00821605622998957,5.1968883515124,0.0180764558921387,0.893245352071599,0.999723251605349,1,"arteriol_scler"
"7222","VTI1B","Exc L5 ET",0.039968275240959,4.37544295391819,0.28918571007333,0.591616489544123,0.999723251605349,1,"arteriol_scler"
"7223","ZFYVE26","Exc L5 ET",-0.0089628537375595,4.65106346224133,0.0322769837879595,0.857686909320981,0.999723251605349,1,"arteriol_scler"
"7224","RAD51B","Exc L5 ET",0.0654001326705327,5.62833773308498,1.77880431381005,0.184512332826509,0.999723251605349,1,"arteriol_scler"
"7225","ACTN1","Exc L5 ET",0.0149067265728332,7.64068079547066,0.357821902379482,0.550707362881903,0.999723251605349,1,"arteriol_scler"
"7226","DCAF5","Exc L5 ET",-0.0116597362635237,6.91066775278425,0.201813664310101,0.653971706491689,0.999723251605349,1,"arteriol_scler"
"7227","EXD2","Exc L5 ET",0.0205729124989197,5.23786390981163,0.210625943001163,0.833395128426444,0.999723251605349,1,"arteriol_scler"
"7228","GALNT16","Exc L5 ET",0.00986674560467689,5.71052988279276,0.0767896794108998,0.782114270177533,0.999723251605349,1,"arteriol_scler"
"7229","ERH","Exc L5 ET",-0.0216863640509073,5.05881009159513,0.0865469410613094,0.769059646303456,0.999723251605349,1,"arteriol_scler"
"7230","SLC39A9","Exc L5 ET",0.0697184844755387,5.40742898823669,3.03541270837113,0.083713031615697,0.999723251605349,1,"arteriol_scler"
"7231","PLEKHD1","Exc L5 ET",0.00796042545468879,5.09270830199364,0.0192557141704664,0.889839929304645,0.999723251605349,1,"arteriol_scler"
"7232","SUSD6","Exc L5 ET",0.02859877926818,5.21521952366723,0.504470204626232,0.478751430424988,0.999723251605349,1,"arteriol_scler"
"7233","SRSF5","Exc L5 ET",-0.0319618167130429,7.48316489711896,0.55557246722062,0.457328291038127,0.999723251605349,1,"arteriol_scler"
"7234","SLC8A3","Exc L5 ET",-0.041476677961565,6.56431061979871,0.56014251185911,0.455487510113232,0.999723251605349,1,"arteriol_scler"
"7235","AL357153.2","Exc L5 ET",-0.0541321738515528,6.66113681270522,1.4997788098716,0.222809850916455,0.999723251605349,1,"arteriol_scler"
"7236","MED6","Exc L5 ET",0.014670004111562,5.06130224571573,0.0991481898534992,0.753333964123927,0.999723251605349,1,"arteriol_scler"
"7237","TTC9","Exc L5 ET",0.0454130505656707,4.88651018636385,0.744173917642162,0.389836726927263,0.999723251605349,1,"arteriol_scler"
"7238","MAP3K9","Exc L5 ET",0.027895383606625,6.68903183484411,0.82079522431441,0.366540545398839,0.999723251605349,1,"arteriol_scler"
"7239","PCNX1","Exc L5 ET",-0.00777075376469271,7.91303280997592,0.0767697142837624,0.782141874412596,0.999723251605349,1,"arteriol_scler"
"7240","SIPA1L1","Exc L5 ET",-0.00337205708435528,9.56107161850912,0.0236855937120872,0.877914383696547,0.999723251605349,1,"arteriol_scler"
"7241","RGS6","Exc L5 ET",0.0238239942543171,8.72038492794202,0.119577197983393,0.730024663730307,0.999723251605349,1,"arteriol_scler"
"7242","ZFYVE1","Exc L5 ET",0.0777631320915701,4.93186666048505,2.88962916973095,0.110135165482375,0.999723251605349,1,"arteriol_scler"
"7243","RBM25","Exc L5 ET",-0.000674205544338238,7.16565508776958,0.00050986581957285,0.982018030559165,0.999723251605349,1,"arteriol_scler"
"7244","PSEN1","Exc L5 ET",-0.023579766323523,5.79433569297962,0.366629381478025,0.545850427495164,0.999723251605349,1,"arteriol_scler"
"7245","NUMB","Exc L5 ET",0.00631178410071957,7.37127859475668,0.0458543451835375,0.830759603981829,0.999723251605349,1,"arteriol_scler"
"7246","HEATR4","Exc L5 ET",0.0181377346619616,5.55645739379446,0.110681356252649,0.739878973276425,0.999723251605349,1,"arteriol_scler"
"7247","AC005225.2","Exc L5 ET",0.0394916488020485,4.95308966626373,0.514808263743969,0.474288053925598,0.999723251605349,1,"arteriol_scler"
"7248","DNAL1","Exc L5 ET",-0.0325501898355742,5.24387112507972,0.67018425571035,0.414411018624052,0.999723251605349,1,"arteriol_scler"
"7249","PNMA1","Exc L5 ET",0.0212662020810545,5.60785180694435,0.0800681867205535,0.777632709169018,0.999723251605349,1,"arteriol_scler"
"7250","ELMSAN1","Exc L5 ET",-0.0300955929967578,4.60826150240474,0.354802463979364,0.565733391530718,0.999723251605349,1,"arteriol_scler"
"7251","AC005480.1","Exc L5 ET",-0.0817371750194825,4.02750856354596,1.01765300285755,0.314857179747546,0.999723251605349,1,"arteriol_scler"
"7252","COQ6","Exc L5 ET",-0.0867650423053141,4.36170153777009,2.09180750551995,0.178908929415577,0.999723251605349,1,"arteriol_scler"
"7253","BBOF1","Exc L5 ET",-0.0632867954239222,5.14077046716614,1.83093273312829,0.178249079849554,0.999723251605349,1,"arteriol_scler"
"7254","ALDH6A1","Exc L5 ET",-0.1146333011272,4.64118497640623,3.72816760707009,0.0555703865499481,0.999723251605349,1,"arteriol_scler"
"7255","LIN52","Exc L5 ET",-0.0214862196443461,6.57191523010509,0.355388624138589,0.55206353505003,0.999723251605349,1,"arteriol_scler"
"7256","ABCD4","Exc L5 ET",-0.0443011570320133,6.51612468857597,1.23889255991933,0.267636398690768,0.999723251605349,1,"arteriol_scler"
"7257","ISCA2","Exc L5 ET",-0.0529599225659293,3.68106617120367,0.256478424942129,0.613365069300516,0.999723251605349,1,"arteriol_scler"
"7258","AREL1","Exc L5 ET",-0.0212906261329992,5.20145035518349,0.298195939509563,0.704821119273882,0.999723251605349,1,"arteriol_scler"
"7259","FCF1","Exc L5 ET",0.0487311867670778,4.33045377557434,0.753593085160454,0.386861188281778,0.999723251605349,1,"arteriol_scler"
"7260","YLPM1","Exc L5 ET",0.010252267617925,7.21936457031622,0.171585578510404,0.804023926806764,0.999723251605349,1,"arteriol_scler"
"7261","DLST","Exc L5 ET",-0.0416061338181417,5.62813902495707,0.797705123981181,0.373348724363667,0.999723251605349,1,"arteriol_scler"
"7262","RPS6KL1","Exc L5 ET",-0.0788895824567884,5.73954524318788,2.01295919190987,0.158234933793299,0.999723251605349,1,"arteriol_scler"
"7263","MLH3","Exc L5 ET",0.0505663608297833,5.7092111869232,2.21906321018392,0.138617453564422,0.999723251605349,1,"arteriol_scler"
"7264","ACYP1","Exc L5 ET",0.0378716010859796,4.75622711323041,0.382635449585983,0.537224662237052,0.999723251605349,1,"arteriol_scler"
"7265","NEK9","Exc L5 ET",-0.0527507420570799,5.01314796252023,1.37873104840347,0.242357246930845,0.999723251605349,1,"arteriol_scler"
"7266","TMED10","Exc L5 ET",-0.0206631643495336,5.3569622010812,0.272765920338106,0.868621402241975,0.999723251605349,1,"arteriol_scler"
"7267","JDP2","Exc L5 ET",0.0164819278298523,5.48080168540606,0.135845000711988,0.713016793296129,0.999723251605349,1,"arteriol_scler"
"7268","TTLL5","Exc L5 ET",-0.0369018267730977,6.94854920182383,1.1661821509647,0.282087145528547,0.999723251605349,1,"arteriol_scler"
"7269","ERG28","Exc L5 ET",-0.0187382209521677,4.19188477041647,0.0639799375705377,0.800692261187908,0.999723251605349,1,"arteriol_scler"
"7270","IFT43","Exc L5 ET",-0.0304928310343105,6.34236291077965,1.06002743300429,0.305025659609914,0.999723251605349,1,"arteriol_scler"
"7271","GPATCH2L","Exc L5 ET",0.0165020692976461,6.80268202121585,0.371493806917542,0.543202025710414,0.999723251605349,1,"arteriol_scler"
"7272","AC008050.1","Exc L5 ET",0.00577696148555409,5.33992547664494,0.0119956152879937,0.912946977711352,0.999723251605349,1,"arteriol_scler"
"7273","AC007376.2","Exc L5 ET",0.0327873485849661,4.62600824011271,0.273436162087162,0.601881840080795,0.999723251605349,1,"arteriol_scler"
"7274","VASH1","Exc L5 ET",-0.0231097569444029,4.77436330410966,0.133134010450064,0.715767873521632,0.999723251605349,1,"arteriol_scler"
"7275","ANGEL1","Exc L5 ET",-0.101684725659193,4.88085880152212,5.54932406933094,0.0596829771745825,0.999723251605349,1,"arteriol_scler"
"7276","IRF2BPL","Exc L5 ET",0.0725921628379516,4.16678446220579,0.920743315559469,0.338972578531205,0.999723251605349,1,"arteriol_scler"
"7277","TMEM63C","Exc L5 ET",0.0649564031634098,5.06930049362087,2.23117260099966,0.137553875069597,0.999723251605349,1,"arteriol_scler"
"7278","POMT2","Exc L5 ET",-0.0334056836603287,4.74160651638912,0.509181847949248,0.498477869569939,0.999723251605349,1,"arteriol_scler"
"7279","TMED8","Exc L5 ET",-0.00650712385350616,6.08322336537419,0.0368548629359354,0.971874466856554,0.999723251605349,1,"arteriol_scler"
"7280","VIPAS39","Exc L5 ET",-0.0741354892248967,4.64399595091359,2.35706538858251,0.127025980924524,0.999723251605349,1,"arteriol_scler"
"7281","AHSA1","Exc L5 ET",-0.0653907351423869,5.06761454177322,1.13939135409757,0.28766087805421,0.999723251605349,1,"arteriol_scler"
"7282","SPTLC2","Exc L5 ET",0.0384137194150024,5.71300285332955,0.866151808212475,0.353662154061684,0.999723251605349,1,"arteriol_scler"
"7283","ALKBH1","Exc L5 ET",0.0187276710861238,4.5473190543733,0.106354595511926,0.744831474041789,0.999723251605349,1,"arteriol_scler"
"7284","SLIRP","Exc L5 ET",-0.0270570416026373,4.54993600474798,0.157651822479082,0.691946407251272,0.999723251605349,1,"arteriol_scler"
"7285","SNW1","Exc L5 ET",-0.0584116124639724,4.83634609129713,1.65514086506732,0.223236697894993,0.999723251605349,1,"arteriol_scler"
"7286","ADCK1","Exc L5 ET",-0.054180350709281,4.51182803264895,0.922288895101865,0.338568872753474,0.999723251605349,1,"arteriol_scler"
"7287","NRXN3","Exc L5 ET",-0.00561006003368595,11.9263572326124,0.035740045986357,0.850333492746975,0.999723251605349,1,"arteriol_scler"
"7288","AC008056.2","Exc L5 ET",-0.167964096467078,3.69956524486896,1.87322021380108,0.173349854795633,0.999723251605349,1,"arteriol_scler"
"7289","AC008056.1","Exc L5 ET",-0.181812604231446,4.76777512347505,3.14595447245069,0.0783401572888462,0.999723251605349,1,"arteriol_scler"
"7290","CEP128","Exc L5 ET",-0.0604932425026826,5.12761937968717,0.935103662821034,0.335246534711528,0.999723251605349,1,"arteriol_scler"
"7291","AC007262.2","Exc L5 ET",0.0102566621647121,5.6247114916697,0.0160492932791794,0.899375077171527,0.999723251605349,1,"arteriol_scler"
"7292","GTF2A1","Exc L5 ET",0.00295746586888617,5.40430630117353,0.00526551016879707,0.942259182063144,0.999723251605349,1,"arteriol_scler"
"7293","SEL1L","Exc L5 ET",0.0321538654492446,5.65585327695828,0.705345139379486,0.402458680739237,0.999723251605349,1,"arteriol_scler"
"7294","FLRT2","Exc L5 ET",-0.0273629003165993,8.72737505497138,0.44054282608341,0.507977505906178,0.999723251605349,1,"arteriol_scler"
"7295","LINC02328","Exc L5 ET",-0.158711117082157,3.917893305497,3.16054107997856,0.0776597044923947,0.999723251605349,1,"arteriol_scler"
"7296","GALC","Exc L5 ET",-0.15050748375309,4.8616063220884,10.3458031164577,0.00161977485855919,0.999723251605349,0.818364304496965,"arteriol_scler"
"7297","KCNK10","Exc L5 ET",0.0432038915467369,6.4519025292596,0.981787829097935,0.323506997668757,0.999723251605349,1,"arteriol_scler"
"7298","SPATA7","Exc L5 ET",-0.0298097500232278,7.23296766888886,0.672569040115435,0.413583860132665,0.999723251605349,1,"arteriol_scler"
"7299","PTPN21","Exc L5 ET",-0.0487125314318979,4.69476400404575,0.75906301125494,0.433283705111563,0.999723251605349,1,"arteriol_scler"
"7300","ZC3H14","Exc L5 ET",0.0117338775050378,6.60506441036883,0.161143056149057,0.688732623996666,0.999723251605349,1,"arteriol_scler"
"7301","EML5","Exc L5 ET",-0.0208874817046362,6.80646232943127,0.385946212001957,0.535471686084827,0.999723251605349,1,"arteriol_scler"
"7302","TTC8","Exc L5 ET",-0.00646459346168461,5.90094961991856,0.0143653585483725,0.90477338251731,0.999723251605349,1,"arteriol_scler"
"7303","FOXN3","Exc L5 ET",0.0196240317574111,6.10567052772735,0.15910267616862,0.690605889854124,0.999723251605349,1,"arteriol_scler"
"7304","EFCAB11","Exc L5 ET",-0.0614000497139075,4.63873150908886,0.692515842425427,0.406760169974364,0.999723251605349,1,"arteriol_scler"
"7305","TDP1","Exc L5 ET",-0.0787442014767075,4.84488161743509,2.09206942879324,0.15035249232364,0.999723251605349,1,"arteriol_scler"
"7306","PSMC1","Exc L5 ET",-0.119269566582183,5.41853213419462,4.5002215460215,0.0356935922769582,0.999723251605349,1,"arteriol_scler"
"7307","NRDE2","Exc L5 ET",-0.0286188371983776,4.77961163482323,0.227884915586409,0.633858309982091,0.999723251605349,1,"arteriol_scler"
"7308","CALM1","Exc L5 ET",0.00187983532615837,9.939136748681,0.000706289167001863,0.978836560149466,0.999723251605349,1,"arteriol_scler"
"7309","TTC7B","Exc L5 ET",0.0365990648878169,7.52247897940432,1.8346154941929,0.177816061387088,0.999723251605349,1,"arteriol_scler"
"7310","RPS6KA5","Exc L5 ET",-0.0100342472774201,6.65145242149967,0.0512268803121653,0.821279796747907,0.999723251605349,1,"arteriol_scler"
"7311","DGLUCY","Exc L5 ET",-0.0287164040831673,6.03845818083178,0.462564584452478,0.497577098300432,0.999723251605349,1,"arteriol_scler"
"7312","PPP4R3A","Exc L5 ET",-0.0480792905070123,5.5188642085599,2.03328829400856,0.156165070046686,0.999723251605349,1,"arteriol_scler"
"7313","TRIP11","Exc L5 ET",0.0371624949237342,6.54976756013807,1.78008098480978,0.184355896498866,0.999723251605349,1,"arteriol_scler"
"7314","ATXN3","Exc L5 ET",0.0340608191969389,5.62400024916767,1.08929502954428,0.298468104317081,0.999723251605349,1,"arteriol_scler"
"7315","NDUFB1","Exc L5 ET",0.0264670883556819,5.18688584186732,0.275465569864992,0.600538200833166,0.999723251605349,1,"arteriol_scler"
"7316","CPSF2","Exc L5 ET",0.0357682112109189,4.64048944176764,0.520298562298594,0.471945207104644,0.999723251605349,1,"arteriol_scler"
"7317","LGMN","Exc L5 ET",-0.026558161607004,4.74978344889935,0.243079098829167,0.622781422226109,0.999723251605349,1,"arteriol_scler"
"7318","GOLGA5","Exc L5 ET",0.00996174738258055,4.7411050465633,0.0454781541967374,0.831444683577279,0.999723251605349,1,"arteriol_scler"
"7319","CHGA","Exc L5 ET",0.0963484951130551,7.07854612822501,2.07964400071699,0.151560255618069,0.999723251605349,1,"arteriol_scler"
"7320","ITPK1","Exc L5 ET",0.0839072906129735,6.37896974358025,6.41039927323004,0.0124756512890593,0.999723251605349,1,"arteriol_scler"
"7321","MOAP1","Exc L5 ET",0.0498228619678434,5.94421401156041,0.436536226311371,0.509910005156896,0.999723251605349,1,"arteriol_scler"
"7322","GON7","Exc L5 ET",-0.0619653238601903,3.70497486763873,0.640033791009211,0.425085488778026,0.999723251605349,1,"arteriol_scler"
"7323","UBR7","Exc L5 ET",0.0417403694274547,4.09518239103933,0.488109224900313,0.487230616550396,0.999723251605349,1,"arteriol_scler"
"7324","BTBD7","Exc L5 ET",0.0310550825445166,6.59899297932244,1.17520905139123,0.280240205025038,0.999723251605349,1,"arteriol_scler"
"7325","UNC79","Exc L5 ET",0.00823344523018238,9.13348424001472,0.103055335189306,0.748683330397324,0.999723251605349,1,"arteriol_scler"
"7326","DDX24","Exc L5 ET",-0.008105021380301,7.10776229968607,0.0243268378260327,0.87628607275833,0.999723251605349,1,"arteriol_scler"
"7327","PPP4R4","Exc L5 ET",-0.0206322856938012,4.30777641164563,0.0440371795148439,0.834096632617824,0.999723251605349,1,"arteriol_scler"
"7328","DICER1","Exc L5 ET",-0.0377372463187986,6.64309359706682,2.46599170560922,0.118644151224235,0.999723251605349,1,"arteriol_scler"
"7329","DICER1-AS1","Exc L5 ET",-0.050475501827658,4.27935824490231,0.594516932648116,0.442007323813482,0.999723251605349,1,"arteriol_scler"
"7330","GLRX5","Exc L5 ET",-0.00840683878184634,4.89036150304931,0.0135961764031097,0.907345931979137,0.999723251605349,1,"arteriol_scler"
"7331","C14orf132","Exc L5 ET",-0.00629362220802188,6.80591264533507,0.0286853552183245,0.865757738347584,0.999723251605349,1,"arteriol_scler"
"7332","ATG2B","Exc L5 ET",-0.022459526551153,6.4618644169371,0.562925109063156,0.454372435388705,0.999723251605349,1,"arteriol_scler"
"7333","GSKIP","Exc L5 ET",-0.0375150170516314,4.88868919173435,0.438274994160151,0.509069784882281,0.999723251605349,1,"arteriol_scler"
"7334","AK7","Exc L5 ET",-0.0243082560172338,4.03501964806911,0.127991351520333,0.721075162910119,0.999723251605349,1,"arteriol_scler"
"7335","PAPOLA","Exc L5 ET",-0.0332012094485793,6.64116342225339,0.789546408472773,0.37579689212379,0.999723251605349,1,"arteriol_scler"
"7336","VRK1","Exc L5 ET",-0.0299711584189555,6.0387431191592,0.522004967980102,0.471220871871079,0.999723251605349,1,"arteriol_scler"
"7337","LINC01550","Exc L5 ET",0.00564491479447608,4.87913542433942,0.00523244244061667,0.942440456250849,0.999723251605349,1,"arteriol_scler"
"7338","BCL11B","Exc L5 ET",-0.00278373393982348,8.51330820815562,0.00891429581484414,0.92491720211707,0.999723251605349,1,"arteriol_scler"
"7339","SETD3","Exc L5 ET",-0.0178896965679179,5.9347691159396,0.214293883949707,0.64415799360227,0.999723251605349,1,"arteriol_scler"
"7340","CCNK","Exc L5 ET",-0.10216968406681,4.6188937510582,4.33916981668082,0.0391064328174922,0.999723251605349,1,"arteriol_scler"
"7341","CYP46A1","Exc L5 ET",0.0212461809543537,6.61636393741006,0.334052990229379,0.564232312236439,0.999723251605349,1,"arteriol_scler"
"7342","EML1","Exc L5 ET",-0.0159336882690358,6.78392095073843,0.232513328628104,0.630436995180276,0.999723251605349,1,"arteriol_scler"
"7343","EVL","Exc L5 ET",-0.0215343272884261,7.9927203474854,0.835843834629983,0.362196581519909,0.999723251605349,1,"arteriol_scler"
"7344","YY1","Exc L5 ET",0.0490569484392287,5.86989264091836,2.16458797226568,0.143518836779477,0.999723251605349,1,"arteriol_scler"
"7345","SLC25A29","Exc L5 ET",-0.0737001336948998,6.0099746715684,2.4442054969833,0.120269757955513,0.999723251605349,1,"arteriol_scler"
"7346","WARS","Exc L5 ET",-0.00833368717555146,5.49223886756353,0.0488309571710397,0.82543957296601,0.999723251605349,1,"arteriol_scler"
"7347","WDR25","Exc L5 ET",-0.00145073346598997,4.98072074985035,0.000717772990891864,0.978665242810723,0.999723251605349,1,"arteriol_scler"
"7348","BEGAIN","Exc L5 ET",-0.0318967848823497,5.12073021936689,0.332080222433576,0.56538354439566,0.999723251605349,1,"arteriol_scler"
"7349","MEG3","Exc L5 ET",-0.0941729430642505,6.64840977941077,3.37452497187435,0.0683817252627044,0.999723251605349,1,"arteriol_scler"
"7350","AL117190.2","Exc L5 ET",-0.127867458882827,6.16480030153857,2.78827186801074,0.0972430352532552,0.999723251605349,1,"arteriol_scler"
"7351","AL117190.1","Exc L5 ET",-0.0751488610901332,5.06371844910247,2.23982278329937,0.136799778263392,0.999723251605349,1,"arteriol_scler"
"7352","MEG8","Exc L5 ET",-0.0464801255264603,8.63945741215983,2.84158943766304,0.094132708466847,0.999723251605349,1,"arteriol_scler"
"7353","MEG9","Exc L5 ET",-0.00517035266509354,4.24998231606669,0.00452939641763542,0.946440501167694,0.999723251605349,1,"arteriol_scler"
"7354","PPP2R5C","Exc L5 ET",0.0224611368035734,7.17917701089593,0.782281851076469,0.492640054856949,0.999723251605349,1,"arteriol_scler"
"7355","DYNC1H1","Exc L5 ET",0.0238918068153091,8.11309802735513,0.766222103229647,0.382922478073041,0.999723251605349,1,"arteriol_scler"
"7356","HSP90AA1","Exc L5 ET",-0.00110916872129589,8.42246200232515,0.000193541776919819,0.988920511004357,0.999723251605349,1,"arteriol_scler"
"7357","WDR20","Exc L5 ET",0.0140544715781305,5.88701305038924,0.143117082374017,0.983849511986692,0.999723251605349,1,"arteriol_scler"
"7358","MOK","Exc L5 ET",0.0204118713424468,6.64431701099155,0.419086511917343,0.51847797710905,0.999723251605349,1,"arteriol_scler"
"7359","ZNF839","Exc L5 ET",-0.130681698687357,4.01874194316692,3.55777167141437,0.0613868374822567,0.999723251605349,1,"arteriol_scler"
"7360","CINP","Exc L5 ET",0.0153677371163463,4.45398840430077,0.0607508339858309,0.805682556779837,0.999723251605349,1,"arteriol_scler"
"7361","TECPR2","Exc L5 ET",0.00506575606637327,6.26400330862615,0.0181765996449368,0.892951844829055,0.999723251605349,1,"arteriol_scler"
"7362","ANKRD9","Exc L5 ET",0.0125728188713967,4.67308127207532,0.0347868432814297,0.852319300511543,0.999723251605349,1,"arteriol_scler"
"7363","RCOR1","Exc L5 ET",0.00322120876367074,6.12397033683703,0.00642154138216511,0.936247366859768,0.999723251605349,1,"arteriol_scler"
"7364","TRAF3","Exc L5 ET",0.00981795602120162,7.32582504227388,0.0953377192107582,0.75796763811585,0.999723251605349,1,"arteriol_scler"
"7365","CDC42BPB","Exc L5 ET",-0.0148970383006966,6.31315960585825,0.243908931228184,0.622188974919645,0.999723251605349,1,"arteriol_scler"
"7366","EIF5","Exc L5 ET",0.0164618143128848,6.33659284457852,0.0625017568097634,0.802959635259656,0.999723251605349,1,"arteriol_scler"
"7367","MARK3","Exc L5 ET",0.0127477605910801,7.79363127928261,0.238714135886313,0.625918612874739,0.999723251605349,1,"arteriol_scler"
"7368","CKB","Exc L5 ET",0.0869364193752892,8.82644919856297,1.19504704873249,0.276234967228092,0.999723251605349,1,"arteriol_scler"
"7369","BAG5","Exc L5 ET",0.0464280815936473,4.89417544048295,0.821218202827787,0.366417457402978,0.999723251605349,1,"arteriol_scler"
"7370","KLC1","Exc L5 ET",0.0475487278392492,6.94311655136461,0.642470469994599,0.42420754950765,0.999723251605349,1,"arteriol_scler"
"7371","ZFYVE21","Exc L5 ET",-0.112879943137349,4.72781514158506,4.54215391713653,0.0348577936315216,0.999723251605349,1,"arteriol_scler"
"7372","PPP1R13B","Exc L5 ET",0.0292863095500588,7.38896419720461,0.866169266309525,0.353657318440415,0.999723251605349,1,"arteriol_scler"
"7373","ATP5MPL","Exc L5 ET",-0.0323805433175165,6.36278294089522,0.214932500825787,0.643665248523382,0.999723251605349,1,"arteriol_scler"
"7374","TDRD9","Exc L5 ET",0.0952945601391703,3.96834645122291,0.991163084907286,0.321215829527739,0.999723251605349,1,"arteriol_scler"
"7375","TMEM179","Exc L5 ET",0.00221739906731443,5.33071641740267,0.00135170989228443,0.970725486946706,0.999723251605349,1,"arteriol_scler"
"7376","INF2","Exc L5 ET",-0.0330658955445812,4.76534270537309,0.345919053403822,0.557402021891685,0.999723251605349,1,"arteriol_scler"
"7377","SIVA1","Exc L5 ET",-0.0400090327409398,4.17623630746084,0.401891348519864,0.743751666783938,0.999723251605349,1,"arteriol_scler"
"7378","AKT1","Exc L5 ET",0.0448665010449371,4.51561821043745,0.539456059041257,0.463915221419507,0.999723251605349,1,"arteriol_scler"
"7379","CEP170B","Exc L5 ET",0.034737348674877,4.91173140565509,0.46045340277877,0.49855833634502,0.999723251605349,1,"arteriol_scler"
"7380","AHNAK2","Exc L5 ET",0.0691575200159775,5.00945763665807,1.41263903240569,0.236677778025688,0.999723251605349,1,"arteriol_scler"
"7381","JAG2","Exc L5 ET",0.0176017695147257,4.2482541880189,0.0969628183229831,0.851012856863478,0.999723251605349,1,"arteriol_scler"
"7382","NUDT14","Exc L5 ET",-0.0448347027027,4.34064678213788,0.287920488433701,0.592427675669881,0.999723251605349,1,"arteriol_scler"
"7383","BRF1","Exc L5 ET",-0.0183987041962403,5.31514258544789,0.230497315721118,0.648362182028956,0.999723251605349,1,"arteriol_scler"
"7384","BTBD6","Exc L5 ET",0.064547208609095,4.28804659851495,0.567263287353129,0.452642564604306,0.999723251605349,1,"arteriol_scler"
"7385","PACS2","Exc L5 ET",-0.0162414150707875,6.03878898338741,0.264797698003984,0.607673353187226,0.999723251605349,1,"arteriol_scler"
"7386","MTA1","Exc L5 ET",-0.0684106725425604,4.46636803591348,1.26724862848606,0.262254332123956,0.999723251605349,1,"arteriol_scler"
"7387","CRIP2","Exc L5 ET",-0.055393106180276,5.04564886645005,0.606765121761733,0.437353647620782,0.999723251605349,1,"arteriol_scler"
"7388","AC087386.1","Exc L5 ET",0.0495466213055269,4.45218826871392,0.375261975738993,0.541166788775108,0.999723251605349,1,"arteriol_scler"
"7389","NIPA1","Exc L5 ET",0.0161892500519174,6.46885377117356,0.23785323276291,0.626541555883228,0.999723251605349,1,"arteriol_scler"
"7390","NIPA2","Exc L5 ET",-0.110281039302308,4.4882850684374,5.31706755622763,0.0232424681311762,0.999723251605349,1,"arteriol_scler"
"7391","CYFIP1","Exc L5 ET",-0.0843556598821145,5.0369123578425,1.76905705948007,0.185711848954229,0.999723251605349,1,"arteriol_scler"
"7392","TUBGCP5","Exc L5 ET",-0.0278318224456859,5.2183471863836,0.270390094538267,0.603910574737829,0.999723251605349,1,"arteriol_scler"
"7393","NDN","Exc L5 ET",-0.0816717080953744,4.48583059204534,0.80415373216408,0.37142958345319,0.999723251605349,1,"arteriol_scler"
"7394","PWRN1","Exc L5 ET",-0.0633582776954219,3.67003728713565,0.165939593758855,0.684382587589754,0.999723251605349,1,"arteriol_scler"
"7395","SNRPN","Exc L5 ET",0.00813550826454295,8.23520508501571,0.0404077141230234,0.840984053554279,0.999723251605349,1,"arteriol_scler"
"7396","AC124312.1","Exc L5 ET",0.00788942978298248,9.42809509665399,0.104943287262678,0.746470962071843,0.999723251605349,1,"arteriol_scler"
"7397","PWAR6","Exc L5 ET",0.0079762444105988,8.74962087742829,0.0791568480437236,0.778868367927672,0.999723251605349,1,"arteriol_scler"
"7398","UBE3A","Exc L5 ET",-0.0889698771912876,7.52687043849962,8.04288569972517,0.00526241601803925,0.999723251605349,1,"arteriol_scler"
"7399","ATP10A","Exc L5 ET",-0.00219789448416753,6.58147523597181,0.0012738483367819,0.971580759196796,0.999723251605349,1,"arteriol_scler"
"7400","GABRB3","Exc L5 ET",0.00522775409412185,9.50418388199631,0.0594034228879838,0.807806442184692,0.999723251605349,1,"arteriol_scler"
"7401","GABRA5","Exc L5 ET",-0.00761461190959382,6.1953175746546,0.0312183573398672,0.86001540377268,0.999723251605349,1,"arteriol_scler"
"7402","GABRG3","Exc L5 ET",-0.0284672905500623,7.77364512603958,0.316311479774868,0.574753146762608,0.999723251605349,1,"arteriol_scler"
"7403","OCA2","Exc L5 ET",-0.122597740676417,5.88078423936704,4.85187984303109,0.0292900044440801,0.999723251605349,1,"arteriol_scler"
"7404","HERC2","Exc L5 ET",0.0188158230039154,7.58560369299455,0.513157981822024,0.474995975669785,0.999723251605349,1,"arteriol_scler"
"7405","APBA2","Exc L5 ET",-0.0254624475360476,8.57314956320194,0.870206577897784,0.352541483790346,0.999723251605349,1,"arteriol_scler"
"7406","FAM189A1","Exc L5 ET",-0.00357649013315619,8.92589642582067,0.0144850488505657,0.904379415112639,0.999723251605349,1,"arteriol_scler"
"7407","TJP1","Exc L5 ET",0.00476452819850025,8.55538584552276,0.0274803226571759,0.86858117585564,0.999723251605349,1,"arteriol_scler"
"7408","FAN1","Exc L5 ET",-0.0625072980580144,5.42976392087216,2.60209084238217,0.109027112919829,0.999723251605349,1,"arteriol_scler"
"7409","MTMR10","Exc L5 ET",0.0067959800323033,4.53573148256333,0.0140423591181429,0.905844939920249,0.999723251605349,1,"arteriol_scler"
"7410","KLF13","Exc L5 ET",0.0606580645476763,5.09394004368805,1.51040162964386,0.221187444915372,0.999723251605349,1,"arteriol_scler"
"7411","OTUD7A","Exc L5 ET",-0.0125027375487216,8.89740777739124,0.188037824160347,0.665237736784996,0.999723251605349,1,"arteriol_scler"
"7412","CHRNA7","Exc L5 ET",-0.048232495960541,4.19135095871468,0.275812426262811,0.600309185370556,0.999723251605349,1,"arteriol_scler"
"7413","LINC02256","Exc L5 ET",-0.0315281078436942,5.94992047269824,0.272860229987737,0.60226431355817,0.999723251605349,1,"arteriol_scler"
"7414","SCG5","Exc L5 ET",0.0190873146085388,6.79607117340626,0.0854273559438101,0.77051563105219,0.999723251605349,1,"arteriol_scler"
"7415","FMN1","Exc L5 ET",-0.00782334882252911,9.33878634870838,0.0575645417713053,0.810746635617319,0.999723251605349,1,"arteriol_scler"
"7416","RYR3","Exc L5 ET",-0.0266657296839199,8.48553841277322,0.367026105501072,0.54563353554209,0.999723251605349,1,"arteriol_scler"
"7417","AVEN","Exc L5 ET",-0.0375527293398585,4.92254092143328,0.519654700260672,0.472218983640534,0.999723251605349,1,"arteriol_scler"
"7418","EMC7","Exc L5 ET",-0.00521873485848742,4.62640894867957,0.00663047289369138,0.935220809542905,0.999723251605349,1,"arteriol_scler"
"7419","KATNBL1","Exc L5 ET",-0.016328325945357,6.81828993658112,0.323008403835351,0.60118368019383,0.999723251605349,1,"arteriol_scler"
"7420","EMC4","Exc L5 ET",-0.0355753114806679,4.43274630670301,0.160863496627133,0.68898846915893,0.999723251605349,1,"arteriol_scler"
"7421","SLC12A6","Exc L5 ET",-0.0421289525217001,6.0882667394529,1.62419750546352,0.204667887395894,0.999723251605349,1,"arteriol_scler"
"7422","NOP10","Exc L5 ET",0.0136393952691979,3.76621949981289,0.0204381978707891,0.886530351180882,0.999723251605349,1,"arteriol_scler"
"7423","LPCAT4","Exc L5 ET",0.000622122026433259,6.75532606641766,0.000253704355940586,0.987314956992979,0.999723251605349,1,"arteriol_scler"
"7424","GOLGA8A","Exc L5 ET",-0.0334166662747988,7.17520029121762,0.620433829339741,0.432248638070644,0.999723251605349,1,"arteriol_scler"
"7425","GOLGA8B","Exc L5 ET",0.000765605165563802,7.2522238589358,0.000170542495568757,0.989599592585485,0.999723251605349,1,"arteriol_scler"
"7426","AQR","Exc L5 ET",0.0143203594279659,6.07129186538031,0.308130905843225,0.579735848971099,0.999723251605349,1,"arteriol_scler"
"7427","ZNF770","Exc L5 ET",-0.0407891938473081,5.00007947391308,0.535095244787272,0.465723628805261,0.999723251605349,1,"arteriol_scler"
"7428","AC021231.1","Exc L5 ET",0.0583720344176453,4.68790883735531,0.636409665586261,0.426396354298298,0.999723251605349,1,"arteriol_scler"
"7429","DPH6","Exc L5 ET",0.0469389623196535,6.1079041210733,0.882001588360769,0.349309133987169,0.999723251605349,1,"arteriol_scler"
"7430","DPH6-DT","Exc L5 ET",0.0358186331100224,6.28212192495148,0.262308884500076,0.609364118572536,0.999723251605349,1,"arteriol_scler"
"7431","C15orf41","Exc L5 ET",-0.0219960727501573,6.0625102433166,0.277599336419731,0.599132265986546,0.999723251605349,1,"arteriol_scler"
"7432","MEIS2","Exc L5 ET",0.0306125415839998,8.563887646605,0.940585573783332,0.333838721881618,0.999723251605349,1,"arteriol_scler"
"7433","AC078909.1","Exc L5 ET",-0.133645184614392,4.24775395409845,3.5871444197279,0.0603392439116332,0.999723251605349,1,"arteriol_scler"
"7434","SPRED1","Exc L5 ET",-0.00248971431862934,6.33024612755344,0.00277415078553733,0.958071504158653,0.999723251605349,1,"arteriol_scler"
"7435","FAM98B","Exc L5 ET",-0.0205912455072245,4.84964830486612,0.177969800194131,0.673785938742129,0.999723251605349,1,"arteriol_scler"
"7436","RASGRP1","Exc L5 ET",0.0137015842284965,7.00519632342174,0.171798866798484,0.679167176167882,0.999723251605349,1,"arteriol_scler"
"7437","C15orf53","Exc L5 ET",-0.186627279997744,4.88335168171904,2.46030471925125,0.119066110927921,0.999723251605349,1,"arteriol_scler"
"7438","AC013652.1","Exc L5 ET",-0.0595386906498773,6.05043952884672,1.21068734808638,0.273128266701011,0.999723251605349,1,"arteriol_scler"
"7439","FSIP1","Exc L5 ET",-0.01200972741075,5.28822712414134,0.0418411850525397,0.8382267898731,0.999723251605349,1,"arteriol_scler"
"7440","GPR176","Exc L5 ET",-0.0466274928946221,5.54568173608309,1.01050125115801,0.316557376678261,0.999723251605349,1,"arteriol_scler"
"7441","EIF2AK4","Exc L5 ET",0.0544802716994214,6.49812354581199,3.47640373397252,0.0701778406325311,0.999723251605349,1,"arteriol_scler"
"7442","SRP14","Exc L5 ET",0.0223616727160336,6.52009292349288,0.0545519722559652,0.815672870668286,0.999723251605349,1,"arteriol_scler"
"7443","DISP2","Exc L5 ET",0.000766850058325077,4.76514685415463,0.000179476134866083,0.989330679824535,0.999723251605349,1,"arteriol_scler"
"7444","KNSTRN","Exc L5 ET",0.00742442518365174,3.9124761916462,0.0089907054319638,0.924597065636484,0.999723251605349,1,"arteriol_scler"
"7445","IVD","Exc L5 ET",0.0457133791516122,5.10740975916206,0.965594831258745,0.327515803137295,0.999723251605349,1,"arteriol_scler"
"7446","BAHD1","Exc L5 ET",-0.0777871727562764,4.13468813237896,1.20820293995335,0.273618792277513,0.999723251605349,1,"arteriol_scler"
"7447","CCDC32","Exc L5 ET",0.0578908594226095,4.86541769100455,1.00323921618548,0.318296213277068,0.999723251605349,1,"arteriol_scler"
"7448","RMDN3","Exc L5 ET",-0.0313597411354856,5.30150677625068,0.639241700342413,0.425371471386911,0.999723251605349,1,"arteriol_scler"
"7449","DNAJC17","Exc L5 ET",0.00453578930906172,5.09561670598836,0.00839217392007899,0.927142848477916,0.999723251605349,1,"arteriol_scler"
"7450","ZFYVE19","Exc L5 ET",-0.063288350305614,4.18809964072851,0.821661099810976,0.366288634967285,0.999723251605349,1,"arteriol_scler"
"7451","VPS18","Exc L5 ET",-0.017160202408429,3.95582358230706,0.0430727082054922,0.835897030414399,0.999723251605349,1,"arteriol_scler"
"7452","INO80","Exc L5 ET",0.0472922900091951,6.29879729206255,1.92927078215976,0.206320322403163,0.999723251605349,1,"arteriol_scler"
"7453","CHP1","Exc L5 ET",-0.0394582204130797,5.9895700027522,0.74136576579768,0.390730197753872,0.999723251605349,1,"arteriol_scler"
"7454","NDUFAF1","Exc L5 ET",0.0245882417162854,4.19351355320644,0.153847264911925,0.695495912766361,0.999723251605349,1,"arteriol_scler"
"7455","RTF1","Exc L5 ET",-0.0235135599599786,6.57579241446841,0.302843732450621,0.583002497201118,0.999723251605349,1,"arteriol_scler"
"7456","ITPKA","Exc L5 ET",0.0947763478127667,5.55693778688111,2.47773318277232,0.117778239921132,0.999723251605349,1,"arteriol_scler"
"7457","RPAP1","Exc L5 ET",-0.099937020111295,4.23970537099859,2.81958261364133,0.0954030236456431,0.999723251605349,1,"arteriol_scler"
"7458","TYRO3","Exc L5 ET",0.100102208854263,5.69314179461021,4.38788044214688,0.0380391248287439,0.999723251605349,1,"arteriol_scler"
"7459","MGA","Exc L5 ET",-0.0135887984858591,6.22980079814879,0.156129679059763,0.6933604972968,0.999723251605349,1,"arteriol_scler"
"7460","MAPKBP1","Exc L5 ET",0.00979197086268299,6.71743458971384,0.0923880290353409,0.761624733172431,0.999723251605349,1,"arteriol_scler"
"7461","VPS39","Exc L5 ET",0.0126028304911546,5.51173750393262,0.11889674972676,0.730763650605304,0.999723251605349,1,"arteriol_scler"
"7462","TMEM87A","Exc L5 ET",0.0500931236004338,5.6938910430296,1.48718888981515,0.224751343230503,0.999723251605349,1,"arteriol_scler"
"7463","GANC","Exc L5 ET",-0.055448102758053,5.15427699780676,1.38009659166694,0.242125315112695,0.999723251605349,1,"arteriol_scler"
"7464","ZNF106","Exc L5 ET",-0.0109342082936119,6.60225680437054,0.127345180496255,0.721750484198143,0.999723251605349,1,"arteriol_scler"
"7465","SNAP23","Exc L5 ET",-0.0437478647630791,5.08846337220549,0.737721553670801,0.391894084604646,0.999723251605349,1,"arteriol_scler"
"7466","LRRC57","Exc L5 ET",0.0596558809370024,4.3948189938949,1.24443209473146,0.266574166627123,0.999723251605349,1,"arteriol_scler"
"7467","HAUS2","Exc L5 ET",0.064091062129467,4.64178846382264,1.52371837135539,0.219173678772471,0.999723251605349,1,"arteriol_scler"
"7468","STARD9","Exc L5 ET",-0.0102375427488677,6.23033594492935,0.0625552419702804,0.80287710052026,0.999723251605349,1,"arteriol_scler"
"7469","CDAN1","Exc L5 ET",0.0415002293660791,3.89752158895095,0.283712552348344,0.595142194408036,0.999723251605349,1,"arteriol_scler"
"7470","TTBK2","Exc L5 ET",0.00186126431576244,8.16984007907275,0.006749203313354,0.934644691183606,0.999723251605349,1,"arteriol_scler"
"7471","UBR1","Exc L5 ET",0.013860091501188,7.09461725842633,0.264217996239591,0.608066270161308,0.999723251605349,1,"arteriol_scler"
"7472","AC068724.3","Exc L5 ET",-0.0882218091168616,4.29189107173191,1.57703236342544,0.211329068231386,0.999723251605349,1,"arteriol_scler"
"7473","TMEM62","Exc L5 ET",-0.00861743646611178,5.50209287604317,0.0393064262626214,0.843137125053185,0.999723251605349,1,"arteriol_scler"
"7474","CCNDBP1","Exc L5 ET",0.0216266404035421,5.34013081276003,0.150982514474758,0.698202207406612,0.999723251605349,1,"arteriol_scler"
"7475","ADAL","Exc L5 ET",0.0918058115070932,5.00401578424621,4.08174959333206,0.0453006950372706,0.999723251605349,1,"arteriol_scler"
"7476","TUBGCP4","Exc L5 ET",-0.045351384268583,5.1028436641126,1.02118843561962,0.314021140034082,0.999723251605349,1,"arteriol_scler"
"7477","TP53BP1","Exc L5 ET",0.00609804667408795,6.51559552376207,0.0415947763898236,0.838697211777786,0.999723251605349,1,"arteriol_scler"
"7478","MAP1A","Exc L5 ET",0.0388582123870201,7.66802402108923,0.457326290498763,0.500017821089425,0.999723251605349,1,"arteriol_scler"
"7479","PPIP5K1","Exc L5 ET",0.00484677258463653,6.60110394282741,0.0211895840469741,0.884477919932453,0.999723251605349,1,"arteriol_scler"
"7480","CKMT1B","Exc L5 ET",-0.0938853327006274,6.4992908336349,4.37437766476742,0.0383318553222573,0.999723251605349,1,"arteriol_scler"
"7481","AC011330.3","Exc L5 ET",0.109785122466155,5.67202469751328,5.02209549938418,0.0266371277015641,0.999723251605349,1,"arteriol_scler"
"7482","CATSPER2","Exc L5 ET",0.0216767619330913,7.52041812072155,0.379946481064551,0.538656155702757,0.999723251605349,1,"arteriol_scler"
"7483","CKMT1A","Exc L5 ET",-0.0318331158142109,4.75938309972866,0.193652469197739,0.660588343194982,0.999723251605349,1,"arteriol_scler"
"7484","PDIA3","Exc L5 ET",0.0336381585108117,5.50101023842372,0.578591831906212,0.448173760001195,0.999723251605349,1,"arteriol_scler"
"7485","SERF2","Exc L5 ET",0.00218237763870483,5.74524261947734,0.000616708963751243,0.980223854581478,0.999723251605349,1,"arteriol_scler"
"7486","MFAP1","Exc L5 ET",0.00615561975698805,4.49252274809501,0.0105909105909339,0.91818338667464,0.999723251605349,1,"arteriol_scler"
"7487","FRMD5","Exc L5 ET",-0.0058666539419498,9.03742866900984,0.0288235473468498,0.865437879299624,0.999723251605349,1,"arteriol_scler"
"7488","CASC4","Exc L5 ET",-0.00161346613009737,7.41385012933991,0.00280606521039516,0.957831242488405,0.999723251605349,1,"arteriol_scler"
"7489","AC025043.1","Exc L5 ET",-0.207101184902182,4.50261323498316,4.19789350242873,0.0423857582944522,0.999723251605349,1,"arteriol_scler"
"7490","CTDSPL2","Exc L5 ET",-0.00115305343082628,5.88597358611274,0.000991854701184835,0.97492169412118,0.999723251605349,1,"arteriol_scler"
"7491","EIF3J-DT","Exc L5 ET",0.0914775761975502,4.23019884811668,2.04992688928374,0.154494057426874,0.999723251605349,1,"arteriol_scler"
"7492","EIF3J","Exc L5 ET",0.0310588519303661,5.29059756254315,0.467887135611464,0.495117758251819,0.999723251605349,1,"arteriol_scler"
"7493","SPG11","Exc L5 ET",-0.0160660019427632,6.56470098095604,0.286856831158283,0.593111410575909,0.999723251605349,1,"arteriol_scler"
"7494","B2M","Exc L5 ET",0.1392629571876,4.33166712661574,1.5567965864272,0.21426624373601,0.999723251605349,1,"arteriol_scler"
"7495","TRIM69","Exc L5 ET",0.0189195184405202,5.51127497288763,0.147041807789077,0.701973705565614,0.999723251605349,1,"arteriol_scler"
"7496","AC051619.5","Exc L5 ET",-0.000383015055927191,3.63801146771475,7.28583842391806e-07,0.999320192119914,0.999723251605349,1,"arteriol_scler"
"7497","SPATA5L1","Exc L5 ET",-0.0899505098290611,4.02439591428134,1.79711133234762,0.182283868842828,0.999723251605349,1,"arteriol_scler"
"7498","SLC30A4","Exc L5 ET",0.0587760313909976,4.37008898838553,1.0121873290026,0.316155454024468,0.999723251605349,1,"arteriol_scler"
"7499","SEMA6D","Exc L5 ET",-0.146502403785103,6.0449828175105,2.22380345426267,0.138200008353,0.999723251605349,1,"arteriol_scler"
"7500","MYEF2","Exc L5 ET",0.0106995457302716,6.47755325102976,0.0835948404771835,0.772921291014622,0.999723251605349,1,"arteriol_scler"
"7501","DUT","Exc L5 ET",-0.0347198949798927,5.56973614042678,0.562258443660828,0.454639196106602,0.999723251605349,1,"arteriol_scler"
"7502","FBN1","Exc L5 ET",0.000594893456367505,6.53586741568154,0.000138239537540303,0.990636191212137,0.999723251605349,1,"arteriol_scler"
"7503","CEP152","Exc L5 ET",0.00230378637031211,4.75594098871339,0.000982460552139716,0.975040699333378,0.999723251605349,1,"arteriol_scler"
"7504","EID1","Exc L5 ET",-0.0296911157138793,6.7886052240553,0.153419504496886,0.69589815562186,0.999723251605349,1,"arteriol_scler"
"7505","SECISBP2L","Exc L5 ET",0.0224452795045832,6.63363072446095,0.740077282852777,0.39114114254121,0.999723251605349,1,"arteriol_scler"
"7506","COPS2","Exc L5 ET",0.0550927603014196,5.57170853765641,2.037343755196,0.155755878794994,0.999723251605349,1,"arteriol_scler"
"7507","GALK2","Exc L5 ET",0.0338658470277778,6.92875465674837,1.41028541758889,0.304761152693485,0.999723251605349,1,"arteriol_scler"
"7508","FAM227B","Exc L5 ET",-0.133691570259686,4.41899646575908,3.31363558069447,0.0708929266771215,0.999723251605349,1,"arteriol_scler"
"7509","DTWD1","Exc L5 ET",-0.000987413097366022,5.95970656647545,0.000640356663452463,0.979848343162217,0.999723251605349,1,"arteriol_scler"
"7510","GABPB1","Exc L5 ET",0.0227379719853995,5.10692935428485,0.244460635083857,0.621795787803795,0.999723251605349,1,"arteriol_scler"
"7511","GABPB1-AS1","Exc L5 ET",0.0283475701659642,6.30802086006159,0.302681589320565,0.583103262834312,0.999723251605349,1,"arteriol_scler"
"7512","USP8","Exc L5 ET",0.0385705882701883,6.3434742669625,1.55492320298844,0.214540627493503,0.999723251605349,1,"arteriol_scler"
"7513","TRPM7","Exc L5 ET",0.0187587794212483,7.05334957555399,0.408684946831637,0.523706656391038,0.999723251605349,1,"arteriol_scler"
"7514","SPPL2A","Exc L5 ET",0.0245695886352946,5.82217081262779,0.342639836438095,0.559273658286545,0.999723251605349,1,"arteriol_scler"
"7515","AC021752.1","Exc L5 ET",-0.0708696711968105,4.69472756353767,1.3442778609541,0.248300476640539,0.999723251605349,1,"arteriol_scler"
"7516","AP4E1","Exc L5 ET",0.0420509689875763,5.27973944958917,0.813600117932055,0.368643231653381,0.999723251605349,1,"arteriol_scler"
"7517","DMXL2","Exc L5 ET",0.0264773935427888,7.1352145380888,1.20130712636165,0.333768040431016,0.999723251605349,1,"arteriol_scler"
"7518","SCG3","Exc L5 ET",-0.0633569472244393,5.61314890678693,1.4847245817124,0.2251337548271,0.999723251605349,1,"arteriol_scler"
"7519","LYSMD2","Exc L5 ET",-0.0865609351213515,5.15534898718922,2.52761592650221,0.114177301654565,0.999723251605349,1,"arteriol_scler"
"7520","TMOD2","Exc L5 ET",-0.00246857152338733,7.76746584487993,0.010177198845907,0.919791739340424,0.999723251605349,1,"arteriol_scler"
"7521","TMOD3","Exc L5 ET",-0.0251063032322211,6.03232484001151,0.588194576972542,0.456877515189476,0.999723251605349,1,"arteriol_scler"
"7522","LEO1","Exc L5 ET",-0.074094164911429,4.39658770696225,2.0630995605291,0.15318564767945,0.999723251605349,1,"arteriol_scler"
"7523","MAPK6","Exc L5 ET",0.0146685923740053,5.18749121414108,0.121251771733584,0.728216003293783,0.999723251605349,1,"arteriol_scler"
"7524","GNB5","Exc L5 ET",0.012290492061564,7.18633479236206,0.276787559738584,0.671220169549138,0.999723251605349,1,"arteriol_scler"
"7525","MYO5C","Exc L5 ET",-0.0843283667074586,5.47889469353752,2.34499242139748,0.127995197131344,0.999723251605349,1,"arteriol_scler"
"7526","MYO5A","Exc L5 ET",-0.000265420788042899,8.68807772196035,0.000191741500386024,0.988972157358727,0.999723251605349,1,"arteriol_scler"
"7527","ARPP19","Exc L5 ET",-0.0481848513072634,7.0350091360778,0.730311966467994,0.3942760434589,0.999723251605349,1,"arteriol_scler"
"7528","FAM214A","Exc L5 ET",0.0136055907195817,6.25836163040525,0.0935645895177,0.760158453905264,0.999723251605349,1,"arteriol_scler"
"7529","UNC13C","Exc L5 ET",0.0457930847912507,6.54609584620877,0.81648618321941,0.367797790125128,0.999723251605349,1,"arteriol_scler"
"7530","RSL24D1","Exc L5 ET",-0.0264766726099156,4.42080462313163,0.101846837799965,0.750111253265682,0.999723251605349,1,"arteriol_scler"
"7531","RAB27A","Exc L5 ET",-0.0205430833913319,4.43061810081528,0.0908466988606423,0.763561129245996,0.999723251605349,1,"arteriol_scler"
"7532","PIGB","Exc L5 ET",-0.0419317149709018,4.64869491587501,0.562414881343924,0.45457657663873,0.999723251605349,1,"arteriol_scler"
"7533","CCPG1","Exc L5 ET",-0.0543093487046116,7.73990448942001,2.15702025856513,0.1442151834094,0.999723251605349,1,"arteriol_scler"
"7534","DNAAF4","Exc L5 ET",-0.0550673961316728,5.09905844628445,1.19681892307572,0.275880773346772,0.999723251605349,1,"arteriol_scler"
"7535","PYGO1","Exc L5 ET",0.00922141694996025,3.81197084277699,0.0100328878451006,0.920360512874676,0.999723251605349,1,"arteriol_scler"
"7536","RFX7","Exc L5 ET",0.0288006393880717,7.24034960268537,0.744678177669464,0.389676597903614,0.999723251605349,1,"arteriol_scler"
"7537","TEX9","Exc L5 ET",-0.0977707520175367,4.69583737941286,2.51440276957161,0.115119028736496,0.999723251605349,1,"arteriol_scler"
"7538","MNS1","Exc L5 ET",0.0853369682315411,4.3571964716955,1.59928933905835,0.208153960426622,0.999723251605349,1,"arteriol_scler"
"7539","AC090518.1","Exc L5 ET",-0.133244145669995,3.97384648270804,1.35023754998378,0.24725968139778,0.999723251605349,1,"arteriol_scler"
"7540","ZNF280D","Exc L5 ET",-0.0159461508865781,5.91609387964897,0.146236653351949,0.702751407484782,0.999723251605349,1,"arteriol_scler"
"7541","AC090517.4","Exc L5 ET",0.019212683649111,5.26784614362174,0.127907478713809,0.721162710591994,0.999723251605349,1,"arteriol_scler"
"7542","TCF12","Exc L5 ET",-0.00270556969145361,7.56802361983909,0.00689099995875667,0.933963292708771,0.999723251605349,1,"arteriol_scler"
"7543","POLR2M","Exc L5 ET",0.116346767067821,4.30173317275532,3.26425933508166,0.0730026794073074,0.999723251605349,1,"arteriol_scler"
"7544","ADAM10","Exc L5 ET",0.0740020113025959,6.1751684750243,4.07928092623848,0.045364922957984,0.999723251605349,1,"arteriol_scler"
"7545","MINDY2","Exc L5 ET",0.017773830444931,6.32946032234575,0.360644180381475,0.549142214334512,0.999723251605349,1,"arteriol_scler"
"7546","RNF111","Exc L5 ET",0.0185088088952906,6.74858244786974,0.559764690241621,0.455639248727954,0.999723251605349,1,"arteriol_scler"
"7547","SLTM","Exc L5 ET",0.047935599012088,6.54568418359369,2.81563122562796,0.095633103696588,0.999723251605349,1,"arteriol_scler"
"7548","MYO1E","Exc L5 ET",-0.0809258616917332,5.1191523051319,0.781313084007241,0.378290518441059,0.999723251605349,1,"arteriol_scler"
"7549","FAM81A","Exc L5 ET",-0.0615053985793042,7.57757072743863,3.05711455256463,0.0826273045896432,0.999723251605349,1,"arteriol_scler"
"7550","GTF2A2","Exc L5 ET",0.00903415919373599,5.05572920659122,0.0266317080271479,0.870607883858174,0.999723251605349,1,"arteriol_scler"
"7551","BNIP2","Exc L5 ET",-0.0237214725446919,4.30357080949902,0.164113915691337,0.686029574261717,0.999723251605349,1,"arteriol_scler"
"7552","ICE2","Exc L5 ET",0.0307543758977239,5.69008645787545,0.726140937908866,0.395626129364896,0.999723251605349,1,"arteriol_scler"
"7553","RORA-AS1","Exc L5 ET",-0.103070880541054,4.0233378945648,1.6703958313785,0.198384116589045,0.999723251605349,1,"arteriol_scler"
"7554","RORA","Exc L5 ET",0.0674332850066999,9.23237823992164,2.14464912461945,0.145361811084553,0.999723251605349,1,"arteriol_scler"
"7555","AC012404.1","Exc L5 ET",-0.0486217079300328,4.07126181544464,0.237512772394005,0.62678829594783,0.999723251605349,1,"arteriol_scler"
"7556","AC009554.1","Exc L5 ET",-0.0807747997376491,4.15881899101142,0.695739231590531,0.405673082878999,0.999723251605349,1,"arteriol_scler"
"7557","VPS13C","Exc L5 ET",-0.00196356084485861,7.49901304567561,0.00427541512220785,0.9479615934404,0.999723251605349,1,"arteriol_scler"
"7558","TLN2","Exc L5 ET",-0.0311766573999873,8.26289733319481,1.56598033835724,0.212927223179125,0.999723251605349,1,"arteriol_scler"
"7559","TPM1","Exc L5 ET",-0.0238472865865891,5.95825269392828,0.476163070455714,0.491334322436198,0.999723251605349,1,"arteriol_scler"
"7560","LACTB","Exc L5 ET",-0.0959382835354164,4.44728110627326,3.12387210050054,0.079382662879943,0.999723251605349,1,"arteriol_scler"
"7561","RPS27L","Exc L5 ET",-0.00374998505481336,5.10375179682865,0.00325398415147564,0.954593607688681,0.999723251605349,1,"arteriol_scler"
"7562","RAB8B","Exc L5 ET",-0.0313891081881932,6.50229538041423,0.849216837753965,0.358396144224384,0.999723251605349,1,"arteriol_scler"
"7563","APH1B","Exc L5 ET",0.0196488273322452,5.13519731738229,0.180849200567121,0.671312606536387,0.999723251605349,1,"arteriol_scler"
"7564","USP3-AS1","Exc L5 ET",0.0059228983672086,4.76371291675814,0.00930905739319565,0.923277802320173,0.999723251605349,1,"arteriol_scler"
"7565","HERC1","Exc L5 ET",0.0295638560083855,9.04252277123589,2.39188803045989,0.124276295568967,0.999723251605349,1,"arteriol_scler"
"7566","AC073167.1","Exc L5 ET",-0.14537945941393,4.97537333514726,2.17150430882545,0.14288576810947,0.999723251605349,1,"arteriol_scler"
"7567","DAPK2","Exc L5 ET",0.0380805883268818,4.14809952203217,0.197795129656273,0.657209251131054,0.999723251605349,1,"arteriol_scler"
"7568","FAM96A","Exc L5 ET",-0.0493675023822527,4.41400162008425,0.830525495066317,0.410691750621925,0.999723251605349,1,"arteriol_scler"
"7569","SNX1","Exc L5 ET",0.053663233866025,6.32594675583004,2.59283800576753,0.109652701173069,0.999723251605349,1,"arteriol_scler"
"7570","PPIB","Exc L5 ET",-0.000158366466299651,4.19720783753016,1.71751225716639e-06,0.998956250508221,0.999723251605349,1,"arteriol_scler"
"7571","CSNK1G1","Exc L5 ET",-0.0616300115606721,4.79358810977921,1.51437084172139,0.220584893856451,0.999723251605349,1,"arteriol_scler"
"7572","TRIP4","Exc L5 ET",0.0419499207552653,5.80649193890146,0.868729912925748,0.352949043088149,0.999723251605349,1,"arteriol_scler"
"7573","ZNF609","Exc L5 ET",0.0261442157179386,8.1023330147529,0.651914147479455,0.420830666200489,0.999723251605349,1,"arteriol_scler"
"7574","OAZ2","Exc L5 ET",-0.0418154452657826,5.291754326236,0.609256353954067,0.436416350713916,0.999723251605349,1,"arteriol_scler"
"7575","ANKDD1A","Exc L5 ET",0.0375771569827437,6.42089574255981,0.69222848456407,0.406857289392352,0.999723251605349,1,"arteriol_scler"
"7576","SPG21","Exc L5 ET",0.0360699821449113,4.87812893490321,0.490515941003088,0.484886557090056,0.999723251605349,1,"arteriol_scler"
"7577","MTFMT","Exc L5 ET",-0.0317136139793549,6.0363078803483,0.60456323060355,0.438184663720688,0.999723251605349,1,"arteriol_scler"
"7578","UBAP1L","Exc L5 ET",0.0105377282716075,6.44532722447792,0.081139824697786,0.776189387530198,0.999723251605349,1,"arteriol_scler"
"7579","PDCD7","Exc L5 ET",0.00818393901615389,6.41276676438418,0.032092875873762,0.858088999983959,0.999723251605349,1,"arteriol_scler"
"7580","CLPX","Exc L5 ET",-0.000173856104404089,4.93090675490095,1.56247631807372e-05,0.996851874318086,0.999723251605349,1,"arteriol_scler"
"7581","PARP16","Exc L5 ET",-0.0314936647081618,4.93839055603668,0.434163078802898,0.511060667491694,0.999723251605349,1,"arteriol_scler"
"7582","DPP8","Exc L5 ET",0.0305412479510438,6.06276574400572,0.709742709773744,0.400999570692135,0.999723251605349,1,"arteriol_scler"
"7583","HACD3","Exc L5 ET",-0.0262993389178042,6.11570606502212,0.763977055908646,0.383618456530264,0.999723251605349,1,"arteriol_scler"
"7584","INTS14","Exc L5 ET",-0.0951501905081094,4.16818694062235,2.6835175535122,0.111340280187682,0.999723251605349,1,"arteriol_scler"
"7585","DENND4A","Exc L5 ET",-0.000633122889953715,7.64090886226683,0.000544057521155099,0.981424982894165,0.999723251605349,1,"arteriol_scler"
"7586","RAB11A","Exc L5 ET",-0.0677062919164489,6.68930113587061,1.43665411036025,0.232753596450628,0.999723251605349,1,"arteriol_scler"
"7587","MEGF11","Exc L5 ET",0.192279936264642,5.67481064213046,7.31702068534181,0.00769904418394713,0.999723251605349,1,"arteriol_scler"
"7588","DIS3L","Exc L5 ET",0.0440533558415308,4.91171775323035,0.690732198469913,0.407363547158744,0.999723251605349,1,"arteriol_scler"
"7589","TIPIN","Exc L5 ET",0.0177754482432847,4.30271347950699,0.0788529864946613,0.948688985629501,0.999723251605349,1,"arteriol_scler"
"7590","MAP2K1","Exc L5 ET",-0.010840460484427,6.36608869050014,0.0912156268094899,0.763096016537499,0.999723251605349,1,"arteriol_scler"
"7591","SNAPC5","Exc L5 ET",-0.0460922592599918,4.14213212210327,0.313769112102828,0.576292512977551,0.999723251605349,1,"arteriol_scler"
"7592","RPL4","Exc L5 ET",0.0376083806253654,5.2934147116787,0.26038913091464,0.610675234005822,0.999723251605349,1,"arteriol_scler"
"7593","SMAD3","Exc L5 ET",-0.0190895078177729,6.4272787614983,0.204326964014578,0.651966521707928,0.999723251605349,1,"arteriol_scler"
"7594","AAGAB","Exc L5 ET",0.0581409326446791,5.8770599340772,2.75587130677715,0.099188352065314,0.999723251605349,1,"arteriol_scler"
"7595","IQCH","Exc L5 ET",0.0179072162243613,5.50573650655488,0.144333292823958,0.704599687656752,0.999723251605349,1,"arteriol_scler"
"7596","IQCH-AS1","Exc L5 ET",0.0212113658815143,4.24099561532274,0.119982420921575,0.729585698259117,0.999723251605349,1,"arteriol_scler"
"7597","C15orf61","Exc L5 ET",0.0073536072204118,4.53392620328735,0.0110017214260243,0.916617432881834,0.999723251605349,1,"arteriol_scler"
"7598","MAP2K5","Exc L5 ET",0.0198701732372289,8.56049312539816,0.361173453563171,0.548849625043902,0.999723251605349,1,"arteriol_scler"
"7599","PIAS1","Exc L5 ET",-0.00526390766160755,7.88348545685033,0.0493016710072268,0.824614005719358,0.999723251605349,1,"arteriol_scler"
"7600","FEM1B","Exc L5 ET",0.0264466831691802,5.40079005796443,0.255803133830754,0.613832152066328,0.999723251605349,1,"arteriol_scler"
"7601","CORO2B","Exc L5 ET",0.0470828160736438,7.1188377991356,3.12938216600175,0.0791211265006084,0.999723251605349,1,"arteriol_scler"
"7602","ANP32A","Exc L5 ET",0.0269732355921898,5.20917804996885,0.395571278054618,0.530434057904579,0.999723251605349,1,"arteriol_scler"
"7603","SPESP1","Exc L5 ET",-0.0253267662643372,4.28823809052536,0.173405077621875,0.677755720371964,0.999723251605349,1,"arteriol_scler"
"7604","NOX5","Exc L5 ET",0.150326541657514,3.6504364758799,1.24503860543207,0.266458187170535,0.999723251605349,1,"arteriol_scler"
"7605","GLCE","Exc L5 ET",-0.0567600630503864,6.73380601237033,1.5584817896939,0.21401978115017,0.999723251605349,1,"arteriol_scler"
"7606","RPLP1","Exc L5 ET",-0.0281260720954192,5.10659965355217,0.0881255821596194,0.767023964267511,0.999723251605349,1,"arteriol_scler"
"7607","DRAIC","Exc L5 ET",0.00275122891718775,4.73709927691464,0.00159852469079289,0.968166116968059,0.999723251605349,1,"arteriol_scler"
"7608","LARP6","Exc L5 ET",0.0335131662840937,4.92317214372017,0.259429634043518,0.611332819303588,0.999723251605349,1,"arteriol_scler"
"7609","LRRC49","Exc L5 ET",0.0381086057836311,6.99721272372849,1.35330451936194,0.246726166143635,0.999723251605349,1,"arteriol_scler"
"7610","THSD4","Exc L5 ET",-0.114360069436739,5.70313543381337,1.81443854558019,0.180203615041489,0.999723251605349,1,"arteriol_scler"
"7611","THSD4-AS1","Exc L5 ET",0.0161143686148915,4.11918339858622,0.0299534632876479,0.862851651655449,0.999723251605349,1,"arteriol_scler"
"7612","MYO9A","Exc L5 ET",0.0258552259339096,8.12412011613911,1.03889412769578,0.309877817868233,0.999723251605349,1,"arteriol_scler"
"7613","PKM","Exc L5 ET",0.0167396047868347,8.04905737516792,0.0724342554583948,0.788230384325804,0.999723251605349,1,"arteriol_scler"
"7614","PARP6","Exc L5 ET",0.0361413148097086,4.92599107275258,0.701000847117808,0.403907756362517,0.999723251605349,1,"arteriol_scler"
"7615","AC009690.2","Exc L5 ET",-0.126749242095435,4.1860353301226,2.26634789913943,0.134516391401447,0.999723251605349,1,"arteriol_scler"
"7616","AC009690.1","Exc L5 ET",0.0252590674228217,5.96433058477612,0.297465343519038,0.586363890930699,0.999723251605349,1,"arteriol_scler"
"7617","ARIH1","Exc L5 ET",0.00127935781980885,7.64564633710026,0.00291420867588633,0.957027129288149,0.999723251605349,1,"arteriol_scler"
"7618","BBS4","Exc L5 ET",-0.0179272413636435,4.40652150193657,0.0875677363277318,0.767741031225166,0.999723251605349,1,"arteriol_scler"
"7619","ADPGK","Exc L5 ET",0.0742797077585403,4.5088750341972,2.23831869183845,0.136930563735465,0.999723251605349,1,"arteriol_scler"
"7620","NEO1","Exc L5 ET",0.0177318536169076,6.12339482218378,0.211818952500754,0.646076079031427,0.999723251605349,1,"arteriol_scler"
"7621","NPTN","Exc L5 ET",0.0255364766395716,7.5824570333737,0.725486647337768,0.395838519204572,0.999723251605349,1,"arteriol_scler"
"7622","CD276","Exc L5 ET",-0.0320314510662649,5.08845670127466,0.469023551812502,0.494595328823846,0.999723251605349,1,"arteriol_scler"
"7623","STOML1","Exc L5 ET",0.0489275459003061,4.19132211968741,0.463714973403125,0.497043798119489,0.999723251605349,1,"arteriol_scler"
"7624","SEMA7A","Exc L5 ET",-0.00301406695538246,4.59469398005371,0.00310035328362282,0.955677314214649,0.999723251605349,1,"arteriol_scler"
"7625","UBL7","Exc L5 ET",0.0770887994611279,3.65339184346851,0.657259038354844,0.418937302593687,0.999723251605349,1,"arteriol_scler"
"7626","EDC3","Exc L5 ET",9.1897427153686e-05,4.89892806407892,2.39231332746026e-06,0.998768157070443,0.999723251605349,1,"arteriol_scler"
"7627","CSK","Exc L5 ET",-0.000545344924198167,4.05177337097168,0.000117510130210121,0.99136672518398,0.999723251605349,1,"arteriol_scler"
"7628","ULK3","Exc L5 ET",0.00292362660628416,6.73967439461393,0.00457066233374853,0.946197444934527,0.999723251605349,1,"arteriol_scler"
"7629","SCAMP2","Exc L5 ET",0.0382219467366205,4.1560016044185,0.36692229195235,0.54569027567264,0.999723251605349,1,"arteriol_scler"
"7630","MPI","Exc L5 ET",-0.00861915637097202,4.08958492393859,0.0112345879889192,0.915742889344241,0.999723251605349,1,"arteriol_scler"
"7631","FAM219B","Exc L5 ET",0.0218832571679889,5.23225321328113,0.236717876156447,0.627365230971203,0.999723251605349,1,"arteriol_scler"
"7632","COX5A","Exc L5 ET",0.0485723056652971,5.24136943900567,0.433656376458062,0.511306936027087,0.999723251605349,1,"arteriol_scler"
"7633","SCAMP5","Exc L5 ET",0.013876232995138,7.30446645698862,0.204766095453244,0.651617697131898,0.999723251605349,1,"arteriol_scler"
"7634","PPCDC","Exc L5 ET",0.0244961616417935,4.82833172607791,0.17181406556564,0.679153784067931,0.999723251605349,1,"arteriol_scler"
"7635","COMMD4","Exc L5 ET",-0.110573207241025,4.22922594979908,3.05719345460775,0.123710662390403,0.999723251605349,1,"arteriol_scler"
"7636","NEIL1","Exc L5 ET",-0.0267239285754578,6.11154168254132,0.314904918716785,0.575603787932751,0.999723251605349,1,"arteriol_scler"
"7637","MAN2C1","Exc L5 ET",0.00486504420157608,5.77762874615703,0.0172337200694477,0.901377556497125,0.999723251605349,1,"arteriol_scler"
"7638","SIN3A","Exc L5 ET",0.0882030645561488,4.80817701441731,3.58214484014152,0.0605161887434799,0.999723251605349,1,"arteriol_scler"
"7639","PTPN9","Exc L5 ET",0.0683978846343175,7.11713483657296,3.64570420510589,0.0583076303161036,0.999723251605349,1,"arteriol_scler"
"7640","SNUPN","Exc L5 ET",-0.0176772003740538,4.74942132319097,0.141530345525415,0.707347106821296,0.999723251605349,1,"arteriol_scler"
"7641","IMP3","Exc L5 ET",-0.0687871093628852,4.12831391099731,0.51780076041149,0.473008740829673,0.999723251605349,1,"arteriol_scler"
"7642","UBE2Q2","Exc L5 ET",-0.06406695239764,4.08761602798065,0.658614793298268,0.418459072247341,0.999723251605349,1,"arteriol_scler"
"7643","FBXO22","Exc L5 ET",0.0710426171045475,5.86412848967583,5.43892195530595,0.0211522917127975,0.999723251605349,1,"arteriol_scler"
"7644","NRG4","Exc L5 ET",-0.0281955680605489,5.10431922366777,0.214720765705185,0.643828520711735,0.999723251605349,1,"arteriol_scler"
"7645","TMEM266","Exc L5 ET",-0.0234649122785694,5.30594851545669,0.250597778185331,0.617458830221594,0.999723251605349,1,"arteriol_scler"
"7646","ETFA","Exc L5 ET",0.0510417742817096,5.36462153347884,0.942450372377033,0.333361635285681,0.999723251605349,1,"arteriol_scler"
"7647","SCAPER","Exc L5 ET",-0.0105443350817833,7.25648392387359,0.0870596401003206,0.768396314914551,0.999723251605349,1,"arteriol_scler"
"7648","RCN2","Exc L5 ET",-0.0328042397165833,5.83581233480254,0.42896065842499,0.513599033228763,0.999723251605349,1,"arteriol_scler"
"7649","TSPAN3","Exc L5 ET",0.0309326841029494,6.10599397751795,0.813774245371723,0.368592145789068,0.999723251605349,1,"arteriol_scler"
"7650","PEAK1","Exc L5 ET",0.00609704386146799,7.73736229782406,0.0443724797907283,0.833475550846869,0.999723251605349,1,"arteriol_scler"
"7651","HMG20A","Exc L5 ET",-0.02616076358356,6.25626130923685,1.06952480346654,0.317607811042664,0.999723251605349,1,"arteriol_scler"
"7652","LINGO1","Exc L5 ET",-0.0820083664624412,8.01062096324351,1.17206688101231,0.280881354339647,0.999723251605349,1,"arteriol_scler"
"7653","TBC1D2B","Exc L5 ET",0.0947495959269972,4.86121562343233,2.86850188491663,0.0926044391447796,0.999723251605349,1,"arteriol_scler"
"7654","IDH3A","Exc L5 ET",-0.0226404622020073,6.23031564599488,0.334650713371674,0.563884399999161,0.999723251605349,1,"arteriol_scler"
"7655","DNAJA4","Exc L5 ET",0.0166597665723952,5.02591916294745,0.0446601916864344,0.832944569198692,0.999723251605349,1,"arteriol_scler"
"7656","WDR61","Exc L5 ET",0.00165304373232627,5.69257901248158,0.00195201215242432,0.964824082550565,0.999723251605349,1,"arteriol_scler"
"7657","IREB2","Exc L5 ET",-0.0221828264225963,6.09355717573784,0.486179060200783,0.509142662018364,0.999723251605349,1,"arteriol_scler"
"7658","PSMA4","Exc L5 ET",0.031358890823934,4.74508362567479,0.265194857643655,0.607404475974068,0.999723251605349,1,"arteriol_scler"
"7659","MORF4L1","Exc L5 ET",-0.032904371940223,6.71170549448863,0.425605617164577,0.515247733517212,0.999723251605349,1,"arteriol_scler"
"7660","RASGRF1","Exc L5 ET",-0.0372345194744773,7.31606765571754,2.4544260503175,0.119504057147842,0.999723251605349,1,"arteriol_scler"
"7661","ANKRD34C-AS1","Exc L5 ET",-0.0245134032116294,7.26181679919042,0.533094876841968,0.46655696421128,0.999723251605349,1,"arteriol_scler"
"7662","TMED3","Exc L5 ET",-0.0629881262658395,4.83753502643852,1.3799917662384,0.242143109611821,0.999723251605349,1,"arteriol_scler"
"7663","ZFAND6","Exc L5 ET",0.0385935795648997,5.03401963366571,0.677076731961657,0.412027060858126,0.999723251605349,1,"arteriol_scler"
"7664","AC016705.2","Exc L5 ET",0.019468444407303,4.08427035264075,0.0575752510592655,0.810729369706725,0.999723251605349,1,"arteriol_scler"
"7665","ARNT2","Exc L5 ET",0.00164635256267986,7.29202076386657,0.00150557359638719,0.969105034649781,0.999723251605349,1,"arteriol_scler"
"7666","ABHD17C","Exc L5 ET",0.0650739380085886,4.64977480631724,1.59268137963145,0.209090645566378,0.999723251605349,1,"arteriol_scler"
"7667","CEMIP","Exc L5 ET",-0.0735364625685135,4.25083804947398,0.795313003184614,0.374064184911459,0.999723251605349,1,"arteriol_scler"
"7668","MESD","Exc L5 ET",0.00716192797291136,4.5661458106729,0.0176265366920254,0.894574330533757,0.999723251605349,1,"arteriol_scler"
"7669","CFAP161","Exc L5 ET",0.0251795558013769,6.12116093989151,0.134216571711093,0.714665524146782,0.999723251605349,1,"arteriol_scler"
"7670","TMC3-AS1","Exc L5 ET",-0.000565181068697354,4.29257235034765,3.75937506189337e-05,0.995116833115336,0.999723251605349,1,"arteriol_scler"
"7671","AC060809.1","Exc L5 ET",0.00761195020369735,3.69802576789187,0.00812004346416914,0.928330570803794,0.999723251605349,1,"arteriol_scler"
"7672","EFL1","Exc L5 ET",0.0487050971016646,5.33795825484997,1.13592907029653,0.288391439282516,0.999723251605349,1,"arteriol_scler"
"7673","SAXO2","Exc L5 ET",0.0307244789872105,5.20454602252448,0.343467075933166,0.558800372712742,0.999723251605349,1,"arteriol_scler"
"7674","CPEB1","Exc L5 ET",0.00795713162169104,6.01721579723874,0.0309386736390954,0.8606373566224,0.999723251605349,1,"arteriol_scler"
"7675","CPEB1-AS1","Exc L5 ET",-0.0799416275663189,4.33534980005565,1.65034825648994,0.201082397799743,0.999723251605349,1,"arteriol_scler"
"7676","AP3B2","Exc L5 ET",0.0354317991027325,6.89618762661164,1.4979531212685,0.223090130308432,0.999723251605349,1,"arteriol_scler"
"7677","WHAMM","Exc L5 ET",0.0920353502103477,4.31283909038281,2.43578006602763,0.120905100668846,0.999723251605349,1,"arteriol_scler"
"7678","HOMER2","Exc L5 ET",0.000642648573108411,5.19394260839066,0.000117369121335807,0.991371906378908,0.999723251605349,1,"arteriol_scler"
"7679","C15orf40","Exc L5 ET",-0.0119020627838422,4.56353959127445,0.0416489186270453,0.8385937239474,0.999723251605349,1,"arteriol_scler"
"7680","BTBD1","Exc L5 ET",0.0165769912331278,5.58417464844522,0.192703088981899,0.915723467609299,0.999723251605349,1,"arteriol_scler"
"7681","TM6SF1","Exc L5 ET",-0.033372265622815,5.61952586956534,0.847587910900304,0.358856099327645,0.999723251605349,1,"arteriol_scler"
"7682","HDGFL3","Exc L5 ET",-0.0184888617710279,6.3774583780249,0.471087584262691,0.493648835271576,0.999723251605349,1,"arteriol_scler"
"7683","AC103876.1","Exc L5 ET",-0.0974547615578062,4.42780386065863,2.05986429731015,0.153505819304496,0.999723251605349,1,"arteriol_scler"
"7684","SH3GL3","Exc L5 ET",-0.0101943866296985,6.93001175212507,0.0720280957370619,0.788810689136058,0.999723251605349,1,"arteriol_scler"
"7685","ADAMTSL3","Exc L5 ET",-0.0279544725043757,7.50506759648904,0.224362177348125,0.636491047977368,0.999723251605349,1,"arteriol_scler"
"7686","UBE2Q2L","Exc L5 ET",-0.0602520484823709,4.1293887883424,0.753337087359325,0.386941626894,0.999723251605349,1,"arteriol_scler"
"7687","WDR73","Exc L5 ET",-0.0403640606130933,4.80699396891721,0.612123872029958,0.435341295033357,0.999723251605349,1,"arteriol_scler"
"7688","SEC11A","Exc L5 ET",-0.0210137325562114,5.00810227521209,0.216760777505221,0.642259489099831,0.999723251605349,1,"arteriol_scler"
"7689","ZNF592","Exc L5 ET",0.0363087154164031,5.04130998105934,0.65037744872548,0.500888740560772,0.999723251605349,1,"arteriol_scler"
"7690","PDE8A","Exc L5 ET",-0.0319870206081147,6.64153303735951,0.778492848563869,0.379150075351812,0.999723251605349,1,"arteriol_scler"
"7691","AKAP13","Exc L5 ET",0.0084524727627951,5.72373359822844,0.0328931876956763,0.85634966787514,0.999723251605349,1,"arteriol_scler"
"7692","AGBL1","Exc L5 ET",0.0207809344768056,4.16335266596591,0.031640506230319,0.859082058217778,0.999723251605349,1,"arteriol_scler"
"7693","NTRK3","Exc L5 ET",0.000370516316945079,8.79554388200571,0.000188579649386287,0.989063455051302,0.999723251605349,1,"arteriol_scler"
"7694","MRPS11","Exc L5 ET",-0.0324353934895381,5.38068222836639,0.396371684581751,0.530019000916274,0.999723251605349,1,"arteriol_scler"
"7695","DET1","Exc L5 ET",-0.128199782789086,4.080122300349,3.2880870189613,0.0719761926059853,0.999723251605349,1,"arteriol_scler"
"7696","ABHD2","Exc L5 ET",0.0250663032107756,7.49918678008696,0.774754961573895,0.380293595359638,0.999723251605349,1,"arteriol_scler"
"7697","POLG","Exc L5 ET",0.0278080455580047,4.6844808954865,0.401103063870162,0.527577411898402,0.999723251605349,1,"arteriol_scler"
"7698","MIR9-3HG","Exc L5 ET",-0.0445274162130617,5.22951443926295,0.562760968609819,0.454438091909877,0.999723251605349,1,"arteriol_scler"
"7699","IDH2","Exc L5 ET",-0.0402813658244618,5.42120855769807,0.659541078422848,0.418132803157655,0.999723251605349,1,"arteriol_scler"
"7700","SEMA4B","Exc L5 ET",-0.0352265966540714,5.23674247733449,0.657780312165107,0.418753331181834,0.999723251605349,1,"arteriol_scler"
"7701","AC091167.6","Exc L5 ET",-0.0116526291483286,5.24209240834971,0.0512147992828348,0.821300512247533,0.999723251605349,1,"arteriol_scler"
"7702","ZNF774","Exc L5 ET",0.0382514208303564,4.39225110150933,0.383643561436377,0.536689779981097,0.999723251605349,1,"arteriol_scler"
"7703","IQGAP1","Exc L5 ET",-0.00473445718096,6.02818952958539,0.0141584052513275,0.905458529736401,0.999723251605349,1,"arteriol_scler"
"7704","CRTC3","Exc L5 ET",-0.0196381162996773,7.00978370397714,0.525165804396523,0.877999596320095,0.999723251605349,1,"arteriol_scler"
"7705","FURIN","Exc L5 ET",0.0979394903634009,4.0623547648162,2.2427605668735,0.136544736162538,0.999723251605349,1,"arteriol_scler"
"7706","MAN2A2","Exc L5 ET",0.0559150121861019,5.33581165254246,2.11557301291239,0.148097853989903,0.999723251605349,1,"arteriol_scler"
"7707","HDDC3","Exc L5 ET",-0.0418976288794101,4.01697081063067,0.243196427006283,0.622697581080033,0.999723251605349,1,"arteriol_scler"
"7708","UNC45A","Exc L5 ET",-0.037968405602851,5.52647944603029,0.497859804556592,0.48164168082153,0.999723251605349,1,"arteriol_scler"
"7709","RCCD1","Exc L5 ET",-0.0654013588923686,4.06105462274174,0.814802227283424,0.368290756367938,0.999723251605349,1,"arteriol_scler"
"7710","SV2B","Exc L5 ET",0.0409257204201223,8.66236287827629,2.66837207642838,0.104659882601773,0.999723251605349,1,"arteriol_scler"
"7711","AC104035.1","Exc L5 ET",0.0281961588568989,3.55080087694889,0.0553480519366443,0.81435741857136,0.999723251605349,1,"arteriol_scler"
"7712","SLCO3A1","Exc L5 ET",0.0188876966594167,8.18358453960356,0.407120388797406,0.524501241721944,0.999723251605349,1,"arteriol_scler"
"7713","AC116903.2","Exc L5 ET",-0.0928607018413609,3.83166829841402,0.768226421992144,0.382302647901705,0.999723251605349,1,"arteriol_scler"
"7714","FAM174B","Exc L5 ET",-0.0289478319009043,5.34813593684486,0.400444560878758,0.527916014068642,0.999723251605349,1,"arteriol_scler"
"7715","AC013394.1","Exc L5 ET",-0.00356926773775543,5.81399146320293,0.00943566877468677,0.922759459385225,0.999723251605349,1,"arteriol_scler"
"7716","CHD2","Exc L5 ET",0.00757288164757546,7.16362026674823,0.0570671464974916,0.811550434747609,0.999723251605349,1,"arteriol_scler"
"7717","RGMA","Exc L5 ET",0.0235672309548508,6.28473935223749,0.403321392122247,0.526439610098597,0.999723251605349,1,"arteriol_scler"
"7718","AC091078.1","Exc L5 ET",0.0526385962067285,6.39136156205841,0.697947430766026,0.404930832176156,0.999723251605349,1,"arteriol_scler"
"7719","AC110023.1","Exc L5 ET",0.136928061021975,6.79317142150942,4.40114982423145,0.0377537628929031,0.999723251605349,1,"arteriol_scler"
"7720","LINC01579","Exc L5 ET",-0.135185425686758,3.90148004198808,1.67300905304483,0.198035562311194,0.999723251605349,1,"arteriol_scler"
"7721","LINC01580","Exc L5 ET",0.0510359067799388,3.85652736926729,0.239333238405097,0.625471495442787,0.999723251605349,1,"arteriol_scler"
"7722","AC020704.1","Exc L5 ET",0.140786471674234,3.72295568224018,1.5730900456725,0.211897485926532,0.999723251605349,1,"arteriol_scler"
"7723","LINC02254","Exc L5 ET",0.11914343810738,4.47597729224497,1.24146615474885,0.267142239640937,0.999723251605349,1,"arteriol_scler"
"7724","LINC00923","Exc L5 ET",-0.0393822107341942,4.71051489497218,0.129913318447931,0.719077795072592,0.999723251605349,1,"arteriol_scler"
"7725","IGF1R","Exc L5 ET",0.0230349586659971,8.19237305709887,0.465381390756072,0.496272993038195,0.999723251605349,1,"arteriol_scler"
"7726","AC036108.1","Exc L5 ET",-0.0494255362507635,5.32401238022039,0.692140719836847,0.406886958374294,0.999723251605349,1,"arteriol_scler"
"7727","SYNM","Exc L5 ET",-0.070378329777872,4.88928483504504,1.6191108278697,0.205374117338677,0.999723251605349,1,"arteriol_scler"
"7728","LRRC28","Exc L5 ET",0.0185982408147995,6.65388984344871,0.280012541777493,0.597550513274857,0.999723251605349,1,"arteriol_scler"
"7729","MEF2A","Exc L5 ET",0.00307671951392113,6.9378463765771,0.00938016493986547,0.922986255416042,0.999723251605349,1,"arteriol_scler"
"7730","LINS1","Exc L5 ET",0.00399501438949248,5.00144126061978,0.00576779123080635,0.939573021927235,0.999723251605349,1,"arteriol_scler"
"7731","ASB7","Exc L5 ET",0.00877211064442045,4.84420391246553,0.0379959942510185,0.956793080203129,0.999723251605349,1,"arteriol_scler"
"7732","AC015712.2","Exc L5 ET",-0.00741426317965764,4.57316251510216,0.0239730449300085,0.877181702599447,0.999723251605349,1,"arteriol_scler"
"7733","LRRK1","Exc L5 ET",-0.0175110507524394,7.4341056143053,0.228668986055946,0.633275737024287,0.999723251605349,1,"arteriol_scler"
"7734","AC090907.2","Exc L5 ET",-0.0971389276708024,4.61978147667421,2.05795848696518,0.153694782697682,0.999723251605349,1,"arteriol_scler"
"7735","CHSY1","Exc L5 ET",-0.0162991504926853,5.51934133947797,0.133147166877633,0.715754446151559,0.999723251605349,1,"arteriol_scler"
"7736","SELENOS","Exc L5 ET",-0.191375428882537,4.26589549720857,7.42744876222958,0.00726368288488625,0.999723251605349,1,"arteriol_scler"
"7737","SNRPA1","Exc L5 ET",-0.068293530364906,5.45510479243385,1.55119524915656,0.21508789462889,0.999723251605349,1,"arteriol_scler"
"7738","PCSK6","Exc L5 ET",-0.0590858296276512,8.19426009052788,2.99307109523243,0.0858764991750444,0.999723251605349,1,"arteriol_scler"
"7739","TM2D3","Exc L5 ET",-0.0465555132901449,5.95365282861782,0.87197663011552,0.352053801426169,0.999723251605349,1,"arteriol_scler"
"7740","TARSL2","Exc L5 ET",-0.00323481701873467,6.85353160685112,0.0134852326796854,0.907723015747262,0.999723251605349,1,"arteriol_scler"
"7741","POLR3K","Exc L5 ET",-0.0199629855519299,3.71253429518912,0.0323264759284995,0.85757902081042,0.999723251605349,1,"arteriol_scler"
"7742","SNRNP25","Exc L5 ET",-0.0853307922419461,4.98592698731973,0.975474463252712,0.325062141937366,0.999723251605349,1,"arteriol_scler"
"7743","MPG","Exc L5 ET",-0.0107971508602366,5.03556507687904,0.0310247883682464,0.860445549297703,0.999723251605349,1,"arteriol_scler"
"7744","NPRL3","Exc L5 ET",-0.0351843843080975,6.00967664767696,1.21307468168147,0.272657953926569,0.999723251605349,1,"arteriol_scler"
"7745","LUC7L","Exc L5 ET",-0.0265692138765698,6.70853201097253,0.487605689868075,0.486182489959532,0.999723251605349,1,"arteriol_scler"
"7746","FAM234A","Exc L5 ET",0.0242416687432678,4.34959486653759,0.0906938358763196,0.763754147798058,0.999723251605349,1,"arteriol_scler"
"7747","RGS11","Exc L5 ET",0.0266748844865951,5.84670815018372,0.359225840653426,0.549927736028352,0.999723251605349,1,"arteriol_scler"
"7748","ARHGDIG","Exc L5 ET",0.0873570376520723,5.94576897110751,1.20369026509033,0.27451263409005,0.999723251605349,1,"arteriol_scler"
"7749","PDIA2","Exc L5 ET",-0.00595532503290385,4.4545600344694,0.00681072211903952,0.934348188331822,0.999723251605349,1,"arteriol_scler"
"7750","AXIN1","Exc L5 ET",0.0128383089828194,4.66469424169688,0.0458792478426339,0.830714357789058,0.999723251605349,1,"arteriol_scler"
"7751","MRPL28","Exc L5 ET",-0.0052341966775318,3.88484930332562,0.00539790082986052,0.992517436424874,0.999723251605349,1,"arteriol_scler"
"7752","NME4","Exc L5 ET",0.0360106744971148,4.6092404415953,0.360614411669824,0.54915867956305,0.999723251605349,1,"arteriol_scler"
"7753","RAB11FIP3","Exc L5 ET",-0.0192564942834035,7.08049071652823,0.218163621441079,0.641185732351043,0.999723251605349,1,"arteriol_scler"
"7754","CAPN15","Exc L5 ET",0.00486604511131607,4.31980085924061,0.00485524614508687,0.944550425003304,0.999723251605349,1,"arteriol_scler"
"7755","PIGQ","Exc L5 ET",0.0185744142953309,5.13449747778055,0.154887796486392,0.6945201415641,0.999723251605349,1,"arteriol_scler"
"7756","RAB40C","Exc L5 ET",0.0192722625273433,5.91363494338655,0.228330744401277,0.633526903424488,0.999723251605349,1,"arteriol_scler"
"7757","METTL26","Exc L5 ET",-0.0357983927474282,4.77734203059912,0.257743223303756,0.612492315432485,0.999723251605349,1,"arteriol_scler"
"7758","MCRIP2","Exc L5 ET",-0.00859689026630218,4.66646633713968,0.0205515301871627,0.886218343307786,0.999723251605349,1,"arteriol_scler"
"7759","RHOT2","Exc L5 ET",0.0456608734790542,5.91975887155535,1.10090562375223,0.295917373213762,0.999723251605349,1,"arteriol_scler"
"7760","RHBDL1","Exc L5 ET",-0.0822290242911601,5.5095917697147,2.20553064631814,0.139817069430637,0.999723251605349,1,"arteriol_scler"
"7761","STUB1","Exc L5 ET",0.0123706184755126,5.66385675077082,0.0282088537879534,0.866866769706263,0.999723251605349,1,"arteriol_scler"
"7762","FBXL16","Exc L5 ET",0.0398650556099557,5.3960660942403,0.487483296824544,0.486237117656914,0.999723251605349,1,"arteriol_scler"
"7763","METRN","Exc L5 ET",-0.0445126638113829,4.63437966482901,0.350853667798023,0.554607964154415,0.999723251605349,1,"arteriol_scler"
"7764","FAM173A","Exc L5 ET",-0.0769614597135086,5.12330408151356,1.26298795163316,0.263054307419306,0.999723251605349,1,"arteriol_scler"
"7765","HAGHL","Exc L5 ET",-0.121860894514554,5.60032115344589,6.01667895768527,0.0154296572490433,0.999723251605349,1,"arteriol_scler"
"7766","NARFL","Exc L5 ET",-0.103344976754304,4.90982350884656,3.72055738708314,0.0558171227820597,0.999723251605349,1,"arteriol_scler"
"7767","LMF1","Exc L5 ET",-0.0380848809838315,6.43387464564482,0.891247901154721,0.346803554203462,0.999723251605349,1,"arteriol_scler"
"7768","CACNA1H","Exc L5 ET",-0.00187302848161149,5.51043608001416,0.00177214764606283,0.966482838131657,0.999723251605349,1,"arteriol_scler"
"7769","UBE2I","Exc L5 ET",0.0161241058981826,5.30819890816834,0.153024072244994,0.69627057501088,0.999723251605349,1,"arteriol_scler"
"7770","BAIAP3","Exc L5 ET",-0.0379468973285954,4.57704522639499,0.207604538832827,0.649373789677029,0.999723251605349,1,"arteriol_scler"
"7771","GNPTG","Exc L5 ET",-0.00872639021696223,5.44341700592564,0.0432053025176491,0.835648275339826,0.999723251605349,1,"arteriol_scler"
"7772","UNKL","Exc L5 ET",0.0443608990469359,5.02564452141429,0.850388017728921,0.358065945754801,0.999723251605349,1,"arteriol_scler"
"7773","C16orf91","Exc L5 ET",-0.0905740410992398,3.69061334000532,0.83399881564915,0.362725298947853,0.999723251605349,1,"arteriol_scler"
"7774","CLCN7","Exc L5 ET",0.0227620627425594,5.50740015802137,0.298778164275153,0.585539777743121,0.999723251605349,1,"arteriol_scler"
"7775","IFT140","Exc L5 ET",0.0526318706572856,5.10661968701995,1.24809443254997,0.385862928854141,0.999723251605349,1,"arteriol_scler"
"7776","MAPK8IP3","Exc L5 ET",-0.009154709982993,7.24319008012295,0.123366762482421,0.725951575946073,0.999723251605349,1,"arteriol_scler"
"7777","NME3","Exc L5 ET",-0.0972610367191332,5.64130287306607,3.70039609839564,0.0564764861049134,0.999723251605349,1,"arteriol_scler"
"7778","MRPS34","Exc L5 ET",0.0786623309325194,4.53669111324125,0.907400362104931,0.342485025234613,0.999723251605349,1,"arteriol_scler"
"7779","EME2","Exc L5 ET",0.017993208035033,4.79435526961643,0.112574467431553,0.737745911146304,0.999723251605349,1,"arteriol_scler"
"7780","SPSB3","Exc L5 ET",-0.0213838219757878,4.66379222523038,0.119689907251738,0.729902485709224,0.999723251605349,1,"arteriol_scler"
"7781","NUBP2","Exc L5 ET",0.0737013462838274,3.86447322751012,0.86427567270246,0.354182345240835,0.999723251605349,1,"arteriol_scler"
"7782","HAGH","Exc L5 ET",0.0116090874925022,6.6161213719616,0.100890805661891,0.751247502045995,0.999723251605349,1,"arteriol_scler"
"7783","FAHD1","Exc L5 ET",0.0445986126164067,4.6322255609741,0.504422603631911,0.478772140807563,0.999723251605349,1,"arteriol_scler"
"7784","NDUFB10","Exc L5 ET",-0.0170978523606263,4.896414539415,0.0420195341639731,0.837887201208331,0.999723251605349,1,"arteriol_scler"
"7785","RPS2","Exc L5 ET",-0.052024320159804,5.07895635268184,0.351580243012903,0.554198812225763,0.999723251605349,1,"arteriol_scler"
"7786","SNHG9","Exc L5 ET",-0.153672638903386,3.7053705662388,2.87605472400261,0.0921804527386502,0.999723251605349,1,"arteriol_scler"
"7787","SYNGR3","Exc L5 ET",0.0449615387886868,5.63794468456629,0.616382382092598,0.433752221873134,0.999723251605349,1,"arteriol_scler"
"7788","SLC9A3R2","Exc L5 ET",0.0171701854355316,3.72586716682648,0.0311733343285178,0.860115330080761,0.999723251605349,1,"arteriol_scler"
"7789","TSC2","Exc L5 ET",-0.0448875123189853,5.63036958027362,1.54771287148782,0.215600625036635,0.999723251605349,1,"arteriol_scler"
"7790","PKD1","Exc L5 ET",0.00201233855327511,7.82800214222989,0.0040951563016293,0.949068880571345,0.999723251605349,1,"arteriol_scler"
"7791","RAB26","Exc L5 ET",0.0635734737756045,5.83387550594581,1.75711130524816,0.187194408246049,0.999723251605349,1,"arteriol_scler"
"7792","TRAF7","Exc L5 ET",0.107570319340854,3.98763495017462,2.69002113948719,0.103275712074725,0.999723251605349,1,"arteriol_scler"
"7793","CASKIN1","Exc L5 ET",-0.0146026025047466,5.49793268528752,0.10386441423891,0.747732505220172,0.999723251605349,1,"arteriol_scler"
"7794","MLST8","Exc L5 ET",0.107130963126877,4.56216776805931,2.99892245857593,0.0855739138733141,0.999723251605349,1,"arteriol_scler"
"7795","PGP","Exc L5 ET",-0.0388706753398639,7.03926748842823,0.579957067250854,0.447639881833473,0.999723251605349,1,"arteriol_scler"
"7796","E4F1","Exc L5 ET",-0.168053093478845,4.21878688297039,5.14530772439698,0.0248753091055437,0.999723251605349,1,"arteriol_scler"
"7797","RNPS1","Exc L5 ET",-0.0445542619683438,6.79084223603521,1.93865817518839,0.166073229843496,0.999723251605349,1,"arteriol_scler"
"7798","ABCA3","Exc L5 ET",0.0116867686638935,6.80459998854148,0.134361400172621,0.714518431485819,0.999723251605349,1,"arteriol_scler"
"7799","AMDHD2","Exc L5 ET",-0.0155848107052347,3.93563211727132,0.0370398991454011,0.847669218159947,0.999723251605349,1,"arteriol_scler"
"7800","PDPK1","Exc L5 ET",0.0185671051987593,6.48889408511269,0.302590196999093,0.583160075111603,0.999723251605349,1,"arteriol_scler"
"7801","SRRM2","Exc L5 ET",0.0108694222715729,7.15758780840955,0.136909760604467,0.7119448240296,0.999723251605349,1,"arteriol_scler"
"7802","ELOB","Exc L5 ET",0.027322380179115,4.99211040581301,0.0985436054056696,0.754062551228594,0.999723251605349,1,"arteriol_scler"
"7803","FLYWCH2","Exc L5 ET",0.0107783904180402,4.30969292851951,0.0358998926427471,0.850003181259434,0.999723251605349,1,"arteriol_scler"
"7804","FLYWCH1","Exc L5 ET",-0.0602511046515979,5.69108496779803,1.88107774465499,0.172456861441463,0.999723251605349,1,"arteriol_scler"
"7805","PAQR4","Exc L5 ET",-0.145307577116462,3.90032599384164,2.93040858805921,0.0891913528155058,0.999723251605349,1,"arteriol_scler"
"7806","HCFC1R1","Exc L5 ET",0.0307812146557894,4.9498321774846,0.200784229899114,0.654797356850264,0.999723251605349,1,"arteriol_scler"
"7807","BICDL2","Exc L5 ET",-0.20215775229432,3.83265244190332,4.54840106778461,0.0347350587451425,0.999723251605349,1,"arteriol_scler"
"7808","MMP25-AS1","Exc L5 ET",-0.106221891394044,4.72881938943529,2.85111386746578,0.0935887009012316,0.999723251605349,1,"arteriol_scler"
"7809","ZNF213-AS1","Exc L5 ET",-0.14651699104619,4.12377326380723,5.42256534437777,0.0213434802197437,0.999723251605349,1,"arteriol_scler"
"7810","ZNF213","Exc L5 ET",0.0129274437183151,4.32912366155569,0.0271858340385779,0.869280799120185,0.999723251605349,1,"arteriol_scler"
"7811","AJ003147.2","Exc L5 ET",-0.0198143054991558,3.95103094353125,0.0505693944974529,0.822410954474672,0.999723251605349,1,"arteriol_scler"
"7812","ZNF263","Exc L5 ET",0.0453822506673818,4.15772702888014,0.542808064973256,0.462532802565276,0.999723251605349,1,"arteriol_scler"
"7813","TIGD7","Exc L5 ET",-0.138840739172623,4.38196787225839,5.33199848360271,0.0471079552879861,0.999723251605349,1,"arteriol_scler"
"7814","ZNF75A","Exc L5 ET",0.0300603266838517,5.30970583539689,0.425745962875656,0.515178580559645,0.999723251605349,1,"arteriol_scler"
"7815","NAA60","Exc L5 ET",0.0591561853216402,3.73897142403066,0.52535872525274,0.469802511528167,0.999723251605349,1,"arteriol_scler"
"7816","CLUAP1","Exc L5 ET",0.00801373638550679,5.6021528289478,0.051052674688332,0.82157875838409,0.999723251605349,1,"arteriol_scler"
"7817","SLX4","Exc L5 ET",-0.178144429072166,4.24782244278305,7.35417348365985,0.00754963128251018,0.999723251605349,1,"arteriol_scler"
"7818","DNASE1","Exc L5 ET",-0.0316799087293574,5.67486365743743,0.575121916524091,0.449535169817085,0.999723251605349,1,"arteriol_scler"
"7819","TRAP1","Exc L5 ET",0.00797108108809078,6.03694681812601,0.0361419862786245,0.849504359964851,0.999723251605349,1,"arteriol_scler"
"7820","CREBBP","Exc L5 ET",0.0356887619749776,6.8919231546344,1.20115734276178,0.275015957682714,0.999723251605349,1,"arteriol_scler"
"7821","ADCY9","Exc L5 ET",-0.00184474274156737,7.48161957055963,0.00245461432938868,0.960557977800097,0.999723251605349,1,"arteriol_scler"
"7822","DNAJA3","Exc L5 ET",-0.0210200266472044,5.39422169189818,0.242330626900903,0.93267694929755,0.999723251605349,1,"arteriol_scler"
"7823","NMRAL1","Exc L5 ET",0.0027174777560464,4.52759144202743,0.00175502867602477,0.966645023269342,0.999723251605349,1,"arteriol_scler"
"7824","HMOX2","Exc L5 ET",-0.00159247710736372,5.53989032136338,0.00104734826165502,0.974229925169621,0.999723251605349,1,"arteriol_scler"
"7825","CDIP1","Exc L5 ET",-0.000289444769476495,5.87408846425762,3.17183963732413e-05,0.995514614465812,0.999723251605349,1,"arteriol_scler"
"7826","UBALD1","Exc L5 ET",-0.121120591250373,4.11282373277055,3.12722061264206,0.0792236130338322,0.999723251605349,1,"arteriol_scler"
"7827","MGRN1","Exc L5 ET",0.0122019309801755,5.86695049518277,0.0949943687182069,0.758390116493021,0.999723251605349,1,"arteriol_scler"
"7828","NUDT16L1","Exc L5 ET",0.0200162198641605,4.25190266594053,0.0866659958792948,0.7689054228231,0.999723251605349,1,"arteriol_scler"
"7829","ANKS3","Exc L5 ET",0.00177376874121811,5.5311938615788,0.00204645851223552,0.963983727555711,0.999723251605349,1,"arteriol_scler"
"7830","ZNF500","Exc L5 ET",0.0717869547729796,4.24604784418839,1.12046525056131,0.291683612663377,0.999723251605349,1,"arteriol_scler"
"7831","ROGDI","Exc L5 ET",0.0163241827180786,5.79489840956436,0.111123931234321,0.739378496155147,0.999723251605349,1,"arteriol_scler"
"7832","GLYR1","Exc L5 ET",0.0176785442202867,6.0854796927309,0.391080958980205,0.532773482732694,0.999723251605349,1,"arteriol_scler"
"7833","UBN1","Exc L5 ET",-0.0105287747314785,4.87694587931279,0.0509960608269619,0.821676031260339,0.999723251605349,1,"arteriol_scler"
"7834","SEC14L5","Exc L5 ET",0.00951205615649313,6.16413420020555,0.0432514283805151,0.8355618337873,0.999723251605349,1,"arteriol_scler"
"7835","NAGPA","Exc L5 ET",-0.0810393068044884,6.23911326497552,2.75597827537161,0.0991818595254782,0.999723251605349,1,"arteriol_scler"
"7836","ALG1","Exc L5 ET",-0.0287624908160955,4.10039945467297,0.130696234797377,0.718268953175808,0.999723251605349,1,"arteriol_scler"
"7837","RBFOX1","Exc L5 ET",-0.012080078997084,12.593231378955,0.167835550115432,0.682683354422584,0.999723251605349,1,"arteriol_scler"
"7838","METTL22","Exc L5 ET",-0.0685149530022872,4.54562438772406,1.76068557374639,0.189965209010031,0.999723251605349,1,"arteriol_scler"
"7839","ABAT","Exc L5 ET",-0.0108728146497635,6.93319525979994,0.167502501214586,0.993990969153241,0.999723251605349,1,"arteriol_scler"
"7840","PMM2","Exc L5 ET",-0.0333556986214775,5.28866609927006,0.387485926292367,0.534659992701231,0.999723251605349,1,"arteriol_scler"
"7841","USP7","Exc L5 ET",0.0264041524547863,5.64619472570472,0.585365101545718,0.445534784114693,0.999723251605349,1,"arteriol_scler"
"7842","C16orf72","Exc L5 ET",0.0175699979701424,5.17021225437725,0.189202648560557,0.806801445938745,0.999723251605349,1,"arteriol_scler"
"7843","GRIN2A","Exc L5 ET",0.0138415030688119,10.1769427161248,0.372131768126221,0.542856459950226,0.999723251605349,1,"arteriol_scler"
"7844","AC133565.1","Exc L5 ET",-0.133054048672277,3.87156080787108,1.62977953711847,0.203896205966268,0.999723251605349,1,"arteriol_scler"
"7845","ATF7IP2","Exc L5 ET",0.0550265904669001,6.7128474545932,1.98609103840045,0.16101913171793,0.999723251605349,1,"arteriol_scler"
"7846","NUBP1","Exc L5 ET",0.024739147475618,4.12116366705202,0.141295103047252,0.70757909837397,0.999723251605349,1,"arteriol_scler"
"7847","TVP23A","Exc L5 ET",0.0109958989172895,5.72624847389145,0.0601499904981056,0.806626530579378,0.999723251605349,1,"arteriol_scler"
"7848","DEXI","Exc L5 ET",0.0735179722080897,5.37662570394486,1.05851077779656,0.305370560242141,0.999723251605349,1,"arteriol_scler"
"7849","CLEC16A","Exc L5 ET",0.0171764520115904,7.83115377014383,0.223682625696556,0.637001825811841,0.999723251605349,1,"arteriol_scler"
"7850","SNN","Exc L5 ET",0.0560077796770525,5.43232604404,0.588066152025807,0.444489160739409,0.999723251605349,1,"arteriol_scler"
"7851","TXNDC11","Exc L5 ET",-0.042931310053569,5.0432907051458,0.753128767166469,0.387007102137692,0.999723251605349,1,"arteriol_scler"
"7852","ZC3H7A","Exc L5 ET",0.0329023526229824,5.2994969224037,0.751838373244526,0.387413028521383,0.999723251605349,1,"arteriol_scler"
"7853","RSL1D1","Exc L5 ET",-0.0958724986145683,4.4423337060219,2.29960445140897,0.131714118791271,0.999723251605349,1,"arteriol_scler"
"7854","AC007216.4","Exc L5 ET",-0.0458555152833321,4.5082295187472,0.706975656663166,0.409520332953685,0.999723251605349,1,"arteriol_scler"
"7855","GSPT1","Exc L5 ET",0.0612121041306514,6.44113299973983,3.16793088956346,0.0773174328313627,0.999723251605349,1,"arteriol_scler"
"7856","SNX29","Exc L5 ET",0.0650033209460103,8.60080647985144,2.73072601633423,0.100727660014806,0.999723251605349,1,"arteriol_scler"
"7857","CPPED1","Exc L5 ET",0.00361945991837553,4.94721343149152,0.00408367892506351,0.949140204294799,0.999723251605349,1,"arteriol_scler"
"7858","SHISA9","Exc L5 ET",0.0600976520723761,5.2957821941213,0.257548796950091,0.612626300642638,0.999723251605349,1,"arteriol_scler"
"7859","U91319.1","Exc L5 ET",0.097283953070605,3.68419536277721,0.677737191504188,0.411799691834944,0.999723251605349,1,"arteriol_scler"
"7860","ERCC4","Exc L5 ET",-0.104521642366552,5.26470062635078,7.09785741656496,0.00864500632492987,0.999723251605349,1,"arteriol_scler"
"7861","MKL2","Exc L5 ET",0.0205731066057537,9.24146981196639,0.575589651261594,0.449351278317787,0.999723251605349,1,"arteriol_scler"
"7862","AC130650.1","Exc L5 ET",-0.11534518363081,5.16991747137926,1.51458540844181,0.220552377719177,0.999723251605349,1,"arteriol_scler"
"7863","MIR193BHG","Exc L5 ET",0.0098793090553042,4.84513604490531,0.0242228700810211,0.876548571831108,0.999723251605349,1,"arteriol_scler"
"7864","PARN","Exc L5 ET",-0.0100057240291159,6.27444855992296,0.0751294151121035,0.784423137621816,0.999723251605349,1,"arteriol_scler"
"7865","BFAR","Exc L5 ET",-0.0348420354733731,4.58970935755324,0.538536820211264,0.464295486555831,0.999723251605349,1,"arteriol_scler"
"7866","NOMO1","Exc L5 ET",-0.0179095057084073,4.18948271098999,0.0623670180863736,0.803167721621101,0.999723251605349,1,"arteriol_scler"
"7867","NPIPA1","Exc L5 ET",-0.0672986220713386,5.05963400111959,1.25135783041242,0.265253558058687,0.999723251605349,1,"arteriol_scler"
"7868","PDXDC1","Exc L5 ET",-0.0767383639471199,7.25453645253558,2.77396445245253,0.0980968114864325,0.999723251605349,1,"arteriol_scler"
"7869","NTAN1","Exc L5 ET",0.0810602621988771,4.79591803535106,2.1708133041763,0.142948874504526,0.999723251605349,1,"arteriol_scler"
"7870","RRN3","Exc L5 ET",0.021931045107996,4.79605320171058,0.301561140584171,0.583800541703328,0.999723251605349,1,"arteriol_scler"
"7871","C16orf45","Exc L5 ET",-0.00111791556216527,6.6288217063071,0.00133808611005647,0.970873321761931,0.999723251605349,1,"arteriol_scler"
"7872","MARF1","Exc L5 ET",0.0723114474372761,5.34585822395404,2.87350161909632,0.0923235348782335,0.999723251605349,1,"arteriol_scler"
"7873","FOPNL","Exc L5 ET",0.038790875068713,4.70310407389957,0.644571670995127,0.423452678535139,0.999723251605349,1,"arteriol_scler"
"7874","ABCC1","Exc L5 ET",-0.0402961368391523,5.69687763235851,0.825325046414207,0.365225349747004,0.999723251605349,1,"arteriol_scler"
"7875","XYLT1","Exc L5 ET",-0.0197318827725638,7.99305494433771,0.141674911075111,0.70720464834219,0.999723251605349,1,"arteriol_scler"
"7876","NPIPA8","Exc L5 ET",-0.0609976387153067,3.83195528432439,0.207999171275273,0.649063286761892,0.999723251605349,1,"arteriol_scler"
"7877","RPS15A","Exc L5 ET",-0.133804527223374,3.54392524586462,1.60061629963152,0.207966466720467,0.999723251605349,1,"arteriol_scler"
"7878","SMG1","Exc L5 ET",-0.00269986905809545,6.90965791166264,0.0104044157222662,0.943923814775559,0.999723251605349,1,"arteriol_scler"
"7879","COQ7","Exc L5 ET",0.0199224547965303,4.23107034613178,0.0819525693844709,0.775101613852165,0.999723251605349,1,"arteriol_scler"
"7880","SYT17","Exc L5 ET",0.0604285039227167,6.08245685135952,1.25875500805163,0.263852101920455,0.999723251605349,1,"arteriol_scler"
"7881","GDE1","Exc L5 ET",0.051687180909433,4.93914845751295,0.583930255457681,0.446091796312901,0.999723251605349,1,"arteriol_scler"
"7882","CCP110","Exc L5 ET",-0.062316054494289,5.28619944474788,2.29714089161855,0.131919429832501,0.999723251605349,1,"arteriol_scler"
"7883","VPS35L","Exc L5 ET",0.00138815636911094,6.37808454401172,0.00181490359963002,0.977810893316843,0.999723251605349,1,"arteriol_scler"
"7884","KNOP1","Exc L5 ET",-0.140099397411248,4.59554710210126,4.77554580537089,0.0305688241621907,0.999723251605349,1,"arteriol_scler"
"7885","IQCK","Exc L5 ET",-0.0221375005160428,5.72009357022325,0.161181826456161,0.6886971628495,0.999723251605349,1,"arteriol_scler"
"7886","THUMPD1","Exc L5 ET",-0.0371437525163999,4.98917126575908,0.618563076476415,0.453409967662616,0.999723251605349,1,"arteriol_scler"
"7887","ERI2","Exc L5 ET",-0.00521057062051949,4.15385446051207,0.00494721810261426,0.944028567389167,0.999723251605349,1,"arteriol_scler"
"7888","LYRM1","Exc L5 ET",-0.0626605781211198,4.35846117755812,1.21776469842619,0.380628418404974,0.999723251605349,1,"arteriol_scler"
"7889","TMEM159","Exc L5 ET",0.0217230403350731,4.56026858360571,0.111356206724044,0.73911627534051,0.999723251605349,1,"arteriol_scler"
"7890","CRYM","Exc L5 ET",-0.0397693252871838,8.0169146102424,1.02649549093323,0.312771632998059,0.999723251605349,1,"arteriol_scler"
"7891","METTL9","Exc L5 ET",-0.066524096655506,5.85870029664389,3.13084181388605,0.0790520013496831,0.999723251605349,1,"arteriol_scler"
"7892","OTOA","Exc L5 ET",-0.00423076383734353,3.93751740728558,0.00328492483323561,0.954378480749072,0.999723251605349,1,"arteriol_scler"
"7893","NPIPB4","Exc L5 ET",0.0423897425114916,4.3579702081209,0.476912364280878,0.490994175976352,0.999723251605349,1,"arteriol_scler"
"7894","UQCRC2","Exc L5 ET",0.0151670321211376,6.84533786957366,0.172035610038612,0.678958653258155,0.999723251605349,1,"arteriol_scler"
"7895","MOSMO","Exc L5 ET",0.0391047011690413,8.13060902883754,1.814073263958,0.18024718257789,0.999723251605349,1,"arteriol_scler"
"7896","VWA3A","Exc L5 ET",-0.032092875792464,7.75969533764009,0.551034613660098,0.459167809389947,0.999723251605349,1,"arteriol_scler"
"7897","EEF2K","Exc L5 ET",-0.0485562663550314,5.56040719902958,1.30096436381666,0.256029856036174,0.999723251605349,1,"arteriol_scler"
"7898","POLR3E","Exc L5 ET",0.0214876376108905,4.1910532501652,0.0936561802092127,0.760044733863865,0.999723251605349,1,"arteriol_scler"
"7899","CDR2","Exc L5 ET",0.00697522127712468,7.42649391810648,0.0482649132935384,0.826437884032216,0.999723251605349,1,"arteriol_scler"
"7900","AC092338.2","Exc L5 ET",-0.15887358053582,3.6973122270022,2.48278045436763,0.117408184723724,0.999723251605349,1,"arteriol_scler"
"7901","NPIPB5","Exc L5 ET",0.0268886612143107,5.80638742167563,0.271665845761569,0.603059140164296,0.999723251605349,1,"arteriol_scler"
"7902","HS3ST2","Exc L5 ET",0.0123130708057048,7.90833420722511,0.118355244908348,0.731353434395138,0.999723251605349,1,"arteriol_scler"
"7903","USP31","Exc L5 ET",0.0456416490265271,6.47613409046456,2.20978662088393,0.139438527978118,0.999723251605349,1,"arteriol_scler"
"7904","COG7","Exc L5 ET",-0.00352949592547143,5.99435945924505,0.0102518033042505,0.936492388875257,0.999723251605349,1,"arteriol_scler"
"7905","GGA2","Exc L5 ET",-0.0100993226165507,6.4808491173701,0.0913317713009212,0.762949804120815,0.999723251605349,1,"arteriol_scler"
"7906","EARS2","Exc L5 ET",-0.0366966871436306,4.14372421244603,0.426879487625187,0.514620651235593,0.999723251605349,1,"arteriol_scler"
"7907","UBFD1","Exc L5 ET",-0.0275051473322412,4.61914980034728,0.220584771752279,0.639342410673359,0.999723251605349,1,"arteriol_scler"
"7908","NDUFAB1","Exc L5 ET",-0.0293324130074103,4.79154275845593,0.197571643993922,0.657390456946788,0.999723251605349,1,"arteriol_scler"
"7909","DCTN5","Exc L5 ET",0.0650384656738243,6.0243966385784,2.28792038940097,0.132691068639295,0.999723251605349,1,"arteriol_scler"
"7910","PRKCB","Exc L5 ET",0.0216723567371431,10.0287552873323,0.78959164837096,0.375783254661147,0.999723251605349,1,"arteriol_scler"
"7911","CACNG3","Exc L5 ET",0.0126226929035148,8.2842800615256,0.120235883974353,0.729311551775601,0.999723251605349,1,"arteriol_scler"
"7912","RBBP6","Exc L5 ET",-0.0422166712184566,6.22602606717423,1.63908107982429,0.350352479594365,0.999723251605349,1,"arteriol_scler"
"7913","TNRC6A","Exc L5 ET",0.00188597587988495,9.60798221662145,0.00378071771565523,0.951060669883836,0.999723251605349,1,"arteriol_scler"
"7914","AC008731.1","Exc L5 ET",-0.160069874313096,4.54715425306586,2.90687389625261,0.0904723454859565,0.999723251605349,1,"arteriol_scler"
"7915","ARHGAP17","Exc L5 ET",0.0180636690643583,5.2409681756322,0.156318456555602,0.946077067617643,0.999723251605349,1,"arteriol_scler"
"7916","LCMT1","Exc L5 ET",0.0151572941754371,5.77373676169328,0.194616346726326,0.659798294816115,0.999723251605349,1,"arteriol_scler"
"7917","HS3ST4","Exc L5 ET",-0.170137378364495,4.52777054284091,2.31768125147934,0.130218582823989,0.999723251605349,1,"arteriol_scler"
"7918","GTF3C1","Exc L5 ET",0.0299683399930613,5.63798206060874,0.70933633577935,0.433462627311844,0.999723251605349,1,"arteriol_scler"
"7919","KIAA0556","Exc L5 ET",-0.0103143340015255,5.82017922200675,0.0647578271212301,0.799510248525152,0.999723251605349,1,"arteriol_scler"
"7920","XPO6","Exc L5 ET",0.0175537542219589,5.99023038634444,0.237174549905325,0.916834826595906,0.999723251605349,1,"arteriol_scler"
"7921","SBK1","Exc L5 ET",0.0208259965381089,4.10347741028414,0.0727256723532736,0.787815094262655,0.999723251605349,1,"arteriol_scler"
"7922","SGF29","Exc L5 ET",-0.101414804945896,3.81152727191958,1.54077821045922,0.216626033130211,0.999723251605349,1,"arteriol_scler"
"7923","SULT1A1","Exc L5 ET",-0.0240468156231339,6.04417042456035,0.298033310849674,0.586007064309847,0.999723251605349,1,"arteriol_scler"
"7924","ATXN2L","Exc L5 ET",0.00682384743556037,5.72653433715186,0.0322844337330019,0.857670663638761,0.999723251605349,1,"arteriol_scler"
"7925","TUFM","Exc L5 ET",0.0574660698752572,5.18573017635588,0.55462554808107,0.457711178026883,0.999723251605349,1,"arteriol_scler"
"7926","SH2B1","Exc L5 ET",-0.0029699068625334,5.65991004553371,0.00765132919556313,0.9884096467022,0.999723251605349,1,"arteriol_scler"
"7927","AC133550.2","Exc L5 ET",-0.0143428037753349,3.8214102876984,0.0264122473523998,0.871137389364093,0.999723251605349,1,"arteriol_scler"
"7928","RABEP2","Exc L5 ET",0.0685407645983157,4.08328991185837,1.22027100099079,0.271246426785461,0.999723251605349,1,"arteriol_scler"
"7929","NFATC2IP","Exc L5 ET",0.00164764012444856,5.80143192955657,0.00197690215439027,0.964600677686358,0.999723251605349,1,"arteriol_scler"
"7930","SPNS1","Exc L5 ET",-0.00971456485526973,4.49550786688438,0.0238826128318076,0.877411716593481,0.999723251605349,1,"arteriol_scler"
"7931","AC009093.2","Exc L5 ET",0.00939446400857618,3.96414452561448,0.0137620907107761,0.906784908424466,0.999723251605349,1,"arteriol_scler"
"7932","MAZ","Exc L5 ET",0.0901948766311536,4.41834573362628,1.79530514947618,0.182502324908439,0.999723251605349,1,"arteriol_scler"
"7933","CDIPT","Exc L5 ET",-0.017267136183087,5.02769777684347,0.078970257702842,0.779122306476589,0.999723251605349,1,"arteriol_scler"
"7934","SEZ6L2","Exc L5 ET",-0.0379410349803372,7.29665837511656,0.593127513910281,0.442540061275843,0.999723251605349,1,"arteriol_scler"
"7935","ASPHD1","Exc L5 ET",0.00160762637595705,5.51613185374761,0.00127537559115765,0.971563735256554,0.999723251605349,1,"arteriol_scler"
"7936","KCTD13","Exc L5 ET",0.0247437550969039,4.62355174932171,0.204511940733423,0.651819530195268,0.999723251605349,1,"arteriol_scler"
"7937","TMEM219","Exc L5 ET",-0.0383250828293954,4.41766582693663,0.252824288483846,0.615901846580449,0.999723251605349,1,"arteriol_scler"
"7938","TAOK2","Exc L5 ET",0.00167231958591532,4.35012333615127,0.00111736783081584,0.973382755192215,0.999723251605349,1,"arteriol_scler"
"7939","DOC2A","Exc L5 ET",0.0250932560115131,5.2565368936522,0.240408460536301,0.624696669425738,0.999723251605349,1,"arteriol_scler"
"7940","FAM57B","Exc L5 ET",0.0153192067874016,4.76242008825512,0.0508552295306947,0.821918251472128,0.999723251605349,1,"arteriol_scler"
"7941","PPP4C","Exc L5 ET",0.00408014025801709,4.10918329857955,0.00444157806765209,0.946961481163284,0.999723251605349,1,"arteriol_scler"
"7942","YPEL3","Exc L5 ET",0.0692947268121586,6.76822769726227,1.24934640391188,0.26563625210979,0.999723251605349,1,"arteriol_scler"
"7943","MAPK3","Exc L5 ET",0.12756877454838,5.51434958125479,3.75906883342499,0.0545804699908603,0.999723251605349,1,"arteriol_scler"
"7944","CORO1A","Exc L5 ET",0.0296458360722845,4.09183287039663,0.129942444297828,0.719047655457624,0.999723251605349,1,"arteriol_scler"
"7945","CD2BP2","Exc L5 ET",-0.113969816542713,4.12483933578614,3.1522279570053,0.0926199216423758,0.999723251605349,1,"arteriol_scler"
"7946","TBC1D10B","Exc L5 ET",0.0402325466917435,4.57688589738063,0.443819142028686,0.506406640385991,0.999723251605349,1,"arteriol_scler"
"7947","SEPT1","Exc L5 ET",-0.0366198347707624,3.84163083001533,0.196802903828768,0.658014703654383,0.999723251605349,1,"arteriol_scler"
"7948","ZNF771","Exc L5 ET",-0.0522855774257948,4.63258976470942,0.923062354433892,0.338367089069936,0.999723251605349,1,"arteriol_scler"
"7949","SEPHS2","Exc L5 ET",0.0360199466568444,3.97633378144015,0.136616154424752,0.712239943374975,0.999723251605349,1,"arteriol_scler"
"7950","ZNF785","Exc L5 ET",0.0395502761697861,4.78553344094632,0.516289665893406,0.47365404073905,0.999723251605349,1,"arteriol_scler"
"7951","PRR14","Exc L5 ET",0.050164062238386,3.92469798148844,0.514994544606195,0.474208253090671,0.999723251605349,1,"arteriol_scler"
"7952","FBRS","Exc L5 ET",-0.0891037289173607,4.0212635621647,1.9541679176887,0.164400756563758,0.999723251605349,1,"arteriol_scler"
"7953","PHKG2","Exc L5 ET",-0.0239329079940172,4.66141869128796,0.205061040194519,0.793381103197168,0.999723251605349,1,"arteriol_scler"
"7954","CCDC189","Exc L5 ET",0.0564031313263387,4.37967118051705,0.650573126035808,0.421307721930118,0.999723251605349,1,"arteriol_scler"
"7955","RNF40","Exc L5 ET",0.00598652784658133,4.42046790424624,0.0106755181007596,0.917858398006046,0.999723251605349,1,"arteriol_scler"
"7956","BCL7C","Exc L5 ET",0.0150129765582797,4.3858834067184,0.0466447753932894,0.829329671144911,0.999723251605349,1,"arteriol_scler"
"7957","FBXL19","Exc L5 ET",0.0324998064350447,4.5150230455428,0.350301950930985,0.554919032074093,0.999723251605349,1,"arteriol_scler"
"7958","STX1B","Exc L5 ET",0.0170277376996772,6.57128816542651,0.13053270528939,0.718437670912142,0.999723251605349,1,"arteriol_scler"
"7959","KAT8","Exc L5 ET",-0.0410656719079923,5.06218514339575,0.899589248140081,0.344564208680764,0.999723251605349,1,"arteriol_scler"
"7960","FUS","Exc L5 ET",-0.0107393329809169,6.54259867206032,0.120224842009046,0.875106850553613,0.999723251605349,1,"arteriol_scler"
"7961","C16orf58","Exc L5 ET",-0.00338167686451486,4.52206337583493,0.00410593975439097,0.949001960476271,0.999723251605349,1,"arteriol_scler"
"7962","ZNF720","Exc L5 ET",-0.0416551589726485,5.0051907566109,0.769253058081769,0.381985717287882,0.999723251605349,1,"arteriol_scler"
"7963","VPS35","Exc L5 ET",0.00903499825925046,6.0514704036406,0.0296337919761566,0.863578165451789,0.999723251605349,1,"arteriol_scler"
"7964","C16orf87","Exc L5 ET",-0.0665082016402049,5.12923330738649,1.95434238966803,0.164382053495085,0.999723251605349,1,"arteriol_scler"
"7965","GPT2","Exc L5 ET",-0.0420916533168046,4.84393807717561,0.750715056708453,0.387766893995434,0.999723251605349,1,"arteriol_scler"
"7966","DNAJA2","Exc L5 ET",-0.00778704626708557,4.55353760411507,0.0138993680367164,0.906323305024468,0.999723251605349,1,"arteriol_scler"
"7967","NETO2","Exc L5 ET",0.0639281230440028,6.41255870420801,2.06817993397468,0.152684419392372,0.999723251605349,1,"arteriol_scler"
"7968","ITFG1","Exc L5 ET",-0.0384105652196597,8.14796053086629,2.07840756591243,0.151681043654002,0.999723251605349,1,"arteriol_scler"
"7969","PHKB","Exc L5 ET",-0.0125548480949407,7.2517494166208,0.195057280782203,0.659437660128242,0.999723251605349,1,"arteriol_scler"
"7970","LONP2","Exc L5 ET",0.0157605313573236,7.36814114641939,0.383059649368107,0.536999472276362,0.999723251605349,1,"arteriol_scler"
"7971","SIAH1","Exc L5 ET",-0.0361211952467758,4.55931862571729,0.404443254375963,0.525865869064498,0.999723251605349,1,"arteriol_scler"
"7972","N4BP1","Exc L5 ET",-0.0146698434239157,5.99156202579171,0.202619772315609,0.799812801307714,0.999723251605349,1,"arteriol_scler"
"7973","AC007611.1","Exc L5 ET",-0.044514489520738,4.0896818520082,0.304356226040127,0.582064232490717,0.999723251605349,1,"arteriol_scler"
"7974","CNEP1R1","Exc L5 ET",0.0287563851329127,4.28368144993551,0.244394221208726,0.621843090222559,0.999723251605349,1,"arteriol_scler"
"7975","HEATR3","Exc L5 ET",0.0106203033394151,4.94469187461878,0.0532360574972792,0.817869699453311,0.999723251605349,1,"arteriol_scler"
"7976","TENT4B","Exc L5 ET",-0.0174917271358633,6.16306686505528,0.140677222576337,0.708189492501854,0.999723251605349,1,"arteriol_scler"
"7977","BRD7","Exc L5 ET",-0.0630923512513207,4.67983404059528,1.53726250898855,0.224570817162747,0.999723251605349,1,"arteriol_scler"
"7978","CYLD","Exc L5 ET",0.00719019708050539,6.09348923185995,0.0559892194794962,0.813305189191142,0.999723251605349,1,"arteriol_scler"
"7979","CHD9","Exc L5 ET",0.00312950843945447,8.1400236134082,0.0195237816076834,0.8890807642849,0.999723251605349,1,"arteriol_scler"
"7980","RBL2","Exc L5 ET",-0.0452007296391153,6.11502866356458,1.8456263523737,0.176528698279689,0.999723251605349,1,"arteriol_scler"
"7981","AKTIP","Exc L5 ET",0.0525423084291332,4.95264204221186,1.00097779283676,0.318840270230108,0.999723251605349,1,"arteriol_scler"
"7982","RPGRIP1L","Exc L5 ET",0.0441064590579016,6.07435395479507,1.6961659915598,0.194978308355441,0.999723251605349,1,"arteriol_scler"
"7983","FTO","Exc L5 ET",0.00716175190887539,7.95870984343478,0.0697101904909955,0.792156499325928,0.999723251605349,1,"arteriol_scler"
"7984","AC007495.1","Exc L5 ET",0.0381000269310812,5.10463113437661,0.436302741360952,0.510023014743069,0.999723251605349,1,"arteriol_scler"
"7985","GNAO1","Exc L5 ET",0.0283415973608223,7.85072053002228,1.0734102081872,0.302004184938831,0.999723251605349,1,"arteriol_scler"
"7986","AMFR","Exc L5 ET",-0.0162388268327796,4.97420275039487,0.153991757772907,0.955634586362862,0.999723251605349,1,"arteriol_scler"
"7987","NUDT21","Exc L5 ET",0.0194855559070776,5.14168539967586,0.118232015220839,0.731487861689903,0.999723251605349,1,"arteriol_scler"
"7988","OGFOD1","Exc L5 ET",-0.00303252305488256,4.54123961185064,0.00309977803055906,0.955681422039288,0.999723251605349,1,"arteriol_scler"
"7989","BBS2","Exc L5 ET",0.0160925153018499,5.80108220003597,0.218337486279785,0.64105294714009,0.999723251605349,1,"arteriol_scler"
"7990","MT3","Exc L5 ET",0.0549709466097846,5.37681656754983,0.413887254567128,0.521079923415808,0.999723251605349,1,"arteriol_scler"
"7991","MT1X","Exc L5 ET",0.102390319125825,4.5287013252866,0.636740604923719,0.42627639826702,0.999723251605349,1,"arteriol_scler"
"7992","NUP93","Exc L5 ET",0.0159697282506016,6.09695518335981,0.12616057681268,0.722993565568745,0.999723251605349,1,"arteriol_scler"
"7993","HERPUD1","Exc L5 ET",0.0448198980174462,5.41013406460891,0.587182679366075,0.44483074770213,0.999723251605349,1,"arteriol_scler"
"7994","FAM192A","Exc L5 ET",-0.0179462947542875,5.18454823026534,0.194156069978874,0.675551311144118,0.999723251605349,1,"arteriol_scler"
"7995","RSPRY1","Exc L5 ET",-0.0828935168250064,4.91383065605357,2.82086672301248,0.0953283841856835,0.999723251605349,1,"arteriol_scler"
"7996","ARL2BP","Exc L5 ET",-0.0440339991834839,5.42074272648521,0.721654468600113,0.397085815689253,0.999723251605349,1,"arteriol_scler"
"7997","CX3CL1","Exc L5 ET",0.0606236689606083,5.29138044314083,1.61615574889953,0.205785730300914,0.999723251605349,1,"arteriol_scler"
"7998","CIAPIN1","Exc L5 ET",-0.0190211777670413,5.10419004555919,0.174959786090219,0.987649112688979,0.999723251605349,1,"arteriol_scler"
"7999","COQ9","Exc L5 ET",-0.0239761518439023,5.4807571361332,0.389495889715709,0.562809241271162,0.999723251605349,1,"arteriol_scler"
"8000","POLR2C","Exc L5 ET",0.0268010991709444,4.60518148526687,0.196543729080687,0.658225492751208,0.999723251605349,1,"arteriol_scler"
"8001","KATNB1","Exc L5 ET",-0.0305640098518001,4.94502256003889,0.37146169912563,0.543219428371464,0.999723251605349,1,"arteriol_scler"
"8002","KIFC3","Exc L5 ET",0.0213031830746114,4.58173847599161,0.107632631394016,0.74335716459835,0.999723251605349,1,"arteriol_scler"
"8003","USB1","Exc L5 ET",-0.0249018181559435,4.53809550684128,0.210419694416443,0.792205379185895,0.999723251605349,1,"arteriol_scler"
"8004","CSNK2A2","Exc L5 ET",0.021292755675956,5.0022615718334,0.25330126438116,0.818100961225824,0.999723251605349,1,"arteriol_scler"
"8005","CCDC113","Exc L5 ET",-0.0418951535272038,4.19172216566901,0.432924694696133,0.564872053005229,0.999723251605349,1,"arteriol_scler"
"8006","NDRG4","Exc L5 ET",-0.0268259480694122,7.78978973107384,0.22653306793841,0.634865647092963,0.999723251605349,1,"arteriol_scler"
"8007","CNOT1","Exc L5 ET",0.0421307331439295,5.45696309867344,1.20873173273803,0.273514293371061,0.999723251605349,1,"arteriol_scler"
"8008","SLC38A7","Exc L5 ET",0.0257809814464551,4.84454301690236,0.32511860606122,0.569482856760491,0.999723251605349,1,"arteriol_scler"
"8009","GOT2","Exc L5 ET",0.0037918752533907,5.62840870123904,0.00660718350166743,0.935334424764375,0.999723251605349,1,"arteriol_scler"
"8010","AC092378.1","Exc L5 ET",0.0427419112675663,6.26928388209461,0.662304722907618,0.417161611110415,0.999723251605349,1,"arteriol_scler"
"8011","CDH8","Exc L5 ET",-0.0131132371711316,8.38605031560682,0.106378738710779,0.744803532426492,0.999723251605349,1,"arteriol_scler"
"8012","AC138305.1","Exc L5 ET",0.0718031816725058,6.29247741372801,0.438253928170726,0.509079950175546,0.999723251605349,1,"arteriol_scler"
"8013","CDH11","Exc L5 ET",0.0198625468848519,6.6561856263807,0.187451286293085,0.665728182528816,0.999723251605349,1,"arteriol_scler"
"8014","LINC00922","Exc L5 ET",-0.246339902328774,4.84233130878289,1.96422534892916,0.163326615002723,0.999723251605349,1,"arteriol_scler"
"8015","BEAN1","Exc L5 ET",-0.107954110804885,4.57290270858258,4.21744102411524,0.0419151086582949,0.999723251605349,1,"arteriol_scler"
"8016","TK2","Exc L5 ET",-0.0884277582783424,4.24303445077331,1.51870521914365,0.219929167210733,0.999723251605349,1,"arteriol_scler"
"8017","CMTM4","Exc L5 ET",0.02222815402895,6.737879347023,0.560631430803159,0.455291271808725,0.999723251605349,1,"arteriol_scler"
"8018","DYNC1LI2","Exc L5 ET",-0.0118600872348307,6.46583124380258,0.144941077430091,0.704007981558827,0.999723251605349,1,"arteriol_scler"
"8019","NAE1","Exc L5 ET",-0.0258412490442585,5.99435699894914,0.736920148116451,0.392150707960597,0.999723251605349,1,"arteriol_scler"
"8020","CA7","Exc L5 ET",0.0149216951734691,4.43590814310384,0.0753107558587078,0.784169626886571,0.999723251605349,1,"arteriol_scler"
"8021","PDP2","Exc L5 ET",-0.0601721900185788,4.68318295296994,0.854332492087269,0.356956943578402,0.999723251605349,1,"arteriol_scler"
"8022","FAM96B","Exc L5 ET",-0.0046912538610023,4.8840697756384,0.00388639155880578,0.950382318088444,0.999723251605349,1,"arteriol_scler"
"8023","CES4A","Exc L5 ET",-0.0774278821281407,6.57065111626437,1.5915213825101,0.209255595211118,0.999723251605349,1,"arteriol_scler"
"8024","CBFB","Exc L5 ET",-0.106086470753394,4.75482385370222,3.25845200909632,0.0732552559762608,0.999723251605349,1,"arteriol_scler"
"8025","C16orf70","Exc L5 ET",0.00476162929108105,5.12065965940007,0.0125744834494702,0.910879927429225,0.999723251605349,1,"arteriol_scler"
"8026","HSF4","Exc L5 ET",-0.0705715772666818,5.38164769453744,1.87917566443,0.17267253827551,0.999723251605349,1,"arteriol_scler"
"8027","KIAA0895L","Exc L5 ET",-0.0797113804967202,4.96168970100091,2.16044259722912,0.143899800644987,0.999723251605349,1,"arteriol_scler"
"8028","E2F4","Exc L5 ET",0.0101697442146315,4.453757930915,0.0292424358325293,0.949516502361733,0.999723251605349,1,"arteriol_scler"
"8029","LRRC29","Exc L5 ET",0.066569915457668,4.2041444799945,0.818578418327893,0.367186588677283,0.999723251605349,1,"arteriol_scler"
"8030","TMEM208","Exc L5 ET",-0.0434794376206876,4.02348671205445,0.209864814175814,0.647600173245209,0.999723251605349,1,"arteriol_scler"
"8031","SLC9A5","Exc L5 ET",0.0275177058299373,4.95871276969541,0.227680634354956,0.634010295434916,0.999723251605349,1,"arteriol_scler"
"8032","TPPP3","Exc L5 ET",-0.0815100504674284,3.60492366143055,0.484065542590202,0.487766702403812,0.999723251605349,1,"arteriol_scler"
"8033","ATP6V0D1","Exc L5 ET",0.0207120166173116,5.89027971488315,0.117615386577849,0.732161702279966,0.999723251605349,1,"arteriol_scler"
"8034","AC009061.2","Exc L5 ET",-0.0383461879674034,4.67499780529216,0.43166538410801,0.512276606454201,0.999723251605349,1,"arteriol_scler"
"8035","RIPOR1","Exc L5 ET",0.0237411463496682,6.06709895986191,0.567805869734732,0.507956691654434,0.999723251605349,1,"arteriol_scler"
"8036","CTCF","Exc L5 ET",0.0242687637268622,5.0204761732673,0.291713520519367,0.590002640693145,0.999723251605349,1,"arteriol_scler"
"8037","CARMIL2","Exc L5 ET",0.020143856025624,4.69049305974202,0.11248041753775,0.737851408622827,0.999723251605349,1,"arteriol_scler"
"8038","PARD6A","Exc L5 ET",0.0221242570772254,4.36768825493922,0.0531881116807849,0.817950279038323,0.999723251605349,1,"arteriol_scler"
"8039","GFOD2","Exc L5 ET",0.0225583580622379,4.87427348095757,0.227063651077725,0.634469840952614,0.999723251605349,1,"arteriol_scler"
"8040","RANBP10","Exc L5 ET",-0.00330436354333767,5.9727664594594,0.00568405068896365,0.940012442170893,0.999723251605349,1,"arteriol_scler"
"8041","TSNAXIP1","Exc L5 ET",-0.0133432784065127,4.13965851216645,0.0425913616441037,0.836803439800475,0.999723251605349,1,"arteriol_scler"
"8042","CENPT","Exc L5 ET",-0.0597278496482974,4.67187305630355,1.29319667204397,0.257447432506505,0.999723251605349,1,"arteriol_scler"
"8043","NUTF2","Exc L5 ET",-0.0134982286640632,4.14311901061072,0.0335707203651091,0.854894187125175,0.999723251605349,1,"arteriol_scler"
"8044","PSKH1","Exc L5 ET",-0.0863391533117581,3.87650844856841,1.17060710626995,0.28117985156356,0.999723251605349,1,"arteriol_scler"
"8045","DUS2","Exc L5 ET",-0.0962931535611173,4.32085295517072,2.27671848813968,0.133635385723011,0.999723251605349,1,"arteriol_scler"
"8046","NFATC3","Exc L5 ET",0.0115505735016666,6.17382627942456,0.0628486519087973,0.802424995666762,0.999723251605349,1,"arteriol_scler"
"8047","SLC7A6","Exc L5 ET",-0.0185818185179406,6.13468435207354,0.302444736589056,0.895849428254235,0.999723251605349,1,"arteriol_scler"
"8048","SLC7A6OS","Exc L5 ET",-0.197771858206591,4.48826022770612,8.87580467030284,0.00342016760020282,0.999723251605349,0.980687381274362,"arteriol_scler"
"8049","PRMT7","Exc L5 ET",-0.00559808103292593,5.56603770993606,0.0162965938213443,0.898606985855739,0.999723251605349,1,"arteriol_scler"
"8050","SMPD3","Exc L5 ET",-0.000911589395989453,5.4599521082787,0.00040116881377227,0.984049260850879,0.999723251605349,1,"arteriol_scler"
"8051","ZFP90","Exc L5 ET",0.0375494567663283,6.01805353333943,1.23269354465629,0.268831404870889,0.999723251605349,1,"arteriol_scler"
"8052","CDH3","Exc L5 ET",-0.095243551230642,4.36842529327874,1.71167291244179,0.192962185517614,0.999723251605349,1,"arteriol_scler"
"8053","TANGO6","Exc L5 ET",-0.0103270569289277,6.12263878069566,0.0689480490052927,0.793269601775934,0.999723251605349,1,"arteriol_scler"
"8054","UTP4","Exc L5 ET",0.0424979560151151,4.50971710595299,0.628943870886243,0.429116144100444,0.999723251605349,1,"arteriol_scler"
"8055","SNTB2","Exc L5 ET",-0.00210552130979228,5.87175150081727,0.00220096129547546,0.96264986021138,0.999723251605349,1,"arteriol_scler"
"8056","VPS4A","Exc L5 ET",0.0164047013807338,4.98405220645133,0.0618761280731054,0.803927864620648,0.999723251605349,1,"arteriol_scler"
"8057","TERF2","Exc L5 ET",0.0302298676494222,4.28721106999267,0.235730734669713,0.935054543828111,0.999723251605349,1,"arteriol_scler"
"8058","CYB5B","Exc L5 ET",0.0409887701111715,5.94087530293599,1.9179554635078,0.177337450415976,0.999723251605349,1,"arteriol_scler"
"8059","NFAT5","Exc L5 ET",-0.021529822179067,8.17846987518664,0.728180074686836,0.394965262401081,0.999723251605349,1,"arteriol_scler"
"8060","WWP2","Exc L5 ET",0.0369709378008472,5.14768702750965,0.555830671253069,0.457223974341485,0.999723251605349,1,"arteriol_scler"
"8061","PDPR","Exc L5 ET",0.0404112288497157,5.78082237127853,0.708291067339197,0.401480367991579,0.999723251605349,1,"arteriol_scler"
"8062","EXOSC6","Exc L5 ET",0.0744127620822531,4.8262551617982,1.51154734782513,0.221013314220777,0.999723251605349,1,"arteriol_scler"
"8063","AARS","Exc L5 ET",0.0113873964967682,6.04333243734253,0.0609518031987901,0.805367924081648,0.999723251605349,1,"arteriol_scler"
"8064","ST3GAL2","Exc L5 ET",-0.0336046967667709,5.18002379938033,0.355754283014409,0.551859335699587,0.999723251605349,1,"arteriol_scler"
"8065","COG4","Exc L5 ET",0.0453341143455116,4.4326555133737,0.607181155244062,0.437196904761356,0.999723251605349,1,"arteriol_scler"
"8066","SF3B3","Exc L5 ET",-0.0763388351658789,5.29270046118275,3.69078883857024,0.0943859276984218,0.999723251605349,1,"arteriol_scler"
"8067","IL34","Exc L5 ET",0.133606903921032,4.84784485846592,3.70361370016945,0.0563706981370888,0.999723251605349,1,"arteriol_scler"
"8068","MTSS1L","Exc L5 ET",-0.0489035075123408,4.98344601324945,1.20970596176879,0.274180486449947,0.999723251605349,1,"arteriol_scler"
"8069","VAC14","Exc L5 ET",0.00282643150697338,5.08858509073104,0.00338901650265669,0.953662107106833,0.999723251605349,1,"arteriol_scler"
"8070","HYDIN","Exc L5 ET",0.00152309054494358,7.81038525693206,0.00183533791985214,0.965890865595624,0.999723251605349,1,"arteriol_scler"
"8071","PHLPP2","Exc L5 ET",-0.0185158191222886,6.2587324725973,0.385023453916256,0.535959215206039,0.999723251605349,1,"arteriol_scler"
"8072","AP1G1","Exc L5 ET",0.00817505751889164,6.01737365799723,0.078490556056147,0.787782422687506,0.999723251605349,1,"arteriol_scler"
"8073","IST1","Exc L5 ET",-0.0391801363561067,5.76777385246498,1.13978589431793,0.287577778466266,0.999723251605349,1,"arteriol_scler"
"8074","ZNF821","Exc L5 ET",-0.008661149622292,5.77503030417363,0.0476201438880579,0.82758254830928,0.999723251605349,1,"arteriol_scler"
"8075","ZFHX3","Exc L5 ET",-0.103429015125392,4.86876102857325,2.25095812861708,0.13583590877796,0.999723251605349,1,"arteriol_scler"
"8076","AC138627.1","Exc L5 ET",-0.00426451906330591,5.10250402862613,0.00481098860050286,0.944803316437717,0.999723251605349,1,"arteriol_scler"
"8077","PSMD7","Exc L5 ET",-0.0551482444303475,5.63931935002288,0.830965790880482,0.363596793119392,0.999723251605349,1,"arteriol_scler"
"8078","GLG1","Exc L5 ET",-0.00180576696277906,7.67333284863805,0.00498578144226867,0.943811206997551,0.999723251605349,1,"arteriol_scler"
"8079","RFWD3","Exc L5 ET",-0.000564509423063183,3.91743381657011,5.22507901594241e-05,0.994243094490772,0.999723251605349,1,"arteriol_scler"
"8080","WDR59","Exc L5 ET",0.0229992756128338,6.03508404065038,0.471462557980496,0.618700995429944,0.999723251605349,1,"arteriol_scler"
"8081","ZNRF1","Exc L5 ET",0.0136717664811489,6.0141041604904,0.139368288889966,0.709487639849042,0.999723251605349,1,"arteriol_scler"
"8082","BCAR1","Exc L5 ET",-0.0443693602527237,4.69637302418549,0.70881181215955,0.401307795676786,0.999723251605349,1,"arteriol_scler"
"8083","CFDP1","Exc L5 ET",-0.0458042422428018,5.9641254750152,1.65461437902187,0.200504577585761,0.999723251605349,1,"arteriol_scler"
"8084","GABARAPL2","Exc L5 ET",-0.00029830356662184,5.95384327018745,9.53081775604181e-06,0.997541269846348,0.999723251605349,1,"arteriol_scler"
"8085","ADAT1","Exc L5 ET",0.0130587342071222,4.3434239219545,0.0477023704175448,0.827436120893571,0.999723251605349,1,"arteriol_scler"
"8086","KARS","Exc L5 ET",-0.0459625999033393,4.14361000474,0.443418204089614,0.506598423801868,0.999723251605349,1,"arteriol_scler"
"8087","TERF2IP","Exc L5 ET",-0.0102104156747926,6.96575188860345,0.0543192507494313,0.816059332968465,0.999723251605349,1,"arteriol_scler"
"8088","ADAMTS18","Exc L5 ET",-0.0634892049257778,3.51731550492051,0.239245370975215,0.625534909812179,0.999723251605349,1,"arteriol_scler"
"8089","NUDT7","Exc L5 ET",-0.0982081302606811,3.98061545529684,1.56978201605789,0.21237586214337,0.999723251605349,1,"arteriol_scler"
"8090","VAT1L","Exc L5 ET",-0.0417874916633137,8.63075957174443,1.54429388224097,0.216105450679084,0.999723251605349,1,"arteriol_scler"
"8091","WWOX","Exc L5 ET",-0.0461422651246719,9.06911597376956,1.57786986605433,0.211208549134115,0.999723251605349,1,"arteriol_scler"
"8092","AC105411.1","Exc L5 ET",0.0873309218617072,3.8619210681747,0.654863379196185,0.419784353335407,0.999723251605349,1,"arteriol_scler"
"8093","CDYL2","Exc L5 ET",0.0284192574422444,6.3648530989072,0.482242725261352,0.488585771961344,0.999723251605349,1,"arteriol_scler"
"8094","CMC2","Exc L5 ET",0.0339747634045491,6.64683954999821,1.21525844601453,0.272228640238352,0.999723251605349,1,"arteriol_scler"
"8095","ATMIN","Exc L5 ET",0.0170251005963424,4.89327246644501,0.0729396297957263,0.787510757667763,0.999723251605349,1,"arteriol_scler"
"8096","BCO1","Exc L5 ET",-0.161102502417663,3.74559603883793,2.79569981296357,0.0968030140925987,0.999723251605349,1,"arteriol_scler"
"8097","GAN","Exc L5 ET",-0.0116742612598732,5.82052250568222,0.125672542100876,0.723507604930483,0.999723251605349,1,"arteriol_scler"
"8098","CMIP","Exc L5 ET",-0.0108824954205771,7.87641594446261,0.124307933849598,0.724950919532585,0.999723251605349,1,"arteriol_scler"
"8099","PLCG2","Exc L5 ET",-0.0615114150770433,5.72015042123931,0.356840966435057,0.551253325442835,0.999723251605349,1,"arteriol_scler"
"8100","AC092142.1","Exc L5 ET",0.0318024421659023,4.39598239216946,0.194438383539846,0.659943987152871,0.999723251605349,1,"arteriol_scler"
"8101","MPHOSPH6","Exc L5 ET",-0.00894579011959047,5.84850828064536,0.0522798323220389,0.819484056483235,0.999723251605349,1,"arteriol_scler"
"8102","CDH13","Exc L5 ET",0.0202577958835474,9.64089254352732,0.174796342063914,0.676539340380294,0.999723251605349,1,"arteriol_scler"
"8103","HSBP1","Exc L5 ET",-0.0153431380522927,5.02081784191679,0.067142770784277,0.795932723646941,0.999723251605349,1,"arteriol_scler"
"8104","MBTPS1","Exc L5 ET",0.0240789319397511,6.07267724120289,0.576347509170551,0.650355596743058,0.999723251605349,1,"arteriol_scler"
"8105","HSDL1","Exc L5 ET",-0.0492306138196502,4.58042794709444,0.748585973362665,0.388438869038473,0.999723251605349,1,"arteriol_scler"
"8106","DNAAF1","Exc L5 ET",-0.0912885480586621,5.09101260225621,2.5456828928863,0.112903495619064,0.999723251605349,1,"arteriol_scler"
"8107","TAF1C","Exc L5 ET",-0.00571511427461691,4.89751558141698,0.0116137995168757,0.914338131241478,0.999723251605349,1,"arteriol_scler"
"8108","WFDC1","Exc L5 ET",0.0149406491649591,4.56691205304183,0.064079646372124,0.800540326574051,0.999723251605349,1,"arteriol_scler"
"8109","ATP2C2","Exc L5 ET",-0.0737279407566963,5.5373849594353,1.63523661577943,0.203145141152302,0.999723251605349,1,"arteriol_scler"
"8110","TLDC1","Exc L5 ET",0.00282877898158074,4.95122962923963,0.00323613437035386,0.972437856643094,0.999723251605349,1,"arteriol_scler"
"8111","COTL1","Exc L5 ET",-0.0493662928013488,5.56366288804031,0.92158788753272,0.338751895478932,0.999723251605349,1,"arteriol_scler"
"8112","KLHL36","Exc L5 ET",0.0140374473899707,4.63118695371805,0.0800104733599351,0.834161723557362,0.999723251605349,1,"arteriol_scler"
"8113","USP10","Exc L5 ET",-0.0378963330865201,5.74992977616405,1.08601793957356,0.29919319448735,0.999723251605349,1,"arteriol_scler"
"8114","ZDHHC7","Exc L5 ET",0.0542414442129533,4.92766198378374,1.32915502184698,0.250965909359337,0.999723251605349,1,"arteriol_scler"
"8115","KIAA0513","Exc L5 ET",-0.0067373864783207,5.98116733656025,0.0368989543349443,0.990155025884322,0.999723251605349,1,"arteriol_scler"
"8116","GSE1","Exc L5 ET",-0.0169184077836532,6.66039935035787,0.116422809117072,0.73347055587752,0.999723251605349,1,"arteriol_scler"
"8117","C16orf74","Exc L5 ET",0.0489418354206796,3.78230106563668,0.256420054762009,0.613405412008076,0.999723251605349,1,"arteriol_scler"
"8118","COX4I1","Exc L5 ET",-0.0253701262800574,6.63440701195429,0.108073839608213,0.742850451876763,0.999723251605349,1,"arteriol_scler"
"8119","C16orf95","Exc L5 ET",0.0983498559920064,4.66095412133779,2.06716246110337,0.152784652522138,0.999723251605349,1,"arteriol_scler"
"8120","FBXO31","Exc L5 ET",-0.0148500452428574,4.87707562111649,0.0685224330316528,0.793894075588343,0.999723251605349,1,"arteriol_scler"
"8121","MAP1LC3B","Exc L5 ET",0.010028165450779,5.89279752658697,0.0279603626604356,0.86744894239614,0.999723251605349,1,"arteriol_scler"
"8122","ZCCHC14","Exc L5 ET",0.0108890079661958,6.26682988959672,0.0862393630345692,0.769458617112286,0.999723251605349,1,"arteriol_scler"
"8123","JPH3","Exc L5 ET",-0.0379094960688802,6.15635897292895,0.911380824384685,0.341432049389128,0.999723251605349,1,"arteriol_scler"
"8124","KLHDC4","Exc L5 ET",0.0631834661132221,4.80148870366167,1.27063414231335,0.26162084374582,0.999723251605349,1,"arteriol_scler"
"8125","SLC7A5","Exc L5 ET",-0.00273626085409053,5.53884846916894,0.00308048096715547,0.955819442663807,0.999723251605349,1,"arteriol_scler"
"8126","BANP","Exc L5 ET",0.0312220194854197,6.044862519638,0.423270392537634,0.516400770075635,0.999723251605349,1,"arteriol_scler"
"8127","ZFPM1","Exc L5 ET",-0.0635190507200207,4.21406449291448,0.899537685217391,0.344577990821149,0.999723251605349,1,"arteriol_scler"
"8128","ZC3H18","Exc L5 ET",-0.0171664877030574,4.83005757341705,0.164704647583236,0.868928438670307,0.999723251605349,1,"arteriol_scler"
"8129","MVD","Exc L5 ET",-0.0376358467541247,5.2533155330219,0.761731902640589,0.384316275509905,0.999723251605349,1,"arteriol_scler"
"8130","SNAI3-AS1","Exc L5 ET",-0.0117821211527718,4.94100361656143,0.0502970881070314,0.822881700686043,0.999723251605349,1,"arteriol_scler"
"8131","SNAI3","Exc L5 ET",-0.126012488628248,3.77806509541752,1.32769654090753,0.251224836647199,0.999723251605349,1,"arteriol_scler"
"8132","GALNS","Exc L5 ET",-0.0279637633385764,4.65862263947128,0.246879087893414,0.620078704148773,0.999723251605349,1,"arteriol_scler"
"8133","CBFA2T3","Exc L5 ET",-0.0436056440216001,3.87695406139636,0.26814804899113,0.605413122489836,0.999723251605349,1,"arteriol_scler"
"8134","AC135782.1","Exc L5 ET",-0.0950672050854646,3.69031428942102,0.931310322632403,0.336225389441508,0.999723251605349,1,"arteriol_scler"
"8135","ACSF3","Exc L5 ET",0.0403868853399605,4.87505249463467,0.595182027836853,0.441752661452622,0.999723251605349,1,"arteriol_scler"
"8136","ZNF778","Exc L5 ET",-0.0281247828846548,4.28348972711423,0.240187182596122,0.62485595058274,0.999723251605349,1,"arteriol_scler"
"8137","ANKRD11","Exc L5 ET",-0.00105696519998494,7.83000212322131,0.00179591846820775,0.966258929197076,0.999723251605349,1,"arteriol_scler"
"8138","SPG7","Exc L5 ET",0.0193955433613161,6.80084565570282,0.315063969706247,0.575507473901411,0.999723251605349,1,"arteriol_scler"
"8139","RPL13","Exc L5 ET",-0.0400236107947529,5.88108682125064,0.252482429282292,0.61614034649573,0.999723251605349,1,"arteriol_scler"
"8140","CHMP1A","Exc L5 ET",-0.0375839614419758,4.33657332391087,0.328081563375454,0.567731068594036,0.999723251605349,1,"arteriol_scler"
"8141","SPATA33","Exc L5 ET",-0.0615396852471393,4.44627727405067,0.814073692032101,0.368504316708106,0.999723251605349,1,"arteriol_scler"
"8142","CDK10","Exc L5 ET",-0.0161838759450476,5.62878582214725,0.144146200383676,0.704782117840701,0.999723251605349,1,"arteriol_scler"
"8143","SPATA2L","Exc L5 ET",-0.115740708782568,4.27350300434375,2.1517759739301,0.144699992631798,0.999723251605349,1,"arteriol_scler"
"8144","VPS9D1","Exc L5 ET",-0.0563861080819432,6.68329539071947,2.55009263683454,0.112594995712331,0.999723251605349,1,"arteriol_scler"
"8145","ZNF276","Exc L5 ET",0.0235577005515663,4.74134590083643,0.211960092965718,0.645966329767756,0.999723251605349,1,"arteriol_scler"
"8146","FANCA","Exc L5 ET",-0.0361586830283812,4.43840080251694,0.29704698890266,0.5866270061834,0.999723251605349,1,"arteriol_scler"
"8147","SPIRE2","Exc L5 ET",-0.0550672875747608,5.43552903979882,2.45871553787444,0.215636704884588,0.999723251605349,1,"arteriol_scler"
"8148","TCF25","Exc L5 ET",-0.0142672041265525,7.42220832808636,0.263128169491614,0.608806424779299,0.999723251605349,1,"arteriol_scler"
"8149","DEF8","Exc L5 ET",0.0185000542509704,5.21189621963424,0.198477583814834,0.656656664749036,0.999723251605349,1,"arteriol_scler"
"8150","DBNDD1","Exc L5 ET",0.0663443228043569,4.04930306790872,0.871133380612412,0.352286016698653,0.999723251605349,1,"arteriol_scler"
"8151","GAS8","Exc L5 ET",-0.0643913724224024,5.77037905058724,1.68709252762295,0.196169521630111,0.999723251605349,1,"arteriol_scler"
"8152","FAM157C","Exc L5 ET",0.0766488449577822,5.17668222966396,1.23746521045905,0.267910961048137,0.999723251605349,1,"arteriol_scler"
"8153","DOC2B","Exc L5 ET",0.120367437344329,4.40604150566324,3.024121907359,0.0842840561410648,0.999723251605349,1,"arteriol_scler"
"8154","C17orf97","Exc L5 ET",-0.0989086022931617,4.36624688911083,3.17422217010961,0.0770273344644385,0.999723251605349,1,"arteriol_scler"
"8155","VPS53","Exc L5 ET",0.00394029363299029,7.9418654106724,0.0229290948520276,0.879864655795118,0.999723251605349,1,"arteriol_scler"
"8156","AC015853.3","Exc L5 ET",-0.209391589298057,3.96804993957475,4.38852444042575,0.0380252227795412,0.999723251605349,1,"arteriol_scler"
"8157","GLOD4","Exc L5 ET",-0.0293394823227523,4.57556369267557,0.363832624365542,0.920345639666033,0.999723251605349,1,"arteriol_scler"
"8158","NXN","Exc L5 ET",-0.00077904969587101,4.86724658334826,0.000166678810056683,0.989718072844544,0.999723251605349,1,"arteriol_scler"
"8159","TIMM22","Exc L5 ET",-0.0207124652519011,4.10220360874461,0.0858451390532422,0.769971111905712,0.999723251605349,1,"arteriol_scler"
"8160","ABR","Exc L5 ET",-0.00242022505253611,7.59250303815431,0.0084086807420487,0.927071433072125,0.999723251605349,1,"arteriol_scler"
"8161","YWHAE","Exc L5 ET",0.0225047668478351,6.56142999848085,0.289322015942469,0.591529234915647,0.999723251605349,1,"arteriol_scler"
"8162","CRK","Exc L5 ET",0.0384562164804996,5.81739343967225,1.02167060240297,0.313907346476895,0.999723251605349,1,"arteriol_scler"
"8163","INPP5K","Exc L5 ET",0.0097286322030279,4.04841074599344,0.0251138125928396,0.87431747271086,0.999723251605349,1,"arteriol_scler"
"8164","PITPNA","Exc L5 ET",0.0201069769013657,6.27179572612532,0.379960358635696,0.538648749918307,0.999723251605349,1,"arteriol_scler"
"8165","SLC43A2","Exc L5 ET",-0.0398312360391241,5.41575490614154,0.803753965406195,0.37154815210847,0.999723251605349,1,"arteriol_scler"
"8166","RILP","Exc L5 ET",0.060884819086657,3.71826286509888,0.392584682615845,0.53198797666875,0.999723251605349,1,"arteriol_scler"
"8167","PRPF8","Exc L5 ET",-0.0179834804673467,5.74911856794795,0.166435021947254,0.683937475303955,0.999723251605349,1,"arteriol_scler"
"8168","SMYD4","Exc L5 ET",0.0889975957221854,4.69572713876653,3.13363441653525,0.0789199341142314,0.999723251605349,1,"arteriol_scler"
"8169","RPA1","Exc L5 ET",-0.0047235961974765,4.85941262935782,0.0120820098621779,0.912635319449907,0.999723251605349,1,"arteriol_scler"
"8170","RTN4RL1","Exc L5 ET",0.0596631630713902,6.86346690593129,2.08067163653739,0.151459948947891,0.999723251605349,1,"arteriol_scler"
"8171","DPH1","Exc L5 ET",-0.100818683816538,4.23273362453776,1.56145989176238,0.21358506146414,0.999723251605349,1,"arteriol_scler"
"8172","SMG6","Exc L5 ET",-0.0226123331305153,6.48079635687076,0.394953341553945,0.530754895205145,0.999723251605349,1,"arteriol_scler"
"8173","TSR1","Exc L5 ET",0.0522454886323361,4.0740933212844,0.774218996865947,0.380457963016778,0.999723251605349,1,"arteriol_scler"
"8174","SGSM2","Exc L5 ET",-0.0057574319441571,6.14128772375672,0.0280633659332123,0.867207301656461,0.999723251605349,1,"arteriol_scler"
"8175","MNT","Exc L5 ET",-0.0742489958237968,4.4277990009552,1.9310841146883,0.166897105790883,0.999723251605349,1,"arteriol_scler"
"8176","METTL16","Exc L5 ET",0.0341760557433399,5.28701939868126,0.551315689291961,0.459053527847622,0.999723251605349,1,"arteriol_scler"
"8177","PAFAH1B1","Exc L5 ET",0.00327207343188256,7.98033839215076,0.0198253279710436,0.888233111173844,0.999723251605349,1,"arteriol_scler"
"8178","CLUH","Exc L5 ET",0.0273679909466529,4.91378899370051,0.349485354867275,0.555380052048934,0.999723251605349,1,"arteriol_scler"
"8179","RAP1GAP2","Exc L5 ET",-0.024114193114626,7.77623742332905,0.576002072077649,0.449189231421247,0.999723251605349,1,"arteriol_scler"
"8180","OR3A2","Exc L5 ET",0.0478533625230281,4.906620664408,0.248161867830501,0.61917219711756,0.999723251605349,1,"arteriol_scler"
"8181","SPATA22","Exc L5 ET",-0.0347246856318538,4.40198728662274,0.0935026457169497,0.760235398557747,0.999723251605349,1,"arteriol_scler"
"8182","EMC6","Exc L5 ET",-0.00847791377098058,3.90036021980435,0.00593054176043199,0.938728087384231,0.999723251605349,1,"arteriol_scler"
"8183","ITGAE","Exc L5 ET",0.0465459273718044,4.09989199416046,0.585421497920395,0.445512912981032,0.999723251605349,1,"arteriol_scler"
"8184","NCBP3","Exc L5 ET",0.0333798638589428,5.1394208322501,0.603332016961856,0.438650396646612,0.999723251605349,1,"arteriol_scler"
"8185","CAMKK1","Exc L5 ET",0.0520218507437875,6.43005883346871,2.26469023437173,0.134657821079592,0.999723251605349,1,"arteriol_scler"
"8186","ZZEF1","Exc L5 ET",-0.0438699441924746,6.49082506936489,1.75760055358457,0.187133416710576,0.999723251605349,1,"arteriol_scler"
"8187","CYB5D2","Exc L5 ET",-0.0782194780873349,5.15661300770843,3.54371827893901,0.0618949698261054,0.999723251605349,1,"arteriol_scler"
"8188","ANKFY1","Exc L5 ET",0.0405065830371818,6.51571324341074,1.61034865188019,0.206597467471869,0.999723251605349,1,"arteriol_scler"
"8189","UBE2G1","Exc L5 ET",0.0269891664202611,6.30218960566699,0.65942327292751,0.418174277127511,0.999723251605349,1,"arteriol_scler"
"8190","SPNS2","Exc L5 ET",-0.0100377359462689,5.25036662169918,0.0539363893734392,0.941732908110441,0.999723251605349,1,"arteriol_scler"
"8191","MYBBP1A","Exc L5 ET",-0.0273701605775297,4.47474755966721,0.214453041890895,0.644035106830013,0.999723251605349,1,"arteriol_scler"
"8192","PELP1","Exc L5 ET",-0.0120765957724086,4.54074853942844,0.0452522238896327,0.871670397691708,0.999723251605349,1,"arteriol_scler"
"8193","ARRB2","Exc L5 ET",0.0123857734165574,4.58480413067382,0.0496272214882533,0.824045452351996,0.999723251605349,1,"arteriol_scler"
"8194","MED11","Exc L5 ET",-0.100858833631259,3.65106030805871,1.04452106343219,0.308576084260314,0.999723251605349,1,"arteriol_scler"
"8195","PSMB6","Exc L5 ET",-0.0936463203243146,4.17048456807571,0.837911109530969,0.361605445246485,0.999723251605349,1,"arteriol_scler"
"8196","MINK1","Exc L5 ET",0.0206889586410843,5.53061934547745,0.306893046939985,0.580497347222522,0.999723251605349,1,"arteriol_scler"
"8197","SLC25A11","Exc L5 ET",0.0319605216202851,4.77597122696434,0.137733360861012,0.711118895932396,0.999723251605349,1,"arteriol_scler"
"8198","RNF167","Exc L5 ET",-0.012992117987209,4.44556009363117,0.0303647048787341,0.861922875807567,0.999723251605349,1,"arteriol_scler"
"8199","PFN1","Exc L5 ET",0.0533880825893597,4.09990753256843,0.292098665115008,0.58975754433946,0.999723251605349,1,"arteriol_scler"
"8200","SPAG7","Exc L5 ET",0.0760554457612014,4.28255646591147,0.998316523822655,0.319482099918177,0.999723251605349,1,"arteriol_scler"
"8201","CAMTA2","Exc L5 ET",-0.000310513017051771,5.47745063261515,4.29255020331142e-05,0.994782036444135,0.999723251605349,1,"arteriol_scler"
"8202","ZNF594","Exc L5 ET",-0.0135563525348537,4.79819876543555,0.069620488458583,0.923567931123472,0.999723251605349,1,"arteriol_scler"
"8203","AC087500.1","Exc L5 ET",0.0211774473847811,5.92264178439995,0.231264701381795,0.63135581529305,0.999723251605349,1,"arteriol_scler"
"8204","RABEP1","Exc L5 ET",-0.0130201877198964,7.38267617490415,0.36828661432088,0.544945469224681,0.999723251605349,1,"arteriol_scler"
"8205","NUP88","Exc L5 ET",0.0410293203948612,5.38631492895241,0.945756147783825,0.345741649372684,0.999723251605349,1,"arteriol_scler"
"8206","RPAIN","Exc L5 ET",-0.0167653405913807,5.58468584627865,0.141221896757247,0.70765133799104,0.999723251605349,1,"arteriol_scler"
"8207","C1QBP","Exc L5 ET",0.00387825219396214,4.89559457413665,0.00215717732204339,0.963022959986716,0.999723251605349,1,"arteriol_scler"
"8208","DHX33","Exc L5 ET",-0.0570811682031839,4.01298337638533,0.541160323503443,0.463211530979628,0.999723251605349,1,"arteriol_scler"
"8209","NLRP1","Exc L5 ET",-0.00874241709608196,5.95017398363018,0.0180602434610719,0.893292946211754,0.999723251605349,1,"arteriol_scler"
"8210","PITPNM3","Exc L5 ET",-0.0179055564360248,5.75712346722037,0.200134206089091,0.655320014916872,0.999723251605349,1,"arteriol_scler"
"8211","KIAA0753","Exc L5 ET",0.0075204366982784,5.64290715286552,0.0354306669433971,0.850974982961681,0.999723251605349,1,"arteriol_scler"
"8212","MED31","Exc L5 ET",-0.0581923222919967,5.30639264416802,1.16618856194548,0.282085828323723,0.999723251605349,1,"arteriol_scler"
"8213","C17orf100","Exc L5 ET",-0.0475104891898211,5.1971459865737,0.857227354036784,0.356146060824171,0.999723251605349,1,"arteriol_scler"
"8214","ALOX12-AS1","Exc L5 ET",0.0472245988994054,6.06100312111854,1.04470934718874,0.308532650666685,0.999723251605349,1,"arteriol_scler"
"8215","ASGR1","Exc L5 ET",0.0822601560352283,4.65056515271922,1.45365031931594,0.230024178461773,0.999723251605349,1,"arteriol_scler"
"8216","DLG4","Exc L5 ET",0.0710053496518304,5.71793333481897,2.30044207129549,0.131644394331825,0.999723251605349,1,"arteriol_scler"
"8217","ACADVL","Exc L5 ET",0.0116584683898513,6.46550000184645,0.0598023555896762,0.807174977983547,0.999723251605349,1,"arteriol_scler"
"8218","DVL2","Exc L5 ET",0.076509243651867,4.3889772371367,2.05291931226905,0.154195707483718,0.999723251605349,1,"arteriol_scler"
"8219","ELP5","Exc L5 ET",0.0254496790878319,4.2104326703728,0.143927074312653,0.704995955841939,0.999723251605349,1,"arteriol_scler"
"8220","EIF5A","Exc L5 ET",-0.0303650147929658,4.51435373916842,0.085547946629683,0.770358310546705,0.999723251605349,1,"arteriol_scler"
"8221","NLGN2","Exc L5 ET",0.041561512336866,5.06718761942265,0.702203688770543,0.40350577389886,0.999723251605349,1,"arteriol_scler"
"8222","ZBTB4","Exc L5 ET",0.0455926485804692,6.27936001574718,1.80118644859771,0.181792109653473,0.999723251605349,1,"arteriol_scler"
"8223","POLR2A","Exc L5 ET",0.0939529367727335,5.34387354483353,5.47889939529277,0.0206925189096847,0.999723251605349,1,"arteriol_scler"
"8224","EIF4A1","Exc L5 ET",0.0193977129341178,4.30194049743526,0.0794244080031317,0.778504797731892,0.999723251605349,1,"arteriol_scler"
"8225","MPDU1","Exc L5 ET",0.0104709445290977,3.96666566040243,0.0211220887800389,0.884660750030212,0.999723251605349,1,"arteriol_scler"
"8226","FXR2","Exc L5 ET",0.0762099065845223,4.87261093909827,1.69247973032365,0.195461227073465,0.999723251605349,1,"arteriol_scler"
"8227","SAT2","Exc L5 ET",-0.0396983018714803,6.6972924095215,0.434770973434402,0.510765489413848,0.999723251605349,1,"arteriol_scler"
"8228","EFNB3","Exc L5 ET",0.0746048876065164,4.04458153544317,1.12212527351039,0.291327895847269,0.999723251605349,1,"arteriol_scler"
"8229","KDM6B","Exc L5 ET",0.0607485488809963,4.13746601364778,0.877729811203056,0.353064485816112,0.999723251605349,1,"arteriol_scler"
"8230","NAA38","Exc L5 ET",-0.0437646878043022,4.95149008415984,0.474620780684142,0.492035700901202,0.999723251605349,1,"arteriol_scler"
"8231","CHD3","Exc L5 ET",0.0493670492599925,4.90636199461417,0.833992630823049,0.362727073105717,0.999723251605349,1,"arteriol_scler"
"8232","KCNAB3","Exc L5 ET",0.019532100110186,4.40135756589096,0.0648399781485501,0.79938586144161,0.999723251605349,1,"arteriol_scler"
"8233","TRAPPC1","Exc L5 ET",0.0241901526728627,3.91163038880897,0.0455342977774192,0.831342253127406,0.999723251605349,1,"arteriol_scler"
"8234","PER1","Exc L5 ET",0.0943069336292984,4.93375443410564,3.40352929537695,0.0672195161291566,0.999723251605349,1,"arteriol_scler"
"8235","CTC1","Exc L5 ET",0.218919532523388,3.92428604576083,10.3313399513295,0.00163160849864254,0.999723251605349,0.818364304496965,"arteriol_scler"
"8236","NDEL1","Exc L5 ET",0.0722927977025406,5.23062289146354,2.58588559998143,0.110125380078778,0.999723251605349,1,"arteriol_scler"
"8237","MYH10","Exc L5 ET",0.0137959777970321,8.20382050045817,0.429028735139019,0.513565675228184,0.999723251605349,1,"arteriol_scler"
"8238","STX8","Exc L5 ET",0.0553036518388579,6.91553365426076,2.59492185568433,0.10951146412103,0.999723251605349,1,"arteriol_scler"
"8239","CFAP52","Exc L5 ET",0.00719416754738202,4.19837801336376,0.0127033932677247,0.910426211357791,0.999723251605349,1,"arteriol_scler"
"8240","USP43","Exc L5 ET",0.0329929125858637,5.31643936606461,0.419035403485628,0.518503442331825,0.999723251605349,1,"arteriol_scler"
"8241","GAS7","Exc L5 ET",0.026083940343245,7.2851047326381,0.622709507524339,0.431407570667439,0.999723251605349,1,"arteriol_scler"
"8242","SCO1","Exc L5 ET",-0.0633626095474201,4.13046878508923,1.02105840755984,0.31405183654419,0.999723251605349,1,"arteriol_scler"
"8243","SHISA6","Exc L5 ET",-0.0769187501009808,4.61253634488324,0.857719608747663,0.356008427887612,0.999723251605349,1,"arteriol_scler"
"8244","DNAH9","Exc L5 ET",0.0202793530756178,5.47440818050018,0.154829681747891,0.694574539338839,0.999723251605349,1,"arteriol_scler"
"8245","MAP2K4","Exc L5 ET",0.0354280409969583,7.99638307007312,2.37776366616423,0.12538345452388,0.999723251605349,1,"arteriol_scler"
"8246","ARHGAP44","Exc L5 ET",0.00139542344309224,7.95768669391809,0.00297616735016845,0.956573162689535,0.999723251605349,1,"arteriol_scler"
"8247","ELAC2","Exc L5 ET",0.0425415285091627,4.16944482533815,0.47620588156737,0.491314877421237,0.999723251605349,1,"arteriol_scler"
"8248","COX10","Exc L5 ET",0.0412245360823118,5.28997025274896,0.83348789440679,0.362871900754537,0.999723251605349,1,"arteriol_scler"
"8249","TRIM16","Exc L5 ET",-0.0659024305375736,4.82214508920465,1.42169974226797,0.235187799449173,0.999723251605349,1,"arteriol_scler"
"8250","ZSWIM7","Exc L5 ET",-0.04963098168199,5.02081751168207,0.996031507998906,0.32003455264244,0.999723251605349,1,"arteriol_scler"
"8251","TTC19","Exc L5 ET",0.017247675598635,7.35849208344651,0.415467127167255,0.520286843868863,0.999723251605349,1,"arteriol_scler"
"8252","NCOR1","Exc L5 ET",-0.0077284994943104,7.42825194098239,0.106983851255753,0.744104361770367,0.999723251605349,1,"arteriol_scler"
"8253","PIGL","Exc L5 ET",0.0403353858073045,6.07627014100865,0.753877077540136,0.386771981373092,0.999723251605349,1,"arteriol_scler"
"8254","CENPV","Exc L5 ET",-0.0806065349121728,4.96731289358354,2.23832886066324,0.13692967904936,0.999723251605349,1,"arteriol_scler"
"8255","UBB","Exc L5 ET",0.0294477565460613,6.51950407172302,0.105540222518079,0.745776035373429,0.999723251605349,1,"arteriol_scler"
"8256","LRRC75A","Exc L5 ET",0.0510048212148705,4.43350754518784,0.592223272447416,0.442887304661324,0.999723251605349,1,"arteriol_scler"
"8257","AC098850.3","Exc L5 ET",0.056201962246735,7.11372420079974,1.48213838636618,0.225535928049734,0.999723251605349,1,"arteriol_scler"
"8258","MPRIP","Exc L5 ET",-0.0134987671893269,7.20355566796415,0.322021106673974,0.802181705523534,0.999723251605349,1,"arteriol_scler"
"8259","COPS3","Exc L5 ET",-0.00595262194446246,4.4722123897227,0.00801433774006014,0.928797328677999,0.999723251605349,1,"arteriol_scler"
"8260","NT5M","Exc L5 ET",-0.0774007911853796,4.32423057856527,1.76963910992467,0.185639964605487,0.999723251605349,1,"arteriol_scler"
"8261","MED9","Exc L5 ET",-0.0528001224926382,5.22474311221188,1.70918344046808,0.193284189494396,0.999723251605349,1,"arteriol_scler"
"8262","RASD1","Exc L5 ET",0.155811649151389,5.285164291197,3.96073569368964,0.0485663848015339,0.999723251605349,1,"arteriol_scler"
"8263","RAI1","Exc L5 ET",-0.0514236926702804,6.24439123561873,1.53050159234119,0.218156406991382,0.999723251605349,1,"arteriol_scler"
"8264","SREBF1","Exc L5 ET",-0.0308087755861981,4.88806908945436,0.247564158539709,0.619594217670145,0.999723251605349,1,"arteriol_scler"
"8265","TOM1L2","Exc L5 ET",0.012298838957943,7.08926932575853,0.219992563761938,0.951705707542998,0.999723251605349,1,"arteriol_scler"
"8266","ATPAF2","Exc L5 ET",-0.0161248633603532,4.90118914337467,0.123687102904821,0.880744569902096,0.999723251605349,1,"arteriol_scler"
"8267","DRG2","Exc L5 ET",0.0166991580849677,4.82576630388438,0.0955686919045214,0.757683904803515,0.999723251605349,1,"arteriol_scler"
"8268","MYO15A","Exc L5 ET",-0.0801423226798805,4.23150155938674,1.65417240933539,0.200564348137137,0.999723251605349,1,"arteriol_scler"
"8269","ALKBH5","Exc L5 ET",0.0514772297960182,5.2887578760207,1.19596598312395,0.276051202348325,0.999723251605349,1,"arteriol_scler"
"8270","FLII","Exc L5 ET",0.0703842710444233,4.10035569491253,1.10592175678758,0.294824095567516,0.999723251605349,1,"arteriol_scler"
"8271","TOP3A","Exc L5 ET",-0.0483892089949795,5.0399888812402,0.994385763206951,0.320433231794605,0.999723251605349,1,"arteriol_scler"
"8272","TRIM16L","Exc L5 ET",-0.0379381250508007,4.00767024256367,0.289215373118326,0.767332154531924,0.999723251605349,1,"arteriol_scler"
"8273","PRPSAP2","Exc L5 ET",0.0295588607963334,5.16036921716448,0.33846477071433,0.561674107497531,0.999723251605349,1,"arteriol_scler"
"8274","EPN2","Exc L5 ET",-0.0327799372945678,6.88744217946801,1.22480950198231,0.270360956812617,0.999723251605349,1,"arteriol_scler"
"8275","B9D1","Exc L5 ET",-0.0147801618156168,4.29712410094043,0.04690000556689,0.828870657970777,0.999723251605349,1,"arteriol_scler"
"8276","RNF112","Exc L5 ET",0.00291390564702901,5.00872099270358,0.00345541274251549,0.953210913516195,0.999723251605349,1,"arteriol_scler"
"8277","SLC47A1","Exc L5 ET",0.0151588220599721,5.75560090071885,0.0889237907695872,0.766002214067596,0.999723251605349,1,"arteriol_scler"
"8278","ALDH3A2","Exc L5 ET",0.0616126001655961,6.2661048122251,2.37466424135169,0.125627886049301,0.999723251605349,1,"arteriol_scler"
"8279","ULK2","Exc L5 ET",0.0303704394391729,6.35637899586209,0.842805481109614,0.360211232814571,0.999723251605349,1,"arteriol_scler"
"8280","AKAP10","Exc L5 ET",0.00335654083368596,6.13015186995681,0.00969969978325657,0.991273718681109,0.999723251605349,1,"arteriol_scler"
"8281","SPECC1","Exc L5 ET",0.0573110496226674,7.85395226263744,2.33839840124621,0.128528073834093,0.999723251605349,1,"arteriol_scler"
"8282","CCDC144NL","Exc L5 ET",-0.132983662647591,4.20105726958473,1.48290407148316,0.225416767586452,0.999723251605349,1,"arteriol_scler"
"8283","CCDC144NL-AS1","Exc L5 ET",-0.037786984675575,5.30788608752878,0.393266919948244,0.531632285133121,0.999723251605349,1,"arteriol_scler"
"8284","USP22","Exc L5 ET",0.0339600065230648,6.80863641441623,1.14994088882539,0.285449430518083,0.999723251605349,1,"arteriol_scler"
"8285","DHRS7B","Exc L5 ET",-0.0347027581588824,5.52803366671179,0.561044286641255,0.455125667178574,0.999723251605349,1,"arteriol_scler"
"8286","TMEM11","Exc L5 ET",-0.0869857907193339,3.80989029717918,0.910169927063891,0.341751909777179,0.999723251605349,1,"arteriol_scler"
"8287","MAP2K3","Exc L5 ET",0.0694285662253648,4.29770214038387,1.22883745954708,0.269578143571631,0.999723251605349,1,"arteriol_scler"
"8288","C17orf51","Exc L5 ET",-0.0133754800626687,5.42968585357832,0.0923386544350403,0.761686488444163,0.999723251605349,1,"arteriol_scler"
"8289","WSB1","Exc L5 ET",-0.106894773565848,7.7942911283768,6.91376737728113,0.00953245756527144,0.999723251605349,1,"arteriol_scler"
"8290","KSR1","Exc L5 ET",0.00217756783508955,4.90238371614606,0.00157116611245102,0.968439564462602,0.999723251605349,1,"arteriol_scler"
"8291","AC005697.1","Exc L5 ET",-0.135025618786006,4.63908457092701,1.51799187717198,0.220036923547677,0.999723251605349,1,"arteriol_scler"
"8292","NLK","Exc L5 ET",0.046560113388225,7.88209833700104,2.20049284087367,0.14026665644542,0.999723251605349,1,"arteriol_scler"
"8293","IFT20","Exc L5 ET",-0.0140135245468665,5.34668370296454,0.109546373633123,0.97632981530355,0.999723251605349,1,"arteriol_scler"
"8294","TNFAIP1","Exc L5 ET",0.110889060230237,4.32210692756825,3.13959483043986,0.0786388582517804,0.999723251605349,1,"arteriol_scler"
"8295","POLDIP2","Exc L5 ET",-0.00710541338335912,4.88038511941296,0.0156824088867537,0.900525748158783,0.999723251605349,1,"arteriol_scler"
"8296","TMEM199","Exc L5 ET",-0.0068543976266104,4.02832789619484,0.00888656878039291,0.925033713329203,0.999723251605349,1,"arteriol_scler"
"8297","SARM1","Exc L5 ET",-0.0031556530664915,5.69209364507047,0.00784300939691451,0.929560492154662,0.999723251605349,1,"arteriol_scler"
"8298","AC005726.1","Exc L5 ET",0.0365959192039383,5.70862864072951,0.321848813986676,0.571428389961335,0.999723251605349,1,"arteriol_scler"
"8299","AC005726.5","Exc L5 ET",-0.113265041557609,4.18170171365551,0.904710894933326,0.343198984344272,0.999723251605349,1,"arteriol_scler"
"8300","KIAA0100","Exc L5 ET",0.133580060973027,5.03514961913484,8.95708883026126,0.00328032221127528,0.999723251605349,0.977739476217661,"arteriol_scler"
"8301","SDF2","Exc L5 ET",-0.0196930837904188,4.2024066566328,0.07842669472069,0.779863915083705,0.999723251605349,1,"arteriol_scler"
"8302","SUPT6H","Exc L5 ET",-0.0073915953602026,5.52072591966008,0.0446560064694471,0.832952280322527,0.999723251605349,1,"arteriol_scler"
"8303","RPL23A","Exc L5 ET",-0.0113394763188949,4.38916542018343,0.0120538906602915,0.912736631996686,0.999723251605349,1,"arteriol_scler"
"8304","FAM222B","Exc L5 ET",0.0259037517030409,6.55586816123383,0.339240406186313,0.561226660349591,0.999723251605349,1,"arteriol_scler"
"8305","ERAL1","Exc L5 ET",0.0519437665853648,4.04326724668333,0.592373102552403,0.442829738270697,0.999723251605349,1,"arteriol_scler"
"8306","FLOT2","Exc L5 ET",0.0282872222387813,4.86389664986545,0.287598942125267,0.592634198554467,0.999723251605349,1,"arteriol_scler"
"8307","PHF12","Exc L5 ET",-0.0314032484981188,4.49845356311964,0.320595966112307,0.830199206017624,0.999723251605349,1,"arteriol_scler"
"8308","SEZ6","Exc L5 ET",0.0471618756647275,5.88569050535796,1.16291245945086,0.282759961594366,0.999723251605349,1,"arteriol_scler"
"8309","MYO18A","Exc L5 ET",-0.0609770190010506,5.22646347894984,1.40504684473007,0.237935158072038,0.999723251605349,1,"arteriol_scler"
"8310","NUFIP2","Exc L5 ET",-0.0146031006483543,6.02507351612375,0.199836469416937,0.655559753554875,0.999723251605349,1,"arteriol_scler"
"8311","TAOK1","Exc L5 ET",0.0134146412452028,7.5947681803698,0.274994940826622,0.600849233002765,0.999723251605349,1,"arteriol_scler"
"8312","ABHD15-AS1","Exc L5 ET",-0.0581987831530569,4.40965441020272,0.509576689757552,0.47653819295563,0.999723251605349,1,"arteriol_scler"
"8313","GIT1","Exc L5 ET",0.0544211888838398,5.36632245128934,1.46130056812323,0.22880833264185,0.999723251605349,1,"arteriol_scler"
"8314","CORO6","Exc L5 ET",-0.055650050985413,7.22469581979952,2.51696440395585,0.114935781685984,0.999723251605349,1,"arteriol_scler"
"8315","SSH2","Exc L5 ET",0.0311012525399204,8.53963556640802,1.19450711771302,0.276343012801391,0.999723251605349,1,"arteriol_scler"
"8316","AC023389.1","Exc L5 ET",0.0103348272204988,4.08867362151276,0.0157701530415345,0.900249319918283,0.999723251605349,1,"arteriol_scler"
"8317","EFCAB5","Exc L5 ET",-0.0124779210531412,5.48771517782343,0.0630193408514857,0.802162503314284,0.999723251605349,1,"arteriol_scler"
"8318","NSRP1","Exc L5 ET",0.0170634492948699,5.52361834031869,0.183242676460733,0.669274323640627,0.999723251605349,1,"arteriol_scler"
"8319","BLMH","Exc L5 ET",-0.0462602717622385,4.81360628384591,0.885642485142323,0.513302679836872,0.999723251605349,1,"arteriol_scler"
"8320","CPD","Exc L5 ET",0.0153619068967905,6.24313280497475,0.268006719914099,0.878809106267874,0.999723251605349,1,"arteriol_scler"
"8321","GOSR1","Exc L5 ET",0.0136339707707433,6.02224100778105,0.188034980146275,0.710685076261354,0.999723251605349,1,"arteriol_scler"
"8322","AC127024.2","Exc L5 ET",-0.0155959702741803,4.28903216663873,0.03296925094883,0.856185501116325,0.999723251605349,1,"arteriol_scler"
"8323","CRLF3","Exc L5 ET",-0.106226123620306,6.37004663852212,3.41529429825296,0.0667541927771373,0.999723251605349,1,"arteriol_scler"
"8324","ATAD5","Exc L5 ET",-0.0652825949758628,4.24428720550734,0.977023536343402,0.324679645701557,0.999723251605349,1,"arteriol_scler"
"8325","AC130324.2","Exc L5 ET",-0.00106231051754035,4.10619850518106,0.00019420604019434,0.988901515326513,0.999723251605349,1,"arteriol_scler"
"8326","TEFM","Exc L5 ET",0.000354039419547437,5.22342626332414,7.05027744990293e-05,0.993312797981306,0.999723251605349,1,"arteriol_scler"
"8327","NF1","Exc L5 ET",-0.0155388102518255,8.21453505529225,0.343760754201553,0.558632535996984,0.999723251605349,1,"arteriol_scler"
"8328","OMG","Exc L5 ET",0.0513482203624101,5.36159200864768,0.833322993970809,0.362919234257928,0.999723251605349,1,"arteriol_scler"
"8329","RAB11FIP4","Exc L5 ET",0.00547005753177734,6.98716470608858,0.0308636563782723,0.860804670496883,0.999723251605349,1,"arteriol_scler"
"8330","COPRS","Exc L5 ET",-0.0145232194053593,4.91651004139898,0.0324354483880579,0.857341770643351,0.999723251605349,1,"arteriol_scler"
"8331","UTP6","Exc L5 ET",0.0936719634677388,4.90541143015891,3.90153215358335,0.0613389463090367,0.999723251605349,1,"arteriol_scler"
"8332","SUZ12","Exc L5 ET",0.00137328692257893,6.62593256093215,0.00263666435321545,0.95912274769498,0.999723251605349,1,"arteriol_scler"
"8333","LRRC37B","Exc L5 ET",0.00409806656976436,6.5318534481416,0.0125279962923605,0.911044122865801,0.999723251605349,1,"arteriol_scler"
"8334","RHOT1","Exc L5 ET",0.0143903423988599,7.30119151713722,0.264768566049654,0.607693085579285,0.999723251605349,1,"arteriol_scler"
"8335","RHBDL3","Exc L5 ET",-0.0431321001557817,7.24008680094158,1.20152424410281,0.274942977477746,0.999723251605349,1,"arteriol_scler"
"8336","C17orf75","Exc L5 ET",0.0452756405341563,4.41187176321521,0.534634476108242,0.465915368555135,0.999723251605349,1,"arteriol_scler"
"8337","ZNF207","Exc L5 ET",-0.00818759519838526,6.55471502560176,0.100186113497958,0.773934737885301,0.999723251605349,1,"arteriol_scler"
"8338","PSMD11","Exc L5 ET",-0.0196201037865578,6.02230221969718,0.324699651518247,0.586941903515257,0.999723251605349,1,"arteriol_scler"
"8339","CDK5R1","Exc L5 ET",0.101146947633591,5.91148755586818,2.81454886464677,0.0956962335468796,0.999723251605349,1,"arteriol_scler"
"8340","MYO1D","Exc L5 ET",-0.0323976722836536,7.95633746980257,0.896304648763123,0.345443643659132,0.999723251605349,1,"arteriol_scler"
"8341","ASIC2","Exc L5 ET",0.0360648945157144,11.1778832516437,0.787710190599028,0.376351006932191,0.999723251605349,1,"arteriol_scler"
"8342","AC011824.2","Exc L5 ET",-0.129510922638911,4.5676738324344,1.70770654528284,0.193475519889749,0.999723251605349,1,"arteriol_scler"
"8343","SLFN5","Exc L5 ET",-0.095052282456426,4.13180715690144,0.502776953982581,0.479489041402616,0.999723251605349,1,"arteriol_scler"
"8344","LINC02001","Exc L5 ET",-0.104395151432069,4.00327882393502,2.12203582568249,0.147484671478388,0.999723251605349,1,"arteriol_scler"
"8345","AP2B1","Exc L5 ET",-0.0243683591687491,6.78785370850711,0.71667381103605,0.398715472974435,0.999723251605349,1,"arteriol_scler"
"8346","TAF15","Exc L5 ET",0.00105933844450568,7.30633067325484,0.00174946595411505,0.966697894935221,0.999723251605349,1,"arteriol_scler"
"8347","AC015849.3","Exc L5 ET",-0.11357774136377,4.01770235877248,1.25717923390701,0.264149866112618,0.999723251605349,1,"arteriol_scler"
"8348","ZNHIT3","Exc L5 ET",0.112884450606238,4.52570125437758,2.83473714966314,0.0945262416592548,0.999723251605349,1,"arteriol_scler"
"8349","MYO19","Exc L5 ET",-0.0108392334607417,5.53149976437058,0.0705241210018253,0.790974926542877,0.999723251605349,1,"arteriol_scler"
"8350","GGNBP2","Exc L5 ET",0.0216765174516048,5.92822424441929,0.391253829887512,0.532683072541821,0.999723251605349,1,"arteriol_scler"
"8351","DHRS11","Exc L5 ET",-0.00989903894196904,4.44077840047852,0.018682533632867,0.891481455895084,0.999723251605349,1,"arteriol_scler"
"8352","AATF","Exc L5 ET",-0.0110419080610722,5.27914657310832,0.0606997814377205,0.805762571388817,0.999723251605349,1,"arteriol_scler"
"8353","ACACA","Exc L5 ET",-0.026117879054737,8.33058060738007,0.8651487806032,0.353940129970271,0.999723251605349,1,"arteriol_scler"
"8354","TADA2A","Exc L5 ET",0.0440199476585738,5.10163625789165,0.99505758846605,0.320270403705571,0.999723251605349,1,"arteriol_scler"
"8355","SYNRG","Exc L5 ET",0.0187413993313154,5.98783299910374,0.352013489859853,0.553955112736727,0.999723251605349,1,"arteriol_scler"
"8356","DDX52","Exc L5 ET",-0.0796180794864898,4.68859431585782,2.07760553819432,0.151759453057712,0.999723251605349,1,"arteriol_scler"
"8357","MRPL45","Exc L5 ET",-0.0279028836705011,4.80528880128575,0.358880803476128,0.589520485711144,0.999723251605349,1,"arteriol_scler"
"8358","SOCS7","Exc L5 ET",0.0176023944057595,5.70854707000064,0.265773200380052,0.607013393438879,0.999723251605349,1,"arteriol_scler"
"8359","ARHGAP23","Exc L5 ET",0.0221029122603188,4.43630626575767,0.126598722741332,0.722533026955157,0.999723251605349,1,"arteriol_scler"
"8360","SRCIN1","Exc L5 ET",0.0472439451511216,6.21348094505064,1.01211281080079,0.316173203243741,0.999723251605349,1,"arteriol_scler"
"8361","MLLT6","Exc L5 ET",-0.0243833219582835,4.938669041733,0.262504679091375,0.609230739640788,0.999723251605349,1,"arteriol_scler"
"8362","PSMB3","Exc L5 ET",-0.0217458322447789,4.28643531090949,0.0809884898510063,0.776392583349864,0.999723251605349,1,"arteriol_scler"
"8363","PIP4K2B","Exc L5 ET",0.0502235733126802,5.70349939672287,1.53618224193791,0.217308854900433,0.999723251605349,1,"arteriol_scler"
"8364","CWC25","Exc L5 ET",-0.059421394702403,4.58254797474133,0.898823491712882,0.344768963262595,0.999723251605349,1,"arteriol_scler"
"8365","RPL23","Exc L5 ET",-0.136100176962609,4.38870000065438,2.06413732154973,0.153083109609497,0.999723251605349,1,"arteriol_scler"
"8366","LASP1","Exc L5 ET",0.0152360720396497,5.31178805729218,0.139220646734174,0.773033890554986,0.999723251605349,1,"arteriol_scler"
"8367","LINC00672","Exc L5 ET",-0.0956996698517979,4.66301597738906,2.2612364007081,0.134953037424632,0.999723251605349,1,"arteriol_scler"
"8368","PLXDC1","Exc L5 ET",-0.013049620766215,5.51982711155458,0.10564556442397,0.745653626631883,0.999723251605349,1,"arteriol_scler"
"8369","CACNB1","Exc L5 ET",0.0734891933221368,4.97847680069287,1.68644177773703,0.19625528560031,0.999723251605349,1,"arteriol_scler"
"8370","RPL19","Exc L5 ET",-0.0829430086898132,5.2581317291016,0.786406996523958,0.376744972810288,0.999723251605349,1,"arteriol_scler"
"8371","STAC2","Exc L5 ET",-0.0347728256819305,6.13397649242875,0.898074850483017,0.344969301659535,0.999723251605349,1,"arteriol_scler"
"8372","FBXL20","Exc L5 ET",0.0292800233482958,7.54009557864384,0.954451477491356,0.330313098565613,0.999723251605349,1,"arteriol_scler"
"8373","MED1","Exc L5 ET",0.0121930089693714,4.58197004494295,0.06115384287395,0.80505216994386,0.999723251605349,1,"arteriol_scler"
"8374","CDK12","Exc L5 ET",0.00787016197968935,6.33445608506319,0.0718968983097763,0.788998513618714,0.999723251605349,1,"arteriol_scler"
"8375","NEUROD2","Exc L5 ET",0.135074857753481,5.53233826464813,4.78353216739889,0.0304323124200685,0.999723251605349,1,"arteriol_scler"
"8376","PPP1R1B","Exc L5 ET",0.0804244932586196,3.90350859648365,0.793727901277117,0.374539339509858,0.999723251605349,1,"arteriol_scler"
"8377","STARD3","Exc L5 ET",0.0145851490372053,4.85930221871019,0.100579591884602,0.816228174383786,0.999723251605349,1,"arteriol_scler"
"8378","MIEN1","Exc L5 ET",0.00357013889158666,4.36627798458863,0.00190794298685222,0.965223162691411,0.999723251605349,1,"arteriol_scler"
"8379","GSDMB","Exc L5 ET",-0.0417564758166308,4.70267369715685,0.593261168704384,0.442488771478219,0.999723251605349,1,"arteriol_scler"
"8380","PSMD3","Exc L5 ET",0.00950874713870727,5.27646866176317,0.0340139797532945,0.853950176286468,0.999723251605349,1,"arteriol_scler"
"8381","MED24","Exc L5 ET",-0.0286575253696574,5.18977739327144,0.599500562141465,0.706508379818737,0.999723251605349,1,"arteriol_scler"
"8382","THRA","Exc L5 ET",0.0153579301747383,5.35969908435092,0.107115258277028,0.743952818596755,0.999723251605349,1,"arteriol_scler"
"8383","NR1D1","Exc L5 ET",0.018832516538335,4.00505681427131,0.0508969786895917,0.821846409042092,0.999723251605349,1,"arteriol_scler"
"8384","MSL1","Exc L5 ET",-0.0112792037451458,5.4701486567134,0.0864042101382535,0.984370400880889,0.999723251605349,1,"arteriol_scler"
"8385","CASC3","Exc L5 ET",0.0384738408268358,5.55137321935745,1.05384027703006,0.306435874293025,0.999723251605349,1,"arteriol_scler"
"8386","RAPGEFL1","Exc L5 ET",-0.0273859001855889,6.34433187255668,0.642691503181305,0.424128046326968,0.999723251605349,1,"arteriol_scler"
"8387","WIPF2","Exc L5 ET",-0.00152246378583736,6.93847457885153,0.00247913187220763,0.960361650009408,0.999723251605349,1,"arteriol_scler"
"8388","KRT10","Exc L5 ET",-0.100656102607796,4.19576468212493,1.3456889769252,0.248053552660287,0.999723251605349,1,"arteriol_scler"
"8389","EIF1","Exc L5 ET",-0.00866480084238917,7.0469633052895,0.012250924880382,0.912029219802701,0.999723251605349,1,"arteriol_scler"
"8390","NT5C3B","Exc L5 ET",0.0195318260458791,4.98631541642891,0.0852051649035395,0.770805813695107,0.999723251605349,1,"arteriol_scler"
"8391","ACLY","Exc L5 ET",0.0525796610326309,4.7417126692686,0.79111758574313,0.375323673774506,0.999723251605349,1,"arteriol_scler"
"8392","CNP","Exc L5 ET",0.110916108288608,4.10860810632291,1.73690052832244,0.189734485607918,0.999723251605349,1,"arteriol_scler"
"8393","DNAJC7","Exc L5 ET",0.0441227425837745,5.92045957591672,1.62424770874194,0.204660931633722,0.999723251605349,1,"arteriol_scler"
"8394","KAT2A","Exc L5 ET",-0.118979918966565,5.6912881872571,7.68662677142694,0.00633905714453579,0.999723251605349,1,"arteriol_scler"
"8395","STAT5B","Exc L5 ET",0.0129673849481355,5.44853264359293,0.103944885492114,0.912711159453734,0.999723251605349,1,"arteriol_scler"
"8396","STAT3","Exc L5 ET",-0.0167423178763447,5.41579230925451,0.179011473915969,0.672888459536101,0.999723251605349,1,"arteriol_scler"
"8397","ATP6V0A1","Exc L5 ET",0.0200446172711132,7.82796300449525,0.759142692559017,0.385123285813024,0.999723251605349,1,"arteriol_scler"
"8398","COASY","Exc L5 ET",-0.0105765477166963,3.73373794516603,0.0129975782955552,0.909399440010921,0.999723251605349,1,"arteriol_scler"
"8399","MLX","Exc L5 ET",-0.094774813036076,4.30902156479978,1.61934225542809,0.205341923208338,0.999723251605349,1,"arteriol_scler"
"8400","RETREG3","Exc L5 ET",0.00435927156521641,5.32760757769983,0.014268148663168,0.963449137297335,0.999723251605349,1,"arteriol_scler"
"8401","TUBG1","Exc L5 ET",0.0103265498937812,3.99357386304577,0.0159525385268377,0.899677223362426,0.999723251605349,1,"arteriol_scler"
"8402","TUBG2","Exc L5 ET",-0.0160860478598711,6.40870569015537,0.172558446575189,0.678498735603509,0.999723251605349,1,"arteriol_scler"
"8403","PLEKHH3","Exc L5 ET",-0.0702502735430481,3.88025072671322,0.91340874986135,0.340897278718805,0.999723251605349,1,"arteriol_scler"
"8404","CNTNAP1","Exc L5 ET",0.0235854305307497,6.01003983848452,0.363835633617532,0.547382352583503,0.999723251605349,1,"arteriol_scler"
"8405","EZH1","Exc L5 ET",0.0404997193543336,5.73835599716908,1.2625517117928,0.277610657987944,0.999723251605349,1,"arteriol_scler"
"8406","COA3","Exc L5 ET",0.0224312502230435,4.33976858355933,0.0487734758920975,0.825540672774094,0.999723251605349,1,"arteriol_scler"
"8407","BECN1","Exc L5 ET",0.0139472265393817,4.59512950314427,0.0712057973256152,0.789990952484625,0.999723251605349,1,"arteriol_scler"
"8408","PSME3","Exc L5 ET",0.0844998672934506,4.29204703639164,1.98059727291873,0.16159533637513,0.999723251605349,1,"arteriol_scler"
"8409","RUNDC1","Exc L5 ET",-0.0496932917415954,5.09614371405915,1.0734588020286,0.301993284871422,0.999723251605349,1,"arteriol_scler"
"8410","RPL27","Exc L5 ET",-0.0427859785661206,4.37476070897317,0.219515795457619,0.640154736125361,0.999723251605349,1,"arteriol_scler"
"8411","NBR1","Exc L5 ET",-0.00937605455112004,5.31366361709152,0.057249253982679,0.811255717673669,0.999723251605349,1,"arteriol_scler"
"8412","LINC00854","Exc L5 ET",0.180481034533882,4.4101192494355,4.61870385210341,0.033384946460744,0.999723251605349,1,"arteriol_scler"
"8413","ARL4D","Exc L5 ET",0.0871969829746315,4.52901420470935,0.994131107529925,0.320494980533671,0.999723251605349,1,"arteriol_scler"
"8414","DHX8","Exc L5 ET",0.00890395072871342,4.63395904629167,0.0266669444375873,0.90410361856885,0.999723251605349,1,"arteriol_scler"
"8415","AC068675.1","Exc L5 ET",-0.0441679972182134,4.39488634845787,0.35511596221067,0.552215893785182,0.999723251605349,1,"arteriol_scler"
"8416","DUSP3","Exc L5 ET",0.00693269703489042,5.32554854042028,0.0151350840027073,0.902268056813577,0.999723251605349,1,"arteriol_scler"
"8417","MPP2","Exc L5 ET",0.0154413373493479,4.9033715703829,0.102223084904827,0.869646941292103,0.999723251605349,1,"arteriol_scler"
"8418","LSM12","Exc L5 ET",0.112081160263907,4.60601879077735,4.92105955824788,0.0281797168423463,0.999723251605349,1,"arteriol_scler"
"8419","HDAC5","Exc L5 ET",-0.0747311110040757,4.98915253491289,1.89254675856345,0.171162995920723,0.999723251605349,1,"arteriol_scler"
"8420","TMUB2","Exc L5 ET",-0.132073680680827,4.58784483778689,5.40555908044149,0.0215441838590109,0.999723251605349,1,"arteriol_scler"
"8421","ATXN7L3","Exc L5 ET",0.0147414399482966,4.61589226725282,0.0479291971130261,0.827032876632317,0.999723251605349,1,"arteriol_scler"
"8422","UBTF","Exc L5 ET",-0.068033693398861,4.40032726525429,1.44881505550774,0.230796691396154,0.999723251605349,1,"arteriol_scler"
"8423","RUNDC3A","Exc L5 ET",0.0124126613272167,6.13954377240134,0.0538560193458773,0.816831192060964,0.999723251605349,1,"arteriol_scler"
"8424","SLC25A39","Exc L5 ET",-0.0256453152203122,5.02335470327132,0.189177520773816,0.664287350743457,0.999723251605349,1,"arteriol_scler"
"8425","FAM171A2","Exc L5 ET",0.072794060400504,4.23732730105685,1.01404921643291,0.315712404211021,0.999723251605349,1,"arteriol_scler"
"8426","GPATCH8","Exc L5 ET",0.00465281898487014,8.61364439373868,0.0231933992938518,0.879179581774149,0.999723251605349,1,"arteriol_scler"
"8427","CCDC43","Exc L5 ET",0.0411071205319079,3.98319945831663,0.390283536529292,0.53319088932613,0.999723251605349,1,"arteriol_scler"
"8428","DBF4B","Exc L5 ET",-0.0738661005373226,4.9460923262566,1.75412890719804,0.187566710273999,0.999723251605349,1,"arteriol_scler"
"8429","ADAM11","Exc L5 ET",-0.0571025810448621,6.44788842427312,3.72187947892399,0.0557741741046997,0.999723251605349,1,"arteriol_scler"
"8430","GJC1","Exc L5 ET",0.0711978644498519,4.3270653276623,1.21343991812578,0.272586091348839,0.999723251605349,1,"arteriol_scler"
"8431","EFTUD2","Exc L5 ET",-0.000165589930602242,5.25793450936108,1.57693366536621e-05,0.996837343375197,0.999723251605349,1,"arteriol_scler"
"8432","DCAKD","Exc L5 ET",-0.0218102879396351,5.10628146831927,0.157998980609404,0.691625001609698,0.999723251605349,1,"arteriol_scler"
"8433","NMT1","Exc L5 ET",-0.0199687498924195,6.21909744933523,0.302396204244358,0.58328070406403,0.999723251605349,1,"arteriol_scler"
"8434","ACBD4","Exc L5 ET",-0.0176105036430427,4.23721049800748,0.0721353810088967,0.788657234013476,0.999723251605349,1,"arteriol_scler"
"8435","HEXIM1","Exc L5 ET",0.127680695082197,4.38717849391939,2.66056242641858,0.105164236417809,0.999723251605349,1,"arteriol_scler"
"8436","AC138150.1","Exc L5 ET",-0.11381793561628,3.91367223264101,1.80773031828732,0.18100567738046,0.999723251605349,1,"arteriol_scler"
"8437","AC008105.3","Exc L5 ET",0.0567647497726964,6.13519025045821,2.18476375590111,0.141680950028852,0.999723251605349,1,"arteriol_scler"
"8438","FMNL1","Exc L5 ET",0.144309853718691,4.74906226948528,5.84041533619605,0.0169803612120775,0.999723251605349,1,"arteriol_scler"
"8439","MAP3K14","Exc L5 ET",0.039229804436033,4.3912463852585,0.350145675094717,0.555007203398513,0.999723251605349,1,"arteriol_scler"
"8440","PLEKHM1","Exc L5 ET",0.00341303633937616,5.34255501121579,0.0055655327186693,0.940639955861541,0.999723251605349,1,"arteriol_scler"
"8441","LINC02210-CRHR1","Exc L5 ET",0.00846189729426771,6.47938723404785,0.0432512574287299,0.835562154068365,0.999723251605349,1,"arteriol_scler"
"8442","MAPT","Exc L5 ET",0.0445368605406062,8.45923024837281,3.0812451159276,0.0814380850990874,0.999723251605349,1,"arteriol_scler"
"8443","KANSL1","Exc L5 ET",0.0159906995070212,8.06358880292045,0.150570950478707,0.698593430881808,0.999723251605349,1,"arteriol_scler"
"8444","ARL17B","Exc L5 ET",-0.158365566050887,5.63174554610684,1.68513596769687,0.196427515343177,0.999723251605349,1,"arteriol_scler"
"8445","LRRC37A","Exc L5 ET",-0.0591382328826554,3.85012257677773,0.302974918762398,0.582920995770644,0.999723251605349,1,"arteriol_scler"
"8446","LRRC37A2","Exc L5 ET",-0.0815968365849672,5.37239541889426,0.913369495766212,0.340907619369288,0.999723251605349,1,"arteriol_scler"
"8447","ARL17A","Exc L5 ET",-0.0464195814611668,4.58184951537833,0.292241093543296,0.589666959403428,0.999723251605349,1,"arteriol_scler"
"8448","NSF","Exc L5 ET",0.0154253910583114,8.91104314116902,0.210656539944268,0.64698164930337,0.999723251605349,1,"arteriol_scler"
"8449","AC005670.2","Exc L5 ET",-0.0397372450650623,5.94179948428916,0.582129502945766,0.446792392166115,0.999723251605349,1,"arteriol_scler"
"8450","RPRML","Exc L5 ET",0.145445029026945,4.33944943413098,2.989106409826,0.0860821857355826,0.999723251605349,1,"arteriol_scler"
"8451","CDC27","Exc L5 ET",-0.0050549913867949,7.27100016148716,0.041510962191165,0.838857553286701,0.999723251605349,1,"arteriol_scler"
"8452","NPEPPS","Exc L5 ET",-0.0342393862796233,7.407765555648,2.59116581938427,0.109766183255534,0.999723251605349,1,"arteriol_scler"
"8453","AC025682.1","Exc L5 ET",-0.0468927149647744,4.81409571179074,0.665183406424805,0.416153570901943,0.999723251605349,1,"arteriol_scler"
"8454","KPNB1","Exc L5 ET",0.0209228710882247,6.50420845195174,0.422970072124037,0.516549384619611,0.999723251605349,1,"arteriol_scler"
"8455","TBKBP1","Exc L5 ET",0.15867941752308,3.97021846477667,6.15916588536446,0.0142843579553423,0.999723251605349,1,"arteriol_scler"
"8456","OSBPL7","Exc L5 ET",-0.0272773377123211,4.14915539322372,0.189813291545367,0.899806133874834,0.999723251605349,1,"arteriol_scler"
"8457","SCRN2","Exc L5 ET",0.0241801735382998,4.17641459794977,0.13333903828417,0.732400253872128,0.999723251605349,1,"arteriol_scler"
"8458","PNPO","Exc L5 ET",-0.00319712003511528,4.14953461117173,0.00183996334332038,0.965847938190124,0.999723251605349,1,"arteriol_scler"
"8459","CDK5RAP3","Exc L5 ET",0.0277803046315184,5.68694534947579,0.319117034868976,0.573063858448558,0.999723251605349,1,"arteriol_scler"
"8460","NFE2L1","Exc L5 ET",0.00948193706728509,5.85817088699868,0.0307048608503473,0.861159531234801,0.999723251605349,1,"arteriol_scler"
"8461","CBX1","Exc L5 ET",0.0644035237070428,4.81985116241865,1.31574666279265,0.253358835878389,0.999723251605349,1,"arteriol_scler"
"8462","CALCOCO2","Exc L5 ET",-0.03626222002369,5.58268559510684,0.841032301772533,0.36071547804959,0.999723251605349,1,"arteriol_scler"
"8463","ATP5MC1","Exc L5 ET",-0.0706156867250525,5.75043676930881,0.874710451589293,0.351302401468245,0.999723251605349,1,"arteriol_scler"
"8464","UBE2Z","Exc L5 ET",0.00329270751198946,5.50724844850552,0.0075434010564918,0.930915540206436,0.999723251605349,1,"arteriol_scler"
"8465","SNF8","Exc L5 ET",-0.037349196938572,5.25261272792544,1.0425862268189,0.444105628120426,0.999723251605349,1,"arteriol_scler"
"8466","ZNF652","Exc L5 ET",-0.0307695551965056,6.17477455060315,0.780654171944786,0.378491095252187,0.999723251605349,1,"arteriol_scler"
"8467","PHB","Exc L5 ET",-0.016851140526749,4.51560328081339,0.0485906556601719,0.825862638682607,0.999723251605349,1,"arteriol_scler"
"8468","SPOP","Exc L5 ET",0.0315045017702845,6.14542167595313,1.11309453766742,0.293269808728718,0.999723251605349,1,"arteriol_scler"
"8469","SLC35B1","Exc L5 ET",-0.10689217161619,4.34644795554321,1.9385241924684,0.166087763057718,0.999723251605349,1,"arteriol_scler"
"8470","KAT7","Exc L5 ET",0.00140697068204492,4.83399007399481,0.000978561255365432,0.975090262871909,0.999723251605349,1,"arteriol_scler"
"8471","ITGA3","Exc L5 ET",-0.0438323404837464,5.24664338907054,1.40940286770923,0.237212739389056,0.999723251605349,1,"arteriol_scler"
"8472","PDK2","Exc L5 ET",-0.0406785900965485,5.25752616463259,0.560201025583251,0.455464017305258,0.999723251605349,1,"arteriol_scler"
"8473","SAMD14","Exc L5 ET",0.0762832544414505,4.1777781457751,1.48353974704804,0.225317897874936,0.999723251605349,1,"arteriol_scler"
"8474","PPP1R9B","Exc L5 ET",0.0821274614478628,4.17975753520733,1.29204992722792,0.257657536073365,0.999723251605349,1,"arteriol_scler"
"8475","MRPL27","Exc L5 ET",0.0429739496567191,4.52532492271317,0.317634624492836,0.573955225144691,0.999723251605349,1,"arteriol_scler"
"8476","LRRC59","Exc L5 ET",0.0359045498210989,3.8123601817342,0.205953042081545,0.650677096646893,0.999723251605349,1,"arteriol_scler"
"8477","RSAD1","Exc L5 ET",-0.0258879433103545,4.94666520238365,0.26971149515932,0.805632164515522,0.999723251605349,1,"arteriol_scler"
"8478","SPATA20","Exc L5 ET",0.0604731360873548,3.94506727608483,0.593480463672832,0.442404637371651,0.999723251605349,1,"arteriol_scler"
"8479","ANKRD40","Exc L5 ET",0.0336026744195549,4.40957150587973,0.401816282627786,0.527211114468341,0.999723251605349,1,"arteriol_scler"
"8480","LUC7L3","Exc L5 ET",-0.0496814621373504,7.45558478813062,2.32525654473192,0.12959755660562,0.999723251605349,1,"arteriol_scler"
"8481","TOB1","Exc L5 ET",0.0691022612526513,4.00561692818636,0.789631475420864,0.375771249468158,0.999723251605349,1,"arteriol_scler"
"8482","SPAG9","Exc L5 ET",0.0057251478083056,7.25026317451186,0.0564956519938124,0.949034560665495,0.999723251605349,1,"arteriol_scler"
"8483","MBTD1","Exc L5 ET",-0.00553837296848612,6.3443092615138,0.0224701112642112,0.881064004224967,0.999723251605349,1,"arteriol_scler"
"8484","UTP18","Exc L5 ET",-0.0196457187549578,4.56268507259457,0.11661094179399,0.73326358419131,0.999723251605349,1,"arteriol_scler"
"8485","CA10","Exc L5 ET",0.025361442177886,6.24836627760872,0.109862419037897,0.740807993037053,0.999723251605349,1,"arteriol_scler"
"8486","TOM1L1","Exc L5 ET",-0.0605686884524788,5.57307675489609,1.57185684933807,0.21207566825067,0.999723251605349,1,"arteriol_scler"
"8487","COX11","Exc L5 ET",0.0440072127853673,5.38086063947441,1.19268165172662,0.2767087035954,0.999723251605349,1,"arteriol_scler"
"8488","STXBP4","Exc L5 ET",-0.010793560428089,4.98404808976706,0.0489526724957735,0.825225702241011,0.999723251605349,1,"arteriol_scler"
"8489","HLF","Exc L5 ET",-0.0149345636459974,6.10753446893444,0.0947339971588696,0.758711050789712,0.999723251605349,1,"arteriol_scler"
"8490","MMD","Exc L5 ET",0.0582241908314843,4.1850194511737,0.855246286929178,0.367425928423481,0.999723251605349,1,"arteriol_scler"
"8491","PCTP","Exc L5 ET",0.039651664595265,4.10178595466592,0.370197444893516,0.543905485787253,0.999723251605349,1,"arteriol_scler"
"8492","ANKFN1","Exc L5 ET",-0.071614268582433,4.55419038434406,0.802374714677225,0.37195763929975,0.999723251605349,1,"arteriol_scler"
"8493","C17orf67","Exc L5 ET",-0.0864794522233213,4.50444671876198,2.2572302661206,0.135296378202904,0.999723251605349,1,"arteriol_scler"
"8494","DGKE","Exc L5 ET",-0.0428559188426665,6.97494833355306,2.29336220871153,0.132235043820236,0.999723251605349,1,"arteriol_scler"
"8495","TRIM25","Exc L5 ET",0.0526238143513785,3.99286356465809,0.527611455436416,0.468853670214502,0.999723251605349,1,"arteriol_scler"
"8496","COIL","Exc L5 ET",-0.128036600219444,4.31563150303107,4.22161570996522,0.0418153159055215,0.999723251605349,1,"arteriol_scler"
"8497","SCPEP1","Exc L5 ET",-0.0342069110976044,6.82451271038891,0.437968262381172,0.509217831590961,0.999723251605349,1,"arteriol_scler"
"8498","AKAP1","Exc L5 ET",0.0521284670712598,5.77176717029149,2.35888251623143,0.126880817697917,0.999723251605349,1,"arteriol_scler"
"8499","MSI2","Exc L5 ET",-0.0256400899312938,7.75193682459681,0.511317454035818,0.475787544244732,0.999723251605349,1,"arteriol_scler"
"8500","MRPS23","Exc L5 ET",-0.00625689853814105,4.55032780461603,0.00752678080870626,0.930991496131513,0.999723251605349,1,"arteriol_scler"
"8501","CUEDC1","Exc L5 ET",-0.0417972896280727,4.21475197520998,0.394335767170851,0.531075894928486,0.999723251605349,1,"arteriol_scler"
"8502","VEZF1","Exc L5 ET",-0.0799271515238655,4.01782099519408,1.13651786057985,0.288267033546129,0.999723251605349,1,"arteriol_scler"
"8503","AC015813.2","Exc L5 ET",0.0619158936787741,4.61826625385696,1.09730991362018,0.296704290676049,0.999723251605349,1,"arteriol_scler"
"8504","DYNLL2","Exc L5 ET",0.0127112050813672,5.6027690481548,0.0324047310315497,0.85740860544741,0.999723251605349,1,"arteriol_scler"
"8505","TSPOAP1","Exc L5 ET",0.00994198397960179,6.3985160782092,0.0797136531788007,0.778112504028509,0.999723251605349,1,"arteriol_scler"
"8506","TSPOAP1-AS1","Exc L5 ET",-0.0381811170242456,4.07905303411453,0.309559573192512,0.578859456658812,0.999723251605349,1,"arteriol_scler"
"8507","SUPT4H1","Exc L5 ET",0.168306972041541,3.7630748506792,3.0413522671902,0.0834143398575523,0.999723251605349,1,"arteriol_scler"
"8508","MTMR4","Exc L5 ET",-0.0218028309722606,6.21108660081989,0.389683436142887,0.5335054003403,0.999723251605349,1,"arteriol_scler"
"8509","SEPT4","Exc L5 ET",-0.0553824923526632,5.98783839115741,1.13097272248973,0.289441402526552,0.999723251605349,1,"arteriol_scler"
"8510","RAD51C","Exc L5 ET",-0.00623420842079094,4.79608613739732,0.0149316460940073,0.984921084471389,0.999723251605349,1,"arteriol_scler"
"8511","PPM1E","Exc L5 ET",0.0116598756186426,8.45505097984526,0.17535645034383,0.676051245691069,0.999723251605349,1,"arteriol_scler"
"8512","TRIM37","Exc L5 ET",0.01556489801086,7.27791131098653,0.444925292207109,0.505878176569853,0.999723251605349,1,"arteriol_scler"
"8513","SKA2","Exc L5 ET",-0.075495639654595,4.14289257502441,1.51116456119551,0.221071473220061,0.999723251605349,1,"arteriol_scler"
"8514","GDPD1","Exc L5 ET",0.00662956111631297,6.64474167362041,0.0392508289135155,0.843246647235683,0.999723251605349,1,"arteriol_scler"
"8515","YPEL2","Exc L5 ET",0.0471479900572899,5.87446664094896,1.69663688343324,0.366005893613295,0.999723251605349,1,"arteriol_scler"
"8516","DHX40","Exc L5 ET",0.00845420837699014,4.59840616585709,0.0280544127388573,0.867228287307358,0.999723251605349,1,"arteriol_scler"
"8517","CLTC","Exc L5 ET",0.0421903054738183,7.6641575326436,1.72267177809499,0.191547069362552,0.999723251605349,1,"arteriol_scler"
"8518","PTRH2","Exc L5 ET",0.0211063221145739,4.40532560459727,0.102567882439874,0.749258172098612,0.999723251605349,1,"arteriol_scler"
"8519","VMP1","Exc L5 ET",-0.0120982209600232,6.88831378305064,0.15532845008773,0.694108055060947,0.999723251605349,1,"arteriol_scler"
"8520","TUBD1","Exc L5 ET",-0.0125706743303936,4.13522834669484,0.03166847983442,0.859020437874754,0.999723251605349,1,"arteriol_scler"
"8521","RPS6KB1","Exc L5 ET",-0.00775265269682291,5.68770352060891,0.0338080610655902,0.854387925868985,0.999723251605349,1,"arteriol_scler"
"8522","RNFT1","Exc L5 ET",0.00388593172478516,4.31989472883957,0.00376145704230876,0.951185330753364,0.999723251605349,1,"arteriol_scler"
"8523","HEATR6","Exc L5 ET",0.0633472683453853,4.09190976198613,0.85282406385129,0.357380481800442,0.999723251605349,1,"arteriol_scler"
"8524","USP32","Exc L5 ET",0.00727798451637956,6.83095982986755,0.0419313732276075,0.83805497146621,0.999723251605349,1,"arteriol_scler"
"8525","APPBP2","Exc L5 ET",0.0158455347081418,6.44601224551852,0.298661964980302,0.585612625913877,0.999723251605349,1,"arteriol_scler"
"8526","PPM1D","Exc L5 ET",0.0258967124777116,4.57963523573403,0.211909794137864,0.799994266173662,0.999723251605349,1,"arteriol_scler"
"8527","BCAS3","Exc L5 ET",0.00813517972176158,8.57381023818805,0.071622244668969,0.789392308404751,0.999723251605349,1,"arteriol_scler"
"8528","BRIP1","Exc L5 ET",-0.05317795154416,3.78770027808373,0.315875377498903,0.575016619917404,0.999723251605349,1,"arteriol_scler"
"8529","INTS2","Exc L5 ET",0.0232118457924512,4.83427354981323,0.194082796754603,0.660235332749013,0.999723251605349,1,"arteriol_scler"
"8530","MED13","Exc L5 ET",0.0251473437205568,6.81964207032855,0.625232730390231,0.430477926976013,0.999723251605349,1,"arteriol_scler"
"8531","TLK2","Exc L5 ET",0.0343057957407404,6.17350464138318,1.10015848183043,0.296080662259845,0.999723251605349,1,"arteriol_scler"
"8532","TANC2","Exc L5 ET",-0.00247317911157818,8.87701828509151,0.00833287776479342,0.927399974394267,0.999723251605349,1,"arteriol_scler"
"8533","AC015923.1","Exc L5 ET",-0.226803233449601,4.76394375640339,5.33502286960378,0.0223979962980921,0.999723251605349,1,"arteriol_scler"
"8534","CYB561","Exc L5 ET",0.164237857174354,5.65189049282182,9.74098814218983,0.00219879200300803,0.999723251605349,0.894404325612638,"arteriol_scler"
"8535","DCAF7","Exc L5 ET",-0.0178586598001007,6.06686120517682,0.255872718846077,0.613783985970373,0.999723251605349,1,"arteriol_scler"
"8536","MAP3K3","Exc L5 ET",0.00643084137885308,6.2028205317423,0.0333917680260076,0.855277127238376,0.999723251605349,1,"arteriol_scler"
"8537","CCDC47","Exc L5 ET",-0.0497498179773636,4.54440656367518,0.715810373490895,0.398998977105428,0.999723251605349,1,"arteriol_scler"
"8538","DDX42","Exc L5 ET",-0.0229082780331135,5.47977768248785,0.366562296974675,0.648672244440177,0.999723251605349,1,"arteriol_scler"
"8539","PSMC5","Exc L5 ET",-0.088526522381331,4.26661026086193,0.925969883579693,0.337610011679089,0.999723251605349,1,"arteriol_scler"
"8540","SMARCD2","Exc L5 ET",-0.028653913143519,4.47511081650783,0.190214465002627,0.663425605365162,0.999723251605349,1,"arteriol_scler"
"8541","ERN1","Exc L5 ET",-0.0578755650338741,4.31253276902952,1.02727481362566,0.312588698120338,0.999723251605349,1,"arteriol_scler"
"8542","SNHG25","Exc L5 ET",-0.0630701884800613,4.08059456622953,0.587453763792176,0.444725891876087,0.999723251605349,1,"arteriol_scler"
"8543","TEX2","Exc L5 ET",0.0230147833176306,6.59839936003063,0.643890065626165,0.423697327857108,0.999723251605349,1,"arteriol_scler"
"8544","DDX5","Exc L5 ET",-0.0163300114372878,7.17748843235136,0.215271474617318,0.643404064160416,0.999723251605349,1,"arteriol_scler"
"8545","CEP95","Exc L5 ET",0.0241384185587586,6.02097907662083,0.390908099385062,0.53286391484044,0.999723251605349,1,"arteriol_scler"
"8546","SMURF2","Exc L5 ET",0.0381761748583931,5.67300455771273,1.05051079227458,0.429986927164038,0.999723251605349,1,"arteriol_scler"
"8547","LRRC37A3","Exc L5 ET",-0.0328444201949899,7.19929413381463,0.494176009312325,0.48326485215141,0.999723251605349,1,"arteriol_scler"
"8548","GNA13","Exc L5 ET",-0.0596199520880515,4.52133797684087,0.986160875769101,0.322435600577477,0.999723251605349,1,"arteriol_scler"
"8549","AC004805.1","Exc L5 ET",0.0225353504887009,5.34189594782898,0.150805709272072,0.698370199116533,0.999723251605349,1,"arteriol_scler"
"8550","CEP112","Exc L5 ET",0.0124690952035405,7.62122117463404,0.091202277629247,0.763112828114654,0.999723251605349,1,"arteriol_scler"
"8551","PRKCA","Exc L5 ET",-0.0413514422532008,8.0463199225278,1.8871129142038,0.171774600667102,0.999723251605349,1,"arteriol_scler"
"8552","PRKCA-AS1","Exc L5 ET",-0.327438247620854,3.99309557257139,9.34388427935208,0.00269118449540656,0.999723251605349,0.929125363251525,"arteriol_scler"
"8553","HELZ","Exc L5 ET",0.0458017772014762,6.71854509368252,3.28814616491506,0.07197366417918,0.999723251605349,1,"arteriol_scler"
"8554","PSMD12","Exc L5 ET",-0.00245874182351408,5.84312321252164,0.003213837485248,0.954874278137252,0.999723251605349,1,"arteriol_scler"
"8555","PITPNC1","Exc L5 ET",-0.074524400232584,6.52060495204573,1.53611831003269,0.217318371476093,0.999723251605349,1,"arteriol_scler"
"8556","BPTF","Exc L5 ET",0.0360261393029985,7.52339436237052,2.17552328063508,0.14251936000431,0.999723251605349,1,"arteriol_scler"
"8557","KPNA2","Exc L5 ET",-0.0268878322315403,4.09237590183032,0.11803465269718,0.73170332151741,0.999723251605349,1,"arteriol_scler"
"8558","AMZ2","Exc L5 ET",-0.00998786585515095,4.32011797588689,0.0231202457506401,0.879368793365644,0.999723251605349,1,"arteriol_scler"
"8559","ARSG","Exc L5 ET",-0.0713644788018584,5.6301078040279,2.45076724615078,0.119777538190596,0.999723251605349,1,"arteriol_scler"
"8560","SLC16A6","Exc L5 ET",-0.191798256147268,3.84242129026484,6.19012185731003,0.014047469299356,0.999723251605349,1,"arteriol_scler"
"8561","WIPI1","Exc L5 ET",-0.0284867417777512,4.75992054306895,0.283672917311555,0.595167885497702,0.999723251605349,1,"arteriol_scler"
"8562","PRKAR1A","Exc L5 ET",-0.0224401164210127,6.47806279708352,0.204583068521094,0.651763029924742,0.999723251605349,1,"arteriol_scler"
"8563","ABCA9-AS1","Exc L5 ET",-0.0534914501253818,3.67888938835685,0.25029726511954,0.61766963967582,0.999723251605349,1,"arteriol_scler"
"8564","ABCA9","Exc L5 ET",0.011769561977565,5.81863442051047,0.0615155068129365,0.804488329593525,0.999723251605349,1,"arteriol_scler"
"8565","ABCA6","Exc L5 ET",-0.0105460031358048,5.917744250896,0.0563309906168878,0.812746903101848,0.999723251605349,1,"arteriol_scler"
"8566","ABCA10","Exc L5 ET",0.0343511218875472,6.59906450341623,0.621851008327464,0.431724569680072,0.999723251605349,1,"arteriol_scler"
"8567","ABCA5","Exc L5 ET",-0.0361549710274526,7.12406584249782,1.78356040408544,0.183930335273895,0.999723251605349,1,"arteriol_scler"
"8568","MAP2K6","Exc L5 ET",-0.00272723053740515,4.97029708252775,0.0020467029447353,0.96398157817504,0.999723251605349,1,"arteriol_scler"
"8569","LINC00511","Exc L5 ET",0.0292616995721306,7.2806933805952,0.49628834046101,0.482333002878427,0.999723251605349,1,"arteriol_scler"
"8570","SLC39A11","Exc L5 ET",0.0398058924443418,7.95576860215953,1.02055034049708,0.314171816886335,0.999723251605349,1,"arteriol_scler"
"8571","SSTR2","Exc L5 ET",0.0389215586167019,6.87515235088671,0.849044457444803,0.358444780105464,0.999723251605349,1,"arteriol_scler"
"8572","COG1","Exc L5 ET",-0.0722473320425956,5.36830563623687,2.62461505437134,0.107520738904552,0.999723251605349,1,"arteriol_scler"
"8573","FAM104A","Exc L5 ET",0.0579756236976133,4.72261746104537,1.36355781565382,0.244952822422053,0.999723251605349,1,"arteriol_scler"
"8574","C17orf80","Exc L5 ET",0.0546263310154146,4.34094093996124,1.09689301742035,0.326992911658217,0.999723251605349,1,"arteriol_scler"
"8575","SDK2","Exc L5 ET",0.0108016487677899,4.72038974217889,0.0247734488641903,0.875164947834631,0.999723251605349,1,"arteriol_scler"
"8576","RPL38","Exc L5 ET",-0.0537960809666305,4.12416933110913,0.268405463333036,0.60524020703376,0.999723251605349,1,"arteriol_scler"
"8577","RAB37","Exc L5 ET",-0.00244043301465323,7.14057643272561,0.00438675364011339,0.947289352047225,0.999723251605349,1,"arteriol_scler"
"8578","NAT9","Exc L5 ET",-0.108121822039164,5.18631160973138,3.75227300897399,0.0547965397454764,0.999723251605349,1,"arteriol_scler"
"8579","HID1","Exc L5 ET",0.00513876885471937,4.6370080098372,0.0121894420188777,0.988302779953016,0.999723251605349,1,"arteriol_scler"
"8580","KCTD2","Exc L5 ET",-0.074853711235778,4.84327530305551,1.66284593269656,0.19939521919294,0.999723251605349,1,"arteriol_scler"
"8581","ATP5PD","Exc L5 ET",-0.0638609443925566,4.43045137239817,0.642717391513743,0.424118736052223,0.999723251605349,1,"arteriol_scler"
"8582","NT5C","Exc L5 ET",0.0112569859914833,3.76819785280692,0.0156425874955494,0.90065146016374,0.999723251605349,1,"arteriol_scler"
"8583","JPT1","Exc L5 ET",0.119139168693584,4.95570106432965,2.62460939559414,0.107521114439805,0.999723251605349,1,"arteriol_scler"
"8584","NUP85","Exc L5 ET",-0.0334870541692651,4.54587562206368,0.363867643906324,0.547364754609393,0.999723251605349,1,"arteriol_scler"
"8585","GGA3","Exc L5 ET",-0.00808600682167718,5.11171595177999,0.0377249811522106,0.846284522958005,0.999723251605349,1,"arteriol_scler"
"8586","MRPS7","Exc L5 ET",-0.0193331422270778,4.76841720644303,0.056713284059754,0.812124539899973,0.999723251605349,1,"arteriol_scler"
"8587","GRB2","Exc L5 ET",0.0490190728139459,6.12434171152116,2.44533409328159,0.12018493712181,0.999723251605349,1,"arteriol_scler"
"8588","TMEM94","Exc L5 ET",0.0463752858910587,4.1472053358761,0.541593656691044,0.614900083914863,0.999723251605349,1,"arteriol_scler"
"8589","TSEN54","Exc L5 ET",-0.0110082211297077,4.65845521751223,0.0337746697712407,0.854459040090325,0.999723251605349,1,"arteriol_scler"
"8590","RECQL5","Exc L5 ET",-0.0145978670225209,4.03353581951866,0.0500933641512064,0.82323476205298,0.999723251605349,1,"arteriol_scler"
"8591","SAP30BP","Exc L5 ET",-0.0541754824080136,4.77769549444858,1.03803967111315,0.310076116380001,0.999723251605349,1,"arteriol_scler"
"8592","H3F3B","Exc L5 ET",-0.0546798860337006,5.25302290116206,0.486813695920938,0.486536161580146,0.999723251605349,1,"arteriol_scler"
"8593","UNK","Exc L5 ET",0.0417013630716584,4.73850931555215,0.655641671342917,0.419508885649108,0.999723251605349,1,"arteriol_scler"
"8594","WBP2","Exc L5 ET",0.0808510392015632,6.40546155657574,1.69234831394153,0.195478469343432,0.999723251605349,1,"arteriol_scler"
"8595","FBF1","Exc L5 ET",-0.0485098231473209,4.39587427320707,0.56189311516402,0.454785484256942,0.999723251605349,1,"arteriol_scler"
"8596","ACOX1","Exc L5 ET",0.0903844257590115,4.82429495666034,3.37249008188366,0.0684640755390223,0.999723251605349,1,"arteriol_scler"
"8597","SRP68","Exc L5 ET",-0.0220164276036182,4.65232748815528,0.131106682253596,0.717846009057166,0.999723251605349,1,"arteriol_scler"
"8598","EXOC7","Exc L5 ET",-0.0342212747116094,6.03667731990838,0.791236187881399,0.375287986526656,0.999723251605349,1,"arteriol_scler"
"8599","RNF157","Exc L5 ET",0.00383792708629003,7.12294162792763,0.0175058753083025,0.894933669538396,0.999723251605349,1,"arteriol_scler"
"8600","QRICH2","Exc L5 ET",0.0683429976263778,4.64285263428052,0.933219318002398,0.335732300752979,0.999723251605349,1,"arteriol_scler"
"8601","PRPSAP1","Exc L5 ET",0.00854747830476976,5.81660541461221,0.0443364609450141,0.833542151319076,0.999723251605349,1,"arteriol_scler"
"8602","UBE2O","Exc L5 ET",0.00614966673310132,6.84627653242925,0.0469793534807625,0.828728223070899,0.999723251605349,1,"arteriol_scler"
"8603","MXRA7","Exc L5 ET",0.0233674833852168,5.0351321726321,0.228217929956799,0.633610726348564,0.999723251605349,1,"arteriol_scler"
"8604","SRSF2","Exc L5 ET",0.00090504431723659,5.57557380838297,0.000269510914411365,0.986925803486697,0.999723251605349,1,"arteriol_scler"
"8605","MFSD11","Exc L5 ET",0.0615853352076552,6.13451381209794,2.9025681722675,0.0907088824169986,0.999723251605349,1,"arteriol_scler"
"8606","SEC14L1","Exc L5 ET",-0.000323276323617142,6.16435078282172,7.35887192625207e-05,0.993168017637184,0.999723251605349,1,"arteriol_scler"
"8607","SEPT9","Exc L5 ET",-0.0535832381235278,5.57631211224682,1.3483525133988,0.247588299494764,0.999723251605349,1,"arteriol_scler"
"8608","AC021683.2","Exc L5 ET",-0.0379500270060069,4.30201677886322,0.255288259885832,0.614188799150167,0.999723251605349,1,"arteriol_scler"
"8609","TNRC6C","Exc L5 ET",0.00685323414520725,8.20419126195639,0.0636286703325824,0.801228522699147,0.999723251605349,1,"arteriol_scler"
"8610","AFMID","Exc L5 ET",-0.101361704406428,4.62454778788308,2.60373155161943,0.108916598119649,0.999723251605349,1,"arteriol_scler"
"8611","PGS1","Exc L5 ET",-0.00909521967341548,4.83077729354353,0.0372468390318206,0.84724955867346,0.999723251605349,1,"arteriol_scler"
"8612","CYTH1","Exc L5 ET",-0.0627783154129854,5.82641237142654,3.21623335765558,0.0751202241155368,0.999723251605349,1,"arteriol_scler"
"8613","USP36","Exc L5 ET",-0.0412563528764106,5.41592021827901,0.85307634152159,0.357309598641817,0.999723251605349,1,"arteriol_scler"
"8614","TIMP2","Exc L5 ET",-0.0365449674681741,5.07340146011303,0.27201420425434,0.602827088633593,0.999723251605349,1,"arteriol_scler"
"8615","ENGASE","Exc L5 ET",-0.167692536546766,4.13890489687429,7.08009383822706,0.00872677563139596,0.999723251605349,1,"arteriol_scler"
"8616","RBFOX3","Exc L5 ET",0.0435616270178043,8.38411723090579,1.41004028698871,0.237107252571006,0.999723251605349,1,"arteriol_scler"
"8617","CBX4","Exc L5 ET",0.0162421548265813,3.99619901165889,0.0419564641991227,0.838007204650333,0.999723251605349,1,"arteriol_scler"
"8618","CCDC40","Exc L5 ET",-0.0440264911857041,4.55714915698812,0.597973611928081,0.44068624784333,0.999723251605349,1,"arteriol_scler"
"8619","GAA","Exc L5 ET",-0.0198392958098314,4.90670495576622,0.192412192704053,0.693301479001472,0.999723251605349,1,"arteriol_scler"
"8620","SLC26A11","Exc L5 ET",-0.0460628901246284,4.57401391549819,0.740847203202018,0.390895511648144,0.999723251605349,1,"arteriol_scler"
"8621","RNF213","Exc L5 ET",-0.0238179283827289,5.59447281361051,0.278371603878944,0.59862512349727,0.999723251605349,1,"arteriol_scler"
"8622","AC124319.2","Exc L5 ET",-0.0609170551430343,6.24741736156286,1.96441560016488,0.163306374160476,0.999723251605349,1,"arteriol_scler"
"8623","ENDOV","Exc L5 ET",0.0177261242511471,4.8309721580811,0.114930149652545,0.735119346089551,0.999723251605349,1,"arteriol_scler"
"8624","RPTOR","Exc L5 ET",0.0127992041738905,6.83653008636878,0.138823279395041,0.710030207902,0.999723251605349,1,"arteriol_scler"
"8625","CHMP6","Exc L5 ET",0.028600809902582,3.81343980122772,0.105186644355715,0.746187392841198,0.999723251605349,1,"arteriol_scler"
"8626","BAIAP2-DT","Exc L5 ET",0.0436787412188975,4.23267015056934,0.32972218433101,0.566765604413509,0.999723251605349,1,"arteriol_scler"
"8627","BAIAP2","Exc L5 ET",0.0182378896155652,7.27837725088232,0.302966348308573,0.582926319588631,0.999723251605349,1,"arteriol_scler"
"8628","AATK","Exc L5 ET",0.0079454782281824,6.03714496470843,0.0476695484552762,0.827494553737881,0.999723251605349,1,"arteriol_scler"
"8629","NDUFAF8","Exc L5 ET",-0.0954882178066109,4.72117715556546,1.93748465944275,0.166200571986564,0.999723251605349,1,"arteriol_scler"
"8630","SLC38A10","Exc L5 ET",0.00499112362734658,4.62710768684298,0.0102262937352016,0.947146939557975,0.999723251605349,1,"arteriol_scler"
"8631","BAHCC1","Exc L5 ET",-0.0402233418902449,4.73389058113078,0.494803684119456,0.482987644271496,0.999723251605349,1,"arteriol_scler"
"8632","ACTG1","Exc L5 ET",0.0287072170838492,6.84574754511753,0.120092494936788,0.729466602006003,0.999723251605349,1,"arteriol_scler"
"8633","NPLOC4","Exc L5 ET",0.00255454618532613,6.43251413761452,0.00584860820201942,0.939151975006661,0.999723251605349,1,"arteriol_scler"
"8634","OXLD1","Exc L5 ET",0.0433751400249237,4.06357233065312,0.271205817138813,0.603365868753457,0.999723251605349,1,"arteriol_scler"
"8635","CCDC137","Exc L5 ET",-0.00401545813428705,4.00219145701235,0.00349458065352853,0.952946787408229,0.999723251605349,1,"arteriol_scler"
"8636","ARL16","Exc L5 ET",0.0095314973888513,4.28530891102256,0.0148844563185522,0.903076555564617,0.999723251605349,1,"arteriol_scler"
"8637","HGS","Exc L5 ET",0.0180714835655803,5.07506317884839,0.192839159117315,0.66125680743518,0.999723251605349,1,"arteriol_scler"
"8638","MCRIP1","Exc L5 ET",-0.0854493344393357,4.74285335260342,1.94658842099913,0.165215640197773,0.999723251605349,1,"arteriol_scler"
"8639","P4HB","Exc L5 ET",-0.0041242277242351,4.89551682817922,0.00554300397063306,0.940759995713723,0.999723251605349,1,"arteriol_scler"
"8640","ARHGDIA","Exc L5 ET",0.0716784981143919,5.07687745515956,1.06143310945882,0.304706449959,0.999723251605349,1,"arteriol_scler"
"8641","ANAPC11","Exc L5 ET",0.0696387104254298,4.39268664349725,0.628930082203127,0.429121191652294,0.999723251605349,1,"arteriol_scler"
"8642","PCYT2","Exc L5 ET",0.0772947032095321,4.46744284221862,1.04773926421715,0.307834803448248,0.999723251605349,1,"arteriol_scler"
"8643","SIRT7","Exc L5 ET",0.0238780491844568,5.00664709230757,0.196983468966511,0.657867946696594,0.999723251605349,1,"arteriol_scler"
"8644","MAFG","Exc L5 ET",0.0174053658587658,4.86025761878026,0.0958873359200747,0.757293089827746,0.999723251605349,1,"arteriol_scler"
"8645","ASPSCR1","Exc L5 ET",-0.00411156608075908,5.40974396757902,0.00913051183537158,0.955394146877441,0.999723251605349,1,"arteriol_scler"
"8646","CENPX","Exc L5 ET",0.0797328306657706,3.98341065582407,0.623584400639705,0.431084883219219,0.999723251605349,1,"arteriol_scler"
"8647","RAC3","Exc L5 ET",-0.123083224024291,3.98404172438909,2.11120478934001,0.148513951405643,0.999723251605349,1,"arteriol_scler"
"8648","DCXR","Exc L5 ET",-0.118217299156451,3.95111703976555,1.44120527830892,0.232018879423493,0.999723251605349,1,"arteriol_scler"
"8649","RFNG","Exc L5 ET",0.0189986683860259,4.88726253709244,0.128709431980553,0.720326941777419,0.999723251605349,1,"arteriol_scler"
"8650","GPS1","Exc L5 ET",0.113307135534074,4.68972404929952,3.78351455782584,0.053810750705029,0.999723251605349,1,"arteriol_scler"
"8651","DUS1L","Exc L5 ET",-0.0151247883290716,4.71324339770442,0.0882122591774185,0.800320281145125,0.999723251605349,1,"arteriol_scler"
"8652","FASN","Exc L5 ET",0.064966354162628,4.51093148200893,0.984912403591044,0.322740994892803,0.999723251605349,1,"arteriol_scler"
"8653","CCDC57","Exc L5 ET",-0.0466321880654293,7.15644754743692,1.66634211631045,0.198926243936879,0.999723251605349,1,"arteriol_scler"
"8654","CSNK1D","Exc L5 ET",-0.0528027853835034,5.43998872957977,1.66034586303478,0.199731380013419,0.999723251605349,1,"arteriol_scler"
"8655","OGFOD3","Exc L5 ET",0.0102550813142948,4.10937041272697,0.020486031898794,0.88639855500197,0.999723251605349,1,"arteriol_scler"
"8656","HEXDC","Exc L5 ET",0.0186735660110383,4.96808050001618,0.138218781020286,0.710633420024437,0.999723251605349,1,"arteriol_scler"
"8657","NARF","Exc L5 ET",-0.0196154269249876,6.00205042391072,0.36483508540602,0.546833392149544,0.999723251605349,1,"arteriol_scler"
"8658","FOXK2","Exc L5 ET",-0.00756369558101402,6.53746918154555,0.0641657599763802,0.974846430268495,0.999723251605349,1,"arteriol_scler"
"8659","WDR45B","Exc L5 ET",-0.0152004911607362,5.20097945431217,0.127069078555569,0.7220396311621,0.999723251605349,1,"arteriol_scler"
"8660","RAB40B","Exc L5 ET",-0.0365632782228893,5.29947101848286,0.760054973827857,0.384838667879283,0.999723251605349,1,"arteriol_scler"
"8661","FN3KRP","Exc L5 ET",-0.0385067117001768,3.98009502254177,0.295923739397372,0.58733464222371,0.999723251605349,1,"arteriol_scler"
"8662","FN3K","Exc L5 ET",-0.133879168198553,4.95269764744968,4.60152834166219,0.0337095838019975,0.999723251605349,1,"arteriol_scler"
"8663","TBCD","Exc L5 ET",-0.0562801294999129,6.57990890627857,3.08892179382372,0.0810636825231065,0.999723251605349,1,"arteriol_scler"
"8664","B3GNTL1","Exc L5 ET",-0.0192229509349211,4.27921689091757,0.0998667647989732,0.94879261834433,0.999723251605349,1,"arteriol_scler"
"8665","USP14","Exc L5 ET",0.0536895134007455,6.57093762972648,3.2575390900246,0.0732950474996121,0.999723251605349,1,"arteriol_scler"
"8666","THOC1","Exc L5 ET",0.0160114899934088,5.9958807040633,0.238342698165585,0.626187211335763,0.999723251605349,1,"arteriol_scler"
"8667","ENOSF1","Exc L5 ET",0.0852228638711677,3.64008914613037,0.423084295850507,0.516492851776821,0.999723251605349,1,"arteriol_scler"
"8668","ADCYAP1","Exc L5 ET",-0.124405461288704,3.36762890239689,0.819377197164782,0.366953617392104,0.999723251605349,1,"arteriol_scler"
"8669","AP005328.1","Exc L5 ET",-0.198307940863033,4.48073351474851,3.61953924228653,0.0592061304208916,0.999723251605349,1,"arteriol_scler"
"8670","AP005230.1","Exc L5 ET",0.0864363882551869,4.82211877554739,1.10554361699543,0.29490633008205,0.999723251605349,1,"arteriol_scler"
"8671","METTL4","Exc L5 ET",-0.0440796879494341,4.42480091770682,0.504598754440349,0.478695507941957,0.999723251605349,1,"arteriol_scler"
"8672","SMCHD1","Exc L5 ET",-0.0373311053481793,6.71978154918407,1.41850397598898,0.235712012491489,0.999723251605349,1,"arteriol_scler"
"8673","AP001011.1","Exc L5 ET",-0.158372368455941,3.8949433346303,2.16984938427596,0.143036957950317,0.999723251605349,1,"arteriol_scler"
"8674","LPIN2","Exc L5 ET",0.00745919938907963,5.90429364102895,0.035193379431901,0.851468961106417,0.999723251605349,1,"arteriol_scler"
"8675","MYL12B","Exc L5 ET",0.0487046692536527,5.39433655048864,0.311771772205739,0.577507637310802,0.999723251605349,1,"arteriol_scler"
"8676","DLGAP1","Exc L5 ET",-0.000101774367227676,11.6495893252769,1.48171425356983e-05,0.996934314295837,0.999723251605349,1,"arteriol_scler"
"8677","DLGAP1-AS4","Exc L5 ET",-0.0883001163798232,6.18960008255012,3.12022302212521,0.0795563853608642,0.999723251605349,1,"arteriol_scler"
"8678","DLGAP1-AS5","Exc L5 ET",-0.116575383570088,3.62987475316689,1.18977724157932,0.277291801976594,0.999723251605349,1,"arteriol_scler"
"8679","LINC00667","Exc L5 ET",0.0113270703704625,4.90674929444422,0.052941244850681,0.948010525540903,0.999723251605349,1,"arteriol_scler"
"8680","EPB41L3","Exc L5 ET",-0.00220814020705872,8.29944837955839,0.00688517951930917,0.933991122903592,0.999723251605349,1,"arteriol_scler"
"8681","L3MBTL4","Exc L5 ET",-0.0353625924980846,4.94742356032851,0.11014258602105,0.740489734117317,0.999723251605349,1,"arteriol_scler"
"8682","PTPRM","Exc L5 ET",0.00496875548580555,8.30861351325631,0.0258401509783684,0.872528430690927,0.999723251605349,1,"arteriol_scler"
"8683","RAB12","Exc L5 ET",-0.0434879969238782,5.68530705515139,1.18476355628035,0.27830203772726,0.999723251605349,1,"arteriol_scler"
"8684","MTCL1","Exc L5 ET",-0.0217731133994881,6.7210295068762,0.288302776169508,0.592182333153754,0.999723251605349,1,"arteriol_scler"
"8685","NDUFV2","Exc L5 ET",-0.0471844264519436,5.47063574515206,1.11230479272813,0.29344042209346,0.999723251605349,1,"arteriol_scler"
"8686","ANKRD12","Exc L5 ET",0.0138421451117683,7.74431146902648,0.269431111658929,0.604552282057573,0.999723251605349,1,"arteriol_scler"
"8687","TWSG1","Exc L5 ET",-0.027056780937612,5.47985709916218,0.486453695302962,0.486697064517064,0.999723251605349,1,"arteriol_scler"
"8688","RALBP1","Exc L5 ET",0.0971862419361905,5.77660650458321,3.93535790123526,0.049282587247553,0.999723251605349,1,"arteriol_scler"
"8689","PPP4R1","Exc L5 ET",0.0106005610994511,5.94913764533341,0.0995176084940647,0.819932574566085,0.999723251605349,1,"arteriol_scler"
"8690","RAB31","Exc L5 ET",0.0235928923144037,5.75684100686428,0.270499269532472,0.603837611638851,0.999723251605349,1,"arteriol_scler"
"8691","VAPA","Exc L5 ET",-0.0086159383514294,6.9614737715281,0.0755078287109734,0.783894495024307,0.999723251605349,1,"arteriol_scler"
"8692","NAPG","Exc L5 ET",-0.00479513258951166,6.67819895717252,0.0216063709040893,0.883355464122418,0.999723251605349,1,"arteriol_scler"
"8693","GNAL","Exc L5 ET",-0.123826707684931,4.38722629830184,1.10679526349753,0.294634246112702,0.999723251605349,1,"arteriol_scler"
"8694","MPPE1","Exc L5 ET",-0.027420857590502,5.23626566104303,0.302978475229625,0.582918786583426,0.999723251605349,1,"arteriol_scler"
"8695","AFG3L2","Exc L5 ET",-0.0497479332403468,5.63107080795142,1.76163565366327,0.188314276411604,0.999723251605349,1,"arteriol_scler"
"8696","PRELID3A","Exc L5 ET",-0.0714220345893529,4.99891075211924,2.96986745412026,0.0870879803287907,0.999723251605349,1,"arteriol_scler"
"8697","SPIRE1","Exc L5 ET",-0.00514011271784243,7.88568290936651,0.0451735028122272,0.832001657317601,0.999723251605349,1,"arteriol_scler"
"8698","PSMG2","Exc L5 ET",0.037532020310871,6.16164998199457,0.95824193768156,0.329358011539404,0.999723251605349,1,"arteriol_scler"
"8699","CEP76","Exc L5 ET",0.0973019135352912,4.39654054552048,2.49927970296263,0.11620752224286,0.999723251605349,1,"arteriol_scler"
"8700","PTPN2","Exc L5 ET",0.0128058726069203,7.23882691324134,0.157137107502048,0.692423695700935,0.999723251605349,1,"arteriol_scler"
"8701","SEH1L","Exc L5 ET",0.0270228426268565,4.58590365886997,0.261413922405593,0.609974585602397,0.999723251605349,1,"arteriol_scler"
"8702","CEP192","Exc L5 ET",-0.00278440095161548,7.03384853678481,0.00767499267094396,0.930317107912317,0.999723251605349,1,"arteriol_scler"
"8703","LDLRAD4","Exc L5 ET",-0.0292274446504439,8.53587280147979,0.703869320404014,0.402950097299631,0.999723251605349,1,"arteriol_scler"
"8704","FAM210A","Exc L5 ET",-0.0458854663271694,4.71962463357891,0.953539191933083,0.3305435220466,0.999723251605349,1,"arteriol_scler"
"8705","RNMT","Exc L5 ET",-0.0377063722947668,6.42299850617699,1.35943620545269,0.245663775863851,0.999723251605349,1,"arteriol_scler"
"8706","ZNF519","Exc L5 ET",0.0303879990083837,6.72124124645869,0.932360900513193,0.335953907100598,0.999723251605349,1,"arteriol_scler"
"8707","ANKRD30B","Exc L5 ET",0.0544749669730297,4.40540032382497,0.15829455633037,0.69135167433594,0.999723251605349,1,"arteriol_scler"
"8708","ROCK1","Exc L5 ET",0.0396237023566618,6.9291426464086,1.67840249671534,0.197318468186899,0.999723251605349,1,"arteriol_scler"
"8709","GREB1L","Exc L5 ET",0.0844796487711993,4.66373863146243,1.41920137421823,0.235597494160262,0.999723251605349,1,"arteriol_scler"
"8710","ESCO1","Exc L5 ET",-0.0256114653324209,5.65666476004582,0.457638754618187,0.652005236651692,0.999723251605349,1,"arteriol_scler"
"8711","SNRPD1","Exc L5 ET",-0.0555642408366883,4.38410205569992,0.761297039525507,0.384451645505551,0.999723251605349,1,"arteriol_scler"
"8712","ABHD3","Exc L5 ET",-0.0400157183810523,5.55418880193818,0.380955920632215,0.538117953869351,0.999723251605349,1,"arteriol_scler"
"8713","MIB1","Exc L5 ET",0.030918325341312,6.95769034581084,0.769572796176224,0.3818870880879,0.999723251605349,1,"arteriol_scler"
"8714","RBBP8","Exc L5 ET",-0.0132699175717606,4.27185500766759,0.0425034235006587,0.836969609650792,0.999723251605349,1,"arteriol_scler"
"8715","TMEM241","Exc L5 ET",-0.0117775020825007,6.73749526333799,0.086008645175528,0.769758397582659,0.999723251605349,1,"arteriol_scler"
"8716","RIOK3","Exc L5 ET",0.00316226162612568,5.79881578569985,0.00939910606966257,0.993854451277223,0.999723251605349,1,"arteriol_scler"
"8717","RMC1","Exc L5 ET",0.00283351421245218,4.79447320739148,0.00329804591752488,0.954287558429195,0.999723251605349,1,"arteriol_scler"
"8718","NPC1","Exc L5 ET",-0.0283906179497557,5.49116838655562,0.615777598169922,0.61813451982378,0.999723251605349,1,"arteriol_scler"
"8719","ANKRD29","Exc L5 ET",0.00189849477057401,5.95385636924796,0.00258816221136596,0.959500137120573,0.999723251605349,1,"arteriol_scler"
"8720","TTC39C","Exc L5 ET",0.0134394921349468,7.2146171023538,0.175426406297086,0.675990348478989,0.999723251605349,1,"arteriol_scler"
"8721","CABYR","Exc L5 ET",-0.0615836009538036,4.43837395785176,1.19481382255482,0.276281631540019,0.999723251605349,1,"arteriol_scler"
"8722","OSBPL1A","Exc L5 ET",0.0212636917903017,8.25203139368144,0.793704313591727,0.37454641665083,0.999723251605349,1,"arteriol_scler"
"8723","ZNF521","Exc L5 ET",0.0107185336381656,4.71018596233847,0.0256191474145705,0.873070022910375,0.999723251605349,1,"arteriol_scler"
"8724","SS18","Exc L5 ET",-0.00313103182444451,5.478543584382,0.00647720593494761,0.93597224393027,0.999723251605349,1,"arteriol_scler"
"8725","TAF4B","Exc L5 ET",0.00192050336065672,5.67888176998591,0.00223333014147892,0.962376418655396,0.999723251605349,1,"arteriol_scler"
"8726","KCTD1","Exc L5 ET",-0.00907713866108221,8.04733315840532,0.0876467710054384,0.767639287517382,0.999723251605349,1,"arteriol_scler"
"8727","AQP4-AS1","Exc L5 ET",-0.0374643850492962,6.9023542465542,0.441829174118458,0.507359749912951,0.999723251605349,1,"arteriol_scler"
"8728","CDH2","Exc L5 ET",0.0332454195354505,6.64160762392854,0.712426480848689,0.400112893027689,0.999723251605349,1,"arteriol_scler"
"8729","DSG2","Exc L5 ET",-0.143791867669956,4.01125921142929,3.67785522250425,0.0572235856470006,0.999723251605349,1,"arteriol_scler"
"8730","B4GALT6","Exc L5 ET",-0.0223427298800049,6.65388935113553,0.617477614557124,0.662168264340805,0.999723251605349,1,"arteriol_scler"
"8731","TRAPPC8","Exc L5 ET",-0.00616580560585326,6.27004512672378,0.0308291900021629,0.860881612467301,0.999723251605349,1,"arteriol_scler"
"8732","RNF138","Exc L5 ET",-0.041522391021367,4.92249227975239,0.719637929752252,0.43469097111428,0.999723251605349,1,"arteriol_scler"
"8733","GAREM1","Exc L5 ET",0.0320446483864839,7.60118555633853,1.10600464613776,0.294806073475537,0.999723251605349,1,"arteriol_scler"
"8734","AC025887.2","Exc L5 ET",-0.0319626750343133,6.26731035904319,0.346522282676681,0.557059026935493,0.999723251605349,1,"arteriol_scler"
"8735","CCDC178","Exc L5 ET",-0.0607979487815097,4.27965260574564,0.447159401165478,0.504813721985905,0.999723251605349,1,"arteriol_scler"
"8736","ASXL3","Exc L5 ET",-0.00278379764480329,7.1071549583496,0.00576927115404037,0.93956528512847,0.999723251605349,1,"arteriol_scler"
"8737","NOL4","Exc L5 ET",0.032463157798379,7.24500985705261,0.880268367573435,0.349781558795299,0.999723251605349,1,"arteriol_scler"
"8738","DTNA","Exc L5 ET",-0.0032709382176373,9.32754250741291,0.0122346668085281,0.912087372175773,0.999723251605349,1,"arteriol_scler"
"8739","MAPRE2","Exc L5 ET",0.0038715863233,7.63007341477085,0.0214934300507699,0.883658526453077,0.999723251605349,1,"arteriol_scler"
"8740","ZNF397","Exc L5 ET",0.059364076151969,4.97095385324832,2.39923877302454,0.123704439300993,0.999723251605349,1,"arteriol_scler"
"8741","ZSCAN30","Exc L5 ET",-0.0839863265960506,4.41781296888194,1.75469744005709,0.18749567153691,0.999723251605349,1,"arteriol_scler"
"8742","ZNF24","Exc L5 ET",0.0139792388048068,5.23258381182068,0.100924546487361,0.824518191245047,0.999723251605349,1,"arteriol_scler"
"8743","GALNT1","Exc L5 ET",-0.035758340266315,6.68889314935168,1.16398836634001,0.28253834280364,0.999723251605349,1,"arteriol_scler"
"8744","RPRD1A","Exc L5 ET",-0.0124927211414139,7.22524386878618,0.243087644114036,0.622775315029755,0.999723251605349,1,"arteriol_scler"
"8745","SLC39A6","Exc L5 ET",-0.0333743364804723,4.65710669158819,0.334923122428717,0.56372597860596,0.999723251605349,1,"arteriol_scler"
"8746","ELP2","Exc L5 ET",-0.0585950277720204,6.74104962604057,3.581860582668,0.0605262659304825,0.999723251605349,1,"arteriol_scler"
"8747","MOCOS","Exc L5 ET",-0.0159900186869108,3.68446712264731,0.0186430011057872,0.891595612538424,0.999723251605349,1,"arteriol_scler"
"8748","FHOD3","Exc L5 ET",-0.0216790432868838,8.41230720645497,0.342611273953226,0.559290013351732,0.999723251605349,1,"arteriol_scler"
"8749","TPGS2","Exc L5 ET",0.0019103245712145,5.94824355086623,0.00279748443105452,0.957895705990145,0.999723251605349,1,"arteriol_scler"
"8750","KIAA1328","Exc L5 ET",0.0664720674193862,6.82607944542717,3.18786831292768,0.0764021548444591,0.999723251605349,1,"arteriol_scler"
"8751","CELF4","Exc L5 ET",0.00748860049683364,7.80353859738791,0.0618050829516079,0.80403814297702,0.999723251605349,1,"arteriol_scler"
"8752","AC016205.1","Exc L5 ET",-0.0388875145515039,3.48734431286166,0.109237104715461,0.741519955181726,0.999723251605349,1,"arteriol_scler"
"8753","PIK3C3","Exc L5 ET",-0.0124253962075902,7.00055678119926,0.167614288607975,0.682881078172578,0.999723251605349,1,"arteriol_scler"
"8754","LINC00907","Exc L5 ET",-0.124853386599735,4.77131321555383,2.43504512310228,0.120960698917395,0.999723251605349,1,"arteriol_scler"
"8755","RIT2","Exc L5 ET",0.0533525810421035,8.98043173474402,1.57490687596864,0.211635301728189,0.999723251605349,1,"arteriol_scler"
"8756","SYT4","Exc L5 ET",0.0339572606249777,6.31327937818526,0.386568817923477,0.535143195796885,0.999723251605349,1,"arteriol_scler"
"8757","SETBP1","Exc L5 ET",0.00263103340415072,9.12083811745548,0.00774364081929369,0.930006971896719,0.999723251605349,1,"arteriol_scler"
"8758","SLC14A2","Exc L5 ET",-0.0330225898413454,4.17199390722832,0.130048652463698,0.718937782918208,0.999723251605349,1,"arteriol_scler"
"8759","EPG5","Exc L5 ET",-0.054040706395315,6.05279826064935,3.25228976759166,0.0735243060255161,0.999723251605349,1,"arteriol_scler"
"8760","ATP5F1A","Exc L5 ET",-0.026895779079141,6.27161832631015,0.180360534387243,0.671730711867429,0.999723251605349,1,"arteriol_scler"
"8761","C18orf25","Exc L5 ET",-0.0213440114996689,6.15980246164051,0.401261740155892,0.527495878867915,0.999723251605349,1,"arteriol_scler"
"8762","RNF165","Exc L5 ET",-0.00700637060199708,5.80009858251371,0.0277898731223395,0.867849910431336,0.999723251605349,1,"arteriol_scler"
"8763","ST8SIA5","Exc L5 ET",-0.00919607068980796,7.89113869282496,0.0977259465359988,0.755051833935476,0.999723251605349,1,"arteriol_scler"
"8764","PIAS2","Exc L5 ET",-0.0101192737288991,7.19423891767463,0.129616661638808,0.719384995274266,0.999723251605349,1,"arteriol_scler"
"8765","KATNAL2","Exc L5 ET",0.0140766988947748,6.04441928965447,0.0672037825056847,0.795842099901823,0.999723251605349,1,"arteriol_scler"
"8766","HDHD2","Exc L5 ET",0.034360028265895,4.1706453875452,0.161683990250807,0.688238307419431,0.999723251605349,1,"arteriol_scler"
"8767","SMAD2","Exc L5 ET",0.00565481047529092,6.20159741846799,0.027617541457583,0.905230528396454,0.999723251605349,1,"arteriol_scler"
"8768","ZBTB7C","Exc L5 ET",0.0243953094092848,6.18083040087458,0.182142611373315,0.670209170301686,0.999723251605349,1,"arteriol_scler"
"8769","CTIF","Exc L5 ET",-0.0102078490696422,7.42095274963932,0.11459917760322,0.735486553445043,0.999723251605349,1,"arteriol_scler"
"8770","DYM","Exc L5 ET",-0.000797892041902716,7.62732577787868,0.000847087814540548,0.976823442016767,0.999723251605349,1,"arteriol_scler"
"8771","SNHG22","Exc L5 ET",-0.0309075991610496,4.39094370887094,0.194117647277059,0.660206764313962,0.999723251605349,1,"arteriol_scler"
"8772","MBD1","Exc L5 ET",0.0125501132744344,4.75101092866013,0.0655461110100454,0.79832013099531,0.999723251605349,1,"arteriol_scler"
"8773","CXXC1","Exc L5 ET",0.0559534875619367,4.20222759102834,0.852943948039684,0.357346795183431,0.999723251605349,1,"arteriol_scler"
"8774","MAPK4","Exc L5 ET",-0.00659663349173477,7.31695441871941,0.0363328555066066,0.84911230331459,0.999723251605349,1,"arteriol_scler"
"8775","ME2","Exc L5 ET",-0.0684804828119587,6.24788095751301,3.98648903085477,0.0478509348397325,0.999723251605349,1,"arteriol_scler"
"8776","SMAD4","Exc L5 ET",0.0123877553093941,4.4129813668373,0.0453275076697909,0.831719855919973,0.999723251605349,1,"arteriol_scler"
"8777","DCC","Exc L5 ET",0.000943674577480171,4.40366487071216,1.46445592583928e-05,0.99695222035107,0.999723251605349,1,"arteriol_scler"
"8778","MBD2","Exc L5 ET",-0.058669693757858,5.69344748389253,2.12295930002445,0.1473972901013,0.999723251605349,1,"arteriol_scler"
"8779","POLI","Exc L5 ET",0.0315757092135076,4.32693976153545,0.275061734767817,0.6008050691397,0.999723251605349,1,"arteriol_scler"
"8780","RAB27B","Exc L5 ET",0.0780183706859172,6.43876100881087,3.62276845615724,0.0590944390201835,0.999723251605349,1,"arteriol_scler"
"8781","TCF4","Exc L5 ET",-0.00991545188564504,9.14857484156788,0.1442087204441,0.704721140676594,0.999723251605349,1,"arteriol_scler"
"8782","TXNL1","Exc L5 ET",-0.0359593406138955,6.24772420235717,1.15867701877778,0.283634548740034,0.999723251605349,1,"arteriol_scler"
"8783","WDR7","Exc L5 ET",0.00385199388172823,8.27470413885994,0.0274248954646926,0.868712560128138,0.999723251605349,1,"arteriol_scler"
"8784","ST8SIA3","Exc L5 ET",0.0436431211707435,6.03257206141279,1.16642257610992,0.282037752965504,0.999723251605349,1,"arteriol_scler"
"8785","FECH","Exc L5 ET",0.0166304500904038,4.69637851609399,0.122876439369703,0.726474589730786,0.999723251605349,1,"arteriol_scler"
"8786","NARS","Exc L5 ET",-0.0147111055583542,6.10012744229801,0.0853738741534424,0.770585441062421,0.999723251605349,1,"arteriol_scler"
"8787","AC027097.2","Exc L5 ET",-0.112171330107471,3.95596573750018,1.53421048122372,0.217602591831613,0.999723251605349,1,"arteriol_scler"
"8788","ATP8B1","Exc L5 ET",-0.0280543095594288,6.71523691006326,0.442485554233845,0.50704502985497,0.999723251605349,1,"arteriol_scler"
"8789","NEDD4L","Exc L5 ET",-0.0022805968883318,8.27102299188397,0.00868676586973627,0.925878780785818,0.999723251605349,1,"arteriol_scler"
"8790","MALT1","Exc L5 ET",0.0220280362337307,6.01628680603043,0.277364173952862,0.599286874691736,0.999723251605349,1,"arteriol_scler"
"8791","ZNF532","Exc L5 ET",-0.0227588785222667,7.33416147464537,0.478915803140264,0.490086639906952,0.999723251605349,1,"arteriol_scler"
"8792","SEC11C","Exc L5 ET",-0.0993209636650732,4.3627008680318,2.2312501343495,0.13754709508336,0.999723251605349,1,"arteriol_scler"
"8793","LMAN1","Exc L5 ET",0.0444218712403824,4.42840133363719,0.605522558721029,0.530235785082505,0.999723251605349,1,"arteriol_scler"
"8794","CCBE1","Exc L5 ET",-0.0434246888510758,6.97954729281915,0.462688377737597,0.497519663290837,0.999723251605349,1,"arteriol_scler"
"8795","AC113137.1","Exc L5 ET",0.384620245684639,4.65913718044477,6.73726762595032,0.0104722785093054,0.999723251605349,1,"arteriol_scler"
"8796","CDH20","Exc L5 ET",0.0263904001275217,9.48501376673675,0.566993122570511,0.452749990886449,0.999723251605349,1,"arteriol_scler"
"8797","AC105094.2","Exc L5 ET",-0.21892902268273,3.87587805974435,4.89372118507329,0.0286130846419215,0.999723251605349,1,"arteriol_scler"
"8798","RNF152","Exc L5 ET",-0.00341540520120815,6.56143235143129,0.00558768526961641,0.94052215849701,0.999723251605349,1,"arteriol_scler"
"8799","PIGN","Exc L5 ET",0.0153311550349943,6.31387269693952,0.178189955509468,0.673596000948713,0.999723251605349,1,"arteriol_scler"
"8800","KIAA1468","Exc L5 ET",0.0167261240395532,7.13142318459054,0.432457013088399,0.511890677061278,0.999723251605349,1,"arteriol_scler"
"8801","TNFRSF11A","Exc L5 ET",0.140546610702128,4.12841600707343,3.70615570858835,0.0562872726461043,0.999723251605349,1,"arteriol_scler"
"8802","ZCCHC2","Exc L5 ET",0.0148491048900796,6.34806883341773,0.185652302483213,0.667238151263851,0.999723251605349,1,"arteriol_scler"
"8803","PHLPP1","Exc L5 ET",0.0479326210317669,6.68578622490109,1.72285260622581,0.191523906341068,0.999723251605349,1,"arteriol_scler"
"8804","BCL2","Exc L5 ET",-0.0280376653789705,5.439127784211,0.153124567031686,0.696175876107662,0.999723251605349,1,"arteriol_scler"
"8805","KDSR","Exc L5 ET",-0.0657080482886206,5.01202687424073,2.30401666890674,0.131347307967735,0.999723251605349,1,"arteriol_scler"
"8806","VPS4B","Exc L5 ET",0.0509840926034815,5.45177881696352,2.04487254720191,0.15499948761341,0.999723251605349,1,"arteriol_scler"
"8807","CDH7","Exc L5 ET",0.0924187257845439,5.07956710570335,0.750930016900853,0.387699141678983,0.999723251605349,1,"arteriol_scler"
"8808","TMX3","Exc L5 ET",0.0407417460948891,6.01911598140569,1.7115120346233,0.192982975340248,0.999723251605349,1,"arteriol_scler"
"8809","CCDC102B","Exc L5 ET",-0.119133583069535,5.79082751801797,6.86562083060416,0.0097798004702275,0.999723251605349,1,"arteriol_scler"
"8810","DOK6","Exc L5 ET",-0.0349321672414616,8.12198219712511,0.975363216429452,0.32508963403241,0.999723251605349,1,"arteriol_scler"
"8811","AC119868.2","Exc L5 ET",-0.112760958954414,3.83320243922941,0.987978231062729,0.321991734886674,0.999723251605349,1,"arteriol_scler"
"8812","CD226","Exc L5 ET",-0.0677462367930416,4.08928163590213,0.739727092793911,0.391252938763916,0.999723251605349,1,"arteriol_scler"
"8813","RTTN","Exc L5 ET",0.0390125285778959,5.4926509284356,0.925130026847424,0.47288536158627,0.999723251605349,1,"arteriol_scler"
"8814","SOCS6","Exc L5 ET",-0.0519342414667482,4.47631232753649,0.743091846685149,0.390180661103489,0.999723251605349,1,"arteriol_scler"
"8815","CBLN2","Exc L5 ET",0.0488976324122001,10.0765827475436,1.10560184547689,0.294893665136267,0.999723251605349,1,"arteriol_scler"
"8816","NETO1","Exc L5 ET",0.0734159951720971,6.92390695911597,1.58178419770603,0.210646354161411,0.999723251605349,1,"arteriol_scler"
"8817","AC091138.1","Exc L5 ET",0.00134532641952844,4.83287945871097,0.000396864598796418,0.984135049375637,0.999723251605349,1,"arteriol_scler"
"8818","FBXO15","Exc L5 ET",-0.021551743354595,3.98639148806169,0.073932155171028,0.786105202577102,0.999723251605349,1,"arteriol_scler"
"8819","TIMM21","Exc L5 ET",-0.00278209843424754,4.4558457241805,0.00241244606729083,0.960897959551186,0.999723251605349,1,"arteriol_scler"
"8820","CYB5A","Exc L5 ET",-0.134433617807439,3.98758392475585,3.57175064625795,0.0608858494265211,0.999723251605349,1,"arteriol_scler"
"8821","CNDP2","Exc L5 ET",0.00394567882366976,4.63617437631669,0.00440016665964671,0.947208947828441,0.999723251605349,1,"arteriol_scler"
"8822","LINC00909","Exc L5 ET",0.0116724748358686,3.97547721024248,0.0232657735018247,0.878992686196779,0.999723251605349,1,"arteriol_scler"
"8823","ZNF407","Exc L5 ET",0.0566939348333622,6.9945109969234,2.05909574280224,0.153581990388987,0.999723251605349,1,"arteriol_scler"
"8824","ZADH2","Exc L5 ET",-0.00385051159710804,5.80170048416379,0.0105149495838838,0.918476282495781,0.999723251605349,1,"arteriol_scler"
"8825","TSHZ1","Exc L5 ET",0.0492551586214994,6.36190905439654,1.35076727894552,0.247167430710251,0.999723251605349,1,"arteriol_scler"
"8826","ZNF516","Exc L5 ET",0.0255599587105046,5.44578288771665,0.175572687099534,0.675863056031137,0.999723251605349,1,"arteriol_scler"
"8827","ZNF236","Exc L5 ET",-0.0392308640338863,5.76764858887817,0.987407304593453,0.322131088884343,0.999723251605349,1,"arteriol_scler"
"8828","MBP","Exc L5 ET",0.00711896316949118,5.78425146729158,0.0193065335455233,0.889695597321437,0.999723251605349,1,"arteriol_scler"
"8829","ATP9B","Exc L5 ET",-0.00292866543431723,7.13045224501695,0.00719844031039138,0.932509740711295,0.999723251605349,1,"arteriol_scler"
"8830","CTDP1","Exc L5 ET",0.0154527150724798,4.17380147996904,0.060331070529681,0.813708049869691,0.999723251605349,1,"arteriol_scler"
"8831","PQLC1","Exc L5 ET",-0.0754309745247177,5.65731151635659,3.84241869673783,0.0520034062619118,0.999723251605349,1,"arteriol_scler"
"8832","HSBP1L1","Exc L5 ET",0.0276454572820467,4.0936710634557,0.16742130371616,0.683053657926803,0.999723251605349,1,"arteriol_scler"
"8833","TXNL4A","Exc L5 ET",0.0234408281466019,5.83048522883248,0.337258904110764,0.56237111184794,0.999723251605349,1,"arteriol_scler"
"8834","ADNP2","Exc L5 ET",-0.0194983823194027,5.43213154721085,0.243853781240878,0.622228309529234,0.999723251605349,1,"arteriol_scler"
"8835","PARD6G-AS1","Exc L5 ET",-0.0983368977236369,4.12833470175414,1.56864117260762,0.212541140022429,0.999723251605349,1,"arteriol_scler"
"8836","PARD6G","Exc L5 ET",-0.0159888047207504,4.6126104144394,0.060905740133361,0.805439990653619,0.999723251605349,1,"arteriol_scler"
"8837","NRSN2-AS1","Exc L5 ET",-0.0283731161294513,4.31962500249619,0.144631788757791,0.704308910253778,0.999723251605349,1,"arteriol_scler"
"8838","NRSN2","Exc L5 ET",0.0303650498885859,5.49217154398096,0.401369301637427,0.527440623145762,0.999723251605349,1,"arteriol_scler"
"8839","RBCK1","Exc L5 ET",-0.00871499326049606,4.75920716221605,0.0295686006722579,0.923071643778822,0.999723251605349,1,"arteriol_scler"
"8840","TBC1D20","Exc L5 ET",0.0117114142360875,4.65305285364208,0.0500978011428856,0.877371024143381,0.999723251605349,1,"arteriol_scler"
"8841","CSNK2A1","Exc L5 ET",0.00745814566127918,6.55567511433134,0.0691396356281856,0.79298917411829,0.999723251605349,1,"arteriol_scler"
"8842","PSMF1","Exc L5 ET",-0.0153326375287939,5.45361283006833,0.188534243175161,0.664823355985613,0.999723251605349,1,"arteriol_scler"
"8843","TMEM74B","Exc L5 ET",-0.0810263284270576,4.95133633665901,2.78210449126339,0.0976100569339065,0.999723251605349,1,"arteriol_scler"
"8844","SNPH","Exc L5 ET",0.0463497617777191,5.74154326431921,1.22905819208413,0.269535327869011,0.999723251605349,1,"arteriol_scler"
"8845","AL136531.2","Exc L5 ET",-0.0723644439903278,4.61936112100334,0.735716110436152,0.392536717120171,0.999723251605349,1,"arteriol_scler"
"8846","SDCBP2-AS1","Exc L5 ET",-0.0909161087369884,4.1212759641088,1.62571214559478,0.204458154773154,0.999723251605349,1,"arteriol_scler"
"8847","NSFL1C","Exc L5 ET",-0.00453416411579463,5.75157881542755,0.0144768511065784,0.904406345648714,0.999723251605349,1,"arteriol_scler"
"8848","SIRPA","Exc L5 ET",-0.00568339519761039,7.20519421590966,0.0285707661771597,0.86602356745885,0.999723251605349,1,"arteriol_scler"
"8849","STK35","Exc L5 ET",-0.0544612727314859,4.47762916297179,1.01160084591874,0.316295181847905,0.999723251605349,1,"arteriol_scler"
"8850","AL049650.1","Exc L5 ET",0.00257664223897921,4.33610587918645,0.00161788655059695,0.967974010065882,0.999723251605349,1,"arteriol_scler"
"8851","NOP56","Exc L5 ET",-0.0375930351264462,5.35429880218438,0.648349945147914,0.42210038996568,0.999723251605349,1,"arteriol_scler"
"8852","IDH3B","Exc L5 ET",0.00163824456953547,4.20820251713854,0.00046991204511706,0.982736831582502,0.999723251605349,1,"arteriol_scler"
"8853","EBF4","Exc L5 ET",-0.0351557763127054,5.03502428298995,0.48801570285034,0.485999563205463,0.999723251605349,1,"arteriol_scler"
"8854","PTPRA","Exc L5 ET",-0.0100897701093155,7.77574076836875,0.170513874839837,0.680301943510408,0.999723251605349,1,"arteriol_scler"
"8855","MRPS26","Exc L5 ET",-0.0483410849847619,5.00278945077572,0.50112176125776,0.480211882152355,0.999723251605349,1,"arteriol_scler"
"8856","UBOX5-AS1","Exc L5 ET",-0.0702379884448693,3.65168383855204,0.579853242688251,0.447680447719172,0.999723251605349,1,"arteriol_scler"
"8857","UBOX5","Exc L5 ET",0.0131030183272103,4.41046316765674,0.0650678522425997,0.956580972797306,0.999723251605349,1,"arteriol_scler"
"8858","LZTS3","Exc L5 ET",0.0423292223619946,6.2249220042307,1.33343527947161,0.250207930371365,0.999723251605349,1,"arteriol_scler"
"8859","DDRGK1","Exc L5 ET",-0.0885075315682807,5.7587989585718,2.59446076951977,0.109542697729957,0.999723251605349,1,"arteriol_scler"
"8860","ITPA","Exc L5 ET",0.0820055268763417,4.43295902950432,2.3896567599629,0.12445046504122,0.999723251605349,1,"arteriol_scler"
"8861","C20orf194","Exc L5 ET",-0.00536411122168687,8.6136076729143,0.0370665080506809,0.847615189163144,0.999723251605349,1,"arteriol_scler"
"8862","ATRN","Exc L5 ET",-0.0271920683200628,7.29681952632735,1.42808754230626,0.234144243248249,0.999723251605349,1,"arteriol_scler"
"8863","C20orf27","Exc L5 ET",-0.0480530565984254,4.23913192542659,0.375212586786114,0.541193373266445,0.999723251605349,1,"arteriol_scler"
"8864","SPEF1","Exc L5 ET",-0.0510827147197336,4.43008616184156,0.380653122453717,0.538279292867621,0.999723251605349,1,"arteriol_scler"
"8865","CDC25B","Exc L5 ET",-0.00150583484951272,5.55822830848243,0.00089632084261875,0.976159636144594,0.999723251605349,1,"arteriol_scler"
"8866","MAVS","Exc L5 ET",0.025564704891087,5.14100459130275,0.271184857513111,0.603379851672983,0.999723251605349,1,"arteriol_scler"
"8867","AL353194.1","Exc L5 ET",0.0614602413486671,3.8905807870358,0.503447710227296,0.479196624396384,0.999723251605349,1,"arteriol_scler"
"8868","PANK2","Exc L5 ET",0.0268524243681825,5.62391201966815,0.429318105179285,0.513423924407445,0.999723251605349,1,"arteriol_scler"
"8869","RNF24","Exc L5 ET",-0.00822509325014441,7.64259328738048,0.0721865252211461,0.788584123146909,0.999723251605349,1,"arteriol_scler"
"8870","PRNP","Exc L5 ET",0.059354555561906,7.69431030479735,1.09395316714316,0.297441354690198,0.999723251605349,1,"arteriol_scler"
"8871","SLC23A2","Exc L5 ET",-0.0210433224139063,7.40806327069023,0.437052600466055,0.509660228017021,0.999723251605349,1,"arteriol_scler"
"8872","TMEM230","Exc L5 ET",0.0811366456398321,5.44614885655858,3.63576456300153,0.0586472173916906,0.999723251605349,1,"arteriol_scler"
"8873","CDS2","Exc L5 ET",-0.0110000571290341,6.32943851519155,0.156262443142622,0.902602858573238,0.999723251605349,1,"arteriol_scler"
"8874","GPCPD1","Exc L5 ET",-0.0264313911261638,5.34653434139415,0.326164714691856,0.568863160236196,0.999723251605349,1,"arteriol_scler"
"8875","SHLD1","Exc L5 ET",-0.0329402641281018,4.66104911506579,0.247560586856692,0.619596741415869,0.999723251605349,1,"arteriol_scler"
"8876","CHGB","Exc L5 ET",-0.0481041125760971,5.14591701674414,0.36927889331387,0.544404953730042,0.999723251605349,1,"arteriol_scler"
"8877","CRLS1","Exc L5 ET",0.0118895569869854,4.98752006652972,0.0806141959560851,0.79888929149547,0.999723251605349,1,"arteriol_scler"
"8878","TMX4","Exc L5 ET",0.0229105689527288,7.12744068110357,0.285970721860666,0.593682263089947,0.999723251605349,1,"arteriol_scler"
"8879","AL021396.1","Exc L5 ET",0.172934995728363,3.86387278133337,1.78967459033238,0.183185303513175,0.999723251605349,1,"arteriol_scler"
"8880","PLCB1","Exc L5 ET",-0.0286161742765085,11.0949221888625,1.00621893711762,0.317581219867316,0.999723251605349,1,"arteriol_scler"
"8881","PLCB4","Exc L5 ET",0.00549848643592387,6.39269785300656,0.0125407740179585,0.910998960471096,0.999723251605349,1,"arteriol_scler"
"8882","LAMP5","Exc L5 ET",0.0797775909908144,3.44918736182207,0.366176254623951,0.546098351814383,0.999723251605349,1,"arteriol_scler"
"8883","PAK5","Exc L5 ET",-0.0441116177133757,6.95837287430998,1.00903079855729,0.316908449897236,0.999723251605349,1,"arteriol_scler"
"8884","SNAP25-AS1","Exc L5 ET",-0.116456774401375,7.28465103561239,2.93188095154447,0.0891118756891757,0.999723251605349,1,"arteriol_scler"
"8885","SNAP25","Exc L5 ET",-0.00977265398563646,9.96921415457341,0.0676808143392746,0.795135050013482,0.999723251605349,1,"arteriol_scler"
"8886","MKKS","Exc L5 ET",0.023139073288853,4.79724932063447,0.167414305942522,0.68305991797827,0.999723251605349,1,"arteriol_scler"
"8887","SLX4IP","Exc L5 ET",-0.0438618902614724,5.42394445811447,0.608599861732239,0.436663048401422,0.999723251605349,1,"arteriol_scler"
"8888","BTBD3","Exc L5 ET",0.00521681727618958,5.27694815994958,0.0123014447118071,0.911848767762676,0.999723251605349,1,"arteriol_scler"
"8889","TASP1","Exc L5 ET",-0.0410107826949361,6.900315991808,1.39016544611479,0.240423546314851,0.999723251605349,1,"arteriol_scler"
"8890","ESF1","Exc L5 ET",-0.018147973434967,6.24054675790477,0.207175359293052,0.649711879996571,0.999723251605349,1,"arteriol_scler"
"8891","NDUFAF5","Exc L5 ET",0.0336826780086536,5.57896679697311,0.86270764709798,0.5814230488039,0.999723251605349,1,"arteriol_scler"
"8892","MACROD2","Exc L5 ET",0.0194208520296923,9.95944051508345,0.496221329832075,0.482362518788596,0.999723251605349,1,"arteriol_scler"
"8893","FLRT3","Exc L5 ET",0.0171342873077638,5.04445401277407,0.129430005041655,0.719578489515438,0.999723251605349,1,"arteriol_scler"
"8894","KIF16B","Exc L5 ET",-0.00779032337951169,6.5586341933274,0.04275134696712,0.836501586192727,0.999723251605349,1,"arteriol_scler"
"8895","SNRPB2","Exc L5 ET",-0.0884496270040788,4.32563087127315,1.58262003871998,0.210526538663273,0.999723251605349,1,"arteriol_scler"
"8896","PCSK2","Exc L5 ET",0.0316718572118505,8.53035801595804,1.44723677514509,0.23104953025126,0.999723251605349,1,"arteriol_scler"
"8897","DSTN","Exc L5 ET",-0.0113428566844446,6.21815659077661,0.0464583851945283,0.82966571183258,0.999723251605349,1,"arteriol_scler"
"8898","SNX5","Exc L5 ET",-0.00908846452814666,4.30441215587489,0.0248464317363203,0.874982726846098,0.999723251605349,1,"arteriol_scler"
"8899","ZNF133","Exc L5 ET",-0.00581275966255854,5.63433014154947,0.0168458018791278,0.896922113372843,0.999723251605349,1,"arteriol_scler"
"8900","DZANK1","Exc L5 ET",-0.00641940113325695,5.59731956010457,0.0250584143935262,0.910009042370968,0.999723251605349,1,"arteriol_scler"
"8901","POLR3F","Exc L5 ET",-0.0341141146133431,4.78589781458518,0.463505866314577,0.634479490328982,0.999723251605349,1,"arteriol_scler"
"8902","SEC23B","Exc L5 ET",-0.0200093188218286,4.51929354377333,0.165405386714219,0.699757024039254,0.999723251605349,1,"arteriol_scler"
"8903","DTD1","Exc L5 ET",0.0447585511009728,4.09492075741737,0.399306684087508,0.52850203134091,0.999723251605349,1,"arteriol_scler"
"8904","SLC24A3","Exc L5 ET",0.041436105458963,3.65194686113328,0.106649701363298,0.74449018007627,0.999723251605349,1,"arteriol_scler"
"8905","NAA20","Exc L5 ET",-0.0529865756602739,4.86308246390296,0.820123776171589,0.366736057499277,0.999723251605349,1,"arteriol_scler"
"8906","CFAP61","Exc L5 ET",-0.0550436666948967,5.31620092279285,1.40569776078278,0.237827036934446,0.999723251605349,1,"arteriol_scler"
"8907","RALGAPA2","Exc L5 ET",-0.0230088198766671,7.03569469868915,0.346407527739764,0.557124245349796,0.999723251605349,1,"arteriol_scler"
"8908","KIZ","Exc L5 ET",-0.00989324571102753,6.43194043572993,0.0682538695020865,0.794289185752812,0.999723251605349,1,"arteriol_scler"
"8909","XRN2","Exc L5 ET",-0.0321395424124597,5.79014195211825,0.894378892150868,0.345960678193802,0.999723251605349,1,"arteriol_scler"
"8910","GZF1","Exc L5 ET",-0.0598487045618897,3.92328430404711,0.770092930807909,0.707594425410361,0.999723251605349,1,"arteriol_scler"
"8911","NAPB","Exc L5 ET",0.025278765662024,6.89372707509288,0.271908664083495,0.602897371965013,0.999723251605349,1,"arteriol_scler"
"8912","LINC01721","Exc L5 ET",-0.139882334327355,4.20059321013474,1.75187742390232,0.187848345880956,0.999723251605349,1,"arteriol_scler"
"8913","SYNDIG1","Exc L5 ET",0.0181521613836002,7.69429401982754,0.403068998111406,0.526568843535604,0.999723251605349,1,"arteriol_scler"
"8914","APMAP","Exc L5 ET",0.0421498050379742,5.20946289757923,0.789773694725686,0.375728384280062,0.999723251605349,1,"arteriol_scler"
"8915","ENTPD6","Exc L5 ET",0.00432222721206814,5.56112937684868,0.00752737784610139,0.930988766158303,0.999723251605349,1,"arteriol_scler"
"8916","PYGB","Exc L5 ET",0.0207866515966054,6.44457201834912,0.364599823728143,0.546962519812854,0.999723251605349,1,"arteriol_scler"
"8917","ABHD12","Exc L5 ET",0.00389205306986076,6.44723570275693,0.0169086876474155,0.896730984250872,0.999723251605349,1,"arteriol_scler"
"8918","NINL","Exc L5 ET",-0.00670673137556944,4.92398947675528,0.0129643100416252,0.909514959217155,0.999723251605349,1,"arteriol_scler"
"8919","ZNF337","Exc L5 ET",-0.0261781597299862,5.45436323816449,0.37954386109273,0.538871095786123,0.999723251605349,1,"arteriol_scler"
"8920","FAM182B","Exc L5 ET",0.0425795215145186,7.02191095516097,0.771563835860547,0.381273730062302,0.999723251605349,1,"arteriol_scler"
"8921","HM13","Exc L5 ET",-0.0148212448391712,6.71596989297682,0.226201281773727,0.635113443320189,0.999723251605349,1,"arteriol_scler"
"8922","BCL2L1","Exc L5 ET",0.0143487383776859,5.37837231739724,0.103953366043926,0.747628219442784,0.999723251605349,1,"arteriol_scler"
"8923","TTLL9","Exc L5 ET",0.0238335073921523,4.48129333732591,0.167209121652462,0.683243539240217,0.999723251605349,1,"arteriol_scler"
"8924","TM9SF4","Exc L5 ET",-0.0715662851851458,5.87675982080085,5.35441185783595,0.0301873267919619,0.999723251605349,1,"arteriol_scler"
"8925","POFUT1","Exc L5 ET",0.0046004157283554,4.20499539434593,0.00494923074237483,0.944017202230251,0.999723251605349,1,"arteriol_scler"
"8926","KIF3B","Exc L5 ET",-0.00818913480577995,6.26601947113651,0.0527390384358946,0.818706873774341,0.999723251605349,1,"arteriol_scler"
"8927","ASXL1","Exc L5 ET",-0.0232424093616494,6.39253973924822,0.712509123884018,0.563027215028206,0.999723251605349,1,"arteriol_scler"
"8928","NOL4L","Exc L5 ET",0.0727915671818343,5.59943838216577,2.24155906531141,0.136648978805423,0.999723251605349,1,"arteriol_scler"
"8929","FO393400.1","Exc L5 ET",-0.01638096352672,4.40886284338284,0.0479943689504827,0.826917201564911,0.999723251605349,1,"arteriol_scler"
"8930","MAPRE1","Exc L5 ET",0.0101190340284256,3.87155595074787,0.0168237116079188,0.896989338559795,0.999723251605349,1,"arteriol_scler"
"8931","CDK5RAP1","Exc L5 ET",-0.0135541547057367,5.82923821395205,0.157362845799778,0.693773525786655,0.999723251605349,1,"arteriol_scler"
"8932","SNTA1","Exc L5 ET",-0.0664923015604863,4.68704180098424,1.57918309498923,0.211019737117142,0.999723251605349,1,"arteriol_scler"
"8933","CBFA2T2","Exc L5 ET",-0.00541355232337376,7.32028217387857,0.0482147050126103,0.826526730305106,0.999723251605349,1,"arteriol_scler"
"8934","NECAB3","Exc L5 ET",-0.0112967014450004,4.75529293786613,0.0298275374778121,0.863137363024688,0.999723251605349,1,"arteriol_scler"
"8935","ZNF341","Exc L5 ET",0.0184085745107525,4.29612076498692,0.0778969264501957,0.780589375938153,0.999723251605349,1,"arteriol_scler"
"8936","CHMP4B","Exc L5 ET",0.060314262933048,5.16380698539246,1.2707079922079,0.261607046479178,0.999723251605349,1,"arteriol_scler"
"8937","RALY","Exc L5 ET",0.0376911219071692,5.16279868412145,0.712644675556794,0.400040930597899,0.999723251605349,1,"arteriol_scler"
"8938","EIF2S2","Exc L5 ET",-0.00926431486044299,5.17929546672794,0.0288226916487689,0.865439857465047,0.999723251605349,1,"arteriol_scler"
"8939","ITCH","Exc L5 ET",-0.000428132671565823,6.98055313657242,0.000358844498225133,0.984914022262527,0.999723251605349,1,"arteriol_scler"
"8940","DYNLRB1","Exc L5 ET",0.0275104364173145,6.16133558003422,0.221383353676224,0.638737128526763,0.999723251605349,1,"arteriol_scler"
"8941","MAP1LC3A","Exc L5 ET",0.0142745012508632,6.58541067929652,0.0451617479934307,0.832023187153044,0.999723251605349,1,"arteriol_scler"
"8942","PIGU","Exc L5 ET",0.0281886614625985,5.48959247287719,0.432959546966919,0.511645948071713,0.999723251605349,1,"arteriol_scler"
"8943","NCOA6","Exc L5 ET",0.00379572922418982,6.22214990845084,0.0154752218265508,0.901181601739391,0.999723251605349,1,"arteriol_scler"
"8944","GGT7","Exc L5 ET",-0.0409735772560723,7.19072314222959,1.80844812092887,0.180919655125164,0.999723251605349,1,"arteriol_scler"
"8945","ACSS2","Exc L5 ET",0.0107160328805761,5.26731567036802,0.0546448284903388,0.815518914368055,0.999723251605349,1,"arteriol_scler"
"8946","GSS","Exc L5 ET",-0.00800622769271043,4.56788335960152,0.0189947230710902,0.890584247242786,0.999723251605349,1,"arteriol_scler"
"8947","TRPC4AP","Exc L5 ET",-0.0157065432487169,6.2529576374726,0.333123252240663,0.564774305031719,0.999723251605349,1,"arteriol_scler"
"8948","MMP24","Exc L5 ET",-0.0369975704494788,5.15234243071944,0.60853377856645,0.613033206315873,0.999723251605349,1,"arteriol_scler"
"8949","UQCC1","Exc L5 ET",-0.0404665548883141,6.57748216049395,2.20406200253358,0.139947966095832,0.999723251605349,1,"arteriol_scler"
"8950","CEP250","Exc L5 ET",0.0637243789180143,4.84244896227762,1.88109909823437,0.199074770049652,0.999723251605349,1,"arteriol_scler"
"8951","ERGIC3","Exc L5 ET",-0.0529306806292574,4.54384072072748,0.891830853000453,0.346646408972331,0.999723251605349,1,"arteriol_scler"
"8952","CPNE1","Exc L5 ET",0.00819100599860533,5.4044180421247,0.0483738133733854,0.826245345831098,0.999723251605349,1,"arteriol_scler"
"8953","RBM39","Exc L5 ET",0.00162750372216272,7.27429346456925,0.00512699602834399,0.943022382389437,0.999723251605349,1,"arteriol_scler"
"8954","PHF20","Exc L5 ET",0.0300772009810822,6.39608089472888,0.901981789870811,0.343925535773845,0.999723251605349,1,"arteriol_scler"
"8955","SCAND1","Exc L5 ET",0.0354432161233007,4.42478133584327,0.13768095897501,0.711171362058258,0.999723251605349,1,"arteriol_scler"
"8956","NORAD","Exc L5 ET",-0.0345588455654765,7.19059430373241,0.276119375725724,0.600106672221343,0.999723251605349,1,"arteriol_scler"
"8957","EPB41L1","Exc L5 ET",0.034678586246164,6.68953422804161,1.20632533486063,0.273990248583197,0.999723251605349,1,"arteriol_scler"
"8958","DLGAP4","Exc L5 ET",0.000599962189910186,7.62354798692472,0.000338637769276876,0.985344876352191,0.999723251605349,1,"arteriol_scler"
"8959","NDRG3","Exc L5 ET",0.0113765193711489,6.97159477456457,0.148188950991166,0.700869886056847,0.999723251605349,1,"arteriol_scler"
"8960","DSN1","Exc L5 ET",-0.12496210487184,3.98372854729288,2.80395345590091,0.0963166505494023,0.999723251605349,1,"arteriol_scler"
"8961","SOGA1","Exc L5 ET",0.0921353052123946,5.49255095508517,4.38719073578605,0.0380540195602281,0.999723251605349,1,"arteriol_scler"
"8962","SAMHD1","Exc L5 ET",0.00519624292589821,4.71598049480488,0.0114122148720387,0.915081947303091,0.999723251605349,1,"arteriol_scler"
"8963","RBL1","Exc L5 ET",0.0207741057651942,4.86234720316111,0.132473492853188,0.716442963110008,0.999723251605349,1,"arteriol_scler"
"8964","MROH8","Exc L5 ET",-0.0411494134510397,4.91721994789339,0.56152668591496,0.45493228789921,0.999723251605349,1,"arteriol_scler"
"8965","RPN2","Exc L5 ET",0.0790101372888939,4.65138364112374,2.53428994888704,0.113704896727945,0.999723251605349,1,"arteriol_scler"
"8966","MANBAL","Exc L5 ET",-0.0362888353804495,4.33422425812602,0.227059778879287,0.63447272748935,0.999723251605349,1,"arteriol_scler"
"8967","BLCAP","Exc L5 ET",-0.00965203807990024,5.99022406855553,0.0434393783287283,0.835210105090581,0.999723251605349,1,"arteriol_scler"
"8968","NNAT","Exc L5 ET",0.0301597942814913,4.55762389131142,0.127419674584452,0.721672531064305,0.999723251605349,1,"arteriol_scler"
"8969","CTNNBL1","Exc L5 ET",-0.0291265469898278,5.74632967963871,0.622956225072264,0.431316536391286,0.999723251605349,1,"arteriol_scler"
"8970","VSTM2L","Exc L5 ET",0.0115541151327491,6.87743677259808,0.0583167371710319,0.809538023442377,0.999723251605349,1,"arteriol_scler"
"8971","TTI1","Exc L5 ET",-0.0131655142314443,4.8302883288345,0.0717017967889572,0.789278164457366,0.999723251605349,1,"arteriol_scler"
"8972","RPRD1B","Exc L5 ET",0.0201204525548834,5.28001639530476,0.22589734761395,0.635340633976665,0.999723251605349,1,"arteriol_scler"
"8973","RALGAPB","Exc L5 ET",0.00387126554599981,6.29329323703971,0.018237231013791,0.892774542839358,0.999723251605349,1,"arteriol_scler"
"8974","ACTR5","Exc L5 ET",-0.0812663692009351,4.07780252205408,1.27135692222657,0.261485846936787,0.999723251605349,1,"arteriol_scler"
"8975","PPP1R16B","Exc L5 ET",0.00772887407038307,8.07122258285427,0.0868073626262272,0.768722445990529,0.999723251605349,1,"arteriol_scler"
"8976","DHX35","Exc L5 ET",0.00825587776712591,5.16383985459041,0.0467833561791081,0.829080280841857,0.999723251605349,1,"arteriol_scler"
"8977","TOP1","Exc L5 ET",-0.0439813054546922,6.682064403134,2.52214720425176,0.114566022591085,0.999723251605349,1,"arteriol_scler"
"8978","PLCG1","Exc L5 ET",-0.0756039449990434,4.48167931978285,2.60809617803771,0.108623210901855,0.999723251605349,1,"arteriol_scler"
"8979","ZHX3","Exc L5 ET",0.0182351671638827,7.06130104672321,0.347256511439985,0.556642088605964,0.999723251605349,1,"arteriol_scler"
"8980","CHD6","Exc L5 ET",-0.00196015878644401,7.53855542803772,0.00678968772544444,0.934449415761276,0.999723251605349,1,"arteriol_scler"
"8981","PTPRT","Exc L5 ET",-0.00941930052361979,5.6931233979228,0.00725879954030312,0.932228063103548,0.999723251605349,1,"arteriol_scler"
"8982","SRSF6","Exc L5 ET",0.0730693848771722,4.85900995117593,2.27224162889289,0.134014903553842,0.999723251605349,1,"arteriol_scler"
"8983","L3MBTL1","Exc L5 ET",-0.0463136591023111,4.5866122209221,0.627264462721433,0.429731580908657,0.999723251605349,1,"arteriol_scler"
"8984","IFT52","Exc L5 ET",-0.0517871335987264,5.21072966818604,1.29586522648468,0.256959332029935,0.999723251605349,1,"arteriol_scler"
"8985","TOX2","Exc L5 ET",0.0154581183907408,6.7019679982113,0.221038223503289,0.638998554637388,0.999723251605349,1,"arteriol_scler"
"8986","GDAP1L1","Exc L5 ET",0.0103743775573519,5.52610081821408,0.0570905352009823,0.811512555394059,0.999723251605349,1,"arteriol_scler"
"8987","FITM2","Exc L5 ET",0.0345362123626602,4.1314023620464,0.221309778882895,0.638792838397766,0.999723251605349,1,"arteriol_scler"
"8988","TTPAL","Exc L5 ET",-0.105079481949041,4.00722622981146,2.47274649734643,0.118145132855504,0.999723251605349,1,"arteriol_scler"
"8989","SERINC3","Exc L5 ET",0.0117237529403831,6.47347389155233,0.047914910681049,0.827058244980169,0.999723251605349,1,"arteriol_scler"
"8990","PKIG","Exc L5 ET",-0.00941597594442832,6.26513031141306,0.0998893930146703,0.752444063043062,0.999723251605349,1,"arteriol_scler"
"8991","AL139352.1","Exc L5 ET",-0.0249105041240803,4.09066127792983,0.0797658988283354,0.778041726993588,0.999723251605349,1,"arteriol_scler"
"8992","RIMS4","Exc L5 ET",0.00265003306883401,4.56703802017394,0.00250041888631012,0.960191979037712,0.999723251605349,1,"arteriol_scler"
"8993","YWHAB","Exc L5 ET",0.0233350525505586,7.56731446077004,0.124605879249961,0.724635031539667,0.999723251605349,1,"arteriol_scler"
"8994","TOMM34","Exc L5 ET",0.0410285643048961,4.65011921943638,0.36550772629789,0.546464514551103,0.999723251605349,1,"arteriol_scler"
"8995","STK4","Exc L5 ET",0.0613893318086769,5.73547682109478,3.34615108360738,0.0695397301928796,0.999723251605349,1,"arteriol_scler"
"8996","SYS1-DBNDD2","Exc L5 ET",0.0922781266312219,4.30460379780885,2.29556018564796,0.13205135461628,0.999723251605349,1,"arteriol_scler"
"8997","PIGT","Exc L5 ET",0.0460047602243698,4.48319559652509,0.527081419030374,0.469076640564673,0.999723251605349,1,"arteriol_scler"
"8998","DNTTIP1","Exc L5 ET",-0.0232374615152878,4.45321636193734,0.1782612582769,0.673534514541485,0.999723251605349,1,"arteriol_scler"
"8999","SNX21","Exc L5 ET",-0.0330410149335712,4.01211735881757,0.164489593456405,0.685689797190957,0.999723251605349,1,"arteriol_scler"
"9000","ACOT8","Exc L5 ET",-0.000470979271885806,4.72013089012986,4.851891220982e-05,0.994452485196127,0.999723251605349,1,"arteriol_scler"
"9001","CTSA","Exc L5 ET",0.018851152812898,5.1428048936123,0.142563209123257,0.706331115138039,0.999723251605349,1,"arteriol_scler"
"9002","ZNF335","Exc L5 ET",-0.0660160393499195,5.02437094638031,2.00130560037783,0.159435677328691,0.999723251605349,1,"arteriol_scler"
"9003","SLC12A5","Exc L5 ET",0.058247681257695,6.82250184856612,1.91242152704437,0.168947396647252,0.999723251605349,1,"arteriol_scler"
"9004","NCOA5","Exc L5 ET",0.0393499001123969,5.3489459023448,0.781691756396311,0.378175316483046,0.999723251605349,1,"arteriol_scler"
"9005","CDH22","Exc L5 ET",-0.0348172418555936,7.24052493580594,0.853965825179431,0.357059832904176,0.999723251605349,1,"arteriol_scler"
"9006","SLC35C2","Exc L5 ET",-0.126336719634486,4.71845424246093,4.99759967400392,0.0270027738410147,0.999723251605349,1,"arteriol_scler"
"9007","ELMO2","Exc L5 ET",0.0415343113072583,4.54216721311806,0.486523399777125,0.486665903057975,0.999723251605349,1,"arteriol_scler"
"9008","ZNF334","Exc L5 ET",0.000699828153107629,4.21663284530409,0.000137211097949659,0.99067108587534,0.999723251605349,1,"arteriol_scler"
"9009","SLC13A3","Exc L5 ET",-0.0607641897979982,6.70858130583095,1.70363810314568,0.194003739291533,0.999723251605349,1,"arteriol_scler"
"9010","ZMYND8","Exc L5 ET",0.0890218996569603,7.21628658639084,3.59470650111616,0.0600726641774022,0.999723251605349,1,"arteriol_scler"
"9011","NCOA3","Exc L5 ET",0.00168580989532798,5.1120676854929,0.000898753024179005,0.976127322191567,0.999723251605349,1,"arteriol_scler"
"9012","SULF2","Exc L5 ET",-0.00783162590561514,8.16964471584101,0.0704250280900759,0.791118386806506,0.999723251605349,1,"arteriol_scler"
"9013","PREX1","Exc L5 ET",-0.0121272093580176,5.38541831892105,0.0538638269613383,0.816818153689968,0.999723251605349,1,"arteriol_scler"
"9014","ARFGEF2","Exc L5 ET",0.0489523943552091,7.49862453000505,2.7326215936253,0.10061070486183,0.999723251605349,1,"arteriol_scler"
"9015","CSE1L","Exc L5 ET",-0.00765740661121104,5.24524874166567,0.0328648439234141,0.856410892175551,0.999723251605349,1,"arteriol_scler"
"9016","STAU1","Exc L5 ET",-0.0250484059244257,5.80236109411746,0.538211713558386,0.667450468194424,0.999723251605349,1,"arteriol_scler"
"9017","DDX27","Exc L5 ET",-0.0290456081526468,4.39983733454423,0.268023186090868,0.605497035823268,0.999723251605349,1,"arteriol_scler"
"9018","ZNFX1","Exc L5 ET",0.0276663314340732,4.81732470123986,0.34207093148177,0.578952174069797,0.999723251605349,1,"arteriol_scler"
"9019","ZFAS1","Exc L5 ET",-0.0504244754690862,4.78472346967226,1.02462609221785,0.313211021782711,0.999723251605349,1,"arteriol_scler"
"9020","KCNB1","Exc L5 ET",0.0108736421165101,8.37960193024164,0.151282657432407,0.697917285401722,0.999723251605349,1,"arteriol_scler"
"9021","B4GALT5","Exc L5 ET",0.0168428357266265,6.29273640285298,0.331045014559343,0.56598947797209,0.999723251605349,1,"arteriol_scler"
"9022","SLC9A8","Exc L5 ET",-0.0702830197167438,5.0083411754987,1.79397023256971,0.182663978603021,0.999723251605349,1,"arteriol_scler"
"9023","SPATA2","Exc L5 ET",-0.0155374073084042,4.54003138319483,0.0492028188277824,0.824787034581462,0.999723251605349,1,"arteriol_scler"
"9024","RNF114","Exc L5 ET",-0.105761480705392,5.1440712693771,5.66219299888713,0.0187145972294432,0.999723251605349,1,"arteriol_scler"
"9025","CEBPB","Exc L5 ET",0.00223430700005692,4.2243234587662,0.000890989009996055,0.976230628743577,0.999723251605349,1,"arteriol_scler"
"9026","PTPN1","Exc L5 ET",-0.0239080504319482,6.18147158885255,0.448127743887754,0.504353545665049,0.999723251605349,1,"arteriol_scler"
"9027","BCAS4","Exc L5 ET",0.0486691880410032,5.16825225455042,1.37896871413749,0.24231686079317,0.999723251605349,1,"arteriol_scler"
"9028","ADNP","Exc L5 ET",0.013628322238353,6.45190320568666,0.262295009676222,0.979414814225945,0.999723251605349,1,"arteriol_scler"
"9029","DPM1","Exc L5 ET",0.0150006564797234,5.68918311280229,0.124563202554777,0.724680252175192,0.999723251605349,1,"arteriol_scler"
"9030","KCNG1","Exc L5 ET",0.013828512426449,5.25084782939454,0.0337727680256706,0.854463091376222,0.999723251605349,1,"arteriol_scler"
"9031","NFATC2","Exc L5 ET",-0.000328027652593507,4.94976323152054,1.7859388821503e-05,0.996634276199822,0.999723251605349,1,"arteriol_scler"
"9032","ATP9A","Exc L5 ET",-0.00637867580346024,7.59144995159086,0.0657545147885776,0.798006768312379,0.999723251605349,1,"arteriol_scler"
"9033","ZFP64","Exc L5 ET",-0.0275442260715131,5.13997125569093,0.334992271272921,0.563685778315137,0.999723251605349,1,"arteriol_scler"
"9034","TSHZ2","Exc L5 ET",0.210908189155711,5.37927721450404,6.49404341631363,0.0119277721232491,0.999723251605349,1,"arteriol_scler"
"9035","PFDN4","Exc L5 ET",-0.161252420485029,4.49215311455275,6.40346457515878,0.0125222342335347,0.999723251605349,1,"arteriol_scler"
"9036","CBLN4","Exc L5 ET",0.117420903202346,3.52707064940054,1.36232372723747,0.245165429344907,0.999723251605349,1,"arteriol_scler"
"9037","RTF2","Exc L5 ET",-0.025081617988673,4.54492562439087,0.238161855258326,0.62631807853097,0.999723251605349,1,"arteriol_scler"
"9038","RAE1","Exc L5 ET",0.00626669726540755,4.44345854914405,0.0119766856543703,0.913015415693327,0.999723251605349,1,"arteriol_scler"
"9039","RAB22A","Exc L5 ET",-0.00685752057376285,5.34875037625996,0.0228404139506397,0.88009541997508,0.999723251605349,1,"arteriol_scler"
"9040","VAPB","Exc L5 ET",0.0509834439405303,5.96402782123553,1.46821523564127,0.227716098704093,0.999723251605349,1,"arteriol_scler"
"9041","STX16-NPEPL1","Exc L5 ET",0.0528008592796092,3.81715826621763,0.343836796190122,0.558589093829009,0.999723251605349,1,"arteriol_scler"
"9042","GNAS","Exc L5 ET",0.0675587370862865,8.2471123181093,1.39060628101469,0.240349375250947,0.999723251605349,1,"arteriol_scler"
"9043","NELFCD","Exc L5 ET",-0.0687245047876577,5.10416471757586,2.10979512000503,0.148648514682504,0.999723251605349,1,"arteriol_scler"
"9044","CTSZ","Exc L5 ET",-0.0882689710784297,3.75307614903934,0.891884834986022,0.346631862067202,0.999723251605349,1,"arteriol_scler"
"9045","ATP5F1E","Exc L5 ET",-0.0320240050596228,5.00481000483679,0.123848819203704,0.725438517481572,0.999723251605349,1,"arteriol_scler"
"9046","ZNF831","Exc L5 ET",0.0720155204247267,4.76823647342941,1.15654261496538,0.284076595477166,0.999723251605349,1,"arteriol_scler"
"9047","PHACTR3","Exc L5 ET",-0.0219872611491357,7.76488862151461,0.354551831761236,0.552531372169663,0.999723251605349,1,"arteriol_scler"
"9048","SYCP2","Exc L5 ET",0.0724162714769541,4.85840233059256,1.20743803202095,0.273770041067455,0.999723251605349,1,"arteriol_scler"
"9049","FAM217B","Exc L5 ET",-0.00866074486249955,6.11771599420092,0.0401131848960791,0.841556851257127,0.999723251605349,1,"arteriol_scler"
"9050","CDH26","Exc L5 ET",0.0175861182111522,4.38315059500022,0.0825217648058686,0.819953853753369,0.999723251605349,1,"arteriol_scler"
"9051","MIR646HG","Exc L5 ET",-0.0967664289570907,7.141643427078,0.737867042378602,0.391847522704061,0.999723251605349,1,"arteriol_scler"
"9052","CDH4","Exc L5 ET",0.0181822772536993,5.56961481045807,0.0852541216734848,0.770741840644977,0.999723251605349,1,"arteriol_scler"
"9053","TAF4","Exc L5 ET",-0.0336002815321417,4.9763566039772,0.532644469964246,0.466744930717972,0.999723251605349,1,"arteriol_scler"
"9054","LSM14B","Exc L5 ET",-0.00977014222277241,3.92067143536676,0.019001728016196,0.911044153840793,0.999723251605349,1,"arteriol_scler"
"9055","PSMA7","Exc L5 ET",-0.0339785295215217,5.6497923563872,0.226215002541766,0.635103191472547,0.999723251605349,1,"arteriol_scler"
"9056","SS18L1","Exc L5 ET",-0.0125665258360552,5.70138002364013,0.118167127872621,0.731558676714559,0.999723251605349,1,"arteriol_scler"
"9057","MTG2","Exc L5 ET",-0.0207195443470842,5.60421131070625,0.226059438431718,0.635219447831252,0.999723251605349,1,"arteriol_scler"
"9058","HRH3","Exc L5 ET",0.0671909341930674,4.56682614869265,0.610671380115982,0.435885337344371,0.999723251605349,1,"arteriol_scler"
"9059","OSBPL2","Exc L5 ET",0.0140917376151713,5.17202253654262,0.0945863493638206,0.92890489881516,0.999723251605349,1,"arteriol_scler"
"9060","ADRM1","Exc L5 ET",0.0974405081868098,3.87009603892951,0.924739128560127,0.337930202313397,0.999723251605349,1,"arteriol_scler"
"9061","RPS21","Exc L5 ET",-0.00472783278201751,3.94416927746145,0.00344117090336212,0.953307324504736,0.999723251605349,1,"arteriol_scler"
"9062","MIR1-1HG-AS1","Exc L5 ET",0.0114665459782508,4.61263755468122,0.0384156679104707,0.844901648433466,0.999723251605349,1,"arteriol_scler"
"9063","SLCO4A1","Exc L5 ET",-0.0149469081427176,4.0128082335074,0.0450803720483645,0.832172313722104,0.999723251605349,1,"arteriol_scler"
"9064","MRGBP","Exc L5 ET",0.057561489718648,4.10362551885687,0.887999205950937,0.347681082829478,0.999723251605349,1,"arteriol_scler"
"9065","OGFR","Exc L5 ET",-0.0136014274629163,6.39617812792314,0.144209766712091,0.704720120357624,0.999723251605349,1,"arteriol_scler"
"9066","COL9A3","Exc L5 ET",-0.0163267682342821,3.94600217557197,0.0288416599197097,0.865396014531918,0.999723251605349,1,"arteriol_scler"
"9067","TCFL5","Exc L5 ET",0.0866580663210813,4.69896952047432,2.81413297159654,0.0957205031478115,0.999723251605349,1,"arteriol_scler"
"9068","DIDO1","Exc L5 ET",-0.0335021141360215,5.89548683364151,0.997467467834942,0.319687230263269,0.999723251605349,1,"arteriol_scler"
"9069","GID8","Exc L5 ET",-0.0113119165045676,5.26527681792076,0.0498091088439103,0.823728649898646,0.999723251605349,1,"arteriol_scler"
"9070","YTHDF1","Exc L5 ET",0.0127860308296418,4.59924128561742,0.0507717159964435,0.822062055600715,0.999723251605349,1,"arteriol_scler"
"9071","ARFGAP1","Exc L5 ET",0.0292027674195708,4.95595016297522,0.454764585535081,0.501218854746309,0.999723251605349,1,"arteriol_scler"
"9072","CHRNA4","Exc L5 ET",-0.0250989039579601,4.11565755922267,0.132088711058083,0.71683711332981,0.999723251605349,1,"arteriol_scler"
"9073","KCNQ2","Exc L5 ET",-0.00168240464704394,6.74484724269665,0.00229017793094391,0.961900950706441,0.999723251605349,1,"arteriol_scler"
"9074","EEF1A2","Exc L5 ET",0.0713093703809034,6.78211096789208,0.832085668569954,0.363274674021653,0.999723251605349,1,"arteriol_scler"
"9075","PPDPF","Exc L5 ET",-0.0130807498816155,4.98576089999151,0.0216675295877534,0.883191690359094,0.999723251605349,1,"arteriol_scler"
"9076","STMN3","Exc L5 ET",-0.0143429844894951,6.71572885960397,0.0666623568076269,0.796647847317165,0.999723251605349,1,"arteriol_scler"
"9077","ARFRP1","Exc L5 ET",-0.0638964123475242,4.56705853535698,1.33585138636084,0.249781318996076,0.999723251605349,1,"arteriol_scler"
"9078","ZBTB46","Exc L5 ET",-0.058451993114096,5.35089079406799,1.30811612300681,0.254733257268498,0.999723251605349,1,"arteriol_scler"
"9079","TPD52L2","Exc L5 ET",0.0181163355248415,5.46792302880681,0.222385702436159,0.954530377459693,0.999723251605349,1,"arteriol_scler"
"9080","DNAJC5","Exc L5 ET",0.0300377697426841,6.24367211261674,0.595562461214303,0.441607097127926,0.999723251605349,1,"arteriol_scler"
"9081","UCKL1","Exc L5 ET",-0.00430987372874212,4.09851675991871,0.00380755609484694,0.950887494143152,0.999723251605349,1,"arteriol_scler"
"9082","ZNF512B","Exc L5 ET",0.00198224408876534,4.02482012371744,0.000941552574889,0.975565687615759,0.999723251605349,1,"arteriol_scler"
"9083","PRPF6","Exc L5 ET",-0.0196797270377893,4.98514012637772,0.191711906559723,0.662186091484734,0.999723251605349,1,"arteriol_scler"
"9084","TCEA2","Exc L5 ET",0.0835316373984438,5.40159564824154,2.39441815874052,0.12407912846786,0.999723251605349,1,"arteriol_scler"
"9085","PCMTD2","Exc L5 ET",0.0711578023648552,5.41021694453241,2.96150942597164,0.112424260330781,0.999723251605349,1,"arteriol_scler"
"9086","SHC2","Exc L5 ET",-0.00504544515310963,5.6561914574719,0.012414139940285,0.911447578083741,0.999723251605349,1,"arteriol_scler"
"9087","MADCAM1","Exc L5 ET",-0.0110649388159616,4.11176197222295,0.0264691087551872,0.870999980453658,0.999723251605349,1,"arteriol_scler"
"9088","CDC34","Exc L5 ET",0.0273086237161653,4.03374898802119,0.145763277909348,0.703209789742326,0.999723251605349,1,"arteriol_scler"
"9089","BSG","Exc L5 ET",0.0501471676436627,6.44087156424208,0.956982535353464,0.329674934041829,0.999723251605349,1,"arteriol_scler"
"9090","HCN2","Exc L5 ET",0.0366128373872377,5.4290979866948,0.556977254249531,0.45676120021262,0.999723251605349,1,"arteriol_scler"
"9091","RNF126","Exc L5 ET",0.0436094978842359,4.70860739365872,0.50456820169703,0.478708798200754,0.999723251605349,1,"arteriol_scler"
"9092","FSTL3","Exc L5 ET",-0.00580203096426464,4.09253205308236,0.00770970917585027,0.930160093080244,0.999723251605349,1,"arteriol_scler"
"9093","PALM","Exc L5 ET",0.0248802428189349,5.65592165444666,0.403036399206665,0.90552909267613,0.999723251605349,1,"arteriol_scler"
"9094","PTBP1","Exc L5 ET",-0.00763633963465933,4.29136494838642,0.0149126019704321,0.902985417982276,0.999723251605349,1,"arteriol_scler"
"9095","PLPPR3","Exc L5 ET",0.0395219127379437,3.91902455841786,0.212190727019457,0.645787086644767,0.999723251605349,1,"arteriol_scler"
"9096","ARID3A","Exc L5 ET",0.0331270327366092,4.52710859696894,0.438651847838929,0.516278748967412,0.999723251605349,1,"arteriol_scler"
"9097","WDR18","Exc L5 ET",0.0140081260777555,4.21069386101443,0.0401198197258753,0.841543923857725,0.999723251605349,1,"arteriol_scler"
"9098","TMEM259","Exc L5 ET",0.0199169478601231,5.80498468875856,0.225119298435414,0.635923081240264,0.999723251605349,1,"arteriol_scler"
"9099","ABCA7","Exc L5 ET",0.0234721325975522,5.32462645925456,0.22899510513724,0.633033788669509,0.999723251605349,1,"arteriol_scler"
"9100","POLR2E","Exc L5 ET",0.0503803859404208,5.33355923249853,0.544571534693685,0.461808164557402,0.999723251605349,1,"arteriol_scler"
"9101","GPX4","Exc L5 ET",-0.0264549458748809,6.22681366906534,0.090658954504761,0.763798217025533,0.999723251605349,1,"arteriol_scler"
"9102","STK11","Exc L5 ET",0.021217754600989,4.39453054531333,0.144708744947939,0.704233999742995,0.999723251605349,1,"arteriol_scler"
"9103","ATP5F1D","Exc L5 ET",0.00296492677510349,5.9252457894815,0.00142585853882133,0.969933647219488,0.999723251605349,1,"arteriol_scler"
"9104","MIDN","Exc L5 ET",0.00979459591873262,3.8260863791212,0.0118375242969148,0.91352022753934,0.999723251605349,1,"arteriol_scler"
"9105","CIRBP","Exc L5 ET",-0.0784346419333617,6.18611861151204,1.81249107601694,0.180436033914089,0.999723251605349,1,"arteriol_scler"
"9106","C19orf24","Exc L5 ET",-0.0881749088030766,3.68302187113126,0.643458186410218,0.42385245302019,0.999723251605349,1,"arteriol_scler"
"9107","MUM1","Exc L5 ET",0.000514228357123742,5.89659781350736,0.000202296026930609,0.988672725976076,0.999723251605349,1,"arteriol_scler"
"9108","NDUFS7","Exc L5 ET",0.0430333247501979,5.22781681881646,0.63711057717041,0.426142354375248,0.999723251605349,1,"arteriol_scler"
"9109","GAMT","Exc L5 ET",-0.0355515106230208,4.11758457864523,0.299604824473902,0.585022055297212,0.999723251605349,1,"arteriol_scler"
"9110","DAZAP1","Exc L5 ET",-0.0554892269216093,5.06151979168019,1.47988108093179,0.225887667400965,0.999723251605349,1,"arteriol_scler"
"9111","RPS15","Exc L5 ET",-0.0822078056239696,5.81044648486655,0.780109080649743,0.378657138371688,0.999723251605349,1,"arteriol_scler"
"9112","APC2","Exc L5 ET",0.0424838306879457,5.94602849445322,1.09470635315709,0.297275766524157,0.999723251605349,1,"arteriol_scler"
"9113","C19orf25","Exc L5 ET",-0.00659588054398092,4.7151841992858,0.014034988129909,0.905869538417898,0.999723251605349,1,"arteriol_scler"
"9114","REXO1","Exc L5 ET",0.0382911502582676,4.17832468672157,0.40939106642658,0.523348744802282,0.999723251605349,1,"arteriol_scler"
"9115","ABHD17A","Exc L5 ET",-0.0188596549103204,4.78988328826777,0.117032083591287,0.732800945845839,0.999723251605349,1,"arteriol_scler"
"9116","SCAMP4","Exc L5 ET",-0.0136428394822747,4.29149991005546,0.0673657542631996,0.795601728053341,0.999723251605349,1,"arteriol_scler"
"9117","CSNK1G2","Exc L5 ET",0.0150898260478898,4.65974561470796,0.0757400299117793,0.972147149245531,0.999723251605349,1,"arteriol_scler"
"9118","BTBD2","Exc L5 ET",-0.0189818391100704,5.33525285912917,0.15424163987312,0.695125635527371,0.999723251605349,1,"arteriol_scler"
"9119","MOB3A","Exc L5 ET",-0.0435790026112601,4.49468303747573,0.597545101956713,0.44084968413345,0.999723251605349,1,"arteriol_scler"
"9120","AP3D1","Exc L5 ET",0.0532335300774289,5.86697835647508,2.30317810721802,0.13141693328219,0.999723251605349,1,"arteriol_scler"
"9121","DOT1L","Exc L5 ET",0.000580355654431187,4.18606419416158,6.49422042258544e-05,0.993581918063471,0.999723251605349,1,"arteriol_scler"
"9122","PLEKHJ1","Exc L5 ET",-0.0590655220530137,4.87506634787716,0.923652152828977,0.33821332895835,0.999723251605349,1,"arteriol_scler"
"9123","LSM7","Exc L5 ET",-0.106076061587041,4.18987141435628,1.95456743792948,0.164357932369561,0.999723251605349,1,"arteriol_scler"
"9124","SPPL2B","Exc L5 ET",-0.00492866760522932,5.32990417593656,0.0115518645389357,0.914565961827053,0.999723251605349,1,"arteriol_scler"
"9125","TIMM13","Exc L5 ET",-0.0362497840635058,4.42367754350615,0.183292446054931,0.66923210758182,0.999723251605349,1,"arteriol_scler"
"9126","GNG7","Exc L5 ET",-0.00194702920709843,5.74676934073295,0.00167034536040765,0.967459228595726,0.999723251605349,1,"arteriol_scler"
"9127","DIRAS1","Exc L5 ET",0.0364628942829643,6.22469316746394,0.263849087155055,0.608316597768899,0.999723251605349,1,"arteriol_scler"
"9128","SGTA","Exc L5 ET",-0.0194797501075541,4.49203154909927,0.145331560258685,0.703628578349805,0.999723251605349,1,"arteriol_scler"
"9129","THOP1","Exc L5 ET",-0.0138497661493049,4.80473109566271,0.0847387367246314,0.911688217537328,0.999723251605349,1,"arteriol_scler"
"9130","ZNF555","Exc L5 ET",0.0491198696340165,4.20269059774276,0.627254758673423,0.429735140958329,0.999723251605349,1,"arteriol_scler"
"9131","TLE2","Exc L5 ET",-0.00259569996629557,5.53325263034334,0.00364756166148073,0.951929136991754,0.999723251605349,1,"arteriol_scler"
"9132","AES","Exc L5 ET",0.0565150126259041,6.97154436763243,1.24164835532193,0.267107298557384,0.999723251605349,1,"arteriol_scler"
"9133","GNA11","Exc L5 ET",0.00272328046663997,4.71477074042452,0.00264412861728428,0.959064979143885,0.999723251605349,1,"arteriol_scler"
"9134","NCLN","Exc L5 ET",-0.00540502569947201,4.82694800262199,0.0119102407939633,0.915872542534003,0.999723251605349,1,"arteriol_scler"
"9135","CELF5","Exc L5 ET",-0.0084613771481245,6.77158642146414,0.0402769830037879,0.841238029193298,0.999723251605349,1,"arteriol_scler"
"9136","NFIC","Exc L5 ET",0.0459576508077973,6.72001268225921,1.40806064308798,0.237435052484227,0.999723251605349,1,"arteriol_scler"
"9137","DOHH","Exc L5 ET",0.0519691977763062,3.95993711100776,0.319977701883474,0.572547597072784,0.999723251605349,1,"arteriol_scler"
"9138","MFSD12","Exc L5 ET",-0.0386313782723892,4.20972654970639,0.302169599650888,0.583421675678362,0.999723251605349,1,"arteriol_scler"
"9139","PIP5K1C","Exc L5 ET",-0.000791897801138755,5.60426756733084,0.000410459416702907,0.983865642890476,0.999723251605349,1,"arteriol_scler"
"9140","MRPL54","Exc L5 ET",0.0615823314243947,3.67254618139324,0.42982486984791,0.513175845266598,0.999723251605349,1,"arteriol_scler"
"9141","MATK","Exc L5 ET",0.0196556406469626,5.55612792487527,0.194405825041072,0.659970650300612,0.999723251605349,1,"arteriol_scler"
"9142","ZFR2","Exc L5 ET",-0.0150163325724616,6.71547800432174,0.169410596634855,0.681280244358736,0.999723251605349,1,"arteriol_scler"
"9143","ATCAY","Exc L5 ET",-0.0013504137243746,7.06140519949056,0.00160377449738362,0.968113914173263,0.999723251605349,1,"arteriol_scler"
"9144","DAPK3","Exc L5 ET",-0.00924624419897112,4.76498277203,0.0414933572509668,0.948148680910605,0.999723251605349,1,"arteriol_scler"
"9145","EEF2","Exc L5 ET",-0.0194405193774142,5.46410537498322,0.0890118721656221,0.765889771647928,0.999723251605349,1,"arteriol_scler"
"9146","PIAS4","Exc L5 ET",-0.0164228202698191,4.02490476383333,0.056471002269368,0.812518709708304,0.999723251605349,1,"arteriol_scler"
"9147","ZBTB7A","Exc L5 ET",0.0963291564625616,6.25236097122126,4.98493290680671,0.0271939174279707,0.999723251605349,1,"arteriol_scler"
"9148","MAP2K2","Exc L5 ET",0.0120532964747514,5.28080173033081,0.0465009406901296,0.829588926956457,0.999723251605349,1,"arteriol_scler"
"9149","SIRT6","Exc L5 ET",0.000190746237225537,4.44131732385913,2.58769312258449e-05,0.995948638667238,0.999723251605349,1,"arteriol_scler"
"9150","ANKRD24","Exc L5 ET",-0.0758076650972957,5.33646327831321,2.14305509555096,0.145510307931704,0.999723251605349,1,"arteriol_scler"
"9151","FSD1","Exc L5 ET",0.0069933786438596,5.77035839519655,0.0257135779397463,0.872838319021902,0.999723251605349,1,"arteriol_scler"
"9152","SH3GL1","Exc L5 ET",-0.0404359415634534,5.00141459356124,0.639953089720501,0.425114612508655,0.999723251605349,1,"arteriol_scler"
"9153","UBXN6","Exc L5 ET",0.0329922908640923,4.76246833984164,0.242320071728752,0.623324422044594,0.999723251605349,1,"arteriol_scler"
"9154","HDGFL2","Exc L5 ET",0.000592414408091561,4.55861589214211,9.6539037453731e-05,0.992174881498412,0.999723251605349,1,"arteriol_scler"
"9155","SEMA6B","Exc L5 ET",0.0399314741676633,4.89874902303346,0.720959193796703,0.39731272525043,0.999723251605349,1,"arteriol_scler"
"9156","MYDGF","Exc L5 ET",-0.0409101376452649,4.35910635431442,0.275273295191655,0.60066523146898,0.999723251605349,1,"arteriol_scler"
"9157","DPP9","Exc L5 ET",-0.00114034462563698,4.82912772055424,0.000480075718915332,0.988945274722039,0.999723251605349,1,"arteriol_scler"
"9158","MIR7-3HG","Exc L5 ET",-0.127356698915762,5.29545020195065,3.23057233978331,0.074481096130078,0.999723251605349,1,"arteriol_scler"
"9159","KDM4B","Exc L5 ET",-0.0365827807180384,6.32717421840462,0.941486221930031,0.33360818718353,0.999723251605349,1,"arteriol_scler"
"9160","PTPRS","Exc L5 ET",-0.0331385691229516,7.52765976048187,1.21867145829179,0.271559371793951,0.999723251605349,1,"arteriol_scler"
"9161","SAFB2","Exc L5 ET",0.0570993483906168,5.87091814042591,2.15950446990936,0.143986174887628,0.999723251605349,1,"arteriol_scler"
"9162","SAFB","Exc L5 ET",-0.0210269393017304,5.80084087266316,0.383338129402999,0.695036049041239,0.999723251605349,1,"arteriol_scler"
"9163","RPL36","Exc L5 ET",-0.0533507603536576,4.34889507374551,0.332963910680667,0.564867294860366,0.999723251605349,1,"arteriol_scler"
"9164","C19orf70","Exc L5 ET",-0.0326513565088393,4.78342827828047,0.166334259914793,0.684027941193152,0.999723251605349,1,"arteriol_scler"
"9165","LONP1","Exc L5 ET",0.0368074124277288,5.40070178060156,0.582590234851733,0.446612977782035,0.999723251605349,1,"arteriol_scler"
"9166","RANBP3","Exc L5 ET",0.00978825541639247,4.63368414622483,0.0438601805128438,0.933761742630689,0.999723251605349,1,"arteriol_scler"
"9167","RFX2","Exc L5 ET",-0.0568444000231141,4.05522185065281,0.598695779129107,0.440411020776279,0.999723251605349,1,"arteriol_scler"
"9168","MLLT1","Exc L5 ET",-0.0289072563239344,4.78193663617522,0.33809815158422,0.561885841231405,0.999723251605349,1,"arteriol_scler"
"9169","CLPP","Exc L5 ET",-0.00425611951657869,3.76221883967508,0.00239057196956287,0.961075493069914,0.999723251605349,1,"arteriol_scler"
"9170","GTF2F1","Exc L5 ET",0.0316742389466729,4.22181953992757,0.208859260956439,0.648387786938865,0.999723251605349,1,"arteriol_scler"
"9171","KHSRP","Exc L5 ET",0.00147913823852389,4.75838325782426,0.000833100246456135,0.977015536439533,0.999723251605349,1,"arteriol_scler"
"9172","SLC25A41","Exc L5 ET",-0.0310632649816076,3.90175016391404,0.146998785337931,0.702015199236265,0.999723251605349,1,"arteriol_scler"
"9173","SLC25A23","Exc L5 ET",0.0576791959776516,5.72249870313483,2.26001679766694,0.135057457622596,0.999723251605349,1,"arteriol_scler"
"9174","TUBB4A","Exc L5 ET",-0.00801980681676578,5.92144903062541,0.0106292113204083,0.918036106573837,0.999723251605349,1,"arteriol_scler"
"9175","INSR","Exc L5 ET",0.0102456980863884,6.92098340134631,0.078436614740072,0.779850355931705,0.999723251605349,1,"arteriol_scler"
"9176","MCOLN1","Exc L5 ET",0.0250339589847578,4.01325421700154,0.123666893905779,0.72563201052452,0.999723251605349,1,"arteriol_scler"
"9177","PNPLA6","Exc L5 ET",0.072184591873293,5.11935526574683,2.35953708418474,0.126828572501869,0.999723251605349,1,"arteriol_scler"
"9178","CAMSAP3","Exc L5 ET",-0.00392120961594917,4.16404837604364,0.00375447197631123,0.95123061933535,0.999723251605349,1,"arteriol_scler"
"9179","EVI5L","Exc L5 ET",-0.0387545304353445,5.29206025826875,0.63062963668505,0.42849972346814,0.999723251605349,1,"arteriol_scler"
"9180","MAP2K7","Exc L5 ET",0.0143497660633538,5.18011853357992,0.118500694231216,0.731194869151092,0.999723251605349,1,"arteriol_scler"
"9181","TGFBR3L","Exc L5 ET",-0.096456090447439,3.56016657720785,0.999881691270086,0.319104414867064,0.999723251605349,1,"arteriol_scler"
"9182","CTXN1","Exc L5 ET",0.051065481772661,5.49625671191327,0.393317550131787,0.531605905717903,0.999723251605349,1,"arteriol_scler"
"9183","TIMM44","Exc L5 ET",0.019303692768799,4.98640543557322,0.133399287546016,0.715497278536467,0.999723251605349,1,"arteriol_scler"
"9184","ELAVL1","Exc L5 ET",-0.0177643359519535,5.48673495132421,0.257637948566217,0.784445358688609,0.999723251605349,1,"arteriol_scler"
"9185","CERS4","Exc L5 ET",0.00575307969119653,6.21494331503725,0.0104326228829172,0.918794933504933,0.999723251605349,1,"arteriol_scler"
"9186","AC022146.2","Exc L5 ET",-0.251122858060483,4.3807779203491,6.36804857979614,0.0127629750799965,0.999723251605349,1,"arteriol_scler"
"9187","CD320","Exc L5 ET",0.0327895172731114,4.15447153859975,0.282816805806602,0.595723373384548,0.999723251605349,1,"arteriol_scler"
"9188","RPS28","Exc L5 ET",-0.0351577482081214,4.64452931215331,0.18012436845106,0.671933016553969,0.999723251605349,1,"arteriol_scler"
"9189","RAB11B","Exc L5 ET",-0.0198849500531981,5.07210540503445,0.0991332189428182,0.753351976088019,0.999723251605349,1,"arteriol_scler"
"9190","MARCH2","Exc L5 ET",0.0676841467950364,5.2281198276822,1.3225086691848,0.252148535858565,0.999723251605349,1,"arteriol_scler"
"9191","HNRNPM","Exc L5 ET",0.00163084363967845,5.96300958262816,0.00266725319800841,0.958886527014972,0.999723251605349,1,"arteriol_scler"
"9192","ADAMTS10","Exc L5 ET",0.0350899102070902,5.47110345442583,0.611413999900216,0.435607053002505,0.999723251605349,1,"arteriol_scler"
"9193","ZNF559-ZNF177","Exc L5 ET",0.0337195574951597,4.20076299828698,0.226234057110588,0.635088954962549,0.999723251605349,1,"arteriol_scler"
"9194","ZNF266","Exc L5 ET",0.0437231473306535,4.06281734540909,0.385716864323264,0.535592783847205,0.999723251605349,1,"arteriol_scler"
"9195","ZNF426","Exc L5 ET",0.0531504579031723,4.03806263469692,0.548806385821221,0.460075381228712,0.999723251605349,1,"arteriol_scler"
"9196","ZNF121","Exc L5 ET",0.0715897521030178,4.2101279923501,1.26466979639875,0.262738163768165,0.999723251605349,1,"arteriol_scler"
"9197","ZNF562","Exc L5 ET",0.00144251461598759,5.18202327725694,0.00144595959041908,0.969722560760313,0.999723251605349,1,"arteriol_scler"
"9198","ZNF846","Exc L5 ET",0.0202684264537404,5.17598216204832,0.154488866854582,0.694893793773204,0.999723251605349,1,"arteriol_scler"
"9199","FBXL12","Exc L5 ET",-0.110889821560132,4.52027935519966,3.37131188903838,0.0685118050374072,0.999723251605349,1,"arteriol_scler"
"9200","UBL5","Exc L5 ET",0.0265737096383667,3.78530331724648,0.0640241773206574,0.800624833850712,0.999723251605349,1,"arteriol_scler"
"9201","PIN1","Exc L5 ET",0.00833785684366032,6.44565383335274,0.0195788276097295,0.888925533352451,0.999723251605349,1,"arteriol_scler"
"9202","C19orf66","Exc L5 ET",-0.0517622638730497,5.476651841235,0.802234227644174,0.371999384262244,0.999723251605349,1,"arteriol_scler"
"9203","DNMT1","Exc L5 ET",-0.0240185355077399,4.97400539466692,0.30878384336346,0.730515126138116,0.999723251605349,1,"arteriol_scler"
"9204","MRPL4","Exc L5 ET",-0.0344000598830398,5.43118240987011,0.357748411877973,0.550748230446671,0.999723251605349,1,"arteriol_scler"
"9205","ICAM5","Exc L5 ET",0.106174325040215,4.44687704644963,2.61648411751804,0.108061839070093,0.999723251605349,1,"arteriol_scler"
"9206","ZGLP1","Exc L5 ET",0.0525190378991678,3.83662948631285,0.360750701935722,0.549083304293572,0.999723251605349,1,"arteriol_scler"
"9207","AC011511.1","Exc L5 ET",-0.124135612771425,4.35084731036426,2.24698672078721,0.136178787748922,0.999723251605349,1,"arteriol_scler"
"9208","TYK2","Exc L5 ET",0.0511136198141848,4.23716670714147,0.584805725040976,0.445751807055265,0.999723251605349,1,"arteriol_scler"
"9209","CDC37","Exc L5 ET",0.000880480615292335,6.04521470902731,0.000272655735471935,0.986849752727644,0.999723251605349,1,"arteriol_scler"
"9210","PDE4A","Exc L5 ET",0.0584114732659778,7.08141877143146,4.19237433380529,0.0425196595692219,0.999723251605349,1,"arteriol_scler"
"9211","KEAP1","Exc L5 ET",0.132226719533624,3.9484494187051,3.02267829741147,0.0843573720411017,0.999723251605349,1,"arteriol_scler"
"9212","ATG4D","Exc L5 ET",-0.104456904039353,4.34973029348907,2.40620317939899,0.123165359257271,0.999723251605349,1,"arteriol_scler"
"9213","CDKN2D","Exc L5 ET",0.02775428671201,5.22509757915704,0.130247374941574,0.718732340356397,0.999723251605349,1,"arteriol_scler"
"9214","SLC44A2","Exc L5 ET",0.0222995504967649,4.92585036558393,0.215584226570325,0.658440203511363,0.999723251605349,1,"arteriol_scler"
"9215","ILF3-DT","Exc L5 ET",-0.0499366515846151,4.37351341680083,0.511678618945358,0.475632045654779,0.999723251605349,1,"arteriol_scler"
"9216","ILF3","Exc L5 ET",0.0609181393086889,5.26401766908283,2.88016900380548,0.0919503907648037,0.999723251605349,1,"arteriol_scler"
"9217","QTRT1","Exc L5 ET",-0.0649599564612626,5.68717658872512,2.19934071697764,0.140369705215608,0.999723251605349,1,"arteriol_scler"
"9218","DNM2","Exc L5 ET",0.0597407401281503,5.92614712046191,1.98232854231236,0.161413499213908,0.999723251605349,1,"arteriol_scler"
"9219","CARM1","Exc L5 ET",0.0804183011542882,5.27248095304986,3.72109894136011,0.0557995258876754,0.999723251605349,1,"arteriol_scler"
"9220","YIPF2","Exc L5 ET",-0.0273107335465784,4.43113556747926,0.242892821705196,0.622914585105143,0.999723251605349,1,"arteriol_scler"
"9221","TIMM29","Exc L5 ET",0.0154474425330901,4.100018111656,0.0618687370258774,0.894013636409724,0.999723251605349,1,"arteriol_scler"
"9222","SMARCA4","Exc L5 ET",0.0206264837678877,6.4966233842524,0.329902736392661,0.566659549476681,0.999723251605349,1,"arteriol_scler"
"9223","LDLR","Exc L5 ET",0.05129566145754,4.50470934532759,0.347443822191723,0.556535817723171,0.999723251605349,1,"arteriol_scler"
"9224","RAB3D","Exc L5 ET",-0.0182277893333915,4.49645517095982,0.0959767334848271,0.803696732773021,0.999723251605349,1,"arteriol_scler"
"9225","CCDC159","Exc L5 ET",0.10014545603044,4.27113601211516,2.61183257825358,0.108372749519084,0.999723251605349,1,"arteriol_scler"
"9226","PLPPR2","Exc L5 ET",0.0305193751239364,4.70532568182657,0.234499194832416,0.628981917972759,0.999723251605349,1,"arteriol_scler"
"9227","PRKCSH","Exc L5 ET",-0.0154898833095614,4.78999438890001,0.0729987807922038,0.78742670487875,0.999723251605349,1,"arteriol_scler"
"9228","ELAVL3","Exc L5 ET",0.0594673596080016,7.30551390764603,3.02036698277068,0.0844749007806136,0.999723251605349,1,"arteriol_scler"
"9229","ECSIT","Exc L5 ET",0.0186301220208123,5.4391265114615,0.174146242344308,0.677107010614554,0.999723251605349,1,"arteriol_scler"
"9230","ELOF1","Exc L5 ET",0.0277021708250368,4.47059458098954,0.144454943279341,0.704481141310165,0.999723251605349,1,"arteriol_scler"
"9231","ZNF823","Exc L5 ET",-0.0844453830421135,4.23584366988119,1.59021383184101,0.209441713097429,0.999723251605349,1,"arteriol_scler"
"9232","ZNF441","Exc L5 ET",-0.0522293937525053,4.02880058777603,0.671962185765778,0.413794113515465,0.999723251605349,1,"arteriol_scler"
"9233","ZNF440","Exc L5 ET",-0.0544952632256256,4.54765683840073,1.08856855508815,0.298628647747317,0.999723251605349,1,"arteriol_scler"
"9234","ZNF439","Exc L5 ET",-0.014908636649675,5.64922389942147,0.133058785225246,0.715844662381743,0.999723251605349,1,"arteriol_scler"
"9235","ZNF69","Exc L5 ET",-0.0206936080537526,4.93699968387991,0.124377670030919,0.724876945613557,0.999723251605349,1,"arteriol_scler"
"9236","ZNF136","Exc L5 ET",0.00190040746994104,3.78572837994475,0.000563543909159466,0.981095322517903,0.999723251605349,1,"arteriol_scler"
"9237","ZNF44","Exc L5 ET",-0.0102405067169974,5.58957731648641,0.0568940883032325,0.811830967891737,0.999723251605349,1,"arteriol_scler"
"9238","ZNF490","Exc L5 ET",0.00365170572437347,4.35670545878167,0.00365466936338714,0.951882381315758,0.999723251605349,1,"arteriol_scler"
"9239","ZNF791","Exc L5 ET",0.0657896990705544,5.13530479798926,2.53061087180976,0.113965041614182,0.999723251605349,1,"arteriol_scler"
"9240","MAN2B1","Exc L5 ET",-0.0200379945816602,3.96481784104152,0.0836686770388808,0.772823811178608,0.999723251605349,1,"arteriol_scler"
"9241","WDR83","Exc L5 ET",-0.0840997403336048,4.02741776998558,1.58020777112636,0.210872552547558,0.999723251605349,1,"arteriol_scler"
"9242","DHPS","Exc L5 ET",0.00147563566169497,4.39756424488746,0.00045231980699104,0.983063007144241,0.999723251605349,1,"arteriol_scler"
"9243","TNPO2","Exc L5 ET",-0.0341043784080557,5.7471580135681,0.902881531761554,0.34368577254181,0.999723251605349,1,"arteriol_scler"
"9244","TRIR","Exc L5 ET",0.0319355501247324,4.91346103510703,0.189820863275435,0.663752375224909,0.999723251605349,1,"arteriol_scler"
"9245","ASNA1","Exc L5 ET",0.0291056940060203,4.06824612890306,0.112727481755062,0.737574376988569,0.999723251605349,1,"arteriol_scler"
"9246","HOOK2","Exc L5 ET",-0.0349943737304682,6.98545555215397,0.543203459415365,0.462370170615624,0.999723251605349,1,"arteriol_scler"
"9247","JUNB","Exc L5 ET",0.00391530944331124,3.73745736931207,0.000897754371914214,0.97614058497893,0.999723251605349,1,"arteriol_scler"
"9248","MAST1","Exc L5 ET",-0.0164237209589335,7.35389249658915,0.320764967092428,0.572076167846856,0.999723251605349,1,"arteriol_scler"
"9249","FARSA","Exc L5 ET",0.0492774085507497,4.88937462141277,0.571179536528963,0.451089830378546,0.999723251605349,1,"arteriol_scler"
"9250","CALR","Exc L5 ET",0.00351659314432149,4.82152788721326,0.00193782156565314,0.96495209188024,0.999723251605349,1,"arteriol_scler"
"9251","RAD23A","Exc L5 ET",0.040499655757456,5.50592947132496,0.45665163109263,0.500333652709425,0.999723251605349,1,"arteriol_scler"
"9252","GADD45GIP1","Exc L5 ET",0.0832864279896269,4.12875621871668,0.65121308098578,0.4210799627199,0.999723251605349,1,"arteriol_scler"
"9253","NFIX","Exc L5 ET",0.0183277784314667,7.37980758189791,0.37351951537227,0.542106159291262,0.999723251605349,1,"arteriol_scler"
"9254","TRMT1","Exc L5 ET",-0.0382339947808486,4.61881657344903,0.539573672179584,0.692742328296444,0.999723251605349,1,"arteriol_scler"
"9255","NACC1","Exc L5 ET",-0.0153463356152115,4.20011668280318,0.0580803557243331,0.940198344804877,0.999723251605349,1,"arteriol_scler"
"9256","STX10","Exc L5 ET",-0.0457190123456774,4.29126474051589,0.500332641024568,0.480557131436516,0.999723251605349,1,"arteriol_scler"
"9257","CACNA1A","Exc L5 ET",0.0313976663534163,8.95363780843485,0.794372204113621,0.374346098805233,0.999723251605349,1,"arteriol_scler"
"9258","CCDC130","Exc L5 ET",-0.014314451650733,5.36904635464019,0.148638894265033,0.7004382761284,0.999723251605349,1,"arteriol_scler"
"9259","MRI1","Exc L5 ET",-0.0423444232008311,4.65023392322356,0.600836824690281,0.457188778441845,0.999723251605349,1,"arteriol_scler"
"9260","C19orf53","Exc L5 ET",-0.00242553513945413,4.56687150311263,0.00061921265182736,0.980183760405445,0.999723251605349,1,"arteriol_scler"
"9261","CC2D1A","Exc L5 ET",-0.049401228297527,6.47073256568653,1.61753096530643,0.205594054307466,0.999723251605349,1,"arteriol_scler"
"9262","RFX1","Exc L5 ET",-0.0310025351110173,4.83261898786664,0.450326404367267,0.503311368186878,0.999723251605349,1,"arteriol_scler"
"9263","PRKACA","Exc L5 ET",0.0418001459815041,5.52060987454401,1.03724681734644,0.310260267196534,0.999723251605349,1,"arteriol_scler"
"9264","ADGRL1","Exc L5 ET",0.0451769820259417,6.88986703309401,1.42760920252024,0.234222192305765,0.999723251605349,1,"arteriol_scler"
"9265","PKN1","Exc L5 ET",-0.0884853586703752,4.12137272449726,1.72546791469846,0.191189269243777,0.999723251605349,1,"arteriol_scler"
"9266","GIPC1","Exc L5 ET",-0.0636785736281441,6.1391452549768,1.35773328718059,0.2459582610893,0.999723251605349,1,"arteriol_scler"
"9267","DNAJB1","Exc L5 ET",0.00796009403316953,5.34060973461339,0.0130847201522902,0.909097560553921,0.999723251605349,1,"arteriol_scler"
"9268","TECR","Exc L5 ET",0.110769208137369,5.41000267212396,4.21258846376425,0.0420314238285752,0.999723251605349,1,"arteriol_scler"
"9269","NDUFB7","Exc L5 ET",-0.0241614791336213,4.40048607741997,0.063719150593456,0.801090240855948,0.999723251605349,1,"arteriol_scler"
"9270","ZNF333","Exc L5 ET",-0.0385115088659714,4.58119486681554,0.584564964925066,0.495361997567713,0.999723251605349,1,"arteriol_scler"
"9271","ILVBL","Exc L5 ET",-0.0986045689864943,3.64889701297342,1.23645043925288,0.268106375977075,0.999723251605349,1,"arteriol_scler"
"9272","BRD4","Exc L5 ET",0.0022474230479489,6.54552989775533,0.00574222779198784,0.939706821341717,0.999723251605349,1,"arteriol_scler"
"9273","AKAP8","Exc L5 ET",0.0443748048911326,5.05759129055462,0.994302309566501,0.320453465840592,0.999723251605349,1,"arteriol_scler"
"9274","AKAP8L","Exc L5 ET",-0.0176968346552578,6.78626949736786,0.207617813838449,0.649363338900915,0.999723251605349,1,"arteriol_scler"
"9275","TPM4","Exc L5 ET",0.00158984092876348,5.02829508684934,0.00101207970963874,0.974667383316534,0.999723251605349,1,"arteriol_scler"
"9276","FAM32A","Exc L5 ET",-0.125125296140336,4.00779605836801,2.15689014722083,0.144227189212973,0.999723251605349,1,"arteriol_scler"
"9277","AP1M1","Exc L5 ET",0.110005639434818,5.58024829511489,7.32126409761375,0.00768182518055219,0.999723251605349,1,"arteriol_scler"
"9278","EPS15L1","Exc L5 ET",-0.0379319405359795,6.72164456748761,1.75077204897717,0.187986797769397,0.999723251605349,1,"arteriol_scler"
"9279","TMEM38A","Exc L5 ET",0.0267352646214669,5.80801739450664,0.431145371442852,0.512530395523401,0.999723251605349,1,"arteriol_scler"
"9280","SIN3B","Exc L5 ET",-0.0252222151357344,6.02418964748729,0.438249396588604,0.509082136914982,0.999723251605349,1,"arteriol_scler"
"9281","MYO9B","Exc L5 ET",0.0176487939074882,5.44700548656606,0.122724347489653,0.726637060048893,0.999723251605349,1,"arteriol_scler"
"9282","USE1","Exc L5 ET",-0.0147532112646481,4.08894528566084,0.0363014833525042,0.849176670138081,0.999723251605349,1,"arteriol_scler"
"9283","NR2F6","Exc L5 ET",0.0770054157188628,4.01646788740678,0.904923554990009,0.343142456959236,0.999723251605349,1,"arteriol_scler"
"9284","ABHD8","Exc L5 ET",0.03104304268115,5.62163345208513,0.502932270941057,0.479421304680807,0.999723251605349,1,"arteriol_scler"
"9285","MRPL34","Exc L5 ET",0.0321355344282167,4.98543394683258,0.150303932089173,0.698847581965813,0.999723251605349,1,"arteriol_scler"
"9286","DDA1","Exc L5 ET",-0.0647412541534211,4.68178314951894,0.862773246638394,0.354599678900411,0.999723251605349,1,"arteriol_scler"
"9287","ANO8","Exc L5 ET",-0.0142759096616675,4.94996284296035,0.0737778364296748,0.786323071360915,0.999723251605349,1,"arteriol_scler"
"9288","SLC27A1","Exc L5 ET",0.0632337563337382,5.00514760958751,1.57266105155847,0.211959450181561,0.999723251605349,1,"arteriol_scler"
"9289","AC010618.3","Exc L5 ET",0.0135042468581605,4.39370624685646,0.0488674019463687,0.951549164632078,0.999723251605349,1,"arteriol_scler"
"9290","COLGALT1","Exc L5 ET",0.020031013536962,4.35075181587181,0.14688187792965,0.899630988588127,0.999723251605349,1,"arteriol_scler"
"9291","UNC13A","Exc L5 ET",-0.0337692502326845,6.78798546267824,0.851345242242162,0.357796381618139,0.999723251605349,1,"arteriol_scler"
"9292","MAP1S","Exc L5 ET",0.0965898692461332,4.1756356014507,2.024024996171,0.157104359700293,0.999723251605349,1,"arteriol_scler"
"9293","FCHO1","Exc L5 ET",0.0177015977348178,5.22394503374419,0.147298278458676,0.701726492924484,0.999723251605349,1,"arteriol_scler"
"9294","CCDC124","Exc L5 ET",0.00941966351057144,4.41767635099466,0.0190796377945801,0.89034151098776,0.999723251605349,1,"arteriol_scler"
"9295","KCNN1","Exc L5 ET",0.067502093496055,5.69056370278619,2.52330019444516,0.114483944641013,0.999723251605349,1,"arteriol_scler"
"9296","MAST3","Exc L5 ET",0.0184493632485193,6.40152282798928,0.203433013817144,0.652678030764975,0.999723251605349,1,"arteriol_scler"
"9297","AC007192.2","Exc L5 ET",-0.0852235452048349,3.89495740083433,0.563636832860935,0.454087917571224,0.999723251605349,1,"arteriol_scler"
"9298","RAB3A","Exc L5 ET",0.0463407295950179,6.81368208344857,0.275135643691393,0.600756208858035,0.999723251605349,1,"arteriol_scler"
"9299","JUND","Exc L5 ET",0.0714302289342029,6.42739791055678,1.13005701925605,0.289635923608131,0.999723251605349,1,"arteriol_scler"
"9300","LSM4","Exc L5 ET",-0.0512287593315053,4.91052660595416,0.371677419630933,0.54310252609429,0.999723251605349,1,"arteriol_scler"
"9301","PGPEP1","Exc L5 ET",0.0461500838648102,4.51682859968118,0.532753252195455,0.466699521895361,0.999723251605349,1,"arteriol_scler"
"9302","SSBP4","Exc L5 ET",0.00286440999791109,6.21209315684562,0.00508371705052295,0.943262965271218,0.999723251605349,1,"arteriol_scler"
"9303","ELL","Exc L5 ET",0.0305525950269697,4.38695108969512,0.225269382640847,0.635810632268933,0.999723251605349,1,"arteriol_scler"
"9304","FKBP8","Exc L5 ET",0.0543290965807416,6.44424605679591,0.684418754901814,0.409509917641165,0.999723251605349,1,"arteriol_scler"
"9305","KXD1","Exc L5 ET",0.0232153440345186,4.13518789535453,0.129873557969552,0.719118945636738,0.999723251605349,1,"arteriol_scler"
"9306","UBA52","Exc L5 ET",-0.0206765777036107,4.78126243671707,0.0645288458632346,0.799857399455713,0.999723251605349,1,"arteriol_scler"
"9307","CRLF1","Exc L5 ET",-0.085022552882883,4.57130454366694,0.985925892084488,0.322493051641178,0.999723251605349,1,"arteriol_scler"
"9308","REX1BD","Exc L5 ET",0.00937284897575422,5.85616418629473,0.0242811448478029,0.876401368044229,0.999723251605349,1,"arteriol_scler"
"9309","TMEM59L","Exc L5 ET",0.0571930442035804,7.32109545860722,1.34354245597941,0.248429281699002,0.999723251605349,1,"arteriol_scler"
"9310","CRTC1","Exc L5 ET",-0.00112454554554792,5.94875888217376,0.00070222308726679,0.978897552232485,0.999723251605349,1,"arteriol_scler"
"9311","UPF1","Exc L5 ET",-0.019435746216008,4.44718530430466,0.1020959208157,0.749816183170445,0.999723251605349,1,"arteriol_scler"
"9312","COPE","Exc L5 ET",0.0115325318339543,4.2649024032688,0.017341928140009,0.895423942507016,0.999723251605349,1,"arteriol_scler"
"9313","DDX49","Exc L5 ET",-0.0415080705142045,4.28304749629418,0.456027207778994,0.500626270413441,0.999723251605349,1,"arteriol_scler"
"9314","SUGP2","Exc L5 ET",-0.00290413847194436,7.34730706393666,0.0196007563442117,0.88886375582773,0.999723251605349,1,"arteriol_scler"
"9315","SLC25A42","Exc L5 ET",0.0106027182872617,5.28736391066137,0.0431543969467671,0.835743730151066,0.999723251605349,1,"arteriol_scler"
"9316","TMEM161A","Exc L5 ET",0.00427469303984456,4.6520501412137,0.00679913601653378,0.934403926623457,0.999723251605349,1,"arteriol_scler"
"9317","NCAN","Exc L5 ET",-0.0703792874266448,5.09758625699562,2.04080746051054,0.155407368229689,0.999723251605349,1,"arteriol_scler"
"9318","HAPLN4","Exc L5 ET",0.0655341651812052,6.08394442995082,0.96993918194188,0.326433826930377,0.999723251605349,1,"arteriol_scler"
"9319","SUGP1","Exc L5 ET",-0.0360518758399253,5.00441224491256,0.554684196217906,0.457687448862768,0.999723251605349,1,"arteriol_scler"
"9320","MAU2","Exc L5 ET",-0.00326221194347598,5.49241698717632,0.00734653763100151,0.931820712340737,0.999723251605349,1,"arteriol_scler"
"9321","GATAD2A","Exc L5 ET",-0.00579573771144033,5.15997586450148,0.0149242727907711,0.902947652658684,0.999723251605349,1,"arteriol_scler"
"9322","YJEFN3","Exc L5 ET",0.0807494613213966,4.96026183032186,1.82886317659206,0.178492957431787,0.999723251605349,1,"arteriol_scler"
"9323","PBX4","Exc L5 ET",0.0412618871333274,4.84541398829782,0.339738600904772,0.560939624325733,0.999723251605349,1,"arteriol_scler"
"9324","ATP13A1","Exc L5 ET",0.0963035134152662,4.29475468444306,2.81255174993334,0.0958128378231475,0.999723251605349,1,"arteriol_scler"
"9325","ZNF14","Exc L5 ET",0.0038623885541169,4.15869435464498,0.00339513643250289,0.95362033482491,0.999723251605349,1,"arteriol_scler"
"9326","ZNF253","Exc L5 ET",0.00964676927651064,4.55087772078341,0.0316841850345582,0.905131682858222,0.999723251605349,1,"arteriol_scler"
"9327","ZNF682","Exc L5 ET",-0.0129679551122852,4.20430596289239,0.039051948051362,0.84363908764694,0.999723251605349,1,"arteriol_scler"
"9328","ZNF90","Exc L5 ET",0.0394016124852879,3.9840666880396,0.193072974692275,0.661064460918145,0.999723251605349,1,"arteriol_scler"
"9329","AC011447.3","Exc L5 ET",-0.0865077573003755,4.12706998155036,1.19964375496835,0.275317284189284,0.999723251605349,1,"arteriol_scler"
"9330","ZNF737","Exc L5 ET",-0.080416089772268,4.54625176914212,1.80829001695257,0.18093859837719,0.999723251605349,1,"arteriol_scler"
"9331","ZNF66","Exc L5 ET",0.0403345523568436,4.01674685051651,0.302654675056233,0.583119992406449,0.999723251605349,1,"arteriol_scler"
"9332","ZNF430","Exc L5 ET",0.10237850753112,4.52855924369031,2.65218586810988,0.10570819582438,0.999723251605349,1,"arteriol_scler"
"9333","ZNF714","Exc L5 ET",-0.00210378232763579,5.709786534557,0.0012995483563624,0.971295634036685,0.999723251605349,1,"arteriol_scler"
"9334","ZNF431","Exc L5 ET",0.00948713649740816,4.94953662900999,0.032978560506685,0.856165421810923,0.999723251605349,1,"arteriol_scler"
"9335","ZNF708","Exc L5 ET",-0.071592834697783,5.58470989567322,2.80247641612419,0.0964034901891349,0.999723251605349,1,"arteriol_scler"
"9336","ZNF493","Exc L5 ET",0.0297889025066156,5.34312251357205,0.43610847163809,0.51011707682532,0.999723251605349,1,"arteriol_scler"
"9337","AC010615.4","Exc L5 ET",0.0342673096734185,6.4662824858559,0.469320218396244,0.494459099483076,0.999723251605349,1,"arteriol_scler"
"9338","ZNF429","Exc L5 ET",0.0416321078051351,5.42742543306505,1.05852499199841,0.41421776762978,0.999723251605349,1,"arteriol_scler"
"9339","ZNF100","Exc L5 ET",-0.0900758083735788,4.03005486622996,1.46240851206984,0.228632895901927,0.999723251605349,1,"arteriol_scler"
"9340","ZNF43","Exc L5 ET",-0.0658701620333001,4.45184982308725,0.975786184945046,0.324985123582205,0.999723251605349,1,"arteriol_scler"
"9341","ZNF208","Exc L5 ET",0.0182474865655982,4.59673645405389,0.0156399429359371,0.900659814516668,0.999723251605349,1,"arteriol_scler"
"9342","ZNF91","Exc L5 ET",0.0152262756267438,7.45807416826641,0.323664339482861,0.570346540098115,0.999723251605349,1,"arteriol_scler"
"9343","ZNF675","Exc L5 ET",0.016651597651666,6.3974586328319,0.121379463976811,0.728078662827813,0.999723251605349,1,"arteriol_scler"
"9344","ZNF254","Exc L5 ET",-0.0351266173711231,6.01372700224158,0.839121597347998,0.361259928919348,0.999723251605349,1,"arteriol_scler"
"9345","LINC00662","Exc L5 ET",-0.0194677033215962,6.29759836347318,0.345440171448052,0.557674600292993,0.999723251605349,1,"arteriol_scler"
"9346","AC006504.5","Exc L5 ET",-0.04759771799792,6.86634396526873,1.12229326829958,0.291291928300272,0.999723251605349,1,"arteriol_scler"
"9347","AC006504.2","Exc L5 ET",-0.213626629704938,3.73421775925804,3.69316235972219,0.0567150950948216,0.999723251605349,1,"arteriol_scler"
"9348","UQCRFS1","Exc L5 ET",0.00361430472347278,5.35237189208734,0.00226762960913267,0.962088826390654,0.999723251605349,1,"arteriol_scler"
"9349","VSTM2B","Exc L5 ET",-0.0642105827254577,5.13203959382814,1.30278536009538,0.255698936445272,0.999723251605349,1,"arteriol_scler"
"9350","POP4","Exc L5 ET",0.187450630196619,3.71939162141799,4.6619410103548,0.0325822570249409,0.999723251605349,1,"arteriol_scler"
"9351","C19orf12","Exc L5 ET",0.0042201451796573,5.48630998072993,0.0124693630947249,0.911251659385282,0.999723251605349,1,"arteriol_scler"
"9352","URI1","Exc L5 ET",-0.0637477035269376,6.60957494165196,3.77023728644597,0.0542273562712203,0.999723251605349,1,"arteriol_scler"
"9353","TSHZ3","Exc L5 ET",-0.00863974667012289,6.64685653611618,0.0460549993498502,0.830395395617642,0.999723251605349,1,"arteriol_scler"
"9354","AC025809.1","Exc L5 ET",-0.020124178201117,6.13892221290916,0.132850274919514,0.716057635537288,0.999723251605349,1,"arteriol_scler"
"9355","LINC01837","Exc L5 ET",-0.0819902024488304,4.57443768732485,0.343203586714077,0.558951038593859,0.999723251605349,1,"arteriol_scler"
"9356","ZNF507","Exc L5 ET",0.0600488695107982,5.44840538334915,2.33607470484715,0.128716450980314,0.999723251605349,1,"arteriol_scler"
"9357","DPY19L3","Exc L5 ET",0.0133742694891952,5.34385887039782,0.0577574239760008,0.810435923637364,0.999723251605349,1,"arteriol_scler"
"9358","PDCD5","Exc L5 ET",-0.120215447307494,4.96810248180428,3.94355743129543,0.0490499573043979,0.999723251605349,1,"arteriol_scler"
"9359","ANKRD27","Exc L5 ET",-0.0259996583714004,5.25461487499164,0.371462482799576,0.786389230094306,0.999723251605349,1,"arteriol_scler"
"9360","CEP89","Exc L5 ET",-0.0132638081104985,5.26770575705616,0.0903543639632664,0.764183431339959,0.999723251605349,1,"arteriol_scler"
"9361","GPATCH1","Exc L5 ET",0.0130035299016656,3.99154565297093,0.0383557992728198,0.964800060866065,0.999723251605349,1,"arteriol_scler"
"9362","LRP3","Exc L5 ET",-0.0212591265045779,5.07712253145721,0.237334286348698,0.626917736749375,0.999723251605349,1,"arteriol_scler"
"9363","CEBPG","Exc L5 ET",-0.0589977269927312,4.41529940309076,0.856044647663357,0.356477042312479,0.999723251605349,1,"arteriol_scler"
"9364","PEPD","Exc L5 ET",-0.0755221086066075,5.76984388356563,3.80302435511356,0.0532047951415066,0.999723251605349,1,"arteriol_scler"
"9365","CHST8","Exc L5 ET",-0.0274795630442369,7.03543282746378,0.614294636269371,0.434530156973048,0.999723251605349,1,"arteriol_scler"
"9366","LSM14A","Exc L5 ET",0.00531154423889451,6.40752273811429,0.0281798220237815,0.86693464981653,0.999723251605349,1,"arteriol_scler"
"9367","KIAA0355","Exc L5 ET",0.00211785995424282,5.54503721246791,0.00304202070411936,0.965981326148968,0.999723251605349,1,"arteriol_scler"
"9368","GPI","Exc L5 ET",0.0175742830162062,7.1799733052493,0.261422000563282,0.60996906947163,0.999723251605349,1,"arteriol_scler"
"9369","UBA2","Exc L5 ET",-0.000417284476375397,5.98258280774909,0.000214819014575964,0.98832741145166,0.999723251605349,1,"arteriol_scler"
"9370","SCGB2B2","Exc L5 ET",0.0524515792304107,5.87411407622111,1.37771835834583,0.242529424343097,0.999723251605349,1,"arteriol_scler"
"9371","ZNF302","Exc L5 ET",-0.0562072639866065,6.24903262932742,1.17321974652706,0.280645899438058,0.999723251605349,1,"arteriol_scler"
"9372","ZNF30","Exc L5 ET",-0.00972239472538885,4.07679029295132,0.0174234218687108,0.895179947622064,0.999723251605349,1,"arteriol_scler"
"9373","GRAMD1A","Exc L5 ET",0.0154636244514636,4.5331271720671,0.0673722301945789,0.795592123959242,0.999723251605349,1,"arteriol_scler"
"9374","SCN1B","Exc L5 ET",0.038112780626145,7.01890944459114,0.380783307294003,0.538209916022016,0.999723251605349,1,"arteriol_scler"
"9375","LGI4","Exc L5 ET",0.0475101063247686,5.65246146810223,1.07373220025712,0.301931968542834,0.999723251605349,1,"arteriol_scler"
"9376","FXYD7","Exc L5 ET",0.0275691896087379,6.07356829107667,0.32897778589851,0.567203267170256,0.999723251605349,1,"arteriol_scler"
"9377","USF2","Exc L5 ET",0.10107429375106,5.16527481674589,4.09592344888724,0.0449338006888683,0.999723251605349,1,"arteriol_scler"
"9378","TMEM147","Exc L5 ET",-0.011265883089748,3.97449883765341,0.0121696356787986,0.912320369566812,0.999723251605349,1,"arteriol_scler"
"9379","COX6B1","Exc L5 ET",-0.0708476867171861,5.63715187059987,0.706872633647487,0.401950980669187,0.999723251605349,1,"arteriol_scler"
"9380","KMT2B","Exc L5 ET",0.00519332825105645,4.67986390022486,0.0109486722763848,0.948194215169417,0.999723251605349,1,"arteriol_scler"
"9381","ARHGAP33","Exc L5 ET",-0.000310008642806339,4.40418425969763,4.08318577043162e-05,0.994910875539273,0.999723251605349,1,"arteriol_scler"
"9382","APLP1","Exc L5 ET",0.0736636705726134,6.58228152814522,1.45007480189607,0.230595122767401,0.999723251605349,1,"arteriol_scler"
"9383","ALKBH6","Exc L5 ET",-0.0214377833534716,4.54551362966959,0.105761774512764,0.745518667213116,0.999723251605349,1,"arteriol_scler"
"9384","CLIP3","Exc L5 ET",0.0700383240367713,5.58771378675555,1.67769358621141,0.197412546942348,0.999723251605349,1,"arteriol_scler"
"9385","TBCB","Exc L5 ET",0.0310373568434991,4.99113919074704,0.151743673909245,0.697480281738035,0.999723251605349,1,"arteriol_scler"
"9386","CAPNS1","Exc L5 ET",0.0659306874543685,5.49171198424392,0.903842017660245,0.343430073068891,0.999723251605349,1,"arteriol_scler"
"9387","COX7A1","Exc L5 ET",0.0989351857101094,4.07390265189846,0.839791004259297,0.361069053201038,0.999723251605349,1,"arteriol_scler"
"9388","ZNF565","Exc L5 ET",-0.0959823718446932,5.64109053598242,2.75314250988473,0.0993541371216821,0.999723251605349,1,"arteriol_scler"
"9389","ZNF146","Exc L5 ET",-0.0348014682254731,5.38287328141504,0.73232848979285,0.393625723283737,0.999723251605349,1,"arteriol_scler"
"9390","LINC00665","Exc L5 ET",-0.0738859971802124,4.58290953506795,1.44848354357263,0.230849771333214,0.999723251605349,1,"arteriol_scler"
"9391","ZFP14","Exc L5 ET",0.0187140232960063,5.6582234163119,0.18101414409421,0.671171630713897,0.999723251605349,1,"arteriol_scler"
"9392","ZFP82","Exc L5 ET",-0.012882597357645,4.82529111461786,0.0763310917154577,0.782749302207967,0.999723251605349,1,"arteriol_scler"
"9393","ZNF566","Exc L5 ET",0.0226200715950911,5.00221364817278,0.298964975444303,0.865868766002567,0.999723251605349,1,"arteriol_scler"
"9394","ZNF260","Exc L5 ET",0.00681882834555252,4.51331653890162,0.0145310669264775,0.90422838373118,0.999723251605349,1,"arteriol_scler"
"9395","ZNF529","Exc L5 ET",-0.0282083352815478,5.5923430988241,0.46179575901818,0.497934053971854,0.999723251605349,1,"arteriol_scler"
"9396","ZNF529-AS1","Exc L5 ET",-0.0254157318683572,4.4764468363501,0.221344360829414,0.638766651990349,0.999723251605349,1,"arteriol_scler"
"9397","ZNF382","Exc L5 ET",-0.0564309769393561,5.4593972262561,1.83544592739243,0.177718588655629,0.999723251605349,1,"arteriol_scler"
"9398","ZNF461","Exc L5 ET",-0.000213630383125469,4.18771862157838,6.37182779103621e-06,0.997989620579022,0.999723251605349,1,"arteriol_scler"
"9399","ZNF567","Exc L5 ET",-0.0150416040859199,4.13351549133195,0.0713860476413803,0.854161748747192,0.999723251605349,1,"arteriol_scler"
"9400","AC020928.1","Exc L5 ET",-0.0351789169139431,4.21933970395134,0.277666561236176,0.599088084099685,0.999723251605349,1,"arteriol_scler"
"9401","ZNF790","Exc L5 ET",-0.0169164390862517,4.26048031562,0.0633325839490728,0.801681767097833,0.999723251605349,1,"arteriol_scler"
"9402","ZNF345","Exc L5 ET",0.0668057835219105,4.75110163770284,1.17589756188746,0.280099965531016,0.999723251605349,1,"arteriol_scler"
"9403","ZNF568","Exc L5 ET",0.0444013319872896,4.85178545703475,0.766274181886284,0.410665981564645,0.999723251605349,1,"arteriol_scler"
"9404","ZNF420","Exc L5 ET",-0.032597773870489,5.38373796979001,0.494900048074998,0.482945109153262,0.999723251605349,1,"arteriol_scler"
"9405","ZNF383","Exc L5 ET",0.018394673748685,4.21571725017035,0.0860450806155282,0.783040884335942,0.999723251605349,1,"arteriol_scler"
"9406","LINC01535","Exc L5 ET",0.00450780221417882,4.21586471866399,0.00375073061000439,0.951254894361401,0.999723251605349,1,"arteriol_scler"
"9407","HKR1","Exc L5 ET",0.01199204779003,5.89399115300831,0.148645653848098,0.705879376579436,0.999723251605349,1,"arteriol_scler"
"9408","ZNF569","Exc L5 ET",-0.0250344817100565,4.31228149488475,0.158654899654768,0.691018854487349,0.999723251605349,1,"arteriol_scler"
"9409","ZNF793","Exc L5 ET",-0.0759569527872779,4.61723455801026,1.67837090029303,0.197322660184805,0.999723251605349,1,"arteriol_scler"
"9410","ZNF540","Exc L5 ET",-0.0412817856890083,5.43644722790979,1.01295710805732,0.315972180055648,0.999723251605349,1,"arteriol_scler"
"9411","ZFP30","Exc L5 ET",-0.0232791058725321,4.96045529373828,0.262291174607048,0.60937618598443,0.999723251605349,1,"arteriol_scler"
"9412","ZNF573","Exc L5 ET",0.000284592218733965,5.18132562593746,5.05508203641469e-05,0.994337517172628,0.999723251605349,1,"arteriol_scler"
"9413","SIPA1L3","Exc L5 ET",0.0323631782745787,6.77766336846054,0.683230035371636,0.409915912269924,0.999723251605349,1,"arteriol_scler"
"9414","DPF1","Exc L5 ET",0.0711033073353512,5.97843976766507,3.2299292608131,0.0745096331011308,0.999723251605349,1,"arteriol_scler"
"9415","YIF1B","Exc L5 ET",-0.0571838564033842,4.19840940411173,0.787096434004513,0.431991535401533,0.999723251605349,1,"arteriol_scler"
"9416","CATSPERG","Exc L5 ET",0.0152472107188505,3.9688864584782,0.0286563475299867,0.865824980046725,0.999723251605349,1,"arteriol_scler"
"9417","PSMD8","Exc L5 ET",0.0570805638820536,5.04792128541339,0.696293638289606,0.405486540111013,0.999723251605349,1,"arteriol_scler"
"9418","SPRED3","Exc L5 ET",-0.108271473160089,3.85178917174956,1.05763068641669,0.305570933967928,0.999723251605349,1,"arteriol_scler"
"9419","FAM98C","Exc L5 ET",-0.0638965227610049,4.07796515802217,1.32556006607364,0.251604727033299,0.999723251605349,1,"arteriol_scler"
"9420","RYR1","Exc L5 ET",0.0449159185107052,4.17995471602346,0.367141187359524,0.545570649460966,0.999723251605349,1,"arteriol_scler"
"9421","EIF3K","Exc L5 ET",-0.0734715890211501,5.72358186566545,3.30435806848058,0.0712842388228899,0.999723251605349,1,"arteriol_scler"
"9422","ACTN4","Exc L5 ET",-0.035748768943983,6.59305529577747,1.21213882312036,0.27284219923193,0.999723251605349,1,"arteriol_scler"
"9423","ECH1","Exc L5 ET",0.10721864181681,4.00919452782521,1.33983136114656,0.249080534732617,0.999723251605349,1,"arteriol_scler"
"9424","HNRNPL","Exc L5 ET",0.0372677715114878,5.84544006797213,0.939456274010487,0.334128086365052,0.999723251605349,1,"arteriol_scler"
"9425","SIRT2","Exc L5 ET",-0.079557468638814,6.34725538683217,5.10542110614686,0.0254318376536325,0.999723251605349,1,"arteriol_scler"
"9426","MRPS12","Exc L5 ET",0.100595764725901,3.79902676834516,1.21345566297567,0.272582993987913,0.999723251605349,1,"arteriol_scler"
"9427","FBXO17","Exc L5 ET",0.148262652099237,4.83571254671898,4.89456687242487,0.0285995740937915,0.999723251605349,1,"arteriol_scler"
"9428","FBXO27","Exc L5 ET",0.0762697705148162,4.8848551813603,2.56826384497343,0.133241348692463,0.999723251605349,1,"arteriol_scler"
"9429","LRFN1","Exc L5 ET",0.0684949915396864,3.87331878007176,0.703178127729108,0.403180552073606,0.999723251605349,1,"arteriol_scler"
"9430","SAMD4B","Exc L5 ET",-0.00958666491042363,5.80139335221399,0.0646883702766591,0.799615480586401,0.999723251605349,1,"arteriol_scler"
"9431","MED29","Exc L5 ET",0.0536905691109515,4.44037389464477,0.500771083410665,0.480365257329477,0.999723251605349,1,"arteriol_scler"
"9432","RPS16","Exc L5 ET",-0.0543813306194559,4.29897039968953,0.346946574628897,0.556818016408934,0.999723251605349,1,"arteriol_scler"
"9433","SUPT5H","Exc L5 ET",0.0224576729530463,5.33404542490741,0.298343230405506,0.585812543019201,0.999723251605349,1,"arteriol_scler"
"9434","TIMM50","Exc L5 ET",-0.0424903501347812,4.57395722238119,0.514815102490529,0.474285123888663,0.999723251605349,1,"arteriol_scler"
"9435","EID2B","Exc L5 ET",0.0570712331082733,4.3752083600403,0.781694353510517,0.37817452654535,0.999723251605349,1,"arteriol_scler"
"9436","EID2","Exc L5 ET",0.105248293736796,3.96579096794713,1.50194527701658,0.222477806847271,0.999723251605349,1,"arteriol_scler"
"9437","PSMC4","Exc L5 ET",-0.0298557061065081,4.28029049659484,0.140757611165329,0.708109991419116,0.999723251605349,1,"arteriol_scler"
"9438","ZNF546","Exc L5 ET",-0.0688095465559164,4.18771955439583,1.38189921975925,0.241819563489463,0.999723251605349,1,"arteriol_scler"
"9439","ZNF780B","Exc L5 ET",-0.00629464542637983,6.50806808204463,0.0276326906496391,0.868220703784217,0.999723251605349,1,"arteriol_scler"
"9440","MAP3K10","Exc L5 ET",-0.011559218996088,5.27855009257972,0.0668737361328903,0.796332859402346,0.999723251605349,1,"arteriol_scler"
"9441","TTC9B","Exc L5 ET",0.181651922414004,3.97002812015165,3.71488871129078,0.0560016746369313,0.999723251605349,1,"arteriol_scler"
"9442","AKT2","Exc L5 ET",0.0357573687273781,5.38308604471478,0.650477952080445,0.42134161003806,0.999723251605349,1,"arteriol_scler"
"9443","PLD3","Exc L5 ET",0.0335333681743136,7.67020251995878,1.18820226462007,0.27760865094205,0.999723251605349,1,"arteriol_scler"
"9444","HIPK4","Exc L5 ET",-0.154778009223693,3.83244054868314,2.07604200077947,0.151912443941064,0.999723251605349,1,"arteriol_scler"
"9445","BLVRB","Exc L5 ET",0.0574761317854062,4.0716683733052,0.673831610619404,0.413146932956971,0.999723251605349,1,"arteriol_scler"
"9446","SPTBN4","Exc L5 ET",0.0257042112229627,8.76771053516413,0.690004908604279,0.407609955780095,0.999723251605349,1,"arteriol_scler"
"9447","LTBP4","Exc L5 ET",-0.0317239427999367,5.39505429358284,0.473559484437609,0.492519318590133,0.999723251605349,1,"arteriol_scler"
"9448","NUMBL","Exc L5 ET",-0.0206366109845656,4.99715016811076,0.193612639337793,0.66062104049681,0.999723251605349,1,"arteriol_scler"
"9449","COQ8B","Exc L5 ET",-0.0501308131173807,4.47741687884583,0.666259780761405,0.415777585953135,0.999723251605349,1,"arteriol_scler"
"9450","ITPKC","Exc L5 ET",0.0650867448053366,4.04861314953658,0.957358616922753,0.329580252199046,0.999723251605349,1,"arteriol_scler"
"9451","AC008537.1","Exc L5 ET",0.0232885863425046,5.57905291966824,0.101464220276412,0.750565287643978,0.999723251605349,1,"arteriol_scler"
"9452","HNRNPUL1","Exc L5 ET",-0.0133204441139312,4.69806809948116,0.0603200372624208,0.806358867857129,0.999723251605349,1,"arteriol_scler"
"9453","DMAC2","Exc L5 ET",0.0485230229021665,4.39787870260018,0.65657051834219,0.419180485224993,0.999723251605349,1,"arteriol_scler"
"9454","RPS19","Exc L5 ET",-0.102217136085682,5.17139085093889,1.52383119911607,0.219156711481953,0.999723251605349,1,"arteriol_scler"
"9455","ARHGEF1","Exc L5 ET",0.025522718689554,4.19733177342178,0.139520394429552,0.709336431649898,0.999723251605349,1,"arteriol_scler"
"9456","RABAC1","Exc L5 ET",0.00619502578218954,5.16191096531613,0.00422950666901399,0.948241337208915,0.999723251605349,1,"arteriol_scler"
"9457","GRIK5","Exc L5 ET",0.0358051927880748,6.35261671735911,0.758771645169533,0.385239133121019,0.999723251605349,1,"arteriol_scler"
"9458","POU2F2","Exc L5 ET",0.0112533609931519,5.48107190618362,0.0563361732389146,0.812738451037783,0.999723251605349,1,"arteriol_scler"
"9459","GSK3A","Exc L5 ET",0.0282471732442155,5.11409773069008,0.172109092383533,0.678893964405174,0.999723251605349,1,"arteriol_scler"
"9460","CIC","Exc L5 ET",0.0261906688532268,4.00460081865996,0.13779639026926,0.711055804308406,0.999723251605349,1,"arteriol_scler"
"9461","TMEM145","Exc L5 ET",0.0225549150459628,4.79319948946578,0.139797595950966,0.709061107030237,0.999723251605349,1,"arteriol_scler"
"9462","MEGF8","Exc L5 ET",-0.00697087677004306,5.699813953911,0.027804514191667,0.867815427099361,0.999723251605349,1,"arteriol_scler"
"9463","LIPE-AS1","Exc L5 ET",-0.0262012429075676,5.63006361959585,0.256686523131479,0.6132212886496,0.999723251605349,1,"arteriol_scler"
"9464","AC004784.1","Exc L5 ET",-0.0377478471169916,4.68544641849192,0.204807771717011,0.651584614985332,0.999723251605349,1,"arteriol_scler"
"9465","PHLDB3","Exc L5 ET",-0.0632467958279133,4.0645133017401,0.968232109791731,0.326858409518337,0.999723251605349,1,"arteriol_scler"
"9466","ZNF428","Exc L5 ET",-0.0601590249740863,4.86541802333634,0.703249783848693,0.403156651799022,0.999723251605349,1,"arteriol_scler"
"9467","CADM4","Exc L5 ET",-0.042065950905749,4.26719058275277,0.39257871469992,0.531991090004745,0.999723251605349,1,"arteriol_scler"
"9468","SMG9","Exc L5 ET",-0.0138216973789819,5.04798335602903,0.105993510951264,0.780113342520711,0.999723251605349,1,"arteriol_scler"
"9469","LYPD5","Exc L5 ET",-0.0253604475421774,4.19862481356908,0.122375107495439,0.727010560006025,0.999723251605349,1,"arteriol_scler"
"9470","ZNF283","Exc L5 ET",0.0668852547254597,4.13028817942085,1.21596260038681,0.27209039009122,0.999723251605349,1,"arteriol_scler"
"9471","ZNF155","Exc L5 ET",0.0310726360743522,4.84814329882341,0.322064873933765,0.571299430973701,0.999723251605349,1,"arteriol_scler"
"9472","ZNF224","Exc L5 ET",0.0145033616308727,5.36722802150461,0.100882936506068,0.751256879134262,0.999723251605349,1,"arteriol_scler"
"9473","ZNF226","Exc L5 ET",0.063590469028765,4.42696387815872,1.1370868702161,0.288146872637599,0.999723251605349,1,"arteriol_scler"
"9474","ZNF227","Exc L5 ET",0.0221075437905662,4.04808222223382,0.147279386309013,0.701744694674455,0.999723251605349,1,"arteriol_scler"
"9475","ZNF235","Exc L5 ET",-0.00856552555787306,5.67141025414505,0.0402032138227712,0.84138153232385,0.999723251605349,1,"arteriol_scler"
"9476","CEACAM19","Exc L5 ET",0.0243433785388243,4.24365791322138,0.15344394633884,0.695875154403718,0.999723251605349,1,"arteriol_scler"
"9477","TOMM40","Exc L5 ET",-0.0122287215613613,4.99159479203792,0.0543970732692321,0.815930002223218,0.999723251605349,1,"arteriol_scler"
"9478","CLPTM1","Exc L5 ET",0.0622719865890378,6.0053648733418,2.19641682783663,0.14063161070621,0.999723251605349,1,"arteriol_scler"
"9479","CLASRP","Exc L5 ET",-0.0341319561818034,5.87210676392831,0.71178321362665,0.400325157875026,0.999723251605349,1,"arteriol_scler"
"9480","MARK4","Exc L5 ET",-0.0131616207651495,6.65117211457526,0.122535736825646,0.72683869830249,0.999723251605349,1,"arteriol_scler"
"9481","ERCC1","Exc L5 ET",0.0247053815614734,5.21328204802355,0.372966520572035,0.542404911958077,0.999723251605349,1,"arteriol_scler"
"9482","RTN2","Exc L5 ET",0.0115530554977896,5.25138227041219,0.0578254757614304,0.810326430746472,0.999723251605349,1,"arteriol_scler"
"9483","OPA3","Exc L5 ET",-0.0140525925035095,4.56582039774272,0.0638688180008474,0.800861731889339,0.999723251605349,1,"arteriol_scler"
"9484","EML2","Exc L5 ET",-0.0095420070792332,6.38368018557477,0.0640033269342211,0.800656609557249,0.999723251605349,1,"arteriol_scler"
"9485","SNRPD2","Exc L5 ET",0.0161507093267595,4.49711387837575,0.0346716507813524,0.852561179219228,0.999723251605349,1,"arteriol_scler"
"9486","QPCTL","Exc L5 ET",-0.0567844115854094,3.82342194640035,0.493722787223642,0.483465178084778,0.999723251605349,1,"arteriol_scler"
"9487","DMPK","Exc L5 ET",-0.00934855260173418,4.9167607873009,0.0300899410132037,0.862542696937684,0.999723251605349,1,"arteriol_scler"
"9488","SYMPK","Exc L5 ET",-0.0221711384289479,5.61895069989728,0.380688932402014,0.564292832847088,0.999723251605349,1,"arteriol_scler"
"9489","MYPOP","Exc L5 ET",0.0512279963444598,4.37924150059838,0.871757898359913,0.352114015893362,0.999723251605349,1,"arteriol_scler"
"9490","NOVA2","Exc L5 ET",0.0361660642982775,5.99495402561751,0.788543701461111,0.376099335550182,0.999723251605349,1,"arteriol_scler"
"9491","IGFL4","Exc L5 ET",0.0243926429270624,5.85530296712373,0.304018685906813,0.582273358891787,0.999723251605349,1,"arteriol_scler"
"9492","AC007785.1","Exc L5 ET",0.0434320951168273,4.9532108922144,0.495653815104264,0.482612609557864,0.999723251605349,1,"arteriol_scler"
"9493","PPP5C","Exc L5 ET",0.00346221872538105,5.53336472398481,0.0076756250424538,0.930314244644037,0.999723251605349,1,"arteriol_scler"
"9494","PNMA8C","Exc L5 ET",0.041974429251879,4.67537019517872,0.396904540884676,0.529743008903401,0.999723251605349,1,"arteriol_scler"
"9495","PNMA8A","Exc L5 ET",0.0509846239540101,5.21522717031761,0.452375698696387,0.502343312235165,0.999723251605349,1,"arteriol_scler"
"9496","PPP5D1","Exc L5 ET",-0.0720626148718471,4.12026075088687,1.06150787103186,0.304689484841273,0.999723251605349,1,"arteriol_scler"
"9497","CALM3","Exc L5 ET",-0.0200686140218079,8.29756235629839,0.0721869077145261,0.788583576475693,0.999723251605349,1,"arteriol_scler"
"9498","DACT3","Exc L5 ET",0.0706359013381932,4.69900010267723,1.78762508756503,0.183434647265967,0.999723251605349,1,"arteriol_scler"
"9499","STRN4","Exc L5 ET",-0.00695459197734987,4.56132642057804,0.0204098322640029,0.886608580747822,0.999723251605349,1,"arteriol_scler"
"9500","FKRP","Exc L5 ET",0.0308879625708466,4.25038705981495,0.281575141628061,0.798961521168822,0.999723251605349,1,"arteriol_scler"
"9501","AP2S1","Exc L5 ET",-0.0123575291584342,5.42303705605032,0.0293768846151367,0.864164966181553,0.999723251605349,1,"arteriol_scler"
"9502","ARHGAP35","Exc L5 ET",0.04829589319983,6.5663793968407,2.31322381699879,0.130585571443086,0.999723251605349,1,"arteriol_scler"
"9503","TMEM160","Exc L5 ET",-0.00706269550509536,5.58981937524278,0.00734539123741163,0.931826018973703,0.999723251605349,1,"arteriol_scler"
"9504","ZC3H4","Exc L5 ET",-0.0281353808616822,4.21189456579964,0.236621321213566,0.62743539212105,0.999723251605349,1,"arteriol_scler"
"9505","SAE1","Exc L5 ET",0.00392454176507255,5.20631575338603,0.00824296661484703,0.927791622482525,0.999723251605349,1,"arteriol_scler"
"9506","INAFM1","Exc L5 ET",0.0286585730631826,3.79528262992287,0.104496739315557,0.746992244268273,0.999723251605349,1,"arteriol_scler"
"9507","DHX34","Exc L5 ET",0.0520832871946178,4.53539012136557,0.796608145655344,0.37367658038516,0.999723251605349,1,"arteriol_scler"
"9508","MEIS3","Exc L5 ET",0.199549702580031,3.97962329337702,3.03580269360455,0.0836933840357924,0.999723251605349,1,"arteriol_scler"
"9509","SLC8A2","Exc L5 ET",0.0231203813788722,5.01273403914827,0.164012617009506,0.686121270141896,0.999723251605349,1,"arteriol_scler"
"9510","NAPA","Exc L5 ET",0.0757918832363448,5.94741214065903,2.16908787291424,0.143106588821058,0.999723251605349,1,"arteriol_scler"
"9511","SELENOW","Exc L5 ET",-0.0200650203664583,7.45270340467668,0.0680558197897054,0.794581088616533,0.999723251605349,1,"arteriol_scler"
"9512","PLA2G4C","Exc L5 ET",-0.0597844619837208,5.92311946850763,1.50317975062265,0.222288872213647,0.999723251605349,1,"arteriol_scler"
"9513","LIG1","Exc L5 ET",0.0198608071659847,4.79587869816686,0.121354923110417,0.728105051668207,0.999723251605349,1,"arteriol_scler"
"9514","ZSWIM9","Exc L5 ET",0.175707530865267,3.92145367458247,6.11150911513907,0.0146572186677952,0.999723251605349,1,"arteriol_scler"
"9515","TMEM143","Exc L5 ET",0.0432445256903468,4.37699945980415,0.464760729922228,0.496559844232294,0.999723251605349,1,"arteriol_scler"
"9516","KDELR1","Exc L5 ET",0.0304233705458948,4.40678046451824,0.230446649278566,0.631959449503101,0.999723251605349,1,"arteriol_scler"
"9517","LMTK3","Exc L5 ET",0.0332258526613447,6.15886435607761,0.625803614629701,0.430268016523457,0.999723251605349,1,"arteriol_scler"
"9518","RPL18","Exc L5 ET",-0.0629814834115631,5.04885302106913,0.576585785908678,0.448960037077862,0.999723251605349,1,"arteriol_scler"
"9519","SPHK2","Exc L5 ET",-0.0702210257266975,4.63558595335533,1.59540885590617,0.208703414372133,0.999723251605349,1,"arteriol_scler"
"9520","DBP","Exc L5 ET",-0.0594436913676944,3.88905885969934,0.478188454296522,0.490415795680213,0.999723251605349,1,"arteriol_scler"
"9521","CA11","Exc L5 ET",-0.025380564831078,5.75661126915497,0.282015555504867,0.596244243651344,0.999723251605349,1,"arteriol_scler"
"9522","BCAT2","Exc L5 ET",-0.0171586695312506,4.46385309668648,0.0961674783976874,0.75695008452024,0.999723251605349,1,"arteriol_scler"
"9523","NUCB1","Exc L5 ET",0.0220066968360323,5.17141081614888,0.166366739265441,0.683998777179617,0.999723251605349,1,"arteriol_scler"
"9524","BAX","Exc L5 ET",-0.0396054403365454,3.78595614723842,0.207728407966279,0.649276289135255,0.999723251605349,1,"arteriol_scler"
"9525","FTL","Exc L5 ET",0.000118365682065723,6.49738115625136,3.0038298302033e-06,0.998619666832532,0.999723251605349,1,"arteriol_scler"
"9526","GYS1","Exc L5 ET",0.00213389784603029,5.46370613836004,0.00194264291518864,0.964908547317407,0.999723251605349,1,"arteriol_scler"
"9527","RUVBL2","Exc L5 ET",0.033727305182078,4.20166898806241,0.233558733597383,0.629670057299734,0.999723251605349,1,"arteriol_scler"
"9528","SNRNP70","Exc L5 ET",-0.0265989966163726,7.06641164356844,0.910681118574862,0.341616828180822,0.999723251605349,1,"arteriol_scler"
"9529","LIN7B","Exc L5 ET",-0.051776135627195,4.53058224909758,0.48415694044566,0.487725693796295,0.999723251605349,1,"arteriol_scler"
"9530","PPFIA3","Exc L5 ET",-0.00912811656765552,5.67542247373832,0.0676878368601787,0.795124661240857,0.999723251605349,1,"arteriol_scler"
"9531","TRPM4","Exc L5 ET",-0.0143948721443677,4.05422019806664,0.0396016304397642,0.842556941548918,0.999723251605349,1,"arteriol_scler"
"9532","SLC17A7","Exc L5 ET",0.0618746023101846,7.33859209883812,2.20494836786736,0.139868949883945,0.999723251605349,1,"arteriol_scler"
"9533","PIH1D1","Exc L5 ET",-0.12987193017428,4.39995449720795,3.67628597214859,0.0572759908536163,0.999723251605349,1,"arteriol_scler"
"9534","RPL13A","Exc L5 ET",-0.0659351767195108,4.96276200743015,0.417149212574329,0.519444800044813,0.999723251605349,1,"arteriol_scler"
"9535","RPS11","Exc L5 ET",-0.0636880376005142,4.51426061392768,0.57984576332031,0.447683370247382,0.999723251605349,1,"arteriol_scler"
"9536","NOSIP","Exc L5 ET",-0.118359766658614,4.37145264299498,5.41584477734491,0.0510615233342526,0.999723251605349,1,"arteriol_scler"
"9537","PRR12","Exc L5 ET",0.0458096209633575,4.23790169775585,0.517316175509385,0.473215522677317,0.999723251605349,1,"arteriol_scler"
"9538","SCAF1","Exc L5 ET",0.034189625474895,4.44691303510749,0.241458629553722,0.623941971345889,0.999723251605349,1,"arteriol_scler"
"9539","IRF3","Exc L5 ET",-0.0192887468808663,3.67247993494709,0.0494101987337141,0.824424250525928,0.999723251605349,1,"arteriol_scler"
"9540","PRMT1","Exc L5 ET",-0.0202567344857429,4.90896418786003,0.0993263812865672,0.753119691261257,0.999723251605349,1,"arteriol_scler"
"9541","CPT1C","Exc L5 ET",0.0360863502046554,6.12574336909609,0.969171698093531,0.326624624219872,0.999723251605349,1,"arteriol_scler"
"9542","AP2A1","Exc L5 ET",0.0375748952732996,5.84987239915568,0.90033701528106,0.344364423976972,0.999723251605349,1,"arteriol_scler"
"9543","MED25","Exc L5 ET",0.0317803071029806,4.70247005699105,0.399921571897105,0.59417834237977,0.999723251605349,1,"arteriol_scler"
"9544","PTOV1","Exc L5 ET",0.0401871560650497,4.9377681682208,0.402445547735717,0.526888312932665,0.999723251605349,1,"arteriol_scler"
"9545","PNKP","Exc L5 ET",-0.0225369476973671,4.51634748322136,0.111595496761257,0.738846453505218,0.999723251605349,1,"arteriol_scler"
"9546","TBC1D17","Exc L5 ET",-0.00654736091939575,4.33054831165832,0.0122286047873759,0.935234128414755,0.999723251605349,1,"arteriol_scler"
"9547","VRK3","Exc L5 ET",-0.0244870139760225,5.14692699644786,0.317590934769547,0.573981537181228,0.999723251605349,1,"arteriol_scler"
"9548","MYH14","Exc L5 ET",-0.03958979140741,5.27001983145407,0.551950631187229,0.458795535541243,0.999723251605349,1,"arteriol_scler"
"9549","KCNC3","Exc L5 ET",0.079072082744883,5.21355943699497,2.56542536999234,0.111529616749258,0.999723251605349,1,"arteriol_scler"
"9550","NR1H2","Exc L5 ET",0.0369538521644598,4.14411639825035,0.326972969517,0.568385267100465,0.999723251605349,1,"arteriol_scler"
"9551","EMC10","Exc L5 ET",0.00527035429311831,4.11667849961672,0.0067975215706418,0.934411697176065,0.999723251605349,1,"arteriol_scler"
"9552","LRRC4B","Exc L5 ET",0.0119438042875731,6.44761105182859,0.110287817102023,0.74032493412886,0.999723251605349,1,"arteriol_scler"
"9553","SHANK1","Exc L5 ET",0.00743187616873785,5.8392014288955,0.02482762771678,0.875029649777626,0.999723251605349,1,"arteriol_scler"
"9554","CLEC11A","Exc L5 ET",-0.0663848472294703,4.57300131699419,0.781611295629592,0.378199790571574,0.999723251605349,1,"arteriol_scler"
"9555","IGLON5","Exc L5 ET",-0.0145888238447746,4.74958085712136,0.0746447925350864,0.785102249460599,0.999723251605349,1,"arteriol_scler"
"9556","ETFB","Exc L5 ET",-0.155315743900705,4.03647726014181,1.87071127566792,0.17363612108176,0.999723251605349,1,"arteriol_scler"
"9557","ZNF175","Exc L5 ET",-0.0125165016696886,4.0168480444232,0.0377818088336969,0.88623566938429,0.999723251605349,1,"arteriol_scler"
"9558","SPACA6","Exc L5 ET",-0.0738217373649586,4.26710041853227,1.16816350912736,0.281680427004701,0.999723251605349,1,"arteriol_scler"
"9559","ZNF577","Exc L5 ET",0.00588850727409197,5.39062312718678,0.0117856206148434,0.913709277926486,0.999723251605349,1,"arteriol_scler"
"9560","ZNF432","Exc L5 ET",0.0166551764669584,4.32485115648065,0.0850723168615533,0.987859330723675,0.999723251605349,1,"arteriol_scler"
"9561","PPP2R1A","Exc L5 ET",0.0661417181390616,6.17376116431587,1.15114157542243,0.285199116938586,0.999723251605349,1,"arteriol_scler"
"9562","ZNF766","Exc L5 ET",-0.0434941547267567,4.51431041422368,0.594110222932223,0.44989256012269,0.999723251605349,1,"arteriol_scler"
"9563","ZNF83","Exc L5 ET",-0.034291757268263,6.04332793645882,0.433384923516786,0.511438953125063,0.999723251605349,1,"arteriol_scler"
"9564","ZNF611","Exc L5 ET",-0.00680041857850087,5.22470548008375,0.0222504258695508,0.911746567580162,0.999723251605349,1,"arteriol_scler"
"9565","ZNF160","Exc L5 ET",-0.0209261857316184,4.92077722031493,0.226275570170918,0.635057941269598,0.999723251605349,1,"arteriol_scler"
"9566","ZNF347","Exc L5 ET",-0.0185553428934907,3.88137041782985,0.0491034443834338,0.824961161577438,0.999723251605349,1,"arteriol_scler"
"9567","ZNF761","Exc L5 ET",0.0813240882418231,3.78137933930964,0.722769340674408,0.396722359436775,0.999723251605349,1,"arteriol_scler"
"9568","ZNF331","Exc L5 ET",-0.0191989968853114,5.71519454902227,0.19942511262675,0.655891332662577,0.999723251605349,1,"arteriol_scler"
"9569","MYADM","Exc L5 ET",0.0816929877496781,4.35657162227392,1.50735908606991,0.221650666392336,0.999723251605349,1,"arteriol_scler"
"9570","PRKCG","Exc L5 ET",0.0364103261669053,6.56563644927864,0.848377875935485,0.358632937329923,0.999723251605349,1,"arteriol_scler"
"9571","CACNG7","Exc L5 ET",0.0422151565412073,6.5168313991262,1.26584973841618,0.262516648654811,0.999723251605349,1,"arteriol_scler"
"9572","CACNG8","Exc L5 ET",-0.00157588077482601,7.65645103487077,0.00193948016121595,0.964937105969378,0.999723251605349,1,"arteriol_scler"
"9573","NDUFA3","Exc L5 ET",0.0247961591187744,4.23016554579048,0.0705989843717798,0.79086661579688,0.999723251605349,1,"arteriol_scler"
"9574","TFPT","Exc L5 ET",-0.0982568896140028,3.82269416489174,1.04576339059193,0.308289649976799,0.999723251605349,1,"arteriol_scler"
"9575","PRPF31","Exc L5 ET",-0.0085530723211369,4.93541208548541,0.0428743121898771,0.981248941658225,0.999723251605349,1,"arteriol_scler"
"9576","MBOAT7","Exc L5 ET",-0.00687943513241445,5.3308017584792,0.0152944202536035,0.901757584330617,0.999723251605349,1,"arteriol_scler"
"9577","RPS9","Exc L5 ET",-0.0839764713746887,5.00225754353857,1.09846124368233,0.296452029231269,0.999723251605349,1,"arteriol_scler"
"9578","TTYH1","Exc L5 ET",-0.112097407676227,5.25872065808912,4.80569497801069,0.0300568390970349,0.999723251605349,1,"arteriol_scler"
"9579","LENG8-AS1","Exc L5 ET",-0.0444071091871618,4.08539768187465,0.380520514724862,0.538349977758145,0.999723251605349,1,"arteriol_scler"
"9580","LENG8","Exc L5 ET",-0.0165411964358581,6.05944489629841,0.123975636039592,0.725303731499292,0.999723251605349,1,"arteriol_scler"
"9581","AC011476.3","Exc L5 ET",-0.0760766417324425,4.82565695967725,1.72487050987299,0.191265648393247,0.999723251605349,1,"arteriol_scler"
"9582","GP6","Exc L5 ET",-0.17438373211999,4.6204200062838,7.41365539215783,0.0073166404667081,0.999723251605349,1,"arteriol_scler"
"9583","RDH13","Exc L5 ET",-0.0503068556505724,4.85793831933952,0.924431405793698,0.338010322935121,0.999723251605349,1,"arteriol_scler"
"9584","PPP1R12C","Exc L5 ET",-0.0221891492083345,5.00927134550891,0.299036194455931,0.657075108647075,0.999723251605349,1,"arteriol_scler"
"9585","SYT5","Exc L5 ET",-0.0205650270585141,5.2453230425311,0.102210962654138,0.749680035668197,0.999723251605349,1,"arteriol_scler"
"9586","PPP6R1","Exc L5 ET",0.0675790739726235,4.84115267585576,2.48498857645753,0.11724669831869,0.999723251605349,1,"arteriol_scler"
"9587","HSPBP1","Exc L5 ET",0.0613750072699036,4.63233861194913,0.961288914700102,0.328592939063818,0.999723251605349,1,"arteriol_scler"
"9588","BRSK1","Exc L5 ET",0.0476641227580838,5.86664431209034,1.74878051963971,0.188236546058098,0.999723251605349,1,"arteriol_scler"
"9589","RPL28","Exc L5 ET",-0.041388261759675,5.50696764989497,0.310890757895462,0.578045246539661,0.999723251605349,1,"arteriol_scler"
"9590","UBE2S","Exc L5 ET",0.0519207025456417,4.22059723632583,0.328641558936385,0.567401165004851,0.999723251605349,1,"arteriol_scler"
"9591","SHISA7","Exc L5 ET",0.012914375173882,4.63619751409764,0.0488885873730452,0.825338273881554,0.999723251605349,1,"arteriol_scler"
"9592","NAT14","Exc L5 ET",0.0427828441296639,4.79470552224599,0.473060478233659,0.492746985075992,0.999723251605349,1,"arteriol_scler"
"9593","CCDC106","Exc L5 ET",0.0317895648608022,4.1456249031937,0.151884666142803,0.697346786135808,0.999723251605349,1,"arteriol_scler"
"9594","U2AF2","Exc L5 ET",0.127002693435945,4.09246947502949,3.60770668517801,0.0596173364414462,0.999723251605349,1,"arteriol_scler"
"9595","EPN1","Exc L5 ET",0.0604540415386312,4.86766352100234,1.29620000699094,0.256898179270881,0.999723251605349,1,"arteriol_scler"
"9596","ZNF444","Exc L5 ET",-0.0552674784966736,4.61068567456423,0.919802549926924,0.339218625630471,0.999723251605349,1,"arteriol_scler"
"9597","ZSCAN5A","Exc L5 ET",0.0883295311493931,6.10439872365634,4.20655469985811,0.0421765311969125,0.999723251605349,1,"arteriol_scler"
"9598","ZNF583","Exc L5 ET",0.003782447303508,4.84859185953771,0.00603333246752731,0.938200438513845,0.999723251605349,1,"arteriol_scler"
"9599","ZNF667","Exc L5 ET",0.0246945647966449,5.36178909599874,0.341900986022532,0.559697023899379,0.999723251605349,1,"arteriol_scler"
"9600","ZNF667-AS1","Exc L5 ET",-0.0242963346567457,5.06659918671537,0.232810991617295,0.630218405088799,0.999723251605349,1,"arteriol_scler"
"9601","ZNF471","Exc L5 ET",0.0880319311719099,4.56999889747749,2.58261294911513,0.221051900255007,0.999723251605349,1,"arteriol_scler"
"9602","ZNF470","Exc L5 ET",-0.0135669243070344,3.89344163503497,0.0338748916713737,0.854245704156062,0.999723251605349,1,"arteriol_scler"
"9603","ZNF71","Exc L5 ET",-0.0684618200536047,4.07575509040639,1.25846356258599,0.265257663584813,0.999723251605349,1,"arteriol_scler"
"9604","SMIM17","Exc L5 ET",0.0522375072585871,4.84794776896831,1.18629364992186,0.489501132019626,0.999723251605349,1,"arteriol_scler"
"9605","AC006115.3","Exc L5 ET",0.0494596446173244,5.79791183150357,0.973499188747436,0.325550746807017,0.999723251605349,1,"arteriol_scler"
"9606","ZIM2","Exc L5 ET",0.0146575903319006,4.11473803026243,0.026535292621866,0.870840233952277,0.999723251605349,1,"arteriol_scler"
"9607","ZNF264","Exc L5 ET",-0.0600528269912092,5.06373912127305,1.85256144329457,0.305241592954269,0.999723251605349,1,"arteriol_scler"
"9608","AC005261.1","Exc L5 ET",-0.0402082677425367,5.6433608675879,1.2062477648152,0.274005608374707,0.999723251605349,1,"arteriol_scler"
"9609","AC003002.2","Exc L5 ET",0.0466807937958071,4.60522082440368,0.953844438197555,0.330466399511297,0.999723251605349,1,"arteriol_scler"
"9610","AC004076.1","Exc L5 ET",0.0397672675641276,5.59874698968361,0.920328772519738,0.339080968020486,0.999723251605349,1,"arteriol_scler"
"9611","ZNF549","Exc L5 ET",-0.00104267915422366,4.96811651813261,0.000516383740240398,0.981903478206565,0.999723251605349,1,"arteriol_scler"
"9612","ZNF586","Exc L5 ET",-0.0182980025849467,6.00081428023775,0.194214557567272,0.660127338993661,0.999723251605349,1,"arteriol_scler"
"9613","ZNF552","Exc L5 ET",0.0627692564134879,4.39890117292219,1.30058607957299,0.256098666322775,0.999723251605349,1,"arteriol_scler"
"9614","ZNF814","Exc L5 ET",-0.0412135999336531,5.20651069579159,0.888556292099226,0.347530388962872,0.999723251605349,1,"arteriol_scler"
"9615","ZNF587","Exc L5 ET",0.0414611648202003,4.6350304417747,0.536582150985798,0.465105746539757,0.999723251605349,1,"arteriol_scler"
"9616","ZNF135","Exc L5 ET",0.0393225461517206,4.8772265115236,0.608855286201524,0.436567039131899,0.999723251605349,1,"arteriol_scler"
"9617","ZSCAN18","Exc L5 ET",-0.0361114571624678,5.39817397230139,0.489564959466119,0.485309396512746,0.999723251605349,1,"arteriol_scler"
"9618","ZNF329","Exc L5 ET",-0.0235425225975452,4.64490895280796,0.190257275058443,0.817853180256452,0.999723251605349,1,"arteriol_scler"
"9619","AC020915.3","Exc L5 ET",0.0825593171966016,4.36773447260645,1.94309254923778,0.240421899976032,0.999723251605349,1,"arteriol_scler"
"9620","AC010642.2","Exc L5 ET",0.00332278449121793,3.74516726101326,0.00219215647233109,0.96272458857207,0.999723251605349,1,"arteriol_scler"
"9621","RPS5","Exc L5 ET",0.0329589670113337,4.34693282725845,0.114271680633875,0.735850487866573,0.999723251605349,1,"arteriol_scler"
"9622","ZNF324","Exc L5 ET",-0.0370812413481896,4.13677372228573,0.295689674383737,0.58748232019872,0.999723251605349,1,"arteriol_scler"
"9623","SLC27A5","Exc L5 ET",0.0167252353672685,4.06697262155163,0.0505176292331019,0.82250034030191,0.999723251605349,1,"arteriol_scler"
"9624","TRIM28","Exc L5 ET",-0.0111986286743315,4.30562167584812,0.0332719970479254,0.855534017946618,0.999723251605349,1,"arteriol_scler"
"9625","CHMP2A","Exc L5 ET",0.0206695505837357,3.70505886982719,0.053339251821842,0.817696396696338,0.999723251605349,1,"arteriol_scler"
"9626","UBE2M","Exc L5 ET",0.0498955485478498,5.51325542829779,0.422426934321019,0.516818349152654,0.999723251605349,1,"arteriol_scler"
"9627","MZF1","Exc L5 ET",0.00779642248771612,5.61373435610728,0.0313807922239956,0.85965550411772,0.999723251605349,1,"arteriol_scler"
"9628","RPS4Y1","Exc L5 ET",0.102986255020183,4.2329497325254,0.337427995843442,0.562273274444105,0.999723251605349,1,"arteriol_scler"
"9629","ZFY","Exc L5 ET",0.132005390194336,4.12262583781154,0.533095778452689,0.466556588067913,0.999723251605349,1,"arteriol_scler"
"9630","PCDH11Y","Exc L5 ET",0.00512328269250345,6.15544767710572,0.000905759828395839,0.976034473681336,0.999723251605349,1,"arteriol_scler"
"9631","TTTY15","Exc L5 ET",0.0872209510854024,4.8242527197305,0.233408523818737,0.629780124799828,0.999723251605349,1,"arteriol_scler"
"9632","USP9Y","Exc L5 ET",0.0750017303301043,6.8411725811897,0.150946592386798,0.698236329653787,0.999723251605349,1,"arteriol_scler"
"9633","DDX3Y","Exc L5 ET",0.158301442317967,4.44137904099455,0.790920891389918,0.375382869451083,0.999723251605349,1,"arteriol_scler"
"9634","UTY","Exc L5 ET",0.114210752411517,6.24404217720897,0.359636150835218,0.549700276465059,0.999723251605349,1,"arteriol_scler"
"9635","NLGN4Y","Exc L5 ET",0.117005749068296,6.80277717050872,0.350219230003806,0.554965700171773,0.999723251605349,1,"arteriol_scler"
"9636","TTTY14","Exc L5 ET",0.0755799597935128,7.31179137959979,0.143922638103694,0.705000286917933,0.999723251605349,1,"arteriol_scler"
"9637","KDM5D","Exc L5 ET",0.131773229959594,5.0241901398658,0.521010913827808,0.471642608438722,0.999723251605349,1,"arteriol_scler"
"9638","TTTY10","Exc L5 ET",0.0198397986922712,4.2721977949951,0.0137178548951751,0.906934150910382,0.999723251605349,1,"arteriol_scler"
"9639","HDHD5","Exc L5 ET",-0.0022702495733342,4.82436841085107,0.0021865866379164,0.962771938599345,0.999723251605349,1,"arteriol_scler"
"9640","SLC25A18","Exc L5 ET",0.14959578738447,3.91205336879549,2.78406496234323,0.0974932237163251,0.999723251605349,1,"arteriol_scler"
"9641","ATP6V1E1","Exc L5 ET",0.012787583163426,6.10751770668409,0.0412120913092377,0.839430688002231,0.999723251605349,1,"arteriol_scler"
"9642","BCL2L13","Exc L5 ET",0.0316363075948895,6.62994302419846,1.43726140986225,0.232655393521017,0.999723251605349,1,"arteriol_scler"
"9643","BID","Exc L5 ET",0.00236255694423997,4.89289614909826,0.00159894704880587,0.968161913970218,0.999723251605349,1,"arteriol_scler"
"9644","MICAL3","Exc L5 ET",-0.000996593801158315,8.23855872166417,0.000703866068454705,0.978872885936544,0.999723251605349,1,"arteriol_scler"
"9645","PEX26","Exc L5 ET",-0.0126573682729786,5.02679895784253,0.0958745522322996,0.805516633127284,0.999723251605349,1,"arteriol_scler"
"9646","TMEM191B","Exc L5 ET",-0.0692322971586617,4.42817403092232,0.631178306912841,0.428299385592305,0.999723251605349,1,"arteriol_scler"
"9647","DGCR2","Exc L5 ET",-0.0206064846348626,5.97733941131375,0.437332744728703,0.718769852059995,0.999723251605349,1,"arteriol_scler"
"9648","CLTCL1","Exc L5 ET",0.00291827812249337,4.44762409526759,0.0015985315503801,0.968166048702025,0.999723251605349,1,"arteriol_scler"
"9649","HIRA","Exc L5 ET",0.0407256448064819,4.58900800890199,0.592962995535585,0.442603207575604,0.999723251605349,1,"arteriol_scler"
"9650","GNB1L","Exc L5 ET",-0.0461951525937773,4.35653058106281,0.629231057450462,0.429011035705852,0.999723251605349,1,"arteriol_scler"
"9651","TXNRD2","Exc L5 ET",0.0102207684011303,4.66027478906638,0.034627364359125,0.880077888913231,0.999723251605349,1,"arteriol_scler"
"9652","COMT","Exc L5 ET",-0.0697250684517953,5.29032831058692,1.82199927597012,0.17930459286451,0.999723251605349,1,"arteriol_scler"
"9653","TANGO2","Exc L5 ET",0.00970701726901995,5.52865899323649,0.0579218560458744,0.810171474907964,0.999723251605349,1,"arteriol_scler"
"9654","DGCR8","Exc L5 ET",-0.0586327264587942,4.92589754878706,2.14599849164392,0.145236241307599,0.999723251605349,1,"arteriol_scler"
"9655","RANBP1","Exc L5 ET",-0.022065935408706,4.93922390535628,0.0780881387566575,0.780327225186059,0.999723251605349,1,"arteriol_scler"
"9656","ZDHHC8","Exc L5 ET",-0.00202001836553154,4.6804347109998,0.001614175748888,0.97518321255301,0.999723251605349,1,"arteriol_scler"
"9657","RTN4R","Exc L5 ET",0.00557033171960918,4.05437050209595,0.00651198807084889,0.935800936397385,0.999723251605349,1,"arteriol_scler"
"9658","DGCR6L","Exc L5 ET",0.00975142428566967,3.94466825151107,0.0136933569319044,0.907016906940564,0.999723251605349,1,"arteriol_scler"
"9659","KLHL22","Exc L5 ET",-0.0156814807892131,6.14114317503567,0.110155846158582,0.740474682260571,0.999723251605349,1,"arteriol_scler"
"9660","MED15","Exc L5 ET",0.0115278884721317,6.13922571612767,0.125341809527159,0.723856599865331,0.999723251605349,1,"arteriol_scler"
"9661","PI4KA","Exc L5 ET",0.0169389287637214,8.55888184667375,0.573550396595477,0.450153882925353,0.999723251605349,1,"arteriol_scler"
"9662","SNAP29","Exc L5 ET",0.0369312350312874,4.33048015916254,0.393479177098285,0.595854816017288,0.999723251605349,1,"arteriol_scler"
"9663","CRKL","Exc L5 ET",0.0389652258350222,5.28055577855992,0.894512105390238,0.34592487863453,0.999723251605349,1,"arteriol_scler"
"9664","AIFM3","Exc L5 ET",0.0052182985107105,4.91447688368595,0.00939767649277427,0.922914627923739,0.999723251605349,1,"arteriol_scler"
"9665","LZTR1","Exc L5 ET",0.0692565403608629,4.66649478755824,1.79122504633815,0.182996937581274,0.999723251605349,1,"arteriol_scler"
"9666","P2RX6","Exc L5 ET",-0.0731527719382086,4.35281786697987,1.23330849298914,0.2687125596578,0.999723251605349,1,"arteriol_scler"
"9667","HIC2","Exc L5 ET",0.00293361989278369,6.16936598069125,0.0044642573478403,0.946826445096878,0.999723251605349,1,"arteriol_scler"
"9668","TMEM191C","Exc L5 ET",-0.101612189856018,4.08974213441773,2.10166200473134,0.14942760229521,0.999723251605349,1,"arteriol_scler"
"9669","UBE2L3","Exc L5 ET",0.053213859653293,5.93842405568426,1.9604568500296,0.163728142618036,0.999723251605349,1,"arteriol_scler"
"9670","PPIL2","Exc L5 ET",0.0111554557024093,5.57781123447851,0.070952400110526,0.790356130091647,0.999723251605349,1,"arteriol_scler"
"9671","YPEL1","Exc L5 ET",0.0822088016959446,4.66542527697173,1.43439585054806,0.233119209992957,0.999723251605349,1,"arteriol_scler"
"9672","MAPK1","Exc L5 ET",0.048658496045239,7.32030397015132,2.3436135257385,0.128106422791345,0.999723251605349,1,"arteriol_scler"
"9673","PPM1F","Exc L5 ET",-0.00425070752180101,4.84919658183912,0.00762643123427101,0.930537341831567,0.999723251605349,1,"arteriol_scler"
"9674","TOP3B","Exc L5 ET",0.0857158375973072,4.57401499959009,3.01500660621519,0.217770442143691,0.999723251605349,1,"arteriol_scler"
"9675","AC245060.5","Exc L5 ET",0.0301077999776498,4.95489572261834,0.106256062034412,0.744945546075503,0.999723251605349,1,"arteriol_scler"
"9676","ZNF280B","Exc L5 ET",-0.0297437958808426,4.68039278651368,0.431019500960087,0.512591858826223,0.999723251605349,1,"arteriol_scler"
"9677","GNAZ","Exc L5 ET",0.0718755005040672,4.68914688802901,1.35141274295428,0.247055082489925,0.999723251605349,1,"arteriol_scler"
"9678","BCR","Exc L5 ET",0.0168381823973826,6.15365727697074,0.178637136184114,0.673210623821227,0.999723251605349,1,"arteriol_scler"
"9679","CHCHD10","Exc L5 ET",-0.0612350017419897,6.79066211538265,0.82953051183858,0.364010215424343,0.999723251605349,1,"arteriol_scler"
"9680","SMARCB1","Exc L5 ET",-0.049897012046305,4.85546422813153,1.04744743760154,0.30790192672265,0.999723251605349,1,"arteriol_scler"
"9681","GSTT2B","Exc L5 ET",0.021567309628634,4.2495452804049,0.0735512257634701,0.786643446730471,0.999723251605349,1,"arteriol_scler"
"9682","DDT","Exc L5 ET",-0.0291992096245743,4.49036420290991,0.0893303352430651,0.765483734986209,0.999723251605349,1,"arteriol_scler"
"9683","CABIN1","Exc L5 ET",-0.0393776076214629,6.68964985956049,1.68166349046738,0.196886387709414,0.999723251605349,1,"arteriol_scler"
"9684","SNRPD3","Exc L5 ET",0.0365186715088739,4.90201916649059,0.520997646810311,0.471648241234597,0.999723251605349,1,"arteriol_scler"
"9685","SGSM1","Exc L5 ET",-0.0246181509513276,7.6562867720378,0.512553112495682,0.475255878564162,0.999723251605349,1,"arteriol_scler"
"9686","KIAA1671","Exc L5 ET",-0.0205710128630966,7.36641118255992,0.285539395086045,0.593960546100841,0.999723251605349,1,"arteriol_scler"
"9687","GRK3","Exc L5 ET",-0.0319568041715178,6.7207327205153,0.593241956632356,0.442496143510725,0.999723251605349,1,"arteriol_scler"
"9688","SEZ6L","Exc L5 ET",-0.0169217980891612,8.54700845878672,0.136090874174898,0.712768832034798,0.999723251605349,1,"arteriol_scler"
"9689","ASPHD2","Exc L5 ET",-0.0399970017230908,3.91717186974058,0.26826091556869,0.605337292551339,0.999723251605349,1,"arteriol_scler"
"9690","HPS4","Exc L5 ET",-0.026140082885785,5.10668833137815,0.268354145004239,0.605274671192051,0.999723251605349,1,"arteriol_scler"
"9691","TPST2","Exc L5 ET",-0.0696611908209013,5.3111072351154,2.12072852120142,0.14760847277741,0.999723251605349,1,"arteriol_scler"
"9692","MIAT","Exc L5 ET",-0.0125456770292939,8.99737297482068,0.122757073420138,0.726602091421127,0.999723251605349,1,"arteriol_scler"
"9693","Z99774.1","Exc L5 ET",-0.0934901991356129,4.2263592500625,0.538866250434161,0.464159152412724,0.999723251605349,1,"arteriol_scler"
"9694","MIATNB","Exc L5 ET",-0.0333564769985384,4.47316433381576,0.124289039266022,0.724970966324145,0.999723251605349,1,"arteriol_scler"
"9695","PITPNB","Exc L5 ET",-0.010345397901176,5.73178270148442,0.0800778748240895,0.834174644108806,0.999723251605349,1,"arteriol_scler"
"9696","TTC28","Exc L5 ET",0.00779600894863453,7.1868072121997,0.040879517123917,0.84007100461229,0.999723251605349,1,"arteriol_scler"
"9697","HSCB","Exc L5 ET",-0.0301675169602527,4.28107434166283,0.272212730491692,0.602694929276277,0.999723251605349,1,"arteriol_scler"
"9698","XBP1","Exc L5 ET",-0.0462225463998618,3.76933063377422,0.238900969834318,0.625783605230313,0.999723251605349,1,"arteriol_scler"
"9699","Z93930.2","Exc L5 ET",-0.091364248465012,4.34990182250857,1.25693944844719,0.264195213764581,0.999723251605349,1,"arteriol_scler"
"9700","ZNRF3","Exc L5 ET",-0.0135668724440841,6.27956131887332,0.130988975087359,0.717967223266932,0.999723251605349,1,"arteriol_scler"
"9701","KREMEN1","Exc L5 ET",-0.0421964704575211,4.25447304867004,0.338128464308538,0.5618683288769,0.999723251605349,1,"arteriol_scler"
"9702","RHBDD3","Exc L5 ET",0.0209594312511881,5.02183484654993,0.163213677697751,0.686845631197671,0.999723251605349,1,"arteriol_scler"
"9703","EWSR1","Exc L5 ET",0.0213296331877781,5.99735265079433,0.359281857782049,0.549896671953591,0.999723251605349,1,"arteriol_scler"
"9704","GAS2L1","Exc L5 ET",0.0426159646830148,5.21481546585451,0.613665034320446,0.434765178390693,0.999723251605349,1,"arteriol_scler"
"9705","RASL10A","Exc L5 ET",0.0805950959922251,5.62287299386838,1.58570314021426,0.21008528856007,0.999723251605349,1,"arteriol_scler"
"9706","AP1B1","Exc L5 ET",-0.0282228203355104,5.98913025975203,0.813886490341985,0.824226283192203,0.999723251605349,1,"arteriol_scler"
"9707","RFPL1S","Exc L5 ET",0.00960857421384792,6.73515030198827,0.100772485507783,0.751388537913834,0.999723251605349,1,"arteriol_scler"
"9708","NEFH","Exc L5 ET",0.0351763233485735,6.73398952088949,0.212294390938333,0.645706560094591,0.999723251605349,1,"arteriol_scler"
"9709","THOC5","Exc L5 ET",0.0116767917264066,4.80701450082573,0.0796060986538677,0.778258286764876,0.999723251605349,1,"arteriol_scler"
"9710","NIPSNAP1","Exc L5 ET",-0.0801405221729587,4.96172470169188,2.5994143342367,0.109207664352904,0.999723251605349,1,"arteriol_scler"
"9711","NF2","Exc L5 ET",0.0333962429680812,5.99619705701108,0.730665620201853,0.394161879250519,0.999723251605349,1,"arteriol_scler"
"9712","UQCR10","Exc L5 ET",-0.0143009818980723,6.08705259831367,0.0254014065700091,0.873605968066935,0.999723251605349,1,"arteriol_scler"
"9713","ASCC2","Exc L5 ET",0.0820082095475981,4.95902040334173,2.34039740973697,0.128366266605047,0.999723251605349,1,"arteriol_scler"
"9714","MTMR3","Exc L5 ET",0.022684985081378,6.62155321618416,0.443666277879977,0.50647974617611,0.999723251605349,1,"arteriol_scler"
"9715","SF3A1","Exc L5 ET",0.0067643460120406,4.03793886227886,0.00798523097897276,0.92892639758389,0.999723251605349,1,"arteriol_scler"
"9716","RNF215","Exc L5 ET",0.0128718797202932,4.25842681920733,0.0418664862704119,0.838178568806887,0.999723251605349,1,"arteriol_scler"
"9717","SLC35E4","Exc L5 ET",0.054013570321903,4.56073707576719,0.927643012085257,0.337175390945632,0.999723251605349,1,"arteriol_scler"
"9718","DUSP18","Exc L5 ET",0.0556648583282496,4.3342249552755,0.823183977209172,0.365846168438578,0.999723251605349,1,"arteriol_scler"
"9719","OSBP2","Exc L5 ET",0.0325038132065795,7.36976021701901,0.723315947293171,0.396544338303529,0.999723251605349,1,"arteriol_scler"
"9720","SELENOM","Exc L5 ET",0.0452239828427796,4.50134833038673,0.213766529266826,0.644565564024442,0.999723251605349,1,"arteriol_scler"
"9721","INPP5J","Exc L5 ET",0.0303686526663469,4.4613934475494,0.220470913354129,0.639428818214849,0.999723251605349,1,"arteriol_scler"
"9722","RNF185","Exc L5 ET",0.0427418416999355,4.9001734679892,0.509464718344543,0.476586543350748,0.999723251605349,1,"arteriol_scler"
"9723","LIMK2","Exc L5 ET",0.021986706357474,4.07303199264328,0.0578464193975439,0.810292746905942,0.999723251605349,1,"arteriol_scler"
"9724","DRG1","Exc L5 ET",-0.0305465593331876,4.88737919739216,0.421193918028719,0.517429860162076,0.999723251605349,1,"arteriol_scler"
"9725","EIF4ENIF1","Exc L5 ET",0.0272877270964211,5.23849161204194,0.407256913249667,0.524431820028748,0.999723251605349,1,"arteriol_scler"
"9726","SFI1","Exc L5 ET",-0.00877910745921315,5.31616633331391,0.0329240059177145,0.856283129526781,0.999723251605349,1,"arteriol_scler"
"9727","PISD","Exc L5 ET",0.0170134075962694,5.99056400067958,0.275946744430033,0.762051985154341,0.999723251605349,1,"arteriol_scler"
"9728","PRR14L","Exc L5 ET",0.0287123500349073,6.23454844121118,0.568602230410707,0.452110749176227,0.999723251605349,1,"arteriol_scler"
"9729","YWHAH","Exc L5 ET",0.023497328163727,7.16359412015876,0.0678834982378782,0.794835440533295,0.999723251605349,1,"arteriol_scler"
"9730","RFPL2","Exc L5 ET",-0.0442791753747955,5.11123904574904,0.376910316271891,0.540280918828594,0.999723251605349,1,"arteriol_scler"
"9731","SLC5A4-AS1","Exc L5 ET",-0.0415049847276783,6.89492281756521,0.366777458430589,0.545769453956561,0.999723251605349,1,"arteriol_scler"
"9732","RTCB","Exc L5 ET",0.0171024924311528,5.28007021395827,0.15274467913444,0.696534043251175,0.999723251605349,1,"arteriol_scler"
"9733","FBXO7","Exc L5 ET",0.0522503358720367,5.0072050231443,1.49928373506835,0.222885812659526,0.999723251605349,1,"arteriol_scler"
"9734","SYN3","Exc L5 ET",0.0381574619608354,7.8662098859173,0.342027007811815,0.559624769222342,0.999723251605349,1,"arteriol_scler"
"9735","TIMP3","Exc L5 ET",-0.121181270485403,4.13247921198539,1.22447892607804,0.270425329650215,0.999723251605349,1,"arteriol_scler"
"9736","LARGE1","Exc L5 ET",-0.00142342154981379,9.61802249617501,0.0020603564367925,0.963861721794291,0.999723251605349,1,"arteriol_scler"
"9737","HMGXB4","Exc L5 ET",-0.0155953312394793,5.25735328101249,0.149022532656151,0.700070862164889,0.999723251605349,1,"arteriol_scler"
"9738","TOM1","Exc L5 ET",0.00413027777802964,5.03545075924219,0.00807512184362551,0.928528551777812,0.999723251605349,1,"arteriol_scler"
"9739","RBFOX2","Exc L5 ET",-0.021296168923308,8.76184293699055,0.922146774285985,0.33860596759036,0.999723251605349,1,"arteriol_scler"
"9740","APOL2","Exc L5 ET",0.100478937689591,4.95300919352403,4.06818832898584,0.0456547219138243,0.999723251605349,1,"arteriol_scler"
"9741","MYH9","Exc L5 ET",-0.0305317085877154,4.71054194081344,0.321243988458322,0.571789695057313,0.999723251605349,1,"arteriol_scler"
"9742","TXN2","Exc L5 ET",0.00528167366684513,4.59374436975314,0.00535832914952728,0.941753392560249,0.999723251605349,1,"arteriol_scler"
"9743","EIF3D","Exc L5 ET",-0.0317892603079709,4.25698090085228,0.229578881552571,0.632601212645369,0.999723251605349,1,"arteriol_scler"
"9744","CACNG2","Exc L5 ET",0.0241346605497641,6.4507284049791,0.302801511203409,0.583028732671309,0.999723251605349,1,"arteriol_scler"
"9745","IFT27","Exc L5 ET",-0.0504212380576946,4.66297532068092,0.930612868125907,0.336405783758865,0.999723251605349,1,"arteriol_scler"
"9746","KCTD17","Exc L5 ET",-0.0397102339131893,4.85252860656226,0.59497136257928,0.441833299766397,0.999723251605349,1,"arteriol_scler"
"9747","ELFN2","Exc L5 ET",-0.0201661622952262,5.14902842155756,0.152391925959769,0.696867087541863,0.999723251605349,1,"arteriol_scler"
"9748","GGA1","Exc L5 ET",-0.0202557897618661,5.50652315170562,0.296119838427434,0.587210976343688,0.999723251605349,1,"arteriol_scler"
"9749","LGALS1","Exc L5 ET",0.0374486844726819,4.48868284521065,0.112974774581035,0.737297427308076,0.999723251605349,1,"arteriol_scler"
"9750","H1F0","Exc L5 ET",0.0296283270481155,3.93345129706291,0.107362335457572,0.743668159147769,0.999723251605349,1,"arteriol_scler"
"9751","GCAT","Exc L5 ET",-0.0567178977154205,4.1749505705771,0.693148432052105,0.406546491511475,0.999723251605349,1,"arteriol_scler"
"9752","ANKRD54","Exc L5 ET",-0.0414948315830541,4.27916212060759,0.429445027727158,0.513361771690731,0.999723251605349,1,"arteriol_scler"
"9753","EIF3L","Exc L5 ET",0.0474877757561485,5.05204945258416,1.1695252932852,0.281401323111385,0.999723251605349,1,"arteriol_scler"
"9754","POLR2F","Exc L5 ET",-0.0397260286714646,5.41769522145901,0.895135886866729,0.38123213455043,0.999723251605349,1,"arteriol_scler"
"9755","PICK1","Exc L5 ET",-0.0283560940885944,5.81045118352054,0.504913841846066,0.47855848217068,0.999723251605349,1,"arteriol_scler"
"9756","BAIAP2L2","Exc L5 ET",-0.190361780007768,4.61161605831821,6.76005959149266,0.0103456940222597,0.999723251605349,1,"arteriol_scler"
"9757","PLA2G6","Exc L5 ET",-0.00488631114941536,4.33706063848487,0.00694475527865119,0.933706821167987,0.999723251605349,1,"arteriol_scler"
"9758","TMEM184B","Exc L5 ET",-0.00910685447809425,6.49113872348783,0.0828132384213684,0.832615489752027,0.999723251605349,1,"arteriol_scler"
"9759","CSNK1E","Exc L5 ET",0.000389121742197802,5.1894941341813,4.92568263010456e-05,0.994410459575875,0.999723251605349,1,"arteriol_scler"
"9760","TPTEP2-CSNK1E","Exc L5 ET",0.00612835181730192,6.30945902894703,0.0243521636569562,0.876222216869214,0.999723251605349,1,"arteriol_scler"
"9761","KCNJ4","Exc L5 ET",0.0786187984739824,5.50280718133409,1.63478753219991,0.203206824774704,0.999723251605349,1,"arteriol_scler"
"9762","DDX17","Exc L5 ET",-0.0209923794355033,7.77425821193661,0.633425298845395,0.427480414625396,0.999723251605349,1,"arteriol_scler"
"9763","FAM227A","Exc L5 ET",-0.0850389269590588,5.33679443524829,3.54130343148958,0.061982739311634,0.999723251605349,1,"arteriol_scler"
"9764","CBY1","Exc L5 ET",-0.0376337850278447,4.71990913623759,0.417279090822894,0.519379883833639,0.999723251605349,1,"arteriol_scler"
"9765","TOMM22","Exc L5 ET",-0.019863160059056,4.36274286797495,0.0393245230521448,0.843101493246087,0.999723251605349,1,"arteriol_scler"
"9766","JOSD1","Exc L5 ET",0.0350051299038914,5.31896262218146,0.763595193891814,0.383737015759231,0.999723251605349,1,"arteriol_scler"
"9767","SUN2","Exc L5 ET",0.0416949546436728,4.45053153651118,0.501699749756642,0.479959264566529,0.999723251605349,1,"arteriol_scler"
"9768","NPTXR","Exc L5 ET",0.267927520223077,3.7961154303313,6.99139779961772,0.00914722684455939,0.999723251605349,1,"arteriol_scler"
"9769","CBX6","Exc L5 ET",0.0355955396329717,5.91160984254364,0.429632456729763,0.513270013596232,0.999723251605349,1,"arteriol_scler"
"9770","CBX7","Exc L5 ET",0.00455452915024407,5.51553461483114,0.0106015224960894,0.918142553158567,0.999723251605349,1,"arteriol_scler"
"9771","RPL3","Exc L5 ET",-0.0403378787131414,5.03453272787731,0.203600869399307,0.65254428842519,0.999723251605349,1,"arteriol_scler"
"9772","SYNGR1","Exc L5 ET",-6.99564541226387e-05,6.74759333422051,4.55654441987856e-06,0.99829994116452,0.999723251605349,1,"arteriol_scler"
"9773","TAB1","Exc L5 ET",-0.0819690024951362,5.30665477762911,3.58322536092118,0.0604778997684285,0.999723251605349,1,"arteriol_scler"
"9774","MGAT3","Exc L5 ET",0.0382248557545593,5.98470368624266,0.85141233801883,0.357777497293753,0.999723251605349,1,"arteriol_scler"
"9775","MIEF1","Exc L5 ET",0.0717318736796573,4.07216034549692,0.969921326910654,0.326438264020158,0.999723251605349,1,"arteriol_scler"
"9776","ATF4","Exc L5 ET",-0.0548525139836568,4.98627681214374,0.617125345532219,0.433475893242124,0.999723251605349,1,"arteriol_scler"
"9777","RPS19BP1","Exc L5 ET",-0.0648268532526741,4.59248066690506,0.595853691978942,0.441495714363508,0.999723251605349,1,"arteriol_scler"
"9778","CACNA1I","Exc L5 ET",0.0818558577446227,4.68950573089823,1.76809639926391,0.185830563732638,0.999723251605349,1,"arteriol_scler"
"9779","TNRC6B","Exc L5 ET",0.000729085264500343,8.91993779605558,0.00106021454673995,0.974072176423406,0.999723251605349,1,"arteriol_scler"
"9780","MKL1","Exc L5 ET",0.0107016740419372,7.37129599021045,0.118648429542753,0.731033923239201,0.999723251605349,1,"arteriol_scler"
"9781","SLC25A17","Exc L5 ET",0.0272963528867167,4.98334554772088,0.333023510349821,0.564832509730507,0.999723251605349,1,"arteriol_scler"
"9782","ST13","Exc L5 ET",0.00788747905802577,5.7382147687202,0.0315964574215986,0.859179146076034,0.999723251605349,1,"arteriol_scler"
"9783","XPNPEP3","Exc L5 ET",-0.0497993783699356,5.16556978188189,1.19376738804091,0.276491127038034,0.999723251605349,1,"arteriol_scler"
"9784","RBX1","Exc L5 ET",-0.0591462030941578,5.8088666255386,1.5376133437363,0.217095959497042,0.999723251605349,1,"arteriol_scler"
"9785","EP300","Exc L5 ET",0.039721105317751,6.42562903694282,1.7042686884908,0.193921756981503,0.999723251605349,1,"arteriol_scler"
"9786","L3MBTL2","Exc L5 ET",0.0739073192934807,4.71051146930789,2.02096161357131,0.157416409142107,0.999723251605349,1,"arteriol_scler"
"9787","RANGAP1","Exc L5 ET",0.0830593689208899,5.976366181641,3.08908602826475,0.0810556931106423,0.999723251605349,1,"arteriol_scler"
"9788","ZC3H7B","Exc L5 ET",-0.0323222679239753,5.6139356689584,0.845369502010969,0.359483820293772,0.999723251605349,1,"arteriol_scler"
"9789","TEF","Exc L5 ET",0.0846481463121003,5.39854860209603,2.68935603691705,0.103317933712089,0.999723251605349,1,"arteriol_scler"
"9790","TOB2","Exc L5 ET",0.0135214332535698,4.65384540314139,0.0567839159326098,0.812009796066897,0.999723251605349,1,"arteriol_scler"
"9791","ACO2","Exc L5 ET",0.0456100920643777,6.65661948803215,1.79332953381032,0.182741624425011,0.999723251605349,1,"arteriol_scler"
"9792","POLR3H","Exc L5 ET",-0.0010641854069865,4.55440676282414,0.000211844782393961,0.988408492513729,0.999723251605349,1,"arteriol_scler"
"9793","CSDC2","Exc L5 ET",0.0148601754068419,4.1682071067751,0.0373764673078394,0.846987297547609,0.999723251605349,1,"arteriol_scler"
"9794","PMM1","Exc L5 ET",-0.04073649876452,4.59202728307682,0.413240008554634,0.521405453094734,0.999723251605349,1,"arteriol_scler"
"9795","DESI1","Exc L5 ET",0.0647472687633956,4.75498611690655,1.70036781626033,0.194429565476066,0.999723251605349,1,"arteriol_scler"
"9796","XRCC6","Exc L5 ET",0.0121194776032947,5.70500825983848,0.0652865577979232,0.798711147085381,0.999723251605349,1,"arteriol_scler"
"9797","SNU13","Exc L5 ET",-0.0146708907072741,6.00330041213737,0.0391000705943464,0.843544035063695,0.999723251605349,1,"arteriol_scler"
"9798","SREBF2","Exc L5 ET",0.0110418009519078,7.34283897204432,0.132928328203179,0.715977889465071,0.999723251605349,1,"arteriol_scler"
"9799","SEPT3","Exc L5 ET",0.0622627830325862,6.54762447614621,3.87674298356588,0.0509802960764888,0.999723251605349,1,"arteriol_scler"
"9800","WBP2NL","Exc L5 ET",-0.117155931458174,4.83888006802106,4.16032230790053,0.0433062260304472,0.999723251605349,1,"arteriol_scler"
"9801","SMDT1","Exc L5 ET",-0.0153101261545316,4.45716709607852,0.0307938696140826,0.860960506935808,0.999723251605349,1,"arteriol_scler"
"9802","NDUFA6","Exc L5 ET",-0.00762428742681113,4.40540822337715,0.00699295511400666,0.933477703974373,0.999723251605349,1,"arteriol_scler"
"9803","TCF20","Exc L5 ET",0.0598692737608007,6.66666465055584,2.92801845076813,0.0893205362094655,0.999723251605349,1,"arteriol_scler"
"9804","RRP7A","Exc L5 ET",-0.0846447115190998,4.2720579621351,1.5987772417791,0.208226371463016,0.999723251605349,1,"arteriol_scler"
"9805","SERHL2","Exc L5 ET",-0.09106244365272,4.65335909905208,2.44596454677574,0.120137583865247,0.999723251605349,1,"arteriol_scler"
"9806","POLDIP3","Exc L5 ET",-0.0319922581951147,4.20685274375796,0.297067227448771,0.720602326202422,0.999723251605349,1,"arteriol_scler"
"9807","CYB5R3","Exc L5 ET",0.0356654278054683,5.06121119592533,0.421632304776194,0.517212297673032,0.999723251605349,1,"arteriol_scler"
"9808","ARFGAP3","Exc L5 ET",0.0122728567337928,4.8948162368128,0.0827463270003493,0.785607096621441,0.999723251605349,1,"arteriol_scler"
"9809","PACSIN2","Exc L5 ET",-0.0110249358295218,5.30073299407151,0.0694409599003992,0.922989452414999,0.999723251605349,1,"arteriol_scler"
"9810","TTLL1","Exc L5 ET",-0.0234003232550445,4.47108090599707,0.106132642824964,0.745088510902747,0.999723251605349,1,"arteriol_scler"
"9811","TTLL12","Exc L5 ET",-0.0179569414938485,4.46617175750443,0.106510242085912,0.883363830489822,0.999723251605349,1,"arteriol_scler"
"9812","MPPED1","Exc L5 ET",-0.00446141591905159,7.11996476684858,0.0160802507053574,0.8992785987064,0.999723251605349,1,"arteriol_scler"
"9813","EFCAB6","Exc L5 ET",0.0154222495913185,6.40299447793831,0.150978999708202,0.698205545862872,0.999723251605349,1,"arteriol_scler"
"9814","SULT4A1","Exc L5 ET",0.023256509336014,7.01581479705286,0.166953546581897,0.683472439824417,0.999723251605349,1,"arteriol_scler"
"9815","SAMM50","Exc L5 ET",-0.0275045448248425,4.64139569855345,0.328525838816454,0.721491930738376,0.999723251605349,1,"arteriol_scler"
"9816","PARVB","Exc L5 ET",0.0138385497172517,5.02342568378024,0.0678643487629866,0.794863727032106,0.999723251605349,1,"arteriol_scler"
"9817","NUP50-DT","Exc L5 ET",-0.0415200469125277,6.60475047893257,1.81158431646208,0.180544369675723,0.999723251605349,1,"arteriol_scler"
"9818","NUP50","Exc L5 ET",-0.00700941373974916,4.90000692834915,0.0199051611194995,0.978668977670442,0.999723251605349,1,"arteriol_scler"
"9819","KIAA0930","Exc L5 ET",0.0441252914383703,8.26077894653425,1.70570667457049,0.193734957456605,0.999723251605349,1,"arteriol_scler"
"9820","FAM118A","Exc L5 ET",-0.0312343104443316,4.38993129920718,0.133909994373922,0.714977191841042,0.999723251605349,1,"arteriol_scler"
"9821","ATXN10","Exc L5 ET",0.0164654442079845,7.29797894946656,0.401780177377838,0.527229646563898,0.999723251605349,1,"arteriol_scler"
"9822","MIRLET7BHG","Exc L5 ET",-0.0215906248347532,5.52550591174478,0.208306318760637,0.648821864762795,0.999723251605349,1,"arteriol_scler"
"9823","PPARA","Exc L5 ET",-0.0538628163982005,3.94032561371011,0.292024186322672,0.589804924465906,0.999723251605349,1,"arteriol_scler"
"9824","TRMU","Exc L5 ET",-0.0380441361895193,5.04855412005667,0.673498404345547,0.413262176217484,0.999723251605349,1,"arteriol_scler"
"9825","GRAMD4","Exc L5 ET",0.0108155183053321,4.95236957769991,0.05454928742279,0.931804757050051,0.999723251605349,1,"arteriol_scler"
"9826","CERK","Exc L5 ET",-0.0138328122010456,4.87890611098547,0.0768404854397543,0.984050090816119,0.999723251605349,1,"arteriol_scler"
"9827","AL118516.1","Exc L5 ET",-0.0448997161476492,3.62111401063087,0.195597420480872,0.658996550206555,0.999723251605349,1,"arteriol_scler"
"9828","TBC1D22A","Exc L5 ET",-0.0136615605090788,7.28928574466142,0.133316821891562,0.715581364631553,0.999723251605349,1,"arteriol_scler"
"9829","AL117329.1","Exc L5 ET",0.0986013647344174,7.4706994420977,1.35929900653252,0.245687485544253,0.999723251605349,1,"arteriol_scler"
"9830","FAM19A5","Exc L5 ET",-0.0193404477391134,7.24022013249195,0.22492588892214,0.63606805904232,0.999723251605349,1,"arteriol_scler"
"9831","C22orf34","Exc L5 ET",0.178242168549724,3.92996256481346,1.815566921832,0.180069110005597,0.999723251605349,1,"arteriol_scler"
"9832","BRD1","Exc L5 ET",0.0274336030345134,5.29447528563381,0.399570525379976,0.756232283640221,0.999723251605349,1,"arteriol_scler"
"9833","ZBED4","Exc L5 ET",0.0121110943165745,4.74825854286053,0.0468079020984281,0.82903614828591,0.999723251605349,1,"arteriol_scler"
"9834","CRELD2","Exc L5 ET",-0.102030112715209,4.24403626046384,2.32647943045042,0.129497616801854,0.999723251605349,1,"arteriol_scler"
"9835","PIM3","Exc L5 ET",0.00479726079150234,4.26952823158032,0.00482872662523182,0.944701820053715,0.999723251605349,1,"arteriol_scler"
"9836","MOV10L1","Exc L5 ET",-0.109315866334758,3.95621663529054,1.53646586124632,0.217266642825456,0.999723251605349,1,"arteriol_scler"
"9837","PANX2","Exc L5 ET",0.0954460298927305,4.20592456861828,1.9073296329719,0.169511848801225,0.999723251605349,1,"arteriol_scler"
"9838","TRABD","Exc L5 ET",0.011305310070874,4.72542991347204,0.0506767272847296,0.822225770331487,0.999723251605349,1,"arteriol_scler"
"9839","SELENOO","Exc L5 ET",-0.0185381200218108,6.4030308143709,0.228872511903613,0.633124715943033,0.999723251605349,1,"arteriol_scler"
"9840","TUBGCP6","Exc L5 ET",0.0141185390772323,4.49506070955469,0.0525350505049089,0.819051671268746,0.999723251605349,1,"arteriol_scler"
"9841","HDAC10","Exc L5 ET",0.0606102820420854,4.10257197215457,0.733034819169181,0.39339830204341,0.999723251605349,1,"arteriol_scler"
"9842","MAPK11","Exc L5 ET",0.0501632865818581,4.68276749294647,0.785040073933622,0.377158831849551,0.999723251605349,1,"arteriol_scler"
"9843","PLXNB2","Exc L5 ET",-0.0758857252678745,4.10628254073195,1.14984213109174,0.285470031571205,0.999723251605349,1,"arteriol_scler"
"9844","DENND6B","Exc L5 ET",-0.000548103531412695,5.82641809203398,0.000218550026330763,0.988226489466208,0.999723251605349,1,"arteriol_scler"
"9845","PPP6R2","Exc L5 ET",-0.00794327981462792,7.06062344079715,0.0538688459333231,0.816809772755726,0.999723251605349,1,"arteriol_scler"
"9846","SBF1","Exc L5 ET",0.0245048252609127,4.5686046038453,0.183399780106287,0.669141086728956,0.999723251605349,1,"arteriol_scler"
"9847","LMF2","Exc L5 ET",0.0671319636580423,4.17895930959498,1.20117151730934,0.275013137773647,0.999723251605349,1,"arteriol_scler"
"9848","MAPK8IP2","Exc L5 ET",0.10259654204627,6.11149988451989,4.24158945815086,0.0413413412395767,0.999723251605349,1,"arteriol_scler"
"9849","ARSA","Exc L5 ET",0.0299238108951753,4.12316409570127,0.149191675950416,0.699909044837459,0.999723251605349,1,"arteriol_scler"
"9850","SHANK3","Exc L5 ET",-0.0616158343385418,4.87366834241858,1.12825861269181,0.29001844443261,0.999723251605349,1,"arteriol_scler"
"9851","RABL2B","Exc L5 ET",-0.0239542778496746,5.42708018376598,0.366932218667197,0.545684849671774,0.999723251605349,1,"arteriol_scler"
"9852","FP475955.1","Exc L5 ET",0.0829537572753447,3.5196116260531,0.512275180587858,0.475375379444317,0.999723251605349,1,"arteriol_scler"
"9853","FP671120.1","Exc L5 ET",0.0519462231903346,6.31311508528136,0.379320748244946,0.538990273181054,0.999723251605349,1,"arteriol_scler"
"9854","FP236383.1","Exc L5 ET",0.0967518741490608,5.57286198338648,1.25119154914674,0.265285168506593,0.999723251605349,1,"arteriol_scler"
"9855","CR381653.1","Exc L5 ET",-0.0654734176097213,4.19790051690064,0.481182576730277,0.489063199197638,0.999723251605349,1,"arteriol_scler"
"9856","AP001347.1","Exc L5 ET",-0.0329909144700796,6.48985082249669,0.243496330972116,0.622483388054182,0.999723251605349,1,"arteriol_scler"
"9857","RBM11","Exc L5 ET",0.0307198214615309,4.16209015298529,0.223450766199104,0.637176318011495,0.999723251605349,1,"arteriol_scler"
"9858","HSPA13","Exc L5 ET",-0.0521744371869117,4.71179239702295,0.825812884893822,0.365084103091894,0.999723251605349,1,"arteriol_scler"
"9859","NRIP1","Exc L5 ET",0.00691899048739425,5.486090690722,0.0189907830701087,0.890595523494796,0.999723251605349,1,"arteriol_scler"
"9860","AJ009632.2","Exc L5 ET",-0.0768819671520406,8.31645252588913,0.276737974286734,0.599698981843386,0.999723251605349,1,"arteriol_scler"
"9861","USP25","Exc L5 ET",0.0126716017821952,7.5183245814309,0.149090828222668,0.700005511923207,0.999723251605349,1,"arteriol_scler"
"9862","MIR99AHG","Exc L5 ET",0.0407850344707235,9.81107488030428,1.94396566412258,0.165498702107555,0.999723251605349,1,"arteriol_scler"
"9863","CXADR","Exc L5 ET",0.0362376375335672,5.58835204937517,0.780730543705622,0.378467839499421,0.999723251605349,1,"arteriol_scler"
"9864","MIR548XHG","Exc L5 ET",-0.160140855218009,3.99709692846834,1.1055190363038,0.294911676699182,0.999723251605349,1,"arteriol_scler"
"9865","NCAM2","Exc L5 ET",0.0367200225562542,10.2178321317732,0.977623737487868,0.324531605480948,0.999723251605349,1,"arteriol_scler"
"9866","AP001341.1","Exc L5 ET",0.102103846148516,4.12570190334171,1.00936210994035,0.316829303861822,0.999723251605349,1,"arteriol_scler"
"9867","LINC00158","Exc L5 ET",-0.0363741081736262,4.44441316128516,0.261044068331822,0.610227254009335,0.999723251605349,1,"arteriol_scler"
"9868","MRPL39","Exc L5 ET",-0.0498267615065055,4.29969743239339,0.811709972601917,0.449354396351522,0.999723251605349,1,"arteriol_scler"
"9869","JAM2","Exc L5 ET",0.00475730440512412,4.11338470785347,0.00200099435736342,0.964385771854625,0.999723251605349,1,"arteriol_scler"
"9870","ATP5PF","Exc L5 ET",-0.0333304886871156,5.92125490570556,0.177349246060487,0.674322064971009,0.999723251605349,1,"arteriol_scler"
"9871","GABPA","Exc L5 ET",-0.0368837545840087,4.63767442893773,0.492909052503016,0.483825197332665,0.999723251605349,1,"arteriol_scler"
"9872","APP","Exc L5 ET",0.00367373832215833,9.25995877771232,0.0237598883305869,0.877724580722906,0.999723251605349,1,"arteriol_scler"
"9873","CYYR1-AS1","Exc L5 ET",0.0181636655176208,4.00269625058972,0.0476577458255446,0.827515571078746,0.999723251605349,1,"arteriol_scler"
"9874","LINC01695","Exc L5 ET",0.00629397534403942,4.06811485874441,0.00475663447612365,0.945115505259497,0.999723251605349,1,"arteriol_scler"
"9875","AF165147.1","Exc L5 ET",-0.0213601435399362,5.51021974776711,0.126773923146304,0.722349123912286,0.999723251605349,1,"arteriol_scler"
"9876","LTN1","Exc L5 ET",-0.0290637185914721,5.72456506335728,0.599478594273979,0.440112979917622,0.999723251605349,1,"arteriol_scler"
"9877","USP16","Exc L5 ET",0.0121517451796821,4.72994773838106,0.0503104015305672,0.822858654188324,0.999723251605349,1,"arteriol_scler"
"9878","CCT8","Exc L5 ET",-0.00808146845472807,5.1363687487642,0.016730238325787,0.897274294751036,0.999723251605349,1,"arteriol_scler"
"9879","BACH1","Exc L5 ET",-0.0858575599883622,4.64279152149706,1.28571763220366,0.258821576260154,0.999723251605349,1,"arteriol_scler"
"9880","GRIK1","Exc L5 ET",-0.102305070268109,6.33633055008667,0.855337236199196,0.356675215071474,0.999723251605349,1,"arteriol_scler"
"9881","TIAM1","Exc L5 ET",-0.0325605799705591,7.90862343300556,0.809337372591593,0.369896946594407,0.999723251605349,1,"arteriol_scler"
"9882","SOD1","Exc L5 ET",-0.0205998005111825,6.63713793483215,0.0653474510188489,0.79861933736898,0.999723251605349,1,"arteriol_scler"
"9883","SCAF4","Exc L5 ET",0.0289869083247365,5.18439498086527,0.514106573580543,0.817493384353859,0.999723251605349,1,"arteriol_scler"
"9884","HUNK","Exc L5 ET",-0.0116859438179615,4.46257731971749,0.0296197671574417,0.863610131711638,0.999723251605349,1,"arteriol_scler"
"9885","LINC00159","Exc L5 ET",0.0525740653068784,5.38336070870714,0.772976993307895,0.380839244584391,0.999723251605349,1,"arteriol_scler"
"9886","URB1","Exc L5 ET",0.0356721450819356,5.37316550400888,0.90507535390662,0.66856038627407,0.999723251605349,1,"arteriol_scler"
"9887","EVA1C","Exc L5 ET",0.0255029837546103,5.77395370771226,0.267312543041231,0.605975092093387,0.999723251605349,1,"arteriol_scler"
"9888","SYNJ1","Exc L5 ET",0.0239565040971926,7.05470081162705,1.00634350266121,0.31755137621949,0.999723251605349,1,"arteriol_scler"
"9889","PAXBP1","Exc L5 ET",0.0327454227077226,5.97650867741712,0.939173041412973,0.550626493737812,0.999723251605349,1,"arteriol_scler"
"9890","C21orf62-AS1","Exc L5 ET",0.120973743846191,4.42750006528889,2.91360305050932,0.0901040302493866,0.999723251605349,1,"arteriol_scler"
"9891","IFNAR1","Exc L5 ET",0.0755368512788579,5.11140617911878,3.25721890165656,0.0733090091465919,0.999723251605349,1,"arteriol_scler"
"9892","IFNGR2","Exc L5 ET",0.000238203600040899,5.38922786010211,3.12707366936212e-05,0.995546379000584,0.999723251605349,1,"arteriol_scler"
"9893","TMEM50B","Exc L5 ET",0.000300625724831094,5.33804462710064,5.26334948688743e-05,0.994222050440564,0.999723251605349,1,"arteriol_scler"
"9894","GART","Exc L5 ET",0.0160612405401449,4.65194330535415,0.0937335555337047,0.759948711189467,0.999723251605349,1,"arteriol_scler"
"9895","SON","Exc L5 ET",0.00410104407763452,7.25368321968467,0.0135904174167002,0.907365467588588,0.999723251605349,1,"arteriol_scler"
"9896","AP000311.1","Exc L5 ET",-0.0939369873243708,5.15641582008913,1.1899930635677,0.277248419325139,0.999723251605349,1,"arteriol_scler"
"9897","ITSN1","Exc L5 ET",0.0036979258680565,7.76739701491871,0.0204074157402223,0.886615247847676,0.999723251605349,1,"arteriol_scler"
"9898","MRPS6","Exc L5 ET",0.0818225823520617,5.53496558912666,2.29281451820465,0.132280860220335,0.999723251605349,1,"arteriol_scler"
"9899","AP000317.1","Exc L5 ET",-0.0570522502742085,4.04414830073915,0.437244281021675,0.509567563576496,0.999723251605349,1,"arteriol_scler"
"9900","RCAN1","Exc L5 ET",-0.045494170718957,5.17947388164513,1.04001753561046,0.30961735514691,0.999723251605349,1,"arteriol_scler"
"9901","RUNX1","Exc L5 ET",-0.0541205562193432,5.58589974849851,0.578469430865805,0.448221673805596,0.999723251605349,1,"arteriol_scler"
"9902","SETD4","Exc L5 ET",0.0487250585665428,4.905119403732,1.10674101932773,0.294646031039566,0.999723251605349,1,"arteriol_scler"
"9903","CBR1","Exc L5 ET",-0.0125473505218058,4.17084084134601,0.0304931500640234,0.861634116411906,0.999723251605349,1,"arteriol_scler"
"9904","CBR3","Exc L5 ET",0.0631635473319366,3.94959794115317,0.532811921396098,0.466675034641704,0.999723251605349,1,"arteriol_scler"
"9905","DOPEY2","Exc L5 ET",0.0047482521479738,6.76155455752269,0.0185358500246245,0.891905650335364,0.999723251605349,1,"arteriol_scler"
"9906","MORC3","Exc L5 ET",-0.0270741738040292,5.58580547242764,0.634262738844392,0.427175796533834,0.999723251605349,1,"arteriol_scler"
"9907","HLCS","Exc L5 ET",0.0114937128491154,7.18915908339108,0.102687101696547,0.749117440602134,0.999723251605349,1,"arteriol_scler"
"9908","PIGP","Exc L5 ET",0.111137433125718,4.10328427133657,2.32773338520268,0.12939522798146,0.999723251605349,1,"arteriol_scler"
"9909","TTC3","Exc L5 ET",-0.00164619366308629,8.82547536674929,0.00626412012029206,0.937031986806396,0.999723251605349,1,"arteriol_scler"
"9910","VPS26C","Exc L5 ET",-0.000354734977628446,5.60631883387241,0.000101077894867293,0.991993048383928,0.999723251605349,1,"arteriol_scler"
"9911","DYRK1A","Exc L5 ET",0.0313630316571724,7.36410375764763,1.3277341897976,0.251218148601115,0.999723251605349,1,"arteriol_scler"
"9912","KCNJ6","Exc L5 ET",0.0204738005843774,7.84564987692446,0.342924223975516,0.559110866092548,0.999723251605349,1,"arteriol_scler"
"9913","ERG","Exc L5 ET",0.061101650821151,6.5292287769239,0.877315562106446,0.350588424456381,0.999723251605349,1,"arteriol_scler"
"9914","ETS2","Exc L5 ET",0.0721379337366339,6.26530334511326,2.49854869385047,0.116260427270321,0.999723251605349,1,"arteriol_scler"
"9915","AP001043.1","Exc L5 ET",0.043383195490604,4.05740205221129,0.23011280328261,0.632206171049279,0.999723251605349,1,"arteriol_scler"
"9916","PSMG1","Exc L5 ET",0.045763676156528,3.99258854944739,0.39316023395969,0.531687878584675,0.999723251605349,1,"arteriol_scler"
"9917","BRWD1","Exc L5 ET",0.0324956729903507,7.68582057639001,1.52992891502137,0.218242070812344,0.999723251605349,1,"arteriol_scler"
"9918","HMGN1","Exc L5 ET",-0.09547013485334,4.72386614552356,2.76020661867251,0.0989255921977395,0.999723251605349,1,"arteriol_scler"
"9919","WRB","Exc L5 ET",0.000124498060455953,5.50887986779556,8.03643719902223e-06,0.997742240536241,0.999723251605349,1,"arteriol_scler"
"9920","B3GALT5","Exc L5 ET",0.0249269779006397,5.4931837853988,0.217413534696229,0.641759334316319,0.999723251605349,1,"arteriol_scler"
"9921","PCP4","Exc L5 ET",-0.0367555777602247,6.40590262743593,0.166322372130864,0.68403861635975,0.999723251605349,1,"arteriol_scler"
"9922","DSCAM","Exc L5 ET",0.00989969645618275,10.8329260369611,0.0950031353061919,0.758379319176217,0.999723251605349,1,"arteriol_scler"
"9923","BACE2","Exc L5 ET",-0.00319715642723612,5.01751518558545,0.00178967176036119,0.966317625449045,0.999723251605349,1,"arteriol_scler"
"9924","MX1","Exc L5 ET",-0.0283552891596057,4.91243320388702,0.360762418569647,0.549076825320064,0.999723251605349,1,"arteriol_scler"
"9925","PRDM15","Exc L5 ET",-0.0685824474409044,4.21904920437942,1.21010451870777,0.273243241653189,0.999723251605349,1,"arteriol_scler"
"9926","C2CD2","Exc L5 ET",-0.0378095432702091,6.45993778299038,1.62713334157474,0.204261593884336,0.999723251605349,1,"arteriol_scler"
"9927","ZBTB21","Exc L5 ET",-0.00548491314783929,4.32531126494061,0.00900467968338812,0.992468405786752,0.999723251605349,1,"arteriol_scler"
"9928","ABCG1","Exc L5 ET",0.0160378594633236,4.94621114526859,0.115703854320476,0.954150043157533,0.999723251605349,1,"arteriol_scler"
"9929","RSPH1","Exc L5 ET",-0.0751880694574084,4.33786016907064,1.36151868049064,0.245304244066257,0.999723251605349,1,"arteriol_scler"
"9930","SLC37A1","Exc L5 ET",0.0312648463868276,5.56370811310442,0.52797519919923,0.468700753258001,0.999723251605349,1,"arteriol_scler"
"9931","PDE9A","Exc L5 ET",-0.100888417221052,5.42147013364199,3.0470656922418,0.0831281179883668,0.999723251605349,1,"arteriol_scler"
"9932","NDUFV3","Exc L5 ET",-0.0163927544378505,5.8092934718627,0.195679281180374,0.658929761556181,0.999723251605349,1,"arteriol_scler"
"9933","PKNOX1","Exc L5 ET",0.0351148393260199,5.68274934170382,0.417626208741494,0.519206456446877,0.999723251605349,1,"arteriol_scler"
"9934","RRP1B","Exc L5 ET",0.00371177855326522,5.07625693978469,0.00701717327914327,0.970987644200513,0.999723251605349,1,"arteriol_scler"
"9935","PDXK","Exc L5 ET",-0.0104043211927225,7.07850439758986,0.138467836342432,0.710384712957432,0.999723251605349,1,"arteriol_scler"
"9936","CSTB","Exc L5 ET",-0.0586741561757963,5.0701329719596,0.530153363412839,0.467786741404528,0.999723251605349,1,"arteriol_scler"
"9937","AGPAT3","Exc L5 ET",-0.0263774740626612,5.86117008120134,0.611181807795105,0.435694033807797,0.999723251605349,1,"arteriol_scler"
"9938","TRAPPC10","Exc L5 ET",-0.00737902143583346,5.60884812581582,0.0331933791636284,0.855702901332782,0.999723251605349,1,"arteriol_scler"
"9939","PFKL","Exc L5 ET",0.0410298202521332,4.44471047741247,0.509685032683231,0.476491417020312,0.999723251605349,1,"arteriol_scler"
"9940","C21orf2","Exc L5 ET",-0.0591044737169131,4.16611769006434,0.653651399671898,0.420213860098127,0.999723251605349,1,"arteriol_scler"
"9941","TRPM2","Exc L5 ET",0.031337976799474,7.0022280844607,0.706821209310469,0.401968057559157,0.999723251605349,1,"arteriol_scler"
"9942","UBE2G2","Exc L5 ET",0.00590318509498084,6.25680899579596,0.0308226021164624,0.860896324163921,0.999723251605349,1,"arteriol_scler"
"9943","SUMO3","Exc L5 ET",0.020580771798281,4.82668819355434,0.0673442611704444,0.795633606798667,0.999723251605349,1,"arteriol_scler"
"9944","PTTG1IP","Exc L5 ET",-0.108401814737345,3.90745658433733,2.46621070024417,0.118627935839136,0.999723251605349,1,"arteriol_scler"
"9945","ADARB1","Exc L5 ET",-0.0482834615308693,6.01237312539133,1.41862360828232,0.23569236308908,0.999723251605349,1,"arteriol_scler"
"9946","PCBP3","Exc L5 ET",0.0462283297284484,5.41068344143077,0.740223629418032,0.391094435862679,0.999723251605349,1,"arteriol_scler"
"9947","COL6A1","Exc L5 ET",0.000296724970875088,6.31832747536056,4.99120125847121e-05,0.994373408554166,0.999723251605349,1,"arteriol_scler"
"9948","FTCD","Exc L5 ET",-0.104499705330067,4.62992526396744,1.92380245811222,0.167693632838245,0.999723251605349,1,"arteriol_scler"
"9949","LSS","Exc L5 ET",0.0378541968915818,5.64586741937229,0.551822912560438,0.458847412191509,0.999723251605349,1,"arteriol_scler"
"9950","MCM3AP","Exc L5 ET",-0.0592670977571981,5.401120635212,2.44075926880318,0.137261948639357,0.999723251605349,1,"arteriol_scler"
"9951","YBEY","Exc L5 ET",-0.0286539629922456,4.08397265232055,0.160693758495353,0.689143934859553,0.999723251605349,1,"arteriol_scler"
"9952","PCNT","Exc L5 ET",-0.043193695550908,6.56955324813865,1.53129344247374,0.21803802488117,0.999723251605349,1,"arteriol_scler"
"9953","DIP2A","Exc L5 ET",-0.00250947626716962,7.13901685629128,0.00592289973457471,0.938767498744745,0.999723251605349,1,"arteriol_scler"
"9954","PRMT2","Exc L5 ET",-0.0270057704642123,6.21360496795324,0.53834180576171,0.464376223226691,0.999723251605349,1,"arteriol_scler"
"9955","MT-ND1","Exc L5 ET",0.0462842164523903,10.5160716634316,0.254578336808621,0.614681296414897,0.999723251605349,1,"arteriol_scler"
"9956","MT-ND2","Exc L5 ET",-0.0234688100404048,9.58897182345394,0.0461831884471566,0.830163153402521,0.999723251605349,1,"arteriol_scler"
"9957","MT-CO1","Exc L5 ET",-0.0365061893288362,11.7221192453223,0.149968815278607,0.699166917924936,0.999723251605349,1,"arteriol_scler"
"9958","MT-CO2","Exc L5 ET",0.0295747665426107,11.8875576983717,0.104708022596688,0.746745447486437,0.999723251605349,1,"arteriol_scler"
"9959","MT-ATP8","Exc L5 ET",0.165157835688766,3.93611461238718,1.50299744749058,0.222316761283771,0.999723251605349,1,"arteriol_scler"
"9960","MT-ATP6","Exc L5 ET",0.0589524856322742,11.5463780468899,0.46810234301891,0.495018752290703,0.999723251605349,1,"arteriol_scler"
"9961","MT-CO3","Exc L5 ET",0.0172467594341683,12.1319483667927,0.0350288601023149,0.851812465546511,0.999723251605349,1,"arteriol_scler"
"9962","MT-ND3","Exc L5 ET",0.0757563355266564,10.5164925694126,0.488254130792786,0.485893241528394,0.999723251605349,1,"arteriol_scler"
"9963","MT-ND4L","Exc L5 ET",0.0632934059773692,6.17615039960337,0.317197905268466,0.57421834570907,0.999723251605349,1,"arteriol_scler"
"9964","MT-ND4","Exc L5 ET",-0.0277401283753822,10.909942985893,0.0773114643966003,0.781394204821186,0.999723251605349,1,"arteriol_scler"
"9965","MT-ND5","Exc L5 ET",0.0543552200279977,8.1357494716946,0.34640274481509,0.557126963934695,0.999723251605349,1,"arteriol_scler"
"9966","MT-CYB","Exc L5 ET",0.0479394983032193,11.2708493865325,0.267038288010921,0.606159801658465,0.999723251605349,1,"arteriol_scler"
"9967","AL592183.1","Exc L5 ET",-0.026972107771226,5.89253919990733,0.141368427380859,0.707506763695368,0.999723251605349,1,"arteriol_scler"
