"","gene","cluster_id","logFC","logCPM","F","p_val","p_adj.loc","p_adj.glb","coef"
"1","AL627309.1","Exc L4-5 RORB IL1RAPL2",0.0605714589304428,3.06110324168606,0.858642455895076,0.355469828830389,0.675692649316836,0.675692649316836,"social_isolation_avg"
"2","AL669831.5","Exc L4-5 RORB IL1RAPL2",0.0359921959997442,5.75609907203524,1.68096443978112,0.196603423944391,0.509993162296694,0.509993162296694,"social_isolation_avg"
"3","LINC00115","Exc L4-5 RORB IL1RAPL2",-0.0292075818016694,0.406465738158991,0.0456844209807785,0.831013898587898,0.955784692430954,0.955784692430954,"social_isolation_avg"
"4","NOC2L","Exc L4-5 RORB IL1RAPL2",-0.0714906180075077,4.75278236178676,5.71943453514784,0.0179013593272038,0.139847902489687,0.139847902489687,"social_isolation_avg"
"5","KLHL17","Exc L4-5 RORB IL1RAPL2",-0.110381204536755,2.86237323261493,3.97169650507977,0.0479167933951114,0.246100338715772,0.246100338715772,"social_isolation_avg"
"6","AL645608.8","Exc L4-5 RORB IL1RAPL2",-0.285130641440121,-0.454603160088768,2.17866384428114,0.1418383256357,0.435416244916065,0.435416244916065,"social_isolation_avg"
"7","HES4","Exc L4-5 RORB IL1RAPL2",-0.30649493104487,3.36161831131136,7.08496178736827,0.00854064247741367,0.0895971589984174,0.0895971589984174,"social_isolation_avg"
"8","ISG15","Exc L4-5 RORB IL1RAPL2",-0.282629005089583,1.19244515855571,6.02718551846267,0.0151230538994615,0.125172048482813,0.125172048482813,"social_isolation_avg"
"9","AGRN","Exc L4-5 RORB IL1RAPL2",-0.108008916702276,4.60016264200263,4.17279299062032,0.0426663508959135,0.230522565762872,0.230522565762872,"social_isolation_avg"
"10","C1orf159","Exc L4-5 RORB IL1RAPL2",-0.017099551580059,5.38887989195435,0.421622655966454,0.517029704262844,0.798915618920184,0.798915618920184,"social_isolation_avg"
"11","TNFRSF18","Exc L4-5 RORB IL1RAPL2",-0.266331837667849,0.409907761381746,4.20701668327028,0.041835420788742,0.228183337199132,0.228183337199132,"social_isolation_avg"
"12","TNFRSF4","Exc L4-5 RORB IL1RAPL2",-0.0399770474473307,1.49662292259482,0.127776495401431,0.721204662222016,0.909296979182147,0.909296979182147,"social_isolation_avg"
"13","SDF4","Exc L4-5 RORB IL1RAPL2",-0.0126892533415591,5.04039052651645,0.128864416665379,0.720070483007665,0.909266791843836,0.909266791843836,"social_isolation_avg"
"14","B3GALT6","Exc L4-5 RORB IL1RAPL2",-0.0621956350128157,2.6258546950895,1.87948559257567,0.172251150383198,0.477131926221457,0.477131926221457,"social_isolation_avg"
"15","C1QTNF12","Exc L4-5 RORB IL1RAPL2",-0.0305924454325947,-0.0791406564453957,0.0583172833590518,0.809474895091903,0.948598692557531,0.948598692557531,"social_isolation_avg"
"16","UBE2J2","Exc L4-5 RORB IL1RAPL2",-0.0100230015065743,4.81524286712289,0.173937372548278,0.866753038291251,0.966778235497087,0.966778235497087,"social_isolation_avg"
"17","LINC01786","Exc L4-5 RORB IL1RAPL2",-0.0136292178340089,2.14250761469478,0.0526441108573728,0.818808242066237,0.951779344048158,0.951779344048158,"social_isolation_avg"
"18","SCNN1D","Exc L4-5 RORB IL1RAPL2",0.0630208089708342,3.07450055483793,1.2402404750865,0.2670414926165,0.597174338943008,0.597174338943008,"social_isolation_avg"
"19","ACAP3","Exc L4-5 RORB IL1RAPL2",0.00255711061621831,6.3947015719589,0.00883393082961409,0.925231731215313,0.98417618971798,0.98417618971798,"social_isolation_avg"
"20","PUSL1","Exc L4-5 RORB IL1RAPL2",-0.151739206608481,1.61221048501359,5.25242747875712,0.0231778236302394,0.16170634251761,0.16170634251761,"social_isolation_avg"
"21","INTS11","Exc L4-5 RORB IL1RAPL2",0.0195602780735495,5.2123592101201,0.641261905148564,0.424403708443582,0.730636986464758,0.730636986464758,"social_isolation_avg"
"22","CPTP","Exc L4-5 RORB IL1RAPL2",-0.0390884343023916,2.78544278947179,0.757968470303986,0.385227638509711,0.70213776594184,0.70213776594184,"social_isolation_avg"
"23","DVL1","Exc L4-5 RORB IL1RAPL2",-0.0123758058750247,4.27381838375296,0.163679915421596,0.686313889388456,0.891755603702717,0.891755603702717,"social_isolation_avg"
"24","MXRA8","Exc L4-5 RORB IL1RAPL2",-0.285916947448404,-0.475206730695683,2.34692817278873,0.127441783583854,0.41064815858142,0.41064815858142,"social_isolation_avg"
"25","AURKAIP1","Exc L4-5 RORB IL1RAPL2",-0.118892050529842,4.08233226412382,9.85409421834385,0.00200737776639349,0.0374941705014128,0.0374941705014128,"social_isolation_avg"
"26","CCNL2","Exc L4-5 RORB IL1RAPL2",0.00582346441113968,5.8380134272136,0.0737357228801154,0.786312096059406,0.939077899989903,0.939077899989903,"social_isolation_avg"
"27","MRPL20","Exc L4-5 RORB IL1RAPL2",-0.106597629971486,4.61142351085124,13.3547163230797,0.00034585982490242,0.012062102881143,0.012062102881143,"social_isolation_avg"
"28","AL391244.3","Exc L4-5 RORB IL1RAPL2",0.0106426889814157,0.855950490071549,0.0193729307950136,0.889472072151619,0.974640400394109,0.974640400394109,"social_isolation_avg"
"29","ANKRD65","Exc L4-5 RORB IL1RAPL2",-0.0999014409427894,2.97115724102057,1.83146099668839,0.177802902640888,0.484198146354094,0.484198146354094,"social_isolation_avg"
"30","VWA1","Exc L4-5 RORB IL1RAPL2",-0.206381513797356,-0.249877499428903,0.496529618992595,0.482020591504494,0.774781838175465,0.774781838175465,"social_isolation_avg"
"31","ATAD3C","Exc L4-5 RORB IL1RAPL2",-0.099044572111775,2.22373388987833,1.19921833802359,0.275071027124158,0.605118431216089,0.605118431216089,"social_isolation_avg"
"32","ATAD3B","Exc L4-5 RORB IL1RAPL2",0.0740940858203323,4.45021439188556,4.44225173171907,0.0365684420080918,0.210627546799118,0.210627546799118,"social_isolation_avg"
"33","ATAD3A","Exc L4-5 RORB IL1RAPL2",-0.0239137552587641,3.87624567846735,0.642587570037018,0.423926199899804,0.730484447368394,0.730484447368394,"social_isolation_avg"
"34","TMEM240","Exc L4-5 RORB IL1RAPL2",-0.00821839413668954,2.4804420434832,0.0195043089787082,0.88910036743751,0.974640400394109,0.974640400394109,"social_isolation_avg"
"35","SSU72","Exc L4-5 RORB IL1RAPL2",-0.0923735185329377,5.67850826157161,20.8944044498578,9.46389074390159e-06,0.00129758171569103,0.00129758171569103,"social_isolation_avg"
"36","AL645728.1","Exc L4-5 RORB IL1RAPL2",-0.0436605395627709,1.90716428139756,0.485112794250002,0.915986517407387,0.982314129660164,0.982314129660164,"social_isolation_avg"
"37","FNDC10","Exc L4-5 RORB IL1RAPL2",-0.0124884447438128,3.39883350907789,0.0594482717110294,0.80767245377447,0.947643722434191,0.947643722434191,"social_isolation_avg"
"38","AL691432.2","Exc L4-5 RORB IL1RAPL2",0.00512494464123407,3.01556751726594,0.013645273237933,0.978200678345247,0.996787753740907,0.996787753740907,"social_isolation_avg"
"39","MIB2","Exc L4-5 RORB IL1RAPL2",0.0159632919547813,5.28409316105013,0.33185146285773,0.565354414709422,0.826991879144998,0.826991879144998,"social_isolation_avg"
"40","MMP23B","Exc L4-5 RORB IL1RAPL2",0.000498277297591976,1.40403301908423,3.85273134804838e-05,0.995055017218686,0.9994589795957,0.9994589795957,"social_isolation_avg"
"41","CDK11B","Exc L4-5 RORB IL1RAPL2",-0.0111568057739293,4.90774833213213,0.112530810772532,0.73770640643654,0.916851216249722,0.916851216249722,"social_isolation_avg"
"42","FO704657.1","Exc L4-5 RORB IL1RAPL2",-0.0996216026963317,0.308953053314261,1.04998980281244,0.307006665445665,0.636943523446061,0.636943523446061,"social_isolation_avg"
"43","SLC35E2B","Exc L4-5 RORB IL1RAPL2",-0.0358082225050491,4.69949650744425,0.858677399069827,0.355460065299832,0.675692649316836,0.675692649316836,"social_isolation_avg"
"44","CDK11A","Exc L4-5 RORB IL1RAPL2",0.00237171627134612,4.11593510254884,0.00157614215016269,0.968379687700394,0.9941928619423,0.9941928619423,"social_isolation_avg"
"45","SLC35E2A","Exc L4-5 RORB IL1RAPL2",-0.050361520139698,4.6791380109906,0.922520282296525,0.3382169478376,0.662052852269318,0.662052852269318,"social_isolation_avg"
"46","NADK","Exc L4-5 RORB IL1RAPL2",-0.0385668849772802,4.04471229619927,1.88794507604781,0.180751013748664,0.487439143268314,0.487439143268314,"social_isolation_avg"
"47","GNB1","Exc L4-5 RORB IL1RAPL2",-0.0355487506604485,7.7768949905468,7.31045293615053,0.00757251747512234,0.084222828618611,0.084222828618611,"social_isolation_avg"
"48","AL109917.1","Exc L4-5 RORB IL1RAPL2",0.0590090966305735,-0.245632979325527,0.160536395975277,0.689180546243865,0.893174413155931,0.893174413155931,"social_isolation_avg"
"49","TMEM52","Exc L4-5 RORB IL1RAPL2",0.0229107050967713,0.229568999650392,0.0336853466375343,0.854602665777429,0.962722785572292,0.962722785572292,"social_isolation_avg"
"50","CFAP74","Exc L4-5 RORB IL1RAPL2",0.0401253797199079,4.60811724223527,1.28729492563366,0.258189699629818,0.586670746570888,0.586670746570888,"social_isolation_avg"
"51","AL391845.2","Exc L4-5 RORB IL1RAPL2",0.117056557737907,0.876240091904472,1.39429389936768,0.239377570312007,0.563481339620986,0.563481339620986,"social_isolation_avg"
"52","GABRD","Exc L4-5 RORB IL1RAPL2",-0.0876692644932396,5.18841672710519,6.74109775402516,0.0102704313567471,0.100427303204657,0.100427303204657,"social_isolation_avg"
"53","PRKCZ","Exc L4-5 RORB IL1RAPL2",-0.0576898907796185,6.81735048463537,8.68194852697946,0.00367827970089663,0.0545428920224648,0.0545428920224648,"social_isolation_avg"
"54","AL590822.2","Exc L4-5 RORB IL1RAPL2",0.00325570175736527,0.650745312263608,8.60133522479349e-05,0.9926114383829,0.999106342464243,0.999106342464243,"social_isolation_avg"
"55","FAAP20","Exc L4-5 RORB IL1RAPL2",-0.0850715809743035,3.84971992256255,4.68045712848374,0.0319438070421028,0.195475023623424,0.195475023623424,"social_isolation_avg"
"56","AL590822.1","Exc L4-5 RORB IL1RAPL2",0.0174954825458482,1.73056394920644,0.0633191914993656,0.801637282720096,0.944851309341205,0.944851309341205,"social_isolation_avg"
"57","SKI","Exc L4-5 RORB IL1RAPL2",0.0264287180929472,6.10714136026856,1.16453905708132,0.282098312713122,0.61341296153194,0.61341296153194,"social_isolation_avg"
"58","MORN1","Exc L4-5 RORB IL1RAPL2",0.0196717124013267,5.12609598869948,0.641085363544097,0.424467360443516,0.730636986464758,0.730636986464758,"social_isolation_avg"
"59","RER1","Exc L4-5 RORB IL1RAPL2",-0.0598011266893189,4.74744428075236,5.01073107261218,0.0265258039681389,0.174554893285996,0.174554893285996,"social_isolation_avg"
"60","PEX10","Exc L4-5 RORB IL1RAPL2",-0.0704001981448411,3.24587607418287,3.8291870601715,0.0745893191788358,0.312642960439159,0.312642960439159,"social_isolation_avg"
"61","PLCH2","Exc L4-5 RORB IL1RAPL2",-0.0391498147718628,3.90261505225797,0.635447481016521,0.426507698614705,0.732871646492618,0.732871646492618,"social_isolation_avg"
"62","PANK4","Exc L4-5 RORB IL1RAPL2",0.0028792050990288,3.11489140075427,0.0025058911456275,0.960135907812649,0.991958693443439,0.991958693443439,"social_isolation_avg"
"63","HES5","Exc L4-5 RORB IL1RAPL2",-0.00392125543773129,0.498494676794755,0.00153833272535029,0.968761055216618,0.9941928619423,0.9941928619423,"social_isolation_avg"
"64","AL139246.5","Exc L4-5 RORB IL1RAPL2",-0.0106201384165128,1.83735941358087,0.0225181158705013,0.880899930174009,0.972403930320635,0.972403930320635,"social_isolation_avg"
"65","TNFRSF14","Exc L4-5 RORB IL1RAPL2",-0.0267680253043993,2.62185143461606,0.206562460405049,0.650071428779133,0.872959652514548,0.872959652514548,"social_isolation_avg"
"66","FAM213B","Exc L4-5 RORB IL1RAPL2",-0.0787084282272969,3.92189120038039,3.45465899538114,0.0648517533206884,0.290127459536375,0.290127459536375,"social_isolation_avg"
"67","TTC34","Exc L4-5 RORB IL1RAPL2",0.0577217102010393,1.51888061971564,0.618469459974252,0.432742599156702,0.737650695373329,0.737650695373329,"social_isolation_avg"
"68","PRDM16","Exc L4-5 RORB IL1RAPL2",0.127632743802742,0.986328321760954,0.386579612521002,0.534959396840875,0.809700884133067,0.809700884133067,"social_isolation_avg"
"69","ARHGEF16","Exc L4-5 RORB IL1RAPL2",0.040167320823372,0.896213718252908,0.128578663516456,0.72036786114168,0.909296979182147,0.909296979182147,"social_isolation_avg"
"70","MEGF6","Exc L4-5 RORB IL1RAPL2",-0.0334737100898195,2.31539754217471,0.40971767581572,0.522999076479596,0.803024062815097,0.803024062815097,"social_isolation_avg"
"71","AL513320.1","Exc L4-5 RORB IL1RAPL2",-0.127626420188664,0.567872871888298,1.3033484604498,0.255253632600759,0.583531307320376,0.583531307320376,"social_isolation_avg"
"72","TPRG1L","Exc L4-5 RORB IL1RAPL2",-0.118937851450413,5.26003735711456,12.79369074568,0.000456429904324998,0.0143428941221591,0.0143428941221591,"social_isolation_avg"
"73","WRAP73","Exc L4-5 RORB IL1RAPL2",-0.0204751757721357,3.42332553577615,0.395133453263431,0.53048094244877,0.807760334143987,0.807760334143987,"social_isolation_avg"
"74","LRRC47","Exc L4-5 RORB IL1RAPL2",-0.0556745408785855,4.34973888688006,3.33508876745113,0.0696209857693113,0.30223748054388,0.30223748054388,"social_isolation_avg"
"75","CEP104","Exc L4-5 RORB IL1RAPL2",0.0208936743068562,5.48384081145411,1.08762963098907,0.298519855825123,0.629559917299141,0.629559917299141,"social_isolation_avg"
"76","DFFB","Exc L4-5 RORB IL1RAPL2",-0.0040565239952618,4.28833200413011,0.0155198640037946,0.901008426411537,0.978205337360331,0.978205337360331,"social_isolation_avg"
"77","C1orf174","Exc L4-5 RORB IL1RAPL2",-0.00339273624600829,2.92855424970615,0.00564479436384575,0.94020065971003,0.98787472417403,0.98787472417403,"social_isolation_avg"
"78","LINC01134","Exc L4-5 RORB IL1RAPL2",0.0283401961907318,0.452375968873678,0.0839332071348319,0.785669641483157,0.93860819277545,0.93860819277545,"social_isolation_avg"
"79","AL805961.2","Exc L4-5 RORB IL1RAPL2",-0.0156754029598178,-0.125731175232206,0.0119243395722388,0.913177402951841,0.981668613012071,0.981668613012071,"social_isolation_avg"
"80","AJAP1","Exc L4-5 RORB IL1RAPL2",-0.0242674061060204,6.75458458212215,1.33074126905192,0.250338657598962,0.576726864779004,0.576726864779004,"social_isolation_avg"
"81","AL365255.1","Exc L4-5 RORB IL1RAPL2",0.122088930105273,3.27564056111936,1.83611539899799,0.177255839231571,0.483570626039043,0.483570626039043,"social_isolation_avg"
"82","NPHP4","Exc L4-5 RORB IL1RAPL2",0.0469177239050617,5.7570046547574,4.9111235943086,0.0280498790886777,0.180306157698644,0.180306157698644,"social_isolation_avg"
"83","KCNAB2","Exc L4-5 RORB IL1RAPL2",-0.0482961040814177,7.15042110658033,6.79799040680513,0.00996093997812534,0.0981108512889691,0.0981108512889691,"social_isolation_avg"
"84","CHD5","Exc L4-5 RORB IL1RAPL2",0.0315991011026499,7.46040146643371,2.0783724676891,0.151291258337564,0.448821244748361,0.448821244748361,"social_isolation_avg"
"85","RPL22","Exc L4-5 RORB IL1RAPL2",-0.0378155156608453,5.12853548865546,2.61259978611416,0.107924752797362,0.37991631289852,0.37991631289852,"social_isolation_avg"
"86","RNF207","Exc L4-5 RORB IL1RAPL2",0.048329430496611,4.29948657324701,1.71905377117709,0.191633345211798,0.502988886048809,0.502988886048809,"social_isolation_avg"
"87","ICMT","Exc L4-5 RORB IL1RAPL2",-0.0321477575968346,3.65570296697354,1.06374620827213,0.30386902461434,0.634969682164992,0.634969682164992,"social_isolation_avg"
"88","GPR153","Exc L4-5 RORB IL1RAPL2",-0.0974176824352924,0.120677036174106,0.387802710982978,0.534314834563036,0.809700884133067,0.809700884133067,"social_isolation_avg"
"89","ACOT7","Exc L4-5 RORB IL1RAPL2",-0.0937523283399938,6.41695665871574,18.375928931036,3.07279793414774e-05,0.00280871544502461,0.00280871544502461,"social_isolation_avg"
"90","AL031848.2","Exc L4-5 RORB IL1RAPL2",-0.0860186447291101,-0.317775507148493,0.299827279294175,0.584729309560281,0.838671305816388,0.838671305816388,"social_isolation_avg"
"91","TNFRSF25","Exc L4-5 RORB IL1RAPL2",0.0692760633253684,5.16285431914403,3.2611870914085,0.072757149403028,0.309009657430907,0.309009657430907,"social_isolation_avg"
"92","PLEKHG5","Exc L4-5 RORB IL1RAPL2",0.046579043184337,4.4709119977106,1.98974706422268,0.16024644964196,0.461987364570397,0.461987364570397,"social_isolation_avg"
"93","NOL9","Exc L4-5 RORB IL1RAPL2",0.0157570529663217,4.95682254472654,0.474666695846762,0.614538415079437,0.853783783810707,0.853783783810707,"social_isolation_avg"
"94","TAS1R1","Exc L4-5 RORB IL1RAPL2",0.17148936087151,0.866664130444066,3.83039725037168,0.0520153292399777,0.257794648354736,0.257794648354736,"social_isolation_avg"
"95","ZBTB48","Exc L4-5 RORB IL1RAPL2",0.0169947242869725,3.59948956633786,0.218292440300924,0.640959385027738,0.868241160088046,0.868241160088046,"social_isolation_avg"
"96","KLHL21","Exc L4-5 RORB IL1RAPL2",-0.00809398637972327,4.63488026055936,0.107396435624268,0.743542650389377,0.9201287790235,0.9201287790235,"social_isolation_avg"
"97","PHF13","Exc L4-5 RORB IL1RAPL2",-0.12249427107081,2.89779419698499,7.87817444279613,0.00560519353182448,0.0703460323114792,0.0703460323114792,"social_isolation_avg"
"98","THAP3","Exc L4-5 RORB IL1RAPL2",-0.0281080940446847,3.08610965087,0.64659575846612,0.422487349606968,0.72936889980962,0.72936889980962,"social_isolation_avg"
"99","DNAJC11","Exc L4-5 RORB IL1RAPL2",0.0579522127751569,5.84543609011641,9.35634651278716,0.00259301688336843,0.0436993570106767,0.0436993570106767,"social_isolation_avg"
"100","CAMTA1-DT","Exc L4-5 RORB IL1RAPL2",-0.0166034239922008,0.797292037440529,0.0368193280960049,0.869773343409964,0.967732474374979,0.967732474374979,"social_isolation_avg"
"101","CAMTA1","Exc L4-5 RORB IL1RAPL2",0.00217848627730639,9.17528675234379,0.0207299890075806,0.885692335433633,0.973706837705749,0.973706837705749,"social_isolation_avg"
"102","AL512330.1","Exc L4-5 RORB IL1RAPL2",0.0839690928433628,0.815522774560373,0.401257070157004,0.527316246845572,0.805924935909941,0.805924935909941,"social_isolation_avg"
"103","VAMP3","Exc L4-5 RORB IL1RAPL2",-0.0457906625922126,3.43439827629241,1.40393508137562,0.237766579675298,0.561715751534063,0.561715751534063,"social_isolation_avg"
"104","PER3","Exc L4-5 RORB IL1RAPL2",0.0313610521742475,6.42682592431912,0.90965617133584,0.341598316127582,0.664739166551865,0.664739166551865,"social_isolation_avg"
"105","Z98884.1","Exc L4-5 RORB IL1RAPL2",-0.175328318309677,-0.0701027710777692,1.70036210935914,0.194053589854094,0.506300051520864,0.506300051520864,"social_isolation_avg"
"106","PARK7","Exc L4-5 RORB IL1RAPL2",-0.151791398105378,5.21937191896825,33.3440714914645,3.73204990307625e-08,8.82676452701321e-05,8.82676452701321e-05,"social_isolation_avg"
"107","AL034417.4","Exc L4-5 RORB IL1RAPL2",0.0681932857188242,0.988379803658502,0.635416521509213,0.426518943675489,0.732871646492618,0.732871646492618,"social_isolation_avg"
"108","AL034417.3","Exc L4-5 RORB IL1RAPL2",0.11675204595671,0.69722656681821,1.52688619963878,0.224856636165547,0.54608355622496,0.54608355622496,"social_isolation_avg"
"109","ERRFI1","Exc L4-5 RORB IL1RAPL2",-0.00968061664200812,4.48745240036835,0.123690127806047,0.725514130948332,0.911214926762256,0.911214926762256,"social_isolation_avg"
"110","AL034417.2","Exc L4-5 RORB IL1RAPL2",0.031166563468577,1.60811033732417,0.187317667583624,0.752065376860254,0.924194907811448,0.924194907811448,"social_isolation_avg"
"111","SLC45A1","Exc L4-5 RORB IL1RAPL2",-0.0592031981857571,3.85682033982039,4.16399317980323,0.0428828241864515,0.231098238801438,0.231098238801438,"social_isolation_avg"
"112","RERE","Exc L4-5 RORB IL1RAPL2",0.0176136908745299,8.79913831816943,1.75883080488118,0.186599974400963,0.495670099065089,0.495670099065089,"social_isolation_avg"
"113","AL096855.1","Exc L4-5 RORB IL1RAPL2",-0.0269841835920731,1.25350267549005,0.111269075353842,0.739126676589711,0.917787847776536,0.917787847776536,"social_isolation_avg"
"114","ENO1","Exc L4-5 RORB IL1RAPL2",-0.139216555354761,5.89656840765278,28.9499058760383,2.50610573641749e-07,0.000175622320884279,0.000175622320884279,"social_isolation_avg"
"115","ENO1-AS1","Exc L4-5 RORB IL1RAPL2",-0.162451020550851,-0.277962378856552,1.09678117057506,0.296502521385707,0.627250023159543,0.627250023159543,"social_isolation_avg"
"116","SLC2A5","Exc L4-5 RORB IL1RAPL2",0.0874461623921124,0.642596931730729,0.677620180134457,0.411593430859469,0.721824015691167,0.721824015691167,"social_isolation_avg"
"117","GPR157","Exc L4-5 RORB IL1RAPL2",0.086243496318079,0.744188751337585,0.80775965227798,0.370090771177721,0.68827280140099,0.68827280140099,"social_isolation_avg"
"118","MIR34AHG","Exc L4-5 RORB IL1RAPL2",0.0957514704894471,4.04847281538724,4.25767938017291,0.0406367343779234,0.224296280969863,0.224296280969863,"social_isolation_avg"
"119","LINC01759","Exc L4-5 RORB IL1RAPL2",0.150346709386723,0.155697220999786,1.47591531998675,0.226147242108629,0.547736919280445,0.547736919280445,"social_isolation_avg"
"120","H6PD","Exc L4-5 RORB IL1RAPL2",0.0511847357500354,4.06975193216371,2.42295114624821,0.171642492576621,0.476569280752994,0.476569280752994,"social_isolation_avg"
"121","SPSB1","Exc L4-5 RORB IL1RAPL2",0.057353567945151,2.15721690530526,0.911024492669698,0.481105749485604,0.773992233924603,0.773992233924603,"social_isolation_avg"
"122","AL928921.2","Exc L4-5 RORB IL1RAPL2",-0.132780152713937,-0.0936608349157283,1.14151350636493,0.37632765366974,0.695027880189739,0.695027880189739,"social_isolation_avg"
"123","SLC25A33","Exc L4-5 RORB IL1RAPL2",-0.00867497562131151,4.22374489318464,0.0622193790149796,0.80333159164506,0.945168418444318,0.945168418444318,"social_isolation_avg"
"124","TMEM201","Exc L4-5 RORB IL1RAPL2",-0.0265490550438979,3.17290935550326,0.504886524035701,0.47836218499223,0.771398351785243,0.771398351785243,"social_isolation_avg"
"125","PIK3CD","Exc L4-5 RORB IL1RAPL2",0.0579707447695674,4.43197085948425,1.57450418674688,0.211325342521379,0.529894739941318,0.529894739941318,"social_isolation_avg"
"126","CLSTN1","Exc L4-5 RORB IL1RAPL2",-0.0536988463741679,8.33141266809057,12.8377468119712,0.000446569516565762,0.0142009106267912,0.0142009106267912,"social_isolation_avg"
"127","CTNNBIP1","Exc L4-5 RORB IL1RAPL2",0.0550361201632414,5.60057907120227,4.72608949638385,0.0311305923102687,0.19255375518228,0.19255375518228,"social_isolation_avg"
"128","LZIC","Exc L4-5 RORB IL1RAPL2",0.00282006750090758,4.05999501694362,0.00991199078567862,0.920815100614821,0.983427396790068,0.983427396790068,"social_isolation_avg"
"129","NMNAT1","Exc L4-5 RORB IL1RAPL2",0.0146929734827474,4.38603746129037,0.186576934132778,0.666343918717412,0.882349589618039,0.882349589618039,"social_isolation_avg"
"130","UBE4B","Exc L4-5 RORB IL1RAPL2",0.0585910356860913,7.46899358615275,16.8805357651276,6.25125659875513e-05,0.00420925359804434,0.00420925359804434,"social_isolation_avg"
"131","KIF1B","Exc L4-5 RORB IL1RAPL2",0.0115292736200562,8.62611503089342,0.897527261818746,0.344828532120792,0.667331559400379,0.667331559400379,"social_isolation_avg"
"132","AL139424.3","Exc L4-5 RORB IL1RAPL2",0.0688431637623867,0.906341779478254,0.930277478050922,0.336199771597755,0.660427312956927,0.660427312956927,"social_isolation_avg"
"133","AL139424.2","Exc L4-5 RORB IL1RAPL2",0.0239699424269899,2.54266296097782,0.22924351721166,0.634074501267833,0.865170811169587,0.865170811169587,"social_isolation_avg"
"134","PGD","Exc L4-5 RORB IL1RAPL2",0.0216261565737931,4.12520331993509,0.417501570556852,0.519082409883931,0.799931444650094,0.799931444650094,"social_isolation_avg"
"135","CENPS-CORT","Exc L4-5 RORB IL1RAPL2",-0.0313506604500548,1.07988109879126,0.14236662948079,0.706423499488791,0.902331670412976,0.902331670412976,"social_isolation_avg"
"136","DFFA","Exc L4-5 RORB IL1RAPL2",0.0185365428718132,4.5674593496512,0.515295804547884,0.473868581776182,0.768240566024996,0.768240566024996,"social_isolation_avg"
"137","PEX14","Exc L4-5 RORB IL1RAPL2",0.0177036983059339,5.85226470807212,1.10099549111097,0.29557945117685,0.626588252780308,0.626588252780308,"social_isolation_avg"
"138","CASZ1","Exc L4-5 RORB IL1RAPL2",-0.0229464179254036,1.15004668566597,0.0494794055458013,0.824246243663827,0.953565464773053,0.953565464773053,"social_isolation_avg"
"139","AL139423.1","Exc L4-5 RORB IL1RAPL2",0.202588902210843,-0.540435163875587,1.24794884276103,0.265565712061608,0.595845943070993,0.595845943070993,"social_isolation_avg"
"140","AL109811.4","Exc L4-5 RORB IL1RAPL2",0.122995554090094,2.03343801314019,4.95925893510732,0.0273755070167014,0.177802335776784,0.177802335776784,"social_isolation_avg"
"141","MASP2","Exc L4-5 RORB IL1RAPL2",-0.0455894026528063,2.12727899386869,0.340955131537309,0.560074391646391,0.823208852974548,0.823208852974548,"social_isolation_avg"
"142","SRM","Exc L4-5 RORB IL1RAPL2",-0.0755213800969746,4.62952796402447,5.40503279942783,0.0212945519789687,0.153784052669491,0.153784052669491,"social_isolation_avg"
"143","EXOSC10","Exc L4-5 RORB IL1RAPL2",0.0665012646976596,4.9373269445955,4.63583447948775,0.0327607048073421,0.198156551431311,0.198156551431311,"social_isolation_avg"
"144","AL109811.1","Exc L4-5 RORB IL1RAPL2",0.084867086704085,1.75373728812096,1.56739374774569,0.212354540671531,0.53084426794108,0.53084426794108,"social_isolation_avg"
"145","AL109811.2","Exc L4-5 RORB IL1RAPL2",-0.272840371293423,-0.359320714861911,3.53143634498655,0.0619757558799788,0.283052568192895,0.283052568192895,"social_isolation_avg"
"146","MTOR","Exc L4-5 RORB IL1RAPL2",0.0241591685818415,5.98049412358518,2.35307062632392,0.126948276118945,0.410175308788802,0.410175308788802,"social_isolation_avg"
"147","ANGPTL7","Exc L4-5 RORB IL1RAPL2",-0.099114338291537,-0.183648727469854,0.418404105664529,0.518631631939997,0.799718651186587,0.799718651186587,"social_isolation_avg"
"148","UBIAD1","Exc L4-5 RORB IL1RAPL2",0.0183695156981872,2.70995473557662,0.177658877583639,0.673940536474836,0.885406810904066,0.885406810904066,"social_isolation_avg"
"149","DISP3","Exc L4-5 RORB IL1RAPL2",-0.0400486192966214,1.80451184741648,0.269797710355702,0.604162313517759,0.848581258760019,0.848581258760019,"social_isolation_avg"
"150","AL031731.1","Exc L4-5 RORB IL1RAPL2",0.115951868425972,1.15530965968378,1.43079394689276,0.233347883944232,0.556251541123295,0.556251541123295,"social_isolation_avg"
"151","FBXO2","Exc L4-5 RORB IL1RAPL2",-0.103615557551861,5.20405845679435,10.6117607593732,0.00136378079837662,0.0288636426018837,0.0288636426018837,"social_isolation_avg"
"152","FBXO44","Exc L4-5 RORB IL1RAPL2",-0.0379801599854572,5.80566852305664,2.55244871830486,0.112033333220643,0.386564809853731,0.386564809853731,"social_isolation_avg"
"153","FBXO6","Exc L4-5 RORB IL1RAPL2",-0.0879478188830174,1.88642920220484,2.07315153879025,0.151802661452995,0.449613859957344,0.449613859957344,"social_isolation_avg"
"154","MAD2L2","Exc L4-5 RORB IL1RAPL2",-0.101171896198751,1.41816034440928,2.29116045206245,0.132022315236922,0.418161810100642,0.418161810100642,"social_isolation_avg"
"155","MTHFR","Exc L4-5 RORB IL1RAPL2",0.0808539759553318,4.74557937772132,10.685732681634,0.00131352034420622,0.0282018460851994,0.0282018460851994,"social_isolation_avg"
"156","CLCN6","Exc L4-5 RORB IL1RAPL2",0.0547498233842809,4.14148204073826,3.07815455767061,0.0812035125692108,0.327392214217353,0.327392214217353,"social_isolation_avg"
"157","NPPA-AS1","Exc L4-5 RORB IL1RAPL2",0.3526276158291,0.545952489248509,8.41604529635923,0.00422588921794372,0.0590248433348589,0.0590248433348589,"social_isolation_avg"
"158","NPPA","Exc L4-5 RORB IL1RAPL2",0.0688391804907668,-0.581676178338086,0.148410352016187,0.700554407714121,0.899494810173801,0.899494810173801,"social_isolation_avg"
"159","KIAA2013","Exc L4-5 RORB IL1RAPL2",-0.0126728004169439,3.86646146373594,0.161384203608113,0.688404218403307,0.893035507118046,0.893035507118046,"social_isolation_avg"
"160","PLOD1","Exc L4-5 RORB IL1RAPL2",-0.0331664620695632,3.36114385643138,0.74938567663977,0.387925486471457,0.703673183301867,0.703673183301867,"social_isolation_avg"
"161","MFN2","Exc L4-5 RORB IL1RAPL2",-0.017760683767884,5.28276374570727,0.601768010697481,0.439012693695688,0.741796860981924,0.741796860981924,"social_isolation_avg"
"162","MIIP","Exc L4-5 RORB IL1RAPL2",0.0308105323790525,2.41704040271559,0.404208684175621,0.525802926645989,0.804851926588362,0.804851926588362,"social_isolation_avg"
"163","TNFRSF8","Exc L4-5 RORB IL1RAPL2",0.115901091525448,0.0829301508029247,1.07892363075461,0.446595605721732,0.747592272481722,0.747592272481722,"social_isolation_avg"
"164","VPS13D","Exc L4-5 RORB IL1RAPL2",0.0181018659972341,7.40705525093373,0.974211913643179,0.325074547995273,0.652229924187665,0.652229924187665,"social_isolation_avg"
"165","DHRS3","Exc L4-5 RORB IL1RAPL2",-0.162397167554233,1.40673560377818,3.24373534160091,0.0735198482842886,0.310728696897411,0.310728696897411,"social_isolation_avg"
"166","PDPN","Exc L4-5 RORB IL1RAPL2",0.0247744158254165,1.52092093196871,0.0606483196249035,0.805779712313209,0.946496022887896,0.946496022887896,"social_isolation_avg"
"167","PRDM2","Exc L4-5 RORB IL1RAPL2",-0.0620481444763555,7.35313635962589,14.5769414914612,0.00018997239302331,0.00847751803866519,0.00847751803866519,"social_isolation_avg"
"168","KAZN","Exc L4-5 RORB IL1RAPL2",0.0440535791663664,10.6016157951724,5.09610495723902,0.0252887213730713,0.169676559255277,0.169676559255277,"social_isolation_avg"
"169","KAZN-AS1","Exc L4-5 RORB IL1RAPL2",0.125201569815069,1.3072357393571,2.98105438540972,0.0861126608070552,0.337966740329868,0.337966740329868,"social_isolation_avg"
"170","TMEM51-AS1","Exc L4-5 RORB IL1RAPL2",0.0821830881035441,0.916705982444085,0.58124009739371,0.446913184183071,0.747660862769928,0.747660862769928,"social_isolation_avg"
"171","TMEM51","Exc L4-5 RORB IL1RAPL2",0.0697489068959867,1.20766233251965,0.325282383798093,0.569224716474948,0.82922828657986,0.82922828657986,"social_isolation_avg"
"172","FHAD1","Exc L4-5 RORB IL1RAPL2",0.0610062640979127,4.63273800449822,1.64369139669449,0.201614957103236,0.516804440502994,0.516804440502994,"social_isolation_avg"
"173","AL031283.2","Exc L4-5 RORB IL1RAPL2",0.0636551698310442,0.934752507506256,0.512353201896063,0.491688236047811,0.781062304950099,0.781062304950099,"social_isolation_avg"
"174","AL031283.1","Exc L4-5 RORB IL1RAPL2",0.0765287325876829,-0.137541834257969,0.274623669443298,0.600948867986754,0.846948679520118,0.846948679520118,"social_isolation_avg"
"175","EFHD2","Exc L4-5 RORB IL1RAPL2",-0.0417896496917831,6.54336453995661,1.62157455713666,0.204660206077437,0.521602338253124,0.521602338253124,"social_isolation_avg"
"176","CTRC","Exc L4-5 RORB IL1RAPL2",0.259584368363477,-0.399438033450323,2.08715317288983,0.150435592786674,0.447646326392377,0.447646326392377,"social_isolation_avg"
"177","CELA2B","Exc L4-5 RORB IL1RAPL2",0.0204323079776995,0.945552802723787,0.035912554390982,0.849928690492296,0.961873912835597,0.961873912835597,"social_isolation_avg"
"178","CASP9","Exc L4-5 RORB IL1RAPL2",-0.0488695857383752,3.57075139578533,2.11752925225362,0.14751775559334,0.443712916233016,0.443712916233016,"social_isolation_avg"
"179","DNAJC16","Exc L4-5 RORB IL1RAPL2",0.0271938077457353,5.55030320134524,2.22748770440351,0.149130829260139,0.446272728247932,0.446272728247932,"social_isolation_avg"
"180","AGMAT","Exc L4-5 RORB IL1RAPL2",0.0385777249026879,1.69276998605808,0.331505895261251,0.580240551867278,0.836314736482786,0.836314736482786,"social_isolation_avg"
"181","AL121992.1","Exc L4-5 RORB IL1RAPL2",0.125517019051571,1.21855808750378,2.9253531500155,0.0890743216725578,0.344375815358902,0.344375815358902,"social_isolation_avg"
"182","DDI2","Exc L4-5 RORB IL1RAPL2",0.0330833681192463,5.61380710077642,2.1233556607079,0.146965482948212,0.442792022748905,0.442792022748905,"social_isolation_avg"
"183","PLEKHM2","Exc L4-5 RORB IL1RAPL2",-0.0113926989906908,6.13980975070015,0.378414300809375,0.539299059548958,0.811888212208856,0.811888212208856,"social_isolation_avg"
"184","AL450998.3","Exc L4-5 RORB IL1RAPL2",0.0698019055672341,0.231414863886498,0.402157761449082,0.817673486277991,0.951624077963338,0.951624077963338,"social_isolation_avg"
"185","SLC25A34","Exc L4-5 RORB IL1RAPL2",0.0537701947832161,2.95672849888371,0.702835726731464,0.403043140823276,0.715181399935966,0.715181399935966,"social_isolation_avg"
"186","SLC25A34-AS1","Exc L4-5 RORB IL1RAPL2",0.137843276169249,-0.332595602128838,0.870069025513419,0.352296674358692,0.672660809354938,0.672660809354938,"social_isolation_avg"
"187","FBLIM1","Exc L4-5 RORB IL1RAPL2",0.0289452193394432,0.240745637304315,0.0634533946476318,0.927315992818449,0.98417618971798,0.98417618971798,"social_isolation_avg"
"188","UQCRHL","Exc L4-5 RORB IL1RAPL2",-0.212021143643436,3.19722424538608,14.4695880214583,0.00020018283665935,0.00884806022655294,0.00884806022655294,"social_isolation_avg"
"189","AL450998.2","Exc L4-5 RORB IL1RAPL2",-0.0637873446447042,3.24701311408012,1.70824171442573,0.1930289569755,0.505019482153406,0.505019482153406,"social_isolation_avg"
"190","SPEN","Exc L4-5 RORB IL1RAPL2",-0.0150093588647824,6.35772488558848,0.560335425851521,0.455188915716702,0.753615740071838,0.753615740071838,"social_isolation_avg"
"191","ZBTB17","Exc L4-5 RORB IL1RAPL2",0.0370185224516802,3.65853001430119,1.38394566260623,0.309594370896799,0.639223565287733,0.639223565287733,"social_isolation_avg"
"192","FAM131C","Exc L4-5 RORB IL1RAPL2",-0.131621282997618,1.22240023597281,2.3074825086592,0.130662810027187,0.416207243859328,0.416207243859328,"social_isolation_avg"
"193","CPLANE2","Exc L4-5 RORB IL1RAPL2",-0.164782335251845,0.0828278316108248,1.70056912166891,0.194026588970036,0.50629941937692,0.50629941937692,"social_isolation_avg"
"194","FBXO42","Exc L4-5 RORB IL1RAPL2",0.0630225461561246,6.83672328148939,9.88052007551188,0.00198037216894986,0.037284200804677,0.037284200804677,"social_isolation_avg"
"195","SZRD1","Exc L4-5 RORB IL1RAPL2",0.0288190364912313,3.78138191173911,0.680218971476098,0.410699915218637,0.721241905197764,0.721241905197764,"social_isolation_avg"
"196","SPATA21","Exc L4-5 RORB IL1RAPL2",0.0521115588253078,1.11317786739792,0.445815001413097,0.505260211885208,0.790716451102148,0.790716451102148,"social_isolation_avg"
"197","NECAP2","Exc L4-5 RORB IL1RAPL2",0.0157954176363662,3.25414658987666,0.144068705508317,0.70475639782714,0.90152913298213,0.90152913298213,"social_isolation_avg"
"198","LINC01772","Exc L4-5 RORB IL1RAPL2",0.10561384215751,1.09908807050978,1.70259102638722,0.193763101902915,0.50617032322312,0.50617032322312,"social_isolation_avg"
"199","AL137802.2","Exc L4-5 RORB IL1RAPL2",0.0170309668958458,0.676897985683016,0.0253217949820591,0.873762105442801,0.969934029327366,0.969934029327366,"social_isolation_avg"
"200","NBPF1","Exc L4-5 RORB IL1RAPL2",0.0723759921596631,4.76615924334576,1.74337342627949,0.188537294669594,0.498506728960786,0.498506728960786,"social_isolation_avg"
"201","CROCC","Exc L4-5 RORB IL1RAPL2",-0.00046637047338615,6.15151513832671,0.000194919066474978,0.98887765932074,0.998787747693845,0.998787747693845,"social_isolation_avg"
"202","BX284668.5","Exc L4-5 RORB IL1RAPL2",-0.122484953876811,1.02080799557402,1.12093667620007,0.291261551787925,0.622566631425591,0.622566631425591,"social_isolation_avg"
"203","BX284668.6","Exc L4-5 RORB IL1RAPL2",0.0823262550820402,-0.0805380500030086,0.375895326306611,0.540650877562962,0.812248879285765,0.812248879285765,"social_isolation_avg"
"204","AL049569.1","Exc L4-5 RORB IL1RAPL2",0.0568432340659461,3.13530961006903,0.938106160008964,0.334180402009254,0.658844689068014,0.658844689068014,"social_isolation_avg"
"205","ATP13A2","Exc L4-5 RORB IL1RAPL2",-0.00791370788176888,6.55720494545178,0.204696656871151,0.651549459813576,0.874004422320455,0.874004422320455,"social_isolation_avg"
"206","SDHB","Exc L4-5 RORB IL1RAPL2",-0.00356116194363106,5.28455666621839,0.0274945465227745,0.868505334865518,0.967441402840039,0.967441402840039,"social_isolation_avg"
"207","PADI2","Exc L4-5 RORB IL1RAPL2",0.135855986630022,0.4315634930215,0.282934656514799,0.595498331356936,0.843622636088993,0.843622636088993,"social_isolation_avg"
"208","PADI4","Exc L4-5 RORB IL1RAPL2",-0.232853083882903,0.936550826635913,3.49410914678854,0.0633564635175493,0.285773297093735,0.285773297093735,"social_isolation_avg"
"209","RCC2","Exc L4-5 RORB IL1RAPL2",-0.113601417190263,4.2021024489672,13.4745630256808,0.000326024859299017,0.0115795837304655,0.0115795837304655,"social_isolation_avg"
"210","ARHGEF10L","Exc L4-5 RORB IL1RAPL2",0.0393940016114823,5.00870086692447,2.9424586659485,0.255266034072763,0.583531307320376,0.583531307320376,"social_isolation_avg"
"211","ACTL8","Exc L4-5 RORB IL1RAPL2",-0.377819856878081,-0.671711143801036,4.01054361547186,0.0468513465181893,0.243336351213467,0.243336351213467,"social_isolation_avg"
"212","IGSF21","Exc L4-5 RORB IL1RAPL2",-0.0825741232189279,5.80482935078167,5.34151778173251,0.0220581431724598,0.156903055250418,0.156903055250418,"social_isolation_avg"
"213","PAX7","Exc L4-5 RORB IL1RAPL2",-0.0633109301403864,1.82243784365592,0.915512399652179,0.340053345931637,0.663588011383302,0.663588011383302,"social_isolation_avg"
"214","IFFO2","Exc L4-5 RORB IL1RAPL2",0.0231001399094546,3.46626801282236,0.410544718540853,0.522580443750977,0.802608220959106,0.802608220959106,"social_isolation_avg"
"215","UBR4","Exc L4-5 RORB IL1RAPL2",0.00746418695771899,6.73874976131362,0.232599557888309,0.927714808933437,0.98417618971798,0.98417618971798,"social_isolation_avg"
"216","AL035413.1","Exc L4-5 RORB IL1RAPL2",-0.0306935751474911,3.57363430233698,0.566280396852226,0.452811086080272,0.752608769950346,0.752608769950346,"social_isolation_avg"
"217","EMC1","Exc L4-5 RORB IL1RAPL2",-0.0184335749213735,4.15990987016735,0.419889842979027,0.695143376600909,0.896335864166618,0.896335864166618,"social_isolation_avg"
"218","MRTO4","Exc L4-5 RORB IL1RAPL2",-0.0187277267981758,3.78872889546679,0.404686641262137,0.703321866651317,0.900741372607931,0.900741372607931,"social_isolation_avg"
"219","AKR7A3","Exc L4-5 RORB IL1RAPL2",-0.126655993094478,0.459136373928333,1.67725907643251,0.236981252002072,0.560575057707811,0.560575057707811,"social_isolation_avg"
"220","AKR7A2","Exc L4-5 RORB IL1RAPL2",-0.0858105185888716,3.17651621071514,5.38884664409485,0.0214864820157789,0.154697764924107,0.154697764924107,"social_isolation_avg"
"221","PQLC2","Exc L4-5 RORB IL1RAPL2",0.0497768414856623,2.94311368940323,1.88199819779777,0.171966268908352,0.476761899873133,0.476761899873133,"social_isolation_avg"
"222","CAPZB","Exc L4-5 RORB IL1RAPL2",-0.00853462565205474,6.82383352367132,0.230848814734796,0.631530421525374,0.863852053271977,0.863852053271977,"social_isolation_avg"
"223","NBL1","Exc L4-5 RORB IL1RAPL2",-0.10293429858728,4.72315674631345,7.29006866565028,0.00765517329153815,0.0848030057665066,0.0848030057665066,"social_isolation_avg"
"224","TMCO4","Exc L4-5 RORB IL1RAPL2",0.384769867735065,1.33779429868205,10.3783883339683,0.00153563717371424,0.0313777440214332,0.0313777440214332,"social_isolation_avg"
"225","OTUD3","Exc L4-5 RORB IL1RAPL2",0.0565451285407713,5.1678611272984,3.04463007413056,0.0828630573692368,0.331259646837805,0.331259646837805,"social_isolation_avg"
"226","UBXN10-AS1","Exc L4-5 RORB IL1RAPL2",-0.185335729559102,-0.68643466021234,1.01794893655424,0.314480646545876,0.642857423648932,0.642857423648932,"social_isolation_avg"
"227","UBXN10","Exc L4-5 RORB IL1RAPL2",0.0525852948077863,1.33792856855052,0.488207575340096,0.485709858649938,0.776782709451059,0.776782709451059,"social_isolation_avg"
"228","CAMK2N1","Exc L4-5 RORB IL1RAPL2",-0.174783507468377,6.92587702380167,17.8994097277141,3.8496333345661e-05,0.00319820397612027,0.00319820397612027,"social_isolation_avg"
"229","MUL1","Exc L4-5 RORB IL1RAPL2",-0.00419558887387574,2.9522797523003,0.00940297331168109,0.922868541496518,0.983585629113706,0.983585629113706,"social_isolation_avg"
"230","FAM43B","Exc L4-5 RORB IL1RAPL2",-0.0463612464691714,2.55683900593593,0.561015272491594,0.454915999027402,0.753528310589934,0.753528310589934,"social_isolation_avg"
"231","PINK1","Exc L4-5 RORB IL1RAPL2",-0.12570907544932,5.71910842157681,22.0520734102814,5.54771482108906e-06,0.000897165060938684,0.000897165060938684,"social_isolation_avg"
"232","PINK1-AS","Exc L4-5 RORB IL1RAPL2",-0.0216042660099832,0.929931313547991,0.0698120010878465,0.911512514737064,0.981200416319659,0.981200416319659,"social_isolation_avg"
"233","DDOST","Exc L4-5 RORB IL1RAPL2",-0.0272595713465163,4.04110473699113,0.786097596907419,0.460811987227541,0.758571742677249,0.758571742677249,"social_isolation_avg"
"234","KIF17","Exc L4-5 RORB IL1RAPL2",-0.0669860853160029,5.16863938916588,5.34993667879373,0.0219553038003144,0.156410315024771,0.156410315024771,"social_isolation_avg"
"235","SH2D5","Exc L4-5 RORB IL1RAPL2",0.00458022500348174,3.56506069584189,0.0114343753238504,0.914972884023064,0.982007828651848,0.982007828651848,"social_isolation_avg"
"236","HP1BP3","Exc L4-5 RORB IL1RAPL2",-0.0377347165530581,7.04590713417262,5.28206117009901,0.0227989284754515,0.159829020260844,0.159829020260844,"social_isolation_avg"
"237","EIF4G3","Exc L4-5 RORB IL1RAPL2",0.0260477810897709,9.06326197176529,4.81260665539,0.0296480427867618,0.186589451315569,0.186589451315569,"social_isolation_avg"
"238","ECE1","Exc L4-5 RORB IL1RAPL2",-0.00364427758675344,6.24722891202557,0.0217273461278765,0.882994374778343,0.973162804758901,0.973162804758901,"social_isolation_avg"
"239","NBPF3","Exc L4-5 RORB IL1RAPL2",0.0374358761508196,4.62433935295662,1.09089478085515,0.297798067604739,0.628717106112126,0.628717106112126,"social_isolation_avg"
"240","ALPL","Exc L4-5 RORB IL1RAPL2",-0.12155797706867,2.92930331027332,2.49864452056361,0.115855946666881,0.393062644232394,0.393062644232394,"social_isolation_avg"
"241","AL359815.1","Exc L4-5 RORB IL1RAPL2",0.152764610777029,-0.626303699473698,0.59773328574276,0.440548363271575,0.743189691642427,0.743189691642427,"social_isolation_avg"
"242","RAP1GAP","Exc L4-5 RORB IL1RAPL2",-0.0196121887629062,7.12048788620665,0.644325264561654,0.423301501977061,0.729975184005466,0.729975184005466,"social_isolation_avg"
"243","USP48","Exc L4-5 RORB IL1RAPL2",0.0511297462905538,6.67498046861103,9.32593619006246,0.00263403550851556,0.0439881605089346,0.0439881605089346,"social_isolation_avg"
"244","HSPG2","Exc L4-5 RORB IL1RAPL2",0.0927125095572898,0.240733347186798,0.520703859918053,0.471561059517354,0.766044898969399,0.766044898969399,"social_isolation_avg"
"245","CDC42","Exc L4-5 RORB IL1RAPL2",-0.0276092822813892,6.26648917807773,1.66307961876269,0.198989504672545,0.513513423064543,0.513513423064543,"social_isolation_avg"
"246","WNT4","Exc L4-5 RORB IL1RAPL2",-0.0193633841152986,1.43052682835666,0.050610870703481,0.822281574661153,0.953096448172761,0.953096448172761,"social_isolation_avg"
"247","ZBTB40","Exc L4-5 RORB IL1RAPL2",-0.0791834149950229,4.28595119764015,6.27603738406114,0.0132061808836227,0.115682476156956,0.115682476156956,"social_isolation_avg"
"248","EPHA8","Exc L4-5 RORB IL1RAPL2",0.0837993740953904,0.216918115364018,0.39423317199552,0.530949094628543,0.807944845656799,0.807944845656799,"social_isolation_avg"
"249","EPHB2","Exc L4-5 RORB IL1RAPL2",0.035990152159311,6.16451306229904,2.93047345201691,0.0887974782402642,0.343797234660127,0.343797234660127,"social_isolation_avg"
"250","TEX46","Exc L4-5 RORB IL1RAPL2",-0.0513946212663154,0.358859266126544,0.203935764231593,0.78083702875849,0.936857406361595,0.936857406361595,"social_isolation_avg"
"251","KDM1A","Exc L4-5 RORB IL1RAPL2",-0.00124701050439505,6.06660682905731,0.00469520539272184,0.945453269054355,0.988316098061045,0.988316098061045,"social_isolation_avg"
"252","AL031428.1","Exc L4-5 RORB IL1RAPL2",0.0684265535321481,3.76910108896786,3.52575377671657,0.0621838451293183,0.283267048512707,0.283267048512707,"social_isolation_avg"
"253","LUZP1","Exc L4-5 RORB IL1RAPL2",0.0258598304177178,6.98038299655565,1.43918549292925,0.231987893711607,0.554362583596529,0.554362583596529,"social_isolation_avg"
"254","LINC01355","Exc L4-5 RORB IL1RAPL2",0.0118626165222634,3.14946074240278,0.0832490568535747,0.97861678730033,0.996876364716566,0.996876364716566,"social_isolation_avg"
"255","AL109936.6","Exc L4-5 RORB IL1RAPL2",0.21732605382416,0.57237544542718,4.40983943644728,0.0372504088287759,0.213192675574491,0.213192675574491,"social_isolation_avg"
"256","HNRNPR","Exc L4-5 RORB IL1RAPL2",-0.0414447214386378,5.61041072630701,4.15231823061927,0.0431718268837815,0.231889197664077,0.231889197664077,"social_isolation_avg"
"257","ZNF436","Exc L4-5 RORB IL1RAPL2",-0.0938413113413902,2.75261328129589,4.72322593132,0.0311809769125898,0.192724380895019,0.192724380895019,"social_isolation_avg"
"258","ZNF436-AS1","Exc L4-5 RORB IL1RAPL2",-0.00909444634733774,3.40976887030847,0.0314507230944212,0.859455696294094,0.964243395716678,0.964243395716678,"social_isolation_avg"
"259","TCEA3","Exc L4-5 RORB IL1RAPL2",0.0289367730749943,1.9999374307699,0.138148425357205,0.710604723631626,0.904923406638444,0.904923406638444,"social_isolation_avg"
"260","ASAP3","Exc L4-5 RORB IL1RAPL2",0.00535552801506243,3.07845965345166,0.00587664828470271,0.938987290853651,0.987766326490576,0.987766326490576,"social_isolation_avg"
"261","RPL11","Exc L4-5 RORB IL1RAPL2",-0.0621486480643188,5.0316483611367,2.92565806953685,0.0890578089336706,0.344375815358902,0.344375815358902,"social_isolation_avg"
"262","ELOA","Exc L4-5 RORB IL1RAPL2",0.00312900227616903,4.26713214886974,0.0126128046783938,0.910716462224425,0.981007015284063,0.981007015284063,"social_isolation_avg"
"263","ELOA-AS1","Exc L4-5 RORB IL1RAPL2",0.0118341479462843,4.68165313790333,0.166649238505973,0.683635380128094,0.89056711098345,0.89056711098345,"social_isolation_avg"
"264","PITHD1","Exc L4-5 RORB IL1RAPL2",-0.0635674107191106,5.78820109890099,7.83847863377201,0.00572381487355235,0.0712033538609362,0.0712033538609362,"social_isolation_avg"
"265","LYPLA2","Exc L4-5 RORB IL1RAPL2",-0.0509967253853209,3.32438371061212,1.58054380271899,0.210455817872383,0.528822646741482,0.528822646741482,"social_isolation_avg"
"266","GALE","Exc L4-5 RORB IL1RAPL2",-0.0518736978360656,3.59551106687052,2.01904453356142,0.157220555739663,0.456867012728161,0.456867012728161,"social_isolation_avg"
"267","HMGCL","Exc L4-5 RORB IL1RAPL2",0.0731935017783291,3.46098691526971,2.92019126130304,0.0893543696940908,0.344824399139688,0.344824399139688,"social_isolation_avg"
"268","FUCA1","Exc L4-5 RORB IL1RAPL2",0.0496112010850132,3.43480665078574,1.97366568378502,0.161935759459247,0.464521907933356,0.464521907933356,"social_isolation_avg"
"269","CNR2","Exc L4-5 RORB IL1RAPL2",0.0215795439411698,-0.0823920187455485,0.0375218728815804,0.982506581748886,0.997752468760777,0.997752468760777,"social_isolation_avg"
"270","PNRC2","Exc L4-5 RORB IL1RAPL2",-0.115846681804449,3.81993675740827,8.10047354951908,0.00498615028580084,0.0654704715875349,0.0654704715875349,"social_isolation_avg"
"271","SRSF10","Exc L4-5 RORB IL1RAPL2",0.0270691556183968,6.06986069903495,2.16599706906191,0.142994385233181,0.436879826093494,0.436879826093494,"social_isolation_avg"
"272","IFNLR1","Exc L4-5 RORB IL1RAPL2",0.0972736130475045,2.84672739082162,2.97380810783734,0.0864917873506101,0.338960424906646,0.338960424906646,"social_isolation_avg"
"273","STPG1","Exc L4-5 RORB IL1RAPL2",0.0237127047896739,4.52237830829554,0.825170869519232,0.3649951428123,0.684018023381841,0.684018023381841,"social_isolation_avg"
"274","NIPAL3","Exc L4-5 RORB IL1RAPL2",-0.0216155134582265,5.72394674955216,1.21707191242527,0.271539577449323,0.600849503773878,0.600849503773878,"social_isolation_avg"
"275","RCAN3","Exc L4-5 RORB IL1RAPL2",-0.258304571302503,-0.423653403987355,0.905513880085614,0.342696869617841,0.665461458135152,0.665461458135152,"social_isolation_avg"
"276","NCMAP","Exc L4-5 RORB IL1RAPL2",0.115054612398591,0.442818200262317,1.56209906355058,0.353933697476558,0.674459661788262,0.674459661788262,"social_isolation_avg"
"277","SRRM1","Exc L4-5 RORB IL1RAPL2",0.0328188888322081,5.94299378608748,1.34365066355578,0.248062958043035,0.574094118616753,0.574094118616753,"social_isolation_avg"
"278","SYF2","Exc L4-5 RORB IL1RAPL2",-0.0672042102946947,4.14733918704485,6.69197761180525,0.0105456514515593,0.102094599452113,0.102094599452113,"social_isolation_avg"
"279","RSRP1","Exc L4-5 RORB IL1RAPL2",-0.0422922833041565,7.29731285009594,1.22325864112927,0.270329184582071,0.599984827710558,0.599984827710558,"social_isolation_avg"
"280","AL031432.3","Exc L4-5 RORB IL1RAPL2",0.174082787964282,-0.131305807304193,2.75250217945166,0.0989985578760433,0.364497317293757,0.364497317293757,"social_isolation_avg"
"281","RHD","Exc L4-5 RORB IL1RAPL2",-0.19479332145964,2.02396513175192,1.8129166510673,0.180002148705952,0.486590289502461,0.486590289502461,"social_isolation_avg"
"282","TMEM50A","Exc L4-5 RORB IL1RAPL2",-0.0235996222599966,5.1091943894701,1.05378494913491,0.688571333018394,0.893035507118046,0.893035507118046,"social_isolation_avg"
"283","RHCE","Exc L4-5 RORB IL1RAPL2",0.023190933949619,2.28717729145578,0.121936242789412,0.727388326666025,0.912176201540818,0.912176201540818,"social_isolation_avg"
"284","MACO1","Exc L4-5 RORB IL1RAPL2",0.0327746086647638,6.74949462551103,5.55195167916816,0.0196322574259088,0.146939059634343,0.146939059634343,"social_isolation_avg"
"285","MAN1C1","Exc L4-5 RORB IL1RAPL2",-0.00991800033569786,6.11254659272074,0.147029231599599,0.701883362343371,0.899915107977386,0.899915107977386,"social_isolation_avg"
"286","AL031280.1","Exc L4-5 RORB IL1RAPL2",-0.194912218404459,1.71976535654051,6.65789878902063,0.0107410768180483,0.102798135798833,0.102798135798833,"social_isolation_avg"
"287","SELENON","Exc L4-5 RORB IL1RAPL2",-0.0113471102477075,2.44331819576942,0.0426673198176584,0.836607176318425,0.957040168266078,0.957040168266078,"social_isolation_avg"
"288","AL020996.1","Exc L4-5 RORB IL1RAPL2",-0.052116552792084,0.274069001493505,0.23315395627626,0.629833899862124,0.862806778112601,0.862806778112601,"social_isolation_avg"
"289","MTFR1L","Exc L4-5 RORB IL1RAPL2",-0.0570581260186532,4.55483394710459,3.73972018176096,0.0548416124770628,0.265690581415129,0.265690581415129,"social_isolation_avg"
"290","AUNIP","Exc L4-5 RORB IL1RAPL2",0.0941322960625791,2.55288439257967,4.02382357980115,0.0464929305496166,0.242182065511653,0.242182065511653,"social_isolation_avg"
"291","AL033528.2","Exc L4-5 RORB IL1RAPL2",-0.060443017986973,1.33985237752446,0.396598692090786,0.529720598879561,0.807177980671346,0.807177980671346,"social_isolation_avg"
"292","PAQR7","Exc L4-5 RORB IL1RAPL2",0.0981871311757973,2.76287148041335,3.73939768766821,0.0548519524946621,0.265690581415129,0.265690581415129,"social_isolation_avg"
"293","STMN1","Exc L4-5 RORB IL1RAPL2",-0.144051031117299,8.09574074547927,24.5654583983542,1.76565099242829e-06,0.00042839113445171,0.00042839113445171,"social_isolation_avg"
"294","PAFAH2","Exc L4-5 RORB IL1RAPL2",0.0382700760064049,1.79824055072156,0.339929085224747,0.560664731226856,0.823756591050111,0.823756591050111,"social_isolation_avg"
"295","EXTL1","Exc L4-5 RORB IL1RAPL2",-0.0634421006739981,4.78458316779179,3.30568201275737,0.0708510511505959,0.304883497571168,0.304883497571168,"social_isolation_avg"
"296","SLC30A2","Exc L4-5 RORB IL1RAPL2",0.136477317714341,-0.687392710724743,0.533669150071297,0.466102490280949,0.76225547859693,0.76225547859693,"social_isolation_avg"
"297","PDIK1L","Exc L4-5 RORB IL1RAPL2",0.0285203524599581,4.3540581754213,0.969952676572862,0.613724440776489,0.853491609577574,0.853491609577574,"social_isolation_avg"
"298","FAM110D","Exc L4-5 RORB IL1RAPL2",-0.0879124108629982,0.370266791006664,0.585415486307101,0.445288440419494,0.746642892463792,0.746642892463792,"social_isolation_avg"
"299","ZNF593","Exc L4-5 RORB IL1RAPL2",-0.190520793991999,1.93001949094483,6.99522324310923,0.0089607448209967,0.0923957780697975,0.0923957780697975,"social_isolation_avg"
"300","CNKSR1","Exc L4-5 RORB IL1RAPL2",-0.0542014714149256,2.32278271665591,0.541608285305084,0.462810011198209,0.76007535994109,0.76007535994109,"social_isolation_avg"
"301","CEP85","Exc L4-5 RORB IL1RAPL2",0.0587449685001124,4.09275043082658,3.08915059874008,0.0806670901864199,0.32613290884984,0.32613290884984,"social_isolation_avg"
"302","SH3BGRL3","Exc L4-5 RORB IL1RAPL2",-0.130613171382385,4.59457820327553,6.10825915323645,0.0144686438497894,0.121744881256954,0.121744881256954,"social_isolation_avg"
"303","UBXN11","Exc L4-5 RORB IL1RAPL2",0.00757317091364074,3.34411590984693,0.0350339122860947,0.851754160484361,0.962012154350376,0.962012154350376,"social_isolation_avg"
"304","CD52","Exc L4-5 RORB IL1RAPL2",-0.271181428215135,0.0596490114192123,3.33439753717873,0.06964963315206,0.30223748054388,0.30223748054388,"social_isolation_avg"
"305","DHDDS","Exc L4-5 RORB IL1RAPL2",0.0392514225430928,5.12236973808818,2.40936797504971,0.122523581876846,0.402686936371686,0.402686936371686,"social_isolation_avg"
"306","AL513365.2","Exc L4-5 RORB IL1RAPL2",0.0937415404324312,0.93831933936957,1.14896632317293,0.285328131492565,0.616677587212976,0.616677587212976,"social_isolation_avg"
"307","HMGN2","Exc L4-5 RORB IL1RAPL2",-0.0848286727543683,4.38420642404598,5.0073056677012,0.026576744867955,0.174681981488947,0.174681981488947,"social_isolation_avg"
"308","RPS6KA1","Exc L4-5 RORB IL1RAPL2",0.0924187354069831,2.38835191522408,3.51856368304728,0.0928249713306014,0.352891557674565,0.352891557674565,"social_isolation_avg"
"309","ARID1A","Exc L4-5 RORB IL1RAPL2",0.00722799224684972,6.05420311287495,0.12838986264567,0.720564547572382,0.909296979182147,0.909296979182147,"social_isolation_avg"
"310","PIGV","Exc L4-5 RORB IL1RAPL2",-0.0893693820053691,2.3379339376424,2.97231828776325,0.0865699607091119,0.339058212911842,0.339058212911842,"social_isolation_avg"
"311","ZDHHC18","Exc L4-5 RORB IL1RAPL2",-0.0253947217343579,4.87796907944249,1.22924381446233,0.437709117233844,0.741175425736672,0.741175425736672,"social_isolation_avg"
"312","GPN2","Exc L4-5 RORB IL1RAPL2",-0.00906629746121111,3.78393749116639,0.08792180090453,0.901151484844085,0.978205337360331,0.978205337360331,"social_isolation_avg"
"313","GPATCH3","Exc L4-5 RORB IL1RAPL2",-0.037862863263412,2.50863691417315,0.592494908931907,0.442554570279605,0.744728679429754,0.744728679429754,"social_isolation_avg"
"314","NUDC","Exc L4-5 RORB IL1RAPL2",-0.0862466067071201,5.32253067108344,10.1610959103831,0.00171558888398174,0.0339902170406476,0.0339902170406476,"social_isolation_avg"
"315","KDF1","Exc L4-5 RORB IL1RAPL2",0.00612648197623191,-0.0254222314191576,0.00176530111595882,0.966537060386343,0.993646254835144,0.993646254835144,"social_isolation_avg"
"316","TRNP1","Exc L4-5 RORB IL1RAPL2",-0.0881168178873674,4.43467700066647,8.57546169244477,0.00388824864204744,0.0560316470344095,0.0560316470344095,"social_isolation_avg"
"317","TENT5B","Exc L4-5 RORB IL1RAPL2",0.0307916551983478,-0.165751364174348,0.0487148222633273,0.825587245093582,0.953892053274039,0.953892053274039,"social_isolation_avg"
"318","SLC9A1","Exc L4-5 RORB IL1RAPL2",0.0285738142258839,5.35342941494665,1.49484916790584,0.223206002814252,0.544522876290702,0.544522876290702,"social_isolation_avg"
"319","WDTC1","Exc L4-5 RORB IL1RAPL2",0.0159134908385798,5.37948342780982,0.613899268220617,0.495240562471586,0.783977055261698,0.783977055261698,"social_isolation_avg"
"320","TMEM222","Exc L4-5 RORB IL1RAPL2",-0.0288771615735666,4.73517330728064,1.21818679388965,0.271320954917621,0.600639263834833,0.600639263834833,"social_isolation_avg"
"321","SYTL1","Exc L4-5 RORB IL1RAPL2",0.147757143512361,1.24755597260056,3.32142252966173,0.070189740278405,0.303556588756046,0.303556588756046,"social_isolation_avg"
"322","MAP3K6","Exc L4-5 RORB IL1RAPL2",0.0724408921254403,2.06813468228219,1.41151244825516,0.236509729947678,0.560133423074815,0.560133423074815,"social_isolation_avg"
"323","CD164L2","Exc L4-5 RORB IL1RAPL2",0.116315263924286,-0.936556092345444,0.25967917072212,0.611020316068935,0.852117185969555,0.852117185969555,"social_isolation_avg"
"324","GPR3","Exc L4-5 RORB IL1RAPL2",0.0636508150748862,0.314008632978889,0.2168822743923,0.642038839174532,0.868818079521986,0.868818079521986,"social_isolation_avg"
"325","WASF2","Exc L4-5 RORB IL1RAPL2",0.0375785076995479,5.04206014606989,2.54708189697248,0.112408262150195,0.387330407222074,0.387330407222074,"social_isolation_avg"
"326","FO393419.2","Exc L4-5 RORB IL1RAPL2",0.0900529813489826,-0.468405914306276,0.266943032086613,0.606080381822935,0.849203710342991,0.849203710342991,"social_isolation_avg"
"327","BX293535.1","Exc L4-5 RORB IL1RAPL2",-0.123157428117907,-0.292251677987805,0.672652559502565,0.413309427978814,0.72299318661147,0.72299318661147,"social_isolation_avg"
"328","AHDC1","Exc L4-5 RORB IL1RAPL2",0.00571602321494523,6.02795396494649,0.0609763808552499,0.805265751534628,0.94612725315367,0.94612725315367,"social_isolation_avg"
"329","IFI6","Exc L4-5 RORB IL1RAPL2",-0.193354983826963,3.83576862378526,1.33179991414228,0.250151069721889,0.576501608779393,0.576501608779393,"social_isolation_avg"
"330","AL445490.1","Exc L4-5 RORB IL1RAPL2",0.0563855740768966,-0.31349995319054,0.151174537043018,0.697915820034636,0.898205352997798,0.898205352997798,"social_isolation_avg"
"331","FAM76A","Exc L4-5 RORB IL1RAPL2",0.040273107874699,4.5383077981605,2.32302854433604,0.129382566151272,0.414361464818587,0.414361464818587,"social_isolation_avg"
"332","STX12","Exc L4-5 RORB IL1RAPL2",0.0313960275523023,6.49826880865172,3.22353702583273,0.0744134089953153,0.312499430692387,0.312499430692387,"social_isolation_avg"
"333","PPP1R8","Exc L4-5 RORB IL1RAPL2",-0.00637257778939204,3.97752905352925,0.0484449948913089,0.826063127958703,0.953895283131028,0.953895283131028,"social_isolation_avg"
"334","THEMIS2","Exc L4-5 RORB IL1RAPL2",0.127232280999406,2.78664147413101,3.94206719238483,0.0487467682250023,0.248073588376888,0.248073588376888,"social_isolation_avg"
"335","RPA2","Exc L4-5 RORB IL1RAPL2",-0.0319894268771767,4.14529966295425,0.907088820007001,0.34227862499794,0.665391335003188,0.665391335003188,"social_isolation_avg"
"336","SMPDL3B","Exc L4-5 RORB IL1RAPL2",0.0289328009987567,0.255538805671781,0.0463197756848827,0.82986088329613,0.955184094369796,0.955184094369796,"social_isolation_avg"
"337","AL512288.1","Exc L4-5 RORB IL1RAPL2",0.0643869159508884,-0.372677643390442,0.172146487133179,0.67874916213173,0.887533717808878,0.887533717808878,"social_isolation_avg"
"338","XKR8","Exc L4-5 RORB IL1RAPL2",-0.0440951474506673,1.61685718759349,0.443814128261476,0.506215951477917,0.791266266908567,0.791266266908567,"social_isolation_avg"
"339","EYA3","Exc L4-5 RORB IL1RAPL2",0.0486330357278992,6.40762999011081,6.67928816938032,0.0106179849941132,0.102105882157218,0.102105882157218,"social_isolation_avg"
"340","PTAFR","Exc L4-5 RORB IL1RAPL2",0.0660666748295253,1.04145019371619,0.513799473813212,0.474510285027742,0.76859408924604,0.76859408924604,"social_isolation_avg"
"341","DNAJC8","Exc L4-5 RORB IL1RAPL2",-0.0391044889003384,5.06669604214069,3.89209834790244,0.0501814064550285,0.252656304293665,0.252656304293665,"social_isolation_avg"
"342","ATP5IF1","Exc L4-5 RORB IL1RAPL2",-0.117033397760158,5.83869636645264,16.248829094288,8.46046162025025e-05,0.00513070681311911,0.00513070681311911,"social_isolation_avg"
"343","AL353622.1","Exc L4-5 RORB IL1RAPL2",0.00914390137477613,0.857372098393704,0.00371134246200966,0.951495888989843,0.989392111770647,0.989392111770647,"social_isolation_avg"
"344","SESN2","Exc L4-5 RORB IL1RAPL2",-0.0344984861468346,3.39356278491815,0.869374819134631,0.352488342305069,0.672660809354938,0.672660809354938,"social_isolation_avg"
"345","MED18","Exc L4-5 RORB IL1RAPL2",-0.0171160684591026,1.07378677020129,0.0524053375543067,0.819212431188081,0.952050234048104,0.952050234048104,"social_isolation_avg"
"346","PHACTR4","Exc L4-5 RORB IL1RAPL2",0.0881646899638447,6.4568043038952,13.2499572162334,0.000364204344749093,0.0124838956648507,0.0124838956648507,"social_isolation_avg"
"347","RCC1","Exc L4-5 RORB IL1RAPL2",0.0721000020536219,4.54605965120343,5.63017999030648,0.0188030139699864,0.143340784579417,0.143340784579417,"social_isolation_avg"
"348","TRNAU1AP","Exc L4-5 RORB IL1RAPL2",0.0552261610515243,5.97724904760388,5.76498687570923,0.0174586833997494,0.13723961304805,0.13723961304805,"social_isolation_avg"
"349","SNHG12","Exc L4-5 RORB IL1RAPL2",-0.0419461632533717,2.52355859316692,0.542557936837296,0.462418671045538,0.759762389271676,0.759762389271676,"social_isolation_avg"
"350","TAF12","Exc L4-5 RORB IL1RAPL2",0.0351228117758414,4.17924502893678,1.42637269507945,0.234068323102314,0.557222790817676,0.557222790817676,"social_isolation_avg"
"351","LINC01715","Exc L4-5 RORB IL1RAPL2",-0.0753438159780935,0.901670716723171,0.6941242114353,0.518108694003052,0.799538222959669,0.799538222959669,"social_isolation_avg"
"352","GMEB1","Exc L4-5 RORB IL1RAPL2",0.0265864476750741,4.15357899351988,0.718587111248706,0.397833516009435,0.711677030955329,0.711677030955329,"social_isolation_avg"
"353","YTHDF2","Exc L4-5 RORB IL1RAPL2",-0.0264808802773723,5.27408349296218,1.65831783044939,0.19963055305729,0.514218237970458,0.514218237970458,"social_isolation_avg"
"354","OPRD1","Exc L4-5 RORB IL1RAPL2",0.030459170752335,5.31821924734087,1.13989911642114,0.287230441000296,0.61823505566708,0.61823505566708,"social_isolation_avg"
"355","EPB41","Exc L4-5 RORB IL1RAPL2",0.0895019727538143,7.23282354423985,11.1376620476596,0.00104498970878486,0.024464440427049,0.024464440427049,"social_isolation_avg"
"356","SRSF4","Exc L4-5 RORB IL1RAPL2",0.00480008455856554,6.56748751844898,0.066154991232367,0.797339547504386,0.943241631073545,0.943241631073545,"social_isolation_avg"
"357","MECR","Exc L4-5 RORB IL1RAPL2",-0.023830096665218,4.98990730618106,1.01323243113775,0.315600926928711,0.643791637580957,0.643791637580957,"social_isolation_avg"
"358","PTPRU","Exc L4-5 RORB IL1RAPL2",0.0472453249665256,4.71627220199335,1.88894102632029,0.171181917677422,0.476167312744066,0.476167312744066,"social_isolation_avg"
"359","MATN1","Exc L4-5 RORB IL1RAPL2",-0.152786961543602,0.817939921444124,1.39624164578252,0.239051039093934,0.562992869143182,0.562992869143182,"social_isolation_avg"
"360","SDC3","Exc L4-5 RORB IL1RAPL2",-0.0707980932191533,3.92029358540912,2.25465836602975,0.135120701838219,0.423281258192208,0.423281258192208,"social_isolation_avg"
"361","PUM1","Exc L4-5 RORB IL1RAPL2",-0.0240058004081758,7.35541058835999,2.34739691102806,0.127404047643256,0.41064815858142,0.41064815858142,"social_isolation_avg"
"362","NKAIN1","Exc L4-5 RORB IL1RAPL2",0.0175201819529321,4.30089899526092,0.110426462237068,0.740080155351789,0.918293436908073,0.918293436908073,"social_isolation_avg"
"363","SNRNP40","Exc L4-5 RORB IL1RAPL2",0.0531516306845398,4.76924451496338,4.96140611721277,0.0272693387111273,0.177425137264531,0.177425137264531,"social_isolation_avg"
"364","ZCCHC17","Exc L4-5 RORB IL1RAPL2",-0.0245024861793847,5.72194197851962,1.44585672947583,0.262269953917121,0.591934270376539,0.591934270376539,"social_isolation_avg"
"365","AL451070.1","Exc L4-5 RORB IL1RAPL2",0.00728780594917629,3.46119868564803,0.015405781842763,0.901371044496765,0.978205337360331,0.978205337360331,"social_isolation_avg"
"366","FABP3","Exc L4-5 RORB IL1RAPL2",-0.0810895039625424,3.83345217094264,3.38840096503813,0.0674493874244988,0.296173093399615,0.296173093399615,"social_isolation_avg"
"367","SERINC2","Exc L4-5 RORB IL1RAPL2",0.231058941438559,0.0990695513065366,3.26992300500949,0.072378582276626,0.308506814396945,0.308506814396945,"social_isolation_avg"
"368","PEF1","Exc L4-5 RORB IL1RAPL2",-0.0955741688134538,4.30960921394028,8.33262386365521,0.00441445508266606,0.060752337391058,0.060752337391058,"social_isolation_avg"
"369","COL16A1","Exc L4-5 RORB IL1RAPL2",0.0271730405456606,4.4242196150838,0.341075981609144,0.560004938612916,0.823170715001165,0.823170715001165,"social_isolation_avg"
"370","ADGRB2","Exc L4-5 RORB IL1RAPL2",-0.0395748990197277,5.91697030349323,2.37326724872723,0.125340652178552,0.408047226405777,0.408047226405777,"social_isolation_avg"
"371","SPOCD1","Exc L4-5 RORB IL1RAPL2",-0.293562275965114,-0.624233073991468,2.49505830653505,0.116115847352865,0.393330195474553,0.393330195474553,"social_isolation_avg"
"372","AL354919.1","Exc L4-5 RORB IL1RAPL2",0.180062739868103,-0.576134134256398,1.06818193817198,0.302866202978203,0.634122672643778,0.634122672643778,"social_isolation_avg"
"373","AL136115.2","Exc L4-5 RORB IL1RAPL2",0.0292915911674986,2.22793701145381,0.272242084739603,0.662565248792899,0.880241333549393,0.880241333549393,"social_isolation_avg"
"374","PTP4A2","Exc L4-5 RORB IL1RAPL2",0.00707744680028428,3.44953195501581,0.0375497912705415,0.846587882140163,0.961597389721097,0.961597389721097,"social_isolation_avg"
"375","KHDRBS1","Exc L4-5 RORB IL1RAPL2",0.00816996880478012,6.23409045853029,0.184692109690644,0.66793124138873,0.883091818762921,0.883091818762921,"social_isolation_avg"
"376","AL445248.1","Exc L4-5 RORB IL1RAPL2",-0.00905913557124424,2.4390577364967,0.031169214285698,0.901845246282629,0.978205337360331,0.978205337360331,"social_isolation_avg"
"377","TMEM39B","Exc L4-5 RORB IL1RAPL2",0.0235921844128414,4.54884886914931,1.17314848265573,0.628773904754702,0.862166175220213,0.862166175220213,"social_isolation_avg"
"378","KPNA6","Exc L4-5 RORB IL1RAPL2",-1.30686752932095e-05,6.60089086937178,5.63051761107619e-07,0.999402198024942,1,1,"social_isolation_avg"
"379","TXLNA","Exc L4-5 RORB IL1RAPL2",-0.054827114203116,4.01022388971869,3.83891217479788,0.0517580418381961,0.257045805681058,0.257045805681058,"social_isolation_avg"
"380","CCDC28B","Exc L4-5 RORB IL1RAPL2",-0.0722349615819105,1.95014378829254,1.50150412908206,0.22218318272983,0.543675680527236,0.543675680527236,"social_isolation_avg"
"381","AL049795.1","Exc L4-5 RORB IL1RAPL2",-0.0775143869850813,0.752429506470927,0.588088482500919,0.744900842483687,0.920785167671651,0.920785167671651,"social_isolation_avg"
"382","IQCC","Exc L4-5 RORB IL1RAPL2",-0.0899611002934798,1.0691449049002,1.43522041491099,0.23262929613216,0.555334205414661,0.555334205414661,"social_isolation_avg"
"383","DCDC2B","Exc L4-5 RORB IL1RAPL2",0.0817671840346685,0.976844707352357,0.831475710190148,0.363174082065427,0.682791813072331,0.682791813072331,"social_isolation_avg"
"384","TMEM234","Exc L4-5 RORB IL1RAPL2",0.0328065277531387,2.83797099540627,0.504159537599576,0.47867862280877,0.771521440151011,0.771521440151011,"social_isolation_avg"
"385","EIF3I","Exc L4-5 RORB IL1RAPL2",-0.0864827673607213,3.81897041630042,5.72210194185049,0.0178751176720698,0.139785484388952,0.139785484388952,"social_isolation_avg"
"386","HDAC1","Exc L4-5 RORB IL1RAPL2",0.206026620667767,2.05000027972702,6.34466614263255,0.0127232793580832,0.113234792443223,0.113234792443223,"social_isolation_avg"
"387","MARCKSL1","Exc L4-5 RORB IL1RAPL2",0.00359670823242045,4.27834183923641,0.00335641409843782,0.953870724288047,0.989755304318845,0.989755304318845,"social_isolation_avg"
"388","TSSK3","Exc L4-5 RORB IL1RAPL2",0.159057995453145,1.95707580907889,6.06610713446519,0.0148051269846385,0.123295689998391,0.123295689998391,"social_isolation_avg"
"389","FAM229A","Exc L4-5 RORB IL1RAPL2",0.0532095642512546,2.63574932390859,0.833598180343014,0.362563881052046,0.682146358959006,0.682146358959006,"social_isolation_avg"
"390","BSDC1","Exc L4-5 RORB IL1RAPL2",0.00832225890354921,6.19130627953241,0.182329121272383,0.669934878741865,0.883801188338878,0.883801188338878,"social_isolation_avg"
"391","AL033529.1","Exc L4-5 RORB IL1RAPL2",0.0043305266420773,1.93198185565673,0.0046337869784522,0.945810651176418,0.988384145085,0.988384145085,"social_isolation_avg"
"392","ZBTB8A","Exc L4-5 RORB IL1RAPL2",-0.0350639959730301,2.4584841385555,0.414065261820105,0.520805050505659,0.801280887999478,0.801280887999478,"social_isolation_avg"
"393","ZBTB8OS","Exc L4-5 RORB IL1RAPL2",0.0755226742268564,6.70489414658496,18.2203511776134,3.30713638612078e-05,0.00293776185736109,0.00293776185736109,"social_isolation_avg"
"394","RBBP4","Exc L4-5 RORB IL1RAPL2",0.024332116600058,5.99257629077435,2.21494786094632,0.138584961845401,0.429939541173206,0.429939541173206,"social_isolation_avg"
"395","SYNC","Exc L4-5 RORB IL1RAPL2",-0.0252063554065857,3.78234101087443,0.348378008492029,0.555838780050746,0.820488809279151,0.820488809279151,"social_isolation_avg"
"396","KIAA1522","Exc L4-5 RORB IL1RAPL2",0.0060354110315781,4.30144646762623,0.0283808098287185,0.866422609592168,0.966778235497087,0.966778235497087,"social_isolation_avg"
"397","YARS","Exc L4-5 RORB IL1RAPL2",0.0136906398404485,6.02809644690806,0.290195822322147,0.590819802025991,0.841692108021376,0.841692108021376,"social_isolation_avg"
"398","S100PBP","Exc L4-5 RORB IL1RAPL2",0.0507919862533032,5.07488670035721,2.51142173520877,0.11493520495448,0.391271862710278,0.391271862710278,"social_isolation_avg"
"399","FNDC5","Exc L4-5 RORB IL1RAPL2",-0.131312346219526,4.98943433357764,16.034569931994,9.37841447223489e-05,0.00549202076315912,0.00549202076315912,"social_isolation_avg"
"400","HPCA","Exc L4-5 RORB IL1RAPL2",-0.10068418774018,6.75184517197408,6.82678143965537,0.00980801598087315,0.0973856090354214,0.0973856090354214,"social_isolation_avg"
"401","TMEM54","Exc L4-5 RORB IL1RAPL2",-0.197914136431713,3.20306884367195,14.0950059074858,0.000240400918600013,0.00961435389038673,0.00961435389038673,"social_isolation_avg"
"402","RNF19B","Exc L4-5 RORB IL1RAPL2",-0.0554067614504291,3.74180426032797,2.12394550633809,0.146909703999582,0.442792022748905,0.442792022748905,"social_isolation_avg"
"403","AL020995.1","Exc L4-5 RORB IL1RAPL2",0.00149613980949879,2.22578417850047,0.000303351573449571,0.986124959411615,0.998305401080937,0.998305401080937,"social_isolation_avg"
"404","AK2","Exc L4-5 RORB IL1RAPL2",0.0402721236356751,4.35821701062863,2.84336122126545,0.0936386504319691,0.354159329077063,0.354159329077063,"social_isolation_avg"
"405","AZIN2","Exc L4-5 RORB IL1RAPL2",0.0180552567875645,5.4777799168966,0.504145322374848,0.478684813740886,0.771521440151011,0.771521440151011,"social_isolation_avg"
"406","TRIM62","Exc L4-5 RORB IL1RAPL2",0.139161440551392,1.64028599899582,1.87946903714139,0.172253029265846,0.477131926221457,0.477131926221457,"social_isolation_avg"
"407","AL662907.3","Exc L4-5 RORB IL1RAPL2",0.111565845595898,2.71623064505751,5.03271917585043,0.0262012392810945,0.173336638784741,0.173336638784741,"social_isolation_avg"
"408","ZNF362","Exc L4-5 RORB IL1RAPL2",-0.0181459340721366,5.02332338255354,0.687663924955715,0.408156002897158,0.71890020566041,0.71890020566041,"social_isolation_avg"
"409","A3GALT2","Exc L4-5 RORB IL1RAPL2",0.131589666539498,0.689952986232417,1.94703840631777,0.164778133349163,0.468392366862758,0.468392366862758,"social_isolation_avg"
"410","AL513327.1","Exc L4-5 RORB IL1RAPL2",0.0189707296717006,1.86182505123658,0.0620586398913368,0.803580546364714,0.945168418444318,0.945168418444318,"social_isolation_avg"
"411","PHC2","Exc L4-5 RORB IL1RAPL2",-0.00288414594642434,6.23425569625291,0.0270831029875779,0.869483952753265,0.967732474374979,0.967732474374979,"social_isolation_avg"
"412","AL513327.2","Exc L4-5 RORB IL1RAPL2",0.0553520505068586,1.32270349818848,0.387844805306151,0.5342926763641,0.809700884133067,0.809700884133067,"social_isolation_avg"
"413","ZSCAN20","Exc L4-5 RORB IL1RAPL2",-0.0880157222774788,1.78186510619305,1.92210092588381,0.167492370020572,0.471037750786443,0.471037750786443,"social_isolation_avg"
"414","CSMD2","Exc L4-5 RORB IL1RAPL2",0.0345022039230262,6.93142334766398,1.34031713412885,0.248648147796346,0.574721671690039,0.574721671690039,"social_isolation_avg"
"415","SMIM12","Exc L4-5 RORB IL1RAPL2",-0.0582994941016962,5.31981041924421,3.50379965576672,0.0629948668807289,0.285160032469001,0.285160032469001,"social_isolation_avg"
"416","DLGAP3","Exc L4-5 RORB IL1RAPL2",0.017559008652976,5.53089626752782,0.529263682456824,0.467945765960667,0.763370756849864,0.763370756849864,"social_isolation_avg"
"417","AC114490.3","Exc L4-5 RORB IL1RAPL2",0.0256507860299878,2.32971811130151,0.174351421271085,0.676815023000702,0.88648706932151,0.88648706932151,"social_isolation_avg"
"418","ZMYM1","Exc L4-5 RORB IL1RAPL2",-0.0282489801586527,3.70263697351703,0.63426039524544,0.426939191235734,0.733217560067617,0.733217560067617,"social_isolation_avg"
"419","AL590434.1","Exc L4-5 RORB IL1RAPL2",-0.0382520451694233,1.42415256291717,0.252625033036304,0.615901718120628,0.854423081498673,0.854423081498673,"social_isolation_avg"
"420","SFPQ","Exc L4-5 RORB IL1RAPL2",-0.0245124724738233,6.66791684229287,0.963973562772587,0.327622626673508,0.653716011884031,0.653716011884031,"social_isolation_avg"
"421","ZMYM4","Exc L4-5 RORB IL1RAPL2",-0.042410675455269,7.27903300280099,8.44675211493926,0.00415858384630627,0.0585886559612516,0.0585886559612516,"social_isolation_avg"
"422","ZMYM4-AS1","Exc L4-5 RORB IL1RAPL2",0.109978632788879,1.37084627744183,1.79842283153437,0.181743115557295,0.488383844424893,0.488383844424893,"social_isolation_avg"
"423","KIAA0319L","Exc L4-5 RORB IL1RAPL2",0.0136543584378159,6.87762117607108,1.19458154772297,0.275997661654369,0.606251321280619,0.606251321280619,"social_isolation_avg"
"424","NCDN","Exc L4-5 RORB IL1RAPL2",-0.0948491003242843,6.91845725081995,5.82852779468195,0.0168601705254043,0.133869612467971,0.133869612467971,"social_isolation_avg"
"425","AC004865.2","Exc L4-5 RORB IL1RAPL2",-0.0702688900120926,1.40423816468751,0.895214426390373,0.345449202913777,0.668060451326152,0.668060451326152,"social_isolation_avg"
"426","TFAP2E","Exc L4-5 RORB IL1RAPL2",0.149451806460222,4.07646802902436,12.7835310318579,0.00045873514980636,0.0143428941221591,0.0143428941221591,"social_isolation_avg"
"427","PSMB2","Exc L4-5 RORB IL1RAPL2",-0.0231029638367375,5.06322765165354,1.01295495438075,0.315666997662382,0.643791637580957,0.643791637580957,"social_isolation_avg"
"428","C1orf216","Exc L4-5 RORB IL1RAPL2",-0.0984057823163365,4.86212583863471,17.2957480000315,5.12808425079642e-05,0.00373186469651227,0.00373186469651227,"social_isolation_avg"
"429","CLSPN","Exc L4-5 RORB IL1RAPL2",0.0225239113549112,2.41776718313496,0.145333412436353,0.70352496501982,0.900757603406416,0.900757603406416,"social_isolation_avg"
"430","AGO4","Exc L4-5 RORB IL1RAPL2",0.078202905198563,6.37012436672417,20.8689109535735,9.5763361932275e-06,0.00130355292886372,0.00130355292886372,"social_isolation_avg"
"431","AGO1","Exc L4-5 RORB IL1RAPL2",0.00414738098780937,5.56041583128824,0.0594485774874517,0.95435829653839,0.989932191279706,0.989932191279706,"social_isolation_avg"
"432","AGO3","Exc L4-5 RORB IL1RAPL2",0.0342896381796559,7.16636317613689,5.85052386786425,0.0166579984538625,0.132654035667311,0.132654035667311,"social_isolation_avg"
"433","AL138787.2","Exc L4-5 RORB IL1RAPL2",0.124561744316983,1.74588985409045,3.60461538833367,0.0593618607541873,0.277222177671361,0.277222177671361,"social_isolation_avg"
"434","ADPRHL2","Exc L4-5 RORB IL1RAPL2",-0.0491012445574361,3.26037293056804,1.80525650745897,0.18091983364319,0.487634577730463,0.487634577730463,"social_isolation_avg"
"435","COL8A2","Exc L4-5 RORB IL1RAPL2",-0.398192735756951,-0.510221902816976,4.71736113897342,0.0312844366072316,0.193189564309866,0.193189564309866,"social_isolation_avg"
"436","TRAPPC3","Exc L4-5 RORB IL1RAPL2",-0.0160484954249517,4.63745433884643,0.363409318775471,0.547445036680526,0.815910290096978,0.815910290096978,"social_isolation_avg"
"437","MAP7D1","Exc L4-5 RORB IL1RAPL2",-0.0989492165967469,5.13544076845599,19.7950762792975,1.57812365251759e-05,0.00187796714649593,0.00187796714649593,"social_isolation_avg"
"438","THRAP3","Exc L4-5 RORB IL1RAPL2",-0.0125756945763991,6.20086331789268,0.580154508148927,0.540794317500924,0.812350689221576,0.812350689221576,"social_isolation_avg"
"439","SH3D21","Exc L4-5 RORB IL1RAPL2",-0.000186140352142582,1.888677766532,5.56566388231033e-06,0.998120504422007,0.999716603438089,0.999716603438089,"social_isolation_avg"
"440","AL591845.1","Exc L4-5 RORB IL1RAPL2",0.0152677083695844,3.6010184895763,0.104255964364721,0.747188953831625,0.921838897052062,0.921838897052062,"social_isolation_avg"
"441","STK40","Exc L4-5 RORB IL1RAPL2",-0.00938450545149963,5.29706613842746,0.186738152910556,0.77888726985445,0.936222594947799,0.936222594947799,"social_isolation_avg"
"442","LSM10","Exc L4-5 RORB IL1RAPL2",-0.152401493184488,3.66067380847857,18.8321697154787,2.47830422341234e-05,0.00246680724889061,0.00246680724889061,"social_isolation_avg"
"443","OSCP1","Exc L4-5 RORB IL1RAPL2",0.0149731645197286,4.02053095119932,0.183627139627177,0.668832365579092,0.883110759882903,0.883110759882903,"social_isolation_avg"
"444","MRPS15","Exc L4-5 RORB IL1RAPL2",-0.0803598131155076,3.60198844758771,5.39504763701889,0.0214127397931715,0.154376109010503,0.154376109010503,"social_isolation_avg"
"445","GRIK3","Exc L4-5 RORB IL1RAPL2",0.036281039590053,6.18240290486062,0.441703431561771,0.507227530261714,0.791591232273333,0.791591232273333,"social_isolation_avg"
"446","AL031430.1","Exc L4-5 RORB IL1RAPL2",-0.352467727615725,-0.804826246598755,3.29425659341529,0.0713352892483735,0.306298965638832,0.306298965638832,"social_isolation_avg"
"447","AL353604.1","Exc L4-5 RORB IL1RAPL2",0.102481734356227,2.60652091701659,1.996723298422,0.159519915362405,0.460454053176517,0.460454053176517,"social_isolation_avg"
"448","LINC01137","Exc L4-5 RORB IL1RAPL2",0.0372760817990546,1.7462018565046,0.233415348787412,0.629642176226344,0.862728688600322,0.862728688600322,"social_isolation_avg"
"449","ZC3H12A","Exc L4-5 RORB IL1RAPL2",0.220931465152123,-0.842194642933396,1.18136029539801,0.278661633634026,0.609621312931031,0.609621312931031,"social_isolation_avg"
"450","MEAF6","Exc L4-5 RORB IL1RAPL2",-0.0798297476024807,5.45088845637815,12.8444179410622,0.000445095482864124,0.0142009106267912,0.0142009106267912,"social_isolation_avg"
"451","SNIP1","Exc L4-5 RORB IL1RAPL2",-0.0299883531657184,3.19346760132676,0.587787502483393,0.444369521957481,0.745814794465501,0.745814794465501,"social_isolation_avg"
"452","DNALI1","Exc L4-5 RORB IL1RAPL2",0.0988217605370108,1.58040933641757,1.22019433445092,0.270927845180003,0.600478593203957,0.600478593203957,"social_isolation_avg"
"453","GNL2","Exc L4-5 RORB IL1RAPL2",0.0907248872677998,3.08384181672642,5.66915539270206,0.0184035900297218,0.141838829715832,0.141838829715832,"social_isolation_avg"
"454","C1orf109","Exc L4-5 RORB IL1RAPL2",-0.0321133465810633,3.60241229905328,0.771009225851822,0.381179538469184,0.699204851902611,0.699204851902611,"social_isolation_avg"
"455","CDCA8","Exc L4-5 RORB IL1RAPL2",0.0507590203095211,0.796795989289739,0.296553905569687,0.586784819404428,0.839667312378365,0.839667312378365,"social_isolation_avg"
"456","EPHA10","Exc L4-5 RORB IL1RAPL2",0.0533814588970345,4.68330928493657,2.55223696364597,0.112048100162505,0.386564809853731,0.386564809853731,"social_isolation_avg"
"457","MANEAL","Exc L4-5 RORB IL1RAPL2",-0.064971990232419,3.35844319112547,2.46088673442237,0.118625186553993,0.397187604811202,0.397187604811202,"social_isolation_avg"
"458","YRDC","Exc L4-5 RORB IL1RAPL2",-0.145908999125685,2.46945833266633,8.12831483595784,0.0116022510122814,0.10740028933629,0.10740028933629,"social_isolation_avg"
"459","C1orf122","Exc L4-5 RORB IL1RAPL2",-0.124991124209256,4.54644176202006,11.8167094927263,0.000742722850875067,0.0194910666593719,0.0194910666593719,"social_isolation_avg"
"460","MTF1","Exc L4-5 RORB IL1RAPL2",0.00604508971602476,4.63010037921303,0.0471737433792882,0.959572897483097,0.991774908215579,0.991774908215579,"social_isolation_avg"
"461","AL929472.2","Exc L4-5 RORB IL1RAPL2",-0.0533675887615083,1.77097989681529,0.366075944311999,0.545980741245203,0.815383782416961,0.815383782416961,"social_isolation_avg"
"462","INPP5B","Exc L4-5 RORB IL1RAPL2",0.0804814314808007,6.09085181409526,15.8075645559069,0.000104620159792797,0.00587306253796498,0.00587306253796498,"social_isolation_avg"
"463","SF3A3","Exc L4-5 RORB IL1RAPL2",0.011524059410784,4.61724476852256,0.216894239700767,0.642029662009115,0.868818079521986,0.868818079521986,"social_isolation_avg"
"464","FHL3","Exc L4-5 RORB IL1RAPL2",-0.0874903134342521,1.18461689779958,1.26224639031231,0.262855357344113,0.59257550533873,0.59257550533873,"social_isolation_avg"
"465","UTP11","Exc L4-5 RORB IL1RAPL2",-0.0592196364627843,3.15498901857408,2.35661278151982,0.126664661138906,0.409538970165627,0.409538970165627,"social_isolation_avg"
"466","AL139158.2","Exc L4-5 RORB IL1RAPL2",0.228936636723235,-1.07015268808551,0.588625027810625,0.44404576850543,0.745684417435317,0.745684417435317,"social_isolation_avg"
"467","RRAGC","Exc L4-5 RORB IL1RAPL2",-0.0843035055648706,4.03585157887254,6.68770152830772,0.0105699691620351,0.102094599452113,0.102094599452113,"social_isolation_avg"
"468","AL139260.1","Exc L4-5 RORB IL1RAPL2",0.0450727764604892,7.1552884014724,4.53889956159772,0.0346121497515862,0.203558013710174,0.203558013710174,"social_isolation_avg"
"469","RHBDL2","Exc L4-5 RORB IL1RAPL2",-0.00201184545752427,3.69256735758691,0.00210573684956931,0.963454664233692,0.992970265671771,0.992970265671771,"social_isolation_avg"
"470","AKIRIN1","Exc L4-5 RORB IL1RAPL2",-0.00129300899457899,5.25364041139769,0.00369352297448822,0.951612327419553,0.989392111770647,0.989392111770647,"social_isolation_avg"
"471","NDUFS5","Exc L4-5 RORB IL1RAPL2",-0.146802930107838,5.12905839678044,19.3406194382157,1.95197545834424e-05,0.00212260503720295,0.00212260503720295,"social_isolation_avg"
"472","MACF1","Exc L4-5 RORB IL1RAPL2",0.0604327928435507,8.85574621432152,17.6218568676781,4.39140886199859e-05,0.00340532160155227,0.00340532160155227,"social_isolation_avg"
"473","AL442071.1","Exc L4-5 RORB IL1RAPL2",-0.144755057189907,0.727900915182872,2.14602582203608,0.14483888468096,0.439709871762047,0.439709871762047,"social_isolation_avg"
"474","BMP8A","Exc L4-5 RORB IL1RAPL2",-0.0530139015712897,2.70637927548404,0.678428211151443,0.411315305963236,0.721732665016425,0.721732665016425,"social_isolation_avg"
"475","PABPC4","Exc L4-5 RORB IL1RAPL2",-0.00482915561873992,3.90186603010486,0.0215189338398125,0.944487302134523,0.988051457597129,0.988051457597129,"social_isolation_avg"
"476","NT5C1A","Exc L4-5 RORB IL1RAPL2",0.158896394057248,1.26870644547385,5.04203877496799,0.0260649337528914,0.172740669540616,0.172740669540616,"social_isolation_avg"
"477","HPCAL4","Exc L4-5 RORB IL1RAPL2",-0.116906391502815,5.89762054532315,8.76229677245914,0.0035275910640315,0.0531413618810032,0.0531413618810032,"social_isolation_avg"
"478","PPIE","Exc L4-5 RORB IL1RAPL2",-0.0136770536168786,4.45715064374922,0.148158940849745,0.700795792483882,0.899494810173801,0.899494810173801,"social_isolation_avg"
"479","BMP8B","Exc L4-5 RORB IL1RAPL2",0.130294957176609,0.0749652420306052,1.00380953474987,0.317854878311433,0.645761669023419,0.645761669023419,"social_isolation_avg"
"480","AL033527.5","Exc L4-5 RORB IL1RAPL2",-0.0699434429630743,0.949380374324152,0.482135619498255,0.488431314844968,0.779487930852028,0.779487930852028,"social_isolation_avg"
"481","AL033527.4","Exc L4-5 RORB IL1RAPL2",0.268012829018942,0.126097363948237,3.42147482095256,0.0661389864518025,0.292771138854198,0.292771138854198,"social_isolation_avg"
"482","TRIT1","Exc L4-5 RORB IL1RAPL2",0.0654558374419129,4.99042840421648,9.17611308929531,0.00284606466411714,0.0462235103088072,0.0462235103088072,"social_isolation_avg"
"483","MYCL","Exc L4-5 RORB IL1RAPL2",-0.0587758263737942,0.00420096691637082,0.216973158584562,0.64196914043838,0.868818079521986,0.868818079521986,"social_isolation_avg"
"484","MFSD2A","Exc L4-5 RORB IL1RAPL2",-0.0972595793540463,1.84583678194892,0.858343287593539,0.355553435065299,0.675783681051785,0.675783681051785,"social_isolation_avg"
"485","CAP1","Exc L4-5 RORB IL1RAPL2",-0.0798270037679546,5.11819599101374,12.037092188263,0.000665178330874469,0.0181091211488861,0.0181091211488861,"social_isolation_avg"
"486","PPT1","Exc L4-5 RORB IL1RAPL2",-0.0445701381262629,4.95368965476783,3.697462374245,0.0562144556852861,0.26920620501678,0.26920620501678,"social_isolation_avg"
"487","RLF","Exc L4-5 RORB IL1RAPL2",0.0553810566856852,6.74851379134982,11.1251543506618,0.00105160820074641,0.0245128023930847,0.0245128023930847,"social_isolation_avg"
"488","AL050341.2","Exc L4-5 RORB IL1RAPL2",0.0604564978037102,2.35221214879704,1.25302039691082,0.264600324352605,0.595030497957642,0.595030497957642,"social_isolation_avg"
"489","ZMPSTE24","Exc L4-5 RORB IL1RAPL2",0.0018565072099489,4.40031526142153,0.00509750177995307,0.943168273769269,0.987984052456339,0.987984052456339,"social_isolation_avg"
"490","SMAP2","Exc L4-5 RORB IL1RAPL2",-0.00631199443036291,6.55681273004229,0.13262002068544,0.716196242563635,0.90715953310661,0.90715953310661,"social_isolation_avg"
"491","AL031985.4","Exc L4-5 RORB IL1RAPL2",-0.0363849329364082,1.11069460436662,0.171457299843413,0.684866500040113,0.890917736857058,0.890917736857058,"social_isolation_avg"
"492","ZFP69B","Exc L4-5 RORB IL1RAPL2",0.00452998261401897,3.07272923694564,0.00946146575263581,0.960661106830119,0.992122089532923,0.992122089532923,"social_isolation_avg"
"493","ZFP69","Exc L4-5 RORB IL1RAPL2",0.220698147353857,0.734716146819984,6.23502477346854,0.0135038158502744,0.117204449405065,0.117204449405065,"social_isolation_avg"
"494","AL603839.3","Exc L4-5 RORB IL1RAPL2",-0.0180155946690128,4.00334683266806,0.264642997615154,0.607635266781876,0.850311876546104,0.850311876546104,"social_isolation_avg"
"495","EXO5","Exc L4-5 RORB IL1RAPL2",-0.022282390151565,1.98062655199087,0.150552951010408,0.698506727518855,0.89858891701008,0.89858891701008,"social_isolation_avg"
"496","ZNF684","Exc L4-5 RORB IL1RAPL2",0.0490983138988669,2.47241266756048,0.939588332002092,0.820169052687035,0.952331877797314,0.952331877797314,"social_isolation_avg"
"497","RIMS3","Exc L4-5 RORB IL1RAPL2",-0.0129618437661663,6.49572576616804,0.328746931971702,0.567177099187616,0.827741250704845,0.827741250704845,"social_isolation_avg"
"498","AL031289.1","Exc L4-5 RORB IL1RAPL2",-0.162653111128614,0.114055957643337,1.63889894639317,0.202270237883641,0.517953061442193,0.517953061442193,"social_isolation_avg"
"499","NFYC-AS1","Exc L4-5 RORB IL1RAPL2",0.122059779634175,0.873448298146618,1.55997301838339,0.213435049241845,0.532616444575051,0.532616444575051,"social_isolation_avg"
"500","NFYC","Exc L4-5 RORB IL1RAPL2",-0.00202421521138177,5.64173859222983,0.0116022709655457,0.914353322107244,0.981804260896158,0.981804260896158,"social_isolation_avg"
"501","KCNQ4","Exc L4-5 RORB IL1RAPL2",0.0350705900333528,3.22510297159937,0.707120006779687,0.620555133310027,0.857099805473778,0.857099805473778,"social_isolation_avg"
"502","CITED4","Exc L4-5 RORB IL1RAPL2",-0.135827648792173,2.8198555198009,4.59682092928822,0.0334929713403915,0.200101203262251,0.200101203262251,"social_isolation_avg"
"503","CTPS1","Exc L4-5 RORB IL1RAPL2",-0.0666621531881796,3.33343981289479,2.64279737388451,0.105925294950088,0.376802501551159,0.376802501551159,"social_isolation_avg"
"504","SLFNL1-AS1","Exc L4-5 RORB IL1RAPL2",0.0571879754799001,1.71312519319082,0.623626798263444,0.758531137012531,0.92696296863748,0.92696296863748,"social_isolation_avg"
"505","SLFNL1","Exc L4-5 RORB IL1RAPL2",-0.0884082764856596,1.81160853724412,1.5323766528957,0.217511472444932,0.537346203176727,0.537346203176727,"social_isolation_avg"
"506","SCMH1","Exc L4-5 RORB IL1RAPL2",0.0292526239382335,7.53773605247136,4.1740117450634,0.0426364614100655,0.230426874133062,0.230426874133062,"social_isolation_avg"
"507","AC093151.3","Exc L4-5 RORB IL1RAPL2",0.0123223453993036,2.7895260777863,0.0357684250082607,0.850226535357054,0.961873912835597,0.961873912835597,"social_isolation_avg"
"508","FOXO6","Exc L4-5 RORB IL1RAPL2",0.121185358417368,0.908739521411274,1.60030882706222,0.207639933931544,0.525234651058657,0.525234651058657,"social_isolation_avg"
"509","HIVEP3","Exc L4-5 RORB IL1RAPL2",0.068495398677557,8.7055120392592,10.4890530245545,0.00145153808159237,0.0301228111521612,0.0301228111521612,"social_isolation_avg"
"510","FOXJ3","Exc L4-5 RORB IL1RAPL2",0.00734442935436436,6.95590719626287,0.246607993155973,0.62013345363061,0.85677583615515,0.85677583615515,"social_isolation_avg"
"511","RIMKLA","Exc L4-5 RORB IL1RAPL2",0.0265550484881669,5.623615032389,1.20092761329374,0.274730431131725,0.604720159079034,0.604720159079034,"social_isolation_avg"
"512","ZMYND12","Exc L4-5 RORB IL1RAPL2",0.00569399416132291,1.80833291684241,0.00864910254350228,0.926015746889456,0.98417618971798,0.98417618971798,"social_isolation_avg"
"513","PPCS","Exc L4-5 RORB IL1RAPL2",-0.0174046719922895,3.04363894109884,0.16536974352036,0.68478612189423,0.890917736857058,0.890917736857058,"social_isolation_avg"
"514","CCDC30","Exc L4-5 RORB IL1RAPL2",0.0768545419628489,7.02830791120857,20.7523812257708,1.01078536667948e-05,0.00135823293164989,0.00135823293164989,"social_isolation_avg"
"515","PPIH","Exc L4-5 RORB IL1RAPL2",0.0387771880389945,3.71834599856658,1.19148015035841,0.276619661744667,0.607112935839327,0.607112935839327,"social_isolation_avg"
"516","AC098484.2","Exc L4-5 RORB IL1RAPL2",0.0865008392604319,0.156496032163911,0.594185580654676,0.441905530652991,0.744152237939235,0.744152237939235,"social_isolation_avg"
"517","YBX1","Exc L4-5 RORB IL1RAPL2",-0.0705539442319315,4.00847615778295,4.46666198456541,0.0360635614185579,0.208736202386214,0.208736202386214,"social_isolation_avg"
"518","P3H1","Exc L4-5 RORB IL1RAPL2",0.0545572563889264,4.00092942628388,3.40291237906451,0.0668710234119832,0.29452202839342,0.29452202839342,"social_isolation_avg"
"519","AC098484.3","Exc L4-5 RORB IL1RAPL2",0.0230651128055704,1.62534386664199,0.127965390603989,0.721007345336309,0.909296979182147,0.909296979182147,"social_isolation_avg"
"520","TMEM269","Exc L4-5 RORB IL1RAPL2",0.142060770082121,0.077985612816969,1.19626879679026,0.27566001892023,0.605779700114944,0.605779700114944,"social_isolation_avg"
"521","SVBP","Exc L4-5 RORB IL1RAPL2",-0.113972689872351,3.78215567453121,8.57977814030629,0.00387950238440806,0.0559482199812384,0.0559482199812384,"social_isolation_avg"
"522","ERMAP","Exc L4-5 RORB IL1RAPL2",0.0111708126432775,2.38251320634308,0.0436761614461099,0.834714597526493,0.956824497333631,0.956824497333631,"social_isolation_avg"
"523","ZNF691","Exc L4-5 RORB IL1RAPL2",-0.148345392821281,1.25804202180746,4.14224958350396,0.0434227282984772,0.232572078693179,0.232572078693179,"social_isolation_avg"
"524","SLC2A1","Exc L4-5 RORB IL1RAPL2",-0.14071701881897,2.24933659140548,6.24269367416259,0.0134476362246783,0.116931399359898,0.116931399359898,"social_isolation_avg"
"525","SLC2A1-AS1","Exc L4-5 RORB IL1RAPL2",-0.0818583212379495,3.67127934598236,4.45623795286779,0.0362782556812768,0.209516928370488,0.209516928370488,"social_isolation_avg"
"526","EBNA1BP2","Exc L4-5 RORB IL1RAPL2",0.00446311724066856,3.2776622123797,0.0141294304560704,0.905524837946966,0.978815281145674,0.978815281145674,"social_isolation_avg"
"527","CFAP57","Exc L4-5 RORB IL1RAPL2",0.0135124690673615,1.64462778365293,0.0424188233200712,0.837076926281789,0.957402473584193,0.957402473584193,"social_isolation_avg"
"528","AL139289.2","Exc L4-5 RORB IL1RAPL2",0.149353993531489,0.181194965146316,1.44495047117515,0.231059163925638,0.553305349616425,0.553305349616425,"social_isolation_avg"
"529","ELOVL1","Exc L4-5 RORB IL1RAPL2",0.0431718458156861,2.13307902875547,0.612674278264372,0.434902601101798,0.739390182068148,0.739390182068148,"social_isolation_avg"
"530","MED8","Exc L4-5 RORB IL1RAPL2",0.0239945088462327,3.45667728092433,0.484476125706965,0.487379297141899,0.778597068661083,0.778597068661083,"social_isolation_avg"
"531","SZT2","Exc L4-5 RORB IL1RAPL2",0.0551158633872367,4.91639169885881,5.08746739108395,0.0254110821640562,0.170067192050522,0.170067192050522,"social_isolation_avg"
"532","HYI","Exc L4-5 RORB IL1RAPL2",-0.0305524917582597,1.88931758752183,0.223553182029489,0.740325805409203,0.918297139382951,0.918297139382951,"social_isolation_avg"
"533","PTPRF","Exc L4-5 RORB IL1RAPL2",-0.0930725175765227,6.08396497194576,13.2704324653372,0.000360542456801788,0.0124033160457211,0.0124033160457211,"social_isolation_avg"
"534","KDM4A-AS1","Exc L4-5 RORB IL1RAPL2",0.0619127015237566,1.45183157683581,0.766390898990997,0.382606192353731,0.700260375848805,0.700260375848805,"social_isolation_avg"
"535","ST3GAL3","Exc L4-5 RORB IL1RAPL2",-0.0599242426242016,2.5827834234789,1.54675402360061,0.215376173158081,0.534513716202,0.534513716202,"social_isolation_avg"
"536","AL451062.1","Exc L4-5 RORB IL1RAPL2",-0.118999089287666,1.08035613334207,1.65550698247477,0.259935351217778,0.589240362773596,0.589240362773596,"social_isolation_avg"
"537","AL357079.1","Exc L4-5 RORB IL1RAPL2",-0.0912583096784613,1.43865237887112,1.80466771526783,0.180990596418729,0.487684858279518,0.487684858279518,"social_isolation_avg"
"538","IPO13","Exc L4-5 RORB IL1RAPL2",0.0168609440316411,3.44045590348342,0.239306361452443,0.625356033695656,0.860470272376116,0.860470272376116,"social_isolation_avg"
"539","DPH2","Exc L4-5 RORB IL1RAPL2",-0.0285214470023259,2.28344133276717,0.263597730688893,0.751343725843963,0.923584313456831,0.923584313456831,"social_isolation_avg"
"540","ATP6V0B","Exc L4-5 RORB IL1RAPL2",-0.0929420770263657,5.84905634373476,8.40458649391698,0.00425129168580254,0.0592332032305375,0.0592332032305375,"social_isolation_avg"
"541","B4GALT2","Exc L4-5 RORB IL1RAPL2",-0.0109915300308137,4.02762750270801,0.14832015451132,0.700640981056747,0.899494810173801,0.899494810173801,"social_isolation_avg"
"542","CCDC24","Exc L4-5 RORB IL1RAPL2",0.00787044282538538,4.7658543757807,0.0620408339019462,0.803608145563248,0.945168418444318,0.945168418444318,"social_isolation_avg"
"543","SLC6A9","Exc L4-5 RORB IL1RAPL2",0.0592948442678597,1.67392782346479,0.504719859094746,0.478434699469398,0.771407153699231,0.771407153699231,"social_isolation_avg"
"544","AL139220.2","Exc L4-5 RORB IL1RAPL2",-0.0583333480639852,0.0837164819251485,0.227066167615245,0.725827646125632,0.911366705975385,0.911366705975385,"social_isolation_avg"
"545","DMAP1","Exc L4-5 RORB IL1RAPL2",-0.0311419485496022,4.12547736979485,0.753075006640951,0.386762506975492,0.702836476611917,0.702836476611917,"social_isolation_avg"
"546","ERI3","Exc L4-5 RORB IL1RAPL2",-0.0375775045786554,6.2321969560909,4.66800877105176,0.0321695141083249,0.196221591374473,0.196221591374473,"social_isolation_avg"
"547","RNF220","Exc L4-5 RORB IL1RAPL2",-0.489878033041289,1.25450944378926,1.95487416868804,0.163935770155575,0.467213241017265,0.467213241017265,"social_isolation_avg"
"548","TMEM53","Exc L4-5 RORB IL1RAPL2",0.00873693982463716,2.59713711675373,0.0304802736479495,0.973501127636402,0.99572295699374,0.99572295699374,"social_isolation_avg"
"549","ARMH1","Exc L4-5 RORB IL1RAPL2",0.109371305958604,4.87647895085523,9.2209866399442,0.00278078272462906,0.0455463624506264,0.0455463624506264,"social_isolation_avg"
"550","KIF2C","Exc L4-5 RORB IL1RAPL2",0.140971395967459,1.05558647750713,3.64570180903317,0.0579463757512998,0.273553736424736,0.273553736424736,"social_isolation_avg"
"551","AL592166.1","Exc L4-5 RORB IL1RAPL2",-0.0359070010440701,1.5414371978384,0.229125043759463,0.632805902176779,0.864304106405572,0.864304106405572,"social_isolation_avg"
"552","RPS8","Exc L4-5 RORB IL1RAPL2",-0.0665020493530215,5.38921869052686,3.19781475525525,0.0755684243598825,0.314732590207646,0.314732590207646,"social_isolation_avg"
"553","BEST4","Exc L4-5 RORB IL1RAPL2",0.203471933252549,0.750421228341421,3.58328678864262,0.0601112524959683,0.279382217753922,0.279382217753922,"social_isolation_avg"
"554","PLK3","Exc L4-5 RORB IL1RAPL2",0.130490584983594,1.58494206953691,3.05702691651373,0.0822451179760061,0.329764754656497,0.329764754656497,"social_isolation_avg"
"555","BTBD19","Exc L4-5 RORB IL1RAPL2",-0.0312898555648723,1.13722848042028,0.144085633221804,0.744482619260475,0.920683308620455,0.920683308620455,"social_isolation_avg"
"556","PTCH2","Exc L4-5 RORB IL1RAPL2",0.0476763346644271,5.80013588560516,2.72106095454818,0.10093122816537,0.367994517638568,0.367994517638568,"social_isolation_avg"
"557","EIF2B3","Exc L4-5 RORB IL1RAPL2",0.0383142655368708,5.90557194723348,3.50250757903047,0.0630429515426693,0.285162726784328,0.285162726784328,"social_isolation_avg"
"558","HECTD3","Exc L4-5 RORB IL1RAPL2",0.00111238230426578,3.09675347400489,0.00097787668319196,0.975091127658763,0.996257855523055,0.996257855523055,"social_isolation_avg"
"559","UROD","Exc L4-5 RORB IL1RAPL2",-0.052509551238124,3.50532327894634,2.02797080292108,0.156311693005928,0.455703908850267,0.455703908850267,"social_isolation_avg"
"560","ZSWIM5","Exc L4-5 RORB IL1RAPL2",-0.00239485807722682,6.57127109901958,0.0179734034902453,0.893514327343808,0.975474727711369,0.975474727711369,"social_isolation_avg"
"561","MUTYH","Exc L4-5 RORB IL1RAPL2",0.0333276796119299,2.60469724336432,0.474208172218949,0.492022921045761,0.781397153693708,0.781397153693708,"social_isolation_avg"
"562","TOE1","Exc L4-5 RORB IL1RAPL2",-0.0814581516381492,1.92926337297964,1.93722836036812,0.165839777285581,0.469387348694162,0.469387348694162,"social_isolation_avg"
"563","TESK2","Exc L4-5 RORB IL1RAPL2",0.0139450322744114,3.58787175489472,0.0718999679887846,0.788924580569851,0.94012023782862,0.94012023782862,"social_isolation_avg"
"564","CCDC163","Exc L4-5 RORB IL1RAPL2",-0.116243034105383,0.142038334082101,0.271362671852565,0.60311627767614,0.84806503343566,0.84806503343566,"social_isolation_avg"
"565","MMACHC","Exc L4-5 RORB IL1RAPL2",-0.0744331181111509,2.37981738286135,1.97608409784874,0.161680408145636,0.464070843829425,0.464070843829425,"social_isolation_avg"
"566","PRDX1","Exc L4-5 RORB IL1RAPL2",-0.146645134122013,5.16797178129,20.2096941764733,1.30069254680096e-05,0.00161910550513296,0.00161910550513296,"social_isolation_avg"
"567","AKR1A1","Exc L4-5 RORB IL1RAPL2",-0.0116546784263097,3.55131137211591,0.122141667726454,0.727168030829838,0.912176201540818,0.912176201540818,"social_isolation_avg"
"568","NASP","Exc L4-5 RORB IL1RAPL2",0.0173515982807381,5.33485015999638,0.392660855704626,0.531768501569772,0.808558852883224,0.808558852883224,"social_isolation_avg"
"569","GPBP1L1","Exc L4-5 RORB IL1RAPL2",0.030793817638246,6.01189526397722,4.47526736594867,0.0358873361907949,0.208034401981014,0.208034401981014,"social_isolation_avg"
"570","TMEM69","Exc L4-5 RORB IL1RAPL2",-0.0369172080981526,3.7190188675356,1.15780230146627,0.283489781377701,0.614684693790175,0.614684693790175,"social_isolation_avg"
"571","IPP","Exc L4-5 RORB IL1RAPL2",0.0229518018423292,3.35323631077629,0.373693041788547,0.541837863696627,0.81301460896145,0.81301460896145,"social_isolation_avg"
"572","MAST2","Exc L4-5 RORB IL1RAPL2",0.00561651103586816,5.82432399536954,0.065678368767657,0.798054922027985,0.94343951658597,0.94343951658597,"social_isolation_avg"
"573","PIK3R3","Exc L4-5 RORB IL1RAPL2",-0.0457646791428788,3.0132380353699,0.628466933982797,0.429054568256365,0.734739929946482,0.734739929946482,"social_isolation_avg"
"574","AL358075.4","Exc L4-5 RORB IL1RAPL2",-0.0404945934697859,1.5116288135224,0.262963928160735,0.608775772577736,0.85121537045103,0.85121537045103,"social_isolation_avg"
"575","AL358075.2","Exc L4-5 RORB IL1RAPL2",-0.705879711124347,0.131435849151037,9.4282491154618,0.0024986185104184,0.0427840369553181,0.0427840369553181,"social_isolation_avg"
"576","TSPAN1","Exc L4-5 RORB IL1RAPL2",0.0629532838586643,1.21812617701052,0.567993830189802,0.452129389117006,0.752329625493173,0.752329625493173,"social_isolation_avg"
"577","POMGNT1","Exc L4-5 RORB IL1RAPL2",-0.00592325500105599,4.60928691012541,0.0473583916752445,0.827993730463112,0.954161930646283,0.954161930646283,"social_isolation_avg"
"578","LURAP1","Exc L4-5 RORB IL1RAPL2",0.00237212188632598,3.8465671940964,0.00376486294958975,0.951147845234669,0.989392111770647,0.989392111770647,"social_isolation_avg"
"579","RAD54L","Exc L4-5 RORB IL1RAPL2",-0.0703850729488708,1.70713195223299,0.766859958306869,0.382460948129602,0.700260375848805,0.700260375848805,"social_isolation_avg"
"580","LRRC41","Exc L4-5 RORB IL1RAPL2",0.00717005600265384,5.49996585909098,0.15906421480178,0.690534281422155,0.893676052256912,0.893676052256912,"social_isolation_avg"
"581","UQCRH","Exc L4-5 RORB IL1RAPL2",-0.088299127864858,6.72557198158366,14.088607746923,0.000241155191064963,0.00961435389038673,0.00961435389038673,"social_isolation_avg"
"582","NSUN4","Exc L4-5 RORB IL1RAPL2",0.0135104103173978,4.40750280005015,0.248217709334661,0.618995086191994,0.856117110197825,0.856117110197825,"social_isolation_avg"
"583","FAAH","Exc L4-5 RORB IL1RAPL2",0.00436012682309012,4.31429080455134,0.0145468846855491,0.904146058353799,0.978397583639639,0.978397583639639,"social_isolation_avg"
"584","AL136373.1","Exc L4-5 RORB IL1RAPL2",-0.0826888631952206,-0.177409469788456,0.304312670741024,0.581936294803545,0.837451827956942,0.837451827956942,"social_isolation_avg"
"585","MKNK1-AS1","Exc L4-5 RORB IL1RAPL2",0.00568501972769926,1.12745340867175,0.00342673937129742,0.953390516983664,0.98958264149695,0.98958264149695,"social_isolation_avg"
"586","MKNK1","Exc L4-5 RORB IL1RAPL2",0.0435175654410573,6.47402694640401,2.57750792962437,0.110300963144876,0.383781633627104,0.383781633627104,"social_isolation_avg"
"587","ATPAF1","Exc L4-5 RORB IL1RAPL2",-0.00357579370780099,5.91842752928745,0.0424555426238944,0.864666958215843,0.966465256649025,0.966465256649025,"social_isolation_avg"
"588","EFCAB14-AS1","Exc L4-5 RORB IL1RAPL2",-0.16750955613663,-0.20773473745048,1.24517629298781,0.266095341613528,0.596327130009424,0.596327130009424,"social_isolation_avg"
"589","EFCAB14","Exc L4-5 RORB IL1RAPL2",-0.0714920427155336,4.67221566595081,10.6275223519969,0.00222261205791841,0.0398994712977934,0.0398994712977934,"social_isolation_avg"
"590","CYP4X1","Exc L4-5 RORB IL1RAPL2",0.0200988573676562,5.44216221569683,0.713914310997203,0.399368712997866,0.712875322529869,0.712875322529869,"social_isolation_avg"
"591","CYP4Z1","Exc L4-5 RORB IL1RAPL2",0.0890142308431556,3.95044432583245,4.83064606353987,0.0293483927756352,0.185390752534351,0.185390752534351,"social_isolation_avg"
"592","CYP4A22-AS1","Exc L4-5 RORB IL1RAPL2",0.117717149453761,4.23636751292604,7.65027518818442,0.00632247172460231,0.075713599684304,0.075713599684304,"social_isolation_avg"
"593","LINC00853","Exc L4-5 RORB IL1RAPL2",0.118882641576996,-0.0542699844496839,0.720940275088682,0.397063655965153,0.711187952848166,0.711187952848166,"social_isolation_avg"
"594","STIL","Exc L4-5 RORB IL1RAPL2",0.10364797198999,2.65365577138557,5.42256649091135,0.0210886649510352,0.15311097413186,0.15311097413186,"social_isolation_avg"
"595","CMPK1","Exc L4-5 RORB IL1RAPL2",-0.0445341940153735,5.45202664322747,4.15163036364005,0.0431889187975376,0.231889197664077,0.231889197664077,"social_isolation_avg"
"596","LINC01389","Exc L4-5 RORB IL1RAPL2",0.100354888544401,1.14518539246201,1.20011813571855,0.274891663906869,0.605004672883782,0.605004672883782,"social_isolation_avg"
"597","TRABD2B","Exc L4-5 RORB IL1RAPL2",0.0430758711124605,0.240422560456256,0.11618911082673,0.733637890449332,0.914639407644638,0.914639407644638,"social_isolation_avg"
"598","AL356289.1","Exc L4-5 RORB IL1RAPL2",0.0984714651540403,0.167328773003603,0.4628326721158,0.497254851353818,0.784721764823798,0.784721764823798,"social_isolation_avg"
"599","SPATA6","Exc L4-5 RORB IL1RAPL2",0.0646562568605683,5.31019339654708,3.67307084267169,0.0570235873755236,0.271210095251554,0.271210095251554,"social_isolation_avg"
"600","AGBL4","Exc L4-5 RORB IL1RAPL2",0.0351943444737243,10.92489158446,5.36972908552562,0.0217155045638766,0.155459454537166,0.155459454537166,"social_isolation_avg"
"601","AC099788.1","Exc L4-5 RORB IL1RAPL2",0.0549053250094892,2.33419540708597,0.534790880541329,0.465635016235996,0.76195994649395,0.76195994649395,"social_isolation_avg"
"602","AL590432.1","Exc L4-5 RORB IL1RAPL2",0.0234835647730541,-0.240883984158573,0.0203151725764355,0.88683394004006,0.974024888659057,0.974024888659057,"social_isolation_avg"
"603","ELAVL4","Exc L4-5 RORB IL1RAPL2",-0.0481530393129281,8.61053650716445,7.56359381852997,0.00661957168361495,0.0780367076795505,0.0780367076795505,"social_isolation_avg"
"604","AL592182.2","Exc L4-5 RORB IL1RAPL2",-0.00799840001388731,-0.66798409843597,0.00787266654024932,0.929405449857595,0.984614174437816,0.984614174437816,"social_isolation_avg"
"605","AL596275.2","Exc L4-5 RORB IL1RAPL2",0.0783141721821966,1.03530606198791,0.640370540379196,0.424725236848872,0.730916564565574,0.730916564565574,"social_isolation_avg"
"606","FAF1","Exc L4-5 RORB IL1RAPL2",0.0256988175029706,8.48917363239433,3.62564414879128,0.0586328124895667,0.275133897037881,0.275133897037881,"social_isolation_avg"
"607","AL049637.1","Exc L4-5 RORB IL1RAPL2",0.226681664979826,-0.327678588341808,2.32821572466585,0.128958534193134,0.413493378320335,0.413493378320335,"social_isolation_avg"
"608","CDKN2C","Exc L4-5 RORB IL1RAPL2",0.0724782762962608,0.736891114246624,0.599486021772891,0.439880232507711,0.742592244760742,0.742592244760742,"social_isolation_avg"
"609","LINC01562","Exc L4-5 RORB IL1RAPL2",-0.00683657968012618,2.09512766573367,0.0108793125135956,0.917054599074024,0.982981535751168,0.982981535751168,"social_isolation_avg"
"610","RNF11","Exc L4-5 RORB IL1RAPL2",-0.0297484956067005,6.86416158656533,2.63513441202206,0.10642876803814,0.377183785117921,0.377183785117921,"social_isolation_avg"
"611","TTC39A","Exc L4-5 RORB IL1RAPL2",0.0975124985048761,4.14209536878782,8.6376127749812,0.00376424651300546,0.0554166595866411,0.0554166595866411,"social_isolation_avg"
"612","TTC39A-AS1","Exc L4-5 RORB IL1RAPL2",0.0666926161682681,0.293759951096599,0.400831175289768,0.6555371590362,0.876504740733796,0.876504740733796,"social_isolation_avg"
"613","EPS15","Exc L4-5 RORB IL1RAPL2",-0.0304413368975926,7.03466415616075,2.31788733594088,0.129804386679801,0.414869729791979,0.414869729791979,"social_isolation_avg"
"614","AC104170.1","Exc L4-5 RORB IL1RAPL2",0.172358505187368,2.60504169197845,6.35103792764427,0.0126793850155526,0.113003600508371,0.113003600508371,"social_isolation_avg"
"615","OSBPL9","Exc L4-5 RORB IL1RAPL2",0.0414955970232348,6.79905324346606,5.65948023980503,0.0185019085625554,0.142364624608422,0.142364624608422,"social_isolation_avg"
"616","NRDC","Exc L4-5 RORB IL1RAPL2",0.0131153308251344,7.13429639178468,0.756111661524182,0.385809011718382,0.702381037665558,0.702381037665558,"social_isolation_avg"
"617","RAB3B","Exc L4-5 RORB IL1RAPL2",-0.170657264438533,3.005033559144,2.40160930313287,0.123122988249305,0.403737865878692,0.403737865878692,"social_isolation_avg"
"618","TXNDC12","Exc L4-5 RORB IL1RAPL2",0.027756636464734,4.70388444379482,1.66049095300266,0.428513995231646,0.734542151478902,0.734542151478902,"social_isolation_avg"
"619","AL445685.1","Exc L4-5 RORB IL1RAPL2",-0.000216986847990759,0.588337540803317,7.90484599816776e-06,0.997760096248917,0.999683089770736,0.999683089770736,"social_isolation_avg"
"620","BTF3L4","Exc L4-5 RORB IL1RAPL2",0.0184760696936561,5.50694501309185,0.617880869635045,0.432961231989867,0.737691082438567,0.737691082438567,"social_isolation_avg"
"621","ZFYVE9","Exc L4-5 RORB IL1RAPL2",0.0163942367156676,7.38276877009586,1.51135563720797,0.220679425983378,0.54153049428597,0.54153049428597,"social_isolation_avg"
"622","CC2D1B","Exc L4-5 RORB IL1RAPL2",0.0523450486748704,3.20694036124022,1.31802822138824,0.252604999923415,0.580252422429396,0.580252422429396,"social_isolation_avg"
"623","ORC1","Exc L4-5 RORB IL1RAPL2",0.109434459936444,0.66024752724598,1.7002064124712,0.205239003638628,0.522163128660278,0.522163128660278,"social_isolation_avg"
"624","PRPF38A","Exc L4-5 RORB IL1RAPL2",-0.0454125553965113,3.94491556938003,2.03946239849535,0.155150476302747,0.454286933166863,0.454286933166863,"social_isolation_avg"
"625","TUT4","Exc L4-5 RORB IL1RAPL2",0.0609001503801668,7.23900172713773,12.5674642102599,0.000510677039413666,0.0153130273577591,0.0153130273577591,"social_isolation_avg"
"626","GPX7","Exc L4-5 RORB IL1RAPL2",0.0430831067193517,1.51122997485019,0.352341712757791,0.584733992195433,0.838671305816388,0.838671305816388,"social_isolation_avg"
"627","SHISAL2A","Exc L4-5 RORB IL1RAPL2",0.0894932458377575,0.409802047665889,0.762499166075188,0.383814304746121,0.701047442813144,0.701047442813144,"social_isolation_avg"
"628","COA7","Exc L4-5 RORB IL1RAPL2",-0.150439092909364,3.09871869541266,14.0232148087849,0.000249004000538788,0.00979502015425032,0.00979502015425032,"social_isolation_avg"
"629","ZYG11B","Exc L4-5 RORB IL1RAPL2",-0.000624072216554552,6.98289574418749,0.00165240552133176,0.967624146239614,0.994093242531172,0.994093242531172,"social_isolation_avg"
"630","ZYG11A","Exc L4-5 RORB IL1RAPL2",0.241593338080566,-0.115183207213909,2.85120600909145,0.0931910443958145,0.353458655010957,0.353458655010957,"social_isolation_avg"
"631","ECHDC2","Exc L4-5 RORB IL1RAPL2",-0.0038131610208303,4.84893709427752,0.0105338508442514,0.918377425979087,0.983105896136627,0.983105896136627,"social_isolation_avg"
"632","SCP2","Exc L4-5 RORB IL1RAPL2",0.0268842814866891,5.97872551702655,1.94004333431311,0.165534336019052,0.468888913599677,0.468888913599677,"social_isolation_avg"
"633","CPT2","Exc L4-5 RORB IL1RAPL2",0.00761656595122398,1.14469404339046,0.0104246065593183,0.918800288849313,0.983105896136627,0.983105896136627,"social_isolation_avg"
"634","AL606760.2","Exc L4-5 RORB IL1RAPL2",0.0537091265568117,2.45610902387006,1.08804210278954,0.298428550781296,0.629556975291511,0.629556975291511,"social_isolation_avg"
"635","C1orf123","Exc L4-5 RORB IL1RAPL2",-0.0413842509597276,4.03968417033322,1.04199896058742,0.308848683211598,0.638798200158138,0.638798200158138,"social_isolation_avg"
"636","AL606760.3","Exc L4-5 RORB IL1RAPL2",-0.0296084926268421,-0.341488301543077,0.0315103915465125,0.859323840193291,0.964243395716678,0.964243395716678,"social_isolation_avg"
"637","MAGOH","Exc L4-5 RORB IL1RAPL2",7.37868454332722e-05,3.86083352714862,6.33136252471271e-06,0.997995383246817,0.999716603438089,0.999716603438089,"social_isolation_avg"
"638","LRP8","Exc L4-5 RORB IL1RAPL2",-0.000456083131452012,5.01112616709817,0.000267622209966391,0.986967587602279,0.998364807539307,0.998364807539307,"social_isolation_avg"
"639","LINC01771","Exc L4-5 RORB IL1RAPL2",-0.0390689475839028,3.57442357234774,0.834342741479778,0.578488393717545,0.834966732590562,0.834966732590562,"social_isolation_avg"
"640","GLIS1","Exc L4-5 RORB IL1RAPL2",0.0149902762916389,6.19579403899933,0.46641269798467,0.495598201251095,0.783997654264057,0.783997654264057,"social_isolation_avg"
"641","NDC1","Exc L4-5 RORB IL1RAPL2",0.0256171487655065,4.15408831060433,0.595153355200431,0.44153467001082,0.743944743283085,0.743944743283085,"social_isolation_avg"
"642","YIPF1","Exc L4-5 RORB IL1RAPL2",0.0428429682768182,3.69984846062413,1.6611253398502,0.199252301370454,0.513911231492689,0.513911231492689,"social_isolation_avg"
"643","DIO1","Exc L4-5 RORB IL1RAPL2",0.241629983007302,0.44423034768744,5.04231857229054,0.0260608530508099,0.172740669540616,0.172740669540616,"social_isolation_avg"
"644","HSPB11","Exc L4-5 RORB IL1RAPL2",0.0747104990857786,4.77453876647585,8.46171844003992,0.00412618031296743,0.0583057936532164,0.0583057936532164,"social_isolation_avg"
"645","LRRC42","Exc L4-5 RORB IL1RAPL2",0.0474797165790225,2.99453627010904,1.29813520573809,0.256202527500308,0.584543377689545,0.584543377689545,"social_isolation_avg"
"646","TMEM59","Exc L4-5 RORB IL1RAPL2",-0.0131581313621828,6.1264027251363,0.547980954487129,0.460193995860639,0.758263313710555,0.758263313710555,"social_isolation_avg"
"647","TCEANC2","Exc L4-5 RORB IL1RAPL2",0.028451560707723,3.20503770739824,0.595882194345848,0.441255689402776,0.743918640220077,0.743918640220077,"social_isolation_avg"
"648","AL357673.1","Exc L4-5 RORB IL1RAPL2",-0.0293319301036928,0.362127893988562,0.07642046257545,0.782553556230797,0.937472191763777,0.937472191763777,"social_isolation_avg"
"649","MRPL37","Exc L4-5 RORB IL1RAPL2",-0.0532822121925945,3.96140359234969,2.43681966881756,0.120428812279653,0.399269941675716,0.399269941675716,"social_isolation_avg"
"650","SSBP3","Exc L4-5 RORB IL1RAPL2",0.0104236289168032,8.40152715376129,0.198810354688193,0.656266288831143,0.87685999936262,0.87685999936262,"social_isolation_avg"
"651","ACOT11","Exc L4-5 RORB IL1RAPL2",0.0440063537518625,6.42433893384802,1.55380753440003,0.214337792154885,0.53375695779976,0.53375695779976,"social_isolation_avg"
"652","FAM151A","Exc L4-5 RORB IL1RAPL2",0.00890345690863956,0.847520298174454,0.00891196962314351,0.965964936791423,0.993640457161603,0.993640457161603,"social_isolation_avg"
"653","MROH7-TTC4","Exc L4-5 RORB IL1RAPL2",0.00195698972661019,3.55878628912501,0.00157108981486044,0.968430381212954,0.9941928619423,0.9941928619423,"social_isolation_avg"
"654","TTC4","Exc L4-5 RORB IL1RAPL2",-0.0582018382471668,1.3120439352406,0.504088732407952,0.478709460777595,0.771521440151011,0.771521440151011,"social_isolation_avg"
"655","PARS2","Exc L4-5 RORB IL1RAPL2",0.00619030445769192,0.692689754248992,0.0048863502617852,0.944355810938688,0.988051457597129,0.988051457597129,"social_isolation_avg"
"656","DHCR24","Exc L4-5 RORB IL1RAPL2",-0.0585822655323887,4.84341715455626,1.77898720794543,0.184108624201229,0.491467166832881,0.491467166832881,"social_isolation_avg"
"657","USP24","Exc L4-5 RORB IL1RAPL2",0.0370392677687003,6.52443291689126,5.06199014145166,0.025775627128238,0.171399547216386,0.171399547216386,"social_isolation_avg"
"658","MIR4422HG","Exc L4-5 RORB IL1RAPL2",0.0350514750718731,1.24940784126586,0.117418658703553,0.7322865537023,0.914172268378775,0.914172268378775,"social_isolation_avg"
"659","AL603840.1","Exc L4-5 RORB IL1RAPL2",-0.108439276083892,1.0210193223379,1.16667550728196,0.281658848059717,0.612820843774927,0.612820843774927,"social_isolation_avg"
"660","PLPP3","Exc L4-5 RORB IL1RAPL2",0.0370955358397823,0.901153303931096,0.0379127072063032,0.845857637964322,0.961597389721097,0.961597389721097,"social_isolation_avg"
"661","PRKAA2","Exc L4-5 RORB IL1RAPL2",0.0258660305040933,6.80334588151295,1.22849347371089,0.269310322316798,0.599261848667946,0.599261848667946,"social_isolation_avg"
"662","FYB2","Exc L4-5 RORB IL1RAPL2",0.15165514873551,0.979848096107819,1.74783308269661,0.187975942290417,0.497473350391809,0.497473350391809,"social_isolation_avg"
"663","DAB1","Exc L4-5 RORB IL1RAPL2",0.0578715134955678,7.8984667234979,1.86756588201161,0.173610092530416,0.479123054772604,0.479123054772604,"social_isolation_avg"
"664","MYSM1","Exc L4-5 RORB IL1RAPL2",0.0235517740392179,6.08251621047907,1.08745134325839,0.298559332906569,0.629559917299141,0.629559917299141,"social_isolation_avg"
"665","AL136985.3","Exc L4-5 RORB IL1RAPL2",-0.0714316490841805,0.0377146276100394,0.300880871524094,0.584070813555363,0.838535621668319,0.838535621668319,"social_isolation_avg"
"666","JUN","Exc L4-5 RORB IL1RAPL2",-0.156094073898622,4.87473886951928,5.37275608209877,0.0216790725920957,0.155316066836442,0.155316066836442,"social_isolation_avg"
"667","LINC01135","Exc L4-5 RORB IL1RAPL2",-0.0536115410249906,4.29287189454564,1.4199472660879,0.235120176352075,0.55825160282988,0.55825160282988,"social_isolation_avg"
"668","AC105277.1","Exc L4-5 RORB IL1RAPL2",-0.060357399466844,0.346582548799625,0.313887793134133,0.576062743343208,0.833500280400461,0.833500280400461,"social_isolation_avg"
"669","LINC01358","Exc L4-5 RORB IL1RAPL2",0.162783875056698,3.66418480746228,8.58708951545208,0.00386473374608846,0.0559096419064441,0.0559096419064441,"social_isolation_avg"
"670","AC093424.1","Exc L4-5 RORB IL1RAPL2",0.126351696120317,0.166357461464158,1.05226631829981,0.306484518447446,0.636797822514214,0.636797822514214,"social_isolation_avg"
"671","FGGY","Exc L4-5 RORB IL1RAPL2",0.0850159045144868,5.19886181462351,8.98001515141101,0.00315034480658335,0.049384982672215,0.049384982672215,"social_isolation_avg"
"672","AL035416.1","Exc L4-5 RORB IL1RAPL2",-0.102571047139121,0.177715229671437,0.940700236394534,0.333514871086732,0.65829379321784,0.65829379321784,"social_isolation_avg"
"673","HOOK1","Exc L4-5 RORB IL1RAPL2",-0.00414842077252044,5.7207896382953,0.0469987176119505,0.898834771773123,0.977255559309928,0.977255559309928,"social_isolation_avg"
"674","LINC01748","Exc L4-5 RORB IL1RAPL2",-0.134021860512256,3.82730263180791,5.0024202728631,0.0266495757829453,0.174899973426676,0.174899973426676,"social_isolation_avg"
"675","NFIA","Exc L4-5 RORB IL1RAPL2",-0.824270094277279,1.65391976868212,6.57249892818925,0.0112474705632506,0.105556942505048,0.105556942505048,"social_isolation_avg"
"676","TM2D1","Exc L4-5 RORB IL1RAPL2",-0.00422441747676567,5.41331477022502,0.0474725365199096,0.827789841991875,0.954161930646283,0.954161930646283,"social_isolation_avg"
"677","AC099791.2","Exc L4-5 RORB IL1RAPL2",-0.100929752505339,2.82172145976511,2.42115971251865,0.121618834867922,0.40110684583161,0.40110684583161,"social_isolation_avg"
"678","PATJ","Exc L4-5 RORB IL1RAPL2",0.0431762784159765,7.4667848157053,4.90095740528131,0.028210523572885,0.181031035863942,0.181031035863942,"social_isolation_avg"
"679","L1TD1","Exc L4-5 RORB IL1RAPL2",0.05623876926329,-0.135805281603956,0.159250360826721,0.690362711626719,0.893676052256912,0.893676052256912,"social_isolation_avg"
"680","KANK4","Exc L4-5 RORB IL1RAPL2",0.0888581489515274,1.24453951129196,0.981552437310509,0.323263879676756,0.650845258744284,0.650845258744284,"social_isolation_avg"
"681","USP1","Exc L4-5 RORB IL1RAPL2",-0.00811282258236571,4.05740265626401,0.0740934466116651,0.949238786452347,0.988853552742656,0.988853552742656,"social_isolation_avg"
"682","DOCK7","Exc L4-5 RORB IL1RAPL2",-0.0202836508369309,6.47793976423574,1.07424137435173,0.301503234384642,0.632401867318513,0.632401867318513,"social_isolation_avg"
"683","AC103923.1","Exc L4-5 RORB IL1RAPL2",-0.191022071160761,1.73429427054663,9.68711621266608,0.00218697667759791,0.0395073238320158,0.0395073238320158,"social_isolation_avg"
"684","ATG4C","Exc L4-5 RORB IL1RAPL2",0.0398333882028446,5.62101932779004,2.79913561826854,0.0962066368254937,0.359109444737654,0.359109444737654,"social_isolation_avg"
"685","ALG6","Exc L4-5 RORB IL1RAPL2",0.0145948347553257,4.16021463972266,0.097071157944069,0.755765686485458,0.925496249692017,0.925496249692017,"social_isolation_avg"
"686","ITGB3BP","Exc L4-5 RORB IL1RAPL2",0.0532274820158877,5.51811723699247,0.77621253396863,0.379581220985854,0.697705857722322,0.697705857722322,"social_isolation_avg"
"687","EFCAB7","Exc L4-5 RORB IL1RAPL2",0.0302617245274749,5.84085404661596,1.92449767390677,0.167229275311259,0.470961532254752,0.470961532254752,"social_isolation_avg"
"688","PGM1","Exc L4-5 RORB IL1RAPL2",0.0561652652966444,4.38650379141953,2.59195794649545,0.109315541726958,0.382392191720425,0.382392191720425,"social_isolation_avg"
"689","CACHD1","Exc L4-5 RORB IL1RAPL2",-0.0723655540517873,4.49134442856046,3.38596837565765,0.0675468672374064,0.296491459407397,0.296491459407397,"social_isolation_avg"
"690","RAVER2","Exc L4-5 RORB IL1RAPL2",-0.0367786025690335,4.75964440565745,1.15161096321352,0.284776316170076,0.616011510032469,0.616011510032469,"social_isolation_avg"
"691","JAK1","Exc L4-5 RORB IL1RAPL2",-0.0709128110609211,6.37642758598947,7.22319051506783,0.00793296360608579,0.086532420115392,0.086532420115392,"social_isolation_avg"
"692","AK4","Exc L4-5 RORB IL1RAPL2",0.0417974014968158,5.10066432147141,1.3474562293176,0.247396977760689,0.573511175717961,0.573511175717961,"social_isolation_avg"
"693","DNAJC6","Exc L4-5 RORB IL1RAPL2",-0.00665303391326196,8.0885197523978,0.224729488176585,0.636085260555486,0.86635252051327,0.86635252051327,"social_isolation_avg"
"694","AL139294.1","Exc L4-5 RORB IL1RAPL2",-0.0147498234650451,2.93307376966074,0.0685598234894173,0.793771328651964,0.942443216133168,0.942443216133168,"social_isolation_avg"
"695","LEPR","Exc L4-5 RORB IL1RAPL2",0.00185495773135071,5.05332953890599,0.00170671038091583,0.96709674430535,0.993994106089496,0.993994106089496,"social_isolation_avg"
"696","AL513493.1","Exc L4-5 RORB IL1RAPL2",0.0522917154425563,-0.980517960620535,0.0223881958696241,0.881241426634607,0.972596117464718,0.972596117464718,"social_isolation_avg"
"697","PDE4B","Exc L4-5 RORB IL1RAPL2",-0.00528170162567264,8.74604943314569,0.0306391705936049,0.861262048320694,0.965016220001923,0.965016220001923,"social_isolation_avg"
"698","SGIP1","Exc L4-5 RORB IL1RAPL2",0.0170136993963929,8.2341461968743,1.68804684422423,0.195667884168734,0.508618221782747,0.508618221782747,"social_isolation_avg"
"699","AL139147.1","Exc L4-5 RORB IL1RAPL2",0.00158354161924067,1.77393542962228,4.46305719720939e-05,0.994677738582672,0.9994589795957,0.9994589795957,"social_isolation_avg"
"700","TCTEX1D1","Exc L4-5 RORB IL1RAPL2",-0.0519990329711902,3.59018372531636,1.21621977889794,0.271706826098758,0.600861473719535,0.600861473719535,"social_isolation_avg"
"701","WDR78","Exc L4-5 RORB IL1RAPL2",0.0475937987711805,5.48822207893714,2.13418325621477,0.145945392936432,0.441546654900901,0.441546654900901,"social_isolation_avg"
"702","MIER1","Exc L4-5 RORB IL1RAPL2",0.00544701774985611,5.9406375193901,0.127360893923589,0.721639372980815,0.90930597870072,0.90930597870072,"social_isolation_avg"
"703","SLC35D1","Exc L4-5 RORB IL1RAPL2",0.067091857870571,4.6783283734118,5.20370093629354,0.0238152439825188,0.164215827767215,0.164215827767215,"social_isolation_avg"
"704","C1orf141","Exc L4-5 RORB IL1RAPL2",0.105658183440394,0.404343727925755,0.945361512477165,0.332323448611028,0.657467560830318,0.657467560830318,"social_isolation_avg"
"705","IL12RB2","Exc L4-5 RORB IL1RAPL2",-0.0139794934930805,6.16490877816388,0.206051721448551,0.650475216677661,0.873132850688131,0.873132850688131,"social_isolation_avg"
"706","SERBP1","Exc L4-5 RORB IL1RAPL2",-0.0628899448008633,5.37844895738404,10.8745326102166,0.00119365500545649,0.0264463072110565,0.0264463072110565,"social_isolation_avg"
"707","GADD45A","Exc L4-5 RORB IL1RAPL2",-0.19082007691567,2.89221874546274,10.8564662386244,0.00120462408804083,0.0266269770675474,0.0266269770675474,"social_isolation_avg"
"708","GNG12-AS1","Exc L4-5 RORB IL1RAPL2",0.156872528687146,2.96604802053373,6.89865510549214,0.00943677481056329,0.0955852335067816,0.0955852335067816,"social_isolation_avg"
"709","DIRAS3","Exc L4-5 RORB IL1RAPL2",0.287599295803647,2.20652264574621,18.769441844902,2.55254671306112e-05,0.00246680724889061,0.00246680724889061,"social_isolation_avg"
"710","WLS","Exc L4-5 RORB IL1RAPL2",0.219413412870595,6.05984402002588,29.2527891656958,2.19424835312801e-07,0.000164738698174213,0.000164738698174213,"social_isolation_avg"
"711","DEPDC1","Exc L4-5 RORB IL1RAPL2",0.0152945724430655,0.716729234942753,0.0265052735936801,0.870871302555514,0.968185596929022,0.968185596929022,"social_isolation_avg"
"712","DEPDC1-AS1","Exc L4-5 RORB IL1RAPL2",-0.0619490395734265,0.981134369499668,0.497708700635607,0.527055165180993,0.805837757483163,0.805837757483163,"social_isolation_avg"
"713","AL033530.1","Exc L4-5 RORB IL1RAPL2",0.0613410046929199,1.74999265152384,0.796503831064001,0.373438124983795,0.691981467321359,0.691981467321359,"social_isolation_avg"
"714","LINC01707","Exc L4-5 RORB IL1RAPL2",0.0146617422474217,0.390419126545442,0.0190447337212697,0.890406283913727,0.974706512053996,0.974706512053996,"social_isolation_avg"
"715","LRRC7","Exc L4-5 RORB IL1RAPL2",0.0134437316577794,10.2382146167051,0.981516335209508,0.323272752057438,0.650845258744284,0.650845258744284,"social_isolation_avg"
"716","AL158840.1","Exc L4-5 RORB IL1RAPL2",0.0523553836194335,0.197402406631148,0.164051377472228,0.685977266769164,0.891563117498239,0.891563117498239,"social_isolation_avg"
"717","LRRC40","Exc L4-5 RORB IL1RAPL2",0.0262636654662612,5.37476560763261,1.63327638500017,0.203042243891692,0.519016792309471,0.519016792309471,"social_isolation_avg"
"718","SRSF11","Exc L4-5 RORB IL1RAPL2",0.0682072380350524,7.97230494399102,11.3340111126913,0.000946496952439862,0.0228133650629729,0.0228133650629729,"social_isolation_avg"
"719","ANKRD13C","Exc L4-5 RORB IL1RAPL2",0.0511633823382469,6.92769203206072,11.534821686744,0.000855554339419616,0.0214126238838076,0.0214126238838076,"social_isolation_avg"
"720","HHLA3","Exc L4-5 RORB IL1RAPL2",-0.118025507370449,3.06259807398199,6.64243782281015,0.0108309720065248,0.103392457802238,0.103392457802238,"social_isolation_avg"
"721","CTH","Exc L4-5 RORB IL1RAPL2",-0.00181578541534265,2.79778030513337,0.00153501696720897,0.968794722606255,0.9941928619423,0.9941928619423,"social_isolation_avg"
"722","AL354872.2","Exc L4-5 RORB IL1RAPL2",-0.0435618167735683,0.00256790323445556,0.13739262171804,0.711361555766567,0.904975073051627,0.904975073051627,"social_isolation_avg"
"723","ZRANB2-AS1","Exc L4-5 RORB IL1RAPL2",-0.0259265459208046,1.64475431778323,0.0654174051084759,0.798447781589261,0.94343951658597,0.94343951658597,"social_isolation_avg"
"724","ZRANB2","Exc L4-5 RORB IL1RAPL2",-0.015201999462384,7.31461851499146,0.814706864966384,0.368045723646369,0.686358479904687,0.686358479904687,"social_isolation_avg"
"725","NEGR1","Exc L4-5 RORB IL1RAPL2",0.032405458449646,11.3651452220394,4.53044201066092,0.0347788445563436,0.203936650182023,0.203936650182023,"social_isolation_avg"
"726","AL354949.1","Exc L4-5 RORB IL1RAPL2",0.0230761066700822,1.94411881195835,0.0754523320311013,0.783900592083011,0.937860928889192,0.937860928889192,"social_isolation_avg"
"727","AL583808.1","Exc L4-5 RORB IL1RAPL2",0.0365180125348785,2.05989957074164,0.351163794156864,0.554264870949703,0.819508136535073,0.819508136535073,"social_isolation_avg"
"728","AL583808.2","Exc L4-5 RORB IL1RAPL2",0.0182232801950142,3.84704128696689,0.125394592760795,0.723707006197631,0.910112559166016,0.910112559166016,"social_isolation_avg"
"729","LRRIQ3","Exc L4-5 RORB IL1RAPL2",-0.0516794095235039,3.00864267914074,0.416606306841575,0.519530239634171,0.800250011434867,0.800250011434867,"social_isolation_avg"
"730","TNNI3K","Exc L4-5 RORB IL1RAPL2",-0.0846563828860397,1.31934167382781,0.884915405834163,0.348231598851853,0.670556694674935,0.670556694674935,"social_isolation_avg"
"731","AC093158.1","Exc L4-5 RORB IL1RAPL2",-0.019837402902845,0.0361211575265088,0.0252067008727341,0.950977197646923,0.989392111770647,0.989392111770647,"social_isolation_avg"
"732","LRRC53","Exc L4-5 RORB IL1RAPL2",-0.0468327783435398,1.22141326686669,0.254654489255855,0.614488668612779,0.853783783810707,0.853783783810707,"social_isolation_avg"
"733","ERICH3","Exc L4-5 RORB IL1RAPL2",-0.00925222829970114,6.53664158446724,0.178826461071576,0.672933331375138,0.884882310302939,0.884882310302939,"social_isolation_avg"
"734","ERICH3-AS1","Exc L4-5 RORB IL1RAPL2",0.123640070455059,1.44337584961082,1.67085863419599,0.197947495889759,0.512039888881814,0.512039888881814,"social_isolation_avg"
"735","AC135803.1","Exc L4-5 RORB IL1RAPL2",-0.0926850251102206,0.258439842249522,0.46458431959323,0.496443110653911,0.784449431835944,0.784449431835944,"social_isolation_avg"
"736","CRYZ","Exc L4-5 RORB IL1RAPL2",-0.10213751280213,3.05187542214827,2.69150317244405,0.102786116159173,0.371289825095018,0.371289825095018,"social_isolation_avg"
"737","TYW3","Exc L4-5 RORB IL1RAPL2",-0.0794334658033507,5.01091841442033,7.85888430442152,0.00566251765042914,0.0707665102138506,0.0707665102138506,"social_isolation_avg"
"738","SLC44A5","Exc L4-5 RORB IL1RAPL2",0.00446223310338583,8.03016444956854,0.0228761864928231,0.879963917830727,0.972194166137755,0.972194166137755,"social_isolation_avg"
"739","ACADM","Exc L4-5 RORB IL1RAPL2",0.0168501394129135,6.12911597539033,0.469652798715349,0.494106876792402,0.782932435791729,0.782932435791729,"social_isolation_avg"
"740","RABGGTB","Exc L4-5 RORB IL1RAPL2",0.0387517163218109,3.69643677163881,1.08169810043283,0.299836870668739,0.630778468046534,0.630778468046534,"social_isolation_avg"
"741","MSH4","Exc L4-5 RORB IL1RAPL2",0.0221509410714317,5.28036221492096,0.116743143720675,0.733027995610982,0.914520816626361,0.914520816626361,"social_isolation_avg"
"742","ASB17","Exc L4-5 RORB IL1RAPL2",-0.0735268961289623,0.368247597918853,0.316026920421492,0.574766685594106,0.832487765102804,0.832487765102804,"social_isolation_avg"
"743","AC092813.1","Exc L4-5 RORB IL1RAPL2",-0.0114318218834441,3.34620176772005,0.0149291977418925,0.902900849619291,0.978262943641483,0.978262943641483,"social_isolation_avg"
"744","AC092813.2","Exc L4-5 RORB IL1RAPL2",-0.11850934225256,0.604893931681032,0.629418189910048,0.428706145488162,0.734542151478902,0.734542151478902,"social_isolation_avg"
"745","ST6GALNAC3","Exc L4-5 RORB IL1RAPL2",0.0593000523195452,8.20518893610769,9.23703098985817,0.00275781622066057,0.045479249260089,0.045479249260089,"social_isolation_avg"
"746","AC104458.1","Exc L4-5 RORB IL1RAPL2",0.0455789736728459,0.11638623477623,0.130070734554871,0.718819177825602,0.908254499244371,0.908254499244371,"social_isolation_avg"
"747","ST6GALNAC5","Exc L4-5 RORB IL1RAPL2",0.0079237677960078,9.77638224831206,0.0993136358826329,0.753052340256932,0.924589402789535,0.924589402789535,"social_isolation_avg"
"748","AL035409.1","Exc L4-5 RORB IL1RAPL2",0.0388779329576987,3.48596229125885,0.756017624832787,0.385838488300474,0.702381037665558,0.702381037665558,"social_isolation_avg"
"749","PIGK","Exc L4-5 RORB IL1RAPL2",-0.0197106627693421,5.53605525078197,1.05212998354031,0.360060671344772,0.679978836462166,0.679978836462166,"social_isolation_avg"
"750","AK5","Exc L4-5 RORB IL1RAPL2",-0.0328871054960182,8.43824426507431,1.81132052209765,0.180192916507687,0.486870531345099,0.486870531345099,"social_isolation_avg"
"751","AC118549.1","Exc L4-5 RORB IL1RAPL2",0.0475311751020657,6.71313984423446,8.56869424555639,0.00390200210629389,0.056101657943151,0.056101657943151,"social_isolation_avg"
"752","USP33","Exc L4-5 RORB IL1RAPL2",0.0316836631119565,7.46404644361268,6.86607076650895,0.00960324264188068,0.0965477970388014,0.0965477970388014,"social_isolation_avg"
"753","MIGA1","Exc L4-5 RORB IL1RAPL2",0.01660277744416,6.69751696553248,1.34386672995813,0.248025086948139,0.574094118616753,0.574094118616753,"social_isolation_avg"
"754","NEXN-AS1","Exc L4-5 RORB IL1RAPL2",-0.0460653516188463,0.207555595418116,0.170615678481287,0.786860337296272,0.939160775890403,0.939160775890403,"social_isolation_avg"
"755","NEXN","Exc L4-5 RORB IL1RAPL2",0.203729836429529,3.61097492781777,30.9037211510848,1.0680033183865e-07,0.000112264948817727,0.000112264948817727,"social_isolation_avg"
"756","FUBP1","Exc L4-5 RORB IL1RAPL2",0.0402229355151879,5.72951086529685,4.73930216872207,0.0308992227151466,0.191623793180364,0.191623793180364,"social_isolation_avg"
"757","DNAJB4","Exc L4-5 RORB IL1RAPL2",-0.045529214825517,-0.238758127187689,0.0890783514907231,0.765726981440349,0.930229227340792,0.930229227340792,"social_isolation_avg"
"758","GIPC2","Exc L4-5 RORB IL1RAPL2",-0.0610969604882913,5.61997742039131,5.1957570516589,0.0239208914533472,0.164675507432038,0.164675507432038,"social_isolation_avg"
"759","PTGFR","Exc L4-5 RORB IL1RAPL2",0.138095722468895,-0.0258351307158185,1.22738161304457,0.269526320752366,0.599471907247622,0.599471907247622,"social_isolation_avg"
"760","ADGRL4","Exc L4-5 RORB IL1RAPL2",-0.0828988050856754,-0.0926379833740821,0.195323483259243,0.659100037892207,0.878351304194848,0.878351304194848,"social_isolation_avg"
"761","ADGRL2","Exc L4-5 RORB IL1RAPL2",-0.0411099220357885,8.59121241584572,2.09985428963348,0.149207635108031,0.446349037767439,0.446349037767439,"social_isolation_avg"
"762","AL138799.4","Exc L4-5 RORB IL1RAPL2",-0.16440288638798,1.13376732548213,2.59247545558252,0.109280431630418,0.382340060443626,0.382340060443626,"social_isolation_avg"
"763","AC117944.1","Exc L4-5 RORB IL1RAPL2",-0.0082146894958055,1.71075128129919,0.0107128140188389,0.917689455678614,0.9830198062462,0.9830198062462,"social_isolation_avg"
"764","AC093580.1","Exc L4-5 RORB IL1RAPL2",0.116773848746871,0.966452143508194,0.742358214287052,0.390154662204767,0.705026109871823,0.705026109871823,"social_isolation_avg"
"765","LINC01362","Exc L4-5 RORB IL1RAPL2",-0.0132956447087956,1.6620996785722,0.0300638803518885,0.967490219015468,0.994093242531172,0.994093242531172,"social_isolation_avg"
"766","LINC01361","Exc L4-5 RORB IL1RAPL2",-0.0609893396140884,0.371435352190187,0.261522637595312,0.609758444545777,0.85189688615895,0.85189688615895,"social_isolation_avg"
"767","LINC01725","Exc L4-5 RORB IL1RAPL2",-0.0593726431663966,7.1093254365839,1.50028674311814,0.222369863242144,0.543675680527236,0.543675680527236,"social_isolation_avg"
"768","TTLL7","Exc L4-5 RORB IL1RAPL2",-0.0317828789418566,8.00021401965501,2.97731996368503,0.086307819276261,0.33845186497951,0.33845186497951,"social_isolation_avg"
"769","AL359504.2","Exc L4-5 RORB IL1RAPL2",-0.0175543200441439,2.38251447202262,0.0890996434348483,0.765699810836427,0.930229227340792,0.930229227340792,"social_isolation_avg"
"770","PRKACB","Exc L4-5 RORB IL1RAPL2",-0.0371144282958822,8.69604307688723,9.30409639824107,0.00266390424290047,0.0443304592611432,0.0443304592611432,"social_isolation_avg"
"771","SAMD13","Exc L4-5 RORB IL1RAPL2",-0.114678057665631,2.87461268718147,4.03580208460574,0.0461721427995709,0.241299306721805,0.241299306721805,"social_isolation_avg"
"772","DNASE2B","Exc L4-5 RORB IL1RAPL2",0.00772698120359417,-0.0581787878043562,0.00267428947062099,0.95881939464529,0.991518924746327,0.991518924746327,"social_isolation_avg"
"773","RPF1","Exc L4-5 RORB IL1RAPL2",-0.0662912527775188,3.63362987424031,3.62047541781537,0.0588111128209077,0.2753687368682,0.2753687368682,"social_isolation_avg"
"774","GNG5","Exc L4-5 RORB IL1RAPL2",-0.0226374594811187,1.01524519874836,0.0836386512778004,0.772788071328797,0.933332301620383,0.933332301620383,"social_isolation_avg"
"775","SPATA1","Exc L4-5 RORB IL1RAPL2",-0.0356267244956568,2.16718935558518,0.300092777840572,0.584563231012128,0.838671305816388,0.838671305816388,"social_isolation_avg"
"776","CTBS","Exc L4-5 RORB IL1RAPL2",0.0350979931030347,3.15288921957997,0.639498706771823,0.425040075673611,0.731187281546588,0.731187281546588,"social_isolation_avg"
"777","SSX2IP","Exc L4-5 RORB IL1RAPL2",-0.00752791239166217,7.02469002337935,0.133270359510513,0.715531696181453,0.906943848411394,0.906943848411394,"social_isolation_avg"
"778","WDR63","Exc L4-5 RORB IL1RAPL2",0.14290764503786,1.1859295493048,2.85940598029385,0.0927256798539172,0.352774587829128,0.352774587829128,"social_isolation_avg"
"779","SYDE2","Exc L4-5 RORB IL1RAPL2",-0.0349603817438041,2.84886459679116,0.584174069439912,0.949768348514745,0.989024046353742,0.989024046353742,"social_isolation_avg"
"780","C1orf52","Exc L4-5 RORB IL1RAPL2",-0.036500454154672,5.19123530682302,1.90118071876406,0.169809227477503,0.474517854541698,0.474517854541698,"social_isolation_avg"
"781","BCL10","Exc L4-5 RORB IL1RAPL2",-0.0449120008957843,3.02946523147129,1.22801535869931,0.443464220012907,0.745245107620929,0.745245107620929,"social_isolation_avg"
"782","AL078459.1","Exc L4-5 RORB IL1RAPL2",-0.0360114537059595,3.57552897613686,0.560725525769629,0.455032282943807,0.753615120895836,0.753615120895836,"social_isolation_avg"
"783","DDAH1","Exc L4-5 RORB IL1RAPL2",0.0279407932897514,7.44726253627347,0.900049809622321,0.344153311348223,0.666843297902685,0.666843297902685,"social_isolation_avg"
"784","CYR61","Exc L4-5 RORB IL1RAPL2",-0.117357224420962,1.94942992518253,1.07460735379443,0.301421168659537,0.632401867318513,0.632401867318513,"social_isolation_avg"
"785","ZNHIT6","Exc L4-5 RORB IL1RAPL2",0.0547207369330542,5.65965642011757,7.69841690437102,0.00616344240594183,0.0746119601809503,0.0746119601809503,"social_isolation_avg"
"786","COL24A1","Exc L4-5 RORB IL1RAPL2",-0.0858742334716233,5.25052644302229,1.11568228760095,0.292391375958069,0.623502448383029,0.623502448383029,"social_isolation_avg"
"787","AL136382.1","Exc L4-5 RORB IL1RAPL2",0.0853195750246346,4.06676811844276,1.77534224477192,0.184556248746461,0.492384205094724,0.492384205094724,"social_isolation_avg"
"788","ODF2L","Exc L4-5 RORB IL1RAPL2",0.00548635755300283,7.12724460389449,0.0974608489614333,0.755291716597575,0.925272055070982,0.925272055070982,"social_isolation_avg"
"789","AL356270.1","Exc L4-5 RORB IL1RAPL2",0.0843909857187326,3.37787395790742,1.38548994911521,0.240860341281704,0.565260428265153,0.565260428265153,"social_isolation_avg"
"790","AL049597.2","Exc L4-5 RORB IL1RAPL2",-0.0410659294134192,0.400177543249917,0.152312624282715,0.851039046737531,0.961873912835597,0.961873912835597,"social_isolation_avg"
"791","SH3GLB1","Exc L4-5 RORB IL1RAPL2",-0.0164878855744997,5.7166257277322,0.764245038628463,0.823606022248065,0.953349415572961,0.953349415572961,"social_isolation_avg"
"792","SELENOF","Exc L4-5 RORB IL1RAPL2",0.0113385468929025,5.69848371573171,0.300442978376675,0.584344314594528,0.838652906414916,0.838652906414916,"social_isolation_avg"
"793","HS2ST1","Exc L4-5 RORB IL1RAPL2",0.00903120175936386,5.89398968778623,0.156174692783168,0.693212599340543,0.895492291399087,0.895492291399087,"social_isolation_avg"
"794","AC093155.3","Exc L4-5 RORB IL1RAPL2",0.0803724811448013,1.10579154597796,0.821755635197286,0.365986897152847,0.684594735127667,0.684594735127667,"social_isolation_avg"
"795","LMO4","Exc L4-5 RORB IL1RAPL2",-0.093638311758285,8.0300064993061,10.7060467487671,0.00130005251721625,0.0279844069149587,0.0279844069149587,"social_isolation_avg"
"796","PKN2-AS1","Exc L4-5 RORB IL1RAPL2",-0.0945804748612899,6.21795055481075,4.54865909064152,0.034420841343459,0.203143087666746,0.203143087666746,"social_isolation_avg"
"797","PKN2","Exc L4-5 RORB IL1RAPL2",0.000749056431365381,7.13224520717998,0.00186282058224388,0.965625759903275,0.993640457161603,0.993640457161603,"social_isolation_avg"
"798","GTF2B","Exc L4-5 RORB IL1RAPL2",0.0169313034608793,4.93214642155523,0.650980555836592,0.420921699005545,0.727667038787782,0.727667038787782,"social_isolation_avg"
"799","KYAT3","Exc L4-5 RORB IL1RAPL2",0.0276624979181729,5.01722708126097,1.12603749271362,0.290170106904921,0.621391594158332,0.621391594158332,"social_isolation_avg"
"800","GBP2","Exc L4-5 RORB IL1RAPL2",-0.372672840022874,0.33307378881269,3.46426619680795,0.0644841418348364,0.289192805796857,0.289192805796857,"social_isolation_avg"
"801","GBP4","Exc L4-5 RORB IL1RAPL2",-0.171271157393204,0.306903553114456,2.4778460338765,0.117372330718207,0.395864860876861,0.395864860876861,"social_isolation_avg"
"802","LRRC8B","Exc L4-5 RORB IL1RAPL2",-0.0395935580790194,7.11567735618287,2.25187339229413,0.135360442978916,0.423681545343931,0.423681545343931,"social_isolation_avg"
"803","LRRC8C-DT","Exc L4-5 RORB IL1RAPL2",0.0298075099813773,3.23757493580244,0.432479708051179,0.796645391615976,0.943052144191509,0.943052144191509,"social_isolation_avg"
"804","AC093423.3","Exc L4-5 RORB IL1RAPL2",0.360085364714095,2.15079550438937,21.3907452674364,7.52291483112068e-06,0.00111203962124714,0.00111203962124714,"social_isolation_avg"
"805","LRRC8D","Exc L4-5 RORB IL1RAPL2",-0.0538705545412161,3.34435748673631,2.25949936298409,0.134705109507831,0.422819405606781,0.422819405606781,"social_isolation_avg"
"806","ZNF326","Exc L4-5 RORB IL1RAPL2",0.0177969102207524,5.52002329228871,0.831197836615223,0.363254075172444,0.68280651265029,0.68280651265029,"social_isolation_avg"
"807","LINC01763","Exc L4-5 RORB IL1RAPL2",-0.253061779051267,1.25689208254818,7.68620669983407,0.0062033824185378,0.074899485538833,0.074899485538833,"social_isolation_avg"
"808","ZNF644","Exc L4-5 RORB IL1RAPL2",0.0183554117390956,6.50430164547382,1.73663155086712,0.189389656263135,0.4998315629615,0.4998315629615,"social_isolation_avg"
"809","HFM1","Exc L4-5 RORB IL1RAPL2",-0.0111622848518008,4.50200457742861,0.0489553533460958,0.825164194987921,0.953780392255002,0.953780392255002,"social_isolation_avg"
"810","CDC7","Exc L4-5 RORB IL1RAPL2",0.0173478554179381,4.48234256869703,0.1984257596956,0.656577376870299,0.877151772065447,0.877151772065447,"social_isolation_avg"
"811","TGFBR3","Exc L4-5 RORB IL1RAPL2",0.142278635775257,2.56484528259359,4.31911384269888,0.0392318377691471,0.219526565191545,0.219526565191545,"social_isolation_avg"
"812","BRDT","Exc L4-5 RORB IL1RAPL2",-0.032239984305366,1.06826450471052,0.162968002418365,0.759391808971242,0.927350138081951,0.927350138081951,"social_isolation_avg"
"813","EPHX4","Exc L4-5 RORB IL1RAPL2",0.0124779040383839,5.84659220622383,0.232588435005445,0.630249147268319,0.862855619694343,0.862855619694343,"social_isolation_avg"
"814","BTBD8","Exc L4-5 RORB IL1RAPL2",-0.0512377354919155,7.33883275777929,7.89199746011759,0.00556448410271726,0.0700037258693572,0.0700037258693572,"social_isolation_avg"
"815","AC104836.1","Exc L4-5 RORB IL1RAPL2",0.0412141965323768,2.21746166956402,0.44706477069182,0.504664819155822,0.790209016160197,0.790209016160197,"social_isolation_avg"
"816","C1orf146","Exc L4-5 RORB IL1RAPL2",0.159772781169813,0.20384950307176,1.91494493441806,0.168280742655196,0.471919361461236,0.471919361461236,"social_isolation_avg"
"817","GLMN","Exc L4-5 RORB IL1RAPL2",0.0523785392537475,6.17182764908327,6.46667555379024,0.0119095146447438,0.109229242168297,0.109229242168297,"social_isolation_avg"
"818","RPAP2","Exc L4-5 RORB IL1RAPL2",0.0570950516414386,7.17885858948573,12.7528002879149,0.000465780558207064,0.014477666856187,0.014477666856187,"social_isolation_avg"
"819","EVI5","Exc L4-5 RORB IL1RAPL2",0.0166038774522107,7.39889266867526,0.970196853599221,0.326070642234797,0.6527968068696,0.6527968068696,"social_isolation_avg"
"820","RPL5","Exc L4-5 RORB IL1RAPL2",-0.0787087118744254,5.41067360316134,5.85891022215917,0.0165815837088038,0.132212450633914,0.132212450633914,"social_isolation_avg"
"821","FAM69A","Exc L4-5 RORB IL1RAPL2",0.0128495892454018,7.12381319433323,0.500420937231491,0.480311379870199,0.773246968308009,0.773246968308009,"social_isolation_avg"
"822","MTF2","Exc L4-5 RORB IL1RAPL2",0.0601331624265234,5.9628324192865,7.89788699282973,0.0055472318522856,0.0698331163520265,0.0698331163520265,"social_isolation_avg"
"823","TMED5","Exc L4-5 RORB IL1RAPL2",-0.0169331547654668,4.15603042530467,0.344707221271735,0.557925716789513,0.822084851444805,0.822084851444805,"social_isolation_avg"
"824","CCDC18","Exc L4-5 RORB IL1RAPL2",-0.0345853573687611,4.33095784980356,0.961462281222266,0.328251688217502,0.653810780112717,0.653810780112717,"social_isolation_avg"
"825","DR1","Exc L4-5 RORB IL1RAPL2",-0.0457284305614099,4.26114484565544,1.86205779655083,0.174242255625295,0.480037287586759,0.480037287586759,"social_isolation_avg"
"826","FNBP1L","Exc L4-5 RORB IL1RAPL2",-0.0242000567908318,7.23656134605696,1.12165564432951,0.291107392239694,0.622429108290141,0.622429108290141,"social_isolation_avg"
"827","BCAR3","Exc L4-5 RORB IL1RAPL2",0.0814490517682688,5.13053664202429,7.04117280277257,0.00874303025190749,0.0906855571588242,0.0906855571588242,"social_isolation_avg"
"828","AL109613.1","Exc L4-5 RORB IL1RAPL2",0.0950587636061101,0.0063955071774857,0.519702309755804,0.525484937240518,0.804756062563043,0.804756062563043,"social_isolation_avg"
"829","DNTTIP2","Exc L4-5 RORB IL1RAPL2",0.0309398591570731,3.51062126083109,0.696303606538538,0.405232856373869,0.716866612271162,0.716866612271162,"social_isolation_avg"
"830","GCLM","Exc L4-5 RORB IL1RAPL2",0.0444577958944329,5.32992669721383,3.71328722794228,0.0556960870446076,0.267604282115546,0.267604282115546,"social_isolation_avg"
"831","ABCA4","Exc L4-5 RORB IL1RAPL2",0.0252489226887909,1.0714909871624,0.0423848284117355,0.837141300635309,0.957402473584193,0.957402473584193,"social_isolation_avg"
"832","ARHGAP29","Exc L4-5 RORB IL1RAPL2",-0.021371622353338,5.94262534483486,0.448668458813065,0.50390258221437,0.789462677658201,0.789462677658201,"social_isolation_avg"
"833","ABCD3","Exc L4-5 RORB IL1RAPL2",-0.0340729649581909,5.08327423519584,2.34777875031351,0.127373316801729,0.41064815858142,0.41064815858142,"social_isolation_avg"
"834","SLC44A3","Exc L4-5 RORB IL1RAPL2",-0.00292868076305605,1.8869464134855,0.0014371967573695,0.969804884613162,0.994616413993476,0.994616413993476,"social_isolation_avg"
"835","CNN3","Exc L4-5 RORB IL1RAPL2",-0.0719650229725681,4.10151353932744,3.08261734759371,0.0809853366494929,0.326791118521018,0.326791118521018,"social_isolation_avg"
"836","AC105942.1","Exc L4-5 RORB IL1RAPL2",0.069529677151188,3.15372734657229,2.41207330853087,0.122315345858062,0.402282054402988,0.402282054402988,"social_isolation_avg"
"837","ALG14","Exc L4-5 RORB IL1RAPL2",0.0432187734444661,5.05761444340927,1.74850976160048,0.187890937751671,0.497423315125139,0.497423315125139,"social_isolation_avg"
"838","TMEM56-RWDD3","Exc L4-5 RORB IL1RAPL2",0.129086553722175,2.97705112147384,8.14024974771849,0.00488303725923275,0.0645646037609663,0.0645646037609663,"social_isolation_avg"
"839","AC092802.1","Exc L4-5 RORB IL1RAPL2",0.0399940933008768,2.34886196641638,0.433217696337782,0.511329933882331,0.795042622975396,0.795042622975396,"social_isolation_avg"
"840","AC092802.2","Exc L4-5 RORB IL1RAPL2",0.133429695073293,-0.0845071794105477,1.10742979986699,0.294177268499286,0.62545624501025,0.62545624501025,"social_isolation_avg"
"841","AL356479.1","Exc L4-5 RORB IL1RAPL2",0.120646299944259,4.44140824376714,5.06198925714274,0.0257756398763023,0.171399547216386,0.171399547216386,"social_isolation_avg"
"842","PTBP2","Exc L4-5 RORB IL1RAPL2",0.0382320652413109,6.94472970148803,7.23557820301646,0.00788073392028244,0.0862913000611481,0.0862913000611481,"social_isolation_avg"
"843","DPYD","Exc L4-5 RORB IL1RAPL2",0.00631539095486053,8.16853845212891,0.0685273847404402,0.793819011574643,0.942443216133168,0.942443216133168,"social_isolation_avg"
"844","DPYD-AS1","Exc L4-5 RORB IL1RAPL2",-0.00285057249277819,2.45288941816602,0.00177608683152723,0.966435050064509,0.993646254835144,0.993646254835144,"social_isolation_avg"
"845","MIR137HG","Exc L4-5 RORB IL1RAPL2",-0.000950798155186968,7.8851879892415,0.00153949564850247,0.968749255791129,0.9941928619423,0.9941928619423,"social_isolation_avg"
"846","LINC01776","Exc L4-5 RORB IL1RAPL2",-0.12562556352612,2.35017295339717,3.74106747309299,0.0547984372915528,0.265652378168965,0.265652378168965,"social_isolation_avg"
"847","SNX7","Exc L4-5 RORB IL1RAPL2",-0.0593667788746081,4.43241470430608,3.76967154413652,0.0538903237682483,0.263305003499345,0.263305003499345,"social_isolation_avg"
"848","PLPPR5","Exc L4-5 RORB IL1RAPL2",-0.0471608914097871,6.10478072544963,3.45678585271444,0.0647701768234602,0.29004112553985,0.29004112553985,"social_isolation_avg"
"849","AL445433.2","Exc L4-5 RORB IL1RAPL2",0.0687032990871017,5.60072020912121,4.9903974287966,0.0268297048878262,0.175594896638727,0.175594896638727,"social_isolation_avg"
"850","PLPPR4","Exc L4-5 RORB IL1RAPL2",-0.0052037283859905,6.79768216705076,0.066783979058683,0.796399678087287,0.943052144191509,0.943052144191509,"social_isolation_avg"
"851","LINC01708","Exc L4-5 RORB IL1RAPL2",0.107273909440267,0.167937652809861,0.859465871122256,0.355239855173785,0.675692649316836,0.675692649316836,"social_isolation_avg"
"852","FRRS1","Exc L4-5 RORB IL1RAPL2",0.0885876329683472,-0.039805740792888,0.4752964658847,0.491527242968673,0.780973607877241,0.780973607877241,"social_isolation_avg"
"853","AGL","Exc L4-5 RORB IL1RAPL2",0.0197566382968657,5.6652985134993,0.903904468766112,0.343124985338867,0.665941927130649,0.665941927130649,"social_isolation_avg"
"854","AC118553.1","Exc L4-5 RORB IL1RAPL2",-0.156313366044676,0.679766000119925,2.53581769918106,0.113199726712355,0.388509346839193,0.388509346839193,"social_isolation_avg"
"855","AC118553.2","Exc L4-5 RORB IL1RAPL2",-0.112085626487818,0.123186631811171,0.976907871285522,0.324407980299199,0.651743830456694,0.651743830456694,"social_isolation_avg"
"856","MFSD14A","Exc L4-5 RORB IL1RAPL2",0.0594526546725593,0.501872327541235,0.225732034764382,0.635333856339324,0.86588829587451,0.86588829587451,"social_isolation_avg"
"857","AC093019.2","Exc L4-5 RORB IL1RAPL2",0.0809211834516488,0.618694814563865,0.771292880829341,0.546318903329863,0.815557376198955,0.815557376198955,"social_isolation_avg"
"858","SASS6","Exc L4-5 RORB IL1RAPL2",-0.000818868521222276,3.09353720021336,0.000379844608214642,0.984474036911523,0.998239655190367,0.998239655190367,"social_isolation_avg"
"859","TRMT13","Exc L4-5 RORB IL1RAPL2",0.0232871546842052,4.70141497335213,0.942845112877323,0.332965929708913,0.65776240927358,0.65776240927358,"social_isolation_avg"
"860","LRRC39","Exc L4-5 RORB IL1RAPL2",-0.0244574974722066,4.06884921220407,0.230596399268822,0.631716825602384,0.863885086529539,0.863885086529539,"social_isolation_avg"
"861","DBT","Exc L4-5 RORB IL1RAPL2",-0.0161190611423733,5.09619144916739,0.744574370919324,0.428305648939032,0.734521089782963,0.734521089782963,"social_isolation_avg"
"862","RTCA-AS1","Exc L4-5 RORB IL1RAPL2",-0.117534336150235,0.0837069722340724,1.14949605564823,0.41723053670675,0.725523296115102,0.725523296115102,"social_isolation_avg"
"863","RTCA","Exc L4-5 RORB IL1RAPL2",0.047440953597434,4.59998126039038,3.49551438107598,0.0633038897270777,0.285773297093735,0.285773297093735,"social_isolation_avg"
"864","GPR88","Exc L4-5 RORB IL1RAPL2",-0.0485582009686513,1.74165586108325,0.353728773450502,0.552823161404137,0.818418356222865,0.818418356222865,"social_isolation_avg"
"865","LINC01349","Exc L4-5 RORB IL1RAPL2",-0.0943340770608952,-0.31767321465704,0.379293977005236,0.538828439932053,0.811882210176405,0.811882210176405,"social_isolation_avg"
"866","EXTL2","Exc L4-5 RORB IL1RAPL2",-0.0549574115898336,5.33055290312206,2.80407157822913,0.0959162280836785,0.358678429106943,0.358678429106943,"social_isolation_avg"
"867","AC104506.1","Exc L4-5 RORB IL1RAPL2",-0.101744017442789,0.219249734558188,0.75049250785883,0.387576056762149,0.70350408384465,0.70350408384465,"social_isolation_avg"
"868","SLC30A7","Exc L4-5 RORB IL1RAPL2",0.0322938756153997,5.61074464398857,3.16388778465464,0.0771216919409767,0.318815716236666,0.318815716236666,"social_isolation_avg"
"869","DPH5","Exc L4-5 RORB IL1RAPL2",-0.0435532805501686,3.88905601481538,2.01969849403142,0.157153765066853,0.456867012728161,0.456867012728161,"social_isolation_avg"
"870","AC093157.1","Exc L4-5 RORB IL1RAPL2",-0.0685679012473159,3.86821472719378,2.94552274337546,0.0879892292973907,0.342060902566372,0.342060902566372,"social_isolation_avg"
"871","LINC01709","Exc L4-5 RORB IL1RAPL2",0.0774171521710914,0.292021168921618,0.416870053720029,0.519398237034154,0.800250011434867,0.800250011434867,"social_isolation_avg"
"872","OLFM3","Exc L4-5 RORB IL1RAPL2",-0.0209485301414592,9.09216379085564,1.13984463433671,0.287241920319714,0.61823505566708,0.61823505566708,"social_isolation_avg"
"873","AC114485.1","Exc L4-5 RORB IL1RAPL2",0.143497775218897,0.383879322915826,2.18832887316961,0.140963350610482,0.434272580128917,0.434272580128917,"social_isolation_avg"
"874","COL11A1","Exc L4-5 RORB IL1RAPL2",0.031103942071775,7.55077017001665,0.656001760623399,0.419139477199852,0.726486796844882,0.726486796844882,"social_isolation_avg"
"875","AC095032.2","Exc L4-5 RORB IL1RAPL2",-0.00272787488213112,-0.126609452453529,0.00112084520506207,0.973332983409948,0.99572295699374,0.99572295699374,"social_isolation_avg"
"876","RNPC3","Exc L4-5 RORB IL1RAPL2",0.0414227731317801,7.00746195566109,2.35787084778727,0.126564100781272,0.409538970165627,0.409538970165627,"social_isolation_avg"
"877","AMY2B","Exc L4-5 RORB IL1RAPL2",0.0532726405394048,5.59247203329943,3.13393255154219,0.0785219565171702,0.321930462542619,0.321930462542619,"social_isolation_avg"
"878","LINC01676","Exc L4-5 RORB IL1RAPL2",0.0579318639323945,0.889298492547058,0.397665182606186,0.529168408044707,0.806743792412124,0.806743792412124,"social_isolation_avg"
"879","AL355306.2","Exc L4-5 RORB IL1RAPL2",0.0600011255363156,-0.250111735137522,0.143880178687289,0.704940493931694,0.901654774939605,0.901654774939605,"social_isolation_avg"
"880","PRMT6","Exc L4-5 RORB IL1RAPL2",0.020172657402991,1.36629157964146,0.0694297459565101,0.95737202158566,0.990964806415906,0.990964806415906,"social_isolation_avg"
"881","NTNG1","Exc L4-5 RORB IL1RAPL2",-0.0466044101117375,6.56689764366403,0.876884356796492,0.350422551980849,0.671699433292437,0.671699433292437,"social_isolation_avg"
"882","VAV3","Exc L4-5 RORB IL1RAPL2",-0.36583835324632,0.352399031850634,1.38256928808165,0.241354725110899,0.565752947420287,0.565752947420287,"social_isolation_avg"
"883","SLC25A24","Exc L4-5 RORB IL1RAPL2",0.0096402578352412,4.30763923199998,0.047456316020881,0.827818799800364,0.954161930646283,0.954161930646283,"social_isolation_avg"
"884","AL359258.2","Exc L4-5 RORB IL1RAPL2",0.0884396763829773,-0.240046361158038,0.512160202550236,0.475214915777794,0.768967880050598,0.768967880050598,"social_isolation_avg"
"885","FAM102B","Exc L4-5 RORB IL1RAPL2",-0.03513595927536,6.20755543125673,2.94023365927219,0.0882723684289833,0.342816396355664,0.342816396355664,"social_isolation_avg"
"886","HENMT1","Exc L4-5 RORB IL1RAPL2",-0.0525504426093562,3.01967459885595,1.4534318102325,0.229701025044508,0.551824923167489,0.551824923167489,"social_isolation_avg"
"887","PRPF38B","Exc L4-5 RORB IL1RAPL2",0.0564412355756871,5.38778303933408,3.33666013777199,0.0695559091695771,0.302129225180708,0.302129225180708,"social_isolation_avg"
"888","STXBP3","Exc L4-5 RORB IL1RAPL2",0.00940316716862547,5.31879615284957,0.171337607103917,0.679462343380927,0.887914013337283,0.887914013337283,"social_isolation_avg"
"889","AKNAD1","Exc L4-5 RORB IL1RAPL2",0.0128014962203483,0.398836051377615,0.0173795411128173,0.943020475990261,0.987984052456339,0.987984052456339,"social_isolation_avg"
"890","AL449266.1","Exc L4-5 RORB IL1RAPL2",0.0735768221513714,5.00176106348044,7.71424702557166,0.00611205601634557,0.0743705542670576,0.0743705542670576,"social_isolation_avg"
"891","GPSM2","Exc L4-5 RORB IL1RAPL2",-0.00955140069032585,3.35435470877638,0.0296487997869065,0.863500156096251,0.965935391992509,0.965935391992509,"social_isolation_avg"
"892","WDR47","Exc L4-5 RORB IL1RAPL2",0.000801675727919272,6.33639874178,0.00204832830119307,0.963955926227943,0.993156758412928,0.993156758412928,"social_isolation_avg"
"893","TAF13","Exc L4-5 RORB IL1RAPL2",-0.0817757861106304,4.36909377603065,7.96734303596676,0.00534788301142383,0.0680022140182462,0.0680022140182462,"social_isolation_avg"
"894","AL356488.3","Exc L4-5 RORB IL1RAPL2",-0.0720827379735342,1.64439335856499,0.955326305849722,0.329795515628578,0.655468587311798,0.655468587311798,"social_isolation_avg"
"895","TMEM167B","Exc L4-5 RORB IL1RAPL2",-0.0205384597734903,4.51139130269765,0.437360154453999,0.509320121194797,0.793090775502161,0.793090775502161,"social_isolation_avg"
"896","C1orf194","Exc L4-5 RORB IL1RAPL2",-0.107995162362025,0.783002260379995,1.4754093585304,0.22622648003205,0.547736919280445,0.547736919280445,"social_isolation_avg"
"897","KIAA1324","Exc L4-5 RORB IL1RAPL2",0.0296015939710427,6.62252357427781,2.16071235608038,0.143479862147995,0.437676374232529,0.437676374232529,"social_isolation_avg"
"898","SARS","Exc L4-5 RORB IL1RAPL2",-0.0669534852047193,5.51435971319896,8.08489517986293,0.00502714331834034,0.0656057473393713,0.0656057473393713,"social_isolation_avg"
"899","CELSR2","Exc L4-5 RORB IL1RAPL2",-0.0422886729989435,5.69153537116823,2.12287238942046,0.147011201614332,0.442859249441931,0.442859249441931,"social_isolation_avg"
"900","PSRC1","Exc L4-5 RORB IL1RAPL2",0.0447857752575148,3.6164357538578,0.771874694776869,0.380913027410056,0.699120326468761,0.699120326468761,"social_isolation_avg"
"901","MYBPHL","Exc L4-5 RORB IL1RAPL2",0.164838814183112,1.98976163668741,4.2244328990535,0.0414191746219713,0.226655031428448,0.226655031428448,"social_isolation_avg"
"902","SORT1","Exc L4-5 RORB IL1RAPL2",0.0370569520619929,6.75869349491982,2.29876133623931,0.13138724817872,0.417180420001604,0.417180420001604,"social_isolation_avg"
"903","PSMA5","Exc L4-5 RORB IL1RAPL2",-0.0104087393581128,4.64608709508913,0.141344065385237,0.707430535802162,0.903024163862212,0.903024163862212,"social_isolation_avg"
"904","ATXN7L2","Exc L4-5 RORB IL1RAPL2",-0.0263049707282734,2.62979986683058,0.322102738213273,0.645217312870951,0.870150990180991,0.870150990180991,"social_isolation_avg"
"905","CYB561D1","Exc L4-5 RORB IL1RAPL2",-0.0945595620733607,4.00144923044324,7.80179275367005,0.00583574298867578,0.0722631499271822,0.0722631499271822,"social_isolation_avg"
"906","AMIGO1","Exc L4-5 RORB IL1RAPL2",-0.105300415625919,4.02963990489053,10.7153278801258,0.00129394642141175,0.0278879890602751,0.0278879890602751,"social_isolation_avg"
"907","GPR61","Exc L4-5 RORB IL1RAPL2",-0.0935225253161779,3.1180918708038,4.81568406402833,0.0295966975415024,0.186523114110647,0.186523114110647,"social_isolation_avg"
"908","GNAI3","Exc L4-5 RORB IL1RAPL2",0.00526452338337302,5.6225916472629,0.0759485576251534,0.783209000043671,0.937680175261092,0.937680175261092,"social_isolation_avg"
"909","AMPD2","Exc L4-5 RORB IL1RAPL2",-0.0480513124475156,4.35174082969377,2.64332219822427,0.105890909390627,0.376802501551159,0.376802501551159,"social_isolation_avg"
"910","GSTM4","Exc L4-5 RORB IL1RAPL2",-0.0502777284731752,2.71753248788142,1.27397110083127,0.260658484484076,0.589788805827741,0.589788805827741,"social_isolation_avg"
"911","GSTM2","Exc L4-5 RORB IL1RAPL2",0.170214387610614,0.182661287850309,1.53471062401,0.217163114357233,0.536919280955755,0.536919280955755,"social_isolation_avg"
"912","GSTM3","Exc L4-5 RORB IL1RAPL2",-0.0570081733095098,4.35100290847504,1.40357292155552,0.237826854704267,0.561788004726521,0.561788004726521,"social_isolation_avg"
"913","AHCYL1","Exc L4-5 RORB IL1RAPL2",-0.00263872737951683,5.96367556202948,0.0148582063688416,0.903130837124173,0.97830987400392,0.97830987400392,"social_isolation_avg"
"914","STRIP1","Exc L4-5 RORB IL1RAPL2",-0.061105964926461,4.8490152116788,5.08432424107983,0.0254557623835483,0.170067192050522,0.170067192050522,"social_isolation_avg"
"915","SLC6A17","Exc L4-5 RORB IL1RAPL2",-0.0353207747753433,6.7116232834488,2.43451269017439,0.120603302972733,0.399654327536639,0.399654327536639,"social_isolation_avg"
"916","KCNC4","Exc L4-5 RORB IL1RAPL2",0.00207586423872898,5.4005443209126,0.00496853175731937,0.943890606441698,0.988051457597129,0.988051457597129,"social_isolation_avg"
"917","RBM15-AS1","Exc L4-5 RORB IL1RAPL2",0.0139693369675251,3.38920310479715,0.0984631967645502,0.754077350077896,0.924985253862164,0.924985253862164,"social_isolation_avg"
"918","RBM15","Exc L4-5 RORB IL1RAPL2",-0.0178344197528302,3.31157504765002,0.261743143155025,0.609607882592422,0.851848918666618,0.851848918666618,"social_isolation_avg"
"919","SLC16A4","Exc L4-5 RORB IL1RAPL2",0.0290850610029787,3.01905882985852,0.370705537036353,0.54345577834177,0.814022069506382,0.814022069506382,"social_isolation_avg"
"920","AL355488.1","Exc L4-5 RORB IL1RAPL2",-0.0183917303365991,2.36926410044754,0.0859042316024765,0.769817748316519,0.93177700720781,0.93177700720781,"social_isolation_avg"
"921","LAMTOR5","Exc L4-5 RORB IL1RAPL2",-0.0958157363371382,4.59517623845679,11.1623040973163,0.0010320746305867,0.0243186601311717,0.0243186601311717,"social_isolation_avg"
"922","KCNA2","Exc L4-5 RORB IL1RAPL2",0.105907398196842,6.15492173479187,7.13816371469359,0.00830125173646758,0.0884391802396977,0.0884391802396977,"social_isolation_avg"
"923","AL365361.1","Exc L4-5 RORB IL1RAPL2",-0.0527974287245459,3.1021916593888,0.937062602697951,0.334448638308815,0.658902820225019,0.658902820225019,"social_isolation_avg"
"924","LRIF1","Exc L4-5 RORB IL1RAPL2",-0.0538598707423629,4.08093855373289,2.20247968386157,0.139693283671365,0.432096880880481,0.432096880880481,"social_isolation_avg"
"925","DRAM2","Exc L4-5 RORB IL1RAPL2",0.0718252830786012,4.05784057016581,4.49348053446466,0.0355173522749011,0.206573823967499,0.206573823967499,"social_isolation_avg"
"926","CEPT1","Exc L4-5 RORB IL1RAPL2",0.0389419585692581,5.14047717199971,3.13716060897123,0.0783697408234786,0.321875039344518,0.321875039344518,"social_isolation_avg"
"927","OVGP1","Exc L4-5 RORB IL1RAPL2",0.0224558464561763,3.47320142286043,0.236326758628845,0.627515650931741,0.86150222255692,0.86150222255692,"social_isolation_avg"
"928","WDR77","Exc L4-5 RORB IL1RAPL2",-0.0526487210582854,2.50926328059738,1.11622908471369,0.292273538726004,0.623502448383029,0.623502448383029,"social_isolation_avg"
"929","ATP5PB","Exc L4-5 RORB IL1RAPL2",-0.0679768550525989,5.11340136972424,9.58285855524569,0.00230739281184908,0.0406879584277693,0.0406879584277693,"social_isolation_avg"
"930","C1orf162","Exc L4-5 RORB IL1RAPL2",0.0776452877674998,2.40565401458066,2.09265916519501,0.149901858486714,0.447093280438666,0.447093280438666,"social_isolation_avg"
"931","RAP1A","Exc L4-5 RORB IL1RAPL2",0.046200934080304,6.31850537233373,7.95874370136786,0.00537215852666437,0.0681277556856679,0.0681277556856679,"social_isolation_avg"
"932","INKA2","Exc L4-5 RORB IL1RAPL2",0.0559309472176951,3.67135440681945,1.24796426452667,0.265562769796129,0.595845943070993,0.595845943070993,"social_isolation_avg"
"933","AL049557.1","Exc L4-5 RORB IL1RAPL2",0.146015654648287,0.554925769993336,2.85009517763983,0.119176843171608,0.397758197313849,0.397758197313849,"social_isolation_avg"
"934","DDX20","Exc L4-5 RORB IL1RAPL2",-0.0284294412588546,2.96839340027273,0.4582460312593,0.527644324389537,0.805949343155566,0.805949343155566,"social_isolation_avg"
"935","KCND3","Exc L4-5 RORB IL1RAPL2",-0.00857036362897031,8.48889648036682,0.237608770705706,0.626584392850626,0.861098438199208,0.861098438199208,"social_isolation_avg"
"936","LINC01750","Exc L4-5 RORB IL1RAPL2",-0.135039953286287,2.93811690690318,6.47377268495595,0.0118638743558973,0.109022033359851,0.109022033359851,"social_isolation_avg"
"937","AL445426.1","Exc L4-5 RORB IL1RAPL2",0.156705958047672,1.8999267951474,5.46414954323517,0.0206086588836058,0.151255405250855,0.151255405250855,"social_isolation_avg"
"938","CTTNBP2NL","Exc L4-5 RORB IL1RAPL2",-0.00583104603141754,5.3104619405409,0.0678845267586724,0.794766472092902,0.942866412845306,0.942866412845306,"social_isolation_avg"
"939","WNT2B","Exc L4-5 RORB IL1RAPL2",0.000154486592335142,3.88606138580978,1.24948123650236e-05,0.997183905752548,0.999614128781137,0.999614128781137,"social_isolation_avg"
"940","AL354760.1","Exc L4-5 RORB IL1RAPL2",0.132966064919111,0.429435208521095,1.80985514636567,0.18036826433051,0.487048370115253,0.487048370115253,"social_isolation_avg"
"941","ST7L","Exc L4-5 RORB IL1RAPL2",0.00232279067885928,5.60472523297356,0.0141343862828515,0.905508349422004,0.978815281145674,0.978815281145674,"social_isolation_avg"
"942","CAPZA1","Exc L4-5 RORB IL1RAPL2",0.0189631611462635,5.67840170965723,0.973758118974764,0.325186926500525,0.652229924187665,0.652229924187665,"social_isolation_avg"
"943","MOV10","Exc L4-5 RORB IL1RAPL2",-0.105791029603468,2.26120821114283,2.45009644168898,0.11943007334622,0.397758197313849,0.397758197313849,"social_isolation_avg"
"944","LINC01356","Exc L4-5 RORB IL1RAPL2",0.11638715442889,1.38725045568366,2.29992134308231,0.131290630303309,0.417100024560109,0.417100024560109,"social_isolation_avg"
"945","AL390729.1","Exc L4-5 RORB IL1RAPL2",0.072829855399305,4.27431014825531,4.29755822734838,0.0397188231932841,0.221272603906302,0.221272603906302,"social_isolation_avg"
"946","SLC16A1","Exc L4-5 RORB IL1RAPL2",-0.0352462543185543,3.33281377211663,0.855171328470649,0.35644154686727,0.676649389757128,0.676649389757128,"social_isolation_avg"
"947","SLC16A1-AS1","Exc L4-5 RORB IL1RAPL2",0.042080589532697,7.10835503594461,3.22478971739852,0.0743576498064574,0.312426820525671,0.312426820525671,"social_isolation_avg"
"948","AL357055.3","Exc L4-5 RORB IL1RAPL2",-0.00549005228883087,3.52228556156178,0.0184227480650241,0.982295015350939,0.997691984833062,0.997691984833062,"social_isolation_avg"
"949","LRIG2","Exc L4-5 RORB IL1RAPL2",0.0532312589995525,5.27653754946742,6.97352364968083,0.00906550263300071,0.0932489840481273,0.0932489840481273,"social_isolation_avg"
"950","MAGI3","Exc L4-5 RORB IL1RAPL2",0.0354050191715248,7.91769667076864,3.24807472211968,0.0733293977216603,0.310256157041935,0.310256157041935,"social_isolation_avg"
"951","PHTF1","Exc L4-5 RORB IL1RAPL2",-0.0151467385749107,6.60797489323158,0.390011019111202,0.533154643516704,0.809278084207705,0.809278084207705,"social_isolation_avg"
"952","RSBN1","Exc L4-5 RORB IL1RAPL2",-0.0343661271939951,5.7590126178335,3.43940816914871,0.0654399572881608,0.291407256260129,0.291407256260129,"social_isolation_avg"
"953","AL137856.1","Exc L4-5 RORB IL1RAPL2",-0.0383850861403568,0.194247226942441,0.107918240938171,0.742942542983699,0.919859649820468,0.919859649820468,"social_isolation_avg"
"954","PTPN22","Exc L4-5 RORB IL1RAPL2",0.139734564726737,1.93045932169948,3.6747563434644,0.0569672754182405,0.271096030731521,0.271096030731521,"social_isolation_avg"
"955","AP4B1-AS1","Exc L4-5 RORB IL1RAPL2",0.145903535541124,1.7142391329963,4.22860536741341,0.0413201067793231,0.226416953481486,0.226416953481486,"social_isolation_avg"
"956","BCL2L15","Exc L4-5 RORB IL1RAPL2",0.105123977951702,1.1621103281726,1.76127225001689,0.186296118444034,0.494932442723892,0.494932442723892,"social_isolation_avg"
"957","AP4B1","Exc L4-5 RORB IL1RAPL2",0.0451050233273921,3.75879638192784,1.70435196402057,0.193533966418957,0.505781240139929,0.505781240139929,"social_isolation_avg"
"958","DCLRE1B","Exc L4-5 RORB IL1RAPL2",-0.0328913844273195,0.875357853439307,0.193231909066379,0.660814388589272,0.879273491314881,0.879273491314881,"social_isolation_avg"
"959","HIPK1-AS1","Exc L4-5 RORB IL1RAPL2",0.0386939838974444,0.633896487913836,0.213323088290311,0.644782461600261,0.86982519646164,0.86982519646164,"social_isolation_avg"
"960","HIPK1","Exc L4-5 RORB IL1RAPL2",-0.00488302929121531,5.46568555105973,0.0560126744503512,0.813205869065607,0.950559079342002,0.950559079342002,"social_isolation_avg"
"961","SYT6","Exc L4-5 RORB IL1RAPL2",0.0674933184983242,0.547219708746209,0.299250967908068,0.585090141805998,0.838864179215829,0.838864179215829,"social_isolation_avg"
"962","TRIM33","Exc L4-5 RORB IL1RAPL2",0.0393381042103193,7.02860421308787,8.79866600112482,0.00346148297862334,0.0522703267665859,0.0522703267665859,"social_isolation_avg"
"963","BCAS2","Exc L4-5 RORB IL1RAPL2",-0.0497294099462218,4.62778476193628,2.85100875149863,0.0932022706605313,0.353458655010957,0.353458655010957,"social_isolation_avg"
"964","DENND2C","Exc L4-5 RORB IL1RAPL2",0.161983380156478,1.10154596135007,3.07110428507105,0.0815494896363503,0.328157782520073,0.328157782520073,"social_isolation_avg"
"965","NRAS","Exc L4-5 RORB IL1RAPL2",-0.0363508620698311,3.1979039273834,0.798925285894337,0.372714429662196,0.690843429039813,0.690843429039813,"social_isolation_avg"
"966","CSDE1","Exc L4-5 RORB IL1RAPL2",-0.0413704106711603,6.6615571321291,7.53651166534036,0.00671532052041026,0.0787213898091632,0.0787213898091632,"social_isolation_avg"
"967","SIKE1","Exc L4-5 RORB IL1RAPL2",-0.0543664471790167,4.06472069256705,3.34632998801299,0.0691568864017086,0.300877775950041,0.300877775950041,"social_isolation_avg"
"968","TSPAN2","Exc L4-5 RORB IL1RAPL2",0.0499327754858998,1.41569679188414,0.147096185024749,0.70181877289411,0.899915107977386,0.899915107977386,"social_isolation_avg"
"969","AL512638.2","Exc L4-5 RORB IL1RAPL2",0.228483366810495,-0.0865624641779493,1.6891633196188,0.19552088474284,0.508515554669316,0.508515554669316,"social_isolation_avg"
"970","VANGL1","Exc L4-5 RORB IL1RAPL2",0.0165962591959112,0.891945814915319,0.0329435315132385,0.856194736565643,0.963429117487869,0.963429117487869,"social_isolation_avg"
"971","CASQ2","Exc L4-5 RORB IL1RAPL2",-0.109225669167966,-0.35075010773119,0.426417621774933,0.514659233440247,0.797526216385096,0.797526216385096,"social_isolation_avg"
"972","NHLH2","Exc L4-5 RORB IL1RAPL2",0.0298341816281822,1.81964213246161,0.125535637658435,0.723558087130667,0.91006041627328,0.91006041627328,"social_isolation_avg"
"973","SLC22A15","Exc L4-5 RORB IL1RAPL2",0.0587022865379065,5.97976394570858,3.98366749590805,0.0475857446841678,0.244931957336545,0.244931957336545,"social_isolation_avg"
"974","MAB21L3","Exc L4-5 RORB IL1RAPL2",0.0723959434541841,0.732834590293219,0.329357415577849,0.566817779240386,0.827595395006403,0.827595395006403,"social_isolation_avg"
"975","ATP1A1","Exc L4-5 RORB IL1RAPL2",-0.0771937692073941,7.63154147366394,13.1742962054159,0.000378068197677347,0.0128567535250214,0.0128567535250214,"social_isolation_avg"
"976","LINC01762","Exc L4-5 RORB IL1RAPL2",-0.0766910561856277,-0.117089230976963,0.287317234708952,0.5926654184326,0.842384493852406,0.842384493852406,"social_isolation_avg"
"977","CD58","Exc L4-5 RORB IL1RAPL2",-0.0688323249543302,1.63936189701066,1.00613176575384,0.317297435911221,0.645395900156188,0.645395900156188,"social_isolation_avg"
"978","IGSF3","Exc L4-5 RORB IL1RAPL2",-0.0624532549135308,4.08233130596679,3.16428806815815,0.0771031651772781,0.31880878241243,0.31880878241243,"social_isolation_avg"
"979","PTGFRN","Exc L4-5 RORB IL1RAPL2",-0.0119015067271778,5.26818328333477,0.153948766089207,0.695295438993842,0.896347005600768,0.896347005600768,"social_isolation_avg"
"980","CD101","Exc L4-5 RORB IL1RAPL2",0.0125234986491548,2.19917798934845,0.0388890760218488,0.843910855790598,0.960549735450887,0.960549735450887,"social_isolation_avg"
"981","AL445231.1","Exc L4-5 RORB IL1RAPL2",0.137950644000593,0.460029411309621,1.96405367677248,0.162955250971479,0.465984201281117,0.465984201281117,"social_isolation_avg"
"982","TTF2","Exc L4-5 RORB IL1RAPL2",0.0209743847168645,4.26449039687088,0.268678069194342,0.604913061498596,0.848825277114724,0.848825277114724,"social_isolation_avg"
"983","TRIM45","Exc L4-5 RORB IL1RAPL2",-0.0301100523698292,1.51978011257555,0.195751586469522,0.6587504996822,0.878351304194848,0.878351304194848,"social_isolation_avg"
"984","AL358072.1","Exc L4-5 RORB IL1RAPL2",-0.00428969724341954,-0.107262560370366,0.00074594439319749,0.97824384542122,0.996787753740907,0.996787753740907,"social_isolation_avg"
"985","MAN1A2","Exc L4-5 RORB IL1RAPL2",0.00200335434566536,8.00319591917388,0.0183185328655174,0.892503013189165,0.975397072289736,0.975397072289736,"social_isolation_avg"
"986","TENT5C","Exc L4-5 RORB IL1RAPL2",-0.232365369585163,0.106903235763919,2.49090567734046,0.116417608933298,0.394120160784923,0.394120160784923,"social_isolation_avg"
"987","GDAP2","Exc L4-5 RORB IL1RAPL2",0.0569406149471971,5.32410911243894,8.05678217676307,0.0051020008033223,0.066165152295861,0.066165152295861,"social_isolation_avg"
"988","WDR3","Exc L4-5 RORB IL1RAPL2",-0.0223914206168987,3.84080203688574,0.541099013953109,0.483352361627005,0.775372863914549,0.775372863914549,"social_isolation_avg"
"989","SPAG17","Exc L4-5 RORB IL1RAPL2",-0.100125821255623,1.00569867663257,1.05690668945559,0.305423772779847,0.635977631022445,0.635977631022445,"social_isolation_avg"
"990","WARS2","Exc L4-5 RORB IL1RAPL2",0.062284862578175,3.89223817360516,3.6079614636844,0.0973300192746972,0.360997122869459,0.360997122869459,"social_isolation_avg"
"991","AL359915.2","Exc L4-5 RORB IL1RAPL2",-0.100672503223701,5.40931286699206,3.63334232313333,0.0583683307521081,0.274632708829555,0.274632708829555,"social_isolation_avg"
"992","AL359915.1","Exc L4-5 RORB IL1RAPL2",0.0682093936175834,2.93213616536509,0.515274898616397,0.473877537573112,0.768240566024996,0.768240566024996,"social_isolation_avg"
"993","ZNF697","Exc L4-5 RORB IL1RAPL2",0.000510834776447232,3.28717233783258,0.000160873241094673,0.98989553283324,0.998822911403646,0.998822911403646,"social_isolation_avg"
"994","PHGDH","Exc L4-5 RORB IL1RAPL2",0.0742395864950433,-0.0137155775676739,0.12104765803456,0.728343643939898,0.912346248724715,0.912346248724715,"social_isolation_avg"
"995","NOTCH2","Exc L4-5 RORB IL1RAPL2",-0.212624233825832,1.04757475885231,1.4879984844807,0.224264843566596,0.545371478252527,0.545371478252527,"social_isolation_avg"
"996","SEC22B","Exc L4-5 RORB IL1RAPL2",0.01070994535444,5.14573757922577,0.249044855727032,0.618411933219556,0.85577211939203,0.85577211939203,"social_isolation_avg"
"997","NBPF26","Exc L4-5 RORB IL1RAPL2",-0.0577315632661971,2.88990060562742,0.259895500774721,0.610871943956383,0.852117185969555,0.852117185969555,"social_isolation_avg"
"998","LINC00623","Exc L4-5 RORB IL1RAPL2",0.00798697547158101,6.18854883525695,0.0810514761574542,0.776233868747535,0.935128042185923,0.935128042185923,"social_isolation_avg"
"999","AC244453.3","Exc L4-5 RORB IL1RAPL2",-0.197174509427106,2.04040460265116,8.35815667104156,0.00435583851089383,0.0603094234426047,0.0603094234426047,"social_isolation_avg"
"1000","AC244453.1","Exc L4-5 RORB IL1RAPL2",0.0311882608860865,1.43121580505175,0.0973713120750703,0.755400525534276,0.925288621974107,0.925288621974107,"social_isolation_avg"
"1001","SRGAP2C","Exc L4-5 RORB IL1RAPL2",0.0403530181119517,5.07606450197034,1.64488048432224,0.201452760750026,0.516505007107759,0.516505007107759,"social_isolation_avg"
"1002","SRGAP2-AS1","Exc L4-5 RORB IL1RAPL2",-0.0403435854953007,0.507408963967241,0.123732087505955,0.725469476438787,0.911214926762256,0.911214926762256,"social_isolation_avg"
"1003","AC244021.1","Exc L4-5 RORB IL1RAPL2",0.0260347171517495,4.44726520891518,0.269344641150163,0.604465869150549,0.848638325309604,0.848638325309604,"social_isolation_avg"
"1004","AL592494.3","Exc L4-5 RORB IL1RAPL2",-0.0365470633776579,-0.161831697877057,0.0686336614297058,0.826193497024379,0.953895283131028,0.953895283131028,"social_isolation_avg"
"1005","AC239800.2","Exc L4-5 RORB IL1RAPL2",-0.116749642599419,0.396700116285338,1.21483447570911,0.271978997317467,0.60111138981939,0.60111138981939,"social_isolation_avg"
"1006","AC239800.3","Exc L4-5 RORB IL1RAPL2",-0.169874498892248,2.91625013492893,12.0976632529121,0.000645350882509719,0.0176768817838336,0.0176768817838336,"social_isolation_avg"
"1007","AC246680.1","Exc L4-5 RORB IL1RAPL2",0.267618032753609,-0.0156922905152587,4.65372583206721,0.0324305573901833,0.197241586750131,0.197241586750131,"social_isolation_avg"
"1008","AC245595.1","Exc L4-5 RORB IL1RAPL2",-0.0595192319527632,-0.0557468135727348,0.190656315717377,0.662940754278802,0.880492911112538,0.880492911112538,"social_isolation_avg"
"1009","AC246785.3","Exc L4-5 RORB IL1RAPL2",-0.0922856694184041,0.52892487065803,0.629841145690579,0.428551364561809,0.734542151478902,0.734542151478902,"social_isolation_avg"
"1010","NBPF15","Exc L4-5 RORB IL1RAPL2",-0.0711356180144493,4.98001777731762,3.88236609490378,0.0504660295925309,0.253250772027559,0.253250772027559,"social_isolation_avg"
"1011","LINC01632","Exc L4-5 RORB IL1RAPL2",0.118982253169403,4.87719635591411,4.90247512098004,0.0281864795948666,0.180969250225474,0.180969250225474,"social_isolation_avg"
"1012","FP700111.1","Exc L4-5 RORB IL1RAPL2",0.0188635863246484,8.17154860339182,0.277297056596593,0.599184224456314,0.845816434120821,0.845816434120821,"social_isolation_avg"
"1013","SRGAP2B","Exc L4-5 RORB IL1RAPL2",0.0567051406332454,5.35655298175576,2.60716016487192,0.108289346718683,0.380453511156551,0.380453511156551,"social_isolation_avg"
"1014","NBPF20","Exc L4-5 RORB IL1RAPL2",-0.0108730611640376,3.36853492518104,0.0440315059360917,0.834053415753228,0.956725799195262,0.956725799195262,"social_isolation_avg"
"1015","GPR89A","Exc L4-5 RORB IL1RAPL2",0.0631774170813358,4.85246206789467,3.02616826756532,0.0837927115566214,0.332824556343111,0.332824556343111,"social_isolation_avg"
"1016","PDZK1","Exc L4-5 RORB IL1RAPL2",0.119541344847336,2.07310911343871,3.8324721535172,0.0519525082245931,0.257597853280274,0.257597853280274,"social_isolation_avg"
"1017","CD160","Exc L4-5 RORB IL1RAPL2",0.18669667175527,-0.466499994939777,1.41057996873035,0.236663960975315,0.560230051997239,0.560230051997239,"social_isolation_avg"
"1018","RNF115","Exc L4-5 RORB IL1RAPL2",0.0227196045897061,7.3309752035265,2.2274847404711,0.137480548915689,0.427840372702919,0.427840372702919,"social_isolation_avg"
"1019","POLR3C","Exc L4-5 RORB IL1RAPL2",0.015653923554908,4.32614455266615,0.310792050175626,0.965263799281274,0.993640457161603,0.993640457161603,"social_isolation_avg"
"1020","NUDT17","Exc L4-5 RORB IL1RAPL2",-0.115148328298236,1.56003432707307,2.55918496130245,0.111564700024013,0.386118957187738,0.386118957187738,"social_isolation_avg"
"1021","PIAS3","Exc L4-5 RORB IL1RAPL2",0.0187184380902525,2.96948664974101,0.186391929917818,0.666499299384034,0.882493578981476,0.882493578981476,"social_isolation_avg"
"1022","ANKRD35","Exc L4-5 RORB IL1RAPL2",0.086860807646905,3.26444017117144,4.04039062837483,0.0460498849612266,0.240892970238145,0.240892970238145,"social_isolation_avg"
"1023","ITGA10","Exc L4-5 RORB IL1RAPL2",0.0183204256479963,2.18227124545062,0.0467868628790496,0.829018502173726,0.954592202995926,0.954592202995926,"social_isolation_avg"
"1024","PEX11B","Exc L4-5 RORB IL1RAPL2",-0.0259490411416921,4.02273533533349,0.550049887391833,0.459349751874514,0.757696736616447,0.757696736616447,"social_isolation_avg"
"1025","RBM8A","Exc L4-5 RORB IL1RAPL2",-0.055204186329144,4.05563424224548,3.42447557518982,0.0660214607431863,0.292771138854198,0.292771138854198,"social_isolation_avg"
"1026","LIX1L","Exc L4-5 RORB IL1RAPL2",-0.00112140558117151,3.14139919055716,0.000906587708687256,0.976015971838811,0.996557023536892,0.996557023536892,"social_isolation_avg"
"1027","ANKRD34A","Exc L4-5 RORB IL1RAPL2",-0.140855098445286,3.30159049259126,11.6497610640248,0.000807570476103245,0.0206723663422403,0.0206723663422403,"social_isolation_avg"
"1028","POLR3GL","Exc L4-5 RORB IL1RAPL2",0.00797483508230915,2.00471686847587,0.0201176494051383,0.887381717728044,0.974095556110611,0.974095556110611,"social_isolation_avg"
"1029","HJV","Exc L4-5 RORB IL1RAPL2",-0.00558768482343668,0.186274808090191,0.0022598097619928,0.962142264578055,0.992607559423475,0.992607559423475,"social_isolation_avg"
"1030","LINC01719","Exc L4-5 RORB IL1RAPL2",-0.089626161443947,1.3515357303555,1.85797424703938,0.174712649118404,0.480694784640005,0.480694784640005,"social_isolation_avg"
"1031","AC245407.2","Exc L4-5 RORB IL1RAPL2",0.255359434388505,-0.203133207041588,3.60457757409053,0.0593631804689011,0.277222177671361,0.277222177671361,"social_isolation_avg"
"1032","NBPF12","Exc L4-5 RORB IL1RAPL2",0.0354215695953592,5.34953442780919,0.768388554287527,0.381988162823407,0.700042798753063,0.700042798753063,"social_isolation_avg"
"1033","PRKAB2","Exc L4-5 RORB IL1RAPL2",0.000963554800550326,4.9541745611734,0.00101723849578471,0.974594921041044,0.996019795885146,0.996019795885146,"social_isolation_avg"
"1034","AC242426.2","Exc L4-5 RORB IL1RAPL2",-0.0735257736719274,5.14017324798724,3.96191166715243,0.0481892079888467,0.246576745370456,0.246576745370456,"social_isolation_avg"
"1035","FMO5","Exc L4-5 RORB IL1RAPL2",-0.0729689299710372,2.78977954046803,1.93265635838916,0.166337252616865,0.470232654529165,0.470232654529165,"social_isolation_avg"
"1036","CHD1L","Exc L4-5 RORB IL1RAPL2",-0.00557166302741957,5.50584466030599,0.0493546994800664,0.824464219522605,0.953583855066564,0.953583855066564,"social_isolation_avg"
"1037","LINC00624","Exc L4-5 RORB IL1RAPL2",0.145214588143283,2.50749567634452,6.60232727826304,0.01106784277714,0.104551672773855,0.104551672773855,"social_isolation_avg"
"1038","BCL9","Exc L4-5 RORB IL1RAPL2",0.00303340181277238,4.14879720916377,0.00791103598460828,0.929234083487637,0.984597165336141,0.984597165336141,"social_isolation_avg"
"1039","ACP6","Exc L4-5 RORB IL1RAPL2",0.0413586596225469,4.33400463587772,1.56253680077849,0.213061003189553,0.53204793999598,0.53204793999598,"social_isolation_avg"
"1040","GPR89B","Exc L4-5 RORB IL1RAPL2",0.0161092584779285,5.19044010550898,0.14999360143932,0.699039671971399,0.898892470210937,0.898892470210937,"social_isolation_avg"
"1041","AC239803.2","Exc L4-5 RORB IL1RAPL2",0.294220165120705,0.488185945586566,7.98530876203074,0.00529753067747799,0.0675890613274181,0.0675890613274181,"social_isolation_avg"
"1042","AC239803.3","Exc L4-5 RORB IL1RAPL2",0.0719074367868292,0.670398674433618,0.514999093013229,0.473995714486395,0.768243353931564,0.768243353931564,"social_isolation_avg"
"1043","NBPF11","Exc L4-5 RORB IL1RAPL2",0.0370012196480495,4.54709741221856,0.76476947497257,0.383108872069803,0.700367436563551,0.700367436563551,"social_isolation_avg"
"1044","AC239809.3","Exc L4-5 RORB IL1RAPL2",-0.0336136047938211,6.59427052869003,0.837280804279449,0.361508516830842,0.681420865407088,0.681420865407088,"social_isolation_avg"
"1045","AC239803.1","Exc L4-5 RORB IL1RAPL2",0.0533815702796992,0.939018955567863,0.276327336192938,0.599823054432014,0.846104135905244,0.846104135905244,"social_isolation_avg"
"1046","AC245100.7","Exc L4-5 RORB IL1RAPL2",0.0657242967506713,-0.0292195287201679,0.27117944630914,0.603238548819796,0.84810912192597,0.84810912192597,"social_isolation_avg"
"1047","PPIAL4G","Exc L4-5 RORB IL1RAPL2",0.014499079015896,1.01502806908931,0.0306780966851657,0.861174847502008,0.965016220001923,0.965016220001923,"social_isolation_avg"
"1048","NBPF14","Exc L4-5 RORB IL1RAPL2",0.115644425481101,1.57382057343226,1.37409166558121,0.242796804157116,0.567645907754453,0.567645907754453,"social_isolation_avg"
"1049","NUDT4B","Exc L4-5 RORB IL1RAPL2",-0.491452459514179,0.370557543361873,10.5859244836653,0.00138179558348843,0.0290822627755112,0.0290822627755112,"social_isolation_avg"
"1050","PDE4DIP","Exc L4-5 RORB IL1RAPL2",-0.0186555406994024,9.20055450484355,0.582172609153133,0.44654952155282,0.747581268563166,0.747581268563166,"social_isolation_avg"
"1051","AC239802.2","Exc L4-5 RORB IL1RAPL2",-0.0358289289576955,-0.427394737568643,0.0835289127694095,0.772933047332389,0.933332301620383,0.933332301620383,"social_isolation_avg"
"1052","AC239804.1","Exc L4-5 RORB IL1RAPL2",-0.195660131739641,0.820735358710181,3.2830604186091,0.0718132857079422,0.307068740989825,0.307068740989825,"social_isolation_avg"
"1053","NBPF9","Exc L4-5 RORB IL1RAPL2",0.0362933093390006,4.67494005569213,0.945335027664743,0.332330201986214,0.657467560830318,0.657467560830318,"social_isolation_avg"
"1054","AC245297.3","Exc L4-5 RORB IL1RAPL2",-0.0201808754201928,6.37309046693201,0.313333632108723,0.57639944638649,0.833788195284773,0.833788195284773,"social_isolation_avg"
"1055","NBPF19","Exc L4-5 RORB IL1RAPL2",0.0472345957469564,4.61254271650446,0.423352080917728,0.516172529917899,0.798651954546256,0.798651954546256,"social_isolation_avg"
"1056","HIST2H2BF","Exc L4-5 RORB IL1RAPL2",-0.0965692794768692,0.654452916490962,1.09638802627444,0.296588822101212,0.627292320922985,0.627292320922985,"social_isolation_avg"
"1057","AC239868.3","Exc L4-5 RORB IL1RAPL2",0.00513627142415243,0.93183338132986,0.00351749720613961,0.952778038436448,0.989452900160271,0.989452900160271,"social_isolation_avg"
"1058","AC239868.2","Exc L4-5 RORB IL1RAPL2",-0.219461359605271,0.422701453178982,3.77748380294473,0.0536451107462115,0.262686112947481,0.262686112947481,"social_isolation_avg"
"1059","HIST2H2BE","Exc L4-5 RORB IL1RAPL2",-0.430523369035714,-0.424029299675362,5.14692364647639,0.0245812205068067,0.166702965307989,0.166702965307989,"social_isolation_avg"
"1060","BOLA1","Exc L4-5 RORB IL1RAPL2",-0.044473977574629,1.81463306944831,0.585009654119659,0.627023240153221,0.861326174454704,0.861326174454704,"social_isolation_avg"
"1061","SV2A","Exc L4-5 RORB IL1RAPL2",-0.0240175251337527,7.32860745092604,1.22716765858795,0.269567910143518,0.599493938390399,0.599493938390399,"social_isolation_avg"
"1062","SF3B4","Exc L4-5 RORB IL1RAPL2",-0.0610856009449341,2.98122221571846,2.30316696354381,0.131020724507475,0.416773365392996,0.416773365392996,"social_isolation_avg"
"1063","MTMR11","Exc L4-5 RORB IL1RAPL2",0.031111795406521,1.62001648029171,0.183119445563323,0.948939792376982,0.988853552742656,0.988853552742656,"social_isolation_avg"
"1064","OTUD7B","Exc L4-5 RORB IL1RAPL2",0.0222266351284435,4.95298329209987,0.945951257251267,0.332173116970503,0.657431751694444,0.657431751694444,"social_isolation_avg"
"1065","VPS45","Exc L4-5 RORB IL1RAPL2",0.0470935579328898,6.70514831293627,11.3853314741245,0.000922354265563163,0.0224906791760446,0.0224906791760446,"social_isolation_avg"
"1066","PLEKHO1","Exc L4-5 RORB IL1RAPL2",-0.0427858962189835,4.75400601167279,2.71997606048848,0.100998653881776,0.367994517638568,0.367994517638568,"social_isolation_avg"
"1067","ANP32E","Exc L4-5 RORB IL1RAPL2",-0.0245466768869533,3.63324155012433,0.461392377284128,0.497923993323803,0.784905430115777,0.784905430115777,"social_isolation_avg"
"1068","APH1A","Exc L4-5 RORB IL1RAPL2",0.0345092718558977,3.0543912620551,0.777444374038422,0.417479731800875,0.725689848911747,0.725689848911747,"social_isolation_avg"
"1069","C1orf54","Exc L4-5 RORB IL1RAPL2",0.0512959785356878,2.4027522805243,0.86184181266877,0.363768902742976,0.682892291774962,0.682892291774962,"social_isolation_avg"
"1070","CIART","Exc L4-5 RORB IL1RAPL2",0.0910434837555939,2.28892047341258,1.61415533506547,0.205693965573041,0.522690830268413,0.522690830268413,"social_isolation_avg"
"1071","MRPS21","Exc L4-5 RORB IL1RAPL2",-0.0314421892704689,5.65876852964923,2.04777968227463,0.154316178019265,0.453708414352571,0.453708414352571,"social_isolation_avg"
"1072","PRPF3","Exc L4-5 RORB IL1RAPL2",0.0827093199894007,5.03642845717086,9.79405656924684,0.00207014461799504,0.0383290220762758,0.0383290220762758,"social_isolation_avg"
"1073","RPRD2","Exc L4-5 RORB IL1RAPL2",0.0517078824274489,7.47591599353036,12.5632384717007,0.000511750686820993,0.0153209410527532,0.0153209410527532,"social_isolation_avg"
"1074","TARS2","Exc L4-5 RORB IL1RAPL2",-0.0114136317532664,4.14818110706089,0.121183251142172,0.728197614043751,0.91234452756733,0.91234452756733,"social_isolation_avg"
"1075","ECM1","Exc L4-5 RORB IL1RAPL2",-0.0299151580656138,3.15047473662797,0.29968831429426,0.584816275133282,0.838719966621431,0.838719966621431,"social_isolation_avg"
"1076","FALEC","Exc L4-5 RORB IL1RAPL2",-0.0177764256166903,2.78298644034863,0.0665685661543158,0.796721026541493,0.943052144191509,0.943052144191509,"social_isolation_avg"
"1077","AL356356.1","Exc L4-5 RORB IL1RAPL2",0.079629029376915,1.06122000060071,0.95389893230697,0.330156037549332,0.655702990077769,0.655702990077769,"social_isolation_avg"
"1078","MCL1","Exc L4-5 RORB IL1RAPL2",-0.0821367962036003,3.00194826552704,3.86016079895417,0.0511219012391773,0.255151013808091,0.255151013808091,"social_isolation_avg"
"1079","ENSA","Exc L4-5 RORB IL1RAPL2",-0.0307170142221221,7.25846752708071,1.71168777846405,0.192582847264883,0.504379997983777,0.504379997983777,"social_isolation_avg"
"1080","GOLPH3L","Exc L4-5 RORB IL1RAPL2",0.0204278640664536,4.3455721028491,0.448409353310426,0.504025601810805,0.789525558763337,0.789525558763337,"social_isolation_avg"
"1081","HORMAD1","Exc L4-5 RORB IL1RAPL2",0.11379817463685,1.03651116229494,1.64337751698059,0.20165779738035,0.516804440502994,0.516804440502994,"social_isolation_avg"
"1082","CTSS","Exc L4-5 RORB IL1RAPL2",0.135646543729999,3.53186746370964,6.81751568148701,0.00985696407279494,0.0975437328563562,0.0975437328563562,"social_isolation_avg"
"1083","CTSK","Exc L4-5 RORB IL1RAPL2",0.0540338490455048,2.81528801088939,1.54555269958047,0.215553626014752,0.534813815607805,0.534813815607805,"social_isolation_avg"
"1084","ARNT","Exc L4-5 RORB IL1RAPL2",0.0476651760814956,5.68161876445036,7.26711472620027,0.00774936562078511,0.0853498150499889,0.0853498150499889,"social_isolation_avg"
"1085","SETDB1","Exc L4-5 RORB IL1RAPL2",0.0425847400606631,5.06446043465093,4.43578154692938,0.0367035148005245,0.211158587038211,0.211158587038211,"social_isolation_avg"
"1086","CERS2","Exc L4-5 RORB IL1RAPL2",-0.00506640616099105,2.6696316805334,0.00952165463948879,0.922384846035952,0.983585629113706,0.983585629113706,"social_isolation_avg"
"1087","ANXA9","Exc L4-5 RORB IL1RAPL2",0.589311447208933,-0.572054746312003,7.3720976049749,0.00732812018489387,0.0828287706202968,0.0828287706202968,"social_isolation_avg"
"1088","MINDY1","Exc L4-5 RORB IL1RAPL2",-0.0710417712785097,0.360732028813173,0.343226229146119,0.558771935981649,0.822508464346412,0.822508464346412,"social_isolation_avg"
"1089","PRUNE1","Exc L4-5 RORB IL1RAPL2",0.00300149534588942,3.99072258339971,0.0096732597254214,0.921771372674098,0.983427396790068,0.983427396790068,"social_isolation_avg"
"1090","BNIPL","Exc L4-5 RORB IL1RAPL2",0.0855227185863574,1.37249126085618,1.51815794059038,0.219648255672628,0.540297015806265,0.540297015806265,"social_isolation_avg"
"1091","C1orf56","Exc L4-5 RORB IL1RAPL2",-0.016075787468678,2.49355250015144,0.0500428480504975,0.823264969629064,0.953233142795067,0.953233142795067,"social_isolation_avg"
"1092","CDC42SE1","Exc L4-5 RORB IL1RAPL2",-0.0168474763062833,4.6760090725968,0.342016550773454,0.559464953489224,0.822985022916031,0.822985022916031,"social_isolation_avg"
"1093","MLLT11","Exc L4-5 RORB IL1RAPL2",-0.0593055129827118,6.37956028131661,4.31860132882711,0.039243342807614,0.219526565191545,0.219526565191545,"social_isolation_avg"
"1094","GABPB2","Exc L4-5 RORB IL1RAPL2",0.0279368678687251,5.14850163398762,0.666694504720455,0.415381600590836,0.724505463198674,0.724505463198674,"social_isolation_avg"
"1095","SEMA6C","Exc L4-5 RORB IL1RAPL2",-0.0366612944744448,4.12205092220586,1.54684872229504,0.215362192244218,0.534513716202,0.534513716202,"social_isolation_avg"
"1096","SCNM1","Exc L4-5 RORB IL1RAPL2",-0.0199102140576942,3.20491151633779,0.234949913993581,0.62851928322693,0.862129430037461,0.862129430037461,"social_isolation_avg"
"1097","LYSMD1","Exc L4-5 RORB IL1RAPL2",0.0696984930068619,2.15824204507336,1.91986045878789,0.418339462378307,0.72598376296982,0.72598376296982,"social_isolation_avg"
"1098","VPS72","Exc L4-5 RORB IL1RAPL2",-0.0433784192460878,3.84212150526175,2.05588935687874,0.153507641084465,0.452564225196529,0.452564225196529,"social_isolation_avg"
"1099","PIP5K1A","Exc L4-5 RORB IL1RAPL2",0.0754628883344897,6.29733376677664,13.4119561512738,0.000336237388072286,0.0118904493727517,0.0118904493727517,"social_isolation_avg"
"1100","PSMD4","Exc L4-5 RORB IL1RAPL2",-0.0118130913716903,5.56069433745073,0.338236415118354,0.561641232197858,0.824487062954122,0.824487062954122,"social_isolation_avg"
"1101","ZNF687","Exc L4-5 RORB IL1RAPL2",0.0809464556372582,2.41168724048167,2.45501216139906,0.119062638846938,0.397751103785171,0.397751103785171,"social_isolation_avg"
"1102","PI4KB","Exc L4-5 RORB IL1RAPL2",-0.0153327879779698,5.24250113511082,0.488700060613933,0.485490232511615,0.776602183125245,0.776602183125245,"social_isolation_avg"
"1103","RFX5","Exc L4-5 RORB IL1RAPL2",0.00206421265112052,2.27015006429626,0.00164840477750708,0.967663341921248,0.994093242531172,0.994093242531172,"social_isolation_avg"
"1104","PSMB4","Exc L4-5 RORB IL1RAPL2",-0.0257835233003693,4.09266875279426,0.65131809599669,0.432182018083818,0.737197543272387,0.737197543272387,"social_isolation_avg"
"1105","POGZ","Exc L4-5 RORB IL1RAPL2",0.00649896813806696,7.64242559443699,0.177989599776139,0.673654846910436,0.885376845216179,0.885376845216179,"social_isolation_avg"
"1106","CGN","Exc L4-5 RORB IL1RAPL2",0.00999524624955605,1.8105502750349,0.0173030112819714,0.895507393685416,0.976199538855894,0.976199538855894,"social_isolation_avg"
"1107","TUFT1","Exc L4-5 RORB IL1RAPL2",0.00469155926384746,3.4623292267706,0.0178934342993291,0.893750064000741,0.975474727711369,0.975474727711369,"social_isolation_avg"
"1108","SNX27","Exc L4-5 RORB IL1RAPL2",-0.0165955793965283,6.371950945464,1.09458317098681,0.296985429776866,0.6274998678736,0.6274998678736,"social_isolation_avg"
"1109","AL589765.1","Exc L4-5 RORB IL1RAPL2",-0.172297631195608,-0.0830999706450172,2.05375046785414,0.156949799541945,0.456626683607309,0.456626683607309,"social_isolation_avg"
"1110","CELF3","Exc L4-5 RORB IL1RAPL2",0.00896811302719172,5.31187005299387,0.0765766581018294,0.782337091487894,0.937466757950756,0.937466757950756,"social_isolation_avg"
"1111","RIIAD1","Exc L4-5 RORB IL1RAPL2",-0.0139240966188994,1.47782228230772,0.0401752666047569,0.841384684613518,0.959488887269308,0.959488887269308,"social_isolation_avg"
"1112","AL589765.7","Exc L4-5 RORB IL1RAPL2",0.115697536372772,1.30555883766124,1.81403368918273,0.179868781385771,0.486565698994973,0.486565698994973,"social_isolation_avg"
"1113","MRPL9","Exc L4-5 RORB IL1RAPL2",-0.0734143472228921,3.37905865630895,4.62243757222045,0.0330102362600499,0.198533591950542,0.198533591950542,"social_isolation_avg"
"1114","AL589765.4","Exc L4-5 RORB IL1RAPL2",-0.123422320893084,1.33637902106837,3.08308289000654,0.116000500475972,0.393330195474553,0.393330195474553,"social_isolation_avg"
"1115","TDRKH","Exc L4-5 RORB IL1RAPL2",0.0127012119581445,3.51607620519025,0.0780152100965718,0.78035454568754,0.936599591064403,0.936599591064403,"social_isolation_avg"
"1116","TDRKH-AS1","Exc L4-5 RORB IL1RAPL2",-0.0459213221272195,1.14699059207719,0.414033643008878,0.929580635244029,0.984652291733636,0.984652291733636,"social_isolation_avg"
"1117","AL589765.6","Exc L4-5 RORB IL1RAPL2",-0.061574866239284,0.913821369994289,0.451097429008904,0.502751840504214,0.788508585392924,0.788508585392924,"social_isolation_avg"
"1118","C2CD4D","Exc L4-5 RORB IL1RAPL2",0.010475071294457,0.470857962174951,0.0123134692950852,0.911777871531769,0.981272345557852,0.981272345557852,"social_isolation_avg"
"1119","AL450992.2","Exc L4-5 RORB IL1RAPL2",-0.00970000698706622,3.45558875215362,0.0478321991964236,0.827149077439997,0.954161930646283,0.954161930646283,"social_isolation_avg"
"1120","THEM4","Exc L4-5 RORB IL1RAPL2",0.0125767855399844,5.14554992462768,0.194537797391194,0.659742729652748,0.878712669840888,0.878712669840888,"social_isolation_avg"
"1121","S100A10","Exc L4-5 RORB IL1RAPL2",-0.380504857892427,-0.803091192483989,3.20137126043593,0.0754075738882747,0.314674810580661,0.314674810580661,"social_isolation_avg"
"1122","TCHH","Exc L4-5 RORB IL1RAPL2",0.00159252470187423,1.12399335854378,0.000142068356449134,0.990504418651352,0.998822911403646,0.998822911403646,"social_isolation_avg"
"1123","FLG-AS1","Exc L4-5 RORB IL1RAPL2",0.107266705144184,5.84999841063591,1.01203041879247,0.315887272823941,0.64392405614111,0.64392405614111,"social_isolation_avg"
"1124","LOR","Exc L4-5 RORB IL1RAPL2",-0.0501312333669718,0.583561163462292,0.160870315253738,0.688874496536709,0.893120073247298,0.893120073247298,"social_isolation_avg"
"1125","S100A6","Exc L4-5 RORB IL1RAPL2",-0.169243285431853,3.8064063654247,15.1065591391755,0.000146840724300697,0.00726979741341407,0.00726979741341407,"social_isolation_avg"
"1126","S100A13","Exc L4-5 RORB IL1RAPL2",-0.203109654424846,1.38315586943182,7.60165395724973,0.0064873855622628,0.0769578822718335,0.0769578822718335,"social_isolation_avg"
"1127","CHTOP","Exc L4-5 RORB IL1RAPL2",-0.00502865242850319,4.51768506875376,0.0331641141335718,0.965562284366173,0.993640457161603,0.993640457161603,"social_isolation_avg"
"1128","SNAPIN","Exc L4-5 RORB IL1RAPL2",0.00733749672799945,2.62859455826818,0.0281926197618673,0.866862030047956,0.966778235497087,0.966778235497087,"social_isolation_avg"
"1129","ILF2","Exc L4-5 RORB IL1RAPL2",-0.121356746150827,3.97367581943895,18.6752554012192,2.6682916464358e-05,0.00255497702852412,0.00255497702852412,"social_isolation_avg"
"1130","INTS3","Exc L4-5 RORB IL1RAPL2",-0.00630034083028982,5.47785001734956,0.086844595451048,0.768597371919226,0.931404335648312,0.931404335648312,"social_isolation_avg"
"1131","SLC27A3","Exc L4-5 RORB IL1RAPL2",0.0402073451588527,1.79841969191682,0.42415155535331,0.515777120204341,0.798315009055903,0.798315009055903,"social_isolation_avg"
"1132","GATAD2B","Exc L4-5 RORB IL1RAPL2",0.0501787303676688,7.19880590324891,10.4870072766584,0.00145304915959364,0.0301228111521612,0.0301228111521612,"social_isolation_avg"
"1133","AL358472.5","Exc L4-5 RORB IL1RAPL2",-0.070945476024402,1.1396621335804,0.804657603976833,0.744231066218457,0.920649742703677,0.920649742703677,"social_isolation_avg"
"1134","DENND4B","Exc L4-5 RORB IL1RAPL2",-0.0386381286217799,5.13833195470459,2.96659517392491,0.0868709805616661,0.339955702835012,0.339955702835012,"social_isolation_avg"
"1135","CRTC2","Exc L4-5 RORB IL1RAPL2",0.0027762365782153,3.22688704928693,0.0022001397236636,0.962645049388165,0.992744587214375,0.992744587214375,"social_isolation_avg"
"1136","SLC39A1","Exc L4-5 RORB IL1RAPL2",-0.0396934503680824,1.54361067133807,0.493777726180113,0.483235392953937,0.775372863914549,0.775372863914549,"social_isolation_avg"
"1137","CREB3L4","Exc L4-5 RORB IL1RAPL2",0.00149221746668142,0.18619768781215,0.000280569470960605,0.986656093143525,0.998322486753797,0.998322486753797,"social_isolation_avg"
"1138","JTB","Exc L4-5 RORB IL1RAPL2",-0.0596361348438189,4.72437662071213,5.01420698030959,0.0264742167937978,0.174399296609306,0.174399296609306,"social_isolation_avg"
"1139","RPS27","Exc L4-5 RORB IL1RAPL2",-0.0641715742171382,3.65922562997603,1.29620798277888,0.256554421114676,0.584780894098397,0.584780894098397,"social_isolation_avg"
"1140","NUP210L","Exc L4-5 RORB IL1RAPL2",-0.0455304125011485,2.92607960426535,0.368445348283659,0.544685762097701,0.814378094012415,0.814378094012415,"social_isolation_avg"
"1141","TPM3","Exc L4-5 RORB IL1RAPL2",-0.0609108272496506,6.14837015212624,8.88648203373283,0.00330705719420708,0.0508722188386929,0.0508722188386929,"social_isolation_avg"
"1142","C1orf43","Exc L4-5 RORB IL1RAPL2",-0.0884052194590984,5.22535188656784,14.6044054530666,0.00018744657054338,0.00840444682760972,0.00840444682760972,"social_isolation_avg"
"1143","UBAP2L","Exc L4-5 RORB IL1RAPL2",-0.00538264253590754,5.31197817324552,0.0745892082934952,0.785109385353878,0.938293153466554,0.938293153466554,"social_isolation_avg"
"1144","HAX1","Exc L4-5 RORB IL1RAPL2",-0.0219443398711411,4.06835102745413,0.430988825301376,0.552358753756737,0.818207630393494,0.818207630393494,"social_isolation_avg"
"1145","ATP8B2","Exc L4-5 RORB IL1RAPL2",0.0529168127499883,5.32057976061846,3.01231364970993,0.0844978362734375,0.334473648202441,0.334473648202441,"social_isolation_avg"
"1146","IL6R-AS1","Exc L4-5 RORB IL1RAPL2",0.0139523713945653,-0.346349920945996,0.00810402727580241,0.928378425425695,0.984394153368006,0.984394153368006,"social_isolation_avg"
"1147","IL6R","Exc L4-5 RORB IL1RAPL2",0.0479106346200773,2.11921414850107,0.366325870470128,0.545843876011611,0.81527565345877,0.81527565345877,"social_isolation_avg"
"1148","UBE2Q1","Exc L4-5 RORB IL1RAPL2",-0.117238976345779,4.99368217480174,17.7090898208357,4.21325298606801e-05,0.00332162332289136,0.00332162332289136,"social_isolation_avg"
"1149","CHRNB2","Exc L4-5 RORB IL1RAPL2",-0.00472466295126645,3.48395401320704,0.0134659620020005,0.907759376063658,0.979320338732308,0.979320338732308,"social_isolation_avg"
"1150","ADAR","Exc L4-5 RORB IL1RAPL2",-0.0278681576588432,6.52885387458701,2.17430718404762,0.142234745440525,0.435825687203267,0.435825687203267,"social_isolation_avg"
"1151","KCNN3","Exc L4-5 RORB IL1RAPL2",0.0181982274194897,4.51582482727489,0.189438553655259,0.663952080368356,0.880856527610023,0.880856527610023,"social_isolation_avg"
"1152","PMVK","Exc L4-5 RORB IL1RAPL2",-0.0768272900723195,3.70816334482092,4.8900189471416,0.0283844518961952,0.181501255264586,0.181501255264586,"social_isolation_avg"
"1153","PBXIP1","Exc L4-5 RORB IL1RAPL2",-0.0553392948188953,2.95057463649604,0.850150988807457,0.35785344898692,0.677772283111262,0.677772283111262,"social_isolation_avg"
"1154","PYGO2","Exc L4-5 RORB IL1RAPL2",-0.0441247188378617,3.75110712413047,1.82001023495367,0.17915717235523,0.485579839297137,0.485579839297137,"social_isolation_avg"
"1155","AL451085.2","Exc L4-5 RORB IL1RAPL2",0.0271344208635043,1.08311166594095,0.104358569974199,0.875148290842322,0.970500479269633,0.970500479269633,"social_isolation_avg"
"1156","SHC1","Exc L4-5 RORB IL1RAPL2",0.0820677614358321,0.27310151607606,0.67746474564902,0.438724408694678,0.741796860981924,0.741796860981924,"social_isolation_avg"
"1157","CKS1B","Exc L4-5 RORB IL1RAPL2",-0.0623783470350768,0.881732803065289,0.471117990558183,0.493434974533072,0.78253680561159,0.78253680561159,"social_isolation_avg"
"1158","FLAD1","Exc L4-5 RORB IL1RAPL2",-0.0327932522799003,3.4866794786267,0.891941044391496,0.346330247788423,0.669085040747987,0.669085040747987,"social_isolation_avg"
"1159","ZBTB7B","Exc L4-5 RORB IL1RAPL2",0.0801671302644596,0.566537787197125,0.481419138020637,0.488754118610315,0.779652160551042,0.779652160551042,"social_isolation_avg"
"1160","DCST2","Exc L4-5 RORB IL1RAPL2",0.217456887410902,0.202340185325137,4.00092696759683,0.0803341499764658,0.325273368650697,0.325273368650697,"social_isolation_avg"
"1161","ADAM15","Exc L4-5 RORB IL1RAPL2",0.0140687506046347,3.87922743982963,0.130723152197111,0.718145161856096,0.907986943366468,0.907986943366468,"social_isolation_avg"
"1162","EFNA3","Exc L4-5 RORB IL1RAPL2",0.00579811541376811,3.46176053290951,0.0214524418320138,0.883731592038258,0.973292394352534,0.973292394352534,"social_isolation_avg"
"1163","EFNA1","Exc L4-5 RORB IL1RAPL2",-0.0749480747377824,0.663947954707673,0.494097325295337,0.483094048865148,0.775372863914549,0.775372863914549,"social_isolation_avg"
"1164","SLC50A1","Exc L4-5 RORB IL1RAPL2",-0.049405354117993,2.34835254973702,0.918153509192598,0.339359670996556,0.66298650851067,0.66298650851067,"social_isolation_avg"
"1165","DPM3","Exc L4-5 RORB IL1RAPL2",-0.183052500005957,2.91707554909844,15.4405523832111,0.000124906687514168,0.00658317391213252,0.00658317391213252,"social_isolation_avg"
"1166","KRTCAP2","Exc L4-5 RORB IL1RAPL2",-0.195027513436688,-0.427627886154624,1.05854527508213,0.305050350496488,0.635939119731827,0.635939119731827,"social_isolation_avg"
"1167","AL713999.1","Exc L4-5 RORB IL1RAPL2",0.194837907747542,0.803871781723703,4.47136507759894,0.0359671361246302,0.208369314946151,0.208369314946151,"social_isolation_avg"
"1168","TRIM46","Exc L4-5 RORB IL1RAPL2",0.0427215847402055,4.11366726849465,1.65329953138034,0.200308780448096,0.514686452285268,0.514686452285268,"social_isolation_avg"
"1169","AC234582.1","Exc L4-5 RORB IL1RAPL2",-0.121197260960773,0.161789103860518,1.21994155266098,0.270977304562857,0.600478593203957,0.600478593203957,"social_isolation_avg"
"1170","THBS3","Exc L4-5 RORB IL1RAPL2",0.0842432640569156,3.49461654732505,3.27908541072376,0.0719838226200072,0.307456193105545,0.307456193105545,"social_isolation_avg"
"1171","MTX1","Exc L4-5 RORB IL1RAPL2",-0.0822674872891922,2.19980376934177,2.19016625337717,0.140797705245684,0.433952334411728,0.433952334411728,"social_isolation_avg"
"1172","GBA","Exc L4-5 RORB IL1RAPL2",-0.0305111249607887,4.16048192425051,0.515923834008969,0.473599671495435,0.768081233972009,0.768081233972009,"social_isolation_avg"
"1173","FAM189B","Exc L4-5 RORB IL1RAPL2",0.0163658377894269,4.49622506164609,0.323710532985391,0.570158485942382,0.829737191430921,0.829737191430921,"social_isolation_avg"
"1174","SCAMP3","Exc L4-5 RORB IL1RAPL2",-0.0184921321711059,3.9837126377541,0.369107477282524,0.544324900366652,0.814292492080758,0.814292492080758,"social_isolation_avg"
"1175","CLK2","Exc L4-5 RORB IL1RAPL2",-0.00162320389392985,3.85208232637608,0.00275914040056031,0.958171793549629,0.991250731587856,0.991250731587856,"social_isolation_avg"
"1176","HCN3","Exc L4-5 RORB IL1RAPL2",-0.00575299629343224,3.61430771683008,0.0244806639558318,0.986390674134118,0.99830547328726,0.99830547328726,"social_isolation_avg"
"1177","PKLR","Exc L4-5 RORB IL1RAPL2",-0.073609529638657,-0.0440429935457358,0.354613931628601,0.632727802813286,0.864304106405572,0.864304106405572,"social_isolation_avg"
"1178","FDPS","Exc L4-5 RORB IL1RAPL2",0.122151121320756,5.68325068050541,15.9139528957722,9.9391467742967e-05,0.00569874533686266,0.00569874533686266,"social_isolation_avg"
"1179","RUSC1-AS1","Exc L4-5 RORB IL1RAPL2",-0.0376357227222768,-0.231610448006927,0.0665376664522148,0.796767167541116,0.943052144191509,0.943052144191509,"social_isolation_avg"
"1180","RUSC1","Exc L4-5 RORB IL1RAPL2",-0.0706437787624664,5.53678848595322,11.0915925399918,0.00106958021270728,0.0247100454269041,0.0247100454269041,"social_isolation_avg"
"1181","ASH1L","Exc L4-5 RORB IL1RAPL2",0.0243132541197538,8.30828463135289,4.60952805433773,0.0332525867219622,0.199231220191971,0.199231220191971,"social_isolation_avg"
"1182","ASH1L-AS1","Exc L4-5 RORB IL1RAPL2",-0.0295139617529203,0.915383725947858,0.104868048649183,0.746473564410088,0.921400929506951,0.921400929506951,"social_isolation_avg"
"1183","MSTO1","Exc L4-5 RORB IL1RAPL2",0.0343318476450996,2.6640302619894,0.51727551794965,0.473021747667915,0.767691474544043,0.767691474544043,"social_isolation_avg"
"1184","YY1AP1","Exc L4-5 RORB IL1RAPL2",0.0209654761372383,5.72660641861722,1.61116264563228,0.206112709228825,0.523233799517518,0.523233799517518,"social_isolation_avg"
"1185","DAP3","Exc L4-5 RORB IL1RAPL2",0.0754705032474634,6.200567335322,16.672049262122,6.90663583723831e-05,0.00452181510990955,0.00452181510990955,"social_isolation_avg"
"1186","GON4L","Exc L4-5 RORB IL1RAPL2",0.0439948697171891,6.33641512261761,4.69955687538938,0.0316007396038239,0.194444746030554,0.194444746030554,"social_isolation_avg"
"1187","SYT11","Exc L4-5 RORB IL1RAPL2",-0.0438868334417463,7.36445647293313,3.82668300857069,0.052127986585035,0.258121128837556,0.258121128837556,"social_isolation_avg"
"1188","RIT1","Exc L4-5 RORB IL1RAPL2",-0.0859798676923972,2.60741918887356,4.21210896869309,0.0417132584067166,0.227648272948798,0.227648272948798,"social_isolation_avg"
"1189","KHDC4","Exc L4-5 RORB IL1RAPL2",0.0658449759786443,5.21036129718567,6.87840761957068,0.00953986100485455,0.0961948304954489,0.0961948304954489,"social_isolation_avg"
"1190","ARHGEF2","Exc L4-5 RORB IL1RAPL2",-0.047533477675259,5.39729579190255,2.73597450657248,0.100009368688826,0.365940294906454,0.365940294906454,"social_isolation_avg"
"1191","SSR2","Exc L4-5 RORB IL1RAPL2",-0.095967894190699,3.89545431543033,9.96301341804595,0.00189844001455868,0.0361127581044308,0.0361127581044308,"social_isolation_avg"
"1192","UBQLN4","Exc L4-5 RORB IL1RAPL2",-0.0418649762465369,4.18593911158446,1.84754681947667,0.175920513084458,0.482097855164082,0.482097855164082,"social_isolation_avg"
"1193","LAMTOR2","Exc L4-5 RORB IL1RAPL2",-0.0422486458732485,2.91924168226674,0.887150113616349,0.347625277813238,0.670207650448775,0.670207650448775,"social_isolation_avg"
"1194","RAB25","Exc L4-5 RORB IL1RAPL2",-0.0343892337867965,-0.21768003543081,0.054717355664567,0.81533855462779,0.951467235681325,0.951467235681325,"social_isolation_avg"
"1195","MEX3A","Exc L4-5 RORB IL1RAPL2",0.0934146824524415,0.0798308135779348,0.682097370345741,0.579828093859608,0.836071282115351,0.836071282115351,"social_isolation_avg"
"1196","LMNA","Exc L4-5 RORB IL1RAPL2",0.039002695081426,4.7896983965127,1.78317855123675,0.183595468723376,0.490651110694208,0.490651110694208,"social_isolation_avg"
"1197","SEMA4A","Exc L4-5 RORB IL1RAPL2",0.0447354203716803,4.92723094175617,1.53935969519721,0.216471208025254,0.536176427156149,0.536176427156149,"social_isolation_avg"
"1198","SLC25A44","Exc L4-5 RORB IL1RAPL2",0.0215144576987362,4.13349781988793,0.442013576912001,0.986275718112465,0.998305401080937,0.998305401080937,"social_isolation_avg"
"1199","PMF1-BGLAP","Exc L4-5 RORB IL1RAPL2",0.0577194237075024,-0.0661983584681665,0.142442443118508,0.706349001898518,0.902324760171909,0.902324760171909,"social_isolation_avg"
"1200","PAQR6","Exc L4-5 RORB IL1RAPL2",0.122644643997198,0.879300972283353,1.1148580019055,0.292569128691764,0.623799710018323,0.623799710018323,"social_isolation_avg"
"1201","SMG5","Exc L4-5 RORB IL1RAPL2",0.0321792394624726,5.52231779962097,2.12639094049499,0.146678707428246,0.442632826674615,0.442632826674615,"social_isolation_avg"
"1202","TMEM79","Exc L4-5 RORB IL1RAPL2",0.0148849644322759,1.56925620557041,0.053509411016171,0.817351514931262,0.951599926146172,0.951599926146172,"social_isolation_avg"
"1203","GLMP","Exc L4-5 RORB IL1RAPL2",-0.0884430386373894,2.34978388780888,3.36412911858567,0.0684288602363833,0.299016735457877,0.299016735457877,"social_isolation_avg"
"1204","CCT3","Exc L4-5 RORB IL1RAPL2",-0.0818151701545158,5.6897340437683,13.7752711886545,0.000281205888803937,0.0106627186814815,0.0106627186814815,"social_isolation_avg"
"1205","TSACC","Exc L4-5 RORB IL1RAPL2",-0.078088739257235,0.487844838350586,0.326346946853715,0.568594003488365,0.828777993991477,0.828777993991477,"social_isolation_avg"
"1206","C1orf61","Exc L4-5 RORB IL1RAPL2",-0.0874098926784785,4.80045619367015,7.77731939467007,0.00591166360327839,0.0729645055692306,0.0729645055692306,"social_isolation_avg"
"1207","MEF2D","Exc L4-5 RORB IL1RAPL2",-0.0391777331717316,5.82335370474046,3.0058178423765,0.0848306638590402,0.335040333351842,0.335040333351842,"social_isolation_avg"
"1208","IQGAP3","Exc L4-5 RORB IL1RAPL2",0.210136882930432,-0.422276522146818,1.57535285163009,0.211202901354401,0.529785244137163,0.529785244137163,"social_isolation_avg"
"1209","NAXE","Exc L4-5 RORB IL1RAPL2",-0.176625025403728,2.27669766884115,7.73759155426155,0.00603708193286364,0.0737904568809516,0.0737904568809516,"social_isolation_avg"
"1210","GPATCH4","Exc L4-5 RORB IL1RAPL2",-0.0195979909024337,2.85195097550255,0.162147574565098,0.688978411267992,0.893165834670293,0.893165834670293,"social_isolation_avg"
"1211","AL365181.4","Exc L4-5 RORB IL1RAPL2",0.204118057881411,0.504813278365346,4.37243449273801,0.0380541801089201,0.215640353950547,0.215640353950547,"social_isolation_avg"
"1212","HAPLN2","Exc L4-5 RORB IL1RAPL2",0.101986402015202,2.61181689322238,2.0356550805572,0.155534105497463,0.454917423112923,0.454917423112923,"social_isolation_avg"
"1213","BCAN","Exc L4-5 RORB IL1RAPL2",-0.0692784301322004,4.25156334449681,4.93279141928153,0.0277106874039849,0.179007823957255,0.179007823957255,"social_isolation_avg"
"1214","NES","Exc L4-5 RORB IL1RAPL2",-0.131483643916894,0.652735538965328,1.14726644103635,0.285683539853625,0.616677587212976,0.616677587212976,"social_isolation_avg"
"1215","CRABP2","Exc L4-5 RORB IL1RAPL2",0.0335528525305393,1.8520317699383,0.23297074371324,0.629968359914098,0.862855619694343,0.862855619694343,"social_isolation_avg"
"1216","ISG20L2","Exc L4-5 RORB IL1RAPL2",-0.0392786571754886,4.12604928617553,1.42858306958484,0.233707806569719,0.55650458194131,0.55650458194131,"social_isolation_avg"
"1217","RRNAD1","Exc L4-5 RORB IL1RAPL2",0.0203277165580384,3.45720073583252,0.343365840271184,0.55869205932666,0.822454870809908,0.822454870809908,"social_isolation_avg"
"1218","MRPL24","Exc L4-5 RORB IL1RAPL2",-0.0710177299819276,2.59825148494762,1.86231367038385,0.174212829894375,0.480037287586759,0.480037287586759,"social_isolation_avg"
"1219","HDGF","Exc L4-5 RORB IL1RAPL2",-0.0438016422696701,4.76461058468528,2.9416529481288,0.0881962923525632,0.342591264135259,0.342591264135259,"social_isolation_avg"
"1220","PRCC","Exc L4-5 RORB IL1RAPL2",-0.00859015499456913,4.81898554788259,0.137916448718538,0.710836764689117,0.904975073051627,0.904975073051627,"social_isolation_avg"
"1221","NTRK1","Exc L4-5 RORB IL1RAPL2",0.318637804591717,-0.473872753168621,3.76224499607355,0.0541245417208416,0.264076960778763,0.264076960778763,"social_isolation_avg"
"1222","ARHGEF11","Exc L4-5 RORB IL1RAPL2",-0.000798231267312101,7.04713531907975,0.0020917969675877,0.963575744209957,0.992970265671771,0.992970265671771,"social_isolation_avg"
"1223","ETV3","Exc L4-5 RORB IL1RAPL2",0.00757264677337722,3.13760812534586,0.0320081781518202,0.924501052846558,0.984076729849897,0.984076729849897,"social_isolation_avg"
"1224","KIRREL1","Exc L4-5 RORB IL1RAPL2",-0.582421982029479,-1.33442136574971,3.26216126493021e-08,0.999860729482702,1,1,"social_isolation_avg"
"1225","PYHIN1","Exc L4-5 RORB IL1RAPL2",0.0635008332677142,-0.330257152442507,0.194093651698554,0.660106727933796,0.87888814293402,0.87888814293402,"social_isolation_avg"
"1226","IFI16","Exc L4-5 RORB IL1RAPL2",0.0132776580088018,1.00660063616041,0.00762349631132809,0.930528693038009,0.985146228792086,0.985146228792086,"social_isolation_avg"
"1227","CADM3","Exc L4-5 RORB IL1RAPL2",-0.0144292539544213,6.4740282114783,0.311188072883714,0.57770677065255,0.834625916982268,0.834625916982268,"social_isolation_avg"
"1228","CADM3-AS1","Exc L4-5 RORB IL1RAPL2",-0.134867776332988,0.380808864607305,1.44557007211172,0.230959616122575,0.55316289831079,0.55316289831079,"social_isolation_avg"
"1229","ACKR1","Exc L4-5 RORB IL1RAPL2",-0.00186479670070649,2.71730080866402,0.00108945469155087,0.973708916516705,0.99572295699374,0.99572295699374,"social_isolation_avg"
"1230","DUSP23","Exc L4-5 RORB IL1RAPL2",-0.264921917661938,0.777383885394464,7.16145122438122,0.0081986592046331,0.0877414201418907,0.0877414201418907,"social_isolation_avg"
"1231","AL590560.2","Exc L4-5 RORB IL1RAPL2",-0.0130932568248204,2.19368122541134,0.0180319385145364,0.893342113508006,0.975474727711369,0.975474727711369,"social_isolation_avg"
"1232","AL121987.1","Exc L4-5 RORB IL1RAPL2",0.16085415945777,-0.320594837066206,1.45491118942752,0.229465121459801,0.551534437791903,0.551534437791903,"social_isolation_avg"
"1233","KCNJ9","Exc L4-5 RORB IL1RAPL2",-0.0544785049896717,5.37435841659338,3.55713607582402,0.0610439637861153,0.281172482859903,0.281172482859903,"social_isolation_avg"
"1234","IGSF8","Exc L4-5 RORB IL1RAPL2",-0.00647645668407158,5.72127254751449,0.0346283153889484,0.852604823637214,0.96225087193795,0.96225087193795,"social_isolation_avg"
"1235","ATP1A2","Exc L4-5 RORB IL1RAPL2",-0.819680981341253,-0.0719680313630042,5.15357717968501,0.0244901378752308,0.16642703830904,0.16642703830904,"social_isolation_avg"
"1236","ATP1A4","Exc L4-5 RORB IL1RAPL2",-0.127006012183583,-0.0278871592851851,0.947903532006186,0.331676113307986,0.656860345394642,0.656860345394642,"social_isolation_avg"
"1237","CASQ1","Exc L4-5 RORB IL1RAPL2",-0.116862429819648,1.82344476011159,2.56780628582984,0.11096809593237,0.384967156759105,0.384967156759105,"social_isolation_avg"
"1238","PEA15","Exc L4-5 RORB IL1RAPL2",-0.124740049323883,5.97526345032452,10.8965792886701,0.00118040757080174,0.0263068217280797,0.0263068217280797,"social_isolation_avg"
"1239","DCAF8","Exc L4-5 RORB IL1RAPL2",-0.0153334282587547,4.85629660427371,0.264009168824411,0.608065254922477,0.85047329157216,0.85047329157216,"social_isolation_avg"
"1240","AL139011.2","Exc L4-5 RORB IL1RAPL2",0.0283239299727756,3.85374490765498,0.57964355503007,0.447536879872738,0.748439570803613,0.748439570803613,"social_isolation_avg"
"1241","COPA","Exc L4-5 RORB IL1RAPL2",-0.0230400009657866,6.61955471970002,1.57793735402118,0.210830543734544,0.529202005571944,0.529202005571944,"social_isolation_avg"
"1242","NCSTN","Exc L4-5 RORB IL1RAPL2",-0.0560318790498137,3.63011487983206,2.8405280636785,0.0938008834131681,0.354243674690415,0.354243674690415,"social_isolation_avg"
"1243","NHLH1","Exc L4-5 RORB IL1RAPL2",-0.11384879281688,0.694328576234959,1.21080023146924,0.272773567285688,0.602234383502043,0.602234383502043,"social_isolation_avg"
"1244","VANGL2","Exc L4-5 RORB IL1RAPL2",0.121019348500724,-0.024341558075903,0.477247521746377,0.490640702591262,0.780840502458514,0.780840502458514,"social_isolation_avg"
"1245","AL121985.1","Exc L4-5 RORB IL1RAPL2",0.0208964110208158,0.531215711863313,0.0266131139834312,0.870611211280789,0.968079144842725,0.968079144842725,"social_isolation_avg"
"1246","CD244","Exc L4-5 RORB IL1RAPL2",-0.342771577342367,-0.924200170207175,2.28739289797095,0.132338381242245,0.418531332520068,0.418531332520068,"social_isolation_avg"
"1247","AL354714.1","Exc L4-5 RORB IL1RAPL2",0.0350330374580929,-0.191616466652133,0.0584452493888266,0.809270034008556,0.948417362246881,0.948417362246881,"social_isolation_avg"
"1248","F11R","Exc L4-5 RORB IL1RAPL2",0.167470688862226,1.37229332420887,3.00537295850567,0.0848535107775502,0.335040333351842,0.335040333351842,"social_isolation_avg"
"1249","AL591806.3","Exc L4-5 RORB IL1RAPL2",0.0605887369217819,3.25021501919882,0.815285172991266,0.367876201116723,0.68624525301484,0.68624525301484,"social_isolation_avg"
"1250","USF1","Exc L4-5 RORB IL1RAPL2",-0.141101241834586,2.81611473573749,4.31621905371873,0.0392968676426031,0.219526565191545,0.219526565191545,"social_isolation_avg"
"1251","KLHDC9","Exc L4-5 RORB IL1RAPL2",-0.0508964916690775,3.45370866076488,1.8494472329775,0.175699657231664,0.482025569900286,0.482025569900286,"social_isolation_avg"
"1252","PFDN2","Exc L4-5 RORB IL1RAPL2",-0.117079247245227,5.4207045371314,17.0967644667941,5.63817617889976e-05,0.00395702350788052,0.00395702350788052,"social_isolation_avg"
"1253","NIT1","Exc L4-5 RORB IL1RAPL2",-0.0441641640312404,3.55277954125488,1.3965547384367,0.238998601305796,0.56293944171629,0.56293944171629,"social_isolation_avg"
"1254","DEDD","Exc L4-5 RORB IL1RAPL2",-0.0503641477074252,2.9439215809046,1.95024047011302,0.164433302809477,0.46799676932282,0.46799676932282,"social_isolation_avg"
"1255","UFC1","Exc L4-5 RORB IL1RAPL2",-0.0858299112371111,3.72957905277547,6.01933881012765,0.0151880047749753,0.125435285179969,0.125435285179969,"social_isolation_avg"
"1256","USP21","Exc L4-5 RORB IL1RAPL2",0.0514167850901895,2.24564875049419,0.918974820422944,0.339144347511126,0.662839603270118,0.662839603270118,"social_isolation_avg"
"1257","PPOX","Exc L4-5 RORB IL1RAPL2",-0.0168804425851349,3.4265018037492,0.264479786580658,0.60774592645886,0.850371651528547,0.850371651528547,"social_isolation_avg"
"1258","B4GALT3","Exc L4-5 RORB IL1RAPL2",-0.0988535126281725,3.08419676360476,5.64341921433703,0.0186663320555868,0.142816687757282,0.142816687757282,"social_isolation_avg"
"1259","NDUFS2","Exc L4-5 RORB IL1RAPL2",-0.0517301187537799,5.4573638528645,4.49859313472849,0.035414220497733,0.206239601735182,0.206239601735182,"social_isolation_avg"
"1260","TOMM40L","Exc L4-5 RORB IL1RAPL2",-0.0657825908801217,3.23843274580029,3.04637591185945,0.0827757282512646,0.331119550830405,0.331119550830405,"social_isolation_avg"
"1261","PCP4L1","Exc L4-5 RORB IL1RAPL2",0.0640941763126909,3.66780736077057,0.591589155745424,0.442902891476541,0.745062006399862,0.745062006399862,"social_isolation_avg"
"1262","MPZ","Exc L4-5 RORB IL1RAPL2",-0.0772703719116737,1.62782636667119,1.19030301717199,0.33784740191364,0.661721886683428,0.661721886683428,"social_isolation_avg"
"1263","SDHC","Exc L4-5 RORB IL1RAPL2",-0.0161588850299771,5.86684704327115,0.773725551056114,0.380343965825574,0.698416942681063,0.698416942681063,"social_isolation_avg"
"1264","AL592295.4","Exc L4-5 RORB IL1RAPL2",0.14759847254154,2.58568902101616,5.61915604058279,0.0189176223117212,0.143826367043612,0.143826367043612,"social_isolation_avg"
"1265","AL592295.3","Exc L4-5 RORB IL1RAPL2",0.0410928188856335,0.638733601257163,0.113698220657081,0.736400186410498,0.916163271156746,0.916163271156746,"social_isolation_avg"
"1266","HSPA6","Exc L4-5 RORB IL1RAPL2",-0.83530219336741,0.11568501049293,7.25163055873415,0.00781358120170823,0.0857545069127154,0.0857545069127154,"social_isolation_avg"
"1267","FCRLB","Exc L4-5 RORB IL1RAPL2",-0.0539353908504586,0.775609200949297,0.321650766271654,0.798129649927115,0.94343951658597,0.94343951658597,"social_isolation_avg"
"1268","DUSP12","Exc L4-5 RORB IL1RAPL2",-0.0487839887532607,3.6067295849121,1.94028334824027,0.165508323116185,0.468888913599677,0.468888913599677,"social_isolation_avg"
"1269","ATF6","Exc L4-5 RORB IL1RAPL2",0.0382702958532829,6.65455016813847,5.41260792444708,0.0212053453912318,0.153488272180997,0.153488272180997,"social_isolation_avg"
"1270","OLFML2B","Exc L4-5 RORB IL1RAPL2",0.0592020647700103,0.703754050486908,0.173291194158558,0.677743236729639,0.88701527164429,0.88701527164429,"social_isolation_avg"
"1271","NOS1AP","Exc L4-5 RORB IL1RAPL2",0.0322233277037395,7.9462523485922,3.3026864937919,0.0709776640376167,0.305289470619629,0.305289470619629,"social_isolation_avg"
"1272","C1orf226","Exc L4-5 RORB IL1RAPL2",0.0420735164507008,1.98112671231309,0.289991164130201,0.590950628257494,0.841717617981033,0.841717617981033,"social_isolation_avg"
"1273","SH2D1B","Exc L4-5 RORB IL1RAPL2",0.0474081107766208,0.639212658921177,0.121582434017782,0.727768236858839,0.91234452756733,0.91234452756733,"social_isolation_avg"
"1274","UHMK1","Exc L4-5 RORB IL1RAPL2",-0.0365320620662017,5.99307855112361,2.59949832204788,0.108805203177401,0.381638641146033,0.381638641146033,"social_isolation_avg"
"1275","UAP1","Exc L4-5 RORB IL1RAPL2",0.0124851089326573,4.10210385061687,0.19659951987362,0.839445112803144,0.95839826385881,0.95839826385881,"social_isolation_avg"
"1276","DDR2","Exc L4-5 RORB IL1RAPL2",0.176935472127009,2.09123979930459,7.91327777220643,0.00550240732055516,0.0695224417573479,0.0695224417573479,"social_isolation_avg"
"1277","HSD17B7","Exc L4-5 RORB IL1RAPL2",-0.0587685932390304,3.84971083815843,1.62018639837001,0.204853155161328,0.521792279858092,0.521792279858092,"social_isolation_avg"
"1278","CCDC190","Exc L4-5 RORB IL1RAPL2",-0.0240530427786557,0.315740094108716,0.0485749406564702,0.825833775187931,0.953895283131028,0.953895283131028,"social_isolation_avg"
"1279","RGS4","Exc L4-5 RORB IL1RAPL2",-0.205089156692889,6.74866110817235,38.7248083285073,3.86815429710321e-09,2.26473185389197e-05,2.26473185389197e-05,"social_isolation_avg"
"1280","RGS5","Exc L4-5 RORB IL1RAPL2",-0.168591465476818,2.74090175683411,8.98223062757166,0.00314672673691739,0.049384982672215,0.049384982672215,"social_isolation_avg"
"1281","AL499616.1","Exc L4-5 RORB IL1RAPL2",0.0780933013700323,0.251953877004547,0.398051473381408,0.528968655971834,0.806696537598344,0.806696537598344,"social_isolation_avg"
"1282","NUF2","Exc L4-5 RORB IL1RAPL2",-0.0363293878087191,1.51449761324634,0.298328670339561,0.787525053141318,0.939315763970044,0.939315763970044,"social_isolation_avg"
"1283","PBX1","Exc L4-5 RORB IL1RAPL2",-0.0083616094103515,9.02648533628276,0.213306767712902,0.644795106261348,0.86982519646164,0.86982519646164,"social_isolation_avg"
"1284","RXRG","Exc L4-5 RORB IL1RAPL2",0.231078174145151,0.542567353753327,2.31897641620321,0.129714902082601,0.414696107744962,0.414696107744962,"social_isolation_avg"
"1285","AL356441.1","Exc L4-5 RORB IL1RAPL2",-0.0491115816148562,-0.230922655619633,0.0906980068821774,0.76367015556682,0.929360205936259,0.929360205936259,"social_isolation_avg"
"1286","MGST3","Exc L4-5 RORB IL1RAPL2",-0.0644682100558486,6.92089946271093,9.4995852601251,0.00240844526008791,0.0419879185244294,0.0419879185244294,"social_isolation_avg"
"1287","ALDH9A1","Exc L4-5 RORB IL1RAPL2",-0.0339352669763626,2.966079350802,0.544768175402412,0.473073012450705,0.767691474544043,0.767691474544043,"social_isolation_avg"
"1288","TMCO1","Exc L4-5 RORB IL1RAPL2",0.00191119824392168,5.07787246912483,0.00495566733294265,0.943963171397546,0.988051457597129,0.988051457597129,"social_isolation_avg"
"1289","AL451074.2","Exc L4-5 RORB IL1RAPL2",-0.0444082919386239,1.19944694242777,0.313919875307416,0.576043262488318,0.833500280400461,0.833500280400461,"social_isolation_avg"
"1290","UCK2","Exc L4-5 RORB IL1RAPL2",0.0263556579152647,5.34482188361809,1.48872782157664,0.224151829363849,0.545348690162452,0.545348690162452,"social_isolation_avg"
"1291","FAM78B","Exc L4-5 RORB IL1RAPL2",0.0370706479963154,5.72368443052962,1.78484219337539,0.183392248885561,0.490523712349972,0.490523712349972,"social_isolation_avg"
"1292","POGK","Exc L4-5 RORB IL1RAPL2",-0.0172992669478018,4.68658156459801,0.325312561021387,0.569206818775451,0.82922828657986,0.82922828657986,"social_isolation_avg"
"1293","TADA1","Exc L4-5 RORB IL1RAPL2",0.000912201210670177,3.7028359223469,0.000822800291955068,0.977150824608351,0.996715536610383,0.996715536610383,"social_isolation_avg"
"1294","ILDR2","Exc L4-5 RORB IL1RAPL2",-0.0347082707770127,5.75544325244637,1.42217550438302,0.234754759129764,0.557874252385615,0.557874252385615,"social_isolation_avg"
"1295","MAEL","Exc L4-5 RORB IL1RAPL2",0.0306348814557917,3.68268399825083,0.332571756353148,0.564933152035758,0.826725939162625,0.826725939162625,"social_isolation_avg"
"1296","GPA33","Exc L4-5 RORB IL1RAPL2",-0.133438138955832,0.843670658228553,2.35687676088042,0.130717145290086,0.416310234982951,0.416310234982951,"social_isolation_avg"
"1297","DUSP27","Exc L4-5 RORB IL1RAPL2",-0.0220128643800911,-0.470621532846148,0.0203570202957826,0.988794659837731,0.998787747693845,0.998787747693845,"social_isolation_avg"
"1298","AL451050.2","Exc L4-5 RORB IL1RAPL2",0.0498722453583589,-0.0292685863683303,0.154954651199447,0.730250603859346,0.913267211869261,0.913267211869261,"social_isolation_avg"
"1299","POU2F1","Exc L4-5 RORB IL1RAPL2",0.0316421263724574,7.6380408194891,6.2144297294099,0.0136558979909729,0.117500339193815,0.117500339193815,"social_isolation_avg"
"1300","CD247","Exc L4-5 RORB IL1RAPL2",0.0365359399901632,4.93026760279734,0.507004448190533,0.477442261722335,0.770660726330686,0.770660726330686,"social_isolation_avg"
"1301","CREG1","Exc L4-5 RORB IL1RAPL2",0.00764311521160685,5.38805320195722,0.0600443639901853,0.806729777267393,0.947259160709715,0.947259160709715,"social_isolation_avg"
"1302","RCSD1","Exc L4-5 RORB IL1RAPL2",-0.0536968343689473,4.98508178014812,0.765504476728611,0.382880887644718,0.700356658461495,0.700356658461495,"social_isolation_avg"
"1303","MPZL1","Exc L4-5 RORB IL1RAPL2",0.030248900406219,5.60281469831496,2.11758660153717,0.147512308084051,0.443712916233016,0.443712916233016,"social_isolation_avg"
"1304","ADCY10","Exc L4-5 RORB IL1RAPL2",0.0752367069301195,4.26898630655271,3.26501035100298,0.0725912069709382,0.308799235214574,0.308799235214574,"social_isolation_avg"
"1305","MPC2","Exc L4-5 RORB IL1RAPL2",-0.0609032297139467,5.04488008452468,5.09463448659533,0.0253095085031396,0.169755834947857,0.169755834947857,"social_isolation_avg"
"1306","DCAF6","Exc L4-5 RORB IL1RAPL2",-0.0117360623257698,8.12923897031513,0.502910158870404,0.479223247356834,0.772152181149507,0.772152181149507,"social_isolation_avg"
"1307","GPR161","Exc L4-5 RORB IL1RAPL2",-0.0246311772578375,5.19514909596805,0.560198080297497,0.455244082921769,0.753615740071838,0.753615740071838,"social_isolation_avg"
"1308","TIPRL","Exc L4-5 RORB IL1RAPL2",-0.00755345667605276,5.78462766358909,0.198889965058438,0.656201939353789,0.87685999936262,0.87685999936262,"social_isolation_avg"
"1309","SFT2D2","Exc L4-5 RORB IL1RAPL2",-0.35235724640608,-0.584697921657584,1.59507776101908,0.208380799857462,0.526475245573914,0.526475245573914,"social_isolation_avg"
"1310","TBX19","Exc L4-5 RORB IL1RAPL2",-0.154183340676998,0.186223559527088,1.86307764011827,0.174125006961785,0.479985322949292,0.479985322949292,"social_isolation_avg"
"1311","AL023755.1","Exc L4-5 RORB IL1RAPL2",-0.152086755380215,-0.337564140538014,0.960946782611555,0.32838101705802,0.653810780112717,0.653810780112717,"social_isolation_avg"
"1312","DPT","Exc L4-5 RORB IL1RAPL2",0.112879128492344,2.81590974317114,3.39269844806609,0.0672775474602023,0.29579208951903,0.29579208951903,"social_isolation_avg"
"1313","AL031275.1","Exc L4-5 RORB IL1RAPL2",0.0362272833249169,2.03180449535207,0.262873577119987,0.684741690533233,0.890917736857058,0.890917736857058,"social_isolation_avg"
"1314","LINC00626","Exc L4-5 RORB IL1RAPL2",0.0162556650815133,2.12025923139921,0.0273661224763133,0.868809978685448,0.967441402840039,0.967441402840039,"social_isolation_avg"
"1315","LINC00970","Exc L4-5 RORB IL1RAPL2",0.11063260119629,6.41944988307642,8.71227861603611,0.00362063468815634,0.0539921756789483,0.0539921756789483,"social_isolation_avg"
"1316","ATP1B1","Exc L4-5 RORB IL1RAPL2",-0.0652006105345616,8.50725390048618,8.80773586195204,0.00344519599457164,0.052149242730632,0.052149242730632,"social_isolation_avg"
"1317","NME7","Exc L4-5 RORB IL1RAPL2",0.0556593230364863,6.76225617122175,10.0377583422537,0.00182720427140355,0.035338535345637,0.035338535345637,"social_isolation_avg"
"1318","Z99758.1","Exc L4-5 RORB IL1RAPL2",-0.0309357580387389,0.305175246110491,0.0726864275621176,0.85421934460833,0.962694872793747,0.962694872793747,"social_isolation_avg"
"1319","BLZF1","Exc L4-5 RORB IL1RAPL2",0.0163449858136151,5.14426375721282,0.437653919374322,0.509178114530443,0.792942500124608,0.792942500124608,"social_isolation_avg"
"1320","CCDC181","Exc L4-5 RORB IL1RAPL2",-0.0358134500172445,4.30027198442121,1.3686110061458,0.243734714778041,0.568507694064766,0.568507694064766,"social_isolation_avg"
"1321","SLC19A2","Exc L4-5 RORB IL1RAPL2",0.0200093654922441,3.80044524221459,0.269706163427329,0.604223623684859,0.848581258760019,0.848581258760019,"social_isolation_avg"
"1322","AL021068.1","Exc L4-5 RORB IL1RAPL2",0.180391085991473,0.348704854354174,1.97094341271637,0.162223748873236,0.464995538922965,0.464995538922965,"social_isolation_avg"
"1323","F5","Exc L4-5 RORB IL1RAPL2",0.0939733457808267,2.33538386521131,0.901042339593638,0.343888129515136,0.666685959023294,0.666685959023294,"social_isolation_avg"
"1324","C1orf112","Exc L4-5 RORB IL1RAPL2",0.0539621020753833,4.05350181724432,1.12193728957424,0.291047031052205,0.622429108290141,0.622429108290141,"social_isolation_avg"
"1325","SELE","Exc L4-5 RORB IL1RAPL2",0.116902670913035,-0.738036836581096,0.372808778197318,0.542315817389673,0.813409241445106,0.813409241445106,"social_isolation_avg"
"1326","METTL18","Exc L4-5 RORB IL1RAPL2",-0.0129763856141096,0.965448470356282,0.0231960829130402,0.954009022347645,0.989844522474216,0.989844522474216,"social_isolation_avg"
"1327","SCYL3","Exc L4-5 RORB IL1RAPL2",-0.00117952168324915,4.6253152864648,0.00145769104112157,0.969590461488672,0.994558230609734,0.994558230609734,"social_isolation_avg"
"1328","KIFAP3","Exc L4-5 RORB IL1RAPL2",-0.00552008125314042,7.82118495404981,0.149212223081878,0.69978608186182,0.899414232844397,0.899414232844397,"social_isolation_avg"
"1329","AL354732.1","Exc L4-5 RORB IL1RAPL2",-0.194138330607139,1.29336683506779,4.10856955603881,0.0442733224787692,0.235104027993944,0.235104027993944,"social_isolation_avg"
"1330","GORAB","Exc L4-5 RORB IL1RAPL2",0.0270551313253885,3.25559592530344,0.419441359477153,0.518114419518007,0.799538222959669,0.799538222959669,"social_isolation_avg"
"1331","AL023495.1","Exc L4-5 RORB IL1RAPL2",0.0358726912195635,0.384152618705356,0.0740845873302169,0.785819585738381,0.93860819277545,0.93860819277545,"social_isolation_avg"
"1332","PRRX1","Exc L4-5 RORB IL1RAPL2",-0.0223804746443945,3.52443917399912,0.0440255272792338,0.834064517021613,0.956725799195262,0.956725799195262,"social_isolation_avg"
"1333","PRRC2C","Exc L4-5 RORB IL1RAPL2",0.0460702008035812,7.1471028552548,3.97289808090126,0.0478834542238265,0.245995883076031,0.245995883076031,"social_isolation_avg"
"1334","MYOCOS","Exc L4-5 RORB IL1RAPL2",0.124030184968065,1.45207103818452,1.97971937708591,0.16129744294859,0.463370656987078,0.463370656987078,"social_isolation_avg"
"1335","VAMP4","Exc L4-5 RORB IL1RAPL2",-0.0207516707347228,4.90385473998295,0.46970993556666,0.494080646305928,0.782932435791729,0.782932435791729,"social_isolation_avg"
"1336","METTL13","Exc L4-5 RORB IL1RAPL2",-0.0980209880534712,2.72156148136242,4.86564729182279,0.0287760433090201,0.18320037531964,0.18320037531964,"social_isolation_avg"
"1337","DNM3","Exc L4-5 RORB IL1RAPL2",0.00995919816005676,8.58673079383779,0.34666344158049,0.556811701397612,0.821004580462381,0.821004580462381,"social_isolation_avg"
"1338","PIGC","Exc L4-5 RORB IL1RAPL2",0.00650914360627517,3.90215316563556,0.0367271173406083,0.848256909639203,0.961873912835597,0.961873912835597,"social_isolation_avg"
"1339","C1orf105","Exc L4-5 RORB IL1RAPL2",-0.0423802138765061,-0.154965249482004,0.102289871160849,0.749502697984936,0.922603639878536,0.922603639878536,"social_isolation_avg"
"1340","SUCO","Exc L4-5 RORB IL1RAPL2",0.00337454921457355,5.08125855185723,0.0211338012643397,0.884592162229208,0.973606216394529,0.973606216394529,"social_isolation_avg"
"1341","AL031599.1","Exc L4-5 RORB IL1RAPL2",0.0761221575268795,1.8181432448805,0.561003645347616,0.454920664439978,0.753528310589934,0.753528310589934,"social_isolation_avg"
"1342","TNFSF18","Exc L4-5 RORB IL1RAPL2",0.174694147948038,0.426372633559029,1.99936140474706,0.159246157809634,0.460225531070122,0.460225531070122,"social_isolation_avg"
"1343","TNFSF4","Exc L4-5 RORB IL1RAPL2",-0.0217611703053615,1.98268715196648,0.12865668888865,0.775719843266889,0.934884263251599,0.934884263251599,"social_isolation_avg"
"1344","AL645568.1","Exc L4-5 RORB IL1RAPL2",0.0468579512139069,5.93450037013661,4.41296905286353,0.0371839776458693,0.213070272876285,0.213070272876285,"social_isolation_avg"
"1345","PRDX6","Exc L4-5 RORB IL1RAPL2",-0.109486457141584,4.47003823747405,12.4726105721624,0.000535339789475242,0.0157041304754435,0.0157041304754435,"social_isolation_avg"
"1346","SLC9C2","Exc L4-5 RORB IL1RAPL2",0.0110812941751635,2.6846951629823,0.0244993180689775,0.875812128308186,0.970500479269633,0.970500479269633,"social_isolation_avg"
"1347","ANKRD45","Exc L4-5 RORB IL1RAPL2",0.0281274119381742,1.78055861971035,0.137544741391295,0.711209038962933,0.904975073051627,0.904975073051627,"social_isolation_avg"
"1348","KLHL20","Exc L4-5 RORB IL1RAPL2",0.0932867345172671,5.37748978595558,13.5729897698536,0.000310604611692545,0.0112585246318671,0.0112585246318671,"social_isolation_avg"
"1349","CENPL","Exc L4-5 RORB IL1RAPL2",0.0402827643775156,1.57420474116912,0.396605301830084,0.604603403065183,0.848642506631775,0.848642506631775,"social_isolation_avg"
"1350","DARS2","Exc L4-5 RORB IL1RAPL2",0.00816797120515306,2.6081616024538,0.027331090225097,0.868893208627435,0.967441402840039,0.967441402840039,"social_isolation_avg"
"1351","ZBTB37","Exc L4-5 RORB IL1RAPL2",0.00545257117586699,3.55977522147349,0.0280249294528467,0.927063070455662,0.98417618971798,0.98417618971798,"social_isolation_avg"
"1352","RC3H1","Exc L4-5 RORB IL1RAPL2",0.0208187881749708,6.76056080365059,1.69330456235095,0.194976769223029,0.507938241837937,0.507938241837937,"social_isolation_avg"
"1353","AL121983.2","Exc L4-5 RORB IL1RAPL2",-0.036574113495766,1.08890662244573,0.222521019592366,0.637747774186654,0.867064357055679,0.867064357055679,"social_isolation_avg"
"1354","RABGAP1L","Exc L4-5 RORB IL1RAPL2",-0.00880503916996037,9.22967227042195,0.480639352261236,0.48910584856578,0.779808844078475,0.779808844078475,"social_isolation_avg"
"1355","Z99127.1","Exc L4-5 RORB IL1RAPL2",1.78403312727102e-05,1.89188523256986,9.31359498430245e-05,0.992311615086529,0.999072802369964,0.999072802369964,"social_isolation_avg"
"1356","CACYBP","Exc L4-5 RORB IL1RAPL2",-0.0845865255816764,5.40358001718981,7.84422110818009,0.00570649602953921,0.0710346127466523,0.0710346127466523,"social_isolation_avg"
"1357","MRPS14","Exc L4-5 RORB IL1RAPL2",-0.0263434848668788,3.98215805646141,0.851186959053215,0.357561465103329,0.677626250122204,0.677626250122204,"social_isolation_avg"
"1358","TNN","Exc L4-5 RORB IL1RAPL2",0.25919428601107,0.606511322737823,4.31752925358205,0.0392674205765697,0.219526565191545,0.219526565191545,"social_isolation_avg"
"1359","Z94057.1","Exc L4-5 RORB IL1RAPL2",-0.0857393009179661,0.1239112941474,0.49944551205255,0.480738883907245,0.773606091376849,0.773606091376849,"social_isolation_avg"
"1360","TNR","Exc L4-5 RORB IL1RAPL2",-0.0126672796543108,8.13272971591193,0.307928892291939,0.579704004787203,0.835956060862638,0.835956060862638,"social_isolation_avg"
"1361","AL513329.1","Exc L4-5 RORB IL1RAPL2",0.0800246352596763,3.94081498513748,4.41556720249408,0.0371289229069562,0.212930903375044,0.212930903375044,"social_isolation_avg"
"1362","COP1","Exc L4-5 RORB IL1RAPL2",0.0328341021106145,7.74475849107693,6.14907905406152,0.014150369853895,0.120167544856731,0.120167544856731,"social_isolation_avg"
"1363","AL359265.3","Exc L4-5 RORB IL1RAPL2",0.00769452565689464,2.84678564777363,0.0207971361085109,0.885508641859821,0.973706837705749,0.973706837705749,"social_isolation_avg"
"1364","PAPPA2","Exc L4-5 RORB IL1RAPL2",0.0398794147312378,3.66276991081618,0.910587665979842,0.341351937446608,0.664614118998485,0.664614118998485,"social_isolation_avg"
"1365","ASTN1","Exc L4-5 RORB IL1RAPL2",0.0297488443752804,7.85351758414976,3.96484690721674,0.0481073166595753,0.24640999959822,0.24640999959822,"social_isolation_avg"
"1366","BRINP2","Exc L4-5 RORB IL1RAPL2",0.0226607468200652,6.94213938324735,0.750039795589182,0.387718924721895,0.703661277583019,0.703661277583019,"social_isolation_avg"
"1367","AL122019.1","Exc L4-5 RORB IL1RAPL2",0.149980971175136,0.599600885723062,2.07262325234785,0.151854518270734,0.449613859957344,0.449613859957344,"social_isolation_avg"
"1368","SEC16B","Exc L4-5 RORB IL1RAPL2",0.00662513655944029,5.75794657026972,0.0261191573266101,0.871807026757121,0.968668785793146,0.968668785793146,"social_isolation_avg"
"1369","RASAL2-AS1","Exc L4-5 RORB IL1RAPL2",-0.0213062808684756,0.0791110628315548,0.0291178320591559,0.864715941536459,0.966465256649025,0.966465256649025,"social_isolation_avg"
"1370","RASAL2","Exc L4-5 RORB IL1RAPL2",-0.00376140320084598,9.20191204898414,0.0705268524638127,0.790902145331254,0.940998183566925,0.940998183566925,"social_isolation_avg"
"1371","CLEC20A","Exc L4-5 RORB IL1RAPL2",-0.00571474329291085,2.72811091956963,0.0101846387332861,0.919737088079895,0.983247337638765,0.983247337638765,"social_isolation_avg"
"1372","C1orf220","Exc L4-5 RORB IL1RAPL2",0.210296880844319,0.914763996224954,4.53741853220495,0.0346412791802452,0.203558013710174,0.203558013710174,"social_isolation_avg"
"1373","RALGPS2","Exc L4-5 RORB IL1RAPL2",0.0672000279763644,7.11467957526829,10.1942656389359,0.00168678074526867,0.0335953457697141,0.0335953457697141,"social_isolation_avg"
"1374","ANGPTL1","Exc L4-5 RORB IL1RAPL2",0.0605691006778843,3.64626094066466,0.960979462509083,0.328372816270852,0.653810780112717,0.653810780112717,"social_isolation_avg"
"1375","FAM20B","Exc L4-5 RORB IL1RAPL2",-0.00892332032368435,5.6786647204682,0.165308173625282,0.684841626880379,0.890917736857058,0.890917736857058,"social_isolation_avg"
"1376","TOR3A","Exc L4-5 RORB IL1RAPL2",-0.0478524596868905,2.95074200465994,1.68469873021394,0.196109492095982,0.509136621837002,0.509136621837002,"social_isolation_avg"
"1377","ABL2","Exc L4-5 RORB IL1RAPL2",0.0405371251667081,6.9997541740365,7.31580553399985,0.00755096654709188,0.0842081826257726,0.0842081826257726,"social_isolation_avg"
"1378","SOAT1","Exc L4-5 RORB IL1RAPL2",0.044049269143544,4.29710388805304,1.95492016587982,0.163930840011637,0.467213241017265,0.467213241017265,"social_isolation_avg"
"1379","AXDND1","Exc L4-5 RORB IL1RAPL2",0.0786786974700494,1.36467149259808,0.672537439911306,0.413349320185746,0.72299318661147,0.72299318661147,"social_isolation_avg"
"1380","TDRD5","Exc L4-5 RORB IL1RAPL2",0.179549872006712,2.96840322845674,3.06206622870863,0.0819953623398915,0.329251751025698,0.329251751025698,"social_isolation_avg"
"1381","FAM163A","Exc L4-5 RORB IL1RAPL2",-0.339368039520035,-1.20591479665191,1.08699716168752,0.298659929871368,0.629631702851939,0.629631702851939,"social_isolation_avg"
"1382","AL359853.2","Exc L4-5 RORB IL1RAPL2",-0.0554569013354894,-0.0174967665868643,0.205623670684925,0.780128757369102,0.936537426275821,0.936537426275821,"social_isolation_avg"
"1383","TOR1AIP2","Exc L4-5 RORB IL1RAPL2",0.0187080419597655,5.49905788167862,1.03530101444245,0.310403813961841,0.639947334258377,0.639947334258377,"social_isolation_avg"
"1384","AL353708.3","Exc L4-5 RORB IL1RAPL2",-0.0978755322815996,-0.221290523004806,0.446915592161787,0.504735824734443,0.790209016160197,0.790209016160197,"social_isolation_avg"
"1385","TOR1AIP1","Exc L4-5 RORB IL1RAPL2",-0.0292281395459785,4.31261975680885,0.830521506751434,0.36344887665487,0.682892291774962,0.682892291774962,"social_isolation_avg"
"1386","AL353708.2","Exc L4-5 RORB IL1RAPL2",0.0518955246444982,0.0357945599097817,0.183391948676864,0.973803455990947,0.99572295699374,0.99572295699374,"social_isolation_avg"
"1387","CEP350","Exc L4-5 RORB IL1RAPL2",0.031203545672525,6.95796485645301,5.1830742016623,0.0240905826145284,0.165433563030989,0.165433563030989,"social_isolation_avg"
"1388","QSOX1","Exc L4-5 RORB IL1RAPL2",-0.0496366034770039,4.86046391092315,4.01479873781531,0.046736184895091,0.243058812685198,0.243058812685198,"social_isolation_avg"
"1389","LHX4","Exc L4-5 RORB IL1RAPL2",-0.0574925714528606,0.34598896518245,0.28566985165953,0.61555820231271,0.854166518525118,0.854166518525118,"social_isolation_avg"
"1390","ACBD6","Exc L4-5 RORB IL1RAPL2",0.0195157776050599,7.43231620347436,2.39141658595362,0.123915432898531,0.405500502572312,0.405500502572312,"social_isolation_avg"
"1391","XPR1","Exc L4-5 RORB IL1RAPL2",-0.00470959641040524,6.60333469643815,0.0928477176790511,0.828366740150182,0.954284074613539,0.954284074613539,"social_isolation_avg"
"1392","KIAA1614","Exc L4-5 RORB IL1RAPL2",0.0162225569132519,4.33032844317554,0.128478237825332,0.720472460952593,0.909296979182147,0.909296979182147,"social_isolation_avg"
"1393","AL162431.2","Exc L4-5 RORB IL1RAPL2",0.067157977009435,2.12369788850939,1.31665221152926,0.25285181926552,0.580520877752713,0.580520877752713,"social_isolation_avg"
"1394","STX6","Exc L4-5 RORB IL1RAPL2",0.00347351634841553,5.26897116737905,0.0194961757092607,0.889123341542373,0.974640400394109,0.974640400394109,"social_isolation_avg"
"1395","MR1","Exc L4-5 RORB IL1RAPL2",-0.0514617388919459,2.08950711173589,0.601594981579151,0.439078381365324,0.741796860981924,0.741796860981924,"social_isolation_avg"
"1396","IER5","Exc L4-5 RORB IL1RAPL2",-0.059137433723281,4.05431016204644,1.55962619454503,0.213485709828084,0.532616444575051,0.532616444575051,"social_isolation_avg"
"1397","CACNA1E","Exc L4-5 RORB IL1RAPL2",-0.0183266143165134,7.4954005742345,1.02809061146872,0.312089410100602,0.641065188698463,0.641065188698463,"social_isolation_avg"
"1398","AL161734.1","Exc L4-5 RORB IL1RAPL2",-0.124774123898447,-0.214657391261768,0.841806059674962,0.360217499086091,0.680207115789215,0.680207115789215,"social_isolation_avg"
"1399","LINC01344","Exc L4-5 RORB IL1RAPL2",0.236476821862546,-0.12614131333259,1.91022071268217,0.168803557385354,0.472715467720191,0.472715467720191,"social_isolation_avg"
"1400","RGSL1","Exc L4-5 RORB IL1RAPL2",0.106095681588492,0.0737336458740726,0.816686993535563,0.367465730736144,0.685952949019198,0.685952949019198,"social_isolation_avg"
"1401","RNASEL","Exc L4-5 RORB IL1RAPL2",0.00776864118008294,2.29734170582322,0.0168154424858469,0.89698172161931,0.976681311777578,0.976681311777578,"social_isolation_avg"
"1402","NPL","Exc L4-5 RORB IL1RAPL2",-0.0790547175735544,2.27956306974762,1.09546154654983,0.296792325767816,0.627372092040314,0.627372092040314,"social_isolation_avg"
"1403","DHX9","Exc L4-5 RORB IL1RAPL2",-0.0193178685178713,5.93564343187954,1.11770375474902,0.58314364520969,0.838296680672583,0.838296680672583,"social_isolation_avg"
"1404","SHCBP1L","Exc L4-5 RORB IL1RAPL2",0.0838663563766544,0.623860279288381,0.543932860092992,0.461853017533923,0.759580713694677,0.759580713694677,"social_isolation_avg"
"1405","LAMC1","Exc L4-5 RORB IL1RAPL2",0.000513291730782076,5.97738042049058,0.000392805925110438,0.984211399440394,0.998239655190367,0.998239655190367,"social_isolation_avg"
"1406","LAMC2","Exc L4-5 RORB IL1RAPL2",-0.0773338621392309,-0.465088797125814,0.236237369423687,0.627580700046493,0.861529015858645,0.861529015858645,"social_isolation_avg"
"1407","NMNAT2","Exc L4-5 RORB IL1RAPL2",-0.00959758894558453,8.44344043665235,0.335980438534125,0.562947805437703,0.82550844196596,0.82550844196596,"social_isolation_avg"
"1408","SMG7","Exc L4-5 RORB IL1RAPL2",-0.019230208899522,6.18045104441699,1.13423488862399,0.288427036677263,0.619682604529106,0.619682604529106,"social_isolation_avg"
"1409","ARPC5","Exc L4-5 RORB IL1RAPL2",-0.0583904030267639,4.66767428527282,3.97615372127288,0.0477932466744236,0.245789634724015,0.245789634724015,"social_isolation_avg"
"1410","RGL1","Exc L4-5 RORB IL1RAPL2",0.042648644608739,7.13279767530301,7.59012032338209,0.00652715271117316,0.0773811130627239,0.0773811130627239,"social_isolation_avg"
"1411","APOBEC4","Exc L4-5 RORB IL1RAPL2",0.0273388884493223,-0.451827780663715,0.017006976587746,0.938256314895266,0.987745381079025,0.987745381079025,"social_isolation_avg"
"1412","COLGALT2","Exc L4-5 RORB IL1RAPL2",0.0538529772598767,6.47155995248058,5.0137417643616,0.0264811151185739,0.174399296609306,0.174399296609306,"social_isolation_avg"
"1413","TSEN15","Exc L4-5 RORB IL1RAPL2",0.029631384703792,5.53700539194353,1.26710323509139,0.261942531307504,0.591574914641834,0.591574914641834,"social_isolation_avg"
"1414","AL445228.2","Exc L4-5 RORB IL1RAPL2",-0.151802718323026,-0.19349522208272,1.07267647146338,0.30185446901388,0.632981093673015,0.632981093673015,"social_isolation_avg"
"1415","C1orf21","Exc L4-5 RORB IL1RAPL2",0.00964083427419649,7.40155152793182,0.416606754242803,0.51953001566429,0.800250011434867,0.800250011434867,"social_isolation_avg"
"1416","EDEM3","Exc L4-5 RORB IL1RAPL2",-0.00863887064642596,5.84801798145445,0.270665612793381,0.603581723803581,0.848147310833998,0.848147310833998,"social_isolation_avg"
"1417","FAM129A","Exc L4-5 RORB IL1RAPL2",0.085804394823097,1.43789712081662,0.361370974790883,0.548569283427055,0.816327124697127,0.816327124697127,"social_isolation_avg"
"1418","LINC01633","Exc L4-5 RORB IL1RAPL2",0.147686729009677,1.42162204642277,3.32827844831911,0.0699037891166355,0.302804394202349,0.302804394202349,"social_isolation_avg"
"1419","RNF2","Exc L4-5 RORB IL1RAPL2",0.0132934046753852,4.37935182451036,0.209518769976953,0.647745951661329,0.871876503350126,0.871876503350126,"social_isolation_avg"
"1420","TRMT1L","Exc L4-5 RORB IL1RAPL2",-0.0136494322291387,4.88463951879792,0.394978961244214,0.530561226349214,0.807817571719117,0.807817571719117,"social_isolation_avg"
"1421","SWT1","Exc L4-5 RORB IL1RAPL2",-0.0118464386217298,5.21368605785642,0.201999275745125,0.65370066627494,0.875364178365027,0.875364178365027,"social_isolation_avg"
"1422","IVNS1ABP","Exc L4-5 RORB IL1RAPL2",-0.0383288223035209,4.03564126363772,1.25539660216681,0.264149516843278,0.594572092337813,0.594572092337813,"social_isolation_avg"
"1423","HMCN1","Exc L4-5 RORB IL1RAPL2",-0.0492220773759478,0.869878516161803,0.298043525122255,0.585847596954207,0.839250634613155,0.839250634613155,"social_isolation_avg"
"1424","TPR","Exc L4-5 RORB IL1RAPL2",-0.00245772270569726,5.79546851164275,0.0144138792700409,0.904583147923121,0.97842667020256,0.97842667020256,"social_isolation_avg"
"1425","ODR4","Exc L4-5 RORB IL1RAPL2",0.0287220724474594,5.63980836569476,2.63123458872176,0.106686011014368,0.377622665980968,0.377622665980968,"social_isolation_avg"
"1426","AL596220.1","Exc L4-5 RORB IL1RAPL2",0.022484618717852,5.97502359078225,1.25036375155172,0.265105476874712,0.595519497559826,0.595519497559826,"social_isolation_avg"
"1427","PDC","Exc L4-5 RORB IL1RAPL2",0.0133957127952474,1.52793536404965,0.0226907649346633,0.880447675011009,0.972403726349816,0.972403726349816,"social_isolation_avg"
"1428","AL096803.3","Exc L4-5 RORB IL1RAPL2",-0.0521858505010676,0.409439463794707,0.245887750341339,0.730148260903853,0.913267211869261,0.913267211869261,"social_isolation_avg"
"1429","PTGS2","Exc L4-5 RORB IL1RAPL2",-0.235960590667543,1.53398652859913,8.87440521848899,0.00332786748117699,0.0510677863839009,0.0510677863839009,"social_isolation_avg"
"1430","PACERR","Exc L4-5 RORB IL1RAPL2",-0.477799774936507,-0.128934980517904,9.29881585949729,0.00267117810376884,0.0444124436743499,0.0444124436743499,"social_isolation_avg"
"1431","PLA2G4A","Exc L4-5 RORB IL1RAPL2",-0.407088990968004,-0.641270855324744,1.82770909454343,0.178245319426459,0.484705330392072,0.484705330392072,"social_isolation_avg"
"1432","ERVMER61-1","Exc L4-5 RORB IL1RAPL2",-0.0159501590515882,2.51681943410554,0.0535508133066739,0.817282126641099,0.951599926146172,0.951599926146172,"social_isolation_avg"
"1433","BRINP3","Exc L4-5 RORB IL1RAPL2",-0.0246729141012496,8.70342793081234,0.854382717471548,0.356662823445899,0.676804461179405,0.676804461179405,"social_isolation_avg"
"1434","AL354771.1","Exc L4-5 RORB IL1RAPL2",-0.0129142482743608,2.93280080954939,0.0551723047025001,0.814586495086235,0.951370848180313,0.951370848180313,"social_isolation_avg"
"1435","LINC01351","Exc L4-5 RORB IL1RAPL2",-0.256109245516899,0.326336443964746,5.60418783159332,0.0190744048218902,0.144478308100474,0.144478308100474,"social_isolation_avg"
"1436","AL391645.1","Exc L4-5 RORB IL1RAPL2",-0.000462508421425424,1.88086218257356,9.910693865306e-05,0.992068998360537,0.999072802369964,0.999072802369964,"social_isolation_avg"
"1437","LINC01720","Exc L4-5 RORB IL1RAPL2",0.23785323097133,-0.310400770209534,2.34240521038635,0.127806551500886,0.411403157697901,0.411403157697901,"social_isolation_avg"
"1438","LINC01680","Exc L4-5 RORB IL1RAPL2",-0.0389423957409319,4.54208255125391,0.411684560060949,0.522004453156987,0.80224140659446,0.80224140659446,"social_isolation_avg"
"1439","AL954650.1","Exc L4-5 RORB IL1RAPL2",0.115932955630874,0.0334261083220209,0.43793836955942,0.509040675976879,0.792942500124608,0.792942500124608,"social_isolation_avg"
"1440","AL390957.1","Exc L4-5 RORB IL1RAPL2",0.227155803627348,4.74916446929499,24.6159246230431,1.72586858714253e-06,0.00042839113445171,0.00042839113445171,"social_isolation_avg"
"1441","AL136454.1","Exc L4-5 RORB IL1RAPL2",-0.311483690250844,2.47389199296756,9.02060699968512,0.00308472751539195,0.0488419492206955,0.0488419492206955,"social_isolation_avg"
"1442","RGS2","Exc L4-5 RORB IL1RAPL2",-0.0932730558173214,3.50998116768261,3.89304039632956,0.0501539469795522,0.252585262390233,0.252585262390233,"social_isolation_avg"
"1443","UCHL5","Exc L4-5 RORB IL1RAPL2",-0.0100069233972617,5.31066584111466,0.230732210016626,0.631616516309148,0.863852053271977,0.863852053271977,"social_isolation_avg"
"1444","TROVE2","Exc L4-5 RORB IL1RAPL2",0.00754320852940917,5.67961837627076,0.153183979165333,0.696015075718355,0.896785920848961,0.896785920848961,"social_isolation_avg"
"1445","GLRX2","Exc L4-5 RORB IL1RAPL2",-0.0782926452307842,4.6012069739321,7.09986160311122,0.00847288724603232,0.0892625276070031,0.0892625276070031,"social_isolation_avg"
"1446","CDC73","Exc L4-5 RORB IL1RAPL2",0.0231120718904793,6.45920507882475,1.65256088912499,0.200408838717473,0.514776813882432,0.514776813882432,"social_isolation_avg"
"1447","B3GALT2","Exc L4-5 RORB IL1RAPL2",-0.0747961606183413,4.8532544408332,4.74004991819669,0.0308861830005883,0.191605727394797,0.191605727394797,"social_isolation_avg"
"1448","LINC01031","Exc L4-5 RORB IL1RAPL2",0.108750384334856,1.81396968698205,2.37960739904566,0.126478490343157,0.409538970165627,0.409538970165627,"social_isolation_avg"
"1449","AL357793.1","Exc L4-5 RORB IL1RAPL2",0.010515834275329,1.85995082762718,0.0208528899511643,0.885356346620328,0.973660414670342,0.973660414670342,"social_isolation_avg"
"1450","AL356272.1","Exc L4-5 RORB IL1RAPL2",0.0815853061059282,1.73719861643132,1.10488658138079,0.29473046710015,0.625723804557633,0.625723804557633,"social_isolation_avg"
"1451","KCNT2","Exc L4-5 RORB IL1RAPL2",0.0236929791127217,8.28370691491638,1.23543202255772,0.267967290311451,0.597972532136216,0.597972532136216,"social_isolation_avg"
"1452","ASPM","Exc L4-5 RORB IL1RAPL2",0.129455905080149,1.30694470373804,2.32373528121264,0.129324701066068,0.414295014132451,0.414295014132451,"social_isolation_avg"
"1453","ZBTB41","Exc L4-5 RORB IL1RAPL2",-0.0177655985282183,5.54660590609685,0.562402768138429,0.454359805615252,0.75312675269787,0.75312675269787,"social_isolation_avg"
"1454","CRB1","Exc L4-5 RORB IL1RAPL2",0.0480077109106365,5.56049439371546,1.95155899018298,0.164291552955906,0.467786230561911,0.467786230561911,"social_isolation_avg"
"1455","AL136322.1","Exc L4-5 RORB IL1RAPL2",0.334290823389877,-0.282237909918594,4.63745652958152,0.0327306277042701,0.198139305304928,0.198139305304928,"social_isolation_avg"
"1456","DENND1B","Exc L4-5 RORB IL1RAPL2",0.0369487787268442,6.52277196555656,3.04836130542992,0.0826765380777263,0.330933525908327,0.330933525908327,"social_isolation_avg"
"1457","C1orf53","Exc L4-5 RORB IL1RAPL2",-0.205387880364189,1.29338391172924,6.93724978588994,0.00924345873762488,0.0944360058178188,0.0944360058178188,"social_isolation_avg"
"1458","NEK7","Exc L4-5 RORB IL1RAPL2",-0.042831163939745,4.83527611737058,1.51231466234795,0.220533693837958,0.541348990802802,0.541348990802802,"social_isolation_avg"
"1459","MIR181A1HG","Exc L4-5 RORB IL1RAPL2",-0.0485244080700337,6.65450598277508,1.70751229017734,0.193123540408338,0.505127247451777,0.505127247451777,"social_isolation_avg"
"1460","LINC01221","Exc L4-5 RORB IL1RAPL2",0.0918225526840841,-0.0638448261545852,0.453959261319446,0.501401788240041,0.787566265589392,0.787566265589392,"social_isolation_avg"
"1461","AC099673.1","Exc L4-5 RORB IL1RAPL2",0.0259160555154025,-0.437031272737499,0.0268349822476361,0.870077802012354,0.967770389270222,0.967770389270222,"social_isolation_avg"
"1462","LINC00862","Exc L4-5 RORB IL1RAPL2",0.105623494922289,4.49856850788355,8.5486288557056,0.00394307577246498,0.0565770012049941,0.0565770012049941,"social_isolation_avg"
"1463","AC104461.1","Exc L4-5 RORB IL1RAPL2",0.135721716756128,2.17546474024282,6.39422882555767,0.0123859638804958,0.111344968425333,0.111344968425333,"social_isolation_avg"
"1464","ZNF281","Exc L4-5 RORB IL1RAPL2",-0.0192443138599609,4.60662777883432,0.415981208716516,0.519843331603369,0.800517268435529,0.800517268435529,"social_isolation_avg"
"1465","KIF14","Exc L4-5 RORB IL1RAPL2",0.0564414187562976,1.09009942287452,0.522785198608398,0.470677845273645,0.765488697818689,0.765488697818689,"social_isolation_avg"
"1466","DDX59","Exc L4-5 RORB IL1RAPL2",0.0797230413947256,3.05930868271221,2.27449987945202,0.13342646219678,0.420452840129346,0.420452840129346,"social_isolation_avg"
"1467","AL445483.1","Exc L4-5 RORB IL1RAPL2",-0.0978697426016703,1.3513501295894,0.712423717908856,0.399860244969689,0.713023561076589,0.713023561076589,"social_isolation_avg"
"1468","CAMSAP2","Exc L4-5 RORB IL1RAPL2",-0.00405822532005605,7.76214342118144,0.125569019966946,0.723522854964498,0.91006041627328,0.91006041627328,"social_isolation_avg"
"1469","KIF21B","Exc L4-5 RORB IL1RAPL2",-0.0226851735032611,5.35906948643749,0.585063107068061,0.445425204073335,0.746642892463792,0.746642892463792,"social_isolation_avg"
"1470","CACNA1S","Exc L4-5 RORB IL1RAPL2",-0.0875118662574638,0.882755151342961,0.96283066871082,0.327908715364298,0.653764769231232,0.653764769231232,"social_isolation_avg"
"1471","TMEM9","Exc L4-5 RORB IL1RAPL2",-0.0775964567663627,4.87257834067115,9.75223391230972,0.00211505440875903,0.0388533441438152,0.0388533441438152,"social_isolation_avg"
"1472","TNNT2","Exc L4-5 RORB IL1RAPL2",0.00916164976883937,2.54168691383983,0.0115501634145454,0.914545119179749,0.981804260896158,0.981804260896158,"social_isolation_avg"
"1473","PHLDA3","Exc L4-5 RORB IL1RAPL2",-0.137614720920501,3.50175600026653,15.0659717495672,0.000149761057615217,0.00736007524970786,0.00736007524970786,"social_isolation_avg"
"1474","CSRP1","Exc L4-5 RORB IL1RAPL2",-0.102516063424342,1.16630753725893,0.182576728775778,0.669724207724484,0.88373683666333,0.88373683666333,"social_isolation_avg"
"1475","AC096677.1","Exc L4-5 RORB IL1RAPL2",-0.0772539909229906,1.96900177608119,1.17005639011656,0.280965183201399,0.612106983244104,0.612106983244104,"social_isolation_avg"
"1476","NAV1","Exc L4-5 RORB IL1RAPL2",0.0605704058347939,6.82870135084768,7.76466056848175,0.00595133239287185,0.0732629539398362,0.0732629539398362,"social_isolation_avg"
"1477","IPO9-AS1","Exc L4-5 RORB IL1RAPL2",-0.0545850358457861,3.47155253612082,1.56038071559371,0.213375515270892,0.532552186313224,0.532552186313224,"social_isolation_avg"
"1478","IPO9","Exc L4-5 RORB IL1RAPL2",-0.0128320542264259,6.67363113192432,0.590475408985197,0.443331782528277,0.745245107620929,0.745245107620929,"social_isolation_avg"
"1479","SHISA4","Exc L4-5 RORB IL1RAPL2",-0.087779461996259,3.61783126178613,4.70446066400988,0.031513286178822,0.194222439019378,0.194222439019378,"social_isolation_avg"
"1480","LMOD1","Exc L4-5 RORB IL1RAPL2",0.0898188313808582,-0.32058587570732,0.338252867278643,0.561631725209441,0.824487062954122,0.824487062954122,"social_isolation_avg"
"1481","TIMM17A","Exc L4-5 RORB IL1RAPL2",-0.0375549325841743,4.39449887962725,1.61189914315024,0.206009562902132,0.52320898519077,0.52320898519077,"social_isolation_avg"
"1482","RNPEP","Exc L4-5 RORB IL1RAPL2",-0.00200638279534052,4.34739470992224,0.00670351195064274,0.939268101380395,0.987766326490576,0.987766326490576,"social_isolation_avg"
"1483","ARL8A","Exc L4-5 RORB IL1RAPL2",-0.0609191599455586,5.41537525376981,7.71581513893701,0.00610698985247678,0.0743705542670576,0.0743705542670576,"social_isolation_avg"
"1484","PTPN7","Exc L4-5 RORB IL1RAPL2",0.167254325514367,0.0925237378195807,1.52912111582402,0.217998500726058,0.537948249492533,0.537948249492533,"social_isolation_avg"
"1485","LGR6","Exc L4-5 RORB IL1RAPL2",-0.00990445553132208,-0.281460420878796,0.00424754468617723,0.948114860680731,0.988740948001749,0.988740948001749,"social_isolation_avg"
"1486","UBE2T","Exc L4-5 RORB IL1RAPL2",-0.0245271134074763,2.99934298857574,0.410218845293159,0.522745323242068,0.802700613038008,0.802700613038008,"social_isolation_avg"
"1487","PPP1R12B","Exc L4-5 RORB IL1RAPL2",0.0131224971201407,7.86132162866093,0.876353018458072,0.350568171008226,0.671807495721154,0.671807495721154,"social_isolation_avg"
"1488","SYT2","Exc L4-5 RORB IL1RAPL2",0.0520174155558065,2.82552421360461,0.534618604054205,0.465706762395399,0.76195994649395,0.76195994649395,"social_isolation_avg"
"1489","AC104463.2","Exc L4-5 RORB IL1RAPL2",-0.1131049310003,0.978917392239581,2.06169375244391,0.191576137681212,0.502957139040686,0.502957139040686,"social_isolation_avg"
"1490","KDM5B","Exc L4-5 RORB IL1RAPL2",-0.0336557315045788,6.40484987550694,4.67321045854393,0.0320749960764235,0.196024225052328,0.196024225052328,"social_isolation_avg"
"1491","PCAT6","Exc L4-5 RORB IL1RAPL2",0.0919906006719847,-0.478117670157439,0.329422565431826,0.566779459351594,0.827595395006403,0.827595395006403,"social_isolation_avg"
"1492","RABIF","Exc L4-5 RORB IL1RAPL2",-0.0345450790438082,3.63142666831986,0.930372613106588,0.336175133533395,0.660427312956927,0.660427312956927,"social_isolation_avg"
"1493","KLHL12","Exc L4-5 RORB IL1RAPL2",-0.0188261187776575,4.59660274510029,0.511543509576465,0.680611132947914,0.88830021621423,0.88830021621423,"social_isolation_avg"
"1494","ADIPOR1","Exc L4-5 RORB IL1RAPL2",-0.0453432582781593,4.2720948715307,2.81839338369492,0.0950790380147918,0.356784613292812,0.356784613292812,"social_isolation_avg"
"1495","CYB5R1","Exc L4-5 RORB IL1RAPL2",-0.0315265313006994,3.63321572515564,0.870841931970334,0.456115810324029,0.754362558781333,0.754362558781333,"social_isolation_avg"
"1496","TMEM183A","Exc L4-5 RORB IL1RAPL2",-0.10975189659213,4.22192831501373,14.0926870909156,0.000240674003281737,0.00961435389038673,0.00961435389038673,"social_isolation_avg"
"1497","PPFIA4","Exc L4-5 RORB IL1RAPL2",0.00984654228959266,6.69025931169621,0.219658744440162,0.639917553675291,0.867500167660883,0.867500167660883,"social_isolation_avg"
"1498","ADORA1","Exc L4-5 RORB IL1RAPL2",-0.0110190471896969,5.40168811159053,0.166403915557757,0.683855616185849,0.890614863582339,0.890614863582339,"social_isolation_avg"
"1499","CHI3L1","Exc L4-5 RORB IL1RAPL2",-0.131913291409621,3.80912456469042,2.01049746291123,0.158096488348492,0.458196052592047,0.458196052592047,"social_isolation_avg"
"1500","CHIT1","Exc L4-5 RORB IL1RAPL2",-0.0656558356514107,1.20385034641376,0.70882714087778,0.679640697756393,0.888022851769995,0.888022851769995,"social_isolation_avg"
"1501","BTG2","Exc L4-5 RORB IL1RAPL2",-0.0718481082507353,2.11242955780964,0.927470149661405,0.336927909643598,0.661054397185915,0.661054397185915,"social_isolation_avg"
"1502","FMOD","Exc L4-5 RORB IL1RAPL2",0.0208267449705788,0.101488349279374,0.0225215869154937,0.880890820321593,0.972403930320635,0.972403930320635,"social_isolation_avg"
"1503","PRELP","Exc L4-5 RORB IL1RAPL2",-0.0198843474481821,4.31471636477078,0.0650694379853872,0.798972919239159,0.943541448315508,0.943541448315508,"social_isolation_avg"
"1504","ATP2B4","Exc L4-5 RORB IL1RAPL2",0.012013668667211,7.56982062323579,0.207753068361257,0.64913247464405,0.872437879882174,0.872437879882174,"social_isolation_avg"
"1505","SNRPE","Exc L4-5 RORB IL1RAPL2",-0.00315596396478643,3.32144019232095,0.00669868246869124,0.981945567979459,0.997624744637362,0.997624744637362,"social_isolation_avg"
"1506","SOX13","Exc L4-5 RORB IL1RAPL2",0.2564513451045,-0.715636318353099,1.00197288029323,0.318296675852697,0.645868584733278,0.645868584733278,"social_isolation_avg"
"1507","ETNK2","Exc L4-5 RORB IL1RAPL2",0.057647836707392,2.04602055951614,0.786075232177803,0.376577637303134,0.695027880189739,0.695027880189739,"social_isolation_avg"
"1508","REN","Exc L4-5 RORB IL1RAPL2",0.0857569324068603,0.387938559498366,0.672523731935987,0.413354070769172,0.72299318661147,0.72299318661147,"social_isolation_avg"
"1509","GOLT1A","Exc L4-5 RORB IL1RAPL2",0.0748205681107387,1.52590854518299,0.641147874055056,0.424444820659523,0.730636986464758,0.730636986464758,"social_isolation_avg"
"1510","PLEKHA6","Exc L4-5 RORB IL1RAPL2",0.0207246583717653,7.51100914250445,1.76472486703328,0.185867403160987,0.494365807461786,0.494365807461786,"social_isolation_avg"
"1511","AL606489.1","Exc L4-5 RORB IL1RAPL2",-0.0440030335753771,1.44386293191603,0.337231757403814,0.562222367999875,0.824828210043083,0.824828210043083,"social_isolation_avg"
"1512","PPP1R15B","Exc L4-5 RORB IL1RAPL2",0.0391903657912478,3.69656878556563,1.40364093559153,0.392998332214612,0.708048128340571,0.708048128340571,"social_isolation_avg"
"1513","PIK3C2B","Exc L4-5 RORB IL1RAPL2",0.0797226991155908,5.01731047103323,8.63587907705865,0.00376764981128377,0.0554166595866411,0.0554166595866411,"social_isolation_avg"
"1514","MDM4","Exc L4-5 RORB IL1RAPL2",0.0676786063177156,5.85496175036717,10.7013556887252,0.00130314999635626,0.0280192057739282,0.0280192057739282,"social_isolation_avg"
"1515","AL512306.3","Exc L4-5 RORB IL1RAPL2",0.0742078577571792,1.36733757282431,0.467051245321729,0.495303695640963,0.783977055261698,0.783977055261698,"social_isolation_avg"
"1516","LRRN2","Exc L4-5 RORB IL1RAPL2",0.0198491545484766,6.3667605099739,0.742206061085766,0.390203129991952,0.705026109871823,0.705026109871823,"social_isolation_avg"
"1517","NFASC","Exc L4-5 RORB IL1RAPL2",0.0192518921954667,7.8845522734368,1.79089593242199,0.182654977764674,0.489125786740003,0.489125786740003,"social_isolation_avg"
"1518","CNTN2","Exc L4-5 RORB IL1RAPL2",0.00571819956556583,4.55378549378203,0.0283424376673829,0.866512086011638,0.966778235497087,0.966778235497087,"social_isolation_avg"
"1519","TMEM81","Exc L4-5 RORB IL1RAPL2",-0.133382939274398,2.06625667340002,5.46171005389968,0.0206365008396206,0.151342338134287,0.151342338134287,"social_isolation_avg"
"1520","RBBP5","Exc L4-5 RORB IL1RAPL2",-0.0329351727008328,4.92010115763255,1.29167273203321,0.257384889405885,0.585461187576081,0.585461187576081,"social_isolation_avg"
"1521","DSTYK","Exc L4-5 RORB IL1RAPL2",-0.0254109780014742,6.37332440128365,2.17020419329652,0.142609232347653,0.436690287303763,0.436690287303763,"social_isolation_avg"
"1522","TMCC2","Exc L4-5 RORB IL1RAPL2",-0.0270610669974307,4.46823896667347,0.77660602843056,0.379460737224153,0.697675309398329,0.697675309398329,"social_isolation_avg"
"1523","KLHDC8A","Exc L4-5 RORB IL1RAPL2",0.0713956850484756,3.73992285098068,0.987804746973194,0.321732185920587,0.648652977655054,0.648652977655054,"social_isolation_avg"
"1524","LEMD1","Exc L4-5 RORB IL1RAPL2",0.0956253994176458,2.41879933862097,2.48717967986763,0.116689111864682,0.394285699035384,0.394285699035384,"social_isolation_avg"
"1525","CDK18","Exc L4-5 RORB IL1RAPL2",0.0128822673735459,6.03646843659081,0.123010399629304,0.726238703282936,0.911746541574424,0.911746541574424,"social_isolation_avg"
"1526","MFSD4A","Exc L4-5 RORB IL1RAPL2",-0.0259830997230376,5.92507585305303,1.09614287863471,0.296642651879949,0.627301030200185,0.627301030200185,"social_isolation_avg"
"1527","ELK4","Exc L4-5 RORB IL1RAPL2",0.0546877354548858,4.50348101704679,3.35171079825394,0.0689359205295074,0.300330774197285,0.300330774197285,"social_isolation_avg"
"1528","NUCKS1","Exc L4-5 RORB IL1RAPL2",-0.0568419411730419,7.64197224856864,10.6310051627182,0.00135051865717318,0.02867919586125,0.02867919586125,"social_isolation_avg"
"1529","RAB29","Exc L4-5 RORB IL1RAPL2",0.00235680267834825,3.50791818455451,0.0034606199579804,0.953160932890506,0.989452900160271,0.989452900160271,"social_isolation_avg"
"1530","SLC41A1","Exc L4-5 RORB IL1RAPL2",-0.0256694874399236,3.45680630472974,0.468421712139389,0.494672617041461,0.783500802531516,0.783500802531516,"social_isolation_avg"
"1531","PM20D1","Exc L4-5 RORB IL1RAPL2",-0.0324230237127934,1.44000421543761,0.0849115341037813,0.771113941271545,0.932360531397057,0.932360531397057,"social_isolation_avg"
"1532","RHEX","Exc L4-5 RORB IL1RAPL2",-0.0590993148769553,2.09192915863053,0.259717420900147,0.610994076135215,0.852117185969555,0.852117185969555,"social_isolation_avg"
"1533","AC244035.1","Exc L4-5 RORB IL1RAPL2",-0.00520366153825564,0.701744576357323,0.00363294594873404,0.952010280869723,0.989452900160271,0.989452900160271,"social_isolation_avg"
"1534","SRGAP2","Exc L4-5 RORB IL1RAPL2",0.0606757189866009,6.29524351814725,6.2385046832786,0.0134782931117903,0.117112094106844,0.117112094106844,"social_isolation_avg"
"1535","IKBKE","Exc L4-5 RORB IL1RAPL2",0.004490891402879,1.66324346277181,0.00232329080254523,0.961614618890777,0.992402651032639,0.992402651032639,"social_isolation_avg"
"1536","RASSF5","Exc L4-5 RORB IL1RAPL2",-0.00199681088181058,4.87085264022621,0.0045094012554706,0.946541792465871,0.988740948001749,0.988740948001749,"social_isolation_avg"
"1537","EIF2D","Exc L4-5 RORB IL1RAPL2",0.0100775294844977,3.90166188225656,0.101599524949391,0.927537954886155,0.98417618971798,0.98417618971798,"social_isolation_avg"
"1538","DYRK3","Exc L4-5 RORB IL1RAPL2",-0.01607241974596,2.66991961642445,0.0749035709430318,0.784668258152169,0.938269741697979,0.938269741697979,"social_isolation_avg"
"1539","MAPKAPK2","Exc L4-5 RORB IL1RAPL2",0.0499788487749802,3.22996605281409,1.1485539257297,0.285414302932738,0.616677587212976,0.616677587212976,"social_isolation_avg"
"1540","PFKFB2","Exc L4-5 RORB IL1RAPL2",0.0297341406807989,4.85833671701699,0.612482190463923,0.434974478970486,0.739390182068148,0.739390182068148,"social_isolation_avg"
"1541","YOD1","Exc L4-5 RORB IL1RAPL2",-0.109667201799309,3.67064704834436,8.96739698377146,0.00317103302885921,0.0494634096776959,0.0494634096776959,"social_isolation_avg"
"1542","AL596218.1","Exc L4-5 RORB IL1RAPL2",-0.0915862934182637,0.653196003793957,0.64235675681236,0.424009281291598,0.730484447368394,0.730484447368394,"social_isolation_avg"
"1543","CD55","Exc L4-5 RORB IL1RAPL2",-0.0946306945264324,2.71344005621177,1.76885499127919,0.185356077307388,0.49382178805028,0.49382178805028,"social_isolation_avg"
"1544","CR2","Exc L4-5 RORB IL1RAPL2",-0.130373190089193,-0.557866812402179,0.544198022201843,0.46174405498109,0.759511367842928,0.759511367842928,"social_isolation_avg"
"1545","CR1L","Exc L4-5 RORB IL1RAPL2",-0.0137940760404062,1.05360026153705,0.0248231727542856,0.964076951414327,0.993210279740308,0.993210279740308,"social_isolation_avg"
"1546","CD46","Exc L4-5 RORB IL1RAPL2",0.0481414029955248,5.67249716248559,4.60141074507927,0.0334059335532238,0.199853985954975,0.199853985954975,"social_isolation_avg"
"1547","MIR29B2CHG","Exc L4-5 RORB IL1RAPL2",0.0142967450564778,7.42461913664128,0.459549618144706,0.498782346266262,0.785407854003324,0.785407854003324,"social_isolation_avg"
"1548","AL356275.1","Exc L4-5 RORB IL1RAPL2",0.0779524684125147,0.883404629488213,0.75716463823475,0.385479167236608,0.702381037665558,0.702381037665558,"social_isolation_avg"
"1549","PLXNA2","Exc L4-5 RORB IL1RAPL2",-0.0345081905028361,7.54728028550455,2.0436892205709,0.154725845055346,0.454001118730672,0.454001118730672,"social_isolation_avg"
"1550","CAMK1G","Exc L4-5 RORB IL1RAPL2",-0.0410713793020492,5.32258863453014,1.08513431376525,0.299072992398036,0.630028300178685,0.630028300178685,"social_isolation_avg"
"1551","LAMB3","Exc L4-5 RORB IL1RAPL2",-0.203710380385863,2.23560990901425,8.82940595610174,0.0034066005280887,0.0517721193509769,0.0517721193509769,"social_isolation_avg"
"1552","AL031316.1","Exc L4-5 RORB IL1RAPL2",-0.0515851840702708,3.32394297817193,1.46392205059134,0.228034564974945,0.549671385677238,0.549671385677238,"social_isolation_avg"
"1553","G0S2","Exc L4-5 RORB IL1RAPL2",-0.180932567316403,0.111088356902198,2.16737378213494,0.142868220484828,0.436716682563793,0.436716682563793,"social_isolation_avg"
"1554","HSD11B1","Exc L4-5 RORB IL1RAPL2",0.0532635370905261,1.083292543317,0.320071189707173,0.572332047305246,0.831089383504417,0.831089383504417,"social_isolation_avg"
"1555","C1orf74","Exc L4-5 RORB IL1RAPL2",-0.0334246339196061,0.483201876722359,0.103607052557211,0.747949924682613,0.921915827782467,0.921915827782467,"social_isolation_avg"
"1556","UTP25","Exc L4-5 RORB IL1RAPL2",0.0639427414967113,3.80310507578397,3.39478331241445,0.0671943518752301,0.295533317487501,0.295533317487501,"social_isolation_avg"
"1557","SYT14","Exc L4-5 RORB IL1RAPL2",0.0366902366617209,7.91302796270592,4.39248372219871,0.0376210978582381,0.213890863153763,0.213890863153763,"social_isolation_avg"
"1558","SERTAD4-AS1","Exc L4-5 RORB IL1RAPL2",-0.0393357361116311,0.83874891091545,0.14311538721844,0.70568873068418,0.902002058587811,0.902002058587811,"social_isolation_avg"
"1559","SERTAD4","Exc L4-5 RORB IL1RAPL2",0.0630028202108284,2.54034447746455,0.759679698882077,0.384692955041765,0.701474286664808,0.701474286664808,"social_isolation_avg"
"1560","HHAT","Exc L4-5 RORB IL1RAPL2",-0.120505559459571,4.82533667417616,4.51646180249545,0.0350562502481893,0.204911742646274,0.204911742646274,"social_isolation_avg"
"1561","KCNH1","Exc L4-5 RORB IL1RAPL2",-0.0300451390527805,7.28610194205093,1.70556031004059,0.193376919482046,0.505580308625093,0.505580308625093,"social_isolation_avg"
"1562","RCOR3","Exc L4-5 RORB IL1RAPL2",0.0646199645700702,6.69365319609839,17.7263180673225,4.17894612273907e-05,0.00331764011960296,0.00331764011960296,"social_isolation_avg"
"1563","TRAF5","Exc L4-5 RORB IL1RAPL2",0.0677439673156637,4.00881811564078,1.58395825170507,0.209966129029412,0.528265511105033,0.528265511105033,"social_isolation_avg"
"1564","LINC00467","Exc L4-5 RORB IL1RAPL2",0.230325183932135,1.52060715980031,8.58485673281883,0.00386923772130125,0.0559280725169908,0.0559280725169908,"social_isolation_avg"
"1565","SLC30A1","Exc L4-5 RORB IL1RAPL2",-0.118915705442323,2.68249315790398,5.29053952766604,0.0226917219119916,0.159491110808615,0.159491110808615,"social_isolation_avg"
"1566","NEK2","Exc L4-5 RORB IL1RAPL2",-0.15876952326963,0.032290007165584,1.51594729883086,0.219982732652249,0.540586837940045,0.540586837940045,"social_isolation_avg"
"1567","LPGAT1","Exc L4-5 RORB IL1RAPL2",-0.00645764550771832,6.27120320479171,0.145511815968153,0.825567316614605,0.953892053274039,0.953892053274039,"social_isolation_avg"
"1568","INTS7","Exc L4-5 RORB IL1RAPL2",-0.0356187954099559,4.75987794368041,1.93070442461906,0.166550164918029,0.470342637375227,0.470342637375227,"social_isolation_avg"
"1569","DTL","Exc L4-5 RORB IL1RAPL2",0.242417363652075,-0.515314847889573,2.26603743646091,0.134146112010286,0.421904685064266,0.421904685064266,"social_isolation_avg"
"1570","PPP2R5A","Exc L4-5 RORB IL1RAPL2",-0.0273530622387091,4.4571388739932,0.84721240956228,0.358683469953849,0.678325830584386,0.678325830584386,"social_isolation_avg"
"1571","AL360091.3","Exc L4-5 RORB IL1RAPL2",-0.0599314306138735,1.56882940697399,0.682449712984934,0.409935228466503,0.720384922245259,0.720384922245259,"social_isolation_avg"
"1572","TMEM206","Exc L4-5 RORB IL1RAPL2",-0.0568584802193353,2.43693162793053,1.00049113762631,0.318653692467371,0.646290761622374,0.646290761622374,"social_isolation_avg"
"1573","NENF","Exc L4-5 RORB IL1RAPL2",0.00603686690155935,4.25275407054131,0.029873639417822,0.862988709321898,0.965740698866505,0.965740698866505,"social_isolation_avg"
"1574","AC092803.2","Exc L4-5 RORB IL1RAPL2",-0.0755200363836856,0.0216118052410217,0.369919728933291,0.54388282683406,0.814068841856827,0.814068841856827,"social_isolation_avg"
"1575","ATF3","Exc L4-5 RORB IL1RAPL2",0.116979005866765,0.897181140469388,1.04840250346926,0.307371419222416,0.637205502696104,0.637205502696104,"social_isolation_avg"
"1576","BATF3","Exc L4-5 RORB IL1RAPL2",-0.0823763842138077,0.876906660062903,0.644444602319963,0.423258651153593,0.729967818656197,0.729967818656197,"social_isolation_avg"
"1577","NSL1","Exc L4-5 RORB IL1RAPL2",0.00926232494096759,6.02642017499543,0.20198438962792,0.653712586031279,0.875364178365027,0.875364178365027,"social_isolation_avg"
"1578","TATDN3","Exc L4-5 RORB IL1RAPL2",0.0330684485299061,5.32336591187473,1.40789332413687,0.237109015692396,0.560722370443172,0.560722370443172,"social_isolation_avg"
"1579","SPATA45","Exc L4-5 RORB IL1RAPL2",-0.0948342907128964,0.210931121038075,0.62464986525228,0.478583019317328,0.771514808597015,0.771514808597015,"social_isolation_avg"
"1580","FLVCR1-DT","Exc L4-5 RORB IL1RAPL2",0.168801837413489,1.14718517089903,2.98596547252308,0.0858567437103154,0.337312177687475,0.337312177687475,"social_isolation_avg"
"1581","FLVCR1","Exc L4-5 RORB IL1RAPL2",0.0685626331294099,5.00491919897674,8.99307733432498,0.0031290746014594,0.0491737712078183,0.0491737712078183,"social_isolation_avg"
"1582","VASH2","Exc L4-5 RORB IL1RAPL2",0.0774884590623194,2.94415151177287,1.92016983323071,0.167704696702134,0.471281830729403,0.471281830729403,"social_isolation_avg"
"1583","ANGEL2","Exc L4-5 RORB IL1RAPL2",0.0401860470248237,5.16367779538605,3.15248158531485,0.0776516541345471,0.320147886905249,0.320147886905249,"social_isolation_avg"
"1584","RPS6KC1","Exc L4-5 RORB IL1RAPL2",0.0518093990850165,8.12227317701492,7.99777483275084,0.00526287944150387,0.0673477105751623,0.0673477105751623,"social_isolation_avg"
"1585","AL592402.1","Exc L4-5 RORB IL1RAPL2",0.153213607344911,0.761517641501215,2.21492683904233,0.13858682213495,0.429939541173206,0.429939541173206,"social_isolation_avg"
"1586","AC096639.1","Exc L4-5 RORB IL1RAPL2",0.135957281388772,0.900545800641209,1.59521922028724,0.208360723858216,0.526475245573914,0.526475245573914,"social_isolation_avg"
"1587","AL592287.1","Exc L4-5 RORB IL1RAPL2",-0.0941489326864338,0.0887565690838126,0.544768521028591,0.461509760047477,0.759324014770289,0.759324014770289,"social_isolation_avg"
"1588","SMYD2","Exc L4-5 RORB IL1RAPL2",-0.00215999840690528,7.05507549615268,0.0077204115881044,0.930089638297385,0.984901838270921,0.984901838270921,"social_isolation_avg"
"1589","PTPN14","Exc L4-5 RORB IL1RAPL2",-0.0594153576849718,5.54923165585467,1.48959966186435,0.224016823835779,0.545206161415657,0.545206161415657,"social_isolation_avg"
"1590","CENPF","Exc L4-5 RORB IL1RAPL2",-0.162531873682677,2.74815765963534,4.18715027174503,0.0423156518084629,0.229674752493945,0.229674752493945,"social_isolation_avg"
"1591","KCNK2","Exc L4-5 RORB IL1RAPL2",-0.0651852795749865,6.02516136788042,3.71005363233076,0.0558015910736545,0.267889414087967,0.267889414087967,"social_isolation_avg"
"1592","KCTD3","Exc L4-5 RORB IL1RAPL2",0.0476794877939292,5.93209104700719,9.31560539168222,0.00264812113347109,0.0441454625254683,0.0441454625254683,"social_isolation_avg"
"1593","USH2A","Exc L4-5 RORB IL1RAPL2",0.0406172925790893,3.7126497783379,0.591048401322761,0.443111049404701,0.745181540082044,0.745181540082044,"social_isolation_avg"
"1594","ESRRG","Exc L4-5 RORB IL1RAPL2",-0.0592895363358778,7.80883323581565,4.14208950580399,0.0434267297723694,0.232572078693179,0.232572078693179,"social_isolation_avg"
"1595","GPATCH2","Exc L4-5 RORB IL1RAPL2",0.0536697566026696,6.46779057566308,5.12733040416685,0.0248515081779913,0.167694502937152,0.167694502937152,"social_isolation_avg"
"1596","SPATA17","Exc L4-5 RORB IL1RAPL2",-0.0391889160502001,2.6638604434198,0.388817764281462,0.533780981607489,0.809351404820186,0.809351404820186,"social_isolation_avg"
"1597","RRP15","Exc L4-5 RORB IL1RAPL2",-0.0572689854420502,4.86263411768741,2.69550698066551,0.102532670484566,0.370940852435653,0.370940852435653,"social_isolation_avg"
"1598","TGFB2","Exc L4-5 RORB IL1RAPL2",-0.0403465500210293,2.07362756066251,0.364117100063242,0.547055666889172,0.815716627202036,0.815716627202036,"social_isolation_avg"
"1599","LYPLAL1-DT","Exc L4-5 RORB IL1RAPL2",-0.0557811016776696,1.89750971977682,0.768165834913904,0.399304549163187,0.712875322529869,0.712875322529869,"social_isolation_avg"
"1600","LYPLAL1","Exc L4-5 RORB IL1RAPL2",-0.0105384748659683,5.45267740123085,0.159312513021802,0.690305452185316,0.893676052256912,0.893676052256912,"social_isolation_avg"
"1601","AC096642.1","Exc L4-5 RORB IL1RAPL2",-0.161803641496923,1.83075612237154,7.10247433410026,0.00846106354850958,0.0891876230648189,0.0891876230648189,"social_isolation_avg"
"1602","AL513283.1","Exc L4-5 RORB IL1RAPL2",0.0147716474459512,0.309707042172447,0.0175426595026199,0.89479048372839,0.975811570180107,0.975811570180107,"social_isolation_avg"
"1603","ZC3H11B","Exc L4-5 RORB IL1RAPL2",0.0576163916284459,2.48594132883664,0.859117020832947,0.355337261401762,0.675692649316836,0.675692649316836,"social_isolation_avg"
"1604","SLC30A10","Exc L4-5 RORB IL1RAPL2",0.0407319910971382,2.77912493187086,0.180568469786222,0.671437789870516,0.884298267656223,0.884298267656223,"social_isolation_avg"
"1605","EPRS","Exc L4-5 RORB IL1RAPL2",0.0170063941111726,5.72099257420187,0.662757308816794,0.416759426302302,0.725422731083941,0.725422731083941,"social_isolation_avg"
"1606","BPNT1","Exc L4-5 RORB IL1RAPL2",0.0208563017516728,3.24338030856854,0.280008242451332,0.597405703327866,0.844756295482587,0.844756295482587,"social_isolation_avg"
"1607","IARS2","Exc L4-5 RORB IL1RAPL2",-0.0230102042634599,4.47263653045446,0.712928953837898,0.959854671082965,0.991776443401092,0.991776443401092,"social_isolation_avg"
"1608","RAB3GAP2","Exc L4-5 RORB IL1RAPL2",-0.0130954934243033,6.84895219907696,0.601562804421842,0.439090598565741,0.741796860981924,0.741796860981924,"social_isolation_avg"
"1609","MARK1","Exc L4-5 RORB IL1RAPL2",0.0266768785282971,7.70998661125927,2.78532072664713,0.0970245912108403,0.360531772456986,0.360531772456986,"social_isolation_avg"
"1610","C1orf115","Exc L4-5 RORB IL1RAPL2",-0.0392303203775985,5.24299454253807,1.66252126744621,0.199064545691699,0.513566985142166,0.513566985142166,"social_isolation_avg"
"1611","MARC2","Exc L4-5 RORB IL1RAPL2",-0.00342255460784942,5.13866156828039,0.0205279736747025,0.88624682534256,0.973780660163158,0.973780660163158,"social_isolation_avg"
"1612","MARC1","Exc L4-5 RORB IL1RAPL2",0.0386375485952013,3.82065205670495,1.22440210971215,0.552326306627591,0.818207630393494,0.818207630393494,"social_isolation_avg"
"1613","LINC02257","Exc L4-5 RORB IL1RAPL2",0.0447823311030482,-0.0393370055932351,0.12073756010203,0.8702996751106,0.967946330914757,0.967946330914757,"social_isolation_avg"
"1614","AL356108.1","Exc L4-5 RORB IL1RAPL2",-0.00799148319410203,2.19432716726846,0.0130321519474508,0.909250730108658,0.980001883473991,0.980001883473991,"social_isolation_avg"
"1615","AL513314.2","Exc L4-5 RORB IL1RAPL2",-0.0199871906392564,2.49887364044915,0.133037816141294,0.715769108215899,0.906943848411394,0.906943848411394,"social_isolation_avg"
"1616","TAF1A","Exc L4-5 RORB IL1RAPL2",-0.0241299847308012,2.59459590446105,0.300117991560762,0.774107638582189,0.934067127815,0.934067127815,"social_isolation_avg"
"1617","TAF1A-AS1","Exc L4-5 RORB IL1RAPL2",-0.0919513827502483,0.129725151107853,0.548677449299236,0.459909510315984,0.758207531993442,0.758207531993442,"social_isolation_avg"
"1618","MIA3","Exc L4-5 RORB IL1RAPL2",0.000284284992323932,5.94729332895535,0.000184308997581772,0.989184587869808,0.998787747693845,0.998787747693845,"social_isolation_avg"
"1619","AL592148.3","Exc L4-5 RORB IL1RAPL2",0.0367170105487692,0.803472653404698,0.146116251490259,0.702765796469336,0.900577828309942,0.900577828309942,"social_isolation_avg"
"1620","AIDA","Exc L4-5 RORB IL1RAPL2",0.0385236435185696,3.99138246662376,1.40100125719789,0.238255399638175,0.562257558032732,0.562257558032732,"social_isolation_avg"
"1621","BROX","Exc L4-5 RORB IL1RAPL2",-0.0194732331842736,4.47286140404128,0.413849421541034,0.520913589921878,0.801382716880384,0.801382716880384,"social_isolation_avg"
"1622","FAM177B","Exc L4-5 RORB IL1RAPL2",-0.0616844742767025,1.36950742800396,0.302008774559541,0.583367534997922,0.838363749787004,0.838363749787004,"social_isolation_avg"
"1623","AC093152.1","Exc L4-5 RORB IL1RAPL2",0.0876637066910284,3.76983826964552,4.56112901353685,0.0341780262016788,0.202404517609379,0.202404517609379,"social_isolation_avg"
"1624","DISP1","Exc L4-5 RORB IL1RAPL2",0.0431124907443209,0.906688293884224,0.283765885162167,0.594958865339689,0.843296700385411,0.843296700385411,"social_isolation_avg"
"1625","SUSD4","Exc L4-5 RORB IL1RAPL2",0.0975217497902549,6.43617138635246,4.57863714782837,0.033840153620539,0.201348914042207,0.201348914042207,"social_isolation_avg"
"1626","CAPN8","Exc L4-5 RORB IL1RAPL2",0.00396616896692218,1.07530575180441,0.000684955183996263,0.979151998571292,0.996876364716566,0.996876364716566,"social_isolation_avg"
"1627","CAPN2","Exc L4-5 RORB IL1RAPL2",0.0364572010217658,4.35024309789508,1.987972552031,0.160431860488562,0.462380995019662,0.462380995019662,"social_isolation_avg"
"1628","TP53BP2","Exc L4-5 RORB IL1RAPL2",-0.0400336205903941,2.47984948240133,0.561835160853881,0.454587207676235,0.753272785159389,0.753272785159389,"social_isolation_avg"
"1629","FBXO28","Exc L4-5 RORB IL1RAPL2",0.00725868086427347,6.34803129433697,0.165378410181319,0.684778309905494,0.890917736857058,0.890917736857058,"social_isolation_avg"
"1630","DEGS1","Exc L4-5 RORB IL1RAPL2",-0.0237088237619234,4.24970577270442,0.584223336999763,0.445751394978391,0.74696573688949,0.74696573688949,"social_isolation_avg"
"1631","AC092809.4","Exc L4-5 RORB IL1RAPL2",0.0107736271479663,1.15398358126091,0.0150414086320443,0.902538454212323,0.978262943641483,0.978262943641483,"social_isolation_avg"
"1632","NVL","Exc L4-5 RORB IL1RAPL2",0.0761848021160252,5.60750446680285,15.6804990102383,0.000111233602267615,0.0061057187991607,0.0061057187991607,"social_isolation_avg"
"1633","CNIH4","Exc L4-5 RORB IL1RAPL2",0.00985522218107674,4.33558690813259,0.169831613920121,0.680795436990352,0.888367618158239,0.888367618158239,"social_isolation_avg"
"1634","WDR26","Exc L4-5 RORB IL1RAPL2",0.00849088715000111,6.04471861967331,0.194764493821262,0.659557132717703,0.878535542110738,0.878535542110738,"social_isolation_avg"
"1635","CNIH3","Exc L4-5 RORB IL1RAPL2",-0.00431137779226788,7.32065448563258,0.020787054138856,0.885536203656092,0.973706837705749,0.973706837705749,"social_isolation_avg"
"1636","AL596330.1","Exc L4-5 RORB IL1RAPL2",0.309367189130308,-0.771623699771891,2.31684019743972,0.129890490556264,0.414934656730553,0.414934656730553,"social_isolation_avg"
"1637","AL391811.1","Exc L4-5 RORB IL1RAPL2",0.206858249118524,3.17437613718959,7.73824305651939,0.00603500320321672,0.0737904568809516,0.0737904568809516,"social_isolation_avg"
"1638","DNAH14","Exc L4-5 RORB IL1RAPL2",0.119543787179827,6.97661214456487,14.1639662023954,0.000232422257440637,0.00949414555187036,0.00949414555187036,"social_isolation_avg"
"1639","LBR","Exc L4-5 RORB IL1RAPL2",0.0309882359434703,3.68686434124848,1.04251719609083,0.308728784381554,0.638759686088942,0.638759686088942,"social_isolation_avg"
"1640","ENAH","Exc L4-5 RORB IL1RAPL2",-0.0102322266892612,5.95845688069284,0.209110409857921,0.648065987585477,0.871977551509163,0.871977551509163,"social_isolation_avg"
"1641","AC099066.2","Exc L4-5 RORB IL1RAPL2",0.019532665736334,1.56238869886901,0.0978900402985509,0.754770906022613,0.925272055070982,0.925272055070982,"social_isolation_avg"
"1642","SRP9","Exc L4-5 RORB IL1RAPL2",-0.0758919051830642,5.36038540684744,6.25334907139367,0.013369981421994,0.116376838100195,0.116376838100195,"social_isolation_avg"
"1643","EPHX1","Exc L4-5 RORB IL1RAPL2",-0.0222532553828093,2.17812695736656,0.137436879210015,0.711317172826015,0.904975073051627,0.904975073051627,"social_isolation_avg"
"1644","LEFTY1","Exc L4-5 RORB IL1RAPL2",0.0723864879155098,1.12947108481144,0.661718750060744,0.417124006605222,0.725471397093244,0.725471397093244,"social_isolation_avg"
"1645","AL117348.2","Exc L4-5 RORB IL1RAPL2",0.0728156740746508,3.11286382610998,2.82927930272022,0.0944480633876599,0.355572313884295,0.355572313884295,"social_isolation_avg"
"1646","SDE2","Exc L4-5 RORB IL1RAPL2",0.0191640372575599,2.90731791565845,0.209314727520951,0.785947186463293,0.938701345478599,0.938701345478599,"social_isolation_avg"
"1647","H3F3A","Exc L4-5 RORB IL1RAPL2",0.0572604768837793,2.94877103796248,1.6758067069293,0.19728805080037,0.511004409198329,0.511004409198329,"social_isolation_avg"
"1648","LINC01703","Exc L4-5 RORB IL1RAPL2",0.110811647645893,1.31314154351991,2.04983677315298,0.154110625546833,0.453628989728007,0.453628989728007,"social_isolation_avg"
"1649","ACBD3","Exc L4-5 RORB IL1RAPL2",0.0250355746086878,5.31059783765495,1.15795568612369,0.28345800282752,0.614684693790175,0.614684693790175,"social_isolation_avg"
"1650","LIN9","Exc L4-5 RORB IL1RAPL2",0.0238192651991347,3.98678945450107,0.417941634678943,0.518862530246657,0.799755100661717,0.799755100661717,"social_isolation_avg"
"1651","PARP1","Exc L4-5 RORB IL1RAPL2",-0.0814670426220455,5.06232224013573,9.46465811871194,0.00245217050773989,0.0424496964107469,0.0424496964107469,"social_isolation_avg"
"1652","STUM","Exc L4-5 RORB IL1RAPL2",0.000245759814965621,4.03166099377459,1.2914501294794e-05,0.997137001598093,0.999614128781137,0.999614128781137,"social_isolation_avg"
"1653","PSEN2","Exc L4-5 RORB IL1RAPL2",-0.0242600430812694,2.84939107227173,0.321514931860294,0.571467840073794,0.830344263710357,0.830344263710357,"social_isolation_avg"
"1654","COQ8A","Exc L4-5 RORB IL1RAPL2",-0.0492360009679894,5.40393611363583,4.3273932482828,0.0390464738057741,0.219488511847609,0.219488511847609,"social_isolation_avg"
"1655","CDC42BPA","Exc L4-5 RORB IL1RAPL2",0.0175014213970325,8.91094716205388,1.84171816996349,0.176599902109075,0.482952393105409,0.482952393105409,"social_isolation_avg"
"1656","AL451047.1","Exc L4-5 RORB IL1RAPL2",-0.110200777107034,-0.144204102900158,0.69684107028096,0.405052028570554,0.716775202157469,0.716775202157469,"social_isolation_avg"
"1657","ZNF678","Exc L4-5 RORB IL1RAPL2",-0.0156089788830405,4.09015901731588,0.216454272962001,0.642367311129348,0.868889526937839,0.868889526937839,"social_isolation_avg"
"1658","SNAP47","Exc L4-5 RORB IL1RAPL2",-0.0127836446612384,4.94755074074874,0.272744870030982,0.602195589994019,0.847600124527637,0.847600124527637,"social_isolation_avg"
"1659","JMJD4","Exc L4-5 RORB IL1RAPL2",-0.0135994002441602,2.50247809023271,0.0857982131761899,0.769955790269759,0.93177700720781,0.93177700720781,"social_isolation_avg"
"1660","WNT9A","Exc L4-5 RORB IL1RAPL2",0.0477256423444247,1.12805132441951,0.216586820912756,0.642265544270201,0.868889526937839,0.868889526937839,"social_isolation_avg"
"1661","ARF1","Exc L4-5 RORB IL1RAPL2",-0.0415494649581052,6.73861954603147,3.21351466204798,0.0748611546271775,0.313090519994467,0.313090519994467,"social_isolation_avg"
"1662","C1orf35","Exc L4-5 RORB IL1RAPL2",0.0299581601965775,4.35513183756083,1.02924709924942,0.31181824803593,0.640881075140314,0.640881075140314,"social_isolation_avg"
"1663","MRPL55","Exc L4-5 RORB IL1RAPL2",-0.059224969923957,3.61587921500495,1.67989245532897,0.196745485725698,0.510137034209601,0.510137034209601,"social_isolation_avg"
"1664","GUK1","Exc L4-5 RORB IL1RAPL2",-0.0632530729722335,5.86216296183065,5.86548458122983,0.0165219349075635,0.131959278339388,0.131959278339388,"social_isolation_avg"
"1665","GJC2","Exc L4-5 RORB IL1RAPL2",-0.136281841059404,0.764041063010184,1.83581285772386,0.177291339402402,0.483570626039043,0.483570626039043,"social_isolation_avg"
"1666","IBA57","Exc L4-5 RORB IL1RAPL2",-0.0220211889539367,2.30096655795838,0.187046740855523,0.665949749852151,0.882014422129642,0.882014422129642,"social_isolation_avg"
"1667","OBSCN","Exc L4-5 RORB IL1RAPL2",0.127805607780996,2.89187620336823,5.64567089299554,0.0186431890670401,0.142800796172397,0.142800796172397,"social_isolation_avg"
"1668","TRIM11","Exc L4-5 RORB IL1RAPL2",-0.0116487275543706,3.6919571547799,0.119737003509955,0.875066149531134,0.970500479269633,0.970500479269633,"social_isolation_avg"
"1669","TRIM17","Exc L4-5 RORB IL1RAPL2",-0.0820746846208358,2.00388201561295,1.97166309321563,0.162147556546005,0.464847563243478,0.464847563243478,"social_isolation_avg"
"1670","HIST3H2A","Exc L4-5 RORB IL1RAPL2",-0.217097652521041,2.70669061206412,17.681285072332,4.26922618494621e-05,0.0033241987096859,0.0033241987096859,"social_isolation_avg"
"1671","HIST3H2BB","Exc L4-5 RORB IL1RAPL2",-0.115774370460318,0.742726672947347,1.46256892196647,0.283100628753819,0.614507736823445,0.614507736823445,"social_isolation_avg"
"1672","RNF187","Exc L4-5 RORB IL1RAPL2",-0.124120572564635,5.65922809357446,10.60134808707,0.00137101211624086,0.0289519199234301,0.0289519199234301,"social_isolation_avg"
"1673","RAB4A","Exc L4-5 RORB IL1RAPL2",-0.0354779388269049,5.0909295991988,2.25493893787794,0.135096575719452,0.42327575909716,0.42327575909716,"social_isolation_avg"
"1674","AL117350.1","Exc L4-5 RORB IL1RAPL2",0.107030647057508,0.536531676960992,1.27518328647885,0.260432664665222,0.589551518681432,0.589551518681432,"social_isolation_avg"
"1675","CCSAP","Exc L4-5 RORB IL1RAPL2",-0.0704838398004818,6.2507797040387,9.14676290375733,0.0028896124619017,0.0468102374928443,0.0468102374928443,"social_isolation_avg"
"1676","ACTA1","Exc L4-5 RORB IL1RAPL2",-0.190702466421096,0.0334397401458261,2.23102663744325,0.137170336739986,0.427226327811897,0.427226327811897,"social_isolation_avg"
"1677","NUP133","Exc L4-5 RORB IL1RAPL2",0.0554101147716258,5.78318241717209,9.67060079308709,0.00220561341429651,0.0397302216126265,0.0397302216126265,"social_isolation_avg"
"1678","ABCB10","Exc L4-5 RORB IL1RAPL2",0.0409928461174824,4.90447278123506,2.88585129518547,0.0912421296182717,0.349479267641626,0.349479267641626,"social_isolation_avg"
"1679","TAF5L","Exc L4-5 RORB IL1RAPL2",-0.000674788460739601,3.60194475291607,0.000408359596882907,0.983901890648812,0.998121784353124,0.998121784353124,"social_isolation_avg"
"1680","URB2","Exc L4-5 RORB IL1RAPL2",-0.00521121114736973,2.8426017412654,0.0111846128066326,0.915903123951183,0.982314129660164,0.982314129660164,"social_isolation_avg"
"1681","GALNT2","Exc L4-5 RORB IL1RAPL2",-0.0390663251153293,5.51006625884842,3.06601526289388,0.0818002197073293,0.328890774122249,0.328890774122249,"social_isolation_avg"
"1682","AL136988.2","Exc L4-5 RORB IL1RAPL2",-0.056854696299035,-0.44511351352588,0.141889600150903,0.70689276905062,0.90273128623389,0.90273128623389,"social_isolation_avg"
"1683","PGBD5","Exc L4-5 RORB IL1RAPL2",5.70965167923743e-05,7.74812603379279,8.31650800654254e-06,0.997702512668509,0.999683089770736,0.999683089770736,"social_isolation_avg"
"1684","AL133516.1","Exc L4-5 RORB IL1RAPL2",0.0256728235117483,3.14787626754096,0.349735784859155,0.555070607585959,0.819994610097903,0.819994610097903,"social_isolation_avg"
"1685","COG2","Exc L4-5 RORB IL1RAPL2",-0.0533995493398853,4.77000676652251,4.5140037455644,0.0351052659278609,0.20507154573049,0.20507154573049,"social_isolation_avg"
"1686","CAPN9","Exc L4-5 RORB IL1RAPL2",0.238253559369293,-0.236285413041497,1.91055126168501,0.168766915559542,0.472715467720191,0.472715467720191,"social_isolation_avg"
"1687","C1orf198","Exc L4-5 RORB IL1RAPL2",0.028124178976534,2.892108476516,0.255884511521377,0.613635679042185,0.853491609577574,0.853491609577574,"social_isolation_avg"
"1688","TTC13","Exc L4-5 RORB IL1RAPL2",0.0341231189800618,5.86453487538466,3.34018417567104,0.0694102037780928,0.301841063131532,0.301841063131532,"social_isolation_avg"
"1689","ARV1","Exc L4-5 RORB IL1RAPL2",-0.0247008448771982,4.47505730886014,1.02925025604583,0.571246359190023,0.830164499689158,0.830164499689158,"social_isolation_avg"
"1690","TRIM67","Exc L4-5 RORB IL1RAPL2",0.266554728193203,0.372997131060261,3.25924092952614,0.0728417771128557,0.309230259087355,0.309230259087355,"social_isolation_avg"
"1691","C1orf131","Exc L4-5 RORB IL1RAPL2",0.0395502073996597,3.747762978865,0.89915027371974,0.344393887415931,0.66709247857502,0.66709247857502,"social_isolation_avg"
"1692","GNPAT","Exc L4-5 RORB IL1RAPL2",-0.0309826430443734,4.93397112525095,2.09419955742867,0.149752924204537,0.447016794774259,0.447016794774259,"social_isolation_avg"
"1693","EXOC8","Exc L4-5 RORB IL1RAPL2",-0.0340220582439704,3.09949169617222,0.671541077374254,0.679780296233635,0.888022851769995,0.888022851769995,"social_isolation_avg"
"1694","SPRTN","Exc L4-5 RORB IL1RAPL2",0.0292611430052733,3.06943132904049,0.535756400445922,0.465233244711956,0.761782086477156,0.761782086477156,"social_isolation_avg"
"1695","EGLN1","Exc L4-5 RORB IL1RAPL2",0.0243712500370649,5.74041378984546,1.47746617875162,0.225904573289049,0.547641310852286,0.547641310852286,"social_isolation_avg"
"1696","AL445524.1","Exc L4-5 RORB IL1RAPL2",-0.0477158947860096,0.208246994889268,0.150894799771805,0.698181577323801,0.89835386770103,0.89835386770103,"social_isolation_avg"
"1697","TSNAX-DISC1","Exc L4-5 RORB IL1RAPL2",0.155645467510089,1.8540690363612,6.8242061178644,0.00982159528663606,0.0973856090354214,0.0973856090354214,"social_isolation_avg"
"1698","DISC1","Exc L4-5 RORB IL1RAPL2",-0.433191931443845,-0.500612227223107,1.47752929671592,0.225894703649262,0.547641310852286,0.547641310852286,"social_isolation_avg"
"1699","AL353052.1","Exc L4-5 RORB IL1RAPL2",-0.0757428515890949,-0.398561103763848,0.133131436327701,0.715673499672357,0.906943848411394,0.906943848411394,"social_isolation_avg"
"1700","SIPA1L2","Exc L4-5 RORB IL1RAPL2",-0.0206084362842242,6.6686142319882,1.01257054340736,0.315758560891866,0.643800402008082,0.643800402008082,"social_isolation_avg"
"1701","MAP10","Exc L4-5 RORB IL1RAPL2",-0.000339566347097178,2.34289970398075,3.81529652447165e-05,0.995079099359722,0.9994589795957,0.9994589795957,"social_isolation_avg"
"1702","NTPCR","Exc L4-5 RORB IL1RAPL2",-0.046080655258358,5.13028415332101,2.80902358718682,0.0956258428238946,0.358134694810001,0.358134694810001,"social_isolation_avg"
"1703","PCNX2","Exc L4-5 RORB IL1RAPL2",0.0175852618446054,8.6595932804333,2.14477023522944,0.144955747379099,0.439709871762047,0.439709871762047,"social_isolation_avg"
"1704","MAP3K21","Exc L4-5 RORB IL1RAPL2",0.0547041435245813,5.71491482295176,8.1744143839315,0.00479622504908993,0.0638630359984734,0.0638630359984734,"social_isolation_avg"
"1705","KCNK1","Exc L4-5 RORB IL1RAPL2",-0.0425660382327747,6.9667707417572,2.60606953195157,0.108362611142903,0.380606824844044,0.380606824844044,"social_isolation_avg"
"1706","SLC35F3","Exc L4-5 RORB IL1RAPL2",-0.0189732772858961,8.47876992390877,0.364929761311409,0.546609236553624,0.815611895947664,0.815611895947664,"social_isolation_avg"
"1707","AL355472.3","Exc L4-5 RORB IL1RAPL2",0.0728273481268539,5.58892506046266,5.1826138585928,0.0240967654835053,0.165433563030989,0.165433563030989,"social_isolation_avg"
"1708","AL355472.4","Exc L4-5 RORB IL1RAPL2",0.16219889267656,3.17730583956312,12.4065028121732,0.000553244444206172,0.0159572227573552,0.0159572227573552,"social_isolation_avg"
"1709","AL355472.1","Exc L4-5 RORB IL1RAPL2",-0.170925962107381,1.77270077791835,4.51188452212895,0.0351475830972506,0.205192045597988,0.205192045597988,"social_isolation_avg"
"1710","COA6","Exc L4-5 RORB IL1RAPL2",-0.0440216047290705,4.53402312596951,1.49611447242731,0.223011098054062,0.544252932578474,0.544252932578474,"social_isolation_avg"
"1711","TARBP1","Exc L4-5 RORB IL1RAPL2",0.0211497204137354,7.51926443580691,0.90338811838343,0.343262492321228,0.666140473559996,0.666140473559996,"social_isolation_avg"
"1712","IRF2BP2","Exc L4-5 RORB IL1RAPL2",-0.00697254457183843,4.81997207023851,0.050706397987326,0.822116762697273,0.952966444096986,0.952966444096986,"social_isolation_avg"
"1713","AL160408.1","Exc L4-5 RORB IL1RAPL2",0.000206229233107046,1.19372508778625,1.02838203631492e-05,0.997445183466682,0.999683089770736,0.999683089770736,"social_isolation_avg"
"1714","LINC01132","Exc L4-5 RORB IL1RAPL2",-0.0521882734403928,0.366576968586681,0.19564159710705,0.744427200472214,0.920683308620455,0.920683308620455,"social_isolation_avg"
"1715","AL732292.2","Exc L4-5 RORB IL1RAPL2",-0.0785900934924223,0.787089301117098,0.526475847866184,0.469118291239225,0.764529473603563,0.764529473603563,"social_isolation_avg"
"1716","TOMM20","Exc L4-5 RORB IL1RAPL2",-0.0746805226878277,6.92330696232314,11.1485826296673,0.00103924588169169,0.0244093835893187,0.0244093835893187,"social_isolation_avg"
"1717","RBM34","Exc L4-5 RORB IL1RAPL2",0.0802006552539343,0.271082455316446,0.562458841268527,0.657263621939714,0.877427146840365,0.877427146840365,"social_isolation_avg"
"1718","ARID4B","Exc L4-5 RORB IL1RAPL2",0.0471319462821415,7.57353538728776,10.8818697624293,0.0011892294453245,0.0263845071045515,0.0263845071045515,"social_isolation_avg"
"1719","TBCE","Exc L4-5 RORB IL1RAPL2",0.0485557506242921,4.88455086838486,1.43085657864028,0.233337697557576,0.556251541123295,0.556251541123295,"social_isolation_avg"
"1720","TBCE-1","Exc L4-5 RORB IL1RAPL2",0.121340196289949,1.17318823504273,2.74118639905485,0.0996893942434599,0.365174981278513,0.365174981278513,"social_isolation_avg"
"1721","B3GALNT2","Exc L4-5 RORB IL1RAPL2",0.0190916671002775,5.38486554867598,0.531135398751493,0.467161196661711,0.762885829308901,0.762885829308901,"social_isolation_avg"
"1722","GNG4","Exc L4-5 RORB IL1RAPL2",-0.393152623392971,-0.45125596851651,1.41875948394887,0.235315248476051,0.558504743654711,0.558504743654711,"social_isolation_avg"
"1723","LYST","Exc L4-5 RORB IL1RAPL2",0.0396775658012837,7.32056358633299,11.2258120358976,0.000999536741800636,0.0237292781576033,0.0237292781576033,"social_isolation_avg"
"1724","GPR137B","Exc L4-5 RORB IL1RAPL2",0.00647969732542703,5.14775422170595,0.0305413795832579,0.861481368429389,0.965016220001923,0.965016220001923,"social_isolation_avg"
"1725","ERO1B","Exc L4-5 RORB IL1RAPL2",-0.019083983505174,5.70879108543824,0.391122442593404,0.532572456661156,0.80898912157165,0.80898912157165,"social_isolation_avg"
"1726","EDARADD","Exc L4-5 RORB IL1RAPL2",-0.104396136280393,1.9178362672406,2.14415630485907,0.1450129274243,0.439709871762047,0.439709871762047,"social_isolation_avg"
"1727","LGALS8","Exc L4-5 RORB IL1RAPL2",0.00759596672166701,5.64632190731225,0.120356299699712,0.72908964712024,0.912797274741088,0.912797274741088,"social_isolation_avg"
"1728","AL359921.1","Exc L4-5 RORB IL1RAPL2",0.083947733236875,2.32624371808006,2.35742851306355,0.126599447482659,0.409538970165627,0.409538970165627,"social_isolation_avg"
"1729","HEATR1","Exc L4-5 RORB IL1RAPL2",0.0217347958332592,4.84428242438275,0.930578427661172,0.336121840028263,0.660427312956927,0.660427312956927,"social_isolation_avg"
"1730","ACTN2","Exc L4-5 RORB IL1RAPL2",-0.0868493766649315,5.46945217258475,12.9734418853443,0.000417542951369978,0.0136212589359851,0.0136212589359851,"social_isolation_avg"
"1731","MTR","Exc L4-5 RORB IL1RAPL2",0.0605293119102469,6.54098261798529,9.64700759805489,0.00223251995421789,0.0400014299751483,0.0400014299751483,"social_isolation_avg"
"1732","RYR2","Exc L4-5 RORB IL1RAPL2",0.0600954920964547,11.0987812601618,17.2079663373236,5.34705986411861e-05,0.0038468334482505,0.0038468334482505,"social_isolation_avg"
"1733","CHRM3","Exc L4-5 RORB IL1RAPL2",0.0132768643317216,9.82192311631775,0.855677215752921,0.356299699483102,0.676466833074158,0.676466833074158,"social_isolation_avg"
"1734","CHRM3-AS2","Exc L4-5 RORB IL1RAPL2",-0.0321777120471422,3.58064105965004,0.297254652524399,0.586343551323057,0.839613304781711,0.839613304781711,"social_isolation_avg"
"1735","FMN2","Exc L4-5 RORB IL1RAPL2",0.0278931251258979,9.10111476580525,3.26257490871103,0.0726968659973337,0.308934674960471,0.308934674960471,"social_isolation_avg"
"1736","GREM2","Exc L4-5 RORB IL1RAPL2",-0.0322402116096328,5.08100476933156,0.386984146232482,0.534746054582659,0.809700884133067,0.809700884133067,"social_isolation_avg"
"1737","RGS7","Exc L4-5 RORB IL1RAPL2",0.0328119878451607,10.2396328887005,4.55293798663899,0.0343373178153198,0.203074779816776,0.203074779816776,"social_isolation_avg"
"1738","AL359764.1","Exc L4-5 RORB IL1RAPL2",-0.0697974113293486,1.81106432273336,1.2232102964345,0.270338616547401,0.599984827710558,0.599984827710558,"social_isolation_avg"
"1739","FH","Exc L4-5 RORB IL1RAPL2",-0.0474183820321634,3.45829050572555,1.57422051279792,0.767239697662552,0.930752216418103,0.930752216418103,"social_isolation_avg"
"1740","KMO","Exc L4-5 RORB IL1RAPL2",-0.113627503441409,1.6365661632648,1.36523967604546,0.244313864040007,0.569433680894428,0.569433680894428,"social_isolation_avg"
"1741","OPN3","Exc L4-5 RORB IL1RAPL2",-0.108033689924134,5.43202025313257,8.12507076799301,0.00492212458293973,0.0648733201929992,0.0648733201929992,"social_isolation_avg"
"1742","WDR64","Exc L4-5 RORB IL1RAPL2",-0.0764767433058789,0.474088230454347,0.180612747160245,0.671399888313482,0.884298267656223,0.884298267656223,"social_isolation_avg"
"1743","EXO1","Exc L4-5 RORB IL1RAPL2",0.142591339339377,0.470592357830404,1.74597146527523,0.188210031835087,0.497785933546016,0.497785933546016,"social_isolation_avg"
"1744","PLD5","Exc L4-5 RORB IL1RAPL2",-0.171899801575135,-0.876670632950317,0.264442551425478,0.607771178540205,0.850371651528547,0.850371651528547,"social_isolation_avg"
"1745","CEP170","Exc L4-5 RORB IL1RAPL2",0.0416358708057324,7.17463961770847,10.1858373524809,0.00169405348218818,0.03366931295849,0.03366931295849,"social_isolation_avg"
"1746","AL606534.1","Exc L4-5 RORB IL1RAPL2",0.00616833781714932,-0.285764301933949,0.000315345028700426,0.985853361448687,0.998305401080937,0.998305401080937,"social_isolation_avg"
"1747","SDCCAG8","Exc L4-5 RORB IL1RAPL2",0.0290345692965085,7.66942220769673,2.74475791055685,0.0994707791977831,0.36496867955611,0.36496867955611,"social_isolation_avg"
"1748","AKT3","Exc L4-5 RORB IL1RAPL2",0.0324400670246968,9.61715341557373,6.45582369698946,0.0119796534211309,0.109539457276281,0.109539457276281,"social_isolation_avg"
"1749","AL591885.1","Exc L4-5 RORB IL1RAPL2",0.0223444067976925,3.93498171097119,0.318988898857887,0.57298158463537,0.831616988731125,0.831616988731125,"social_isolation_avg"
"1750","ZBTB18","Exc L4-5 RORB IL1RAPL2",-0.0516255601264731,5.95668210389961,2.70521786263059,0.101920820565124,0.370248754562376,0.370248754562376,"social_isolation_avg"
"1751","AL590483.1","Exc L4-5 RORB IL1RAPL2",-0.129782087540764,0.7846313822259,1.73118534895015,0.210603860281922,0.528970921145986,0.528970921145986,"social_isolation_avg"
"1752","C1orf100","Exc L4-5 RORB IL1RAPL2",0.0682782246725303,-0.0928200279740288,0.253270477587111,0.61545154465046,0.854166518525118,0.854166518525118,"social_isolation_avg"
"1753","AL645465.1","Exc L4-5 RORB IL1RAPL2",0.156343025094609,4.02384498175458,13.815425555591,0.000275716088070362,0.0104966279725942,0.0104966279725942,"social_isolation_avg"
"1754","ADSS","Exc L4-5 RORB IL1RAPL2",0.028221478837672,5.05528658793472,1.34102037268976,0.248524555101864,0.574655936432573,0.574655936432573,"social_isolation_avg"
"1755","CATSPERE","Exc L4-5 RORB IL1RAPL2",0.0618659379329689,4.66376133384436,3.4361426696543,0.0655666488456118,0.291765419286882,0.291765419286882,"social_isolation_avg"
"1756","DESI2","Exc L4-5 RORB IL1RAPL2",0.031080416596052,4.40824654623819,1.5115438664289,0.28167747645686,0.612820843774927,0.612820843774927,"social_isolation_avg"
"1757","COX20","Exc L4-5 RORB IL1RAPL2",-0.0451691535662807,4.26629916962459,1.85879836263251,0.174617598748182,0.480503139312734,0.480503139312734,"social_isolation_avg"
"1758","HNRNPU","Exc L4-5 RORB IL1RAPL2",-0.0137894742082037,7.14626240849125,0.880685882338449,0.349383114005369,0.671134812192446,0.671134812192446,"social_isolation_avg"
"1759","AL356512.1","Exc L4-5 RORB IL1RAPL2",0.145055714430349,0.102645873012107,1.29718663697757,0.256375652674479,0.584655143335401,0.584655143335401,"social_isolation_avg"
"1760","EFCAB2","Exc L4-5 RORB IL1RAPL2",0.0133024552097252,6.34514607934728,0.17039088841436,0.680299566414818,0.888219610822166,0.888219610822166,"social_isolation_avg"
"1761","KIF26B","Exc L4-5 RORB IL1RAPL2",0.00615108383233737,4.26407347540969,0.0155433401364935,0.90093397399454,0.978205337360331,0.978205337360331,"social_isolation_avg"
"1762","KIF26B-AS1","Exc L4-5 RORB IL1RAPL2",0.170637988077151,-0.142251659952822,1.53216877738084,0.217542531540318,0.537352772751222,0.537352772751222,"social_isolation_avg"
"1763","SMYD3","Exc L4-5 RORB IL1RAPL2",0.0371211471385592,9.45602497864593,6.43195806335372,0.0121354162081257,0.110342261646414,0.110342261646414,"social_isolation_avg"
"1764","AC118555.1","Exc L4-5 RORB IL1RAPL2",-0.117734429450371,-0.280736506135175,0.757687848316492,0.433595353948287,0.738558860617384,0.738558860617384,"social_isolation_avg"
"1765","TFB2M","Exc L4-5 RORB IL1RAPL2",0.108888562808906,3.2786832806141,7.61438236317335,0.00644378899220965,0.0766624368963779,0.0766624368963779,"social_isolation_avg"
"1766","CNST","Exc L4-5 RORB IL1RAPL2",0.00343947969406136,6.35441115426371,0.0375153234431741,0.84665742693118,0.961618655079228,0.961618655079228,"social_isolation_avg"
"1767","AL591848.2","Exc L4-5 RORB IL1RAPL2",0.121716918091792,1.51842337491082,1.9204707851025,0.167671586134527,0.471281830729403,0.471281830729403,"social_isolation_avg"
"1768","SCCPDH","Exc L4-5 RORB IL1RAPL2",-0.0225563179285304,4.95027964394128,0.932940564275463,0.335511003481319,0.660102287290219,0.660102287290219,"social_isolation_avg"
"1769","AL591848.4","Exc L4-5 RORB IL1RAPL2",-0.0729379228426476,0.896269895217303,0.607616752561867,0.436801179341725,0.74029343614166,0.74029343614166,"social_isolation_avg"
"1770","AHCTF1","Exc L4-5 RORB IL1RAPL2",0.0259039500291916,6.46282543488356,1.89038139057036,0.171019714893034,0.476063617320208,0.476063617320208,"social_isolation_avg"
"1771","ZNF670-ZNF695","Exc L4-5 RORB IL1RAPL2",0.0626923256711263,3.401670581222,1.83957487535548,0.176850491668447,0.483248147805306,0.483248147805306,"social_isolation_avg"
"1772","ZNF669","Exc L4-5 RORB IL1RAPL2",-0.105615030423963,1.59611837939534,2.84973917295282,0.117945794433713,0.396597187929675,0.396597187929675,"social_isolation_avg"
"1773","ZNF124","Exc L4-5 RORB IL1RAPL2",0.0331236022427019,4.82373931629714,0.793084034947512,0.374463567449608,0.693202735516488,0.693202735516488,"social_isolation_avg"
"1774","AL390728.6","Exc L4-5 RORB IL1RAPL2",0.0702575003657537,3.0327952222339,1.65372617131923,0.200251013717476,0.514663057667531,0.514663057667531,"social_isolation_avg"
"1775","AL390728.5","Exc L4-5 RORB IL1RAPL2",-0.0531433773537409,0.0851155775944496,0.14014731066358,0.708614415468688,0.903483379722577,0.903483379722577,"social_isolation_avg"
"1776","ZNF496","Exc L4-5 RORB IL1RAPL2",0.0174508061645394,4.29067539229699,0.279113064679624,0.597991710828514,0.84500382080555,0.84500382080555,"social_isolation_avg"
"1777","NLRP3","Exc L4-5 RORB IL1RAPL2",0.124670008363717,1.1445397672123,1.57749716914016,0.210893907167765,0.529290836652245,0.529290836652245,"social_isolation_avg"
"1778","GCSAML","Exc L4-5 RORB IL1RAPL2",0.139342916262425,-0.138697284571351,0.789220354097076,0.375626893588403,0.694812440471813,0.694812440471813,"social_isolation_avg"
"1779","AL390860.1","Exc L4-5 RORB IL1RAPL2",0.108475622458456,2.95546149806716,0.753575506034907,0.386605120547402,0.702692374821721,0.702692374821721,"social_isolation_avg"
"1780","TRIM58","Exc L4-5 RORB IL1RAPL2",0.0378422837359196,1.29434102086791,0.0880171220189923,0.767085722907523,0.930744450630579,0.930744450630579,"social_isolation_avg"
"1781","OR2AJ1","Exc L4-5 RORB IL1RAPL2",-0.00579443626672597,0.0621224988198845,0.00117834391827185,0.972657799863026,0.995695809287521,0.995695809287521,"social_isolation_avg"
"1782","OR2L8","Exc L4-5 RORB IL1RAPL2",-0.0195347424104275,0.313613998497831,0.0129444296014753,0.909555344746207,0.980162699506947,0.980162699506947,"social_isolation_avg"
"1783","OR2L5","Exc L4-5 RORB IL1RAPL2",0.0752662632145157,3.26811091582069,0.501566195106812,0.479810240463678,0.772697111897821,0.772697111897821,"social_isolation_avg"
"1784","OR2L2","Exc L4-5 RORB IL1RAPL2",0.0108206337627628,3.10071313342543,0.0124290541193264,0.911366489130711,0.981200416319659,0.981200416319659,"social_isolation_avg"
"1785","OR2L3","Exc L4-5 RORB IL1RAPL2",0.0394430073654238,3.78501290516474,0.15546234944821,0.693877274041173,0.896045038365619,0.896045038365619,"social_isolation_avg"
"1786","OR2L13","Exc L4-5 RORB IL1RAPL2",-0.0579000525929824,1.92404112676683,0.281524613660958,0.596415778552735,0.844312667218399,0.844312667218399,"social_isolation_avg"
"1787","OR2M2","Exc L4-5 RORB IL1RAPL2",0.102493313151258,0.800918335889296,0.652686245822321,0.420315011456753,0.727176217651198,0.727176217651198,"social_isolation_avg"
"1788","OR2M3","Exc L4-5 RORB IL1RAPL2",0.165770649545675,1.77434663999685,2.03775629666545,0.155322250787435,0.45450391754867,0.45450391754867,"social_isolation_avg"
"1789","OR2M4","Exc L4-5 RORB IL1RAPL2",0.0517100946576231,2.53472527125876,0.184234348104692,0.668318197962451,0.883098002651187,0.883098002651187,"social_isolation_avg"
"1790","OR2T12","Exc L4-5 RORB IL1RAPL2",0.21427530216128,0.979245048774974,4.58363802301476,0.0337442951350034,0.200904911343423,0.200904911343423,"social_isolation_avg"
"1791","OR2T6","Exc L4-5 RORB IL1RAPL2",0.0747749541015161,0.852373617317783,0.243440125074336,0.622387330014885,0.858510656208475,0.858510656208475,"social_isolation_avg"
"1792","OR2G6","Exc L4-5 RORB IL1RAPL2",0.178959075250842,0.292451496541348,1.45596531599123,0.229297208439793,0.551358686174183,0.551358686174183,"social_isolation_avg"
"1793","OR2T10","Exc L4-5 RORB IL1RAPL2",0.137559736882064,-0.195190260844753,0.760679026360263,0.384381199431183,0.70127095925968,0.70127095925968,"social_isolation_avg"
"1794","OR2T11","Exc L4-5 RORB IL1RAPL2",0.166066486198362,0.0724355111932768,1.11748816074052,0.292002434213758,0.623502448383029,0.623502448383029,"social_isolation_avg"
"1795","OR14I1","Exc L4-5 RORB IL1RAPL2",-0.0127027109020028,1.69234937626117,0.0381458237124027,0.9200496005593,0.983295215328881,0.983295215328881,"social_isolation_avg"
"1796","LYPD8","Exc L4-5 RORB IL1RAPL2",0.0060735905440019,3.92326973271557,0.0237749769679299,0.877646947068007,0.971449507749723,0.971449507749723,"social_isolation_avg"
"1797","SH3BP5L","Exc L4-5 RORB IL1RAPL2",-0.104410168939211,3.73591096717468,8.30767738106612,0.00447250986428255,0.0613219993783262,0.0613219993783262,"social_isolation_avg"
"1798","ZNF672","Exc L4-5 RORB IL1RAPL2",-0.177462334450815,1.89907022779702,9.25377658226647,0.00273405351498774,0.0452589908635897,0.0452589908635897,"social_isolation_avg"
"1799","ZNF692","Exc L4-5 RORB IL1RAPL2",0.0395986705932334,4.83132748139125,1.65912564972248,0.19952162973834,0.514218237970458,0.514218237970458,"social_isolation_avg"
"1800","PGBD2","Exc L4-5 RORB IL1RAPL2",-0.0374534367047387,1.62915335699373,0.360272957255825,0.705986918699716,0.902281003773957,0.902281003773957,"social_isolation_avg"
"1801","FAM110C","Exc L4-5 RORB IL1RAPL2",-0.117163382503079,1.38327243458191,2.50929055757927,0.115088212632713,0.391722265015933,0.391722265015933,"social_isolation_avg"
"1802","SH3YL1","Exc L4-5 RORB IL1RAPL2",-0.000585391625230453,5.98942248009875,0.000798837857735781,0.977485911095438,0.996728775651856,0.996728775651856,"social_isolation_avg"
"1803","ACP1","Exc L4-5 RORB IL1RAPL2",-0.0158070065177475,4.533181172478,0.369233327119655,0.544256362106859,0.814254339165327,0.814254339165327,"social_isolation_avg"
"1804","LINC01865","Exc L4-5 RORB IL1RAPL2",0.0537969196579055,1.28775700471634,0.182306591049936,0.669954056451114,0.883801188338878,0.883801188338878,"social_isolation_avg"
"1805","AC105393.2","Exc L4-5 RORB IL1RAPL2",-0.438581269924744,-1.00625484543924,4.16225132314373,0.0429258115458834,0.231179628561003,0.231179628561003,"social_isolation_avg"
"1806","TMEM18","Exc L4-5 RORB IL1RAPL2",-0.0521374213217837,2.88625560202951,1.03877959141011,0.309594881470154,0.639223565287733,0.639223565287733,"social_isolation_avg"
"1807","AC092159.2","Exc L4-5 RORB IL1RAPL2",0.187772000845428,-0.233051264470426,1.31296746853968,0.253514235542789,0.581177110095225,0.581177110095225,"social_isolation_avg"
"1808","AC092159.1","Exc L4-5 RORB IL1RAPL2",-0.00809903423292203,1.04931540136739,0.00118466805469193,0.972584554729692,0.995695809287521,0.995695809287521,"social_isolation_avg"
"1809","LINC01115","Exc L4-5 RORB IL1RAPL2",0.0370200494331269,3.52299548292469,0.026068663448977,0.87192991840624,0.968747296145024,0.968747296145024,"social_isolation_avg"
"1810","AC116614.1","Exc L4-5 RORB IL1RAPL2",0.343906966340802,-0.185291243512256,2.98020704305133,0.0861569000693438,0.338000146425887,0.338000146425887,"social_isolation_avg"
"1811","SNTG2","Exc L4-5 RORB IL1RAPL2",0.265014170001061,5.18433670659609,3.16267895812679,0.0771776707363989,0.31890777637113,0.31890777637113,"social_isolation_avg"
"1812","TPO","Exc L4-5 RORB IL1RAPL2",0.0264742907367511,0.744050766302039,0.0578589781724565,0.810210555566795,0.949108093231757,0.949108093231757,"social_isolation_avg"
"1813","AC141930.1","Exc L4-5 RORB IL1RAPL2",-0.236107973970129,0.0153901236760938,1.63349271185627,0.203012476537044,0.51901081861335,0.51901081861335,"social_isolation_avg"
"1814","PXDN","Exc L4-5 RORB IL1RAPL2",-0.0702709767225712,3.3613033025523,0.481498186293048,0.488718486701325,0.779652160551042,0.779652160551042,"social_isolation_avg"
"1815","MYT1L","Exc L4-5 RORB IL1RAPL2",0.029991776318685,9.9472912482645,4.34001752689033,0.0387656176304033,0.218559073654607,0.218559073654607,"social_isolation_avg"
"1816","AC093390.2","Exc L4-5 RORB IL1RAPL2",-0.137781806196103,0.580407838656647,1.15849146447497,0.283347034776164,0.61464199221887,0.61464199221887,"social_isolation_avg"
"1817","MYT1L-AS1","Exc L4-5 RORB IL1RAPL2",-0.175571988953013,0.293283481554497,2.12941083355527,0.146394017094246,0.44247942451122,0.44247942451122,"social_isolation_avg"
"1818","AC018685.2","Exc L4-5 RORB IL1RAPL2",0.180074181985645,1.03308721088023,2.69648525526965,0.102470849480774,0.370859017411195,0.370859017411195,"social_isolation_avg"
"1819","AC011995.2","Exc L4-5 RORB IL1RAPL2",-0.161634963505432,1.26369535054651,3.32588754743151,0.126980421009178,0.410175308788802,0.410175308788802,"social_isolation_avg"
"1820","LINC01250","Exc L4-5 RORB IL1RAPL2",-0.00472856407428523,7.82847266276582,0.0275413945981705,0.868394385270157,0.967441402840039,0.967441402840039,"social_isolation_avg"
"1821","AC019118.2","Exc L4-5 RORB IL1RAPL2",-0.0144509278906767,4.26706902988828,0.221224962460281,0.638728138786136,0.86720544732868,0.86720544732868,"social_isolation_avg"
"1822","EIPR1","Exc L4-5 RORB IL1RAPL2",-0.0199758889072996,6.09039749796879,0.978425385011923,0.324033578675746,0.651418501068269,0.651418501068269,"social_isolation_avg"
"1823","TRAPPC12","Exc L4-5 RORB IL1RAPL2",0.0276662888116813,6.57328587552413,2.28169566343888,0.132817950877991,0.41909288950674,0.41909288950674,"social_isolation_avg"
"1824","TRAPPC12-AS1","Exc L4-5 RORB IL1RAPL2",-0.309452231294251,-0.1969378623353,2.91766175649281,0.089491954554469,0.345199110773519,0.345199110773519,"social_isolation_avg"
"1825","ADI1","Exc L4-5 RORB IL1RAPL2",-0.0383514357770869,3.80974006627458,0.863913082217751,0.354001316062535,0.674459661788262,0.674459661788262,"social_isolation_avg"
"1826","AC231981.1","Exc L4-5 RORB IL1RAPL2",-0.0132334590275642,1.39858204624637,0.0178937161700707,0.893749232149188,0.975474727711369,0.975474727711369,"social_isolation_avg"
"1827","AC108488.2","Exc L4-5 RORB IL1RAPL2",0.00399793228858078,3.54029677618539,0.0132533455090364,0.908487218886044,0.979734132789888,0.979734132789888,"social_isolation_avg"
"1828","RNASEH1","Exc L4-5 RORB IL1RAPL2",-0.0753552973507221,1.37087652855051,1.06460836036477,0.60299358983237,0.848018560518676,0.848018560518676,"social_isolation_avg"
"1829","RNASEH1-AS1","Exc L4-5 RORB IL1RAPL2",-0.127216043947944,2.2402711048874,5.65155774094467,0.0185828247996137,0.142539519854151,0.142539519854151,"social_isolation_avg"
"1830","RPS7","Exc L4-5 RORB IL1RAPL2",-0.0840537389701647,5.27686501880144,5.4187531991752,0.021133264211236,0.153204019977317,0.153204019977317,"social_isolation_avg"
"1831","COLEC11","Exc L4-5 RORB IL1RAPL2",-0.148973208081585,2.39949547989731,1.21522844949715,0.271901558143145,0.60101044177879,0.60101044177879,"social_isolation_avg"
"1832","ALLC","Exc L4-5 RORB IL1RAPL2",-0.441029806264281,1.54268864837081,4.40232561894259,0.037410414858222,0.213419659662242,0.213419659662242,"social_isolation_avg"
"1833","DCDC2C","Exc L4-5 RORB IL1RAPL2",-0.459775000381832,1.41837264868196,4.84906374046134,0.0290457443570701,0.184112070010091,0.184112070010091,"social_isolation_avg"
"1834","LINC00487","Exc L4-5 RORB IL1RAPL2",0.259729744735377,-0.364496184410034,2.3198467213918,0.129643443044686,0.414635494565333,0.414635494565333,"social_isolation_avg"
"1835","NRIR","Exc L4-5 RORB IL1RAPL2",0.0452818359687526,2.17893707196566,0.418316084974685,0.518675564145379,0.799718651186587,0.799718651186587,"social_isolation_avg"
"1836","CMPK2","Exc L4-5 RORB IL1RAPL2",0.0309469416218696,2.37477829263135,0.259510323248568,0.611136175937597,0.852117185969555,0.852117185969555,"social_isolation_avg"
"1837","RSAD2","Exc L4-5 RORB IL1RAPL2",0.0341495964019138,4.09412812978647,1.18385108340405,0.278157278062149,0.609004149295756,0.609004149295756,"social_isolation_avg"
"1838","AC017076.1","Exc L4-5 RORB IL1RAPL2",5.07616038859608e-05,1.85499377748792,4.4396548137296e-07,0.999469167143716,1,1,"social_isolation_avg"
"1839","RNF144A","Exc L4-5 RORB IL1RAPL2",0.0241911058351449,8.14756439881971,1.94112564337453,0.165417071772475,0.468888913599677,0.468888913599677,"social_isolation_avg"
"1840","AC068481.1","Exc L4-5 RORB IL1RAPL2",0.308357973054095,0.314392430301851,6.13251853550159,0.0142786059426682,0.12077134691159,0.12077134691159,"social_isolation_avg"
"1841","AC010904.2","Exc L4-5 RORB IL1RAPL2",-0.138905385974434,-0.0643028937405449,1.35788909486548,0.364775865056065,0.683832769516081,0.683832769516081,"social_isolation_avg"
"1842","AC007463.1","Exc L4-5 RORB IL1RAPL2",0.0535948510311685,-0.510346697925965,0.0649645846815948,0.799131452722334,0.943541448315508,0.943541448315508,"social_isolation_avg"
"1843","LINC00298","Exc L4-5 RORB IL1RAPL2",0.0628370001696847,3.77557953886301,0.690033579683123,0.407351175433858,0.718312356978941,0.718312356978941,"social_isolation_avg"
"1844","LINC00299","Exc L4-5 RORB IL1RAPL2",-0.057901273377727,5.86169602426297,0.515192615090006,0.473912789315774,0.768240566024996,0.768240566024996,"social_isolation_avg"
"1845","AC011747.2","Exc L4-5 RORB IL1RAPL2",-0.0106049164133733,2.03432750350433,0.0163911154125486,0.898282606957598,0.977255559309928,0.977255559309928,"social_isolation_avg"
"1846","ID2-AS1","Exc L4-5 RORB IL1RAPL2",-0.106144247220263,0.752572779788075,1.50543724016241,0.221581347856582,0.542930620928419,0.542930620928419,"social_isolation_avg"
"1847","ID2","Exc L4-5 RORB IL1RAPL2",-0.110485612428854,5.8951217209501,9.49903617105065,0.00240912643896866,0.0419879185244294,0.0419879185244294,"social_isolation_avg"
"1848","KIDINS220","Exc L4-5 RORB IL1RAPL2",-0.0191642554695112,7.6292146195637,2.15404420465847,0.144095098959869,0.438524507342096,0.438524507342096,"social_isolation_avg"
"1849","MBOAT2","Exc L4-5 RORB IL1RAPL2",0.00288246133145277,7.26287518799034,0.013631472923732,0.907196810564612,0.979320338732308,0.979320338732308,"social_isolation_avg"
"1850","ASAP2","Exc L4-5 RORB IL1RAPL2",0.00914320621297693,6.70572263580436,0.146841097305058,0.70206494443723,0.900045451161788,0.900045451161788,"social_isolation_avg"
"1851","ITGB1BP1","Exc L4-5 RORB IL1RAPL2",0.0219459395310924,6.11618268913328,0.900267579562946,0.344095104291555,0.666798798474038,0.666798798474038,"social_isolation_avg"
"1852","CPSF3","Exc L4-5 RORB IL1RAPL2",0.0156475209506019,3.93126955102426,0.309193741194411,0.578927264788002,0.835411616742373,0.835411616742373,"social_isolation_avg"
"1853","IAH1","Exc L4-5 RORB IL1RAPL2",0.0340750406637898,4.8329727595588,1.44028440182891,0.231810511647945,0.554148665936926,0.554148665936926,"social_isolation_avg"
"1854","ADAM17","Exc L4-5 RORB IL1RAPL2",0.0301158299442347,5.8964586391342,1.65622804570689,0.19991265844313,0.514263740063513,0.514263740063513,"social_isolation_avg"
"1855","AC080162.1","Exc L4-5 RORB IL1RAPL2",0.0740202592117615,1.39819383442212,0.923200188043859,0.338039493833415,0.661920424130384,0.661920424130384,"social_isolation_avg"
"1856","AC073195.1","Exc L4-5 RORB IL1RAPL2",-0.205536978320905,1.12411098468046,6.00044971277203,0.0153455520112473,0.125966676618139,0.125966676618139,"social_isolation_avg"
"1857","YWHAQ","Exc L4-5 RORB IL1RAPL2",-0.0842777783531846,6.25566720223851,22.8953682393638,3.7699431154429e-06,0.000692534890167913,0.000692534890167913,"social_isolation_avg"
"1858","TAF1B","Exc L4-5 RORB IL1RAPL2",0.0265378809293677,5.25953007627377,0.863937360303974,0.35399457098103,0.674459661788262,0.674459661788262,"social_isolation_avg"
"1859","AC010969.2","Exc L4-5 RORB IL1RAPL2",0.0236757374469159,2.11491153450881,0.181045455084096,0.671029777729062,0.884298267656223,0.884298267656223,"social_isolation_avg"
"1860","GRHL1","Exc L4-5 RORB IL1RAPL2",-0.00504634167804128,3.64082873807892,0.0175547105735096,0.894754564823283,0.975811570180107,0.975811570180107,"social_isolation_avg"
"1861","AC104794.2","Exc L4-5 RORB IL1RAPL2",-0.00443433590802577,2.53738989707333,0.00436883079377642,0.947380369460843,0.988740948001749,0.988740948001749,"social_isolation_avg"
"1862","KLF11","Exc L4-5 RORB IL1RAPL2",-0.0549298069835002,2.4009587913103,1.06655923145653,0.303232561738229,0.634324300790386,0.634324300790386,"social_isolation_avg"
"1863","CYS1","Exc L4-5 RORB IL1RAPL2",0.00493878654575214,2.62641814479662,0.0101429745983275,0.919900870507976,0.983247337638765,0.983247337638765,"social_isolation_avg"
"1864","HPCAL1","Exc L4-5 RORB IL1RAPL2",-0.23853283633989,3.6366758762014,12.2610631018053,0.00059481901681089,0.0167677210295693,0.0167677210295693,"social_isolation_avg"
"1865","ODC1","Exc L4-5 RORB IL1RAPL2",-0.131687226435125,3.00981083558889,10.0913748804988,0.00177779672672564,0.0347496816801402,0.0347496816801402,"social_isolation_avg"
"1866","NOL10","Exc L4-5 RORB IL1RAPL2",0.0424192352604938,6.18771773088938,6.46349312067487,0.011930039387564,0.109364474443846,0.109364474443846,"social_isolation_avg"
"1867","RN7SL832P","Exc L4-5 RORB IL1RAPL2",-0.242970810379375,0.582442253044665,5.51656167038886,0.020019864871049,0.148430980887585,0.148430980887585,"social_isolation_avg"
"1868","ATP6V1C2","Exc L4-5 RORB IL1RAPL2",-0.0489300485762072,0.967219409425928,0.245285422465882,0.621072230264335,0.857593342335207,0.857593342335207,"social_isolation_avg"
"1869","PDIA6","Exc L4-5 RORB IL1RAPL2",-0.0763475714668296,5.68864747395834,5.12208108478881,0.0249244502557917,0.168051811317986,0.168051811317986,"social_isolation_avg"
"1870","KCNF1","Exc L4-5 RORB IL1RAPL2",-0.15580268200939,4.44003332275161,13.6580029750472,0.000297885164708114,0.0110299123315895,0.0110299123315895,"social_isolation_avg"
"1871","AC062028.1","Exc L4-5 RORB IL1RAPL2",-0.00179540045163457,4.17005466978565,0.00211821888600143,0.963346587281777,0.992970265671771,0.992970265671771,"social_isolation_avg"
"1872","C2orf50","Exc L4-5 RORB IL1RAPL2",-0.102847565744178,2.33253612264572,3.23217225111147,0.0740299603893613,0.311825663518946,0.311825663518946,"social_isolation_avg"
"1873","PQLC3","Exc L4-5 RORB IL1RAPL2",0.0740104346616064,3.31869628673894,2.73003473893373,0.100375410097961,0.366641531749714,0.366641531749714,"social_isolation_avg"
"1874","ROCK2","Exc L4-5 RORB IL1RAPL2",-0.019451781829989,7.71003310975678,1.46046495302246,0.228582129188716,0.550358197828826,0.550358197828826,"social_isolation_avg"
"1875","AC099344.1","Exc L4-5 RORB IL1RAPL2",0.114172555157891,-0.297705905332894,0.656069416168248,0.419115540821509,0.726486796844882,0.726486796844882,"social_isolation_avg"
"1876","E2F6","Exc L4-5 RORB IL1RAPL2",0.0191927719878255,3.94942259600527,0.370745102293477,0.54343429297414,0.814022069506382,0.814022069506382,"social_isolation_avg"
"1877","GREB1","Exc L4-5 RORB IL1RAPL2",-0.0231553135574701,4.51581062043504,0.419376200729107,0.518146883277952,0.799538222959669,0.799538222959669,"social_isolation_avg"
"1878","NTSR2","Exc L4-5 RORB IL1RAPL2",-0.675286169586332,-0.178460988477938,19.7456435420667,1.61498755850103e-05,0.00188577812822452,0.00188577812822452,"social_isolation_avg"
"1879","LPIN1","Exc L4-5 RORB IL1RAPL2",-0.0119327310415488,6.48005196348184,0.490611521413289,0.484639366958972,0.776186004928958,0.776186004928958,"social_isolation_avg"
"1880","MIR3681HG","Exc L4-5 RORB IL1RAPL2",0.0141125772798459,5.94240199781093,0.101394762332405,0.75056420860693,0.923159308515774,0.923159308515774,"social_isolation_avg"
"1881","AC096559.1","Exc L4-5 RORB IL1RAPL2",0.0356419019750583,1.51853406818647,0.162245398274372,0.687618054768963,0.892592015249968,0.892592015249968,"social_isolation_avg"
"1882","TRIB2","Exc L4-5 RORB IL1RAPL2",-0.121799394246644,4.36155103202057,5.63555299625985,0.0187474174776259,0.143077751829123,0.143077751829123,"social_isolation_avg"
"1883","LINC00276","Exc L4-5 RORB IL1RAPL2",0.0827245371903989,4.22867062881221,2.57695697137985,0.110338730333843,0.383842455717344,0.383842455717344,"social_isolation_avg"
"1884","FAM84A","Exc L4-5 RORB IL1RAPL2",-0.35767812101283,2.00807563993248,5.01568902347558,0.0264522533058797,0.174399296609306,0.174399296609306,"social_isolation_avg"
"1885","AC068286.1","Exc L4-5 RORB IL1RAPL2",0.165606703314817,0.601406285992842,2.80397980787359,0.0959216186237735,0.358678429106943,0.358678429106943,"social_isolation_avg"
"1886","NBAS","Exc L4-5 RORB IL1RAPL2",0.024923530033397,7.55826064196123,2.01510585766772,0.157623511552294,0.457622428714973,0.457622428714973,"social_isolation_avg"
"1887","DDX1","Exc L4-5 RORB IL1RAPL2",-0.0222710373834045,5.77121461227492,1.34011524627619,0.397501010992952,0.711485822438525,0.711485822438525,"social_isolation_avg"
"1888","MYCNOS","Exc L4-5 RORB IL1RAPL2",-0.237529249583215,0.147357418289123,3.93029006211348,0.049080912310461,0.248970493787193,0.248970493787193,"social_isolation_avg"
"1889","MYCN","Exc L4-5 RORB IL1RAPL2",-0.0734675086120995,1.38920417652264,0.722263277965662,0.39663177247434,0.710998463112326,0.710998463112326,"social_isolation_avg"
"1890","FAM49A","Exc L4-5 RORB IL1RAPL2",-0.0186944839734308,7.89861702956948,1.22417349730245,0.270150775770892,0.599960008479699,0.599960008479699,"social_isolation_avg"
"1891","AC008164.1","Exc L4-5 RORB IL1RAPL2",0.361897363351289,-0.216089637231648,5.4481941540381,0.0207914721677919,0.152183924521002,0.152183924521002,"social_isolation_avg"
"1892","RAD51AP2","Exc L4-5 RORB IL1RAPL2",0.0314505472917277,2.62266467609964,0.296119129372086,0.587058943020332,0.839774518825062,0.839774518825062,"social_isolation_avg"
"1893","VSNL1","Exc L4-5 RORB IL1RAPL2",-0.0692777651155027,9.17134120483496,10.5092868804665,0.00143667884136715,0.0299047308663453,0.0299047308663453,"social_isolation_avg"
"1894","SMC6","Exc L4-5 RORB IL1RAPL2",0.0237703640569873,6.32678785182158,1.42576978596027,0.234166776304427,0.557387039181791,0.557387039181791,"social_isolation_avg"
"1895","GEN1","Exc L4-5 RORB IL1RAPL2",-0.00948611348091885,3.95065920858731,0.0306979561015809,0.861130381126967,0.965016220001923,0.965016220001923,"social_isolation_avg"
"1896","AC079148.1","Exc L4-5 RORB IL1RAPL2",0.0530572639949043,0.627244189027218,0.262272383205044,0.609246842212571,0.851543007832393,0.851543007832393,"social_isolation_avg"
"1897","RDH14","Exc L4-5 RORB IL1RAPL2",-0.0949089092995208,3.37640198062981,4.10715093222972,0.0443095363762085,0.235169912419142,0.235169912419142,"social_isolation_avg"
"1898","LINC01376","Exc L4-5 RORB IL1RAPL2",0.0336245126709929,4.56193918718544,0.525100009200336,0.469698699723558,0.764948278315496,0.764948278315496,"social_isolation_avg"
"1899","OSR1","Exc L4-5 RORB IL1RAPL2",-0.282842135286922,-0.563380782952384,2.21909385578994,0.138218622014814,0.429441841637925,0.429441841637925,"social_isolation_avg"
"1900","TTC32","Exc L4-5 RORB IL1RAPL2",0.0267578402787085,3.3708113516897,0.367951967290851,0.544954944715372,0.814462283488117,0.814462283488117,"social_isolation_avg"
"1901","WDR35","Exc L4-5 RORB IL1RAPL2",-0.0259469406292381,4.90005830542152,0.947169895020559,0.331862763197021,0.657092438515157,0.657092438515157,"social_isolation_avg"
"1902","AC079145.1","Exc L4-5 RORB IL1RAPL2",-0.0844720750176366,-0.185397946895497,0.341547024606609,0.55973438583215,0.823049548247337,0.823049548247337,"social_isolation_avg"
"1903","LAPTM4A","Exc L4-5 RORB IL1RAPL2",-0.116980710926256,4.03109363961873,9.22586962061296,0.00277377232782349,0.0455119211399118,0.0455119211399118,"social_isolation_avg"
"1904","AC098828.2","Exc L4-5 RORB IL1RAPL2",-0.262479186679229,-0.381961161078011,2.48637293282072,0.116747990101856,0.394391844441566,0.394391844441566,"social_isolation_avg"
"1905","SDC1","Exc L4-5 RORB IL1RAPL2",-0.0846791698169941,-0.138499913359649,0.356780812420887,0.551116888063768,0.817605140089085,0.817605140089085,"social_isolation_avg"
"1906","PUM2","Exc L4-5 RORB IL1RAPL2",0.0218012259636822,7.45475312039641,2.85075013706448,0.0932169910947982,0.353458655010957,0.353458655010957,"social_isolation_avg"
"1907","RHOB","Exc L4-5 RORB IL1RAPL2",-0.0577273270597146,5.24216627409661,2.44288758097833,0.119971204070469,0.398574271004843,0.398574271004843,"social_isolation_avg"
"1908","HS1BP3","Exc L4-5 RORB IL1RAPL2",0.0370771737856297,4.76243078213499,1.35634477986204,0.245850025047219,0.571605839754046,0.571605839754046,"social_isolation_avg"
"1909","GDF7","Exc L4-5 RORB IL1RAPL2",-0.0974151343444812,3.90292622986912,4.97153914323574,0.0271148242648481,0.177006867387309,0.177006867387309,"social_isolation_avg"
"1910","AC012065.4","Exc L4-5 RORB IL1RAPL2",0.153187506214936,0.0559545779579908,1.70856010304574,0.192987689060999,0.504981339333862,0.504981339333862,"social_isolation_avg"
"1911","LDAH","Exc L4-5 RORB IL1RAPL2",0.0059008200259886,5.68029209950469,0.0571148991994508,0.811411529465943,0.949809301473961,0.949809301473961,"social_isolation_avg"
"1912","APOB","Exc L4-5 RORB IL1RAPL2",-0.158414247579005,-0.117369798825572,1.38657482825599,0.240677018500596,0.5652041537855,0.5652041537855,"social_isolation_avg"
"1913","AC018742.1","Exc L4-5 RORB IL1RAPL2",0.0481111077056024,2.26552666819807,0.234756055877705,0.628660885231227,0.862159795673411,0.862159795673411,"social_isolation_avg"
"1914","LINC01830","Exc L4-5 RORB IL1RAPL2",-0.00186120060963959,4.49848615011518,0.000814869201420329,0.977261184279339,0.996715536610383,0.996715536610383,"social_isolation_avg"
"1915","AC096570.1","Exc L4-5 RORB IL1RAPL2",0.16645117678392,-0.319802856061449,0.938262821613757,0.334140158626416,0.658843887179077,0.658843887179077,"social_isolation_avg"
"1916","AC018467.1","Exc L4-5 RORB IL1RAPL2",0.0533312677706882,4.1717180631441,1.22407930383795,0.270169137875052,0.599960008479699,0.599960008479699,"social_isolation_avg"
"1917","AC012506.4","Exc L4-5 RORB IL1RAPL2",0.0571795387543314,0.410122809094566,0.240012132908744,0.624846934861547,0.860085032337795,0.860085032337795,"social_isolation_avg"
"1918","KLHL29","Exc L4-5 RORB IL1RAPL2",0.0405057603147664,7.74399713989725,3.00442107122109,0.084902417303264,0.335163496306084,0.335163496306084,"social_isolation_avg"
"1919","ATAD2B","Exc L4-5 RORB IL1RAPL2",0.0374732012705851,5.58382657490558,2.88827248927858,0.0911076088615729,0.349239681375572,0.349239681375572,"social_isolation_avg"
"1920","UBXN2A","Exc L4-5 RORB IL1RAPL2",0.0138124484236391,5.53387630006463,0.357595137558903,0.550663306575848,0.817281608358524,0.817281608358524,"social_isolation_avg"
"1921","MFSD2B","Exc L4-5 RORB IL1RAPL2",0.0880620744107297,1.49859546545251,1.49690478170843,0.222889464683455,0.544096447074655,0.544096447074655,"social_isolation_avg"
"1922","WDCP","Exc L4-5 RORB IL1RAPL2",-0.118915122941449,1.95754440883854,4.18674479642381,0.0423255140790927,0.229674752493945,0.229674752493945,"social_isolation_avg"
"1923","FKBP1B","Exc L4-5 RORB IL1RAPL2",-0.0696083007223928,3.56361792391557,3.65917056967885,0.0574902715166597,0.27209854957043,0.27209854957043,"social_isolation_avg"
"1924","SF3B6","Exc L4-5 RORB IL1RAPL2",-0.00349722056869069,3.89015907005713,0.0125301395237555,0.911008296948751,0.981152619857221,0.981152619857221,"social_isolation_avg"
"1925","FAM228B","Exc L4-5 RORB IL1RAPL2",0.0718023463637523,5.90348530656583,5.01411090658261,0.0264756412416424,0.174399296609306,0.174399296609306,"social_isolation_avg"
"1926","TP53I3","Exc L4-5 RORB IL1RAPL2",0.190714578614705,0.0738674697581164,1.76760798123071,0.185510288422404,0.493965319423858,0.493965319423858,"social_isolation_avg"
"1927","PFN4","Exc L4-5 RORB IL1RAPL2",0.109177410177243,0.688347409902841,1.46178167126499,0.228373388633859,0.550172254436116,0.550172254436116,"social_isolation_avg"
"1928","AC008073.3","Exc L4-5 RORB IL1RAPL2",0.0219789272620154,2.44364516921515,0.148464419844683,0.700502526838825,0.899494810173801,0.899494810173801,"social_isolation_avg"
"1929","FAM228A","Exc L4-5 RORB IL1RAPL2",-0.0492781546986309,1.49665042644395,0.518833588030224,0.47235700286183,0.766962846286234,0.766962846286234,"social_isolation_avg"
"1930","ITSN2","Exc L4-5 RORB IL1RAPL2",0.00366451877825075,7.39123561931434,0.059429990318531,0.807701443458759,0.947643722434191,0.947643722434191,"social_isolation_avg"
"1931","AC009228.1","Exc L4-5 RORB IL1RAPL2",-0.0409467150306438,2.92356104944477,0.616646512339876,0.43342028410932,0.738406734704885,0.738406734704885,"social_isolation_avg"
"1932","NCOA1","Exc L4-5 RORB IL1RAPL2",0.0118208023833733,8.54194783765748,0.65559887918783,0.419282058112474,0.726486796844882,0.726486796844882,"social_isolation_avg"
"1933","PTRHD1","Exc L4-5 RORB IL1RAPL2",-0.145252078110392,2.27215461540545,6.52570165129912,0.0115354020845975,0.107014346623144,0.107014346623144,"social_isolation_avg"
"1934","CENPO","Exc L4-5 RORB IL1RAPL2",0.0739901929379818,2.54929688870682,1.38835901803439,0.240375897704985,0.564637164553199,0.564637164553199,"social_isolation_avg"
"1935","ADCY3","Exc L4-5 RORB IL1RAPL2",0.0103681705987195,6.10711229658694,0.310311308785231,0.578242700368599,0.834803153797823,0.834803153797823,"social_isolation_avg"
"1936","DNAJC27","Exc L4-5 RORB IL1RAPL2",0.0332319515882599,4.53613766903592,1.61296296550043,0.443796042187614,0.745478064118594,0.745478064118594,"social_isolation_avg"
"1937","DNAJC27-AS1","Exc L4-5 RORB IL1RAPL2",0.0623924415409886,4.68608994527257,3.66595963359732,0.0572618278770651,0.271811240695494,0.271811240695494,"social_isolation_avg"
"1938","EFR3B","Exc L4-5 RORB IL1RAPL2",-0.00969496825825041,5.83053316333146,0.106026955317177,0.745125357677085,0.920785167671651,0.920785167671651,"social_isolation_avg"
"1939","POMC","Exc L4-5 RORB IL1RAPL2",-0.27803587650844,-0.256784851347538,1.73414529219121,0.189705129846083,0.500195357616674,0.500195357616674,"social_isolation_avg"
"1940","DNMT3A","Exc L4-5 RORB IL1RAPL2",0.0122707811260524,6.69351432731205,0.374224262894794,0.541551106902897,0.812842593882891,0.812842593882891,"social_isolation_avg"
"1941","AC012074.1","Exc L4-5 RORB IL1RAPL2",0.0437699113480181,2.67880983359072,0.601626099553061,0.439066566819666,0.741796860981924,0.741796860981924,"social_isolation_avg"
"1942","DTNB","Exc L4-5 RORB IL1RAPL2",0.0278757349523542,7.88306007632575,3.28455890875475,0.071749110557054,0.307068740989825,0.307068740989825,"social_isolation_avg"
"1943","AC104699.1","Exc L4-5 RORB IL1RAPL2",-0.023733420171006,0.599600602682507,0.0501918367353789,0.823006466619806,0.953227927203764,0.953227927203764,"social_isolation_avg"
"1944","ASXL2","Exc L4-5 RORB IL1RAPL2",0.0230143997536298,5.86673863666295,2.09390286913832,0.149781596673414,0.447016794774259,0.447016794774259,"social_isolation_avg"
"1945","KIF3C","Exc L4-5 RORB IL1RAPL2",-0.032674907479093,7.18253169568927,4.07566906043425,0.045121345587103,0.238009751840974,0.238009751840974,"social_isolation_avg"
"1946","RAB10","Exc L4-5 RORB IL1RAPL2",0.0211079386240067,6.86934183476365,2.67788517894626,0.103653341376623,0.372586956329437,0.372586956329437,"social_isolation_avg"
"1947","HADHA","Exc L4-5 RORB IL1RAPL2",0.0131367975490857,5.05202259444529,0.341808559899029,0.559584276061527,0.822985022916031,0.822985022916031,"social_isolation_avg"
"1948","HADHB","Exc L4-5 RORB IL1RAPL2",0.0455014642475647,5.2243475007052,5.17416444767414,0.0242105454240317,0.165853631414954,0.165853631414954,"social_isolation_avg"
"1949","ADGRF3","Exc L4-5 RORB IL1RAPL2",-0.0607435638738012,2.30260068818263,1.04447147926005,0.320119289321204,0.647320409666185,0.647320409666185,"social_isolation_avg"
"1950","SELENOI","Exc L4-5 RORB IL1RAPL2",-0.0138101989665144,5.64703987932051,0.346642493472074,0.556823608326334,0.821004580462381,0.821004580462381,"social_isolation_avg"
"1951","DRC1","Exc L4-5 RORB IL1RAPL2",0.122535641893185,3.0565270187952,8.14325330780778,0.00487534076487935,0.0645646037609663,0.0645646037609663,"social_isolation_avg"
"1952","OTOF","Exc L4-5 RORB IL1RAPL2",-0.0261003655491882,0.704941661256431,0.0648299884681823,0.799335156050835,0.943671335099386,0.943671335099386,"social_isolation_avg"
"1953","CIB4","Exc L4-5 RORB IL1RAPL2",0.00717580450696037,0.294705038052594,0.00306788616653325,0.955895846668817,0.990352027474875,0.990352027474875,"social_isolation_avg"
"1954","KCNK3","Exc L4-5 RORB IL1RAPL2",-0.123566834650037,2.43155623344222,4.6892983665556,0.0317845164028273,0.194932757012899,0.194932757012899,"social_isolation_avg"
"1955","CENPA","Exc L4-5 RORB IL1RAPL2",0.0415136796465183,2.53565673880267,0.808986260625851,0.369728539997967,0.687937231320831,0.687937231320831,"social_isolation_avg"
"1956","DPYSL5","Exc L4-5 RORB IL1RAPL2",0.0226349952338918,5.66150310427062,0.828653072770978,0.363987792469999,0.682964401162718,0.682964401162718,"social_isolation_avg"
"1957","AC013472.2","Exc L4-5 RORB IL1RAPL2",-9.91289673859392e-05,1.78772730625206,0.000110808857970676,0.991613854438357,0.998823476769455,0.998823476769455,"social_isolation_avg"
"1958","MAPRE3","Exc L4-5 RORB IL1RAPL2",-0.042893966774111,6.50214644002017,5.25543657692234,0.0231390503971887,0.161554971426276,0.161554971426276,"social_isolation_avg"
"1959","TMEM214","Exc L4-5 RORB IL1RAPL2",-0.0592501792572063,3.20313867861172,2.57183631908959,0.11069042889661,0.384782951525402,0.384782951525402,"social_isolation_avg"
"1960","AGBL5","Exc L4-5 RORB IL1RAPL2",-0.00606976062653075,3.36876739142245,0.0223655249924504,0.950945438803808,0.989392111770647,0.989392111770647,"social_isolation_avg"
"1961","AC013472.3","Exc L4-5 RORB IL1RAPL2",-0.0619750835540055,1.29178797694887,0.685446805625139,0.408911147022853,0.719453953209913,0.719453953209913,"social_isolation_avg"
"1962","AC013403.2","Exc L4-5 RORB IL1RAPL2",0.250379780087616,-0.0505453007178231,3.85335022441728,0.0513248820413491,0.255894095679675,0.255894095679675,"social_isolation_avg"
"1963","OST4","Exc L4-5 RORB IL1RAPL2",-0.115649709168535,3.12946324072244,5.76767395388288,0.0174329296549395,0.137151127651189,0.137151127651189,"social_isolation_avg"
"1964","EMILIN1","Exc L4-5 RORB IL1RAPL2",-0.190230106499447,1.26592720370559,5.41168053582763,0.021216245529274,0.153488272180997,0.153488272180997,"social_isolation_avg"
"1965","KHK","Exc L4-5 RORB IL1RAPL2",-0.0971518913371388,2.61911999298161,3.57487962432173,0.0604094282269459,0.280086566934701,0.280086566934701,"social_isolation_avg"
"1966","CGREF1","Exc L4-5 RORB IL1RAPL2",-0.0643098905518818,4.8497227960947,4.79280066042108,0.0299807482615301,0.187837940767192,0.187837940767192,"social_isolation_avg"
"1967","ABHD1","Exc L4-5 RORB IL1RAPL2",-0.0620425512598065,0.769502203295064,0.432616547533212,0.511622740596793,0.795105862409193,0.795105862409193,"social_isolation_avg"
"1968","PREB","Exc L4-5 RORB IL1RAPL2",-0.109740427631265,2.90042631809046,6.56805730981414,0.0112744756754261,0.105606115967692,0.105606115967692,"social_isolation_avg"
"1969","SLC5A6","Exc L4-5 RORB IL1RAPL2",-0.061392495993132,2.88362148617902,1.86023076245353,0.174452533965396,0.480315285561363,0.480315285561363,"social_isolation_avg"
"1970","ATRAID","Exc L4-5 RORB IL1RAPL2",-0.0999578755292646,2.44687776538966,3.92462802681169,0.0492424256005697,0.249522210709261,0.249522210709261,"social_isolation_avg"
"1971","CAD","Exc L4-5 RORB IL1RAPL2",-0.036299728251513,3.4800948985054,1.05766913890384,0.305249941817144,0.635939119731827,0.635939119731827,"social_isolation_avg"
"1972","SLC30A3","Exc L4-5 RORB IL1RAPL2",-0.0646008811461339,5.46465591118109,4.5525506104147,0.0343448705361071,0.203074779816776,0.203074779816776,"social_isolation_avg"
"1973","DNAJC5G","Exc L4-5 RORB IL1RAPL2",0.101519699226498,4.75779480826712,5.0320167128448,0.0262115435597843,0.173336638784741,0.173336638784741,"social_isolation_avg"
"1974","TRIM54","Exc L4-5 RORB IL1RAPL2",0.0293061662030039,4.78997486442753,0.357022413346741,0.550982242336911,0.817529407720882,0.817529407720882,"social_isolation_avg"
"1975","UCN","Exc L4-5 RORB IL1RAPL2",-0.0244879812671899,3.39059062244827,0.281747965053984,0.596270258302793,0.84421053257611,0.84421053257611,"social_isolation_avg"
"1976","MPV17","Exc L4-5 RORB IL1RAPL2",-0.0381447834831862,5.0411543605891,3.26414325369173,0.0726288059798036,0.308799235214574,0.308799235214574,"social_isolation_avg"
"1977","GTF3C2","Exc L4-5 RORB IL1RAPL2",0.10340439822139,4.75639620113912,21.4576731600253,7.29409918991328e-06,0.0010867059115933,0.0010867059115933,"social_isolation_avg"
"1978","AC074117.1","Exc L4-5 RORB IL1RAPL2",0.0324706487295441,1.20152027285837,0.17734176715435,0.674214762174311,0.885682527311585,0.885682527311585,"social_isolation_avg"
"1979","EIF2B4","Exc L4-5 RORB IL1RAPL2",-0.00551513314135419,3.27178841230872,0.0186350184810102,0.960562248178542,0.992103172911244,0.992103172911244,"social_isolation_avg"
"1980","SNX17","Exc L4-5 RORB IL1RAPL2",-0.116597666238641,3.76599046000208,9.84388858342433,0.00201790807747452,0.0376394365624336,0.0376394365624336,"social_isolation_avg"
"1981","ZNF513","Exc L4-5 RORB IL1RAPL2",-0.0150003931403409,2.63144581432767,0.105132160895961,0.746165589129931,0.921192686410507,0.921192686410507,"social_isolation_avg"
"1982","PPM1G","Exc L4-5 RORB IL1RAPL2",-0.0478800109746278,5.17973222615531,3.5610250408736,0.0609042784617703,0.280928779321101,0.280928779321101,"social_isolation_avg"
"1983","NRBP1","Exc L4-5 RORB IL1RAPL2",-0.0225400521993991,5.22633190696165,0.911723605648799,0.341051809140377,0.664452995027894,0.664452995027894,"social_isolation_avg"
"1984","KRTCAP3","Exc L4-5 RORB IL1RAPL2",0.127476551405011,0.51510003049359,1.54623811947988,0.313334689963424,0.642373438801511,0.642373438801511,"social_isolation_avg"
"1985","IFT172","Exc L4-5 RORB IL1RAPL2",0.0340299933264533,6.45949030308274,3.66554985328139,0.0572755888511672,0.271811240695494,0.271811240695494,"social_isolation_avg"
"1986","FNDC4","Exc L4-5 RORB IL1RAPL2",-0.078752842801747,4.30713274374916,4.71421400933184,0.0313401035619121,0.193470179280567,0.193470179280567,"social_isolation_avg"
"1987","GCKR","Exc L4-5 RORB IL1RAPL2",0.0665036805901419,1.50938454985637,0.878114811012374,0.350085650477957,0.671391392499816,0.671391392499816,"social_isolation_avg"
"1988","C2orf16","Exc L4-5 RORB IL1RAPL2",0.0152870730922478,1.45835010346543,0.0556762004997801,0.813757333440802,0.950908010501076,0.950908010501076,"social_isolation_avg"
"1989","ZNF512","Exc L4-5 RORB IL1RAPL2",-0.0416559143434562,4.9046651846365,3.81500070953063,0.121014488431442,0.400299848883095,0.400299848883095,"social_isolation_avg"
"1990","CCDC121","Exc L4-5 RORB IL1RAPL2",-0.0651252664158478,0.879695223385859,0.58090862830834,0.65685907661822,0.877404206755619,0.877404206755619,"social_isolation_avg"
"1991","GPN1","Exc L4-5 RORB IL1RAPL2",-0.0605371489943197,3.05100048438754,2.07683061569288,0.151442081744839,0.448987093183031,0.448987093183031,"social_isolation_avg"
"1992","SUPT7L","Exc L4-5 RORB IL1RAPL2",-0.0173517553089534,4.87666064612316,0.54000179486041,0.463473233723265,0.760454612464837,0.760454612464837,"social_isolation_avg"
"1993","SLC4A1AP","Exc L4-5 RORB IL1RAPL2",0.0238377288673471,5.05072256798615,1.17300656399195,0.280361661480382,0.611656214599681,0.611656214599681,"social_isolation_avg"
"1994","MRPL33","Exc L4-5 RORB IL1RAPL2",0.00724562718519875,5.43846807661407,0.0628758383712215,0.802318390542582,0.945011595334674,0.945011595334674,"social_isolation_avg"
"1995","RBKS","Exc L4-5 RORB IL1RAPL2",0.0822717067796627,4.21688175319448,5.58474357859684,0.0192800992358573,0.145443807637052,0.145443807637052,"social_isolation_avg"
"1996","BABAM2","Exc L4-5 RORB IL1RAPL2",0.0169607326954697,7.67109204426145,0.897766158484211,0.344764508472904,0.667290053362523,0.667290053362523,"social_isolation_avg"
"1997","AC104695.2","Exc L4-5 RORB IL1RAPL2",-0.196083223906336,0.748720463572821,3.08055616857777,0.0810860237384356,0.327057909860358,0.327057909860358,"social_isolation_avg"
"1998","FOSL2","Exc L4-5 RORB IL1RAPL2",0.0281291572213971,3.39689282206159,0.268023542801241,0.605352858648302,0.849001663218777,0.849001663218777,"social_isolation_avg"
"1999","AC104695.3","Exc L4-5 RORB IL1RAPL2",0.129964777572729,-0.150420934504713,1.16868499592166,0.281246293692585,0.612392737586175,0.612392737586175,"social_isolation_avg"
"2000","PLB1","Exc L4-5 RORB IL1RAPL2",0.114929362949725,2.53247198716216,5.16396839446924,0.0243485958353698,0.166168322443437,0.166168322443437,"social_isolation_avg"
"2001","PPP1CB","Exc L4-5 RORB IL1RAPL2",0.0107469977815437,5.01809778249968,0.231262531926147,0.63122517049292,0.86366997545798,0.86366997545798,"social_isolation_avg"
"2002","SPDYA","Exc L4-5 RORB IL1RAPL2",0.0712379954249017,2.91342720933029,2.25018749986118,0.135505804211248,0.423996249624778,0.423996249624778,"social_isolation_avg"
"2003","AC097724.1","Exc L4-5 RORB IL1RAPL2",0.121209440723413,0.237058377321703,1.21719664201029,0.27151510759705,0.600849503773878,0.600849503773878,"social_isolation_avg"
"2004","TRMT61B","Exc L4-5 RORB IL1RAPL2",0.0635660768200418,5.34814467763769,8.95128416564672,0.00319765398421018,0.0497556011802967,0.0497556011802967,"social_isolation_avg"
"2005","WDR43","Exc L4-5 RORB IL1RAPL2",0.0257483671379034,4.91265435123405,0.898409273158653,0.344592235844546,0.667215482441122,0.667215482441122,"social_isolation_avg"
"2006","TOGARAM2","Exc L4-5 RORB IL1RAPL2",-0.700720701320582,2.97422094689028,7.1874427548922,0.00808570067193731,0.0871238852014384,0.0871238852014384,"social_isolation_avg"
"2007","CLIP4","Exc L4-5 RORB IL1RAPL2",0.0266851504318982,6.07061150467954,2.30490453723959,0.13087648446563,0.416560696428967,0.416560696428967,"social_isolation_avg"
"2008","ALK","Exc L4-5 RORB IL1RAPL2",-0.251135326726662,1.11888684399157,0.69427899836395,0.405915093880754,0.717125033689968,0.717125033689968,"social_isolation_avg"
"2009","AC016907.2","Exc L4-5 RORB IL1RAPL2",0.0525469724388444,2.71450101356499,0.844135227412541,0.359555496328549,0.679567430429775,0.679567430429775,"social_isolation_avg"
"2010","YPEL5","Exc L4-5 RORB IL1RAPL2",-0.0836529939903647,5.66330079456933,11.4788031152442,0.00087998699418292,0.0218220628007012,0.0218220628007012,"social_isolation_avg"
"2011","LBH","Exc L4-5 RORB IL1RAPL2",-0.304466252032451,0.447943820110397,3.73001058998308,0.0551538439085017,0.266012205096294,0.266012205096294,"social_isolation_avg"
"2012","LCLAT1","Exc L4-5 RORB IL1RAPL2",0.0123598221190802,5.86435328461994,0.313139218638169,0.576517662941125,0.833839680515902,0.833839680515902,"social_isolation_avg"
"2013","GALNT14","Exc L4-5 RORB IL1RAPL2",-0.0306464756644323,5.15968739892933,0.578999271024091,0.447788956736682,0.748530333988406,0.748530333988406,"social_isolation_avg"
"2014","CAPN14","Exc L4-5 RORB IL1RAPL2",-0.0468752127027445,2.77865647663049,0.567701984160792,0.452245387257259,0.752456469600298,0.752456469600298,"social_isolation_avg"
"2015","EHD3","Exc L4-5 RORB IL1RAPL2",-0.0593875298519435,5.49864557008077,8.04350108449854,0.00513776325198733,0.0664013787505821,0.0664013787505821,"social_isolation_avg"
"2016","MEMO1","Exc L4-5 RORB IL1RAPL2",0.0169835325597045,4.19663210918499,0.277748195702445,0.598887510796857,0.845653782932554,0.845653782932554,"social_isolation_avg"
"2017","DPY30","Exc L4-5 RORB IL1RAPL2",-0.00851314259756666,5.20456300457111,0.120011960526701,0.729462099047427,0.912971548952048,0.912971548952048,"social_isolation_avg"
"2018","AL121655.1","Exc L4-5 RORB IL1RAPL2",-0.165614046228878,-0.131275464625875,1.94925207737099,0.16453965412922,0.468229026286506,0.468229026286506,"social_isolation_avg"
"2019","SPAST","Exc L4-5 RORB IL1RAPL2",0.0215968092113281,5.97245357081594,1.47388965908026,0.226464680050573,0.547965605648558,0.547965605648558,"social_isolation_avg"
"2020","SLC30A6","Exc L4-5 RORB IL1RAPL2",0.0385198761330437,5.2643644631512,2.98787032274152,0.0857577054254895,0.337203147206086,0.337203147206086,"social_isolation_avg"
"2021","NLRC4","Exc L4-5 RORB IL1RAPL2",0.108595276979665,1.42957264224625,2.10796007907267,0.711220938787008,0.904975073051627,0.904975073051627,"social_isolation_avg"
"2022","YIPF4","Exc L4-5 RORB IL1RAPL2",0.0172264189590245,6.32225733719233,0.992648476467241,0.320552174995853,0.647693822887775,0.647693822887775,"social_isolation_avg"
"2023","AL133245.1","Exc L4-5 RORB IL1RAPL2",0.154515581791037,0.803353839105847,4.05258988773898,0.0457265182035051,0.239994851700246,0.239994851700246,"social_isolation_avg"
"2024","BIRC6","Exc L4-5 RORB IL1RAPL2",0.0273298039376688,8.15625569140147,3.02707274193006,0.0837469023618865,0.332754124231259,0.332754124231259,"social_isolation_avg"
"2025","TTC27","Exc L4-5 RORB IL1RAPL2",-0.0178031109785048,4.97019955560998,0.385080554758894,0.535751320369599,0.810243044737686,0.810243044737686,"social_isolation_avg"
"2026","LINC00486","Exc L4-5 RORB IL1RAPL2",-0.00127670498037244,7.42718002180241,0.000565063516440055,0.981063892371205,0.99719097005402,0.99719097005402,"social_isolation_avg"
"2027","LTBP1","Exc L4-5 RORB IL1RAPL2",0.0614920390612981,5.18019418367297,0.855832492111479,0.356256176650673,0.676466833074158,0.676466833074158,"social_isolation_avg"
"2028","RASGRP3","Exc L4-5 RORB IL1RAPL2",-0.0570316476502455,1.19286822859889,0.0555331759009718,0.813992276677869,0.950947633182388,0.950947633182388,"social_isolation_avg"
"2029","AC020594.1","Exc L4-5 RORB IL1RAPL2",0.082667261516501,2.88648246359515,2.18136394638922,0.141593267470921,0.435269896639692,0.435269896639692,"social_isolation_avg"
"2030","FAM98A","Exc L4-5 RORB IL1RAPL2",-0.0718433931194659,4.90922065939907,7.11304766884316,0.00841338876615432,0.0890322868257304,0.0890322868257304,"social_isolation_avg"
"2031","LINC01317","Exc L4-5 RORB IL1RAPL2",0.0530372423100741,5.30037130600219,0.115393767157121,0.734516272551256,0.91516949422438,0.91516949422438,"social_isolation_avg"
"2032","AC068599.1","Exc L4-5 RORB IL1RAPL2",0.104279288071098,4.18373134755921,0.661035921895431,0.417363969011658,0.72561667199055,0.72561667199055,"social_isolation_avg"
"2033","LINC01320","Exc L4-5 RORB IL1RAPL2",0.0775173121431108,1.69702218421328,0.324840712223736,0.569486791961035,0.829312675340163,0.829312675340163,"social_isolation_avg"
"2034","AC073218.2","Exc L4-5 RORB IL1RAPL2",-0.160039964026274,-0.140342898781047,1.06633776023094,0.303282607996411,0.634358857605582,0.634358857605582,"social_isolation_avg"
"2035","AC012593.1","Exc L4-5 RORB IL1RAPL2",0.0394982441945904,-0.0805648842154226,0.0126022642725243,0.910753619284385,0.981007015284063,0.981007015284063,"social_isolation_avg"
"2036","AC009414.2","Exc L4-5 RORB IL1RAPL2",-0.0553935940077793,3.56813615462099,1.68864932322723,0.195588543288752,0.508544131538563,0.508544131538563,"social_isolation_avg"
"2037","CRIM1","Exc L4-5 RORB IL1RAPL2",0.00140588516943002,7.51402872122682,0.0048702037170865,0.944447672548847,0.988051457597129,0.988051457597129,"social_isolation_avg"
"2038","FEZ2","Exc L4-5 RORB IL1RAPL2",-0.0111668967624477,6.60349088582084,0.3180761994267,0.573530473333991,0.831616988731125,0.831616988731125,"social_isolation_avg"
"2039","VIT","Exc L4-5 RORB IL1RAPL2",-0.10124609532503,0.216885616947863,0.80614891164673,0.431888840378076,0.737125090095037,0.737125090095037,"social_isolation_avg"
"2040","STRN","Exc L4-5 RORB IL1RAPL2",0.03874716904674,5.90229107565267,5.08471718829606,0.0254501720914426,0.170067192050522,0.170067192050522,"social_isolation_avg"
"2041","HEATR5B","Exc L4-5 RORB IL1RAPL2",-0.000110286748219919,6.35080268613521,5.19809547047415e-05,0.994256170146473,0.999452588532504,0.999452588532504,"social_isolation_avg"
"2042","GPATCH11","Exc L4-5 RORB IL1RAPL2",-0.0678833900821864,4.39912542863505,5.48303425853039,0.0203944510029691,0.149915853701313,0.149915853701313,"social_isolation_avg"
"2043","EIF2AK2","Exc L4-5 RORB IL1RAPL2",-0.0307616678194612,6.49693860457056,2.04522609988867,0.154571778146361,0.453856706130866,0.453856706130866,"social_isolation_avg"
"2044","SULT6B1","Exc L4-5 RORB IL1RAPL2",0.237727355879862,-0.605336663716458,2.0683177756489,0.152277900522807,0.450195336842504,0.450195336842504,"social_isolation_avg"
"2045","CEBPZOS","Exc L4-5 RORB IL1RAPL2",-0.0160242356937051,4.99027586618628,0.341422577030537,0.559805840376536,0.823049548247337,0.823049548247337,"social_isolation_avg"
"2046","CEBPZ","Exc L4-5 RORB IL1RAPL2",-0.0379359238191532,4.55401412871397,1.24553179838445,0.266027356854401,0.596316031162436,0.596316031162436,"social_isolation_avg"
"2047","NDUFAF7","Exc L4-5 RORB IL1RAPL2",0.0740784893720433,5.41091073155347,16.2497146062692,8.45686390093883e-05,0.00513070681311911,0.00513070681311911,"social_isolation_avg"
"2048","PRKD3","Exc L4-5 RORB IL1RAPL2",0.0464139760450208,2.75032974530927,0.581443148146927,0.44683395877086,0.747660862769928,0.747660862769928,"social_isolation_avg"
"2049","QPCT","Exc L4-5 RORB IL1RAPL2",-0.0635916641407282,4.22301046172428,2.39213749304441,0.123859197918373,0.405386591214936,0.405386591214936,"social_isolation_avg"
"2050","AC006369.1","Exc L4-5 RORB IL1RAPL2",-0.133216733639595,-0.0884701697970803,0.913522710359014,0.340577195850718,0.664130796938207,0.664130796938207,"social_isolation_avg"
"2051","CDC42EP3","Exc L4-5 RORB IL1RAPL2",-0.015875894819882,4.50680199206645,0.0862937131519477,0.769311414345568,0.931414209804997,0.931414209804997,"social_isolation_avg"
"2052","RMDN2","Exc L4-5 RORB IL1RAPL2",-0.0387922510552149,5.39971966050554,1.37917286702473,0.241931206246789,0.566321953902697,0.566321953902697,"social_isolation_avg"
"2053","RMDN2-AS1","Exc L4-5 RORB IL1RAPL2",0.0900290100738771,2.53415260180959,1.62325584726223,0.204426801843958,0.521147873577139,0.521147873577139,"social_isolation_avg"
"2054","CYP1B1","Exc L4-5 RORB IL1RAPL2",-0.0266675761294193,0.843929344294299,0.0443405982998584,0.83348055647108,0.956592289622129,0.956592289622129,"social_isolation_avg"
"2055","CYP1B1-AS1","Exc L4-5 RORB IL1RAPL2",0.0174326257366695,4.14622888567313,0.0434151586076356,0.835202030328567,0.956824497333631,0.956824497333631,"social_isolation_avg"
"2056","AC009229.2","Exc L4-5 RORB IL1RAPL2",0.21901573814304,-0.0885764470597355,2.95578876843857,0.0874424903863283,0.340831025080322,0.340831025080322,"social_isolation_avg"
"2057","ATL2","Exc L4-5 RORB IL1RAPL2",0.0304351366958529,6.03800476212781,2.0043261715816,0.158732422275786,0.459372309862367,0.459372309862367,"social_isolation_avg"
"2058","AC011247.1","Exc L4-5 RORB IL1RAPL2",-0.0392613211819287,5.47298854954322,0.943283886578063,0.33285378317118,0.657716341300692,0.657716341300692,"social_isolation_avg"
"2059","HNRNPLL","Exc L4-5 RORB IL1RAPL2",0.0179956070494745,6.0335606900389,0.606527078762968,0.437211904385428,0.740466026036222,0.740466026036222,"social_isolation_avg"
"2060","GALM","Exc L4-5 RORB IL1RAPL2",0.0248586004602629,2.33089864279155,0.0960128643910971,0.757058150474378,0.926328023011811,0.926328023011811,"social_isolation_avg"
"2061","SRSF7","Exc L4-5 RORB IL1RAPL2",-0.00626312458628451,6.06137364909377,0.0445115838374024,0.833164554564064,0.956474321257097,0.956474321257097,"social_isolation_avg"
"2062","GEMIN6","Exc L4-5 RORB IL1RAPL2",-0.116136519325989,2.29218569196777,5.37674642564446,0.0216311437539611,0.155207762976374,0.155207762976374,"social_isolation_avg"
"2063","DHX57","Exc L4-5 RORB IL1RAPL2",0.0502759799241107,5.84511083315937,7.91210030521441,0.00550582338329006,0.0695224417573479,0.0695224417573479,"social_isolation_avg"
"2064","MORN2","Exc L4-5 RORB IL1RAPL2",-0.0528309331038834,2.19109445922969,1.00988498150912,0.316399214597969,0.644443498489681,0.644443498489681,"social_isolation_avg"
"2065","ARHGEF33","Exc L4-5 RORB IL1RAPL2",-0.00809324212052282,3.90534908295759,0.0700884696753794,0.791537841717337,0.941101388911257,0.941101388911257,"social_isolation_avg"
"2066","AC019171.1","Exc L4-5 RORB IL1RAPL2",-0.201876850087735,0.439401056561471,3.21628479747567,0.0747371084938217,0.312921480349439,0.312921480349439,"social_isolation_avg"
"2067","SOS1","Exc L4-5 RORB IL1RAPL2",0.062433687807663,7.94635622234769,20.6792283572437,1.04567348452249e-05,0.00138357958046504,0.00138357958046504,"social_isolation_avg"
"2068","CDKL4","Exc L4-5 RORB IL1RAPL2",0.0552474342314705,2.57115784773114,0.755160305809023,0.386107370702382,0.702394667799566,0.702394667799566,"social_isolation_avg"
"2069","MAP4K3","Exc L4-5 RORB IL1RAPL2",0.0212726564373719,7.63102705236546,1.82360041801659,0.178731276918456,0.485242280668987,0.485242280668987,"social_isolation_avg"
"2070","AC007388.1","Exc L4-5 RORB IL1RAPL2",-0.0101373642086192,7.68814443055622,0.328737880806414,0.567182429882353,0.827741250704845,0.827741250704845,"social_isolation_avg"
"2071","TMEM178A","Exc L4-5 RORB IL1RAPL2",-0.0501252389922237,7.08273901451123,5.29434604458233,0.0226437613135393,0.159331575981211,0.159331575981211,"social_isolation_avg"
"2072","THUMPD2","Exc L4-5 RORB IL1RAPL2",0.00899444811490118,5.94597638794382,0.221748763661358,0.638331502916543,0.867201085917667,0.867201085917667,"social_isolation_avg"
"2073","SLC8A1-AS1","Exc L4-5 RORB IL1RAPL2",-0.00554297944722711,5.24892400674115,0.0230141709623149,0.879605222323116,0.971925353807622,0.971925353807622,"social_isolation_avg"
"2074","SLC8A1","Exc L4-5 RORB IL1RAPL2",0.0305060416714173,10.3509387206801,2.51584850782991,0.114618108130533,0.390869765793063,0.390869765793063,"social_isolation_avg"
"2075","LINC01794","Exc L4-5 RORB IL1RAPL2",0.138107451094784,-0.0766178917282106,0.810843344547688,0.369181067203725,0.687398935997887,0.687398935997887,"social_isolation_avg"
"2076","AC013480.1","Exc L4-5 RORB IL1RAPL2",0.0487357550151827,0.469200266108621,0.201205888965545,0.779195143729421,0.936318841604764,0.936318841604764,"social_isolation_avg"
"2077","PKDCC","Exc L4-5 RORB IL1RAPL2",-0.0240398809217745,5.03059560539194,0.406674537811218,0.524544603069869,0.804287555485008,0.804287555485008,"social_isolation_avg"
"2078","EML4","Exc L4-5 RORB IL1RAPL2",0.0469171658817372,6.07291072631192,3.84348290898126,0.0516204932347216,0.256826545488869,0.256826545488869,"social_isolation_avg"
"2079","COX7A2L","Exc L4-5 RORB IL1RAPL2",-0.0798814246131715,5.58697215048561,8.49609113498004,0.00405273966424673,0.0575257968396192,0.0575257968396192,"social_isolation_avg"
"2080","KCNG3","Exc L4-5 RORB IL1RAPL2",-0.106500240229387,0.108041082741786,0.131910325129645,0.716923552924644,0.907543105011121,0.907543105011121,"social_isolation_avg"
"2081","MTA3","Exc L4-5 RORB IL1RAPL2",0.00127737075828847,6.53470696954168,0.00417293963656868,0.948571898804058,0.988777296985623,0.988777296985623,"social_isolation_avg"
"2082","HAAO","Exc L4-5 RORB IL1RAPL2",0.113935263511302,1.2560182749994,1.94553824459088,0.16493997247417,0.468452299487206,0.468452299487206,"social_isolation_avg"
"2083","AC016735.1","Exc L4-5 RORB IL1RAPL2",0.192858652940494,-0.299656832068456,1.47536455384437,0.226233498450223,0.547736919280445,0.547736919280445,"social_isolation_avg"
"2084","THADA","Exc L4-5 RORB IL1RAPL2",-0.00698231214299045,6.3575786319516,0.115557150478104,0.73433555594448,0.915097907925006,0.915097907925006,"social_isolation_avg"
"2085","PLEKHH2","Exc L4-5 RORB IL1RAPL2",-0.00700891646100808,2.01570797875479,0.00327115134560505,0.954459751890264,0.989932191279706,0.989932191279706,"social_isolation_avg"
"2086","DYNC2LI1","Exc L4-5 RORB IL1RAPL2",0.0624175724561158,5.94398273891629,6.85705924195715,0.00964981554844569,0.0966947005744643,0.0966947005744643,"social_isolation_avg"
"2087","ABCG5","Exc L4-5 RORB IL1RAPL2",-0.0130640150397552,1.40844930166406,0.0302251636195656,0.862193047683701,0.965413342124707,0.965413342124707,"social_isolation_avg"
"2088","ABCG8","Exc L4-5 RORB IL1RAPL2",-0.0310264158740236,2.49284578795977,0.320117956815351,0.579466227569261,0.835867995108484,0.835867995108484,"social_isolation_avg"
"2089","LRPPRC","Exc L4-5 RORB IL1RAPL2",0.0107129110614678,6.39228681086167,0.354832674673854,0.552204865766474,0.818207630393494,0.818207630393494,"social_isolation_avg"
"2090","PPM1B","Exc L4-5 RORB IL1RAPL2",-0.00477245586390478,6.63489061023593,0.0723003293334354,0.78835179759827,0.939675214965154,0.939675214965154,"social_isolation_avg"
"2091","SLC3A1","Exc L4-5 RORB IL1RAPL2",0.00520156216247581,2.51487621477295,0.00633825150338463,0.936641248895955,0.987418602092732,0.987418602092732,"social_isolation_avg"
"2092","PREPL","Exc L4-5 RORB IL1RAPL2",-0.0116603952559748,8.52621957573532,0.450067557118683,0.503239199096441,0.788945967860118,0.788945967860118,"social_isolation_avg"
"2093","CAMKMT","Exc L4-5 RORB IL1RAPL2",-0.00178355730075666,6.23606056335441,0.00261057107824897,0.959312508170674,0.991734018385671,0.991734018385671,"social_isolation_avg"
"2094","SRBD1","Exc L4-5 RORB IL1RAPL2",0.00957233814528056,4.66088739660582,0.10522888274835,0.746052910992014,0.921150951654995,0.921150951654995,"social_isolation_avg"
"2095","PRKCE","Exc L4-5 RORB IL1RAPL2",0.0200442867468667,9.45676249413973,1.04047928916892,0.309200625241124,0.639076071599346,0.639076071599346,"social_isolation_avg"
"2096","EPAS1","Exc L4-5 RORB IL1RAPL2",0.652413132751938,-0.901951482472616,5.67503545385183,0.0183441035466479,0.141565426492486,0.141565426492486,"social_isolation_avg"
"2097","ATP6V1E2","Exc L4-5 RORB IL1RAPL2",0.0226071529956462,3.3510222181005,0.149456556194635,0.699552442138971,0.899200527018442,0.899200527018442,"social_isolation_avg"
"2098","RHOQ","Exc L4-5 RORB IL1RAPL2",0.0397515045904763,4.32035951011213,0.960688875659484,0.328445746564744,0.653810780112717,0.653810780112717,"social_isolation_avg"
"2099","AC018682.1","Exc L4-5 RORB IL1RAPL2",0.0331096209607417,0.917264487825556,0.0974626107715074,0.755289576123575,0.925272055070982,0.925272055070982,"social_isolation_avg"
"2100","PIGF","Exc L4-5 RORB IL1RAPL2",-0.0233408588186385,4.10840324641705,0.586714775408108,0.570929506733556,0.829944468108913,0.829944468108913,"social_isolation_avg"
"2101","CRIPT","Exc L4-5 RORB IL1RAPL2",-0.0837520817366756,3.40149162187196,5.404008744104,0.0213066415921588,0.153812653782997,0.153812653782997,"social_isolation_avg"
"2102","SOCS5","Exc L4-5 RORB IL1RAPL2",-0.0362981896437022,5.3637848934738,2.86088124197578,0.0926422266605419,0.352550999727295,0.352550999727295,"social_isolation_avg"
"2103","AC016722.3","Exc L4-5 RORB IL1RAPL2",-0.330685093509363,0.221539568343323,7.91140010703989,0.00550785583184105,0.0695224417573479,0.0695224417573479,"social_isolation_avg"
"2104","LINC01119","Exc L4-5 RORB IL1RAPL2",0.0963002626677327,1.46883996893941,1.40445033941277,0.237680856341565,0.56170829293696,0.56170829293696,"social_isolation_avg"
"2105","AC016722.2","Exc L4-5 RORB IL1RAPL2",0.0724893477138396,0.349163016978364,0.408631365407856,0.523549852239502,0.803608887338657,0.803608887338657,"social_isolation_avg"
"2106","MCFD2","Exc L4-5 RORB IL1RAPL2",-0.0253335499403156,5.04706360374507,1.26753192548931,0.261862150784053,0.591484693007556,0.591484693007556,"social_isolation_avg"
"2107","TTC7A","Exc L4-5 RORB IL1RAPL2",-0.00197760100629055,4.96765536635301,0.00575931688220069,0.939598255170182,0.987767273530547,0.987767273530547,"social_isolation_avg"
"2108","STPG4","Exc L4-5 RORB IL1RAPL2",0.00889960653228207,0.147198218018031,0.00512847063743333,0.942996196053551,0.987984052456339,0.987984052456339,"social_isolation_avg"
"2109","AC073283.3","Exc L4-5 RORB IL1RAPL2",0.0532862394101221,0.660402592170977,0.232422995318395,0.630370743019182,0.862917438045576,0.862917438045576,"social_isolation_avg"
"2110","CALM2","Exc L4-5 RORB IL1RAPL2",-0.311853371451821,1.70160747566223,7.1189977490546,0.00838668229824445,0.0889486635454503,0.0889486635454503,"social_isolation_avg"
"2111","AC106869.1","Exc L4-5 RORB IL1RAPL2",-0.0399864663109416,-0.263038446647659,0.0144924544734487,0.9043246837651,0.978397583639639,0.978397583639639,"social_isolation_avg"
"2112","EPCAM","Exc L4-5 RORB IL1RAPL2",0.358114566782341,0.663282731221986,5.55444160878175,0.0196052834284362,0.146911511979976,0.146911511979976,"social_isolation_avg"
"2113","MSH2","Exc L4-5 RORB IL1RAPL2",0.0393379200692085,6.46882348754767,4.8912736154962,0.0283644447761018,0.181493634133417,0.181493634133417,"social_isolation_avg"
"2114","KCNK12","Exc L4-5 RORB IL1RAPL2",-0.0242415062575071,5.35865827424056,1.04183069428223,0.30888762635269,0.638808916626872,0.638808916626872,"social_isolation_avg"
"2115","MSH6","Exc L4-5 RORB IL1RAPL2",0.0309959967985201,4.20866105313383,1.22679933655197,0.269639525075215,0.599512274259475,0.599512274259475,"social_isolation_avg"
"2116","FBXO11","Exc L4-5 RORB IL1RAPL2",0.00124319979594395,7.63445947420886,0.00909667989947872,0.924131294461904,0.984076729849897,0.984076729849897,"social_isolation_avg"
"2117","AC079807.1","Exc L4-5 RORB IL1RAPL2",-0.185208842253433,0.440003595162077,3.05030198439449,0.118978112037735,0.397751103785171,0.397751103785171,"social_isolation_avg"
"2118","AC092650.1","Exc L4-5 RORB IL1RAPL2",0.0260693178488891,1.03534779522521,0.108006778094322,0.742840879629891,0.919859649820468,0.919859649820468,"social_isolation_avg"
"2119","FOXN2","Exc L4-5 RORB IL1RAPL2",-0.346197652897853,2.4043009979949,3.47483377707017,0.0640823721432014,0.288073785536116,0.288073785536116,"social_isolation_avg"
"2120","AC093635.1","Exc L4-5 RORB IL1RAPL2",-0.0350519794296464,1.3695101853988,0.174517778254851,0.676669681073427,0.88648706932151,0.88648706932151,"social_isolation_avg"
"2121","PPP1R21","Exc L4-5 RORB IL1RAPL2",0.00985252447492511,6.42677772844748,0.233779729722798,0.629375134654571,0.862553014834068,0.862553014834068,"social_isolation_avg"
"2122","STON1-GTF2A1L","Exc L4-5 RORB IL1RAPL2",0.0615574774125168,0.304353781266713,0.304554598873696,0.996852716430204,0.999517208019121,0.999517208019121,"social_isolation_avg"
"2123","AC009975.1","Exc L4-5 RORB IL1RAPL2",-0.00670697127275043,2.08430439944554,0.00690720674502246,0.93386494668123,0.986583286147705,0.986583286147705,"social_isolation_avg"
"2124","FSHR","Exc L4-5 RORB IL1RAPL2",-0.170874927398582,-0.366788048032478,0.282767308548443,0.595607062950077,0.843713501390912,0.843713501390912,"social_isolation_avg"
"2125","AC009975.2","Exc L4-5 RORB IL1RAPL2",-0.159390103038244,1.3003648457978,2.96415318244117,0.0869997703878369,0.340318928159657,0.340318928159657,"social_isolation_avg"
"2126","NRXN1","Exc L4-5 RORB IL1RAPL2",0.0233658448867911,11.5609662309837,4.15586905306386,0.0430837112809292,0.231718846261075,0.231718846261075,"social_isolation_avg"
"2127","AC007402.1","Exc L4-5 RORB IL1RAPL2",0.146354356073342,3.9646723021087,4.31772031269597,0.039263128428819,0.219526565191545,0.219526565191545,"social_isolation_avg"
"2128","AC010967.1","Exc L4-5 RORB IL1RAPL2",-0.161256204786821,1.10864405234526,1.81353957704248,0.17992776105704,0.486590289502461,0.486590289502461,"social_isolation_avg"
"2129","ASB3","Exc L4-5 RORB IL1RAPL2",-0.0537608494968515,4.54229784894249,1.09800912901287,0.296233175864137,0.627146925899048,0.627146925899048,"social_isolation_avg"
"2130","GPR75-ASB3","Exc L4-5 RORB IL1RAPL2",0.0447072794974116,5.94434344987828,3.36454630410859,0.0684118959348171,0.299016735457877,0.299016735457877,"social_isolation_avg"
"2131","CHAC2","Exc L4-5 RORB IL1RAPL2",-0.117461295669634,1.72734919737781,2.13687724475664,0.145692838956459,0.441012423790737,0.441012423790737,"social_isolation_avg"
"2132","ERLEC1","Exc L4-5 RORB IL1RAPL2",-0.0719211223811815,5.08144597615816,8.69072308515383,0.00366150653820751,0.0543794075427192,0.0543794075427192,"social_isolation_avg"
"2133","PSME4","Exc L4-5 RORB IL1RAPL2",0.00712159840013805,6.46362740969828,0.0735762587429671,0.786537636754692,0.939155146327491,0.939155146327491,"social_isolation_avg"
"2134","ACYP2","Exc L4-5 RORB IL1RAPL2",-0.00586806538088361,7.74567646997763,0.0573660487558984,0.81100524364619,0.949509944621593,0.949509944621593,"social_isolation_avg"
"2135","C2orf73","Exc L4-5 RORB IL1RAPL2",-0.0863383091994677,1.81635294832913,1.33740965539899,0.24915993645739,0.575342342898496,0.575342342898496,"social_isolation_avg"
"2136","SPTBN1","Exc L4-5 RORB IL1RAPL2",-0.0278650953250398,8.4023053356553,7.19897185221429,0.00803611175642328,0.0868452217258505,0.0868452217258505,"social_isolation_avg"
"2137","AC092839.1","Exc L4-5 RORB IL1RAPL2",0.06827035536256,2.78692324655825,1.46756018955415,0.227460040808103,0.549256904950383,0.549256904950383,"social_isolation_avg"
"2138","AC093110.1","Exc L4-5 RORB IL1RAPL2",-0.0847510843333303,0.992285236748133,0.648993440204706,0.421630143664771,0.728299150364646,0.728299150364646,"social_isolation_avg"
"2139","EML6","Exc L4-5 RORB IL1RAPL2",0.0392880727388723,8.56825392140263,5.5432780462896,0.0197265240335028,0.147236907786156,0.147236907786156,"social_isolation_avg"
"2140","RTN4","Exc L4-5 RORB IL1RAPL2",-0.0853917213622211,8.96918660726671,23.8113025759968,2.48429792591943e-06,0.000534152284730927,0.000534152284730927,"social_isolation_avg"
"2141","CLHC1","Exc L4-5 RORB IL1RAPL2",-0.07985069347014,4.72230914099532,2.50222153785679,0.115597357573432,0.392511990202549,0.392511990202549,"social_isolation_avg"
"2142","RPS27A","Exc L4-5 RORB IL1RAPL2",-0.0997232743374258,5.17698571827383,4.30926791901078,0.0394534878640417,0.220206325627001,0.220206325627001,"social_isolation_avg"
"2143","MTIF2","Exc L4-5 RORB IL1RAPL2",-0.000326637851758336,3.57176156083956,7.98715045082127e-05,0.9928801090439,0.999203165233845,0.999203165233845,"social_isolation_avg"
"2144","AC012358.3","Exc L4-5 RORB IL1RAPL2",-0.0019997623187924,3.59386715248057,0.00225202131927359,0.962207509960097,0.992607559423475,0.992607559423475,"social_isolation_avg"
"2145","CCDC88A","Exc L4-5 RORB IL1RAPL2",0.0795992733483423,8.6762027065744,16.841633172101,6.36855783257272e-05,0.00426090736631233,0.00426090736631233,"social_isolation_avg"
"2146","CFAP36","Exc L4-5 RORB IL1RAPL2",0.0218204212089684,5.89003216146275,1.4943706188259,0.223279771027762,0.544545883556972,0.544545883556972,"social_isolation_avg"
"2147","PPP4R3B","Exc L4-5 RORB IL1RAPL2",0.00599599864901438,6.03249461273386,0.128362302930108,0.720593272016299,0.909296979182147,0.909296979182147,"social_isolation_avg"
"2148","AC015982.1","Exc L4-5 RORB IL1RAPL2",-0.163651885013324,-0.264771629654224,1.46445858207824,0.22794972711664,0.549641491878928,0.549641491878928,"social_isolation_avg"
"2149","PNPT1","Exc L4-5 RORB IL1RAPL2",0.0321359981054006,5.62867493640057,2.74852988396759,0.0992404669030969,0.364767342807163,0.364767342807163,"social_isolation_avg"
"2150","EFEMP1","Exc L4-5 RORB IL1RAPL2",-0.127969578626781,0.583118504703102,0.312210975529088,0.577082763452452,0.83421416274873,0.83421416274873,"social_isolation_avg"
"2151","AC011306.1","Exc L4-5 RORB IL1RAPL2",0.0875190106139392,2.08360412492211,0.884312713686381,0.348395368543622,0.670735527901289,0.670735527901289,"social_isolation_avg"
"2152","MIR217HG","Exc L4-5 RORB IL1RAPL2",-0.0651028403556094,-0.0333237197850092,0.230147825442615,0.632048399246073,0.864151149803812,0.864151149803812,"social_isolation_avg"
"2153","AC007743.1","Exc L4-5 RORB IL1RAPL2",0.034911025363292,2.38337540583225,0.348316510659486,0.699065091152255,0.898892470210937,0.898892470210937,"social_isolation_avg"
"2154","CCDC85A","Exc L4-5 RORB IL1RAPL2",-0.0173570132061735,8.98278027358381,0.550364851142165,0.45922144456323,0.757601268862226,0.757601268862226,"social_isolation_avg"
"2155","FANCL","Exc L4-5 RORB IL1RAPL2",0.00930038004396178,6.01679237713301,0.118558603976817,0.731040743698685,0.913323435727078,0.913323435727078,"social_isolation_avg"
"2156","LINC01122","Exc L4-5 RORB IL1RAPL2",0.0310557385683029,8.57150358307268,2.19072204634394,0.14074764227447,0.433952334411728,0.433952334411728,"social_isolation_avg"
"2157","LINC01793","Exc L4-5 RORB IL1RAPL2",0.0299532529817727,4.43674503754793,0.407152805173356,0.524301165635877,0.804109779930001,0.804109779930001,"social_isolation_avg"
"2158","AC007100.1","Exc L4-5 RORB IL1RAPL2",0.239805228445097,1.30387511703779,6.82563479416834,0.00981405967683843,0.0973856090354214,0.0973856090354214,"social_isolation_avg"
"2159","BCL11A","Exc L4-5 RORB IL1RAPL2",0.00462149618940954,8.09129827972437,0.0549267801852643,0.814991954462482,0.951444738037576,0.951444738037576,"social_isolation_avg"
"2160","PAPOLG","Exc L4-5 RORB IL1RAPL2",0.0231126099649603,5.31260586166411,1.41428406466248,0.23605203123338,0.55961931565677,0.55961931565677,"social_isolation_avg"
"2161","LINC01185","Exc L4-5 RORB IL1RAPL2",0.115247463027593,0.984677925647598,1.83235845003452,0.17769726619673,0.483998456287261,0.483998456287261,"social_isolation_avg"
"2162","REL","Exc L4-5 RORB IL1RAPL2",-0.0109915872500253,4.60578514436349,0.200599838348555,0.65482355499279,0.876017424156837,0.876017424156837,"social_isolation_avg"
"2163","PUS10","Exc L4-5 RORB IL1RAPL2",-0.0431894572550472,4.56770384708149,1.99718949268955,0.15947149889265,0.460384533193139,0.460384533193139,"social_isolation_avg"
"2164","PEX13","Exc L4-5 RORB IL1RAPL2",0.0608511338903624,4.63592991085498,4.52481052004627,0.0348903089138108,0.204383756953008,0.204383756953008,"social_isolation_avg"
"2165","KIAA1841","Exc L4-5 RORB IL1RAPL2",0.100428930393711,6.52331580224147,17.8970893147958,3.85386875194451e-05,0.00319820397612027,0.00319820397612027,"social_isolation_avg"
"2166","C2orf74","Exc L4-5 RORB IL1RAPL2",-0.0474555986968825,4.26673955205869,0.744229997416662,0.389559120959788,0.704566898795937,0.704566898795937,"social_isolation_avg"
"2167","AC016747.2","Exc L4-5 RORB IL1RAPL2",0.123617543734526,-0.287601861004202,0.634474244911307,0.426861410474952,0.733173996695403,0.733173996695403,"social_isolation_avg"
"2168","USP34","Exc L4-5 RORB IL1RAPL2",0.0405662119731762,8.24930674657063,11.2411006888117,0.000991861559189741,0.0236360359715732,0.0236360359715732,"social_isolation_avg"
"2169","AC016727.1","Exc L4-5 RORB IL1RAPL2",0.0138927801809709,2.92791063494365,0.0944568712441711,0.997710158062681,0.999683089770736,0.999683089770736,"social_isolation_avg"
"2170","XPO1","Exc L4-5 RORB IL1RAPL2",-0.0186809190611996,6.80655139474017,1.03411096370735,0.310681191940656,0.640079800737924,0.640079800737924,"social_isolation_avg"
"2171","FAM161A","Exc L4-5 RORB IL1RAPL2",0.0222535138287722,4.5778053535415,0.595334080081961,0.441465467818031,0.743944743283085,0.743944743283085,"social_isolation_avg"
"2172","CCT4","Exc L4-5 RORB IL1RAPL2",-0.0468239636973159,5.35934835361333,3.8238302725018,0.0522146904154803,0.258362869793322,0.258362869793322,"social_isolation_avg"
"2173","AC107081.2","Exc L4-5 RORB IL1RAPL2",0.0455984925221384,0.857219527251124,0.238096921744793,0.87198008565329,0.968747296145024,0.968747296145024,"social_isolation_avg"
"2174","COMMD1","Exc L4-5 RORB IL1RAPL2",0.0236999540472518,7.12479102816585,2.31511930286049,0.130032135398443,0.415036780343107,0.415036780343107,"social_isolation_avg"
"2175","AC018462.1","Exc L4-5 RORB IL1RAPL2",-0.086190680089348,2.35701522762775,2.49800149310335,0.24907124176542,0.575207734095388,0.575207734095388,"social_isolation_avg"
"2176","B3GNT2","Exc L4-5 RORB IL1RAPL2",-0.0598407613062179,3.85251589707367,2.34736602542246,0.127406533714121,0.41064815858142,0.41064815858142,"social_isolation_avg"
"2177","TMEM17","Exc L4-5 RORB IL1RAPL2",-0.0856046197877699,1.69970976290465,1.85309432108621,0.227388812112203,0.549218927270904,0.549218927270904,"social_isolation_avg"
"2178","EHBP1","Exc L4-5 RORB IL1RAPL2",0.0263375556900766,8.2555030846108,4.39976998048086,0.0374650025068575,0.213419659662242,0.213419659662242,"social_isolation_avg"
"2179","AC092567.1","Exc L4-5 RORB IL1RAPL2",0.0154223455021556,1.80818174874987,0.0328448826339644,0.85640784489082,0.963497017075705,0.963497017075705,"social_isolation_avg"
"2180","AC009501.1","Exc L4-5 RORB IL1RAPL2",0.036736567576012,1.16935656647014,0.14993331124334,0.699097184293782,0.898892470210937,0.898892470210937,"social_isolation_avg"
"2181","WDPCP","Exc L4-5 RORB IL1RAPL2",0.0562349667173826,7.93625536860649,8.63158380566915,0.00377609518619294,0.0554166595866411,0.0554166595866411,"social_isolation_avg"
"2182","MDH1","Exc L4-5 RORB IL1RAPL2",-0.0863148621217704,6.97590741789514,15.7319836717342,0.000108504133870652,0.0060560670117009,0.0060560670117009,"social_isolation_avg"
"2183","UGP2","Exc L4-5 RORB IL1RAPL2",-0.00869185931236056,6.24063067312299,0.130053700122684,0.718836801764413,0.908254499244371,0.908254499244371,"social_isolation_avg"
"2184","VPS54","Exc L4-5 RORB IL1RAPL2",0.0406032612817309,6.34616778922591,6.13382773491826,0.0142684243300978,0.120739202482013,0.120739202482013,"social_isolation_avg"
"2185","PELI1","Exc L4-5 RORB IL1RAPL2",-0.054894300903373,5.02294163940705,3.73657004686416,0.0549427035690403,0.265783906641107,0.265783906641107,"social_isolation_avg"
"2186","AC012368.1","Exc L4-5 RORB IL1RAPL2",-0.0389862676477055,0.7213822983956,0.128336287817001,0.720620389774258,0.909296979182147,0.909296979182147,"social_isolation_avg"
"2187","AC008074.1","Exc L4-5 RORB IL1RAPL2",0.0335978086383781,5.27979137071417,1.16330335125077,0.282352893898786,0.613716152264094,0.613716152264094,"social_isolation_avg"
"2188","LGALSL","Exc L4-5 RORB IL1RAPL2",0.00672673997969851,3.63739244124716,0.0448881903840703,0.83247076938674,0.956377179695288,0.956377179695288,"social_isolation_avg"
"2189","AC008074.3","Exc L4-5 RORB IL1RAPL2",-0.100767067410744,-0.168689019515745,0.565285821719744,0.453207524241549,0.752923518252999,0.752923518252999,"social_isolation_avg"
"2190","AFTPH","Exc L4-5 RORB IL1RAPL2",-0.0148247265944485,6.37680049272619,0.814084332173563,0.368228332151293,0.68649603632226,0.68649603632226,"social_isolation_avg"
"2191","SERTAD2","Exc L4-5 RORB IL1RAPL2",0.0951558768804944,4.79438267734224,7.90057323878931,0.00553938132893575,0.069810256189944,0.069810256189944,"social_isolation_avg"
"2192","LINC01800","Exc L4-5 RORB IL1RAPL2",0.0541902289810326,1.30155330255933,0.556356545120367,0.456791394322437,0.754776872934664,0.754776872934664,"social_isolation_avg"
"2193","LINC02245","Exc L4-5 RORB IL1RAPL2",-0.102323985196974,0.389936330535559,0.715008409942131,0.399008487069406,0.712728314893497,0.712728314893497,"social_isolation_avg"
"2194","SLC1A4","Exc L4-5 RORB IL1RAPL2",0.00255209436282367,5.01737342714194,0.0102089651943788,0.919641616806348,0.983247337638765,0.983247337638765,"social_isolation_avg"
"2195","LINC02576","Exc L4-5 RORB IL1RAPL2",0.0947768258545099,2.36496025079154,2.24475496393935,0.13597540883546,0.424760285305457,0.424760285305457,"social_isolation_avg"
"2196","CEP68","Exc L4-5 RORB IL1RAPL2",0.015353464309591,5.85969417128151,0.663239604430945,0.416590280688608,0.725422731083941,0.725422731083941,"social_isolation_avg"
"2197","RAB1A","Exc L4-5 RORB IL1RAPL2",0.00986250322424799,6.31766690106083,0.373326084335233,0.977843378633473,0.996744861425265,0.996744861425265,"social_isolation_avg"
"2198","ACTR2","Exc L4-5 RORB IL1RAPL2",-0.0532479382688172,7.06269063510956,12.7807297146609,0.00045937285756717,0.0143428941221591,0.0143428941221591,"social_isolation_avg"
"2199","SPRED2","Exc L4-5 RORB IL1RAPL2",-0.00573710685004501,6.35379502086098,0.0152733359379763,0.901793747577323,0.978205337360331,0.978205337360331,"social_isolation_avg"
"2200","AC012370.2","Exc L4-5 RORB IL1RAPL2",0.0630672995225016,0.167972500004522,0.197880786779717,0.657018809895673,0.877427146840365,0.877427146840365,"social_isolation_avg"
"2201","AC007389.3","Exc L4-5 RORB IL1RAPL2",-0.00954163374475896,0.581365409633438,0.00629159948138427,0.936874358835856,0.987490092220647,0.987490092220647,"social_isolation_avg"
"2202","AC007389.5","Exc L4-5 RORB IL1RAPL2",-0.205599577268873,0.287096799775323,2.17518390899312,0.142154869929755,0.435792659420106,0.435792659420106,"social_isolation_avg"
"2203","MEIS1","Exc L4-5 RORB IL1RAPL2",-0.530502279548856,1.35947367215083,5.99901565595243,0.0153575822242496,0.125998773799754,0.125998773799754,"social_isolation_avg"
"2204","LINC01798","Exc L4-5 RORB IL1RAPL2",-0.163127952343042,0.207948563085984,1.10509120744242,0.294685907467156,0.625715638557519,0.625715638557519,"social_isolation_avg"
"2205","LINC01828","Exc L4-5 RORB IL1RAPL2",0.0304096208090043,0.290678381876557,0.0540564583953123,0.8164369599454,0.951599926146172,0.951599926146172,"social_isolation_avg"
"2206","LINC01829","Exc L4-5 RORB IL1RAPL2",0.108670473331537,2.23466137581016,2.75093811778982,0.0990937301583601,0.364563964286667,0.364563964286667,"social_isolation_avg"
"2207","ETAA1","Exc L4-5 RORB IL1RAPL2",0.0295843555015889,3.36839565903171,0.82649645540842,0.364611213145021,0.683659574265874,0.683659574265874,"social_isolation_avg"
"2208","C1D","Exc L4-5 RORB IL1RAPL2",-0.0345062463944196,5.46216430584083,1.85292600825224,0.175296206505074,0.481584061615294,0.481584061615294,"social_isolation_avg"
"2209","WDR92","Exc L4-5 RORB IL1RAPL2",0.0452168337224004,4.17140943788528,2.23587641472474,0.319155776557352,0.646650766867885,0.646650766867885,"social_isolation_avg"
"2210","AC017083.3","Exc L4-5 RORB IL1RAPL2",0.0237307340792994,2.10233133843217,0.134805351890508,0.713970428025858,0.906464099085906,0.906464099085906,"social_isolation_avg"
"2211","PNO1","Exc L4-5 RORB IL1RAPL2",-0.0339572688511009,3.46196342150168,0.791265983877065,0.952869682921472,0.989452900160271,0.989452900160271,"social_isolation_avg"
"2212","AC017083.2","Exc L4-5 RORB IL1RAPL2",-0.250284052327146,-0.533559189521098,1.89815297096922,0.170147602223418,0.475076083309089,0.475076083309089,"social_isolation_avg"
"2213","AC017083.1","Exc L4-5 RORB IL1RAPL2",-0.090082525059561,2.32866546630633,1.71157109423513,0.192597932743131,0.504379997983777,0.504379997983777,"social_isolation_avg"
"2214","CNRIP1","Exc L4-5 RORB IL1RAPL2",-0.0894237670720574,6.11704757803546,22.3604775246757,4.81549269805032e-06,0.000835907682016607,0.000835907682016607,"social_isolation_avg"
"2215","FBXO48","Exc L4-5 RORB IL1RAPL2",-0.112782616315825,1.51470698702797,3.31987502447195,0.0702544593622787,0.303620131816992,0.303620131816992,"social_isolation_avg"
"2216","APLF","Exc L4-5 RORB IL1RAPL2",-0.191251170512972,3.43133329656524,10.2989676302062,0.00159905462973348,0.0323590509616976,0.0323590509616976,"social_isolation_avg"
"2217","ARHGAP25","Exc L4-5 RORB IL1RAPL2",-0.105756652767423,4.36708661410566,2.50763334669646,0.115207348591582,0.392017350231071,0.392017350231071,"social_isolation_avg"
"2218","ANTXR1","Exc L4-5 RORB IL1RAPL2",0.0442263658838483,6.12576383687332,3.42145785318978,0.0661396516416955,0.292771138854198,0.292771138854198,"social_isolation_avg"
"2219","GFPT1","Exc L4-5 RORB IL1RAPL2",-0.0186419460704192,6.14920186438704,0.786544919057308,0.376435439134488,0.695027880189739,0.695027880189739,"social_isolation_avg"
"2220","NFU1","Exc L4-5 RORB IL1RAPL2",0.0393473380142071,4.64125274771861,2.14616747734104,0.144825706950337,0.439709871762047,0.439709871762047,"social_isolation_avg"
"2221","AAK1","Exc L4-5 RORB IL1RAPL2",-0.00170551211949632,8.56182811086489,0.015717964131573,0.900381952755092,0.97797533648335,0.97797533648335,"social_isolation_avg"
"2222","ANXA4","Exc L4-5 RORB IL1RAPL2",0.0895875749969678,5.33351582430178,4.6614693905731,0.0322887556263009,0.196765221718501,0.196765221718501,"social_isolation_avg"
"2223","GMCL1","Exc L4-5 RORB IL1RAPL2",0.0894722523162519,6.40383526939943,11.9838306312805,0.000683126823032564,0.0184023625171375,0.0184023625171375,"social_isolation_avg"
"2224","SNRNP27","Exc L4-5 RORB IL1RAPL2",-0.0011817071986619,2.04346817404994,0.000323456187785994,0.985672599398421,0.998305401080937,0.998305401080937,"social_isolation_avg"
"2225","MXD1","Exc L4-5 RORB IL1RAPL2",-0.0245942302189071,5.772342823085,1.5728302011557,0.211567105559884,0.530158774459767,0.530158774459767,"social_isolation_avg"
"2226","ASPRV1","Exc L4-5 RORB IL1RAPL2",0.000589600809053793,0.87933105217775,1.33745997518649e-07,0.999708644236671,1,1,"social_isolation_avg"
"2227","PCBP1","Exc L4-5 RORB IL1RAPL2",-0.0817366890617119,5.6869568610552,7.45434741108352,0.00701465554388171,0.0807816783601861,0.0807816783601861,"social_isolation_avg"
"2228","AC016700.3","Exc L4-5 RORB IL1RAPL2",0.112614842377848,-0.215451737153774,0.557819378083026,0.456201208336591,0.754362558781333,0.754362558781333,"social_isolation_avg"
"2229","C2orf42","Exc L4-5 RORB IL1RAPL2",0.0828637040726048,4.03580738770807,7.73429393336623,0.00604761489116849,0.0738714792484177,0.0738714792484177,"social_isolation_avg"
"2230","PCYOX1","Exc L4-5 RORB IL1RAPL2",-0.0727606671828965,5.47649980191524,13.0584345866279,0.00040034968493421,0.0132430356444759,0.0132430356444759,"social_isolation_avg"
"2231","SNRPG","Exc L4-5 RORB IL1RAPL2",0.023497215258022,3.17728600919292,0.303699769620461,0.582316352907889,0.837680203251742,0.837680203251742,"social_isolation_avg"
"2232","FAM136A","Exc L4-5 RORB IL1RAPL2",-0.102763666422017,3.79539438314119,9.82471757446636,0.00203784233623994,0.0379134855889831,0.0379134855889831,"social_isolation_avg"
"2233","ADD2","Exc L4-5 RORB IL1RAPL2",-0.0141967986954511,8.0333553275748,0.474810856948375,0.49174831651094,0.781092167285384,0.781092167285384,"social_isolation_avg"
"2234","CLEC4F","Exc L4-5 RORB IL1RAPL2",0.341311754777555,-0.541682912268642,2.29109457645316,0.132027834339688,0.418161810100642,0.418161810100642,"social_isolation_avg"
"2235","VAX2","Exc L4-5 RORB IL1RAPL2",0.0914770832419873,-0.0602004226880853,0.374446295387854,0.541431335200913,0.812842593882891,0.812842593882891,"social_isolation_avg"
"2236","AC007040.2","Exc L4-5 RORB IL1RAPL2",0.127796295675234,4.52511167378102,4.17586632978454,0.0425910210723368,0.230378704891276,0.230378704891276,"social_isolation_avg"
"2237","ANKRD53","Exc L4-5 RORB IL1RAPL2",0.107849869131668,-0.295217305153468,0.356775757307053,0.551119705971999,0.817605140089085,0.817605140089085,"social_isolation_avg"
"2238","NAGK","Exc L4-5 RORB IL1RAPL2",-0.00266405249666227,4.51755920503948,0.0105972690660604,0.918132962810917,0.983030553239607,0.983030553239607,"social_isolation_avg"
"2239","MCEE","Exc L4-5 RORB IL1RAPL2",0.00621380164917718,3.93357617662081,0.0315113188822644,0.859321791971867,0.964243395716678,0.964243395716678,"social_isolation_avg"
"2240","MPHOSPH10","Exc L4-5 RORB IL1RAPL2",-0.0101665235033045,4.43056152402007,0.105829617997555,0.74535435096497,0.920785167671651,0.920785167671651,"social_isolation_avg"
"2241","PAIP2B","Exc L4-5 RORB IL1RAPL2",0.0181664684072167,3.64155887395538,0.21683636248991,0.642074055597269,0.868818079521986,0.868818079521986,"social_isolation_avg"
"2242","ZNF638","Exc L4-5 RORB IL1RAPL2",0.0333264593200352,8.38342937261506,6.05553589579562,0.0148907830097326,0.123954467807809,0.123954467807809,"social_isolation_avg"
"2243","DYSF","Exc L4-5 RORB IL1RAPL2",0.0658057447715701,5.81185643921714,3.96712640771524,0.0480438223380644,0.246218083006099,0.246218083006099,"social_isolation_avg"
"2244","CYP26B1","Exc L4-5 RORB IL1RAPL2",-0.113764977398825,3.14115599866655,2.4108674639676,0.122408113678707,0.402517191330348,0.402517191330348,"social_isolation_avg"
"2245","EXOC6B","Exc L4-5 RORB IL1RAPL2",0.0214403691814638,8.54768251645667,2.92682044549672,0.0889948918504879,0.344279768698238,0.344279768698238,"social_isolation_avg"
"2246","SPR","Exc L4-5 RORB IL1RAPL2",-0.107331723152546,1.73311715240083,2.52678615191716,0.113838791829686,0.38948540338102,0.38948540338102,"social_isolation_avg"
"2247","EMX1","Exc L4-5 RORB IL1RAPL2",-0.0675594424513767,5.08475509086818,5.38581070631906,0.0215226822047109,0.154800533583721,0.154800533583721,"social_isolation_avg"
"2248","SFXN5","Exc L4-5 RORB IL1RAPL2",0.0319082054736904,7.03740659149728,2.45139681436964,0.119332751650968,0.397758197313849,0.397758197313849,"social_isolation_avg"
"2249","RAB11FIP5","Exc L4-5 RORB IL1RAPL2",0.098457790952548,3.58325512029196,6.67785480950841,0.0106261878234569,0.102105882157218,0.102105882157218,"social_isolation_avg"
"2250","SMYD5","Exc L4-5 RORB IL1RAPL2",-0.0675719687387813,3.4958946773744,2.97386181501602,0.0864889706850355,0.338960424906646,0.338960424906646,"social_isolation_avg"
"2251","PRADC1","Exc L4-5 RORB IL1RAPL2",-0.0164302585799578,3.19391614062767,0.176240655982614,0.675169212490163,0.885853595671414,0.885853595671414,"social_isolation_avg"
"2252","CCT7","Exc L4-5 RORB IL1RAPL2",-0.149892112356909,4.57959469326924,24.0584590782621,2.22085215250339e-06,0.000493536381843757,0.000493536381843757,"social_isolation_avg"
"2253","FBXO41","Exc L4-5 RORB IL1RAPL2",-0.0229055273370561,5.53941727912497,1.25383476233969,0.264445716702426,0.594884960852051,0.594884960852051,"social_isolation_avg"
"2254","EGR4","Exc L4-5 RORB IL1RAPL2",-0.365186344185614,1.12840255644806,5.53821680585704,0.0197817488204944,0.147376566198585,0.147376566198585,"social_isolation_avg"
"2255","ALMS1","Exc L4-5 RORB IL1RAPL2",0.0298951623617883,6.2774451081353,2.14776901275583,0.144676816028898,0.439535972396079,0.439535972396079,"social_isolation_avg"
"2256","TPRKB","Exc L4-5 RORB IL1RAPL2",0.0194216716372645,3.60695016461793,0.360144730145113,0.549247700930838,0.816620756664497,0.816620756664497,"social_isolation_avg"
"2257","DUSP11","Exc L4-5 RORB IL1RAPL2",-0.0802592956792394,4.001371679992,7.17571018860028,0.00813648956498854,0.0874604072171977,0.0874604072171977,"social_isolation_avg"
"2258","STAMBP","Exc L4-5 RORB IL1RAPL2",0.00374001526990526,4.80062065055566,0.0201112697372796,0.887399455667174,0.974095556110611,0.974095556110611,"social_isolation_avg"
"2259","DGUOK","Exc L4-5 RORB IL1RAPL2",-0.064993119533309,4.88708084628247,5.34496529055615,0.0220159700035501,0.156779890266154,0.156779890266154,"social_isolation_avg"
"2260","DGUOK-AS1","Exc L4-5 RORB IL1RAPL2",-0.104238225945984,0.75336888872234,1.12469356698735,0.290457162788615,0.621760377545355,0.621760377545355,"social_isolation_avg"
"2261","TET3","Exc L4-5 RORB IL1RAPL2",0.0347103326803362,6.1098474294859,1.72133687272739,0.191340164001668,0.502546813308656,0.502546813308656,"social_isolation_avg"
"2262","BOLA3","Exc L4-5 RORB IL1RAPL2",-0.0244873748730079,4.08753531747907,0.51345329290076,0.474658946823105,0.76859408924604,0.76859408924604,"social_isolation_avg"
"2263","BOLA3-AS1","Exc L4-5 RORB IL1RAPL2",-0.161557793657562,2.19926991597458,7.57304054944491,0.00658650520192725,0.077840890022277,0.077840890022277,"social_isolation_avg"
"2264","MOB1A","Exc L4-5 RORB IL1RAPL2",-0.0282850652458683,3.99441967411662,0.914216232315222,0.340394479897844,0.663842914259649,0.663842914259649,"social_isolation_avg"
"2265","MTHFD2","Exc L4-5 RORB IL1RAPL2",0.000524030607881844,0.609677270737934,4.68580720191832e-06,0.998275452771346,0.999716603438089,0.999716603438089,"social_isolation_avg"
"2266","AC006030.1","Exc L4-5 RORB IL1RAPL2",0.0855337672359647,4.25314030893608,4.32187746071659,0.0391698609283752,0.219526565191545,0.219526565191545,"social_isolation_avg"
"2267","DCTN1","Exc L4-5 RORB IL1RAPL2",-0.120069194560241,3.25089350421389,5.60913722574047,0.0190224134923924,0.144142204921729,0.144142204921729,"social_isolation_avg"
"2268","DCTN1-AS1","Exc L4-5 RORB IL1RAPL2",0.0172216556029618,2.11480764518993,0.0919576921793875,0.762084275406717,0.929144698432276,0.929144698432276,"social_isolation_avg"
"2269","AC005041.1","Exc L4-5 RORB IL1RAPL2",-0.0948937919873505,0.517332103213022,0.855056273569086,0.356473818355216,0.676649389757128,0.676649389757128,"social_isolation_avg"
"2270","WDR54","Exc L4-5 RORB IL1RAPL2",0.0167105189114352,3.22606645621839,0.185239919445687,0.885829317360553,0.973780660163158,0.973780660163158,"social_isolation_avg"
"2271","MOGS","Exc L4-5 RORB IL1RAPL2",0.0517849024233691,3.74076427787863,1.76524653355979,0.185802727746549,0.494315721554057,0.494315721554057,"social_isolation_avg"
"2272","CCDC142","Exc L4-5 RORB IL1RAPL2",0.0790546092950913,3.40459090429982,4.57064472832724,0.0339939521800167,0.201727449993279,0.201727449993279,"social_isolation_avg"
"2273","TTC31","Exc L4-5 RORB IL1RAPL2",0.049615069334841,2.55833069994166,1.54288057790828,0.215948965785288,0.535513811484068,0.535513811484068,"social_isolation_avg"
"2274","PCGF1","Exc L4-5 RORB IL1RAPL2",-0.000884645194739902,1.36942548023014,0.000351506160867845,0.985064350942432,0.998300390466684,0.998300390466684,"social_isolation_avg"
"2275","DQX1","Exc L4-5 RORB IL1RAPL2",0.0824199562161512,-0.114489067802126,0.423980368989543,0.60781281196935,0.850371651528547,0.850371651528547,"social_isolation_avg"
"2276","AUP1","Exc L4-5 RORB IL1RAPL2",-0.00248270195888025,4.2859784840668,0.00478042082964489,0.944961283971396,0.988096847417673,0.988096847417673,"social_isolation_avg"
"2277","HTRA2","Exc L4-5 RORB IL1RAPL2",-0.0880765764441239,3.00841429174485,4.69313591636247,0.0317156368361476,0.194663281459926,0.194663281459926,"social_isolation_avg"
"2278","M1AP","Exc L4-5 RORB IL1RAPL2",0.0840218478049366,3.25938440965781,1.84051896501594,0.176740059757162,0.483041841783225,0.483041841783225,"social_isolation_avg"
"2279","SEMA4F","Exc L4-5 RORB IL1RAPL2",-0.0320625561981379,5.03820096690553,1.81126565456594,0.180199478410746,0.486870531345099,0.486870531345099,"social_isolation_avg"
"2280","AC104135.1","Exc L4-5 RORB IL1RAPL2",0.0520811484759932,0.208719556149635,0.0376096245668836,0.846467236750446,0.961597389721097,0.961597389721097,"social_isolation_avg"
"2281","POLE4","Exc L4-5 RORB IL1RAPL2",-0.16804701772601,2.90434456105127,11.2222821763508,0.00100131740831874,0.0237417627603997,0.0237417627603997,"social_isolation_avg"
"2282","TACR1","Exc L4-5 RORB IL1RAPL2",0.0466474032929585,2.63028744903505,0.241265602043528,0.623945047165021,0.85946885828548,0.85946885828548,"social_isolation_avg"
"2283","AC007681.1","Exc L4-5 RORB IL1RAPL2",-0.105120906523215,2.32973233677016,2.13656381949112,0.145722196159806,0.441012423790737,0.441012423790737,"social_isolation_avg"
"2284","EVA1A","Exc L4-5 RORB IL1RAPL2",0.0110270842178517,0.555018002240166,0.00753996028757648,0.930909397795346,0.985383872206195,0.985383872206195,"social_isolation_avg"
"2285","AC007099.1","Exc L4-5 RORB IL1RAPL2",0.092639486652402,1.57029514789321,1.17212658450434,0.28054150771729,0.611659468199438,0.611659468199438,"social_isolation_avg"
"2286","MRPL19","Exc L4-5 RORB IL1RAPL2",-0.0232229541067263,5.57891463389412,0.486997565160168,0.486250169982963,0.777252637175605,0.777252637175605,"social_isolation_avg"
"2287","GCFC2","Exc L4-5 RORB IL1RAPL2",0.0211438212861513,5.91308588466993,1.04324364921398,0.308560814793696,0.638481974705984,0.638481974705984,"social_isolation_avg"
"2288","LRRTM4","Exc L4-5 RORB IL1RAPL2",0.0357365779763451,11.5157400940498,3.15139826201282,0.0777021934531011,0.320235940389049,0.320235940389049,"social_isolation_avg"
"2289","AC079117.1","Exc L4-5 RORB IL1RAPL2",-0.0330671899833104,1.79070069547562,0.0436433415769941,0.83477580617116,0.956824497333631,0.956824497333631,"social_isolation_avg"
"2290","CTNNA2","Exc L4-5 RORB IL1RAPL2",-0.0274767335793066,11.48935523919,1.17345516415787,0.280270034971458,0.611577595628528,0.611577595628528,"social_isolation_avg"
"2291","AC010975.1","Exc L4-5 RORB IL1RAPL2",-0.124982924309637,-0.202451889968385,0.829631191190055,0.467182395444333,0.762885829308901,0.762885829308901,"social_isolation_avg"
"2292","AC016716.2","Exc L4-5 RORB IL1RAPL2",-0.0302024369116058,2.60683345607394,0.185440639486552,0.667299714768816,0.882873778277097,0.882873778277097,"social_isolation_avg"
"2293","LRRTM1","Exc L4-5 RORB IL1RAPL2",-0.0213612188962867,2.78621219610206,0.192060699617767,0.661779209807606,0.879752998578635,0.879752998578635,"social_isolation_avg"
"2294","AC008067.1","Exc L4-5 RORB IL1RAPL2",0.0723601206789823,2.40496068233263,0.68615920640062,0.40866828101718,0.719212985766233,0.719212985766233,"social_isolation_avg"
"2295","AC010105.1","Exc L4-5 RORB IL1RAPL2",0.122099591882255,-0.524802843001782,0.555222194592073,0.457249885397616,0.755270631305831,0.755270631305831,"social_isolation_avg"
"2296","SUCLG1","Exc L4-5 RORB IL1RAPL2",-0.00555160056837591,5.69239321875399,0.0913388840761842,0.762861831414493,0.929286899099656,0.929286899099656,"social_isolation_avg"
"2297","DNAH6","Exc L4-5 RORB IL1RAPL2",0.0722735636291191,8.38981708849055,12.5978889659795,0.000503014478356076,0.0152037331389382,0.0152037331389382,"social_isolation_avg"
"2298","TRABD2A","Exc L4-5 RORB IL1RAPL2",-0.023345167154997,6.10656949968497,0.464307742627784,0.49657113146862,0.784516543556585,0.784516543556585,"social_isolation_avg"
"2299","TMSB10","Exc L4-5 RORB IL1RAPL2",-0.160631669156751,8.11198464761675,15.6787062110419,0.000111329897241713,0.0061057187991607,0.0061057187991607,"social_isolation_avg"
"2300","KCMF1","Exc L4-5 RORB IL1RAPL2",-0.00157753716511512,6.16512317887025,0.00902170635686806,0.92444364223456,0.984076729849897,0.984076729849897,"social_isolation_avg"
"2301","TCF7L1","Exc L4-5 RORB IL1RAPL2",-0.0479344302124865,2.80754534377575,0.252887154857334,0.615718811068154,0.854231971272954,0.854231971272954,"social_isolation_avg"
"2302","TGOLN2","Exc L4-5 RORB IL1RAPL2",-0.0854351030067899,5.85110562840724,10.6616156199276,0.00132969503335447,0.0283963428059819,0.0283963428059819,"social_isolation_avg"
"2303","RETSAT","Exc L4-5 RORB IL1RAPL2",0.0307358433227566,2.92773822186072,0.487757315292854,0.485910798703677,0.776907066272797,0.776907066272797,"social_isolation_avg"
"2304","ELMOD3","Exc L4-5 RORB IL1RAPL2",0.0551938209221196,5.10566288621123,6.81823532032512,0.0115539142367311,0.107110049619397,0.107110049619397,"social_isolation_avg"
"2305","SH2D6","Exc L4-5 RORB IL1RAPL2",-0.0663926031496431,0.359082275886022,0.392409548766544,0.531899681220341,0.808569192230732,0.808569192230732,"social_isolation_avg"
"2306","MAT2A","Exc L4-5 RORB IL1RAPL2",-0.0237859604140286,5.47387582747926,0.60371965413535,0.438272831128826,0.741465815517486,0.741465815517486,"social_isolation_avg"
"2307","GGCX","Exc L4-5 RORB IL1RAPL2",-0.0368987811912571,3.80358091219734,1.23450016650494,0.268147171427771,0.598021290733718,0.598021290733718,"social_isolation_avg"
"2308","VAMP8","Exc L4-5 RORB IL1RAPL2",-0.0226644830364682,2.12642499968552,0.119314988067406,0.730217810856011,0.913267211869261,0.913267211869261,"social_isolation_avg"
"2309","RNF181","Exc L4-5 RORB IL1RAPL2",-0.190974229766525,1.21841401774078,6.07546126025825,0.0147297603661853,0.122938595451518,0.122938595451518,"social_isolation_avg"
"2310","TMEM150A","Exc L4-5 RORB IL1RAPL2",0.0212601870785558,1.84677445498913,0.10264785837133,0.749079594648641,0.922531337646578,0.922531337646578,"social_isolation_avg"
"2311","USP39","Exc L4-5 RORB IL1RAPL2",-0.00211813823423231,4.42483294349066,0.00666429575474828,0.93503562212576,0.986842461541563,0.986842461541563,"social_isolation_avg"
"2312","C2orf68","Exc L4-5 RORB IL1RAPL2",-0.00554242510108814,1.75285714180397,0.00872471071445939,0.953636481775999,0.989729355037227,0.989729355037227,"social_isolation_avg"
"2313","GNLY","Exc L4-5 RORB IL1RAPL2",0.056919875358073,0.265243533963584,0.284577071792753,0.594433384548551,0.843296700385411,0.843296700385411,"social_isolation_avg"
"2314","ST3GAL5","Exc L4-5 RORB IL1RAPL2",-0.0119802568295013,5.37514492353582,0.235084075120844,0.628421328649508,0.862057562486575,0.862057562486575,"social_isolation_avg"
"2315","POLR1A","Exc L4-5 RORB IL1RAPL2",0.0277417141886634,5.03574905067477,1.38187903585635,0.241471746532667,0.565876506829898,0.565876506829898,"social_isolation_avg"
"2316","PTCD3","Exc L4-5 RORB IL1RAPL2",0.0156525259840097,6.13954461311424,1.03110590268318,0.311383060891386,0.640539127541413,0.640539127541413,"social_isolation_avg"
"2317","IMMT","Exc L4-5 RORB IL1RAPL2",-0.0282479907480276,5.56589137202326,1.1324322190199,0.288809197704294,0.620121161841595,0.620121161841595,"social_isolation_avg"
"2318","AC009309.1","Exc L4-5 RORB IL1RAPL2",-0.0902315415007264,-0.103467226418846,0.370837227386739,0.543384271806957,0.814022069506382,0.814022069506382,"social_isolation_avg"
"2319","MRPL35","Exc L4-5 RORB IL1RAPL2",-0.0782886664414021,4.07060980401291,6.40871538611615,0.0122891342479983,0.110938204533698,0.110938204533698,"social_isolation_avg"
"2320","REEP1","Exc L4-5 RORB IL1RAPL2",-0.017908763504812,7.18251459235127,0.97134078617204,0.32578643112365,0.65268770881723,0.65268770881723,"social_isolation_avg"
"2321","KDM3A","Exc L4-5 RORB IL1RAPL2",-0.0116825993798465,4.75376101376094,0.0976877941174001,0.75501616903803,0.925272055070982,0.925272055070982,"social_isolation_avg"
"2322","CHMP3","Exc L4-5 RORB IL1RAPL2",-0.0778377790094777,4.53720636928611,6.14952023803196,0.0141469699749619,0.120167544856731,0.120167544856731,"social_isolation_avg"
"2323","RNF103-CHMP3","Exc L4-5 RORB IL1RAPL2",0.0430392342580828,4.30300387600349,1.0251805259142,0.312773109060942,0.641654558879115,0.641654558879115,"social_isolation_avg"
"2324","AC015971.1","Exc L4-5 RORB IL1RAPL2",0.0862604034067613,2.50524782827566,2.38795882797261,0.124185555960853,0.405963183195457,0.405963183195457,"social_isolation_avg"
"2325","RMND5A","Exc L4-5 RORB IL1RAPL2",-0.0249375488709799,6.30490307894137,1.9297241125619,0.166657213631133,0.470408882668103,0.470408882668103,"social_isolation_avg"
"2326","CD8A","Exc L4-5 RORB IL1RAPL2",-0.0324617190115718,2.81499942362225,0.522226403046343,0.47091470628304,0.765610685477007,0.765610685477007,"social_isolation_avg"
"2327","CD8B","Exc L4-5 RORB IL1RAPL2",0.155316226303685,-0.51795158110879,0.958393446393092,0.329022605104101,0.654463768356056,0.654463768356056,"social_isolation_avg"
"2328","RGPD1","Exc L4-5 RORB IL1RAPL2",-0.0102559986326384,1.19593043019225,0.012057494868845,0.912695934639401,0.981657819619611,0.981657819619611,"social_isolation_avg"
"2329","PLGLB1","Exc L4-5 RORB IL1RAPL2",0.0230377226662959,5.76067483882086,0.683427966099486,0.409600551732819,0.72019812650652,0.72019812650652,"social_isolation_avg"
"2330","CYTOR","Exc L4-5 RORB IL1RAPL2",0.118677561252337,4.92266794153744,7.64431721115999,0.00634244530903566,0.0758567684527584,0.0758567684527584,"social_isolation_avg"
"2331","PLGLB2","Exc L4-5 RORB IL1RAPL2",0.143685249538989,0.145032050698007,1.09723396533932,0.29640316671787,0.627195975073452,0.627195975073452,"social_isolation_avg"
"2332","RGPD2","Exc L4-5 RORB IL1RAPL2",-0.239619212402314,1.53410647797867,2.09672337093621,0.149509271296008,0.446642755151382,0.446642755151382,"social_isolation_avg"
"2333","KRCC1","Exc L4-5 RORB IL1RAPL2",-0.0154211859948609,4.35160781406421,0.266008552437134,0.606711087477702,0.849608387997375,0.849608387997375,"social_isolation_avg"
"2334","THNSL2","Exc L4-5 RORB IL1RAPL2",0.0450383334918599,1.84015917315671,0.125220967254527,0.723890454325385,0.910112559166016,0.910112559166016,"social_isolation_avg"
"2335","AC104134.1","Exc L4-5 RORB IL1RAPL2",0.0508087488603784,1.52692713502123,0.251079480999931,0.616982620675845,0.854982288399565,0.854982288399565,"social_isolation_avg"
"2336","EIF2AK3","Exc L4-5 RORB IL1RAPL2",0.0346538901239315,5.37728151599995,1.18034575815818,0.278867397999717,0.609853217470255,0.609853217470255,"social_isolation_avg"
"2337","RPIA","Exc L4-5 RORB IL1RAPL2",0.01146593999865,4.22811340797225,0.0914722404524023,0.762694021463631,0.929286899099656,0.929286899099656,"social_isolation_avg"
"2338","AC233266.2","Exc L4-5 RORB IL1RAPL2",-0.289349515361303,1.31223215231484,3.89758596521497,0.0500216747197466,0.25211828601355,0.25211828601355,"social_isolation_avg"
"2339","AL845331.2","Exc L4-5 RORB IL1RAPL2",-0.0454318085520659,0.850886924456978,0.145835666252106,0.703037629024072,0.900586045593367,0.900586045593367,"social_isolation_avg"
"2340","ANKRD20A8P","Exc L4-5 RORB IL1RAPL2",-0.0364873058664775,2.11650511485805,0.206777235958923,0.649901808235446,0.872902115692383,0.872902115692383,"social_isolation_avg"
"2341","MRPS5","Exc L4-5 RORB IL1RAPL2",-0.0328849709460989,6.10846897377141,2.41460482974882,0.122120846988687,0.401991744236769,0.401991744236769,"social_isolation_avg"
"2342","ZNF514","Exc L4-5 RORB IL1RAPL2",-0.132059349127634,2.86404523353578,5.41636378732358,0.0211612603972029,0.15334822212772,0.15334822212772,"social_isolation_avg"
"2343","ZNF2","Exc L4-5 RORB IL1RAPL2",0.0406275381027065,3.1291770341807,1.04813165816119,0.307433714664522,0.637264824185739,0.637264824185739,"social_isolation_avg"
"2344","AC092835.1","Exc L4-5 RORB IL1RAPL2",0.0629070864599165,5.15103185831699,4.76777178473599,0.0304068188391967,0.189620634663087,0.189620634663087,"social_isolation_avg"
"2345","PROM2","Exc L4-5 RORB IL1RAPL2",-0.131294714349767,0.55336177621774,1.87549434249936,0.172704806988242,0.477723540297817,0.477723540297817,"social_isolation_avg"
"2346","KCNIP3","Exc L4-5 RORB IL1RAPL2",-0.0176189940759976,5.96781971242813,0.453001291377767,0.501853014036979,0.787882582027356,0.787882582027356,"social_isolation_avg"
"2347","FAHD2A","Exc L4-5 RORB IL1RAPL2",0.0161822316535776,5.05893745862318,0.403466476127452,0.526182731445957,0.805102980890259,0.805102980890259,"social_isolation_avg"
"2348","LINC00342","Exc L4-5 RORB IL1RAPL2",0.052158088076513,3.88817027087897,1.872151903306,0.173085783623072,0.47830525951981,0.47830525951981,"social_isolation_avg"
"2349","ANKRD36C","Exc L4-5 RORB IL1RAPL2",0.0587430100873097,7.79661633789479,11.2285161792872,0.000998174805096925,0.0237267154362298,0.0237267154362298,"social_isolation_avg"
"2350","GPAT2","Exc L4-5 RORB IL1RAPL2",-0.318966083963264,0.519515582745433,5.58467119795854,0.0192808692388663,0.145443807637052,0.145443807637052,"social_isolation_avg"
"2351","ASTL","Exc L4-5 RORB IL1RAPL2",0.284086839610447,-0.267061353826825,4.44416266519104,0.0434412235041915,0.23257524203727,0.23257524203727,"social_isolation_avg"
"2352","DUSP2","Exc L4-5 RORB IL1RAPL2",-0.113147566096331,2.23864690191266,3.00298727985599,0.0849761413916906,0.335314613404,0.335314613404,"social_isolation_avg"
"2353","STARD7","Exc L4-5 RORB IL1RAPL2",-0.00161451660417532,5.19503708909959,0.00511814416218642,0.943053516684429,0.987984052456339,0.987984052456339,"social_isolation_avg"
"2354","TMEM127","Exc L4-5 RORB IL1RAPL2",-0.0227587063382387,4.6096888342799,0.754724273064017,0.386244227243195,0.702501876734452,0.702501876734452,"social_isolation_avg"
"2355","CIAO1","Exc L4-5 RORB IL1RAPL2",-0.0363223908210006,5.24498670090092,2.09369636537622,0.149801557247105,0.447016794774259,0.447016794774259,"social_isolation_avg"
"2356","SNRNP200","Exc L4-5 RORB IL1RAPL2",0.00879284381429465,5.158004822366,0.166725309771377,0.721554506816991,0.909296979182147,0.909296979182147,"social_isolation_avg"
"2357","NEURL3","Exc L4-5 RORB IL1RAPL2",-0.182048255691092,0.218921876253309,2.67408557322296,0.103896748546073,0.373134964887617,0.373134964887617,"social_isolation_avg"
"2358","ARID5A","Exc L4-5 RORB IL1RAPL2",-0.193980170710064,0.958916959453287,3.3192896488434,0.0702789574961739,0.303620131816992,0.303620131816992,"social_isolation_avg"
"2359","KANSL3","Exc L4-5 RORB IL1RAPL2",0.0125051843272638,5.46900303953182,0.349922638341238,0.610334715952513,0.852117185969555,0.852117185969555,"social_isolation_avg"
"2360","FER1L5","Exc L4-5 RORB IL1RAPL2",0.0423613098989468,3.25543532415342,1.04373976916868,0.3084461711975,0.63831455815683,0.63831455815683,"social_isolation_avg"
"2361","LMAN2L","Exc L4-5 RORB IL1RAPL2",-0.0068836139639911,4.48771820781578,0.0748964342478207,0.784678261616922,0.938269741697979,0.938269741697979,"social_isolation_avg"
"2362","CNNM4","Exc L4-5 RORB IL1RAPL2",0.0143639071376887,3.94581584165008,0.198232155319149,0.747994809813054,0.921915827782467,0.921915827782467,"social_isolation_avg"
"2363","CNNM3","Exc L4-5 RORB IL1RAPL2",-0.0261440693369201,2.43811785300552,0.267530354700256,0.605684697945528,0.849203710342991,0.849203710342991,"social_isolation_avg"
"2364","ANKRD23","Exc L4-5 RORB IL1RAPL2",0.0973103382891863,4.98749670502239,13.4083446151855,0.000336836365086143,0.0118904493727517,0.0118904493727517,"social_isolation_avg"
"2365","SEMA4C","Exc L4-5 RORB IL1RAPL2",-0.00137016012167578,3.81107369330563,0.00111434223682527,0.973410425880024,0.99572295699374,0.99572295699374,"social_isolation_avg"
"2366","FAM178B","Exc L4-5 RORB IL1RAPL2",0.0199898197102442,4.54793135474463,0.134005385286492,0.714782822417807,0.906749642740932,0.906749642740932,"social_isolation_avg"
"2367","FAHD2B","Exc L4-5 RORB IL1RAPL2",0.00871808273425203,3.77013018317897,0.0652576416584177,0.922824149221377,0.983585629113706,0.983585629113706,"social_isolation_avg"
"2368","ANKRD36","Exc L4-5 RORB IL1RAPL2",0.0427125117515865,7.86881984145259,2.93659116736729,0.0884679402147038,0.343151683498388,0.343151683498388,"social_isolation_avg"
"2369","AC159540.2","Exc L4-5 RORB IL1RAPL2",0.0839357014832502,0.346618843578334,0.220267804124241,0.639454408993519,0.867293779059998,0.867293779059998,"social_isolation_avg"
"2370","AC092683.1","Exc L4-5 RORB IL1RAPL2",0.114424421019571,8.49712299175672,11.4681185799527,0.000884727473246447,0.0219109012058849,0.0219109012058849,"social_isolation_avg"
"2371","AC092683.2","Exc L4-5 RORB IL1RAPL2",0.154474153103827,3.23883542818413,4.74325548536107,0.0308303479915349,0.191484491171839,0.191484491171839,"social_isolation_avg"
"2372","ANKRD36B","Exc L4-5 RORB IL1RAPL2",0.140083355007872,6.28774974012201,3.1982269938473,0.0755497609461369,0.314732590207646,0.314732590207646,"social_isolation_avg"
"2373","COX5B","Exc L4-5 RORB IL1RAPL2",-0.181606481542127,5.17738349486937,24.6653055640511,1.68782197088313e-06,0.00042839113445171,0.00042839113445171,"social_isolation_avg"
"2374","ACTR1B","Exc L4-5 RORB IL1RAPL2",-0.0821758996226115,5.90398752435375,6.45272508707473,0.0119997592258928,0.109631793487744,0.109631793487744,"social_isolation_avg"
"2375","C2orf92","Exc L4-5 RORB IL1RAPL2",0.0749121231181122,3.81109850079173,2.75470785680804,0.0988645146395549,0.364164293652685,0.364164293652685,"social_isolation_avg"
"2376","ZAP70","Exc L4-5 RORB IL1RAPL2",0.0589296966981147,-0.314749147927199,0.132999078649509,0.715808679591273,0.906943848411394,0.906943848411394,"social_isolation_avg"
"2377","TMEM131","Exc L4-5 RORB IL1RAPL2",0.0101499947160861,6.99170577813888,0.506798814948128,0.477531451681435,0.770738940310879,0.770738940310879,"social_isolation_avg"
"2378","VWA3B","Exc L4-5 RORB IL1RAPL2",0.0715663586520185,0.801985185499521,0.531136328405903,0.467160807504088,0.762885829308901,0.762885829308901,"social_isolation_avg"
"2379","INPP4A","Exc L4-5 RORB IL1RAPL2",0.0105282283408793,7.90257795405516,0.537359436220922,0.464567418000015,0.761200244718799,0.761200244718799,"social_isolation_avg"
"2380","COA5","Exc L4-5 RORB IL1RAPL2",-0.115778699240531,4.02631423601323,13.8722611885656,0.000268131830097293,0.0103961523714567,0.0103961523714567,"social_isolation_avg"
"2381","UNC50","Exc L4-5 RORB IL1RAPL2",-0.0449778969982557,4.37872956202832,1.78875641428694,0.182915148538116,0.489455172604964,0.489455172604964,"social_isolation_avg"
"2382","MGAT4A","Exc L4-5 RORB IL1RAPL2",0.021696289146622,6.47564710375204,1.36860180123543,0.243736293761079,0.568507694064766,0.568507694064766,"social_isolation_avg"
"2383","KIAA1211L","Exc L4-5 RORB IL1RAPL2",-0.0235289686984047,7.70570669986928,0.925794391667911,0.337363565202366,0.661265808184862,0.661265808184862,"social_isolation_avg"
"2384","TSGA10","Exc L4-5 RORB IL1RAPL2",0.00364265139139967,6.48996364785522,0.0241402067742269,0.876718263739393,0.970772113663979,0.970772113663979,"social_isolation_avg"
"2385","AC079447.1","Exc L4-5 RORB IL1RAPL2",0.0676386427472995,6.90081468694865,10.9166631126171,0.00116847050850243,0.0262261334417254,0.0262261334417254,"social_isolation_avg"
"2386","MITD1","Exc L4-5 RORB IL1RAPL2",-0.0320892020404982,4.19596781015869,1.04543740007637,0.30805430284607,0.638101398025429,0.638101398025429,"social_isolation_avg"
"2387","LYG2","Exc L4-5 RORB IL1RAPL2",0.113022975085062,1.98027719271813,3.4327547108018,0.0656983708659355,0.292008192425268,0.292008192425268,"social_isolation_avg"
"2388","LYG1","Exc L4-5 RORB IL1RAPL2",0.00283573072740059,2.22677490743978,0.00278761639235058,0.957956702128509,0.991168521954039,0.991168521954039,"social_isolation_avg"
"2389","TXNDC9","Exc L4-5 RORB IL1RAPL2",-0.0335287305814809,3.76360389664618,1.16671741215114,0.338740555293894,0.66239600960765,0.66239600960765,"social_isolation_avg"
"2390","EIF5B","Exc L4-5 RORB IL1RAPL2",0.0356370894736849,5.69277032812645,2.10673188739774,0.148547470720883,0.445430537798704,0.445430537798704,"social_isolation_avg"
"2391","REV1","Exc L4-5 RORB IL1RAPL2",0.0444780507024811,6.78530514826825,8.2792843642131,0.00453954243972178,0.0619269520562191,0.0619269520562191,"social_isolation_avg"
"2392","AFF3","Exc L4-5 RORB IL1RAPL2",0.0349136139201866,9.63852351816949,2.91937416659862,0.0893987877957749,0.344925461640265,0.344925461640265,"social_isolation_avg"
"2393","AC092667.1","Exc L4-5 RORB IL1RAPL2",-0.0550297086410818,0.93274517046711,0.334736242113209,0.563670907141163,0.826056636512892,0.826056636512892,"social_isolation_avg"
"2394","LINC01104","Exc L4-5 RORB IL1RAPL2",0.149419871937881,0.0160738726230588,1.46517456988264,0.227836572665726,0.549563951168441,0.549563951168441,"social_isolation_avg"
"2395","LONRF2","Exc L4-5 RORB IL1RAPL2",-0.0272251973665919,7.48595443234326,2.87408796885612,0.0918988008229608,0.35070940104301,0.35070940104301,"social_isolation_avg"
"2396","CHST10","Exc L4-5 RORB IL1RAPL2",-0.0804262884063836,4.44738615903332,8.17027798620381,0.00480665050581291,0.0639568454433798,0.0639568454433798,"social_isolation_avg"
"2397","PDCL3","Exc L4-5 RORB IL1RAPL2",-0.0890934382359888,2.06438635086553,2.75627830470361,0.0987691973065015,0.363998167912258,0.363998167912258,"social_isolation_avg"
"2398","LINC01868","Exc L4-5 RORB IL1RAPL2",0.160900863659391,-0.0788087686429396,1.26949614570542,0.261494248040284,0.59091134526229,0.59091134526229,"social_isolation_avg"
"2399","NPAS2","Exc L4-5 RORB IL1RAPL2",0.00580395942170495,7.7744980331336,0.0391103569759389,0.843473184479349,0.960365635066419,0.960365635066419,"social_isolation_avg"
"2400","RPL31","Exc L4-5 RORB IL1RAPL2",0.00877073451982241,5.36279994761202,0.0415381190155788,0.838753438392102,0.958105156231403,0.958105156231403,"social_isolation_avg"
"2401","TBC1D8","Exc L4-5 RORB IL1RAPL2",0.0264578919414588,6.14403640266772,1.38076032983592,0.241661553276849,0.566110963173364,0.566110963173364,"social_isolation_avg"
"2402","TBC1D8-AS1","Exc L4-5 RORB IL1RAPL2",0.0208912538805225,0.773448971087393,0.0445381257756183,0.833115558749503,0.956474321257097,0.956474321257097,"social_isolation_avg"
"2403","CNOT11","Exc L4-5 RORB IL1RAPL2",0.0565813963667469,4.14274388078489,4.16853889379536,0.0427708554546828,0.230738120771083,0.230738120771083,"social_isolation_avg"
"2404","RNF149","Exc L4-5 RORB IL1RAPL2",0.0121649958588058,6.53307911733929,0.372109485260555,0.54269434441383,0.813660967980387,0.813660967980387,"social_isolation_avg"
"2405","CREG2","Exc L4-5 RORB IL1RAPL2",-0.0951866475112757,6.70427548728391,8.21893899095552,0.00468546742985154,0.0629554491227119,0.0629554491227119,"social_isolation_avg"
"2406","RFX8","Exc L4-5 RORB IL1RAPL2",0.00129482706817297,3.39021497458149,0.000678110756418534,0.979256398309355,0.996900351286273,0.996900351286273,"social_isolation_avg"
"2407","MAP4K4","Exc L4-5 RORB IL1RAPL2",-0.0232731095949971,7.18399387975734,1.98085995078353,0.161177502067742,0.463259838466314,0.463259838466314,"social_isolation_avg"
"2408","IL1R1","Exc L4-5 RORB IL1RAPL2",0.105124934544401,0.330540433634381,1.13699261358987,0.554536922983823,0.819660317766677,0.819660317766677,"social_isolation_avg"
"2409","AC007271.1","Exc L4-5 RORB IL1RAPL2",-0.306871366016868,0.161224806338165,5.49280770818582,0.0202845064774414,0.149456054150961,0.149456054150961,"social_isolation_avg"
"2410","IL1RL2","Exc L4-5 RORB IL1RAPL2",-0.0441454461914787,3.87741657531387,1.11295042814144,0.292981019835626,0.624052295236904,0.624052295236904,"social_isolation_avg"
"2411","SLC9A2","Exc L4-5 RORB IL1RAPL2",-0.199327012664351,0.840380707414891,4.09829925887871,0.0445362096042067,0.235975811235283,0.235975811235283,"social_isolation_avg"
"2412","MFSD9","Exc L4-5 RORB IL1RAPL2",0.00557314861724299,2.08699428008187,0.00982183136364739,0.921174866030988,0.983427396790068,0.983427396790068,"social_isolation_avg"
"2413","TMEM182","Exc L4-5 RORB IL1RAPL2",0.0138353547046064,3.10351015183303,0.079722222725512,0.778027426310068,0.935858673440101,0.935858673440101,"social_isolation_avg"
"2414","LINC01796","Exc L4-5 RORB IL1RAPL2",0.32026898315585,-0.0935475859433271,6.13589449284955,0.0142523665659571,0.120711292656434,0.120711292656434,"social_isolation_avg"
"2415","LINC01965","Exc L4-5 RORB IL1RAPL2",-0.134299738343863,0.0356860285317902,0.475554401779863,0.4914098854242,0.780947962549244,0.780947962549244,"social_isolation_avg"
"2416","LINC01102","Exc L4-5 RORB IL1RAPL2",-0.0147164816680295,5.0589776670937,0.148416820097573,0.700548200683971,0.899494810173801,0.899494810173801,"social_isolation_avg"
"2417","LINC01103","Exc L4-5 RORB IL1RAPL2",0.0160824339536253,1.54869754680059,0.0306516232111288,0.861234146210122,0.965016220001923,0.965016220001923,"social_isolation_avg"
"2418","LINC01114","Exc L4-5 RORB IL1RAPL2",-0.0604908392384176,1.81665743812255,0.622864866283212,0.431115229053231,0.736336093962464,0.736336093962464,"social_isolation_avg"
"2419","POU3F3","Exc L4-5 RORB IL1RAPL2",-0.0269166361629398,4.26578910240571,0.569605009738069,0.451489844833289,0.752180227894597,0.752180227894597,"social_isolation_avg"
"2420","AC010884.1","Exc L4-5 RORB IL1RAPL2",-0.0351820895572647,3.55388422198362,0.426290076729318,0.514722040721143,0.797526216385096,0.797526216385096,"social_isolation_avg"
"2421","MRPS9","Exc L4-5 RORB IL1RAPL2",0.00231737854784373,5.24120053345451,0.012102208140396,0.91375955189672,0.981668613012071,0.981668613012071,"social_isolation_avg"
"2422","LINC01918","Exc L4-5 RORB IL1RAPL2",-0.175200273754805,0.397368200940456,2.16160174623611,0.143398028146224,0.437589885377994,0.437589885377994,"social_isolation_avg"
"2423","TGFBRAP1","Exc L4-5 RORB IL1RAPL2",-0.0137576933626627,4.73903985807125,0.341472308491293,0.559777283774601,0.823049548247337,0.823049548247337,"social_isolation_avg"
"2424","AC012360.1","Exc L4-5 RORB IL1RAPL2",-0.122871119841374,-0.202230583219894,0.579277455606186,0.447680089513524,0.748530333988406,0.748530333988406,"social_isolation_avg"
"2425","AC012360.3","Exc L4-5 RORB IL1RAPL2",-0.0695243031652284,1.53252111098913,0.914559206538847,0.679380321300384,0.887885970254345,0.887885970254345,"social_isolation_avg"
"2426","C2orf49","Exc L4-5 RORB IL1RAPL2",-0.0221234968734968,3.84451603820692,0.370375213441953,0.543635217438558,0.814068841856827,0.814068841856827,"social_isolation_avg"
"2427","FHL2","Exc L4-5 RORB IL1RAPL2",0.0010417151361116,5.93670020816088,0.00107070196080168,0.973936090327316,0.99572295699374,0.99572295699374,"social_isolation_avg"
"2428","AC108058.1","Exc L4-5 RORB IL1RAPL2",0.195402794988582,0.408916365893012,3.08008530269055,0.0811090443051513,0.327081037360991,0.327081037360991,"social_isolation_avg"
"2429","NCK2","Exc L4-5 RORB IL1RAPL2",-0.0208525417911507,7.11549927336326,1.10049986003979,0.295687817579509,0.62671773232014,0.62671773232014,"social_isolation_avg"
"2430","AC010978.1","Exc L4-5 RORB IL1RAPL2",-0.017419658085847,0.988910524751913,0.0348477939689767,0.852143872310424,0.962117889872315,0.962117889872315,"social_isolation_avg"
"2431","C2orf40","Exc L4-5 RORB IL1RAPL2",-0.132525122569629,2.03459941304243,4.77237100525914,0.0303280501344349,0.18926023634355,0.18926023634355,"social_isolation_avg"
"2432","UXS1","Exc L4-5 RORB IL1RAPL2",-0.00666058163606423,6.12716691243185,0.128353672393324,0.720602268012555,0.909296979182147,0.909296979182147,"social_isolation_avg"
"2433","AC018878.1","Exc L4-5 RORB IL1RAPL2",-0.00911559255160348,0.356448626935275,0.00688486019202609,0.93397176795506,0.986583286147705,0.986583286147705,"social_isolation_avg"
"2434","RGPD3","Exc L4-5 RORB IL1RAPL2",0.094797607902887,1.87423882899477,2.78295926538208,0.0971651727327859,0.360531772456986,0.360531772456986,"social_isolation_avg"
"2435","ST6GAL2","Exc L4-5 RORB IL1RAPL2",-0.0276397175909179,6.32561035588012,0.680760669633628,0.410514030145348,0.721201110898804,0.721201110898804,"social_isolation_avg"
"2436","AC016994.1","Exc L4-5 RORB IL1RAPL2",0.227016831566224,0.193633806347629,2.74288786794781,0.0995851800481152,0.365073856550789,0.365073856550789,"social_isolation_avg"
"2437","LINC01885","Exc L4-5 RORB IL1RAPL2",0.170290567702481,1.13092920372984,1.67676901135442,0.197160103117149,0.5108828144453,0.5108828144453,"social_isolation_avg"
"2438","RGPD4","Exc L4-5 RORB IL1RAPL2",0.122740302923735,0.438576902379374,1.52383659322101,0.218791857336667,0.539118126857024,0.539118126857024,"social_isolation_avg"
"2439","LINC01594","Exc L4-5 RORB IL1RAPL2",-0.0614583042780369,0.902498992201086,0.31589867327638,0.574844225153322,0.832487765102804,0.832487765102804,"social_isolation_avg"
"2440","GCC2","Exc L4-5 RORB IL1RAPL2",-0.0180443548660704,7.5216088017956,0.598219451875372,0.440362883227863,0.743070336922976,0.743070336922976,"social_isolation_avg"
"2441","GCC2-AS1","Exc L4-5 RORB IL1RAPL2",-0.032490690872509,2.45072098078816,0.35459172540162,0.552339710213277,0.818207630393494,0.818207630393494,"social_isolation_avg"
"2442","LIMS1","Exc L4-5 RORB IL1RAPL2",0.0227235614361303,5.4284935126263,0.581270318263635,0.446901391355332,0.747660862769928,0.747660862769928,"social_isolation_avg"
"2443","RANBP2","Exc L4-5 RORB IL1RAPL2",-0.0298234285830139,6.64831692928045,3.23900878250958,0.0737279014496463,0.31109389978932,0.31109389978932,"social_isolation_avg"
"2444","CCDC138","Exc L4-5 RORB IL1RAPL2",0.0364647775091576,6.49670381364131,3.11747065314318,0.0793032136630636,0.323545081395343,0.323545081395343,"social_isolation_avg"
"2445","SH3RF3-AS1","Exc L4-5 RORB IL1RAPL2",-0.324498769981389,-0.643671900520342,2.63979249250195,0.106122407408959,0.377027219903409,0.377027219903409,"social_isolation_avg"
"2446","SH3RF3","Exc L4-5 RORB IL1RAPL2",0.0319334897756299,6.90766352019361,1.3169585993589,0.252796835661021,0.580481665963856,0.580481665963856,"social_isolation_avg"
"2447","SEPT10","Exc L4-5 RORB IL1RAPL2",0.462964663241351,0.117838144011015,2.80837672446241,0.0956637198751412,0.358142707510397,0.358142707510397,"social_isolation_avg"
"2448","AC074387.1","Exc L4-5 RORB IL1RAPL2",-0.116990384082887,1.36135108773612,2.35009420436793,0.127187144590361,0.41052677632109,0.41052677632109,"social_isolation_avg"
"2449","RGPD5","Exc L4-5 RORB IL1RAPL2",0.0587538514769256,1.4422038460018,0.487140673306463,0.486186215177225,0.777216067706005,0.777216067706005,"social_isolation_avg"
"2450","AC013271.1","Exc L4-5 RORB IL1RAPL2",0.117242316451246,0.282133330245449,0.758350474525889,0.38510818701675,0.701987669223886,0.701987669223886,"social_isolation_avg"
"2451","LINC01123","Exc L4-5 RORB IL1RAPL2",-0.00426625988223928,1.907628341431,0.00184176440803769,0.96582046396727,0.993640457161603,0.993640457161603,"social_isolation_avg"
"2452","MALL","Exc L4-5 RORB IL1RAPL2",0.0253686276612195,0.294086199682031,0.0531126849693959,0.917144892250891,0.9830198062462,0.9830198062462,"social_isolation_avg"
"2453","NPHP1","Exc L4-5 RORB IL1RAPL2",0.0380177329853522,4.88211452365329,0.94491983020523,0.332436097453975,0.657539556755872,0.657539556755872,"social_isolation_avg"
"2454","SMIM37","Exc L4-5 RORB IL1RAPL2",-0.225583904637571,4.04235762198231,27.3292904126648,5.12452855421773e-07,0.00027703201364101,0.00027703201364101,"social_isolation_avg"
"2455","LINC01106","Exc L4-5 RORB IL1RAPL2",-0.0431659196248335,4.80187877139721,0.667057228820549,0.4152550063573,0.724485013857674,0.724485013857674,"social_isolation_avg"
"2456","AC112229.3","Exc L4-5 RORB IL1RAPL2",-0.198805869863843,0.520306521157415,3.50725983400964,0.0628662904805175,0.285055467306315,0.285055467306315,"social_isolation_avg"
"2457","ACOXL","Exc L4-5 RORB IL1RAPL2",0.0953411579338184,1.65381890428544,1.57487167316318,0.211272312995129,0.529889108454513,0.529889108454513,"social_isolation_avg"
"2458","MIR4435-2HG","Exc L4-5 RORB IL1RAPL2",0.0629608393949605,7.24780095923768,3.56898080024632,0.0606195891142484,0.280298935882379,0.280298935882379,"social_isolation_avg"
"2459","BCL2L11","Exc L4-5 RORB IL1RAPL2",0.00562990650831972,1.87792500372988,0.00487958767871402,0.944394266323806,0.988051457597129,0.988051457597129,"social_isolation_avg"
"2460","AC017002.5","Exc L4-5 RORB IL1RAPL2",0.00261323706403641,1.65051296494589,0.00037237206931604,0.984627494414622,0.998239655190367,0.998239655190367,"social_isolation_avg"
"2461","ANAPC1","Exc L4-5 RORB IL1RAPL2",0.0331673549883455,6.20350775169958,3.39101904846822,0.0673446439611608,0.295874346606667,0.295874346606667,"social_isolation_avg"
"2462","MERTK","Exc L4-5 RORB IL1RAPL2",-0.0164253661152895,4.1604128959954,0.0863135743028135,0.769285627749209,0.931414209804997,0.931414209804997,"social_isolation_avg"
"2463","TMEM87B","Exc L4-5 RORB IL1RAPL2",0.0307311725249388,4.53014146079166,0.801468860610146,0.371956359383598,0.690114363198378,0.690114363198378,"social_isolation_avg"
"2464","FBLN7","Exc L4-5 RORB IL1RAPL2",-0.692483399565198,-0.744219751961252,4.19125151629135,0.0422160352954393,0.229597471636967,0.229597471636967,"social_isolation_avg"
"2465","ZC3H8","Exc L4-5 RORB IL1RAPL2",-0.0132981735632862,5.53137824961893,0.256320141327751,0.613334198665239,0.853489473629844,0.853489473629844,"social_isolation_avg"
"2466","ZC3H6","Exc L4-5 RORB IL1RAPL2",0.0140834456419676,6.38069736977938,0.446409051647889,0.504977054624776,0.79047795372026,0.79047795372026,"social_isolation_avg"
"2467","RGPD8","Exc L4-5 RORB IL1RAPL2",0.00257415092424818,3.85559168290219,0.00415871251222681,0.948659520144039,0.988794512237391,0.988794512237391,"social_isolation_avg"
"2468","TTL","Exc L4-5 RORB IL1RAPL2",-0.0501729932731066,5.45042222120347,5.04134919102735,0.0260749938483877,0.172746834245569,0.172746834245569,"social_isolation_avg"
"2469","POLR1B","Exc L4-5 RORB IL1RAPL2",0.0699577258095722,3.06586946025257,3.11428716829924,0.0794552698806563,0.323793487273724,0.323793487273724,"social_isolation_avg"
"2470","CHCHD5","Exc L4-5 RORB IL1RAPL2",-0.0609507503355063,1.74624725305081,0.936227828134748,0.334663417437665,0.659188686377061,0.659188686377061,"social_isolation_avg"
"2471","AC079922.2","Exc L4-5 RORB IL1RAPL2",-0.0314293966428564,1.7112314643154,0.249051114307227,0.618407525426165,0.85577211939203,0.85577211939203,"social_isolation_avg"
"2472","SLC20A1","Exc L4-5 RORB IL1RAPL2",0.0228113803126063,5.44367317509447,0.925950826985828,0.33732286375914,0.66126045432933,0.66126045432933,"social_isolation_avg"
"2473","CKAP2L","Exc L4-5 RORB IL1RAPL2",-0.0395283336581414,0.452424314574861,0.0734120446238394,0.786770170172042,0.939155146327491,0.939155146327491,"social_isolation_avg"
"2474","PSD4","Exc L4-5 RORB IL1RAPL2",-0.0250080820764775,1.44186236716856,0.0992172649091471,0.753168250367058,0.924589402789535,0.924589402789535,"social_isolation_avg"
"2475","PAX8","Exc L4-5 RORB IL1RAPL2",-0.371781692550053,0.399611958249414,4.75553498133948,0.0306174435648578,0.190500706902557,0.190500706902557,"social_isolation_avg"
"2476","AC016745.2","Exc L4-5 RORB IL1RAPL2",0.0962343137221429,0.188766026564427,0.742282838710637,0.390178671707461,0.705026109871823,0.705026109871823,"social_isolation_avg"
"2477","CBWD2","Exc L4-5 RORB IL1RAPL2",0.0767206480048161,4.65255504952435,4.0357755626035,0.0461728504588319,0.241299306721805,0.241299306721805,"social_isolation_avg"
"2478","RABL2A","Exc L4-5 RORB IL1RAPL2",0.0598244462944024,5.15847407875329,3.59987192014036,0.0595276535433135,0.277624533569888,0.277624533569888,"social_isolation_avg"
"2479","AC017074.1","Exc L4-5 RORB IL1RAPL2",0.108785851957987,1.24181574792664,1.44309797626311,0.231357104858116,0.553680169479761,0.553680169479761,"social_isolation_avg"
"2480","SLC35F5","Exc L4-5 RORB IL1RAPL2",0.0595692162164246,5.79391353476505,6.32783406034695,0.0128399938812516,0.113898511123845,0.113898511123845,"social_isolation_avg"
"2481","AC104653.1","Exc L4-5 RORB IL1RAPL2",0.13009133569559,1.0560939364488,2.3092266436119,0.163854925435681,0.46719394878971,0.46719394878971,"social_isolation_avg"
"2482","AC110769.2","Exc L4-5 RORB IL1RAPL2",-0.0714453558563404,0.620744337120832,0.590955281453708,0.44314691025861,0.745181540082044,0.745181540082044,"social_isolation_avg"
"2483","ACTR3","Exc L4-5 RORB IL1RAPL2",-0.00251732607532643,5.66369693572664,0.0193630406411818,0.940258755227002,0.98787472417403,0.98787472417403,"social_isolation_avg"
"2484","LINC01191","Exc L4-5 RORB IL1RAPL2",0.00368224911395848,-0.150410491401101,0.000336604195925963,0.985384338452082,0.998300390466684,0.998300390466684,"social_isolation_avg"
"2485","DPP10","Exc L4-5 RORB IL1RAPL2",0.0368518265268296,12.3919867122495,2.76510278634112,0.0982354788009851,0.363095326733973,0.363095326733973,"social_isolation_avg"
"2486","DPP10-AS3","Exc L4-5 RORB IL1RAPL2",0.00839355157089081,3.6814389382412,0.0188392433084753,0.890995393081017,0.974706512053996,0.974706512053996,"social_isolation_avg"
"2487","DPP10-AS1","Exc L4-5 RORB IL1RAPL2",-0.00903269355624607,3.353424636146,0.0354712454976577,0.850842628541224,0.961873912835597,0.961873912835597,"social_isolation_avg"
"2488","AC009312.1","Exc L4-5 RORB IL1RAPL2",0.00830596417746246,1.15087976307736,0.00875738728617846,0.925555404740194,0.98417618971798,0.98417618971798,"social_isolation_avg"
"2489","DDX18","Exc L4-5 RORB IL1RAPL2",-0.00782128693292699,5.25991755019743,0.0478506053324521,0.82711635362379,0.954161930646283,0.954161930646283,"social_isolation_avg"
"2490","AC009404.1","Exc L4-5 RORB IL1RAPL2",0.103375948780973,2.74420445238574,3.9465875532481,0.048619159990853,0.247623990898231,0.247623990898231,"social_isolation_avg"
"2491","CCDC93","Exc L4-5 RORB IL1RAPL2",0.034175076686407,5.71813387181822,2.64360818588738,0.105872177183649,0.376802501551159,0.376802501551159,"social_isolation_avg"
"2492","AC009303.2","Exc L4-5 RORB IL1RAPL2",-0.0802843304430024,1.60548959293242,1.56487395121493,0.21272070495965,0.531478734786945,0.531478734786945,"social_isolation_avg"
"2493","INSIG2","Exc L4-5 RORB IL1RAPL2",0.00513565889284873,4.8472120280139,0.0430342081137571,0.835916222814589,0.956824497333631,0.956824497333631,"social_isolation_avg"
"2494","AC093901.1","Exc L4-5 RORB IL1RAPL2",0.162634133467357,0.357598986670733,2.38540744167725,0.124385295231037,0.406195058865456,0.406195058865456,"social_isolation_avg"
"2495","C2orf76","Exc L4-5 RORB IL1RAPL2",-0.00664258445653204,3.71332688707633,0.0343356681661877,0.913078049288175,0.981668613012071,0.981668613012071,"social_isolation_avg"
"2496","DBI","Exc L4-5 RORB IL1RAPL2",-0.104776060450083,3.21813624077964,5.50047131954487,0.0201987294769745,0.149167772882407,0.149167772882407,"social_isolation_avg"
"2497","CFAP221","Exc L4-5 RORB IL1RAPL2",0.0433791555377788,6.72605383503018,2.53365986570424,0.113352049886821,0.388612772612447,0.388612772612447,"social_isolation_avg"
"2498","TMEM177","Exc L4-5 RORB IL1RAPL2",-0.0741263592483641,2.33950711205952,1.23950453188741,0.267182927371209,0.597188433576997,0.597188433576997,"social_isolation_avg"
"2499","PTPN4","Exc L4-5 RORB IL1RAPL2",0.0346800655661085,7.91826068660111,4.85937781306208,0.0288776939399178,0.183662133457877,0.183662133457877,"social_isolation_avg"
"2500","EPB41L5","Exc L4-5 RORB IL1RAPL2",0.0331183425887764,6.63676103118242,2.17476146888824,0.142193350700611,0.43581998246952,0.43581998246952,"social_isolation_avg"
"2501","AC012363.1","Exc L4-5 RORB IL1RAPL2",-0.0832742677675114,2.72244396796477,3.28831568983178,0.0715884932063832,0.306731403975991,0.306731403975991,"social_isolation_avg"
"2502","TMEM185B","Exc L4-5 RORB IL1RAPL2",-0.19889286593677,-0.236127743654219,1.96375226568674,0.162987339151125,0.465984201281117,0.465984201281117,"social_isolation_avg"
"2503","RALB","Exc L4-5 RORB IL1RAPL2",-0.0151425213191402,4.23026449987535,0.199449617806076,0.655750004708267,0.87655389799609,0.87655389799609,"social_isolation_avg"
"2504","INHBB","Exc L4-5 RORB IL1RAPL2",-0.0464802908185714,0.438121315767906,0.0867004330111987,0.768783993933994,0.931404335648312,0.931404335648312,"social_isolation_avg"
"2505","GLI2","Exc L4-5 RORB IL1RAPL2",0.0724087550490611,0.7539811830283,0.378110057767538,0.539462002785725,0.811888212208856,0.811888212208856,"social_isolation_avg"
"2506","CLASP1","Exc L4-5 RORB IL1RAPL2",0.000482651913530933,8.44950794348813,0.00128479095340767,0.971450013294769,0.995251552571626,0.995251552571626,"social_isolation_avg"
"2507","AC012447.1","Exc L4-5 RORB IL1RAPL2",-0.145085443337789,-0.251092649556314,0.930738526259212,0.336080392055697,0.660427312956927,0.660427312956927,"social_isolation_avg"
"2508","NIFK-AS1","Exc L4-5 RORB IL1RAPL2",0.0652565250135495,5.2266425079295,6.14767800501437,0.0141611723375505,0.120167544856731,0.120167544856731,"social_isolation_avg"
"2509","NIFK","Exc L4-5 RORB IL1RAPL2",-0.0902428923710479,3.1070039278621,4.74975422339007,0.0307174780154022,0.191060289786136,0.191060289786136,"social_isolation_avg"
"2510","TSN","Exc L4-5 RORB IL1RAPL2",-0.0111348712968991,4.94801222908094,0.248652783695315,0.618688199880779,0.855936163886305,0.855936163886305,"social_isolation_avg"
"2511","AC079154.1","Exc L4-5 RORB IL1RAPL2",-0.0429536106651198,1.64400456204482,0.268205363279357,0.605230619351815,0.848956078935109,0.848956078935109,"social_isolation_avg"
"2512","CNTNAP5","Exc L4-5 RORB IL1RAPL2",0.034674075821909,9.20820441449681,0.745689803669985,0.389095564012012,0.704253245585294,0.704253245585294,"social_isolation_avg"
"2513","GYPC","Exc L4-5 RORB IL1RAPL2",-0.0299094881187141,-0.411300381713719,0.0231126012216397,0.879350021260191,0.971919007001401,0.971919007001401,"social_isolation_avg"
"2514","AC012508.2","Exc L4-5 RORB IL1RAPL2",-0.122096442728775,-0.254179166292761,0.670560040819147,0.41403543853083,0.723424557432989,0.723424557432989,"social_isolation_avg"
"2515","AC012508.1","Exc L4-5 RORB IL1RAPL2",-0.023868691943528,1.41210067443713,0.120990732535232,0.728404978416068,0.912362676857568,0.912362676857568,"social_isolation_avg"
"2516","BIN1","Exc L4-5 RORB IL1RAPL2",-0.00174065960610733,6.46478280549981,0.00739806299843805,0.931560979728171,0.985852972617972,0.985852972617972,"social_isolation_avg"
"2517","CYP27C1","Exc L4-5 RORB IL1RAPL2",0.00426377859552094,0.844392447235088,0.00195646350271516,0.964772919630341,0.993602678659138,0.993602678659138,"social_isolation_avg"
"2518","ERCC3","Exc L4-5 RORB IL1RAPL2",0.00350148602286407,5.19105037135426,0.0292027952356498,0.864520634375915,0.966438752795226,0.966438752795226,"social_isolation_avg"
"2519","MAP3K2","Exc L4-5 RORB IL1RAPL2",-0.00904911441279808,6.68656844780933,0.32253639808139,0.601541232753122,0.847172435051866,0.847172435051866,"social_isolation_avg"
"2520","AC068282.1","Exc L4-5 RORB IL1RAPL2",-0.0148530442276997,1.97301675220809,0.0565070766160694,0.932831554429476,0.986583286147705,0.986583286147705,"social_isolation_avg"
"2521","IWS1","Exc L4-5 RORB IL1RAPL2",0.0551759469348201,5.74288320671011,9.47945878708011,0.00243354298304195,0.0422431805340704,0.0422431805340704,"social_isolation_avg"
"2522","AC010976.1","Exc L4-5 RORB IL1RAPL2",0.126827348002589,1.47812933816029,2.78500379408545,0.0970434457048746,0.360531772456986,0.360531772456986,"social_isolation_avg"
"2523","LIMS2","Exc L4-5 RORB IL1RAPL2",0.0808233855312729,-0.00996256308340349,0.421452258787043,0.517114295487315,0.798915618920184,0.798915618920184,"social_isolation_avg"
"2524","WDR33","Exc L4-5 RORB IL1RAPL2",0.0449417998699298,6.56753584333874,9.70744373974406,0.00216425967269467,0.0393371347426089,0.0393371347426089,"social_isolation_avg"
"2525","SFT2D3","Exc L4-5 RORB IL1RAPL2",-0.0947679510865048,1.53742364361933,1.87415800489524,0.257248310252972,0.585461187576081,0.585461187576081,"social_isolation_avg"
"2526","POLR2D","Exc L4-5 RORB IL1RAPL2",0.0391276227496946,3.79860459570288,1.3846886007429,0.24099586289239,0.565391534009537,0.565391534009537,"social_isolation_avg"
"2527","AMMECR1L","Exc L4-5 RORB IL1RAPL2",0.0235277510103993,3.57683160663938,0.451699199469332,0.502467443069794,0.788454676590112,0.788454676590112,"social_isolation_avg"
"2528","AC012306.2","Exc L4-5 RORB IL1RAPL2",-0.184441844971687,1.72076367696484,5.70713240878902,0.0180229073315055,0.140312832632999,0.140312832632999,"social_isolation_avg"
"2529","SAP130","Exc L4-5 RORB IL1RAPL2",0.0246016174023706,5.37607793113526,1.80184952709385,0.181329741930602,0.487854125873353,0.487854125873353,"social_isolation_avg"
"2530","UGGT1","Exc L4-5 RORB IL1RAPL2",-0.00573181246927322,5.53862282473803,0.108546312077335,0.742222352501043,0.919373133834198,0.919373133834198,"social_isolation_avg"
"2531","HS6ST1","Exc L4-5 RORB IL1RAPL2",-0.0161341849643362,6.53817222877193,0.540869296964057,0.463114906006038,0.760298506903608,0.760298506903608,"social_isolation_avg"
"2532","LINC02572","Exc L4-5 RORB IL1RAPL2",0.211452907792318,0.932206480906395,6.62793818104721,0.0109159864663061,0.103789638155265,0.103789638155265,"social_isolation_avg"
"2533","LINC01856","Exc L4-5 RORB IL1RAPL2",-0.107292742457307,-0.423821224925432,0.452353195851822,0.502158675606128,0.788231649339933,0.788231649339933,"social_isolation_avg"
"2534","RAB6C","Exc L4-5 RORB IL1RAPL2",0.0190491512114052,0.0168767256501345,0.024469529530743,0.875887032997212,0.970500479269633,0.970500479269633,"social_isolation_avg"
"2535","CCDC74B","Exc L4-5 RORB IL1RAPL2",0.149937508739674,0.983669973962908,2.62066017807107,0.107386997470112,0.379185535311615,0.379185535311615,"social_isolation_avg"
"2536","SMPD4","Exc L4-5 RORB IL1RAPL2",0.0381430874667283,5.60567118352396,2.10963426303967,0.148269877163784,0.44502131120177,0.44502131120177,"social_isolation_avg"
"2537","MZT2B","Exc L4-5 RORB IL1RAPL2",-0.055115585440493,5.34828669015921,3.32585492504588,0.0700047269002219,0.303102846150824,0.303102846150824,"social_isolation_avg"
"2538","CCDC115","Exc L4-5 RORB IL1RAPL2",-0.0905048371063728,3.71829015271794,6.6248656588411,0.0109340899639055,0.103909551083403,0.103909551083403,"social_isolation_avg"
"2539","IMP4","Exc L4-5 RORB IL1RAPL2",-0.0410611064767643,3.38735627930957,1.25898630310075,0.263470308489448,0.593466869872481,0.593466869872481,"social_isolation_avg"
"2540","PTPN18","Exc L4-5 RORB IL1RAPL2",-0.0101596968636616,4.67158305860406,0.131381361359278,0.717467088276841,0.907582558359927,0.907582558359927,"social_isolation_avg"
"2541","AC013269.2","Exc L4-5 RORB IL1RAPL2",0.0111910051717876,0.483606167789617,0.00949488072315354,0.962680497130667,0.992744587214375,0.992744587214375,"social_isolation_avg"
"2542","CFC1","Exc L4-5 RORB IL1RAPL2",-0.153641448845028,0.788815306364203,2.79805188726553,0.0962705277732511,0.3592062031153,0.3592062031153,"social_isolation_avg"
"2543","AC140481.1","Exc L4-5 RORB IL1RAPL2",0.0249944690598283,1.94320028157237,0.187141084969295,0.665870665853524,0.882014422129642,0.882014422129642,"social_isolation_avg"
"2544","AMER3","Exc L4-5 RORB IL1RAPL2",-0.0262052031780663,3.95913133656575,0.748687588730283,0.388146107163497,0.70386357040833,0.70386357040833,"social_isolation_avg"
"2545","ARHGEF4","Exc L4-5 RORB IL1RAPL2",0.0256120814947951,7.04516488268115,1.67554143614654,0.197323338359384,0.511025853421557,0.511025853421557,"social_isolation_avg"
"2546","FAM168B","Exc L4-5 RORB IL1RAPL2",-0.0185993921646504,6.455281141013,1.03123728780877,0.311352330859629,0.640539127541413,0.640539127541413,"social_isolation_avg"
"2547","PLEKHB2","Exc L4-5 RORB IL1RAPL2",-0.127006121017081,6.27567814060544,31.3365110158699,8.85337897002934e-08,0.000108322552969804,0.000108322552969804,"social_isolation_avg"
"2548","AC073869.3","Exc L4-5 RORB IL1RAPL2",-0.064869447411609,-0.557436225918848,0.133271029317436,0.715531012690416,0.906943848411394,0.906943848411394,"social_isolation_avg"
"2549","MZT2A","Exc L4-5 RORB IL1RAPL2",-0.0488142239172434,4.87306516139526,2.46403572967257,0.118391433809267,0.396896583824442,0.396896583824442,"social_isolation_avg"
"2550","CCDC74A","Exc L4-5 RORB IL1RAPL2",0.0113349190539766,2.10918104570471,0.0449264188860301,0.83240051509384,0.956377179695288,0.956377179695288,"social_isolation_avg"
"2551","C2orf27B","Exc L4-5 RORB IL1RAPL2",-0.0503552651734733,0.960715153940487,0.176688056073346,0.674780980877333,0.885853595671414,0.885853595671414,"social_isolation_avg"
"2552","AJ239322.1","Exc L4-5 RORB IL1RAPL2",0.0994860830087651,2.20473475146564,0.42132387423224,0.517178046224437,0.7989488743152,0.7989488743152,"social_isolation_avg"
"2553","LINC01945","Exc L4-5 RORB IL1RAPL2",-0.0322569528262848,2.14715185812391,0.0454260721488448,0.831485136596462,0.95597801965982,0.95597801965982,"social_isolation_avg"
"2554","ANKRD30BL","Exc L4-5 RORB IL1RAPL2",0.108949122756593,8.1236723643836,5.49842281597267,0.0202216207148125,0.149167772882407,0.149167772882407,"social_isolation_avg"
"2555","AC097532.2","Exc L4-5 RORB IL1RAPL2",-0.113612002507472,1.92659154867405,1.6586979565066,0.199579289523664,0.514218237970458,0.514218237970458,"social_isolation_avg"
"2556","GPR39","Exc L4-5 RORB IL1RAPL2",0.0948681221591019,2.4107253703934,1.34562557548063,0.24771706980838,0.574042214065446,0.574042214065446,"social_isolation_avg"
"2557","AC010890.1","Exc L4-5 RORB IL1RAPL2",-0.161349991468583,1.71725208746874,2.77556539488359,0.0976067924210553,0.361554056264445,0.361554056264445,"social_isolation_avg"
"2558","MGAT5","Exc L4-5 RORB IL1RAPL2",0.00112205091464918,6.68182517009714,0.00302931970235451,0.956173657263838,0.99051528984884,0.99051528984884,"social_isolation_avg"
"2559","TMEM163","Exc L4-5 RORB IL1RAPL2",0.0128740648987733,6.26229736996596,0.184079385507859,0.668449320541742,0.883098002651187,0.883098002651187,"social_isolation_avg"
"2560","CCNT2-AS1","Exc L4-5 RORB IL1RAPL2",-0.0107290965496369,6.00264251544185,0.0985257334140503,0.754001811092144,0.924985253862164,0.924985253862164,"social_isolation_avg"
"2561","ACMSD","Exc L4-5 RORB IL1RAPL2",-0.0541132059284556,2.00646882690143,0.471085214551678,0.493449988002636,0.78253680561159,0.78253680561159,"social_isolation_avg"
"2562","CCNT2","Exc L4-5 RORB IL1RAPL2",0.0524188201826247,6.0452807790415,8.96905111799213,0.0031683130504971,0.0494634096776959,0.0494634096776959,"social_isolation_avg"
"2563","MAP3K19","Exc L4-5 RORB IL1RAPL2",0.0983046097179676,1.42856598142156,1.43759148527672,0.232245486215995,0.55472123299059,0.55472123299059,"social_isolation_avg"
"2564","RAB3GAP1","Exc L4-5 RORB IL1RAPL2",0.0051769011731173,7.49048445037367,0.105857770033518,0.745321668467613,0.920785167671651,0.920785167671651,"social_isolation_avg"
"2565","ZRANB3","Exc L4-5 RORB IL1RAPL2",0.0093408492199718,6.46607916535988,0.274566833458552,0.600986502954595,0.846948679520118,0.846948679520118,"social_isolation_avg"
"2566","R3HDM1","Exc L4-5 RORB IL1RAPL2",0.0370419765599414,10.0328719101819,2.63509790079252,0.106431173233158,0.377183785117921,0.377183785117921,"social_isolation_avg"
"2567","UBXN4","Exc L4-5 RORB IL1RAPL2",0.027863690663129,6.74926426381558,2.72089064118287,0.100941809785783,0.367994517638568,0.367994517638568,"social_isolation_avg"
"2568","MCM6","Exc L4-5 RORB IL1RAPL2",-0.0104248147955369,3.24044630118623,0.0654407837417996,0.798412552937318,0.94343951658597,0.94343951658597,"social_isolation_avg"
"2569","DARS","Exc L4-5 RORB IL1RAPL2",0.0180799356827146,5.39572340167313,0.457568955964789,0.499707742344857,0.786014647344504,0.786014647344504,"social_isolation_avg"
"2570","DARS-AS1","Exc L4-5 RORB IL1RAPL2",0.100250048056788,0.5323806405366,0.662131140002361,0.416979182465494,0.725422731083941,0.725422731083941,"social_isolation_avg"
"2571","THSD7B","Exc L4-5 RORB IL1RAPL2",0.0911505858976075,0.652027242140117,0.113152344199318,0.737010035677393,0.916494152560271,0.916494152560271,"social_isolation_avg"
"2572","HNMT","Exc L4-5 RORB IL1RAPL2",-0.0117368386473272,4.30652412457939,0.105708645507241,0.745494846126633,0.920785167671651,0.920785167671651,"social_isolation_avg"
"2573","AC114763.1","Exc L4-5 RORB IL1RAPL2",-0.119032637263776,1.82087462484254,2.35627309403692,0.126691828564977,0.409556823556798,0.409556823556798,"social_isolation_avg"
"2574","SPOPL","Exc L4-5 RORB IL1RAPL2",-0.00644188619202016,5.61649721011838,0.126656332393085,0.820436283922084,0.952353852408693,0.952353852408693,"social_isolation_avg"
"2575","AC092620.1","Exc L4-5 RORB IL1RAPL2",0.108886237448989,0.356405949140439,0.951761380504404,0.330696921081341,0.656206067416634,0.656206067416634,"social_isolation_avg"
"2576","LINC01853","Exc L4-5 RORB IL1RAPL2",0.0538545437126167,-0.169624975934586,0.115283647051094,0.7346381558253,0.91516949422438,0.91516949422438,"social_isolation_avg"
"2577","LRP1B","Exc L4-5 RORB IL1RAPL2",0.0278981750372977,11.9004378409817,1.88997819290828,0.171065101985059,0.476063617320208,0.476063617320208,"social_isolation_avg"
"2578","KYNU","Exc L4-5 RORB IL1RAPL2",-0.0494885436220794,0.290018364105889,0.196297912424248,0.658305098510031,0.878034031362491,0.878034031362491,"social_isolation_avg"
"2579","ARHGAP15","Exc L4-5 RORB IL1RAPL2",0.186171417887354,1.77412196078227,1.18891761084736,0.277134930552985,0.607539105664816,0.607539105664816,"social_isolation_avg"
"2580","AC096558.2","Exc L4-5 RORB IL1RAPL2",0.109908191451441,-0.0189405817427535,0.283819973599241,0.594923797228623,0.843296700385411,0.843296700385411,"social_isolation_avg"
"2581","AC079793.1","Exc L4-5 RORB IL1RAPL2",0.259906518645107,-0.0836313015918846,3.09601941552709,0.0803339645007388,0.325273368650697,0.325273368650697,"social_isolation_avg"
"2582","AC092652.1","Exc L4-5 RORB IL1RAPL2",0.112176180578691,0.0179663028016154,0.571759530997291,0.450636842818303,0.751564539706047,0.751564539706047,"social_isolation_avg"
"2583","AC092652.2","Exc L4-5 RORB IL1RAPL2",0.0536140770225807,1.87577758535255,0.36496452541067,0.546590154266738,0.815611895947664,0.815611895947664,"social_isolation_avg"
"2584","AC079584.2","Exc L4-5 RORB IL1RAPL2",0.114602179530586,-0.460701464689878,0.418219194085061,0.518723931164434,0.799718651186587,0.799718651186587,"social_isolation_avg"
"2585","AC079584.1","Exc L4-5 RORB IL1RAPL2",0.27813137057863,-0.541816374190434,2.63738798748258,0.10628042900846,0.377027219903409,0.377027219903409,"social_isolation_avg"
"2586","AC016910.1","Exc L4-5 RORB IL1RAPL2",0.0403443840184271,1.18090307975857,0.237254394715062,0.928736395020492,0.984405429958139,0.984405429958139,"social_isolation_avg"
"2587","GTDC1","Exc L4-5 RORB IL1RAPL2",0.0288242123618888,8.10933395578216,2.67298091058489,0.103967632936445,0.373134964887617,0.373134964887617,"social_isolation_avg"
"2588","ZEB2","Exc L4-5 RORB IL1RAPL2",-0.0645945333139028,6.98103750776385,6.06681053688765,0.0147994457152828,0.123295689998391,0.123295689998391,"social_isolation_avg"
"2589","AC009951.2","Exc L4-5 RORB IL1RAPL2",-0.170877313311067,-0.511128903912401,1.05569117095788,0.305701165827227,0.63618255154168,0.63618255154168,"social_isolation_avg"
"2590","ZEB2-AS1","Exc L4-5 RORB IL1RAPL2",0.0587860508598118,0.123181331946676,0.290197692252148,0.610650174988769,0.852117185969555,0.852117185969555,"social_isolation_avg"
"2591","TEX41","Exc L4-5 RORB IL1RAPL2",-0.021105046030227,5.0790374227887,0.189006745800939,0.664311617026123,0.880865588354793,0.880865588354793,"social_isolation_avg"
"2592","ACVR2A","Exc L4-5 RORB IL1RAPL2",0.0272258018660232,6.91565447037524,1.55278152907062,0.214488461966841,0.533765205227689,0.533765205227689,"social_isolation_avg"
"2593","ORC4","Exc L4-5 RORB IL1RAPL2",0.00989950390130608,6.56787975458329,0.30711741889798,0.580203428714697,0.836314736482786,0.836314736482786,"social_isolation_avg"
"2594","MBD5","Exc L4-5 RORB IL1RAPL2",0.0405293111277894,9.21761683400875,10.8439333571077,0.00121229402493171,0.026751907349977,0.026751907349977,"social_isolation_avg"
"2595","EPC2","Exc L4-5 RORB IL1RAPL2",-0.00714756435411585,6.52768661900317,0.154655434993641,0.694632321700728,0.896146969833973,0.896146969833973,"social_isolation_avg"
"2596","AC105402.3","Exc L4-5 RORB IL1RAPL2",-0.172727156640575,7.270700015236,2.02397917366852,0.15671737022364,0.45619220953869,0.45619220953869,"social_isolation_avg"
"2597","KIF5C","Exc L4-5 RORB IL1RAPL2",-0.0282241291606395,8.27712286167645,3.73445863064887,0.0550105727232023,0.265930416287012,0.265930416287012,"social_isolation_avg"
"2598","LYPD6B","Exc L4-5 RORB IL1RAPL2",-0.122297124579204,-0.191150784378742,0.164143783562774,0.685893596413086,0.891563117498239,0.891563117498239,"social_isolation_avg"
"2599","MMADHC","Exc L4-5 RORB IL1RAPL2",-0.0254286312568873,3.64684791804214,0.639633887878223,0.508433072389173,0.792361598111815,0.792361598111815,"social_isolation_avg"
"2600","AC007364.1","Exc L4-5 RORB IL1RAPL2",0.0703970464416273,4.60689052172358,2.58246790597876,0.109961610633128,0.383254465566682,0.383254465566682,"social_isolation_avg"
"2601","LINC01931","Exc L4-5 RORB IL1RAPL2",-0.0629214402818168,0.814703448145965,0.382024390922558,0.537372474968835,0.810815358762785,0.810815358762785,"social_isolation_avg"
"2602","LINC01818","Exc L4-5 RORB IL1RAPL2",0.07510919467878,0.735515634728643,0.508918197488204,0.476613511445454,0.769998793356845,0.769998793356845,"social_isolation_avg"
"2603","RBM43","Exc L4-5 RORB IL1RAPL2",0.119456949383975,-0.100565946860425,0.851887968254293,0.357364075190741,0.677448951510407,0.677448951510407,"social_isolation_avg"
"2604","TNFAIP6","Exc L4-5 RORB IL1RAPL2",0.0807742653850258,-0.0345404276150352,0.299836003045254,0.58472385103152,0.838671305816388,0.838671305816388,"social_isolation_avg"
"2605","RIF1","Exc L4-5 RORB IL1RAPL2",-0.01150081772593,6.38834383722153,0.358663876351817,0.550069079773491,0.81694325419107,0.81694325419107,"social_isolation_avg"
"2606","NEB","Exc L4-5 RORB IL1RAPL2",0.0158853490489194,3.68730187773744,0.0556847167486391,0.813743354050949,0.950908010501076,0.950908010501076,"social_isolation_avg"
"2607","ARL5A","Exc L4-5 RORB IL1RAPL2",0.00556476257449672,4.78506938655383,0.0526029122468106,0.836265844474184,0.956824497333631,0.956824497333631,"social_isolation_avg"
"2608","AC068547.1","Exc L4-5 RORB IL1RAPL2",0.0407855790722268,0.122134474987967,0.122165551133466,0.72714243198169,0.912176201540818,0.912176201540818,"social_isolation_avg"
"2609","CACNB4","Exc L4-5 RORB IL1RAPL2",0.0450816458997149,8.03490356437835,4.5901932894803,0.0336190753102308,0.200474794814017,0.200474794814017,"social_isolation_avg"
"2610","AC079790.1","Exc L4-5 RORB IL1RAPL2",0.0388424436546292,1.7546891990755,0.383744616712966,0.536458873954761,0.81060041160342,0.81060041160342,"social_isolation_avg"
"2611","STAM2","Exc L4-5 RORB IL1RAPL2",0.0440666902595949,5.60451714845658,6.82991578680512,0.0097915152401297,0.0973856090354214,0.0973856090354214,"social_isolation_avg"
"2612","FMNL2","Exc L4-5 RORB IL1RAPL2",0.0060453020142566,9.22245837919002,0.0985577753566981,0.753963117342484,0.924985253862164,0.924985253862164,"social_isolation_avg"
"2613","PRPF40A","Exc L4-5 RORB IL1RAPL2",0.0361886762254528,6.08560777060078,5.30000222360842,0.0225726916077153,0.15930544494949,0.15930544494949,"social_isolation_avg"
"2614","ARL6IP6","Exc L4-5 RORB IL1RAPL2",0.0687565602848347,4.92599672357523,5.9453032505621,0.0158153157833802,0.128099995692353,0.128099995692353,"social_isolation_avg"
"2615","LINC01850","Exc L4-5 RORB IL1RAPL2",-0.270724134012506,0.650089294593294,3.45477644980518,0.0648472454217331,0.290127459536375,0.290127459536375,"social_isolation_avg"
"2616","RPRM","Exc L4-5 RORB IL1RAPL2",-0.175916021937133,4.87515251557203,7.12519883566738,0.00835894247719535,0.088803790348688,0.088803790348688,"social_isolation_avg"
"2617","GALNT13","Exc L4-5 RORB IL1RAPL2",-0.03994418812779,7.08238813444987,1.10006874155169,0.295782120418727,0.626737101573366,0.626737101573366,"social_isolation_avg"
"2618","KCNJ3","Exc L4-5 RORB IL1RAPL2",-0.00645431716789645,8.26103142167111,0.184783145590917,0.667854354404332,0.883067130004296,0.883067130004296,"social_isolation_avg"
"2619","LINC01876","Exc L4-5 RORB IL1RAPL2",-0.0607971168939936,2.87451950908278,0.109855841782444,0.740728151801629,0.918495141243765,0.918495141243765,"social_isolation_avg"
"2620","NR4A2","Exc L4-5 RORB IL1RAPL2",-0.023778546017206,2.27900750725068,0.127603489677164,0.721385525665515,0.909296979182147,0.909296979182147,"social_isolation_avg"
"2621","GPD2","Exc L4-5 RORB IL1RAPL2",-0.0137287499687142,5.2173500771955,0.307344591959536,0.580063527373222,0.836304345045026,0.836304345045026,"social_isolation_avg"
"2622","ACVR1C","Exc L4-5 RORB IL1RAPL2",-0.0895670305329636,2.11149787556535,1.05945732862669,0.304842757411811,0.63579473247232,0.63579473247232,"social_isolation_avg"
"2623","AC019186.1","Exc L4-5 RORB IL1RAPL2",-0.0602061215638892,0.763134190209863,0.43750154365645,0.669136926445691,0.883327969390841,0.883327969390841,"social_isolation_avg"
"2624","ACVR1","Exc L4-5 RORB IL1RAPL2",-0.0229099642936918,4.25785577146823,0.480865988411016,0.489003578548687,0.779808844078475,0.779808844078475,"social_isolation_avg"
"2625","UPP2","Exc L4-5 RORB IL1RAPL2",-0.0115099240708113,6.82737842171183,0.0904411804985281,0.763994959496529,0.929360205936259,0.929360205936259,"social_isolation_avg"
"2626","CCDC148-AS1","Exc L4-5 RORB IL1RAPL2",0.192142811979215,1.17461599850674,3.19227241655123,0.0758198306262631,0.315571274808518,0.315571274808518,"social_isolation_avg"
"2627","CCDC148","Exc L4-5 RORB IL1RAPL2",0.0317629665323143,5.59789537096103,0.906587674069572,0.342411635295223,0.665444797804121,0.665444797804121,"social_isolation_avg"
"2628","PKP4","Exc L4-5 RORB IL1RAPL2",0.0177383018084286,8.33364237119181,0.878961026613954,0.349854211736554,0.671222017873387,0.671222017873387,"social_isolation_avg"
"2629","PKP4-AS1","Exc L4-5 RORB IL1RAPL2",-0.132516688248246,0.70693694669079,1.86765548314381,0.173599831020097,0.479123054772604,0.479123054772604,"social_isolation_avg"
"2630","DAPL1","Exc L4-5 RORB IL1RAPL2",0.0136919141476297,1.32144712439884,0.0204014448224691,0.886595539896058,0.973834564633305,0.973834564633305,"social_isolation_avg"
"2631","WDSUB1","Exc L4-5 RORB IL1RAPL2",0.0045331023962857,5.67253180857842,0.029001060615979,0.864984846388309,0.966487196177524,0.966487196177524,"social_isolation_avg"
"2632","BAZ2B","Exc L4-5 RORB IL1RAPL2",-0.0149519476130377,6.86889261896146,0.501987933109451,0.479625913893366,0.772649463569486,0.772649463569486,"social_isolation_avg"
"2633","AC009506.1","Exc L4-5 RORB IL1RAPL2",-0.372814899730892,-0.644299709921707,3.7310757677132,0.0551194982518197,0.265940481956216,0.265940481956216,"social_isolation_avg"
"2634","AC009961.1","Exc L4-5 RORB IL1RAPL2",0.0313922750794508,4.42055093048165,1.03852248021581,0.309654577388538,0.639261000745227,0.639261000745227,"social_isolation_avg"
"2635","MARCH7","Exc L4-5 RORB IL1RAPL2",-0.0181424940097542,6.29330493828153,1.32315764378025,0.310480765916237,0.640005073744538,0.640005073744538,"social_isolation_avg"
"2636","PLA2R1","Exc L4-5 RORB IL1RAPL2",0.0828007403808988,5.64281244642153,7.85039930850033,0.00568792338510889,0.0708967051183434,0.0708967051183434,"social_isolation_avg"
"2637","LINC02478","Exc L4-5 RORB IL1RAPL2",0.0450749239698524,1.01693992209219,0.2431094403848,0.62262365619683,0.858648848316343,0.858648848316343,"social_isolation_avg"
"2638","RBMS1","Exc L4-5 RORB IL1RAPL2",0.0156553700135477,6.18033893245901,0.248973146471942,0.6184624415621,0.855779424952207,0.855779424952207,"social_isolation_avg"
"2639","AC009313.1","Exc L4-5 RORB IL1RAPL2",0.22908256569598,0.502535293139092,4.3406405882195,0.0387518117085516,0.218559073654607,0.218559073654607,"social_isolation_avg"
"2640","TANK","Exc L4-5 RORB IL1RAPL2",0.0132575201059656,5.90499428435614,0.524695075281322,0.469869745442994,0.765042314019278,0.765042314019278,"social_isolation_avg"
"2641","AC009299.3","Exc L4-5 RORB IL1RAPL2",0.213221338856122,0.932788762615637,5.64783877363495,0.0186209356558756,0.142757991711841,0.142757991711841,"social_isolation_avg"
"2642","PSMD14","Exc L4-5 RORB IL1RAPL2",0.00407788643837113,6.19636917933321,0.0429073447447275,0.836154793334347,0.956824497333631,0.956824497333631,"social_isolation_avg"
"2643","TBR1","Exc L4-5 RORB IL1RAPL2",-0.0343615261383667,3.83142068219404,0.672043150524073,0.413520670463885,0.723126118839849,0.723126118839849,"social_isolation_avg"
"2644","SLC4A10","Exc L4-5 RORB IL1RAPL2",0.0487067336942009,9.33049807452176,12.1615404895224,0.00062509428886098,0.0173337211277428,0.0173337211277428,"social_isolation_avg"
"2645","DPP4","Exc L4-5 RORB IL1RAPL2",-0.0520574476838867,3.5594967022511,0.525577671721843,0.469497062532986,0.764763605143433,0.764763605143433,"social_isolation_avg"
"2646","FAP","Exc L4-5 RORB IL1RAPL2",-0.114914242830388,3.21831680291565,2.53704227139217,0.113113384393347,0.388487834562651,0.388487834562651,"social_isolation_avg"
"2647","IFIH1","Exc L4-5 RORB IL1RAPL2",0.086544164483003,1.58284534437673,0.833422084251322,0.362614453697462,0.682146358959006,0.682146358959006,"social_isolation_avg"
"2648","GCA","Exc L4-5 RORB IL1RAPL2",0.021468626867772,4.96171261417171,0.629220956925383,0.428778352018125,0.734543905779906,0.734543905779906,"social_isolation_avg"
"2649","KCNH7","Exc L4-5 RORB IL1RAPL2",0.0575916528634132,10.1640041227815,6.32032199919375,0.0128924412125125,0.11409629568847,0.11409629568847,"social_isolation_avg"
"2650","AC011900.1","Exc L4-5 RORB IL1RAPL2",0.0499024426694904,3.2713274049132,0.835175963793443,0.362111197744979,0.682081231710578,0.682081231710578,"social_isolation_avg"
"2651","FIGN","Exc L4-5 RORB IL1RAPL2",-0.0593067492627207,5.98739621960573,2.45214060226976,0.119277125326881,0.397758197313849,0.397758197313849,"social_isolation_avg"
"2652","AC016766.1","Exc L4-5 RORB IL1RAPL2",0.0134393605893943,1.18412408800313,0.0199823110982987,0.887758627805953,0.974102504307964,0.974102504307964,"social_isolation_avg"
"2653","GRB14","Exc L4-5 RORB IL1RAPL2",0.0871750862450644,3.71256728400449,1.50517030655633,0.221622131187792,0.542930620928419,0.542930620928419,"social_isolation_avg"
"2654","COBLL1","Exc L4-5 RORB IL1RAPL2",-0.0177024902461258,4.41456356804132,0.0797451345682852,0.777996375147991,0.935858673440101,0.935858673440101,"social_isolation_avg"
"2655","AC019197.1","Exc L4-5 RORB IL1RAPL2",0.0220051397194945,3.75704949990191,0.20770315100839,0.649171775785139,0.872437879882174,0.872437879882174,"social_isolation_avg"
"2656","SLC38A11","Exc L4-5 RORB IL1RAPL2",-0.128613173071918,4.31069879748386,3.06529169723226,0.0818359370312112,0.328890774122249,0.328890774122249,"social_isolation_avg"
"2657","SCN3A","Exc L4-5 RORB IL1RAPL2",0.021492444214321,8.10294458580169,2.0740427273282,0.151715227818974,0.449444782458559,0.449444782458559,"social_isolation_avg"
"2658","SCN2A","Exc L4-5 RORB IL1RAPL2",0.0135301544275566,8.93506760542556,1.31613958073591,0.25294384783806,0.580534173485419,0.580534173485419,"social_isolation_avg"
"2659","CSRNP3","Exc L4-5 RORB IL1RAPL2",-0.0164248598987522,8.46240798813574,1.57147973485857,0.211762385638981,0.530316442346176,0.530316442346176,"social_isolation_avg"
"2660","GALNT3","Exc L4-5 RORB IL1RAPL2",0.0863258957380345,2.33577124931944,0.970308670210017,0.326042846736773,0.6527968068696,0.6527968068696,"social_isolation_avg"
"2661","AC009495.1","Exc L4-5 RORB IL1RAPL2",0.121388693776645,2.60822935932722,1.48492903234784,0.224741224390972,0.545940262768209,0.545940262768209,"social_isolation_avg"
"2662","TTC21B","Exc L4-5 RORB IL1RAPL2",0.0587225132141619,6.82356840005123,14.3721772663542,0.000209931124971903,0.0090023662764696,0.0090023662764696,"social_isolation_avg"
"2663","AC010127.1","Exc L4-5 RORB IL1RAPL2",0.00569434684465334,5.26259094693749,0.0069909302988201,0.933466269389832,0.986583286147705,0.986583286147705,"social_isolation_avg"
"2664","SCN1A","Exc L4-5 RORB IL1RAPL2",0.0522092895449817,8.60804887106579,6.49744666494132,0.0117129394319533,0.108054864452456,0.108054864452456,"social_isolation_avg"
"2665","SCN9A","Exc L4-5 RORB IL1RAPL2",0.0190330069725616,5.76760997800883,0.20872741233374,0.648366490420438,0.872134971902329,0.872134971902329,"social_isolation_avg"
"2666","SCN7A","Exc L4-5 RORB IL1RAPL2",-0.0133559303420951,4.10918846590849,0.0406463215515462,0.840470043115509,0.958874418748966,0.958874418748966,"social_isolation_avg"
"2667","XIRP2","Exc L4-5 RORB IL1RAPL2",0.249885106190503,1.66997004182134,11.3665054562325,0.000931136637602515,0.0226452908998421,0.0226452908998421,"social_isolation_avg"
"2668","AC073050.1","Exc L4-5 RORB IL1RAPL2",0.0285856230858755,8.23006875909296,1.71200908337307,0.192541314661763,0.504371343585106,0.504371343585106,"social_isolation_avg"
"2669","AC016723.1","Exc L4-5 RORB IL1RAPL2",0.02433172377728,3.30493901416602,0.162859899277308,0.687058574124983,0.892202738337652,0.892202738337652,"social_isolation_avg"
"2670","B3GALT1","Exc L4-5 RORB IL1RAPL2",-0.0810861354349519,3.04991798696859,2.96930012824482,0.0867285652446542,0.339538833642479,0.339538833642479,"social_isolation_avg"
"2671","STK39","Exc L4-5 RORB IL1RAPL2",0.0156056410482708,7.50545396172395,0.714815659958824,0.399071914585845,0.712746809125805,0.712746809125805,"social_isolation_avg"
"2672","CERS6","Exc L4-5 RORB IL1RAPL2",0.0142769516941258,8.62964172965268,0.703906273761308,0.402685922499912,0.714890647963322,0.714890647963322,"social_isolation_avg"
"2673","NOSTRIN","Exc L4-5 RORB IL1RAPL2",-0.00454227621557202,0.252090727698967,0.000809934016094375,0.977330127938927,0.996715536610383,0.996715536610383,"social_isolation_avg"
"2674","SPC25","Exc L4-5 RORB IL1RAPL2",-0.0444767661385201,1.36602510111148,0.251978616951063,0.616353292432149,0.854746611446451,0.854746611446451,"social_isolation_avg"
"2675","ABCB11","Exc L4-5 RORB IL1RAPL2",0.0199418871792665,0.157893449838669,0.016201226438711,0.898870302172057,0.977255559309928,0.977255559309928,"social_isolation_avg"
"2676","AC093899.2","Exc L4-5 RORB IL1RAPL2",0.0510698144735854,0.0650213899361225,0.1534354945062,0.695778180542309,0.896746829802588,0.896746829802588,"social_isolation_avg"
"2677","FASTKD1","Exc L4-5 RORB IL1RAPL2",0.0576192239557359,6.3447567273363,12.1364973789659,0.000632957373516578,0.0174834838894995,0.0174834838894995,"social_isolation_avg"
"2678","PPIG","Exc L4-5 RORB IL1RAPL2",0.022347359853589,6.88610312806727,1.76854281232184,0.185394668740381,0.493855065076272,0.493855065076272,"social_isolation_avg"
"2679","CCDC173","Exc L4-5 RORB IL1RAPL2",0.177397795707746,2.0144996874842,6.20015869159849,0.0137623243300153,0.117933396126911,0.117933396126911,"social_isolation_avg"
"2680","KLHL23","Exc L4-5 RORB IL1RAPL2",-0.00237045583634434,6.2209976513395,0.0131353282419799,0.908893778057959,0.979814339396019,0.979814339396019,"social_isolation_avg"
"2681","SSB","Exc L4-5 RORB IL1RAPL2",-0.0670663153620611,5.38773048335772,8.29665139301996,0.00449841909887644,0.0615434474113095,0.0615434474113095,"social_isolation_avg"
"2682","METTL5","Exc L4-5 RORB IL1RAPL2",0.0084964856613387,4.24574098288076,0.0813317081181289,0.775857786613618,0.934972624706469,0.934972624706469,"social_isolation_avg"
"2683","UBR3","Exc L4-5 RORB IL1RAPL2",0.0315558779488311,8.15917329013548,6.36885108157372,0.0125575049418966,0.112128622466081,0.112128622466081,"social_isolation_avg"
"2684","MYO3B","Exc L4-5 RORB IL1RAPL2",0.065795643152534,1.34743822049711,0.827739325382286,0.431702739569341,0.73687393192526,0.73687393192526,"social_isolation_avg"
"2685","AC012594.1","Exc L4-5 RORB IL1RAPL2",-0.0146712936257709,-0.3328890335884,0.0135429107602622,0.907497396757158,0.979320338732308,0.979320338732308,"social_isolation_avg"
"2686","AC007277.1","Exc L4-5 RORB IL1RAPL2",-0.000766995060365147,0.540589289562417,3.68217912387583e-05,0.995165706650017,0.9994589795957,0.9994589795957,"social_isolation_avg"
"2687","AC007405.1","Exc L4-5 RORB IL1RAPL2",0.0441899976164927,1.29431510401943,0.331631949493649,0.565482917984075,0.826991879144998,0.826991879144998,"social_isolation_avg"
"2688","AC007405.3","Exc L4-5 RORB IL1RAPL2",-0.103115222466758,1.00140866288156,1.61167222337697,0.206041336424229,0.523219450608353,0.523219450608353,"social_isolation_avg"
"2689","ERICH2","Exc L4-5 RORB IL1RAPL2",0.00104420365829768,0.980328016581985,0.000141552762863692,0.990521664145768,0.998822911403646,0.998822911403646,"social_isolation_avg"
"2690","GORASP2","Exc L4-5 RORB IL1RAPL2",-0.010456159730261,4.58783179919067,0.177938689396241,0.67369880471731,0.885376845216179,0.885376845216179,"social_isolation_avg"
"2691","TLK1","Exc L4-5 RORB IL1RAPL2",0.046189035691387,6.7123727153529,6.82376410791765,0.00982392789908027,0.0973856090354214,0.0973856090354214,"social_isolation_avg"
"2692","METTL8","Exc L4-5 RORB IL1RAPL2",-0.0394224570280057,4.57538437647326,1.95805024846874,0.163595747279829,0.466724618255869,0.466724618255869,"social_isolation_avg"
"2693","DCAF17","Exc L4-5 RORB IL1RAPL2",0.0160841018852789,4.13799032548411,0.313904071604409,0.611798433404778,0.852292604804285,0.852292604804285,"social_isolation_avg"
"2694","DYNC1I2","Exc L4-5 RORB IL1RAPL2",-0.015639208725343,6.85444611204122,0.391973621561747,0.532127369689395,0.808705378465304,0.808705378465304,"social_isolation_avg"
"2695","SLC25A12","Exc L4-5 RORB IL1RAPL2",0.0222317458960311,8.00900384800395,3.09893879905593,0.0801928329499373,0.32525659325014,0.32525659325014,"social_isolation_avg"
"2696","HAT1","Exc L4-5 RORB IL1RAPL2",0.0413164599395904,4.35685716614994,1.63657921476342,0.202588326054237,0.518346682524978,0.518346682524978,"social_isolation_avg"
"2697","METAP1D","Exc L4-5 RORB IL1RAPL2",-0.00417967704763334,4.06996783034633,0.0116634971552615,0.914128517141035,0.981680326512602,0.981680326512602,"social_isolation_avg"
"2698","AC104088.1","Exc L4-5 RORB IL1RAPL2",0.0715837079808291,0.755143591907767,0.64931467746286,0.422256490245117,0.72903686941581,0.72903686941581,"social_isolation_avg"
"2699","ITGA6","Exc L4-5 RORB IL1RAPL2",-0.0667014366754243,4.65131554811521,0.382065543798229,0.537350585733782,0.810815358762785,0.810815358762785,"social_isolation_avg"
"2700","AC078883.1","Exc L4-5 RORB IL1RAPL2",0.113423267389761,1.59369581794444,1.92437941180443,0.167242245928845,0.470961532254752,0.470961532254752,"social_isolation_avg"
"2701","PDK1","Exc L4-5 RORB IL1RAPL2",0.00219265221337791,4.63951982735179,0.00274128024754815,0.958307267319585,0.991282222630649,0.991282222630649,"social_isolation_avg"
"2702","RAPGEF4-AS1","Exc L4-5 RORB IL1RAPL2",-0.064504279413226,3.94248797326341,2.83103942900532,0.0943464746052045,0.355371878720167,0.355371878720167,"social_isolation_avg"
"2703","RAPGEF4","Exc L4-5 RORB IL1RAPL2",0.0258221598212582,8.96963939488533,3.28589665460425,0.0716918719451621,0.307035289514353,0.307035289514353,"social_isolation_avg"
"2704","MAP3K20","Exc L4-5 RORB IL1RAPL2",0.0411981101525822,4.38215251777744,0.672990511382375,0.413192351060561,0.72299318661147,0.72299318661147,"social_isolation_avg"
"2705","MAP3K20-AS1","Exc L4-5 RORB IL1RAPL2",0.0832838360079731,0.274367145768436,0.507880744911129,0.477062488404924,0.770442074352131,0.770442074352131,"social_isolation_avg"
"2706","SP3","Exc L4-5 RORB IL1RAPL2",0.00809279298267102,5.7435358784716,0.176600106903074,0.988798559090258,0.998787747693845,0.998787747693845,"social_isolation_avg"
"2707","OLA1","Exc L4-5 RORB IL1RAPL2",0.00910802878535935,7.24571108017367,0.456430750186749,0.500240852861377,0.786434711695819,0.786434711695819,"social_isolation_avg"
"2708","CIR1","Exc L4-5 RORB IL1RAPL2",-0.0135774761394905,5.51198671428593,0.530043624534609,0.654586341032081,0.875790422759723,0.875790422759723,"social_isolation_avg"
"2709","SCRN3","Exc L4-5 RORB IL1RAPL2",-0.00242830375879494,4.77413619699132,0.00577092315110811,0.939537542084465,0.987767273530547,0.987767273530547,"social_isolation_avg"
"2710","GPR155","Exc L4-5 RORB IL1RAPL2",0.0250128473363626,7.47517230688228,1.22097151284369,0.27077585332262,0.600478593203957,0.600478593203957,"social_isolation_avg"
"2711","AC010894.3","Exc L4-5 RORB IL1RAPL2",-0.206413167065142,4.61079675451458,25.012447346203,1.4433082807396e-06,0.00042839113445171,0.00042839113445171,"social_isolation_avg"
"2712","WIPF1","Exc L4-5 RORB IL1RAPL2",-0.0621074942147753,0.905232909339477,0.0539239914791991,0.816657969141096,0.951599926146172,0.951599926146172,"social_isolation_avg"
"2713","CHRNA1","Exc L4-5 RORB IL1RAPL2",-0.149704277214677,2.09713219112063,2.80450462350159,0.0958907957343604,0.358678429106943,0.358678429106943,"social_isolation_avg"
"2714","CHN1","Exc L4-5 RORB IL1RAPL2",-0.0608961721581321,9.81351433023127,13.3682532695519,0.000343559102358625,0.0120598465155086,0.0120598465155086,"social_isolation_avg"
"2715","ATF2","Exc L4-5 RORB IL1RAPL2",-0.00857634372383786,6.66970291765925,0.287586868122029,0.592492037335329,0.842274306180829,0.842274306180829,"social_isolation_avg"
"2716","ATP5MC3","Exc L4-5 RORB IL1RAPL2",-0.153466697923588,5.21562037574246,23.1204317760765,3.4019047829783e-06,0.000650176165643761,0.000650176165643761,"social_isolation_avg"
"2717","AC093459.1","Exc L4-5 RORB IL1RAPL2",0.0690409955490707,-3.54884839613987e-05,0.348772227859595,0.555615539463741,0.820371572131671,0.820371572131671,"social_isolation_avg"
"2718","LNPK","Exc L4-5 RORB IL1RAPL2",-0.0171337026114761,5.94708695203366,0.745424190387476,0.389179849682355,0.704253245585294,0.704253245585294,"social_isolation_avg"
"2719","MTX2","Exc L4-5 RORB IL1RAPL2",-0.0397922189013409,6.66389021320095,5.38497296888205,0.0215326825200016,0.154800533583721,0.154800533583721,"social_isolation_avg"
"2720","LINC01116","Exc L4-5 RORB IL1RAPL2",0.0174231434758542,-0.354842526082481,0.00899319719126957,0.924562757981477,0.984076729849897,0.984076729849897,"social_isolation_avg"
"2721","LINC01117","Exc L4-5 RORB IL1RAPL2",-0.0765202001987689,0.166643933058106,0.271623339049976,0.602942418207529,0.84800962572695,0.84800962572695,"social_isolation_avg"
"2722","AC092162.2","Exc L4-5 RORB IL1RAPL2",-0.0024378549622509,0.219491940526049,0.00021998464959153,0.988184192814832,0.998787747693845,0.998787747693845,"social_isolation_avg"
"2723","AC074286.1","Exc L4-5 RORB IL1RAPL2",0.138227409635127,2.81347659564889,4.39951089637828,0.037470541165793,0.213419659662242,0.213419659662242,"social_isolation_avg"
"2724","AC079305.3","Exc L4-5 RORB IL1RAPL2",0.0445345782324497,2.34426232982049,0.741364017061611,0.412733463270836,0.722468928118471,0.722468928118471,"social_isolation_avg"
"2725","HNRNPA3","Exc L4-5 RORB IL1RAPL2",-0.0267396562140548,6.44372514527563,2.84887724276921,0.0933236731150647,0.353741596116608,0.353741596116608,"social_isolation_avg"
"2726","NFE2L2","Exc L4-5 RORB IL1RAPL2",0.038106733107066,6.20988813990497,3.21272147881331,0.0748967143091939,0.313106657411458,0.313106657411458,"social_isolation_avg"
"2727","AGPS","Exc L4-5 RORB IL1RAPL2",0.0383382391942009,5.7446746775373,4.68880533868797,0.0317933771017285,0.194932757012899,0.194932757012899,"social_isolation_avg"
"2728","TTC30B","Exc L4-5 RORB IL1RAPL2",-0.136215426215955,0.577229032553544,1.9911832982994,0.160096564143743,0.461625585212398,0.461625585212398,"social_isolation_avg"
"2729","AC073834.1","Exc L4-5 RORB IL1RAPL2",0.0341748752714291,-0.314815603996307,0.0409554677788971,0.839872772927564,0.958573575616024,0.958573575616024,"social_isolation_avg"
"2730","TTC30A","Exc L4-5 RORB IL1RAPL2",0.0480671704259913,1.03247753836085,0.343467021659351,0.597325310843608,0.844756295482587,0.844756295482587,"social_isolation_avg"
"2731","RBM45","Exc L4-5 RORB IL1RAPL2",-0.00815390607637355,4.45174618877654,0.0883452010987805,0.766664720034845,0.930651386910843,0.930651386910843,"social_isolation_avg"
"2732","OSBPL6","Exc L4-5 RORB IL1RAPL2",0.0467064503344562,8.08019246418725,8.24105187067574,0.00463144234366748,0.0626386851926607,0.0626386851926607,"social_isolation_avg"
"2733","AC009948.1","Exc L4-5 RORB IL1RAPL2",-0.0250080530411175,4.49208260715489,0.60998729349251,0.435909707080088,0.739916351274993,0.739916351274993,"social_isolation_avg"
"2734","PRKRA","Exc L4-5 RORB IL1RAPL2",0.0459283891803578,5.56782408613361,3.7316745680114,0.0551002005505052,0.265940481956216,0.265940481956216,"social_isolation_avg"
"2735","PJVK","Exc L4-5 RORB IL1RAPL2",-0.047402058536542,3.96689502950079,1.83856432208214,0.176968786858145,0.483248147805306,0.483248147805306,"social_isolation_avg"
"2736","FKBP7","Exc L4-5 RORB IL1RAPL2",-0.0747453068624414,0.771487630890037,0.652412699609616,0.420412219300616,0.727179778899986,0.727179778899986,"social_isolation_avg"
"2737","PLEKHA3","Exc L4-5 RORB IL1RAPL2",-0.0131525389770315,5.02239557463214,0.430325954424847,0.51274111950234,0.796124628434578,0.796124628434578,"social_isolation_avg"
"2738","TTN-AS1","Exc L4-5 RORB IL1RAPL2",0.0117667644626061,7.56609002650227,0.132254068802687,0.716571001376523,0.907451972227106,0.907451972227106,"social_isolation_avg"
"2739","TTN","Exc L4-5 RORB IL1RAPL2",0.00777141668087413,4.99099582194356,0.0138166193770324,0.906571591817084,0.979233949236231,0.979233949236231,"social_isolation_avg"
"2740","CCDC141","Exc L4-5 RORB IL1RAPL2",0.088076544236658,0.742472064973213,0.523368900386245,0.470430633034133,0.76528398311743,0.76528398311743,"social_isolation_avg"
"2741","SESTD1","Exc L4-5 RORB IL1RAPL2",0.011333798228197,6.95558675255723,0.270322071341781,0.603811396661829,0.848285969426676,0.848285969426676,"social_isolation_avg"
"2742","ZNF385B","Exc L4-5 RORB IL1RAPL2",0.0194450178316854,9.8278772168226,1.39519440405606,0.239226536856143,0.563195882027507,0.563195882027507,"social_isolation_avg"
"2743","CWC22","Exc L4-5 RORB IL1RAPL2",-0.0118706083336383,5.04589171309557,0.306326515968995,0.580691023905452,0.836412771697586,0.836412771697586,"social_isolation_avg"
"2744","AC009478.1","Exc L4-5 RORB IL1RAPL2",0.121740141404024,0.229522591877928,1.24320296784576,0.266473104857708,0.596728581142846,0.596728581142846,"social_isolation_avg"
"2745","SCHLAP1","Exc L4-5 RORB IL1RAPL2",-0.241229971191103,2.98849510520318,5.62261303393899,0.0188816040854022,0.143708298833425,0.143708298833425,"social_isolation_avg"
"2746","UBE2E3","Exc L4-5 RORB IL1RAPL2",-0.0641165349390698,6.68465458011867,7.46870583895626,0.00696136932975697,0.0804067729601931,0.0804067729601931,"social_isolation_avg"
"2747","LINC01934","Exc L4-5 RORB IL1RAPL2",0.0417299159242425,2.42826150443831,0.312210594317232,0.577082995755098,0.83421416274873,0.83421416274873,"social_isolation_avg"
"2748","CERKL","Exc L4-5 RORB IL1RAPL2",0.125605860203115,0.21921398027001,0.431832767205588,0.512004941686456,0.795503818496423,0.795503818496423,"social_isolation_avg"
"2749","SSFA2","Exc L4-5 RORB IL1RAPL2",-0.00504032248435882,5.52270736376559,0.0295474499860979,0.863731351256343,0.965935391992509,0.965935391992509,"social_isolation_avg"
"2750","PPP1R1C","Exc L4-5 RORB IL1RAPL2",0.108395535859955,0.301057550793803,0.914510878404539,0.34031689231754,0.663760016445746,0.663760016445746,"social_isolation_avg"
"2751","PDE1A","Exc L4-5 RORB IL1RAPL2",0.0185536132815699,10.1391627518355,1.14043389223357,0.28711779542322,0.618225279093358,0.618225279093358,"social_isolation_avg"
"2752","DNAJC10","Exc L4-5 RORB IL1RAPL2",-0.00133777387310907,5.46209969965202,0.00346650643696474,0.953121159678606,0.989452900160271,0.989452900160271,"social_isolation_avg"
"2753","FRZB","Exc L4-5 RORB IL1RAPL2",0.000391944422491134,1.05470309363205,8.73432255418432e-06,0.997645508087534,0.999683089770736,0.999683089770736,"social_isolation_avg"
"2754","NCKAP1","Exc L4-5 RORB IL1RAPL2",-0.0225429922653972,7.69799236575883,3.38580970391235,0.0675532308813112,0.296491459407397,0.296491459407397,"social_isolation_avg"
"2755","DUSP19","Exc L4-5 RORB IL1RAPL2",-0.0643194609086379,3.19528161726626,2.20940390935366,0.139076542148537,0.430964175236237,0.430964175236237,"social_isolation_avg"
"2756","AC064871.1","Exc L4-5 RORB IL1RAPL2",0.0382780936578516,0.47557210215876,0.127625482148363,0.764057678544924,0.929360205936259,0.929360205936259,"social_isolation_avg"
"2757","NUP35","Exc L4-5 RORB IL1RAPL2",0.0708436208386643,3.60220455570562,3.33315946924371,0.0697009755419692,0.302271867574971,0.302271867574971,"social_isolation_avg"
"2758","AC021851.1","Exc L4-5 RORB IL1RAPL2",0.0681426679905738,0.328120175795676,0.4293446538859,0.513221542717343,0.796374643260116,0.796374643260116,"social_isolation_avg"
"2759","AC093639.1","Exc L4-5 RORB IL1RAPL2",0.172919982890291,-0.110320429273057,1.59430277932223,0.208490826725685,0.526612592774889,0.526612592774889,"social_isolation_avg"
"2760","ZNF804A","Exc L4-5 RORB IL1RAPL2",-1.16689539391601,1.70185696794968,13.9024187589032,0.000264194245445095,0.0102645160535249,0.0102645160535249,"social_isolation_avg"
"2761","AC007966.1","Exc L4-5 RORB IL1RAPL2",0.123596139156606,2.1107156029009,4.29911059715162,0.0396835388850334,0.221164135270609,0.221164135270609,"social_isolation_avg"
"2762","FSIP2","Exc L4-5 RORB IL1RAPL2",-0.10262761240539,1.48614953158744,0.736121897955244,0.392148341161062,0.70728190813577,0.70728190813577,"social_isolation_avg"
"2763","FSIP2-AS1","Exc L4-5 RORB IL1RAPL2",0.105897650129604,2.2973558274888,3.49992955475606,0.0631390108043695,0.285324390596961,0.285324390596961,"social_isolation_avg"
"2764","LINC01473","Exc L4-5 RORB IL1RAPL2",0.0458568881297766,3.86936882114911,1.78216382117487,0.516879537481129,0.798813830652655,0.798813830652655,"social_isolation_avg"
"2765","AC017071.1","Exc L4-5 RORB IL1RAPL2",-0.00859973764328896,0.425138667990092,0.0071567659590755,0.969055343596771,0.994265979419796,0.994265979419796,"social_isolation_avg"
"2766","ZC3H15","Exc L4-5 RORB IL1RAPL2",-0.0491213057323921,5.69190729721011,6.04588000184589,0.0149694728023577,0.124335994246448,0.124335994246448,"social_isolation_avg"
"2767","ITGAV","Exc L4-5 RORB IL1RAPL2",-0.0147139353003703,3.66398739428971,0.0698459075183576,0.791890494547211,0.941284083887912,0.941284083887912,"social_isolation_avg"
"2768","AC017101.1","Exc L4-5 RORB IL1RAPL2",0.0859504534725894,0.967735976014663,0.69439926831686,0.405874519091037,0.717125033689968,0.717125033689968,"social_isolation_avg"
"2769","FAM171B","Exc L4-5 RORB IL1RAPL2",-0.0218439176728401,6.68856893412029,1.44258956974947,0.231438954622664,0.553680169479761,0.553680169479761,"social_isolation_avg"
"2770","AC007319.1","Exc L4-5 RORB IL1RAPL2",-0.143730001130524,4.26851323837853,1.06679359347536,0.303179614213825,0.634295325862477,0.634295325862477,"social_isolation_avg"
"2771","CALCRL","Exc L4-5 RORB IL1RAPL2",-0.587268347557163,-0.549851879179995,3.69629947468139,0.05625275160981,0.269310699045286,0.269310699045286,"social_isolation_avg"
"2772","TFPI","Exc L4-5 RORB IL1RAPL2",-0.0298579022168823,1.56069354947253,0.0373602994899056,0.846970625145631,0.961743455463031,0.961743455463031,"social_isolation_avg"
"2773","LINC01090","Exc L4-5 RORB IL1RAPL2",0.024290669594085,5.26849856155874,0.0327062035970471,0.8567079890398,0.963659272061625,0.963659272061625,"social_isolation_avg"
"2774","GULP1","Exc L4-5 RORB IL1RAPL2",-0.0166320340858804,7.02017101494693,0.168443504783543,0.682030322755648,0.88918181884239,0.88918181884239,"social_isolation_avg"
"2775","COL5A2","Exc L4-5 RORB IL1RAPL2",-0.151588331921416,3.09172492061388,0.520643651538001,0.471586648866104,0.766044898969399,0.766044898969399,"social_isolation_avg"
"2776","WDR75","Exc L4-5 RORB IL1RAPL2",0.0543353096539991,5.24880101731872,5.33520148924629,0.0221356294639612,0.157217809717571,0.157217809717571,"social_isolation_avg"
"2777","ASNSD1","Exc L4-5 RORB IL1RAPL2",-0.0282361051701053,4.37303337957102,0.960561856776912,0.328477632035912,0.653810780112717,0.653810780112717,"social_isolation_avg"
"2778","ANKAR","Exc L4-5 RORB IL1RAPL2",0.0772393704692267,5.72335328294819,8.45851151815054,0.00413310167374731,0.0583164927434548,0.0583164927434548,"social_isolation_avg"
"2779","OSGEPL1","Exc L4-5 RORB IL1RAPL2",0.0392926243886526,2.94522381372405,0.993375767691004,0.320375490278086,0.647492485745745,0.647492485745745,"social_isolation_avg"
"2780","OSGEPL1-AS1","Exc L4-5 RORB IL1RAPL2",0.0848056312875879,1.7137061265856,1.95785786615251,0.16361632011475,0.466724618255869,0.466724618255869,"social_isolation_avg"
"2781","AC013468.1","Exc L4-5 RORB IL1RAPL2",-0.0302058065379446,0.947551050549081,0.097533866211082,0.755203023626644,0.925272055070982,0.925272055070982,"social_isolation_avg"
"2782","ORMDL1","Exc L4-5 RORB IL1RAPL2",-0.0144697022028979,5.28717716406675,0.269606065062382,0.604290675996644,0.848581258760019,0.848581258760019,"social_isolation_avg"
"2783","PMS1","Exc L4-5 RORB IL1RAPL2",0.00767636866752633,6.16533510234564,0.209331433635287,0.647892722125557,0.87188088449047,0.87188088449047,"social_isolation_avg"
"2784","C2orf88","Exc L4-5 RORB IL1RAPL2",-0.0221287827743333,4.90756034492312,0.424025345969313,0.515839506406504,0.798315009055903,0.798315009055903,"social_isolation_avg"
"2785","MSTN","Exc L4-5 RORB IL1RAPL2",-0.0427043605573568,0.833370410212852,0.190171029298045,0.663343312220455,0.880718462600746,0.880718462600746,"social_isolation_avg"
"2786","HIBCH","Exc L4-5 RORB IL1RAPL2",-0.0365465755109927,6.89950404220631,1.51085698813163,0.220755245823332,0.541586416323889,0.541586416323889,"social_isolation_avg"
"2787","INPP1","Exc L4-5 RORB IL1RAPL2",0.0264339443912744,4.70347276501852,0.446875665908864,0.504754831632162,0.790209016160197,0.790209016160197,"social_isolation_avg"
"2788","MFSD6","Exc L4-5 RORB IL1RAPL2",-0.00332760071543659,6.55006687671838,0.0345180359110621,0.852837004456116,0.962298732415729,0.962298732415729,"social_isolation_avg"
"2789","NEMP2","Exc L4-5 RORB IL1RAPL2",0.00905638390016046,0.927944498791038,0.0127293900678713,0.910306519324201,0.980748755957933,0.980748755957933,"social_isolation_avg"
"2790","AC108047.1","Exc L4-5 RORB IL1RAPL2",0.00298639090213819,4.79360005893341,0.00898965748175944,0.924577560728377,0.984076729849897,0.984076729849897,"social_isolation_avg"
"2791","NAB1","Exc L4-5 RORB IL1RAPL2",-0.0271745295065914,5.7461683164571,0.911325787463915,0.341156876584445,0.664452995027894,0.664452995027894,"social_isolation_avg"
"2792","AC006460.1","Exc L4-5 RORB IL1RAPL2",-0.028312759851937,0.510001472228108,0.0777548594376385,0.78071187959898,0.936857406361595,0.936857406361595,"social_isolation_avg"
"2793","GLS","Exc L4-5 RORB IL1RAPL2",-0.0107895176443781,8.38682091823761,0.507482704214473,0.477234931698395,0.770615901121958,0.770615901121958,"social_isolation_avg"
"2794","STAT1","Exc L4-5 RORB IL1RAPL2",-0.127379627055318,4.21267942755585,4.39097692921266,0.037653464043119,0.214010571691155,0.214010571691155,"social_isolation_avg"
"2795","STAT4","Exc L4-5 RORB IL1RAPL2",0.0970668970952696,6.46349060157206,6.57802919418442,0.0112139401791385,0.105432850098425,0.105432850098425,"social_isolation_avg"
"2796","MYO1B","Exc L4-5 RORB IL1RAPL2",-0.30253213075884,0.786577639407013,1.0336191543055,0.31079591809049,0.640096828800496,0.640096828800496,"social_isolation_avg"
"2797","NABP1","Exc L4-5 RORB IL1RAPL2",-0.0522495021456023,3.28097711850936,1.27718032540286,0.260061164994431,0.589306623388507,0.589306623388507,"social_isolation_avg"
"2798","AC098617.1","Exc L4-5 RORB IL1RAPL2",-0.0166262006578309,2.90431062001429,0.0657454933149064,0.797954006066249,0.94343951658597,0.94343951658597,"social_isolation_avg"
"2799","TMEFF2","Exc L4-5 RORB IL1RAPL2",0.0230138857896989,9.05362195809032,1.51475451405793,0.220163459214396,0.540790966090561,0.540790966090561,"social_isolation_avg"
"2800","LINC01821","Exc L4-5 RORB IL1RAPL2",0.034600685913091,4.90033561180372,0.595685988923385,0.441330764904865,0.74393666091183,0.74393666091183,"social_isolation_avg"
"2801","AC010983.1","Exc L4-5 RORB IL1RAPL2",0.0167218292009687,0.0107417565984518,0.0130660045627205,0.909133455220058,0.979931303760893,0.979931303760893,"social_isolation_avg"
"2802","AC104823.1","Exc L4-5 RORB IL1RAPL2",-0.367190043000233,-0.738468229433478,2.60915559960108,0.108155443280494,0.380338576887437,0.380338576887437,"social_isolation_avg"
"2803","AC064834.1","Exc L4-5 RORB IL1RAPL2",-0.20496448942188,0.256234377820161,1.37524482772278,0.242600026739434,0.56725594487603,0.56725594487603,"social_isolation_avg"
"2804","SLC39A10","Exc L4-5 RORB IL1RAPL2",-0.0850606051257669,7.51137309298392,16.2274367264363,8.5478509281121e-05,0.00513440912415267,0.00513440912415267,"social_isolation_avg"
"2805","DNAH7","Exc L4-5 RORB IL1RAPL2",-0.0245787467528943,5.65875174120018,0.579076911734264,0.447758567974297,0.748530333988406,0.748530333988406,"social_isolation_avg"
"2806","STK17B","Exc L4-5 RORB IL1RAPL2",0.0278171590761971,1.73449695761008,0.102885656541004,0.748798991884704,0.922429266275556,0.922429266275556,"social_isolation_avg"
"2807","HECW2","Exc L4-5 RORB IL1RAPL2",-0.016593531929692,8.67961034768354,1.1830705992955,0.27831519239342,0.609279388554425,0.609279388554425,"social_isolation_avg"
"2808","CCDC150","Exc L4-5 RORB IL1RAPL2",0.10368145967631,1.90490744451229,2.36861847623253,0.125708656046863,0.408660651091422,0.408660651091422,"social_isolation_avg"
"2809","GTF3C3","Exc L4-5 RORB IL1RAPL2",-0.0382675904713095,4.81153183200038,2.17830425472357,0.141870997828209,0.435416244916065,0.435416244916065,"social_isolation_avg"
"2810","PGAP1","Exc L4-5 RORB IL1RAPL2",0.0179331674256389,6.36417346565458,0.22373696739405,0.636831176970374,0.866571025320159,0.866571025320159,"social_isolation_avg"
"2811","ANKRD44","Exc L4-5 RORB IL1RAPL2",0.0175745501222837,6.29524845902113,0.329454071772074,0.566760929738235,0.827595395006403,0.827595395006403,"social_isolation_avg"
"2812","SF3B1","Exc L4-5 RORB IL1RAPL2",-0.0292636211505039,6.19221180326882,2.01046609942,0.15809971287112,0.458196052592047,0.458196052592047,"social_isolation_avg"
"2813","COQ10B","Exc L4-5 RORB IL1RAPL2",-0.00420875082677998,4.23162098424873,0.0212678257910762,0.884229392912113,0.973439480030842,0.973439480030842,"social_isolation_avg"
"2814","HSPD1","Exc L4-5 RORB IL1RAPL2",-0.0563097670005418,5.44128515044135,4.14514639026557,0.0433503842370273,0.232558157116188,0.232558157116188,"social_isolation_avg"
"2815","HSPE1","Exc L4-5 RORB IL1RAPL2",-0.373909197033878,-0.561055447433463,4.12113795542549,0.0439538532435498,0.234135939532997,0.234135939532997,"social_isolation_avg"
"2816","HSPE1-MOB4","Exc L4-5 RORB IL1RAPL2",-0.0694030845444458,1.4132463217158,0.697487315685744,0.404834758287704,0.716680245280843,0.716680245280843,"social_isolation_avg"
"2817","MOB4","Exc L4-5 RORB IL1RAPL2",-0.032756674052991,4.4089784256463,1.42057028169186,0.235017935903694,0.558184858316462,0.558184858316462,"social_isolation_avg"
"2818","AC011997.1","Exc L4-5 RORB IL1RAPL2",-0.00959674626716905,4.89369966789515,0.0754643123761737,0.783883866238593,0.937860928889192,0.937860928889192,"social_isolation_avg"
"2819","PLCL1","Exc L4-5 RORB IL1RAPL2",0.0225952146428823,8.17262961267581,0.702447711739959,0.403172727497899,0.715344258907328,0.715344258907328,"social_isolation_avg"
"2820","LINC01923","Exc L4-5 RORB IL1RAPL2",-0.0384029996696979,3.81035915608188,0.490684149104331,0.484607086335505,0.776186004928958,0.776186004928958,"social_isolation_avg"
"2821","AC019330.1","Exc L4-5 RORB IL1RAPL2",0.0612320613083251,3.29836122394135,0.874423018870679,0.351097806158522,0.671906212533577,0.671906212533577,"social_isolation_avg"
"2822","AC020718.1","Exc L4-5 RORB IL1RAPL2",0.0623012965581981,1.49715175502599,0.434060516635772,0.510919904563437,0.794600979306657,0.794600979306657,"social_isolation_avg"
"2823","SATB2","Exc L4-5 RORB IL1RAPL2",0.00617264032621409,8.29226215326467,0.136076753264047,0.712684888018224,0.905865293980439,0.905865293980439,"social_isolation_avg"
"2824","AC016746.1","Exc L4-5 RORB IL1RAPL2",0.0264465527244573,-0.258128307830667,0.0281559284554946,0.866947879120453,0.966778680963355,0.966778680963355,"social_isolation_avg"
"2825","SATB2-AS1","Exc L4-5 RORB IL1RAPL2",-0.0889384056977735,3.71977114249117,5.92186076261361,0.0160195222021604,0.129320408659166,0.129320408659166,"social_isolation_avg"
"2826","FTCDNL1","Exc L4-5 RORB IL1RAPL2",-0.0224059167071695,5.68844959291875,0.550590912740649,0.459129388587316,0.757515448331061,0.757515448331061,"social_isolation_avg"
"2827","C2orf69","Exc L4-5 RORB IL1RAPL2",-0.00523533331424054,4.96500569959608,0.040676104297985,0.84041240018876,0.958874418748966,0.958874418748966,"social_isolation_avg"
"2828","TYW5","Exc L4-5 RORB IL1RAPL2",0.0462130017396212,4.12103881559935,1.91645225074228,0.168114326555762,0.471722448974195,0.471722448974195,"social_isolation_avg"
"2829","MAIP1","Exc L4-5 RORB IL1RAPL2",0.0636909116448142,4.84625520733106,5.04234285901497,0.0260604988728762,0.172740669540616,0.172740669540616,"social_isolation_avg"
"2830","SPATS2L","Exc L4-5 RORB IL1RAPL2",0.0155521866996678,7.6384380467801,0.310757532109595,0.577969818507672,0.834779944818296,0.834779944818296,"social_isolation_avg"
"2831","KCTD18","Exc L4-5 RORB IL1RAPL2",0.0189344220470324,3.6218775331559,0.28202294030007,0.755338098547983,0.925272055070982,0.925272055070982,"social_isolation_avg"
"2832","SGO2","Exc L4-5 RORB IL1RAPL2",0.0786164583081171,2.97225624188474,2.79012718666817,0.0967391454569575,0.360111686667175,0.360111686667175,"social_isolation_avg"
"2833","AOX1","Exc L4-5 RORB IL1RAPL2",0.192867022787699,-0.435353884329534,1.43114035537438,0.233291551073527,0.556251541123295,0.556251541123295,"social_isolation_avg"
"2834","AC007163.1","Exc L4-5 RORB IL1RAPL2",-0.194707645549537,0.987841567142126,2.85153245395883,0.0931724691222526,0.353458655010957,0.353458655010957,"social_isolation_avg"
"2835","BZW1","Exc L4-5 RORB IL1RAPL2",-0.0422409871043329,3.76504751897638,1.50414122299445,0.221779443924346,0.542944829177582,0.542944829177582,"social_isolation_avg"
"2836","CLK1","Exc L4-5 RORB IL1RAPL2",0.00627137362869369,5.58030731355687,0.0298349901876055,0.863076483977832,0.965740698866505,0.965740698866505,"social_isolation_avg"
"2837","PPIL3","Exc L4-5 RORB IL1RAPL2",0.029944646926454,4.40343443472409,0.935640234370167,0.3348147106585,0.65935040765743,0.65935040765743,"social_isolation_avg"
"2838","NIF3L1","Exc L4-5 RORB IL1RAPL2",-0.0554411888034832,3.35787336590945,2.34664127915838,0.12746488624662,0.410652666894651,0.410652666894651,"social_isolation_avg"
"2839","ORC2","Exc L4-5 RORB IL1RAPL2",0.0969989386723846,6.25120390070778,30.4350933949044,1.30924430078815e-07,0.000121080821800259,0.000121080821800259,"social_isolation_avg"
"2840","AC005037.1","Exc L4-5 RORB IL1RAPL2",-0.0244107668666889,3.48795588715858,0.48122365294838,0.741731941797593,0.918987183607189,0.918987183607189,"social_isolation_avg"
"2841","FAM126B","Exc L4-5 RORB IL1RAPL2",0.00327462433073304,7.21612276630355,0.0470831833663132,0.828486375613145,0.954327938206278,0.954327938206278,"social_isolation_avg"
"2842","NDUFB3","Exc L4-5 RORB IL1RAPL2",-0.136501471215478,3.80345826459622,9.09631501059597,0.00296606899868204,0.0476087150426694,0.0476087150426694,"social_isolation_avg"
"2843","CFLAR","Exc L4-5 RORB IL1RAPL2",-0.148955256637298,2.34854817199632,3.17616877400308,0.0765554710481932,0.317585193532748,0.317585193532748,"social_isolation_avg"
"2844","CASP8","Exc L4-5 RORB IL1RAPL2",-0.0156600765405092,0.607712400979339,0.0237898742207873,0.877608924959683,0.971449507749723,0.971449507749723,"social_isolation_avg"
"2845","ALS2CR12","Exc L4-5 RORB IL1RAPL2",0.06744269979297,4.13895573469606,1.14477284237729,0.286205920751548,0.617299377968904,0.617299377968904,"social_isolation_avg"
"2846","TRAK2","Exc L4-5 RORB IL1RAPL2",0.046538469774681,6.48408825399974,7.61719039157081,0.00643421187095081,0.0766244074047536,0.0766244074047536,"social_isolation_avg"
"2847","STRADB","Exc L4-5 RORB IL1RAPL2",0.0260157621780612,4.38617246046588,1.0127314209965,0.315720237044221,0.643791637580957,0.643791637580957,"social_isolation_avg"
"2848","C2CD6","Exc L4-5 RORB IL1RAPL2",0.129050877940968,3.10816710632089,4.73771366359139,0.0309269432882863,0.191732861716142,0.191732861716142,"social_isolation_avg"
"2849","TMEM237","Exc L4-5 RORB IL1RAPL2",-0.0032120242907891,4.14975755453139,0.0135602478943321,0.907438475061658,0.979320338732308,0.979320338732308,"social_isolation_avg"
"2850","MPP4","Exc L4-5 RORB IL1RAPL2",0.167950378239712,3.00851516273774,6.73092833271968,0.0103267933315818,0.100770116878215,0.100770116878215,"social_isolation_avg"
"2851","ALS2","Exc L4-5 RORB IL1RAPL2",0.0511395647639364,6.7879619631041,8.54371969973467,0.00395319230057696,0.0566654178175884,0.0566654178175884,"social_isolation_avg"
"2852","CDK15","Exc L4-5 RORB IL1RAPL2",0.00751579685639752,0.623003014587339,0.00363390568299526,0.952003950161052,0.989452900160271,0.989452900160271,"social_isolation_avg"
"2853","FZD7","Exc L4-5 RORB IL1RAPL2",-0.117600377748222,-0.482199890412462,0.296770550489932,0.58664832350426,0.839667312378365,0.839667312378365,"social_isolation_avg"
"2854","KIAA2012","Exc L4-5 RORB IL1RAPL2",0.0767990542083835,2.84315737392181,0.674231024879786,0.41276302060994,0.722468928118471,0.722468928118471,"social_isolation_avg"
"2855","AC079354.1","Exc L4-5 RORB IL1RAPL2",0.155649691230884,-0.400384062657992,1.02154981847386,0.31362887191389,0.642373438801511,0.642373438801511,"social_isolation_avg"
"2856","SUMO1","Exc L4-5 RORB IL1RAPL2",-0.0429350941716941,5.68290985186194,4.18573949595206,0.0423499762649474,0.229674752493945,0.229674752493945,"social_isolation_avg"
"2857","NOP58","Exc L4-5 RORB IL1RAPL2",0.0683989836840716,5.79707822377939,12.2189929725223,0.000607429956687981,0.017052199125361,0.017052199125361,"social_isolation_avg"
"2858","AC064836.3","Exc L4-5 RORB IL1RAPL2",-0.0564960475725678,0.821069945446993,0.380846346887934,0.537999769812373,0.811373636586953,0.811373636586953,"social_isolation_avg"
"2859","BMPR2","Exc L4-5 RORB IL1RAPL2",0.00740609896286315,8.0718591123626,0.306994043106008,0.580279436334334,0.836314736482786,0.836314736482786,"social_isolation_avg"
"2860","FAM117B","Exc L4-5 RORB IL1RAPL2",0.00735179748071492,6.49156546782874,0.125213653233878,0.723898185268794,0.910112559166016,0.910112559166016,"social_isolation_avg"
"2861","ICA1L","Exc L4-5 RORB IL1RAPL2",-0.0112987336290881,7.77978547125652,0.484511754100075,0.487363311977298,0.778597068661083,0.778597068661083,"social_isolation_avg"
"2862","WDR12","Exc L4-5 RORB IL1RAPL2",0.0108218996288106,5.02166936706036,0.226387469589688,0.634843716763605,0.86562455441284,0.86562455441284,"social_isolation_avg"
"2863","CARF","Exc L4-5 RORB IL1RAPL2",-0.00130132736201605,4.42774865852299,0.00185726105500906,0.965677060643585,0.993640457161603,0.993640457161603,"social_isolation_avg"
"2864","NBEAL1","Exc L4-5 RORB IL1RAPL2",0.0181227679515045,6.69570117639512,0.786764591754307,0.376368959053198,0.695027880189739,0.695027880189739,"social_isolation_avg"
"2865","CYP20A1","Exc L4-5 RORB IL1RAPL2",0.0603215390755553,4.1906469330709,2.96055614290968,0.0871898571779251,0.340429072980504,0.340429072980504,"social_isolation_avg"
"2866","ABI2","Exc L4-5 RORB IL1RAPL2",-0.00802287486666601,7.92641845590578,0.32840444785505,0.567378873683278,0.827772046338292,0.827772046338292,"social_isolation_avg"
"2867","RAPH1","Exc L4-5 RORB IL1RAPL2",-0.00313886059615071,6.26473661835867,0.0180706186322569,0.893228470214202,0.975474727711369,0.975474727711369,"social_isolation_avg"
"2868","PARD3B","Exc L4-5 RORB IL1RAPL2",-0.736475068351234,-0.379875017845946,5.1759822712882,0.0241939006781175,0.165799635903898,0.165799635903898,"social_isolation_avg"
"2869","NRP2","Exc L4-5 RORB IL1RAPL2",-0.048872110690105,3.07357966576653,0.714466883698807,0.39918672239542,0.712857761442178,0.712857761442178,"social_isolation_avg"
"2870","AC007679.1","Exc L4-5 RORB IL1RAPL2",0.0191348211186041,0.67733099908341,0.0242480092818497,0.876445527731507,0.970687533962061,0.970687533962061,"social_isolation_avg"
"2871","INO80D","Exc L4-5 RORB IL1RAPL2",0.0627723100320212,7.20781972720502,0.80310551815037,0.371469726122329,0.689489203891637,0.689489203891637,"social_isolation_avg"
"2872","NDUFS1","Exc L4-5 RORB IL1RAPL2",-0.0287967128678952,7.14024695602607,3.54802111568685,0.0613727091474928,0.281742447379774,0.281742447379774,"social_isolation_avg"
"2873","AC007383.3","Exc L4-5 RORB IL1RAPL2",-0.15992482176616,1.06384424217053,3.08363835568002,0.0809355115525314,0.326729424810209,0.326729424810209,"social_isolation_avg"
"2874","EEF1B2","Exc L4-5 RORB IL1RAPL2",-0.055667997314991,3.52436797027128,1.8895622302312,0.171111940621325,0.476090529813181,0.476090529813181,"social_isolation_avg"
"2875","GPR1","Exc L4-5 RORB IL1RAPL2",0.0562344073838477,0.260944307780616,0.219453944369978,0.640073465011964,0.867500167660883,0.867500167660883,"social_isolation_avg"
"2876","ZDBF2","Exc L4-5 RORB IL1RAPL2",0.00301589415811721,6.38508474720344,0.0201651937267421,0.887249616438615,0.974095556110611,0.974095556110611,"social_isolation_avg"
"2877","ADAM23","Exc L4-5 RORB IL1RAPL2",0.0349290106375157,8.46809524363717,5.21662867051818,0.0236443590874458,0.163574010344995,0.163574010344995,"social_isolation_avg"
"2878","FAM237A","Exc L4-5 RORB IL1RAPL2",0.0551923244280535,-0.477767979945574,0.103900133055268,0.747605907844116,0.921915827782467,0.921915827782467,"social_isolation_avg"
"2879","DYTN","Exc L4-5 RORB IL1RAPL2",0.0131148551338205,0.695917616537177,0.00797994524345024,0.928927367977261,0.984497548283076,0.984497548283076,"social_isolation_avg"
"2880","MDH1B","Exc L4-5 RORB IL1RAPL2",0.114299359264719,2.83022526898516,3.4449741228012,0.0652246225641626,0.290859081672524,0.290859081672524,"social_isolation_avg"
"2881","FASTKD2","Exc L4-5 RORB IL1RAPL2",0.0242464850322324,4.61689371979743,0.898785714510734,0.344491451937965,0.667156884556625,0.667156884556625,"social_isolation_avg"
"2882","AC008269.1","Exc L4-5 RORB IL1RAPL2",0.0840610595079848,2.23113549687093,1.94130234774358,0.165397935592778,0.468888913599677,0.468888913599677,"social_isolation_avg"
"2883","CPO","Exc L4-5 RORB IL1RAPL2",0.0202093065313518,3.63195404662337,0.17773761927696,0.673872488197047,0.88537888682566,0.88537888682566,"social_isolation_avg"
"2884","KLF7","Exc L4-5 RORB IL1RAPL2",-0.00372252700650564,5.70299844910789,0.0171948725117615,0.89583254532143,0.976328989691077,0.976328989691077,"social_isolation_avg"
"2885","AC007879.1","Exc L4-5 RORB IL1RAPL2",-0.0297353116206345,1.14488313128695,0.125776595634572,0.723303894911719,0.91006041627328,0.91006041627328,"social_isolation_avg"
"2886","AC007879.3","Exc L4-5 RORB IL1RAPL2",0.158601246738824,0.174045331794227,1.33885765407012,0.248904890359715,0.575017851890607,0.575017851890607,"social_isolation_avg"
"2887","AC009226.1","Exc L4-5 RORB IL1RAPL2",0.0501720424577892,1.4035580618307,0.407229341343056,0.52426222752474,0.804109779930001,0.804109779930001,"social_isolation_avg"
"2888","CREB1","Exc L4-5 RORB IL1RAPL2",-0.0439755310476395,6.17973217723858,6.78671435515999,0.010021503960556,0.0986047199363915,0.0986047199363915,"social_isolation_avg"
"2889","METTL21A","Exc L4-5 RORB IL1RAPL2",-0.00925997706334573,4.52558675175664,0.0746089383235675,0.785081669966292,0.938293153466554,0.938293153466554,"social_isolation_avg"
"2890","CCNYL1","Exc L4-5 RORB IL1RAPL2",0.0146180827608919,5.36898135671669,0.272710078675927,0.60221872815998,0.847600124527637,0.847600124527637,"social_isolation_avg"
"2891","FZD5","Exc L4-5 RORB IL1RAPL2",-0.00323746321077867,0.16195416024146,0.000860209077933376,0.976637323268831,0.996653621356429,0.996653621356429,"social_isolation_avg"
"2892","PLEKHM3","Exc L4-5 RORB IL1RAPL2",0.00103954370130247,7.36441887767274,0.00542017899988379,0.941400287025508,0.987961902248838,0.987961902248838,"social_isolation_avg"
"2893","CRYGD","Exc L4-5 RORB IL1RAPL2",-0.0139248933998376,-0.0672001920951604,0.00835673292427318,0.927273397818235,0.98417618971798,0.98417618971798,"social_isolation_avg"
"2894","CRYGA","Exc L4-5 RORB IL1RAPL2",0.227414175167959,-0.0121550949437682,2.90316608721595,0.0902848883335109,0.347192095320712,0.347192095320712,"social_isolation_avg"
"2895","C2orf80","Exc L4-5 RORB IL1RAPL2",-0.022842730323862,4.78611920881604,0.41050410547417,0.522600987379958,0.802608220959106,0.802608220959106,"social_isolation_avg"
"2896","IDH1","Exc L4-5 RORB IL1RAPL2",0.0698002842419345,4.51839717462762,4.0026106943074,0.0470668523402223,0.243986825514889,0.243986825514889,"social_isolation_avg"
"2897","PIKFYVE","Exc L4-5 RORB IL1RAPL2",0.0138699972312009,6.191397420607,0.736074665456036,0.392163496810201,0.70728190813577,0.70728190813577,"social_isolation_avg"
"2898","PTH2R","Exc L4-5 RORB IL1RAPL2",-0.0214690936218335,3.28423536339626,0.0759919201187271,0.783148681197987,0.937680175261092,0.937680175261092,"social_isolation_avg"
"2899","MAP2","Exc L4-5 RORB IL1RAPL2",0.000656019698610283,9.65405429148426,0.00176412068111524,0.966548243763059,0.993646254835144,0.993646254835144,"social_isolation_avg"
"2900","UNC80","Exc L4-5 RORB IL1RAPL2",0.0167700791994911,8.72749822251568,1.0637124642153,0.303876669943661,0.634969682164992,0.634969682164992,"social_isolation_avg"
"2901","RPE","Exc L4-5 RORB IL1RAPL2",0.0265004117030599,5.55564068747527,0.882342877498101,0.348931367195913,0.671078252151497,0.671078252151497,"social_isolation_avg"
"2902","KANSL1L","Exc L4-5 RORB IL1RAPL2",0.00374238081167451,6.0343416473935,0.0216460266306418,0.883211952350642,0.973227420174169,0.973227420174169,"social_isolation_avg"
"2903","AC007038.2","Exc L4-5 RORB IL1RAPL2",0.0808030927459885,2.95155566841032,3.17520532610919,0.0765997277713547,0.317699133967953,0.317699133967953,"social_isolation_avg"
"2904","AC007038.1","Exc L4-5 RORB IL1RAPL2",0.139379823946842,4.50682652258503,10.7150948374986,0.00129409938137104,0.0278879890602751,0.0278879890602751,"social_isolation_avg"
"2905","LANCL1-AS1","Exc L4-5 RORB IL1RAPL2",0.023809040804996,1.76920836990298,0.0858316805159696,0.769912203909018,0.93177700720781,0.93177700720781,"social_isolation_avg"
"2906","LANCL1","Exc L4-5 RORB IL1RAPL2",-0.0272272522994916,6.050111673702,2.17869724758091,0.141835291055474,0.435416244916065,0.435416244916065,"social_isolation_avg"
"2907","CPS1","Exc L4-5 RORB IL1RAPL2",-0.00768016440299981,3.99532252797904,0.0423265346690311,0.837251751083749,0.957430217711568,0.957430217711568,"social_isolation_avg"
"2908","IKZF2","Exc L4-5 RORB IL1RAPL2",-0.0760404897685418,4.17325341626806,3.57050651730457,0.0605651563067914,0.280257352379317,0.280257352379317,"social_isolation_avg"
"2909","AC079610.3","Exc L4-5 RORB IL1RAPL2",-0.0360015276464872,-0.0336793574266071,0.0864845346925646,0.769063795641729,0.931404335648312,0.931404335648312,"social_isolation_avg"
"2910","AC079610.1","Exc L4-5 RORB IL1RAPL2",-0.149588271026455,0.233455975250594,1.74104375434849,0.188831320364197,0.499074928427292,0.499074928427292,"social_isolation_avg"
"2911","SPAG16","Exc L4-5 RORB IL1RAPL2",0.087338743477185,7.76648840101917,9.63697549091741,0.00224406271006618,0.040018765822019,0.040018765822019,"social_isolation_avg"
"2912","AC068051.1","Exc L4-5 RORB IL1RAPL2",-0.0615800017055178,2.81983759345299,1.14762816865687,0.285607863154574,0.616677587212976,0.616677587212976,"social_isolation_avg"
"2913","VWC2L","Exc L4-5 RORB IL1RAPL2",-0.0321740838078511,5.14151867326079,0.306012466831409,0.580884864929738,0.836511342517359,0.836511342517359,"social_isolation_avg"
"2914","BARD1","Exc L4-5 RORB IL1RAPL2",-0.314751652286793,0.251474258538525,1.71695341764002,0.191903525724037,0.503398890269058,0.503398890269058,"social_isolation_avg"
"2915","AC016708.1","Exc L4-5 RORB IL1RAPL2",0.24475686217564,1.35915468467789,2.45924621903009,0.118747167420041,0.397455360826923,0.397455360826923,"social_isolation_avg"
"2916","ABCA12","Exc L4-5 RORB IL1RAPL2",-0.0223898430047887,0.0396891365846901,0.0321016225536639,0.858024230482919,0.964243395716678,0.964243395716678,"social_isolation_avg"
"2917","AC072062.1","Exc L4-5 RORB IL1RAPL2",0.0290841924151066,-0.0721546178757131,0.0514957124437438,0.841035328373144,0.959206115017979,0.959206115017979,"social_isolation_avg"
"2918","ATIC","Exc L4-5 RORB IL1RAPL2",-0.029510282055348,3.88478949342789,0.728295656178447,0.39467115875567,0.709575541126571,0.709575541126571,"social_isolation_avg"
"2919","FN1","Exc L4-5 RORB IL1RAPL2",-0.0717545985051812,2.15939777176256,1.00459209916676,0.317666882525567,0.645647604181802,0.645647604181802,"social_isolation_avg"
"2920","AC012668.3","Exc L4-5 RORB IL1RAPL2",0.0660392519976407,1.05664331933269,0.569101237770775,0.451689660116468,0.752180227894597,0.752180227894597,"social_isolation_avg"
"2921","LINC00607","Exc L4-5 RORB IL1RAPL2",-0.163554399686156,-0.160628859803728,1.44719194172907,0.23069928592096,0.552819299507407,0.552819299507407,"social_isolation_avg"
"2922","MREG","Exc L4-5 RORB IL1RAPL2",0.0787553747805683,3.50070201545865,4.33165590385893,0.0389514010142456,0.219240903513709,0.219240903513709,"social_isolation_avg"
"2923","PECR","Exc L4-5 RORB IL1RAPL2",0.0162420475433417,4.16943834943351,0.233970926076915,0.93431623689287,0.986836972102824,0.986836972102824,"social_isolation_avg"
"2924","TMEM169","Exc L4-5 RORB IL1RAPL2",-0.0561237723137292,3.5008728195693,1.86371859098684,0.174051365416294,0.479852234451655,0.479852234451655,"social_isolation_avg"
"2925","XRCC5","Exc L4-5 RORB IL1RAPL2",-0.0202366075058103,6.69039864456578,1.26525540445478,0.262289356949257,0.591934270376539,0.591934270376539,"social_isolation_avg"
"2926","LINC01963","Exc L4-5 RORB IL1RAPL2",-0.0678178163067169,3.79803365942774,2.42162549732011,0.121583250168679,0.40110684583161,0.40110684583161,"social_isolation_avg"
"2927","MARCH4","Exc L4-5 RORB IL1RAPL2",0.0192085450984549,5.57189080171312,0.317985080503244,0.573585328409259,0.831632796845333,0.831632796845333,"social_isolation_avg"
"2928","AC069155.1","Exc L4-5 RORB IL1RAPL2",0.0243294220101858,-0.0993820534774175,0.0198670785410094,0.888080571962241,0.974102504307964,0.974102504307964,"social_isolation_avg"
"2929","SMARCAL1","Exc L4-5 RORB IL1RAPL2",0.0202411908703459,5.3346678967771,0.658351524065811,0.418309332473626,0.72598376296982,0.72598376296982,"social_isolation_avg"
"2930","RPL37A","Exc L4-5 RORB IL1RAPL2",0.0392708085319258,6.23729240986294,0.811289455825795,0.369049721700652,0.687398935997887,0.687398935997887,"social_isolation_avg"
"2931","LINC01280","Exc L4-5 RORB IL1RAPL2",-0.0562247054240187,-0.0170228000180537,0.153572366515941,0.695649358823954,0.896681345054581,0.896681345054581,"social_isolation_avg"
"2932","AC073321.1","Exc L4-5 RORB IL1RAPL2",0.096856130982151,0.0512366567471108,0.271753555776748,0.602855606192172,0.847950559378686,0.847950559378686,"social_isolation_avg"
"2933","IGFBP2","Exc L4-5 RORB IL1RAPL2",0.0158262900190673,1.81620195774474,0.0211168491481145,0.884638130767652,0.973606216394529,0.973606216394529,"social_isolation_avg"
"2934","IGFBP5","Exc L4-5 RORB IL1RAPL2",-0.0210857140342449,2.10486662893763,0.0565566114194184,0.812318070856942,0.950480178324379,0.950480178324379,"social_isolation_avg"
"2935","AC007563.2","Exc L4-5 RORB IL1RAPL2",0.0933862270132451,6.35845694259786,1.98720097977864,0.160512555476429,0.462473824270647,0.462473824270647,"social_isolation_avg"
"2936","DIRC3-AS1","Exc L4-5 RORB IL1RAPL2",0.102143105985173,2.49733819999206,2.04345340126435,0.154749500676842,0.454001118730672,0.454001118730672,"social_isolation_avg"
"2937","DIRC3","Exc L4-5 RORB IL1RAPL2",0.00810734381748511,7.56708876159186,0.0816585288631943,0.775420064822438,0.934861924716793,0.934861924716793,"social_isolation_avg"
"2938","TNS1","Exc L4-5 RORB IL1RAPL2",-0.101661811733996,2.06179924492819,0.810222764946759,0.369363889135819,0.687664483551985,0.687664483551985,"social_isolation_avg"
"2939","ARPC2","Exc L4-5 RORB IL1RAPL2",-0.0109822397245829,5.78013808139385,0.268980009223301,0.604710407620645,0.848666787019006,0.848666787019006,"social_isolation_avg"
"2940","AAMP","Exc L4-5 RORB IL1RAPL2",-0.104184711430801,3.95934756267214,7.44904266180641,0.00703444861803719,0.0809323184511958,0.0809323184511958,"social_isolation_avg"
"2941","PNKD","Exc L4-5 RORB IL1RAPL2",-0.0182671874918355,6.0983064745106,0.699161558557174,0.404272665590982,0.716062486815167,0.716062486815167,"social_isolation_avg"
"2942","TMBIM1","Exc L4-5 RORB IL1RAPL2",0.0527444874513589,1.12701743736037,0.338121565358184,0.742344790505465,0.919415184994038,0.919415184994038,"social_isolation_avg"
"2943","CATIP-AS2","Exc L4-5 RORB IL1RAPL2",0.0193851384623632,1.18079786785364,0.0596221599135678,0.812773113252169,0.950559079342002,0.950559079342002,"social_isolation_avg"
"2944","CATIP","Exc L4-5 RORB IL1RAPL2",0.264470543706418,0.693476863327348,9.18650664005215,0.0028308054627523,0.0460547464838661,0.0460547464838661,"social_isolation_avg"
"2945","SLC11A1","Exc L4-5 RORB IL1RAPL2",0.231233248363535,-0.140154626925975,1.37985442561181,0.24181538873659,0.566199376556578,0.566199376556578,"social_isolation_avg"
"2946","CTDSP1","Exc L4-5 RORB IL1RAPL2",0.0888701954531276,-0.0497269869097462,0.283747817836061,0.594970580204983,0.843296700385411,0.843296700385411,"social_isolation_avg"
"2947","VIL1","Exc L4-5 RORB IL1RAPL2",0.0347049083716994,0.082170106668546,0.0718657684215404,0.788973587890738,0.94012023782862,0.94012023782862,"social_isolation_avg"
"2948","USP37","Exc L4-5 RORB IL1RAPL2",0.052737437619142,5.82941816590018,9.98546668740729,0.00187674675997926,0.0359243117223411,0.0359243117223411,"social_isolation_avg"
"2949","CNOT9","Exc L4-5 RORB IL1RAPL2",0.00830676611223692,4.82403257106812,0.142061605036475,0.706723458365833,0.902648904926756,0.902648904926756,"social_isolation_avg"
"2950","PLCD4","Exc L4-5 RORB IL1RAPL2",0.25778551266915,3.20906974028636,19.5560560713895,1.76467271114759e-05,0.00198746264092997,0.00198746264092997,"social_isolation_avg"
"2951","ZNF142","Exc L4-5 RORB IL1RAPL2",-0.0420878781186026,3.7588665473331,2.1319209423948,0.181972734168146,0.488383844424893,0.488383844424893,"social_isolation_avg"
"2952","BCS1L","Exc L4-5 RORB IL1RAPL2",-0.0568261055622822,2.14162043492052,1.2236871800601,0.294578232364713,0.625697657675431,0.625697657675431,"social_isolation_avg"
"2953","RNF25","Exc L4-5 RORB IL1RAPL2",-0.0371414320553687,3.05309885619046,0.804447627291487,0.371071339053336,0.689148096410303,0.689148096410303,"social_isolation_avg"
"2954","STK36","Exc L4-5 RORB IL1RAPL2",0.0120599203354264,4.5101338166519,0.124283308742396,0.724883642590021,0.91093294313279,0.91093294313279,"social_isolation_avg"
"2955","TTLL4","Exc L4-5 RORB IL1RAPL2",0.0361388756734903,2.51601584785967,0.621966665232082,0.47411758785434,0.768375064650275,0.768375064650275,"social_isolation_avg"
"2956","CYP27A1","Exc L4-5 RORB IL1RAPL2",-0.412597022919471,-0.36191103417925,2.0530981286582,0.153785379545487,0.453024002238855,0.453024002238855,"social_isolation_avg"
"2957","WNT10A","Exc L4-5 RORB IL1RAPL2",-0.0688431939764597,0.953951885608056,0.517913501154989,0.472749370833075,0.767406558470541,0.767406558470541,"social_isolation_avg"
"2958","LINC01494","Exc L4-5 RORB IL1RAPL2",0.076649784247377,2.67055700778886,1.24823752709214,0.265510641744969,0.595845943070993,0.595845943070993,"social_isolation_avg"
"2959","AC097468.2","Exc L4-5 RORB IL1RAPL2",-0.0903433999015739,1.92571165792656,1.96400555900173,0.162960373094576,0.465984201281117,0.465984201281117,"social_isolation_avg"
"2960","CDK5R2","Exc L4-5 RORB IL1RAPL2",-0.147214600628568,4.86770433479237,17.752390680748,4.12756668730358e-05,0.00331764011960296,0.00331764011960296,"social_isolation_avg"
"2961","CFAP65","Exc L4-5 RORB IL1RAPL2",0.0280929396834661,1.57068031957409,0.14956301192483,0.983472727015542,0.998104852196972,0.998104852196972,"social_isolation_avg"
"2962","CNPPD1","Exc L4-5 RORB IL1RAPL2",-0.044761084014487,2.5399217671428,1.15413446531174,0.329616041024188,0.655180703037994,0.655180703037994,"social_isolation_avg"
"2963","RETREG2","Exc L4-5 RORB IL1RAPL2",-0.0965049412775497,5.49222857460908,12.4431772907043,0.000543237299530177,0.0158529632732463,0.0158529632732463,"social_isolation_avg"
"2964","ZFAND2B","Exc L4-5 RORB IL1RAPL2",0.0180478476045606,3.84059391716333,0.194365185890374,0.659884133832406,0.878758867204796,0.878758867204796,"social_isolation_avg"
"2965","ATG9A","Exc L4-5 RORB IL1RAPL2",-0.0890308986024096,1.83416411011206,2.21496959260932,0.194194203840938,0.50639225182985,0.50639225182985,"social_isolation_avg"
"2966","ANKZF1","Exc L4-5 RORB IL1RAPL2",0.07371335570558,4.89438826326936,5.88667094300294,0.0163312284874024,0.130767318751646,0.130767318751646,"social_isolation_avg"
"2967","GLB1L","Exc L4-5 RORB IL1RAPL2",0.0374954441445807,0.535486942171455,0.148494814736512,0.700473366136525,0.899494810173801,0.899494810173801,"social_isolation_avg"
"2968","STK16","Exc L4-5 RORB IL1RAPL2",-0.138886431828038,1.79614909371115,4.8397750656826,0.0291979680024685,0.184767475777494,0.184767475777494,"social_isolation_avg"
"2969","TUBA4A","Exc L4-5 RORB IL1RAPL2",-0.137252271577827,6.03273627593031,12.1398504639127,0.000631898736029869,0.017479760211142,0.017479760211142,"social_isolation_avg"
"2970","DNAJB2","Exc L4-5 RORB IL1RAPL2",-0.0645365892913955,6.07173110828553,5.77139369775944,0.0173973438870249,0.136928096375373,0.136928096375373,"social_isolation_avg"
"2971","PTPRN","Exc L4-5 RORB IL1RAPL2",-0.0664255859851572,6.34036119864953,5.56860419385039,0.0194525912207865,0.146288743437401,0.146288743437401,"social_isolation_avg"
"2972","DNPEP","Exc L4-5 RORB IL1RAPL2",-0.0385494238120993,3.00652720622045,0.653553108727342,0.420007184026456,0.727044450495279,0.727044450495279,"social_isolation_avg"
"2973","SPEG","Exc L4-5 RORB IL1RAPL2",-0.00108581492553621,4.9518857286345,0.0013901571174179,0.970302906401359,0.994857553485429,0.994857553485429,"social_isolation_avg"
"2974","GMPPA","Exc L4-5 RORB IL1RAPL2",-0.0456592039123619,2.94950914607939,1.11506440276329,0.351955688175487,0.6724230011032,0.6724230011032,"social_isolation_avg"
"2975","ASIC4","Exc L4-5 RORB IL1RAPL2",0.0723452379096798,0.866891395235584,0.285601402651441,0.593771204519452,0.843089742958615,0.843089742958615,"social_isolation_avg"
"2976","CHPF","Exc L4-5 RORB IL1RAPL2",-0.0910240871969641,3.16331020230593,5.00966527084131,0.0265416430412669,0.174554893285996,0.174554893285996,"social_isolation_avg"
"2977","TMEM198","Exc L4-5 RORB IL1RAPL2",-0.108270518554156,2.6187856274451,4.96409136162885,0.0272283026377828,0.177283797043871,0.177283797043871,"social_isolation_avg"
"2978","OBSL1","Exc L4-5 RORB IL1RAPL2",-0.0395904855559883,4.71040631980668,1.8233459831617,0.178761421115765,0.485242280668987,0.485242280668987,"social_isolation_avg"
"2979","AC009955.4","Exc L4-5 RORB IL1RAPL2",-0.0283433606857227,-0.529877562561283,0.0489417157330004,0.825188151853199,0.953780392255002,0.953780392255002,"social_isolation_avg"
"2980","INHA","Exc L4-5 RORB IL1RAPL2",-0.0117399932271292,3.36931155922255,0.0590074694936605,0.808372776252961,0.947831825874555,0.947831825874555,"social_isolation_avg"
"2981","STK11IP","Exc L4-5 RORB IL1RAPL2",0.0131894536878199,3.65046803223065,0.111740495458518,0.738594980320122,0.91747761213173,0.91747761213173,"social_isolation_avg"
"2982","SLC4A3","Exc L4-5 RORB IL1RAPL2",-0.0859384394981536,4.4693937892921,7.96287389832051,0.00536048503618937,0.0681166805706776,0.0681166805706776,"social_isolation_avg"
"2983","AC019211.1","Exc L4-5 RORB IL1RAPL2",-0.0827417944298322,7.75230544866583,1.99896044337947,0.159287730993239,0.46027537540059,0.46027537540059,"social_isolation_avg"
"2984","AC067956.1","Exc L4-5 RORB IL1RAPL2",-0.0785545807107564,7.31292274178375,1.8494668797858,0.175697375667913,0.482025569900286,0.482025569900286,"social_isolation_avg"
"2985","AC093843.1","Exc L4-5 RORB IL1RAPL2",-0.000570590927353465,1.10017306253833,5.66086588106638e-05,0.994005947582392,0.999452588532504,0.999452588532504,"social_isolation_avg"
"2986","EPHA4","Exc L4-5 RORB IL1RAPL2",-0.00394208885373606,8.44462992651533,0.0305708802494029,0.861415167941722,0.965016220001923,0.965016220001923,"social_isolation_avg"
"2987","AC079834.2","Exc L4-5 RORB IL1RAPL2",-0.0529423436158558,0.804613167422631,0.301259279769915,0.583834674494222,0.838364400018437,0.838364400018437,"social_isolation_avg"
"2988","AC010980.2","Exc L4-5 RORB IL1RAPL2",-0.118160290016055,1.89228675632918,3.47362890814417,0.0641280437273886,0.288126674172806,0.288126674172806,"social_isolation_avg"
"2989","SGPP2","Exc L4-5 RORB IL1RAPL2",0.10123582083216,5.78438291535027,19.1736643295032,2.11093402450349e-05,0.00224564928812081,0.00224564928812081,"social_isolation_avg"
"2990","AC097461.1","Exc L4-5 RORB IL1RAPL2",0.0735959596123896,0.742211242079933,0.555845780443283,0.456997749194679,0.754985978565662,0.754985978565662,"social_isolation_avg"
"2991","FARSB","Exc L4-5 RORB IL1RAPL2",0.013250033424835,5.79171204423185,0.510573945045616,0.475898385766921,0.769562875226042,0.769562875226042,"social_isolation_avg"
"2992","MOGAT1","Exc L4-5 RORB IL1RAPL2",-0.0749156841425425,1.69105596073187,0.801163792474236,0.372047165422496,0.690215160011672,0.690215160011672,"social_isolation_avg"
"2993","ACSL3","Exc L4-5 RORB IL1RAPL2",-0.0635731167583073,7.03785820065878,8.97818761125086,0.00315333255834727,0.0493908984573582,0.0493908984573582,"social_isolation_avg"
"2994","KCNE4","Exc L4-5 RORB IL1RAPL2",-0.0123030600878673,0.42539522834168,0.0138462163256203,0.906472040873131,0.979233949236231,0.979233949236231,"social_isolation_avg"
"2995","SCG2","Exc L4-5 RORB IL1RAPL2",-0.240950831728842,5.45322688628045,24.7111314416137,1.65327596614726e-06,0.00042839113445171,0.00042839113445171,"social_isolation_avg"
"2996","AP1S3","Exc L4-5 RORB IL1RAPL2",0.0485257848674625,4.28484137529537,2.03360854339843,0.155740765203058,0.454980283119916,0.454980283119916,"social_isolation_avg"
"2997","WDFY1","Exc L4-5 RORB IL1RAPL2",0.0290164606405316,5.41753287944103,2.3553835131129,0.229077407301819,0.551084008528104,0.551084008528104,"social_isolation_avg"
"2998","MRPL44","Exc L4-5 RORB IL1RAPL2",-0.114764388573775,3.68645794105248,8.01047089151019,0.0052278288873466,0.0671070219657293,0.0671070219657293,"social_isolation_avg"
"2999","SERPINE2","Exc L4-5 RORB IL1RAPL2",-0.506298716237427,0.324219142959461,2.18595392263784,0.141177786739294,0.434486809189033,0.434486809189033,"social_isolation_avg"
"3000","AC073052.2","Exc L4-5 RORB IL1RAPL2",-0.163608314728644,-0.191556434692351,1.46153678403738,0.228412193340538,0.550195685575598,0.550195685575598,"social_isolation_avg"
"3001","CUL3","Exc L4-5 RORB IL1RAPL2",-0.00225457215073474,6.43676796198411,0.0250907592583117,0.87433447036204,0.969996043020825,0.969996043020825,"social_isolation_avg"
"3002","NYAP2","Exc L4-5 RORB IL1RAPL2",0.0376448687760259,7.51901862894757,2.79386784449898,0.0965176343994492,0.359702611871573,0.359702611871573,"social_isolation_avg"
"3003","AC016717.2","Exc L4-5 RORB IL1RAPL2",0.0200247880526071,4.356608737305,0.318676669343338,0.573169239704079,0.831616988731125,0.831616988731125,"social_isolation_avg"
"3004","IRS1","Exc L4-5 RORB IL1RAPL2",-0.0102579413712185,4.85679174720005,0.144697511316795,0.704143365232442,0.90118348306027,0.90118348306027,"social_isolation_avg"
"3005","AC010735.2","Exc L4-5 RORB IL1RAPL2",0.0920565178173688,2.49740250964708,3.80223353428408,0.0826608845262224,0.330933525908327,0.330933525908327,"social_isolation_avg"
"3006","RHBDD1","Exc L4-5 RORB IL1RAPL2",0.0217986641291577,4.86206419826577,0.524197861964478,0.470079908186044,0.765042314019278,0.765042314019278,"social_isolation_avg"
"3007","COL4A4","Exc L4-5 RORB IL1RAPL2",0.122891443643507,0.645438309898428,1.74773144543106,0.187988713878835,0.497473350391809,0.497473350391809,"social_isolation_avg"
"3008","COL4A3","Exc L4-5 RORB IL1RAPL2",0.0524970309544311,2.28033306227956,0.856312066490056,0.356121801713655,0.676388336701873,0.676388336701873,"social_isolation_avg"
"3009","AC097662.1","Exc L4-5 RORB IL1RAPL2",0.00389293577171394,4.13252236049826,0.0115661799224376,0.914486119235969,0.981804260896158,0.981804260896158,"social_isolation_avg"
"3010","MFF","Exc L4-5 RORB IL1RAPL2",0.0206869037496467,6.17969759540423,1.5259124910566,0.273561612932178,0.60327031215498,0.60327031215498,"social_isolation_avg"
"3011","AGFG1","Exc L4-5 RORB IL1RAPL2",0.00620733921959292,6.68685405609967,0.197404042774211,0.657405574867831,0.877427146840365,0.877427146840365,"social_isolation_avg"
"3012","SLC19A3","Exc L4-5 RORB IL1RAPL2",-0.0263175663278008,1.22054354215093,0.104862227008367,0.746480357719573,0.921400929506951,0.921400929506951,"social_isolation_avg"
"3013","DAW1","Exc L4-5 RORB IL1RAPL2",0.06092767505354,2.75174304252368,0.704777257109523,0.402395635795516,0.714658901219765,0.714658901219765,"social_isolation_avg"
"3014","SPHKAP","Exc L4-5 RORB IL1RAPL2",0.0024932389183337,6.22601187968198,0.00210051889584003,0.963499939524624,0.992970265671771,0.992970265671771,"social_isolation_avg"
"3015","LINC01807","Exc L4-5 RORB IL1RAPL2",0.0375818160914714,0.672602493783897,0.0993881814375369,0.752962723071988,0.924589402789535,0.924589402789535,"social_isolation_avg"
"3016","PID1","Exc L4-5 RORB IL1RAPL2",0.0299845327738366,7.84746757893404,1.79869044149162,0.181710793326614,0.488383844424893,0.488383844424893,"social_isolation_avg"
"3017","DNER","Exc L4-5 RORB IL1RAPL2",0.00160957322280306,6.09268588763984,0.00330540068401541,0.954222229580647,0.989932191279706,0.989932191279706,"social_isolation_avg"
"3018","TRIP12","Exc L4-5 RORB IL1RAPL2",0.00263329332109682,7.22814065997758,0.0335914926351251,0.854803085479288,0.962722785572292,0.962722785572292,"social_isolation_avg"
"3019","FBXO36","Exc L4-5 RORB IL1RAPL2",0.103801373742011,4.84295981011396,10.420904663632,0.0015027521435093,0.0308390166023204,0.0308390166023204,"social_isolation_avg"
"3020","SLC16A14","Exc L4-5 RORB IL1RAPL2",0.0325151814719981,4.80010471525659,1.73633078223925,0.189427787088189,0.4998315629615,0.4998315629615,"social_isolation_avg"
"3021","AC009950.1","Exc L4-5 RORB IL1RAPL2",0.0612518158937977,2.07276194727007,1.06210563538431,0.304241016068704,0.635248058478681,0.635248058478681,"social_isolation_avg"
"3022","SP140","Exc L4-5 RORB IL1RAPL2",0.102982359323122,3.21228653230215,4.14609982494397,0.0433266014299502,0.232496490543417,0.232496490543417,"social_isolation_avg"
"3023","SP140L","Exc L4-5 RORB IL1RAPL2",0.161509578976317,1.95284841302656,5.14079071128543,0.0246654910493332,0.166983186091072,0.166983186091072,"social_isolation_avg"
"3024","SP100","Exc L4-5 RORB IL1RAPL2",-0.179295566495285,-1.07063888220132,0.612510530158434,0.434963873317456,0.739390182068148,0.739390182068148,"social_isolation_avg"
"3025","AC010149.1","Exc L4-5 RORB IL1RAPL2",0.102438517858196,0.210217764944622,0.759540343930735,0.38473645765219,0.701474286664808,0.701474286664808,"social_isolation_avg"
"3026","CAB39","Exc L4-5 RORB IL1RAPL2",-0.0294264160588705,6.89311577124403,4.00719977779252,0.04694205688935,0.243540076337645,0.243540076337645,"social_isolation_avg"
"3027","ITM2C","Exc L4-5 RORB IL1RAPL2",-0.159210170853265,5.43646456591581,19.8211151504272,1.55905038625677e-05,0.00186701217458002,0.00186701217458002,"social_isolation_avg"
"3028","AC012507.2","Exc L4-5 RORB IL1RAPL2",0.144076491752346,0.384794885273017,1.35944471384615,0.245313317513983,0.570778809724799,0.570778809724799,"social_isolation_avg"
"3029","GPR55","Exc L4-5 RORB IL1RAPL2",-0.0423684530487948,1.80813358259515,0.0996186896395003,0.752685844350178,0.924537059267055,0.924537059267055,"social_isolation_avg"
"3030","SPATA3","Exc L4-5 RORB IL1RAPL2",-0.215200856996424,-0.0689100771391607,2.85389485222865,0.0930381655829982,0.353276165160728,0.353276165160728,"social_isolation_avg"
"3031","C2orf72","Exc L4-5 RORB IL1RAPL2",0.0491108446024076,5.65647078198126,1.78335196531401,0.183574273292312,0.490651110694208,0.490651110694208,"social_isolation_avg"
"3032","PSMD1","Exc L4-5 RORB IL1RAPL2",0.00664331482892167,7.00796874382271,0.194257340547253,0.659972519359744,0.878771290556349,0.878771290556349,"social_isolation_avg"
"3033","ARMC9","Exc L4-5 RORB IL1RAPL2",0.00920424367752664,7.42681767528593,0.225907078784647,0.635202871611257,0.86588829587451,0.86588829587451,"social_isolation_avg"
"3034","NCL","Exc L4-5 RORB IL1RAPL2",-0.0896412316376525,5.12278258095715,4.78518839356423,0.0301096640780887,0.18833221620546,0.18833221620546,"social_isolation_avg"
"3035","LINC00471","Exc L4-5 RORB IL1RAPL2",-0.138038707860441,1.76997198637105,3.26750934808198,0.0724829634591314,0.308676604008604,0.308676604008604,"social_isolation_avg"
"3036","PTMA","Exc L4-5 RORB IL1RAPL2",-0.0727486963470312,6.63234174802084,4.89153612133493,0.0283602606963484,0.181493634133417,0.181493634133417,"social_isolation_avg"
"3037","PDE6D","Exc L4-5 RORB IL1RAPL2",-0.0010632074760556,4.39779129796687,0.0009523320291814,0.975418517195092,0.996367624666521,0.996367624666521,"social_isolation_avg"
"3038","COPS7B","Exc L4-5 RORB IL1RAPL2",0.00542284531395115,4.33739764684289,0.0529927917210492,0.818219734297097,0.951762359999666,0.951762359999666,"social_isolation_avg"
"3039","DIS3L2","Exc L4-5 RORB IL1RAPL2",0.0155309460177771,6.84753331094777,0.875272208242646,0.350864634605575,0.671815994907065,0.671815994907065,"social_isolation_avg"
"3040","AC019130.1","Exc L4-5 RORB IL1RAPL2",0.00516723787031643,1.99297674399635,0.00478411071508252,0.944940080618391,0.988096847417673,0.988096847417673,"social_isolation_avg"
"3041","TIGD1","Exc L4-5 RORB IL1RAPL2",0.00443845962348085,1.69330156742595,0.00515120566115874,0.942870201622298,0.987984052456339,0.987984052456339,"social_isolation_avg"
"3042","EIF4E2","Exc L4-5 RORB IL1RAPL2",-0.0623381866068754,4.65197395352162,6.41546459164381,0.0122442905160003,0.110710304882188,0.110710304882188,"social_isolation_avg"
"3043","AC073254.1","Exc L4-5 RORB IL1RAPL2",0.159959461947646,-0.429287292265541,1.14843057159561,0.285440084531848,0.616677587212976,0.616677587212976,"social_isolation_avg"
"3044","GIGYF2","Exc L4-5 RORB IL1RAPL2",0.0260415707686238,6.87237113947675,2.90723257023191,0.0900616726311632,0.346694428415308,0.346694428415308,"social_isolation_avg"
"3045","KCNJ13","Exc L4-5 RORB IL1RAPL2",-0.254245670632773,-0.34372811823904,2.98045418436452,0.0861439943990312,0.338000146425887,0.338000146425887,"social_isolation_avg"
"3046","SNORC","Exc L4-5 RORB IL1RAPL2",-0.0593762228274566,3.45723521880989,2.38981039110167,0.124040828334483,0.405700347954494,0.405700347954494,"social_isolation_avg"
"3047","NGEF","Exc L4-5 RORB IL1RAPL2",-0.0653119926210483,7.27272354542294,8.12320264066339,0.00492695740803023,0.0648733201929992,0.0648733201929992,"social_isolation_avg"
"3048","INPP5D","Exc L4-5 RORB IL1RAPL2",-0.0326511412456012,1.72390787598416,0.126602944756495,0.722434237217013,0.909704260589098,0.909704260589098,"social_isolation_avg"
"3049","ATG16L1","Exc L4-5 RORB IL1RAPL2",-0.000935142244600914,5.02405320076487,0.00132283922216582,0.97103053753728,0.995090143910395,0.995090143910395,"social_isolation_avg"
"3050","DGKD","Exc L4-5 RORB IL1RAPL2",-0.0248181206214762,4.06348588247245,0.160903068319148,0.68884449698523,0.893120073247298,0.893120073247298,"social_isolation_avg"
"3051","USP40","Exc L4-5 RORB IL1RAPL2",0.0479743340331601,5.03268806468082,1.9407531524706,0.165457418994472,0.468888913599677,0.468888913599677,"social_isolation_avg"
"3052","AC097713.1","Exc L4-5 RORB IL1RAPL2",-0.140532899308973,-0.00433250686447587,0.768537765809921,0.38194205719709,0.700042798753063,0.700042798753063,"social_isolation_avg"
"3053","LINC01891","Exc L4-5 RORB IL1RAPL2",0.197856330355093,-0.540747610829472,1.29232442527667,0.2572653498616,0.585461187576081,0.585461187576081,"social_isolation_avg"
"3054","ARL4C","Exc L4-5 RORB IL1RAPL2",-0.0725652405900276,5.19055240830411,4.63828809809547,0.0327152195143915,0.198139305304928,0.198139305304928,"social_isolation_avg"
"3055","AGAP1","Exc L4-5 RORB IL1RAPL2",0.0374142828579736,9.26630478170607,5.99591592051991,0.0153836192623507,0.126005826867073,0.126005826867073,"social_isolation_avg"
"3056","AC019068.1","Exc L4-5 RORB IL1RAPL2",0.0490951997545377,1.48597323028177,0.150658293022318,0.698406485964793,0.898527584217065,0.898527584217065,"social_isolation_avg"
"3057","ASB18","Exc L4-5 RORB IL1RAPL2",0.0293603212507247,2.90379654901432,0.0498572754824021,0.82358751342972,0.953349415572961,0.953349415572961,"social_isolation_avg"
"3058","IQCA1","Exc L4-5 RORB IL1RAPL2",0.0444426977620828,6.08624527047712,1.80865529470123,0.180511987499411,0.487158367633199,0.487158367633199,"social_isolation_avg"
"3059","ACKR3","Exc L4-5 RORB IL1RAPL2",-0.261635198572406,0.663919743480872,5.64435524531275,0.018656707792303,0.142800796172397,0.142800796172397,"social_isolation_avg"
"3060","AC105760.1","Exc L4-5 RORB IL1RAPL2",0.1374620928688,0.568632459569359,2.05038753530368,0.154055644406614,0.45353770776685,0.45353770776685,"social_isolation_avg"
"3061","AC105760.2","Exc L4-5 RORB IL1RAPL2",0.102179190388209,3.06137921071685,4.74282587892507,0.0308378247629438,0.191484491171839,0.191484491171839,"social_isolation_avg"
"3062","COPS8","Exc L4-5 RORB IL1RAPL2",-0.033466138864873,4.92364878946146,1.89904347251833,0.170048000740686,0.474999763773337,0.474999763773337,"social_isolation_avg"
"3063","COL6A3","Exc L4-5 RORB IL1RAPL2",0.0462710128616111,0.198801446338152,0.151799246611783,0.697323351477978,0.897737982807023,0.897737982807023,"social_isolation_avg"
"3064","RAB17","Exc L4-5 RORB IL1RAPL2",-0.193248712120471,1.03417923322793,4.56466462757172,0.0341095099975501,0.202125286145833,0.202125286145833,"social_isolation_avg"
"3065","AC104667.2","Exc L4-5 RORB IL1RAPL2",-0.132991720491946,-0.355656240534549,0.763506827998446,0.383500974594852,0.700678055263537,0.700678055263537,"social_isolation_avg"
"3066","LRRFIP1","Exc L4-5 RORB IL1RAPL2",-0.0109244486344952,7.94638015048304,0.369926942675993,0.543878903687662,0.814068841856827,0.814068841856827,"social_isolation_avg"
"3067","RBM44","Exc L4-5 RORB IL1RAPL2",-0.0820601661826976,0.418138259383406,0.559960882299749,0.511506828545271,0.795085475611218,0.795085475611218,"social_isolation_avg"
"3068","RAMP1","Exc L4-5 RORB IL1RAPL2",-0.00393208121612398,4.82980658914974,0.00598080131238501,0.938450069189825,0.987766326490576,0.987766326490576,"social_isolation_avg"
"3069","UBE2F-SCLY","Exc L4-5 RORB IL1RAPL2",0.00945871209035864,3.10226056681462,0.0467955421811119,0.82900289100822,0.954592202995926,0.954592202995926,"social_isolation_avg"
"3070","ESPNL","Exc L4-5 RORB IL1RAPL2",-0.240893730159955,-0.575815398712558,1.51599191781489,0.219975975604623,0.540586837940045,0.540586837940045,"social_isolation_avg"
"3071","ERFE","Exc L4-5 RORB IL1RAPL2",-0.286884790351832,-0.254656906184339,3.44117887015732,0.0653713697310501,0.291180944417813,0.291180944417813,"social_isolation_avg"
"3072","ILKAP","Exc L4-5 RORB IL1RAPL2",0.0170613491755855,5.86786253194692,0.626593752102634,0.429741928980302,0.735330981167266,0.735330981167266,"social_isolation_avg"
"3073","HES6","Exc L4-5 RORB IL1RAPL2",-0.0295435439337118,4.32954771858215,0.304439792300887,0.581857529688259,0.837402169257743,0.837402169257743,"social_isolation_avg"
"3074","PER2","Exc L4-5 RORB IL1RAPL2",0.0309126767820902,3.94065499034243,0.215340253696729,0.643224128854692,0.869274089311824,0.869274089311824,"social_isolation_avg"
"3075","AC012485.3","Exc L4-5 RORB IL1RAPL2",0.0683354796625023,-0.209478297720173,0.180268555305683,0.671694662161367,0.884298267656223,0.884298267656223,"social_isolation_avg"
"3076","TRAF3IP1","Exc L4-5 RORB IL1RAPL2",0.0122760573638884,5.77108909114973,0.398717316229007,0.528624664917757,0.806448275140797,0.806448275140797,"social_isolation_avg"
"3077","ASB1","Exc L4-5 RORB IL1RAPL2",-0.0941235491631819,3.17673291894151,4.83085452445839,0.0293449487430314,0.185390752534351,0.185390752534351,"social_isolation_avg"
"3078","LINC01937","Exc L4-5 RORB IL1RAPL2",-0.369779598139401,-1.25712337490288,1.83041732863817,0.177925841468787,0.48446321002028,0.48446321002028,"social_isolation_avg"
"3079","HDAC4","Exc L4-5 RORB IL1RAPL2",0.0109897990190223,7.74965223334978,0.382839732666093,0.53693909794877,0.810815358762785,0.810815358762785,"social_isolation_avg"
"3080","AC062017.1","Exc L4-5 RORB IL1RAPL2",-0.168427370351925,0.655741889659022,2.64782891723691,0.107674006346233,0.379767333493373,0.379767333493373,"social_isolation_avg"
"3081","AC093802.1","Exc L4-5 RORB IL1RAPL2",0.239804418705609,0.120327043266981,3.53376126832064,0.0618908357241419,0.282872239023003,0.282872239023003,"social_isolation_avg"
"3082","NDUFA10","Exc L4-5 RORB IL1RAPL2",0.0161536978174863,6.8730359936225,0.974720465841182,0.324948670628927,0.652229924187665,0.652229924187665,"social_isolation_avg"
"3083","COPS9","Exc L4-5 RORB IL1RAPL2",-0.16254718194546,4.19488315106566,11.1326986625921,0.00104761098852844,0.0244714166838847,0.0244714166838847,"social_isolation_avg"
"3084","GPC1","Exc L4-5 RORB IL1RAPL2",-0.0382083238142827,5.93213193853388,1.48380707773705,0.224915657399773,0.54608355622496,0.54608355622496,"social_isolation_avg"
"3085","ANKMY1","Exc L4-5 RORB IL1RAPL2",0.0265911885147699,4.49797320607964,0.652526631524801,0.42037172816811,0.727176217651198,0.727176217651198,"social_isolation_avg"
"3086","DUSP28","Exc L4-5 RORB IL1RAPL2",-0.0965477993652481,2.21586507497999,3.22036613154103,0.0745547529032917,0.312642960439159,0.312642960439159,"social_isolation_avg"
"3087","RNPEPL1","Exc L4-5 RORB IL1RAPL2",0.0119085099267068,3.61211252346816,0.0975309980260318,0.755206506880526,0.925272055070982,0.925272055070982,"social_isolation_avg"
"3088","CAPN10-DT","Exc L4-5 RORB IL1RAPL2",-0.0184361994698557,2.16257042402278,0.101071771048517,0.750948511640129,0.923413527284487,0.923413527284487,"social_isolation_avg"
"3089","CAPN10","Exc L4-5 RORB IL1RAPL2",-0.00832547066754287,3.90259602192721,0.0749649479428378,0.847160852398248,0.961782459298693,0.961782459298693,"social_isolation_avg"
"3090","GPR35","Exc L4-5 RORB IL1RAPL2",0.0128754466930272,1.02936518564117,0.0196121526725054,0.888796201089785,0.974498054170471,0.974498054170471,"social_isolation_avg"
"3091","KIF1A","Exc L4-5 RORB IL1RAPL2",-0.0573011418503914,7.47880096158564,10.0748984319443,0.00179283232598002,0.0349713200411011,0.0349713200411011,"social_isolation_avg"
"3092","SNED1","Exc L4-5 RORB IL1RAPL2",-0.0465969731269597,6.38034887443651,0.882025671366725,0.349017785316587,0.671078252151497,0.671078252151497,"social_isolation_avg"
"3093","AC005237.1","Exc L4-5 RORB IL1RAPL2",0.19523431683326,2.94287523191958,9.44317980661031,0.00247946277845497,0.0426861789301489,0.0426861789301489,"social_isolation_avg"
"3094","MTERF4","Exc L4-5 RORB IL1RAPL2",0.000814679277547951,5.34397762732931,0.00124592430118907,0.971884984098725,0.99545476014356,0.99545476014356,"social_isolation_avg"
"3095","PASK","Exc L4-5 RORB IL1RAPL2",0.0334737291659951,3.63467684557493,0.662778032971155,0.416752156040475,0.725422731083941,0.725422731083941,"social_isolation_avg"
"3096","PPP1R7","Exc L4-5 RORB IL1RAPL2",-0.0553315591196633,5.34970305408163,5.5553431824885,0.0195955260144036,0.146896571996248,0.146896571996248,"social_isolation_avg"
"3097","ANO7","Exc L4-5 RORB IL1RAPL2",-0.112314788806688,1.35863359689049,1.56959104012194,0.212035856013872,0.530327882569527,0.530327882569527,"social_isolation_avg"
"3098","HDLBP","Exc L4-5 RORB IL1RAPL2",-0.0426457502540198,6.12866402982488,6.90768507689713,0.00939117290655268,0.0953970640001995,0.0953970640001995,"social_isolation_avg"
"3099","SEPT2","Exc L4-5 RORB IL1RAPL2",0.047606167743053,6.54227488836193,5.19387419188027,0.0239460039394238,0.164718712966816,0.164718712966816,"social_isolation_avg"
"3100","FARP2","Exc L4-5 RORB IL1RAPL2",0.0658764747005457,6.00909023735918,5.2089783943498,0.023745328278012,0.163912935552085,0.163912935552085,"social_isolation_avg"
"3101","STK25","Exc L4-5 RORB IL1RAPL2",-0.0320900788443414,5.50083188852029,2.55045001923138,0.112172800808876,0.386879614310015,0.386879614310015,"social_isolation_avg"
"3102","BOK-AS1","Exc L4-5 RORB IL1RAPL2",-0.198783196138933,0.337702224172078,3.49781974933771,0.0632177410276824,0.285543776076577,0.285543776076577,"social_isolation_avg"
"3103","BOK","Exc L4-5 RORB IL1RAPL2",-0.0164211294211241,1.27691116304015,0.00981167654539351,0.921215491363954,0.983427396790068,0.983427396790068,"social_isolation_avg"
"3104","AC133528.1","Exc L4-5 RORB IL1RAPL2",-0.102320689239757,-0.0465984325194642,0.539151478332913,0.463824893662439,0.760685690646356,0.760685690646356,"social_isolation_avg"
"3105","THAP4","Exc L4-5 RORB IL1RAPL2",-0.0828599143268026,4.5395386742177,7.30357914625655,0.00760028634777505,0.0843791961492672,0.0843791961492672,"social_isolation_avg"
"3106","ATG4B","Exc L4-5 RORB IL1RAPL2",0.0289123255714149,5.82236054416187,2.0923784953519,0.149929013497349,0.447093280438666,0.447093280438666,"social_isolation_avg"
"3107","DTYMK","Exc L4-5 RORB IL1RAPL2",-0.0758813333987108,2.41032307659632,2.38382542467616,0.126368086357037,0.409538970165627,0.409538970165627,"social_isolation_avg"
"3108","ING5","Exc L4-5 RORB IL1RAPL2",0.0314315888465307,5.31596297332194,1.96619715096723,0.162727266570268,0.465647420632484,0.465647420632484,"social_isolation_avg"
"3109","D2HGDH","Exc L4-5 RORB IL1RAPL2",0.0732908685517828,3.83301683228641,2.65793616026809,0.104938368466963,0.374821458325754,0.374821458325754,"social_isolation_avg"
"3110","GAL3ST2","Exc L4-5 RORB IL1RAPL2",0.268257184856164,0.722506940798866,5.09275412260165,0.0253361161576293,0.169857759569203,0.169857759569203,"social_isolation_avg"
"3111","NEU4","Exc L4-5 RORB IL1RAPL2",-0.124652236128302,0.442371428635063,1.00742522687698,0.316987504903644,0.645017570676167,0.645017570676167,"social_isolation_avg"
"3112","RTP5","Exc L4-5 RORB IL1RAPL2",0.00479152268433983,0.407685232923385,0.000512544562216178,0.981965183876445,0.997624744637362,0.997624744637362,"social_isolation_avg"
"3113","AC131097.2","Exc L4-5 RORB IL1RAPL2",-0.389607388768044,-0.622461534513385,3.69068277015879,0.0564381114785817,0.269618810846231,0.269618810846231,"social_isolation_avg"
"3114","LINC01238","Exc L4-5 RORB IL1RAPL2",-0.0452648359920477,0.180511126281752,0.0977767425175601,0.754908267403822,0.925272055070982,0.925272055070982,"social_isolation_avg"
"3115","LINC01238-1","Exc L4-5 RORB IL1RAPL2",-0.0815165278793191,0.156771564039298,0.248113759637534,0.619068458417982,0.856117110197825,0.856117110197825,"social_isolation_avg"
"3116","CHL1","Exc L4-5 RORB IL1RAPL2",0.0102401051150938,8.29705573125239,0.294733930440351,0.587934046581972,0.840010352191718,0.840010352191718,"social_isolation_avg"
"3117","CHL1-AS1","Exc L4-5 RORB IL1RAPL2",0.00834378395960064,0.0187884205307902,0.00335879091855232,0.960546513852837,0.992103172911244,0.992103172911244,"social_isolation_avg"
"3118","LINC01266","Exc L4-5 RORB IL1RAPL2",-0.0153715958370659,5.37984970931324,0.0257095334682524,0.87280751266434,0.969325054124669,0.969325054124669,"social_isolation_avg"
"3119","CNTN6","Exc L4-5 RORB IL1RAPL2",-0.073996629564421,4.70461869018105,1.65688277052394,0.199824224742232,0.514218237970458,0.514218237970458,"social_isolation_avg"
"3120","CNTN4","Exc L4-5 RORB IL1RAPL2",-0.0524770672362711,8.20766277939512,1.84196457676494,0.176571119201436,0.482952393105409,0.482952393105409,"social_isolation_avg"
"3121","CNTN4-AS2","Exc L4-5 RORB IL1RAPL2",-0.169424357319675,0.0413936873903192,1.27478732960982,0.260506401209307,0.589551518681432,0.589551518681432,"social_isolation_avg"
"3122","CNTN4-AS1","Exc L4-5 RORB IL1RAPL2",-0.209501597285951,-0.354363683367486,1.83437033016414,0.177460719235836,0.483683991452211,0.483683991452211,"social_isolation_avg"
"3123","IL5RA","Exc L4-5 RORB IL1RAPL2",0.0324747293793362,0.374966194345217,0.0785396087307759,0.779636750247129,0.936318841604764,0.936318841604764,"social_isolation_avg"
"3124","TRNT1","Exc L4-5 RORB IL1RAPL2",-0.0145790084944216,4.19647712098755,0.276988481384164,0.994360935662124,0.999452588532504,0.999452588532504,"social_isolation_avg"
"3125","CRBN","Exc L4-5 RORB IL1RAPL2",-0.0194972410581386,6.28459976460327,1.84706186447598,0.175976923594888,0.482097855164082,0.482097855164082,"social_isolation_avg"
"3126","AC024060.1","Exc L4-5 RORB IL1RAPL2",-0.0659984819407456,1.95503460266759,1.07742719096344,0.300789830693308,0.631728758635597,0.631728758635597,"social_isolation_avg"
"3127","AC034195.1","Exc L4-5 RORB IL1RAPL2",0.0217784950007854,5.36811595731333,0.21654676888209,0.642296291176255,0.868889526937839,0.868889526937839,"social_isolation_avg"
"3128","SUMF1","Exc L4-5 RORB IL1RAPL2",0.0885076578765868,7.0723018210398,11.1435620521064,0.0010418825017745,0.0244280778390028,0.0244280778390028,"social_isolation_avg"
"3129","LRRN1","Exc L4-5 RORB IL1RAPL2",-0.00689710980134684,4.54476635607876,0.0231017873596233,0.879378031239172,0.971919007001401,0.971919007001401,"social_isolation_avg"
"3130","SETMAR","Exc L4-5 RORB IL1RAPL2",-0.0133272708320183,2.72499430122657,0.0768693183613186,0.781932145266451,0.93727830982493,0.93727830982493,"social_isolation_avg"
"3131","ITPR1-DT","Exc L4-5 RORB IL1RAPL2",-0.182093990144995,2.26279124280997,11.0916649242505,0.001069541115537,0.0247100454269041,0.0247100454269041,"social_isolation_avg"
"3132","ITPR1","Exc L4-5 RORB IL1RAPL2",-0.0122053305038606,8.13608316319423,0.449440843446722,0.503536170431707,0.789120702816896,0.789120702816896,"social_isolation_avg"
"3133","AC018816.1","Exc L4-5 RORB IL1RAPL2",0.0223454881452691,4.49453818085948,0.292740224820736,0.589198266187863,0.840694946822209,0.840694946822209,"social_isolation_avg"
"3134","BHLHE40-AS1","Exc L4-5 RORB IL1RAPL2",0.0154638875897267,4.0247530224631,0.111689139751406,0.738652841792116,0.917485092860804,0.917485092860804,"social_isolation_avg"
"3135","BHLHE40","Exc L4-5 RORB IL1RAPL2",0.0177473117490967,5.03022509258991,0.234113203427862,0.629130968993917,0.862347234873197,0.862347234873197,"social_isolation_avg"
"3136","ARL8B","Exc L4-5 RORB IL1RAPL2",-0.0596343064073954,6.41417046278767,16.4853899354613,7.55259663745145e-05,0.00474759737465844,0.00474759737465844,"social_isolation_avg"
"3137","AC026202.2","Exc L4-5 RORB IL1RAPL2",-0.0214911281681116,2.61288555877986,0.109082821426311,0.741608981200201,0.91892492032017,0.91892492032017,"social_isolation_avg"
"3138","EDEM1","Exc L4-5 RORB IL1RAPL2",0.013476120017013,4.30014554109183,0.165949392679412,0.68426416054484,0.890917736857058,0.890917736857058,"social_isolation_avg"
"3139","AC087857.1","Exc L4-5 RORB IL1RAPL2",0.0513515722267938,2.79864120273026,0.484314660904835,0.487451751478097,0.778601176558688,0.778601176558688,"social_isolation_avg"
"3140","AC026167.1","Exc L4-5 RORB IL1RAPL2",0.0484160397109343,3.23751857410069,0.310409705645726,0.578182504986194,0.834779944818296,0.834779944818296,"social_isolation_avg"
"3141","AC069277.1","Exc L4-5 RORB IL1RAPL2",-0.0616672705229195,1.77984850771907,0.108588257290065,0.742174337579632,0.919373133834198,0.919373133834198,"social_isolation_avg"
"3142","GRM7-AS3","Exc L4-5 RORB IL1RAPL2",0.070415298034955,3.24026768530166,1.17460359040376,0.280035642376401,0.611240640235348,0.611240640235348,"social_isolation_avg"
"3143","GRM7","Exc L4-5 RORB IL1RAPL2",0.0536550721554824,10.3587816820541,5.9784359817626,0.0155313091794388,0.12666719870007,0.12666719870007,"social_isolation_avg"
"3144","GRM7-AS1","Exc L4-5 RORB IL1RAPL2",0.0547463235332901,2.32916847256725,0.429939883552056,0.512930037684004,0.796352608764998,0.796352608764998,"social_isolation_avg"
"3145","AC068313.1","Exc L4-5 RORB IL1RAPL2",-0.303345615331339,-0.16173027232121,3.67864352411841,0.0568376332185125,0.270887873583747,0.270887873583747,"social_isolation_avg"
"3146","LMCD1-AS1","Exc L4-5 RORB IL1RAPL2",-0.0811584211684547,5.51139259490576,1.27619120624833,0.260245083517134,0.589399613674208,0.589399613674208,"social_isolation_avg"
"3147","LMCD1","Exc L4-5 RORB IL1RAPL2",-0.167491438165282,-0.297564245596927,0.721941790885633,0.396736656587209,0.7110594183278,0.7110594183278,"social_isolation_avg"
"3148","SSUH2","Exc L4-5 RORB IL1RAPL2",-0.000329801423079422,2.97386204801024,4.2364260838906e-05,0.994814627529348,0.9994589795957,0.9994589795957,"social_isolation_avg"
"3149","CAV3","Exc L4-5 RORB IL1RAPL2",-0.0189385149205805,2.32838408058637,0.0676892646699976,0.795055202586848,0.942968183961154,0.942968183961154,"social_isolation_avg"
"3150","OXTR","Exc L4-5 RORB IL1RAPL2",-0.0101736668499927,2.2578386595995,0.0391864702797952,0.843322937625468,0.96031014099732,0.96031014099732,"social_isolation_avg"
"3151","RAD18","Exc L4-5 RORB IL1RAPL2",0.00977189595056845,6.07614585932984,0.137345257056899,0.711409063697019,0.904975073051627,0.904975073051627,"social_isolation_avg"
"3152","SRGAP3","Exc L4-5 RORB IL1RAPL2",-0.0234384597993805,8.51665501427505,2.5062283657848,0.115308459397297,0.392119223626214,0.392119223626214,"social_isolation_avg"
"3153","THUMPD3-AS1","Exc L4-5 RORB IL1RAPL2",-0.00604298342004301,6.01405760788729,0.0476116861044263,0.827541636474086,0.954161930646283,0.954161930646283,"social_isolation_avg"
"3154","THUMPD3","Exc L4-5 RORB IL1RAPL2",-0.0613723811802359,3.77288448923025,3.31332860734641,0.070528955202123,0.304175337460587,0.304175337460587,"social_isolation_avg"
"3155","SETD5","Exc L4-5 RORB IL1RAPL2",0.039480186744502,7.68390494082285,8.29510247301173,0.00450207115816031,0.0615489077915833,0.0615489077915833,"social_isolation_avg"
"3156","LHFPL4","Exc L4-5 RORB IL1RAPL2",0.0255044590763053,6.71318787830861,2.88966889237225,0.0910301239567245,0.349084105266555,0.349084105266555,"social_isolation_avg"
"3157","MTMR14","Exc L4-5 RORB IL1RAPL2",0.00235806892212522,4.58703493174181,0.0126720606395414,0.938396655250873,0.987766326490576,0.987766326490576,"social_isolation_avg"
"3158","CPNE9","Exc L4-5 RORB IL1RAPL2",0.0321139406733334,5.59728281651325,1.05741522431551,0.305307817524408,0.635939119731827,0.635939119731827,"social_isolation_avg"
"3159","BRPF1","Exc L4-5 RORB IL1RAPL2",-0.0411129115062003,2.86999177818758,0.94243407321727,0.363963259905667,0.682964401162718,0.682964401162718,"social_isolation_avg"
"3160","OGG1","Exc L4-5 RORB IL1RAPL2",0.0323849225196478,3.91786511339173,1.03112739474988,0.311378033780232,0.640539127541413,0.640539127541413,"social_isolation_avg"
"3161","CAMK1","Exc L4-5 RORB IL1RAPL2",-0.074244754283801,5.36503026539562,7.76080441449894,0.005963470833969,0.0732693712009919,0.0732693712009919,"social_isolation_avg"
"3162","TADA3","Exc L4-5 RORB IL1RAPL2",-0.0642373044545465,4.35472883396152,2.96141176653393,0.0871446003555337,0.340403846804227,0.340403846804227,"social_isolation_avg"
"3163","TTLL3","Exc L4-5 RORB IL1RAPL2",0.000304112026842069,2.48722697525034,3.19491491646608e-05,0.995496910819815,0.9994589795957,0.9994589795957,"social_isolation_avg"
"3164","AC022382.1","Exc L4-5 RORB IL1RAPL2",-0.0149047679317177,-0.793567582731642,0.00560147312537833,0.940430135715766,0.987885432365559,0.987885432365559,"social_isolation_avg"
"3165","RPUSD3","Exc L4-5 RORB IL1RAPL2",-0.0818684246630348,3.8141531710918,5.20652095795054,0.0237778575740833,0.164026027604359,0.164026027604359,"social_isolation_avg"
"3166","JAGN1","Exc L4-5 RORB IL1RAPL2",-0.147307054202392,2.49278284070678,8.35706479972746,0.00435832869080453,0.0603094234426047,0.0603094234426047,"social_isolation_avg"
"3167","IL17RE","Exc L4-5 RORB IL1RAPL2",-0.129169578166224,1.47259714277796,2.46495522434057,0.118323275839501,0.396772282103486,0.396772282103486,"social_isolation_avg"
"3168","IL17RC","Exc L4-5 RORB IL1RAPL2",0.0802731320341904,2.26997536039944,1.85967713364249,0.215215716700561,0.534264978790075,0.534264978790075,"social_isolation_avg"
"3169","CRELD1","Exc L4-5 RORB IL1RAPL2",-0.0273024524444062,5.95748478955826,0.952483100676961,0.330514165354425,0.65612081580368,0.65612081580368,"social_isolation_avg"
"3170","PRRT3","Exc L4-5 RORB IL1RAPL2",-0.0723542105625502,4.54991691452956,4.63377919097261,0.0327988571662607,0.198156551431311,0.198156551431311,"social_isolation_avg"
"3171","PRRT3-AS1","Exc L4-5 RORB IL1RAPL2",-0.0151254862507928,-0.186947126811623,0.00949511139331745,0.922492759811525,0.983585629113706,0.983585629113706,"social_isolation_avg"
"3172","EMC3","Exc L4-5 RORB IL1RAPL2",0.0328779404907403,4.95671294049175,1.80291879064754,0.181200977752728,0.487800724435944,0.487800724435944,"social_isolation_avg"
"3173","FANCD2","Exc L4-5 RORB IL1RAPL2",0.108363147970661,2.54005420479357,4.33092598928398,0.0389676633643361,0.219240903513709,0.219240903513709,"social_isolation_avg"
"3174","FANCD2OS","Exc L4-5 RORB IL1RAPL2",0.122354912996628,0.153844544041301,1.32600632675811,0.273008401465677,0.602612221667298,0.602612221667298,"social_isolation_avg"
"3175","BRK1","Exc L4-5 RORB IL1RAPL2",-0.12855567406932,5.44780626148785,25.3760245856649,1.22557578799323e-06,0.000393035923468133,0.000393035923468133,"social_isolation_avg"
"3176","VHL","Exc L4-5 RORB IL1RAPL2",0.00502044091827984,4.28159273015573,0.0326606524088467,0.856806719195218,0.963659272061625,0.963659272061625,"social_isolation_avg"
"3177","IRAK2","Exc L4-5 RORB IL1RAPL2",-0.00839569207492798,3.66090536891881,0.0400872734997541,0.84155615709703,0.95962659244458,0.95962659244458,"social_isolation_avg"
"3178","AC022384.1","Exc L4-5 RORB IL1RAPL2",-0.177600704947364,0.0871955130175832,1.84942756506733,0.175701941280426,0.482025569900286,0.482025569900286,"social_isolation_avg"
"3179","GHRL","Exc L4-5 RORB IL1RAPL2",-0.0386752836551736,0.41622986523458,0.12881418759106,0.720122728501221,0.909272081813253,0.909272081813253,"social_isolation_avg"
"3180","GHRLOS","Exc L4-5 RORB IL1RAPL2",-0.0418274184669689,1.16289721871349,0.196357762500982,0.65825634987134,0.878030905598563,0.878030905598563,"social_isolation_avg"
"3181","SEC13","Exc L4-5 RORB IL1RAPL2",0.0113496417434747,4.47406703247596,0.184126308344567,0.668409609585769,0.883098002651187,0.883098002651187,"social_isolation_avg"
"3182","ATP2B2","Exc L4-5 RORB IL1RAPL2",-0.0198434041810532,8.93343446255463,1.87131980717696,0.17318077869689,0.478497884597525,0.478497884597525,"social_isolation_avg"
"3183","SLC6A11","Exc L4-5 RORB IL1RAPL2",-0.101717208146077,4.29804773967395,7.83182526758304,0.00574394867264125,0.0714068678285448,0.0714068678285448,"social_isolation_avg"
"3184","HRH1","Exc L4-5 RORB IL1RAPL2",-0.0640151414443088,5.12988532037549,1.94477174657263,0.165022733839333,0.468617011402374,0.468617011402374,"social_isolation_avg"
"3185","ATG7","Exc L4-5 RORB IL1RAPL2",0.0169558760046795,7.99551338464378,0.699125335579158,0.404284814598894,0.716062486815167,0.716062486815167,"social_isolation_avg"
"3186","VGLL4","Exc L4-5 RORB IL1RAPL2",0.0220954722452345,7.11187649160076,1.49885174888033,0.222590155853703,0.544051041466452,0.544051041466452,"social_isolation_avg"
"3187","TAMM41","Exc L4-5 RORB IL1RAPL2",0.0619149373948466,5.405617384841,3.52819224588708,0.0620944592676662,0.283217669142411,0.283217669142411,"social_isolation_avg"
"3188","SYN2","Exc L4-5 RORB IL1RAPL2",-0.0264210516243849,9.48042373183693,1.85265804758203,0.175327244949964,0.481584061615294,0.481584061615294,"social_isolation_avg"
"3189","PPARG","Exc L4-5 RORB IL1RAPL2",0.0889104679831879,5.19406323431151,3.33350174476449,0.0696867773670536,0.302271867574971,0.302271867574971,"social_isolation_avg"
"3190","TSEN2","Exc L4-5 RORB IL1RAPL2",0.0465317325592464,5.98817962954715,4.22738987992001,0.0413489403977312,0.22644379197264,0.22644379197264,"social_isolation_avg"
"3191","MKRN2OS","Exc L4-5 RORB IL1RAPL2",-0.0590666761656606,2.60907567909546,1.11434683702004,0.292679428426969,0.62390575318462,0.62390575318462,"social_isolation_avg"
"3192","MKRN2","Exc L4-5 RORB IL1RAPL2",0.00243651992526718,4.02208806352993,0.00479223606400939,0.944893418511791,0.988096847417673,0.988096847417673,"social_isolation_avg"
"3193","RAF1","Exc L4-5 RORB IL1RAPL2",0.013480355497989,6.18659864285381,0.696273077942935,0.405243131169195,0.716866612271162,0.716866612271162,"social_isolation_avg"
"3194","TMEM40","Exc L4-5 RORB IL1RAPL2",0.12725156041733,-0.397632186575387,0.769747933533981,0.381568413714286,0.699579065493024,0.699579065493024,"social_isolation_avg"
"3195","CAND2","Exc L4-5 RORB IL1RAPL2",-0.0546653987184068,4.91452465477613,2.51150954988494,0.114928905166573,0.391271862710278,0.391271862710278,"social_isolation_avg"
"3196","RPL32","Exc L4-5 RORB IL1RAPL2",-0.0933732390721436,5.4627886316808,4.88763642347625,0.0284224848034588,0.181588068543435,0.181588068543435,"social_isolation_avg"
"3197","IQSEC1","Exc L4-5 RORB IL1RAPL2",-0.0148778273685608,7.98165978285318,0.569989897325077,0.451337277178525,0.752180227894597,0.752180227894597,"social_isolation_avg"
"3198","NUP210","Exc L4-5 RORB IL1RAPL2",0.0208847990340462,4.88028343337744,0.49396847078055,0.483151027103573,0.775372863914549,0.775372863914549,"social_isolation_avg"
"3199","HDAC11-AS1","Exc L4-5 RORB IL1RAPL2",-0.127454784938286,0.528099747851417,1.44655459861604,0.230801544882126,0.552983747388044,0.552983747388044,"social_isolation_avg"
"3200","HDAC11","Exc L4-5 RORB IL1RAPL2",-0.0849820435459715,4.14182713198449,8.936459527942,0.00322234943496135,0.0500164673165739,0.0500164673165739,"social_isolation_avg"
"3201","FBLN2","Exc L4-5 RORB IL1RAPL2",0.170916104909932,1.20342446520491,2.76670914573081,0.0981386655988988,0.363022932276994,0.363022932276994,"social_isolation_avg"
"3202","LINC00620","Exc L4-5 RORB IL1RAPL2",0.0210155917460934,2.4451447910854,0.128039443931399,0.720930035274106,0.909296979182147,0.909296979182147,"social_isolation_avg"
"3203","WNT7A","Exc L4-5 RORB IL1RAPL2",-0.153212963512128,2.65482685485292,3.82288857387781,0.0522433454801148,0.258362869793322,0.258362869793322,"social_isolation_avg"
"3204","CHCHD4","Exc L4-5 RORB IL1RAPL2",-0.0358813655966089,2.29883685967512,0.467281305430645,0.4951976616306,0.783977055261698,0.783977055261698,"social_isolation_avg"
"3205","TMEM43","Exc L4-5 RORB IL1RAPL2",0.0366729184132545,2.9375065591482,0.660493611159943,0.417554697022843,0.725753483590778,0.725753483590778,"social_isolation_avg"
"3206","AC090004.1","Exc L4-5 RORB IL1RAPL2",0.0786787712941557,0.30265047881761,0.474355479058936,0.64905342090538,0.872437879882174,0.872437879882174,"social_isolation_avg"
"3207","AC093495.1","Exc L4-5 RORB IL1RAPL2",-0.0788658340314041,-0.192793668270882,0.296314596408956,0.586935670015276,0.839667312378365,0.839667312378365,"social_isolation_avg"
"3208","XPC","Exc L4-5 RORB IL1RAPL2",0.0331829106480324,4.79081302829805,1.81285515913187,0.180009493802067,0.486590289502461,0.486590289502461,"social_isolation_avg"
"3209","LSM3","Exc L4-5 RORB IL1RAPL2",-0.0462643818802932,3.86732442932902,1.94803107250556,0.164671144008088,0.468392366862758,0.468392366862758,"social_isolation_avg"
"3210","SLC6A6","Exc L4-5 RORB IL1RAPL2",0.0239646655796949,4.47425746460774,0.626431321851921,0.429801611271273,0.735330981167266,0.735330981167266,"social_isolation_avg"
"3211","GRIP2","Exc L4-5 RORB IL1RAPL2",-0.0462490232716664,1.51386290080095,0.0990700340907211,0.753345451713647,0.924635278271239,0.924635278271239,"social_isolation_avg"
"3212","CCDC174","Exc L4-5 RORB IL1RAPL2",0.0169332190807622,4.51184847867497,0.323125973183954,0.570506514395041,0.829839618609208,0.829839618609208,"social_isolation_avg"
"3213","C3orf20","Exc L4-5 RORB IL1RAPL2",0.0694001082179698,3.92325777117973,1.06815439325329,0.302872416998304,0.634122672643778,0.634122672643778,"social_isolation_avg"
"3214","FGD5","Exc L4-5 RORB IL1RAPL2",-0.0724321998939776,1.21593897301377,0.436350892227116,0.509808524351927,0.79352476877779,0.79352476877779,"social_isolation_avg"
"3215","FGD5-AS1","Exc L4-5 RORB IL1RAPL2",-0.0295082791015705,5.34540443205117,1.30580036047328,0.254808856015379,0.58290876129452,0.58290876129452,"social_isolation_avg"
"3216","NR2C2","Exc L4-5 RORB IL1RAPL2",0.0146887245891412,5.90249005012192,0.577299385661291,0.448455104173564,0.749312877611092,0.749312877611092,"social_isolation_avg"
"3217","MRPS25","Exc L4-5 RORB IL1RAPL2",-0.0298236101655339,5.45415865678283,1.97145263364843,0.167097234502893,0.470961532254752,0.470961532254752,"social_isolation_avg"
"3218","RBSN","Exc L4-5 RORB IL1RAPL2",-0.0141674496912625,4.99500801100499,0.344566140229498,0.558006223091044,0.822084851444805,0.822084851444805,"social_isolation_avg"
"3219","CAPN7","Exc L4-5 RORB IL1RAPL2",0.0485619165016597,6.26421978922004,8.0574095710127,0.00510031775391571,0.066165152295861,0.066165152295861,"social_isolation_avg"
"3220","SH3BP5-AS1","Exc L4-5 RORB IL1RAPL2",0.11739040086585,2.09094940470368,5.26646983622541,0.022997463307973,0.160922708302573,0.160922708302573,"social_isolation_avg"
"3221","SH3BP5","Exc L4-5 RORB IL1RAPL2",-0.00920117657023923,6.62943755518383,0.121375035574481,0.727991224106113,0.91234452756733,0.91234452756733,"social_isolation_avg"
"3222","METTL6","Exc L4-5 RORB IL1RAPL2",0.0514337464294463,6.16643605279183,6.60230650417489,0.0110679668392808,0.104551672773855,0.104551672773855,"social_isolation_avg"
"3223","EAF1","Exc L4-5 RORB IL1RAPL2",-0.0515162300438205,4.17889252097158,3.19936362520427,0.0754983277479755,0.314732590207646,0.314732590207646,"social_isolation_avg"
"3224","EAF1-AS1","Exc L4-5 RORB IL1RAPL2",0.0341476612628406,1.41127732634139,0.165301466976074,0.684847673622739,0.890917736857058,0.890917736857058,"social_isolation_avg"
"3225","COLQ","Exc L4-5 RORB IL1RAPL2",0.102850017246735,6.07944436036015,13.5943280351649,0.000307360884258182,0.0112053473815974,0.0112053473815974,"social_isolation_avg"
"3226","HACL1","Exc L4-5 RORB IL1RAPL2",0.0812406246673255,6.17880513147774,23.5442658727616,2.80475576277179e-06,0.000552799831118803,0.000552799831118803,"social_isolation_avg"
"3227","BTD","Exc L4-5 RORB IL1RAPL2",0.0379122585651203,3.44355248455075,0.950413228028379,0.535692626209069,0.810233253115682,0.810233253115682,"social_isolation_avg"
"3228","ANKRD28","Exc L4-5 RORB IL1RAPL2",-0.00232150269835157,7.16839107478041,0.0183231298413483,0.892489608686691,0.975397072289736,0.975397072289736,"social_isolation_avg"
"3229","GALNT15","Exc L4-5 RORB IL1RAPL2",0.0156787106367398,2.97094316658815,0.0596903062351533,0.807289092397052,0.947462681886443,0.947462681886443,"social_isolation_avg"
"3230","DPH3","Exc L4-5 RORB IL1RAPL2",-0.0264681139071523,3.29924403389994,0.464723957066854,0.49637849705305,0.784442827893303,0.784442827893303,"social_isolation_avg"
"3231","OXNAD1","Exc L4-5 RORB IL1RAPL2",0.0546679290307944,6.14365088394887,5.52074889504613,0.0199735904623868,0.148145944781976,0.148145944781976,"social_isolation_avg"
"3232","RFTN1","Exc L4-5 RORB IL1RAPL2",-0.012068061565041,6.46892552918067,0.17710024927015,0.674423812008662,0.885795706442863,0.885795706442863,"social_isolation_avg"
"3233","DAZL","Exc L4-5 RORB IL1RAPL2",0.0359902994600679,-0.398799317960163,0.0544608177488178,0.815764083052542,0.951591878420689,0.951591878420689,"social_isolation_avg"
"3234","PLCL2","Exc L4-5 RORB IL1RAPL2",0.00258320307147484,7.90504622881415,0.0280121932218493,0.867284741204103,0.966836543378231,0.966836543378231,"social_isolation_avg"
"3235","TBC1D5","Exc L4-5 RORB IL1RAPL2",-0.014815047474177,8.41782116255201,0.728975312364025,0.394451140462445,0.709458094408227,0.709458094408227,"social_isolation_avg"
"3236","EFHB","Exc L4-5 RORB IL1RAPL2",0.123511205997242,1.79820679092468,0.567223315545238,0.452435741889575,0.752574652509244,0.752574652509244,"social_isolation_avg"
"3237","RAB5A","Exc L4-5 RORB IL1RAPL2",-0.0239065404345906,5.52725114554501,1.94693441848726,0.164789345768415,0.468392366862758,0.468392366862758,"social_isolation_avg"
"3238","PP2D1","Exc L4-5 RORB IL1RAPL2",-0.0869534764859957,0.00613152879755399,0.537258471648088,0.464609308887454,0.761200244718799,0.761200244718799,"social_isolation_avg"
"3239","KAT2B","Exc L4-5 RORB IL1RAPL2",0.000585286475245134,4.57780070081412,0.000193430475794101,0.988920208432987,0.998787747693845,0.998787747693845,"social_isolation_avg"
"3240","AC099753.1","Exc L4-5 RORB IL1RAPL2",0.248323565120731,-0.319646090911562,2.99424926262647,0.0854269542131865,0.336218539117298,0.336218539117298,"social_isolation_avg"
"3241","ZNF385D","Exc L4-5 RORB IL1RAPL2",-0.672974644367109,-0.532203764226901,4.54242855451783,0.0345428444116775,0.2035435084597,0.2035435084597,"social_isolation_avg"
"3242","UBE2E2","Exc L4-5 RORB IL1RAPL2",0.0178065476364355,9.05049414997054,1.47601995474753,0.226130859592397,0.547736919280445,0.547736919280445,"social_isolation_avg"
"3243","UBE2E1","Exc L4-5 RORB IL1RAPL2",0.0448921749253982,5.47514230346858,3.53612301403881,0.0618046986578374,0.282670220765033,0.282670220765033,"social_isolation_avg"
"3244","NKIRAS1","Exc L4-5 RORB IL1RAPL2",0.0311325374214703,4.56450716775928,1.50700380434777,0.221342183197756,0.542559327410901,0.542559327410901,"social_isolation_avg"
"3245","RPL15","Exc L4-5 RORB IL1RAPL2",-0.0956900116836556,6.9573808764208,12.623598380675,0.000496631012200361,0.0150830744491863,0.0150830744491863,"social_isolation_avg"
"3246","NR1D2","Exc L4-5 RORB IL1RAPL2",-0.0510868764074981,6.81217327638068,4.48394327627124,0.0357105876327318,0.207263812453656,0.207263812453656,"social_isolation_avg"
"3247","THRB","Exc L4-5 RORB IL1RAPL2",-0.00376691542322328,9.98249675207472,0.0667390561090074,0.796466647511224,0.943052144191509,0.943052144191509,"social_isolation_avg"
"3248","AC012087.1","Exc L4-5 RORB IL1RAPL2",-0.00538180538745566,-0.424087527982222,0.00150615253597327,0.969089357125839,0.994265979419796,0.994265979419796,"social_isolation_avg"
"3249","AC092422.1","Exc L4-5 RORB IL1RAPL2",-0.0431630810615933,5.2730797598959,0.549527534159347,0.459562669482777,0.7578998752971,0.7578998752971,"social_isolation_avg"
"3250","RARB","Exc L4-5 RORB IL1RAPL2",-0.0296731020668253,6.43932907303848,0.68869871483668,0.407804259964735,0.718776376599232,0.718776376599232,"social_isolation_avg"
"3251","TOP2B","Exc L4-5 RORB IL1RAPL2",1.529728314967e-06,6.37754952870927,2.33848234993102e-09,0.999961474323463,1,1,"social_isolation_avg"
"3252","NGLY1","Exc L4-5 RORB IL1RAPL2",0.00237148460831334,5.79262548461846,0.0142657094353156,0.905072487654724,0.978666534310727,0.978666534310727,"social_isolation_avg"
"3253","OXSM","Exc L4-5 RORB IL1RAPL2",0.00622446222050764,3.04435222689002,0.0273321193296904,0.868890762890248,0.967441402840039,0.967441402840039,"social_isolation_avg"
"3254","LRRC3B","Exc L4-5 RORB IL1RAPL2",-0.0254569328577332,3.76611585600369,0.14908035571645,0.699912269380376,0.899436345991889,0.899436345991889,"social_isolation_avg"
"3255","NEK10","Exc L4-5 RORB IL1RAPL2",0.0413196260160103,6.69219420717503,2.89986557353754,0.0904665041094194,0.347486139718702,0.347486139718702,"social_isolation_avg"
"3256","SLC4A7","Exc L4-5 RORB IL1RAPL2",-0.0255510003916014,5.89485577938572,0.641005419395948,0.424496189007298,0.730636986464758,0.730636986464758,"social_isolation_avg"
"3257","CMC1","Exc L4-5 RORB IL1RAPL2",0.0137633230156858,5.79692927260653,0.392046019236548,0.532089543557055,0.808705378465304,0.808705378465304,"social_isolation_avg"
"3258","AZI2","Exc L4-5 RORB IL1RAPL2",0.0196342722414594,5.28316624991634,0.5102285354267,0.47604742509236,0.769562875226042,0.769562875226042,"social_isolation_avg"
"3259","AC098650.1","Exc L4-5 RORB IL1RAPL2",-0.0143051126303842,3.57210458800809,0.119023082254322,0.730535052326006,0.913267211869261,0.913267211869261,"social_isolation_avg"
"3260","RBMS3","Exc L4-5 RORB IL1RAPL2",-0.0145905122768374,2.39275557080343,0.0251134561782538,0.874278121952847,0.969990403745151,0.969990403745151,"social_isolation_avg"
"3261","RBMS3-AS2","Exc L4-5 RORB IL1RAPL2",0.155322974160911,-0.499261740601245,0.92088640141098,0.33864390201733,0.66239600960765,0.66239600960765,"social_isolation_avg"
"3262","STT3B","Exc L4-5 RORB IL1RAPL2",0.00333620490049612,6.0423628272125,0.0346387613892018,0.852582850627416,0.96225087193795,0.96225087193795,"social_isolation_avg"
"3263","OSBPL10","Exc L4-5 RORB IL1RAPL2",-0.0011896559918471,7.1490420154177,0.00312166606856992,0.955511355256268,0.990262932179649,0.990262932179649,"social_isolation_avg"
"3264","OSBPL10-AS1","Exc L4-5 RORB IL1RAPL2",0.0128217344074698,1.21426089577324,0.0163048245472608,0.898549240820602,0.977255559309928,0.977255559309928,"social_isolation_avg"
"3265","ZNF860","Exc L4-5 RORB IL1RAPL2",0.155148784131734,2.07056977708007,5.72099715309623,0.0178859815921809,0.139785484388952,0.139785484388952,"social_isolation_avg"
"3266","GPD1L","Exc L4-5 RORB IL1RAPL2",-0.00437141135647048,5.88091561320697,0.0406195945693691,0.840521790489762,0.958874418748966,0.958874418748966,"social_isolation_avg"
"3267","CMTM8","Exc L4-5 RORB IL1RAPL2",0.00268108246905199,5.5637985354087,0.0015893528331863,0.968247519229572,0.9941928619423,0.9941928619423,"social_isolation_avg"
"3268","CMTM7","Exc L4-5 RORB IL1RAPL2",0.0812681696308963,2.02893287761489,1.35873690200437,0.245435737564598,0.570993432984109,0.570993432984109,"social_isolation_avg"
"3269","CMTM6","Exc L4-5 RORB IL1RAPL2",-0.037304033404923,3.74629522452912,0.968621128882678,0.326462673523856,0.653028887381846,0.653028887381846,"social_isolation_avg"
"3270","DYNC1LI1","Exc L4-5 RORB IL1RAPL2",-0.0187158036851693,6.10937634686278,0.701907193651804,0.403353347814593,0.71559762719174,0.71559762719174,"social_isolation_avg"
"3271","CNOT10","Exc L4-5 RORB IL1RAPL2",0.0546579472945194,5.81517657374148,9.4965762816954,0.00241218051033533,0.0419879185244294,0.0419879185244294,"social_isolation_avg"
"3272","TRIM71","Exc L4-5 RORB IL1RAPL2",0.15453759153974,2.56027225327413,7.44854964252163,0.00703629109731077,0.0809323184511958,0.0809323184511958,"social_isolation_avg"
"3273","GLB1","Exc L4-5 RORB IL1RAPL2",0.0163139726442992,5.98420022492435,0.663474677464557,0.41650787546547,0.725399991870597,0.725399991870597,"social_isolation_avg"
"3274","CRTAP","Exc L4-5 RORB IL1RAPL2",-0.0375167989636138,4.26388598174958,1.98213458925514,0.161043584411882,0.46311324829844,0.46311324829844,"social_isolation_avg"
"3275","AC112211.1","Exc L4-5 RORB IL1RAPL2",0.078812921333593,-0.302357671085647,0.251735829334072,0.616523086880347,0.854746611446451,0.854746611446451,"social_isolation_avg"
"3276","SUSD5","Exc L4-5 RORB IL1RAPL2",-0.0328002706670438,4.63098863401509,0.564600210491894,0.453481127530848,0.752923518252999,0.752923518252999,"social_isolation_avg"
"3277","FBXL2","Exc L4-5 RORB IL1RAPL2",-0.0122989321795062,7.3312057798537,0.598133631393989,0.440395616330382,0.743070336922976,0.743070336922976,"social_isolation_avg"
"3278","UBP1","Exc L4-5 RORB IL1RAPL2",0.00631431390457982,6.03580973290612,0.0995685957177228,0.752745985495121,0.924550911493228,0.924550911493228,"social_isolation_avg"
"3279","CLASP2","Exc L4-5 RORB IL1RAPL2",0.0194668008083538,9.29678423600186,1.53510204153851,0.217104758725048,0.536919280955755,0.536919280955755,"social_isolation_avg"
"3280","AC112220.4","Exc L4-5 RORB IL1RAPL2",-0.0491920578368363,0.0192116035023361,0.0787614042464027,0.779333935258558,0.936318841604764,0.936318841604764,"social_isolation_avg"
"3281","PDCD6IP","Exc L4-5 RORB IL1RAPL2",0.0163594798239059,6.37197666117982,1.14172325105169,0.286846436133994,0.618016558653074,0.618016558653074,"social_isolation_avg"
"3282","LINC01811","Exc L4-5 RORB IL1RAPL2",-0.0145960233828673,6.69014498144227,0.10575918520495,0.745436139466679,0.920785167671651,0.920785167671651,"social_isolation_avg"
"3283","ARPP21","Exc L4-5 RORB IL1RAPL2",0.00519281797207657,9.84268745689292,0.0916897364001431,0.762420620216303,0.929286899099656,0.929286899099656,"social_isolation_avg"
"3284","STAC","Exc L4-5 RORB IL1RAPL2",-0.412624584063362,0.488974079590768,6.10035657873034,0.0145311157870151,0.122142710709069,0.122142710709069,"social_isolation_avg"
"3285","DCLK3","Exc L4-5 RORB IL1RAPL2",-0.72774564814718,-0.749793339862435,3.93306038877567,0.0490020927842089,0.248770753305612,0.248770753305612,"social_isolation_avg"
"3286","LINC02033","Exc L4-5 RORB IL1RAPL2",0.0786660464953078,0.413912233428506,0.706808892334008,0.401719707707291,0.714306793490241,0.714306793490241,"social_isolation_avg"
"3287","TRANK1","Exc L4-5 RORB IL1RAPL2",0.0637876807694876,6.53149297349102,8.02357246062746,0.00519191089617312,0.0668918553336186,0.0668918553336186,"social_isolation_avg"
"3288","EPM2AIP1","Exc L4-5 RORB IL1RAPL2",-0.0229966975692575,6.26093996722343,1.68447384382458,0.196139196177903,0.509143878567994,0.509143878567994,"social_isolation_avg"
"3289","MLH1","Exc L4-5 RORB IL1RAPL2",0.0249030782330169,4.52163860263707,0.764953700417264,0.383051710460164,0.700367436563551,0.700367436563551,"social_isolation_avg"
"3290","LRRFIP2","Exc L4-5 RORB IL1RAPL2",0.0361652316406485,7.36791959663288,3.42428065518281,0.0660290880207568,0.292771138854198,0.292771138854198,"social_isolation_avg"
"3291","AC126118.1","Exc L4-5 RORB IL1RAPL2",0.00831024818100729,1.57101120294145,0.0132492543945627,0.927593648815195,0.98417618971798,0.98417618971798,"social_isolation_avg"
"3292","AC097359.3","Exc L4-5 RORB IL1RAPL2",-0.0530290495716919,0.834131228552342,0.258926127825608,0.611537406494402,0.852117185969555,0.852117185969555,"social_isolation_avg"
"3293","GOLGA4","Exc L4-5 RORB IL1RAPL2",0.0257971742174775,7.59375219188465,2.2446479805764,0.135984675222179,0.424760285305457,0.424760285305457,"social_isolation_avg"
"3294","ITGA9","Exc L4-5 RORB IL1RAPL2",-0.0309376310059894,3.75140813058752,0.25598578849879,0.613565560898736,0.853491609577574,0.853491609577574,"social_isolation_avg"
"3295","CTDSPL","Exc L4-5 RORB IL1RAPL2",0.043390840424566,7.45013494904086,5.19328524072421,0.0239538646974466,0.164718712966816,0.164718712966816,"social_isolation_avg"
"3296","VILL","Exc L4-5 RORB IL1RAPL2",-0.0883278372256775,2.5655345755477,3.36820127146747,0.0682634654647689,0.298769709827493,0.298769709827493,"social_isolation_avg"
"3297","PLCD1","Exc L4-5 RORB IL1RAPL2",0.0148360049860734,1.49808254430692,0.048108785951618,0.826658034095413,0.954138758196749,0.954138758196749,"social_isolation_avg"
"3298","DLEC1","Exc L4-5 RORB IL1RAPL2",0.127814487286335,0.688823166692984,1.61878745929802,0.205047821398644,0.521951803434821,0.521951803434821,"social_isolation_avg"
"3299","ACAA1","Exc L4-5 RORB IL1RAPL2",0.0250345807983036,4.76194307806808,0.597220837934433,0.440744000818233,0.74326896643667,0.74326896643667,"social_isolation_avg"
"3300","OXSR1","Exc L4-5 RORB IL1RAPL2",0.0241283612760641,6.09466523756437,2.17775020388937,0.141921355409467,0.435500156617341,0.435500156617341,"social_isolation_avg"
"3301","SLC22A13","Exc L4-5 RORB IL1RAPL2",0.0415094896198944,1.91240172152463,0.466737037178385,0.495448575201377,0.783992278087555,0.783992278087555,"social_isolation_avg"
"3302","SLC22A14","Exc L4-5 RORB IL1RAPL2",-0.0136132232289536,4.10971210203435,0.165556860501323,0.684617510692942,0.890917736857058,0.890917736857058,"social_isolation_avg"
"3303","XYLB","Exc L4-5 RORB IL1RAPL2",0.0221989553585279,5.83624836003821,1.04545144034866,0.308051064608225,0.638101398025429,0.638101398025429,"social_isolation_avg"
"3304","ACVR2B","Exc L4-5 RORB IL1RAPL2",-0.0727819422068034,4.65613213419992,8.75958779930572,0.00353256677762476,0.0531418081057623,0.0531418081057623,"social_isolation_avg"
"3305","EXOG","Exc L4-5 RORB IL1RAPL2",-0.0166285097586874,5.04003483674531,0.46889788793343,0.49445366311866,0.783285143994321,0.783285143994321,"social_isolation_avg"
"3306","SCN5A","Exc L4-5 RORB IL1RAPL2",0.0556730436997481,2.82561854388848,0.522328135639954,0.470871569725266,0.765610685477007,0.765610685477007,"social_isolation_avg"
"3307","SCN10A","Exc L4-5 RORB IL1RAPL2",0.271888198249044,-0.0320085623419926,3.02776063300118,0.0837120808083963,0.332685629274452,0.332685629274452,"social_isolation_avg"
"3308","SCN11A","Exc L4-5 RORB IL1RAPL2",0.229662081451622,1.37450796126992,8.06682794857794,0.00507512061128243,0.0659658064122967,0.0659658064122967,"social_isolation_avg"
"3309","WDR48","Exc L4-5 RORB IL1RAPL2",0.00544232446965514,5.70780817174472,0.0894651343478127,0.97027348438567,0.994857553485429,0.994857553485429,"social_isolation_avg"
"3310","GORASP1","Exc L4-5 RORB IL1RAPL2",-0.0505728686413054,3.40083231926383,2.14850784400858,0.144608187257672,0.439468601205014,0.439468601205014,"social_isolation_avg"
"3311","TTC21A","Exc L4-5 RORB IL1RAPL2",0.0396670861273549,4.76389139351154,1.3019005705677,0.255516733336455,0.58396329405231,0.58396329405231,"social_isolation_avg"
"3312","CSRNP1","Exc L4-5 RORB IL1RAPL2",0.0135598653642284,2.59515825396013,0.0795225582867842,0.778298224803119,0.936007542264975,0.936007542264975,"social_isolation_avg"
"3313","AC092053.3","Exc L4-5 RORB IL1RAPL2",0.229187795289945,0.479590022744737,5.02056977581153,0.0263800569759778,0.174097334510804,0.174097334510804,"social_isolation_avg"
"3314","SLC25A38","Exc L4-5 RORB IL1RAPL2",-0.0530006785206925,3.80711484301452,2.75216188288676,0.129267503320919,0.414273446872477,0.414273446872477,"social_isolation_avg"
"3315","RPSA","Exc L4-5 RORB IL1RAPL2",-0.0642980280016236,5.61005501403775,3.71763452378837,0.0555545822719654,0.26719579338278,0.26719579338278,"social_isolation_avg"
"3316","MYRIP","Exc L4-5 RORB IL1RAPL2",0.0657464737644172,9.18237223712521,13.7477784117056,0.000285028781396841,0.0106792664808112,0.0106792664808112,"social_isolation_avg"
"3317","EIF1B","Exc L4-5 RORB IL1RAPL2",-0.090036306641168,5.94736173510152,9.99931982048221,0.0018634894077995,0.0357960234365222,0.0357960234365222,"social_isolation_avg"
"3318","ENTPD3-AS1","Exc L4-5 RORB IL1RAPL2",-0.00634743157308857,3.33698414508074,0.0212721800816107,0.884217626596489,0.973439480030842,0.973439480030842,"social_isolation_avg"
"3319","ENTPD3","Exc L4-5 RORB IL1RAPL2",0.0488995784624435,4.54120281476214,1.941814780957,0.165342456125137,0.468888913599677,0.468888913599677,"social_isolation_avg"
"3320","RPL14","Exc L4-5 RORB IL1RAPL2",-0.0657839574017015,6.2171216049653,4.93860938133606,0.0276203480434509,0.178668241138508,0.178668241138508,"social_isolation_avg"
"3321","ZNF619","Exc L4-5 RORB IL1RAPL2",0.0100085816650275,0.502202488700547,0.0103456351070496,0.982018794979466,0.997625644016456,0.997625644016456,"social_isolation_avg"
"3322","ZNF620","Exc L4-5 RORB IL1RAPL2",-0.118600145306196,1.97089167222263,4.37163703328399,0.0884336959804538,0.343151683498388,0.343151683498388,"social_isolation_avg"
"3323","ZNF621","Exc L4-5 RORB IL1RAPL2",0.128184177058118,3.4620518306658,9.22446167861317,0.0027757918183742,0.0455119211399118,0.0455119211399118,"social_isolation_avg"
"3324","AC099560.1","Exc L4-5 RORB IL1RAPL2",0.396590392455503,-0.450598152950912,6.39698533830973,0.0123674782460132,0.111344968425333,0.111344968425333,"social_isolation_avg"
"3325","CTNNB1","Exc L4-5 RORB IL1RAPL2",-0.0353396994758652,6.35066804615397,2.06269324465635,0.152833025132998,0.451342854462534,0.451342854462534,"social_isolation_avg"
"3326","ULK4","Exc L4-5 RORB IL1RAPL2",0.0691156228348616,6.977113490195,11.4389786667559,0.000897789289354112,0.0220898194328598,0.0220898194328598,"social_isolation_avg"
"3327","TRAK1","Exc L4-5 RORB IL1RAPL2",0.0185182656524641,6.62108808105413,1.12903826768643,0.289530468319773,0.620921221119988,0.620921221119988,"social_isolation_avg"
"3328","CCK","Exc L4-5 RORB IL1RAPL2",-0.1309981363145,6.7159653676551,7.12997874277639,0.00833762489267895,0.0886768974673291,0.0886768974673291,"social_isolation_avg"
"3329","AC018358.1","Exc L4-5 RORB IL1RAPL2",-0.00660704520219726,0.00703854739629365,0.0016422604412797,0.967723631479396,0.994093242531172,0.994093242531172,"social_isolation_avg"
"3330","LYZL4","Exc L4-5 RORB IL1RAPL2",0.0395539770468021,0.292295775938058,0.139680693568797,0.709077575035649,0.903688598859481,0.903688598859481,"social_isolation_avg"
"3331","VIPR1","Exc L4-5 RORB IL1RAPL2",-0.0407531530492626,5.60522727062795,1.92295149700222,0.167398946860431,0.471037750786443,0.471037750786443,"social_isolation_avg"
"3332","VIPR1-AS1","Exc L4-5 RORB IL1RAPL2",-0.0277873654107754,1.36461702315475,0.0911005524037744,0.76316207122632,0.929286899099656,0.929286899099656,"social_isolation_avg"
"3333","SEC22C","Exc L4-5 RORB IL1RAPL2",0.00455681717907904,4.81747009156589,0.0413635910050886,0.83908786252711,0.958371450372778,0.958371450372778,"social_isolation_avg"
"3334","SS18L2","Exc L4-5 RORB IL1RAPL2",-0.0622182351368487,4.59008822679919,4.50372474304776,0.0353110233751346,0.205892102705985,0.205892102705985,"social_isolation_avg"
"3335","NKTR","Exc L4-5 RORB IL1RAPL2",0.0936713658741964,7.47192532031761,31.1179418800074,9.73248454355835e-08,0.000108322552969804,0.000108322552969804,"social_isolation_avg"
"3336","AC006059.1","Exc L4-5 RORB IL1RAPL2",-0.0192369962003192,4.1427181440343,0.35191377502408,0.553842590543075,0.819134759044442,0.819134759044442,"social_isolation_avg"
"3337","ZBTB47","Exc L4-5 RORB IL1RAPL2",-0.150469528878795,1.62681072485374,4.94403662239103,0.0275363546171768,0.178561763787118,0.178561763787118,"social_isolation_avg"
"3338","CCDC13","Exc L4-5 RORB IL1RAPL2",0.00302467458427176,2.45923440336734,0.00228901964750077,0.961898565642434,0.992559929562221,0.992559929562221,"social_isolation_avg"
"3339","CCDC13-AS1","Exc L4-5 RORB IL1RAPL2",0.257673364414666,-0.856049754156138,1.24926704748449,0.265314363672966,0.595768491731077,0.595768491731077,"social_isolation_avg"
"3340","AC099329.3","Exc L4-5 RORB IL1RAPL2",0.0197774181229913,3.09887014571337,0.288788899323579,0.629540554072454,0.862656580695747,0.862656580695747,"social_isolation_avg"
"3341","LINC02158","Exc L4-5 RORB IL1RAPL2",0.0635384374229728,-0.437404286052831,0.127731990670088,0.72125117510077,0.909296979182147,0.909296979182147,"social_isolation_avg"
"3342","AC099329.1","Exc L4-5 RORB IL1RAPL2",0.104294671798337,-0.106130495464134,0.647618806262929,0.451496279301629,0.752180227894597,0.752180227894597,"social_isolation_avg"
"3343","ACKR2","Exc L4-5 RORB IL1RAPL2",-0.134038908418415,0.318025290388504,1.30585004479352,0.254799853182464,0.58290876129452,0.58290876129452,"social_isolation_avg"
"3344","AC092042.3","Exc L4-5 RORB IL1RAPL2",-0.0522155324567791,3.08035846841083,0.849281226622347,0.358098842218311,0.677965598720499,0.677965598720499,"social_isolation_avg"
"3345","FAM198A","Exc L4-5 RORB IL1RAPL2",0.0139507365970798,0.707269961271866,0.0200105586042717,0.887679852716451,0.974102504307964,0.974102504307964,"social_isolation_avg"
"3346","POMGNT2","Exc L4-5 RORB IL1RAPL2",-0.0325299817299278,4.31218443928974,1.32190548490165,0.251911124665787,0.579179261324071,0.579179261324071,"social_isolation_avg"
"3347","SNRK","Exc L4-5 RORB IL1RAPL2",-0.00299719382362119,5.47206730146418,0.0197617542120223,0.888375667920434,0.974262795613663,0.974262795613663,"social_isolation_avg"
"3348","AC104184.1","Exc L4-5 RORB IL1RAPL2",0.0177682326921384,1.15844149960619,0.0542069036352502,0.816186301516963,0.951599926146172,0.951599926146172,"social_isolation_avg"
"3349","SNRK-AS1","Exc L4-5 RORB IL1RAPL2",-0.0746075809409752,0.723741152278634,0.659965186268965,0.417740666660552,0.725840888202467,0.725840888202467,"social_isolation_avg"
"3350","ANO10","Exc L4-5 RORB IL1RAPL2",0.0181960641814484,6.77497138478549,1.0227905939049,0.313336073844336,0.642373438801511,0.642373438801511,"social_isolation_avg"
"3351","ABHD5","Exc L4-5 RORB IL1RAPL2",0.0624561575648596,4.81986738072382,5.18139204031374,0.024113183793834,0.16548623524234,0.16548623524234,"social_isolation_avg"
"3352","AC006058.3","Exc L4-5 RORB IL1RAPL2",0.0205408787971053,0.147140932755299,0.0317690580884494,0.942356228912582,0.987984052456339,0.987984052456339,"social_isolation_avg"
"3353","AC006058.1","Exc L4-5 RORB IL1RAPL2",0.0492156931397588,4.63764147736847,1.80580646015905,0.180853767854243,0.487593921568841,0.487593921568841,"social_isolation_avg"
"3354","TOPAZ1","Exc L4-5 RORB IL1RAPL2",0.396772165687937,0.755035227669453,9.34786939993982,0.00260438480927121,0.0436993570106767,0.0436993570106767,"social_isolation_avg"
"3355","TCAIM","Exc L4-5 RORB IL1RAPL2",-0.0133467989930462,6.05816421997049,0.366998938875181,0.54547560578768,0.814918589586158,0.814918589586158,"social_isolation_avg"
"3356","ZNF445","Exc L4-5 RORB IL1RAPL2",0.0153596688762493,5.37240917363914,0.63114063369023,0.42807634599472,0.734354673773857,0.734354673773857,"social_isolation_avg"
"3357","ZNF852","Exc L4-5 RORB IL1RAPL2",-0.0732317536720283,2.8011119524392,2.53601411469893,0.113185872886795,0.388509346839193,0.388509346839193,"social_isolation_avg"
"3358","ZKSCAN7","Exc L4-5 RORB IL1RAPL2",0.0347575298458439,2.66782284059087,0.573902703840758,0.449790838588181,0.750550529758089,0.750550529758089,"social_isolation_avg"
"3359","AC099669.1","Exc L4-5 RORB IL1RAPL2",0.0161945365216233,4.9393821593615,0.339330997620632,0.561009394703322,0.824071016006642,0.824071016006642,"social_isolation_avg"
"3360","ZNF197","Exc L4-5 RORB IL1RAPL2",0.0861573010471445,5.11399379665536,9.81812327350277,0.0020447457400858,0.038004552208412,0.038004552208412,"social_isolation_avg"
"3361","ZNF35","Exc L4-5 RORB IL1RAPL2",0.0558051780447774,3.14745873779491,2.18825000228333,0.140970465998193,0.434272580128917,0.434272580128917,"social_isolation_avg"
"3362","AC124045.1","Exc L4-5 RORB IL1RAPL2",0.0850738295617976,0.930994972216406,1.10232191674827,0.47172297923978,0.766134806025397,0.766134806025397,"social_isolation_avg"
"3363","ZNF502","Exc L4-5 RORB IL1RAPL2",-0.099495471737526,2.52878397434963,3.2645682982938,0.0726103725941022,0.308799235214574,0.308799235214574,"social_isolation_avg"
"3364","ZNF501","Exc L4-5 RORB IL1RAPL2",-0.106707664907345,0.92198205827229,1.11928849889397,0.291615346162303,0.623041323931451,0.623041323931451,"social_isolation_avg"
"3365","KIAA1143","Exc L4-5 RORB IL1RAPL2",-0.0284644364002292,3.65307456899841,0.644073013463672,0.423392099727541,0.729998352373318,0.729998352373318,"social_isolation_avg"
"3366","KIF15","Exc L4-5 RORB IL1RAPL2",-0.0114978215168057,2.60039534464859,0.0430982863417829,0.835795861153256,0.956824497333631,0.956824497333631,"social_isolation_avg"
"3367","ZDHHC3","Exc L4-5 RORB IL1RAPL2",-0.0388392527358925,4.65570791911005,3.09209554590816,0.0805240816715021,0.325766424486298,0.325766424486298,"social_isolation_avg"
"3368","EXOSC7","Exc L4-5 RORB IL1RAPL2",0.0513928293307191,4.29479678560156,3.67018917555667,0.0571200010331315,0.271413244487163,0.271413244487163,"social_isolation_avg"
"3369","CDCP1","Exc L4-5 RORB IL1RAPL2",0.143433316696341,1.20395909046718,1.63147478075217,0.203290352417677,0.51944048049897,0.51944048049897,"social_isolation_avg"
"3370","TMEM158","Exc L4-5 RORB IL1RAPL2",-0.101278219885983,3.54519671912881,2.90109888352497,0.090398592586308,0.347295790929043,0.347295790929043,"social_isolation_avg"
"3371","LARS2","Exc L4-5 RORB IL1RAPL2",0.0287395878307889,5.7518543596141,1.50041881875345,0.2223496009121,0.543675680527236,0.543675680527236,"social_isolation_avg"
"3372","LARS2-AS1","Exc L4-5 RORB IL1RAPL2",0.0845088103112705,-0.171859943914334,0.35911117208603,0.649132862079538,0.872437879882174,0.872437879882174,"social_isolation_avg"
"3373","LIMD1","Exc L4-5 RORB IL1RAPL2",0.121027239805159,1.85990605018037,2.47867557012783,0.11731142887733,0.395790740324892,0.395790740324892,"social_isolation_avg"
"3374","SACM1L","Exc L4-5 RORB IL1RAPL2",0.0105508701946824,5.61877437776405,0.272533034801159,0.602336501217435,0.847630498803236,0.847630498803236,"social_isolation_avg"
"3375","SLC6A20","Exc L4-5 RORB IL1RAPL2",0.0931179860479151,-0.582515824378423,0.202505151479472,0.65329591023477,0.875079301344669,0.875079301344669,"social_isolation_avg"
"3376","LZTFL1","Exc L4-5 RORB IL1RAPL2",-0.0114479969652128,4.64872783773562,0.189262421705682,0.664098674358022,0.880856527610023,0.880856527610023,"social_isolation_avg"
"3377","FYCO1","Exc L4-5 RORB IL1RAPL2",-0.0532994909399954,1.49088361274408,0.460460248487946,0.498357862928387,0.78504360281201,0.78504360281201,"social_isolation_avg"
"3378","CCR3","Exc L4-5 RORB IL1RAPL2",0.00280446821526948,0.106693513012602,0.000379310279871549,0.984484959569823,0.998239655190367,0.998239655190367,"social_isolation_avg"
"3379","LRRC2","Exc L4-5 RORB IL1RAPL2",0.0377544584675898,4.25970459513539,0.23851884389316,0.625925199416525,0.860679126789555,0.860679126789555,"social_isolation_avg"
"3380","ALS2CL","Exc L4-5 RORB IL1RAPL2",0.0459799213169668,3.49107405515942,0.564740563520665,0.453425096408039,0.752923518252999,0.752923518252999,"social_isolation_avg"
"3381","TMIE","Exc L4-5 RORB IL1RAPL2",-0.230094328895547,1.85557319339061,9.9186671601721,0.00194204337211331,0.0367454026437559,0.0367454026437559,"social_isolation_avg"
"3382","PTH1R","Exc L4-5 RORB IL1RAPL2",-0.0713134452398364,2.05043990763396,0.57565459593079,0.449101136418045,0.749796400085223,0.749796400085223,"social_isolation_avg"
"3383","CCDC12","Exc L4-5 RORB IL1RAPL2",-0.0349588837150946,4.84970663015766,1.80895273589108,0.180476346327024,0.487158367633199,0.487158367633199,"social_isolation_avg"
"3384","NBEAL2","Exc L4-5 RORB IL1RAPL2",0.0765543314961118,2.85775912203551,2.63991368260269,0.106114449803467,0.377027219903409,0.377027219903409,"social_isolation_avg"
"3385","SETD2","Exc L4-5 RORB IL1RAPL2",0.0379849024868599,7.36774650183374,8.6179903268553,0.00380295122521889,0.0556501470474607,0.0556501470474607,"social_isolation_avg"
"3386","KIF9-AS1","Exc L4-5 RORB IL1RAPL2",0.0845014510232467,7.18827499775317,20.279034001495,1.25938177338937e-05,0.00159868467262627,0.00159868467262627,"social_isolation_avg"
"3387","KIF9","Exc L4-5 RORB IL1RAPL2",0.0534395940580953,4.08166376538896,2.42685945213722,0.121184189223128,0.400433097338205,0.400433097338205,"social_isolation_avg"
"3388","KLHL18","Exc L4-5 RORB IL1RAPL2",-0.00367089952164087,5.55064211313122,0.0369345849542516,0.847834189537601,0.961873912835597,0.961873912835597,"social_isolation_avg"
"3389","AC099778.1","Exc L4-5 RORB IL1RAPL2",-0.00989464214256875,2.74816560219876,0.037576076762354,0.84653486888282,0.961597389721097,0.961597389721097,"social_isolation_avg"
"3390","PTPN23","Exc L4-5 RORB IL1RAPL2",-0.0107576828158305,4.41947555663962,0.160568030836845,0.789251788674651,0.940195948230402,0.940195948230402,"social_isolation_avg"
"3391","SCAP","Exc L4-5 RORB IL1RAPL2",0.0307408746515709,5.77640679763649,3.08598484386067,0.0808211295410783,0.326476642196145,0.326476642196145,"social_isolation_avg"
"3392","ELP6","Exc L4-5 RORB IL1RAPL2",0.00363934225362011,4.21932548631272,0.016655151744311,0.89747115139878,0.976876928931503,0.976876928931503,"social_isolation_avg"
"3393","CSPG5","Exc L4-5 RORB IL1RAPL2",-0.030930846421614,5.10312018432058,1.44266128610668,0.231427406677946,0.553680169479761,0.553680169479761,"social_isolation_avg"
"3394","SMARCC1","Exc L4-5 RORB IL1RAPL2",0.0598260715690281,6.26231274756705,11.1695069549095,0.00102833047448562,0.0242606495109008,0.0242606495109008,"social_isolation_avg"
"3395","DHX30","Exc L4-5 RORB IL1RAPL2",-0.0141681379608536,5.88477988088341,0.62998159846906,0.428499984530719,0.734542151478902,0.734542151478902,"social_isolation_avg"
"3396","MAP4","Exc L4-5 RORB IL1RAPL2",-0.010012395989406,6.66616142807883,0.243247906979365,0.622524675727941,0.858637511987781,0.858637511987781,"social_isolation_avg"
"3397","ZNF589","Exc L4-5 RORB IL1RAPL2",-0.0331244354281173,5.15067126672563,0.921563325381667,0.338466924781148,0.66239600960765,0.66239600960765,"social_isolation_avg"
"3398","NME6","Exc L4-5 RORB IL1RAPL2",-0.0769193348751127,2.73788268453159,2.5156659184947,0.114631168034761,0.390869765793063,0.390869765793063,"social_isolation_avg"
"3399","SPINK8","Exc L4-5 RORB IL1RAPL2",0.0534857294493205,0.757056730372742,0.258008986684882,0.726920937740275,0.912134164267109,0.912134164267109,"social_isolation_avg"
"3400","FBXW12","Exc L4-5 RORB IL1RAPL2",-0.0148645868405535,1.60364124847977,0.0416778335194189,0.838486249738803,0.957944047297437,0.957944047297437,"social_isolation_avg"
"3401","CCDC51","Exc L4-5 RORB IL1RAPL2",-0.0829989979693428,1.92719360639812,2.0245321384923,0.179687181965016,0.486451935285231,0.486451935285231,"social_isolation_avg"
"3402","TMA7","Exc L4-5 RORB IL1RAPL2",-0.0281745362681199,5.60247208779876,0.642385321512627,0.423998998076245,0.730484447368394,0.730484447368394,"social_isolation_avg"
"3403","AC134772.1","Exc L4-5 RORB IL1RAPL2",-0.0780015842543377,0.326308647746713,0.586582959358314,0.444835792934345,0.746285212787628,0.746285212787628,"social_isolation_avg"
"3404","ATRIP","Exc L4-5 RORB IL1RAPL2",-0.0185773684756487,2.4886598118504,0.162136552964081,0.687717282851216,0.892598347429542,0.892598347429542,"social_isolation_avg"
"3405","SHISA5","Exc L4-5 RORB IL1RAPL2",-0.0415323206170356,4.67152598474804,2.46822980669803,0.118080901091645,0.396711059022417,0.396711059022417,"social_isolation_avg"
"3406","PFKFB4","Exc L4-5 RORB IL1RAPL2",0.0589554522040492,3.56381434692072,1.93171355978062,0.166440051620118,0.470280438545185,0.470280438545185,"social_isolation_avg"
"3407","COL7A1","Exc L4-5 RORB IL1RAPL2",0.0928700114106627,3.10696559577086,2.65998692512148,0.104805458846247,0.374821458325754,0.374821458325754,"social_isolation_avg"
"3408","UQCRC1","Exc L4-5 RORB IL1RAPL2",-0.042669488435439,4.7251167214196,2.63816851283449,0.106229105165903,0.377027219903409,0.377027219903409,"social_isolation_avg"
"3409","SLC26A6","Exc L4-5 RORB IL1RAPL2",0.0686122239842018,1.49068300056329,0.962685787932671,0.327945005657329,0.653764769231232,0.653764769231232,"social_isolation_avg"
"3410","CELSR3","Exc L4-5 RORB IL1RAPL2",0.0190741056079607,4.23239866632215,0.330481955780855,0.566157052971029,0.827456944173092,0.827456944173092,"social_isolation_avg"
"3411","LINC02585","Exc L4-5 RORB IL1RAPL2",-0.0900492137927653,0.298547807632864,0.574603638013985,0.449514689045501,0.750380841572934,0.750380841572934,"social_isolation_avg"
"3412","NCKIPSD","Exc L4-5 RORB IL1RAPL2",-0.0889901213867994,4.96969361057944,10.051667915246,0.00181425301500618,0.0352438206334004,0.0352438206334004,"social_isolation_avg"
"3413","IP6K2","Exc L4-5 RORB IL1RAPL2",0.0160249603159572,5.63859867803265,0.513142486353138,0.474792482365925,0.768680473357555,0.768680473357555,"social_isolation_avg"
"3414","PRKAR2A","Exc L4-5 RORB IL1RAPL2",0.0635241150267579,6.58505927302776,17.1391245312717,5.52542662632274e-05,0.0039156028912604,0.0039156028912604,"social_isolation_avg"
"3415","PRKAR2A-AS1","Exc L4-5 RORB IL1RAPL2",0.0148948073832798,0.0870818348258657,0.0151502322633571,0.902188306656265,0.978262943641483,0.978262943641483,"social_isolation_avg"
"3416","SLC25A20","Exc L4-5 RORB IL1RAPL2",-0.00235293619534548,2.00962157474537,0.00147276237689706,0.976776545503172,0.996715536610383,0.996715536610383,"social_isolation_avg"
"3417","ARIH2OS","Exc L4-5 RORB IL1RAPL2",0.038281755461526,1.81216054437673,0.331740265545935,0.56541950260907,0.826991879144998,0.826991879144998,"social_isolation_avg"
"3418","ARIH2","Exc L4-5 RORB IL1RAPL2",0.0192866490742057,6.3157068941704,1.8562966124428,0.174906326776046,0.48115769248758,0.48115769248758,"social_isolation_avg"
"3419","AC137630.2","Exc L4-5 RORB IL1RAPL2",0.167491324922036,0.103770097772223,1.76689211860639,0.18559888319408,0.493981779281923,0.493981779281923,"social_isolation_avg"
"3420","AC137630.1","Exc L4-5 RORB IL1RAPL2",-0.166219378222391,0.576227042895385,2.68330658483952,0.10330712951708,0.372389826175017,0.372389826175017,"social_isolation_avg"
"3421","P4HTM","Exc L4-5 RORB IL1RAPL2",-0.0391637688165577,5.92160665113386,2.83095939022852,0.0943510915796409,0.355371878720167,0.355371878720167,"social_isolation_avg"
"3422","WDR6","Exc L4-5 RORB IL1RAPL2",-0.0610379139604759,4.72879721076689,3.46587579682742,0.0644227716284331,0.289123164606637,0.289123164606637,"social_isolation_avg"
"3423","DALRD3","Exc L4-5 RORB IL1RAPL2",-0.0450444625286294,3.23283869038522,1.58637278628579,0.209620665151759,0.527748266940862,0.527748266940862,"social_isolation_avg"
"3424","NDUFAF3","Exc L4-5 RORB IL1RAPL2",-0.147764807021381,3.29056649928709,8.01593043162489,0.00521283053109236,0.0669763466555283,0.0669763466555283,"social_isolation_avg"
"3425","IMPDH2","Exc L4-5 RORB IL1RAPL2",-0.139738361534927,2.12815791963451,6.75703211578315,0.0101827584118839,0.0998279647208578,0.0998279647208578,"social_isolation_avg"
"3426","AC137630.3","Exc L4-5 RORB IL1RAPL2",0.0244292091751379,0.366118637767974,0.0383350704392597,0.845012330258015,0.961302031718881,0.961302031718881,"social_isolation_avg"
"3427","QRICH1","Exc L4-5 RORB IL1RAPL2",0.0977954809238642,5.94883734927927,22.2722666515157,5.01429678656809e-06,0.000854734319807701,0.000854734319807701,"social_isolation_avg"
"3428","QARS","Exc L4-5 RORB IL1RAPL2",0.0397960741761804,2.87254934705228,0.869428039137967,0.352473643384133,0.672660809354938,0.672660809354938,"social_isolation_avg"
"3429","USP19","Exc L4-5 RORB IL1RAPL2",-0.0553783311774448,3.47845023417346,1.6683061402633,0.198288692983766,0.51230776963174,0.51230776963174,"social_isolation_avg"
"3430","CCDC71","Exc L4-5 RORB IL1RAPL2",-0.106040050819439,1.44149056447212,3.32520014884162,0.0700320248167844,0.303151668167096,0.303151668167096,"social_isolation_avg"
"3431","KLHDC8B","Exc L4-5 RORB IL1RAPL2",-0.0752869244862267,2.45257482307055,2.47190346355235,0.117809646782518,0.396511034071482,0.396511034071482,"social_isolation_avg"
"3432","C3orf84","Exc L4-5 RORB IL1RAPL2",-0.0352261672883136,-0.453665342729859,0.0702989200334722,0.79123240400981,0.941038251380201,0.941038251380201,"social_isolation_avg"
"3433","CCDC36","Exc L4-5 RORB IL1RAPL2",0.0923878318023792,1.81362761215035,1.73049144739008,0.190169875248645,0.500953822055531,0.500953822055531,"social_isolation_avg"
"3434","C3orf62","Exc L4-5 RORB IL1RAPL2",0.0325339419090859,4.26222835636203,1.31288146753713,0.253529721828972,0.581177110095225,0.581177110095225,"social_isolation_avg"
"3435","USP4","Exc L4-5 RORB IL1RAPL2",0.0280547713965075,5.75907173438678,1.9614607378814,0.163231532795249,0.466112643011692,0.466112643011692,"social_isolation_avg"
"3436","RHOA","Exc L4-5 RORB IL1RAPL2",-0.0427980313307102,5.53512521541505,3.98395739713776,0.0475777579614999,0.244931957336545,0.244931957336545,"social_isolation_avg"
"3437","TCTA","Exc L4-5 RORB IL1RAPL2",-0.0984083343598705,3.9062948799517,8.34810650106374,0.00437881486222858,0.0604314777594653,0.0604314777594653,"social_isolation_avg"
"3438","DAG1","Exc L4-5 RORB IL1RAPL2",0.0306617612805281,4.61805475008825,1.17116853483522,0.280737476298592,0.61180920429621,0.61180920429621,"social_isolation_avg"
"3439","BSN-DT","Exc L4-5 RORB IL1RAPL2",-0.094145973212085,0.947649462241265,1.38123871824955,0.315573961921915,0.643791637580957,0.643791637580957,"social_isolation_avg"
"3440","BSN","Exc L4-5 RORB IL1RAPL2",-0.050964194005536,7.36874296788224,5.29758008226286,0.0226030971058494,0.159331575981211,0.159331575981211,"social_isolation_avg"
"3441","APEH","Exc L4-5 RORB IL1RAPL2",-0.0803049086768943,2.89476927787091,2.94923316199907,0.0877911930802957,0.341719227375494,0.341719227375494,"social_isolation_avg"
"3442","MST1","Exc L4-5 RORB IL1RAPL2",0.026784772560348,1.07331524193432,0.118553207803044,0.731046625183929,0.913323435727078,0.913323435727078,"social_isolation_avg"
"3443","RNF123","Exc L4-5 RORB IL1RAPL2",-0.00224694017791511,5.02076216368278,0.00774584124779676,0.929974895079591,0.984835450260309,0.984835450260309,"social_isolation_avg"
"3444","GMPPB","Exc L4-5 RORB IL1RAPL2",-0.0556952123021236,1.72982282431358,0.724167343010833,0.39601140116286,0.710527834143388,0.710527834143388,"social_isolation_avg"
"3445","IP6K1","Exc L4-5 RORB IL1RAPL2",0.0172869034677824,6.35430196041455,0.93755119845808,0.334323013485304,0.658844689068014,0.658844689068014,"social_isolation_avg"
"3446","INKA1","Exc L4-5 RORB IL1RAPL2",-0.184893657297712,0.414019978043067,3.06449266619393,0.0818753992801247,0.32895316318561,0.32895316318561,"social_isolation_avg"
"3447","TRAIP","Exc L4-5 RORB IL1RAPL2",0.148090397213808,1.57912023010631,4.31089309810665,0.039416810837537,0.220066532268232,0.220066532268232,"social_isolation_avg"
"3448","CAMKV","Exc L4-5 RORB IL1RAPL2",-0.0912686422095647,6.34724454442903,9.34749002474885,0.00260489475067302,0.0436993570106767,0.0436993570106767,"social_isolation_avg"
"3449","MST1R","Exc L4-5 RORB IL1RAPL2",-0.0220626288993873,0.863307286512739,0.0536130337117919,0.817177901312216,0.951599926146172,0.951599926146172,"social_isolation_avg"
"3450","MON1A","Exc L4-5 RORB IL1RAPL2",-0.0363509932702708,3.4969990385047,0.851984687113745,0.357336852941368,0.677448951510407,0.677448951510407,"social_isolation_avg"
"3451","RBM6","Exc L4-5 RORB IL1RAPL2",0.0766853272507252,7.9756321397869,36.646288178942,9.20983885418743e-09,2.48941944228686e-05,2.48941944228686e-05,"social_isolation_avg"
"3452","RBM5","Exc L4-5 RORB IL1RAPL2",0.00575736282386098,6.45109741892541,0.0652700866257605,0.798669926461098,0.943533571339313,0.943533571339313,"social_isolation_avg"
"3453","SEMA3F-AS1","Exc L4-5 RORB IL1RAPL2",0.0540651858551489,0.36860928021494,0.272896297969392,0.602094903974217,0.847600124527637,0.847600124527637,"social_isolation_avg"
"3454","SEMA3F","Exc L4-5 RORB IL1RAPL2",0.243284000246062,1.48940075274699,9.68726460831884,0.00218680995529186,0.0395073238320158,0.0395073238320158,"social_isolation_avg"
"3455","GNAI2","Exc L4-5 RORB IL1RAPL2",-0.0372169126409276,5.23221992824528,2.0989209602781,0.149297480489486,0.446406072746771,0.446406072746771,"social_isolation_avg"
"3456","U73166.1","Exc L4-5 RORB IL1RAPL2",0.0567618460830734,0.781495514354869,0.412423663949326,0.52163156727434,0.802207419140698,0.802207419140698,"social_isolation_avg"
"3457","IFRD2","Exc L4-5 RORB IL1RAPL2",-0.0402072108070072,3.02694543624098,0.866727002122375,0.636789031029928,0.866571025320159,0.866571025320159,"social_isolation_avg"
"3458","HYAL3","Exc L4-5 RORB IL1RAPL2",-0.0733569956676409,1.58416185437172,1.01993459533256,0.314010571069304,0.642716683539493,0.642716683539493,"social_isolation_avg"
"3459","HYAL1","Exc L4-5 RORB IL1RAPL2",0.10222033352068,1.93448589439683,2.74439328836464,0.0994930737884052,0.36496867955611,0.36496867955611,"social_isolation_avg"
"3460","HYAL2","Exc L4-5 RORB IL1RAPL2",-0.0561325262960774,0.831931658118466,0.339133227646292,0.561123454369675,0.824110601577941,0.824110601577941,"social_isolation_avg"
"3461","TUSC2","Exc L4-5 RORB IL1RAPL2",-0.0975004658517119,4.24799586829226,11.3054668677421,0.000960203680870002,0.0230558551341895,0.0230558551341895,"social_isolation_avg"
"3462","RASSF1","Exc L4-5 RORB IL1RAPL2",-0.0238729539386825,3.22328753815478,0.348179122412956,0.681497551461651,0.888854702640511,0.888854702640511,"social_isolation_avg"
"3463","RASSF1-AS1","Exc L4-5 RORB IL1RAPL2",-0.0552431978501868,-0.245613469434024,0.175369010283553,0.843893608839429,0.960549735450887,0.960549735450887,"social_isolation_avg"
"3464","ZMYND10","Exc L4-5 RORB IL1RAPL2",0.154385840085343,0.0363535531510188,1.66900516376145,0.198195184010605,0.512302059653642,0.512302059653642,"social_isolation_avg"
"3465","NPRL2","Exc L4-5 RORB IL1RAPL2",0.0432197140460061,3.48355008967301,1.44639996054391,0.23082636419168,0.552983747388044,0.552983747388044,"social_isolation_avg"
"3466","Z84492.1","Exc L4-5 RORB IL1RAPL2",-0.0137702648264734,0.570887639957316,0.0194689170155957,0.889200375021527,0.974640400394109,0.974640400394109,"social_isolation_avg"
"3467","TMEM115","Exc L4-5 RORB IL1RAPL2",-0.0454993564595477,2.85561021791798,1.04939162578394,0.307144057286711,0.636943523446061,0.636943523446061,"social_isolation_avg"
"3468","CACNA2D2","Exc L4-5 RORB IL1RAPL2",-0.00318228040666973,4.69671131100471,0.0132390733673644,0.908536287401901,0.979734132789888,0.979734132789888,"social_isolation_avg"
"3469","CYB561D2-1","Exc L4-5 RORB IL1RAPL2",0.0662157058387624,1.27852213032361,0.864243946584568,0.408050416022048,0.71890020566041,0.71890020566041,"social_isolation_avg"
"3470","C3orf18","Exc L4-5 RORB IL1RAPL2",-0.0416432748022164,3.13509568075038,1.11723725599079,0.29205643328231,0.623502448383029,0.623502448383029,"social_isolation_avg"
"3471","HEMK1","Exc L4-5 RORB IL1RAPL2",-0.0667929273469096,2.66317961631284,2.14169124448429,0.145242775547404,0.440124688682325,0.440124688682325,"social_isolation_avg"
"3472","CISH","Exc L4-5 RORB IL1RAPL2",0.0753870874527952,-0.527376028387519,0.225479994398469,0.635522566602709,0.865924481687038,0.865924481687038,"social_isolation_avg"
"3473","MAPKAPK3","Exc L4-5 RORB IL1RAPL2",0.105880576920456,0.393372529464184,1.14608549414633,0.285930783004678,0.616947381574578,0.616947381574578,"social_isolation_avg"
"3474","LINC02019","Exc L4-5 RORB IL1RAPL2",-0.0645708133557702,0.0108513681200418,0.241451767784198,0.623811346811933,0.859409821831118,0.859409821831118,"social_isolation_avg"
"3475","DOCK3","Exc L4-5 RORB IL1RAPL2",0.0391972278812794,10.2601180342322,8.64336644764771,0.00375297452382454,0.0553468674709931,0.0553468674709931,"social_isolation_avg"
"3476","MANF","Exc L4-5 RORB IL1RAPL2",-0.109857502893541,2.81287409233169,3.85456701399215,0.0512885540849819,0.255780372124919,0.255780372124919,"social_isolation_avg"
"3477","RBM15B","Exc L4-5 RORB IL1RAPL2",-0.0910805779978523,3.15772098227313,5.90546572879887,0.0161639688193145,0.130070584633814,0.130070584633814,"social_isolation_avg"
"3478","DCAF1","Exc L4-5 RORB IL1RAPL2",0.0736754425155625,4.8891005911026,8.86219715035581,0.0033490407159746,0.0512679606690577,0.0512679606690577,"social_isolation_avg"
"3479","RAD54L2","Exc L4-5 RORB IL1RAPL2",0.0747969727133792,5.57127102100989,10.3123556204632,0.00158817928892441,0.0322424252422091,0.0322424252422091,"social_isolation_avg"
"3480","TEX264","Exc L4-5 RORB IL1RAPL2",-0.122287691565676,3.41448923387559,11.9061335904836,0.000710201254378828,0.0189263632874673,0.0189263632874673,"social_isolation_avg"
"3481","GRM2","Exc L4-5 RORB IL1RAPL2",-0.0495884783741973,4.03679268370808,2.02471988976135,0.156641998733147,0.456113151435806,0.456113151435806,"social_isolation_avg"
"3482","IQCF3","Exc L4-5 RORB IL1RAPL2",-0.0931776103471401,2.01150470365155,1.49448299992533,0.223262444868865,0.544545883556972,0.544545883556972,"social_isolation_avg"
"3483","IQCF1","Exc L4-5 RORB IL1RAPL2",-0.0729942802428373,-0.465273280644678,0.167743133417689,0.68265564443865,0.889766288322486,0.889766288322486,"social_isolation_avg"
"3484","RRP9","Exc L4-5 RORB IL1RAPL2",-0.0579171469324076,1.49850348432675,0.792865992859169,0.374529082935109,0.693256190394756,0.693256190394756,"social_isolation_avg"
"3485","PARP3","Exc L4-5 RORB IL1RAPL2",-0.0459323952761705,1.72708211149938,0.396113657519453,0.529972075983161,0.807375334112512,0.807375334112512,"social_isolation_avg"
"3486","PCBP4","Exc L4-5 RORB IL1RAPL2",0.0618299778763091,4.86025415716299,3.66102763050698,0.0574276868026975,0.27208703422342,0.27208703422342,"social_isolation_avg"
"3487","ABHD14B","Exc L4-5 RORB IL1RAPL2",0.0230141276532155,0.920962096511432,0.052242095354908,0.819489321419592,0.952050234048104,0.952050234048104,"social_isolation_avg"
"3488","ABHD14A","Exc L4-5 RORB IL1RAPL2",0.109287360287081,0.759363313368881,1.28763320447241,0.258127399406001,0.58659963057422,0.58659963057422,"social_isolation_avg"
"3489","ABHD14A-ACY1","Exc L4-5 RORB IL1RAPL2",0.00678759348282987,1.7086581579527,0.0127981929626788,0.910065483160656,0.980600740710864,0.980600740710864,"social_isolation_avg"
"3490","RPL29","Exc L4-5 RORB IL1RAPL2",-0.13759462121267,5.50654083080931,12.8920535443369,0.000434713324717001,0.0140045153217021,0.0140045153217021,"social_isolation_avg"
"3491","DUSP7","Exc L4-5 RORB IL1RAPL2",-0.0313987175442306,3.21396959527023,0.480592560262855,0.489126967999754,0.779808844078475,0.779808844078475,"social_isolation_avg"
"3492","POC1A","Exc L4-5 RORB IL1RAPL2",-0.0653744216500753,2.38314023769289,1.81286999689353,0.18000772142735,0.486590289502461,0.486590289502461,"social_isolation_avg"
"3493","ALAS1","Exc L4-5 RORB IL1RAPL2",-0.109907684720348,3.22476347229917,7.88233918852991,0.00559289595124244,0.0702735322762639,0.0702735322762639,"social_isolation_avg"
"3494","PPM1M","Exc L4-5 RORB IL1RAPL2",-0.117285735568835,1.76734774409291,2.60491198008583,0.108440430998737,0.380809464537325,0.380809464537325,"social_isolation_avg"
"3495","WDR82","Exc L4-5 RORB IL1RAPL2",-0.0431286321950844,6.19782304905203,4.23326571916417,0.0412097520751254,0.226139709690675,0.226139709690675,"social_isolation_avg"
"3496","GLYCTK","Exc L4-5 RORB IL1RAPL2",-0.158410527803173,0.251657373667485,1.65305630497117,0.200341721953438,0.514686452285268,0.514686452285268,"social_isolation_avg"
"3497","DNAH1","Exc L4-5 RORB IL1RAPL2",0.04792327516156,4.62100461660219,2.40633673268827,0.12275737506302,0.403385254179819,0.403385254179819,"social_isolation_avg"
"3498","BAP1","Exc L4-5 RORB IL1RAPL2",-0.0765870352137932,4.37148517966723,6.73617330281731,0.0102976842325826,0.100537917112846,0.100537917112846,"social_isolation_avg"
"3499","PHF7","Exc L4-5 RORB IL1RAPL2",0.0534891066509392,4.20223054062824,2.68073368624023,0.103471275759369,0.372501207551573,0.372501207551573,"social_isolation_avg"
"3500","NISCH","Exc L4-5 RORB IL1RAPL2",-0.0402292779767227,6.95002182279313,2.59638447618358,0.109015629920418,0.381907930702506,0.381907930702506,"social_isolation_avg"
"3501","STAB1","Exc L4-5 RORB IL1RAPL2",0.190172808384884,0.0760110963390476,1.83338053055577,0.177577049193487,0.483878195394799,0.483878195394799,"social_isolation_avg"
"3502","NT5DC2","Exc L4-5 RORB IL1RAPL2",-0.0991434856086042,2.48471498222145,1.58625322499471,0.209637755632764,0.527748266940862,0.527748266940862,"social_isolation_avg"
"3503","SMIM4","Exc L4-5 RORB IL1RAPL2",0.0646650759477204,4.55052414655657,4.93774164578035,0.0276338022905121,0.178694180840321,0.178694180840321,"social_isolation_avg"
"3504","PBRM1","Exc L4-5 RORB IL1RAPL2",0.042772266813446,6.8893766505542,9.94768725606101,0.00191339482219547,0.0363487383842977,0.0363487383842977,"social_isolation_avg"
"3505","GNL3","Exc L4-5 RORB IL1RAPL2",-0.0299670515035577,4.19437244905247,0.889132996127283,0.357944407190665,0.677808859933403,0.677808859933403,"social_isolation_avg"
"3506","GLT8D1","Exc L4-5 RORB IL1RAPL2",0.0114307254694684,4.02823686190804,0.152588905207745,0.696576454042415,0.897052389766332,0.897052389766332,"social_isolation_avg"
"3507","SPCS1","Exc L4-5 RORB IL1RAPL2",-0.0955707980967911,4.99290535200034,9.5960448978975,0.00229179457621574,0.0405171223014837,0.0405171223014837,"social_isolation_avg"
"3508","NEK4","Exc L4-5 RORB IL1RAPL2",0.03133036083449,5.71986664276239,3.17754240134389,0.0764924203930751,0.317582266808047,0.317582266808047,"social_isolation_avg"
"3509","ITIH4","Exc L4-5 RORB IL1RAPL2",-0.0255655117086025,2.57923589472573,0.0833191708964812,0.773210425678139,0.933506538045946,0.933506538045946,"social_isolation_avg"
"3510","SFMBT1","Exc L4-5 RORB IL1RAPL2",0.0555211924609402,4.8897463881391,4.16819091168758,0.0427794158694022,0.230738120771083,0.230738120771083,"social_isolation_avg"
"3511","AC096887.1","Exc L4-5 RORB IL1RAPL2",0.0459020064082965,3.89851290635994,0.267163067888564,0.605932077352504,0.849203710342991,0.849203710342991,"social_isolation_avg"
"3512","RFT1","Exc L4-5 RORB IL1RAPL2",0.0188829896797717,2.74039342283789,0.164852989378719,0.699213852597134,0.898892470210937,0.898892470210937,"social_isolation_avg"
"3513","PRKCD","Exc L4-5 RORB IL1RAPL2",-0.140123413712348,0.658452518887101,1.35945395588189,0.245311719548463,0.570778809724799,0.570778809724799,"social_isolation_avg"
"3514","TKT","Exc L4-5 RORB IL1RAPL2",-0.0876603877510814,4.71192276310801,9.16722072481381,0.00285918693392923,0.0463968061551243,0.0463968061551243,"social_isolation_avg"
"3515","DCP1A","Exc L4-5 RORB IL1RAPL2",0.0143682361805242,5.99613286347002,0.858539764985699,0.862354176294316,0.965536621673753,0.965536621673753,"social_isolation_avg"
"3516","CACNA1D","Exc L4-5 RORB IL1RAPL2",0.0106790674693828,8.28753294297315,0.445472864157356,0.505423417399105,0.790797691276646,0.790797691276646,"social_isolation_avg"
"3517","CHDH","Exc L4-5 RORB IL1RAPL2",0.0719138090924048,2.69033240714782,0.990414428376344,0.321095711662173,0.648255650913356,0.648255650913356,"social_isolation_avg"
"3518","AC012467.2","Exc L4-5 RORB IL1RAPL2",-0.141356420372497,2.23419749937446,5.83518027816851,0.0167987573747877,0.133494031200486,0.133494031200486,"social_isolation_avg"
"3519","ACTR8","Exc L4-5 RORB IL1RAPL2",-0.107343375683702,2.55268071302844,5.18545594370815,0.0622046713477247,0.283267048512707,0.283267048512707,"social_isolation_avg"
"3520","SELENOK","Exc L4-5 RORB IL1RAPL2",-0.0686499250253141,4.12648042263382,4.13662981046762,0.0435634409369214,0.232842899990816,0.232842899990816,"social_isolation_avg"
"3521","CACNA2D3","Exc L4-5 RORB IL1RAPL2",0.081325871632069,9.9152720258788,14.4406553168181,0.000203029112559422,0.00886828401250781,0.00886828401250781,"social_isolation_avg"
"3522","CACNA2D3-AS1","Exc L4-5 RORB IL1RAPL2",0.148054581687351,2.52774628483301,2.72027828296345,0.10097986589131,0.367994517638568,0.367994517638568,"social_isolation_avg"
"3523","LRTM1","Exc L4-5 RORB IL1RAPL2",0.0119463955036275,3.7182476883272,0.0469808931251861,0.82866986772448,0.954382665732476,0.954382665732476,"social_isolation_avg"
"3524","WNT5A","Exc L4-5 RORB IL1RAPL2",-0.253262898623896,1.30594545419002,8.62902388795277,0.00378113775838241,0.0554166595866411,0.0554166595866411,"social_isolation_avg"
"3525","AC121764.1","Exc L4-5 RORB IL1RAPL2",-0.0100681415873836,0.733673797623617,0.00781900560232161,0.929645818906488,0.984652291733636,0.984652291733636,"social_isolation_avg"
"3526","ERC2","Exc L4-5 RORB IL1RAPL2",0.0199039336697452,9.96161796802718,1.39548648203482,0.239177574310398,0.563150682370214,0.563150682370214,"social_isolation_avg"
"3527","CCDC66","Exc L4-5 RORB IL1RAPL2",0.0529071334286493,6.79588542970339,7.96990965746985,0.00534065948465904,0.0679917696524971,0.0679917696524971,"social_isolation_avg"
"3528","FAM208A","Exc L4-5 RORB IL1RAPL2",0.017836466347869,6.00927810503809,0.774521998652432,0.380099462799838,0.698185327107129,0.698185327107129,"social_isolation_avg"
"3529","ARHGEF3","Exc L4-5 RORB IL1RAPL2",0.0243900009081949,7.28395427056721,1.46884200723587,0.227258037602805,0.54916338818425,0.54916338818425,"social_isolation_avg"
"3530","ARHGEF3-AS1","Exc L4-5 RORB IL1RAPL2",0.119740311390379,0.414488406248504,1.31556358424562,0.424167713962759,0.730536802829907,0.730536802829907,"social_isolation_avg"
"3531","IL17RD","Exc L4-5 RORB IL1RAPL2",-0.0423161599107563,1.10689722240507,0.207590222639779,0.649260708094184,0.87249018876776,0.87249018876776,"social_isolation_avg"
"3532","HESX1","Exc L4-5 RORB IL1RAPL2",-0.00818633808945481,1.4275542693759,0.0111614124403542,0.98040780018506,0.997015885480877,0.997015885480877,"social_isolation_avg"
"3533","APPL1","Exc L4-5 RORB IL1RAPL2",0.0256275206395131,6.05714463490515,1.88060753354169,0.172123876181571,0.47704055386429,0.47704055386429,"social_isolation_avg"
"3534","ASB14","Exc L4-5 RORB IL1RAPL2",-0.035457216282174,1.85343862011203,0.295991596609978,0.58713940113583,0.839774518825062,0.839774518825062,"social_isolation_avg"
"3535","DNAH12","Exc L4-5 RORB IL1RAPL2",0.0291690714964664,2.57929599316351,0.207437439917334,0.649381072680776,0.872577195095231,0.872577195095231,"social_isolation_avg"
"3536","PDE12","Exc L4-5 RORB IL1RAPL2",0.0258724876936428,3.92241518288061,0.835536785439112,0.362007784353488,0.682022233172593,0.682022233172593,"social_isolation_avg"
"3537","ARF4","Exc L4-5 RORB IL1RAPL2",-0.0336902945537529,4.71095656015986,2.28983004491723,0.155709343663893,0.454980283119916,0.454980283119916,"social_isolation_avg"
"3538","ARF4-AS1","Exc L4-5 RORB IL1RAPL2",-0.127094679121222,0.913855577858684,2.02546711256039,0.156566007220878,0.455965850317559,0.455965850317559,"social_isolation_avg"
"3539","DENND6A","Exc L4-5 RORB IL1RAPL2",0.0561852461985561,6.26656510808517,8.4379635766224,0.00417773376452868,0.0587272663882966,0.0587272663882966,"social_isolation_avg"
"3540","DENND6A-AS1","Exc L4-5 RORB IL1RAPL2",0.0769757890245314,3.25776155563754,2.19370974102006,0.140478871325548,0.433421787445315,0.433421787445315,"social_isolation_avg"
"3541","SLMAP","Exc L4-5 RORB IL1RAPL2",0.035898404029206,6.87784476870018,5.03155019227666,0.0262183892000135,0.173336638784741,0.173336638784741,"social_isolation_avg"
"3542","FLNB","Exc L4-5 RORB IL1RAPL2",0.0399646089203291,6.31966950631882,3.68318063862762,0.0566867146541082,0.270372908487618,0.270372908487618,"social_isolation_avg"
"3543","ABHD6","Exc L4-5 RORB IL1RAPL2",0.0682462339877197,5.74964147448513,6.39462565484971,0.0123833009106767,0.111344968425333,0.111344968425333,"social_isolation_avg"
"3544","RPP14","Exc L4-5 RORB IL1RAPL2",0.0377176471247961,4.22534534272532,1.84622248645837,0.176074610667322,0.482128467212214,0.482128467212214,"social_isolation_avg"
"3545","PXK","Exc L4-5 RORB IL1RAPL2",-0.00636216407998278,5.49969284479862,0.0882544993201186,0.766781026578475,0.930673154396775,0.930673154396775,"social_isolation_avg"
"3546","PDHB","Exc L4-5 RORB IL1RAPL2",-0.154569792085495,3.75807021290894,22.1108278862074,5.39998442981784e-06,0.000880802632729166,0.000880802632729166,"social_isolation_avg"
"3547","AC135507.1","Exc L4-5 RORB IL1RAPL2",0.180377970811832,0.246534077359893,2.55656614551828,0.111746629105278,0.386308181585859,0.386308181585859,"social_isolation_avg"
"3548","KCTD6","Exc L4-5 RORB IL1RAPL2",-0.0651595181945984,3.9052559034376,4.65188978790247,0.0324642756327127,0.1973832131255,0.1973832131255,"social_isolation_avg"
"3549","FAM107A","Exc L4-5 RORB IL1RAPL2",-0.117487614486756,2.02853675673426,1.09892240200254,0.296033059502163,0.626887690972627,0.626887690972627,"social_isolation_avg"
"3550","FAM3D-AS1","Exc L4-5 RORB IL1RAPL2",0.0584267761668298,-0.527050674283986,0.0670004649874804,0.796077285638754,0.943052144191509,0.943052144191509,"social_isolation_avg"
"3551","FAM3D","Exc L4-5 RORB IL1RAPL2",-0.0992103043301261,-0.60105316439214,0.348955422573815,0.555511856977148,0.820371572131671,0.820371572131671,"social_isolation_avg"
"3552","C3orf67","Exc L4-5 RORB IL1RAPL2",-0.018851443100725,4.11130757396784,0.202974217307737,0.652921149425804,0.874897536283364,0.874897536283364,"social_isolation_avg"
"3553","C3orf67-AS1","Exc L4-5 RORB IL1RAPL2",0.0675882072759355,5.34692278982079,1.99572299156404,0.159623858894279,0.460683806305467,0.460683806305467,"social_isolation_avg"
"3554","AC114400.1","Exc L4-5 RORB IL1RAPL2",0.0513495501745009,1.26995857220657,0.357670259040926,0.550621499056696,0.817281608358524,0.817281608358524,"social_isolation_avg"
"3555","AC126121.2","Exc L4-5 RORB IL1RAPL2",0.109942244476185,-0.568934547223959,0.353465284808563,0.552970934784264,0.818426396828305,0.818426396828305,"social_isolation_avg"
"3556","FHIT","Exc L4-5 RORB IL1RAPL2",0.0241939399124789,8.6176518785236,0.945447680121269,0.332301477955103,0.657467560830318,0.657467560830318,"social_isolation_avg"
"3557","PTPRG","Exc L4-5 RORB IL1RAPL2",0.0463626832346238,8.71694423379343,3.36994542786905,0.0681927567631746,0.298536592021293,0.298536592021293,"social_isolation_avg"
"3558","C3orf14","Exc L4-5 RORB IL1RAPL2",-0.0439568403766441,5.58348475513154,3.29558570315913,0.0712787747004648,0.306236534084354,0.306236534084354,"social_isolation_avg"
"3559","FEZF2","Exc L4-5 RORB IL1RAPL2",-0.0242487483627512,4.58770772497203,0.348083862543068,0.556005461631257,0.820542807856252,0.820542807856252,"social_isolation_avg"
"3560","CADPS","Exc L4-5 RORB IL1RAPL2",0.0318380818950294,9.61767251479081,2.97259389172758,0.0865554934912124,0.339058212911842,0.339058212911842,"social_isolation_avg"
"3561","LINC00698","Exc L4-5 RORB IL1RAPL2",0.0245670204301062,-0.579817668248994,0.0214317977643636,0.883787148003324,0.973292394352534,0.973292394352534,"social_isolation_avg"
"3562","SYNPR","Exc L4-5 RORB IL1RAPL2",-0.121687489049592,4.99037403505875,2.28721063746203,0.132353692951419,0.418531332520068,0.418531332520068,"social_isolation_avg"
"3563","SYNPR-AS1","Exc L4-5 RORB IL1RAPL2",0.381149141622323,2.1863137786435,10.6161310199641,0.00136075741295207,0.0288319048269497,0.0288319048269497,"social_isolation_avg"
"3564","SNTN","Exc L4-5 RORB IL1RAPL2",0.12095631595108,1.19772604062172,2.31364851176519,0.130153332148351,0.415230391219687,0.415230391219687,"social_isolation_avg"
"3565","C3orf49","Exc L4-5 RORB IL1RAPL2",-0.0513141451776061,1.32162807665358,0.340766826340024,0.560182644354041,0.823304009151998,0.823304009151998,"social_isolation_avg"
"3566","THOC7","Exc L4-5 RORB IL1RAPL2",-0.035556998867014,5.325482793939,1.9033202431356,0.169570588000727,0.474197748153872,0.474197748153872,"social_isolation_avg"
"3567","ATXN7","Exc L4-5 RORB IL1RAPL2",0.03355823069821,4.37070704694504,1.22322578767723,0.270335594187975,0.599984827710558,0.599984827710558,"social_isolation_avg"
"3568","PSMD6-AS2","Exc L4-5 RORB IL1RAPL2",0.0739207121561341,3.17550974794673,2.71669861070637,0.101202647852771,0.368453973450507,0.368453973450507,"social_isolation_avg"
"3569","AC012557.1","Exc L4-5 RORB IL1RAPL2",0.0915080566389264,-0.483526121545981,0.329511075938942,0.566727407254848,0.827595395006403,0.827595395006403,"social_isolation_avg"
"3570","PSMD6","Exc L4-5 RORB IL1RAPL2",-0.0445736799247525,3.89327493487158,2.13002989442369,0.146335734834337,0.442373931746363,0.442373931746363,"social_isolation_avg"
"3571","PSMD6-AS1","Exc L4-5 RORB IL1RAPL2",0.0265373302644859,1.08779160324521,0.131927609869354,0.716905812875956,0.907543105011121,0.907543105011121,"social_isolation_avg"
"3572","AC012557.2","Exc L4-5 RORB IL1RAPL2",0.205420512939978,-0.388888105517089,1.61592242307239,0.205447185792127,0.522531464360324,0.522531464360324,"social_isolation_avg"
"3573","AC092040.1","Exc L4-5 RORB IL1RAPL2",-0.105076542031042,1.24496416182708,1.16984292036803,0.28100891707735,0.612129215490433,0.612129215490433,"social_isolation_avg"
"3574","PRICKLE2","Exc L4-5 RORB IL1RAPL2",0.0248418254906504,7.82918937458105,0.99985179720081,0.318807900921334,0.646326400228497,0.646326400228497,"social_isolation_avg"
"3575","PRICKLE2-AS3","Exc L4-5 RORB IL1RAPL2",-0.0864348834635478,0.15803129350995,0.490403838725566,0.484731694770348,0.776202470950385,0.776202470950385,"social_isolation_avg"
"3576","ADAMTS9-AS1","Exc L4-5 RORB IL1RAPL2",0.0309280859831199,-0.711981375309817,0.00478863530619014,0.944914091970248,0.988096847417673,0.988096847417673,"social_isolation_avg"
"3577","ADAMTS9-AS2","Exc L4-5 RORB IL1RAPL2",-0.759841981468861,0.84658513791199,4.54031920460717,0.0345842519696456,0.203558013710174,0.203558013710174,"social_isolation_avg"
"3578","MAGI1","Exc L4-5 RORB IL1RAPL2",0.0187937065638254,8.98264231317647,0.771758764993018,0.380948711267529,0.699120326468761,0.699120326468761,"social_isolation_avg"
"3579","MAGI1-AS1","Exc L4-5 RORB IL1RAPL2",-0.0832829176476969,1.12042654714035,0.779182524337745,0.405603912999941,0.717125033689968,0.717125033689968,"social_isolation_avg"
"3580","SLC25A26","Exc L4-5 RORB IL1RAPL2",-0.0115007778019393,6.34652166009309,0.318351384243768,0.573364870500732,0.831616988731125,0.831616988731125,"social_isolation_avg"
"3581","LRIG1","Exc L4-5 RORB IL1RAPL2",-0.0977224447235958,2.99026096372099,2.64183122647143,0.105988627515629,0.37688607803481,0.37688607803481,"social_isolation_avg"
"3582","KBTBD8","Exc L4-5 RORB IL1RAPL2",-0.0121210014881031,2.14988688008776,0.0503761930030076,0.851123182182776,0.961873912835597,0.961873912835597,"social_isolation_avg"
"3583","SUCLG2","Exc L4-5 RORB IL1RAPL2",-0.0388695836502302,2.94508985518185,0.422030424185698,0.516827372324837,0.798813830652655,0.798813830652655,"social_isolation_avg"
"3584","SUCLG2-AS1","Exc L4-5 RORB IL1RAPL2",-0.0505534032360902,5.25095348613394,0.863129762301985,0.354219037511321,0.674602758807418,0.674602758807418,"social_isolation_avg"
"3585","FAM19A1","Exc L4-5 RORB IL1RAPL2",0.037592375545439,10.1402352019682,2.20310799604805,0.139637192348601,0.432059657344641,0.432059657344641,"social_isolation_avg"
"3586","FAM19A4","Exc L4-5 RORB IL1RAPL2",0.701542807744576,-1.17561594109746,5.36022607872462,0.163208108980121,0.466112643011692,0.466112643011692,"social_isolation_avg"
"3587","EOGT","Exc L4-5 RORB IL1RAPL2",0.0829740276576016,3.06166750745408,2.74266335735806,0.0995989243441242,0.365073856550789,0.365073856550789,"social_isolation_avg"
"3588","AC109587.1","Exc L4-5 RORB IL1RAPL2",0.0756527833618679,1.33791535264737,1.00049828309093,0.318651969543372,0.646290761622374,0.646290761622374,"social_isolation_avg"
"3589","TMF1","Exc L4-5 RORB IL1RAPL2",-0.00906200296321862,5.38192826316997,0.208525216279301,0.782560915519505,0.937472191763777,0.937472191763777,"social_isolation_avg"
"3590","UBA3","Exc L4-5 RORB IL1RAPL2",0.017565326852284,5.80623189724357,0.873628279474493,0.35131621916313,0.671982832873594,0.671982832873594,"social_isolation_avg"
"3591","ARL6IP5","Exc L4-5 RORB IL1RAPL2",-0.092137577006511,6.20216553198499,18.0766034990948,3.53979241802772e-05,0.00305828366856176,0.00305828366856176,"social_isolation_avg"
"3592","LMOD3","Exc L4-5 RORB IL1RAPL2",-0.104979326281546,0.05728716624475,0.7602788862109,0.3845059859969,0.701362938498731,0.701362938498731,"social_isolation_avg"
"3593","MITF","Exc L4-5 RORB IL1RAPL2",-0.043838232643542,-1.39195354021387,-2.16078617660222e-07,1,1,1,"social_isolation_avg"
"3594","SAMMSON","Exc L4-5 RORB IL1RAPL2",-0.163260084286299,0.510344253692442,2.57035366133532,0.110792493435303,0.384967156759105,0.384967156759105,"social_isolation_avg"
"3595","MDFIC2","Exc L4-5 RORB IL1RAPL2",0.285294925507298,-0.154493441234319,3.99630950306326,0.0472387826571086,0.244342538724754,0.244342538724754,"social_isolation_avg"
"3596","FOXP1","Exc L4-5 RORB IL1RAPL2",0.00785247328761434,9.14257266130378,0.245953010361378,0.620597974892754,0.857099805473778,0.857099805473778,"social_isolation_avg"
"3597","FOXP1-AS1","Exc L4-5 RORB IL1RAPL2",0.0444288811624594,-0.0814450298145654,0.0983209279224277,0.936570064175005,0.987398572700466,0.987398572700466,"social_isolation_avg"
"3598","AC097634.3","Exc L4-5 RORB IL1RAPL2",0.0679604260594271,4.53743146727501,2.96146008127121,0.0871420455916783,0.340403846804227,0.340403846804227,"social_isolation_avg"
"3599","EIF4E3","Exc L4-5 RORB IL1RAPL2",-0.00542940980858582,5.800981598884,0.089294712197185,0.879529792064876,0.971925353807622,0.971925353807622,"social_isolation_avg"
"3600","GPR27","Exc L4-5 RORB IL1RAPL2",-0.0744164371396999,3.23073813163221,3.16675653943604,0.0769890209075731,0.318604497752418,0.318604497752418,"social_isolation_avg"
"3601","LINC00877","Exc L4-5 RORB IL1RAPL2",-0.730831208871135,-0.858370769699484,6.26084927902207,0.0133216022033213,0.116155776630895,0.116155776630895,"social_isolation_avg"
"3602","LINC00870","Exc L4-5 RORB IL1RAPL2",-0.0191403282068162,0.783129442460578,0.0413362601688907,0.839140299374898,0.958373489736973,0.958373489736973,"social_isolation_avg"
"3603","RYBP","Exc L4-5 RORB IL1RAPL2",-0.0718887008934468,5.67940160665815,9.22534344484075,0.00277452687482439,0.0455119211399118,0.0455119211399118,"social_isolation_avg"
"3604","AC104435.2","Exc L4-5 RORB IL1RAPL2",0.173530515009338,-0.237805412093555,1.42464554936969,0.234350495402409,0.557403610749086,0.557403610749086,"social_isolation_avg"
"3605","SHQ1","Exc L4-5 RORB IL1RAPL2",0.0350255500928563,3.94557611404962,0.944643640400358,0.332506564303691,0.657610191615986,0.657610191615986,"social_isolation_avg"
"3606","GXYLT2","Exc L4-5 RORB IL1RAPL2",-0.0196373748960497,4.48062066674263,0.199043673317571,0.65607773987317,0.876855754477661,0.876855754477661,"social_isolation_avg"
"3607","PPP4R2","Exc L4-5 RORB IL1RAPL2",-0.0303391094671897,6.30605190455681,2.63803526273387,0.106237865152822,0.377027219903409,0.377027219903409,"social_isolation_avg"
"3608","PDZRN3","Exc L4-5 RORB IL1RAPL2",0.00884758032039983,8.818510432285,0.111258058917155,0.739139116559318,0.917787847776536,0.917787847776536,"social_isolation_avg"
"3609","CNTN3","Exc L4-5 RORB IL1RAPL2",0.0122783287698598,9.04774098302093,0.378251506486076,0.539386235947095,0.811888212208856,0.811888212208856,"social_isolation_avg"
"3610","LINC02018","Exc L4-5 RORB IL1RAPL2",0.000144010046938205,4.04797401218963,8.29228781518544e-06,0.997705860588159,0.999683089770736,0.999683089770736,"social_isolation_avg"
"3611","ZNF717","Exc L4-5 RORB IL1RAPL2",0.0252374241102869,5.15291234100706,1.0826988719226,0.299614136321339,0.630589440860519,0.630589440860519,"social_isolation_avg"
"3612","ROBO2","Exc L4-5 RORB IL1RAPL2",0.0645959190927466,11.4242099973854,4.29561473353301,0.0397630443495872,0.221382587204404,0.221382587204404,"social_isolation_avg"
"3613","ROBO1","Exc L4-5 RORB IL1RAPL2",-0.779636420117762,3.69371887524732,5.6407116897262,0.0186941999836564,0.142972092922701,0.142972092922701,"social_isolation_avg"
"3614","LINC02050","Exc L4-5 RORB IL1RAPL2",0.311949168373374,-0.17419752524705,2.18007061759025,0.141710588579716,0.435416244916065,0.435416244916065,"social_isolation_avg"
"3615","LINC02027","Exc L4-5 RORB IL1RAPL2",0.242108730237476,-0.0406615417437823,1.32574312119014,0.251226661297567,0.578209422018157,0.578209422018157,"social_isolation_avg"
"3616","GBE1","Exc L4-5 RORB IL1RAPL2",-0.0583258871906284,4.40951599931362,2.39224780183311,0.123850595706583,0.405386591214936,0.405386591214936,"social_isolation_avg"
"3617","LINC02008","Exc L4-5 RORB IL1RAPL2",-0.106652988005251,2.93126695927701,1.96688525290069,0.162654156440963,0.465604575624138,0.465604575624138,"social_isolation_avg"
"3618","LINC00971","Exc L4-5 RORB IL1RAPL2",0.126100719679446,0.511997265592451,1.55079613404383,0.214780379430598,0.533945547129988,0.533945547129988,"social_isolation_avg"
"3619","CADM2","Exc L4-5 RORB IL1RAPL2",0.0153685561157067,12.3177594599015,1.06470836091367,0.303651136675562,0.63471702430237,0.63471702430237,"social_isolation_avg"
"3620","CADM2-AS2","Exc L4-5 RORB IL1RAPL2",-0.0156885371791403,1.80924191254088,0.0370221909329403,0.847656060124201,0.961873912835597,0.961873912835597,"social_isolation_avg"
"3621","CADM2-AS1","Exc L4-5 RORB IL1RAPL2",0.0477101223587502,1.64921780323668,0.303345948602855,0.921112670138148,0.983427396790068,0.983427396790068,"social_isolation_avg"
"3622","AC107204.1","Exc L4-5 RORB IL1RAPL2",-0.0349551567175624,4.77606790344344,1.02866050776256,0.31195574768999,0.640881075140314,0.640881075140314,"social_isolation_avg"
"3623","CHMP2B","Exc L4-5 RORB IL1RAPL2",-0.0252582109304821,4.46399897765236,0.909301294233749,0.441815354913973,0.744152237939235,0.744152237939235,"social_isolation_avg"
"3624","AC117513.1","Exc L4-5 RORB IL1RAPL2",0.0641936724023602,3.00252285717673,0.755964551766843,0.385855125915944,0.702381037665558,0.702381037665558,"social_isolation_avg"
"3625","HTR1F","Exc L4-5 RORB IL1RAPL2",-0.0326650596383021,3.73842890248669,0.720779726941729,0.397116112030898,0.711187952848166,0.711187952848166,"social_isolation_avg"
"3626","CGGBP1","Exc L4-5 RORB IL1RAPL2",-0.0810643030971393,5.54324047897782,11.9265583639594,0.00070297953049529,0.0187603324351218,0.0187603324351218,"social_isolation_avg"
"3627","ZNF654","Exc L4-5 RORB IL1RAPL2",0.0637667147703645,6.19374498560847,12.3863709951276,0.000558817499117038,0.016077807308418,0.016077807308418,"social_isolation_avg"
"3628","C3orf38","Exc L4-5 RORB IL1RAPL2",0.054812326497507,5.28715415717103,4.57407789511956,0.0339277973780992,0.201490224165416,0.201490224165416,"social_isolation_avg"
"3629","CSNKA2IP","Exc L4-5 RORB IL1RAPL2",0.0291862119539511,4.27590597880275,0.170773369180155,0.679960995358289,0.888161930860731,0.888161930860731,"social_isolation_avg"
"3630","EPHA3","Exc L4-5 RORB IL1RAPL2",-0.0733163809825435,7.93786584019103,5.78887699280763,0.0172310976063347,0.136022117761912,0.136022117761912,"social_isolation_avg"
"3631","PROS1","Exc L4-5 RORB IL1RAPL2",0.00717621837759043,3.93898817910045,0.0305584920422113,0.861442963483938,0.965016220001923,0.965016220001923,"social_isolation_avg"
"3632","ARL13B","Exc L4-5 RORB IL1RAPL2",0.062401151247495,5.43348613635288,6.68885472947413,0.0105634052913606,0.102094599452113,0.102094599452113,"social_isolation_avg"
"3633","STX19","Exc L4-5 RORB IL1RAPL2",0.0935368837813451,2.16234936682948,2.30435143502141,0.130922379380251,0.416560696428967,0.416560696428967,"social_isolation_avg"
"3634","DHFR2","Exc L4-5 RORB IL1RAPL2",-0.0510295275952487,2.31639516391069,0.553557848224219,0.457923915842912,0.755856094535788,0.755856094535788,"social_isolation_avg"
"3635","NSUN3","Exc L4-5 RORB IL1RAPL2",0.0502899679419288,4.43285394277208,2.0137753768652,0.157759897005435,0.457685177877455,0.457685177877455,"social_isolation_avg"
"3636","MTRNR2L12","Exc L4-5 RORB IL1RAPL2",-0.0213169691941517,6.24490276826369,0.0357800667393228,0.85020245454538,0.961873912835597,0.961873912835597,"social_isolation_avg"
"3637","EPHA6","Exc L4-5 RORB IL1RAPL2",0.0646895886944423,8.19708318766159,1.88828185084137,0.171256208369086,0.476167312744066,0.476167312744066,"social_isolation_avg"
"3638","AC110491.1","Exc L4-5 RORB IL1RAPL2",-0.0691824201127171,2.16223880885684,0.995830695424467,0.319780052579948,0.647146549170793,0.647146549170793,"social_isolation_avg"
"3639","ARL6","Exc L4-5 RORB IL1RAPL2",0.0607297316889407,5.68300788051995,7.21757782595575,0.00795674579367539,0.0865725055561427,0.0865725055561427,"social_isolation_avg"
"3640","CRYBG3","Exc L4-5 RORB IL1RAPL2",0.0868293806729652,3.12633175078341,0.760777874765929,0.384350381755425,0.70127095925968,0.70127095925968,"social_isolation_avg"
"3641","AC110491.2","Exc L4-5 RORB IL1RAPL2",-0.214376191918048,-0.808065118668394,1.28476907679471,0.25865547268368,0.58710006724873,0.58710006724873,"social_isolation_avg"
"3642","RIOX2","Exc L4-5 RORB IL1RAPL2",-0.0493369842645867,4.00787033324649,2.6878473087777,0.103018140647426,0.371638315705412,0.371638315705412,"social_isolation_avg"
"3643","AC117473.1","Exc L4-5 RORB IL1RAPL2",-0.196657240750128,0.603281157083925,4.25194871078087,0.0407704769061069,0.224821786758178,0.224821786758178,"social_isolation_avg"
"3644","CLDND1","Exc L4-5 RORB IL1RAPL2",0.0445608794904041,4.83527908597149,1.80328042545946,0.181157452658347,0.487787129891643,0.487787129891643,"social_isolation_avg"
"3645","CPOX","Exc L4-5 RORB IL1RAPL2",0.0811269935675522,5.44979529348051,6.82782967848573,0.00980249433515862,0.0973856090354214,0.0973856090354214,"social_isolation_avg"
"3646","ST3GAL6-AS1","Exc L4-5 RORB IL1RAPL2",0.160290922967508,2.54809323995367,3.86082655593822,0.0511021052042634,0.255151013808091,0.255151013808091,"social_isolation_avg"
"3647","ST3GAL6","Exc L4-5 RORB IL1RAPL2",0.0551212099382912,6.97515168187916,6.08718769183769,0.0146358433439543,0.122592928130307,0.122592928130307,"social_isolation_avg"
"3648","DCBLD2","Exc L4-5 RORB IL1RAPL2",0.0393396668187199,6.17369192186775,3.11064486518317,0.0796296300503951,0.323908710092768,0.323908710092768,"social_isolation_avg"
"3649","AC091212.1","Exc L4-5 RORB IL1RAPL2",0.0620458574129019,2.4344049618243,1.24754949772006,0.265641915946123,0.595879218985575,0.595879218985575,"social_isolation_avg"
"3650","COL8A1","Exc L4-5 RORB IL1RAPL2",-0.266910498053239,0.0154423626454027,3.24239509998128,0.0735787782229304,0.310755371150908,0.310755371150908,"social_isolation_avg"
"3651","CMSS1","Exc L4-5 RORB IL1RAPL2",0.0154841158875046,7.48389472965215,0.686269358746114,0.408630747746418,0.719212985766233,0.719212985766233,"social_isolation_avg"
"3652","FILIP1L","Exc L4-5 RORB IL1RAPL2",-0.0256066298434628,5.05274491757953,0.290821079768124,0.590420479550436,0.841495056324124,0.841495056324124,"social_isolation_avg"
"3653","TBC1D23","Exc L4-5 RORB IL1RAPL2",0.0548050803029901,5.7764994686602,10.0486297446366,0.00181707381568287,0.0352481110867892,0.0352481110867892,"social_isolation_avg"
"3654","NIT2","Exc L4-5 RORB IL1RAPL2",0.0337087334528571,4.21150666737908,1.11673947803405,0.292163601755188,0.623502448383029,0.623502448383029,"social_isolation_avg"
"3655","TOMM70","Exc L4-5 RORB IL1RAPL2",-0.0112128370574178,5.668199382401,0.429564523137397,0.513113831302949,0.796358440426219,0.796358440426219,"social_isolation_avg"
"3656","LNP1","Exc L4-5 RORB IL1RAPL2",-0.0666410688846501,3.37666011045052,2.38620617997171,0.124322726096517,0.406060814857967,0.406060814857967,"social_isolation_avg"
"3657","TMEM45A","Exc L4-5 RORB IL1RAPL2",-0.0547270039354403,0.698415107489246,0.376887727197166,0.54011755836672,0.812231575248533,0.812231575248533,"social_isolation_avg"
"3658","ADGRG7","Exc L4-5 RORB IL1RAPL2",0.207111780550937,0.862791769960577,0.167030365579386,0.683296819319175,0.890219590879165,0.890219590879165,"social_isolation_avg"
"3659","TFG","Exc L4-5 RORB IL1RAPL2",-0.00461221267076941,5.62133147575988,0.0380966796783701,0.845488841967884,0.961561241742762,0.961561241742762,"social_isolation_avg"
"3660","ABI3BP","Exc L4-5 RORB IL1RAPL2",-0.132126163966331,1.25327775700836,1.47043814097369,0.227006804429531,0.548836665807712,0.548836665807712,"social_isolation_avg"
"3661","IMPG2","Exc L4-5 RORB IL1RAPL2",-0.0520988909955932,3.09620448773416,0.716837714826554,0.398407254075138,0.712343330724623,0.712343330724623,"social_isolation_avg"
"3662","SENP7","Exc L4-5 RORB IL1RAPL2",0.00175609258863407,6.11100340015676,0.00733520477151653,0.931851631196223,0.985939982881157,0.985939982881157,"social_isolation_avg"
"3663","TRMT10C","Exc L4-5 RORB IL1RAPL2",-0.0736598090616058,4.15750080716826,4.09661375199597,0.044579511506791,0.235977623389407,0.235977623389407,"social_isolation_avg"
"3664","PCNP","Exc L4-5 RORB IL1RAPL2",-0.0310838101070713,6.04973520841421,3.05975137206673,0.0821099872772731,0.329432372619441,0.329432372619441,"social_isolation_avg"
"3665","ZBTB11","Exc L4-5 RORB IL1RAPL2",0.0273603408148426,5.22397260244628,1.60743665397961,0.206635476220425,0.524022559410197,0.524022559410197,"social_isolation_avg"
"3666","ZBTB11-AS1","Exc L4-5 RORB IL1RAPL2",0.0207738390994066,0.387161592720851,0.0433884182943939,0.835252055151837,0.956824497333631,0.956824497333631,"social_isolation_avg"
"3667","RPL24","Exc L4-5 RORB IL1RAPL2",-0.0776254121436282,4.4416971279897,3.73402731403872,0.055024447955375,0.265930416287012,0.265930416287012,"social_isolation_avg"
"3668","CEP97","Exc L4-5 RORB IL1RAPL2",0.014453551479824,5.41470526113995,0.511645799629043,0.965706111035395,0.993640457161603,0.993640457161603,"social_isolation_avg"
"3669","NXPE3","Exc L4-5 RORB IL1RAPL2",-0.0048425286510546,5.06445010075487,0.0463047645353143,0.873868474073443,0.969934029327366,0.969934029327366,"social_isolation_avg"
"3670","NFKBIZ","Exc L4-5 RORB IL1RAPL2",0.0457326550222611,4.25289126322563,1.76890355522213,0.185350074697934,0.49382178805028,0.49382178805028,"social_isolation_avg"
"3671","ZPLD1","Exc L4-5 RORB IL1RAPL2",-0.0170369746921525,0.676444454899341,0.0302798679943778,0.898315561954103,0.977255559309928,0.977255559309928,"social_isolation_avg"
"3672","ALCAM","Exc L4-5 RORB IL1RAPL2",-0.789038586658501,1.10286926927188,5.77788459251364,0.0173354285409345,0.136554389435063,0.136554389435063,"social_isolation_avg"
"3673","CBLB","Exc L4-5 RORB IL1RAPL2",0.0519299588101027,6.31931925939602,4.25931499077297,0.040598647834463,0.224151448986249,0.224151448986249,"social_isolation_avg"
"3674","LINC00882","Exc L4-5 RORB IL1RAPL2",0.00758062903324751,8.3685326109705,0.1338762924132,0.714914178447716,0.906749642740932,0.906749642740932,"social_isolation_avg"
"3675","DUBR","Exc L4-5 RORB IL1RAPL2",0.0325367487121287,7.0040526703916,2.25561271135875,0.13503865839426,0.423164368247398,0.423164368247398,"social_isolation_avg"
"3676","AC063944.1","Exc L4-5 RORB IL1RAPL2",-0.061866469890872,3.58501433664667,1.31652153422014,0.252875274797202,0.580520877752713,0.580520877752713,"social_isolation_avg"
"3677","AC063944.3","Exc L4-5 RORB IL1RAPL2",-0.0128283172337388,2.94284958971456,0.0575211858446927,0.810754747484784,0.949509944621593,0.949509944621593,"social_isolation_avg"
"3678","LINC01990","Exc L4-5 RORB IL1RAPL2",0.0922482026441549,1.98856343617239,2.20459895956128,0.139504191516342,0.431864988167656,0.431864988167656,"social_isolation_avg"
"3679","BBX","Exc L4-5 RORB IL1RAPL2",0.0407353886836824,6.26360479245424,2.90992413398036,0.0899142607388654,0.346278796547949,0.346278796547949,"social_isolation_avg"
"3680","LINC00636","Exc L4-5 RORB IL1RAPL2",-0.16305859138059,0.709189812953412,2.43444907586976,0.120608118505058,0.399654327536639,0.399654327536639,"social_isolation_avg"
"3681","CD47","Exc L4-5 RORB IL1RAPL2",-0.0223197420607856,7.34890959132503,1.60815639632193,0.206534371542006,0.523838719027653,0.523838719027653,"social_isolation_avg"
"3682","IFT57","Exc L4-5 RORB IL1RAPL2",-0.0602498835328028,5.00801690804556,6.35668099236232,0.0126406420216842,0.112764539223143,0.112764539223143,"social_isolation_avg"
"3683","HHLA2","Exc L4-5 RORB IL1RAPL2",0.196524569910723,-0.0658496173365794,2.08818000233877,0.150335890881097,0.447460341570118,0.447460341570118,"social_isolation_avg"
"3684","MYH15","Exc L4-5 RORB IL1RAPL2",0.0642932653081568,1.83074003829239,0.665398139146273,0.415834514705985,0.724904042569463,0.724904042569463,"social_isolation_avg"
"3685","CIP2A","Exc L4-5 RORB IL1RAPL2",0.048931833490456,3.55705062850434,1.45438333207346,0.229549260492756,0.551534437791903,0.551534437791903,"social_isolation_avg"
"3686","DZIP3","Exc L4-5 RORB IL1RAPL2",0.0129546591684414,7.26256312649854,0.6599147280926,0.417758430977478,0.725840888202467,0.725840888202467,"social_isolation_avg"
"3687","GUCA1C","Exc L4-5 RORB IL1RAPL2",0.083476019694908,0.433167205930093,0.637842895410089,0.425638997228622,0.731933478303877,0.731933478303877,"social_isolation_avg"
"3688","MORC1","Exc L4-5 RORB IL1RAPL2",-0.0932004080814575,0.466081378301957,0.808746149129569,0.384381434304854,0.70127095925968,0.70127095925968,"social_isolation_avg"
"3689","AC078980.1","Exc L4-5 RORB IL1RAPL2",0.0417271743235223,2.84487778489633,0.219039094691059,0.640389556376615,0.867655624504255,0.867655624504255,"social_isolation_avg"
"3690","NECTIN3-AS1","Exc L4-5 RORB IL1RAPL2",0.0291330814810792,3.71384490999973,0.255864048286919,0.613649848684362,0.853491609577574,0.853491609577574,"social_isolation_avg"
"3691","NECTIN3","Exc L4-5 RORB IL1RAPL2",-0.0479768238791957,6.29654788774002,2.64282367076849,0.10592357173102,0.376802501551159,0.376802501551159,"social_isolation_avg"
"3692","CD96","Exc L4-5 RORB IL1RAPL2",0.158142919488008,2.15008435692977,3.98974978946823,0.0474184775624657,0.244414693725501,0.244414693725501,"social_isolation_avg"
"3693","PLCXD2","Exc L4-5 RORB IL1RAPL2",0.0293044171563977,4.88686832807114,0.47290015375566,0.492619787606787,0.781933995378596,0.781933995378596,"social_isolation_avg"
"3694","PHLDB2","Exc L4-5 RORB IL1RAPL2",-0.244002420985583,4.83867123028944,8.07599344760812,0.00505072309092763,0.0657706342762847,0.0657706342762847,"social_isolation_avg"
"3695","ABHD10","Exc L4-5 RORB IL1RAPL2",-0.00262699199293284,4.43935880082401,0.00879679271416464,0.967042109700089,0.993991946851118,0.993991946851118,"social_isolation_avg"
"3696","TAGLN3","Exc L4-5 RORB IL1RAPL2",-0.108440101563876,7.1488650671467,19.733002904994,1.62455385497911e-05,0.00188577812822452,0.00188577812822452,"social_isolation_avg"
"3697","TMPRSS7","Exc L4-5 RORB IL1RAPL2",-0.103122083985334,1.81974327778469,0.267805770288273,0.605499338052846,0.849131627162923,0.849131627162923,"social_isolation_avg"
"3698","C3orf52","Exc L4-5 RORB IL1RAPL2",0.0078243628533903,1.6423455792021,0.00395022146954177,0.949961259422698,0.989124441044618,0.989124441044618,"social_isolation_avg"
"3699","SLC9C1","Exc L4-5 RORB IL1RAPL2",0.0473033513237841,0.774720586883313,0.245871114791874,0.660932683423117,0.879307221420953,0.879307221420953,"social_isolation_avg"
"3700","AC112487.1","Exc L4-5 RORB IL1RAPL2",-0.0312792079853877,0.118705681510194,0.0628939993705103,0.802290440373741,0.945011595334674,0.945011595334674,"social_isolation_avg"
"3701","CD200","Exc L4-5 RORB IL1RAPL2",-0.0316390223466708,6.24514228903626,2.07804849992969,0.151322934518183,0.448844841514115,0.448844841514115,"social_isolation_avg"
"3702","BTLA","Exc L4-5 RORB IL1RAPL2",0.138938880688566,-0.423991552632212,0.811627113826667,0.36895035086093,0.687398935997887,0.687398935997887,"social_isolation_avg"
"3703","ATG3","Exc L4-5 RORB IL1RAPL2",0.0301868903514456,3.72772554453296,0.955091767854021,0.329854718396837,0.655517395944392,0.655517395944392,"social_isolation_avg"
"3704","SLC35A5","Exc L4-5 RORB IL1RAPL2",0.0182508313285489,4.00480356735343,0.365065597948637,0.546534681810186,0.815611895947664,0.815611895947664,"social_isolation_avg"
"3705","CD200R1","Exc L4-5 RORB IL1RAPL2",0.0837063738850673,2.11199564940922,0.940570760542454,0.333548046909753,0.65829379321784,0.65829379321784,"social_isolation_avg"
"3706","AC074044.1","Exc L4-5 RORB IL1RAPL2",0.0256499643024171,0.698169722499877,0.0612726768183745,0.824023654145784,0.953541163237257,0.953541163237257,"social_isolation_avg"
"3707","GTPBP8","Exc L4-5 RORB IL1RAPL2",-0.0214231783382885,3.90578776902572,0.405877948295873,0.524950513850093,0.804564922499024,0.804564922499024,"social_isolation_avg"
"3708","NEPRO","Exc L4-5 RORB IL1RAPL2",0.0210659472413816,4.83951075654643,0.622979481457693,0.431072918366066,0.736336093962464,0.736336093962464,"social_isolation_avg"
"3709","AC078785.1","Exc L4-5 RORB IL1RAPL2",0.0566541836617885,4.88702961364228,2.40332938320834,0.122989818709615,0.403612618184318,0.403612618184318,"social_isolation_avg"
"3710","BOC","Exc L4-5 RORB IL1RAPL2",-0.0484581684708938,4.62007103514373,0.607031880119636,0.437021558533243,0.740364186264186,0.740364186264186,"social_isolation_avg"
"3711","CFAP44","Exc L4-5 RORB IL1RAPL2",-0.0126180220128373,5.88412182916399,0.288107245545128,0.592157717464808,0.842274306180829,0.842274306180829,"social_isolation_avg"
"3712","CFAP44-AS1","Exc L4-5 RORB IL1RAPL2",-0.0227422380332103,1.04358904773946,0.0650074111949908,0.96258326873161,0.992744587214375,0.992744587214375,"social_isolation_avg"
"3713","SPICE1","Exc L4-5 RORB IL1RAPL2",0.0479782397747279,4.93755790513701,3.4153707664622,0.0663787507037465,0.293515387255337,0.293515387255337,"social_isolation_avg"
"3714","SIDT1","Exc L4-5 RORB IL1RAPL2",0.0279531502609852,7.50973592102475,0.675320294784854,0.412386579502144,0.722407364514029,0.722407364514029,"social_isolation_avg"
"3715","SIDT1-AS1","Exc L4-5 RORB IL1RAPL2",-0.0427629829625962,2.30714751581108,0.194756946900321,0.659563309322078,0.878535542110738,0.878535542110738,"social_isolation_avg"
"3716","USF3","Exc L4-5 RORB IL1RAPL2",0.0120436892743948,5.59899516177801,0.275970322033987,0.600058608009273,0.846218150267828,0.846218150267828,"social_isolation_avg"
"3717","NAA50","Exc L4-5 RORB IL1RAPL2",0.0366237609687376,5.94761284135755,5.01192153397192,0.0265081240381319,0.17451642829697,0.17451642829697,"social_isolation_avg"
"3718","ATP6V1A","Exc L4-5 RORB IL1RAPL2",-0.0296998605703334,7.29189266440988,2.43386328603894,0.120652472242311,0.399661314302657,0.399661314302657,"social_isolation_avg"
"3719","GRAMD1C","Exc L4-5 RORB IL1RAPL2",-0.0137463653281055,4.32254335387067,0.0624496847764707,0.802975486061828,0.94516269283512,0.94516269283512,"social_isolation_avg"
"3720","ZDHHC23","Exc L4-5 RORB IL1RAPL2",-0.134923094128902,4.53303331228621,12.1733261011594,0.00062142840774145,0.0172796185250397,0.0172796185250397,"social_isolation_avg"
"3721","CCDC191","Exc L4-5 RORB IL1RAPL2",0.0356009355558305,4.45646460636778,1.20421430697991,0.274077009329463,0.603653974155948,0.603653974155948,"social_isolation_avg"
"3722","QTRT2","Exc L4-5 RORB IL1RAPL2",0.0421811459134468,3.93411659140152,1.15235112521316,0.284622122193869,0.615818773474008,0.615818773474008,"social_isolation_avg"
"3723","DRD3","Exc L4-5 RORB IL1RAPL2",0.0220112844620812,-0.0548809058992563,0.0332032685379716,0.947821616463158,0.988740948001749,0.988740948001749,"social_isolation_avg"
"3724","TIGIT","Exc L4-5 RORB IL1RAPL2",0.16747144714119,-0.280224406993789,1.43984171520581,0.231881948753848,0.554249412881702,0.554249412881702,"social_isolation_avg"
"3725","ZBTB20","Exc L4-5 RORB IL1RAPL2",0.0311428783919271,4.58322152071988,0.0122114487079314,0.912142604014812,0.981389424415338,0.981389424415338,"social_isolation_avg"
"3726","AC046136.1","Exc L4-5 RORB IL1RAPL2",0.0325666046578409,1.80539598227343,0.180734868471267,0.671295380566437,0.884298267656223,0.884298267656223,"social_isolation_avg"
"3727","GAP43","Exc L4-5 RORB IL1RAPL2",-0.115693353430001,7.72261877306417,18.6709788974694,2.67367185480565e-05,0.00255497702852412,0.00255497702852412,"social_isolation_avg"
"3728","LSAMP","Exc L4-5 RORB IL1RAPL2",0.0552231287600109,11.5640261093207,11.5312644659726,0.000857085013340848,0.0214225964827241,0.0214225964827241,"social_isolation_avg"
"3729","LSAMP-AS1","Exc L4-5 RORB IL1RAPL2",0.0467054746633503,3.35547647481289,0.161120107116047,0.688645793975384,0.893035507118046,0.893035507118046,"social_isolation_avg"
"3730","LINC00903","Exc L4-5 RORB IL1RAPL2",0.0307198463326578,2.76265247250224,0.18448254708987,0.6681083189242,0.883098002651187,0.883098002651187,"social_isolation_avg"
"3731","TUSC7","Exc L4-5 RORB IL1RAPL2",-0.0189992857725758,0.150920126245396,0.0281843371424091,0.866881404416946,0.966778235497087,0.966778235497087,"social_isolation_avg"
"3732","LINC00901","Exc L4-5 RORB IL1RAPL2",-0.0340836016278567,0.392789196632848,0.0911522968411492,0.76309684944417,0.929286899099656,0.929286899099656,"social_isolation_avg"
"3733","AC092691.1","Exc L4-5 RORB IL1RAPL2",0.0364849636099321,9.90802534125698,3.44801046154991,0.0651074750953322,0.290718647094424,0.290718647094424,"social_isolation_avg"
"3734","AC068633.1","Exc L4-5 RORB IL1RAPL2",-0.0638302636354264,1.90057707759274,0.719736322127392,0.397457270100885,0.7114748351541,0.7114748351541,"social_isolation_avg"
"3735","IGSF11","Exc L4-5 RORB IL1RAPL2",-0.0566197864828388,4.94365592838627,0.814478872793451,0.36811258623943,0.686415516333523,0.686415516333523,"social_isolation_avg"
"3736","UPK1B","Exc L4-5 RORB IL1RAPL2",-0.190756677858106,0.157360018309699,1.78154673382125,0.183795056768975,0.491045787789577,0.491045787789577,"social_isolation_avg"
"3737","B4GALT4","Exc L4-5 RORB IL1RAPL2",0.0274075101775644,3.98381060911193,0.976748780905625,0.324447264442197,0.651753550324961,0.651753550324961,"social_isolation_avg"
"3738","B4GALT4-AS1","Exc L4-5 RORB IL1RAPL2",-0.0152181434867328,1.47525636364442,0.0346554186976469,0.852547819312682,0.96225087193795,0.96225087193795,"social_isolation_avg"
"3739","ARHGAP31-AS1","Exc L4-5 RORB IL1RAPL2",0.0843434152311049,-0.605655930655702,0.247629919246269,0.619410226945708,0.856214268267077,0.856214268267077,"social_isolation_avg"
"3740","TMEM39A","Exc L4-5 RORB IL1RAPL2",0.0264100378951855,3.53118559247024,0.585182995191742,0.445378666366437,0.746642892463792,0.746642892463792,"social_isolation_avg"
"3741","POGLUT1","Exc L4-5 RORB IL1RAPL2",0.0358726596623231,4.91511748057078,1.32794159484365,0.250835587334637,0.577526657985307,0.577526657985307,"social_isolation_avg"
"3742","TIMMDC1","Exc L4-5 RORB IL1RAPL2",-0.0239542790569486,4.67985404570627,0.942691346211395,0.377005766953674,0.695527117446418,0.695527117446418,"social_isolation_avg"
"3743","POPDC2","Exc L4-5 RORB IL1RAPL2",0.0383355960180046,0.397636344088363,0.118832053966289,0.730742896568554,0.913267211869261,0.913267211869261,"social_isolation_avg"
"3744","COX17","Exc L4-5 RORB IL1RAPL2",-0.070343192510088,2.92808939568588,2.07249253538057,0.151867352623402,0.449613859957344,0.449613859957344,"social_isolation_avg"
"3745","MAATS1","Exc L4-5 RORB IL1RAPL2",0.032682565075261,4.65521218961983,0.785176968062732,0.376849799204843,0.695374980569031,0.695374980569031,"social_isolation_avg"
"3746","NR1I2","Exc L4-5 RORB IL1RAPL2",0.0460478784759458,-0.0592584547899676,0.138033381380716,0.710719771802489,0.904961881038177,0.904961881038177,"social_isolation_avg"
"3747","GSK3B","Exc L4-5 RORB IL1RAPL2",-0.00948951626823431,7.76932270275755,0.565319273138563,0.453194181610375,0.752923518252999,0.752923518252999,"social_isolation_avg"
"3748","AC092910.3","Exc L4-5 RORB IL1RAPL2",0.0369801535159425,3.94398629897813,1.2350567628675,0.268039710453024,0.597993085895728,0.597993085895728,"social_isolation_avg"
"3749","GPR156","Exc L4-5 RORB IL1RAPL2",0.097967951959076,1.23013988964387,0.874150392811449,0.351172709211548,0.671906212533577,0.671906212533577,"social_isolation_avg"
"3750","LRRC58","Exc L4-5 RORB IL1RAPL2",-0.0104450899383423,5.16809041253208,0.250194414853226,0.617603480711938,0.855363968868723,0.855363968868723,"social_isolation_avg"
"3751","FSTL1","Exc L4-5 RORB IL1RAPL2",0.0729626424697614,3.76982127142492,1.87867967823804,0.172342641478275,0.477157611854029,0.477157611854029,"social_isolation_avg"
"3752","NDUFB4","Exc L4-5 RORB IL1RAPL2",-0.109768919617336,4.60682954445353,11.147535741791,0.00103979510453945,0.0244093835893187,0.0244093835893187,"social_isolation_avg"
"3753","HGD","Exc L4-5 RORB IL1RAPL2",0.0186594910224725,0.837958585070718,0.0358550133789004,0.850047525197335,0.961873912835597,0.961873912835597,"social_isolation_avg"
"3754","RABL3","Exc L4-5 RORB IL1RAPL2",-0.000182444489395232,3.8431950685851,2.8022282305833e-05,0.995782715134354,0.9994589795957,0.9994589795957,"social_isolation_avg"
"3755","GTF2E1","Exc L4-5 RORB IL1RAPL2",-0.142289080872746,2.58315303136989,8.28213191096162,0.00453277331217006,0.0618792235494731,0.0618792235494731,"social_isolation_avg"
"3756","STXBP5L","Exc L4-5 RORB IL1RAPL2",0.0792630336077715,10.9447780585387,13.3529481086677,0.000346161506498634,0.012062102881143,0.012062102881143,"social_isolation_avg"
"3757","POLQ","Exc L4-5 RORB IL1RAPL2",0.12002589713133,3.04366113159524,4.40746497674981,0.0373008943385611,0.213295106019237,0.213295106019237,"social_isolation_avg"
"3758","ARGFX","Exc L4-5 RORB IL1RAPL2",0.169049791655885,-0.286093461632996,1.23160979033805,0.268706081548858,0.598773733245312,0.598773733245312,"social_isolation_avg"
"3759","FBXO40","Exc L4-5 RORB IL1RAPL2",-0.046816481469804,2.78796474744123,0.76251493033515,0.383809400074604,0.701047442813144,0.701047442813144,"social_isolation_avg"
"3760","HCLS1","Exc L4-5 RORB IL1RAPL2",0.217847861529959,-0.197613728639206,1.52906164687985,0.218007409452559,0.537948249492533,0.537948249492533,"social_isolation_avg"
"3761","GOLGB1","Exc L4-5 RORB IL1RAPL2",0.00668619333683032,7.20766235188877,0.0996211782860625,0.752682856995272,0.924537059267055,0.924537059267055,"social_isolation_avg"
"3762","IQCB1","Exc L4-5 RORB IL1RAPL2",-0.0152687318075264,6.3554669156723,0.631174501945561,0.428063976371563,0.734354673773857,0.734354673773857,"social_isolation_avg"
"3763","EAF2","Exc L4-5 RORB IL1RAPL2",-0.0313789870388917,4.29963624459488,0.699852950586547,0.404040878660579,0.715915752075075,0.715915752075075,"social_isolation_avg"
"3764","SLC15A2","Exc L4-5 RORB IL1RAPL2",-0.0292559313391584,4.33376899662564,0.728401196449766,0.394636981616565,0.709575541126571,0.709575541126571,"social_isolation_avg"
"3765","CCDC58","Exc L4-5 RORB IL1RAPL2",0.0936215124630826,3.20709268137822,5.27878213517968,0.0228405330795659,0.16006138014758,0.16006138014758,"social_isolation_avg"
"3766","FAM162A","Exc L4-5 RORB IL1RAPL2",-0.0219948983245971,5.41871467397374,1.00076058375919,0.31858873177244,0.646290761622374,0.646290761622374,"social_isolation_avg"
"3767","WDR5B","Exc L4-5 RORB IL1RAPL2",-0.0958240371950193,0.195556724962749,0.712173414124002,0.399942870551548,0.713023561076589,0.713023561076589,"social_isolation_avg"
"3768","AC083798.2","Exc L4-5 RORB IL1RAPL2",-0.000642517569565218,3.08362298419388,0.000209834981761261,0.988459971226492,0.998787747693845,0.998787747693845,"social_isolation_avg"
"3769","KPNA1","Exc L4-5 RORB IL1RAPL2",-0.0255870203390121,6.33126189519645,2.42824856965433,0.12107852241763,0.400301716348765,0.400301716348765,"social_isolation_avg"
"3770","HSPBAP1","Exc L4-5 RORB IL1RAPL2",-0.0182179103874314,4.31026756979415,0.338061874012603,0.561742110995142,0.824571177823048,0.824571177823048,"social_isolation_avg"
"3771","DIRC2","Exc L4-5 RORB IL1RAPL2",0.0293472220990367,5.3779497739663,1.79926070595471,0.181641938520667,0.488383844424893,0.488383844424893,"social_isolation_avg"
"3772","LINC02035","Exc L4-5 RORB IL1RAPL2",-0.0388500113791809,2.64028504829718,0.566889020206398,0.452568757590896,0.752608769950346,0.752608769950346,"social_isolation_avg"
"3773","SEMA5B","Exc L4-5 RORB IL1RAPL2",-0.0240537271226396,2.97355146105526,0.0924370379040095,0.761483921531529,0.928722988596757,0.928722988596757,"social_isolation_avg"
"3774","PDIA5","Exc L4-5 RORB IL1RAPL2",-0.0336287727725057,3.36088235794128,0.5616719847366,0.620122772172941,0.85677583615515,0.85677583615515,"social_isolation_avg"
"3775","SEC22A","Exc L4-5 RORB IL1RAPL2",0.0898691720987236,5.74872144338762,11.8550383236503,0.000728601140751524,0.0192809261316917,0.0192809261316917,"social_isolation_avg"
"3776","ADCY5","Exc L4-5 RORB IL1RAPL2",0.0281971784202015,5.98961584335839,2.44029298397419,0.12016663609907,0.398889986250967,0.398889986250967,"social_isolation_avg"
"3777","AC112503.1","Exc L4-5 RORB IL1RAPL2",-0.0219338708695506,0.538532592999384,0.0457574851242868,0.830880879775529,0.95570972992047,0.95570972992047,"social_isolation_avg"
"3778","HACD2","Exc L4-5 RORB IL1RAPL2",0.00109227902816933,5.91064552302242,0.00341111437592059,0.953496779870894,0.989638649036598,0.989638649036598,"social_isolation_avg"
"3779","MYLK-AS1","Exc L4-5 RORB IL1RAPL2",0.0071317235917419,4.12710727704679,0.0620135680077066,0.803650415724972,0.945168418444318,0.945168418444318,"social_isolation_avg"
"3780","MYLK","Exc L4-5 RORB IL1RAPL2",-0.116139802247393,2.27981278118109,2.36661244615293,0.125867830343397,0.408840026113086,0.408840026113086,"social_isolation_avg"
"3781","MYLK-AS2","Exc L4-5 RORB IL1RAPL2",-0.0364558449950964,0.27332087870057,0.102321350992985,0.858082311304653,0.964243395716678,0.964243395716678,"social_isolation_avg"
"3782","CCDC14","Exc L4-5 RORB IL1RAPL2",0.0234171492113433,6.32500213630402,0.694192481512155,0.405944285264008,0.717125033689968,0.717125033689968,"social_isolation_avg"
"3783","KALRN","Exc L4-5 RORB IL1RAPL2",0.0213303329711789,10.6630838693481,2.43865685481523,0.120290056509315,0.399019663256091,0.399019663256091,"social_isolation_avg"
"3784","UMPS","Exc L4-5 RORB IL1RAPL2",-0.00401925933135423,3.79870216999202,0.0149355794448238,0.902880202323521,0.978262943641483,0.978262943641483,"social_isolation_avg"
"3785","HEG1","Exc L4-5 RORB IL1RAPL2",-0.0369636226140134,-1.32151477967419,-1.68305222918423e-08,1,1,1,"social_isolation_avg"
"3786","SLC12A8","Exc L4-5 RORB IL1RAPL2",-0.0792394449917041,4.68928871893845,2.11364561957635,0.147887188434761,0.444295568811386,0.444295568811386,"social_isolation_avg"
"3787","ZNF148","Exc L4-5 RORB IL1RAPL2",0.0219287672909103,7.47693833070451,3.41097809175253,0.0665518725684327,0.293868840342431,0.293868840342431,"social_isolation_avg"
"3788","SNX4","Exc L4-5 RORB IL1RAPL2",0.0413835337715431,5.69654018800637,4.9959343527582,0.0267465910871078,0.175175211948139,0.175175211948139,"social_isolation_avg"
"3789","OSBPL11","Exc L4-5 RORB IL1RAPL2",0.00242847103513056,4.34714884107282,0.00856771362280953,0.926363665583681,0.98417618971798,0.98417618971798,"social_isolation_avg"
"3790","AC092902.3","Exc L4-5 RORB IL1RAPL2",-0.0629275539738821,3.28402185354714,1.36288095872654,0.244720065421414,0.570006781734199,0.570006781734199,"social_isolation_avg"
"3791","AC092903.2","Exc L4-5 RORB IL1RAPL2",-0.0475088207480758,1.09848410869876,0.303294078510649,0.942709387205387,0.987984052456339,0.987984052456339,"social_isolation_avg"
"3792","ALG1L","Exc L4-5 RORB IL1RAPL2",-0.106275709483277,0.482852120899092,0.595648754353832,0.441345014467274,0.74393666091183,0.74393666091183,"social_isolation_avg"
"3793","SLC41A3","Exc L4-5 RORB IL1RAPL2",-0.0382453744499893,5.06765271437769,2.42661342476188,0.121202914669198,0.400433097338205,0.400433097338205,"social_isolation_avg"
"3794","AC079848.1","Exc L4-5 RORB IL1RAPL2",0.024211321282727,1.59960101368534,0.140064901924061,0.708696149558451,0.903526706138094,0.903526706138094,"social_isolation_avg"
"3795","AC016924.1","Exc L4-5 RORB IL1RAPL2",-0.215290833403104,-0.119095060712526,2.46526026717699,0.118300674065862,0.396772282103486,0.396772282103486,"social_isolation_avg"
"3796","KLF15","Exc L4-5 RORB IL1RAPL2",0.0598643808410956,0.463075059035045,0.152787526602662,0.696388939259475,0.897052389766332,0.897052389766332,"social_isolation_avg"
"3797","CFAP100","Exc L4-5 RORB IL1RAPL2",0.0731986503827888,1.40517317027019,0.66536534808916,0.415845980524958,0.724904042569463,0.724904042569463,"social_isolation_avg"
"3798","ZXDC","Exc L4-5 RORB IL1RAPL2",-0.0165107730870905,6.02831239438397,0.601500693205177,0.439114182776163,0.741796860981924,0.741796860981924,"social_isolation_avg"
"3799","UROC1","Exc L4-5 RORB IL1RAPL2",-0.115031167633021,0.287230083120442,1.00769351555269,0.316923269267202,0.644993565430217,0.644993565430217,"social_isolation_avg"
"3800","CHST13","Exc L4-5 RORB IL1RAPL2",-0.361303579618851,-0.48949871631305,4.62789024808737,0.0329084334144431,0.198266113239298,0.198266113239298,"social_isolation_avg"
"3801","C3orf22","Exc L4-5 RORB IL1RAPL2",-0.259786654099632,0.023204189697236,3.31713327283172,0.0703692821229849,0.303744983405444,0.303744983405444,"social_isolation_avg"
"3802","TXNRD3NB","Exc L4-5 RORB IL1RAPL2",0.0801495184300086,4.42023903478753,5.38035652979704,0.0215878775493666,0.155073739981612,0.155073739981612,"social_isolation_avg"
"3803","TXNRD3","Exc L4-5 RORB IL1RAPL2",0.0524167541960681,3.60595171320156,1.80355860227793,0.181123980572952,0.487787129891643,0.487787129891643,"social_isolation_avg"
"3804","CHCHD6","Exc L4-5 RORB IL1RAPL2",0.00706955040385757,6.28882548409633,0.170185251587049,0.729429948640814,0.912971548952048,0.912971548952048,"social_isolation_avg"
"3805","PLXNA1","Exc L4-5 RORB IL1RAPL2",-0.0251226492238433,5.18089617924391,0.522090942916923,0.470972153897317,0.765638295720519,0.765638295720519,"social_isolation_avg"
"3806","LINC02016","Exc L4-5 RORB IL1RAPL2",0.136726147847505,1.48062945421656,1.929351426029,0.166697931308579,0.470408882668103,0.470408882668103,"social_isolation_avg"
"3807","LINC01471","Exc L4-5 RORB IL1RAPL2",0.210941181051839,0.500292219607546,1.69936131221998,0.194184187575603,0.50639225182985,0.50639225182985,"social_isolation_avg"
"3808","TPRA1","Exc L4-5 RORB IL1RAPL2",0.0265404978341762,3.92418983570246,0.893366189525821,0.345946288089623,0.668810638289951,0.668810638289951,"social_isolation_avg"
"3809","MCM2","Exc L4-5 RORB IL1RAPL2",-0.00895629074916648,0.629024883241778,0.00789765607910281,0.968363734510504,0.9941928619423,0.9941928619423,"social_isolation_avg"
"3810","PODXL2","Exc L4-5 RORB IL1RAPL2",-0.0393547189059268,5.88544159254236,2.32354935558771,0.129339921171206,0.414295014132451,0.414295014132451,"social_isolation_avg"
"3811","ABTB1","Exc L4-5 RORB IL1RAPL2",-0.142106617536411,5.15938088360135,13.8400142131732,0.000272408446635479,0.0104760980056705,0.0104760980056705,"social_isolation_avg"
"3812","MGLL","Exc L4-5 RORB IL1RAPL2",-0.113006927340745,7.04247970487163,19.4352108776177,1.86736803175341e-05,0.00204434554374263,0.00204434554374263,"social_isolation_avg"
"3813","KBTBD12","Exc L4-5 RORB IL1RAPL2",0.0126071916517198,6.21101205652998,0.128130907813143,0.720834583794998,0.909296979182147,0.909296979182147,"social_isolation_avg"
"3814","SEC61A1","Exc L4-5 RORB IL1RAPL2",-0.00412189478044274,4.38596200141197,0.0225591478356319,0.880792286541862,0.972403930320635,0.972403930320635,"social_isolation_avg"
"3815","RUVBL1","Exc L4-5 RORB IL1RAPL2",-0.0261961995719558,4.23292128814498,0.703744255541919,0.40273995471426,0.714911594253543,0.714911594253543,"social_isolation_avg"
"3816","EEFSEC","Exc L4-5 RORB IL1RAPL2",-0.028702445495405,5.49043032774457,1.28850309220957,0.257967279551697,0.586376609370214,0.586376609370214,"social_isolation_avg"
"3817","GATA2-AS1","Exc L4-5 RORB IL1RAPL2",0.154845560252142,0.0924916724031572,1.23304795182622,0.268427802512138,0.598313698727524,0.598313698727524,"social_isolation_avg"
"3818","RPN1","Exc L4-5 RORB IL1RAPL2",0.161479954014923,5.06766431735653,4.35037402787082,0.0385368107328499,0.217853300231925,0.217853300231925,"social_isolation_avg"
"3819","RAB7A","Exc L4-5 RORB IL1RAPL2",-0.0114523476353,6.69668823179318,0.626348043380584,0.429832215443496,0.735330981167266,0.735330981167266,"social_isolation_avg"
"3820","AC112484.3","Exc L4-5 RORB IL1RAPL2",0.0681998277498232,0.364018533459788,0.34356413998075,0.558578642303074,0.822421513987292,0.822421513987292,"social_isolation_avg"
"3821","AC112484.1","Exc L4-5 RORB IL1RAPL2",-0.0206368708260109,0.419298043450448,0.037810422308184,0.846063082807376,0.961597389721097,0.961597389721097,"social_isolation_avg"
"3822","ACAD9","Exc L4-5 RORB IL1RAPL2",0.0062969460789407,4.76216727513545,0.0615975566142921,0.804296584159777,0.945693243157292,0.945693243157292,"social_isolation_avg"
"3823","KIAA1257","Exc L4-5 RORB IL1RAPL2",0.0525651820839939,3.49811193843624,1.48153307835226,0.225269703628923,0.546732691426739,0.546732691426739,"social_isolation_avg"
"3824","ISY1-RAB43","Exc L4-5 RORB IL1RAPL2",0.0980075381910949,1.78133817115656,3.03114980880453,0.083540748538314,0.332353764317376,0.332353764317376,"social_isolation_avg"
"3825","AC108673.3","Exc L4-5 RORB IL1RAPL2",0.0131134865173968,2.78613063154478,0.0858311304467735,0.769912920219822,0.93177700720781,0.93177700720781,"social_isolation_avg"
"3826","CNBP","Exc L4-5 RORB IL1RAPL2",-0.0218502693170189,5.45404916714218,0.783860489104724,0.377249177359032,0.69584048399398,0.69584048399398,"social_isolation_avg"
"3827","COPG1","Exc L4-5 RORB IL1RAPL2",-0.0514942630866411,4.70502933285068,4.8675944521483,0.028744549522752,0.183061468030963,0.183061468030963,"social_isolation_avg"
"3828","HMCES","Exc L4-5 RORB IL1RAPL2",-0.0136172150387048,4.72636039613826,0.29188739768429,0.597741550562677,0.844935876312698,0.844935876312698,"social_isolation_avg"
"3829","H1FX","Exc L4-5 RORB IL1RAPL2",-0.0927489629546385,5.62349159096566,6.37761853080565,0.012497964140768,0.111714891542893,0.111714891542893,"social_isolation_avg"
"3830","H1FX-AS1","Exc L4-5 RORB IL1RAPL2",-0.0584014967847264,2.46115582749171,1.31889021677368,0.267279145156143,0.597260276210923,0.597260276210923,"social_isolation_avg"
"3831","EFCAB12","Exc L4-5 RORB IL1RAPL2",0.0855158132053483,2.76943560218187,3.18736970148782,0.0760429792258492,0.316360864101208,0.316360864101208,"social_isolation_avg"
"3832","MBD4","Exc L4-5 RORB IL1RAPL2",0.0331267730912245,4.78081669293948,1.35971187902817,0.245267129309626,0.570778809724799,0.570778809724799,"social_isolation_avg"
"3833","IFT122","Exc L4-5 RORB IL1RAPL2",-0.00827804062199302,5.50134065810089,0.105202964010384,0.746083099947825,0.921150951654995,0.921150951654995,"social_isolation_avg"
"3834","RHO","Exc L4-5 RORB IL1RAPL2",-0.0408224322561372,0.602305164635426,0.134978997129281,0.7137944468943,0.906362306535605,0.906362306535605,"social_isolation_avg"
"3835","PLXND1","Exc L4-5 RORB IL1RAPL2",0.0607145470031289,3.83894644956021,1.48742341303481,0.22435400209838,0.545371478252527,0.545371478252527,"social_isolation_avg"
"3836","TMCC1","Exc L4-5 RORB IL1RAPL2",0.0188283743295263,7.87873317809326,2.21504592291333,0.13857628442925,0.429939541173206,0.429939541173206,"social_isolation_avg"
"3837","TMCC1-AS1","Exc L4-5 RORB IL1RAPL2",-0.011883153211009,3.21901841142278,0.0839737923890148,0.772345952216266,0.932879525176123,0.932879525176123,"social_isolation_avg"
"3838","AC083906.3","Exc L4-5 RORB IL1RAPL2",-0.264926854637668,-0.298425107753452,3.08085389961672,0.0810714713798855,0.327057909860358,0.327057909860358,"social_isolation_avg"
"3839","ALG1L2","Exc L4-5 RORB IL1RAPL2",0.00710065228742364,1.87988358270723,0.0091977612196499,0.923712227935015,0.984023267092239,0.984023267092239,"social_isolation_avg"
"3840","LINC02021","Exc L4-5 RORB IL1RAPL2",0.0882582217216715,2.51828329538997,2.27861418339814,0.13307815258475,0.419661954176009,0.419661954176009,"social_isolation_avg"
"3841","COL6A6","Exc L4-5 RORB IL1RAPL2",-0.0648340306304183,2.10765878521358,0.979876860037874,0.323676007259955,0.651220686954326,0.651220686954326,"social_isolation_avg"
"3842","PIK3R4","Exc L4-5 RORB IL1RAPL2",0.011613330620172,5.27756749909305,0.289806385143795,0.818309807711689,0.951762359999666,0.951762359999666,"social_isolation_avg"
"3843","ATP2C1","Exc L4-5 RORB IL1RAPL2",-0.0126164337818619,7.52255229025795,0.415613052506558,0.520027885518277,0.800692592303203,0.800692592303203,"social_isolation_avg"
"3844","AC055733.2","Exc L4-5 RORB IL1RAPL2",0.174039578218214,1.39829121862984,3.43281389221933,0.0656960674785263,0.292008192425268,0.292008192425268,"social_isolation_avg"
"3845","ASTE1","Exc L4-5 RORB IL1RAPL2",-0.0381900674124794,3.25735225022391,0.684708323439669,0.409163129312272,0.719637935352639,0.719637935352639,"social_isolation_avg"
"3846","NEK11","Exc L4-5 RORB IL1RAPL2",0.0396748072672303,7.40747891605703,3.00956535056101,0.0846384775097741,0.33465015641641,0.33465015641641,"social_isolation_avg"
"3847","NUDT16","Exc L4-5 RORB IL1RAPL2",-0.0540226029078554,3.60519475933655,2.80906771788657,0.0956232593509369,0.358134694810001,0.358134694810001,"social_isolation_avg"
"3848","MRPL3","Exc L4-5 RORB IL1RAPL2",-0.0139397675214278,5.19270072420358,0.452695727447224,0.995778319685032,0.9994589795957,0.9994589795957,"social_isolation_avg"
"3849","CPNE4","Exc L4-5 RORB IL1RAPL2",-0.0109442070189099,9.12450316418149,0.187713084237231,0.665391693578945,0.881720295009668,0.881720295009668,"social_isolation_avg"
"3850","ACPP","Exc L4-5 RORB IL1RAPL2",0.0646188950212246,0.182504630230882,0.268236777058602,0.605209504956908,0.848956078935109,0.848956078935109,"social_isolation_avg"
"3851","DNAJC13","Exc L4-5 RORB IL1RAPL2",0.0220484859809122,5.81396489600437,1.60209035545939,0.207388335971882,0.525019361108372,0.525019361108372,"social_isolation_avg"
"3852","NPHP3-ACAD11","Exc L4-5 RORB IL1RAPL2",0.102323701140131,0.966865141274742,1.53562708883686,0.21702651006026,0.536919280955755,0.536919280955755,"social_isolation_avg"
"3853","ACKR4","Exc L4-5 RORB IL1RAPL2",0.281339105701749,0.388157799228871,7.64746506622596,0.00633188430884046,0.0757783573735423,0.0757783573735423,"social_isolation_avg"
"3854","UBA5","Exc L4-5 RORB IL1RAPL2",0.0306709803662042,5.0816755948402,1.66261084663835,0.199052504218555,0.513566985142166,0.513566985142166,"social_isolation_avg"
"3855","NPHP3-AS1","Exc L4-5 RORB IL1RAPL2",0.0200954342308478,2.02008292364218,0.0912698964952176,0.885043679988705,0.973660414670342,0.973660414670342,"social_isolation_avg"
"3856","TMEM108","Exc L4-5 RORB IL1RAPL2",0.0629830163418257,8.45264894375758,7.12544175480085,0.00835785774046576,0.088803790348688,0.088803790348688,"social_isolation_avg"
"3857","BFSP2","Exc L4-5 RORB IL1RAPL2",0.210196663570538,0.0742030651248026,2.98651154376092,0.217899676273675,0.537948249492533,0.537948249492533,"social_isolation_avg"
"3858","BFSP2-AS1","Exc L4-5 RORB IL1RAPL2",0.204144562255987,0.556551379229241,2.69614656290109,0.102492248121125,0.370865524325839,0.370865524325839,"social_isolation_avg"
"3859","AC022296.3","Exc L4-5 RORB IL1RAPL2",-0.078394329805912,-0.112698544906388,0.39634850956325,0.529850284790318,0.807254790121396,0.807254790121396,"social_isolation_avg"
"3860","CDV3","Exc L4-5 RORB IL1RAPL2",-0.0954448521371395,4.36050554957776,7.98748087270436,0.00529147611538868,0.0675573681371588,0.0675573681371588,"social_isolation_avg"
"3861","TOPBP1","Exc L4-5 RORB IL1RAPL2",0.013179396373255,4.97521381719647,0.31864306106263,0.573189446066146,0.831616988731125,0.831616988731125,"social_isolation_avg"
"3862","TF","Exc L4-5 RORB IL1RAPL2",0.0062637830058057,1.21348014859138,1.45475296565522e-08,0.999903910075862,1,1,"social_isolation_avg"
"3863","SRPRB","Exc L4-5 RORB IL1RAPL2",-0.0233141323679999,3.78394790776741,0.481802526296194,0.656222216885971,0.87685999936262,0.87685999936262,"social_isolation_avg"
"3864","RAB6B","Exc L4-5 RORB IL1RAPL2",-0.0723252601687144,7.41869589312165,14.98004018024,0.000156140732059485,0.00745940869335874,0.00745940869335874,"social_isolation_avg"
"3865","RYK","Exc L4-5 RORB IL1RAPL2",0.0202518414448963,6.40808858821242,1.27226475225689,0.260976776547569,0.590182447413653,0.590182447413653,"social_isolation_avg"
"3866","AMOTL2","Exc L4-5 RORB IL1RAPL2",0.00560920177373641,3.8082443501282,0.0265406604538684,0.870785896145815,0.968159592253788,0.968159592253788,"social_isolation_avg"
"3867","ANAPC13","Exc L4-5 RORB IL1RAPL2",-0.0389657811195121,4.04069400268417,1.01932994760622,0.314153614618074,0.642771223962153,0.642771223962153,"social_isolation_avg"
"3868","CEP63","Exc L4-5 RORB IL1RAPL2",0.0409815351955283,6.01156451585585,4.29722548421545,0.0397263905432962,0.221272603906302,0.221272603906302,"social_isolation_avg"
"3869","EPHB1","Exc L4-5 RORB IL1RAPL2",0.0850884378646259,6.82767189160564,8.58789610779621,0.00386310801170976,0.0559096419064441,0.0559096419064441,"social_isolation_avg"
"3870","KY","Exc L4-5 RORB IL1RAPL2",-0.0395888699230262,3.58081976495543,0.880153853795994,0.349528330627523,0.671156931009499,0.671156931009499,"social_isolation_avg"
"3871","PPP2R3A","Exc L4-5 RORB IL1RAPL2",0.0787210632164872,5.82020679054658,6.86774174153509,0.00959463240152405,0.0965477970388014,0.0965477970388014,"social_isolation_avg"
"3872","AC072039.2","Exc L4-5 RORB IL1RAPL2",-0.0216488926641174,-0.241729810759949,0.0242867742105831,0.876347605879826,0.970677358194911,0.970677358194911,"social_isolation_avg"
"3873","MSL2","Exc L4-5 RORB IL1RAPL2",0.00645450363220751,5.17520713170586,0.0616719891851039,0.804180802148201,0.945668242643386,0.945668242643386,"social_isolation_avg"
"3874","PCCB","Exc L4-5 RORB IL1RAPL2",0.026092800562439,5.25756429033086,1.4689660838211,0.227238495753849,0.54916338818425,0.54916338818425,"social_isolation_avg"
"3875","STAG1","Exc L4-5 RORB IL1RAPL2",0.0403079653921663,7.99517453828261,4.83181926540407,0.0293290155635863,0.185390752534351,0.185390752534351,"social_isolation_avg"
"3876","SLC35G2","Exc L4-5 RORB IL1RAPL2",0.0349528617519786,5.11127911860304,1.83659964497563,0.177199035048954,0.483527969737706,0.483527969737706,"social_isolation_avg"
"3877","AC096992.2","Exc L4-5 RORB IL1RAPL2",-0.119411123034634,-0.181729618451078,0.532833477079693,0.466451242202509,0.762337462809969,0.762337462809969,"social_isolation_avg"
"3878","NCK1-DT","Exc L4-5 RORB IL1RAPL2",-0.0407298273222121,1.48097037805377,0.281985552155507,0.596115544257907,0.844144918525496,0.844144918525496,"social_isolation_avg"
"3879","NCK1","Exc L4-5 RORB IL1RAPL2",0.0483869576321587,4.58344882730595,2.41964329941201,0.121734765399509,0.401279354725454,0.401279354725454,"social_isolation_avg"
"3880","IL20RB","Exc L4-5 RORB IL1RAPL2",0.0760745414604512,1.85019713202188,1.80340425788749,0.181142551425804,0.487787129891643,0.487787129891643,"social_isolation_avg"
"3881","IL20RB-AS1","Exc L4-5 RORB IL1RAPL2",0.284959793899611,0.0951914791869861,5.91240587208523,0.0161026585967802,0.129926824439096,0.129926824439096,"social_isolation_avg"
"3882","DZIP1L","Exc L4-5 RORB IL1RAPL2",0.0612303630351971,2.90302222546386,1.55269375540819,0.2145013574977,0.533765205227689,0.533765205227689,"social_isolation_avg"
"3883","DBR1","Exc L4-5 RORB IL1RAPL2",0.0689419027402721,2.76157257207605,2.91035202638591,0.17062914599185,0.475663431942485,0.475663431942485,"social_isolation_avg"
"3884","ARMC8","Exc L4-5 RORB IL1RAPL2",0.0337623227186541,6.59465002278588,5.13708981809282,0.0247164902331434,0.167200826493138,0.167200826493138,"social_isolation_avg"
"3885","NME9","Exc L4-5 RORB IL1RAPL2",0.0419615905742842,5.87880412193798,1.47616935595286,0.226107470545027,0.547736919280445,0.547736919280445,"social_isolation_avg"
"3886","MRAS","Exc L4-5 RORB IL1RAPL2",-0.0659533150687179,5.60196835941381,5.7017233208715,0.0180766226037968,0.140578617462573,0.140578617462573,"social_isolation_avg"
"3887","ESYT3","Exc L4-5 RORB IL1RAPL2",0.0331313283650694,4.54216288328585,1.50564150712545,0.221550145127118,0.542930620928419,0.542930620928419,"social_isolation_avg"
"3888","CEP70","Exc L4-5 RORB IL1RAPL2",0.0140033769594385,5.75106629073934,0.454977536755619,0.500922916291848,0.786944744201101,0.786944744201101,"social_isolation_avg"
"3889","FAIM","Exc L4-5 RORB IL1RAPL2",-0.0335644158361469,3.18945513057344,0.533153995829506,0.466317430330767,0.762337462809969,0.762337462809969,"social_isolation_avg"
"3890","PIK3CB","Exc L4-5 RORB IL1RAPL2",0.0249398550875467,6.96330463202318,2.73157620392374,0.10028027483313,0.366493977961177,0.366493977961177,"social_isolation_avg"
"3891","MRPS22","Exc L4-5 RORB IL1RAPL2",-0.039505994662789,3.92105000534389,0.807251642784143,0.370240937779414,0.688416743683599,0.688416743683599,"social_isolation_avg"
"3892","COPB2","Exc L4-5 RORB IL1RAPL2",-0.0201883065607251,5.28119371268766,1.08344170903268,0.490476847284553,0.780776748062512,0.780776748062512,"social_isolation_avg"
"3893","AC097103.2","Exc L4-5 RORB IL1RAPL2",0.0410852849257309,6.28680984570557,4.40476027652704,0.0373584895802416,0.213295106019237,0.213295106019237,"social_isolation_avg"
"3894","RBP2","Exc L4-5 RORB IL1RAPL2",0.123808718740025,-0.302229627130338,0.746659486978589,0.388788081962331,0.704081238408495,0.704081238408495,"social_isolation_avg"
"3895","RBP1","Exc L4-5 RORB IL1RAPL2",0.0469204735041999,0.636005280149189,0.137589300445582,0.711164381760681,0.904975073051627,0.904975073051627,"social_isolation_avg"
"3896","NMNAT3","Exc L4-5 RORB IL1RAPL2",0.0826156500920406,6.86212283388505,9.33438466219725,0.00262257352284915,0.0438354360652198,0.0438354360652198,"social_isolation_avg"
"3897","AC016933.1","Exc L4-5 RORB IL1RAPL2",0.140160869584128,0.00384587373267803,0.920198054654751,0.338823993866108,0.662487215866553,0.662487215866553,"social_isolation_avg"
"3898","CLSTN2","Exc L4-5 RORB IL1RAPL2",0.0493053719900404,10.254192701644,4.82948119979684,0.0293676455961428,0.185407147922796,0.185407147922796,"social_isolation_avg"
"3899","SLC25A36","Exc L4-5 RORB IL1RAPL2",0.0158668514596483,6.88581438578964,0.756717909944939,0.385619055404159,0.702381037665558,0.702381037665558,"social_isolation_avg"
"3900","SPSB4","Exc L4-5 RORB IL1RAPL2",0.195398770585705,-0.388062377387784,0.816176709930331,0.367615073938245,0.686102766109311,0.686102766109311,"social_isolation_avg"
"3901","PXYLP1","Exc L4-5 RORB IL1RAPL2",0.0779747905346259,5.89187417988642,6.81237767744691,0.00988421550020052,0.0976601783181692,0.0976601783181692,"social_isolation_avg"
"3902","AC117383.1","Exc L4-5 RORB IL1RAPL2",0.104515697471904,3.24899794888885,3.01677091819143,0.0842702820386955,0.334045029048381,0.334045029048381,"social_isolation_avg"
"3903","ZBTB38","Exc L4-5 RORB IL1RAPL2",-0.0150535583094182,7.17929915726196,1.17209497752366,0.280547970136048,0.611659468199438,0.611659468199438,"social_isolation_avg"
"3904","RASA2","Exc L4-5 RORB IL1RAPL2",0.02072970236703,7.57171020728946,1.33264173669671,0.25000202587188,0.576234615555925,0.576234615555925,"social_isolation_avg"
"3905","RNF7","Exc L4-5 RORB IL1RAPL2",-0.0757118953904331,4.11369519331402,6.32247627793383,0.0128773778634946,0.114046516942452,0.114046516942452,"social_isolation_avg"
"3906","GRK7","Exc L4-5 RORB IL1RAPL2",0.124215186705891,0.719688754557892,1.4059938770918,0.237424284239387,0.561327612407027,0.561327612407027,"social_isolation_avg"
"3907","ATP1B3","Exc L4-5 RORB IL1RAPL2",-0.0274978971033536,6.49183794771228,0.944222068315698,0.332614162513672,0.657616778361672,0.657616778361672,"social_isolation_avg"
"3908","TFDP2","Exc L4-5 RORB IL1RAPL2",0.0240227865478732,7.80722971831057,1.08820967557268,0.298391467072925,0.62955675161539,0.62955675161539,"social_isolation_avg"
"3909","GK5","Exc L4-5 RORB IL1RAPL2",0.00465279995180379,5.49210927598878,0.0348296605465682,0.852181899284928,0.962117889872315,0.962117889872315,"social_isolation_avg"
"3910","XRN1","Exc L4-5 RORB IL1RAPL2",0.0375151955555726,7.23135366396467,6.38542170524508,0.0124452183577724,0.111494307077373,0.111494307077373,"social_isolation_avg"
"3911","ATR","Exc L4-5 RORB IL1RAPL2",0.0640492529980203,6.61043611882637,9.04659652638723,0.00304345371399179,0.0483502835620811,0.0483502835620811,"social_isolation_avg"
"3912","PLS1","Exc L4-5 RORB IL1RAPL2",-0.00832958474225711,3.85375385031604,0.0443378878201587,0.833485570884753,0.956592289622129,0.956592289622129,"social_isolation_avg"
"3913","TRPC1","Exc L4-5 RORB IL1RAPL2",0.0505031328530968,7.22439883005227,9.48709395375752,0.00242399049054945,0.0421160000658274,0.0421160000658274,"social_isolation_avg"
"3914","PCOLCE2","Exc L4-5 RORB IL1RAPL2",-0.124873905361308,0.992286630641026,1.94664026798538,0.16482106711327,0.468392366862758,0.468392366862758,"social_isolation_avg"
"3915","PAQR9","Exc L4-5 RORB IL1RAPL2",-0.00585798618075826,3.25947673421655,0.0246768995453329,0.890095503712662,0.974706512053996,0.974706512053996,"social_isolation_avg"
"3916","U2SURP","Exc L4-5 RORB IL1RAPL2",0.0374376019345232,6.34296199930857,5.49883291306287,0.0202170358686846,0.149167772882407,0.149167772882407,"social_isolation_avg"
"3917","AC026304.1","Exc L4-5 RORB IL1RAPL2",-0.126906427728204,0.201496015727959,1.41981538606192,0.267954404502337,0.597972532136216,0.597972532136216,"social_isolation_avg"
"3918","CHST2","Exc L4-5 RORB IL1RAPL2",-0.184200787369339,3.94019720184429,15.4673168679295,0.000123300343691375,0.00653491821564287,0.00653491821564287,"social_isolation_avg"
"3919","SLC9A9","Exc L4-5 RORB IL1RAPL2",-0.00893901654299247,6.28556883845655,0.044668867294564,0.832874435205759,0.956474321257097,0.956474321257097,"social_isolation_avg"
"3920","C3orf58","Exc L4-5 RORB IL1RAPL2",0.0306581083735648,6.14226253381584,0.949672487869111,0.331226638640428,0.656484932836832,0.656484932836832,"social_isolation_avg"
"3921","AC107021.1","Exc L4-5 RORB IL1RAPL2",-0.0406182418297751,1.69056514487539,0.22707001510078,0.634334228401196,0.865213230650161,0.865213230650161,"social_isolation_avg"
"3922","LNCSRLR","Exc L4-5 RORB IL1RAPL2",0.0341258512397519,2.20883959623433,0.340675421282919,0.560235205676667,0.823317306921027,0.823317306921027,"social_isolation_avg"
"3923","PLOD2","Exc L4-5 RORB IL1RAPL2",0.0520433348968006,5.95812744799478,2.33106224354668,0.12872650585393,0.412936595406047,0.412936595406047,"social_isolation_avg"
"3924","PLSCR4","Exc L4-5 RORB IL1RAPL2",-0.02694479470661,2.53815799283649,0.0357151217824182,0.850336844464057,0.961873912835597,0.961873912835597,"social_isolation_avg"
"3925","PLSCR2","Exc L4-5 RORB IL1RAPL2",0.0921015945420442,2.88319238471726,1.58696727404128,0.209535711805957,0.527740649871704,0.527740649871704,"social_isolation_avg"
"3926","PLSCR1","Exc L4-5 RORB IL1RAPL2",0.0567917999971024,4.13314270829146,2.29028883542433,0.132095360885664,0.418219653799698,0.418219653799698,"social_isolation_avg"
"3927","AC092957.1","Exc L4-5 RORB IL1RAPL2",0.0610584912845659,0.738477199621635,0.141477913899259,0.707298483599779,0.903022578150568,0.903022578150568,"social_isolation_avg"
"3928","LINC02046","Exc L4-5 RORB IL1RAPL2",0.128856167907964,0.0334766770554139,1.26933830203017,0.261523788659501,0.59091134526229,0.59091134526229,"social_isolation_avg"
"3929","GYG1","Exc L4-5 RORB IL1RAPL2",-0.0818241986373504,3.84530467357087,5.70927259185189,0.0180017001098327,0.140226499702818,0.140226499702818,"social_isolation_avg"
"3930","HLTF","Exc L4-5 RORB IL1RAPL2",0.0294980001349685,5.9132515731283,1.66948230081703,0.19813138690855,0.512207128254772,0.512207128254772,"social_isolation_avg"
"3931","HPS3","Exc L4-5 RORB IL1RAPL2",0.0172625547578311,4.069874608531,0.246405444410713,0.620277021233165,0.856911617899585,0.856911617899585,"social_isolation_avg"
"3932","CP","Exc L4-5 RORB IL1RAPL2",0.00735880608671328,0.699179067514494,0.00661813334100575,0.935260510925267,0.986842746331529,0.986842746331529,"social_isolation_avg"
"3933","TM4SF1-AS1","Exc L4-5 RORB IL1RAPL2",0.0523206520989473,0.439958753156693,0.189417828303048,0.663969325792549,0.880856527610023,0.880856527610023,"social_isolation_avg"
"3934","WWTR1","Exc L4-5 RORB IL1RAPL2",0.0245632549178753,3.7079378307251,0.217696086182854,0.641415362289748,0.868485764268235,0.868485764268235,"social_isolation_avg"
"3935","COMMD2","Exc L4-5 RORB IL1RAPL2",-0.0694645312913949,4.669751405159,7.04179464982722,0.00942308615383684,0.0955488816274099,0.0955488816274099,"social_isolation_avg"
"3936","ANKUB1","Exc L4-5 RORB IL1RAPL2",0.0333089161730219,4.25383404137594,0.98455543943716,0.322526998156293,0.649689484947856,0.649689484947856,"social_isolation_avg"
"3937","RNF13","Exc L4-5 RORB IL1RAPL2",0.0165314217852801,6.95384413893831,1.27885953107289,0.259749301346688,0.588941465641783,0.588941465641783,"social_isolation_avg"
"3938","PFN2","Exc L4-5 RORB IL1RAPL2",-0.19389025008792,2.94928126974461,10.2744612567107,0.00161915966218914,0.0326959658146005,0.0326959658146005,"social_isolation_avg"
"3939","AC117395.1","Exc L4-5 RORB IL1RAPL2",-0.019438126014988,0.520029521085474,0.037957849288365,0.845767059120266,0.961597389721097,0.961597389721097,"social_isolation_avg"
"3940","AC117386.2","Exc L4-5 RORB IL1RAPL2",0.110717965509993,2.16853220288298,1.66966562540423,0.198106881376138,0.512207128254772,0.512207128254772,"social_isolation_avg"
"3941","LINC01214","Exc L4-5 RORB IL1RAPL2",0.259076991967641,-1.17749562124201,0.543401515803141,0.462071485398459,0.759587712877867,0.759587712877867,"social_isolation_avg"
"3942","TSC22D2","Exc L4-5 RORB IL1RAPL2",-0.00802689287752183,6.48657114033137,0.210100021717291,0.647291069337463,0.871610821734491,0.871610821734491,"social_isolation_avg"
"3943","SERP1","Exc L4-5 RORB IL1RAPL2",-0.0151437397726324,5.9795584762041,0.449106782200938,0.503694589755705,0.789267522382418,0.789267522382418,"social_isolation_avg"
"3944","EIF2A","Exc L4-5 RORB IL1RAPL2",0.0123105533422109,4.61959539787447,0.164083330264139,0.685948331573322,0.891563117498239,0.891563117498239,"social_isolation_avg"
"3945","SELENOT","Exc L4-5 RORB IL1RAPL2",-0.0355110556484095,5.48319430739306,3.2679744460699,0.0724628371317085,0.308660365008793,0.308660365008793,"social_isolation_avg"
"3946","ERICH6","Exc L4-5 RORB IL1RAPL2",0.172760137282247,1.5693280471054,4.99605809131727,0.0267447367606368,0.175175211948139,0.175175211948139,"social_isolation_avg"
"3947","ERICH6-AS1","Exc L4-5 RORB IL1RAPL2",0.0901905785708635,1.54346688357641,1.46265289705892,0.228235399378123,0.549964494558301,0.549964494558301,"social_isolation_avg"
"3948","SIAH2","Exc L4-5 RORB IL1RAPL2",0.000494740340559914,4.48783245112218,0.000208404040666646,0.988499383606366,0.998787747693845,0.998787747693845,"social_isolation_avg"
"3949","CLRN1-AS1","Exc L4-5 RORB IL1RAPL2",-0.00237641610478838,2.10154601675572,0.00116745309080413,0.97278439844218,0.99572295699374,0.99572295699374,"social_isolation_avg"
"3950","MED12L","Exc L4-5 RORB IL1RAPL2",0.0340008825510562,7.85382995177374,2.16334455931482,0.143237823058445,0.437338788676303,0.437338788676303,"social_isolation_avg"
"3951","GPR171","Exc L4-5 RORB IL1RAPL2",-0.0470696341850957,-0.0643012483473477,0.0347290404511374,0.852393092619846,0.96224464025208,0.96224464025208,"social_isolation_avg"
"3952","P2RY14","Exc L4-5 RORB IL1RAPL2",0.0699000484769746,3.79486495107779,0.921127545704441,0.338580842129347,0.66239600960765,0.66239600960765,"social_isolation_avg"
"3953","P2RY12","Exc L4-5 RORB IL1RAPL2",0.210420309904494,-0.132147301705546,0.739947585386045,0.390923578187918,0.705923365422179,0.705923365422179,"social_isolation_avg"
"3954","IGSF10","Exc L4-5 RORB IL1RAPL2",-0.102750750465713,2.48614976417501,1.45306276528005,0.229759919236237,0.551896335136326,0.551896335136326,"social_isolation_avg"
"3955","AADACL2-AS1","Exc L4-5 RORB IL1RAPL2",-0.30784930607112,1.73001863482312,2.90370561921996,0.0902552377468813,0.347192095320712,0.347192095320712,"social_isolation_avg"
"3956","MBNL1","Exc L4-5 RORB IL1RAPL2",0.0140609520163345,8.05751722426363,1.03786467901542,0.309807373849627,0.639313482452699,0.639313482452699,"social_isolation_avg"
"3957","MBNL1-AS1","Exc L4-5 RORB IL1RAPL2",-0.061995364268283,0.455432665548332,0.342067000230159,0.587438428158082,0.839897939481931,0.839897939481931,"social_isolation_avg"
"3958","AC026347.1","Exc L4-5 RORB IL1RAPL2",0.072171673476464,0.824218447929582,0.589408856350041,0.818858145975839,0.951779344048158,0.951779344048158,"social_isolation_avg"
"3959","RAP2B","Exc L4-5 RORB IL1RAPL2",-0.0194001748364143,3.39029850788742,0.202365461764375,0.653407616464565,0.875141609055428,0.875141609055428,"social_isolation_avg"
"3960","ARHGEF26","Exc L4-5 RORB IL1RAPL2",-0.135635026986645,0.509350286629907,0.260845430627833,0.610221345388624,0.852117185969555,0.852117185969555,"social_isolation_avg"
"3961","DHX36","Exc L4-5 RORB IL1RAPL2",-0.00129766401192784,6.31678435202704,0.00590812969286478,0.938824408201962,0.987766326490576,0.987766326490576,"social_isolation_avg"
"3962","MME","Exc L4-5 RORB IL1RAPL2",-0.0190990887441905,0.913547379740871,0.0324345588250782,0.857297822588777,0.96389332647035,0.96389332647035,"social_isolation_avg"
"3963","PLCH1","Exc L4-5 RORB IL1RAPL2",-0.0523366892794585,6.18984457961321,0.259607642225489,0.611069391739681,0.852117185969555,0.852117185969555,"social_isolation_avg"
"3964","C3orf33","Exc L4-5 RORB IL1RAPL2",0.0255128138645846,2.07639179456638,0.204531221176676,0.651680904291368,0.874004422320455,0.874004422320455,"social_isolation_avg"
"3965","AC104472.3","Exc L4-5 RORB IL1RAPL2",0.0959945161436119,0.875898784143511,1.03243287937594,0.311072873232756,0.640388405444127,0.640388405444127,"social_isolation_avg"
"3966","GMPS","Exc L4-5 RORB IL1RAPL2",-0.00658558660390593,5.66866134524304,0.136785481690743,0.965183504299332,0.993640457161603,0.993640457161603,"social_isolation_avg"
"3967","KCNAB1","Exc L4-5 RORB IL1RAPL2",-0.0272729619823216,7.67060961640208,0.611140244479563,0.435477133440243,0.739912252318861,0.739912252318861,"social_isolation_avg"
"3968","AC084036.1","Exc L4-5 RORB IL1RAPL2",-0.0221174192521597,1.28399618974117,0.0827506823147168,0.773964145461589,0.934046660150484,0.934046660150484,"social_isolation_avg"
"3969","SSR3","Exc L4-5 RORB IL1RAPL2",-0.0526455329696986,4.15470849650199,3.21880773166709,0.274086533057119,0.603653974155948,0.603653974155948,"social_isolation_avg"
"3970","TIPARP","Exc L4-5 RORB IL1RAPL2",-0.060852952904228,1.99981880967877,1.00442750801152,0.317706410139277,0.645647604181802,0.645647604181802,"social_isolation_avg"
"3971","LINC00886","Exc L4-5 RORB IL1RAPL2",-0.0863710477865623,1.67782463022579,1.19738450629167,0.275437036352548,0.605459958964311,0.605459958964311,"social_isolation_avg"
"3972","LEKR1","Exc L4-5 RORB IL1RAPL2",0.0299381164773391,2.50803000902917,0.155006505550773,0.694303538125284,0.896146969833973,0.896146969833973,"social_isolation_avg"
"3973","LINC00881","Exc L4-5 RORB IL1RAPL2",-0.429603760148746,-0.231864638348508,6.70661745807327,0.0104628340454848,0.101573772690928,0.101573772690928,"social_isolation_avg"
"3974","CCNL1","Exc L4-5 RORB IL1RAPL2",0.0738430320847669,5.11672537942134,10.4178050277593,0.00150512506036445,0.0308542483934515,0.0308542483934515,"social_isolation_avg"
"3975","AC104411.1","Exc L4-5 RORB IL1RAPL2",0.216201493589081,0.443387805197468,4.88129512449179,0.0303758256067628,0.189495877449904,0.189495877449904,"social_isolation_avg"
"3976","VEPH1","Exc L4-5 RORB IL1RAPL2",0.008159963963491,1.64636759570141,0.010389358026116,0.918937206229712,0.983105896136627,0.983105896136627,"social_isolation_avg"
"3977","PTX3","Exc L4-5 RORB IL1RAPL2",-0.0822064500747773,0.0720876811950225,0.46988464717347,0.494000453952309,0.782894931671969,0.782894931671969,"social_isolation_avg"
"3978","PQLC2L","Exc L4-5 RORB IL1RAPL2",-0.0507995912671812,2.02005515678192,0.283247886175172,0.59529492645791,0.843523949937101,0.843523949937101,"social_isolation_avg"
"3979","AC079943.2","Exc L4-5 RORB IL1RAPL2",-0.00093441585820883,0.906098589109864,0.000287697055302079,0.986487678043968,0.998306324879388,0.998306324879388,"social_isolation_avg"
"3980","RSRC1","Exc L4-5 RORB IL1RAPL2",0.0538922522491608,6.66430713288467,8.95250579989273,0.0031956276295018,0.0497556011802967,0.0497556011802967,"social_isolation_avg"
"3981","AC106707.1","Exc L4-5 RORB IL1RAPL2",-0.039655156518333,1.28143747615478,0.264111174006347,0.607996010751968,0.85047329157216,0.85047329157216,"social_isolation_avg"
"3982","MLF1","Exc L4-5 RORB IL1RAPL2",0.00887597041991894,4.48636843194374,0.0621993124758742,0.803362652266203,0.945168418444318,0.945168418444318,"social_isolation_avg"
"3983","GFM1","Exc L4-5 RORB IL1RAPL2",-0.0442417630716317,5.12577591647822,2.45495687192888,0.11906676453883,0.397751103785171,0.397751103785171,"social_isolation_avg"
"3984","LXN","Exc L4-5 RORB IL1RAPL2",0.197494123560566,1.69385195162819,4.17403375263046,0.0426359218872843,0.230426874133062,0.230426874133062,"social_isolation_avg"
"3985","AC080013.6","Exc L4-5 RORB IL1RAPL2",0.195412703531518,-0.191034924096356,2.58660215363325,0.109679637705646,0.382863059412556,0.382863059412556,"social_isolation_avg"
"3986","RARRES1","Exc L4-5 RORB IL1RAPL2",-0.0513757811523075,2.93317542618661,0.966418136414578,0.327011819035791,0.653367542552925,0.653367542552925,"social_isolation_avg"
"3987","MFSD1","Exc L4-5 RORB IL1RAPL2",0.0231488586270533,4.84555569422097,0.819467377324762,0.366653491403511,0.684909735496676,0.684909735496676,"social_isolation_avg"
"3988","IQCJ-SCHIP1","Exc L4-5 RORB IL1RAPL2",0.0358559781146346,11.0202554346989,2.79587235707322,0.0963991624052685,0.359544362678905,0.359544362678905,"social_isolation_avg"
"3989","IL12A-AS1","Exc L4-5 RORB IL1RAPL2",0.00424711659348288,5.50858940726152,0.00831571325372463,0.927451611060504,0.98417618971798,0.98417618971798,"social_isolation_avg"
"3990","LINC01100","Exc L4-5 RORB IL1RAPL2",0.140953012441204,-0.212423271491151,0.821069655144346,0.366186552925576,0.684594735127667,0.684594735127667,"social_isolation_avg"
"3991","C3orf80","Exc L4-5 RORB IL1RAPL2",-0.14083296084227,3.96993464166388,11.4823870595414,0.00087840270300039,0.0218113616056042,0.0218113616056042,"social_isolation_avg"
"3992","AC079594.2","Exc L4-5 RORB IL1RAPL2",-0.0846535153535147,-0.462417103290631,0.117401631623568,0.732305213209552,0.914172268378775,0.914172268378775,"social_isolation_avg"
"3993","SMC4","Exc L4-5 RORB IL1RAPL2",-0.0305374207952267,2.32402411814334,0.35335629457183,0.806188290470612,0.946858388826471,0.946858388826471,"social_isolation_avg"
"3994","TRIM59","Exc L4-5 RORB IL1RAPL2",0.00873852720076499,1.01435870371374,0.0070449791635741,0.933210173730224,0.986583286147705,0.986583286147705,"social_isolation_avg"
"3995","KPNA4","Exc L4-5 RORB IL1RAPL2",-0.039243849116011,6.01755587162422,5.90847702457277,0.0161373367954625,0.130032167923573,0.130032167923573,"social_isolation_avg"
"3996","AC069224.1","Exc L4-5 RORB IL1RAPL2",0.0352962277507495,1.22989435582793,0.21049009163464,0.646986231299248,0.87158815655614,0.87158815655614,"social_isolation_avg"
"3997","PPM1L","Exc L4-5 RORB IL1RAPL2",0.0150744145664605,8.60230291454521,0.973662723506004,0.325210556976463,0.652229924187665,0.652229924187665,"social_isolation_avg"
"3998","B3GALNT1","Exc L4-5 RORB IL1RAPL2",-0.0293465729395427,4.75988398524995,1.29344997280585,0.870338297545202,0.967946330914757,0.967946330914757,"social_isolation_avg"
"3999","NMD3","Exc L4-5 RORB IL1RAPL2",0.0606662172522331,6.46466318321395,6.61349831607561,0.011001338117011,0.104130224368167,0.104130224368167,"social_isolation_avg"
"4000","SPTSSB","Exc L4-5 RORB IL1RAPL2",-0.0404201058859715,4.68491066766139,1.01970672725499,0.31406446853087,0.642716683539493,0.642716683539493,"social_isolation_avg"
"4001","LINC02067","Exc L4-5 RORB IL1RAPL2",-0.173789288440648,1.72116291690354,4.62897945372043,0.032888137375514,0.198266113239298,0.198266113239298,"social_isolation_avg"
"4002","OTOL1","Exc L4-5 RORB IL1RAPL2",-0.175768894311466,-0.29452941484842,1.18288142800193,0.278353484286863,0.609292720521951,0.609292720521951,"social_isolation_avg"
"4003","AC128685.1","Exc L4-5 RORB IL1RAPL2",0.0975625518030522,1.53215825229806,1.43753110095165,0.232255251189232,0.55472123299059,0.55472123299059,"social_isolation_avg"
"4004","LINC01192","Exc L4-5 RORB IL1RAPL2",0.0536464202127628,0.481866709177217,0.2692700072593,0.604515904850658,0.848642506631775,0.848642506631775,"social_isolation_avg"
"4005","LINC02023","Exc L4-5 RORB IL1RAPL2",0.0830217142495705,-0.119395352346911,0.254087163264934,0.61488296697201,0.853922797977974,0.853922797977974,"social_isolation_avg"
"4006","SLITRK3","Exc L4-5 RORB IL1RAPL2",-0.015901557521908,4.51036845952625,0.324258353800625,0.8585324097767,0.964243395716678,0.964243395716678,"social_isolation_avg"
"4007","LINC01322","Exc L4-5 RORB IL1RAPL2",0.0821311343743105,8.44299320946082,10.4608633004022,0.00147250264531812,0.0303830125976708,0.0303830125976708,"social_isolation_avg"
"4008","AC069439.2","Exc L4-5 RORB IL1RAPL2",-0.104362305251552,-0.254922539921355,0.347615864302957,0.556270854841532,0.820806429420309,0.820806429420309,"social_isolation_avg"
"4009","ZBBX","Exc L4-5 RORB IL1RAPL2",-0.0879795198978787,5.94041459813569,1.49897519314067,0.22257119501268,0.544051041466452,0.544051041466452,"social_isolation_avg"
"4010","LINC01327","Exc L4-5 RORB IL1RAPL2",-0.11085424913597,-0.629219106506205,0.360361528065514,0.549127643547071,0.816620756664497,0.816620756664497,"social_isolation_avg"
"4011","SERPINI2","Exc L4-5 RORB IL1RAPL2",0.0921319111931646,1.96016928714524,1.39024665729789,0.240057819556853,0.564198669630335,0.564198669630335,"social_isolation_avg"
"4012","WDR49","Exc L4-5 RORB IL1RAPL2",0.230811399016095,2.22736758390044,10.1693557355126,0.00170836837222599,0.0338826393824822,0.0338826393824822,"social_isolation_avg"
"4013","PDCD10","Exc L4-5 RORB IL1RAPL2",0.0264748276685498,5.42634708912393,1.78608454171851,0.183240663008858,0.490193871845191,0.490193871845191,"social_isolation_avg"
"4014","SERPINI1","Exc L4-5 RORB IL1RAPL2",-0.0591897779961727,8.11328817321137,9.67261833197483,0.00220332802852483,0.0397302216126265,0.0397302216126265,"social_isolation_avg"
"4015","GOLIM4","Exc L4-5 RORB IL1RAPL2",-0.0964445891506928,0.560753998192008,0.106747853646124,0.744290814524458,0.920649742703677,0.920649742703677,"social_isolation_avg"
"4016","MECOM","Exc L4-5 RORB IL1RAPL2",-0.0770260856260892,3.41333379327343,1.98026569053638,0.161239980716847,0.463298659854739,0.463298659854739,"social_isolation_avg"
"4017","AC078802.1","Exc L4-5 RORB IL1RAPL2",-0.248575220030582,0.103139159067671,3.51794828672428,0.0624708989596179,0.284069185103324,0.284069185103324,"social_isolation_avg"
"4018","MYNN","Exc L4-5 RORB IL1RAPL2",0.0243232883807732,3.60278675781974,0.660168354519689,0.417669150615512,0.725840888202467,0.725840888202467,"social_isolation_avg"
"4019","AC078795.1","Exc L4-5 RORB IL1RAPL2",-0.0702992296099548,0.476954131408463,0.460580582281845,0.498301816161057,0.785043185976966,0.785043185976966,"social_isolation_avg"
"4020","LRRC34","Exc L4-5 RORB IL1RAPL2",0.0366312976312518,3.5590107081666,0.680849658800152,0.410483505187543,0.721201110898804,0.721201110898804,"social_isolation_avg"
"4021","AC078795.2","Exc L4-5 RORB IL1RAPL2",0.035317363122116,0.890566499743991,0.161044633937682,0.688714873414012,0.893035507118046,0.893035507118046,"social_isolation_avg"
"4022","LRRIQ4","Exc L4-5 RORB IL1RAPL2",0.117870273245052,0.142598088954193,0.887436201141763,0.347547760608225,0.670126483080427,0.670126483080427,"social_isolation_avg"
"4023","AC008040.1","Exc L4-5 RORB IL1RAPL2",0.0507470685352402,0.515432853633511,0.219886748806835,0.639744081579037,0.867340052132199,0.867340052132199,"social_isolation_avg"
"4024","SEC62","Exc L4-5 RORB IL1RAPL2",-0.0506830255669996,6.78146235444355,8.59248141184374,0.00385387941402549,0.0558768217569167,0.0558768217569167,"social_isolation_avg"
"4025","GPR160","Exc L4-5 RORB IL1RAPL2",-0.0148765651491424,0.706346842659133,0.0269181401562429,0.869878459893766,0.967732474374979,0.967732474374979,"social_isolation_avg"
"4026","PHC3","Exc L4-5 RORB IL1RAPL2",0.0373039605444521,6.96779195513422,6.68572432268856,0.0105812329964375,0.102094599452113,0.102094599452113,"social_isolation_avg"
"4027","PRKCI","Exc L4-5 RORB IL1RAPL2",0.022380776844597,6.19197635718779,1.81493090719872,0.179761742588359,0.486451935285231,0.486451935285231,"social_isolation_avg"
"4028","AC073288.1","Exc L4-5 RORB IL1RAPL2",0.121619866096862,-0.510794664496542,0.525775959562095,0.469413399754543,0.764763605143433,0.764763605143433,"social_isolation_avg"
"4029","SKIL","Exc L4-5 RORB IL1RAPL2",0.00136975974497784,5.41305457000703,0.00328528493418308,0.95436158368568,0.989932191279706,0.989932191279706,"social_isolation_avg"
"4030","AC026316.5","Exc L4-5 RORB IL1RAPL2",0.453684383931045,-0.902218205778182,7.39090517095133,0.138222124389565,0.429441841637925,0.429441841637925,"social_isolation_avg"
"4031","SLC7A14","Exc L4-5 RORB IL1RAPL2",-0.0494343696312633,5.77235609653779,5.39339462958857,0.021432371448489,0.154425704560876,0.154425704560876,"social_isolation_avg"
"4032","RPL22L1","Exc L4-5 RORB IL1RAPL2",-0.120775604072802,1.88911473806655,3.50518694329808,0.0629432828676629,0.285120865486964,0.285120865486964,"social_isolation_avg"
"4033","EIF5A2","Exc L4-5 RORB IL1RAPL2",-0.0556119931944811,3.77001887134481,2.51163806412236,0.114919686301898,0.391271862710278,0.391271862710278,"social_isolation_avg"
"4034","TNIK","Exc L4-5 RORB IL1RAPL2",0.0427748582936915,8.32446151030041,6.63258815865445,0.0108886475758707,0.103633853512601,0.103633853512601,"social_isolation_avg"
"4035","PLD1","Exc L4-5 RORB IL1RAPL2",0.123576549000018,5.7370161733016,6.57613674705769,0.0112254025349232,0.105459702762305,0.105459702762305,"social_isolation_avg"
"4036","TMEM212","Exc L4-5 RORB IL1RAPL2",0.0508774501676418,3.63423769936518,0.848246781154423,0.358391001745581,0.678179432346048,0.678179432346048,"social_isolation_avg"
"4037","TMEM212-AS1","Exc L4-5 RORB IL1RAPL2",0.158659524413646,2.38331803261696,5.17992899535526,0.024132859038177,0.165561213147696,0.165561213147696,"social_isolation_avg"
"4038","FNDC3B","Exc L4-5 RORB IL1RAPL2",-0.00197601238389292,6.18650818537223,0.00429831338560674,0.94780614769812,0.988740948001749,0.988740948001749,"social_isolation_avg"
"4039","LINC02068","Exc L4-5 RORB IL1RAPL2",0.0227632621094341,0.127175386683521,0.0200848581867314,0.88747292052891,0.974102504307964,0.974102504307964,"social_isolation_avg"
"4040","NCEH1","Exc L4-5 RORB IL1RAPL2",0.0336913495892236,7.0003872427997,4.60148566029406,0.0334045148987274,0.199853985954975,0.199853985954975,"social_isolation_avg"
"4041","ECT2","Exc L4-5 RORB IL1RAPL2",-0.0256298005804373,3.15428542111118,0.442545407489787,0.585714748756131,0.839233040842801,0.839233040842801,"social_isolation_avg"
"4042","SPATA16","Exc L4-5 RORB IL1RAPL2",0.114204545149037,0.350971615899095,1.3081575338583,0.25438216880067,0.582496068725338,0.582496068725338,"social_isolation_avg"
"4043","AC068759.1","Exc L4-5 RORB IL1RAPL2",-0.0522871425825655,0.0859520182449842,0.192838284738336,0.661138258847535,0.87945704412642,0.87945704412642,"social_isolation_avg"
"4044","NLGN1","Exc L4-5 RORB IL1RAPL2",0.0320685343371695,10.6415481123753,4.03415216753659,0.0462161878183549,0.241320908504778,0.241320908504778,"social_isolation_avg"
"4045","NLGN1-AS1","Exc L4-5 RORB IL1RAPL2",0.105129172473751,0.199831921126893,0.766983040408078,0.382422848761606,0.700260375848805,0.700260375848805,"social_isolation_avg"
"4046","NAALADL2","Exc L4-5 RORB IL1RAPL2",0.0147159518857742,6.36186042973566,0.238931164036928,0.625627056555057,0.860470272376116,0.860470272376116,"social_isolation_avg"
"4047","LINC01208","Exc L4-5 RORB IL1RAPL2",-0.0920852789494365,0.219667596813113,0.520512768419157,0.471642283673093,0.766069503766726,0.766069503766726,"social_isolation_avg"
"4048","AC092920.1","Exc L4-5 RORB IL1RAPL2",-0.0621131259672891,2.04038512940884,0.568924866852767,0.451759648416364,0.752180227894597,0.752180227894597,"social_isolation_avg"
"4049","TBL1XR1","Exc L4-5 RORB IL1RAPL2",-0.0494133345468482,7.76244447815394,9.05576968962779,0.00302902165604128,0.0481614443310564,0.0481614443310564,"social_isolation_avg"
"4050","LINC00501","Exc L4-5 RORB IL1RAPL2",0.0154146561477461,1.18427279505755,0.0386398759614331,0.9529831606249,0.989452900160271,0.989452900160271,"social_isolation_avg"
"4051","AC117465.1","Exc L4-5 RORB IL1RAPL2",-0.00715150484728833,0.327386602998722,0.00516703247967105,0.952759794691383,0.989452900160271,0.989452900160271,"social_isolation_avg"
"4052","LINC00578","Exc L4-5 RORB IL1RAPL2",-0.0262429210464161,2.84271652493086,0.21187921496039,0.645903408506655,0.870575466046048,0.870575466046048,"social_isolation_avg"
"4053","LINC02015","Exc L4-5 RORB IL1RAPL2",-0.0426256293045799,0.472516579029111,0.136747479289187,0.712009452571589,0.905432546011629,0.905432546011629,"social_isolation_avg"
"4054","AC007953.2","Exc L4-5 RORB IL1RAPL2",-0.168725756745716,0.799271094657826,2.16332157396046,0.143239934625604,0.437338788676303,0.437338788676303,"social_isolation_avg"
"4055","AC109779.1","Exc L4-5 RORB IL1RAPL2",-0.406966441201056,3.45613002793385,19.1407755694993,2.14376668617592e-05,0.00226604522173936,0.00226604522173936,"social_isolation_avg"
"4056","KCNMB2","Exc L4-5 RORB IL1RAPL2",-0.171877492907663,0.58515347329915,2.63667682800976,0.106327215549104,0.377027219903409,0.377027219903409,"social_isolation_avg"
"4057","KCNMB2-AS1","Exc L4-5 RORB IL1RAPL2",-0.145585611600416,3.52433276235686,2.80265070965278,0.0959997264582153,0.358761766603968,0.358761766603968,"social_isolation_avg"
"4058","ZMAT3","Exc L4-5 RORB IL1RAPL2",-0.0900388449970664,6.4191326302918,17.720416251078,4.19066639493212e-05,0.00331764011960296,0.00331764011960296,"social_isolation_avg"
"4059","AC076966.1","Exc L4-5 RORB IL1RAPL2",0.125438387742741,1.18989185343277,2.49315227323425,0.116254245911121,0.39363754239161,0.39363754239161,"social_isolation_avg"
"4060","PIK3CA","Exc L4-5 RORB IL1RAPL2",0.00309898989043761,7.34722497073056,0.0309257656678287,0.860621359282229,0.964619228845686,0.964619228845686,"social_isolation_avg"
"4061","KCNMB3","Exc L4-5 RORB IL1RAPL2",0.0839833453048689,3.8710763425435,3.87378204902532,0.0507185030091784,0.253941464788744,0.253941464788744,"social_isolation_avg"
"4062","ZNF639","Exc L4-5 RORB IL1RAPL2",0.0236750085582698,3.86125861693145,0.562922585430054,0.479909432229112,0.772731373262449,0.772731373262449,"social_isolation_avg"
"4063","MFN1","Exc L4-5 RORB IL1RAPL2",-0.0125286960400124,6.10384846286642,0.301226082631319,0.583855382857299,0.838364400018437,0.838364400018437,"social_isolation_avg"
"4064","GNB4","Exc L4-5 RORB IL1RAPL2",-0.0300854146162638,4.25767167410916,0.541258251091225,0.462954389706923,0.760180509211551,0.760180509211551,"social_isolation_avg"
"4065","AC007620.2","Exc L4-5 RORB IL1RAPL2",-0.0138188451831148,0.346622780766597,0.0180040140241873,0.959075751164271,0.991692161835554,0.991692161835554,"social_isolation_avg"
"4066","AC007620.3","Exc L4-5 RORB IL1RAPL2",0.0423820189097678,-0.0895781186531295,0.121990617836212,0.727329995099036,0.912176201540818,0.912176201540818,"social_isolation_avg"
"4067","ACTL6A","Exc L4-5 RORB IL1RAPL2",-0.0646459509794459,1.65961793268733,0.881269854255586,0.349559491136341,0.671156931009499,0.671156931009499,"social_isolation_avg"
"4068","MRPL47","Exc L4-5 RORB IL1RAPL2",-0.104159756460737,3.17756464292693,8.0810377087808,0.0050373474097237,0.0656868713572586,0.0656868713572586,"social_isolation_avg"
"4069","NDUFB5","Exc L4-5 RORB IL1RAPL2",-0.0201027817447968,5.0402459997166,0.731046818137409,0.393781645868106,0.708919364554751,0.708919364554751,"social_isolation_avg"
"4070","USP13","Exc L4-5 RORB IL1RAPL2",0.00316935398135222,5.21494186750874,0.0192453048636492,0.95030333962209,0.989254483329091,0.989254483329091,"social_isolation_avg"
"4071","PEX5L","Exc L4-5 RORB IL1RAPL2",0.0290674468048731,9.64810266306746,1.69913191467758,0.194214137097117,0.50639225182985,0.50639225182985,"social_isolation_avg"
"4072","PEX5L-AS1","Exc L4-5 RORB IL1RAPL2",-0.184143766279363,-0.124489472334419,1.44181593851109,0.231563571152257,0.553838241659949,0.553838241659949,"social_isolation_avg"
"4073","PEX5L-AS2","Exc L4-5 RORB IL1RAPL2",-0.18221393791906,0.678922006757378,2.8749157924439,0.0918524197207985,0.35070940104301,0.35070940104301,"social_isolation_avg"
"4074","AC125618.1","Exc L4-5 RORB IL1RAPL2",-0.00141336385198631,0.501504562129028,0.000224773226153873,0.988056292812263,0.998787747693845,0.998787747693845,"social_isolation_avg"
"4075","TTC14","Exc L4-5 RORB IL1RAPL2",0.0326536513761245,7.2184630158304,2.62522063207446,0.107084057850969,0.378570726919087,0.378570726919087,"social_isolation_avg"
"4076","CCDC39","Exc L4-5 RORB IL1RAPL2",0.126212655935654,1.52401899112601,2.29400684484117,0.131784090404165,0.417669476471894,0.417669476471894,"social_isolation_avg"
"4077","CCDC39-1","Exc L4-5 RORB IL1RAPL2",0.210859956572155,-0.0287526430229278,2.33287847410921,0.128578704484782,0.412779089260741,0.412779089260741,"social_isolation_avg"
"4078","FXR1","Exc L4-5 RORB IL1RAPL2",-0.0526061495188847,6.64712394993955,10.6840752707595,0.00131462545569187,0.0282018460851994,0.0282018460851994,"social_isolation_avg"
"4079","DNAJC19","Exc L4-5 RORB IL1RAPL2",-0.0658842587038632,4.20138598091747,6.10797086616189,0.0144709179190788,0.121744881256954,0.121744881256954,"social_isolation_avg"
"4080","AC125613.1","Exc L4-5 RORB IL1RAPL2",0.000167524924244024,0.205727732335128,4.20830057800024e-06,0.998365683010648,0.999716603438089,0.999716603438089,"social_isolation_avg"
"4081","AC069431.1","Exc L4-5 RORB IL1RAPL2",-0.138956751041925,-0.0374834178674789,1.06466425928983,0.303661119432424,0.63471702430237,0.63471702430237,"social_isolation_avg"
"4082","ATP11B","Exc L4-5 RORB IL1RAPL2",0.013291262814445,6.40922754932139,0.485802534860965,0.486784773838727,0.777910025827919,0.777910025827919,"social_isolation_avg"
"4083","DCUN1D1","Exc L4-5 RORB IL1RAPL2",-0.0107545489940172,5.8040348428824,0.386013555829339,0.535258183025551,0.809820892453738,0.809820892453738,"social_isolation_avg"
"4084","MCCC1","Exc L4-5 RORB IL1RAPL2",0.038990959652683,6.50574040376045,7.30277611400994,0.00760353730957669,0.0843791961492672,0.0843791961492672,"social_isolation_avg"
"4085","LAMP3","Exc L4-5 RORB IL1RAPL2",0.0863695579349193,0.792836562318894,0.735537248164305,0.39233599919181,0.70730011445891,0.70730011445891,"social_isolation_avg"
"4086","MCF2L2","Exc L4-5 RORB IL1RAPL2",0.0463824692085941,7.98057723631682,8.85950082722712,0.00335373575440449,0.0512983299992622,0.0512983299992622,"social_isolation_avg"
"4087","B3GNT5","Exc L4-5 RORB IL1RAPL2",-0.0309833222054325,1.72059775111546,0.16999566152456,0.680649888202204,0.88830021621423,0.88830021621423,"social_isolation_avg"
"4088","KLHL24","Exc L4-5 RORB IL1RAPL2",0.010269362926636,7.17063240762542,0.484079135428724,0.48755747135467,0.778684469950343,0.778684469950343,"social_isolation_avg"
"4089","YEATS2","Exc L4-5 RORB IL1RAPL2",0.0405588875579932,6.99085072645272,7.31856439939921,0.00753988340525435,0.0841664506848481,0.0841664506848481,"social_isolation_avg"
"4090","ABCC5","Exc L4-5 RORB IL1RAPL2",-0.0287959126507044,7.08905757852228,3.25120495952318,0.0731923468422888,0.309904434307757,0.309904434307757,"social_isolation_avg"
"4091","HTR3E-AS1","Exc L4-5 RORB IL1RAPL2",-0.092008543159984,0.150594080295955,0.574357867809327,0.449611485781448,0.750380841572934,0.750380841572934,"social_isolation_avg"
"4092","HTR3E","Exc L4-5 RORB IL1RAPL2",-0.125656667539887,0.298118817082681,1.43379293997121,0.232860736352469,0.555746467271074,0.555746467271074,"social_isolation_avg"
"4093","EIF2B5","Exc L4-5 RORB IL1RAPL2",-0.0246494931217866,4.12592768958102,0.572046672660859,0.450523350783962,0.751478505466409,0.751478505466409,"social_isolation_avg"
"4094","DVL3","Exc L4-5 RORB IL1RAPL2",-0.0414466690034038,4.52076207006938,3.10588594865282,0.109823729900583,0.383036828285517,0.383036828285517,"social_isolation_avg"
"4095","AP2M1","Exc L4-5 RORB IL1RAPL2",-0.134539106220247,6.88886725197246,24.6772702439669,1.67873230887602e-06,0.00042839113445171,0.00042839113445171,"social_isolation_avg"
"4096","ABCF3","Exc L4-5 RORB IL1RAPL2",-0.0506582284715709,3.12535092332929,1.53983416274942,0.216400743395025,0.536142263425072,0.536142263425072,"social_isolation_avg"
"4097","VWA5B2","Exc L4-5 RORB IL1RAPL2",0.0541632862482887,4.84111626861868,2.17543724817396,0.142131798506144,0.435792659420106,0.435792659420106,"social_isolation_avg"
"4098","ALG3","Exc L4-5 RORB IL1RAPL2",0.00938041144486983,2.88181879838305,0.040499565112255,0.851011632778039,0.961873912835597,0.961873912835597,"social_isolation_avg"
"4099","EEF1AKMT4-ECE2","Exc L4-5 RORB IL1RAPL2",0.166264036216584,0.16846537747087,2.00232407996353,0.15893936209857,0.459760230892377,0.459760230892377,"social_isolation_avg"
"4100","CAMK2N2","Exc L4-5 RORB IL1RAPL2",0.0402780859992242,3.97926479269242,0.368684094610374,0.544555593658281,0.814378094012415,0.814378094012415,"social_isolation_avg"
"4101","PSMD2","Exc L4-5 RORB IL1RAPL2",-0.0895861826252519,5.01677453574551,12.4949458733259,0.000529425087888901,0.0156031963986696,0.0156031963986696,"social_isolation_avg"
"4102","EIF4G1","Exc L4-5 RORB IL1RAPL2",-0.0949609536101323,4.63472006330939,14.7706407401461,0.000172871463005286,0.00794280043113889,0.00794280043113889,"social_isolation_avg"
"4103","FAM131A","Exc L4-5 RORB IL1RAPL2",-0.0576408320228989,5.36245586504069,3.93729959858653,0.0488817426756996,0.248445086654748,0.248445086654748,"social_isolation_avg"
"4104","CLCN2","Exc L4-5 RORB IL1RAPL2",0.0343428862297487,2.67494837456583,0.407913405589655,0.523914435587185,0.803972833393766,0.803972833393766,"social_isolation_avg"
"4105","POLR2H","Exc L4-5 RORB IL1RAPL2",0.00637033920288591,4.35164146074892,0.0558511721201735,0.81347034453179,0.950690079610007,0.950690079610007,"social_isolation_avg"
"4106","THPO","Exc L4-5 RORB IL1RAPL2",-0.0855292680150274,1.31647278534828,1.27523063996791,0.389673864149944,0.704608102406449,0.704608102406449,"social_isolation_avg"
"4107","CHRD","Exc L4-5 RORB IL1RAPL2",-0.0370806427040857,5.07868232659879,1.25706808739945,0.263832982555711,0.594071624769321,0.594071624769321,"social_isolation_avg"
"4108","LINC02054","Exc L4-5 RORB IL1RAPL2",0.00647816358335354,3.17881923591625,0.0136072460362466,0.907278939724275,0.979320338732308,0.979320338732308,"social_isolation_avg"
"4109","LINC01840","Exc L4-5 RORB IL1RAPL2",0.0882977259458706,0.448053625144468,0.629097293746348,0.428823634228891,0.734543905779906,0.734543905779906,"social_isolation_avg"
"4110","EPHB3","Exc L4-5 RORB IL1RAPL2",-0.119083895487243,1.85057297817484,3.13285505207084,0.0785728363702143,0.322000571141612,0.322000571141612,"social_isolation_avg"
"4111","MAGEF1","Exc L4-5 RORB IL1RAPL2",-0.088033571392235,4.22090061285161,6.77709235120704,0.0100734855645147,0.0988591391940777,0.0988591391940777,"social_isolation_avg"
"4112","VPS8","Exc L4-5 RORB IL1RAPL2",-0.00200606742702979,7.18397981737333,0.0131738600655379,0.908760836570585,0.979789912738947,0.979789912738947,"social_isolation_avg"
"4113","C3orf70","Exc L4-5 RORB IL1RAPL2",0.0176034734798075,4.52907673347865,0.211109978193498,0.646502495736963,0.871261121863258,0.871261121863258,"social_isolation_avg"
"4114","EHHADH","Exc L4-5 RORB IL1RAPL2",-0.019995974926736,2.36452190827127,0.112487862340602,0.744929592850136,0.920785167671651,0.920785167671651,"social_isolation_avg"
"4115","MAP3K13","Exc L4-5 RORB IL1RAPL2",0.0173443855145739,7.61321995883,0.964969329499499,0.327373638239621,0.653716011884031,0.653716011884031,"social_isolation_avg"
"4116","TMEM41A","Exc L4-5 RORB IL1RAPL2",-0.0649888110112086,3.78391863494484,3.67623950817595,0.056917772724659,0.271064983066517,0.271064983066517,"social_isolation_avg"
"4117","LIPH","Exc L4-5 RORB IL1RAPL2",-0.107262128031945,1.49713221179972,1.78118223673654,0.183839673151938,0.491095645306766,0.491095645306766,"social_isolation_avg"
"4118","SENP2","Exc L4-5 RORB IL1RAPL2",0.0336963538133964,6.06967437332201,3.84046672002069,0.0517112165251779,0.256940107109478,0.256940107109478,"social_isolation_avg"
"4119","IGF2BP2","Exc L4-5 RORB IL1RAPL2",0.0806108453216037,0.0442905523054038,0.310031575726265,0.578413898606435,0.834922900177934,0.834922900177934,"social_isolation_avg"
"4120","TRA2B","Exc L4-5 RORB IL1RAPL2",-0.0293730788226237,5.95108254202585,1.96101940725043,0.163278610955103,0.466112643011692,0.466112643011692,"social_isolation_avg"
"4121","ETV5","Exc L4-5 RORB IL1RAPL2",-0.0683111707732125,4.92519031316989,0.665299932871396,0.415868855212168,0.724904042569463,0.724904042569463,"social_isolation_avg"
"4122","DGKG","Exc L4-5 RORB IL1RAPL2",0.131667748516339,5.73244172288731,4.66956315410768,0.0321412392426918,0.196209475067776,0.196209475067776,"social_isolation_avg"
"4123","CRYGS","Exc L4-5 RORB IL1RAPL2",0.0229168995306066,2.84434773495855,0.255324754256027,0.628699094780717,0.862159795673411,0.862159795673411,"social_isolation_avg"
"4124","TBCCD1","Exc L4-5 RORB IL1RAPL2",-0.0212165091600969,3.09550633691523,0.195397873083246,0.659039267125755,0.878351304194848,0.878351304194848,"social_isolation_avg"
"4125","DNAJB11","Exc L4-5 RORB IL1RAPL2",0.0248518292309572,1.82215419334317,0.126356344101428,0.722693426416693,0.909785916249518,0.909785916249518,"social_isolation_avg"
"4126","AC068631.1","Exc L4-5 RORB IL1RAPL2",0.0266236926209022,1.6219473382823,0.207004606543365,0.649722356570787,0.872862589369203,0.872862589369203,"social_isolation_avg"
"4127","AC068631.2","Exc L4-5 RORB IL1RAPL2",-0.196279495203902,1.65185326196075,5.52491412303988,0.0199276699978234,0.147992101780499,0.147992101780499,"social_isolation_avg"
"4128","AHSG","Exc L4-5 RORB IL1RAPL2",-0.0207527626460342,0.496700689443568,0.0376983978907573,0.846288421246174,0.961597389721097,0.961597389721097,"social_isolation_avg"
"4129","KNG1","Exc L4-5 RORB IL1RAPL2",0.0944501639491243,1.2083508208421,0.659487870006678,0.41790875588884,0.725848828988622,0.725848828988622,"social_isolation_avg"
"4130","AC112907.3","Exc L4-5 RORB IL1RAPL2",-0.0398237531948032,0.35273383758197,0.103083811683293,0.748565441239663,0.922289946844804,0.922289946844804,"social_isolation_avg"
"4131","EIF4A2","Exc L4-5 RORB IL1RAPL2",-0.104029119470051,8.09496627797552,13.085275015865,0.000395071524605181,0.0131373432637164,0.0131373432637164,"social_isolation_avg"
"4132","RFC4","Exc L4-5 RORB IL1RAPL2",0.0140671135546837,2.60598073909801,0.0719290201159111,0.788882959248481,0.94012023782862,0.94012023782862,"social_isolation_avg"
"4133","AC112907.1","Exc L4-5 RORB IL1RAPL2",0.040348031978001,1.8206562770422,0.235427939234493,0.628170422068587,0.86187381414536,0.86187381414536,"social_isolation_avg"
"4134","LINC02043","Exc L4-5 RORB IL1RAPL2",0.0305372916833642,3.65891729826261,0.540510245642595,0.463263160843229,0.760333138878325,0.760333138878325,"social_isolation_avg"
"4135","ST6GAL1","Exc L4-5 RORB IL1RAPL2",0.0180625523209121,6.51406916351546,0.269193135347253,0.604567450165057,0.848642506631775,0.848642506631775,"social_isolation_avg"
"4136","RPL39L","Exc L4-5 RORB IL1RAPL2",-0.13884633334472,1.71652857791714,4.61683055904247,0.0331152670888719,0.198811335255336,0.198811335255336,"social_isolation_avg"
"4137","RTP1","Exc L4-5 RORB IL1RAPL2",-0.111250390642656,0.093964856640408,0.563477309171755,0.453929800344896,0.753061012456471,0.753061012456471,"social_isolation_avg"
"4138","BCL6","Exc L4-5 RORB IL1RAPL2",-0.415992705345649,2.28852571068456,13.9043566325576,0.0002639432475371,0.0102645160535249,0.0102645160535249,"social_isolation_avg"
"4139","LPP","Exc L4-5 RORB IL1RAPL2",-0.00822497867461924,6.22591027306808,0.0446080317188452,0.832986586912671,0.956474321257097,0.956474321257097,"social_isolation_avg"
"4140","TPRG1","Exc L4-5 RORB IL1RAPL2",-0.0947465343552385,2.08909967774004,1.62051384559607,0.204807621699681,0.521767202124635,0.521767202124635,"social_isolation_avg"
"4141","TP63","Exc L4-5 RORB IL1RAPL2",0.051886306480551,0.539359359523055,0.246023553510457,0.620547907844861,0.857099805473778,0.857099805473778,"social_isolation_avg"
"4142","P3H2","Exc L4-5 RORB IL1RAPL2",0.0182241085638748,6.16255695924782,0.716549305092755,0.398501957424018,0.712401316744127,0.712401316744127,"social_isolation_avg"
"4143","P3H2-AS1","Exc L4-5 RORB IL1RAPL2",0.0818306780314833,4.33592456723139,5.57287800421224,0.0194067579769302,0.14617646006429,0.14617646006429,"social_isolation_avg"
"4144","CLDN1","Exc L4-5 RORB IL1RAPL2",0.0684987065067089,-0.475846526543232,0.13746568888163,0.711288285863219,0.904975073051627,0.904975073051627,"social_isolation_avg"
"4145","CLDN16","Exc L4-5 RORB IL1RAPL2",0.0802411980036102,3.97355454406101,1.68602555812865,0.195934346260135,0.508977638650653,0.508977638650653,"social_isolation_avg"
"4146","IL1RAP","Exc L4-5 RORB IL1RAPL2",0.0290747533818926,6.0254626547471,0.99520901046405,0.319930702444036,0.647146549170793,0.647146549170793,"social_isolation_avg"
"4147","OSTN","Exc L4-5 RORB IL1RAPL2",0.097433549927492,1.53394471610048,0.467048895763469,0.495304778743108,0.783977055261698,0.783977055261698,"social_isolation_avg"
"4148","CCDC50","Exc L4-5 RORB IL1RAPL2",0.016485471466098,4.54227401871598,0.416768947946835,0.519448832432083,0.800250011434867,0.800250011434867,"social_isolation_avg"
"4149","AC073365.1","Exc L4-5 RORB IL1RAPL2",0.0714313960323882,7.68590719286523,2.77807779935187,0.0974564848489515,0.361138689742854,0.361138689742854,"social_isolation_avg"
"4150","FGF12","Exc L4-5 RORB IL1RAPL2",0.0615309659267681,10.6719340572814,18.3245310368198,3.14828778542509e-05,0.00285017957837455,0.00285017957837455,"social_isolation_avg"
"4151","FGF12-AS1","Exc L4-5 RORB IL1RAPL2",0.048664105394721,2.72219015190613,0.712231812169626,0.427283080503584,0.733631866262098,0.733631866262098,"social_isolation_avg"
"4152","MB21D2","Exc L4-5 RORB IL1RAPL2",0.0235652132339115,6.01002225015717,0.688208780324593,0.407970741468155,0.718868914073287,0.718868914073287,"social_isolation_avg"
"4153","AC092966.1","Exc L4-5 RORB IL1RAPL2",0.101692778063354,-0.285047534545304,0.325064073319227,0.569354226255466,0.82922828657986,0.82922828657986,"social_isolation_avg"
"4154","HRASLS","Exc L4-5 RORB IL1RAPL2",0.0399339723279525,4.00034627731623,1.07805004786681,0.300650609530393,0.631576571880156,0.631576571880156,"social_isolation_avg"
"4155","ATP13A5","Exc L4-5 RORB IL1RAPL2",0.162533618185972,0.661601110922995,2.15022676885335,0.144448662285324,0.439124861680689,0.439124861680689,"social_isolation_avg"
"4156","ATP13A5-AS1","Exc L4-5 RORB IL1RAPL2",-0.212863874741282,0.232381039745954,3.23020980966713,0.0741169145482668,0.311983568446664,0.311983568446664,"social_isolation_avg"
"4157","ATP13A4","Exc L4-5 RORB IL1RAPL2",-0.0315916088972336,2.38250443767581,0.133909846440957,0.714880029267776,0.906749642740932,0.906749642740932,"social_isolation_avg"
"4158","OPA1","Exc L4-5 RORB IL1RAPL2",0.0154549519600716,6.87085641795674,1.15625722913231,0.283810146023687,0.614905733758637,0.614905733758637,"social_isolation_avg"
"4159","OPA1-AS1","Exc L4-5 RORB IL1RAPL2",0.184691184937499,0.97715722676319,1.91740628295045,0.168009094336827,0.471716882912466,0.471716882912466,"social_isolation_avg"
"4160","LINC00887","Exc L4-5 RORB IL1RAPL2",-0.0946880970349884,0.461221973487918,0.900631395734754,0.343997890834253,0.666685959023294,0.666685959023294,"social_isolation_avg"
"4161","ATP13A3","Exc L4-5 RORB IL1RAPL2",0.0199432542343994,5.69813471837895,1.14821074812805,0.285486036050489,0.616677587212976,0.616677587212976,"social_isolation_avg"
"4162","LINC00884","Exc L4-5 RORB IL1RAPL2",0.0539927575161504,4.52112035533826,2.39243185162272,0.123836244438174,0.405386591214936,0.405386591214936,"social_isolation_avg"
"4163","TMEM44-AS1","Exc L4-5 RORB IL1RAPL2",-0.0327333196311774,2.90924060996294,0.362529416829756,0.547929816948345,0.815910290096978,0.815910290096978,"social_isolation_avg"
"4164","TMEM44","Exc L4-5 RORB IL1RAPL2",0.106272436168291,3.7823463688158,5.00562361839499,0.0266017970511819,0.174768264585213,0.174768264585213,"social_isolation_avg"
"4165","AC046143.1","Exc L4-5 RORB IL1RAPL2",-0.0818811069531815,0.677940848385874,0.743231303610866,0.451761329200053,0.752180227894597,0.752180227894597,"social_isolation_avg"
"4166","LSG1","Exc L4-5 RORB IL1RAPL2",-0.070663788267911,3.85502358603385,2.65604651324137,0.105061001027275,0.374997019512745,0.374997019512745,"social_isolation_avg"
"4167","FAM43A","Exc L4-5 RORB IL1RAPL2",-0.00537933624785147,1.95339460840042,0.00522726761480146,0.942450695535176,0.987984052456339,0.987984052456339,"social_isolation_avg"
"4168","LINC01968","Exc L4-5 RORB IL1RAPL2",0.120518082579818,0.157463510659369,0.956692296719677,0.329450990435627,0.654990247980718,0.654990247980718,"social_isolation_avg"
"4169","XXYLT1","Exc L4-5 RORB IL1RAPL2",0.0182510014660436,5.39088649954206,0.567371809918756,0.452376675883504,0.752555692283367,0.752555692283367,"social_isolation_avg"
"4170","ACAP2","Exc L4-5 RORB IL1RAPL2",0.00431035570952706,7.13681335178779,0.064740065788012,0.799471374193371,0.943679273615414,0.943679273615414,"social_isolation_avg"
"4171","PPP1R2","Exc L4-5 RORB IL1RAPL2",0.0236683853527808,5.38245770746542,1.19289929055104,0.276334826479725,0.606698915273018,0.606698915273018,"social_isolation_avg"
"4172","AC069213.1","Exc L4-5 RORB IL1RAPL2",0.113760020736008,-0.514586190342841,0.443842194762429,0.506202523676697,0.791266266908567,0.791266266908567,"social_isolation_avg"
"4173","APOD","Exc L4-5 RORB IL1RAPL2",-0.00527590263085149,4.28315934797188,0.00576956338307636,0.939544651934585,0.987767273530547,0.987767273530547,"social_isolation_avg"
"4174","AC233280.1","Exc L4-5 RORB IL1RAPL2",-0.18381622024567,2.17432098406205,3.84168288364433,0.0516746153335949,0.256940107109478,0.256940107109478,"social_isolation_avg"
"4175","MUC20-OT1","Exc L4-5 RORB IL1RAPL2",-0.0818228436502477,7.62321756197991,1.73782082759949,0.189238970438991,0.499733504490741,0.499733504490741,"social_isolation_avg"
"4176","MUC20","Exc L4-5 RORB IL1RAPL2",0.0117232002397188,1.06275767966209,0.0106342280746236,0.917990834909044,0.9830198062462,0.9830198062462,"social_isolation_avg"
"4177","MUC4","Exc L4-5 RORB IL1RAPL2",0.339131137152505,-0.00942848862216727,5.96274132990924,0.0156651725879484,0.127374615615201,0.127374615615201,"social_isolation_avg"
"4178","LINC01983","Exc L4-5 RORB IL1RAPL2",-0.0521170602285206,-0.243404156567518,0.112864566221632,0.737332198867292,0.916520989938666,0.916520989938666,"social_isolation_avg"
"4179","TNK2","Exc L4-5 RORB IL1RAPL2",-0.00751977357051582,6.23154474421765,0.117627724420274,0.732057567556114,0.914172268378775,0.914172268378775,"social_isolation_avg"
"4180","TFRC","Exc L4-5 RORB IL1RAPL2",0.0436324236092016,4.58948123210578,2.17390624437575,0.1422712906834,0.435867080799971,0.435867080799971,"social_isolation_avg"
"4181","ZDHHC19","Exc L4-5 RORB IL1RAPL2",0.171310260592869,0.6307473908636,3.22860483804819,0.0741881117792267,0.31200561524222,0.31200561524222,"social_isolation_avg"
"4182","SLC51A","Exc L4-5 RORB IL1RAPL2",0.190685012630897,1.47930692830415,7.06119474212454,0.01005766832809,0.0988064083259562,0.0988064083259562,"social_isolation_avg"
"4183","PCYT1A","Exc L4-5 RORB IL1RAPL2",0.0442867367807854,4.73173716801954,2.383322148717,0.124548812862385,0.406378356297496,0.406378356297496,"social_isolation_avg"
"4184","AC069257.3","Exc L4-5 RORB IL1RAPL2",0.00624950503101744,1.06107054582523,0.0061358576059612,0.937658932313618,0.987666016718029,0.987666016718029,"social_isolation_avg"
"4185","TM4SF19-AS1","Exc L4-5 RORB IL1RAPL2",0.160015562342171,0.215765501249156,1.97686751345659,0.161597789508465,0.463904077573913,0.463904077573913,"social_isolation_avg"
"4186","UBXN7","Exc L4-5 RORB IL1RAPL2",-0.00540702865191121,5.71003844299664,0.0867427191126722,0.768729236007679,0.931404335648312,0.931404335648312,"social_isolation_avg"
"4187","RNF168","Exc L4-5 RORB IL1RAPL2",0.0339493408837099,5.62186676671478,2.86115697082267,0.09262663825787,0.352550999727295,0.352550999727295,"social_isolation_avg"
"4188","SMCO1","Exc L4-5 RORB IL1RAPL2",-0.104250844131362,0.132964952239829,0.962642681251442,0.327955804218892,0.653764769231232,0.653764769231232,"social_isolation_avg"
"4189","WDR53","Exc L4-5 RORB IL1RAPL2",-0.0103226619536367,2.93247417560368,0.0578639800509873,0.810202510061121,0.949108093231757,0.949108093231757,"social_isolation_avg"
"4190","FBXO45","Exc L4-5 RORB IL1RAPL2",-0.0841803618953561,4.44158687203326,8.33242817521186,0.00441490745270888,0.060752337391058,0.060752337391058,"social_isolation_avg"
"4191","PIGX","Exc L4-5 RORB IL1RAPL2",-0.0334691587967012,5.05255003552459,1.67018714877303,0.198037187414683,0.512103542855436,0.512103542855436,"social_isolation_avg"
"4192","CEP19","Exc L4-5 RORB IL1RAPL2",-0.00237519609789808,3.7266564256129,0.00411032510845174,0.948958658229304,0.988853552742656,0.988853552742656,"social_isolation_avg"
"4193","PAK2","Exc L4-5 RORB IL1RAPL2",-0.0103818832282532,5.7662234613562,0.310854789591907,0.915337005441572,0.982042612874122,0.982042612874122,"social_isolation_avg"
"4194","SENP5","Exc L4-5 RORB IL1RAPL2",0.0491636359540442,6.65931583626902,6.95899828150574,0.00913633324245243,0.093746508286574,0.093746508286574,"social_isolation_avg"
"4195","NCBP2","Exc L4-5 RORB IL1RAPL2",-0.0554562957481176,3.91756385958483,3.13711074763071,0.0783720895439033,0.321875039344518,0.321875039344518,"social_isolation_avg"
"4196","NCBP2-AS2","Exc L4-5 RORB IL1RAPL2",-0.206739821516509,3.38682114806642,19.9227204052888,1.48683795445906e-05,0.00179187649275923,0.00179187649275923,"social_isolation_avg"
"4197","PIGZ","Exc L4-5 RORB IL1RAPL2",-0.0187973932231613,5.33695581596414,0.547576393696342,0.460359368662649,0.758396195789882,0.758396195789882,"social_isolation_avg"
"4198","MELTF","Exc L4-5 RORB IL1RAPL2",-0.0138817870386505,3.43860653514304,0.079202222885288,0.778733453586984,0.936222594947799,0.936222594947799,"social_isolation_avg"
"4199","MELTF-AS1","Exc L4-5 RORB IL1RAPL2",-0.0407807291946351,3.54729853548558,0.574442360484802,0.449578204611957,0.750380841572934,0.750380841572934,"social_isolation_avg"
"4200","DLG1","Exc L4-5 RORB IL1RAPL2",0.0535592695235929,8.89000489468602,11.6594730537281,0.000803644162266439,0.0206723663422403,0.0206723663422403,"social_isolation_avg"
"4201","LINC02012","Exc L4-5 RORB IL1RAPL2",-0.0461344336588024,0.971352639145378,0.255268433886256,0.614062590665991,0.853749597912501,0.853749597912501,"social_isolation_avg"
"4202","BDH1","Exc L4-5 RORB IL1RAPL2",0.0528477369505229,6.18782103088668,6.28657881625872,0.0131307866430893,0.11528891604357,0.11528891604357,"social_isolation_avg"
"4203","AC024560.3","Exc L4-5 RORB IL1RAPL2",0.280233718608169,0.309748508458077,6.20480261983847,0.0137275979154829,0.117761408536829,0.117761408536829,"social_isolation_avg"
"4204","AC024560.1","Exc L4-5 RORB IL1RAPL2",-0.32001555195329,0.889516490052496,2.33992353665599,0.128007191360246,0.411761627044943,0.411761627044943,"social_isolation_avg"
"4205","RUBCN","Exc L4-5 RORB IL1RAPL2",0.0172276786102245,6.06233726341587,0.920761731136866,0.338676509853797,0.66239600960765,0.66239600960765,"social_isolation_avg"
"4206","FYTTD1","Exc L4-5 RORB IL1RAPL2",0.0142539808893404,4.86437660444611,0.336615223409287,0.689079389003159,0.893165834670293,0.893165834670293,"social_isolation_avg"
"4207","LRCH3","Exc L4-5 RORB IL1RAPL2",0.0150572611067093,6.89096485666381,1.00309242305027,0.318027279338624,0.645854275661959,0.645854275661959,"social_isolation_avg"
"4208","IQCG","Exc L4-5 RORB IL1RAPL2",0.0190567426097959,4.0525804931891,0.400743071578134,0.527580576687876,0.805949343155566,0.805949343155566,"social_isolation_avg"
"4209","RPL35A","Exc L4-5 RORB IL1RAPL2",-0.0824381082703911,5.08689974202407,3.3344698373908,0.0696466361420781,0.30223748054388,0.30223748054388,"social_isolation_avg"
"4210","LMLN","Exc L4-5 RORB IL1RAPL2",-0.00651341792935977,4.98437263987659,0.0637481399777211,0.800980714142136,0.944612072568148,0.944612072568148,"social_isolation_avg"
"4211","ZNF595","Exc L4-5 RORB IL1RAPL2",0.0316338809593532,4.76404788383565,1.13172819724743,0.288958624507098,0.620236657322609,0.620236657322609,"social_isolation_avg"
"4212","ZNF718","Exc L4-5 RORB IL1RAPL2",0.00754180771687031,5.81668891487785,0.0819848377375003,0.774983973222911,0.93464018721746,0.93464018721746,"social_isolation_avg"
"4213","ZNF732","Exc L4-5 RORB IL1RAPL2",0.218220126279394,0.967497592910723,2.12653063010896,0.146665524776303,0.442632826674615,0.442632826674615,"social_isolation_avg"
"4214","ZNF141","Exc L4-5 RORB IL1RAPL2",0.0289795859875366,4.79042350941428,1.1320460931237,0.288891139666872,0.620162157208632,0.620162157208632,"social_isolation_avg"
"4215","AC092574.2","Exc L4-5 RORB IL1RAPL2",0.118456716870058,3.00654311227971,4.63606721900496,0.0327563874101697,0.198156551431311,0.198156551431311,"social_isolation_avg"
"4216","AC092574.1","Exc L4-5 RORB IL1RAPL2",0.0111256332124488,0.280316469425584,0.0108010473019496,0.917352407090424,0.9830198062462,0.9830198062462,"social_isolation_avg"
"4217","ZNF721","Exc L4-5 RORB IL1RAPL2",0.0768166336352727,7.34046950038479,20.7494501382366,1.01216026300214e-05,0.00135823293164989,0.00135823293164989,"social_isolation_avg"
"4218","PIGG","Exc L4-5 RORB IL1RAPL2",0.0527251911377082,5.0265521431065,4.77814849514902,0.0302294060507398,0.188893854651931,0.188893854651931,"social_isolation_avg"
"4219","AC116565.1","Exc L4-5 RORB IL1RAPL2",-0.0563648283578651,3.28132765885041,1.33400225684093,0.24976137887321,0.576212301284138,0.576212301284138,"social_isolation_avg"
"4220","AC116565.2","Exc L4-5 RORB IL1RAPL2",-0.0556967395827528,3.8734730274515,2.44097979763152,0.12011486887314,0.398829611104385,0.398829611104385,"social_isolation_avg"
"4221","PDE6B","Exc L4-5 RORB IL1RAPL2",0.0572900172554183,3.23370068359723,1.01579485851022,0.314991640080365,0.643552886706539,0.643552886706539,"social_isolation_avg"
"4222","AC107464.1","Exc L4-5 RORB IL1RAPL2",-0.0066898658791074,2.4929666862469,0.00671387885731634,0.934794940480834,0.986842461541563,0.986842461541563,"social_isolation_avg"
"4223","AC107464.3","Exc L4-5 RORB IL1RAPL2",0.00266417372895834,0.815065505351782,0.00105233389580541,0.974160543184512,0.995791012295741,0.995791012295741,"social_isolation_avg"
"4224","ATP5ME","Exc L4-5 RORB IL1RAPL2",-0.145450460243303,4.15230623325201,13.7616306966182,0.000283096032607904,0.0106731089851647,0.0106731089851647,"social_isolation_avg"
"4225","MYL5","Exc L4-5 RORB IL1RAPL2",-0.00782773274426898,1.35336642893369,0.00588400166566309,0.938949205757572,0.987766326490576,0.987766326490576,"social_isolation_avg"
"4226","SLC49A3","Exc L4-5 RORB IL1RAPL2",-0.0299324743372463,-0.187719770817127,0.0318056691536665,0.858673219872496,0.964243395716678,0.964243395716678,"social_isolation_avg"
"4227","PCGF3","Exc L4-5 RORB IL1RAPL2",-0.0382563436239124,4.96450994539932,3.03434909935486,0.0833793661850683,0.332038005442399,0.332038005442399,"social_isolation_avg"
"4228","AC139887.2","Exc L4-5 RORB IL1RAPL2",-0.0361016283999877,5.74381068533103,1.12514094918036,0.290361563728141,0.621626063283567,0.621626063283567,"social_isolation_avg"
"4229","CPLX1","Exc L4-5 RORB IL1RAPL2",-0.0745775476429149,6.73334148438474,4.83023105518264,0.0293552504937855,0.185390752534351,0.185390752534351,"social_isolation_avg"
"4230","GAK","Exc L4-5 RORB IL1RAPL2",0.00253532539567199,6.17566766767689,0.023451176257269,0.878476414171634,0.971685504065327,0.971685504065327,"social_isolation_avg"
"4231","TMEM175","Exc L4-5 RORB IL1RAPL2",-0.00159075374969386,5.48108272363654,0.00370120380045033,0.951562103867473,0.989392111770647,0.989392111770647,"social_isolation_avg"
"4232","DGKQ","Exc L4-5 RORB IL1RAPL2",0.0041690739091447,4.02032000769969,0.016847569874535,0.896883910015898,0.976631011821524,0.976631011821524,"social_isolation_avg"
"4233","IDUA","Exc L4-5 RORB IL1RAPL2",0.0730720543636391,2.59529158179301,2.55643990424867,0.111755407402617,0.386308181585859,0.386308181585859,"social_isolation_avg"
"4234","FGFRL1","Exc L4-5 RORB IL1RAPL2",-0.123660594070582,1.89967329944759,2.13439007265883,0.145925986841378,0.441546654900901,0.441546654900901,"social_isolation_avg"
"4235","RNF212","Exc L4-5 RORB IL1RAPL2",-0.0551906542548235,3.16351592617106,0.405061874536192,0.525366934766084,0.804700702073105,0.804700702073105,"social_isolation_avg"
"4236","AC092535.3","Exc L4-5 RORB IL1RAPL2",-0.0336362713997598,4.06964384278321,0.195141144454721,0.659249053250994,0.878364293821707,0.878364293821707,"social_isolation_avg"
"4237","SPON2","Exc L4-5 RORB IL1RAPL2",-0.13822426752019,2.60611968429831,2.19395447780824,0.140456880740885,0.433421787445315,0.433421787445315,"social_isolation_avg"
"4238","CTBP1-AS","Exc L4-5 RORB IL1RAPL2",0.00739733728198806,2.05081250973055,0.00435522340635805,0.947462259487599,0.988740948001749,0.988740948001749,"social_isolation_avg"
"4239","CTBP1","Exc L4-5 RORB IL1RAPL2",-0.0343583505862122,5.80667645584518,2.45218847934064,0.119273545693459,0.397758197313849,0.397758197313849,"social_isolation_avg"
"4240","CTBP1-DT","Exc L4-5 RORB IL1RAPL2",0.0457817550757399,3.9236887956063,2.00659051914934,0.158498747581333,0.459047115105833,0.459047115105833,"social_isolation_avg"
"4241","MAEA","Exc L4-5 RORB IL1RAPL2",0.00118808975636863,5.21731204009963,0.00315672594870615,0.955262486514653,0.990138901182401,0.990138901182401,"social_isolation_avg"
"4242","UVSSA","Exc L4-5 RORB IL1RAPL2",-0.00204691701993824,4.5461285261861,0.00164271585023578,0.967719159035937,0.994093242531172,0.994093242531172,"social_isolation_avg"
"4243","FAM53A","Exc L4-5 RORB IL1RAPL2",0.0501062610000567,1.60935142024129,0.443922281575373,0.506164211272597,0.791266266908567,0.791266266908567,"social_isolation_avg"
"4244","SLBP","Exc L4-5 RORB IL1RAPL2",-0.0777716043657288,4.89271042251709,8.83938895868599,0.00338897008907832,0.0515509290676994,0.0515509290676994,"social_isolation_avg"
"4245","AC016773.1","Exc L4-5 RORB IL1RAPL2",-0.299458988213397,0.251453705618828,6.43974864717021,0.0120843399865142,0.110032626027351,0.110032626027351,"social_isolation_avg"
"4246","TMEM129","Exc L4-5 RORB IL1RAPL2",0.0123865496229194,3.33930917287321,0.0647267826791282,0.799491504468849,0.943679273615414,0.943679273615414,"social_isolation_avg"
"4247","TACC3","Exc L4-5 RORB IL1RAPL2",-0.0398363373388846,2.89079319300609,0.577866873281246,0.448232546288031,0.749007154315627,0.749007154315627,"social_isolation_avg"
"4248","LETM1","Exc L4-5 RORB IL1RAPL2",0.0159135741659818,4.50831053825843,0.457227528703272,0.499867557715088,0.786069985000596,0.786069985000596,"social_isolation_avg"
"4249","NSD2","Exc L4-5 RORB IL1RAPL2",0.0346439740598577,6.97648710470144,5.89217560645166,0.0162820552043243,0.13053930784789,0.13053930784789,"social_isolation_avg"
"4250","NELFA","Exc L4-5 RORB IL1RAPL2",0.0345050273804688,6.15817654657776,4.64668572405252,0.0325600472627789,0.197631905777349,0.197631905777349,"social_isolation_avg"
"4251","C4orf48","Exc L4-5 RORB IL1RAPL2",-0.254088701332978,3.42806064014156,21.2179509921032,8.14796780341904e-06,0.00118122587005254,0.00118122587005254,"social_isolation_avg"
"4252","NAT8L","Exc L4-5 RORB IL1RAPL2",-0.0848349108323412,6.00497536825491,7.51938373192584,0.00677661310700678,0.0791972184049878,0.0791972184049878,"social_isolation_avg"
"4253","POLN","Exc L4-5 RORB IL1RAPL2",0.0107099778748801,6.38075169022526,0.197338541094108,0.657458757703213,0.877427146840365,0.877427146840365,"social_isolation_avg"
"4254","MXD4","Exc L4-5 RORB IL1RAPL2",0.00152317995814044,5.14672477132274,0.00223324531363934,0.962365266848148,0.992635914415275,0.992635914415275,"social_isolation_avg"
"4255","ZFYVE28","Exc L4-5 RORB IL1RAPL2",0.0671478870322768,8.03953248288952,12.7420205711965,0.000468278021534772,0.0145250630253433,0.0145250630253433,"social_isolation_avg"
"4256","AL158068.2","Exc L4-5 RORB IL1RAPL2",0.118870394840917,2.38461443409513,3.90874291167609,0.0496985919722161,0.251295312321299,0.251295312321299,"social_isolation_avg"
"4257","CFAP99","Exc L4-5 RORB IL1RAPL2",-0.0789754896928551,1.73977799699444,1.03527222305468,0.310410520851937,0.639947334258377,0.639947334258377,"social_isolation_avg"
"4258","RNF4","Exc L4-5 RORB IL1RAPL2",0.0320385917787628,4.98095495756638,2.09240603911388,0.230490977681236,0.552556696860669,0.552556696860669,"social_isolation_avg"
"4259","FAM193A","Exc L4-5 RORB IL1RAPL2",0.03066136856156,6.73358605448599,2.78754125315359,0.0968926037846837,0.360390201731866,0.360390201731866,"social_isolation_avg"
"4260","TNIP2","Exc L4-5 RORB IL1RAPL2",-0.0495079342166319,0.915413466227301,0.349549469138988,0.616435226114864,0.854746611446451,0.854746611446451,"social_isolation_avg"
"4261","ADD1","Exc L4-5 RORB IL1RAPL2",-0.0291957156407502,7.23166202320717,5.42954290047512,0.0210073252295854,0.152808777017869,0.152808777017869,"social_isolation_avg"
"4262","MFSD10","Exc L4-5 RORB IL1RAPL2",0.0102330239525083,4.40627131404785,0.0850500519180218,0.770932582612052,0.932360531397057,0.932360531397057,"social_isolation_avg"
"4263","NOP14-AS1","Exc L4-5 RORB IL1RAPL2",-0.170260869526386,1.64874918834495,7.17033106563686,0.00815988530416368,0.087554579986017,0.087554579986017,"social_isolation_avg"
"4264","NOP14","Exc L4-5 RORB IL1RAPL2",-0.0162230054568681,3.45588802801722,0.166868861400733,0.850436637042856,0.961873912835597,0.961873912835597,"social_isolation_avg"
"4265","GRK4","Exc L4-5 RORB IL1RAPL2",0.0928563705710095,6.25436895150571,11.6885150126448,0.000792019200466038,0.0205051456708717,0.0205051456708717,"social_isolation_avg"
"4266","HTT-AS","Exc L4-5 RORB IL1RAPL2",0.00126308193115739,1.29976729085527,0.000229532994857847,0.987930505721894,0.998787747693845,0.998787747693845,"social_isolation_avg"
"4267","HTT","Exc L4-5 RORB IL1RAPL2",0.0207391957090472,7.2204363764688,2.37784628452036,0.124979348595261,0.407291466546838,0.407291466546838,"social_isolation_avg"
"4268","MSANTD1","Exc L4-5 RORB IL1RAPL2",-0.0029083618110287,2.69133476115453,0.00275629807052252,0.958193323859304,0.991250731587856,0.991250731587856,"social_isolation_avg"
"4269","RGS12","Exc L4-5 RORB IL1RAPL2",-0.137857092281427,4.06816252883526,9.13291769065357,0.00291039194521885,0.0470662615346034,0.0470662615346034,"social_isolation_avg"
"4270","LRPAP1","Exc L4-5 RORB IL1RAPL2",-0.112030687214556,5.07871148133623,10.8925426161952,0.00118282183384616,0.0263296140214155,0.0263296140214155,"social_isolation_avg"
"4271","AL590235.2","Exc L4-5 RORB IL1RAPL2",-0.068300098668286,0.739958536324253,0.41936778475544,0.518151076593246,0.799538222959669,0.799538222959669,"social_isolation_avg"
"4272","AC141928.1","Exc L4-5 RORB IL1RAPL2",-0.0843686817790317,-0.0851492847433509,0.372101510986106,0.542698663702367,0.813660967980387,0.813660967980387,"social_isolation_avg"
"4273","ADRA2C","Exc L4-5 RORB IL1RAPL2",-0.232624609483181,0.842104385693868,6.32484653267879,0.0128608254637335,0.114029840018417,0.114029840018417,"social_isolation_avg"
"4274","TMEM128","Exc L4-5 RORB IL1RAPL2",0.0603793008024728,3.66828832316969,2.7190686847236,0.10105508504836,0.368129238390453,0.368129238390453,"social_isolation_avg"
"4275","LYAR","Exc L4-5 RORB IL1RAPL2",-0.0274430217611663,2.44567997635556,0.281146972103011,0.694714008431093,0.896146969833973,0.896146969833973,"social_isolation_avg"
"4276","ZBTB49","Exc L4-5 RORB IL1RAPL2",0.0381935192533125,3.46823391081683,1.15700296729263,0.283655462584736,0.61471137413421,0.61471137413421,"social_isolation_avg"
"4277","NSG1","Exc L4-5 RORB IL1RAPL2",-0.028529075954126,4.66843599870099,0.885430502751963,0.348091714752569,0.670539624551529,0.670539624551529,"social_isolation_avg"
"4278","STX18","Exc L4-5 RORB IL1RAPL2",0.0104069799794929,5.68663759604979,0.360701119310121,0.548939685036924,0.816562709575082,0.816562709575082,"social_isolation_avg"
"4279","STX18-AS1","Exc L4-5 RORB IL1RAPL2",0.0499391404262672,6.47047731525457,5.78828091465518,0.0172367382769209,0.136022117761912,0.136022117761912,"social_isolation_avg"
"4280","LINC01396","Exc L4-5 RORB IL1RAPL2",-0.0260015149737859,1.66364231806952,0.139417844460997,0.709338865046713,0.903858890534639,0.903858890534639,"social_isolation_avg"
"4281","MSX1","Exc L4-5 RORB IL1RAPL2",0.0080840935409836,1.16088602671786,0.00950764520257732,0.922441783617136,0.983585629113706,0.983585629113706,"social_isolation_avg"
"4282","STK32B","Exc L4-5 RORB IL1RAPL2",0.350675901258481,1.60742809233723,7.41698340078656,0.00715530180133316,0.0814103820703697,0.0814103820703697,"social_isolation_avg"
"4283","EVC","Exc L4-5 RORB IL1RAPL2",0.298914204324173,-0.00256398533036578,3.89112983846672,0.0502096539572934,0.252659546096579,0.252659546096579,"social_isolation_avg"
"4284","CRMP1","Exc L4-5 RORB IL1RAPL2",-0.00110108015849895,6.25915695401803,0.00282779713798311,0.957655065023774,0.990964806415906,0.990964806415906,"social_isolation_avg"
"4285","C4orf50","Exc L4-5 RORB IL1RAPL2",0.0109950446255432,5.59633734623329,0.147504666766897,0.701425078766325,0.899712827288836,0.899712827288836,"social_isolation_avg"
"4286","JAKMIP1","Exc L4-5 RORB IL1RAPL2",-0.019508574073911,6.62644603569596,1.26332454745817,0.262652379016079,0.592400245960572,0.592400245960572,"social_isolation_avg"
"4287","AC113615.1","Exc L4-5 RORB IL1RAPL2",0.0468986289300422,1.04802976102771,0.358193648053189,0.823805605396316,0.953390192288024,0.953390192288024,"social_isolation_avg"
"4288","WFS1","Exc L4-5 RORB IL1RAPL2",-0.22437457931738,2.2337793226,14.6903749317041,0.000179759019330652,0.00814736135766714,0.00814736135766714,"social_isolation_avg"
"4289","PPP2R2C","Exc L4-5 RORB IL1RAPL2",-0.000175980904134146,8.43330940371703,0.000116469913917503,0.991402313170631,0.998822911403646,0.998822911403646,"social_isolation_avg"
"4290","MAN2B2","Exc L4-5 RORB IL1RAPL2",-0.0283779412024391,4.42550806883309,1.062217396336,0.304215656048132,0.635248058478681,0.635248058478681,"social_isolation_avg"
"4291","MRFAP1","Exc L4-5 RORB IL1RAPL2",-0.076296345424088,5.65755852412479,6.27747730869642,0.0131958558182045,0.115645571068201,0.115645571068201,"social_isolation_avg"
"4292","LINC02482","Exc L4-5 RORB IL1RAPL2",-0.0849601015384515,3.61883857537763,1.89416133711538,0.170594891633211,0.475663431942485,0.475663431942485,"social_isolation_avg"
"4293","AC093323.1","Exc L4-5 RORB IL1RAPL2",-0.125121522981975,3.27306742410051,7.86734095451173,0.00563731316309364,0.0705447105548246,0.0705447105548246,"social_isolation_avg"
"4294","LINC002481","Exc L4-5 RORB IL1RAPL2",0.0731897347965339,0.167182589055018,0.33479991581757,0.563633857710187,0.826056636512892,0.826056636512892,"social_isolation_avg"
"4295","MRFAP1L1","Exc L4-5 RORB IL1RAPL2",-0.0817116882598257,4.54247541979081,8.04673193461385,0.00512903973180656,0.0663805443642994,0.0663805443642994,"social_isolation_avg"
"4296","BLOC1S4","Exc L4-5 RORB IL1RAPL2",-0.0840355167091498,3.06577960596453,3.42328790196662,0.0660679494886222,0.292771138854198,0.292771138854198,"social_isolation_avg"
"4297","KIAA0232","Exc L4-5 RORB IL1RAPL2",0.0125187901789946,7.2767646429786,0.810029620622368,0.369420815076368,0.687702798313652,0.687702798313652,"social_isolation_avg"
"4298","TBC1D14","Exc L4-5 RORB IL1RAPL2",-0.0101321686739521,5.51177704619186,0.276682569201403,0.599588868903795,0.846060182603379,0.846060182603379,"social_isolation_avg"
"4299","AC097382.2","Exc L4-5 RORB IL1RAPL2",0.106750111301637,0.425079008005086,1.22753369844523,0.269496762640867,0.599471907247622,0.599471907247622,"social_isolation_avg"
"4300","TADA2B","Exc L4-5 RORB IL1RAPL2",-0.0855088172538815,3.55515510739461,5.54931183344913,0.0196608978358912,0.147037094052529,0.147037094052529,"social_isolation_avg"
"4301","GRPEL1","Exc L4-5 RORB IL1RAPL2",-0.0652766775765377,3.49756579159812,3.53427071100034,0.0618722445330444,0.282872239023003,0.282872239023003,"social_isolation_avg"
"4302","LINC02447","Exc L4-5 RORB IL1RAPL2",0.0781910467398567,-0.0838707282054146,0.347794503133031,0.556169523614078,0.820720913765557,0.820720913765557,"social_isolation_avg"
"4303","SORCS2","Exc L4-5 RORB IL1RAPL2",0.0244914685368086,7.02344762999915,0.615623477196341,0.433801310206903,0.738789792117444,0.738789792117444,"social_isolation_avg"
"4304","AFAP1-AS1","Exc L4-5 RORB IL1RAPL2",-0.0091157415585423,1.01676895545511,0.00511428158397262,0.943074972179811,0.987984052456339,0.987984052456339,"social_isolation_avg"
"4305","AFAP1","Exc L4-5 RORB IL1RAPL2",-0.0103907783750161,5.2214846408241,0.0835192135582619,0.772945865965057,0.933332301620383,0.933332301620383,"social_isolation_avg"
"4306","ABLIM2","Exc L4-5 RORB IL1RAPL2",0.04062888544182,7.60346815521104,4.81342692279894,0.0296343478212101,0.186589451315569,0.186589451315569,"social_isolation_avg"
"4307","AC104825.1","Exc L4-5 RORB IL1RAPL2",0.0638930919912726,3.09176082198386,2.2448896138067,0.16472187946792,0.468392366862758,0.468392366862758,"social_isolation_avg"
"4308","ACOX3","Exc L4-5 RORB IL1RAPL2",0.0214105340344699,5.00547541486866,0.534987872480909,0.465552998848055,0.761934805916794,0.761934805916794,"social_isolation_avg"
"4309","TRMT44","Exc L4-5 RORB IL1RAPL2",-0.0130761015390736,4.43584534891462,0.278948472721945,0.847079312911347,0.961751435919328,0.961751435919328,"social_isolation_avg"
"4310","AC105345.1","Exc L4-5 RORB IL1RAPL2",0.0621635995738763,3.486469949252,2.58246557836306,0.109961769612494,0.383254465566682,0.383254465566682,"social_isolation_avg"
"4311","GPR78","Exc L4-5 RORB IL1RAPL2",-0.118229554296847,-0.247652955572663,0.281887629000252,0.59617930057905,0.844144918525496,0.844144918525496,"social_isolation_avg"
"4312","FAM90A26","Exc L4-5 RORB IL1RAPL2",0.0825704487397462,-1.10829776283876,0.0849344003655676,0.771083991863904,0.932360531397057,0.932360531397057,"social_isolation_avg"
"4313","SLC2A9","Exc L4-5 RORB IL1RAPL2",-0.0837153316802387,2.76058962213424,1.40413247120437,0.237733735523449,0.56170829293696,0.56170829293696,"social_isolation_avg"
"4314","DRD5","Exc L4-5 RORB IL1RAPL2",-0.197454365796021,0.989967218273475,2.3594967757206,0.126434268941687,0.409538970165627,0.409538970165627,"social_isolation_avg"
"4315","WDR1","Exc L4-5 RORB IL1RAPL2",-0.0975938456261418,3.59504597800341,6.02194109900011,0.0151664323018415,0.12531181903194,0.12531181903194,"social_isolation_avg"
"4316","ZNF518B","Exc L4-5 RORB IL1RAPL2",-0.0753012651270729,4.25513639152023,6.68697361494365,0.0105741145258761,0.102094599452113,0.102094599452113,"social_isolation_avg"
"4317","CLNK","Exc L4-5 RORB IL1RAPL2",0.150378718708985,1.38238568567943,3.75987929278667,0.0541993795827955,0.264149026677716,0.264149026677716,"social_isolation_avg"
"4318","HS3ST1","Exc L4-5 RORB IL1RAPL2",-0.0141468288573644,4.64672169893941,0.134289063185242,0.71449442331032,0.906738148852929,0.906738148852929,"social_isolation_avg"
"4319","AC025539.1","Exc L4-5 RORB IL1RAPL2",0.0944453550281942,0.635101659195974,0.907387742672152,0.372865650872008,0.69105602704959,0.69105602704959,"social_isolation_avg"
"4320","AC005699.1","Exc L4-5 RORB IL1RAPL2",0.0432599621926237,2.87975918335187,0.291651594288449,0.589890925809321,0.841027389928828,0.841027389928828,"social_isolation_avg"
"4321","LINC02360","Exc L4-5 RORB IL1RAPL2",-0.0177170409851938,2.49129391181454,0.036174813508199,0.849388313689945,0.961873912835597,0.961873912835597,"social_isolation_avg"
"4322","LINC02270","Exc L4-5 RORB IL1RAPL2",-0.08591807790956,0.288085825004172,0.476899628737825,0.490798585253183,0.78089037011468,0.78089037011468,"social_isolation_avg"
"4323","AC007370.2","Exc L4-5 RORB IL1RAPL2",-0.0158124515098973,2.28154361250333,0.0649420215952406,0.799165584911633,0.943541448315508,0.943541448315508,"social_isolation_avg"
"4324","AC007370.1","Exc L4-5 RORB IL1RAPL2",-0.0752892257489326,0.511282416245567,0.654192386904971,0.419780389453826,0.726886607670817,0.726886607670817,"social_isolation_avg"
"4325","RAB28","Exc L4-5 RORB IL1RAPL2",0.0403634462416524,7.20111010138841,6.82468566732158,0.00981906521617514,0.0973856090354214,0.0973856090354214,"social_isolation_avg"
"4326","BOD1L1","Exc L4-5 RORB IL1RAPL2",0.0222523588847941,6.90433291920399,0.72067156513982,0.397151457522847,0.711187952848166,0.711187952848166,"social_isolation_avg"
"4327","LINC01182","Exc L4-5 RORB IL1RAPL2",0.0331538773571007,2.90523842814014,0.288470515006594,0.591924563285968,0.842274306180829,0.842274306180829,"social_isolation_avg"
"4328","AC073848.1","Exc L4-5 RORB IL1RAPL2",-0.0826459646457897,0.498326297332166,0.615258413188147,0.433937401061788,0.738822061143714,0.738822061143714,"social_isolation_avg"
"4329","AC092546.1","Exc L4-5 RORB IL1RAPL2",-0.0224185298733778,3.6078717874749,0.0914549310416865,0.762715795337808,0.929286899099656,0.929286899099656,"social_isolation_avg"
"4330","LINC00504","Exc L4-5 RORB IL1RAPL2",0.0754219153504408,3.9347899199901,1.52540264041379,0.218556388077877,0.538802008966972,0.538802008966972,"social_isolation_avg"
"4331","CPEB2-DT","Exc L4-5 RORB IL1RAPL2",0.0387030145210725,4.41167652056202,0.949853011686164,0.33118081517379,0.656484932836832,0.656484932836832,"social_isolation_avg"
"4332","CPEB2","Exc L4-5 RORB IL1RAPL2",-0.0454104252344393,5.75256658022895,4.05606935601344,0.0456347310587686,0.239715365453349,0.239715365453349,"social_isolation_avg"
"4333","AC098829.1","Exc L4-5 RORB IL1RAPL2",0.0741099527152225,5.31268704997072,0.333264081919908,0.564528819512411,0.826725939162625,0.826725939162625,"social_isolation_avg"
"4334","C1QTNF7","Exc L4-5 RORB IL1RAPL2",0.0497663924888264,1.50538064738691,0.118855477562846,0.730717400969656,0.913267211869261,0.913267211869261,"social_isolation_avg"
"4335","CC2D2A","Exc L4-5 RORB IL1RAPL2",0.0754606321484029,4.64013296652566,4.21891946571935,0.0415504678931169,0.227021773897102,0.227021773897102,"social_isolation_avg"
"4336","FBXL5","Exc L4-5 RORB IL1RAPL2",0.0397014050885089,6.31691144232381,5.23704227562227,0.0233771332273277,0.162557419255519,0.162557419255519,"social_isolation_avg"
"4337","FAM200B","Exc L4-5 RORB IL1RAPL2",-0.0326524337984471,5.02921230985299,1.01136340095971,0.316046318861309,0.644109478584105,0.644109478584105,"social_isolation_avg"
"4338","BST1","Exc L4-5 RORB IL1RAPL2",0.00435412928954609,-0.0375520135039084,0.00183069782320466,0.965923242527049,0.993640457161603,0.993640457161603,"social_isolation_avg"
"4339","CD38","Exc L4-5 RORB IL1RAPL2",-0.15462176681884,0.0543008869797296,1.36276239808088,0.244740504984337,0.570006781734199,0.570006781734199,"social_isolation_avg"
"4340","TAPT1","Exc L4-5 RORB IL1RAPL2",-0.0242958945879537,5.67727378170122,1.32492959740239,0.251371565441215,0.578442970419237,0.578442970419237,"social_isolation_avg"
"4341","TAPT1-AS1","Exc L4-5 RORB IL1RAPL2",-0.0665623962338435,6.55121245684533,4.90736150857174,0.0281092146003871,0.180595738354473,0.180595738354473,"social_isolation_avg"
"4342","AC097515.1","Exc L4-5 RORB IL1RAPL2",-0.0675835328077012,3.16840323348663,0.949791387011408,0.331196456787922,0.656484932836832,0.656484932836832,"social_isolation_avg"
"4343","LDB2","Exc L4-5 RORB IL1RAPL2",0.0132959301968452,9.8678583268818,0.613793857630043,0.434484024199401,0.739108613234777,0.739108613234777,"social_isolation_avg"
"4344","AC106894.1","Exc L4-5 RORB IL1RAPL2",-0.0302593757007424,2.32512299126977,0.169234298373554,0.681326092679599,0.888753602177917,0.888753602177917,"social_isolation_avg"
"4345","QDPR","Exc L4-5 RORB IL1RAPL2",-0.0577609282498612,5.84348182933087,6.6415834387179,0.0108359623604375,0.103392457802238,0.103392457802238,"social_isolation_avg"
"4346","LAP3","Exc L4-5 RORB IL1RAPL2",-0.0366000149579692,2.56393676293259,0.533647523679361,0.466111510351804,0.76225547859693,0.76225547859693,"social_isolation_avg"
"4347","AC006160.1","Exc L4-5 RORB IL1RAPL2",0.118038067035596,0.810040361652661,1.43068040732164,0.233366351325866,0.556251541123295,0.556251541123295,"social_isolation_avg"
"4348","MED28","Exc L4-5 RORB IL1RAPL2",-0.0018666874228501,5.04695534549808,0.00486099758212132,0.94450011698955,0.988051457597129,0.988051457597129,"social_isolation_avg"
"4349","FAM184B","Exc L4-5 RORB IL1RAPL2",0.0211660158931246,3.73537357548697,0.135513630891524,0.71325342707915,0.905910701135506,0.905910701135506,"social_isolation_avg"
"4350","DCAF16","Exc L4-5 RORB IL1RAPL2",0.00612229602860019,4.63420091276808,0.0527240097114221,0.818673206982026,0.951762359999666,0.951762359999666,"social_isolation_avg"
"4351","LCORL","Exc L4-5 RORB IL1RAPL2",0.0317809481664922,5.81205570816673,2.26573710252765,0.134171732814328,0.421915133219195,0.421915133219195,"social_isolation_avg"
"4352","LINC02438","Exc L4-5 RORB IL1RAPL2",0.183229218363765,0.114544369179731,2.10373469318278,0.148834754432843,0.445906185179367,0.445906185179367,"social_isolation_avg"
"4353","AC024230.1","Exc L4-5 RORB IL1RAPL2",0.00458495697902604,2.72343783827616,0.00505384792088188,0.943411730151166,0.988005388066099,0.988005388066099,"social_isolation_avg"
"4354","SLIT2","Exc L4-5 RORB IL1RAPL2",0.127973475037545,7.77104631860025,3.84865276686772,0.0514653853305471,0.256391931500601,0.256391931500601,"social_isolation_avg"
"4355","PACRGL","Exc L4-5 RORB IL1RAPL2",0.0281442993476506,5.43778770881612,1.14297161256677,0.286584017516844,0.617591821803667,0.617591821803667,"social_isolation_avg"
"4356","KCNIP4","Exc L4-5 RORB IL1RAPL2",0.00398917204335839,13.2650272168106,0.0495279074286527,0.824161544288447,0.953565464773053,0.953565464773053,"social_isolation_avg"
"4357","AC110296.1","Exc L4-5 RORB IL1RAPL2",0.0395901231264302,1.13650087877138,0.193142030677242,0.793376402156666,0.94229469908941,0.94229469908941,"social_isolation_avg"
"4358","AC096576.3","Exc L4-5 RORB IL1RAPL2",-0.0345247435577481,2.5329496251204,0.295846575346976,0.587230919757427,0.839774518825062,0.839774518825062,"social_isolation_avg"
"4359","AC096576.2","Exc L4-5 RORB IL1RAPL2",-0.120883983870084,2.67103046896545,3.2886176390875,0.0715756005716833,0.306731403975991,0.306731403975991,"social_isolation_avg"
"4360","AC096719.1","Exc L4-5 RORB IL1RAPL2",-0.00317167493216195,2.50285832220586,0.00346886964497662,0.953105201709123,0.989452900160271,0.989452900160271,"social_isolation_avg"
"4361","ADGRA3","Exc L4-5 RORB IL1RAPL2",-0.0997596755919727,3.88856590628956,4.38883327574466,0.0376995608885815,0.214136195777915,0.214136195777915,"social_isolation_avg"
"4362","AC097512.1","Exc L4-5 RORB IL1RAPL2",-0.952981348460301,-0.961881510551509,7.32436653274858,0.0075166293998002,0.0840059922466743,0.0840059922466743,"social_isolation_avg"
"4363","AC092440.1","Exc L4-5 RORB IL1RAPL2",-0.278879981923311,-0.723168242454764,1.73578170929771,0.189497420667524,0.499857897176944,0.499857897176944,"social_isolation_avg"
"4364","AC093607.1","Exc L4-5 RORB IL1RAPL2",-0.992216661162425,2.42269182268162,7.86997756585915,0.00562947858769573,0.0704932920964864,0.0704932920964864,"social_isolation_avg"
"4365","PPARGC1A","Exc L4-5 RORB IL1RAPL2",-0.0048332401891092,5.42754550230832,0.0179002346104212,0.893729996912737,0.975474727711369,0.975474727711369,"social_isolation_avg"
"4366","DHX15","Exc L4-5 RORB IL1RAPL2",-0.0346378956104215,5.76657460256438,4.32412078037304,0.060695669664155,0.280376651786005,0.280376651786005,"social_isolation_avg"
"4367","CCDC149","Exc L4-5 RORB IL1RAPL2",-0.0136615939493713,5.6638990324307,0.400214382457293,0.527852709413044,0.805990071400956,0.805990071400956,"social_isolation_avg"
"4368","LGI2","Exc L4-5 RORB IL1RAPL2",0.0575630197280613,1.25719783839328,0.232691918635769,0.630173115433123,0.862855619694343,0.862855619694343,"social_isolation_avg"
"4369","SEPSECS","Exc L4-5 RORB IL1RAPL2",0.0653294271529911,2.10215963063947,1.29456096852466,0.256855627040718,0.58518546890276,0.58518546890276,"social_isolation_avg"
"4370","AC104662.2","Exc L4-5 RORB IL1RAPL2",0.0462233654829664,3.18438208343234,0.401639254839672,0.527119857747022,0.805837757483163,0.805837757483163,"social_isolation_avg"
"4371","PI4K2B","Exc L4-5 RORB IL1RAPL2",-0.104414105369033,0.358992169327899,1.08069419347869,0.30006051839992,0.630967444837174,0.630967444837174,"social_isolation_avg"
"4372","ZCCHC4","Exc L4-5 RORB IL1RAPL2",0.104214774599425,3.37560742945749,5.68627716575108,0.0182309328836498,0.141140540544819,0.141140540544819,"social_isolation_avg"
"4373","ANAPC4","Exc L4-5 RORB IL1RAPL2",0.0527080997613329,5.52515435671521,3.71853106887886,0.0555254475744205,0.267123568155507,0.267123568155507,"social_isolation_avg"
"4374","AC092436.2","Exc L4-5 RORB IL1RAPL2",0.315616674555855,0.0546408364805823,5.50119118573734,0.0201906916804854,0.149167772882407,0.149167772882407,"social_isolation_avg"
"4375","SEL1L3","Exc L4-5 RORB IL1RAPL2",0.0279668740555109,3.9509462034773,0.321795411958973,0.571300245782597,0.830164499689158,0.830164499689158,"social_isolation_avg"
"4376","SMIM20","Exc L4-5 RORB IL1RAPL2",-0.00698633644568757,2.40315663234863,0.0176192080508843,0.986241781838847,0.998305401080937,0.998305401080937,"social_isolation_avg"
"4377","RBPJ","Exc L4-5 RORB IL1RAPL2",-0.010956369839873,6.83870323247312,0.439614210856006,0.508232257301422,0.79217913669991,0.79217913669991,"social_isolation_avg"
"4378","TBC1D19","Exc L4-5 RORB IL1RAPL2",0.0277796673003142,6.86712539182296,1.84101725033646,0.176681806726687,0.482952393105409,0.482952393105409,"social_isolation_avg"
"4379","STIM2","Exc L4-5 RORB IL1RAPL2",-0.0315214663674525,6.01695285907564,2.4882858014671,0.116608438355875,0.394272384226502,0.394272384226502,"social_isolation_avg"
"4380","LINC02261","Exc L4-5 RORB IL1RAPL2",0.0511042591995046,-0.0540444425017488,0.152562735009588,0.69660117133538,0.897052389766332,0.897052389766332,"social_isolation_avg"
"4381","AC097480.1","Exc L4-5 RORB IL1RAPL2",0.165426839475288,3.7048823503684,1.48283822774227,0.22506641848431,0.546309391166342,0.546309391166342,"social_isolation_avg"
"4382","LINC02364","Exc L4-5 RORB IL1RAPL2",0.0599155771363989,2.75660128336144,0.267016513411125,0.606030846678679,0.849203710342991,0.849203710342991,"social_isolation_avg"
"4383","AC109349.1","Exc L4-5 RORB IL1RAPL2",0.0774884551457484,1.33954361675048,0.268095192055517,0.605304682026016,0.848997026583711,0.848997026583711,"social_isolation_avg"
"4384","PCDH7","Exc L4-5 RORB IL1RAPL2",0.00215867187350158,10.4715927211967,0.0155273236839137,0.900984762520159,0.978205337360331,0.978205337360331,"social_isolation_avg"
"4385","AC097716.1","Exc L4-5 RORB IL1RAPL2",-0.11171372438121,2.86397884624089,2.63682151508153,0.106317694870883,0.377027219903409,0.377027219903409,"social_isolation_avg"
"4386","LINC02497","Exc L4-5 RORB IL1RAPL2",0.0701534241074895,2.09782767005722,1.3775785192796,0.242202400111,0.566689458953264,0.566689458953264,"social_isolation_avg"
"4387","LINC02506","Exc L4-5 RORB IL1RAPL2",-0.110180787177484,-0.377704094156351,0.314098401141198,0.575934882397144,0.833442746450199,0.833442746450199,"social_isolation_avg"
"4388","AC016687.3","Exc L4-5 RORB IL1RAPL2",-0.214046304094598,3.13118096806344,5.56388543792229,0.0195033274835581,0.146403211613144,0.146403211613144,"social_isolation_avg"
"4389","AC016687.2","Exc L4-5 RORB IL1RAPL2",-0.161132884145478,8.46334477846488,5.10216951579438,0.0252031795179021,0.169232553076993,0.169232553076993,"social_isolation_avg"
"4390","LINC02484","Exc L4-5 RORB IL1RAPL2",-0.0343391070973595,1.34332845901171,0.0808449179729567,0.776511528193245,0.93528388980485,0.93528388980485,"social_isolation_avg"
"4391","ARAP2","Exc L4-5 RORB IL1RAPL2",0.00579078136745025,7.63728904167982,0.0717685577669892,0.789112957205485,0.940173767249257,0.940173767249257,"social_isolation_avg"
"4392","AC104078.2","Exc L4-5 RORB IL1RAPL2",-0.0585387778025828,0.429705589833834,0.2592880255247,0.611288784815613,0.852117185969555,0.852117185969555,"social_isolation_avg"
"4393","LINC02505","Exc L4-5 RORB IL1RAPL2",0.091637053677482,0.0587173295609283,0.444047179074116,0.506104472035582,0.791266266908567,0.791266266908567,"social_isolation_avg"
"4394","NWD2","Exc L4-5 RORB IL1RAPL2",-0.0138475194950525,7.1907895405573,0.221838233904297,0.638263811015701,0.867201085917667,0.867201085917667,"social_isolation_avg"
"4395","C4orf19","Exc L4-5 RORB IL1RAPL2",0.0379200435186713,1.59920537547661,0.201472665252775,0.654122660608381,0.875479011293795,0.875479011293795,"social_isolation_avg"
"4396","RELL1","Exc L4-5 RORB IL1RAPL2",-0.0348858138474456,1.73098285009683,0.217382321154302,0.641655575264996,0.868748847197781,0.868748847197781,"social_isolation_avg"
"4397","PGM2","Exc L4-5 RORB IL1RAPL2",-0.037745492516788,3.4546345070638,1.03373759091797,0.310768284882377,0.640096828800496,0.640096828800496,"social_isolation_avg"
"4398","TBC1D1","Exc L4-5 RORB IL1RAPL2",-0.00108783084776238,6.93561160926073,0.00189665309939473,0.965315209019268,0.993640457161603,0.993640457161603,"social_isolation_avg"
"4399","LINC01258","Exc L4-5 RORB IL1RAPL2",0.0973979615315321,1.21215228957264,1.63166031993211,0.203264784215688,0.51944048049897,0.51944048049897,"social_isolation_avg"
"4400","KLF3","Exc L4-5 RORB IL1RAPL2",-0.0524467796279776,4.13090332158929,2.79520822449763,0.0964383966794926,0.359561088154755,0.359561088154755,"social_isolation_avg"
"4401","TLR1","Exc L4-5 RORB IL1RAPL2",-0.045120560993504,1.47413629034776,0.117391440777261,0.732316381800584,0.914172268378775,0.914172268378775,"social_isolation_avg"
"4402","FAM114A1","Exc L4-5 RORB IL1RAPL2",0.029098064020912,0.887096021218085,0.0513074756280141,0.82108345460809,0.952410498077469,0.952410498077469,"social_isolation_avg"
"4403","TMEM156","Exc L4-5 RORB IL1RAPL2",0.365285921222265,-0.233635114943026,4.96575776651306,0.0272028691560419,0.177252864581125,0.177252864581125,"social_isolation_avg"
"4404","KLHL5","Exc L4-5 RORB IL1RAPL2",0.0449476316321395,6.78682767155492,2.08645114486569,0.150503800895214,0.4476784179749,0.4476784179749,"social_isolation_avg"
"4405","AC079921.1","Exc L4-5 RORB IL1RAPL2",0.0927769987587551,0.182728522290095,0.438114681758528,0.508955518991787,0.792914563593545,0.792914563593545,"social_isolation_avg"
"4406","WDR19","Exc L4-5 RORB IL1RAPL2",0.0602843105251899,6.70811087874303,12.7855047360451,0.000458286387092432,0.0143428941221591,0.0143428941221591,"social_isolation_avg"
"4407","RFC1","Exc L4-5 RORB IL1RAPL2",-0.011855344159177,5.01979416190359,0.230243057399441,0.631977973110586,0.864117302299856,0.864117302299856,"social_isolation_avg"
"4408","KLB","Exc L4-5 RORB IL1RAPL2",-0.138593248596109,-0.085641613221669,1.2432485042078,0.266464380035318,0.596728581142846,0.596728581142846,"social_isolation_avg"
"4409","RPL9","Exc L4-5 RORB IL1RAPL2",-0.0931992831826196,2.46184574678593,3.60151423088971,0.0594701956324411,0.277493359201336,0.277493359201336,"social_isolation_avg"
"4410","LIAS","Exc L4-5 RORB IL1RAPL2",0.0524724631824895,4.13444982867498,3.40878446523638,0.0666385088760964,0.294017050374838,0.294017050374838,"social_isolation_avg"
"4411","UGDH","Exc L4-5 RORB IL1RAPL2",-0.00671613580927333,4.13961751344881,0.0404653626848817,0.840820752901153,0.959096029215083,0.959096029215083,"social_isolation_avg"
"4412","UGDH-AS1","Exc L4-5 RORB IL1RAPL2",0.000683304388977538,4.28030603455601,0.000571601631127956,0.98095467741166,0.997133525910928,0.997133525910928,"social_isolation_avg"
"4413","SMIM14","Exc L4-5 RORB IL1RAPL2",0.0118887843316594,6.27847768196638,0.344570385531548,0.558003800233738,0.822084851444805,0.822084851444805,"social_isolation_avg"
"4414","AC108471.2","Exc L4-5 RORB IL1RAPL2",-0.0398620114077902,0.486074019749874,0.143201313841625,0.733097396288394,0.914547097987256,0.914547097987256,"social_isolation_avg"
"4415","UBE2K","Exc L4-5 RORB IL1RAPL2",0.0275404357452569,7.46235525209408,4.27702000040447,0.0401887854661015,0.222809688382559,0.222809688382559,"social_isolation_avg"
"4416","PDS5A","Exc L4-5 RORB IL1RAPL2",0.0599612837893982,7.42044262737672,23.5843081142714,2.75415185832738e-06,0.000552181783402388,0.000552181783402388,"social_isolation_avg"
"4417","N4BP2","Exc L4-5 RORB IL1RAPL2",0.0753375477343978,5.14377965324403,5.43473809810203,0.0209469662345568,0.152631038628176,0.152631038628176,"social_isolation_avg"
"4418","RHOH","Exc L4-5 RORB IL1RAPL2",0.207037989205391,-0.0422680104186505,2.7968533994667,0.0963412384752995,0.359399166638632,0.359399166638632,"social_isolation_avg"
"4419","LINC02265","Exc L4-5 RORB IL1RAPL2",-0.0324418738989077,0.62262905828051,0.11635512689562,0.733454965219985,0.914629509322478,0.914629509322478,"social_isolation_avg"
"4420","RBM47","Exc L4-5 RORB IL1RAPL2",0.109025393234544,1.54014139799664,1.71478743847195,0.192182617416804,0.503850256913307,0.503850256913307,"social_isolation_avg"
"4421","NSUN7","Exc L4-5 RORB IL1RAPL2",0.00102239749066101,-0.12193021992924,2.69932482917235e-05,0.995860872208248,0.9994589795957,0.9994589795957,"social_isolation_avg"
"4422","APBB2","Exc L4-5 RORB IL1RAPL2",0.0521918670536399,6.87792381364716,7.75833790283616,0.0059712483296222,0.0733173196916169,0.0733173196916169,"social_isolation_avg"
"4423","UCHL1-AS1","Exc L4-5 RORB IL1RAPL2",0.0459473000108116,1.28219976713965,0.362883651425063,0.547734555667338,0.815910290096978,0.815910290096978,"social_isolation_avg"
"4424","UCHL1","Exc L4-5 RORB IL1RAPL2",-0.0531819706586077,8.26563851437063,3.28012835921566,0.0719390353881637,0.307398032651185,0.307398032651185,"social_isolation_avg"
"4425","LIMCH1","Exc L4-5 RORB IL1RAPL2",-0.00555162254106958,8.2726287660702,0.0565440873588795,0.812338461401031,0.950480178324379,0.950480178324379,"social_isolation_avg"
"4426","TMEM33","Exc L4-5 RORB IL1RAPL2",-0.00740922802346197,5.09876000224976,0.10544273671192,0.745803980471993,0.921046740716049,0.921046740716049,"social_isolation_avg"
"4427","DCAF4L1","Exc L4-5 RORB IL1RAPL2",-0.0681811478158986,0.606879324408291,0.377116922635664,0.539994525626422,0.812231575248533,0.812231575248533,"social_isolation_avg"
"4428","SLC30A9","Exc L4-5 RORB IL1RAPL2",-0.017577148887709,6.46953082789098,1.15841161431139,0.28336356947969,0.61464199221887,0.61464199221887,"social_isolation_avg"
"4429","BEND4","Exc L4-5 RORB IL1RAPL2",0.00183177041967769,3.07670271136524,0.00081069319102019,0.977319508745987,0.996715536610383,0.996715536610383,"social_isolation_avg"
"4430","AC111006.1","Exc L4-5 RORB IL1RAPL2",0.0655758503011189,5.24881689908869,1.79132149923607,0.182603279317332,0.489125786740003,0.489125786740003,"social_isolation_avg"
"4431","AC024022.1","Exc L4-5 RORB IL1RAPL2",0.225269038054039,-0.105754257989481,2.78312624575068,0.0971552247710235,0.360531772456986,0.360531772456986,"social_isolation_avg"
"4432","ATP8A1","Exc L4-5 RORB IL1RAPL2",-0.0165862730913693,8.68282999352693,0.985704868007733,0.322245539390367,0.649537429509442,0.649537429509442,"social_isolation_avg"
"4433","KCTD8","Exc L4-5 RORB IL1RAPL2",-0.0595071646670633,6.78328420072022,1.64912329970709,0.200875282341109,0.515427341629527,0.515427341629527,"social_isolation_avg"
"4434","YIPF7","Exc L4-5 RORB IL1RAPL2",0.0700109604556872,4.02510729787008,2.14547722528013,0.144889931698632,0.439709871762047,0.439709871762047,"social_isolation_avg"
"4435","GUF1","Exc L4-5 RORB IL1RAPL2",-0.0968212714839881,4.37610994639271,9.13662498623534,0.0029048128830335,0.0470162228912549,0.0470162228912549,"social_isolation_avg"
"4436","GNPDA2","Exc L4-5 RORB IL1RAPL2",0.0444823168759656,5.26611273937497,3.86691543568699,0.0509214338483165,0.254486119874273,0.254486119874273,"social_isolation_avg"
"4437","AC096586.1","Exc L4-5 RORB IL1RAPL2",0.140049878461019,0.275332056444763,1.34004732792471,0.248695585788092,0.57472176578578,0.57472176578578,"social_isolation_avg"
"4438","GABRG1","Exc L4-5 RORB IL1RAPL2",-0.169036635187136,3.50875617484301,6.25621208880666,0.0133491957328437,0.116289195424096,0.116289195424096,"social_isolation_avg"
"4439","GABRA2","Exc L4-5 RORB IL1RAPL2",-0.012297522436245,7.06722079128934,0.364183364092318,0.547019239698545,0.815716627202036,0.815716627202036,"social_isolation_avg"
"4440","AC095060.1","Exc L4-5 RORB IL1RAPL2",-0.00574478154770116,1.13560251412325,0.00492345299738131,0.944145300674356,0.988051457597129,0.988051457597129,"social_isolation_avg"
"4441","COX7B2","Exc L4-5 RORB IL1RAPL2",0.0903469613766466,0.290015682371423,0.598693163691935,0.440182270637263,0.742915013583571,0.742915013583571,"social_isolation_avg"
"4442","GABRA4","Exc L4-5 RORB IL1RAPL2",-0.0329455685169436,6.70798193834735,3.05491490073687,0.0823500388471272,0.329998525655641,0.329998525655641,"social_isolation_avg"
"4443","GABRB1","Exc L4-5 RORB IL1RAPL2",0.00796842623908552,8.7246001125321,0.256024179890555,0.61353898554485,0.853491609577574,0.853491609577574,"social_isolation_avg"
"4444","COMMD8","Exc L4-5 RORB IL1RAPL2",-0.202402066423779,2.60916416863311,18.9881412635669,2.3030691570884e-05,0.00237696166027897,0.00237696166027897,"social_isolation_avg"
"4445","ATP10D","Exc L4-5 RORB IL1RAPL2",-0.0356456632125163,4.45392858925187,0.929022085232925,0.336525121034817,0.660792010699437,0.660792010699437,"social_isolation_avg"
"4446","CORIN","Exc L4-5 RORB IL1RAPL2",0.0118915838776632,3.22354204088483,0.0342835612340421,0.853331942812273,0.962543291381206,0.962543291381206,"social_isolation_avg"
"4447","AC107068.2","Exc L4-5 RORB IL1RAPL2",-0.0639709403583021,2.17069646106147,1.09183576240017,0.297590474815472,0.628427385489236,0.628427385489236,"social_isolation_avg"
"4448","AC107068.1","Exc L4-5 RORB IL1RAPL2",-0.088555818569893,2.64991436790463,3.66120258410534,0.0574217944657149,0.27208703422342,0.27208703422342,"social_isolation_avg"
"4449","NFXL1","Exc L4-5 RORB IL1RAPL2",-0.00728292089373181,5.18945950092259,0.135845506336264,0.977798274924407,0.996744861425265,0.996744861425265,"social_isolation_avg"
"4450","NIPAL1","Exc L4-5 RORB IL1RAPL2",-0.127924729682253,2.95454238203737,3.58592532159767,0.0600179981642457,0.279196974589325,0.279196974589325,"social_isolation_avg"
"4451","CNGA1","Exc L4-5 RORB IL1RAPL2",-0.0137528523715895,-0.0460390938709376,0.0129797827425916,0.941893432428564,0.987984052456339,0.987984052456339,"social_isolation_avg"
"4452","TXK","Exc L4-5 RORB IL1RAPL2",0.0787466370611937,1.87622851744639,0.752041465487128,0.387087803589061,0.703089980964637,0.703089980964637,"social_isolation_avg"
"4453","TEC","Exc L4-5 RORB IL1RAPL2",-0.00175487354947812,0.99838722797485,0.000306949562614515,0.986042925916797,0.998305401080937,0.998305401080937,"social_isolation_avg"
"4454","SLAIN2","Exc L4-5 RORB IL1RAPL2",-0.0362742009832678,5.35474534596345,3.74136349173107,0.0547889559778406,0.265652378168965,0.265652378168965,"social_isolation_avg"
"4455","FRYL","Exc L4-5 RORB IL1RAPL2",0.00941374996919695,6.49644171324413,0.176883097927445,0.674611914382586,0.885853595671414,0.885853595671414,"social_isolation_avg"
"4456","OCIAD1","Exc L4-5 RORB IL1RAPL2",-0.0229781013622133,7.13505799269318,2.58669976512521,0.109672989891447,0.382863059412556,0.382863059412556,"social_isolation_avg"
"4457","OCIAD1-AS1","Exc L4-5 RORB IL1RAPL2",-0.0260573901964306,0.484219947278798,0.0632094164630006,0.801805689418442,0.944878266659587,0.944878266659587,"social_isolation_avg"
"4458","OCIAD2","Exc L4-5 RORB IL1RAPL2",-0.0380364479077819,3.30066891848921,0.735933133417896,0.392208915724641,0.70728190813577,0.70728190813577,"social_isolation_avg"
"4459","CWH43","Exc L4-5 RORB IL1RAPL2",-0.199151406016085,-0.706907544632974,0.961839955074687,0.328156980158403,0.653810780112717,0.653810780112717,"social_isolation_avg"
"4460","DCUN1D4","Exc L4-5 RORB IL1RAPL2",0.0414182802549425,6.79833696058972,6.70967684517304,0.0104456124363039,0.101458641122847,0.101458641122847,"social_isolation_avg"
"4461","AC027271.1","Exc L4-5 RORB IL1RAPL2",0.0627805001642055,0.55420694701099,0.507938317822464,0.477037554518326,0.770442074352131,0.770442074352131,"social_isolation_avg"
"4462","LRRC66","Exc L4-5 RORB IL1RAPL2",0.0646481409998157,3.30303255042963,1.42275394330547,0.234660011902043,0.557833670436448,0.557833670436448,"social_isolation_avg"
"4463","SGCB","Exc L4-5 RORB IL1RAPL2",-0.0116004832203325,4.77860937761593,0.192752132217434,0.661209196927549,0.879467650487857,0.879467650487857,"social_isolation_avg"
"4464","SPATA18","Exc L4-5 RORB IL1RAPL2",-0.0697994331589853,1.68750890259794,0.739179938387391,0.391168891762125,0.70623154589992,0.70623154589992,"social_isolation_avg"
"4465","USP46","Exc L4-5 RORB IL1RAPL2",-0.105226589940536,5.82776192335619,28.8066817999316,2.66887287879051e-07,0.000180349084784269,0.000180349084784269,"social_isolation_avg"
"4466","USP46-AS1","Exc L4-5 RORB IL1RAPL2",-0.295941803708855,0.297427634342388,7.27191199156028,0.00772958135914023,0.0852961739898889,0.0852961739898889,"social_isolation_avg"
"4467","ERVMER34-1","Exc L4-5 RORB IL1RAPL2",-0.0792465328710131,1.45544834104585,0.895821067808582,0.345286258076445,0.668012401744827,0.668012401744827,"social_isolation_avg"
"4468","LINC01618","Exc L4-5 RORB IL1RAPL2",0.0498642489402425,2.00773483542974,0.470552585634131,0.493694073359951,0.782555383535947,0.782555383535947,"social_isolation_avg"
"4469","RASL11B","Exc L4-5 RORB IL1RAPL2",-0.182833318319082,3.08834516621019,15.5811209955943,0.000116701496953195,0.00627303699957782,0.00627303699957782,"social_isolation_avg"
"4470","SCFD2","Exc L4-5 RORB IL1RAPL2",0.0381572033361881,6.91942237668595,4.24635957592714,0.0409013659391538,0.225165768092735,0.225165768092735,"social_isolation_avg"
"4471","AC023154.1","Exc L4-5 RORB IL1RAPL2",-0.119595989329019,0.992777321659729,1.47547655480853,0.226215954582504,0.547736919280445,0.547736919280445,"social_isolation_avg"
"4472","AC058822.1","Exc L4-5 RORB IL1RAPL2",0.0080111424442384,4.49175694611415,0.0626316873341198,0.802694561696103,0.945063093922373,0.945063093922373,"social_isolation_avg"
"4473","LNX1","Exc L4-5 RORB IL1RAPL2",-0.0193243009384042,6.75476937563789,0.913003390016694,0.340714103424107,0.664260850168731,0.664260850168731,"social_isolation_avg"
"4474","CHIC2","Exc L4-5 RORB IL1RAPL2",0.00826227107154144,5.46745851687146,0.171449515028399,0.679363557829097,0.887885970254345,0.887885970254345,"social_isolation_avg"
"4475","KIT","Exc L4-5 RORB IL1RAPL2",-0.245857167527691,-0.626607180154879,0.64619962893962,0.422629223768873,0.729480709991867,0.729480709991867,"social_isolation_avg"
"4476","SRD5A3","Exc L4-5 RORB IL1RAPL2",-0.00580705152478136,4.40539027631852,0.0324541283451558,0.857255245419039,0.96389332647035,0.96389332647035,"social_isolation_avg"
"4477","AC069200.1","Exc L4-5 RORB IL1RAPL2",-0.0191741356369105,-0.326140696900245,0.0160268048590487,0.899413218685587,0.977528721394106,0.977528721394106,"social_isolation_avg"
"4478","TMEM165","Exc L4-5 RORB IL1RAPL2",0.0246572997496227,5.55257341475136,0.724265101138023,0.395979588163442,0.710527834143388,0.710527834143388,"social_isolation_avg"
"4479","CLOCK","Exc L4-5 RORB IL1RAPL2",0.0343569999586923,7.01457704886121,5.35919087313789,0.0218428395840769,0.156075667586978,0.156075667586978,"social_isolation_avg"
"4480","PDCL2","Exc L4-5 RORB IL1RAPL2",0.134090121441854,-0.229144060144891,1.11943584943499,0.303490881620883,0.634575036058157,0.634575036058157,"social_isolation_avg"
"4481","EXOC1","Exc L4-5 RORB IL1RAPL2",0.0178716326180267,6.00011059452245,0.866778307358828,0.353206500553846,0.673487876345795,0.673487876345795,"social_isolation_avg"
"4482","CEP135","Exc L4-5 RORB IL1RAPL2",0.0239323893945065,4.34993633843409,0.479270492146405,0.489724310200561,0.780300940909879,0.780300940909879,"social_isolation_avg"
"4483","KIAA1211","Exc L4-5 RORB IL1RAPL2",0.152863433569874,5.48329878754977,7.30580146609796,0.00759129708613725,0.0843422972206711,0.0843422972206711,"social_isolation_avg"
"4484","AASDH","Exc L4-5 RORB IL1RAPL2",0.00812835446650806,5.20216463837507,0.111104303391191,0.739312811741087,0.917822827304843,0.917822827304843,"social_isolation_avg"
"4485","AC068620.1","Exc L4-5 RORB IL1RAPL2",-0.184226567155319,-0.151807014725216,1.96754688029032,0.195563520178647,0.508544131538563,0.508544131538563,"social_isolation_avg"
"4486","PPAT","Exc L4-5 RORB IL1RAPL2",0.0436001403003099,4.59202559327779,2.0044006982946,0.158724725028963,0.459372309862367,0.459372309862367,"social_isolation_avg"
"4487","AC068620.2","Exc L4-5 RORB IL1RAPL2",-0.000183797035862765,0.217955987032441,1.4178977819935e-05,0.997000114664472,0.999588764813823,0.999588764813823,"social_isolation_avg"
"4488","PAICS","Exc L4-5 RORB IL1RAPL2",-0.0194465597642339,4.00049989708175,0.333496858962967,0.564392998785725,0.826725939162625,0.826725939162625,"social_isolation_avg"
"4489","SRP72","Exc L4-5 RORB IL1RAPL2",-0.0565384889320678,5.31162762817019,7.21404658428245,0.0079717461885914,0.0865863430736727,0.0865863430736727,"social_isolation_avg"
"4490","ARL9","Exc L4-5 RORB IL1RAPL2",0.0161557465504831,0.974530321925938,0.0360086774704256,0.849730395243011,0.961873912835597,0.961873912835597,"social_isolation_avg"
"4491","THEGL","Exc L4-5 RORB IL1RAPL2",0.082476728990307,0.216443180114808,0.403020855341746,0.526411001641286,0.80532200534078,0.80532200534078,"social_isolation_avg"
"4492","HOPX","Exc L4-5 RORB IL1RAPL2",-0.222140915184068,4.57138614716317,13.3607013131529,0.000344840691876163,0.0120605004269665,0.0120605004269665,"social_isolation_avg"
"4493","NOA1","Exc L4-5 RORB IL1RAPL2",0.0027268994137543,3.33334791363291,0.0058905525454164,0.93891529718415,0.987766326490576,0.987766326490576,"social_isolation_avg"
"4494","POLR2B","Exc L4-5 RORB IL1RAPL2",0.0668200506809459,5.56596307282183,8.25974264617915,0.00458627820605988,0.0622835840994411,0.0622835840994411,"social_isolation_avg"
"4495","IGFBP7-AS1","Exc L4-5 RORB IL1RAPL2",-0.00741166282425711,1.03325281252515,0.00824383614694938,0.927764958986541,0.98417618971798,0.98417618971798,"social_isolation_avg"
"4496","ADGRL3","Exc L4-5 RORB IL1RAPL2",-0.00868021018613916,10.6359255796881,0.400924634401793,0.527487178718658,0.805949343155566,0.805949343155566,"social_isolation_avg"
"4497","AC020741.1","Exc L4-5 RORB IL1RAPL2",0.0650386803579443,1.91609545790771,0.816746387181532,0.367448353681993,0.685952949019198,0.685952949019198,"social_isolation_avg"
"4498","ADGRL3-AS1","Exc L4-5 RORB IL1RAPL2",0.066447929764951,0.862139271990279,0.453570095519596,0.501585010625515,0.787788659919098,0.787788659919098,"social_isolation_avg"
"4499","LINC02232","Exc L4-5 RORB IL1RAPL2",-0.0694226219986677,6.57932753828394,1.36020641313033,0.245181661194373,0.570693826451,0.570693826451,"social_isolation_avg"
"4500","EPHA5","Exc L4-5 RORB IL1RAPL2",-0.0270686528355787,7.89607069730088,0.709919357961175,0.400688059691062,0.713612460223512,0.713612460223512,"social_isolation_avg"
"4501","EPHA5-AS1","Exc L4-5 RORB IL1RAPL2",0.0446309222977588,4.61095946797226,1.4897639421348,0.223991395828904,0.545206161415657,0.545206161415657,"social_isolation_avg"
"4502","AC116049.2","Exc L4-5 RORB IL1RAPL2",-0.125677065650652,0.0418289229179667,0.60374079914864,0.438264825627256,0.741465815517486,0.741465815517486,"social_isolation_avg"
"4503","AC104806.2","Exc L4-5 RORB IL1RAPL2",0.0628908978571311,6.35763208344309,6.39164620289063,0.0124033094052176,0.111344968425333,0.111344968425333,"social_isolation_avg"
"4504","CENPC","Exc L4-5 RORB IL1RAPL2",0.0373125035596316,6.73032729489003,2.96779608450611,0.0868077213461436,0.339778422753492,0.339778422753492,"social_isolation_avg"
"4505","STAP1","Exc L4-5 RORB IL1RAPL2",0.00464437739919528,-0.196473298731711,0.00067508470844796,0.979302723395061,0.996900351286273,0.996900351286273,"social_isolation_avg"
"4506","UBA6","Exc L4-5 RORB IL1RAPL2",0.0222584062724403,6.1764392156657,1.46693909599531,0.227557997880982,0.549256904950383,0.549256904950383,"social_isolation_avg"
"4507","UBA6-AS1","Exc L4-5 RORB IL1RAPL2",0.0752044037883357,7.83826786153121,2.20849357450711,0.13915744961095,0.431144277728635,0.431144277728635,"social_isolation_avg"
"4508","GNRHR","Exc L4-5 RORB IL1RAPL2",-0.0144990130736681,-0.455975347673733,0.0164012029530586,0.898251483651655,0.977255559309928,0.977255559309928,"social_isolation_avg"
"4509","TMPRSS11D","Exc L4-5 RORB IL1RAPL2",-0.0485797863984265,0.509373461482244,0.140563322623504,0.708202227223365,0.903323064668551,0.903323064668551,"social_isolation_avg"
"4510","TMPRSS11A","Exc L4-5 RORB IL1RAPL2",0.0779342204179956,0.644126970902072,0.386594904525047,0.534951329354084,0.809700884133067,0.809700884133067,"social_isolation_avg"
"4511","TMPRSS11F","Exc L4-5 RORB IL1RAPL2",0.0332483493682374,-0.0978904893498006,0.0505381451712288,0.884932430526059,0.97365717473683,0.97365717473683,"social_isolation_avg"
"4512","YTHDC1","Exc L4-5 RORB IL1RAPL2",-0.0137193857818501,5.93359286627085,0.643314660925051,0.818661288095251,0.951762359999666,0.951762359999666,"social_isolation_avg"
"4513","UGT2B7","Exc L4-5 RORB IL1RAPL2",0.164246117222825,-0.36171582761856,1.00024247038582,0.318713659113619,0.646321634103983,0.646321634103983,"social_isolation_avg"
"4514","UTP3","Exc L4-5 RORB IL1RAPL2",0.0245501213567063,3.41783449633815,0.365415040003865,0.633776554225537,0.865154438176829,0.865154438176829,"social_isolation_avg"
"4515","RUFY3","Exc L4-5 RORB IL1RAPL2",0.0140818771992577,8.14369865542234,1.33963335888252,0.248768392550737,0.574788955361155,0.574788955361155,"social_isolation_avg"
"4516","GRSF1","Exc L4-5 RORB IL1RAPL2",-0.00177786977133714,5.34944542845809,0.0059011958118328,0.93886024607043,0.987766326490576,0.987766326490576,"social_isolation_avg"
"4517","MOB1B","Exc L4-5 RORB IL1RAPL2",0.000997403846956994,5.29892865612056,0.00129964053562449,0.971285568758795,0.99519493546629,0.99519493546629,"social_isolation_avg"
"4518","DCK","Exc L4-5 RORB IL1RAPL2",-0.0479936352244068,3.60922163449475,1.44909558247569,0.230394182279385,0.552556696860669,0.552556696860669,"social_isolation_avg"
"4519","SLC4A4","Exc L4-5 RORB IL1RAPL2",-1.5790399319082,0.774589694393564,19.2000699944809,2.08494352193869e-05,0.00224564928812081,0.00224564928812081,"social_isolation_avg"
"4520","NPFFR2","Exc L4-5 RORB IL1RAPL2",0.213126265942658,2.51151983609064,2.20000262415219,0.139914666838441,0.432569511642181,0.432569511642181,"social_isolation_avg"
"4521","ADAMTS3","Exc L4-5 RORB IL1RAPL2",-0.371292941852169,1.45260270318028,1.79223123544176,0.182492820595466,0.489071684994218,0.489071684994218,"social_isolation_avg"
"4522","COX18","Exc L4-5 RORB IL1RAPL2",0.0180486104574977,3.61603567478242,0.323630370286961,0.570206187639002,0.829737191430921,0.829737191430921,"social_isolation_avg"
"4523","ANKRD17","Exc L4-5 RORB IL1RAPL2",0.0382098909774532,8.38638179953254,7.31514411303646,0.00755362616234083,0.0842081826257726,0.0842081826257726,"social_isolation_avg"
"4524","AC053527.1","Exc L4-5 RORB IL1RAPL2",0.0745783786640966,4.79721813058917,3.24522683063985,0.0734543281440796,0.310576389455671,0.310576389455671,"social_isolation_avg"
"4525","AFP","Exc L4-5 RORB IL1RAPL2",-0.0580130335287678,-0.0154730982648212,0.153367125140075,0.695842553520511,0.896746829802588,0.896746829802588,"social_isolation_avg"
"4526","LINC02499","Exc L4-5 RORB IL1RAPL2",-0.328814410384522,-0.0890862825345199,4.14083606770391,0.0434580755994655,0.23257524203727,0.23257524203727,"social_isolation_avg"
"4527","RASSF6","Exc L4-5 RORB IL1RAPL2",-0.00756137142086765,1.40699992901475,0.00375596631368653,0.951205527161934,0.989392111770647,0.989392111770647,"social_isolation_avg"
"4528","MTHFD2L","Exc L4-5 RORB IL1RAPL2",0.0186425069730567,5.29941220085776,0.349379676354702,0.555271883619886,0.820099860274128,0.820099860274128,"social_isolation_avg"
"4529","BTC","Exc L4-5 RORB IL1RAPL2",-0.0802235441613952,4.06639595099716,4.82786383128758,0.0293943994316944,0.185514153317908,0.185514153317908,"social_isolation_avg"
"4530","PARM1","Exc L4-5 RORB IL1RAPL2",-0.0124556197861316,6.93667596918552,0.149864658900705,0.699162689680927,0.898892470210937,0.898892470210937,"social_isolation_avg"
"4531","AC110760.1","Exc L4-5 RORB IL1RAPL2",-0.250416465567004,-0.223798904867912,2.73609956366273,0.100001677804861,0.365940294906454,0.365940294906454,"social_isolation_avg"
"4532","AC025244.1","Exc L4-5 RORB IL1RAPL2",0.0450082329470797,1.84526127121355,0.391187350199402,0.532538492309826,0.80898912157165,0.80898912157165,"social_isolation_avg"
"4533","AC096759.1","Exc L4-5 RORB IL1RAPL2",0.0346606255795588,1.30484528967466,0.171958897756496,0.678914382471369,0.887627075092646,0.887627075092646,"social_isolation_avg"
"4534","AC096759.2","Exc L4-5 RORB IL1RAPL2",0.19915006852186,0.320697987308205,2.09386386742499,0.149785366331697,0.447016794774259,0.447016794774259,"social_isolation_avg"
"4535","RCHY1","Exc L4-5 RORB IL1RAPL2",-0.0313349530269922,5.23467876142166,1.69978775934779,0.194128526254165,0.50639225182985,0.50639225182985,"social_isolation_avg"
"4536","THAP6","Exc L4-5 RORB IL1RAPL2",0.0511461178370041,3.95374943295926,2.79096375729245,0.0966895576592526,0.360111686667175,0.360111686667175,"social_isolation_avg"
"4537","ODAPH","Exc L4-5 RORB IL1RAPL2",0.219781285084501,0.0916894907642367,3.26010730395806,0.0728040901747213,0.30913962975671,0.30913962975671,"social_isolation_avg"
"4538","CDKL2","Exc L4-5 RORB IL1RAPL2",-0.000874954200923466,5.16859394098479,0.00081521124299638,0.977256413772127,0.996715536610383,0.996715536610383,"social_isolation_avg"
"4539","G3BP2","Exc L4-5 RORB IL1RAPL2",0.00138040268420775,6.90609236795468,0.00407049636276157,0.949206214599696,0.988853552742656,0.988853552742656,"social_isolation_avg"
"4540","USO1","Exc L4-5 RORB IL1RAPL2",0.0419284980058956,6.10020029711719,4.74815705539975,0.0307451772127806,0.191169733172206,0.191169733172206,"social_isolation_avg"
"4541","PPEF2","Exc L4-5 RORB IL1RAPL2",0.178237917300812,1.08124492802482,3.01321593678553,0.0844517183090421,0.33443092551808,0.33443092551808,"social_isolation_avg"
"4542","NAAA","Exc L4-5 RORB IL1RAPL2",0.0239600183081437,4.60673035209949,0.587187616979554,0.44460163884803,0.746036503072328,0.746036503072328,"social_isolation_avg"
"4543","SDAD1","Exc L4-5 RORB IL1RAPL2",-0.0133410175972267,5.17400686319954,0.486001628239474,0.892302332777953,0.975346761322452,0.975346761322452,"social_isolation_avg"
"4544","AC112719.2","Exc L4-5 RORB IL1RAPL2",-0.000477174481475129,-0.123395365009704,3.53920574439111e-05,0.995260488801016,0.9994589795957,0.9994589795957,"social_isolation_avg"
"4545","ART3","Exc L4-5 RORB IL1RAPL2",-0.348282260870223,2.55069454304406,3.91725557142644,0.049453579640274,0.250391003578706,0.250391003578706,"social_isolation_avg"
"4546","NUP54","Exc L4-5 RORB IL1RAPL2",0.0444463888300047,5.13834864214554,3.64029897016958,0.0581304257589448,0.274012403035624,0.274012403035624,"social_isolation_avg"
"4547","SCARB2","Exc L4-5 RORB IL1RAPL2",-0.0125803369208059,6.05371382610602,0.534144841749146,0.465904156749508,0.762113992379825,0.762113992379825,"social_isolation_avg"
"4548","FAM47E","Exc L4-5 RORB IL1RAPL2",-0.110556911257043,0.592598484390882,1.28882771145427,0.257907558685739,0.586311296154376,0.586311296154376,"social_isolation_avg"
"4549","FAM47E-STBD1","Exc L4-5 RORB IL1RAPL2",-0.0257127655971604,2.64163171960476,0.287124428363914,0.592789462076696,0.842426437329855,0.842426437329855,"social_isolation_avg"
"4550","CCDC158","Exc L4-5 RORB IL1RAPL2",0.0332584558141062,2.45725093513038,0.176287747673245,0.675128321358403,0.885853595671414,0.885853595671414,"social_isolation_avg"
"4551","SHROOM3","Exc L4-5 RORB IL1RAPL2",0.0341138820936871,5.5350185929198,0.85001251179304,0.357892503104846,0.6777784056898,0.6777784056898,"social_isolation_avg"
"4552","AC107072.1","Exc L4-5 RORB IL1RAPL2",0.0605785366546545,2.81554936168104,0.391022815677152,0.532624596300957,0.80898912157165,0.80898912157165,"social_isolation_avg"
"4553","SOWAHB","Exc L4-5 RORB IL1RAPL2",-0.186319135057514,-0.134207066593304,2.16947720378328,0.142675702449835,0.436716682563793,0.436716682563793,"social_isolation_avg"
"4554","SEPT11","Exc L4-5 RORB IL1RAPL2",-0.0339409580436265,7.69633337704507,3.53900770153848,0.0616996637676373,0.282394614936494,0.282394614936494,"social_isolation_avg"
"4555","CCNI","Exc L4-5 RORB IL1RAPL2",-0.104020534492199,7.31784200597506,10.5557951551999,0.001403111752365,0.0293675635691352,0.0293675635691352,"social_isolation_avg"
"4556","CCNG2","Exc L4-5 RORB IL1RAPL2",-0.0993254979069708,4.15001021779273,7.8616886865682,0.00565414652639696,0.0707085964480879,0.0707085964480879,"social_isolation_avg"
"4557","CXCL13","Exc L4-5 RORB IL1RAPL2",-0.0677577410557637,-0.0295892960907082,0.12559968794781,0.723490492186798,0.91006041627328,0.91006041627328,"social_isolation_avg"
"4558","CNOT6L","Exc L4-5 RORB IL1RAPL2",0.00902369838603064,6.5224822659491,0.346642178004678,0.556823787642068,0.821004580462381,0.821004580462381,"social_isolation_avg"
"4559","MRPL1","Exc L4-5 RORB IL1RAPL2",0.0639867017855542,5.69792780487989,8.5704152409136,0.00389849979539216,0.056093927474232,0.056093927474232,"social_isolation_avg"
"4560","FRAS1","Exc L4-5 RORB IL1RAPL2",0.0719961298281376,7.4508498967548,1.45064893098474,0.23014558411074,0.552542138936596,0.552542138936596,"social_isolation_avg"
"4561","ANXA3","Exc L4-5 RORB IL1RAPL2",0.0689061151418291,0.426896327971711,0.270906212947379,0.603420982172014,0.84810912192597,0.84810912192597,"social_isolation_avg"
"4562","BMP2K","Exc L4-5 RORB IL1RAPL2",0.023806272762653,5.35665795011267,0.84020301696795,0.360674101731394,0.680770690126416,0.680770690126416,"social_isolation_avg"
"4563","PAQR3","Exc L4-5 RORB IL1RAPL2",0.0540920102576206,5.75412072905327,4.52267016194706,0.0349327720095293,0.204569167190437,0.204569167190437,"social_isolation_avg"
"4564","LINC01088","Exc L4-5 RORB IL1RAPL2",-0.0197470060189229,3.77088906912633,0.213850004673185,0.64437453888719,0.869732087329029,0.869732087329029,"social_isolation_avg"
"4565","NAA11","Exc L4-5 RORB IL1RAPL2",0.109916475137989,0.670575838975955,1.21573308706668,0.271802407566487,0.600861473719535,0.600861473719535,"social_isolation_avg"
"4566","ANTXR2","Exc L4-5 RORB IL1RAPL2",0.0410575999883476,5.13017368785276,1.00801627272827,0.316846015129978,0.644905707000248,0.644905707000248,"social_isolation_avg"
"4567","AC021127.1","Exc L4-5 RORB IL1RAPL2",0.0261645905834293,0.767253171562214,0.0925763110821889,0.761309808701577,0.928722988596757,0.928722988596757,"social_isolation_avg"
"4568","PRDM8","Exc L4-5 RORB IL1RAPL2",-0.0166969810213302,5.8009765917304,0.418201037986527,0.518732995402621,0.799718651186587,0.799718651186587,"social_isolation_avg"
"4569","FGF5","Exc L4-5 RORB IL1RAPL2",-0.00555386169050404,3.91507917105146,0.0106981499761444,0.917745607675574,0.9830198062462,0.9830198062462,"social_isolation_avg"
"4570","CFAP299","Exc L4-5 RORB IL1RAPL2",0.0133537841245712,5.92413586464667,0.0367844959618606,0.848139875765838,0.961873912835597,0.961873912835597,"social_isolation_avg"
"4571","BMP3","Exc L4-5 RORB IL1RAPL2",0.0443106087087706,0.145416741579569,0.143591968926517,0.800464695030524,0.944238933583077,0.944238933583077,"social_isolation_avg"
"4572","PRKG2","Exc L4-5 RORB IL1RAPL2",-0.162145043423477,-0.2578765258891,0.231319063901516,0.631183485903117,0.86366997545798,0.86366997545798,"social_isolation_avg"
"4573","AC139722.1","Exc L4-5 RORB IL1RAPL2",-0.104245832918787,-0.424091690093006,0.451703944229898,0.502465201784335,0.788454676590112,0.788454676590112,"social_isolation_avg"
"4574","RASGEF1B","Exc L4-5 RORB IL1RAPL2",0.0544968746218976,7.315689752046,0.316492613946238,0.574485296602172,0.83229986960258,0.83229986960258,"social_isolation_avg"
"4575","AC124016.2","Exc L4-5 RORB IL1RAPL2",0.0512456193275151,3.61214048536475,1.58855328608041,0.209309268744332,0.527412528154415,0.527412528154415,"social_isolation_avg"
"4576","HNRNPD","Exc L4-5 RORB IL1RAPL2",-0.0127266610571609,6.23762022123344,0.587118988881478,0.583775654086399,0.838364400018437,0.838364400018437,"social_isolation_avg"
"4577","AC124016.1","Exc L4-5 RORB IL1RAPL2",-0.037655018457052,3.08667846430181,0.71428667752852,0.399246060283099,0.712857761442178,0.712857761442178,"social_isolation_avg"
"4578","HNRNPDL","Exc L4-5 RORB IL1RAPL2",0.00951627483484148,7.06311824140692,0.0898745835692542,0.764713308612847,0.929548796740828,0.929548796740828,"social_isolation_avg"
"4579","ENOPH1","Exc L4-5 RORB IL1RAPL2",-0.0362562476781349,5.14877871163082,2.48508356989171,0.126591476950066,0.409538970165627,0.409538970165627,"social_isolation_avg"
"4580","TMEM150C","Exc L4-5 RORB IL1RAPL2",0.011056611771578,6.13170727568442,0.184835908452134,0.667809802293443,0.883067130004296,0.883067130004296,"social_isolation_avg"
"4581","SCD5","Exc L4-5 RORB IL1RAPL2",-0.0078873402269801,7.0160222038076,0.147977781020575,0.700969873474589,0.899494810173801,0.899494810173801,"social_isolation_avg"
"4582","SEC31A","Exc L4-5 RORB IL1RAPL2",0.0229412596819665,6.22619222448511,2.05040022068854,0.15405437832218,0.45353770776685,0.45353770776685,"social_isolation_avg"
"4583","THAP9","Exc L4-5 RORB IL1RAPL2",-0.0548465414970377,2.14377870015064,0.962444981766706,0.328005335569583,0.653764769231232,0.653764769231232,"social_isolation_avg"
"4584","LIN54","Exc L4-5 RORB IL1RAPL2",0.0204221684902029,5.09694207834014,0.875915029583082,0.350688268921105,0.671807495721154,0.671807495721154,"social_isolation_avg"
"4585","COPS4","Exc L4-5 RORB IL1RAPL2",0.00420968595801289,5.11410111226713,0.0324119207002988,0.857347092634618,0.96389332647035,0.96389332647035,"social_isolation_avg"
"4586","PLAC8","Exc L4-5 RORB IL1RAPL2",0.130848407920615,0.226392668223058,1.09606731255367,0.296659247303592,0.627301030200185,0.627301030200185,"social_isolation_avg"
"4587","AC114781.2","Exc L4-5 RORB IL1RAPL2",-0.00674421279538846,0.771045026927635,0.00674561619137809,0.934641353489093,0.986842461541563,0.986842461541563,"social_isolation_avg"
"4588","COQ2","Exc L4-5 RORB IL1RAPL2",-0.0998212032796987,1.87645911609403,2.65798686596833,0.104935079996164,0.374821458325754,0.374821458325754,"social_isolation_avg"
"4589","HELQ","Exc L4-5 RORB IL1RAPL2",0.0817130634823086,4.39569943164789,7.58318145390835,0.00655119854830965,0.0775987928672841,0.0775987928672841,"social_isolation_avg"
"4590","MRPS18C","Exc L4-5 RORB IL1RAPL2",-0.0436665869189124,4.24180958403331,1.52403975733493,0.218761292581873,0.539118126857024,0.539118126857024,"social_isolation_avg"
"4591","ABRAXAS1","Exc L4-5 RORB IL1RAPL2",0.0782703747592336,2.19577492117926,2.00314345447371,0.158854632668665,0.45965568201924,0.45965568201924,"social_isolation_avg"
"4592","GPAT3","Exc L4-5 RORB IL1RAPL2",0.137027937471844,2.06569816201007,2.19691960714811,0.140190761398732,0.432927924991907,0.432927924991907,"social_isolation_avg"
"4593","CDS1","Exc L4-5 RORB IL1RAPL2",-0.0133735492991348,5.40694139958403,0.292865571301979,0.589118619395269,0.840694946822209,0.840694946822209,"social_isolation_avg"
"4594","WDFY3","Exc L4-5 RORB IL1RAPL2",0.0169584702115038,7.9591015375309,1.47651082028773,0.226054024627417,0.547736919280445,0.547736919280445,"social_isolation_avg"
"4595","WDFY3-AS1","Exc L4-5 RORB IL1RAPL2",-0.212952010166021,0.00067858883845015,2.18487530896421,0.141275297620122,0.434645513214686,0.434645513214686,"social_isolation_avg"
"4596","ARHGAP24","Exc L4-5 RORB IL1RAPL2",0.112258652870899,2.29700050336121,0.223954729867233,0.63666734702941,0.866571025320159,0.866571025320159,"social_isolation_avg"
"4597","MAPK10","Exc L4-5 RORB IL1RAPL2",0.0583630116794259,10.3478547751839,21.4988704170732,7.15677898565718e-06,0.0010867059115933,0.0010867059115933,"social_isolation_avg"
"4598","AC104827.1","Exc L4-5 RORB IL1RAPL2",0.088857339090071,4.88107944403587,3.07418326462842,0.081398198318975,0.327673437865393,0.327673437865393,"social_isolation_avg"
"4599","PTPN13","Exc L4-5 RORB IL1RAPL2",0.0276757888459714,5.46538130030979,0.3654310082356,0.546334218240143,0.815557376198955,0.815557376198955,"social_isolation_avg"
"4600","SLC10A6","Exc L4-5 RORB IL1RAPL2",-0.257783204911058,-0.188416207273731,3.19985094338072,0.0754762879622274,0.314732590207646,0.314732590207646,"social_isolation_avg"
"4601","C4orf36","Exc L4-5 RORB IL1RAPL2",-0.0682480380340817,0.391136459102503,0.439372416078122,0.50834876089366,0.792295461686074,0.792295461686074,"social_isolation_avg"
"4602","AC093827.5","Exc L4-5 RORB IL1RAPL2",0.127972869039359,0.954391753290259,2.33310078830381,0.128560626077293,0.412779089260741,0.412779089260741,"social_isolation_avg"
"4603","AFF1","Exc L4-5 RORB IL1RAPL2",0.0637908203991522,6.53512714476392,7.08940315111487,0.00852038745757706,0.0895634728248975,0.0895634728248975,"social_isolation_avg"
"4604","KLHL8","Exc L4-5 RORB IL1RAPL2",-0.0501512272613636,5.41372512086974,4.62257297821925,0.0330077041778856,0.198533591950542,0.198533591950542,"social_isolation_avg"
"4605","HSD17B13","Exc L4-5 RORB IL1RAPL2",0.100546955439003,2.54581165044402,1.06194054709556,0.304278481792309,0.635248058478681,0.635248058478681,"social_isolation_avg"
"4606","HSD17B11","Exc L4-5 RORB IL1RAPL2",0.0255011775915982,4.39811287340134,0.588437182521249,0.444118350036811,0.745684417435317,0.745684417435317,"social_isolation_avg"
"4607","NUDT9","Exc L4-5 RORB IL1RAPL2",-0.0184988589166419,4.61111354741144,0.41615856393546,0.519754466089081,0.800445568360043,0.800445568360043,"social_isolation_avg"
"4608","SPARCL1","Exc L4-5 RORB IL1RAPL2",-0.0700514773152337,9.02697599547234,3.3105994352117,0.070643733517927,0.304216349039062,0.304216349039062,"social_isolation_avg"
"4609","AC093895.1","Exc L4-5 RORB IL1RAPL2",0.231867415066414,0.449371999913814,4.07428622732783,0.0451573647036223,0.238133360523199,0.238133360523199,"social_isolation_avg"
"4610","PKD2","Exc L4-5 RORB IL1RAPL2",-0.00806183908901653,6.92652075423647,0.160302510102096,0.689395131733394,0.893289730031325,0.893289730031325,"social_isolation_avg"
"4611","ABCG2","Exc L4-5 RORB IL1RAPL2",0.0626648870507478,0.131698347243606,0.327863063221146,0.567698115961912,0.82798242905383,0.82798242905383,"social_isolation_avg"
"4612","PPM1K","Exc L4-5 RORB IL1RAPL2",-0.0878622688239848,7.04912946781296,18.7832156381871,2.53605316148532e-05,0.00246680724889061,0.00246680724889061,"social_isolation_avg"
"4613","AC107067.1","Exc L4-5 RORB IL1RAPL2",0.0213667180688043,3.0091850762489,0.0702985747839307,0.79123290468755,0.941038251380201,0.941038251380201,"social_isolation_avg"
"4614","HERC6","Exc L4-5 RORB IL1RAPL2",-0.0212361090113245,4.93923227446982,0.341101097200418,0.559990506652409,0.823170715001165,0.823170715001165,"social_isolation_avg"
"4615","PYURF","Exc L4-5 RORB IL1RAPL2",-0.12947879620326,4.05616115023417,14.4367539013566,0.000203416059480386,0.00886828401250781,0.00886828401250781,"social_isolation_avg"
"4616","AC098582.1","Exc L4-5 RORB IL1RAPL2",0.092887258147115,2.97961612731268,4.14384787256674,0.0433827972198371,0.232572078693179,0.232572078693179,"social_isolation_avg"
"4617","HERC3","Exc L4-5 RORB IL1RAPL2",0.0146289865953598,5.67389116354711,0.53722931772305,0.46462140617607,0.761200244718799,0.761200244718799,"social_isolation_avg"
"4618","NAP1L5","Exc L4-5 RORB IL1RAPL2",-0.101706249276469,5.48952630670138,7.43461634673324,0.00708856824861485,0.0811615304440761,0.0811615304440761,"social_isolation_avg"
"4619","FAM13A-AS1","Exc L4-5 RORB IL1RAPL2",0.0679014118788072,3.64870365287263,3.27207114266908,0.0722858205811411,0.308420027453417,0.308420027453417,"social_isolation_avg"
"4620","FAM13A","Exc L4-5 RORB IL1RAPL2",0.012382752467321,8.10863036405079,0.223187421742556,0.637245053008958,0.866933681908434,0.866933681908434,"social_isolation_avg"
"4621","TIGD2","Exc L4-5 RORB IL1RAPL2",-0.156956076689856,1.13731648090643,3.49181499972622,0.0634423950413394,0.286012284149912,0.286012284149912,"social_isolation_avg"
"4622","GPRIN3","Exc L4-5 RORB IL1RAPL2",0.0432320273166846,5.39974805507304,0.872370649586791,0.351662226043783,0.672236914424572,0.672236914424572,"social_isolation_avg"
"4623","AC097478.1","Exc L4-5 RORB IL1RAPL2",-0.0120407817746261,4.35830954763825,0.0402096533522124,0.841317728130889,0.959470359469866,0.959470359469866,"social_isolation_avg"
"4624","SNCA","Exc L4-5 RORB IL1RAPL2",-0.058517827569413,8.48963789472325,7.44327209875074,0.00705604523055251,0.0810117911451966,0.0810117911451966,"social_isolation_avg"
"4625","CCSER1","Exc L4-5 RORB IL1RAPL2",-0.00019020822215857,10.9391693946289,9.42308312324165e-05,0.992266557244121,0.999072802369964,0.999072802369964,"social_isolation_avg"
"4626","AC004054.1","Exc L4-5 RORB IL1RAPL2",-0.00518674682613493,1.32529069473444,0.00260473086215215,0.959358005700613,0.991734018385671,0.991734018385671,"social_isolation_avg"
"4627","GRID2","Exc L4-5 RORB IL1RAPL2",0.000433878921009061,9.88143389773974,0.000289984389420986,0.98643407476236,0.99830547328726,0.99830547328726,"social_isolation_avg"
"4628","AC096746.1","Exc L4-5 RORB IL1RAPL2",0.191002293030111,0.7405651293625,5.25800419399478,0.0231060195047542,0.161383903672741,0.161383903672741,"social_isolation_avg"
"4629","SMARCAD1","Exc L4-5 RORB IL1RAPL2",0.00984884610178514,6.29059032032352,0.404129396946431,0.525843476339857,0.804851926588362,0.804851926588362,"social_isolation_avg"
"4630","HPGDS","Exc L4-5 RORB IL1RAPL2",0.102217687203526,0.118715778235899,0.82727920517291,0.364384769286306,0.683475762786888,0.683475762786888,"social_isolation_avg"
"4631","PDLIM5","Exc L4-5 RORB IL1RAPL2",-0.00516858078566292,2.29836042940247,0.00178355420754449,0.966364605974022,0.993646254835144,0.993646254835144,"social_isolation_avg"
"4632","BMPR1B","Exc L4-5 RORB IL1RAPL2",0.000776784387991189,4.12605842253662,4.10445170126826e-05,0.994896033539574,0.9994589795957,0.9994589795957,"social_isolation_avg"
"4633","UNC5C","Exc L4-5 RORB IL1RAPL2",0.0542361143120816,8.25937584349306,2.6163418193051,0.107674730179185,0.379767333493373,0.379767333493373,"social_isolation_avg"
"4634","AC106881.1","Exc L4-5 RORB IL1RAPL2",-0.128570021520113,2.45172609216814,3.99204507966516,0.0473555183901373,0.244414693725501,0.244414693725501,"social_isolation_avg"
"4635","LINC02267","Exc L4-5 RORB IL1RAPL2",0.0643536613013821,1.73773971397378,0.639922917733112,0.42488683953612,0.731043365541777,0.731043365541777,"social_isolation_avg"
"4636","STPG2","Exc L4-5 RORB IL1RAPL2",0.0829780075549194,5.36282750277117,4.96021781642441,0.0272875191289987,0.177425137264531,0.177425137264531,"social_isolation_avg"
"4637","STPG2-AS1","Exc L4-5 RORB IL1RAPL2",0.077785441367786,0.164023151492274,0.378140482923323,0.539445703936821,0.811888212208856,0.811888212208856,"social_isolation_avg"
"4638","AC019077.1","Exc L4-5 RORB IL1RAPL2",-0.0277877654703492,1.55977367526911,0.165729744593118,0.707442903701156,0.903024163862212,0.903024163862212,"social_isolation_avg"
"4639","RAP1GDS1","Exc L4-5 RORB IL1RAPL2",0.0230596313115186,6.87571175649602,1.49789233589762,0.222737586568177,0.544051041466452,0.544051041466452,"social_isolation_avg"
"4640","TSPAN5","Exc L4-5 RORB IL1RAPL2",0.02515695898337,8.7232711107,1.05968147642739,0.3047917671509,0.63579473247232,0.63579473247232,"social_isolation_avg"
"4641","AC108159.1","Exc L4-5 RORB IL1RAPL2",-0.016084095843227,0.412605540281869,0.0223838031120446,0.881252990741247,0.972596117464718,0.972596117464718,"social_isolation_avg"
"4642","AC114811.2","Exc L4-5 RORB IL1RAPL2",0.094492052281999,1.56218319431796,1.48664379736403,0.224474941331491,0.545471203771253,0.545471203771253,"social_isolation_avg"
"4643","EIF4E","Exc L4-5 RORB IL1RAPL2",-0.0342859870613287,6.10836401568491,4.27693402604318,0.0401907650996076,0.222809688382559,0.222809688382559,"social_isolation_avg"
"4644","AC019131.1","Exc L4-5 RORB IL1RAPL2",-0.00980620874609963,2.09965684155322,0.0259709763588377,0.901759200718022,0.978205337360331,0.978205337360331,"social_isolation_avg"
"4645","METAP1","Exc L4-5 RORB IL1RAPL2",-0.0217348900872669,4.29702617527187,0.737239521147744,0.391789971980142,0.707015551724966,0.707015551724966,"social_isolation_avg"
"4646","AC019131.2","Exc L4-5 RORB IL1RAPL2",-0.0446785479557958,0.511070357454718,0.199473621679716,0.747601960687736,0.921915827782467,0.921915827782467,"social_isolation_avg"
"4647","ADH5","Exc L4-5 RORB IL1RAPL2",0.0112352605601361,4.4147397156697,0.11285418878796,0.737343824789725,0.916520989938666,0.916520989938666,"social_isolation_avg"
"4648","AP002026.1","Exc L4-5 RORB IL1RAPL2",0.0424027914590234,1.37964101508194,0.324585796120026,0.569638159563638,0.82940543417496,0.82940543417496,"social_isolation_avg"
"4649","TRMT10A","Exc L4-5 RORB IL1RAPL2",-0.00680081911396966,2.70890014221909,0.0216188477840566,0.912106757905265,0.981389424415338,0.981389424415338,"social_isolation_avg"
"4650","MTTP","Exc L4-5 RORB IL1RAPL2",-0.0236412568090152,0.785986730038545,0.0251364452613352,0.874221074812424,0.969990403745151,0.969990403745151,"social_isolation_avg"
"4651","AC083902.1","Exc L4-5 RORB IL1RAPL2",-0.19569214985917,1.66006072189343,4.91714173203944,0.0279552347566249,0.179998490584837,0.179998490584837,"social_isolation_avg"
"4652","C4orf54","Exc L4-5 RORB IL1RAPL2",-0.0526576855667699,1.51762620044623,0.308545374746557,0.579325164220119,0.835791950606853,0.835791950606853,"social_isolation_avg"
"4653","LAMTOR3","Exc L4-5 RORB IL1RAPL2",-0.0594174173000812,4.44275272805637,5.83358167135341,0.0168134937843534,0.133555044455814,0.133555044455814,"social_isolation_avg"
"4654","DNAJB14","Exc L4-5 RORB IL1RAPL2",0.00334792380360134,7.11696348222595,0.0523501285657764,0.81930602540442,0.952050234048104,0.952050234048104,"social_isolation_avg"
"4655","H2AFZ","Exc L4-5 RORB IL1RAPL2",-0.0784303566210992,5.61354640803009,8.244714956373,0.00462255497944088,0.0626079905268439,0.0626079905268439,"social_isolation_avg"
"4656","AC097460.1","Exc L4-5 RORB IL1RAPL2",0.0508439256675383,3.63960767786249,0.863324160115293,0.354164988039142,0.674567720826314,0.674567720826314,"social_isolation_avg"
"4657","EMCN","Exc L4-5 RORB IL1RAPL2",-0.0605121311121176,1.31014662480141,0.529125323060696,0.468003846491117,0.763370756849864,0.763370756849864,"social_isolation_avg"
"4658","PPP3CA","Exc L4-5 RORB IL1RAPL2",0.00636742587947359,10.3063995177531,0.200091820315159,0.655232345756603,0.876327780631536,0.876327780631536,"social_isolation_avg"
"4659","AP001816.1","Exc L4-5 RORB IL1RAPL2",-0.111943519793744,3.19968487970959,6.20611192907835,0.0137178236164861,0.117761408536829,0.117761408536829,"social_isolation_avg"
"4660","BANK1","Exc L4-5 RORB IL1RAPL2",-0.0203642277038259,4.61314122421009,0.259021367111254,0.611471956423587,0.852117185969555,0.852117185969555,"social_isolation_avg"
"4661","AP002075.1","Exc L4-5 RORB IL1RAPL2",0.0271308835310825,1.93648393152696,0.0955642331862184,0.757608408310027,0.926568352658453,0.926568352658453,"social_isolation_avg"
"4662","SLC39A8","Exc L4-5 RORB IL1RAPL2",0.0449493469248073,4.00999923313077,0.539880839120772,0.463523230566934,0.760454612464837,0.760454612464837,"social_isolation_avg"
"4663","AF213884.3","Exc L4-5 RORB IL1RAPL2",-0.210822419771474,-0.191137614509733,1.85587644714521,0.174954872565966,0.481221273996314,0.481221273996314,"social_isolation_avg"
"4664","NFKB1","Exc L4-5 RORB IL1RAPL2",0.0327563973212316,6.19068267566267,3.47092251186848,0.0642307598010102,0.288419883783546,0.288419883783546,"social_isolation_avg"
"4665","MANBA","Exc L4-5 RORB IL1RAPL2",0.088890831915918,5.51462898058148,10.5118484639322,0.00143480881530666,0.0298986977912085,0.0298986977912085,"social_isolation_avg"
"4666","UBE2D3","Exc L4-5 RORB IL1RAPL2",-0.0234576222610465,7.39422685392944,2.5537676026004,0.111941408026987,0.386564809853731,0.386564809853731,"social_isolation_avg"
"4667","AC018797.2","Exc L4-5 RORB IL1RAPL2",-0.0458261135517445,3.66188389509164,1.33552930788349,0.249491616645033,0.575925550948353,0.575925550948353,"social_isolation_avg"
"4668","CISD2","Exc L4-5 RORB IL1RAPL2",-0.0414949719133601,4.57446319137786,2.76806526941983,0.0980570155144422,0.362816706735896,0.362816706735896,"social_isolation_avg"
"4669","SLC9B1","Exc L4-5 RORB IL1RAPL2",0.0364348744292748,3.29052331348268,0.635171618875362,0.426607912608725,0.732871646492618,0.732871646492618,"social_isolation_avg"
"4670","SLC9B2","Exc L4-5 RORB IL1RAPL2",0.00284477554835896,6.2906987487383,0.0319171609590548,0.858428367670101,0.964243395716678,0.964243395716678,"social_isolation_avg"
"4671","BDH2","Exc L4-5 RORB IL1RAPL2",0.11509043211519,0.08897221253337,0.816707655690114,0.367459685390553,0.685952949019198,0.685952949019198,"social_isolation_avg"
"4672","CENPE","Exc L4-5 RORB IL1RAPL2",-0.078121273969627,2.15046460537984,1.04010661276145,0.309287013774917,0.639076071599346,0.639076071599346,"social_isolation_avg"
"4673","LINC02428","Exc L4-5 RORB IL1RAPL2",-0.167319151922714,0.194623600422111,1.98636376207699,0.160600168749265,0.462513819315805,0.462513819315805,"social_isolation_avg"
"4674","TACR3","Exc L4-5 RORB IL1RAPL2",0.14661199177044,0.281966462768889,1.58332624698284,0.210056666391403,0.528381040254153,0.528381040254153,"social_isolation_avg"
"4675","LINC02503","Exc L4-5 RORB IL1RAPL2",0.120717045239133,-0.152541533888032,0.858939394977159,0.457171656430188,0.755207343401046,0.755207343401046,"social_isolation_avg"
"4676","AC004052.1","Exc L4-5 RORB IL1RAPL2",0.0704071972016366,-0.0735673461003924,0.29223995655822,0.589516363107861,0.840910319774023,0.840910319774023,"social_isolation_avg"
"4677","CXXC4","Exc L4-5 RORB IL1RAPL2",-0.00269577335095124,6.38328927184405,0.00944961810196905,0.922678071330098,0.983585629113706,0.983585629113706,"social_isolation_avg"
"4678","CXXC4-AS1","Exc L4-5 RORB IL1RAPL2",0.035469971084415,6.38241798179313,0.85918668318552,0.355317807290811,0.675692649316836,0.675692649316836,"social_isolation_avg"
"4679","AC004053.1","Exc L4-5 RORB IL1RAPL2",0.000961679122488798,2.22799268795557,0.000186131828559025,0.989131240125897,0.998787747693845,0.998787747693845,"social_isolation_avg"
"4680","AC096577.1","Exc L4-5 RORB IL1RAPL2",0.157030804027355,2.51103878150261,4.42739996755041,0.0368792750634949,0.211837511680749,0.211837511680749,"social_isolation_avg"
"4681","AC004069.1","Exc L4-5 RORB IL1RAPL2",-0.0363338443875983,-0.0493810710379936,0.0812312825271323,0.775992480951626,0.935038846728637,0.935038846728637,"social_isolation_avg"
"4682","TET2","Exc L4-5 RORB IL1RAPL2",0.0212659143824649,5.75878618959801,0.845518186264851,0.359163224463381,0.679029513396446,0.679029513396446,"social_isolation_avg"
"4683","PPA2","Exc L4-5 RORB IL1RAPL2",0.0165994208923955,6.9568509554246,0.907690377960818,0.342119056648999,0.665217826621694,0.665217826621694,"social_isolation_avg"
"4684","ARHGEF38","Exc L4-5 RORB IL1RAPL2",0.148671753433691,0.732046884528456,2.99879834674647,0.0851919325116044,0.335815948969181,0.335815948969181,"social_isolation_avg"
"4685","INTS12","Exc L4-5 RORB IL1RAPL2",0.0164501183767894,4.10910522956442,0.172719495551417,0.678245134919272,0.887303892540105,0.887303892540105,"social_isolation_avg"
"4686","GSTCD","Exc L4-5 RORB IL1RAPL2",-0.000785071047726284,5.23365167280587,0.000651699297965548,0.979664287294152,0.996999571334318,0.996999571334318,"social_isolation_avg"
"4687","NPNT","Exc L4-5 RORB IL1RAPL2",-0.0148151734421372,2.65483613450275,0.0313972113156391,0.859574057095022,0.964243395716678,0.964243395716678,"social_isolation_avg"
"4688","AC109361.1","Exc L4-5 RORB IL1RAPL2",0.0550389011733838,2.58755306757642,1.03403397207922,0.310699148391546,0.640079800737924,0.640079800737924,"social_isolation_avg"
"4689","TBCK","Exc L4-5 RORB IL1RAPL2",0.0620363782363805,7.7799654900896,23.7579740824927,2.54518165893095e-06,0.000535667068794015,0.000535667068794015,"social_isolation_avg"
"4690","AIMP1","Exc L4-5 RORB IL1RAPL2",-0.0158985360110858,4.26885360852017,0.322446807137456,0.570911392427371,0.829944468108913,0.829944468108913,"social_isolation_avg"
"4691","DKK2","Exc L4-5 RORB IL1RAPL2",-0.00823554684760989,3.96121115548635,0.0175058062599047,0.894900404896115,0.975838961065222,0.975838961065222,"social_isolation_avg"
"4692","PAPSS1","Exc L4-5 RORB IL1RAPL2",-0.00677404242363562,7.07906694593377,0.123814854135391,0.725381419177554,0.911169211462424,0.911169211462424,"social_isolation_avg"
"4693","SGMS2","Exc L4-5 RORB IL1RAPL2",-0.00774266401364871,2.63525531272507,0.0276601495438002,0.868113573446856,0.967405437492666,0.967405437492666,"social_isolation_avg"
"4694","AC096564.1","Exc L4-5 RORB IL1RAPL2",0.0310599260316243,4.78740699926426,0.523748316510858,0.470270053559368,0.765220131011077,0.765220131011077,"social_isolation_avg"
"4695","CYP2U1","Exc L4-5 RORB IL1RAPL2",-0.00830497905119912,4.92278025620643,0.0797226244035008,0.778026881896447,0.935858673440101,0.935858673440101,"social_isolation_avg"
"4696","HADH","Exc L4-5 RORB IL1RAPL2",0.00253115870000271,4.30486187104837,0.00866884248611849,0.925931612333109,0.98417618971798,0.98417618971798,"social_isolation_avg"
"4697","RPL34-AS1","Exc L4-5 RORB IL1RAPL2",0.0351920809289138,3.78533032223601,0.364352703012659,0.546926169912466,0.815668799630627,0.815668799630627,"social_isolation_avg"
"4698","RPL34","Exc L4-5 RORB IL1RAPL2",-0.0403952459073738,5.1595888467505,0.673046854633604,0.413172836813389,0.72299318661147,0.72299318661147,"social_isolation_avg"
"4699","OSTC","Exc L4-5 RORB IL1RAPL2",-0.0879895793150775,3.3397595765754,4.50410595295253,0.035303369895266,0.205892102705985,0.205892102705985,"social_isolation_avg"
"4700","COL25A1","Exc L4-5 RORB IL1RAPL2",-0.0127034009962032,4.22462712910844,0.0867917992301796,0.7686656984368,0.931404335648312,0.931404335648312,"social_isolation_avg"
"4701","SEC24B-AS1","Exc L4-5 RORB IL1RAPL2",0.030886451941895,4.13921654430282,0.705090248919345,0.402291394685497,0.714658901219765,0.714658901219765,"social_isolation_avg"
"4702","SEC24B","Exc L4-5 RORB IL1RAPL2",0.0335499504355215,6.46709454744451,4.73092126400429,0.0310457713945059,0.192280537006693,0.192280537006693,"social_isolation_avg"
"4703","MCUB","Exc L4-5 RORB IL1RAPL2",0.0560872017935513,2.25534657059899,0.707294859808305,0.401558271473473,0.714288244293465,0.714288244293465,"social_isolation_avg"
"4704","CASP6","Exc L4-5 RORB IL1RAPL2",0.0340842625264815,3.60823634947492,0.480737069643614,0.489061749019181,0.779808844078475,0.779808844078475,"social_isolation_avg"
"4705","PLA2G12A","Exc L4-5 RORB IL1RAPL2",-0.044098430236904,4.44053121724638,2.35584774369289,0.126725856326638,0.409596844474944,0.409596844474944,"social_isolation_avg"
"4706","AC126283.1","Exc L4-5 RORB IL1RAPL2",-0.183541160987477,-0.526308120956748,1.18010698666747,0.278915852689461,0.609885998682704,0.609885998682704,"social_isolation_avg"
"4707","GAR1","Exc L4-5 RORB IL1RAPL2",0.0291516640476142,2.90500331000454,0.440809913165763,0.507656811847592,0.791918572031955,0.791918572031955,"social_isolation_avg"
"4708","RRH","Exc L4-5 RORB IL1RAPL2",-0.0412526365613777,2.83133626219994,0.833850602633164,0.36249140554306,0.682146358959006,0.682146358959006,"social_isolation_avg"
"4709","LRIT3","Exc L4-5 RORB IL1RAPL2",-0.103498699316869,1.1731070103787,1.78372291640358,0.183528943619003,0.490651110694208,0.490651110694208,"social_isolation_avg"
"4710","EGF","Exc L4-5 RORB IL1RAPL2",0.0277795451482322,4.86539586097394,0.332577159781305,0.564929994148393,0.826725939162625,0.826725939162625,"social_isolation_avg"
"4711","ELOVL6","Exc L4-5 RORB IL1RAPL2",0.0165334646822858,6.60993357983581,0.37641477893241,0.540371601354502,0.812231575248533,0.812231575248533,"social_isolation_avg"
"4712","ENPEP","Exc L4-5 RORB IL1RAPL2",-0.086838835092836,1.41320657572004,0.618951786739431,0.432563563695802,0.737418070605441,0.737418070605441,"social_isolation_avg"
"4713","AC004704.1","Exc L4-5 RORB IL1RAPL2",0.0136349776203994,0.541076506515317,0.0145750217954039,0.904053852816074,0.978397583639639,0.978397583639639,"social_isolation_avg"
"4714","FAM241A","Exc L4-5 RORB IL1RAPL2",0.0533580269466239,4.94124074533736,2.68002341544349,0.103516640457142,0.372506343493645,0.372506343493645,"social_isolation_avg"
"4715","AC109347.1","Exc L4-5 RORB IL1RAPL2",0.0310051234234861,0.93347449914312,0.157416967913338,0.692057638686151,0.894857806093249,0.894857806093249,"social_isolation_avg"
"4716","AP1AR","Exc L4-5 RORB IL1RAPL2",-0.0253614105316312,5.46487694595933,1.08079059377625,0.300039033218842,0.630967444837174,0.630967444837174,"social_isolation_avg"
"4717","AC109347.2","Exc L4-5 RORB IL1RAPL2",-0.159974146877405,0.215019022881557,1.75618639958762,0.186929745400626,0.496305366871741,0.496305366871741,"social_isolation_avg"
"4718","TIFA","Exc L4-5 RORB IL1RAPL2",-0.0477517783350818,2.77841828652901,0.739652209821537,0.391017943827775,0.706026387552756,0.706026387552756,"social_isolation_avg"
"4719","ALPK1","Exc L4-5 RORB IL1RAPL2",0.0387254327637144,3.67340838120097,0.530625237117823,0.467374831447756,0.762955114361825,0.762955114361825,"social_isolation_avg"
"4720","AC023886.1","Exc L4-5 RORB IL1RAPL2",0.104457958429524,1.78986066082478,0.78974957628143,0.375467247490702,0.694585040063706,0.694585040063706,"social_isolation_avg"
"4721","ZGRF1","Exc L4-5 RORB IL1RAPL2",0.108740231775533,4.45770473153864,10.5732694871869,0.00139070818747459,0.0292006994629484,0.0292006994629484,"social_isolation_avg"
"4722","LARP7","Exc L4-5 RORB IL1RAPL2",0.0246228995532776,4.70208308979664,0.700594966914229,0.403792336678681,0.715915752075075,0.715915752075075,"social_isolation_avg"
"4723","ANK2","Exc L4-5 RORB IL1RAPL2",0.0240760363399813,10.7247583303233,4.90065995647245,0.0282152383469566,0.181031035863942,0.181031035863942,"social_isolation_avg"
"4724","AC093879.1","Exc L4-5 RORB IL1RAPL2",0.00340857854767087,4.2032815883871,0.00580923708519997,0.939337554329984,0.987767273530547,0.987767273530547,"social_isolation_avg"
"4725","CAMK2D","Exc L4-5 RORB IL1RAPL2",0.0179979144441157,9.24738039232189,1.24919933405534,0.265327267654613,0.595768491731077,0.595768491731077,"social_isolation_avg"
"4726","ARSJ","Exc L4-5 RORB IL1RAPL2",-0.0335386678775416,6.33908632061594,0.65374377530318,0.419939522679587,0.727044450495279,0.727044450495279,"social_isolation_avg"
"4727","NDST4","Exc L4-5 RORB IL1RAPL2",0.0296938062088655,2.00003813692752,0.0396144073032177,0.842481004152235,0.960001268398186,0.960001268398186,"social_isolation_avg"
"4728","TRAM1L1","Exc L4-5 RORB IL1RAPL2",-0.125682544346966,1.50587030888838,3.45667400535522,0.0647744640210538,0.29004112553985,0.29004112553985,"social_isolation_avg"
"4729","LINC02262","Exc L4-5 RORB IL1RAPL2",0.124934555697241,-0.573873577661516,0.497219794220578,0.4817167099756,0.774520893053052,0.774520893053052,"social_isolation_avg"
"4730","LINC02263","Exc L4-5 RORB IL1RAPL2",-0.0594123498152668,3.4628540738912,0.726911857755713,0.395119671209682,0.709774926322833,0.709774926322833,"social_isolation_avg"
"4731","LINC01378","Exc L4-5 RORB IL1RAPL2",-0.0801164818175795,8.59231622606108,2.74614564414296,0.099385977426067,0.364858765789409,0.364858765789409,"social_isolation_avg"
"4732","LINC02264","Exc L4-5 RORB IL1RAPL2",0.555290211832109,-0.841432535851838,5.26164314802513,0.0230592910450123,0.161176522298736,0.161176522298736,"social_isolation_avg"
"4733","NDST3","Exc L4-5 RORB IL1RAPL2",0.00263828288735688,7.99896528898767,0.00699507072741533,0.933446615926658,0.986583286147705,0.986583286147705,"social_isolation_avg"
"4734","SNHG8","Exc L4-5 RORB IL1RAPL2",-0.186647122184351,3.42267612174723,12.266948422456,0.000593076272332795,0.0167677210295693,0.0167677210295693,"social_isolation_avg"
"4735","PRSS12","Exc L4-5 RORB IL1RAPL2",-0.0510045122320329,4.34990324170217,0.558450201018517,0.455947072485729,0.754172091835168,0.754172091835168,"social_isolation_avg"
"4736","AC110079.2","Exc L4-5 RORB IL1RAPL2",0.0899501655559544,1.8536314713125,1.73394086233677,0.189731096750429,0.500195357616674,0.500195357616674,"social_isolation_avg"
"4737","METTL14","Exc L4-5 RORB IL1RAPL2",-0.00939644935953147,4.95937922905139,0.163235751673646,0.710531055201934,0.904890495757946,0.904890495757946,"social_isolation_avg"
"4738","SEC24D","Exc L4-5 RORB IL1RAPL2",0.0336047951422666,6.55389276827056,1.33442654099507,0.249686390562595,0.576136121443276,0.576136121443276,"social_isolation_avg"
"4739","SYNPO2","Exc L4-5 RORB IL1RAPL2",-0.025128978872217,7.32173659359079,0.879993971642398,0.34957198642242,0.671156931009499,0.671156931009499,"social_isolation_avg"
"4740","MYOZ2","Exc L4-5 RORB IL1RAPL2",0.0800703309202086,1.47278825067553,0.823796072864136,0.365393920714768,0.684108323445275,0.684108323445275,"social_isolation_avg"
"4741","USP53","Exc L4-5 RORB IL1RAPL2",-0.00380372678428333,5.08409446873704,0.0181787668563646,0.892911383193634,0.975474727711369,0.975474727711369,"social_isolation_avg"
"4742","C4orf3","Exc L4-5 RORB IL1RAPL2",-0.0466814511894504,5.03938254091906,2.12501748449678,0.14680839366738,0.442777304432657,0.442777304432657,"social_isolation_avg"
"4743","PDE5A","Exc L4-5 RORB IL1RAPL2",-0.0618467892970599,4.96584781627615,1.18598384463849,0.277726338119531,0.608396268583828,0.608396268583828,"social_isolation_avg"
"4744","MAD2L1","Exc L4-5 RORB IL1RAPL2",-0.0261015118179136,2.08448674699338,0.232830301372568,0.630071475000928,0.862855619694343,0.862855619694343,"social_isolation_avg"
"4745","AC108866.1","Exc L4-5 RORB IL1RAPL2",0.0340223655967401,5.14519848904631,0.752338743136896,0.386994198320459,0.702987444932931,0.702987444932931,"social_isolation_avg"
"4746","PRDM5","Exc L4-5 RORB IL1RAPL2",0.0101746417343638,4.49072200139334,0.0891056831309042,0.765692104237353,0.930229227340792,0.930229227340792,"social_isolation_avg"
"4747","ANXA5","Exc L4-5 RORB IL1RAPL2",-0.0466231550311687,1.53703720791725,0.245894180460868,0.620639735468328,0.857099805473778,0.857099805473778,"social_isolation_avg"
"4748","EXOSC9","Exc L4-5 RORB IL1RAPL2",-0.00523072098209065,3.2896552161492,0.0259659868378893,0.872180189290289,0.968912714981303,0.968912714981303,"social_isolation_avg"
"4749","CCNA2","Exc L4-5 RORB IL1RAPL2",-0.027452601828498,2.03143613627746,0.200957385361956,0.654536217665548,0.875785289190993,0.875785289190993,"social_isolation_avg"
"4750","BBS7","Exc L4-5 RORB IL1RAPL2",0.0475478502513506,6.24095667929666,4.68096903850151,0.0319345611646193,0.195475023623424,0.195475023623424,"social_isolation_avg"
"4751","TRPC3","Exc L4-5 RORB IL1RAPL2",0.012112538775598,3.62346363514241,0.039511604894387,0.842682826864078,0.960043459001398,0.960043459001398,"social_isolation_avg"
"4752","KIAA1109","Exc L4-5 RORB IL1RAPL2",0.0279973795515863,7.89212328145414,3.98946085989704,0.047426409135002,0.244414693725501,0.244414693725501,"social_isolation_avg"
"4753","BBS12","Exc L4-5 RORB IL1RAPL2",-0.0304123696533744,2.15853947548866,0.343482721431643,0.616782651334554,0.854830394513705,0.854830394513705,"social_isolation_avg"
"4754","AC021205.3","Exc L4-5 RORB IL1RAPL2",-0.269095510655055,0.213059802988911,4.21908446071899,0.0415465324089805,0.227021773897102,0.227021773897102,"social_isolation_avg"
"4755","NUDT6","Exc L4-5 RORB IL1RAPL2",0.0142016902975997,3.62182375582975,0.190536721307109,0.663039904281976,0.8805627871776,0.8805627871776,"social_isolation_avg"
"4756","SPATA5","Exc L4-5 RORB IL1RAPL2",0.0193909878199815,6.07371418056046,0.741699430812629,0.390364577469487,0.705115815780445,0.705115815780445,"social_isolation_avg"
"4757","SPRY1","Exc L4-5 RORB IL1RAPL2",-0.246680884134814,0.526293445201372,2.8525955981199,0.0931120025396245,0.353458655010957,0.353458655010957,"social_isolation_avg"
"4758","LINC01091","Exc L4-5 RORB IL1RAPL2",0.048492564818983,1.5538606707332,0.383372554286746,0.53665623330741,0.810769130502196,0.810769130502196,"social_isolation_avg"
"4759","LINC02516","Exc L4-5 RORB IL1RAPL2",0.0688637816884918,0.0157877170628763,0.18838507409983,0.664830099501766,0.88117811304429,0.88117811304429,"social_isolation_avg"
"4760","ANKRD50","Exc L4-5 RORB IL1RAPL2",-0.0703287918974312,4.1027213602901,4.36508258629153,0.0382143076222272,0.216453894175527,0.216453894175527,"social_isolation_avg"
"4761","AC093772.1","Exc L4-5 RORB IL1RAPL2",0.155907547419109,0.0232321100166626,1.73627702102331,0.189434603773422,0.4998315629615,0.4998315629615,"social_isolation_avg"
"4762","INTU","Exc L4-5 RORB IL1RAPL2",0.0807349059742149,5.81808410735995,12.4807684571397,0.000533171687174855,0.0156648159829743,0.0156648159829743,"social_isolation_avg"
"4763","SLC25A31","Exc L4-5 RORB IL1RAPL2",0.116634976593168,0.996370844856018,1.46695791005613,0.227555029831812,0.549256904950383,0.549256904950383,"social_isolation_avg"
"4764","HSPA4L","Exc L4-5 RORB IL1RAPL2",-0.0181101444166229,6.58737155094245,0.650076634264877,0.421243742601722,0.727997132351721,0.727997132351721,"social_isolation_avg"
"4765","PLK4","Exc L4-5 RORB IL1RAPL2",-0.0666503156723174,0.985729103595114,0.546218771760051,0.460915017821204,0.758609346920233,0.758609346920233,"social_isolation_avg"
"4766","MFSD8","Exc L4-5 RORB IL1RAPL2",0.0894276374775502,5.17880448322579,15.1764301073084,0.000141948521344765,0.00712631340087359,0.00712631340087359,"social_isolation_avg"
"4767","ABHD18","Exc L4-5 RORB IL1RAPL2",0.08472605414166,6.69674316461099,21.179689146156,8.29336108097488e-06,0.0011887779167661,0.0011887779167661,"social_isolation_avg"
"4768","LARP1B","Exc L4-5 RORB IL1RAPL2",0.0249052078507185,7.27668326882152,1.87935707850517,0.172265736118138,0.477131926221457,0.477131926221457,"social_isolation_avg"
"4769","PGRMC2","Exc L4-5 RORB IL1RAPL2",-0.0960370732804091,4.71657751352718,13.0071696033629,0.000410631735973581,0.0134654472727143,0.0134654472727143,"social_isolation_avg"
"4770","AC108062.1","Exc L4-5 RORB IL1RAPL2",-0.0324973724227207,4.18188104061771,0.602609391026743,0.438693493111593,0.741796860981924,0.741796860981924,"social_isolation_avg"
"4771","JADE1","Exc L4-5 RORB IL1RAPL2",-0.0625888660901689,5.64991507191575,7.34970462686644,0.00741594339195328,0.0834698492909364,0.0834698492909364,"social_isolation_avg"
"4772","SCLT1","Exc L4-5 RORB IL1RAPL2",0.0432265593159333,7.07323483969405,3.62422707614111,0.0586816379941344,0.275133897037881,0.275133897037881,"social_isolation_avg"
"4773","C4orf33","Exc L4-5 RORB IL1RAPL2",-0.00462125857001232,3.6982187541185,0.0146653193086816,0.903758555479868,0.978397583639639,0.978397583639639,"social_isolation_avg"
"4774","LINC02465","Exc L4-5 RORB IL1RAPL2",0.0250268162827181,1.04855247747156,0.0303391347393854,0.861936102764523,0.965182754359208,0.965182754359208,"social_isolation_avg"
"4775","LINC02377","Exc L4-5 RORB IL1RAPL2",0.274882473055273,-0.315319313428526,3.77754945756769,0.0536430550264595,0.262686112947481,0.262686112947481,"social_isolation_avg"
"4776","SNHG27","Exc L4-5 RORB IL1RAPL2",0.00657834534972977,0.494840661328473,0.0019177564674785,0.96512290367349,0.993640457161603,0.993640457161603,"social_isolation_avg"
"4777","AC096711.2","Exc L4-5 RORB IL1RAPL2",0.0536669749773504,6.74484527281403,1.63695410065639,0.202536880468347,0.518325799977165,0.518325799977165,"social_isolation_avg"
"4778","AC096711.3","Exc L4-5 RORB IL1RAPL2",0.00350405994118283,-0.174589446941352,0.000862597735476643,0.976604917990942,0.996653621356429,0.996653621356429,"social_isolation_avg"
"4779","LINC01256","Exc L4-5 RORB IL1RAPL2",-0.0824471097062708,0.234809363050777,0.631850018591336,0.664205683556762,0.880856527610023,0.880856527610023,"social_isolation_avg"
"4780","AC115622.1","Exc L4-5 RORB IL1RAPL2",0.0963334686843338,4.1143739697142,2.84218353887721,0.0937060497539677,0.354243674690415,0.354243674690415,"social_isolation_avg"
"4781","AC110751.1","Exc L4-5 RORB IL1RAPL2",-0.128146665250047,0.351156553141892,1.0745959500395,0.301423725353135,0.632401867318513,0.632401867318513,"social_isolation_avg"
"4782","AC105383.1","Exc L4-5 RORB IL1RAPL2",0.0295838312650949,5.48080670341899,1.2705245459928,0.261301883686563,0.590762688640634,0.590762688640634,"social_isolation_avg"
"4783","PCDH10","Exc L4-5 RORB IL1RAPL2",-0.0508314273897516,6.88277749782675,5.97480196360005,0.0155621982754703,0.126809799125828,0.126809799125828,"social_isolation_avg"
"4784","AC079380.1","Exc L4-5 RORB IL1RAPL2",-0.100529319217184,1.5792383488666,0.362671560765506,0.547851448707793,0.815910290096978,0.815910290096978,"social_isolation_avg"
"4785","AC018680.1","Exc L4-5 RORB IL1RAPL2",0.0619021127410912,2.15668911384769,0.120765496565916,0.728647818120924,0.912485628874579,0.912485628874579,"social_isolation_avg"
"4786","PCDH18","Exc L4-5 RORB IL1RAPL2",0.251593033147175,-0.393310517853592,2.32365886767293,0.12933095613078,0.414295014132451,0.414295014132451,"social_isolation_avg"
"4787","LINC00616","Exc L4-5 RORB IL1RAPL2",0.0669233840224733,0.670532368368072,0.399436341137425,0.528253650018707,0.806250488989591,0.806250488989591,"social_isolation_avg"
"4788","SLC7A11","Exc L4-5 RORB IL1RAPL2",-0.0380138344294806,-0.0437802332417286,0.0149657442628071,0.902782667927698,0.978262943641483,0.978262943641483,"social_isolation_avg"
"4789","LINC00498","Exc L4-5 RORB IL1RAPL2",0.147523357742183,-0.7894728652133,0.301235965647721,0.583849217679864,0.838364400018437,0.838364400018437,"social_isolation_avg"
"4790","AC109927.1","Exc L4-5 RORB IL1RAPL2",0.136300809780324,3.39730640775353,5.74405378075354,0.0176606755939448,0.138540596254373,0.138540596254373,"social_isolation_avg"
"4791","NOCT","Exc L4-5 RORB IL1RAPL2",0.0209276463550173,3.37027868593764,0.253611123334324,0.845388537616663,0.961530820310334,0.961530820310334,"social_isolation_avg"
"4792","ELF2","Exc L4-5 RORB IL1RAPL2",0.0300680054995865,6.6984839305107,3.02571000864169,0.0838159315657941,0.332824556343111,0.332824556343111,"social_isolation_avg"
"4793","MGARP","Exc L4-5 RORB IL1RAPL2",-0.188288528615674,0.437868353065946,3.24282810782686,0.073559733432141,0.310744299234102,0.310744299234102,"social_isolation_avg"
"4794","NDUFC1","Exc L4-5 RORB IL1RAPL2",-0.125057379976631,4.25094074551817,13.2028579266571,0.00037277248061801,0.0127544812039301,0.0127544812039301,"social_isolation_avg"
"4795","NAA15","Exc L4-5 RORB IL1RAPL2",0.0538437522426479,6.25033662461447,11.0175633623646,0.00111034111773586,0.0253869409978728,0.0253869409978728,"social_isolation_avg"
"4796","AC097376.2","Exc L4-5 RORB IL1RAPL2",-0.0390141233243003,5.72398176328105,1.67603584162553,0.1972575762322,0.510995427148064,0.510995427148064,"social_isolation_avg"
"4797","RAB33B","Exc L4-5 RORB IL1RAPL2",0.0343010354038085,2.978287784834,0.718816554111541,0.397758356231041,0.711609858003738,0.711609858003738,"social_isolation_avg"
"4798","SETD7","Exc L4-5 RORB IL1RAPL2",0.0230745984627764,5.05089075336563,0.54296456543499,0.462251265876317,0.759708822020382,0.759708822020382,"social_isolation_avg"
"4799","MGST2","Exc L4-5 RORB IL1RAPL2",0.0970041218717589,4.32145537830801,4.6315330979873,0.0328406050199932,0.198266113239298,0.198266113239298,"social_isolation_avg"
"4800","MAML3","Exc L4-5 RORB IL1RAPL2",-0.282326438619055,2.60946773049592,1.60448112581983,0.207051267469763,0.524400050613182,0.524400050613182,"social_isolation_avg"
"4801","SCOC","Exc L4-5 RORB IL1RAPL2",-0.0908556388071649,6.08672830604395,12.7217035893491,0.000473022309524402,0.0145932155576657,0.0145932155576657,"social_isolation_avg"
"4802","SCOC-AS1","Exc L4-5 RORB IL1RAPL2",-0.0393694052432971,1.95678404669619,0.397650825026957,0.529175835006381,0.806743792412124,0.806743792412124,"social_isolation_avg"
"4803","CLGN","Exc L4-5 RORB IL1RAPL2",0.0289424322785575,3.95043507422433,0.681074733160895,0.410406315423145,0.7211457925447,0.7211457925447,"social_isolation_avg"
"4804","ELMOD2","Exc L4-5 RORB IL1RAPL2",0.0408722529022163,4.31735790287715,2.04095907480217,0.15499996625449,0.454189608174726,0.454189608174726,"social_isolation_avg"
"4805","TBC1D9","Exc L4-5 RORB IL1RAPL2",-0.0167223097045399,6.02728713145498,0.603588477915449,0.438322499471612,0.741465815517486,0.741465815517486,"social_isolation_avg"
"4806","AC096733.2","Exc L4-5 RORB IL1RAPL2",-0.0197784312638715,0.933020798383794,0.0481975727861332,0.826500718669301,0.95412485461984,0.95412485461984,"social_isolation_avg"
"4807","RNF150","Exc L4-5 RORB IL1RAPL2",-0.0411772339827489,7.22347989148041,3.31050331606988,0.07064777959292,0.304216349039062,0.304216349039062,"social_isolation_avg"
"4808","ZNF330","Exc L4-5 RORB IL1RAPL2",-0.0194897542518076,3.83090141323473,0.279994448908787,0.597414723844009,0.844756295482587,0.844756295482587,"social_isolation_avg"
"4809","IL15","Exc L4-5 RORB IL1RAPL2",0.0635681597127379,0.914828982472148,0.189734506030076,0.663705942834862,0.880856527610023,0.880856527610023,"social_isolation_avg"
"4810","INPP4B","Exc L4-5 RORB IL1RAPL2",-0.038663697631934,6.51972932838915,0.607654099856145,0.436787112725902,0.74029343614166,0.74029343614166,"social_isolation_avg"
"4811","AC139720.1","Exc L4-5 RORB IL1RAPL2",0.00848040891629134,1.55671961443927,0.01046984376843,0.918624914297454,0.983105896136627,0.983105896136627,"social_isolation_avg"
"4812","AC104596.1","Exc L4-5 RORB IL1RAPL2",0.0762846358916008,4.5628701363661,1.92593848789369,0.167071344552707,0.470961532254752,0.470961532254752,"social_isolation_avg"
"4813","USP38","Exc L4-5 RORB IL1RAPL2",0.0355139729906787,4.22172067660107,1.90861686663055,0.364496330161092,0.683511899204957,0.683511899204957,"social_isolation_avg"
"4814","GAB1","Exc L4-5 RORB IL1RAPL2",-0.056827906859739,5.91300745213767,0.524212438945375,0.470073744606058,0.765042314019278,0.765042314019278,"social_isolation_avg"
"4815","SMARCA5","Exc L4-5 RORB IL1RAPL2",-0.0481233811651762,5.52694876296842,6.70972142587147,0.0104453617041366,0.101458641122847,0.101458641122847,"social_isolation_avg"
"4816","FREM3","Exc L4-5 RORB IL1RAPL2",0.0539240459603131,1.16660631183036,0.421097224894378,0.517290625141748,0.799015070037323,0.799015070037323,"social_isolation_avg"
"4817","GYPE","Exc L4-5 RORB IL1RAPL2",0.0641382835332306,1.3735999289316,0.604957542269031,0.437804545377595,0.741270675891675,0.741270675891675,"social_isolation_avg"
"4818","GYPB","Exc L4-5 RORB IL1RAPL2",-0.147528318188865,-0.012710408563734,1.10535257970012,0.29462900333514,0.625715638557519,0.625715638557519,"social_isolation_avg"
"4819","GYPA","Exc L4-5 RORB IL1RAPL2",0.164288854121255,1.43326342291992,4.33168766633228,0.0389506935159236,0.219240903513709,0.219240903513709,"social_isolation_avg"
"4820","HHIP-AS1","Exc L4-5 RORB IL1RAPL2",0.0580279577788599,3.79940214366301,2.5458416782384,0.112495102603638,0.387330407222074,0.387330407222074,"social_isolation_avg"
"4821","HHIP","Exc L4-5 RORB IL1RAPL2",-0.544341517436263,0.833448317823848,2.73923410622719,0.0998091193267384,0.365490293551619,0.365490293551619,"social_isolation_avg"
"4822","ANAPC10","Exc L4-5 RORB IL1RAPL2",0.0509649792675208,6.97891087679132,10.9872251050457,0.00112750136310368,0.0256103881047836,0.0256103881047836,"social_isolation_avg"
"4823","AC109811.1","Exc L4-5 RORB IL1RAPL2",-0.242559053533228,-0.183605375950927,2.77845046375062,0.0974342114526826,0.361129915170104,0.361129915170104,"social_isolation_avg"
"4824","ABCE1","Exc L4-5 RORB IL1RAPL2",0.0159632762545579,4.72497262296705,0.27715309459039,0.599278973045899,0.845873560499968,0.845873560499968,"social_isolation_avg"
"4825","OTUD4","Exc L4-5 RORB IL1RAPL2",-0.00615830338601281,5.68672800255171,0.0916420997999996,0.76248047104605,0.929286899099656,0.929286899099656,"social_isolation_avg"
"4826","SMAD1","Exc L4-5 RORB IL1RAPL2",-0.00408927600184437,5.56643400519064,0.030904794330765,0.860668137063203,0.964619228845686,0.964619228845686,"social_isolation_avg"
"4827","MMAA","Exc L4-5 RORB IL1RAPL2",-0.040176474532146,2.82930918065974,0.937055921581233,0.512255266892665,0.795696733016674,0.795696733016674,"social_isolation_avg"
"4828","C4orf51","Exc L4-5 RORB IL1RAPL2",0.015075535505118,-0.0112049151282393,0.0152775803113,0.901780172798908,0.978205337360331,0.978205337360331,"social_isolation_avg"
"4829","ZNF827","Exc L4-5 RORB IL1RAPL2",-0.0137088844962849,5.91221202042223,0.329890889711635,0.56650414834602,0.827595395006403,0.827595395006403,"social_isolation_avg"
"4830","LSM6","Exc L4-5 RORB IL1RAPL2",-0.0221913893352327,4.45609951386964,0.475906343532658,0.491249832222136,0.78089037011468,0.78089037011468,"social_isolation_avg"
"4831","SLC10A7","Exc L4-5 RORB IL1RAPL2",0.0161151735433262,4.96623069631437,0.325676834308335,0.568990860095007,0.829037121812538,0.829037121812538,"social_isolation_avg"
"4832","TTC29","Exc L4-5 RORB IL1RAPL2",-0.0198331984237609,2.5398144031304,0.0542003945024219,0.816197138856101,0.951599926146172,0.951599926146172,"social_isolation_avg"
"4833","EDNRA","Exc L4-5 RORB IL1RAPL2",-0.248339746729959,-0.369803189543548,1.86397541815349,0.174021867602181,0.479840827295376,0.479840827295376,"social_isolation_avg"
"4834","AC093835.1","Exc L4-5 RORB IL1RAPL2",-0.100796866258169,-0.017613044094584,0.711310163589249,0.48218763333375,0.774882980321715,0.774882980321715,"social_isolation_avg"
"4835","TMEM184C","Exc L4-5 RORB IL1RAPL2",0.00145517527967029,4.48710429717481,0.00286216528273384,0.95739876414785,0.990964806415906,0.990964806415906,"social_isolation_avg"
"4836","PRMT9","Exc L4-5 RORB IL1RAPL2",0.0164105583727099,5.24835438890728,0.428405402303094,0.51368211603754,0.796735742072817,0.796735742072817,"social_isolation_avg"
"4837","ARHGAP10","Exc L4-5 RORB IL1RAPL2",0.0545723333511001,5.16023479885514,1.65107469654477,0.200610341364312,0.514989241361395,0.514989241361395,"social_isolation_avg"
"4838","NR3C2","Exc L4-5 RORB IL1RAPL2",0.0184781373196238,7.67807438292879,0.873903174523525,0.351240650503124,0.671906212533577,0.671906212533577,"social_isolation_avg"
"4839","AC069272.1","Exc L4-5 RORB IL1RAPL2",0.012745420237859,0.97509361625377,0.0198787112947781,0.893996743164072,0.975474727711369,0.975474727711369,"social_isolation_avg"
"4840","LINC02355","Exc L4-5 RORB IL1RAPL2",0.0553447500035425,2.59367761645083,0.546970434691248,0.460607244362049,0.758569331256661,0.758569331256661,"social_isolation_avg"
"4841","IQCM","Exc L4-5 RORB IL1RAPL2",0.0559840081544795,1.20736331725091,0.492879952817458,0.483632803318952,0.775427190204041,0.775427190204041,"social_isolation_avg"
"4842","AC093893.1","Exc L4-5 RORB IL1RAPL2",0.53004131596154,-0.561971240150693,8.60411776381883,0.00383056117337944,0.0558293794511581,0.0558293794511581,"social_isolation_avg"
"4843","DCLK2","Exc L4-5 RORB IL1RAPL2",0.0104124286890472,7.41681445260715,0.330927650790867,0.565895598014047,0.827204067331563,0.827204067331563,"social_isolation_avg"
"4844","LRBA","Exc L4-5 RORB IL1RAPL2",0.018310167607383,7.93532701938591,1.30903399608213,0.254223740664746,0.582344721200686,0.582344721200686,"social_isolation_avg"
"4845","RPS3A","Exc L4-5 RORB IL1RAPL2",-0.184241265984744,3.70833405345272,8.97284858468595,0.00316207774240327,0.0494460107140597,0.0494460107140597,"social_isolation_avg"
"4846","SH3D19","Exc L4-5 RORB IL1RAPL2",0.0551516177657007,5.93185792583226,2.37726969489483,0.125024779458469,0.407299216965169,0.407299216965169,"social_isolation_avg"
"4847","PRSS48","Exc L4-5 RORB IL1RAPL2",0.101806985540798,0.0370027555180401,0.565113962690902,0.453276082705595,0.752923518252999,0.752923518252999,"social_isolation_avg"
"4848","FAM160A1","Exc L4-5 RORB IL1RAPL2",-0.0979510889803308,2.70170691127292,2.42844353512964,0.121063700106661,0.400301716348765,0.400301716348765,"social_isolation_avg"
"4849","AC092611.2","Exc L4-5 RORB IL1RAPL2",-0.146678754727725,0.922853903674873,2.17922269830657,0.141787565262427,0.435416244916065,0.435416244916065,"social_isolation_avg"
"4850","GATB","Exc L4-5 RORB IL1RAPL2",-0.103412344917861,4.86726882132128,14.6169088492739,0.000186308009354951,0.00837323953682905,0.00837323953682905,"social_isolation_avg"
"4851","AC097375.2","Exc L4-5 RORB IL1RAPL2",-0.155592784045739,-0.264882543581357,0.505115959290196,0.47826238918186,0.771388644913275,0.771388644913275,"social_isolation_avg"
"4852","LINC02273","Exc L4-5 RORB IL1RAPL2",0.0812266333898494,-0.701418369661059,0.173424008754377,0.677626777051953,0.886924200926951,0.886924200926951,"social_isolation_avg"
"4853","AC079340.1","Exc L4-5 RORB IL1RAPL2",-0.264547460134454,1.76851460818799,10.5730652881844,0.00139085248123417,0.0292006994629484,0.0292006994629484,"social_isolation_avg"
"4854","AC079340.2","Exc L4-5 RORB IL1RAPL2",-0.460238472015305,0.0563065215861577,14.0314276725298,0.000248004122339398,0.00977601249746615,0.00977601249746615,"social_isolation_avg"
"4855","FBXW7","Exc L4-5 RORB IL1RAPL2",-0.0776496728093856,8.55392628996271,17.125611412623,5.56114311586976e-05,0.00392620854087208,0.00392620854087208,"social_isolation_avg"
"4856","TMEM154","Exc L4-5 RORB IL1RAPL2",0.168777897110771,-0.167048451216515,1.77578156630669,0.229911412818006,0.552120045935967,0.552120045935967,"social_isolation_avg"
"4857","TIGD4","Exc L4-5 RORB IL1RAPL2",-0.0356436854258711,2.83339621671868,0.594792713688509,0.441672815057774,0.744025225579429,0.744025225579429,"social_isolation_avg"
"4858","ARFIP1","Exc L4-5 RORB IL1RAPL2",0.0124162984669739,5.88394696363921,0.451386401204046,0.502615237527208,0.788490416155567,0.788490416155567,"social_isolation_avg"
"4859","FHDC1","Exc L4-5 RORB IL1RAPL2",0.0995044785924147,1.72864032139994,1.24048167372773,0.266995159106287,0.597174338943008,0.597174338943008,"social_isolation_avg"
"4860","TRIM2","Exc L4-5 RORB IL1RAPL2",-0.00866570259319267,8.1565080329984,0.365666095351666,0.54620532218359,0.81549364010382,0.81549364010382,"social_isolation_avg"
"4861","MND1","Exc L4-5 RORB IL1RAPL2",0.0738105141075686,1.16541139704749,0.632983147972089,0.427404194803036,0.733773230184942,0.733773230184942,"social_isolation_avg"
"4862","TMEM131L","Exc L4-5 RORB IL1RAPL2",0.0122952441007167,5.29227072388648,0.101631232381528,0.750283278160604,0.923036801699787,0.923036801699787,"social_isolation_avg"
"4863","RNF175","Exc L4-5 RORB IL1RAPL2",-0.00829261108779319,6.50332484878737,0.0808760649618347,0.776469635278897,0.93528388980485,0.93528388980485,"social_isolation_avg"
"4864","AC079298.3","Exc L4-5 RORB IL1RAPL2",0.0854064872694417,3.62729486832417,2.15901659285586,0.143636038529243,0.438062134914863,0.438062134914863,"social_isolation_avg"
"4865","DCHS2","Exc L4-5 RORB IL1RAPL2",-0.0623916009150234,1.52945539821366,0.0814369087542744,0.775716784258678,0.934884263251599,0.934884263251599,"social_isolation_avg"
"4866","PLRG1","Exc L4-5 RORB IL1RAPL2",0.000683733615364682,4.24621154638363,0.000527799214466443,0.981698817045934,0.997514812165088,0.997514812165088,"social_isolation_avg"
"4867","AC097467.3","Exc L4-5 RORB IL1RAPL2",-0.0140747382962792,5.36574609076972,0.065523924383488,0.798287324782674,0.94343951658597,0.94343951658597,"social_isolation_avg"
"4868","AC104407.1","Exc L4-5 RORB IL1RAPL2",-0.187829944867963,-0.132044173236957,1.82300509571496,0.178801817072257,0.485242280668987,0.485242280668987,"social_isolation_avg"
"4869","MAP9","Exc L4-5 RORB IL1RAPL2",-0.0528510285033164,6.18037581206573,6.85658984778605,0.00965224784602999,0.0966947005744643,0.0966947005744643,"social_isolation_avg"
"4870","AC107208.1","Exc L4-5 RORB IL1RAPL2",0.0539660906087415,-0.159130423726686,0.161402508568297,0.688387482920219,0.893035507118046,0.893035507118046,"social_isolation_avg"
"4871","GUCY1A1","Exc L4-5 RORB IL1RAPL2",-0.0461794526953776,5.83215076919132,2.68969448405094,0.102900834906743,0.371491451492176,0.371491451492176,"social_isolation_avg"
"4872","GUCY1B1","Exc L4-5 RORB IL1RAPL2",-0.0470922817290223,6.87599174277792,6.86810892028553,0.00959274146535593,0.0965477970388014,0.0965477970388014,"social_isolation_avg"
"4873","TDO2","Exc L4-5 RORB IL1RAPL2",0.0226249838009181,6.16090632148761,0.161341656558523,0.688443121708127,0.893035507118046,0.893035507118046,"social_isolation_avg"
"4874","CTSO","Exc L4-5 RORB IL1RAPL2",-0.0129867742794025,1.3116870063451,0.0242129130306626,0.876534251530278,0.97072897706786,0.97072897706786,"social_isolation_avg"
"4875","PDGFC","Exc L4-5 RORB IL1RAPL2",0.0554226715506993,6.84896184006881,2.6816703636874,0.103411484128117,0.372501207551573,0.372501207551573,"social_isolation_avg"
"4876","GLRB","Exc L4-5 RORB IL1RAPL2",0.0188260452194042,7.49204824142539,1.88432101186919,0.171703391543637,0.476569280752994,0.476569280752994,"social_isolation_avg"
"4877","GRIA2","Exc L4-5 RORB IL1RAPL2",0.0143677548229222,9.75037212487673,1.21818811516459,0.271320695953942,0.600639263834833,0.600639263834833,"social_isolation_avg"
"4878","FAM198B","Exc L4-5 RORB IL1RAPL2",-0.209416307727513,2.17042902460184,5.14404756648456,0.024620702079086,0.166910893600282,0.166910893600282,"social_isolation_avg"
"4879","FAM198B-AS1","Exc L4-5 RORB IL1RAPL2",-0.223412244960094,2.82785335191032,4.18474206755986,0.0423742617289899,0.229674752493945,0.229674752493945,"social_isolation_avg"
"4880","TMEM144","Exc L4-5 RORB IL1RAPL2",0.341808732588534,-1.2532769989024,3.5483809748819,0.314474153599769,0.642857423648932,0.642857423648932,"social_isolation_avg"
"4881","RXFP1","Exc L4-5 RORB IL1RAPL2",-0.0782604231439773,8.02097145724274,5.29594746908574,0.0226236157265711,0.159331575981211,0.159331575981211,"social_isolation_avg"
"4882","C4orf46","Exc L4-5 RORB IL1RAPL2",-0.0857087700176882,1.5763390420922,1.89550761050671,0.170443880766517,0.475465966758535,0.475465966758535,"social_isolation_avg"
"4883","ETFDH","Exc L4-5 RORB IL1RAPL2",-0.0303088989942911,5.98301205148375,1.15862861530914,0.283318637598372,0.61464199221887,0.61464199221887,"social_isolation_avg"
"4884","PPID","Exc L4-5 RORB IL1RAPL2",-0.107924629924057,5.15910106705917,18.1345529847117,3.44406222529594e-05,0.00300300006289513,0.00300300006289513,"social_isolation_avg"
"4885","FNIP2","Exc L4-5 RORB IL1RAPL2",0.0364123621184071,7.10882304990288,5.15117788363353,0.0245229418532637,0.16642703830904,0.16642703830904,"social_isolation_avg"
"4886","C4orf45","Exc L4-5 RORB IL1RAPL2",0.115236795791237,3.45700820431999,7.26723273125897,0.00774887833236964,0.0853498150499889,0.0853498150499889,"social_isolation_avg"
"4887","RAPGEF2","Exc L4-5 RORB IL1RAPL2",0.0112411387787796,9.09563175615537,0.370249226876895,0.543703685050481,0.814068841856827,0.814068841856827,"social_isolation_avg"
"4888","LINC02233","Exc L4-5 RORB IL1RAPL2",-0.0132828646025649,1.04554822918022,0.0268427644958589,0.88570732962072,0.973706837705749,0.973706837705749,"social_isolation_avg"
"4889","LINC02477","Exc L4-5 RORB IL1RAPL2",0.122989840610848,0.388559355975387,1.56258789726329,0.213053556382287,0.53204793999598,0.53204793999598,"social_isolation_avg"
"4890","FSTL5","Exc L4-5 RORB IL1RAPL2",-0.00946060599781859,8.27581801040221,0.0534101825333474,0.817517932429894,0.951599926146172,0.951599926146172,"social_isolation_avg"
"4891","AC023136.1","Exc L4-5 RORB IL1RAPL2",0.0985350636299575,-0.46689396521171,0.457409360673754,0.613235546130126,0.853477732131527,0.853477732131527,"social_isolation_avg"
"4892","AC005150.1","Exc L4-5 RORB IL1RAPL2",-0.000222384013705502,-0.00106898448767612,2.55546391492969e-05,0.995972679048513,0.9994589795957,0.9994589795957,"social_isolation_avg"
"4893","AC022272.1","Exc L4-5 RORB IL1RAPL2",0.0487353027229873,-0.288631703818287,0.113109791520834,0.737057644005201,0.916494152560271,0.916494152560271,"social_isolation_avg"
"4894","NAF1","Exc L4-5 RORB IL1RAPL2",0.019811281962188,5.21539718764421,0.691898033749506,0.406719575038618,0.717874440608935,0.717874440608935,"social_isolation_avg"
"4895","NPY1R","Exc L4-5 RORB IL1RAPL2",0.0281492390246068,6.09456731700009,1.0334356559367,0.310838737633803,0.640115341180799,0.640115341180799,"social_isolation_avg"
"4896","NPY5R","Exc L4-5 RORB IL1RAPL2",0.00196629108995577,2.06334595210905,0.00134819901454695,0.970754297254564,0.994985819254082,0.994985819254082,"social_isolation_avg"
"4897","TMA16","Exc L4-5 RORB IL1RAPL2",-0.0586943800161321,3.46844555625098,2.90171530044183,0.0903646708581571,0.347295790929043,0.347295790929043,"social_isolation_avg"
"4898","MARCH1","Exc L4-5 RORB IL1RAPL2",-0.0172866064426563,9.11434005353022,0.400964392586198,0.52746673061736,0.805949343155566,0.805949343155566,"social_isolation_avg"
"4899","AC093788.1","Exc L4-5 RORB IL1RAPL2",0.125338534217145,0.099955276397574,1.03616682609359,0.310202213683594,0.639709655052564,0.639709655052564,"social_isolation_avg"
"4900","SMIM31","Exc L4-5 RORB IL1RAPL2",0.184446665237149,0.504045724235571,1.89737943881341,0.170234175603526,0.475076083309089,0.475076083309089,"social_isolation_avg"
"4901","APELA","Exc L4-5 RORB IL1RAPL2",-0.0306471575119116,-0.392636580148905,0.0298786479096054,0.862977339026527,0.965740698866505,0.965740698866505,"social_isolation_avg"
"4902","TRIM61","Exc L4-5 RORB IL1RAPL2",-0.118256568762572,0.59979608817053,1.23300352864306,0.268436392817396,0.598313698727524,0.598313698727524,"social_isolation_avg"
"4903","FAM218A","Exc L4-5 RORB IL1RAPL2",-0.127733769177433,1.73045716028116,2.76401512859023,0.0983010902030775,0.36317793132939,0.36317793132939,"social_isolation_avg"
"4904","TMEM192","Exc L4-5 RORB IL1RAPL2",-0.0273988699127192,5.8463184548843,1.1621843262532,0.282583688777918,0.613794739452071,0.613794739452071,"social_isolation_avg"
"4905","KLHL2","Exc L4-5 RORB IL1RAPL2",-0.011926082661538,7.00919450597907,0.485490460682267,0.486924543113901,0.778011627364811,0.778011627364811,"social_isolation_avg"
"4906","GK3P","Exc L4-5 RORB IL1RAPL2",-0.0629721105360705,1.28981739798364,0.46482448157347,0.496331990768832,0.784442827893303,0.784442827893303,"social_isolation_avg"
"4907","MSMO1","Exc L4-5 RORB IL1RAPL2",0.0711009469163728,5.10606886204387,1.50069696532246,0.222306936447953,0.543675680527236,0.543675680527236,"social_isolation_avg"
"4908","CPE","Exc L4-5 RORB IL1RAPL2",-0.0591397573278668,7.82385869230651,11.9374811022351,0.000699148332719513,0.0186844429426355,0.0186844429426355,"social_isolation_avg"
"4909","LINC01179","Exc L4-5 RORB IL1RAPL2",-0.266671756845769,0.219384521874283,3.35716267561536,0.0687128136508898,0.299842054217824,0.299842054217824,"social_isolation_avg"
"4910","TLL1","Exc L4-5 RORB IL1RAPL2",-0.0415383695055112,7.67808188118748,1.80383456770525,0.181090781704808,0.487787129891643,0.487787129891643,"social_isolation_avg"
"4911","AC097487.1","Exc L4-5 RORB IL1RAPL2",-0.365825711680601,0.148727388894401,5.69863414526271,0.0181073747434493,0.140702109864807,0.140702109864807,"social_isolation_avg"
"4912","SPOCK3","Exc L4-5 RORB IL1RAPL2",-1.56092906453637,1.45586888442539,16.6459753445032,6.99337710355657e-05,0.00455903054747284,0.00455903054747284,"social_isolation_avg"
"4913","AC116634.1","Exc L4-5 RORB IL1RAPL2",0.273940270364312,-0.675871322485614,2.33334031965299,0.128541150779771,0.412779089260741,0.412779089260741,"social_isolation_avg"
"4914","DDX60","Exc L4-5 RORB IL1RAPL2",0.0570963858804597,0.435940329829159,0.0892862134171903,0.765461880434528,0.930229227340792,0.930229227340792,"social_isolation_avg"
"4915","DDX60L","Exc L4-5 RORB IL1RAPL2",0.0591299639024661,1.48804667458185,0.173743822303635,0.677346560363403,0.886680107142379,0.886680107142379,"social_isolation_avg"
"4916","PALLD","Exc L4-5 RORB IL1RAPL2",0.166561461570485,5.95792895780921,14.328416381948,0.000214466614193711,0.00907812708536734,0.00907812708536734,"social_isolation_avg"
"4917","CBR4","Exc L4-5 RORB IL1RAPL2",0.0531338579473343,6.54742644239305,8.20660802860199,0.00471587517581543,0.0631933953269149,0.0631933953269149,"social_isolation_avg"
"4918","SH3RF1","Exc L4-5 RORB IL1RAPL2",-0.063426590963006,5.80058373829353,6.39294281057719,0.0123945979214942,0.111344968425333,0.111344968425333,"social_isolation_avg"
"4919","AC096741.1","Exc L4-5 RORB IL1RAPL2",-0.0617130660055663,-0.353739938218276,0.189644545126607,0.663780737285729,0.880856527610023,0.880856527610023,"social_isolation_avg"
"4920","NEK1","Exc L4-5 RORB IL1RAPL2",0.066974689174163,7.26916686119451,12.5896653301842,0.000505073977990947,0.0152416343501861,0.0152416343501861,"social_isolation_avg"
"4921","CLCN3","Exc L4-5 RORB IL1RAPL2",-0.000803474373941367,6.71119209489725,0.00258915808900052,0.95947957418937,0.991767988158266,0.991767988158266,"social_isolation_avg"
"4922","HPF1","Exc L4-5 RORB IL1RAPL2",-0.0286957272807315,4.71746351902228,1.18755739489699,0.43567211203699,0.739916351274993,0.739916351274993,"social_isolation_avg"
"4923","LINC02275","Exc L4-5 RORB IL1RAPL2",0.345702153275916,0.351929921254397,10.3956813840251,0.00152217354529881,0.0311362655682149,0.0311362655682149,"social_isolation_avg"
"4924","MFAP3L","Exc L4-5 RORB IL1RAPL2",-0.0572778419725508,4.61403448721151,2.05586855687826,0.153509708647076,0.452564225196529,0.452564225196529,"social_isolation_avg"
"4925","AADAT","Exc L4-5 RORB IL1RAPL2",0.0349245982475117,3.79832109413919,0.764084802215965,0.383321419447377,0.700620612187386,0.700620612187386,"social_isolation_avg"
"4926","GALNTL6","Exc L4-5 RORB IL1RAPL2",-0.130841397739213,7.24198707055419,4.79278551153947,0.0299810042342856,0.187837940767192,0.187837940767192,"social_isolation_avg"
"4927","AC105285.1","Exc L4-5 RORB IL1RAPL2",-0.106553323747423,3.90693021627577,4.59705815026536,0.0334884670033805,0.200101203262251,0.200101203262251,"social_isolation_avg"
"4928","GALNT7","Exc L4-5 RORB IL1RAPL2",0.0379830810732888,7.14466968717239,2.61083399013348,0.108042957073828,0.380129070049985,0.380129070049985,"social_isolation_avg"
"4929","AC097534.1","Exc L4-5 RORB IL1RAPL2",-0.0454233898054002,2.58138732268768,0.761262886371365,0.384199222217834,0.70127095925968,0.70127095925968,"social_isolation_avg"
"4930","HMGB2","Exc L4-5 RORB IL1RAPL2",-0.0663491213273863,2.9517558712489,2.24744771485853,0.135742410218161,0.424444189183654,0.424444189183654,"social_isolation_avg"
"4931","AC097534.2","Exc L4-5 RORB IL1RAPL2",0.0570581908150908,3.60383612593729,2.03772532957452,0.155325370639798,0.45450391754867,0.45450391754867,"social_isolation_avg"
"4932","SAP30","Exc L4-5 RORB IL1RAPL2",-0.107840802240242,3.73721816586521,4.6637923410404,0.0322463448065423,0.196626841793293,0.196626841793293,"social_isolation_avg"
"4933","SCRG1","Exc L4-5 RORB IL1RAPL2",-0.000471406809490649,2.24418556750766,5.53578498054009e-05,0.994072537688156,0.999452588532504,0.999452588532504,"social_isolation_avg"
"4934","HAND2-AS1","Exc L4-5 RORB IL1RAPL2",0.0350379130980278,1.16073315859092,0.106144781992996,0.744988742193895,0.920785167671651,0.920785167671651,"social_isolation_avg"
"4935","AC106895.2","Exc L4-5 RORB IL1RAPL2",0.0406134548124696,-0.0818117705917735,0.073448096776595,0.786719095048672,0.939155146327491,0.939155146327491,"social_isolation_avg"
"4936","LINC02268","Exc L4-5 RORB IL1RAPL2",-0.0400747219627719,2.08931966770463,0.104216641546229,0.747234992631019,0.921838897052062,0.921838897052062,"social_isolation_avg"
"4937","FBXO8","Exc L4-5 RORB IL1RAPL2",0.00299084183276951,3.69623906258425,0.00607734560574004,0.937956280711685,0.987704295822896,0.987704295822896,"social_isolation_avg"
"4938","CEP44","Exc L4-5 RORB IL1RAPL2",0.00910036417122579,4.74536350142814,0.0925171426977286,0.761383760753785,0.928722988596757,0.928722988596757,"social_isolation_avg"
"4939","AC116616.1","Exc L4-5 RORB IL1RAPL2",-0.107295297020168,-0.043862447101693,0.695129112650794,0.405628423382767,0.717125033689968,0.717125033689968,"social_isolation_avg"
"4940","GLRA3","Exc L4-5 RORB IL1RAPL2",-0.0266310377693489,6.19067580768869,1.06697839238689,0.30313787255686,0.634295325862477,0.634295325862477,"social_isolation_avg"
"4941","ADAM29","Exc L4-5 RORB IL1RAPL2",-0.0515948410878521,2.61455199947363,0.691886643623346,0.406723429170117,0.717874440608935,0.717874440608935,"social_isolation_avg"
"4942","AC095050.1","Exc L4-5 RORB IL1RAPL2",-0.00887805395173815,0.090865438632918,0.00210175578129231,0.963489202190126,0.992970265671771,0.992970265671771,"social_isolation_avg"
"4943","GPM6A","Exc L4-5 RORB IL1RAPL2",-0.0251440822603009,9.98650891401795,2.93183947496223,0.0887237795347336,0.343722897742976,0.343722897742976,"social_isolation_avg"
"4944","AC097537.1","Exc L4-5 RORB IL1RAPL2",-0.0160674642350612,1.08060975057806,0.0244800153608487,0.875860660556001,0.970500479269633,0.970500479269633,"social_isolation_avg"
"4945","WDR17","Exc L4-5 RORB IL1RAPL2",0.0201680197186627,7.62271932748934,1.32174277958655,0.251940194977176,0.579179261324071,0.579179261324071,"social_isolation_avg"
"4946","SPATA4","Exc L4-5 RORB IL1RAPL2",-0.0295933328819828,0.794298325739573,0.0945095027057113,0.75890766385012,0.927125861071469,0.927125861071469,"social_isolation_avg"
"4947","ASB5","Exc L4-5 RORB IL1RAPL2",-0.202267282907196,1.72758135757188,4.32224097731867,0.0391617164332265,0.219526565191545,0.219526565191545,"social_isolation_avg"
"4948","AC019163.1","Exc L4-5 RORB IL1RAPL2",0.00804109286199143,1.73263723197438,0.0116806272799103,0.914065727183905,0.981668613012071,0.981668613012071,"social_isolation_avg"
"4949","SPCS3","Exc L4-5 RORB IL1RAPL2",-0.0961379757281938,5.29566191021431,12.6143109701502,0.000498927416460914,0.0151285346904759,0.0151285346904759,"social_isolation_avg"
"4950","AC093801.1","Exc L4-5 RORB IL1RAPL2",0.0919931491924185,0.324078206226731,0.824041017035295,0.365322826984571,0.684044850012377,0.684044850012377,"social_isolation_avg"
"4951","VEGFC","Exc L4-5 RORB IL1RAPL2",0.092464837187278,-0.728247508284733,0.169140273797689,0.681409723979719,0.888801419234817,0.888801419234817,"social_isolation_avg"
"4952","AGA","Exc L4-5 RORB IL1RAPL2",0.06378294636081,1.86921029762181,0.609292159058229,0.436170831789999,0.740027646009556,0.740027646009556,"social_isolation_avg"
"4953","AC078881.1","Exc L4-5 RORB IL1RAPL2",-0.0705732027674844,3.41419005707253,0.766722733266828,0.382503431737638,0.700260375848805,0.700260375848805,"social_isolation_avg"
"4954","LINC01098","Exc L4-5 RORB IL1RAPL2",-0.223108791726456,1.10858845665627,1.77998555367574,0.183986242564316,0.491209777841037,0.491209777841037,"social_isolation_avg"
"4955","LINC00290","Exc L4-5 RORB IL1RAPL2",-0.0756823093096108,1.80471739565034,0.44954537398026,0.503486617258172,0.789120702816896,0.789120702816896,"social_isolation_avg"
"4956","AC098864.1","Exc L4-5 RORB IL1RAPL2",0.0832870262542804,2.08568378736429,0.958023847223093,0.329115614631216,0.65450957792452,0.65450957792452,"social_isolation_avg"
"4957","TENM3","Exc L4-5 RORB IL1RAPL2",-0.00393247114756541,8.17017291950559,0.0311058581028575,0.860220324091441,0.964574419351319,0.964574419351319,"social_isolation_avg"
"4958","AC079226.2","Exc L4-5 RORB IL1RAPL2",-0.0872415364277441,1.87838882315439,1.0752752277413,0.301271482039421,0.632319213718013,0.632319213718013,"social_isolation_avg"
"4959","AC079766.1","Exc L4-5 RORB IL1RAPL2",-0.0338948244306945,0.292291452154592,0.0935107455993538,0.760145307826214,0.927856871774711,0.927856871774711,"social_isolation_avg"
"4960","DCTD","Exc L4-5 RORB IL1RAPL2",0.0150414542185834,4.13698746256233,0.220098119019409,0.63958336326792,0.867293779059998,0.867293779059998,"social_isolation_avg"
"4961","WWC2","Exc L4-5 RORB IL1RAPL2",0.0678238211550086,6.51105928239223,12.4084439242821,0.000552710097616293,0.0159572227573552,0.0159572227573552,"social_isolation_avg"
"4962","CDKN2AIP","Exc L4-5 RORB IL1RAPL2",0.00787258537566032,2.98523768592809,0.0411931423698225,0.849007364978827,0.961873912835597,0.961873912835597,"social_isolation_avg"
"4963","AC107214.1","Exc L4-5 RORB IL1RAPL2",-0.0195756882657435,4.32133929976109,0.383143995721107,0.536777537253201,0.810815358762785,0.810815358762785,"social_isolation_avg"
"4964","ING2","Exc L4-5 RORB IL1RAPL2",-0.0565545270042038,3.33945210326796,1.48790957830406,0.22427862469962,0.545371478252527,0.545371478252527,"social_isolation_avg"
"4965","AC107214.2","Exc L4-5 RORB IL1RAPL2",-0.118296682020228,0.596932605472611,1.3703926770655,0.243429328574628,0.568209725684404,0.568209725684404,"social_isolation_avg"
"4966","RWDD4","Exc L4-5 RORB IL1RAPL2",0.000690140172715639,3.93496363388127,0.000470099032821098,0.982727958486733,0.997810340892271,0.997810340892271,"social_isolation_avg"
"4967","TRAPPC11","Exc L4-5 RORB IL1RAPL2",0.00745202723928018,5.79360122477341,0.180343528059173,0.671630425464859,0.884298267656223,0.884298267656223,"social_isolation_avg"
"4968","STOX2","Exc L4-5 RORB IL1RAPL2",-0.00847669309330093,8.16081761419988,0.283771908471612,0.594954959928676,0.843296700385411,0.843296700385411,"social_isolation_avg"
"4969","ENPP6","Exc L4-5 RORB IL1RAPL2",-0.0989014848889765,2.57468898219454,2.49017623698597,0.116470705750011,0.394158866659982,0.394158866659982,"social_isolation_avg"
"4970","LINC02362","Exc L4-5 RORB IL1RAPL2",0.15414863918663,0.9790279073996,3.03433150186557,0.0833802529281901,0.332038005442399,0.332038005442399,"social_isolation_avg"
"4971","IRF2","Exc L4-5 RORB IL1RAPL2",0.0302512989291437,4.80107261326975,1.41118465010584,0.236563933396271,0.560133423074815,0.560133423074815,"social_isolation_avg"
"4972","LINC02427","Exc L4-5 RORB IL1RAPL2",0.20116900470577,2.6234932139539,7.00745248314135,0.0089022590801164,0.0919932518049604,0.0919932518049604,"social_isolation_avg"
"4973","LINC02365","Exc L4-5 RORB IL1RAPL2",0.21761710557231,-0.0368649879703518,3.4354535192257,0.0655934195688946,0.291815916215155,0.291815916215155,"social_isolation_avg"
"4974","CASP3","Exc L4-5 RORB IL1RAPL2",0.0246896379785919,3.60338567511169,0.58250256628158,0.940643212123771,0.987885432365559,0.987885432365559,"social_isolation_avg"
"4975","PRIMPOL","Exc L4-5 RORB IL1RAPL2",0.039836879484944,4.77820366694119,1.24866028679415,0.265430020604665,0.59582902097882,0.59582902097882,"social_isolation_avg"
"4976","ACSL1","Exc L4-5 RORB IL1RAPL2",0.0217854504869769,4.46149257461534,0.829644135267942,0.363701800169903,0.682892291774962,0.682892291774962,"social_isolation_avg"
"4977","LINC02436","Exc L4-5 RORB IL1RAPL2",0.0248357717695947,1.40930461427796,0.118830412596756,0.730744683235661,0.913267211869261,0.913267211869261,"social_isolation_avg"
"4978","SLC25A4","Exc L4-5 RORB IL1RAPL2",-0.113278148247443,5.68559668658085,12.6988687286907,0.00047841314036209,0.0146710778424491,0.0146710778424491,"social_isolation_avg"
"4979","CFAP97","Exc L4-5 RORB IL1RAPL2",0.0256198898356503,4.07707887534966,0.401865128084734,0.527003852339883,0.805837757483163,0.805837757483163,"social_isolation_avg"
"4980","SNX25","Exc L4-5 RORB IL1RAPL2",0.0810516112477981,5.45302986705559,6.18921619949173,0.0138445117351844,0.118316172782938,0.118316172782938,"social_isolation_avg"
"4981","LRP2BP","Exc L4-5 RORB IL1RAPL2",0.0391628155264055,5.1532833084655,0.98065183293109,0.323485307040509,0.651144266700004,0.651144266700004,"social_isolation_avg"
"4982","AC112722.1","Exc L4-5 RORB IL1RAPL2",0.0678706424598494,3.37016093621139,2.55219419579615,0.112051082887495,0.386564809853731,0.386564809853731,"social_isolation_avg"
"4983","ANKRD37","Exc L4-5 RORB IL1RAPL2",-0.00908885353987758,3.12008708266046,0.0246422540471818,0.87545335644784,0.970500479269633,0.970500479269633,"social_isolation_avg"
"4984","UFSP2","Exc L4-5 RORB IL1RAPL2",0.0146957958116962,3.56436427632204,0.225372861225852,0.635602819638692,0.865944768892835,0.865944768892835,"social_isolation_avg"
"4985","C4orf47","Exc L4-5 RORB IL1RAPL2",-0.0718622882585317,4.90722506238464,5.44417848169394,0.0208377493243746,0.152396240665692,0.152396240665692,"social_isolation_avg"
"4986","CCDC110","Exc L4-5 RORB IL1RAPL2",0.00457824526780103,1.64624182253815,0.00422981180278499,0.948223126565078,0.988740948001749,0.988740948001749,"social_isolation_avg"
"4987","SORBS2","Exc L4-5 RORB IL1RAPL2",-0.0881023649521989,7.42693586418762,12.5478841993517,0.000515671230334418,0.0153896141153904,0.0153896141153904,"social_isolation_avg"
"4988","FAM149A","Exc L4-5 RORB IL1RAPL2",0.00860150092933679,3.65677541898821,0.0543336141288263,0.815975472221142,0.951599926146172,0.951599926146172,"social_isolation_avg"
"4989","CYP4V2","Exc L4-5 RORB IL1RAPL2",-0.0746834197973211,4.53046664266698,4.54324031137467,0.0345269231836448,0.203515237868456,0.203515237868456,"social_isolation_avg"
"4990","KLKB1","Exc L4-5 RORB IL1RAPL2",0.0439510547248559,3.63011681099172,0.317260448351857,0.574021938256185,0.831980087769803,0.831980087769803,"social_isolation_avg"
"4991","F11","Exc L4-5 RORB IL1RAPL2",0.182042535844208,-0.0690875737563645,1.24826576061342,0.265505256598984,0.595845943070993,0.595845943070993,"social_isolation_avg"
"4992","F11-AS1","Exc L4-5 RORB IL1RAPL2",-0.0438992915406056,2.5868537531553,0.20345379537209,0.652538528466271,0.874771122512626,0.874771122512626,"social_isolation_avg"
"4993","AC018709.1","Exc L4-5 RORB IL1RAPL2",-0.069980684425951,1.74486620814905,0.423410103074753,0.516143815011936,0.798651954546256,0.798651954546256,"social_isolation_avg"
"4994","FAT1","Exc L4-5 RORB IL1RAPL2",-0.222966649103182,3.29477313386225,11.973395955399,0.000686700730785696,0.01845605756704,0.01845605756704,"social_isolation_avg"
"4995","LINC02492","Exc L4-5 RORB IL1RAPL2",0.167704184888926,0.103836043141905,2.31079572204636,0.133195029031235,0.419890560529823,0.419890560529823,"social_isolation_avg"
"4996","TRIML2","Exc L4-5 RORB IL1RAPL2",0.116895806007351,-0.103031882093337,0.620031477248386,0.432163201454371,0.737197543272387,0.737197543272387,"social_isolation_avg"
"4997","LINC01060","Exc L4-5 RORB IL1RAPL2",0.0334709561845682,2.94847920068028,0.0269510873760618,0.869799567893567,0.967732474374979,0.967732474374979,"social_isolation_avg"
"4998","FRG1-DT","Exc L4-5 RORB IL1RAPL2",0.0219799736880856,5.52904165059626,0.11746603567806,0.732234642541355,0.914172268378775,0.914172268378775,"social_isolation_avg"
"4999","FRG1","Exc L4-5 RORB IL1RAPL2",0.0254584412421793,3.86385916658903,0.441324095792418,0.5074097015796,0.791689333230902,0.791689333230902,"social_isolation_avg"
"5000","CCDC127","Exc L4-5 RORB IL1RAPL2",-0.117364420582385,3.35829689187861,10.4747818211827,0.00146211304091907,0.0302345801609068,0.0302345801609068,"social_isolation_avg"
"5001","SDHA","Exc L4-5 RORB IL1RAPL2",-0.0187644657571727,5.67909062555892,0.90299754702194,0.585139500626863,0.838871381373001,0.838871381373001,"social_isolation_avg"
"5002","AC021087.1","Exc L4-5 RORB IL1RAPL2",-0.242961411817743,-0.345292265350503,2.56146100253219,0.111406850565381,0.385714367712274,0.385714367712274,"social_isolation_avg"
"5003","PDCD6","Exc L4-5 RORB IL1RAPL2",0.111327610240469,4.96207293575437,13.059859838105,0.000400067609545791,0.0132430356444759,0.0132430356444759,"social_isolation_avg"
"5004","AHRR","Exc L4-5 RORB IL1RAPL2",-0.159367641557455,3.06064320719515,2.02001217423023,0.157121739635978,0.456867012728161,0.456867012728161,"social_isolation_avg"
"5005","EXOC3-AS1","Exc L4-5 RORB IL1RAPL2",-0.0708511924259633,2.79999866273431,1.59308880400724,0.208663318271408,0.526907599761552,0.526907599761552,"social_isolation_avg"
"5006","EXOC3","Exc L4-5 RORB IL1RAPL2",-0.0860157836283201,4.81456595325076,11.7831414768124,0.000755320096174859,0.0197395187012769,0.0197395187012769,"social_isolation_avg"
"5007","SLC9A3","Exc L4-5 RORB IL1RAPL2",-0.0130381078477807,1.98286400502558,0.0527713925325748,0.818593177332492,0.951762359999666,0.951762359999666,"social_isolation_avg"
"5008","CEP72","Exc L4-5 RORB IL1RAPL2",0.0651356308821538,2.23064441194037,1.84640595826066,0.176053252782391,0.482128467212214,0.482128467212214,"social_isolation_avg"
"5009","TPPP","Exc L4-5 RORB IL1RAPL2",-0.0918047863071776,7.11728902116418,8.94739890337637,0.00320410734292889,0.0498150493307785,0.0498150493307785,"social_isolation_avg"
"5010","ZDHHC11B","Exc L4-5 RORB IL1RAPL2",-0.117833637144402,6.39554198823831,1.75499105878289,0.187079034622549,0.496315537590192,0.496315537590192,"social_isolation_avg"
"5011","ZDHHC11","Exc L4-5 RORB IL1RAPL2",-0.0423327571874825,4.73451542538216,0.120004563940814,0.729470106075633,0.912971548952048,0.912971548952048,"social_isolation_avg"
"5012","BRD9","Exc L4-5 RORB IL1RAPL2",-0.106722982742469,4.87084790805295,6.62306969501518,0.0109446863087993,0.103915000500598,0.103915000500598,"social_isolation_avg"
"5013","TRIP13","Exc L4-5 RORB IL1RAPL2",-0.0977512167089585,1.47705991865657,1.77309345426529,0.19238328650982,0.504213350267387,0.504213350267387,"social_isolation_avg"
"5014","NKD2","Exc L4-5 RORB IL1RAPL2",0.00395234150987229,2.3931208437961,0.00420106775840066,0.948399104977736,0.988740948001749,0.988740948001749,"social_isolation_avg"
"5015","SLC12A7","Exc L4-5 RORB IL1RAPL2",-0.0937691860277978,2.3589635830533,0.87392068942022,0.351235836412327,0.671906212533577,0.671906212533577,"social_isolation_avg"
"5016","TERT","Exc L4-5 RORB IL1RAPL2",-0.297490443633003,-0.237608194047454,3.32838276512949,0.0698994479378164,0.302804394202349,0.302804394202349,"social_isolation_avg"
"5017","CLPTM1L","Exc L4-5 RORB IL1RAPL2",-0.107903870423001,4.46594623607263,16.3780820345435,7.9514516063087e-05,0.00496532725554346,0.00496532725554346,"social_isolation_avg"
"5018","LINC01511","Exc L4-5 RORB IL1RAPL2",-0.104931577933358,0.891621577041225,1.33163690261309,0.250179943432567,0.576501608779393,0.576501608779393,"social_isolation_avg"
"5019","LPCAT1","Exc L4-5 RORB IL1RAPL2",-0.0674585279462305,4.77545365395347,7.90447374038696,0.00552800253661227,0.0697302239968272,0.0697302239968272,"social_isolation_avg"
"5020","AC091849.2","Exc L4-5 RORB IL1RAPL2",-0.0177232697607238,-0.337716169109233,0.0125199427655192,0.911044362257361,0.981152619857221,0.981152619857221,"social_isolation_avg"
"5021","AC026412.3","Exc L4-5 RORB IL1RAPL2",0.0745861562680792,0.304778991040619,0.313554410530788,0.576265256606673,0.833688215923665,0.833688215923665,"social_isolation_avg"
"5022","MRPL36","Exc L4-5 RORB IL1RAPL2",-0.161985735348958,2.90124472610514,10.588514421278,0.00137997877266342,0.0290822627755112,0.0290822627755112,"social_isolation_avg"
"5023","NDUFS6","Exc L4-5 RORB IL1RAPL2",-0.0845985321071074,3.9433174397456,5.93947769288168,0.0158658075203894,0.128344140270752,0.128344140270752,"social_isolation_avg"
"5024","AC126768.2","Exc L4-5 RORB IL1RAPL2",0.00815553079635691,3.68779292668079,0.0282215706203899,0.866794332352072,0.966778235497087,0.966778235497087,"social_isolation_avg"
"5025","AC106799.2","Exc L4-5 RORB IL1RAPL2",0.12477852316591,1.32610512852038,2.71477972070813,0.101322293626986,0.368747666419734,0.368747666419734,"social_isolation_avg"
"5026","AC022424.1","Exc L4-5 RORB IL1RAPL2",0.103824755723172,2.13973216597963,1.97048630578193,0.16227216400964,0.464996887497572,0.464996887497572,"social_isolation_avg"
"5027","ADAMTS16","Exc L4-5 RORB IL1RAPL2",0.0192919593086907,4.48582464402036,0.0863756132287243,0.769205100671662,0.931404691527488,0.931404691527488,"social_isolation_avg"
"5028","AC022424.2","Exc L4-5 RORB IL1RAPL2",-0.0498880395357617,-0.414421426305697,0.110329017420905,0.740190681760408,0.918297139382951,0.918297139382951,"social_isolation_avg"
"5029","ICE1","Exc L4-5 RORB IL1RAPL2",0.0283406090488067,6.23317363292388,1.8211136707176,0.179026148548908,0.485363770840218,0.485363770840218,"social_isolation_avg"
"5030","AC010266.2","Exc L4-5 RORB IL1RAPL2",0.0104305792749548,0.205347652286484,0.00648961808682601,0.935890789165204,0.98701240854996,0.98701240854996,"social_isolation_avg"
"5031","LINC02145","Exc L4-5 RORB IL1RAPL2",0.145969088144628,2.63966334925463,4.59610867130117,0.0335064994916299,0.200118837399346,0.200118837399346,"social_isolation_avg"
"5032","MED10","Exc L4-5 RORB IL1RAPL2",-0.0174568259840434,5.5555550020617,0.351632026803231,0.554001158802117,0.819182238644487,0.819182238644487,"social_isolation_avg"
"5033","UBE2QL1","Exc L4-5 RORB IL1RAPL2",-0.0850299081589278,6.72015712446938,15.6657861778119,0.000112026373180404,0.00612615897961395,0.00612615897961395,"social_isolation_avg"
"5034","LINC01018","Exc L4-5 RORB IL1RAPL2",-0.0450927268776371,2.39442382810868,0.589667256662361,0.639529772244184,0.867293779059998,0.867293779059998,"social_isolation_avg"
"5035","NSUN2","Exc L4-5 RORB IL1RAPL2",0.0820784164078021,4.88854221063694,2.44380797931921,0.119901962487256,0.398570806785201,0.398570806785201,"social_isolation_avg"
"5036","SRD5A1","Exc L4-5 RORB IL1RAPL2",0.0116658724600549,4.83043038381869,0.194900156934791,0.659446126750194,0.87850314470467,0.87850314470467,"social_isolation_avg"
"5037","LINC02102","Exc L4-5 RORB IL1RAPL2",-0.0674883181539456,2.53361144936925,1.4610997537021,0.228481464801777,0.550292489245726,0.550292489245726,"social_isolation_avg"
"5038","TENT4A","Exc L4-5 RORB IL1RAPL2",0.0200257457413676,5.99716189028361,0.91752959127655,0.339523367337224,0.663058659732814,0.663058659732814,"social_isolation_avg"
"5039","LINC02236","Exc L4-5 RORB IL1RAPL2",-0.0487229483517708,2.20696535038289,0.842544916929123,0.583069548838312,0.838296680672583,0.838296680672583,"social_isolation_avg"
"5040","LINC02196","Exc L4-5 RORB IL1RAPL2",0.0375344093276838,2.57893777206084,0.222103800955782,0.638062985058527,0.867173519630254,0.867173519630254,"social_isolation_avg"
"5041","ADCY2","Exc L4-5 RORB IL1RAPL2",-0.0343218616142088,7.86451075440312,2.31528172186729,0.13001875945968,0.415036780343107,0.415036780343107,"social_isolation_avg"
"5042","AC093305.1","Exc L4-5 RORB IL1RAPL2",-0.0650650935624225,0.0126202050803268,0.220538382261005,0.639248905256874,0.867293779059998,0.867293779059998,"social_isolation_avg"
"5043","C5orf49","Exc L4-5 RORB IL1RAPL2",-0.101710110246793,1.93967330300981,2.87006585093535,0.092124516740054,0.351216599080911,0.351216599080911,"social_isolation_avg"
"5044","MTRR","Exc L4-5 RORB IL1RAPL2",0.0044554279031254,4.47942730922528,0.0295915797229182,0.863630634137588,0.965935391992509,0.965935391992509,"social_isolation_avg"
"5045","FASTKD3","Exc L4-5 RORB IL1RAPL2",0.0783622006231286,2.49445315016061,3.12132257515899,0.079119652983695,0.323191484046739,0.323191484046739,"social_isolation_avg"
"5046","MIR4458HG","Exc L4-5 RORB IL1RAPL2",-0.0535928670440105,2.202993611734,0.619573925870633,0.432332797971969,0.737261026711944,0.737261026711944,"social_isolation_avg"
"5047","SEMA5A","Exc L4-5 RORB IL1RAPL2",0.0547253367285276,3.52040680240872,0.20866185576765,0.648417960035716,0.872134971902329,0.872134971902329,"social_isolation_avg"
"5048","TAS2R1","Exc L4-5 RORB IL1RAPL2",0.134458765562867,1.39920861683512,1.25619054608824,0.263999106054352,0.594304233867268,0.594304233867268,"social_isolation_avg"
"5049","LINC02112","Exc L4-5 RORB IL1RAPL2",0.051870058404792,4.61844975248757,0.313270221252137,0.576437999181868,0.833788195284773,0.833788195284773,"social_isolation_avg"
"5050","AC034229.4","Exc L4-5 RORB IL1RAPL2",-0.0348245920388351,-0.446582939697691,0.0605958134739838,0.805862108465274,0.946534046450521,0.946534046450521,"social_isolation_avg"
"5051","FAM173B","Exc L4-5 RORB IL1RAPL2",-0.0201204967408313,5.16700411197192,0.475753944006995,0.491319128500679,0.780921813685424,0.780921813685424,"social_isolation_avg"
"5052","AC012640.1","Exc L4-5 RORB IL1RAPL2",-0.178838669001112,-0.586477522629339,1.03150728248892,0.321684697350451,0.648652977655054,0.648652977655054,"social_isolation_avg"
"5053","CCT5","Exc L4-5 RORB IL1RAPL2",-0.0980514117364408,4.93425130392497,18.6337957637825,2.72091865528336e-05,0.00257412509383082,0.00257412509383082,"social_isolation_avg"
"5054","CMBL","Exc L4-5 RORB IL1RAPL2",-0.0610453299150949,3.51713898620549,2.84464665973762,0.0935651448885843,0.354069221287381,0.354069221287381,"social_isolation_avg"
"5055","AC012640.2","Exc L4-5 RORB IL1RAPL2",-0.17143603942976,-0.128875074239904,1.7008021822919,0.193996195867192,0.50629941937692,0.50629941937692,"social_isolation_avg"
"5056","MARCH6","Exc L4-5 RORB IL1RAPL2",-0.0223288531456498,7.70990385025,2.6125950981485,0.107925066425112,0.37991631289852,0.37991631289852,"social_isolation_avg"
"5057","ROPN1L","Exc L4-5 RORB IL1RAPL2",0.0257244290779799,3.16336795627698,0.430374152265247,0.524147094914449,0.804109779930001,0.804109779930001,"social_isolation_avg"
"5058","LINC01513","Exc L4-5 RORB IL1RAPL2",0.127387269483722,0.50721077535588,1.82210869632311,0.178908093224035,0.485321868371609,0.485321868371609,"social_isolation_avg"
"5059","ANKRD33B","Exc L4-5 RORB IL1RAPL2",0.0212586686625443,7.39157173794013,0.672482874393077,0.41336823068352,0.72299318661147,0.72299318661147,"social_isolation_avg"
"5060","DAP","Exc L4-5 RORB IL1RAPL2",0.0220077197417524,2.39674101454397,0.162273919161221,0.771995573732952,0.932678776012287,0.932678776012287,"social_isolation_avg"
"5061","CTNND2","Exc L4-5 RORB IL1RAPL2",0.00636610681200124,10.1999127187082,0.235407200573025,0.628185547980474,0.86187381414536,0.86187381414536,"social_isolation_avg"
"5062","LINC01194","Exc L4-5 RORB IL1RAPL2",0.0299031508771654,-0.020313687659868,0.0545949043800041,0.95274839754125,0.989452900160271,0.989452900160271,"social_isolation_avg"
"5063","LINC02220","Exc L4-5 RORB IL1RAPL2",-0.0789947828486575,1.71066126025161,0.522685660444508,0.470720023160194,0.765491496193728,0.765491496193728,"social_isolation_avg"
"5064","DNAH5","Exc L4-5 RORB IL1RAPL2",-0.129251318111727,2.76267481998791,5.42192567090504,0.0210961529285851,0.15311097413186,0.15311097413186,"social_isolation_avg"
"5065","AC016576.1","Exc L4-5 RORB IL1RAPL2",0.0131874674167457,0.394603144226059,0.00617810541660737,0.937445121768671,0.987569591724554,0.987569591724554,"social_isolation_avg"
"5066","TRIO","Exc L4-5 RORB IL1RAPL2",-0.00580170387997787,8.8712313130404,0.196821738018758,0.657878737436444,0.877650961787701,0.877650961787701,"social_isolation_avg"
"5067","OTULINL","Exc L4-5 RORB IL1RAPL2",0.103115372804853,3.47328110832819,5.25022021191616,0.0232063082569923,0.161845395698692,0.161845395698692,"social_isolation_avg"
"5068","AC010491.1","Exc L4-5 RORB IL1RAPL2",-0.122881180608077,1.22429414708658,3.10966514734808,0.0796766009561185,0.323908710092768,0.323908710092768,"social_isolation_avg"
"5069","OTULIN","Exc L4-5 RORB IL1RAPL2",-0.0384845590182622,3.93399515380496,1.41411076284606,0.236080618232247,0.55961931565677,0.55961931565677,"social_isolation_avg"
"5070","ANKH","Exc L4-5 RORB IL1RAPL2",0.017704187556526,7.64783322451639,1.19445143517512,0.276023720762111,0.606251321280619,0.606251321280619,"social_isolation_avg"
"5071","AC016575.1","Exc L4-5 RORB IL1RAPL2",0.131496752434369,-0.105230298091674,0.89862297072634,0.344535018093363,0.667172968718096,0.667172968718096,"social_isolation_avg"
"5072","MARCH11","Exc L4-5 RORB IL1RAPL2",0.00467956901522273,5.634239021999,0.0377031373595849,0.846278880714012,0.961597389721097,0.961597389721097,"social_isolation_avg"
"5073","AC016650.1","Exc L4-5 RORB IL1RAPL2",0.0304982620318383,-0.234318914338823,0.0191562658494137,0.890087894330248,0.974706512053996,0.974706512053996,"social_isolation_avg"
"5074","AC092335.1","Exc L4-5 RORB IL1RAPL2",0.124668186619512,0.821531572270535,1.8767735759847,0.199584937092484,0.514218237970458,0.514218237970458,"social_isolation_avg"
"5075","LINC02150","Exc L4-5 RORB IL1RAPL2",0.199363429783107,3.56047650775189,4.12364458564555,0.0438904320809862,0.234061686979803,0.234061686979803,"social_isolation_avg"
"5076","ZNF622","Exc L4-5 RORB IL1RAPL2",-0.0917659810373371,2.86409648063564,4.03838578078109,0.046103259990461,0.241105523018108,0.241105523018108,"social_isolation_avg"
"5077","RETREG1","Exc L4-5 RORB IL1RAPL2",-0.0273736506774726,7.85326227134386,2.51953010707406,0.114355130520977,0.390350608801623,0.390350608801623,"social_isolation_avg"
"5078","AC022113.1","Exc L4-5 RORB IL1RAPL2",0.0972548837569831,1.64244983293373,1.91051756578499,0.175081529613373,0.481359724181143,0.481359724181143,"social_isolation_avg"
"5079","MYO10","Exc L4-5 RORB IL1RAPL2",0.170466323175951,2.20240264277234,2.46840438632381,0.118067994786863,0.396711059022417,0.396711059022417,"social_isolation_avg"
"5080","BASP1","Exc L4-5 RORB IL1RAPL2",-0.0700840839750174,9.03384943631602,16.0565917827039,9.27956679806797e-05,0.00548821595123067,0.00548821595123067,"social_isolation_avg"
"5081","AC026790.1","Exc L4-5 RORB IL1RAPL2",-0.207772341502528,2.00002278908187,7.17409679935373,0.00814349948545226,0.0874604072171977,0.0874604072171977,"social_isolation_avg"
"5082","BASP1-AS1","Exc L4-5 RORB IL1RAPL2",0.0322177260916661,7.9425294504658,1.83008254920968,0.177965297745964,0.484500920669265,0.484500920669265,"social_isolation_avg"
"5083","LINC02217","Exc L4-5 RORB IL1RAPL2",-0.0482151248643285,6.77718611556094,2.12380957871658,0.146922555904769,0.442792022748905,0.442792022748905,"social_isolation_avg"
"5084","LINC02218","Exc L4-5 RORB IL1RAPL2",0.00544001819796825,1.84369579481038,0.00439432927295533,0.947227262335022,0.988740948001749,0.988740948001749,"social_isolation_avg"
"5085","LINC02223","Exc L4-5 RORB IL1RAPL2",-0.0661287131280593,5.72265673131895,0.944967535496155,0.332423927992422,0.657539556755872,0.657539556755872,"social_isolation_avg"
"5086","AC106744.1","Exc L4-5 RORB IL1RAPL2",0.141189795339615,0.651118988083335,1.32705353811495,0.250993468043814,0.577813287365495,0.577813287365495,"social_isolation_avg"
"5087","CDH18","Exc L4-5 RORB IL1RAPL2",-0.00439398010474251,8.73710565428667,0.0345811425415875,0.852704093776556,0.962279934394837,0.962279934394837,"social_isolation_avg"
"5088","LINC02241","Exc L4-5 RORB IL1RAPL2",0.0431423141893229,4.92867999667371,1.89405658163525,0.170606648498073,0.475663431942485,0.475663431942485,"social_isolation_avg"
"5089","AC093274.1","Exc L4-5 RORB IL1RAPL2",0.102775892503855,0.281123515921176,0.928601844519278,0.336634126003728,0.660937459594951,0.660937459594951,"social_isolation_avg"
"5090","AC091946.1","Exc L4-5 RORB IL1RAPL2",0.12734263936188,3.57699859887774,3.36502743426439,0.0683923370459549,0.299016735457877,0.299016735457877,"social_isolation_avg"
"5091","CDH12","Exc L4-5 RORB IL1RAPL2",-0.084273867356758,7.89038350730506,1.83230127186615,0.177703994282945,0.483998456287261,0.483998456287261,"social_isolation_avg"
"5092","C5orf17","Exc L4-5 RORB IL1RAPL2",-0.370642450006502,3.71106984395787,2.67463109798514,0.1038617628099,0.373109628655044,0.373109628655044,"social_isolation_avg"
"5093","CDH10","Exc L4-5 RORB IL1RAPL2",-0.0175320193819301,9.12122991732743,0.499138549429343,0.480873547447094,0.773756985393866,0.773756985393866,"social_isolation_avg"
"5094","AC091885.2","Exc L4-5 RORB IL1RAPL2",-0.0599616642490261,4.90675286660874,1.20493032937705,0.273934918635356,0.603617702945639,0.603617702945639,"social_isolation_avg"
"5095","LINC02228","Exc L4-5 RORB IL1RAPL2",0.0665395594687116,0.448530745184311,0.382379331157396,0.537183735690176,0.810815358762785,0.810815358762785,"social_isolation_avg"
"5096","LINC02211","Exc L4-5 RORB IL1RAPL2",-0.0217087857333614,-0.0830993233679873,0.00719617970825568,0.932498960982517,0.986459400690496,0.986459400690496,"social_isolation_avg"
"5097","CDH9","Exc L4-5 RORB IL1RAPL2",-0.804626993445302,1.66506080238663,7.16965060977804,0.00816284980243234,0.087554579986017,0.087554579986017,"social_isolation_avg"
"5098","AC008825.1","Exc L4-5 RORB IL1RAPL2",-0.639359308876528,-1.0086698993867,3.81091562182446,0.0526091403888202,0.259696724575233,0.259696724575233,"social_isolation_avg"
"5099","LINC02109","Exc L4-5 RORB IL1RAPL2",-0.131837491756105,-0.833224863554494,0.28631684280664,0.59330961307677,0.842730364764325,0.842730364764325,"social_isolation_avg"
"5100","AC113386.1","Exc L4-5 RORB IL1RAPL2",0.130376474018125,2.05186428766448,3.96959100782465,0.047975272604075,0.246192806986247,0.246192806986247,"social_isolation_avg"
"5101","CDH6","Exc L4-5 RORB IL1RAPL2",0.0324315343505322,5.57682655619656,0.648718350575738,0.421728359418543,0.728382505535889,0.728382505535889,"social_isolation_avg"
"5102","DROSHA","Exc L4-5 RORB IL1RAPL2",0.0352255377131456,5.87479078782322,3.90167148556649,0.0499031070247982,0.251699223665206,0.251699223665206,"social_isolation_avg"
"5103","C5orf22","Exc L4-5 RORB IL1RAPL2",0.0416047612376019,4.41599102892009,2.4321718530176,0.120780643295582,0.39980590479281,0.39980590479281,"social_isolation_avg"
"5104","PDZD2","Exc L4-5 RORB IL1RAPL2",-0.225237869072211,4.92903544496766,0.881212531977143,0.349239446799801,0.671078252151497,0.671078252151497,"social_isolation_avg"
"5105","AC025178.1","Exc L4-5 RORB IL1RAPL2",0.0579116492766826,3.15700834119067,1.28768660588907,0.258117566269434,0.58659963057422,0.58659963057422,"social_isolation_avg"
"5106","GOLPH3","Exc L4-5 RORB IL1RAPL2",0.00245511328927433,5.68294722369086,0.0101450566100238,0.919892678027057,0.983247337638765,0.983247337638765,"social_isolation_avg"
"5107","AC025181.2","Exc L4-5 RORB IL1RAPL2",0.0197054310369299,0.520987299821627,0.0435604269883621,0.834930547937728,0.956824497333631,0.956824497333631,"social_isolation_avg"
"5108","MTMR12","Exc L4-5 RORB IL1RAPL2",0.0244799159549641,6.10156547397447,1.51159563077333,0.220642946017587,0.54153049428597,0.54153049428597,"social_isolation_avg"
"5109","ZFR","Exc L4-5 RORB IL1RAPL2",-0.00468069316516714,7.02117375398087,0.128149444560006,0.720815243579201,0.909296979182147,0.909296979182147,"social_isolation_avg"
"5110","SUB1","Exc L4-5 RORB IL1RAPL2",-0.0819080463027479,6.04938784930438,16.6816692064526,6.8749098436867e-05,0.00451667254001376,0.00451667254001376,"social_isolation_avg"
"5111","NPR3","Exc L4-5 RORB IL1RAPL2",0.366884939769471,-1.03389504209347,1.73010630847239,0.190218940284714,0.500953822055531,0.500953822055531,"social_isolation_avg"
"5112","AC010343.3","Exc L4-5 RORB IL1RAPL2",0.00238519896068393,1.22789104024037,0.000716650751473664,0.978675207100447,0.996876364716566,0.996876364716566,"social_isolation_avg"
"5113","AC034231.1","Exc L4-5 RORB IL1RAPL2",-0.0420246505549875,0.314127264784229,0.111607268552387,0.738745115077122,0.917539472389013,0.917539472389013,"social_isolation_avg"
"5114","TARS","Exc L4-5 RORB IL1RAPL2",-0.0409693719447905,3.8178025503683,0.891227421242524,0.346522728886866,0.669241252757823,0.669241252757823,"social_isolation_avg"
"5115","ADAMTS12","Exc L4-5 RORB IL1RAPL2",-0.265469043714095,1.63007060360515,7.02091340515755,0.0088383392708338,0.0914325955951046,0.0914325955951046,"social_isolation_avg"
"5116","SLC45A2","Exc L4-5 RORB IL1RAPL2",-0.0268629238120347,2.14798723198838,0.162781863571515,0.687129554624822,0.892202738337652,0.892202738337652,"social_isolation_avg"
"5117","AMACR","Exc L4-5 RORB IL1RAPL2",-0.0135193219055616,0.287097397255378,0.0143847201014999,0.904679245445371,0.978474677207721,0.978474677207721,"social_isolation_avg"
"5118","C1QTNF3-AMACR","Exc L4-5 RORB IL1RAPL2",0.0282421329951997,5.41409589459898,0.542906636680481,0.462275108685285,0.759708822020382,0.759708822020382,"social_isolation_avg"
"5119","RAI14","Exc L4-5 RORB IL1RAPL2",-0.0718048865045386,2.74262085614709,0.813173315778256,0.368495790532532,0.686791652153865,0.686791652153865,"social_isolation_avg"
"5120","TTC23L","Exc L4-5 RORB IL1RAPL2",0.00896488442033809,3.54585269224352,0.0475442846416727,0.827661815068713,0.954161930646283,0.954161930646283,"social_isolation_avg"
"5121","RAD1","Exc L4-5 RORB IL1RAPL2",-0.0526354382057676,3.52959781018764,1.89740622997396,0.17023117629675,0.475076083309089,0.475076083309089,"social_isolation_avg"
"5122","BRIX1","Exc L4-5 RORB IL1RAPL2",-0.027017339718269,3.67980049578405,0.681631365451995,0.458875558457636,0.757162679129409,0.757162679129409,"social_isolation_avg"
"5123","DNAJC21","Exc L4-5 RORB IL1RAPL2",-0.0400151678777436,5.04463926401985,2.40587992347863,0.122792651020931,0.403431107825498,0.403431107825498,"social_isolation_avg"
"5124","PRLR","Exc L4-5 RORB IL1RAPL2",-0.400325293148794,0.870231331298446,11.3260775856897,0.000950286377233136,0.0228467198775453,0.0228467198775453,"social_isolation_avg"
"5125","SPEF2","Exc L4-5 RORB IL1RAPL2",-0.048422446687767,6.06728114136787,2.2729417188542,0.133558641372152,0.420616353762065,0.420616353762065,"social_isolation_avg"
"5126","AC137810.1","Exc L4-5 RORB IL1RAPL2",-0.0870875762602669,2.81715034109912,0.770134820654025,0.38144907067304,0.699495819558499,0.699495819558499,"social_isolation_avg"
"5127","CAPSL","Exc L4-5 RORB IL1RAPL2",-0.0646549531930545,0.241640811495663,0.237829870473035,0.626424099976847,0.861089740805579,0.861089740805579,"social_isolation_avg"
"5128","UGT3A2","Exc L4-5 RORB IL1RAPL2",-0.0324005425301005,-0.810931957137577,0.0208530416370123,0.885355932564304,0.973660414670342,0.973660414670342,"social_isolation_avg"
"5129","LMBRD2","Exc L4-5 RORB IL1RAPL2",0.0208402830286373,6.59751952063968,1.12585538110615,0.290208983718626,0.621391594158332,0.621391594158332,"social_isolation_avg"
"5130","SKP2","Exc L4-5 RORB IL1RAPL2",-0.00328931231277735,5.11181539414299,0.00979015936772789,0.921301643127308,0.983427396790068,0.983427396790068,"social_isolation_avg"
"5131","NADK2","Exc L4-5 RORB IL1RAPL2",-0.0171310656269021,5.16155309553675,0.388650234184304,0.533869024910207,0.80940190867997,0.80940190867997,"social_isolation_avg"
"5132","RANBP3L","Exc L4-5 RORB IL1RAPL2",0.0926557462358802,3.60156986984736,0.44801162067447,0.504214539893637,0.789689869160459,0.789689869160459,"social_isolation_avg"
"5133","AC008957.1","Exc L4-5 RORB IL1RAPL2",0.0720559072870406,0.449533934256765,0.471523635599967,0.493249227260516,0.782425270707262,0.782425270707262,"social_isolation_avg"
"5134","AC026741.1","Exc L4-5 RORB IL1RAPL2",0.178839813974279,-0.0425832717636021,1.94334663918999,0.165176734714421,0.468772910984185,0.468772910984185,"social_isolation_avg"
"5135","NIPBL","Exc L4-5 RORB IL1RAPL2",0.0241405282108783,7.58237904999401,5.04540688503779,0.0260158560932548,0.172619326651393,0.172619326651393,"social_isolation_avg"
"5136","CPLANE1","Exc L4-5 RORB IL1RAPL2",0.0649423793148769,7.41499060676555,23.3042938697721,3.12843845241e-06,0.000604012081204588,0.000604012081204588,"social_isolation_avg"
"5137","NUP155","Exc L4-5 RORB IL1RAPL2",0.0699769321349639,4.26844454032401,7.48864435892778,0.00688806676073304,0.0800173974707354,0.0800173974707354,"social_isolation_avg"
"5138","WDR70","Exc L4-5 RORB IL1RAPL2",0.0235619220602188,7.71507967942854,2.83489746871741,0.0941242204098903,0.35499610122325,0.35499610122325,"social_isolation_avg"
"5139","GDNF-AS1","Exc L4-5 RORB IL1RAPL2",-0.0127546994200094,-1.47460278953966,2.17824188397052,0.489538533056814,0.78007062354455,0.78007062354455,"social_isolation_avg"
"5140","LINC02107","Exc L4-5 RORB IL1RAPL2",-0.0124128591148574,-0.462976478856221,0.00733943251616566,0.93183204318196,0.985939982881157,0.985939982881157,"social_isolation_avg"
"5141","EGFLAM","Exc L4-5 RORB IL1RAPL2",-0.0730352702202805,0.0796638013168115,0.376486472392698,0.540333077253159,0.812231575248533,0.812231575248533,"social_isolation_avg"
"5142","LIFR","Exc L4-5 RORB IL1RAPL2",-0.0974418668601013,4.79242304909028,9.18960004824178,0.00282628014055384,0.0460547464838661,0.0460547464838661,"social_isolation_avg"
"5143","LIFR-AS1","Exc L4-5 RORB IL1RAPL2",-0.0610940331557729,3.29527038822828,1.65748599306616,0.199742788432775,0.514218237970458,0.514218237970458,"social_isolation_avg"
"5144","OSMR","Exc L4-5 RORB IL1RAPL2",-0.156920340164389,0.237298252688462,0.746556631775488,0.388820680320253,0.704081238408495,0.704081238408495,"social_isolation_avg"
"5145","RICTOR","Exc L4-5 RORB IL1RAPL2",0.0522692484497781,7.62027922654811,11.443661156135,0.000895677169813814,0.0220665465234989,0.0220665465234989,"social_isolation_avg"
"5146","C9","Exc L4-5 RORB IL1RAPL2",-0.0182904102918171,-0.239951809292209,0.0123758908005496,0.911555463139737,0.981200416319659,0.981200416319659,"social_isolation_avg"
"5147","TTC33","Exc L4-5 RORB IL1RAPL2",0.0118615764416527,5.56300821640411,0.433750021978397,0.691409429790594,0.894384208728231,0.894384208728231,"social_isolation_avg"
"5148","PRKAA1","Exc L4-5 RORB IL1RAPL2",0.00958295226552036,4.74119741911563,0.139980674030271,0.708779716259513,0.903572362979804,0.903572362979804,"social_isolation_avg"
"5149","RPL37","Exc L4-5 RORB IL1RAPL2",-0.0375548115883693,5.67420686612691,2.06381093378031,0.152722528747965,0.451086944495823,0.451086944495823,"social_isolation_avg"
"5150","C6","Exc L4-5 RORB IL1RAPL2",0.0557501926100473,0.877042493962393,0.28363242493793,0.595045412337912,0.843296700385411,0.843296700385411,"social_isolation_avg"
"5151","PLCXD3","Exc L4-5 RORB IL1RAPL2",-0.0313244980300663,6.5857774279604,0.509849944040259,0.476210869507187,0.769628683050206,0.769628683050206,"social_isolation_avg"
"5152","OXCT1","Exc L4-5 RORB IL1RAPL2",-0.0215837935030659,6.89793380183277,1.24026095919018,0.267037557291896,0.597174338943008,0.597174338943008,"social_isolation_avg"
"5153","C5orf51","Exc L4-5 RORB IL1RAPL2",0.0350613024085156,4.14017822248526,1.57998455117543,0.210536153719267,0.528954264310484,0.528954264310484,"social_isolation_avg"
"5154","FBXO4","Exc L4-5 RORB IL1RAPL2",0.111537090692095,3.49679728515339,10.0125407501257,0.00185092656014922,0.0356633212266633,0.0356633212266633,"social_isolation_avg"
"5155","GHR","Exc L4-5 RORB IL1RAPL2",0.027735169183402,7.59244045180154,0.399806482771858,0.528062840292643,0.806089310300694,0.806089310300694,"social_isolation_avg"
"5156","CCDC152","Exc L4-5 RORB IL1RAPL2",0.0690026086651435,2.45483536720489,0.915581998159387,0.340035041621018,0.663588011383302,0.663588011383302,"social_isolation_avg"
"5157","ZNF131","Exc L4-5 RORB IL1RAPL2",0.00928772550425724,6.88709752780965,0.391555782296049,0.532345776326878,0.808842402142525,0.808842402142525,"social_isolation_avg"
"5158","NIM1K","Exc L4-5 RORB IL1RAPL2",0.0366403637969928,6.50471349954331,2.36815674558606,0.125745273408546,0.408660651091422,0.408660651091422,"social_isolation_avg"
"5159","AC114947.2","Exc L4-5 RORB IL1RAPL2",0.110397339661641,0.613985956104878,0.979430535709092,0.323785903582296,0.651323950848461,0.651323950848461,"social_isolation_avg"
"5160","HMGCS1","Exc L4-5 RORB IL1RAPL2",0.0547290344432278,5.56953808789556,1.00953558560004,0.316482690553677,0.644443498489681,0.644443498489681,"social_isolation_avg"
"5161","CCL28","Exc L4-5 RORB IL1RAPL2",-0.0662321685494772,1.45766076438215,0.770192996310801,0.381431129824588,0.699495819558499,0.699495819558499,"social_isolation_avg"
"5162","TMEM267","Exc L4-5 RORB IL1RAPL2",0.0273811755179008,5.0769438561287,1.38106277903819,0.241610219800473,0.56606079356671,0.56606079356671,"social_isolation_avg"
"5163","C5orf34","Exc L4-5 RORB IL1RAPL2",-0.00671019007847506,3.73813218186031,0.0207651002828562,0.885596244087744,0.973706837705749,0.973706837705749,"social_isolation_avg"
"5164","PAIP1","Exc L4-5 RORB IL1RAPL2",-0.00213472821259554,5.31436159856869,0.00900337449095611,0.924520213797485,0.984076729849897,0.984076729849897,"social_isolation_avg"
"5165","NNT-AS1","Exc L4-5 RORB IL1RAPL2",0.00358320916346321,5.68663845897372,0.0234776351928415,0.878408416327286,0.971685504065327,0.971685504065327,"social_isolation_avg"
"5166","NNT","Exc L4-5 RORB IL1RAPL2",0.00580888704532643,6.83136979466843,0.0903917684387749,0.76405750777228,0.929360205936259,0.929360205936259,"social_isolation_avg"
"5167","FGF10","Exc L4-5 RORB IL1RAPL2",0.106173704843337,0.785003155327211,1.09656088573491,0.296550873018978,0.627282176455235,0.627282176455235,"social_isolation_avg"
"5168","LINC02224","Exc L4-5 RORB IL1RAPL2",-0.110228424689452,1.59628729785314,1.68547479770953,0.196007026108492,0.50908015662303,0.50908015662303,"social_isolation_avg"
"5169","AC093292.1","Exc L4-5 RORB IL1RAPL2",-0.230903115296722,-0.480710581840649,1.9336224458893,0.166231990258098,0.470216099218637,0.470216099218637,"social_isolation_avg"
"5170","MRPS30-DT","Exc L4-5 RORB IL1RAPL2",-0.000129069401842496,6.65337777576494,2.25649019643727e-05,0.996215588894278,0.999502287237639,0.999502287237639,"social_isolation_avg"
"5171","AC093297.1","Exc L4-5 RORB IL1RAPL2",0.133514627809065,0.214716807640115,0.966502755428662,0.326990703109104,0.653367542552925,0.653367542552925,"social_isolation_avg"
"5172","MRPS30","Exc L4-5 RORB IL1RAPL2",-0.0754906974108556,4.78178066357482,6.57167261823457,0.0112524894578871,0.105556942505048,0.105556942505048,"social_isolation_avg"
"5173","AC093297.2","Exc L4-5 RORB IL1RAPL2",-0.0777867217976745,4.18977074164487,4.63720770953026,0.0327352395953282,0.198139305304928,0.198139305304928,"social_isolation_avg"
"5174","HCN1","Exc L4-5 RORB IL1RAPL2",0.0305870785437091,9.27504739600982,3.54373987454,0.0615277750623831,0.282013458292658,0.282013458292658,"social_isolation_avg"
"5175","AC122694.1","Exc L4-5 RORB IL1RAPL2",0.146049461127593,-0.643203540935875,0.491607489026215,0.484197002541239,0.77593728170431,0.77593728170431,"social_isolation_avg"
"5176","EMB","Exc L4-5 RORB IL1RAPL2",0.0437659948067341,5.68204833249012,3.09327829186446,0.0804667244311902,0.325670779243326,0.325670779243326,"social_isolation_avg"
"5177","PARP8","Exc L4-5 RORB IL1RAPL2",-0.0202313106758275,7.67492705760988,1.29990549588089,0.255879816426624,0.584299059450659,0.584299059450659,"social_isolation_avg"
"5178","AC022126.1","Exc L4-5 RORB IL1RAPL2",0.122433003268405,2.02045643140273,2.51661183239485,0.114563528418955,0.390850436569609,0.390850436569609,"social_isolation_avg"
"5179","ITGA1","Exc L4-5 RORB IL1RAPL2",0.00957298714815109,1.5367378334653,0.025130084261431,0.874236856881806,0.969990403745151,0.969990403745151,"social_isolation_avg"
"5180","AC025180.1","Exc L4-5 RORB IL1RAPL2",0.0979543941596952,0.501198405345822,1.02259098884801,0.313383152378459,0.642373438801511,0.642373438801511,"social_isolation_avg"
"5181","AC008966.2","Exc L4-5 RORB IL1RAPL2",0.024049117784764,0.79504874235599,0.0645737966068275,0.799723510442201,0.943825771780094,0.943825771780094,"social_isolation_avg"
"5182","MOCS2","Exc L4-5 RORB IL1RAPL2",-0.0391975177290931,4.64729504173998,1.6555703151374,0.200001544778274,0.514301335790938,0.514301335790938,"social_isolation_avg"
"5183","AC008966.1","Exc L4-5 RORB IL1RAPL2",-0.0789654328897471,1.91741708199692,1.54151252439815,0.216151705464412,0.535805897955212,0.535805897955212,"social_isolation_avg"
"5184","NDUFS4","Exc L4-5 RORB IL1RAPL2",0.0199974768955411,5.82837825737918,1.15292795423831,0.284502028342183,0.615699745883843,0.615699745883843,"social_isolation_avg"
"5185","AC025175.1","Exc L4-5 RORB IL1RAPL2",-0.0279151196356659,-0.0247685467371176,0.0638050725560271,0.800893747363796,0.944592513234501,0.944592513234501,"social_isolation_avg"
"5186","ARL15","Exc L4-5 RORB IL1RAPL2",0.0394718481505139,9.12112485209831,2.345915391886,0.127523360711788,0.410701192855784,0.410701192855784,"social_isolation_avg"
"5187","LINC01033","Exc L4-5 RORB IL1RAPL2",-0.054174038439347,1.93410870976325,0.253419927438223,0.615347411567929,0.854166518525118,0.854166518525118,"social_isolation_avg"
"5188","HSPB3","Exc L4-5 RORB IL1RAPL2",-0.260647992606221,1.13779111394583,6.44264019270122,0.0120654394001679,0.10996636748101,0.10996636748101,"social_isolation_avg"
"5189","SNX18","Exc L4-5 RORB IL1RAPL2",0.00950230992611812,3.77436201293764,0.0751249483053909,0.947336652069794,0.988740948001749,0.988740948001749,"social_isolation_avg"
"5190","CCNO","Exc L4-5 RORB IL1RAPL2",-0.334193115675389,0.296142578099663,7.04336197041185,0.00873279529954483,0.0906855571588242,0.0906855571588242,"social_isolation_avg"
"5191","AC026704.1","Exc L4-5 RORB IL1RAPL2",0.0178428894191605,2.27914096260483,0.0665525304658527,0.796744970416911,0.943052144191509,0.943052144191509,"social_isolation_avg"
"5192","DHX29","Exc L4-5 RORB IL1RAPL2",0.0231434228436879,5.70843029127797,1.49732263249206,0.222825187260919,0.544079928786147,0.544079928786147,"social_isolation_avg"
"5193","MTREX","Exc L4-5 RORB IL1RAPL2",0.0078199745505691,5.90172522367281,0.221306196928429,0.638666588356979,0.86720544732868,0.86720544732868,"social_isolation_avg"
"5194","PLPP1","Exc L4-5 RORB IL1RAPL2",-0.00243242254017487,6.48008196122039,0.0164655399300904,0.898053211881082,0.977229400851274,0.977229400851274,"social_isolation_avg"
"5195","SLC38A9","Exc L4-5 RORB IL1RAPL2",0.0598393835521276,5.89546797371826,8.43602223886769,0.00418197609120412,0.0587432588134173,0.0587432588134173,"social_isolation_avg"
"5196","DDX4","Exc L4-5 RORB IL1RAPL2",0.0936099989695565,1.7789335543749,1.58116568746943,0.210366527802412,0.528808964069276,0.528808964069276,"social_isolation_avg"
"5197","IL6ST","Exc L4-5 RORB IL1RAPL2",0.0475200172523432,5.25452439941204,2.60701859518958,0.108298853712234,0.380453511156551,0.380453511156551,"social_isolation_avg"
"5198","AC008892.1","Exc L4-5 RORB IL1RAPL2",0.12352543090005,0.971643012110875,2.98931244385566,0.0896037316497909,0.345293728420712,0.345293728420712,"social_isolation_avg"
"5199","ANKRD55","Exc L4-5 RORB IL1RAPL2",-0.851485624253811,-0.791029722863531,7.48374652353138,0.00690599915806305,0.0800173974707354,0.0800173974707354,"social_isolation_avg"
"5200","LINC01948","Exc L4-5 RORB IL1RAPL2",-0.195429420263249,0.11929946254275,2.04496402140173,0.154598038206306,0.453863379503725,0.453863379503725,"social_isolation_avg"
"5201","C5orf67","Exc L4-5 RORB IL1RAPL2",-0.05491855010971,0.468924277852406,0.172766625874808,0.678203722038398,0.887303892540105,0.887303892540105,"social_isolation_avg"
"5202","MAP3K1","Exc L4-5 RORB IL1RAPL2",0.0799590759547096,3.67715455640277,4.92219924710718,0.0278759572139089,0.179695577758219,0.179695577758219,"social_isolation_avg"
"5203","AC008937.2","Exc L4-5 RORB IL1RAPL2",-0.131592527942089,-0.319733858245542,0.82628032782291,0.393906718444286,0.709005399068246,0.709005399068246,"social_isolation_avg"
"5204","SETD9","Exc L4-5 RORB IL1RAPL2",0.0540037588999711,0.347622570330214,0.29705735444001,0.586467723747021,0.839667312378365,0.839667312378365,"social_isolation_avg"
"5205","MIER3","Exc L4-5 RORB IL1RAPL2",0.000449327338348577,3.72792902578592,0.000248761964418565,0.987435156021601,0.998624222945358,0.998624222945358,"social_isolation_avg"
"5206","GPBP1","Exc L4-5 RORB IL1RAPL2",-0.0358043561932071,6.86052576868179,4.64956614666734,0.0325070014039943,0.197579496808537,0.197579496808537,"social_isolation_avg"
"5207","AC025470.2","Exc L4-5 RORB IL1RAPL2",0.188291622440467,-0.0424650661390408,1.90559038935574,0.169317803082639,0.473715095156426,0.473715095156426,"social_isolation_avg"
"5208","AC008780.1","Exc L4-5 RORB IL1RAPL2",-0.342932158019194,0.0852964197764055,6.60033056039223,0.011079773700885,0.104610977142937,0.104610977142937,"social_isolation_avg"
"5209","AC008780.2","Exc L4-5 RORB IL1RAPL2",-0.304608692263198,2.28381583061107,13.1947069840205,0.000374276010533632,0.0127828093778102,0.0127828093778102,"social_isolation_avg"
"5210","PLK2","Exc L4-5 RORB IL1RAPL2",-0.119795424224523,5.43299651280042,12.0969001208863,0.000645596895655339,0.0176768817838336,0.0176768817838336,"social_isolation_avg"
"5211","LINC02108","Exc L4-5 RORB IL1RAPL2",0.172184357078959,0.227435891422963,2.46162745016066,0.118570156289978,0.397155441711065,0.397155441711065,"social_isolation_avg"
"5212","RAB3C","Exc L4-5 RORB IL1RAPL2",-0.0481921023955063,7.70984621345654,5.79137697753347,0.0172074612721677,0.136011142221436,0.136011142221436,"social_isolation_avg"
"5213","AC016642.1","Exc L4-5 RORB IL1RAPL2",-0.0328851527552693,0.860281916862735,0.115082983679611,0.734860421450929,0.91516949422438,0.91516949422438,"social_isolation_avg"
"5214","PDE4D","Exc L4-5 RORB IL1RAPL2",0.00633157032646136,11.4600948297456,0.143190666483809,0.705614979579253,0.901968722376641,0.901968722376641,"social_isolation_avg"
"5215","AC092343.1","Exc L4-5 RORB IL1RAPL2",0.0277620244747276,1.53138410023883,0.131958696714395,0.948479888436406,0.988770687003044,0.988770687003044,"social_isolation_avg"
"5216","PART1","Exc L4-5 RORB IL1RAPL2",-0.0279012610215771,6.86760914251023,0.706836818082427,0.40171042833089,0.714306793490241,0.714306793490241,"social_isolation_avg"
"5217","DEPDC1B","Exc L4-5 RORB IL1RAPL2",0.0147952738130645,2.51975288398407,0.0630307891122912,0.802080055744924,0.945011595334674,0.945011595334674,"social_isolation_avg"
"5218","ELOVL7","Exc L4-5 RORB IL1RAPL2",-0.01487075825901,4.57951051106088,0.262860043377722,0.608846487262821,0.851251340094572,0.851251340094572,"social_isolation_avg"
"5219","ERCC8","Exc L4-5 RORB IL1RAPL2",0.0230472566418116,5.64468516312137,0.927003385334985,0.337049180544636,0.661054397185915,0.661054397185915,"social_isolation_avg"
"5220","NDUFAF2","Exc L4-5 RORB IL1RAPL2",0.0375787718103281,6.20233869575754,4.60811812177924,0.0332791688507461,0.19932736746596,0.19932736746596,"social_isolation_avg"
"5221","SMIM15","Exc L4-5 RORB IL1RAPL2",-0.0994666018722494,2.33296744030216,3.50431240409518,0.0629757958782809,0.285160032469001,0.285160032469001,"social_isolation_avg"
"5222","SMIM15-AS1","Exc L4-5 RORB IL1RAPL2",-0.0110947027950541,3.1558717851923,0.058603929870365,0.809016331604595,0.948296246455863,0.948296246455863,"social_isolation_avg"
"5223","ZSWIM6","Exc L4-5 RORB IL1RAPL2",0.0237641069757191,7.36899557078777,1.10319513003786,0.295099132478787,0.626149094654958,0.626149094654958,"social_isolation_avg"
"5224","KIF2A","Exc L4-5 RORB IL1RAPL2",-0.013411710435275,6.46652202344241,0.939215238995058,0.43640700043633,0.740271598474153,0.740271598474153,"social_isolation_avg"
"5225","DIMT1","Exc L4-5 RORB IL1RAPL2",-0.00293293003942203,3.77317528467282,0.0063714063088838,0.936476105998709,0.987398572700466,0.987398572700466,"social_isolation_avg"
"5226","IPO11","Exc L4-5 RORB IL1RAPL2",0.0414282932408401,5.56371375339779,2.66615653726377,0.104406728167242,0.373871259274216,0.373871259274216,"social_isolation_avg"
"5227","RNF180","Exc L4-5 RORB IL1RAPL2",0.0405063996540023,6.64487095279917,7.56184778909993,0.00662570206126025,0.0780603416569771,0.0780603416569771,"social_isolation_avg"
"5228","RGS7BP","Exc L4-5 RORB IL1RAPL2",-0.0157076370100075,6.93453349631795,0.543808136097706,0.461904284318907,0.759580713694677,0.759580713694677,"social_isolation_avg"
"5229","SREK1IP1","Exc L4-5 RORB IL1RAPL2",-0.0281386033990375,5.19526619660041,1.6903879819442,0.195359790793346,0.508515554669316,0.508515554669316,"social_isolation_avg"
"5230","CWC27","Exc L4-5 RORB IL1RAPL2",0.0282600892668455,6.92081240019481,4.07057406758195,0.0452542078673703,0.238402856395996,0.238402856395996,"social_isolation_avg"
"5231","ADAMTS6","Exc L4-5 RORB IL1RAPL2",0.063967869695481,3.05462399254276,0.613515669094524,0.434587972897286,0.739123777703773,0.739123777703773,"social_isolation_avg"
"5232","CENPK","Exc L4-5 RORB IL1RAPL2",0.162797285637333,2.01989633871897,3.84393658321442,0.0516068619793612,0.256826258682665,0.256826258682665,"social_isolation_avg"
"5233","PPWD1","Exc L4-5 RORB IL1RAPL2",0.0273169888435876,5.10419586599174,1.63555988156651,0.202728287526972,0.518494448269509,0.518494448269509,"social_isolation_avg"
"5234","TRIM23","Exc L4-5 RORB IL1RAPL2",-0.0173088906554982,6.09496409380191,0.859946921304964,0.355105596296948,0.675611160134193,0.675611160134193,"social_isolation_avg"
"5235","TRAPPC13","Exc L4-5 RORB IL1RAPL2",0.0355292335006407,5.39740865035438,2.62051250644709,0.107396822775485,0.379185535311615,0.379185535311615,"social_isolation_avg"
"5236","SGTB","Exc L4-5 RORB IL1RAPL2",-0.0867022860613834,6.16256343224704,16.131822383023,8.94981190133879e-05,0.00534193662413979,0.00534193662413979,"social_isolation_avg"
"5237","NLN","Exc L4-5 RORB IL1RAPL2",0.00450021510360806,5.97734716448963,0.0646324980033284,0.887595182193905,0.974102504307964,0.974102504307964,"social_isolation_avg"
"5238","ERBIN","Exc L4-5 RORB IL1RAPL2",0.0768671364411535,5.3944671106457,2.83716315327174,0.0939939665981768,0.354628084148375,0.354628084148375,"social_isolation_avg"
"5239","SREK1","Exc L4-5 RORB IL1RAPL2",0.0344205744235438,6.29167596454429,2.51319319309262,0.114808195584478,0.391138493984738,0.391138493984738,"social_isolation_avg"
"5240","MAST4","Exc L4-5 RORB IL1RAPL2",0.0066761658754826,8.61059872094513,0.116312579215957,0.733501832591263,0.914629509322478,0.914629509322478,"social_isolation_avg"
"5241","AC112206.2","Exc L4-5 RORB IL1RAPL2",-0.0239742913940212,3.84139692194074,0.141334834613446,0.707439645324249,0.903024163862212,0.903024163862212,"social_isolation_avg"
"5242","AC106798.1","Exc L4-5 RORB IL1RAPL2",0.115959115125309,1.31164456814388,2.04596618353128,0.154497649883145,0.453779887214993,0.453779887214993,"social_isolation_avg"
"5243","PIK3R1","Exc L4-5 RORB IL1RAPL2",-0.0590123898797273,8.23950976669791,11.2852396555741,0.000970039347855345,0.0232330563300899,0.0232330563300899,"social_isolation_avg"
"5244","AC010280.2","Exc L4-5 RORB IL1RAPL2",-0.0987971304572844,1.50003733385514,1.84899949706325,0.175751661676265,0.482025569900286,0.482025569900286,"social_isolation_avg"
"5245","AC010280.1","Exc L4-5 RORB IL1RAPL2",0.00405702435111662,0.501566508628952,0.00153514640813737,0.968793407612318,0.9941928619423,0.9941928619423,"social_isolation_avg"
"5246","AC093523.1","Exc L4-5 RORB IL1RAPL2",-0.0479564187175838,6.57446343892083,1.49483591416382,0.223208045479134,0.544522876290702,0.544522876290702,"social_isolation_avg"
"5247","LINC02198","Exc L4-5 RORB IL1RAPL2",-0.0126924781312936,4.56566219816272,0.0781096261397674,0.780225117614596,0.936537426275821,0.936537426275821,"social_isolation_avg"
"5248","SLC30A5","Exc L4-5 RORB IL1RAPL2",0.0466522670211885,5.3446688101802,4.00912986622208,0.0468896753847453,0.243468591645106,0.243468591645106,"social_isolation_avg"
"5249","AC010273.1","Exc L4-5 RORB IL1RAPL2",0.140321859119731,0.845416234580928,2.94726640168537,0.0878961042456866,0.341846287447613,0.341846287447613,"social_isolation_avg"
"5250","CCNB1","Exc L4-5 RORB IL1RAPL2",0.0296353402533834,2.12908514646939,0.234864761549327,0.628581473206846,0.862152233022597,0.862152233022597,"social_isolation_avg"
"5251","CENPH","Exc L4-5 RORB IL1RAPL2",-0.027774610388753,1.38819141239094,0.173938723568388,0.67717593880983,0.886579431097481,0.886579431097481,"social_isolation_avg"
"5252","MRPS36","Exc L4-5 RORB IL1RAPL2",-0.027569510678497,4.61286588612441,1.23938656904742,0.267205606398333,0.597188433576997,0.597188433576997,"social_isolation_avg"
"5253","CDK7","Exc L4-5 RORB IL1RAPL2",0.0843585155944634,4.48136453113461,10.2073359701221,0.00167556560089447,0.03344238052165,0.03344238052165,"social_isolation_avg"
"5254","CCDC125","Exc L4-5 RORB IL1RAPL2",0.0642888029039996,4.56089187386432,3.8899330816289,0.0502445819484843,0.25270540538205,0.25270540538205,"social_isolation_avg"
"5255","AK6","Exc L4-5 RORB IL1RAPL2",0.0385321439304864,3.8619124992959,1.81050297505408,0.180290720205497,0.486977975304528,0.486977975304528,"social_isolation_avg"
"5256","RAD17","Exc L4-5 RORB IL1RAPL2",0.0291510662667694,4.5478931600662,1.41315942908415,0.236237620721284,0.559783962096024,0.559783962096024,"social_isolation_avg"
"5257","MARVELD2","Exc L4-5 RORB IL1RAPL2",-0.0504161269511372,0.201902436280971,0.210241117312065,0.647180764172115,0.871610821734491,0.871610821734491,"social_isolation_avg"
"5258","OCLN","Exc L4-5 RORB IL1RAPL2",-0.0811302925626619,2.83143057769729,0.390621841382275,0.532834539334003,0.809130202145961,0.809130202145961,"social_isolation_avg"
"5259","GTF2H2C","Exc L4-5 RORB IL1RAPL2",0.0129319653380551,5.09691129881466,0.0313211607222073,0.859742449857489,0.964243395716678,0.964243395716678,"social_isolation_avg"
"5260","SERF1B","Exc L4-5 RORB IL1RAPL2",-0.0895129126335728,0.107059558446237,0.5103516879096,0.475994277805398,0.769562875226042,0.769562875226042,"social_isolation_avg"
"5261","SMN2","Exc L4-5 RORB IL1RAPL2",-0.131498162457979,1.37009869731868,1.23055128586416,0.268911129903366,0.598943150964727,0.598943150964727,"social_isolation_avg"
"5262","AC146944.4","Exc L4-5 RORB IL1RAPL2",-0.0930777929790298,0.538943898799508,0.48904281953736,0.485337474853215,0.776581003103399,0.776581003103399,"social_isolation_avg"
"5263","SERF1A","Exc L4-5 RORB IL1RAPL2",0.133627649841791,0.506117450153199,1.88473616681245,0.171656456698526,0.476569280752994,0.476569280752994,"social_isolation_avg"
"5264","SMN1","Exc L4-5 RORB IL1RAPL2",0.108377392024477,1.07650248936662,1.80829502269875,0.18055516842361,0.487205410973064,0.487205410973064,"social_isolation_avg"
"5265","NAIP","Exc L4-5 RORB IL1RAPL2",-0.0358625788865496,5.59148721745667,0.421977471298141,0.516853639340502,0.798813830652655,0.798813830652655,"social_isolation_avg"
"5266","GTF2H2","Exc L4-5 RORB IL1RAPL2",-0.0460894204360352,5.0134814179615,0.258630341739549,0.611740772516565,0.852275028111768,0.852275028111768,"social_isolation_avg"
"5267","LINC02197","Exc L4-5 RORB IL1RAPL2",-0.151383854645777,3.67984219402617,1.88427212940794,0.171708918869766,0.476569280752994,0.476569280752994,"social_isolation_avg"
"5268","BDP1","Exc L4-5 RORB IL1RAPL2",0.0527126177843895,7.44354304255022,6.68249245456403,0.010599671240503,0.102105882157218,0.102105882157218,"social_isolation_avg"
"5269","MCCC2","Exc L4-5 RORB IL1RAPL2",0.0283047773957091,4.60511540962834,0.687151197440546,0.408330453476689,0.71890020566041,0.71890020566041,"social_isolation_avg"
"5270","MAP1B","Exc L4-5 RORB IL1RAPL2",-0.0690423380018643,10.1249200550904,13.031138742626,0.000405791205420104,0.0133328707674262,0.0133328707674262,"social_isolation_avg"
"5271","MRPS27","Exc L4-5 RORB IL1RAPL2",0.0150258244008149,5.44886228969531,0.472290939688096,0.49289819580786,0.781933995378596,0.781933995378596,"social_isolation_avg"
"5272","PTCD2","Exc L4-5 RORB IL1RAPL2",-0.0454486729268421,3.54213880671054,1.49179673128136,0.223677040086174,0.544964367173642,0.544964367173642,"social_isolation_avg"
"5273","LINC02056","Exc L4-5 RORB IL1RAPL2",-0.120179768231853,0.14831544142001,0.822594073640347,0.365743074257977,0.684289993872757,0.684289993872757,"social_isolation_avg"
"5274","AC063979.2","Exc L4-5 RORB IL1RAPL2",0.0693005827831636,1.11082871200351,0.407527883167085,0.524110392316213,0.804109779930001,0.804109779930001,"social_isolation_avg"
"5275","AC035140.1","Exc L4-5 RORB IL1RAPL2",0.0618775824125305,1.47330429415533,0.69986927669719,0.404035407738988,0.715915752075075,0.715915752075075,"social_isolation_avg"
"5276","TNPO1","Exc L4-5 RORB IL1RAPL2",0.0146366955317518,7.0637200472702,0.890863918176337,0.346620830343792,0.669294084185619,0.669294084185619,"social_isolation_avg"
"5277","FCHO2","Exc L4-5 RORB IL1RAPL2",0.00117497511283191,6.54799315042529,0.00458944511156994,0.946070149435249,0.988546128642829,0.988546128642829,"social_isolation_avg"
"5278","AC099522.2","Exc L4-5 RORB IL1RAPL2",0.16404640593198,0.288436454549066,2.15411060347431,0.144088957932881,0.438524507342096,0.438524507342096,"social_isolation_avg"
"5279","BTF3","Exc L4-5 RORB IL1RAPL2",-0.106712295497242,5.05457345122385,9.65922393185598,0.00221854623811387,0.0398994712977934,0.0398994712977934,"social_isolation_avg"
"5280","ANKRA2","Exc L4-5 RORB IL1RAPL2",-0.0257074160059941,3.61165841318355,0.471031328956918,0.781457361637514,0.937006003773347,0.937006003773347,"social_isolation_avg"
"5281","UTP15","Exc L4-5 RORB IL1RAPL2",-0.041521799966107,2.34601562591528,0.672901936674614,0.745408774401593,0.920785167671651,0.920785167671651,"social_isolation_avg"
"5282","ARHGEF28","Exc L4-5 RORB IL1RAPL2",0.0350758188296686,6.77483853413578,1.02081462984065,0.313802531306081,0.642373438801511,0.642373438801511,"social_isolation_avg"
"5283","LINC01332","Exc L4-5 RORB IL1RAPL2",-0.0211969490776185,-0.3875472430754,0.0216288306072349,0.88325801530821,0.973227420174169,0.973227420174169,"social_isolation_avg"
"5284","LINC01331","Exc L4-5 RORB IL1RAPL2",-0.00297429375290448,2.15646689656941,0.0013205435321445,0.9710556744972,0.995090143910395,0.995090143910395,"social_isolation_avg"
"5285","ENC1","Exc L4-5 RORB IL1RAPL2",-0.167113753948938,8.07441600458407,32.155239670838,6.21689621613495e-08,0.000108322552969804,0.000108322552969804,"social_isolation_avg"
"5286","HEXB","Exc L4-5 RORB IL1RAPL2",-0.0226387356051155,5.39452452657819,0.893116000079378,0.346013651638251,0.668819071013895,0.668819071013895,"social_isolation_avg"
"5287","GFM2","Exc L4-5 RORB IL1RAPL2",0.0340983984446374,5.21997833717711,1.94623968101785,0.164864277939183,0.468392366862758,0.468392366862758,"social_isolation_avg"
"5288","NSA2","Exc L4-5 RORB IL1RAPL2",-0.0222526720496675,4.55371509659385,0.472375896856081,0.492859354873001,0.781933995378596,0.781933995378596,"social_isolation_avg"
"5289","FAM169A","Exc L4-5 RORB IL1RAPL2",-0.000887071268790726,6.96983766643546,0.00322256484690756,0.954798854334995,0.990036513001082,0.990036513001082,"social_isolation_avg"
"5290","AC010501.1","Exc L4-5 RORB IL1RAPL2",-0.34897631453971,0.026250606863564,8.09497323504073,0.00500058438856779,0.0655564862809362,0.0655564862809362,"social_isolation_avg"
"5291","AC116337.3","Exc L4-5 RORB IL1RAPL2",0.11679583340715,2.06912521523652,2.18417883301677,0.141338302304956,0.434768658415229,0.434768658415229,"social_isolation_avg"
"5292","GCNT4","Exc L4-5 RORB IL1RAPL2",-0.145460183511551,3.07516959430601,6.67408677571638,0.0106477828609072,0.102111859863773,0.102111859863773,"social_isolation_avg"
"5293","LINC01336","Exc L4-5 RORB IL1RAPL2",-0.144275843733255,2.23631569932534,4.70943689328897,0.0314248014925398,0.193803347144832,0.193803347144832,"social_isolation_avg"
"5294","ANKRD31","Exc L4-5 RORB IL1RAPL2",0.0284431097798504,2.87216958779175,0.242785581879487,0.62285529790955,0.858792081451904,0.858792081451904,"social_isolation_avg"
"5295","HMGCR","Exc L4-5 RORB IL1RAPL2",0.0517288868852102,5.748246073781,1.59095301362268,0.208967201944148,0.527181961164699,0.527181961164699,"social_isolation_avg"
"5296","COL4A3BP","Exc L4-5 RORB IL1RAPL2",-0.0272686864986563,6.81514111724969,5.43967112729761,0.0208898209815894,0.152431609254924,0.152431609254924,"social_isolation_avg"
"5297","AC008897.3","Exc L4-5 RORB IL1RAPL2",0.0469623090144325,-0.387194152665547,0.080508116121501,0.776965087427643,0.935520776393345,0.935520776393345,"social_isolation_avg"
"5298","POLK","Exc L4-5 RORB IL1RAPL2",0.0256496162186653,6.19692513882118,2.74122399102366,0.0996870904550781,0.365174981278513,0.365174981278513,"social_isolation_avg"
"5299","AC010245.2","Exc L4-5 RORB IL1RAPL2",0.0262690468056373,1.04410784731105,0.116130829314367,0.957114523766317,0.990964806415906,0.990964806415906,"social_isolation_avg"
"5300","ANKDD1B","Exc L4-5 RORB IL1RAPL2",-0.0416214513129795,3.87379245188666,0.837930533134278,0.361322760533501,0.681236480136699,0.681236480136699,"social_isolation_avg"
"5301","POC5","Exc L4-5 RORB IL1RAPL2",0.0328253345702491,4.55237121360393,1.08868609592413,0.298286068227763,0.6294045608272,0.6294045608272,"social_isolation_avg"
"5302","SV2C","Exc L4-5 RORB IL1RAPL2",-0.354678473743639,1.31885394687069,3.73819381111283,0.0548905704112752,0.265690581415129,0.265690581415129,"social_isolation_avg"
"5303","IQGAP2","Exc L4-5 RORB IL1RAPL2",0.0725492868774254,0.48262232909771,0.188918415992441,0.664385223371453,0.880865588354793,0.880865588354793,"social_isolation_avg"
"5304","S100Z","Exc L4-5 RORB IL1RAPL2",0.0377148539773849,-0.728521215280429,0.0237087314862064,0.877816172639049,0.971579982597452,0.971579982597452,"social_isolation_avg"
"5305","AGGF1","Exc L4-5 RORB IL1RAPL2",-0.169329780028235,-0.226813509418598,0.980632363874676,0.32349009602981,0.651144266700004,0.651144266700004,"social_isolation_avg"
"5306","AC008581.2","Exc L4-5 RORB IL1RAPL2",0.0558364052582454,3.02997958236923,1.31413995681674,0.253303221249721,0.581080292103053,0.581080292103053,"social_isolation_avg"
"5307","ZBED3","Exc L4-5 RORB IL1RAPL2",0.0414493582847861,2.16199427003528,0.442175368739632,0.507001045791755,0.791481308736793,0.791481308736793,"social_isolation_avg"
"5308","AC022414.1","Exc L4-5 RORB IL1RAPL2",-0.172730033366979,0.539607183865073,1.24090159134816,0.266914518291116,0.597124180376778,0.597124180376778,"social_isolation_avg"
"5309","PDE8B","Exc L4-5 RORB IL1RAPL2",-0.0989213820856711,1.78637653400698,0.490068335279743,0.484880908456744,0.776375701862576,0.776375701862576,"social_isolation_avg"
"5310","WDR41","Exc L4-5 RORB IL1RAPL2",-0.00105852412087721,5.31459660300056,0.00204657526310594,0.963971342894003,0.993156758412928,0.993156758412928,"social_isolation_avg"
"5311","TBCA","Exc L4-5 RORB IL1RAPL2",-0.0152527123076136,6.63366083396184,0.659139397920822,0.418031535832621,0.725848828988622,0.725848828988622,"social_isolation_avg"
"5312","AP3B1","Exc L4-5 RORB IL1RAPL2",-0.00395698040815237,5.76688354427732,0.0440921061287023,0.833940936709832,0.956708692383844,0.956708692383844,"social_isolation_avg"
"5313","SCAMP1-AS1","Exc L4-5 RORB IL1RAPL2",-0.0539968518171553,1.83007002693629,0.688820108687937,0.407763025368388,0.718770654275692,0.718770654275692,"social_isolation_avg"
"5314","SCAMP1","Exc L4-5 RORB IL1RAPL2",-0.0182329869899364,6.43727912253317,1.47223976095611,0.226723631215955,0.548432348023151,0.548432348023151,"social_isolation_avg"
"5315","LHFPL2","Exc L4-5 RORB IL1RAPL2",-0.0271628921476539,5.24515607155228,0.339192316117522,0.561089371669357,0.824110601577941,0.824110601577941,"social_isolation_avg"
"5316","ARSB","Exc L4-5 RORB IL1RAPL2",0.0205423715383519,5.69999469159087,0.610165874384787,0.435842662527391,0.739916351274993,0.739916351274993,"social_isolation_avg"
"5317","DMGDH","Exc L4-5 RORB IL1RAPL2",-0.00453817999551867,4.69612879440287,0.0225934890345074,0.880702272461832,0.972403930320635,0.972403930320635,"social_isolation_avg"
"5318","BHMT2","Exc L4-5 RORB IL1RAPL2",-0.1772278665626,1.77251834658105,4.19037368001017,0.0422373364018697,0.229647310936718,0.229647310936718,"social_isolation_avg"
"5319","BHMT","Exc L4-5 RORB IL1RAPL2",-0.0676045412507054,2.06881558670431,0.202553653621552,0.653257135178788,0.875079301344669,0.875079301344669,"social_isolation_avg"
"5320","JMY","Exc L4-5 RORB IL1RAPL2",-0.0216837709570821,6.14300375943212,2.07692597672825,0.151432748586471,0.448987093183031,0.448987093183031,"social_isolation_avg"
"5321","HOMER1","Exc L4-5 RORB IL1RAPL2",-0.0289527178024836,6.94595942931822,0.394478008073319,0.530821704443285,0.807944845656799,0.807944845656799,"social_isolation_avg"
"5322","TENT2","Exc L4-5 RORB IL1RAPL2",0.0355875925315663,6.69694659596758,4.63421111877467,0.0327908353954941,0.198156551431311,0.198156551431311,"social_isolation_avg"
"5323","CMYA5","Exc L4-5 RORB IL1RAPL2",0.0540902545275346,5.15617886731941,2.52225844773285,0.114160677409973,0.390109116357975,0.390109116357975,"social_isolation_avg"
"5324","AC008496.2","Exc L4-5 RORB IL1RAPL2",-0.246434868707165,-0.190776605947299,3.22479743748723,0.0743573063140907,0.312426820525671,0.312426820525671,"social_isolation_avg"
"5325","MTX3","Exc L4-5 RORB IL1RAPL2",-0.0151668939405086,4.60813698794025,0.353794426847687,0.552786352356095,0.818418356222865,0.818418356222865,"social_isolation_avg"
"5326","THBS4","Exc L4-5 RORB IL1RAPL2",0.0120718034732154,3.60851975303802,0.06551352240971,0.798302987814386,0.94343951658597,0.94343951658597,"social_isolation_avg"
"5327","AC012636.1","Exc L4-5 RORB IL1RAPL2",0.223160615963886,1.0719838417624,7.48814573289479,0.00688989017557077,0.0800173974707354,0.0800173974707354,"social_isolation_avg"
"5328","SERINC5","Exc L4-5 RORB IL1RAPL2",-0.015654946917379,4.3401788585847,0.109714495911142,0.740888952798543,0.918574135109182,0.918574135109182,"social_isolation_avg"
"5329","AC010260.1","Exc L4-5 RORB IL1RAPL2",-0.0674066795623378,0.437634630040761,0.418908876542926,0.518379821240783,0.799630246021267,0.799630246021267,"social_isolation_avg"
"5330","ZFYVE16","Exc L4-5 RORB IL1RAPL2",0.0105768417857661,6.57737404058849,0.232326275632557,0.630441855302262,0.86295235073241,0.86295235073241,"social_isolation_avg"
"5331","AC008771.1","Exc L4-5 RORB IL1RAPL2",-0.0533050333861466,2.64772779798929,1.32605202633346,0.251171666435495,0.578153175258638,0.578153175258638,"social_isolation_avg"
"5332","FAM151B","Exc L4-5 RORB IL1RAPL2",0.024769981836532,4.65820727798075,0.757527394340108,0.385365627428251,0.702253976362316,0.702253976362316,"social_isolation_avg"
"5333","ANKRD34B","Exc L4-5 RORB IL1RAPL2",-0.317101855791829,0.111731496160775,4.4302515018808,0.0368193792033456,0.211557690223657,0.211557690223657,"social_isolation_avg"
"5334","LINC01337","Exc L4-5 RORB IL1RAPL2",0.171853189223222,0.226604229322766,2.45016218583285,0.119425150837684,0.397758197313849,0.397758197313849,"social_isolation_avg"
"5335","DHFR","Exc L4-5 RORB IL1RAPL2",0.0495899174148023,7.30101550034559,0.422637513175034,0.516526396359336,0.798813830652655,0.798813830652655,"social_isolation_avg"
"5336","MSH3","Exc L4-5 RORB IL1RAPL2",0.0236029079118793,6.35391050150873,1.11147486092306,0.293300142138438,0.624314544875844,0.624314544875844,"social_isolation_avg"
"5337","RASGRF2","Exc L4-5 RORB IL1RAPL2",-0.582137459860687,2.97597405651231,3.64119815651679,0.058099751159442,0.273936055740793,0.273936055740793,"social_isolation_avg"
"5338","CKMT2-AS1","Exc L4-5 RORB IL1RAPL2",0.0388479839756859,5.88991154075253,1.14717110277103,0.285703489747315,0.616677587212976,0.616677587212976,"social_isolation_avg"
"5339","CKMT2","Exc L4-5 RORB IL1RAPL2",-0.155635147561348,1.12034050022896,1.24369558576738,0.266378737680423,0.596728581142846,0.596728581142846,"social_isolation_avg"
"5340","ZCCHC9","Exc L4-5 RORB IL1RAPL2",0.0695592278506657,3.97598692557278,5.15585834499641,0.0244589916779475,0.16642703830904,0.16642703830904,"social_isolation_avg"
"5341","ACOT12","Exc L4-5 RORB IL1RAPL2",-0.108772403960189,0.572490390361151,0.880215686786585,0.349511449139643,0.671156931009499,0.671156931009499,"social_isolation_avg"
"5342","SSBP2","Exc L4-5 RORB IL1RAPL2",-0.00438328106561388,8.0217100662024,0.0367768125493369,0.84815554195677,0.961873912835597,0.961873912835597,"social_isolation_avg"
"5343","ATG10","Exc L4-5 RORB IL1RAPL2",0.0484081620523242,6.24296293610137,1.13676684936876,0.287891360673701,0.619139868963472,0.619139868963472,"social_isolation_avg"
"5344","RPS23","Exc L4-5 RORB IL1RAPL2",-0.123091965386982,5.22688834027688,7.1896878830015,0.00807601919328896,0.087069150516365,0.087069150516365,"social_isolation_avg"
"5345","ATP6AP1L","Exc L4-5 RORB IL1RAPL2",0.0927929677631598,5.70103240761859,3.72589141151267,0.0552868786935002,0.266534515128169,0.266534515128169,"social_isolation_avg"
"5346","LINC01338","Exc L4-5 RORB IL1RAPL2",0.0168969949990103,-0.564577915260533,0.00635577656249911,0.936553903192143,0.987398572700466,0.987398572700466,"social_isolation_avg"
"5347","TMEM167A","Exc L4-5 RORB IL1RAPL2",-0.0600150909139936,4.42342832133478,5.01393230034363,0.0264782895808323,0.174399296609306,0.174399296609306,"social_isolation_avg"
"5348","XRCC4","Exc L4-5 RORB IL1RAPL2",0.0328075446705592,4.09440758236058,0.901313387443765,0.343815759858042,0.666667144114984,0.666667144114984,"social_isolation_avg"
"5349","EDIL3","Exc L4-5 RORB IL1RAPL2",-0.00576814640510508,7.70497737230613,0.0323545114486412,0.857472118939685,0.963949258062966,0.963949258062966,"social_isolation_avg"
"5350","AC113383.1","Exc L4-5 RORB IL1RAPL2",0.0840972327122946,6.00886397236967,4.61592632674793,0.0331322381891238,0.198811335255336,0.198811335255336,"social_isolation_avg"
"5351","COX7C","Exc L4-5 RORB IL1RAPL2",-0.173068351387514,5.64092970761977,20.265414877792,1.26738914906157e-05,0.00159868467262627,0.00159868467262627,"social_isolation_avg"
"5352","AC109492.1","Exc L4-5 RORB IL1RAPL2",0.0601308667183863,0.88439182901558,0.285788034543533,0.593650720698018,0.843089742958615,0.843089742958615,"social_isolation_avg"
"5353","LINC01949","Exc L4-5 RORB IL1RAPL2",0.101982176929107,0.365177382873951,0.67997623332969,0.410783251804924,0.721241905197764,0.721241905197764,"social_isolation_avg"
"5354","RASA1","Exc L4-5 RORB IL1RAPL2",-0.000157283032902055,7.40704585396089,7.71872035795179e-05,0.993000770100439,0.999232440093092,0.999232440093092,"social_isolation_avg"
"5355","CCNH","Exc L4-5 RORB IL1RAPL2",0.0552915360977088,7.4861323532934,2.98656117628707,0.085825758057788,0.337260471071943,0.337260471071943,"social_isolation_avg"
"5356","AC018754.1","Exc L4-5 RORB IL1RAPL2",0.0608009500402876,3.18478850649088,1.00214819419008,0.318254470027327,0.645868584733278,0.645868584733278,"social_isolation_avg"
"5357","LINC02144","Exc L4-5 RORB IL1RAPL2",-0.00356298848743511,-0.276431388667999,0.000695098010609482,0.978998242771562,0.996876364716566,0.996876364716566,"social_isolation_avg"
"5358","TMEM161B","Exc L4-5 RORB IL1RAPL2",0.0338827893205195,5.32517609111297,2.72555991164157,0.100652148949315,0.367227017020822,0.367227017020822,"social_isolation_avg"
"5359","TMEM161B-AS1","Exc L4-5 RORB IL1RAPL2",0.0324985441212458,8.70791187134971,3.72578528104707,0.0552903108650738,0.266534515128169,0.266534515128169,"social_isolation_avg"
"5360","LINC02060","Exc L4-5 RORB IL1RAPL2",0.034409488260996,1.99049019201506,0.25848488944509,0.777468715039484,0.935858673440101,0.935858673440101,"social_isolation_avg"
"5361","AC091826.2","Exc L4-5 RORB IL1RAPL2",0.0296490251131874,3.17020534065344,0.247659368385827,0.619389413155149,0.856214268267077,0.856214268267077,"social_isolation_avg"
"5362","LINC00461","Exc L4-5 RORB IL1RAPL2",0.0128612701915421,7.70216220875212,0.409342361415838,0.523189249955006,0.80318570372403,0.80318570372403,"social_isolation_avg"
"5363","MEF2C-AS2","Exc L4-5 RORB IL1RAPL2",-0.0211453008680366,3.46424106784517,0.237651350126671,0.626553516448368,0.861098438199208,0.861098438199208,"social_isolation_avg"
"5364","AC008525.1","Exc L4-5 RORB IL1RAPL2",-0.120905535323815,0.455213353352024,1.16445245212677,0.282116145618675,0.61341296153194,0.61341296153194,"social_isolation_avg"
"5365","MEF2C","Exc L4-5 RORB IL1RAPL2",0.0201694420680112,10.1354988525582,1.28406841420061,0.258784861906426,0.58724147845511,0.58724147845511,"social_isolation_avg"
"5366","MEF2C-AS1","Exc L4-5 RORB IL1RAPL2",0.0423732668488857,8.08120168060576,3.3957113285665,0.0671573555030664,0.295484489273716,0.295484489273716,"social_isolation_avg"
"5367","LINC02161","Exc L4-5 RORB IL1RAPL2",-0.016547034323684,0.315221778895859,0.0219622531847947,0.882368186499733,0.973032314766374,0.973032314766374,"social_isolation_avg"
"5368","CETN3","Exc L4-5 RORB IL1RAPL2",-0.0873967694550002,3.11554309222645,4.32981536664755,0.0774346494145991,0.319481247617451,0.319481247617451,"social_isolation_avg"
"5369","MBLAC2","Exc L4-5 RORB IL1RAPL2",-0.0108637821413937,4.12747164082236,0.118808786390185,0.73076822513084,0.913267211869261,0.913267211869261,"social_isolation_avg"
"5370","POLR3G","Exc L4-5 RORB IL1RAPL2",-0.000485077713975623,4.15592766811434,0.00024377529990205,0.987561720140041,0.998698840554234,0.998698840554234,"social_isolation_avg"
"5371","LYSMD3","Exc L4-5 RORB IL1RAPL2",-0.0248553808169873,3.70274770138216,0.455000115921448,0.552241893068524,0.818207630393494,0.818207630393494,"social_isolation_avg"
"5372","ADGRV1","Exc L4-5 RORB IL1RAPL2",-0.0145712109857686,5.64495566953032,0.112333535436688,0.737927882643938,0.916892989152296,0.916892989152296,"social_isolation_avg"
"5373","LUCAT1","Exc L4-5 RORB IL1RAPL2",0.338834772132057,-0.158207297985283,5.3278855525702,0.0222257352340108,0.157562059334102,0.157562059334102,"social_isolation_avg"
"5374","ARRDC3","Exc L4-5 RORB IL1RAPL2",-0.0420395225638524,3.66399402951612,0.91754630200573,0.339518981578836,0.663058659732814,0.663058659732814,"social_isolation_avg"
"5375","ARRDC3-AS1","Exc L4-5 RORB IL1RAPL2",0.0310870264020104,2.45718779418901,0.24367374398558,0.622220492973357,0.858405683379431,0.858405683379431,"social_isolation_avg"
"5376","AC114316.2","Exc L4-5 RORB IL1RAPL2",-0.15414537289957,4.25653825250827,3.37580022514783,0.0679559787570756,0.297913594546485,0.297913594546485,"social_isolation_avg"
"5377","AC124854.1","Exc L4-5 RORB IL1RAPL2",-0.0222626914232267,6.66998884998797,0.729125348065637,0.394402594816318,0.709458094408227,0.709458094408227,"social_isolation_avg"
"5378","AC026780.2","Exc L4-5 RORB IL1RAPL2",0.00188294946654175,1.7435945797713,0.00069254537632432,0.979036832036161,0.996876364716566,0.996876364716566,"social_isolation_avg"
"5379","AC012625.1","Exc L4-5 RORB IL1RAPL2",-0.23384092424629,-0.188057556076865,2.79393764873773,0.0965135060955594,0.359702611871573,0.359702611871573,"social_isolation_avg"
"5380","NR2F1-AS1","Exc L4-5 RORB IL1RAPL2",0.0112372190351478,8.67093907107769,0.413496834497986,0.521090981263586,0.801590443616936,0.801590443616936,"social_isolation_avg"
"5381","NR2F1","Exc L4-5 RORB IL1RAPL2",-0.0453776991962214,6.16572610487169,1.96822846534959,0.162511550339973,0.465397463899292,0.465397463899292,"social_isolation_avg"
"5382","FAM172A","Exc L4-5 RORB IL1RAPL2",0.0197246613563896,7.96136391086447,2.39512111702092,0.12362676135148,0.405046225373396,0.405046225373396,"social_isolation_avg"
"5383","KIAA0825","Exc L4-5 RORB IL1RAPL2",0.0319898602736231,7.53201516900588,2.06202421497286,0.152899210079643,0.451448753907454,0.451448753907454,"social_isolation_avg"
"5384","SLF1","Exc L4-5 RORB IL1RAPL2",0.0403830870879867,6.41360863680647,4.14272956060451,0.0434107326234778,0.232572078693179,0.232572078693179,"social_isolation_avg"
"5385","MCTP1","Exc L4-5 RORB IL1RAPL2",0.0521166251964249,9.02616171570439,4.24377871924964,0.0409619559870714,0.22527778088317,0.22527778088317,"social_isolation_avg"
"5386","AC008534.1","Exc L4-5 RORB IL1RAPL2",0.0778493255662882,1.39767374991462,0.675602468165629,0.412289146120761,0.722407364514029,0.722407364514029,"social_isolation_avg"
"5387","FAM81B","Exc L4-5 RORB IL1RAPL2",0.194904781781432,0.357852545876284,2.29425529366203,0.13176331980091,0.417669476471894,0.417669476471894,"social_isolation_avg"
"5388","TTC37","Exc L4-5 RORB IL1RAPL2",0.0323045945950144,7.43968009432725,4.81814133000404,0.0295557662942293,0.186346102650154,0.186346102650154,"social_isolation_avg"
"5389","ARSK","Exc L4-5 RORB IL1RAPL2",0.00312035887203054,4.07501589683149,0.00736817111877056,0.931699041650336,0.985888796323808,0.985888796323808,"social_isolation_avg"
"5390","GPR150","Exc L4-5 RORB IL1RAPL2",-0.126203893380747,1.61004760238742,2.5345382431327,0.113290017050347,0.388612772612447,0.388612772612447,"social_isolation_avg"
"5391","RFESD","Exc L4-5 RORB IL1RAPL2",0.0685086706709317,1.67265243375963,0.911033631966364,0.341234065466204,0.664452995027894,0.664452995027894,"social_isolation_avg"
"5392","SPATA9","Exc L4-5 RORB IL1RAPL2",0.0137346400665645,1.98648459281566,0.0360727471165268,0.849598376288969,0.961873912835597,0.961873912835597,"social_isolation_avg"
"5393","AC008840.1","Exc L4-5 RORB IL1RAPL2",0.00448849078890569,1.10667896857321,0.00272471342575531,0.958433327033724,0.991282222630649,0.991282222630649,"social_isolation_avg"
"5394","RHOBTB3","Exc L4-5 RORB IL1RAPL2",-0.000313138417787328,6.42811661887818,0.000122648546261554,0.991177219041807,0.998822911403646,0.998822911403646,"social_isolation_avg"
"5395","GLRX","Exc L4-5 RORB IL1RAPL2",-0.0579935232557114,4.46259620981063,3.68460049173907,0.0566395741680571,0.270216183266215,0.270216183266215,"social_isolation_avg"
"5396","ELL2","Exc L4-5 RORB IL1RAPL2",0.0376152367955866,6.98337327096155,2.01345800798221,0.157792449960841,0.457685177877455,0.457685177877455,"social_isolation_avg"
"5397","AC104123.1","Exc L4-5 RORB IL1RAPL2",0.0698907443979471,5.62048484726219,5.85340941354983,0.0166316646332546,0.132500095379288,0.132500095379288,"social_isolation_avg"
"5398","PCSK1","Exc L4-5 RORB IL1RAPL2",-0.0683841273742843,5.43167108274652,2.81755855091196,0.0951276177440319,0.356784613292812,0.356784613292812,"social_isolation_avg"
"5399","CAST","Exc L4-5 RORB IL1RAPL2",0.00353698382102971,6.33889889014581,0.0138859948052701,0.906338413572026,0.979205682818267,0.979205682818267,"social_isolation_avg"
"5400","ERAP1","Exc L4-5 RORB IL1RAPL2",0.0338521681274602,4.30060920584956,0.912770079960342,0.340775634830816,0.664312362109403,0.664312362109403,"social_isolation_avg"
"5401","AC008906.1","Exc L4-5 RORB IL1RAPL2",0.150483875838352,0.0509160972245602,1.59545415406497,0.20832738698309,0.526475245573914,0.526475245573914,"social_isolation_avg"
"5402","AC008906.2","Exc L4-5 RORB IL1RAPL2",-0.113427431725975,-0.239743459695464,0.599497053368347,0.439876032293177,0.742592244760742,0.742592244760742,"social_isolation_avg"
"5403","AC009126.1","Exc L4-5 RORB IL1RAPL2",0.0308052793488405,6.16352976184869,2.26962158788491,0.133840781483752,0.421283210650149,0.421283210650149,"social_isolation_avg"
"5404","ERAP2","Exc L4-5 RORB IL1RAPL2",0.148329030474279,1.65783176759717,6.24393757015655,0.0134385468026527,0.116906089219767,0.116906089219767,"social_isolation_avg"
"5405","LNPEP","Exc L4-5 RORB IL1RAPL2",-0.0262408153029744,6.33912220093768,1.86554732261223,0.173841453274497,0.479483110409149,0.479483110409149,"social_isolation_avg"
"5406","LIX1-AS1","Exc L4-5 RORB IL1RAPL2",-0.0129646721154044,4.56558770316148,0.0717425759274508,0.789150224077591,0.940173767249257,0.940173767249257,"social_isolation_avg"
"5407","LIX1","Exc L4-5 RORB IL1RAPL2",-0.0704207309643762,0.215918444872602,0.196210013054301,0.6583767097821,0.878067648254538,0.878067648254538,"social_isolation_avg"
"5408","RIOK2","Exc L4-5 RORB IL1RAPL2",-0.0095596944408597,3.53986436727223,0.0691394601425581,0.931491900920766,0.985835007121704,0.985835007121704,"social_isolation_avg"
"5409","AC008883.1","Exc L4-5 RORB IL1RAPL2",0.132578291532168,-0.457011843932289,0.5691828823837,0.451657267301625,0.752180227894597,0.752180227894597,"social_isolation_avg"
"5410","LINC01340","Exc L4-5 RORB IL1RAPL2",-0.0692724216640725,1.64507065008554,0.40030788794545,0.527804560897334,0.805990071400956,0.805990071400956,"social_isolation_avg"
"5411","LINC02234","Exc L4-5 RORB IL1RAPL2",-0.387051199188324,0.29879541364594,8.28554403996264,0.00452467575328912,0.0618132779263418,0.0618132779263418,"social_isolation_avg"
"5412","RGMB","Exc L4-5 RORB IL1RAPL2",-0.0609054386056062,4.20015052582126,2.84061700229012,0.0937957859013591,0.354243674690415,0.354243674690415,"social_isolation_avg"
"5413","CHD1","Exc L4-5 RORB IL1RAPL2",0.0649131862052033,5.79695392025152,12.8342211816383,0.000447350540686884,0.0142018784904976,0.0142018784904976,"social_isolation_avg"
"5414","LINC02062","Exc L4-5 RORB IL1RAPL2",0.052815212827675,5.44070709837232,2.46821687966713,0.118081856822426,0.396711059022417,0.396711059022417,"social_isolation_avg"
"5415","AC021086.1","Exc L4-5 RORB IL1RAPL2",0.0752950449408173,1.91663211197215,0.822833019814957,0.365673628770671,0.684289993872757,0.684289993872757,"social_isolation_avg"
"5416","FAM174A","Exc L4-5 RORB IL1RAPL2",-0.0386438169451312,4.52493094029331,1.94619257426117,0.164869360145128,0.468392366862758,0.468392366862758,"social_isolation_avg"
"5417","ST8SIA4","Exc L4-5 RORB IL1RAPL2",-0.397652477264833,1.14776680644468,2.77999487047558,0.0973419650589281,0.360997122869459,0.360997122869459,"social_isolation_avg"
"5418","SLCO4C1","Exc L4-5 RORB IL1RAPL2",0.0490492669409671,4.24617143585068,1.55916514849019,0.213553077143731,0.532714274573044,0.532714274573044,"social_isolation_avg"
"5419","PAM","Exc L4-5 RORB IL1RAPL2",0.00938059531587969,7.79537584369898,0.253271902053029,0.61545055193477,0.854166518525118,0.854166518525118,"social_isolation_avg"
"5420","GIN1","Exc L4-5 RORB IL1RAPL2",0.0360939803449481,3.35656566074686,0.81860528396249,0.366905068078445,0.685176746260587,0.685176746260587,"social_isolation_avg"
"5421","PPIP5K2","Exc L4-5 RORB IL1RAPL2",0.0422048379325884,6.49778996894744,4.89069510965921,0.0283736678699142,0.181493634133417,0.181493634133417,"social_isolation_avg"
"5422","C5orf30","Exc L4-5 RORB IL1RAPL2",0.00848478545149303,4.43514579854908,0.0643328239195497,0.800089543955792,0.943972953868401,0.943972953868401,"social_isolation_avg"
"5423","LINC02115","Exc L4-5 RORB IL1RAPL2",0.164737959396588,0.582995200976377,2.48855982733968,0.116588462247467,0.394272384226502,0.394272384226502,"social_isolation_avg"
"5424","NUDT12","Exc L4-5 RORB IL1RAPL2",0.0204627462465657,2.8387001855622,0.162865637254822,0.687053355698951,0.892202738337652,0.892202738337652,"social_isolation_avg"
"5425","AC099520.1","Exc L4-5 RORB IL1RAPL2",0.18791111586317,1.4784499580584,6.29112296841373,0.0130984240865284,0.115126140141187,0.115126140141187,"social_isolation_avg"
"5426","LINC01950","Exc L4-5 RORB IL1RAPL2",0.128983327717897,3.70818405362402,2.88320302336276,0.0913895159587999,0.349858719295577,0.349858719295577,"social_isolation_avg"
"5427","EFNA5","Exc L4-5 RORB IL1RAPL2",0.0130326566105422,9.34005114170042,0.466668609227506,0.495480136428888,0.783992278087555,0.783992278087555,"social_isolation_avg"
"5428","FBXL17","Exc L4-5 RORB IL1RAPL2",0.0408687352933964,9.12402860561952,10.8814682370369,0.0011894711992063,0.0263845071045515,0.0263845071045515,"social_isolation_avg"
"5429","FER","Exc L4-5 RORB IL1RAPL2",0.0185751333062243,8.44661291860058,1.55683355306867,0.213894156101652,0.533098744737118,0.533098744737118,"social_isolation_avg"
"5430","AC008871.1","Exc L4-5 RORB IL1RAPL2",0.0990626682062015,0.181454727001517,0.571207867012662,0.477373763387267,0.770615901121958,0.770615901121958,"social_isolation_avg"
"5431","AC008467.1","Exc L4-5 RORB IL1RAPL2",0.0537724203286302,1.58424077972606,0.224532904702609,0.636232839836067,0.866437838094198,0.866437838094198,"social_isolation_avg"
"5432","PJA2","Exc L4-5 RORB IL1RAPL2",-0.0424730643944282,7.86304417055738,6.07932327204446,0.0146987604657138,0.1227340012232,0.1227340012232,"social_isolation_avg"
"5433","AC012603.1","Exc L4-5 RORB IL1RAPL2",-0.178669240708504,0.176407290667037,2.56722923681858,0.111007917513751,0.384967156759105,0.384967156759105,"social_isolation_avg"
"5434","MAN2A1","Exc L4-5 RORB IL1RAPL2",-0.0243406798058331,7.56414716272372,1.31149738992914,0.253779115347309,0.581568313203611,0.581568313203611,"social_isolation_avg"
"5435","TMEM232","Exc L4-5 RORB IL1RAPL2",0.00385363001209466,8.49025122478441,0.0210623701269966,0.884785987595832,0.9736556747296,0.9736556747296,"social_isolation_avg"
"5436","SLC25A46","Exc L4-5 RORB IL1RAPL2",0.00331771388686045,6.40490061917899,0.044175253348447,0.833786739773529,0.956705815843235,0.956705815843235,"social_isolation_avg"
"5437","AC008572.1","Exc L4-5 RORB IL1RAPL2",0.167643072521167,0.208989278205496,1.96223454194284,0.163149026329149,0.466112643011692,0.466112643011692,"social_isolation_avg"
"5438","WDR36","Exc L4-5 RORB IL1RAPL2",0.0172362112568516,5.20787233857873,0.510080418799155,0.476111358670052,0.769562875226042,0.769562875226042,"social_isolation_avg"
"5439","CAMK4","Exc L4-5 RORB IL1RAPL2",0.013789751569588,7.75382114332067,0.321902606828092,0.57123621953139,0.830164499689158,0.830164499689158,"social_isolation_avg"
"5440","AC010275.1","Exc L4-5 RORB IL1RAPL2",-0.0808465217203151,1.19496667875873,0.662366566751753,0.416896538341354,0.725422731083941,0.725422731083941,"social_isolation_avg"
"5441","STARD4","Exc L4-5 RORB IL1RAPL2",0.115126196831998,4.78351962612145,5.35445712272009,0.0219002923283457,0.156175578415903,0.156175578415903,"social_isolation_avg"
"5442","STARD4-AS1","Exc L4-5 RORB IL1RAPL2",0.0838624561307091,4.85822659579213,4.21145791518787,0.0417288558589527,0.227667728289286,0.227667728289286,"social_isolation_avg"
"5443","NREP","Exc L4-5 RORB IL1RAPL2",-0.00684211913745218,6.89149882634469,0.0709966523159212,0.790223235536664,0.940492399279529,0.940492399279529,"social_isolation_avg"
"5444","NREP-AS1","Exc L4-5 RORB IL1RAPL2",0.129940127127317,-0.245730536930615,0.748296072771199,0.388269918969925,0.703971223339115,0.703971223339115,"social_isolation_avg"
"5445","EPB41L4A","Exc L4-5 RORB IL1RAPL2",-0.260982809630478,0.0528072141958965,0.884126723741647,0.348445928881059,0.670755555911959,0.670755555911959,"social_isolation_avg"
"5446","EPB41L4A-AS1","Exc L4-5 RORB IL1RAPL2",-0.026926761617515,3.62807822064977,0.495724618848757,0.482375429974389,0.774975522220773,0.774975522220773,"social_isolation_avg"
"5447","AC104126.1","Exc L4-5 RORB IL1RAPL2",0.181684375073027,1.56202835523141,4.1428131147292,0.0434086447833237,0.232572078693179,0.232572078693179,"social_isolation_avg"
"5448","APC","Exc L4-5 RORB IL1RAPL2",0.0835690445230966,6.91470491318993,29.2226139520671,2.22346741276975e-07,0.000164738698174213,0.000164738698174213,"social_isolation_avg"
"5449","AC008575.1","Exc L4-5 RORB IL1RAPL2",0.0726472798208358,2.86821656852936,2.3886014645615,0.124135302791739,0.405869027842145,0.405869027842145,"social_isolation_avg"
"5450","SRP19","Exc L4-5 RORB IL1RAPL2",-0.0220655458235312,4.77357991647753,0.691744486850375,0.406771535956847,0.717892382412042,0.717892382412042,"social_isolation_avg"
"5451","REEP5","Exc L4-5 RORB IL1RAPL2",-0.0534994236189331,6.73617157022057,9.84270433020793,0.00201913366687121,0.0376394365624336,0.0376394365624336,"social_isolation_avg"
"5452","DCP2","Exc L4-5 RORB IL1RAPL2",0.0390101839730477,5.35754973731535,3.54264936789349,0.0615673403036285,0.282013458292658,0.282013458292658,"social_isolation_avg"
"5453","MCC","Exc L4-5 RORB IL1RAPL2",-0.082248167868076,4.17835821487058,2.58839799973469,0.109557403386237,0.382863059412556,0.382863059412556,"social_isolation_avg"
"5454","AC079465.1","Exc L4-5 RORB IL1RAPL2",-0.0181566144924029,-0.0373823203813366,0.0178365879288252,0.893917964454349,0.975474727711369,0.975474727711369,"social_isolation_avg"
"5455","YTHDC2","Exc L4-5 RORB IL1RAPL2",0.0630599961267586,6.92510399010655,14.2221337931779,0.000225902363644212,0.00933751711335403,0.00933751711335403,"social_isolation_avg"
"5456","KCNN2","Exc L4-5 RORB IL1RAPL2",-0.0425895253346947,5.45496869721003,2.23928588916249,0.136450028520066,0.425824012803592,0.425824012803592,"social_isolation_avg"
"5457","AC010230.1","Exc L4-5 RORB IL1RAPL2",-0.034379446471876,1.62733867730302,0.155844807976607,0.69352019045136,0.895767323607768,0.895767323607768,"social_isolation_avg"
"5458","TRIM36","Exc L4-5 RORB IL1RAPL2",0.00942527169833266,4.38924622444287,0.043675203220664,0.834716384264646,0.956824497333631,0.956824497333631,"social_isolation_avg"
"5459","PGGT1B","Exc L4-5 RORB IL1RAPL2",0.0275312401180979,4.69524403646412,1.44027634935467,0.358521943176,0.678223723938521,0.678223723938521,"social_isolation_avg"
"5460","CCDC112","Exc L4-5 RORB IL1RAPL2",0.00303398849026435,4.97581467490759,0.0134919508683034,0.907670809870834,0.979320338732308,0.979320338732308,"social_isolation_avg"
"5461","FEM1C","Exc L4-5 RORB IL1RAPL2",-0.0802985623727823,3.38507752406423,5.22288881785654,0.0235620716205917,0.16324348485288,0.16324348485288,"social_isolation_avg"
"5462","TMED7-TICAM2","Exc L4-5 RORB IL1RAPL2",-0.0558785281061497,3.22634343391318,2.09114686110024,0.150048241318663,0.447297694802083,0.447297694802083,"social_isolation_avg"
"5463","AC010226.1","Exc L4-5 RORB IL1RAPL2",-0.0387698532545159,1.41185764998636,0.245737187159454,0.762887094022272,0.929286899099656,0.929286899099656,"social_isolation_avg"
"5464","CDO1","Exc L4-5 RORB IL1RAPL2",-0.0729885603304214,3.81166752687706,4.1183113326975,0.0440254874872608,0.234420000004005,0.234420000004005,"social_isolation_avg"
"5465","ATG12","Exc L4-5 RORB IL1RAPL2",0.00638803745498786,5.50788105175909,0.0590013453940114,0.8083825253725,0.947831825874555,0.947831825874555,"social_isolation_avg"
"5466","AP3S1","Exc L4-5 RORB IL1RAPL2",0.00428001490910048,6.27543806502659,0.0531873106262044,0.817892308853647,0.951742950542427,0.951742950542427,"social_isolation_avg"
"5467","LVRN","Exc L4-5 RORB IL1RAPL2",0.15403509958538,1.89832425036882,3.55710057108951,0.0610452406431709,0.281172482859903,0.281172482859903,"social_isolation_avg"
"5468","ARL14EPL","Exc L4-5 RORB IL1RAPL2",-0.114903504341495,-0.41829562001618,0.508891112390973,0.476625224237375,0.769998793356845,0.769998793356845,"social_isolation_avg"
"5469","AC034236.2","Exc L4-5 RORB IL1RAPL2",-0.0526801575762975,0.840462057188751,0.370239774832733,0.543708822424198,0.814068841856827,0.814068841856827,"social_isolation_avg"
"5470","COMMD10","Exc L4-5 RORB IL1RAPL2",0.03877987933136,6.70132365138139,2.74440062501248,0.0994926251395126,0.36496867955611,0.36496867955611,"social_isolation_avg"
"5471","AC018752.1","Exc L4-5 RORB IL1RAPL2",-0.0107104041650148,0.116349640262555,0.0112646376216411,0.915603938396506,0.982205585576613,0.982205585576613,"social_isolation_avg"
"5472","SEMA6A","Exc L4-5 RORB IL1RAPL2",0.0864770083700332,5.49699683208214,2.76102752511388,0.0984815614505872,0.363576850189451,0.363576850189451,"social_isolation_avg"
"5473","SEMA6A-AS1","Exc L4-5 RORB IL1RAPL2",0.106839887951836,2.85135260395048,3.03958211041998,0.0831161285153205,0.331780647181093,0.331780647181093,"social_isolation_avg"
"5474","SEMA6A-AS2","Exc L4-5 RORB IL1RAPL2",0.0779878899834203,0.0681304145658257,0.513955295941487,0.474443394499589,0.76859408924604,0.76859408924604,"social_isolation_avg"
"5475","AC010267.1","Exc L4-5 RORB IL1RAPL2",-0.103006658330472,0.619738115001889,1.02595414375737,0.327466067958273,0.653716011884031,0.653716011884031,"social_isolation_avg"
"5476","LINC00992","Exc L4-5 RORB IL1RAPL2",-0.0181814163126579,1.13095533617563,0.0335911558571734,0.854803805169627,0.962722785572292,0.962722785572292,"social_isolation_avg"
"5477","LINC02147","Exc L4-5 RORB IL1RAPL2",-0.129851835865618,1.93397742507224,1.22585487400109,0.269823271617115,0.599685396791776,0.599685396791776,"social_isolation_avg"
"5478","LINC02208","Exc L4-5 RORB IL1RAPL2",0.0803866371635794,0.798184030100751,0.490882487727405,0.484518949488461,0.776186004928958,0.776186004928958,"social_isolation_avg"
"5479","AC093206.1","Exc L4-5 RORB IL1RAPL2",0.10338402892515,2.3510829562883,1.72305383065125,0.191120030686956,0.502387065938858,0.502387065938858,"social_isolation_avg"
"5480","DTWD2","Exc L4-5 RORB IL1RAPL2",0.0207922764154673,5.59435194486027,0.637147318190589,0.425890973866257,0.732171825960698,0.732171825960698,"social_isolation_avg"
"5481","AC008629.1","Exc L4-5 RORB IL1RAPL2",0.0540585115961067,3.30938826871119,0.995359421797775,0.319894245395299,0.647146549170793,0.647146549170793,"social_isolation_avg"
"5482","DMXL1","Exc L4-5 RORB IL1RAPL2",0.0200650442209856,7.17759839337585,2.58051362423903,0.110095180566687,0.383347040140781,0.383347040140781,"social_isolation_avg"
"5483","TNFAIP8","Exc L4-5 RORB IL1RAPL2",-0.106734550775372,-0.358364751371757,0.370976286153041,0.543308783206344,0.813995208412957,0.813995208412957,"social_isolation_avg"
"5484","HSD17B4","Exc L4-5 RORB IL1RAPL2",0.0124852122561917,6.45078911457089,0.414200361580292,0.520737133379755,0.801241546773875,0.801241546773875,"social_isolation_avg"
"5485","AC008574.1","Exc L4-5 RORB IL1RAPL2",-0.0928374205498961,-0.421274756490412,0.0840408901095476,0.772257551715172,0.932832299285162,0.932832299285162,"social_isolation_avg"
"5486","PRR16","Exc L4-5 RORB IL1RAPL2",0.0188000764425296,7.09502161717915,0.322523257730354,0.570865788991561,0.829944468108913,0.829944468108913,"social_isolation_avg"
"5487","AC114284.1","Exc L4-5 RORB IL1RAPL2",-0.174966444790051,1.60218095337468,4.72343657843439,0.0311772676383863,0.192724380895019,0.192724380895019,"social_isolation_avg"
"5488","AC008568.1","Exc L4-5 RORB IL1RAPL2",-0.35525200975994,0.082005796006091,3.35234821965344,0.0689097950305579,0.300330774197285,0.300330774197285,"social_isolation_avg"
"5489","SRFBP1","Exc L4-5 RORB IL1RAPL2",0.0054930516591347,5.30226147441665,0.0612952497259593,0.804767596450001,0.945953139866464,0.945953139866464,"social_isolation_avg"
"5490","LOX","Exc L4-5 RORB IL1RAPL2",-0.296470423888674,0.235488683762803,5.14070528946526,0.0246666669375057,0.166983186091072,0.166983186091072,"social_isolation_avg"
"5491","AC010255.3","Exc L4-5 RORB IL1RAPL2",0.0468539318698902,0.122340933343785,0.203628492510507,0.656990674312898,0.877427146840365,0.877427146840365,"social_isolation_avg"
"5492","SNCAIP","Exc L4-5 RORB IL1RAPL2",-0.0422596532410963,5.19605219172285,0.530023144777431,0.467627165569251,0.763216906731285,0.763216906731285,"social_isolation_avg"
"5493","AC119150.1","Exc L4-5 RORB IL1RAPL2",0.0180334750323961,1.27375318873711,0.0395584373597662,0.842590851088514,0.960001268398186,0.960001268398186,"social_isolation_avg"
"5494","AC022101.1","Exc L4-5 RORB IL1RAPL2",-0.179405424657195,0.388696791630268,2.56849234671809,0.110920772177359,0.384967156759105,0.384967156759105,"social_isolation_avg"
"5495","LINC02201","Exc L4-5 RORB IL1RAPL2",0.170137458593614,0.321470167900449,2.18602343795582,0.141171504899569,0.434486809189033,0.434486809189033,"social_isolation_avg"
"5496","SNX2","Exc L4-5 RORB IL1RAPL2",-0.0122023095542321,5.50238544875347,0.373030681287561,0.901360850447088,0.978205337360331,0.978205337360331,"social_isolation_avg"
"5497","SNX24","Exc L4-5 RORB IL1RAPL2",-0.0134315618255499,6.08259669091631,0.433750036553085,0.511070885588613,0.794770463238444,0.794770463238444,"social_isolation_avg"
"5498","AC106786.2","Exc L4-5 RORB IL1RAPL2",-0.0336906753132712,0.771563519134162,0.136386524956716,0.795331315020269,0.943004057991522,0.943004057991522,"social_isolation_avg"
"5499","PRDM6","Exc L4-5 RORB IL1RAPL2",0.018577433940438,3.13685464349087,0.0979243921440638,0.754729275353976,0.925272055070982,0.925272055070982,"social_isolation_avg"
"5500","CEP120","Exc L4-5 RORB IL1RAPL2",0.0190253492546265,4.84377244935345,0.51089759811259,0.475758803245357,0.769518919149034,0.769518919149034,"social_isolation_avg"
"5501","CSNK1G3","Exc L4-5 RORB IL1RAPL2",0.00673960153000719,6.19249838745533,0.165473090731858,0.6846929819258,0.890917736857058,0.890917736857058,"social_isolation_avg"
"5502","ZNF608","Exc L4-5 RORB IL1RAPL2",-0.924845261959624,0.0593874106683406,6.22858405188341,0.0135511866820442,0.117273898793766,0.117273898793766,"social_isolation_avg"
"5503","LINC02240","Exc L4-5 RORB IL1RAPL2",0.111213964912438,1.97167140872878,3.22873461148941,0.0741823522206884,0.31200561524222,0.31200561524222,"social_isolation_avg"
"5504","AC010235.1","Exc L4-5 RORB IL1RAPL2",-0.177660942563283,1.23551268160564,1.98169443496595,0.161089813991658,0.46311324829844,0.46311324829844,"social_isolation_avg"
"5505","GRAMD2B","Exc L4-5 RORB IL1RAPL2",0.0359136564537113,4.63812276104843,0.244495200412219,0.621634645879023,0.857910221347702,0.857910221347702,"social_isolation_avg"
"5506","AC093535.1","Exc L4-5 RORB IL1RAPL2",0.00996245604995461,1.24497337475466,0.00857954398252691,0.926312990332061,0.98417618971798,0.98417618971798,"social_isolation_avg"
"5507","ALDH7A1","Exc L4-5 RORB IL1RAPL2",0.0340084309883344,4.77502796154301,0.868657824796168,0.352686452214131,0.672903132231882,0.672903132231882,"social_isolation_avg"
"5508","PHAX","Exc L4-5 RORB IL1RAPL2",-0.0656265879144871,4.97128983295598,6.66066416235602,0.0107250797264848,0.102696980518633,0.102696980518633,"social_isolation_avg"
"5509","TEX43","Exc L4-5 RORB IL1RAPL2",0.197807326587311,0.13521546851091,2.84354304146557,0.0936282495166371,0.354159329077063,0.354159329077063,"social_isolation_avg"
"5510","LMNB1-DT","Exc L4-5 RORB IL1RAPL2",-0.0115180941276783,2.5049326109703,0.0390745118396267,0.843543995028219,0.960375955064679,0.960375955064679,"social_isolation_avg"
"5511","LMNB1","Exc L4-5 RORB IL1RAPL2",-0.0224758608517453,3.6844854221851,0.350150722775734,0.554836255163021,0.819968506126652,0.819968506126652,"social_isolation_avg"
"5512","MARCH3","Exc L4-5 RORB IL1RAPL2",-0.111178989881688,3.7578386645699,3.41140982109749,0.0665348359173301,0.293863718788744,0.293863718788744,"social_isolation_avg"
"5513","C5orf63","Exc L4-5 RORB IL1RAPL2",-0.02456397319179,2.59537333926816,0.172485596331359,0.678450757684529,0.887370003781783,0.887370003781783,"social_isolation_avg"
"5514","AC011416.3","Exc L4-5 RORB IL1RAPL2",-0.116258541901651,0.0470934956937127,0.866115561130817,0.353390128635027,0.673702229108649,0.673702229108649,"social_isolation_avg"
"5515","MEGF10","Exc L4-5 RORB IL1RAPL2",0.0761139270743245,0.26534635761769,0.0428770858751024,0.836211750404513,0.956824497333631,0.956824497333631,"social_isolation_avg"
"5516","PRRC1","Exc L4-5 RORB IL1RAPL2",0.0011026562870742,3.95047761012463,0.00127114166989895,0.971602007050681,0.995272674755342,0.995272674755342,"social_isolation_avg"
"5517","AC022118.1","Exc L4-5 RORB IL1RAPL2",0.301903582905747,0.463960143352121,6.1939247364109,0.0138090842724076,0.118073237499213,0.118073237499213,"social_isolation_avg"
"5518","CCDC192","Exc L4-5 RORB IL1RAPL2",0.0911215534080031,2.73997139360662,2.38284743654739,0.124586070909706,0.406429835807334,0.406429835807334,"social_isolation_avg"
"5519","AC068658.1","Exc L4-5 RORB IL1RAPL2",0.157850996540748,2.1070993596222,4.960219663278,0.02728749086317,0.177425137264531,0.177425137264531,"social_isolation_avg"
"5520","LINC01184","Exc L4-5 RORB IL1RAPL2",0.0534308694110463,7.2111501942716,10.836280345854,0.00121700210630781,0.0268066319597789,0.0268066319597789,"social_isolation_avg"
"5521","SLC12A2","Exc L4-5 RORB IL1RAPL2",-0.00885653202304166,6.65289757829322,0.133370657080454,0.715429371220523,0.906943848411394,0.906943848411394,"social_isolation_avg"
"5522","FBN2","Exc L4-5 RORB IL1RAPL2",0.0353203989796741,0.569399151796675,0.0876371688158249,0.7675743612282,0.930998428381981,0.930998428381981,"social_isolation_avg"
"5523","SLC27A6","Exc L4-5 RORB IL1RAPL2",0.148894440122094,5.1543865552881,1.11590704776922,0.292342931741508,0.623502448383029,0.623502448383029,"social_isolation_avg"
"5524","ISOC1","Exc L4-5 RORB IL1RAPL2",-0.0799672566562892,3.23751289559401,3.42139618282016,0.0661420693757097,0.292771138854198,0.292771138854198,"social_isolation_avg"
"5525","ADAMTS19","Exc L4-5 RORB IL1RAPL2",0.0314251456189187,6.94064606787864,0.453224951266797,0.501747603036259,0.787882582027356,0.787882582027356,"social_isolation_avg"
"5526","AC008591.1","Exc L4-5 RORB IL1RAPL2",0.0514473513936743,5.43876952518139,1.12718832233692,0.289924584578868,0.621391594158332,0.621391594158332,"social_isolation_avg"
"5527","KIAA1024L","Exc L4-5 RORB IL1RAPL2",0.0507861805409392,0.819038463583132,0.240638236578452,0.624396080356044,0.859777180439321,0.859777180439321,"social_isolation_avg"
"5528","CHSY3","Exc L4-5 RORB IL1RAPL2",0.0172735413560684,9.29122387626922,1.16862527808819,0.281258542868974,0.612392737586175,0.612392737586175,"social_isolation_avg"
"5529","HINT1","Exc L4-5 RORB IL1RAPL2",-0.11630308160679,6.3701654211478,18.6579047992744,2.69018867423987e-05,0.00255784220629611,0.00255784220629611,"social_isolation_avg"
"5530","LYRM7","Exc L4-5 RORB IL1RAPL2",-0.0476488027829046,5.14059811017179,3.62673195565184,0.0585953614686353,0.275107403064032,0.275107403064032,"social_isolation_avg"
"5531","CDC42SE2","Exc L4-5 RORB IL1RAPL2",0.00458844788842886,7.13665119097887,0.0734094397479671,0.786773861024103,0.939155146327491,0.939155146327491,"social_isolation_avg"
"5532","RAPGEF6","Exc L4-5 RORB IL1RAPL2",0.0773573705404341,3.94530089700561,2.55340574323934,0.111966620997246,0.386564809853731,0.386564809853731,"social_isolation_avg"
"5533","AC008695.1","Exc L4-5 RORB IL1RAPL2",0.102840569357469,0.954340033091426,1.4736281201237,0.293005910530289,0.624052295236904,0.624052295236904,"social_isolation_avg"
"5534","AC026398.1","Exc L4-5 RORB IL1RAPL2",0.159840139887094,1.0450511616225,3.5538390268576,0.0611626580760626,0.281283845716748,0.281283845716748,"social_isolation_avg"
"5535","AC034228.3","Exc L4-5 RORB IL1RAPL2",-0.0154205313898766,0.651107805843343,0.0267387665861258,0.973299602331008,0.99572295699374,0.99572295699374,"social_isolation_avg"
"5536","ACSL6","Exc L4-5 RORB IL1RAPL2",-0.0150606299168416,1.58164313441117,0.0367425025151719,0.848225519551173,0.961873912835597,0.961873912835597,"social_isolation_avg"
"5537","P4HA2-AS1","Exc L4-5 RORB IL1RAPL2",-0.0641336043812332,0.422740948990986,0.328558198280266,0.567288274330684,0.827741250704845,0.827741250704845,"social_isolation_avg"
"5538","P4HA2","Exc L4-5 RORB IL1RAPL2",-0.0498699895727392,4.23667101605954,1.870422641078,0.173283270125099,0.478641277961607,0.478641277961607,"social_isolation_avg"
"5539","PDLIM4","Exc L4-5 RORB IL1RAPL2",-0.0948435344883237,0.324621986410681,0.40151619651547,0.527183078079407,0.805837757483163,0.805837757483163,"social_isolation_avg"
"5540","SLC22A4","Exc L4-5 RORB IL1RAPL2",0.00272096880742412,2.6764634585118,0.00378978209771377,0.950986643469886,0.989392111770647,0.989392111770647,"social_isolation_avg"
"5541","SLC22A5","Exc L4-5 RORB IL1RAPL2",-0.0317214635155023,3.72425406725355,0.843710861292448,0.359675985315327,0.679637045975272,0.679637045975272,"social_isolation_avg"
"5542","AC116366.3","Exc L4-5 RORB IL1RAPL2",0.0682463620337418,6.11308707136141,6.1467941165448,0.0141679917777964,0.120167544856731,0.120167544856731,"social_isolation_avg"
"5543","IRF1","Exc L4-5 RORB IL1RAPL2",0.104824029038263,0.959049243724195,1.34099738444259,0.248528594039836,0.574655936432573,0.574655936432573,"social_isolation_avg"
"5544","IL5","Exc L4-5 RORB IL1RAPL2",-0.0846946813629999,0.217598992953546,0.625725115812089,0.430061241426388,0.735398892817776,0.735398892817776,"social_isolation_avg"
"5545","RAD50","Exc L4-5 RORB IL1RAPL2",-0.0212500181743669,0.969111520578117,0.0812170518064579,0.776011574979112,0.935038846728637,0.935038846728637,"social_isolation_avg"
"5546","TH2LCRR","Exc L4-5 RORB IL1RAPL2",0.0362307662017697,2.72755080686682,0.506305983916857,0.477745319981995,0.770886849682699,0.770886849682699,"social_isolation_avg"
"5547","AC004039.1","Exc L4-5 RORB IL1RAPL2",0.063582318721942,3.07960033473168,1.45437267789374,0.229550959125376,0.551534437791903,0.551534437791903,"social_isolation_avg"
"5548","KIF3A","Exc L4-5 RORB IL1RAPL2",0.0103053387267941,7.51285752710573,0.556954874795798,0.456549849769228,0.754575446146363,0.754575446146363,"social_isolation_avg"
"5549","CCNI2","Exc L4-5 RORB IL1RAPL2",0.211716265829436,-0.0141456638132785,2.73100292347987,0.100315644620313,0.366493977961177,0.366493977961177,"social_isolation_avg"
"5550","SEPT8","Exc L4-5 RORB IL1RAPL2",-0.0306125721690196,6.1649156094897,1.69134025664564,0.195234635305221,0.508469997881635,0.508469997881635,"social_isolation_avg"
"5551","SOWAHA","Exc L4-5 RORB IL1RAPL2",-0.0297492964564592,2.65430099601551,0.323570905433238,0.570241577912317,0.829737191430921,0.829737191430921,"social_isolation_avg"
"5552","SHROOM1","Exc L4-5 RORB IL1RAPL2",-0.057692530615778,2.4437567231526,1.29871021647549,0.256097651821277,0.584543377689545,0.584543377689545,"social_isolation_avg"
"5553","GDF9","Exc L4-5 RORB IL1RAPL2",0.265005204221382,0.127097461453571,5.68806257849283,0.0182130262163665,0.141084103714565,0.141084103714565,"social_isolation_avg"
"5554","UQCRQ","Exc L4-5 RORB IL1RAPL2",-0.131962973446494,3.77528959601737,8.22154337722539,0.00467907095994982,0.0629554491227119,0.0629554491227119,"social_isolation_avg"
"5555","LEAP2","Exc L4-5 RORB IL1RAPL2",0.189097841078525,0.829071129440813,4.52088907459602,0.04703846048626,0.243906470501651,0.243906470501651,"social_isolation_avg"
"5556","AFF4","Exc L4-5 RORB IL1RAPL2",0.0355191054268892,7.17824718483351,5.53851807341583,0.0197784570795086,0.147376566198585,0.147376566198585,"social_isolation_avg"
"5557","ZCCHC10","Exc L4-5 RORB IL1RAPL2",0.0323375264327734,4.43634358434726,1.40413808863272,0.637020098392461,0.866689960572644,0.866689960572644,"social_isolation_avg"
"5558","HSPA4","Exc L4-5 RORB IL1RAPL2",-0.0882738562021639,5.80852859882142,10.1382157387009,0.00173575378526548,0.0341750232788846,0.0341750232788846,"social_isolation_avg"
"5559","AC010307.2","Exc L4-5 RORB IL1RAPL2",-0.00402434451768896,1.71600730544148,0.00267888412446546,0.958784065699569,0.991518924746327,0.991518924746327,"social_isolation_avg"
"5560","FSTL4","Exc L4-5 RORB IL1RAPL2",0.0113704730445681,9.53899820679191,0.249664599213592,0.617975795868737,0.855418833391789,0.855418833391789,"social_isolation_avg"
"5561","AC010307.3","Exc L4-5 RORB IL1RAPL2",-0.314899130202446,0.468130036857541,5.69544896586086,0.0181391397315647,0.14083326338159,0.14083326338159,"social_isolation_avg"
"5562","AC010307.4","Exc L4-5 RORB IL1RAPL2",-0.016170966140096,1.74339325852105,0.0420777667046567,0.837723990824793,0.957570761927458,0.957570761927458,"social_isolation_avg"
"5563","C5orf15","Exc L4-5 RORB IL1RAPL2",-0.00402192823532944,4.10533479532027,0.0156794661412545,0.900503383853748,0.977983269767924,0.977983269767924,"social_isolation_avg"
"5564","VDAC1","Exc L4-5 RORB IL1RAPL2",-0.084719584345635,6.01487884270829,13.7529879046368,0.000284300350326252,0.0106731089851647,0.0106731089851647,"social_isolation_avg"
"5565","AC008608.2","Exc L4-5 RORB IL1RAPL2",-0.237400533491249,0.278301805802516,4.18545997907995,0.0423567804731853,0.229674752493945,0.229674752493945,"social_isolation_avg"
"5566","TCF7","Exc L4-5 RORB IL1RAPL2",0.0754156147868675,1.81574102914639,0.938502052589109,0.33407871731019,0.658791392415436,0.658791392415436,"social_isolation_avg"
"5567","SKP1","Exc L4-5 RORB IL1RAPL2",-0.0491585021417562,6.76749911253351,6.28978683530687,0.013107931155018,0.115141673808772,0.115141673808772,"social_isolation_avg"
"5568","AC104109.3","Exc L4-5 RORB IL1RAPL2",-0.0451992524275699,3.19376002060097,1.06528736525386,0.303520113964712,0.634575036058157,0.634575036058157,"social_isolation_avg"
"5569","CDKL3","Exc L4-5 RORB IL1RAPL2",0.0509430669025862,5.58715377377258,6.67662274909353,0.0106332439053305,0.102105882157218,0.102105882157218,"social_isolation_avg"
"5570","UBE2B","Exc L4-5 RORB IL1RAPL2",-0.0130343970211956,7.13171547347714,0.632441477087843,0.427601630895859,0.733978994663935,0.733978994663935,"social_isolation_avg"
"5571","AC109454.2","Exc L4-5 RORB IL1RAPL2",-0.0503137029565636,0.493385687095367,0.202940654382484,0.652947947246836,0.874897536283364,0.874897536283364,"social_isolation_avg"
"5572","CDKN2AIPNL","Exc L4-5 RORB IL1RAPL2",-0.0969889903623062,3.35264937404303,6.3451213436697,0.0127201383140046,0.113234792443223,0.113234792443223,"social_isolation_avg"
"5573","AC005355.1","Exc L4-5 RORB IL1RAPL2",0.15958438613418,1.71822584053981,4.94231783256353,0.0275629259902877,0.178561763787118,0.178561763787118,"social_isolation_avg"
"5574","JADE2","Exc L4-5 RORB IL1RAPL2",-0.0987199379690806,5.12485140933672,12.0969378447019,0.000645584732266549,0.0176768817838336,0.0176768817838336,"social_isolation_avg"
"5575","SAR1B","Exc L4-5 RORB IL1RAPL2",-0.000266462894536497,5.05691216736826,0.000147292506752681,0.990331417064119,0.998822911403646,0.998822911403646,"social_isolation_avg"
"5576","SEC24A","Exc L4-5 RORB IL1RAPL2",0.0202617912305312,5.28880265576117,0.963317333593469,0.327786852908503,0.653764769231232,0.653764769231232,"social_isolation_avg"
"5577","CAMLG","Exc L4-5 RORB IL1RAPL2",0.0562334419638161,5.86074140382801,4.37371383444193,0.0380263881433714,0.215612013803036,0.215612013803036,"social_isolation_avg"
"5578","DDX46","Exc L4-5 RORB IL1RAPL2",0.0242026359641239,6.39791389189032,1.07937074127761,0.300355683985047,0.631377613229761,0.631377613229761,"social_isolation_avg"
"5579","C5orf24","Exc L4-5 RORB IL1RAPL2",-0.025961532548358,5.39802330620494,1.03885773352758,0.309576741465564,0.639223565287733,0.639223565287733,"social_isolation_avg"
"5580","TXNDC15","Exc L4-5 RORB IL1RAPL2",0.0837459379672167,4.40743435857473,2.6566610176838,0.105021104113992,0.37499426645998,0.37499426645998,"social_isolation_avg"
"5581","PCBD2","Exc L4-5 RORB IL1RAPL2",0.0844770918082275,3.84072524797379,3.804178485348,0.052816174314201,0.260514816005995,0.260514816005995,"social_isolation_avg"
"5582","C5orf66","Exc L4-5 RORB IL1RAPL2",0.189357190274812,2.38174806333999,7.71604034234471,0.00610626263495224,0.0743705542670576,0.0743705542670576,"social_isolation_avg"
"5583","H2AFY","Exc L4-5 RORB IL1RAPL2",-0.039924493572744,6.11201694445436,4.64894975015648,0.0325183452931904,0.197584974724617,0.197584974724617,"social_isolation_avg"
"5584","SMAD5","Exc L4-5 RORB IL1RAPL2",0.0327812186268767,5.14694885325054,2.35698252900215,0.126635097009935,0.409538970165627,0.409538970165627,"social_isolation_avg"
"5585","SPOCK1","Exc L4-5 RORB IL1RAPL2",-0.00485876250343505,8.54185635576333,0.0771027185276211,0.781609790517918,0.937129386375359,0.937129386375359,"social_isolation_avg"
"5586","KLHL3","Exc L4-5 RORB IL1RAPL2",-0.0320487320434311,6.40631951923994,3.21906106117436,0.0746130114489736,0.312642960439159,0.312642960439159,"social_isolation_avg"
"5587","HNRNPA0","Exc L4-5 RORB IL1RAPL2",-0.0644236792995097,5.00342065140417,6.1224899223587,0.0143568492493131,0.121162330350693,0.121162330350693,"social_isolation_avg"
"5588","AC106791.1","Exc L4-5 RORB IL1RAPL2",-0.0113000274480515,5.04788227597633,0.0898655925693689,0.764724727554977,0.929548796740828,0.929548796740828,"social_isolation_avg"
"5589","MYOT","Exc L4-5 RORB IL1RAPL2",0.0724719230224452,1.43930729370184,0.892910527758153,0.576746341881037,0.833948835281016,0.833948835281016,"social_isolation_avg"
"5590","PKD2L2","Exc L4-5 RORB IL1RAPL2",-0.0292976730655541,1.99116996228023,0.19541050453963,0.659028949571638,0.878351304194848,0.878351304194848,"social_isolation_avg"
"5591","FAM13B","Exc L4-5 RORB IL1RAPL2",0.0166903316480229,7.23753633013936,1.0530155704127,0.306312921600057,0.636615420649679,0.636615420649679,"social_isolation_avg"
"5592","AC113382.1","Exc L4-5 RORB IL1RAPL2",-0.0437224616301233,0.585499582527595,0.162160206631899,0.791287730316097,0.941038251380201,0.941038251380201,"social_isolation_avg"
"5593","WNT8A","Exc L4-5 RORB IL1RAPL2",-0.0550941928292015,1.17032031440177,0.342940149122101,0.558935681137826,0.822658510464917,0.822658510464917,"social_isolation_avg"
"5594","NME5","Exc L4-5 RORB IL1RAPL2",0.0525425672610953,6.30544301002412,1.58956061698478,0.209165598499241,0.527202095488821,0.527202095488821,"social_isolation_avg"
"5595","BRD8","Exc L4-5 RORB IL1RAPL2",-0.00538018217597763,5.31937538017726,0.0792434186957753,0.778677429061003,0.936222594947799,0.936222594947799,"social_isolation_avg"
"5596","CDC23","Exc L4-5 RORB IL1RAPL2",0.0134799686393448,4.23056078022712,0.28098102595233,0.596770252189317,0.844476100641244,0.844476100641244,"social_isolation_avg"
"5597","GFRA3","Exc L4-5 RORB IL1RAPL2",0.0340932701469883,-0.427715671487776,0.0482747520630001,0.826364093278349,0.954032278291515,0.954032278291515,"social_isolation_avg"
"5598","CDC25C","Exc L4-5 RORB IL1RAPL2",0.0692412018662725,1.17179931421406,0.904414521559461,0.722624438941889,0.909759598723767,0.909759598723767,"social_isolation_avg"
"5599","FAM53C","Exc L4-5 RORB IL1RAPL2",0.0151561962702659,5.37752453145653,0.342753422126093,0.559042608597203,0.822658510464917,0.822658510464917,"social_isolation_avg"
"5600","KDM3B","Exc L4-5 RORB IL1RAPL2",0.0931541235549766,6.00788135685609,24.8669142118132,1.54111239384587e-06,0.00042839113445171,0.00042839113445171,"social_isolation_avg"
"5601","REEP2","Exc L4-5 RORB IL1RAPL2",-0.00961749962867064,6.16872800215031,0.184179408097813,0.668364678315924,0.883098002651187,0.883098002651187,"social_isolation_avg"
"5602","EGR1","Exc L4-5 RORB IL1RAPL2",-0.110563913373613,3.88116473266091,1.76715298989296,0.185566592170857,0.493965319423858,0.493965319423858,"social_isolation_avg"
"5603","ETF1","Exc L4-5 RORB IL1RAPL2",-0.0385833995455213,4.46062710774153,2.27007824280058,0.133801935770405,0.421242333895479,0.421242333895479,"social_isolation_avg"
"5604","HSPA9","Exc L4-5 RORB IL1RAPL2",-0.00939156338813532,6.2536992073081,0.290231164492118,0.590797215838671,0.841692108021376,0.841692108021376,"social_isolation_avg"
"5605","CTNNA1","Exc L4-5 RORB IL1RAPL2",-0.000238141318770712,5.46299582740612,4.91976279425009e-05,0.994412060115449,0.999452588532504,0.999452588532504,"social_isolation_avg"
"5606","AC034243.1","Exc L4-5 RORB IL1RAPL2",0.0871941981949055,-0.655055452088481,0.162154052247606,0.687701327136503,0.892598347429542,0.892598347429542,"social_isolation_avg"
"5607","LRRTM2","Exc L4-5 RORB IL1RAPL2",0.0134495505165101,5.18051623548176,0.18569830907547,0.667082671552451,0.882833547488558,0.882833547488558,"social_isolation_avg"
"5608","SIL1","Exc L4-5 RORB IL1RAPL2",0.0173650254953713,6.71271875994085,1.02730192839948,0.312274510325583,0.641257435410284,0.641257435410284,"social_isolation_avg"
"5609","AC011405.1","Exc L4-5 RORB IL1RAPL2",0.0750668393590563,1.13013690565154,0.654427811175959,0.4196969149909,0.726886607670817,0.726886607670817,"social_isolation_avg"
"5610","MATR3","Exc L4-5 RORB IL1RAPL2",-0.0139773231505099,3.16702921355929,0.0910188400897694,0.763265107500255,0.929286899099656,0.929286899099656,"social_isolation_avg"
"5611","PAIP2","Exc L4-5 RORB IL1RAPL2",-0.0199881722233639,6.1113948231633,0.733477271640298,0.39299823393032,0.708048128340571,0.708048128340571,"social_isolation_avg"
"5612","AC135457.1","Exc L4-5 RORB IL1RAPL2",0.240275298626964,-0.480070176320781,2.15788226150658,0.143740615851608,0.438169194865197,0.438169194865197,"social_isolation_avg"
"5613","PROB1","Exc L4-5 RORB IL1RAPL2",0.0798924411815264,-0.337693787377694,0.33543661205582,0.583694369417564,0.838364400018437,0.838364400018437,"social_isolation_avg"
"5614","SPATA24","Exc L4-5 RORB IL1RAPL2",0.0171355149151186,0.755164279341929,0.0440960318859336,0.854137240893563,0.962659681614671,0.962659681614671,"social_isolation_avg"
"5615","DNAJC18","Exc L4-5 RORB IL1RAPL2",-0.0318678087499807,5.72044249044579,2.59754116648723,0.108937410766,0.381775282293662,0.381775282293662,"social_isolation_avg"
"5616","UBE2D2","Exc L4-5 RORB IL1RAPL2",0.0147228032986079,6.6150931526123,0.592420780626899,0.4425830615021,0.744728679429754,0.744728679429754,"social_isolation_avg"
"5617","CXXC5","Exc L4-5 RORB IL1RAPL2",-0.0794992796998686,6.51139684145782,6.11903666728164,0.0143838946532914,0.121271211457683,0.121271211457683,"social_isolation_avg"
"5618","AC008667.1","Exc L4-5 RORB IL1RAPL2",0.0132824256322151,2.23209459423516,0.0469389336547248,0.828745196715015,0.95439366202342,0.95439366202342,"social_isolation_avg"
"5619","PSD2","Exc L4-5 RORB IL1RAPL2",0.0195812422973212,3.22095350889208,0.158964945443982,0.690625825067415,0.893676052256912,0.893676052256912,"social_isolation_avg"
"5620","NRG2","Exc L4-5 RORB IL1RAPL2",0.0350180984355675,6.98208108191567,3.79769361918026,0.0530162785474055,0.261025502574931,0.261025502574931,"social_isolation_avg"
"5621","MALINC1","Exc L4-5 RORB IL1RAPL2",0.116205075368575,2.37370430561057,4.1009274262445,0.0444687792502206,0.23581664018874,0.23581664018874,"social_isolation_avg"
"5622","PURA","Exc L4-5 RORB IL1RAPL2",-0.0399738558976646,7.41990443891695,2.58137790382803,0.110036087185321,0.383347040140781,0.383347040140781,"social_isolation_avg"
"5623","IGIP","Exc L4-5 RORB IL1RAPL2",-0.0164325438926519,5.3691164488756,0.411251855102912,0.522222977060929,0.80224140659446,0.80224140659446,"social_isolation_avg"
"5624","CYSTM1","Exc L4-5 RORB IL1RAPL2",0.0201370094379418,4.4097640647477,0.422355452223643,0.516666195158962,0.798813830652655,0.798813830652655,"social_isolation_avg"
"5625","PFDN1","Exc L4-5 RORB IL1RAPL2",-0.0385827328562157,5.13460703216839,2.48468189123336,0.116871513604751,0.394527370011684,0.394527370011684,"social_isolation_avg"
"5626","HBEGF","Exc L4-5 RORB IL1RAPL2",0.0650429698302024,1.81273099376715,1.25160516860191,0.264869275319045,0.595177649843577,0.595177649843577,"social_isolation_avg"
"5627","AC008438.2","Exc L4-5 RORB IL1RAPL2",-0.0121601321092449,1.82283970165768,0.0284461068320463,0.866270492572216,0.96677503774678,0.96677503774678,"social_isolation_avg"
"5628","SLC4A9","Exc L4-5 RORB IL1RAPL2",0.174226645655057,1.41104111033469,4.32383594365074,0.0391260028201914,0.219526565191545,0.219526565191545,"social_isolation_avg"
"5629","AC008438.1","Exc L4-5 RORB IL1RAPL2",-0.00510920907420109,4.13785799008297,0.0276762136409181,0.868075635367839,0.967405437492666,0.967405437492666,"social_isolation_avg"
"5630","ANKHD1-EIF4EBP3","Exc L4-5 RORB IL1RAPL2",0.0901116800262957,3.29880822459415,5.1519545218307,0.0245123183570313,0.16642703830904,0.16642703830904,"social_isolation_avg"
"5631","SRA1","Exc L4-5 RORB IL1RAPL2",-0.0187639340724055,4.22208881184714,0.25662256278231,0.613125095371232,0.853477732131527,0.853477732131527,"social_isolation_avg"
"5632","APBB3","Exc L4-5 RORB IL1RAPL2",-0.0359182739924819,4.0336124844776,1.13762667845856,0.287709740035366,0.61896031736318,0.61896031736318,"social_isolation_avg"
"5633","SLC35A4","Exc L4-5 RORB IL1RAPL2",-0.0696469359982612,2.59538502365333,2.34804028663956,0.127352272873268,0.41064815858142,0.41064815858142,"social_isolation_avg"
"5634","CD14","Exc L4-5 RORB IL1RAPL2",-0.0755933164436747,0.189690032036627,0.376250553764132,0.540459865934026,0.812235196452559,0.812235196452559,"social_isolation_avg"
"5635","NDUFA2","Exc L4-5 RORB IL1RAPL2",-0.102790573323397,3.80510817394585,10.1225926654279,0.00174966217276565,0.0343416576461607,0.0343416576461607,"social_isolation_avg"
"5636","TMCO6","Exc L4-5 RORB IL1RAPL2",-0.101240173911486,1.53098774554315,2.69068770609058,0.176964287374655,0.483248147805306,0.483248147805306,"social_isolation_avg"
"5637","IK","Exc L4-5 RORB IL1RAPL2",-0.0216606215361053,3.895535353345,0.317776391473824,0.573711001681232,0.831751272914764,0.831751272914764,"social_isolation_avg"
"5638","WDR55","Exc L4-5 RORB IL1RAPL2",-0.00594245475350317,2.9102372270188,0.0235528943711659,0.878215219003445,0.971680612757393,0.971680612757393,"social_isolation_avg"
"5639","DND1","Exc L4-5 RORB IL1RAPL2",0.130610867130569,1.41814898698471,2.69025285672021,0.102865404216383,0.371434410911867,0.371434410911867,"social_isolation_avg"
"5640","HARS","Exc L4-5 RORB IL1RAPL2",0.0196004455687373,6.151162215827,0.968302671997981,0.326541980046231,0.653102083378423,0.653102083378423,"social_isolation_avg"
"5641","HARS2","Exc L4-5 RORB IL1RAPL2",0.0719309907411547,2.71400633128001,2.26201287322665,0.134489897159335,0.42249432909709,0.42249432909709,"social_isolation_avg"
"5642","ZMAT2","Exc L4-5 RORB IL1RAPL2",-0.0758293861713986,4.6512457313051,4.99800468054729,0.0267155832412821,0.175175211948139,0.175175211948139,"social_isolation_avg"
"5643","PCDHA1","Exc L4-5 RORB IL1RAPL2",0.183987163122589,-0.373494174495685,1.06744358290918,0.303032830199963,0.634226950712388,0.634226950712388,"social_isolation_avg"
"5644","AC005609.5","Exc L4-5 RORB IL1RAPL2",0.0961388822480462,4.16321622769078,5.34210396039187,0.022050966523791,0.156903055250418,0.156903055250418,"social_isolation_avg"
"5645","AC005609.1","Exc L4-5 RORB IL1RAPL2",0.155019151307858,-0.606458777525433,0.603661099762748,0.438295000987476,0.741465815517486,0.741465815517486,"social_isolation_avg"
"5646","AC244517.5","Exc L4-5 RORB IL1RAPL2",-0.0850607691091083,0.291740659927884,0.535581925644451,0.465305805844077,0.761782086477156,0.761782086477156,"social_isolation_avg"
"5647","PCDHB2","Exc L4-5 RORB IL1RAPL2",0.0816014223571738,0.9864353492849,0.592102648634812,0.442705367838161,0.744836231981669,0.744836231981669,"social_isolation_avg"
"5648","AC244517.2","Exc L4-5 RORB IL1RAPL2",0.163450249898864,0.898972977393438,2.45038446300997,0.119408509795835,0.397758197313849,0.397758197313849,"social_isolation_avg"
"5649","PCDHB3","Exc L4-5 RORB IL1RAPL2",-0.0574060733684507,0.713855489256553,0.305462128244563,0.581224865057403,0.83685976922848,0.83685976922848,"social_isolation_avg"
"5650","AC244517.1","Exc L4-5 RORB IL1RAPL2",-0.0608761525947398,0.860936107665538,0.390135593832926,0.533089331264785,0.809278084207705,0.809278084207705,"social_isolation_avg"
"5651","PCDHB4","Exc L4-5 RORB IL1RAPL2",-0.106011822577151,2.62922823271854,2.00871458548353,0.158279908135036,0.458553688841376,0.458553688841376,"social_isolation_avg"
"5652","PCDHB5","Exc L4-5 RORB IL1RAPL2",-0.152551822597956,1.1686747581969,3.73632870995214,0.0549504565407471,0.265783906641107,0.265783906641107,"social_isolation_avg"
"5653","AC244517.11","Exc L4-5 RORB IL1RAPL2",-0.015570119555957,2.1141122470435,0.0500765678478171,0.823206428701125,0.953233142795067,0.953233142795067,"social_isolation_avg"
"5654","PCDHB6","Exc L4-5 RORB IL1RAPL2",-0.0608525458244252,1.81926349331513,0.728705584023393,0.39453843567504,0.709515572770098,0.709515572770098,"social_isolation_avg"
"5655","PCDHB7","Exc L4-5 RORB IL1RAPL2",-0.136499470230501,0.790393774769826,1.49015681257943,0.223930599780256,0.545206161415657,0.545206161415657,"social_isolation_avg"
"5656","PCDHB16","Exc L4-5 RORB IL1RAPL2",-0.0754725002615209,0.257915896262698,0.366036297127147,0.546002458814169,0.815383782416961,0.815383782416961,"social_isolation_avg"
"5657","AC244517.6","Exc L4-5 RORB IL1RAPL2",0.0645117175038141,0.297145128811794,0.328051070130612,0.567587212851268,0.827884493860533,0.827884493860533,"social_isolation_avg"
"5658","PCDHB9","Exc L4-5 RORB IL1RAPL2",0.00524899339577217,2.19084089465271,0.00514689077647671,0.942894092610046,0.987984052456339,0.987984052456339,"social_isolation_avg"
"5659","PCDHB10","Exc L4-5 RORB IL1RAPL2",-0.115630244051281,2.44337756501928,4.34926462720094,0.0385612522754065,0.217926360305546,0.217926360305546,"social_isolation_avg"
"5660","PCDHB11","Exc L4-5 RORB IL1RAPL2",0.0663839496307664,0.713181131775036,0.453347731928939,0.501689752543353,0.787882582027356,0.787882582027356,"social_isolation_avg"
"5661","PCDHB12","Exc L4-5 RORB IL1RAPL2",-0.0454640818979074,1.97103294693148,0.380145176048499,0.538373772131176,0.81176353454455,0.81176353454455,"social_isolation_avg"
"5662","PCDHB13","Exc L4-5 RORB IL1RAPL2",-0.164573790182459,1.64715020342436,4.88459462692412,0.0284711197534304,0.181734071100969,0.181734071100969,"social_isolation_avg"
"5663","PCDHB14","Exc L4-5 RORB IL1RAPL2",0.0456456601948073,1.64325739699648,0.39274001072953,0.531727195575728,0.808558852883224,0.808558852883224,"social_isolation_avg"
"5664","AC244517.10","Exc L4-5 RORB IL1RAPL2",-0.00702232818495929,4.3380136143572,0.0306007350097322,0.861348206365099,0.965016220001923,0.965016220001923,"social_isolation_avg"
"5665","PCDHB15","Exc L4-5 RORB IL1RAPL2",-0.0431737198595445,1.22198463229378,0.250824385129598,0.617161425728139,0.855042200790958,0.855042200790958,"social_isolation_avg"
"5666","TAF7","Exc L4-5 RORB IL1RAPL2",-0.0687823815665214,4.90241980036113,4.11022589972195,0.0442310799905403,0.235104027993944,0.235104027993944,"social_isolation_avg"
"5667","AC005618.1","Exc L4-5 RORB IL1RAPL2",-0.101026808738864,0.481680238858131,0.732508809020621,0.393310129975429,0.708340088450894,0.708340088450894,"social_isolation_avg"
"5668","PCDHGA1","Exc L4-5 RORB IL1RAPL2",0.0258278491923247,2.65839599386014,0.088645394741221,0.766280245838501,0.930534997895065,0.930534997895065,"social_isolation_avg"
"5669","DIAPH1","Exc L4-5 RORB IL1RAPL2",0.0399807044573866,5.89495085357551,4.13329274379538,0.0436472263838635,0.233158997856883,0.233158997856883,"social_isolation_avg"
"5670","AC008781.2","Exc L4-5 RORB IL1RAPL2",0.0227241481180258,-0.175178678684686,0.0086039038560716,0.926208755875677,0.98417618971798,0.98417618971798,"social_isolation_avg"
"5671","AC008781.1","Exc L4-5 RORB IL1RAPL2",0.0892446368393482,0.734018247237141,0.928052460810078,0.339556181341813,0.663058659732814,0.663058659732814,"social_isolation_avg"
"5672","HDAC3","Exc L4-5 RORB IL1RAPL2",-0.0256827721007615,5.69866216677726,1.19921708639332,0.275071276723724,0.605118431216089,0.605118431216089,"social_isolation_avg"
"5673","RELL2","Exc L4-5 RORB IL1RAPL2",-0.0293185042170186,4.4439927225887,0.440057949406458,0.508018571532213,0.792082301184822,0.792082301184822,"social_isolation_avg"
"5674","FCHSD1","Exc L4-5 RORB IL1RAPL2",0.260586816089746,1.53268221059666,7.96042038275031,0.00536741643892434,0.0681277556856679,0.0681277556856679,"social_isolation_avg"
"5675","ARAP3","Exc L4-5 RORB IL1RAPL2",0.101705277682894,2.99290053733025,1.59658260417415,0.20816734956329,0.52628733579463,0.52628733579463,"social_isolation_avg"
"5676","PCDH1","Exc L4-5 RORB IL1RAPL2",-0.0172642644032184,4.57560641360613,0.15737097347616,0.692100306110072,0.894857806093249,0.894857806093249,"social_isolation_avg"
"5677","DELE1","Exc L4-5 RORB IL1RAPL2",-0.0275267531780698,5.28347024493112,0.845856656751021,0.359067308597635,0.678916013388214,0.678916013388214,"social_isolation_avg"
"5678","PCDH12","Exc L4-5 RORB IL1RAPL2",-0.0172458416952813,0.218222748250644,0.0263566638356507,0.871230613777796,0.968359692017946,0.968359692017946,"social_isolation_avg"
"5679","RNF14","Exc L4-5 RORB IL1RAPL2",0.0226342779798011,5.00660201434665,1.01375723266342,0.315476014816881,0.643791637580957,0.643791637580957,"social_isolation_avg"
"5680","AC005740.3","Exc L4-5 RORB IL1RAPL2",0.314022991171008,0.494360239770146,3.75941022384421,0.0542142314938828,0.264149026677716,0.264149026677716,"social_isolation_avg"
"5681","GNPDA1","Exc L4-5 RORB IL1RAPL2",-0.0538764835159223,4.4733168172449,3.25115687852627,0.0731944498690748,0.309904434307757,0.309904434307757,"social_isolation_avg"
"5682","NDFIP1","Exc L4-5 RORB IL1RAPL2",-0.00388683442705431,7.83673781786826,0.0741684911404377,0.785701320272317,0.93860819277545,0.93860819277545,"social_isolation_avg"
"5683","SPRY4","Exc L4-5 RORB IL1RAPL2",0.0389971265144187,2.6582397403007,0.219522672438293,0.640021133430099,0.867500167660883,0.867500167660883,"social_isolation_avg"
"5684","SPRY4-AS1","Exc L4-5 RORB IL1RAPL2",-0.0270011183252478,6.06705880847717,0.106307821218921,0.744799842829496,0.920785167671651,0.920785167671651,"social_isolation_avg"
"5685","FGF1","Exc L4-5 RORB IL1RAPL2",0.162978315314698,2.85009871422416,1.78041649799883,0.183933444889409,0.491189066591659,0.491189066591659,"social_isolation_avg"
"5686","LINC01844","Exc L4-5 RORB IL1RAPL2",-0.181120566984997,1.40719866219657,2.9482299228807,0.0878446908682905,0.341786838560338,0.341786838560338,"social_isolation_avg"
"5687","ARHGAP26","Exc L4-5 RORB IL1RAPL2",0.011737889449453,8.93958786925246,0.204692394572645,0.651552845555792,0.874004422320455,0.874004422320455,"social_isolation_avg"
"5688","ARHGAP26-AS1","Exc L4-5 RORB IL1RAPL2",-0.0131080480408239,2.11202498730883,0.0209112309737273,0.885197206722773,0.973660414670342,0.973660414670342,"social_isolation_avg"
"5689","NR3C1","Exc L4-5 RORB IL1RAPL2",0.0195850928749842,7.85897566942395,0.808285348119128,0.36993546642014,0.688051603276857,0.688051603276857,"social_isolation_avg"
"5690","AC016598.1","Exc L4-5 RORB IL1RAPL2",0.0733113276503737,5.13270863479256,1.65467580033783,0.200122505447575,0.51447375763721,0.51447375763721,"social_isolation_avg"
"5691","YIPF5","Exc L4-5 RORB IL1RAPL2",-0.0610983539728099,4.40775946697971,4.56468288957735,0.0341091564771165,0.202125286145833,0.202125286145833,"social_isolation_avg"
"5692","KCTD16","Exc L4-5 RORB IL1RAPL2",-0.0545743822637091,7.23669753800104,1.9379881862732,0.16575726771113,0.46922400693631,0.46922400693631,"social_isolation_avg"
"5693","PRELID2","Exc L4-5 RORB IL1RAPL2",-0.518845043885456,0.47241608076774,3.37445088025895,0.0680104697754634,0.297945380556041,0.297945380556041,"social_isolation_avg"
"5694","GRXCR2","Exc L4-5 RORB IL1RAPL2",0.0877213752430731,-0.113998237844418,0.417054975093233,0.519305721104477,0.8002104038617,0.8002104038617,"social_isolation_avg"
"5695","SH3RF2","Exc L4-5 RORB IL1RAPL2",-0.931873693740884,-0.695682891704846,7.4338709372791,0.00709137627025009,0.0811615304440761,0.0811615304440761,"social_isolation_avg"
"5696","PLAC8L1","Exc L4-5 RORB IL1RAPL2",0.0139161550114945,3.25820123126726,0.0992719842417279,0.75310242914159,0.924589402789535,0.924589402789535,"social_isolation_avg"
"5697","AC091887.1","Exc L4-5 RORB IL1RAPL2",-0.0153918055578867,2.24272253723955,0.0494810150243049,0.824243432314791,0.953565464773053,0.953565464773053,"social_isolation_avg"
"5698","LARS","Exc L4-5 RORB IL1RAPL2",-0.00510955046972999,5.95564898073904,0.0671996685204595,0.795781121037924,0.943052144191509,0.943052144191509,"social_isolation_avg"
"5699","AC091959.3","Exc L4-5 RORB IL1RAPL2",-0.000528420123028333,2.08961373150206,9.48177845363961e-05,0.992242510022696,0.999072802369964,0.999072802369964,"social_isolation_avg"
"5700","TCERG1","Exc L4-5 RORB IL1RAPL2",0.0401440665171835,6.76174111581478,5.41295074919737,0.0212013174551325,0.153488272180997,0.153488272180997,"social_isolation_avg"
"5701","AC008728.1","Exc L4-5 RORB IL1RAPL2",-0.0103234745736863,0.593385887598692,0.0120277973055493,0.912803082231758,0.981657819619611,0.981657819619611,"social_isolation_avg"
"5702","PPP2R2B","Exc L4-5 RORB IL1RAPL2",0.0177831803163394,9.98614278776381,0.802211759517749,0.371735359647329,0.689907281989908,0.689907281989908,"social_isolation_avg"
"5703","STK32A-AS1","Exc L4-5 RORB IL1RAPL2",-0.0849484007569226,0.571974003911847,0.445109123585422,0.505597027562548,0.790807750558897,0.790807750558897,"social_isolation_avg"
"5704","STK32A","Exc L4-5 RORB IL1RAPL2",0.0663181020650052,2.24768931181728,0.524502765797914,0.469951013027149,0.765042314019278,0.765042314019278,"social_isolation_avg"
"5705","DPYSL3","Exc L4-5 RORB IL1RAPL2",-0.0620459846682596,3.63150673171648,1.52865780886847,0.218067917848302,0.537948249492533,0.537948249492533,"social_isolation_avg"
"5706","JAKMIP2-AS1","Exc L4-5 RORB IL1RAPL2",0.0168507952012712,4.06612692069282,0.16760819069513,0.682776302315845,0.889786515332881,0.889786515332881,"social_isolation_avg"
"5707","JAKMIP2","Exc L4-5 RORB IL1RAPL2",0.0280179455893604,8.52368882174943,3.22028578280107,0.0745583382590095,0.312642960439159,0.312642960439159,"social_isolation_avg"
"5708","SPINK5","Exc L4-5 RORB IL1RAPL2",0.111650268281146,-0.490822886866345,0.56260310109917,0.454279588516241,0.75312675269787,0.75312675269787,"social_isolation_avg"
"5709","MARCOL","Exc L4-5 RORB IL1RAPL2",0.156408550684432,-0.040090810831675,1.59128394278655,0.208920082289141,0.527133868114794,0.527133868114794,"social_isolation_avg"
"5710","AC091948.1","Exc L4-5 RORB IL1RAPL2",-0.00789197657999558,4.88715534811555,0.0461741166076524,0.830124484661961,0.955184094369796,0.955184094369796,"social_isolation_avg"
"5711","SPINK9","Exc L4-5 RORB IL1RAPL2",-0.11668254237634,0.261093214204729,0.422166113305571,0.516760075119258,0.798813830652655,0.798813830652655,"social_isolation_avg"
"5712","FBXO38","Exc L4-5 RORB IL1RAPL2",0.0393114072405939,5.29604312712992,3.52973730009622,0.0620378944186848,0.283052568192895,0.283052568192895,"social_isolation_avg"
"5713","AC114939.1","Exc L4-5 RORB IL1RAPL2",0.185137369620206,-0.457608321061496,1.05428623063499,0.306022195977924,0.636430640810981,0.636430640810981,"social_isolation_avg"
"5714","HTR4","Exc L4-5 RORB IL1RAPL2",0.0798622833054,6.16095684765316,5.80063846375227,0.0171201918092227,0.135479359775116,0.135479359775116,"social_isolation_avg"
"5715","ABLIM3","Exc L4-5 RORB IL1RAPL2",-0.0163017497731686,5.79820266221546,0.551751802089475,0.45865711709995,0.756934261896917,0.756934261896917,"social_isolation_avg"
"5716","AC012613.1","Exc L4-5 RORB IL1RAPL2",-0.123710043008809,-0.399964554202194,0.749314895231938,0.387947847726831,0.703673183301867,0.703673183301867,"social_isolation_avg"
"5717","AFAP1L1","Exc L4-5 RORB IL1RAPL2",0.0314110627200296,1.32507160775667,0.119289595784373,0.730245389766172,0.913267211869261,0.913267211869261,"social_isolation_avg"
"5718","GRPEL2","Exc L4-5 RORB IL1RAPL2",0.0165573472385038,2.73461633955183,0.147322019839608,0.836140890390127,0.956824497333631,0.956824497333631,"social_isolation_avg"
"5719","GRPEL2-AS1","Exc L4-5 RORB IL1RAPL2",-0.00456377914096111,2.91379379760958,0.00695009165777517,0.933660433930817,0.986583286147705,0.986583286147705,"social_isolation_avg"
"5720","PCYOX1L","Exc L4-5 RORB IL1RAPL2",-0.0266390262856276,3.54379608259701,0.429290874772465,0.957532158626268,0.990964806415906,0.990964806415906,"social_isolation_avg"
"5721","CSNK1A1","Exc L4-5 RORB IL1RAPL2",-0.0141268054375224,7.11377125634762,1.17524123839506,0.279905606579317,0.611134777531417,0.611134777531417,"social_isolation_avg"
"5722","ARHGEF37","Exc L4-5 RORB IL1RAPL2",-0.130616443553612,3.2003212588677,9.63927284307737,0.00224141402784897,0.040018765822019,0.040018765822019,"social_isolation_avg"
"5723","PPARGC1B","Exc L4-5 RORB IL1RAPL2",0.0332661868856965,5.69979354383623,1.84930081180005,0.175716662057342,0.482025569900286,0.482025569900286,"social_isolation_avg"
"5724","PDE6A","Exc L4-5 RORB IL1RAPL2",-0.107476850066725,0.675436998580793,1.28514951607403,0.258585251852055,0.58710006724873,0.58710006724873,"social_isolation_avg"
"5725","SLC26A2","Exc L4-5 RORB IL1RAPL2",0.0742415134654968,2.66053634815223,2.76167615381221,0.0984423489644047,0.363576850189451,0.363576850189451,"social_isolation_avg"
"5726","TIGD6","Exc L4-5 RORB IL1RAPL2",-0.131616762142404,1.18875758100894,2.94413521596519,0.0880634112312187,0.342183347757009,0.342183347757009,"social_isolation_avg"
"5727","HMGXB3","Exc L4-5 RORB IL1RAPL2",-0.0414407389563675,4.56091526933949,2.24705271636122,0.29204101914577,0.623502448383029,0.623502448383029,"social_isolation_avg"
"5728","PDGFRB","Exc L4-5 RORB IL1RAPL2",-0.0311245154553397,4.75307721953469,0.642681061107522,0.423892554699359,0.730484447368394,0.730484447368394,"social_isolation_avg"
"5729","SLC6A7","Exc L4-5 RORB IL1RAPL2",0.0446552278860558,6.46331951546354,2.76074321781082,0.0984987545093349,0.363576850189451,0.363576850189451,"social_isolation_avg"
"5730","CAMK2A","Exc L4-5 RORB IL1RAPL2",-0.00854170231000217,8.47398961534281,0.155336541231577,0.693994846271382,0.896135705063865,0.896135705063865,"social_isolation_avg"
"5731","ARSI","Exc L4-5 RORB IL1RAPL2",-0.266206351981584,-0.365097104533383,1.84483091188987,0.176236701408549,0.482502478273934,0.482502478273934,"social_isolation_avg"
"5732","TCOF1","Exc L4-5 RORB IL1RAPL2",-0.0436979112500592,4.85919927788603,1.95748531094148,0.163656168612291,0.466767917743919,0.466767917743919,"social_isolation_avg"
"5733","CD74","Exc L4-5 RORB IL1RAPL2",0.0380552198830498,1.30659611551352,0.0761609280156947,0.782913761544826,0.937623348451778,0.937623348451778,"social_isolation_avg"
"5734","RPS14","Exc L4-5 RORB IL1RAPL2",-0.11345846107189,5.39553887998186,10.9003817962426,0.00117813796872554,0.0263068217280797,0.0263068217280797,"social_isolation_avg"
"5735","NDST1-AS1","Exc L4-5 RORB IL1RAPL2",0.130689954224061,1.38502044857808,3.39635865491425,0.0671315621440752,0.295463197796708,0.295463197796708,"social_isolation_avg"
"5736","NDST1","Exc L4-5 RORB IL1RAPL2",-0.0596881153541379,4.49073338757514,5.16709600332868,0.0243061617708324,0.166087716455731,0.166087716455731,"social_isolation_avg"
"5737","SYNPO","Exc L4-5 RORB IL1RAPL2",-0.0303908350153281,5.28156801351749,1.29155558507002,0.257406384896065,0.585461187576081,0.585461187576081,"social_isolation_avg"
"5738","AC011383.1","Exc L4-5 RORB IL1RAPL2",0.019664182896368,0.171862858546136,0.0287209844130532,0.865632093962576,0.966746833305743,0.966746833305743,"social_isolation_avg"
"5739","MYOZ3","Exc L4-5 RORB IL1RAPL2",0.00290913497762371,0.563680098418415,0.000891501379777213,0.976216305355903,0.996641417624844,0.996641417624844,"social_isolation_avg"
"5740","RBM22","Exc L4-5 RORB IL1RAPL2",-0.0274509241195398,3.73545608766189,0.693755007594674,0.40609193922469,0.717219498375119,0.717219498375119,"social_isolation_avg"
"5741","DCTN4","Exc L4-5 RORB IL1RAPL2",-0.0155284112370419,5.61396368093461,0.76193512056016,0.951608790901655,0.989392111770647,0.989392111770647,"social_isolation_avg"
"5742","SMIM3","Exc L4-5 RORB IL1RAPL2",0.121613514965851,0.516263054238471,1.27573365204839,0.260330216776976,0.589481573915409,0.589481573915409,"social_isolation_avg"
"5743","IRGM","Exc L4-5 RORB IL1RAPL2",0.0499957553759962,0.597516221207568,0.0898964581921878,0.76468552953656,0.929548796740828,0.929548796740828,"social_isolation_avg"
"5744","ZNF300","Exc L4-5 RORB IL1RAPL2",-0.0410144427527055,0.506822694717227,0.142017084238407,0.706767270571845,0.902648904926756,0.902648904926756,"social_isolation_avg"
"5745","GPX3","Exc L4-5 RORB IL1RAPL2",0.0578000821859251,3.00045914114738,0.491049327545011,0.484444830517743,0.776186004928958,0.776186004928958,"social_isolation_avg"
"5746","TNIP1","Exc L4-5 RORB IL1RAPL2",0.00366070833367572,4.28892977720651,0.0141187143887467,0.905560501390737,0.978815281145674,0.978815281145674,"social_isolation_avg"
"5747","ANXA6","Exc L4-5 RORB IL1RAPL2",-0.0654374290052089,6.33103373019324,6.23630261484208,0.0134944379353009,0.117176805954029,0.117176805954029,"social_isolation_avg"
"5748","CCDC69","Exc L4-5 RORB IL1RAPL2",-0.0575686550696856,2.46978802436246,1.0546820779268,0.305931700062546,0.636430640810981,0.636430640810981,"social_isolation_avg"
"5749","GM2A","Exc L4-5 RORB IL1RAPL2",-0.0534374341482525,1.8415700286489,0.689520967377062,0.452013895432212,0.752269761234311,0.752269761234311,"social_isolation_avg"
"5750","SLC36A1","Exc L4-5 RORB IL1RAPL2",-0.0187713566265138,6.00565129365155,0.376918004582326,0.540101302427787,0.812231575248533,0.812231575248533,"social_isolation_avg"
"5751","FAT2","Exc L4-5 RORB IL1RAPL2",-0.11152297448769,1.29446903811456,1.35338773336754,0.246363340627282,0.572307031063081,0.572307031063081,"social_isolation_avg"
"5752","AC011337.1","Exc L4-5 RORB IL1RAPL2",-0.0647740058733682,1.16551613448067,0.622935019662821,0.431089330879238,0.736336093962464,0.736336093962464,"social_isolation_avg"
"5753","AC011374.1","Exc L4-5 RORB IL1RAPL2",0.0446964608744603,1.99936507847671,0.333410665032095,0.564443283833876,0.826725939162625,0.826725939162625,"social_isolation_avg"
"5754","SPARC","Exc L4-5 RORB IL1RAPL2",-0.172025646615769,2.12014251954876,4.00094124571489,0.0471123388802198,0.244088872933362,0.244088872933362,"social_isolation_avg"
"5755","CLMAT3","Exc L4-5 RORB IL1RAPL2",0.149429063351876,-0.13670825836551,1.3435920872609,0.248073226246529,0.574094118616753,0.574094118616753,"social_isolation_avg"
"5756","AC011374.2","Exc L4-5 RORB IL1RAPL2",0.124847915377025,0.502303616691715,2.12355663456498,0.146946475083079,0.442792022748905,0.442792022748905,"social_isolation_avg"
"5757","ATOX1","Exc L4-5 RORB IL1RAPL2",-0.0836937770653931,3.84933940851898,5.79121867539632,0.0172089569514359,0.136011142221436,0.136011142221436,"social_isolation_avg"
"5758","AC091982.1","Exc L4-5 RORB IL1RAPL2",-0.0251199042368763,-0.248270573317785,0.0314435856164746,0.859471477421038,0.964243395716678,0.964243395716678,"social_isolation_avg"
"5759","G3BP1","Exc L4-5 RORB IL1RAPL2",-0.0201055199613711,5.38803810319043,0.823675105886407,0.365429037844797,0.684108323445275,0.684108323445275,"social_isolation_avg"
"5760","GLRA1","Exc L4-5 RORB IL1RAPL2",0.179751516756566,1.41521176491132,4.99714339455772,0.026728478361235,0.175175211948139,0.175175211948139,"social_isolation_avg"
"5761","LINC01933","Exc L4-5 RORB IL1RAPL2",0.227925579971526,2.89748432906747,14.086853598645,0.000241362406740325,0.00961435389038673,0.00961435389038673,"social_isolation_avg"
"5762","LINC01470","Exc L4-5 RORB IL1RAPL2",-0.00128339797118199,2.77884521825167,0.00061682271569947,0.980215800159494,0.997015885480877,0.997015885480877,"social_isolation_avg"
"5763","GRIA1","Exc L4-5 RORB IL1RAPL2",0.0169850203437332,8.87169692254642,0.901383077462163,0.343797155998169,0.666667144114984,0.666667144114984,"social_isolation_avg"
"5764","FAM114A2","Exc L4-5 RORB IL1RAPL2",-0.0627479173119991,3.92143531896519,2.16733531654772,0.1428717438333,0.436716682563793,0.436716682563793,"social_isolation_avg"
"5765","MFAP3","Exc L4-5 RORB IL1RAPL2",0.0866458906865332,5.76270442533346,12.006022852839,0.000675588953907433,0.0182611694241179,0.0182611694241179,"social_isolation_avg"
"5766","GALNT10","Exc L4-5 RORB IL1RAPL2",0.176710459790641,3.76452510108269,12.6054930731724,0.000501117758534592,0.0151706385747728,0.0151706385747728,"social_isolation_avg"
"5767","SAP30L-AS1","Exc L4-5 RORB IL1RAPL2",0.0851723831537484,2.44868390266536,2.63304253488794,0.106566668506852,0.37745187847588,0.37745187847588,"social_isolation_avg"
"5768","SAP30L","Exc L4-5 RORB IL1RAPL2",-0.0392680054650732,4.03202528386357,1.35093415623321,0.246790260314384,0.572739916607345,0.572739916607345,"social_isolation_avg"
"5769","LARP1","Exc L4-5 RORB IL1RAPL2",0.00321433066845428,7.38549387151998,0.0430562854062317,0.835874743271467,0.956824497333631,0.956824497333631,"social_isolation_avg"
"5770","FAXDC2","Exc L4-5 RORB IL1RAPL2",0.068049219854482,4.69273204280344,1.39156107630613,0.239836636585299,0.563860462329826,0.563860462329826,"social_isolation_avg"
"5771","CNOT8","Exc L4-5 RORB IL1RAPL2",-0.0209506539588755,4.45618289679858,0.560177738168211,0.455252254585968,0.753615740071838,0.753615740071838,"social_isolation_avg"
"5772","GEMIN5","Exc L4-5 RORB IL1RAPL2",0.0096441036565365,4.70137604337436,0.156660529971826,0.692760278780804,0.895325239448382,0.895325239448382,"social_isolation_avg"
"5773","MRPL22","Exc L4-5 RORB IL1RAPL2",-0.0468951164523901,3.94858351509452,2.85687641977381,0.0928689649771836,0.352987883956065,0.352987883956065,"social_isolation_avg"
"5774","KIF4B","Exc L4-5 RORB IL1RAPL2",0.200039181665698,0.359311893442685,3.47485301596596,0.0640816431605483,0.288073785536116,0.288073785536116,"social_isolation_avg"
"5775","SGCD","Exc L4-5 RORB IL1RAPL2",-0.121352074835554,5.18883112530398,0.980418969716239,0.323542592797064,0.651170785768756,0.651170785768756,"social_isolation_avg"
"5776","PPP1R2B","Exc L4-5 RORB IL1RAPL2",-0.0218631944494606,-0.37955047607014,0.0156863951531991,0.90048151706612,0.977983269767924,0.977983269767924,"social_isolation_avg"
"5777","TIMD4","Exc L4-5 RORB IL1RAPL2",0.114985489626468,-0.484993593270915,0.476193130220412,0.491119474349066,0.78089037011468,0.78089037011468,"social_isolation_avg"
"5778","HAVCR1","Exc L4-5 RORB IL1RAPL2",0.14969542395433,0.0901588983045609,1.29626444986846,0.256544102196978,0.584780894098397,0.584780894098397,"social_isolation_avg"
"5779","HAVCR2","Exc L4-5 RORB IL1RAPL2",-0.00473559417671522,4.59147891727945,0.0172673768084569,0.895614424927075,0.976203729134465,0.976203729134465,"social_isolation_avg"
"5780","MED7","Exc L4-5 RORB IL1RAPL2",0.0274321206087298,-0.172566353987794,0.0442570856911278,0.833635129199955,0.956615580316548,0.956615580316548,"social_isolation_avg"
"5781","ITK","Exc L4-5 RORB IL1RAPL2",0.0699982555224394,-0.0499259159810115,0.359386455638555,0.63923142212393,0.867293779059998,0.867293779059998,"social_isolation_avg"
"5782","AC010609.1","Exc L4-5 RORB IL1RAPL2",-0.0850961397649517,0.0568177610127756,0.330994524290634,0.565856388718654,0.827204067331563,0.827204067331563,"social_isolation_avg"
"5783","AC009185.1","Exc L4-5 RORB IL1RAPL2",-0.119132878524145,1.06617196662344,1.72988110893624,0.190247636623122,0.500953822055531,0.500953822055531,"social_isolation_avg"
"5784","CYFIP2","Exc L4-5 RORB IL1RAPL2",-0.0342052848282076,7.77046646728675,5.90876873326294,0.0161347593408495,0.130032167923573,0.130032167923573,"social_isolation_avg"
"5785","FNDC9","Exc L4-5 RORB IL1RAPL2",0.0105204979045889,1.45106439158477,0.0176899010850456,0.894352478498287,0.97561506172765,0.97561506172765,"social_isolation_avg"
"5786","AC008676.1","Exc L4-5 RORB IL1RAPL2",0.0743549280688702,-0.0584315530684315,0.331888111692323,0.565332965976325,0.826991879144998,0.826991879144998,"social_isolation_avg"
"5787","ADAM19","Exc L4-5 RORB IL1RAPL2",0.085111969972357,5.56216060728225,11.5187087902373,0.000862510137372986,0.021501389076725,0.021501389076725,"social_isolation_avg"
"5788","SOX30","Exc L4-5 RORB IL1RAPL2",-0.216979861299934,-0.064337540108726,1.92185745617281,0.167519122791843,0.471040172736581,0.471040172736581,"social_isolation_avg"
"5789","THG1L","Exc L4-5 RORB IL1RAPL2",-0.0772210857682879,1.92932067148178,1.39017462377788,0.24006994816309,0.564198669630335,0.564198669630335,"social_isolation_avg"
"5790","LSM11","Exc L4-5 RORB IL1RAPL2",0.00910971618814852,5.02411966721307,0.136588178109354,0.712169701395882,0.905453764286485,0.905453764286485,"social_isolation_avg"
"5791","CLINT1","Exc L4-5 RORB IL1RAPL2",0.0075579767436565,5.46618396983539,0.137911514276802,0.710841702913893,0.904975073051627,0.904975073051627,"social_isolation_avg"
"5792","AC091939.1","Exc L4-5 RORB IL1RAPL2",0.0281383468063272,-0.0844403917117236,0.0358791562340649,0.849997652929255,0.961873912835597,0.961873912835597,"social_isolation_avg"
"5793","RNF145","Exc L4-5 RORB IL1RAPL2",0.0169069907643285,6.34228784881413,0.749255105539144,0.387966737921097,0.703673183301867,0.703673183301867,"social_isolation_avg"
"5794","UBLCP1","Exc L4-5 RORB IL1RAPL2",-0.0315667058721175,5.00127502782932,1.38620159357362,0.240740068375154,0.565260428265153,0.565260428265153,"social_isolation_avg"
"5795","AC008691.1","Exc L4-5 RORB IL1RAPL2",-0.0773272555831699,4.983248405581,2.30818459121899,0.130604686110291,0.41609214781829,0.41609214781829,"social_isolation_avg"
"5796","LINC01847","Exc L4-5 RORB IL1RAPL2",0.0769345758553754,0.679962679538455,0.693364352088554,0.474474610398768,0.76859408924604,0.76859408924604,"social_isolation_avg"
"5797","ADRA1B","Exc L4-5 RORB IL1RAPL2",0.0163472363601204,3.22316111190768,0.0598480527614318,0.807039679092572,0.947357772364077,0.947357772364077,"social_isolation_avg"
"5798","TTC1","Exc L4-5 RORB IL1RAPL2",-0.013892274671349,6.25714117567717,0.588513298483872,0.444088937374634,0.745684417435317,0.745684417435317,"social_isolation_avg"
"5799","PWWP2A","Exc L4-5 RORB IL1RAPL2",-0.00589158290351996,5.67384757463321,0.0818554768122479,0.775156743516335,0.934723137089578,0.934723137089578,"social_isolation_avg"
"5800","FABP6","Exc L4-5 RORB IL1RAPL2",-0.15048711440134,1.34181778106406,3.77777057163763,0.0536361323169238,0.262686112947481,0.262686112947481,"social_isolation_avg"
"5801","CCNJL","Exc L4-5 RORB IL1RAPL2",-0.0940891050327432,1.74657332643904,1.16461345863057,0.282082993767476,0.61341296153194,0.61341296153194,"social_isolation_avg"
"5802","C1QTNF2","Exc L4-5 RORB IL1RAPL2",0.0800748079422692,0.805763510553161,0.780444226240369,0.378288361582765,0.696802851466931,0.696802851466931,"social_isolation_avg"
"5803","ZBED8","Exc L4-5 RORB IL1RAPL2",-0.110162308730781,2.64928210585945,5.34989550365941,0.0219558055444105,0.156410315024771,0.156410315024771,"social_isolation_avg"
"5804","SLU7","Exc L4-5 RORB IL1RAPL2",-0.0801729282916336,5.24499023839747,11.6853288728866,0.000793286117598333,0.0205051456708717,0.0205051456708717,"social_isolation_avg"
"5805","PTTG1","Exc L4-5 RORB IL1RAPL2",-0.216609896917217,2.12573558689863,11.3357706756952,0.000945658597748417,0.0228133650629729,0.0228133650629729,"social_isolation_avg"
"5806","MIR3142HG","Exc L4-5 RORB IL1RAPL2",-0.00638876371934886,0.41951658438956,0.00413180518334178,0.948825648205616,0.988853552742656,0.988853552742656,"social_isolation_avg"
"5807","AC008456.1","Exc L4-5 RORB IL1RAPL2",-0.114156251137204,0.118168548267845,0.788456869722986,0.375857376544065,0.694899103145422,0.694899103145422,"social_isolation_avg"
"5808","GABRB2","Exc L4-5 RORB IL1RAPL2",-0.00266383737106617,9.48030797029969,0.0318483754850111,0.858579378311168,0.964243395716678,0.964243395716678,"social_isolation_avg"
"5809","GABRA6","Exc L4-5 RORB IL1RAPL2",0.0703007828148567,4.48353121336918,3.84110882846305,0.0516918884282638,0.256940107109478,0.256940107109478,"social_isolation_avg"
"5810","GABRA1","Exc L4-5 RORB IL1RAPL2",-0.0995878684016799,7.90395303021743,25.8490822655678,9.91262139209733e-07,0.000367758253646811,0.000367758253646811,"social_isolation_avg"
"5811","LINC01202","Exc L4-5 RORB IL1RAPL2",-0.00746667390127222,5.62442772515754,0.0241590902439112,0.876670444324489,0.970772113663979,0.970772113663979,"social_isolation_avg"
"5812","GABRG2","Exc L4-5 RORB IL1RAPL2",-0.0538396372591402,8.18170292472649,12.0186188600269,0.000671348408016126,0.0182246531249256,0.0182246531249256,"social_isolation_avg"
"5813","AC113414.1","Exc L4-5 RORB IL1RAPL2",0.00806740909766918,4.65667806294006,0.0362949876993573,0.84914137677866,0.961873912835597,0.961873912835597,"social_isolation_avg"
"5814","CCNG1","Exc L4-5 RORB IL1RAPL2",-0.0741349198933317,3.6855194106795,3.79981579971225,0.0529507051356052,0.260838399341522,0.260838399341522,"social_isolation_avg"
"5815","NUDCD2","Exc L4-5 RORB IL1RAPL2",-0.0238580875483469,4.61025948732652,0.721239611163892,0.396965880428115,0.711187952848166,0.711187952848166,"social_isolation_avg"
"5816","HMMR","Exc L4-5 RORB IL1RAPL2",0.0512355891338233,0.776266804313032,0.311274952992463,0.73470840814403,0.91516949422438,0.91516949422438,"social_isolation_avg"
"5817","MAT2B","Exc L4-5 RORB IL1RAPL2",-0.0449698573345184,4.91443131800574,1.55177068200336,0.214637029844988,0.533898771486823,0.533898771486823,"social_isolation_avg"
"5818","AC008662.1","Exc L4-5 RORB IL1RAPL2",0.183670623389928,0.820425313385795,3.09474713661879,0.080395554704719,0.325452351426613,0.325452351426613,"social_isolation_avg"
"5819","AC109466.1","Exc L4-5 RORB IL1RAPL2",0.0380873855970887,10.5313854804861,1.16278890689412,0.282458966383386,0.61379183088738,0.61379183088738,"social_isolation_avg"
"5820","LINC02143","Exc L4-5 RORB IL1RAPL2",0.0448780121891503,3.27267498659341,0.350431129098405,0.554677990961263,0.819798646069212,0.819798646069212,"social_isolation_avg"
"5821","LINC01938","Exc L4-5 RORB IL1RAPL2",0.115077013157478,0.255142957850644,0.850936579512271,0.357632003370669,0.677632398818019,0.677632398818019,"social_isolation_avg"
"5822","AC008415.1","Exc L4-5 RORB IL1RAPL2",0.0391822089893283,9.48161457320817,1.1764875664495,0.279651663744773,0.610806800258488,0.610806800258488,"social_isolation_avg"
"5823","AC114321.1","Exc L4-5 RORB IL1RAPL2",0.0995074565604627,4.57189296752978,4.49075979111263,0.0355723646440558,0.2067152062132,0.2067152062132,"social_isolation_avg"
"5824","LINC01947","Exc L4-5 RORB IL1RAPL2",0.146882126976824,1.37406888587724,2.79988442205029,0.153045193495603,0.45161698473648,0.45161698473648,"social_isolation_avg"
"5825","TENM2","Exc L4-5 RORB IL1RAPL2",0.00650173690899354,10.5917156417048,0.103454798674216,0.748128851818278,0.921992184280182,0.921992184280182,"social_isolation_avg"
"5826","AC091820.2","Exc L4-5 RORB IL1RAPL2",0.191828420020105,0.113182911817452,1.92652136222416,0.167007503342221,0.470931292211351,0.470931292211351,"social_isolation_avg"
"5827","AC008708.2","Exc L4-5 RORB IL1RAPL2",-0.109073567213854,0.992703626777944,1.63127475099302,0.203317921767979,0.519440777446927,0.519440777446927,"social_isolation_avg"
"5828","AC011369.1","Exc L4-5 RORB IL1RAPL2",0.0324971775323189,2.42002404683203,0.272625010109255,0.903536669059719,0.978393297244221,0.978393297244221,"social_isolation_avg"
"5829","WWC1","Exc L4-5 RORB IL1RAPL2",0.0182061600016815,5.71502303182452,0.586981669021399,0.444681370825541,0.746104124979166,0.746104124979166,"social_isolation_avg"
"5830","RARS","Exc L4-5 RORB IL1RAPL2",0.0507688593775034,5.47613726637092,3.1828852276874,0.0762477154502839,0.316933880499741,0.316933880499741,"social_isolation_avg"
"5831","FBLL1","Exc L4-5 RORB IL1RAPL2",-0.025521096960801,4.24427014986583,0.464119763216117,0.496658174516533,0.784544107532753,0.784544107532753,"social_isolation_avg"
"5832","PANK3","Exc L4-5 RORB IL1RAPL2",0.00144789486787064,5.7373728877781,0.00511325092700793,0.943080698554954,0.987984052456339,0.987984052456339,"social_isolation_avg"
"5833","SLIT3","Exc L4-5 RORB IL1RAPL2",0.061050873495654,8.40776593540293,2.76079002845226,0.0984959234786372,0.363576850189451,0.363576850189451,"social_isolation_avg"
"5834","AC011389.1","Exc L4-5 RORB IL1RAPL2",0.115516458197499,0.747109906785818,1.35019160825917,0.246919642342474,0.572825717602006,0.572825717602006,"social_isolation_avg"
"5835","SPDL1","Exc L4-5 RORB IL1RAPL2",-0.0508446248015938,3.06444854733118,1.40912465885848,0.238745185261464,0.562759055808341,0.562759055808341,"social_isolation_avg"
"5836","DOCK2","Exc L4-5 RORB IL1RAPL2",-0.808266287496184,-0.848354105310966,7.3998017657701,0.00722095152482783,0.0819601822443116,0.0819601822443116,"social_isolation_avg"
"5837","FAM196B","Exc L4-5 RORB IL1RAPL2",-0.402521018559592,-0.0351661957977322,1.96685194140666,0.162657694882699,0.465604575624138,0.465604575624138,"social_isolation_avg"
"5838","RANBP17","Exc L4-5 RORB IL1RAPL2",0.0897468759946491,6.70175116721722,4.75753828943217,0.0305828569456262,0.19034810403559,0.19034810403559,"social_isolation_avg"
"5839","NPM1","Exc L4-5 RORB IL1RAPL2",-0.0940861406996027,4.37783261191656,8.81161672987007,0.00343825109734841,0.0520857878406158,0.0520857878406158,"social_isolation_avg"
"5840","FGF18","Exc L4-5 RORB IL1RAPL2",0.0306756687877992,0.326404172657817,0.0729127972272081,0.854315431160911,0.962703923225297,0.962703923225297,"social_isolation_avg"
"5841","FBXW11","Exc L4-5 RORB IL1RAPL2",-0.00143367047300127,6.7178494296063,0.00969429397781921,0.939544368432149,0.987767273530547,0.987767273530547,"social_isolation_avg"
"5842","STK10","Exc L4-5 RORB IL1RAPL2",-0.00715972714286265,3.4384289796391,0.033703038286836,0.854564918649266,0.962722785572292,0.962722785572292,"social_isolation_avg"
"5843","UBTD2","Exc L4-5 RORB IL1RAPL2",0.0194841727915034,4.19873176666386,0.343636076953668,0.55853750901223,0.822421513987292,0.822421513987292,"social_isolation_avg"
"5844","SH3PXD2B","Exc L4-5 RORB IL1RAPL2",-0.0390074948468245,3.93711887099629,0.73267203057885,0.393257538983399,0.708340088450894,0.708340088450894,"social_isolation_avg"
"5845","NEURL1B","Exc L4-5 RORB IL1RAPL2",-0.0103805317669872,3.15680977698097,0.0273014290094769,0.8689637208712,0.967441402840039,0.967441402840039,"social_isolation_avg"
"5846","AC022217.3","Exc L4-5 RORB IL1RAPL2",-0.0184394923679284,-0.150060849366952,0.0198420808788106,0.896404302159489,0.976389718563105,0.976389718563105,"social_isolation_avg"
"5847","DUSP1","Exc L4-5 RORB IL1RAPL2",-0.0806102629133537,3.03401274281277,1.38979174712367,0.240134427409658,0.564280116867627,0.564280116867627,"social_isolation_avg"
"5848","ERGIC1","Exc L4-5 RORB IL1RAPL2",-0.0184238892035779,5.8464080132382,0.696907230632884,0.405029777336321,0.716775202157469,0.716775202157469,"social_isolation_avg"
"5849","RPL26L1","Exc L4-5 RORB IL1RAPL2",-0.0466043102549864,2.41599581457109,0.73698041746495,0.391873012284262,0.707096124407937,0.707096124407937,"social_isolation_avg"
"5850","ATP6V0E1","Exc L4-5 RORB IL1RAPL2",0.0390369402932187,5.16141760820471,3.54528101766436,0.0614719066365486,0.2819660473867,0.2819660473867,"social_isolation_avg"
"5851","CREBRF","Exc L4-5 RORB IL1RAPL2",-0.0233967083542922,6.73608571520102,1.73672809346353,0.189377418702591,0.4998315629615,0.4998315629615,"social_isolation_avg"
"5852","BNIP1","Exc L4-5 RORB IL1RAPL2",0.0291914918632642,2.40402075680116,0.331546601696735,0.565532895949322,0.826991879144998,0.826991879144998,"social_isolation_avg"
"5853","BOD1","Exc L4-5 RORB IL1RAPL2",-0.0616510430144283,3.49492408735461,2.84389749989929,0.0961642752298758,0.359109444737654,0.359109444737654,"social_isolation_avg"
"5854","LINC01484","Exc L4-5 RORB IL1RAPL2",-0.4989682819247,0.121206521326724,8.07646638923659,0.00504946745637283,0.0657706342762847,0.0657706342762847,"social_isolation_avg"
"5855","LINC01485","Exc L4-5 RORB IL1RAPL2",-0.397102690052776,-0.599949300832534,5.15327269849949,0.0244942982941153,0.16642703830904,0.16642703830904,"social_isolation_avg"
"5856","CPEB4","Exc L4-5 RORB IL1RAPL2",0.0254091928229443,7.74237541142683,2.32226285526545,0.129445290869136,0.41436439491,0.41436439491,"social_isolation_avg"
"5857","C5orf47","Exc L4-5 RORB IL1RAPL2",0.160419375365036,0.412560936952233,2.16867115460129,0.142749442215217,0.436716682563793,0.436716682563793,"social_isolation_avg"
"5858","NSG2","Exc L4-5 RORB IL1RAPL2",-0.0403508947348783,6.83621697816085,3.08624194018959,0.0808086078095045,0.326476642196145,0.326476642196145,"social_isolation_avg"
"5859","LINC01411","Exc L4-5 RORB IL1RAPL2",0.156896568498988,1.90209439394258,1.0907620853713,0.297827357015114,0.628717106112126,0.628717106112126,"social_isolation_avg"
"5860","AC113346.2","Exc L4-5 RORB IL1RAPL2",-0.012495668693948,2.22076685100023,0.0266953898688387,0.870413140581659,0.96797267150262,0.96797267150262,"social_isolation_avg"
"5861","LINC01951","Exc L4-5 RORB IL1RAPL2",0.0656368044823414,3.72204160858427,1.33842324343699,0.248981372297021,0.575070379056634,0.575070379056634,"social_isolation_avg"
"5862","DRD1","Exc L4-5 RORB IL1RAPL2",-0.0124810054988721,4.39720807780749,0.0843110847932967,0.771901960039836,0.932678776012287,0.932678776012287,"social_isolation_avg"
"5863","SFXN1","Exc L4-5 RORB IL1RAPL2",0.0210770143685249,6.35729071586019,1.70408154817571,0.193569132529443,0.50580328084375,0.50580328084375,"social_isolation_avg"
"5864","HRH2","Exc L4-5 RORB IL1RAPL2",-0.0342886904583727,5.92274733686983,1.6631604346423,0.198978645992743,0.513513423064543,0.513513423064543,"social_isolation_avg"
"5865","CPLX2","Exc L4-5 RORB IL1RAPL2",-0.0485574312609777,7.03839223249618,2.28982189540227,0.132134511411373,0.418219653799698,0.418219653799698,"social_isolation_avg"
"5866","THOC3","Exc L4-5 RORB IL1RAPL2",0.00223049585841309,5.01361222245721,0.0050668440031188,0.94333914125449,0.987984052456339,0.987984052456339,"social_isolation_avg"
"5867","AC139491.1","Exc L4-5 RORB IL1RAPL2",-0.0364332248050786,2.03474130434222,0.197128447623989,0.657629410473593,0.877503954553657,0.877503954553657,"social_isolation_avg"
"5868","FAM153B","Exc L4-5 RORB IL1RAPL2",0.0629366258308774,5.84969174682605,0.515016434898489,0.473988282438718,0.768243353931564,0.768243353931564,"social_isolation_avg"
"5869","AC139491.7","Exc L4-5 RORB IL1RAPL2",-0.023965818533775,6.04411737687726,0.389794915168402,0.53326797730282,0.809278084207705,0.809278084207705,"social_isolation_avg"
"5870","AC139491.4","Exc L4-5 RORB IL1RAPL2",-0.0300991359867359,0.971685911324884,0.0653237040514608,0.798589044638483,0.943496928729612,0.943496928729612,"social_isolation_avg"
"5871","SIMC1","Exc L4-5 RORB IL1RAPL2",0.0582734059147519,6.80256262401291,9.69671645457538,0.0021762176254595,0.0394408177119916,0.0394408177119916,"social_isolation_avg"
"5872","KIAA1191","Exc L4-5 RORB IL1RAPL2",-0.0463478459562037,5.14478961256338,3.92372828773824,0.0492681433895346,0.249562165748296,0.249562165748296,"social_isolation_avg"
"5873","AC138956.1","Exc L4-5 RORB IL1RAPL2",0.284874879254578,0.192742605819881,4.41042570009246,0.0372379548830513,0.213185883310806,0.213185883310806,"social_isolation_avg"
"5874","ARL10","Exc L4-5 RORB IL1RAPL2",0.0133393746904279,4.90482196172954,0.242326553073105,0.623183950436005,0.858858148896471,0.858858148896471,"social_isolation_avg"
"5875","NOP16","Exc L4-5 RORB IL1RAPL2",-0.0264838246320475,1.67493668524542,0.146995705791229,0.7019157107727,0.899915107977386,0.899915107977386,"social_isolation_avg"
"5876","CLTB","Exc L4-5 RORB IL1RAPL2",-0.100323109802182,5.97706753288857,14.369587606424,0.000210196783096826,0.0090023662764696,0.0090023662764696,"social_isolation_avg"
"5877","FAF2","Exc L4-5 RORB IL1RAPL2",0.0122745718037675,5.61087169826249,0.57344236234403,0.449972345548153,0.750720990222784,0.750720990222784,"social_isolation_avg"
"5878","RNF44","Exc L4-5 RORB IL1RAPL2",-0.00793380990241046,4.4930144217676,0.0768168217897356,0.782004722183781,0.937305926038218,0.937305926038218,"social_isolation_avg"
"5879","CDHR2","Exc L4-5 RORB IL1RAPL2",0.0885103642274326,2.96333459217098,3.83413282553018,0.0519022871092842,0.257472124954086,0.257472124954086,"social_isolation_avg"
"5880","GPRIN1","Exc L4-5 RORB IL1RAPL2",-0.0444607765071744,4.23172246141957,1.792219153126,0.18249428709969,0.489071684994218,0.489071684994218,"social_isolation_avg"
"5881","SNCB","Exc L4-5 RORB IL1RAPL2",-0.0935022529030218,7.1256032424152,8.36022862573233,0.00435111712508728,0.0603094234426047,0.0603094234426047,"social_isolation_avg"
"5882","EIF4E1B","Exc L4-5 RORB IL1RAPL2",0.016512162736466,4.72218845168077,0.219370161993432,0.640137272917988,0.867500167660883,0.867500167660883,"social_isolation_avg"
"5883","TSPAN17","Exc L4-5 RORB IL1RAPL2",-0.108127668547754,3.35912082168776,6.27792670953715,0.0131926350800433,0.115645571068201,0.115645571068201,"social_isolation_avg"
"5884","AC113391.2","Exc L4-5 RORB IL1RAPL2",-0.0470276762228033,-0.621755738281226,0.0622679805230278,0.803256384326922,0.945168418444318,0.945168418444318,"social_isolation_avg"
"5885","LINC01574","Exc L4-5 RORB IL1RAPL2",-0.114109838322637,0.98575450211986,1.52379185462206,0.218798588665244,0.539118126857024,0.539118126857024,"social_isolation_avg"
"5886","UNC5A","Exc L4-5 RORB IL1RAPL2",-0.00465488581298535,6.50321498906257,0.034999281503355,0.85182659234399,0.962012154350376,0.962012154350376,"social_isolation_avg"
"5887","HK3","Exc L4-5 RORB IL1RAPL2",0.0151255441092351,0.123585813675903,0.0159482292330157,0.901955338771092,0.978236849856915,0.978236849856915,"social_isolation_avg"
"5888","UIMC1","Exc L4-5 RORB IL1RAPL2",0.0329137543955126,5.99630597647734,3.83026132044634,0.0520194475671678,0.257794648354736,0.257794648354736,"social_isolation_avg"
"5889","ZNF346","Exc L4-5 RORB IL1RAPL2",0.0442648848270007,5.89178496674574,5.63141654213754,0.018790203681584,0.143300864110944,0.143300864110944,"social_isolation_avg"
"5890","FGFR4","Exc L4-5 RORB IL1RAPL2",-0.174144324994949,0.85366500853425,3.87548308509333,0.0506683653556388,0.253891986465583,0.253891986465583,"social_isolation_avg"
"5891","NSD1","Exc L4-5 RORB IL1RAPL2",0.0227452633086995,7.2245792415501,2.33824369814042,0.128143204644636,0.412051928879028,0.412051928879028,"social_isolation_avg"
"5892","RAB24","Exc L4-5 RORB IL1RAPL2",-0.0430352314436054,2.43641340969433,0.442435894726953,0.506876093103257,0.791481308736793,0.791481308736793,"social_isolation_avg"
"5893","MXD3","Exc L4-5 RORB IL1RAPL2",0.0565651029376516,1.93458943376489,0.564650374871782,0.453461099873931,0.752923518252999,0.752923518252999,"social_isolation_avg"
"5894","PRELID1","Exc L4-5 RORB IL1RAPL2",-0.135542942087236,4.25469073191102,13.4778704457083,0.000325494227876676,0.0115795837304655,0.0115795837304655,"social_isolation_avg"
"5895","LMAN2","Exc L4-5 RORB IL1RAPL2",-0.0726878721105037,3.66234178993357,6.88264352540023,0.00951819868573194,0.0961013006044472,0.0961013006044472,"social_isolation_avg"
"5896","RGS14","Exc L4-5 RORB IL1RAPL2",-0.085968556103456,2.91725244171002,1.99760285780858,0.159428583086638,0.460381571990379,0.460381571990379,"social_isolation_avg"
"5897","F12","Exc L4-5 RORB IL1RAPL2",-0.105319689268045,2.35568297809675,3.22299255416063,0.0744376583759097,0.312499430692387,0.312499430692387,"social_isolation_avg"
"5898","GRK6","Exc L4-5 RORB IL1RAPL2",-0.0181172960840764,4.32494423835801,0.352229316506468,0.553665105335445,0.819033107829585,0.819033107829585,"social_isolation_avg"
"5899","PRR7-AS1","Exc L4-5 RORB IL1RAPL2",-0.175657051727594,0.165167151173138,2.39701052534924,0.142843848157275,0.436716682563793,0.436716682563793,"social_isolation_avg"
"5900","PRR7","Exc L4-5 RORB IL1RAPL2",-0.0830378747608504,3.51435593876839,5.06519215361477,0.0257295107553073,0.171357998240468,0.171357998240468,"social_isolation_avg"
"5901","DBN1","Exc L4-5 RORB IL1RAPL2",-0.0742654078824686,4.68645473345325,6.08629259126474,0.0146429902000155,0.122592928130307,0.122592928130307,"social_isolation_avg"
"5902","PDLIM7","Exc L4-5 RORB IL1RAPL2",0.0761319098046908,4.08601349687625,3.46847070380472,0.0643239664032928,0.288748224986169,0.288748224986169,"social_isolation_avg"
"5903","DOK3","Exc L4-5 RORB IL1RAPL2",-0.0159778654145743,2.34395081589407,0.0645462831870683,0.799765266050962,0.943825771780094,0.943825771780094,"social_isolation_avg"
"5904","DDX41","Exc L4-5 RORB IL1RAPL2",0.0230861638988371,3.56482116331589,0.400691359458294,0.527607183415164,0.805949343155566,0.805949343155566,"social_isolation_avg"
"5905","FAM193B","Exc L4-5 RORB IL1RAPL2",0.0396570065573474,5.82785854895213,4.61554005288136,0.0331394907735703,0.198811335255336,0.198811335255336,"social_isolation_avg"
"5906","AC139795.3","Exc L4-5 RORB IL1RAPL2",-0.0238968960165589,0.687119492646558,0.0562459616512484,0.939219256574275,0.987766326490576,0.987766326490576,"social_isolation_avg"
"5907","TMED9","Exc L4-5 RORB IL1RAPL2",-0.0691354632334582,3.78615791399874,4.31677990403174,0.0392842595307415,0.219526565191545,0.219526565191545,"social_isolation_avg"
"5908","B4GALT7","Exc L4-5 RORB IL1RAPL2",-0.0914018668021715,2.75215682175458,3.85672726617422,0.0512241261254286,0.255526414558195,0.255526414558195,"social_isolation_avg"
"5909","AC139795.2","Exc L4-5 RORB IL1RAPL2",0.0536034052401598,1.41755644380869,0.515400275972187,0.667983375461421,0.883098002651187,0.883098002651187,"social_isolation_avg"
"5910","AC138819.1","Exc L4-5 RORB IL1RAPL2",0.0538443387137937,1.27884549439956,0.397857023232516,0.870926819615621,0.968185596929022,0.968185596929022,"social_isolation_avg"
"5911","FAM153A","Exc L4-5 RORB IL1RAPL2",-0.0793968848439548,6.48849794751198,2.59479101117953,0.109123487166613,0.382144271826666,0.382144271826666,"social_isolation_avg"
"5912","AC140125.2","Exc L4-5 RORB IL1RAPL2",-0.180614879352393,1.94945871836088,3.07025957761479,0.0815910493844642,0.328255208463416,0.328255208463416,"social_isolation_avg"
"5913","AC106795.3","Exc L4-5 RORB IL1RAPL2",-0.010961784001596,3.78598712379894,0.055995220688994,0.81323443183696,0.950559079342002,0.950559079342002,"social_isolation_avg"
"5914","FAM153C","Exc L4-5 RORB IL1RAPL2",0.0301426085745714,6.16356315144713,0.278778268091138,0.598211186861757,0.845250830155426,0.845250830155426,"social_isolation_avg"
"5915","N4BP3","Exc L4-5 RORB IL1RAPL2",-0.0904476643856275,2.41466344403561,2.1964974184799,0.140228617808654,0.432974164092289,0.432974164092289,"social_isolation_avg"
"5916","RMND5B","Exc L4-5 RORB IL1RAPL2",0.0274085094206598,4.78893716444736,1.0831212691554,0.299520190787983,0.630579483140825,0.630579483140825,"social_isolation_avg"
"5917","NHP2","Exc L4-5 RORB IL1RAPL2",-0.156348251113198,3.91875581195312,16.1952797441483,8.6809460136832e-05,0.00519785378243354,0.00519785378243354,"social_isolation_avg"
"5918","HNRNPAB","Exc L4-5 RORB IL1RAPL2",-0.136081344468199,3.48308129371985,10.4802164888732,0.00145807668504356,0.030184101704277,0.030184101704277,"social_isolation_avg"
"5919","PHYKPL","Exc L4-5 RORB IL1RAPL2",-0.033933280650374,5.1693176037078,1.31070937901559,0.253921240883225,0.581722218035053,0.581722218035053,"social_isolation_avg"
"5920","COL23A1","Exc L4-5 RORB IL1RAPL2",0.0335417564527988,5.89000027379201,0.886779210215496,0.347725811541651,0.670245940088287,0.670245940088287,"social_isolation_avg"
"5921","CLK4","Exc L4-5 RORB IL1RAPL2",-0.00385645583822308,5.40107133690098,0.0217056887703595,0.883052280265609,0.973162804758901,0.973162804758901,"social_isolation_avg"
"5922","ZNF354A","Exc L4-5 RORB IL1RAPL2",-0.0298370937805779,4.4381374800599,0.61128142508043,0.435424209360787,0.739912252318861,0.739912252318861,"social_isolation_avg"
"5923","ZNF354B","Exc L4-5 RORB IL1RAPL2",0.0502152455471625,3.83020050848257,1.81584455709124,0.179652819722517,0.486451935285231,0.486451935285231,"social_isolation_avg"
"5924","ZFP2","Exc L4-5 RORB IL1RAPL2",0.0145904927308152,3.89094543917117,0.135244287732184,0.713525835636365,0.906082035978232,0.906082035978232,"social_isolation_avg"
"5925","ZNF454","Exc L4-5 RORB IL1RAPL2",-0.0499472537048371,3.45449782568858,1.49564033144317,0.425713647731841,0.731933478303877,0.731933478303877,"social_isolation_avg"
"5926","AC104117.3","Exc L4-5 RORB IL1RAPL2",0.0777839710624109,3.7476112356147,5.41057400177942,0.0212292589343941,0.153488272180997,0.153488272180997,"social_isolation_avg"
"5927","GRM6","Exc L4-5 RORB IL1RAPL2",0.106432217952937,-0.221770568034699,0.53205770276134,0.466775372358378,0.762550234881097,0.762550234881097,"social_isolation_avg"
"5928","ZNF879","Exc L4-5 RORB IL1RAPL2",0.0261340672707135,1.66701189031843,0.168629854494077,0.681864197816863,0.88902649441103,0.88902649441103,"social_isolation_avg"
"5929","ZNF354C","Exc L4-5 RORB IL1RAPL2",-0.107829280032353,2.59715659979749,2.41677094464458,0.121954697119574,0.401584549982504,0.401584549982504,"social_isolation_avg"
"5930","ADAMTS2","Exc L4-5 RORB IL1RAPL2",0.251711943657844,5.21029443822978,14.6472060294848,0.000183578270916896,0.00828993905493696,0.00828993905493696,"social_isolation_avg"
"5931","AC136628.4","Exc L4-5 RORB IL1RAPL2",-0.023139193089724,-0.136581110292097,0.0226373655088872,0.880587366554149,0.972403930320635,0.972403930320635,"social_isolation_avg"
"5932","RUFY1","Exc L4-5 RORB IL1RAPL2",0.0730825433051581,5.65154330449599,12.9952040584105,0.000413070162232955,0.01352197325192,0.01352197325192,"social_isolation_avg"
"5933","AC136604.2","Exc L4-5 RORB IL1RAPL2",0.09641800021345,1.9866324820945,1.67890771825566,0.19687609210158,0.510356560988354,0.510356560988354,"social_isolation_avg"
"5934","HNRNPH1","Exc L4-5 RORB IL1RAPL2",0.051484985923132,6.09374912720262,3.69053153991995,0.0564431113451678,0.269618810846231,0.269618810846231,"social_isolation_avg"
"5935","AC136604.3","Exc L4-5 RORB IL1RAPL2",0.0708057103798358,1.64307675829417,0.918442489764214,0.339283887781984,0.662975363081992,0.662975363081992,"social_isolation_avg"
"5936","CBY3","Exc L4-5 RORB IL1RAPL2",-0.105360342335396,1.27887860134238,1.63078167522406,0.203385899502254,0.5195442965414,0.5195442965414,"social_isolation_avg"
"5937","CANX","Exc L4-5 RORB IL1RAPL2",-0.0394620092842299,6.42711617485891,4.71144520826614,0.0313891648670221,0.193646686810866,0.193646686810866,"social_isolation_avg"
"5938","MAML1","Exc L4-5 RORB IL1RAPL2",0.0779952254273363,5.13209034365812,9.97003735909114,0.001891626343645,0.0360437684270968,0.0360437684270968,"social_isolation_avg"
"5939","LTC4S","Exc L4-5 RORB IL1RAPL2",0.0458476201642312,0.833156165386617,0.226359601577594,0.634864538956027,0.86562455441284,0.86562455441284,"social_isolation_avg"
"5940","MGAT4B","Exc L4-5 RORB IL1RAPL2",-0.0627630964195904,4.1482501531251,3.49265584790604,0.0634108849654978,0.28593835901625,0.28593835901625,"social_isolation_avg"
"5941","SQSTM1","Exc L4-5 RORB IL1RAPL2",-0.103426432184156,6.23285174409375,24.5631239657609,1.76751357660859e-06,0.00042839113445171,0.00042839113445171,"social_isolation_avg"
"5942","MRNIP","Exc L4-5 RORB IL1RAPL2",0.051103229619967,5.53218014545876,6.391393204566,0.0124050099593363,0.111344968425333,0.111344968425333,"social_isolation_avg"
"5943","AC008393.1","Exc L4-5 RORB IL1RAPL2",-0.0335360302087203,0.97732287676261,0.159343678159752,0.690276745311269,0.893676052256912,0.893676052256912,"social_isolation_avg"
"5944","TBC1D9B","Exc L4-5 RORB IL1RAPL2",-0.0185209395670475,5.61289581293132,0.715939646052343,0.39870225524291,0.712557416780118,0.712557416780118,"social_isolation_avg"
"5945","RNF130","Exc L4-5 RORB IL1RAPL2",0.0502841121298835,7.37841921667828,10.1476971562312,0.00172736826186565,0.0341520740676697,0.0341520740676697,"social_isolation_avg"
"5946","RASGEF1C","Exc L4-5 RORB IL1RAPL2",0.0504600267309961,4.49074467740108,1.21645729854505,0.271660194963272,0.600861473719535,0.600861473719535,"social_isolation_avg"
"5947","MAPK9","Exc L4-5 RORB IL1RAPL2",-0.022524433332779,6.57273955815518,1.53337747446441,0.217362012198525,0.537257561438053,0.537257561438053,"social_isolation_avg"
"5948","AC008610.1","Exc L4-5 RORB IL1RAPL2",0.0273315904320944,3.08006843064596,0.36804672742559,0.901719135824462,0.978205337360331,0.978205337360331,"social_isolation_avg"
"5949","GFPT2","Exc L4-5 RORB IL1RAPL2",0.020806072615701,5.72926153847728,0.510099739677598,0.476103018142961,0.769562875226042,0.769562875226042,"social_isolation_avg"
"5950","CNOT6","Exc L4-5 RORB IL1RAPL2",-0.0317271905868089,5.40055307950015,1.96458517427043,0.162898685536254,0.465984201281117,0.465984201281117,"social_isolation_avg"
"5951","MGAT1","Exc L4-5 RORB IL1RAPL2",-0.0721794475022493,4.0789321237742,4.88413410507449,0.0284784906090784,0.181734071100969,0.181734071100969,"social_isolation_avg"
"5952","LINC00847","Exc L4-5 RORB IL1RAPL2",0.0549963104385292,1.38233176807202,0.668029870850947,0.414915828098439,0.724245061504002,0.724245061504002,"social_isolation_avg"
"5953","ZFP62","Exc L4-5 RORB IL1RAPL2",-0.14777994481221,3.35893504940113,11.9820647872559,0.000683730291715431,0.0184023625171375,0.0184023625171375,"social_isolation_avg"
"5954","BTNL8","Exc L4-5 RORB IL1RAPL2",0.241573168100715,0.348346795192952,3.00176261958516,0.0850391674856575,0.335353498957092,0.335353498957092,"social_isolation_avg"
"5955","BTNL9","Exc L4-5 RORB IL1RAPL2",-0.18754145814499,2.23304926811825,0.881959384044585,0.349035848013132,0.671078252151497,0.671078252151497,"social_isolation_avg"
"5956","AC008443.5","Exc L4-5 RORB IL1RAPL2",-0.0224157714104446,1.51921229218796,0.117648730239058,0.968582949286785,0.9941928619423,0.9941928619423,"social_isolation_avg"
"5957","TRIM7","Exc L4-5 RORB IL1RAPL2",0.0442604198898057,1.79385824041656,0.382059779995274,0.537353651405224,0.810815358762785,0.810815358762785,"social_isolation_avg"
"5958","AC008443.6","Exc L4-5 RORB IL1RAPL2",0.096794659902922,1.02946934160934,1.22107662934313,0.270755304055065,0.600478593203957,0.600478593203957,"social_isolation_avg"
"5959","TRIM41","Exc L4-5 RORB IL1RAPL2",-0.111952292986499,3.36237114374685,8.71199711116619,0.00362116542130889,0.0539921756789483,0.0539921756789483,"social_isolation_avg"
"5960","RACK1","Exc L4-5 RORB IL1RAPL2",-0.0966815170728701,5.32449068231643,14.040440245827,0.000246911591392293,0.00975326559652103,0.00975326559652103,"social_isolation_avg"
"5961","TRIM52","Exc L4-5 RORB IL1RAPL2",-0.0317784950979697,4.63592734766284,1.22139057362485,0.270693942644047,0.600478593203957,0.600478593203957,"social_isolation_avg"
"5962","AC138035.1","Exc L4-5 RORB IL1RAPL2",0.0996500401109278,1.61521035400812,1.60880262840463,0.206443643253073,0.523678800642363,0.523678800642363,"social_isolation_avg"
"5963","AC138035.2","Exc L4-5 RORB IL1RAPL2",-0.136098845635782,0.284180030029592,1.61558525054955,0.205494245880512,0.522531464360324,0.522531464360324,"social_isolation_avg"
"5964","DUSP22","Exc L4-5 RORB IL1RAPL2",-0.0286468712954565,4.29321946651538,0.960619146862269,0.328463250029643,0.653810780112717,0.653810780112717,"social_isolation_avg"
"5965","IRF4","Exc L4-5 RORB IL1RAPL2",0.105280018288221,-0.837516458308052,0.309455250653699,0.57876693237709,0.835305044050872,0.835305044050872,"social_isolation_avg"
"5966","EXOC2","Exc L4-5 RORB IL1RAPL2",0.0348133944293233,6.82289761843087,3.61871248992186,0.0588720596791956,0.275551381993135,0.275551381993135,"social_isolation_avg"
"5967","AL357054.2","Exc L4-5 RORB IL1RAPL2",0.0244696785384716,3.75801882686742,0.451599288112035,0.502514642231944,0.788463350665115,0.788463350665115,"social_isolation_avg"
"5968","AL357054.3","Exc L4-5 RORB IL1RAPL2",0.0298250856277723,2.90314276786502,0.371032767245769,0.543278127766775,0.813995208412957,0.813995208412957,"social_isolation_avg"
"5969","FOXQ1","Exc L4-5 RORB IL1RAPL2",0.0756716684804998,-0.045990153293537,0.27280487405645,0.602155688431522,0.847600124527637,0.847600124527637,"social_isolation_avg"
"5970","FOXF2","Exc L4-5 RORB IL1RAPL2",-0.0774238650515188,0.162086334228861,0.285236612764678,0.594006848023772,0.843140997244675,0.843140997244675,"social_isolation_avg"
"5971","GMDS","Exc L4-5 RORB IL1RAPL2",-0.0086291872883748,7.72695611876186,0.147335311839451,0.701588226763146,0.899861092637302,0.899861092637302,"social_isolation_avg"
"5972","GMDS-DT","Exc L4-5 RORB IL1RAPL2",0.0488513867468733,6.81672131016344,3.13077990584816,0.0786709263719839,0.322123479308441,0.322123479308441,"social_isolation_avg"
"5973","LINC01600","Exc L4-5 RORB IL1RAPL2",-0.0592451076320623,2.32046972073067,0.371628117284985,0.542955192723174,0.813981079273843,0.813981079273843,"social_isolation_avg"
"5974","MYLK4","Exc L4-5 RORB IL1RAPL2",0.0510707903243276,2.99442388750568,1.13381371471229,0.288516266384904,0.619779322918798,0.619779322918798,"social_isolation_avg"
"5975","WRNIP1","Exc L4-5 RORB IL1RAPL2",-0.00371669137246231,4.92961969396007,0.0212306990474757,0.884329768098813,0.973478461423019,0.973478461423019,"social_isolation_avg"
"5976","SERPINB1","Exc L4-5 RORB IL1RAPL2",-0.0450219644571224,0.61054079820546,0.185631932463173,0.667138565571996,0.88284576858216,0.88284576858216,"social_isolation_avg"
"5977","SERPINB9P1","Exc L4-5 RORB IL1RAPL2",-0.100516026525537,0.19923308878225,0.441723799134716,0.507217752180107,0.791591232273333,0.791591232273333,"social_isolation_avg"
"5978","SERPINB9","Exc L4-5 RORB IL1RAPL2",0.0431838246556573,4.47841318473896,0.916961724137427,0.339672450547414,0.663186713116048,0.663186713116048,"social_isolation_avg"
"5979","SERPINB6","Exc L4-5 RORB IL1RAPL2",-0.0327514025048887,3.70995770242749,0.610586050630781,0.435684978276667,0.739916351274993,0.739916351274993,"social_isolation_avg"
"5980","LINC01011","Exc L4-5 RORB IL1RAPL2",-0.103296257935887,2.19959824708716,1.47145124911375,0.226847514503655,0.548661871650728,0.548661871650728,"social_isolation_avg"
"5981","NQO2","Exc L4-5 RORB IL1RAPL2",0.0813630576861347,6.80840281760934,5.96368089438547,0.0156571251191244,0.127363914178398,0.127363914178398,"social_isolation_avg"
"5982","RIPK1","Exc L4-5 RORB IL1RAPL2",0.0275779758830637,5.07301291583479,1.15823935465467,0.283399243754723,0.614648910027868,0.614648910027868,"social_isolation_avg"
"5983","AL031963.3","Exc L4-5 RORB IL1RAPL2",-0.168868181481029,0.191512246233425,2.17705884531098,0.141984221284757,0.435622417857774,0.435622417857774,"social_isolation_avg"
"5984","BPHL","Exc L4-5 RORB IL1RAPL2",0.0200424228382427,3.87671761651196,0.321818243755681,0.720788172979649,0.909296979182147,0.909296979182147,"social_isolation_avg"
"5985","AL031963.1","Exc L4-5 RORB IL1RAPL2",0.0585311119210012,0.28074044857918,0.22069828013447,0.639127535416662,0.867293779059998,0.867293779059998,"social_isolation_avg"
"5986","TUBB2A","Exc L4-5 RORB IL1RAPL2",-0.0586867901718564,7.02798300944298,1.73837267326658,0.189169097324502,0.499618717263665,0.499618717263665,"social_isolation_avg"
"5987","TUBB2B","Exc L4-5 RORB IL1RAPL2",-0.24958558501896,0.990263703738159,3.52752222189567,0.0621190062611022,0.283217669142411,0.283217669142411,"social_isolation_avg"
"5988","PSMG4","Exc L4-5 RORB IL1RAPL2",-0.0079466291893761,4.21085048768315,0.0636844053374501,0.878145960717267,0.971660802498913,0.971660802498913,"social_isolation_avg"
"5989","SLC22A23","Exc L4-5 RORB IL1RAPL2",0.00587643034878744,7.14932189531116,0.0841013567022124,0.772177920430362,0.93279566063097,0.93279566063097,"social_isolation_avg"
"5990","FAM50B","Exc L4-5 RORB IL1RAPL2",-0.0330207711408958,2.40396132320204,0.326704761309675,0.568382318739247,0.828597107085699,0.828597107085699,"social_isolation_avg"
"5991","AL138831.1","Exc L4-5 RORB IL1RAPL2",0.217339379977874,1.43707880010084,3.63027964865122,0.058473399682955,0.274875824944396,0.274875824944396,"social_isolation_avg"
"5992","PRPF4B","Exc L4-5 RORB IL1RAPL2",-0.0053583161964975,6.11273827376053,0.0319039986604424,0.858457250988154,0.964243395716678,0.964243395716678,"social_isolation_avg"
"5993","FAM217A","Exc L4-5 RORB IL1RAPL2",0.0040141893399763,1.12813622745624,0.00128027591408488,0.971500201354441,0.995251552571626,0.995251552571626,"social_isolation_avg"
"5994","C6orf201","Exc L4-5 RORB IL1RAPL2",-0.0129043114942331,-0.393084870364714,0.00694020101633481,0.933707544657602,0.986583286147705,0.986583286147705,"social_isolation_avg"
"5995","ECI2","Exc L4-5 RORB IL1RAPL2",0.0305734219640781,3.59943210042356,0.486289849450683,0.486566652779352,0.777692822878706,0.777692822878706,"social_isolation_avg"
"5996","AL162718.1","Exc L4-5 RORB IL1RAPL2",0.0525219253438025,1.95443393188252,0.391284193592247,0.53248782414077,0.80898912157165,0.80898912157165,"social_isolation_avg"
"5997","CDYL","Exc L4-5 RORB IL1RAPL2",-0.00498471990306477,5.93284921500678,0.0556264341090386,0.813839047365567,0.950941828821664,0.950941828821664,"social_isolation_avg"
"5998","RPP40","Exc L4-5 RORB IL1RAPL2",-0.0986857390623302,1.51903114757586,1.89603591153842,0.170384663746155,0.475423716670255,0.475423716670255,"social_isolation_avg"
"5999","AL359643.3","Exc L4-5 RORB IL1RAPL2",-0.163130492755003,-0.0486835809971562,1.79434999387865,0.182235866621252,0.4888820122417,0.4888820122417,"social_isolation_avg"
"6000","AL359643.2","Exc L4-5 RORB IL1RAPL2",0.0679896603675502,2.1311393450922,1.51749979614966,0.219747770979825,0.540471542273401,0.540471542273401,"social_isolation_avg"
"6001","LYRM4","Exc L4-5 RORB IL1RAPL2",0.0200889834750976,6.66015335232133,0.880795960042936,0.349353078716178,0.671134812192446,0.671134812192446,"social_isolation_avg"
"6002","FARS2","Exc L4-5 RORB IL1RAPL2",-0.00117509008241211,8.11782769840597,0.00427463119502195,0.947949924590594,0.988740948001749,0.988740948001749,"social_isolation_avg"
"6003","AL022097.1","Exc L4-5 RORB IL1RAPL2",-0.00363798329839574,1.56827090213394,0.00339954475603551,0.957138304334996,0.990964806415906,0.990964806415906,"social_isolation_avg"
"6004","AL136307.1","Exc L4-5 RORB IL1RAPL2",0.0221062822112982,2.33776528910763,0.144859438817166,0.923476244911449,0.984011602746496,0.984011602746496,"social_isolation_avg"
"6005","NRN1","Exc L4-5 RORB IL1RAPL2",-0.107328783268345,6.4224248521833,13.1667711521793,0.000379476170890311,0.0128567535250214,0.0128567535250214,"social_isolation_avg"
"6006","F13A1","Exc L4-5 RORB IL1RAPL2",0.0349232572664644,3.97932062837776,0.494707422213911,0.482824420596113,0.775372863914549,0.775372863914549,"social_isolation_avg"
"6007","LY86-AS1","Exc L4-5 RORB IL1RAPL2",0.00939651885390091,7.12116332122439,0.029203007679104,0.864520146393184,0.966438752795226,0.966438752795226,"social_isolation_avg"
"6008","LY86","Exc L4-5 RORB IL1RAPL2",-0.0605442328480202,2.03213095563604,0.81083024112052,0.369184926146109,0.687398935997887,0.687398935997887,"social_isolation_avg"
"6009","SSR1","Exc L4-5 RORB IL1RAPL2",0.000255607855447229,5.79198777934493,0.000117734209442741,0.9913557764731,0.998822911403646,0.998822911403646,"social_isolation_avg"
"6010","AL139095.4","Exc L4-5 RORB IL1RAPL2",-0.0679507222898865,2.29741323917639,1.4261169248936,0.336396010913292,0.660607049557903,0.660607049557903,"social_isolation_avg"
"6011","CAGE1","Exc L4-5 RORB IL1RAPL2",-0.346195248260256,-0.103475302103515,6.67636940277906,0.0106346954362658,0.102105882157218,0.102105882157218,"social_isolation_avg"
"6012","RIOK1","Exc L4-5 RORB IL1RAPL2",-0.090968670863186,3.34686101971952,6.6497492492393,0.0107883641498243,0.10314635577505,0.10314635577505,"social_isolation_avg"
"6013","SNRNP48","Exc L4-5 RORB IL1RAPL2",-0.0133574094514592,4.66610389324848,0.215525970261433,0.643081102989682,0.869248289017558,0.869248289017558,"social_isolation_avg"
"6014","BLOC1S5-TXNDC5","Exc L4-5 RORB IL1RAPL2",0.0951206495068762,3.79747361398502,5.50921247309519,0.0201013543005087,0.148791318038955,0.148791318038955,"social_isolation_avg"
"6015","EEF1E1-BLOC1S5","Exc L4-5 RORB IL1RAPL2",0.0411383341195952,0.910596139525467,0.245170638096383,0.621153854267551,0.857593342335207,0.857593342335207,"social_isolation_avg"
"6016","SLC35B3","Exc L4-5 RORB IL1RAPL2",-0.00178434774251819,4.19110370701418,0.00325354351762508,0.954582349391809,0.9899508157217,0.9899508157217,"social_isolation_avg"
"6017","AL137220.1","Exc L4-5 RORB IL1RAPL2",-0.249429022243788,-0.0223535280671403,3.0382934913448,0.0831808661266285,0.331969029314899,0.331969029314899,"social_isolation_avg"
"6018","C6orf52","Exc L4-5 RORB IL1RAPL2",-0.149201388034607,0.64366662334567,1.9890478475118,0.160319478273663,0.462127490617912,0.462127490617912,"social_isolation_avg"
"6019","PAK1IP1","Exc L4-5 RORB IL1RAPL2",-0.0589172405909323,3.68009599741533,3.6227703518955,0.0587318751723483,0.275133897037881,0.275133897037881,"social_isolation_avg"
"6020","TMEM14C","Exc L4-5 RORB IL1RAPL2",-0.0459834673199004,3.76823196260936,1.44336953441991,0.231313400370335,0.553680169479761,0.553680169479761,"social_isolation_avg"
"6021","AL024498.1","Exc L4-5 RORB IL1RAPL2",-0.0143620454147501,0.950490242706458,0.0243568154543207,0.876170881521714,0.970553787791836,0.970553787791836,"social_isolation_avg"
"6022","AL024498.2","Exc L4-5 RORB IL1RAPL2",0.097354977627867,4.88241710678852,5.99822822305512,0.0153641921238728,0.125998773799754,0.125998773799754,"social_isolation_avg"
"6023","MAK","Exc L4-5 RORB IL1RAPL2",0.0853918457571739,4.69983478186782,3.56744055108472,0.0606745936880583,0.280376651786005,0.280376651786005,"social_isolation_avg"
"6024","SYCP2L","Exc L4-5 RORB IL1RAPL2",0.0754790208123631,5.09428801074817,2.33802972512236,0.128160541274408,0.412051928879028,0.412051928879028,"social_isolation_avg"
"6025","ELOVL2","Exc L4-5 RORB IL1RAPL2",0.336778698889,0.870615600081045,9.2557158471503,0.00273131522812161,0.0452532534424598,0.0452532534424598,"social_isolation_avg"
"6026","ELOVL2-AS1","Exc L4-5 RORB IL1RAPL2",0.189921648025256,0.160182391677875,2.95235279635253,0.0876250658058479,0.341283217396552,0.341283217396552,"social_isolation_avg"
"6027","SMIM13","Exc L4-5 RORB IL1RAPL2",-0.0660788211495347,5.75221072549343,8.25872410772276,0.0045887276695006,0.0622835840994411,0.0622835840994411,"social_isolation_avg"
"6028","AL139807.1","Exc L4-5 RORB IL1RAPL2",0.0360443540956278,3.89586104326923,0.458057217681479,0.499479347760321,0.786014647344504,0.786014647344504,"social_isolation_avg"
"6029","NEDD9","Exc L4-5 RORB IL1RAPL2",-0.0868617811756772,3.99253100828077,1.79136781523888,0.182597653816141,0.489125786740003,0.489125786740003,"social_isolation_avg"
"6030","AL445430.1","Exc L4-5 RORB IL1RAPL2",0.000365726107854611,1.07042621069737,3.08262944942364e-05,0.995576748405718,0.9994589795957,0.9994589795957,"social_isolation_avg"
"6031","TMEM170B","Exc L4-5 RORB IL1RAPL2",-0.0196425652508627,5.81201501817248,0.762203995917546,0.383906156377711,0.701147527492535,0.701147527492535,"social_isolation_avg"
"6032","ADTRP","Exc L4-5 RORB IL1RAPL2",-0.0622594051190378,5.31400593634462,1.13877050036163,0.287468359132338,0.618550251051399,0.618550251051399,"social_isolation_avg"
"6033","HIVEP1","Exc L4-5 RORB IL1RAPL2",0.0329963324234157,7.17004165550115,2.40137212785858,0.123141363142151,0.403737865878692,0.403737865878692,"social_isolation_avg"
"6034","EDN1","Exc L4-5 RORB IL1RAPL2",0.0412350519870971,2.06954385817845,0.388345232767353,0.534029382257043,0.809580157173744,0.809580157173744,"social_isolation_avg"
"6035","PHACTR1","Exc L4-5 RORB IL1RAPL2",0.0351514532885267,11.286833439837,4.60134355809775,0.0334072059137719,0.199853985954975,0.199853985954975,"social_isolation_avg"
"6036","TBC1D7","Exc L4-5 RORB IL1RAPL2",-0.0200812841784881,3.90356985900665,0.151888019574488,0.697239274134067,0.8976908210323,0.8976908210323,"social_isolation_avg"
"6037","GFOD1","Exc L4-5 RORB IL1RAPL2",-0.000895282342070152,7.75698560874309,0.00177387943021926,0.966455902158292,0.993646254835144,0.993646254835144,"social_isolation_avg"
"6038","SIRT5","Exc L4-5 RORB IL1RAPL2",-0.0223078132912901,5.72402553531226,1.22349992819001,0.270282116088699,0.599984827710558,0.599984827710558,"social_isolation_avg"
"6039","AL441883.1","Exc L4-5 RORB IL1RAPL2",0.0442473758153675,0.237625692785189,0.171040402149176,0.679724881659331,0.888022851769995,0.888022851769995,"social_isolation_avg"
"6040","NOL7","Exc L4-5 RORB IL1RAPL2",-0.0671957206035311,4.694010383147,5.53195734211827,0.0198502712453581,0.147578382017061,0.147578382017061,"social_isolation_avg"
"6041","RANBP9","Exc L4-5 RORB IL1RAPL2",-0.00297575241305694,7.3592391322852,0.0334633125016966,0.855077274786014,0.962784933388745,0.962784933388745,"social_isolation_avg"
"6042","MCUR1","Exc L4-5 RORB IL1RAPL2",-0.0549397675585219,5.15461549801476,4.77603788047096,0.0302654031878817,0.188931604657839,0.188931604657839,"social_isolation_avg"
"6043","RNF182","Exc L4-5 RORB IL1RAPL2",-0.0147121371225399,5.16341296762742,0.210047636190447,0.647332034509905,0.871610821734491,0.871610821734491,"social_isolation_avg"
"6044","CD83","Exc L4-5 RORB IL1RAPL2",-0.0195686625365268,4.45969768258903,0.288668812889149,0.591797371300309,0.842274306180829,0.842274306180829,"social_isolation_avg"
"6045","AL138720.1","Exc L4-5 RORB IL1RAPL2",0.0606918676865212,1.60836651825632,0.975292708192215,0.324807106128853,0.652229924187665,0.652229924187665,"social_isolation_avg"
"6046","JARID2","Exc L4-5 RORB IL1RAPL2",0.0178249464748829,7.07377779757725,1.16234803232628,0.282549909995723,0.61379183088738,0.61379183088738,"social_isolation_avg"
"6047","DTNBP1","Exc L4-5 RORB IL1RAPL2",0.00255380737019711,5.27144357236425,0.0124648747477326,0.911239391999804,0.981200416319659,0.981200416319659,"social_isolation_avg"
"6048","MYLIP","Exc L4-5 RORB IL1RAPL2",-0.0335672469244992,3.28826344903073,0.517175895763828,0.473064302811205,0.767691474544043,0.767691474544043,"social_isolation_avg"
"6049","GMPR","Exc L4-5 RORB IL1RAPL2",-0.0049143190095489,2.36778412384731,0.00407516336045156,0.949177144069222,0.988853552742656,0.988853552742656,"social_isolation_avg"
"6050","ATXN1","Exc L4-5 RORB IL1RAPL2",0.022954392399302,9.62595768872625,1.37266168450633,0.243041090468944,0.567991982295719,0.567991982295719,"social_isolation_avg"
"6051","AL137003.2","Exc L4-5 RORB IL1RAPL2",-0.0364876635223894,3.10822372513795,0.52511699207124,0.469691528290398,0.764948278315496,0.764948278315496,"social_isolation_avg"
"6052","STMND1","Exc L4-5 RORB IL1RAPL2",0.187425180806514,0.526310513295532,2.67043719168589,0.104131062453645,0.373421137190335,0.373421137190335,"social_isolation_avg"
"6053","RBM24","Exc L4-5 RORB IL1RAPL2",-0.0123976150830626,3.54784748529905,0.113236568075911,0.736915834618452,0.916494152560271,0.916494152560271,"social_isolation_avg"
"6054","CAP2","Exc L4-5 RORB IL1RAPL2",-0.0912048514861459,7.56644378693972,17.936294350274,3.78294028253195e-05,0.00316712447282244,0.00316712447282244,"social_isolation_avg"
"6055","FAM8A1","Exc L4-5 RORB IL1RAPL2",-0.0196920298838819,4.69405600186535,0.724157477410954,0.95154039508323,0.989392111770647,0.989392111770647,"social_isolation_avg"
"6056","NUP153","Exc L4-5 RORB IL1RAPL2",0.0348347719209517,5.83968639919174,3.88023923322781,0.0505284594717109,0.253325114378442,0.253325114378442,"social_isolation_avg"
"6057","KIF13A","Exc L4-5 RORB IL1RAPL2",0.0185605429726627,6.08472788402698,0.238563169225952,0.62589313307678,0.860679126789555,0.860679126789555,"social_isolation_avg"
"6058","NHLRC1","Exc L4-5 RORB IL1RAPL2",-0.134375155795108,0.582074222769939,2.06429888892151,0.23597262277059,0.559503508200794,0.559503508200794,"social_isolation_avg"
"6059","TPMT","Exc L4-5 RORB IL1RAPL2",-0.00215125709792002,3.91172836971228,0.00402450871431479,0.949493569372316,0.988901159114652,0.988901159114652,"social_isolation_avg"
"6060","KDM1B","Exc L4-5 RORB IL1RAPL2",0.00726563676337804,4.00589831623885,0.0588410201771548,0.934738196858864,0.986842461541563,0.986842461541563,"social_isolation_avg"
"6061","DEK","Exc L4-5 RORB IL1RAPL2",-0.111002752064885,4.45683676649102,17.0615299851386,5.73374089320984e-05,0.0039885335088391,0.0039885335088391,"social_isolation_avg"
"6062","MIR548A1HG","Exc L4-5 RORB IL1RAPL2",-0.0724264084877954,-0.287498152573194,0.226681955234317,0.634623781481133,0.865483391192483,0.865483391192483,"social_isolation_avg"
"6063","AL357052.1","Exc L4-5 RORB IL1RAPL2",-0.0108392991945538,0.667875260554635,0.0106713181296439,0.928559319772474,0.984394153368006,0.984394153368006,"social_isolation_avg"
"6064","AL022068.1","Exc L4-5 RORB IL1RAPL2",-0.00499032327767267,4.44263200404502,0.0136052588781971,0.907285679478604,0.979320338732308,0.979320338732308,"social_isolation_avg"
"6065","ID4","Exc L4-5 RORB IL1RAPL2",-0.200717739069577,2.20174568637453,6.4984207596008,0.0117067718706405,0.1080506490558,0.1080506490558,"social_isolation_avg"
"6066","MBOAT1","Exc L4-5 RORB IL1RAPL2",0.0718952793096821,0.538089326450752,0.525560123102405,0.46950446791111,0.764763605143433,0.764763605143433,"social_isolation_avg"
"6067","AL158198.1","Exc L4-5 RORB IL1RAPL2",0.0133504094441328,1.62042840280515,0.0337886178406063,0.945071357071064,0.988144149721632,0.988144149721632,"social_isolation_avg"
"6068","E2F3","Exc L4-5 RORB IL1RAPL2",-0.00898025243836257,5.57861738278313,0.123479542665616,0.725738369373825,0.911315084080313,0.911315084080313,"social_isolation_avg"
"6069","CDKAL1","Exc L4-5 RORB IL1RAPL2",0.0272143437037573,7.65975837694429,2.71833867288118,0.101100510901672,0.368223824209922,0.368223824209922,"social_isolation_avg"
"6070","AL513188.1","Exc L4-5 RORB IL1RAPL2",-0.1009987435987,1.49620076408537,1.55570237958099,0.310963702310953,0.640302993952066,0.640302993952066,"social_isolation_avg"
"6071","LINC00581","Exc L4-5 RORB IL1RAPL2",0.306655473828789,0.219042947137197,6.54621296660676,0.0114082715835286,0.106373839121344,0.106373839121344,"social_isolation_avg"
"6072","AL512380.1","Exc L4-5 RORB IL1RAPL2",-0.0419630803543974,1.10444712916679,0.19365316635789,0.660468218278402,0.878998322996809,0.878998322996809,"social_isolation_avg"
"6073","AL512380.2","Exc L4-5 RORB IL1RAPL2",0.1408572162327,2.95755465332506,4.80003869980779,0.0298587087989511,0.187381966562174,0.187381966562174,"social_isolation_avg"
"6074","SOX4","Exc L4-5 RORB IL1RAPL2",-0.127396743296724,3.25520642607423,2.88304114876049,0.0913985333480281,0.349858719295577,0.349858719295577,"social_isolation_avg"
"6075","CASC15","Exc L4-5 RORB IL1RAPL2",0.0374918613847094,6.92800950372451,2.28282597599599,0.132722650419386,0.418992938425474,0.418992938425474,"social_isolation_avg"
"6076","NBAT1","Exc L4-5 RORB IL1RAPL2",-0.0341191691371187,2.34903750390064,0.298683099713979,0.585446129974391,0.839056675143573,0.839056675143573,"social_isolation_avg"
"6077","HDGFL1","Exc L4-5 RORB IL1RAPL2",-0.00961561225194254,-0.357066197581547,0.0036600138940504,0.951832052944048,0.989452900160271,0.989452900160271,"social_isolation_avg"
"6078","AL035401.1","Exc L4-5 RORB IL1RAPL2",0.129637078957336,1.86263029504365,3.30515033096804,0.0708735061348338,0.304910779803818,0.304910779803818,"social_isolation_avg"
"6079","NRSN1","Exc L4-5 RORB IL1RAPL2",-0.0495118065086535,7.15748477379388,4.18027518757525,0.0424832031506372,0.229936606775155,0.229936606775155,"social_isolation_avg"
"6080","DCDC2","Exc L4-5 RORB IL1RAPL2",0.0182802590559766,3.31930683100854,0.122976671986313,0.726274714582195,0.911746541574424,0.911746541574424,"social_isolation_avg"
"6081","MRS2","Exc L4-5 RORB IL1RAPL2",0.00413743443585433,5.25954466078412,0.0347277142104855,0.852395878403103,0.96224464025208,0.96224464025208,"social_isolation_avg"
"6082","GPLD1","Exc L4-5 RORB IL1RAPL2",0.0719849058574388,6.21951212058514,8.69573379967097,0.00365196350843194,0.0543363550117036,0.0543363550117036,"social_isolation_avg"
"6083","ALDH5A1","Exc L4-5 RORB IL1RAPL2",0.0224516538805322,4.88045063224791,0.905049881905512,0.342820222266165,0.665492238919407,0.665492238919407,"social_isolation_avg"
"6084","KIAA0319","Exc L4-5 RORB IL1RAPL2",0.00392396819765923,7.93679665826452,0.0428842457310533,0.836198271325451,0.956824497333631,0.956824497333631,"social_isolation_avg"
"6085","TDP2","Exc L4-5 RORB IL1RAPL2",0.00852434881024172,5.35343497608356,0.183032669835213,0.980127604700926,0.997013557689617,0.997013557689617,"social_isolation_avg"
"6086","ACOT13","Exc L4-5 RORB IL1RAPL2",-0.00470394571174599,3.95126047286758,0.0204311662872491,0.886513528349698,0.973801014217975,0.973801014217975,"social_isolation_avg"
"6087","AL031775.1","Exc L4-5 RORB IL1RAPL2",-0.117019955354575,0.348672295297884,1.10167313730349,0.29543137126972,0.626525103765341,0.626525103765341,"social_isolation_avg"
"6088","C6orf62","Exc L4-5 RORB IL1RAPL2",-0.0146426356334589,5.74828905553227,0.327549851449919,0.567882969871319,0.828061493141018,0.828061493141018,"social_isolation_avg"
"6089","GMNN","Exc L4-5 RORB IL1RAPL2",0.0778288992605932,2.49865688955603,2.9956554472706,0.0853542302935393,0.336175560238147,0.336175560238147,"social_isolation_avg"
"6090","AL512428.1","Exc L4-5 RORB IL1RAPL2",0.214205059316201,0.399174774894849,3.61850471353304,0.0588792472595659,0.275551381993135,0.275551381993135,"social_isolation_avg"
"6091","RIPOR2","Exc L4-5 RORB IL1RAPL2",0.0440340915369917,5.89122205455012,1.60234778917138,0.207352009690407,0.524997641556562,0.524997641556562,"social_isolation_avg"
"6092","CARMIL1","Exc L4-5 RORB IL1RAPL2",0.109587887588022,7.66724098750826,11.2646277818508,0.00098016805539764,0.023416363353761,0.023416363353761,"social_isolation_avg"
"6093","SCGN","Exc L4-5 RORB IL1RAPL2",0.251539226405467,0.176363090560796,3.06392155580275,0.0819036177668944,0.32895316318561,0.32895316318561,"social_isolation_avg"
"6094","U91328.1","Exc L4-5 RORB IL1RAPL2",-0.12046703098271,1.83830797776094,4.36019700858125,0.0383211118269548,0.216958036169304,0.216958036169304,"social_isolation_avg"
"6095","HIST1H1A","Exc L4-5 RORB IL1RAPL2",-0.0409163329085139,-0.529224141284808,0.0480688985337262,0.826728757473681,0.954146283421905,0.954146283421905,"social_isolation_avg"
"6096","HIST1H1C","Exc L4-5 RORB IL1RAPL2",-0.274473394130697,-0.00562154325979267,3.28266344254645,0.0718302972232046,0.307072086254011,0.307072086254011,"social_isolation_avg"
"6097","HIST1H4C","Exc L4-5 RORB IL1RAPL2",-0.275346760401478,4.49445167990906,9.18958511957431,0.00282630196173922,0.0460547464838661,0.0460547464838661,"social_isolation_avg"
"6098","HIST1H2AC","Exc L4-5 RORB IL1RAPL2",-0.217187853917542,0.36302426750876,0.786604819519188,0.376417309666855,0.695027880189739,0.695027880189739,"social_isolation_avg"
"6099","HIST1H1E","Exc L4-5 RORB IL1RAPL2",-0.468637867175728,0.325713743500494,8.73695213764021,0.00357442589300508,0.0535879217772477,0.0535879217772477,"social_isolation_avg"
"6100","HIST1H2BD","Exc L4-5 RORB IL1RAPL2",-0.103052662029789,1.36799950508875,1.25867379997463,0.263529350447192,0.59352920364377,0.59352920364377,"social_isolation_avg"
"6101","AL353759.1","Exc L4-5 RORB IL1RAPL2",0.120038945143653,1.63491322451321,2.4520338822247,0.119285104914852,0.397758197313849,0.397758197313849,"social_isolation_avg"
"6102","HIST1H2BE","Exc L4-5 RORB IL1RAPL2",-0.0185003322489175,2.20079016215468,0.0701935526301865,0.791385268007069,0.941038251380201,0.941038251380201,"social_isolation_avg"
"6103","HIST1H2BG","Exc L4-5 RORB IL1RAPL2",-0.203354971944586,-0.778896812658232,1.00067689015701,0.318608907566851,0.646290761622374,0.646290761622374,"social_isolation_avg"
"6104","HIST1H1D","Exc L4-5 RORB IL1RAPL2",-0.137436150241424,-0.981294328941335,0.310681088507723,0.578016548310022,0.834779944818296,0.834779944818296,"social_isolation_avg"
"6105","HIST1H4H","Exc L4-5 RORB IL1RAPL2",0.0592255059251534,0.557259548487069,0.378099599904781,0.539467605303666,0.811888212208856,0.811888212208856,"social_isolation_avg"
"6106","BTN3A2","Exc L4-5 RORB IL1RAPL2",-0.403368383231581,0.858453622263366,5.14192071419399,0.0246499413374919,0.166983186091072,0.166983186091072,"social_isolation_avg"
"6107","BTN2A2","Exc L4-5 RORB IL1RAPL2",0.0779092487410985,1.3043344728934,0.61829432251711,0.4328076366325,0.737660331488841,0.737660331488841,"social_isolation_avg"
"6108","BTN3A1","Exc L4-5 RORB IL1RAPL2",-0.0852667279875416,1.67149973317374,0.730072316744771,0.394096392328528,0.709081194298981,0.709081194298981,"social_isolation_avg"
"6109","BTN3A3","Exc L4-5 RORB IL1RAPL2",-0.0690026006892604,2.25239153481236,0.697268561661487,0.404908285115857,0.716739283123544,0.716739283123544,"social_isolation_avg"
"6110","BTN2A1","Exc L4-5 RORB IL1RAPL2",-0.0417154077771736,3.84918083097337,1.59822805608727,0.448655503786687,0.749383014402181,0.749383014402181,"social_isolation_avg"
"6111","HCG11","Exc L4-5 RORB IL1RAPL2",-0.141325182907986,3.07969234307078,7.4147125087804,0.0071639432394995,0.0814597175688522,0.0814597175688522,"social_isolation_avg"
"6112","HMGN4","Exc L4-5 RORB IL1RAPL2",0.0395249437794834,3.12694038987032,0.902273278032706,0.428961877196535,0.73471419194674,0.73471419194674,"social_isolation_avg"
"6113","ABT1","Exc L4-5 RORB IL1RAPL2",-0.0698755600836526,2.62747326986943,2.20318722570629,0.139630121088097,0.432059657344641,0.432059657344641,"social_isolation_avg"
"6114","ZNF322","Exc L4-5 RORB IL1RAPL2",0.0764465193574634,3.78221849167381,3.08507361828997,0.0808655272749859,0.326586262875135,0.326586262875135,"social_isolation_avg"
"6115","AL513548.1","Exc L4-5 RORB IL1RAPL2",0.000986040776795426,1.87915160512539,0.000192707015578239,0.988940946578097,0.998787747693845,0.998787747693845,"social_isolation_avg"
"6116","LINC00240","Exc L4-5 RORB IL1RAPL2",-0.011651395167944,3.63142931227626,0.0621348331365503,0.803462494684688,0.945168418444318,0.945168418444318,"social_isolation_avg"
"6117","PRSS16","Exc L4-5 RORB IL1RAPL2",-0.213708752056774,0.753852165758924,4.71970389390146,0.0312430652016702,0.192997073679661,0.192997073679661,"social_isolation_avg"
"6118","ZNF391","Exc L4-5 RORB IL1RAPL2",-0.00826752254552572,3.75002194404628,0.049328777673762,0.82450956496447,0.953583855066564,0.953583855066564,"social_isolation_avg"
"6119","AL031118.1","Exc L4-5 RORB IL1RAPL2",-0.102911772365504,-0.101915908822624,0.598674933298809,0.440189219242398,0.742915013583571,0.742915013583571,"social_isolation_avg"
"6120","ZNF184","Exc L4-5 RORB IL1RAPL2",-0.0396198647820385,3.06155950638355,0.972763233977654,0.41185472028274,0.722081464276289,0.722081464276289,"social_isolation_avg"
"6121","AL009179.1","Exc L4-5 RORB IL1RAPL2",0.0838324573787423,1.70984111945866,1.55149946831051,0.214676912080321,0.533898771486823,0.533898771486823,"social_isolation_avg"
"6122","HIST1H2BN","Exc L4-5 RORB IL1RAPL2",0.108995593470836,1.24376389364945,1.23452347060938,0.268142671064823,0.598021290733718,0.598021290733718,"social_isolation_avg"
"6123","AL121944.1","Exc L4-5 RORB IL1RAPL2",0.0405583612843882,1.98828069776835,0.271024870107724,0.603341742396695,0.84810912192597,0.84810912192597,"social_isolation_avg"
"6124","ZNF165","Exc L4-5 RORB IL1RAPL2",0.0375685147194049,0.543419744075734,0.139656307200208,0.709101804951378,0.903688598859481,0.903688598859481,"social_isolation_avg"
"6125","ZSCAN16-AS1","Exc L4-5 RORB IL1RAPL2",-0.0394087128799261,3.93569041872851,1.7824535852667,0.38905405822803,0.704253245585294,0.704253245585294,"social_isolation_avg"
"6126","ZSCAN16","Exc L4-5 RORB IL1RAPL2",-0.0418083921795992,1.16239821306266,0.315588958092385,0.655592903776942,0.876517335525969,0.876517335525969,"social_isolation_avg"
"6127","AL358933.1","Exc L4-5 RORB IL1RAPL2",0.0288091508928465,0.0172374333366544,0.0497978127057496,0.823690999039588,0.953389453283663,0.953389453283663,"social_isolation_avg"
"6128","ZKSCAN8","Exc L4-5 RORB IL1RAPL2",0.0607905953501231,3.8517075474274,3.45651385144981,0.0647806033788597,0.29004112553985,0.29004112553985,"social_isolation_avg"
"6129","ZSCAN9","Exc L4-5 RORB IL1RAPL2",0.0499552949971738,2.2710275007564,0.743242460850024,0.389873160345041,0.704766415103517,0.704766415103517,"social_isolation_avg"
"6130","ZKSCAN4","Exc L4-5 RORB IL1RAPL2",0.0203732786772035,2.26689620452639,0.15396194679914,0.695283054534391,0.896347005600768,0.896347005600768,"social_isolation_avg"
"6131","NKAPL","Exc L4-5 RORB IL1RAPL2",-0.0617444285358574,3.32239149576093,0.77713978710158,0.379297392766723,0.697579643788309,0.697579643788309,"social_isolation_avg"
"6132","AL021997.3","Exc L4-5 RORB IL1RAPL2",0.0892223756649144,1.64967110067233,1.74448009631069,0.18839781107686,0.498207544847695,0.498207544847695,"social_isolation_avg"
"6133","PGBD1","Exc L4-5 RORB IL1RAPL2",0.106753048721872,5.27399325288596,11.4313295153655,0.000901250531612123,0.022137088629842,0.022137088629842,"social_isolation_avg"
"6134","ZSCAN31","Exc L4-5 RORB IL1RAPL2",-0.0583078437074258,5.45588096471342,1.50042013102689,0.22234939960137,0.543675680527236,0.543675680527236,"social_isolation_avg"
"6135","ZKSCAN3","Exc L4-5 RORB IL1RAPL2",0.0870990235189229,2.35266573685473,2.02776222396268,0.15633286149501,0.455703908850267,0.455703908850267,"social_isolation_avg"
"6136","ZSCAN12","Exc L4-5 RORB IL1RAPL2",0.0993452036022785,3.09320272801262,6.45939188892561,0.0119565439601453,0.109487529268264,0.109487529268264,"social_isolation_avg"
"6137","ZSCAN23","Exc L4-5 RORB IL1RAPL2",-0.0155467670200647,3.6740926559735,0.138781755209544,0.709972345553371,0.904454710113069,0.904454710113069,"social_isolation_avg"
"6138","ZBED9","Exc L4-5 RORB IL1RAPL2",0.000197068509680955,2.96511805053103,2.16551048294404e-05,0.996292665315962,0.999502287237639,0.999502287237639,"social_isolation_avg"
"6139","TRIM27","Exc L4-5 RORB IL1RAPL2",-0.0669985298418185,4.48102481655679,5.08377155031916,0.0254636274590223,0.170067192050522,0.170067192050522,"social_isolation_avg"
"6140","GABBR1","Exc L4-5 RORB IL1RAPL2",-0.104982290900093,6.62146501539488,16.2315276809377,8.53106834906387e-05,0.00513440912415267,0.00513440912415267,"social_isolation_avg"
"6141","OR2H2","Exc L4-5 RORB IL1RAPL2",-0.189540149514558,-0.272590377935143,1.19497027905954,0.275919824581869,0.606209823608167,0.606209823608167,"social_isolation_avg"
"6142","HLA-F","Exc L4-5 RORB IL1RAPL2",0.22846033372862,1.26728627624748,3.8128516219121,0.0525498071551007,0.259481481444464,0.259481481444464,"social_isolation_avg"
"6143","HLA-A","Exc L4-5 RORB IL1RAPL2",-0.110308281295081,2.24220037669784,0.463014751059851,0.497170368445999,0.784721764823798,0.784721764823798,"social_isolation_avg"
"6144","ZNRD1","Exc L4-5 RORB IL1RAPL2",-0.0870185809191923,1.67579558356527,1.55569444499502,0.214061028369038,0.533348527491516,0.533348527491516,"social_isolation_avg"
"6145","PPP1R11","Exc L4-5 RORB IL1RAPL2",-0.11026331374927,3.95928509440438,7.53998691549482,0.00670295426776781,0.078676549441957,0.078676549441957,"social_isolation_avg"
"6146","TRIM26","Exc L4-5 RORB IL1RAPL2",0.0319444611253109,4.56239025029189,0.677635002688598,0.411588326418414,0.721824015691167,0.721824015691167,"social_isolation_avg"
"6147","HCG17","Exc L4-5 RORB IL1RAPL2",0.00299878336688808,6.86883962634675,0.013953445545773,0.906112270006841,0.979091433403032,0.979091433403032,"social_isolation_avg"
"6148","HCG18","Exc L4-5 RORB IL1RAPL2",-0.344876592818522,-0.129663774837396,5.08439888976392,0.0254547002895184,0.170067192050522,0.170067192050522,"social_isolation_avg"
"6149","GNL1","Exc L4-5 RORB IL1RAPL2",-0.0296335443134205,5.47816371175039,2.04807969967329,0.154286179602973,0.453708414352571,0.453708414352571,"social_isolation_avg"
"6150","PRR3","Exc L4-5 RORB IL1RAPL2",0.0223737414147403,4.42492183566208,0.610997976618203,0.43553047507162,0.739916351274993,0.739916351274993,"social_isolation_avg"
"6151","ABCF1","Exc L4-5 RORB IL1RAPL2",-0.158055557434828,4.072182568595,24.7027977804651,1.65950452102064e-06,0.00042839113445171,0.00042839113445171,"social_isolation_avg"
"6152","PPP1R10","Exc L4-5 RORB IL1RAPL2",-0.0442504867756566,5.37746620741847,2.9904993097354,0.0856212221098354,0.336806474748481,0.336806474748481,"social_isolation_avg"
"6153","MRPS18B","Exc L4-5 RORB IL1RAPL2",-0.134023531448659,3.53159882323674,12.1931377094266,0.00061531545788363,0.0171958364303262,0.0171958364303262,"social_isolation_avg"
"6154","ATAT1","Exc L4-5 RORB IL1RAPL2",0.028124577476263,4.27101407973477,1.11753965617439,0.291991353087216,0.623502448383029,0.623502448383029,"social_isolation_avg"
"6155","C6orf136","Exc L4-5 RORB IL1RAPL2",-0.0386709579189244,4.78441001667806,2.58014160690419,0.110120627340822,0.383347040140781,0.383347040140781,"social_isolation_avg"
"6156","DHX16","Exc L4-5 RORB IL1RAPL2",-0.0354274998241716,3.02105379055326,0.875741684268863,0.350735816310634,0.671815994907065,0.671815994907065,"social_isolation_avg"
"6157","PPP1R18","Exc L4-5 RORB IL1RAPL2",0.137347692802083,0.902885603364918,2.41220073812983,0.122305547060964,0.402282054402988,0.402282054402988,"social_isolation_avg"
"6158","NRM","Exc L4-5 RORB IL1RAPL2",0.15837244034836,-0.235186162964999,1.34065286077237,0.248589135092886,0.5747121775851,0.5747121775851,"social_isolation_avg"
"6159","MDC1","Exc L4-5 RORB IL1RAPL2",0.0370135535280456,3.65590252475891,1.28061252718547,0.643845710424515,0.869598450063691,0.869598450063691,"social_isolation_avg"
"6160","MDC1-AS1","Exc L4-5 RORB IL1RAPL2",0.00100687579681916,0.655116323036203,0.000206828538697466,0.988542934482216,0.998787747693845,0.998787747693845,"social_isolation_avg"
"6161","TUBB","Exc L4-5 RORB IL1RAPL2",-0.0546524865270935,6.58910809650617,1.61096722723512,0.206140087846911,0.523233799517518,0.523233799517518,"social_isolation_avg"
"6162","FLOT1","Exc L4-5 RORB IL1RAPL2",-0.0745358123155217,6.53118430687983,8.37066211069666,0.00432742212944255,0.0601610243285691,0.0601610243285691,"social_isolation_avg"
"6163","IER3-AS1","Exc L4-5 RORB IL1RAPL2",-0.095305932797401,0.729222828840639,0.855757963484728,0.356277065567111,0.676466833074158,0.676466833074158,"social_isolation_avg"
"6164","IER3","Exc L4-5 RORB IL1RAPL2",-0.00113833178143837,1.72394411970025,0.000262482405356867,0.987093329857707,0.998438623662871,0.998438623662871,"social_isolation_avg"
"6165","HCG20","Exc L4-5 RORB IL1RAPL2",0.0792363993159876,0.661762035647422,0.662125944803015,0.416981006462076,0.725422731083941,0.725422731083941,"social_isolation_avg"
"6166","LINC00243","Exc L4-5 RORB IL1RAPL2",-0.00331202186906656,-0.203340490745116,0.00057936327213275,0.991115725848007,0.998822911403646,0.998822911403646,"social_isolation_avg"
"6167","DDR1","Exc L4-5 RORB IL1RAPL2",-0.0103494886750039,1.12478872904002,0.0042028493508213,0.94838818007058,0.988740948001749,0.988740948001749,"social_isolation_avg"
"6168","VARS2","Exc L4-5 RORB IL1RAPL2",0.0155728971270398,3.79772386382629,0.127487723480933,0.721506627094676,0.909296979182147,0.909296979182147,"social_isolation_avg"
"6169","PSORS1C1","Exc L4-5 RORB IL1RAPL2",-0.211277155344619,-0.191660496158517,2.21526764075315,0.13855666708007,0.429939541173206,0.429939541173206,"social_isolation_avg"
"6170","CCHCR1","Exc L4-5 RORB IL1RAPL2",0.0330162526808057,3.2980581468809,0.806727908828808,0.370395841972677,0.688501790545734,0.688501790545734,"social_isolation_avg"
"6171","TCF19","Exc L4-5 RORB IL1RAPL2",0.292006197271879,0.433136154462398,5.93556154350265,0.0158998441996892,0.128564509445436,0.128564509445436,"social_isolation_avg"
"6172","POU5F1","Exc L4-5 RORB IL1RAPL2",-0.0254012163611039,0.605712205956539,0.0547644082989325,0.815260621065979,0.951467235681325,0.951467235681325,"social_isolation_avg"
"6173","AL662844.4","Exc L4-5 RORB IL1RAPL2",-0.0944629578863987,2.04915259209452,1.58718273093973,0.209504932776087,0.527740649871704,0.527740649871704,"social_isolation_avg"
"6174","HCG27","Exc L4-5 RORB IL1RAPL2",0.0462264185933937,2.4917544390463,0.630665464690026,0.428249947997075,0.734492137967065,0.734492137967065,"social_isolation_avg"
"6175","HLA-C","Exc L4-5 RORB IL1RAPL2",-0.105400100082755,3.42491249919524,0.49428289758608,0.483012010088562,0.775372863914549,0.775372863914549,"social_isolation_avg"
"6176","HLA-B","Exc L4-5 RORB IL1RAPL2",-0.261453701582354,1.83457798200179,5.08594488499116,0.0254327144714404,0.170067192050522,0.170067192050522,"social_isolation_avg"
"6177","MICA","Exc L4-5 RORB IL1RAPL2",-0.00804088790373923,2.55434013031646,0.00965296787150399,0.921853201349217,0.983427396790068,0.983427396790068,"social_isolation_avg"
"6178","MICB","Exc L4-5 RORB IL1RAPL2",0.0343080997546499,-0.245253202294035,0.0296009519428129,0.863609253916449,0.965935391992509,0.965935391992509,"social_isolation_avg"
"6179","ATP6V1G2-DDX39B","Exc L4-5 RORB IL1RAPL2",-0.0129477689674077,0.848775645143981,0.011891188565176,0.91329769409836,0.981668613012071,0.981668613012071,"social_isolation_avg"
"6180","NFKBIL1","Exc L4-5 RORB IL1RAPL2",-0.0915780543520469,2.8673479295293,4.5498238625977,0.0343980839120502,0.203141279650411,0.203141279650411,"social_isolation_avg"
"6181","LTA","Exc L4-5 RORB IL1RAPL2",0.14769529960847,-0.794149207688995,0.563314294704654,0.453994993483311,0.753061012456471,0.753061012456471,"social_isolation_avg"
"6182","LTB","Exc L4-5 RORB IL1RAPL2",-0.00428146092835084,0.749140419294032,0.00186687925991027,0.965588356724022,0.993640457161603,0.993640457161603,"social_isolation_avg"
"6183","PRRC2A","Exc L4-5 RORB IL1RAPL2",0.00995324245766205,5.28786205210409,0.129458642364269,0.71945327343043,0.908669340269486,0.908669340269486,"social_isolation_avg"
"6184","BAG6","Exc L4-5 RORB IL1RAPL2",-0.0055252133841931,4.02556768523068,0.0254130451769716,0.873536781317103,0.969910332074482,0.969910332074482,"social_isolation_avg"
"6185","C6orf47","Exc L4-5 RORB IL1RAPL2",-0.170559619512826,2.03746267675719,10.5713674914827,0.00139205279401614,0.0292006994629484,0.0292006994629484,"social_isolation_avg"
"6186","GPANK1","Exc L4-5 RORB IL1RAPL2",-0.0758830496610174,2.94090123044971,3.07724199246611,0.081248204598131,0.327471195423925,0.327471195423925,"social_isolation_avg"
"6187","LY6G5C","Exc L4-5 RORB IL1RAPL2",0.0968288513107739,1.52237012407095,1.19165735234198,0.276584075282615,0.607105253877304,0.607105253877304,"social_isolation_avg"
"6188","ABHD16A","Exc L4-5 RORB IL1RAPL2",0.0633399707927231,-0.241531443166658,0.131716461850552,0.717122613129394,0.907543105011121,0.907543105011121,"social_isolation_avg"
"6189","AL662899.1","Exc L4-5 RORB IL1RAPL2",0.050352585886866,-0.0476826044830811,0.124342521561837,0.724820798630244,0.91093294313279,0.91093294313279,"social_isolation_avg"
"6190","DDAH2","Exc L4-5 RORB IL1RAPL2",-0.199238817602213,0.099872364873797,1.91067396058119,0.168753316552203,0.472715467720191,0.472715467720191,"social_isolation_avg"
"6191","SAPCD1-AS1","Exc L4-5 RORB IL1RAPL2",-0.0318737185219031,2.43260867200374,0.255035129486112,0.614224428163474,0.853783783810707,0.853783783810707,"social_isolation_avg"
"6192","VWA7","Exc L4-5 RORB IL1RAPL2",-0.0699272233561505,1.09813689513556,0.553809055302886,0.457822080560872,0.755753933544953,0.755753933544953,"social_isolation_avg"
"6193","VARS","Exc L4-5 RORB IL1RAPL2",-0.0815097791948989,3.56401785739028,6.26429441345015,0.0132906985155386,0.116010086646018,0.116010086646018,"social_isolation_avg"
"6194","LSM2","Exc L4-5 RORB IL1RAPL2",-0.0546983725484929,3.24134029742001,1.99785297847845,0.159402621851032,0.460381571990379,0.460381571990379,"social_isolation_avg"
"6195","HSPA1L","Exc L4-5 RORB IL1RAPL2",-0.0792547827825296,0.744473823158407,0.797091700981349,0.452587900917275,0.752608769950346,0.752608769950346,"social_isolation_avg"
"6196","HSPA1A","Exc L4-5 RORB IL1RAPL2",-0.306915852064953,4.502484293598,15.8017293173161,0.000104914916644583,0.00587306253796498,0.00587306253796498,"social_isolation_avg"
"6197","HSPA1B","Exc L4-5 RORB IL1RAPL2",-0.140545310839917,3.28726161186215,2.42545515789064,0.121291115240372,0.400654537615761,0.400654537615761,"social_isolation_avg"
"6198","C6orf48","Exc L4-5 RORB IL1RAPL2",0.0309458458084896,3.15256778500769,0.493879327590648,0.907637775715252,0.979320338732308,0.979320338732308,"social_isolation_avg"
"6199","NEU1","Exc L4-5 RORB IL1RAPL2",-0.116582818777878,3.32249246801337,10.8071142842253,0.00123511704574989,0.0270360538362069,0.0270360538362069,"social_isolation_avg"
"6200","EHMT2-AS1","Exc L4-5 RORB IL1RAPL2",0.12779228152467,0.261409048586132,0.999288961796691,0.318943738048827,0.646509958068491,0.646509958068491,"social_isolation_avg"
"6201","EHMT2","Exc L4-5 RORB IL1RAPL2",0.00986890130139617,4.91730584894468,0.179762508526887,0.672128656502885,0.884557060922122,0.884557060922122,"social_isolation_avg"
"6202","C2","Exc L4-5 RORB IL1RAPL2",0.175759901574738,4.01378095562084,16.9122098370839,6.15737578385945e-05,0.00419458861774989,0.00419458861774989,"social_isolation_avg"
"6203","C2-AS1","Exc L4-5 RORB IL1RAPL2",-0.0808908056157717,-0.40691514483421,0.294256724643958,0.588236140027376,0.840010352191718,0.840010352191718,"social_isolation_avg"
"6204","NELFE","Exc L4-5 RORB IL1RAPL2",0.0771793472946367,3.25077581070959,3.92969747077543,0.0490977898747114,0.248989354655431,0.248989354655431,"social_isolation_avg"
"6205","SKIV2L","Exc L4-5 RORB IL1RAPL2",-0.00957206387747825,2.64310213441133,0.0352515096694527,0.851299891267404,0.961873912835597,0.961873912835597,"social_isolation_avg"
"6206","DXO","Exc L4-5 RORB IL1RAPL2",0.0291727526474579,2.14265974452025,0.239638898666486,0.625116046527386,0.860330281956988,0.860330281956988,"social_isolation_avg"
"6207","STK19","Exc L4-5 RORB IL1RAPL2",-0.0266722539126032,3.6743482731429,0.708890000209558,0.577722934026571,0.834625916982268,0.834625916982268,"social_isolation_avg"
"6208","CYP21A2","Exc L4-5 RORB IL1RAPL2",0.300979537755434,-0.144640098413161,4.53364594964091,0.0347155967292375,0.203675598670978,0.203675598670978,"social_isolation_avg"
"6209","TNXB","Exc L4-5 RORB IL1RAPL2",0.104889274094165,4.59694145137106,7.34418021983554,0.00743777632812847,0.0834698492909364,0.0834698492909364,"social_isolation_avg"
"6210","ATF6B","Exc L4-5 RORB IL1RAPL2",0.0441771203129826,5.43538134297781,2.65195383234045,0.105327147575133,0.375592717540348,0.375592717540348,"social_isolation_avg"
"6211","FKBPL","Exc L4-5 RORB IL1RAPL2",-0.226305308541204,0.856256634113183,5.90416677598169,0.0161754709393459,0.130070584633814,0.130070584633814,"social_isolation_avg"
"6212","PRRT1","Exc L4-5 RORB IL1RAPL2",-0.068030704482526,5.46301967904574,5.69121944774459,0.018181409515392,0.141061912579908,0.141061912579908,"social_isolation_avg"
"6213","AL662884.4","Exc L4-5 RORB IL1RAPL2",-0.292826913989246,0.597217376204432,8.02334888146093,0.00519252170204592,0.0668918553336186,0.0668918553336186,"social_isolation_avg"
"6214","AGPAT1","Exc L4-5 RORB IL1RAPL2",-0.056379718003279,4.82320720416321,3.21486336543316,0.07480073209257,0.313051239089475,0.313051239089475,"social_isolation_avg"
"6215","RNF5","Exc L4-5 RORB IL1RAPL2",-0.127538152278756,2.73503876461374,5.28759488680386,0.0227288961632397,0.159633795213311,0.159633795213311,"social_isolation_avg"
"6216","AGER","Exc L4-5 RORB IL1RAPL2",0.120134298896454,0.202039777975112,1.1134161391608,0.292880392824369,0.624052295236904,0.624052295236904,"social_isolation_avg"
"6217","PBX2","Exc L4-5 RORB IL1RAPL2",-0.0592407990080975,3.67106536717751,2.52091420578075,0.114256437637574,0.390231325584519,0.390231325584519,"social_isolation_avg"
"6218","AL662796.1","Exc L4-5 RORB IL1RAPL2",0.0210249344980484,5.63859306434018,0.0889361924170738,0.765908481064288,0.930270533458556,0.930270533458556,"social_isolation_avg"
"6219","C6orf10","Exc L4-5 RORB IL1RAPL2",-0.0180077692528106,1.34141833102785,0.0399928521215401,0.841740374280653,0.959704337354051,0.959704337354051,"social_isolation_avg"
"6220","BTNL2","Exc L4-5 RORB IL1RAPL2",-0.188169510833727,-0.194019731251424,1.05906342636638,0.304932391178723,0.635911580898557,0.635911580898557,"social_isolation_avg"
"6221","HLA-DRB1","Exc L4-5 RORB IL1RAPL2",-0.233405142876641,0.513849295303335,0.731933436442435,0.393495599615127,0.708538049782955,0.708538049782955,"social_isolation_avg"
"6222","HLA-DQB1","Exc L4-5 RORB IL1RAPL2",-0.210655303464465,1.30774643971023,0.879119094874463,0.349811003505594,0.671207179528378,0.671207179528378,"social_isolation_avg"
"6223","TAP1","Exc L4-5 RORB IL1RAPL2",-0.116480104244301,0.382460463598695,0.756250515312966,0.385765492733707,0.702381037665558,0.702381037665558,"social_isolation_avg"
"6224","HLA-DMB","Exc L4-5 RORB IL1RAPL2",0.128986210743022,-0.631069410695377,0.152586584732186,0.696578645592086,0.897052389766332,0.897052389766332,"social_isolation_avg"
"6225","AL645941.2","Exc L4-5 RORB IL1RAPL2",-0.0555755145054834,0.0825382668430649,0.035978349275101,0.849792930561808,0.961873912835597,0.961873912835597,"social_isolation_avg"
"6226","HLA-DMA","Exc L4-5 RORB IL1RAPL2",-0.109745344913167,1.8942515571702,0.260257336015807,0.610623949625211,0.852117185969555,0.852117185969555,"social_isolation_avg"
"6227","BRD2","Exc L4-5 RORB IL1RAPL2",-0.0364653722173408,5.00081177921744,1.6824604415886,0.196405372793977,0.509764891445108,0.509764891445108,"social_isolation_avg"
"6228","HLA-DPA1","Exc L4-5 RORB IL1RAPL2",-0.117414536087412,1.61372260275901,0.704624518463963,0.402446519343407,0.714658901219765,0.714658901219765,"social_isolation_avg"
"6229","HLA-DPB1","Exc L4-5 RORB IL1RAPL2",-0.0436399403984458,1.86914374527405,0.156532464715952,0.692879430282358,0.895325239448382,0.895325239448382,"social_isolation_avg"
"6230","HCG24","Exc L4-5 RORB IL1RAPL2",0.0870556344416466,1.53189986221441,0.406076270447538,0.524849404274044,0.804564922499024,0.804564922499024,"social_isolation_avg"
"6231","COL11A2","Exc L4-5 RORB IL1RAPL2",0.102061039655912,2.03225422319983,2.83411921642487,0.0941690077026674,0.35505814681814,0.35505814681814,"social_isolation_avg"
"6232","RXRB","Exc L4-5 RORB IL1RAPL2",-0.0413578424329406,4.28442006731745,1.59215120751792,0.208796656083489,0.527127660932923,0.527127660932923,"social_isolation_avg"
"6233","SLC39A7","Exc L4-5 RORB IL1RAPL2",-0.0907516711863619,2.45877417220919,3.54231878312497,0.061579339823033,0.282013458292658,0.282013458292658,"social_isolation_avg"
"6234","RING1","Exc L4-5 RORB IL1RAPL2",0.0267002904249023,5.17927012975701,0.832393940676684,0.362909919728233,0.682362972391722,0.682362972391722,"social_isolation_avg"
"6235","AL645940.1","Exc L4-5 RORB IL1RAPL2",0.0242812748101735,0.119118956144332,0.0352011539411159,0.851404887489507,0.961873912835597,0.961873912835597,"social_isolation_avg"
"6236","HCG25","Exc L4-5 RORB IL1RAPL2",0.165897345138203,1.78143780702506,6.78409632405825,0.0100356199542752,0.0986922895815187,0.0986922895815187,"social_isolation_avg"
"6237","VPS52","Exc L4-5 RORB IL1RAPL2",0.0123284419477016,3.89331192193841,0.142972088351069,0.82076312127174,0.952379154185799,0.952379154185799,"social_isolation_avg"
"6238","RPS18","Exc L4-5 RORB IL1RAPL2",-0.0888173485936112,4.11578342662691,3.4949355905358,0.0633255382308557,0.285773297093735,0.285773297093735,"social_isolation_avg"
"6239","B3GALT4","Exc L4-5 RORB IL1RAPL2",-0.106760666050614,1.83521256169206,2.362342570212,0.126207388950996,0.409459877630624,0.409459877630624,"social_isolation_avg"
"6240","WDR46","Exc L4-5 RORB IL1RAPL2",0.00363043811043146,3.39944564684037,0.00620617122294959,0.937303490875147,0.987558783347026,0.987558783347026,"social_isolation_avg"
"6241","PFDN6","Exc L4-5 RORB IL1RAPL2",-0.0818388817222659,3.08638240807765,3.67569605446148,0.0569359058984558,0.271083109085224,0.271083109085224,"social_isolation_avg"
"6242","RGL2","Exc L4-5 RORB IL1RAPL2",-0.00257631979944436,3.58792719564681,0.00348035004499225,0.953027755829288,0.989452900160271,0.989452900160271,"social_isolation_avg"
"6243","TAPBP","Exc L4-5 RORB IL1RAPL2",-0.00384289225447939,5.01619519083331,0.0166858296279204,0.897377295231902,0.976838947005115,0.976838947005115,"social_isolation_avg"
"6244","ZBTB22","Exc L4-5 RORB IL1RAPL2",-0.166223919115636,2.2044544560408,8.00150671941047,0.00525255160918777,0.067333014225909,0.067333014225909,"social_isolation_avg"
"6245","DAXX","Exc L4-5 RORB IL1RAPL2",-0.0541480427566604,3.03236118533389,1.87316627786461,0.172970060692858,0.478090080908464,0.478090080908464,"social_isolation_avg"
"6246","PHF1","Exc L4-5 RORB IL1RAPL2",-0.0362144895703352,4.94215724970189,1.75146563449914,0.187520148420031,0.496894760448723,0.496894760448723,"social_isolation_avg"
"6247","CUTA","Exc L4-5 RORB IL1RAPL2",-0.117578626888805,4.07556512821263,9.66947954580189,0.00220688456819779,0.0397302216126265,0.0397302216126265,"social_isolation_avg"
"6248","SYNGAP1","Exc L4-5 RORB IL1RAPL2",0.0264704395052997,5.83712075275701,1.3326352782382,0.250003168918059,0.576234615555925,0.576234615555925,"social_isolation_avg"
"6249","SYNGAP1-AS1","Exc L4-5 RORB IL1RAPL2",-0.0354366577150945,2.47322356375535,0.342217228456118,0.559349872622713,0.822911044234069,0.822911044234069,"social_isolation_avg"
"6250","BAK1","Exc L4-5 RORB IL1RAPL2",0.0380404451538515,1.55896209889079,0.299539474577865,0.584909449492568,0.838732223861227,0.838732223861227,"social_isolation_avg"
"6251","LINC00336","Exc L4-5 RORB IL1RAPL2",0.0238827690645652,0.103476727101512,0.0362687130791918,0.875973279549264,0.970500479269633,0.970500479269633,"social_isolation_avg"
"6252","ITPR3","Exc L4-5 RORB IL1RAPL2",0.193877537514643,0.660528822557025,5.28857371753172,0.0227165319676433,0.159606201767463,0.159606201767463,"social_isolation_avg"
"6253","UQCC2","Exc L4-5 RORB IL1RAPL2",-0.11382880743163,4.32988674699074,12.5554849611962,0.000513726642725828,0.0153558006429943,0.0153558006429943,"social_isolation_avg"
"6254","LEMD2","Exc L4-5 RORB IL1RAPL2",0.0164444086123146,4.63759251256548,0.31133868287808,0.577614808723633,0.834597158904915,0.834597158904915,"social_isolation_avg"
"6255","GRM4","Exc L4-5 RORB IL1RAPL2",0.141237039204252,3.11723891778616,4.02710009158829,0.0464049496490711,0.241930688491973,0.241930688491973,"social_isolation_avg"
"6256","HMGA1","Exc L4-5 RORB IL1RAPL2",-0.089216809341591,3.47207834669964,5.49841311710521,0.0202217291603707,0.149167772882407,0.149167772882407,"social_isolation_avg"
"6257","SMIM29","Exc L4-5 RORB IL1RAPL2",-0.109761683440104,4.57051963379635,10.2423159915854,0.00164592481511143,0.0330421952995891,0.0330421952995891,"social_isolation_avg"
"6258","NUDT3","Exc L4-5 RORB IL1RAPL2",-0.0759944402486806,6.96513663007609,10.7786263920925,0.00125307717791094,0.0272836286343532,0.0272836286343532,"social_isolation_avg"
"6259","RPS10-NUDT3","Exc L4-5 RORB IL1RAPL2",0.0422312464019115,3.95532376844733,1.26340095245678,0.262638002126045,0.592400245960572,0.592400245960572,"social_isolation_avg"
"6260","PACSIN1","Exc L4-5 RORB IL1RAPL2",-0.0333099163667099,6.84553273160089,3.09785785435838,0.0802450575136225,0.32525659325014,0.32525659325014,"social_isolation_avg"
"6261","SPDEF","Exc L4-5 RORB IL1RAPL2",0.0283399937976229,0.691284022494232,0.0806472703788522,0.784230132083319,0.938131019102767,0.938131019102767,"social_isolation_avg"
"6262","C6orf106","Exc L4-5 RORB IL1RAPL2",-0.0295574346242714,5.97173668415833,2.02938192505094,0.156168565694183,0.455575922217026,0.455575922217026,"social_isolation_avg"
"6263","AL451165.2","Exc L4-5 RORB IL1RAPL2",-0.0917307166310794,1.14826983867046,1.1684450815398,0.307119438524085,0.636943523446061,0.636943523446061,"social_isolation_avg"
"6264","SNRPC","Exc L4-5 RORB IL1RAPL2",-0.00727988303006146,3.8596390249466,0.0462217748891787,0.97391628905768,0.99572295699374,0.99572295699374,"social_isolation_avg"
"6265","UHRF1BP1","Exc L4-5 RORB IL1RAPL2",0.0493593080306819,5.02604644849066,4.23732011546654,0.0411140003418847,0.225745211975856,0.225745211975856,"social_isolation_avg"
"6266","TAF11","Exc L4-5 RORB IL1RAPL2",0.0217119966350533,4.65466125048606,0.599889010503771,0.439726837077188,0.742592244760742,0.742592244760742,"social_isolation_avg"
"6267","ANKS1A","Exc L4-5 RORB IL1RAPL2",0.00588190576284785,6.72276173131723,0.0850855166585581,0.770886175103538,0.932360531397057,0.932360531397057,"social_isolation_avg"
"6268","TCP11","Exc L4-5 RORB IL1RAPL2",0.101958568717424,-0.326925985950487,0.548203572378457,0.460103036416805,0.758262307468197,0.758262307468197,"social_isolation_avg"
"6269","SCUBE3","Exc L4-5 RORB IL1RAPL2",-0.0163160881672334,1.03611639391495,0.0322372314345298,0.857727888715204,0.964122223155729,0.964122223155729,"social_isolation_avg"
"6270","Z97832.2","Exc L4-5 RORB IL1RAPL2",0.0700994850633207,1.35526751695501,1.04942774839006,0.307135758216706,0.636943523446061,0.636943523446061,"social_isolation_avg"
"6271","ZNF76","Exc L4-5 RORB IL1RAPL2",0.0423132113486721,4.87113657379308,3.09835258312726,0.0802211506887592,0.32525659325014,0.32525659325014,"social_isolation_avg"
"6272","DEF6","Exc L4-5 RORB IL1RAPL2",0.0270886639576127,1.44333972221127,0.127568663729584,0.721421950091088,0.909296979182147,0.909296979182147,"social_isolation_avg"
"6273","PPARD","Exc L4-5 RORB IL1RAPL2",-0.0195026405724783,4.99359531376606,0.654188629265258,0.419781722003014,0.726886607670817,0.726886607670817,"social_isolation_avg"
"6274","FANCE","Exc L4-5 RORB IL1RAPL2",0.0368446866786811,0.658038665569185,0.17216633652295,0.678731685855018,0.887533717808878,0.887533717808878,"social_isolation_avg"
"6275","RPL10A","Exc L4-5 RORB IL1RAPL2",-0.112458481667008,4.54978544969435,7.1834245737085,0.00810305790124179,0.0871781100680564,0.0871781100680564,"social_isolation_avg"
"6276","FKBP5","Exc L4-5 RORB IL1RAPL2",-0.822129071710602,0.912265037248718,6.44659052107911,0.0120396676517607,0.109890280578372,0.109890280578372,"social_isolation_avg"
"6277","CLPSL1","Exc L4-5 RORB IL1RAPL2",0.0255395777253631,2.16282123077576,0.024767492390365,0.87513988142862,0.970500479269633,0.970500479269633,"social_isolation_avg"
"6278","LHFPL5","Exc L4-5 RORB IL1RAPL2",0.0419801726900226,4.54049478147554,1.28458785384028,0.258688930852104,0.58710006724873,0.58710006724873,"social_isolation_avg"
"6279","SRPK1","Exc L4-5 RORB IL1RAPL2",0.0173441073657283,6.33604541799557,0.71530232168995,0.398911798868574,0.712662651911272,0.712662651911272,"social_isolation_avg"
"6280","SLC26A8","Exc L4-5 RORB IL1RAPL2",-0.00330299985581462,4.39056509360687,0.00874182508558774,0.925621385700618,0.98417618971798,0.98417618971798,"social_isolation_avg"
"6281","MAPK14","Exc L4-5 RORB IL1RAPL2",0.0664988400264296,6.85247211261389,16.9421037954785,6.07008674337956e-05,0.00416130837940162,0.00416130837940162,"social_isolation_avg"
"6282","MAPK13","Exc L4-5 RORB IL1RAPL2",0.028121852331072,3.87386654684894,0.608026845771768,0.43664675850127,0.74029343614166,0.74029343614166,"social_isolation_avg"
"6283","Z84485.1","Exc L4-5 RORB IL1RAPL2",0.0291050203906524,4.03874033254109,0.548062437545429,0.460160699376732,0.758263313710555,0.758263313710555,"social_isolation_avg"
"6284","BRPF3","Exc L4-5 RORB IL1RAPL2",-0.0760294653978545,4.68296822687645,7.68413725597713,0.00621017805577029,0.074899485538833,0.074899485538833,"social_isolation_avg"
"6285","PNPLA1","Exc L4-5 RORB IL1RAPL2",-0.0481882678378403,1.33727300961172,0.294247513202985,0.588241974418825,0.840010352191718,0.840010352191718,"social_isolation_avg"
"6286","ETV7","Exc L4-5 RORB IL1RAPL2",0.00199724972960023,-0.52185817017633,0.000331697030905737,0.985491254449211,0.998300390466684,0.998300390466684,"social_isolation_avg"
"6287","PXT1","Exc L4-5 RORB IL1RAPL2",0.10312341431719,0.40566839007494,0.992870432310414,0.320498240411361,0.647671388104599,0.647671388104599,"social_isolation_avg"
"6288","KCTD20","Exc L4-5 RORB IL1RAPL2",0.0308796474858342,4.98006043516492,1.53983709867045,0.216400307458061,0.536142263425072,0.536142263425072,"social_isolation_avg"
"6289","STK38","Exc L4-5 RORB IL1RAPL2",0.0185747875181048,5.7412111250455,1.0173065802396,0.314632913054735,0.643029741618994,0.643029741618994,"social_isolation_avg"
"6290","SRSF3","Exc L4-5 RORB IL1RAPL2",-0.0704658280537725,5.18033279850828,6.45517445189245,0.0119838632504573,0.109539457276281,0.109539457276281,"social_isolation_avg"
"6291","CDKN1A","Exc L4-5 RORB IL1RAPL2",0.074606869071739,0.324436824622937,0.175561095428772,0.675760012623127,0.886127412489639,0.886127412489639,"social_isolation_avg"
"6292","CPNE5","Exc L4-5 RORB IL1RAPL2",-0.0319205272101898,6.98477422200482,0.914995469537088,0.340189339564365,0.663654658221099,0.663654658221099,"social_isolation_avg"
"6293","PPIL1","Exc L4-5 RORB IL1RAPL2",-0.0806757087677948,3.00487399435706,3.1670202239325,0.0769768387541645,0.318604497752418,0.318604497752418,"social_isolation_avg"
"6294","C6orf89","Exc L4-5 RORB IL1RAPL2",-0.0185404170190467,6.04255216526942,1.54426269476127,0.215744373488476,0.535076588121044,0.535076588121044,"social_isolation_avg"
"6295","MTCH1","Exc L4-5 RORB IL1RAPL2",-0.0901277979552904,6.97419660760844,16.2421975372581,8.48745432327193e-05,0.00513070681311911,0.00513070681311911,"social_isolation_avg"
"6296","PIM1","Exc L4-5 RORB IL1RAPL2",-0.0797801430011037,2.76615263913407,2.70750117655015,0.101777542328197,0.369906430732198,0.369906430732198,"social_isolation_avg"
"6297","TMEM217","Exc L4-5 RORB IL1RAPL2",0.0278358839392952,1.84465829619169,0.206009055055301,0.937519510204735,0.987574137210989,0.987574137210989,"social_isolation_avg"
"6298","TBC1D22B","Exc L4-5 RORB IL1RAPL2",0.0290108902040126,4.79868337466147,1.51038011698542,0.224338825899132,0.545371478252527,0.545371478252527,"social_isolation_avg"
"6299","RNF8","Exc L4-5 RORB IL1RAPL2",-0.0214209363581718,5.01442964981026,0.547514471006848,0.460384689225864,0.758396195789882,0.758396195789882,"social_isolation_avg"
"6300","CMTR1","Exc L4-5 RORB IL1RAPL2",0.0467802986549841,4.49788801406416,3.12136801770546,0.0791174902090562,0.323191484046739,0.323191484046739,"social_isolation_avg"
"6301","CCDC167","Exc L4-5 RORB IL1RAPL2",-0.163807701474539,2.3347424469749,9.54206813337396,0.00235633710898822,0.0413559622007809,0.0413559622007809,"social_isolation_avg"
"6302","MDGA1","Exc L4-5 RORB IL1RAPL2",-0.731304699411011,-0.938990479965871,5.2187395120242,0.023616579216725,0.163540540553887,0.163540540553887,"social_isolation_avg"
"6303","ZFAND3","Exc L4-5 RORB IL1RAPL2",0.0428640760945161,8.26079368347926,10.8067313111554,0.00123535673536359,0.0270360538362069,0.0270360538362069,"social_isolation_avg"
"6304","BTBD9","Exc L4-5 RORB IL1RAPL2",-0.0190102912201091,8.34745844958752,0.923838515518508,0.33787300603819,0.661721886683428,0.661721886683428,"social_isolation_avg"
"6305","GLO1","Exc L4-5 RORB IL1RAPL2",-0.00917688674307784,5.29838255951109,0.136394462314481,0.712364712823077,0.90558539961208,0.90558539961208,"social_isolation_avg"
"6306","DNAH8","Exc L4-5 RORB IL1RAPL2",0.0929237714466482,1.33842839683913,1.41710058457306,0.23558802353271,0.558941817336979,0.558941817336979,"social_isolation_avg"
"6307","SAYSD1","Exc L4-5 RORB IL1RAPL2",-0.0367412714239525,2.32804986352084,0.405269263758666,0.525261053625506,0.804695895467326,0.804695895467326,"social_isolation_avg"
"6308","KIF6","Exc L4-5 RORB IL1RAPL2",-0.170937296407269,3.06107710060183,1.13315229805262,0.288656465174345,0.619869365289273,0.619869365289273,"social_isolation_avg"
"6309","AL590999.1","Exc L4-5 RORB IL1RAPL2",0.0469392797270269,0.441164396038449,0.176731657933092,0.674743176309367,0.885853595671414,0.885853595671414,"social_isolation_avg"
"6310","MOCS1","Exc L4-5 RORB IL1RAPL2",-0.067573941218521,2.64344745376328,2.21786885771987,0.138326748670226,0.429635551700936,0.429635551700936,"social_isolation_avg"
"6311","TDRG1","Exc L4-5 RORB IL1RAPL2",-0.0113850054678469,0.387904092066242,0.0099370063399782,0.920715573569559,0.983427396790068,0.983427396790068,"social_isolation_avg"
"6312","LINC00951","Exc L4-5 RORB IL1RAPL2",-0.179189582605143,2.62169578943646,7.50676725473762,0.00682213049830408,0.0795369352593304,0.0795369352593304,"social_isolation_avg"
"6313","AL139275.1","Exc L4-5 RORB IL1RAPL2",-0.0635270481332682,2.15968086944563,0.657048838662598,0.418769252357235,0.726315771092098,0.726315771092098,"social_isolation_avg"
"6314","LRFN2","Exc L4-5 RORB IL1RAPL2",-0.0219888820266382,7.59577926179864,1.17436992902786,0.280083312237222,0.611240640235348,0.611240640235348,"social_isolation_avg"
"6315","OARD1","Exc L4-5 RORB IL1RAPL2",0.0472932583438531,3.76786981510502,1.94209095026698,0.165312565073651,0.468888913599677,0.468888913599677,"social_isolation_avg"
"6316","APOBEC2","Exc L4-5 RORB IL1RAPL2",0.0393370936587369,-0.285526176687485,0.0649414596017639,0.799166435144906,0.943541448315508,0.943541448315508,"social_isolation_avg"
"6317","NFYA","Exc L4-5 RORB IL1RAPL2",-0.0587868139020056,2.62902703340847,1.49386166998469,0.234547366503735,0.557661563410049,0.557661563410049,"social_isolation_avg"
"6318","FOXP4","Exc L4-5 RORB IL1RAPL2",-0.0288493968280799,3.41360198104362,0.567351962675687,0.452384569738968,0.752555692283367,0.752555692283367,"social_isolation_avg"
"6319","TFEB","Exc L4-5 RORB IL1RAPL2",-1.2115431566131,-0.393697104588913,13.7590347590766,0.000283457212426684,0.0106731089851647,0.0106731089851647,"social_isolation_avg"
"6320","PGC","Exc L4-5 RORB IL1RAPL2",0.349497734298303,0.216918720380933,7.66370247415909,0.0062776955064125,0.0754831802536607,0.0754831802536607,"social_isolation_avg"
"6321","AL365205.3","Exc L4-5 RORB IL1RAPL2",0.0388304270589729,-0.296650571364374,0.0706059248597824,0.790787708323906,0.940978191887091,0.940978191887091,"social_isolation_avg"
"6322","FRS3","Exc L4-5 RORB IL1RAPL2",0.0278021676792889,3.48644983945965,0.345512182644525,0.557466798473332,0.821610008873182,0.821610008873182,"social_isolation_avg"
"6323","AL365205.1","Exc L4-5 RORB IL1RAPL2",-0.0095152209198291,1.21696504460247,0.016700543056761,0.90333286802855,0.978393297244221,0.978393297244221,"social_isolation_avg"
"6324","USP49","Exc L4-5 RORB IL1RAPL2",0.055920969861344,6.00894602080212,8.14041184424811,0.00488262157457187,0.0645646037609663,0.0645646037609663,"social_isolation_avg"
"6325","MED20","Exc L4-5 RORB IL1RAPL2",0.0445129990008427,2.16981213635332,0.866595274211275,0.463288449771587,0.760333138878325,0.760333138878325,"social_isolation_avg"
"6326","BYSL","Exc L4-5 RORB IL1RAPL2",-0.173916102431641,1.01770179341209,5.5081406825107,0.0201132674621175,0.148791318038955,0.148791318038955,"social_isolation_avg"
"6327","CCND3","Exc L4-5 RORB IL1RAPL2",0.0332004734052729,6.69654065546875,1.54912499884539,0.215026459473658,0.534196745313774,0.534196745313774,"social_isolation_avg"
"6328","TAF8","Exc L4-5 RORB IL1RAPL2",0.0271297094384781,4.04900206126073,0.724383539786566,0.800914205899323,0.944592513234501,0.944592513234501,"social_isolation_avg"
"6329","C6orf132","Exc L4-5 RORB IL1RAPL2",-0.061285842386522,0.0340622212173249,0.243958564572418,0.622017225291817,0.858250413457774,0.858250413457774,"social_isolation_avg"
"6330","GUCA1A","Exc L4-5 RORB IL1RAPL2",0.398324691306901,-0.797147807673629,4.91082315477819,0.0280546127723064,0.180306157698644,0.180306157698644,"social_isolation_avg"
"6331","GUCA1B","Exc L4-5 RORB IL1RAPL2",-0.00979107922765831,2.34939381431978,0.0171024109353402,0.896111384597062,0.976346158479904,0.976346158479904,"social_isolation_avg"
"6332","MRPS10","Exc L4-5 RORB IL1RAPL2",0.0191188029584379,3.82959199245307,0.354976863103938,0.552124202088208,0.818207630393494,0.818207630393494,"social_isolation_avg"
"6333","TRERF1","Exc L4-5 RORB IL1RAPL2",0.0181587337048188,6.29184190205481,0.396919998445872,0.52955412871026,0.807063525519681,0.807063525519681,"social_isolation_avg"
"6334","UBR2","Exc L4-5 RORB IL1RAPL2",0.0310161466002914,7.45034071936472,3.14883502687672,0.0778219160982526,0.320589696167001,0.320589696167001,"social_isolation_avg"
"6335","PRPH2","Exc L4-5 RORB IL1RAPL2",-0.000739914684510871,1.78211521094632,5.8293647197387e-05,0.993917395272844,0.999452588532504,0.999452588532504,"social_isolation_avg"
"6336","TBCC","Exc L4-5 RORB IL1RAPL2",-0.122195930453234,3.45239143886439,10.5607228389481,0.00139960258154958,0.0293265564180504,0.0293265564180504,"social_isolation_avg"
"6337","BICRAL","Exc L4-5 RORB IL1RAPL2",0.0406957559393202,7.36994455989024,8.58695360606029,0.00386500774872516,0.0559096419064441,0.0559096419064441,"social_isolation_avg"
"6338","RPL7L1","Exc L4-5 RORB IL1RAPL2",-0.0941980715028059,5.65383727428924,19.6961007083436,1.65281172118692e-05,0.00190688113271815,0.00190688113271815,"social_isolation_avg"
"6339","C6orf226","Exc L4-5 RORB IL1RAPL2",-0.0378256270897398,1.93733806993495,0.374325196126268,0.778923740271035,0.936222594947799,0.936222594947799,"social_isolation_avg"
"6340","CNPY3","Exc L4-5 RORB IL1RAPL2",-0.0672554772265116,3.55122939315227,3.77553012146232,0.0537063212677604,0.262849794285384,0.262849794285384,"social_isolation_avg"
"6341","AL035587.1","Exc L4-5 RORB IL1RAPL2",0.0712611260408107,4.78487644138404,4.10887729579068,0.0442654708097244,0.235104027993944,0.235104027993944,"social_isolation_avg"
"6342","GNMT","Exc L4-5 RORB IL1RAPL2",0.000393555374224886,0.584528955045319,7.75767732870533e-06,0.997781044887709,0.999683089770736,0.999683089770736,"social_isolation_avg"
"6343","PEX6","Exc L4-5 RORB IL1RAPL2",-0.0110735227109871,5.2769199472349,0.130626725416677,0.718244660843931,0.908052066539357,0.908052066539357,"social_isolation_avg"
"6344","PPP2R5D","Exc L4-5 RORB IL1RAPL2",-0.019219742658234,4.70987947818629,0.623872357823258,0.430743525521194,0.736299416965084,0.736299416965084,"social_isolation_avg"
"6345","MEA1","Exc L4-5 RORB IL1RAPL2",-0.0983915258591416,3.38330229806326,5.29553331181516,0.0226288239394565,0.159331575981211,0.159331575981211,"social_isolation_avg"
"6346","KLHDC3","Exc L4-5 RORB IL1RAPL2",-0.0752659531460831,6.14585236688103,14.1516371742797,0.000233828646856487,0.00949414555187036,0.00949414555187036,"social_isolation_avg"
"6347","RRP36","Exc L4-5 RORB IL1RAPL2",-0.0393180509603865,4.23070738771718,1.60099391806122,0.466305378750971,0.762337462809969,0.762337462809969,"social_isolation_avg"
"6348","AL136304.1","Exc L4-5 RORB IL1RAPL2",-0.187771062470494,-0.300322675624754,1.61879098353824,0.205047330714728,0.521951803434821,0.521951803434821,"social_isolation_avg"
"6349","CUL7","Exc L4-5 RORB IL1RAPL2",-0.0168741769248975,3.43225801205895,0.19534882373288,0.659079335119157,0.878351304194848,0.878351304194848,"social_isolation_avg"
"6350","KLC4","Exc L4-5 RORB IL1RAPL2",0.0175448797271239,5.09920823851136,0.544937368897481,0.461440453250082,0.759324014770289,0.759324014770289,"social_isolation_avg"
"6351","MRPL2","Exc L4-5 RORB IL1RAPL2",-0.0698417674416126,3.12189392192426,2.7527366696219,0.0989842979576502,0.364497317293757,0.364497317293757,"social_isolation_avg"
"6352","PTK7","Exc L4-5 RORB IL1RAPL2",0.0119109495466776,4.54709776108057,0.0944482135936682,0.758983405577565,0.927125861071469,0.927125861071469,"social_isolation_avg"
"6353","SRF","Exc L4-5 RORB IL1RAPL2",0.0248252372268844,3.39027822024002,0.534670578204739,0.465685115402427,0.76195994649395,0.76195994649395,"social_isolation_avg"
"6354","CUL9","Exc L4-5 RORB IL1RAPL2",0.0126433217901692,5.02245400647657,0.21417549279587,0.644122860798155,0.869655563901629,0.869655563901629,"social_isolation_avg"
"6355","DNPH1","Exc L4-5 RORB IL1RAPL2",-0.177663880085192,2.46959398615556,8.86383049717918,0.00334619989615521,0.0512659499879779,0.0512659499879779,"social_isolation_avg"
"6356","TTBK1","Exc L4-5 RORB IL1RAPL2",0.0119031458838016,5.20450018047016,0.333032674616133,0.564663903785974,0.826725939162625,0.826725939162625,"social_isolation_avg"
"6357","CRIP3","Exc L4-5 RORB IL1RAPL2",0.00288607491204703,1.69631363998069,0.00136494311173087,0.970573330247085,0.994985819254082,0.994985819254082,"social_isolation_avg"
"6358","ZNF318","Exc L4-5 RORB IL1RAPL2",0.0319113862324669,5.48520983278071,2.56526401798326,0.111143654353599,0.38525771190594,0.38525771190594,"social_isolation_avg"
"6359","ABCC10","Exc L4-5 RORB IL1RAPL2",-0.00390058132681225,4.83682795630311,0.02115679395493,0.884529843725823,0.973600300938703,0.973600300938703,"social_isolation_avg"
"6360","DLK2","Exc L4-5 RORB IL1RAPL2",-0.105990417168063,2.25349879983346,3.74486084106714,0.054677070600367,0.26539343478524,0.26539343478524,"social_isolation_avg"
"6361","TJAP1","Exc L4-5 RORB IL1RAPL2",0.0332972520460315,3.851610907286,1.02697043346828,0.312352353633986,0.641278090615088,0.641278090615088,"social_isolation_avg"
"6362","LRRC73","Exc L4-5 RORB IL1RAPL2",-0.128370575243442,2.1774006941839,4.72623868904912,0.0311279696077414,0.19255375518228,0.19255375518228,"social_isolation_avg"
"6363","POLR1C","Exc L4-5 RORB IL1RAPL2",0.0266807450086796,4.07129137076607,0.637848055357805,0.425637128851062,0.731933478303877,0.731933478303877,"social_isolation_avg"
"6364","YIPF3","Exc L4-5 RORB IL1RAPL2",-0.111547090860447,4.54802599639483,14.1176981239635,0.000237745087985763,0.00959141750485848,0.00959141750485848,"social_isolation_avg"
"6365","XPO5","Exc L4-5 RORB IL1RAPL2",0.00211403931913158,5.66118003774928,0.0116026085419048,0.914352080980873,0.981804260896158,0.981804260896158,"social_isolation_avg"
"6366","POLH","Exc L4-5 RORB IL1RAPL2",0.0624739307308604,4.05442113548556,4.5877645150561,0.0336654129005242,0.200561485356051,0.200561485356051,"social_isolation_avg"
"6367","POLH-AS1","Exc L4-5 RORB IL1RAPL2",0.299556001632501,-0.375770607329393,4.12232054440336,0.0439239200054629,0.234135939532997,0.234135939532997,"social_isolation_avg"
"6368","GTPBP2","Exc L4-5 RORB IL1RAPL2",-0.0180757457916766,3.25786382932025,0.159083439949299,0.690516556316101,0.893676052256912,0.893676052256912,"social_isolation_avg"
"6369","MAD2L1BP","Exc L4-5 RORB IL1RAPL2",-0.0756090824862724,2.20059371353933,1.88329441462934,0.171819516099924,0.476569280752994,0.476569280752994,"social_isolation_avg"
"6370","RSPH9","Exc L4-5 RORB IL1RAPL2",-0.101003886536886,1.4761788704219,1.77653000464263,0.184410244680525,0.492064058609535,0.492064058609535,"social_isolation_avg"
"6371","MRPS18A","Exc L4-5 RORB IL1RAPL2",-0.102041954800333,3.05189752815378,6.22148126192534,0.0136036272330554,0.11729838231535,0.11729838231535,"social_isolation_avg"
"6372","VEGFA","Exc L4-5 RORB IL1RAPL2",0.03104103450152,3.09419989504118,0.126258564988893,0.722796275904473,0.90980329253221,0.90980329253221,"social_isolation_avg"
"6373","AL109615.3","Exc L4-5 RORB IL1RAPL2",0.146032283414949,3.27605067252403,1.84122153786127,0.176657930541359,0.482952393105409,0.482952393105409,"social_isolation_avg"
"6374","MRPL14","Exc L4-5 RORB IL1RAPL2",-0.159449326716499,2.95224382867782,13.6702148616707,0.00029610218097465,0.0110150383474022,0.0110150383474022,"social_isolation_avg"
"6375","TMEM63B","Exc L4-5 RORB IL1RAPL2",0.0190116405175138,5.66864611161311,0.614001500539689,0.434406460570987,0.739108613234777,0.739108613234777,"social_isolation_avg"
"6376","CAPN11","Exc L4-5 RORB IL1RAPL2",0.0976050168707134,-0.474185234222335,0.360028107854335,0.921756063807623,0.983427396790068,0.983427396790068,"social_isolation_avg"
"6377","SLC29A1","Exc L4-5 RORB IL1RAPL2",-0.0106245183522152,4.62145303689146,0.0797435579047488,0.777998511759093,0.935858673440101,0.935858673440101,"social_isolation_avg"
"6378","HSP90AB1","Exc L4-5 RORB IL1RAPL2",-0.110826795385886,8.51549079784175,17.6907851113205,4.25001730281639e-05,0.0033241987096859,0.0033241987096859,"social_isolation_avg"
"6379","SLC35B2","Exc L4-5 RORB IL1RAPL2",-0.0712272853606378,2.20919956004908,1.63614373341339,0.202648106615953,0.518359446435101,0.518359446435101,"social_isolation_avg"
"6380","NFKBIE","Exc L4-5 RORB IL1RAPL2",-0.276436215728543,1.00084571493197,9.75883940763025,0.00210789545044237,0.0387594653234404,0.0387594653234404,"social_isolation_avg"
"6381","TMEM151B","Exc L4-5 RORB IL1RAPL2",-0.0809909418741531,1.48683259600592,1.00081972623498,0.363827166290981,0.682894860438035,0.682894860438035,"social_isolation_avg"
"6382","AL353588.1","Exc L4-5 RORB IL1RAPL2",-0.0168040471507547,1.08104715838102,0.0372428795039033,0.847208300255341,0.961782459298693,0.961782459298693,"social_isolation_avg"
"6383","TCTE1","Exc L4-5 RORB IL1RAPL2",-0.0341300008729558,1.82382818490595,0.323159870187703,0.747896229696508,0.921915827782467,0.921915827782467,"social_isolation_avg"
"6384","AARS2","Exc L4-5 RORB IL1RAPL2",-0.0225198969202464,2.81298744868586,0.262795256511801,0.959205650526522,0.991734018385671,0.991734018385671,"social_isolation_avg"
"6385","CDC5L","Exc L4-5 RORB IL1RAPL2",-0.0276221807155798,5.24880601666113,1.57441511580515,0.211338198151833,0.529894739941318,0.529894739941318,"social_isolation_avg"
"6386","SUPT3H","Exc L4-5 RORB IL1RAPL2",0.0208154636637479,8.07161091956318,1.15051809228527,0.285004183036672,0.61622261995622,0.61622261995622,"social_isolation_avg"
"6387","RUNX2","Exc L4-5 RORB IL1RAPL2",0.025872930182949,3.76583969699483,0.170358262452622,0.680328467432931,0.888219610822166,0.888219610822166,"social_isolation_avg"
"6388","AL096865.1","Exc L4-5 RORB IL1RAPL2",0.135467482035507,-0.264400562585718,0.808293514425476,0.369933054593303,0.688051603276857,0.688051603276857,"social_isolation_avg"
"6389","CLIC5","Exc L4-5 RORB IL1RAPL2",-0.0141520766496389,3.88003256815657,0.0695951207631202,0.792255794590697,0.941473142999083,0.941473142999083,"social_isolation_avg"
"6390","AL035701.1","Exc L4-5 RORB IL1RAPL2",0.0484446886036679,3.1153721535367,0.918242392212379,0.339336359584993,0.66298650851067,0.66298650851067,"social_isolation_avg"
"6391","ENPP4","Exc L4-5 RORB IL1RAPL2",-0.0374482670485548,4.73785454795928,1.93885100685646,0.165663631322368,0.469029113908503,0.469029113908503,"social_isolation_avg"
"6392","ENPP5","Exc L4-5 RORB IL1RAPL2",-0.0672653926529817,4.58668101905258,4.41520160937401,0.0371366646025593,0.212930903375044,0.212930903375044,"social_isolation_avg"
"6393","RCAN2","Exc L4-5 RORB IL1RAPL2",-0.0947660731539181,7.21293664110177,8.02790418597259,0.00518009146129644,0.0668571013227762,0.0668571013227762,"social_isolation_avg"
"6394","AL359633.2","Exc L4-5 RORB IL1RAPL2",-0.302340093980625,0.0549466636050412,3.75069401462108,0.0544910023328118,0.26484054845598,0.26484054845598,"social_isolation_avg"
"6395","CYP39A1","Exc L4-5 RORB IL1RAPL2",-0.485186992292436,1.62084922743615,17.7294340393263,4.17277163974562e-05,0.00331764011960296,0.00331764011960296,"social_isolation_avg"
"6396","SLC25A27","Exc L4-5 RORB IL1RAPL2",-0.0297841180429923,5.89478052327608,1.44483588829935,0.231077579021668,0.553305349616425,0.553305349616425,"social_isolation_avg"
"6397","AL591242.1","Exc L4-5 RORB IL1RAPL2",0.0458550025658299,1.55375717246991,0.299623933438109,0.584856574155867,0.838719966621431,0.838719966621431,"social_isolation_avg"
"6398","TDRD6","Exc L4-5 RORB IL1RAPL2",-0.0456654427594264,3.75097303269922,0.985873011719077,0.322204393624163,0.649523687594586,0.649523687594586,"social_isolation_avg"
"6399","PLA2G7","Exc L4-5 RORB IL1RAPL2",0.17329425956203,0.956275696766174,2.24673093275027,0.135804387968068,0.424509305260832,0.424509305260832,"social_isolation_avg"
"6400","ADGRF5","Exc L4-5 RORB IL1RAPL2",0.00904148548638431,2.97778365367166,0.018001918555528,0.893430398565684,0.975474727711369,0.975474727711369,"social_isolation_avg"
"6401","TNFRSF21","Exc L4-5 RORB IL1RAPL2",-0.0295437572912644,5.14235978740851,1.23978511488464,0.267128993395704,0.597188433576997,0.597188433576997,"social_isolation_avg"
"6402","AL355353.1","Exc L4-5 RORB IL1RAPL2",0.02333881463683,0.0752868811111064,0.0338136558012343,0.854329135609955,0.962703923225297,0.962703923225297,"social_isolation_avg"
"6403","CD2AP","Exc L4-5 RORB IL1RAPL2",0.0481360631200599,5.54629844372834,4.50122093565804,0.0353613354306637,0.206058462483396,0.206058462483396,"social_isolation_avg"
"6404","ADGRF4","Exc L4-5 RORB IL1RAPL2",-0.133381872446399,0.283954574716909,0.889427710832166,0.347008801570579,0.669769818883701,0.669769818883701,"social_isolation_avg"
"6405","OPN5","Exc L4-5 RORB IL1RAPL2",-0.209953048181965,0.63797105376754,3.57387651362736,0.0604451113479605,0.280108241933569,0.280108241933569,"social_isolation_avg"
"6406","PTCHD4","Exc L4-5 RORB IL1RAPL2",-0.0247985140252824,7.03227641280985,0.585336384531649,0.445319135315665,0.746642892463792,0.746642892463792,"social_isolation_avg"
"6407","MUT","Exc L4-5 RORB IL1RAPL2",-0.0542712441288096,4.65353642423768,4.26494522815585,0.0404678321916269,0.223690287145128,0.223690287145128,"social_isolation_avg"
"6408","CENPQ","Exc L4-5 RORB IL1RAPL2",0.0193598621801548,2.40566950867786,0.143462357757886,0.70534898791087,0.901872428724258,0.901872428724258,"social_isolation_avg"
"6409","TFAP2D","Exc L4-5 RORB IL1RAPL2",0.0857058088439354,1.70897440300324,0.389404586437109,0.533472792538289,0.809278084207705,0.809278084207705,"social_isolation_avg"
"6410","PKHD1","Exc L4-5 RORB IL1RAPL2",0.0668820435846379,3.14864183786797,0.488644751843826,0.485514889497834,0.776602183125245,0.776602183125245,"social_isolation_avg"
"6411","MCM3","Exc L4-5 RORB IL1RAPL2",0.0204240375306784,2.14385786827037,0.141328307956157,0.752440949884186,0.924435018475783,0.924435018475783,"social_isolation_avg"
"6412","EFHC1","Exc L4-5 RORB IL1RAPL2",0.0596887602646796,5.20509801407565,5.52200489943423,0.0199597317381329,0.148101209496946,0.148101209496946,"social_isolation_avg"
"6413","TRAM2","Exc L4-5 RORB IL1RAPL2",-0.0161536989253986,3.36167115223582,0.0934271964219212,0.76024916778433,0.92787630523915,0.92787630523915,"social_isolation_avg"
"6414","TRAM2-AS1","Exc L4-5 RORB IL1RAPL2",-0.146572107507341,1.02524344370748,2.33544769792988,0.128369951348065,0.412444871702621,0.412444871702621,"social_isolation_avg"
"6415","TMEM14A","Exc L4-5 RORB IL1RAPL2",0.0212480124356764,5.53903136883022,0.525586362730362,0.469493395066272,0.764763605143433,0.764763605143433,"social_isolation_avg"
"6416","GSTA4","Exc L4-5 RORB IL1RAPL2",-0.00406868015685351,6.14068669607793,0.0369383300001767,0.847826570247896,0.961873912835597,0.961873912835597,"social_isolation_avg"
"6417","ICK","Exc L4-5 RORB IL1RAPL2",-0.0231970132436842,3.99814246418124,0.394179553916234,0.530976999916602,0.807944845656799,0.807944845656799,"social_isolation_avg"
"6418","FBXO9","Exc L4-5 RORB IL1RAPL2",0.017155583659902,5.99432327569665,0.630021848256806,0.428485262191717,0.734542151478902,0.734542151478902,"social_isolation_avg"
"6419","ELOVL5","Exc L4-5 RORB IL1RAPL2",0.000852229371536986,5.35996796102011,0.000691897035403083,0.979046644611478,0.996876364716566,0.996876364716566,"social_isolation_avg"
"6420","GCLC","Exc L4-5 RORB IL1RAPL2",-0.00999843904481612,4.86039701593327,0.167678134232842,0.682713755819769,0.889766288322486,0.889766288322486,"social_isolation_avg"
"6421","LRRC1","Exc L4-5 RORB IL1RAPL2",0.00458836400858015,3.48333350632132,0.00625241963688979,0.937070804727788,0.987525930191257,0.987525930191257,"social_isolation_avg"
"6422","MLIP","Exc L4-5 RORB IL1RAPL2",-0.0910458412233844,7.5573949977881,4.53703104218462,0.03464890474741,0.203558013710174,0.203558013710174,"social_isolation_avg"
"6423","MLIP-AS1","Exc L4-5 RORB IL1RAPL2",-0.0435261104974535,-0.0762822130525894,0.121309084757413,0.813065862246651,0.950559079342002,0.950559079342002,"social_isolation_avg"
"6424","TINAG","Exc L4-5 RORB IL1RAPL2",-0.0516313306609677,1.52374325594603,0.345819076036889,0.557292024363692,0.821544401479191,0.821544401479191,"social_isolation_avg"
"6425","HCRTR2","Exc L4-5 RORB IL1RAPL2",0.0338520425291876,0.462022239095295,0.065446049463009,0.798404619085031,0.94343951658597,0.94343951658597,"social_isolation_avg"
"6426","GFRAL","Exc L4-5 RORB IL1RAPL2",0.171568960616857,0.385300412262496,2.15850982815991,0.143682747972613,0.438063370027364,0.438063370027364,"social_isolation_avg"
"6427","HMGCLL1","Exc L4-5 RORB IL1RAPL2",0.030026458907899,6.99573706272423,2.19716471845472,0.140168788301155,0.432927924991907,0.432927924991907,"social_isolation_avg"
"6428","BMP5","Exc L4-5 RORB IL1RAPL2",0.128768287562807,0.577700256271003,0.977992573705334,0.324140303493225,0.651551968808596,0.651551968808596,"social_isolation_avg"
"6429","COL21A1","Exc L4-5 RORB IL1RAPL2",0.0844613602249884,6.87210302670636,3.11451829646733,0.0794442195923799,0.323793487273724,0.323793487273724,"social_isolation_avg"
"6430","DST","Exc L4-5 RORB IL1RAPL2",0.0433604542057513,9.31029833507986,7.8070838790416,0.00581946158675802,0.0721559847202153,0.0721559847202153,"social_isolation_avg"
"6431","AL512422.1","Exc L4-5 RORB IL1RAPL2",0.131526689011413,3.18718007992188,5.56751005835103,0.019464343124544,0.14631896553814,0.14631896553814,"social_isolation_avg"
"6432","BEND6","Exc L4-5 RORB IL1RAPL2",0.0385895202823843,6.51264136774906,2.33088133074051,0.128741238639621,0.412936595406047,0.412936595406047,"social_isolation_avg"
"6433","KIAA1586","Exc L4-5 RORB IL1RAPL2",0.0271890562331646,4.50124612861879,0.824866341945114,0.365083422737535,0.684044850012377,0.684044850012377,"social_isolation_avg"
"6434","ZNF451","Exc L4-5 RORB IL1RAPL2",0.056110574732645,6.84167362160562,11.8400053698949,0.000734106832666273,0.0193188345039886,0.0193188345039886,"social_isolation_avg"
"6435","ZNF451-AS1","Exc L4-5 RORB IL1RAPL2",0.0472656252319033,2.74635491522855,0.709874024457205,0.569750102154063,0.829504592402049,0.829504592402049,"social_isolation_avg"
"6436","BAG2","Exc L4-5 RORB IL1RAPL2",0.0115468654174929,3.53911223914422,0.114762391500016,0.823354434369208,0.953233142795067,0.953233142795067,"social_isolation_avg"
"6437","RAB23","Exc L4-5 RORB IL1RAPL2",-0.036550866752649,3.94742147080628,1.45772985770741,0.229016465904999,0.551083242469716,0.551083242469716,"social_isolation_avg"
"6438","PRIM2","Exc L4-5 RORB IL1RAPL2",0.0146543016051053,5.82236215985789,0.293165667149496,0.588928024152835,0.840608565554903,0.840608565554903,"social_isolation_avg"
"6439","AL021368.3","Exc L4-5 RORB IL1RAPL2",-0.00490237602519624,2.84186927206381,0.00790828116638208,0.92924637313442,0.984597165336141,0.984597165336141,"social_isolation_avg"
"6440","AL021368.1","Exc L4-5 RORB IL1RAPL2",0.0959789332810854,1.78494290904117,1.97874162703746,0.161400343225446,0.463477901679869,0.463477901679869,"social_isolation_avg"
"6441","AL021368.2","Exc L4-5 RORB IL1RAPL2",0.0439998242587651,3.86134951511198,1.14227519364379,0.286730374174116,0.617836853404903,0.617836853404903,"social_isolation_avg"
"6442","AL445250.1","Exc L4-5 RORB IL1RAPL2",0.0019955871861038,5.54826789669792,0.000980739335094893,0.975054706958268,0.996257855523055,0.996257855523055,"social_isolation_avg"
"6443","KHDRBS2","Exc L4-5 RORB IL1RAPL2",0.0140546623337552,9.98469682090305,0.411429899295825,0.522133041834815,0.80224140659446,0.80224140659446,"social_isolation_avg"
"6444","FKBP1C","Exc L4-5 RORB IL1RAPL2",-0.453046128425969,-0.431379749078702,7.89977041292303,0.0055417263779555,0.069810256189944,0.069810256189944,"social_isolation_avg"
"6445","PTP4A1","Exc L4-5 RORB IL1RAPL2",-0.0853963877886889,4.38012923590256,8.15283515026747,0.00485087109047371,0.0644545870104305,0.0644545870104305,"social_isolation_avg"
"6446","PHF3","Exc L4-5 RORB IL1RAPL2",0.0219388238079237,7.0628761203087,1.3131960636143,0.253473077896617,0.581177110095225,0.581177110095225,"social_isolation_avg"
"6447","EYS","Exc L4-5 RORB IL1RAPL2",0.077904566903322,3.36008602974707,3.08279220273435,0.0809768013669938,0.326791118521018,0.326791118521018,"social_isolation_avg"
"6448","AL354719.2","Exc L4-5 RORB IL1RAPL2",0.239549409524631,-0.931729198508974,1.20717260218436,0.273490553172302,0.603192009567164,0.603192009567164,"social_isolation_avg"
"6449","AL357375.1","Exc L4-5 RORB IL1RAPL2",0.0836762364339018,-0.269829206720542,0.411468698592034,0.522113446846594,0.80224140659446,0.80224140659446,"social_isolation_avg"
"6450","AL391807.1","Exc L4-5 RORB IL1RAPL2",-0.00716559528440513,5.82927305460962,0.0420219575013549,0.837830133909892,0.957570761927458,0.957570761927458,"social_isolation_avg"
"6451","ADGRB3","Exc L4-5 RORB IL1RAPL2",0.0198328286225139,11.655868253399,2.53267349178598,0.113421754669513,0.388707303043262,0.388707303043262,"social_isolation_avg"
"6452","LMBRD1","Exc L4-5 RORB IL1RAPL2",0.00581086215980319,6.71230923792584,0.130748716740926,0.71811878977597,0.907986943366468,0.907986943366468,"social_isolation_avg"
"6453","COL19A1","Exc L4-5 RORB IL1RAPL2",0.0506199816165254,6.02699253171637,1.25712325626541,0.263822543148073,0.594071624769321,0.594071624769321,"social_isolation_avg"
"6454","FAM135A","Exc L4-5 RORB IL1RAPL2",0.027781806759018,7.17377376694278,2.8174961566718,0.0951312496201171,0.356784613292812,0.356784613292812,"social_isolation_avg"
"6455","SDHAF4","Exc L4-5 RORB IL1RAPL2",-0.0131909771945424,3.53488377741795,0.116579126188357,0.733208381900235,0.914625250127528,0.914625250127528,"social_isolation_avg"
"6456","AL583856.2","Exc L4-5 RORB IL1RAPL2",-0.158396202432489,0.819156015811086,3.50567537726266,0.0629251320685908,0.285120865486964,0.285120865486964,"social_isolation_avg"
"6457","SMAP1","Exc L4-5 RORB IL1RAPL2",0.0158559717863613,7.48052661178183,0.793280340295031,0.374404597060594,0.693202735516488,0.693202735516488,"social_isolation_avg"
"6458","B3GAT2","Exc L4-5 RORB IL1RAPL2",0.0169305173221533,3.93517188705539,0.101905152073064,0.749958306845582,0.922924300736601,0.922924300736601,"social_isolation_avg"
"6459","OGFRL1","Exc L4-5 RORB IL1RAPL2",-0.00868870815248682,6.05484368717906,0.0949499074178752,0.758364196326356,0.926862246223609,0.926862246223609,"social_isolation_avg"
"6460","AL136164.2","Exc L4-5 RORB IL1RAPL2",0.070458294949749,0.85215931744673,0.317003973835063,0.574176628407489,0.831980087769803,0.831980087769803,"social_isolation_avg"
"6461","LINC00472","Exc L4-5 RORB IL1RAPL2",-0.233499160152798,0.0998934102874388,3.07390602143324,0.081411808646753,0.327673437865393,0.327673437865393,"social_isolation_avg"
"6462","RIMS1","Exc L4-5 RORB IL1RAPL2",0.00979399747378618,9.60481347081583,0.489310629163676,0.485218175429093,0.776521449487766,0.776521449487766,"social_isolation_avg"
"6463","KCNQ5","Exc L4-5 RORB IL1RAPL2",0.031668745548429,11.4602401056636,3.21976759848389,0.0745814653897878,0.312642960439159,0.312642960439159,"social_isolation_avg"
"6464","AL365232.1","Exc L4-5 RORB IL1RAPL2",0.175178490265667,1.57195980238093,5.61379499329727,0.0189736206904445,0.144060945860313,0.144060945860313,"social_isolation_avg"
"6465","KHDC1","Exc L4-5 RORB IL1RAPL2",0.0456604679375962,5.01584329574951,3.06899830327658,0.0816531472203805,0.328435203774834,0.328435203774834,"social_isolation_avg"
"6466","AC019205.1","Exc L4-5 RORB IL1RAPL2",0.0684959987378506,5.74490406585623,7.61365466334552,0.00644627329962144,0.0766624368963779,0.0766624368963779,"social_isolation_avg"
"6467","OOEP","Exc L4-5 RORB IL1RAPL2",-0.162519896243624,3.71578709013816,5.54581533331261,0.0196988995193803,0.147146813188391,0.147146813188391,"social_isolation_avg"
"6468","DDX43","Exc L4-5 RORB IL1RAPL2",-0.0381889724519216,-0.388581803815383,0.0491656043065188,0.824795294374086,0.953583855066564,0.953583855066564,"social_isolation_avg"
"6469","CGAS","Exc L4-5 RORB IL1RAPL2",0.0130590632233759,0.986502929489657,0.0234882367753604,0.878381181915817,0.971685504065327,0.971685504065327,"social_isolation_avg"
"6470","MTO1","Exc L4-5 RORB IL1RAPL2",0.0356021248312095,4.40310873942643,1.75074211007451,0.187610829109511,0.496900778037838,0.496900778037838,"social_isolation_avg"
"6471","EEF1A1","Exc L4-5 RORB IL1RAPL2",-0.132654589125639,5.62002412606424,9.74162984743126,0.0021265991415254,0.0389725445631239,0.0389725445631239,"social_isolation_avg"
"6472","AL121972.1","Exc L4-5 RORB IL1RAPL2",-0.0640289531591836,0.248437810500822,0.386222435618319,0.535147892982313,0.809783531919253,0.809783531919253,"social_isolation_avg"
"6473","SLC17A5","Exc L4-5 RORB IL1RAPL2",0.0934790418333253,5.78955456226975,22.2921093940542,4.96886199639336e-06,0.000854689434852353,0.000854689434852353,"social_isolation_avg"
"6474","AL590428.1","Exc L4-5 RORB IL1RAPL2",-0.0469751240759677,0.822992038371528,0.264417864334053,0.633563189072514,0.865096997939023,0.865096997939023,"social_isolation_avg"
"6475","CD109","Exc L4-5 RORB IL1RAPL2",-0.00848550625795804,1.95709454503741,0.0134610830872999,0.907776012334138,0.979320338732308,0.979320338732308,"social_isolation_avg"
"6476","AL357507.1","Exc L4-5 RORB IL1RAPL2",0.0654183656343919,1.86210015575229,0.826947785656643,0.364480622649519,0.683511899204957,0.683511899204957,"social_isolation_avg"
"6477","AL356277.3","Exc L4-5 RORB IL1RAPL2",0.0465244336525677,0.955382284799078,0.288173370953532,0.660433126223677,0.878998322996809,0.878998322996809,"social_isolation_avg"
"6478","COL12A1","Exc L4-5 RORB IL1RAPL2",-0.0542625234777194,6.29961799857028,0.978401462659529,0.324039476351913,0.651418501068269,0.651418501068269,"social_isolation_avg"
"6479","COX7A2","Exc L4-5 RORB IL1RAPL2",-0.136946394452795,4.54754019574274,16.5461480638395,7.3358504328308e-05,0.00466226246839539,0.00466226246839539,"social_isolation_avg"
"6480","TMEM30A","Exc L4-5 RORB IL1RAPL2",-0.05941785090416,6.15330596410026,8.02303103288349,0.00519339017414966,0.0668918553336186,0.0668918553336186,"social_isolation_avg"
"6481","AL080250.1","Exc L4-5 RORB IL1RAPL2",-0.0360365015643055,2.19354923410437,0.387494223815402,0.534477271358951,0.809700884133067,0.809700884133067,"social_isolation_avg"
"6482","FILIP1","Exc L4-5 RORB IL1RAPL2",0.0542324556114929,4.06663841702549,0.824218189143204,0.365271415748418,0.684044850012377,0.684044850012377,"social_isolation_avg"
"6483","SENP6","Exc L4-5 RORB IL1RAPL2",0.0276811725068378,7.59721812979736,4.81107954889759,0.0296735566916886,0.186591348010448,0.186591348010448,"social_isolation_avg"
"6484","MYO6","Exc L4-5 RORB IL1RAPL2",0.0208558751736415,6.90970329543002,1.0518664252514,0.306576154940458,0.636810666374224,0.636810666374224,"social_isolation_avg"
"6485","IMPG1","Exc L4-5 RORB IL1RAPL2",-0.117832850491472,-0.105840746838421,1.03037154986217,0.366290302521054,0.684594735127667,0.684594735127667,"social_isolation_avg"
"6486","MEI4","Exc L4-5 RORB IL1RAPL2",0.116291764126819,2.17985616026293,1.54848723938066,0.215120460660733,0.534196745313774,0.534196745313774,"social_isolation_avg"
"6487","IRAK1BP1","Exc L4-5 RORB IL1RAPL2",0.0487919747754306,6.73291815115955,5.08684280621825,0.0254199541517964,0.170067192050522,0.170067192050522,"social_isolation_avg"
"6488","PHIP","Exc L4-5 RORB IL1RAPL2",0.0050858573312033,7.51235866482003,0.118835712891979,0.730738913796579,0.913267211869261,0.913267211869261,"social_isolation_avg"
"6489","HMGN3","Exc L4-5 RORB IL1RAPL2",0.01156828243142,6.77095383938119,0.176239558444057,0.675170165592593,0.885853595671414,0.885853595671414,"social_isolation_avg"
"6490","HMGN3-AS1","Exc L4-5 RORB IL1RAPL2",-0.244984765735135,0.486343869084382,4.91388915612924,0.0280063446883943,0.180199532610641,0.180199532610641,"social_isolation_avg"
"6491","LCA5","Exc L4-5 RORB IL1RAPL2",-0.0203434062341106,4.86416957075823,0.580126812325251,0.447347950232529,0.748255884578295,0.748255884578295,"social_isolation_avg"
"6492","AL451064.1","Exc L4-5 RORB IL1RAPL2",0.0253514880816338,0.0332955239655625,0.0334851677858088,0.855030485948392,0.962784933388745,0.962784933388745,"social_isolation_avg"
"6493","SH3BGRL2","Exc L4-5 RORB IL1RAPL2",-0.0080311657896307,6.82423112417159,0.229624162174399,0.632435980669203,0.864273210099576,0.864273210099576,"social_isolation_avg"
"6494","ELOVL4","Exc L4-5 RORB IL1RAPL2",-0.0134200161435935,5.79313033268112,0.372218109467227,0.54263551413171,0.813660967980387,0.813660967980387,"social_isolation_avg"
"6495","BCKDHB","Exc L4-5 RORB IL1RAPL2",-0.0169222922817201,6.10377254401854,0.374235543031799,0.541545020843893,0.812842593882891,0.812842593882891,"social_isolation_avg"
"6496","AL359715.3","Exc L4-5 RORB IL1RAPL2",0.00141428364238978,0.453308869210895,0.000189040998326261,0.989046637490765,0.998787747693845,0.998787747693845,"social_isolation_avg"
"6497","AL359715.1","Exc L4-5 RORB IL1RAPL2",-0.138515815299359,1.45273364644963,4.22425306737114,0.0414234500649845,0.226655031428448,0.226655031428448,"social_isolation_avg"
"6498","AL359715.2","Exc L4-5 RORB IL1RAPL2",-0.0823996544923041,-0.200172108922322,0.404518133501297,0.525644719124014,0.804851926588362,0.804851926588362,"social_isolation_avg"
"6499","TENT5A","Exc L4-5 RORB IL1RAPL2",0.112586125224686,0.397006976921467,0.511269598964282,0.475598452248802,0.769325324014669,0.769325324014669,"social_isolation_avg"
"6500","LINC02542","Exc L4-5 RORB IL1RAPL2",-0.128086455086392,-0.0285795327562126,0.954309482374287,0.33005228800028,0.655628529579714,0.655628529579714,"social_isolation_avg"
"6501","IBTK","Exc L4-5 RORB IL1RAPL2",0.036845053066017,6.67624576906242,4.08479580464551,0.0448843830977212,0.237090288272468,0.237090288272468,"social_isolation_avg"
"6502","TPBG","Exc L4-5 RORB IL1RAPL2",-0.0321176321456849,-0.666911645877787,0.0111404922846091,0.916068538547307,0.982314129660164,0.982314129660164,"social_isolation_avg"
"6503","UBE3D","Exc L4-5 RORB IL1RAPL2",0.0267577644114529,6.77706806460313,1.4975865364812,0.222784602784318,0.544051041466452,0.544051041466452,"social_isolation_avg"
"6504","DOPEY1","Exc L4-5 RORB IL1RAPL2",0.0382514248689187,7.27781922223515,6.48265442541744,0.0118070131274349,0.108552232936927,0.108552232936927,"social_isolation_avg"
"6505","PGM3","Exc L4-5 RORB IL1RAPL2",0.04648462471478,4.72344266411798,3.79481551513645,0.0531053480142445,0.261246771214496,0.261246771214496,"social_isolation_avg"
"6506","RWDD2A","Exc L4-5 RORB IL1RAPL2",0.0282086902408278,3.50196606041666,0.529873878814933,0.46768975620032,0.763253223828381,0.763253223828381,"social_isolation_avg"
"6507","ME1","Exc L4-5 RORB IL1RAPL2",0.00610442820752966,6.90377365180045,0.0539183292075494,0.816667422509248,0.951599926146172,0.951599926146172,"social_isolation_avg"
"6508","SNAP91","Exc L4-5 RORB IL1RAPL2",0.0417466307716705,8.94460284682204,6.82525176957444,0.00981607936764342,0.0973856090354214,0.0973856090354214,"social_isolation_avg"
"6509","RIPPLY2","Exc L4-5 RORB IL1RAPL2",-0.0642761286217308,3.17900218686876,1.98649540895006,0.160586388510034,0.462513819315805,0.462513819315805,"social_isolation_avg"
"6510","CYB5R4","Exc L4-5 RORB IL1RAPL2",0.0234846006597371,5.78152654572649,1.09463021263945,0.296975083925114,0.6274998678736,0.6274998678736,"social_isolation_avg"
"6511","AL034347.1","Exc L4-5 RORB IL1RAPL2",0.11450549377055,2.76419858899024,4.16857062602396,0.0427700749273467,0.230738120771083,0.230738120771083,"social_isolation_avg"
"6512","MRAP2","Exc L4-5 RORB IL1RAPL2",-0.0391083755475309,5.60891797263843,1.62004644468178,0.204872620213824,0.521792279858092,0.521792279858092,"social_isolation_avg"
"6513","CEP162","Exc L4-5 RORB IL1RAPL2",-0.0101178940936511,5.36371999232721,0.160315867597378,0.689382871613141,0.893289730031325,0.893289730031325,"social_isolation_avg"
"6514","LINC01611","Exc L4-5 RORB IL1RAPL2",-0.329784363879487,-0.199619971722185,1.66436698892068,0.198816612810279,0.513207248428825,0.513207248428825,"social_isolation_avg"
"6515","NT5E","Exc L4-5 RORB IL1RAPL2",-0.108934172642488,1.18626195611893,1.80058070860423,0.181482675676323,0.488037763853284,0.488037763853284,"social_isolation_avg"
"6516","SNX14","Exc L4-5 RORB IL1RAPL2",0.0440346246256095,6.38976805503593,7.17382830857176,0.00814466664112375,0.0874604072171977,0.0874604072171977,"social_isolation_avg"
"6517","AL589666.1","Exc L4-5 RORB IL1RAPL2",-0.0539661827404537,2.22847197947916,1.09753301394618,0.296337571424556,0.627181564756602,0.627181564756602,"social_isolation_avg"
"6518","SYNCRIP","Exc L4-5 RORB IL1RAPL2",0.0195100511912168,3.6671776534059,0.280258942753639,0.597241803286948,0.844756295482587,0.844756295482587,"social_isolation_avg"
"6519","HTR1E","Exc L4-5 RORB IL1RAPL2",0.0286629363762918,7.10497760373215,1.59026076517683,0.209065809361005,0.527181961164699,0.527181961164699,"social_isolation_avg"
"6520","AL139274.2","Exc L4-5 RORB IL1RAPL2",-0.0494038039373461,0.943452540122709,0.247819517907396,0.619276251202115,0.856214268267077,0.856214268267077,"social_isolation_avg"
"6521","ZNF292","Exc L4-5 RORB IL1RAPL2",0.0468800360091295,8.04466046951984,10.8649303264843,0.00119947229490168,0.0265441114524382,0.0265441114524382,"social_isolation_avg"
"6522","GJB7","Exc L4-5 RORB IL1RAPL2",0.0483677215442148,0.375384612924749,0.17940475021569,0.672435911490844,0.884557060922122,0.884557060922122,"social_isolation_avg"
"6523","SMIM8","Exc L4-5 RORB IL1RAPL2",0.0385909508179875,5.76484581224132,2.56741948352864,0.110994787024289,0.384967156759105,0.384967156759105,"social_isolation_avg"
"6524","SLC35A1","Exc L4-5 RORB IL1RAPL2",0.0452077553895791,4.12802762107038,1.17265827495841,0.280432825701119,0.611659468199438,0.611659468199438,"social_isolation_avg"
"6525","RARS2","Exc L4-5 RORB IL1RAPL2",0.0461921870599148,5.40465316316616,4.71229480092657,0.0313741020537614,0.1936168900715,0.1936168900715,"social_isolation_avg"
"6526","ORC3","Exc L4-5 RORB IL1RAPL2",0.0595432335031995,6.06833405013903,10.9612224004332,0.00114242509428216,0.0258562502498956,0.0258562502498956,"social_isolation_avg"
"6527","AKIRIN2","Exc L4-5 RORB IL1RAPL2",-0.0691209875735024,4.08272318565783,5.98828612473021,0.0154479036432608,0.126313649452955,0.126313649452955,"social_isolation_avg"
"6528","CNR1","Exc L4-5 RORB IL1RAPL2",-0.117672758997289,4.85057617410555,5.52395808830873,0.019938200250014,0.147999484868778,0.147999484868778,"social_isolation_avg"
"6529","RNGTT","Exc L4-5 RORB IL1RAPL2",0.0227631566450891,6.86631703330529,2.0118554857776,0.157956940490167,0.458038815481142,0.458038815481142,"social_isolation_avg"
"6530","PNRC1","Exc L4-5 RORB IL1RAPL2",-0.106825759777385,4.61889786406176,7.26477737966246,0.00775902395414395,0.0853537745560219,0.0853537745560219,"social_isolation_avg"
"6531","SRSF12","Exc L4-5 RORB IL1RAPL2",0.0688747909639098,4.53439312613869,5.26186114411275,0.0230564948619055,0.161176522298736,0.161176522298736,"social_isolation_avg"
"6532","PM20D2","Exc L4-5 RORB IL1RAPL2",0.0764371753834943,3.89445752898442,5.40243313517015,0.0213252566605018,0.153829653554462,0.153829653554462,"social_isolation_avg"
"6533","GABRR1","Exc L4-5 RORB IL1RAPL2",0.047428714717243,1.76006838435945,0.395392127684831,0.530346567793967,0.807731091680872,0.807731091680872,"social_isolation_avg"
"6534","GABRR2","Exc L4-5 RORB IL1RAPL2",0.0116265292526152,-0.225032226083097,0.00537778432029697,0.941629495174574,0.987984052456339,0.987984052456339,"social_isolation_avg"
"6535","UBE2J1","Exc L4-5 RORB IL1RAPL2",0.00941010207175282,4.84142398945195,0.152635734808051,0.696532230407214,0.897052389766332,0.897052389766332,"social_isolation_avg"
"6536","RRAGD","Exc L4-5 RORB IL1RAPL2",0.0362188929826695,4.62289027649374,1.68629014398897,0.195899442095385,0.508977638650653,0.508977638650653,"social_isolation_avg"
"6537","ANKRD6","Exc L4-5 RORB IL1RAPL2",0.0307111984646061,6.26650295178425,0.61415516343011,0.434349074459505,0.739108613234777,0.739108613234777,"social_isolation_avg"
"6538","LYRM2","Exc L4-5 RORB IL1RAPL2",0.0253753526706284,5.01169209546588,1.03185088272632,0.311208868068571,0.640459320505268,0.640459320505268,"social_isolation_avg"
"6539","MDN1","Exc L4-5 RORB IL1RAPL2",0.0714731908067116,6.73971743589819,21.74631992059,6.38543957966503e-06,0.00101528489316674,0.00101528489316674,"social_isolation_avg"
"6540","CASP8AP2","Exc L4-5 RORB IL1RAPL2",0.0836320018568447,5.83208702179647,14.954762128213,0.000158069594854695,0.00751466031217509,0.00751466031217509,"social_isolation_avg"
"6541","BACH2","Exc L4-5 RORB IL1RAPL2",0.00275288738856853,6.66139064907103,0.0104109932175201,0.918853139968256,0.983105896136627,0.983105896136627,"social_isolation_avg"
"6542","AL132996.1","Exc L4-5 RORB IL1RAPL2",-0.0417049911095517,0.669164689323116,0.155728131080866,0.902984108170736,0.978262943641483,0.978262943641483,"social_isolation_avg"
"6543","MAP3K7","Exc L4-5 RORB IL1RAPL2",0.0293477628454494,6.31079641174252,3.22316648667244,0.0744299109343494,0.312499430692387,0.312499430692387,"social_isolation_avg"
"6544","CASC6","Exc L4-5 RORB IL1RAPL2",-0.19248506890922,-0.610358134655351,0.985512604927463,0.322292595850463,0.649563081176673,0.649563081176673,"social_isolation_avg"
"6545","EPHA7","Exc L4-5 RORB IL1RAPL2",0.0140551750712426,7.0219310390761,0.341370912274878,0.559835510065178,0.823049548247337,0.823049548247337,"social_isolation_avg"
"6546","AL157378.1","Exc L4-5 RORB IL1RAPL2",-0.102064261191574,-0.153490117729567,0.578459652753336,0.448000253642165,0.748751240982545,0.748751240982545,"social_isolation_avg"
"6547","MANEA-DT","Exc L4-5 RORB IL1RAPL2",0.00319475991030017,1.24472869863186,0.0019420136131481,0.993638959965317,0.999452588532504,0.999452588532504,"social_isolation_avg"
"6548","MANEA","Exc L4-5 RORB IL1RAPL2",-0.037949905057421,2.91915050128519,0.584745555997807,0.466614225369467,0.762418631970266,0.762418631970266,"social_isolation_avg"
"6549","FUT9","Exc L4-5 RORB IL1RAPL2",0.00984731805909759,8.43569192705209,0.301234382607013,0.583850205196113,0.838364400018437,0.838364400018437,"social_isolation_avg"
"6550","UFL1-AS1","Exc L4-5 RORB IL1RAPL2",0.12389483680718,3.79723655016837,3.93745315526013,0.0488773891580815,0.248445086654748,0.248445086654748,"social_isolation_avg"
"6551","UFL1","Exc L4-5 RORB IL1RAPL2",0.0522516038904109,4.7083653164655,4.48545251651739,0.0356799349274264,0.207157085802158,0.207157085802158,"social_isolation_avg"
"6552","AL033379.1","Exc L4-5 RORB IL1RAPL2",0.0299516656633672,1.42582766453183,0.0865197274038442,0.769018160420143,0.931404335648312,0.931404335648312,"social_isolation_avg"
"6553","GPR63","Exc L4-5 RORB IL1RAPL2",-0.0141545629427698,5.86677572209187,0.317458337965925,0.573902639365614,0.831965356990253,0.831965356990253,"social_isolation_avg"
"6554","NDUFAF4","Exc L4-5 RORB IL1RAPL2",-0.0877951440811611,4.81393643679871,10.6554954022946,0.00133383203898271,0.0284205360468378,0.0284205360468378,"social_isolation_avg"
"6555","KLHL32","Exc L4-5 RORB IL1RAPL2",0.0427445285166225,8.06880020518916,3.52133616088352,0.0623461322411616,0.283774637511431,0.283774637511431,"social_isolation_avg"
"6556","MMS22L","Exc L4-5 RORB IL1RAPL2",0.11253990285001,4.10110394031457,6.91463223900245,0.0093562446019188,0.0951635985073028,0.0951635985073028,"social_isolation_avg"
"6557","AL589740.1","Exc L4-5 RORB IL1RAPL2",-0.0131055926415964,6.89781162328947,0.0654232089909512,0.798439035244385,0.94343951658597,0.94343951658597,"social_isolation_avg"
"6558","AL589826.2","Exc L4-5 RORB IL1RAPL2",0.0615779203446817,-0.36580712498591,0.170739613353003,0.679990858053969,0.888161930860731,0.888161930860731,"social_isolation_avg"
"6559","POU3F2","Exc L4-5 RORB IL1RAPL2",-0.0805893660694437,4.42493744797761,2.78825911080586,0.0968499767828603,0.360302479494396,0.360302479494396,"social_isolation_avg"
"6560","FBXL4","Exc L4-5 RORB IL1RAPL2",0.0623177118121035,5.98325482154888,5.28627363034279,0.0227455969174157,0.159691814202012,0.159691814202012,"social_isolation_avg"
"6561","FAXC","Exc L4-5 RORB IL1RAPL2",-0.0199554322695678,6.46890220044708,1.7931865319403,0.182376913985139,0.489071684994218,0.489071684994218,"social_isolation_avg"
"6562","COQ3","Exc L4-5 RORB IL1RAPL2",0.0572103209926452,3.57441508125119,2.27433954876406,0.133440056285435,0.420452840129346,0.420452840129346,"social_isolation_avg"
"6563","PNISR","Exc L4-5 RORB IL1RAPL2",0.0418796553556999,8.39907206591113,3.71706477912772,0.0555731055608516,0.267216958149142,0.267216958149142,"social_isolation_avg"
"6564","AL513550.1","Exc L4-5 RORB IL1RAPL2",0.0158390816578561,2.64071958225568,0.10934176066209,0.741313544342005,0.918739344500889,0.918739344500889,"social_isolation_avg"
"6565","USP45","Exc L4-5 RORB IL1RAPL2",0.0805746126302767,5.97786584902998,14.5405690248221,0.000193370980197404,0.00858866740919031,0.00858866740919031,"social_isolation_avg"
"6566","TSTD3","Exc L4-5 RORB IL1RAPL2",0.00161459299776222,2.32484097228289,0.000893291782390394,0.976192442078715,0.996641417624844,0.996641417624844,"social_isolation_avg"
"6567","CCNC","Exc L4-5 RORB IL1RAPL2",0.0255580665857042,5.87185169904279,1.24678426267012,0.26578801630811,0.596026524520793,0.596026524520793,"social_isolation_avg"
"6568","MCHR2","Exc L4-5 RORB IL1RAPL2",0.00664551821467557,5.38939484880222,0.0179532849320154,0.893573583357291,0.975474727711369,0.975474727711369,"social_isolation_avg"
"6569","MCHR2-AS1","Exc L4-5 RORB IL1RAPL2",-0.192386088206804,0.292765715544328,2.40337624435183,0.122986192949996,0.403612618184318,0.403612618184318,"social_isolation_avg"
"6570","ASCC3","Exc L4-5 RORB IL1RAPL2",0.0165720041697935,7.45967694917252,1.12604027056902,0.29016951394576,0.621391594158332,0.621391594158332,"social_isolation_avg"
"6571","AL133338.1","Exc L4-5 RORB IL1RAPL2",0.147832367951212,1.07373289782032,3.46135879148238,0.0645951538772149,0.289455685023806,0.289455685023806,"social_isolation_avg"
"6572","GRIK2","Exc L4-5 RORB IL1RAPL2",0.012235987965546,10.1935532010378,0.337144678108443,0.562272792839272,0.824838231765534,0.824838231765534,"social_isolation_avg"
"6573","HACE1","Exc L4-5 RORB IL1RAPL2",-0.0143546140350724,6.7741103311235,0.848688354407645,0.358266247462759,0.678078990521442,0.678078990521442,"social_isolation_avg"
"6574","LIN28B-AS1","Exc L4-5 RORB IL1RAPL2",0.0479115659562077,3.35054973849586,0.528378848319977,0.468317402428298,0.763750523301657,0.763750523301657,"social_isolation_avg"
"6575","LIN28B","Exc L4-5 RORB IL1RAPL2",-0.0159970284687666,5.05548708308544,0.104346249189448,0.747083285460687,0.921838897052062,0.921838897052062,"social_isolation_avg"
"6576","BVES","Exc L4-5 RORB IL1RAPL2",0.0202071839571385,1.39928145210144,0.0579010730289402,0.81014285760346,0.949108093231757,0.949108093231757,"social_isolation_avg"
"6577","BVES-AS1","Exc L4-5 RORB IL1RAPL2",-0.0598403104744464,2.01582854190226,0.551571638447614,0.458730360431827,0.756989111262044,0.756989111262044,"social_isolation_avg"
"6578","POPDC3","Exc L4-5 RORB IL1RAPL2",-0.0295702021170506,3.43088457133796,0.399271129420833,0.528338857403586,0.806315496123024,0.806315496123024,"social_isolation_avg"
"6579","AL133406.3","Exc L4-5 RORB IL1RAPL2",-0.0329599343726,0.00697263048550863,0.082316557732199,0.774541611819693,0.934457810191953,0.934457810191953,"social_isolation_avg"
"6580","PREP","Exc L4-5 RORB IL1RAPL2",-0.012922876912681,5.97266846908022,0.439757030383697,0.508163464484578,0.792137165225961,0.792137165225961,"social_isolation_avg"
"6581","Z97206.2","Exc L4-5 RORB IL1RAPL2",0.247040142432018,-0.843008891452943,1.21827428266353,0.271303808201146,0.600639263834833,0.600639263834833,"social_isolation_avg"
"6582","AL591518.1","Exc L4-5 RORB IL1RAPL2",0.354583871675893,1.13006220335598,13.8195938904723,0.000275152499364576,0.0104966279725942,0.0104966279725942,"social_isolation_avg"
"6583","ATG5","Exc L4-5 RORB IL1RAPL2",0.0814336591637121,6.21060005501535,15.3962516939444,0.000127612483409179,0.00665166886662558,0.00665166886662558,"social_isolation_avg"
"6584","CRYBG1","Exc L4-5 RORB IL1RAPL2",0.11380080920906,2.5416290360456,0.715658495172163,0.398794674100987,0.712587971353742,0.712587971353742,"social_isolation_avg"
"6585","RTN4IP1","Exc L4-5 RORB IL1RAPL2",0.0228094810127342,4.61086332343949,0.585576118044335,0.445226118511555,0.746641282921355,0.746641282921355,"social_isolation_avg"
"6586","QRSL1","Exc L4-5 RORB IL1RAPL2",0.0244169281576137,4.27563672025685,0.665728479891193,0.415719033034774,0.724893541982395,0.724893541982395,"social_isolation_avg"
"6587","LINC02526","Exc L4-5 RORB IL1RAPL2",0.138817927851643,-0.323381949340062,0.819057992781782,0.366772928237391,0.684997589100748,0.684997589100748,"social_isolation_avg"
"6588","CD24","Exc L4-5 RORB IL1RAPL2",0.0138351502205735,2.26531667655261,0.00555324882211813,0.940686635744954,0.987885432365559,0.987885432365559,"social_isolation_avg"
"6589","C6orf203","Exc L4-5 RORB IL1RAPL2",0.0180881804879942,4.1673106626363,0.370379288306975,0.543633003212968,0.814068841856827,0.814068841856827,"social_isolation_avg"
"6590","BEND3","Exc L4-5 RORB IL1RAPL2",0.0764451184299945,1.44108009070763,1.32117441917022,0.252041775642166,0.579310305748958,0.579310305748958,"social_isolation_avg"
"6591","PDSS2","Exc L4-5 RORB IL1RAPL2",0.00935083638486824,6.26037409370387,0.288907620078673,0.591644270658181,0.842274306180829,0.842274306180829,"social_isolation_avg"
"6592","SOBP","Exc L4-5 RORB IL1RAPL2",-0.00831715545010142,7.62385088804325,0.206241303902941,0.650325263217729,0.873123571673268,0.873123571673268,"social_isolation_avg"
"6593","SEC63","Exc L4-5 RORB IL1RAPL2",0.0414755515462209,6.02962172112306,7.40832431847006,0.00718831010356964,0.0816876969787635,0.0816876969787635,"social_isolation_avg"
"6594","AL024507.2","Exc L4-5 RORB IL1RAPL2",0.105966130320591,-0.0977233461666632,0.728266939604086,0.474217687542625,0.768471468481843,0.768471468481843,"social_isolation_avg"
"6595","OSTM1","Exc L4-5 RORB IL1RAPL2",-0.0213139040330536,5.22541001282253,0.84474394569248,0.359382762317232,0.679376685563427,0.679376685563427,"social_isolation_avg"
"6596","SNX3","Exc L4-5 RORB IL1RAPL2",-0.10521623720914,6.33373915840669,24.2884964462649,2.00115287185729e-06,0.000461753823029413,0.000461753823029413,"social_isolation_avg"
"6597","AFG1L","Exc L4-5 RORB IL1RAPL2",-0.0110108346622013,6.04942018558653,0.214315789831125,0.644014450200388,0.869655563901629,0.869655563901629,"social_isolation_avg"
"6598","FOXO3","Exc L4-5 RORB IL1RAPL2",0.00370037484012697,7.37694545539248,0.0428477782751861,0.836266936864133,0.956824497333631,0.956824497333631,"social_isolation_avg"
"6599","LINC00222","Exc L4-5 RORB IL1RAPL2",0.101766361723506,1.62138626008486,2.06036901645793,0.273641635603025,0.603376458133649,0.603376458133649,"social_isolation_avg"
"6600","ARMC2","Exc L4-5 RORB IL1RAPL2",0.0568303642072486,6.38055717037127,8.62943867484659,0.00378032023386572,0.0554166595866411,0.0554166595866411,"social_isolation_avg"
"6601","SESN1","Exc L4-5 RORB IL1RAPL2",0.0197877764613427,7.12659159330647,1.19088684977897,0.276738853109281,0.607233658782408,0.607233658782408,"social_isolation_avg"
"6602","AL390208.1","Exc L4-5 RORB IL1RAPL2",-0.0523668634018782,0.601101853474448,0.281149877156497,0.596660097245789,0.844476100641244,0.844476100641244,"social_isolation_avg"
"6603","CEP57L1","Exc L4-5 RORB IL1RAPL2",0.0672017884014873,4.96927402149892,7.38112564563347,0.0072930175329417,0.0824812819729767,0.0824812819729767,"social_isolation_avg"
"6604","CD164","Exc L4-5 RORB IL1RAPL2",-0.105911263209054,4.52127047020472,14.9766608074073,0.000156397203425823,0.00745940869335874,0.00745940869335874,"social_isolation_avg"
"6605","PPIL6","Exc L4-5 RORB IL1RAPL2",-0.0747306159967124,4.28406592668693,4.06864323549429,0.0453046668876193,0.238511297212199,0.238511297212199,"social_isolation_avg"
"6606","SMPD2","Exc L4-5 RORB IL1RAPL2",-0.0597337553393751,0.652955005357517,0.430775675179753,0.512521208108214,0.795913803235023,0.795913803235023,"social_isolation_avg"
"6607","MICAL1","Exc L4-5 RORB IL1RAPL2",0.0195462606619547,4.46122862695913,0.315941862619434,0.574818110111796,0.832487765102804,0.832487765102804,"social_isolation_avg"
"6608","ZBTB24","Exc L4-5 RORB IL1RAPL2",0.0304195084743021,2.76775157655018,0.325193117952016,0.56927766527878,0.82922828657986,0.82922828657986,"social_isolation_avg"
"6609","AL109947.1","Exc L4-5 RORB IL1RAPL2",0.0524361381630853,0.235012724520603,0.189608435798955,0.663810764904617,0.880856527610023,0.880856527610023,"social_isolation_avg"
"6610","AK9","Exc L4-5 RORB IL1RAPL2",0.0257795539677973,5.98572094954549,0.848384120905013,0.35835219377351,0.67817382060298,0.67817382060298,"social_isolation_avg"
"6611","FIG4","Exc L4-5 RORB IL1RAPL2",0.0228166511791647,6.17749991634273,1.81833885963485,0.179355847025473,0.485979089441354,0.485979089441354,"social_isolation_avg"
"6612","AL512303.1","Exc L4-5 RORB IL1RAPL2",-0.0511122201240176,-0.229876693241052,0.166734639778687,0.747517909218417,0.921915827782467,0.921915827782467,"social_isolation_avg"
"6613","GPR6","Exc L4-5 RORB IL1RAPL2",-0.0340510423344939,0.908041176834047,0.0972121297017762,0.75559410626089,0.925405921714176,0.925405921714176,"social_isolation_avg"
"6614","WASF1","Exc L4-5 RORB IL1RAPL2",0.000367442381622663,7.61323283714276,0.000601065150378196,0.980470090436165,0.997015885480877,0.997015885480877,"social_isolation_avg"
"6615","CDC40","Exc L4-5 RORB IL1RAPL2",0.00624502214456817,5.8366140292797,0.079964032872034,0.777699956913786,0.935858673440101,0.935858673440101,"social_isolation_avg"
"6616","METTL24","Exc L4-5 RORB IL1RAPL2",0.0959469147543365,4.63292087167599,3.79539806239546,0.0530873068631244,0.261239254397185,0.261239254397185,"social_isolation_avg"
"6617","CDK19","Exc L4-5 RORB IL1RAPL2",-0.00255482259659589,5.88151439090176,0.00909380166913566,0.924143261447782,0.984076729849897,0.984076729849897,"social_isolation_avg"
"6618","AMD1","Exc L4-5 RORB IL1RAPL2",-0.0603827073046171,5.59299542397842,7.66416615562764,0.00627615511563809,0.0754831802536607,0.0754831802536607,"social_isolation_avg"
"6619","GTF3C6","Exc L4-5 RORB IL1RAPL2",-0.0408780578119595,2.76281556199368,1.03462856676002,0.310560508726276,0.640029995165001,0.640029995165001,"social_isolation_avg"
"6620","RPF2","Exc L4-5 RORB IL1RAPL2",0.00928772713696577,4.19920242642739,0.0905720718593851,0.763829360650633,0.929360205936259,0.929360205936259,"social_isolation_avg"
"6621","SLC16A10","Exc L4-5 RORB IL1RAPL2",0.00142029193593556,4.83582444133328,0.00162920422792734,0.967852118090048,0.994122464924911,0.994122464924911,"social_isolation_avg"
"6622","AL360227.1","Exc L4-5 RORB IL1RAPL2",-0.138486231827795,-0.0519337812257574,0.964554056545218,0.327477445280033,0.653716011884031,0.653716011884031,"social_isolation_avg"
"6623","MFSD4B","Exc L4-5 RORB IL1RAPL2",-0.00391758565127241,3.65382599086908,0.0137692161199923,0.906731260746682,0.979320338732308,0.979320338732308,"social_isolation_avg"
"6624","AL080317.1","Exc L4-5 RORB IL1RAPL2",0.0182529229703342,1.71405089226833,0.0827803303115092,0.908075989957497,0.979405221797059,0.979405221797059,"social_isolation_avg"
"6625","AL080317.2","Exc L4-5 RORB IL1RAPL2",-0.0152465365294096,1.60124905057342,0.0491683056118341,0.824790560128463,0.953583855066564,0.953583855066564,"social_isolation_avg"
"6626","REV3L","Exc L4-5 RORB IL1RAPL2",0.0924170475548859,7.70770305826442,17.3054492032119,5.10445056268136e-05,0.00372900807322371,0.00372900807322371,"social_isolation_avg"
"6627","AL080317.3","Exc L4-5 RORB IL1RAPL2",0.0308456167692764,1.26314699623987,0.173568290397834,0.781018226953386,0.936895065756991,0.936895065756991,"social_isolation_avg"
"6628","TRAF3IP2-AS1","Exc L4-5 RORB IL1RAPL2",0.0448442112633226,7.80800510277266,5.97940278496627,0.0155231021208041,0.126654857795487,0.126654857795487,"social_isolation_avg"
"6629","TRAF3IP2","Exc L4-5 RORB IL1RAPL2",-0.0143569967395953,2.9838019097795,0.0870898698157439,0.768280244543668,0.931357669593205,0.931357669593205,"social_isolation_avg"
"6630","Z97989.1","Exc L4-5 RORB IL1RAPL2",0.0289810061762959,1.75942675517475,0.154927528852682,0.694377463611913,0.896146969833973,0.896146969833973,"social_isolation_avg"
"6631","FYN","Exc L4-5 RORB IL1RAPL2",0.02447905887603,7.17223205798581,2.42117937772616,0.121617332263895,0.40110684583161,0.40110684583161,"social_isolation_avg"
"6632","TUBE1","Exc L4-5 RORB IL1RAPL2",0.0581436102958038,5.44737230810489,5.98537766684167,0.0154724822297913,0.126439830025186,0.126439830025186,"social_isolation_avg"
"6633","FAM229B","Exc L4-5 RORB IL1RAPL2",0.0125396353783528,4.04067545770184,0.149897868134413,0.699131000570359,0.898892470210937,0.898892470210937,"social_isolation_avg"
"6634","LAMA4","Exc L4-5 RORB IL1RAPL2",0.133455039334143,4.60039604346638,6.66675644416479,0.0106899242486893,0.10241218061238,0.10241218061238,"social_isolation_avg"
"6635","AL513123.1","Exc L4-5 RORB IL1RAPL2",0.294698430764775,0.334102976120521,7.04044158397101,0.00874645166192005,0.0906855571588242,0.0906855571588242,"social_isolation_avg"
"6636","MARCKS","Exc L4-5 RORB IL1RAPL2",-0.127445582765702,6.37318058757544,17.2690542007464,5.19369068705515e-05,0.00376512726014446,0.00376512726014446,"social_isolation_avg"
"6637","FO393415.1","Exc L4-5 RORB IL1RAPL2",0.105849000297842,0.833992506509473,1.22214824759901,0.270545924929446,0.600257908723035,0.600257908723035,"social_isolation_avg"
"6638","HDAC2","Exc L4-5 RORB IL1RAPL2",0.00737203911725704,5.30492439605499,0.114866195332631,0.850747407483856,0.961873912835597,0.961873912835597,"social_isolation_avg"
"6639","HDAC2-AS2","Exc L4-5 RORB IL1RAPL2",0.0434331388826358,4.73012126393795,1.18859144854018,0.277200601589233,0.60761267176435,0.60761267176435,"social_isolation_avg"
"6640","HS3ST5","Exc L4-5 RORB IL1RAPL2",0.0112607640693093,6.59130339120094,0.0784826790697119,0.779714550075468,0.936318841604764,0.936318841604764,"social_isolation_avg"
"6641","FRK","Exc L4-5 RORB IL1RAPL2",-0.131453660419642,1.80528113017941,2.67680633074886,0.103722389555385,0.37275049055602,0.37275049055602,"social_isolation_avg"
"6642","NT5DC1","Exc L4-5 RORB IL1RAPL2",0.011881087635205,5.5392117165686,0.180609846529743,0.671402371093346,0.884298267656223,0.884298267656223,"social_isolation_avg"
"6643","COL10A1","Exc L4-5 RORB IL1RAPL2",0.10537509911224,4.29234321754911,5.24515855211134,0.0232717671522683,0.162102016446066,0.162102016446066,"social_isolation_avg"
"6644","TSPYL4","Exc L4-5 RORB IL1RAPL2",-0.0896477180798289,6.12331729793636,9.76117602544058,0.00210536900382237,0.0387506682114038,0.0387506682114038,"social_isolation_avg"
"6645","DSE","Exc L4-5 RORB IL1RAPL2",-0.00790127220680557,6.00996669426843,0.052778509083869,0.818581160736178,0.951762359999666,0.951762359999666,"social_isolation_avg"
"6646","TSPYL1","Exc L4-5 RORB IL1RAPL2",-0.0550165121460462,7.52436525167025,3.1250796602006,0.0789410565509976,0.322763598745265,0.322763598745265,"social_isolation_avg"
"6647","Z84488.2","Exc L4-5 RORB IL1RAPL2",-0.0394391737669482,0.914363591258857,0.175908141479697,0.675458128006929,0.886047090960836,0.886047090960836,"social_isolation_avg"
"6648","CALHM4","Exc L4-5 RORB IL1RAPL2",-0.0110627484372425,-1.04313108945701,0.0161876980676132,0.898912304929094,0.977255559309928,0.977255559309928,"social_isolation_avg"
"6649","RWDD1","Exc L4-5 RORB IL1RAPL2",-0.050569771589038,4.7526530328729,3.46112862361509,0.064603951052034,0.289455685023806,0.289455685023806,"social_isolation_avg"
"6650","RSPH4A","Exc L4-5 RORB IL1RAPL2",0.0410023019246127,-0.1898908713602,0.0542181174031205,0.81616763283489,0.951599926146172,0.951599926146172,"social_isolation_avg"
"6651","ZUP1","Exc L4-5 RORB IL1RAPL2",0.0519841360674125,4.46656652560825,4.08391570373068,0.0449071758715932,0.23714448078884,0.23714448078884,"social_isolation_avg"
"6652","KPNA5","Exc L4-5 RORB IL1RAPL2",0.0110732285846724,6.3264408039566,0.455000603245914,0.500912077684474,0.786944744201101,0.786944744201101,"social_isolation_avg"
"6653","FAM162B","Exc L4-5 RORB IL1RAPL2",-0.00822815424209002,5.28685107160405,0.0485997804681817,0.825789969853525,0.953895283131028,0.953895283131028,"social_isolation_avg"
"6654","RFX6","Exc L4-5 RORB IL1RAPL2",0.00803835609758116,0.0230924365850044,0.00357296653398708,0.952407602889108,0.989452900160271,0.989452900160271,"social_isolation_avg"
"6655","ROS1","Exc L4-5 RORB IL1RAPL2",0.265295959350182,1.32270482726097,6.54064262231116,0.011442652544991,0.106588948592235,0.106588948592235,"social_isolation_avg"
"6656","AL132671.2","Exc L4-5 RORB IL1RAPL2",0.103012330667186,1.25430746396685,2.35677200701775,0.126651928897981,0.409538970165627,0.409538970165627,"social_isolation_avg"
"6657","DCBLD1","Exc L4-5 RORB IL1RAPL2",0.00107273829260176,4.52618826277488,0.0012777078506308,0.97152878685048,0.995251552571626,0.995251552571626,"social_isolation_avg"
"6658","GOPC","Exc L4-5 RORB IL1RAPL2",-0.0308953041663956,5.23865933845835,1.26146193102543,0.26300316608629,0.592838087386073,0.592838087386073,"social_isolation_avg"
"6659","NUS1","Exc L4-5 RORB IL1RAPL2",0.00757934835819962,5.30559976886922,0.122274159268444,0.72702605842179,0.912176201540818,0.912176201540818,"social_isolation_avg"
"6660","SLC35F1","Exc L4-5 RORB IL1RAPL2",-0.000197212167012373,9.075832521103,0.000109593210860312,0.99165998040641,0.998823476769455,0.998823476769455,"social_isolation_avg"
"6661","CEP85L","Exc L4-5 RORB IL1RAPL2",0.0645084993788356,7.11090619123856,13.7353754031828,0.000286770732148198,0.0107232984643796,0.0107232984643796,"social_isolation_avg"
"6662","PLN","Exc L4-5 RORB IL1RAPL2",-0.0567417300205513,-0.110494109207585,0.249726025579265,0.617932604660969,0.855418833391789,0.855418833391789,"social_isolation_avg"
"6663","MCM9","Exc L4-5 RORB IL1RAPL2",0.0282013479970121,4.545587065791,0.761332909202507,0.384177405794074,0.70127095925968,0.70127095925968,"social_isolation_avg"
"6664","ASF1A","Exc L4-5 RORB IL1RAPL2",-0.0465550251423498,3.2109166771658,1.22244851865944,0.270487292743548,0.600198201712286,0.600198201712286,"social_isolation_avg"
"6665","AL365275.1","Exc L4-5 RORB IL1RAPL2",-0.00324193971639716,2.38731305978319,0.00108628665697892,0.973747156435953,0.99572295699374,0.99572295699374,"social_isolation_avg"
"6666","FAM184A","Exc L4-5 RORB IL1RAPL2",0.0271559136775761,6.35804102756024,2.23117156930614,0.137157659935073,0.427226327811897,0.427226327811897,"social_isolation_avg"
"6667","MAN1A1","Exc L4-5 RORB IL1RAPL2",-0.0701381045573399,6.81355125394719,3.67524909898103,0.0569508238988036,0.271085921758305,0.271085921758305,"social_isolation_avg"
"6668","TBC1D32","Exc L4-5 RORB IL1RAPL2",0.0289041020246455,7.05131939090996,1.65308987330946,0.200337175225169,0.514686452285268,0.514686452285268,"social_isolation_avg"
"6669","HSF2","Exc L4-5 RORB IL1RAPL2",0.0177101702886195,5.11399837344627,0.711466878108405,0.400176233231404,0.713175213468402,0.713175213468402,"social_isolation_avg"
"6670","SERINC1","Exc L4-5 RORB IL1RAPL2",-0.0534213735415389,7.78581754121945,5.5261137900673,0.0199144644745979,0.147992101780499,0.147992101780499,"social_isolation_avg"
"6671","PKIB","Exc L4-5 RORB IL1RAPL2",-0.0239194128357647,2.49776435076875,0.0969240159576405,0.755944922569164,0.925595928294257,0.925595928294257,"social_isolation_avg"
"6672","FABP7","Exc L4-5 RORB IL1RAPL2",0.0114300190664469,0.248190245248746,0.00609513046664125,0.937865749200072,0.987687886005049,0.987687886005049,"social_isolation_avg"
"6673","SMPDL3A","Exc L4-5 RORB IL1RAPL2",-0.0432155753506984,2.75111073443468,1.01687127512022,0.550944162246149,0.817529407720882,0.817529407720882,"social_isolation_avg"
"6674","CLVS2","Exc L4-5 RORB IL1RAPL2",0.00987462769861651,7.15707635340331,0.259587842867394,0.611082977576994,0.852117185969555,0.852117185969555,"social_isolation_avg"
"6675","TRDN","Exc L4-5 RORB IL1RAPL2",-0.0999113438993743,3.28080651248645,1.8430425096276,0.176445269386172,0.482927549502089,0.482927549502089,"social_isolation_avg"
"6676","TRDN-AS1","Exc L4-5 RORB IL1RAPL2",0.0873566090343832,0.797521873628194,1.10514063395761,0.294675145587701,0.625715638557519,0.625715638557519,"social_isolation_avg"
"6677","NKAIN2","Exc L4-5 RORB IL1RAPL2",0.00949507579222896,11.5074788525395,0.229109630279068,0.63281733376155,0.864304106405572,0.864304106405572,"social_isolation_avg"
"6678","RNF217-AS1","Exc L4-5 RORB IL1RAPL2",0.0620148300777779,2.79408148239702,1.16353579223312,0.282304983883816,0.61368251379431,0.61368251379431,"social_isolation_avg"
"6679","RNF217","Exc L4-5 RORB IL1RAPL2",0.0173127295441924,5.67206679224482,0.618244274276046,0.432826224839549,0.737660331488841,0.737660331488841,"social_isolation_avg"
"6680","TPD52L1","Exc L4-5 RORB IL1RAPL2",-1.27275971407205,-0.668861720691581,15.4432078328778,0.000124746365803921,0.00658317391213252,0.00658317391213252,"social_isolation_avg"
"6681","HDDC2","Exc L4-5 RORB IL1RAPL2",0.0137702687294061,4.44348060562169,0.0910180176258559,0.763266144854092,0.929286899099656,0.929286899099656,"social_isolation_avg"
"6682","AL450332.1","Exc L4-5 RORB IL1RAPL2",-0.125392481141071,0.48528443411665,1.30784102326955,0.254439410910076,0.582556642525357,0.582556642525357,"social_isolation_avg"
"6683","NCOA7","Exc L4-5 RORB IL1RAPL2",-0.0264880627237116,7.60142692081508,2.78453280362799,0.0970714726322208,0.360531772456986,0.360531772456986,"social_isolation_avg"
"6684","NCOA7-AS1","Exc L4-5 RORB IL1RAPL2",0.061998093049427,0.9615218594538,0.514120443653416,0.474372517504218,0.76859408924604,0.76859408924604,"social_isolation_avg"
"6685","HINT3","Exc L4-5 RORB IL1RAPL2",-0.00938197327396828,5.55649824880635,0.196255652253617,0.795151280328747,0.942968183961154,0.942968183961154,"social_isolation_avg"
"6686","TRMT11","Exc L4-5 RORB IL1RAPL2",0.0332175054075599,5.9616897711971,2.8289039377085,0.094469743771278,0.355572313884295,0.355572313884295,"social_isolation_avg"
"6687","AC020559.1","Exc L4-5 RORB IL1RAPL2",0.0441857888887985,4.247179447775,1.67479955491018,0.197422066456774,0.511150953760897,0.511150953760897,"social_isolation_avg"
"6688","CENPW","Exc L4-5 RORB IL1RAPL2",-0.0552866408827192,1.65580814763674,0.781992399052873,0.377816925402244,0.696480323999987,0.696480323999987,"social_isolation_avg"
"6689","RSPO3","Exc L4-5 RORB IL1RAPL2",0.025086162005465,5.64364394586342,0.432232016822975,0.511810190311038,0.795266536164503,0.795266536164503,"social_isolation_avg"
"6690","RNF146","Exc L4-5 RORB IL1RAPL2",-0.00331850716926032,6.16145589857371,0.0172846655642648,0.895562482626383,0.97620334910553,0.97620334910553,"social_isolation_avg"
"6691","ECHDC1","Exc L4-5 RORB IL1RAPL2",0.00307253496719732,5.25867490919445,0.0187676888973346,0.891201296376102,0.974819038543891,0.974819038543891,"social_isolation_avg"
"6692","AL096711.2","Exc L4-5 RORB IL1RAPL2",-0.000811702932735787,5.02746404992646,0.00133720864745228,0.970873691363322,0.99501143507125,0.99501143507125,"social_isolation_avg"
"6693","C6orf58","Exc L4-5 RORB IL1RAPL2",-0.10869093079007,0.497758676675769,1.07220874365215,0.481142468972104,0.773992233924603,0.773992233924603,"social_isolation_avg"
"6694","THEMIS","Exc L4-5 RORB IL1RAPL2",-0.021755090797152,5.44016717861415,0.231175320351728,0.631289489401417,0.86367522986003,0.86367522986003,"social_isolation_avg"
"6695","PTPRK","Exc L4-5 RORB IL1RAPL2",0.0362865590636975,9.00926313011824,1.52258938436627,0.218979604534126,0.539268037866725,0.539268037866725,"social_isolation_avg"
"6696","AL590006.1","Exc L4-5 RORB IL1RAPL2",0.0158310852063232,1.79109939021546,0.0432478664053822,0.835515259506785,0.956824497333631,0.956824497333631,"social_isolation_avg"
"6697","LAMA2","Exc L4-5 RORB IL1RAPL2",-0.563192447110649,2.2823434047336,3.32669296573494,0.0699698053798005,0.303020985944428,0.303020985944428,"social_isolation_avg"
"6698","AL356124.1","Exc L4-5 RORB IL1RAPL2",-0.0880138414544259,2.13901829004019,1.35161359541249,0.246671947531094,0.572699747639209,0.572699747639209,"social_isolation_avg"
"6699","ARHGAP18","Exc L4-5 RORB IL1RAPL2",-0.126971735078623,3.89709575839412,4.93933505468074,0.027609101756918,0.178656571252615,0.178656571252615,"social_isolation_avg"
"6700","TMEM244","Exc L4-5 RORB IL1RAPL2",-0.516981857632033,-0.761834593220706,3.64767469095865,0.0578793245231634,0.273373614404088,0.273373614404088,"social_isolation_avg"
"6701","L3MBTL3","Exc L4-5 RORB IL1RAPL2",-0.0395512483841474,4.30477354480811,1.22939876669889,0.269134613969021,0.599164140593935,0.599164140593935,"social_isolation_avg"
"6702","SAMD3","Exc L4-5 RORB IL1RAPL2",-0.156582400808398,1.78903308485295,2.85146706582996,0.0931761894937687,0.353458655010957,0.353458655010957,"social_isolation_avg"
"6703","TMEM200A","Exc L4-5 RORB IL1RAPL2",-0.184740494857641,1.23301469851954,4.1058003118111,0.0443440435737522,0.235221095727212,0.235221095727212,"social_isolation_avg"
"6704","EPB41L2","Exc L4-5 RORB IL1RAPL2",0.0193176322761047,7.56941868957539,0.95422718000025,0.330073083025387,0.655628529579714,0.655628529579714,"social_isolation_avg"
"6705","AKAP7","Exc L4-5 RORB IL1RAPL2",0.0189766352942297,5.82057460270668,0.613656365173044,0.434535395255201,0.739108613234777,0.739108613234777,"social_isolation_avg"
"6706","ARG1","Exc L4-5 RORB IL1RAPL2",-0.140793457079983,0.648065212378126,1.67125254189182,0.197894903265908,0.512039888881814,0.512039888881814,"social_isolation_avg"
"6707","MED23","Exc L4-5 RORB IL1RAPL2",0.0486712037388754,6.07215818686355,5.3316665972151,0.0221791186690143,0.157386964828949,0.157386964828949,"social_isolation_avg"
"6708","ENPP3","Exc L4-5 RORB IL1RAPL2",0.100718275306699,2.4134476812943,2.775775314516,0.0975942239718755,0.361554056264445,0.361554056264445,"social_isolation_avg"
"6709","ENPP1","Exc L4-5 RORB IL1RAPL2",0.00147531658226453,2.69979374886944,0.000416087347757969,0.983750306181796,0.998121784353124,0.998121784353124,"social_isolation_avg"
"6710","CTGF","Exc L4-5 RORB IL1RAPL2",-0.125378819501535,0.307409305149998,0.6117686373172,0.435241644789082,0.739711413011248,0.739711413011248,"social_isolation_avg"
"6711","AL133346.1","Exc L4-5 RORB IL1RAPL2",0.000724593823885959,3.65141021148731,5.4502245127148e-05,0.994118522317112,0.999452588532504,0.999452588532504,"social_isolation_avg"
"6712","AL021408.1","Exc L4-5 RORB IL1RAPL2",0.0679167459461219,0.191152514344941,0.163729475070345,0.686268952240771,0.891755603702717,0.891755603702717,"social_isolation_avg"
"6713","LINC01013","Exc L4-5 RORB IL1RAPL2",-0.197171832911688,0.867976051385969,2.15318998163831,0.144174129986824,0.438524507342096,0.438524507342096,"social_isolation_avg"
"6714","MOXD1","Exc L4-5 RORB IL1RAPL2",-0.960664761165724,-0.282944242330775,7.57726182137811,0.00657178459176466,0.0777640627021759,0.0777640627021759,"social_isolation_avg"
"6715","STX7","Exc L4-5 RORB IL1RAPL2",-0.0246203951956978,6.62355381833305,2.28101297440722,0.13287554802341,0.41909288950674,0.41909288950674,"social_isolation_avg"
"6716","SLC18B1","Exc L4-5 RORB IL1RAPL2",0.0658650644471038,4.91086926016589,4.0919290759032,0.0447000994847305,0.236467509987246,0.236467509987246,"social_isolation_avg"
"6717","RPS12","Exc L4-5 RORB IL1RAPL2",-0.0254702702941863,3.86053446256,0.231003919867718,0.631415941566276,0.86378577329011,0.86378577329011,"social_isolation_avg"
"6718","LINC00326","Exc L4-5 RORB IL1RAPL2",0.154409580787825,2.66855921073672,0.979276736114054,0.323823784411088,0.65133090516022,0.65133090516022,"social_isolation_avg"
"6719","EYA4","Exc L4-5 RORB IL1RAPL2",0.12772109444741,2.64306727871773,1.29813224839644,0.256203067024967,0.584543377689545,0.584543377689545,"social_isolation_avg"
"6720","TARID","Exc L4-5 RORB IL1RAPL2",0.0723881705223392,1.47872253195691,0.582340284342006,0.446484180201751,0.747581268563166,0.747581268563166,"social_isolation_avg"
"6721","TBPL1","Exc L4-5 RORB IL1RAPL2",-0.00618107895928271,5.33173079627827,0.0774238406598233,0.781167138872164,0.936916013895614,0.936916013895614,"social_isolation_avg"
"6722","SLC2A12","Exc L4-5 RORB IL1RAPL2",-0.0162355186795876,3.47146348926899,0.0830569469288846,0.773557743039895,0.933806689808463,0.933806689808463,"social_isolation_avg"
"6723","SGK1","Exc L4-5 RORB IL1RAPL2",-0.0373234961775227,5.87369099086854,0.806296145119662,0.370523612600926,0.688671637919659,0.688671637919659,"social_isolation_avg"
"6724","AL078590.3","Exc L4-5 RORB IL1RAPL2",-0.632535332732369,-1.03451812402681,5.23521068968122,0.0234009800360771,0.162603725032176,0.162603725032176,"social_isolation_avg"
"6725","ALDH8A1","Exc L4-5 RORB IL1RAPL2",0.143476781029338,4.22741181479816,8.35221694958725,0.00436940266051684,0.0603455968902475,0.0603455968902475,"social_isolation_avg"
"6726","HBS1L","Exc L4-5 RORB IL1RAPL2",0.0432691719909059,5.86866367298269,4.23096164395977,0.0412642722542303,0.226176505018045,0.226176505018045,"social_isolation_avg"
"6727","AHI1","Exc L4-5 RORB IL1RAPL2",0.0971674883997851,8.94441356395532,15.6970809217701,0.000110346962032112,0.00610489727663625,0.00610489727663625,"social_isolation_avg"
"6728","AL049552.1","Exc L4-5 RORB IL1RAPL2",0.00797120781290315,0.341942853586154,0.00213176363559962,0.96322966912383,0.992970265671771,0.992970265671771,"social_isolation_avg"
"6729","LINC00271","Exc L4-5 RORB IL1RAPL2",0.0784036594266059,3.76332581987098,2.84292118593636,0.0936638276360458,0.354159329077063,0.354159329077063,"social_isolation_avg"
"6730","PDE7B","Exc L4-5 RORB IL1RAPL2",-0.988830321848369,1.81758412365521,7.52337254604112,0.00676228768229645,0.0791275480746637,0.0791275480746637,"social_isolation_avg"
"6731","AL138828.1","Exc L4-5 RORB IL1RAPL2",-0.0364286444876578,1.60117107693339,0.174470275600372,0.676711174644045,0.88648706932151,0.88648706932151,"social_isolation_avg"
"6732","MTFR2","Exc L4-5 RORB IL1RAPL2",-0.027032314498675,-0.775520579685323,0.0298720722400465,0.960925304761515,0.992137094911893,0.992137094911893,"social_isolation_avg"
"6733","BCLAF1","Exc L4-5 RORB IL1RAPL2",-0.00582532036128902,6.61002508948871,0.127688330224066,0.72129681448412,0.909296979182147,0.909296979182147,"social_isolation_avg"
"6734","AL023284.4","Exc L4-5 RORB IL1RAPL2",0.0290161946121126,3.10973938731799,0.389099710580687,0.533632867847915,0.809334128562487,0.809334128562487,"social_isolation_avg"
"6735","MAP7","Exc L4-5 RORB IL1RAPL2",0.0241621389926538,7.79304685593762,2.03516744084111,0.155583318947755,0.454946643069736,0.454946643069736,"social_isolation_avg"
"6736","AL024508.2","Exc L4-5 RORB IL1RAPL2",-0.0454482702021049,0.0856804146120848,0.131908943133659,0.71692497138155,0.907543105011121,0.907543105011121,"social_isolation_avg"
"6737","MAP3K5","Exc L4-5 RORB IL1RAPL2",0.0196726939237255,6.83712880012561,0.511895721560873,0.475328761219787,0.76908632555495,0.76908632555495,"social_isolation_avg"
"6738","AL024508.1","Exc L4-5 RORB IL1RAPL2",0.0922676713964628,0.410942897036821,0.591287565755197,0.443018966785365,0.745165069832509,0.745165069832509,"social_isolation_avg"
"6739","PEX7","Exc L4-5 RORB IL1RAPL2",0.0792123082113123,3.92721831051685,5.56864181685439,0.01945218725097,0.146288743437401,0.146288743437401,"social_isolation_avg"
"6740","IFNGR1","Exc L4-5 RORB IL1RAPL2",0.0398486772107829,4.47390667461256,2.0294677608514,0.156159864382676,0.455575922217026,0.455575922217026,"social_isolation_avg"
"6741","PERP","Exc L4-5 RORB IL1RAPL2",-0.193861218881873,0.0963342334898579,2.61470838007781,0.10778378886211,0.379767333493373,0.379767333493373,"social_isolation_avg"
"6742","ARFGEF3","Exc L4-5 RORB IL1RAPL2",-0.0167046092314276,7.41055836137375,0.945446782485359,0.332301706820413,0.657467560830318,0.657467560830318,"social_isolation_avg"
"6743","HEBP2","Exc L4-5 RORB IL1RAPL2",-0.211129874197112,2.01943342436769,10.2893612815856,0.00160690503604648,0.0324831732767473,0.0324831732767473,"social_isolation_avg"
"6744","NHSL1","Exc L4-5 RORB IL1RAPL2",-0.113759590831151,-1.25977288905672,0.429380176792572,0.739759548827487,0.918136465947188,0.918136465947188,"social_isolation_avg"
"6745","GVQW2","Exc L4-5 RORB IL1RAPL2",-0.0476172047349721,1.95870302652295,0.527204752892894,0.468811266247004,0.764096361481493,0.764096361481493,"social_isolation_avg"
"6746","CCDC28A","Exc L4-5 RORB IL1RAPL2",-0.0214734566516176,4.91072839506118,0.561923763578053,0.454551698698044,0.753272785159389,0.753272785159389,"social_isolation_avg"
"6747","ECT2L","Exc L4-5 RORB IL1RAPL2",0.118950680156045,2.67883664831767,4.10812383589873,0.0442846972026011,0.235104027993944,0.235104027993944,"social_isolation_avg"
"6748","REPS1","Exc L4-5 RORB IL1RAPL2",0.026314190256033,7.00823472393705,3.31302296962452,0.0705417991003147,0.304175337460587,0.304175337460587,"social_isolation_avg"
"6749","ABRACL","Exc L4-5 RORB IL1RAPL2",-0.0425528394712004,4.21364998506426,1.38356649396941,0.241185787209007,0.565637106050625,0.565637106050625,"social_isolation_avg"
"6750","HECA","Exc L4-5 RORB IL1RAPL2",-0.101771411621636,5.29753133342987,14.9228566343585,0.000160538862360097,0.00759388953678848,0.00759388953678848,"social_isolation_avg"
"6751","AL031772.1","Exc L4-5 RORB IL1RAPL2",0.0253368385170484,4.37125096164556,0.395252586165695,0.530419048366093,0.807731091680872,0.807731091680872,"social_isolation_avg"
"6752","TXLNB","Exc L4-5 RORB IL1RAPL2",-0.0879779380669667,3.44851438233816,3.64390657469158,0.0580074617549734,0.273637293409587,0.273637293409587,"social_isolation_avg"
"6753","AL158850.1","Exc L4-5 RORB IL1RAPL2",0.0514828681899372,0.113592628693038,0.18064634592595,0.671371131338071,0.884298267656223,0.884298267656223,"social_isolation_avg"
"6754","CITED2","Exc L4-5 RORB IL1RAPL2",-0.185958342374805,3.51689844397861,11.3409774890452,0.000943182223473,0.0227917635381004,0.0227917635381004,"social_isolation_avg"
"6755","NMBR","Exc L4-5 RORB IL1RAPL2",-0.0290356266191605,0.0717146667020261,0.0567484500754527,0.812006034201661,0.950270050292531,0.950270050292531,"social_isolation_avg"
"6756","VTA1","Exc L4-5 RORB IL1RAPL2",0.000710954961321058,5.56429010227307,0.00130096559130464,0.971270940891376,0.99519493546629,0.99519493546629,"social_isolation_avg"
"6757","ADGRG6","Exc L4-5 RORB IL1RAPL2",-0.00200559075592405,0.169585102720952,0.00017124797972889,0.989574821874182,0.998822911403646,0.998822911403646,"social_isolation_avg"
"6758","AL359313.1","Exc L4-5 RORB IL1RAPL2",-0.106414170774624,-0.480622420590815,0.403782701968831,0.526020851492395,0.80498548455901,0.80498548455901,"social_isolation_avg"
"6759","HIVEP2","Exc L4-5 RORB IL1RAPL2",0.0195250436531736,8.17624398382468,0.989404903838791,0.32134172618767,0.648406398762601,0.648406398762601,"social_isolation_avg"
"6760","AL023584.2","Exc L4-5 RORB IL1RAPL2",0.0854063362818981,-0.370555101690505,0.306470941757279,0.580601923370083,0.836412771697586,0.836412771697586,"social_isolation_avg"
"6761","AL355304.1","Exc L4-5 RORB IL1RAPL2",0.067483034529578,1.17289912253933,0.764503292160802,0.383191484949997,0.700450786082397,0.700450786082397,"social_isolation_avg"
"6762","LINC01277","Exc L4-5 RORB IL1RAPL2",0.0641168069568187,3.91526047882013,2.61459545154632,0.107791333201433,0.379767333493373,0.379767333493373,"social_isolation_avg"
"6763","AL023581.2","Exc L4-5 RORB IL1RAPL2",-0.0405195918758506,0.851315594514647,0.184355362222967,0.66821584654159,0.883098002651187,0.883098002651187,"social_isolation_avg"
"6764","AIG1","Exc L4-5 RORB IL1RAPL2",-0.000895294178758424,7.97683161769364,0.00296812410094019,0.956618141033963,0.990704534565059,0.990704534565059,"social_isolation_avg"
"6765","AL023581.1","Exc L4-5 RORB IL1RAPL2",0.0816341480378872,0.253559603244125,0.386891483966764,0.534794908967733,0.809700884133067,0.809700884133067,"social_isolation_avg"
"6766","ADAT2","Exc L4-5 RORB IL1RAPL2",-0.0101468715621183,3.22600157192848,0.0556821143979487,0.980543364803203,0.997029776546838,0.997029776546838,"social_isolation_avg"
"6767","PEX3","Exc L4-5 RORB IL1RAPL2",0.0284536056981564,5.91458326637449,1.79811659769652,0.181780111055903,0.488383844424893,0.488383844424893,"social_isolation_avg"
"6768","FUCA2","Exc L4-5 RORB IL1RAPL2",0.0208102644681214,3.07510911324467,0.265829068419536,0.606832386779284,0.849691081939675,0.849691081939675,"social_isolation_avg"
"6769","PHACTR2","Exc L4-5 RORB IL1RAPL2",0.0714741076129852,7.3573812450171,5.27432592764776,0.0228972011864647,0.160339727479311,0.160339727479311,"social_isolation_avg"
"6770","PHACTR2-AS1","Exc L4-5 RORB IL1RAPL2",0.183458675391939,0.00782838127936232,2.01095807060828,0.158049141337943,0.458196052592047,0.458196052592047,"social_isolation_avg"
"6771","AL049844.1","Exc L4-5 RORB IL1RAPL2",0.0575219262068156,0.482634920694031,0.35854773814574,0.596735304311732,0.844476100641244,0.844476100641244,"social_isolation_avg"
"6772","LTV1","Exc L4-5 RORB IL1RAPL2",0.0613708022915477,1.4704471452202,0.779511274867142,0.378572858302699,0.696991053025724,0.696991053025724,"social_isolation_avg"
"6773","PLAGL1","Exc L4-5 RORB IL1RAPL2",0.0495652225221598,6.5649323102596,1.70193236684162,0.193848889636919,0.506293794668853,0.506293794668853,"social_isolation_avg"
"6774","SF3B5","Exc L4-5 RORB IL1RAPL2",-0.208292554038765,3.07406699149961,20.2238580489449,1.29214366190868e-05,0.00161910550513296,0.00161910550513296,"social_isolation_avg"
"6775","UTRN","Exc L4-5 RORB IL1RAPL2",-0.0469638163197382,6.54182405865496,1.77453562204407,0.184655479032057,0.49244063689437,0.49244063689437,"social_isolation_avg"
"6776","EPM2A","Exc L4-5 RORB IL1RAPL2",0.0267711189173787,5.09904051142406,0.607838648335129,0.436717613949153,0.74029343614166,0.74029343614166,"social_isolation_avg"
"6777","FBXO30","Exc L4-5 RORB IL1RAPL2",-0.0316514275704822,3.56269482915615,0.655660782619239,0.419260145588361,0.726486796844882,0.726486796844882,"social_isolation_avg"
"6778","AL356599.1","Exc L4-5 RORB IL1RAPL2",0.040632720158723,4.68433183141231,0.723427464730775,0.396252296701075,0.710527834143388,0.710527834143388,"social_isolation_avg"
"6779","SHPRH","Exc L4-5 RORB IL1RAPL2",0.0502364261064121,7.43524822845317,15.8854418668866,0.000100766053694308,0.0057427545239458,0.0057427545239458,"social_isolation_avg"
"6780","GRM1","Exc L4-5 RORB IL1RAPL2",-0.0525629681204261,7.4893941853575,2.87445677809741,0.0918781340971818,0.35070940104301,0.35070940104301,"social_isolation_avg"
"6781","RAB32","Exc L4-5 RORB IL1RAPL2",-0.0774918402559293,1.99381797288127,1.49505214364758,0.223174723038156,0.544522876290702,0.544522876290702,"social_isolation_avg"
"6782","ADGB","Exc L4-5 RORB IL1RAPL2",0.0305073637599412,0.49607181102597,0.0697421964459257,0.792041476530458,0.941404408407111,0.941404408407111,"social_isolation_avg"
"6783","STXBP5-AS1","Exc L4-5 RORB IL1RAPL2",0.079517773102703,8.64468595150922,9.92089655483359,0.00193982701325836,0.0367402071249865,0.0367402071249865,"social_isolation_avg"
"6784","STXBP5","Exc L4-5 RORB IL1RAPL2",0.0101731221057255,8.45815319755947,0.490616328761447,0.484637230140416,0.776186004928958,0.776186004928958,"social_isolation_avg"
"6785","SAMD5","Exc L4-5 RORB IL1RAPL2",-0.0951627829164343,5.95817720032884,2.18557634169359,0.141211912851496,0.434521158410012,0.434521158410012,"social_isolation_avg"
"6786","AL033504.1","Exc L4-5 RORB IL1RAPL2",-0.0668181337924076,5.70898066051259,0.962292995480219,0.328043420788828,0.653771810063767,0.653771810063767,"social_isolation_avg"
"6787","AL513164.1","Exc L4-5 RORB IL1RAPL2",-0.0174596023693226,0.995237780990903,0.0309194550805597,0.860635433691752,0.964619228845686,0.964619228845686,"social_isolation_avg"
"6788","SASH1","Exc L4-5 RORB IL1RAPL2",-0.0707570018764413,6.15119130389292,3.0997897579494,0.0801517458871141,0.325230792178873,0.325230792178873,"social_isolation_avg"
"6789","UST","Exc L4-5 RORB IL1RAPL2",0.0144536977175661,5.68261808952578,0.114943549238272,0.735014993931709,0.915189438021971,0.915189438021971,"social_isolation_avg"
"6790","TAB2","Exc L4-5 RORB IL1RAPL2",0.0255547301164605,6.59414180681425,3.42436570873141,0.066025759733429,0.292771138854198,0.292771138854198,"social_isolation_avg"
"6791","ZC3H12D","Exc L4-5 RORB IL1RAPL2",0.10903151760747,0.924917888262923,1.15725659645958,0.283602878485084,0.614684693790175,0.614684693790175,"social_isolation_avg"
"6792","PPIL4","Exc L4-5 RORB IL1RAPL2",0.0219928859057401,5.25105728141571,1.19002054520506,0.276913006529878,0.607474898150936,0.607474898150936,"social_isolation_avg"
"6793","GINM1","Exc L4-5 RORB IL1RAPL2",-0.0144759076170296,5.01283079106316,0.349922564368666,0.554965093314045,0.819993849479595,0.819993849479595,"social_isolation_avg"
"6794","AL078581.3","Exc L4-5 RORB IL1RAPL2",0.0945469627957322,0.949110527979374,0.917470698719861,0.339538824396395,0.663058659732814,0.663058659732814,"social_isolation_avg"
"6795","KATNA1","Exc L4-5 RORB IL1RAPL2",0.0253313818619067,3.70333929993801,0.60761261111839,0.436802739232357,0.74029343614166,0.74029343614166,"social_isolation_avg"
"6796","LATS1","Exc L4-5 RORB IL1RAPL2",0.0836547349199059,5.97391324225802,16.0357262971793,9.37319743078111e-05,0.00549202076315912,0.00549202076315912,"social_isolation_avg"
"6797","NUP43","Exc L4-5 RORB IL1RAPL2",0.0107162548504715,3.17578122163241,0.0681677518444982,0.794348459576566,0.942657327323035,0.942657327323035,"social_isolation_avg"
"6798","PCMT1","Exc L4-5 RORB IL1RAPL2",-0.0391795162235268,6.56540894052183,3.06549383809183,0.0818259570562056,0.328890774122249,0.328890774122249,"social_isolation_avg"
"6799","AL355312.2","Exc L4-5 RORB IL1RAPL2",0.137373872445799,1.71007937720384,4.33977383366476,0.0844978615510633,0.334473648202441,0.334473648202441,"social_isolation_avg"
"6800","LRP11","Exc L4-5 RORB IL1RAPL2",0.0159623780522639,5.33142834082746,0.521209237534109,0.471346356168066,0.765917588891788,0.765917588891788,"social_isolation_avg"
"6801","AL355312.3","Exc L4-5 RORB IL1RAPL2",0.0516413107055036,3.11280259184751,1.0441211316993,0.308358083634375,0.638291052536833,0.638291052536833,"social_isolation_avg"
"6802","RAET1E","Exc L4-5 RORB IL1RAPL2",-0.237012303889125,-0.674688041685779,1.61933777494637,0.2049712172362,0.521951803434821,0.521951803434821,"social_isolation_avg"
"6803","ULBP2","Exc L4-5 RORB IL1RAPL2",0.015594371338427,2.11199388575197,0.060800859884789,0.805540550414209,0.946273840838595,0.946273840838595,"social_isolation_avg"
"6804","ULBP1","Exc L4-5 RORB IL1RAPL2",-0.0203566725532722,-0.589416289995898,0.015971552976228,0.899585824969346,0.977660160496553,0.977660160496553,"social_isolation_avg"
"6805","PPP1R14C","Exc L4-5 RORB IL1RAPL2",-0.076757868965092,5.23483529716756,7.52135439372541,0.00676953176249471,0.0791633562905825,0.0791633562905825,"social_isolation_avg"
"6806","PLEKHG1","Exc L4-5 RORB IL1RAPL2",0.0398560062424272,5.70446063297814,0.98151839396244,0.32327224609371,0.650845258744284,0.650845258744284,"social_isolation_avg"
"6807","MTHFD1L","Exc L4-5 RORB IL1RAPL2",0.0442165733446452,6.60378621216544,2.72014525823348,0.100988135044222,0.367994517638568,0.367994517638568,"social_isolation_avg"
"6808","AL138733.1","Exc L4-5 RORB IL1RAPL2",0.0771261281575939,1.91784747143374,1.57383666961911,0.211421708167376,0.529912589778106,0.529912589778106,"social_isolation_avg"
"6809","AKAP12","Exc L4-5 RORB IL1RAPL2",0.0254171906180428,6.92904017773452,1.15721903993724,0.283610664171462,0.614684693790175,0.614684693790175,"social_isolation_avg"
"6810","ZBTB2","Exc L4-5 RORB IL1RAPL2",-0.0278614490936016,2.70483503132915,0.34818511570918,0.555948074500063,0.820522115258634,0.820522115258634,"social_isolation_avg"
"6811","RMND1","Exc L4-5 RORB IL1RAPL2",0.000335771584384629,4.70628324185342,0.000156342545261733,0.990038828205724,0.998822911403646,0.998822911403646,"social_isolation_avg"
"6812","ARMT1","Exc L4-5 RORB IL1RAPL2",-0.0340203229375291,3.76013553774904,1.12335395689986,0.290743659601662,0.622092138790349,0.622092138790349,"social_isolation_avg"
"6813","CCDC170","Exc L4-5 RORB IL1RAPL2",0.000267858977625705,3.55745872727702,2.60877281077522e-05,0.995930889758887,0.9994589795957,0.9994589795957,"social_isolation_avg"
"6814","ESR1","Exc L4-5 RORB IL1RAPL2",0.0434824360472029,4.29150794329242,0.456289005833759,0.500307310643337,0.786434711695819,0.786434711695819,"social_isolation_avg"
"6815","SYNE1","Exc L4-5 RORB IL1RAPL2",0.0364651241354527,9.17579796637224,5.68949612724339,0.0181986618247318,0.14106385923218,0.14106385923218,"social_isolation_avg"
"6816","FBXO5","Exc L4-5 RORB IL1RAPL2",-0.040647428702107,1.24525549352516,0.295856134978333,0.587224886061698,0.839774518825062,0.839774518825062,"social_isolation_avg"
"6817","AL080276.2","Exc L4-5 RORB IL1RAPL2",-0.00257595654433251,2.44534236743091,0.00229926957348959,0.961813419954507,0.992553679790523,0.992553679790523,"social_isolation_avg"
"6818","MTRF1L","Exc L4-5 RORB IL1RAPL2",0.00941768261032591,4.13791216841613,0.0763232115219157,0.782688452687088,0.937472191763777,0.937472191763777,"social_isolation_avg"
"6819","RGS17","Exc L4-5 RORB IL1RAPL2",0.0101770837901368,6.17650884785005,0.259584175241021,0.611085494284592,0.852117185969555,0.852117185969555,"social_isolation_avg"
"6820","AL590867.1","Exc L4-5 RORB IL1RAPL2",0.186254137952076,1.22103156128262,3.40933636276122,0.0666167004843376,0.294017050374838,0.294017050374838,"social_isolation_avg"
"6821","OPRM1","Exc L4-5 RORB IL1RAPL2",-0.015948337380741,6.97926457323545,0.270845705460472,0.603461397837817,0.84810912192597,0.84810912192597,"social_isolation_avg"
"6822","IPCEF1","Exc L4-5 RORB IL1RAPL2",-0.0472707552015728,7.94649548863159,2.59871522428501,0.108858080770844,0.381638641146033,0.381638641146033,"social_isolation_avg"
"6823","CNKSR3","Exc L4-5 RORB IL1RAPL2",0.0864278810016852,4.64677031321077,3.11076211448645,0.0796240107495653,0.323908710092768,0.323908710092768,"social_isolation_avg"
"6824","SCAF8","Exc L4-5 RORB IL1RAPL2",0.0344424861679955,6.64705518116618,5.17043423195807,0.0242609556164023,0.165978682787243,0.165978682787243,"social_isolation_avg"
"6825","TIAM2","Exc L4-5 RORB IL1RAPL2",-0.00230049061432735,7.25850217163658,0.0141175270211894,0.905564453835758,0.978815281145674,0.978815281145674,"social_isolation_avg"
"6826","AL596202.1","Exc L4-5 RORB IL1RAPL2",-0.0510953600474297,1.58586253508096,0.458317419866924,0.499357705328749,0.78600600600277,0.78600600600277,"social_isolation_avg"
"6827","TFB1M","Exc L4-5 RORB IL1RAPL2",0.0411414565980313,5.17800329563838,2.26624245220933,0.134128625751272,0.421904685064266,0.421904685064266,"social_isolation_avg"
"6828","CLDN20","Exc L4-5 RORB IL1RAPL2",0.106525853584242,0.709314192185186,1.39350259131524,0.239510385503854,0.563625202806372,0.563625202806372,"social_isolation_avg"
"6829","AL355297.3","Exc L4-5 RORB IL1RAPL2",-0.0534237306066084,0.495783343549131,0.279386091420883,0.597812852766161,0.844940388973521,0.844940388973521,"social_isolation_avg"
"6830","AL355297.4","Exc L4-5 RORB IL1RAPL2",-0.249680428041108,0.996825427880281,6.90428626708961,0.0094083102726923,0.0954528029040334,0.0954528029040334,"social_isolation_avg"
"6831","ARID1B","Exc L4-5 RORB IL1RAPL2",0.0018221866079346,9.09731836860329,0.0180121896111374,0.893400184208602,0.975474727711369,0.975474727711369,"social_isolation_avg"
"6832","AL049820.1","Exc L4-5 RORB IL1RAPL2",0.0621310633070996,-0.265834384264306,0.133100549456373,0.715705038321879,0.906943848411394,0.906943848411394,"social_isolation_avg"
"6833","TMEM242","Exc L4-5 RORB IL1RAPL2",-0.0147069435918159,4.94140803562804,0.430604397544997,0.51260494269866,0.795978508067406,0.795978508067406,"social_isolation_avg"
"6834","ZDHHC14","Exc L4-5 RORB IL1RAPL2",0.0224489550912262,8.21379197001476,1.65378004403743,0.200243720794103,0.514663057667531,0.514663057667531,"social_isolation_avg"
"6835","SNX9","Exc L4-5 RORB IL1RAPL2",0.0566510786985968,7.08941312132322,15.4097780115392,0.000126780053232042,0.0066331074645495,0.0066331074645495,"social_isolation_avg"
"6836","AL035634.1","Exc L4-5 RORB IL1RAPL2",0.191990194682576,0.203667299842876,2.20749625633711,0.139246148985473,0.431312897799352,0.431312897799352,"social_isolation_avg"
"6837","SYNJ2","Exc L4-5 RORB IL1RAPL2",-0.0475307952004615,3.47499885407698,0.0503521512567114,0.822728762461004,0.953227927203764,0.953227927203764,"social_isolation_avg"
"6838","SERAC1","Exc L4-5 RORB IL1RAPL2",0.0512874216930689,4.73944051231345,3.6916449382712,0.0564063120708371,0.269597678982157,0.269597678982157,"social_isolation_avg"
"6839","GTF2H5","Exc L4-5 RORB IL1RAPL2",-0.0604017848543289,4.31189153900617,2.70280275737789,0.1020726109257,0.370409641604367,0.370409641604367,"social_isolation_avg"
"6840","TULP4","Exc L4-5 RORB IL1RAPL2",0.00850647693363889,7.3648572860225,0.369760008724578,0.543969703057546,0.814068841856827,0.814068841856827,"social_isolation_avg"
"6841","TMEM181","Exc L4-5 RORB IL1RAPL2",-0.0682444325518069,5.84149669587345,9.558400994921,0.00233661277688313,0.041088336757812,0.041088336757812,"social_isolation_avg"
"6842","DYNLT1","Exc L4-5 RORB IL1RAPL2",-0.0175557589510823,4.30277972787543,0.31574904788791,0.574934716429645,0.832504765406392,0.832504765406392,"social_isolation_avg"
"6843","SYTL3","Exc L4-5 RORB IL1RAPL2",0.0495385295222962,2.32927578912931,1.03083279797324,0.311446950834627,0.640600908440263,0.640600908440263,"social_isolation_avg"
"6844","C6orf99","Exc L4-5 RORB IL1RAPL2",0.0651077707609447,2.06122181524246,0.998153193285908,0.678548918470848,0.887394531821047,0.887394531821047,"social_isolation_avg"
"6845","RSPH3","Exc L4-5 RORB IL1RAPL2",0.0526561218427767,5.97887853180583,4.57872221830776,0.0338385205600569,0.201348914042207,0.201348914042207,"social_isolation_avg"
"6846","AL035530.2","Exc L4-5 RORB IL1RAPL2",0.0252840196523411,6.25648110002405,1.06676892319951,0.303185187204706,0.634295325862477,0.634295325862477,"social_isolation_avg"
"6847","TAGAP","Exc L4-5 RORB IL1RAPL2",0.00587382353442973,0.884552958119069,0.00315277921058954,0.955290432519236,0.990138901182401,0.990138901182401,"social_isolation_avg"
"6848","AL356417.3","Exc L4-5 RORB IL1RAPL2",-0.00744171805277311,-0.265551881666813,0.00335882067549923,0.953854208324835,0.989755304318845,0.989755304318845,"social_isolation_avg"
"6849","AL356417.1","Exc L4-5 RORB IL1RAPL2",-0.204723025232186,-0.671872404790153,1.26748300757559,0.261871321458924,0.591484693007556,0.591484693007556,"social_isolation_avg"
"6850","SOD2","Exc L4-5 RORB IL1RAPL2",0.0452939814884728,0.786329370714944,0.210231268966514,0.64718846191777,0.871610821734491,0.871610821734491,"social_isolation_avg"
"6851","SOD2-1","Exc L4-5 RORB IL1RAPL2",-0.00455719022924411,2.61366111442567,0.00443451919696491,0.946986842583704,0.988740948001749,0.988740948001749,"social_isolation_avg"
"6852","WTAP","Exc L4-5 RORB IL1RAPL2",0.0259520360187892,5.535187626118,1.40185898601174,0.238112361991047,0.562111541014673,0.562111541014673,"social_isolation_avg"
"6853","ACAT2","Exc L4-5 RORB IL1RAPL2",0.200851542468015,4.31858075867269,11.6048353961611,0.000825989464264842,0.0210061110932192,0.0210061110932192,"social_isolation_avg"
"6854","TCP1","Exc L4-5 RORB IL1RAPL2",-0.0628036922914,5.31744404072948,7.76257784052367,0.00595788525771655,0.0732637230837042,0.0732637230837042,"social_isolation_avg"
"6855","MRPL18","Exc L4-5 RORB IL1RAPL2",-0.0558541336550906,4.31444278383244,2.57531819281471,0.110451150457132,0.384162907683714,0.384162907683714,"social_isolation_avg"
"6856","PNLDC1","Exc L4-5 RORB IL1RAPL2",-0.118586209644334,0.562959517002351,0.935502978981439,0.334850064329594,0.65935040765743,0.65935040765743,"social_isolation_avg"
"6857","AL035691.1","Exc L4-5 RORB IL1RAPL2",-0.0609460075021952,-0.312322001719031,0.157364180602283,0.692106608232578,0.894857806093249,0.894857806093249,"social_isolation_avg"
"6858","MAS1","Exc L4-5 RORB IL1RAPL2",-0.204701148108695,1.47061524291642,6.85330609813902,0.00966928127897396,0.0966979234035234,0.0966979234035234,"social_isolation_avg"
"6859","IGF2R","Exc L4-5 RORB IL1RAPL2",0.0399018852902889,5.97611784543735,5.48766645024371,0.0203422646364316,0.149675915048129,0.149675915048129,"social_isolation_avg"
"6860","AIRN","Exc L4-5 RORB IL1RAPL2",-0.0695942397130567,-0.166109514962492,0.210045421792159,0.647333766292558,0.871610821734491,0.871610821734491,"social_isolation_avg"
"6861","SLC22A1","Exc L4-5 RORB IL1RAPL2",0.0601323374917827,3.04242648595374,1.0952504137855,0.29683872685004,0.62738036153557,0.62738036153557,"social_isolation_avg"
"6862","SLC22A2","Exc L4-5 RORB IL1RAPL2",-0.162709893155051,0.235690637812671,2.54204151487125,0.166493690854042,0.470280438545185,0.470280438545185,"social_isolation_avg"
"6863","LPA","Exc L4-5 RORB IL1RAPL2",0.024215093637602,1.43786383805896,0.0596494309935798,0.807353777287412,0.947462681886443,0.947462681886443,"social_isolation_avg"
"6864","AL109933.1","Exc L4-5 RORB IL1RAPL2",0.117425910664279,0.719493610673559,1.32483019000448,0.251389278883642,0.578442970419237,0.578442970419237,"social_isolation_avg"
"6865","PLG","Exc L4-5 RORB IL1RAPL2",-0.124055500048776,-0.313075250538801,0.601446805159729,0.439134646152874,0.741796860981924,0.741796860981924,"social_isolation_avg"
"6866","AL391361.2","Exc L4-5 RORB IL1RAPL2",0.0271698482473677,0.185132580603396,0.0513735194817538,0.820970308017249,0.952379154185799,0.952379154185799,"social_isolation_avg"
"6867","AL139393.1","Exc L4-5 RORB IL1RAPL2",-0.0289592525855922,4.87180262179828,0.829527440575288,0.363735458678863,0.682892291774962,0.682892291774962,"social_isolation_avg"
"6868","AL139393.2","Exc L4-5 RORB IL1RAPL2",-0.112817169056688,0.968862704622687,1.60896213046915,0.27928478479075,0.610462056366951,0.610462056366951,"social_isolation_avg"
"6869","MAP3K4","Exc L4-5 RORB IL1RAPL2",0.0118092789736432,6.21754895583356,0.601820577060202,0.438992740735844,0.741796860981924,0.741796860981924,"social_isolation_avg"
"6870","AGPAT4","Exc L4-5 RORB IL1RAPL2",0.0310324713240373,7.11704987255949,2.53367044708737,0.113351302382949,0.388612772612447,0.388612772612447,"social_isolation_avg"
"6871","PRKN","Exc L4-5 RORB IL1RAPL2",0.0250353632593941,8.65724339880397,1.4691739216144,0.227205766215843,0.54916338818425,0.54916338818425,"social_isolation_avg"
"6872","PACRG","Exc L4-5 RORB IL1RAPL2",-0.0484393150649435,7.49828603921085,2.10036456974118,0.149158539899578,0.446272728247932,0.446272728247932,"social_isolation_avg"
"6873","PACRG-AS2","Exc L4-5 RORB IL1RAPL2",0.0489766631898696,-0.49120594062598,0.0675564504572171,0.795251846789528,0.943004057991522,0.943004057991522,"social_isolation_avg"
"6874","PACRG-AS3","Exc L4-5 RORB IL1RAPL2",-0.0592375188948868,1.33447819578405,0.381381695620095,0.537714536730074,0.811137427207984,0.811137427207984,"social_isolation_avg"
"6875","QKI","Exc L4-5 RORB IL1RAPL2",-0.42561210871687,-1.32841841791619,2.55040084157072,0.174498561014154,0.480315285561363,0.480315285561363,"social_isolation_avg"
"6876","C6orf118","Exc L4-5 RORB IL1RAPL2",-0.00368208809494552,-0.0923469168908553,0.00280015864199608,0.957862314703882,0.991125060511437,0.991125060511437,"social_isolation_avg"
"6877","PDE10A","Exc L4-5 RORB IL1RAPL2",0.0424673456324437,8.39555811427464,1.13344534277922,0.288594338473985,0.619806297192538,0.619806297192538,"social_isolation_avg"
"6878","AL590302.2","Exc L4-5 RORB IL1RAPL2",0.0207910886201881,0.291935345792344,0.024559411905,0.875661161394029,0.970500479269633,0.970500479269633,"social_isolation_avg"
"6879","LINC00473","Exc L4-5 RORB IL1RAPL2",0.0212385011469046,0.952448523369909,0.0257961058573359,0.872595386202024,0.969203246394393,0.969203246394393,"social_isolation_avg"
"6880","SFT2D1","Exc L4-5 RORB IL1RAPL2",-0.00109717354459814,4.46852009185565,0.00119470423008795,0.972468717986378,0.995695809287521,0.995695809287521,"social_isolation_avg"
"6881","MPC1","Exc L4-5 RORB IL1RAPL2",-0.0358392258307306,5.29109932382388,2.03626436822501,0.155472640160233,0.454807950598603,0.454807950598603,"social_isolation_avg"
"6882","AL022069.1","Exc L4-5 RORB IL1RAPL2",-0.101386636428895,1.76356841115824,2.17458038009697,0.142209849995604,0.43581998246952,0.43581998246952,"social_isolation_avg"
"6883","RPS6KA2","Exc L4-5 RORB IL1RAPL2",-0.037351463918785,6.46651338807827,0.578154394503758,0.448119851779333,0.74888497752312,0.74888497752312,"social_isolation_avg"
"6884","AL159163.1","Exc L4-5 RORB IL1RAPL2",0.0564299492365231,3.3586125035387,1.57254127871365,0.211608866213087,0.530158774459767,0.530158774459767,"social_isolation_avg"
"6885","Z94721.1","Exc L4-5 RORB IL1RAPL2",0.00225328780346869,4.75838106377677,0.00289649445349906,0.957144289952662,0.990964806415906,0.990964806415906,"social_isolation_avg"
"6886","FGFR1OP","Exc L4-5 RORB IL1RAPL2",0.0358489973580845,6.15362301488675,3.50603115484174,0.0629119144862979,0.285120865486964,0.285120865486964,"social_isolation_avg"
"6887","CCR6","Exc L4-5 RORB IL1RAPL2",0.103464828867231,1.29081882439666,1.36764464395028,0.243900550271753,0.568750593011072,0.568750593011072,"social_isolation_avg"
"6888","TTLL2","Exc L4-5 RORB IL1RAPL2",0.0596864131355992,-0.595726052612362,0.13262861121588,0.716187452338066,0.90715953310661,0.90715953310661,"social_isolation_avg"
"6889","AFDN-DT","Exc L4-5 RORB IL1RAPL2",0.095209426849761,0.0607252942918541,0.606729286974342,0.437135642285044,0.740403140960998,0.740403140960998,"social_isolation_avg"
"6890","AFDN","Exc L4-5 RORB IL1RAPL2",0.0184865220982157,6.9765250138653,0.879610564144373,0.349676706168735,0.671207179528378,0.671207179528378,"social_isolation_avg"
"6891","KIF25-AS1","Exc L4-5 RORB IL1RAPL2",-0.387161445717299,-0.254680382780521,2.40551682678006,0.122820698351853,0.403453200263091,0.403453200263091,"social_isolation_avg"
"6892","KIF25","Exc L4-5 RORB IL1RAPL2",-0.565874050312515,2.93570983341766,5.99262426768318,0.0154113186658159,0.126123512316567,0.126123512316567,"social_isolation_avg"
"6893","SMOC2","Exc L4-5 RORB IL1RAPL2",0.16485887945151,-0.3163490475578,0.579879587732996,0.447444587236509,0.748351368788295,0.748351368788295,"social_isolation_avg"
"6894","BX322234.1","Exc L4-5 RORB IL1RAPL2",-0.11028009530687,2.71291924876245,3.92667061068642,0.0491840943023747,0.249360195148776,0.249360195148776,"social_isolation_avg"
"6895","THBS2","Exc L4-5 RORB IL1RAPL2",-1.28395961448665,-0.758885248853096,15.5995341378886,0.000115668119310663,0.0062352036623278,0.0062352036623278,"social_isolation_avg"
"6896","LINC02519","Exc L4-5 RORB IL1RAPL2",-0.0494319845145698,1.65309621899374,0.277611308255019,0.598977508924585,0.845702070469523,0.845702070469523,"social_isolation_avg"
"6897","AL009176.1","Exc L4-5 RORB IL1RAPL2",-0.289131255785806,-0.329929360796425,3.40366905387484,0.0668410126307313,0.29452202839342,0.29452202839342,"social_isolation_avg"
"6898","WDR27","Exc L4-5 RORB IL1RAPL2",-0.000636157521008304,5.99169240889562,0.000797498480055977,0.977504788172802,0.996728775651856,0.996728775651856,"social_isolation_avg"
"6899","C6orf120","Exc L4-5 RORB IL1RAPL2",-0.121565275707735,2.84758376465029,7.65985731540872,0.00629048450035328,0.0754940078866672,0.0754940078866672,"social_isolation_avg"
"6900","PHF10","Exc L4-5 RORB IL1RAPL2",-0.0401087993220224,4.41580255265239,1.53103918189899,0.217711399778894,0.537559362549452,0.537559362549452,"social_isolation_avg"
"6901","AL354892.1","Exc L4-5 RORB IL1RAPL2",0.0654933150162318,1.21135088032373,0.80191146970173,0.371824668515608,0.689937682944377,0.689937682944377,"social_isolation_avg"
"6902","TCTE3","Exc L4-5 RORB IL1RAPL2",-0.0271007996336137,2.14056013274602,0.217204668630063,0.641791676572726,0.868818079521986,0.868818079521986,"social_isolation_avg"
"6903","ERMARD","Exc L4-5 RORB IL1RAPL2",0.0702161418238775,3.58036587929707,3.74624379499704,0.0546328953350559,0.265334464475837,0.265334464475837,"social_isolation_avg"
"6904","LINC00574","Exc L4-5 RORB IL1RAPL2",-0.0880696620438164,1.90033160797971,2.35926583462449,0.12645270069624,0.409538970165627,0.409538970165627,"social_isolation_avg"
"6905","LINC01624","Exc L4-5 RORB IL1RAPL2",0.169667740957669,0.109343266755793,1.8776122301379,0.172463909786113,0.477366288538477,0.477366288538477,"social_isolation_avg"
"6906","DLL1","Exc L4-5 RORB IL1RAPL2",-0.00364372718356596,3.28369493910908,0.00667877546428651,0.934965243173048,0.986842461541563,0.986842461541563,"social_isolation_avg"
"6907","FAM120B","Exc L4-5 RORB IL1RAPL2",0.0116780189454848,7.02001139307623,0.441311159917129,0.507415915865501,0.791689333230902,0.791689333230902,"social_isolation_avg"
"6908","PSMB1","Exc L4-5 RORB IL1RAPL2",-0.052203039769729,4.94208803151675,4.24167807651377,0.0410113424496292,0.22544323372732,0.22544323372732,"social_isolation_avg"
"6909","TBP","Exc L4-5 RORB IL1RAPL2",0.0985030571367775,3.93354299512057,9.70373305774877,0.00216838841508583,0.0393743543203828,0.0393743543203828,"social_isolation_avg"
"6910","PDCD2","Exc L4-5 RORB IL1RAPL2",0.00257803171212433,3.68517398458511,0.00527407347118496,0.942194069877322,0.987984052456339,0.987984052456339,"social_isolation_avg"
"6911","AC093627.5","Exc L4-5 RORB IL1RAPL2",-0.23262164839299,-0.0722041785679111,3.59825541534371,0.0595842668021283,0.277695878799209,0.277695878799209,"social_isolation_avg"
"6912","AC093627.3","Exc L4-5 RORB IL1RAPL2",-0.0698168527046388,0.977658819619669,0.786605771551906,0.376417021534692,0.695027880189739,0.695027880189739,"social_isolation_avg"
"6913","FAM20C","Exc L4-5 RORB IL1RAPL2",-0.0881207918502129,4.411828819044,9.79532491463359,0.00206879802629396,0.0383290220762758,0.0383290220762758,"social_isolation_avg"
"6914","PDGFA","Exc L4-5 RORB IL1RAPL2",-0.0020672811134432,3.92867784136596,0.00371097890562314,0.951498261780343,0.989392111770647,0.989392111770647,"social_isolation_avg"
"6915","AC147651.1","Exc L4-5 RORB IL1RAPL2",0.0959265864026464,1.29728970881072,0.704992644696022,0.402323897282391,0.714658901219765,0.714658901219765,"social_isolation_avg"
"6916","PRKAR1B","Exc L4-5 RORB IL1RAPL2",-0.0643184258946224,8.19639578519475,12.7269911712121,0.000471782886298702,0.0145932155576657,0.0145932155576657,"social_isolation_avg"
"6917","DNAAF5","Exc L4-5 RORB IL1RAPL2",0.00123995200633525,4.62556336023765,0.00224911179843498,0.962231912618293,0.992607559423475,0.992607559423475,"social_isolation_avg"
"6918","SUN1","Exc L4-5 RORB IL1RAPL2",0.0278691952408735,6.75376729565916,2.46662445562042,0.118199655100476,0.396745728961523,0.396745728961523,"social_isolation_avg"
"6919","AC073957.3","Exc L4-5 RORB IL1RAPL2",-0.176490676530435,0.737598318528532,3.54117413970022,0.0616209073529759,0.282102392457212,0.282102392457212,"social_isolation_avg"
"6920","ADAP1","Exc L4-5 RORB IL1RAPL2",-0.0349147013710482,4.71619518208032,1.13229050348552,0.288839268501135,0.620121161841595,0.620121161841595,"social_isolation_avg"
"6921","COX19","Exc L4-5 RORB IL1RAPL2",-0.0349471013466832,5.2237308152928,1.34184098325977,0.248380430291304,0.574523975738603,0.574523975738603,"social_isolation_avg"
"6922","C7orf50","Exc L4-5 RORB IL1RAPL2",-0.0801815753826865,5.9505816152427,16.3013683658105,8.24967290076385e-05,0.00505152300826384,0.00505152300826384,"social_isolation_avg"
"6923","AC073957.1","Exc L4-5 RORB IL1RAPL2",0.0374868810992034,1.29470423890363,0.197141970088241,0.65761842329219,0.877503954553657,0.877503954553657,"social_isolation_avg"
"6924","GPR146","Exc L4-5 RORB IL1RAPL2",-0.152466415189097,1.50007940079138,4.72842795340536,0.0310895106281521,0.192488426241907,0.192488426241907,"social_isolation_avg"
"6925","GPER1","Exc L4-5 RORB IL1RAPL2",0.0897303271069549,-0.0803311876828845,0.389375706490911,0.533487952239454,0.809278084207705,0.809278084207705,"social_isolation_avg"
"6926","ZFAND2A","Exc L4-5 RORB IL1RAPL2",-0.0793271151221457,3.28856831917691,3.61795869385519,0.0588981401327051,0.275571639330097,0.275571639330097,"social_isolation_avg"
"6927","AC091729.3","Exc L4-5 RORB IL1RAPL2",-0.0411762848428079,1.24207432263215,0.202956739988167,0.652935103600117,0.874897536283364,0.874897536283364,"social_isolation_avg"
"6928","MICALL2","Exc L4-5 RORB IL1RAPL2",0.0676708320358629,4.29281660465124,4.18118780098433,0.0424609215492773,0.229936606775155,0.229936606775155,"social_isolation_avg"
"6929","AC102953.2","Exc L4-5 RORB IL1RAPL2",-0.011019843587588,2.22697674368285,0.0328694856351018,0.856354664826702,0.96349447661212,0.96349447661212,"social_isolation_avg"
"6930","INTS1","Exc L4-5 RORB IL1RAPL2",-0.0420886705617065,5.13552362887278,1.23556370603481,0.267941882970248,0.597972532136216,0.597972532136216,"social_isolation_avg"
"6931","MAFK","Exc L4-5 RORB IL1RAPL2",0.0148228405929176,2.99627445702456,0.0650610965958927,0.798985526060574,0.943541448315508,0.943541448315508,"social_isolation_avg"
"6932","PSMG3","Exc L4-5 RORB IL1RAPL2",-0.0934624825186864,3.82676516624315,5.9070359117393,0.0161500763501081,0.130032167923573,0.130032167923573,"social_isolation_avg"
"6933","PSMG3-AS1","Exc L4-5 RORB IL1RAPL2",0.00149227131000494,3.41117878571196,0.00118791554462861,0.972547018882329,0.995695809287521,0.995695809287521,"social_isolation_avg"
"6934","MAD1L1","Exc L4-5 RORB IL1RAPL2",0.00069643962736583,5.58090573261206,0.000936791834894311,0.975619839448054,0.996367624666521,0.996367624666521,"social_isolation_avg"
"6935","MRM2","Exc L4-5 RORB IL1RAPL2",-0.0960496205936253,3.06801797009815,5.19298903034033,0.0239578192529294,0.164718712966816,0.164718712966816,"social_isolation_avg"
"6936","NUDT1","Exc L4-5 RORB IL1RAPL2",-0.19519319005593,0.0971713168029275,2.46689594074723,0.118179562945042,0.396745728961523,0.396745728961523,"social_isolation_avg"
"6937","SNX8","Exc L4-5 RORB IL1RAPL2",0.0432863511596768,4.94608702509131,0.951250889356211,0.330826270577728,0.656276354120485,0.656276354120485,"social_isolation_avg"
"6938","EIF3B","Exc L4-5 RORB IL1RAPL2",0.00842496334087199,5.15827574723127,0.116805263281703,0.732959713559212,0.914520816626361,0.914520816626361,"social_isolation_avg"
"6939","CHST12","Exc L4-5 RORB IL1RAPL2",0.0137652023022081,4.81968560607043,0.236484080488009,0.627401203739153,0.861458386802464,0.861458386802464,"social_isolation_avg"
"6940","BRAT1","Exc L4-5 RORB IL1RAPL2",0.0522226040998029,4.43411257674106,3.4815075282659,0.0638300312140155,0.287349041303923,0.287349041303923,"social_isolation_avg"
"6941","IQCE","Exc L4-5 RORB IL1RAPL2",-0.005550073550499,5.18236301641345,0.0594929913311476,0.958376610996862,0.991282222630649,0.991282222630649,"social_isolation_avg"
"6942","TTYH3","Exc L4-5 RORB IL1RAPL2",-0.00886281404050916,5.18722160656754,0.0745091624272853,0.785221868716852,0.938308890867219,0.938308890867219,"social_isolation_avg"
"6943","AMZ1","Exc L4-5 RORB IL1RAPL2",-0.182350017813606,1.31825993868741,0.74589014941408,0.389032006694087,0.704253245585294,0.704253245585294,"social_isolation_avg"
"6944","GNA12","Exc L4-5 RORB IL1RAPL2",0.0113522068947935,5.54237797531853,0.287619520457287,0.592471048170279,0.842274306180829,0.842274306180829,"social_isolation_avg"
"6945","CARD11","Exc L4-5 RORB IL1RAPL2",0.349460737944834,0.702016873547859,3.14632112598995,0.0779395290846791,0.320794829195391,0.320794829195391,"social_isolation_avg"
"6946","SDK1","Exc L4-5 RORB IL1RAPL2",-7.96965786093069e-05,5.61923678571303,4.55848380734031e-06,0.998299043911024,0.999716603438089,0.999716603438089,"social_isolation_avg"
"6947","FOXK1","Exc L4-5 RORB IL1RAPL2",0.0235151707505179,6.26507226037523,1.8928057118756,0.17074710796223,0.475663431942485,0.475663431942485,"social_isolation_avg"
"6948","AP5Z1","Exc L4-5 RORB IL1RAPL2",0.011139917870867,4.23839165010772,0.146120114837696,0.702762055726499,0.900577828309942,0.900577828309942,"social_isolation_avg"
"6949","RADIL","Exc L4-5 RORB IL1RAPL2",0.0631148631016885,3.52093639415646,2.15751394139851,0.143774590941788,0.438202164176799,0.438202164176799,"social_isolation_avg"
"6950","MMD2","Exc L4-5 RORB IL1RAPL2",-1.3088035910728,-0.336927058706768,13.1055266769495,0.00039113606990923,0.0130345228146581,0.0130345228146581,"social_isolation_avg"
"6951","RBAK-RBAKDN","Exc L4-5 RORB IL1RAPL2",0.0240272595637896,5.84728284590323,1.13007860706188,0.289309133941036,0.620636975430651,0.620636975430651,"social_isolation_avg"
"6952","WIPI2","Exc L4-5 RORB IL1RAPL2",-0.072604473849953,5.58529987840941,15.0125136797337,0.000153697941792822,0.00740444862634874,0.00740444862634874,"social_isolation_avg"
"6953","SLC29A4","Exc L4-5 RORB IL1RAPL2",0.00339339471280745,2.08883581565123,0.00224005679544991,0.962307959907644,0.992630916939024,0.992630916939024,"social_isolation_avg"
"6954","TNRC18","Exc L4-5 RORB IL1RAPL2",0.0568661621588922,6.73609059101014,7.65548387360316,0.00630506323874809,0.0755529458773607,0.0755529458773607,"social_isolation_avg"
"6955","AC092171.4","Exc L4-5 RORB IL1RAPL2",-0.0633273737241637,2.00653818899327,0.859519006397802,0.355225021931058,0.675692649316836,0.675692649316836,"social_isolation_avg"
"6956","AC092171.3","Exc L4-5 RORB IL1RAPL2",-0.102018714806802,0.438565267550841,1.10431917600504,0.294854071449573,0.625791798754613,0.625791798754613,"social_isolation_avg"
"6957","AC092171.5","Exc L4-5 RORB IL1RAPL2",-0.159273593920262,0.548494353677074,2.80546934241501,0.0958341653203492,0.35863889280584,0.35863889280584,"social_isolation_avg"
"6958","FBXL18","Exc L4-5 RORB IL1RAPL2",0.0448237265109777,4.84550582518182,3.47331836209496,0.0641398209193943,0.288126674172806,0.288126674172806,"social_isolation_avg"
"6959","ACTB","Exc L4-5 RORB IL1RAPL2",-0.141776921269155,8.18166131600013,14.314390397408,0.000215941334100837,0.00911121096404676,0.00911121096404676,"social_isolation_avg"
"6960","FSCN1","Exc L4-5 RORB IL1RAPL2",-0.02401000420292,4.28626068391359,0.560308266403106,0.45519982393885,0.753615740071838,0.753615740071838,"social_isolation_avg"
"6961","RNF216","Exc L4-5 RORB IL1RAPL2",0.0200317217480926,6.74338465656782,1.50799535132478,0.221190966112409,0.542329178412971,0.542329178412971,"social_isolation_avg"
"6962","OCM","Exc L4-5 RORB IL1RAPL2",0.15029547609686,1.42568227552304,4.81442766088013,0.0296176487790764,0.186549777812551,0.186549777812551,"social_isolation_avg"
"6963","CCZ1","Exc L4-5 RORB IL1RAPL2",0.0200549010408796,4.53759042772697,0.2226576461731,0.637644630677518,0.867064357055679,0.867064357055679,"social_isolation_avg"
"6964","RSPH10B","Exc L4-5 RORB IL1RAPL2",0.0860775803928643,0.22878401892696,0.603058468594571,0.438523269552079,0.741691140001332,0.741691140001332,"social_isolation_avg"
"6965","PMS2","Exc L4-5 RORB IL1RAPL2",0.0548145366251518,4.49725649822753,4.28636521092774,0.0399742188772125,0.222195122025775,0.222195122025775,"social_isolation_avg"
"6966","AIMP2","Exc L4-5 RORB IL1RAPL2",-0.0984458749269577,3.03834617203532,5.0352068400664,0.0261647824465769,0.173281011085643,0.173281011085643,"social_isolation_avg"
"6967","EIF2AK1","Exc L4-5 RORB IL1RAPL2",-0.0403640032481877,5.17882065624429,4.26426464443867,0.0404836214303939,0.223702114449838,0.223702114449838,"social_isolation_avg"
"6968","USP42","Exc L4-5 RORB IL1RAPL2",0.0385427330575828,5.42006059252283,3.36746402547937,0.0682933774643998,0.298769709827493,0.298769709827493,"social_isolation_avg"
"6969","CYTH3","Exc L4-5 RORB IL1RAPL2",0.0104360872877076,6.39383256093391,0.295045126984175,0.587737215401826,0.840010352191718,0.840010352191718,"social_isolation_avg"
"6970","FAM220A","Exc L4-5 RORB IL1RAPL2",0.0182384028679742,3.62837467802305,0.260197415310195,0.61066500299861,0.852117185969555,0.852117185969555,"social_isolation_avg"
"6971","RAC1","Exc L4-5 RORB IL1RAPL2",-0.0921598939577423,7.04982675900319,16.8215331212561,6.43003947042942e-05,0.00428390059225335,0.00428390059225335,"social_isolation_avg"
"6972","DAGLB","Exc L4-5 RORB IL1RAPL2",0.0446777745070166,5.02923953893016,2.78273768381524,0.0971783753253331,0.360531772456986,0.360531772456986,"social_isolation_avg"
"6973","GRID2IP","Exc L4-5 RORB IL1RAPL2",-0.0190858815921596,2.7395612190557,0.0359332083911911,0.849886059549559,0.961873912835597,0.961873912835597,"social_isolation_avg"
"6974","ZDHHC4","Exc L4-5 RORB IL1RAPL2",-0.0503300776968608,2.87752506239062,0.993566113566146,0.320329269829919,0.64746823143381,0.64746823143381,"social_isolation_avg"
"6975","C7orf26","Exc L4-5 RORB IL1RAPL2",0.0567653156818205,3.84832710397031,3.23700753050171,0.0738161844509757,0.311197559062857,0.311197559062857,"social_isolation_avg"
"6976","ZNF853","Exc L4-5 RORB IL1RAPL2",-0.0575712313302914,2.27305794917919,1.08195247653644,0.299780235727738,0.630778468046534,0.630778468046534,"social_isolation_avg"
"6977","ZNF316","Exc L4-5 RORB IL1RAPL2",0.00965971167776418,3.55702017857741,0.0774507145950561,0.960937815197682,0.992137094911893,0.992137094911893,"social_isolation_avg"
"6978","AC073343.2","Exc L4-5 RORB IL1RAPL2",0.039065289759766,3.64473094092417,0.74304421610256,0.389936246593387,0.704813118245459,0.704813118245459,"social_isolation_avg"
"6979","ZNF12","Exc L4-5 RORB IL1RAPL2",-0.0210555341098109,4.27470287236182,0.516932427474487,0.473168330222115,0.767691474544043,0.767691474544043,"social_isolation_avg"
"6980","RSPH10B2","Exc L4-5 RORB IL1RAPL2",0.326001354979915,0.201213993732751,6.9408371717913,0.00922569939857398,0.0944074950353804,0.0944074950353804,"social_isolation_avg"
"6981","CCZ1B","Exc L4-5 RORB IL1RAPL2",0.0529675643225537,4.65425514853821,1.71978063122831,0.191539949244729,0.502957139040686,0.502957139040686,"social_isolation_avg"
"6982","C1GALT1","Exc L4-5 RORB IL1RAPL2",-0.0220619996320419,4.91398182805573,0.561738298598997,0.454626031803864,0.753272785159389,0.753272785159389,"social_isolation_avg"
"6983","COL28A1","Exc L4-5 RORB IL1RAPL2",0.0709434327270996,4.42131668963358,2.62624091860446,0.107016412335961,0.378548801235507,0.378548801235507,"social_isolation_avg"
"6984","AC004982.1","Exc L4-5 RORB IL1RAPL2",0.0742741851693847,0.875448279854087,0.765576840526614,0.382858452141473,0.700356658461495,0.700356658461495,"social_isolation_avg"
"6985","AC004982.2","Exc L4-5 RORB IL1RAPL2",0.0278261768403868,2.18852449087191,0.199276897577182,0.655889399660935,0.876665960086504,0.876665960086504,"social_isolation_avg"
"6986","MIOS","Exc L4-5 RORB IL1RAPL2",0.0547588987856111,4.59948107365931,3.02811869470874,0.0836939617075449,0.332683497787491,0.332683497787491,"social_isolation_avg"
"6987","AC004948.1","Exc L4-5 RORB IL1RAPL2",0.107892140363247,-0.162642052079786,0.653370535123985,0.420071988751531,0.727044450495279,0.727044450495279,"social_isolation_avg"
"6988","RPA3","Exc L4-5 RORB IL1RAPL2",-0.0798677349673488,2.53994967088687,2.35907976907845,0.126467553057929,0.409538970165627,0.409538970165627,"social_isolation_avg"
"6989","UMAD1","Exc L4-5 RORB IL1RAPL2",0.0480969545109897,7.19680414368819,9.35365448902985,0.00259662139642264,0.0436993570106767,0.0436993570106767,"social_isolation_avg"
"6990","AC006042.2","Exc L4-5 RORB IL1RAPL2",0.136931433513725,0.424346340549553,1.71218221779523,0.192518939282764,0.504371343585106,0.504371343585106,"social_isolation_avg"
"6991","GLCCI1","Exc L4-5 RORB IL1RAPL2",0.0300121740607533,7.89166778600711,2.02833259891119,0.156274982443901,0.455703908850267,0.455703908850267,"social_isolation_avg"
"6992","ICA1","Exc L4-5 RORB IL1RAPL2",0.0595877528048006,7.39669705044742,6.72597718007582,0.0103543499969315,0.100882933209032,0.100882933209032,"social_isolation_avg"
"6993","AC007128.1","Exc L4-5 RORB IL1RAPL2",-0.0537852188487592,1.79924649959596,0.4776166626089,0.490473270136966,0.780776748062512,0.780776748062512,"social_isolation_avg"
"6994","AC004949.1","Exc L4-5 RORB IL1RAPL2",0.405746973810819,3.50387555130412,12.2593997440869,0.000595312512692521,0.0167677210295693,0.0167677210295693,"social_isolation_avg"
"6995","NDUFA4","Exc L4-5 RORB IL1RAPL2",-0.126036401709369,6.43280935260301,11.5855668071815,0.000834020380852194,0.0210406661681392,0.0210406661681392,"social_isolation_avg"
"6996","PHF14","Exc L4-5 RORB IL1RAPL2",0.0179149039099494,7.91988895730071,1.81790433890419,0.179407540084022,0.486049551249968,0.486049551249968,"social_isolation_avg"
"6997","THSD7A","Exc L4-5 RORB IL1RAPL2",-0.436557984168881,2.43882160768583,2.28270549281039,0.132732805094405,0.418992938425474,0.418992938425474,"social_isolation_avg"
"6998","TMEM106B","Exc L4-5 RORB IL1RAPL2",-0.000437620682573319,6.26781915263627,0.000586594112147523,0.980706573652681,0.99708265216268,0.99708265216268,"social_isolation_avg"
"6999","VWDE","Exc L4-5 RORB IL1RAPL2",-0.0745135592508369,2.28039789200705,0.658289265390033,0.418331296037154,0.72598376296982,0.72598376296982,"social_isolation_avg"
"7000","AC013470.2","Exc L4-5 RORB IL1RAPL2",-0.111044252087209,1.49414323478542,1.90288153339098,0.16961948943002,0.474197748153872,0.474197748153872,"social_isolation_avg"
"7001","ARL4A","Exc L4-5 RORB IL1RAPL2",-0.172525288264258,3.48786811832273,13.5504073519174,0.000314075500669812,0.0113573477999825,0.0113573477999825,"social_isolation_avg"
"7002","AC011287.1","Exc L4-5 RORB IL1RAPL2",-0.0857925742065001,7.91010817859976,2.91639516444347,0.0895609341359972,0.345199110773519,0.345199110773519,"social_isolation_avg"
"7003","AC011287.2","Exc L4-5 RORB IL1RAPL2",-0.34417111216574,-0.378915832708985,4.37279458698902,0.0380463553758951,0.215640353950547,0.215640353950547,"social_isolation_avg"
"7004","ETV1","Exc L4-5 RORB IL1RAPL2",-0.164753037737539,5.58741655791468,4.55185923851098,0.0343583546557754,0.203091042937184,0.203091042937184,"social_isolation_avg"
"7005","DGKB","Exc L4-5 RORB IL1RAPL2",0.00353831441246817,9.40754472550366,0.028747822954028,0.865569930635313,0.966746833305743,0.966746833305743,"social_isolation_avg"
"7006","AGMO","Exc L4-5 RORB IL1RAPL2",-0.123577509389272,-0.507590684130702,0.172880679604711,0.678103531744906,0.887303892540105,0.887303892540105,"social_isolation_avg"
"7007","MEOX2","Exc L4-5 RORB IL1RAPL2",0.0241197531788849,2.97522318647766,0.110360310279958,0.740155182046496,0.918297139382951,0.918297139382951,"social_isolation_avg"
"7008","LINC02587","Exc L4-5 RORB IL1RAPL2",-0.10427655783513,-0.523072975389574,0.364678966595985,0.546746936548327,0.815611895947664,0.815611895947664,"social_isolation_avg"
"7009","ISPD","Exc L4-5 RORB IL1RAPL2",0.0138769761486173,6.93048858059984,0.263281247832017,0.608559881406258,0.850976388743463,0.850976388743463,"social_isolation_avg"
"7010","ISPD-AS1","Exc L4-5 RORB IL1RAPL2",-0.0229092683965727,0.491970694898688,0.0470136608806485,0.828611064928845,0.954382665732476,0.954382665732476,"social_isolation_avg"
"7011","SOSTDC1","Exc L4-5 RORB IL1RAPL2",-0.0272146469877294,0.33628825148639,0.0418258283678174,0.838203734258663,0.957882035145749,0.957882035145749,"social_isolation_avg"
"7012","AC005014.2","Exc L4-5 RORB IL1RAPL2",-0.0553006162219683,0.662722154337813,0.326546904587577,0.568475688549311,0.828669376197344,0.828669376197344,"social_isolation_avg"
"7013","ANKMY2","Exc L4-5 RORB IL1RAPL2",0.00772048830728528,5.38521144160763,0.0742046534349764,0.785650370373121,0.93860819277545,0.93860819277545,"social_isolation_avg"
"7014","BZW2","Exc L4-5 RORB IL1RAPL2",-0.0395547836360392,5.27119856090562,1.68077823532442,0.19662809148324,0.509993162296694,0.509993162296694,"social_isolation_avg"
"7015","AC073333.1","Exc L4-5 RORB IL1RAPL2",-0.000119103051507955,0.513352413385319,5.7560272435051e-05,0.993955777338452,0.999452588532504,0.999452588532504,"social_isolation_avg"
"7016","TSPAN13","Exc L4-5 RORB IL1RAPL2",-0.039637811423903,5.83109081064412,2.08987634429815,0.150171346426931,0.447334651493904,0.447334651493904,"social_isolation_avg"
"7017","AHR","Exc L4-5 RORB IL1RAPL2",0.0099244716416216,1.90957787667668,0.0220822014023133,0.882049762244619,0.973021429071271,0.973021429071271,"social_isolation_avg"
"7018","AC073332.1","Exc L4-5 RORB IL1RAPL2",0.0592202834839774,5.39344823812227,1.2143180132099,0.272080554880942,0.601265613046286,0.601265613046286,"social_isolation_avg"
"7019","AC019117.3","Exc L4-5 RORB IL1RAPL2",0.0264929438744192,1.53443930485793,0.102499644804987,0.772031530733126,0.932678776012287,0.932678776012287,"social_isolation_avg"
"7020","SNX13","Exc L4-5 RORB IL1RAPL2",0.00894807548879358,6.59632811302461,0.306950387959361,0.58030633556802,0.836314736482786,0.836314736482786,"social_isolation_avg"
"7021","HDAC9","Exc L4-5 RORB IL1RAPL2",-0.0430114309004041,7.95092126715191,2.63722614998747,0.106291074149075,0.377027219903409,0.377027219903409,"social_isolation_avg"
"7022","TWIST1","Exc L4-5 RORB IL1RAPL2",0.0227023120374023,3.0149659470876,0.0273676719939343,0.868806298591835,0.967441402840039,0.967441402840039,"social_isolation_avg"
"7023","AC007091.1","Exc L4-5 RORB IL1RAPL2",0.0639127802524034,4.37109921280817,0.277284304819619,0.599192615768484,0.845816434120821,0.845816434120821,"social_isolation_avg"
"7024","TWISTNB","Exc L4-5 RORB IL1RAPL2",-0.0584369141633325,3.58343772198804,2.52461176500431,0.113993248180124,0.38967773239677,0.38967773239677,"social_isolation_avg"
"7025","TMEM196","Exc L4-5 RORB IL1RAPL2",-0.6126838702944,-0.550656443523223,3.86635249077311,0.0509381091037704,0.254502234579467,0.254502234579467,"social_isolation_avg"
"7026","AC007001.1","Exc L4-5 RORB IL1RAPL2",0.109420786159359,0.0988754032725998,0.387160697561372,0.534652993786314,0.809700884133067,0.809700884133067,"social_isolation_avg"
"7027","MACC1","Exc L4-5 RORB IL1RAPL2",0.0556244628389994,1.39697728869211,0.538873698084739,0.50501017412243,0.79047795372026,0.79047795372026,"social_isolation_avg"
"7028","ITGB8","Exc L4-5 RORB IL1RAPL2",-0.848199112229969,0.239415069076407,8.0203246127092,0.00520079111348362,0.0669416113321249,0.0669416113321249,"social_isolation_avg"
"7029","ABCB5","Exc L4-5 RORB IL1RAPL2",0.0134978936782831,0.223834981247304,0.0155528114970722,0.920151550181765,0.983304027712636,0.983304027712636,"social_isolation_avg"
"7030","SP4","Exc L4-5 RORB IL1RAPL2",0.0645859477072038,5.1127751535805,7.70896964888844,0.0061291377037602,0.0744826040416486,0.0744826040416486,"social_isolation_avg"
"7031","DNAH11","Exc L4-5 RORB IL1RAPL2",0.0214392613754481,1.91986487203499,0.10092637958061,0.751121722800085,0.923455108323613,0.923455108323613,"social_isolation_avg"
"7032","RAPGEF5","Exc L4-5 RORB IL1RAPL2",-0.0013427160815156,9.22626864615487,0.00214389911083832,0.963125231566886,0.992970265671771,0.992970265671771,"social_isolation_avg"
"7033","STEAP1B","Exc L4-5 RORB IL1RAPL2",-0.141499350190683,3.84869025402478,9.2346904811814,0.00276115434759707,0.045479249260089,0.045479249260089,"social_isolation_avg"
"7034","TOMM7","Exc L4-5 RORB IL1RAPL2",-0.142045529526065,4.44680616389608,12.8517709826383,0.00044347652637538,0.0141740191816699,0.0141740191816699,"social_isolation_avg"
"7035","FAM126A","Exc L4-5 RORB IL1RAPL2",0.044010161685788,4.56722464526754,0.966162314791463,0.32707566811751,0.653426113024116,0.653426113024116,"social_isolation_avg"
"7036","KLHL7","Exc L4-5 RORB IL1RAPL2",0.0596057940297376,6.88344666201757,11.8883291393775,0.000716558303212642,0.0190421343470315,0.0190421343470315,"social_isolation_avg"
"7037","NUPL2","Exc L4-5 RORB IL1RAPL2",0.00857428793344158,5.30688921967316,0.0801076549431669,0.777505711074537,0.935858673440101,0.935858673440101,"social_isolation_avg"
"7038","MALSU1","Exc L4-5 RORB IL1RAPL2",0.051059329890438,4.5347934128901,3.40306028899168,0.0668651559549268,0.29452202839342,0.29452202839342,"social_isolation_avg"
"7039","IGF2BP3","Exc L4-5 RORB IL1RAPL2",0.0384219744778482,1.22389544386625,0.254071971444508,0.614893533062797,0.853922797977974,0.853922797977974,"social_isolation_avg"
"7040","TRA2A","Exc L4-5 RORB IL1RAPL2",0.00883459428417692,7.1898152690539,0.23285531742344,0.630053104994635,0.862855619694343,0.862855619694343,"social_isolation_avg"
"7041","CCDC126","Exc L4-5 RORB IL1RAPL2",0.0116501964936362,4.33565961262854,0.167261731997872,0.720069216115116,0.909266791843836,0.909266791843836,"social_isolation_avg"
"7042","FAM221A","Exc L4-5 RORB IL1RAPL2",0.0226591922750718,3.65963298342861,0.451217602574362,0.5518298608595,0.818017298442698,0.818017298442698,"social_isolation_avg"
"7043","STK31","Exc L4-5 RORB IL1RAPL2",0.202374755201518,1.81295868080299,5.21171627941244,0.02370914156279,0.163842464393553,0.163842464393553,"social_isolation_avg"
"7044","AC004485.1","Exc L4-5 RORB IL1RAPL2",0.0449887411726611,2.21095752586922,0.276296174583754,0.599843606735368,0.846104135905244,0.846104135905244,"social_isolation_avg"
"7045","MPP6","Exc L4-5 RORB IL1RAPL2",-0.0272292730078269,6.38703779804436,1.84280847886768,0.176472583864556,0.482927549502089,0.482927549502089,"social_isolation_avg"
"7046","GSDME","Exc L4-5 RORB IL1RAPL2",0.019765093166168,2.55026640604697,0.095021282898567,0.758276247767039,0.926831064857891,0.926831064857891,"social_isolation_avg"
"7047","OSBPL3","Exc L4-5 RORB IL1RAPL2",-0.101816719516375,5.19121832029438,5.56384830789986,0.0195037272546478,0.146403211613144,0.146403211613144,"social_isolation_avg"
"7048","CYCS","Exc L4-5 RORB IL1RAPL2",-0.140635810362458,5.62760285933517,17.7600296121052,4.11263519621974e-05,0.00331764011960296,0.00331764011960296,"social_isolation_avg"
"7049","C7orf31","Exc L4-5 RORB IL1RAPL2",0.13779932166444,0.459432778178037,2.08023372875347,0.151109418729193,0.44849427743868,0.44849427743868,"social_isolation_avg"
"7050","AC005165.1","Exc L4-5 RORB IL1RAPL2",-0.0960465031796412,2.46451933908355,1.00552685147163,0.317442518861854,0.645562005484489,0.645562005484489,"social_isolation_avg"
"7051","NFE2L3","Exc L4-5 RORB IL1RAPL2",0.0692031931197776,1.81235236662227,0.528443894000111,0.468290066583688,0.763750523301657,0.763750523301657,"social_isolation_avg"
"7052","AC004520.1","Exc L4-5 RORB IL1RAPL2",0.104339125517519,0.294259523952741,0.691344950667965,0.406906786453326,0.718003166176651,0.718003166176651,"social_isolation_avg"
"7053","HNRNPA2B1","Exc L4-5 RORB IL1RAPL2",-0.036741975882869,6.93162276308308,3.25562313427498,0.0729993781481509,0.309618506668877,0.309618506668877,"social_isolation_avg"
"7054","CBX3","Exc L4-5 RORB IL1RAPL2",0.00185018447652834,5.20393617560096,0.00527393322645041,0.942194837092965,0.987984052456339,0.987984052456339,"social_isolation_avg"
"7055","SNX10","Exc L4-5 RORB IL1RAPL2",-0.0237766209053069,6.84284135870966,1.32166467393341,0.251954151469712,0.579179261324071,0.579179261324071,"social_isolation_avg"
"7056","AC004540.2","Exc L4-5 RORB IL1RAPL2",-0.294948282876671,-0.164180164033695,4.73438205353178,0.0309851674204959,0.191968026445057,0.191968026445057,"social_isolation_avg"
"7057","AC004540.1","Exc L4-5 RORB IL1RAPL2",-0.0733047917980669,4.62372953835368,0.664191411426458,0.416256773186611,0.725131397575952,0.725131397575952,"social_isolation_avg"
"7058","SKAP2","Exc L4-5 RORB IL1RAPL2",-0.0577852694226865,6.47570972156752,6.41792016285974,0.0122280171383256,0.110648642885825,0.110648642885825,"social_isolation_avg"
"7059","AC004009.1","Exc L4-5 RORB IL1RAPL2",0.114283614501495,-0.542955828947792,0.480225532264732,0.489292677902283,0.779810205406763,0.779810205406763,"social_isolation_avg"
"7060","HIBADH","Exc L4-5 RORB IL1RAPL2",0.00281040187848442,5.95973420361561,0.0119708577133555,0.913008893025787,0.981668613012071,0.981668613012071,"social_isolation_avg"
"7061","TAX1BP1","Exc L4-5 RORB IL1RAPL2",-0.0501969184463699,6.82502365651555,11.4075196038185,0.000912112086688055,0.022311959955776,0.022311959955776,"social_isolation_avg"
"7062","JAZF1","Exc L4-5 RORB IL1RAPL2",0.0218244280387266,8.34407905288209,2.56952614127916,0.110849504418658,0.384967156759105,0.384967156759105,"social_isolation_avg"
"7063","JAZF1-AS1","Exc L4-5 RORB IL1RAPL2",-0.064697987146714,5.1704671008826,2.10838799570994,0.148389002186634,0.445167006559901,0.445167006559901,"social_isolation_avg"
"7064","CREB5","Exc L4-5 RORB IL1RAPL2",0.00798324781949992,4.87435176115364,0.0104737423980056,0.918609818117156,0.983105896136627,0.983105896136627,"social_isolation_avg"
"7065","AC005162.3","Exc L4-5 RORB IL1RAPL2",-0.00876201109895776,3.57490360761631,0.010582098919792,0.918191372940308,0.983030553239607,0.983030553239607,"social_isolation_avg"
"7066","CPVL","Exc L4-5 RORB IL1RAPL2",0.129955974782317,2.91777220682115,5.87813781357867,0.0164077611121991,0.131324554993198,0.131324554993198,"social_isolation_avg"
"7067","AC004593.1","Exc L4-5 RORB IL1RAPL2",-0.109723772230548,-0.319623453913131,0.675262008052492,0.412406709939391,0.722407364514029,0.722407364514029,"social_isolation_avg"
"7068","AC007255.1","Exc L4-5 RORB IL1RAPL2",-0.0288951436552772,1.93158116886205,0.0952078328187717,0.758046552514525,0.926610169915842,0.926610169915842,"social_isolation_avg"
"7069","WIPF3","Exc L4-5 RORB IL1RAPL2",0.000754260951542813,5.85757200606629,0.000329831530358906,0.985532106840399,0.998300390466684,0.998300390466684,"social_isolation_avg"
"7070","SCRN1","Exc L4-5 RORB IL1RAPL2",-0.0565578254191863,6.44628011568413,12.6669289974001,0.000486058811918911,0.0148334173876092,0.0148334173876092,"social_isolation_avg"
"7071","AC007285.1","Exc L4-5 RORB IL1RAPL2",0.0569110317047844,3.35942759610176,2.07481618447803,0.151639391285481,0.449360833596334,0.449360833596334,"social_isolation_avg"
"7072","FKBP14","Exc L4-5 RORB IL1RAPL2",-0.0305317057132057,4.15180827029838,0.658351510119965,0.418309337393238,0.72598376296982,0.72598376296982,"social_isolation_avg"
"7073","PLEKHA8","Exc L4-5 RORB IL1RAPL2",0.049799613224244,5.65888225855524,5.61197134439845,0.0189927088837094,0.144095504939073,0.144095504939073,"social_isolation_avg"
"7074","MTURN","Exc L4-5 RORB IL1RAPL2",-0.0547842595818142,7.20647907415964,6.42304177627786,0.0121941477626467,0.110553651086267,0.110553651086267,"social_isolation_avg"
"7075","ZNRF2","Exc L4-5 RORB IL1RAPL2",0.0427476823672307,5.24141193121473,3.2998655215242,0.0710971230030808,0.305664318187069,0.305664318187069,"social_isolation_avg"
"7076","AC006978.2","Exc L4-5 RORB IL1RAPL2",-0.0399087863178103,5.23750105515966,2.46544448135263,0.118287027275109,0.396772282103486,0.396772282103486,"social_isolation_avg"
"7077","NOD1","Exc L4-5 RORB IL1RAPL2",0.123727358935973,2.79563767399925,5.90171407591672,0.0161972126466772,0.13019008516898,0.13019008516898,"social_isolation_avg"
"7078","GGCT","Exc L4-5 RORB IL1RAPL2",-0.121525986065675,3.43267664845027,8.12588514227433,0.00492001933375632,0.0648733201929992,0.0648733201929992,"social_isolation_avg"
"7079","AC005154.6","Exc L4-5 RORB IL1RAPL2",0.0187739773847022,5.68845408179319,0.64897494163872,0.421636747164227,0.728299150364646,0.728299150364646,"social_isolation_avg"
"7080","AC005154.5","Exc L4-5 RORB IL1RAPL2",0.0144187647561833,0.201604462200836,0.011897461705132,0.913274918491568,0.981668613012071,0.981668613012071,"social_isolation_avg"
"7081","GARS","Exc L4-5 RORB IL1RAPL2",0.0324634783029998,5.50648223146424,1.40790286932323,0.237107432681967,0.560722370443172,0.560722370443172,"social_isolation_avg"
"7082","CRHR2","Exc L4-5 RORB IL1RAPL2",0.0344964306405126,3.20279751914357,0.269687434091649,0.604236168593712,0.848581258760019,0.848581258760019,"social_isolation_avg"
"7083","INMT","Exc L4-5 RORB IL1RAPL2",0.276428052990282,-0.203372702798175,2.74793676794296,0.0992766429286356,0.364770574568673,0.364770574568673,"social_isolation_avg"
"7084","AC004691.2","Exc L4-5 RORB IL1RAPL2",-0.0172208900179656,0.866717311890765,0.0309221147137777,0.860629501770558,0.964619228845686,0.964619228845686,"social_isolation_avg"
"7085","AQP1","Exc L4-5 RORB IL1RAPL2",0.0815645251262851,1.67119631506784,1.44096172689214,0.242153550688376,0.566689458953264,0.566689458953264,"social_isolation_avg"
"7086","GHRHR","Exc L4-5 RORB IL1RAPL2",0.31906308563042,-0.608525203394641,4.31859767375052,0.0392434248705124,0.219526565191545,0.219526565191545,"social_isolation_avg"
"7087","ADCYAP1R1","Exc L4-5 RORB IL1RAPL2",0.00110283457357795,4.78870328973248,0.00108627522615212,0.973747294513317,0.99572295699374,0.99572295699374,"social_isolation_avg"
"7088","NEUROD6","Exc L4-5 RORB IL1RAPL2",-0.19199009929227,4.53339473489125,7.69924239998477,0.00616075177129731,0.0746119601809503,0.0746119601809503,"social_isolation_avg"
"7089","CCDC129","Exc L4-5 RORB IL1RAPL2",-0.035382577753383,1.99963063445315,0.241892484119553,0.62349508861322,0.859161792415027,0.859161792415027,"social_isolation_avg"
"7090","PPP1R17","Exc L4-5 RORB IL1RAPL2",-0.0588831422529125,0.411985193269056,0.222513388683167,0.637753536131488,0.867064357055679,0.867064357055679,"social_isolation_avg"
"7091","PDE1C","Exc L4-5 RORB IL1RAPL2",0.00932600846876532,8.58722915528705,0.135687927070972,0.713077311123623,0.905910701135506,0.905910701135506,"social_isolation_avg"
"7092","LSM5","Exc L4-5 RORB IL1RAPL2",-0.0491278686265256,4.37617673430863,2.56857278160585,0.11091522533089,0.384967156759105,0.384967156759105,"social_isolation_avg"
"7093","AVL9","Exc L4-5 RORB IL1RAPL2",0.0213089199413085,7.04378461606514,2.53364508540671,0.113353094025057,0.388612772612447,0.388612772612447,"social_isolation_avg"
"7094","AC018645.2","Exc L4-5 RORB IL1RAPL2",0.106226432036763,0.357236142819814,1.1440090935663,0.286366161632478,0.617356150885166,0.617356150885166,"social_isolation_avg"
"7095","LINC00997","Exc L4-5 RORB IL1RAPL2",0.0369981879285552,1.01045802697063,0.255386198696613,0.613980935413587,0.853698800629077,0.853698800629077,"social_isolation_avg"
"7096","AC018648.1","Exc L4-5 RORB IL1RAPL2",0.135026189094981,0.464982486618324,1.91866684323412,0.167870167932369,0.471428259415985,0.471428259415985,"social_isolation_avg"
"7097","KBTBD2","Exc L4-5 RORB IL1RAPL2",-0.0211861517902544,4.79157692904875,0.557946806066652,0.456149854133435,0.754362558781333,0.754362558781333,"social_isolation_avg"
"7098","FKBP9","Exc L4-5 RORB IL1RAPL2",-5.99824167200839e-05,3.81802948586678,2.45173297757515e-06,0.998752560098009,0.999756490827131,0.999756490827131,"social_isolation_avg"
"7099","NT5C3A","Exc L4-5 RORB IL1RAPL2",0.0660725397557937,5.61415140705754,10.720166307906,0.00129077484515164,0.0278879890602751,0.0278879890602751,"social_isolation_avg"
"7100","RP9","Exc L4-5 RORB IL1RAPL2",-0.0286428272803512,3.66245805400831,0.676551645874519,0.411961648980333,0.722135108426615,0.722135108426615,"social_isolation_avg"
"7101","BBS9","Exc L4-5 RORB IL1RAPL2",0.0407205005606951,7.4358877143547,4.33766507004612,0.0388177908290907,0.218727560333572,0.218727560333572,"social_isolation_avg"
"7102","BMPER","Exc L4-5 RORB IL1RAPL2",0.032456217828269,8.36070417439218,2.4962810715761,0.116027158051311,0.393330195474553,0.393330195474553,"social_isolation_avg"
"7103","AC009262.1","Exc L4-5 RORB IL1RAPL2",-0.168904636653275,2.56482663410187,4.76522479664683,0.0304505325526371,0.189711730796328,0.189711730796328,"social_isolation_avg"
"7104","NPSR1","Exc L4-5 RORB IL1RAPL2",0.160654709484305,2.33605678721788,0.877651794504258,0.350212373523896,0.671492088882712,0.671492088882712,"social_isolation_avg"
"7105","DPY19L1","Exc L4-5 RORB IL1RAPL2",0.0237983732039644,7.64296959028726,1.07769623351055,0.300729683969421,0.631672552218629,0.631672552218629,"social_isolation_avg"
"7106","HERPUD2","Exc L4-5 RORB IL1RAPL2",0.00800791550230046,5.19109384910166,0.139049045557921,0.709705950274536,0.904204853891623,0.904204853891623,"social_isolation_avg"
"7107","AC018647.2","Exc L4-5 RORB IL1RAPL2",-0.0947017011041028,1.4391858448729,1.60677240601559,0.206728837679035,0.524050956286847,0.524050956286847,"social_isolation_avg"
"7108","SEPT7-AS1","Exc L4-5 RORB IL1RAPL2",-0.0307803876791932,2.68017185608532,0.341895412409593,0.559534443596213,0.822985022916031,0.822985022916031,"social_isolation_avg"
"7109","SEPT7","Exc L4-5 RORB IL1RAPL2",-0.0509147568929399,8.00762814767955,11.4587407287377,0.000888909713560644,0.0219857002487333,0.0219857002487333,"social_isolation_avg"
"7110","EEPD1","Exc L4-5 RORB IL1RAPL2",-0.068609960119474,3.49056626976554,1.23373827718798,0.268294355636569,0.598208520268621,0.598208520268621,"social_isolation_avg"
"7111","KIAA0895","Exc L4-5 RORB IL1RAPL2",-0.0186311753077359,4.62776956221382,0.505947099875133,0.477901159606368,0.771072554013139,0.771072554013139,"social_isolation_avg"
"7112","AOAH","Exc L4-5 RORB IL1RAPL2",0.126826560630955,3.58191975990433,5.06274429371778,0.0257647577908586,0.171399547216386,0.171399547216386,"social_isolation_avg"
"7113","ELMO1","Exc L4-5 RORB IL1RAPL2",-0.0339964664421919,7.17297118521844,1.82517732190948,0.178544585004654,0.484961540751229,0.484961540751229,"social_isolation_avg"
"7114","ELMO1-AS1","Exc L4-5 RORB IL1RAPL2",-0.0385678348255378,0.211708594242672,0.0843972615300427,0.771788676551507,0.932678776012287,0.932678776012287,"social_isolation_avg"
"7115","EPDR1","Exc L4-5 RORB IL1RAPL2",0.00786259357320507,5.63604844115028,0.0512276363518297,0.821220337864142,0.952434431619876,0.952434431619876,"social_isolation_avg"
"7116","SFRP4","Exc L4-5 RORB IL1RAPL2",0.0680395868587112,0.941411402432119,0.461251710661565,0.497989427060493,0.784943181390502,0.784943181390502,"social_isolation_avg"
"7117","STARD3NL","Exc L4-5 RORB IL1RAPL2",-0.0206462180823476,4.65915104146716,0.470658339282859,0.493645593955036,0.782555383535947,0.782555383535947,"social_isolation_avg"
"7118","AMPH","Exc L4-5 RORB IL1RAPL2",-0.00921461188843001,8.0014683410559,0.297396305517401,0.586254432944645,0.839613304781711,0.839613304781711,"social_isolation_avg"
"7119","VPS41","Exc L4-5 RORB IL1RAPL2",-0.00845158627445346,7.31652177144339,0.368040757351355,0.544906483717545,0.814462283488117,0.814462283488117,"social_isolation_avg"
"7120","POU6F2","Exc L4-5 RORB IL1RAPL2",-0.0140133551903133,8.94096297861915,0.445210787098228,0.505548494135183,0.790807750558897,0.790807750558897,"social_isolation_avg"
"7121","POU6F2-AS2","Exc L4-5 RORB IL1RAPL2",0.0554645756388587,1.62116662954835,0.513560552607831,0.474612877759928,0.76859408924604,0.76859408924604,"social_isolation_avg"
"7122","AC011290.1","Exc L4-5 RORB IL1RAPL2",0.00092895385955933,1.26731683817483,9.02493987587801e-05,0.99243169174097,0.99909243548519,0.99909243548519,"social_isolation_avg"
"7123","YAE1D1","Exc L4-5 RORB IL1RAPL2",-0.0845873193801428,4.60523825671687,10.363358216404,0.00154743800875782,0.0315167648694367,0.0315167648694367,"social_isolation_avg"
"7124","RALA","Exc L4-5 RORB IL1RAPL2",-0.00196653661179992,5.72564527425285,0.00948897340970449,0.922517735964463,0.983585629113706,0.983585629113706,"social_isolation_avg"
"7125","LINC00265","Exc L4-5 RORB IL1RAPL2",0.0700631187745997,3.11250248248322,2.59289510117756,0.109251970202987,0.382311175922085,0.382311175922085,"social_isolation_avg"
"7126","AC072061.1","Exc L4-5 RORB IL1RAPL2",-0.0552039123828506,0.0870110998578408,0.227900329574241,0.633715703699657,0.865154438176829,0.865154438176829,"social_isolation_avg"
"7127","CDK13","Exc L4-5 RORB IL1RAPL2",0.0347059764127099,7.65249011174394,10.2358920907973,0.00165132765470109,0.0330982738925841,0.0330982738925841,"social_isolation_avg"
"7128","MPLKIP","Exc L4-5 RORB IL1RAPL2",-0.0849808510093977,4.12534205532004,7.48521891683957,0.0069006032378698,0.0800173974707354,0.0800173974707354,"social_isolation_avg"
"7129","SUGCT","Exc L4-5 RORB IL1RAPL2",0.0579798668135065,4.19031390533393,2.58901386244064,0.109515519461043,0.382839085003491,0.382839085003491,"social_isolation_avg"
"7130","AC010132.4","Exc L4-5 RORB IL1RAPL2",-0.0996739929299712,0.221036441048221,0.803732346130995,0.389159347277817,0.704253245585294,0.704253245585294,"social_isolation_avg"
"7131","C7orf25","Exc L4-5 RORB IL1RAPL2",-0.0616208036126077,0.467793363353142,0.334545443703819,0.716316045211989,0.907250544979988,0.907250544979988,"social_isolation_avg"
"7132","AC010132.3","Exc L4-5 RORB IL1RAPL2",0.0932622243345063,0.383676144037518,0.837874804881527,0.361338687947355,0.681236480136699,0.681236480136699,"social_isolation_avg"
"7133","MRPL32","Exc L4-5 RORB IL1RAPL2",-0.0197778800331807,4.04168522966837,0.333538386777025,0.88249610895092,0.973039332684846,0.973039332684846,"social_isolation_avg"
"7134","AC005537.1","Exc L4-5 RORB IL1RAPL2",0.074365322439174,5.98695963810424,4.13202447842652,0.0436791142529257,0.233197663876864,0.233197663876864,"social_isolation_avg"
"7135","HECW1","Exc L4-5 RORB IL1RAPL2",0.0304756206475397,10.1086745967419,6.14266481103825,0.0141998957603663,0.120320746834702,0.120320746834702,"social_isolation_avg"
"7136","AC004692.2","Exc L4-5 RORB IL1RAPL2",0.0915829329349764,0.0148211632493563,0.417899767002419,0.518883442509552,0.799755100661717,0.799755100661717,"social_isolation_avg"
"7137","LUARIS","Exc L4-5 RORB IL1RAPL2",0.0316427351536672,0.585842527681956,0.0760727117667943,0.873831032617913,0.969934029327366,0.969934029327366,"social_isolation_avg"
"7138","STK17A","Exc L4-5 RORB IL1RAPL2",-0.0834124500881864,2.92326464331119,3.70047660950287,0.0561153225989876,0.268929302612942,0.268929302612942,"social_isolation_avg"
"7139","COA1","Exc L4-5 RORB IL1RAPL2",0.0112211219750024,6.48495364362276,0.362729811664736,0.547819339280852,0.815910290096978,0.815910290096978,"social_isolation_avg"
"7140","BLVRA","Exc L4-5 RORB IL1RAPL2",-0.00444491690970818,3.74443472264876,0.0199016936133424,0.887983762296192,0.974102504307964,0.974102504307964,"social_isolation_avg"
"7141","URGCP-MRPS24","Exc L4-5 RORB IL1RAPL2",-0.187862969770703,0.165499819613692,2.68076491808267,0.103469281498685,0.372501207551573,0.372501207551573,"social_isolation_avg"
"7142","URGCP","Exc L4-5 RORB IL1RAPL2",0.0731478955707747,5.46883945889469,6.44891463967318,0.0120245319141236,0.109805100553636,0.109805100553636,"social_isolation_avg"
"7143","UBE2D4","Exc L4-5 RORB IL1RAPL2",0.0332638425133203,4.71787998053455,2.31080457640191,0.130388039704873,0.415541872874499,0.415541872874499,"social_isolation_avg"
"7144","SPDYE1","Exc L4-5 RORB IL1RAPL2",0.0692244704587636,2.2853789162594,0.756906473871565,0.385559999783718,0.702381037665558,0.702381037665558,"social_isolation_avg"
"7145","AC004951.1","Exc L4-5 RORB IL1RAPL2",0.0984322343435463,3.14321843955701,5.06451298029917,0.0257392851809576,0.171362777941203,0.171362777941203,"social_isolation_avg"
"7146","LINC00957","Exc L4-5 RORB IL1RAPL2",-0.0471946055754095,2.22595783883988,0.709067389353756,0.441498328559841,0.743944743283085,0.743944743283085,"social_isolation_avg"
"7147","DBNL","Exc L4-5 RORB IL1RAPL2",-0.0731963360570862,4.59742450487239,8.26555435241183,0.0045723274728546,0.062150149507099,0.062150149507099,"social_isolation_avg"
"7148","POLM","Exc L4-5 RORB IL1RAPL2",-0.0227063399103613,2.7751805438611,0.252979780585997,0.615654205808626,0.854204973828922,0.854204973828922,"social_isolation_avg"
"7149","POLD2","Exc L4-5 RORB IL1RAPL2",-0.123036667867092,3.27257830230024,8.22478266766753,0.00467112768418175,0.0629504322737913,0.0629504322737913,"social_isolation_avg"
"7150","MYL7","Exc L4-5 RORB IL1RAPL2",-0.00798180081202712,0.00929425449127749,0.0030884797214646,0.955748219771799,0.990352027474875,0.990352027474875,"social_isolation_avg"
"7151","GCK","Exc L4-5 RORB IL1RAPL2",-0.0621523575768395,1.80380873909433,0.839996595508386,0.360732956067334,0.680772816851189,0.680772816851189,"social_isolation_avg"
"7152","YKT6","Exc L4-5 RORB IL1RAPL2",-0.00608983463314846,3.80202702103442,0.0439660050168013,0.834175081893502,0.956745270322298,0.956745270322298,"social_isolation_avg"
"7153","CAMK2B","Exc L4-5 RORB IL1RAPL2",-0.0447370271010896,8.23076951182097,4.63366781885296,0.0328009259068161,0.198156551431311,0.198156551431311,"social_isolation_avg"
"7154","NUDCD3","Exc L4-5 RORB IL1RAPL2",-0.0428225920509555,6.73062306731981,7.1860126492424,0.00809187385143448,0.0871407769738143,0.0871407769738143,"social_isolation_avg"
"7155","NPC1L1","Exc L4-5 RORB IL1RAPL2",-0.0607374989018995,0.736385145948917,0.300351520647194,0.584401470376448,0.838652906414916,0.838652906414916,"social_isolation_avg"
"7156","DDX56","Exc L4-5 RORB IL1RAPL2",-0.0558033139046313,3.96364677862269,2.36940322564105,0.125646449229079,0.408660651091422,0.408660651091422,"social_isolation_avg"
"7157","TMED4","Exc L4-5 RORB IL1RAPL2",0.0683881823609043,5.07825827267934,5.33043720399953,0.0221942646430503,0.15739793152592,0.15739793152592,"social_isolation_avg"
"7158","OGDH","Exc L4-5 RORB IL1RAPL2",0.0131173704561507,6.37024179363705,0.700471309572641,0.40383374075108,0.715915752075075,0.715915752075075,"social_isolation_avg"
"7159","ZMIZ2","Exc L4-5 RORB IL1RAPL2",0.0406413846455332,4.99759017148715,2.88179068458884,0.0914682245873407,0.350002601486779,0.350002601486779,"social_isolation_avg"
"7160","PPIA","Exc L4-5 RORB IL1RAPL2",-0.0666717939526286,7.22355911319358,5.50858348842606,0.0201083446938833,0.148791318038955,0.148791318038955,"social_isolation_avg"
"7161","H2AFV","Exc L4-5 RORB IL1RAPL2",0.0185620304769186,6.2146366478934,0.539960345335387,0.463490365839835,0.760454612464837,0.760454612464837,"social_isolation_avg"
"7162","PURB","Exc L4-5 RORB IL1RAPL2",-0.04569035350016,5.43699616231053,3.16292685980542,0.0771661872172717,0.31890777637113,0.31890777637113,"social_isolation_avg"
"7163","AC004854.2","Exc L4-5 RORB IL1RAPL2",-0.11149935495775,-0.209438137391538,0.511313948649042,0.475579341201495,0.769325324014669,0.769325324014669,"social_isolation_avg"
"7164","SNHG15","Exc L4-5 RORB IL1RAPL2",-0.0856522575724901,2.26828825673464,2.38206343996773,0.227290337848698,0.54917130410359,0.54917130410359,"social_isolation_avg"
"7165","CCM2","Exc L4-5 RORB IL1RAPL2",0.0305148432365969,5.63056970326869,1.81466064026223,0.179793977827332,0.486469591658938,0.486469591658938,"social_isolation_avg"
"7166","NACAD","Exc L4-5 RORB IL1RAPL2",-0.0386328789468353,3.06107627062438,0.815811215950583,0.367722094137565,0.686112823500607,0.686112823500607,"social_isolation_avg"
"7167","TBRG4","Exc L4-5 RORB IL1RAPL2",-0.0672895226341457,3.46442969163805,3.16822239751391,0.0769213251653426,0.318604497752418,0.318604497752418,"social_isolation_avg"
"7168","RAMP3","Exc L4-5 RORB IL1RAPL2",-0.094076501493064,2.01909642071871,0.848105885963953,0.358430820412222,0.678186955301966,0.678186955301966,"social_isolation_avg"
"7169","ADCY1","Exc L4-5 RORB IL1RAPL2",-0.0299930061006298,7.58631217875681,2.17523294093664,0.142150404293315,0.435792659420106,0.435792659420106,"social_isolation_avg"
"7170","IGFBP3","Exc L4-5 RORB IL1RAPL2",-0.104191802655351,2.44612008140346,2.5854259759744,0.109759776227547,0.382924356191412,0.382924356191412,"social_isolation_avg"
"7171","TNS3","Exc L4-5 RORB IL1RAPL2",0.13849187350779,1.21448583507464,0.404824555871943,0.525488142961069,0.804756062563043,0.804756062563043,"social_isolation_avg"
"7172","HUS1","Exc L4-5 RORB IL1RAPL2",0.0544173717358954,5.39669840659668,3.70008450649148,0.0561282076009992,0.268929302612942,0.268929302612942,"social_isolation_avg"
"7173","SUN3","Exc L4-5 RORB IL1RAPL2",0.140414651756312,1.85284226206052,3.35822868053635,0.0686692807901946,0.299721213801908,0.299721213801908,"social_isolation_avg"
"7174","UPP1","Exc L4-5 RORB IL1RAPL2",0.0613001068361651,4.97030254094971,4.15217197434797,0.0431754604146284,0.231889197664077,0.231889197664077,"social_isolation_avg"
"7175","VWC2","Exc L4-5 RORB IL1RAPL2",0.00269343827353006,6.3779604881297,0.00394223929486639,0.950011774521702,0.989124441044618,0.989124441044618,"social_isolation_avg"
"7176","ZPBP","Exc L4-5 RORB IL1RAPL2",0.0996715596502779,2.04567717597754,2.10376511072579,0.148831835707758,0.445906185179367,0.445906185179367,"social_isolation_avg"
"7177","SPATA48","Exc L4-5 RORB IL1RAPL2",0.0510957353474559,0.510765903131786,0.22711724565247,0.634299007802221,0.865213230650161,0.865213230650161,"social_isolation_avg"
"7178","FIGNL1","Exc L4-5 RORB IL1RAPL2",-0.000642879755605503,3.20704618520398,0.000113748044484798,0.991503365972588,0.998822911403646,0.998822911403646,"social_isolation_avg"
"7179","GRB10","Exc L4-5 RORB IL1RAPL2",0.0158882532831352,6.25382991843888,0.613415924567696,0.43462525298306,0.739123777703773,0.739123777703773,"social_isolation_avg"
"7180","AC004830.1","Exc L4-5 RORB IL1RAPL2",0.024981331220973,1.49987327255831,0.0712841812186175,0.78980891285416,0.940375607517616,0.940375607517616,"social_isolation_avg"
"7181","COBL","Exc L4-5 RORB IL1RAPL2",0.0117531632906058,8.45692976124559,0.300336439326951,0.584410896415658,0.838652906414916,0.838652906414916,"social_isolation_avg"
"7182","AC005999.1","Exc L4-5 RORB IL1RAPL2",0.10916056091766,-0.53556114646188,0.472567914741392,0.492771586609362,0.781933995378596,0.781933995378596,"social_isolation_avg"
"7183","LINC01446","Exc L4-5 RORB IL1RAPL2",0.777004627242122,-0.242982942942268,6.85720672316575,0.00964905146421332,0.0966947005744643,0.0966947005744643,"social_isolation_avg"
"7184","VSTM2A","Exc L4-5 RORB IL1RAPL2",-0.184070941044637,4.50487711241435,8.52700236111305,0.00398784318427365,0.0569034546679048,0.0569034546679048,"social_isolation_avg"
"7185","SEC61G","Exc L4-5 RORB IL1RAPL2",-0.174126559951972,3.08255739207602,11.998811623486,0.000678028976217154,0.0183009789714761,0.0183009789714761,"social_isolation_avg"
"7186","AC074351.1","Exc L4-5 RORB IL1RAPL2",-0.0343696458371837,0.300063987088853,0.0980380578386899,0.81125050868785,0.949738329098057,0.949738329098057,"social_isolation_avg"
"7187","ELDR","Exc L4-5 RORB IL1RAPL2",0.0989075173288457,0.559677065343839,0.837678827360975,0.361394707040137,0.681274210611381,0.681274210611381,"social_isolation_avg"
"7188","LANCL2","Exc L4-5 RORB IL1RAPL2",-0.0176065111610538,6.23437891055434,1.07848859183762,0.300552636164826,0.631440864853951,0.631440864853951,"social_isolation_avg"
"7189","VOPP1","Exc L4-5 RORB IL1RAPL2",-0.0318993607306029,6.6732583978983,1.88806807710318,0.17128030920861,0.476167312744066,0.476167312744066,"social_isolation_avg"
"7190","SEPT14","Exc L4-5 RORB IL1RAPL2",0.0632231367424852,0.696697768594153,0.422580364974172,0.708927273697543,0.903638705580115,0.903638705580115,"social_isolation_avg"
"7191","AC092647.5","Exc L4-5 RORB IL1RAPL2",-0.0767092889764778,2.66676514275049,2.13031549687613,0.146308855328216,0.442363351176922,0.442363351176922,"social_isolation_avg"
"7192","NIPSNAP2","Exc L4-5 RORB IL1RAPL2",0.0034534957351923,5.65680857358964,0.0248878718379014,0.910689478239207,0.981007015284063,0.981007015284063,"social_isolation_avg"
"7193","PSPH","Exc L4-5 RORB IL1RAPL2",0.0101690519969452,4.11175737441963,0.0900704190539392,0.764464743793569,0.929491698246975,0.929491698246975,"social_isolation_avg"
"7194","CCT6A","Exc L4-5 RORB IL1RAPL2",-0.0714296037403754,4.84147936351313,8.4327461686949,0.00423223337527817,0.0590546369422111,0.0590546369422111,"social_isolation_avg"
"7195","SUMF2","Exc L4-5 RORB IL1RAPL2",0.0709188616712714,5.09348732572213,6.40868547423071,0.0122893333704683,0.110938204533698,0.110938204533698,"social_isolation_avg"
"7196","PHKG1","Exc L4-5 RORB IL1RAPL2",0.123781617345183,2.13867508592704,3.71893049702472,0.0555124727720914,0.267123568155507,0.267123568155507,"social_isolation_avg"
"7197","CHCHD2","Exc L4-5 RORB IL1RAPL2",-0.0881540231624103,5.56015829120112,5.65737445340359,0.0185233800170103,0.142414007843093,0.142414007843093,"social_isolation_avg"
"7198","NUPR2","Exc L4-5 RORB IL1RAPL2",-0.230887601987444,0.637665990330608,3.51199910128345,0.0626906424626573,0.284931454728786,0.284931454728786,"social_isolation_avg"
"7199","AC118758.3","Exc L4-5 RORB IL1RAPL2",0.118244117496217,-0.114654151359437,0.766784346566949,0.382484355996295,0.700260375848805,0.700260375848805,"social_isolation_avg"
"7200","AC092634.3","Exc L4-5 RORB IL1RAPL2",0.0713985356023983,2.2813581941132,1.20734529143249,0.273456367992588,0.603192009567164,0.603192009567164,"social_isolation_avg"
"7201","ZNF727","Exc L4-5 RORB IL1RAPL2",0.123800981871055,3.80262074380716,3.13145685232968,0.0786389132002339,0.322065497874055,0.322065497874055,"social_isolation_avg"
"7202","AC091685.1","Exc L4-5 RORB IL1RAPL2",0.243666833332014,0.252265523046153,3.66231007126297,0.0573845099650925,0.27208703422342,0.27208703422342,"social_isolation_avg"
"7203","ZNF679","Exc L4-5 RORB IL1RAPL2",0.3984285570362,-0.678071067725885,3.96641835935247,0.0480635350982509,0.246252409313297,0.246252409313297,"social_isolation_avg"
"7204","ZNF736","Exc L4-5 RORB IL1RAPL2",0.0393227601544331,5.44016418597459,2.07176662032785,0.151938648613724,0.449684212485574,0.449684212485574,"social_isolation_avg"
"7205","ZNF680","Exc L4-5 RORB IL1RAPL2",0.0522415881592285,5.7195962406961,3.89796855716372,0.0500105586062175,0.25211828601355,0.25211828601355,"social_isolation_avg"
"7206","ZNF107","Exc L4-5 RORB IL1RAPL2",0.0540759364115718,3.01103747086801,1.54170403381571,0.216123310851701,0.535805708153174,0.535805708153174,"social_isolation_avg"
"7207","ZNF138","Exc L4-5 RORB IL1RAPL2",0.00601083574671069,5.58194557721685,0.0692737992059927,0.792724867482896,0.941920825021595,0.941920825021595,"social_isolation_avg"
"7208","ZNF273","Exc L4-5 RORB IL1RAPL2",0.0528546393990468,6.14415534664739,4.0042000976024,0.0470235901990316,0.243896203441853,0.243896203441853,"social_isolation_avg"
"7209","AC073349.1","Exc L4-5 RORB IL1RAPL2",0.0247987826603964,0.924812744945973,0.0331326014426078,0.855787213654338,0.963142390527821,0.963142390527821,"social_isolation_avg"
"7210","ZNF117","Exc L4-5 RORB IL1RAPL2",-0.0573615385639791,4.17495531303291,1.54012178056732,0.216358041786596,0.536142263425072,0.536142263425072,"social_isolation_avg"
"7211","ZNF92","Exc L4-5 RORB IL1RAPL2",0.048086628356307,3.76528135428717,1.80105216733896,0.181425832057308,0.488023623593451,0.488023623593451,"social_isolation_avg"
"7212","VKORC1L1","Exc L4-5 RORB IL1RAPL2",-0.00869363844508211,5.99899333050241,0.22393047060984,0.636685593244,0.866571025320159,0.866571025320159,"social_isolation_avg"
"7213","GUSB","Exc L4-5 RORB IL1RAPL2",0.0431903642629964,4.24640507962536,2.35185088187039,0.12704610403929,0.410175308788802,0.410175308788802,"social_isolation_avg"
"7214","ASL","Exc L4-5 RORB IL1RAPL2",0.0140430047365003,2.96446290416073,0.113674571555907,0.736426573173878,0.916163271156746,0.916163271156746,"social_isolation_avg"
"7215","AC068533.4","Exc L4-5 RORB IL1RAPL2",0.122856936262708,3.87222485404637,11.1843897499191,0.00102063810560704,0.0241092304571672,0.0241092304571672,"social_isolation_avg"
"7216","CRCP","Exc L4-5 RORB IL1RAPL2",0.017527522150493,3.43625314026844,0.225633572236827,0.824866918020953,0.953583855066564,0.953583855066564,"social_isolation_avg"
"7217","AC068533.3","Exc L4-5 RORB IL1RAPL2",0.0828415551045228,2.25906703047412,1.78191304129402,0.55369917746417,0.819033107829585,0.819033107829585,"social_isolation_avg"
"7218","TPST1","Exc L4-5 RORB IL1RAPL2",0.0903268368600272,7.05215106829109,24.5516891591849,1.77666595990579e-06,0.00042839113445171,0.00042839113445171,"social_isolation_avg"
"7219","AC008267.5","Exc L4-5 RORB IL1RAPL2",-0.111380816734632,2.51852469191799,4.68046290871572,0.03194370262653,0.195475023623424,0.195475023623424,"social_isolation_avg"
"7220","AC027644.4","Exc L4-5 RORB IL1RAPL2",0.0222942434941816,5.52823349998269,0.530879922971769,0.46726815978693,0.762955114361825,0.762955114361825,"social_isolation_avg"
"7221","RABGEF1","Exc L4-5 RORB IL1RAPL2",0.000529008687667043,2.90241360855873,0.000131726884688467,0.990856534213884,0.998822911403646,0.998822911403646,"social_isolation_avg"
"7222","AC027644.3","Exc L4-5 RORB IL1RAPL2",-0.136829236878042,1.59777601552853,4.58080507479086,0.0788072815162302,0.32254219631594,0.32254219631594,"social_isolation_avg"
"7223","TMEM248","Exc L4-5 RORB IL1RAPL2",-0.0206058163298421,5.51981215904837,0.882531332778643,0.34888003919051,0.671078252151497,0.671078252151497,"social_isolation_avg"
"7224","SBDS","Exc L4-5 RORB IL1RAPL2",-0.0764331606961211,4.90421700124499,4.32264476071052,0.0391526718737359,0.219526565191545,0.219526565191545,"social_isolation_avg"
"7225","TYW1","Exc L4-5 RORB IL1RAPL2",0.0347557427791724,5.83633730603674,2.5975976870974,0.10893359025315,0.381775282293662,0.381775282293662,"social_isolation_avg"
"7226","AC006480.2","Exc L4-5 RORB IL1RAPL2",-0.0301380258318457,3.25744926503936,0.408212592626852,0.523762452087361,0.80386999967107,0.80386999967107,"social_isolation_avg"
"7227","LINC01372","Exc L4-5 RORB IL1RAPL2",-0.0740749321676994,1.69532338774841,1.11310202106711,0.292948260000219,0.624052295236904,0.624052295236904,"social_isolation_avg"
"7228","AC093655.1","Exc L4-5 RORB IL1RAPL2",0.105418392080135,0.636902573400409,1.41935253558148,0.335816303677981,0.660386618197333,0.660386618197333,"social_isolation_avg"
"7229","AC092100.1","Exc L4-5 RORB IL1RAPL2",0.200982195585063,1.257105127845,8.42083748889351,0.00421531199793382,0.0590248433348589,0.0590248433348589,"social_isolation_avg"
"7230","AUTS2","Exc L4-5 RORB IL1RAPL2",0.0175596998068223,9.97052903767292,0.990142325540508,0.321161996771611,0.648320296694297,0.648320296694297,"social_isolation_avg"
"7231","GALNT17","Exc L4-5 RORB IL1RAPL2",0.0370963197910443,9.89603949998875,5.12939232705179,0.0248229179269873,0.167561337886738,0.167561337886738,"social_isolation_avg"
"7232","CALN1","Exc L4-5 RORB IL1RAPL2",-0.195714443263033,5.43247206685193,6.9269937973293,0.00929442639882717,0.0947195837705567,0.0947195837705567,"social_isolation_avg"
"7233","TYW1B","Exc L4-5 RORB IL1RAPL2",0.0221663607114727,5.64824105027112,0.559221791654208,0.455636530653462,0.754014893425761,0.754014893425761,"social_isolation_avg"
"7234","POM121","Exc L4-5 RORB IL1RAPL2",0.0268386865175522,6.17688816915284,2.32555047061928,0.129176213068285,0.414051012614776,0.414051012614776,"social_isolation_avg"
"7235","AC211476.2","Exc L4-5 RORB IL1RAPL2",-0.018506144174883,0.126658629817484,0.0233192954468328,0.878815926852673,0.971833790296869,0.971833790296869,"social_isolation_avg"
"7236","NSUN5","Exc L4-5 RORB IL1RAPL2",0.0264965681967051,3.999435428543,0.538941412832949,0.463911834913716,0.760696405962599,0.760696405962599,"social_isolation_avg"
"7237","FZD9","Exc L4-5 RORB IL1RAPL2",0.046630004149747,-0.315248101607335,0.0899387344402454,0.764631852418968,0.929548796740828,0.929548796740828,"social_isolation_avg"
"7238","BAZ1B","Exc L4-5 RORB IL1RAPL2",0.0174656231686376,6.18193019547143,0.984959632359762,0.322427986908458,0.649689484947856,0.649689484947856,"social_isolation_avg"
"7239","BCL7B","Exc L4-5 RORB IL1RAPL2",-0.0785581701524193,4.26443644787293,6.6372821973552,0.0108611216170716,0.103475972868384,0.103475972868384,"social_isolation_avg"
"7240","TBL2","Exc L4-5 RORB IL1RAPL2",0.0251133448754268,2.46955890765823,0.213409408610305,0.644715593145907,0.86982519646164,0.86982519646164,"social_isolation_avg"
"7241","MLXIPL","Exc L4-5 RORB IL1RAPL2",0.0306199183254045,6.57042082438314,1.98157820494725,0.161102024221782,0.46311324829844,0.46311324829844,"social_isolation_avg"
"7242","VPS37D","Exc L4-5 RORB IL1RAPL2",-0.0673565933740999,2.49144243157674,1.87929483707474,0.172272800738434,0.477131926221457,0.477131926221457,"social_isolation_avg"
"7243","DNAJC30","Exc L4-5 RORB IL1RAPL2",-0.0599770270201723,3.35143582015046,2.38431643704451,0.124470816027837,0.406237254970517,0.406237254970517,"social_isolation_avg"
"7244","BUD23","Exc L4-5 RORB IL1RAPL2",0.0147932490228186,4.48916006030886,0.302077591895112,0.583324680920814,0.838363749787004,0.838363749787004,"social_isolation_avg"
"7245","STX1A","Exc L4-5 RORB IL1RAPL2",-0.0256290242410923,6.96625716039442,0.911574762623853,0.341091114820817,0.664452995027894,0.664452995027894,"social_isolation_avg"
"7246","ABHD11","Exc L4-5 RORB IL1RAPL2",0.0860043689802449,3.03186707441895,2.48708897058011,0.116695730384131,0.394285699035384,0.394285699035384,"social_isolation_avg"
"7247","CLDN4","Exc L4-5 RORB IL1RAPL2",0.0396913988827306,2.92565021677916,0.407338536911823,0.524206682723608,0.804109779930001,0.804109779930001,"social_isolation_avg"
"7248","METTL27","Exc L4-5 RORB IL1RAPL2",0.026178808472171,2.29569896937759,0.107387323978069,0.743553143664147,0.9201287790235,0.9201287790235,"social_isolation_avg"
"7249","ELN","Exc L4-5 RORB IL1RAPL2",-0.0479714999502656,2.32475439758752,0.404601821148564,0.525601948009704,0.804851926588362,0.804851926588362,"social_isolation_avg"
"7250","LIMK1","Exc L4-5 RORB IL1RAPL2",0.0183773585418887,5.52726858439157,0.473541021489061,0.492327199041007,0.781749155174127,0.781749155174127,"social_isolation_avg"
"7251","EIF4H","Exc L4-5 RORB IL1RAPL2",-0.0715389045394069,5.91877813116761,7.22276401715919,0.00793476818879579,0.086532420115392,0.086532420115392,"social_isolation_avg"
"7252","LAT2","Exc L4-5 RORB IL1RAPL2",0.127733871747539,2.22635037676113,6.33750470866672,0.0127728018722487,0.113568695594369,0.113568695594369,"social_isolation_avg"
"7253","RFC2","Exc L4-5 RORB IL1RAPL2",0.0165887191560663,2.96241875584299,0.1481437130694,0.808419745571775,0.947831825874555,0.947831825874555,"social_isolation_avg"
"7254","CLIP2","Exc L4-5 RORB IL1RAPL2",0.0530110922066269,7.44429114720198,2.91647904077897,0.0895563643674332,0.345199110773519,0.345199110773519,"social_isolation_avg"
"7255","GTF2IRD1","Exc L4-5 RORB IL1RAPL2",0.0596719962067314,6.20507330669885,5.93983873524012,0.0158626733918707,0.128344140270752,0.128344140270752,"social_isolation_avg"
"7256","GTF2I","Exc L4-5 RORB IL1RAPL2",0.0113072789938373,8.43255938598284,0.592971215715671,0.442371569459606,0.744728679429754,0.744728679429754,"social_isolation_avg"
"7257","NCF1","Exc L4-5 RORB IL1RAPL2",-0.0348625665756165,-0.519296124059852,0.0354436170864129,0.850900041546842,0.961873912835597,0.961873912835597,"social_isolation_avg"
"7258","GTF2IRD2","Exc L4-5 RORB IL1RAPL2",0.138856101126078,2.77787784489535,4.81932763910684,0.0295360269912068,0.186283722233541,0.186283722233541,"social_isolation_avg"
"7259","CASTOR2","Exc L4-5 RORB IL1RAPL2",0.0559556551395375,6.12268257422222,3.57401105764835,0.0604403239710817,0.280108241933569,0.280108241933569,"social_isolation_avg"
"7260","RCC1L","Exc L4-5 RORB IL1RAPL2",0.0372132693753341,4.41273422484501,1.90572141747075,0.169303226167922,0.473715095156426,0.473715095156426,"social_isolation_avg"
"7261","GTF2IRD2B","Exc L4-5 RORB IL1RAPL2",0.0266161253976401,3.20586589214603,0.250503418280507,0.617386563700205,0.855166264404947,0.855166264404947,"social_isolation_avg"
"7262","AC211486.5","Exc L4-5 RORB IL1RAPL2",0.0773837012105764,2.51743086464756,1.52576134803756,0.299374675317446,0.630436085885519,0.630436085885519,"social_isolation_avg"
"7263","TRIM73","Exc L4-5 RORB IL1RAPL2",-0.053517618664456,2.98693012177125,0.710879133656641,0.400370511356988,0.713248323640483,0.713248323640483,"social_isolation_avg"
"7264","POM121C","Exc L4-5 RORB IL1RAPL2",0.0503642742788028,6.17867756605009,8.32201088816898,0.00443905793762316,0.0609074802304334,0.0609074802304334,"social_isolation_avg"
"7265","SPDYE5","Exc L4-5 RORB IL1RAPL2",0.0569421467834052,3.31225818337005,0.902367609809582,0.343534479619295,0.66649487458169,0.66649487458169,"social_isolation_avg"
"7266","HIP1","Exc L4-5 RORB IL1RAPL2",-0.314711084810853,-0.402205160016864,4.2782849979793,0.345487633646551,0.668060451326152,0.668060451326152,"social_isolation_avg"
"7267","RHBDD2","Exc L4-5 RORB IL1RAPL2",-0.113666558583195,6.01123184841881,13.3712536596674,0.000343051276440163,0.0120598465155086,0.0120598465155086,"social_isolation_avg"
"7268","POR","Exc L4-5 RORB IL1RAPL2",0.0564226770463263,4.51977845188348,3.78941286184519,0.0532729776486847,0.261676534291475,0.261676534291475,"social_isolation_avg"
"7269","TMEM120A","Exc L4-5 RORB IL1RAPL2",-0.026092629768059,2.76688678931818,0.261704784333136,0.609634068371897,0.851848918666618,0.851848918666618,"social_isolation_avg"
"7270","STYXL1","Exc L4-5 RORB IL1RAPL2",-0.0196928577590549,4.95979224272816,0.394321853951366,0.530902946316029,0.807944845656799,0.807944845656799,"social_isolation_avg"
"7271","MDH2","Exc L4-5 RORB IL1RAPL2",-0.10779349429131,4.85720049728833,12.6820996512365,0.000482411862531987,0.0147459044442128,0.0147459044442128,"social_isolation_avg"
"7272","SRRM3","Exc L4-5 RORB IL1RAPL2",0.0646384797826978,8.09123246123522,13.8332457010864,0.000273314884746186,0.0104896367835347,0.0104896367835347,"social_isolation_avg"
"7273","HSPB1","Exc L4-5 RORB IL1RAPL2",-0.416688456384005,3.39256371205748,28.6283901404834,2.88656558180809e-07,0.000185402068721884,0.000185402068721884,"social_isolation_avg"
"7274","YWHAG","Exc L4-5 RORB IL1RAPL2",-0.0763202062450559,7.98634503387605,10.9176662040161,0.00116787755717353,0.0262261334417254,0.0262261334417254,"social_isolation_avg"
"7275","SSC4D","Exc L4-5 RORB IL1RAPL2",0.127193326188719,1.07323595779009,2.12608633251291,0.146707458269036,0.442648990258082,0.442648990258082,"social_isolation_avg"
"7276","ZP3","Exc L4-5 RORB IL1RAPL2",0.163592662899252,2.85053284298395,7.60325599906176,0.00648188164395314,0.0769578822718335,0.0769578822718335,"social_isolation_avg"
"7277","DTX2","Exc L4-5 RORB IL1RAPL2",0.00267950647406777,3.53793613305791,0.00391115970738173,0.950208952166466,0.98921065111096,0.98921065111096,"social_isolation_avg"
"7278","UPK3B","Exc L4-5 RORB IL1RAPL2",0.0686789146583658,-0.179853616955015,0.242353677570155,0.623164519255068,0.858858148896471,0.858858148896471,"social_isolation_avg"
"7279","SPDYE16","Exc L4-5 RORB IL1RAPL2",0.116421781415286,2.27428898741956,3.59440060210371,0.0597195035186699,0.278107980821254,0.278107980821254,"social_isolation_avg"
"7280","POMZP3","Exc L4-5 RORB IL1RAPL2",0.0364180547959052,3.47504707545256,0.582736289144845,0.446329920201473,0.747478174909901,0.747478174909901,"social_isolation_avg"
"7281","CCDC146","Exc L4-5 RORB IL1RAPL2",0.0537969294146265,5.84367772859528,1.81686521822241,0.179531230190782,0.48624540601772,0.48624540601772,"social_isolation_avg"
"7282","GSAP","Exc L4-5 RORB IL1RAPL2",-0.0267217296828208,4.93295238882176,0.476337284836611,0.49105397128334,0.78089037011468,0.78089037011468,"social_isolation_avg"
"7283","PTPN12","Exc L4-5 RORB IL1RAPL2",0.0378878558253082,6.32734098116638,2.92419989427629,0.0891368058635527,0.344456452220988,0.344456452220988,"social_isolation_avg"
"7284","APTR","Exc L4-5 RORB IL1RAPL2",0.0322421841291241,4.34018118203635,1.11580916158887,0.29236402860334,0.623502448383029,0.623502448383029,"social_isolation_avg"
"7285","RSBN1L","Exc L4-5 RORB IL1RAPL2",0.00583393815551685,6.27231029768694,0.0788878874738904,0.779161455080463,0.936318841604764,0.936318841604764,"social_isolation_avg"
"7286","TMEM60","Exc L4-5 RORB IL1RAPL2",-0.00800378679404659,2.55455942303068,0.0284027980838758,0.866371365294436,0.966778235497087,0.966778235497087,"social_isolation_avg"
"7287","PHTF2","Exc L4-5 RORB IL1RAPL2",0.0545681383285263,6.47960889252266,10.4059488637318,0.00151423696985673,0.0310074434054753,0.0310074434054753,"social_isolation_avg"
"7288","AC004990.1","Exc L4-5 RORB IL1RAPL2",-0.329920922999879,-0.828552730381525,2.63790031660388,0.106246737452848,0.377027219903409,0.377027219903409,"social_isolation_avg"
"7289","MAGI2","Exc L4-5 RORB IL1RAPL2",0.00762564590081296,11.2077961425183,0.151057029024696,0.698027421016853,0.898277687074738,0.898277687074738,"social_isolation_avg"
"7290","AC006355.2","Exc L4-5 RORB IL1RAPL2",0.0074557964484258,2.81050412433281,0.00983526811855672,0.921121143577165,0.983427396790068,0.983427396790068,"social_isolation_avg"
"7291","GNAI1","Exc L4-5 RORB IL1RAPL2",-0.0222633352184115,6.16439505069697,1.70514923573426,0.193430329350179,0.505650077595295,0.505650077595295,"social_isolation_avg"
"7292","CD36","Exc L4-5 RORB IL1RAPL2",-0.0241440344088488,2.35774739311517,0.116101493780088,0.733734490360003,0.914678501258507,0.914678501258507,"social_isolation_avg"
"7293","SEMA3C","Exc L4-5 RORB IL1RAPL2",-0.600818225589184,-0.835948107647794,2.84143452496218,0.0937489438698322,0.354243674690415,0.354243674690415,"social_isolation_avg"
"7294","CACNA2D1","Exc L4-5 RORB IL1RAPL2",0.0019047879091987,8.75021884422251,0.0181605160070933,0.89296482658454,0.975474727711369,0.975474727711369,"social_isolation_avg"
"7295","AC006145.1","Exc L4-5 RORB IL1RAPL2",0.00211130270309463,-0.112106629121509,1.8884392677811e-06,0.998905200476584,0.999803496520178,0.999803496520178,"social_isolation_avg"
"7296","PCLO","Exc L4-5 RORB IL1RAPL2",-0.000790991574555362,10.0058832363244,0.00289991679900561,0.957119003997435,0.990964806415906,0.990964806415906,"social_isolation_avg"
"7297","SEMA3E","Exc L4-5 RORB IL1RAPL2",-0.0432394665473947,6.10662234965177,0.700443976294572,0.40384289356638,0.715915752075075,0.715915752075075,"social_isolation_avg"
"7298","SEMA3A","Exc L4-5 RORB IL1RAPL2",0.0727133851055524,6.28235195309238,1.55056833285981,0.214813904020079,0.533958733311078,0.533958733311078,"social_isolation_avg"
"7299","SEMA3D","Exc L4-5 RORB IL1RAPL2",0.0025390227779735,2.81877184092898,0.000699740380535978,0.978928243379328,0.996876364716566,0.996876364716566,"social_isolation_avg"
"7300","LINC00972","Exc L4-5 RORB IL1RAPL2",-0.0434760812237068,-0.684572957926066,0.122748448457887,0.726518536766957,0.911871126644616,0.911871126644616,"social_isolation_avg"
"7301","GRM3","Exc L4-5 RORB IL1RAPL2",0.0427697948038367,8.43514970172406,2.80580877824368,0.0958142486806399,0.358635291649137,0.358635291649137,"social_isolation_avg"
"7302","AC005009.2","Exc L4-5 RORB IL1RAPL2",0.0363339833529459,2.17399859676751,0.228487432105219,0.633279189652233,0.864771618606373,0.864771618606373,"social_isolation_avg"
"7303","KIAA1324L","Exc L4-5 RORB IL1RAPL2",0.0233954035893537,6.23283860798144,1.59167609137459,0.20886426224802,0.527127660932923,0.527127660932923,"social_isolation_avg"
"7304","AC005076.1","Exc L4-5 RORB IL1RAPL2",0.0291964146728749,-0.372550665818459,0.0511780335215275,0.821305437678235,0.952434431619876,0.952434431619876,"social_isolation_avg"
"7305","DMTF1","Exc L4-5 RORB IL1RAPL2",0.00678595496839064,6.50049693494479,0.111987593982931,0.738316785821229,0.917248319404036,0.917248319404036,"social_isolation_avg"
"7306","TMEM243","Exc L4-5 RORB IL1RAPL2",0.00824715874128422,4.14200641064941,0.0340809149764371,0.853761108850928,0.962543291381206,0.962543291381206,"social_isolation_avg"
"7307","TP53TG1","Exc L4-5 RORB IL1RAPL2",-0.122407131884796,1.52366713366649,3.1859564397601,0.114313214206105,0.39027793684477,0.39027793684477,"social_isolation_avg"
"7308","CROT","Exc L4-5 RORB IL1RAPL2",-0.0825153681430267,3.85565955277555,4.39404031221533,0.0375876929341849,0.213765175235261,0.213765175235261,"social_isolation_avg"
"7309","ABCB1","Exc L4-5 RORB IL1RAPL2",-0.0581293012152904,2.80580906225606,1.01610529643371,0.314917930199439,0.643473235129976,0.643473235129976,"social_isolation_avg"
"7310","RUNDC3B","Exc L4-5 RORB IL1RAPL2",0.0253036880788499,7.81294935171014,2.20736907456348,0.139257464862124,0.431312897799352,0.431312897799352,"social_isolation_avg"
"7311","SLC25A40","Exc L4-5 RORB IL1RAPL2",0.0229258667702869,5.19413746446396,1.14770688056589,0.28559139930071,0.616677587212976,0.616677587212976,"social_isolation_avg"
"7312","DBF4","Exc L4-5 RORB IL1RAPL2",-0.014989347555685,3.87371108609785,0.235188100471482,0.734667373741622,0.91516949422438,0.91516949422438,"social_isolation_avg"
"7313","ADAM22","Exc L4-5 RORB IL1RAPL2",0.0370834485421963,8.147932037343,7.33501365529169,0.00747414999117041,0.0837786682363361,0.0837786682363361,"social_isolation_avg"
"7314","SRI","Exc L4-5 RORB IL1RAPL2",-0.029844261401529,5.23893178816733,0.875466982343792,0.3508111831857,0.671815994907065,0.671815994907065,"social_isolation_avg"
"7315","AC003991.1","Exc L4-5 RORB IL1RAPL2",0.045861930760638,4.34441188875369,0.778028859914971,0.379025533988961,0.697417303180505,0.697417303180505,"social_isolation_avg"
"7316","AC002127.2","Exc L4-5 RORB IL1RAPL2",-0.0122121534871236,0.62648088612376,0.00902313748673989,0.924437667759969,0.984076729849897,0.984076729849897,"social_isolation_avg"
"7317","ZNF804B","Exc L4-5 RORB IL1RAPL2",-0.393195640056105,3.94353340358114,2.86614686120442,0.0923450299028678,0.351844605475667,0.351844605475667,"social_isolation_avg"
"7318","AC002383.1","Exc L4-5 RORB IL1RAPL2",-0.0253546369806651,-0.5290832921518,0.00876072301613707,0.925541269537949,0.98417618971798,0.98417618971798,"social_isolation_avg"
"7319","AC004969.1","Exc L4-5 RORB IL1RAPL2",-0.0642257202720717,0.233217375859182,0.35006566715855,0.554884278354709,0.819975431954815,0.819975431954815,"social_isolation_avg"
"7320","STEAP1","Exc L4-5 RORB IL1RAPL2",-0.0666870012539805,1.86590247725716,0.674511467393678,0.41266605371076,0.722449390021776,0.722449390021776,"social_isolation_avg"
"7321","STEAP2","Exc L4-5 RORB IL1RAPL2",0.0269917957443752,5.97881493661642,1.31107827547208,0.253854694495352,0.581640188247342,0.581640188247342,"social_isolation_avg"
"7322","CFAP69","Exc L4-5 RORB IL1RAPL2",0.0590242541531024,5.57603016457575,7.08769574053752,0.00852816828832796,0.0895954870535555,0.0895954870535555,"social_isolation_avg"
"7323","AC002064.1","Exc L4-5 RORB IL1RAPL2",0.129520327863651,2.95515162587333,6.56376310662529,0.0113006484331507,0.105746572207539,0.105746572207539,"social_isolation_avg"
"7324","GTPBP10","Exc L4-5 RORB IL1RAPL2",0.0407615371020406,4.35800984493516,2.11963827977781,0.147317573216318,0.443499729964353,0.443499729964353,"social_isolation_avg"
"7325","CLDN12","Exc L4-5 RORB IL1RAPL2",0.042744415601037,5.80427631176453,3.34709654292929,0.0691253607394438,0.300826719305921,0.300826719305921,"social_isolation_avg"
"7326","CDK14","Exc L4-5 RORB IL1RAPL2",0.00498869445135756,9.47799701484915,0.0660974427833688,0.797425777213278,0.943241631073545,0.943241631073545,"social_isolation_avg"
"7327","AC002456.1","Exc L4-5 RORB IL1RAPL2",-0.0834911314732578,0.370454770399201,0.523652336247831,0.470310666697047,0.765220407995084,0.765220407995084,"social_isolation_avg"
"7328","FZD1","Exc L4-5 RORB IL1RAPL2",-0.0101625305633933,1.61323360541453,0.0165827267659645,0.897693078228151,0.976949886871899,0.976949886871899,"social_isolation_avg"
"7329","AC079760.2","Exc L4-5 RORB IL1RAPL2",0.0683349408193648,1.83335626260035,0.735846818523761,0.392236618681287,0.70728190813577,0.70728190813577,"social_isolation_avg"
"7330","AC079760.1","Exc L4-5 RORB IL1RAPL2",0.148406210423751,5.20710369444225,10.9025308051689,0.0011768572650692,0.0263068217280797,0.0263068217280797,"social_isolation_avg"
"7331","AC000058.1","Exc L4-5 RORB IL1RAPL2",0.0054729439957405,-0.162124775614575,0.000644762010834574,0.979772789373301,0.996999571334318,0.996999571334318,"social_isolation_avg"
"7332","MTERF1","Exc L4-5 RORB IL1RAPL2",0.103858827672051,6.42265399763846,10.2679232888934,0.00162456703184196,0.0327701842318568,0.0327701842318568,"social_isolation_avg"
"7333","AKAP9","Exc L4-5 RORB IL1RAPL2",0.0279097154499789,8.02443687803486,2.35723131357684,0.126615209142991,0.409538970165627,0.409538970165627,"social_isolation_avg"
"7334","CYP51A1","Exc L4-5 RORB IL1RAPL2",0.349094244948663,-0.223566998441175,4.32166183005808,0.0391746929250315,0.219526565191545,0.219526565191545,"social_isolation_avg"
"7335","LRRD1","Exc L4-5 RORB IL1RAPL2",0.0842754856092913,2.59868036928008,2.50497653265334,0.115398631988702,0.392180879075701,0.392180879075701,"social_isolation_avg"
"7336","CYP51A1-AS1","Exc L4-5 RORB IL1RAPL2",-0.0165133740280932,1.33467835511446,0.0497511258598322,0.823772295627605,0.953390192288024,0.953390192288024,"social_isolation_avg"
"7337","KRIT1","Exc L4-5 RORB IL1RAPL2",0.00760905074487769,6.66075731746515,0.278079661238709,0.598669702647017,0.845653782932554,0.845653782932554,"social_isolation_avg"
"7338","ANKIB1","Exc L4-5 RORB IL1RAPL2",0.0413127003175573,7.56678621188695,9.41590170566729,0.00251457462882957,0.0429794639133553,0.0429794639133553,"social_isolation_avg"
"7339","GATAD1","Exc L4-5 RORB IL1RAPL2",-0.0114055029649181,4.75906907791824,0.14710816948679,0.701807213357144,0.899915107977386,0.899915107977386,"social_isolation_avg"
"7340","AC007566.1","Exc L4-5 RORB IL1RAPL2",0.0596012858236319,5.29605426751517,4.37752246208526,0.0379437779586224,0.215272630511273,0.215272630511273,"social_isolation_avg"
"7341","PEX1","Exc L4-5 RORB IL1RAPL2",0.0439771113609685,4.92904919211472,2.7325883208835,0.100217863615311,0.366419748302473,0.366419748302473,"social_isolation_avg"
"7342","RBM48","Exc L4-5 RORB IL1RAPL2",-0.0975969174843116,4.98535789133634,5.052502837398,0.0259127761318064,0.172154366990839,0.172154366990839,"social_isolation_avg"
"7343","FAM133B","Exc L4-5 RORB IL1RAPL2",-0.0281777898130747,5.31806107677501,1.33318404763622,0.249906068332084,0.576234615555925,0.576234615555925,"social_isolation_avg"
"7344","CDK6","Exc L4-5 RORB IL1RAPL2",-0.0323439467595986,5.94975406023206,0.660935479521859,0.417399284284401,0.72561667199055,0.72561667199055,"social_isolation_avg"
"7345","AC002454.1","Exc L4-5 RORB IL1RAPL2",-0.0589650601494459,0.840746202295023,0.315841205007849,0.574878977793628,0.832487765102804,0.832487765102804,"social_isolation_avg"
"7346","SAMD9","Exc L4-5 RORB IL1RAPL2",-0.271871446630625,-0.192354975332178,2.3054813202294,0.130828643860315,0.416560696428967,0.416560696428967,"social_isolation_avg"
"7347","VPS50","Exc L4-5 RORB IL1RAPL2",0.0282235561060481,6.80922886050283,3.13357758062361,0.0785387143965293,0.321930462542619,0.321930462542619,"social_isolation_avg"
"7348","GNGT1","Exc L4-5 RORB IL1RAPL2",-0.00821579804295384,2.50454775385934,0.0157966284477101,0.900134297069032,0.97797533648335,0.97797533648335,"social_isolation_avg"
"7349","BET1","Exc L4-5 RORB IL1RAPL2",0.0356588792500242,4.2767812818649,1.05445875041612,0.3059827513894,0.636430640810981,0.636430640810981,"social_isolation_avg"
"7350","CASD1","Exc L4-5 RORB IL1RAPL2",0.00842374997194892,6.24771281028045,0.206751813337014,0.649921880381778,0.872902115692383,0.872902115692383,"social_isolation_avg"
"7351","SGCE","Exc L4-5 RORB IL1RAPL2",0.0181626142396816,6.38716581590849,1.04207444691299,0.308831214927462,0.638798200158138,0.638798200158138,"social_isolation_avg"
"7352","PEG10","Exc L4-5 RORB IL1RAPL2",0.00507837624432827,4.85424733051457,0.0134404730688855,0.907846322737389,0.979320338732308,0.979320338732308,"social_isolation_avg"
"7353","PPP1R9A","Exc L4-5 RORB IL1RAPL2",-0.00630435860033803,8.39196321660939,0.284203458664338,0.594675288659649,0.843296700385411,0.843296700385411,"social_isolation_avg"
"7354","AC002429.2","Exc L4-5 RORB IL1RAPL2",0.0397065501478949,3.30741935755896,0.700510893377592,0.899327756932291,0.977491985806289,0.977491985806289,"social_isolation_avg"
"7355","DYNC1I1","Exc L4-5 RORB IL1RAPL2",0.0368104374837574,9.10082418584,7.42231861847737,0.00713504199198673,0.0813520425252789,0.0813520425252789,"social_isolation_avg"
"7356","SLC25A13","Exc L4-5 RORB IL1RAPL2",0.0362639307470886,4.89945152620565,1.35712475892043,0.245714847381169,0.571431984672948,0.571431984672948,"social_isolation_avg"
"7357","SEM1","Exc L4-5 RORB IL1RAPL2",0.0156715541438419,6.57603856448178,0.254483511852344,0.614607441851396,0.853799168138661,0.853799168138661,"social_isolation_avg"
"7358","SDHAF3","Exc L4-5 RORB IL1RAPL2",-0.0211733916645835,3.8362071675419,0.303550556744391,0.582408955099965,0.837749721715558,0.837749721715558,"social_isolation_avg"
"7359","ASNS","Exc L4-5 RORB IL1RAPL2",-0.00463140867917256,5.32565722866607,0.0434575001771616,0.835122852106922,0.956824497333631,0.956824497333631,"social_isolation_avg"
"7360","LMTK2","Exc L4-5 RORB IL1RAPL2",-0.00762539779273215,7.52836382635234,0.184113076406352,0.668420807212904,0.883098002651187,0.883098002651187,"social_isolation_avg"
"7361","TECPR1","Exc L4-5 RORB IL1RAPL2",-0.00445607810622528,5.35645110071403,0.0380051299606737,0.845672249069221,0.961597389721097,0.961597389721097,"social_isolation_avg"
"7362","BRI3","Exc L4-5 RORB IL1RAPL2",-0.0644746172343564,5.52006146503642,5.4280532235505,0.0210246661633024,0.152826626383344,0.152826626383344,"social_isolation_avg"
"7363","BAIAP2L1","Exc L4-5 RORB IL1RAPL2",-0.16198392521438,4.47520780622878,6.20450691567757,0.0137298064178556,0.117761408536829,0.117761408536829,"social_isolation_avg"
"7364","NPTX2","Exc L4-5 RORB IL1RAPL2",-0.474386651182149,2.82092024806987,9.85492060163718,0.00200652756201648,0.0374941705014128,0.0374941705014128,"social_isolation_avg"
"7365","TMEM130","Exc L4-5 RORB IL1RAPL2",-0.0358706246057973,6.78379465321513,2.75144825377544,0.0990626776006801,0.364520599549294,0.364520599549294,"social_isolation_avg"
"7366","TRRAP","Exc L4-5 RORB IL1RAPL2",0.00753839894863407,6.32561666688037,0.226837078188352,0.81016601655761,0.949108093231757,0.949108093231757,"social_isolation_avg"
"7367","SMURF1","Exc L4-5 RORB IL1RAPL2",0.0182414355419435,6.50102699668931,0.699788786414314,0.404062381291143,0.715915752075075,0.715915752075075,"social_isolation_avg"
"7368","KPNA7","Exc L4-5 RORB IL1RAPL2",0.119688055879385,-0.131378628563863,0.881183855425199,0.349247267530035,0.671078252151497,0.671078252151497,"social_isolation_avg"
"7369","AC004834.1","Exc L4-5 RORB IL1RAPL2",0.0810174100259584,2.33182523710072,1.99961311325893,0.15922006608594,0.460225531070122,0.460225531070122,"social_isolation_avg"
"7370","AC004922.1","Exc L4-5 RORB IL1RAPL2",0.0344261623994413,1.18381265924586,0.226064258633197,0.635085307616611,0.865800785749255,0.865800785749255,"social_isolation_avg"
"7371","ARPC1B","Exc L4-5 RORB IL1RAPL2",0.0740693147461989,0.80182940545922,0.875901560147991,0.350691963175194,0.671807495721154,0.671807495721154,"social_isolation_avg"
"7372","PDAP1","Exc L4-5 RORB IL1RAPL2",-0.072427140319108,4.54214151895476,7.05855536760056,0.00866210267590055,0.0904501350611006,0.0904501350611006,"social_isolation_avg"
"7373","BUD31","Exc L4-5 RORB IL1RAPL2",-0.141431725126572,3.21947308397486,14.1747580601996,0.000231198291379877,0.0094686209333304,0.0094686209333304,"social_isolation_avg"
"7374","PTCD1","Exc L4-5 RORB IL1RAPL2",0.00173300514511397,2.08019001454426,0.000945088871943704,0.975512145645825,0.996367624666521,0.996367624666521,"social_isolation_avg"
"7375","CPSF4","Exc L4-5 RORB IL1RAPL2",0.0341178833217843,3.85647820153108,0.835992871616602,0.361877126301444,0.681911871999764,0.681911871999764,"social_isolation_avg"
"7376","ZNF789","Exc L4-5 RORB IL1RAPL2",0.0511340911866367,4.77934393480396,3.71019743488217,0.0557968946167812,0.267889414087967,0.267889414087967,"social_isolation_avg"
"7377","ZNF394","Exc L4-5 RORB IL1RAPL2",0.0255745313004783,3.51350108093025,0.675431203798593,0.412348278976417,0.722407364514029,0.722407364514029,"social_isolation_avg"
"7378","ZKSCAN5","Exc L4-5 RORB IL1RAPL2",0.0409224525172573,3.80066600207969,1.59568100098979,0.208295203656022,0.526469883566069,0.526469883566069,"social_isolation_avg"
"7379","FAM200A","Exc L4-5 RORB IL1RAPL2",-0.0324698627759212,3.89337683268405,1.09852094255512,0.476108881050027,0.769562875226042,0.769562875226042,"social_isolation_avg"
"7380","AC005020.2","Exc L4-5 RORB IL1RAPL2",0.208535152969297,0.787490661590099,5.41936476657001,0.0211261048443889,0.153204019977317,0.153204019977317,"social_isolation_avg"
"7381","TMEM225B","Exc L4-5 RORB IL1RAPL2",0.165361902758164,-0.279985202204267,1.00735949917926,0.317003244528179,0.645017570676167,0.645017570676167,"social_isolation_avg"
"7382","ZSCAN25","Exc L4-5 RORB IL1RAPL2",-0.0301789284795727,3.54751374976795,0.652368948550503,0.859823189711527,0.964243395716678,0.964243395716678,"social_isolation_avg"
"7383","CYP3A5","Exc L4-5 RORB IL1RAPL2",0.0406159014410773,1.485307412646,0.263273584051076,0.866813928181509,0.966778235497087,0.966778235497087,"social_isolation_avg"
"7384","CYP3A4","Exc L4-5 RORB IL1RAPL2",0.0101435373731821,-0.318500420092699,0.00081078269285904,0.977318257139443,0.996715536610383,0.996715536610383,"social_isolation_avg"
"7385","AC069294.1","Exc L4-5 RORB IL1RAPL2",-0.0283957122149184,-0.0684725448587419,0.0525833998573412,0.993531011169032,0.999447087156641,0.999447087156641,"social_isolation_avg"
"7386","CYP3A43","Exc L4-5 RORB IL1RAPL2",0.0580599549613034,2.940615747928,0.682774717533559,0.409823994193386,0.720362181122215,0.720362181122215,"social_isolation_avg"
"7387","TRIM4","Exc L4-5 RORB IL1RAPL2",0.0370508387113632,4.77567946111718,1.7646732035843,0.185873809750179,0.494365807461786,0.494365807461786,"social_isolation_avg"
"7388","AC004522.2","Exc L4-5 RORB IL1RAPL2",0.0823728711497026,2.71645144302237,2.83481381670244,0.0941290333405764,0.35499610122325,0.35499610122325,"social_isolation_avg"
"7389","ZKSCAN1","Exc L4-5 RORB IL1RAPL2",-0.0127028545278617,6.68873932554881,0.34625214844443,0.557045569648728,0.821245069606013,0.821245069606013,"social_isolation_avg"
"7390","ZSCAN21","Exc L4-5 RORB IL1RAPL2",0.0883026696092754,2.90970136915138,3.95665929285942,0.0483361168252448,0.247062352615875,0.247062352615875,"social_isolation_avg"
"7391","ZNF3","Exc L4-5 RORB IL1RAPL2",0.0362589910532736,3.51906875858143,1.1062932150991,0.294424331926319,0.62558144687006,0.62558144687006,"social_isolation_avg"
"7392","COPS6","Exc L4-5 RORB IL1RAPL2",-0.0614792441018078,5.04091292871275,5.02299643911149,0.0263442386702958,0.173982317584875,0.173982317584875,"social_isolation_avg"
"7393","MCM7","Exc L4-5 RORB IL1RAPL2",-0.109582608228229,2.18224319618567,3.57224180477436,0.0605033104887195,0.28024171829885,0.28024171829885,"social_isolation_avg"
"7394","AP4M1","Exc L4-5 RORB IL1RAPL2",-0.0924800246666144,3.51274639636718,8.5010584971254,0.00404223814608897,0.0574629511361002,0.0574629511361002,"social_isolation_avg"
"7395","TAF6","Exc L4-5 RORB IL1RAPL2",-0.0473374236507149,4.38644918927966,2.0375336083923,0.1553446876374,0.45450391754867,0.45450391754867,"social_isolation_avg"
"7396","AC073842.2","Exc L4-5 RORB IL1RAPL2",0.0464685548498326,1.15149522142417,0.332715318402125,0.808642067190104,0.947916272430702,0.947916272430702,"social_isolation_avg"
"7397","CNPY4","Exc L4-5 RORB IL1RAPL2",0.0679491428521935,2.77986561629336,2.11716307906009,0.147552543149841,0.443712916233016,0.443712916233016,"social_isolation_avg"
"7398","MBLAC1","Exc L4-5 RORB IL1RAPL2",-0.122342415370494,1.99591297247016,3.87017019548557,0.0508251372449403,0.254206297068865,0.254206297068865,"social_isolation_avg"
"7399","AC073842.1","Exc L4-5 RORB IL1RAPL2",0.0821154101961612,2.61682834216214,2.84803288464421,0.0933718124350258,0.353741596116608,0.353741596116608,"social_isolation_avg"
"7400","LAMTOR4","Exc L4-5 RORB IL1RAPL2",-0.0709169724140173,4.44573497258025,4.21608397543282,0.0416181622433352,0.227194820486481,0.227194820486481,"social_isolation_avg"
"7401","C7orf43","Exc L4-5 RORB IL1RAPL2",-0.0996919829624714,2.63673426182623,4.74233330709564,0.0308463997194527,0.191484491171839,0.191484491171839,"social_isolation_avg"
"7402","GPC2","Exc L4-5 RORB IL1RAPL2",0.291021001143992,-0.680751158522928,1.79673839650853,0.18194671761266,0.488383844424893,0.488383844424893,"social_isolation_avg"
"7403","STAG3","Exc L4-5 RORB IL1RAPL2",0.0660811382832489,3.55942907720491,1.96152640978258,0.1632245286975,0.466112643011692,0.466112643011692,"social_isolation_avg"
"7404","CASTOR3","Exc L4-5 RORB IL1RAPL2",-0.0076258120720078,6.99466465733259,0.114037478429816,0.736021991659815,0.915900828950698,0.915900828950698,"social_isolation_avg"
"7405","SPDYE3","Exc L4-5 RORB IL1RAPL2",0.0509781319387522,3.95854256614687,0.839279100578198,0.3609376298994,0.680955319107243,0.680955319107243,"social_isolation_avg"
"7406","PILRB","Exc L4-5 RORB IL1RAPL2",0.0103680060539824,5.42064787083344,0.0410718973609009,0.839648439742389,0.958433164114729,0.958433164114729,"social_isolation_avg"
"7407","PILRA","Exc L4-5 RORB IL1RAPL2",0.0722689189088558,5.04897484198059,3.91012973006112,0.0496585882961521,0.251160157485029,0.251160157485029,"social_isolation_avg"
"7408","ZCWPW1","Exc L4-5 RORB IL1RAPL2",0.0175918463768652,3.28178457356293,0.200376226116464,0.787864778021062,0.939432896859537,0.939432896859537,"social_isolation_avg"
"7409","MEPCE","Exc L4-5 RORB IL1RAPL2",-0.158365673260845,3.03056403401091,11.8984900168033,0.000712923291928296,0.018972182287729,0.018972182287729,"social_isolation_avg"
"7410","PPP1R35","Exc L4-5 RORB IL1RAPL2",-0.00875740641726599,3.36641116113825,0.0279310073560191,0.867475403549953,0.966922068369288,0.966922068369288,"social_isolation_avg"
"7411","C7orf61","Exc L4-5 RORB IL1RAPL2",0.0344228494638916,1.18733798621859,0.145366730465872,0.703492606730247,0.900757603406416,0.900757603406416,"social_isolation_avg"
"7412","TSC22D4","Exc L4-5 RORB IL1RAPL2",0.0135456099071557,2.75010105926276,0.0536076399736708,0.817186933832684,0.951599926146172,0.951599926146172,"social_isolation_avg"
"7413","NYAP1","Exc L4-5 RORB IL1RAPL2",-0.0336463845319189,4.23631070296207,0.856986937315488,0.355932823758332,0.676097275206445,0.676097275206445,"social_isolation_avg"
"7414","AC069281.1","Exc L4-5 RORB IL1RAPL2",0.184914106152042,0.00393908140692557,1.82808314694683,0.178201154467967,0.484705330392072,0.484705330392072,"social_isolation_avg"
"7415","AGFG2","Exc L4-5 RORB IL1RAPL2",0.050476181913915,4.01573770904882,2.48155252012779,0.117100485331356,0.395229804308704,0.395229804308704,"social_isolation_avg"
"7416","SAP25","Exc L4-5 RORB IL1RAPL2",0.0503727357168649,0.721230659080493,0.215771628601578,0.642892029295182,0.869068731385066,0.869068731385066,"social_isolation_avg"
"7417","LRCH4","Exc L4-5 RORB IL1RAPL2",0.0462610232534311,4.21168412811868,1.93972015575503,0.165569369818465,0.468888913599677,0.468888913599677,"social_isolation_avg"
"7418","FBXO24","Exc L4-5 RORB IL1RAPL2",0.249120918651781,-0.00822957586182033,5.10010075405591,0.025232325672783,0.16935822421239,0.16935822421239,"social_isolation_avg"
"7419","PCOLCE-AS1","Exc L4-5 RORB IL1RAPL2",0.277914646307035,-0.347045491269958,4.74611477591758,0.0323382699459708,0.1969109553516,0.1969109553516,"social_isolation_avg"
"7420","PCOLCE","Exc L4-5 RORB IL1RAPL2",0.172544023610788,0.506456316717173,3.10785492318055,0.0797634683587685,0.324141878182186,0.324141878182186,"social_isolation_avg"
"7421","MOSPD3","Exc L4-5 RORB IL1RAPL2",-0.000251816167760442,2.668558055862,2.67800230373964e-05,0.995877252386375,0.9994589795957,0.9994589795957,"social_isolation_avg"
"7422","TFR2","Exc L4-5 RORB IL1RAPL2",0.0512383746661837,3.65973925346531,1.58149067567123,0.210319884061201,0.528808964069276,0.528808964069276,"social_isolation_avg"
"7423","ACTL6B","Exc L4-5 RORB IL1RAPL2",-0.0332495960885511,5.60221540327441,1.85259801983066,0.175334198964959,0.481584061615294,0.481584061615294,"social_isolation_avg"
"7424","GNB2","Exc L4-5 RORB IL1RAPL2",-0.0177165072021486,4.87107708097563,0.368433646570952,0.54469214354975,0.814378094012415,0.814378094012415,"social_isolation_avg"
"7425","GIGYF1","Exc L4-5 RORB IL1RAPL2",0.0070821516369481,5.27701964399064,0.0669877961986665,0.796096136765583,0.943052144191509,0.943052144191509,"social_isolation_avg"
"7426","POP7","Exc L4-5 RORB IL1RAPL2",-0.199118352000468,3.53415072464777,22.2247560470864,5.12480560756764e-06,0.00085811014956449,0.00085811014956449,"social_isolation_avg"
"7427","ZAN","Exc L4-5 RORB IL1RAPL2",0.205089999463017,0.859291330138824,5.75874006021167,0.0175187081299005,0.137654267660236,0.137654267660236,"social_isolation_avg"
"7428","SLC12A9","Exc L4-5 RORB IL1RAPL2",-0.0222996788949343,3.22551127873501,0.45877779000715,0.499142609424799,0.785903008901065,0.785903008901065,"social_isolation_avg"
"7429","SLC12A9-AS1","Exc L4-5 RORB IL1RAPL2",0.257053341993812,-0.27503705990735,3.4161519378346,0.0663480144579455,0.293515387255337,0.293515387255337,"social_isolation_avg"
"7430","SRRT","Exc L4-5 RORB IL1RAPL2",-0.00919561567200935,3.88370299148837,0.0830393661452246,0.898448982725821,0.977255559309928,0.977255559309928,"social_isolation_avg"
"7431","ACHE","Exc L4-5 RORB IL1RAPL2",-0.0487274590352799,3.12500111387925,0.858962932783984,0.355380297689267,0.675692649316836,0.675692649316836,"social_isolation_avg"
"7432","MUC12","Exc L4-5 RORB IL1RAPL2",-0.0320183205460929,1.82437235767082,0.217928265520788,0.641237745664344,0.868369552370101,0.868369552370101,"social_isolation_avg"
"7433","AC105446.1","Exc L4-5 RORB IL1RAPL2",-0.15052300216673,1.02212217233505,2.74620396880184,0.0993824150606696,0.364858765789409,0.364858765789409,"social_isolation_avg"
"7434","SERPINE1","Exc L4-5 RORB IL1RAPL2",0.0444212876679391,-1.11342444341556,0.0396676262637902,0.842376631125959,0.959983631725246,0.959983631725246,"social_isolation_avg"
"7435","AP1S1","Exc L4-5 RORB IL1RAPL2",-0.114825592812874,4.58179128697431,11.6786299878342,0.000795956579553597,0.0205461042861304,0.0205461042861304,"social_isolation_avg"
"7436","VGF","Exc L4-5 RORB IL1RAPL2",-0.398934506714651,2.49651478802499,6.64696552137975,0.0108045660026541,0.103249087543545,0.103249087543545,"social_isolation_avg"
"7437","PLOD3","Exc L4-5 RORB IL1RAPL2",0.000995328721856794,4.54076739101523,0.000961450526394994,0.975301152522241,0.996364834883285,0.996364834883285,"social_isolation_avg"
"7438","ZNHIT1","Exc L4-5 RORB IL1RAPL2",-0.157249343515166,3.24538321015592,14.2669671650566,0.000221004481566035,0.00923096202143697,0.00923096202143697,"social_isolation_avg"
"7439","CLDN15","Exc L4-5 RORB IL1RAPL2",0.0224743046676619,1.81588189089612,0.136678630239628,0.712078698154267,0.90544850407916,0.90544850407916,"social_isolation_avg"
"7440","FIS1","Exc L4-5 RORB IL1RAPL2",-0.0969285813863689,4.65415709003832,11.3605312082241,0.000933941467179662,0.0226843472407014,0.0226843472407014,"social_isolation_avg"
"7441","IFT22","Exc L4-5 RORB IL1RAPL2",-0.0794306874178488,3.47829578817836,5.0668572766459,0.025705563360549,0.171258790262306,0.171258790262306,"social_isolation_avg"
"7442","COL26A1","Exc L4-5 RORB IL1RAPL2",0.0618331696929658,6.91740469201593,4.24439400924942,0.0409475023607635,0.22527778088317,0.22527778088317,"social_isolation_avg"
"7443","LINC01007","Exc L4-5 RORB IL1RAPL2",-0.376438943971105,0.57232547822646,9.69879531376986,0.00217389499229121,0.0394364977460614,0.0394364977460614,"social_isolation_avg"
"7444","CUX1","Exc L4-5 RORB IL1RAPL2",-0.0744923709502644,6.09104455731034,7.60174370286648,0.00648707710791989,0.0769578822718335,0.0769578822718335,"social_isolation_avg"
"7445","SH2B2","Exc L4-5 RORB IL1RAPL2",-0.0812334294064979,2.67313261996512,1.69692975289595,0.194501922484007,0.506910588887037,0.506910588887037,"social_isolation_avg"
"7446","SPDYE6","Exc L4-5 RORB IL1RAPL2",0.0488766460230376,-0.0675890378988227,0.0921246650913888,0.761874957487458,0.929028232378812,0.929028232378812,"social_isolation_avg"
"7447","PRKRIP1","Exc L4-5 RORB IL1RAPL2",0.100331533010362,6.48654808552361,25.4273004428417,1.19767196428662e-06,0.00039085801346502,0.00039085801346502,"social_isolation_avg"
"7448","AC073517.1","Exc L4-5 RORB IL1RAPL2",-0.107078360823404,-0.418325092960545,0.396675627598121,0.529680729688122,0.807177980671346,0.807177980671346,"social_isolation_avg"
"7449","ORAI2","Exc L4-5 RORB IL1RAPL2",0.0106410336751236,5.1980671155695,0.0688275173403351,0.793378295019251,0.94229469908941,0.94229469908941,"social_isolation_avg"
"7450","ALKBH4","Exc L4-5 RORB IL1RAPL2",-0.0608491756605718,3.57703321025396,3.04795639761653,0.082696756736732,0.330944444631072,0.330944444631072,"social_isolation_avg"
"7451","LRWD1","Exc L4-5 RORB IL1RAPL2",-0.000948668856019201,2.70316779288707,0.000310202078562448,0.985969182065479,0.998305401080937,0.998305401080937,"social_isolation_avg"
"7452","POLR2J","Exc L4-5 RORB IL1RAPL2",-0.0563144436910466,3.35041838488683,2.16160345176971,0.197246596648929,0.510995427148064,0.510995427148064,"social_isolation_avg"
"7453","AC093668.2","Exc L4-5 RORB IL1RAPL2",0.244182939998992,3.6977607975142,12.2159498551605,0.000608352682557066,0.0170528016394996,0.0170528016394996,"social_isolation_avg"
"7454","AC093668.1","Exc L4-5 RORB IL1RAPL2",0.163406375014541,1.30277459228029,4.6456960203671,0.0325782947053301,0.197631905777349,0.197631905777349,"social_isolation_avg"
"7455","SPDYE2","Exc L4-5 RORB IL1RAPL2",0.210177903696733,3.3771658917389,2.82325281922589,0.0947968030637353,0.356377967567839,0.356377967567839,"social_isolation_avg"
"7456","AC105052.1","Exc L4-5 RORB IL1RAPL2",0.123071546242877,4.03425507139383,2.84781779027712,0.0933840799457388,0.353741596116608,0.353741596116608,"social_isolation_avg"
"7457","AC105052.3","Exc L4-5 RORB IL1RAPL2",0.106187916016419,5.20278967182135,2.36829112958394,0.125734614906769,0.408660651091422,0.408660651091422,"social_isolation_avg"
"7458","SPDYE2B","Exc L4-5 RORB IL1RAPL2",0.00483962152949828,-0.182140799905187,0.000125689611084318,0.991068513122227,0.998822911403646,0.998822911403646,"social_isolation_avg"
"7459","FAM185A","Exc L4-5 RORB IL1RAPL2",0.0571582842477266,6.70622414980565,8.27391660190025,0.00455233087853603,0.0619673759372519,0.0619673759372519,"social_isolation_avg"
"7460","FBXL13","Exc L4-5 RORB IL1RAPL2",0.0525625764983336,5.74071708052373,4.87310606570584,0.0286555998515473,0.182556432589605,0.182556432589605,"social_isolation_avg"
"7461","LRRC17","Exc L4-5 RORB IL1RAPL2",0.0960824663292029,3.42667233839991,4.84667946114058,0.0290847383375744,0.184297499693652,0.184297499693652,"social_isolation_avg"
"7462","ARMC10","Exc L4-5 RORB IL1RAPL2",-0.0215174891828888,5.29902256833937,0.843532626488217,0.359726607651692,0.679637045975272,0.679637045975272,"social_isolation_avg"
"7463","NAPEPLD","Exc L4-5 RORB IL1RAPL2",-0.00499481610885327,7.63682362605955,0.0591135708996066,0.808203955563493,0.947813750044431,0.947813750044431,"social_isolation_avg"
"7464","PMPCB","Exc L4-5 RORB IL1RAPL2",-0.00780477813868571,5.42657029380191,0.144569045366345,0.704268484518509,0.901221695899817,0.901221695899817,"social_isolation_avg"
"7465","DNAJC2","Exc L4-5 RORB IL1RAPL2",0.00735859081861758,4.86417786341174,0.0908584857533265,0.763467455362627,0.929334001731617,0.929334001731617,"social_isolation_avg"
"7466","PSMC2","Exc L4-5 RORB IL1RAPL2",0.016545998356377,5.07696918085158,0.697679422210045,0.404770204274353,0.716633015352768,0.716633015352768,"social_isolation_avg"
"7467","SLC26A5","Exc L4-5 RORB IL1RAPL2",-0.0206499672770907,1.64774488807544,0.10216407232882,0.749651572862698,0.922716579504731,0.922716579504731,"social_isolation_avg"
"7468","ORC5","Exc L4-5 RORB IL1RAPL2",0.0210006073409567,5.61314480048609,1.16795297090676,0.281396491699455,0.612622600327394,0.612622600327394,"social_isolation_avg"
"7469","LINC01004","Exc L4-5 RORB IL1RAPL2",-0.0368543641873956,5.86543142716756,2.03880352791751,0.155216787218715,0.454410773783893,0.454410773783893,"social_isolation_avg"
"7470","KMT2E-AS1","Exc L4-5 RORB IL1RAPL2",-0.156754530317561,1.88845282832454,4.16878269861751,0.0427648589011296,0.230738120771083,0.230738120771083,"social_isolation_avg"
"7471","KMT2E","Exc L4-5 RORB IL1RAPL2",0.0525433224787101,7.72178985265572,17.0416365620922,5.78842289580486e-05,0.00401182233009245,0.00401182233009245,"social_isolation_avg"
"7472","AC005070.3","Exc L4-5 RORB IL1RAPL2",-0.0148833501855517,2.52059322103682,0.0757039203540215,0.783549647361159,0.937767967529855,0.937767967529855,"social_isolation_avg"
"7473","SRPK2","Exc L4-5 RORB IL1RAPL2",0.0112439710377643,8.78104007767394,0.957926822585796,0.329140036676275,0.65450957792452,0.65450957792452,"social_isolation_avg"
"7474","PUS7","Exc L4-5 RORB IL1RAPL2",0.023264806554627,5.89664200725017,1.02087222877255,0.313788921262307,0.642373438801511,0.642373438801511,"social_isolation_avg"
"7475","RINT1","Exc L4-5 RORB IL1RAPL2",0.0741540267159487,4.55659210699865,7.28497626440145,0.00767596753380231,0.0849585145052903,0.0849585145052903,"social_isolation_avg"
"7476","EFCAB10","Exc L4-5 RORB IL1RAPL2",0.0906695440353502,2.73722154580793,3.01676609226073,0.0842705280522864,0.334045029048381,0.334045029048381,"social_isolation_avg"
"7477","AC073073.2","Exc L4-5 RORB IL1RAPL2",0.0275261165327263,0.945490715142864,0.104068307751692,0.755218260193227,0.925272055070982,0.925272055070982,"social_isolation_avg"
"7478","ATXN7L1","Exc L4-5 RORB IL1RAPL2",0.0304276406462995,7.62517245588961,3.79275983795497,0.0531690635330573,0.261418620160802,0.261418620160802,"social_isolation_avg"
"7479","CDHR3","Exc L4-5 RORB IL1RAPL2",0.119868425841059,7.47825038287118,7.95904429462832,0.00537130805383323,0.0681277556856679,0.0681277556856679,"social_isolation_avg"
"7480","SYPL1","Exc L4-5 RORB IL1RAPL2",0.027266206895854,3.86822053490044,0.708715676941831,0.534584053214176,0.809700884133067,0.809700884133067,"social_isolation_avg"
"7481","NAMPT","Exc L4-5 RORB IL1RAPL2",-0.00261486656824955,4.7155159899273,0.0131879732470486,0.9755557865432,0.996367624666521,0.996367624666521,"social_isolation_avg"
"7482","AC007032.1","Exc L4-5 RORB IL1RAPL2",-0.149096829815962,-0.23102167705799,1.4190014523144,0.235275493473675,0.558480443108193,0.558480443108193,"social_isolation_avg"
"7483","CCDC71L","Exc L4-5 RORB IL1RAPL2",-0.132390570592883,1.87630019970982,4.44363078855432,0.0365397205665978,0.210526203666443,0.210526203666443,"social_isolation_avg"
"7484","PIK3CG","Exc L4-5 RORB IL1RAPL2",0.319079734251505,-0.573401846372309,2.72782625817757,0.100511885256536,0.366998336730781,0.366998336730781,"social_isolation_avg"
"7485","PRKAR2B","Exc L4-5 RORB IL1RAPL2",0.0531603203963564,7.57400198728044,5.04931302251304,0.0259590601192412,0.172401325558499,0.172401325558499,"social_isolation_avg"
"7486","HBP1","Exc L4-5 RORB IL1RAPL2",-0.0329064565594796,4.87205327244004,1.13456852453209,0.288356377813238,0.61964690796187,0.61964690796187,"social_isolation_avg"
"7487","COG5","Exc L4-5 RORB IL1RAPL2",0.0232119571029091,7.59640899990405,1.89769166713411,0.170199225014555,0.475076083309089,0.475076083309089,"social_isolation_avg"
"7488","GPR22","Exc L4-5 RORB IL1RAPL2",-0.0403104680850651,5.24241649599766,1.1282104915229,0.289706734525427,0.621137804414234,0.621137804414234,"social_isolation_avg"
"7489","DUS4L","Exc L4-5 RORB IL1RAPL2",-0.0385785815542065,2.36753247592535,0.72036985528615,0.628117477571871,0.86187381414536,0.86187381414536,"social_isolation_avg"
"7490","AC004839.1","Exc L4-5 RORB IL1RAPL2",-0.188376005123269,0.78586029910513,3.83376045869826,0.0519135435072057,0.257472124954086,0.257472124954086,"social_isolation_avg"
"7491","BCAP29","Exc L4-5 RORB IL1RAPL2",-0.0285972708201862,6.73006884924698,2.60900370287945,0.108165629841515,0.380338576887437,0.380338576887437,"social_isolation_avg"
"7492","SLC26A4-AS1","Exc L4-5 RORB IL1RAPL2",-0.066642250329386,4.27057022154731,2.9056775252648,0.0901469600906796,0.346892542582011,0.346892542582011,"social_isolation_avg"
"7493","SLC26A4","Exc L4-5 RORB IL1RAPL2",0.0685768807078622,5.64235344536273,4.59506265158706,0.0335263773409357,0.200174372252396,0.200174372252396,"social_isolation_avg"
"7494","AC002467.1","Exc L4-5 RORB IL1RAPL2",-0.183801930873553,0.126336618759439,2.67782498686551,0.103657192437934,0.372586956329437,0.372586956329437,"social_isolation_avg"
"7495","CBLL1","Exc L4-5 RORB IL1RAPL2",0.0398701633123274,3.71962506164789,1.72557259671958,0.190797634991034,0.501765625167738,0.501765625167738,"social_isolation_avg"
"7496","SLC26A3","Exc L4-5 RORB IL1RAPL2",0.0758798224673279,6.90239473198451,0.323667608224638,0.57018402782061,0.829737191430921,0.829737191430921,"social_isolation_avg"
"7497","DLD","Exc L4-5 RORB IL1RAPL2",-0.00462453108854924,5.10580538148344,0.051448298779957,0.820842288119835,0.952379154185799,0.952379154185799,"social_isolation_avg"
"7498","LAMB1","Exc L4-5 RORB IL1RAPL2",0.0584940726888872,4.12346891768835,1.71960910061451,0.191561984792931,0.502957139040686,0.502957139040686,"social_isolation_avg"
"7499","AC005046.1","Exc L4-5 RORB IL1RAPL2",0.0841477479290556,0.578873900571555,0.854494495584492,0.54656923474631,0.815611895947664,0.815611895947664,"social_isolation_avg"
"7500","LAMB4","Exc L4-5 RORB IL1RAPL2",0.190682589280715,1.38914550933885,3.54841287516709,0.061358540667069,0.281742447379774,0.281742447379774,"social_isolation_avg"
"7501","NRCAM","Exc L4-5 RORB IL1RAPL2",0.0014254529564129,9.809485632596,0.0114118681083562,0.91505628809052,0.982007828651848,0.982007828651848,"social_isolation_avg"
"7502","PNPLA8","Exc L4-5 RORB IL1RAPL2",0.0261846565870204,5.78937324714736,1.35126927660722,0.246731896067905,0.572739916607345,0.572739916607345,"social_isolation_avg"
"7503","DNAJB9","Exc L4-5 RORB IL1RAPL2",-0.102996715853716,3.93864726395335,7.66386427677298,0.00627715793954703,0.0754831802536607,0.0754831802536607,"social_isolation_avg"
"7504","AC005487.1","Exc L4-5 RORB IL1RAPL2",-0.0837167842164764,0.112860315737737,0.333147152452178,0.564597069395441,0.826725939162625,0.826725939162625,"social_isolation_avg"
"7505","AC092167.1","Exc L4-5 RORB IL1RAPL2",-0.0202026266199255,0.718678621535108,0.0298676289129071,0.86300235568709,0.965740698866505,0.965740698866505,"social_isolation_avg"
"7506","IMMP2L","Exc L4-5 RORB IL1RAPL2",-0.0416297970005229,8.68030772784183,2.30428513084594,0.130927882335134,0.416560696428967,0.416560696428967,"social_isolation_avg"
"7507","LRRN3","Exc L4-5 RORB IL1RAPL2",-0.0593860514009872,6.323762355045,3.98549633899166,0.0475353843115779,0.244805935372718,0.244805935372718,"social_isolation_avg"
"7508","DOCK4","Exc L4-5 RORB IL1RAPL2",0.00742722683266514,8.04235853312041,0.0651949133569361,0.798783384881367,0.943541448315508,0.943541448315508,"social_isolation_avg"
"7509","DOCK4-AS1","Exc L4-5 RORB IL1RAPL2",0.133015382557949,-0.380465897070334,0.609326067080066,0.436158088799802,0.740027646009556,0.740027646009556,"social_isolation_avg"
"7510","ZNF277","Exc L4-5 RORB IL1RAPL2",0.0228832314798504,5.68800633552445,1.25299705686425,0.264604757138397,0.595030497957642,0.595030497957642,"social_isolation_avg"
"7511","AC004112.1","Exc L4-5 RORB IL1RAPL2",0.144459191264997,1.82841396394044,3.04545405041458,0.0828218284803263,0.331164796423553,0.331164796423553,"social_isolation_avg"
"7512","IFRD1","Exc L4-5 RORB IL1RAPL2",-0.029237117526552,4.87472352378981,1.01331122280425,0.315582168953943,0.643791637580957,0.643791637580957,"social_isolation_avg"
"7513","LSMEM1","Exc L4-5 RORB IL1RAPL2",0.022594545946122,2.666720023981,0.167197507776148,0.683143860472496,0.890081599228763,0.890081599228763,"social_isolation_avg"
"7514","AC002463.1","Exc L4-5 RORB IL1RAPL2",0.269260144203021,-0.224908888707978,2.56432465744881,0.111208600657223,0.385380573815992,0.385380573815992,"social_isolation_avg"
"7515","TMEM168","Exc L4-5 RORB IL1RAPL2",0.0727662538668745,4.77635098182077,6.94459714837568,0.00920712354825279,0.0942683899656337,0.0942683899656337,"social_isolation_avg"
"7516","BMT2","Exc L4-5 RORB IL1RAPL2",0.00101850902204998,6.41820927184552,0.00306572438016514,0.955911372431353,0.990352027474875,0.990352027474875,"social_isolation_avg"
"7517","GPR85","Exc L4-5 RORB IL1RAPL2",-0.0839629400680986,4.09116701884738,9.7830690141707,0.00208184768868803,0.0384674219899084,0.0384674219899084,"social_isolation_avg"
"7518","SMIM30","Exc L4-5 RORB IL1RAPL2",-0.0552111855541703,1.8942095012674,0.775275793413838,0.379868259364835,0.698085405540214,0.698085405540214,"social_isolation_avg"
"7519","PPP1R3A","Exc L4-5 RORB IL1RAPL2",0.0244246807411039,0.336382191260576,0.0491802710454074,0.874225666586473,0.969990403745151,0.969990403745151,"social_isolation_avg"
"7520","FOXP2","Exc L4-5 RORB IL1RAPL2",-0.000101927224600348,8.50604154546175,2.16802399663291e-05,0.996290514399025,0.999502287237639,0.999502287237639,"social_isolation_avg"
"7521","MDFIC","Exc L4-5 RORB IL1RAPL2",0.0465779815357627,5.73850162302119,1.4707269632391,0.226961379418283,0.548808179411174,0.548808179411174,"social_isolation_avg"
"7522","LINC01392","Exc L4-5 RORB IL1RAPL2",0.208376464195961,0.333005294712769,3.09608653314814,0.0803307168055154,0.325273368650697,0.325273368650697,"social_isolation_avg"
"7523","LINC01393","Exc L4-5 RORB IL1RAPL2",-0.309881073240177,-0.495035361458012,2.75600074473875,0.0987860362681384,0.363998167912258,0.363998167912258,"social_isolation_avg"
"7524","TFEC","Exc L4-5 RORB IL1RAPL2",-0.294621661781414,0.99390476053483,5.59210116604902,0.0192019946842153,0.145173950550286,0.145173950550286,"social_isolation_avg"
"7525","AC002066.1","Exc L4-5 RORB IL1RAPL2",-0.297500385888281,-0.739580689353982,0.834412255274913,0.362330215978584,0.682146358959006,0.682146358959006,"social_isolation_avg"
"7526","CAV2","Exc L4-5 RORB IL1RAPL2",0.065947354732761,1.44035185804543,1.00223275120935,0.318234116047071,0.645868584733278,0.645868584733278,"social_isolation_avg"
"7527","MET","Exc L4-5 RORB IL1RAPL2",-0.369909511118462,2.33929276381152,7.78961207739733,0.00587340308882625,0.0726819227231402,0.0726819227231402,"social_isolation_avg"
"7528","CAPZA2","Exc L4-5 RORB IL1RAPL2",-0.0289872313925814,6.15459849487983,3.12697114146945,0.0788513091494775,0.322582836846976,0.322582836846976,"social_isolation_avg"
"7529","ST7-AS1","Exc L4-5 RORB IL1RAPL2",0.0499994933347757,-0.305436998679779,0.119216585629409,0.757565995496182,0.926568352658453,0.926568352658453,"social_isolation_avg"
"7530","ST7","Exc L4-5 RORB IL1RAPL2",0.0379694461215132,8.05344508722357,6.48311944154366,0.0118040438780344,0.108552232936927,0.108552232936927,"social_isolation_avg"
"7531","ST7-AS2","Exc L4-5 RORB IL1RAPL2",-0.0679427077616986,3.19511369612062,0.988685786698161,0.32151712266832,0.648593626315289,0.648593626315289,"social_isolation_avg"
"7532","WNT2","Exc L4-5 RORB IL1RAPL2",0.0626109669953828,0.400977393329502,0.23657058479703,0.627338294379852,0.861458386802464,0.861458386802464,"social_isolation_avg"
"7533","CFTR","Exc L4-5 RORB IL1RAPL2",-0.0387408113846263,2.0673193161459,0.181791864488602,0.670392573775034,0.884060349065892,0.884060349065892,"social_isolation_avg"
"7534","CTTNBP2","Exc L4-5 RORB IL1RAPL2",0.00677856487535159,7.3205942249933,0.103635588293387,0.747916405946458,0.921915827782467,0.921915827782467,"social_isolation_avg"
"7535","LSM8","Exc L4-5 RORB IL1RAPL2",0.0135388263128282,3.57390592048377,0.155313750461868,0.991276497470749,0.998822911403646,0.998822911403646,"social_isolation_avg"
"7536","ANKRD7","Exc L4-5 RORB IL1RAPL2",0.0845332814176326,5.98404276778892,7.43857007753208,0.00707369338741554,0.0811159712625997,0.0811159712625997,"social_isolation_avg"
"7537","LINC02476","Exc L4-5 RORB IL1RAPL2",-0.0566556724592083,-0.34702580400964,0.122057229660664,0.727258556250398,0.912176201540818,0.912176201540818,"social_isolation_avg"
"7538","KCND2","Exc L4-5 RORB IL1RAPL2",-0.111573440484322,8.11772756505415,9.72254749056824,0.00214753727617705,0.0391837539079518,0.0391837539079518,"social_isolation_avg"
"7539","ING3","Exc L4-5 RORB IL1RAPL2",-0.0357547136682498,3.89163518449942,1.37287668799355,0.24300434176712,0.567990753622691,0.567990753622691,"social_isolation_avg"
"7540","CPED1","Exc L4-5 RORB IL1RAPL2",0.815143602246748,-1.09396437843879,46.5891569129871,0.000165916236291572,0.00778982904931225,0.00778982904931225,"social_isolation_avg"
"7541","FAM3C","Exc L4-5 RORB IL1RAPL2",-0.0473285947127774,7.41481972154734,3.24365919209249,0.073523195180472,0.310728696897411,0.310728696897411,"social_isolation_avg"
"7542","PTPRZ1","Exc L4-5 RORB IL1RAPL2",0.0429810204352679,5.50241969440105,0.130505532992423,0.718369773462553,0.908125272335036,0.908125272335036,"social_isolation_avg"
"7543","AASS","Exc L4-5 RORB IL1RAPL2",-0.520829285188429,-0.385682146930446,2.99428818877295,0.0854249401523592,0.336218539117298,0.336218539117298,"social_isolation_avg"
"7544","CADPS2","Exc L4-5 RORB IL1RAPL2",0.0390744335959346,10.412772110682,2.93544032277039,0.0885298295477527,0.343175727153372,0.343175727153372,"social_isolation_avg"
"7545","AC004594.1","Exc L4-5 RORB IL1RAPL2",-0.0337826828500017,5.20443881958893,0.427615911177989,0.514069811305086,0.797010398205796,0.797010398205796,"social_isolation_avg"
"7546","SLC13A1","Exc L4-5 RORB IL1RAPL2",0.357927737024798,0.0551360289426437,4.33102986663936,0.038965348558967,0.219240903513709,0.219240903513709,"social_isolation_avg"
"7547","IQUB","Exc L4-5 RORB IL1RAPL2",0.0793458549202154,4.30282394315997,5.15233443751186,0.0245071233151662,0.16642703830904,0.16642703830904,"social_isolation_avg"
"7548","NDUFA5","Exc L4-5 RORB IL1RAPL2",-0.0250016995689537,6.10220637465519,1.29024004667862,0.257647928545785,0.58586185026016,0.58586185026016,"social_isolation_avg"
"7549","AC006333.1","Exc L4-5 RORB IL1RAPL2",0.150624412326017,0.140145531427887,1.46037745516808,0.22859600849515,0.550358197828826,0.550358197828826,"social_isolation_avg"
"7550","WASL","Exc L4-5 RORB IL1RAPL2",-0.0429350278513466,6.35122541865219,7.11374134987821,0.00841027070998452,0.0890322868257304,0.0890322868257304,"social_isolation_avg"
"7551","AC006333.2","Exc L4-5 RORB IL1RAPL2",-0.0382457345407725,1.00763785530824,0.202790627049573,0.65306776697715,0.874996120873435,0.874996120873435,"social_isolation_avg"
"7552","TMEM229A","Exc L4-5 RORB IL1RAPL2",-0.154143193314393,1.31666899003698,3.63735641521608,0.0582309287606943,0.274349452958441,0.274349452958441,"social_isolation_avg"
"7553","AC006148.1","Exc L4-5 RORB IL1RAPL2",0.0136627051201709,7.94746938376594,0.122487855909134,0.726797251908639,0.912099940529506,0.912099940529506,"social_isolation_avg"
"7554","GPR37","Exc L4-5 RORB IL1RAPL2",0.0730636308269704,-1.15262978655559,0.19739328521568,0.657414308535831,0.877427146840365,0.877427146840365,"social_isolation_avg"
"7555","POT1","Exc L4-5 RORB IL1RAPL2",0.0688319029148264,5.2629688324918,8.91276054685523,0.00326223582169415,0.0504287287436888,0.0504287287436888,"social_isolation_avg"
"7556","POT1-AS1","Exc L4-5 RORB IL1RAPL2",0.022109562144759,5.30493759977689,0.260616127596419,0.610378255986516,0.852117185969555,0.852117185969555,"social_isolation_avg"
"7557","AC010099.4","Exc L4-5 RORB IL1RAPL2",0.0340159958653033,5.45358186701231,0.461771627918728,0.497747650404307,0.784905430115777,0.784905430115777,"social_isolation_avg"
"7558","AC073486.1","Exc L4-5 RORB IL1RAPL2",0.145028744983245,0.724396718041458,1.89029958332116,0.171028922631424,0.476063617320208,0.476063617320208,"social_isolation_avg"
"7559","GRM8","Exc L4-5 RORB IL1RAPL2",0.00783717901668071,8.15541719517638,0.0657771186474309,0.79790647914292,0.94343951658597,0.94343951658597,"social_isolation_avg"
"7560","AC000099.1","Exc L4-5 RORB IL1RAPL2",0.194225845772985,0.0371678857224208,1.87381147528131,0.172896501281903,0.477991627813396,0.477991627813396,"social_isolation_avg"
"7561","ZNF800","Exc L4-5 RORB IL1RAPL2",0.00632357007746014,5.83221923766976,0.105774722922199,0.745418094051067,0.920785167671651,0.920785167671651,"social_isolation_avg"
"7562","GCC1","Exc L4-5 RORB IL1RAPL2",0.0220603699241017,1.53915536044881,0.113356654605147,0.797185020147811,0.943241631073545,0.943241631073545,"social_isolation_avg"
"7563","ARF5","Exc L4-5 RORB IL1RAPL2",-0.179207125280835,4.15339022941311,6.75274894058408,0.0102062485356033,0.0999546731584631,0.0999546731584631,"social_isolation_avg"
"7564","FSCN3","Exc L4-5 RORB IL1RAPL2",0.071075819743817,0.966862192398861,0.773556126706667,0.444302058591821,0.745814794465501,0.745814794465501,"social_isolation_avg"
"7565","AC073934.1","Exc L4-5 RORB IL1RAPL2",-0.067865921182151,0.106950803360774,0.287789296994296,0.592361939286382,0.842274306180829,0.842274306180829,"social_isolation_avg"
"7566","SND1","Exc L4-5 RORB IL1RAPL2",-0.00393241761675291,6.92481032071772,0.0510258217643281,0.82156684687608,0.952567912091289,0.952567912091289,"social_isolation_avg"
"7567","LRRC4","Exc L4-5 RORB IL1RAPL2",0.0150839055243168,5.25931452807625,0.21942965236303,0.640091964056002,0.867500167660883,0.867500167660883,"social_isolation_avg"
"7568","AC018635.2","Exc L4-5 RORB IL1RAPL2",-0.0439123236642359,0.1849247711324,0.161375350355892,0.688412312968701,0.893035507118046,0.893035507118046,"social_isolation_avg"
"7569","RBM28","Exc L4-5 RORB IL1RAPL2",-0.0354376012411444,5.09550583326764,2.52242437729717,0.114148863219001,0.390109116357975,0.390109116357975,"social_isolation_avg"
"7570","PRRT4","Exc L4-5 RORB IL1RAPL2",0.286904656797023,-0.0994940773396104,4.54934457650059,0.0344074463279689,0.203141279650411,0.203141279650411,"social_isolation_avg"
"7571","IMPDH1","Exc L4-5 RORB IL1RAPL2",-0.0180512722334703,3.73907365589627,0.285178789873829,0.594044217702262,0.843140997244675,0.843140997244675,"social_isolation_avg"
"7572","HILPDA","Exc L4-5 RORB IL1RAPL2",-0.128237652324366,2.42277087742385,6.30390623469225,0.0130078277898216,0.114528203634814,0.114528203634814,"social_isolation_avg"
"7573","METTL2B","Exc L4-5 RORB IL1RAPL2",0.104692141671915,4.83955454251904,14.189057529978,0.000229586617898857,0.00944349651579188,0.00944349651579188,"social_isolation_avg"
"7574","AC090114.2","Exc L4-5 RORB IL1RAPL2",-0.00155915127120161,2.59671222695195,0.000741665874143491,0.978306313057403,0.996797724790475,0.996797724790475,"social_isolation_avg"
"7575","AC018638.7","Exc L4-5 RORB IL1RAPL2",-0.031712043193907,2.22878026738489,0.326465484270578,0.741079772950534,0.918667690734397,0.918667690734397,"social_isolation_avg"
"7576","FAM71F2","Exc L4-5 RORB IL1RAPL2",-0.000942932943760138,3.20536333517798,0.00036979501423539,0.984680773979864,0.998239655190367,0.998239655190367,"social_isolation_avg"
"7577","AC018638.6","Exc L4-5 RORB IL1RAPL2",-0.0559582402712576,2.34340461627833,0.961173177665681,0.328324210448637,0.653810780112717,0.653810780112717,"social_isolation_avg"
"7578","FAM71F1","Exc L4-5 RORB IL1RAPL2",0.139613617527271,0.174971557720877,1.60724323586837,0.222323580370136,0.543675680527236,0.543675680527236,"social_isolation_avg"
"7579","CALU","Exc L4-5 RORB IL1RAPL2",0.0174846475361758,4.80337597521874,0.456892015967147,0.500024689428268,0.786251736779877,0.786251736779877,"social_isolation_avg"
"7580","CCDC136","Exc L4-5 RORB IL1RAPL2",-0.0272810129502165,5.59098819332077,0.908175109943162,0.341990550768931,0.665173027456716,0.665173027456716,"social_isolation_avg"
"7581","FLNC-AS1","Exc L4-5 RORB IL1RAPL2",0.0344011128921869,0.315790789776251,0.109228796178362,0.741442383436119,0.918838835276055,0.918838835276055,"social_isolation_avg"
"7582","KCP","Exc L4-5 RORB IL1RAPL2",0.0120907935306164,0.97096398975502,0.0135267630301687,0.907552310558249,0.979320338732308,0.979320338732308,"social_isolation_avg"
"7583","ATP6V1F","Exc L4-5 RORB IL1RAPL2",-0.149693558266783,5.72813908763347,23.7281591935803,2.57987831832101e-06,0.000535667068794015,0.000535667068794015,"social_isolation_avg"
"7584","ATP6V1FNB","Exc L4-5 RORB IL1RAPL2",-0.0698830662980083,1.00793756434329,0.825087562695424,0.365019289788407,0.684018023381841,0.684018023381841,"social_isolation_avg"
"7585","TNPO3","Exc L4-5 RORB IL1RAPL2",0.00401003641043404,6.10994633955553,0.0528763087193517,0.896281806832567,0.976389718563105,0.976389718563105,"social_isolation_avg"
"7586","TSPAN33","Exc L4-5 RORB IL1RAPL2",-0.0236512042430576,3.11449530454417,0.192454850264143,0.661454124621862,0.879521364025953,0.879521364025953,"social_isolation_avg"
"7587","SMO","Exc L4-5 RORB IL1RAPL2",0.176738881719615,1.64576995862446,4.86410864292016,0.0288009554088993,0.183297301477223,0.183297301477223,"social_isolation_avg"
"7588","AHCYL2","Exc L4-5 RORB IL1RAPL2",0.0156450920722622,7.05341275768148,1.03046003928447,0.311534181508607,0.640710679165691,0.640710679165691,"social_isolation_avg"
"7589","STRIP2","Exc L4-5 RORB IL1RAPL2",0.0320280937057947,4.27833736323898,0.916321555291808,0.339840621429905,0.663378148981247,0.663378148981247,"social_isolation_avg"
"7590","SMKR1","Exc L4-5 RORB IL1RAPL2",-0.119007346239637,1.91287390741341,4.02674480540345,0.0464144812232895,0.241930688491973,0.241930688491973,"social_isolation_avg"
"7591","AC078846.1","Exc L4-5 RORB IL1RAPL2",-0.140083205994426,1.82886361825691,4.35432245700337,0.0384499546719264,0.217557294362296,0.217557294362296,"social_isolation_avg"
"7592","NRF1","Exc L4-5 RORB IL1RAPL2",0.00214941768029618,6.99193123944565,0.0115474113104163,0.9145552612597,0.981804260896158,0.981804260896158,"social_isolation_avg"
"7593","UBE2H","Exc L4-5 RORB IL1RAPL2",0.0239850220175443,7.07930786322521,1.56809384765504,0.212252939451071,0.5306603947349,0.5306603947349,"social_isolation_avg"
"7594","AC073320.1","Exc L4-5 RORB IL1RAPL2",0.0887771129909887,2.12456006799724,2.89642255059076,0.108508018934736,0.380911010831334,0.380911010831334,"social_isolation_avg"
"7595","ZC3HC1","Exc L4-5 RORB IL1RAPL2",0.00755116693793745,4.20059583899734,0.0665765706095551,0.796709075747007,0.943052144191509,0.943052144191509,"social_isolation_avg"
"7596","KLHDC10","Exc L4-5 RORB IL1RAPL2",0.0280535753724053,6.72398091747439,2.47295795901143,0.117731913669,0.396511034071482,0.396511034071482,"social_isolation_avg"
"7597","TMEM209","Exc L4-5 RORB IL1RAPL2",0.0507652478784545,3.68623567583216,2.30531774011971,0.130842209826791,0.416560696428967,0.416560696428967,"social_isolation_avg"
"7598","AC087071.2","Exc L4-5 RORB IL1RAPL2",0.0271539411057561,1.16056408387755,0.0862250861073049,0.977036174914419,0.996715536610383,0.996715536610383,"social_isolation_avg"
"7599","CPA4","Exc L4-5 RORB IL1RAPL2",-0.0541119526026597,1.2719824894452,0.436173594337326,0.50989440637832,0.793593161395425,0.793593161395425,"social_isolation_avg"
"7600","CEP41","Exc L4-5 RORB IL1RAPL2",-0.08585987616158,4.26938286546643,5.55056178615541,0.0196473313206643,0.146993735040842,0.146993735040842,"social_isolation_avg"
"7601","MEST","Exc L4-5 RORB IL1RAPL2",-0.0260851368728409,5.55118929948877,0.711921835629561,0.400025941989411,0.713104470358173,0.713104470358173,"social_isolation_avg"
"7602","COPG2","Exc L4-5 RORB IL1RAPL2",0.0133067665846612,5.44266067077203,0.352744137556977,0.553375760594969,0.81878491030768,0.81878491030768,"social_isolation_avg"
"7603","AC007938.3","Exc L4-5 RORB IL1RAPL2",-0.00357543780863257,3.83902396587511,0.00825681994743931,0.927708254534282,0.98417618971798,0.98417618971798,"social_isolation_avg"
"7604","AC016831.7","Exc L4-5 RORB IL1RAPL2",0.066048610085596,10.3476171248002,9.86044407918111,0.00200085433665252,0.0374941705014128,0.0374941705014128,"social_isolation_avg"
"7605","LINC00513","Exc L4-5 RORB IL1RAPL2",0.0162587844101095,6.61502190148819,0.128904660067182,0.720028632354274,0.909266791843836,0.909266791843836,"social_isolation_avg"
"7606","AC058791.1","Exc L4-5 RORB IL1RAPL2",0.0846288462849751,4.56891386251964,2.017793569852,0.157348410545021,0.457044715370331,0.457044715370331,"social_isolation_avg"
"7607","MKLN1","Exc L4-5 RORB IL1RAPL2",0.0415819915064394,8.61348405875289,6.29089042448939,0.0131000782053789,0.115126140141187,0.115126140141187,"social_isolation_avg"
"7608","PODXL","Exc L4-5 RORB IL1RAPL2",-0.0569370968845379,2.65533054763132,1.14302199052375,0.286573433988045,0.617591821803667,0.617591821803667,"social_isolation_avg"
"7609","AC009518.1","Exc L4-5 RORB IL1RAPL2",-0.102767842482852,-0.753931317890433,0.328514505053089,0.567314018241131,0.827741250704845,0.827741250704845,"social_isolation_avg"
"7610","PLXNA4","Exc L4-5 RORB IL1RAPL2",-0.0345382029914881,7.47332438810781,0.939033774269414,0.333942210425383,0.658791392415436,0.658791392415436,"social_isolation_avg"
"7611","AC009365.1","Exc L4-5 RORB IL1RAPL2",0.10439855293662,-0.159323105394586,0.631767699847165,0.427847411909366,0.7342010593812,0.7342010593812,"social_isolation_avg"
"7612","CHCHD3","Exc L4-5 RORB IL1RAPL2",-0.0109511819643036,7.42939436682153,0.42950244869094,0.513144236862558,0.796358440426219,0.796358440426219,"social_isolation_avg"
"7613","AC009365.3","Exc L4-5 RORB IL1RAPL2",-0.0877040522053653,-0.119389597838933,0.481580967700002,0.488681176688832,0.779652160551042,0.779652160551042,"social_isolation_avg"
"7614","EXOC4","Exc L4-5 RORB IL1RAPL2",0.00289226459178742,8.47871314373602,0.0375684713944376,0.846550205605949,0.961597389721097,0.961597389721097,"social_isolation_avg"
"7615","LRGUK","Exc L4-5 RORB IL1RAPL2",0.100094595778657,4.7773992417683,6.59777388328349,0.011095070002524,0.104650956888214,0.104650956888214,"social_isolation_avg"
"7616","SLC35B4","Exc L4-5 RORB IL1RAPL2",-0.0751237190550152,5.08133346005027,10.2556952751113,0.00163473017752535,0.0328700634314104,0.0328700634314104,"social_isolation_avg"
"7617","AC009275.1","Exc L4-5 RORB IL1RAPL2",-0.0681642501154361,-0.384464302857858,0.181619321223877,0.670539734981242,0.884110691644804,0.884110691644804,"social_isolation_avg"
"7618","AKR1B1","Exc L4-5 RORB IL1RAPL2",-0.0630166617682515,4.1404930480474,3.01872988080045,0.0841704838005397,0.333876252408808,0.333876252408808,"social_isolation_avg"
"7619","BPGM","Exc L4-5 RORB IL1RAPL2",-0.050069032732817,2.84771800585736,1.23579411713106,0.267897434148917,0.597972532136216,0.597972532136216,"social_isolation_avg"
"7620","CALD1","Exc L4-5 RORB IL1RAPL2",0.0465760295210356,7.08807533378106,1.79652628475273,0.181972374981,0.488383844424893,0.488383844424893,"social_isolation_avg"
"7621","AGBL3","Exc L4-5 RORB IL1RAPL2",0.17575738991588,5.49274151721889,13.0306758784743,0.000405884126739468,0.0133328707674262,0.0133328707674262,"social_isolation_avg"
"7622","CYREN","Exc L4-5 RORB IL1RAPL2",-0.0282074840521282,4.67702060885468,0.56932691737644,0.451600129759344,0.752180227894597,0.752180227894597,"social_isolation_avg"
"7623","TMEM140","Exc L4-5 RORB IL1RAPL2",-0.0281193960569831,0.124225132192235,0.0423660407093933,0.837176889458828,0.957402473584193,0.957402473584193,"social_isolation_avg"
"7624","WDR91","Exc L4-5 RORB IL1RAPL2",0.0348301104751255,3.70907743475588,1.03977360401348,0.309364233830233,0.63916582969009,0.63916582969009,"social_isolation_avg"
"7625","AC009542.1","Exc L4-5 RORB IL1RAPL2",-0.202154984444915,-0.208454546720976,2.07622660255861,0.178798414558703,0.485242280668987,0.485242280668987,"social_isolation_avg"
"7626","CNOT4","Exc L4-5 RORB IL1RAPL2",0.0169889894644798,6.83170592834978,1.7746212757716,0.184644938996723,0.49244063689437,0.49244063689437,"social_isolation_avg"
"7627","NUP205","Exc L4-5 RORB IL1RAPL2",0.0872019638002525,5.05009093881995,13.4220064683691,0.000334576243215038,0.0118549009323441,0.0118549009323441,"social_isolation_avg"
"7628","STMP1","Exc L4-5 RORB IL1RAPL2",-0.066989233656257,4.63833918170749,5.84240391601603,0.0167323354599432,0.133034981287598,0.133034981287598,"social_isolation_avg"
"7629","SLC13A4","Exc L4-5 RORB IL1RAPL2",-0.0778500617299527,1.28544273252256,0.86820221239555,0.352812420136379,0.673075600060539,0.673075600060539,"social_isolation_avg"
"7630","MTPN","Exc L4-5 RORB IL1RAPL2",-0.0895667654579219,6.2833781527338,15.5281993690663,0.000119724187843687,0.00641728430082268,0.00641728430082268,"social_isolation_avg"
"7631","AC078845.1","Exc L4-5 RORB IL1RAPL2",-0.0934199341935762,0.0827710721084247,0.643104914597712,0.423740070416803,0.730332107155796,0.730332107155796,"social_isolation_avg"
"7632","AC009264.1","Exc L4-5 RORB IL1RAPL2",-0.0566197262679381,2.66723524638655,0.930441426786318,0.336157313691368,0.660427312956927,0.660427312956927,"social_isolation_avg"
"7633","CHRM2","Exc L4-5 RORB IL1RAPL2",0.0526488885528749,5.77921925481087,0.860064186421541,0.355072878738037,0.675611160134193,0.675611160134193,"social_isolation_avg"
"7634","PTN","Exc L4-5 RORB IL1RAPL2",0.072629050529023,3.31544685404677,0.325012185311608,0.569385016608295,0.82922828657986,0.82922828657986,"social_isolation_avg"
"7635","DGKI","Exc L4-5 RORB IL1RAPL2",0.0292383957058507,8.83592495563981,3.50317925465674,0.0630179501944832,0.285162726784328,0.285162726784328,"social_isolation_avg"
"7636","CREB3L2","Exc L4-5 RORB IL1RAPL2",-0.084603326610756,2.72198229046546,2.65349466564508,0.10522685997833,0.375375975929885,0.375375975929885,"social_isolation_avg"
"7637","AKR1D1","Exc L4-5 RORB IL1RAPL2",-0.0682579013741511,-0.247504555408457,0.296721306889559,0.728060234854823,0.91234452756733,0.91234452756733,"social_isolation_avg"
"7638","TRIM24","Exc L4-5 RORB IL1RAPL2",-0.00827339409316526,5.47130446101851,0.144029555590391,0.704794616303138,0.90152913298213,0.90152913298213,"social_isolation_avg"
"7639","SVOPL","Exc L4-5 RORB IL1RAPL2",0.138182558631403,1.33347713889486,2.47309974351778,0.117721466254094,0.396511034071482,0.396511034071482,"social_isolation_avg"
"7640","ATP6V0A4","Exc L4-5 RORB IL1RAPL2",0.174805724124813,2.61072940673199,4.63729726513773,0.0327335795991083,0.198139305304928,0.198139305304928,"social_isolation_avg"
"7641","TMEM213","Exc L4-5 RORB IL1RAPL2",0.00791894880682775,1.51575333527838,0.00779325168392064,0.992314104695246,0.999072802369964,0.999072802369964,"social_isolation_avg"
"7642","KIAA1549","Exc L4-5 RORB IL1RAPL2",-0.041647852975149,6.92135797283388,4.40098614402769,0.0374390151277346,0.213419659662242,0.213419659662242,"social_isolation_avg"
"7643","ZC3HAV1L","Exc L4-5 RORB IL1RAPL2",-0.0531394028575393,0.79712545291448,0.442295211397893,0.650457075045612,0.873132850688131,0.873132850688131,"social_isolation_avg"
"7644","ZC3HAV1","Exc L4-5 RORB IL1RAPL2",-0.095013227704189,1.22199556043794,0.927338482824728,0.336962112289992,0.661054397185915,0.661054397185915,"social_isolation_avg"
"7645","TTC26","Exc L4-5 RORB IL1RAPL2",0.05734440038157,5.21869577447126,4.62666198597003,0.0329313364518205,0.198311208467504,0.198311208467504,"social_isolation_avg"
"7646","UBN2","Exc L4-5 RORB IL1RAPL2",0.0506819417481025,6.80729340061126,12.9133205654838,0.000430158292317185,0.0138958135204943,0.0138958135204943,"social_isolation_avg"
"7647","LUC7L2","Exc L4-5 RORB IL1RAPL2",-0.013181342093724,4.88094452956657,0.180495883780141,0.671499935575667,0.884298267656223,0.884298267656223,"social_isolation_avg"
"7648","AC083880.1","Exc L4-5 RORB IL1RAPL2",0.124539766049402,0.0837992083527843,0.995904168055835,0.319762254519121,0.647146549170793,0.647146549170793,"social_isolation_avg"
"7649","CLEC2L","Exc L4-5 RORB IL1RAPL2",0.0136229197558032,5.7323947547441,0.178390346572894,0.673309086585502,0.88513035692936,0.88513035692936,"social_isolation_avg"
"7650","HIPK2","Exc L4-5 RORB IL1RAPL2",-0.032374767493815,4.44017529469087,0.649198363978242,0.421557001679165,0.728294378083591,0.728294378083591,"social_isolation_avg"
"7651","PARP12","Exc L4-5 RORB IL1RAPL2",0.0127017205400622,1.97409228826336,0.0254620801766873,0.87341587053661,0.969910332074482,0.969910332074482,"social_isolation_avg"
"7652","KDM7A","Exc L4-5 RORB IL1RAPL2",0.0219414057642012,6.00511180274972,0.824405673230159,0.365217023196281,0.684044850012377,0.684044850012377,"social_isolation_avg"
"7653","SLC37A3","Exc L4-5 RORB IL1RAPL2",0.0563688099822642,5.67095985686311,6.69762543963381,0.0105136215783052,0.101909955882742,0.101909955882742,"social_isolation_avg"
"7654","RAB19","Exc L4-5 RORB IL1RAPL2",0.117809036431153,0.439752130918188,1.5264683276306,0.218396326558686,0.538617947708146,0.538617947708146,"social_isolation_avg"
"7655","MKRN1","Exc L4-5 RORB IL1RAPL2",-0.00199990790216228,5.34360917937472,0.00854234632692274,0.92647244528594,0.98417618971798,0.98417618971798,"social_isolation_avg"
"7656","DENND2A","Exc L4-5 RORB IL1RAPL2",-0.204265847749446,3.43091204377872,9.39420216972705,0.00254286995912157,0.04315124887582,0.04315124887582,"social_isolation_avg"
"7657","ADCK2","Exc L4-5 RORB IL1RAPL2",0.0368951536312663,2.06719759476052,0.355901211471107,0.551607618873231,0.817944181559593,0.817944181559593,"social_isolation_avg"
"7658","NDUFB2","Exc L4-5 RORB IL1RAPL2",-0.117176736967568,4.6334285234328,10.0760523296709,0.00179177510535563,0.0349713200411011,0.0349713200411011,"social_isolation_avg"
"7659","NDUFB2-AS1","Exc L4-5 RORB IL1RAPL2",-0.00756924920611032,0.19583540505391,0.00356717192548575,0.952446164852166,0.989452900160271,0.989452900160271,"social_isolation_avg"
"7660","BRAF","Exc L4-5 RORB IL1RAPL2",0.0249563076919063,7.97896554136189,4.16423190384586,0.0428769362675093,0.231098238801438,0.231098238801438,"social_isolation_avg"
"7661","MRPS33","Exc L4-5 RORB IL1RAPL2",-0.0412864403387764,3.50652102516736,1.36823709022496,0.24379886531648,0.568583548706164,0.568583548706164,"social_isolation_avg"
"7662","TMEM178B","Exc L4-5 RORB IL1RAPL2",-0.0261843352777489,8.16256102279148,1.10220940044372,0.295314254329655,0.626346934891986,0.626346934891986,"social_isolation_avg"
"7663","AC073878.1","Exc L4-5 RORB IL1RAPL2",0.0195499469503089,1.16108433985516,0.0668578882571078,0.796289549350634,0.943052144191509,0.943052144191509,"social_isolation_avg"
"7664","AGK","Exc L4-5 RORB IL1RAPL2",-0.017499392790841,5.38164956111307,0.762503414432324,0.383812982962857,0.701047442813144,0.701047442813144,"social_isolation_avg"
"7665","AC004918.1","Exc L4-5 RORB IL1RAPL2",0.0159894731377847,3.52742740603036,0.154275020144954,0.694989073817786,0.896335864166618,0.896335864166618,"social_isolation_avg"
"7666","KIAA1147","Exc L4-5 RORB IL1RAPL2",0.0456792524931353,5.24336447087065,2.79945948986699,0.0961875521450561,0.359109444737654,0.359109444737654,"social_isolation_avg"
"7667","WEE2-AS1","Exc L4-5 RORB IL1RAPL2",-0.275998504030993,1.43835436891318,2.33379457278436,0.128504226446496,0.412779089260741,0.412779089260741,"social_isolation_avg"
"7668","SSBP1","Exc L4-5 RORB IL1RAPL2",0.0212083427904985,5.09554757999422,0.713731555972119,0.399428930209632,0.712875322529869,0.712875322529869,"social_isolation_avg"
"7669","MGAM","Exc L4-5 RORB IL1RAPL2",0.522550701416825,1.72761754523133,12.1057796715722,0.000642740284836375,0.0176762920485306,0.0176762920485306,"social_isolation_avg"
"7670","MGAM2","Exc L4-5 RORB IL1RAPL2",0.222365691970329,0.267483702690405,2.70021006636565,0.102235840284628,0.370594283649866,0.370594283649866,"social_isolation_avg"
"7671","TRBC2","Exc L4-5 RORB IL1RAPL2",-0.00890693552357899,-0.349722472230726,0.00308034022002992,0.955806509397038,0.990352027474875,0.990352027474875,"social_isolation_avg"
"7672","EPHB6","Exc L4-5 RORB IL1RAPL2",-0.0400916904496199,6.81199860103152,2.45774665303156,0.118858790390906,0.397688271085117,0.397688271085117,"social_isolation_avg"
"7673","AC245427.1","Exc L4-5 RORB IL1RAPL2",0.157978391321389,-0.656763963205357,0.977068146842928,0.324368409895004,0.651743830456694,0.651743830456694,"social_isolation_avg"
"7674","KEL","Exc L4-5 RORB IL1RAPL2",0.091915678434863,1.70194517527788,2.06404196528117,0.21057613304475,0.528970921145986,0.528970921145986,"social_isolation_avg"
"7675","GSTK1","Exc L4-5 RORB IL1RAPL2",-0.0100137395963353,4.67582031821144,0.121411792540796,0.904877301210323,0.978577012814387,0.978577012814387,"social_isolation_avg"
"7676","AC073342.1","Exc L4-5 RORB IL1RAPL2",0.0449780774308912,1.5635130586542,0.462834025800062,0.497254223167344,0.784721764823798,0.784721764823798,"social_isolation_avg"
"7677","CASP2","Exc L4-5 RORB IL1RAPL2",0.0228963773509454,3.89275472127322,0.58235642446664,0.446477891342035,0.747581268563166,0.747581268563166,"social_isolation_avg"
"7678","CLCN1","Exc L4-5 RORB IL1RAPL2",-0.13072961755684,-0.20796013879173,0.881225887964648,0.349235804408222,0.671078252151497,0.671078252151497,"social_isolation_avg"
"7679","FAM131B","Exc L4-5 RORB IL1RAPL2",-0.0418238101612228,5.06325146268002,1.50429348968843,0.221756158919296,0.542944829177582,0.542944829177582,"social_isolation_avg"
"7680","AC093673.2","Exc L4-5 RORB IL1RAPL2",0.0177130993648879,2.24694537320882,0.112337541426793,0.737923383064464,0.916892989152296,0.916892989152296,"social_isolation_avg"
"7681","AC093673.1","Exc L4-5 RORB IL1RAPL2",-0.129867315503832,1.95670352402208,3.59695021253483,0.0596300198096743,0.277759626986422,0.277759626986422,"social_isolation_avg"
"7682","ZYX","Exc L4-5 RORB IL1RAPL2",0.0161352961183913,5.14868372491885,0.227356587557986,0.634120595723438,0.865171314658435,0.865171314658435,"social_isolation_avg"
"7683","EPHA1","Exc L4-5 RORB IL1RAPL2",-0.00871496538060972,-0.302036900326398,0.00427639193154669,0.947939221245127,0.988740948001749,0.988740948001749,"social_isolation_avg"
"7684","EPHA1-AS1","Exc L4-5 RORB IL1RAPL2",0.247863832384978,1.41557426179045,8.21650090203556,0.004691463625761,0.0629554491227119,0.0629554491227119,"social_isolation_avg"
"7685","TCAF2","Exc L4-5 RORB IL1RAPL2",0.0461517068126077,4.14786814716744,0.831064959523811,0.3632923359438,0.682810597833778,0.682810597833778,"social_isolation_avg"
"7686","TCAF1","Exc L4-5 RORB IL1RAPL2",-0.012578694045952,6.83242350803414,0.562698230185123,0.454241504856341,0.75312675269787,0.75312675269787,"social_isolation_avg"
"7687","TPK1","Exc L4-5 RORB IL1RAPL2",0.0169848971273149,6.74879287735461,0.420921304859674,0.517378036036834,0.799062102673491,0.799062102673491,"social_isolation_avg"
"7688","CNTNAP2","Exc L4-5 RORB IL1RAPL2",0.0274536588617161,11.7609344595801,2.50453817518903,0.115430226498207,0.392180879075701,0.392180879075701,"social_isolation_avg"
"7689","AC006004.1","Exc L4-5 RORB IL1RAPL2",0.0754083377000129,0.577673361401849,0.429793192879146,0.85993860279405,0.964315670210764,0.964315670210764,"social_isolation_avg"
"7690","AC006974.1","Exc L4-5 RORB IL1RAPL2",0.217122089636484,0.120731570375797,3.69322675232054,0.0731620183270977,0.309904434307757,0.309904434307757,"social_isolation_avg"
"7691","AC005229.4","Exc L4-5 RORB IL1RAPL2",0.238889915306088,0.123688078163219,4.79617905104227,0.0299237205401054,0.187665467795603,0.187665467795603,"social_isolation_avg"
"7692","CUL1","Exc L4-5 RORB IL1RAPL2",-0.0103504619369975,6.74360024323514,0.58948716609733,0.443712882994889,0.745470738691733,0.745470738691733,"social_isolation_avg"
"7693","EZH2","Exc L4-5 RORB IL1RAPL2",-0.0614937541374413,2.99731937937242,1.91603237805071,0.168160663724483,0.471722448974195,0.471722448974195,"social_isolation_avg"
"7694","GHET1","Exc L4-5 RORB IL1RAPL2",-0.175311230310894,-0.306303959907214,1.31525835633245,0.253102144064581,0.580695477296307,0.580695477296307,"social_isolation_avg"
"7695","PDIA4","Exc L4-5 RORB IL1RAPL2",-0.00920372123375203,2.10309324856828,0.0210926859921573,0.926695668086799,0.98417618971798,0.98417618971798,"social_isolation_avg"
"7696","ZNF786","Exc L4-5 RORB IL1RAPL2",0.0523625335894365,4.7020083008823,1.48885563524177,0.224132031118944,0.545348690162452,0.545348690162452,"social_isolation_avg"
"7697","ZNF425","Exc L4-5 RORB IL1RAPL2",-0.016518940072795,3.91866597195326,0.196878427343369,0.657832636658966,0.877650961787701,0.877650961787701,"social_isolation_avg"
"7698","ZNF398","Exc L4-5 RORB IL1RAPL2",0.0702224766141023,5.46656321605929,12.3305700937382,0.000574566280811742,0.0163479227056225,0.0163479227056225,"social_isolation_avg"
"7699","ZNF282","Exc L4-5 RORB IL1RAPL2",-0.0192936019416885,3.76038741163717,0.449392298142296,0.50355918639666,0.789120702816896,0.789120702816896,"social_isolation_avg"
"7700","ZNF212","Exc L4-5 RORB IL1RAPL2",-0.0243472835081284,3.18970928328092,0.351814435031864,0.553898489411049,0.819134759044442,0.819134759044442,"social_isolation_avg"
"7701","ZNF783","Exc L4-5 RORB IL1RAPL2",-0.014247627104907,4.84489575019964,0.206232869807265,0.650331932540107,0.873123571673268,0.873123571673268,"social_isolation_avg"
"7702","AC004941.1","Exc L4-5 RORB IL1RAPL2",0.325056800844427,-0.725042193709842,3.19433121284525,0.0757263357327926,0.315251484796517,0.315251484796517,"social_isolation_avg"
"7703","ZNF777","Exc L4-5 RORB IL1RAPL2",-0.0109766555848331,3.85573124398315,0.102129942111011,0.749691981223309,0.922716579504731,0.922716579504731,"social_isolation_avg"
"7704","ZNF746","Exc L4-5 RORB IL1RAPL2",0.029187389138052,4.41529282885328,1.19836386060533,0.275241493278079,0.605281763634883,0.605281763634883,"social_isolation_avg"
"7705","KRBA1","Exc L4-5 RORB IL1RAPL2",0.0537481346585183,3.23638449449324,1.89844895564957,0.170114489221727,0.475076083309089,0.475076083309089,"social_isolation_avg"
"7706","ZNF467","Exc L4-5 RORB IL1RAPL2",0.0414330246427135,0.668679926052793,0.173950924256455,0.677165261751067,0.886579431097481,0.886579431097481,"social_isolation_avg"
"7707","SSPO","Exc L4-5 RORB IL1RAPL2",0.0842386266637326,2.18411783058776,1.51126308520689,0.220693496191486,0.54153049428597,0.54153049428597,"social_isolation_avg"
"7708","ZNF862","Exc L4-5 RORB IL1RAPL2",0.00101520788283261,5.32350893851519,0.00141827061043745,0.970004264947227,0.994659153320317,0.994659153320317,"social_isolation_avg"
"7709","ATP6V0E2-AS1","Exc L4-5 RORB IL1RAPL2",-0.0665561642019658,2.8420317021965,2.33013477494573,0.128802055072247,0.41306164135966,0.41306164135966,"social_isolation_avg"
"7710","ATP6V0E2","Exc L4-5 RORB IL1RAPL2",-0.0903424965158854,5.90194069369012,11.0678031853924,0.00108250915432537,0.0249174643661682,0.0249174643661682,"social_isolation_avg"
"7711","AC092681.3","Exc L4-5 RORB IL1RAPL2",-0.0239360565492478,0.497171187356609,0.0564038548066751,0.995726534991915,0.9994589795957,0.9994589795957,"social_isolation_avg"
"7712","AC092666.1","Exc L4-5 RORB IL1RAPL2",0.00859703214223455,0.549744930294468,0.00459580877756906,0.968680856589772,0.9941928619423,0.9941928619423,"social_isolation_avg"
"7713","ACTR3C","Exc L4-5 RORB IL1RAPL2",-0.0913910073155169,4.2875388558299,5.67925216907794,0.0183015680837971,0.141455869981015,0.141455869981015,"social_isolation_avg"
"7714","LRRC61","Exc L4-5 RORB IL1RAPL2",-0.190241350963545,2.37816183806957,13.5979500935496,0.000306813717234888,0.0112053473815974,0.0112053473815974,"social_isolation_avg"
"7715","AC005586.1","Exc L4-5 RORB IL1RAPL2",-0.120297022463172,-0.400888513456829,0.595032579089471,0.441580926297247,0.743944743283085,0.743944743283085,"social_isolation_avg"
"7716","AC073111.3","Exc L4-5 RORB IL1RAPL2",-0.0333923719308692,0.566671166732123,0.119222493556741,0.925578641568563,0.98417618971798,0.98417618971798,"social_isolation_avg"
"7717","ZNF775","Exc L4-5 RORB IL1RAPL2",-0.0924202032034192,1.043348374573,1.38254277048417,0.241359219469191,0.565752947420287,0.565752947420287,"social_isolation_avg"
"7718","AC073111.5","Exc L4-5 RORB IL1RAPL2",-0.0630368459175839,3.6288325889657,3.11541795361852,0.0794012226944064,0.323793487273724,0.323793487273724,"social_isolation_avg"
"7719","GIMAP4","Exc L4-5 RORB IL1RAPL2",-0.0371278920399032,1.4505866528082,0.18991014709848,0.663559973812213,0.880856527610023,0.880856527610023,"social_isolation_avg"
"7720","KCNH2","Exc L4-5 RORB IL1RAPL2",0.0256113046304039,3.60773021682707,0.644852968297748,0.423112067836963,0.729967818656197,0.729967818656197,"social_isolation_avg"
"7721","ATG9B","Exc L4-5 RORB IL1RAPL2",-0.0343334901913259,2.03032460053095,0.259020871763281,0.611472296795981,0.852117185969555,0.852117185969555,"social_isolation_avg"
"7722","ABCB8","Exc L4-5 RORB IL1RAPL2",-0.0531741780077711,4.78888514725053,3.88447467084793,0.0504042177021342,0.253171808638726,0.253171808638726,"social_isolation_avg"
"7723","ASIC3","Exc L4-5 RORB IL1RAPL2",-0.0430974698837844,2.90928170347946,0.834503900326742,0.362303924070476,0.682146358959006,0.682146358959006,"social_isolation_avg"
"7724","CDK5","Exc L4-5 RORB IL1RAPL2",-0.0827285665346658,3.65726699344494,3.96819711573213,0.0480140291379277,0.246218083006099,0.246218083006099,"social_isolation_avg"
"7725","FASTK","Exc L4-5 RORB IL1RAPL2",-0.00751539014092401,4.88845510431462,0.0730231592698047,0.787321962714264,0.939315763970044,0.939315763970044,"social_isolation_avg"
"7726","TMUB1","Exc L4-5 RORB IL1RAPL2",0.00546302096400872,3.3778308499986,0.0186691208630423,0.891485589450584,0.974893506894575,0.974893506894575,"social_isolation_avg"
"7727","AGAP3","Exc L4-5 RORB IL1RAPL2",-0.0262683363483432,7.07685088414051,2.26660985157245,0.134097295853244,0.421891409185105,0.421891409185105,"social_isolation_avg"
"7728","ABCF2","Exc L4-5 RORB IL1RAPL2",-0.32159238075995,0.243403865294874,6.56460306850307,0.0112955239934457,0.105746572207539,0.105746572207539,"social_isolation_avg"
"7729","CHPF2","Exc L4-5 RORB IL1RAPL2",-0.0750811100213946,3.31289643652518,3.40855460458382,0.0666475941576914,0.294017050374838,0.294017050374838,"social_isolation_avg"
"7730","SMARCD3","Exc L4-5 RORB IL1RAPL2",-0.00913061202824594,5.91176848666241,0.0914987578486598,0.762660669032093,0.929286899099656,0.929286899099656,"social_isolation_avg"
"7731","AC021097.1","Exc L4-5 RORB IL1RAPL2",0.0674752026659238,2.63288765882236,1.51567477228492,0.220024009180149,0.540588790767122,0.540588790767122,"social_isolation_avg"
"7732","NUB1","Exc L4-5 RORB IL1RAPL2",-0.0291600957065582,4.96967284416175,1.45844605024162,0.228902636982039,0.550956213501737,0.550956213501737,"social_isolation_avg"
"7733","RHEB","Exc L4-5 RORB IL1RAPL2",-0.0527430771146137,6.39692798289065,7.26179573751371,0.00777136268965848,0.0854298591424229,0.0854298591424229,"social_isolation_avg"
"7734","PRKAG2","Exc L4-5 RORB IL1RAPL2",0.0375197027859798,8.5692462243195,2.48504831912748,0.116844735229429,0.394527370011684,0.394527370011684,"social_isolation_avg"
"7735","PRKAG2-AS1","Exc L4-5 RORB IL1RAPL2",-0.0697151244398232,4.58391544203524,4.57034536373187,0.0339997271829484,0.201727449993279,0.201727449993279,"social_isolation_avg"
"7736","GALNTL5","Exc L4-5 RORB IL1RAPL2",-0.0834453659086125,0.712090206139692,0.839045652908259,0.361004258295686,0.680974625731157,0.680974625731157,"social_isolation_avg"
"7737","GALNT11","Exc L4-5 RORB IL1RAPL2",0.00050887459855526,7.09581496487933,0.00134923950803346,0.970743019122309,0.994985819254082,0.994985819254082,"social_isolation_avg"
"7738","KMT2C","Exc L4-5 RORB IL1RAPL2",0.0322181531811498,7.58100144076698,6.20599641636723,0.0137186856548366,0.117761408536829,0.117761408536829,"social_isolation_avg"
"7739","LINC01003","Exc L4-5 RORB IL1RAPL2",0.0104620078328144,2.3528738625561,0.0262300416848682,0.871537584276309,0.968483152175489,0.968483152175489,"social_isolation_avg"
"7740","XRCC2","Exc L4-5 RORB IL1RAPL2",0.0566034330806748,1.95008257111342,0.701507871147836,0.403486862102266,0.715717076623519,0.715717076623519,"social_isolation_avg"
"7741","ACTR3B","Exc L4-5 RORB IL1RAPL2",0.0153127477729124,6.03482440579944,0.672165814810303,0.413478137846796,0.723118573454038,0.723118573454038,"social_isolation_avg"
"7742","DPP6","Exc L4-5 RORB IL1RAPL2",-0.0494311064422019,9.37025605316658,5.44336446133327,0.0208471433252484,0.152396240665692,0.152396240665692,"social_isolation_avg"
"7743","PAXIP1","Exc L4-5 RORB IL1RAPL2",0.0094848290368309,4.65960483072175,0.152121709785898,0.914885409238564,0.982007828651848,0.982007828651848,"social_isolation_avg"
"7744","PAXIP1-AS1","Exc L4-5 RORB IL1RAPL2",-0.012049254869365,3.43617752268081,0.100400601848635,0.751749254222147,0.923926446192741,0.923926446192741,"social_isolation_avg"
"7745","HTR5A-AS1","Exc L4-5 RORB IL1RAPL2",-0.0309248625650102,2.75746117865684,0.281119903770087,0.596679648150182,0.844476100641244,0.844476100641244,"social_isolation_avg"
"7746","HTR5A","Exc L4-5 RORB IL1RAPL2",-0.0722073391652947,3.02705518993674,2.18138351311842,0.141591493369153,0.435269896639692,0.435269896639692,"social_isolation_avg"
"7747","AC144652.1","Exc L4-5 RORB IL1RAPL2",-0.117177608517925,1.18457531789395,1.42472196562726,0.234338002146241,0.557403610749086,0.557403610749086,"social_isolation_avg"
"7748","INSIG1","Exc L4-5 RORB IL1RAPL2",0.167926458128882,4.01859822529476,7.42059648056177,0.00714157510884669,0.0813520425252789,0.0813520425252789,"social_isolation_avg"
"7749","BLACE","Exc L4-5 RORB IL1RAPL2",-0.263737545579333,0.807245340275654,3.67214594737397,0.0570545131305459,0.271210095251554,0.271210095251554,"social_isolation_avg"
"7750","AC008060.1","Exc L4-5 RORB IL1RAPL2",0.172675394244864,-0.227999095840872,1.0698804787111,0.302483339058832,0.633878309705632,0.633878309705632,"social_isolation_avg"
"7751","CNPY1","Exc L4-5 RORB IL1RAPL2",0.0129224088919112,1.09536272329581,0.0111708844173093,0.915954558371556,0.982314129660164,0.982314129660164,"social_isolation_avg"
"7752","AC009403.1","Exc L4-5 RORB IL1RAPL2",0.01852431263683,4.43530761610302,0.3001694127869,0.584515310976707,0.838671305816388,0.838671305816388,"social_isolation_avg"
"7753","RBM33","Exc L4-5 RORB IL1RAPL2",0.0135496021689304,6.78328667020468,0.741972102186177,0.390277673553726,0.705064293140794,0.705064293140794,"social_isolation_avg"
"7754","LINC01006","Exc L4-5 RORB IL1RAPL2",-0.0720827414158811,3.60165085207418,1.7837021779229,0.183531477485381,0.490651110694208,0.490651110694208,"social_isolation_avg"
"7755","RNF32","Exc L4-5 RORB IL1RAPL2",0.0115157736201831,1.11526929546046,0.0216251336180997,0.88326792086981,0.973227420174169,0.973227420174169,"social_isolation_avg"
"7756","AC005534.1","Exc L4-5 RORB IL1RAPL2",0.0727394495557033,0.0267840520168428,0.362171634966892,0.804536239718136,0.945857474320048,0.945857474320048,"social_isolation_avg"
"7757","LMBR1","Exc L4-5 RORB IL1RAPL2",0.0341812281143892,6.67777910437515,6.08232475600372,0.0146747147890371,0.122695659974976,0.122695659974976,"social_isolation_avg"
"7758","NOM1","Exc L4-5 RORB IL1RAPL2",-0.0337933621026286,4.26153097368285,1.05762389178011,0.305260254117732,0.635939119731827,0.635939119731827,"social_isolation_avg"
"7759","UBE3C","Exc L4-5 RORB IL1RAPL2",0.025351284876999,7.13371276564647,3.40414747077422,0.0668220454428057,0.29452202839342,0.29452202839342,"social_isolation_avg"
"7760","DNAJB6","Exc L4-5 RORB IL1RAPL2",-0.0710814324193542,6.56601212553512,12.3405100029329,0.000571728111770637,0.0162957026630989,0.0162957026630989,"social_isolation_avg"
"7761","PTPRN2","Exc L4-5 RORB IL1RAPL2",0.0357605522501014,9.2233701325395,3.89371618351119,0.0501342585451354,0.252553329587994,0.252553329587994,"social_isolation_avg"
"7762","NCAPG2","Exc L4-5 RORB IL1RAPL2",0.0705280267347657,4.188169332472,5.37365694394981,0.0216682424545974,0.155316066836442,0.155316066836442,"social_isolation_avg"
"7763","ESYT2","Exc L4-5 RORB IL1RAPL2",0.0201392116308723,7.0142514362766,1.05083315855392,0.306813096132336,0.636943523446061,0.636943523446061,"social_isolation_avg"
"7764","WDR60","Exc L4-5 RORB IL1RAPL2",0.0615976469898425,7.35956518322547,8.7733811694441,0.00350730668598302,0.0529200556662557,0.0529200556662557,"social_isolation_avg"
"7765","VIPR2","Exc L4-5 RORB IL1RAPL2",0.0654777999176588,1.48750388561977,0.254589393622645,0.614533882831326,0.853783783810707,0.853783783810707,"social_isolation_avg"
"7766","PLCXD1","Exc L4-5 RORB IL1RAPL2",-0.0278639018849942,3.58123953036408,0.392914811032593,0.53163599892343,0.808558852883224,0.808558852883224,"social_isolation_avg"
"7767","GTPBP6","Exc L4-5 RORB IL1RAPL2",0.0327806586923264,4.32559913192094,0.905899631518383,0.342594364501186,0.665461458135152,0.665461458135152,"social_isolation_avg"
"7768","LINC00685","Exc L4-5 RORB IL1RAPL2",0.112579873980105,4.0443454875955,3.90292825474943,0.049866694094432,0.251699223665206,0.251699223665206,"social_isolation_avg"
"7769","PPP2R3B","Exc L4-5 RORB IL1RAPL2",0.0602330021100655,2.63172895428134,0.838713718004253,0.361099025342975,0.68098758044835,0.68098758044835,"social_isolation_avg"
"7770","AL732314.6","Exc L4-5 RORB IL1RAPL2",0.197899599268074,1.12569089758709,5.23595416305843,0.0233912971206136,0.162596154599239,0.162596154599239,"social_isolation_avg"
"7771","SHOX","Exc L4-5 RORB IL1RAPL2",-0.0267140100234444,-0.20370224166846,0.0444701101453217,0.892612544821741,0.975456782372777,0.975456782372777,"social_isolation_avg"
"7772","AL672277.1","Exc L4-5 RORB IL1RAPL2",0.0814264933823115,0.337864750962649,0.293779673849366,0.588538452706569,0.8402426668423,0.8402426668423,"social_isolation_avg"
"7773","CRLF2","Exc L4-5 RORB IL1RAPL2",0.042111726145901,0.314815491747799,0.126442930069821,0.722602387933427,0.909759598723767,0.909759598723767,"social_isolation_avg"
"7774","CSF2RA","Exc L4-5 RORB IL1RAPL2",0.0850432787828697,0.620826555994576,0.819580611964015,0.366620465091272,0.684909735496676,0.684909735496676,"social_isolation_avg"
"7775","IL3RA","Exc L4-5 RORB IL1RAPL2",0.0925992047465376,2.92230472077834,3.1094072100393,0.0796889723313691,0.323908710092768,0.323908710092768,"social_isolation_avg"
"7776","SLC25A6","Exc L4-5 RORB IL1RAPL2",-0.135268658432827,5.27618685227146,16.889786895447,6.2236870227343e-05,0.00420565650561271,0.00420565650561271,"social_isolation_avg"
"7777","LINC00106","Exc L4-5 RORB IL1RAPL2",0.0540307430937636,3.46562749168458,1.11647946815438,0.292219600348369,0.623502448383029,0.623502448383029,"social_isolation_avg"
"7778","ASMTL-AS1","Exc L4-5 RORB IL1RAPL2",0.0384032373482827,2.57131672054253,0.354741969336551,0.552255620660294,0.818207630393494,0.818207630393494,"social_isolation_avg"
"7779","ASMTL","Exc L4-5 RORB IL1RAPL2",-0.0442377161900982,3.88667873260201,2.07518088906607,0.151603647454903,0.449346615698697,0.449346615698697,"social_isolation_avg"
"7780","P2RY8","Exc L4-5 RORB IL1RAPL2",0.0616059801138204,0.548645548496411,0.457273235748079,0.599098395867368,0.845809636487575,0.845809636487575,"social_isolation_avg"
"7781","AKAP17A","Exc L4-5 RORB IL1RAPL2",0.0392625101932675,3.88296457106717,1.25912663707574,0.346485645237793,0.669241252757823,0.669241252757823,"social_isolation_avg"
"7782","ASMT","Exc L4-5 RORB IL1RAPL2",0.222917561181999,0.289532684158663,4.55709429523047,0.0342563920081577,0.202741693208117,0.202741693208117,"social_isolation_avg"
"7783","AL683807.1","Exc L4-5 RORB IL1RAPL2",-0.0570716977798292,-0.0638873325611975,0.231745911974468,0.642574555860079,0.86893604712897,0.86893604712897,"social_isolation_avg"
"7784","DHRSX","Exc L4-5 RORB IL1RAPL2",0.0222870901220231,6.2607532228281,0.915334899246752,0.340100034327195,0.663610678509318,0.663610678509318,"social_isolation_avg"
"7785","CD99","Exc L4-5 RORB IL1RAPL2",0.0262520033005162,0.609453181128996,0.0427390968838643,0.836471756900464,0.956943110968842,0.956943110968842,"social_isolation_avg"
"7786","XG","Exc L4-5 RORB IL1RAPL2",0.267961343361714,0.608494907462734,5.89857651365501,0.0162250696248233,0.130358616718167,0.130358616718167,"social_isolation_avg"
"7787","ARSD","Exc L4-5 RORB IL1RAPL2",-0.237608310188484,0.184511050400886,2.7865480642581,0.0969516142118043,0.360467968658194,0.360467968658194,"social_isolation_avg"
"7788","ARSE","Exc L4-5 RORB IL1RAPL2",0.146649618592733,1.35186763845723,2.62165731828441,0.107320678965503,0.379185535311615,0.379185535311615,"social_isolation_avg"
"7789","ARSF","Exc L4-5 RORB IL1RAPL2",0.269575722121243,0.716620593399683,7.35989609804103,0.00737583935566042,0.0831694019359063,0.0831694019359063,"social_isolation_avg"
"7790","MXRA5","Exc L4-5 RORB IL1RAPL2",0.0395063128272032,-0.0257763018064858,0.113934111805161,0.823319864179344,0.953233142795067,0.953233142795067,"social_isolation_avg"
"7791","PRKX","Exc L4-5 RORB IL1RAPL2",0.187843983783713,0.594021387508883,0.731819347865752,0.393532390738813,0.708538049782955,0.708538049782955,"social_isolation_avg"
"7792","BX890604.1","Exc L4-5 RORB IL1RAPL2",0.0145849394781787,2.49312299467884,0.0783473212291958,0.942854537881825,0.987984052456339,0.987984052456339,"social_isolation_avg"
"7793","FAM239A","Exc L4-5 RORB IL1RAPL2",-0.179252261305806,0.259914892039708,0.398119807425183,0.528933334361612,0.806696537598344,0.806696537598344,"social_isolation_avg"
"7794","FAM239B","Exc L4-5 RORB IL1RAPL2",0.433327008950418,-0.525313625092725,1.54204086689445,0.216073380322964,0.535752120179635,0.535752120179635,"social_isolation_avg"
"7795","AC110995.1","Exc L4-5 RORB IL1RAPL2",0.139698563311402,0.185147152355704,1.4116731841268,0.236483156816018,0.560133423074815,0.560133423074815,"social_isolation_avg"
"7796","NLGN4X","Exc L4-5 RORB IL1RAPL2",0.0103027618687228,7.49724241044381,0.355070178428593,0.552072010315799,0.818207630393494,0.818207630393494,"social_isolation_avg"
"7797","AC097347.1","Exc L4-5 RORB IL1RAPL2",0.0952241471780676,2.25662519254525,2.33713574541287,0.128233002240793,0.412144833599123,0.412144833599123,"social_isolation_avg"
"7798","PUDP","Exc L4-5 RORB IL1RAPL2",-0.0621985947862454,4.10393736993294,3.05195322219876,0.0824974149835687,0.33042624659274,0.33042624659274,"social_isolation_avg"
"7799","STS","Exc L4-5 RORB IL1RAPL2",-0.0158254746638739,4.69535844467891,0.260206343582623,0.610658885608162,0.852117185969555,0.852117185969555,"social_isolation_avg"
"7800","PNPLA4","Exc L4-5 RORB IL1RAPL2",-0.158960326131079,2.23937484015821,9.23373114623159,0.00276252378757194,0.045479249260089,0.045479249260089,"social_isolation_avg"
"7801","AC078960.1","Exc L4-5 RORB IL1RAPL2",0.0400042573807294,0.0879075611597726,0.130105527467494,0.718783184896999,0.908254499244371,0.908254499244371,"social_isolation_avg"
"7802","ANOS1","Exc L4-5 RORB IL1RAPL2",0.0763248070234322,2.56887662407643,1.38948154676419,0.240186682978742,0.56433146567714,0.56433146567714,"social_isolation_avg"
"7803","AC003684.1","Exc L4-5 RORB IL1RAPL2",-0.202561134238991,-0.227452149992407,1.22574752656336,0.269844166179651,0.599685396791776,0.599685396791776,"social_isolation_avg"
"7804","TBL1X","Exc L4-5 RORB IL1RAPL2",0.0653356248248616,4.67471898560102,1.70114790776759,0.193951120632558,0.50629941937692,0.50629941937692,"social_isolation_avg"
"7805","GPR143","Exc L4-5 RORB IL1RAPL2",-0.0928678024458149,0.247897942565225,0.708667335251952,0.401102852473725,0.714018370323043,0.714018370323043,"social_isolation_avg"
"7806","SHROOM2","Exc L4-5 RORB IL1RAPL2",-0.058696065439604,4.13386700560316,3.28466191615024,0.0717447013862204,0.307068740989825,0.307068740989825,"social_isolation_avg"
"7807","WWC3","Exc L4-5 RORB IL1RAPL2",0.00719618052642534,5.43719305133323,0.0865240884774687,0.769012506015368,0.931404335648312,0.931404335648312,"social_isolation_avg"
"7808","WWC3-AS1","Exc L4-5 RORB IL1RAPL2",0.0443422287374486,0.467073668723668,0.197548716149068,0.657288147547438,0.877427146840365,0.877427146840365,"social_isolation_avg"
"7809","CLCN4","Exc L4-5 RORB IL1RAPL2",-0.0362402776870688,6.33714777857525,3.57680718134074,0.0603409237611135,0.280036943459413,0.280036943459413,"social_isolation_avg"
"7810","AC003666.1","Exc L4-5 RORB IL1RAPL2",0.0284939889660592,0.941771021851968,0.0806402031536281,0.776787088435908,0.935377617278421,0.935377617278421,"social_isolation_avg"
"7811","MID1","Exc L4-5 RORB IL1RAPL2",0.00662181710520164,5.6051939522812,0.0346430946569593,0.852573736667783,0.96225087193795,0.96225087193795,"social_isolation_avg"
"7812","AC073529.1","Exc L4-5 RORB IL1RAPL2",-0.0244215545077332,3.05555458891829,0.166496712775938,0.683772286203455,0.890593751445967,0.890593751445967,"social_isolation_avg"
"7813","HCCS","Exc L4-5 RORB IL1RAPL2",-0.134353443280872,2.52648526484909,6.56856060256785,0.0112714122723861,0.105606115967692,0.105606115967692,"social_isolation_avg"
"7814","ARHGAP6","Exc L4-5 RORB IL1RAPL2",-0.476795752192864,-0.203037085162467,2.46596194026134,0.118248702736127,0.396772282103486,0.396772282103486,"social_isolation_avg"
"7815","AC004554.2","Exc L4-5 RORB IL1RAPL2",0.0226405089123822,0.16387330572055,0.0345677498322897,0.852732290048001,0.962279934394837,0.962279934394837,"social_isolation_avg"
"7816","MSL3","Exc L4-5 RORB IL1RAPL2",-0.0777086644841492,4.09606692848622,6.87785042560549,0.00954271427725583,0.0961948304954489,0.0961948304954489,"social_isolation_avg"
"7817","FRMPD4","Exc L4-5 RORB IL1RAPL2",0.0231692070424078,10.4823476427747,3.04165275037572,0.0830122187327453,0.33154542400119,0.33154542400119,"social_isolation_avg"
"7818","PRPS2","Exc L4-5 RORB IL1RAPL2",-0.0281223475643412,4.72735222426622,0.749287829735135,0.387956398744527,0.703673183301867,0.703673183301867,"social_isolation_avg"
"7819","TMSB4X","Exc L4-5 RORB IL1RAPL2",-0.176827813438943,6.73128913385295,18.1418172080956,3.43224911627784e-05,0.00300300006289513,0.00300300006289513,"social_isolation_avg"
"7820","TCEANC","Exc L4-5 RORB IL1RAPL2",-0.00283594829812972,2.32403390679346,0.00238832360003597,0.961081515425662,0.992176197847109,0.992176197847109,"social_isolation_avg"
"7821","RAB9A","Exc L4-5 RORB IL1RAPL2",-0.0051532340357658,3.44145351567326,0.0189257753183878,0.890746922141715,0.974706512053996,0.974706512053996,"social_isolation_avg"
"7822","TRAPPC2","Exc L4-5 RORB IL1RAPL2",0.00615571556378289,4.76547521781497,0.0658028625776892,0.797867799853408,0.94343951658597,0.94343951658597,"social_isolation_avg"
"7823","OFD1","Exc L4-5 RORB IL1RAPL2",0.0465616867333958,5.24975026984092,4.15439786446259,0.043120196436107,0.231783305899881,0.231783305899881,"social_isolation_avg"
"7824","GPM6B","Exc L4-5 RORB IL1RAPL2",0.00691176854813209,8.4738407937792,0.10233439459797,0.749450031533285,0.922598831922009,0.922598831922009,"social_isolation_avg"
"7825","GEMIN8","Exc L4-5 RORB IL1RAPL2",0.0558457661910359,3.61192433760061,1.7480002366889,0.187954940179575,0.497473350391809,0.497473350391809,"social_isolation_avg"
"7826","GLRA2","Exc L4-5 RORB IL1RAPL2",0.0243970735138392,1.34223616309502,0.0315597990309582,0.859214756356669,0.964243395716678,0.964243395716678,"social_isolation_avg"
"7827","FANCB","Exc L4-5 RORB IL1RAPL2",-0.0503998632410956,2.54834850639346,0.886423534975323,0.347822254940378,0.670245940088287,0.670245940088287,"social_isolation_avg"
"7828","MOSPD2","Exc L4-5 RORB IL1RAPL2",0.0349910528689766,4.0808774653162,1.78404602718018,0.183489470619405,0.490651110694208,0.490651110694208,"social_isolation_avg"
"7829","ASB9","Exc L4-5 RORB IL1RAPL2",-0.0627432378224227,-0.726027822809325,0.0714600535378923,0.789555926052947,0.940375607517616,0.940375607517616,"social_isolation_avg"
"7830","PIGA","Exc L4-5 RORB IL1RAPL2",0.0228322958407524,1.36445983339434,0.101829259579792,0.750048295490719,0.92297501294094,0.92297501294094,"social_isolation_avg"
"7831","VEGFD","Exc L4-5 RORB IL1RAPL2",0.029529600813765,4.3664541824615,0.745010889873904,0.389311052336766,0.704423297433677,0.704423297433677,"social_isolation_avg"
"7832","PIR","Exc L4-5 RORB IL1RAPL2",0.0200341815418569,5.77263545502624,0.432622314024657,0.511619930476605,0.795105862409193,0.795105862409193,"social_isolation_avg"
"7833","BMX","Exc L4-5 RORB IL1RAPL2",-0.0290975049226808,2.05934440807621,0.194455179704431,0.659810401102073,0.878740944552145,0.878740944552145,"social_isolation_avg"
"7834","CLTRN","Exc L4-5 RORB IL1RAPL2",0.0933705308015325,-0.379516757989838,0.297286606087763,0.586323445917566,0.839613304781711,0.839613304781711,"social_isolation_avg"
"7835","CA5B","Exc L4-5 RORB IL1RAPL2",0.0534598761547875,5.33935445389313,7.04033396556242,0.00874695533084162,0.0906855571588242,0.0906855571588242,"social_isolation_avg"
"7836","ZRSR2","Exc L4-5 RORB IL1RAPL2",0.0483960243579496,4.5974960071911,2.95619147449268,0.0874211192430198,0.340831025080322,0.340831025080322,"social_isolation_avg"
"7837","AP1S2","Exc L4-5 RORB IL1RAPL2",-0.063003271345495,4.22007319289715,2.57992366918456,0.110135537773124,0.383347040140781,0.383347040140781,"social_isolation_avg"
"7838","CTPS2","Exc L4-5 RORB IL1RAPL2",0.0604925523820852,4.32177596753082,3.87854456513863,0.0505782621465535,0.253507628629123,0.253507628629123,"social_isolation_avg"
"7839","SYAP1","Exc L4-5 RORB IL1RAPL2",-0.0167509698336343,4.41782012886579,0.376893935368831,0.540114225123782,0.812231575248533,0.812231575248533,"social_isolation_avg"
"7840","TXLNG","Exc L4-5 RORB IL1RAPL2",0.0270552935398682,5.51423014592163,1.72661489963414,0.190664409844389,0.501537786551603,0.501537786551603,"social_isolation_avg"
"7841","RBBP7","Exc L4-5 RORB IL1RAPL2",-0.0431777454295758,4.52099436097784,2.54087732209492,0.13730162318242,0.42742415469473,0.42742415469473,"social_isolation_avg"
"7842","REPS2","Exc L4-5 RORB IL1RAPL2",-0.0197770178453479,7.093600139691,1.25210223478651,0.264774773549579,0.595177649843577,0.595177649843577,"social_isolation_avg"
"7843","NHS","Exc L4-5 RORB IL1RAPL2",0.0736388168858727,5.16421855899797,3.37503774584021,0.0679867644057821,0.297945380556041,0.297945380556041,"social_isolation_avg"
"7844","SCML1","Exc L4-5 RORB IL1RAPL2",0.0834016023999369,3.59945029135564,3.55457204184541,0.0611362479978434,0.281283845716748,0.281283845716748,"social_isolation_avg"
"7845","RAI2","Exc L4-5 RORB IL1RAPL2",-0.0461797327583107,3.63256002740706,1.79566327322107,0.27105555091636,0.600543568956494,0.600543568956494,"social_isolation_avg"
"7846","LINC01456","Exc L4-5 RORB IL1RAPL2",-0.0915640433230003,-0.174966700977477,0.252264997078716,0.616153143109734,0.854693683277902,0.854693683277902,"social_isolation_avg"
"7847","SCML2","Exc L4-5 RORB IL1RAPL2",-0.00802743597513133,3.25419277232208,0.0394042906892879,0.842893798615646,0.960075361474402,0.960075361474402,"social_isolation_avg"
"7848","CDKL5","Exc L4-5 RORB IL1RAPL2",-0.00731116762677958,8.17009196569617,0.183736976232363,0.668739284395658,0.88310672604061,0.88310672604061,"social_isolation_avg"
"7849","PPEF1","Exc L4-5 RORB IL1RAPL2",-0.141841488132701,3.43511049559832,4.57083139717169,0.0339903517000059,0.201727449993279,0.201727449993279,"social_isolation_avg"
"7850","PHKA2","Exc L4-5 RORB IL1RAPL2",0.0819889492206922,4.71354590434118,13.0758334450391,0.000396920064284951,0.0131756570812905,0.0131756570812905,"social_isolation_avg"
"7851","ADGRG2","Exc L4-5 RORB IL1RAPL2",0.0260847820130491,1.71542483417126,0.136022246653826,0.834952417523315,0.956824497333631,0.956824497333631,"social_isolation_avg"
"7852","PDHA1","Exc L4-5 RORB IL1RAPL2",-0.0909332028914719,4.97599479319544,9.49118027007301,0.0024188938390624,0.0420660756699445,0.0420660756699445,"social_isolation_avg"
"7853","MAP3K15","Exc L4-5 RORB IL1RAPL2",0.0973872253669452,1.47316666292066,2.22768737628621,0.137462779973446,0.427840372702919,0.427840372702919,"social_isolation_avg"
"7854","SH3KBP1","Exc L4-5 RORB IL1RAPL2",0.020349492091185,7.00468533062758,1.20581426611707,0.273759634521936,0.603495985644827,0.603495985644827,"social_isolation_avg"
"7855","BCLAF3","Exc L4-5 RORB IL1RAPL2",0.0887330331227466,5.40753365744003,14.8658527874931,0.00016504881349917,0.00776837960253183,0.00776837960253183,"social_isolation_avg"
"7856","MAP7D2","Exc L4-5 RORB IL1RAPL2",-0.0268517090997296,6.51633269325707,2.87830047550328,0.0916630502109621,0.350445862404852,0.350445862404852,"social_isolation_avg"
"7857","EIF1AX","Exc L4-5 RORB IL1RAPL2",-0.073923329437351,6.55011242911513,9.20924755604069,0.00279771081138955,0.0457128551487925,0.0457128551487925,"social_isolation_avg"
"7858","RPS6KA3","Exc L4-5 RORB IL1RAPL2",0.0361645097714267,7.04675667434177,3.21004794702997,0.0750167079903297,0.313539017425453,0.313539017425453,"social_isolation_avg"
"7859","CNKSR2","Exc L4-5 RORB IL1RAPL2",0.0417761354800713,9.31464088811681,7.77233031011321,0.00592726517481297,0.0731093770356168,0.0731093770356168,"social_isolation_avg"
"7860","KLHL34","Exc L4-5 RORB IL1RAPL2",-0.0485616103018065,1.84077342870659,0.31272543204876,0.57676943388232,0.833948835281016,0.833948835281016,"social_isolation_avg"
"7861","SMPX","Exc L4-5 RORB IL1RAPL2",-0.351152086164764,-0.373073650957642,4.09959551050103,0.0445029383679783,0.235931660650187,0.235931660650187,"social_isolation_avg"
"7862","MBTPS2","Exc L4-5 RORB IL1RAPL2",0.0403812298551887,4.55735053027006,2.1560814170936,0.143906818512477,0.438307800087469,0.438307800087469,"social_isolation_avg"
"7863","SMS","Exc L4-5 RORB IL1RAPL2",-0.0130307445034275,6.09769568674071,0.362506798965795,0.547942288791576,0.815910290096978,0.815910290096978,"social_isolation_avg"
"7864","PHEX","Exc L4-5 RORB IL1RAPL2",0.135439526066277,1.53220395911852,3.82643676241465,0.0521354647295425,0.258121128837556,0.258121128837556,"social_isolation_avg"
"7865","PHEX-AS1","Exc L4-5 RORB IL1RAPL2",0.0451552255379638,1.53616975965589,0.361310711181202,0.548602587484552,0.816327124697127,0.816327124697127,"social_isolation_avg"
"7866","PTCHD1-AS","Exc L4-5 RORB IL1RAPL2",0.0350149855517996,7.22200758321136,0.825958526320738,0.364766945782456,0.683832769516081,0.683832769516081,"social_isolation_avg"
"7867","AC092832.2","Exc L4-5 RORB IL1RAPL2",0.0470072543042607,0.53514859886339,0.186100495479538,0.788626416875032,0.939943334405826,0.939943334405826,"social_isolation_avg"
"7868","AC004470.1","Exc L4-5 RORB IL1RAPL2",-0.16393493659387,1.58650133424718,2.91644600360301,0.0895581642755044,0.345199110773519,0.345199110773519,"social_isolation_avg"
"7869","PTCHD1","Exc L4-5 RORB IL1RAPL2",0.0219859721753718,5.46924856341503,0.535402536260293,0.4653804298124,0.761784160609086,0.761784160609086,"social_isolation_avg"
"7870","PRDX4","Exc L4-5 RORB IL1RAPL2",-0.0375678021326068,1.18554377238439,0.236433228619127,0.627438191878059,0.861458386802464,0.861458386802464,"social_isolation_avg"
"7871","ACOT9","Exc L4-5 RORB IL1RAPL2",0.0615767652780683,4.06339129324205,4.62563044477729,0.0329505842805396,0.198363985100888,0.198363985100888,"social_isolation_avg"
"7872","AC131011.1","Exc L4-5 RORB IL1RAPL2",0.00657008691153587,0.390465138141311,0.00609509239634599,0.937865942849907,0.987687886005049,0.987687886005049,"social_isolation_avg"
"7873","SAT1","Exc L4-5 RORB IL1RAPL2",0.0648574807902241,5.94684273275354,1.62528026429223,0.204146182645075,0.520923792559335,0.520923792559335,"social_isolation_avg"
"7874","APOO","Exc L4-5 RORB IL1RAPL2",-0.0537661636701839,6.31208751395329,3.32334348896941,0.0701094923838443,0.303369515846631,0.303369515846631,"social_isolation_avg"
"7875","CXorf58","Exc L4-5 RORB IL1RAPL2",0.0043992790418402,0.165395973422974,0.00157354824111077,0.969450682351428,0.994522682757068,0.994522682757068,"social_isolation_avg"
"7876","KLHL15","Exc L4-5 RORB IL1RAPL2",-0.0167342520769335,3.16550357650052,0.159564749793752,0.690073204942681,0.893676052256912,0.893676052256912,"social_isolation_avg"
"7877","EIF2S3","Exc L4-5 RORB IL1RAPL2",-0.0329305003161886,4.63681723567828,1.76633910340025,0.185667357963567,0.494094526023721,0.494094526023721,"social_isolation_avg"
"7878","ZFX-AS1","Exc L4-5 RORB IL1RAPL2",-0.0791509376147641,0.39015995519396,0.541650925705962,0.462792428243982,0.76007535994109,0.76007535994109,"social_isolation_avg"
"7879","ZFX","Exc L4-5 RORB IL1RAPL2",0.00345072935230934,5.23642415637117,0.0281821572300365,0.86688650406657,0.966778235497087,0.966778235497087,"social_isolation_avg"
"7880","PDK3","Exc L4-5 RORB IL1RAPL2",0.0737946777018098,6.13865381313393,10.0454159094886,0.00182006260407976,0.0352481110867892,0.0352481110867892,"social_isolation_avg"
"7881","PCYT1B","Exc L4-5 RORB IL1RAPL2",0.0719268922029746,3.65531595325808,3.53065267340086,0.0620044084921199,0.283052568192895,0.283052568192895,"social_isolation_avg"
"7882","POLA1","Exc L4-5 RORB IL1RAPL2",0.0836304905313566,5.73465263847375,14.2406086411184,0.000223870792800699,0.00928916506706586,0.00928916506706586,"social_isolation_avg"
"7883","AC112493.1","Exc L4-5 RORB IL1RAPL2",-0.537399140181188,2.66853328931842,8.09006937531357,0.00501348954328601,0.0655564862809362,0.0655564862809362,"social_isolation_avg"
"7884","AC107419.1","Exc L4-5 RORB IL1RAPL2",-0.452108304087879,1.52361056595238,7.2036571437932,0.00801604932867746,0.0868183568104787,0.0868183568104787,"social_isolation_avg"
"7885","DCAF8L2","Exc L4-5 RORB IL1RAPL2",0.0618434545232199,-0.292396423873003,0.22446307857992,0.636285278807615,0.866437838094198,0.866437838094198,"social_isolation_avg"
"7886","IL1RAPL1","Exc L4-5 RORB IL1RAPL2",0.000833885523762048,9.11851394189168,0.00108505665748415,0.973762018247659,0.99572295699374,0.99572295699374,"social_isolation_avg"
"7887","GK","Exc L4-5 RORB IL1RAPL2",0.0406422349320256,6.01835821158109,3.58833503282504,0.0599329668448791,0.278896130268558,0.278896130268558,"social_isolation_avg"
"7888","GK-AS1","Exc L4-5 RORB IL1RAPL2",-0.0753497119198771,2.02089562136097,0.871251591497706,0.351970501206526,0.6724230011032,0.6724230011032,"social_isolation_avg"
"7889","TAB3","Exc L4-5 RORB IL1RAPL2",0.0219431413562001,4.68316167078797,0.799059880380117,0.372674261591631,0.690836651667998,0.690836651667998,"social_isolation_avg"
"7890","DMD","Exc L4-5 RORB IL1RAPL2",0.028447203245194,10.4875643608594,3.49457858380894,0.063338895326357,0.285773297093735,0.285773297093735,"social_isolation_avg"
"7891","AL591501.1","Exc L4-5 RORB IL1RAPL2",-0.0536403827391663,5.81057094794203,2.78396764500968,0.0971051149137475,0.360531772456986,0.360531772456986,"social_isolation_avg"
"7892","AL592043.1","Exc L4-5 RORB IL1RAPL2",0.0270870413057666,2.19775654975932,0.15422982138188,0.695031494863991,0.896335864166618,0.896335864166618,"social_isolation_avg"
"7893","TMEM47","Exc L4-5 RORB IL1RAPL2",-0.162340394398573,1.85103074902974,4.85352584874384,0.0289729159447965,0.183835192015927,0.183835192015927,"social_isolation_avg"
"7894","CFAP47","Exc L4-5 RORB IL1RAPL2",0.127822565447815,1.86807205300847,1.79233506631926,0.182480218576943,0.489071684994218,0.489071684994218,"social_isolation_avg"
"7895","AL606516.1","Exc L4-5 RORB IL1RAPL2",0.124595703528205,0.00112445414361816,0.419395027934726,0.518137502713004,0.799538222959669,0.799538222959669,"social_isolation_avg"
"7896","AF241726.2","Exc L4-5 RORB IL1RAPL2",0.0863782011198419,5.3510201974754,5.86232950382571,0.0165505328044776,0.132081606889407,0.132081606889407,"social_isolation_avg"
"7897","DYNLT3","Exc L4-5 RORB IL1RAPL2",-0.106979433165151,5.48873352703578,10.1744559617527,0.00170392544756617,0.0338299825743962,0.0338299825743962,"social_isolation_avg"
"7898","SRPX","Exc L4-5 RORB IL1RAPL2",-0.0330059657437741,2.47313898631507,0.169541107515811,0.681053386492436,0.888581652587463,0.888581652587463,"social_isolation_avg"
"7899","RPGR","Exc L4-5 RORB IL1RAPL2",0.0423422210433883,4.84735207476107,2.3210886144053,0.129541550265007,0.4144497248164,0.4144497248164,"social_isolation_avg"
"7900","TSPAN7","Exc L4-5 RORB IL1RAPL2",-0.092106245908235,7.89940749784041,7.21870169685337,0.00795197781425349,0.0865725055561427,0.0865725055561427,"social_isolation_avg"
"7901","MID1IP1","Exc L4-5 RORB IL1RAPL2",-0.0196088174620549,2.67986751057367,0.0670636302347873,0.795983324280419,0.943052144191509,0.943052144191509,"social_isolation_avg"
"7902","BCOR","Exc L4-5 RORB IL1RAPL2",-0.0200788152621658,5.17850538380846,0.0785747939440766,0.779588681498301,0.936318841604764,0.936318841604764,"social_isolation_avg"
"7903","ATP6AP2","Exc L4-5 RORB IL1RAPL2",-0.0934406723526732,6.05100036912982,21.5929385833606,6.85298353896872e-06,0.00108054417950689,0.00108054417950689,"social_isolation_avg"
"7904","CXorf38","Exc L4-5 RORB IL1RAPL2",0.0919545715900152,4.10982595946323,3.67189480613132,0.05706291365131,0.271210095251554,0.271210095251554,"social_isolation_avg"
"7905","MED14","Exc L4-5 RORB IL1RAPL2",0.0212950852889519,5.13563232609387,0.832029674059544,0.368911180727258,0.687398935997887,0.687398935997887,"social_isolation_avg"
"7906","USP9X","Exc L4-5 RORB IL1RAPL2",-3.17151027729471e-05,6.72219464055619,4.60296278349657e-06,0.9982907656091,0.999716603438089,0.999716603438089,"social_isolation_avg"
"7907","DDX3X","Exc L4-5 RORB IL1RAPL2",-0.0294575104678282,5.98137428195153,2.21408472080405,0.138661366861899,0.430100282359672,0.430100282359672,"social_isolation_avg"
"7908","CASK","Exc L4-5 RORB IL1RAPL2",0.0239709445467657,7.24734036772784,2.64737597331884,0.105625728829356,0.376090405566473,0.376090405566473,"social_isolation_avg"
"7909","GPR34","Exc L4-5 RORB IL1RAPL2",0.0888759633261684,0.131052001540988,0.539940747739906,0.463498466364953,0.760454612464837,0.760454612464837,"social_isolation_avg"
"7910","GPR82","Exc L4-5 RORB IL1RAPL2",-0.0259149486631808,0.522544986893502,0.0692177531619093,0.893920689281912,0.975474727711369,0.975474727711369,"social_isolation_avg"
"7911","Z93403.1","Exc L4-5 RORB IL1RAPL2",0.201377349460031,0.832403005635017,5.50792651754821,0.0201156488316499,0.148791318038955,0.148791318038955,"social_isolation_avg"
"7912","MAOA","Exc L4-5 RORB IL1RAPL2",-0.0272087971708196,2.71276413194014,0.223723806187177,0.636841081712215,0.866571025320159,0.866571025320159,"social_isolation_avg"
"7913","MAOB","Exc L4-5 RORB IL1RAPL2",0.0172888826897928,6.34485134692109,0.669061696109949,0.414556461844979,0.723908804731658,0.723908804731658,"social_isolation_avg"
"7914","NDP","Exc L4-5 RORB IL1RAPL2",-0.0634609914825919,3.59128225490196,1.4028013291296,0.237955334735012,0.561928287435556,0.561928287435556,"social_isolation_avg"
"7915","NDP-AS1","Exc L4-5 RORB IL1RAPL2",-0.048185362581838,-0.253901736623063,0.094740990691868,0.758621830922546,0.926988765121204,0.926988765121204,"social_isolation_avg"
"7916","EFHC2","Exc L4-5 RORB IL1RAPL2",-0.0117190864325136,3.42127946764316,0.0500745379116768,0.823209952286793,0.953233142795067,0.953233142795067,"social_isolation_avg"
"7917","FUNDC1","Exc L4-5 RORB IL1RAPL2",-0.0334720126331919,3.47488502549935,0.809034270611135,0.369714372219588,0.687937231320831,0.687937231320831,"social_isolation_avg"
"7918","KDM6A","Exc L4-5 RORB IL1RAPL2",0.0421106827115107,6.74241679597964,4.3403855465732,0.0387574623446298,0.218559073654607,0.218559073654607,"social_isolation_avg"
"7919","AC136489.1","Exc L4-5 RORB IL1RAPL2",0.0922997132816371,1.09710585519441,0.723428843774424,0.396251847503307,0.710527834143388,0.710527834143388,"social_isolation_avg"
"7920","LINC01204","Exc L4-5 RORB IL1RAPL2",-0.0617828890108647,-0.279415776516292,0.13098284844334,0.717877397872564,0.907830386655981,0.907830386655981,"social_isolation_avg"
"7921","MIR222HG","Exc L4-5 RORB IL1RAPL2",-0.0526665063051886,5.09491347981809,2.5733297404452,0.110587728863381,0.384496585414192,0.384496585414192,"social_isolation_avg"
"7922","AC234772.2","Exc L4-5 RORB IL1RAPL2",-0.110102317519352,1.69101625888491,2.17861570045653,0.141842699473729,0.435416244916065,0.435416244916065,"social_isolation_avg"
"7923","KRBOX4","Exc L4-5 RORB IL1RAPL2",0.0233891922938755,4.88555357076694,0.777274501913807,0.379256182187449,0.697579643788309,0.697579643788309,"social_isolation_avg"
"7924","ZNF674","Exc L4-5 RORB IL1RAPL2",0.0515409607228815,3.5698693963181,2.01793134206814,0.157334323691916,0.457044715370331,0.457044715370331,"social_isolation_avg"
"7925","ZNF674-AS1","Exc L4-5 RORB IL1RAPL2",-0.0393769844542478,1.08042090390571,0.235770258494501,0.653505030371833,0.875210127382889,0.875210127382889,"social_isolation_avg"
"7926","CHST7","Exc L4-5 RORB IL1RAPL2",0.101981870779057,0.977656203634998,1.37828480322892,0.408282197389242,0.71890020566041,0.71890020566041,"social_isolation_avg"
"7927","SLC9A7","Exc L4-5 RORB IL1RAPL2",-0.0270760001792727,5.57390500320023,1.49005372632059,0.223946550279679,0.545206161415657,0.545206161415657,"social_isolation_avg"
"7928","RP2","Exc L4-5 RORB IL1RAPL2",-0.0298078375982012,2.01572657630128,0.224181879247498,0.636496558944737,0.866538450985276,0.866538450985276,"social_isolation_avg"
"7929","JADE3","Exc L4-5 RORB IL1RAPL2",-0.0401779903437574,3.20913820278281,0.71366800147411,0.39944987431735,0.712875322529869,0.712875322529869,"social_isolation_avg"
"7930","RGN","Exc L4-5 RORB IL1RAPL2",-0.0756381912381295,4.15122763862849,0.949216868120009,0.331342329168251,0.656611668432392,0.656611668432392,"social_isolation_avg"
"7931","NDUFB11","Exc L4-5 RORB IL1RAPL2",-0.169762602895982,3.92245319855671,9.45687705914856,0.00246202203892234,0.0425699079836601,0.0425699079836601,"social_isolation_avg"
"7932","RBM10","Exc L4-5 RORB IL1RAPL2",0.024751023904124,4.94238962035568,0.950004676243154,0.3311423237935,0.656484932836832,0.656484932836832,"social_isolation_avg"
"7933","UBA1","Exc L4-5 RORB IL1RAPL2",-0.0879349898268958,5.68903323344863,16.4870024041741,7.54676103719915e-05,0.00474759737465844,0.00474759737465844,"social_isolation_avg"
"7934","CDK16","Exc L4-5 RORB IL1RAPL2",-0.022806713838483,4.65262105632425,0.650567392584197,0.421068852399677,0.727849785881078,0.727849785881078,"social_isolation_avg"
"7935","USP11","Exc L4-5 RORB IL1RAPL2",-0.088308612904188,7.09118882082849,15.4767729078048,0.000122737854927543,0.00653491821564287,0.00653491821564287,"social_isolation_avg"
"7936","ZNF157","Exc L4-5 RORB IL1RAPL2",0.0664205014184668,2.1527996262245,1.56337662667997,0.794025203773579,0.942443216133168,0.942443216133168,"social_isolation_avg"
"7937","ZNF41","Exc L4-5 RORB IL1RAPL2",0.0453484598848472,3.96024922181251,2.14913313417044,0.144550134008563,0.439362744670846,0.439362744670846,"social_isolation_avg"
"7938","LINC01560","Exc L4-5 RORB IL1RAPL2",-0.0613984405169059,1.61335884004041,0.920522463874946,0.338739102714338,0.66239600960765,0.66239600960765,"social_isolation_avg"
"7939","ARAF","Exc L4-5 RORB IL1RAPL2",0.0198557658699137,2.71501540872715,0.165706082060763,0.684483126712722,0.890917736857058,0.890917736857058,"social_isolation_avg"
"7940","SYN1","Exc L4-5 RORB IL1RAPL2",-0.0462170887873197,7.46658839151688,3.2386916950869,0.0737418817789057,0.31109389978932,0.31109389978932,"social_isolation_avg"
"7941","TIMP1","Exc L4-5 RORB IL1RAPL2",-0.159565608789803,-0.584186077523538,0.396528053520624,0.529757209659996,0.807177980671346,0.807177980671346,"social_isolation_avg"
"7942","CFP","Exc L4-5 RORB IL1RAPL2",0.172805315887974,0.812174456600454,3.6230516041381,0.058722172201327,0.275133897037881,0.275133897037881,"social_isolation_avg"
"7943","ELK1","Exc L4-5 RORB IL1RAPL2",0.042833470061779,5.15558147125412,0.712947614765873,0.399687386471259,0.713023561076589,0.713023561076589,"social_isolation_avg"
"7944","UXT","Exc L4-5 RORB IL1RAPL2",-0.0508812277855315,2.22422894906443,0.963784517875256,0.327669925305647,0.653716011884031,0.653716011884031,"social_isolation_avg"
"7945","ZNF81","Exc L4-5 RORB IL1RAPL2",0.0299036016716877,4.83296897824677,1.40024976135858,0.238380807840479,0.562394422088491,0.562394422088491,"social_isolation_avg"
"7946","ZNF182","Exc L4-5 RORB IL1RAPL2",-0.020140421022779,2.85804416317484,0.239403225236672,0.625286107201684,0.860459990691459,0.860459990691459,"social_isolation_avg"
"7947","ZNF630","Exc L4-5 RORB IL1RAPL2",0.0562476285355484,4.1182260736407,2.88581779320464,0.0912439925030194,0.349479267641626,0.349479267641626,"social_isolation_avg"
"7948","FTSJ1","Exc L4-5 RORB IL1RAPL2",-0.0250260576762916,2.38974390281408,0.246671162337677,0.78728636923015,0.939315763970044,0.939315763970044,"social_isolation_avg"
"7949","AF196972.1","Exc L4-5 RORB IL1RAPL2",-0.213789916573857,-0.232388347937677,1.92456990411495,0.167221353899088,0.470961532254752,0.470961532254752,"social_isolation_avg"
"7950","PORCN","Exc L4-5 RORB IL1RAPL2",-0.0396676939768817,3.68772744567961,1.41086122855515,0.236617428004421,0.560189984393349,0.560189984393349,"social_isolation_avg"
"7951","EBP","Exc L4-5 RORB IL1RAPL2",-0.0845683430499177,3.609641979068,4.89637153979542,0.0282833049171979,0.181188330566032,0.181188330566032,"social_isolation_avg"
"7952","TBC1D25","Exc L4-5 RORB IL1RAPL2",-0.0296111802528272,4.02419395916783,0.905039660547107,0.342822940264651,0.665492238919407,0.665492238919407,"social_isolation_avg"
"7953","AC115618.1","Exc L4-5 RORB IL1RAPL2",-0.138067517321647,-0.0960436219551771,1.12154354908568,0.291131420557462,0.622429108290141,0.622429108290141,"social_isolation_avg"
"7954","RBM3","Exc L4-5 RORB IL1RAPL2",0.104734563585122,3.56598589223576,4.18467446317459,0.0423759083006374,0.229674752493945,0.229674752493945,"social_isolation_avg"
"7955","WDR13","Exc L4-5 RORB IL1RAPL2",-0.0447725312492845,4.58707385594819,3.03672432342314,0.0832597721564485,0.332038005442399,0.332038005442399,"social_isolation_avg"
"7956","WAS","Exc L4-5 RORB IL1RAPL2",-0.0272234201179372,0.666422018181641,0.0746981513469264,0.784956398808717,0.938293153466554,0.938293153466554,"social_isolation_avg"
"7957","SUV39H1","Exc L4-5 RORB IL1RAPL2",0.0370881857443652,0.982678562120654,0.175748345459506,0.929453716486118,0.984614174437816,0.984614174437816,"social_isolation_avg"
"7958","AC231533.1","Exc L4-5 RORB IL1RAPL2",-0.0711177017412162,3.88659269271121,5.07425020139145,0.0255995221804711,0.170853107293367,0.170853107293367,"social_isolation_avg"
"7959","HDAC6","Exc L4-5 RORB IL1RAPL2",0.0252334079392132,4.51729521649466,0.937245996466711,0.334401477760532,0.658878513038323,0.658878513038323,"social_isolation_avg"
"7960","ERAS","Exc L4-5 RORB IL1RAPL2",-0.203834099130597,-0.0144181826176809,3.3632036918852,0.0783208966970641,0.321875039344518,0.321875039344518,"social_isolation_avg"
"7961","PCSK1N","Exc L4-5 RORB IL1RAPL2",-0.139071430048107,6.99626964755556,10.5501058950637,0.00140717447151353,0.029420053232605,0.029420053232605,"social_isolation_avg"
"7962","TIMM17B","Exc L4-5 RORB IL1RAPL2",-0.098131051327209,2.91446587624743,4.61011354201948,0.0332415548269834,0.19922820997192,0.19922820997192,"social_isolation_avg"
"7963","PQBP1","Exc L4-5 RORB IL1RAPL2",-0.0418007023004275,2.86538753964071,0.994244039530643,0.388298072873814,0.703971223339115,0.703971223339115,"social_isolation_avg"
"7964","SLC35A2","Exc L4-5 RORB IL1RAPL2",0.0207431401691138,2.16316677741836,0.146074987586552,0.78343250598861,0.937767967529855,0.937767967529855,"social_isolation_avg"
"7965","PIM2","Exc L4-5 RORB IL1RAPL2",0.124549668043295,1.6922784241921,3.57484025786217,0.0604108281623866,0.280086566934701,0.280086566934701,"social_isolation_avg"
"7966","OTUD5","Exc L4-5 RORB IL1RAPL2",-0.0562950283589395,5.05340937935798,7.78710207922172,0.00588119456621696,0.0727307728022164,0.0727307728022164,"social_isolation_avg"
"7967","KCND1","Exc L4-5 RORB IL1RAPL2",-0.0994967103921621,0.323691318638534,1.16748774157247,0.281492001179604,0.612648301093572,0.612648301093572,"social_isolation_avg"
"7968","GRIPAP1","Exc L4-5 RORB IL1RAPL2",-0.0283000957948341,5.90164790050144,2.51303830160303,0.114819294707604,0.391138493984738,0.391138493984738,"social_isolation_avg"
"7969","TFE3","Exc L4-5 RORB IL1RAPL2",-0.0756909039562716,3.79368187369657,4.70004846114419,0.0315919612166355,0.194444746030554,0.194444746030554,"social_isolation_avg"
"7970","CCDC120","Exc L4-5 RORB IL1RAPL2",-0.022203820003078,3.27981219198022,0.328635757092058,0.567242582531917,0.827741250704845,0.827741250704845,"social_isolation_avg"
"7971","PRAF2","Exc L4-5 RORB IL1RAPL2",-0.146976351610273,3.12748795916416,10.1991309520014,0.00168259705213553,0.0335473327960553,0.0335473327960553,"social_isolation_avg"
"7972","WDR45","Exc L4-5 RORB IL1RAPL2",-0.0223872961172671,4.08883410780263,0.358240004073811,0.55030461173237,0.817100648088218,0.817100648088218,"social_isolation_avg"
"7973","GPKOW","Exc L4-5 RORB IL1RAPL2",-0.0122111884962619,2.59306774884111,0.0708261516199387,0.790469347873832,0.94065852396986,0.94065852396986,"social_isolation_avg"
"7974","MAGIX","Exc L4-5 RORB IL1RAPL2",-0.0101922909354986,1.76829966636894,0.0383331631818154,0.889492650177342,0.974640400394109,0.974640400394109,"social_isolation_avg"
"7975","PLP2","Exc L4-5 RORB IL1RAPL2",-0.00319987018325924,0.367602862745273,0.0010250772067657,0.974497258243658,0.996019795885146,0.996019795885146,"social_isolation_avg"
"7976","SYP","Exc L4-5 RORB IL1RAPL2",-0.0552074274679673,7.9607266485644,6.2640268441978,0.013292630825462,0.116010086646018,0.116010086646018,"social_isolation_avg"
"7977","CACNA1F","Exc L4-5 RORB IL1RAPL2",-0.113728301145019,1.32582514014449,3.11292009521462,0.0795206641282273,0.323908710092768,0.323908710092768,"social_isolation_avg"
"7978","CCDC22","Exc L4-5 RORB IL1RAPL2",-0.108220463888322,2.6629863804646,6.04793179923963,0.0439357745271601,0.234135939532997,0.234135939532997,"social_isolation_avg"
"7979","PPP1R3F","Exc L4-5 RORB IL1RAPL2",-0.0418489512798085,4.4240088555732,3.17728106495412,0.0765044116120224,0.317582266808047,0.317582266808047,"social_isolation_avg"
"7980","GAGE10","Exc L4-5 RORB IL1RAPL2",-0.0187090109923447,0.570078003349119,0.0297818586346546,0.863197244472922,0.965740698866505,0.965740698866505,"social_isolation_avg"
"7981","USP27X","Exc L4-5 RORB IL1RAPL2",-0.107985180965526,3.55374284082446,6.41966311235122,0.0122164800170416,0.110605880856354,0.110605880856354,"social_isolation_avg"
"7982","CLCN5","Exc L4-5 RORB IL1RAPL2",0.0812704613116621,4.08315115257825,6.21836692731387,0.0136266871165024,0.117365693152299,0.117365693152299,"social_isolation_avg"
"7983","CCNB3","Exc L4-5 RORB IL1RAPL2",0.258769682409634,0.78117657325984,7.74756461968985,0.00600534186158805,0.0735926640952768,0.0735926640952768,"social_isolation_avg"
"7984","DGKK","Exc L4-5 RORB IL1RAPL2",0.00946630285162896,0.769446866832155,0.00840141414906536,0.927079777810511,0.98417618971798,0.98417618971798,"social_isolation_avg"
"7985","LINC01284","Exc L4-5 RORB IL1RAPL2",0.0888967665718987,5.38165594150017,6.30517696615871,0.0129988576234781,0.114502507026922,0.114502507026922,"social_isolation_avg"
"7986","NUDT10","Exc L4-5 RORB IL1RAPL2",-0.023227995730902,2.6674148579893,0.221533245626287,0.63849462935133,0.86720544732868,0.86720544732868,"social_isolation_avg"
"7987","AC233976.1","Exc L4-5 RORB IL1RAPL2",-8.95507630145203e-05,1.75476942390738,5.87027295376611e-06,0.998069757177733,0.999716603438089,0.999716603438089,"social_isolation_avg"
"7988","AL158055.1","Exc L4-5 RORB IL1RAPL2",0.04622703752651,3.97424996098891,2.04720957346007,0.154373200966765,0.453766558255734,0.453766558255734,"social_isolation_avg"
"7989","NUDT11","Exc L4-5 RORB IL1RAPL2",-0.112664004738895,3.13111851834899,5.46312153803888,0.0206203867444015,0.151282798600551,0.151282798600551,"social_isolation_avg"
"7990","CENPVL3","Exc L4-5 RORB IL1RAPL2",-0.0716531482670805,-0.202423876317901,0.265600071195977,0.606987223559554,0.849812498018353,0.849812498018353,"social_isolation_avg"
"7991","GSPT2","Exc L4-5 RORB IL1RAPL2",-0.0849882640922419,3.2051915183033,4.47781838776047,0.0358352701694619,0.207796244828804,0.207796244828804,"social_isolation_avg"
"7992","MAGED1","Exc L4-5 RORB IL1RAPL2",-0.00890116483870681,6.87176139629397,0.276455163984963,0.599738762479451,0.846104135905244,0.846104135905244,"social_isolation_avg"
"7993","FAM156A","Exc L4-5 RORB IL1RAPL2",-0.0410846645143927,4.94710054822582,3.13519657569428,0.0784623145400142,0.321913602062419,0.321913602062419,"social_isolation_avg"
"7994","GPR173","Exc L4-5 RORB IL1RAPL2",0.0492171799516034,4.93659202485534,4.68477248443632,0.0318659533809491,0.195251199456262,0.195251199456262,"social_isolation_avg"
"7995","TSPYL2","Exc L4-5 RORB IL1RAPL2",-0.00496836193064259,6.53551245721321,0.0339206952770406,0.854101358563766,0.962659681614671,0.962659681614671,"social_isolation_avg"
"7996","KANTR","Exc L4-5 RORB IL1RAPL2",0.0446830006795425,7.11428684904617,6.25634356489578,0.013348242014733,0.116289195424096,0.116289195424096,"social_isolation_avg"
"7997","KDM5C","Exc L4-5 RORB IL1RAPL2",0.00162238405644841,5.45135862088524,0.00568441462072081,0.939991562174586,0.98787472417403,0.98787472417403,"social_isolation_avg"
"7998","IQSEC2","Exc L4-5 RORB IL1RAPL2",0.0236404704639732,6.52293116920894,1.7157269692014,0.192061497998319,0.503602494959285,0.503602494959285,"social_isolation_avg"
"7999","SMC1A","Exc L4-5 RORB IL1RAPL2",-0.0245750780867722,4.64968552241427,0.934626342461984,0.335075983202968,0.659520719669547,0.659520719669547,"social_isolation_avg"
"8000","HSD17B10","Exc L4-5 RORB IL1RAPL2",-0.0251095337789929,1.81419050463344,0.157385994064044,0.692086371244261,0.894857806093249,0.894857806093249,"social_isolation_avg"
"8001","HUWE1","Exc L4-5 RORB IL1RAPL2",-0.0266198231446918,6.72852103459077,3.88705412594694,0.0503287120574548,0.25292684218834,0.25292684218834,"social_isolation_avg"
"8002","PHF8","Exc L4-5 RORB IL1RAPL2",-0.00476657491930264,4.56725028448813,0.0258421274332976,0.872482769178833,0.969135051992058,0.969135051992058,"social_isolation_avg"
"8003","FAM120C","Exc L4-5 RORB IL1RAPL2",0.0156938063258983,4.57718065373248,0.418573612879825,0.518547047292059,0.799718651186587,0.799718651186587,"social_isolation_avg"
"8004","WNK3","Exc L4-5 RORB IL1RAPL2",-0.0255939345001426,4.33070343638212,0.86467201406911,0.353790548674036,0.674379447876693,0.674379447876693,"social_isolation_avg"
"8005","TSR2","Exc L4-5 RORB IL1RAPL2",-0.10618753144091,3.9921823372299,11.1050244732179,0.00106235014448776,0.0246391007244126,0.0246391007244126,"social_isolation_avg"
"8006","FGD1","Exc L4-5 RORB IL1RAPL2",0.0703723756134837,4.69111927085239,7.76217961337434,0.00595913904264155,0.0732637230837042,0.0732637230837042,"social_isolation_avg"
"8007","GNL3L","Exc L4-5 RORB IL1RAPL2",-0.0536344233209118,2.72448693187147,1.39726648209502,0.238879448458334,0.562759055808341,0.562759055808341,"social_isolation_avg"
"8008","ITIH6","Exc L4-5 RORB IL1RAPL2",0.230470696239,0.0100239852272844,3.82644400968853,0.0521352446238048,0.258121128837556,0.258121128837556,"social_isolation_avg"
"8009","MAGED2","Exc L4-5 RORB IL1RAPL2",-0.0729426632582693,4.46758859001222,5.14788841194572,0.024567991498724,0.166672989296291,0.166672989296291,"social_isolation_avg"
"8010","TRO","Exc L4-5 RORB IL1RAPL2",0.0571632697809969,4.49795202002719,3.23335683234067,0.0739775260743204,0.311674186339839,0.311674186339839,"social_isolation_avg"
"8011","PFKFB1","Exc L4-5 RORB IL1RAPL2",-0.023368577270755,0.679398650796646,0.0544218842105009,0.815828755800665,0.951591878420689,0.951591878420689,"social_isolation_avg"
"8012","APEX2","Exc L4-5 RORB IL1RAPL2",-0.0346763243652731,1.44696019811677,0.283906654288318,0.594867606961289,0.843296700385411,0.843296700385411,"social_isolation_avg"
"8013","FAM104B","Exc L4-5 RORB IL1RAPL2",-0.0881736940876216,3.16889096968316,6.10331924796771,0.014507662297392,0.121999768146201,0.121999768146201,"social_isolation_avg"
"8014","MTRNR2L10","Exc L4-5 RORB IL1RAPL2",-0.189584837737365,-0.542231263636599,1.09893269461514,0.296030805179329,0.626887690972627,0.626887690972627,"social_isolation_avg"
"8015","MAGEH1","Exc L4-5 RORB IL1RAPL2",-0.117942520414203,4.36326313431464,11.3852287921634,0.000922401936504975,0.0224906791760446,0.0224906791760446,"social_isolation_avg"
"8016","USP51","Exc L4-5 RORB IL1RAPL2",-0.0500046187557321,2.69436503398344,1.07851193965534,0.300547421282152,0.631440864853951,0.631440864853951,"social_isolation_avg"
"8017","RRAGB","Exc L4-5 RORB IL1RAPL2",-0.0244236692656615,5.26726021353217,1.26562979783866,0.262219039478973,0.591916779525369,0.591916779525369,"social_isolation_avg"
"8018","AL445472.1","Exc L4-5 RORB IL1RAPL2",0.017450693217394,2.73930254277953,0.0778276683836627,0.780611883692935,0.936823382681341,0.936823382681341,"social_isolation_avg"
"8019","KLF8","Exc L4-5 RORB IL1RAPL2",-0.0427167749748666,2.33714613618643,0.651405848551348,0.42077030611769,0.727666114802378,0.727666114802378,"social_isolation_avg"
"8020","UBQLN2","Exc L4-5 RORB IL1RAPL2",-0.0908540320343078,5.37739996736601,9.39673702699367,0.00253954782251562,0.0431480522543959,0.0431480522543959,"social_isolation_avg"
"8021","NBDY","Exc L4-5 RORB IL1RAPL2",-0.0120099119543293,5.71656309594781,0.142660294984069,0.706135057771257,0.902324760171909,0.902324760171909,"social_isolation_avg"
"8022","SPIN3","Exc L4-5 RORB IL1RAPL2",0.0568046929520897,5.55881211899019,6.41951715087317,0.0122174457475705,0.110605880856354,0.110605880856354,"social_isolation_avg"
"8023","SPIN2B","Exc L4-5 RORB IL1RAPL2",-0.0172545260171278,2.53600737119705,0.145345069475447,0.703513643283249,0.900757603406416,0.900757603406416,"social_isolation_avg"
"8024","AL022157.1","Exc L4-5 RORB IL1RAPL2",-0.0865874773834249,0.88185449567096,0.820418145800139,0.366376316680025,0.684594735127667,0.684594735127667,"social_isolation_avg"
"8025","SPIN2A","Exc L4-5 RORB IL1RAPL2",-0.280241548362324,-0.425731389706281,2.69678230240594,0.102452086051592,0.370859017411195,0.370859017411195,"social_isolation_avg"
"8026","FAAH2","Exc L4-5 RORB IL1RAPL2",0.0426208467989979,6.17392401613014,1.60929445228074,0.206374625011126,0.523644130325267,0.523644130325267,"social_isolation_avg"
"8027","ZXDB","Exc L4-5 RORB IL1RAPL2",-0.0683359601736732,2.24306877636127,1.84868522542066,0.17578817495083,0.482025569900286,0.482025569900286,"social_isolation_avg"
"8028","ZXDA","Exc L4-5 RORB IL1RAPL2",0.0781019286409894,0.871487515670001,0.87293687873441,0.351506383798545,0.672142727423171,0.672142727423171,"social_isolation_avg"
"8029","SPIN4","Exc L4-5 RORB IL1RAPL2",-0.0395106150869361,1.83993473553646,0.44637743137303,0.603579421311527,0.848147310833998,0.848147310833998,"social_isolation_avg"
"8030","ARHGEF9","Exc L4-5 RORB IL1RAPL2",-0.0302145183601017,7.21390193375732,4.51502651968983,0.0350848621816403,0.205015650814953,0.205015650814953,"social_isolation_avg"
"8031","AMER1","Exc L4-5 RORB IL1RAPL2",-0.1626099850794,1.22002269333885,5.07148190746197,0.0256391756360826,0.171057419679238,0.171057419679238,"social_isolation_avg"
"8032","MTMR8","Exc L4-5 RORB IL1RAPL2",0.0714136610361372,3.98301392690062,3.84047896918837,0.0517108477409536,0.256940107109478,0.256940107109478,"social_isolation_avg"
"8033","ZC4H2","Exc L4-5 RORB IL1RAPL2",0.0484827517072594,5.73504135066632,4.1890718583457,0.0422689467160992,0.229674752493945,0.229674752493945,"social_isolation_avg"
"8034","ZC3H12B","Exc L4-5 RORB IL1RAPL2",0.0438826028674596,5.71037563923001,4.10632445889506,0.0443306486735557,0.235215985292302,0.235215985292302,"social_isolation_avg"
"8035","LAS1L","Exc L4-5 RORB IL1RAPL2",0.012461369855314,4.55531296911909,0.199023097838882,0.668604089267503,0.88310672604061,0.88310672604061,"social_isolation_avg"
"8036","MSN","Exc L4-5 RORB IL1RAPL2",0.0872388814586668,1.38813516743607,1.26400490950411,0.262524392004561,0.592299652432429,0.592299652432429,"social_isolation_avg"
"8037","AR","Exc L4-5 RORB IL1RAPL2",0.00547938433596346,1.99565824086921,0.00404442597426198,0.949368914663512,0.988901159114652,0.988901159114652,"social_isolation_avg"
"8038","AL157700.1","Exc L4-5 RORB IL1RAPL2",0.230937145647022,1.07618781551977,8.36176237941352,0.00434762553603394,0.0603094234426047,0.0603094234426047,"social_isolation_avg"
"8039","OPHN1","Exc L4-5 RORB IL1RAPL2",0.0830328889458865,6.74908943407783,22.7470841439711,4.03427806894355e-06,0.000726976908023628,0.000726976908023628,"social_isolation_avg"
"8040","YIPF6","Exc L4-5 RORB IL1RAPL2",-0.0290152651541279,4.5208311733417,1.1780015032686,0.310418933133734,0.639947334258377,0.639947334258377,"social_isolation_avg"
"8041","EFNB1","Exc L4-5 RORB IL1RAPL2",-0.168201714086627,0.978489698028097,3.75146907567652,0.054466330244905,0.264788652251759,0.264788652251759,"social_isolation_avg"
"8042","PJA1","Exc L4-5 RORB IL1RAPL2",-0.0811139890540068,4.3376548086142,7.76559000230449,0.00594841052389156,0.0732629539398362,0.0732629539398362,"social_isolation_avg"
"8043","FAM155B","Exc L4-5 RORB IL1RAPL2",0.0329372018873914,0.766055034549142,0.125552835796611,0.723539935310731,0.91006041627328,0.91006041627328,"social_isolation_avg"
"8044","EDA","Exc L4-5 RORB IL1RAPL2",0.011721381881566,3.32965418499829,0.0318799874303925,0.858509957021736,0.964243395716678,0.964243395716678,"social_isolation_avg"
"8045","IGBP1","Exc L4-5 RORB IL1RAPL2",-0.00833083747515314,4.84097331371955,0.133338942491316,0.715461722162281,0.906943848411394,0.906943848411394,"social_isolation_avg"
"8046","PDZD11","Exc L4-5 RORB IL1RAPL2",-0.12619415498331,2.71336531236299,6.59487304165628,0.0111124519183933,0.104762681987005,0.104762681987005,"social_isolation_avg"
"8047","KIF4A","Exc L4-5 RORB IL1RAPL2",0.0968340359236708,1.56242540166561,2.42311381472277,0.138353292701185,0.42963772381407,0.42963772381407,"social_isolation_avg"
"8048","DLG3","Exc L4-5 RORB IL1RAPL2",-0.0901876737846997,5.00274257555615,13.826178579487,0.00027426459404469,0.0104966279725942,0.0104966279725942,"social_isolation_avg"
"8049","TEX11","Exc L4-5 RORB IL1RAPL2",0.0626327844683433,2.09638984180293,0.971855716694535,0.325658603816786,0.652662476731005,0.652662476731005,"social_isolation_avg"
"8050","SLC7A3","Exc L4-5 RORB IL1RAPL2",-0.0821724368655185,0.828515574739628,0.834283669238795,0.36236711029647,0.682146358959006,0.682146358959006,"social_isolation_avg"
"8051","SNX12","Exc L4-5 RORB IL1RAPL2",-0.117171231233343,3.9714406803353,13.3257112523886,0.000350842540706646,0.0121851329155598,0.0121851329155598,"social_isolation_avg"
"8052","FOXO4","Exc L4-5 RORB IL1RAPL2",-0.106738243045813,2.20769610841258,3.83688519651585,0.0518191655988831,0.257257750004156,0.257257750004156,"social_isolation_avg"
"8053","MED12","Exc L4-5 RORB IL1RAPL2",0.0431172007201687,3.19017596190133,1.32411352156517,0.251517027990495,0.578666547496127,0.578666547496127,"social_isolation_avg"
"8054","NLGN3","Exc L4-5 RORB IL1RAPL2",0.0207834235565383,4.37604819243398,0.657420266259917,0.418638040876619,0.7262398298733,0.7262398298733,"social_isolation_avg"
"8055","AL590764.1","Exc L4-5 RORB IL1RAPL2",0.305900367094059,-0.063162344316954,6.68425836448763,0.010589592363392,0.102105882157218,0.102105882157218,"social_isolation_avg"
"8056","ZMYM3","Exc L4-5 RORB IL1RAPL2",0.0110941941194564,4.91882902072366,0.117703994412534,0.731974086976436,0.914172268378775,0.914172268378775,"social_isolation_avg"
"8057","NONO","Exc L4-5 RORB IL1RAPL2",-0.0111165474151242,4.95246550346615,0.191500822774714,0.662241666461647,0.880058615755079,0.880058615755079,"social_isolation_avg"
"8058","TAF1","Exc L4-5 RORB IL1RAPL2",0.0445504660370752,5.99572084082534,8.53923146216312,0.00396246478113144,0.0567553339317093,0.0567553339317093,"social_isolation_avg"
"8059","OGT","Exc L4-5 RORB IL1RAPL2",-0.0593897317590634,6.40416379033443,8.17558406778304,0.00479328118030921,0.0638630359984734,0.0638630359984734,"social_isolation_avg"
"8060","GCNA","Exc L4-5 RORB IL1RAPL2",-0.0182421881200958,4.61928725830526,0.35396555986924,0.55269042715131,0.818395333552195,0.818395333552195,"social_isolation_avg"
"8061","NHSL2","Exc L4-5 RORB IL1RAPL2",-0.236809423327749,2.30625266419163,4.64781141759041,0.0325393056359196,0.197631905777349,0.197631905777349,"social_isolation_avg"
"8062","RTL5","Exc L4-5 RORB IL1RAPL2",-0.0580195069126037,2.93099868883531,1.29288085843173,0.25716333840882,0.585461187576081,0.585461187576081,"social_isolation_avg"
"8063","PIN4","Exc L4-5 RORB IL1RAPL2",0.0816893941814349,5.05086244931148,8.32243139077553,0.00443808045441485,0.0609074802304334,0.0609074802304334,"social_isolation_avg"
"8064","ERCC6L","Exc L4-5 RORB IL1RAPL2",0.00561710736237533,0.0793305106574582,0.00135679278278053,0.970661277760937,0.994985819254082,0.994985819254082,"social_isolation_avg"
"8065","RPS4X","Exc L4-5 RORB IL1RAPL2",-0.119740359206099,5.11608762242545,9.06732148783442,0.00301094723803352,0.0479143252235762,0.0479143252235762,"social_isolation_avg"
"8066","CITED1","Exc L4-5 RORB IL1RAPL2",-0.271097648729663,-0.176037968062654,3.52711435299054,0.0621339540515906,0.283217669142411,0.283217669142411,"social_isolation_avg"
"8067","HDAC8","Exc L4-5 RORB IL1RAPL2",0.0364283972490281,7.82745932617508,5.54449658713864,0.0197132522188249,0.147195913667082,0.147195913667082,"social_isolation_avg"
"8068","PHKA1","Exc L4-5 RORB IL1RAPL2",-0.0479605387759512,1.50086722141891,0.41193077743295,0.614449194861136,0.853783783810707,0.853783783810707,"social_isolation_avg"
"8069","PHKA1-AS1","Exc L4-5 RORB IL1RAPL2",0.151233439919211,0.576929036468729,1.64252177384018,0.201774649404711,0.516953557306196,0.516953557306196,"social_isolation_avg"
"8070","DMRTC1B","Exc L4-5 RORB IL1RAPL2",0.0678676512464524,1.22186859106328,0.618942104978838,0.432567156368574,0.737418070605441,0.737418070605441,"social_isolation_avg"
"8071","DMRTC1","Exc L4-5 RORB IL1RAPL2",0.162999703274777,0.721228480819588,3.88353411050037,0.0504317797897902,0.253243021603668,0.253243021603668,"social_isolation_avg"
"8072","PABPC1L2B","Exc L4-5 RORB IL1RAPL2",-0.0829496582802131,2.61756686807784,2.62323955514748,0.107215539481073,0.378898995614752,0.378898995614752,"social_isolation_avg"
"8073","PABPC1L2A","Exc L4-5 RORB IL1RAPL2",-0.0398767281061152,2.18048212049503,0.382367996290031,0.537189761125829,0.810815358762785,0.810815358762785,"social_isolation_avg"
"8074","NAP1L2","Exc L4-5 RORB IL1RAPL2",-0.0547879456833426,6.51353757862445,3.78086034478376,0.0535394965952808,0.262530705433327,0.262530705433327,"social_isolation_avg"
"8075","CHIC1","Exc L4-5 RORB IL1RAPL2",-0.0158804361598037,6.20749835162806,0.96410363861586,0.32759008726365,0.653716011884031,0.653716011884031,"social_isolation_avg"
"8076","TSIX","Exc L4-5 RORB IL1RAPL2",0.194270916055093,0.951942110579568,3.1173859378784,0.0793072559097529,0.323545081395343,0.323545081395343,"social_isolation_avg"
"8077","XIST","Exc L4-5 RORB IL1RAPL2",0.0547131701488196,8.82366346005483,0.83367877893444,0.362540737390325,0.682146358959006,0.682146358959006,"social_isolation_avg"
"8078","JPX","Exc L4-5 RORB IL1RAPL2",-0.030707800292677,6.96340907895889,2.02287093445341,0.156830216583378,0.456450473461637,0.456450473461637,"social_isolation_avg"
"8079","FTX","Exc L4-5 RORB IL1RAPL2",0.0538798054793843,10.3653225085542,9.52645312842218,0.00237535422982154,0.0416148864652346,0.0416148864652346,"social_isolation_avg"
"8080","SLC16A2","Exc L4-5 RORB IL1RAPL2",-0.0298315774366926,3.91569136608866,0.591549073519467,0.442918315521677,0.745062006399862,0.745062006399862,"social_isolation_avg"
"8081","RLIM","Exc L4-5 RORB IL1RAPL2",-0.0584838783643798,5.1639869756506,6.67731824286508,0.0106292601752511,0.102105882157218,0.102105882157218,"social_isolation_avg"
"8082","NEXMIF","Exc L4-5 RORB IL1RAPL2",0.0353842582627951,7.03506219118514,3.66445562713802,0.057312351809303,0.271917504659936,0.271917504659936,"social_isolation_avg"
"8083","ABCB7","Exc L4-5 RORB IL1RAPL2",0.0653303716849314,5.42018042667558,7.426802086513,0.00711806240210145,0.081279938871552,0.081279938871552,"social_isolation_avg"
"8084","UPRT","Exc L4-5 RORB IL1RAPL2",-0.0517582952400408,3.71595127128674,2.15590516093044,0.143923097177059,0.438307800087469,0.438307800087469,"social_isolation_avg"
"8085","ZDHHC15","Exc L4-5 RORB IL1RAPL2",0.040345742922036,4.58219410806853,2.03082122125195,0.156022735311281,0.455370287290254,0.455370287290254,"social_isolation_avg"
"8086","MAGEE2","Exc L4-5 RORB IL1RAPL2",-0.228077065648237,1.12746870244674,6.1821763406934,0.013897656595603,0.118693879740598,0.118693879740598,"social_isolation_avg"
"8087","PBDC1","Exc L4-5 RORB IL1RAPL2",-0.141050829822518,1.87629303816219,5.61067292788524,0.0190063116689527,0.144095504939073,0.144095504939073,"social_isolation_avg"
"8088","MAGEE1","Exc L4-5 RORB IL1RAPL2",-0.0832159036793968,4.54185630834845,7.21758315961847,0.0079567231588379,0.0865725055561427,0.0865725055561427,"social_isolation_avg"
"8089","AC233296.1","Exc L4-5 RORB IL1RAPL2",-0.0123537340687843,5.11535659086727,0.0378151017880747,0.84605367752262,0.961597389721097,0.961597389721097,"social_isolation_avg"
"8090","ATRX","Exc L4-5 RORB IL1RAPL2",0.027655137361242,8.18908211079317,4.67888627379236,0.031972196695398,0.195522279791088,0.195522279791088,"social_isolation_avg"
"8091","MAGT1","Exc L4-5 RORB IL1RAPL2",0.0794641017710416,2.91917738555028,2.96044260168957,0.105444456938464,0.375727790910108,0.375727790910108,"social_isolation_avg"
"8092","COX7B","Exc L4-5 RORB IL1RAPL2",-0.169595295505713,4.39820828819124,18.9711944366192,2.32148289848387e-05,0.00237696166027897,0.00237696166027897,"social_isolation_avg"
"8093","PGK1","Exc L4-5 RORB IL1RAPL2",-0.0905532421199793,5.87593409525203,10.1263699973175,0.00174628898513764,0.0343110424587635,0.0343110424587635,"social_isolation_avg"
"8094","TAF9B","Exc L4-5 RORB IL1RAPL2",-0.178355576963999,2.88114985735897,15.8373567367763,0.000103128344839769,0.00582475048571127,0.00582475048571127,"social_isolation_avg"
"8095","ITM2A","Exc L4-5 RORB IL1RAPL2",-0.172487001777319,2.07997751999691,6.98714203674777,0.00899961082245912,0.0926955015632819,0.0926955015632819,"social_isolation_avg"
"8096","TENT5D","Exc L4-5 RORB IL1RAPL2",0.11325280636594,0.621864606304167,1.33546019508825,0.249503818039408,0.575925550948353,0.575925550948353,"social_isolation_avg"
"8097","BRWD3","Exc L4-5 RORB IL1RAPL2",0.0580727673651351,5.56598849866252,5.22295773050598,0.0235611674589802,0.16324348485288,0.16324348485288,"social_isolation_avg"
"8098","HMGN5","Exc L4-5 RORB IL1RAPL2",0.194858763320581,3.80125076283803,12.4314019975284,0.000546430051683439,0.0158573665765373,0.0158573665765373,"social_isolation_avg"
"8099","SH3BGRL","Exc L4-5 RORB IL1RAPL2",0.0259860792994996,6.18448897261255,0.900617364563637,0.344001639339592,0.666685959023294,0.666685959023294,"social_isolation_avg"
"8100","RPS6KA6","Exc L4-5 RORB IL1RAPL2",-0.00538300554491877,5.67985736940739,0.0626053261268032,0.802735223820993,0.945063093922373,0.945063093922373,"social_isolation_avg"
"8101","HDX","Exc L4-5 RORB IL1RAPL2",0.0399344628015059,5.54185188356975,1.86718545098385,0.173653668977339,0.479123054772604,0.479123054772604,"social_isolation_avg"
"8102","APOOL","Exc L4-5 RORB IL1RAPL2",-0.0352367541693879,5.19394144152507,3.49518786102739,0.06331610157791,0.285773297093735,0.285773297093735,"social_isolation_avg"
"8103","SATL1","Exc L4-5 RORB IL1RAPL2",0.000147693662315208,4.33541795939127,9.76919853161274e-06,0.997509927555669,0.999683089770736,0.999683089770736,"social_isolation_avg"
"8104","ZNF711","Exc L4-5 RORB IL1RAPL2",-0.0396643388511378,4.3499245664318,1.68671289998455,0.20322444523337,0.519412363671565,0.519412363671565,"social_isolation_avg"
"8105","POF1B","Exc L4-5 RORB IL1RAPL2",0.0619996516500158,-0.180443646882809,0.221297491975313,0.638673183339966,0.86720544732868,0.86720544732868,"social_isolation_avg"
"8106","CHM","Exc L4-5 RORB IL1RAPL2",-0.012598841161504,6.55254183265858,0.610314768305691,0.435786775428685,0.739916351274993,0.739916351274993,"social_isolation_avg"
"8107","DACH2","Exc L4-5 RORB IL1RAPL2",-0.104901628676057,4.29213877797866,4.97138540637241,0.0271171616537546,0.177006867387309,0.177006867387309,"social_isolation_avg"
"8108","KLHL4","Exc L4-5 RORB IL1RAPL2",0.0531337727813382,6.28637713993409,3.69593553112574,0.0562647425255543,0.269310699045286,0.269310699045286,"social_isolation_avg"
"8109","PABPC5-AS1","Exc L4-5 RORB IL1RAPL2",0.06010157739608,0.455406073223012,0.258214976950055,0.612026601646874,0.852475530245459,0.852475530245459,"social_isolation_avg"
"8110","PABPC5","Exc L4-5 RORB IL1RAPL2",-0.117385695918075,1.50941025133924,3.34472317607004,0.0692230192340749,0.301096263661593,0.301096263661593,"social_isolation_avg"
"8111","PCDH11X","Exc L4-5 RORB IL1RAPL2",0.0187419221527344,7.61104413262153,0.265982893050665,0.606728425485996,0.849608387997375,0.849608387997375,"social_isolation_avg"
"8112","NAP1L3","Exc L4-5 RORB IL1RAPL2",-0.123382016568286,6.73049991776919,15.4077287161414,0.000126905813760738,0.0066331074645495,0.0066331074645495,"social_isolation_avg"
"8113","FAM133A","Exc L4-5 RORB IL1RAPL2",-0.0650004962623035,4.01306439369144,3.28457619911001,0.0717483704331172,0.307068740989825,0.307068740989825,"social_isolation_avg"
"8114","DIAPH2","Exc L4-5 RORB IL1RAPL2",0.00963383760336957,7.85172822821398,0.187366337999528,0.6656819431225,0.881966812255502,0.881966812255502,"social_isolation_avg"
"8115","DIAPH2-AS1","Exc L4-5 RORB IL1RAPL2",0.00777287637034332,3.18547118308176,0.0232124198697853,0.87909178774548,0.971919007001401,0.971919007001401,"social_isolation_avg"
"8116","AL157778.1","Exc L4-5 RORB IL1RAPL2",0.128365226618718,0.268829555457848,1.33477851033159,0.401415631368822,0.714235956472586,0.714235956472586,"social_isolation_avg"
"8117","PCDH19","Exc L4-5 RORB IL1RAPL2",-0.0297648853977934,6.0591409001088,1.46523288645356,0.227827359332735,0.549563951168441,0.549563951168441,"social_isolation_avg"
"8118","TSPAN6","Exc L4-5 RORB IL1RAPL2",-0.0240214106094812,0.487472321369979,0.0554730258489371,0.814091179209253,0.951004457727868,0.951004457727868,"social_isolation_avg"
"8119","CSTF2","Exc L4-5 RORB IL1RAPL2",0.0462606054806464,3.20968925828531,1.24754104611042,0.265643528996529,0.595879218985575,0.595879218985575,"social_isolation_avg"
"8120","NOX1","Exc L4-5 RORB IL1RAPL2",0.215824630090821,-0.130777902925345,2.58888575208616,0.109524230596897,0.382839085003491,0.382839085003491,"social_isolation_avg"
"8121","XKRX","Exc L4-5 RORB IL1RAPL2",0.0536620379763393,0.584962522429754,0.267950407891371,0.922840681015199,0.983585629113706,0.983585629113706,"social_isolation_avg"
"8122","TRMT2B","Exc L4-5 RORB IL1RAPL2",0.0549183123958179,3.60136909380965,2.17130365589223,0.142508772994782,0.436453301041482,0.436453301041482,"social_isolation_avg"
"8123","TMEM35A","Exc L4-5 RORB IL1RAPL2",-0.0535304165330274,4.78162890189893,2.62526216866006,0.107081303030187,0.378570726919087,0.378570726919087,"social_isolation_avg"
"8124","CENPI","Exc L4-5 RORB IL1RAPL2",0.0182416281037285,1.46143440813082,0.0509535701629762,0.821691075589134,0.952648090761153,0.952648090761153,"social_isolation_avg"
"8125","DRP2","Exc L4-5 RORB IL1RAPL2",-0.0715282909218987,5.37633074833254,8.5999957745039,0.0038388046438326,0.0558293794511581,0.0558293794511581,"social_isolation_avg"
"8126","TAF7L","Exc L4-5 RORB IL1RAPL2",0.0174519365750494,0.72333887632678,0.0354060734613492,0.850978095940397,0.961873912835597,0.961873912835597,"social_isolation_avg"
"8127","TIMM8A","Exc L4-5 RORB IL1RAPL2",-0.154628657454137,1.40321990668914,4.7663256364516,0.0304316308313285,0.189656418629633,0.189656418629633,"social_isolation_avg"
"8128","RPL36A-HNRNPH2","Exc L4-5 RORB IL1RAPL2",-0.170665438991579,0.0745646801133263,2.39938475151099,0.16699253656532,0.470931292211351,0.470931292211351,"social_isolation_avg"
"8129","GLA","Exc L4-5 RORB IL1RAPL2",-0.176812880838031,1.66620703170684,6.15830583176265,0.0140794424580583,0.119998707544559,0.119998707544559,"social_isolation_avg"
"8130","HNRNPH2","Exc L4-5 RORB IL1RAPL2",-0.0505711595838985,4.93601441010992,2.39796793891963,0.123405437315009,0.404427843024773,0.404427843024773,"social_isolation_avg"
"8131","ARMCX4","Exc L4-5 RORB IL1RAPL2",0.0227442866516456,6.09090573496997,1.0581671553808,0.305136468544949,0.635939119731827,0.635939119731827,"social_isolation_avg"
"8132","ARMCX1","Exc L4-5 RORB IL1RAPL2",-0.067451368781525,3.88780841594332,3.2190239746806,0.0746146677167021,0.312642960439159,0.312642960439159,"social_isolation_avg"
"8133","ARMCX6","Exc L4-5 RORB IL1RAPL2",0.00282342988532649,2.10658853260532,0.00284643335996925,0.957515892529941,0.990964806415906,0.990964806415906,"social_isolation_avg"
"8134","ARMCX3","Exc L4-5 RORB IL1RAPL2",-0.0705891058667231,5.41760892006386,7.85137391032525,0.00568499927350186,0.0708967051183434,0.0708967051183434,"social_isolation_avg"
"8135","ARMCX2","Exc L4-5 RORB IL1RAPL2",-0.0594778518720897,4.39620098717281,3.44395761781205,0.0652638918951727,0.290897078574455,0.290897078574455,"social_isolation_avg"
"8136","NXF5","Exc L4-5 RORB IL1RAPL2",0.287887571132079,1.86603885299543,13.2769812093199,0.000359379192445034,0.0123982804839823,0.0123982804839823,"social_isolation_avg"
"8137","ZMAT1","Exc L4-5 RORB IL1RAPL2",0.0499960310955918,5.16277730373972,2.55522142773311,0.111840174610044,0.386436804929994,0.386436804929994,"social_isolation_avg"
"8138","TCEAL2","Exc L4-5 RORB IL1RAPL2",-0.103708348880353,6.03509609396062,13.2749430889089,0.000359740816326106,0.0123982804839823,0.0123982804839823,"social_isolation_avg"
"8139","TCEAL6","Exc L4-5 RORB IL1RAPL2",-0.110925819067044,4.67107784959434,7.42118392329822,0.00713934588725851,0.0813520425252789,0.0813520425252789,"social_isolation_avg"
"8140","BEX5","Exc L4-5 RORB IL1RAPL2",-0.132993901634837,4.84481156526117,12.0220547286474,0.000670196421601969,0.0182195208234639,0.0182195208234639,"social_isolation_avg"
"8141","ARMCX5","Exc L4-5 RORB IL1RAPL2",-0.027646824099114,3.17304381909488,0.366268090489645,0.794330826461347,0.942657327323035,0.942657327323035,"social_isolation_avg"
"8142","AL035427.1","Exc L4-5 RORB IL1RAPL2",-0.0174600681970267,1.33126417020961,0.0454581864768376,0.831426482712689,0.95597801965982,0.95597801965982,"social_isolation_avg"
"8143","GPRASP1","Exc L4-5 RORB IL1RAPL2",-0.0395295725236504,6.21802887742995,2.20005155865094,0.139910289554357,0.432569511642181,0.432569511642181,"social_isolation_avg"
"8144","GPRASP2","Exc L4-5 RORB IL1RAPL2",-0.104547447262856,4.98484048636344,13.1237311857734,0.000387632568983425,0.0129812315712131,0.0129812315712131,"social_isolation_avg"
"8145","BHLHB9","Exc L4-5 RORB IL1RAPL2",0.0119485785561403,5.74287156872768,0.26509361630469,0.607329964242931,0.850010374542533,0.850010374542533,"social_isolation_avg"
"8146","LINC00630","Exc L4-5 RORB IL1RAPL2",0.0709216671923073,5.38568298094933,10.9012500792904,0.00117762034314832,0.0263068217280797,0.0263068217280797,"social_isolation_avg"
"8147","Z68871.1","Exc L4-5 RORB IL1RAPL2",-0.0140513328708109,3.49544894485519,0.209281603883624,0.647931775108107,0.87188088449047,0.87188088449047,"social_isolation_avg"
"8148","BEX1","Exc L4-5 RORB IL1RAPL2",-0.140771511690153,6.97005421047585,21.094697681091,8.62582454496061e-06,0.00120006783981764,0.00120006783981764,"social_isolation_avg"
"8149","BEX4","Exc L4-5 RORB IL1RAPL2",-0.107349080889703,6.60232229712659,15.6064777155572,0.000115280856568837,0.00623208310611132,0.00623208310611132,"social_isolation_avg"
"8150","TCEAL8","Exc L4-5 RORB IL1RAPL2",-0.126675987315993,3.87191869136565,10.9201914417921,0.00116638619118326,0.0262261334417254,0.0262261334417254,"social_isolation_avg"
"8151","TCEAL5","Exc L4-5 RORB IL1RAPL2",-0.102511337678749,4.32428471852992,6.7176540173456,0.0104008461022165,0.101179644781511,0.101179644781511,"social_isolation_avg"
"8152","BEX2","Exc L4-5 RORB IL1RAPL2",-0.0999188076495276,6.35412929595856,15.6219463595542,0.000114422865553421,0.00621988696861514,0.00621988696861514,"social_isolation_avg"
"8153","TCEAL7","Exc L4-5 RORB IL1RAPL2",-0.0915468251393223,4.98476186464093,6.6419326784773,0.0108339222053959,0.103392457802238,0.103392457802238,"social_isolation_avg"
"8154","TCEAL9","Exc L4-5 RORB IL1RAPL2",-0.0855196279787039,4.03681049620958,5.21018974003802,0.0237293107507924,0.163893604879508,0.163893604879508,"social_isolation_avg"
"8155","BEX3","Exc L4-5 RORB IL1RAPL2",-0.125204940336258,7.28051770556984,14.3462396838755,0.000212607430963309,0.00901960807456677,0.00901960807456677,"social_isolation_avg"
"8156","RAB40A","Exc L4-5 RORB IL1RAPL2",0.0770544900544723,3.12815501044358,3.35866772601749,0.068651359976879,0.299721213801908,0.299721213801908,"social_isolation_avg"
"8157","TCEAL4","Exc L4-5 RORB IL1RAPL2",-0.0855217931062812,5.17540420078936,6.75303758352876,0.010204663774819,0.0999546731584631,0.0999546731584631,"social_isolation_avg"
"8158","TCEAL3","Exc L4-5 RORB IL1RAPL2",-0.0704004169818653,4.90675743591641,3.78979367475254,0.0532611435494772,0.261676534291475,0.261676534291475,"social_isolation_avg"
"8159","TCEAL1","Exc L4-5 RORB IL1RAPL2",-0.0451748416133396,5.04046787480796,1.85498274914283,0.175058182236704,0.481359724181143,0.481359724181143,"social_isolation_avg"
"8160","MORF4L2","Exc L4-5 RORB IL1RAPL2",-0.0292789753489065,7.21462446022789,2.68035395919613,0.103495526034492,0.372501207551573,0.372501207551573,"social_isolation_avg"
"8161","MORF4L2-AS1","Exc L4-5 RORB IL1RAPL2",-0.110068089901773,0.218225696938853,0.885089500527966,0.39029879004052,0.705064293140794,0.705064293140794,"social_isolation_avg"
"8162","GLRA4","Exc L4-5 RORB IL1RAPL2",0.132003814670919,0.929481731201312,1.92451904900593,0.167226931081134,0.470961532254752,0.470961532254752,"social_isolation_avg"
"8163","RAB9B","Exc L4-5 RORB IL1RAPL2",-0.0301808604497162,5.28949358505365,1.98335494618257,0.16091548954755,0.462928687506339,0.462928687506339,"social_isolation_avg"
"8164","TMSB15B-AS1","Exc L4-5 RORB IL1RAPL2",-0.0160037542235569,-0.216150510889179,0.0113332668443764,0.915348212073781,0.982042612874122,0.982042612874122,"social_isolation_avg"
"8165","TMSB15B","Exc L4-5 RORB IL1RAPL2",0.02270332081188,1.82664408751893,0.107466643230265,0.743461813511442,0.9201287790235,0.9201287790235,"social_isolation_avg"
"8166","TMSB15B-1","Exc L4-5 RORB IL1RAPL2",0.150724313765019,3.49714318806275,12.7967912709038,0.00045572875003122,0.0143428941221591,0.0143428941221591,"social_isolation_avg"
"8167","SLC25A53","Exc L4-5 RORB IL1RAPL2",-0.0496246625694685,4.7482211153337,3.10229283182003,0.0800310220171432,0.324810589357865,0.324810589357865,"social_isolation_avg"
"8168","ZCCHC18","Exc L4-5 RORB IL1RAPL2",0.00313436392631866,2.18253391233835,0.0028715767616865,0.957328847454442,0.990964806415906,0.990964806415906,"social_isolation_avg"
"8169","FAM199X","Exc L4-5 RORB IL1RAPL2",-0.0559428238996757,5.25017169630669,6.35391219488173,0.0126596360791815,0.112880760722994,0.112880760722994,"social_isolation_avg"
"8170","IL1RAPL2","Exc L4-5 RORB IL1RAPL2",0.00731236636585394,9.30455400512716,0.0417765403948956,0.838297764844656,0.957931634776285,0.957931634776285,"social_isolation_avg"
"8171","NRK","Exc L4-5 RORB IL1RAPL2",-0.0185726024788511,1.23682763524008,0.0300898609535438,0.86249873292381,0.965641332878782,0.965641332878782,"social_isolation_avg"
"8172","MUM1L1","Exc L4-5 RORB IL1RAPL2",-0.0784862307537129,5.11330575398077,6.52614510516538,0.0115326380433627,0.107014346623144,0.107014346623144,"social_isolation_avg"
"8173","CXorf57","Exc L4-5 RORB IL1RAPL2",-0.0561735446024921,0.400440673749925,0.229573603152193,0.632473429945725,0.864273210099576,0.864273210099576,"social_isolation_avg"
"8174","RNF128","Exc L4-5 RORB IL1RAPL2",0.0610094338057175,4.15917421694913,2.4439915918128,0.119888154655237,0.398570806785201,0.398570806785201,"social_isolation_avg"
"8175","TBC1D8B","Exc L4-5 RORB IL1RAPL2",-0.0570659459488725,2.81148425239276,1.72953401729,0.190291875178828,0.50097572982588,0.50097572982588,"social_isolation_avg"
"8176","MORC4","Exc L4-5 RORB IL1RAPL2",0.0408629844420459,3.6224619792007,1.05379733787775,0.306134011487701,0.636453316268409,0.636453316268409,"social_isolation_avg"
"8177","RBM41","Exc L4-5 RORB IL1RAPL2",0.0327744865627867,5.60538140332568,2.03061324809218,0.156043797640314,0.455370287290254,0.455370287290254,"social_isolation_avg"
"8178","NUP62CL","Exc L4-5 RORB IL1RAPL2",-0.0607828053915076,-0.0916792416258132,0.215268545189974,0.643279373789804,0.869274089311824,0.869274089311824,"social_isolation_avg"
"8179","FRMPD3","Exc L4-5 RORB IL1RAPL2",0.0653150760908944,3.21404895457913,2.08579547074101,0.150567537174409,0.447797606236559,0.447797606236559,"social_isolation_avg"
"8180","PRPS1","Exc L4-5 RORB IL1RAPL2",-0.105076900144359,3.79358254461151,7.347983731353,0.00742273741230029,0.0834698492909364,0.0834698492909364,"social_isolation_avg"
"8181","TSC22D3","Exc L4-5 RORB IL1RAPL2",-0.0399539410175162,5.29125656425621,1.41537750746118,0.235871759715813,0.559474685418439,0.559474685418439,"social_isolation_avg"
"8182","MID2","Exc L4-5 RORB IL1RAPL2",0.0231107667301935,4.446521956952,0.670851843135566,0.413934082564571,0.723424557432989,0.723424557432989,"social_isolation_avg"
"8183","AL034399.2","Exc L4-5 RORB IL1RAPL2",-0.0244787011871981,3.16007789895161,0.236773681687735,0.627190650203503,0.861458386802464,0.861458386802464,"social_isolation_avg"
"8184","VSIG1","Exc L4-5 RORB IL1RAPL2",0.115111281788741,1.70887700842238,2.28206546307385,0.132786763344711,0.419092301792375,0.419092301792375,"social_isolation_avg"
"8185","PSMD10","Exc L4-5 RORB IL1RAPL2",-0.0144558024286425,3.74464958490677,0.147886826787568,0.701057319820556,0.899546015755103,0.899546015755103,"social_isolation_avg"
"8186","ATG4A","Exc L4-5 RORB IL1RAPL2",0.0124707152758949,3.13175443035431,0.0944390516703272,0.758994730290225,0.927125861071469,0.927125861071469,"social_isolation_avg"
"8187","COL4A6","Exc L4-5 RORB IL1RAPL2",-0.106514470893383,-0.250553045137173,0.623323933298336,0.430945800521816,0.736336093962464,0.736336093962464,"social_isolation_avg"
"8188","AL035425.2","Exc L4-5 RORB IL1RAPL2",-0.0153047227671686,0.732289432719936,0.0192844261259046,0.889723200827375,0.974706512053996,0.974706512053996,"social_isolation_avg"
"8189","AL035425.1","Exc L4-5 RORB IL1RAPL2",-0.170721712338424,-0.217947892552125,1.37732494196581,0.242245567218483,0.566689458953264,0.566689458953264,"social_isolation_avg"
"8190","NXT2","Exc L4-5 RORB IL1RAPL2",-0.314804914006295,-0.111572365414233,5.51085808235024,0.0200830773798756,0.1487830489838,0.1487830489838,"social_isolation_avg"
"8191","ACSL4","Exc L4-5 RORB IL1RAPL2",0.00215407727224759,6.36308872656924,0.0137317144571882,0.906857775550192,0.979320338732308,0.979320338732308,"social_isolation_avg"
"8192","TMEM164","Exc L4-5 RORB IL1RAPL2",-0.0234021447158622,4.95066184938996,0.700168822831944,0.403935048323301,0.715915752075075,0.715915752075075,"social_isolation_avg"
"8193","AMMECR1","Exc L4-5 RORB IL1RAPL2",0.0533384374463012,7.1428439995504,7.21529711804533,0.00796643069456986,0.086578308542192,0.086578308542192,"social_isolation_avg"
"8194","RTL9","Exc L4-5 RORB IL1RAPL2",-0.0737238637579194,1.67091826090895,1.08169617510167,0.299837299382196,0.630778468046534,0.630778468046534,"social_isolation_avg"
"8195","PAK3","Exc L4-5 RORB IL1RAPL2",0.0335171765886254,8.77606602136808,6.08796595816284,0.0146296322900157,0.122592928130307,0.122592928130307,"social_isolation_avg"
"8196","DCX","Exc L4-5 RORB IL1RAPL2",-0.038618283756967,4.39564041457626,0.507168539083887,0.477371109629152,0.770615901121958,0.770615901121958,"social_isolation_avg"
"8197","ALG13","Exc L4-5 RORB IL1RAPL2",-0.0093092727407454,5.78250073127868,0.238972867476717,0.625596919155417,0.860470272376116,0.860470272376116,"social_isolation_avg"
"8198","ALG13-AS1","Exc L4-5 RORB IL1RAPL2",-0.226181405734066,0.713417706833623,4.40193284832031,0.0374187988423763,0.213419659662242,0.213419659662242,"social_isolation_avg"
"8199","TRPC5","Exc L4-5 RORB IL1RAPL2",-0.478622394829586,0.630806893703324,3.41140105957784,0.0665351816125458,0.293863718788744,0.293863718788744,"social_isolation_avg"
"8200","TRPC5OS","Exc L4-5 RORB IL1RAPL2",-0.0738020814246729,-1.13051918236603,0.314733326134293,0.62463484260688,0.859968871868133,0.859968871868133,"social_isolation_avg"
"8201","AMOT","Exc L4-5 RORB IL1RAPL2",-0.0978065181993676,1.83969263820288,2.11401595319539,0.14785191484916,0.444260136709696,0.444260136709696,"social_isolation_avg"
"8202","LRCH2","Exc L4-5 RORB IL1RAPL2",0.00744165687156223,5.18684388474766,0.0900574039868883,0.764481254062651,0.929491698246975,0.929491698246975,"social_isolation_avg"
"8203","PLS3-AS1","Exc L4-5 RORB IL1RAPL2",-0.0343428003756934,2.57053483015574,0.256498849383112,0.613210615799494,0.853477732131527,0.853477732131527,"social_isolation_avg"
"8204","PLS3","Exc L4-5 RORB IL1RAPL2",-0.000569882964798511,4.54206745597095,0.000192148445229735,0.98895698476815,0.998787747693845,0.998787747693845,"social_isolation_avg"
"8205","DANT2","Exc L4-5 RORB IL1RAPL2",0.0326832117643341,8.87071584693761,2.53016142754129,0.1135994917989,0.389034567299003,0.389034567299003,"social_isolation_avg"
"8206","KLHL13","Exc L4-5 RORB IL1RAPL2",0.0202871636429206,3.89092173685782,0.135451881688514,0.713315851858169,0.905910701135506,0.905910701135506,"social_isolation_avg"
"8207","WDR44","Exc L4-5 RORB IL1RAPL2",0.0334474561229995,5.56078362708912,3.22875524091902,0.074181436697341,0.31200561524222,0.31200561524222,"social_isolation_avg"
"8208","DOCK11","Exc L4-5 RORB IL1RAPL2",0.0741347519719266,2.64172706012885,0.892060346557048,0.346298083379801,0.669085040747987,0.669085040747987,"social_isolation_avg"
"8209","ZCCHC12","Exc L4-5 RORB IL1RAPL2",-0.136124459581293,1.09986390826617,1.8483909300089,0.175822375301456,0.482025569900286,0.482025569900286,"social_isolation_avg"
"8210","LINC01285","Exc L4-5 RORB IL1RAPL2",0.0327394789011532,2.20061032856179,0.276951461938619,0.787483061090848,0.939315763970044,0.939315763970044,"social_isolation_avg"
"8211","LONRF3","Exc L4-5 RORB IL1RAPL2",-0.86689247485317,-1.22995180549558,11.2336027249666,0.00352505987441974,0.0531413618810032,0.0531413618810032,"social_isolation_avg"
"8212","PGRMC1","Exc L4-5 RORB IL1RAPL2",-0.0475479838230161,6.32664624285307,2.34866506867176,0.127302016991872,0.41064815858142,0.41064815858142,"social_isolation_avg"
"8213","AC004835.1","Exc L4-5 RORB IL1RAPL2",0.0955361754841442,-0.0418793217189633,0.613709176916434,0.434515662200533,0.739108613234777,0.739108613234777,"social_isolation_avg"
"8214","SLC25A43","Exc L4-5 RORB IL1RAPL2",0.0198332746292143,4.41202988053023,0.18509424648933,0.667591774581829,0.883067130004296,0.883067130004296,"social_isolation_avg"
"8215","SLC25A5","Exc L4-5 RORB IL1RAPL2",-0.139141753859765,4.19418781374954,10.4863649446311,0.00145352394598188,0.0301228111521612,0.0301228111521612,"social_isolation_avg"
"8216","CXorf56","Exc L4-5 RORB IL1RAPL2",0.00721314172686217,3.72445548006447,0.0379438165799727,0.845795210147977,0.961597389721097,0.961597389721097,"social_isolation_avg"
"8217","UBE2A","Exc L4-5 RORB IL1RAPL2",-0.133118845008763,3.57499071774872,9.71542515735674,0.00215540632946259,0.039289444277227,0.039289444277227,"social_isolation_avg"
"8218","NKRF","Exc L4-5 RORB IL1RAPL2",-0.0665428239955598,4.82903015744216,7.1686253662246,0.00816731851780138,0.087554579986017,0.087554579986017,"social_isolation_avg"
"8219","SEPT6","Exc L4-5 RORB IL1RAPL2",0.0633838409032688,5.90655918710233,8.63285373414711,0.00377359622448025,0.0554166595866411,0.0554166595866411,"social_isolation_avg"
"8220","RPL39","Exc L4-5 RORB IL1RAPL2",-0.0701690220173883,0.78585025488767,0.494548217228129,0.482894756185181,0.775372863914549,0.775372863914549,"social_isolation_avg"
"8221","UPF3B","Exc L4-5 RORB IL1RAPL2",0.0809304148131391,5.38871599290525,9.64396268448443,0.00223601692527837,0.0400186648624216,0.0400186648624216,"social_isolation_avg"
"8222","RNF113A","Exc L4-5 RORB IL1RAPL2",-0.000149932448569967,2.02035489930031,4.13739267506358e-06,0.998379510224127,0.999716603438089,0.999716603438089,"social_isolation_avg"
"8223","NDUFA1","Exc L4-5 RORB IL1RAPL2",-0.16288215313214,4.18683199935741,15.9714371698931,9.66777504008642e-05,0.00559400524567202,0.00559400524567202,"social_isolation_avg"
"8224","AKAP14","Exc L4-5 RORB IL1RAPL2",0.0141118369793276,0.345322988678891,0.0200541677678539,0.929151513628232,0.984597165336141,0.984597165336141,"social_isolation_avg"
"8225","NKAP","Exc L4-5 RORB IL1RAPL2",-0.00177137855227201,4.02505093233781,0.00184393865403098,0.96580030751173,0.993640457161603,0.993640457161603,"social_isolation_avg"
"8226","RHOXF1-AS1","Exc L4-5 RORB IL1RAPL2",0.0772780130234452,4.64352978514333,6.55678832602379,0.0113432934173754,0.105988372716128,0.105988372716128,"social_isolation_avg"
"8227","RHOXF1","Exc L4-5 RORB IL1RAPL2",0.122399411693345,1.35031673060873,1.22310365832748,0.270359422919519,0.599984827710558,0.599984827710558,"social_isolation_avg"
"8228","LINC01402","Exc L4-5 RORB IL1RAPL2",0.0574760020957255,0.063524695125293,0.160625750866218,0.689098612891334,0.893165834670293,0.893165834670293,"social_isolation_avg"
"8229","ZBTB33","Exc L4-5 RORB IL1RAPL2",-0.0308257743165041,3.17579790314441,0.613973249563252,0.434417012290163,0.739108613234777,0.739108613234777,"social_isolation_avg"
"8230","LAMP2","Exc L4-5 RORB IL1RAPL2",0.036155416069029,4.46408453840364,1.22893961123306,0.269223713455472,0.599221489506057,0.599221489506057,"social_isolation_avg"
"8231","CUL4B","Exc L4-5 RORB IL1RAPL2",0.00782508668603481,4.73337199920845,0.107745051721413,0.743141542342875,0.920040641410033,0.920040641410033,"social_isolation_avg"
"8232","MCTS1","Exc L4-5 RORB IL1RAPL2",0.00661339609877668,4.93842654050176,0.0709434490199811,0.790299998788349,0.940516150517287,0.940516150517287,"social_isolation_avg"
"8233","C1GALT1C1","Exc L4-5 RORB IL1RAPL2",-0.0768551913329189,2.10806511565699,2.1789338890089,0.141813795065046,0.435416244916065,0.435416244916065,"social_isolation_avg"
"8234","GLUD2","Exc L4-5 RORB IL1RAPL2",-0.0233115473734783,1.33617721998477,0.0763305033912068,0.782678334963097,0.937472191763777,0.937472191763777,"social_isolation_avg"
"8235","AL359851.1","Exc L4-5 RORB IL1RAPL2",-0.0784275867378111,2.95669842486257,2.3631193201588,0.126145542160686,0.409399623194225,0.409399623194225,"social_isolation_avg"
"8236","GRIA3","Exc L4-5 RORB IL1RAPL2",0.0182795547572098,8.85085644192697,1.36101408305709,0.245042153942193,0.570498658144486,0.570498658144486,"social_isolation_avg"
"8237","THOC2","Exc L4-5 RORB IL1RAPL2",0.0763132049398712,6.29610584923549,26.7980306550339,6.48905846603919e-07,0.000310644367028222,0.000310644367028222,"social_isolation_avg"
"8238","XIAP","Exc L4-5 RORB IL1RAPL2",-0.0286852708406204,6.06337213652228,2.28609993074297,0.132447046577715,0.418578681860188,0.418578681860188,"social_isolation_avg"
"8239","AL121601.1","Exc L4-5 RORB IL1RAPL2",-0.292699433668955,-0.0065953563475801,4.44941742686791,0.0364194627338858,0.20996119877753,0.20996119877753,"social_isolation_avg"
"8240","STAG2","Exc L4-5 RORB IL1RAPL2",0.00427684168020752,6.04498490559111,0.054179271638494,0.816232311960936,0.951599926146172,0.951599926146172,"social_isolation_avg"
"8241","TENM1","Exc L4-5 RORB IL1RAPL2",0.0691449453659325,6.0015769419422,3.07499555650547,0.08135833582297,0.327673437865393,0.327673437865393,"social_isolation_avg"
"8242","DCAF12L2","Exc L4-5 RORB IL1RAPL2",-0.0325319066685752,0.566835306776356,0.10573092138916,0.745468968660613,0.920785167671651,0.920785167671651,"social_isolation_avg"
"8243","AL442647.1","Exc L4-5 RORB IL1RAPL2",0.124804094469253,5.30898359946433,7.97607966397907,0.0053233356574422,0.067872529632388,0.067872529632388,"social_isolation_avg"
"8244","SMARCA1","Exc L4-5 RORB IL1RAPL2",0.0494417240372583,5.76181882663182,4.96613058566117,0.0271971824256237,0.177252864581125,0.177252864581125,"social_isolation_avg"
"8245","OCRL","Exc L4-5 RORB IL1RAPL2",0.0184490085538782,5.51848203298139,0.616092183847649,0.433626678431294,0.738558860617384,0.738558860617384,"social_isolation_avg"
"8246","ZDHHC9","Exc L4-5 RORB IL1RAPL2",0.0109272958019254,4.3160232352124,0.222667735946233,0.647362553661794,0.871610821734491,0.871610821734491,"social_isolation_avg"
"8247","AL034405.1","Exc L4-5 RORB IL1RAPL2",0.00887871559223056,1.35263684158686,0.0100695441048186,0.920190356413649,0.983304027712636,0.983304027712636,"social_isolation_avg"
"8248","UTP14A","Exc L4-5 RORB IL1RAPL2",0.0524959142314116,3.68786178499337,2.82333165178529,0.0947922320762781,0.356377967567839,0.356377967567839,"social_isolation_avg"
"8249","BCORL1","Exc L4-5 RORB IL1RAPL2",-0.0725634652963758,3.32536179642527,3.48631820746711,0.0636487982750299,0.286806123401248,0.286806123401248,"social_isolation_avg"
"8250","AIFM1","Exc L4-5 RORB IL1RAPL2",0.0189114070393933,3.6189557247501,0.2884582872312,0.59193240825612,0.842274306180829,0.842274306180829,"social_isolation_avg"
"8251","RAB33A","Exc L4-5 RORB IL1RAPL2",-0.0838210179547594,2.48111785661856,2.56154208737638,0.111401231693488,0.385714367712274,0.385714367712274,"social_isolation_avg"
"8252","ZNF280C","Exc L4-5 RORB IL1RAPL2",-0.0390585665466455,3.39559828229256,1.17770489750436,0.279403911428455,0.610462056366951,0.610462056366951,"social_isolation_avg"
"8253","SLC25A14","Exc L4-5 RORB IL1RAPL2",-0.0358914054133859,3.78474489417271,1.43113234408205,0.32558238256663,0.652647977597542,0.652647977597542,"social_isolation_avg"
"8254","RBMX2","Exc L4-5 RORB IL1RAPL2",0.00257250183400444,3.75697586030998,0.00455909556084469,0.946248488258546,0.988575838507633,0.988575838507633,"social_isolation_avg"
"8255","ENOX2","Exc L4-5 RORB IL1RAPL2",0.0301739747651144,4.17528738871366,0.677140765232934,0.411758577467125,0.722046714018117,0.722046714018117,"social_isolation_avg"
"8256","IGSF1","Exc L4-5 RORB IL1RAPL2",0.133912523042696,3.81194452721116,3.27647197145679,0.0720961838599265,0.30779149251211,0.30779149251211,"social_isolation_avg"
"8257","FIRRE","Exc L4-5 RORB IL1RAPL2",0.181388343134671,-0.127422938184809,0.844320509880017,0.35950290716105,0.679535914724699,0.679535914724699,"social_isolation_avg"
"8258","STK26","Exc L4-5 RORB IL1RAPL2",-0.126149321710164,1.03393052463009,1.49704127032442,0.222868466364729,0.544096447074655,0.544096447074655,"social_isolation_avg"
"8259","RAP2C","Exc L4-5 RORB IL1RAPL2",-0.0142832319433617,2.29317936281422,0.0781408284991033,0.780182363123385,0.936537426275821,0.936537426275821,"social_isolation_avg"
"8260","RAP2C-AS1","Exc L4-5 RORB IL1RAPL2",0.0582417182445951,4.00452717589434,1.90299537049943,0.169606798842093,0.474197748153872,0.474197748153872,"social_isolation_avg"
"8261","HS6ST2","Exc L4-5 RORB IL1RAPL2",0.045763844642437,5.28929710089628,1.43090398845314,0.233329987216286,0.556251541123295,0.556251541123295,"social_isolation_avg"
"8262","GPC4","Exc L4-5 RORB IL1RAPL2",-0.0460879858602717,3.41872645243606,1.12237366298422,0.290953540817387,0.622400446105798,0.622400446105798,"social_isolation_avg"
"8263","GPC3","Exc L4-5 RORB IL1RAPL2",0.121997473785848,1.87520275405308,3.19794518435532,0.0755625188595284,0.314732590207646,0.314732590207646,"social_isolation_avg"
"8264","CCDC160","Exc L4-5 RORB IL1RAPL2",0.144320211152261,-0.443706059795983,0.60168002352111,0.439046094693334,0.741796860981924,0.741796860981924,"social_isolation_avg"
"8265","PHF6","Exc L4-5 RORB IL1RAPL2",0.0277811520966733,4.9737554798624,1.23173047621847,0.268682715342543,0.598773733245312,0.598773733245312,"social_isolation_avg"
"8266","HPRT1","Exc L4-5 RORB IL1RAPL2",-0.024125189551731,7.0902852494514,2.44314613872949,0.119951748258159,0.398574271004843,0.398574271004843,"social_isolation_avg"
"8267","LINC00629","Exc L4-5 RORB IL1RAPL2",0.0544440996551136,0.66921507144263,0.212398626397653,0.645499632689478,0.870313928277694,0.870313928277694,"social_isolation_avg"
"8268","PLAC1","Exc L4-5 RORB IL1RAPL2",0.0775926957763484,1.02067679036718,0.780594486737369,0.378242569062313,0.696802851466931,0.696802851466931,"social_isolation_avg"
"8269","FAM122B","Exc L4-5 RORB IL1RAPL2",0.0055951961618457,4.01631812237949,0.0322081928400627,0.85779129160755,0.964136214120617,0.964136214120617,"social_isolation_avg"
"8270","FAM122C","Exc L4-5 RORB IL1RAPL2",0.103228159691002,3.52390640529325,7.11429509280311,0.0084077825252061,0.0890322868257304,0.0890322868257304,"social_isolation_avg"
"8271","MOSPD1","Exc L4-5 RORB IL1RAPL2",-0.0325840870409685,3.37079631080067,0.760506612395597,0.384434960867776,0.701300992535595,0.701300992535595,"social_isolation_avg"
"8272","SMIM10","Exc L4-5 RORB IL1RAPL2",-0.169892779528952,0.224935517798155,2.047647058182,0.154329441085204,0.453708414352571,0.453708414352571,"social_isolation_avg"
"8273","RTL8B","Exc L4-5 RORB IL1RAPL2",0.0205692004282417,1.01305876106381,0.0809181857865838,0.777040890862053,0.935520776393345,0.935520776393345,"social_isolation_avg"
"8274","RTL8C","Exc L4-5 RORB IL1RAPL2",-0.117171654223777,6.02905141484093,12.5068511779266,0.000526299692827062,0.0155595570124701,0.0155595570124701,"social_isolation_avg"
"8275","RTL8A","Exc L4-5 RORB IL1RAPL2",-0.115888029157288,3.84187647283925,9.11102024078029,0.0029435703100945,0.0475215817724386,0.0475215817724386,"social_isolation_avg"
"8276","SMIM10L2B-AS1","Exc L4-5 RORB IL1RAPL2",0.0966249958350188,-0.00698621958429451,0.690383284950945,0.407232599749318,0.718237138316261,0.718237138316261,"social_isolation_avg"
"8277","SMIM10L2B","Exc L4-5 RORB IL1RAPL2",-0.00661595791799562,4.04854318419918,0.0309852957419741,0.860488663036024,0.964619228845686,0.964619228845686,"social_isolation_avg"
"8278","CT55","Exc L4-5 RORB IL1RAPL2",0.236564293375653,-0.437400145606169,1.06082495182381,0.304531816398063,0.63549647050488,0.63549647050488,"social_isolation_avg"
"8279","ZNF75D","Exc L4-5 RORB IL1RAPL2",0.0846002376682092,4.42010001704293,5.18982782590649,0.0240000655347317,0.164949233557086,0.164949233557086,"social_isolation_avg"
"8280","ZNF449","Exc L4-5 RORB IL1RAPL2",0.0525087719005131,3.51044562248954,0.932308541762973,0.335674294750614,0.66032078843838,0.66032078843838,"social_isolation_avg"
"8281","SMIM10L2A","Exc L4-5 RORB IL1RAPL2",-0.0504849904584309,3.95615632928125,1.66797675079138,0.19833277377266,0.51230776963174,0.51230776963174,"social_isolation_avg"
"8282","INTS6L","Exc L4-5 RORB IL1RAPL2",-0.0162953646526921,4.32746651044611,0.177847745153322,0.673777347617344,0.885376845216179,0.885376845216179,"social_isolation_avg"
"8283","MMGT1","Exc L4-5 RORB IL1RAPL2",-0.0665401304267037,3.0979692879239,2.97668577590701,0.0863410094706917,0.338511860794645,0.338511860794645,"social_isolation_avg"
"8284","SLC9A6","Exc L4-5 RORB IL1RAPL2",-0.021131122966682,6.60716732687565,0.957390136709596,0.329275169493423,0.654709487388089,0.654709487388089,"social_isolation_avg"
"8285","FHL1","Exc L4-5 RORB IL1RAPL2",-0.0156236752399868,6.36914678300674,0.461460540133739,0.497892291334969,0.784905430115777,0.784905430115777,"social_isolation_avg"
"8286","MAP7D3","Exc L4-5 RORB IL1RAPL2",0.0299452348675871,0.716956582060393,0.105220175587263,0.833891485582961,0.956708692383844,0.956708692383844,"social_isolation_avg"
"8287","HTATSF1","Exc L4-5 RORB IL1RAPL2",-0.0412642972379638,4.56860617025291,2.18753026118442,0.141035416704365,0.434350707324343,0.434350707324343,"social_isolation_avg"
"8288","ARHGEF6","Exc L4-5 RORB IL1RAPL2",0.0577010189364219,4.76548069554403,3.14803109253335,0.077859507229313,0.320674735804491,0.320674735804491,"social_isolation_avg"
"8289","AL683813.1","Exc L4-5 RORB IL1RAPL2",0.0972428534749046,4.44582768822604,11.4062091496602,0.000912713757505977,0.022311959955776,0.022311959955776,"social_isolation_avg"
"8290","RBMX","Exc L4-5 RORB IL1RAPL2",0.00521318787775209,5.48503288390647,0.0549090869545505,0.815021209984305,0.951444738037576,0.951444738037576,"social_isolation_avg"
"8291","Z96074.1","Exc L4-5 RORB IL1RAPL2",0.0923229365618107,1.6213933371701,1.85259388941751,0.175334677471339,0.481584061615294,0.481584061615294,"social_isolation_avg"
"8292","FGF13","Exc L4-5 RORB IL1RAPL2",-0.0114471856888603,5.2781693837629,0.269600413013545,0.781861885214452,0.937253467444416,0.937253467444416,"social_isolation_avg"
"8293","FGF13-AS1","Exc L4-5 RORB IL1RAPL2",-0.0438624983385557,0.503280463435765,0.210322889884879,0.647116856847457,0.871610821734491,0.871610821734491,"social_isolation_avg"
"8294","MCF2","Exc L4-5 RORB IL1RAPL2",0.0449552935051097,4.78232114273344,3.06551243456838,0.0818250389888999,0.328890774122249,0.328890774122249,"social_isolation_avg"
"8295","LINC00632","Exc L4-5 RORB IL1RAPL2",0.0685763165936596,8.9626278457576,9.9092477794993,0.00195143636126479,0.0368126893235205,0.0368126893235205,"social_isolation_avg"
"8296","CDR1","Exc L4-5 RORB IL1RAPL2",0.0936961215584716,1.03379493437264,0.596479941915435,0.441027090560922,0.743599499242845,0.743599499242845,"social_isolation_avg"
"8297","AL078639.1","Exc L4-5 RORB IL1RAPL2",0.0990263995712752,5.91661384211295,2.7884738468123,0.0968372295820752,0.360302479494396,0.360302479494396,"social_isolation_avg"
"8298","AL451048.1","Exc L4-5 RORB IL1RAPL2",0.0926048244674376,-0.428695097505028,0.22983696745559,0.63227841051945,0.864273210099576,0.864273210099576,"social_isolation_avg"
"8299","LDOC1","Exc L4-5 RORB IL1RAPL2",-0.124712733118315,4.33389130289085,11.812623643133,0.000744244624818551,0.0195039508950025,0.0195039508950025,"social_isolation_avg"
"8300","SPANXA2-OT1","Exc L4-5 RORB IL1RAPL2",0.0692293970475459,4.15496095335853,1.82561592182425,0.178492698892548,0.484932503219306,0.484932503219306,"social_isolation_avg"
"8301","MAGEC3","Exc L4-5 RORB IL1RAPL2",0.0953611715234084,3.4251286383404,0.479914730849179,0.489433075385363,0.779968265759829,0.779968265759829,"social_isolation_avg"
"8302","AC239727.1","Exc L4-5 RORB IL1RAPL2",0.163709728191049,0.677323699041619,1.83588763954657,0.177282563739528,0.483570626039043,0.483570626039043,"social_isolation_avg"
"8303","SLITRK4","Exc L4-5 RORB IL1RAPL2",-0.0483566305473245,6.6298044360447,3.18562084828191,0.076122751140516,0.316483975901934,0.316483975901934,"social_isolation_avg"
"8304","SLITRK2","Exc L4-5 RORB IL1RAPL2",-0.146644112689791,2.72577350854481,8.87584813552142,0.00332537404283371,0.0510677863839009,0.0510677863839009,"social_isolation_avg"
"8305","AL589669.1","Exc L4-5 RORB IL1RAPL2",0.131979377861555,0.314294042560296,1.12199979375103,0.291033637562579,0.622429108290141,0.622429108290141,"social_isolation_avg"
"8306","FMR1","Exc L4-5 RORB IL1RAPL2",-0.00758070779851836,5.56550059851631,0.157091288187234,0.692359915921275,0.895062993245863,0.895062993245863,"social_isolation_avg"
"8307","FMR1NB","Exc L4-5 RORB IL1RAPL2",0.0189575032693239,-0.0759098736840173,0.0219674100312534,0.88235447846001,0.973032314766374,0.973032314766374,"social_isolation_avg"
"8308","AFF2","Exc L4-5 RORB IL1RAPL2",0.0343765231361297,5.27312598791179,0.747621789915337,0.388483284996496,0.704002704282991,0.704002704282991,"social_isolation_avg"
"8309","IDS","Exc L4-5 RORB IL1RAPL2",-0.0277431921871082,8.69881747899512,0.87124324140604,0.351972802860636,0.6724230011032,0.6724230011032,"social_isolation_avg"
"8310","LINC00893","Exc L4-5 RORB IL1RAPL2",-0.0960387332959958,1.98780722556495,1.8932410260543,0.170698211599492,0.475663431942485,0.475663431942485,"social_isolation_avg"
"8311","CXorf40A","Exc L4-5 RORB IL1RAPL2",-0.15723886097555,0.620779105848701,2.22166547717997,0.137991943942236,0.429078976389655,0.429078976389655,"social_isolation_avg"
"8312","TMEM185A","Exc L4-5 RORB IL1RAPL2",0.0459733075707861,4.07212157188364,2.99134309769549,0.0855774673101021,0.336704358281231,0.336704358281231,"social_isolation_avg"
"8313","CXorf40B","Exc L4-5 RORB IL1RAPL2",-0.000820449858042432,1.0330115709589,1.35536370599173e-05,0.997067012818413,0.999602869153668,0.999602869153668,"social_isolation_avg"
"8314","LINC00894","Exc L4-5 RORB IL1RAPL2",0.032299235701797,6.50848027084426,1.01904717091992,0.314220541455177,0.642771223962153,0.642771223962153,"social_isolation_avg"
"8315","MAMLD1","Exc L4-5 RORB IL1RAPL2",0.0784149245359891,5.47026851664873,6.20650542500701,0.013714887491342,0.117761408536829,0.117761408536829,"social_isolation_avg"
"8316","MTM1","Exc L4-5 RORB IL1RAPL2",0.0218165492504473,5.66995231557133,1.03541599665353,0.394562806230483,0.709515572770098,0.709515572770098,"social_isolation_avg"
"8317","MTMR1","Exc L4-5 RORB IL1RAPL2",0.0814998852270202,6.36876125322565,19.669136436355,1.67377496874395e-05,0.00191936340506693,0.00191936340506693,"social_isolation_avg"
"8318","CD99L2","Exc L4-5 RORB IL1RAPL2",-0.0379568096078219,6.11558170393774,2.54665641010438,0.112438046461615,0.387330407222074,0.387330407222074,"social_isolation_avg"
"8319","HMGB3","Exc L4-5 RORB IL1RAPL2",-0.0307859521138562,1.69910740537683,0.197410362177046,0.657400444508951,0.877427146840365,0.877427146840365,"social_isolation_avg"
"8320","VMA21","Exc L4-5 RORB IL1RAPL2",-0.045469259723356,4.50249667538779,2.44968382669388,0.119460972536533,0.397758197313849,0.397758197313849,"social_isolation_avg"
"8321","PRRG3","Exc L4-5 RORB IL1RAPL2",-0.0470827502554182,4.60036598442298,2.70713132090375,0.101800735728191,0.369919669812388,0.369919669812388,"social_isolation_avg"
"8322","FATE1","Exc L4-5 RORB IL1RAPL2",0.0371010779381494,-0.0295862692107155,0.0790900696191666,0.778886056947067,0.936222594947799,0.936222594947799,"social_isolation_avg"
"8323","AC116666.1","Exc L4-5 RORB IL1RAPL2",0.118276542922193,-0.284068375200704,0.578814349035994,0.44786134862203,0.74858521000684,0.74858521000684,"social_isolation_avg"
"8324","GABRA3","Exc L4-5 RORB IL1RAPL2",0.0202456934354819,6.06702593107395,0.925145210179947,0.337532540468465,0.661328901129111,0.661328901129111,"social_isolation_avg"
"8325","CETN2","Exc L4-5 RORB IL1RAPL2",-0.0404731900122712,3.51941662566916,0.80905498582989,0.369708259379818,0.687937231320831,0.687937231320831,"social_isolation_avg"
"8326","NSDHL","Exc L4-5 RORB IL1RAPL2",0.0276999903495292,2.09122693552175,0.207332465543925,0.649463804160781,0.872577195095231,0.872577195095231,"social_isolation_avg"
"8327","ZNF185","Exc L4-5 RORB IL1RAPL2",-0.081616678924933,1.27986717580448,0.974026201523704,0.325120531822055,0.652229924187665,0.652229924187665,"social_isolation_avg"
"8328","PNMA5","Exc L4-5 RORB IL1RAPL2",-0.199874477383492,1.67262783346798,4.10817281324257,0.0442834471548572,0.235104027993944,0.235104027993944,"social_isolation_avg"
"8329","PNMA3","Exc L4-5 RORB IL1RAPL2",0.0673013391468027,5.67504258455589,4.24346455684785,0.0409693379852538,0.22527778088317,0.22527778088317,"social_isolation_avg"
"8330","PNMA6A","Exc L4-5 RORB IL1RAPL2",-0.0366792199701456,4.73022658190128,1.18154500062105,0.278624193186907,0.609621312931031,0.609621312931031,"social_isolation_avg"
"8331","PNMA6F","Exc L4-5 RORB IL1RAPL2",-0.0254282533951761,2.07462917983731,0.0220133450068435,0.882232445619815,0.973032314766374,0.973032314766374,"social_isolation_avg"
"8332","ZNF275","Exc L4-5 RORB IL1RAPL2",-0.176493392138796,2.61069888361164,6.30825134034393,0.0129771820053902,0.114471450220973,0.114471450220973,"social_isolation_avg"
"8333","ZFP92","Exc L4-5 RORB IL1RAPL2",-0.0775038695598,1.4459575339596,1.38000957493981,0.241789033650371,0.566199376556578,0.566199376556578,"social_isolation_avg"
"8334","ATP2B3","Exc L4-5 RORB IL1RAPL2",-0.00928912152761779,5.53095371532961,0.12616833715485,0.722891222361538,0.90980329253221,0.90980329253221,"social_isolation_avg"
"8335","CCNQ","Exc L4-5 RORB IL1RAPL2",-0.14006296648506,3.02198830461469,10.115868882555,0.00175568309045002,0.0344222578927541,0.0344222578927541,"social_isolation_avg"
"8336","PNCK","Exc L4-5 RORB IL1RAPL2",-0.0511130593666089,5.36817511272561,2.15285835685204,0.144204824516808,0.438524507342096,0.438524507342096,"social_isolation_avg"
"8337","SLC6A8","Exc L4-5 RORB IL1RAPL2",-0.0712350987203332,4.16504628871357,6.15196315267157,0.0141281596019537,0.120161930101976,0.120161930101976,"social_isolation_avg"
"8338","BCAP31","Exc L4-5 RORB IL1RAPL2",-0.0936653805450051,4.93171953598415,9.87788030435959,0.00198305302899078,0.0372975609955611,0.0372975609955611,"social_isolation_avg"
"8339","ABCD1","Exc L4-5 RORB IL1RAPL2",0.133520874076521,0.346423961262285,1.54055695192573,0.216293452635385,0.536087033968315,0.536087033968315,"social_isolation_avg"
"8340","SRPK3","Exc L4-5 RORB IL1RAPL2",-0.126302410926179,0.84136854595578,1.42099775333188,0.234947816685288,0.558184858316462,0.558184858316462,"social_isolation_avg"
"8341","IDH3G","Exc L4-5 RORB IL1RAPL2",-0.0482612533534562,3.71757319844187,1.87001985819968,0.173329306544949,0.478698556289152,0.478698556289152,"social_isolation_avg"
"8342","SSR4","Exc L4-5 RORB IL1RAPL2",-0.082793177210875,2.41113704724335,2.06108747283058,0.152991933979909,0.451600683749431,0.451600683749431,"social_isolation_avg"
"8343","PDZD4","Exc L4-5 RORB IL1RAPL2",0.00384913256124034,5.00194953090744,0.019922192663268,0.887926472083193,0.974102504307964,0.974102504307964,"social_isolation_avg"
"8344","L1CAM","Exc L4-5 RORB IL1RAPL2",0.00420152985697905,5.41767130315008,0.0170870094627546,0.896157905730167,0.976346158479904,0.976346158479904,"social_isolation_avg"
"8345","ARHGAP4","Exc L4-5 RORB IL1RAPL2",0.0797220704862498,0.606558549733852,0.627948288205569,0.470649695163505,0.765488697818689,0.765488697818689,"social_isolation_avg"
"8346","HCFC1","Exc L4-5 RORB IL1RAPL2",-0.0848329598301337,4.02956560156098,7.6593527093239,0.006292164813555,0.0754940078866672,0.0754940078866672,"social_isolation_avg"
"8347","TMEM187","Exc L4-5 RORB IL1RAPL2",0.00365306760361839,1.64252562257077,0.00378137702867553,0.951040956170945,0.989392111770647,0.989392111770647,"social_isolation_avg"
"8348","IRAK1","Exc L4-5 RORB IL1RAPL2",-0.0345584929016887,2.73859170651983,0.445710102215121,0.505310241018849,0.790716451102148,0.790716451102148,"social_isolation_avg"
"8349","MECP2","Exc L4-5 RORB IL1RAPL2",0.0136937041807463,6.40600931185042,0.80533668045556,0.370807765769177,0.688793808768762,0.688793808768762,"social_isolation_avg"
"8350","FLNA","Exc L4-5 RORB IL1RAPL2",0.0157521202427707,3.98839549552369,0.155152642591223,0.694166805136253,0.896146969833973,0.896146969833973,"social_isolation_avg"
"8351","AC245140.3","Exc L4-5 RORB IL1RAPL2",-0.069015967058442,0.385213465759531,0.40537163322873,0.525208803644666,0.804695895467326,0.804695895467326,"social_isolation_avg"
"8352","EMD","Exc L4-5 RORB IL1RAPL2",-0.0165723758322474,3.7413631501905,0.220799228617618,0.639050938533625,0.867293779059998,0.867293779059998,"social_isolation_avg"
"8353","RPL10","Exc L4-5 RORB IL1RAPL2",-0.118928016080911,5.66726158243469,6.54550139244103,0.0114126575453902,0.106373839121344,0.106373839121344,"social_isolation_avg"
"8354","AC245140.2","Exc L4-5 RORB IL1RAPL2",-0.0203670573650826,1.34608067550036,0.0769232690684161,0.937066950255249,0.987525930191257,0.987525930191257,"social_isolation_avg"
"8355","DNASE1L1","Exc L4-5 RORB IL1RAPL2",0.0448964128894999,2.46365748305226,0.524217389261791,0.470071651495155,0.765042314019278,0.765042314019278,"social_isolation_avg"
"8356","TAZ","Exc L4-5 RORB IL1RAPL2",0.0876045734741036,5.2398670575651,11.235572615576,0.000994629773249993,0.0236721886033498,0.0236721886033498,"social_isolation_avg"
"8357","AC244090.1","Exc L4-5 RORB IL1RAPL2",-0.087766266416177,1.80526603035365,1.67144228838316,0.19786957513795,0.512039888881814,0.512039888881814,"social_isolation_avg"
"8358","ATP6AP1","Exc L4-5 RORB IL1RAPL2",-0.122775764156888,5.49289256087397,14.1598967359106,0.000232885511527995,0.00949414555187036,0.00949414555187036,"social_isolation_avg"
"8359","GDI1","Exc L4-5 RORB IL1RAPL2",-0.0414435168500946,7.25300986299708,2.92414356127276,0.0891398592526878,0.344456452220988,0.344456452220988,"social_isolation_avg"
"8360","FAM50A","Exc L4-5 RORB IL1RAPL2",-0.0316013916018344,4.00599859597684,0.711282654799033,0.400237113204011,0.713175213468402,0.713175213468402,"social_isolation_avg"
"8361","PLXNA3","Exc L4-5 RORB IL1RAPL2",0.000494182346639141,3.29026673244842,4.89277329261407e-05,0.994427408481644,0.999452588532504,0.999452588532504,"social_isolation_avg"
"8362","LAGE3","Exc L4-5 RORB IL1RAPL2",-0.156142431643448,3.95792188044028,11.0952663142492,0.00106759772804936,0.0247100454269041,0.0247100454269041,"social_isolation_avg"
"8363","UBL4A","Exc L4-5 RORB IL1RAPL2",-0.11867254036648,3.98392703329136,10.9940807144231,0.00112360004401482,0.0255831966700414,0.0255831966700414,"social_isolation_avg"
"8364","SLC10A3","Exc L4-5 RORB IL1RAPL2",-0.0900913298043181,1.23716100215723,1.62415054938449,0.233438801719616,0.556284076490787,0.556284076490787,"social_isolation_avg"
"8365","FAM3A","Exc L4-5 RORB IL1RAPL2",-0.117449459751328,3.42047980665494,11.7443462294542,0.000770151269198138,0.0200165276984862,0.0200165276984862,"social_isolation_avg"
"8366","G6PD","Exc L4-5 RORB IL1RAPL2",-0.0189149744228431,2.97766923559864,0.216146447284726,0.659212687384519,0.878364293821707,0.878364293821707,"social_isolation_avg"
"8367","IKBKG","Exc L4-5 RORB IL1RAPL2",-0.0534861785997286,2.94281197987633,1.39869806481284,0.238640007404293,0.562702564834545,0.562702564834545,"social_isolation_avg"
"8368","CTAG2","Exc L4-5 RORB IL1RAPL2",0.342163129675738,-1.41568997334761,0.766606754038661,0.382554882153596,0.700260375848805,0.700260375848805,"social_isolation_avg"
"8369","DKC1","Exc L4-5 RORB IL1RAPL2",-0.0668958459644679,3.62599934130585,4.62415559851114,0.0595869810223978,0.277695878799209,0.277695878799209,"social_isolation_avg"
"8370","MPP1","Exc L4-5 RORB IL1RAPL2",-0.0544820807070418,4.74951854047488,4.51957413359743,0.0349942914860121,0.204802656729612,0.204802656729612,"social_isolation_avg"
"8371","F8","Exc L4-5 RORB IL1RAPL2",-0.0261364912968902,3.73312054390523,0.461552629553458,0.497849466731791,0.784905430115777,0.784905430115777,"social_isolation_avg"
"8372","F8A1","Exc L4-5 RORB IL1RAPL2",-0.077060504944406,2.65397673437612,1.07363301612398,0.301639714296599,0.632600868344707,0.632600868344707,"social_isolation_avg"
"8373","FUNDC2","Exc L4-5 RORB IL1RAPL2",-0.142254142794028,3.37649739819554,14.3771406247751,0.000209422918714766,0.0090023662764696,0.0090023662764696,"social_isolation_avg"
"8374","MTCP1","Exc L4-5 RORB IL1RAPL2",0.110057495563578,2.29598462642924,2.1451730927528,0.14491824008471,0.439709871762047,0.439709871762047,"social_isolation_avg"
"8375","BRCC3","Exc L4-5 RORB IL1RAPL2",0.0639538584970596,5.16049487822761,9.27768092005386,0.00270049582988089,0.0447818418906015,0.0447818418906015,"social_isolation_avg"
"8376","VBP1","Exc L4-5 RORB IL1RAPL2",-0.0263984871360629,4.20129027622424,0.876285759733644,0.350586609898599,0.671807495721154,0.671807495721154,"social_isolation_avg"
"8377","RAB39B","Exc L4-5 RORB IL1RAPL2",-0.0275054275167956,4.0624714360531,0.754498801452354,0.386315022702162,0.702523423748368,0.702523423748368,"social_isolation_avg"
"8378","CLIC2","Exc L4-5 RORB IL1RAPL2",0.00021408394282294,3.413576278793,2.8365128178989e-05,0.995756995077351,0.9994589795957,0.9994589795957,"social_isolation_avg"
"8379","AC234781.1","Exc L4-5 RORB IL1RAPL2",0.0783405459108327,0.105387371919611,0.453205254652949,0.592316956465333,0.842274306180829,0.842274306180829,"social_isolation_avg"
"8380","F8A3","Exc L4-5 RORB IL1RAPL2",-0.539195615986187,-0.589275436810755,1.91411477793119,0.168372477810114,0.472106646805745,0.472106646805745,"social_isolation_avg"
"8381","TMLHE-AS1","Exc L4-5 RORB IL1RAPL2",0.0431409951546948,3.72233003638282,0.644571253408585,0.42321318146127,0.729967818656197,0.729967818656197,"social_isolation_avg"
"8382","TMLHE","Exc L4-5 RORB IL1RAPL2",0.0206466503727927,4.61912502920295,0.628183535459498,0.429158453600445,0.734851321318917,0.734851321318917,"social_isolation_avg"
"8383","SPRY3","Exc L4-5 RORB IL1RAPL2",-0.0879776139626729,2.08167653318962,2.4564163691516,0.118957910529966,0.397751103785171,0.397751103785171,"social_isolation_avg"
"8384","VAMP7","Exc L4-5 RORB IL1RAPL2",-0.0678062453014164,3.95575242604879,5.40260379370042,0.021323239590247,0.153829653554462,0.153829653554462,"social_isolation_avg"
"8385","ZNF596","Exc L4-5 RORB IL1RAPL2",0.0749769425930531,3.81254658894478,3.94981841774425,0.0485281720003528,0.24745016164692,0.24745016164692,"social_isolation_avg"
"8386","AC136777.1","Exc L4-5 RORB IL1RAPL2",0.0590482705017543,1.96987129883309,0.910080927756234,0.341485938928624,0.664738215068774,0.664738215068774,"social_isolation_avg"
"8387","FAM87A","Exc L4-5 RORB IL1RAPL2",-0.029525625397215,1.24715430988968,0.109790455129306,0.740802524116495,0.918527166370131,0.918527166370131,"social_isolation_avg"
"8388","FBXO25","Exc L4-5 RORB IL1RAPL2",0.00512017436584002,5.32657579997726,0.0576540530979036,0.833365292325912,0.956570292168078,0.956570292168078,"social_isolation_avg"
"8389","TDRP","Exc L4-5 RORB IL1RAPL2",0.0727617964509724,4.89346619667507,6.48347671896658,0.0118017630946771,0.108552232936927,0.108552232936927,"social_isolation_avg"
"8390","ERICH1","Exc L4-5 RORB IL1RAPL2",0.00255167615279103,5.66350013933997,0.00480089482851174,0.944843736843764,0.988096847417673,0.988096847417673,"social_isolation_avg"
"8391","DLGAP2","Exc L4-5 RORB IL1RAPL2",0.0158487016124535,10.3182126332376,1.23129264129744,0.268767497505114,0.598840063623912,0.598840063623912,"social_isolation_avg"
"8392","DLGAP2-AS1","Exc L4-5 RORB IL1RAPL2",-0.00564043359077966,0.63252625468928,0.00440007142636262,0.947192844835595,0.988740948001749,0.988740948001749,"social_isolation_avg"
"8393","AC100810.1","Exc L4-5 RORB IL1RAPL2",-0.0252424991788251,1.63572674612395,0.112961083909279,0.777614683501682,0.935858673440101,0.935858673440101,"social_isolation_avg"
"8394","AC019257.8","Exc L4-5 RORB IL1RAPL2",0.0559554971246814,1.61394238720956,0.595475679203745,0.460738932572827,0.758571742677249,0.758571742677249,"social_isolation_avg"
"8395","KBTBD11","Exc L4-5 RORB IL1RAPL2",-0.104644430608573,4.98660651179643,11.1502766297925,0.00103835779633742,0.0244093835893187,0.0244093835893187,"social_isolation_avg"
"8396","MYOM2","Exc L4-5 RORB IL1RAPL2",-0.019123650147374,3.46666024550353,0.0453046856334212,0.831707034041189,0.956058857296072,0.956058857296072,"social_isolation_avg"
"8397","AC245519.1","Exc L4-5 RORB IL1RAPL2",-0.0710859705749103,-0.0923647211834325,0.175913404075631,0.675453552935881,0.886047090960836,0.886047090960836,"social_isolation_avg"
"8398","AC245187.2","Exc L4-5 RORB IL1RAPL2",0.0575244972845188,1.09480162044865,0.156516103429312,0.692894656834052,0.895325239448382,0.895325239448382,"social_isolation_avg"
"8399","AC245123.1","Exc L4-5 RORB IL1RAPL2",-0.00918236349640152,1.28785433148666,0.00441919310328041,0.947078395057223,0.988740948001749,0.988740948001749,"social_isolation_avg"
"8400","AC246817.2","Exc L4-5 RORB IL1RAPL2",-0.0666107864238753,3.09795736365403,0.643501187937621,0.423597583012734,0.730153035272291,0.730153035272291,"social_isolation_avg"
"8401","AC246817.1","Exc L4-5 RORB IL1RAPL2",0.0608994494359595,5.0759061578263,0.332525945133606,0.564959926538327,0.826725939162625,0.826725939162625,"social_isolation_avg"
"8402","CSMD1","Exc L4-5 RORB IL1RAPL2",0.00117033271469383,11.6045772903182,0.00487449831322131,0.94442322463069,0.988051457597129,0.988051457597129,"social_isolation_avg"
"8403","AC009435.1","Exc L4-5 RORB IL1RAPL2",0.0283913795830023,3.22328700361114,0.207801242421747,0.64909455145051,0.872437879882174,0.872437879882174,"social_isolation_avg"
"8404","AC016065.1","Exc L4-5 RORB IL1RAPL2",-0.116546656972663,1.19608330666521,2.37352487270386,0.12532029361042,0.408047226405777,0.408047226405777,"social_isolation_avg"
"8405","MCPH1","Exc L4-5 RORB IL1RAPL2",0.0406172064743991,7.0009660475172,4.53921929762623,0.0346058644614483,0.203558013710174,0.203558013710174,"social_isolation_avg"
"8406","ANGPT2","Exc L4-5 RORB IL1RAPL2",0.057268234874077,2.86580568172265,1.20382494663799,0.274154314805645,0.603732983058381,0.603732983058381,"social_isolation_avg"
"8407","AF287957.1","Exc L4-5 RORB IL1RAPL2",-0.0248928545926345,-0.127201540869881,0.0339154700266882,0.854112469116663,0.962659681614671,0.962659681614671,"social_isolation_avg"
"8408","MCPH1-AS1","Exc L4-5 RORB IL1RAPL2",0.00819668016982692,4.93115058058376,0.0711340973357173,0.790025068417727,0.940460560046237,0.940460560046237,"social_isolation_avg"
"8409","AGPAT5","Exc L4-5 RORB IL1RAPL2",-0.0102793608099361,5.28599353103004,0.145492800180722,0.703370206958482,0.900742313763887,0.900742313763887,"social_isolation_avg"
"8410","FAM66B","Exc L4-5 RORB IL1RAPL2",0.0293583622174278,4.33416024921144,0.287581132528637,0.59249572437618,0.842274306180829,0.842274306180829,"social_isolation_avg"
"8411","FAM66E","Exc L4-5 RORB IL1RAPL2",0.0153232205958674,1.07732094748069,0.0244166276244731,0.876020172583165,0.970500479269633,0.970500479269633,"social_isolation_avg"
"8412","FAM85B","Exc L4-5 RORB IL1RAPL2",0.0174733542613699,7.43902352501411,0.138756366478462,0.709997664463264,0.904454710113069,0.904454710113069,"social_isolation_avg"
"8413","PRAG1","Exc L4-5 RORB IL1RAPL2",0.0189362697969529,4.30306880275282,0.0794279859657705,0.778426618356368,0.936041312101738,0.936041312101738,"social_isolation_avg"
"8414","AC087269.1","Exc L4-5 RORB IL1RAPL2",0.105577883338915,0.0925232015274506,0.670755329560696,0.41396760195603,0.723424557432989,0.723424557432989,"social_isolation_avg"
"8415","MFHAS1","Exc L4-5 RORB IL1RAPL2",0.0014998520515264,5.82717216945583,0.0046803357969486,0.945539575905985,0.988319208690595,0.988319208690595,"social_isolation_avg"
"8416","ERI1","Exc L4-5 RORB IL1RAPL2",0.0484677189261399,4.32554881872719,1.95042143058247,0.164413839992818,0.46799676932282,0.46799676932282,"social_isolation_avg"
"8417","AC022784.7","Exc L4-5 RORB IL1RAPL2",-0.0628799727762235,-0.4508564799156,0.144804125456104,0.704039576795717,0.901111603365471,0.901111603365471,"social_isolation_avg"
"8418","AC022784.3","Exc L4-5 RORB IL1RAPL2",0.249911291272182,-0.611962168976236,1.61485050083246,0.205596841304873,0.522658671524152,0.522658671524152,"social_isolation_avg"
"8419","AC022784.6","Exc L4-5 RORB IL1RAPL2",0.0240327451752015,0.344883244138792,0.0398861917743069,0.841948742135654,0.95978504337563,0.95978504337563,"social_isolation_avg"
"8420","AC021736.1","Exc L4-5 RORB IL1RAPL2",0.200924493038888,0.464965525992803,3.61452575307565,0.059017072719292,0.275991604775513,0.275991604775513,"social_isolation_avg"
"8421","AC021242.2","Exc L4-5 RORB IL1RAPL2",0.00384486593401669,0.481770457565681,0.00179235960083165,0.966281729131234,0.993646254835144,0.993646254835144,"social_isolation_avg"
"8422","TNKS","Exc L4-5 RORB IL1RAPL2",0.0442704453927577,7.77119797687665,10.8815721790607,0.00118940861207078,0.0263845071045515,0.0263845071045515,"social_isolation_avg"
"8423","LINC00599","Exc L4-5 RORB IL1RAPL2",-0.0190474214112829,6.99965745885526,0.527737353068886,0.468587132684585,0.763992859760882,0.763992859760882,"social_isolation_avg"
"8424","AC034111.1","Exc L4-5 RORB IL1RAPL2",-0.0589557388176841,2.08540575792941,0.848938124856748,0.358195708320396,0.678038578257175,0.678038578257175,"social_isolation_avg"
"8425","MSRA","Exc L4-5 RORB IL1RAPL2",0.0248024455604426,9.32996895629377,1.28664949654268,0.258308619085273,0.58687048291456,0.58687048291456,"social_isolation_avg"
"8426","AC104964.1","Exc L4-5 RORB IL1RAPL2",0.0207516178267467,5.37053242712649,0.277893234329528,0.598792184531032,0.845653782932554,0.845653782932554,"social_isolation_avg"
"8427","PRSS51","Exc L4-5 RORB IL1RAPL2",0.0628920068570836,2.74918604704022,0.890916445000116,0.346606652173227,0.669294084185619,0.669294084185619,"social_isolation_avg"
"8428","AC104964.4","Exc L4-5 RORB IL1RAPL2",-0.0833323269946101,3.4281080390479,1.97014578132317,0.162308241947668,0.465026384901853,0.465026384901853,"social_isolation_avg"
"8429","PRSS55","Exc L4-5 RORB IL1RAPL2",0.540145344569143,2.49253896945303,14.7302681718201,0.000176301544963153,0.008057491623787,0.008057491623787,"social_isolation_avg"
"8430","RP1L1","Exc L4-5 RORB IL1RAPL2",0.381560015838638,-0.0614252611902451,7.36909159080131,0.00733984679765123,0.0828839147745964,0.0828839147745964,"social_isolation_avg"
"8431","SOX7","Exc L4-5 RORB IL1RAPL2",0.0833334916941942,1.80038440916611,1.05404089371242,0.306078300753809,0.636440051085654,0.636440051085654,"social_isolation_avg"
"8432","PINX1","Exc L4-5 RORB IL1RAPL2",0.114320611765191,3.72760017189382,5.95524512795948,0.0157295327827394,0.127623709169045,0.127623709169045,"social_isolation_avg"
"8433","AC105001.1","Exc L4-5 RORB IL1RAPL2",-0.0179820106845713,0.883139437088284,0.0361559701283278,0.849427072067546,0.961873912835597,0.961873912835597,"social_isolation_avg"
"8434","XKR6","Exc L4-5 RORB IL1RAPL2",0.014746983348692,9.15909922854514,0.694552973382078,0.405822673159938,0.717125033689968,0.717125033689968,"social_isolation_avg"
"8435","MTMR9","Exc L4-5 RORB IL1RAPL2",-0.0287779021684619,5.8708128460587,1.99998878283847,0.159181133869927,0.460225531070122,0.460225531070122,"social_isolation_avg"
"8436","SLC35G5","Exc L4-5 RORB IL1RAPL2",-0.0499183375777716,0.00196610008531463,0.135928963767685,0.71283396950161,0.905910701135506,0.905910701135506,"social_isolation_avg"
"8437","FAM167A-AS1","Exc L4-5 RORB IL1RAPL2",-0.0428668480708716,-0.126779382470352,0.0828186340494759,0.773873905651409,0.934046660150484,0.934046660150484,"social_isolation_avg"
"8438","NEIL2","Exc L4-5 RORB IL1RAPL2",-0.0188406056703156,3.23967270548642,0.182573574026979,0.669726890804687,0.88373683666333,0.88373683666333,"social_isolation_avg"
"8439","FDFT1","Exc L4-5 RORB IL1RAPL2",0.0449490202814012,5.46335726851261,0.940756447645594,0.333500469359582,0.65829379321784,0.65829379321784,"social_isolation_avg"
"8440","AC069185.1","Exc L4-5 RORB IL1RAPL2",-0.192727198731814,1.12682216791227,3.73296397434841,0.0550586710458057,0.265940481956216,0.265940481956216,"social_isolation_avg"
"8441","CTSB","Exc L4-5 RORB IL1RAPL2",-0.0450861500021859,5.87671545939344,4.80756175866601,0.029732417598831,0.186837287740777,0.186837287740777,"social_isolation_avg"
"8442","FAM66D","Exc L4-5 RORB IL1RAPL2",-0.00889056962577732,7.26262283078556,0.0236039999037371,0.878084206419599,0.971649293506358,0.971649293506358,"social_isolation_avg"
"8443","FAM86B1","Exc L4-5 RORB IL1RAPL2",0.0232914130449939,0.307279738644577,0.0420465129410588,0.837783423066919,0.957570761927458,0.957570761927458,"social_isolation_avg"
"8444","AC145124.1","Exc L4-5 RORB IL1RAPL2",-0.0405629253445642,3.12941746942161,0.222383423440445,0.637851688818954,0.867106431302024,0.867106431302024,"social_isolation_avg"
"8445","FAM66A","Exc L4-5 RORB IL1RAPL2",-0.0868822999120316,4.5018222139496,0.363790533939239,0.547235255568087,0.81580824697477,0.81580824697477,"social_isolation_avg"
"8446","AC130352.1","Exc L4-5 RORB IL1RAPL2",0.0210567078705007,-0.227262779466953,0.0176173982567752,0.894567922660986,0.97575666726336,0.97575666726336,"social_isolation_avg"
"8447","LONRF1","Exc L4-5 RORB IL1RAPL2",0.0157788451576775,5.52050614550849,0.230690913009225,0.6316470142708,0.863852053271977,0.863852053271977,"social_isolation_avg"
"8448","AC123777.1","Exc L4-5 RORB IL1RAPL2",-0.0149314332329997,0.41580976662461,0.0149264546970674,0.902909725814619,0.978262943641483,0.978262943641483,"social_isolation_avg"
"8449","LINC00681","Exc L4-5 RORB IL1RAPL2",-0.334277262486101,-0.886917368624376,2.30990959778168,0.130461999949647,0.415707561644876,0.415707561644876,"social_isolation_avg"
"8450","TRMT9B","Exc L4-5 RORB IL1RAPL2",0.0641259922614087,7.07182231533404,6.27059141002242,0.0132453075247866,0.115842694352451,0.115842694352451,"social_isolation_avg"
"8451","DLC1","Exc L4-5 RORB IL1RAPL2",-0.0103308094915834,6.51102527986357,0.0507917900957131,0.82196957487908,0.952912586623802,0.952912586623802,"social_isolation_avg"
"8452","SGCZ","Exc L4-5 RORB IL1RAPL2",0.181518000296641,7.13231238891788,1.43628858345065,0.232456294162107,0.555061274841145,0.555061274841145,"social_isolation_avg"
"8453","TUSC3","Exc L4-5 RORB IL1RAPL2",0.00141802332165691,7.13661760348529,0.00617456704066275,0.937463000738054,0.987569591724554,0.987569591724554,"social_isolation_avg"
"8454","AC018437.2","Exc L4-5 RORB IL1RAPL2",0.212364814644247,-0.738148480751268,0.537416665275428,0.464543675965514,0.761200244718799,0.761200244718799,"social_isolation_avg"
"8455","MSR1","Exc L4-5 RORB IL1RAPL2",0.229071383838671,-0.0588612832470885,1.0443558182925,0.308303891791292,0.638291052536833,0.638291052536833,"social_isolation_avg"
"8456","AC068992.1","Exc L4-5 RORB IL1RAPL2",0.192456652115789,0.375737118629871,3.10516979385077,0.0798925096636428,0.324457217288213,0.324457217288213,"social_isolation_avg"
"8457","FGF20","Exc L4-5 RORB IL1RAPL2",0.00367493349443722,0.311233460189381,0.00109546281710516,0.973636547702354,0.99572295699374,0.99572295699374,"social_isolation_avg"
"8458","MICU3","Exc L4-5 RORB IL1RAPL2",0.00981179755034814,7.38835395579038,0.462714279023861,0.497309797685226,0.784721764823798,0.784721764823798,"social_isolation_avg"
"8459","AC079193.2","Exc L4-5 RORB IL1RAPL2",0.0928949167546031,2.3494416259693,1.47823883697,0.225783790012568,0.547488798004331,0.547488798004331,"social_isolation_avg"
"8460","ZDHHC2","Exc L4-5 RORB IL1RAPL2",-0.0314195741950463,5.39478135432131,1.013512348983,0.315534293392106,0.643791637580957,0.643791637580957,"social_isolation_avg"
"8461","CNOT7","Exc L4-5 RORB IL1RAPL2",0.0324374200106193,5.4532321341862,1.97202270080902,0.162109500434127,0.464847563243478,0.464847563243478,"social_isolation_avg"
"8462","VPS37A","Exc L4-5 RORB IL1RAPL2",0.00412258273193584,5.33069365030584,0.0466667380312995,0.829234722547434,0.954741653428854,0.954741653428854,"social_isolation_avg"
"8463","MTMR7","Exc L4-5 RORB IL1RAPL2",0.0334632157392866,6.2996487055799,3.57047837032443,0.0605661600274313,0.280257352379317,0.280257352379317,"social_isolation_avg"
"8464","PDGFRL","Exc L4-5 RORB IL1RAPL2",-0.105901119187621,1.24683018140224,0.564207917393333,0.453637794930859,0.753008849070831,0.753008849070831,"social_isolation_avg"
"8465","MTUS1","Exc L4-5 RORB IL1RAPL2",-1.79165801381307,-0.190600042384662,28.6018085444272,2.93962373112231e-07,0.000185402068721884,0.000185402068721884,"social_isolation_avg"
"8466","PCM1","Exc L4-5 RORB IL1RAPL2",0.00405861896674722,7.66322774366536,0.0609080132399436,0.805372739170648,0.9461942004252,0.9461942004252,"social_isolation_avg"
"8467","ASAH1","Exc L4-5 RORB IL1RAPL2",-0.00572326402869207,5.92180079268536,0.0445078168535933,0.833171509567158,0.956474321257097,0.956474321257097,"social_isolation_avg"
"8468","AC124242.1","Exc L4-5 RORB IL1RAPL2",0.000477862868993912,1.95876253141841,7.0468359794444e-05,0.993312324747442,0.999333359735543,0.999333359735543,"social_isolation_avg"
"8469","PSD3","Exc L4-5 RORB IL1RAPL2",-0.0591759062635856,8.39443461891946,10.0364074748656,0.00182846710551126,0.035338535345637,0.035338535345637,"social_isolation_avg"
"8470","AC100849.1","Exc L4-5 RORB IL1RAPL2",0.187555967375443,0.543429149753325,3.35251000660811,0.0689031656949859,0.300330774197285,0.300330774197285,"social_isolation_avg"
"8471","SH2D4A","Exc L4-5 RORB IL1RAPL2",-0.0691079289728044,0.765403796413103,0.45303343380538,0.501837862968561,0.787882582027356,0.787882582027356,"social_isolation_avg"
"8472","CSGALNACT1","Exc L4-5 RORB IL1RAPL2",0.0194961991480381,7.23953599817497,0.406762531694931,0.524499799175707,0.804284034379087,0.804284034379087,"social_isolation_avg"
"8473","INTS10","Exc L4-5 RORB IL1RAPL2",0.0427416633911531,6.29690292577944,5.45672579551143,0.0206935086090799,0.151642864598141,0.151642864598141,"social_isolation_avg"
"8474","LPL","Exc L4-5 RORB IL1RAPL2",-0.123914550534122,1.63966314238236,1.04100973495187,0.309077719282263,0.639065095824259,0.639065095824259,"social_isolation_avg"
"8475","ATP6V1B2","Exc L4-5 RORB IL1RAPL2",-0.0910042597064262,7.0522864615322,18.0296045965272,3.61941674755206e-05,0.00309407259566648,0.00309407259566648,"social_isolation_avg"
"8476","LZTS1","Exc L4-5 RORB IL1RAPL2",-0.870933511438596,-0.30882710556612,7.05621201153513,0.0086729672384212,0.0905136310635232,0.0905136310635232,"social_isolation_avg"
"8477","AC018541.1","Exc L4-5 RORB IL1RAPL2",-0.0213663676399305,0.044213316167899,0.021928719075036,0.882457367744175,0.973039332684846,0.973039332684846,"social_isolation_avg"
"8478","AC015468.3","Exc L4-5 RORB IL1RAPL2",-0.122276052130041,1.86203243390333,2.1837720657201,0.141375114059856,0.43481120499456,0.43481120499456,"social_isolation_avg"
"8479","LINC02153","Exc L4-5 RORB IL1RAPL2",0.0665049327839645,1.79116227589242,0.645254472815148,0.422968021920713,0.729799192300001,0.729799192300001,"social_isolation_avg"
"8480","GFRA2","Exc L4-5 RORB IL1RAPL2",-0.00274186257515782,6.23452733564126,0.00861861533633602,0.92614587839563,0.98417618971798,0.98417618971798,"social_isolation_avg"
"8481","XPO7","Exc L4-5 RORB IL1RAPL2",0.0152914899862049,6.24718930532383,0.778365935202793,0.378922536064473,0.697295594716582,0.697295594716582,"social_isolation_avg"
"8482","NPM2","Exc L4-5 RORB IL1RAPL2",-0.000525751068897156,5.6068563905831,0.000412221688242201,0.983825955729171,0.998121784353124,0.998121784353124,"social_isolation_avg"
"8483","FGF17","Exc L4-5 RORB IL1RAPL2",0.0383287487792501,4.94788410710093,1.02879155995168,0.311925021575453,0.640881075140314,0.640881075140314,"social_isolation_avg"
"8484","DMTN","Exc L4-5 RORB IL1RAPL2",-0.0814759867574806,6.91164918559695,17.4994630242361,4.65437259425961e-05,0.00353676240385486,0.00353676240385486,"social_isolation_avg"
"8485","FAM160B2","Exc L4-5 RORB IL1RAPL2",-0.00581750282229109,4.16328586984886,0.0298025378163186,0.863150230444409,0.965740698866505,0.965740698866505,"social_isolation_avg"
"8486","NUDT18","Exc L4-5 RORB IL1RAPL2",-0.150320184535431,1.18051066181518,2.7638028157717,0.0983139032962918,0.36317793132939,0.36317793132939,"social_isolation_avg"
"8487","HR","Exc L4-5 RORB IL1RAPL2",0.0590387199546083,3.76932765444014,2.28902739933167,0.132201155859429,0.418312039469903,0.418312039469903,"social_isolation_avg"
"8488","REEP4","Exc L4-5 RORB IL1RAPL2",-0.177755136331592,0.326975826922233,3.00256304640373,0.0849979684318787,0.335330809153373,0.335330809153373,"social_isolation_avg"
"8489","LGI3","Exc L4-5 RORB IL1RAPL2",-0.0689428638909506,5.17418360988373,4.29123939769993,0.0398627892952763,0.221836422428213,0.221836422428213,"social_isolation_avg"
"8490","SFTPC","Exc L4-5 RORB IL1RAPL2",-0.073737927455296,2.29024962866102,1.57001182802311,0.21197489221236,0.530327882569527,0.530327882569527,"social_isolation_avg"
"8491","BMP1","Exc L4-5 RORB IL1RAPL2",-0.0192926111325679,2.17929254948505,0.106727152317746,0.744314735697804,0.920649742703677,0.920649742703677,"social_isolation_avg"
"8492","PHYHIP","Exc L4-5 RORB IL1RAPL2",-0.0699227203929061,7.23631803262868,4.20338174502268,0.0419228540194948,0.228462650029626,0.228462650029626,"social_isolation_avg"
"8493","POLR3D","Exc L4-5 RORB IL1RAPL2",-0.109502554938246,2.45185299671953,4.49085702532313,0.0355703970558186,0.2067152062132,0.2067152062132,"social_isolation_avg"
"8494","AC105206.2","Exc L4-5 RORB IL1RAPL2",0.104864226118666,0.563278795448616,1.23096819410127,0.268830345001344,0.598909567616912,0.598909567616912,"social_isolation_avg"
"8495","PIWIL2","Exc L4-5 RORB IL1RAPL2",0.158783877072365,1.46556505203567,3.14730921415838,0.0778932783145377,0.320744008485172,0.320744008485172,"social_isolation_avg"
"8496","SLC39A14","Exc L4-5 RORB IL1RAPL2",-0.0101249970299679,5.23541236888145,0.16573233437074,0.684459492056238,0.890917736857058,0.890917736857058,"social_isolation_avg"
"8497","PPP3CC","Exc L4-5 RORB IL1RAPL2",0.041071695084861,6.72701987189059,6.80231751074923,0.00993779974338751,0.0979849447340464,0.0979849447340464,"social_isolation_avg"
"8498","AC037459.2","Exc L4-5 RORB IL1RAPL2",0.0877155064684898,1.24823679360695,0.79729912304923,0.373200219736658,0.691608360199539,0.691608360199539,"social_isolation_avg"
"8499","SORBS3","Exc L4-5 RORB IL1RAPL2",-0.00205102264221505,4.08014298022283,0.0032030780640298,0.954935579580576,0.990045813766799,0.990045813766799,"social_isolation_avg"
"8500","C8orf58","Exc L4-5 RORB IL1RAPL2",-0.0221384864526437,0.843143239251776,0.0644139637424206,0.799966212524438,0.943945164151848,0.943945164151848,"social_isolation_avg"
"8501","CCAR2","Exc L4-5 RORB IL1RAPL2",-0.0388474363768087,4.10471913828349,0.907878430303069,0.342069194869227,0.665189232900375,0.665189232900375,"social_isolation_avg"
"8502","AC037459.3","Exc L4-5 RORB IL1RAPL2",-0.0752213085604837,1.32890220441906,1.04447247611725,0.308276958783914,0.638291052536833,0.638291052536833,"social_isolation_avg"
"8503","BIN3","Exc L4-5 RORB IL1RAPL2",0.0801737785225179,5.02443916651456,8.51236925227615,0.00401843033425922,0.0572150496061083,0.0572150496061083,"social_isolation_avg"
"8504","EGR3","Exc L4-5 RORB IL1RAPL2",-0.055535830207387,3.32364336309899,0.700814706458959,0.40371877683311,0.715910307072097,0.715910307072097,"social_isolation_avg"
"8505","PEBP4","Exc L4-5 RORB IL1RAPL2",0.0817066360879044,4.18195798556332,3.22705118622221,0.0742571030385479,0.312226365909414,0.312226365909414,"social_isolation_avg"
"8506","AC037441.1","Exc L4-5 RORB IL1RAPL2",0.108771588999373,0.909382926597737,1.04953427846504,0.307111284927463,0.636943523446061,0.636943523446061,"social_isolation_avg"
"8507","AC107959.1","Exc L4-5 RORB IL1RAPL2",-0.0689173104474206,0.699001687329615,0.468324042232147,0.859458401205688,0.964243395716678,0.964243395716678,"social_isolation_avg"
"8508","RHOBTB2","Exc L4-5 RORB IL1RAPL2",-0.0298997168514874,6.49995582942507,1.02665806439583,0.31242572901794,0.641335468984896,0.641335468984896,"social_isolation_avg"
"8509","TNFRSF10B","Exc L4-5 RORB IL1RAPL2",0.10978617965877,1.49307813652118,2.28630259854263,0.132430007052701,0.418578681860188,0.418578681860188,"social_isolation_avg"
"8510","CHMP7","Exc L4-5 RORB IL1RAPL2",-0.085906722596396,4.13651928910895,9.18688436522575,0.00283025249314216,0.0460547464838661,0.0460547464838661,"social_isolation_avg"
"8511","R3HCC1","Exc L4-5 RORB IL1RAPL2",-0.0708280030201967,3.32233030558678,2.93626168167272,0.0884856542354333,0.343151683498388,0.343151683498388,"social_isolation_avg"
"8512","LOXL2","Exc L4-5 RORB IL1RAPL2",0.100952752703868,2.93472380037094,2.38685990316114,0.124271542942374,0.406033822139985,0.406033822139985,"social_isolation_avg"
"8513","ENTPD4","Exc L4-5 RORB IL1RAPL2",-0.00945444026950247,5.4665812249226,0.185897168114725,0.666915288446328,0.882833547488558,0.882833547488558,"social_isolation_avg"
"8514","SLC25A37","Exc L4-5 RORB IL1RAPL2",-0.0419254137235112,5.72825783578151,2.0966180105584,0.149519433910456,0.446642755151382,0.446642755151382,"social_isolation_avg"
"8515","NKX3-1","Exc L4-5 RORB IL1RAPL2",-0.156643633177574,-0.029459441962579,1.13638031715302,0.287973055205042,0.61924516167003,0.61924516167003,"social_isolation_avg"
"8516","AC023202.1","Exc L4-5 RORB IL1RAPL2",0.13926102051876,1.9385881322072,3.10520873812347,0.079890636467348,0.324457217288213,0.324457217288213,"social_isolation_avg"
"8517","ADAM28","Exc L4-5 RORB IL1RAPL2",0.312265289193002,0.617247261897622,2.65960433586554,0.104830240246744,0.374821458325754,0.374821458325754,"social_isolation_avg"
"8518","AC120193.1","Exc L4-5 RORB IL1RAPL2",0.120975573319742,8.23621832933322,6.61718818857305,0.0109794622948329,0.104079361763794,0.104079361763794,"social_isolation_avg"
"8519","ADAM7","Exc L4-5 RORB IL1RAPL2",0.135778387431747,0.730583444760218,1.15346223783656,0.284390849960989,0.615599962488488,0.615599962488488,"social_isolation_avg"
"8520","AF106564.1","Exc L4-5 RORB IL1RAPL2",-0.0710393538575028,3.43583093539331,2.03980965221355,0.155115540583495,0.454258097454355,0.454258097454355,"social_isolation_avg"
"8521","NEFM","Exc L4-5 RORB IL1RAPL2",-0.101774159313895,6.52376424485975,5.72282545355698,0.0178680067624183,0.139785484388952,0.139785484388952,"social_isolation_avg"
"8522","NEFL","Exc L4-5 RORB IL1RAPL2",-0.139059720067387,7.24886107974235,14.5476137140946,0.000192707932417873,0.00857935715124373,0.00857935715124373,"social_isolation_avg"
"8523","AC107373.2","Exc L4-5 RORB IL1RAPL2",-0.119785522809939,1.45705892692301,3.01650867955038,0.0842836514284113,0.334045029048381,0.334045029048381,"social_isolation_avg"
"8524","AC107373.1","Exc L4-5 RORB IL1RAPL2",0.220782320549426,-0.324004519492371,2.30069575480418,0.131226173446884,0.417088934619266,0.417088934619266,"social_isolation_avg"
"8525","GNRH1","Exc L4-5 RORB IL1RAPL2",0.0499777576565722,1.51724933862613,0.558781786689809,0.455813578318553,0.754119203822316,0.754119203822316,"social_isolation_avg"
"8526","KCTD9","Exc L4-5 RORB IL1RAPL2",0.0402575730407708,4.09655910481708,2.14025664590457,0.234059512566101,0.557222790817676,0.557222790817676,"social_isolation_avg"
"8527","EBF2","Exc L4-5 RORB IL1RAPL2",-0.0988988966538068,-0.261644120235586,0.361890968733758,0.548282071282016,0.816211256548152,0.816211256548152,"social_isolation_avg"
"8528","PPP2R2A","Exc L4-5 RORB IL1RAPL2",-0.0140594998973253,6.47716699989351,0.534564153621892,0.465729442482032,0.76195994649395,0.76195994649395,"social_isolation_avg"
"8529","BNIP3L","Exc L4-5 RORB IL1RAPL2",-0.0161473596442766,7.66073691048991,0.349887158210038,0.554985091808725,0.819993849479595,0.819993849479595,"social_isolation_avg"
"8530","PNMA2","Exc L4-5 RORB IL1RAPL2",-0.0492340901531076,7.70457763069257,3.28388799022781,0.071777836003106,0.307068740989825,0.307068740989825,"social_isolation_avg"
"8531","DPYSL2","Exc L4-5 RORB IL1RAPL2",-0.0345335367281535,8.43165454225375,4.28710395174513,0.0399573092016646,0.222195122025775,0.222195122025775,"social_isolation_avg"
"8532","ADRA1A","Exc L4-5 RORB IL1RAPL2",-0.199891146174833,3.94580135580763,1.09409084793206,0.297093734125125,0.627588538950708,0.627588538950708,"social_isolation_avg"
"8533","STMN4","Exc L4-5 RORB IL1RAPL2",-0.119935723252701,6.0772663657024,15.382316005082,0.000128475928024712,0.00667827756636146,0.00667827756636146,"social_isolation_avg"
"8534","TRIM35","Exc L4-5 RORB IL1RAPL2",-0.0100125572889811,3.47455820741161,0.0544861011855976,0.815722097632689,0.951591878420689,0.951591878420689,"social_isolation_avg"
"8535","PTK2B","Exc L4-5 RORB IL1RAPL2",-0.0332036520999876,6.87444295220319,0.649896408978555,0.421307996366542,0.727997132351721,0.727997132351721,"social_isolation_avg"
"8536","EPHX2","Exc L4-5 RORB IL1RAPL2",-0.0609732076102409,2.50613647859666,1.0242751934841,0.490448457501294,0.780776748062512,0.780776748062512,"social_isolation_avg"
"8537","CLU","Exc L4-5 RORB IL1RAPL2",-0.0980509840427058,7.51984416826528,7.52647542847768,0.00675116560935568,0.0790462899100364,0.0790462899100364,"social_isolation_avg"
"8538","SCARA3","Exc L4-5 RORB IL1RAPL2",0.0159463404075017,3.28937591119102,0.0873826873670239,0.767902281584008,0.931018779306101,0.931018779306101,"social_isolation_avg"
"8539","CCDC25","Exc L4-5 RORB IL1RAPL2",-0.0834260220966422,4.91516668066747,9.56565263311552,0.00232790972187189,0.040973376602361,0.040973376602361,"social_isolation_avg"
"8540","AC013643.2","Exc L4-5 RORB IL1RAPL2",0.00808723076471656,2.0820587881031,0.0104011185070441,0.918891498439672,0.983105896136627,0.983105896136627,"social_isolation_avg"
"8541","ESCO2","Exc L4-5 RORB IL1RAPL2",0.0834654819273676,-0.418595597728527,0.333643663883261,0.564307373596221,0.826725939162625,0.826725939162625,"social_isolation_avg"
"8542","ELP3","Exc L4-5 RORB IL1RAPL2",0.00962766777373111,5.27722205881925,0.226863602682584,0.668430865880641,0.883098002651187,0.883098002651187,"social_isolation_avg"
"8543","AC021678.2","Exc L4-5 RORB IL1RAPL2",0.0592493214836498,-0.0698382611248774,0.187699953386268,0.665402679162996,0.881720295009668,0.881720295009668,"social_isolation_avg"
"8544","ZNF395","Exc L4-5 RORB IL1RAPL2",-0.0740332073249505,2.37921680250963,2.18614218600311,0.141160774814412,0.434486809189033,0.434486809189033,"social_isolation_avg"
"8545","FBXO16","Exc L4-5 RORB IL1RAPL2",0.0163352559627434,6.29380633410355,0.542787938806513,0.46232396950208,0.759708822020382,0.759708822020382,"social_isolation_avg"
"8546","AC025871.1","Exc L4-5 RORB IL1RAPL2",-0.0648674884438566,1.24555608979091,0.500650664230758,0.480210787413709,0.773150809109496,0.773150809109496,"social_isolation_avg"
"8547","FZD3","Exc L4-5 RORB IL1RAPL2",-0.0371159579611594,7.06942832757772,4.05756764589789,0.045595267087198,0.239626865829127,0.239626865829127,"social_isolation_avg"
"8548","EXTL3","Exc L4-5 RORB IL1RAPL2",0.0350954942965332,6.43887513760202,2.47229160416597,0.117781027983464,0.396511034071482,0.396511034071482,"social_isolation_avg"
"8549","EXTL3-AS1","Exc L4-5 RORB IL1RAPL2",0.118286497564564,0.757174690410575,1.91376011762694,0.168411686609696,0.472146617623656,0.472146617623656,"social_isolation_avg"
"8550","INTS9","Exc L4-5 RORB IL1RAPL2",0.0429551733070754,5.19382943926517,3.3065591651934,0.0708140224130692,0.304793475449882,0.304793475449882,"social_isolation_avg"
"8551","HMBOX1","Exc L4-5 RORB IL1RAPL2",0.0387640980264788,6.53951378410648,5.45464795621946,0.0207173226207584,0.151758599034987,0.151758599034987,"social_isolation_avg"
"8552","KIF13B","Exc L4-5 RORB IL1RAPL2",-0.0222628212046015,4.45309875974932,0.608779836452537,0.436363437531847,0.740271598474153,0.740271598474153,"social_isolation_avg"
"8553","AC108449.1","Exc L4-5 RORB IL1RAPL2",0.0833958716244391,0.17963186160252,0.398044520774768,0.52897224998587,0.806696537598344,0.806696537598344,"social_isolation_avg"
"8554","DUSP4","Exc L4-5 RORB IL1RAPL2",-0.0707388530336138,-0.248787399338586,0.0903364808843114,0.764127515657226,0.929360205936259,0.929360205936259,"social_isolation_avg"
"8555","SARAF","Exc L4-5 RORB IL1RAPL2",-0.087798663034718,7.4618499947788,25.4264542158081,1.19812720157344e-06,0.00039085801346502,0.00039085801346502,"social_isolation_avg"
"8556","AC044849.1","Exc L4-5 RORB IL1RAPL2",0.0995381296415482,0.522357244311658,1.01231750045986,0.315818852534412,0.64385394987648,0.64385394987648,"social_isolation_avg"
"8557","LEPROTL1","Exc L4-5 RORB IL1RAPL2",-0.00318933159432472,4.68403425565165,0.0150071607248656,0.902648915058918,0.978262943641483,0.978262943641483,"social_isolation_avg"
"8558","AC026979.2","Exc L4-5 RORB IL1RAPL2",-0.00710839457925171,1.65531796629051,0.0098840187488424,0.920926540675294,0.983427396790068,0.983427396790068,"social_isolation_avg"
"8559","DCTN6","Exc L4-5 RORB IL1RAPL2",-0.00761655393725682,4.03061689561947,0.0539177477373946,0.910499120727877,0.980900407862675,0.980900407862675,"social_isolation_avg"
"8560","AC026979.3","Exc L4-5 RORB IL1RAPL2",-0.0831228618240767,1.04324472291541,1.01348274468169,0.315541339724064,0.643791637580957,0.643791637580957,"social_isolation_avg"
"8561","RBPMS","Exc L4-5 RORB IL1RAPL2",0.050103525954225,2.1829432573002,0.415545936411077,0.520061542790531,0.800692592303203,0.800692592303203,"social_isolation_avg"
"8562","GTF2E2","Exc L4-5 RORB IL1RAPL2",0.0436478024411148,5.1170774835781,3.55815067260375,0.0610074879578237,0.281172482859903,0.281172482859903,"social_isolation_avg"
"8563","SMIM18","Exc L4-5 RORB IL1RAPL2",-0.0798330534003762,1.2500678617301,0.962505841060578,0.327990086904063,0.653764769231232,0.653764769231232,"social_isolation_avg"
"8564","GSR","Exc L4-5 RORB IL1RAPL2",0.0421169390273899,5.06598658741507,2.26077470098241,0.134595863728259,0.422616717159376,0.422616717159376,"social_isolation_avg"
"8565","UBXN8","Exc L4-5 RORB IL1RAPL2",0.0541836344265348,2.28405569198288,0.981891584840553,0.349799384947512,0.671207179528378,0.671207179528378,"social_isolation_avg"
"8566","PPP2CB","Exc L4-5 RORB IL1RAPL2",-0.0539685078500444,6.4949876922258,9.23256835688368,0.00276418459114753,0.045479249260089,0.045479249260089,"social_isolation_avg"
"8567","TEX15","Exc L4-5 RORB IL1RAPL2",-0.132470861241597,1.96913574438154,3.05318515733392,0.0824360777682698,0.330250482204835,0.330250482204835,"social_isolation_avg"
"8568","PURG","Exc L4-5 RORB IL1RAPL2",-0.017557846070263,6.13396613167199,0.556700632139584,0.456652462333952,0.754613208717965,0.754613208717965,"social_isolation_avg"
"8569","WRN","Exc L4-5 RORB IL1RAPL2",0.035522276359885,6.10251189877249,3.36750468788393,0.0682917273155989,0.298769709827493,0.298769709827493,"social_isolation_avg"
"8570","AC068672.2","Exc L4-5 RORB IL1RAPL2",0.0461434973676981,-0.436844593839648,0.0757681015496142,0.783460220443732,0.937767967529855,0.937767967529855,"social_isolation_avg"
"8571","NRG1","Exc L4-5 RORB IL1RAPL2",0.0621872283319253,11.1175766785098,7.31353865503418,0.00756008583611659,0.0842081826257726,0.0842081826257726,"social_isolation_avg"
"8572","AC090204.1","Exc L4-5 RORB IL1RAPL2",0.115143305706745,1.09501102078027,1.34610329189615,0.247633491328899,0.573918825261403,0.573918825261403,"social_isolation_avg"
"8573","AC067838.1","Exc L4-5 RORB IL1RAPL2",0.0953610159660653,-0.243854735733407,0.442629762783847,0.50678314515757,0.791419931456453,0.791419931456453,"social_isolation_avg"
"8574","FUT10","Exc L4-5 RORB IL1RAPL2",0.0707357034901102,3.99192926293358,2.58610941084356,0.109713202691976,0.382863059412556,0.382863059412556,"social_isolation_avg"
"8575","TTI2","Exc L4-5 RORB IL1RAPL2",0.094123466972898,3.92085618685806,6.21727438451887,0.0136347863989747,0.117372062536397,0.117372062536397,"social_isolation_avg"
"8576","MAK16","Exc L4-5 RORB IL1RAPL2",-0.0103417939116943,2.25995418496546,0.0363808773894082,0.848965148057136,0.961873912835597,0.961873912835597,"social_isolation_avg"
"8577","RNF122","Exc L4-5 RORB IL1RAPL2",-0.176564206146895,-0.143029014413028,1.40241031309293,0.238020476292517,0.561964740695124,0.561964740695124,"social_isolation_avg"
"8578","DUSP26","Exc L4-5 RORB IL1RAPL2",-0.105022324483311,4.68369942562396,16.3312116877374,8.13232854879154e-05,0.00499583728804171,0.00499583728804171,"social_isolation_avg"
"8579","AF279873.3","Exc L4-5 RORB IL1RAPL2",0.126810329473627,4.6091055061252,4.81037743071298,0.0296852949790178,0.1866031449495,0.1866031449495,"social_isolation_avg"
"8580","AC087855.2","Exc L4-5 RORB IL1RAPL2",0.433706342493724,-0.149699953955603,10.3660276749701,0.00154533533275816,0.0315167648694367,0.0315167648694367,"social_isolation_avg"
"8581","AC090993.1","Exc L4-5 RORB IL1RAPL2",0.161485345707866,1.64424060560328,3.61014461054879,0.0591692297419357,0.276566451567976,0.276566451567976,"social_isolation_avg"
"8582","UNC5D","Exc L4-5 RORB IL1RAPL2",0.00221083147266815,9.56325057243059,0.0082700534036479,0.927650505994751,0.98417618971798,0.98417618971798,"social_isolation_avg"
"8583","AC100818.1","Exc L4-5 RORB IL1RAPL2",-0.180807063516054,2.67844072074077,2.28726565382718,0.132349070815249,0.418531332520068,0.418531332520068,"social_isolation_avg"
"8584","AC124290.1","Exc L4-5 RORB IL1RAPL2",-0.1948205509987,1.77709255249829,2.62494320247766,0.107102459758185,0.378570726919087,0.378570726919087,"social_isolation_avg"
"8585","AC090809.1","Exc L4-5 RORB IL1RAPL2",-0.00591984050713689,0.421443846763297,0.00323614291498806,0.954703831462991,0.99002253617841,0.99002253617841,"social_isolation_avg"
"8586","LINC01605","Exc L4-5 RORB IL1RAPL2",0.208415563652517,-0.0393557071476804,0.586499353884249,0.444868184294258,0.746285212787628,0.746285212787628,"social_isolation_avg"
"8587","AC137579.2","Exc L4-5 RORB IL1RAPL2",0.479929718738464,-0.796200132311215,3.75577224330375,0.0543295671030933,0.264469768695787,0.264469768695787,"social_isolation_avg"
"8588","AC137579.1","Exc L4-5 RORB IL1RAPL2",0.488457939750714,0.357418387576151,9.00568973616185,0.00310867677290284,0.0489752483098207,0.0489752483098207,"social_isolation_avg"
"8589","ZNF703","Exc L4-5 RORB IL1RAPL2",-0.364330860857846,-0.0487845768137015,4.94445528309011,0.0275298864719652,0.178561763787118,0.178561763787118,"social_isolation_avg"
"8590","ERLIN2","Exc L4-5 RORB IL1RAPL2",-0.0538214752368325,2.76406470416179,1.43857161921048,0.232087054898217,0.55452950697426,0.55452950697426,"social_isolation_avg"
"8591","PLPBP","Exc L4-5 RORB IL1RAPL2",-0.0760357561098808,4.43143674456289,7.32515545316417,0.00751347326205318,0.0840059922466743,0.0840059922466743,"social_isolation_avg"
"8592","ADGRA2","Exc L4-5 RORB IL1RAPL2",-0.0126740683801698,3.51538967366239,0.130221589094342,0.718663159616659,0.908254499244371,0.908254499244371,"social_isolation_avg"
"8593","BRF2","Exc L4-5 RORB IL1RAPL2",-0.120011786670715,2.36802237825221,5.69048199114163,0.0181887901672961,0.141061912579908,0.141061912579908,"social_isolation_avg"
"8594","RAB11FIP1","Exc L4-5 RORB IL1RAPL2",0.0879528001957802,3.32301593933659,5.82412677146852,0.0169009276197021,0.134080692449636,0.134080692449636,"social_isolation_avg"
"8595","EIF4EBP1","Exc L4-5 RORB IL1RAPL2",0.0565366300081402,1.06328145988477,0.428186136140918,0.513789739777317,0.796784848775372,0.796784848775372,"social_isolation_avg"
"8596","AP006545.2","Exc L4-5 RORB IL1RAPL2",-0.183985086170737,-0.0344874094875072,2.07143345471067,0.187137422967114,0.49639996216038,0.49639996216038,"social_isolation_avg"
"8597","ASH2L","Exc L4-5 RORB IL1RAPL2",0.0501887823579654,5.25518768077607,7.1400605820876,0.00829284569838533,0.0883993991319149,0.0883993991319149,"social_isolation_avg"
"8598","STAR","Exc L4-5 RORB IL1RAPL2",-0.025681477333696,0.983486610625458,0.0932590731176223,0.760458315888234,0.927999470810789,0.927999470810789,"social_isolation_avg"
"8599","AC084024.3","Exc L4-5 RORB IL1RAPL2",0.0119234516163686,1.00114215992053,0.0261829228310353,0.871652008767471,0.968553421299584,0.968553421299584,"social_isolation_avg"
"8600","LSM1","Exc L4-5 RORB IL1RAPL2",-0.0943909643865236,3.66871584289589,9.08451462711615,0.00298425099784583,0.0476900448735143,0.0476900448735143,"social_isolation_avg"
"8601","BAG4","Exc L4-5 RORB IL1RAPL2",-0.000778870688263035,6.20964122207386,0.00201927678423017,0.964212271977759,0.993241528641724,0.993241528641724,"social_isolation_avg"
"8602","DDHD2","Exc L4-5 RORB IL1RAPL2",0.0331550628220568,6.01316204022337,2.70117076520862,0.102175323517253,0.370498140335366,0.370498140335366,"social_isolation_avg"
"8603","PLPP5","Exc L4-5 RORB IL1RAPL2",-0.0598951279973482,3.07491947970234,2.01339383666782,0.161024998684483,0.46311324829844,0.46311324829844,"social_isolation_avg"
"8604","NSD3","Exc L4-5 RORB IL1RAPL2",-0.0111300347364099,8.19134358068757,0.744057844914276,0.389613839760155,0.704566898795937,0.704566898795937,"social_isolation_avg"
"8605","LETM2","Exc L4-5 RORB IL1RAPL2",-0.00953209610526164,2.72213514447891,0.0426570397528947,0.951690525565551,0.989392111770647,0.989392111770647,"social_isolation_avg"
"8606","AC087623.1","Exc L4-5 RORB IL1RAPL2",0.0272843665035332,-0.00260258774740951,0.050367808346698,0.850174047924967,0.961873912835597,0.961873912835597,"social_isolation_avg"
"8607","AC087623.4","Exc L4-5 RORB IL1RAPL2",0.0679947683089016,0.646034423249514,0.516953942541723,0.592453599744444,0.842274306180829,0.842274306180829,"social_isolation_avg"
"8608","FGFR1","Exc L4-5 RORB IL1RAPL2",0.00473101647799662,5.54322180744269,0.0161294597697137,0.899093326635631,0.977349467613051,0.977349467613051,"social_isolation_avg"
"8609","AC087623.2","Exc L4-5 RORB IL1RAPL2",0.0504494440352878,0.159410178222886,0.154802820722205,0.694494239983035,0.896146969833973,0.896146969833973,"social_isolation_avg"
"8610","C8orf86","Exc L4-5 RORB IL1RAPL2",0.071849464279622,1.30596124854397,0.830135177597322,0.363560215206792,0.682892291774962,0.682892291774962,"social_isolation_avg"
"8611","AC069120.1","Exc L4-5 RORB IL1RAPL2",0.0432646494407164,5.51591967493764,1.39248615916493,0.239681118410323,0.563662070415884,0.563662070415884,"social_isolation_avg"
"8612","TACC1","Exc L4-5 RORB IL1RAPL2",-0.0343919759150324,7.65102409530617,2.65898504219568,0.10487036739755,0.374821458325754,0.374821458325754,"social_isolation_avg"
"8613","AC067817.2","Exc L4-5 RORB IL1RAPL2",-0.0034314549597349,-0.32631646106049,0.000912228351807994,0.975941497901667,0.996534758866565,0.996534758866565,"social_isolation_avg"
"8614","PLEKHA2","Exc L4-5 RORB IL1RAPL2",-0.0122441339739849,4.05061968751595,0.0477082165889613,0.827369675205423,0.954161930646283,0.954161930646283,"social_isolation_avg"
"8615","TM2D2","Exc L4-5 RORB IL1RAPL2",-0.0883211737413975,3.16935302032326,6.04118658249658,0.0150078775166037,0.124545636180552,0.124545636180552,"social_isolation_avg"
"8616","ADAM9","Exc L4-5 RORB IL1RAPL2",0.010316338484084,5.41127418506517,0.183394774381254,0.669029392555355,0.88324763721322,0.88324763721322,"social_isolation_avg"
"8617","ADAM32","Exc L4-5 RORB IL1RAPL2",0.016363638152947,5.33680055160844,0.222565830839609,0.637713940561361,0.867064357055679,0.867064357055679,"social_isolation_avg"
"8618","ADAM18","Exc L4-5 RORB IL1RAPL2",0.0563211367200204,0.0323450042595366,0.163057412413862,0.686879006532363,0.892202738337652,0.892202738337652,"social_isolation_avg"
"8619","IDO1","Exc L4-5 RORB IL1RAPL2",0.105954216609818,-0.0678547740681941,0.748935026637642,0.388067887367746,0.703789178269446,0.703789178269446,"social_isolation_avg"
"8620","AC007991.3","Exc L4-5 RORB IL1RAPL2",0.0738662719003959,0.345163386479481,0.490469969400201,0.484702292426912,0.776202470950385,0.776202470950385,"social_isolation_avg"
"8621","AC105999.1","Exc L4-5 RORB IL1RAPL2",0.150455850031163,0.27149398618673,1.69736096333356,0.194445531009014,0.506833433285791,0.506833433285791,"social_isolation_avg"
"8622","AC010857.1","Exc L4-5 RORB IL1RAPL2",-0.00363169534730056,2.53574299293893,0.00450119800516504,0.946590365270485,0.988740948001749,0.988740948001749,"social_isolation_avg"
"8623","ZMAT4","Exc L4-5 RORB IL1RAPL2",-0.00144148737971616,8.4789871656141,0.00549768135913309,0.940983585983949,0.987961902248838,0.987961902248838,"social_isolation_avg"
"8624","GOLGA7","Exc L4-5 RORB IL1RAPL2",-0.0692310773411512,4.31347476556761,8.84630707076961,0.00337680741036182,0.0515115493026393,0.0515115493026393,"social_isolation_avg"
"8625","AC009630.1","Exc L4-5 RORB IL1RAPL2",0.0247200558862528,2.62835582625063,0.222235136823461,0.637963721089444,0.86714363659118,0.86714363659118,"social_isolation_avg"
"8626","GPAT4","Exc L4-5 RORB IL1RAPL2",-0.0619006552054769,4.61876508448942,6.13434722895022,0.0142643863298109,0.120739202482013,0.120739202482013,"social_isolation_avg"
"8627","ANK1","Exc L4-5 RORB IL1RAPL2",0.115862490963126,5.53227560009186,6.38343406141162,0.0124586319195875,0.111561653833656,0.111561653833656,"social_isolation_avg"
"8628","KAT6A","Exc L4-5 RORB IL1RAPL2",0.0297473678596673,6.48248930163726,4.21626136413502,0.0416139238454817,0.227194820486481,0.227194820486481,"social_isolation_avg"
"8629","AP3M2","Exc L4-5 RORB IL1RAPL2",-0.0608031589943079,5.48703849114555,7.23372961653949,0.00788850542136553,0.0863264378702471,0.0863264378702471,"social_isolation_avg"
"8630","PLAT","Exc L4-5 RORB IL1RAPL2",0.0456049708436829,0.394365196860874,0.109503413016235,0.741129303819481,0.918667690734397,0.918667690734397,"social_isolation_avg"
"8631","IKBKB","Exc L4-5 RORB IL1RAPL2",0.0316436933698547,4.92052659174573,1.88565119041552,0.171553062254801,0.476505503658705,0.476505503658705,"social_isolation_avg"
"8632","POLB","Exc L4-5 RORB IL1RAPL2",0.0253049681669972,4.2984934645074,0.6194005061455,0.432397104456553,0.737261026711944,0.737261026711944,"social_isolation_avg"
"8633","VDAC3","Exc L4-5 RORB IL1RAPL2",0.00290022459059802,6.53009114730487,0.0180232808590532,0.89336756693989,0.975474727711369,0.975474727711369,"social_isolation_avg"
"8634","SLC20A2","Exc L4-5 RORB IL1RAPL2",0.0316534003715567,7.21344557255272,2.83080244088107,0.0943601458004397,0.355371878720167,0.355371878720167,"social_isolation_avg"
"8635","SMIM19","Exc L4-5 RORB IL1RAPL2",-0.0381797721797773,4.6218674312379,1.64603694868967,0.201295162650916,0.516364665471528,0.516364665471528,"social_isolation_avg"
"8636","CHRNB3","Exc L4-5 RORB IL1RAPL2",0.12332481099962,0.0762218776346463,0.786466738707647,0.376459103047522,0.695027880189739,0.695027880189739,"social_isolation_avg"
"8637","AC103843.1","Exc L4-5 RORB IL1RAPL2",0.0460921856942732,-0.531557957174471,0.0928487456450951,0.760969637173664,0.928385144961022,0.928385144961022,"social_isolation_avg"
"8638","CHRNA6","Exc L4-5 RORB IL1RAPL2",-0.133425837558798,1.14186902616053,2.26158008971498,0.13452692539759,0.42254049725229,0.42254049725229,"social_isolation_avg"
"8639","THAP1","Exc L4-5 RORB IL1RAPL2",-0.107233405438916,2.88787291067292,6.04627213376101,0.0149662687471461,0.124335994246448,0.124335994246448,"social_isolation_avg"
"8640","RNF170","Exc L4-5 RORB IL1RAPL2",-0.00139954958878797,5.78494916107382,0.00439204831512009,0.947240940279304,0.988740948001749,0.988740948001749,"social_isolation_avg"
"8641","HOOK3","Exc L4-5 RORB IL1RAPL2",0.0384634855557188,6.60808561706798,10.0516720640993,0.00181424916605733,0.0352438206334004,0.0352438206334004,"social_isolation_avg"
"8642","FNTA","Exc L4-5 RORB IL1RAPL2",-0.00224103960494089,3.82372681406753,0.00545763746614666,0.941198515520872,0.987961902248838,0.987961902248838,"social_isolation_avg"
"8643","POMK","Exc L4-5 RORB IL1RAPL2",0.0644068610394542,3.52396028561659,4.24680623324508,0.0408908895413459,0.225165768092735,0.225165768092735,"social_isolation_avg"
"8644","HGSNAT","Exc L4-5 RORB IL1RAPL2",0.0333271079573988,6.26434951415602,2.2648902561666,0.134244005063808,0.422003757966001,0.422003757966001,"social_isolation_avg"
"8645","AC120036.4","Exc L4-5 RORB IL1RAPL2",-0.0913690429093658,2.75927230482475,2.98659900655337,0.0858237907210968,0.337260471071943,0.337260471071943,"social_isolation_avg"
"8646","SPIDR","Exc L4-5 RORB IL1RAPL2",0.0482311521891243,8.52376176815609,10.3638859434045,0.00154702209716137,0.0315167648694367,0.0315167648694367,"social_isolation_avg"
"8647","CEBPD","Exc L4-5 RORB IL1RAPL2",-0.095970451862061,3.7611383086088,2.11754592543131,0.147516171813415,0.443712916233016,0.443712916233016,"social_isolation_avg"
"8648","PRKDC","Exc L4-5 RORB IL1RAPL2",0.00722144985873074,6.66470067864495,0.209462179297214,0.647790279800015,0.871876503350126,0.871876503350126,"social_isolation_avg"
"8649","MCM4","Exc L4-5 RORB IL1RAPL2",-0.0414770917041775,3.38780238435809,1.81529011056932,0.179718910158465,0.486451935285231,0.486451935285231,"social_isolation_avg"
"8650","UBE2V2","Exc L4-5 RORB IL1RAPL2",-0.0961762761164976,6.2197883573093,21.1607642531468,8.36624594906319e-06,0.00119020856843778,0.00119020856843778,"social_isolation_avg"
"8651","AC022915.2","Exc L4-5 RORB IL1RAPL2",-0.0742674877660468,0.460608585138661,0.489703274202844,0.485043354341925,0.776377676157109,0.776377676157109,"social_isolation_avg"
"8652","EFCAB1","Exc L4-5 RORB IL1RAPL2",-0.418509384292015,-0.223689199717985,3.73848483082228,0.0548812324236767,0.265690581415129,0.265690581415129,"social_isolation_avg"
"8653","AC023762.1","Exc L4-5 RORB IL1RAPL2",-0.327491678700934,-0.394393569884975,3.99985688368474,0.0471419089644072,0.244118712881452,0.244118712881452,"social_isolation_avg"
"8654","SNTG1","Exc L4-5 RORB IL1RAPL2",0.0533785374780171,10.6934761390021,5.22496122399876,0.0235348967032197,0.16324348485288,0.16324348485288,"social_isolation_avg"
"8655","PXDNL","Exc L4-5 RORB IL1RAPL2",0.0340017780055996,4.93145681612058,1.08500971263543,0.29910064746667,0.630028300178685,0.630028300178685,"social_isolation_avg"
"8656","AC090186.1","Exc L4-5 RORB IL1RAPL2",0.112218753029752,0.0960397220533269,0.926778066248604,0.337107742174188,0.661054397185915,0.661054397185915,"social_isolation_avg"
"8657","PCMTD1","Exc L4-5 RORB IL1RAPL2",0.0132933471042934,7.24494395602757,0.966579856867949,0.326971464709535,0.653367542552925,0.653367542552925,"social_isolation_avg"
"8658","AC064807.1","Exc L4-5 RORB IL1RAPL2",0.0698942324742927,3.04083777063455,2.0480851783866,0.154285631854338,0.453708414352571,0.453708414352571,"social_isolation_avg"
"8659","AC064807.2","Exc L4-5 RORB IL1RAPL2",0.0889874237702929,0.839715953621174,0.815271458239621,0.56143323947392,0.824361947102098,0.824361947102098,"social_isolation_avg"
"8660","RB1CC1","Exc L4-5 RORB IL1RAPL2",0.0559980883845318,7.19425098796154,12.5023300805597,0.000527484352773995,0.0155702518546595,0.0155702518546595,"social_isolation_avg"
"8661","ATP6V1H","Exc L4-5 RORB IL1RAPL2",-0.00226995822022483,7.07694806147363,0.0259165349351096,0.872300907848407,0.968989929982957,0.968989929982957,"social_isolation_avg"
"8662","TCEA1","Exc L4-5 RORB IL1RAPL2",0.0281601100562104,4.56351856762528,1.70871179116923,0.192968031670319,0.504981339333862,0.504981339333862,"social_isolation_avg"
"8663","AC100821.2","Exc L4-5 RORB IL1RAPL2",0.181370436494853,0.150848449525127,2.47152339389179,0.117837677998511,0.396515508698172,0.396515508698172,"social_isolation_avg"
"8664","LYPLA1","Exc L4-5 RORB IL1RAPL2",0.0126565498580978,5.06968650531331,0.257336290986792,0.612632215969899,0.853014508673667,0.853014508673667,"social_isolation_avg"
"8665","MRPL15","Exc L4-5 RORB IL1RAPL2",-0.0942957961095708,3.85852700119412,7.39479052151277,0.00724021604387046,0.082080364149834,0.082080364149834,"social_isolation_avg"
"8666","RP1","Exc L4-5 RORB IL1RAPL2",0.0322641588033947,0.851903871110198,0.123677378343661,0.807067281559755,0.947357772364077,0.947357772364077,"social_isolation_avg"
"8667","XKR4","Exc L4-5 RORB IL1RAPL2",0.0056437317332498,8.77825347374715,0.0760874826793505,0.783015815477684,0.937626874542957,0.937626874542957,"social_isolation_avg"
"8668","AC022679.2","Exc L4-5 RORB IL1RAPL2",0.0381559127816349,0.620834169645389,0.0992250523388724,0.753158881743663,0.924589402789535,0.924589402789535,"social_isolation_avg"
"8669","TMEM68","Exc L4-5 RORB IL1RAPL2",-0.0433244741779134,4.55290529179954,2.69294229226419,0.134977313186556,0.423164368247398,0.423164368247398,"social_isolation_avg"
"8670","TGS1","Exc L4-5 RORB IL1RAPL2",-0.0339999597222132,5.33379240681864,1.95801689750981,0.163599313526104,0.466724618255869,0.466724618255869,"social_isolation_avg"
"8671","LYN","Exc L4-5 RORB IL1RAPL2",0.000989857503345976,-0.330296215082272,6.24713362899439e-05,0.993703211957081,0.999452588532504,0.999452588532504,"social_isolation_avg"
"8672","RPS20","Exc L4-5 RORB IL1RAPL2",0.0104709075707447,5.01594194748245,0.119115902250816,0.730434128926825,0.913267211869261,0.913267211869261,"social_isolation_avg"
"8673","PLAG1","Exc L4-5 RORB IL1RAPL2",0.0151612220902046,4.12816122910835,0.164122092931698,0.68591323402639,0.891563117498239,0.891563117498239,"social_isolation_avg"
"8674","CHCHD7","Exc L4-5 RORB IL1RAPL2",-0.0871509499714991,3.20230523428259,4.59422719619749,0.033542262705927,0.200204600667377,0.200204600667377,"social_isolation_avg"
"8675","AC107952.2","Exc L4-5 RORB IL1RAPL2",-0.138216284770074,2.29847432433169,6.48972643060363,0.0117619401274159,0.108401202703768,0.108401202703768,"social_isolation_avg"
"8676","SDR16C5","Exc L4-5 RORB IL1RAPL2",-0.0960669001979599,1.88098882110374,1.47828826443583,0.225776066082663,0.547488798004331,0.547488798004331,"social_isolation_avg"
"8677","AC012349.1","Exc L4-5 RORB IL1RAPL2",-0.01413093082589,-0.012948379809797,0.0117241821099309,0.913906287744423,0.981668613012071,0.981668613012071,"social_isolation_avg"
"8678","LINC00968","Exc L4-5 RORB IL1RAPL2",0.299378117924735,0.411407274934605,5.6192271121252,0.0189168810995533,0.143826367043612,0.143826367043612,"social_isolation_avg"
"8679","IMPAD1","Exc L4-5 RORB IL1RAPL2",-0.0808039693948612,5.3571865130572,13.3249155666403,0.000350980256803557,0.0121851329155598,0.0121851329155598,"social_isolation_avg"
"8680","LINC01606","Exc L4-5 RORB IL1RAPL2",-0.0241192348856759,3.51987496977066,0.116380410548063,0.733427119155562,0.914629509322478,0.914629509322478,"social_isolation_avg"
"8681","AC104051.1","Exc L4-5 RORB IL1RAPL2",-0.0221704305382382,-0.0589782190278226,0.0246268660867569,0.875491929197909,0.970500479269633,0.970500479269633,"social_isolation_avg"
"8682","FAM110B","Exc L4-5 RORB IL1RAPL2",-0.116499592950132,5.18614725579724,19.9921682945421,1.43944385372678e-05,0.00175714304234609,0.00175714304234609,"social_isolation_avg"
"8683","AC027698.1","Exc L4-5 RORB IL1RAPL2",-0.0223398859826888,0.387159042264707,0.0483703528884478,0.826195016117081,0.953895283131028,0.953895283131028,"social_isolation_avg"
"8684","UBXN2B","Exc L4-5 RORB IL1RAPL2",0.047649907843613,5.86697138889129,6.82104318303459,0.00983829963614391,0.0974609777044392,0.0974609777044392,"social_isolation_avg"
"8685","SDCBP","Exc L4-5 RORB IL1RAPL2",-0.0645605939451925,5.27203021892605,4.18663315057201,0.0423282300404081,0.229674752493945,0.229674752493945,"social_isolation_avg"
"8686","NSMAF","Exc L4-5 RORB IL1RAPL2",0.0090781097613096,6.41929429159209,0.229071699630114,0.632845467477554,0.864304106405572,0.864304106405572,"social_isolation_avg"
"8687","TOX","Exc L4-5 RORB IL1RAPL2",-0.00596860769438062,9.06395151171507,0.0393868910027445,0.8429280332329,0.960075361474402,0.960075361474402,"social_isolation_avg"
"8688","AC090152.1","Exc L4-5 RORB IL1RAPL2",-0.182573225131428,2.58195634015904,15.2890451698521,0.00013441012743232,0.00685491649904833,0.00685491649904833,"social_isolation_avg"
"8689","CA8","Exc L4-5 RORB IL1RAPL2",-0.115122266036201,3.76365240606833,3.26394796613174,0.0726372769326386,0.308799235214574,0.308799235214574,"social_isolation_avg"
"8690","LINC01301","Exc L4-5 RORB IL1RAPL2",0.0026169495559426,4.50274609625142,0.00491344508161991,0.944202003978582,0.988051457597129,0.988051457597129,"social_isolation_avg"
"8691","RAB2A","Exc L4-5 RORB IL1RAPL2",-0.0140250810008647,7.25219462711691,1.16754862169257,0.281479500421739,0.612648301093572,0.612648301093572,"social_isolation_avg"
"8692","AC068389.4","Exc L4-5 RORB IL1RAPL2",0.0238030372881243,-0.373392448421357,0.0140377656762958,0.972102145623277,0.995623292050343,0.995623292050343,"social_isolation_avg"
"8693","CHD7","Exc L4-5 RORB IL1RAPL2",0.465549151470769,-0.624861357467224,27.2747394699753,0.017372158086805,0.136786767857027,0.136786767857027,"social_isolation_avg"
"8694","CLVS1","Exc L4-5 RORB IL1RAPL2",-0.00256551067711887,7.15154114415313,0.0153184826897762,0.901649452735908,0.978205337360331,0.978205337360331,"social_isolation_avg"
"8695","AC023866.2","Exc L4-5 RORB IL1RAPL2",0.00835863666143883,1.35730446447617,0.0117403882900986,0.913847038930825,0.981668613012071,0.981668613012071,"social_isolation_avg"
"8696","ASPH","Exc L4-5 RORB IL1RAPL2",-0.0131896849878143,7.29966093451995,0.378387930712624,0.53931317898562,0.811888212208856,0.811888212208856,"social_isolation_avg"
"8697","NKAIN3","Exc L4-5 RORB IL1RAPL2",0.272541968389929,1.88802553953829,0.88749945462333,0.347530624866077,0.670126483080427,0.670126483080427,"social_isolation_avg"
"8698","GGH","Exc L4-5 RORB IL1RAPL2",0.0120129567628514,3.85106276917923,0.112962553441812,0.737222452324071,0.916520989938666,0.916520989938666,"social_isolation_avg"
"8699","TTPA","Exc L4-5 RORB IL1RAPL2",-0.0511501815365789,1.07727099063605,0.288739874708783,0.591751804630009,0.842274306180829,0.842274306180829,"social_isolation_avg"
"8700","YTHDF3-AS1","Exc L4-5 RORB IL1RAPL2",0.182264163927342,-0.594748644321191,1.18586159985797,0.277751015698277,0.608396268583828,0.608396268583828,"social_isolation_avg"
"8701","YTHDF3","Exc L4-5 RORB IL1RAPL2",-0.0238145657226863,5.62423917850243,1.52762639314813,0.218222549890701,0.538259531545034,0.538259531545034,"social_isolation_avg"
"8702","AC011978.2","Exc L4-5 RORB IL1RAPL2",0.0227276864350345,1.67270382645069,0.141815247342777,0.765638957231144,0.930229227340792,0.930229227340792,"social_isolation_avg"
"8703","AC011124.1","Exc L4-5 RORB IL1RAPL2",0.195507495629137,0.374420566522631,2.40120365912465,0.123154416935402,0.403737865878692,0.403737865878692,"social_isolation_avg"
"8704","AC011124.2","Exc L4-5 RORB IL1RAPL2",0.117576494201895,0.173770549235552,0.966856914850973,0.326902345480462,0.653367542552925,0.653367542552925,"social_isolation_avg"
"8705","AC022639.1","Exc L4-5 RORB IL1RAPL2",0.045365791389537,7.43852464129867,2.54228651408496,0.112744449508525,0.387790897864172,0.387790897864172,"social_isolation_avg"
"8706","AC069133.1","Exc L4-5 RORB IL1RAPL2",0.0611552863211646,3.68852756847661,0.872744071060463,0.351559439278885,0.672176248039185,0.672176248039185,"social_isolation_avg"
"8707","LINC01289","Exc L4-5 RORB IL1RAPL2",0.0387783515305997,0.755275204582278,0.116963458802081,0.732785916031688,0.914459986626802,0.914459986626802,"social_isolation_avg"
"8708","MIR124-2HG","Exc L4-5 RORB IL1RAPL2",-0.0565941183250124,7.38452298959929,4.85427586077181,0.0289606934705477,0.183819282507961,0.183819282507961,"social_isolation_avg"
"8709","AC090136.3","Exc L4-5 RORB IL1RAPL2",0.00899016452891347,0.384746500566997,0.0092167367322798,0.923633818108317,0.984023267092239,0.984023267092239,"social_isolation_avg"
"8710","BHLHE22","Exc L4-5 RORB IL1RAPL2",-0.0456972978433383,2.36542881921406,0.450169646267386,0.503190852082945,0.788945967860118,0.788945967860118,"social_isolation_avg"
"8711","CYP7B1","Exc L4-5 RORB IL1RAPL2",-0.0244825590849673,5.54292112462969,0.66987398130522,0.414273882930966,0.723707519059811,0.723707519059811,"social_isolation_avg"
"8712","AC100814.1","Exc L4-5 RORB IL1RAPL2",0.0252075359605604,1.83765509241179,0.163624270107118,0.703992350203192,0.901111603365471,0.901111603365471,"social_isolation_avg"
"8713","ARMC1","Exc L4-5 RORB IL1RAPL2",-0.0530029402877795,5.35272771304388,6.19382351768797,0.0138098448594556,0.118073237499213,0.118073237499213,"social_isolation_avg"
"8714","MTFR1","Exc L4-5 RORB IL1RAPL2",0.0868831501394816,4.09887603582347,5.02122841972093,0.0263703301349692,0.174093864788469,0.174093864788469,"social_isolation_avg"
"8715","AC055822.1","Exc L4-5 RORB IL1RAPL2",-0.0145819107695164,-0.0638702127281164,0.0157468780971706,0.900290851072217,0.97797533648335,0.97797533648335,"social_isolation_avg"
"8716","PDE7A","Exc L4-5 RORB IL1RAPL2",0.0193783728059124,6.49726982452411,0.756189625256928,0.385784575780797,0.702381037665558,0.702381037665558,"social_isolation_avg"
"8717","CRH","Exc L4-5 RORB IL1RAPL2",-0.395167498214745,-0.288187994392511,2.49546232452832,0.116086534867787,0.393330195474553,0.393330195474553,"social_isolation_avg"
"8718","ADHFE1","Exc L4-5 RORB IL1RAPL2",0.0704926674476946,3.36291257604803,2.36443283485556,0.126041034109831,0.409200824706952,0.409200824706952,"social_isolation_avg"
"8719","VXN","Exc L4-5 RORB IL1RAPL2",-0.0999976760703904,5.76405559455632,17.5483431957855,4.54748448696339e-05,0.0034835204039609,0.0034835204039609,"social_isolation_avg"
"8720","MYBL1","Exc L4-5 RORB IL1RAPL2",0.0636474983568757,1.690191939919,0.905733425869033,0.342638524963028,0.665461458135152,0.665461458135152,"social_isolation_avg"
"8721","VCPIP1","Exc L4-5 RORB IL1RAPL2",-0.0496920166905375,4.94380372205848,4.93094565584054,0.0277394126305199,0.179010036283106,0.179010036283106,"social_isolation_avg"
"8722","SGK3","Exc L4-5 RORB IL1RAPL2",0.0447052275937841,5.69983105577604,3.95468073153573,0.0483915808448404,0.247196841567286,0.247196841567286,"social_isolation_avg"
"8723","MCMDC2","Exc L4-5 RORB IL1RAPL2",-0.0401014610339123,2.90893758195505,0.477774738158243,0.490401600545821,0.780776748062512,0.780776748062512,"social_isolation_avg"
"8724","TCF24","Exc L4-5 RORB IL1RAPL2",0.0997026707596857,2.4804776227178,1.46533664098942,0.227810968450731,0.549563951168441,0.549563951168441,"social_isolation_avg"
"8725","PPP1R42","Exc L4-5 RORB IL1RAPL2",0.0288642410071216,3.11654864941241,0.358428668628242,0.550199753624606,0.81700906751932,0.81700906751932,"social_isolation_avg"
"8726","COPS5","Exc L4-5 RORB IL1RAPL2",0.0179590655696405,2.22733382124176,0.121625376644596,0.727722093187689,0.91234452756733,0.91234452756733,"social_isolation_avg"
"8727","CSPP1","Exc L4-5 RORB IL1RAPL2",0.0274942448977148,6.96436127599288,3.50373848045981,0.0629971426309616,0.285160032469001,0.285160032469001,"social_isolation_avg"
"8728","ARFGEF1","Exc L4-5 RORB IL1RAPL2",0.0181103055843618,7.09035705503211,1.89206638714838,0.170830189248775,0.475808059632869,0.475808059632869,"social_isolation_avg"
"8729","AC021321.1","Exc L4-5 RORB IL1RAPL2",-0.14590016175328,-0.091491702247612,1.33507292717179,0.2951216968518,0.626149094654958,0.626149094654958,"social_isolation_avg"
"8730","CPA6","Exc L4-5 RORB IL1RAPL2",0.172864791384116,1.1020976491645,4.06218357441332,0.0454739145868789,0.239202651625893,0.239202651625893,"social_isolation_avg"
"8731","C8orf34-AS1","Exc L4-5 RORB IL1RAPL2",0.00791576933878913,0.598019177448408,0.00585333107125694,0.939108215609593,0.987766326490576,0.987766326490576,"social_isolation_avg"
"8732","C8orf34","Exc L4-5 RORB IL1RAPL2",-0.0346834149974098,5.70074203090515,0.566037397116995,0.45290789549724,0.752632205401657,0.752632205401657,"social_isolation_avg"
"8733","LINC01592","Exc L4-5 RORB IL1RAPL2",0.087818584793292,-0.117186156906393,0.439999026826682,0.508046937217595,0.792082301184822,0.792082301184822,"social_isolation_avg"
"8734","SLCO5A1","Exc L4-5 RORB IL1RAPL2",0.0518712094228073,3.11636401351538,0.838588844965058,0.361134685387598,0.68098758044835,0.68098758044835,"social_isolation_avg"
"8735","AC079089.1","Exc L4-5 RORB IL1RAPL2",-0.0240766415167389,1.39463406905747,0.0774114201126355,0.781184241594906,0.936916013895614,0.936916013895614,"social_isolation_avg"
"8736","NCOA2","Exc L4-5 RORB IL1RAPL2",-0.000491188174154351,7.23971977486673,0.000643791195490791,0.979788019831315,0.996999571334318,0.996999571334318,"social_isolation_avg"
"8737","AC022730.4","Exc L4-5 RORB IL1RAPL2",-0.161179910217588,-0.561883544414913,0.332723190383529,0.564844663470967,0.826725939162625,0.826725939162625,"social_isolation_avg"
"8738","TRAM1","Exc L4-5 RORB IL1RAPL2",0.0230454374328527,4.71994773614123,1.05723493889694,0.30534891933638,0.635939119731827,0.635939119731827,"social_isolation_avg"
"8739","LACTB2-AS1","Exc L4-5 RORB IL1RAPL2",0.0122085840976023,0.803560090335203,0.0196450307210637,0.888703640331201,0.974453035390974,0.974453035390974,"social_isolation_avg"
"8740","LACTB2","Exc L4-5 RORB IL1RAPL2",-0.00174701387331199,3.11580832063293,0.00145149128267729,0.969655166810813,0.994561008764005,0.994561008764005,"social_isolation_avg"
"8741","XKR9","Exc L4-5 RORB IL1RAPL2",-0.136088041321742,5.14736515618499,2.24401059219947,0.136039897529121,0.424793827529049,0.424793827529049,"social_isolation_avg"
"8742","AC022858.1","Exc L4-5 RORB IL1RAPL2",-0.262381053272436,3.13398732780486,5.19541697270545,0.0239254251852794,0.164675507432038,0.164675507432038,"social_isolation_avg"
"8743","EYA1","Exc L4-5 RORB IL1RAPL2",0.157995493143912,0.727099297136894,0.799452706293878,0.372557062337812,0.690810410101731,0.690810410101731,"social_isolation_avg"
"8744","MSC-AS1","Exc L4-5 RORB IL1RAPL2",0.0121379202490339,6.52747547172252,0.0241367094934803,0.876727122154753,0.970772113663979,0.970772113663979,"social_isolation_avg"
"8745","MSC","Exc L4-5 RORB IL1RAPL2",-0.0413504976775272,0.735378596048038,0.102080511340663,0.749750517825539,0.922728603341812,0.922728603341812,"social_isolation_avg"
"8746","TRPA1","Exc L4-5 RORB IL1RAPL2",-0.127641731174005,-0.279184143313115,0.563034986907485,0.454106729249618,0.753103113693753,0.753103113693753,"social_isolation_avg"
"8747","KCNB2","Exc L4-5 RORB IL1RAPL2",0.000212277458033251,9.25781443774324,8.28013943693064e-05,0.992750700853392,0.999140213342927,0.999140213342927,"social_isolation_avg"
"8748","AC090735.1","Exc L4-5 RORB IL1RAPL2",-0.224905479364413,-0.735569261655426,0.884013650205583,0.348476672195685,0.670755555911959,0.670755555911959,"social_isolation_avg"
"8749","AC022893.2","Exc L4-5 RORB IL1RAPL2",-0.11734672784826,3.37756174427143,6.29830836912546,0.0130474200577034,0.114769983687497,0.114769983687497,"social_isolation_avg"
"8750","TERF1","Exc L4-5 RORB IL1RAPL2",0.0268904267243985,6.3492615221902,2.41721263373353,0.121920848792111,0.401584549982504,0.401584549982504,"social_isolation_avg"
"8751","AC022893.1","Exc L4-5 RORB IL1RAPL2",0.0385608938019165,4.66534032639687,1.18111180654433,0.278712013331932,0.609654335751849,0.609654335751849,"social_isolation_avg"
"8752","SBSPON","Exc L4-5 RORB IL1RAPL2",0.101605774428695,0.113714685373372,0.655971535277953,0.419150171519652,0.726486796844882,0.726486796844882,"social_isolation_avg"
"8753","RPL7","Exc L4-5 RORB IL1RAPL2",-0.023046429111274,5.2455286502216,0.220771286335195,0.63907213821365,0.867293779059998,0.867293779059998,"social_isolation_avg"
"8754","RDH10","Exc L4-5 RORB IL1RAPL2",-0.0341435800912301,0.106350388139077,0.0757595872215775,0.783472081543534,0.937767967529855,0.937767967529855,"social_isolation_avg"
"8755","RDH10-AS1","Exc L4-5 RORB IL1RAPL2",0.302106559848198,0.409140359848361,6.86699490670509,0.00959847972176769,0.0965477970388014,0.0965477970388014,"social_isolation_avg"
"8756","STAU2","Exc L4-5 RORB IL1RAPL2",-0.0327443470358941,7.72827916637073,4.2223909369196,0.0414677491766951,0.226778743120169,0.226778743120169,"social_isolation_avg"
"8757","AC027018.1","Exc L4-5 RORB IL1RAPL2",0.0447262550835713,3.57325933564771,0.525766215206593,0.469417510587694,0.764763605143433,0.764763605143433,"social_isolation_avg"
"8758","AC022826.2","Exc L4-5 RORB IL1RAPL2",0.0349527937592205,2.44964491108608,0.392203234887311,0.532007418725434,0.808652985998068,0.808652985998068,"social_isolation_avg"
"8759","ELOC","Exc L4-5 RORB IL1RAPL2",-0.125655230166546,5.07951540321755,31.3898881772466,8.65120318990883e-08,0.000108322552969804,0.000108322552969804,"social_isolation_avg"
"8760","TMEM70","Exc L4-5 RORB IL1RAPL2",-0.115164666832551,4.03849086350469,11.6119800241758,0.00082303179118109,0.020959063958193,0.020959063958193,"social_isolation_avg"
"8761","LY96","Exc L4-5 RORB IL1RAPL2",0.0196415339581272,1.52135084648524,0.0519274612146778,0.820024289022348,0.952291141753627,0.952291141753627,"social_isolation_avg"
"8762","AC087672.2","Exc L4-5 RORB IL1RAPL2",-0.0830473669730344,0.0284843208713711,0.310486773338073,0.578135366700313,0.834779944818296,0.834779944818296,"social_isolation_avg"
"8763","JPH1","Exc L4-5 RORB IL1RAPL2",-0.0136221610275215,6.39811597957389,0.266970143359014,0.606062104597403,0.849203710342991,0.849203710342991,"social_isolation_avg"
"8764","GDAP1","Exc L4-5 RORB IL1RAPL2",-0.0100912489359767,8.28226765573599,0.0956528250394307,0.75749963608266,0.926568352658453,0.926568352658453,"social_isolation_avg"
"8765","AC103952.1","Exc L4-5 RORB IL1RAPL2",-0.0979214770850238,0.631433632175591,1.04687212957391,0.325753699132518,0.65268770881723,0.65268770881723,"social_isolation_avg"
"8766","MIR2052HG","Exc L4-5 RORB IL1RAPL2",0.0424151979423783,6.72309775361882,0.328688026383489,0.567211793454573,0.827741250704845,0.827741250704845,"social_isolation_avg"
"8767","AC115837.2","Exc L4-5 RORB IL1RAPL2",-0.0789592644193451,-0.454301012460152,0.2963120766505,0.586937258787392,0.839667312378365,0.839667312378365,"social_isolation_avg"
"8768","AC011632.1","Exc L4-5 RORB IL1RAPL2",0.107621473413785,0.100896592099329,0.512612670872669,0.47502025460658,0.768850148623704,0.768850148623704,"social_isolation_avg"
"8769","PI15","Exc L4-5 RORB IL1RAPL2",0.110486632435519,2.02452450328533,1.42442819496471,0.234386035002038,0.557418070421513,0.557418070421513,"social_isolation_avg"
"8770","CRISPLD1","Exc L4-5 RORB IL1RAPL2",-0.025632427876379,4.49101655906426,0.338747733398887,0.561345908255062,0.824309346534267,0.824309346534267,"social_isolation_avg"
"8771","LINC01111","Exc L4-5 RORB IL1RAPL2",0.0644027677874374,0.398636224577171,0.318616069707366,0.573205675141665,0.831616988731125,0.831616988731125,"social_isolation_avg"
"8772","PEX2","Exc L4-5 RORB IL1RAPL2",0.00877747022619026,3.64776511751967,0.0636801916304853,0.80108456205436,0.94461564733351,0.94461564733351,"social_isolation_avg"
"8773","AC062004.1","Exc L4-5 RORB IL1RAPL2",0.0304825562302881,0.0534559502778478,0.0445992823010763,0.83300272322567,0.956474321257097,0.956474321257097,"social_isolation_avg"
"8774","PKIA-AS1","Exc L4-5 RORB IL1RAPL2",0.0249071431221121,1.51525475425834,0.104322498392258,0.886350318436727,0.973780660163158,0.973780660163158,"social_isolation_avg"
"8775","PKIA","Exc L4-5 RORB IL1RAPL2",-0.0634813252355102,7.12343045171125,6.01199233912846,0.0152490780921568,0.12566542098506,0.12566542098506,"social_isolation_avg"
"8776","ZC2HC1A","Exc L4-5 RORB IL1RAPL2",0.0251683923703169,6.52346840316568,1.05789434962009,0.305198620650215,0.635939119731827,0.635939119731827,"social_isolation_avg"
"8777","IL7","Exc L4-5 RORB IL1RAPL2",-0.0587944932095269,3.10716325717071,1.37168688677426,0.243207789870176,0.567994776064425,0.567994776064425,"social_isolation_avg"
"8778","AC138646.1","Exc L4-5 RORB IL1RAPL2",-0.136985030385902,-0.0415581766388684,0.600967826672716,0.439316597423617,0.742037969992167,0.742037969992167,"social_isolation_avg"
"8779","STMN2","Exc L4-5 RORB IL1RAPL2",-0.0858201605423676,8.58546025677281,14.1033628599207,0.000239419345930181,0.00961435389038673,0.00961435389038673,"social_isolation_avg"
"8780","HEY1","Exc L4-5 RORB IL1RAPL2",-0.154368740393224,2.11370068844296,5.76563798963248,0.0174524392938753,0.13723961304805,0.13723961304805,"social_isolation_avg"
"8781","LINC01607","Exc L4-5 RORB IL1RAPL2",0.190980452342989,0.878325715370977,5.54779405273633,0.0196773844097689,0.147057032488901,0.147057032488901,"social_isolation_avg"
"8782","AC036214.1","Exc L4-5 RORB IL1RAPL2",0.0406631114072621,1.17772640259452,0.236263938526363,0.63861215889144,0.86720544732868,0.86720544732868,"social_isolation_avg"
"8783","MRPS28","Exc L4-5 RORB IL1RAPL2",-0.101230811399225,1.25607508003501,1.33358558351655,0.249835049102658,0.576212301284138,0.576212301284138,"social_isolation_avg"
"8784","TPD52","Exc L4-5 RORB IL1RAPL2",-0.00856604649709812,5.50795870786952,0.125241449269067,0.723868806122539,0.910112559166016,0.910112559166016,"social_isolation_avg"
"8785","AC034114.2","Exc L4-5 RORB IL1RAPL2",0.0425998400413933,1.99015741052274,0.522608647853231,0.671636232447896,0.884298267656223,0.884298267656223,"social_isolation_avg"
"8786","AC009812.1","Exc L4-5 RORB IL1RAPL2",-0.0201003620451065,1.44790407551182,0.0703728951225581,0.791125156352056,0.941038251380201,0.941038251380201,"social_isolation_avg"
"8787","ZBTB10","Exc L4-5 RORB IL1RAPL2",-0.0233521864848434,3.09677330430576,0.277965750146472,0.784122851083249,0.938061991992043,0.938061991992043,"social_isolation_avg"
"8788","AC009812.4","Exc L4-5 RORB IL1RAPL2",0.0966643935839334,-0.105521478521879,0.497126467181596,0.481757783030671,0.774521115874188,0.774521115874188,"social_isolation_avg"
"8789","ZNF704","Exc L4-5 RORB IL1RAPL2",0.0221416022513192,7.65505060789959,1.58401456891902,0.20995806360899,0.528265511105033,0.528265511105033,"social_isolation_avg"
"8790","PAG1","Exc L4-5 RORB IL1RAPL2",0.0293697011208382,5.76814003347772,1.14395853274697,0.286376773760325,0.617356150885166,0.617356150885166,"social_isolation_avg"
"8791","AC009902.3","Exc L4-5 RORB IL1RAPL2",-0.073926276228437,-0.297181218388145,0.294932489462771,0.601426091907118,0.847172435051866,0.847172435051866,"social_isolation_avg"
"8792","FABP5","Exc L4-5 RORB IL1RAPL2",-0.113772389103615,3.67881679942969,6.5252953839619,0.0115379349458916,0.107014346623144,0.107014346623144,"social_isolation_avg"
"8793","AC018616.1","Exc L4-5 RORB IL1RAPL2",-0.016730310230633,-0.505137526782598,0.00844939057600148,0.926872455674765,0.98417618971798,0.98417618971798,"social_isolation_avg"
"8794","PMP2","Exc L4-5 RORB IL1RAPL2",-1.40711702223331,-1.31613472304767,10.3011921072372,0.00159724237173573,0.0323569838496913,0.0323569838496913,"social_isolation_avg"
"8795","IMPA1","Exc L4-5 RORB IL1RAPL2",0.0117453841711055,4.66497342553688,0.148353688732554,0.700608790718765,0.899494810173801,0.899494810173801,"social_isolation_avg"
"8796","SLC10A5","Exc L4-5 RORB IL1RAPL2",-0.0287140391069098,1.01939134864945,0.148257979774903,0.700700675207154,0.899494810173801,0.899494810173801,"social_isolation_avg"
"8797","ZFAND1","Exc L4-5 RORB IL1RAPL2",0.00582981704372356,5.17058311592829,0.0472941652505538,0.828108566544097,0.954161930646283,0.954161930646283,"social_isolation_avg"
"8798","AC132219.1","Exc L4-5 RORB IL1RAPL2",-0.161558730349967,0.0235562527476361,1.34405393942521,0.247992279522666,0.574094118616753,0.574094118616753,"social_isolation_avg"
"8799","SNX16","Exc L4-5 RORB IL1RAPL2",-0.0651358148059683,4.61852455616266,3.99510053188188,0.0472718462775955,0.244379946289176,0.244379946289176,"social_isolation_avg"
"8800","LINC02235","Exc L4-5 RORB IL1RAPL2",-0.075021197136739,-0.235061231692765,0.230783849090193,0.631578385431096,0.863852053271977,0.863852053271977,"social_isolation_avg"
"8801","AC027701.1","Exc L4-5 RORB IL1RAPL2",-0.0974256371947217,1.91809778997684,1.37951985151289,0.241872234544872,0.566253965580737,0.566253965580737,"social_isolation_avg"
"8802","AC060765.1","Exc L4-5 RORB IL1RAPL2",-0.0266282653094369,3.19985218155048,0.107701150427993,0.743192014341425,0.920042927463628,0.920042927463628,"social_isolation_avg"
"8803","AC105031.2","Exc L4-5 RORB IL1RAPL2",-0.0512489247790983,1.03694594972061,0.227741546025468,0.633833878865134,0.865154438176829,0.865154438176829,"social_isolation_avg"
"8804","AC105031.3","Exc L4-5 RORB IL1RAPL2",0.0170007204580071,3.67122375635302,0.0531232076952934,0.818000140823146,0.951751362963642,0.951751362963642,"social_isolation_avg"
"8805","AC015522.1","Exc L4-5 RORB IL1RAPL2",0.0554213084399685,1.89883647281411,0.26655915173267,0.606339303451031,0.849314921572177,0.849314921572177,"social_isolation_avg"
"8806","RALYL","Exc L4-5 RORB IL1RAPL2",0.00261647579604343,11.4526186129084,0.0356961295592581,0.850376168788771,0.961873912835597,0.961873912835597,"social_isolation_avg"
"8807","LRRCC1","Exc L4-5 RORB IL1RAPL2",0.0458065564557099,2.79722518293606,0.853830753743289,0.356817811837492,0.67703066764713,0.67703066764713,"social_isolation_avg"
"8808","AC011773.4","Exc L4-5 RORB IL1RAPL2",0.105170962287761,-0.109500855116252,0.456117726365302,0.500387636241184,0.78649563592951,0.78649563592951,"social_isolation_avg"
"8809","E2F5","Exc L4-5 RORB IL1RAPL2",-0.0158749784939886,2.70360175504017,0.0874508574370006,0.767814387935107,0.931018779306101,0.931018779306101,"social_isolation_avg"
"8810","C8orf59","Exc L4-5 RORB IL1RAPL2",-0.0262407770631308,4.17640461181997,0.462605199860341,0.497360430525469,0.784736216308571,0.784736216308571,"social_isolation_avg"
"8811","CA13","Exc L4-5 RORB IL1RAPL2",-0.000529976253241772,4.2302836094004,0.000197569578845426,0.988802298760318,0.998787747693845,0.998787747693845,"social_isolation_avg"
"8812","CA1","Exc L4-5 RORB IL1RAPL2",-0.0181236266316339,2.39258620592426,0.0669399028702828,0.796167419118979,0.943052144191509,0.943052144191509,"social_isolation_avg"
"8813","CA3","Exc L4-5 RORB IL1RAPL2",0.0136223651814783,5.03641172463066,0.12426369581908,0.724904461960278,0.91093294313279,0.91093294313279,"social_isolation_avg"
"8814","ATP6V0D2","Exc L4-5 RORB IL1RAPL2",0.186642167566656,0.180657664681392,1.64572300132109,0.201337931625795,0.516404365499751,0.516404365499751,"social_isolation_avg"
"8815","SLC7A13","Exc L4-5 RORB IL1RAPL2",0.0340251260829355,-0.256147612867234,0.0530050399880951,0.818199098652068,0.951762359999666,0.951762359999666,"social_isolation_avg"
"8816","WWP1","Exc L4-5 RORB IL1RAPL2",0.00244127017582746,5.97356379012977,0.0189891102788162,0.890565426672803,0.974706512053996,0.974706512053996,"social_isolation_avg"
"8817","RMDN1","Exc L4-5 RORB IL1RAPL2",-0.0294527651993409,4.78925913298419,0.946277623322129,0.332089962301767,0.657372272236882,0.657372272236882,"social_isolation_avg"
"8818","CPNE3","Exc L4-5 RORB IL1RAPL2",0.0612986274970766,5.39260390863005,8.73553704785577,0.00357705962711611,0.0535879217772477,0.0535879217772477,"social_isolation_avg"
"8819","CNGB3","Exc L4-5 RORB IL1RAPL2",0.0535207494180041,5.43695312648563,1.0595476627456,0.304822206419357,0.63579473247232,0.63579473247232,"social_isolation_avg"
"8820","AC090572.3","Exc L4-5 RORB IL1RAPL2",0.521609286535508,-0.119764562172934,10.4640289828042,0.00147013297184103,0.0303672335810089,0.0303672335810089,"social_isolation_avg"
"8821","AC090572.2","Exc L4-5 RORB IL1RAPL2",0.480474501508573,-0.360222782078337,9.85774325474672,0.00200362632643289,0.0374941705014128,0.0374941705014128,"social_isolation_avg"
"8822","CNBD1","Exc L4-5 RORB IL1RAPL2",0.0997108231127622,2.03402911224268,2.72951549135861,0.100407479119176,0.366687881183929,0.366687881183929,"social_isolation_avg"
"8823","AF121898.1","Exc L4-5 RORB IL1RAPL2",-0.223162845711786,2.0458003610458,6.07397575176826,0.0147417024667139,0.122984017801011,0.122984017801011,"social_isolation_avg"
"8824","MMP16","Exc L4-5 RORB IL1RAPL2",-0.0144428853668726,8.83964160442438,0.667333760492262,0.415158532689365,0.724450299457297,0.724450299457297,"social_isolation_avg"
"8825","AC090568.2","Exc L4-5 RORB IL1RAPL2",-0.0207584227623469,7.7013682678415,0.529747680612327,0.467742684525266,0.763273767477582,0.763273767477582,"social_isolation_avg"
"8826","AF117829.1","Exc L4-5 RORB IL1RAPL2",0.0343707664344379,6.72343286705755,1.29921293288672,0.256006005510027,0.584446142646625,0.584446142646625,"social_isolation_avg"
"8827","RIPK2","Exc L4-5 RORB IL1RAPL2",-0.0433371348763752,3.78038039364487,1.18826063760026,0.277267228737216,0.607688316336946,0.607688316336946,"social_isolation_avg"
"8828","OSGIN2","Exc L4-5 RORB IL1RAPL2",-0.076506074502262,4.01602809656237,5.65226489773255,0.0185755872851132,0.142539519854151,0.142539519854151,"social_isolation_avg"
"8829","NBN","Exc L4-5 RORB IL1RAPL2",0.00490088098450397,5.27611068875806,0.0394556948397598,0.842792704656255,0.960075361474402,0.960075361474402,"social_isolation_avg"
"8830","DECR1","Exc L4-5 RORB IL1RAPL2",-0.0074286502126263,4.87333734985459,0.0450218313376598,0.832225307375406,0.95635757351365,0.95635757351365,"social_isolation_avg"
"8831","CALB1","Exc L4-5 RORB IL1RAPL2",-0.0869490899425488,1.56862040049782,0.591088786103365,0.443095498454102,0.745181540082044,0.745181540082044,"social_isolation_avg"
"8832","LINC00534","Exc L4-5 RORB IL1RAPL2",-0.0373630020750117,3.41661017508845,0.31830657139132,0.573391831883816,0.831616988731125,0.831616988731125,"social_isolation_avg"
"8833","AB015752.1","Exc L4-5 RORB IL1RAPL2",0.0886175266666703,3.11406634969867,3.55665867860732,0.0610611348275113,0.281172482859903,0.281172482859903,"social_isolation_avg"
"8834","TMEM64","Exc L4-5 RORB IL1RAPL2",0.0438804080276754,5.40709828762754,3.50067924190673,0.0631110606292731,0.285311175814064,0.285311175814064,"social_isolation_avg"
"8835","AC106038.1","Exc L4-5 RORB IL1RAPL2",-0.0933481644669846,0.211885916269138,0.739491296763232,0.456346285444023,0.754439736915673,0.754439736915673,"social_isolation_avg"
"8836","NECAB1","Exc L4-5 RORB IL1RAPL2",0.00766057512934869,8.70581152370798,0.124099867363781,0.725078440214425,0.910950728486481,0.910950728486481,"social_isolation_avg"
"8837","AC103770.1","Exc L4-5 RORB IL1RAPL2",0.141523638006031,1.3893384193347,2.84839353126782,0.0933512475868018,0.353741596116608,0.353741596116608,"social_isolation_avg"
"8838","C8orf88","Exc L4-5 RORB IL1RAPL2",-0.0359399417267512,1.82920543172068,0.216023956516819,0.64269795858509,0.868978710475095,0.868978710475095,"social_isolation_avg"
"8839","PIP4P2","Exc L4-5 RORB IL1RAPL2",-0.0260633074556529,5.27971574215054,1.35580648935179,0.245943369188137,0.571752609461695,0.571752609461695,"social_isolation_avg"
"8840","OTUD6B-AS1","Exc L4-5 RORB IL1RAPL2",-0.0433793179573733,5.13924841427361,1.65661400562677,0.199860521221645,0.514218237970458,0.514218237970458,"social_isolation_avg"
"8841","OTUD6B","Exc L4-5 RORB IL1RAPL2",0.0105355465478967,3.99106180180127,0.121189285341637,0.728191117514135,0.91234452756733,0.91234452756733,"social_isolation_avg"
"8842","LRRC69","Exc L4-5 RORB IL1RAPL2",0.0700921105039028,2.82786563641355,0.839415193106367,0.360898795541473,0.680949951180715,0.680949951180715,"social_isolation_avg"
"8843","SLC26A7","Exc L4-5 RORB IL1RAPL2",0.383641053503147,0.561062396233627,6.89723355079558,0.00944397460394885,0.0956069788557069,0.0956069788557069,"social_isolation_avg"
"8844","AC103409.1","Exc L4-5 RORB IL1RAPL2",0.0987349983900217,0.856666591217054,1.14485594839573,0.286188491327216,0.617299377968904,0.617299377968904,"social_isolation_avg"
"8845","RUNX1T1","Exc L4-5 RORB IL1RAPL2",-0.0251467507373053,8.08819266822363,2.0744471225772,0.151675571957896,0.449397666303687,0.449397666303687,"social_isolation_avg"
"8846","AC091096.2","Exc L4-5 RORB IL1RAPL2",0.00174602773753671,-0.279546843238461,0.000128715761112616,0.990961638291995,0.998822911403646,0.998822911403646,"social_isolation_avg"
"8847","AC117834.1","Exc L4-5 RORB IL1RAPL2",0.0789212553050316,2.25019867352358,1.37219094929757,0.243121573016164,0.567991982295719,0.567991982295719,"social_isolation_avg"
"8848","TRIQK","Exc L4-5 RORB IL1RAPL2",-0.00813840962570063,5.54229342237985,0.155162313743545,0.694157758957801,0.896146969833973,0.896146969833973,"social_isolation_avg"
"8849","C8orf87","Exc L4-5 RORB IL1RAPL2",-0.0689486730977562,0.372874627482338,0.316587874125072,0.574427770544473,0.832280254726394,0.832280254726394,"social_isolation_avg"
"8850","LINC00535","Exc L4-5 RORB IL1RAPL2",0.0136252249959956,5.41675712314014,0.203974144822511,0.65212399281644,0.874357520843458,0.874357520843458,"social_isolation_avg"
"8851","AC016885.2","Exc L4-5 RORB IL1RAPL2",-0.00531459619162244,-0.0361629143995804,0.00153762949027945,0.968768192653271,0.9941928619423,0.9941928619423,"social_isolation_avg"
"8852","FAM92A","Exc L4-5 RORB IL1RAPL2",-0.0356812903682154,5.44779636567917,2.67236994785484,0.104006860357132,0.373134964887617,0.373134964887617,"social_isolation_avg"
"8853","AC120053.1","Exc L4-5 RORB IL1RAPL2",0.0799635598372195,1.22006757630876,0.999052002702773,0.319000949660559,0.646509958068491,0.646509958068491,"social_isolation_avg"
"8854","RBM12B","Exc L4-5 RORB IL1RAPL2",-0.0320950527620992,4.94048726063078,1.53623718886803,0.216935628359148,0.536919280955755,0.536919280955755,"social_isolation_avg"
"8855","TMEM67","Exc L4-5 RORB IL1RAPL2",0.0428501647635563,5.61658225385187,3.95402214867316,0.048410057610262,0.247224480443662,0.247224480443662,"social_isolation_avg"
"8856","PDP1","Exc L4-5 RORB IL1RAPL2",-0.101808828752957,6.6617540691798,13.1358580959725,0.000385316496442269,0.0129559214458136,0.0129559214458136,"social_isolation_avg"
"8857","GEM","Exc L4-5 RORB IL1RAPL2",-0.134147108835152,-0.92061318335529,0.354365171020837,0.552466555405772,0.818207630393494,0.818207630393494,"social_isolation_avg"
"8858","RAD54B","Exc L4-5 RORB IL1RAPL2",0.0468585982251209,3.01938312892695,1.45644366026854,0.229221061586447,0.551301856651477,0.551301856651477,"social_isolation_avg"
"8859","VIRMA","Exc L4-5 RORB IL1RAPL2",0.0362387952776603,5.30004909599089,3.27365633036953,0.0722174509111776,0.308239654565845,0.308239654565845,"social_isolation_avg"
"8860","AC023632.2","Exc L4-5 RORB IL1RAPL2",0.032755151157875,2.73442375016754,0.517061352454183,0.473113239434645,0.767691474544043,0.767691474544043,"social_isolation_avg"
"8861","ESRP1","Exc L4-5 RORB IL1RAPL2",-0.167016920899324,1.64200971486226,5.62277973329208,0.0188798690640103,0.143708298833425,0.143708298833425,"social_isolation_avg"
"8862","DPY19L4","Exc L4-5 RORB IL1RAPL2",0.0518030995057093,4.14874946134067,2.66190799615982,0.10468112342326,0.374630515659449,0.374630515659449,"social_isolation_avg"
"8863","INTS8","Exc L4-5 RORB IL1RAPL2",0.0313586238358229,5.56281439547797,2.73652185777678,0.0999757119613123,0.365940294906454,0.365940294906454,"social_isolation_avg"
"8864","CCNE2","Exc L4-5 RORB IL1RAPL2",0.0192846685526043,1.31623792678582,0.0768745900116578,0.902403343092351,0.978262943641483,0.978262943641483,"social_isolation_avg"
"8865","NDUFAF6","Exc L4-5 RORB IL1RAPL2",-0.0249530152077654,6.24988149481097,1.02472951281374,0.312879246528781,0.641802712876308,0.641802712876308,"social_isolation_avg"
"8866","TP53INP1","Exc L4-5 RORB IL1RAPL2",0.167241644956663,0.430928496380192,2.14707783016788,0.144741052287862,0.43966053143982,0.43966053143982,"social_isolation_avg"
"8867","AC068189.1","Exc L4-5 RORB IL1RAPL2",0.055879213378099,0.171716208304249,0.212842297936921,0.996389130491959,0.999502287237639,0.999502287237639,"social_isolation_avg"
"8868","PLEKHF2","Exc L4-5 RORB IL1RAPL2",0.00500967271301004,1.57646803800052,0.00656132769206163,0.935538336596057,0.986941636436088,0.986941636436088,"social_isolation_avg"
"8869","C8orf37-AS1","Exc L4-5 RORB IL1RAPL2",0.0561449111926353,3.05787488042162,0.821181134624936,0.36615409627519,0.684594735127667,0.684594735127667,"social_isolation_avg"
"8870","C8orf37","Exc L4-5 RORB IL1RAPL2",0.0427119356106482,2.72559296880753,0.75085850494662,0.387460609740127,0.703496996151324,0.703496996151324,"social_isolation_avg"
"8871","GDF6","Exc L4-5 RORB IL1RAPL2",-0.238900254862333,-0.441235611351903,1.59919057921014,0.207798045203014,0.52556433809467,0.52556433809467,"social_isolation_avg"
"8872","UQCRB","Exc L4-5 RORB IL1RAPL2",-0.0655375008958528,5.65193955107611,3.46376208707176,0.0645033752791226,0.289210512714758,0.289210512714758,"social_isolation_avg"
"8873","MTERF3","Exc L4-5 RORB IL1RAPL2",0.0393979124597956,3.53972753093922,0.928157170469787,0.33674952048289,0.661042617935709,0.661042617935709,"social_isolation_avg"
"8874","PTDSS1","Exc L4-5 RORB IL1RAPL2",0.0181730255081427,5.4267674515171,0.629864233158858,0.428542918128835,0.734542151478902,0.734542151478902,"social_isolation_avg"
"8875","SDC2","Exc L4-5 RORB IL1RAPL2",0.00678094492870338,2.19281309187025,0.00764410210098162,0.930435108397291,0.985102271052831,0.985102271052831,"social_isolation_avg"
"8876","CPQ","Exc L4-5 RORB IL1RAPL2",0.00356204805432061,4.91725163556083,0.00891008395556251,0.924911109532772,0.98417618971798,0.98417618971798,"social_isolation_avg"
"8877","TSPYL5","Exc L4-5 RORB IL1RAPL2",-0.088713360230772,4.06880406993697,5.98009060225249,0.0155172660833747,0.126654857795487,0.126654857795487,"social_isolation_avg"
"8878","MTDH","Exc L4-5 RORB IL1RAPL2",-0.0476044179890251,7.00443559367033,10.9680875533102,0.00113846545414281,0.0258284230909305,0.0258284230909305,"social_isolation_avg"
"8879","LAPTM4B","Exc L4-5 RORB IL1RAPL2",-0.0737992656734646,4.16553026234458,4.67908188315583,0.0319686600485837,0.195522279791088,0.195522279791088,"social_isolation_avg"
"8880","MATN2","Exc L4-5 RORB IL1RAPL2",-0.247229818554913,1.33839771937021,1.38304684930357,0.241273802778828,0.565692890009691,0.565692890009691,"social_isolation_avg"
"8881","RPL30","Exc L4-5 RORB IL1RAPL2",-0.0644516725022789,5.02112108172465,3.81986095454898,0.0523355871821982,0.258616256222087,0.258616256222087,"social_isolation_avg"
"8882","ERICH5","Exc L4-5 RORB IL1RAPL2",0.0392501193774768,1.29516689365675,0.276703937344496,0.715888694331645,0.906952124904523,0.906952124904523,"social_isolation_avg"
"8883","RIDA","Exc L4-5 RORB IL1RAPL2",-0.0711594112874695,3.79776207408348,3.97367733594247,0.0478618460626697,0.245995883076031,0.245995883076031,"social_isolation_avg"
"8884","POP1","Exc L4-5 RORB IL1RAPL2",-0.0228222427202952,4.37028443997456,0.540628146884034,0.463214470212789,0.760333138878325,0.760333138878325,"social_isolation_avg"
"8885","NIPAL2","Exc L4-5 RORB IL1RAPL2",0.0446188043376109,7.76325330547155,1.55155257586665,0.214669101864051,0.533898771486823,0.533898771486823,"social_isolation_avg"
"8886","AP003438.1","Exc L4-5 RORB IL1RAPL2",0.0210206856407836,2.19185802084978,0.0703105184743575,0.791215584821365,0.941038251380201,0.941038251380201,"social_isolation_avg"
"8887","STK3","Exc L4-5 RORB IL1RAPL2",0.0501084676490124,5.1734378603977,2.59435678636691,0.109152899149721,0.38217653678976,0.38217653678976,"social_isolation_avg"
"8888","KCNS2","Exc L4-5 RORB IL1RAPL2",-0.0731209555164504,3.18951598695415,3.12496144000117,0.0789466695731245,0.322763598745265,0.322763598745265,"social_isolation_avg"
"8889","AP003355.2","Exc L4-5 RORB IL1RAPL2",-0.0347693252822908,2.45316194344065,0.489696719583804,0.485046271859478,0.776377676157109,0.776377676157109,"social_isolation_avg"
"8890","AC104986.2","Exc L4-5 RORB IL1RAPL2",0.00288764155898273,4.34024648133686,0.00967432212320548,0.921767090850664,0.983427396790068,0.983427396790068,"social_isolation_avg"
"8891","VPS13B","Exc L4-5 RORB IL1RAPL2",0.0249992859519636,7.79109017051295,2.94873101261128,0.0878179657742637,0.341753132541103,0.341753132541103,"social_isolation_avg"
"8892","COX6C","Exc L4-5 RORB IL1RAPL2",-0.116452799700654,5.56485292560123,18.3141813940138,3.16371525830602e-05,0.00285050744773372,0.00285050744773372,"social_isolation_avg"
"8893","RGS22","Exc L4-5 RORB IL1RAPL2",-0.164266838912061,0.728142287806136,2.69894390030053,0.102315659601232,0.370793831701764,0.370793831701764,"social_isolation_avg"
"8894","POLR2K","Exc L4-5 RORB IL1RAPL2",-0.0413978430958301,4.17043771844321,1.82873901004953,0.178123746414586,0.484705330392072,0.484705330392072,"social_isolation_avg"
"8895","SPAG1","Exc L4-5 RORB IL1RAPL2",0.0587751885830809,4.67585440329092,3.29410187728334,0.0713418710200481,0.306298965638832,0.306298965638832,"social_isolation_avg"
"8896","RNF19A","Exc L4-5 RORB IL1RAPL2",0.0206790883689201,6.40048660437976,0.854807175596443,0.356543701086826,0.676714150693534,0.676714150693534,"social_isolation_avg"
"8897","ANKRD46","Exc L4-5 RORB IL1RAPL2",-0.0336215678771443,5.92482920435091,3.28991777026226,0.0715201162311095,0.306617273008639,0.306617273008639,"social_isolation_avg"
"8898","SNX31","Exc L4-5 RORB IL1RAPL2",-0.107704644506093,5.03402829772776,3.05977921249289,0.0821086076643579,0.329432372619441,0.329432372619441,"social_isolation_avg"
"8899","PABPC1","Exc L4-5 RORB IL1RAPL2",-0.0354547729150296,6.19169243815178,3.73306821016633,0.0550553152578344,0.265940481956216,0.265940481956216,"social_isolation_avg"
"8900","YWHAZ","Exc L4-5 RORB IL1RAPL2",-0.0336422624064931,7.57101080871489,2.44267417012954,0.119987265347687,0.398574271004843,0.398574271004843,"social_isolation_avg"
"8901","AP003469.2","Exc L4-5 RORB IL1RAPL2",0.186269432447103,0.362918041408317,2.8196041479753,0.0950086308742931,0.356749018609347,0.356749018609347,"social_isolation_avg"
"8902","AP003469.4","Exc L4-5 RORB IL1RAPL2",-0.0408815854172498,4.61241629383952,1.48337280351612,0.224983218972546,0.546177506566531,0.546177506566531,"social_isolation_avg"
"8903","ZNF706","Exc L4-5 RORB IL1RAPL2",-0.0276857412442209,6.72392014746545,1.86564092232154,0.173830717274532,0.479483110409149,0.479483110409149,"social_isolation_avg"
"8904","AP001330.1","Exc L4-5 RORB IL1RAPL2",-0.0828418821731894,0.77996852374458,0.720931920298129,0.397066385486593,0.711187952848166,0.711187952848166,"social_isolation_avg"
"8905","GRHL2","Exc L4-5 RORB IL1RAPL2",0.0257798861266905,0.027619409781797,0.0406092701886202,0.84054178475611,0.958874418748966,0.958874418748966,"social_isolation_avg"
"8906","NCALD","Exc L4-5 RORB IL1RAPL2",-0.0310263768526711,9.14670683293822,3.28786072821293,0.0716079239102367,0.306745195450665,0.306745195450665,"social_isolation_avg"
"8907","AP000426.1","Exc L4-5 RORB IL1RAPL2",-0.480255721346476,0.00117589043107838,10.6248429900759,0.00135475084591113,0.0287368169904535,0.0287368169904535,"social_isolation_avg"
"8908","RRM2B","Exc L4-5 RORB IL1RAPL2",-0.0362388092722001,4.1217750966319,1.47972856429723,0.22555113355472,0.547205154249115,0.547205154249115,"social_isolation_avg"
"8909","UBR5-AS1","Exc L4-5 RORB IL1RAPL2",-0.0530808363977429,3.16292761831272,1.16656342570147,0.28168188141803,0.612820843774927,0.612820843774927,"social_isolation_avg"
"8910","UBR5","Exc L4-5 RORB IL1RAPL2",0.0250015469754453,8.08066740968553,3.14343002896677,0.0780750279616187,0.32128264551148,0.32128264551148,"social_isolation_avg"
"8911","AP002852.1","Exc L4-5 RORB IL1RAPL2",-0.188022075544113,1.45462071133241,4.43388774899363,0.0367431498086945,0.21124799074151,0.21124799074151,"social_isolation_avg"
"8912","KLF10","Exc L4-5 RORB IL1RAPL2",-0.0224004748304998,2.89464955537042,0.126160409328749,0.722899566615361,0.90980329253221,0.90980329253221,"social_isolation_avg"
"8913","AZIN1","Exc L4-5 RORB IL1RAPL2",-0.0652934511961871,5.94321681413521,11.9581348257597,0.000691962137705619,0.0185710859681248,0.0185710859681248,"social_isolation_avg"
"8914","AZIN1-AS1","Exc L4-5 RORB IL1RAPL2",0.121306788913653,5.17783551428718,8.49731617103018,0.00405014720694155,0.0575257968396192,0.0575257968396192,"social_isolation_avg"
"8915","AP003354.2","Exc L4-5 RORB IL1RAPL2",0.0383540813531755,2.803468752822,0.37397313023919,0.54168663512021,0.812919912135178,0.812919912135178,"social_isolation_avg"
"8916","ATP6V1C1","Exc L4-5 RORB IL1RAPL2",-0.0588661442812717,6.59392817377204,13.1648389844484,0.000379838550842289,0.0128567535250214,0.0128567535250214,"social_isolation_avg"
"8917","BAALC-AS2","Exc L4-5 RORB IL1RAPL2",-0.0669955807539303,0.958541904794084,0.564059574592829,0.453697059797684,0.753008922748538,0.753008922748538,"social_isolation_avg"
"8918","BAALC","Exc L4-5 RORB IL1RAPL2",-0.0637710782223857,7.51460065132982,4.62474966011275,0.0329670284898638,0.198399855616003,0.198399855616003,"social_isolation_avg"
"8919","BAALC-AS1","Exc L4-5 RORB IL1RAPL2",0.0574070181150815,4.84121113647418,1.54649774414895,0.215414014625997,0.534537517473899,0.534537517473899,"social_isolation_avg"
"8920","FZD6","Exc L4-5 RORB IL1RAPL2",-0.016678515551939,4.71566539724459,0.171878663856016,0.678985081176601,0.887658171833239,0.887658171833239,"social_isolation_avg"
"8921","CTHRC1","Exc L4-5 RORB IL1RAPL2",0.000919417894515743,1.46062714554859,0.000114026805531764,0.991492961438634,0.998822911403646,0.998822911403646,"social_isolation_avg"
"8922","AC012213.3","Exc L4-5 RORB IL1RAPL2",-0.0285371664582002,0.211349667029595,0.077888429669578,0.794563524706876,0.942743867246429,0.942743867246429,"social_isolation_avg"
"8923","SLC25A32","Exc L4-5 RORB IL1RAPL2",-0.0425943708876699,5.02006890498114,2.72386942869365,0.100756913060526,0.367538375172202,0.367538375172202,"social_isolation_avg"
"8924","DCAF13","Exc L4-5 RORB IL1RAPL2",0.0156493303304465,3.04746183094621,0.14598522400664,0.702892699348125,0.900586045593367,0.900586045593367,"social_isolation_avg"
"8925","AC012213.4","Exc L4-5 RORB IL1RAPL2",-0.0469543523875887,1.49587170093058,0.372667523724734,0.542392239050122,0.813459381346494,0.813459381346494,"social_isolation_avg"
"8926","AC012213.1","Exc L4-5 RORB IL1RAPL2",-0.0938057477679601,3.40236902757424,6.00807122433019,0.0152817799994859,0.125878134542725,0.125878134542725,"social_isolation_avg"
"8927","RIMS2","Exc L4-5 RORB IL1RAPL2",0.030769768354372,10.6388259361038,4.4089088725158,0.0372701857620615,0.21324136220259,0.21324136220259,"social_isolation_avg"
"8928","DPYS","Exc L4-5 RORB IL1RAPL2",-0.0123543080677016,4.51988933649948,0.0541533635402024,0.816275463156057,0.951599926146172,0.951599926146172,"social_isolation_avg"
"8929","LRP12","Exc L4-5 RORB IL1RAPL2",0.000912407362469533,5.79981010442367,0.00163859558474614,0.967759645641925,0.994093242531172,0.994093242531172,"social_isolation_avg"
"8930","ZFPM2","Exc L4-5 RORB IL1RAPL2",-0.0627338281333214,7.82933084292522,2.76797055971628,0.0980627154086662,0.362816706735896,0.362816706735896,"social_isolation_avg"
"8931","AC103853.1","Exc L4-5 RORB IL1RAPL2",0.0188197178084638,0.52885500530128,0.0162651508976243,0.898672070774692,0.977255559309928,0.977255559309928,"social_isolation_avg"
"8932","AC027031.2","Exc L4-5 RORB IL1RAPL2",-0.109678811397191,4.11911687140676,6.59084604899444,0.0111366285764401,0.104886087254765,0.104886087254765,"social_isolation_avg"
"8933","OXR1","Exc L4-5 RORB IL1RAPL2",0.00449092329670848,10.1345946806505,0.0804419541455247,0.777054305892807,0.935520776393345,0.935520776393345,"social_isolation_avg"
"8934","AC090579.1","Exc L4-5 RORB IL1RAPL2",0.00284297342390637,4.99825434539052,0.00508000982610294,0.943265699625563,0.987984052456339,0.987984052456339,"social_isolation_avg"
"8935","ANGPT1","Exc L4-5 RORB IL1RAPL2",0.0477731476294639,2.96221075265589,0.322514621815107,0.570870940030742,0.829944468108913,0.829944468108913,"social_isolation_avg"
"8936","RSPO2","Exc L4-5 RORB IL1RAPL2",-0.066391801463969,6.59540420633502,3.45258953931669,0.0649312344019411,0.290303375737034,0.290303375737034,"social_isolation_avg"
"8937","EIF3E","Exc L4-5 RORB IL1RAPL2",-0.0439800781474315,5.40022470344138,2.98507754520262,0.0859029521022649,0.33742365719887,0.33742365719887,"social_isolation_avg"
"8938","EMC2","Exc L4-5 RORB IL1RAPL2",0.019152342637021,4.5309727883045,0.461512175149183,0.497868278587933,0.784905430115777,0.784905430115777,"social_isolation_avg"
"8939","TMEM74","Exc L4-5 RORB IL1RAPL2",-0.0837415597571366,3.70571283855085,5.20203155036647,0.0238374048672395,0.164308756828065,0.164308756828065,"social_isolation_avg"
"8940","AC104248.1","Exc L4-5 RORB IL1RAPL2",-0.0556091715815634,2.31557213416308,0.174851255960068,0.676378574981786,0.88648706932151,0.88648706932151,"social_isolation_avg"
"8941","NUDCD1","Exc L4-5 RORB IL1RAPL2",-0.00751836909562665,4.7997273776933,0.100318336232717,0.751847604240944,0.923987303185431,0.923987303185431,"social_isolation_avg"
"8942","ENY2","Exc L4-5 RORB IL1RAPL2",-0.0423683502632318,5.08922901484642,2.2992221019451,0.131348861068629,0.417128533111704,0.417128533111704,"social_isolation_avg"
"8943","EBAG9","Exc L4-5 RORB IL1RAPL2",-0.0469905075482203,4.28982662001214,3.28494551425092,0.113051250798859,0.388422501609807,0.388422501609807,"social_isolation_avg"
"8944","SYBU","Exc L4-5 RORB IL1RAPL2",-0.0257601088940737,7.67773936662872,2.47843024459668,0.117329436207511,0.395790740324892,0.395790740324892,"social_isolation_avg"
"8945","AC079061.1","Exc L4-5 RORB IL1RAPL2",0.0273289608967779,-0.380841096588191,0.0245291796813874,0.875737086688144,0.970500479269633,0.970500479269633,"social_isolation_avg"
"8946","KCNV1","Exc L4-5 RORB IL1RAPL2",-0.146161615421497,5.61033750839945,12.4552619179869,0.000539980471626342,0.0157912990782721,0.0157912990782721,"social_isolation_avg"
"8947","AC025366.1","Exc L4-5 RORB IL1RAPL2",-0.00142486309722455,2.78806867746916,0.000793769578851742,0.977557426722643,0.996728775651856,0.996728775651856,"social_isolation_avg"
"8948","AP005357.1","Exc L4-5 RORB IL1RAPL2",-0.0594648877857405,0.979857608164274,0.443281296508314,0.506470989607396,0.79127946267208,0.79127946267208,"social_isolation_avg"
"8949","LINC01609","Exc L4-5 RORB IL1RAPL2",0.151963646517106,3.56939193831628,3.66560600853122,0.0572737028727881,0.271811240695494,0.271811240695494,"social_isolation_avg"
"8950","LINC02237","Exc L4-5 RORB IL1RAPL2",-0.124938349670449,1.31610480221629,2.47745164331594,0.117401297943679,0.395891990445972,0.395891990445972,"social_isolation_avg"
"8951","CSMD3","Exc L4-5 RORB IL1RAPL2",0.0288464777482133,9.90087216447846,3.99001300186672,0.0474112531965498,0.244414693725501,0.244414693725501,"social_isolation_avg"
"8952","AC103993.1","Exc L4-5 RORB IL1RAPL2",0.0771009364802712,-0.41119108703734,0.201357825899654,0.654214774096664,0.875479011293795,0.875479011293795,"social_isolation_avg"
"8953","TRPS1","Exc L4-5 RORB IL1RAPL2",-0.165113573447848,5.03495704293301,9.65093175370201,0.00222802147585614,0.0399586676252834,0.0399586676252834,"social_isolation_avg"
"8954","LINC00536","Exc L4-5 RORB IL1RAPL2",0.0397483835708874,1.60120781686603,0.242773864618984,0.622863682351064,0.858792081451904,0.858792081451904,"social_isolation_avg"
"8955","EIF3H","Exc L4-5 RORB IL1RAPL2",-0.00884937526052314,5.59008607535677,0.144841522526074,0.704003181267523,0.901111603365471,0.901111603365471,"social_isolation_avg"
"8956","UTP23","Exc L4-5 RORB IL1RAPL2",-0.0527331285278763,6.22911403664612,4.54922417397465,0.0344097987040625,0.203141279650411,0.203141279650411,"social_isolation_avg"
"8957","RAD21","Exc L4-5 RORB IL1RAPL2",-0.0513613107186439,6.14257356466594,6.49906609929178,0.0117026877042315,0.1080506490558,0.1080506490558,"social_isolation_avg"
"8958","AARD","Exc L4-5 RORB IL1RAPL2",-0.114405366887007,-0.297976245943443,0.392483967696765,0.531860829199343,0.808569192230732,0.808569192230732,"social_isolation_avg"
"8959","SLC30A8","Exc L4-5 RORB IL1RAPL2",0.098780016105541,1.50399692518928,0.37643030371389,0.540363258766593,0.812231575248533,0.812231575248533,"social_isolation_avg"
"8960","MED30","Exc L4-5 RORB IL1RAPL2",0.0564620226146419,3.80053330867534,3.26383164388227,0.0726423231298594,0.308799235214574,0.308799235214574,"social_isolation_avg"
"8961","EXT1","Exc L4-5 RORB IL1RAPL2",-0.00507265812909905,8.55433289194121,0.0544864984043669,0.815721438097202,0.951591878420689,0.951591878420689,"social_isolation_avg"
"8962","SAMD12","Exc L4-5 RORB IL1RAPL2",0.0149075352794878,9.16895586295983,1.2892220061404,0.257835042612845,0.586216875904547,0.586216875904547,"social_isolation_avg"
"8963","AC023590.1","Exc L4-5 RORB IL1RAPL2",0.0174190004386214,3.92019136198533,0.0986492643023553,0.753852673613123,0.924985253862164,0.924985253862164,"social_isolation_avg"
"8964","SAMD12-AS1","Exc L4-5 RORB IL1RAPL2",-0.0404285925421593,3.81026469555283,0.635195165636266,0.426599357254059,0.732871646492618,0.732871646492618,"social_isolation_avg"
"8965","COLEC10","Exc L4-5 RORB IL1RAPL2",-0.0933232771766438,2.35681835558305,1.25234920296151,0.264727835879397,0.595177649843577,0.595177649843577,"social_isolation_avg"
"8966","MAL2","Exc L4-5 RORB IL1RAPL2",-0.0431797980474902,6.06583746919236,2.63111441370942,0.106693949006504,0.377622665980968,0.377622665980968,"social_isolation_avg"
"8967","MAL2-AS1","Exc L4-5 RORB IL1RAPL2",0.0234556490729067,1.18917048036648,0.0743411850978559,0.874080313026484,0.969990403745151,0.969990403745151,"social_isolation_avg"
"8968","NOV","Exc L4-5 RORB IL1RAPL2",-0.225572045855065,3.32122932796114,19.194709209078,2.09019358515472e-05,0.00224564928812081,0.00224564928812081,"social_isolation_avg"
"8969","AC021733.1","Exc L4-5 RORB IL1RAPL2",0.0530902566735228,0.20280442118757,0.196871031819783,0.657838650380685,0.877650961787701,0.877650961787701,"social_isolation_avg"
"8970","TAF2","Exc L4-5 RORB IL1RAPL2",0.0431344664909918,5.85302889571293,5.66536759267836,0.018442016412872,0.141961510393796,0.141961510393796,"social_isolation_avg"
"8971","DSCC1","Exc L4-5 RORB IL1RAPL2",-0.0362016451338029,2.99926268330556,0.168829089200472,0.68168670500206,0.888917584103651,0.888917584103651,"social_isolation_avg"
"8972","AP005717.1","Exc L4-5 RORB IL1RAPL2",0.0393147856261925,-0.593883661185424,0.0473910544617649,0.827935361082546,0.954161930646283,0.954161930646283,"social_isolation_avg"
"8973","DEPTOR","Exc L4-5 RORB IL1RAPL2",0.0303291259187899,5.55000322569854,0.564823935390167,0.45339181821718,0.752923518252999,0.752923518252999,"social_isolation_avg"
"8974","AC091563.1","Exc L4-5 RORB IL1RAPL2",0.00151491667531999,3.10213957333856,0.00071437709902934,0.978709053469759,0.996876364716566,0.996876364716566,"social_isolation_avg"
"8975","COL14A1","Exc L4-5 RORB IL1RAPL2",0.0756754560507841,2.85147665331724,1.49389826639568,0.22335261287638,0.544594689205411,0.544594689205411,"social_isolation_avg"
"8976","MRPL13","Exc L4-5 RORB IL1RAPL2",0.0359411216879417,3.85073071546456,1.35451503221206,0.246167496689036,0.571953479798148,0.571953479798148,"social_isolation_avg"
"8977","MTBP","Exc L4-5 RORB IL1RAPL2",-0.010091655304631,4.48714526381046,0.0891665248710556,0.76561448657957,0.930229227340792,0.930229227340792,"social_isolation_avg"
"8978","SNTB1","Exc L4-5 RORB IL1RAPL2",0.0914102432182605,0.892601884261279,0.564930516941946,0.453349281397527,0.752923518252999,0.752923518252999,"social_isolation_avg"
"8979","AC068413.1","Exc L4-5 RORB IL1RAPL2",0.0388342006428055,0.362319927305171,0.143643508540419,0.705171797450221,0.901829134721505,0.901829134721505,"social_isolation_avg"
"8980","HAS2","Exc L4-5 RORB IL1RAPL2",0.053642506663958,-0.606879543573093,0.0726686635389215,0.787826335339812,0.939432896859537,0.939432896859537,"social_isolation_avg"
"8981","HAS2-AS1","Exc L4-5 RORB IL1RAPL2",-0.0258044912746911,-0.516714516789669,0.00887580116486677,0.925055275964279,0.98417618971798,0.98417618971798,"social_isolation_avg"
"8982","AC037486.1","Exc L4-5 RORB IL1RAPL2",-0.349939183887684,0.651076105268798,6.3785611828194,0.0124915799515262,0.111714891542893,0.111714891542893,"social_isolation_avg"
"8983","ZHX2","Exc L4-5 RORB IL1RAPL2",0.0868067149544687,1.91595054788961,0.0979269090884009,0.754726225408924,0.925272055070982,0.925272055070982,"social_isolation_avg"
"8984","AC104316.1","Exc L4-5 RORB IL1RAPL2",-0.0106832246283237,1.64721405135571,0.0189283633408281,0.890739499730805,0.974706512053996,0.974706512053996,"social_isolation_avg"
"8985","DERL1","Exc L4-5 RORB IL1RAPL2",-0.0126756781275254,4.28036943064141,0.242362829449052,0.623157963426968,0.858858148896471,0.858858148896471,"social_isolation_avg"
"8986","TBC1D31","Exc L4-5 RORB IL1RAPL2",0.0197711451772223,4.59750855678506,0.666878980999207,0.41531720940092,0.724488231952246,0.724488231952246,"social_isolation_avg"
"8987","FAM83A","Exc L4-5 RORB IL1RAPL2",0.156613224225035,0.394173750658341,2.11888278340326,0.230301553666723,0.552556696860669,0.552556696860669,"social_isolation_avg"
"8988","C8orf76","Exc L4-5 RORB IL1RAPL2",0.0411624825107253,2.89132498974891,0.894744775255213,0.361019844126063,0.680974625731157,0.680974625731157,"social_isolation_avg"
"8989","ZHX1-C8orf76","Exc L4-5 RORB IL1RAPL2",0.0793778779107357,1.92298670596322,1.76084194217178,0.223585814367204,0.544875520319894,0.544875520319894,"social_isolation_avg"
"8990","ATAD2","Exc L4-5 RORB IL1RAPL2",0.117156275884439,5.5963828300118,23.8312605872805,2.46189432009276e-06,0.000534152284730927,0.000534152284730927,"social_isolation_avg"
"8991","WDYHV1","Exc L4-5 RORB IL1RAPL2",0.0276042530393187,3.00429463337826,0.445669298091831,0.505329703859583,0.790716451102148,0.790716451102148,"social_isolation_avg"
"8992","FBXO32","Exc L4-5 RORB IL1RAPL2",-0.0367662899383078,6.71180286631233,2.58249076867707,0.109960049092815,0.383254465566682,0.383254465566682,"social_isolation_avg"
"8993","AC090193.1","Exc L4-5 RORB IL1RAPL2",-0.0884343472363135,-0.226763524181723,0.405518253018257,0.525133984204215,0.804669591442174,0.804669591442174,"social_isolation_avg"
"8994","ANXA13","Exc L4-5 RORB IL1RAPL2",0.0679287773123316,0.797662551553439,0.692764315665265,0.40642660438173,0.717551346599488,0.717551346599488,"social_isolation_avg"
"8995","FAM91A1","Exc L4-5 RORB IL1RAPL2",0.020958855497619,4.58299445268421,0.919848441951753,0.338915512427714,0.662519713633708,0.662519713633708,"social_isolation_avg"
"8996","FER1L6","Exc L4-5 RORB IL1RAPL2",-0.0352094608775362,1.00483523329908,0.148786454153103,0.700193742966259,0.899494810173801,0.899494810173801,"social_isolation_avg"
"8997","FER1L6-AS1","Exc L4-5 RORB IL1RAPL2",-0.168817548649142,1.96177186722213,2.91343110313557,0.0897225867291718,0.345681340562545,0.345681340562545,"social_isolation_avg"
"8998","FER1L6-AS2","Exc L4-5 RORB IL1RAPL2",-0.105320304483867,4.34997751819265,2.90340162383916,0.090271942842671,0.347192095320712,0.347192095320712,"social_isolation_avg"
"8999","AC090921.1","Exc L4-5 RORB IL1RAPL2",-0.00608318242830322,1.77600866874058,0.00663891485646091,0.935159172508574,0.986842461541563,0.986842461541563,"social_isolation_avg"
"9000","TMEM65","Exc L4-5 RORB IL1RAPL2",-0.0649003081357122,5.35521546452181,4.35179676616971,0.0385054899558125,0.217806390270232,0.217806390270232,"social_isolation_avg"
"9001","TRMT12","Exc L4-5 RORB IL1RAPL2",-0.0328753989860949,3.55835544848431,0.784966011010867,0.376913756668908,0.695425176980245,0.695425176980245,"social_isolation_avg"
"9002","RNF139-AS1","Exc L4-5 RORB IL1RAPL2",0.0220061348954191,3.09293742059251,0.235179926367634,0.628351366285415,0.862024086534682,0.862024086534682,"social_isolation_avg"
"9003","RNF139","Exc L4-5 RORB IL1RAPL2",-0.0430239704006081,3.73887661680115,1.83332890858895,0.17758311869465,0.483878195394799,0.483878195394799,"social_isolation_avg"
"9004","TATDN1","Exc L4-5 RORB IL1RAPL2",0.0430020904811284,5.60797660880901,4.61446580280689,0.0331596694383206,0.198863424862904,0.198863424862904,"social_isolation_avg"
"9005","AC090198.1","Exc L4-5 RORB IL1RAPL2",0.237025527774307,0.358087895007215,6.07864718652369,0.0227696302810227,0.159801251686658,0.159801251686658,"social_isolation_avg"
"9006","NDUFB9","Exc L4-5 RORB IL1RAPL2",-0.0693011712605841,4.05329248936558,2.87366797173678,0.0919223421359893,0.350728500817716,0.350728500817716,"social_isolation_avg"
"9007","MTSS1","Exc L4-5 RORB IL1RAPL2",0.0596385506763494,6.58864595188676,5.67272584916603,0.0183674450338091,0.141675673658664,0.141675673658664,"social_isolation_avg"
"9008","AC100858.3","Exc L4-5 RORB IL1RAPL2",0.101691995051739,-0.4733012076458,0.323751185183921,0.570134298394547,0.829737191430921,0.829737191430921,"social_isolation_avg"
"9009","LINC00964","Exc L4-5 RORB IL1RAPL2",-0.0262205276817677,2.07916013736319,0.116040882479184,0.733801339604716,0.914701571029767,0.914701571029767,"social_isolation_avg"
"9010","SQLE","Exc L4-5 RORB IL1RAPL2",0.061480598209158,4.42685796189147,1.84262454794919,0.176494054479517,0.482927549502089,0.482927549502089,"social_isolation_avg"
"9011","WASHC5","Exc L4-5 RORB IL1RAPL2",0.00330631835504899,5.09815370522783,0.0356241697186381,0.850525263552173,0.961873912835597,0.961873912835597,"social_isolation_avg"
"9012","NSMCE2","Exc L4-5 RORB IL1RAPL2",0.0426582889511031,7.48157299494605,6.71877906669155,0.0103945485584069,0.101170397774495,0.101170397774495,"social_isolation_avg"
"9013","TRIB1","Exc L4-5 RORB IL1RAPL2",-0.142607451395537,0.214521314071671,1.17443207978791,0.280070631694113,0.611240640235348,0.611240640235348,"social_isolation_avg"
"9014","PCAT1","Exc L4-5 RORB IL1RAPL2",0.12338540240552,2.46332453632654,4.8876372570333,0.0284224714877842,0.181588068543435,0.181588068543435,"social_isolation_avg"
"9015","CASC8","Exc L4-5 RORB IL1RAPL2",0.168776886522369,0.0465400009546749,1.82249687756133,0.178862061845142,0.485266571862909,0.485266571862909,"social_isolation_avg"
"9016","CASC11","Exc L4-5 RORB IL1RAPL2",0.231271629207563,-0.0979073713175517,2.48751377080993,0.116664738833766,0.394285699035384,0.394285699035384,"social_isolation_avg"
"9017","MYC","Exc L4-5 RORB IL1RAPL2",-0.070012933484751,0.102948601330545,0.315406333832176,0.575142091407817,0.832741315543872,0.832741315543872,"social_isolation_avg"
"9018","PVT1","Exc L4-5 RORB IL1RAPL2",-0.00737821960179745,5.64616874099126,0.0461572029061291,0.830155121813652,0.955184094369796,0.955184094369796,"social_isolation_avg"
"9019","CCDC26","Exc L4-5 RORB IL1RAPL2",-0.0578576263199746,2.34928966470232,0.825620484953942,0.364864857529669,0.683931837657902,0.683931837657902,"social_isolation_avg"
"9020","FAM49B","Exc L4-5 RORB IL1RAPL2",0.0360609582674708,8.07198535412594,4.82215045994282,0.0294891130969099,0.186049852919851,0.186049852919851,"social_isolation_avg"
"9021","AC022973.3","Exc L4-5 RORB IL1RAPL2",0.0753830791970489,-0.0363144883502505,0.349518860822544,0.555193198699226,0.8200476590623,0.8200476590623,"social_isolation_avg"
"9022","AC022973.2","Exc L4-5 RORB IL1RAPL2",0.091176050092604,1.05612270976796,1.11114029024438,0.293372562245959,0.624327232483406,0.624327232483406,"social_isolation_avg"
"9023","ASAP1","Exc L4-5 RORB IL1RAPL2",-0.0113758736069286,8.143779767286,0.360231954528192,0.549199392287471,0.816620756664497,0.816620756664497,"social_isolation_avg"
"9024","ADCY8","Exc L4-5 RORB IL1RAPL2",0.0282119456783136,4.20216388111965,0.210442676648782,0.647023267638473,0.87158815655614,0.87158815655614,"social_isolation_avg"
"9025","EFR3A","Exc L4-5 RORB IL1RAPL2",-0.00602190612124674,7.18484856320253,0.118716577159334,0.730868629347456,0.91330707798404,0.91330707798404,"social_isolation_avg"
"9026","HHLA1","Exc L4-5 RORB IL1RAPL2",0.07373033434236,1.15324061017346,0.475311829132479,0.491520251569749,0.780973607877241,0.780973607877241,"social_isolation_avg"
"9027","KCNQ3","Exc L4-5 RORB IL1RAPL2",0.0639087308898851,9.87200437480394,11.4231070977262,0.000904986391568636,0.0221803724285883,0.0221803724285883,"social_isolation_avg"
"9028","LRRC6","Exc L4-5 RORB IL1RAPL2",-0.0246334055979939,6.22936797303114,1.40428865052873,0.237707752410236,0.56170829293696,0.56170829293696,"social_isolation_avg"
"9029","PHF20L1","Exc L4-5 RORB IL1RAPL2",0.017814063449477,6.68474918194237,1.12663057078485,0.290043544106034,0.621391594158332,0.621391594158332,"social_isolation_avg"
"9030","TG","Exc L4-5 RORB IL1RAPL2",0.0272842029442687,0.662551995424117,0.0538258651337339,0.816821868743568,0.951599926146172,0.951599926146172,"social_isolation_avg"
"9031","SLA","Exc L4-5 RORB IL1RAPL2",-0.326664299286446,-0.303048915149991,2.68493652885311,0.103203290850039,0.372228262709414,0.372228262709414,"social_isolation_avg"
"9032","NDRG1","Exc L4-5 RORB IL1RAPL2",-0.858748629242642,0.430583770554582,7.084547712295,0.00854253341964722,0.0895971589984174,0.0895971589984174,"social_isolation_avg"
"9033","ST3GAL1","Exc L4-5 RORB IL1RAPL2",0.00839707892445509,4.10787464622295,0.0264632206179936,0.870972873823016,0.968185596929022,0.968185596929022,"social_isolation_avg"
"9034","AC103706.1","Exc L4-5 RORB IL1RAPL2",-0.192259696264463,1.77891289092533,8.09136148871699,0.00501008585131866,0.0655564862809362,0.0655564862809362,"social_isolation_avg"
"9035","AC105180.1","Exc L4-5 RORB IL1RAPL2",0.272892701221565,2.31618751874845,3.50832502437024,0.0628267660358205,0.285055467306315,0.285055467306315,"social_isolation_avg"
"9036","ZFAT","Exc L4-5 RORB IL1RAPL2",0.0168422033230202,4.83495783782152,0.329395406525868,0.566795433083838,0.827595395006403,0.827595395006403,"social_isolation_avg"
"9037","AC083843.3","Exc L4-5 RORB IL1RAPL2",-0.0479667261463493,0.856158146842582,0.256664655343957,0.919001829407857,0.983116407957877,0.983116407957877,"social_isolation_avg"
"9038","LINC01591","Exc L4-5 RORB IL1RAPL2",-0.0646598144745378,3.05356905543322,1.21369270609434,0.272203579704129,0.601467234798765,0.601467234798765,"social_isolation_avg"
"9039","KHDRBS3","Exc L4-5 RORB IL1RAPL2",-0.0310547032684536,9.97999491459658,1.52098351371611,0.219221627798724,0.53959833739816,0.53959833739816,"social_isolation_avg"
"9040","AC079098.1","Exc L4-5 RORB IL1RAPL2",-0.0835614966439156,3.31829686429598,0.381773873985472,0.537505760248879,0.81095179727845,0.81095179727845,"social_isolation_avg"
"9041","AC013546.1","Exc L4-5 RORB IL1RAPL2",-0.0287894108264635,0.358550784850978,0.0539892888959918,0.816548990520049,0.951599926146172,0.951599926146172,"social_isolation_avg"
"9042","LINC02055","Exc L4-5 RORB IL1RAPL2",-0.279369272125726,3.00705217849131,1.30396049026113,0.255142519773048,0.583460432272885,0.583460432272885,"social_isolation_avg"
"9043","AC046195.1","Exc L4-5 RORB IL1RAPL2",0.117041855758857,3.23125747755611,3.2652922970234,0.0725789857884398,0.308799235214574,0.308799235214574,"social_isolation_avg"
"9044","FAM135B","Exc L4-5 RORB IL1RAPL2",0.0279739519028882,8.13119348026519,1.65093646757934,0.200629095073255,0.514989241361395,0.514989241361395,"social_isolation_avg"
"9045","COL22A1","Exc L4-5 RORB IL1RAPL2",-0.0335540690471088,1.82501547597808,0.0662052673824197,0.797264247228379,0.943241631073545,0.943241631073545,"social_isolation_avg"
"9046","KCNK9","Exc L4-5 RORB IL1RAPL2",0.00654117204682966,4.61429025912523,0.0388746293582014,0.843939474770654,0.960549735450887,0.960549735450887,"social_isolation_avg"
"9047","TRAPPC9","Exc L4-5 RORB IL1RAPL2",-0.00622208991116022,7.38545517325872,0.106129331966474,0.745006651121511,0.920785167671651,0.920785167671651,"social_isolation_avg"
"9048","AC107375.1","Exc L4-5 RORB IL1RAPL2",0.0890464114232951,2.54363105042444,3.99896465496147,0.0471662544763791,0.244118712881452,0.244118712881452,"social_isolation_avg"
"9049","CHRAC1","Exc L4-5 RORB IL1RAPL2",-0.0232467490368037,1.86716424239472,0.170570409111235,0.991053635766673,0.998822911403646,0.998822911403646,"social_isolation_avg"
"9050","AGO2","Exc L4-5 RORB IL1RAPL2",-0.000434308214490927,5.49311089568279,0.000405106566192914,0.983966129631625,0.998121784353124,0.998121784353124,"social_isolation_avg"
"9051","PTK2","Exc L4-5 RORB IL1RAPL2",0.0228139912689612,8.80779654574973,1.65078160704983,0.200650107674869,0.514989241361395,0.514989241361395,"social_isolation_avg"
"9052","DENND3","Exc L4-5 RORB IL1RAPL2",0.00401063079072194,5.2739282961707,0.0133952475445758,0.908000799871634,0.979379952934168,0.979379952934168,"social_isolation_avg"
"9053","AC040970.1","Exc L4-5 RORB IL1RAPL2",-0.0597690903744894,0.765524042946328,0.358738131762576,0.550027837956571,0.81694325419107,0.81694325419107,"social_isolation_avg"
"9054","SLC45A4","Exc L4-5 RORB IL1RAPL2",0.0158836295943154,5.79306184275362,0.752543166524138,0.386929849342223,0.702970466375053,0.702970466375053,"social_isolation_avg"
"9055","GPR20","Exc L4-5 RORB IL1RAPL2",0.160137181785419,0.312470828425219,1.02122758928843,0.31370497033077,0.642373438801511,0.642373438801511,"social_isolation_avg"
"9056","PTP4A3","Exc L4-5 RORB IL1RAPL2",0.00599112437736635,3.37365139124645,0.0185176684375794,0.89192390747456,0.975158456796842,0.975158456796842,"social_isolation_avg"
"9057","AC138647.1","Exc L4-5 RORB IL1RAPL2",-0.16794344222143,1.87235728073443,4.27598696985446,0.0402125787228969,0.222865319864069,0.222865319864069,"social_isolation_avg"
"9058","LINC00051","Exc L4-5 RORB IL1RAPL2",0.305513281016151,-0.453103008588761,2.68165630664943,0.103412381159466,0.372501207551573,0.372501207551573,"social_isolation_avg"
"9059","TSNARE1","Exc L4-5 RORB IL1RAPL2",0.0162745366730447,5.77106896172841,0.478079073226634,0.490263667986755,0.780776748062512,0.780776748062512,"social_isolation_avg"
"9060","ADGRB1","Exc L4-5 RORB IL1RAPL2",-0.00461238510956472,6.11399837632867,0.0317499881995001,0.858795669166538,0.964243395716678,0.964243395716678,"social_isolation_avg"
"9061","ARC","Exc L4-5 RORB IL1RAPL2",0.00736969179869292,3.02234936160606,0.00875474917483484,0.925566585697169,0.98417618971798,0.98417618971798,"social_isolation_avg"
"9062","AC108002.3","Exc L4-5 RORB IL1RAPL2",0.0577436877198075,0.297572201425484,0.142720651376179,0.706075817072843,0.902313962909311,0.902313962909311,"social_isolation_avg"
"9063","JRK","Exc L4-5 RORB IL1RAPL2",-0.0539732062178435,3.86507224683885,2.69709250762921,0.10243249551936,0.370859017411195,0.370859017411195,"social_isolation_avg"
"9064","PSCA","Exc L4-5 RORB IL1RAPL2",-0.0877909950437973,0.211251816253913,0.306373498840223,0.580662035770557,0.836412771697586,0.836412771697586,"social_isolation_avg"
"9065","AC108002.1","Exc L4-5 RORB IL1RAPL2",0.0395648726874629,2.8830599166835,0.674484162631873,0.412675493227385,0.722449390021776,0.722449390021776,"social_isolation_avg"
"9066","THEM6","Exc L4-5 RORB IL1RAPL2",-0.0469450867681648,3.44720696688314,1.20141516561319,0.274633377497668,0.604576862784571,0.604576862784571,"social_isolation_avg"
"9067","LY6D","Exc L4-5 RORB IL1RAPL2",-0.16588540105011,0.435092803779615,1.61084223845405,0.206157601363728,0.523233799517518,0.523233799517518,"social_isolation_avg"
"9068","GML","Exc L4-5 RORB IL1RAPL2",-0.00925676839029047,0.25539949205359,0.00546514421528936,0.941158163949704,0.987961902248838,0.987961902248838,"social_isolation_avg"
"9069","LY6E-DT","Exc L4-5 RORB IL1RAPL2",-0.0403076492026786,5.2759512950512,1.34464834955287,0.2478881478781,0.574094118616753,0.574094118616753,"social_isolation_avg"
"9070","LY6E","Exc L4-5 RORB IL1RAPL2",-0.0796348865857263,5.19791024720437,5.17689581901792,0.0241737032594936,0.16578131184229,0.16578131184229,"social_isolation_avg"
"9071","LY6H","Exc L4-5 RORB IL1RAPL2",-0.101889481535014,6.45324020646938,8.39221739637216,0.00427888853110878,0.059573840983892,0.059573840983892,"social_isolation_avg"
"9072","AC138696.1","Exc L4-5 RORB IL1RAPL2",0.00457878902684364,3.09439457052215,0.00850986633628895,0.926611963651026,0.98417618971798,0.98417618971798,"social_isolation_avg"
"9073","GLI4","Exc L4-5 RORB IL1RAPL2",-0.00114459828109338,4.33204030088955,0.00101777411942363,0.974588235722122,0.996019795885146,0.996019795885146,"social_isolation_avg"
"9074","MINCR","Exc L4-5 RORB IL1RAPL2",-0.0580644571987556,0.727741190280897,0.402566227629357,0.526644068380326,0.805428145653928,0.805428145653928,"social_isolation_avg"
"9075","ZNF696","Exc L4-5 RORB IL1RAPL2",-0.040180832647922,2.06210515104984,0.497363759462101,0.481653362470438,0.774484853514333,0.774484853514333,"social_isolation_avg"
"9076","AC138696.2","Exc L4-5 RORB IL1RAPL2",-0.0815790809602649,-0.213904445202665,0.335475580946656,0.563241002288046,0.825874380369817,0.825874380369817,"social_isolation_avg"
"9077","TOP1MT","Exc L4-5 RORB IL1RAPL2",0.00302436788358773,4.12259975632262,0.00936414853019353,0.93436883912806,0.986837443770138,0.986837443770138,"social_isolation_avg"
"9078","RHPN1","Exc L4-5 RORB IL1RAPL2",0.000745854479291051,4.88641935949652,0.000593758157037014,0.980589139673384,0.997029776546838,0.997029776546838,"social_isolation_avg"
"9079","ZC3H3","Exc L4-5 RORB IL1RAPL2",0.0162379788180986,4.65451315470535,0.360032123369911,0.549310079223268,0.816643784119922,0.816643784119922,"social_isolation_avg"
"9080","MROH6","Exc L4-5 RORB IL1RAPL2",-0.00105003831582671,2.41303215521234,0.000205531821625328,0.988578903658819,0.998787747693845,0.998787747693845,"social_isolation_avg"
"9081","NAPRT","Exc L4-5 RORB IL1RAPL2",-0.0627875314981149,2.91039246249933,0.583043987845311,0.446210116338903,0.747343685159634,0.747343685159634,"social_isolation_avg"
"9082","EEF1D","Exc L4-5 RORB IL1RAPL2",-0.0498260616279272,4.87129866706823,3.59921887771818,0.0595505174518625,0.27766272565468,0.27766272565468,"social_isolation_avg"
"9083","TIGD5","Exc L4-5 RORB IL1RAPL2",0.0212311321843942,2.27002731103102,0.168122695163788,0.804742054520535,0.945953139866464,0.945953139866464,"social_isolation_avg"
"9084","PYCR3","Exc L4-5 RORB IL1RAPL2",0.0333077950271979,2.13460820993438,0.333215820243898,0.564556987153429,0.826725939162625,0.826725939162625,"social_isolation_avg"
"9085","TSTA3","Exc L4-5 RORB IL1RAPL2",-0.0365736656523574,2.75596128497046,0.592993824156416,0.518151138414009,0.799538222959669,0.799538222959669,"social_isolation_avg"
"9086","ZNF623","Exc L4-5 RORB IL1RAPL2",-0.0323443220560908,4.88815507544546,1.14656839052263,0.285829650758861,0.616809172218112,0.616809172218112,"social_isolation_avg"
"9087","ZNF707","Exc L4-5 RORB IL1RAPL2",0.027625743513412,2.55031235237991,0.287665750142166,0.751748491265069,0.923926446192741,0.923926446192741,"social_isolation_avg"
"9088","MAPK15","Exc L4-5 RORB IL1RAPL2",-0.56875531228265,-0.581973824360513,6.55275547884301,0.0113680270396264,0.106140724108899,0.106140724108899,"social_isolation_avg"
"9089","FAM83H","Exc L4-5 RORB IL1RAPL2",-0.0343224170842578,1.52992236572293,0.147629145822787,0.701305230482451,0.899620085827692,0.899620085827692,"social_isolation_avg"
"9090","IQANK1","Exc L4-5 RORB IL1RAPL2",0.0412344663381586,2.91161273700775,0.493348504560383,0.483425325718909,0.775372863914549,0.775372863914549,"social_isolation_avg"
"9091","AC105219.4","Exc L4-5 RORB IL1RAPL2",0.0875708602898443,1.11238379509378,0.687188414299443,0.40831778710175,0.71890020566041,0.71890020566041,"social_isolation_avg"
"9092","SCRIB","Exc L4-5 RORB IL1RAPL2",-0.0634916493883999,3.15941557368639,2.42765022511568,0.121124024410075,0.40038219179997,0.40038219179997,"social_isolation_avg"
"9093","PUF60","Exc L4-5 RORB IL1RAPL2",-0.0911374793735382,4.08179176665002,8.06643470883073,0.00507617008278124,0.0659658064122967,0.0659658064122967,"social_isolation_avg"
"9094","NRBP2","Exc L4-5 RORB IL1RAPL2",0.0118368856295638,5.11305088335455,0.145831396139241,0.703041768248807,0.900586045593367,0.900586045593367,"social_isolation_avg"
"9095","PLEC","Exc L4-5 RORB IL1RAPL2",0.0331357220527101,6.3673382468536,1.87920559973376,0.172282930074784,0.477131926221457,0.477131926221457,"social_isolation_avg"
"9096","PARP10","Exc L4-5 RORB IL1RAPL2",0.0141175653694883,1.38300857589657,0.0393796864682099,0.842942210759925,0.960075361474402,0.960075361474402,"social_isolation_avg"
"9097","GRINA","Exc L4-5 RORB IL1RAPL2",-0.104857526778946,5.70302505571204,8.52996351501921,0.00398168276039406,0.0569013742518248,0.0569013742518248,"social_isolation_avg"
"9098","SPATC1","Exc L4-5 RORB IL1RAPL2",0.111823817288099,0.211095994892309,0.952831052513009,0.33042610444701,0.65603277253325,0.65603277253325,"social_isolation_avg"
"9099","EXOSC4","Exc L4-5 RORB IL1RAPL2",-0.104863069977775,2.16637731881898,3.00070384996187,0.0850936972718141,0.335498613477807,0.335498613477807,"social_isolation_avg"
"9100","GPAA1","Exc L4-5 RORB IL1RAPL2",-0.0918158890926989,3.83223231744266,4.94089042608684,0.0275850132418871,0.178561763787118,0.178561763787118,"social_isolation_avg"
"9101","CYC1","Exc L4-5 RORB IL1RAPL2",-0.0937129277482599,4.23237395292958,5.22648327496795,0.0235149593613288,0.16324348485288,0.16324348485288,"social_isolation_avg"
"9102","SHARPIN","Exc L4-5 RORB IL1RAPL2",-0.0299666687527024,3.75412693843155,0.905496186799115,0.342701572224984,0.665461458135152,0.665461458135152,"social_isolation_avg"
"9103","MAF1","Exc L4-5 RORB IL1RAPL2",-0.111397938093821,4.24656705210492,11.5026706671402,0.000869491062995802,0.021646895267031,0.021646895267031,"social_isolation_avg"
"9104","WDR97","Exc L4-5 RORB IL1RAPL2",-0.0226362434451885,2.9251559099881,0.0641092470574181,0.800429806813429,0.944238933583077,0.944238933583077,"social_isolation_avg"
"9105","HGH1","Exc L4-5 RORB IL1RAPL2",-0.0433446189238208,0.814148961531957,0.242850923315063,0.730450757791735,0.913267211869261,0.913267211869261,"social_isolation_avg"
"9106","MROH1","Exc L4-5 RORB IL1RAPL2",0.0518606865896854,6.7946989344036,8.19704680458758,0.00473959263745116,0.0634662648925785,0.0634662648925785,"social_isolation_avg"
"9107","BOP1","Exc L4-5 RORB IL1RAPL2",-0.106532321835107,3.11821748286565,5.68774734113721,0.0182161865321432,0.141084103714565,0.141084103714565,"social_isolation_avg"
"9108","SCX","Exc L4-5 RORB IL1RAPL2",0.0689931646119047,3.69281923664998,1.81019270426915,0.18032785430405,0.487008754108897,0.487008754108897,"social_isolation_avg"
"9109","HSF1","Exc L4-5 RORB IL1RAPL2",-0.00766674809323447,4.79504585825037,0.120921018455033,0.878050358888866,0.971649293506358,0.971649293506358,"social_isolation_avg"
"9110","DGAT1","Exc L4-5 RORB IL1RAPL2",-0.00219346063087894,3.90604202028646,0.00357641359262424,0.952384678287561,0.989452900160271,0.989452900160271,"social_isolation_avg"
"9111","SCRT1","Exc L4-5 RORB IL1RAPL2",0.0362321788971799,4.14434160498201,1.17995424617084,0.278946854426305,0.609885998682704,0.609885998682704,"social_isolation_avg"
"9112","TMEM249","Exc L4-5 RORB IL1RAPL2",-0.214975386569494,0.179186989230803,2.63697082763354,0.106307870816385,0.377027219903409,0.377027219903409,"social_isolation_avg"
"9113","SLC52A2","Exc L4-5 RORB IL1RAPL2",-0.0635589876095274,2.0203680462771,1.11985510573525,0.291493657264024,0.6228516644938,0.6228516644938,"social_isolation_avg"
"9114","FBXL6","Exc L4-5 RORB IL1RAPL2",0.0297856411451914,2.73040928875395,0.232674947572293,0.630185583038966,0.862855619694343,0.862855619694343,"social_isolation_avg"
"9115","ADCK5","Exc L4-5 RORB IL1RAPL2",0.0920664829914807,4.01290055653376,7.16688074720773,0.00817492857971704,0.0875865366120194,0.0875865366120194,"social_isolation_avg"
"9116","CPSF1","Exc L4-5 RORB IL1RAPL2",0.11512788716516,3.96856404132618,8.84608587845898,0.0033771955918732,0.0515115493026393,0.0515115493026393,"social_isolation_avg"
"9117","AC233992.3","Exc L4-5 RORB IL1RAPL2",-0.0761513126283882,-0.620480094981564,0.172448636499593,0.678483264347077,0.887370003781783,0.887370003781783,"social_isolation_avg"
"9118","SLC39A4","Exc L4-5 RORB IL1RAPL2",-0.176382182226725,0.361861339047589,2.6381710683458,0.106228937171996,0.377027219903409,0.377027219903409,"social_isolation_avg"
"9119","VPS28","Exc L4-5 RORB IL1RAPL2",-0.126381122128364,5.1363860516287,16.5441371846377,7.34292170383081e-05,0.00466226246839539,0.00466226246839539,"social_isolation_avg"
"9120","TONSL","Exc L4-5 RORB IL1RAPL2",-0.0259327462041086,2.42619721456974,0.279676909775017,0.844642167273048,0.961176065855136,0.961176065855136,"social_isolation_avg"
"9121","CYHR1","Exc L4-5 RORB IL1RAPL2",-0.0593435561989962,5.53348800088774,4.89338311527625,0.0283308398025445,0.181403661558018,0.181403661558018,"social_isolation_avg"
"9122","KIFC2","Exc L4-5 RORB IL1RAPL2",0.00804390643916431,6.556589858016,0.0849990051830757,0.770999398435785,0.932360531397057,0.932360531397057,"social_isolation_avg"
"9123","PPP1R16A","Exc L4-5 RORB IL1RAPL2",-0.0541493861949126,3.85589624490353,2.29959456551808,0.131317839770867,0.417100024560109,0.417100024560109,"social_isolation_avg"
"9124","GPT","Exc L4-5 RORB IL1RAPL2",-0.0246502404135959,0.259081057067878,0.0497106545999224,0.823842801327054,0.953390192288024,0.953390192288024,"social_isolation_avg"
"9125","MFSD3","Exc L4-5 RORB IL1RAPL2",-0.0403276567825212,2.6845668022973,0.634191438467626,0.426964276561757,0.733217560067617,0.733217560067617,"social_isolation_avg"
"9126","RECQL4","Exc L4-5 RORB IL1RAPL2",0.0491990826247429,1.96345474428945,0.531131089840673,0.467163000398465,0.762885829308901,0.762885829308901,"social_isolation_avg"
"9127","AC084125.4","Exc L4-5 RORB IL1RAPL2",-0.0128709187650412,2.26858631155245,0.0425294410950626,0.836867641215326,0.95722238178184,0.95722238178184,"social_isolation_avg"
"9128","LRRC14","Exc L4-5 RORB IL1RAPL2",-0.0957787628863003,2.97984097705882,4.89219871012559,0.035289140486317,0.205891405224053,0.205891405224053,"social_isolation_avg"
"9129","LRRC24","Exc L4-5 RORB IL1RAPL2",-0.118478281566766,2.77732337670285,3.9590668907378,0.0482687171919976,0.246902513649577,0.246902513649577,"social_isolation_avg"
"9130","ARHGAP39","Exc L4-5 RORB IL1RAPL2",0.0401371837372086,5.35346495049511,2.90121462204335,0.0903922223752993,0.347295790929043,0.347295790929043,"social_isolation_avg"
"9131","ZNF251","Exc L4-5 RORB IL1RAPL2",0.0417636064049403,6.16047263008986,4.53825478089399,0.0346248283544755,0.203558013710174,0.203558013710174,"social_isolation_avg"
"9132","ZNF34","Exc L4-5 RORB IL1RAPL2",-0.017969354006764,3.05857209616827,0.175928301380715,0.851155197354527,0.961873912835597,0.961873912835597,"social_isolation_avg"
"9133","RPL8","Exc L4-5 RORB IL1RAPL2",-0.10881743105603,5.2411446701556,11.9433868331264,0.000697085762082424,0.0186664726701827,0.0186664726701827,"social_isolation_avg"
"9134","ZNF517","Exc L4-5 RORB IL1RAPL2",-0.0716806946938624,2.07077025419705,1.90258530811247,0.333351443139311,0.658280379860884,0.658280379860884,"social_isolation_avg"
"9135","ZNF7","Exc L4-5 RORB IL1RAPL2",0.0480963575051981,3.84217338655908,2.1267939711512,0.146640676676771,0.442632826674615,0.442632826674615,"social_isolation_avg"
"9136","COMMD5","Exc L4-5 RORB IL1RAPL2",-0.0329158320584233,2.91127435379379,0.612176804355486,0.542650951519087,0.813660967980387,0.813660967980387,"social_isolation_avg"
"9137","ZNF250","Exc L4-5 RORB IL1RAPL2",0.0454833501154411,4.16528817354348,2.66989492187984,0.104165939035418,0.373422457841823,0.373422457841823,"social_isolation_avg"
"9138","ZNF16","Exc L4-5 RORB IL1RAPL2",0.0506425654429558,3.35474748910982,1.58059398400236,0.210448611177452,0.528822646741482,0.528822646741482,"social_isolation_avg"
"9139","ZNF252P-AS1","Exc L4-5 RORB IL1RAPL2",0.0101736315393424,-0.0375797582120809,0.00919257571398509,0.923733669465081,0.984023267092239,0.984023267092239,"social_isolation_avg"
"9140","C8orf33","Exc L4-5 RORB IL1RAPL2",-0.111498118708968,3.2888277282123,5.43453191632764,0.020949358243083,0.152631038628176,0.152631038628176,"social_isolation_avg"
"9141","WASHC1","Exc L4-5 RORB IL1RAPL2",-0.00592540868289448,6.4185183939889,0.0313755710394234,0.859621951997807,0.964243395716678,0.964243395716678,"social_isolation_avg"
"9142","AL928970.1","Exc L4-5 RORB IL1RAPL2",-0.131141685126432,0.244231229178555,1.11046346291961,0.293519136520291,0.62442945604907,0.62442945604907,"social_isolation_avg"
"9143","CBWD1","Exc L4-5 RORB IL1RAPL2",-0.0173699176606721,4.06522307222298,0.180596190338322,0.671414060357171,0.884298267656223,0.884298267656223,"social_isolation_avg"
"9144","DOCK8","Exc L4-5 RORB IL1RAPL2",0.544330021224621,-1.25764014037271,5.00049712471602,0.0993381702128513,0.364824828920295,0.364824828920295,"social_isolation_avg"
"9145","KANK1","Exc L4-5 RORB IL1RAPL2",-0.440797261950762,-1.16092131238965,0.746181238507165,0.741514678167983,0.918868244522654,0.918868244522654,"social_isolation_avg"
"9146","DMRT1","Exc L4-5 RORB IL1RAPL2",0.0555933402400427,0.0220174863607324,0.195492855577052,0.658961693844268,0.878351304194848,0.878351304194848,"social_isolation_avg"
"9147","SMARCA2","Exc L4-5 RORB IL1RAPL2",8.9400445256265e-05,7.63580255160751,2.0544247604986e-05,0.996389005306162,0.999502287237639,0.999502287237639,"social_isolation_avg"
"9148","VLDLR-AS1","Exc L4-5 RORB IL1RAPL2",0.0430177087982452,4.3743308582243,0.600124836109813,0.439637109628018,0.74251305465248,0.74251305465248,"social_isolation_avg"
"9149","VLDLR","Exc L4-5 RORB IL1RAPL2",-0.0119369354111917,2.32274893171797,0.0263180585512648,0.871324124338329,0.968359692017946,0.968359692017946,"social_isolation_avg"
"9150","KCNV2","Exc L4-5 RORB IL1RAPL2",-0.0244688228590148,0.570895522484577,0.0493338025818066,0.824500773833278,0.953583855066564,0.953583855066564,"social_isolation_avg"
"9151","PUM3","Exc L4-5 RORB IL1RAPL2",-0.00757233844871943,6.33442569763894,0.164295451435999,0.685756326119552,0.891563117498239,0.891563117498239,"social_isolation_avg"
"9152","RFX3","Exc L4-5 RORB IL1RAPL2",-0.038141447590407,7.53944730546044,3.16644276210599,0.0770035200635273,0.318604497752418,0.318604497752418,"social_isolation_avg"
"9153","RFX3-AS1","Exc L4-5 RORB IL1RAPL2",0.0519735788258049,4.50004685534884,0.897998025929382,0.344702384098697,0.667290053362523,0.667290053362523,"social_isolation_avg"
"9154","GLIS3","Exc L4-5 RORB IL1RAPL2",-0.382288842352646,1.11946221926629,1.13015055890946,0.289293834054644,0.620636975430651,0.620636975430651,"social_isolation_avg"
"9155","SLC1A1","Exc L4-5 RORB IL1RAPL2",-0.0387286545609258,5.11895386307341,2.04284534018193,0.154810515886523,0.454001118730672,0.454001118730672,"social_isolation_avg"
"9156","SPATA6L","Exc L4-5 RORB IL1RAPL2",-0.0317420750179984,4.87735653699306,0.506328260844715,0.477735649329533,0.770886849682699,0.770886849682699,"social_isolation_avg"
"9157","PLPP6","Exc L4-5 RORB IL1RAPL2",-0.0395930362370901,1.93700176266641,0.394015856044675,0.531062212127974,0.807944845656799,0.807944845656799,"social_isolation_avg"
"9158","CDC37L1-DT","Exc L4-5 RORB IL1RAPL2",0.0215414994504551,-0.098198465088752,0.0268614715466097,0.870014268759416,0.967770389270222,0.967770389270222,"social_isolation_avg"
"9159","CDC37L1","Exc L4-5 RORB IL1RAPL2",-0.039777231837246,4.49417281674469,2.82115665082386,0.0949184350671687,0.356693487568202,0.356693487568202,"social_isolation_avg"
"9160","AK3","Exc L4-5 RORB IL1RAPL2",-0.0594798604963502,5.1160721663713,4.62842775453202,0.0328984159769513,0.198266113239298,0.198266113239298,"social_isolation_avg"
"9161","RCL1","Exc L4-5 RORB IL1RAPL2",0.0223441132445486,4.75827971197095,0.403526899564863,0.526151793047672,0.805102980890259,0.805102980890259,"social_isolation_avg"
"9162","JAK2","Exc L4-5 RORB IL1RAPL2",0.0855778360427276,6.65849722749352,14.8826479779134,0.000163706785154582,0.00772442913194477,0.00772442913194477,"social_isolation_avg"
"9163","PLGRKT","Exc L4-5 RORB IL1RAPL2",-0.0463844943158376,4.13824543163507,1.67349459850187,0.197595869125191,0.51145163334032,0.51145163334032,"social_isolation_avg"
"9164","CD274","Exc L4-5 RORB IL1RAPL2",-0.0513136170607834,1.04231243699909,0.300414053062417,0.584362390015534,0.838652906414916,0.838652906414916,"social_isolation_avg"
"9165","PDCD1LG2","Exc L4-5 RORB IL1RAPL2",0.0418946574449948,0.368913152644845,0.124019690974751,0.994325846711169,0.999452588532504,0.999452588532504,"social_isolation_avg"
"9166","RIC1","Exc L4-5 RORB IL1RAPL2",0.0193938986871332,5.77154817500674,0.771247747698724,0.38110606199446,0.6991378513668,0.6991378513668,"social_isolation_avg"
"9167","ERMP1","Exc L4-5 RORB IL1RAPL2",0.091762267354334,4.95040381741905,16.9103085578346,6.16297043356307e-05,0.00419458861774989,0.00419458861774989,"social_isolation_avg"
"9168","KIAA2026","Exc L4-5 RORB IL1RAPL2",0.0463934824699717,6.87129922035637,7.05165711657764,0.00869412556024058,0.0906344626585742,0.0906344626585742,"social_isolation_avg"
"9169","MLANA","Exc L4-5 RORB IL1RAPL2",0.0436403955625622,-0.0676805586648545,0.106694706824753,0.939724171843805,0.987806725303146,0.987806725303146,"social_isolation_avg"
"9170","RANBP6","Exc L4-5 RORB IL1RAPL2",-0.0550562739869826,4.4145422041888,4.12689422307227,0.043808356520221,0.233755756829978,0.233755756829978,"social_isolation_avg"
"9171","UHRF2","Exc L4-5 RORB IL1RAPL2",0.0259791855036314,5.97147621138463,1.08721001194913,0.298612780072586,0.629602452836349,0.629602452836349,"social_isolation_avg"
"9172","AL133480.1","Exc L4-5 RORB IL1RAPL2",-0.0442995950836479,1.90644124093828,0.450471277879674,0.835547864831384,0.956824497333631,0.956824497333631,"social_isolation_avg"
"9173","GLDC","Exc L4-5 RORB IL1RAPL2",-0.0115015031483822,2.35196451748126,0.0147073173868281,0.903621524726112,0.978393297244221,0.978393297244221,"social_isolation_avg"
"9174","AL162411.1","Exc L4-5 RORB IL1RAPL2",-0.065119196568401,0.575692908583339,0.285578605992158,0.593785924814576,0.843089742958615,0.843089742958615,"social_isolation_avg"
"9175","AL354707.1","Exc L4-5 RORB IL1RAPL2",-0.0240683355337368,-0.282813843793077,0.0191004363533255,0.890247151771089,0.974706512053996,0.974706512053996,"social_isolation_avg"
"9176","KDM4C","Exc L4-5 RORB IL1RAPL2",0.0348810564402588,7.52651441343448,4.25399400681631,0.0407226902477935,0.224705168322689,0.224705168322689,"social_isolation_avg"
"9177","DMAC1","Exc L4-5 RORB IL1RAPL2",-0.0618970239267987,3.8640631285382,3.02943365880265,0.0836274568706131,0.332628781048743,0.332628781048743,"social_isolation_avg"
"9178","PTPRD","Exc L4-5 RORB IL1RAPL2",0.0284755117714772,12.2597713876513,3.44658611743358,0.0651624006303816,0.290718647094424,0.290718647094424,"social_isolation_avg"
"9179","PTPRD-AS1","Exc L4-5 RORB IL1RAPL2",-0.0916283602175663,0.761126294868441,0.807096011884491,0.370286959063205,0.688434661730854,0.688434661730854,"social_isolation_avg"
"9180","AL596451.1","Exc L4-5 RORB IL1RAPL2",0.0102939220146365,3.89104912582255,0.0342159304750234,0.853475025606716,0.962543291381206,0.962543291381206,"social_isolation_avg"
"9181","PTPRD-AS2","Exc L4-5 RORB IL1RAPL2",-0.0339320037148164,2.51605689551528,0.419247946100186,0.518210793493935,0.799565067577162,0.799565067577162,"social_isolation_avg"
"9182","TYRP1","Exc L4-5 RORB IL1RAPL2",-0.360964665126492,1.27647852104427,15.0750227951477,0.000149104735777739,0.00734690287929843,0.00734690287929843,"social_isolation_avg"
"9183","LURAP1L-AS1","Exc L4-5 RORB IL1RAPL2",-0.0396661240214148,2.35998827469191,0.119512580545927,0.730003315140395,0.913267211869261,0.913267211869261,"social_isolation_avg"
"9184","LURAP1L","Exc L4-5 RORB IL1RAPL2",0.0595549616562426,4.35909309710173,2.59316633794555,0.109233578610371,0.382311175922085,0.382311175922085,"social_isolation_avg"
"9185","MPDZ","Exc L4-5 RORB IL1RAPL2",0.0175728393434001,8.0917250388123,2.06616965767682,0.152489641184902,0.450680490605988,0.450680490605988,"social_isolation_avg"
"9186","NFIB","Exc L4-5 RORB IL1RAPL2",0.00742716144697602,7.16565555573962,0.0328884606002219,0.856313663959533,0.96349447661212,0.96349447661212,"social_isolation_avg"
"9187","AL136366.1","Exc L4-5 RORB IL1RAPL2",-0.174044135158716,0.440950597792368,2.02404730326941,0.156710435968516,0.45619220953869,0.45619220953869,"social_isolation_avg"
"9188","AL159169.3","Exc L4-5 RORB IL1RAPL2",-0.20688701287617,-0.0438540674191393,2.04865257075746,0.154228917362088,0.453708414352571,0.453708414352571,"social_isolation_avg"
"9189","AL159169.2","Exc L4-5 RORB IL1RAPL2",-0.0329839746326434,2.3630445710235,0.2888278885542,0.591695377910034,0.842274306180829,0.842274306180829,"social_isolation_avg"
"9190","ZDHHC21","Exc L4-5 RORB IL1RAPL2",0.00224999340873735,7.56488293527365,0.0120716586800951,0.912644879226632,0.981657819619611,0.981657819619611,"social_isolation_avg"
"9191","FREM1","Exc L4-5 RORB IL1RAPL2",0.0831374781822658,4.74647211121298,1.61575846405207,0.205470068399044,0.522531464360324,0.522531464360324,"social_isolation_avg"
"9192","TTC39B","Exc L4-5 RORB IL1RAPL2",0.0420654515908935,6.40303597755696,4.78897115645181,0.0300455291839377,0.188179893309926,0.188179893309926,"social_isolation_avg"
"9193","SNAPC3","Exc L4-5 RORB IL1RAPL2",0.00844608934070463,5.90816562018867,0.249226778982968,0.618283836529115,0.855735133552329,0.855735133552329,"social_isolation_avg"
"9194","PSIP1","Exc L4-5 RORB IL1RAPL2",0.00615116785314427,6.75142541710452,0.138612228991854,0.710141455610464,0.904516087620706,0.904516087620706,"social_isolation_avg"
"9195","CCDC171","Exc L4-5 RORB IL1RAPL2",0.0516523861076161,7.16368233771737,3.5720689870854,0.0605094666859053,0.28024171829885,0.28024171829885,"social_isolation_avg"
"9196","C9orf92","Exc L4-5 RORB IL1RAPL2",0.253916741682753,0.37043725155201,4.12510042939492,0.0438536418904077,0.233931423233269,0.233931423233269,"social_isolation_avg"
"9197","BNC2","Exc L4-5 RORB IL1RAPL2",0.206901511241884,0.584649543120105,1.1443107375055,0.286302860519721,0.617337484204403,0.617337484204403,"social_isolation_avg"
"9198","CNTLN","Exc L4-5 RORB IL1RAPL2",-0.0604698488859936,5.32885944011453,3.28032158561269,0.0719307409975087,0.307398032651185,0.307398032651185,"social_isolation_avg"
"9199","SH3GL2","Exc L4-5 RORB IL1RAPL2",-0.0257635660447058,9.15710859382302,1.27609559368114,0.260262870474499,0.589399613674208,0.589399613674208,"social_isolation_avg"
"9200","ADAMTSL1","Exc L4-5 RORB IL1RAPL2",0.00437957781649478,7.02207002544543,0.00371150243376187,0.951494844953672,0.989392111770647,0.989392111770647,"social_isolation_avg"
"9201","SAXO1","Exc L4-5 RORB IL1RAPL2",0.114970911935877,1.00395419491099,1.44908958692258,0.230395142439988,0.552556696860669,0.552556696860669,"social_isolation_avg"
"9202","RRAGA","Exc L4-5 RORB IL1RAPL2",-0.126847923291723,4.96411343911404,18.177101623083,3.37545273509009e-05,0.00297202316595997,0.00297202316595997,"social_isolation_avg"
"9203","HAUS6","Exc L4-5 RORB IL1RAPL2",0.0442082714766792,3.95153576650312,1.98530165919882,0.160711394901079,0.462622897143361,0.462622897143361,"social_isolation_avg"
"9204","PLIN2","Exc L4-5 RORB IL1RAPL2",0.0878893869067639,1.37337720436867,1.02788581710502,0.312137460538679,0.641065188698463,0.641065188698463,"social_isolation_avg"
"9205","DENND4C","Exc L4-5 RORB IL1RAPL2",0.0584909971516816,6.51110563927162,12.0087183743566,0.000674679190157946,0.0182611694241179,0.0182611694241179,"social_isolation_avg"
"9206","AL391834.2","Exc L4-5 RORB IL1RAPL2",0.0906043816462108,0.369718631777266,0.752277614379936,0.679157809009566,0.887770772623479,0.887770772623479,"social_isolation_avg"
"9207","RPS6","Exc L4-5 RORB IL1RAPL2",-0.0347210123657633,4.89330310721803,0.683048233428042,0.409730416687818,0.720292596316101,0.720292596316101,"social_isolation_avg"
"9208","ACER2","Exc L4-5 RORB IL1RAPL2",0.0254732501939495,5.02000254612204,0.4405361101654,0.507788483255529,0.791944105809254,0.791944105809254,"social_isolation_avg"
"9209","SLC24A2","Exc L4-5 RORB IL1RAPL2",0.0348518833141881,9.79900976422346,3.1594686313084,0.0773265500189272,0.319174444351685,0.319174444351685,"social_isolation_avg"
"9210","AL591222.1","Exc L4-5 RORB IL1RAPL2",0.0555487427576522,2.01009434749788,0.515896126996153,0.473611529874289,0.768081233972009,0.768081233972009,"social_isolation_avg"
"9211","MLLT3","Exc L4-5 RORB IL1RAPL2",0.0384518549543955,8.29710635288614,5.37291981579602,0.02167710376891,0.155316066836442,0.155316066836442,"social_isolation_avg"
"9212","FOCAD","Exc L4-5 RORB IL1RAPL2",0.015045151176039,8.6742312247709,0.382349026610976,0.537199845382733,0.810815358762785,0.810815358762785,"social_isolation_avg"
"9213","HACD4","Exc L4-5 RORB IL1RAPL2",0.178984214000594,1.72722414739835,5.82006121550295,0.0169386692490425,0.13429072153945,0.13429072153945,"social_isolation_avg"
"9214","KLHL9","Exc L4-5 RORB IL1RAPL2",-0.0581188382395499,4.70818038283541,4.37696392072478,0.0379558809809203,0.215276745815345,0.215276745815345,"social_isolation_avg"
"9215","AL359922.1","Exc L4-5 RORB IL1RAPL2",0.0850842413783558,1.49733469069903,0.96888415889028,0.326397189518674,0.652982310523691,0.652982310523691,"social_isolation_avg"
"9216","CDKN2A","Exc L4-5 RORB IL1RAPL2",-0.0482246301275091,0.0269711295123097,0.0548776429196735,0.815073214554715,0.951446745177972,0.951446745177972,"social_isolation_avg"
"9217","CDKN2B-AS1","Exc L4-5 RORB IL1RAPL2",-0.0442403483852467,0.497303622469489,0.0747093140158722,0.784940730072662,0.938293153466554,0.938293153466554,"social_isolation_avg"
"9218","LINC01239","Exc L4-5 RORB IL1RAPL2",0.00520873001154335,1.40662249471057,0.00359536539193526,0.95225883726458,0.989452900160271,0.989452900160271,"social_isolation_avg"
"9219","AL391117.1","Exc L4-5 RORB IL1RAPL2",-0.0402797869342942,5.76922199481199,0.544310243089695,0.46169795262532,0.759501561608736,0.759501561608736,"social_isolation_avg"
"9220","AL445623.2","Exc L4-5 RORB IL1RAPL2",0.034149027618061,6.36339492484067,1.44985837683682,0.230272063832297,0.552556696860669,0.552556696860669,"social_isolation_avg"
"9221","ELAVL2","Exc L4-5 RORB IL1RAPL2",-0.0276913805100605,7.59151244091816,1.84697532195631,0.17598699252779,0.482097855164082,0.482097855164082,"social_isolation_avg"
"9222","AL365204.1","Exc L4-5 RORB IL1RAPL2",-0.102384766212898,-0.0232384202492808,0.597152157016456,0.440770231375737,0.74326896643667,0.74326896643667,"social_isolation_avg"
"9223","TUSC1","Exc L4-5 RORB IL1RAPL2",-0.0864274934823279,3.17998204914303,4.26383390453043,0.0404936177786955,0.223702114449838,0.223702114449838,"social_isolation_avg"
"9224","CAAP1","Exc L4-5 RORB IL1RAPL2",0.0662064782248202,5.02646591542453,8.41555241907386,0.00422697863319771,0.0590248433348589,0.0590248433348589,"social_isolation_avg"
"9225","PLAA","Exc L4-5 RORB IL1RAPL2",-0.0125044285270442,5.11634977453106,0.330103368403931,0.711344678770885,0.904975073051627,0.904975073051627,"social_isolation_avg"
"9226","IFT74","Exc L4-5 RORB IL1RAPL2",0.0281361489648564,4.43547935577616,0.911791637638833,0.341033845654417,0.664452995027894,0.664452995027894,"social_isolation_avg"
"9227","LRRC19","Exc L4-5 RORB IL1RAPL2",-0.00912101386077181,-0.224184870080154,0.00513228560218783,0.942975034462824,0.987984052456339,0.987984052456339,"social_isolation_avg"
"9228","TEK","Exc L4-5 RORB IL1RAPL2",-0.149139279750209,0.88427257976466,0.963178977107697,0.327821491669089,0.653764769231232,0.653764769231232,"social_isolation_avg"
"9229","EQTN","Exc L4-5 RORB IL1RAPL2",0.0327754677713606,-0.390408364344015,0.0458515296559087,0.926855138733858,0.98417618971798,0.98417618971798,"social_isolation_avg"
"9230","MOB3B","Exc L4-5 RORB IL1RAPL2",0.0464376779634779,6.75314809279646,2.12776954984954,0.146548665603481,0.442522710163335,0.442522710163335,"social_isolation_avg"
"9231","C9orf72","Exc L4-5 RORB IL1RAPL2",0.0122787270612166,5.66807848393164,0.103641005448203,0.747910043406525,0.921915827782467,0.921915827782467,"social_isolation_avg"
"9232","LINGO2","Exc L4-5 RORB IL1RAPL2",-0.0202303850716782,9.31079953054518,0.177867849181631,0.673759982977751,0.885376845216179,0.885376845216179,"social_isolation_avg"
"9233","LINC01242","Exc L4-5 RORB IL1RAPL2",-0.0118784536626768,2.05367101935542,0.0313159134326945,0.859754076285185,0.964243395716678,0.964243395716678,"social_isolation_avg"
"9234","ACO1","Exc L4-5 RORB IL1RAPL2",0.110551597258031,3.92627536669421,3.03483624730269,0.0833548227243992,0.332038005442399,0.332038005442399,"social_isolation_avg"
"9235","DDX58","Exc L4-5 RORB IL1RAPL2",0.0712697061090135,3.72061746495501,2.83788907306244,0.0939522754524074,0.354541484610092,0.354541484610092,"social_isolation_avg"
"9236","TOPORS","Exc L4-5 RORB IL1RAPL2",0.0138990554216402,4.6784864732513,0.260096889032182,0.629685703164233,0.862728688600322,0.862728688600322,"social_isolation_avg"
"9237","SMIM27","Exc L4-5 RORB IL1RAPL2",-0.0726996242915093,2.00813711164803,1.70670295971646,0.193228549032536,0.505332049239061,0.505332049239061,"social_isolation_avg"
"9238","NDUFB6","Exc L4-5 RORB IL1RAPL2",0.0195950945828664,4.97816336486785,0.569448188006692,0.451552031462403,0.752180227894597,0.752180227894597,"social_isolation_avg"
"9239","AL157884.2","Exc L4-5 RORB IL1RAPL2",0.259563636907299,-0.0407614416329598,3.45526220229577,0.0648286058326101,0.290127459536375,0.290127459536375,"social_isolation_avg"
"9240","APTX","Exc L4-5 RORB IL1RAPL2",-0.00486574196180618,5.42302372048968,0.0269282314206041,0.869854291131673,0.967732474374979,0.967732474374979,"social_isolation_avg"
"9241","DNAJA1","Exc L4-5 RORB IL1RAPL2",-0.153673738682886,5.91085069354037,17.5644621439332,4.51278659518711e-05,0.0034709932994933,0.0034709932994933,"social_isolation_avg"
"9242","SMU1","Exc L4-5 RORB IL1RAPL2",0.0257851376179535,4.84663204416801,1.29878440772244,0.272251972306949,0.601503919666019,0.601503919666019,"social_isolation_avg"
"9243","B4GALT1","Exc L4-5 RORB IL1RAPL2",-0.00815910119404449,2.02234890905442,0.0188574061509343,0.890943191543618,0.974706512053996,0.974706512053996,"social_isolation_avg"
"9244","B4GALT1-AS1","Exc L4-5 RORB IL1RAPL2",0.257478992508674,-0.607974610277758,2.1514402228433,0.144336167907668,0.43885338791274,0.43885338791274,"social_isolation_avg"
"9245","BAG1","Exc L4-5 RORB IL1RAPL2",-0.0889705184879329,3.21530400773189,4.60123077487909,0.0334093418728178,0.199853985954975,0.199853985954975,"social_isolation_avg"
"9246","CHMP5","Exc L4-5 RORB IL1RAPL2",-0.0498711556043055,4.94528187709886,3.63166375028066,0.0584258912188211,0.274789034986655,0.274789034986655,"social_isolation_avg"
"9247","NFX1","Exc L4-5 RORB IL1RAPL2",0.0782358072988707,6.52472791683712,19.4749446019025,1.83294853272037e-05,0.00204007171691778,0.00204007171691778,"social_isolation_avg"
"9248","AQP7","Exc L4-5 RORB IL1RAPL2",0.0369133142221346,0.23324243024415,0.0702596788929467,0.791289319584687,0.941038251380201,0.941038251380201,"social_isolation_avg"
"9249","NOL6","Exc L4-5 RORB IL1RAPL2",-0.091340992614132,3.01504711811428,1.45756429593919,0.229042789428775,0.551083242469716,0.551083242469716,"social_isolation_avg"
"9250","ANKRD18B","Exc L4-5 RORB IL1RAPL2",0.0886910172019052,5.19603529968874,3.93210575071316,0.0490292382737798,0.248799785409316,0.248799785409316,"social_isolation_avg"
"9251","CYP4F26P","Exc L4-5 RORB IL1RAPL2",0.0190848839877679,3.42278582958325,0.133229141666967,0.715573759851238,0.906943848411394,0.906943848411394,"social_isolation_avg"
"9252","AL356489.3","Exc L4-5 RORB IL1RAPL2",-0.0964302922080206,1.98917362209065,2.8650383652572,0.0924075075356181,0.35194091185214,0.35194091185214,"social_isolation_avg"
"9253","AL356489.2","Exc L4-5 RORB IL1RAPL2",-0.0117918212620907,0.726137780604032,0.0188711591616938,0.890903681273447,0.974706512053996,0.974706512053996,"social_isolation_avg"
"9254","PRSS3","Exc L4-5 RORB IL1RAPL2",0.109324737786456,5.3958481970471,3.80003815032591,0.0529438397266401,0.260838399341522,0.260838399341522,"social_isolation_avg"
"9255","UBE2R2-AS1","Exc L4-5 RORB IL1RAPL2",0.000268385994448715,0.772263456475967,3.70464673987284e-05,0.995150980516841,0.9994589795957,0.9994589795957,"social_isolation_avg"
"9256","UBE2R2","Exc L4-5 RORB IL1RAPL2",0.0257717355642901,6.87369129870125,2.47218681524378,0.117788753628502,0.396511034071482,0.396511034071482,"social_isolation_avg"
"9257","UBAP2","Exc L4-5 RORB IL1RAPL2",0.0303702467739291,6.16598548158844,2.53901259676358,0.112974613986466,0.388229689654545,0.388229689654545,"social_isolation_avg"
"9258","AL354989.1","Exc L4-5 RORB IL1RAPL2",-0.0137586627458113,0.765536066111676,0.023594975634085,0.983555746334626,0.998104852196972,0.998104852196972,"social_isolation_avg"
"9259","DCAF12","Exc L4-5 RORB IL1RAPL2",0.0711173673573546,4.01433844760076,5.69639893930445,0.0181296598081974,0.140817443855051,0.140817443855051,"social_isolation_avg"
"9260","UBAP1","Exc L4-5 RORB IL1RAPL2",0.0354740813856133,5.97394948671515,3.95608547001839,0.0483521955359963,0.247062352615875,0.247062352615875,"social_isolation_avg"
"9261","KIF24","Exc L4-5 RORB IL1RAPL2",0.0240376150620691,1.24050500591937,0.0995039878891657,0.816164367395268,0.951599926146172,0.951599926146172,"social_isolation_avg"
"9262","NUDT2","Exc L4-5 RORB IL1RAPL2",-0.0884955231332416,3.26351588582108,6.33185793168944,0.0128119913984408,0.113810182746431,0.113810182746431,"social_isolation_avg"
"9263","MYORG","Exc L4-5 RORB IL1RAPL2",-0.103774696489667,0.913057975067385,1.88781702074295,0.228258082330022,0.549964494558301,0.549964494558301,"social_isolation_avg"
"9264","C9orf24","Exc L4-5 RORB IL1RAPL2",-0.014551507406169,4.33299393292261,0.149806949204914,0.699217767378287,0.898892470210937,0.898892470210937,"social_isolation_avg"
"9265","FAM219A","Exc L4-5 RORB IL1RAPL2",-0.0261379621932032,6.33583125599505,2.00724762346633,0.15843101003459,0.458921178944348,0.458921178944348,"social_isolation_avg"
"9266","DNAI1","Exc L4-5 RORB IL1RAPL2",-0.0692865378402203,2.59641876341643,1.2978152500399,0.2562609070205,0.584604849497815,0.584604849497815,"social_isolation_avg"
"9267","ENHO","Exc L4-5 RORB IL1RAPL2",-0.083457488579295,3.31158171830807,3.33905311825545,0.0694569326813173,0.301887189321074,0.301887189321074,"social_isolation_avg"
"9268","CNTFR","Exc L4-5 RORB IL1RAPL2",-0.068890242901003,3.0642692699388,2.3813366905481,0.124704725752122,0.406606602784059,0.406606602784059,"social_isolation_avg"
"9269","RPP25L","Exc L4-5 RORB IL1RAPL2",-0.040952548875381,1.31921937765604,0.331650038439342,0.565472326559751,0.826991879144998,0.826991879144998,"social_isolation_avg"
"9270","DCTN3","Exc L4-5 RORB IL1RAPL2",-0.13833219899516,4.45370167161357,12.1812389987567,0.000618979448098965,0.0172484685382629,0.0172484685382629,"social_isolation_avg"
"9271","SIGMAR1","Exc L4-5 RORB IL1RAPL2",-0.0750800501083985,3.21774456932806,3.70123542579713,0.121512906580384,0.40110684583161,0.40110684583161,"social_isolation_avg"
"9272","GALT","Exc L4-5 RORB IL1RAPL2",-0.000264450550766024,2.89986344915747,3.20443655168487e-05,0.995490205725117,0.9994589795957,0.9994589795957,"social_isolation_avg"
"9273","IL11RA","Exc L4-5 RORB IL1RAPL2",0.0481130537922381,2.7481385323976,0.796212459005749,0.373525340052379,0.692007535408896,0.692007535408896,"social_isolation_avg"
"9274","AL162231.1","Exc L4-5 RORB IL1RAPL2",-0.0649180025211472,3.01400495239024,1.77022195732792,0.185187204194463,0.493580376188679,0.493580376188679,"social_isolation_avg"
"9275","AL162231.2","Exc L4-5 RORB IL1RAPL2",0.0213985372600157,1.85332827105739,0.0909159395203355,0.763394933240268,0.929305509350776,0.929305509350776,"social_isolation_avg"
"9276","PHF24","Exc L4-5 RORB IL1RAPL2",-0.036618259333152,5.70672177413162,2.01014970684845,0.15813224583405,0.458196052592047,0.458196052592047,"social_isolation_avg"
"9277","DNAJB5","Exc L4-5 RORB IL1RAPL2",-0.191338167988139,1.53863064755606,4.94206654312924,0.0275668130181431,0.178561763787118,0.178561763787118,"social_isolation_avg"
"9278","VCP","Exc L4-5 RORB IL1RAPL2",-0.0893107366993324,5.81190406626985,18.7671254231653,2.55533122341609e-05,0.00246680724889061,0.00246680724889061,"social_isolation_avg"
"9279","FANCG","Exc L4-5 RORB IL1RAPL2",-0.029097105229712,1.79946102429254,0.183966297371566,0.826929517508888,0.954161930646283,0.954161930646283,"social_isolation_avg"
"9280","PIGO","Exc L4-5 RORB IL1RAPL2",-0.0724087587333424,1.16466223387748,0.959963604169868,0.328627866618037,0.65397221963398,0.65397221963398,"social_isolation_avg"
"9281","AL353795.2","Exc L4-5 RORB IL1RAPL2",0.116613066602926,-0.611180465068986,0.359436167879279,0.549640428842735,0.816643784119922,0.816643784119922,"social_isolation_avg"
"9282","STOML2","Exc L4-5 RORB IL1RAPL2",-0.0957110911412998,3.64691629886806,5.44598065906047,0.0208169674819606,0.152311617063487,0.152311617063487,"social_isolation_avg"
"9283","FAM214B","Exc L4-5 RORB IL1RAPL2",0.0210313703078063,3.59888728475134,0.31047498499526,0.578142576517298,0.834779944818296,0.834779944818296,"social_isolation_avg"
"9284","UNC13B","Exc L4-5 RORB IL1RAPL2",0.0142893683924221,6.41384993135955,0.524570722538304,0.469922292760761,0.765042314019278,0.765042314019278,"social_isolation_avg"
"9285","RUSC2","Exc L4-5 RORB IL1RAPL2",-0.02434716855778,6.57924935667609,2.29803229799034,0.13144801128484,0.417233320167834,0.417233320167834,"social_isolation_avg"
"9286","TESK1","Exc L4-5 RORB IL1RAPL2",-0.0583505916315566,3.97261875613768,2.57384848112927,0.110552080697335,0.384443285953736,0.384443285953736,"social_isolation_avg"
"9287","CD72","Exc L4-5 RORB IL1RAPL2",-0.134331399488974,0.979344859785987,1.00266009654649,0.318131274730165,0.645854275661959,0.645854275661959,"social_isolation_avg"
"9288","CCDC107","Exc L4-5 RORB IL1RAPL2",-0.0481583624484778,3.63634841070467,1.47069747452779,0.226966016801038,0.548808179411174,0.548808179411174,"social_isolation_avg"
"9289","ARHGEF39","Exc L4-5 RORB IL1RAPL2",0.0131713555162439,-0.274691028543853,0.00970798284650805,0.921631549424976,0.983427396790068,0.983427396790068,"social_isolation_avg"
"9290","TPM2","Exc L4-5 RORB IL1RAPL2",0.131297860233069,2.41073117047383,2.46733073195443,0.118147392716628,0.396711059022417,0.396711059022417,"social_isolation_avg"
"9291","TLN1","Exc L4-5 RORB IL1RAPL2",-0.00998460599810254,3.72752126279832,0.0942841847763987,0.759186246581538,0.927284421378173,0.927284421378173,"social_isolation_avg"
"9292","CREB3","Exc L4-5 RORB IL1RAPL2",-0.0903216376572437,3.25913701396356,5.53456217473389,0.0198217260398323,0.147540078048649,0.147540078048649,"social_isolation_avg"
"9293","GBA2","Exc L4-5 RORB IL1RAPL2",-0.0708461620727703,4.97596727534086,7.13311195059036,0.00832368181832924,0.0886141400474788,0.0886141400474788,"social_isolation_avg"
"9294","RGP1","Exc L4-5 RORB IL1RAPL2",-0.00702498512986985,4.45692517278603,0.055992599518433,0.813238721742252,0.950559079342002,0.950559079342002,"social_isolation_avg"
"9295","AL133410.1","Exc L4-5 RORB IL1RAPL2",-0.00770504220758938,4.57985826768304,0.0588892151295828,0.808561123402675,0.947880112509418,0.947880112509418,"social_isolation_avg"
"9296","NPR2","Exc L4-5 RORB IL1RAPL2",0.027030753023792,3.13175126164919,0.375424533529293,0.540904222198172,0.812439551482597,0.812439551482597,"social_isolation_avg"
"9297","SPAG8","Exc L4-5 RORB IL1RAPL2",0.0316792694773063,1.40200600168073,0.201892220294151,0.653786400521725,0.875401067459596,0.875401067459596,"social_isolation_avg"
"9298","HINT2","Exc L4-5 RORB IL1RAPL2",-0.0482410750176339,1.43567028527572,0.392092701019007,0.837716491214668,0.957570761927458,0.957570761927458,"social_isolation_avg"
"9299","TMEM8B","Exc L4-5 RORB IL1RAPL2",-0.0425007724803735,4.67558239136228,2.40397297898074,0.122940032609377,0.403612618184318,0.403612618184318,"social_isolation_avg"
"9300","HRCT1","Exc L4-5 RORB IL1RAPL2",0.0120644484620742,-0.327107942193529,0.00500119909753058,0.943706761413536,0.988051457597129,0.988051457597129,"social_isolation_avg"
"9301","SPAAR","Exc L4-5 RORB IL1RAPL2",0.00441339198874104,2.43615750511136,0.00236274508156293,0.961290315466054,0.992176197847109,0.992176197847109,"social_isolation_avg"
"9302","RECK","Exc L4-5 RORB IL1RAPL2",0.0247529936944994,5.86248345103628,1.75501473699155,0.187076076033521,0.496315537590192,0.496315537590192,"social_isolation_avg"
"9303","GLIPR2","Exc L4-5 RORB IL1RAPL2",-0.00832674262720294,1.11563491810074,0.0110401403486117,0.967513857776787,0.994093242531172,0.994093242531172,"social_isolation_avg"
"9304","CLTA","Exc L4-5 RORB IL1RAPL2",-0.0929610535313876,6.14198542192101,25.2679215763201,1.28658546164158e-06,0.000405724725328672,0.000405724725328672,"social_isolation_avg"
"9305","GNE","Exc L4-5 RORB IL1RAPL2",0.0923027624972176,4.42817706781898,9.78847783657275,0.00207607818831816,0.0383983141751397,0.0383983141751397,"social_isolation_avg"
"9306","RNF38","Exc L4-5 RORB IL1RAPL2",-0.00202746839325529,6.7360174598397,0.0191610562621301,0.890074240377065,0.974706512053996,0.974706512053996,"social_isolation_avg"
"9307","MELK","Exc L4-5 RORB IL1RAPL2",-0.0856510158502245,0.622263777357207,0.929817259903018,0.33631899318497,0.660524358527384,0.660524358527384,"social_isolation_avg"
"9308","PAX5","Exc L4-5 RORB IL1RAPL2",0.203038770612612,0.578070143612795,4.79138481472849,0.0607899411426171,0.280606605601234,0.280606605601234,"social_isolation_avg"
"9309","EBLN3P","Exc L4-5 RORB IL1RAPL2",-0.00646639333923802,4.74704384365296,0.0645469594749964,0.799764239572251,0.943825771780094,0.943825771780094,"social_isolation_avg"
"9310","ZCCHC7","Exc L4-5 RORB IL1RAPL2",0.0374667330154189,8.00961030717946,6.8885546698169,0.00948805431634665,0.0958992925852537,0.0958992925852537,"social_isolation_avg"
"9311","GRHPR","Exc L4-5 RORB IL1RAPL2",-0.0821798076891507,3.73143852978803,6.22691418795386,0.0135634965227432,0.117273898793766,0.117273898793766,"social_isolation_avg"
"9312","ZBTB5","Exc L4-5 RORB IL1RAPL2",0.0527657416356613,3.68364588064043,2.81023079017557,0.0955551991052413,0.358090695636813,0.358090695636813,"social_isolation_avg"
"9313","POLR1E","Exc L4-5 RORB IL1RAPL2",-0.0586142306092296,1.95919928652078,0.978538090705405,0.324005794795548,0.651418501068269,0.651418501068269,"social_isolation_avg"
"9314","AL513165.1","Exc L4-5 RORB IL1RAPL2",-0.273660860864066,0.124023331645631,4.94172005274079,0.0275721735903416,0.178561763787118,0.178561763787118,"social_isolation_avg"
"9315","FBXO10","Exc L4-5 RORB IL1RAPL2",-0.0248111215890265,2.94191277280088,0.28833936331988,0.592008717420848,0.842274306180829,0.842274306180829,"social_isolation_avg"
"9316","AL513165.2","Exc L4-5 RORB IL1RAPL2",0.0497256972141615,1.69906469298817,0.770541374007849,0.381323718388511,0.699401519545271,0.699401519545271,"social_isolation_avg"
"9317","AL138752.2","Exc L4-5 RORB IL1RAPL2",0.0921879739874971,4.63946923256795,12.2113829954098,0.000609740119974236,0.0170664094822966,0.0170664094822966,"social_isolation_avg"
"9318","FRMPD1","Exc L4-5 RORB IL1RAPL2",0.251541310948837,1.18134729636225,5.37850312574133,0.0216100788193797,0.155115440569607,0.155115440569607,"social_isolation_avg"
"9319","TRMT10B","Exc L4-5 RORB IL1RAPL2",0.0261366118259213,4.64242482665932,0.80909894640837,0.369695287551932,0.687937231320831,0.687937231320831,"social_isolation_avg"
"9320","DCAF10","Exc L4-5 RORB IL1RAPL2",0.0285588281215836,6.83989896836576,3.16457979514332,0.0770896658986999,0.31880878241243,0.31880878241243,"social_isolation_avg"
"9321","ALDH1B1","Exc L4-5 RORB IL1RAPL2",-0.0222779829368921,0.617930804860908,0.0439146196814355,0.834270594986579,0.956764360101448,0.956764360101448,"social_isolation_avg"
"9322","IGFBPL1","Exc L4-5 RORB IL1RAPL2",-0.0400990210917939,1.29822911175317,0.299374398846708,0.585012822898308,0.838816885575848,0.838816885575848,"social_isolation_avg"
"9323","FAM95C","Exc L4-5 RORB IL1RAPL2",-0.0161472492023011,3.71994606507239,0.056815134938826,0.811897698027723,0.950202037754843,0.950202037754843,"social_isolation_avg"
"9324","ANKRD18A","Exc L4-5 RORB IL1RAPL2",0.0847678493044845,4.38225882371962,1.56290634509384,0.213007152777133,0.53204793999598,0.53204793999598,"social_isolation_avg"
"9325","FAM201A","Exc L4-5 RORB IL1RAPL2",-0.117255017722977,1.65757133842971,1.85256448002464,0.175338084579224,0.481584061615294,0.481584061615294,"social_isolation_avg"
"9326","AL845311.1","Exc L4-5 RORB IL1RAPL2",-0.193911221549725,0.924901626220396,2.0306713120928,0.156037916923738,0.455370287290254,0.455370287290254,"social_isolation_avg"
"9327","CNTNAP3","Exc L4-5 RORB IL1RAPL2",0.139350252924231,3.87713419399134,2.52839076042227,0.113724958600628,0.38932096572406,0.38932096572406,"social_isolation_avg"
"9328","GLIDR","Exc L4-5 RORB IL1RAPL2",0.0187888234476836,4.76853253965454,0.133907443002091,0.71488247517534,0.906749642740932,0.906749642740932,"social_isolation_avg"
"9329","ANKRD20A2","Exc L4-5 RORB IL1RAPL2",-0.405938327358872,0.726101945502421,4.6303974111961,0.0328617352180044,0.198266113239298,0.198266113239298,"social_isolation_avg"
"9330","FAM95B1","Exc L4-5 RORB IL1RAPL2",-0.0630715506825713,4.41480758388848,1.73270915603886,0.189887637793321,0.500426321171454,0.500426321171454,"social_isolation_avg"
"9331","BMS1P14","Exc L4-5 RORB IL1RAPL2",-0.014822813707396,4.67482064733503,0.0337251516327388,0.854517751733199,0.962722785572292,0.962722785572292,"social_isolation_avg"
"9332","FP325318.1","Exc L4-5 RORB IL1RAPL2",-0.139321296873522,1.32403577892545,1.17441420333911,0.280074278929265,0.611240640235348,0.611240640235348,"social_isolation_avg"
"9333","AL353626.1","Exc L4-5 RORB IL1RAPL2",-0.0128621691165527,3.64692569129447,0.0213809569227769,0.883924084211049,0.973386543903926,0.973386543903926,"social_isolation_avg"
"9334","BX255923.2","Exc L4-5 RORB IL1RAPL2",0.0133965033087993,2.4940891227351,0.0151327851480509,0.902244357819253,0.978262943641483,0.978262943641483,"social_isolation_avg"
"9335","CBWD6","Exc L4-5 RORB IL1RAPL2",0.117759321653044,5.25172734815897,3.23055948641451,0.0741014125616415,0.311983568446664,0.311983568446664,"social_isolation_avg"
"9336","AL845472.1","Exc L4-5 RORB IL1RAPL2",-0.0511097795650973,1.07281570860306,0.287728677535819,0.592400892330034,0.842274306180829,0.842274306180829,"social_isolation_avg"
"9337","AL591926.2","Exc L4-5 RORB IL1RAPL2",0.0235076021342015,1.64407683958487,0.0873828456038599,0.767902077521486,0.931018779306101,0.931018779306101,"social_isolation_avg"
"9338","CNTNAP3B","Exc L4-5 RORB IL1RAPL2",0.0816283022231432,5.7727610309307,0.773556748992238,0.380395815391623,0.69844436904657,0.69844436904657,"social_isolation_avg"
"9339","AL445584.2","Exc L4-5 RORB IL1RAPL2",0.0133355638411134,1.60499018203182,0.0304800733495236,0.861619047162922,0.96502104941399,0.96502104941399,"social_isolation_avg"
"9340","AL591441.2","Exc L4-5 RORB IL1RAPL2",0.180443405265918,-0.171911847693905,1.82848409703644,0.178153827799301,0.484705330392072,0.484705330392072,"social_isolation_avg"
"9341","AL591441.1","Exc L4-5 RORB IL1RAPL2",0.146120740228135,2.78324333500247,3.13723078975837,0.0783664350842885,0.321875039344518,0.321875039344518,"social_isolation_avg"
"9342","BX088645.1","Exc L4-5 RORB IL1RAPL2",0.0430206806371961,0.565958656123622,0.109565805149649,0.74105823382478,0.918667690734397,0.918667690734397,"social_isolation_avg"
"9343","FAM27C","Exc L4-5 RORB IL1RAPL2",-0.154030613352651,0.824485577865815,2.13867376950707,0.145524695796804,0.440696666000533,0.440696666000533,"social_isolation_avg"
"9344","AL391987.2","Exc L4-5 RORB IL1RAPL2",0.0919967649445197,4.13238488188606,3.59736759723794,0.0596153845689366,0.277759626986422,0.277759626986422,"social_isolation_avg"
"9345","AL391987.3","Exc L4-5 RORB IL1RAPL2",-0.0131830919109155,0.43713414790835,0.00811998947439124,0.928308116625919,0.984394153368006,0.984394153368006,"social_isolation_avg"
"9346","CR769775.2","Exc L4-5 RORB IL1RAPL2",0.0674300117745925,2.36116843825631,0.482619537145137,0.488213491728161,0.779271762863889,0.779271762863889,"social_isolation_avg"
"9347","LINC01410","Exc L4-5 RORB IL1RAPL2",0.0269944897559848,1.92064109528973,0.138615510546703,0.710138180993329,0.904516087620706,0.904516087620706,"social_isolation_avg"
"9348","AL512625.2","Exc L4-5 RORB IL1RAPL2",-0.285054321262445,0.415291420244515,5.00449733721053,0.0266185855678527,0.174817860995953,0.174817860995953,"social_isolation_avg"
"9349","AL512625.3","Exc L4-5 RORB IL1RAPL2",-0.037541029561081,3.52483256074435,0.127550922296311,0.721440507996079,0.909296979182147,0.909296979182147,"social_isolation_avg"
"9350","AL512625.1","Exc L4-5 RORB IL1RAPL2",0.116952802780904,1.30546649371417,2.10727664439728,0.148495323133592,0.445415347021352,0.445415347021352,"social_isolation_avg"
"9351","ANKRD20A4","Exc L4-5 RORB IL1RAPL2",0.11378470817458,3.25302054325871,2.08278602503177,0.150860472313228,0.448246073592742,0.448246073592742,"social_isolation_avg"
"9352","CBWD5","Exc L4-5 RORB IL1RAPL2",0.0984415863114266,6.66853940095022,4.80076305091013,0.0298465244381337,0.187367647277349,0.187367647277349,"social_isolation_avg"
"9353","AL136317.2","Exc L4-5 RORB IL1RAPL2",0.139494051199117,5.08785638069095,8.66760459572427,0.00370586940184201,0.0548231078594626,0.0548231078594626,"social_isolation_avg"
"9354","ANKRD20A3","Exc L4-5 RORB IL1RAPL2",0.0894322668267688,2.97497227753582,2.64836073858816,0.105561420649367,0.37593217393312,0.37593217393312,"social_isolation_avg"
"9355","AL513478.2","Exc L4-5 RORB IL1RAPL2",0.179129762843981,-0.205597271246339,1.75114777623648,0.187559979870238,0.496894760448723,0.496894760448723,"social_isolation_avg"
"9356","ZNF658","Exc L4-5 RORB IL1RAPL2",-0.032079522852236,4.39203493292774,0.888739842912662,0.347194829171647,0.669771111398269,0.669771111398269,"social_isolation_avg"
"9357","ANKRD20A1","Exc L4-5 RORB IL1RAPL2",-0.059711036112534,2.70184849200885,0.907920157564559,0.342058132288087,0.665189232900375,0.665189232900375,"social_isolation_avg"
"9358","AL353608.2","Exc L4-5 RORB IL1RAPL2",0.183482413650223,1.49499751361809,5.81582442696718,0.0169780939497378,0.134523666508789,0.134523666508789,"social_isolation_avg"
"9359","CBWD3","Exc L4-5 RORB IL1RAPL2",0.138587195574809,4.89584306589787,8.53701208703422,0.0039670581644546,0.0567781448787031,0.0567781448787031,"social_isolation_avg"
"9360","AL353608.3","Exc L4-5 RORB IL1RAPL2",-0.188912341432671,0.0573680940329334,2.09809747156414,0.149376803437886,0.446502132361491,0.446502132361491,"social_isolation_avg"
"9361","PGM5","Exc L4-5 RORB IL1RAPL2",0.0317483581998429,2.09972332630197,0.175514745687986,0.675800357392606,0.886127412489639,0.886127412489639,"social_isolation_avg"
"9362","AL161457.2","Exc L4-5 RORB IL1RAPL2",0.10087050247885,4.14884789238804,6.63871932469853,0.0108527086971061,0.103475972868384,0.103475972868384,"social_isolation_avg"
"9363","AL353616.2","Exc L4-5 RORB IL1RAPL2",-0.145128409804409,0.14931105461295,2.00173437304658,0.159000374276582,0.459796130473363,0.459796130473363,"social_isolation_avg"
"9364","PIP5K1B","Exc L4-5 RORB IL1RAPL2",0.0118245888466405,5.88167174930885,0.166373832630008,0.683882635853697,0.890614863582339,0.890614863582339,"social_isolation_avg"
"9365","FAM189A2","Exc L4-5 RORB IL1RAPL2",0.0878645329875002,2.18262674815653,0.321360877721139,0.571559932651539,0.83039367468524,0.83039367468524,"social_isolation_avg"
"9366","APBA1","Exc L4-5 RORB IL1RAPL2",0.0186403997313134,7.40053997959689,1.32902113004026,0.250643830391154,0.577289338384786,0.577289338384786,"social_isolation_avg"
"9367","AL353693.1","Exc L4-5 RORB IL1RAPL2",0.00155970713734259,0.849265241377697,7.40656394995713e-05,0.993143756692447,0.999270035648912,0.999270035648912,"social_isolation_avg"
"9368","PTAR1","Exc L4-5 RORB IL1RAPL2",-0.0229788937106372,4.55215465924461,0.694510845988321,0.405836882094361,0.717125033689968,0.717125033689968,"social_isolation_avg"
"9369","MAMDC2-AS1","Exc L4-5 RORB IL1RAPL2",0.0122738721622592,4.03432219190206,0.0626438009680879,0.802675879483242,0.945063093922373,0.945063093922373,"social_isolation_avg"
"9370","MAMDC2","Exc L4-5 RORB IL1RAPL2",-0.016514905728192,6.10209898050896,0.156649682503709,0.692770369044659,0.895325239448382,0.895325239448382,"social_isolation_avg"
"9371","SMC5-AS1","Exc L4-5 RORB IL1RAPL2",0.0335779729000498,3.90607109958407,0.689487607053243,0.407536401761089,0.718572011715737,0.718572011715737,"social_isolation_avg"
"9372","SMC5","Exc L4-5 RORB IL1RAPL2",0.0470965210870758,6.44978048229017,7.21095623527815,0.00798489769352284,0.0866297300797853,0.0866297300797853,"social_isolation_avg"
"9373","KLF9","Exc L4-5 RORB IL1RAPL2",-0.0110881499667913,5.91083658938087,0.174978946157577,0.676267195489429,0.88648706932151,0.88648706932151,"social_isolation_avg"
"9374","TRPM3","Exc L4-5 RORB IL1RAPL2",0.0158176696268523,8.69968100756141,0.31720453994673,0.574055651847345,0.831980087769803,0.831980087769803,"social_isolation_avg"
"9375","CEMIP2","Exc L4-5 RORB IL1RAPL2",-0.0344965828314743,4.92425034909886,0.888683151582789,0.34721016689136,0.669771111398269,0.669771111398269,"social_isolation_avg"
"9376","ABHD17B","Exc L4-5 RORB IL1RAPL2",0.0367466574456668,5.19352945417105,2.36202619959569,0.126232588921118,0.409471423791613,0.409471423791613,"social_isolation_avg"
"9377","C9orf85","Exc L4-5 RORB IL1RAPL2",0.0343988728358693,5.20417379692145,2.21283571282672,0.138772013193906,0.430231896057986,0.430231896057986,"social_isolation_avg"
"9378","C9orf57","Exc L4-5 RORB IL1RAPL2",0.13153481841411,0.0977501737034925,1.33845594119285,0.612064905574999,0.852475530245459,0.852475530245459,"social_isolation_avg"
"9379","GDA","Exc L4-5 RORB IL1RAPL2",-0.0330921798781265,7.06540237457003,2.55967623960732,0.111530607576255,0.386072196478288,0.386072196478288,"social_isolation_avg"
"9380","AL135924.2","Exc L4-5 RORB IL1RAPL2",-0.043723925075086,0.251054480208772,0.154159429221458,0.695097575332266,0.896335864166618,0.896335864166618,"social_isolation_avg"
"9381","LINC01504","Exc L4-5 RORB IL1RAPL2",0.217246533094763,-0.382827195512491,1.63624213946673,0.202634596126994,0.518359446435101,0.518359446435101,"social_isolation_avg"
"9382","ZFAND5","Exc L4-5 RORB IL1RAPL2",-0.088147986479468,6.43619474188128,12.7194128520267,0.00047356029556613,0.0145932155576657,0.0145932155576657,"social_isolation_avg"
"9383","TMC1","Exc L4-5 RORB IL1RAPL2",0.00542386825247727,1.68817297934562,0.00620672530120967,0.937300698029525,0.987558783347026,0.987558783347026,"social_isolation_avg"
"9384","ALDH1A1","Exc L4-5 RORB IL1RAPL2",-0.225300206357143,1.44462192382454,1.43044381561503,0.233404839036715,0.556273203100351,0.556273203100351,"social_isolation_avg"
"9385","ANXA1","Exc L4-5 RORB IL1RAPL2",-0.833029928475851,-1.04364518854802,8.27620152265422,0.00454688263645111,0.0619673759372519,0.0619673759372519,"social_isolation_avg"
"9386","RORB-AS1","Exc L4-5 RORB IL1RAPL2",0.00142523981420253,5.46592850607199,0.00209697053421409,0.963530760249199,0.992970265671771,0.992970265671771,"social_isolation_avg"
"9387","RORB","Exc L4-5 RORB IL1RAPL2",-0.0110593345906008,9.56074974207782,0.354268992258059,0.552520421412065,0.818207630393494,0.818207630393494,"social_isolation_avg"
"9388","TRPM6","Exc L4-5 RORB IL1RAPL2",0.0428202336877184,2.01358042181177,0.382204747327291,0.537276555394476,0.810815358762785,0.810815358762785,"social_isolation_avg"
"9389","C9orf40","Exc L4-5 RORB IL1RAPL2",-0.0935846254254098,3.34229977101277,6.33519148339587,0.0127888409478104,0.113657895525374,0.113657895525374,"social_isolation_avg"
"9390","C9orf41-AS1","Exc L4-5 RORB IL1RAPL2",0.0120615257889982,3.29561779653853,0.0867224532581671,0.926927847660374,0.98417618971798,0.98417618971798,"social_isolation_avg"
"9391","CARNMT1","Exc L4-5 RORB IL1RAPL2",0.00788086724455056,5.96070754699464,0.13933357975303,0.709422689376411,0.903904828666066,0.903904828666066,"social_isolation_avg"
"9392","NMRK1","Exc L4-5 RORB IL1RAPL2",0.0265941772816109,5.15796459811023,0.229706008953449,0.632375367175938,0.864273210099576,0.864273210099576,"social_isolation_avg"
"9393","OSTF1","Exc L4-5 RORB IL1RAPL2",-0.0278527467879194,5.34074105820801,0.944334436508975,0.332585478116555,0.657616778361672,0.657616778361672,"social_isolation_avg"
"9394","PCSK5","Exc L4-5 RORB IL1RAPL2",0.22535530244515,-0.820206573664719,0.470532060024215,0.493703483603858,0.782555383535947,0.782555383535947,"social_isolation_avg"
"9395","RFK","Exc L4-5 RORB IL1RAPL2",-0.0898547240220697,5.02709369859439,10.4236343817467,0.00150066558812603,0.0308296347371689,0.0308296347371689,"social_isolation_avg"
"9396","GCNT1","Exc L4-5 RORB IL1RAPL2",0.0187069933235466,4.60278551036055,0.179082932180929,0.672712608827014,0.884670224969078,0.884670224969078,"social_isolation_avg"
"9397","PRUNE2","Exc L4-5 RORB IL1RAPL2",0.0409866230642032,8.70171671142082,2.82511474028409,0.0946889069897232,0.356184653907068,0.356184653907068,"social_isolation_avg"
"9398","PCA3","Exc L4-5 RORB IL1RAPL2",0.0461577406510508,3.84125039061741,0.902174367064953,0.343586015890799,0.66649487458169,0.66649487458169,"social_isolation_avg"
"9399","VPS13A","Exc L4-5 RORB IL1RAPL2",0.0533017504759599,8.3780095437797,9.91185869835559,0.00194882810282721,0.0368001761812312,0.0368001761812312,"social_isolation_avg"
"9400","GNA14","Exc L4-5 RORB IL1RAPL2",0.0059384131695254,3.24544506906016,0.0103907039167347,0.918931974023754,0.983105896136627,0.983105896136627,"social_isolation_avg"
"9401","GNAQ","Exc L4-5 RORB IL1RAPL2",-0.00227762240124174,8.90482932154553,0.0349509727916087,0.851927694210124,0.962012154350376,0.962012154350376,"social_isolation_avg"
"9402","CEP78","Exc L4-5 RORB IL1RAPL2",0.037556861486902,5.71568138878859,3.5520206973652,0.0612282243055692,0.281283845716748,0.281283845716748,"social_isolation_avg"
"9403","PSAT1","Exc L4-5 RORB IL1RAPL2",0.0416988358306552,3.09965072621938,0.478193019613753,0.490212041236567,0.780776748062512,0.780776748062512,"social_isolation_avg"
"9404","TLE4","Exc L4-5 RORB IL1RAPL2",0.0221846723207959,6.90085044777874,0.75071090373835,0.387507161883323,0.70350408384465,0.70350408384465,"social_isolation_avg"
"9405","TLE1","Exc L4-5 RORB IL1RAPL2",-0.0175305711280147,5.34052407166305,0.33609990691056,0.562878467093057,0.825470739099964,0.825470739099964,"social_isolation_avg"
"9406","AL591368.1","Exc L4-5 RORB IL1RAPL2",0.0338986990078667,3.4346250304049,0.236439344591883,0.627433743040747,0.861458386802464,0.861458386802464,"social_isolation_avg"
"9407","AL158154.2","Exc L4-5 RORB IL1RAPL2",0.0544141130308849,-0.282763123923623,0.170330111113345,0.680353407306467,0.888219610822166,0.888219610822166,"social_isolation_avg"
"9408","RASEF","Exc L4-5 RORB IL1RAPL2",0.148504308707666,1.35014979536057,2.67855032388441,0.103610796232557,0.372586956329437,0.372586956329437,"social_isolation_avg"
"9409","AL137847.1","Exc L4-5 RORB IL1RAPL2",0.0434086071339099,0.322406116176662,0.156863317280333,0.743768008836134,0.920291458678817,0.920291458678817,"social_isolation_avg"
"9410","FRMD3","Exc L4-5 RORB IL1RAPL2",0.0577768816311086,6.61261711065746,4.96886393630351,0.0271555278671523,0.177165202377369,0.177165202377369,"social_isolation_avg"
"9411","IDNK","Exc L4-5 RORB IL1RAPL2",0.0539024655688681,2.94896977333126,1.1943959415351,0.276034836046326,0.606251321280619,0.606251321280619,"social_isolation_avg"
"9412","UBQLN1","Exc L4-5 RORB IL1RAPL2",0.00308001836615861,6.39123622815273,0.0362491650698737,0.849235484203391,0.961873912835597,0.961873912835597,"social_isolation_avg"
"9413","GKAP1","Exc L4-5 RORB IL1RAPL2",0.00571693564982233,5.54632122034949,0.072610386707567,0.787909377236454,0.939432896859537,0.939432896859537,"social_isolation_avg"
"9414","AL354733.1","Exc L4-5 RORB IL1RAPL2",-0.0462558643876614,0.0274608287628972,0.143594417940564,0.705219802195412,0.901829134721505,0.901829134721505,"social_isolation_avg"
"9415","AL354733.2","Exc L4-5 RORB IL1RAPL2",0.0947954516045962,2.56595183213143,3.31913726385633,0.0702853363650881,0.303620131816992,0.303620131816992,"social_isolation_avg"
"9416","KIF27","Exc L4-5 RORB IL1RAPL2",0.0748144016055877,5.02570740973079,8.35615330863948,0.00436040860786868,0.0603094234426047,0.0603094234426047,"social_isolation_avg"
"9417","C9orf64","Exc L4-5 RORB IL1RAPL2",0.0610147768773916,2.28390145884675,1.51073674468064,0.22077353359263,0.541586416323889,0.541586416323889,"social_isolation_avg"
"9418","HNRNPK","Exc L4-5 RORB IL1RAPL2",-0.0626589272855816,6.16988714847926,10.8057181853609,0.00123599104531045,0.0270360538362069,0.0270360538362069,"social_isolation_avg"
"9419","AL354733.3","Exc L4-5 RORB IL1RAPL2",-0.0643249948415403,0.0458030026124907,0.252216364750642,0.616187121906551,0.854693683277902,0.854693683277902,"social_isolation_avg"
"9420","RMI1","Exc L4-5 RORB IL1RAPL2",-0.0149720529917178,3.65986433945553,0.148640027278476,0.700334097289005,0.899494810173801,0.899494810173801,"social_isolation_avg"
"9421","AL390838.1","Exc L4-5 RORB IL1RAPL2",0.249312221439982,0.791146975608569,6.82345783809553,0.00982554450867393,0.0973856090354214,0.0973856090354214,"social_isolation_avg"
"9422","SLC28A3","Exc L4-5 RORB IL1RAPL2",0.278284921927476,-0.673369745591724,2.68781676316374,0.103020081701542,0.371638315705412,0.371638315705412,"social_isolation_avg"
"9423","NTRK2","Exc L4-5 RORB IL1RAPL2",0.00947995617828603,9.43369573869799,0.178686758307642,0.67305364005199,0.884939941129037,0.884939941129037,"social_isolation_avg"
"9424","AGTPBP1","Exc L4-5 RORB IL1RAPL2",0.025720822944409,7.77976484478166,3.23534547543243,0.0738895912075387,0.311373041255644,0.311373041255644,"social_isolation_avg"
"9425","AL353743.2","Exc L4-5 RORB IL1RAPL2",-0.0766270733285822,2.19709186029727,1.94735600032066,0.164743894427108,0.468392366862758,0.468392366862758,"social_isolation_avg"
"9426","NAA35","Exc L4-5 RORB IL1RAPL2",0.0114951402719633,5.81493850766545,0.455321567029552,0.500761302992455,0.786886854407461,0.786886854407461,"social_isolation_avg"
"9427","GOLM1","Exc L4-5 RORB IL1RAPL2",0.0324647704646375,6.05143887288189,2.75622661496501,0.0987723329714692,0.363998167912258,0.363998167912258,"social_isolation_avg"
"9428","C9orf153","Exc L4-5 RORB IL1RAPL2",0.102329336137843,3.56705447871801,1.82802532454225,0.178207980818359,0.484705330392072,0.484705330392072,"social_isolation_avg"
"9429","ISCA1","Exc L4-5 RORB IL1RAPL2",-0.0519313070924315,5.0943803699596,5.04700263400856,0.0259926378632757,0.172563754740716,0.172563754740716,"social_isolation_avg"
"9430","TUT7","Exc L4-5 RORB IL1RAPL2",-0.0278783784428999,5.13025981983326,1.13418081117803,0.288438491522004,0.619682604529106,0.619682604529106,"social_isolation_avg"
"9431","AL353613.1","Exc L4-5 RORB IL1RAPL2",0.101051968567169,0.778571017764219,0.879202391009686,0.349788237301344,0.671207179528378,0.671207179528378,"social_isolation_avg"
"9432","GAS1","Exc L4-5 RORB IL1RAPL2",-0.145726754488922,0.794238752687275,2.69382326967448,0.102639167190119,0.371145112187087,0.371145112187087,"social_isolation_avg"
"9433","GAS1RR","Exc L4-5 RORB IL1RAPL2",0.0427819503727648,3.94959059799619,0.869418510426571,0.352476275072895,0.672660809354938,0.672660809354938,"social_isolation_avg"
"9434","C9orf170","Exc L4-5 RORB IL1RAPL2",-0.00136271476060168,0.281567043657742,0.000330950810375842,0.985507582025254,0.998300390466684,0.998300390466684,"social_isolation_avg"
"9435","DAPK1","Exc L4-5 RORB IL1RAPL2",0.0280286649576678,6.37375366429354,0.684707940551845,0.409163260019326,0.719637935352639,0.719637935352639,"social_isolation_avg"
"9436","CTSL","Exc L4-5 RORB IL1RAPL2",-0.0464058095730857,4.27289408072547,1.92592041083321,0.167073324951951,0.470961532254752,0.470961532254752,"social_isolation_avg"
"9437","CDK20","Exc L4-5 RORB IL1RAPL2",-0.0191611649302427,2.77338548672928,0.191430346394172,0.662299936851218,0.880074240126547,0.880074240126547,"social_isolation_avg"
"9438","SPIN1","Exc L4-5 RORB IL1RAPL2",-0.0156047558143844,7.41750273602641,1.25485466136224,0.264252247805124,0.594661843568121,0.594661843568121,"social_isolation_avg"
"9439","NXNL2","Exc L4-5 RORB IL1RAPL2",0.115539652628851,1.72875880642529,3.11990311260552,0.079187242692348,0.323258213372582,0.323258213372582,"social_isolation_avg"
"9440","S1PR3","Exc L4-5 RORB IL1RAPL2",-0.344312428344992,0.206621385741547,6.43088428322237,0.0121424736180594,0.110342261646414,0.110342261646414,"social_isolation_avg"
"9441","SHC3","Exc L4-5 RORB IL1RAPL2",-0.0297378875019464,7.19719800370449,0.639942650777093,0.424879713471681,0.731043365541777,0.731043365541777,"social_isolation_avg"
"9442","CKS2","Exc L4-5 RORB IL1RAPL2",0.146628673843584,1.52571754417136,1.79686604684441,0.181931278864364,0.488383844424893,0.488383844424893,"social_isolation_avg"
"9443","SECISBP2","Exc L4-5 RORB IL1RAPL2",0.00401860850564692,5.99583532615007,0.0478761375536788,0.827070971436147,0.954161930646283,0.954161930646283,"social_isolation_avg"
"9444","SEMA4D","Exc L4-5 RORB IL1RAPL2",-0.0674771600211153,5.84195777695962,9.20499617739028,0.00280386747979046,0.0457739228516956,0.0457739228516956,"social_isolation_avg"
"9445","GADD45G","Exc L4-5 RORB IL1RAPL2",-0.258399996894909,0.773584400647156,5.06939722306864,0.0256690795020803,0.171136241458373,0.171136241458373,"social_isolation_avg"
"9446","LINC01508","Exc L4-5 RORB IL1RAPL2",-0.0367268786887275,2.62348914241562,0.181302847325228,0.670809868833217,0.884298267656223,0.884298267656223,"social_isolation_avg"
"9447","LINC01501","Exc L4-5 RORB IL1RAPL2",0.19648928981087,1.03378269897517,3.15302693412763,0.0776262259710561,0.320132044812195,0.320132044812195,"social_isolation_avg"
"9448","DIRAS2","Exc L4-5 RORB IL1RAPL2",-0.0988023714085596,7.40601478267887,17.3557614035029,4.98364700605959e-05,0.00369376598336487,0.00369376598336487,"social_isolation_avg"
"9449","AL355607.1","Exc L4-5 RORB IL1RAPL2",0.278882561936207,-0.324322766265394,3.76265236195796,0.0541116660605361,0.264076960778763,0.264076960778763,"social_isolation_avg"
"9450","AL158071.1","Exc L4-5 RORB IL1RAPL2",-0.0214630884888721,1.55534127318329,0.0527277466118114,0.818666893977019,0.951762359999666,0.951762359999666,"social_isolation_avg"
"9451","AL158071.4","Exc L4-5 RORB IL1RAPL2",-0.0673056226645493,3.74656197582217,1.80178897932648,0.181337036481544,0.487854125873353,0.487854125873353,"social_isolation_avg"
"9452","AL158071.5","Exc L4-5 RORB IL1RAPL2",-0.0808582415450615,0.664843366778137,0.758651191954491,0.385014190873506,0.701883948888873,0.701883948888873,"social_isolation_avg"
"9453","AUH","Exc L4-5 RORB IL1RAPL2",0.030896817024339,6.77242401807875,3.9122484074513,0.0495975399685308,0.250985572009781,0.250985572009781,"social_isolation_avg"
"9454","NFIL3","Exc L4-5 RORB IL1RAPL2",-0.0034516156460413,3.432954720472,0.00516973459750732,0.942767723321066,0.987984052456339,0.987984052456339,"social_isolation_avg"
"9455","ROR2","Exc L4-5 RORB IL1RAPL2",-0.0387540586723596,1.2683064953706,0.146052980541881,0.70282706756548,0.900586045593367,0.900586045593367,"social_isolation_avg"
"9456","SPTLC1","Exc L4-5 RORB IL1RAPL2",0.00878165196882479,5.46010603338405,0.191556598390255,0.662195559835405,0.880058615755079,0.880058615755079,"social_isolation_avg"
"9457","IARS","Exc L4-5 RORB IL1RAPL2",0.0585235852724447,6.09358985446423,9.44203325388098,0.00248092842366196,0.0426861789301489,0.0426861789301489,"social_isolation_avg"
"9458","NOL8","Exc L4-5 RORB IL1RAPL2",-0.0211746227427919,4.21155531312821,0.422901262176689,0.51639573366338,0.798813830652655,0.798813830652655,"social_isolation_avg"
"9459","CENPP","Exc L4-5 RORB IL1RAPL2",0.0788474691481568,6.79293764570662,2.95066310803444,0.0877150026662831,0.341563195194226,0.341563195194226,"social_isolation_avg"
"9460","OGN","Exc L4-5 RORB IL1RAPL2",-0.0101206750201204,0.742711442585701,0.0102117797408656,0.91963057829861,0.983247337638765,0.983247337638765,"social_isolation_avg"
"9461","OMD","Exc L4-5 RORB IL1RAPL2",0.052225823316238,0.536849513294718,0.190408995580085,0.807796781791913,0.947674443511163,0.947674443511163,"social_isolation_avg"
"9462","ASPN","Exc L4-5 RORB IL1RAPL2",-0.184447771844881,0.831438199181505,2.37587339758121,0.125134873709517,0.407587699338572,0.407587699338572,"social_isolation_avg"
"9463","ECM2","Exc L4-5 RORB IL1RAPL2",0.101039885958426,1.15647797533879,0.963798994628153,0.327666302930675,0.653716011884031,0.653716011884031,"social_isolation_avg"
"9464","IPPK","Exc L4-5 RORB IL1RAPL2",-0.00404790181217652,4.73485823728561,0.0303529688163288,0.861904948069458,0.965182754359208,0.965182754359208,"social_isolation_avg"
"9465","BICD2","Exc L4-5 RORB IL1RAPL2",0.0238553560430237,4.71950252422516,0.900738333782288,0.343969323564299,0.666685959023294,0.666685959023294,"social_isolation_avg"
"9466","ZNF484","Exc L4-5 RORB IL1RAPL2",0.00510980177363764,4.10653009496449,0.0269926525221548,0.869700110922889,0.967732474374979,0.967732474374979,"social_isolation_avg"
"9467","FGD3","Exc L4-5 RORB IL1RAPL2",0.0131092116034606,0.81991410659422,0.0227586891900328,0.986714699264455,0.998322486753797,0.998322486753797,"social_isolation_avg"
"9468","CARD19","Exc L4-5 RORB IL1RAPL2",0.0238871259254705,4.31764904976989,0.360682981978949,0.548949720722744,0.816562709575082,0.816562709575082,"social_isolation_avg"
"9469","NINJ1","Exc L4-5 RORB IL1RAPL2",-0.0396746347311244,3.05797314826808,0.570327100891648,0.451203677759292,0.752180227894597,0.752180227894597,"social_isolation_avg"
"9470","WNK2","Exc L4-5 RORB IL1RAPL2",0.0330556086671352,7.47085206487745,3.50847559658101,0.0628211811319583,0.285055467306315,0.285055467306315,"social_isolation_avg"
"9471","C9orf129","Exc L4-5 RORB IL1RAPL2",-0.0580941971322657,4.96569620593704,4.11253275844781,0.0441723184775902,0.234968917040901,0.234968917040901,"social_isolation_avg"
"9472","AL583839.1","Exc L4-5 RORB IL1RAPL2",0.0434677774312607,1.30679103546783,0.284403370970277,0.594545825591592,0.843296700385411,0.843296700385411,"social_isolation_avg"
"9473","FAM120AOS","Exc L4-5 RORB IL1RAPL2",0.00611184106381751,4.07233528834605,0.028484066054549,0.866182144650797,0.96677503774678,0.96677503774678,"social_isolation_avg"
"9474","FAM120A","Exc L4-5 RORB IL1RAPL2",-0.0273585303814311,6.57367658789271,2.63762263791095,0.106264996566376,0.377027219903409,0.377027219903409,"social_isolation_avg"
"9475","PHF2","Exc L4-5 RORB IL1RAPL2",0.0267259445910549,4.5166012660948,0.939937622885499,0.333710340719942,0.658476729248308,0.658476729248308,"social_isolation_avg"
"9476","PTPDC1","Exc L4-5 RORB IL1RAPL2",-0.0121511846474038,5.63195552206512,0.337659155768894,0.561975001535858,0.82458075536313,0.82458075536313,"social_isolation_avg"
"9477","AL158152.2","Exc L4-5 RORB IL1RAPL2",0.071086914562497,4.17574575273256,6.22094040692741,0.0136076290461495,0.11729838231535,0.11729838231535,"social_isolation_avg"
"9478","MIRLET7DHG","Exc L4-5 RORB IL1RAPL2",0.0890032164603068,-0.0903495817909356,0.462302045192958,0.497501196088381,0.784827424644677,0.784827424644677,"social_isolation_avg"
"9479","ZNF169","Exc L4-5 RORB IL1RAPL2",-0.0106074506031819,4.54343470031699,0.188672974626722,0.664589860308151,0.88101343423881,0.88101343423881,"social_isolation_avg"
"9480","AL691447.2","Exc L4-5 RORB IL1RAPL2",-0.16263003600925,1.9662231104593,2.72678280541522,0.100576437539824,0.36716318246016,0.36716318246016,"social_isolation_avg"
"9481","MFSD14B","Exc L4-5 RORB IL1RAPL2",0.0379087158897597,4.93637542533466,2.47056697572895,0.117908249459369,0.396568440925744,0.396568440925744,"social_isolation_avg"
"9482","PCAT7","Exc L4-5 RORB IL1RAPL2",-0.126859193741619,1.71021529833363,1.07129835144617,0.302164221093172,0.633344646628866,0.633344646628866,"social_isolation_avg"
"9483","FBP2","Exc L4-5 RORB IL1RAPL2",-0.0295830745358908,0.0625834351742406,0.0667997507307467,0.796376171979701,0.943052144191509,0.943052144191509,"social_isolation_avg"
"9484","FBP1","Exc L4-5 RORB IL1RAPL2",0.10841223360368,0.367517034956504,1.00336698626882,0.317961256936165,0.645854275661959,0.645854275661959,"social_isolation_avg"
"9485","C9orf3","Exc L4-5 RORB IL1RAPL2",0.0185575105115313,7.92449453333279,1.35258156058054,0.246503513435517,0.572562359159517,0.572562359159517,"social_isolation_avg"
"9486","AL353768.1","Exc L4-5 RORB IL1RAPL2",-0.0840780745847658,0.367809468059693,0.586585437931667,0.503865723191625,0.789462677658201,0.789462677658201,"social_isolation_avg"
"9487","FANCC","Exc L4-5 RORB IL1RAPL2",0.030605957423836,5.44925942035434,0.799229681439303,0.372623595238004,0.690810410101731,0.690810410101731,"social_isolation_avg"
"9488","PTCH1","Exc L4-5 RORB IL1RAPL2",-0.0298353774837039,2.5062494633459,0.148585746831278,0.700386146828508,0.899494810173801,0.899494810173801,"social_isolation_avg"
"9489","AL354861.2","Exc L4-5 RORB IL1RAPL2",0.121729337338057,1.56654189789857,2.23296130737848,0.137001225338246,0.427051101256169,0.427051101256169,"social_isolation_avg"
"9490","LINC00476","Exc L4-5 RORB IL1RAPL2",0.0242302464830897,5.87278042379196,0.471008846187453,0.493484972493922,0.78253680561159,0.78253680561159,"social_isolation_avg"
"9491","ERCC6L2","Exc L4-5 RORB IL1RAPL2",0.00422150000708742,6.38941404353907,0.0420448741437893,0.837786540043425,0.957570761927458,0.957570761927458,"social_isolation_avg"
"9492","AL449403.1","Exc L4-5 RORB IL1RAPL2",0.199261418300787,-0.00905706703160835,2.49696053962264,0.115977907645078,0.393330195474553,0.393330195474553,"social_isolation_avg"
"9493","ZNF367","Exc L4-5 RORB IL1RAPL2",0.0443018284181302,2.30903503899064,0.768210008867289,0.382043342890957,0.700042798753063,0.700042798753063,"social_isolation_avg"
"9494","HABP4","Exc L4-5 RORB IL1RAPL2",0.0327074774917287,6.16791640348831,2.68076795523717,0.103469087568177,0.372501207551573,0.372501207551573,"social_isolation_avg"
"9495","CDC14B","Exc L4-5 RORB IL1RAPL2",-0.0378554459996946,5.83598347029362,1.43549472595264,0.232584853421022,0.555298171808096,0.555298171808096,"social_isolation_avg"
"9496","AAED1","Exc L4-5 RORB IL1RAPL2",0.035851000895655,1.62854371041118,0.295396509957571,0.615420263442482,0.854166518525118,0.854166518525118,"social_isolation_avg"
"9497","AL589843.1","Exc L4-5 RORB IL1RAPL2",0.0921627149897621,4.99262503358135,2.58736219567405,0.109627886973685,0.382863059412556,0.382863059412556,"social_isolation_avg"
"9498","ZNF510","Exc L4-5 RORB IL1RAPL2",0.0415985357074612,4.41137901450534,2.43779195239322,0.120355357091415,0.399096339209019,0.399096339209019,"social_isolation_avg"
"9499","ZNF782","Exc L4-5 RORB IL1RAPL2",0.00129765018457975,6.10703977828243,0.00455793404116154,0.946255325363973,0.988575838507633,0.988575838507633,"social_isolation_avg"
"9500","MFSD14C","Exc L4-5 RORB IL1RAPL2",0.0021943704054309,6.55136775474348,0.0199474032866943,0.887856055295951,0.974102504307964,0.974102504307964,"social_isolation_avg"
"9501","NUTM2G","Exc L4-5 RORB IL1RAPL2",-0.0430104962472663,-0.4890075607245,0.0745912335571439,0.785106540221497,0.938293153466554,0.938293153466554,"social_isolation_avg"
"9502","CTSV","Exc L4-5 RORB IL1RAPL2",-0.0485258887778155,-0.0872447026326534,0.0843458050131898,0.771856311080436,0.932678776012287,0.932678776012287,"social_isolation_avg"
"9503","AL590705.3","Exc L4-5 RORB IL1RAPL2",0.181349350978533,-0.0415150495316675,1.71096904876916,0.192675790074898,0.504445686892831,0.504445686892831,"social_isolation_avg"
"9504","AL590705.1","Exc L4-5 RORB IL1RAPL2",-0.00996557858616507,5.33970314993843,0.0188179499148297,0.891056624747151,0.974717141518232,0.974717141518232,"social_isolation_avg"
"9505","CCDC180","Exc L4-5 RORB IL1RAPL2",0.0661180976580111,5.06747204569813,6.12687515672936,0.0143225809107895,0.120981050630825,0.120981050630825,"social_isolation_avg"
"9506","TDRD7","Exc L4-5 RORB IL1RAPL2",0.0285899865362995,4.68096829135193,1.37078627410879,0.243361927680983,0.568124741968154,0.568124741968154,"social_isolation_avg"
"9507","TMOD1","Exc L4-5 RORB IL1RAPL2",-0.0216768583179887,4.9760885651827,0.49256769999639,0.483771152641988,0.77553066743225,0.77553066743225,"social_isolation_avg"
"9508","TSTD2","Exc L4-5 RORB IL1RAPL2",0.00828308123923424,4.97698518723509,0.127161533482877,0.721848183953341,0.909432401932571,0.909432401932571,"social_isolation_avg"
"9509","NCBP1","Exc L4-5 RORB IL1RAPL2",0.0275308893868085,4.61422996071686,1.23478799885769,0.268091593443969,0.598021290733718,0.598021290733718,"social_isolation_avg"
"9510","XPA","Exc L4-5 RORB IL1RAPL2",0.0249815634198636,5.47229946832025,1.10469598890467,0.294771978571957,0.625723804557633,0.625723804557633,"social_isolation_avg"
"9511","TRMO","Exc L4-5 RORB IL1RAPL2",-0.0625975941787564,2.67621753106711,1.7720998362551,0.260125352082748,0.589306623388507,0.589306623388507,"social_isolation_avg"
"9512","HEMGN","Exc L4-5 RORB IL1RAPL2",0.221160348077158,-0.200358166737646,2.25836187876891,0.134802631077409,0.423055329675842,0.423055329675842,"social_isolation_avg"
"9513","ANP32B","Exc L4-5 RORB IL1RAPL2",-0.0418069272016653,3.68149194197951,1.73688523477714,0.236946483443137,0.560575057707811,0.560575057707811,"social_isolation_avg"
"9514","NANS","Exc L4-5 RORB IL1RAPL2",-0.052230325016078,3.16262115263191,1.7678844684087,0.368339548022526,0.686635722968889,0.686635722968889,"social_isolation_avg"
"9515","TRIM14","Exc L4-5 RORB IL1RAPL2",0.00690195466774132,5.62503939873512,0.0457479618262308,0.830898211362599,0.95570972992047,0.95570972992047,"social_isolation_avg"
"9516","CORO2A","Exc L4-5 RORB IL1RAPL2",0.0349827492832626,4.81841001325924,1.65163388911156,0.200534496143016,0.514971932888438,0.514971932888438,"social_isolation_avg"
"9517","TBC1D2","Exc L4-5 RORB IL1RAPL2",0.0300965341414749,3.32001470126943,0.585963463285831,0.445075892070121,0.746567460448472,0.746567460448472,"social_isolation_avg"
"9518","GABBR2","Exc L4-5 RORB IL1RAPL2",-0.00369894895935326,9.19970211945554,0.0773611736023953,0.781253444636446,0.936939622613057,0.936939622613057,"social_isolation_avg"
"9519","ANKS6","Exc L4-5 RORB IL1RAPL2",0.00911254253527702,6.31533409015198,0.219952129069472,0.639694358706332,0.867334787608922,0.867334787608922,"social_isolation_avg"
"9520","GALNT12","Exc L4-5 RORB IL1RAPL2",0.0522067617434916,3.24416412254426,1.4474673871202,0.23065510891697,0.552783447222038,0.552783447222038,"social_isolation_avg"
"9521","AL136084.2","Exc L4-5 RORB IL1RAPL2",0.231716758846974,-0.50291665742289,2.41929065048346,0.12176174328546,0.401298370441419,0.401298370441419,"social_isolation_avg"
"9522","COL15A1","Exc L4-5 RORB IL1RAPL2",0.189062422749348,0.136289251660278,1.51586865077909,0.219994643630799,0.540586837940045,0.540586837940045,"social_isolation_avg"
"9523","TGFBR1","Exc L4-5 RORB IL1RAPL2",-0.0288069686126719,3.8735833716265,0.53729016739283,0.464596157455327,0.761200244718799,0.761200244718799,"social_isolation_avg"
"9524","ALG2","Exc L4-5 RORB IL1RAPL2",-0.042138107334238,3.28441737499035,1.38566377077592,0.240830957410031,0.565260428265153,0.565260428265153,"social_isolation_avg"
"9525","SEC61B","Exc L4-5 RORB IL1RAPL2",-0.0865824992290958,3.95376870662119,6.85432370159342,0.00966399945122339,0.0966979234035234,0.0966979234035234,"social_isolation_avg"
"9526","AL137067.1","Exc L4-5 RORB IL1RAPL2",-0.00145158521747046,1.8768382436114,0.000496701344940389,0.98224606092396,0.997691984833062,0.997691984833062,"social_isolation_avg"
"9527","AL359710.1","Exc L4-5 RORB IL1RAPL2",0.0381334464374202,5.41970411393937,1.13868478460375,0.287486438758311,0.618550251051399,0.618550251051399,"social_isolation_avg"
"9528","NR4A3","Exc L4-5 RORB IL1RAPL2",-0.117704118278094,1.21100172610782,0.891920605436422,0.346335758632514,0.669085040747987,0.669085040747987,"social_isolation_avg"
"9529","STX17-AS1","Exc L4-5 RORB IL1RAPL2",0.0372863405723969,1.3095144476346,0.19781036399656,0.657075906142994,0.877427146840365,0.877427146840365,"social_isolation_avg"
"9530","STX17","Exc L4-5 RORB IL1RAPL2",-0.0338150216685529,4.79825828639364,2.34696989972567,0.127438423833245,0.41064815858142,0.41064815858142,"social_isolation_avg"
"9531","AL358937.1","Exc L4-5 RORB IL1RAPL2",0.0904609463748069,1.83693558661695,1.12969600496754,0.289390508114598,0.62074116359101,0.62074116359101,"social_isolation_avg"
"9532","ERP44","Exc L4-5 RORB IL1RAPL2",0.0428370777370071,6.25575690432572,6.22493142062395,0.0135781281050152,0.117273898793766,0.117273898793766,"social_isolation_avg"
"9533","INVS","Exc L4-5 RORB IL1RAPL2",0.0398287461993643,7.16545984983514,3.78976970267497,0.0532618884201771,0.261676534291475,0.261676534291475,"social_isolation_avg"
"9534","TEX10","Exc L4-5 RORB IL1RAPL2",0.0535366610162819,4.48663224780978,2.70506477006986,0.101930435099383,0.370248754562376,0.370248754562376,"social_isolation_avg"
"9535","MSANTD3","Exc L4-5 RORB IL1RAPL2",-0.0491836977139625,3.0284697999337,1.14045136151066,0.668734766539219,0.88310672604061,0.88310672604061,"social_isolation_avg"
"9536","MSANTD3-TMEFF1","Exc L4-5 RORB IL1RAPL2",-0.0115724206739922,3.86971172384159,0.127413624800764,0.721584173268851,0.909296979182147,0.909296979182147,"social_isolation_avg"
"9537","CAVIN4","Exc L4-5 RORB IL1RAPL2",0.0208610403104593,3.66384994694057,0.33996318872912,0.56064509045736,0.823756591050111,0.823756591050111,"social_isolation_avg"
"9538","PLPPR1","Exc L4-5 RORB IL1RAPL2",-0.683499450759838,-0.615497753465749,4.36522196278773,0.0382206257830154,0.216453894175527,0.216453894175527,"social_isolation_avg"
"9539","BAAT","Exc L4-5 RORB IL1RAPL2",-0.105968815414197,2.68152941518642,2.65083555722075,0.105399998479954,0.375710883805427,0.375710883805427,"social_isolation_avg"
"9540","MRPL50","Exc L4-5 RORB IL1RAPL2",-0.0309530581263441,3.6337031257047,0.821008929450839,0.366204234573229,0.684594735127667,0.684594735127667,"social_isolation_avg"
"9541","ZNF189","Exc L4-5 RORB IL1RAPL2",-0.00273977070405972,4.81062748957999,0.00557879292818072,0.940550630432343,0.987885432365559,0.987885432365559,"social_isolation_avg"
"9542","ALDOB","Exc L4-5 RORB IL1RAPL2",0.0690553276417054,-0.385722236894629,0.21574886940992,0.672382628996245,0.884557060922122,0.884557060922122,"social_isolation_avg"
"9543","TMEM246-AS1","Exc L4-5 RORB IL1RAPL2",0.0818962633559584,0.552574402848405,0.443542166544627,0.506346097382008,0.79127946267208,0.79127946267208,"social_isolation_avg"
"9544","TMEM246","Exc L4-5 RORB IL1RAPL2",-0.0696489805986038,5.42181149166018,6.44040967826944,0.0120800164494059,0.110032626027351,0.110032626027351,"social_isolation_avg"
"9545","RNF20","Exc L4-5 RORB IL1RAPL2",0.0119729423394051,4.40908936324556,0.257163186282222,0.612751677839893,0.853118064489229,0.853118064489229,"social_isolation_avg"
"9546","GRIN3A","Exc L4-5 RORB IL1RAPL2",0.0318206459250408,6.19072495841536,0.407958493340408,0.523891526513181,0.803972833393766,0.803972833393766,"social_isolation_avg"
"9547","LINC00587","Exc L4-5 RORB IL1RAPL2",0.0791730770967506,-0.629814171506345,0.140821792726062,0.707946483325051,0.903301329219319,0.903301329219319,"social_isolation_avg"
"9548","LINC01492","Exc L4-5 RORB IL1RAPL2",-0.214285917799739,0.740649874251582,5.48218326995117,0.0204040534603807,0.149928192436452,0.149928192436452,"social_isolation_avg"
"9549","SMC2-AS1","Exc L4-5 RORB IL1RAPL2",-0.0627697148956622,0.260253885898795,0.330588411686562,0.566094582148573,0.827429554950417,0.827429554950417,"social_isolation_avg"
"9550","SMC2","Exc L4-5 RORB IL1RAPL2",-0.0112403944028374,3.67530367458678,0.0843643068847504,0.7718319896143,0.932678776012287,0.932678776012287,"social_isolation_avg"
"9551","NIPSNAP3A","Exc L4-5 RORB IL1RAPL2",0.00431109194856446,3.47669166164288,0.0107937210456301,0.917380340074846,0.9830198062462,0.9830198062462,"social_isolation_avg"
"9552","NIPSNAP3B","Exc L4-5 RORB IL1RAPL2",0.0430910471245185,3.55930814859952,1.1116627211136,0.293259488602492,0.624298243007173,0.624298243007173,"social_isolation_avg"
"9553","ABCA1","Exc L4-5 RORB IL1RAPL2",-0.0480574673194251,1.72622237165142,0.125634730929377,0.723453518080799,0.91006041627328,0.91006041627328,"social_isolation_avg"
"9554","SLC44A1","Exc L4-5 RORB IL1RAPL2",-9.78352604711747e-05,7.17705566092166,1.69604647051423e-05,0.996719040536902,0.999517208019121,0.999517208019121,"social_isolation_avg"
"9555","FSD1L","Exc L4-5 RORB IL1RAPL2",-0.00382449921899985,6.45496527824564,0.0449973928633921,0.832270165714061,0.95635757351365,0.95635757351365,"social_isolation_avg"
"9556","FKTN","Exc L4-5 RORB IL1RAPL2",-0.00222384300248953,5.69944888133236,0.0102832208646611,0.919350902689144,0.98319997173877,0.98319997173877,"social_isolation_avg"
"9557","TMEM38B","Exc L4-5 RORB IL1RAPL2",0.0964594030934169,2.94398466415263,3.86796009907633,0.0508905048215144,0.254398742860733,0.254398742860733,"social_isolation_avg"
"9558","LINC01505","Exc L4-5 RORB IL1RAPL2",0.071391281755881,4.55339416877873,2.66611062109386,0.104409689445852,0.373871259274216,0.373871259274216,"social_isolation_avg"
"9559","ZNF462","Exc L4-5 RORB IL1RAPL2",-1.63372734944937,0.0986281343987638,26.7711459262622,6.56718708373177e-07,0.000310644367028222,0.000310644367028222,"social_isolation_avg"
"9560","RAD23B","Exc L4-5 RORB IL1RAPL2",-0.0320000346652775,6.18649022012652,4.01234653443471,0.0468025150603098,0.243149474864394,0.243149474864394,"social_isolation_avg"
"9561","ELP1","Exc L4-5 RORB IL1RAPL2",0.000558678299181432,5.89558795023517,0.0007352822747938,0.97839985166759,0.996839351322087,0.996839351322087,"social_isolation_avg"
"9562","FAM206A","Exc L4-5 RORB IL1RAPL2",0.0931954863486134,4.25462464596534,8.81896498850477,0.00342514061187309,0.052012107156702,0.052012107156702,"social_isolation_avg"
"9563","CTNNAL1","Exc L4-5 RORB IL1RAPL2",-0.0155515184405667,5.60053892643801,0.259593444215388,0.611079134002164,0.852117185969555,0.852117185969555,"social_isolation_avg"
"9564","TMEM245","Exc L4-5 RORB IL1RAPL2",0.0109201492051811,7.23286300183974,0.437760247553809,0.509126732139354,0.792942500124608,0.792942500124608,"social_isolation_avg"
"9565","FRRS1L","Exc L4-5 RORB IL1RAPL2",-0.0359527399464767,7.73875822596532,5.95688872247629,0.0157153978374887,0.127618473168723,0.127618473168723,"social_isolation_avg"
"9566","EPB41L4B","Exc L4-5 RORB IL1RAPL2",0.0477033039557384,6.86632884055033,5.86753840902315,0.0165033465006769,0.131922188060544,0.131922188060544,"social_isolation_avg"
"9567","PTPN3","Exc L4-5 RORB IL1RAPL2",-0.0291144245462721,5.35782214527164,0.903029160609189,0.343358128869343,0.666257733190119,0.666257733190119,"social_isolation_avg"
"9568","PALM2","Exc L4-5 RORB IL1RAPL2",0.0878777770056376,4.67989912236511,2.14283190031176,0.145136366661546,0.439943158219017,0.439943158219017,"social_isolation_avg"
"9569","PALM2-AKAP2","Exc L4-5 RORB IL1RAPL2",-0.00969322757143625,5.63298255141811,0.169436211151303,0.681146590732973,0.888638738853899,0.888638738853899,"social_isolation_avg"
"9570","C9orf152","Exc L4-5 RORB IL1RAPL2",0.142118901887505,0.109600645059921,1.48391668668183,0.224898609023759,0.54608355622496,0.54608355622496,"social_isolation_avg"
"9571","TXN","Exc L4-5 RORB IL1RAPL2",-0.0921575917055401,4.42709750847138,7.16390085520691,0.00818794388437657,0.0876763362967114,0.0876763362967114,"social_isolation_avg"
"9572","SVEP1","Exc L4-5 RORB IL1RAPL2",-0.00942214964871061,3.94472114528567,0.0350327939337381,0.851756498990028,0.962012154350376,0.962012154350376,"social_isolation_avg"
"9573","MUSK","Exc L4-5 RORB IL1RAPL2",0.119227328624464,0.839435265699064,1.1766302460655,0.279622611036473,0.610806800258488,0.610806800258488,"social_isolation_avg"
"9574","AL162414.1","Exc L4-5 RORB IL1RAPL2",-0.104981230173062,0.0290289440822196,0.644682957802345,0.423173083964599,0.729967818656197,0.729967818656197,"social_isolation_avg"
"9575","ECPAS","Exc L4-5 RORB IL1RAPL2",0.0162219938346671,6.93090467237278,1.67072727198405,0.197965038400682,0.512039888881814,0.512039888881814,"social_isolation_avg"
"9576","ZNF483","Exc L4-5 RORB IL1RAPL2",-0.012456336788172,7.84996619289573,0.426350943056661,0.514692066511533,0.797526216385096,0.797526216385096,"social_isolation_avg"
"9577","PTGR1","Exc L4-5 RORB IL1RAPL2",0.00653397544843966,5.68736703797409,0.0383866461413562,0.844909439854538,0.961277411167361,0.961277411167361,"social_isolation_avg"
"9578","C9orf84","Exc L4-5 RORB IL1RAPL2",-0.207335252207317,2.61519280066239,8.14514347734237,0.00487050369165701,0.0645646037609663,0.0645646037609663,"social_isolation_avg"
"9579","UGCG","Exc L4-5 RORB IL1RAPL2",-0.0598854162932585,5.46970813491941,8.41867566198455,0.00422008015756049,0.0590248433348589,0.0590248433348589,"social_isolation_avg"
"9580","SUSD1","Exc L4-5 RORB IL1RAPL2",0.036737216722075,5.99452126296865,1.67357217113724,0.197585532439892,0.51145163334032,0.51145163334032,"social_isolation_avg"
"9581","PTBP3","Exc L4-5 RORB IL1RAPL2",0.000621684135544603,5.97191770527219,0.000601980507332131,0.980455228127356,0.997015885480877,0.997015885480877,"social_isolation_avg"
"9582","HSDL2","Exc L4-5 RORB IL1RAPL2",0.0583306869460442,4.29671178864917,2.99776847989909,0.0852450772001405,0.335955447969977,0.335955447969977,"social_isolation_avg"
"9583","C9orf147","Exc L4-5 RORB IL1RAPL2",0.0322935307137546,2.95769035217858,0.375298559125889,0.540972049070246,0.812439551482597,0.812439551482597,"social_isolation_avg"
"9584","KIAA1958","Exc L4-5 RORB IL1RAPL2",0.049839334559347,6.55331401990651,3.75531756191432,0.0543440003990386,0.264469768695787,0.264469768695787,"social_isolation_avg"
"9585","INIP","Exc L4-5 RORB IL1RAPL2",0.0317769356510095,4.84704597529411,1.50562845513097,0.221552138721712,0.542930620928419,0.542930620928419,"social_isolation_avg"
"9586","SNX30","Exc L4-5 RORB IL1RAPL2",0.0484972248775065,5.87117884025236,4.94148503682338,0.0275758101581118,0.178561763787118,0.178561763787118,"social_isolation_avg"
"9587","SLC46A2","Exc L4-5 RORB IL1RAPL2",-0.0884773347488634,-0.247395015529144,0.266772421177793,0.606195427198415,0.849259645040976,0.849259645040976,"social_isolation_avg"
"9588","ZNF883","Exc L4-5 RORB IL1RAPL2",-0.137865648379993,3.00428852843554,2.93513483053546,0.0885462660516232,0.343175727153372,0.343175727153372,"social_isolation_avg"
"9589","ZFP37","Exc L4-5 RORB IL1RAPL2",-0.265303396303245,1.48899005963688,6.15167890787328,0.0141303469413296,0.120161930101976,0.120161930101976,"social_isolation_avg"
"9590","SLC31A2","Exc L4-5 RORB IL1RAPL2",-0.208166983269286,0.1099980878067,0.641456671865613,0.424333502082957,0.730630567792703,0.730630567792703,"social_isolation_avg"
"9591","FKBP15","Exc L4-5 RORB IL1RAPL2",0.0521808652811476,5.13337925796475,6.27342702477547,0.0132249200242139,0.11579301794454,0.11579301794454,"social_isolation_avg"
"9592","SLC31A1","Exc L4-5 RORB IL1RAPL2",0.00813550821798632,4.04106803180168,0.0674278836671246,0.795442399006055,0.943004057991522,0.943004057991522,"social_isolation_avg"
"9593","CDC26","Exc L4-5 RORB IL1RAPL2",-0.0700982011996594,3.28240846815279,3.31758284127637,0.0703504405963398,0.303744983405444,0.303744983405444,"social_isolation_avg"
"9594","PRPF4","Exc L4-5 RORB IL1RAPL2",-0.027998931174019,3.72540325296397,0.800564550253664,0.372225625535147,0.690275513157945,0.690275513157945,"social_isolation_avg"
"9595","WDR31","Exc L4-5 RORB IL1RAPL2",0.0380017930688784,3.83930360356338,0.93048810017261,0.336145227976089,0.660427312956927,0.660427312956927,"social_isolation_avg"
"9596","BSPRY","Exc L4-5 RORB IL1RAPL2",-0.155545051956908,1.24508361230524,1.05581207940311,0.305673558653683,0.63618255154168,0.63618255154168,"social_isolation_avg"
"9597","HDHD3","Exc L4-5 RORB IL1RAPL2",-0.103866502959799,3.53064679862834,3.22488530485507,0.0743533969244599,0.312426820525671,0.312426820525671,"social_isolation_avg"
"9598","ALAD","Exc L4-5 RORB IL1RAPL2",-0.0646574091241125,4.15875291364027,4.66141018112778,0.0322898373995004,0.196765221718501,0.196765221718501,"social_isolation_avg"
"9599","POLE3","Exc L4-5 RORB IL1RAPL2",-0.138212959748226,3.25156924520011,13.6508168599487,0.000298939477921528,0.011041985685432,0.011041985685432,"social_isolation_avg"
"9600","C9orf43","Exc L4-5 RORB IL1RAPL2",-0.153976215199401,0.266848126789179,2.06333911304313,0.16852608225768,0.472327359264933,0.472327359264933,"social_isolation_avg"
"9601","RGS3","Exc L4-5 RORB IL1RAPL2",-0.0770164955993824,1.9252712470397,1.41718645515532,0.235573894259754,0.558941817336979,0.558941817336979,"social_isolation_avg"
"9602","ZNF618","Exc L4-5 RORB IL1RAPL2",-0.102257247350949,4.77860886322764,9.34533958378803,0.00260778722706504,0.0437041117123983,0.0437041117123983,"social_isolation_avg"
"9603","KIF12","Exc L4-5 RORB IL1RAPL2",-0.069099132603427,0.525210923803948,0.405984136787428,0.524896371987435,0.804564922499024,0.804564922499024,"social_isolation_avg"
"9604","COL27A1","Exc L4-5 RORB IL1RAPL2",-1.45296466969695,-0.130686336287653,19.5008826081696,1.81082805519275e-05,0.00202737737469243,0.00202737737469243,"social_isolation_avg"
"9605","AKNA","Exc L4-5 RORB IL1RAPL2",0.0190397376242734,1.94490913536387,0.0720109761806673,0.788765594035896,0.940050000299395,0.940050000299395,"social_isolation_avg"
"9606","WHRN","Exc L4-5 RORB IL1RAPL2",0.0979875303746629,4.96724146337479,4.34267724242535,0.0387067194147,0.218559073654607,0.218559073654607,"social_isolation_avg"
"9607","ATP6V1G1","Exc L4-5 RORB IL1RAPL2",-0.0687702349644558,5.79088092069915,7.63776337450415,0.00636449166496158,0.0760723605765876,0.0760723605765876,"social_isolation_avg"
"9608","TMEM268","Exc L4-5 RORB IL1RAPL2",0.0128050791633762,5.80167502986784,0.369698254372095,0.544003299848725,0.814068841856827,0.814068841856827,"social_isolation_avg"
"9609","TEX53","Exc L4-5 RORB IL1RAPL2",-0.0531814422187178,0.675473280416447,0.32131122490537,0.571589621008433,0.83039367468524,0.83039367468524,"social_isolation_avg"
"9610","TEX48","Exc L4-5 RORB IL1RAPL2",0.0280183139620662,1.4731233762958,0.0827211622848184,0.774003360525312,0.934046660150484,0.934046660150484,"social_isolation_avg"
"9611","TNC","Exc L4-5 RORB IL1RAPL2",0.180050838743351,0.880376692556514,1.13938758685731,0.287338242869294,0.618372030633521,0.618372030633521,"social_isolation_avg"
"9612","DEC1","Exc L4-5 RORB IL1RAPL2",0.141157951861213,1.16614672593519,2.01327916468935,0.157810797551531,0.457685177877455,0.457685177877455,"social_isolation_avg"
"9613","AL691420.1","Exc L4-5 RORB IL1RAPL2",0.0710872090916866,0.755741454022795,0.634993661144067,0.426672579216389,0.732916193495534,0.732916193495534,"social_isolation_avg"
"9614","PAPPA","Exc L4-5 RORB IL1RAPL2",0.0912012572006654,1.93048258495459,1.53325093079749,0.284029122268898,0.615194327742007,0.615194327742007,"social_isolation_avg"
"9615","AL137024.1","Exc L4-5 RORB IL1RAPL2",0.167104730655447,1.93600837071865,2.44505247432632,0.11980841004654,0.398570806785201,0.398570806785201,"social_isolation_avg"
"9616","PAPPA-AS1","Exc L4-5 RORB IL1RAPL2",-0.0494268367844768,0.387935033851314,0.1854750448385,0.667270723711466,0.882873778277097,0.882873778277097,"social_isolation_avg"
"9617","ASTN2","Exc L4-5 RORB IL1RAPL2",0.0362256579591782,8.84228759673353,2.54409567737432,0.11261748441152,0.387565555211052,0.387565555211052,"social_isolation_avg"
"9618","ASTN2-AS1","Exc L4-5 RORB IL1RAPL2",0.0476829232176212,1.30537354094633,0.272326378334185,0.602474034799652,0.847630498803236,0.847630498803236,"social_isolation_avg"
"9619","TRIM32","Exc L4-5 RORB IL1RAPL2",-0.0397021465031484,3.30816190530696,1.55007099550178,0.214887116956592,0.534060698899158,0.534060698899158,"social_isolation_avg"
"9620","AL161630.1","Exc L4-5 RORB IL1RAPL2",0.175132168784648,-0.607547721339595,0.622184266766724,0.431366605627325,0.736535231877609,0.736535231877609,"social_isolation_avg"
"9621","BRINP1","Exc L4-5 RORB IL1RAPL2",0.00297564268297079,8.04200847289897,0.0206285260918669,0.885970483536291,0.973780660163158,0.973780660163158,"social_isolation_avg"
"9622","AC006288.1","Exc L4-5 RORB IL1RAPL2",0.174774055207304,0.214561050531961,2.19961912029939,0.139948977356797,0.432604901252729,0.432604901252729,"social_isolation_avg"
"9623","CDK5RAP2","Exc L4-5 RORB IL1RAPL2",-0.013069514467573,5.9332587196501,0.320814302440348,0.571886907581427,0.830698002329815,0.830698002329815,"social_isolation_avg"
"9624","MEGF9","Exc L4-5 RORB IL1RAPL2",0.0445995779392006,6.88236991884024,7.70521038983278,0.00614133560776758,0.0745533012519673,0.0745533012519673,"social_isolation_avg"
"9625","FBXW2","Exc L4-5 RORB IL1RAPL2",0.0646776748165832,5.0275701454158,7.15082695451068,0.0082453005721618,0.088041383818213,0.088041383818213,"social_isolation_avg"
"9626","PSMD5","Exc L4-5 RORB IL1RAPL2",0.0883555008715764,5.24096779821161,14.2210412814168,0.000226023087464518,0.00933751711335403,0.00933751711335403,"social_isolation_avg"
"9627","PHF19","Exc L4-5 RORB IL1RAPL2",-0.0114510950485665,2.29522293447651,0.043062705924801,0.844579093117064,0.961162096768193,0.961162096768193,"social_isolation_avg"
"9628","TRAF1","Exc L4-5 RORB IL1RAPL2",0.0342776653550611,1.91162112746268,0.405363545970699,0.582214614005233,0.837597529774409,0.837597529774409,"social_isolation_avg"
"9629","C5","Exc L4-5 RORB IL1RAPL2",0.0299662107116864,2.37925852834691,0.290158353547004,0.590843749206697,0.841692108021376,0.841692108021376,"social_isolation_avg"
"9630","CNTRL","Exc L4-5 RORB IL1RAPL2",0.039847288276647,5.87944378909869,2.25749786760418,0.134876759805956,0.42314759945092,0.42314759945092,"social_isolation_avg"
"9631","RAB14","Exc L4-5 RORB IL1RAPL2",-0.100659463117534,6.05006290329671,30.3751593791917,1.34384929856004e-07,0.000121080821800259,0.000121080821800259,"social_isolation_avg"
"9632","GSN","Exc L4-5 RORB IL1RAPL2",-0.00239961812991278,3.93756149355738,0.00126446814470376,0.971676618543966,0.995295219763446,0.995295219763446,"social_isolation_avg"
"9633","STOM","Exc L4-5 RORB IL1RAPL2",-0.0628719323362829,2.26478461258101,1.07429892634108,0.301490327242337,0.632401867318513,0.632401867318513,"social_isolation_avg"
"9634","AL359644.1","Exc L4-5 RORB IL1RAPL2",0.0569283977105477,1.12964869656954,0.590118690133565,0.443469287015321,0.745245107620929,0.745245107620929,"social_isolation_avg"
"9635","DAB2IP","Exc L4-5 RORB IL1RAPL2",0.045628064128156,5.91826137394206,3.03411458075686,0.0833911844967117,0.332038005442399,0.332038005442399,"social_isolation_avg"
"9636","TTLL11","Exc L4-5 RORB IL1RAPL2",0.00458548303855743,6.92439967381459,0.0610949688741148,0.805080325473285,0.946074899395844,0.946074899395844,"social_isolation_avg"
"9637","NDUFA8","Exc L4-5 RORB IL1RAPL2",-0.131877065238968,4.7269595443333,24.2922304723996,1.99777467651283e-06,0.000461753823029413,0.000461753823029413,"social_isolation_avg"
"9638","MORN5","Exc L4-5 RORB IL1RAPL2",-0.0669807434585101,1.79496751817345,0.919927680372584,0.338894767158783,0.662519713633708,0.662519713633708,"social_isolation_avg"
"9639","RBM18","Exc L4-5 RORB IL1RAPL2",0.00143116002733326,4.28121865263414,0.00310773165635638,0.989703061987606,0.998822911403646,0.998822911403646,"social_isolation_avg"
"9640","MRRF","Exc L4-5 RORB IL1RAPL2",0.0260772461658099,4.76250706987505,1.25149416084617,0.264890385779439,0.595177649843577,0.595177649843577,"social_isolation_avg"
"9641","PTGS1","Exc L4-5 RORB IL1RAPL2",0.142408397761573,-0.138720191107398,0.889588775441655,0.346965262759946,0.669754104946025,0.669754104946025,"social_isolation_avg"
"9642","AL359636.1","Exc L4-5 RORB IL1RAPL2",-0.104253573211974,0.0387411146074591,0.411052679457497,0.522323618987875,0.80231248537665,0.80231248537665,"social_isolation_avg"
"9643","OR1L8","Exc L4-5 RORB IL1RAPL2",0.154229463407205,0.186896374177918,1.51592987358763,0.219985371578849,0.540586837940045,0.540586837940045,"social_isolation_avg"
"9644","AL162254.1","Exc L4-5 RORB IL1RAPL2",-0.089545896392995,1.73078532474306,0.349562940871704,0.555168283412056,0.8200476590623,0.8200476590623,"social_isolation_avg"
"9645","PDCL","Exc L4-5 RORB IL1RAPL2",-0.0197182059929078,3.89200584745548,0.373383671950438,0.542004992822798,0.813136415255325,0.813136415255325,"social_isolation_avg"
"9646","RC3H2","Exc L4-5 RORB IL1RAPL2",0.0327747438702027,6.0513537190333,4.3460027640673,0.0386332104870307,0.218267833868351,0.218267833868351,"social_isolation_avg"
"9647","ZBTB6","Exc L4-5 RORB IL1RAPL2",-0.0301904110313654,3.07437355955851,0.614500732733125,0.434220062377946,0.739108613234777,0.739108613234777,"social_isolation_avg"
"9648","ZBTB26","Exc L4-5 RORB IL1RAPL2",0.0241841244228579,3.7534759643894,0.589931838050705,0.443541339325924,0.745248706277045,0.745248706277045,"social_isolation_avg"
"9649","RABGAP1","Exc L4-5 RORB IL1RAPL2",0.013208378062632,7.80934808657182,0.875108978151184,0.350909438067043,0.671815994907065,0.671815994907065,"social_isolation_avg"
"9650","STRBP","Exc L4-5 RORB IL1RAPL2",0.0157130518148858,8.44562456196079,0.656963281083436,0.418799485366248,0.726315771092098,0.726315771092098,"social_isolation_avg"
"9651","CRB2","Exc L4-5 RORB IL1RAPL2",0.0395372800224005,1.42722154017197,0.214063107709768,0.644209734350469,0.869655563901629,0.869655563901629,"social_isolation_avg"
"9652","DENND1A","Exc L4-5 RORB IL1RAPL2",0.00175286135810192,8.01772822182542,0.0157145535151246,0.900392704483905,0.97797533648335,0.97797533648335,"social_isolation_avg"
"9653","AL390774.2","Exc L4-5 RORB IL1RAPL2",-0.067115892254335,0.598020837775679,0.387402167767533,0.534525761728112,0.809700884133067,0.809700884133067,"social_isolation_avg"
"9654","LHX2","Exc L4-5 RORB IL1RAPL2",0.00255167352152323,5.88182350546715,0.00582316981691584,0.939264994008645,0.987766326490576,0.987766326490576,"social_isolation_avg"
"9655","AC006450.3","Exc L4-5 RORB IL1RAPL2",-0.122183906994209,1.18765664342816,2.19784731017582,0.140107617648258,0.432927924991907,0.432927924991907,"social_isolation_avg"
"9656","NEK6","Exc L4-5 RORB IL1RAPL2",-0.0185798767797287,4.83457346376599,0.389525178453937,0.533409499658116,0.809278084207705,0.809278084207705,"social_isolation_avg"
"9657","PSMB7","Exc L4-5 RORB IL1RAPL2",-0.0218796528706274,5.64760696572359,1.189652751664,0.276986986117681,0.607514495134482,0.607514495134482,"social_isolation_avg"
"9658","NR6A1","Exc L4-5 RORB IL1RAPL2",0.0863261731065612,7.00414098984371,9.63839198543163,0.00224242921434465,0.040018765822019,0.040018765822019,"social_isolation_avg"
"9659","MIR181A2HG","Exc L4-5 RORB IL1RAPL2",-4.14711746869521e-05,2.53525430963681,2.68768155409097e-06,0.998693913514793,0.999750676557505,0.999750676557505,"social_isolation_avg"
"9660","OLFML2A","Exc L4-5 RORB IL1RAPL2",0.18082921074111,-0.180851106593491,1.52578355855695,0.21849915967016,0.538734645582882,0.538734645582882,"social_isolation_avg"
"9661","RPL35","Exc L4-5 RORB IL1RAPL2",-0.046285966158331,4.27823795537908,1.45104728099644,0.230081884558273,0.552459306818158,0.552459306818158,"social_isolation_avg"
"9662","ARPC5L","Exc L4-5 RORB IL1RAPL2",-0.126847397308576,4.66237107627673,17.7988824043143,4.03753700063193e-05,0.00330710985233579,0.00330710985233579,"social_isolation_avg"
"9663","GOLGA1","Exc L4-5 RORB IL1RAPL2",0.00659275938901086,5.11320297054569,0.0549414377507844,0.814967722138271,0.951444738037576,0.951444738037576,"social_isolation_avg"
"9664","SCAI","Exc L4-5 RORB IL1RAPL2",0.0275579022779124,7.8844720512983,1.40084219540185,0.238281936841182,0.562257558032732,0.562257558032732,"social_isolation_avg"
"9665","PPP6C","Exc L4-5 RORB IL1RAPL2",0.0235113083129666,5.53719750790864,1.48078760852502,0.268971440749113,0.598943150964727,0.598943150964727,"social_isolation_avg"
"9666","RABEPK","Exc L4-5 RORB IL1RAPL2",0.0547848668309833,5.0045677146652,4.77696697308617,0.0302495516909544,0.188931604657839,0.188931604657839,"social_isolation_avg"
"9667","HSPA5","Exc L4-5 RORB IL1RAPL2",-0.0853072366811277,4.42759256658646,5.10663447900092,0.0251403942935695,0.16898095929969,0.16898095929969,"social_isolation_avg"
"9668","AL354710.2","Exc L4-5 RORB IL1RAPL2",-0.0121175108411471,0.699450971077749,0.0175625509345816,0.894731202915634,0.975811570180107,0.975811570180107,"social_isolation_avg"
"9669","GAPVD1","Exc L4-5 RORB IL1RAPL2",0.0596358188329444,6.46062100037509,15.2736967883082,0.000135413056366043,0.0068875011814567,0.0068875011814567,"social_isolation_avg"
"9670","MAPKAP1","Exc L4-5 RORB IL1RAPL2",0.00311554565817616,6.6128549868981,0.0421278915893755,0.837628721223994,0.957570761927458,0.957570761927458,"social_isolation_avg"
"9671","PBX3","Exc L4-5 RORB IL1RAPL2",-0.0219707574975261,2.82559661794522,0.0809141105130391,0.776418475583917,0.93528388980485,0.93528388980485,"social_isolation_avg"
"9672","MVB12B","Exc L4-5 RORB IL1RAPL2",0.0300233615935697,6.49342141429235,1.7350239790166,0.189593565584191,0.499972105145431,0.499972105145431,"social_isolation_avg"
"9673","LMX1B","Exc L4-5 RORB IL1RAPL2",0.179309992168019,0.416292642429676,2.31595153354746,0.129963613783209,0.414996157704128,0.414996157704128,"social_isolation_avg"
"9674","ZBTB43","Exc L4-5 RORB IL1RAPL2",0.00458018248196687,5.73299673007819,0.044002360446515,0.834107541013955,0.956725799195262,0.956725799195262,"social_isolation_avg"
"9675","ZBTB34","Exc L4-5 RORB IL1RAPL2",0.0310858846796063,3.47798066194977,0.734145407911218,0.392783266941712,0.707795447028966,0.707795447028966,"social_isolation_avg"
"9676","RALGPS1","Exc L4-5 RORB IL1RAPL2",0.0174903782691548,7.47150280382006,1.00688436145149,0.3171170550703,0.645110396622422,0.645110396622422,"social_isolation_avg"
"9677","ANGPTL2","Exc L4-5 RORB IL1RAPL2",0.0217706158725924,0.263691038448562,0.0253083453937247,0.873795351697511,0.969934029327366,0.969934029327366,"social_isolation_avg"
"9678","GARNL3","Exc L4-5 RORB IL1RAPL2",0.038756574288076,7.26586368974482,2.69450644751634,0.102595940674605,0.37109879439958,0.37109879439958,"social_isolation_avg"
"9679","SLC2A8","Exc L4-5 RORB IL1RAPL2",0.0241406212890535,3.03937776062644,0.367524242052966,0.545188506421749,0.814592347152008,0.814592347152008,"social_isolation_avg"
"9680","ZNF79","Exc L4-5 RORB IL1RAPL2",0.0913930445294907,2.45975627366482,3.2618114336707,0.0727300228008839,0.30896379915032,0.30896379915032,"social_isolation_avg"
"9681","RPL12","Exc L4-5 RORB IL1RAPL2",-0.0319731737515028,2.92181516065299,0.347527496153047,0.556320993844297,0.820816400852148,0.820816400852148,"social_isolation_avg"
"9682","LRSAM1","Exc L4-5 RORB IL1RAPL2",0.0688866222412253,5.93212511071493,11.1244658577107,0.00105197376159742,0.0245128023930847,0.0245128023930847,"social_isolation_avg"
"9683","FAM129B","Exc L4-5 RORB IL1RAPL2",-0.119815421659889,0.702086465694863,1.16257488003485,0.282503111192041,0.61379183088738,0.61379183088738,"social_isolation_avg"
"9684","STXBP1","Exc L4-5 RORB IL1RAPL2",-0.0445780112094247,8.88940660800071,6.56824985117504,0.011273303627744,0.105606115967692,0.105606115967692,"social_isolation_avg"
"9685","AL162426.1","Exc L4-5 RORB IL1RAPL2",0.0128979522677651,0.311019258334517,0.0070028138800426,0.93340987704796,0.986583286147705,0.986583286147705,"social_isolation_avg"
"9686","PTRH1","Exc L4-5 RORB IL1RAPL2",-0.0384341445621521,3.53608201439413,1.05818882555341,0.305131532234124,0.635939119731827,0.635939119731827,"social_isolation_avg"
"9687","CFAP157","Exc L4-5 RORB IL1RAPL2",0.227677461868194,0.217536498917412,4.09896042466811,0.0445192359830509,0.23595195071017,0.23595195071017,"social_isolation_avg"
"9688","TOR2A","Exc L4-5 RORB IL1RAPL2",-0.0433175697921819,2.72266196986431,0.879204342268616,0.349787704014475,0.671207179528378,0.671207179528378,"social_isolation_avg"
"9689","SH2D3C","Exc L4-5 RORB IL1RAPL2",-0.0190861030020409,4.27953668538508,0.177770067747761,0.673844451518546,0.88537888682566,0.88537888682566,"social_isolation_avg"
"9690","CDK9","Exc L4-5 RORB IL1RAPL2",-0.0482131969700606,4.44989135953194,1.53494876855457,0.217127607635734,0.536919280955755,0.536919280955755,"social_isolation_avg"
"9691","FPGS","Exc L4-5 RORB IL1RAPL2",0.0819129458994614,4.271981994849,6.8926603655745,0.00946717515610132,0.0957691803390404,0.0957691803390404,"social_isolation_avg"
"9692","ENG","Exc L4-5 RORB IL1RAPL2",0.0115981204362898,0.544797519044814,0.0138508516318901,0.906456459543,0.979233949236231,0.979233949236231,"social_isolation_avg"
"9693","AL162586.1","Exc L4-5 RORB IL1RAPL2",0.0166225960440233,1.22445711021633,0.0461999380677448,0.830077723491419,0.955184094369796,0.955184094369796,"social_isolation_avg"
"9694","AK1","Exc L4-5 RORB IL1RAPL2",-0.0321829629366933,3.3170686349521,0.655634449818268,0.419269466641409,0.726486796844882,0.726486796844882,"social_isolation_avg"
"9695","AL157935.2","Exc L4-5 RORB IL1RAPL2",0.0657740310935791,1.01150201965064,0.655862442214473,0.419188774181249,0.726486796844882,0.726486796844882,"social_isolation_avg"
"9696","ST6GALNAC4","Exc L4-5 RORB IL1RAPL2",-0.1345242012707,2.02942179478832,5.4111673324615,0.0212222800251963,0.153488272180997,0.153488272180997,"social_isolation_avg"
"9697","PIP5KL1","Exc L4-5 RORB IL1RAPL2",-0.00787953157197542,1.87300773688136,0.0198181214502402,0.914039560533719,0.981668613012071,0.981668613012071,"social_isolation_avg"
"9698","DPM2","Exc L4-5 RORB IL1RAPL2",-0.0680879793683369,3.75772172808391,3.57578912400719,0.0603770946357946,0.280086566934701,0.280086566934701,"social_isolation_avg"
"9699","FAM102A","Exc L4-5 RORB IL1RAPL2",-0.0125985421830614,4.52922280532501,0.243981123813597,0.622001131771209,0.858250413457774,0.858250413457774,"social_isolation_avg"
"9700","NAIF1","Exc L4-5 RORB IL1RAPL2",0.0174410656776023,0.896381009240699,0.0474689416600811,0.989177833660447,0.998787747693845,0.998787747693845,"social_isolation_avg"
"9701","SLC25A25","Exc L4-5 RORB IL1RAPL2",-0.0103637926394568,4.46613795938587,0.0815226746132977,0.775601903586385,0.934884263251599,0.934884263251599,"social_isolation_avg"
"9702","SLC25A25-AS1","Exc L4-5 RORB IL1RAPL2",0.0696140025585008,2.86584811209303,1.75431662507901,0.187163328050957,0.49639996216038,0.49639996216038,"social_isolation_avg"
"9703","PTGES2","Exc L4-5 RORB IL1RAPL2",-0.0779387131895757,4.37218990282801,7.3605648281487,0.00737321570796386,0.0831694019359063,0.0831694019359063,"social_isolation_avg"
"9704","AL590708.1","Exc L4-5 RORB IL1RAPL2",0.125802056935325,-0.406737356846691,0.683177147098772,0.40968632262471,0.720282002451417,0.720282002451417,"social_isolation_avg"
"9705","C9orf16","Exc L4-5 RORB IL1RAPL2",-0.120835813291715,5.49934783079294,10.6454409967556,0.00134065700615161,0.028533825886833,0.028533825886833,"social_isolation_avg"
"9706","CIZ1","Exc L4-5 RORB IL1RAPL2",-0.00834527773169119,5.48175010291934,0.174227865706942,0.676923023145731,0.886507350259563,0.886507350259563,"social_isolation_avg"
"9707","DNM1","Exc L4-5 RORB IL1RAPL2",-0.0590318086302856,8.802408513323,15.1960425221106,0.000140605370319833,0.00709929725754746,0.00709929725754746,"social_isolation_avg"
"9708","GOLGA2","Exc L4-5 RORB IL1RAPL2",-0.0312765426810343,4.96744447458348,2.05350961573667,0.15374439884898,0.452973804207653,0.452973804207653,"social_isolation_avg"
"9709","SWI5","Exc L4-5 RORB IL1RAPL2",0.00496488221138048,2.44983866373766,0.0106316015697706,0.918000927030527,0.9830198062462,0.9830198062462,"social_isolation_avg"
"9710","TRUB2","Exc L4-5 RORB IL1RAPL2",-0.0498275539462854,3.84346576135476,2.17271850341905,0.142379614561791,0.436128328820405,0.436128328820405,"social_isolation_avg"
"9711","COQ4","Exc L4-5 RORB IL1RAPL2",0.0394002404002109,5.22129965775437,1.98394630436326,0.16085345970079,0.462890997870517,0.462890997870517,"social_isolation_avg"
"9712","SLC27A4","Exc L4-5 RORB IL1RAPL2",0.00858605710348972,5.43090651061841,0.165054446330224,0.685070488180084,0.891057861198555,0.891057861198555,"social_isolation_avg"
"9713","URM1","Exc L4-5 RORB IL1RAPL2",-0.00291705025978492,4.24421716463082,0.00675900673317821,0.934576661558182,0.986842461541563,0.986842461541563,"social_isolation_avg"
"9714","CERCAM","Exc L4-5 RORB IL1RAPL2",-0.405824979547439,0.941485591503913,1.49838776106572,0.222661441061054,0.544051041466452,0.544051041466452,"social_isolation_avg"
"9715","ODF2","Exc L4-5 RORB IL1RAPL2",0.0554994395721938,4.75059712376546,3.73229956469008,0.0550800663239656,0.265940481956216,0.265940481956216,"social_isolation_avg"
"9716","GLE1","Exc L4-5 RORB IL1RAPL2",0.0462588772876791,4.67045106230247,3.99245117798174,0.0473443884978083,0.244414693725501,0.244414693725501,"social_isolation_avg"
"9717","AL356481.1","Exc L4-5 RORB IL1RAPL2",0.0753731277084691,2.51038572737893,2.50267164255932,0.11556486422533,0.392497360618825,0.392497360618825,"social_isolation_avg"
"9718","SPTAN1","Exc L4-5 RORB IL1RAPL2",-0.0208439396509048,8.31706637939951,1.38206508049375,0.241440198743455,0.565872662012251,0.565872662012251,"social_isolation_avg"
"9719","WDR34","Exc L4-5 RORB IL1RAPL2",-0.027667913784964,2.44294471810912,0.315970288872802,0.574800923062349,0.832487765102804,0.832487765102804,"social_isolation_avg"
"9720","SET","Exc L4-5 RORB IL1RAPL2",-0.080310110754082,5.58617467806098,5.43898003232998,0.0208978169445205,0.152431609254924,0.152431609254924,"social_isolation_avg"
"9721","PKN3","Exc L4-5 RORB IL1RAPL2",0.0712673188954706,0.314126651161419,0.394134394606938,0.531000504930877,0.807944845656799,0.807944845656799,"social_isolation_avg"
"9722","ZDHHC12","Exc L4-5 RORB IL1RAPL2",-0.0253771972464353,0.40786745203568,0.0513549680367406,0.821002082697541,0.952379154185799,0.952379154185799,"social_isolation_avg"
"9723","AL441992.1","Exc L4-5 RORB IL1RAPL2",0.030459718498634,0.0075604420696717,0.062827208930482,0.93788849679471,0.987687886005049,0.987687886005049,"social_isolation_avg"
"9724","ZER1","Exc L4-5 RORB IL1RAPL2",0.04096971214773,7.26013855274062,5.65135450253484,0.0185849054214994,0.142539519854151,0.142539519854151,"social_isolation_avg"
"9725","TBC1D13","Exc L4-5 RORB IL1RAPL2",0.00532252832385763,4.4030803665498,0.0342546296887969,0.853393133856916,0.962543291381206,0.962543291381206,"social_isolation_avg"
"9726","ENDOG","Exc L4-5 RORB IL1RAPL2",-0.195775893243952,2.81120910628784,9.08472717536025,0.00298392249394573,0.0476900448735143,0.0476900448735143,"social_isolation_avg"
"9727","SPOUT1","Exc L4-5 RORB IL1RAPL2",-0.0648588866224951,3.27386989388793,2.71731034817316,0.101164537827945,0.368386108591716,0.368386108591716,"social_isolation_avg"
"9728","KYAT1","Exc L4-5 RORB IL1RAPL2",0.0741225813005267,5.93339469856017,10.2081659483924,0.00167485601303078,0.03344238052165,0.03344238052165,"social_isolation_avg"
"9729","LRRC8A","Exc L4-5 RORB IL1RAPL2",-0.0319510731952948,4.76880053786523,1.57394042493078,0.211406726158771,0.529912589778106,0.529912589778106,"social_isolation_avg"
"9730","PHYHD1","Exc L4-5 RORB IL1RAPL2",0.0125324761563091,0.617892195222975,0.0155037265413696,0.901059638076432,0.978205337360331,0.978205337360331,"social_isolation_avg"
"9731","DOLK","Exc L4-5 RORB IL1RAPL2",-0.122386777418877,1.09435006466298,2.38414708117761,0.124484097263308,0.406237254970517,0.406237254970517,"social_isolation_avg"
"9732","NUP188","Exc L4-5 RORB IL1RAPL2",0.0345430713576218,3.95179089650588,1.16390704810686,0.282228483233474,0.613586709325585,0.613586709325585,"social_isolation_avg"
"9733","AL592211.1","Exc L4-5 RORB IL1RAPL2",0.0541706048731703,0.332010039178879,0.292166909724707,0.589562839594849,0.840910319774023,0.840910319774023,"social_isolation_avg"
"9734","SH3GLB2","Exc L4-5 RORB IL1RAPL2",-0.044672636495781,5.36818802899349,2.78328993218162,0.0971454741348778,0.360531772456986,0.360531772456986,"social_isolation_avg"
"9735","MIGA2","Exc L4-5 RORB IL1RAPL2",0.0639790152286973,4.75897609283822,8.18501416995629,0.004769615289334,0.0637329737920117,0.0637329737920117,"social_isolation_avg"
"9736","DOLPP1","Exc L4-5 RORB IL1RAPL2",-0.0597019269130086,2.23342116113157,1.31364733314057,0.253391852884291,0.581177110095225,0.581177110095225,"social_isolation_avg"
"9737","CRAT","Exc L4-5 RORB IL1RAPL2",0.0461269131592211,3.38507571291614,1.60435977835482,0.207068360213854,0.524400050613182,0.524400050613182,"social_isolation_avg"
"9738","PTPA","Exc L4-5 RORB IL1RAPL2",-0.0374878137848749,6.03389350651664,2.78976493631581,0.0967606265533491,0.360111686667175,0.360111686667175,"social_isolation_avg"
"9739","AL158151.4","Exc L4-5 RORB IL1RAPL2",-0.341847941210279,0.173066590463596,4.39772682734751,0.0375087042397789,0.213572733349641,0.213572733349641,"social_isolation_avg"
"9740","IER5L","Exc L4-5 RORB IL1RAPL2",-0.199345631363264,3.680430222757,15.9990683061818,9.54002948780796e-05,0.00553702140916609,0.00553702140916609,"social_isolation_avg"
"9741","AL158151.3","Exc L4-5 RORB IL1RAPL2",0.327142078658138,-0.242475707601144,4.53030011705188,0.0347816484402193,0.203936650182023,0.203936650182023,"social_isolation_avg"
"9742","AL158151.1","Exc L4-5 RORB IL1RAPL2",0.0481384742599813,2.24363859332315,0.66181783277876,0.417089203637386,0.725471397093244,0.725471397093244,"social_isolation_avg"
"9743","C9orf106","Exc L4-5 RORB IL1RAPL2",0.290195557130663,0.70426988393213,8.527631608914,0.00398653326906609,0.0569034546679048,0.0569034546679048,"social_isolation_avg"
"9744","LINC01503","Exc L4-5 RORB IL1RAPL2",0.100397658741587,4.13213697744227,6.20564108739138,0.0137213377264172,0.117761408536829,0.117761408536829,"social_isolation_avg"
"9745","NTMT1","Exc L4-5 RORB IL1RAPL2",-0.0457260438924001,3.52655053056436,1.65563077995857,0.199993371552479,0.514301335790938,0.514301335790938,"social_isolation_avg"
"9746","C9orf50","Exc L4-5 RORB IL1RAPL2",0.010577727802314,0.444164392337318,0.00853522535833789,0.926503010603066,0.98417618971798,0.98417618971798,"social_isolation_avg"
"9747","ASB6","Exc L4-5 RORB IL1RAPL2",-0.0581545448296789,3.68020014695764,2.85413908806517,0.0930242927678044,0.353276165160728,0.353276165160728,"social_isolation_avg"
"9748","PRRX2","Exc L4-5 RORB IL1RAPL2",0.259478811984093,-0.286685846247048,3.42539604973548,0.0659854551310361,0.292771138854198,0.292771138854198,"social_isolation_avg"
"9749","TOR1B","Exc L4-5 RORB IL1RAPL2",-0.00423089234403737,4.36239849427374,0.0202519101115084,0.887009084616579,0.97404013325348,0.97404013325348,"social_isolation_avg"
"9750","TOR1A","Exc L4-5 RORB IL1RAPL2",-0.0715948565328912,3.24522006408847,2.85856771249155,0.0927731360497039,0.352836282853557,0.352836282853557,"social_isolation_avg"
"9751","C9orf78","Exc L4-5 RORB IL1RAPL2",-0.146900989633788,4.69598231423714,22.5719455448208,4.37084850122435e-06,0.000772904901791271,0.000772904901791271,"social_isolation_avg"
"9752","USP20","Exc L4-5 RORB IL1RAPL2",0.0108628194059033,5.30584260363822,0.235392490039789,0.628196277727322,0.86187381414536,0.86187381414536,"social_isolation_avg"
"9753","FNBP1","Exc L4-5 RORB IL1RAPL2",0.0393180805931168,6.64483587831782,4.43743774774345,0.0366688894823303,0.211077595952288,0.211077595952288,"social_isolation_avg"
"9754","GPR107","Exc L4-5 RORB IL1RAPL2",0.0264385103428597,5.47318733476333,1.83920019629089,0.176894340806198,0.483248147805306,0.483248147805306,"social_isolation_avg"
"9755","NCS1","Exc L4-5 RORB IL1RAPL2",-0.0331374648234075,6.66270839983976,2.55634344312684,0.111762115427356,0.386308181585859,0.386308181585859,"social_isolation_avg"
"9756","HMCN2","Exc L4-5 RORB IL1RAPL2",0.148872827400209,1.4996129324747,3.49403666218881,0.0633591766454319,0.285773297093735,0.285773297093735,"social_isolation_avg"
"9757","ASS1","Exc L4-5 RORB IL1RAPL2",-0.0325851207717861,1.97864596216975,0.170248355318912,0.680425850199998,0.888252898553481,0.888252898553481,"social_isolation_avg"
"9758","FUBP3","Exc L4-5 RORB IL1RAPL2",0.0257669919869882,5.91116969485466,2.71039806507352,0.101596081878825,0.369529780718202,0.369529780718202,"social_isolation_avg"
"9759","PRDM12","Exc L4-5 RORB IL1RAPL2",-0.0442872260054138,0.420261860249336,0.159206118299612,0.690403479185486,0.893676052256912,0.893676052256912,"social_isolation_avg"
"9760","EXOSC2","Exc L4-5 RORB IL1RAPL2",0.0177828710642003,3.30349825741192,0.209888474332274,0.64745653610656,0.871675332266417,0.871675332266417,"social_isolation_avg"
"9761","ABL1","Exc L4-5 RORB IL1RAPL2",-0.0144295197170279,6.3407335869949,0.623196009023333,0.430993003530664,0.736336093962464,0.736336093962464,"social_isolation_avg"
"9762","LAMC3","Exc L4-5 RORB IL1RAPL2",-0.111877251734922,0.716921695206686,1.58119164950169,0.210362801163183,0.528808964069276,0.528808964069276,"social_isolation_avg"
"9763","NUP214","Exc L4-5 RORB IL1RAPL2",0.0300351919789039,5.66087856214858,2.59644389652972,0.109011610207229,0.381907930702506,0.381907930702506,"social_isolation_avg"
"9764","AL157938.2","Exc L4-5 RORB IL1RAPL2",-0.0513049639513631,2.2436739182948,0.561946086349417,0.454542753175755,0.753272785159389,0.753272785159389,"social_isolation_avg"
"9765","AL157938.3","Exc L4-5 RORB IL1RAPL2",-0.0241990585036728,1.77844806523466,0.0931465730073466,0.760598383018138,0.928110538184328,0.928110538184328,"social_isolation_avg"
"9766","FAM78A","Exc L4-5 RORB IL1RAPL2",-0.0411242109273665,2.23731746404792,0.573670916288142,0.511398458778694,0.795083832255684,0.795083832255684,"social_isolation_avg"
"9767","PLPP7","Exc L4-5 RORB IL1RAPL2",0.0600701918617163,4.9093510499112,4.49304267106406,0.035526199629525,0.206573823967499,0.206573823967499,"social_isolation_avg"
"9768","PRRC2B","Exc L4-5 RORB IL1RAPL2",-0.0110474294831897,7.16135946810891,0.546332346920524,0.460868492689812,0.758598760346579,0.758598760346579,"social_isolation_avg"
"9769","POMT1","Exc L4-5 RORB IL1RAPL2",0.135850371744042,4.96243530524886,15.3514447791869,0.000130409932049939,0.00676023650497781,0.00676023650497781,"social_isolation_avg"
"9770","AL358781.2","Exc L4-5 RORB IL1RAPL2",0.218753804389793,-0.645584924667251,1.57877155961756,0.210710524426684,0.528970921145986,0.528970921145986,"social_isolation_avg"
"9771","UCK1","Exc L4-5 RORB IL1RAPL2",-0.00311853855152932,3.65649574741781,0.0080326923381234,0.928693491307378,0.984405429958139,0.984405429958139,"social_isolation_avg"
"9772","RAPGEF1","Exc L4-5 RORB IL1RAPL2",0.0123805837698153,6.40982930725599,0.511350143643827,0.475563745080536,0.769325324014669,0.769325324014669,"social_isolation_avg"
"9773","MED27","Exc L4-5 RORB IL1RAPL2",0.00653023781844254,7.02945663052137,0.205120969450299,0.65121262106854,0.873747979239672,0.873747979239672,"social_isolation_avg"
"9774","NTNG2","Exc L4-5 RORB IL1RAPL2",0.0534796127417301,4.89918676616584,2.92955096918807,0.0888472852596235,0.34384935250508,0.34384935250508,"social_isolation_avg"
"9775","SETX","Exc L4-5 RORB IL1RAPL2",0.0284341012719614,6.53546649962524,3.54354734098112,0.0615347584860172,0.282013458292658,0.282013458292658,"social_isolation_avg"
"9776","TTF1","Exc L4-5 RORB IL1RAPL2",0.00902561474691199,4.77258746312144,0.116336588417313,0.733475384657226,0.914629509322478,0.914629509322478,"social_isolation_avg"
"9777","CFAP77","Exc L4-5 RORB IL1RAPL2",0.000308613048683942,0.559336061536499,1.05564910229843e-07,0.999741153075276,1,1,"social_isolation_avg"
"9778","DDX31","Exc L4-5 RORB IL1RAPL2",0.0142364941887901,3.55913417693849,0.148096434991789,0.700855842096678,0.899494810173801,0.899494810173801,"social_isolation_avg"
"9779","GTF3C4","Exc L4-5 RORB IL1RAPL2",-0.0968014733694932,4.1230544626877,10.4250130070323,0.00149961291534119,0.0308296347371689,0.0308296347371689,"social_isolation_avg"
"9780","AK8","Exc L4-5 RORB IL1RAPL2",0.174206767678822,3.37860966927217,13.473509448664,0.000326194076863702,0.0115795837304655,0.0115795837304655,"social_isolation_avg"
"9781","SPACA9","Exc L4-5 RORB IL1RAPL2",-0.110739459041726,2.60174448493604,5.45045539344074,0.0207654606306267,0.152052353170312,0.152052353170312,"social_isolation_avg"
"9782","TSC1","Exc L4-5 RORB IL1RAPL2",0.00140288780051423,6.35232935770559,0.00808932999819523,0.928443224373958,0.984394153368006,0.984394153368006,"social_isolation_avg"
"9783","GFI1B","Exc L4-5 RORB IL1RAPL2",-0.162697237756879,-0.0191701919847559,1.51652856483926,0.219894725955909,0.540586837940045,0.540586837940045,"social_isolation_avg"
"9784","GTF3C5","Exc L4-5 RORB IL1RAPL2",-0.0162905814683038,4.10801340136267,0.328132690595005,0.567539079030527,0.827884493860533,0.827884493860533,"social_isolation_avg"
"9785","CEL","Exc L4-5 RORB IL1RAPL2",-0.0195188537377658,2.92087181469019,0.197434193062063,0.657381098472335,0.877427146840365,0.877427146840365,"social_isolation_avg"
"9786","RALGDS","Exc L4-5 RORB IL1RAPL2",0.0189724782824607,5.07399704339778,0.485476962926838,0.486930589887115,0.778011627364811,0.778011627364811,"social_isolation_avg"
"9787","AL162417.1","Exc L4-5 RORB IL1RAPL2",0.185924464131007,1.04977065059385,3.6848852686102,0.05663012436047,0.270216183266215,0.270216183266215,"social_isolation_avg"
"9788","ABO","Exc L4-5 RORB IL1RAPL2",0.135801356963322,3.27317636320276,2.00174187950105,0.158999597475957,0.459796130473363,0.459796130473363,"social_isolation_avg"
"9789","SURF6","Exc L4-5 RORB IL1RAPL2",-0.107423534995414,3.68065384426016,8.50541291838523,0.0040330554714126,0.0573755207327803,0.0573755207327803,"social_isolation_avg"
"9790","MED22","Exc L4-5 RORB IL1RAPL2",-0.0344433256990524,2.82356884611613,0.588957553421542,0.443917329094179,0.74561560441997,0.74561560441997,"social_isolation_avg"
"9791","RPL7A","Exc L4-5 RORB IL1RAPL2",-0.114600758547409,5.1327680991473,7.73202261575261,0.0060548807466611,0.0739125152306934,0.0739125152306934,"social_isolation_avg"
"9792","SURF1","Exc L4-5 RORB IL1RAPL2",-0.0516627989117619,2.80287243371226,0.786100589288241,0.376569958474164,0.695027880189739,0.695027880189739,"social_isolation_avg"
"9793","SURF2","Exc L4-5 RORB IL1RAPL2",-0.111348494106927,2.24806249096577,3.80828032270141,0.0526900203444126,0.259960332447622,0.259960332447622,"social_isolation_avg"
"9794","SURF4","Exc L4-5 RORB IL1RAPL2",-0.0107921477181795,5.13169407121144,0.190235448249595,0.6632898397999,0.880718462600746,0.880718462600746,"social_isolation_avg"
"9795","STKLD1","Exc L4-5 RORB IL1RAPL2",-0.0325191276722062,2.80658887015678,0.527845422279479,0.729882472253845,0.913267211869261,0.913267211869261,"social_isolation_avg"
"9796","REXO4","Exc L4-5 RORB IL1RAPL2",-0.076394311202476,3.9367491511062,3.74618741545508,0.0546346955022389,0.265334464475837,0.265334464475837,"social_isolation_avg"
"9797","ADAMTS13","Exc L4-5 RORB IL1RAPL2",0.0560926372257115,4.36189868471997,2.87298408085198,0.0919606891378576,0.350733360043822,0.350733360043822,"social_isolation_avg"
"9798","CACFD1","Exc L4-5 RORB IL1RAPL2",-0.0846319725022746,2.68723718356256,3.04298605645885,0.0829453850990168,0.331448707805385,0.331448707805385,"social_isolation_avg"
"9799","SLC2A6","Exc L4-5 RORB IL1RAPL2",0.0266348436133678,4.97987281971898,0.711231297361937,0.400254087618041,0.713175213468402,0.713175213468402,"social_isolation_avg"
"9800","ADAMTSL2","Exc L4-5 RORB IL1RAPL2",-0.0818354803162504,4.02852670905298,2.87933224600105,0.0916054088440053,0.350296269348712,0.350296269348712,"social_isolation_avg"
"9801","FAM163B","Exc L4-5 RORB IL1RAPL2",0.00691703623056976,3.47155090912405,0.0143416698520894,0.904821303491418,0.978572385445048,0.978572385445048,"social_isolation_avg"
"9802","DBH","Exc L4-5 RORB IL1RAPL2",-0.0106625385925861,0.580280831430856,0.00822489406135801,0.927847766014077,0.98417618971798,0.98417618971798,"social_isolation_avg"
"9803","DBH-AS1","Exc L4-5 RORB IL1RAPL2",0.0942822152158247,1.30347365264494,0.46648056199062,0.495566887514948,0.783997654264057,0.783997654264057,"social_isolation_avg"
"9804","SARDH","Exc L4-5 RORB IL1RAPL2",0.094966081322435,2.08449030738034,1.88996235452346,0.171066885162523,0.476063617320208,0.476063617320208,"social_isolation_avg"
"9805","VAV2","Exc L4-5 RORB IL1RAPL2",0.140287838887399,4.45480613510183,5.19755856422779,0.0238968897616499,0.164658795040123,0.164658795040123,"social_isolation_avg"
"9806","BRD3OS","Exc L4-5 RORB IL1RAPL2",-0.0282287752541967,4.34551133610681,1.11209986839459,0.293164916618797,0.624168653471402,0.624168653471402,"social_isolation_avg"
"9807","BRD3","Exc L4-5 RORB IL1RAPL2",-0.0379853969570525,4.99895511145386,2.16524321180831,0.143063523771702,0.437020492942261,0.437020492942261,"social_isolation_avg"
"9808","BX649632.1","Exc L4-5 RORB IL1RAPL2",-0.164913959060236,-0.155744957143721,1.29311504612312,0.257120419575807,0.585461187576081,0.585461187576081,"social_isolation_avg"
"9809","WDR5","Exc L4-5 RORB IL1RAPL2",0.023540242882602,5.12268805045501,0.965145231103154,0.327329680815318,0.653716011884031,0.653716011884031,"social_isolation_avg"
"9810","RXRA","Exc L4-5 RORB IL1RAPL2",-0.0649127229571621,4.23802461929417,3.82629089487001,0.0521398950593066,0.258121128837556,0.258121128837556,"social_isolation_avg"
"9811","AL669970.1","Exc L4-5 RORB IL1RAPL2",0.09479517770596,0.0216779623502563,0.467926110801578,0.494900676968965,0.783796409887821,0.783796409887821,"social_isolation_avg"
"9812","AL669970.3","Exc L4-5 RORB IL1RAPL2",0.103577950002386,0.229829728386948,0.573645752544316,0.449892137162203,0.750653362191009,0.750653362191009,"social_isolation_avg"
"9813","COL5A1","Exc L4-5 RORB IL1RAPL2",-0.264099410894653,1.779920086279,8.21718629485049,0.00468977718407083,0.0629554491227119,0.0629554491227119,"social_isolation_avg"
"9814","OLFM1","Exc L4-5 RORB IL1RAPL2",-0.0929894264551615,7.88986824095108,23.7071749479711,2.60458592722633e-06,0.000535667068794015,0.000535667068794015,"social_isolation_avg"
"9815","AL390778.1","Exc L4-5 RORB IL1RAPL2",-0.0997047837879407,1.51765590941446,1.10957406774014,0.293711888003165,0.624628822401694,0.624628822401694,"social_isolation_avg"
"9816","PPP1R26-AS1","Exc L4-5 RORB IL1RAPL2",0.0433316023636707,4.46608509993975,0.965368831441671,0.327273814944911,0.653716011884031,0.653716011884031,"social_isolation_avg"
"9817","PPP1R26","Exc L4-5 RORB IL1RAPL2",-0.0715890130797692,3.21405079446554,3.44757033946621,0.06512444174955,0.290718647094424,0.290718647094424,"social_isolation_avg"
"9818","C9orf116","Exc L4-5 RORB IL1RAPL2",-0.164197299009176,1.77580661547851,7.39632451106867,0.00869137739916661,0.0906344626585742,0.0906344626585742,"social_isolation_avg"
"9819","MRPS2","Exc L4-5 RORB IL1RAPL2",-0.102662273771814,3.38726153105638,6.85050586638937,0.00968383119838435,0.0967411668979041,0.0967411668979041,"social_isolation_avg"
"9820","SOHLH1","Exc L4-5 RORB IL1RAPL2",0.0190818797061223,3.86211516505609,0.146161638227438,0.702721853675356,0.900577828309942,0.900577828309942,"social_isolation_avg"
"9821","KCNT1","Exc L4-5 RORB IL1RAPL2",0.0145334661631528,6.60185238879884,0.291837001887468,0.589772839097511,0.840926291527053,0.840926291527053,"social_isolation_avg"
"9822","CAMSAP1","Exc L4-5 RORB IL1RAPL2",0.00143440859154718,5.79109778607364,0.00709983448233014,0.943027024953232,0.987984052456339,0.987984052456339,"social_isolation_avg"
"9823","AL355574.1","Exc L4-5 RORB IL1RAPL2",-0.00939987474440544,2.04994413949317,0.0282369916524753,0.866758286914868,0.966778235497087,0.966778235497087,"social_isolation_avg"
"9824","UBAC1","Exc L4-5 RORB IL1RAPL2",-0.0456355459219638,4.59789089366235,1.8954524633823,0.170450063554947,0.475465966758535,0.475465966758535,"social_isolation_avg"
"9825","NACC2","Exc L4-5 RORB IL1RAPL2",0.158306436231297,2.31958142109005,1.73632718697034,0.189428242943457,0.4998315629615,0.4998315629615,"social_isolation_avg"
"9826","TMEM250","Exc L4-5 RORB IL1RAPL2",-0.0782770097816565,3.39708506923843,4.01434208120627,0.0467485295090596,0.243058812685198,0.243058812685198,"social_isolation_avg"
"9827","QSOX2","Exc L4-5 RORB IL1RAPL2",-0.00795063069438789,3.89952694914728,0.0678658641848266,0.865954746826601,0.96677503774678,0.96677503774678,"social_isolation_avg"
"9828","AC174065.1","Exc L4-5 RORB IL1RAPL2",-0.195724448509661,0.63998430255659,3.13143927613813,0.0786397442089812,0.322065497874055,0.322065497874055,"social_isolation_avg"
"9829","GPSM1","Exc L4-5 RORB IL1RAPL2",-0.0322787368886635,4.68394973928858,1.04374206925061,0.308445639823317,0.63831455815683,0.63831455815683,"social_isolation_avg"
"9830","CARD9","Exc L4-5 RORB IL1RAPL2",0.0900373496973873,0.988675814105639,1.1083716963142,0.293972727454143,0.625113281204747,0.625113281204747,"social_isolation_avg"
"9831","SNAPC4","Exc L4-5 RORB IL1RAPL2",0.00282571096052768,4.33487387282568,0.00751884619511109,0.931005958546492,0.985430954444964,0.985430954444964,"social_isolation_avg"
"9832","ENTR1","Exc L4-5 RORB IL1RAPL2",0.0257146817287106,4.56321836830135,0.60968786565832,0.436022156647477,0.739974457433574,0.739974457433574,"social_isolation_avg"
"9833","PMPCA","Exc L4-5 RORB IL1RAPL2",-0.0655582530980161,4.18327908059183,6.06850590430491,0.0147857618213903,0.123295689998391,0.123295689998391,"social_isolation_avg"
"9834","INPP5E","Exc L4-5 RORB IL1RAPL2",-0.0054764857298525,4.15382638171959,0.0192090272536577,0.889937606088979,0.974706512053996,0.974706512053996,"social_isolation_avg"
"9835","SEC16A","Exc L4-5 RORB IL1RAPL2",0.0168458169230907,5.50194949660588,0.76666818563954,0.382520321047254,0.700260375848805,0.700260375848805,"social_isolation_avg"
"9836","C9orf163","Exc L4-5 RORB IL1RAPL2",-0.151684474098247,0.158687574524959,1.73998890304686,0.188964629085548,0.499357506554141,0.499357506554141,"social_isolation_avg"
"9837","EGFL7","Exc L4-5 RORB IL1RAPL2",-0.0559422128142898,4.67478638885927,2.93800424835216,0.0883920132192153,0.343077438979615,0.343077438979615,"social_isolation_avg"
"9838","AGPAT2","Exc L4-5 RORB IL1RAPL2",-0.0472475021210551,2.44032162978606,0.617967615162838,0.432928999630194,0.737691082438567,0.737691082438567,"social_isolation_avg"
"9839","FAM69B","Exc L4-5 RORB IL1RAPL2",-0.0307723842546996,4.33850837525053,1.01751108159327,0.31458442677917,0.643000101446329,0.643000101446329,"social_isolation_avg"
"9840","SNHG7","Exc L4-5 RORB IL1RAPL2",-0.0407863578292835,4.46005628005422,1.2342694327232,0.268191734609825,0.598050183918975,0.598050183918975,"social_isolation_avg"
"9841","LCN15","Exc L4-5 RORB IL1RAPL2",-0.00990472844289179,2.26528894615616,0.012996232792585,0.909375332923325,0.980024530058794,0.980024530058794,"social_isolation_avg"
"9842","CCDC183","Exc L4-5 RORB IL1RAPL2",0.062302381763192,1.83089587831757,0.989471313488388,0.321325534918194,0.648406398762601,0.648406398762601,"social_isolation_avg"
"9843","CCDC183-AS1","Exc L4-5 RORB IL1RAPL2",-0.20112824581857,-0.202995689552006,2.07666123169447,0.194023591883843,0.50629941937692,0.50629941937692,"social_isolation_avg"
"9844","RABL6","Exc L4-5 RORB IL1RAPL2",0.0299587632679121,6.47203463483573,3.12028375046059,0.0791691119281063,0.323253941905848,0.323253941905848,"social_isolation_avg"
"9845","AJM1","Exc L4-5 RORB IL1RAPL2",-0.0815149856768764,4.20759010917995,4.72278544213569,0.0311887349664684,0.192724380895019,0.192724380895019,"social_isolation_avg"
"9846","PHPT1","Exc L4-5 RORB IL1RAPL2",-0.160034502715138,3.64847926854116,12.4330187533778,0.000545990552617615,0.0158573665765373,0.0158573665765373,"social_isolation_avg"
"9847","MAMDC4","Exc L4-5 RORB IL1RAPL2",-0.0796208674170651,0.555584061972531,0.443166604013925,0.506525915748863,0.79127946267208,0.79127946267208,"social_isolation_avg"
"9848","EDF1","Exc L4-5 RORB IL1RAPL2",-0.112729056507071,4.90120471064586,14.8476217772777,0.000166518260022123,0.00779874256900639,0.00779874256900639,"social_isolation_avg"
"9849","TRAF2","Exc L4-5 RORB IL1RAPL2",-0.00939135815376175,3.46816775789387,0.0880858908245152,0.766997405638088,0.930696973775301,0.930696973775301,"social_isolation_avg"
"9850","FBXW5","Exc L4-5 RORB IL1RAPL2",-0.0198791288142707,4.54499122284014,0.400015332283648,0.527955232014346,0.805990071400956,0.805990071400956,"social_isolation_avg"
"9851","LCN12","Exc L4-5 RORB IL1RAPL2",0.0759992902958536,0.231883194090539,0.332716958467413,0.564848304482455,0.826725939162625,0.826725939162625,"social_isolation_avg"
"9852","LCNL1","Exc L4-5 RORB IL1RAPL2",0.0222259791602066,2.05362475909676,0.0710018290654593,0.790215768018246,0.940492399279529,0.940492399279529,"social_isolation_avg"
"9853","PAXX","Exc L4-5 RORB IL1RAPL2",-0.0415912171504442,3.99823940076745,1.16742232268972,0.281505434686725,0.612648301093572,0.612648301093572,"social_isolation_avg"
"9854","ABCA2","Exc L4-5 RORB IL1RAPL2",0.0100367879475309,5.16366586901283,0.134104591067914,0.714681926214487,0.906749642740932,0.906749642740932,"social_isolation_avg"
"9855","AL807752.6","Exc L4-5 RORB IL1RAPL2",-0.0598281502541655,3.41669734517,2.12018073160798,0.147266135352189,0.443415427593694,0.443415427593694,"social_isolation_avg"
"9856","NPDC1","Exc L4-5 RORB IL1RAPL2",0.002126708211429,3.16357572102054,0.00134821188159924,0.970754157759215,0.994985819254082,0.994985819254082,"social_isolation_avg"
"9857","SAPCD2","Exc L4-5 RORB IL1RAPL2",-0.11019947657655,0.443033145797546,0.554737620759596,0.457445966721307,0.755396677983405,0.755396677983405,"social_isolation_avg"
"9858","UAP1L1","Exc L4-5 RORB IL1RAPL2",-0.0368314949830116,2.30746766247317,0.255825586650018,0.613676483138344,0.853491609577574,0.853491609577574,"social_isolation_avg"
"9859","MAN1B1-DT","Exc L4-5 RORB IL1RAPL2",-0.124386890226504,1.92054670857209,2.84314895714012,0.0936507944777666,0.354159329077063,0.354159329077063,"social_isolation_avg"
"9860","MAN1B1","Exc L4-5 RORB IL1RAPL2",0.00442483969571634,4.52651067449812,0.0257417126060334,0.872728622093525,0.969294333096477,0.969294333096477,"social_isolation_avg"
"9861","DPP7","Exc L4-5 RORB IL1RAPL2",0.010177668139779,5.56262152417075,0.0678418437722738,0.794829548725859,0.942882124855296,0.942882124855296,"social_isolation_avg"
"9862","GRIN1","Exc L4-5 RORB IL1RAPL2",0.017206336851053,8.65194612251474,0.5351702586019,0.465477083259326,0.761876461275926,0.761876461275926,"social_isolation_avg"
"9863","ANAPC2","Exc L4-5 RORB IL1RAPL2",0.023339220255507,2.87448854915925,0.273023626660285,0.654181301248676,0.875479011293795,0.875479011293795,"social_isolation_avg"
"9864","SSNA1","Exc L4-5 RORB IL1RAPL2",-0.168537593218369,4.2027411970617,26.831240264568,6.39384950027705e-07,0.000310644367028222,0.000310644367028222,"social_isolation_avg"
"9865","TPRN","Exc L4-5 RORB IL1RAPL2",-0.0533513757941643,3.95825731036667,2.81489695909776,0.0952826804571676,0.357274314279706,0.357274314279706,"social_isolation_avg"
"9866","TMEM203","Exc L4-5 RORB IL1RAPL2",-0.134312821968137,3.00869521260067,6.85196860149356,0.00967622804523174,0.0967162761985366,0.0967162761985366,"social_isolation_avg"
"9867","NDOR1","Exc L4-5 RORB IL1RAPL2",0.0376146164100368,3.42665189842566,1.0539722792128,0.306093994232834,0.636440051085654,0.636440051085654,"social_isolation_avg"
"9868","BX255925.3","Exc L4-5 RORB IL1RAPL2",-0.00329798228013751,2.54953935822492,0.00498581948507652,0.94379323927676,0.988051457597129,0.988051457597129,"social_isolation_avg"
"9869","RNF208","Exc L4-5 RORB IL1RAPL2",-0.0109631084667559,5.30441466950033,0.147664019047682,0.701271664989412,0.899620085827692,0.899620085827692,"social_isolation_avg"
"9870","TUBB4B","Exc L4-5 RORB IL1RAPL2",-0.0938682211729461,6.17263627332046,5.90447876092002,0.0161727075608431,0.130070584633814,0.130070584633814,"social_isolation_avg"
"9871","NELFB","Exc L4-5 RORB IL1RAPL2",-0.0553472461372521,4.45061983574162,3.40330479805756,0.066855457712323,0.29452202839342,0.29452202839342,"social_isolation_avg"
"9872","NRARP","Exc L4-5 RORB IL1RAPL2",-0.394210166990946,0.0397475282476732,8.92711444736896,0.00323801743133012,0.05017733646044,0.05017733646044,"social_isolation_avg"
"9873","EXD3","Exc L4-5 RORB IL1RAPL2",0.0557660928952978,5.68860369623075,7.47761702221226,0.00692850896284029,0.0801310012750007,0.0801310012750007,"social_isolation_avg"
"9874","NOXA1","Exc L4-5 RORB IL1RAPL2",0.0862861514597907,5.25494250632511,6.022602675176,0.0151609530480529,0.12531181903194,0.12531181903194,"social_isolation_avg"
"9875","NSMF","Exc L4-5 RORB IL1RAPL2",-0.00651090516855436,5.46058991298504,0.0716482511086763,0.789285579075721,0.940195948230402,0.940195948230402,"social_isolation_avg"
"9876","PNPLA7","Exc L4-5 RORB IL1RAPL2",0.00064340375656685,6.44844006398952,0.000340268324740862,0.985305012886747,0.998300390466684,0.998300390466684,"social_isolation_avg"
"9877","MRPL41","Exc L4-5 RORB IL1RAPL2",0.100935184261486,6.22640382388138,1.83756450211973,0.177085916164922,0.483358716064122,0.483358716064122,"social_isolation_avg"
"9878","DPH7","Exc L4-5 RORB IL1RAPL2",0.0411145707314146,4.52706983090031,2.29657577128956,0.131569503050904,0.417315073728733,0.417315073728733,"social_isolation_avg"
"9879","ZMYND19","Exc L4-5 RORB IL1RAPL2",0.0109197953578819,3.06330076962371,0.070199096782125,0.791377221650604,0.941038251380201,0.941038251380201,"social_isolation_avg"
"9880","ARRDC1","Exc L4-5 RORB IL1RAPL2",0.00087407492680755,4.01859889323446,0.00062634464444424,0.980063711878737,0.997013557689617,0.997013557689617,"social_isolation_avg"
"9881","ARRDC1-AS1","Exc L4-5 RORB IL1RAPL2",-0.0617902374150237,2.57290866087132,1.51691844431362,0.219835719909537,0.540586837940045,0.540586837940045,"social_isolation_avg"
"9882","EHMT1","Exc L4-5 RORB IL1RAPL2",0.00756483854579558,7.04486755103331,0.259899894990605,0.90069087808366,0.978130752695915,0.978130752695915,"social_isolation_avg"
"9883","CACNA1B","Exc L4-5 RORB IL1RAPL2",0.0633689942825388,9.15404956162564,17.3519070977483,4.99279778552455e-05,0.00369376598336487,0.00369376598336487,"social_isolation_avg"
"9884","AC069287.1","Exc L4-5 RORB IL1RAPL2",0.0817906793226793,0.524406216785882,0.235906911853584,0.627821308483954,0.861734274778737,0.861734274778737,"social_isolation_avg"
"9885","LINC01001","Exc L4-5 RORB IL1RAPL2",0.0170038409007117,2.93082942920619,0.0454626508504064,0.831418330658016,0.95597801965982,0.95597801965982,"social_isolation_avg"
"9886","AC069287.3","Exc L4-5 RORB IL1RAPL2",0.132015125176892,2.19641507723594,2.55751225584923,0.111680864860011,0.386239013711621,0.386239013711621,"social_isolation_avg"
"9887","BET1L","Exc L4-5 RORB IL1RAPL2",0.0211813813011805,3.92655719870504,0.400480739009431,0.52771557593966,0.805949343155566,0.805949343155566,"social_isolation_avg"
"9888","RIC8A","Exc L4-5 RORB IL1RAPL2",-0.0728798235270572,3.93860061973887,6.0842774210528,0.0146590934477965,0.122673466221034,0.122673466221034,"social_isolation_avg"
"9889","SIRT3","Exc L4-5 RORB IL1RAPL2",0.0287908238842393,4.95062685541537,1.1412105383365,0.286954302691108,0.618037832808019,0.618037832808019,"social_isolation_avg"
"9890","PSMD13","Exc L4-5 RORB IL1RAPL2",-0.00728219287689655,4.77884416491097,0.0512690253353273,0.821149363074336,0.952428559966254,0.952428559966254,"social_isolation_avg"
"9891","AC136475.1","Exc L4-5 RORB IL1RAPL2",0.0786292569721496,0.253948521815393,0.460711765167169,0.498240728506491,0.785043185976966,0.785043185976966,"social_isolation_avg"
"9892","B4GALNT4","Exc L4-5 RORB IL1RAPL2",0.0296276339504578,5.67067579958897,0.723999574166847,0.396066006079153,0.710527834143388,0.710527834143388,"social_isolation_avg"
"9893","SIGIRR","Exc L4-5 RORB IL1RAPL2",-0.139613868606635,2.62692887146325,1.75592441874452,0.186962452921744,0.496305366871741,0.496305366871741,"social_isolation_avg"
"9894","PTDSS2","Exc L4-5 RORB IL1RAPL2",0.00988559138714195,5.19211108389234,0.126512367740355,0.7225294049475,0.909759598723767,0.909759598723767,"social_isolation_avg"
"9895","RNH1","Exc L4-5 RORB IL1RAPL2",-0.139223833894568,4.38323216365052,13.2882513372941,0.000357386215346072,0.0123848069241081,0.0123848069241081,"social_isolation_avg"
"9896","HRAS","Exc L4-5 RORB IL1RAPL2",-0.0710720670170383,4.10008394004233,4.1518881757713,0.0431825119166895,0.231889197664077,0.231889197664077,"social_isolation_avg"
"9897","LRRC56","Exc L4-5 RORB IL1RAPL2",0.0609067876120043,1.28609781545497,0.461538303055656,0.49785612861299,0.784905430115777,0.784905430115777,"social_isolation_avg"
"9898","RASSF7","Exc L4-5 RORB IL1RAPL2",0.0473824092197859,2.46762868493622,0.701043122760542,0.403642333166793,0.71586846916553,0.71586846916553,"social_isolation_avg"
"9899","MIR210HG","Exc L4-5 RORB IL1RAPL2",0.0259805655826388,-0.388903389953331,0.011687393421008,0.914040938931537,0.981668613012071,0.981668613012071,"social_isolation_avg"
"9900","PHRF1","Exc L4-5 RORB IL1RAPL2",-0.0314038688878535,4.02974265229834,0.964025882049992,0.327609538110727,0.653716011884031,0.653716011884031,"social_isolation_avg"
"9901","DRD4","Exc L4-5 RORB IL1RAPL2",0.114535016874081,1.09591168963353,1.19840917729843,0.275232449355958,0.605281763634883,0.605281763634883,"social_isolation_avg"
"9902","DEAF1","Exc L4-5 RORB IL1RAPL2",-0.0139236054963754,6.47751283597456,0.426761231423999,0.514490095717729,0.797400647204714,0.797400647204714,"social_isolation_avg"
"9903","AC131934.1","Exc L4-5 RORB IL1RAPL2",0.0921349821263651,2.87477166980844,2.53049274668713,0.113576032120481,0.38902463862267,0.38902463862267,"social_isolation_avg"
"9904","EPS8L2","Exc L4-5 RORB IL1RAPL2",-0.0634049149244166,2.73470558185123,0.444919281655521,0.505687678198955,0.790827429313151,0.790827429313151,"social_isolation_avg"
"9905","TALDO1","Exc L4-5 RORB IL1RAPL2",-0.0164852424470409,4.60604041034993,0.412913351583063,0.797572297395127,0.943355969182547,0.943355969182547,"social_isolation_avg"
"9906","GATD1","Exc L4-5 RORB IL1RAPL2",0.0882007066314049,4.11305188223132,6.02344736440986,0.0151539602237054,0.12531181903194,0.12531181903194,"social_isolation_avg"
"9907","AP006621.3","Exc L4-5 RORB IL1RAPL2",-0.0560202819073768,4.9153505807035,1.15499046184882,0.284073149574141,0.615194327742007,0.615194327742007,"social_isolation_avg"
"9908","CEND1","Exc L4-5 RORB IL1RAPL2",-0.137264039623965,6.96059888383469,16.9003543659679,6.19234587142154e-05,0.00419947585065114,0.00419947585065114,"social_isolation_avg"
"9909","SLC25A22","Exc L4-5 RORB IL1RAPL2",0.00855082347343176,5.554255664068,0.0842730627822588,0.771951961779784,0.932678776012287,0.932678776012287,"social_isolation_avg"
"9910","PANO1","Exc L4-5 RORB IL1RAPL2",0.00780082708982259,0.773737742296497,0.00595795266108901,0.938567517140742,0.987766326490576,0.987766326490576,"social_isolation_avg"
"9911","PIDD1","Exc L4-5 RORB IL1RAPL2",0.0596673691958794,4.49909599339783,2.31319537818198,0.130190697040734,0.415262673416675,0.415262673416675,"social_isolation_avg"
"9912","RPLP2","Exc L4-5 RORB IL1RAPL2",-0.0787995749094648,4.73367508076746,6.95247437236623,0.00916833216689527,0.093922042734069,0.093922042734069,"social_isolation_avg"
"9913","PNPLA2","Exc L4-5 RORB IL1RAPL2",-0.0254177818563571,3.90859121672264,0.44284751289536,0.50667878226239,0.791322264893659,0.791322264893659,"social_isolation_avg"
"9914","CD151","Exc L4-5 RORB IL1RAPL2",-0.121127984520441,2.89262507989477,5.2983730279327,0.0225931384241057,0.15933088785781,0.15933088785781,"social_isolation_avg"
"9915","POLR2L","Exc L4-5 RORB IL1RAPL2",-0.204517198022667,3.26906759054822,18.7726855264669,2.54865274956631e-05,0.00246680724889061,0.00246680724889061,"social_isolation_avg"
"9916","TSPAN4","Exc L4-5 RORB IL1RAPL2",0.0192895943549447,0.188255955022391,0.0269012739509947,0.999294399138622,1,1,"social_isolation_avg"
"9917","AP006623.1","Exc L4-5 RORB IL1RAPL2",-0.0316855886541042,2.55281481450021,0.317315640205135,0.573988660598005,0.831980087769803,0.831980087769803,"social_isolation_avg"
"9918","CHID1","Exc L4-5 RORB IL1RAPL2",-0.0566968385651946,4.07974838825547,2.08856605730697,0.150298425650854,0.447419212042135,0.447419212042135,"social_isolation_avg"
"9919","AP2A2","Exc L4-5 RORB IL1RAPL2",-0.0142728038430278,6.58444917534126,0.55497818288247,0.457348607337856,0.755301824163357,0.755301824163357,"social_isolation_avg"
"9920","MUC6","Exc L4-5 RORB IL1RAPL2",0.162347740865966,0.586520339146075,1.56528154991324,0.212661423589438,0.531438923711183,0.531438923711183,"social_isolation_avg"
"9921","TOLLIP","Exc L4-5 RORB IL1RAPL2",-0.115709624067056,6.79408386765524,25.9127629668279,9.63396711090383e-07,0.000364568583410823,0.000364568583410823,"social_isolation_avg"
"9922","TOLLIP-AS1","Exc L4-5 RORB IL1RAPL2",-0.0530075231112928,0.838851088654402,0.387503693472433,0.534472283686769,0.809700884133067,0.809700884133067,"social_isolation_avg"
"9923","BRSK2","Exc L4-5 RORB IL1RAPL2",0.0170367032809587,6.47510433505156,0.518029651063373,0.472699809895373,0.767391943631947,0.767391943631947,"social_isolation_avg"
"9924","MOB2","Exc L4-5 RORB IL1RAPL2",-0.0683699737218152,5.30228791382036,6.5581820116943,0.0113347588657171,0.105960954791617,0.105960954791617,"social_isolation_avg"
"9925","DUSP8","Exc L4-5 RORB IL1RAPL2",-0.0487940058057924,5.42471873489427,2.1615482203629,0.143402951636798,0.437589885377994,0.437589885377994,"social_isolation_avg"
"9926","KRTAP5-AS1","Exc L4-5 RORB IL1RAPL2",0.0142505725885245,5.35771426338041,0.178612665993463,0.673117469094081,0.884939941129037,0.884939941129037,"social_isolation_avg"
"9927","IFITM10","Exc L4-5 RORB IL1RAPL2",0.0322320104085168,1.99621145532622,0.175449451150895,0.675857203145668,0.88614054055292,0.88614054055292,"social_isolation_avg"
"9928","LSP1","Exc L4-5 RORB IL1RAPL2",-0.330842384482233,0.065430209194875,4.39660087935294,0.0375328105909594,0.213645700719477,0.213645700719477,"social_isolation_avg"
"9929","TNNT3","Exc L4-5 RORB IL1RAPL2",-0.141674861621822,-0.797767343206523,0.458291293483998,0.49936991692613,0.78600600600277,0.78600600600277,"social_isolation_avg"
"9930","MRPL23","Exc L4-5 RORB IL1RAPL2",-0.0340700736465766,3.39220904590102,0.277844997297233,0.598823884664763,0.845653782932554,0.845653782932554,"social_isolation_avg"
"9931","LINC01219","Exc L4-5 RORB IL1RAPL2",-0.0764319536717402,-0.145078127648601,0.20853255289858,0.648519506673497,0.872175533852387,0.872175533852387,"social_isolation_avg"
"9932","CD81-AS1","Exc L4-5 RORB IL1RAPL2",0.00522101052230154,3.48044649707129,0.00915119932011259,0.923904975689046,0.984076729849897,0.984076729849897,"social_isolation_avg"
"9933","CD81","Exc L4-5 RORB IL1RAPL2",-0.162422909717843,5.24712034530197,16.5995128923066,7.15070285679923e-05,0.0046014438502415,0.0046014438502415,"social_isolation_avg"
"9934","TSSC4","Exc L4-5 RORB IL1RAPL2",-0.0655524011409408,2.87239801367757,1.60584274255361,0.206859588162061,0.524171724603504,0.524171724603504,"social_isolation_avg"
"9935","KCNQ1","Exc L4-5 RORB IL1RAPL2",0.0690702119458989,3.04149696307048,1.42870598383293,0.233687778855489,0.55650458194131,0.55650458194131,"social_isolation_avg"
"9936","KCNQ1OT1","Exc L4-5 RORB IL1RAPL2",0.0959766347753093,6.86717490699256,3.48007421042245,0.0638841360035341,0.287524200124374,0.287524200124374,"social_isolation_avg"
"9937","CDKN1C","Exc L4-5 RORB IL1RAPL2",-0.0477048453546942,2.40258963364167,0.162024219760475,0.687819731272057,0.892670082680471,0.892670082680471,"social_isolation_avg"
"9938","SLC22A18AS","Exc L4-5 RORB IL1RAPL2",-0.0335011635752072,0.151939069262106,0.0662235245267266,0.797236910438948,0.943241631073545,0.943241631073545,"social_isolation_avg"
"9939","SLC22A18","Exc L4-5 RORB IL1RAPL2",0.149948332947106,2.3231325574932,2.07197398325525,0.151918278496604,0.449684212485574,0.449684212485574,"social_isolation_avg"
"9940","PHLDA2","Exc L4-5 RORB IL1RAPL2",-0.131885025577767,0.995661168844928,0.840252885577014,0.360659885322712,0.680770690126416,0.680770690126416,"social_isolation_avg"
"9941","NAP1L4","Exc L4-5 RORB IL1RAPL2",-0.0374944063561896,6.30388515433389,3.90774632189741,0.049727360475125,0.251373600734662,0.251373600734662,"social_isolation_avg"
"9942","CARS","Exc L4-5 RORB IL1RAPL2",0.0455098965116933,5.37498531670639,2.25230449127268,0.135323300962132,0.423681545343931,0.423681545343931,"social_isolation_avg"
"9943","OSBPL5","Exc L4-5 RORB IL1RAPL2",0.0117441855975635,4.91278750935557,0.20846942400323,0.648569098116788,0.872180234930188,0.872180234930188,"social_isolation_avg"
"9944","ZNF195","Exc L4-5 RORB IL1RAPL2",0.0304711719463635,4.70089878687232,0.85754743867243,0.355775976694323,0.676066173143691,0.676066173143691,"social_isolation_avg"
"9945","AC127526.1","Exc L4-5 RORB IL1RAPL2",0.0239903810824637,4.42245827023485,0.284128921136353,0.59472357409009,0.843296700385411,0.843296700385411,"social_isolation_avg"
"9946","CHRNA10","Exc L4-5 RORB IL1RAPL2",0.0390814672696269,0.504353837422316,0.119700765213636,0.877997358136871,0.971649293506358,0.971649293506358,"social_isolation_avg"
"9947","NUP98","Exc L4-5 RORB IL1RAPL2",0.041389496884911,5.70314887291441,5.33123780174944,0.0221844001479206,0.157386964828949,0.157386964828949,"social_isolation_avg"
"9948","PGAP2","Exc L4-5 RORB IL1RAPL2",0.0411721027385621,4.42957747652099,1.21695780065545,0.271561966697787,0.600849503773878,0.600849503773878,"social_isolation_avg"
"9949","RHOG","Exc L4-5 RORB IL1RAPL2",-0.0130299681946002,1.21505152025677,0.0275642472127207,0.969887546549125,0.994647277412249,0.994647277412249,"social_isolation_avg"
"9950","STIM1","Exc L4-5 RORB IL1RAPL2",0.00515050266659961,6.00054901716617,0.0626230123534483,0.802707941837161,0.945063093922373,0.945063093922373,"social_isolation_avg"
"9951","RRM1","Exc L4-5 RORB IL1RAPL2",0.0103336323049741,3.96916869776337,0.10619216443536,0.770780345800217,0.932360531397057,0.932360531397057,"social_isolation_avg"
"9952","TRIM68","Exc L4-5 RORB IL1RAPL2",-0.0435400751236689,1.62513697756229,0.475962869252964,0.497033982888648,0.784721764823798,0.784721764823798,"social_isolation_avg"
"9953","OR51E2","Exc L4-5 RORB IL1RAPL2",0.110523404385994,-0.825999756824402,0.103558756457451,0.74800666601396,0.921915827782467,0.921915827782467,"social_isolation_avg"
"9954","MMP26","Exc L4-5 RORB IL1RAPL2",0.134902057489974,0.096447534459722,1.65688817124809,0.199823495458821,0.514218237970458,0.514218237970458,"social_isolation_avg"
"9955","HBB","Exc L4-5 RORB IL1RAPL2",0.509966546206642,-0.570497276464982,4.40103151721232,0.0374380459478249,0.213419659662242,0.213419659662242,"social_isolation_avg"
"9956","AC104389.4","Exc L4-5 RORB IL1RAPL2",0.110667299217304,2.8061647627412,0.512922472105485,0.474887046757028,0.768766068761955,0.768766068761955,"social_isolation_avg"
"9957","OR51M1","Exc L4-5 RORB IL1RAPL2",-0.322555337074822,0.606569802281336,3.55780983449383,0.0610197388359277,0.281172482859903,0.281172482859903,"social_isolation_avg"
"9958","TRIM5","Exc L4-5 RORB IL1RAPL2",0.0466548237390747,3.55499680701303,0.135811001461493,0.712953029164103,0.905910701135506,0.905910701135506,"social_isolation_avg"
"9959","TRIM22","Exc L4-5 RORB IL1RAPL2",0.0181990791087567,4.12751331841817,0.0819809525180245,0.774989160047288,0.93464018721746,0.93464018721746,"social_isolation_avg"
"9960","AC022762.2","Exc L4-5 RORB IL1RAPL2",-0.123648200361585,2.29958576050099,3.90588254581185,0.049781209679186,0.251511420117458,0.251511420117458,"social_isolation_avg"
"9961","C11orf42","Exc L4-5 RORB IL1RAPL2",-0.419415675519897,-0.345056488360476,5.39466106029012,0.0214173292189932,0.154376109010503,0.154376109010503,"social_isolation_avg"
"9962","FAM160A2","Exc L4-5 RORB IL1RAPL2",-0.0438819138529606,4.0656305835643,1.7288037364058,0.190384992573769,0.501081436150826,0.501081436150826,"social_isolation_avg"
"9963","CNGA4","Exc L4-5 RORB IL1RAPL2",-0.076537536606347,2.15913364135835,1.02202074271615,0.313517700942842,0.642373438801511,0.642373438801511,"social_isolation_avg"
"9964","CCKBR","Exc L4-5 RORB IL1RAPL2",-0.0773393515588124,4.35525651910951,4.31581042884112,0.0393060563723248,0.219526565191545,0.219526565191545,"social_isolation_avg"
"9965","SMPD1","Exc L4-5 RORB IL1RAPL2",-0.0596924803097456,3.40718525831404,2.46587672603992,0.118255013001098,0.396772282103486,0.396772282103486,"social_isolation_avg"
"9966","APBB1","Exc L4-5 RORB IL1RAPL2",-0.031006071492195,6.48820714716768,2.58209970455791,0.109986762468244,0.383254465566682,0.383254465566682,"social_isolation_avg"
"9967","HPX","Exc L4-5 RORB IL1RAPL2",0.130658819517454,-0.00224933566296013,0.862385080481887,0.354426190422105,0.674861421855354,0.674861421855354,"social_isolation_avg"
"9968","TRIM3","Exc L4-5 RORB IL1RAPL2",-0.0420404878001472,4.41605858097983,2.10839074153605,0.148388739605848,0.445167006559901,0.445167006559901,"social_isolation_avg"
"9969","ARFIP2","Exc L4-5 RORB IL1RAPL2",-0.0582513414629228,3.69175299845943,3.51930373313291,0.0624209491501326,0.283978547456037,0.283978547456037,"social_isolation_avg"
"9970","AC084337.2","Exc L4-5 RORB IL1RAPL2",0.0207347694977854,4.82795005412707,0.793585938599174,0.374312820970522,0.693127117399026,0.693127117399026,"social_isolation_avg"
"9971","DNHD1","Exc L4-5 RORB IL1RAPL2",0.0294152332938404,4.95595214751916,0.730550659196624,0.393941850874926,0.709005399068246,0.709005399068246,"social_isolation_avg"
"9972","RRP8","Exc L4-5 RORB IL1RAPL2",-0.0834628339485326,2.55006816077436,2.84081687144702,0.0937843315203915,0.354243674690415,0.354243674690415,"social_isolation_avg"
"9973","ILK","Exc L4-5 RORB IL1RAPL2",-0.0146947322487289,4.31206254653816,0.244697669523254,0.730021746445673,0.913267211869261,0.913267211869261,"social_isolation_avg"
"9974","TAF10","Exc L4-5 RORB IL1RAPL2",-0.208255761911696,2.81201395122839,17.3653937773103,4.96085261148854e-05,0.00369376598336487,0.00369376598336487,"social_isolation_avg"
"9975","TPP1","Exc L4-5 RORB IL1RAPL2",0.0240907061591456,4.41969277861061,0.628478382415881,0.429050372408645,0.734739929946482,0.734739929946482,"social_isolation_avg"
"9976","DCHS1","Exc L4-5 RORB IL1RAPL2",-0.0190628843944987,1.37698533895676,0.0514168802246072,0.820896063809532,0.952379154185799,0.952379154185799,"social_isolation_avg"
"9977","AC091564.5","Exc L4-5 RORB IL1RAPL2",0.00103808840104429,0.438858293630944,0.000122959472783474,0.991166043258179,0.998822911403646,0.998822911403646,"social_isolation_avg"
"9978","MRPL17","Exc L4-5 RORB IL1RAPL2",-0.0972642644910686,2.51862820563593,3.39088313542406,0.067350077207067,0.295874346606667,0.295874346606667,"social_isolation_avg"
"9979","OR2AG2","Exc L4-5 RORB IL1RAPL2",-0.0535419850022146,1.39475196971396,0.609436179126094,0.436116711476503,0.740027646009556,0.740027646009556,"social_isolation_avg"
"9980","OR6A2","Exc L4-5 RORB IL1RAPL2",0.0236082966761362,1.68865590947547,0.0998100987490045,0.752456197851357,0.924435018475783,0.924435018475783,"social_isolation_avg"
"9981","AC087280.2","Exc L4-5 RORB IL1RAPL2",-0.00419383653837797,5.74138407277642,0.0174037032670651,0.895205561179131,0.976039208428624,0.976039208428624,"social_isolation_avg"
"9982","ZNF215","Exc L4-5 RORB IL1RAPL2",-0.104799901391039,3.133239812701,4.69730350980724,0.031641011501939,0.194502787078683,0.194502787078683,"social_isolation_avg"
"9983","ZNF214","Exc L4-5 RORB IL1RAPL2",0.00639868744411682,2.99773416187874,0.0255349063010606,0.961157634961223,0.992176197847109,0.992176197847109,"social_isolation_avg"
"9984","NLRP14","Exc L4-5 RORB IL1RAPL2",0.161267047244317,0.60424212772878,2.5791573145917,0.110187986492728,0.3834590569117,0.3834590569117,"social_isolation_avg"
"9985","SYT9","Exc L4-5 RORB IL1RAPL2",0.0358405913204199,5.67843969564627,1.55122024092201,0.214717982011959,0.533917747575006,0.533917747575006,"social_isolation_avg"
"9986","AC107884.1","Exc L4-5 RORB IL1RAPL2",-0.0534225280831245,2.37095321171484,0.776190476698738,0.379587976290554,0.697705857722322,0.697705857722322,"social_isolation_avg"
"9987","PPFIBP2","Exc L4-5 RORB IL1RAPL2",0.0386718843138429,3.92144308877469,0.414787124318841,0.52044233882234,0.800944030174559,0.800944030174559,"social_isolation_avg"
"9988","AC044810.3","Exc L4-5 RORB IL1RAPL2",-0.0441060865176743,0.539848833479378,0.157222795479177,0.692237814760822,0.894966292660711,0.894966292660711,"social_isolation_avg"
"9989","AC104237.1","Exc L4-5 RORB IL1RAPL2",-0.245846596543755,-0.280977962178058,2.32214638619793,0.129454834928349,0.41436439491,0.41436439491,"social_isolation_avg"
"9990","EIF3F","Exc L4-5 RORB IL1RAPL2",-0.00419245642881158,4.82823341397708,0.0319475024687184,0.858361809738118,0.964243395716678,0.964243395716678,"social_isolation_avg"
"9991","TUB","Exc L4-5 RORB IL1RAPL2",-0.0369322154854536,5.79206060240121,2.61079189699411,0.108045776583099,0.380129070049985,0.380129070049985,"social_isolation_avg"
"9992","RIC3","Exc L4-5 RORB IL1RAPL2",0.0244644626035979,6.67169938083279,1.70267576153224,0.19375206874095,0.50617032322312,0.50617032322312,"social_isolation_avg"
"9993","AC091013.1","Exc L4-5 RORB IL1RAPL2",-0.208615239984825,-0.538126189778112,1.57650516829225,0.211036786422132,0.529440551695598,0.529440551695598,"social_isolation_avg"
"9994","LMO1","Exc L4-5 RORB IL1RAPL2",-0.135920895523958,3.50236082506809,3.52541824446534,0.0621961554076707,0.283267048512707,0.283267048512707,"social_isolation_avg"
"9995","STK33","Exc L4-5 RORB IL1RAPL2",0.0323435464573322,5.01047720427639,0.454306792743324,0.501238264243308,0.787374777729151,0.787374777729151,"social_isolation_avg"
"9996","TRIM66","Exc L4-5 RORB IL1RAPL2",0.0572933465422114,4.90731937108665,4.6673485605636,0.164289013386411,0.467786230561911,0.467786230561911,"social_isolation_avg"
"9997","RPL27A","Exc L4-5 RORB IL1RAPL2",-0.03190173410448,4.64892526716229,0.690886704990615,0.407061992684157,0.718003166176651,0.718003166176651,"social_isolation_avg"
"9998","ST5","Exc L4-5 RORB IL1RAPL2",0.0385190383162673,6.35131383827267,1.83454660653859,0.177440010986279,0.483683991452211,0.483683991452211,"social_isolation_avg"
"9999","AC026894.1","Exc L4-5 RORB IL1RAPL2",0.0844261047158423,1.19594581350777,0.76364456956195,0.383458172517858,0.700678055263537,0.700678055263537,"social_isolation_avg"
"10000","AKIP1","Exc L4-5 RORB IL1RAPL2",-0.0594556641637605,4.02613179914552,3.66042605598135,0.0574479524345656,0.27208703422342,0.27208703422342,"social_isolation_avg"
"10001","TMEM9B","Exc L4-5 RORB IL1RAPL2",-0.0421270903708748,4.15127225285422,1.85295878890255,0.175292409891871,0.481584061615294,0.481584061615294,"social_isolation_avg"
"10002","TMEM9B-AS1","Exc L4-5 RORB IL1RAPL2",-0.156336976244345,2.09219414122165,3.47334377167826,0.0641388571953228,0.288126674172806,0.288126674172806,"social_isolation_avg"
"10003","NRIP3","Exc L4-5 RORB IL1RAPL2",-0.0302140756593685,4.12090259202589,0.6693059424164,0.414471462979263,0.723852183037718,0.723852183037718,"social_isolation_avg"
"10004","AC079296.1","Exc L4-5 RORB IL1RAPL2",-0.0128343667066376,3.35778749429001,0.0828839911441147,0.773787149347557,0.934024028887089,0.934024028887089,"social_isolation_avg"
"10005","SCUBE2","Exc L4-5 RORB IL1RAPL2",-0.0665082137966295,2.5142917082266,1.1432927132218,0.286516568432871,0.61758714870339,0.61758714870339,"social_isolation_avg"
"10006","DENND5A","Exc L4-5 RORB IL1RAPL2",0.0231943123052664,6.22237136212809,1.03394460827587,0.310719992060559,0.640079800737924,0.640079800737924,"social_isolation_avg"
"10007","TMEM41B","Exc L4-5 RORB IL1RAPL2",0.143706427029883,6.06891846835093,24.6742176710192,1.68104664231581e-06,0.00042839113445171,0.00042839113445171,"social_isolation_avg"
"10008","IPO7","Exc L4-5 RORB IL1RAPL2",-0.0412964827457399,6.20560656271709,7.54521830040369,0.00668438332719534,0.0785560353626479,0.0785560353626479,"social_isolation_avg"
"10009","AC132192.1","Exc L4-5 RORB IL1RAPL2",-0.126051068162094,0.300343680952992,0.611216552430478,0.435448526812682,0.739912252318861,0.739912252318861,"social_isolation_avg"
"10010","AC132192.2","Exc L4-5 RORB IL1RAPL2",-0.0936110412340048,1.70785727020149,1.90613516782469,0.187614775027869,0.496900778037838,0.496900778037838,"social_isolation_avg"
"10011","ZNF143","Exc L4-5 RORB IL1RAPL2",-0.0273048760281149,3.75387685523836,0.483299641097412,0.48790763417567,0.778980705952059,0.778980705952059,"social_isolation_avg"
"10012","SWAP70","Exc L4-5 RORB IL1RAPL2",-0.0317463543416243,3.53693251242791,0.431485795255485,0.512174297183976,0.795636278901314,0.795636278901314,"social_isolation_avg"
"10013","AC026250.1","Exc L4-5 RORB IL1RAPL2",-0.151016270339725,-0.434716382192365,0.791055887493873,0.375073593056505,0.693992514592424,0.693992514592424,"social_isolation_avg"
"10014","SBF2-AS1","Exc L4-5 RORB IL1RAPL2",0.0169540789646515,4.48467977182648,0.239832490643762,0.624976429204139,0.860200699568743,0.860200699568743,"social_isolation_avg"
"10015","SBF2","Exc L4-5 RORB IL1RAPL2",0.00986818121593275,7.99680262233345,0.536017945843592,0.465124506398854,0.761760649664392,0.761760649664392,"social_isolation_avg"
"10016","AC011092.2","Exc L4-5 RORB IL1RAPL2",0.0675106207265605,2.90230105006087,1.6479274963315,0.535471347976819,0.810078625975005,0.810078625975005,"social_isolation_avg"
"10017","AC100763.1","Exc L4-5 RORB IL1RAPL2",0.0625979241426377,0.745524926700863,0.406158051902406,0.529251362088065,0.806743792412124,0.806743792412124,"social_isolation_avg"
"10018","ADM","Exc L4-5 RORB IL1RAPL2",-0.968592088651337,-1.17704654766858,12.2862497604762,0.000730875415342377,0.0193107982784316,0.0193107982784316,"social_isolation_avg"
"10019","AMPD3","Exc L4-5 RORB IL1RAPL2",-0.0131873236151591,4.37194177744441,0.176476792100535,0.674964233073879,0.885853595671414,0.885853595671414,"social_isolation_avg"
"10020","MTRNR2L8","Exc L4-5 RORB IL1RAPL2",-0.33602987173014,4.36977376378191,1.63853629876404,0.202319926071288,0.518010192313241,0.518010192313241,"social_isolation_avg"
"10021","RNF141","Exc L4-5 RORB IL1RAPL2",-0.0204070642929462,3.67065804789433,0.302711006714436,0.582930537991792,0.838181374674572,0.838181374674572,"social_isolation_avg"
"10022","MRVI1-AS1","Exc L4-5 RORB IL1RAPL2",0.0712012291781034,4.19483304085361,1.06870756435566,0.302747655613988,0.634099670218499,0.634099670218499,"social_isolation_avg"
"10023","LYVE1","Exc L4-5 RORB IL1RAPL2",0.251909326890156,0.37608889851561,3.10402525562274,0.0799475826060475,0.324541559856045,0.324541559856045,"social_isolation_avg"
"10024","CTR9","Exc L4-5 RORB IL1RAPL2",-0.106263572661929,4.67790066549774,13.1677763169023,0.000379287790727839,0.0128567535250214,0.0128567535250214,"social_isolation_avg"
"10025","EIF4G2","Exc L4-5 RORB IL1RAPL2",-0.110662336238176,6.36184022989547,27.5962515140888,4.55263913781903e-07,0.000253354368019629,0.000253354368019629,"social_isolation_avg"
"10026","AC116535.1","Exc L4-5 RORB IL1RAPL2",0.0361101661090236,2.57465959042448,0.543447358708749,0.462052630096138,0.759587712877867,0.759587712877867,"social_isolation_avg"
"10027","ZBED5","Exc L4-5 RORB IL1RAPL2",0.0407332366062381,5.57011991453337,1.82771320934861,0.178244833515612,0.484705330392072,0.484705330392072,"social_isolation_avg"
"10028","ZBED5-AS1","Exc L4-5 RORB IL1RAPL2",0.00254622988913749,2.44757722398177,0.00194066540488144,0.980058404675006,0.997013557689617,0.997013557689617,"social_isolation_avg"
"10029","AC111188.1","Exc L4-5 RORB IL1RAPL2",-0.00949753679358458,-0.55340639200553,0.00347333635908513,0.953075054343625,0.989452900160271,0.989452900160271,"social_isolation_avg"
"10030","GALNT18","Exc L4-5 RORB IL1RAPL2",-0.00874382810118792,7.23205474352537,0.0918797585569662,0.762182044376502,0.929204024590708,0.929204024590708,"social_isolation_avg"
"10031","USP47","Exc L4-5 RORB IL1RAPL2",0.0422753340361947,7.4356214372949,8.7103437082261,0.00362428426714962,0.0539961280462504,0.0539961280462504,"social_isolation_avg"
"10032","DKK3","Exc L4-5 RORB IL1RAPL2",-0.0475674664458884,7.8992067772669,6.03042137738338,0.0150963534169147,0.125005734355117,0.125005734355117,"social_isolation_avg"
"10033","MICAL2","Exc L4-5 RORB IL1RAPL2",0.0097805169102841,8.06106720587434,0.247143784743085,0.61975403612983,0.85649184567646,0.85649184567646,"social_isolation_avg"
"10034","PARVA","Exc L4-5 RORB IL1RAPL2",0.000255500374365463,6.33719852673352,4.40970634906155e-05,0.99470964458358,0.9994589795957,0.9994589795957,"social_isolation_avg"
"10035","TEAD1","Exc L4-5 RORB IL1RAPL2",0.0312562007092206,7.61902430098257,0.663571614902958,0.416473900970499,0.725399991870597,0.725399991870597,"social_isolation_avg"
"10036","LINC00958","Exc L4-5 RORB IL1RAPL2",0.0683912367885556,1.64146252499658,0.162875197774863,0.687044661084308,0.892202738337652,0.892202738337652,"social_isolation_avg"
"10037","ARNTL","Exc L4-5 RORB IL1RAPL2",-0.00338357983105365,6.64888867438111,0.0198992185770998,0.887990681499122,0.974102504307964,0.974102504307964,"social_isolation_avg"
"10038","BTBD10","Exc L4-5 RORB IL1RAPL2",0.00156161154398298,6.87054115664887,0.0107539023541933,0.917532325565611,0.9830198062462,0.9830198062462,"social_isolation_avg"
"10039","PTH","Exc L4-5 RORB IL1RAPL2",-0.0509247328254728,-0.166162352044112,0.0928479531424953,0.760970625928888,0.928385144961022,0.928385144961022,"social_isolation_avg"
"10040","FAR1","Exc L4-5 RORB IL1RAPL2",0.0106103906064382,6.77364346205925,0.501481398847977,0.479847315934644,0.772697111897821,0.772697111897821,"social_isolation_avg"
"10041","SPON1","Exc L4-5 RORB IL1RAPL2",0.10595049166028,2.63087585199634,0.566476368409315,0.452733036082564,0.752608769950346,0.752608769950346,"social_isolation_avg"
"10042","SPON1-AS1","Exc L4-5 RORB IL1RAPL2",-0.0247049784940137,1.75806091007846,0.121827537622917,0.766377468796218,0.93054149310744,0.93054149310744,"social_isolation_avg"
"10043","RRAS2","Exc L4-5 RORB IL1RAPL2",0.0429424888145463,5.43820221003291,2.32208843302526,0.12945958419645,0.41436439491,0.41436439491,"social_isolation_avg"
"10044","COPB1","Exc L4-5 RORB IL1RAPL2",0.0263986535996928,5.32197892832948,1.84900329577071,0.175751220381883,0.482025569900286,0.482025569900286,"social_isolation_avg"
"10045","AC018523.2","Exc L4-5 RORB IL1RAPL2",0.0133816174454111,2.46568376489255,0.0881470303193155,0.76691891792287,0.930696973775301,0.930696973775301,"social_isolation_avg"
"10046","PSMA1","Exc L4-5 RORB IL1RAPL2",0.00534605122910583,5.66590229085283,0.0451728064358822,0.831948464922661,0.956125714255303,0.956125714255303,"social_isolation_avg"
"10047","PDE3B","Exc L4-5 RORB IL1RAPL2",0.0421685230578024,8.24632872342866,3.53368225657603,0.0618937196530434,0.282872239023003,0.282872239023003,"social_isolation_avg"
"10048","CYP2R1","Exc L4-5 RORB IL1RAPL2",0.04374957284143,3.96119677216264,1.80649913300996,0.1807705971309,0.487439143268314,0.487439143268314,"social_isolation_avg"
"10049","CALCB","Exc L4-5 RORB IL1RAPL2",-0.0618546176959684,2.52441870584766,0.644529661240582,0.42322811287959,0.729967818656197,0.729967818656197,"social_isolation_avg"
"10050","INSC","Exc L4-5 RORB IL1RAPL2",-0.133897618944002,-1.10337381727582,0.27364265098661,0.601599165442009,0.847190965267063,0.847190965267063,"social_isolation_avg"
"10051","C11orf58","Exc L4-5 RORB IL1RAPL2",-0.0144863798363715,6.30847972251263,0.590213663837337,0.443432671022519,0.745245107620929,0.745245107620929,"social_isolation_avg"
"10052","PLEKHA7","Exc L4-5 RORB IL1RAPL2",-0.0514581411702507,4.21231719423737,0.988550803146009,0.321550060013593,0.648593626315289,0.648593626315289,"social_isolation_avg"
"10053","RPS13","Exc L4-5 RORB IL1RAPL2",-0.132164777474729,4.35805491292031,8.60113252114681,0.0038365294706852,0.0558293794511581,0.0558293794511581,"social_isolation_avg"
"10054","PIK3C2A","Exc L4-5 RORB IL1RAPL2",0.0524776772082661,6.47622538753354,6.07982570410049,0.0146947324961846,0.1227340012232,0.1227340012232,"social_isolation_avg"
"10055","NUCB2","Exc L4-5 RORB IL1RAPL2",0.0135865661162988,5.72501696616653,0.296378733205589,0.586895233076241,0.839667312378365,0.839667312378365,"social_isolation_avg"
"10056","NCR3LG1","Exc L4-5 RORB IL1RAPL2",-0.00648143003488118,4.78863430747832,0.0352523346184055,0.851298171821336,0.961873912835597,0.961873912835597,"social_isolation_avg"
"10057","AC124798.1","Exc L4-5 RORB IL1RAPL2",0.0761241698908081,3.59419491489069,2.45621162278765,0.118973174475629,0.397751103785171,0.397751103785171,"social_isolation_avg"
"10058","KCNJ11","Exc L4-5 RORB IL1RAPL2",-0.129298441185826,2.07711522260692,4.6340086977415,0.0327945945048624,0.198156551431311,0.198156551431311,"social_isolation_avg"
"10059","ABCC8","Exc L4-5 RORB IL1RAPL2",0.0120267527899894,5.84747503788176,0.175121838737394,0.676142612158487,0.886391904985155,0.886391904985155,"social_isolation_avg"
"10060","KCNC1","Exc L4-5 RORB IL1RAPL2",-0.0501315898935271,6.46529715156866,4.28646549679394,0.0399719229027541,0.222195122025775,0.222195122025775,"social_isolation_avg"
"10061","SERGEF","Exc L4-5 RORB IL1RAPL2",-0.0086741331931572,6.8718320663264,0.303344510851607,0.582536876952469,0.837806343023537,0.837806343023537,"social_isolation_avg"
"10062","TPH1","Exc L4-5 RORB IL1RAPL2",0.314940142314059,0.0910765676003725,5.59950140035484,0.0191237705794284,0.144736345253346,0.144736345253346,"social_isolation_avg"
"10063","SAAL1","Exc L4-5 RORB IL1RAPL2",0.0163041822510955,3.38618212748448,0.203196182291966,0.652743991889326,0.874810105577131,0.874810105577131,"social_isolation_avg"
"10064","SAA2-SAA4","Exc L4-5 RORB IL1RAPL2",0.18947736924208,-0.572317027202727,1.0899903493524,0.297997773441739,0.628936516596893,0.628936516596893,"social_isolation_avg"
"10065","HPS5","Exc L4-5 RORB IL1RAPL2",0.0789056853455208,4.57397464164108,9.33928278557451,0.00261595172430583,0.0437634151861987,0.0437634151861987,"social_isolation_avg"
"10066","GTF2H1","Exc L4-5 RORB IL1RAPL2",0.0114806629718579,5.28205975403333,0.331601220160211,0.565500911480306,0.826991879144998,0.826991879144998,"social_isolation_avg"
"10067","LDHA","Exc L4-5 RORB IL1RAPL2",-0.0888889501220787,5.76406256145664,5.71358586477524,0.0179590386424873,0.140081756710871,0.140081756710871,"social_isolation_avg"
"10068","LDHC","Exc L4-5 RORB IL1RAPL2",0.201924440869092,0.347609052900948,0.885078515375085,0.348187295133385,0.670539624551529,0.670539624551529,"social_isolation_avg"
"10069","LDHAL6A","Exc L4-5 RORB IL1RAPL2",-0.02029751798552,2.21659016517612,0.0407587620880803,0.840252535403367,0.958874418748966,0.958874418748966,"social_isolation_avg"
"10070","TSG101","Exc L4-5 RORB IL1RAPL2",0.00975229957442075,5.99046471796405,0.392390633036849,0.531909557406898,0.808569192230732,0.808569192230732,"social_isolation_avg"
"10071","UEVLD","Exc L4-5 RORB IL1RAPL2",0.0987232039505034,4.29853454231637,9.15242363225863,0.0028811605289086,0.0467133147964693,0.0467133147964693,"social_isolation_avg"
"10072","SPTY2D1OS","Exc L4-5 RORB IL1RAPL2",-0.0192277806089428,2.94245166392303,0.14876249525121,0.700216702820998,0.899494810173801,0.899494810173801,"social_isolation_avg"
"10073","SPTY2D1","Exc L4-5 RORB IL1RAPL2",-0.0322940572285215,3.74670426969283,0.786040266648389,0.376588226188109,0.695027880189739,0.695027880189739,"social_isolation_avg"
"10074","TMEM86A","Exc L4-5 RORB IL1RAPL2",-0.235076647773393,0.298066793358498,4.70496639815033,0.0315042815093026,0.194222439019378,0.194222439019378,"social_isolation_avg"
"10075","IGSF22","Exc L4-5 RORB IL1RAPL2",0.0630004584585803,2.2480797778435,0.875193101648882,0.350886346836641,0.671815994907065,0.671815994907065,"social_isolation_avg"
"10076","AC103974.1","Exc L4-5 RORB IL1RAPL2",-0.00373280867286719,3.04119606580725,0.00644376166778588,0.936117201636301,0.98712912113955,0.98712912113955,"social_isolation_avg"
"10077","PTPN5","Exc L4-5 RORB IL1RAPL2",0.00934824286050343,6.62899026456141,0.200441613819108,0.654950807991452,0.876092204878491,0.876092204878491,"social_isolation_avg"
"10078","ZDHHC13","Exc L4-5 RORB IL1RAPL2",0.069051642134245,5.54639463070558,10.7959019938716,0.00124215416783972,0.0271394907733202,0.0271394907733202,"social_isolation_avg"
"10079","CSRP3","Exc L4-5 RORB IL1RAPL2",0.29983202582414,-0.27014552250418,2.12512489892526,0.146798246543672,0.442777304432657,0.442777304432657,"social_isolation_avg"
"10080","AC009652.2","Exc L4-5 RORB IL1RAPL2",0.202095123836175,2.22240989782837,6.45920337397746,0.0119577637225049,0.109487529268264,0.109487529268264,"social_isolation_avg"
"10081","NAV2","Exc L4-5 RORB IL1RAPL2",0.000335790264526803,8.6818276511091,0.000347859646752072,0.985142014809919,0.998300390466684,0.998300390466684,"social_isolation_avg"
"10082","AC009549.1","Exc L4-5 RORB IL1RAPL2",-0.083009236239498,1.60385518990731,1.67090392380642,0.197941448202761,0.512039888881814,0.512039888881814,"social_isolation_avg"
"10083","NAV2-AS3","Exc L4-5 RORB IL1RAPL2",0.0517511833295091,0.69589856317151,0.154599236112192,0.694684992938906,0.896146969833973,0.896146969833973,"social_isolation_avg"
"10084","NAV2-AS2","Exc L4-5 RORB IL1RAPL2",0.0380585960528725,-0.500665662001041,0.0333154634465429,0.85539421276691,0.962871907892362,0.962871907892362,"social_isolation_avg"
"10085","HTATIP2","Exc L4-5 RORB IL1RAPL2",-0.0564932483021756,3.68842073356693,2.31740170435058,0.129844311107986,0.41492724378892,0.41492724378892,"social_isolation_avg"
"10086","PRMT3","Exc L4-5 RORB IL1RAPL2",0.0183759213894083,5.83185592341482,0.712258515303318,0.399914775758275,0.713023561076589,0.713023561076589,"social_isolation_avg"
"10087","NELL1","Exc L4-5 RORB IL1RAPL2",0.0288658253167412,8.50696474357502,0.71723417477963,0.398277124342319,0.71226856991314,0.71226856991314,"social_isolation_avg"
"10088","ANO5","Exc L4-5 RORB IL1RAPL2",0.0488575944275444,7.51680029896032,7.10955937016715,0.00842908659678532,0.0890987416188687,0.0890987416188687,"social_isolation_avg"
"10089","AC104009.1","Exc L4-5 RORB IL1RAPL2",-0.00758900862290879,1.18291364227682,0.00792998398610305,0.929149612053938,0.984597165336141,0.984597165336141,"social_isolation_avg"
"10090","SLC17A6","Exc L4-5 RORB IL1RAPL2",0.131321018554235,3.43619916096924,2.71374202167531,0.101387060754738,0.368912418565462,0.368912418565462,"social_isolation_avg"
"10091","LINC01495","Exc L4-5 RORB IL1RAPL2",-0.0504399718659288,-0.236677128205042,0.107996785219861,0.742852351698562,0.919859649820468,0.919859649820468,"social_isolation_avg"
"10092","FANCF","Exc L4-5 RORB IL1RAPL2",-0.00356437680431162,2.02809045110653,0.00425260467696818,0.948084009184444,0.988740948001749,0.988740948001749,"social_isolation_avg"
"10093","GAS2","Exc L4-5 RORB IL1RAPL2",0.0258899087185735,5.99638336113758,0.371453326761731,0.543049967301798,0.813981638339895,0.813981638339895,"social_isolation_avg"
"10094","SVIP","Exc L4-5 RORB IL1RAPL2",-0.0655128553331284,5.09471531035231,4.23823879832467,0.0410923368301,0.225691757666857,0.225691757666857,"social_isolation_avg"
"10095","AC006299.1","Exc L4-5 RORB IL1RAPL2",0.0267890199791389,4.067346245547,0.416195995420221,0.519735714119357,0.800445568360043,0.800445568360043,"social_isolation_avg"
"10096","AC090092.1","Exc L4-5 RORB IL1RAPL2",-0.0439386478002182,1.96044578198665,0.359615657674722,0.549540894986755,0.816643784119922,0.816643784119922,"social_isolation_avg"
"10097","AC100768.2","Exc L4-5 RORB IL1RAPL2",0.00948518193317262,1.77873004482482,0.00818680038511113,0.928014587538284,0.984191693896747,0.984191693896747,"social_isolation_avg"
"10098","LUZP2","Exc L4-5 RORB IL1RAPL2",0.0444315121623791,5.9453405809007,0.110656580354719,0.739819359633615,0.918150472492957,0.918150472492957,"social_isolation_avg"
"10099","ANO3","Exc L4-5 RORB IL1RAPL2",-0.00158724875263483,7.44765142053177,0.00257094899928158,0.959622188841608,0.991774908215579,0.991774908215579,"social_isolation_avg"
"10100","SLC5A12","Exc L4-5 RORB IL1RAPL2",-0.323181614631656,0.0564080100318633,5.49507832743121,0.0202590523606407,0.149326657466179,0.149326657466179,"social_isolation_avg"
"10101","BBOX1-AS1","Exc L4-5 RORB IL1RAPL2",-0.129605100028083,3.91247908435599,4.67568161059529,0.0320301962451418,0.19581368114841,0.19581368114841,"social_isolation_avg"
"10102","CCDC34","Exc L4-5 RORB IL1RAPL2",-0.072139936092485,4.42969379308219,5.68332637605735,0.0182605678882045,0.141254376538315,0.141254376538315,"social_isolation_avg"
"10103","LGR4","Exc L4-5 RORB IL1RAPL2",0.0283018394665437,5.2465212767163,0.717635987588078,0.398145300693157,0.712167445113937,0.712167445113937,"social_isolation_avg"
"10104","AC100771.2","Exc L4-5 RORB IL1RAPL2",0.0818269325126466,0.972807922943685,0.907448830711051,0.362192638502566,0.682088695528701,0.682088695528701,"social_isolation_avg"
"10105","LIN7C","Exc L4-5 RORB IL1RAPL2",-0.0128808690940887,5.41700399881679,0.251742623865792,0.616518333703577,0.854746611446451,0.854746611446451,"social_isolation_avg"
"10106","BDNF-AS","Exc L4-5 RORB IL1RAPL2",-0.0265019382675232,4.99950197946336,0.461606430816117,0.497824450270988,0.784905430115777,0.784905430115777,"social_isolation_avg"
"10107","BDNF","Exc L4-5 RORB IL1RAPL2",-0.466457342105014,0.140438757656276,2.90695019893729,0.0900771529036338,0.346694428415308,0.346694428415308,"social_isolation_avg"
"10108","METTL15","Exc L4-5 RORB IL1RAPL2",0.0202286275355409,6.59891787605413,1.21993303379937,0.270978971564611,0.600478593203957,0.600478593203957,"social_isolation_avg"
"10109","AC090833.1","Exc L4-5 RORB IL1RAPL2",0.0930498544663862,0.364234762200865,0.711012618485214,0.400326376062492,0.713236851363316,0.713236851363316,"social_isolation_avg"
"10110","AC090124.1","Exc L4-5 RORB IL1RAPL2",0.232352556062058,1.55737886188853,2.74844893206235,0.0992454035606613,0.364767342807163,0.364767342807163,"social_isolation_avg"
"10111","AC107973.1","Exc L4-5 RORB IL1RAPL2",0.0395794221361165,0.390021045121442,0.0980153557172899,0.754619076207345,0.925272055070982,0.925272055070982,"social_isolation_avg"
"10112","LINC01616","Exc L4-5 RORB IL1RAPL2",-0.102135138935052,2.49573813409389,2.71102479901235,0.10155687037699,0.369459247145364,0.369459247145364,"social_isolation_avg"
"10113","KCNA4","Exc L4-5 RORB IL1RAPL2",-0.123474057883841,3.818414974916,10.0467327399654,0.00181883737516562,0.0352481110867892,0.0352481110867892,"social_isolation_avg"
"10114","AC124657.1","Exc L4-5 RORB IL1RAPL2",0.148772935664577,1.41519911789271,0.603513588156628,0.438350859488325,0.741465815517486,0.741465815517486,"social_isolation_avg"
"10115","ARL14EP","Exc L4-5 RORB IL1RAPL2",-0.0464617135164395,5.03296448680543,2.16310124431365,0.143260177169057,0.437338788676303,0.437338788676303,"social_isolation_avg"
"10116","MPPED2","Exc L4-5 RORB IL1RAPL2",0.0158525813261132,6.32492967972253,0.266750708575397,0.606210071662355,0.849259645040976,0.849259645040976,"social_isolation_avg"
"10117","AL136088.1","Exc L4-5 RORB IL1RAPL2",-0.193657156086871,0.557629327020047,2.94395233076758,0.0880731939948542,0.342183347757009,0.342183347757009,"social_isolation_avg"
"10118","DCDC1","Exc L4-5 RORB IL1RAPL2",0.126718269955531,4.59828547017024,4.87973273080803,0.0285490378486182,0.182108558596651,0.182108558596651,"social_isolation_avg"
"10119","DNAJC24","Exc L4-5 RORB IL1RAPL2",0.0285863793573179,5.07226099049319,0.934809340224863,0.335028805737043,0.659496466224572,0.659496466224572,"social_isolation_avg"
"10120","IMMP1L","Exc L4-5 RORB IL1RAPL2",0.000293798646007528,5.44891654759252,0.000139915259026967,0.990576644447204,0.998822911403646,0.998822911403646,"social_isolation_avg"
"10121","ELP4","Exc L4-5 RORB IL1RAPL2",0.0490583638897861,6.83673712554487,9.54037689566571,0.00235838926138378,0.0413559622007809,0.0413559622007809,"social_isolation_avg"
"10122","AC131571.1","Exc L4-5 RORB IL1RAPL2",-0.106181829813663,2.15686283516361,3.5053279337962,0.0629380429114108,0.285120865486964,0.285120865486964,"social_isolation_avg"
"10123","RCN1","Exc L4-5 RORB IL1RAPL2",-0.545352759688601,0.0920955137592671,7.68511608730897,0.0062069628140661,0.074899485538833,0.074899485538833,"social_isolation_avg"
"10124","AL078612.1","Exc L4-5 RORB IL1RAPL2",0.0272049745114614,2.33673853566362,0.165837874865244,0.684364497177879,0.890917736857058,0.890917736857058,"social_isolation_avg"
"10125","EIF3M","Exc L4-5 RORB IL1RAPL2",-0.041033992421596,5.20650926710696,3.35535827991783,0.0874271859573003,0.340831025080322,0.340831025080322,"social_isolation_avg"
"10126","CCDC73","Exc L4-5 RORB IL1RAPL2",0.0815384881756657,2.18040221300482,2.40940775590722,0.122520516977847,0.402686936371686,0.402686936371686,"social_isolation_avg"
"10127","QSER1","Exc L4-5 RORB IL1RAPL2",0.0271885097423139,5.98932220432907,2.60070872605069,0.108723528313633,0.38144963456745,0.38144963456745,"social_isolation_avg"
"10128","TCP11L1","Exc L4-5 RORB IL1RAPL2",0.0134958021682163,5.57421288735177,0.45779425872529,0.499602330202485,0.786014647344504,0.786014647344504,"social_isolation_avg"
"10129","CSTF3","Exc L4-5 RORB IL1RAPL2",0.0488629369978077,6.23791313843561,6.14916113157288,0.0141497372788349,0.120167544856731,0.120167544856731,"social_isolation_avg"
"10130","HIPK3","Exc L4-5 RORB IL1RAPL2",0.033670316198571,5.85698405164065,2.87594696582403,0.091794681264112,0.35070940104301,0.35070940104301,"social_isolation_avg"
"10131","KIAA1549L","Exc L4-5 RORB IL1RAPL2",-0.00592512110256624,8.44535484784008,0.0861370798987894,0.769514891214496,0.931600950583497,0.931600950583497,"social_isolation_avg"
"10132","AL049629.1","Exc L4-5 RORB IL1RAPL2",0.00313597372672635,1.0535358256607,0.000645726811538602,0.979757664637882,0.996999571334318,0.996999571334318,"social_isolation_avg"
"10133","CD59","Exc L4-5 RORB IL1RAPL2",-0.0519884594029848,1.50526076001827,0.476973066603413,0.495479685804962,0.783992278087555,0.783992278087555,"social_isolation_avg"
"10134","FBXO3","Exc L4-5 RORB IL1RAPL2",-0.00587553022972498,5.8392337462549,0.125184761320414,0.72392872660022,0.910112559166016,0.910112559166016,"social_isolation_avg"
"10135","LMO2","Exc L4-5 RORB IL1RAPL2",-0.022132370337877,0.38445037506896,0.0262785179503323,0.871419973450616,0.968409333822337,0.968409333822337,"social_isolation_avg"
"10136","CAPRIN1","Exc L4-5 RORB IL1RAPL2",-0.0242356986058568,5.7127654902281,1.96978965868052,0.162345982354307,0.465064092676129,0.465064092676129,"social_isolation_avg"
"10137","NAT10","Exc L4-5 RORB IL1RAPL2",0.0213385607562149,5.30889695201908,1.12203037984515,0.43834652970443,0.741465815517486,0.741465815517486,"social_isolation_avg"
"10138","ABTB2","Exc L4-5 RORB IL1RAPL2",-0.0393790467456522,1.85841191740508,0.140854475211116,0.707914164642932,0.903301329219319,0.903301329219319,"social_isolation_avg"
"10139","CAT","Exc L4-5 RORB IL1RAPL2",-0.90051625358133,-0.86015778039484,6.91389562604729,0.00935994169558112,0.0951635985073028,0.0951635985073028,"social_isolation_avg"
"10140","APIP","Exc L4-5 RORB IL1RAPL2",0.0944309848368846,4.94200618024361,3.96753936600706,0.0480323291518023,0.246218083006099,0.246218083006099,"social_isolation_avg"
"10141","PDHX","Exc L4-5 RORB IL1RAPL2",0.0197357250400254,6.52381496867612,1.18174656954522,0.278583341683916,0.609621312931031,0.609621312931031,"social_isolation_avg"
"10142","SLC1A2","Exc L4-5 RORB IL1RAPL2",-0.0677430892869954,6.41661515950612,1.84186386515153,0.17658288271881,0.482952393105409,0.482952393105409,"social_isolation_avg"
"10143","PAMR1","Exc L4-5 RORB IL1RAPL2",-0.104247334155434,1.98598513045931,0.699509662756078,0.404155940438345,0.716014470883326,0.716014470883326,"social_isolation_avg"
"10144","AL135934.1","Exc L4-5 RORB IL1RAPL2",0.0192828558312103,-0.350052167615505,0.0170980410874743,0.896124581836177,0.976346158479904,0.976346158479904,"social_isolation_avg"
"10145","FJX1","Exc L4-5 RORB IL1RAPL2",-0.119426848348066,3.02820048949679,3.66040253751933,0.0574487448719709,0.27208703422342,0.27208703422342,"social_isolation_avg"
"10146","TRIM44","Exc L4-5 RORB IL1RAPL2",-0.04418434834751,7.76324708127221,7.05876672748787,0.00866112343493651,0.0904501350611006,0.0904501350611006,"social_isolation_avg"
"10147","LDLRAD3","Exc L4-5 RORB IL1RAPL2",0.015451560670994,6.80973436172472,0.206022245225571,0.650498538875368,0.873132850688131,0.873132850688131,"social_isolation_avg"
"10148","COMMD9","Exc L4-5 RORB IL1RAPL2",-0.0244810274232914,3.85994184783322,0.624596503021796,0.43047666085331,0.736042734502574,0.736042734502574,"social_isolation_avg"
"10149","PRR5L","Exc L4-5 RORB IL1RAPL2",-0.371165231763846,-0.456005295561735,1.6015624814451,0.207473669604278,0.525144495114287,0.525144495114287,"social_isolation_avg"
"10150","TRAF6","Exc L4-5 RORB IL1RAPL2",0.00424546614536895,4.77419636251466,0.0249711866072908,0.874631759240487,0.970268967905093,0.970268967905093,"social_isolation_avg"
"10151","RAG1","Exc L4-5 RORB IL1RAPL2",0.0517443593930575,1.44426914126068,0.477314789285913,0.592828498126263,0.842426437329855,0.842426437329855,"social_isolation_avg"
"10152","RAG2","Exc L4-5 RORB IL1RAPL2",-0.0738389347979656,-0.42096581292845,0.159402504143722,0.69022256831583,0.893676052256912,0.893676052256912,"social_isolation_avg"
"10153","C11orf74","Exc L4-5 RORB IL1RAPL2",-0.0474296811453507,4.99830278186136,4.05109169630469,0.0457661004333268,0.240072189159683,0.240072189159683,"social_isolation_avg"
"10154","AC022796.1","Exc L4-5 RORB IL1RAPL2",-0.107744495549584,0.267128703581572,0.145812811724595,0.703059783820554,0.900586045593367,0.900586045593367,"social_isolation_avg"
"10155","LRRC4C","Exc L4-5 RORB IL1RAPL2",0.0476682946916992,9.55931689957415,2.81827440964873,0.0950859595647516,0.356784613292812,0.356784613292812,"social_isolation_avg"
"10156","AC090138.1","Exc L4-5 RORB IL1RAPL2",-0.250359922900455,0.300899353335617,3.94659708270978,0.0486188913538195,0.247623990898231,0.247623990898231,"social_isolation_avg"
"10157","LINC01499","Exc L4-5 RORB IL1RAPL2",0.194552108198439,-0.189232687667595,1.82794160821067,0.178217864672226,0.484705330392072,0.484705330392072,"social_isolation_avg"
"10158","AC079917.1","Exc L4-5 RORB IL1RAPL2",-0.342080455027884,-0.16256220630816,4.63903833333465,0.0327013249175257,0.198139305304928,0.198139305304928,"social_isolation_avg"
"10159","API5","Exc L4-5 RORB IL1RAPL2",0.0141012640427613,5.8773455620999,0.557768540687723,0.456221698648845,0.754362558781333,0.754362558781333,"social_isolation_avg"
"10160","AC087276.2","Exc L4-5 RORB IL1RAPL2",0.0495015754779147,1.22045318014258,0.402553387383991,0.526650653666846,0.805428145653928,0.805428145653928,"social_isolation_avg"
"10161","TTC17","Exc L4-5 RORB IL1RAPL2",0.0698124962651583,7.75033269044078,26.4474874217644,7.58618456735713e-07,0.000320101173302441,0.000320101173302441,"social_isolation_avg"
"10162","AC068205.1","Exc L4-5 RORB IL1RAPL2",-0.0844418340045344,4.50130114891523,1.4128970068766,0.236280951739526,0.559813659887749,0.559813659887749,"social_isolation_avg"
"10163","HSD17B12","Exc L4-5 RORB IL1RAPL2",0.00278415164001734,6.76166133527718,0.00359358788793966,0.952270625824149,0.989452900160271,0.989452900160271,"social_isolation_avg"
"10164","AC087521.2","Exc L4-5 RORB IL1RAPL2",-0.0167227355991236,0.828118106070547,0.0249138594079988,0.87477454841469,0.970370477255927,0.970370477255927,"social_isolation_avg"
"10165","ALKBH3","Exc L4-5 RORB IL1RAPL2",0.0551806295293436,4.69251785494492,5.61838592521962,0.0189256558655299,0.143826367043612,0.143826367043612,"social_isolation_avg"
"10166","C11orf96","Exc L4-5 RORB IL1RAPL2",-0.0818666920149129,2.16478474403935,0.842444212238316,0.360035953764508,0.679978836462166,0.679978836462166,"social_isolation_avg"
"10167","ACCS","Exc L4-5 RORB IL1RAPL2",-0.00408694243099508,2.95746717451489,0.00690374132298483,0.933881500724026,0.986583286147705,0.986583286147705,"social_isolation_avg"
"10168","EXT2","Exc L4-5 RORB IL1RAPL2",0.0153722141174756,6.32738193937431,0.487593755444518,0.485983825668699,0.776958171987955,0.776958171987955,"social_isolation_avg"
"10169","TSPAN18","Exc L4-5 RORB IL1RAPL2",-0.247032662479424,-0.0943981286832582,1.30600962897366,0.254770939087931,0.58290876129452,0.58290876129452,"social_isolation_avg"
"10170","TP53I11","Exc L4-5 RORB IL1RAPL2",0.0321400109186068,3.24926366230951,0.314794132738778,0.575512901438346,0.833023225834987,0.833023225834987,"social_isolation_avg"
"10171","PRDM11","Exc L4-5 RORB IL1RAPL2",-0.0441582827826971,4.20017128122332,1.90965463751121,0.168866328977974,0.472778436185035,0.472778436185035,"social_isolation_avg"
"10172","AC103681.2","Exc L4-5 RORB IL1RAPL2",-0.153607565804887,-0.604765082373647,0.728960755934512,0.394455850809923,0.709458094408227,0.709458094408227,"social_isolation_avg"
"10173","SYT13","Exc L4-5 RORB IL1RAPL2",-0.0370099377532265,5.4893607207035,1.70118134609058,0.193946761642236,0.50629941937692,0.50629941937692,"social_isolation_avg"
"10174","AC103736.1","Exc L4-5 RORB IL1RAPL2",-0.136697167403227,1.72208521711713,4.99590283435994,0.026747063438411,0.175175211948139,0.175175211948139,"social_isolation_avg"
"10175","AC018716.2","Exc L4-5 RORB IL1RAPL2",0.047745508718636,-0.00377257662569676,0.13542499924256,0.713343033466408,0.905910701135506,0.905910701135506,"social_isolation_avg"
"10176","AC103855.3","Exc L4-5 RORB IL1RAPL2",0.0468477235599517,6.78453518675968,0.88134992608181,0.349201979709309,0.671078252151497,0.671078252151497,"social_isolation_avg"
"10177","CHST1","Exc L4-5 RORB IL1RAPL2",-0.0630752872119644,4.99377441029325,3.79243879292049,0.0531790216689883,0.261418620160802,0.261418620160802,"social_isolation_avg"
"10178","SLC35C1","Exc L4-5 RORB IL1RAPL2",-0.058560491157174,1.6325098046895,0.949641452681022,0.331234517347922,0.656484932836832,0.656484932836832,"social_isolation_avg"
"10179","CRY2","Exc L4-5 RORB IL1RAPL2",-0.0110426788729924,5.74083385256622,0.148876688141956,0.700107290655579,0.899494810173801,0.899494810173801,"social_isolation_avg"
"10180","MAPK8IP1","Exc L4-5 RORB IL1RAPL2",-0.0180208074956919,4.96945629284204,0.531677076607215,0.765836750048137,0.930270533458556,0.930270533458556,"social_isolation_avg"
"10181","PEX16","Exc L4-5 RORB IL1RAPL2",-0.0448599440204265,3.12647349618186,1.45795776488078,0.361545787177548,0.681423233308735,0.681423233308735,"social_isolation_avg"
"10182","PHF21A","Exc L4-5 RORB IL1RAPL2",0.0199527524712447,7.44113158234679,1.46494823987618,0.227872334421916,0.549563951168441,0.549563951168441,"social_isolation_avg"
"10183","AC024475.4","Exc L4-5 RORB IL1RAPL2",0.176669212084022,0.370128253008808,2.4204716114293,0.121671425234728,0.401210358463973,0.401210358463973,"social_isolation_avg"
"10184","CREB3L1","Exc L4-5 RORB IL1RAPL2",-0.128542925815702,2.38159864394044,2.96583181553118,0.0869112174391182,0.340042833987915,0.340042833987915,"social_isolation_avg"
"10185","DGKZ","Exc L4-5 RORB IL1RAPL2",-0.00900124955630119,7.63931303469232,0.190729229809413,0.662880322875341,0.880474453430981,0.880474453430981,"social_isolation_avg"
"10186","MDK","Exc L4-5 RORB IL1RAPL2",-0.0752658659225311,1.14047675226047,0.927147206080661,0.371449552813707,0.689489203891637,0.689489203891637,"social_isolation_avg"
"10187","AMBRA1","Exc L4-5 RORB IL1RAPL2",-0.00170624987819698,7.18167750787555,0.0106497437679186,0.917931242859509,0.9830198062462,0.9830198062462,"social_isolation_avg"
"10188","HARBI1","Exc L4-5 RORB IL1RAPL2",0.110176877232203,1.74869147171873,3.7639058032772,0.0540720689424376,0.26402519134448,0.26402519134448,"social_isolation_avg"
"10189","ATG13","Exc L4-5 RORB IL1RAPL2",-0.00576452419106125,5.57046873464518,0.0939587826845628,0.937724348654629,0.987679937702863,0.987679937702863,"social_isolation_avg"
"10190","ARHGAP1","Exc L4-5 RORB IL1RAPL2",-0.0082355979662426,4.80642448565871,0.102532812138176,0.749215478360159,0.922531337646578,0.922531337646578,"social_isolation_avg"
"10191","ZNF408","Exc L4-5 RORB IL1RAPL2",-0.106126768697888,1.41592374148341,2.3001725929477,0.13126971404049,0.417100024560109,0.417100024560109,"social_isolation_avg"
"10192","CKAP5","Exc L4-5 RORB IL1RAPL2",-0.0212040760948349,6.62126827076676,1.94002309524592,0.165536529760951,0.468888913599677,0.468888913599677,"social_isolation_avg"
"10193","LRP4-AS1","Exc L4-5 RORB IL1RAPL2",0.13396910606343,0.370834940542132,1.07168717509044,0.302076785673432,0.63330690988665,0.63330690988665,"social_isolation_avg"
"10194","LRP4","Exc L4-5 RORB IL1RAPL2",-0.162947608864231,4.59839444132006,2.46229338459683,0.118520706089236,0.397118873723115,0.397118873723115,"social_isolation_avg"
"10195","C11orf49","Exc L4-5 RORB IL1RAPL2",0.0354665827717229,7.48094909548729,4.78674557655137,0.0300832453700762,0.188229194989157,0.188229194989157,"social_isolation_avg"
"10196","AC090589.2","Exc L4-5 RORB IL1RAPL2",0.104118832257672,0.430315712525994,0.983649748154529,0.322749003145937,0.650067478020468,0.650067478020468,"social_isolation_avg"
"10197","ARFGAP2","Exc L4-5 RORB IL1RAPL2",-0.0347863999362811,5.03572312007984,1.90004548524854,0.16993600750425,0.474802007972225,0.474802007972225,"social_isolation_avg"
"10198","PACSIN3","Exc L4-5 RORB IL1RAPL2",0.09774635403053,0.0209897701098464,0.498716980722635,0.48105858962006,0.773988909370847,0.773988909370847,"social_isolation_avg"
"10199","DDB2","Exc L4-5 RORB IL1RAPL2",0.0663479801390104,3.66355845482564,3.01568852030573,0.0843254795305698,0.334070853894035,0.334070853894035,"social_isolation_avg"
"10200","ACP2","Exc L4-5 RORB IL1RAPL2",-0.0407694349767526,3.0422943799426,0.812183139978096,0.368786797129447,0.687266324090048,0.687266324090048,"social_isolation_avg"
"10201","NR1H3","Exc L4-5 RORB IL1RAPL2",0.0134319869445753,4.36632271284673,0.205475365969752,0.650931606788163,0.873494817875095,0.873494817875095,"social_isolation_avg"
"10202","MADD","Exc L4-5 RORB IL1RAPL2",-0.0216043208781095,6.13634323338233,0.988681578899703,0.32151814934597,0.648593626315289,0.648593626315289,"social_isolation_avg"
"10203","SPI1","Exc L4-5 RORB IL1RAPL2",-0.00582827484668298,1.14472135314921,0.00544320229203367,0.941276188450929,0.987961902248838,0.987961902248838,"social_isolation_avg"
"10204","AC090559.1","Exc L4-5 RORB IL1RAPL2",0.032110664184508,0.7940257037388,0.130377790287883,0.718501719399816,0.90813433752598,0.90813433752598,"social_isolation_avg"
"10205","SLC39A13","Exc L4-5 RORB IL1RAPL2",0.00711166943058775,3.18225900791721,0.0398283668927526,0.842061827910479,0.959798303969529,0.959798303969529,"social_isolation_avg"
"10206","PSMC3","Exc L4-5 RORB IL1RAPL2",-0.0916643007497579,3.50146852117625,5.16484167136154,0.0243367397784299,0.166168322443437,0.166168322443437,"social_isolation_avg"
"10207","CELF1","Exc L4-5 RORB IL1RAPL2",0.0567831381208391,7.57614193289938,10.8255273371714,0.00122364891433075,0.0268592356241903,0.0268592356241903,"social_isolation_avg"
"10208","NDUFS3","Exc L4-5 RORB IL1RAPL2",-0.0746727709168302,4.27251635355319,6.08671953801629,0.0146395808265124,0.122592928130307,0.122592928130307,"social_isolation_avg"
"10209","KBTBD4","Exc L4-5 RORB IL1RAPL2",0.0145040964402053,3.01337616671626,0.12051585874782,0.929623058445522,0.984652291733636,0.984652291733636,"social_isolation_avg"
"10210","C1QTNF4","Exc L4-5 RORB IL1RAPL2",-0.123291802224666,4.50569198489838,5.35570897613708,0.021885083430535,0.156174755095561,0.156174755095561,"social_isolation_avg"
"10211","MTCH2","Exc L4-5 RORB IL1RAPL2",0.041623540065009,5.42245331212673,2.97347681846858,0.0865091639910254,0.338960424906646,0.338960424906646,"social_isolation_avg"
"10212","AGBL2","Exc L4-5 RORB IL1RAPL2",0.00888940422468473,0.0631865449242881,0.00650584080763777,0.935810883655659,0.986983151039506,0.986983151039506,"social_isolation_avg"
"10213","FNBP4","Exc L4-5 RORB IL1RAPL2",0.0465763055820486,6.63962332530624,7.21565830620623,0.00796489611726484,0.086578308542192,0.086578308542192,"social_isolation_avg"
"10214","NUP160","Exc L4-5 RORB IL1RAPL2",0.0439203052779483,5.63831000817062,4.32290493606094,0.0391468452394245,0.219526565191545,0.219526565191545,"social_isolation_avg"
"10215","PTPRJ","Exc L4-5 RORB IL1RAPL2",-0.0707565510917239,6.31563162329653,11.0051519548148,0.00111732886768829,0.0254710596452171,0.0254710596452171,"social_isolation_avg"
"10216","LRRC55","Exc L4-5 RORB IL1RAPL2",-0.0718243066465135,2.85633101993786,1.87058410070458,0.173264819937512,0.478641277961607,0.478641277961607,"social_isolation_avg"
"10217","TNKS1BP1","Exc L4-5 RORB IL1RAPL2",0.0122079303445076,3.36389912034503,0.0990989727876201,0.753310610784586,0.924635278271239,0.924635278271239,"social_isolation_avg"
"10218","SSRP1","Exc L4-5 RORB IL1RAPL2",-0.0334253902872432,4.45543044777967,1.76315935631425,0.18606165106112,0.49452215637419,0.49452215637419,"social_isolation_avg"
"10219","RTN4RL2","Exc L4-5 RORB IL1RAPL2",-0.0975128191656056,4.21988946728282,5.35395904034061,0.0219063466579888,0.156175578415903,0.156175578415903,"social_isolation_avg"
"10220","SLC43A1","Exc L4-5 RORB IL1RAPL2",-0.0145874496850567,2.82661558484476,0.0846303518626097,0.771482582053291,0.932670240561646,0.932670240561646,"social_isolation_avg"
"10221","TIMM10","Exc L4-5 RORB IL1RAPL2",-0.184129839832264,2.30050546250743,9.28407413602007,0.00269159268329295,0.044712576962762,0.044712576962762,"social_isolation_avg"
"10222","UBE2L6","Exc L4-5 RORB IL1RAPL2",-0.152576097148451,2.26912753517065,8.08470008832169,0.00502765887860517,0.0656057473393713,0.0656057473393713,"social_isolation_avg"
"10223","SERPING1","Exc L4-5 RORB IL1RAPL2",0.00971239798014122,3.6177608032167,0.0724800964796258,0.788095164454189,0.939487689430299,0.939487689430299,"social_isolation_avg"
"10224","YPEL4","Exc L4-5 RORB IL1RAPL2",-0.0648936030353127,4.4106033980492,4.50978007604988,0.0351896585111677,0.205374314833376,0.205374314833376,"social_isolation_avg"
"10225","CLP1","Exc L4-5 RORB IL1RAPL2",-0.00699269688155808,2.08283842615729,0.0133150955976038,0.92776700560728,0.98417618971798,0.98417618971798,"social_isolation_avg"
"10226","ZDHHC5","Exc L4-5 RORB IL1RAPL2",-0.000730032741168032,4.5656368729663,0.000764895923996946,0.977969279420366,0.996776380947681,0.996776380947681,"social_isolation_avg"
"10227","MED19","Exc L4-5 RORB IL1RAPL2",-0.070001776397515,4.13915216851659,4.14421342366495,0.0433736699042876,0.232572078693179,0.232572078693179,"social_isolation_avg"
"10228","BTBD18","Exc L4-5 RORB IL1RAPL2",0.155053303019696,-0.00794615829266644,1.29118288945186,0.257474786278425,0.585538513362269,0.585538513362269,"social_isolation_avg"
"10229","CTNND1","Exc L4-5 RORB IL1RAPL2",-0.0137855618595068,5.53019774646038,0.267327334863907,0.605821411648537,0.849203710342991,0.849203710342991,"social_isolation_avg"
"10230","OR9Q1","Exc L4-5 RORB IL1RAPL2",-0.0903427922818953,0.834703988711416,0.9266236855125,0.337147874469853,0.661054397185915,0.661054397185915,"social_isolation_avg"
"10231","LPXN","Exc L4-5 RORB IL1RAPL2",0.0337798421462344,3.71033474141059,0.756874918450486,0.385569881605252,0.702381037665558,0.702381037665558,"social_isolation_avg"
"10232","ZFP91-CNTF","Exc L4-5 RORB IL1RAPL2",0.0381212126457326,0.532124893780201,0.170118733805634,0.848186573223508,0.961873912835597,0.961873912835597,"social_isolation_avg"
"10233","GLYAT","Exc L4-5 RORB IL1RAPL2",0.107694007151837,2.04886106796228,2.02620644258608,0.156490859948795,0.455963030163992,0.455963030163992,"social_isolation_avg"
"10234","GLYATL2","Exc L4-5 RORB IL1RAPL2",0.0391520299796172,4.50884777529645,0.984789826582962,0.322469577681739,0.649689484947856,0.649689484947856,"social_isolation_avg"
"10235","GLYATL1","Exc L4-5 RORB IL1RAPL2",-0.0191347006760625,1.13919462237115,0.0534695680724636,0.817418316545379,0.951599926146172,0.951599926146172,"social_isolation_avg"
"10236","AP001636.3","Exc L4-5 RORB IL1RAPL2",-0.106448371526371,0.628382094015865,0.529579614882766,0.467813187346793,0.763322983596814,0.763322983596814,"social_isolation_avg"
"10237","FAM111A-DT","Exc L4-5 RORB IL1RAPL2",0.0649436730839476,0.46811569099881,0.481243937614246,0.488833107653457,0.779668821538485,0.779668821538485,"social_isolation_avg"
"10238","DTX4","Exc L4-5 RORB IL1RAPL2",-0.0662548861329213,4.14125665700665,4.55351534607094,0.0343260642230859,0.203074779816776,0.203074779816776,"social_isolation_avg"
"10239","OSBP","Exc L4-5 RORB IL1RAPL2",-0.00272589403003874,5.34719153005812,0.0196825520972641,0.888598103780571,0.974450256267079,0.974450256267079,"social_isolation_avg"
"10240","AP000442.2","Exc L4-5 RORB IL1RAPL2",0.101407690387506,0.554502831755684,1.16119822399922,0.282787267940572,0.614095936727139,0.614095936727139,"social_isolation_avg"
"10241","PATL1","Exc L4-5 RORB IL1RAPL2",-0.0155031573310778,3.81259398893643,0.272450766397287,0.602391244355071,0.847630498803236,0.847630498803236,"social_isolation_avg"
"10242","STX3","Exc L4-5 RORB IL1RAPL2",-0.00324274243454753,5.62468892913962,0.0246581008380183,0.875413646452347,0.970500479269633,0.970500479269633,"social_isolation_avg"
"10243","MRPL16","Exc L4-5 RORB IL1RAPL2",-0.0943886586340366,3.53399959942182,6.65582622652749,0.0107530823596067,0.102861006737168,0.102861006737168,"social_isolation_avg"
"10244","GIF","Exc L4-5 RORB IL1RAPL2",-0.0409689463662075,0.0725610877288181,0.111459608986612,0.738911630634592,0.917657197629383,0.917657197629383,"social_isolation_avg"
"10245","AP002347.1","Exc L4-5 RORB IL1RAPL2",0.115034710892086,1.6177771022453,2.22061704916738,0.189481033219409,0.499857897176944,0.499857897176944,"social_isolation_avg"
"10246","AP000790.3","Exc L4-5 RORB IL1RAPL2",0.0726330145952525,1.18145588033093,0.494007881520921,0.483133598870088,0.775372863914549,0.775372863914549,"social_isolation_avg"
"10247","MS4A5","Exc L4-5 RORB IL1RAPL2",0.0610209764885733,1.18386342088105,0.385173751552761,0.535702024019723,0.810233253115682,0.810233253115682,"social_isolation_avg"
"10248","MS4A13","Exc L4-5 RORB IL1RAPL2",0.00914843196369261,1.66775123004234,0.0101705647179747,0.919792375358068,0.983247337638765,0.983247337638765,"social_isolation_avg"
"10249","CCDC86","Exc L4-5 RORB IL1RAPL2",-0.0854944806874604,1.40361081636066,1.34601196827867,0.443755785514871,0.745476624143379,0.745476624143379,"social_isolation_avg"
"10250","PRPF19","Exc L4-5 RORB IL1RAPL2",-0.071483686627194,5.54383423571453,8.4730096515286,0.00410190572887599,0.0580494826447739,0.0580494826447739,"social_isolation_avg"
"10251","TMEM109","Exc L4-5 RORB IL1RAPL2",-0.203443395130757,3.38787307805695,27.1258804371425,5.60878929477512e-07,0.000286821357422811,0.000286821357422811,"social_isolation_avg"
"10252","AP003721.1","Exc L4-5 RORB IL1RAPL2",-0.353075530167665,-0.0848958037502058,7.27150744159005,0.00773124773493258,0.0852961739898889,0.0852961739898889,"social_isolation_avg"
"10253","TMEM132A","Exc L4-5 RORB IL1RAPL2",-0.115718202719224,5.21815985503469,11.8180306038557,0.000742231483677082,0.0194910666593719,0.0194910666593719,"social_isolation_avg"
"10254","CD6","Exc L4-5 RORB IL1RAPL2",0.0304966845451087,1.33573776754653,0.0924298048514889,0.761492967871153,0.928722988596757,0.928722988596757,"social_isolation_avg"
"10255","CD5","Exc L4-5 RORB IL1RAPL2",0.0814982581956459,-0.382549351275947,0.2669891681939,0.606049279594505,0.849203710342991,0.849203710342991,"social_isolation_avg"
"10256","VPS37C","Exc L4-5 RORB IL1RAPL2",-0.0280657500742201,4.15819486363382,0.822202840816396,0.365856818890018,0.684435126578805,0.684435126578805,"social_isolation_avg"
"10257","VWCE","Exc L4-5 RORB IL1RAPL2",0.0379622962773085,3.37433067489293,0.723906730483212,0.396096229263485,0.710527834143388,0.710527834143388,"social_isolation_avg"
"10258","DDB1","Exc L4-5 RORB IL1RAPL2",-0.0565242457768274,5.68716642718791,8.60717261715743,0.00382446358874057,0.0558293794511581,0.0558293794511581,"social_isolation_avg"
"10259","TKFC","Exc L4-5 RORB IL1RAPL2",-0.0880483149246305,2.68473317448058,3.17644001927218,0.076543016193774,0.317585193532748,0.317585193532748,"social_isolation_avg"
"10260","CYB561A3","Exc L4-5 RORB IL1RAPL2",-0.068723444329407,2.48138201313908,2.14670393260419,0.144775814610583,0.439695535834163,0.439695535834163,"social_isolation_avg"
"10261","TMEM138","Exc L4-5 RORB IL1RAPL2",0.0565011928392484,3.09877925304862,2.67897051260241,0.103583929340059,0.372586956329437,0.372586956329437,"social_isolation_avg"
"10262","TMEM216","Exc L4-5 RORB IL1RAPL2",-0.0179456460940657,2.26174644932685,0.104150519429289,0.793938253007471,0.942443216133168,0.942443216133168,"social_isolation_avg"
"10263","CPSF7","Exc L4-5 RORB IL1RAPL2",-0.0125209312333936,5.33836938213545,0.458926970588698,0.538223384024116,0.811646182284235,0.811646182284235,"social_isolation_avg"
"10264","AP003108.2","Exc L4-5 RORB IL1RAPL2",0.0658765834712205,5.23677435389562,5.31836632897132,0.022343552526752,0.15816025340766,0.15816025340766,"social_isolation_avg"
"10265","PPP1R32","Exc L4-5 RORB IL1RAPL2",-0.134678027264862,1.28700882282108,3.5096487392304,0.0627776861491053,0.285053179656161,0.285053179656161,"social_isolation_avg"
"10266","AP003108.1","Exc L4-5 RORB IL1RAPL2",0.201481037222262,0.112232130845578,2.11239017173731,0.148006838798839,0.444481670233746,0.444481670233746,"social_isolation_avg"
"10267","LRRC10B","Exc L4-5 RORB IL1RAPL2",-0.140615318599305,0.171144915924235,1.41498865808637,0.235935848503904,0.559503508200794,0.559503508200794,"social_isolation_avg"
"10268","SYT7","Exc L4-5 RORB IL1RAPL2",-0.0184434647291763,7.81935904850746,0.559459699731684,0.455540847302352,0.753961544069962,0.753961544069962,"social_isolation_avg"
"10269","AP002754.1","Exc L4-5 RORB IL1RAPL2",0.230408328382021,0.0837757381934754,3.2835119310458,0.0717939424572284,0.307068740989825,0.307068740989825,"social_isolation_avg"
"10270","DAGLA","Exc L4-5 RORB IL1RAPL2",0.0176718267647192,5.17558767443453,0.45967803403378,0.498722448982514,0.785378897810916,0.785378897810916,"social_isolation_avg"
"10271","MYRF","Exc L4-5 RORB IL1RAPL2",-1.00963576633742,-1.23551405712685,5.18642875940408e-08,0.999824393461524,1,1,"social_isolation_avg"
"10272","TMEM258","Exc L4-5 RORB IL1RAPL2",-0.121199469599024,3.60892689334123,9.97456204579113,0.00188725038527997,0.0360437684270968,0.0360437684270968,"social_isolation_avg"
"10273","FADS2","Exc L4-5 RORB IL1RAPL2",0.0399339278734225,3.80452477604675,0.869561390059154,0.352436816666985,0.672660809354938,0.672660809354938,"social_isolation_avg"
"10274","FADS1","Exc L4-5 RORB IL1RAPL2",0.0452869747009039,4.3534422710692,1.6054010752952,0.206921739974122,0.524259004023883,0.524259004023883,"social_isolation_avg"
"10275","FADS3","Exc L4-5 RORB IL1RAPL2",-0.0273992477355988,5.26663268354033,1.0742049553657,0.301511402414265,0.632401867318513,0.632401867318513,"social_isolation_avg"
"10276","RAB3IL1","Exc L4-5 RORB IL1RAPL2",0.0155507295458174,0.243844454707712,0.0228117210031421,0.979048166020213,0.996876364716566,0.996876364716566,"social_isolation_avg"
"10277","FTH1","Exc L4-5 RORB IL1RAPL2",-0.0792452241327828,7.79040162281234,8.89232910514679,0.00329702983771799,0.0508419735610938,0.0508419735610938,"social_isolation_avg"
"10278","INCENP","Exc L4-5 RORB IL1RAPL2",-0.019321385889716,3.18895297523704,0.251574471290908,0.616635989998205,0.854746611446451,0.854746611446451,"social_isolation_avg"
"10279","ASRGL1","Exc L4-5 RORB IL1RAPL2",-0.00228996900533845,4.37062075182271,0.00499284694045726,0.943753708063676,0.988051457597129,0.988051457597129,"social_isolation_avg"
"10280","SCGB1A1","Exc L4-5 RORB IL1RAPL2",0.0223467920448246,0.0106336240515166,0.0365569554462439,0.84860454350294,0.961873912835597,0.961873912835597,"social_isolation_avg"
"10281","AHNAK","Exc L4-5 RORB IL1RAPL2",0.0757045824730745,0.980990370519407,0.832612314898584,0.36284713576622,0.682312726677862,0.682312726677862,"social_isolation_avg"
"10282","MTA2","Exc L4-5 RORB IL1RAPL2",0.0843924563662406,1.63265932929633,1.53046256391475,0.316355287136514,0.644443498489681,0.644443498489681,"social_isolation_avg"
"10283","EML3","Exc L4-5 RORB IL1RAPL2",0.117517788974251,0.378300801710314,1.05732824145953,0.305327647141159,0.635939119731827,0.635939119731827,"social_isolation_avg"
"10284","B3GAT3","Exc L4-5 RORB IL1RAPL2",-0.0573545694439047,4.7158884153488,3.332048838692,0.0697470679292102,0.302402445529007,0.302402445529007,"social_isolation_avg"
"10285","GANAB","Exc L4-5 RORB IL1RAPL2",-0.0351817308491798,4.77138676732163,2.73413756438389,0.100122413895694,0.366212293315374,0.366212293315374,"social_isolation_avg"
"10286","INTS5","Exc L4-5 RORB IL1RAPL2",-0.148380019848401,2.10967937896515,6.26845782920025,0.0132606690671757,0.115842694352451,0.115842694352451,"social_isolation_avg"
"10287","AP001458.2","Exc L4-5 RORB IL1RAPL2",-0.0021815691088375,0.508585345852658,0.000582712961045013,0.980770493740877,0.99708265216268,0.99708265216268,"social_isolation_avg"
"10288","LBHD1","Exc L4-5 RORB IL1RAPL2",0.0610981074950449,-0.290340240865865,0.194325389795338,0.659916745632522,0.878758867204796,0.878758867204796,"social_isolation_avg"
"10289","CSKMT","Exc L4-5 RORB IL1RAPL2",0.0127295208602611,1.93531651439842,0.0390788687417284,0.976384997131706,0.996653621356429,0.996653621356429,"social_isolation_avg"
"10290","UQCC3","Exc L4-5 RORB IL1RAPL2",-0.177021141095189,2.31344503668684,9.54702915324961,0.00235032795434242,0.0412911376268457,0.0412911376268457,"social_isolation_avg"
"10291","UBXN1","Exc L4-5 RORB IL1RAPL2",-0.0925516342425519,3.51260187144923,6.53768446844133,0.0114609543647461,0.106588948592235,0.106588948592235,"social_isolation_avg"
"10292","GNG3","Exc L4-5 RORB IL1RAPL2",-0.165958366386981,5.36397368803974,12.9871158499821,0.000414726799620065,0.0135527560891386,0.0135527560891386,"social_isolation_avg"
"10293","TTC9C","Exc L4-5 RORB IL1RAPL2",0.0180671021801846,4.70785838202158,0.451407868941028,0.502605091830728,0.788490416155567,0.788490416155567,"social_isolation_avg"
"10294","ZBTB3","Exc L4-5 RORB IL1RAPL2",-0.0471335190131086,1.3458124448018,0.387237784926086,0.534612370019014,0.809700884133067,0.809700884133067,"social_isolation_avg"
"10295","POLR2G","Exc L4-5 RORB IL1RAPL2",-0.0547335278913081,1.93410110222947,0.715429800146063,0.398869872858921,0.712655039127824,0.712655039127824,"social_isolation_avg"
"10296","AP001160.2","Exc L4-5 RORB IL1RAPL2",-0.0955083648516723,1.31560369696686,1.5533763685752,0.214401093800728,0.533765205227689,0.533765205227689,"social_isolation_avg"
"10297","TAF6L","Exc L4-5 RORB IL1RAPL2",-0.00746676129088508,3.28573246626399,0.0502847497123911,0.822845461836284,0.953227927203764,0.953227927203764,"social_isolation_avg"
"10298","TMEM223","Exc L4-5 RORB IL1RAPL2",-0.085725028076473,4.00446395610096,5.13546501781431,0.0247389152783283,0.167233210778985,0.167233210778985,"social_isolation_avg"
"10299","TMEM179B","Exc L4-5 RORB IL1RAPL2",-0.0427352720524195,3.55436938982146,1.2065578532469,0.313730088828632,0.642373438801511,0.642373438801511,"social_isolation_avg"
"10300","NXF1","Exc L4-5 RORB IL1RAPL2",0.0116329947619449,4.32652060599472,0.084480107901087,0.771679830128624,0.932678776012287,0.932678776012287,"social_isolation_avg"
"10301","STX5","Exc L4-5 RORB IL1RAPL2",0.0260829876162294,4.79591987159973,1.04475855089248,0.308210925185233,0.638246570584414,0.638246570584414,"social_isolation_avg"
"10302","AP001160.1","Exc L4-5 RORB IL1RAPL2",0.0740738495775581,0.431999874267671,0.398899375216434,0.528530678708801,0.806413109575778,0.806413109575778,"social_isolation_avg"
"10303","WDR74","Exc L4-5 RORB IL1RAPL2",-0.0109259613772455,2.73845503151582,0.0493312094612973,0.854029870587016,0.962659681614671,0.962659681614671,"social_isolation_avg"
"10304","SLC3A2","Exc L4-5 RORB IL1RAPL2",-0.0156711362142699,4.79090247856156,0.26160532235694,0.609701977717168,0.85188089797567,0.85188089797567,"social_isolation_avg"
"10305","CHRM1","Exc L4-5 RORB IL1RAPL2",-0.0815951770824677,4.74760909235064,5.42536312300422,0.0210560188372749,0.152987659380937,0.152987659380937,"social_isolation_avg"
"10306","AP000438.1","Exc L4-5 RORB IL1RAPL2",0.0196305942108272,0.848707824997775,0.033703431226796,0.854564080383858,0.962722785572292,0.962722785572292,"social_isolation_avg"
"10307","SLC22A6","Exc L4-5 RORB IL1RAPL2",0.00575213648709218,3.29518520630632,0.00976189666957534,0.921414948402256,0.983427396790068,0.983427396790068,"social_isolation_avg"
"10308","SLC22A8","Exc L4-5 RORB IL1RAPL2",-0.0722500375458382,2.5396736461839,1.08555976422536,0.298978589127661,0.630028300178685,0.630028300178685,"social_isolation_avg"
"10309","SLC22A24","Exc L4-5 RORB IL1RAPL2",-0.0194345138462921,3.19104147019106,0.0944287777127345,0.759007430262515,0.927125861071469,0.927125861071469,"social_isolation_avg"
"10310","SLC22A10","Exc L4-5 RORB IL1RAPL2",-0.0190092388864966,8.14947904365816,0.253340983572408,0.615402412964847,0.854166518525118,0.854166518525118,"social_isolation_avg"
"10311","SLC22A25","Exc L4-5 RORB IL1RAPL2",-0.0376617017033849,2.13023411084337,0.233827317352001,0.629340278383061,0.862553014834068,0.862553014834068,"social_isolation_avg"
"10312","SLC22A9","Exc L4-5 RORB IL1RAPL2",0.0418029429086284,4.95010016396329,0.932240583627021,0.33569185899206,0.66032078843838,0.66032078843838,"social_isolation_avg"
"10313","HRASLS5","Exc L4-5 RORB IL1RAPL2",-0.0131304954513417,1.59172586326062,0.0322940052387308,0.884367701146888,0.973478461423019,0.973478461423019,"social_isolation_avg"
"10314","PLA2G16","Exc L4-5 RORB IL1RAPL2",-0.11234607999829,3.01916364682991,3.41004345105151,0.0665887709299336,0.293963167234082,0.293963167234082,"social_isolation_avg"
"10315","ATL3","Exc L4-5 RORB IL1RAPL2",0.037340297160255,4.22268933954505,1.38337835862361,0.241217648362486,0.565637106050625,0.565637106050625,"social_isolation_avg"
"10316","AP000753.2","Exc L4-5 RORB IL1RAPL2",-0.101506322344878,-0.042960351769105,0.531373478158632,0.467061552570396,0.762885829308901,0.762885829308901,"social_isolation_avg"
"10317","RTN3","Exc L4-5 RORB IL1RAPL2",-0.021419278210689,9.29979298397533,1.98042998634417,0.161222704390054,0.463298659854739,0.463298659854739,"social_isolation_avg"
"10318","C11orf95","Exc L4-5 RORB IL1RAPL2",-0.0242707218075371,2.65952324659717,0.27213818156769,0.602599340950734,0.847716143504002,0.847716143504002,"social_isolation_avg"
"10319","SPINDOC","Exc L4-5 RORB IL1RAPL2",0.0727341867036921,3.54111748855846,3.11103701358101,0.0796108376009396,0.323908710092768,0.323908710092768,"social_isolation_avg"
"10320","MARK2","Exc L4-5 RORB IL1RAPL2",0.0107982509199632,6.31999709200973,0.277734054021798,0.598896807083309,0.845653782932554,0.845653782932554,"social_isolation_avg"
"10321","RCOR2","Exc L4-5 RORB IL1RAPL2",-0.072737115195739,3.3374124342559,2.14055931683607,0.145348457835997,0.440303901811542,0.440303901811542,"social_isolation_avg"
"10322","NAA40","Exc L4-5 RORB IL1RAPL2",-0.00603046106463985,4.18687543365915,0.0374153751150585,0.846859277595501,0.961743455463031,0.961743455463031,"social_isolation_avg"
"10323","AP000721.1","Exc L4-5 RORB IL1RAPL2",0.0871395978582742,0.70251738941222,0.840126734948452,0.360695849506755,0.680770690126416,0.680770690126416,"social_isolation_avg"
"10324","OTUB1","Exc L4-5 RORB IL1RAPL2",-0.0851972686986484,5.35406397797413,8.65878867145081,0.00372293178637509,0.0550324940078148,0.0550324940078148,"social_isolation_avg"
"10325","MACROD1","Exc L4-5 RORB IL1RAPL2",0.0443738653970006,4.67423284061625,2.52523718039581,0.113948798288135,0.389666584567108,0.389666584567108,"social_isolation_avg"
"10326","AP000721.2","Exc L4-5 RORB IL1RAPL2",-0.047290326769404,3.52979997162653,0.607523993721816,0.436836119365871,0.74029343614166,0.74029343614166,"social_isolation_avg"
"10327","FLRT1","Exc L4-5 RORB IL1RAPL2",-0.235235993072894,2.47769358864862,12.6281627392828,0.000495506385715841,0.0150731130613013,0.0150731130613013,"social_isolation_avg"
"10328","STIP1","Exc L4-5 RORB IL1RAPL2",-0.144351443697541,4.75515304115783,18.5901182473435,2.77750289400865e-05,0.00261458369440486,0.00261458369440486,"social_isolation_avg"
"10329","FERMT3","Exc L4-5 RORB IL1RAPL2",0.0741649724177995,0.81420311665076,0.638618420914467,0.514859771025112,0.797573196943938,0.797573196943938,"social_isolation_avg"
"10330","TRPT1","Exc L4-5 RORB IL1RAPL2",-0.0534062882062684,0.819201939532812,0.354405408594812,0.684448209077364,0.890917736857058,0.890917736857058,"social_isolation_avg"
"10331","NUDT22","Exc L4-5 RORB IL1RAPL2",0.0237733358129288,2.52027835308797,0.179864490898589,0.778200361177572,0.936007185419924,0.936007185419924,"social_isolation_avg"
"10332","AP001453.1","Exc L4-5 RORB IL1RAPL2",-0.0744551085165619,0.993545904538177,0.769536987962361,0.381633506454808,0.699630614827189,0.699630614827189,"social_isolation_avg"
"10333","DNAJC4","Exc L4-5 RORB IL1RAPL2",-0.0275897891953334,2.98328385993605,0.414742934970119,0.657479101945071,0.877427146840365,0.877427146840365,"social_isolation_avg"
"10334","VEGFB","Exc L4-5 RORB IL1RAPL2",-0.0362921588210313,3.46696658543475,0.615493807992573,0.433849641634317,0.738805604298705,0.738805604298705,"social_isolation_avg"
"10335","FKBP2","Exc L4-5 RORB IL1RAPL2",-0.0797591689169168,3.77464396679863,4.10878862024694,0.0442677331249001,0.235104027993944,0.235104027993944,"social_isolation_avg"
"10336","PPP1R14B","Exc L4-5 RORB IL1RAPL2",-0.0179967127869438,1.57453660663702,0.0474876487961555,0.827762867313127,0.954161930646283,0.954161930646283,"social_isolation_avg"
"10337","PLCB3","Exc L4-5 RORB IL1RAPL2",0.0404456002310602,0.62845660166772,0.134356906878314,0.714425501743628,0.906738148852929,0.906738148852929,"social_isolation_avg"
"10338","BAD","Exc L4-5 RORB IL1RAPL2",-0.0906432274790672,4.24749071513843,7.06498196774871,0.00863237904510634,0.0903391835798988,0.0903391835798988,"social_isolation_avg"
"10339","GPR137","Exc L4-5 RORB IL1RAPL2",-0.0296461465075872,3.93662869055946,0.852964712884815,0.357061178705567,0.677377749478256,0.677377749478256,"social_isolation_avg"
"10340","KCNK4","Exc L4-5 RORB IL1RAPL2",0.0391445574044502,3.49995373426095,1.06530700125199,0.303515671829815,0.634575036058157,0.634575036058157,"social_isolation_avg"
"10341","CATSPERZ","Exc L4-5 RORB IL1RAPL2",0.0023085573505735,1.53955771201295,0.000776777883597615,0.977798869496813,0.996744861425265,0.996744861425265,"social_isolation_avg"
"10342","ESRRA","Exc L4-5 RORB IL1RAPL2",0.0508499091420896,4.2559645637353,1.97891035992017,0.161382580069853,0.463477901679869,0.463477901679869,"social_isolation_avg"
"10343","TRMT112","Exc L4-5 RORB IL1RAPL2",-0.0751962593910591,4.68572508349544,5.06161450588592,0.0257810428295458,0.171399547216386,0.171399547216386,"social_isolation_avg"
"10344","PRDX5","Exc L4-5 RORB IL1RAPL2",-0.102921709271725,4.52945835349677,6.80081530761623,0.00994582682224024,0.0980130152622957,0.0980130152622957,"social_isolation_avg"
"10345","CCDC88B","Exc L4-5 RORB IL1RAPL2",0.125219504233704,4.11269356532036,3.27116551368655,0.0723249120982406,0.308420027453417,0.308420027453417,"social_isolation_avg"
"10346","RPS6KA4","Exc L4-5 RORB IL1RAPL2",-0.0246337200394063,4.11427732373168,0.560188629960604,0.455247879200534,0.753615740071838,0.753615740071838,"social_isolation_avg"
"10347","AP003774.3","Exc L4-5 RORB IL1RAPL2",-0.320652527342657,0.79047804962229,3.88101223668575,0.0505057599335596,0.253278421336571,0.253278421336571,"social_isolation_avg"
"10348","AP003774.1","Exc L4-5 RORB IL1RAPL2",-0.0479098488424616,0.0616218311442244,0.152739179892156,0.696434569542187,0.897052389766332,0.897052389766332,"social_isolation_avg"
"10349","NRXN2","Exc L4-5 RORB IL1RAPL2",-0.0216949292343868,6.89120406905713,0.995860215090297,0.319772901558286,0.647146549170793,0.647146549170793,"social_isolation_avg"
"10350","RASGRP2","Exc L4-5 RORB IL1RAPL2",0.145682395337679,3.48507697787199,9.71294725161022,0.00215815095085271,0.0393016113003698,0.0393016113003698,"social_isolation_avg"
"10351","SF1","Exc L4-5 RORB IL1RAPL2",-0.000553192622212585,6.20215368474201,0.000609921566048424,0.980326763717379,0.997015885480877,0.997015885480877,"social_isolation_avg"
"10352","AP001462.1","Exc L4-5 RORB IL1RAPL2",-0.11803225686736,2.60582178352343,2.4495859037954,0.119468306925353,0.397758197313849,0.397758197313849,"social_isolation_avg"
"10353","MAP4K2","Exc L4-5 RORB IL1RAPL2",0.0010870637841765,4.83980285367461,0.00171778939902584,0.966990183513223,0.993991946851118,0.993991946851118,"social_isolation_avg"
"10354","MEN1","Exc L4-5 RORB IL1RAPL2",-0.0183488917362991,3.67523213014151,0.277032824772155,0.912784819960675,0.981657819619611,0.981657819619611,"social_isolation_avg"
"10355","EHD1","Exc L4-5 RORB IL1RAPL2",-0.000773199184832519,2.91974278372845,0.000333656509783301,0.985448467593512,0.998300390466684,0.998300390466684,"social_isolation_avg"
"10356","ATG2A","Exc L4-5 RORB IL1RAPL2",-0.0407762094435406,3.68553393750483,1.57039656183663,0.211919170264756,0.530316442346176,0.530316442346176,"social_isolation_avg"
"10357","PPP2R5B","Exc L4-5 RORB IL1RAPL2",-0.0458105597669371,5.2818982793087,2.74335804868695,0.0995564028594162,0.365059437694383,0.365059437694383,"social_isolation_avg"
"10358","MAJIN","Exc L4-5 RORB IL1RAPL2",0.0613717794368175,0.15399603410718,0.225548904096601,0.635470958977519,0.865924481687038,0.865924481687038,"social_isolation_avg"
"10359","SAC3D1","Exc L4-5 RORB IL1RAPL2",-0.11378069009757,2.89376514811062,6.11838824658411,0.0143889788976534,0.121271211457683,0.121271211457683,"social_isolation_avg"
"10360","CDCA5","Exc L4-5 RORB IL1RAPL2",-0.0406817969116626,1.17359997940274,0.347436106964834,0.556372855992529,0.820828912922778,0.820828912922778,"social_isolation_avg"
"10361","ZFPL1","Exc L4-5 RORB IL1RAPL2",-0.0578666094507717,3.05216023943223,1.55389310397223,0.214325231913022,0.53375695779976,0.53375695779976,"social_isolation_avg"
"10362","VPS51","Exc L4-5 RORB IL1RAPL2",-0.0678987703347201,5.19377233921917,7.24302527947834,0.00784950629124011,0.0859991363848026,0.0859991363848026,"social_isolation_avg"
"10363","TM7SF2","Exc L4-5 RORB IL1RAPL2",-0.0787231112830577,3.8585683576682,3.84102224570394,0.051694494204547,0.256940107109478,0.256940107109478,"social_isolation_avg"
"10364","ZNHIT2","Exc L4-5 RORB IL1RAPL2",-0.170898247885627,1.36014536161818,4.45605046685687,0.036282129505125,0.209516928370488,0.209516928370488,"social_isolation_avg"
"10365","FAU","Exc L4-5 RORB IL1RAPL2",-0.148962483410363,4.46595046365964,12.951120930529,0.000422181934398856,0.0137017227800356,0.0137017227800356,"social_isolation_avg"
"10366","SYVN1","Exc L4-5 RORB IL1RAPL2",0.0143462025329592,3.60259573120403,0.122102412967763,0.7272101111926,0.912176201540818,0.912176201540818,"social_isolation_avg"
"10367","MRPL49","Exc L4-5 RORB IL1RAPL2",0.00893464141527128,3.11564812071613,0.0412317568133651,0.839340965844259,0.95839826385881,0.95839826385881,"social_isolation_avg"
"10368","AP003068.2","Exc L4-5 RORB IL1RAPL2",0.00104535480690832,0.844213965732291,0.000112822230642146,0.991538013048712,0.998822911403646,0.998822911403646,"social_isolation_avg"
"10369","CAPN1","Exc L4-5 RORB IL1RAPL2",-0.032121392621385,4.68612860734243,1.38930796208934,0.240215930688848,0.56433146567714,0.56433146567714,"social_isolation_avg"
"10370","POLA2","Exc L4-5 RORB IL1RAPL2",0.122825918143665,3.22299271421969,10.1395064699427,0.00173460979342419,0.0341750232788846,0.0341750232788846,"social_isolation_avg"
"10371","CDC42EP2","Exc L4-5 RORB IL1RAPL2",-0.0333126391283802,0.310351556110406,0.0855565830370976,0.770270752879216,0.931979339763886,0.931979339763886,"social_isolation_avg"
"10372","DPF2","Exc L4-5 RORB IL1RAPL2",0.0206801853036489,4.80690437319541,0.772048448978877,0.380859553758138,0.699092318263264,0.699092318263264,"social_isolation_avg"
"10373","TIGD3","Exc L4-5 RORB IL1RAPL2",-0.0348688668049748,0.609799534623785,0.115284433431577,0.734637285212431,0.91516949422438,0.91516949422438,"social_isolation_avg"
"10374","SLC25A45","Exc L4-5 RORB IL1RAPL2",0.0709139248971335,2.95181696361309,1.66125311324765,0.199235106828372,0.513911231492689,0.513911231492689,"social_isolation_avg"
"10375","FRMD8","Exc L4-5 RORB IL1RAPL2",0.01617008187365,3.823297908336,0.197496746431407,0.657330323976949,0.877427146840365,0.877427146840365,"social_isolation_avg"
"10376","NEAT1","Exc L4-5 RORB IL1RAPL2",-0.857177806099723,0.280401145784312,4.17500868915843,0.042621724522629,0.230426874133062,0.230426874133062,"social_isolation_avg"
"10377","MALAT1","Exc L4-5 RORB IL1RAPL2",0.05523163231383,14.8305053229997,2.83991704129572,0.0938359123486265,0.354243674690415,0.354243674690415,"social_isolation_avg"
"10378","SCYL1","Exc L4-5 RORB IL1RAPL2",-0.0711087533449462,5.0344726523764,11.0204990229721,0.00110869485731868,0.0253869409978728,0.0253869409978728,"social_isolation_avg"
"10379","LTBP3","Exc L4-5 RORB IL1RAPL2",0.00533186456858119,5.30106422917096,0.0472839011726413,0.828126926161433,0.954161930646283,0.954161930646283,"social_isolation_avg"
"10380","SSSCA1","Exc L4-5 RORB IL1RAPL2",-0.19556508449123,1.11573659109828,6.59785271593018,0.0217798542901118,0.155743243772943,0.155743243772943,"social_isolation_avg"
"10381","FAM89B","Exc L4-5 RORB IL1RAPL2",-0.103420863447849,4.63041714508412,6.89912241861593,0.00943440923600247,0.0955852335067816,0.0955852335067816,"social_isolation_avg"
"10382","EHBP1L1","Exc L4-5 RORB IL1RAPL2",-0.0758075803870439,2.86505786096635,2.11481887805556,0.147775470640631,0.444171513898551,0.444171513898551,"social_isolation_avg"
"10383","KCNK7","Exc L4-5 RORB IL1RAPL2",0.00420632834801122,0.360814778105014,0.00159603923906302,0.968180833667587,0.9941928619423,0.9941928619423,"social_isolation_avg"
"10384","MAP3K11","Exc L4-5 RORB IL1RAPL2",-0.0525594487856227,3.67455853061911,3.23682712265827,0.0738241485670569,0.311197559062857,0.311197559062857,"social_isolation_avg"
"10385","PCNX3","Exc L4-5 RORB IL1RAPL2",-0.0189152965438267,2.80463164338551,0.161340841425298,0.979534125964205,0.99697499716884,0.99697499716884,"social_isolation_avg"
"10386","RELA","Exc L4-5 RORB IL1RAPL2",0.00479112873344749,3.13086959482431,0.0144381391387816,0.904503271753306,0.978397583639639,0.978397583639639,"social_isolation_avg"
"10387","KAT5","Exc L4-5 RORB IL1RAPL2",-0.0752094684305434,3.87301564389685,5.1020645122973,0.025204658029225,0.169232553076993,0.169232553076993,"social_isolation_avg"
"10388","RNASEH2C","Exc L4-5 RORB IL1RAPL2",-0.0489632742343771,4.01150315413081,1.83279293343003,0.177646150739688,0.48398024739318,0.48398024739318,"social_isolation_avg"
"10389","AP001266.2","Exc L4-5 RORB IL1RAPL2",0.0353295035106682,3.62730886423776,0.294929560523138,0.587810295240998,0.840010352191718,0.840010352191718,"social_isolation_avg"
"10390","AP5B1","Exc L4-5 RORB IL1RAPL2",-0.0107775822291259,2.55984706777607,0.0477352986307011,0.827321463489578,0.954161930646283,0.954161930646283,"social_isolation_avg"
"10391","CFL1","Exc L4-5 RORB IL1RAPL2",-0.137997355480383,7.05526913792533,28.3570730579221,3.25293219697317e-07,0.000195746128625079,0.000195746128625079,"social_isolation_avg"
"10392","SNX32","Exc L4-5 RORB IL1RAPL2",0.0470398747200321,6.58834704842054,3.60721230738783,0.0592713037353865,0.276975139041059,0.276975139041059,"social_isolation_avg"
"10393","MUS81","Exc L4-5 RORB IL1RAPL2",-0.0249089753430219,3.30102690052654,0.41466765697991,0.520502336273975,0.800945405387108,0.800945405387108,"social_isolation_avg"
"10394","EFEMP2","Exc L4-5 RORB IL1RAPL2",-0.0814416693705629,1.61286648976237,1.01814191888408,0.314434920238067,0.642857423648932,0.642857423648932,"social_isolation_avg"
"10395","FIBP","Exc L4-5 RORB IL1RAPL2",-0.0500873167649905,3.46484570830519,1.83710399030619,0.177139895629376,0.483436314034822,0.483436314034822,"social_isolation_avg"
"10396","CCDC85B","Exc L4-5 RORB IL1RAPL2",-0.150826541286277,5.78851191960056,13.8171336765114,0.000275484995727037,0.0104966279725942,0.0104966279725942,"social_isolation_avg"
"10397","FOSL1","Exc L4-5 RORB IL1RAPL2",-0.0288597401463623,-0.895563253514815,0.0141023642463287,0.90561494169104,0.978815281145674,0.978815281145674,"social_isolation_avg"
"10398","C11orf68","Exc L4-5 RORB IL1RAPL2",-0.109826762066895,4.51190339882275,15.3316165876672,0.00013166772697525,0.00679279528952388,0.00679279528952388,"social_isolation_avg"
"10399","DRAP1","Exc L4-5 RORB IL1RAPL2",-0.127339530712207,4.28186356543745,11.4935196064628,0.000873500100987793,0.0217181280036663,0.0217181280036663,"social_isolation_avg"
"10400","SART1","Exc L4-5 RORB IL1RAPL2",0.0382010701245346,3.79649280851278,1.29944830649337,0.255963110378193,0.58441872951198,0.58441872951198,"social_isolation_avg"
"10401","EIF1AD","Exc L4-5 RORB IL1RAPL2",-0.0691055267169655,2.30079486970848,1.68951331588391,0.19547482971575,0.508515554669316,0.508515554669316,"social_isolation_avg"
"10402","BANF1","Exc L4-5 RORB IL1RAPL2",-0.113903427823125,4.58624276141279,8.59455343155269,0.00384971660979517,0.0558726261509411,0.0558726261509411,"social_isolation_avg"
"10403","GAL3ST3","Exc L4-5 RORB IL1RAPL2",-0.000555255442804922,2.42139984176089,0.000118231519174565,0.991337539817896,0.998822911403646,0.998822911403646,"social_isolation_avg"
"10404","SF3B2","Exc L4-5 RORB IL1RAPL2",5.44516179939031e-05,5.43320093808471,3.85282404402593e-06,0.998436231238767,0.999716603438089,0.999716603438089,"social_isolation_avg"
"10405","PACS1","Exc L4-5 RORB IL1RAPL2",-0.00141739788889988,7.68578511706529,0.00470088075702465,0.945420364033304,0.988316098061045,0.988316098061045,"social_isolation_avg"
"10406","KLC2","Exc L4-5 RORB IL1RAPL2",-0.0654828312697767,5.93547265076031,9.00286855839721,0.00311322752765221,0.0490061381453473,0.0490061381453473,"social_isolation_avg"
"10407","RAB1B","Exc L4-5 RORB IL1RAPL2",-0.0604278756180864,4.41725121240322,5.09229204083573,0.0253426592285746,0.169857759569203,0.169857759569203,"social_isolation_avg"
"10408","CNIH2","Exc L4-5 RORB IL1RAPL2",-0.0898978773569628,4.57276567305627,4.40053477404671,0.0374486579224642,0.213419659662242,0.213419659662242,"social_isolation_avg"
"10409","YIF1A","Exc L4-5 RORB IL1RAPL2",-0.0428009612710816,1.71120877926726,0.475681315508549,0.491352158550022,0.780921813685424,0.780921813685424,"social_isolation_avg"
"10410","TMEM151A","Exc L4-5 RORB IL1RAPL2",-0.0710940693406401,4.46793353631293,5.17021744785138,0.0242638886205546,0.165978682787243,0.165978682787243,"social_isolation_avg"
"10411","RIN1","Exc L4-5 RORB IL1RAPL2",0.0424157142479867,2.73703750280833,0.442097927217433,0.507038198307319,0.791481308736793,0.791481308736793,"social_isolation_avg"
"10412","BRMS1","Exc L4-5 RORB IL1RAPL2",-0.0414516286915722,1.97298007113701,0.539639038072366,0.525077216925312,0.804647770425515,0.804647770425515,"social_isolation_avg"
"10413","B4GAT1","Exc L4-5 RORB IL1RAPL2",-0.130902270279025,5.65477378013481,12.8392010120587,0.00044624777666542,0.0142009106267912,0.0142009106267912,"social_isolation_avg"
"10414","AP001107.9","Exc L4-5 RORB IL1RAPL2",-0.00766817031957249,2.19929882670369,0.0153183860895882,0.901649761251905,0.978205337360331,0.978205337360331,"social_isolation_avg"
"10415","SLC29A2","Exc L4-5 RORB IL1RAPL2",-0.00917042558105467,3.45127010411469,0.0287494922022613,0.865566065315272,0.966746833305743,0.966746833305743,"social_isolation_avg"
"10416","NPAS4","Exc L4-5 RORB IL1RAPL2",0.103594519841478,0.901352790760439,0.087457037152327,0.76780642209153,0.931018779306101,0.931018779306101,"social_isolation_avg"
"10417","MRPL11","Exc L4-5 RORB IL1RAPL2",-0.0200381795240511,2.896838721793,0.187605680106108,0.66548156385852,0.881763072112539,0.881763072112539,"social_isolation_avg"
"10418","PELI3","Exc L4-5 RORB IL1RAPL2",-0.0945581789550532,4.14199412619248,6.53770792635397,0.0114608091134825,0.106588948592235,0.106588948592235,"social_isolation_avg"
"10419","DPP3","Exc L4-5 RORB IL1RAPL2",-0.041942101908673,2.4616092994124,0.566172627860542,0.45285401648352,0.752608769950346,0.752608769950346,"social_isolation_avg"
"10420","ZDHHC24","Exc L4-5 RORB IL1RAPL2",-0.00918240555455059,3.3207015089893,0.058237943764944,0.83614880508162,0.956824497333631,0.956824497333631,"social_isolation_avg"
"10421","ACTN3","Exc L4-5 RORB IL1RAPL2",-0.117959762139873,-0.509414460467958,0.63370971073784,0.4271395833215,0.733452042474462,0.733452042474462,"social_isolation_avg"
"10422","CTSF","Exc L4-5 RORB IL1RAPL2",-0.11231528655733,5.21448732090909,14.4568267877294,0.000201433187200973,0.00884806022655294,0.00884806022655294,"social_isolation_avg"
"10423","CCS","Exc L4-5 RORB IL1RAPL2",-0.0442847189439433,4.51608733532784,2.25339475040906,0.135229419259603,0.423551703660146,0.423551703660146,"social_isolation_avg"
"10424","RBM14-RBM4","Exc L4-5 RORB IL1RAPL2",0.0081167001860345,5.21447892358511,0.0814232746445164,0.775735052748274,0.934884263251599,0.934884263251599,"social_isolation_avg"
"10425","RBM4","Exc L4-5 RORB IL1RAPL2",0.0968889691999263,4.60279260444746,5.86148534287647,0.0165581930945338,0.132081606889407,0.132081606889407,"social_isolation_avg"
"10426","RBM4B","Exc L4-5 RORB IL1RAPL2",-0.0340145848637949,4.45014719082334,1.23019405230062,0.268980375828149,0.598943150964727,0.598943150964727,"social_isolation_avg"
"10427","AP001157.1","Exc L4-5 RORB IL1RAPL2",0.0234271237426541,2.75082954779622,0.208733064064269,0.648362053605043,0.872134971902329,0.872134971902329,"social_isolation_avg"
"10428","SPTBN2","Exc L4-5 RORB IL1RAPL2",-0.028427275728626,5.56989791674977,1.6878266730326,0.195696888138555,0.508623739075495,0.508623739075495,"social_isolation_avg"
"10429","C11orf80","Exc L4-5 RORB IL1RAPL2",0.0841578854029037,7.35774587309275,25.5732258070844,1.12173642704304e-06,0.000379006695287168,0.000379006695287168,"social_isolation_avg"
"10430","RCE1","Exc L4-5 RORB IL1RAPL2",-0.0494180832682127,3.11781026182824,1.28048611353456,0.259447655074074,0.588398547483705,0.588398547483705,"social_isolation_avg"
"10431","PC","Exc L4-5 RORB IL1RAPL2",-0.0152464366349376,4.18316129289318,0.261492484306447,0.614639737287495,0.853799168138661,0.853799168138661,"social_isolation_avg"
"10432","LRFN4","Exc L4-5 RORB IL1RAPL2",-0.0404009788795596,4.17265054634088,1.24183334500758,0.266735693743458,0.596913786081606,0.596913786081606,"social_isolation_avg"
"10433","SYT12","Exc L4-5 RORB IL1RAPL2",0.0527259591359975,5.40918805854527,3.21392178284151,0.0748429098544343,0.313089254334679,0.313089254334679,"social_isolation_avg"
"10434","RHOD","Exc L4-5 RORB IL1RAPL2",0.0592031387818391,-0.327176032835251,0.156557600851911,0.692856039254105,0.895325239448382,0.895325239448382,"social_isolation_avg"
"10435","KDM2A","Exc L4-5 RORB IL1RAPL2",0.0392501307843562,7.19867733080921,9.63031896010033,0.00225175535139822,0.0400803979339658,0.0400803979339658,"social_isolation_avg"
"10436","GRK2","Exc L4-5 RORB IL1RAPL2",0.00171360966479043,5.51826163453779,0.00517949401090547,0.942713820987446,0.987984052456339,0.987984052456339,"social_isolation_avg"
"10437","ANKRD13D","Exc L4-5 RORB IL1RAPL2",-0.0273432892139641,5.74401699423183,1.04904457194461,0.307223806874473,0.63696928006486,0.63696928006486,"social_isolation_avg"
"10438","SSH3","Exc L4-5 RORB IL1RAPL2",0.0203602402040202,3.01738255312278,0.214991929241876,0.643492586333154,0.869307669999258,0.869307669999258,"social_isolation_avg"
"10439","RAD9A","Exc L4-5 RORB IL1RAPL2",0.05515230291517,6.78408683135849,9.10622124101632,0.00295089335015059,0.0475991927350378,0.0475991927350378,"social_isolation_avg"
"10440","POLD4","Exc L4-5 RORB IL1RAPL2",-0.234307737472422,0.0565270256860316,4.24510411672442,0.0409308281227251,0.225262419694614,0.225262419694614,"social_isolation_avg"
"10441","AP003419.1","Exc L4-5 RORB IL1RAPL2",0.206592251807202,0.775387912197192,5.42594555096982,0.022568008962936,0.15930544494949,0.15930544494949,"social_isolation_avg"
"10442","PPP1CA","Exc L4-5 RORB IL1RAPL2",-0.0754642877745452,4.18817928107895,4.54957104415814,0.0344030221540105,0.203141279650411,0.203141279650411,"social_isolation_avg"
"10443","RPS6KB2","Exc L4-5 RORB IL1RAPL2",0.0513398897019466,3.69520124415742,1.67860605177775,0.196916122822702,0.510390405469637,0.510390405469637,"social_isolation_avg"
"10444","RPS6KB2-AS1","Exc L4-5 RORB IL1RAPL2",0.0317605266669946,-0.782205276172688,0.017886891425107,0.901002966759734,0.978205337360331,0.978205337360331,"social_isolation_avg"
"10445","CORO1B","Exc L4-5 RORB IL1RAPL2",-0.121253966194843,1.97227011455354,4.07097992884881,0.0453748157315721,0.238814155342719,0.238814155342719,"social_isolation_avg"
"10446","TMEM134","Exc L4-5 RORB IL1RAPL2",0.00668437717906402,3.69281838144908,0.03813543271199,0.845411274598738,0.961530820310334,0.961530820310334,"social_isolation_avg"
"10447","AIP","Exc L4-5 RORB IL1RAPL2",-0.0660687114734571,3.33382320663794,2.50483448633826,0.115408868888555,0.392180879075701,0.392180879075701,"social_isolation_avg"
"10448","PITPNM1","Exc L4-5 RORB IL1RAPL2",0.0196622455419951,3.28900061836728,0.201415493955418,0.654168514179008,0.875479011293795,0.875479011293795,"social_isolation_avg"
"10449","CDK2AP2","Exc L4-5 RORB IL1RAPL2",-0.107547297042414,3.05381163822323,5.53642878356135,0.019801297076352,0.147446022031349,0.147446022031349,"social_isolation_avg"
"10450","GSTP1","Exc L4-5 RORB IL1RAPL2",-0.134718846713846,3.77214584682099,7.87114374458516,0.00562601691930655,0.0704932920964864,0.0704932920964864,"social_isolation_avg"
"10451","NDUFV1","Exc L4-5 RORB IL1RAPL2",-0.0700302311263797,5.65862782396499,6.09426911307998,0.0145794300615991,0.122385712597833,0.122385712597833,"social_isolation_avg"
"10452","NUDT8","Exc L4-5 RORB IL1RAPL2",0.0306324705085948,-0.0114780246386203,0.0568499651378425,0.811841139634526,0.95019461852189,0.95019461852189,"social_isolation_avg"
"10453","AP003716.1","Exc L4-5 RORB IL1RAPL2",0.0228603540321147,2.73890123104552,0.11736318951193,0.732347346423329,0.914172268378775,0.914172268378775,"social_isolation_avg"
"10454","UNC93B1","Exc L4-5 RORB IL1RAPL2",0.0343851620444455,0.518464300643245,0.119199369632199,0.98493893916362,0.998300390466684,0.998300390466684,"social_isolation_avg"
"10455","NDUFS8","Exc L4-5 RORB IL1RAPL2",-0.103066339111796,4.4496004173422,12.7235679009756,0.000472584931126086,0.0145932155576657,0.0145932155576657,"social_isolation_avg"
"10456","CHKA","Exc L4-5 RORB IL1RAPL2",0.0527293013481821,5.43054897772399,3.32924520431911,0.0698635684019975,0.3027687992978,0.3027687992978,"social_isolation_avg"
"10457","KMT5B","Exc L4-5 RORB IL1RAPL2",0.00883405070791439,6.36731057838141,0.216289031427582,0.642494232407764,0.868889526937839,0.868889526937839,"social_isolation_avg"
"10458","C11orf24","Exc L4-5 RORB IL1RAPL2",-0.0236878106284391,2.96523833233847,0.287576247777221,0.592498864503294,0.842274306180829,0.842274306180829,"social_isolation_avg"
"10459","LRP5","Exc L4-5 RORB IL1RAPL2",0.160957550359231,0.900326260828296,3.04213195436272,0.0829881912809918,0.33154542400119,0.33154542400119,"social_isolation_avg"
"10460","PPP6R3","Exc L4-5 RORB IL1RAPL2",0.0177269152988343,7.17113534732825,1.25997865951008,0.263282929836246,0.59325667684073,0.59325667684073,"social_isolation_avg"
"10461","AP003096.1","Exc L4-5 RORB IL1RAPL2",-0.0871205341382001,-0.00257963297501796,0.378140314470572,0.539445794174984,0.811888212208856,0.811888212208856,"social_isolation_avg"
"10462","GAL","Exc L4-5 RORB IL1RAPL2",-0.34291656618341,-0.241504191002568,3.55622519376936,0.0610767309224624,0.281175870020416,0.281175870020416,"social_isolation_avg"
"10463","TESMIN","Exc L4-5 RORB IL1RAPL2",-0.0922029659402289,1.13483204121517,1.08512488778049,0.299075084368124,0.630028300178685,0.630028300178685,"social_isolation_avg"
"10464","CPT1A","Exc L4-5 RORB IL1RAPL2",0.0931829945070972,1.5923161685416,1.18769952864791,0.277380285564148,0.607865691818305,0.607865691818305,"social_isolation_avg"
"10465","MRPL21","Exc L4-5 RORB IL1RAPL2",-0.0726738624632748,3.00094749624149,3.23053960293936,0.0741022939483088,0.311983568446664,0.311983568446664,"social_isolation_avg"
"10466","IGHMBP2","Exc L4-5 RORB IL1RAPL2",-0.0638306600326342,3.85352821077265,3.95238313982178,0.0484560732043551,0.2473927040204,0.2473927040204,"social_isolation_avg"
"10467","MRGPRF","Exc L4-5 RORB IL1RAPL2",0.0697467130012489,0.897173192071128,0.452145428767523,0.502256732273907,0.788305729976844,0.788305729976844,"social_isolation_avg"
"10468","TPCN2","Exc L4-5 RORB IL1RAPL2",0.024345479683612,5.47663183912139,0.622757957273381,0.431154700676474,0.736337042287171,0.736337042287171,"social_isolation_avg"
"10469","AP003071.2","Exc L4-5 RORB IL1RAPL2",0.0433614664908653,1.14692574493592,0.142514435270047,0.706278280433508,0.902324760171909,0.902324760171909,"social_isolation_avg"
"10470","MYEOV","Exc L4-5 RORB IL1RAPL2",0.146740578697879,-0.777225550877276,0.305711400928599,0.581070814409765,0.836715439836161,0.836715439836161,"social_isolation_avg"
"10471","CCND1","Exc L4-5 RORB IL1RAPL2",0.0273406894865804,0.475222633205291,0.0438145141591589,0.834456834999702,0.956824497333631,0.956824497333631,"social_isolation_avg"
"10472","ORAOV1","Exc L4-5 RORB IL1RAPL2",-0.0128703712546284,5.1712954629693,0.233552151702559,0.629541888179635,0.862656580695747,0.862656580695747,"social_isolation_avg"
"10473","ANO1","Exc L4-5 RORB IL1RAPL2",0.091608141503932,0.416204892029944,0.467507381114808,0.495093501371313,0.783970553138054,0.783970553138054,"social_isolation_avg"
"10474","FADD","Exc L4-5 RORB IL1RAPL2",-0.183717202383663,1.70496359153166,9.70781123659016,0.0021638512111035,0.0393371347426089,0.0393371347426089,"social_isolation_avg"
"10475","PPFIA1","Exc L4-5 RORB IL1RAPL2",0.0303910993898833,6.46660612702037,3.42258557448331,0.0660954570895642,0.292771138854198,0.292771138854198,"social_isolation_avg"
"10476","AP002336.2","Exc L4-5 RORB IL1RAPL2",-0.0326926777275734,3.84549426383953,0.4390327018599,0.508512522912678,0.792420148742447,0.792420148742447,"social_isolation_avg"
"10477","AP000487.1","Exc L4-5 RORB IL1RAPL2",0.0215687654514432,4.26575682733876,0.604565226711076,0.437952872684304,0.741389129825509,0.741389129825509,"social_isolation_avg"
"10478","CTTN","Exc L4-5 RORB IL1RAPL2",0.0456738933590198,6.94425946306529,9.57562246172989,0.00231599867640853,0.0408016861790744,0.0408016861790744,"social_isolation_avg"
"10479","SHANK2","Exc L4-5 RORB IL1RAPL2",0.0373367401002508,8.29294544336055,4.53445763056606,0.0346995929133837,0.203675598670978,0.203675598670978,"social_isolation_avg"
"10480","SHANK2-AS1","Exc L4-5 RORB IL1RAPL2",0.122744099425044,0.477039342069857,1.154354515319,0.284205300611867,0.615339111211481,0.615339111211481,"social_isolation_avg"
"10481","DHCR7","Exc L4-5 RORB IL1RAPL2",0.0245852791118067,2.69737427097669,0.170108201095606,0.680550086694362,0.88830021621423,0.88830021621423,"social_isolation_avg"
"10482","AP002387.2","Exc L4-5 RORB IL1RAPL2",0.0527841186820978,2.22486783252648,0.55297569989818,0.458160047529692,0.756179890030469,0.756179890030469,"social_isolation_avg"
"10483","NADSYN1","Exc L4-5 RORB IL1RAPL2",0.0694608706232835,4.70852926558866,6.26838332072157,0.0132612058542048,0.115842694352451,0.115842694352451,"social_isolation_avg"
"10484","KRTAP5-7","Exc L4-5 RORB IL1RAPL2",-0.0211373483126672,-0.198561963378454,0.0282022109928876,0.866839598284081,0.966778235497087,0.966778235497087,"social_isolation_avg"
"10485","KRTAP5-8","Exc L4-5 RORB IL1RAPL2",0.0212000751436962,-0.20154958499706,0.0193400985270153,0.889565164112665,0.974663412483395,0.974663412483395,"social_isolation_avg"
"10486","KRTAP5-11","Exc L4-5 RORB IL1RAPL2",0.00928816168515554,2.81873411195161,0.0272888615971672,0.868993608672084,0.967441402840039,0.967441402840039,"social_isolation_avg"
"10487","AP003498.1","Exc L4-5 RORB IL1RAPL2",-0.0732678838268814,1.53672082629792,0.846850336407925,0.358785923985796,0.678451775708101,0.678451775708101,"social_isolation_avg"
"10488","FAM86C1","Exc L4-5 RORB IL1RAPL2",0.0135001399099598,1.08517886428196,0.0287536664060636,0.86555640001219,0.966746833305743,0.966746833305743,"social_isolation_avg"
"10489","AP002495.2","Exc L4-5 RORB IL1RAPL2",0.0869213996957492,4.11156733405806,6.85419757841492,0.00966465392604136,0.0966979234035234,0.0966979234035234,"social_isolation_avg"
"10490","DEFB131B","Exc L4-5 RORB IL1RAPL2",0.215005701874826,0.209591161161914,3.04966965988825,0.0826112435395405,0.33081213524056,0.33081213524056,"social_isolation_avg"
"10491","RNF121","Exc L4-5 RORB IL1RAPL2",0.0308145669413101,4.62796834597922,1.62950619524366,0.203561868331899,0.519783280797282,0.519783280797282,"social_isolation_avg"
"10492","IL18BP","Exc L4-5 RORB IL1RAPL2",0.147998204794905,0.640159402861667,2.77063862784641,0.0979022830648205,0.362456047223548,0.362456047223548,"social_isolation_avg"
"10493","NUMA1","Exc L4-5 RORB IL1RAPL2",-0.0149985627943894,6.14207988957928,0.824125407869782,0.365298337464029,0.684044850012377,0.684044850012377,"social_isolation_avg"
"10494","LAMTOR1","Exc L4-5 RORB IL1RAPL2",-0.111442747885656,4.37437218524765,12.8782812255612,0.000437689346448447,0.0140364747866967,0.0140364747866967,"social_isolation_avg"
"10495","ANAPC15","Exc L4-5 RORB IL1RAPL2",-0.119409891372695,3.09853218571529,8.75251900962643,0.0035455843936071,0.0532851487779506,0.0532851487779506,"social_isolation_avg"
"10496","AP000812.1","Exc L4-5 RORB IL1RAPL2",0.187902688327242,-0.419745485696023,1.43218019307851,0.233122552254977,0.556090747757996,0.556090747757996,"social_isolation_avg"
"10497","INPPL1","Exc L4-5 RORB IL1RAPL2",-0.0723590829260819,2.45187056094968,1.57700956355855,0.210964123233162,0.529396840277806,0.529396840277806,"social_isolation_avg"
"10498","CLPB","Exc L4-5 RORB IL1RAPL2",-0.0406098813149678,4.68855397356124,3.42761777853126,0.0658986363568192,0.292623350975681,0.292623350975681,"social_isolation_avg"
"10499","AP002892.1","Exc L4-5 RORB IL1RAPL2",0.0218142345135861,0.018116559343287,0.021999655133667,0.882268801103871,0.973032314766374,0.973032314766374,"social_isolation_avg"
"10500","PDE2A","Exc L4-5 RORB IL1RAPL2",-0.0409284963941795,6.52205740530971,2.36240520077938,0.126202400887241,0.409459877630624,0.409459877630624,"social_isolation_avg"
"10501","ARAP1","Exc L4-5 RORB IL1RAPL2",0.0529055399992287,3.73257674535551,2.04809659299564,0.154284490656207,0.453708414352571,0.453708414352571,"social_isolation_avg"
"10502","STARD10","Exc L4-5 RORB IL1RAPL2",0.0354389910301488,1.77464501508616,0.290272858026098,0.755928357970599,0.925595928294257,0.925595928294257,"social_isolation_avg"
"10503","ATG16L2","Exc L4-5 RORB IL1RAPL2",0.00275103917889623,4.23229536195766,0.0103992724134048,0.918898671661166,0.983105896136627,0.983105896136627,"social_isolation_avg"
"10504","FCHSD2","Exc L4-5 RORB IL1RAPL2",0.0575494469013668,6.98181984050594,5.69920287762084,0.0181017090278926,0.140702109864807,0.140702109864807,"social_isolation_avg"
"10505","P2RY6","Exc L4-5 RORB IL1RAPL2",-0.0277731009899725,-0.165249596434382,0.0190983593184602,0.890253081228427,0.974706512053996,0.974706512053996,"social_isolation_avg"
"10506","ARHGEF17","Exc L4-5 RORB IL1RAPL2",0.0193916128874129,5.76567223215067,0.869875130098398,0.35235019380394,0.672660809354938,0.672660809354938,"social_isolation_avg"
"10507","RELT","Exc L4-5 RORB IL1RAPL2",0.0439145526914374,2.28819877275404,0.719156254931761,0.397647116565441,0.711545403114689,0.711545403114689,"social_isolation_avg"
"10508","FAM168A","Exc L4-5 RORB IL1RAPL2",0.00614726608031525,7.87286369534526,0.224036160529888,0.636606109102184,0.866571025320159,0.866571025320159,"social_isolation_avg"
"10509","AP000763.3","Exc L4-5 RORB IL1RAPL2",-0.23165435900295,0.113767005402502,2.99660424176135,0.0853051994845837,0.336108003291357,0.336108003291357,"social_isolation_avg"
"10510","PLEKHB1","Exc L4-5 RORB IL1RAPL2",-0.301480799729766,0.835629790009923,1.56847897159612,0.212197073545136,0.530590832370494,0.530590832370494,"social_isolation_avg"
"10511","RAB6A","Exc L4-5 RORB IL1RAPL2",0.0091179007822272,7.45621549949956,0.42550839341282,0.515107260010302,0.797573196943938,0.797573196943938,"social_isolation_avg"
"10512","MRPL48","Exc L4-5 RORB IL1RAPL2",0.00912787267545344,4.69697852850368,0.0904055442836418,0.764040067738938,0.929360205936259,0.929360205936259,"social_isolation_avg"
"10513","COA4","Exc L4-5 RORB IL1RAPL2",-0.0532697966515876,2.23947962258124,0.958738044505168,0.328935918723554,0.654378773858519,0.654378773858519,"social_isolation_avg"
"10514","PAAF1","Exc L4-5 RORB IL1RAPL2",0.0448640150344165,4.85573253080364,2.22421455145434,0.137767667942372,0.42859290449484,0.42859290449484,"social_isolation_avg"
"10515","DNAJB13","Exc L4-5 RORB IL1RAPL2",-0.217617798458017,-0.506797216331301,1.95352857516545,0.168153422346648,0.471722448974195,0.471722448974195,"social_isolation_avg"
"10516","UCP3","Exc L4-5 RORB IL1RAPL2",0.0948260122995696,1.99569911469359,2.41858008398604,0.121816122415334,0.401407671929736,0.401407671929736,"social_isolation_avg"
"10517","C2CD3","Exc L4-5 RORB IL1RAPL2",0.0202065945532827,6.0145604421149,1.36248023211772,0.244789158140246,0.570049927528812,0.570049927528812,"social_isolation_avg"
"10518","PPME1","Exc L4-5 RORB IL1RAPL2",-0.00606905313108399,6.46948575737468,0.135438202790037,0.713329682599785,0.905910701135506,0.905910701135506,"social_isolation_avg"
"10519","P4HA3","Exc L4-5 RORB IL1RAPL2",0.136431466734411,2.61216858615351,3.82179623664676,0.052276605394028,0.258459798970579,0.258459798970579,"social_isolation_avg"
"10520","PGM2L1","Exc L4-5 RORB IL1RAPL2",-0.111254242940463,7.60686233069091,19.1719802152926,2.11260278677397e-05,0.00224564928812081,0.00224564928812081,"social_isolation_avg"
"10521","AP001372.1","Exc L4-5 RORB IL1RAPL2",0.0168528881116727,0.788448459597649,0.0325347346803463,0.857080010781592,0.963794774990996,0.963794774990996,"social_isolation_avg"
"10522","POLD3","Exc L4-5 RORB IL1RAPL2",0.00801944868550984,5.83461067050023,0.0852851781469327,0.770625103108283,0.932288847564694,0.932288847564694,"social_isolation_avg"
"10523","RNF169","Exc L4-5 RORB IL1RAPL2",0.0139698145399344,5.87188936333079,0.3629748404702,0.547684311463029,0.815910290096978,0.815910290096978,"social_isolation_avg"
"10524","XRRA1","Exc L4-5 RORB IL1RAPL2",0.109352450424992,5.60954839981869,2.62077024826925,0.10737967461633,0.379185535311615,0.379185535311615,"social_isolation_avg"
"10525","SPCS2","Exc L4-5 RORB IL1RAPL2",-0.0192913099378108,5.51385656924043,0.930547450738538,0.336129860447692,0.660427312956927,0.660427312956927,"social_isolation_avg"
"10526","NEU3","Exc L4-5 RORB IL1RAPL2",0.00724479124819838,4.32151036644602,0.0452199791093574,0.831862063766734,0.956120891053965,0.956120891053965,"social_isolation_avg"
"10527","SLCO2B1","Exc L4-5 RORB IL1RAPL2",0.392072812653012,0.631633109708301,4.79936459629534,0.0298700526441341,0.187391003342063,0.187391003342063,"social_isolation_avg"
"10528","AP001972.3","Exc L4-5 RORB IL1RAPL2",0.0994745370708913,3.68389818917313,3.3470019074548,0.069129251918088,0.300826719305921,0.300826719305921,"social_isolation_avg"
"10529","TPBGL","Exc L4-5 RORB IL1RAPL2",-0.0757884798686303,0.0566369587816333,0.328329066013935,0.992694819042148,0.999137117458188,0.999137117458188,"social_isolation_avg"
"10530","ARRB1","Exc L4-5 RORB IL1RAPL2",-0.00164623949932725,6.22396685374559,0.00556539077498719,0.940621948815651,0.987885432365559,0.987885432365559,"social_isolation_avg"
"10531","RPS3","Exc L4-5 RORB IL1RAPL2",-0.0454426760474277,5.78495014295181,2.60351998284547,0.108534094152986,0.380926283707783,0.380926283707783,"social_isolation_avg"
"10532","KLHL35","Exc L4-5 RORB IL1RAPL2",-0.0560939459422725,2.95979089525911,1.05443226615085,0.305988806269843,0.636430640810981,0.636430640810981,"social_isolation_avg"
"10533","GDPD5","Exc L4-5 RORB IL1RAPL2",-0.0634483405883708,3.48629695847429,2.08946818989573,0.150210918463677,0.447334651493904,0.447334651493904,"social_isolation_avg"
"10534","SERPINH1","Exc L4-5 RORB IL1RAPL2",-0.218217585590262,0.467305914117913,2.29703917997845,0.131530835516606,0.417315073728733,0.417315073728733,"social_isolation_avg"
"10535","AP001922.5","Exc L4-5 RORB IL1RAPL2",0.0588795005207719,0.645722714255203,0.294848898092789,0.587861314095445,0.840010352191718,0.840010352191718,"social_isolation_avg"
"10536","MAP6","Exc L4-5 RORB IL1RAPL2",-0.0518514812502717,6.73968933834577,8.81183709644568,0.00343785717850615,0.0520857878406158,0.0520857878406158,"social_isolation_avg"
"10537","DGAT2","Exc L4-5 RORB IL1RAPL2",-0.091867943153145,2.82959415713846,4.47055747244178,0.035983674673926,0.208372794559809,0.208372794559809,"social_isolation_avg"
"10538","AP003031.2","Exc L4-5 RORB IL1RAPL2",-0.156352644298256,-0.411678397459619,1.00863208877951,0.316698684221626,0.644744545314976,0.644744545314976,"social_isolation_avg"
"10539","UVRAG","Exc L4-5 RORB IL1RAPL2",0.006263047992017,7.30116520635765,0.139889791059915,0.708869917968414,0.903626471594716,0.903626471594716,"social_isolation_avg"
"10540","THAP12","Exc L4-5 RORB IL1RAPL2",-0.0150830376123906,3.79264690922999,0.226916145159205,0.634449002956354,0.865307401783116,0.865307401783116,"social_isolation_avg"
"10541","GVQW3","Exc L4-5 RORB IL1RAPL2",0.0465354144409457,4.92006499773853,4.33710684825799,0.03883018208131,0.218727560333572,0.218727560333572,"social_isolation_avg"
"10542","AP002360.1","Exc L4-5 RORB IL1RAPL2",-0.0703793081986541,1.70176450510819,1.19944136126891,0.275026556494925,0.605118431216089,0.605118431216089,"social_isolation_avg"
"10543","EMSY","Exc L4-5 RORB IL1RAPL2",0.051533376817184,6.21661004622188,8.0852581844294,0.0050261841662578,0.0656057473393713,0.0656057473393713,"social_isolation_avg"
"10544","ACER3","Exc L4-5 RORB IL1RAPL2",-0.0103019113661342,5.92873750273758,0.285178627054366,0.594044322935826,0.843140997244675,0.843140997244675,"social_isolation_avg"
"10545","AP002498.1","Exc L4-5 RORB IL1RAPL2",-0.0193251113435653,0.0883393109630868,0.0274027798581101,0.868722946329418,0.967441402840039,0.967441402840039,"social_isolation_avg"
"10546","B3GNT6","Exc L4-5 RORB IL1RAPL2",-0.0477621402224933,-0.629132761362821,0.0676565809765217,0.795103574808225,0.942968183961154,0.942968183961154,"social_isolation_avg"
"10547","CAPN5","Exc L4-5 RORB IL1RAPL2",-0.0492730273086529,3.91681538808216,1.58071996616723,0.210430519773104,0.528822646741482,0.528822646741482,"social_isolation_avg"
"10548","MYO7A","Exc L4-5 RORB IL1RAPL2",0.00633134192675027,3.1105836288264,0.0170132385823371,0.89638103168347,0.976389718563105,0.976389718563105,"social_isolation_avg"
"10549","GDPD4","Exc L4-5 RORB IL1RAPL2",0.0360021664008604,0.586167678266066,0.144640335451271,0.704199043751019,0.901193784701592,0.901193784701592,"social_isolation_avg"
"10550","PAK1","Exc L4-5 RORB IL1RAPL2",-0.0321375474375457,8.23154887132183,2.93059381367415,0.0887909818838059,0.343797234660127,0.343797234660127,"social_isolation_avg"
"10551","CLNS1A","Exc L4-5 RORB IL1RAPL2",0.0129089438966563,6.1845600987755,0.382074002965612,0.537346086500521,0.810815358762785,0.810815358762785,"social_isolation_avg"
"10552","AQP11","Exc L4-5 RORB IL1RAPL2",0.0139434984587778,3.69916924790887,0.131471689248385,0.71737418448627,0.907582558359927,0.907582558359927,"social_isolation_avg"
"10553","RSF1","Exc L4-5 RORB IL1RAPL2",-0.0192966129046812,7.33813235008596,2.21918079670714,0.138210951651016,0.429441841637925,0.429441841637925,"social_isolation_avg"
"10554","AAMDC","Exc L4-5 RORB IL1RAPL2",0.00953779794950421,4.85019785036161,0.0974326393355125,0.75532599218126,0.925272055070982,0.925272055070982,"social_isolation_avg"
"10555","AP002812.2","Exc L4-5 RORB IL1RAPL2",0.0427700895362399,3.31798403471302,0.422066441554925,0.5168095074289,0.798813830652655,0.798813830652655,"social_isolation_avg"
"10556","INTS4","Exc L4-5 RORB IL1RAPL2",-0.00784922541397582,5.23385901388539,0.0881391127907754,0.766929080365184,0.930696973775301,0.930696973775301,"social_isolation_avg"
"10557","NDUFC2-KCTD14","Exc L4-5 RORB IL1RAPL2",0.108778682842966,3.03423616350734,6.23816312420962,0.0134807959920039,0.117112094106844,0.117112094106844,"social_isolation_avg"
"10558","THRSP","Exc L4-5 RORB IL1RAPL2",-0.0235591606177861,-0.541011405448156,0.0264503573367102,0.94750326486009,0.988740948001749,0.988740948001749,"social_isolation_avg"
"10559","ALG8","Exc L4-5 RORB IL1RAPL2",-0.00562522630810844,4.47847478723855,0.0315209437292275,0.859300535253082,0.964243395716678,0.964243395716678,"social_isolation_avg"
"10560","KCTD21-AS1","Exc L4-5 RORB IL1RAPL2",0.0375806744292059,2.66045273520608,0.112104936042848,0.738184796491211,0.917144561981103,0.917144561981103,"social_isolation_avg"
"10561","KCTD21","Exc L4-5 RORB IL1RAPL2",0.0269231328762602,2.96031671271408,0.402074081085956,0.72830648415927,0.912346248724715,0.912346248724715,"social_isolation_avg"
"10562","USP35","Exc L4-5 RORB IL1RAPL2",-0.0402389668459444,3.17497351309053,0.930294703804835,0.336195310293915,0.660427312956927,0.660427312956927,"social_isolation_avg"
"10563","GAB2","Exc L4-5 RORB IL1RAPL2",0.0375523321245511,6.56029972366028,1.4788991033027,0.225680637894651,0.547449147385216,0.547449147385216,"social_isolation_avg"
"10564","AP003086.2","Exc L4-5 RORB IL1RAPL2",0.0593928336525031,3.30914360272547,1.27383370183692,0.260684096143829,0.589788805827741,0.589788805827741,"social_isolation_avg"
"10565","AP003086.1","Exc L4-5 RORB IL1RAPL2",0.100735404687031,0.106732334404252,0.882462432980664,0.348898803661506,0.671078252151497,0.671078252151497,"social_isolation_avg"
"10566","NARS2","Exc L4-5 RORB IL1RAPL2",0.0324979773498819,5.79873045874034,1.19194542564606,0.276526235533582,0.607048718242361,0.607048718242361,"social_isolation_avg"
"10567","AP003110.1","Exc L4-5 RORB IL1RAPL2",0.10328784607548,0.695708766545427,1.18091129087234,0.403496329810426,0.715717076623519,0.715717076623519,"social_isolation_avg"
"10568","TENM4","Exc L4-5 RORB IL1RAPL2",0.0449174911827395,9.38626567174527,3.94587710527195,0.0486391920880204,0.247659352394358,0.247659352394358,"social_isolation_avg"
"10569","AP001547.1","Exc L4-5 RORB IL1RAPL2",0.341995026279464,0.187756620179503,6.75940962489542,0.0101697436697132,0.0997520580480265,0.0997520580480265,"social_isolation_avg"
"10570","MIR4300HG","Exc L4-5 RORB IL1RAPL2",0.112515730576359,2.42508256642453,1.81728041837956,0.17948179557537,0.486181110104735,0.486181110104735,"social_isolation_avg"
"10571","PRCP","Exc L4-5 RORB IL1RAPL2",0.0347593986300206,4.57884573028753,1.24704819524156,0.265737614349887,0.596019606580632,0.596019606580632,"social_isolation_avg"
"10572","DDIAS","Exc L4-5 RORB IL1RAPL2",0.0181663023046703,-0.243072139513627,0.0196571812743044,0.888669453169538,0.974453035390974,0.974453035390974,"social_isolation_avg"
"10573","RAB30","Exc L4-5 RORB IL1RAPL2",0.0233406341304811,6.11439465973519,1.23657514980424,0.267746833251701,0.59787299856009,0.59787299856009,"social_isolation_avg"
"10574","RAB30-AS1","Exc L4-5 RORB IL1RAPL2",0.0128550504657772,5.4658838502155,0.184924354250129,0.667735136995127,0.883067130004296,0.883067130004296,"social_isolation_avg"
"10575","AP001767.3","Exc L4-5 RORB IL1RAPL2",0.0139164220200565,1.06135895010797,0.0269532535655545,0.945781302553948,0.988384145085,0.988384145085,"social_isolation_avg"
"10576","PCF11","Exc L4-5 RORB IL1RAPL2",0.0317597757495344,5.30607730447156,1.92228041666934,0.167472650496322,0.471037750786443,0.471037750786443,"social_isolation_avg"
"10577","PCF11-AS1","Exc L4-5 RORB IL1RAPL2",0.0357197027379781,2.29435314943308,0.407232386199585,0.524260678547274,0.804109779930001,0.804109779930001,"social_isolation_avg"
"10578","ANKRD42","Exc L4-5 RORB IL1RAPL2",0.0312161106511398,4.75127716656467,1.38345552465652,0.241204579493582,0.565637106050625,0.565637106050625,"social_isolation_avg"
"10579","CCDC90B","Exc L4-5 RORB IL1RAPL2",-0.0437559974171942,4.33521353150065,2.03364157161734,0.155737427512954,0.454980283119916,0.454980283119916,"social_isolation_avg"
"10580","AP000446.1","Exc L4-5 RORB IL1RAPL2",0.0914045480120729,4.03436607310347,4.99164291286695,0.0268109855313225,0.175533099390364,0.175533099390364,"social_isolation_avg"
"10581","DLG2","Exc L4-5 RORB IL1RAPL2",0.028203385053048,11.5240635372525,4.85585731562917,0.0289349392643137,0.183819282507961,0.183819282507961,"social_isolation_avg"
"10582","AP002370.2","Exc L4-5 RORB IL1RAPL2",-0.031741967746911,4.14496105833072,0.386993986275645,0.534740867087453,0.809700884133067,0.809700884133067,"social_isolation_avg"
"10583","AP001825.1","Exc L4-5 RORB IL1RAPL2",0.000987755088050338,4.47342258351468,0.00054862036419683,0.981341392079367,0.997365874175952,0.997365874175952,"social_isolation_avg"
"10584","AP000857.2","Exc L4-5 RORB IL1RAPL2",0.144275809580008,0.706588800421691,1.66441013021849,0.19881082207648,0.513207248428825,0.513207248428825,"social_isolation_avg"
"10585","TMEM126B","Exc L4-5 RORB IL1RAPL2",-0.0131662552921658,4.4995166615978,0.164731545275337,0.685362040786314,0.891314535275129,0.891314535275129,"social_isolation_avg"
"10586","TMEM126A","Exc L4-5 RORB IL1RAPL2",-0.12384837136091,3.05188520875846,9.97101669958011,0.00189067831358195,0.0360437684270968,0.0360437684270968,"social_isolation_avg"
"10587","CREBZF","Exc L4-5 RORB IL1RAPL2",0.00123070186455737,5.74322059719232,0.00204644254210847,0.963972510345829,0.993156758412928,0.993156758412928,"social_isolation_avg"
"10588","SYTL2","Exc L4-5 RORB IL1RAPL2",-0.00530355442003421,7.28756818623508,0.0476739103008682,0.82743076818879,0.954161930646283,0.954161930646283,"social_isolation_avg"
"10589","CCDC83","Exc L4-5 RORB IL1RAPL2",0.20392165166189,-0.0183311093884826,2.458285143945,0.118818693357751,0.397624424659005,0.397624424659005,"social_isolation_avg"
"10590","PICALM","Exc L4-5 RORB IL1RAPL2",0.019610000007148,7.30163338969462,2.10054557470016,0.149141129423665,0.446272728247932,0.446272728247932,"social_isolation_avg"
"10591","EED","Exc L4-5 RORB IL1RAPL2",0.0499273953206908,4.62717957953147,3.29472085499531,0.0713155430602718,0.306298965638832,0.306298965638832,"social_isolation_avg"
"10592","HIKESHI","Exc L4-5 RORB IL1RAPL2",-0.0311987288848129,4.53402920694037,1.09946822177706,0.295913542760974,0.626809255353751,0.626809255353751,"social_isolation_avg"
"10593","CCDC81","Exc L4-5 RORB IL1RAPL2",0.0628479842532822,1.62662990346558,0.721058564105127,0.503385557522839,0.789110035947774,0.789110035947774,"social_isolation_avg"
"10594","AP001831.1","Exc L4-5 RORB IL1RAPL2",0.053903387741632,4.31332773145405,1.80473370341329,0.180982664163574,0.487684858279518,0.487684858279518,"social_isolation_avg"
"10595","ME3","Exc L4-5 RORB IL1RAPL2",0.00896708673274505,7.45977844646676,0.248789129676832,0.618592095227253,0.855896236474944,0.855896236474944,"social_isolation_avg"
"10596","AP003059.1","Exc L4-5 RORB IL1RAPL2",-0.0461424003474376,1.30900391266312,0.350618824927997,0.654848604580852,0.876017424156837,0.876017424156837,"social_isolation_avg"
"10597","AP003059.2","Exc L4-5 RORB IL1RAPL2",-0.0652686291519394,1.93405356195633,0.864578005197031,0.353816647062625,0.674379447876693,0.674379447876693,"social_isolation_avg"
"10598","PRSS23","Exc L4-5 RORB IL1RAPL2",0.0915873142191175,4.33224946646441,4.19733692346466,0.0420686831603122,0.229056117547684,0.229056117547684,"social_isolation_avg"
"10599","AP001528.2","Exc L4-5 RORB IL1RAPL2",0.022963450077129,5.23503199259783,0.35432143844863,0.552491047099803,0.818207630393494,0.818207630393494,"social_isolation_avg"
"10600","FZD4","Exc L4-5 RORB IL1RAPL2",0.0124756530876109,3.52899161481529,0.106317885927765,0.807708382838973,0.947643722434191,0.947643722434191,"social_isolation_avg"
"10601","AP001528.1","Exc L4-5 RORB IL1RAPL2",0.0368342216665213,1.97422706930317,0.318224318912968,0.573441325110409,0.831616988731125,0.831616988731125,"social_isolation_avg"
"10602","TMEM135","Exc L4-5 RORB IL1RAPL2",-0.00464786573880494,6.8306098447123,0.0611141590024627,0.805050337453136,0.946074899395844,0.946074899395844,"social_isolation_avg"
"10603","RAB38","Exc L4-5 RORB IL1RAPL2",0.105182066160221,0.303846990856995,0.88842186449026,0.347280869511526,0.669771111398269,0.669771111398269,"social_isolation_avg"
"10604","CTSC","Exc L4-5 RORB IL1RAPL2",0.0474936622637334,1.86481117669671,0.541783916450972,0.462737595792727,0.76007535994109,0.76007535994109,"social_isolation_avg"
"10605","GRM5-AS1","Exc L4-5 RORB IL1RAPL2",-0.144328029858857,2.10113810840867,3.559081115991,0.0609740581174174,0.281172482859903,0.281172482859903,"social_isolation_avg"
"10606","GRM5","Exc L4-5 RORB IL1RAPL2",0.0319273325537332,10.1305227294042,4.89609914190372,0.0282876342948078,0.181188330566032,0.181188330566032,"social_isolation_avg"
"10607","TYR","Exc L4-5 RORB IL1RAPL2",-0.0910788579413406,1.33806566534938,0.711273044925902,0.400240289333419,0.713175213468402,0.713175213468402,"social_isolation_avg"
"10608","NOX4","Exc L4-5 RORB IL1RAPL2",-0.0049494485321861,5.15275176870149,0.00387458573774104,0.95044199781523,0.989344393500685,0.989344393500685,"social_isolation_avg"
"10609","AP003400.1","Exc L4-5 RORB IL1RAPL2",-0.00530610435017995,3.97831962743763,0.00368573512844567,0.951663304301156,0.989392111770647,0.989392111770647,"social_isolation_avg"
"10610","NAALAD2","Exc L4-5 RORB IL1RAPL2",0.0450027220125647,7.22846754928017,2.8845261781541,0.0913158448128235,0.349683687452628,0.349683687452628,"social_isolation_avg"
"10611","CHORDC1","Exc L4-5 RORB IL1RAPL2",-0.0735678455942078,5.60015214506822,7.27709505419191,0.00770826468939295,0.0851916332873855,0.0851916332873855,"social_isolation_avg"
"10612","FAT3","Exc L4-5 RORB IL1RAPL2",0.00741274730067447,9.23270598955878,0.140676931790847,0.708089783315447,0.903306187404487,0.903306187404487,"social_isolation_avg"
"10613","AP000722.1","Exc L4-5 RORB IL1RAPL2",-0.0188488640035798,0.287116494000021,0.0349199319034422,0.851992695648996,0.962019084225974,0.962019084225974,"social_isolation_avg"
"10614","AP003718.1","Exc L4-5 RORB IL1RAPL2",0.07019843883629,0.468953705874055,0.44379577535055,0.506224732357074,0.791266266908567,0.791266266908567,"social_isolation_avg"
"10615","SLC36A4","Exc L4-5 RORB IL1RAPL2",0.0423894946196539,6.31753337074635,4.32550440936876,0.0390886803626594,0.219526565191545,0.219526565191545,"social_isolation_avg"
"10616","DEUP1","Exc L4-5 RORB IL1RAPL2",0.0166718443964597,1.65018954328518,0.0194379428756946,0.889287975174373,0.974640400394109,0.974640400394109,"social_isolation_avg"
"10617","SMCO4","Exc L4-5 RORB IL1RAPL2",0.11266128255426,3.40631249279984,2.80437884424762,0.0958981818702272,0.358678429106943,0.358678429106943,"social_isolation_avg"
"10618","CEP295","Exc L4-5 RORB IL1RAPL2",0.057401276896869,6.18896220747522,7.53540704875045,0.0067192560933248,0.0787213898091632,0.0787213898091632,"social_isolation_avg"
"10619","TAF1D","Exc L4-5 RORB IL1RAPL2",0.0656977600363899,7.0029542154646,5.84963688814336,0.0166661018590139,0.132662731709887,0.132662731709887,"social_isolation_avg"
"10620","AP001273.2","Exc L4-5 RORB IL1RAPL2",0.0697967105294588,2.08361484747972,1.54990624218597,0.214911376852079,0.534060698899158,0.534060698899158,"social_isolation_avg"
"10621","MED17","Exc L4-5 RORB IL1RAPL2",0.0444482848860298,1.58967928895518,0.455207399535282,0.500814924995193,0.786905762816313,0.786905762816313,"social_isolation_avg"
"10622","VSTM5","Exc L4-5 RORB IL1RAPL2",-0.00737506535317246,4.18498388633103,0.0435389299604113,0.834970692481676,0.956824497333631,0.956824497333631,"social_isolation_avg"
"10623","HEPHL1","Exc L4-5 RORB IL1RAPL2",0.270829783611934,0.882190371186797,8.17922234074059,0.00478413623676672,0.0638630359984734,0.0638630359984734,"social_isolation_avg"
"10624","PANX1","Exc L4-5 RORB IL1RAPL2",-0.0794339975856651,1.91736230120712,1.71628482810035,0.191989624215616,0.503483808701825,0.503483808701825,"social_isolation_avg"
"10625","GPR83","Exc L4-5 RORB IL1RAPL2",-0.105698811600555,-0.0727198052436838,0.393385485576813,0.531390579585668,0.808299795509319,0.808299795509319,"social_isolation_avg"
"10626","MRE11","Exc L4-5 RORB IL1RAPL2",0.0164020733643466,5.07240176540386,0.444907716382481,0.505693201588701,0.790827429313151,0.790827429313151,"social_isolation_avg"
"10627","ANKRD49","Exc L4-5 RORB IL1RAPL2",-0.00854626187956475,4.01476379000628,0.0344187903082099,0.853046283025884,0.962347288405244,0.962347288405244,"social_isolation_avg"
"10628","C11orf97","Exc L4-5 RORB IL1RAPL2",0.0557397603269452,1.50757828608954,0.428012183514372,0.513875150028228,0.796839183222759,0.796839183222759,"social_isolation_avg"
"10629","PIWIL4","Exc L4-5 RORB IL1RAPL2",0.021072401054908,3.84727005984839,0.320683921450798,0.571964959130208,0.830747600499168,0.830747600499168,"social_isolation_avg"
"10630","AP000943.3","Exc L4-5 RORB IL1RAPL2",0.0291930236178201,7.03777371421374,0.476502524318266,0.490978905386423,0.78089037011468,0.78089037011468,"social_isolation_avg"
"10631","AMOTL1","Exc L4-5 RORB IL1RAPL2",0.0118635075426315,4.483914391779,0.0766529049369013,0.782231510596577,0.937458982264874,0.937458982264874,"social_isolation_avg"
"10632","CWC15","Exc L4-5 RORB IL1RAPL2",-0.0572754463060968,4.32219498027906,4.4307106616612,0.0368097442714964,0.211557690223657,0.211557690223657,"social_isolation_avg"
"10633","KDM4D","Exc L4-5 RORB IL1RAPL2",0.051537635964679,1.62311724113715,0.627805133681378,0.429297223819784,0.734893998463495,0.734893998463495,"social_isolation_avg"
"10634","SRSF8","Exc L4-5 RORB IL1RAPL2",-0.0998306630450705,4.80126341005953,11.2164339718048,0.00100427472486623,0.0237820801867257,0.0237820801867257,"social_isolation_avg"
"10635","ENDOD1","Exc L4-5 RORB IL1RAPL2",0.00437678686166573,4.66889275241162,0.02402327741468,0.877014796471931,0.970977001992125,0.970977001992125,"social_isolation_avg"
"10636","AP000787.1","Exc L4-5 RORB IL1RAPL2",0.000655599208295812,4.11475895070027,0.000171688264490533,0.989561429492455,0.998822911403646,0.998822911403646,"social_isolation_avg"
"10637","SESN3","Exc L4-5 RORB IL1RAPL2",-0.00298078344557244,7.28064042520984,0.0183963357952222,0.892276374903207,0.975346761322452,0.975346761322452,"social_isolation_avg"
"10638","AP001790.1","Exc L4-5 RORB IL1RAPL2",0.0842751113573891,0.981963668448028,0.294718973149662,0.587943510429337,0.840010352191718,0.840010352191718,"social_isolation_avg"
"10639","FAM76B","Exc L4-5 RORB IL1RAPL2",0.0341449617370862,4.15354101894265,1.57260331539054,0.211599898643731,0.530158774459767,0.530158774459767,"social_isolation_avg"
"10640","CEP57","Exc L4-5 RORB IL1RAPL2",0.0378452966038747,6.2983538171301,3.9946152473698,0.0472851250405927,0.24438182215052,0.24438182215052,"social_isolation_avg"
"10641","MTMR2","Exc L4-5 RORB IL1RAPL2",0.00486646336962193,5.59514466810778,0.0460599151311274,0.830331461179708,0.955232053078449,0.955232053078449,"social_isolation_avg"
"10642","MAML2","Exc L4-5 RORB IL1RAPL2",-1.55968415266956,0.748439301848144,15.0314050274198,0.000152294799388046,0.00740444862634874,0.00740444862634874,"social_isolation_avg"
"10643","CCDC82","Exc L4-5 RORB IL1RAPL2",-0.0427443784043491,6.19680158181051,3.13500136024789,0.0784715224111582,0.321913602062419,0.321913602062419,"social_isolation_avg"
"10644","JRKL","Exc L4-5 RORB IL1RAPL2",-0.0328732673206397,3.03205262274744,0.782943910567363,0.3775275919964,0.696218281497455,0.696218281497455,"social_isolation_avg"
"10645","JRKL-AS1","Exc L4-5 RORB IL1RAPL2",-0.0678522922557827,1.49966108070251,0.46685176426945,0.495395666904837,0.783992278087555,0.783992278087555,"social_isolation_avg"
"10646","AP003781.1","Exc L4-5 RORB IL1RAPL2",-0.0520331783728005,2.01131823241643,0.340005218776435,0.560620886478991,0.823756591050111,0.823756591050111,"social_isolation_avg"
"10647","AP003066.1","Exc L4-5 RORB IL1RAPL2",-0.0871581089647389,6.651422006134,2.09127456851334,0.150035873636301,0.447297694802083,0.447297694802083,"social_isolation_avg"
"10648","LINC02553","Exc L4-5 RORB IL1RAPL2",-0.376447745024635,-0.258196468419007,4.97264329685355,0.0270980431189761,0.177006867387309,0.177006867387309,"social_isolation_avg"
"10649","CNTN5","Exc L4-5 RORB IL1RAPL2",-0.00860345264044029,10.4088003498633,0.0770462041367501,0.78168779565538,0.937163526903779,0.937163526903779,"social_isolation_avg"
"10650","ARHGAP42","Exc L4-5 RORB IL1RAPL2",0.0232041622547756,3.00169356097636,0.0310448630161671,0.860356015369986,0.964612240271125,0.964612240271125,"social_isolation_avg"
"10651","TRPC6","Exc L4-5 RORB IL1RAPL2",-0.958543063690315,-0.574255530729606,7.09177385740605,0.00850959609761102,0.089499759734796,0.089499759734796,"social_isolation_avg"
"10652","ANGPTL5","Exc L4-5 RORB IL1RAPL2",-0.0767143726111334,1.34352175995284,1.40430198714066,0.237705533796525,0.56170829293696,0.56170829293696,"social_isolation_avg"
"10653","CEP126","Exc L4-5 RORB IL1RAPL2",-0.00619704600515081,6.71186896507611,0.0849009197705492,0.771127845031053,0.932360531397057,0.932360531397057,"social_isolation_avg"
"10654","CFAP300","Exc L4-5 RORB IL1RAPL2",0.142082944807362,1.96671001650342,4.18576671296034,0.0423493137902129,0.229674752493945,0.229674752493945,"social_isolation_avg"
"10655","YAP1","Exc L4-5 RORB IL1RAPL2",0.14710474598924,0.613608069905146,0.527495185400281,0.468689022396946,0.764093140855817,0.764093140855817,"social_isolation_avg"
"10656","BIRC3","Exc L4-5 RORB IL1RAPL2",-0.0816572712268367,0.727925951750974,0.602829339443003,0.438610108608593,0.741771707631676,0.741771707631676,"social_isolation_avg"
"10657","BIRC2","Exc L4-5 RORB IL1RAPL2",0.016215587624373,4.64468790819275,0.380866260575331,0.537989154865422,0.811373636586953,0.811373636586953,"social_isolation_avg"
"10658","MMP20","Exc L4-5 RORB IL1RAPL2",-0.142340112824537,-0.124138902997175,1.3238013113222,0.251572705856675,0.57872427568561,0.57872427568561,"social_isolation_avg"
"10659","DCUN1D5","Exc L4-5 RORB IL1RAPL2",-0.0089462667829548,4.6428079290043,0.140736205914823,0.70803113772275,0.903306187404487,0.903306187404487,"social_isolation_avg"
"10660","DYNC2H1","Exc L4-5 RORB IL1RAPL2",0.0651663337297114,7.39039986791318,9.69392940324457,0.00217933548878166,0.0394595280222372,0.0394595280222372,"social_isolation_avg"
"10661","AP002989.1","Exc L4-5 RORB IL1RAPL2",0.115324532622217,-0.764539993350262,0.183155208250505,0.669232680127121,0.883357635370246,0.883357635370246,"social_isolation_avg"
"10662","PDGFD","Exc L4-5 RORB IL1RAPL2",-0.295946030748686,-0.474014254419975,0.685037107737571,0.409050914406515,0.719632947604433,0.719632947604433,"social_isolation_avg"
"10663","LINC02552","Exc L4-5 RORB IL1RAPL2",-0.160688823743892,1.62211644249264,1.68009683529219,0.196718391487234,0.510137034209601,0.510137034209601,"social_isolation_avg"
"10664","AP003181.1","Exc L4-5 RORB IL1RAPL2",0.0364864292312974,0.761312360266662,0.109435072391675,0.741207175453269,0.918667690734397,0.918667690734397,"social_isolation_avg"
"10665","GRIA4","Exc L4-5 RORB IL1RAPL2",-0.0199944785481515,8.37768654849589,0.709027138154319,0.400983586312112,0.713987363656833,0.713987363656833,"social_isolation_avg"
"10666","MSANTD4","Exc L4-5 RORB IL1RAPL2",-0.0594465207748341,4.60266986265635,4.6691125969229,0.0321494323656607,0.196209475067776,0.196209475067776,"social_isolation_avg"
"10667","KBTBD3","Exc L4-5 RORB IL1RAPL2",0.0304595797321444,4.18365448314178,1.02784511991579,0.312147010384173,0.641065188698463,0.641065188698463,"social_isolation_avg"
"10668","AASDHPPT","Exc L4-5 RORB IL1RAPL2",-0.0498451475826524,5.88736127985081,5.29501584043417,0.0226353331374045,0.159331575981211,0.159331575981211,"social_isolation_avg"
"10669","GUCY1A2","Exc L4-5 RORB IL1RAPL2",-0.0726895063151858,6.82823815388601,4.84418051978952,0.0291256666747535,0.184371608950489,0.184371608950489,"social_isolation_avg"
"10670","AP000766.1","Exc L4-5 RORB IL1RAPL2",-0.0877097199669938,3.36735634839816,3.83885849323902,0.0517596596186687,0.257045805681058,0.257045805681058,"social_isolation_avg"
"10671","CWF19L2","Exc L4-5 RORB IL1RAPL2",0.00723211915798461,5.92449923145554,0.0686151929030363,0.793689966941747,0.942443216133168,0.942443216133168,"social_isolation_avg"
"10672","ALKBH8","Exc L4-5 RORB IL1RAPL2",0.0144063014943295,4.60121952524866,0.269014035561749,0.604687579133113,0.848666787019006,0.848666787019006,"social_isolation_avg"
"10673","ELMOD1","Exc L4-5 RORB IL1RAPL2",0.0302595122258139,6.83625079983546,2.14433563972475,0.144996221943793,0.439709871762047,0.439709871762047,"social_isolation_avg"
"10674","SLC35F2","Exc L4-5 RORB IL1RAPL2",0.00811442184703281,2.47928708762012,0.0192217303574093,0.889901453363709,0.974706512053996,0.974706512053996,"social_isolation_avg"
"10675","RAB39A","Exc L4-5 RORB IL1RAPL2",-0.0635197953584586,2.87950324015727,0.69818849492421,0.404599212354275,0.716464360969138,0.716464360969138,"social_isolation_avg"
"10676","CUL5","Exc L4-5 RORB IL1RAPL2",0.00979322593120723,6.59671237203306,0.376028675245353,0.540579159082653,0.812248879285765,0.812248879285765,"social_isolation_avg"
"10677","AP002433.1","Exc L4-5 RORB IL1RAPL2",-0.0725516687711,0.597009498220956,0.460651803894123,0.498268648966645,0.785043185976966,0.785043185976966,"social_isolation_avg"
"10678","ACAT1","Exc L4-5 RORB IL1RAPL2",0.0120779200432472,5.74149049206861,0.36332497537485,0.547491470788931,0.815910290096978,0.815910290096978,"social_isolation_avg"
"10679","NPAT","Exc L4-5 RORB IL1RAPL2",0.098977166360074,5.14463528730582,21.3383438425671,7.70714507776653e-06,0.0011304410233831,0.0011304410233831,"social_isolation_avg"
"10680","ATM","Exc L4-5 RORB IL1RAPL2",0.0390822409437703,6.30435109957415,6.84578650769041,0.00970840416299355,0.0968332710426995,0.0968332710426995,"social_isolation_avg"
"10681","C11orf65","Exc L4-5 RORB IL1RAPL2",-0.0526353886280265,2.01116227834532,0.8481269750747,0.579681321195452,0.835956060862638,0.835956060862638,"social_isolation_avg"
"10682","KDELC2","Exc L4-5 RORB IL1RAPL2",0.0447113022239339,0.130082906692137,0.0924909268328591,0.761416535113746,0.928722988596757,0.928722988596757,"social_isolation_avg"
"10683","DDX10","Exc L4-5 RORB IL1RAPL2",0.016468102732917,6.19897190739157,0.764806232714168,0.383097465879229,0.700367436563551,0.700367436563551,"social_isolation_avg"
"10684","AP003049.2","Exc L4-5 RORB IL1RAPL2",-0.00368532833561651,2.27324521302119,0.00355353538710482,0.952537037505639,0.989452900160271,0.989452900160271,"social_isolation_avg"
"10685","C11orf87","Exc L4-5 RORB IL1RAPL2",-0.0961053223003968,5.22356693714014,10.1434021247101,0.00173116170545616,0.0341556940864817,0.0341556940864817,"social_isolation_avg"
"10686","AP002444.1","Exc L4-5 RORB IL1RAPL2",0.0741407440667831,0.164713769754191,0.299857678610351,0.584710288884616,0.838671305816388,0.838671305816388,"social_isolation_avg"
"10687","RDX","Exc L4-5 RORB IL1RAPL2",0.056147264787408,6.08289003124462,6.82912872164673,0.00979565603233131,0.0973856090354214,0.0973856090354214,"social_isolation_avg"
"10688","ZC3H12C","Exc L4-5 RORB IL1RAPL2",0.0381265858250398,4.57399946727949,1.57238120079515,0.211632008006692,0.530158774459767,0.530158774459767,"social_isolation_avg"
"10689","FDX1","Exc L4-5 RORB IL1RAPL2",0.000462041059576388,4.87473712764951,0.000313118877366006,0.985903378118964,0.998305401080937,0.998305401080937,"social_isolation_avg"
"10690","ARHGAP20","Exc L4-5 RORB IL1RAPL2",-0.0285038981006965,6.86790063755812,1.60045117892933,0.20761981680293,0.525234651058657,0.525234651058657,"social_isolation_avg"
"10691","LINC02550","Exc L4-5 RORB IL1RAPL2",0.0643765507331537,0.0198860710722467,0.122832314918289,0.726428908616371,0.911867340204129,0.911867340204129,"social_isolation_avg"
"10692","COLCA1","Exc L4-5 RORB IL1RAPL2",-0.0376754350224697,0.877883265678607,0.188346735431537,0.724023012016321,0.91012751862615,0.91012751862615,"social_isolation_avg"
"10693","COLCA2","Exc L4-5 RORB IL1RAPL2",-0.032591880007897,2.15064345971471,0.336655815995286,0.562556039204983,0.825125799829263,0.825125799829263,"social_isolation_avg"
"10694","SIK2","Exc L4-5 RORB IL1RAPL2",0.046297673171518,7.62463310908601,3.56908672334727,0.0606158084127075,0.280298935882379,0.280298935882379,"social_isolation_avg"
"10695","PPP2R1B","Exc L4-5 RORB IL1RAPL2",-0.0494729828942717,4.41727979412148,2.45577048427467,0.119006069003574,0.397751103785171,0.397751103785171,"social_isolation_avg"
"10696","AP001781.1","Exc L4-5 RORB IL1RAPL2",0.0147169053985186,1.18045236789087,0.0422470690363946,0.846086509934879,0.961597389721097,0.961597389721097,"social_isolation_avg"
"10697","ALG9","Exc L4-5 RORB IL1RAPL2",-0.00849389269133222,2.61577845539321,0.0286127314141827,0.865883133006188,0.96677503774678,0.96677503774678,"social_isolation_avg"
"10698","C11orf1","Exc L4-5 RORB IL1RAPL2",-0.0338224719650653,2.5182753312828,0.566392268229789,0.452766528241982,0.752608769950346,0.752608769950346,"social_isolation_avg"
"10699","CRYAB","Exc L4-5 RORB IL1RAPL2",-0.084482686450917,4.09355355095434,0.56807306898379,0.452097902662915,0.752329625493173,0.752329625493173,"social_isolation_avg"
"10700","DIXDC1","Exc L4-5 RORB IL1RAPL2",0.0108046586175046,6.70168856602723,0.229707141111236,0.632374528823945,0.864273210099576,0.864273210099576,"social_isolation_avg"
"10701","DLAT","Exc L4-5 RORB IL1RAPL2",-0.00249903423929901,4.47815137819467,0.012363045643637,0.925346065622406,0.98417618971798,0.98417618971798,"social_isolation_avg"
"10702","PIH1D2","Exc L4-5 RORB IL1RAPL2",-0.0192143365743109,0.391919389826477,0.03532743732673,0.894918749136078,0.975838961065222,0.975838961065222,"social_isolation_avg"
"10703","NKAPD1","Exc L4-5 RORB IL1RAPL2",-0.0199070117453676,3.50031562511896,0.422752590501484,0.516469379284783,0.798813830652655,0.798813830652655,"social_isolation_avg"
"10704","TIMM8B","Exc L4-5 RORB IL1RAPL2",-0.118083030102765,3.30014310301233,8.90110917589768,0.00328203120877056,0.0506933163274675,0.0506933163274675,"social_isolation_avg"
"10705","AP002884.3","Exc L4-5 RORB IL1RAPL2",0.118249407669277,4.05524669652634,7.47014008271774,0.00695606965017535,0.0804006071172681,0.0804006071172681,"social_isolation_avg"
"10706","IL18","Exc L4-5 RORB IL1RAPL2",0.288246919385093,0.534503324272291,4.73592999534641,0.0309581008188641,0.191863159382158,0.191863159382158,"social_isolation_avg"
"10707","BCO2","Exc L4-5 RORB IL1RAPL2",0.0838856950655962,5.19367268574062,6.01229262550255,0.0152465767224584,0.12566542098506,0.12566542098506,"social_isolation_avg"
"10708","PTS","Exc L4-5 RORB IL1RAPL2",0.0589938858496214,5.23985392622984,3.37587856761925,0.0679528164760601,0.297913594546485,0.297913594546485,"social_isolation_avg"
"10709","PLET1","Exc L4-5 RORB IL1RAPL2",0.158920009053262,0.185411580635074,1.43447872262189,0.232749513694337,0.555551097339541,0.555551097339541,"social_isolation_avg"
"10710","AP002884.1","Exc L4-5 RORB IL1RAPL2",0.1184561332134,3.74737639433993,4.77631276807967,0.0302607123464328,0.188931604657839,0.188931604657839,"social_isolation_avg"
"10711","AP003063.1","Exc L4-5 RORB IL1RAPL2",0.167180417470188,3.04634390362479,5.92173023551963,0.0160206668726328,0.129320408659166,0.129320408659166,"social_isolation_avg"
"10712","AP000802.1","Exc L4-5 RORB IL1RAPL2",0.0359047639712273,-0.657803749583854,0.044708398337517,0.832801601638864,0.956474321257097,0.956474321257097,"social_isolation_avg"
"10713","NCAM1","Exc L4-5 RORB IL1RAPL2",0.00743257790770079,9.01435725397372,0.301837151289591,0.583474436333771,0.838364400018437,0.838364400018437,"social_isolation_avg"
"10714","NCAM1-AS1","Exc L4-5 RORB IL1RAPL2",0.0201980491160069,-0.41529943787499,0.0171108400715342,0.896085932873659,0.976346158479904,0.976346158479904,"social_isolation_avg"
"10715","TTC12","Exc L4-5 RORB IL1RAPL2",0.227228663398685,3.47160142113043,4.76129735485283,0.0305180685819611,0.190069906398711,0.190069906398711,"social_isolation_avg"
"10716","ANKK1","Exc L4-5 RORB IL1RAPL2",0.276557229930234,0.224697806779592,2.65026676187852,0.105437074471683,0.375727790910108,0.375727790910108,"social_isolation_avg"
"10717","DRD2","Exc L4-5 RORB IL1RAPL2",-0.0663543330342952,1.77571099718097,0.537028731495324,0.464704652213587,0.761270712080804,0.761270712080804,"social_isolation_avg"
"10718","TMPRSS5","Exc L4-5 RORB IL1RAPL2",0.0339401806324987,1.95590926448558,0.227083877322113,0.634323890648444,0.865213230650161,0.865213230650161,"social_isolation_avg"
"10719","ZW10","Exc L4-5 RORB IL1RAPL2",0.0253054589934916,3.72595804674716,0.48212436798798,0.66209285614856,0.879984471142659,0.879984471142659,"social_isolation_avg"
"10720","USP28","Exc L4-5 RORB IL1RAPL2",0.00117593418062751,6.20106497091643,0.00412297652562455,0.948880275351599,0.988853552742656,0.988853552742656,"social_isolation_avg"
"10721","AP003170.3","Exc L4-5 RORB IL1RAPL2",0.046041381472298,-0.165290469028848,0.0954845562758192,0.757706282066848,0.926610169915842,0.926610169915842,"social_isolation_avg"
"10722","HTR3B","Exc L4-5 RORB IL1RAPL2",-0.134382842055501,3.18395306123492,3.01338108216929,0.0844432803220565,0.33443092551808,0.33443092551808,"social_isolation_avg"
"10723","ZBTB16","Exc L4-5 RORB IL1RAPL2",-0.018552091637509,8.65226344763338,0.610817905779564,0.435598004836605,0.739916351274993,0.739916351274993,"social_isolation_avg"
"10724","AP002518.2","Exc L4-5 RORB IL1RAPL2",-0.025980168561697,2.76057051678677,0.160515574336714,0.689199642306252,0.893174413155931,0.893174413155931,"social_isolation_avg"
"10725","NNMT","Exc L4-5 RORB IL1RAPL2",-0.071838860030457,3.80173971617581,1.11473013916969,0.292596714043265,0.623799710018323,0.623799710018323,"social_isolation_avg"
"10726","C11orf71","Exc L4-5 RORB IL1RAPL2",0.00104395736520799,2.33999517285319,0.000518315578528032,0.98186395375519,0.997624744637362,0.997624744637362,"social_isolation_avg"
"10727","AP002373.1","Exc L4-5 RORB IL1RAPL2",0.037717320408778,0.839519222152104,0.124427554839113,0.724730580248738,0.91093294313279,0.91093294313279,"social_isolation_avg"
"10728","REXO2","Exc L4-5 RORB IL1RAPL2",-0.0146234110321001,3.81511197121796,0.174442226258506,0.676735678862941,0.88648706932151,0.88648706932151,"social_isolation_avg"
"10729","NXPE1","Exc L4-5 RORB IL1RAPL2",0.146586977726527,0.173976646849255,1.40447405709376,0.237676911346637,0.56170829293696,0.56170829293696,"social_isolation_avg"
"10730","NXPE2","Exc L4-5 RORB IL1RAPL2",0.116774300678686,0.142931414912662,0.860367338757458,0.354988316937783,0.675523880597385,0.675523880597385,"social_isolation_avg"
"10731","CADM1","Exc L4-5 RORB IL1RAPL2",0.0109563735008556,8.77974260585351,0.328587012539216,0.567271298306597,0.827741250704845,0.827741250704845,"social_isolation_avg"
"10732","AP000462.1","Exc L4-5 RORB IL1RAPL2",0.0192149414671896,3.54227079618988,0.0999653687953836,0.752270087772765,0.924326406308754,0.924326406308754,"social_isolation_avg"
"10733","AP003174.1","Exc L4-5 RORB IL1RAPL2",-0.0959754867397671,-0.327679468652744,0.276688626871866,0.599584877082054,0.846060182603379,0.846060182603379,"social_isolation_avg"
"10734","AP002991.1","Exc L4-5 RORB IL1RAPL2",-0.0406793791023298,3.90280490321151,0.287669196839912,0.592439118765363,0.842274306180829,0.842274306180829,"social_isolation_avg"
"10735","LINC00900","Exc L4-5 RORB IL1RAPL2",0.0504068398671229,1.03560902643444,0.437193337541853,0.509400791439023,0.793145177157634,0.793145177157634,"social_isolation_avg"
"10736","AP000797.3","Exc L4-5 RORB IL1RAPL2",0.130779072962679,-0.337293056099671,0.541088241831074,0.463024539364436,0.7602297213914,0.7602297213914,"social_isolation_avg"
"10737","BUD13","Exc L4-5 RORB IL1RAPL2",0.00477771219041112,3.35916160683812,0.0171946280304414,0.973371667571256,0.99572295699374,0.99572295699374,"social_isolation_avg"
"10738","ZPR1","Exc L4-5 RORB IL1RAPL2",-0.0748978576817382,3.56174689410797,4.78353713794135,0.030137705474299,0.18844531569042,0.18844531569042,"social_isolation_avg"
"10739","APOA1","Exc L4-5 RORB IL1RAPL2",-0.0239070154062637,0.495480108255484,0.043714451063442,0.834643218204589,0.956824497333631,0.956824497333631,"social_isolation_avg"
"10740","APOA1-AS","Exc L4-5 RORB IL1RAPL2",-0.0279438843385804,0.909512659554316,0.0947179760924852,0.758650231377931,0.926988765121204,0.926988765121204,"social_isolation_avg"
"10741","SIK3","Exc L4-5 RORB IL1RAPL2",0.0185368311762679,8.24444001774402,0.642322834096253,0.424021493866448,0.730484447368394,0.730484447368394,"social_isolation_avg"
"10742","PAFAH1B2","Exc L4-5 RORB IL1RAPL2",-0.0527991432243082,6.15000521600186,6.40261412533664,0.0123298195557556,0.111197576651312,0.111197576651312,"social_isolation_avg"
"10743","SIDT2","Exc L4-5 RORB IL1RAPL2",0.00231266211883797,4.11825093019227,0.00597276438157713,0.93849135531034,0.987766326490576,0.987766326490576,"social_isolation_avg"
"10744","TAGLN","Exc L4-5 RORB IL1RAPL2",0.0793364302243521,3.39640364698234,2.77022853821042,0.0979269231756662,0.362456047223548,0.362456047223548,"social_isolation_avg"
"10745","PCSK7","Exc L4-5 RORB IL1RAPL2",0.0303675102361288,6.29481455606218,2.55014661988421,0.112193988620591,0.386882168523819,0.386882168523819,"social_isolation_avg"
"10746","RNF214","Exc L4-5 RORB IL1RAPL2",0.0179851382917597,4.79064275659563,0.726148428000533,0.395367427599973,0.710017757936513,0.710017757936513,"social_isolation_avg"
"10747","BACE1","Exc L4-5 RORB IL1RAPL2",-0.0226361403686282,5.66020756038882,1.37163475917134,0.243216708123122,0.567994776064425,0.567994776064425,"social_isolation_avg"
"10748","BACE1-AS","Exc L4-5 RORB IL1RAPL2",0.0357676934507121,2.16898212523257,0.438509082446823,0.797939250645522,0.94343951658597,0.94343951658597,"social_isolation_avg"
"10749","CEP164","Exc L4-5 RORB IL1RAPL2",0.0175918986534579,5.78896673135742,0.457862300856568,0.499570502851017,0.786014647344504,0.786014647344504,"social_isolation_avg"
"10750","AP000892.1","Exc L4-5 RORB IL1RAPL2",0.0475078923223059,2.47882026909356,0.464517872796244,0.496473862176176,0.784449431835944,0.784449431835944,"social_isolation_avg"
"10751","DSCAML1","Exc L4-5 RORB IL1RAPL2",0.0422375324930001,7.68856603307009,2.04050885785176,0.155045223783127,0.454189608174726,0.454189608174726,"social_isolation_avg"
"10752","FXYD6-FXYD2","Exc L4-5 RORB IL1RAPL2",0.114858754241824,1.13435459649203,1.59149692874759,0.208889762786061,0.527127660932923,0.527127660932923,"social_isolation_avg"
"10753","AP000757.1","Exc L4-5 RORB IL1RAPL2",-0.0822665088072549,0.674328786937553,0.629647051085757,0.42862238307367,0.734542151478902,0.734542151478902,"social_isolation_avg"
"10754","IL10RA","Exc L4-5 RORB IL1RAPL2",-0.137537818703151,-0.0164617996869085,1.20998288383388,0.272934905513233,0.602520283189345,0.602520283189345,"social_isolation_avg"
"10755","SMIM35","Exc L4-5 RORB IL1RAPL2",0.0583504169262172,1.14309956550325,0.543802385529602,0.461906648262298,0.759580713694677,0.759580713694677,"social_isolation_avg"
"10756","SCN4B","Exc L4-5 RORB IL1RAPL2",0.0277461729226136,3.74567515756837,0.576547309323095,0.448750320493615,0.749409074497766,0.749409074497766,"social_isolation_avg"
"10757","SCN2B","Exc L4-5 RORB IL1RAPL2",-0.0994354933989584,5.65284816079671,8.8056314802059,0.00344896785751525,0.0521646049816515,0.0521646049816515,"social_isolation_avg"
"10758","MPZL3","Exc L4-5 RORB IL1RAPL2",0.167502843502797,1.05605503666109,3.56723060683623,0.0606820952583406,0.280376651786005,0.280376651786005,"social_isolation_avg"
"10759","UBE4A","Exc L4-5 RORB IL1RAPL2",-0.026271421129533,5.88014279021168,2.25206634215304,0.135343817655719,0.423681545343931,0.423681545343931,"social_isolation_avg"
"10760","ATP5MG","Exc L4-5 RORB IL1RAPL2",-0.0605784504564618,6.10280089074137,7.60969890929345,0.00645979521695437,0.0767749907663276,0.0767749907663276,"social_isolation_avg"
"10761","AP001267.2","Exc L4-5 RORB IL1RAPL2",-0.0748546279895573,0.601518275536573,0.564670502454798,0.453453064517361,0.752923518252999,0.752923518252999,"social_isolation_avg"
"10762","KMT2A","Exc L4-5 RORB IL1RAPL2",0.0441383181807176,8.04433144188278,8.09344382006435,0.00500460557066296,0.0655564862809362,0.0655564862809362,"social_isolation_avg"
"10763","AP001267.3","Exc L4-5 RORB IL1RAPL2",0.0928481130282636,2.05879397642751,2.23342425950857,0.136960793168195,0.427051101256169,0.427051101256169,"social_isolation_avg"
"10764","TMEM25","Exc L4-5 RORB IL1RAPL2",-0.00879380666416962,5.07595986066063,0.157619084082838,0.902111022880444,0.978262943641483,0.978262943641483,"social_isolation_avg"
"10765","IFT46","Exc L4-5 RORB IL1RAPL2",-0.0103058457066556,3.98520302511515,0.113869001959064,0.736209725872922,0.916074195925395,0.916074195925395,"social_isolation_avg"
"10766","ARCN1","Exc L4-5 RORB IL1RAPL2",-0.0468315726105789,4.55927941842204,3.13729363469447,0.0783634750156822,0.321875039344518,0.321875039344518,"social_isolation_avg"
"10767","PHLDB1","Exc L4-5 RORB IL1RAPL2",-0.391281485555709,1.08519805991479,1.53837344878683,0.21661776659736,0.536399000364959,0.536399000364959,"social_isolation_avg"
"10768","AP002954.1","Exc L4-5 RORB IL1RAPL2",-0.0977453578608648,3.39062870574569,3.44585864781069,0.065190472558704,0.290775325620754,0.290775325620754,"social_isolation_avg"
"10769","DDX6","Exc L4-5 RORB IL1RAPL2",-0.0118850990602279,6.45262384444168,0.363184478191834,0.547568835929701,0.815910290096978,0.815910290096978,"social_isolation_avg"
"10770","AP004609.3","Exc L4-5 RORB IL1RAPL2",-0.139234478929551,0.137407960496459,1.15679359117909,0.283698881208308,0.614735058559597,0.614735058559597,"social_isolation_avg"
"10771","BCL9L","Exc L4-5 RORB IL1RAPL2",-0.070445056640719,3.15196997800542,1.80680869322416,0.180733441989718,0.487439143268314,0.487439143268314,"social_isolation_avg"
"10772","UPK2","Exc L4-5 RORB IL1RAPL2",0.105494046108231,2.36556349928414,2.74095277514615,0.0997037129794831,0.365174981278513,0.365174981278513,"social_isolation_avg"
"10773","AP003392.4","Exc L4-5 RORB IL1RAPL2",-0.0601405838853111,1.33200087168361,0.583871288716465,0.448718443126021,0.749409074497766,0.749409074497766,"social_isolation_avg"
"10774","CCDC84","Exc L4-5 RORB IL1RAPL2",0.0948239927707465,6.00210376959886,19.6447793028282,1.69294348477083e-05,0.00192964961899692,0.00192964961899692,"social_isolation_avg"
"10775","AP003392.1","Exc L4-5 RORB IL1RAPL2",0.202874729726937,1.1132108612034,4.15852042267496,0.0430180406488551,0.231563114400281,0.231563114400281,"social_isolation_avg"
"10776","RPS25","Exc L4-5 RORB IL1RAPL2",-0.0962624300324906,5.10185156714732,4.02800438462933,0.0463806987838896,0.241887872571658,0.241887872571658,"social_isolation_avg"
"10777","TRAPPC4","Exc L4-5 RORB IL1RAPL2",-0.0886252671054514,3.69761996400233,6.19739727741236,0.0137830169376614,0.117997339660153,0.117997339660153,"social_isolation_avg"
"10778","SLC37A4","Exc L4-5 RORB IL1RAPL2",-0.0379433141558417,2.50375640133214,0.494503142252568,0.482914673053642,0.775372863914549,0.775372863914549,"social_isolation_avg"
"10779","HYOU1","Exc L4-5 RORB IL1RAPL2",-0.0671801954916718,4.43952451994303,4.32482781563859,0.0391038107629138,0.219526565191545,0.219526565191545,"social_isolation_avg"
"10780","AP003392.6","Exc L4-5 RORB IL1RAPL2",-0.110350531567466,-0.0638565907872151,0.783257504350736,0.377432303837514,0.696110402662015,0.696110402662015,"social_isolation_avg"
"10781","VPS11","Exc L4-5 RORB IL1RAPL2",-0.0122235744023422,3.86734881698725,0.175756806953685,0.675589726104404,0.886127412489639,0.886127412489639,"social_isolation_avg"
"10782","HMBS","Exc L4-5 RORB IL1RAPL2",-0.0113621595565607,2.21287086795681,0.0313660740505714,0.85964297639527,0.964243395716678,0.964243395716678,"social_isolation_avg"
"10783","H2AFX","Exc L4-5 RORB IL1RAPL2",-0.0820815355628266,3.14635584536098,4.51831625143319,0.0350193188499931,0.20482242100795,0.20482242100795,"social_isolation_avg"
"10784","DPAGT1","Exc L4-5 RORB IL1RAPL2",-0.00954712777415305,2.81481902046331,0.0516996123000347,0.820412762513067,0.952353852408693,0.952353852408693,"social_isolation_avg"
"10785","C2CD2L","Exc L4-5 RORB IL1RAPL2",-0.0301979318683973,4.52154139857624,1.19673272664201,0.275567271487894,0.60564622416337,0.60564622416337,"social_isolation_avg"
"10786","HINFP","Exc L4-5 RORB IL1RAPL2",0.0198905027927113,4.3068727676232,0.690900125150303,0.407057446084359,0.718003166176651,0.718003166176651,"social_isolation_avg"
"10787","ABCG4","Exc L4-5 RORB IL1RAPL2",0.0157816454386149,2.97958866957077,0.146850521272683,0.795991864843912,0.943052144191509,0.943052144191509,"social_isolation_avg"
"10788","NLRX1","Exc L4-5 RORB IL1RAPL2",0.0300543663928122,3.59331473304367,0.630423761611052,0.61112648341444,0.852117185969555,0.852117185969555,"social_isolation_avg"
"10789","CBL","Exc L4-5 RORB IL1RAPL2",0.0176697711855521,5.89719324699076,0.972331417431098,0.582188025233385,0.837597529774409,0.837597529774409,"social_isolation_avg"
"10790","MCAM","Exc L4-5 RORB IL1RAPL2",0.0143381284255872,2.17160436437744,0.0478015210189607,0.827203634085525,0.954161930646283,0.954161930646283,"social_isolation_avg"
"10791","RNF26","Exc L4-5 RORB IL1RAPL2",-0.165832205902116,2.7210670747868,11.0866970107203,0.00107222784780216,0.0247218081691357,0.0247218081691357,"social_isolation_avg"
"10792","USP2","Exc L4-5 RORB IL1RAPL2",-0.0586061674661937,4.46555496867386,2.10533346119862,0.148681432439616,0.445690966918563,0.445690966918563,"social_isolation_avg"
"10793","AP003396.3","Exc L4-5 RORB IL1RAPL2",0.00906479943765971,0.0322505735377747,0.0052866173389868,0.942125489467063,0.987984052456339,0.987984052456339,"social_isolation_avg"
"10794","USP2-AS1","Exc L4-5 RORB IL1RAPL2",-0.0665772460958258,4.76411201490476,1.64235122127541,0.201797948008222,0.516953557306196,0.516953557306196,"social_isolation_avg"
"10795","THY1","Exc L4-5 RORB IL1RAPL2",-0.134305924830088,7.65812559334988,16.2467882453899,8.46875925463657e-05,0.00513070681311911,0.00513070681311911,"social_isolation_avg"
"10796","AP003393.1","Exc L4-5 RORB IL1RAPL2",-0.0114005646940981,2.73663546371309,0.0201318620589258,0.887342211378657,0.974095556110611,0.974095556110611,"social_isolation_avg"
"10797","NECTIN1","Exc L4-5 RORB IL1RAPL2",0.0177813499614717,5.90364535467887,0.441452050322187,0.507348240374877,0.791689333230902,0.791689333230902,"social_isolation_avg"
"10798","AP003390.2","Exc L4-5 RORB IL1RAPL2",0.0548004700986738,0.353158536539812,0.156415134002326,0.692988643925879,0.895325239448382,0.895325239448382,"social_isolation_avg"
"10799","AP003390.1","Exc L4-5 RORB IL1RAPL2",0.171555108211707,1.25403652051504,4.92296903003662,0.0278639114479621,0.179695577758219,0.179695577758219,"social_isolation_avg"
"10800","TRIM29","Exc L4-5 RORB IL1RAPL2",-0.0104566700218187,-0.395964762275215,0.00421068428181272,0.948340163047563,0.988740948001749,0.988740948001749,"social_isolation_avg"
"10801","OAF","Exc L4-5 RORB IL1RAPL2",0.0358639389943432,0.991277217207794,0.0754778160879966,0.7838650153234,0.937860928889192,0.937860928889192,"social_isolation_avg"
"10802","POU2F3","Exc L4-5 RORB IL1RAPL2",0.175509112399101,0.188321250455569,1.6404995554582,0.202051103138072,0.517532005208538,0.517532005208538,"social_isolation_avg"
"10803","TMEM136","Exc L4-5 RORB IL1RAPL2",-0.0605188530290313,3.11383852943558,2.04070571709398,0.155025432879829,0.454189608174726,0.454189608174726,"social_isolation_avg"
"10804","ARHGEF12","Exc L4-5 RORB IL1RAPL2",0.0156550355762149,8.24648547688519,1.20465892285589,0.273988766813178,0.603649447702858,0.603649447702858,"social_isolation_avg"
"10805","GRIK4","Exc L4-5 RORB IL1RAPL2",0.0321089616553676,6.21672918859046,0.727312820953019,0.394989636375773,0.709774926322833,0.709774926322833,"social_isolation_avg"
"10806","AP004147.1","Exc L4-5 RORB IL1RAPL2",-0.00583175689954066,1.46221951200478,0.00445690549806946,0.946853400124943,0.988740948001749,0.988740948001749,"social_isolation_avg"
"10807","AP000646.1","Exc L4-5 RORB IL1RAPL2",-0.0145330635736861,1.73900927942902,0.0487453190275547,0.825533546312175,0.953892053274039,0.953892053274039,"social_isolation_avg"
"10808","TECTA","Exc L4-5 RORB IL1RAPL2",0.00933166277764369,3.17365110452263,0.047706640164586,0.827372482013149,0.954161930646283,0.954161930646283,"social_isolation_avg"
"10809","SC5D","Exc L4-5 RORB IL1RAPL2",0.0549285648673993,4.38856718830736,1.83494552452376,0.17739315806014,0.483683991452211,0.483683991452211,"social_isolation_avg"
"10810","SORL1","Exc L4-5 RORB IL1RAPL2",-0.0358479026826441,7.81743098931048,2.39319782442961,0.123776537758947,0.405386591214936,0.405386591214936,"social_isolation_avg"
"10811","UBASH3B","Exc L4-5 RORB IL1RAPL2",-0.100187581786948,3.93466283245399,2.89298659797958,0.0908463173734562,0.348723037150298,0.348723037150298,"social_isolation_avg"
"10812","CRTAM","Exc L4-5 RORB IL1RAPL2",-0.0862574879275642,0.135241912685163,0.283700961527196,0.595000964097597,0.843296700385411,0.843296700385411,"social_isolation_avg"
"10813","JHY","Exc L4-5 RORB IL1RAPL2",0.0334785068363234,4.28353793427249,0.84792879946846,0.358480875848694,0.678213843808932,0.678213843808932,"social_isolation_avg"
"10814","HSPA8","Exc L4-5 RORB IL1RAPL2",-0.203484164261648,5.47735609002354,11.5871268971729,0.000833367195416766,0.0210406661681392,0.0210406661681392,"social_isolation_avg"
"10815","CLMP","Exc L4-5 RORB IL1RAPL2",0.109064720744032,4.84581181140545,3.7008196562727,0.0561040522455721,0.268929302612942,0.268929302612942,"social_isolation_avg"
"10816","GRAMD1B","Exc L4-5 RORB IL1RAPL2",-0.006536994613837,6.9634116648753,0.18146291730837,0.670673202467586,0.884183923069203,0.884183923069203,"social_isolation_avg"
"10817","SCN3B","Exc L4-5 RORB IL1RAPL2",-0.0838433557582461,6.68564932940025,8.84530564539358,0.0033785652282953,0.0515115493026393,0.0515115493026393,"social_isolation_avg"
"10818","ZNF202","Exc L4-5 RORB IL1RAPL2",-0.0659626290033532,3.44177379422899,3.62691629620933,0.0585890175340748,0.275107403064032,0.275107403064032,"social_isolation_avg"
"10819","VWA5A","Exc L4-5 RORB IL1RAPL2",0.0305589831879369,0.407812709412736,0.0349941078154526,0.851837416532379,0.962012154350376,0.962012154350376,"social_isolation_avg"
"10820","TBRG1","Exc L4-5 RORB IL1RAPL2",0.0186321899526093,6.44538759556318,0.679567556716188,0.41092361471014,0.721250993871109,0.721250993871109,"social_isolation_avg"
"10821","SIAE","Exc L4-5 RORB IL1RAPL2",-0.0047150834157292,4.0125560652098,0.0158537831186717,0.899954752020996,0.977836445560426,0.977836445560426,"social_isolation_avg"
"10822","SPA17","Exc L4-5 RORB IL1RAPL2",-0.0260723072189596,2.65374817551906,0.195625945591651,0.658853035639156,0.878351304194848,0.878351304194848,"social_isolation_avg"
"10823","NRGN","Exc L4-5 RORB IL1RAPL2",-0.120960638190892,8.77179370983803,11.4533448427151,0.000891325270141778,0.0219879601516983,0.0219879601516983,"social_isolation_avg"
"10824","AP000866.5","Exc L4-5 RORB IL1RAPL2",-0.0790193771565564,0.0176572264918167,0.36578993118795,0.546137446933897,0.815456647209302,0.815456647209302,"social_isolation_avg"
"10825","ESAM","Exc L4-5 RORB IL1RAPL2",0.0960317827930811,0.310310190827489,0.749982418961361,0.387737037158742,0.703661277583019,0.703661277583019,"social_isolation_avg"
"10826","AP000866.2","Exc L4-5 RORB IL1RAPL2",-0.149948916754846,-0.119727234688445,1.30034343827251,0.255800060579469,0.584264335244645,0.584264335244645,"social_isolation_avg"
"10827","MSANTD2","Exc L4-5 RORB IL1RAPL2",0.0271338193483572,4.92393821577504,1.29153674584358,0.257409841945215,0.585461187576081,0.585461187576081,"social_isolation_avg"
"10828","AP000866.1","Exc L4-5 RORB IL1RAPL2",-0.0889245952512744,2.20592739753857,2.50044217663175,0.115725910424109,0.392762323073463,0.392762323073463,"social_isolation_avg"
"10829","ROBO3","Exc L4-5 RORB IL1RAPL2",0.0826107690233087,2.62725828125245,0.522287851889558,0.470888650037297,0.765610685477007,0.765610685477007,"social_isolation_avg"
"10830","CCDC15","Exc L4-5 RORB IL1RAPL2",0.114687270038322,1.29784099263567,1.26021067742341,0.263239143794889,0.59325667684073,0.59325667684073,"social_isolation_avg"
"10831","TMEM218","Exc L4-5 RORB IL1RAPL2",0.104388720310225,2.05976154092565,4.06395019158869,0.0454275612614242,0.239025274368022,0.239025274368022,"social_isolation_avg"
"10832","AP001007.2","Exc L4-5 RORB IL1RAPL2",0.169616637651256,0.0103262155074486,1.27683616781853,0.260125139867525,0.589306623388507,0.589306623388507,"social_isolation_avg"
"10833","PKNOX2-AS1","Exc L4-5 RORB IL1RAPL2",-0.0407301515589989,0.572267112568122,0.159676143512755,0.689970706875343,0.893676052256912,0.893676052256912,"social_isolation_avg"
"10834","PKNOX2","Exc L4-5 RORB IL1RAPL2",0.00544638755762768,8.20965492423781,0.0528035566514384,0.81853887364868,0.951762359999666,0.951762359999666,"social_isolation_avg"
"10835","AP001007.1","Exc L4-5 RORB IL1RAPL2",-0.0292687067520886,-0.069508128700624,0.0493803037751393,0.824419441777134,0.953583855066564,0.953583855066564,"social_isolation_avg"
"10836","FEZ1","Exc L4-5 RORB IL1RAPL2",-0.0968302765853077,5.78731566929327,26.1631231901272,8.61329922091411e-07,0.000346749435231736,0.000346749435231736,"social_isolation_avg"
"10837","EI24","Exc L4-5 RORB IL1RAPL2",-0.0749179248606351,5.33303907910787,7.10498013418414,0.0084497397868716,0.0891676109912982,0.0891676109912982,"social_isolation_avg"
"10838","STT3A-AS1","Exc L4-5 RORB IL1RAPL2",0.107389202990446,1.63231286894631,2.35744142645873,0.175955484198531,0.482097855164082,0.482097855164082,"social_isolation_avg"
"10839","STT3A","Exc L4-5 RORB IL1RAPL2",-0.0632313915870623,3.50009761575312,3.95600235552803,0.0514460757703251,0.256363234040116,0.256363234040116,"social_isolation_avg"
"10840","CHEK1","Exc L4-5 RORB IL1RAPL2",0.0630324148433731,1.83308431379118,1.2954600485117,0.470377593544098,0.765263495051408,0.765263495051408,"social_isolation_avg"
"10841","ACRV1","Exc L4-5 RORB IL1RAPL2",-0.0259964044070867,1.49818306454408,0.128657348253849,0.720285938156787,0.909296979182147,0.909296979182147,"social_isolation_avg"
"10842","PATE2","Exc L4-5 RORB IL1RAPL2",0.0327021974686405,0.996301305406611,0.167376374824648,0.682983711045401,0.889934219178434,0.889934219178434,"social_isolation_avg"
"10843","HYLS1","Exc L4-5 RORB IL1RAPL2",0.0210611295587871,3.88890184736934,0.421486410810594,0.517097339257758,0.798915618920184,0.798915618920184,"social_isolation_avg"
"10844","PUS3","Exc L4-5 RORB IL1RAPL2",-0.0464554683582724,2.21263529498232,0.986688921016993,0.462459162705055,0.759762943261469,0.759762943261469,"social_isolation_avg"
"10845","AP000842.2","Exc L4-5 RORB IL1RAPL2",0.114590141915129,1.81605913873698,2.81975563867667,0.0949998255713184,0.356749018609347,0.356749018609347,"social_isolation_avg"
"10846","DDX25","Exc L4-5 RORB IL1RAPL2",0.00973855182075583,4.91594987728558,0.116757934533802,0.73301173565348,0.914520816626361,0.914520816626361,"social_isolation_avg"
"10847","CDON","Exc L4-5 RORB IL1RAPL2",0.0685550826470437,6.15996668723905,6.31530909948857,0.0129275637563551,0.114300202726166,0.114300202726166,"social_isolation_avg"
"10848","RPUSD4","Exc L4-5 RORB IL1RAPL2",0.0221047794794582,3.30801797165241,0.350673829390938,0.554541077518695,0.819660317766677,0.819660317766677,"social_isolation_avg"
"10849","FAM118B","Exc L4-5 RORB IL1RAPL2",0.0398714376987862,4.47152421620858,2.05841335511321,0.153256986563291,0.452100942120991,0.452100942120991,"social_isolation_avg"
"10850","SRPRA","Exc L4-5 RORB IL1RAPL2",-0.104083165813422,4.10138688503915,8.57105192739453,0.00389720492617603,0.056093927474232,0.056093927474232,"social_isolation_avg"
"10851","FOXRED1","Exc L4-5 RORB IL1RAPL2",-0.0765504433599483,5.53394305956546,8.96841349436206,0.00316936124401153,0.0494634096776959,0.0494634096776959,"social_isolation_avg"
"10852","TIRAP","Exc L4-5 RORB IL1RAPL2",0.102752655397289,2.82613367856842,5.43190424414364,0.0209798680874253,0.15279448963902,0.15279448963902,"social_isolation_avg"
"10853","AP001318.2","Exc L4-5 RORB IL1RAPL2",0.0956790833232324,3.30095435874152,6.03414226582053,0.0150657113673525,0.124970769303673,0.124970769303673,"social_isolation_avg"
"10854","DCPS","Exc L4-5 RORB IL1RAPL2",0.0262292603878011,3.72700427222737,0.626750149218922,0.429684475363611,0.735330981167266,0.735330981167266,"social_isolation_avg"
"10855","GSEC","Exc L4-5 RORB IL1RAPL2",0.0152815845277142,1.6722259332185,0.0611522127658234,0.804990886394645,0.946074899395844,0.946074899395844,"social_isolation_avg"
"10856","ST3GAL4","Exc L4-5 RORB IL1RAPL2",0.0280960878889713,4.62005169498369,0.688846647628045,0.407754011541329,0.718770654275692,0.718770654275692,"social_isolation_avg"
"10857","KIRREL3","Exc L4-5 RORB IL1RAPL2",0.0126495809304897,9.19198320974776,0.266564883239232,0.606335435896808,0.849314921572177,0.849314921572177,"social_isolation_avg"
"10858","KIRREL3-AS1","Exc L4-5 RORB IL1RAPL2",0.120125121062034,1.20767804380727,2.13350241489784,0.146009298678157,0.441620599171269,0.441620599171269,"social_isolation_avg"
"10859","AP001783.1","Exc L4-5 RORB IL1RAPL2",0.132893492442419,1.70588736205394,2.62949742290736,0.106800820662193,0.377927497241321,0.377927497241321,"social_isolation_avg"
"10860","AP001993.1","Exc L4-5 RORB IL1RAPL2",-0.041937075085189,3.8707856037675,0.475246792395455,0.491549849173408,0.780973607877241,0.780973607877241,"social_isolation_avg"
"10861","AP003121.1","Exc L4-5 RORB IL1RAPL2",-0.00802561019449226,0.246339144812589,0.00393243920063875,0.950073864570842,0.989124441044618,0.989124441044618,"social_isolation_avg"
"10862","AP003481.1","Exc L4-5 RORB IL1RAPL2",-0.0990350377479674,0.586235518414994,0.720737799603337,0.397129812651156,0.711187952848166,0.711187952848166,"social_isolation_avg"
"10863","ETS1","Exc L4-5 RORB IL1RAPL2",-0.541252993692473,-1.1117902249076,2.4292221649226,0.121004524748065,0.400299848883095,0.400299848883095,"social_isolation_avg"
"10864","KCNJ1","Exc L4-5 RORB IL1RAPL2",0.0598058216100511,1.28994771842342,0.520947725142742,0.471457436636658,0.765966525725761,0.765966525725761,"social_isolation_avg"
"10865","C11orf45","Exc L4-5 RORB IL1RAPL2",0.171458788911418,0.203569806085187,1.99776424233499,0.159411831649699,0.460381571990379,0.460381571990379,"social_isolation_avg"
"10866","TP53AIP1","Exc L4-5 RORB IL1RAPL2",0.112936870446225,0.0394758552655669,0.668154485393072,0.414872402492067,0.724245061504002,0.724245061504002,"social_isolation_avg"
"10867","ARHGAP32","Exc L4-5 RORB IL1RAPL2",0.0101988628826612,8.98822012884382,0.477786336357173,0.490396342749753,0.780776748062512,0.780776748062512,"social_isolation_avg"
"10868","BARX2","Exc L4-5 RORB IL1RAPL2",0.0076353550584235,3.71241231559857,0.0165278576111899,0.89786153819967,0.977077021008567,0.977077021008567,"social_isolation_avg"
"10869","TMEM45B","Exc L4-5 RORB IL1RAPL2",0.115995294621146,0.503986501064498,0.734256841720035,0.392747430606461,0.707795447028966,0.707795447028966,"social_isolation_avg"
"10870","NFRKB","Exc L4-5 RORB IL1RAPL2",-0.0470422150123072,3.97900525780614,2.0571569016936,0.153381704578046,0.452327810523879,0.452327810523879,"social_isolation_avg"
"10871","PRDM10","Exc L4-5 RORB IL1RAPL2",-0.015797470335133,4.62661385531044,0.295493926255073,0.587453587606568,0.839897939481931,0.839897939481931,"social_isolation_avg"
"10872","APLP2","Exc L4-5 RORB IL1RAPL2",-0.0878200447444375,7.18523651563461,22.8060981875579,3.92689484091131e-06,0.000714430550816181,0.000714430550816181,"social_isolation_avg"
"10873","ZBTB44","Exc L4-5 RORB IL1RAPL2",0.00384672197252176,6.38279369478259,0.0484917725819024,0.825980528755888,0.953895283131028,0.953895283131028,"social_isolation_avg"
"10874","AP002986.1","Exc L4-5 RORB IL1RAPL2",0.00180958007664944,2.26192343398116,0.000939192266075135,0.975588633449372,0.996367624666521,0.996367624666521,"social_isolation_avg"
"10875","ADAMTS8","Exc L4-5 RORB IL1RAPL2",-0.0691394898092063,2.49407060479545,0.671312744066478,0.413774066171904,0.723419454348856,0.723419454348856,"social_isolation_avg"
"10876","LINC02551","Exc L4-5 RORB IL1RAPL2",0.0714319788383137,1.75581811739091,0.866367592625573,0.353320282442748,0.673636947208711,0.673636947208711,"social_isolation_avg"
"10877","AP003486.1","Exc L4-5 RORB IL1RAPL2",-0.0780286498023813,3.37500273459046,4.28495403876971,0.0400065414966464,0.222299081975272,0.222299081975272,"social_isolation_avg"
"10878","SNX19","Exc L4-5 RORB IL1RAPL2",-0.00703819153831735,5.23742337242118,0.069952724457364,0.791735116418069,0.941276791564328,0.941276791564328,"social_isolation_avg"
"10879","NTM","Exc L4-5 RORB IL1RAPL2",-0.0144169260448209,9.01558237005416,0.310762267995898,0.577966923719072,0.834779944818296,0.834779944818296,"social_isolation_avg"
"10880","AP003025.2","Exc L4-5 RORB IL1RAPL2",0.0158465511092936,0.155674876033125,0.0141512990400726,0.905452101072507,0.978815281145674,0.978815281145674,"social_isolation_avg"
"10881","AP003025.1","Exc L4-5 RORB IL1RAPL2",0.117619913269601,-0.072109716290735,0.544371930523694,0.461672613448729,0.759501561608736,0.759501561608736,"social_isolation_avg"
"10882","AP000844.2","Exc L4-5 RORB IL1RAPL2",0.126280567886067,0.48987206523109,1.29526131696052,0.25672749367485,0.58500623935543,0.58500623935543,"social_isolation_avg"
"10883","AP000844.1","Exc L4-5 RORB IL1RAPL2",0.0795265386008724,-0.519158250958407,0.241671934904163,0.623653310011551,0.859255424702358,0.859255424702358,"social_isolation_avg"
"10884","OPCML","Exc L4-5 RORB IL1RAPL2",0.0395671434489633,12.0373809680883,6.98144346005771,0.00902712256526845,0.0929282840356062,0.0929282840356062,"social_isolation_avg"
"10885","AP001979.2","Exc L4-5 RORB IL1RAPL2",0.104881282470975,0.383889557254809,1.06869659118986,0.302750129836186,0.634099670218499,0.634099670218499,"social_isolation_avg"
"10886","IGSF9B","Exc L4-5 RORB IL1RAPL2",-0.00378373328989789,5.81931272734253,0.0166239448757958,0.897566716163553,0.976877736318401,0.976877736318401,"social_isolation_avg"
"10887","AP000911.1","Exc L4-5 RORB IL1RAPL2",-0.0153454597771577,2.62625001238663,0.0711599784287529,0.789987776224053,0.940460560046237,0.940460560046237,"social_isolation_avg"
"10888","JAM3","Exc L4-5 RORB IL1RAPL2",0.0411230716077833,6.41895153702506,2.41791693737455,0.121866897030024,0.401505059847655,0.401505059847655,"social_isolation_avg"
"10889","NCAPD3","Exc L4-5 RORB IL1RAPL2",0.03225479756369,4.52753983924148,1.41126772187089,0.236550195532981,0.560133423074815,0.560133423074815,"social_isolation_avg"
"10890","VPS26B","Exc L4-5 RORB IL1RAPL2",-0.0336790767995994,5.1236299591712,2.7573210948086,0.0987059617228832,0.363986650118627,0.363986650118627,"social_isolation_avg"
"10891","THYN1","Exc L4-5 RORB IL1RAPL2",-0.00173881334649062,3.88021180029261,0.00236429111281886,0.961277662984663,0.992176197847109,0.992176197847109,"social_isolation_avg"
"10892","ACAD8","Exc L4-5 RORB IL1RAPL2",-0.00976500285959541,4.0664065970052,0.0953099912044565,0.757920871376491,0.926610169915842,0.926610169915842,"social_isolation_avg"
"10893","GLB1L3","Exc L4-5 RORB IL1RAPL2",0.030710146585065,5.54841358604183,1.3933018581517,0.239544091411643,0.563625202806372,0.563625202806372,"social_isolation_avg"
"10894","GLB1L2","Exc L4-5 RORB IL1RAPL2",0.00258882717931888,1.44200849807491,0.00120241787068759,0.972380018465303,0.995695809287521,0.995695809287521,"social_isolation_avg"
"10895","B3GAT1","Exc L4-5 RORB IL1RAPL2",-0.0437218269361692,6.23828654680477,1.93477403475715,0.166106616526545,0.469931712215722,0.469931712215722,"social_isolation_avg"
"10896","AP004550.1","Exc L4-5 RORB IL1RAPL2",0.198495365680104,-0.939666935769191,0.869700089237053,0.352398518556812,0.672660809354938,0.672660809354938,"social_isolation_avg"
"10897","TUBB8","Exc L4-5 RORB IL1RAPL2",0.146508340521729,2.38118531342836,3.58375231034065,0.060094788148783,0.279382217753922,0.279382217753922,"social_isolation_avg"
"10898","ZMYND11","Exc L4-5 RORB IL1RAPL2",0.0207994250513545,7.10324180527978,2.35172037033107,0.12705657654517,0.410175308788802,0.410175308788802,"social_isolation_avg"
"10899","DIP2C","Exc L4-5 RORB IL1RAPL2",0.0169265036597691,8.23427841709125,1.27665127590984,0.260159517211786,0.589306623388507,0.589306623388507,"social_isolation_avg"
"10900","PRR26","Exc L4-5 RORB IL1RAPL2",0.300796302478775,-0.317909423775407,3.84689891881358,0.0515179490454494,0.256518714181302,0.256518714181302,"social_isolation_avg"
"10901","LARP4B","Exc L4-5 RORB IL1RAPL2",0.0401982207741567,6.67105143200023,7.07382621188213,0.00859164597080719,0.0900124769732242,0.0900124769732242,"social_isolation_avg"
"10902","AL359878.2","Exc L4-5 RORB IL1RAPL2",-0.0618040743024614,-0.289756084047961,0.18420807964596,0.706364463768807,0.902324760171909,0.902324760171909,"social_isolation_avg"
"10903","GTPBP4","Exc L4-5 RORB IL1RAPL2",0.013296939186729,4.09944985566158,0.262223566939021,0.609280124730983,0.851543007832393,0.851543007832393,"social_isolation_avg"
"10904","IDI2-AS1","Exc L4-5 RORB IL1RAPL2",0.0285942061729959,3.02611560012846,0.110464376282325,0.740037166133173,0.918293436908073,0.918293436908073,"social_isolation_avg"
"10905","IDI1","Exc L4-5 RORB IL1RAPL2",0.0640114222950145,5.21976083454694,2.19395795453867,0.140456568370757,0.433421787445315,0.433421787445315,"social_isolation_avg"
"10906","WDR37","Exc L4-5 RORB IL1RAPL2",0.0479256357129038,6.65440880673989,6.51914686987084,0.0115763381783663,0.107265374472512,0.107265374472512,"social_isolation_avg"
"10907","LINC00200","Exc L4-5 RORB IL1RAPL2",-0.903139937923571,-1.18792050763845,5.3690459504829,0.0217237354154784,0.155459454537166,0.155459454537166,"social_isolation_avg"
"10908","AC024908.1","Exc L4-5 RORB IL1RAPL2",-0.155713864811898,-0.390526923548279,0.535636990688551,0.465282903257578,0.761782086477156,0.761782086477156,"social_isolation_avg"
"10909","AL713851.1","Exc L4-5 RORB IL1RAPL2",-0.39180122274989,3.07459194659382,4.2050135219531,0.0418835800041714,0.228314381232765,0.228314381232765,"social_isolation_avg"
"10910","AL731533.2","Exc L4-5 RORB IL1RAPL2",0.0723722285130995,1.62768999484742,1.02495311899238,0.328405806483231,0.653810780112717,0.653810780112717,"social_isolation_avg"
"10911","PFKP","Exc L4-5 RORB IL1RAPL2",-0.0421112126802795,6.4281490368727,1.79679624431717,0.181939720984444,0.488383844424893,0.488383844424893,"social_isolation_avg"
"10912","AL451164.3","Exc L4-5 RORB IL1RAPL2",-0.0408041406685833,-0.106694834630716,0.0775334301798229,0.781016301411088,0.936895065756991,0.936895065756991,"social_isolation_avg"
"10913","PITRM1","Exc L4-5 RORB IL1RAPL2",0.0424702473568668,5.12028700545032,3.20288088845857,0.0753394100488068,0.314470985557793,0.314470985557793,"social_isolation_avg"
"10914","PITRM1-AS1","Exc L4-5 RORB IL1RAPL2",0.0806293431721663,0.722606567810841,0.80543861139761,0.370777563587925,0.688793808768762,0.688793808768762,"social_isolation_avg"
"10915","AL451164.1","Exc L4-5 RORB IL1RAPL2",0.051546260683372,1.33645704274485,0.36846224828343,0.544676546039004,0.814378094012415,0.814378094012415,"social_isolation_avg"
"10916","AL357833.1","Exc L4-5 RORB IL1RAPL2",0.00736318465445446,1.03411816809903,0.00480461831532551,0.944822386318115,0.988096847417673,0.988096847417673,"social_isolation_avg"
"10917","AL450322.2","Exc L4-5 RORB IL1RAPL2",-0.0155895353439612,2.52350515220009,0.0523219013745874,0.819353898224259,0.952050234048104,0.952050234048104,"social_isolation_avg"
"10918","AL450322.1","Exc L4-5 RORB IL1RAPL2",0.00600551657509613,1.34213106700907,0.00554209137230784,0.940746140405912,0.987893091498516,0.987893091498516,"social_isolation_avg"
"10919","KLF6","Exc L4-5 RORB IL1RAPL2",-0.0945971426891922,4.73383370570813,5.7440413933414,0.0176607958440646,0.138540596254373,0.138540596254373,"social_isolation_avg"
"10920","AC025822.2","Exc L4-5 RORB IL1RAPL2",0.0698022474901711,-0.277382971172571,0.195505301471446,0.658951530811815,0.878351304194848,0.878351304194848,"social_isolation_avg"
"10921","AKR1E2","Exc L4-5 RORB IL1RAPL2",-0.0719049924738661,4.12272026578443,1.56217650885957,0.213113521012626,0.532108858680377,0.532108858680377,"social_isolation_avg"
"10922","AKR1C1","Exc L4-5 RORB IL1RAPL2",0.0321787601556648,1.50679642079481,0.118869265332728,0.730702394877466,0.913267211869261,0.913267211869261,"social_isolation_avg"
"10923","AKR1C2","Exc L4-5 RORB IL1RAPL2",0.156394023688646,0.758903598643118,1.40270967968801,0.237970601175611,0.561928287435556,0.561928287435556,"social_isolation_avg"
"10924","AKR1C3","Exc L4-5 RORB IL1RAPL2",-0.0308551877825517,2.31239401872013,0.121127262724447,0.728257900853473,0.912346248724715,0.912346248724715,"social_isolation_avg"
"10925","AL355303.1","Exc L4-5 RORB IL1RAPL2",0.269246503518033,-0.36097593818144,3.22141072061017,0.0745081578070843,0.312642960439159,0.312642960439159,"social_isolation_avg"
"10926","NET1","Exc L4-5 RORB IL1RAPL2",-0.0744687947914893,2.80009883517211,2.90292387017109,0.0902982031115282,0.347192095320712,0.347192095320712,"social_isolation_avg"
"10927","CALML3-AS1","Exc L4-5 RORB IL1RAPL2",-0.114932265856797,0.510699329908507,1.16043106647227,0.282945775511981,0.614369637188684,0.614369637188684,"social_isolation_avg"
"10928","ASB13","Exc L4-5 RORB IL1RAPL2",-0.0529553479699965,3.71976751855302,1.74305004310633,0.188578076433278,0.498544890903178,0.498544890903178,"social_isolation_avg"
"10929","FAM208B","Exc L4-5 RORB IL1RAPL2",0.0160800959635525,6.75911442609255,0.772766181275753,0.380638781365765,0.698803514520909,0.698803514520909,"social_isolation_avg"
"10930","AL365356.1","Exc L4-5 RORB IL1RAPL2",0.0858854182639705,2.21788452024566,1.55284975235846,0.214478439379224,0.533765205227689,0.533765205227689,"social_isolation_avg"
"10931","GDI2","Exc L4-5 RORB IL1RAPL2",-0.00445615084080242,5.49025638747497,0.0461386098053976,0.830188807775027,0.955184094369796,0.955184094369796,"social_isolation_avg"
"10932","ANKRD16","Exc L4-5 RORB IL1RAPL2",0.061065431628173,5.54379298588584,6.62290687599879,0.0109456474815122,0.103915000500598,0.103915000500598,"social_isolation_avg"
"10933","FBH1","Exc L4-5 RORB IL1RAPL2",-0.0211828313616509,5.33245504750554,0.994505127006943,0.348796613082606,0.671032995300279,0.671032995300279,"social_isolation_avg"
"10934","IL15RA","Exc L4-5 RORB IL1RAPL2",0.058915983666724,1.85389189428773,0.404353530008003,0.525728862892089,0.804851926588362,0.804851926588362,"social_isolation_avg"
"10935","RBM17","Exc L4-5 RORB IL1RAPL2",0.02742603774174,5.65308575657642,1.91856505486055,0.167881381108023,0.471428259415985,0.471428259415985,"social_isolation_avg"
"10936","PFKFB3","Exc L4-5 RORB IL1RAPL2",-0.000174713080081761,5.79663151425215,6.02840389169986e-05,0.993814426000387,0.999452588532504,0.999452588532504,"social_isolation_avg"
"10937","AL157395.1","Exc L4-5 RORB IL1RAPL2",0.020521550414914,1.00947895069474,0.0397627178328113,0.84219031865377,0.959863047403421,0.959863047403421,"social_isolation_avg"
"10938","AL137145.2","Exc L4-5 RORB IL1RAPL2",0.423884432105506,-1.25056162243609,27.3167734783673,0.000291039919423773,0.0108614720225191,0.0108614720225191,"social_isolation_avg"
"10939","PRKCQ","Exc L4-5 RORB IL1RAPL2",0.0266051514906874,3.58998602260012,0.268230473044175,0.605213741998707,0.848956078935109,0.848956078935109,"social_isolation_avg"
"10940","LINC00707","Exc L4-5 RORB IL1RAPL2",-0.238820304646294,-0.213255605523823,2.60739965583293,0.108273266008576,0.380453511156551,0.380453511156551,"social_isolation_avg"
"10941","SFMBT2","Exc L4-5 RORB IL1RAPL2",-0.0715612930513575,5.03207878112177,0.665848506045866,0.415677085701953,0.724893541982395,0.724893541982395,"social_isolation_avg"
"10942","ITIH5","Exc L4-5 RORB IL1RAPL2",0.293284512718408,0.117414938645583,5.33904545642218,0.0220884390218846,0.157000508915507,0.157000508915507,"social_isolation_avg"
"10943","ITIH2","Exc L4-5 RORB IL1RAPL2",0.0549924680749386,1.24802833962253,0.269674966294251,0.604244519831214,0.848581258760019,0.848581258760019,"social_isolation_avg"
"10944","KIN","Exc L4-5 RORB IL1RAPL2",0.0486215859336853,5.05066945549776,2.45088632697648,0.119370946678295,0.397758197313849,0.397758197313849,"social_isolation_avg"
"10945","ATP5F1C","Exc L4-5 RORB IL1RAPL2",-0.0540793606452511,5.08645867233742,5.16409969914056,0.0243468127888672,0.166168322443437,0.166168322443437,"social_isolation_avg"
"10946","TAF3","Exc L4-5 RORB IL1RAPL2",0.0414817443682354,6.10396431073197,4.61303514085858,0.0331865630534943,0.198961647507974,0.198961647507974,"social_isolation_avg"
"10947","AC025946.1","Exc L4-5 RORB IL1RAPL2",0.183177176028627,-0.418438770959171,1.2920040247678,0.257324112031317,0.585461187576081,0.585461187576081,"social_isolation_avg"
"10948","AL138775.1","Exc L4-5 RORB IL1RAPL2",-0.0703863063782099,-0.414992210133475,0.157441002736187,0.692035345297152,0.894857806093249,0.894857806093249,"social_isolation_avg"
"10949","AL583859.2","Exc L4-5 RORB IL1RAPL2",-0.0402579955552849,3.90348649649594,0.662321315199975,0.416912421533247,0.725422731083941,0.725422731083941,"social_isolation_avg"
"10950","SFTA1P","Exc L4-5 RORB IL1RAPL2",0.146176873896249,1.74072320932484,2.74725105286353,0.099318484966325,0.364823345767392,0.364823345767392,"social_isolation_avg"
"10951","CELF2","Exc L4-5 RORB IL1RAPL2",0.0149763057724861,11.0300091920346,1.31142266639648,0.253792588241753,0.581568313203611,0.581568313203611,"social_isolation_avg"
"10952","CELF2-AS2","Exc L4-5 RORB IL1RAPL2",0.00375959555963757,3.2992594222969,0.00255131323428743,0.959776545883121,0.991774908215579,0.991774908215579,"social_isolation_avg"
"10953","USP6NL","Exc L4-5 RORB IL1RAPL2",0.00339578380615622,4.48885044742688,0.00689359832207477,0.933929977082248,0.986583286147705,0.986583286147705,"social_isolation_avg"
"10954","ECHDC3","Exc L4-5 RORB IL1RAPL2",-0.0721424925328695,0.298265357912676,0.425539259263152,0.515092039519487,0.797573196943938,0.797573196943938,"social_isolation_avg"
"10955","PROSER2","Exc L4-5 RORB IL1RAPL2",-0.0476058398004893,0.66543190815727,0.211940849731251,0.645855464000797,0.870572859895924,0.870572859895924,"social_isolation_avg"
"10956","PROSER2-AS1","Exc L4-5 RORB IL1RAPL2",0.0030431115086507,0.588341445989068,0.000815842096965541,0.977247617779961,0.996715536610383,0.996715536610383,"social_isolation_avg"
"10957","UPF2","Exc L4-5 RORB IL1RAPL2",-0.0108445352237087,5.91864868008681,0.287827021039157,0.5923377011195,0.842274306180829,0.842274306180829,"social_isolation_avg"
"10958","DHTKD1","Exc L4-5 RORB IL1RAPL2",0.0925602284805204,4.75732766875769,10.2169642156717,0.00166735285494222,0.0333488196282894,0.0333488196282894,"social_isolation_avg"
"10959","SEC61A2","Exc L4-5 RORB IL1RAPL2",0.0285357724051252,5.39609918298914,1.49421467278953,0.223303816421888,0.544545883556972,0.544545883556972,"social_isolation_avg"
"10960","NUDT5","Exc L4-5 RORB IL1RAPL2",0.0137409118257139,5.23448721905003,0.361996482532037,0.548223826389815,0.816188765372703,0.816188765372703,"social_isolation_avg"
"10961","CDC123","Exc L4-5 RORB IL1RAPL2",0.0324041616618065,5.44569085161322,2.15588373750091,0.143925075944371,0.438307800087469,0.438307800087469,"social_isolation_avg"
"10962","CAMK1D","Exc L4-5 RORB IL1RAPL2",0.027786137175022,9.44247348889358,2.5161452134183,0.114596889465411,0.390869765793063,0.390869765793063,"social_isolation_avg"
"10963","CCDC3","Exc L4-5 RORB IL1RAPL2",-0.0102646607839669,7.54709465175006,0.218062521304313,0.64113509293925,0.868354838475558,0.868354838475558,"social_isolation_avg"
"10964","OPTN","Exc L4-5 RORB IL1RAPL2",-0.0552213063927681,6.3688010467943,5.42895780014756,0.0210141344432375,0.152808777017869,0.152808777017869,"social_isolation_avg"
"10965","MCM10","Exc L4-5 RORB IL1RAPL2",0.00436970946844048,-0.116108552074364,0.000917308051441062,0.975874627133591,0.996520255814921,0.996520255814921,"social_isolation_avg"
"10966","PHYH","Exc L4-5 RORB IL1RAPL2",-0.0658639275289076,3.67777778215888,2.81753844788267,0.0951287878948914,0.356784613292812,0.356784613292812,"social_isolation_avg"
"10967","SEPHS1","Exc L4-5 RORB IL1RAPL2",-0.0635129238466353,3.96366719987941,3.52561572106635,0.0621889099093228,0.283267048512707,0.283267048512707,"social_isolation_avg"
"10968","BEND7","Exc L4-5 RORB IL1RAPL2",0.00339860988337531,3.80870674019454,0.00527389740877194,0.942195033036961,0.987984052456339,0.987984052456339,"social_isolation_avg"
"10969","PRPF18","Exc L4-5 RORB IL1RAPL2",0.0168041815578885,3.74099688866624,0.237740256710963,0.62648905701899,0.861092506745337,0.861092506745337,"social_isolation_avg"
"10970","AL157392.5","Exc L4-5 RORB IL1RAPL2",-0.0637311938854612,4.42338495174348,6.50014755645496,0.0116958467915401,0.1080506490558,0.1080506490558,"social_isolation_avg"
"10971","FRMD4A","Exc L4-5 RORB IL1RAPL2",0.0384505386326547,11.0188866820695,8.20734847424104,0.00471404354044161,0.0631933953269149,0.0631933953269149,"social_isolation_avg"
"10972","AL157392.2","Exc L4-5 RORB IL1RAPL2",0.0256332438199254,1.53322063001414,0.0936211200489484,0.760008179173643,0.927750881705726,0.927750881705726,"social_isolation_avg"
"10973","AC044781.1","Exc L4-5 RORB IL1RAPL2",0.135127504966566,2.7705817132461,5.29457836017457,0.0226408376675796,0.159331575981211,0.159331575981211,"social_isolation_avg"
"10974","AL157896.1","Exc L4-5 RORB IL1RAPL2",0.0425726737996572,0.121495531197878,0.114853361505962,0.735115028823988,0.915193542596308,0.915193542596308,"social_isolation_avg"
"10975","CDNF","Exc L4-5 RORB IL1RAPL2",-0.0826653376335959,0.70026643253458,0.751388543074295,0.420608057271544,0.727452015688746,0.727452015688746,"social_isolation_avg"
"10976","HSPA14-1","Exc L4-5 RORB IL1RAPL2",0.0534135292816644,3.99461583311631,2.6973979475985,0.102413209968635,0.370859017411195,0.370859017411195,"social_isolation_avg"
"10977","AC069544.1","Exc L4-5 RORB IL1RAPL2",-0.0753855719696405,2.21498526886197,1.57910138310742,0.210663094375877,0.528970921145986,0.528970921145986,"social_isolation_avg"
"10978","SUV39H2","Exc L4-5 RORB IL1RAPL2",0.00593427094058295,3.23496257979701,0.0257079631090641,0.901440260279748,0.978205337360331,0.978205337360331,"social_isolation_avg"
"10979","DCLRE1C","Exc L4-5 RORB IL1RAPL2",0.0249274364215164,4.19529520484335,0.627796461772401,0.429300404843162,0.734893998463495,0.734893998463495,"social_isolation_avg"
"10980","MEIG1","Exc L4-5 RORB IL1RAPL2",-0.126220144379254,1.32727380675138,2.25295824341762,0.135266997847898,0.423599282734208,0.423599282734208,"social_isolation_avg"
"10981","RPP38","Exc L4-5 RORB IL1RAPL2",-0.00107388847739377,4.05630615363372,0.00100953770080342,0.974691233016575,0.996064424515615,0.996064424515615,"social_isolation_avg"
"10982","NMT2","Exc L4-5 RORB IL1RAPL2",-0.0185256477814243,6.87001948327188,0.963085659237383,0.327844857375442,0.653764769231232,0.653764769231232,"social_isolation_avg"
"10983","FAM171A1","Exc L4-5 RORB IL1RAPL2",0.0509836737427837,7.68871206226815,3.97603439976739,0.0477965496465523,0.245789634724015,0.245789634724015,"social_isolation_avg"
"10984","MINDY3","Exc L4-5 RORB IL1RAPL2",0.00861860767440386,6.09412405976384,0.175138301892627,0.676128262316478,0.886391904985155,0.886391904985155,"social_isolation_avg"
"10985","PTER","Exc L4-5 RORB IL1RAPL2",0.102348547713579,-0.297590842866052,0.440108707116696,0.507994138659027,0.792082301184822,0.792082301184822,"social_isolation_avg"
"10986","C1QL3","Exc L4-5 RORB IL1RAPL2",-0.143901489755896,2.02775506771851,3.20898942548994,0.0750642742250309,0.313599278562996,0.313599278562996,"social_isolation_avg"
"10987","RSU1","Exc L4-5 RORB IL1RAPL2",-0.0249470737190622,5.89914984963482,1.02639412724678,0.312487745394381,0.641347286105552,0.641347286105552,"social_isolation_avg"
"10988","CUBN","Exc L4-5 RORB IL1RAPL2",0.113262051464402,3.62001998300675,4.0725950496106,0.0452014569433981,0.238299461361392,0.238299461361392,"social_isolation_avg"
"10989","TRDMT1","Exc L4-5 RORB IL1RAPL2",-0.075553140225911,3.8994338229674,3.96222490723584,0.0481804617144698,0.246576745370456,0.246576745370456,"social_isolation_avg"
"10990","ST8SIA6","Exc L4-5 RORB IL1RAPL2",-0.0446757705326241,0.731313761977543,0.183843813775071,0.668648776387624,0.88310672604061,0.88310672604061,"social_isolation_avg"
"10991","HACD1","Exc L4-5 RORB IL1RAPL2",-0.0157142746735497,2.36470281269593,0.0878250294193633,0.935187177553169,0.986842461541563,0.986842461541563,"social_isolation_avg"
"10992","STAM-AS1","Exc L4-5 RORB IL1RAPL2",0.0334903351874224,1.18933714276456,0.161395033195607,0.857922454836698,0.964226359843491,0.964226359843491,"social_isolation_avg"
"10993","STAM","Exc L4-5 RORB IL1RAPL2",-0.00816533632459266,5.27974170339662,0.182064367463684,0.670160325619426,0.883938900038004,0.883938900038004,"social_isolation_avg"
"10994","TMEM236","Exc L4-5 RORB IL1RAPL2",-0.00156722633772599,-0.00160777937072003,0.000142003195959583,0.990506596399575,0.998822911403646,0.998822911403646,"social_isolation_avg"
"10995","MRC1","Exc L4-5 RORB IL1RAPL2",-0.00806619649006102,0.546411719360838,0.00667511692065941,0.934983018349151,0.986842461541563,0.986842461541563,"social_isolation_avg"
"10996","CACNB2","Exc L4-5 RORB IL1RAPL2",-0.00422758830385907,8.0090020055417,0.0329822834067742,0.856111112162128,0.963429117487869,0.963429117487869,"social_isolation_avg"
"10997","AL450384.2","Exc L4-5 RORB IL1RAPL2",0.0220502408711385,5.01949536035889,0.754213625456686,0.386404591245138,0.702523423748368,0.702523423748368,"social_isolation_avg"
"10998","NSUN6","Exc L4-5 RORB IL1RAPL2",0.0145943715879352,6.08566672833492,0.55439540868752,0.457584522105562,0.755559537722257,0.755559537722257,"social_isolation_avg"
"10999","ARL5B","Exc L4-5 RORB IL1RAPL2",-0.0579595107572431,4.14276429906632,4.12887432639195,0.0437584253411534,0.233555194888565,0.233555194888565,"social_isolation_avg"
"11000","MALRD1","Exc L4-5 RORB IL1RAPL2",6.92433122669157e-05,4.40716392339151,3.06797090915191e-07,0.999558725509422,1,1,"social_isolation_avg"
"11001","PLXDC2","Exc L4-5 RORB IL1RAPL2",-0.0273181326460154,7.86305526052817,0.515555197617493,0.473757484473845,0.768186251069468,0.768186251069468,"social_isolation_avg"
"11002","NEBL","Exc L4-5 RORB IL1RAPL2",0.0767925078618632,8.85295253920637,26.6720274556617,6.86356828162438e-07,0.000316745305991744,0.000316745305991744,"social_isolation_avg"
"11003","NEBL-AS1","Exc L4-5 RORB IL1RAPL2",-0.0401782644969654,0.0222033865470395,0.118866137578427,0.730705798922625,0.913267211869261,0.913267211869261,"social_isolation_avg"
"11004","AL158209.1","Exc L4-5 RORB IL1RAPL2",-0.158746456844567,-0.296505205921057,1.312441706403,0.256746039406347,0.58500623935543,0.58500623935543,"social_isolation_avg"
"11005","CASC10","Exc L4-5 RORB IL1RAPL2",-0.00923568619834519,2.12148363817013,0.0276113567823588,0.868228875274494,0.967441402840039,0.967441402840039,"social_isolation_avg"
"11006","SKIDA1","Exc L4-5 RORB IL1RAPL2",0.0456235570949931,2.38772087064594,0.775068438346108,0.811467239653014,0.949815752643036,0.949815752643036,"social_isolation_avg"
"11007","MLLT10","Exc L4-5 RORB IL1RAPL2",0.0567934398764037,8.00215998924391,18.0251384616199,3.62707727565632e-05,0.00309407259566648,0.00309407259566648,"social_isolation_avg"
"11008","DNAJC1","Exc L4-5 RORB IL1RAPL2",0.039582302512993,7.95552177873755,3.4122597837976,0.0665013089267114,0.293863718788744,0.293863718788744,"social_isolation_avg"
"11009","AL158211.1","Exc L4-5 RORB IL1RAPL2",-0.216173810720012,-0.0746672792337888,2.44770507652757,0.119609277777045,0.398026971926078,0.398026971926078,"social_isolation_avg"
"11010","BMI1","Exc L4-5 RORB IL1RAPL2",-0.0664286844987091,4.34728894541211,4.06896192555303,0.0452963343424915,0.238511297212199,0.238511297212199,"social_isolation_avg"
"11011","SPAG6","Exc L4-5 RORB IL1RAPL2",0.0521144868745191,4.29575269066803,0.825231694276896,0.364977513801941,0.684018023381841,0.684018023381841,"social_isolation_avg"
"11012","PIP4K2A","Exc L4-5 RORB IL1RAPL2",-0.0132460840977318,3.2979873805422,0.00182933443547451,0.96593592620994,0.993640457161603,0.993640457161603,"social_isolation_avg"
"11013","ARMC3","Exc L4-5 RORB IL1RAPL2",0.0276406312823922,2.27448192681566,0.208885726563823,0.814164619536254,0.951031532673507,0.951031532673507,"social_isolation_avg"
"11014","MSRB2","Exc L4-5 RORB IL1RAPL2",-0.0350128772580071,4.30682867981234,1.11280695876332,0.29301202848077,0.624052295236904,0.624052295236904,"social_isolation_avg"
"11015","C10orf67","Exc L4-5 RORB IL1RAPL2",-0.0250917667678491,1.88965698578131,0.0993116794401876,0.75305469275126,0.924589402789535,0.924589402789535,"social_isolation_avg"
"11016","OTUD1","Exc L4-5 RORB IL1RAPL2",-0.127406650373749,2.68128278815087,7.33991389138222,0.00745468265961756,0.0836099885018518,0.0836099885018518,"social_isolation_avg"
"11017","KIAA1217","Exc L4-5 RORB IL1RAPL2",-0.941422193175932,2.01517591049627,7.43141742271835,0.00710062698586436,0.0811615304440761,0.0811615304440761,"social_isolation_avg"
"11018","ARHGAP21","Exc L4-5 RORB IL1RAPL2",0.0161567082897143,8.21750642443236,0.718987207341782,0.39770246785336,0.711577153120892,0.711577153120892,"social_isolation_avg"
"11019","PRTFDC1","Exc L4-5 RORB IL1RAPL2",-0.0534608034101221,4.8892572388937,3.44281937169731,0.0653078945275941,0.291024651991664,0.291024651991664,"social_isolation_avg"
"11020","ENKUR","Exc L4-5 RORB IL1RAPL2",-0.0279873696010643,2.6556200839449,0.287143513292298,0.592777181229055,0.842426437329855,0.842426437329855,"social_isolation_avg"
"11021","THNSL1","Exc L4-5 RORB IL1RAPL2",-0.0546597484234923,2.79119976610451,1.65802786204824,0.199669668469441,0.514218237970458,0.514218237970458,"social_isolation_avg"
"11022","LINC01516","Exc L4-5 RORB IL1RAPL2",0.270257056368219,-0.619411322052251,2.16833693655322,0.142780030147845,0.436716682563793,0.436716682563793,"social_isolation_avg"
"11023","GPR158-AS1","Exc L4-5 RORB IL1RAPL2",0.0384143732177067,2.22787912512003,0.394642778857871,0.530736003937892,0.807944845656799,0.807944845656799,"social_isolation_avg"
"11024","GPR158","Exc L4-5 RORB IL1RAPL2",0.018871217162115,8.49797893975881,1.8107409764955,0.180262241550831,0.486970570014744,0.486970570014744,"social_isolation_avg"
"11025","LINC00836","Exc L4-5 RORB IL1RAPL2",0.301901815119611,0.928529157852525,7.82500558036048,0.00576466156017025,0.0715703158661295,0.0715703158661295,"social_isolation_avg"
"11026","MYO3A","Exc L4-5 RORB IL1RAPL2",0.00370661314815551,1.37569842712685,0.00308859935923369,0.974804469987116,0.996126343520535,0.996126343520535,"social_isolation_avg"
"11027","PDSS1","Exc L4-5 RORB IL1RAPL2",0.0474146679108233,4.41232142373222,3.03399019677638,0.087147414720135,0.340403846804227,0.340403846804227,"social_isolation_avg"
"11028","ABI1","Exc L4-5 RORB IL1RAPL2",0.00457459035512877,5.87451872495184,0.0559604381037591,0.81329136694758,0.950559079342002,0.950559079342002,"social_isolation_avg"
"11029","ANKRD26","Exc L4-5 RORB IL1RAPL2",0.0600549062404715,7.54606179033581,11.5653849040492,0.000842517548104418,0.0211985033612815,0.0211985033612815,"social_isolation_avg"
"11030","YME1L1","Exc L4-5 RORB IL1RAPL2",0.0114645906906748,6.20138432826905,0.505433057091802,0.47812451961688,0.771301392759058,0.771301392759058,"social_isolation_avg"
"11031","MASTL","Exc L4-5 RORB IL1RAPL2",0.0404522568566402,2.84315860753644,0.880763620225194,0.349361902441734,0.671134812192446,0.671134812192446,"social_isolation_avg"
"11032","ACBD5","Exc L4-5 RORB IL1RAPL2",0.00170393109639016,5.33753969523119,0.00666894516300326,0.935013015190676,0.986842461541563,0.986842461541563,"social_isolation_avg"
"11033","AL160291.1","Exc L4-5 RORB IL1RAPL2",-0.0411417121541331,0.0682543217483949,0.0689832128273477,0.793150075484681,0.942279682198882,0.942279682198882,"social_isolation_avg"
"11034","RAB18","Exc L4-5 RORB IL1RAPL2",0.00356847508577696,6.31962995735284,0.0632894196001425,0.801682940656609,0.944851309341205,0.944851309341205,"social_isolation_avg"
"11035","MKX","Exc L4-5 RORB IL1RAPL2",0.0385046543066906,6.42328849453205,1.97173766845872,0.162139663644198,0.464847563243478,0.464847563243478,"social_isolation_avg"
"11036","MKX-AS1","Exc L4-5 RORB IL1RAPL2",-0.100173895968206,0.629760237428597,0.966209660317077,0.399506280530783,0.712875322529869,0.712875322529869,"social_isolation_avg"
"11037","ARMC4","Exc L4-5 RORB IL1RAPL2",-0.144871204918572,2.98567912072002,3.62812929030493,0.0585472916723016,0.275018199039627,0.275018199039627,"social_isolation_avg"
"11038","MPP7","Exc L4-5 RORB IL1RAPL2",0.0288063904222346,6.52581824078527,0.885090135847152,0.348184139081284,0.670539624551529,0.670539624551529,"social_isolation_avg"
"11039","AL358234.1","Exc L4-5 RORB IL1RAPL2",0.110446662711834,2.59419808597308,1.01280275309706,0.315703246454114,0.643791637580957,0.643791637580957,"social_isolation_avg"
"11040","WAC-AS1","Exc L4-5 RORB IL1RAPL2",-0.0247504902121216,5.87717066197212,0.754309993320109,0.386374320544233,0.702523423748368,0.702523423748368,"social_isolation_avg"
"11041","WAC","Exc L4-5 RORB IL1RAPL2",-0.0368647840580214,7.38883391361896,5.10576376456036,0.025152625179307,0.16900313246366,0.16900313246366,"social_isolation_avg"
"11042","SVIL","Exc L4-5 RORB IL1RAPL2",0.123400138476946,3.16924475291465,4.13937775825958,0.0434945750733741,0.23260623373751,0.23260623373751,"social_isolation_avg"
"11043","JCAD","Exc L4-5 RORB IL1RAPL2",-0.0578402108037516,5.25492005928249,1.90458305222818,0.169429918094783,0.473877824134722,0.473877824134722,"social_isolation_avg"
"11044","MTPAP","Exc L4-5 RORB IL1RAPL2",0.0496933968696491,4.4704891713192,4.16342652295297,0.0428968037179882,0.231107751465847,0.231107751465847,"social_isolation_avg"
"11045","MAP3K8","Exc L4-5 RORB IL1RAPL2",-0.040372391309394,3.35285351140125,0.97977878648433,0.32370015119737,0.651220686954326,0.651220686954326,"social_isolation_avg"
"11046","ZNF438","Exc L4-5 RORB IL1RAPL2",0.0280620596068204,6.12586443146019,2.06864628058527,0.152245549294992,0.450170032537981,0.450170032537981,"social_isolation_avg"
"11047","AL356258.1","Exc L4-5 RORB IL1RAPL2",0.121956199575683,2.79105285941961,2.95411665860345,0.0875312884093111,0.340988163062091,0.340988163062091,"social_isolation_avg"
"11048","ZEB1-AS1","Exc L4-5 RORB IL1RAPL2",0.0673143534301713,4.71046556998905,3.60279733457194,0.0594253463690639,0.277352486099916,0.277352486099916,"social_isolation_avg"
"11049","ZEB1","Exc L4-5 RORB IL1RAPL2",0.0436040519423038,8.36041820130895,6.50507907669674,0.0116647043027561,0.107820161266462,0.107820161266462,"social_isolation_avg"
"11050","ARHGAP12","Exc L4-5 RORB IL1RAPL2",0.0607646769176829,6.47695181871637,8.72306957899612,0.00360035018823785,0.0538515619854927,0.0538515619854927,"social_isolation_avg"
"11051","KIF5B","Exc L4-5 RORB IL1RAPL2",0.00733593443927294,5.78263861299863,0.146286659888383,0.702600849930006,0.900549429719933,0.900549429719933,"social_isolation_avg"
"11052","EPC1","Exc L4-5 RORB IL1RAPL2",0.0385917847684842,7.15609147609443,7.24969219336882,0.00782165858402224,0.0857811349559308,0.0857811349559308,"social_isolation_avg"
"11053","AL391839.1","Exc L4-5 RORB IL1RAPL2",0.0751502792987153,2.09939300697194,0.944004161791702,0.332669797298404,0.65765452351682,0.65765452351682,"social_isolation_avg"
"11054","CCDC7","Exc L4-5 RORB IL1RAPL2",0.0322318808923241,6.68144455699843,0.905701852262554,0.342646914871243,0.665461458135152,0.665461458135152,"social_isolation_avg"
"11055","AL365203.2","Exc L4-5 RORB IL1RAPL2",0.052890391838449,0.678038256504648,0.287479088383371,0.592561329858875,0.842299821370278,0.842299821370278,"social_isolation_avg"
"11056","ITGB1","Exc L4-5 RORB IL1RAPL2",0.0129144345290557,4.67830109173779,0.182913695187762,0.669437779205329,0.883540193941408,0.883540193941408,"social_isolation_avg"
"11057","ITGB1-DT","Exc L4-5 RORB IL1RAPL2",-0.0148411720304051,2.23739886240872,0.0649356211787818,0.79917526825772,0.943541448315508,0.943541448315508,"social_isolation_avg"
"11058","NRP1","Exc L4-5 RORB IL1RAPL2",-0.0513484111032345,5.52545630743692,1.04100399327679,0.30907904930436,0.639065095824259,0.639065095824259,"social_isolation_avg"
"11059","CUL2","Exc L4-5 RORB IL1RAPL2",0.0210358696788649,5.40672503117106,1.39241741756124,0.239692670501887,0.563662070415884,0.563662070415884,"social_isolation_avg"
"11060","AL392046.1","Exc L4-5 RORB IL1RAPL2",-0.0414349659976714,1.60597505408267,0.364519762092053,0.546834382081902,0.815611895947664,0.815611895947664,"social_isolation_avg"
"11061","CREM","Exc L4-5 RORB IL1RAPL2",-0.0298384783579564,5.11944035749949,1.19330573082385,0.276253318340717,0.606590348882987,0.606590348882987,"social_isolation_avg"
"11062","AL117336.1","Exc L4-5 RORB IL1RAPL2",-0.114414682837159,0.705746074329818,0.521707464253002,0.47113484588409,0.765771189672096,0.765771189672096,"social_isolation_avg"
"11063","CCNY","Exc L4-5 RORB IL1RAPL2",0.00384543826459731,7.56669685236156,0.0611961268255553,0.804922304245454,0.946074899395844,0.946074899395844,"social_isolation_avg"
"11064","AL117336.3","Exc L4-5 RORB IL1RAPL2",0.0151398529726572,5.20591190838096,0.274946956450876,0.60073489214935,0.846730102380651,0.846730102380651,"social_isolation_avg"
"11065","AL121749.1","Exc L4-5 RORB IL1RAPL2",-0.102386287141615,-0.285965798516501,0.429764387294808,0.513015954375356,0.796355309929945,0.796355309929945,"social_isolation_avg"
"11066","ANKRD30A","Exc L4-5 RORB IL1RAPL2",0.0846900555836111,0.446535215757823,0.518744529272382,0.472394958544462,0.766962846286234,0.766962846286234,"social_isolation_avg"
"11067","AL132657.1","Exc L4-5 RORB IL1RAPL2",0.152950367268641,0.257605307338739,1.79073999433772,0.182673925618609,0.489125786740003,0.489125786740003,"social_isolation_avg"
"11068","ZNF248","Exc L4-5 RORB IL1RAPL2",0.076923708013357,7.29375308160783,9.42094789884694,0.0025080410179656,0.0429065498200064,0.0429065498200064,"social_isolation_avg"
"11069","AL135791.1","Exc L4-5 RORB IL1RAPL2",-0.381907859342612,0.0346945459440732,7.06221472757138,0.00864516483752672,0.0904229761696202,0.0904229761696202,"social_isolation_avg"
"11070","ZNF25","Exc L4-5 RORB IL1RAPL2",0.0111087293732518,6.05593653129679,0.288326434551043,0.592017014566322,0.842274306180829,0.842274306180829,"social_isolation_avg"
"11071","ZNF33A","Exc L4-5 RORB IL1RAPL2",-0.00455299937913119,6.18869067350706,0.0598982562616342,0.806960375366812,0.947357772364077,0.947357772364077,"social_isolation_avg"
"11072","AL117339.5","Exc L4-5 RORB IL1RAPL2",0.0761966356888956,4.56368801925104,1.96758260521033,0.162580102020883,0.465523321782253,0.465523321782253,"social_isolation_avg"
"11073","AL133216.1","Exc L4-5 RORB IL1RAPL2",0.0186627813443482,0.375303773047084,0.0316563668703595,0.859001804061407,0.964243395716678,0.964243395716678,"social_isolation_avg"
"11074","LINC00839","Exc L4-5 RORB IL1RAPL2",-0.0910683685767236,3.55323077063199,2.61944310298058,0.107468005056815,0.379295303801528,0.379295303801528,"social_isolation_avg"
"11075","ZNF33B","Exc L4-5 RORB IL1RAPL2",-0.0121161484283241,5.55717505324117,0.208054959556588,0.64889490994332,0.872437879882174,0.872437879882174,"social_isolation_avg"
"11076","AL022344.1","Exc L4-5 RORB IL1RAPL2",-0.338118195163477,-0.966775940554702,1.55782769858612,0.213748647196872,0.533061572902598,0.533061572902598,"social_isolation_avg"
"11077","BMS1","Exc L4-5 RORB IL1RAPL2",0.03726132281405,5.24490156150225,2.28131158736119,0.132850351168494,0.41909288950674,0.41909288950674,"social_isolation_avg"
"11078","RET","Exc L4-5 RORB IL1RAPL2",0.06816119906353,2.6590772482869,1.12058776808608,0.291336401672359,0.6226562810395,0.6226562810395,"social_isolation_avg"
"11079","AC010864.1","Exc L4-5 RORB IL1RAPL2",-0.141664441957464,0.415211475579484,1.37566170305668,0.242528938622699,0.567159813086156,0.567159813086156,"social_isolation_avg"
"11080","CSGALNACT2","Exc L4-5 RORB IL1RAPL2",0.0165140341996514,5.66436408583634,0.584950585488766,0.445468889145943,0.746642892463792,0.746642892463792,"social_isolation_avg"
"11081","RASGEF1A","Exc L4-5 RORB IL1RAPL2",-0.019670598808704,5.21789780538923,0.659394838168505,0.417941529264779,0.725848828988622,0.725848828988622,"social_isolation_avg"
"11082","HNRNPF","Exc L4-5 RORB IL1RAPL2",-0.00613539142329603,4.24335576632108,0.0431432792197862,0.835711404333462,0.956824497333631,0.956824497333631,"social_isolation_avg"
"11083","AL450326.1","Exc L4-5 RORB IL1RAPL2",-0.112297006575477,0.466411739641279,0.816164970099162,0.367618510798383,0.686102766109311,0.686102766109311,"social_isolation_avg"
"11084","ZNF487","Exc L4-5 RORB IL1RAPL2",0.0789351651226894,4.70293384082649,7.78257263555691,0.00589528173881717,0.0728323535611811,0.0728323535611811,"social_isolation_avg"
"11085","ZNF239","Exc L4-5 RORB IL1RAPL2",-0.0465205268102771,2.61294984366899,0.936885792214325,0.334494114401288,0.658923804121475,0.658923804121475,"social_isolation_avg"
"11086","ZNF485","Exc L4-5 RORB IL1RAPL2",-0.0607209884976798,1.3907992133678,0.882177998345876,0.3863777627386,0.702523423748368,0.702523423748368,"social_isolation_avg"
"11087","ZNF32-AS3","Exc L4-5 RORB IL1RAPL2",-0.0397538540713948,1.3269272917231,0.22670235082685,0.707931256429364,0.903301329219319,0.903301329219319,"social_isolation_avg"
"11088","ZNF32","Exc L4-5 RORB IL1RAPL2",-0.118736162286392,4.00530767823277,15.4344783563591,0.000125274193620277,0.00658420282635905,0.00658420282635905,"social_isolation_avg"
"11089","AL137026.1","Exc L4-5 RORB IL1RAPL2",-0.10769704069101,0.439696142493797,1.04909679196613,0.307211805495484,0.63696928006486,0.63696928006486,"social_isolation_avg"
"11090","C10orf142","Exc L4-5 RORB IL1RAPL2",-0.0127759397095954,-0.0800061846825151,0.0109764933006939,0.983453593332418,0.998104852196972,0.998104852196972,"social_isolation_avg"
"11091","TMEM72-AS1","Exc L4-5 RORB IL1RAPL2",0.0465028939512575,6.19248837189337,1.67477245777533,0.197425673594664,0.511150953760897,0.511150953760897,"social_isolation_avg"
"11092","RASSF4","Exc L4-5 RORB IL1RAPL2",0.0408848452233595,5.18869167790412,1.01291123161402,0.315677410268731,0.643791637580957,0.643791637580957,"social_isolation_avg"
"11093","DEPP1","Exc L4-5 RORB IL1RAPL2",-0.0242188587186641,3.50566404067395,0.208629645178383,0.648443252720362,0.872134971902329,0.872134971902329,"social_isolation_avg"
"11094","C10orf25","Exc L4-5 RORB IL1RAPL2",-0.0460629496893544,-0.228916745903231,0.118437947059841,0.731172287832872,0.913410197945713,0.913410197945713,"social_isolation_avg"
"11095","ZNF22","Exc L4-5 RORB IL1RAPL2",-0.0264223380878569,3.80359816020732,0.568934883699053,0.451755673030133,0.752180227894597,0.752180227894597,"social_isolation_avg"
"11096","AL358394.1","Exc L4-5 RORB IL1RAPL2",-0.0799908724235197,1.07704754129706,0.193931447077855,0.66023978631814,0.878930126878726,0.878930126878726,"social_isolation_avg"
"11097","ALOX5","Exc L4-5 RORB IL1RAPL2",0.00643366424633181,-0.130969049524598,0.000863762626813232,0.976589130999642,0.996653621356429,0.996653621356429,"social_isolation_avg"
"11098","AL731567.1","Exc L4-5 RORB IL1RAPL2",0.0131598312009178,-0.0312787324827028,0.0134641497738167,0.907765555097332,0.979320338732308,0.979320338732308,"social_isolation_avg"
"11099","MARCH8","Exc L4-5 RORB IL1RAPL2",0.027855079097425,4.85507487923496,1.00956640554588,0.316475326036183,0.644443498489681,0.644443498489681,"social_isolation_avg"
"11100","ZFAND4","Exc L4-5 RORB IL1RAPL2",0.191324642786114,2.75833253491875,2.48950897465824,0.116519300180799,0.394252803776983,0.394252803776983,"social_isolation_avg"
"11101","WASHC2C","Exc L4-5 RORB IL1RAPL2",-0.0107392007069667,4.81405324558596,0.144190942356478,0.704637107441744,0.901510494956065,0.901510494956065,"social_isolation_avg"
"11102","AGAP4","Exc L4-5 RORB IL1RAPL2",0.0247312868284084,5.5883630369313,0.755880075611565,0.385881610048769,0.702381037665558,0.702381037665558,"social_isolation_avg"
"11103","TIMM23","Exc L4-5 RORB IL1RAPL2",0.0690785410325073,4.52819188360429,8.45903973439017,0.00413196082641326,0.0583164927434548,0.0583164927434548,"social_isolation_avg"
"11104","NCOA4","Exc L4-5 RORB IL1RAPL2",-0.0443662571354576,5.12262330090296,4.48834218574088,0.0356213232248739,0.206936154970169,0.206936154970169,"social_isolation_avg"
"11105","LINC00842","Exc L4-5 RORB IL1RAPL2",0.139889459587941,1.59441781028928,1.13474248325211,0.288319544870042,0.619638131359162,0.619638131359162,"social_isolation_avg"
"11106","SYT15","Exc L4-5 RORB IL1RAPL2",-0.0872439532787919,-0.265078899122647,0.427719985438158,0.514018674318379,0.796996421927235,0.796996421927235,"social_isolation_avg"
"11107","AL356056.2","Exc L4-5 RORB IL1RAPL2",0.040618326661185,5.41240890574461,1.10251183294403,0.295248231124997,0.626346934891986,0.626346934891986,"social_isolation_avg"
"11108","AL356056.1","Exc L4-5 RORB IL1RAPL2",0.0277892622311982,2.50297098954362,0.143502601786034,0.705309612643071,0.901872428724258,0.901872428724258,"social_isolation_avg"
"11109","PTPN20","Exc L4-5 RORB IL1RAPL2",-0.0667166438777179,5.50366454805632,0.49522539962615,0.482595699110787,0.775209544348009,0.775209544348009,"social_isolation_avg"
"11110","GDF10","Exc L4-5 RORB IL1RAPL2",-0.0297570299127838,2.53365198986723,0.20693795574622,0.649774948207059,0.872871266952486,0.872871266952486,"social_isolation_avg"
"11111","ZNF488","Exc L4-5 RORB IL1RAPL2",-0.0308307492399996,3.49456534716869,0.388977650991552,0.533696979778354,0.809335621895186,0.809335621895186,"social_isolation_avg"
"11112","AL591684.1","Exc L4-5 RORB IL1RAPL2",0.00924427446658074,0.190371009661495,0.00348525267776861,0.952994722114038,0.989452900160271,0.989452900160271,"social_isolation_avg"
"11113","AGAP9","Exc L4-5 RORB IL1RAPL2",-0.0118052194430523,4.90591559004817,0.0442941695849444,0.83356647217089,0.956615580316548,0.956615580316548,"social_isolation_avg"
"11114","BX547991.1","Exc L4-5 RORB IL1RAPL2",0.203675322206967,-0.236024073774204,1.99146845078074,0.196082813133176,0.509136621837002,0.509136621837002,"social_isolation_avg"
"11115","AC245041.2","Exc L4-5 RORB IL1RAPL2",0.0925286855177582,1.70651902822505,0.723750566216726,0.396147072589333,0.710527834143388,0.710527834143388,"social_isolation_avg"
"11116","FRMPD2","Exc L4-5 RORB IL1RAPL2",-0.10241126842421,3.08049517859717,1.03836139470577,0.309691985797918,0.639261000745227,0.639261000745227,"social_isolation_avg"
"11117","MAPK8","Exc L4-5 RORB IL1RAPL2",0.0227678395052269,7.92898558356277,2.16692886612256,0.142908979666358,0.436759942540327,0.436759942540327,"social_isolation_avg"
"11118","ARHGAP22","Exc L4-5 RORB IL1RAPL2",0.0767250724954327,6.28251269373716,7.73926902794254,0.00603173116189341,0.0737904568809516,0.0737904568809516,"social_isolation_avg"
"11119","AC068898.1","Exc L4-5 RORB IL1RAPL2",0.0906770403112579,-0.219731373399753,0.454798533928296,0.543084625675326,0.813981638339895,0.813981638339895,"social_isolation_avg"
"11120","WDFY4","Exc L4-5 RORB IL1RAPL2",-0.0244514143129297,0.709658413077749,0.0562712252362915,0.812783304665664,0.950559079342002,0.950559079342002,"social_isolation_avg"
"11121","VSTM4","Exc L4-5 RORB IL1RAPL2",0.062040045645433,4.56255688339571,2.73129039094087,0.100297906970182,0.366493977961177,0.366493977961177,"social_isolation_avg"
"11122","DRGX","Exc L4-5 RORB IL1RAPL2",0.0571005286984343,-0.27409470662322,0.104624382556416,0.746758078337411,0.921565786317386,0.921565786317386,"social_isolation_avg"
"11123","AL138760.1","Exc L4-5 RORB IL1RAPL2",0.0238550772057108,1.2187636604797,0.068710578663658,0.793549886102095,0.942427654716153,0.942427654716153,"social_isolation_avg"
"11124","ERCC6","Exc L4-5 RORB IL1RAPL2",-0.000737613696562148,5.3794229244451,0.00117477786137513,0.97269918814389,0.995695809287521,0.995695809287521,"social_isolation_avg"
"11125","OGDHL","Exc L4-5 RORB IL1RAPL2",-0.0452534825498201,5.00628766671879,3.14145236118239,0.078167863952201,0.321594727949466,0.321594727949466,"social_isolation_avg"
"11126","PARG","Exc L4-5 RORB IL1RAPL2",0.0378182642482969,6.56873824074099,5.12160298700385,0.0249311048237189,0.168051811317986,0.168051811317986,"social_isolation_avg"
"11127","TIMM23B","Exc L4-5 RORB IL1RAPL2",0.0869519877073968,6.20602409909892,6.5739101445904,0.0112389043931224,0.105534148894427,0.105534148894427,"social_isolation_avg"
"11128","LINC00843","Exc L4-5 RORB IL1RAPL2",0.0726204298035115,4.85666208280799,6.09713205710136,0.0145566870101885,0.122303319236135,0.122303319236135,"social_isolation_avg"
"11129","AGAP6","Exc L4-5 RORB IL1RAPL2",0.0366777014016525,5.26856204924958,1.81248829585061,0.180053322190926,0.486614613508713,0.486614613508713,"social_isolation_avg"
"11130","WASHC2A","Exc L4-5 RORB IL1RAPL2",-0.00697320739998803,4.84266606876308,0.0526999732304981,0.818713819108639,0.951762359999666,0.951762359999666,"social_isolation_avg"
"11131","ASAH2","Exc L4-5 RORB IL1RAPL2",-0.272053059562283,-0.0433021313330662,3.55186113973626,0.0612339813174402,0.281283845716748,0.281283845716748,"social_isolation_avg"
"11132","SGMS1","Exc L4-5 RORB IL1RAPL2",0.0302628004918481,7.33406670929393,3.03458042308275,0.083367710663945,0.332038005442399,0.332038005442399,"social_isolation_avg"
"11133","SGMS1-AS1","Exc L4-5 RORB IL1RAPL2",0.0629672854429349,1.67242334931266,0.788868675045976,0.375733034717395,0.694870541529382,0.694870541529382,"social_isolation_avg"
"11134","ASAH2B","Exc L4-5 RORB IL1RAPL2",-0.0231981012709819,3.66005684447915,0.275490947058871,0.600375200015206,0.846459199895235,0.846459199895235,"social_isolation_avg"
"11135","A1CF","Exc L4-5 RORB IL1RAPL2",0.240534335037796,-0.782121990802549,1.57071143699963,0.211873579144316,0.530316442346176,0.530316442346176,"social_isolation_avg"
"11136","PRKG1","Exc L4-5 RORB IL1RAPL2",0.0621664580708332,9.49916553313831,3.42862181645114,0.0658594418408573,0.292586639838192,0.292586639838192,"social_isolation_avg"
"11137","CSTF2T","Exc L4-5 RORB IL1RAPL2",-0.028084198228007,2.90453193476111,0.463017806555891,0.497168950932292,0.784721764823798,0.784721764823798,"social_isolation_avg"
"11138","PRKG1-AS1","Exc L4-5 RORB IL1RAPL2",0.0807548606558152,1.21875862497088,0.819670039134659,0.366594385463014,0.684909735496676,0.684909735496676,"social_isolation_avg"
"11139","DKK1","Exc L4-5 RORB IL1RAPL2",0.000764675176841264,-0.507811104431934,0.000115010782428418,0.991456336598886,0.998822911403646,0.998822911403646,"social_isolation_avg"
"11140","PCDH15","Exc L4-5 RORB IL1RAPL2",0.116209907472108,8.00971379024049,1.29749676638233,0.256319034357794,0.584655143335401,0.584655143335401,"social_isolation_avg"
"11141","AL353784.1","Exc L4-5 RORB IL1RAPL2",-0.0545082230105072,1.17988724948527,0.309190781671125,0.578929079791026,0.835411616742373,0.835411616742373,"social_isolation_avg"
"11142","ZWINT","Exc L4-5 RORB IL1RAPL2",-0.0342128380470102,0.537347023700345,0.121499194036625,0.727857707794457,0.91234452756733,0.91234452756733,"social_isolation_avg"
"11143","IPMK","Exc L4-5 RORB IL1RAPL2",0.0579173175499204,4.88702266048878,6.26906284818095,0.0132563111192533,0.115842694352451,0.115842694352451,"social_isolation_avg"
"11144","CISD1","Exc L4-5 RORB IL1RAPL2",-0.0293654773731774,6.05243219511314,2.58525774337547,0.109771244013647,0.382924356191412,0.382924356191412,"social_isolation_avg"
"11145","AC016396.1","Exc L4-5 RORB IL1RAPL2",0.1180791319416,-0.614623785699695,0.456363407027877,0.500272425272876,0.786434711695819,0.786434711695819,"social_isolation_avg"
"11146","UBE2D1","Exc L4-5 RORB IL1RAPL2",0.0112410965427084,4.66427148387448,0.20561318965737,0.650822400181961,0.873472168665264,0.873472168665264,"social_isolation_avg"
"11147","TFAM","Exc L4-5 RORB IL1RAPL2",0.0329381222849427,4.05327583113272,1.30587157774155,0.31182938670259,0.640881075140314,0.640881075140314,"social_isolation_avg"
"11148","BICC1","Exc L4-5 RORB IL1RAPL2",-0.0664406794374479,5.65020000025383,2.85450499568076,0.0930035131317397,0.353276165160728,0.353276165160728,"social_isolation_avg"
"11149","PHYHIPL","Exc L4-5 RORB IL1RAPL2",-0.0569421725711707,7.0788548708537,7.50550560032822,0.00682669958570649,0.0795369352593304,0.0795369352593304,"social_isolation_avg"
"11150","FAM13C","Exc L4-5 RORB IL1RAPL2",-0.0405774552684916,6.98186288581788,3.47848203307474,0.0639442952937565,0.287658110141029,0.287658110141029,"social_isolation_avg"
"11151","AC026391.1","Exc L4-5 RORB IL1RAPL2",-0.0115583888005187,0.0506307030199025,0.00806068767019424,0.928569676513512,0.984394153368006,0.984394153368006,"social_isolation_avg"
"11152","SLC16A9","Exc L4-5 RORB IL1RAPL2",0.0411557515157196,1.21893509960639,0.127061939818627,0.721952567932689,0.909432401932571,0.909432401932571,"social_isolation_avg"
"11153","MRLN","Exc L4-5 RORB IL1RAPL2",0.233067904224461,0.366756177117714,3.44975110667148,0.0650404200736377,0.290585546213294,0.290585546213294,"social_isolation_avg"
"11154","CCDC6","Exc L4-5 RORB IL1RAPL2",-0.0175170859018023,6.45618856398368,1.03653382426225,0.310116811580288,0.639672974153562,0.639672974153562,"social_isolation_avg"
"11155","ANK3","Exc L4-5 RORB IL1RAPL2",0.000862210165864176,9.78103906516456,0.00540347986065848,0.941490463477025,0.987961902248838,0.987961902248838,"social_isolation_avg"
"11156","AL592430.1","Exc L4-5 RORB IL1RAPL2",0.0694012797413879,0.502154383571302,0.382351363709517,0.831398172146651,0.95597801965982,0.95597801965982,"social_isolation_avg"
"11157","RHOBTB1","Exc L4-5 RORB IL1RAPL2",0.0281855289491265,6.34910114074502,1.34211254924165,0.248332757533256,0.574523975738603,0.574523975738603,"social_isolation_avg"
"11158","LINC00845","Exc L4-5 RORB IL1RAPL2",0.0309994840390717,2.64887063462144,0.362491846457539,0.547950534129396,0.815910290096978,0.815910290096978,"social_isolation_avg"
"11159","TMEM26","Exc L4-5 RORB IL1RAPL2",0.0862897098613566,2.12388391223468,0.697977753612676,0.404669985187731,0.716522626776817,0.716522626776817,"social_isolation_avg"
"11160","TMEM26-AS1","Exc L4-5 RORB IL1RAPL2",0.0696043653453363,1.43001625868881,0.323163183877109,0.570484347901148,0.829839618609208,0.829839618609208,"social_isolation_avg"
"11161","CABCOCO1","Exc L4-5 RORB IL1RAPL2",0.0488105737415332,3.90789707664774,0.450364042887169,0.503098812428413,0.788921981597713,0.788921981597713,"social_isolation_avg"
"11162","ARID5B","Exc L4-5 RORB IL1RAPL2",0.0150777438684784,7.46546879727493,0.608408352351799,0.436503177208414,0.74029343614166,0.74029343614166,"social_isolation_avg"
"11163","RTKN2","Exc L4-5 RORB IL1RAPL2",0.000267904460791779,3.60088700506897,4.36571975135267e-05,0.994736095837915,0.9994589795957,0.9994589795957,"social_isolation_avg"
"11164","ZNF365","Exc L4-5 RORB IL1RAPL2",-0.0384876375300859,7.05170452716843,0.788799348916933,0.375753963205583,0.694870541529382,0.694870541529382,"social_isolation_avg"
"11165","AL133417.1","Exc L4-5 RORB IL1RAPL2",-0.0178414098969228,0.457282333345225,0.0253830846290305,0.873610717091939,0.969932424486362,0.969932424486362,"social_isolation_avg"
"11166","ADO","Exc L4-5 RORB IL1RAPL2",-0.116552424000184,3.35345023462963,12.4840185478652,0.000532310416750518,0.0156638342073663,0.0156638342073663,"social_isolation_avg"
"11167","EGR2","Exc L4-5 RORB IL1RAPL2",-0.087052001066925,-0.801336826808049,0.101681244023442,0.750223909638186,0.923036801699787,0.923036801699787,"social_isolation_avg"
"11168","NRBF2","Exc L4-5 RORB IL1RAPL2",-0.0463846975998376,4.00478910696985,2.05399372934024,0.153696201134771,0.452940872463207,0.452940872463207,"social_isolation_avg"
"11169","JMJD1C","Exc L4-5 RORB IL1RAPL2",0.0322363478747024,9.58289462421823,7.01122153593985,0.00888431349764388,0.0918579757862951,0.0918579757862951,"social_isolation_avg"
"11170","REEP3","Exc L4-5 RORB IL1RAPL2",0.00373158760289781,5.79759279914313,0.0119437608533887,0.913107009837141,0.981668613012071,0.981668613012071,"social_isolation_avg"
"11171","AC022387.1","Exc L4-5 RORB IL1RAPL2",-0.15323785239927,2.86770309078971,4.58949118853979,0.0336324634865292,0.200491443487277,0.200491443487277,"social_isolation_avg"
"11172","AC024600.1","Exc L4-5 RORB IL1RAPL2",-0.0919418449436729,1.24166961251495,0.877049491002791,0.350377312033726,0.67168076200508,0.67168076200508,"social_isolation_avg"
"11173","LINC01515","Exc L4-5 RORB IL1RAPL2",0.0827759271330637,2.31448289213832,0.0225708302366862,0.880761657137584,0.972403930320635,0.972403930320635,"social_isolation_avg"
"11174","CTNNA3","Exc L4-5 RORB IL1RAPL2",-0.440466289824254,2.98225037586202,1.5494508874796,0.214989151281159,0.534183812395378,0.534183812395378,"social_isolation_avg"
"11175","LRRTM3","Exc L4-5 RORB IL1RAPL2",-0.0385828703888751,8.96483686475678,1.61819511110991,0.205130314534823,0.521956788772645,0.521956788772645,"social_isolation_avg"
"11176","DNAJC12","Exc L4-5 RORB IL1RAPL2",-0.0954197881500017,4.76271629568531,8.84775397085162,0.00337426930322223,0.0515115493026393,0.0515115493026393,"social_isolation_avg"
"11177","SIRT1","Exc L4-5 RORB IL1RAPL2",0.0316642604155559,4.51198917594283,1.73107668899265,0.19009534644804,0.500876486581725,0.500876486581725,"social_isolation_avg"
"11178","HERC4","Exc L4-5 RORB IL1RAPL2",0.0374838758685527,7.49148139748962,3.98577488418029,0.0475277190683593,0.244805935372718,0.244805935372718,"social_isolation_avg"
"11179","MYPN","Exc L4-5 RORB IL1RAPL2",-0.125162077526566,0.0363852071655304,1.02700086853897,0.312345205655888,0.641278090615088,0.641278090615088,"social_isolation_avg"
"11180","ATOH7","Exc L4-5 RORB IL1RAPL2",-0.03247824994578,0.813338008798124,0.100082734391189,0.752129516330954,0.924213701681905,0.924213701681905,"social_isolation_avg"
"11181","PBLD","Exc L4-5 RORB IL1RAPL2",-0.0407902000111824,1.94718983879772,0.406274212882978,0.969698297641687,0.994561008764005,0.994561008764005,"social_isolation_avg"
"11182","HNRNPH3","Exc L4-5 RORB IL1RAPL2",0.0177841237298701,5.65698367822689,0.566486534738408,0.452728987695199,0.752608769950346,0.752608769950346,"social_isolation_avg"
"11183","RUFY2","Exc L4-5 RORB IL1RAPL2",0.071673218825422,7.16404682941474,22.2402432802469,5.08851354807473e-06,0.00085811014956449,0.00085811014956449,"social_isolation_avg"
"11184","DNA2","Exc L4-5 RORB IL1RAPL2",0.00959048145706967,4.58885406382003,0.0936201026678427,0.760009442758773,0.927750881705726,0.927750881705726,"social_isolation_avg"
"11185","SLC25A16","Exc L4-5 RORB IL1RAPL2",0.0460605260664501,5.88201371890968,4.14015562372829,0.0434751021232203,0.23257524203727,0.23257524203727,"social_isolation_avg"
"11186","TET1","Exc L4-5 RORB IL1RAPL2",0.0240819116163077,4.42044109537617,0.6735285612911,0.54183369108407,0.81301460896145,0.81301460896145,"social_isolation_avg"
"11187","CCAR1","Exc L4-5 RORB IL1RAPL2",0.0661135580666638,6.44343708937327,14.453878791698,0.000201723162613191,0.00884806022655294,0.00884806022655294,"social_isolation_avg"
"11188","STOX1","Exc L4-5 RORB IL1RAPL2",0.0624697676783994,4.24862900476682,2.68041368399899,0.103491711450138,0.372501207551573,0.372501207551573,"social_isolation_avg"
"11189","DDX50","Exc L4-5 RORB IL1RAPL2",0.0451061249823189,5.60466066333414,4.27071023702547,0.0403343481107325,0.223213278912889,0.223213278912889,"social_isolation_avg"
"11190","DDX21","Exc L4-5 RORB IL1RAPL2",-0.0112544519363775,4.61964413517962,0.179075722395064,0.751373253899952,0.923584313456831,0.923584313456831,"social_isolation_avg"
"11191","KIF1BP","Exc L4-5 RORB IL1RAPL2",-0.02943163998201,5.23753740004104,1.53554056369295,0.217039402715408,0.536919280955755,0.536919280955755,"social_isolation_avg"
"11192","VPS26A","Exc L4-5 RORB IL1RAPL2",-0.00282247754202217,5.32501962555366,0.020501060605666,0.88632090594195,0.973780660163158,0.973780660163158,"social_isolation_avg"
"11193","SUPV3L1","Exc L4-5 RORB IL1RAPL2",0.0617462169195611,5.30523459194372,6.38631506450296,0.012439194430851,0.111494307077373,0.111494307077373,"social_isolation_avg"
"11194","HKDC1","Exc L4-5 RORB IL1RAPL2",0.0910341323207902,-0.0839694058121176,0.614304791947055,0.434293206147819,0.739108613234777,0.739108613234777,"social_isolation_avg"
"11195","HK1","Exc L4-5 RORB IL1RAPL2",-0.0188793962231062,6.90922393418673,1.50981315763726,0.220914062335605,0.541831357870042,0.541831357870042,"social_isolation_avg"
"11196","TACR2","Exc L4-5 RORB IL1RAPL2",0.0200800412683689,-0.379879684411814,0.0222948480206211,0.88148741863766,0.972627912762022,0.972627912762022,"social_isolation_avg"
"11197","TSPAN15","Exc L4-5 RORB IL1RAPL2",0.150321743984053,-0.451833273463977,0.27708698094969,0.599322496277288,0.845873560499968,0.845873560499968,"social_isolation_avg"
"11198","FAM241B","Exc L4-5 RORB IL1RAPL2",-0.0752594499272764,4.30450106907236,4.66868787137265,0.0321571577710044,0.196209475067776,0.196209475067776,"social_isolation_avg"
"11199","COL13A1","Exc L4-5 RORB IL1RAPL2",0.161128009625635,2.33728322366413,1.62459915799797,0.204240544649992,0.520946070581429,0.520946070581429,"social_isolation_avg"
"11200","AC024601.1","Exc L4-5 RORB IL1RAPL2",0.115661226663153,2.19239117359266,3.41814302676702,0.0662697417421556,0.29323895778843,0.29323895778843,"social_isolation_avg"
"11201","H2AFY2","Exc L4-5 RORB IL1RAPL2",0.0316669864476807,4.78101048909276,1.42537778015435,0.23423081669842,0.557399230631469,0.557399230631469,"social_isolation_avg"
"11202","AIFM2","Exc L4-5 RORB IL1RAPL2",0.0313398090845208,3.53340291918852,0.274081907566294,0.601307807581006,0.847172435051866,0.847172435051866,"social_isolation_avg"
"11203","TYSND1","Exc L4-5 RORB IL1RAPL2",0.0340418623009075,3.8001909291291,0.843993841081206,0.359595633513724,0.6795754076821,0.6795754076821,"social_isolation_avg"
"11204","SAR1A","Exc L4-5 RORB IL1RAPL2",-0.00541186126740101,5.11753267623458,0.0699486802426361,0.980026012429521,0.997013557689617,0.997013557689617,"social_isolation_avg"
"11205","PPA1","Exc L4-5 RORB IL1RAPL2",-0.0197725471709925,5.98440874641996,0.723591126921649,0.396198991948121,0.710527834143388,0.710527834143388,"social_isolation_avg"
"11206","LRRC20","Exc L4-5 RORB IL1RAPL2",0.00678524835896829,4.47344841265203,0.0559881397957757,0.81324602093409,0.950559079342002,0.950559079342002,"social_isolation_avg"
"11207","EIF4EBP2","Exc L4-5 RORB IL1RAPL2",-0.0434248302560568,4.41274661014836,2.53184577760334,0.113480284103185,0.388837460252872,0.388837460252872,"social_isolation_avg"
"11208","PALD1","Exc L4-5 RORB IL1RAPL2",0.0905548960007359,3.6664450953105,4.59851621926703,0.0334607953139764,0.20003529482962,0.20003529482962,"social_isolation_avg"
"11209","SGPL1","Exc L4-5 RORB IL1RAPL2",-0.00389287439867727,5.24158996097689,0.0295832126483386,0.863649724333553,0.965935391992509,0.965935391992509,"social_isolation_avg"
"11210","PCBD1","Exc L4-5 RORB IL1RAPL2",-0.152955391978451,3.5452657684934,15.843625588271,0.000102817205527604,0.00582456390954429,0.00582456390954429,"social_isolation_avg"
"11211","AC073176.3","Exc L4-5 RORB IL1RAPL2",0.103365741827837,1.11639041768117,0.320277752247902,0.572208243641201,0.831037164410129,0.831037164410129,"social_isolation_avg"
"11212","UNC5B","Exc L4-5 RORB IL1RAPL2",-0.151836343860983,1.99481896670553,1.05544769655414,0.305756768497197,0.636228287334814,0.636228287334814,"social_isolation_avg"
"11213","UNC5B-AS1","Exc L4-5 RORB IL1RAPL2",-0.239018700186686,-0.708949085503369,1.58952953610636,0.209170029640853,0.527202095488821,0.527202095488821,"social_isolation_avg"
"11214","SLC29A3","Exc L4-5 RORB IL1RAPL2",-0.0848592055286587,2.86928487076783,2.78595520440012,0.0969868578805707,0.360528160699072,0.360528160699072,"social_isolation_avg"
"11215","CDH23","Exc L4-5 RORB IL1RAPL2",-0.0653215997468427,0.56485520279452,0.219372524124805,0.640135473736233,0.867500167660883,0.867500167660883,"social_isolation_avg"
"11216","PSAP","Exc L4-5 RORB IL1RAPL2",-0.0853693089781691,7.49680907351827,15.16702827788,0.000142597028899116,0.00712631340087359,0.00712631340087359,"social_isolation_avg"
"11217","SPOCK2","Exc L4-5 RORB IL1RAPL2",-0.0268062596938864,6.68530506208755,1.55714059742907,0.213849202656146,0.533098744737118,0.533098744737118,"social_isolation_avg"
"11218","ASCC1","Exc L4-5 RORB IL1RAPL2",0.0888584984921534,5.46968270052252,20.1545545001763,1.33452407364717e-05,0.00165036143774367,0.00165036143774367,"social_isolation_avg"
"11219","ANAPC16","Exc L4-5 RORB IL1RAPL2",-0.0151442731582067,6.32040972774605,0.720108585560887,0.397335503737895,0.711324161815187,0.711324161815187,"social_isolation_avg"
"11220","DDIT4","Exc L4-5 RORB IL1RAPL2",-0.108841757383121,1.78477829154434,1.88942958643475,0.171126879829789,0.476090529813181,0.476090529813181,"social_isolation_avg"
"11221","DNAJB12","Exc L4-5 RORB IL1RAPL2",-0.0432315781786046,4.40960260273365,2.97763737903729,0.126448106340069,0.409538970165627,0.409538970165627,"social_isolation_avg"
"11222","MICU1","Exc L4-5 RORB IL1RAPL2",0.012150091801052,8.02201455534603,0.434359941022222,0.510774373136625,0.794504198167221,0.794504198167221,"social_isolation_avg"
"11223","MCU","Exc L4-5 RORB IL1RAPL2",0.0175218644977284,6.21113699244631,0.30540609548999,0.581259504635098,0.83685976922848,0.83685976922848,"social_isolation_avg"
"11224","OIT3","Exc L4-5 RORB IL1RAPL2",0.0215464587216201,0.570057092703384,0.0373187161646063,0.847054751460772,0.961751435919328,0.961751435919328,"social_isolation_avg"
"11225","PLA2G12B","Exc L4-5 RORB IL1RAPL2",-0.074063528990993,-0.180307282498658,0.280044659942097,0.597381888873032,0.844756295482587,0.844756295482587,"social_isolation_avg"
"11226","P4HA1","Exc L4-5 RORB IL1RAPL2",0.0200760158793097,5.93699099132269,0.50725022707524,0.477335695054119,0.770615901121958,0.770615901121958,"social_isolation_avg"
"11227","AL731563.3","Exc L4-5 RORB IL1RAPL2",0.143577242072753,0.981359072448178,3.1683566296732,0.0769151293330258,0.318604497752418,0.318604497752418,"social_isolation_avg"
"11228","NUDT13","Exc L4-5 RORB IL1RAPL2",0.0744696613742592,1.4787831646294,1.2408501963016,0.266924386534897,0.597124180376778,0.597124180376778,"social_isolation_avg"
"11229","AC016394.2","Exc L4-5 RORB IL1RAPL2",0.076313116668914,0.134455884912065,0.497044262263811,0.536375126018876,0.810585501369643,0.810585501369643,"social_isolation_avg"
"11230","ECD","Exc L4-5 RORB IL1RAPL2",0.0674215237167815,4.71378442826287,7.29120274154458,0.00765055035086642,0.0848014429928199,0.0848014429928199,"social_isolation_avg"
"11231","FAM149B1","Exc L4-5 RORB IL1RAPL2",0.0711693134716344,4.87067807830706,9.59117699783353,0.0022975402245011,0.0405520136080087,0.0405520136080087,"social_isolation_avg"
"11232","DNAJC9","Exc L4-5 RORB IL1RAPL2",-0.0118286086880318,5.62255073530711,0.268893811715122,0.604768246287687,0.848685009864965,0.848685009864965,"social_isolation_avg"
"11233","DNAJC9-AS1","Exc L4-5 RORB IL1RAPL2",-0.0399872171782564,1.08783378470317,0.220052193166625,0.639618275619852,0.867293779059998,0.867293779059998,"social_isolation_avg"
"11234","MRPS16","Exc L4-5 RORB IL1RAPL2",-0.0797818064571222,5.10496954486944,8.59409506457573,0.00385063709639169,0.0558726261509411,0.0558726261509411,"social_isolation_avg"
"11235","CFAP70","Exc L4-5 RORB IL1RAPL2",0.0514435480347217,5.17423578947571,2.52490459173213,0.113972433825928,0.389676982367253,0.389676982367253,"social_isolation_avg"
"11236","ANXA7","Exc L4-5 RORB IL1RAPL2",0.0142117747634192,6.13276587831185,0.700181690857756,0.403930737860595,0.715915752075075,0.715915752075075,"social_isolation_avg"
"11237","MSS51","Exc L4-5 RORB IL1RAPL2",0.051558436974969,3.8443958070546,2.50203729324678,0.115610661244057,0.392511990202549,0.392511990202549,"social_isolation_avg"
"11238","PPP3CB","Exc L4-5 RORB IL1RAPL2",0.00734992063672759,7.33545392842781,0.244907107007393,0.621341343285364,0.857693117115516,0.857693117115516,"social_isolation_avg"
"11239","USP54","Exc L4-5 RORB IL1RAPL2",0.0696255727682633,5.72970989968625,7.9510178212843,0.00539406515251696,0.0683139938090853,0.0683139938090853,"social_isolation_avg"
"11240","AC073389.1","Exc L4-5 RORB IL1RAPL2",-0.0562355767307375,0.588943033632348,0.262701626583478,0.608954356064217,0.85133924716204,0.85133924716204,"social_isolation_avg"
"11241","AC073389.2","Exc L4-5 RORB IL1RAPL2",0.13112741495827,2.17067976854125,4.70117973849241,0.0315717694327758,0.194392922042808,0.194392922042808,"social_isolation_avg"
"11242","AGAP5","Exc L4-5 RORB IL1RAPL2",0.0146977897021648,3.65157593177297,0.161178546097899,0.688592318587298,0.893035507118046,0.893035507118046,"social_isolation_avg"
"11243","AC022400.6","Exc L4-5 RORB IL1RAPL2",0.112862054166003,2.3157088946844,5.3107367574667,0.0224384538533892,0.158630611322211,0.158630611322211,"social_isolation_avg"
"11244","SEC24C","Exc L4-5 RORB IL1RAPL2",0.0188453366541356,4.82993439897585,0.6594241783622,0.601512635859353,0.847172435051866,0.847172435051866,"social_isolation_avg"
"11245","FUT11","Exc L4-5 RORB IL1RAPL2",0.0324529566616012,3.84121983688129,0.742277701335612,0.390180308201093,0.705026109871823,0.705026109871823,"social_isolation_avg"
"11246","CHCHD1","Exc L4-5 RORB IL1RAPL2",-0.0712500368434661,3.4710489088972,4.32122556692467,0.0391844709333295,0.219526565191545,0.219526565191545,"social_isolation_avg"
"11247","ZSWIM8","Exc L4-5 RORB IL1RAPL2",-0.00255036355233387,5.65321653059127,0.00964422864711867,0.921888469788354,0.983427396790068,0.983427396790068,"social_isolation_avg"
"11248","CAMK2G","Exc L4-5 RORB IL1RAPL2",0.0158049392339847,8.08336612761723,0.67116035333798,0.413826963283236,0.723419454348856,0.723419454348856,"social_isolation_avg"
"11249","AC022400.2","Exc L4-5 RORB IL1RAPL2",0.0538061644600387,0.179867059472567,0.170645061738792,0.680074523244558,0.888161930860731,0.888161930860731,"social_isolation_avg"
"11250","VCL","Exc L4-5 RORB IL1RAPL2",0.0191878814751378,5.91888491771017,0.93765551780822,0.334296199734571,0.658844689068014,0.658844689068014,"social_isolation_avg"
"11251","AP3M1","Exc L4-5 RORB IL1RAPL2",0.019846794480863,4.20542982671114,0.592410750217798,0.442586916909211,0.744728679429754,0.744728679429754,"social_isolation_avg"
"11252","ADK","Exc L4-5 RORB IL1RAPL2",0.0647408192627875,8.24989309032025,10.7592265064176,0.0012654605527295,0.0275215851933275,0.0275215851933275,"social_isolation_avg"
"11253","AC022540.1","Exc L4-5 RORB IL1RAPL2",-0.171933706099458,-0.27258753636864,1.37022299494393,0.243458392586199,0.568209725684404,0.568209725684404,"social_isolation_avg"
"11254","KAT6B","Exc L4-5 RORB IL1RAPL2",0.0189917687504572,7.54720289317244,2.15446019267205,0.144056630378027,0.438524507342096,0.438524507342096,"social_isolation_avg"
"11255","AC018511.2","Exc L4-5 RORB IL1RAPL2",0.00798653107921007,0.528648986589028,0.0038353812907284,0.950693034131853,0.989392111770647,0.989392111770647,"social_isolation_avg"
"11256","SAMD8","Exc L4-5 RORB IL1RAPL2",-0.00135561357395017,5.88102976465808,0.00480775794258795,0.944804390110473,0.988096847417673,0.988096847417673,"social_isolation_avg"
"11257","VDAC2","Exc L4-5 RORB IL1RAPL2",-0.0787260276104691,4.93163019535843,8.06657673249099,0.0050757910266849,0.0659658064122967,0.0659658064122967,"social_isolation_avg"
"11258","COMTD1","Exc L4-5 RORB IL1RAPL2",-0.0995755263402112,2.44104307208274,3.35358539609535,0.0688591183451243,0.300330774197285,0.300330774197285,"social_isolation_avg"
"11259","ZNF503-AS1","Exc L4-5 RORB IL1RAPL2",0.18480245911373,0.946258583369439,2.99633105137515,0.0853193139796199,0.336108003291357,0.336108003291357,"social_isolation_avg"
"11260","AC010997.3","Exc L4-5 RORB IL1RAPL2",0.289889987636115,3.0331699149451,8.44093959067638,0.00417123899559445,0.0586963856669661,0.0586963856669661,"social_isolation_avg"
"11261","ZNF503-AS2","Exc L4-5 RORB IL1RAPL2",-0.0920523463931124,0.369504674070164,0.67804565460116,0.411446947531192,0.721732665016425,0.721732665016425,"social_isolation_avg"
"11262","LRMDA","Exc L4-5 RORB IL1RAPL2",0.0736875786583998,4.77190323221924,1.03811956737934,0.309748155744001,0.639261000745227,0.639261000745227,"social_isolation_avg"
"11263","KCNMA1","Exc L4-5 RORB IL1RAPL2",0.00370155444890094,10.0690802111714,0.0665776862593034,0.796707410122892,0.943052144191509,0.943052144191509,"social_isolation_avg"
"11264","KCNMA1-AS1","Exc L4-5 RORB IL1RAPL2",0.0251029080877984,2.36561319496919,0.134262181329856,0.714521737719844,0.906738148852929,0.906738148852929,"social_isolation_avg"
"11265","KCNMA1-AS3","Exc L4-5 RORB IL1RAPL2",-0.0413324918776091,-0.124163054828315,0.104430878612592,0.820737401382516,0.952379154185799,0.952379154185799,"social_isolation_avg"
"11266","AL450306.1","Exc L4-5 RORB IL1RAPL2",0.121401077160602,0.408658989016972,1.29286082128997,0.257167010965533,0.585461187576081,0.585461187576081,"social_isolation_avg"
"11267","DLG5","Exc L4-5 RORB IL1RAPL2",0.0532871053654614,5.64638590244455,2.36356921489992,0.12610973594798,0.409353630789453,0.409353630789453,"social_isolation_avg"
"11268","POLR3A","Exc L4-5 RORB IL1RAPL2",0.00687592427955264,5.84673717492641,0.148199480259806,0.700756853900119,0.899494810173801,0.899494810173801,"social_isolation_avg"
"11269","RPS24","Exc L4-5 RORB IL1RAPL2",-0.101128901465702,5.36667380797061,6.55230097745205,0.011370818020651,0.106140724108899,0.106140724108899,"social_isolation_avg"
"11270","AC012560.1","Exc L4-5 RORB IL1RAPL2",0.176473166016317,0.900234099017757,2.85391233523603,0.0930371724570535,0.353276165160728,0.353276165160728,"social_isolation_avg"
"11271","ZMIZ1-AS1","Exc L4-5 RORB IL1RAPL2",0.0331391803632251,4.74784579014841,0.601964909858256,0.438937962570475,0.741796860981924,0.741796860981924,"social_isolation_avg"
"11272","ZMIZ1","Exc L4-5 RORB IL1RAPL2",-0.0543902798434245,5.69440565591469,2.03168572556975,0.155935218150547,0.455316398553473,0.455316398553473,"social_isolation_avg"
"11273","PPIF","Exc L4-5 RORB IL1RAPL2",-0.124088009852585,3.00275845283358,9.51047640348477,0.0023949748737396,0.0418810717061247,0.0418810717061247,"social_isolation_avg"
"11274","AL133481.1","Exc L4-5 RORB IL1RAPL2",0.332182244569287,-0.562818574922638,3.553707083056,0.0611674132317113,0.281283845716748,0.281283845716748,"social_isolation_avg"
"11275","EIF5AL1","Exc L4-5 RORB IL1RAPL2",-0.157860262874495,0.684122136080086,1.87483724532534,0.172779627162012,0.477808144626194,0.477808144626194,"social_isolation_avg"
"11276","BX248123.1","Exc L4-5 RORB IL1RAPL2",0.273396846286842,0.36103219279418,5.57030833348654,0.0194343021326487,0.146288743437401,0.146288743437401,"social_isolation_avg"
"11277","NUTM2B-AS1","Exc L4-5 RORB IL1RAPL2",0.0651635960923612,7.00302690941384,1.7628955701643,0.186094404927594,0.494535426353232,0.494535426353232,"social_isolation_avg"
"11278","AL135925.1","Exc L4-5 RORB IL1RAPL2",-0.0365044984659826,2.86308657112841,0.416581024541325,0.519542896277465,0.800250011434867,0.800250011434867,"social_isolation_avg"
"11279","SFTPD","Exc L4-5 RORB IL1RAPL2",0.0394186843546287,2.70671984659446,0.539340096021786,0.46374685139498,0.760623628228537,0.760623628228537,"social_isolation_avg"
"11280","SFTPD-AS1","Exc L4-5 RORB IL1RAPL2",-0.0155482180522495,3.65148232407917,0.124069037014401,0.725111195060245,0.910950728486481,0.910950728486481,"social_isolation_avg"
"11281","TMEM254-AS1","Exc L4-5 RORB IL1RAPL2",0.135288612617385,2.95243353271753,8.14094785227516,0.00488124728076039,0.0645646037609663,0.0645646037609663,"social_isolation_avg"
"11282","TMEM254","Exc L4-5 RORB IL1RAPL2",0.044153606626978,4.46379656076902,2.33722745017092,0.12822556705204,0.412144833599123,0.412144833599123,"social_isolation_avg"
"11283","PLAC9","Exc L4-5 RORB IL1RAPL2",-0.090138344493041,0.309237567442344,0.453024684135613,0.501841987248087,0.787882582027356,0.787882582027356,"social_isolation_avg"
"11284","ANXA11","Exc L4-5 RORB IL1RAPL2",-0.127762036015447,5.85259728419343,20.5492250352786,1.11072241260369e-05,0.00144937784612927,0.00144937784612927,"social_isolation_avg"
"11285","DYDC1","Exc L4-5 RORB IL1RAPL2",0.0587023313324397,-0.280271312894447,0.162930983290405,0.686993934036642,0.892202738337652,0.892202738337652,"social_isolation_avg"
"11286","DYDC2","Exc L4-5 RORB IL1RAPL2",0.0301280796547717,-0.184938254518252,0.0499620726165844,0.823405288133754,0.953233691677604,0.953233691677604,"social_isolation_avg"
"11287","FAM213A","Exc L4-5 RORB IL1RAPL2",-0.0642060074518265,5.87417489356617,7.10291283468616,0.00845908082320332,0.0891876230648189,0.0891876230648189,"social_isolation_avg"
"11288","TSPAN14","Exc L4-5 RORB IL1RAPL2",-0.0717288906004619,5.19494586215963,7.95170631094072,0.0053921092189357,0.0683139938090853,0.0683139938090853,"social_isolation_avg"
"11289","SH2D4B","Exc L4-5 RORB IL1RAPL2",0.153451963139065,1.80683824998176,3.95779117051712,0.0483044179302727,0.247018349096943,0.247018349096943,"social_isolation_avg"
"11290","NRG3","Exc L4-5 RORB IL1RAPL2",0.0105744968124756,11.6692877153977,0.690975535298379,0.407031899360313,0.718003166176651,0.718003166176651,"social_isolation_avg"
"11291","GHITM","Exc L4-5 RORB IL1RAPL2",-0.061894731392997,6.0335296199223,6.92981861035653,0.00928035938904657,0.094659665768275,0.094659665768275,"social_isolation_avg"
"11292","CDHR1","Exc L4-5 RORB IL1RAPL2",-0.0206058302164164,2.50126520388923,0.0674021485735573,0.79548056495971,0.943004057991522,0.943004057991522,"social_isolation_avg"
"11293","LINC00858","Exc L4-5 RORB IL1RAPL2",-0.115642614103977,-0.166790002406489,0.667808608481483,0.414992950149448,0.724294955241925,0.724294955241925,"social_isolation_avg"
"11294","CCSER2","Exc L4-5 RORB IL1RAPL2",-0.00685398025395342,7.38288448759583,0.222351056476405,0.637876138538812,0.867106431302024,0.867106431302024,"social_isolation_avg"
"11295","GRID1-AS1","Exc L4-5 RORB IL1RAPL2",-0.0309129997078394,0.46778961139847,0.0620418025339909,0.803606644079991,0.945168418444318,0.945168418444318,"social_isolation_avg"
"11296","GRID1","Exc L4-5 RORB IL1RAPL2",0.0283895603755237,7.6911887581974,0.987814910469474,0.321729703907366,0.648652977655054,0.648652977655054,"social_isolation_avg"
"11297","WAPL","Exc L4-5 RORB IL1RAPL2",0.0480125946118742,5.70158495322005,8.24850317456425,0.00461338248359307,0.0625285171719659,0.0625285171719659,"social_isolation_avg"
"11298","AL731569.1","Exc L4-5 RORB IL1RAPL2",-0.0540072263526143,1.99141197158257,0.752953001518797,0.386800886465834,0.702838718219538,0.702838718219538,"social_isolation_avg"
"11299","AC067750.1","Exc L4-5 RORB IL1RAPL2",0.0314430805649991,0.887816421509723,0.105000331331642,0.746319259056928,0.921322287506762,0.921322287506762,"social_isolation_avg"
"11300","BMPR1A","Exc L4-5 RORB IL1RAPL2",0.0154958310816692,6.35641575935733,0.765265949217069,0.382954853424734,0.700367436563551,0.700367436563551,"social_isolation_avg"
"11301","MMRN2","Exc L4-5 RORB IL1RAPL2",0.0344223095929377,2.22723921302478,0.35843684483353,0.550195210209724,0.81700906751932,0.81700906751932,"social_isolation_avg"
"11302","SNCG","Exc L4-5 RORB IL1RAPL2",-0.177821399904314,5.97439945670743,11.1204765793999,0.00105409446039401,0.0245320065007566,0.0245320065007566,"social_isolation_avg"
"11303","ADIRF","Exc L4-5 RORB IL1RAPL2",-0.0983127608761524,1.84040496490879,2.52035449766496,0.11429633609947,0.39027793684477,0.39027793684477,"social_isolation_avg"
"11304","AL136982.2","Exc L4-5 RORB IL1RAPL2",-0.00301462412736327,-0.0313916180800797,0.000384139877777849,0.984386511401725,0.998239655190367,0.998239655190367,"social_isolation_avg"
"11305","GLUD1","Exc L4-5 RORB IL1RAPL2",-0.00193059234301751,5.82871609744247,0.00756431781966203,0.930798172938093,0.985321261618086,0.985321261618086,"social_isolation_avg"
"11306","SHLD2","Exc L4-5 RORB IL1RAPL2",0.0761670258525479,6.02722853930754,11.9422298136305,0.000697489359855143,0.0186664726701827,0.0186664726701827,"social_isolation_avg"
"11307","NUTM2A-AS1","Exc L4-5 RORB IL1RAPL2",0.00165971880393964,7.28040150136259,0.000661767641537201,0.979507836993099,0.99697499716884,0.99697499716884,"social_isolation_avg"
"11308","MINPP1","Exc L4-5 RORB IL1RAPL2",0.0284267976725504,4.50526017761305,1.17859959064853,0.279222000274605,0.610417038381953,0.610417038381953,"social_isolation_avg"
"11309","AL138767.3","Exc L4-5 RORB IL1RAPL2",0.209386158080614,-0.156685045293987,1.97811755696673,0.161466060997371,0.463596257986534,0.463596257986534,"social_isolation_avg"
"11310","PAPSS2","Exc L4-5 RORB IL1RAPL2",0.108116478356739,3.99718543891585,1.15594308151803,0.28387533973273,0.614976563210783,0.614976563210783,"social_isolation_avg"
"11311","ATAD1","Exc L4-5 RORB IL1RAPL2",0.00292118595785526,5.94986147269975,0.0280037991992423,0.867304441112751,0.966836543378231,0.966836543378231,"social_isolation_avg"
"11312","KLLN","Exc L4-5 RORB IL1RAPL2",-0.0699949534060971,0.0601934440059842,0.352597722577599,0.553458021061765,0.818827055790888,0.818827055790888,"social_isolation_avg"
"11313","PTEN","Exc L4-5 RORB IL1RAPL2",0.0368495908552646,7.45286480847533,7.85326181848263,0.00567933936352327,0.070883100327984,0.070883100327984,"social_isolation_avg"
"11314","RNLS","Exc L4-5 RORB IL1RAPL2",-0.00710516960304997,6.87117562314363,0.113220237402914,0.736934096777043,0.916494152560271,0.916494152560271,"social_isolation_avg"
"11315","LIPJ","Exc L4-5 RORB IL1RAPL2",-0.0216926126491368,-0.0919500947570579,0.020488167662619,0.88635641248837,0.973780660163158,0.973780660163158,"social_isolation_avg"
"11316","STAMBPL1","Exc L4-5 RORB IL1RAPL2",-0.020634028259346,7.24732035619146,0.692767613477717,0.406425489676908,0.717551346599488,0.717551346599488,"social_isolation_avg"
"11317","ACTA2","Exc L4-5 RORB IL1RAPL2",-0.0411825578608018,2.32965381171557,0.259686104582867,0.611015559203168,0.852117185969555,0.852117185969555,"social_isolation_avg"
"11318","FAS","Exc L4-5 RORB IL1RAPL2",0.0132887276797465,2.68174599350125,0.0359133646512188,0.849927017833214,0.961873912835597,0.961873912835597,"social_isolation_avg"
"11319","CH25H","Exc L4-5 RORB IL1RAPL2",0.08142965247096,0.790210713517568,0.692042811026303,0.406670590738612,0.717874440608935,0.717874440608935,"social_isolation_avg"
"11320","LIPA","Exc L4-5 RORB IL1RAPL2",0.071319967710212,6.68838972198529,7.2310265663198,0.00789988336895048,0.0863684597202245,0.0863684597202245,"social_isolation_avg"
"11321","IFIT2","Exc L4-5 RORB IL1RAPL2",-0.0696163279281557,4.63920379167323,1.51371931260588,0.220320454139464,0.540965911338282,0.540965911338282,"social_isolation_avg"
"11322","IFIT3","Exc L4-5 RORB IL1RAPL2",-0.0777265171477131,4.00729840810504,1.27311229161156,0.260818621073034,0.589952077623774,0.589952077623774,"social_isolation_avg"
"11323","IFIT1","Exc L4-5 RORB IL1RAPL2",-0.0122643959719574,5.27667063956852,0.0866024002541744,0.76891099625081,0.931404335648312,0.931404335648312,"social_isolation_avg"
"11324","IFIT5","Exc L4-5 RORB IL1RAPL2",-0.00345960091253632,2.91387920753195,0.00652460121453603,0.935718603625548,0.986941636436088,0.986941636436088,"social_isolation_avg"
"11325","SLC16A12","Exc L4-5 RORB IL1RAPL2",0.214983377439092,0.164333875515242,2.25752216545343,0.134874674518697,0.42314759945092,0.42314759945092,"social_isolation_avg"
"11326","PANK1","Exc L4-5 RORB IL1RAPL2",0.0294800823296726,4.4564243588502,0.857333278962058,0.355835894512566,0.676066173143691,0.676066173143691,"social_isolation_avg"
"11327","AL157400.3","Exc L4-5 RORB IL1RAPL2",-0.0371021729910105,2.97754264907389,0.46877359695572,0.49451079850507,0.783310072709454,0.783310072709454,"social_isolation_avg"
"11328","KIF20B","Exc L4-5 RORB IL1RAPL2",0.163829448584679,3.30955581014888,13.7680648271867,0.000282202855709265,0.0106731089851647,0.0106731089851647,"social_isolation_avg"
"11329","LINC00865","Exc L4-5 RORB IL1RAPL2",0.0190137579253666,1.49574223220976,0.0481440344863451,0.826595561383036,0.95412485461984,0.95412485461984,"social_isolation_avg"
"11330","LINC01374","Exc L4-5 RORB IL1RAPL2",-0.0144825293498502,-0.528322831978137,0.0054179755721629,0.941412177673753,0.987961902248838,0.987961902248838,"social_isolation_avg"
"11331","AL391704.2","Exc L4-5 RORB IL1RAPL2",0.169101169305502,0.85686449511094,2.49024599492362,0.116465626821801,0.394158866659982,0.394158866659982,"social_isolation_avg"
"11332","HTR7","Exc L4-5 RORB IL1RAPL2",-0.077094867921317,3.054517493692,1.4680821134388,0.227377763963917,0.549218927270904,0.549218927270904,"social_isolation_avg"
"11333","RPP30","Exc L4-5 RORB IL1RAPL2",0.0204247058750854,4.45168831729129,0.577054925296773,0.448551030121087,0.749340812371631,0.749340812371631,"social_isolation_avg"
"11334","PCGF5","Exc L4-5 RORB IL1RAPL2",-0.00789468266273942,6.87010136747837,0.215262593484824,0.643283959544641,0.869274089311824,0.869274089311824,"social_isolation_avg"
"11335","HECTD2","Exc L4-5 RORB IL1RAPL2",0.0478029763430917,6.24279626310713,3.26647489856484,0.0725277492071496,0.30875424183277,0.30875424183277,"social_isolation_avg"
"11336","PPP1R3C","Exc L4-5 RORB IL1RAPL2",-0.237780648207482,0.268730932468937,5.00374589706238,0.0266297928344102,0.174830780784135,0.174830780784135,"social_isolation_avg"
"11337","TNKS2","Exc L4-5 RORB IL1RAPL2",0.037442207857011,6.2574537254633,5.22403869667483,0.023546989504764,0.16324348485288,0.16324348485288,"social_isolation_avg"
"11338","FGFBP3","Exc L4-5 RORB IL1RAPL2",-0.367368805324848,0.7713349382465,17.065240633339,5.72359954573308e-05,0.0039885335088391,0.0039885335088391,"social_isolation_avg"
"11339","BTAF1","Exc L4-5 RORB IL1RAPL2",0.0242064491009551,6.24181487469839,1.5705703682351,0.211894003195983,0.530316442346176,0.530316442346176,"social_isolation_avg"
"11340","CPEB3","Exc L4-5 RORB IL1RAPL2",0.0448684467318711,8.31355014997457,7.87387938427222,0.00561790509315534,0.0704416052137788,0.0704416052137788,"social_isolation_avg"
"11341","MARCH5","Exc L4-5 RORB IL1RAPL2",-0.00737684625676577,4.79170381586155,0.0818764199623522,0.775128762498717,0.934723137089578,0.934723137089578,"social_isolation_avg"
"11342","IDE","Exc L4-5 RORB IL1RAPL2",0.0384703199194627,5.83670131240688,3.3925254977476,0.0672844539553885,0.29579208951903,0.29579208951903,"social_isolation_avg"
"11343","KIF11","Exc L4-5 RORB IL1RAPL2",0.100888924924233,1.82252466697241,2.76025743984486,0.0985281388510762,0.36358399879949,0.36358399879949,"social_isolation_avg"
"11344","EXOC6","Exc L4-5 RORB IL1RAPL2",-0.00884731249190259,7.51014691354842,0.345330060544909,0.557570565448783,0.821698938301769,0.821698938301769,"social_isolation_avg"
"11345","MYOF","Exc L4-5 RORB IL1RAPL2",0.153519228539046,0.74692713880458,2.28309967043755,0.132699585903223,0.418992938425474,0.418992938425474,"social_isolation_avg"
"11346","FFAR4","Exc L4-5 RORB IL1RAPL2",-0.205207499929406,0.58257108667004,1.8642090334082,0.173995040823254,0.479836782891237,0.479836782891237,"social_isolation_avg"
"11347","RBP4","Exc L4-5 RORB IL1RAPL2",-0.180527857340536,1.52994816024167,3.72368355717899,0.0553583258817364,0.26679441773009,0.26679441773009,"social_isolation_avg"
"11348","PDE6C","Exc L4-5 RORB IL1RAPL2",0.12216955187246,0.999481791473314,1.54239787262902,0.2174570448046,0.537303480865864,0.537303480865864,"social_isolation_avg"
"11349","FRA10AC1","Exc L4-5 RORB IL1RAPL2",0.0181490110299637,5.62740724268281,0.395267973054658,0.530411055240921,0.807731091680872,0.807731091680872,"social_isolation_avg"
"11350","LGI1","Exc L4-5 RORB IL1RAPL2",-0.019776853654147,6.83688292395796,1.03463607754915,0.310558757978883,0.640029995165001,0.640029995165001,"social_isolation_avg"
"11351","AL358154.1","Exc L4-5 RORB IL1RAPL2",-0.133160862117355,0.20098648555093,1.16027224429494,0.282978604966039,0.61437041704675,0.61437041704675,"social_isolation_avg"
"11352","SLC35G1","Exc L4-5 RORB IL1RAPL2",0.0150088413395158,1.98471115095763,0.0539248171383511,0.816656590716869,0.951599926146172,0.951599926146172,"social_isolation_avg"
"11353","NOC3L","Exc L4-5 RORB IL1RAPL2",0.0344170809692543,3.19634944071088,0.751357052000459,0.387303431562454,0.70341411293849,0.70341411293849,"social_isolation_avg"
"11354","TBC1D12","Exc L4-5 RORB IL1RAPL2",0.010056634893879,5.07841068534843,0.164440218828331,0.685625370099168,0.891534439395668,0.891534439395668,"social_isolation_avg"
"11355","HELLS","Exc L4-5 RORB IL1RAPL2",0.0381872507929641,4.71777796923186,1.27690558171396,0.260112235056652,0.589306623388507,0.589306623388507,"social_isolation_avg"
"11356","AL583836.1","Exc L4-5 RORB IL1RAPL2",-0.0192721217332617,0.11853648957722,0.0290368476912711,0.864902375698117,0.966487196177524,0.966487196177524,"social_isolation_avg"
"11357","CYP2C8","Exc L4-5 RORB IL1RAPL2",0.048028409517365,2.5117089052318,0.42900212951444,0.51338942011046,0.796477633479011,0.796477633479011,"social_isolation_avg"
"11358","AL157834.1","Exc L4-5 RORB IL1RAPL2",0.0216174616545609,2.85836239308572,0.13369053703567,0.715103316489709,0.906928738608606,0.906928738608606,"social_isolation_avg"
"11359","ACSM6","Exc L4-5 RORB IL1RAPL2",0.0248923728214508,1.58779305892098,0.0749990907733712,0.784534417853848,0.938257740990624,0.938257740990624,"social_isolation_avg"
"11360","AL157834.2","Exc L4-5 RORB IL1RAPL2",-0.0876049258960551,0.986655428085244,0.667178878804459,0.415212562189791,0.724477765510239,0.724477765510239,"social_isolation_avg"
"11361","SORBS1","Exc L4-5 RORB IL1RAPL2",-0.0571439661718969,8.00852846846723,8.97607113425916,0.00315679631560116,0.049404254001232,0.049404254001232,"social_isolation_avg"
"11362","ALDH18A1","Exc L4-5 RORB IL1RAPL2",0.0483597649694892,4.43019645114735,3.19792547865146,0.0755634110519495,0.314732590207646,0.314732590207646,"social_isolation_avg"
"11363","TCTN3","Exc L4-5 RORB IL1RAPL2",0.0361330447884286,4.29829548410388,0.975123442750671,0.324848971411203,0.652229924187665,0.652229924187665,"social_isolation_avg"
"11364","ENTPD1","Exc L4-5 RORB IL1RAPL2",0.15784297390069,0.873529835266386,1.32927030329584,0.250599595684181,0.577257724609252,0.577257724609252,"social_isolation_avg"
"11365","ENTPD1-AS1","Exc L4-5 RORB IL1RAPL2",0.0118545784340479,6.46352155578492,0.191915939691063,0.661898703940827,0.879804779390683,0.879804779390683,"social_isolation_avg"
"11366","AL365273.2","Exc L4-5 RORB IL1RAPL2",0.0207652709069519,1.84669469238201,0.0802451009679953,0.777319994321929,0.935781104063448,0.935781104063448,"social_isolation_avg"
"11367","CC2D2B","Exc L4-5 RORB IL1RAPL2",-0.0291692587065562,2.39760769566572,0.238406692567664,0.62600634971079,0.860679126789555,0.860679126789555,"social_isolation_avg"
"11368","CCNJ","Exc L4-5 RORB IL1RAPL2",0.0392732473520389,1.65872596587084,0.413105325123528,0.521288080389696,0.801828450455528,0.801828450455528,"social_isolation_avg"
"11369","ZNF518A","Exc L4-5 RORB IL1RAPL2",-0.0035134012393774,6.54750829068993,0.0290072621363154,0.864970551343311,0.966487196177524,0.966487196177524,"social_isolation_avg"
"11370","TLL2","Exc L4-5 RORB IL1RAPL2",0.0442129340460473,1.87640191289272,0.62968531019696,0.515337377157323,0.797798929241836,0.797798929241836,"social_isolation_avg"
"11371","TM9SF3","Exc L4-5 RORB IL1RAPL2",-0.0113569198795592,6.09789535932763,0.607297547689197,0.436921434170233,0.740335693952507,0.740335693952507,"social_isolation_avg"
"11372","PIK3AP1","Exc L4-5 RORB IL1RAPL2",0.0742532072502718,0.224597425409711,0.236538312642451,0.62736176230378,0.861458386802464,0.861458386802464,"social_isolation_avg"
"11373","LCOR","Exc L4-5 RORB IL1RAPL2",0.0266009451213864,7.43929825974168,3.74415850105431,0.0546995198609328,0.26539343478524,0.26539343478524,"social_isolation_avg"
"11374","SLIT1","Exc L4-5 RORB IL1RAPL2",0.0283685119141087,7.54038039629271,0.970878106825962,0.325901344490478,0.65268770881723,0.65268770881723,"social_isolation_avg"
"11375","ARHGAP19-SLIT1","Exc L4-5 RORB IL1RAPL2",-0.0785911180405645,0.551899660429626,0.700187546968795,0.585749166706868,0.839233040842801,0.839233040842801,"social_isolation_avg"
"11376","FRAT1","Exc L4-5 RORB IL1RAPL2",-0.101253900399789,1.47902058750086,1.98184081962686,0.206407273413923,0.5236567471527,0.5236567471527,"social_isolation_avg"
"11377","FRAT2","Exc L4-5 RORB IL1RAPL2",-0.063777779185173,2.15872918829535,1.3132827830384,0.253457466570227,0.581177110095225,0.581177110095225,"social_isolation_avg"
"11378","RRP12","Exc L4-5 RORB IL1RAPL2",0.0407895403377649,5.00037377402289,1.97452117391402,0.161845378484353,0.464333041137594,0.464333041137594,"social_isolation_avg"
"11379","AL355490.2","Exc L4-5 RORB IL1RAPL2",0.0252021823469796,1.82610009917463,0.0904691205782265,0.763959599785155,0.929360205936259,0.929360205936259,"social_isolation_avg"
"11380","PGAM1","Exc L4-5 RORB IL1RAPL2",-0.111000085883454,6.50859535976238,18.4266290032243,3.00013519114444e-05,0.00276905160739727,0.00276905160739727,"social_isolation_avg"
"11381","EXOSC1","Exc L4-5 RORB IL1RAPL2",-0.0283778886096616,4.89934497227786,1.39124615678696,0.23988960672721,0.563914927181704,0.563914927181704,"social_isolation_avg"
"11382","ZDHHC16","Exc L4-5 RORB IL1RAPL2",-0.0479368985772459,3.84983784454834,2.63894088220197,0.106178344615417,0.377027219903409,0.377027219903409,"social_isolation_avg"
"11383","MMS19","Exc L4-5 RORB IL1RAPL2",0.0282489387387168,5.71196437354075,2.3847223307688,0.124438991466008,0.406237254970517,0.406237254970517,"social_isolation_avg"
"11384","UBTD1","Exc L4-5 RORB IL1RAPL2",0.0463745580035921,2.99641411591428,0.989664890192148,0.321278345345264,0.648406398762601,0.648406398762601,"social_isolation_avg"
"11385","ANKRD2","Exc L4-5 RORB IL1RAPL2",-0.101576254966449,1.70284182032864,0.80309230693901,0.371473650677625,0.689489203891637,0.689489203891637,"social_isolation_avg"
"11386","AL355315.1","Exc L4-5 RORB IL1RAPL2",-0.054116132394408,1.94002426163695,0.738121815900842,0.391507394927608,0.70677525230658,0.70677525230658,"social_isolation_avg"
"11387","MORN4","Exc L4-5 RORB IL1RAPL2",0.0442224690300658,5.05544937365291,3.78071627683857,0.0535439983228799,0.262530705433327,0.262530705433327,"social_isolation_avg"
"11388","PI4K2A","Exc L4-5 RORB IL1RAPL2",-0.0496817812829213,3.42379145973199,1.68856887159921,0.213907539641651,0.533098744737118,0.533098744737118,"social_isolation_avg"
"11389","AVPI1","Exc L4-5 RORB IL1RAPL2",-0.0913923482871172,3.11764167242095,3.80219799367853,0.05287720080578,0.260641547967412,0.260641547967412,"social_isolation_avg"
"11390","MARVELD1","Exc L4-5 RORB IL1RAPL2",-0.078243877653717,1.49623553871439,0.940082987045387,0.333673069770742,0.658471855770986,0.658471855770986,"social_isolation_avg"
"11391","ZFYVE27","Exc L4-5 RORB IL1RAPL2",-0.00384644328982831,5.3103554015059,0.0275099079940926,0.868468943826661,0.967441402840039,0.967441402840039,"social_isolation_avg"
"11392","LINC00866","Exc L4-5 RORB IL1RAPL2",0.0571133409143121,1.29359979556069,0.497750987184949,0.481483042911012,0.77434259710321,0.77434259710321,"social_isolation_avg"
"11393","GOLGA7B","Exc L4-5 RORB IL1RAPL2",0.025221822969919,5.60501143221439,1.01855714280018,0.314336564416352,0.642771223962153,0.642771223962153,"social_isolation_avg"
"11394","CRTAC1","Exc L4-5 RORB IL1RAPL2",0.112413283789985,4.36434195388574,5.33409287624496,0.0221492589376321,0.157255582873897,0.157255582873897,"social_isolation_avg"
"11395","R3HCC1L","Exc L4-5 RORB IL1RAPL2",0.020312785183977,5.36830800148422,0.943738947620036,0.332737527277972,0.65765452351682,0.65765452351682,"social_isolation_avg"
"11396","LOXL4","Exc L4-5 RORB IL1RAPL2",-0.0821131180094557,-0.223420359061931,0.297217371311919,0.586367010696344,0.839613304781711,0.839613304781711,"social_isolation_avg"
"11397","PYROXD2","Exc L4-5 RORB IL1RAPL2",-0.025005946514443,2.4760669157118,0.169754685219847,0.68086371917641,0.888395450695597,0.888395450695597,"social_isolation_avg"
"11398","HPS1","Exc L4-5 RORB IL1RAPL2",-0.0614819622956574,4.28972685622693,5.42964791546279,0.0210061033423756,0.152808777017869,0.152808777017869,"social_isolation_avg"
"11399","CNNM1","Exc L4-5 RORB IL1RAPL2",0.0213255221692979,6.62672202090299,0.97750905456534,0.324259587364824,0.651665325869107,0.651665325869107,"social_isolation_avg"
"11400","GOT1","Exc L4-5 RORB IL1RAPL2",-0.114496142758757,6.09409066901815,23.0335838856771,3.53939621543079e-06,0.000669689157921659,0.000669689157921659,"social_isolation_avg"
"11401","AL391684.1","Exc L4-5 RORB IL1RAPL2",0.0336591832451267,3.96669072288598,0.918773583231342,0.473333146014323,0.767874457716071,0.767874457716071,"social_isolation_avg"
"11402","SLC25A28","Exc L4-5 RORB IL1RAPL2",-0.0101787117070126,5.30613679296125,0.128634261715085,0.720309971882061,0.909296979182147,0.909296979182147,"social_isolation_avg"
"11403","AL133353.1","Exc L4-5 RORB IL1RAPL2",0.0679362311091858,0.721657146067632,0.560674582725788,0.455052732743244,0.753615120895836,0.753615120895836,"social_isolation_avg"
"11404","ENTPD7","Exc L4-5 RORB IL1RAPL2",0.0405374434610516,2.48676206626977,0.644139738062969,0.423368132280418,0.729998352373318,0.729998352373318,"social_isolation_avg"
"11405","CUTC","Exc L4-5 RORB IL1RAPL2",0.0286631994134543,3.93788353984921,0.984431272705029,0.515799522741468,0.798315009055903,0.798315009055903,"social_isolation_avg"
"11406","COX15","Exc L4-5 RORB IL1RAPL2",-0.0201998574009899,4.27714810476947,0.463572379617046,0.496911785329971,0.784721764823798,0.784721764823798,"social_isolation_avg"
"11407","ABCC2","Exc L4-5 RORB IL1RAPL2",0.0428184186756107,0.937456241822147,0.220408976660625,0.70129256090793,0.899620085827692,0.899620085827692,"social_isolation_avg"
"11408","DNMBP","Exc L4-5 RORB IL1RAPL2",0.069315234107461,4.47540612701994,5.62286965907369,0.0188789331777402,0.143708298833425,0.143708298833425,"social_isolation_avg"
"11409","DNMBP-AS1","Exc L4-5 RORB IL1RAPL2",0.192758528947176,0.392764777428732,2.75179450933111,0.099041606735939,0.364520599549294,0.364520599549294,"social_isolation_avg"
"11410","CPN1","Exc L4-5 RORB IL1RAPL2",0.111859500154617,0.0370144820454786,0.757596162908971,0.385344108797562,0.702253976362316,0.702253976362316,"social_isolation_avg"
"11411","ERLIN1","Exc L4-5 RORB IL1RAPL2",-0.025112054870053,4.34551035692219,0.895361696712716,0.345409636254601,0.668060451326152,0.668060451326152,"social_isolation_avg"
"11412","CHUK","Exc L4-5 RORB IL1RAPL2",0.0192511420489907,4.53916675815385,0.489718537937752,0.485036560434514,0.776377676157109,0.776377676157109,"social_isolation_avg"
"11413","AL138921.1","Exc L4-5 RORB IL1RAPL2",-0.048555654295055,-0.395359241768085,0.116852525505908,0.732907776336458,0.914520816626361,0.914520816626361,"social_isolation_avg"
"11414","CWF19L1","Exc L4-5 RORB IL1RAPL2",0.0462262971219915,5.11307258264653,2.52618646307966,0.113881367134528,0.389506389651555,0.389506389651555,"social_isolation_avg"
"11415","BLOC1S2","Exc L4-5 RORB IL1RAPL2",-0.0620757896396218,4.77205405553743,5.96884906113324,0.0156129361062261,0.127168473553984,0.127168473553984,"social_isolation_avg"
"11416","PKD2L1","Exc L4-5 RORB IL1RAPL2",-0.150383186588588,4.10340907588853,5.94877178447681,0.0157853325190543,0.127911895757185,0.127911895757185,"social_isolation_avg"
"11417","SCD","Exc L4-5 RORB IL1RAPL2",0.105872901037547,2.58762141237729,0.251210881051346,0.616890562455314,0.854917331884348,0.854917331884348,"social_isolation_avg"
"11418","OLMALINC","Exc L4-5 RORB IL1RAPL2",0.0319093539613864,3.72145876607649,0.466212251148082,0.49569071074261,0.783997654264057,0.783997654264057,"social_isolation_avg"
"11419","SEC31B","Exc L4-5 RORB IL1RAPL2",0.0235555232286228,4.79356917873491,0.660019059485804,0.417721701288973,0.725840888202467,0.725840888202467,"social_isolation_avg"
"11420","AL133352.1","Exc L4-5 RORB IL1RAPL2",0.082872600869776,2.7400951632978,3.38990427237566,0.067389222106372,0.295977593192819,0.295977593192819,"social_isolation_avg"
"11421","HIF1AN","Exc L4-5 RORB IL1RAPL2",-0.0501321846950304,4.65613756560092,4.53977096585097,0.0345950227400594,0.203558013710174,0.203558013710174,"social_isolation_avg"
"11422","PAX2","Exc L4-5 RORB IL1RAPL2",0.132950715554054,-0.326156771736834,0.581439090596619,0.446835541712821,0.747660862769928,0.747660862769928,"social_isolation_avg"
"11423","AL138762.1","Exc L4-5 RORB IL1RAPL2",-0.00658078779837544,0.588319234685303,0.00407308875471127,0.949190064635599,0.988853552742656,0.988853552742656,"social_isolation_avg"
"11424","SLF2","Exc L4-5 RORB IL1RAPL2",0.0458047690094288,5.87134377152956,3.63049351937129,0.058466055991862,0.274875824944396,0.274875824944396,"social_isolation_avg"
"11425","MRPL43","Exc L4-5 RORB IL1RAPL2",-0.0905907547325019,3.4729385192903,5.71180104140289,0.0179766790648244,0.140146989940479,0.140146989940479,"social_isolation_avg"
"11426","SEMA4G","Exc L4-5 RORB IL1RAPL2",0.0752221537263056,1.56117300278015,0.970832551549193,0.325912661746482,0.65268770881723,0.65268770881723,"social_isolation_avg"
"11427","TWNK","Exc L4-5 RORB IL1RAPL2",-0.141833362077459,0.89704163580598,3.03441110270732,0.0833762418981907,0.332038005442399,0.332038005442399,"social_isolation_avg"
"11428","LZTS2","Exc L4-5 RORB IL1RAPL2",-0.0299507639352836,3.92031229298936,0.799292732340371,0.372604784163394,0.690810410101731,0.690810410101731,"social_isolation_avg"
"11429","PDZD7","Exc L4-5 RORB IL1RAPL2",0.0620569902148329,5.26643146015433,3.12703222935041,0.0788484124880224,0.322582836846976,0.322582836846976,"social_isolation_avg"
"11430","SFXN3","Exc L4-5 RORB IL1RAPL2",-0.0285498497457523,4.64429238811904,1.05133899296138,0.306697072032973,0.636854181292348,0.636854181292348,"social_isolation_avg"
"11431","AL133387.2","Exc L4-5 RORB IL1RAPL2",-0.0795359986926426,0.0151948841728032,0.488014058053213,0.485796203765838,0.776855136194508,0.776855136194508,"social_isolation_avg"
"11432","BTRC","Exc L4-5 RORB IL1RAPL2",0.00710673987540679,7.32127895978126,0.276228381190501,0.599888324251829,0.846104135905244,0.846104135905244,"social_isolation_avg"
"11433","DPCD","Exc L4-5 RORB IL1RAPL2",0.0200278800962541,3.53840056421398,0.276793491028036,0.644164817480102,0.869655563901629,0.869655563901629,"social_isolation_avg"
"11434","POLL","Exc L4-5 RORB IL1RAPL2",-0.00816505914261543,4.07245406498554,0.0701548184174764,0.791441493363017,0.941045968448541,0.941045968448541,"social_isolation_avg"
"11435","FBXW4","Exc L4-5 RORB IL1RAPL2",0.0386486124488348,6.15131501362015,6.01213501256712,0.0152478895766703,0.12566542098506,0.12566542098506,"social_isolation_avg"
"11436","NPM3","Exc L4-5 RORB IL1RAPL2",-0.0771056291911917,1.41051060386009,1.21218601983146,0.272500297904177,0.601911993537816,0.601911993537816,"social_isolation_avg"
"11437","OGA","Exc L4-5 RORB IL1RAPL2",-0.0145798912837941,7.26525913873759,0.613138026689513,0.434729144720086,0.739172371248089,0.739172371248089,"social_isolation_avg"
"11438","KCNIP2-AS1","Exc L4-5 RORB IL1RAPL2",0.0143166587457259,1.26799048553287,0.032680120539792,0.856764514199507,0.963659272061625,0.963659272061625,"social_isolation_avg"
"11439","KCNIP2","Exc L4-5 RORB IL1RAPL2",-0.226831646472475,2.40379699112459,2.68413313303972,0.103254458290033,0.37227088515734,0.37227088515734,"social_isolation_avg"
"11440","ARMH3","Exc L4-5 RORB IL1RAPL2",0.0392038399180001,6.57332592528033,5.11192550432273,0.0250662054967201,0.168662046302788,0.168662046302788,"social_isolation_avg"
"11441","HPS6","Exc L4-5 RORB IL1RAPL2",-0.237962182584434,1.24383781519969,10.790770746944,0.00124538834094396,0.0271787690876593,0.0271787690876593,"social_isolation_avg"
"11442","LDB1","Exc L4-5 RORB IL1RAPL2",-0.00882889104823573,4.1335751635489,0.0582662511936246,0.809556658954299,0.948635755500978,0.948635755500978,"social_isolation_avg"
"11443","PPRC1","Exc L4-5 RORB IL1RAPL2",0.00587282116922453,3.22777931800678,0.0264686380443353,0.9302959590558,0.985010063866525,0.985010063866525,"social_isolation_avg"
"11444","NOLC1","Exc L4-5 RORB IL1RAPL2",-0.119098364956726,4.10144152416679,18.8134323749247,2.5002482753722e-05,0.00246680724889061,0.00246680724889061,"social_isolation_avg"
"11445","GBF1","Exc L4-5 RORB IL1RAPL2",0.0312064558617062,6.66861652840818,4.61621225803612,0.0331268706909439,0.198811335255336,0.198811335255336,"social_isolation_avg"
"11446","PSD","Exc L4-5 RORB IL1RAPL2",-0.0249634871378012,6.40386988329976,1.68936725290924,0.195494048177118,0.508515554669316,0.508515554669316,"social_isolation_avg"
"11447","FBXL15","Exc L4-5 RORB IL1RAPL2",-0.0772590665448008,4.60363574829938,6.83557634579198,0.00976178807823973,0.0972631870607551,0.0972631870607551,"social_isolation_avg"
"11448","CUEDC2","Exc L4-5 RORB IL1RAPL2",-0.143039885455447,4.13772464319061,22.1372370816995,5.33488916288179e-06,0.000880802632729166,0.000880802632729166,"social_isolation_avg"
"11449","C10orf95","Exc L4-5 RORB IL1RAPL2",-0.0633731598379209,0.490703964224591,0.337715900485214,0.561942175013701,0.82458075536313,0.82458075536313,"social_isolation_avg"
"11450","MFSD13A","Exc L4-5 RORB IL1RAPL2",0.0206530618622,4.18132033619135,0.258282695476168,0.611979982074119,0.852475530245459,0.852475530245459,"social_isolation_avg"
"11451","ACTR1A","Exc L4-5 RORB IL1RAPL2",-0.0535723901062166,5.38488525734339,6.16580170847388,0.0140220928640423,0.119617682182391,0.119617682182391,"social_isolation_avg"
"11452","SUFU","Exc L4-5 RORB IL1RAPL2",0.0483887245006904,5.4028473908656,5.32029774524787,0.0223195950748121,0.15807103884588,0.15807103884588,"social_isolation_avg"
"11453","TRIM8","Exc L4-5 RORB IL1RAPL2",-0.0525205768029188,4.67479058901638,3.7944571749088,0.0531164488590543,0.261246771214496,0.261246771214496,"social_isolation_avg"
"11454","AL391121.1","Exc L4-5 RORB IL1RAPL2",0.0465383058642581,1.65974986508776,0.427512210125218,0.586922052976457,0.839667312378365,0.839667312378365,"social_isolation_avg"
"11455","ARL3","Exc L4-5 RORB IL1RAPL2",0.0180267395099688,5.82332891974264,0.687380404491669,0.408252454414179,0.71890020566041,0.71890020566041,"social_isolation_avg"
"11456","SFXN2","Exc L4-5 RORB IL1RAPL2",0.0926438559475748,3.46135298700216,4.18027581279056,0.0424831878816582,0.229936606775155,0.229936606775155,"social_isolation_avg"
"11457","WBP1L","Exc L4-5 RORB IL1RAPL2",0.0274540083622546,5.36959367511379,1.74960352627411,0.187753634099346,0.497129374586305,0.497129374586305,"social_isolation_avg"
"11458","CYP17A1-AS1","Exc L4-5 RORB IL1RAPL2",0.0703579141439175,0.632574631858237,0.513848676471829,0.524784223466337,0.804564922499024,0.804564922499024,"social_isolation_avg"
"11459","AL358790.1","Exc L4-5 RORB IL1RAPL2",-0.105053682812279,0.994435795695087,1.47401635159907,0.226444810482943,0.547965605648558,0.547965605648558,"social_isolation_avg"
"11460","BORCS7-ASMT","Exc L4-5 RORB IL1RAPL2",0.0874169831575325,2.91649087250343,5.45241814904778,0.0554474789865732,0.267088171959968,0.267088171959968,"social_isolation_avg"
"11461","CNNM2","Exc L4-5 RORB IL1RAPL2",0.0456345596510639,7.26206543739573,8.60141334784892,0.003835967615895,0.0558293794511581,0.0558293794511581,"social_isolation_avg"
"11462","NT5C2","Exc L4-5 RORB IL1RAPL2",0.0366586987591047,6.72271027503281,5.38299470629783,0.0215563169099015,0.15490583830317,0.15490583830317,"social_isolation_avg"
"11463","INA","Exc L4-5 RORB IL1RAPL2",-0.0727652557498843,6.11778020091007,6.3163283766288,0.01292041421969,0.114290396190161,0.114290396190161,"social_isolation_avg"
"11464","PCGF6","Exc L4-5 RORB IL1RAPL2",0.130587886069935,5.04377255011582,24.5641564236285,1.76668955905493e-06,0.00042839113445171,0.00042839113445171,"social_isolation_avg"
"11465","TAF5","Exc L4-5 RORB IL1RAPL2",0.0625038091168888,2.91784138114508,2.3026844990176,0.131060806727357,0.416773365392996,0.416773365392996,"social_isolation_avg"
"11466","ATP5MD","Exc L4-5 RORB IL1RAPL2",-0.102813278640238,4.86314988473389,8.13723287750846,0.00489078045619391,0.0646218275220985,0.0646218275220985,"social_isolation_avg"
"11467","PDCD11","Exc L4-5 RORB IL1RAPL2",-0.0661772736519678,4.00717068447931,6.05087362680452,0.0149287238569062,0.124215648239455,0.124215648239455,"social_isolation_avg"
"11468","CALHM2","Exc L4-5 RORB IL1RAPL2",-0.0889951932870771,1.89908537231469,2.03055258876371,0.15604994148248,0.455370287290254,0.455370287290254,"social_isolation_avg"
"11469","AL139339.1","Exc L4-5 RORB IL1RAPL2",-0.200169162445214,0.00211843630909908,2.9205722899575,0.0893336648443812,0.344814825075589,0.344814825075589,"social_isolation_avg"
"11470","CALHM1","Exc L4-5 RORB IL1RAPL2",-0.0838322886985274,1.82941166598612,1.65917831404047,0.199514531121474,0.514218237970458,0.514218237970458,"social_isolation_avg"
"11471","NEURL1-AS1","Exc L4-5 RORB IL1RAPL2",0.176117121897291,0.818535700170518,3.52882704442245,0.0914798548114164,0.350002601486779,0.350002601486779,"social_isolation_avg"
"11472","NEURL1","Exc L4-5 RORB IL1RAPL2",0.0104836195160715,6.39623059205897,0.342704099411824,0.559070859322168,0.822658510464917,0.822658510464917,"social_isolation_avg"
"11473","SH3PXD2A","Exc L4-5 RORB IL1RAPL2",0.0337977255776832,6.94443713029203,2.71525966792314,0.101292353550901,0.368709623227509,0.368709623227509,"social_isolation_avg"
"11474","AL121929.2","Exc L4-5 RORB IL1RAPL2",0.0359301989932897,2.2036475819958,0.311951497854378,0.577240926904377,0.834311785039929,0.834311785039929,"social_isolation_avg"
"11475","SH3PXD2A-AS1","Exc L4-5 RORB IL1RAPL2",-0.0071141979280271,-0.306355149483213,0.00401617651710314,0.949545809354421,0.988901159114652,0.988901159114652,"social_isolation_avg"
"11476","STN1","Exc L4-5 RORB IL1RAPL2",0.0320114359578604,2.30107876226089,0.351040498879401,0.554334351328829,0.819546824620469,0.819546824620469,"social_isolation_avg"
"11477","SLK","Exc L4-5 RORB IL1RAPL2",-0.0236072208613049,5.1205410216859,0.972190024029044,0.325575650490665,0.652647977597542,0.652647977597542,"social_isolation_avg"
"11478","SFR1","Exc L4-5 RORB IL1RAPL2",0.0931808933511365,0.699183433013352,1.22835680053479,0.269336861744739,0.599261848667946,0.599261848667946,"social_isolation_avg"
"11479","CFAP43","Exc L4-5 RORB IL1RAPL2",0.0415020416401218,3.85650431164694,0.73650456272553,0.392025585379979,0.707238377285906,0.707238377285906,"social_isolation_avg"
"11480","GSTO1","Exc L4-5 RORB IL1RAPL2",-0.102956310231074,4.31201589922551,10.2601051848714,0.00163105745536264,0.0328311043754432,0.0328311043754432,"social_isolation_avg"
"11481","GSTO2","Exc L4-5 RORB IL1RAPL2",-0.0348932504773181,5.57218794833693,0.671737106543083,0.413626816485355,0.723244893699234,0.723244893699234,"social_isolation_avg"
"11482","CFAP58","Exc L4-5 RORB IL1RAPL2",0.239786027896657,1.40257546348959,8.69375141371103,0.00365573595105432,0.0543363550117036,0.0543363550117036,"social_isolation_avg"
"11483","SORCS3","Exc L4-5 RORB IL1RAPL2",-0.0413829688466942,8.07761416877875,1.88322035724138,0.171827896691344,0.476569280752994,0.476569280752994,"social_isolation_avg"
"11484","AL353148.1","Exc L4-5 RORB IL1RAPL2",-0.569658082005481,-1.05544093142593,3.29036948184479,0.0715008498994368,0.306617273008639,0.306617273008639,"social_isolation_avg"
"11485","SORCS1","Exc L4-5 RORB IL1RAPL2",0.0292707486368705,9.32519512753689,1.03747948097766,0.309896894867744,0.639358755620171,0.639358755620171,"social_isolation_avg"
"11486","LINC01435","Exc L4-5 RORB IL1RAPL2",-0.0536395401993008,5.16717296199632,1.29245571996036,0.257241274941237,0.585461187576081,0.585461187576081,"social_isolation_avg"
"11487","AL356476.1","Exc L4-5 RORB IL1RAPL2",0.172239983265046,-0.335010506811559,1.07116060260793,0.302195204786502,0.633344646628866,0.633344646628866,"social_isolation_avg"
"11488","XPNPEP1","Exc L4-5 RORB IL1RAPL2",-0.0215619982776097,4.70907066397534,0.77853941178854,0.378869543407436,0.697265891529238,0.697265891529238,"social_isolation_avg"
"11489","ADD3","Exc L4-5 RORB IL1RAPL2",0.0146561354181854,6.31216792627972,0.24745949165266,0.619530710546365,0.856318253652405,0.856318253652405,"social_isolation_avg"
"11490","MXI1","Exc L4-5 RORB IL1RAPL2",-0.00153771901620663,6.53577292074705,0.0052750929168365,0.942188493258461,0.987984052456339,0.987984052456339,"social_isolation_avg"
"11491","SMNDC1","Exc L4-5 RORB IL1RAPL2",-0.0301816732873415,3.72547472857636,0.992120583701363,0.320680499593715,0.647693822887775,0.647693822887775,"social_isolation_avg"
"11492","AL355512.1","Exc L4-5 RORB IL1RAPL2",-0.00405923473004606,1.26927098499703,0.00191688727405662,0.965130803240608,0.993640457161603,0.993640457161603,"social_isolation_avg"
"11493","DUSP5","Exc L4-5 RORB IL1RAPL2",-0.0415549388827456,0.83842470925099,0.132974071800206,0.715834228221329,0.906943848411394,0.906943848411394,"social_isolation_avg"
"11494","SMC3","Exc L4-5 RORB IL1RAPL2",0.0217109221389641,5.2730158796473,1.25929022367769,0.26341290391454,0.593408209902014,0.593408209902014,"social_isolation_avg"
"11495","RBM20","Exc L4-5 RORB IL1RAPL2",0.0247011584170094,5.83033314663656,0.37764885318207,0.539709182345886,0.812009974488431,0.812009974488431,"social_isolation_avg"
"11496","PDCD4","Exc L4-5 RORB IL1RAPL2",-0.0242716946410073,5.38653248797617,1.15893056689527,0.283256131085901,0.61464199221887,0.61464199221887,"social_isolation_avg"
"11497","BBIP1","Exc L4-5 RORB IL1RAPL2",0.0114372607772349,5.77934725952047,0.279470878662744,0.5977573319635,0.844935876312698,0.844935876312698,"social_isolation_avg"
"11498","SHOC2","Exc L4-5 RORB IL1RAPL2",0.00020655915431944,6.60120429592472,0.000143076319547803,0.990470794621742,0.998822911403646,0.998822911403646,"social_isolation_avg"
"11499","ADRA2A","Exc L4-5 RORB IL1RAPL2",-0.0547992718067356,2.74646939639402,0.802023213370661,0.371791431430732,0.689937682944377,0.689937682944377,"social_isolation_avg"
"11500","GPAM","Exc L4-5 RORB IL1RAPL2",0.0501473150732204,3.33726681109253,1.50939153408065,0.22097825043592,0.541877848172374,0.541877848172374,"social_isolation_avg"
"11501","ACSL5","Exc L4-5 RORB IL1RAPL2",0.0696681371431136,0.803357924064864,0.515726764924981,0.473684025985328,0.768132966718238,0.768132966718238,"social_isolation_avg"
"11502","AL157786.1","Exc L4-5 RORB IL1RAPL2",0.115515434769902,2.69808107004957,4.05891101448108,0.0455599145059816,0.239521851171903,0.239521851171903,"social_isolation_avg"
"11503","ZDHHC6","Exc L4-5 RORB IL1RAPL2",-0.0062788627049725,3.96868908541865,0.0369351190401,0.847833102916338,0.961873912835597,0.961873912835597,"social_isolation_avg"
"11504","VTI1A","Exc L4-5 RORB IL1RAPL2",0.0280625615542224,8.03735602523968,3.77011042033602,0.0538765164877606,0.263305003499345,0.263305003499345,"social_isolation_avg"
"11505","TCF7L2","Exc L4-5 RORB IL1RAPL2",-0.0336361490209235,6.08757170314561,0.713802955138879,0.399405402832896,0.712875322529869,0.712875322529869,"social_isolation_avg"
"11506","HABP2","Exc L4-5 RORB IL1RAPL2",0.0770248448085722,2.39680883333773,1.24253288814147,0.266601534367737,0.596754718061275,0.596754718061275,"social_isolation_avg"
"11507","CASP7","Exc L4-5 RORB IL1RAPL2",-0.251194423929202,0.84094236782221,4.89853362186552,0.0282489663883319,0.181185997638518,0.181185997638518,"social_isolation_avg"
"11508","DCLRE1A","Exc L4-5 RORB IL1RAPL2",-0.0207185081549871,2.74350290094069,0.225791160721262,0.63528960566,0.86588829587451,0.86588829587451,"social_isolation_avg"
"11509","NHLRC2","Exc L4-5 RORB IL1RAPL2",0.0739421583584988,5.56603071740763,11.2554781285407,0.000984698801342978,0.0234949382348178,0.0234949382348178,"social_isolation_avg"
"11510","ADRB1","Exc L4-5 RORB IL1RAPL2",0.0341487883573015,3.41797805119961,0.345542203334371,0.557449697242162,0.821610008873182,0.821610008873182,"social_isolation_avg"
"11511","CCDC186","Exc L4-5 RORB IL1RAPL2",0.0218150703819551,5.95639115671606,1.0772289342683,0.300834162626983,0.631751741516664,0.631751741516664,"social_isolation_avg"
"11512","TDRD1","Exc L4-5 RORB IL1RAPL2",-0.0564911557966816,1.30444845735753,0.249726094513423,0.617932556194479,0.855418833391789,0.855418833391789,"social_isolation_avg"
"11513","VWA2","Exc L4-5 RORB IL1RAPL2",0.0809479686026243,0.0442119259158008,0.3631529508467,0.547586199349836,0.815910290096978,0.815910290096978,"social_isolation_avg"
"11514","AFAP1L2","Exc L4-5 RORB IL1RAPL2",0.00443747375295402,3.28599324345013,0.00858737821927296,0.926279451834037,0.98417618971798,0.98417618971798,"social_isolation_avg"
"11515","ABLIM1","Exc L4-5 RORB IL1RAPL2",-0.0137947252276811,6.85708819689512,0.33934619478055,0.561000631905298,0.824071016006642,0.824071016006642,"social_isolation_avg"
"11516","AL137025.1","Exc L4-5 RORB IL1RAPL2",0.0588743247611749,-0.00211065714408122,0.179376707109247,0.672460011141147,0.884557060922122,0.884557060922122,"social_isolation_avg"
"11517","FAM160B1","Exc L4-5 RORB IL1RAPL2",-0.00690102538861335,4.80529000265346,0.0842673616867707,0.897575151730638,0.976877736318401,0.976877736318401,"social_isolation_avg"
"11518","TRUB1","Exc L4-5 RORB IL1RAPL2",-0.0575241308274972,4.59871649467979,4.54188518452911,0.0345535060192772,0.2035435084597,0.2035435084597,"social_isolation_avg"
"11519","ATRNL1","Exc L4-5 RORB IL1RAPL2",-0.0312163814236269,9.74444257193946,0.735349645751512,0.392396242348458,0.70730011445891,0.70730011445891,"social_isolation_avg"
"11520","GFRA1","Exc L4-5 RORB IL1RAPL2",-0.0411177549337643,3.14433032619862,0.189762739436107,0.663682473633901,0.880856527610023,0.880856527610023,"social_isolation_avg"
"11521","C10orf82","Exc L4-5 RORB IL1RAPL2",0.106377485003978,0.358258854762302,0.89282494083561,0.346092041873952,0.668819071013895,0.668819071013895,"social_isolation_avg"
"11522","HSPA12A","Exc L4-5 RORB IL1RAPL2",-0.0421060926163412,8.12320755408228,3.51851481836712,0.062450016369381,0.284042490318524,0.284042490318524,"social_isolation_avg"
"11523","ENO4","Exc L4-5 RORB IL1RAPL2",0.0158602335354756,3.07055976068616,0.104022707314757,0.747462189548392,0.921915827782467,0.921915827782467,"social_isolation_avg"
"11524","SHTN1","Exc L4-5 RORB IL1RAPL2",-0.00888406074695799,6.1645472125303,0.0761823148403429,0.782884054034937,0.937623348451778,0.937623348451778,"social_isolation_avg"
"11525","SLC18A2","Exc L4-5 RORB IL1RAPL2",-0.231996729323525,0.202500575508972,3.02864301919092,0.0836674368772118,0.332677916468204,0.332677916468204,"social_isolation_avg"
"11526","AL391988.1","Exc L4-5 RORB IL1RAPL2",0.0257222099495453,0.0380884908550575,0.0368690093025569,0.847967668072255,0.961873912835597,0.961873912835597,"social_isolation_avg"
"11527","PDZD8","Exc L4-5 RORB IL1RAPL2",0.0127213692817308,5.6086497612244,0.313528905335513,0.57628075556607,0.833688215923665,0.833688215923665,"social_isolation_avg"
"11528","RAB11FIP2","Exc L4-5 RORB IL1RAPL2",-0.0258386768664318,6.20534778861449,3.10976486010146,0.0796718190208636,0.323908710092768,0.323908710092768,"social_isolation_avg"
"11529","AC022395.1","Exc L4-5 RORB IL1RAPL2",-0.111171395711752,1.17867135895525,1.4638290309309,0.228049277393706,0.549671385677238,0.549671385677238,"social_isolation_avg"
"11530","CASC2","Exc L4-5 RORB IL1RAPL2",-0.0526388419414572,5.06491124724591,2.16145190889123,0.143411811174301,0.437589885377994,0.437589885377994,"social_isolation_avg"
"11531","FAM204A","Exc L4-5 RORB IL1RAPL2",-0.0252700101086157,5.63475653408198,1.59378960478161,0.536246721833163,0.810585501369643,0.810585501369643,"social_isolation_avg"
"11532","CACUL1","Exc L4-5 RORB IL1RAPL2",0.0187652592754844,6.41803923891838,1.83352710557278,0.180920391927903,0.487634577730463,0.487634577730463,"social_isolation_avg"
"11533","EIF3A","Exc L4-5 RORB IL1RAPL2",-0.020845406400355,5.92248063201886,1.22495673261115,0.269998152414761,0.599816254765727,0.599816254765727,"social_isolation_avg"
"11534","FAM45A","Exc L4-5 RORB IL1RAPL2",0.0395447705600692,5.02611964504636,2.41998821360301,0.121708385689806,0.401262304519396,0.401262304519396,"social_isolation_avg"
"11535","SFXN4","Exc L4-5 RORB IL1RAPL2",-0.00786465678023399,4.87310624914667,0.0445343315839386,0.833122561806541,0.956474321257097,0.956474321257097,"social_isolation_avg"
"11536","PRDX3","Exc L4-5 RORB IL1RAPL2",-0.0265806809224782,4.97961454114257,0.895592475850585,0.345347645948892,0.668060451326152,0.668060451326152,"social_isolation_avg"
"11537","GRK5","Exc L4-5 RORB IL1RAPL2",-0.00258678132234364,4.85821750408545,0.00664702132089595,0.93511968566226,0.986842461541563,0.986842461541563,"social_isolation_avg"
"11538","TIAL1","Exc L4-5 RORB IL1RAPL2",-0.0215002585073956,5.49409356027162,0.787967372683666,0.37600525246334,0.694992378901456,0.694992378901456,"social_isolation_avg"
"11539","BAG3","Exc L4-5 RORB IL1RAPL2",0.0328327004785743,1.30334082391528,0.132255360649174,0.716569677408113,0.907451972227106,0.907451972227106,"social_isolation_avg"
"11540","INPP5F","Exc L4-5 RORB IL1RAPL2",-0.0137388113424292,7.15817751613893,0.418969844580387,0.518349421227797,0.799630246021267,0.799630246021267,"social_isolation_avg"
"11541","MCMBP","Exc L4-5 RORB IL1RAPL2",-0.0115367510008125,4.33125431371572,0.174340828862917,0.676824280081314,0.88648706932151,0.88648706932151,"social_isolation_avg"
"11542","SEC23IP","Exc L4-5 RORB IL1RAPL2",0.0377790861571684,4.97595016749611,2.69337419246188,0.102667592473295,0.371145112187087,0.371145112187087,"social_isolation_avg"
"11543","WDR11-AS1","Exc L4-5 RORB IL1RAPL2",-0.0105156711102832,5.42395284376138,0.103548966500619,0.74801816965892,0.921915827782467,0.921915827782467,"social_isolation_avg"
"11544","WDR11","Exc L4-5 RORB IL1RAPL2",0.0572393629556514,5.63880213897009,5.66772191502444,0.0184181225047564,0.14189303579499,0.14189303579499,"social_isolation_avg"
"11545","ATE1","Exc L4-5 RORB IL1RAPL2",-0.00472486285912321,6.94763090282996,0.0596048071530225,0.807424421147817,0.947486819184933,0.947486819184933,"social_isolation_avg"
"11546","AL731566.2","Exc L4-5 RORB IL1RAPL2",-0.342316366994963,-0.773717446979891,2.76640767426871,0.0981568268870091,0.363022932276994,0.363022932276994,"social_isolation_avg"
"11547","NSMCE4A","Exc L4-5 RORB IL1RAPL2",0.0262476686103258,3.03455869436451,0.37849494531557,0.53925588398011,0.811888212208856,0.811888212208856,"social_isolation_avg"
"11548","TACC2","Exc L4-5 RORB IL1RAPL2",0.00854212968056799,6.0648655006862,0.189094241332914,0.66423872606838,0.880856527610023,0.880856527610023,"social_isolation_avg"
"11549","BTBD16","Exc L4-5 RORB IL1RAPL2",0.182773972156917,0.553068963198711,1.92950287633727,0.166681383297836,0.470408882668103,0.470408882668103,"social_isolation_avg"
"11550","PLEKHA1","Exc L4-5 RORB IL1RAPL2",-0.04230363096169,7.58654628629063,4.56114597159128,0.0341776972272459,0.202404517609379,0.202404517609379,"social_isolation_avg"
"11551","CUZD1","Exc L4-5 RORB IL1RAPL2",0.0567599025895274,1.88011056554052,0.740577296177768,0.390722509635083,0.705694979458324,0.705694979458324,"social_isolation_avg"
"11552","FAM24B","Exc L4-5 RORB IL1RAPL2",0.014347827149107,2.60938915869391,0.076331306508487,0.782677220641561,0.937472191763777,0.937472191763777,"social_isolation_avg"
"11553","C10orf88","Exc L4-5 RORB IL1RAPL2",-0.0030477668632979,3.60690945241328,0.00833935531055733,0.943258556896691,0.987984052456339,0.987984052456339,"social_isolation_avg"
"11554","PSTK","Exc L4-5 RORB IL1RAPL2",0.0211780293790242,4.82410347229368,0.597606316693722,0.440596823831556,0.74320517996941,0.74320517996941,"social_isolation_avg"
"11555","IKZF5","Exc L4-5 RORB IL1RAPL2",-0.0079109848050157,4.12973533799455,0.0608251713227505,0.805502462886287,0.946273840838595,0.946273840838595,"social_isolation_avg"
"11556","ACADSB","Exc L4-5 RORB IL1RAPL2",0.0570693252443734,5.86382914510246,6.08808999155313,0.0146286426789959,0.122592928130307,0.122592928130307,"social_isolation_avg"
"11557","BUB3","Exc L4-5 RORB IL1RAPL2",-0.0539264827500878,4.4383380160774,3.36432410431215,0.0684209308326229,0.299016735457877,0.299016735457877,"social_isolation_avg"
"11558","AL160290.2","Exc L4-5 RORB IL1RAPL2",-0.0535829873478725,3.82542385486022,0.723616903549403,0.396190597451775,0.710527834143388,0.710527834143388,"social_isolation_avg"
"11559","CPXM2","Exc L4-5 RORB IL1RAPL2",0.114179801731509,2.77147468368226,2.18909317990763,0.140894419255558,0.434179691650555,0.434179691650555,"social_isolation_avg"
"11560","CHST15","Exc L4-5 RORB IL1RAPL2",-0.0865768202864316,5.31893342137714,6.63759209454337,0.0108593069124657,0.103475972868384,0.103475972868384,"social_isolation_avg"
"11561","OAT","Exc L4-5 RORB IL1RAPL2",-0.0602336073566403,6.01853170411054,5.8702672261075,0.0164786827233188,0.131790152090935,0.131790152090935,"social_isolation_avg"
"11562","NKX1-2","Exc L4-5 RORB IL1RAPL2",-0.115285216306378,-0.268865065749115,0.532824974633492,0.466454792689685,0.762337462809969,0.762337462809969,"social_isolation_avg"
"11563","LHPP","Exc L4-5 RORB IL1RAPL2",0.00153801171338084,5.84465748275441,0.0057524060041499,0.939634435615259,0.987767273530547,0.987767273530547,"social_isolation_avg"
"11564","AC068896.1","Exc L4-5 RORB IL1RAPL2",0.0472988643095259,1.94190139713057,0.534264769450703,0.465854175840866,0.76209812044657,0.76209812044657,"social_isolation_avg"
"11565","FAM53B-AS1","Exc L4-5 RORB IL1RAPL2",-0.148589317037761,0.233380961260748,1.21831576929369,0.271295677812299,0.600639263834833,0.600639263834833,"social_isolation_avg"
"11566","EEF1AKMT2","Exc L4-5 RORB IL1RAPL2",-0.0801425424239181,-0.419613253574696,0.21779600453852,0.641338910848631,0.868444395059539,0.868444395059539,"social_isolation_avg"
"11567","ABRAXAS2","Exc L4-5 RORB IL1RAPL2",0.0133595580910955,4.94484270672855,0.288620831120772,0.59182814253864,0.842274306180829,0.842274306180829,"social_isolation_avg"
"11568","ZRANB1","Exc L4-5 RORB IL1RAPL2",-0.0621471957265704,5.77218003185782,13.106515628524,0.000390944916700629,0.0130345228146581,0.0130345228146581,"social_isolation_avg"
"11569","AL731577.1","Exc L4-5 RORB IL1RAPL2",-0.154848991533319,0.0473169849223145,0.302964957931839,0.582772667618904,0.838018060800827,0.838018060800827,"social_isolation_avg"
"11570","CTBP2","Exc L4-5 RORB IL1RAPL2",0.0209864246306911,7.10569701681227,0.859275766499381,0.355292931762947,0.675692649316836,0.675692649316836,"social_isolation_avg"
"11571","TEX36","Exc L4-5 RORB IL1RAPL2",0.127602398755818,1.23776083906771,1.6567037795978,0.19984839645247,0.514218237970458,0.514218237970458,"social_isolation_avg"
"11572","AL158835.1","Exc L4-5 RORB IL1RAPL2",0.0345178654074288,0.64927399883998,0.145049535076158,0.703800837734233,0.901049844425835,0.901049844425835,"social_isolation_avg"
"11573","EDRF1","Exc L4-5 RORB IL1RAPL2",0.0685655910939291,5.93601918805773,8.63078028772289,0.00377767722539242,0.0554166595866411,0.0554166595866411,"social_isolation_avg"
"11574","EDRF1-AS1","Exc L4-5 RORB IL1RAPL2",-0.206328720342173,-0.560167546062119,1.49003976465904,0.223948710667957,0.545206161415657,0.545206161415657,"social_isolation_avg"
"11575","UROS","Exc L4-5 RORB IL1RAPL2",-0.0544845882536943,5.39389648170569,4.27423619355007,0.0402529375464592,0.222958381532949,0.222958381532949,"social_isolation_avg"
"11576","BCCIP","Exc L4-5 RORB IL1RAPL2",0.0604026757787403,4.7661219874209,5.5111987514294,0.0200792959164283,0.1487830489838,0.1487830489838,"social_isolation_avg"
"11577","DHX32","Exc L4-5 RORB IL1RAPL2",0.056513590973892,5.30929656380902,5.56300712936926,0.0195127863391469,0.146403211613144,0.146403211613144,"social_isolation_avg"
"11578","FANK1","Exc L4-5 RORB IL1RAPL2",0.0222411443675218,4.33656953915585,0.431061610108775,0.512381472715885,0.79582743763399,0.79582743763399,"social_isolation_avg"
"11579","ADAM12","Exc L4-5 RORB IL1RAPL2",-0.00336279220220546,3.43610234859229,0.00220141544686185,0.962634229050095,0.992744587214375,0.992744587214375,"social_isolation_avg"
"11580","AL359094.1","Exc L4-5 RORB IL1RAPL2",-0.0608456012187749,-0.270365482527239,0.161813854659627,0.688011696391866,0.892796742845518,0.892796742845518,"social_isolation_avg"
"11581","FAM196A","Exc L4-5 RORB IL1RAPL2",-0.0204092413776181,1.43106738045276,0.0427775109910346,0.836399330993947,0.956918112331386,0.956918112331386,"social_isolation_avg"
"11582","CLRN3","Exc L4-5 RORB IL1RAPL2",0.155653409394345,-0.230845359404193,1.10569672039555,0.29455410103224,0.625697657675431,0.625697657675431,"social_isolation_avg"
"11583","PTPRE","Exc L4-5 RORB IL1RAPL2",0.0184842286508329,7.15872529108874,0.766429206780549,0.382594327400316,0.700260375848805,0.700260375848805,"social_isolation_avg"
"11584","AL390763.2","Exc L4-5 RORB IL1RAPL2",0.065182378337587,3.09697553465893,0.136935779662939,0.711820168904534,0.905252682876912,0.905252682876912,"social_isolation_avg"
"11585","AL390763.1","Exc L4-5 RORB IL1RAPL2",0.0441872224513572,-0.934933177202415,0.0168562204723722,0.896857589542944,0.976631011821524,0.976631011821524,"social_isolation_avg"
"11586","MGMT","Exc L4-5 RORB IL1RAPL2",-0.0377238050878462,5.62940028985137,0.677993055014202,0.411465052456645,0.721732665016425,0.721732665016425,"social_isolation_avg"
"11587","AL157832.1","Exc L4-5 RORB IL1RAPL2",0.0200999449366062,0.656606325639678,0.0316042045594667,0.859116791185877,0.964243395716678,0.964243395716678,"social_isolation_avg"
"11588","AL157832.3","Exc L4-5 RORB IL1RAPL2",0.0897281966733901,4.92986816855904,3.16691433494939,0.0769817305455018,0.318604497752418,0.318604497752418,"social_isolation_avg"
"11589","EBF3","Exc L4-5 RORB IL1RAPL2",0.17990706698102,0.0151954169513638,1.39930906480443,0.238537903223751,0.562624740326177,0.562624740326177,"social_isolation_avg"
"11590","AL354950.1","Exc L4-5 RORB IL1RAPL2",0.108358596400717,1.07583091797486,1.68939614998392,0.195490245823072,0.508515554669316,0.508515554669316,"social_isolation_avg"
"11591","C10orf143","Exc L4-5 RORB IL1RAPL2",0.0552557908602543,3.3207569108742,1.12378289103599,0.290651885795427,0.622036458673823,0.622036458673823,"social_isolation_avg"
"11592","GLRX3","Exc L4-5 RORB IL1RAPL2",0.021356542417197,5.42977022808632,1.38774063452122,0.240480211095986,0.564812074745178,0.564812074745178,"social_isolation_avg"
"11593","AL355500.1","Exc L4-5 RORB IL1RAPL2",0.0239738180079706,1.22270245971509,0.0518182585742997,0.820210363119551,0.952331877797314,0.952331877797314,"social_isolation_avg"
"11594","TCERG1L","Exc L4-5 RORB IL1RAPL2",-0.00561972979313131,6.09838090210433,0.0180310549546398,0.893344710881324,0.975474727711369,0.975474727711369,"social_isolation_avg"
"11595","LINC01164","Exc L4-5 RORB IL1RAPL2",-0.38623713062523,0.116113185059842,4.88736507061514,0.0284268198840259,0.181588068543435,0.181588068543435,"social_isolation_avg"
"11596","PPP2R2D","Exc L4-5 RORB IL1RAPL2",0.00673015507754418,6.37884779456492,0.216034805004907,0.642689617877966,0.868978710475095,0.868978710475095,"social_isolation_avg"
"11597","BNIP3","Exc L4-5 RORB IL1RAPL2",-0.0852589742120024,6.35127136433851,11.5981067128046,0.000828784879859156,0.0210406661681392,0.0210406661681392,"social_isolation_avg"
"11598","AL162274.2","Exc L4-5 RORB IL1RAPL2",0.00208466786274141,0.337248089449052,0.000376167261495658,0.984549365044878,0.998239655190367,0.998239655190367,"social_isolation_avg"
"11599","JAKMIP3","Exc L4-5 RORB IL1RAPL2",-0.00234103536559767,5.7434892173029,0.00708836516013605,0.933005316125184,0.986583286147705,0.986583286147705,"social_isolation_avg"
"11600","AL512622.1","Exc L4-5 RORB IL1RAPL2",0.150169976993394,-0.284884688060995,0.852797703424199,0.357108136517394,0.677377749478256,0.677377749478256,"social_isolation_avg"
"11601","DPYSL4","Exc L4-5 RORB IL1RAPL2",-0.0539341276056206,4.23218624917004,3.26633449013997,0.0725338303972657,0.30875424183277,0.30875424183277,"social_isolation_avg"
"11602","STK32C","Exc L4-5 RORB IL1RAPL2",-0.0800342246609401,5.20254108802014,8.42179326049486,0.00421320570029153,0.0590248433348589,0.0590248433348589,"social_isolation_avg"
"11603","LRRC27","Exc L4-5 RORB IL1RAPL2",0.0704861149252559,4.25746264064244,5.08376018780421,0.0254637891802298,0.170067192050522,0.170067192050522,"social_isolation_avg"
"11604","PWWP2B","Exc L4-5 RORB IL1RAPL2",-0.0430678646462261,2.82828672451837,1.00370133434517,0.317880882896471,0.645761669023419,0.645761669023419,"social_isolation_avg"
"11605","AL451069.2","Exc L4-5 RORB IL1RAPL2",0.0682361771986267,0.0560083789883052,0.222902949633597,0.637459540866184,0.867064357055679,0.867064357055679,"social_isolation_avg"
"11606","AL451069.1","Exc L4-5 RORB IL1RAPL2",0.292899260334095,-0.772182185475164,2.39318961835976,0.123777177241644,0.405386591214936,0.405386591214936,"social_isolation_avg"
"11607","INPP5A","Exc L4-5 RORB IL1RAPL2",-0.0425953759171874,6.17248866481233,3.02849398975897,0.0836749751319794,0.332677916468204,0.332677916468204,"social_isolation_avg"
"11608","CFAP46","Exc L4-5 RORB IL1RAPL2",0.0739131591570303,6.03289891480725,2.87721192445017,0.091723906797796,0.35053686942458,0.35053686942458,"social_isolation_avg"
"11609","LINC01166","Exc L4-5 RORB IL1RAPL2",0.0930093736453174,1.39108149468914,0.284732836890507,0.594332591283492,0.843296700385411,0.843296700385411,"social_isolation_avg"
"11610","ADGRA1","Exc L4-5 RORB IL1RAPL2",-0.0586370906961557,5.93060592734649,6.7236266363201,0.0103674590949557,0.100958668829469,0.100958668829469,"social_isolation_avg"
"11611","ADGRA1-AS1","Exc L4-5 RORB IL1RAPL2",0.0201264519003252,3.31696812612842,0.207354131630528,0.649446726802844,0.872577195095231,0.872577195095231,"social_isolation_avg"
"11612","KNDC1","Exc L4-5 RORB IL1RAPL2",0.0275239295729591,6.82124884156303,1.19351893664031,0.276210573893122,0.606566883545934,0.606566883545934,"social_isolation_avg"
"11613","ADAM8","Exc L4-5 RORB IL1RAPL2",0.0624358202534616,1.93131531515524,1.08145808000816,0.372152448418502,0.690230051948608,0.690230051948608,"social_isolation_avg"
"11614","TUBGCP2","Exc L4-5 RORB IL1RAPL2",0.00127508333513618,5.17606344975993,0.00260007723225731,0.959394295889822,0.991734018385671,0.991734018385671,"social_isolation_avg"
"11615","ZNF511-PRAP1","Exc L4-5 RORB IL1RAPL2",-0.0125124735344739,3.15369252372549,0.0759351771219901,0.980321663455147,0.997015885480877,0.997015885480877,"social_isolation_avg"
"11616","CALY","Exc L4-5 RORB IL1RAPL2",-0.125036377064043,7.06782531732067,13.05108582893,0.000401807320828716,0.0132680564003493,0.0132680564003493,"social_isolation_avg"
"11617","AL360181.1","Exc L4-5 RORB IL1RAPL2",-0.0330729357759121,-0.322720494851184,0.0322680177533828,0.857660702028509,0.964103977131738,0.964103977131738,"social_isolation_avg"
"11618","ECHS1","Exc L4-5 RORB IL1RAPL2",-0.0934276135799105,4.44087950243213,11.553553205701,0.000847540123576892,0.0212965560135437,0.0212965560135437,"social_isolation_avg"
"11619","PAOX","Exc L4-5 RORB IL1RAPL2",-0.0820972340603632,2.41856875098944,2.12863014874363,0.146467553277494,0.442489633652158,0.442489633652158,"social_isolation_avg"
"11620","AL360181.3","Exc L4-5 RORB IL1RAPL2",0.115148778449068,0.973245152387923,2.35832623945414,0.147815770415372,0.444222076243528,0.444222076243528,"social_isolation_avg"
"11621","MTG1","Exc L4-5 RORB IL1RAPL2",-0.0616709630629704,-0.228832246144301,0.19519262767525,0.659206970445536,0.878364293821707,0.878364293821707,"social_isolation_avg"
"11622","SPRN","Exc L4-5 RORB IL1RAPL2",-0.18772253643963,3.61707324859513,17.0936280999852,5.64661670698029e-05,0.00395702350788052,0.00395702350788052,"social_isolation_avg"
"11623","SCART1","Exc L4-5 RORB IL1RAPL2",0.137460442749339,3.07942444663931,1.42940452752614,0.233573997432135,0.556325982554559,0.556325982554559,"social_isolation_avg"
"11624","CYP2E1","Exc L4-5 RORB IL1RAPL2",0.0246309362055391,4.13813841788743,0.172950359210228,0.678042340908399,0.887303892540105,0.887303892540105,"social_isolation_avg"
"11625","AL161645.1","Exc L4-5 RORB IL1RAPL2",0.0295274682764328,0.485209487146487,0.0907298202890972,0.76362995664069,0.929360205936259,0.929360205936259,"social_isolation_avg"
"11626","SYCE1","Exc L4-5 RORB IL1RAPL2",0.0322339760307227,4.86957087678875,0.301064653215451,0.583956103659945,0.838445396672471,0.838445396672471,"social_isolation_avg"
"11627","IQSEC3","Exc L4-5 RORB IL1RAPL2",0.00466059619466061,7.02747445759126,0.0272798404972634,0.869015066998008,0.967441402840039,0.967441402840039,"social_isolation_avg"
"11628","AC026369.3","Exc L4-5 RORB IL1RAPL2",-0.0554035733673593,1.07426334993275,0.286400380570291,0.593255764167411,0.842717140676545,0.842717140676545,"social_isolation_avg"
"11629","AC026369.1","Exc L4-5 RORB IL1RAPL2",-0.0156266253997516,0.612770051981828,0.0298587566635784,0.863022501996477,0.965740698866505,0.965740698866505,"social_isolation_avg"
"11630","AC007406.3","Exc L4-5 RORB IL1RAPL2",-0.201910651616216,-0.217478128187798,2.06489098796138,0.168886921947817,0.472778436185035,0.472778436185035,"social_isolation_avg"
"11631","SLC6A13","Exc L4-5 RORB IL1RAPL2",0.0125266940556608,1.79309300680819,0.020186774605485,0.887189706674268,0.974095556110611,0.974095556110611,"social_isolation_avg"
"11632","KDM5A","Exc L4-5 RORB IL1RAPL2",0.0359772512241381,6.68896712994852,4.87609645312338,0.0286074603751782,0.182372559891761,0.182372559891761,"social_isolation_avg"
"11633","CCDC77","Exc L4-5 RORB IL1RAPL2",0.0231984184588086,3.71785444464358,0.270885392100536,0.603434888701992,0.84810912192597,0.84810912192597,"social_isolation_avg"
"11634","B4GALNT3","Exc L4-5 RORB IL1RAPL2",0.0890315242236294,5.40219083813934,5.48733547568046,0.0203459887692927,0.149675915048129,0.149675915048129,"social_isolation_avg"
"11635","AC021054.1","Exc L4-5 RORB IL1RAPL2",0.103399017894966,1.66314098085444,2.87763161926296,0.0917004380765304,0.350517977544653,0.350517977544653,"social_isolation_avg"
"11636","WNK1","Exc L4-5 RORB IL1RAPL2",0.0228991714774017,7.84860067810137,2.83889854776246,0.0938943328646733,0.354393511297124,0.354393511297124,"social_isolation_avg"
"11637","RAD52","Exc L4-5 RORB IL1RAPL2",0.0534698848702788,5.19749694604756,4.45284354156427,0.0363484585398462,0.20967962927818,0.20967962927818,"social_isolation_avg"
"11638","AC004803.1","Exc L4-5 RORB IL1RAPL2",-0.0648602196889717,0.386062705429626,0.409853920996772,0.537684782582601,0.811137427207984,0.811137427207984,"social_isolation_avg"
"11639","ERC1","Exc L4-5 RORB IL1RAPL2",0.0260981396202249,7.79043315500018,2.58616394350483,0.10970948743882,0.382863059412556,0.382863059412556,"social_isolation_avg"
"11640","WNT5B","Exc L4-5 RORB IL1RAPL2",-0.0184786086506498,2.84949594772945,0.131955934928408,0.716876744533042,0.907543105011121,0.907543105011121,"social_isolation_avg"
"11641","FBXL14","Exc L4-5 RORB IL1RAPL2",-0.0407464267590666,4.41509938737518,1.40130049868776,0.23820548523093,0.562257558032732,0.562257558032732,"social_isolation_avg"
"11642","ADIPOR2","Exc L4-5 RORB IL1RAPL2",-0.0176344695076964,5.05942633918747,0.385366500350044,0.535600095970524,0.810208619752021,0.810208619752021,"social_isolation_avg"
"11643","CACNA2D4","Exc L4-5 RORB IL1RAPL2",-0.193710592017852,0.210208530586739,2.33664135605396,0.12827309441432,0.412203671775364,0.412203671775364,"social_isolation_avg"
"11644","LRTM2","Exc L4-5 RORB IL1RAPL2",0.0051514080468694,4.03101477403387,0.0120257396883309,0.912810510987128,0.981657819619611,0.981657819619611,"social_isolation_avg"
"11645","DCP1B","Exc L4-5 RORB IL1RAPL2",0.0636804922252387,4.73651177465863,4.83318879953668,0.0293064126502759,0.185329757271347,0.185329757271347,"social_isolation_avg"
"11646","CACNA1C","Exc L4-5 RORB IL1RAPL2",0.038256880776759,10.1898409575454,5.16827645532441,0.0242901660567389,0.166038378598106,0.166038378598106,"social_isolation_avg"
"11647","CACNA1C-AS2","Exc L4-5 RORB IL1RAPL2",0.214228764010435,-0.109162166043195,2.58670075832471,0.109672922252058,0.382863059412556,0.382863059412556,"social_isolation_avg"
"11648","CACNA1C-AS1","Exc L4-5 RORB IL1RAPL2",-0.0765846140784401,1.15425368724576,0.957735706936979,0.404525737914854,0.716401299802223,0.716401299802223,"social_isolation_avg"
"11649","FKBP4","Exc L4-5 RORB IL1RAPL2",-0.193806484079457,4.95388639604444,37.2398291684127,7.18164532707142e-09,2.26473185389197e-05,2.26473185389197e-05,"social_isolation_avg"
"11650","ITFG2-AS1","Exc L4-5 RORB IL1RAPL2",0.00648179181599922,3.00579005672539,0.0233321310019933,0.878782840032682,0.971833790296869,0.971833790296869,"social_isolation_avg"
"11651","ITFG2","Exc L4-5 RORB IL1RAPL2",0.0483655734591997,5.25018611661123,3.24687798147074,0.0733818679152371,0.310408746439571,0.310408746439571,"social_isolation_avg"
"11652","NRIP2","Exc L4-5 RORB IL1RAPL2",0.0618819486352859,2.45053467530123,0.875624962078192,0.350767837354082,0.671815994907065,0.671815994907065,"social_isolation_avg"
"11653","FOXM1","Exc L4-5 RORB IL1RAPL2",0.06193313694748,0.470378892996628,0.367477247891018,0.545214179183607,0.814592347152008,0.814592347152008,"social_isolation_avg"
"11654","TULP3","Exc L4-5 RORB IL1RAPL2",-0.00731054246784386,3.72140819484426,0.034048214957164,0.853830484781045,0.962543291381206,0.962543291381206,"social_isolation_avg"
"11655","TEAD4","Exc L4-5 RORB IL1RAPL2",-0.126033904520748,-0.142654666563266,0.941140531792889,0.333402086581409,0.658280379860884,0.658280379860884,"social_isolation_avg"
"11656","TSPAN9","Exc L4-5 RORB IL1RAPL2",0.0417450268086841,5.4379488847959,0.827209887476152,0.364404814491524,0.683475762786888,0.683475762786888,"social_isolation_avg"
"11657","PRMT8","Exc L4-5 RORB IL1RAPL2",-0.0655610215099286,6.31237286040094,3.93624395398431,0.0489116826694643,0.248445086654748,0.248445086654748,"social_isolation_avg"
"11658","CRACR2A","Exc L4-5 RORB IL1RAPL2",0.0818557547983956,3.00238725328191,2.43402140807082,0.120640498059413,0.399661314302657,0.399661314302657,"social_isolation_avg"
"11659","PARP11","Exc L4-5 RORB IL1RAPL2",0.026713593393209,5.6662938510769,1.63038296957676,0.203440886656009,0.519602066409493,0.519602066409493,"social_isolation_avg"
"11660","AC005842.1","Exc L4-5 RORB IL1RAPL2",0.0230933862472934,1.71101891367662,0.0864517211339477,0.769106354852768,0.931404335648312,0.931404335648312,"social_isolation_avg"
"11661","CCND2","Exc L4-5 RORB IL1RAPL2",-0.013220033860224,6.28292871750443,0.376616504652638,0.540263218001463,0.812231575248533,0.812231575248533,"social_isolation_avg"
"11662","TIGAR","Exc L4-5 RORB IL1RAPL2",0.0628043664978976,5.18031555450778,3.13464841122807,0.0784881731988111,0.321913602062419,0.321913602062419,"social_isolation_avg"
"11663","FGF23","Exc L4-5 RORB IL1RAPL2",-0.113388912396355,-0.532051636898877,0.437027905027979,0.509480814078214,0.793145177157634,0.793145177157634,"social_isolation_avg"
"11664","C12orf4","Exc L4-5 RORB IL1RAPL2",-0.0414573266068367,5.33185494447141,3.07704783044908,0.0812577169555165,0.327471195423925,0.327471195423925,"social_isolation_avg"
"11665","RAD51AP1","Exc L4-5 RORB IL1RAPL2",0.0788890307988275,1.68801505070942,1.75118893820172,0.18755482122366,0.496894760448723,0.496894760448723,"social_isolation_avg"
"11666","DYRK4","Exc L4-5 RORB IL1RAPL2",0.173852351065268,0.484158165510197,3.08951573820454,0.0806493437826629,0.326130847127969,0.326130847127969,"social_isolation_avg"
"11667","AC005832.4","Exc L4-5 RORB IL1RAPL2",0.116792280889846,1.52671302437216,2.16374890865625,0.143200682971471,0.437338788676303,0.437338788676303,"social_isolation_avg"
"11668","AKAP3","Exc L4-5 RORB IL1RAPL2",0.0252660534123479,0.0573196531004021,0.0460941960010466,0.830269303029799,0.955218623533189,0.955218623533189,"social_isolation_avg"
"11669","AC005833.2","Exc L4-5 RORB IL1RAPL2",-0.0208278605910641,4.39567559174353,0.477346522780691,0.490595788966502,0.780834700793672,0.780834700793672,"social_isolation_avg"
"11670","AC005833.1","Exc L4-5 RORB IL1RAPL2",0.0160691146164314,-0.286165418836818,0.00821388477275291,0.927895938289681,0.98417618971798,0.98417618971798,"social_isolation_avg"
"11671","GALNT8","Exc L4-5 RORB IL1RAPL2",-0.0638125679130251,5.82480326241467,6.92662876144327,0.00929624581480492,0.0947195837705567,0.0947195837705567,"social_isolation_avg"
"11672","KCNA1","Exc L4-5 RORB IL1RAPL2",-0.127478638638735,4.72154855337465,9.74060111934939,0.00212772255872877,0.0389725445631239,0.0389725445631239,"social_isolation_avg"
"11673","AC006063.2","Exc L4-5 RORB IL1RAPL2",0.0564454034168411,2.50643629802462,0.724345536413635,0.395953415241701,0.710527834143388,0.710527834143388,"social_isolation_avg"
"11674","KCNA5","Exc L4-5 RORB IL1RAPL2",-0.0587440617699135,-0.50320533610536,0.102863795542946,0.748824773003147,0.922429266275556,0.922429266275556,"social_isolation_avg"
"11675","AC006206.2","Exc L4-5 RORB IL1RAPL2",0.273663581209508,-0.0449966745593038,2.14087642079859,0.145318842655438,0.440284679244763,0.440284679244763,"social_isolation_avg"
"11676","AC007848.1","Exc L4-5 RORB IL1RAPL2",-0.102242122684599,0.754440511284214,0.647643642649938,0.4221123939584,0.728854590809169,0.728854590809169,"social_isolation_avg"
"11677","ANO2","Exc L4-5 RORB IL1RAPL2",-0.569690980165057,-0.771884350401994,2.86779742610885,0.0922520856955344,0.351632093764143,0.351632093764143,"social_isolation_avg"
"11678","VWF","Exc L4-5 RORB IL1RAPL2",-0.0141004702817545,1.68346592573828,0.0423864507076288,0.974031019718828,0.995766205105897,0.995766205105897,"social_isolation_avg"
"11679","TNFRSF1A","Exc L4-5 RORB IL1RAPL2",0.000222731027285235,1.85191365819718,2.24511710828872e-05,0.996225137902324,0.999502287237639,0.999502287237639,"social_isolation_avg"
"11680","SCNN1A","Exc L4-5 RORB IL1RAPL2",0.166634544964557,-0.193969290712432,1.37199570988445,0.243154963088385,0.567991982295719,0.567991982295719,"social_isolation_avg"
"11681","LTBR","Exc L4-5 RORB IL1RAPL2",0.281242632705004,-0.00165043017910371,4.04250406937329,0.0459936900333443,0.240865377559066,0.240865377559066,"social_isolation_avg"
"11682","TAPBPL","Exc L4-5 RORB IL1RAPL2",-0.135331280614877,0.991750377824519,2.41891036752487,0.137259472896669,0.427363252703286,0.427363252703286,"social_isolation_avg"
"11683","VAMP1","Exc L4-5 RORB IL1RAPL2",-0.0358806862232774,4.89891034666817,0.542734629423987,0.462345916471894,0.759708822020382,0.759708822020382,"social_isolation_avg"
"11684","MRPL51","Exc L4-5 RORB IL1RAPL2",-0.119852317050333,3.81824237657338,6.44291030862244,0.0120636753550307,0.10996636748101,0.10996636748101,"social_isolation_avg"
"11685","NCAPD2","Exc L4-5 RORB IL1RAPL2",0.0282571501669306,3.37340676737967,0.546530879839767,0.460787183285997,0.758571742677249,0.758571742677249,"social_isolation_avg"
"11686","GAPDH","Exc L4-5 RORB IL1RAPL2",-0.167081024920488,7.70938352306611,15.0246057490369,0.000152798302412353,0.00740444862634874,0.00740444862634874,"social_isolation_avg"
"11687","AC006064.4","Exc L4-5 RORB IL1RAPL2",-0.00543965522680602,-0.571807149763978,0.000319445849679782,0.985761685243565,0.998305401080937,0.998305401080937,"social_isolation_avg"
"11688","IFFO1","Exc L4-5 RORB IL1RAPL2",0.0415125946326897,4.93763872900419,1.72931061476756,0.190320355332795,0.500981002121844,0.500981002121844,"social_isolation_avg"
"11689","NOP2","Exc L4-5 RORB IL1RAPL2",0.0385262568583299,0.443835518395363,0.138022563275958,0.71073059310963,0.904961881038177,0.904961881038177,"social_isolation_avg"
"11690","CHD4","Exc L4-5 RORB IL1RAPL2",-0.104110893200239,2.73521389692798,4.38837056687147,0.0377095187533436,0.214136195777915,0.214136195777915,"social_isolation_avg"
"11691","AC006064.2","Exc L4-5 RORB IL1RAPL2",0.070796238357637,0.698412338243044,0.487902394121415,0.485846038489559,0.776869170477558,0.776869170477558,"social_isolation_avg"
"11692","ACRBP","Exc L4-5 RORB IL1RAPL2",0.404516109445875,-0.513678517702349,6.90423559652855,0.00940856600687186,0.0954528029040334,0.0954528029040334,"social_isolation_avg"
"11693","ING4","Exc L4-5 RORB IL1RAPL2",-0.0373442633940858,5.15781848769011,2.92111442351703,0.0893042147064205,0.344814825075589,0.344814825075589,"social_isolation_avg"
"11694","ZNF384","Exc L4-5 RORB IL1RAPL2",0.0439410792972596,3.54766409232925,1.35177474109325,0.246643896996441,0.572699747639209,0.572699747639209,"social_isolation_avg"
"11695","PIANP","Exc L4-5 RORB IL1RAPL2",-0.0135547181576847,5.68207872057861,0.229618659793353,0.632440056059501,0.864273210099576,0.864273210099576,"social_isolation_avg"
"11696","COPS7A","Exc L4-5 RORB IL1RAPL2",-0.125079990440252,4.50897481041086,14.1796119343448,0.000230649929361806,0.00946665360836165,0.00946665360836165,"social_isolation_avg"
"11697","MLF2","Exc L4-5 RORB IL1RAPL2",-0.0385925168361101,6.29853710119755,2.36792420329792,0.125763719607265,0.408660651091422,0.408660651091422,"social_isolation_avg"
"11698","PTMS","Exc L4-5 RORB IL1RAPL2",-0.104800075283004,6.03265451100756,8.60948911255125,0.00381984644433233,0.055811053724488,0.055811053724488,"social_isolation_avg"
"11699","CD4","Exc L4-5 RORB IL1RAPL2",0.0745870679736656,0.065895542352808,0.359845346012878,0.5494135734464,0.816643784119922,0.816643784119922,"social_isolation_avg"
"11700","GPR162","Exc L4-5 RORB IL1RAPL2",-0.0846836288382194,5.62925668657121,9.86839676122968,0.00199271491180582,0.0374049194903552,0.0374049194903552,"social_isolation_avg"
"11701","P3H3","Exc L4-5 RORB IL1RAPL2",0.0565256761527503,4.31810553449809,3.12281334606593,0.0790487353363221,0.323041278898175,0.323041278898175,"social_isolation_avg"
"11702","GNB3","Exc L4-5 RORB IL1RAPL2",0.013835454466431,3.76714355822333,0.0674054130210823,0.795475723250496,0.943004057991522,0.943004057991522,"social_isolation_avg"
"11703","USP5","Exc L4-5 RORB IL1RAPL2",-0.0938420088506091,4.85654993066185,13.6448282264438,0.000299821008193725,0.011041985685432,0.011041985685432,"social_isolation_avg"
"11704","TPI1","Exc L4-5 RORB IL1RAPL2",-0.170876966675018,6.23604796480052,24.1018505385235,2.17761399197998e-06,0.000490507551693491,0.000490507551693491,"social_isolation_avg"
"11705","SPSB2","Exc L4-5 RORB IL1RAPL2",0.0359205188342393,1.20490422053415,0.196101029262795,0.658465525119491,0.878124203607689,0.878124203607689,"social_isolation_avg"
"11706","LRRC23","Exc L4-5 RORB IL1RAPL2",0.0115972428595621,4.90701433119397,0.137026090816695,0.711729438682183,0.905221525761985,0.905221525761985,"social_isolation_avg"
"11707","ENO2","Exc L4-5 RORB IL1RAPL2",-0.105921898351469,7.5464076611123,20.0203577625997,1.42064678325543e-05,0.00174545829779064,0.00174545829779064,"social_isolation_avg"
"11708","ATN1","Exc L4-5 RORB IL1RAPL2",-0.0560470728367889,6.05612027939653,3.46434976467,0.0644809540428507,0.289192805796857,0.289192805796857,"social_isolation_avg"
"11709","C12orf57","Exc L4-5 RORB IL1RAPL2",-0.10607213755307,3.75074064519384,5.000359680186,0.0266803576726545,0.175041278614527,0.175041278614527,"social_isolation_avg"
"11710","U47924.2","Exc L4-5 RORB IL1RAPL2",-0.152570476959595,0.0593899641325205,1.54048293466289,0.254921294181866,0.583024997850246,0.583024997850246,"social_isolation_avg"
"11711","PTPN6","Exc L4-5 RORB IL1RAPL2",0.0881720106477337,1.04882824873271,0.942902552659347,0.332951245742488,0.65776240927358,0.65776240927358,"social_isolation_avg"
"11712","PHB2","Exc L4-5 RORB IL1RAPL2",-0.131045546781711,4.1054772498698,17.936900473044,3.78185418574608e-05,0.00316712447282244,0.00316712447282244,"social_isolation_avg"
"11713","EMG1-1","Exc L4-5 RORB IL1RAPL2",0.0380702000265738,2.2371747075629,0.563674531843386,0.453850946304335,0.753008922748538,0.753008922748538,"social_isolation_avg"
"11714","LPCAT3","Exc L4-5 RORB IL1RAPL2",0.0417326933478489,5.1905004872392,2.69350966682816,0.102659016424276,0.371145112187087,0.371145112187087,"social_isolation_avg"
"11715","C1S","Exc L4-5 RORB IL1RAPL2",-0.00565275029604515,4.29440361548435,0.0324007448738186,0.857371422466888,0.96389332647035,0.96389332647035,"social_isolation_avg"
"11716","C1R","Exc L4-5 RORB IL1RAPL2",-0.0671449671233931,3.14315769605012,1.61414762045026,0.205695043717489,0.522690830268413,0.522690830268413,"social_isolation_avg"
"11717","C1RL","Exc L4-5 RORB IL1RAPL2",0.00559972372582689,4.21349765750475,0.0264462176274391,0.871013964955648,0.968185596929022,0.968185596929022,"social_isolation_avg"
"11718","C1RL-AS1","Exc L4-5 RORB IL1RAPL2",0.0588327868827783,2.6153088002278,1.43321326614821,0.232954800326972,0.555871005095235,0.555871005095235,"social_isolation_avg"
"11719","RBP5","Exc L4-5 RORB IL1RAPL2",-0.00992805354055776,1.07564720465238,0.017827659477535,0.893944360108004,0.975474727711369,0.975474727711369,"social_isolation_avg"
"11720","AC018653.3","Exc L4-5 RORB IL1RAPL2",-0.232608251516487,-0.373557977398527,2.41513023439499,0.122080523066669,0.401928932824854,0.401928932824854,"social_isolation_avg"
"11721","CLSTN3","Exc L4-5 RORB IL1RAPL2",-0.0261347514273181,6.87308552141942,1.48954827686551,0.22402477814239,0.545206161415657,0.545206161415657,"social_isolation_avg"
"11722","PEX5","Exc L4-5 RORB IL1RAPL2",-0.0462971357124464,4.90911391935355,3.48177173214152,0.0638200634480478,0.287349041303923,0.287349041303923,"social_isolation_avg"
"11723","ACSM4","Exc L4-5 RORB IL1RAPL2",0.131161311852988,0.0454735416976639,1.18915184016294,0.277087781888506,0.607514495134482,0.607514495134482,"social_isolation_avg"
"11724","CD163L1","Exc L4-5 RORB IL1RAPL2",-0.0471147991041261,4.62078176823083,0.803506662518742,0.371350588901432,0.689463692729271,0.689463692729271,"social_isolation_avg"
"11725","NANOG","Exc L4-5 RORB IL1RAPL2",0.170589889009867,0.416015729043173,2.66710800301577,0.104345386022449,0.373871259274216,0.373871259274216,"social_isolation_avg"
"11726","SLC2A14","Exc L4-5 RORB IL1RAPL2",0.108740530772042,1.05436177700782,1.66829488539153,0.198290198984162,0.51230776963174,0.51230776963174,"social_isolation_avg"
"11727","SLC2A3","Exc L4-5 RORB IL1RAPL2",-0.0709837125127009,5.21611276564683,4.26528755576061,0.0404598928115541,0.223690287145128,0.223690287145128,"social_isolation_avg"
"11728","AC006511.4","Exc L4-5 RORB IL1RAPL2",0.0159812325507048,2.43895212209817,0.0909403624069897,0.768114626638802,0.931216559917523,0.931216559917523,"social_isolation_avg"
"11729","FOXJ2","Exc L4-5 RORB IL1RAPL2",-0.102740416240649,3.50835337631739,5.90842133108743,0.0161378289359293,0.130032167923573,0.130032167923573,"social_isolation_avg"
"11730","C3AR1","Exc L4-5 RORB IL1RAPL2",0.0635664607996583,-0.681735346526411,0.124334317398344,0.72482950489743,0.91093294313279,0.91093294313279,"social_isolation_avg"
"11731","NECAP1","Exc L4-5 RORB IL1RAPL2",-0.0207537325230874,5.40365978429697,0.61007912067232,0.435875230463796,0.739916351274993,0.739916351274993,"social_isolation_avg"
"11732","CLEC4A","Exc L4-5 RORB IL1RAPL2",-0.0534347275552818,0.50509237951483,0.288549488441583,0.591873901487427,0.842274306180829,0.842274306180829,"social_isolation_avg"
"11733","FAM66C","Exc L4-5 RORB IL1RAPL2",-0.00634628876757669,6.11591957557699,0.0475569171864635,0.827639284112732,0.954161930646283,0.954161930646283,"social_isolation_avg"
"11734","AC092111.1","Exc L4-5 RORB IL1RAPL2",0.0218545221705483,2.89506879527822,0.113142612709495,0.737020922478207,0.916494152560271,0.916494152560271,"social_isolation_avg"
"11735","FAM90A1","Exc L4-5 RORB IL1RAPL2",-0.137171795956784,1.5990745124064,2.52878630397568,0.113696917622089,0.389297752140345,0.389297752140345,"social_isolation_avg"
"11736","LINC02449","Exc L4-5 RORB IL1RAPL2",-0.00233757509595631,2.76617730475714,0.00135078426914804,0.970726283153546,0.994985819254082,0.994985819254082,"social_isolation_avg"
"11737","LINC00937","Exc L4-5 RORB IL1RAPL2",0.0525006393282272,5.98951746829692,1.03227624226761,0.311109466877487,0.640394062531432,0.640394062531432,"social_isolation_avg"
"11738","AC092745.1","Exc L4-5 RORB IL1RAPL2",0.0200534201940962,3.28954306981458,0.140624920634636,0.708141254572737,0.903306187404487,0.903306187404487,"social_isolation_avg"
"11739","RIMKLB","Exc L4-5 RORB IL1RAPL2",0.0217753447041717,4.84603746855654,0.635269894723871,0.426572207304142,0.732871646492618,0.732871646492618,"social_isolation_avg"
"11740","A2ML1-AS1","Exc L4-5 RORB IL1RAPL2",-0.00591772414100051,3.07909712070251,0.014633921138089,0.903861131117945,0.978397583639639,0.978397583639639,"social_isolation_avg"
"11741","A2ML1","Exc L4-5 RORB IL1RAPL2",0.00440524456849648,1.46018501589756,0.00307029344611252,0.955878564250931,0.990352027474875,0.990352027474875,"social_isolation_avg"
"11742","AC006581.2","Exc L4-5 RORB IL1RAPL2",-0.0367763290786096,4.22619740573523,0.969013384653102,0.326365023857327,0.652982310523691,0.652982310523691,"social_isolation_avg"
"11743","PHC1","Exc L4-5 RORB IL1RAPL2",0.0138405734483671,4.69849735960142,0.251515841033093,0.616677025149596,0.854746611446451,0.854746611446451,"social_isolation_avg"
"11744","M6PR","Exc L4-5 RORB IL1RAPL2",0.0387847769486327,5.01259074978851,2.04898333575797,0.154195866286603,0.453708414352571,0.453708414352571,"social_isolation_avg"
"11745","KLRG1","Exc L4-5 RORB IL1RAPL2",-0.100247372722304,4.10735101986702,8.15013390249236,0.00485775658602479,0.0645007806064386,0.0645007806064386,"social_isolation_avg"
"11746","A2M-AS1","Exc L4-5 RORB IL1RAPL2",-0.0252556188288512,2.24272966473738,0.234670111222344,0.628723685888787,0.862159795673411,0.862159795673411,"social_isolation_avg"
"11747","A2M","Exc L4-5 RORB IL1RAPL2",-0.068661520137997,2.71836191336333,0.90850170275636,0.341904005604313,0.665073063641328,0.665073063641328,"social_isolation_avg"
"11748","PZP","Exc L4-5 RORB IL1RAPL2",0.0758832286453814,1.84735476585755,0.691020304637958,0.407016733950378,0.718003166176651,0.718003166176651,"social_isolation_avg"
"11749","LINC00987","Exc L4-5 RORB IL1RAPL2",0.033657048586876,1.82399851399556,0.22134581265595,0.638636576981321,0.86720544732868,0.86720544732868,"social_isolation_avg"
"11750","AC010175.1","Exc L4-5 RORB IL1RAPL2",-0.0158085110376086,2.7485257182418,0.0779782687056009,0.83952245029374,0.95839826385881,0.95839826385881,"social_isolation_avg"
"11751","LINC02367","Exc L4-5 RORB IL1RAPL2",-0.161568853942032,-0.525198893898199,0.467173958837912,0.495247132579743,0.783977055261698,0.783977055261698,"social_isolation_avg"
"11752","KLRB1","Exc L4-5 RORB IL1RAPL2",-0.139152331885326,-0.417119285137921,0.395776666100994,0.530146923493417,0.807511667961596,0.807511667961596,"social_isolation_avg"
"11753","CLEC2D","Exc L4-5 RORB IL1RAPL2",0.00499266075388805,3.26002010181816,0.00896075494023049,0.924698538758716,0.984094777650805,0.984094777650805,"social_isolation_avg"
"11754","CLEC2A","Exc L4-5 RORB IL1RAPL2",-0.0698285185866332,1.26085858179168,0.117668800796077,0.732012604048225,0.914172268378775,0.914172268378775,"social_isolation_avg"
"11755","LINC02470","Exc L4-5 RORB IL1RAPL2",-0.0287904343829273,2.04640241040831,0.0221899354389858,0.881764515495935,0.972820198116536,0.972820198116536,"social_isolation_avg"
"11756","CLEC12A","Exc L4-5 RORB IL1RAPL2",0.0179995637972516,0.582780101705109,0.0154324422991254,0.901286180623071,0.978205337360331,0.978205337360331,"social_isolation_avg"
"11757","OLR1","Exc L4-5 RORB IL1RAPL2",0.0470452138105823,1.86083787904272,0.330125440812218,0.566366361945691,0.827595395006403,0.827595395006403,"social_isolation_avg"
"11758","TMEM52B","Exc L4-5 RORB IL1RAPL2",0.0827032431549076,-0.0681223966133292,0.322964654501461,0.57060263185233,0.829851836839196,0.829851836839196,"social_isolation_avg"
"11759","GABARAPL1","Exc L4-5 RORB IL1RAPL2",-0.0731317706719753,6.35752050743361,10.5062234244795,0.00143891852470039,0.0299184367097319,0.0299184367097319,"social_isolation_avg"
"11760","KLRD1","Exc L4-5 RORB IL1RAPL2",0.0432665516285232,4.51704434660529,0.386959876007655,0.53475884980367,0.809700884133067,0.809700884133067,"social_isolation_avg"
"11761","AC022075.1","Exc L4-5 RORB IL1RAPL2",0.132828654037768,0.789670384247877,1.2544648274552,0.264326176108421,0.59470447203305,0.59470447203305,"social_isolation_avg"
"11762","KLRC1","Exc L4-5 RORB IL1RAPL2",0.212526164135718,-0.104430937609601,0.828398506409216,0.364061303555333,0.683034598370892,0.683034598370892,"social_isolation_avg"
"11763","EIF2S3B","Exc L4-5 RORB IL1RAPL2",-0.0265994400960479,1.23995674007246,0.127793304494513,0.882122138272336,0.973032314766374,0.973032314766374,"social_isolation_avg"
"11764","MAGOHB","Exc L4-5 RORB IL1RAPL2",-0.0696236942327067,3.00224711401205,3.03786441875214,0.0832024340579224,0.331985081149293,0.331985081149293,"social_isolation_avg"
"11765","STYK1","Exc L4-5 RORB IL1RAPL2",0.000149373405981282,4.53301955141487,1.59857115326149e-05,0.996814716824136,0.999517208019121,0.999517208019121,"social_isolation_avg"
"11766","YBX3","Exc L4-5 RORB IL1RAPL2",-0.109819118133842,0.57859880969305,0.927388359503007,0.336949155444188,0.661054397185915,0.661054397185915,"social_isolation_avg"
"11767","PRH1","Exc L4-5 RORB IL1RAPL2",0.0504040930926686,5.03055211965134,2.57999898944124,0.110130384407403,0.383347040140781,0.383347040140781,"social_isolation_avg"
"11768","SMIM10L1","Exc L4-5 RORB IL1RAPL2",-0.090708388148823,3.97464054587955,7.18307828599596,0.00810455555254538,0.0871781100680564,0.0871781100680564,"social_isolation_avg"
"11769","AC244131.2","Exc L4-5 RORB IL1RAPL2",0.123603848473934,4.38515693128001,1.17200596328949,0.280566171159184,0.611659468199438,0.611659468199438,"social_isolation_avg"
"11770","PRB1","Exc L4-5 RORB IL1RAPL2",0.10936248240286,3.0188558273513,1.33127674115066,0.250243752275529,0.576578426303614,0.576578426303614,"social_isolation_avg"
"11771","PRB2","Exc L4-5 RORB IL1RAPL2",-0.0631706758865314,6.71703045522794,2.78671392540934,0.0969417568051629,0.360467968658194,0.360467968658194,"social_isolation_avg"
"11772","AC007450.1","Exc L4-5 RORB IL1RAPL2",-0.015764264408614,2.00772344381586,0.0359253190614645,0.84990234204227,0.961873912835597,0.961873912835597,"social_isolation_avg"
"11773","LINC01252","Exc L4-5 RORB IL1RAPL2",0.0429985023087353,6.14927862396359,1.15001848424999,0.285108430310543,0.616377583398742,0.616377583398742,"social_isolation_avg"
"11774","ETV6","Exc L4-5 RORB IL1RAPL2",0.0147098641102452,6.73291628467641,0.310991015596447,0.577827137252445,0.834712724381854,0.834712724381854,"social_isolation_avg"
"11775","BCL2L14","Exc L4-5 RORB IL1RAPL2",-0.0507610162626254,3.32361539790461,1.20489233397632,0.273942456275789,0.603617702945639,0.603617702945639,"social_isolation_avg"
"11776","LRP6","Exc L4-5 RORB IL1RAPL2",0.0449369372274968,5.85977913077083,4.61548757236518,0.0331404762642212,0.198811335255336,0.198811335255336,"social_isolation_avg"
"11777","MANSC1","Exc L4-5 RORB IL1RAPL2",-0.0173111807297221,4.30788251926793,0.428169312521227,0.513797999043831,0.796784848775372,0.796784848775372,"social_isolation_avg"
"11778","LOH12CR2","Exc L4-5 RORB IL1RAPL2",-0.0701101997539104,1.81957557166437,1.39725157979276,0.238881942504825,0.562759055808341,0.562759055808341,"social_isolation_avg"
"11779","BORCS5","Exc L4-5 RORB IL1RAPL2",-0.0122858269353146,5.63967007900114,0.241671163883879,0.623653863296733,0.859255424702358,0.859255424702358,"social_isolation_avg"
"11780","DUSP16","Exc L4-5 RORB IL1RAPL2",-0.0193584812062597,3.1642508608628,0.0772335351625802,0.781429346296167,0.937006003773347,0.937006003773347,"social_isolation_avg"
"11781","AC007619.1","Exc L4-5 RORB IL1RAPL2",0.0463177842422382,3.25197627906458,0.537858598043477,0.464360401313118,0.761102144252036,0.761102144252036,"social_isolation_avg"
"11782","CREBL2","Exc L4-5 RORB IL1RAPL2",-0.0444821401081441,4.47809357826133,2.48722762385565,0.116685613844777,0.394285699035384,0.394285699035384,"social_isolation_avg"
"11783","AC008115.4","Exc L4-5 RORB IL1RAPL2",0.116251258710693,0.134191143844268,1.13151100619116,0.289004742739046,0.620265283276485,0.620265283276485,"social_isolation_avg"
"11784","GPR19","Exc L4-5 RORB IL1RAPL2",0.0766055691151453,3.5089887811414,3.66138072749964,0.057415795364137,0.27208703422342,0.27208703422342,"social_isolation_avg"
"11785","AC008115.2","Exc L4-5 RORB IL1RAPL2",-0.0199054598344009,1.88325679875307,0.0940278233380057,0.78037590788702,0.936599591064403,0.936599591064403,"social_isolation_avg"
"11786","CDKN1B","Exc L4-5 RORB IL1RAPL2",-0.0300571720068557,4.51380040622026,0.922913467034216,0.338114312098735,0.661920424130384,0.661920424130384,"social_isolation_avg"
"11787","APOLD1","Exc L4-5 RORB IL1RAPL2",0.105991472026009,3.38946465732331,1.98186187814268,0.161072225571329,0.46311324829844,0.46311324829844,"social_isolation_avg"
"11788","GPRC5D-AS1","Exc L4-5 RORB IL1RAPL2",0.0262474057144772,1.39497231023949,0.0472916927738216,0.82811298893531,0.954161930646283,0.954161930646283,"social_isolation_avg"
"11789","HEBP1","Exc L4-5 RORB IL1RAPL2",-0.066772487755578,3.40035735392602,3.20681131838106,0.075162253599529,0.313939293676973,0.313939293676973,"social_isolation_avg"
"11790","AC023790.2","Exc L4-5 RORB IL1RAPL2",-0.0669853687302748,2.2327795339316,0.771417982581421,0.381053633580881,0.6991378513668,0.6991378513668,"social_isolation_avg"
"11791","FAM234B","Exc L4-5 RORB IL1RAPL2",-0.0352359377718592,5.43383756790854,1.5313782502465,0.217660694419956,0.537535510895005,0.537535510895005,"social_isolation_avg"
"11792","GSG1","Exc L4-5 RORB IL1RAPL2",-0.0195185905139192,0.43136177875827,0.0340754042101641,0.853772798007541,0.962543291381206,0.962543291381206,"social_isolation_avg"
"11793","EMP1","Exc L4-5 RORB IL1RAPL2",0.0467482473401933,-0.00672602119988319,0.0698823745356459,0.791837434582697,0.941284083887912,0.941284083887912,"social_isolation_avg"
"11794","GRIN2B","Exc L4-5 RORB IL1RAPL2",-0.00900404511573469,8.89401296072112,0.379388378880273,0.538777980474147,0.811882210176405,0.811882210176405,"social_isolation_avg"
"11795","ATF7IP","Exc L4-5 RORB IL1RAPL2",-0.039417989717638,5.97047267871385,2.93796760862028,0.088393981027727,0.343077438979615,0.343077438979615,"social_isolation_avg"
"11796","PLBD1","Exc L4-5 RORB IL1RAPL2",-0.21139651627863,-0.191220197374997,1.92231035468454,0.167469361655633,0.471037750786443,0.471037750786443,"social_isolation_avg"
"11797","GUCY2C","Exc L4-5 RORB IL1RAPL2",0.131109276147486,0.65759654604665,1.16968899474526,0.281040457426425,0.612129215490433,0.612129215490433,"social_isolation_avg"
"11798","AC010168.1","Exc L4-5 RORB IL1RAPL2",-0.0170917033454123,1.41766440284051,0.0433690083859224,0.835288376593412,0.956824497333631,0.956824497333631,"social_isolation_avg"
"11799","HIST4H4","Exc L4-5 RORB IL1RAPL2",-0.085288387359552,0.035902343107752,0.458198959101613,0.499413078533299,0.786008555891577,0.786008555891577,"social_isolation_avg"
"11800","H2AFJ","Exc L4-5 RORB IL1RAPL2",0.150304211439868,-0.126251449317922,1.31303920802371,0.253501318238896,0.581177110095225,0.581177110095225,"social_isolation_avg"
"11801","WBP11","Exc L4-5 RORB IL1RAPL2",-0.0858921489065065,4.55109307742202,9.40572791569806,0.00252780039959251,0.0430973042434105,0.0430973042434105,"social_isolation_avg"
"11802","C12orf60","Exc L4-5 RORB IL1RAPL2",-0.0170837502347716,1.85332307656842,0.0432660016768407,0.835481273455144,0.956824497333631,0.956824497333631,"social_isolation_avg"
"11803","RERG","Exc L4-5 RORB IL1RAPL2",0.0198404252650873,4.25257834671357,0.104811668365837,0.746539363687421,0.921413652989543,0.921413652989543,"social_isolation_avg"
"11804","PTPRO","Exc L4-5 RORB IL1RAPL2",-0.145036000462463,6.23991570999667,10.0057510845871,0.00185736738754794,0.0357146832721489,0.0357146832721489,"social_isolation_avg"
"11805","EPS8","Exc L4-5 RORB IL1RAPL2",0.0467609575509115,2.04482034247532,0.0933796084001784,0.760308347150139,0.92787630523915,0.92787630523915,"social_isolation_avg"
"11806","STRAP","Exc L4-5 RORB IL1RAPL2",-0.04913577281281,5.54868414835783,5.70665771702421,0.0180276146150214,0.140312832632999,0.140312832632999,"social_isolation_avg"
"11807","DERA","Exc L4-5 RORB IL1RAPL2",0.0659576985206808,3.1907297264045,1.81515566718286,0.179734940176956,0.486451935285231,0.486451935285231,"social_isolation_avg"
"11808","MGST1","Exc L4-5 RORB IL1RAPL2",0.0153052295878691,4.78311450154827,0.103662812218018,0.747884432843665,0.921915827782467,0.921915827782467,"social_isolation_avg"
"11809","LMO3","Exc L4-5 RORB IL1RAPL2",-0.0451803814185345,7.85227378905401,3.25823479780309,0.0728855699448153,0.309305435521721,0.309305435521721,"social_isolation_avg"
"11810","AC007529.2","Exc L4-5 RORB IL1RAPL2",0.0483820871841933,0.929965926382296,0.291083085179009,0.59025331392256,0.841357763502242,0.841357763502242,"social_isolation_avg"
"11811","LINC02378","Exc L4-5 RORB IL1RAPL2",-0.0361611978605033,0.183921311286446,0.0728913166483828,0.787509393154553,0.939315763970044,0.939315763970044,"social_isolation_avg"
"11812","RERGL","Exc L4-5 RORB IL1RAPL2",-0.0226247933887805,0.601557081594087,0.0492928918346904,0.82457236129719,0.953583855066564,0.953583855066564,"social_isolation_avg"
"11813","PIK3C2G","Exc L4-5 RORB IL1RAPL2",0.0310018939572934,1.38796861278069,0.160156269845671,0.68952939653908,0.893295837857989,0.893295837857989,"social_isolation_avg"
"11814","PLEKHA5","Exc L4-5 RORB IL1RAPL2",0.00821945744357048,8.9263282560479,0.222961798703588,0.637415155780219,0.867064357055679,0.867064357055679,"social_isolation_avg"
"11815","AEBP2","Exc L4-5 RORB IL1RAPL2",0.021896255136202,8.50995203040526,0.67826338956193,0.411372015089703,0.721732665016425,0.721732665016425,"social_isolation_avg"
"11816","AC024901.1","Exc L4-5 RORB IL1RAPL2",0.0844011647809349,7.31388106601102,3.31116336792293,0.0706200001700757,0.304216349039062,0.304216349039062,"social_isolation_avg"
"11817","LINC02398","Exc L4-5 RORB IL1RAPL2",0.126799684553772,6.1857292873328,4.83725602798852,0.0292393947027802,0.184967765687497,0.184967765687497,"social_isolation_avg"
"11818","PDE3A","Exc L4-5 RORB IL1RAPL2",0.976918321024576,0.777745371098186,17.4344927026772,4.80041258262267e-05,0.00360430978078586,0.00360430978078586,"social_isolation_avg"
"11819","PYROXD1","Exc L4-5 RORB IL1RAPL2",-0.00569472752440066,4.03570988055112,0.0315231441966238,0.859295675935257,0.964243395716678,0.964243395716678,"social_isolation_avg"
"11820","RECQL","Exc L4-5 RORB IL1RAPL2",0.00398458704814187,3.69495631864365,0.015150191501985,0.902188437569361,0.978262943641483,0.978262943641483,"social_isolation_avg"
"11821","GOLT1B","Exc L4-5 RORB IL1RAPL2",0.0228031129585586,5.73351948981939,0.359532884773288,0.549586791478993,0.816643784119922,0.816643784119922,"social_isolation_avg"
"11822","GYS2","Exc L4-5 RORB IL1RAPL2",0.108319951902526,1.51911002079524,1.94582481554033,0.164909042731644,0.468434769182621,0.468434769182621,"social_isolation_avg"
"11823","LDHB","Exc L4-5 RORB IL1RAPL2",-0.0767006371367421,5.83378208882474,5.223178330152,0.0235582733475064,0.16324348485288,0.16324348485288,"social_isolation_avg"
"11824","AC010197.1","Exc L4-5 RORB IL1RAPL2",0.0787123603865766,0.166775140267376,0.522480625378663,0.595418119347511,0.843622636088993,0.843622636088993,"social_isolation_avg"
"11825","KCNJ8","Exc L4-5 RORB IL1RAPL2",-0.0909593225917939,2.69512910212647,3.03358619437341,0.0834178186502591,0.332074173507585,0.332074173507585,"social_isolation_avg"
"11826","ABCC9","Exc L4-5 RORB IL1RAPL2",-0.0590520120675447,4.67050584836106,1.75833248353442,0.18666206550052,0.495765432528823,0.495765432528823,"social_isolation_avg"
"11827","AC008250.1","Exc L4-5 RORB IL1RAPL2",-0.1079751177566,0.0378258093153123,0.732954911254573,0.393166417137484,0.708283516962614,0.708283516962614,"social_isolation_avg"
"11828","CMAS","Exc L4-5 RORB IL1RAPL2",-0.0498582639765582,5.82369406539105,7.32551299946675,0.00751204332100023,0.0840059922466743,0.0840059922466743,"social_isolation_avg"
"11829","ST8SIA1","Exc L4-5 RORB IL1RAPL2",0.0389421027290004,7.99026968092194,5.42911928774963,0.021012254870768,0.152808777017869,0.152808777017869,"social_isolation_avg"
"11830","C2CD5","Exc L4-5 RORB IL1RAPL2",0.0309055892942897,7.79238093201742,3.55566583485327,0.0610968620917996,0.281200128348076,0.281200128348076,"social_isolation_avg"
"11831","AC087241.3","Exc L4-5 RORB IL1RAPL2",-0.0834369875656531,-0.0236253448349265,0.394236549706767,0.530947336802604,0.807944845656799,0.807944845656799,"social_isolation_avg"
"11832","ETNK1","Exc L4-5 RORB IL1RAPL2",-0.0318201764026797,6.67498385956562,3.34954816294276,0.069024638534431,0.300648063008741,0.300648063008741,"social_isolation_avg"
"11833","AC084816.1","Exc L4-5 RORB IL1RAPL2",0.165384698607172,4.41668504316375,9.60229447547577,0.00228443971285677,0.0404718013173811,0.0404718013173811,"social_isolation_avg"
"11834","AC087258.1","Exc L4-5 RORB IL1RAPL2",-0.0250230441983432,0.735865546178701,0.0560889848465644,0.813081043626623,0.950559079342002,0.950559079342002,"social_isolation_avg"
"11835","SOX5","Exc L4-5 RORB IL1RAPL2",0.0890201082873354,7.60820189693148,3.40740448400694,0.0666930729362224,0.294149098607521,0.294149098607521,"social_isolation_avg"
"11836","BCAT1","Exc L4-5 RORB IL1RAPL2",-0.0239041253761078,5.787215403053,1.1169621473204,0.292115656207347,0.623502448383029,0.623502448383029,"social_isolation_avg"
"11837","LRMP","Exc L4-5 RORB IL1RAPL2",-0.0316651317335814,6.45036300341216,1.06866817969358,0.302756536163729,0.634099670218499,0.634099670218499,"social_isolation_avg"
"11838","AC023510.1","Exc L4-5 RORB IL1RAPL2",0.108215984078356,-0.1888878529429,0.594236449589353,0.441886025183616,0.744152237939235,0.744152237939235,"social_isolation_avg"
"11839","CASC1","Exc L4-5 RORB IL1RAPL2",0.0713824979820938,4.37932185338803,3.89124683270884,0.0502062408078234,0.252659546096579,0.252659546096579,"social_isolation_avg"
"11840","ETFRF1","Exc L4-5 RORB IL1RAPL2",-0.0435492243637469,5.20961403671239,2.50044270300794,0.115725872371676,0.392762323073463,0.392762323073463,"social_isolation_avg"
"11841","KRAS","Exc L4-5 RORB IL1RAPL2",-0.0771235586049473,5.90623601682935,12.5446648973274,0.000516497123718106,0.0153899875242052,0.0153899875242052,"social_isolation_avg"
"11842","AC092794.1","Exc L4-5 RORB IL1RAPL2",-0.0716139158591148,1.5889310653962,0.948612915213067,0.331495767765821,0.656660170934583,0.656660170934583,"social_isolation_avg"
"11843","AC087239.1","Exc L4-5 RORB IL1RAPL2",0.0105048402471187,0.441328743706041,0.00973889025253895,0.921507303571087,0.983427396790068,0.983427396790068,"social_isolation_avg"
"11844","LMNTD1","Exc L4-5 RORB IL1RAPL2",0.190289699181579,1.00960778296903,7.10623842287386,0.00844405946646952,0.0891573935072934,0.0891573935072934,"social_isolation_avg"
"11845","AC019209.3","Exc L4-5 RORB IL1RAPL2",-0.00746316890102668,-0.40825533908433,0.00179211656512409,0.966284013856236,0.993646254835144,0.993646254835144,"social_isolation_avg"
"11846","RASSF8-AS1","Exc L4-5 RORB IL1RAPL2",-0.00262105324832767,4.34287622357538,0.00566888167701987,0.940073450314775,0.98787472417403,0.98787472417403,"social_isolation_avg"
"11847","RASSF8","Exc L4-5 RORB IL1RAPL2",0.0509488474472682,3.91252946687723,0.796325327038276,0.373491552376488,0.692007535408896,0.692007535408896,"social_isolation_avg"
"11848","BHLHE41","Exc L4-5 RORB IL1RAPL2",0.0161678466354646,4.63014702494223,0.1410888461191,0.70768252793051,0.903208169374245,0.903208169374245,"social_isolation_avg"
"11849","SSPN","Exc L4-5 RORB IL1RAPL2",-0.0898172886029687,2.07140309441358,1.2486488116022,0.265432208542386,0.59582902097882,0.59582902097882,"social_isolation_avg"
"11850","AC022509.2","Exc L4-5 RORB IL1RAPL2",0.1147083226148,1.11977316192004,0.806863385265496,0.370355763547775,0.688494930446793,0.688494930446793,"social_isolation_avg"
"11851","AC024145.1","Exc L4-5 RORB IL1RAPL2",0.147763428543384,0.129099961612197,1.2814896080084,0.259261776761948,0.588170899985051,0.588170899985051,"social_isolation_avg"
"11852","ITPR2","Exc L4-5 RORB IL1RAPL2",0.115193705766318,5.64674169960512,2.04273782139277,0.154821307602299,0.454001118730672,0.454001118730672,"social_isolation_avg"
"11853","AC023051.1","Exc L4-5 RORB IL1RAPL2",-0.15831285009988,-0.450792426931032,0.810875735650001,0.369171528308331,0.687398935997887,0.687398935997887,"social_isolation_avg"
"11854","INTS13","Exc L4-5 RORB IL1RAPL2",-0.039438848602138,3.12242784477628,1.15964677490625,0.283107940259421,0.614507736823445,0.614507736823445,"social_isolation_avg"
"11855","FGFR1OP2","Exc L4-5 RORB IL1RAPL2",-0.066637799750575,5.96452068911967,7.70474857128396,0.00614283582536954,0.0745533012519673,0.0745533012519673,"social_isolation_avg"
"11856","TM7SF3","Exc L4-5 RORB IL1RAPL2",-0.00645903870303584,6.41315719119542,0.110990890303137,0.73944101835322,0.917921762777934,0.917921762777934,"social_isolation_avg"
"11857","MED21","Exc L4-5 RORB IL1RAPL2",0.00334652940081319,4.79330744947366,0.0120000016602683,0.912903489140168,0.981668613012071,0.981668613012071,"social_isolation_avg"
"11858","AC092747.1","Exc L4-5 RORB IL1RAPL2",0.119483281376115,0.362116627810549,1.05671170733565,0.30546824748861,0.635977631022445,0.635977631022445,"social_isolation_avg"
"11859","STK38L","Exc L4-5 RORB IL1RAPL2",0.0067603517301579,5.88655032090773,0.10598605945889,0.745172794483154,0.920785167671651,0.920785167671651,"social_isolation_avg"
"11860","ARNTL2","Exc L4-5 RORB IL1RAPL2",0.0169526027227574,6.24830049988272,0.626150193330351,0.429904937036747,0.735330981167266,0.735330981167266,"social_isolation_avg"
"11861","ARNTL2-AS1","Exc L4-5 RORB IL1RAPL2",-0.0140676583373338,1.46659539679692,0.0304931003967368,0.861589779684729,0.96502104941399,0.96502104941399,"social_isolation_avg"
"11862","SMCO2","Exc L4-5 RORB IL1RAPL2",-0.0381726036771673,3.31693280214655,0.61437467267539,0.434267117839909,0.739108613234777,0.739108613234777,"social_isolation_avg"
"11863","PPFIBP1","Exc L4-5 RORB IL1RAPL2",0.00240896140973336,7.85022271823175,0.00589392797256782,0.938897832748777,0.987766326490576,0.987766326490576,"social_isolation_avg"
"11864","REP15","Exc L4-5 RORB IL1RAPL2",0.0156978663982616,1.97530893949082,0.0448780493872745,0.832489411214069,0.956377179695288,0.956377179695288,"social_isolation_avg"
"11865","AC009509.4","Exc L4-5 RORB IL1RAPL2",0.085279783953516,0.348290755123342,0.532551532027932,0.466569001182854,0.762410577025718,0.762410577025718,"social_isolation_avg"
"11866","AC009509.2","Exc L4-5 RORB IL1RAPL2",0.260444522645037,-0.183817810763095,2.65772004792219,0.104952385508686,0.374821458325754,0.374821458325754,"social_isolation_avg"
"11867","MRPS35","Exc L4-5 RORB IL1RAPL2",0.0166876662494919,5.25912701097973,0.499847662272547,0.480562555828385,0.773453905990887,0.773453905990887,"social_isolation_avg"
"11868","MANSC4","Exc L4-5 RORB IL1RAPL2",-0.0628008229959789,-0.0727316652533123,0.247969767814788,0.619170125847539,0.856195129077051,0.856195129077051,"social_isolation_avg"
"11869","KLHL42","Exc L4-5 RORB IL1RAPL2",-0.0093851629897329,6.43589970427574,0.15483200621279,0.694466905894349,0.896146969833973,0.896146969833973,"social_isolation_avg"
"11870","PTHLH","Exc L4-5 RORB IL1RAPL2",0.149255694575449,0.292573623735142,0.992174473821577,0.320667396414588,0.647693822887775,0.647693822887775,"social_isolation_avg"
"11871","AC008011.2","Exc L4-5 RORB IL1RAPL2",-0.036549247844125,0.449609221389534,0.0821163034110184,0.774808542990268,0.934601073691117,0.934601073691117,"social_isolation_avg"
"11872","CCDC91","Exc L4-5 RORB IL1RAPL2",0.0342668676322889,7.93343900533239,2.54265422569273,0.112718631038544,0.387790897864172,0.387790897864172,"social_isolation_avg"
"11873","AC022364.1","Exc L4-5 RORB IL1RAPL2",-0.0107522870468128,1.43302152830705,0.0200262334753287,0.88763616396789,0.974102504307964,0.974102504307964,"social_isolation_avg"
"11874","AC012150.1","Exc L4-5 RORB IL1RAPL2",-0.0409766243615882,-0.274842657159997,0.0738571944638714,0.802285741052088,0.945011595334674,0.945011595334674,"social_isolation_avg"
"11875","FAR2","Exc L4-5 RORB IL1RAPL2",0.0185948952238571,6.22935387912688,0.353509378831593,0.552946200160226,0.818426396828305,0.818426396828305,"social_isolation_avg"
"11876","AC009318.1","Exc L4-5 RORB IL1RAPL2",0.0533757359441798,2.8785394443124,0.954652088891367,0.329965741756548,0.655600315003218,0.655600315003218,"social_isolation_avg"
"11877","AC009318.3","Exc L4-5 RORB IL1RAPL2",0.0362612055506833,0.29316399942815,0.104675463382421,0.750990294268468,0.923413527284487,0.923413527284487,"social_isolation_avg"
"11878","AC009318.2","Exc L4-5 RORB IL1RAPL2",-0.10529734602229,0.123542456148637,1.01945894213883,0.352391718505662,0.672660809354938,0.672660809354938,"social_isolation_avg"
"11879","ERGIC2","Exc L4-5 RORB IL1RAPL2",0.0431089838900658,5.34855725141013,5.16276939829104,0.0243648838886031,0.166188885384376,0.166188885384376,"social_isolation_avg"
"11880","OVCH1-AS1","Exc L4-5 RORB IL1RAPL2",0.00195796972170314,2.02540407793674,0.000438213810414605,0.983323905549507,0.998104852196972,0.998104852196972,"social_isolation_avg"
"11881","OVCH1","Exc L4-5 RORB IL1RAPL2",0.0410098493342008,4.39235933601195,0.461730351785428,0.497766837728164,0.784905430115777,0.784905430115777,"social_isolation_avg"
"11882","TMTC1","Exc L4-5 RORB IL1RAPL2",0.0683599097415831,7.43902532716334,2.89319919999932,0.0908345527241219,0.348723037150298,0.348723037150298,"social_isolation_avg"
"11883","IPO8","Exc L4-5 RORB IL1RAPL2",0.0143526793584588,5.08289252536223,0.343782182772978,0.558453984074939,0.822421513987292,0.822421513987292,"social_isolation_avg"
"11884","CAPRIN2","Exc L4-5 RORB IL1RAPL2",0.0252414310044163,6.02400236643206,1.5568472047045,0.213892157166244,0.533098744737118,0.533098744737118,"social_isolation_avg"
"11885","AC010198.1","Exc L4-5 RORB IL1RAPL2",0.042481495986295,2.58626749349116,0.59736109175892,0.440690442686303,0.74326896643667,0.74326896643667,"social_isolation_avg"
"11886","LINC00941","Exc L4-5 RORB IL1RAPL2",-0.126990665517711,0.110379936865492,0.850305739753442,0.357809812162248,0.677757478818891,0.677757478818891,"social_isolation_avg"
"11887","TSPAN11","Exc L4-5 RORB IL1RAPL2",-0.260097234493413,0.0714348035267402,2.32177186194563,0.129485530683329,0.41436439491,0.41436439491,"social_isolation_avg"
"11888","DDX11-AS1","Exc L4-5 RORB IL1RAPL2",-0.0403836111583304,2.48238781074773,0.472362499602959,0.492865479521468,0.781933995378596,0.781933995378596,"social_isolation_avg"
"11889","DDX11","Exc L4-5 RORB IL1RAPL2",-0.158292199119009,3.16890962301458,2.75658605179309,0.0987505306516513,0.363998167912258,0.363998167912258,"social_isolation_avg"
"11890","DENND5B","Exc L4-5 RORB IL1RAPL2",0.0372223216960736,8.30065719462149,10.586358945814,0.00138149064257497,0.0290822627755112,0.0290822627755112,"social_isolation_avg"
"11891","DENND5B-AS1","Exc L4-5 RORB IL1RAPL2",-0.0214690687903059,1.91710318803718,0.108511466812959,0.742262247896581,0.919373133834198,0.919373133834198,"social_isolation_avg"
"11892","ETFBKMT","Exc L4-5 RORB IL1RAPL2",-0.0681765483792773,2.10538174978763,1.63407298889447,0.239175238488082,0.563150682370214,0.563150682370214,"social_isolation_avg"
"11893","AMN1","Exc L4-5 RORB IL1RAPL2",0.00503570610687222,6.42377397485822,0.0550800278026884,0.814738769334605,0.951408520309823,0.951408520309823,"social_isolation_avg"
"11894","AC023157.3","Exc L4-5 RORB IL1RAPL2",-0.0794890207253786,2.36332367542906,1.99448744755023,0.159752353649457,0.460984334817961,0.460984334817961,"social_isolation_avg"
"11895","KIAA1551","Exc L4-5 RORB IL1RAPL2",0.0698116241931027,5.72266221665601,6.20630570152023,0.013716377674559,0.117761408536829,0.117761408536829,"social_isolation_avg"
"11896","AC016957.2","Exc L4-5 RORB IL1RAPL2",0.0796446503892674,0.308081461891519,0.574261398939905,0.449649489020344,0.750380841572934,0.750380841572934,"social_isolation_avg"
"11897","BICD1","Exc L4-5 RORB IL1RAPL2",0.0344922795639905,8.59443931216469,6.00411996700331,0.0153148071305614,0.125878134542725,0.125878134542725,"social_isolation_avg"
"11898","FGD4","Exc L4-5 RORB IL1RAPL2",0.038265071809343,5.36361975517895,0.968058447229448,0.326602817659037,0.653102083378423,0.653102083378423,"social_isolation_avg"
"11899","DNM1L","Exc L4-5 RORB IL1RAPL2",-0.0184081014207662,7.30353450050834,1.81393190202037,0.179880929362604,0.486565698994973,0.486565698994973,"social_isolation_avg"
"11900","YARS2","Exc L4-5 RORB IL1RAPL2",-0.0468658698239036,4.53648669747046,3.27721853029142,0.0720640672349488,0.307723813169141,0.307723813169141,"social_isolation_avg"
"11901","PKP2","Exc L4-5 RORB IL1RAPL2",-0.00930763858371482,1.49149801868994,0.00691575708212317,0.933824120285261,0.986583286147705,0.986583286147705,"social_isolation_avg"
"11902","SYT10","Exc L4-5 RORB IL1RAPL2",-1.12492027855703,-0.898227601625439,11.2932642535589,0.000966125045554494,0.0231686336970045,0.0231686336970045,"social_isolation_avg"
"11903","ALG10","Exc L4-5 RORB IL1RAPL2",-0.0215784364620172,1.61500778878456,0.0959539542273001,0.757130324817803,0.926328023011811,0.926328023011811,"social_isolation_avg"
"11904","AC046130.1","Exc L4-5 RORB IL1RAPL2",-0.273697035991389,0.15652068218674,4.27541502032591,0.0402257585608702,0.222873082790695,0.222873082790695,"social_isolation_avg"
"11905","AC046130.2","Exc L4-5 RORB IL1RAPL2",0.137400800920077,1.23611650265959,2.42191516247944,0.121561126403073,0.40110684583161,0.40110684583161,"social_isolation_avg"
"11906","AC140847.2","Exc L4-5 RORB IL1RAPL2",0.0659860598819024,3.13136059312207,1.80750395876727,0.180650024802737,0.487322372297204,0.487322372297204,"social_isolation_avg"
"11907","ALG10B","Exc L4-5 RORB IL1RAPL2",-0.028869480798497,3.2309676274918,0.464753590956012,0.496364786574133,0.784442827893303,0.784442827893303,"social_isolation_avg"
"11908","AC087897.2","Exc L4-5 RORB IL1RAPL2",0.146285057208994,-0.157978670290255,0.881206337513292,0.34924113614688,0.671078252151497,0.671078252151497,"social_isolation_avg"
"11909","CPNE8","Exc L4-5 RORB IL1RAPL2",0.0188453091542586,7.61674760211545,0.438672715286281,0.508686157016649,0.792560175964429,0.792560175964429,"social_isolation_avg"
"11910","AC067735.1","Exc L4-5 RORB IL1RAPL2",0.0250565022168989,0.0167336745351015,0.0479474355953862,0.826944310018709,0.954161930646283,0.954161930646283,"social_isolation_avg"
"11911","KIF21A","Exc L4-5 RORB IL1RAPL2",-0.0246354641199581,7.8357740295691,3.17426098521514,0.0766431337463795,0.317809496737946,0.317809496737946,"social_isolation_avg"
"11912","ABCD2","Exc L4-5 RORB IL1RAPL2",0.0414793912873878,5.19094355172928,1.88702794859237,0.171397629292605,0.476350731427875,0.476350731427875,"social_isolation_avg"
"11913","C12orf40","Exc L4-5 RORB IL1RAPL2",-0.0128632818436874,3.7830113370371,0.0857131182983374,0.7700666556239,0.931791979987198,0.931791979987198,"social_isolation_avg"
"11914","SLC2A13","Exc L4-5 RORB IL1RAPL2",0.00911916648925806,8.56935197983978,0.259033202720351,0.611463823849305,0.852117185969555,0.852117185969555,"social_isolation_avg"
"11915","LINC02471","Exc L4-5 RORB IL1RAPL2",0.159902260311224,1.43522299777462,4.25264837268448,0.0407541231943579,0.224813051008876,0.224813051008876,"social_isolation_avg"
"11916","AC079630.1","Exc L4-5 RORB IL1RAPL2",-0.0288178048408221,1.81163916355442,0.22161291981758,0.638434312348906,0.86720544732868,0.86720544732868,"social_isolation_avg"
"11917","LRRK2","Exc L4-5 RORB IL1RAPL2",0.0653632545907438,6.16848327089914,4.91873342712354,0.0279302591037392,0.17993477443032,0.17993477443032,"social_isolation_avg"
"11918","CNTN1","Exc L4-5 RORB IL1RAPL2",0.0154087692837103,9.79268663219269,1.25498578813164,0.26422738667116,0.594661843568121,0.594661843568121,"social_isolation_avg"
"11919","PDZRN4","Exc L4-5 RORB IL1RAPL2",-0.160698208531943,7.52213423308955,5.00712519805158,0.0265794315684519,0.174681981488947,0.174681981488947,"social_isolation_avg"
"11920","AC090531.1","Exc L4-5 RORB IL1RAPL2",-0.148508046965595,1.30169777964798,2.15602698430099,0.14391184559261,0.438307800087469,0.438307800087469,"social_isolation_avg"
"11921","AC090630.1","Exc L4-5 RORB IL1RAPL2",-0.080117680080632,2.39941764696928,0.60402927167442,0.43815563240652,0.741465815517486,0.741465815517486,"social_isolation_avg"
"11922","GXYLT1","Exc L4-5 RORB IL1RAPL2",-0.0273797031902688,4.48427671876067,0.747699445648778,0.388458703509016,0.704002704282991,0.704002704282991,"social_isolation_avg"
"11923","YAF2","Exc L4-5 RORB IL1RAPL2",-0.00152245130132578,6.70699722689022,0.00760904546969995,0.930594400003442,0.985160669303706,0.985160669303706,"social_isolation_avg"
"11924","PPHLN1","Exc L4-5 RORB IL1RAPL2",0.0171948532084901,7.28631740483412,1.34192150922684,0.248366292973669,0.574523975738603,0.574523975738603,"social_isolation_avg"
"11925","ZCRB1","Exc L4-5 RORB IL1RAPL2",-0.00331917798062173,4.33762604024256,0.0113508461305149,0.915282834186153,0.982042612874122,0.982042612874122,"social_isolation_avg"
"11926","PRICKLE1","Exc L4-5 RORB IL1RAPL2",0.00164979358524829,8.1561611852937,0.00602979552913649,0.938198984772556,0.987739983912839,0.987739983912839,"social_isolation_avg"
"11927","LINC02451","Exc L4-5 RORB IL1RAPL2",-0.142150228705133,-0.536898736454986,0.743261863963467,0.38986698659603,0.704766415103517,0.704766415103517,"social_isolation_avg"
"11928","LINC02450","Exc L4-5 RORB IL1RAPL2",0.020547463958667,0.572737263497854,0.0147304301206724,0.903546197506671,0.978393297244221,0.978393297244221,"social_isolation_avg"
"11929","ADAMTS20","Exc L4-5 RORB IL1RAPL2",0.148655614656166,0.672197347679859,1.38563145769791,0.240836419477186,0.565260428265153,0.565260428265153,"social_isolation_avg"
"11930","PUS7L","Exc L4-5 RORB IL1RAPL2",-0.0188865218467621,5.94278782271075,0.704724884259113,0.402413082294159,0.714658901219765,0.714658901219765,"social_isolation_avg"
"11931","IRAK4","Exc L4-5 RORB IL1RAPL2",-0.0388409690869767,2.09920887089115,0.461666670823908,0.539890361975282,0.812217980355754,0.812217980355754,"social_isolation_avg"
"11932","TWF1","Exc L4-5 RORB IL1RAPL2",0.034089934210983,3.60343258657339,0.974559936128057,0.324988398104623,0.652229924187665,0.652229924187665,"social_isolation_avg"
"11933","TMEM117","Exc L4-5 RORB IL1RAPL2",0.0234885942809173,8.62521779270284,2.02597113550465,0.156514772640666,0.455963030163992,0.455963030163992,"social_isolation_avg"
"11934","AC025253.1","Exc L4-5 RORB IL1RAPL2",-0.0371483027329731,1.03926684909669,0.237194933119264,0.626884665199192,0.861266461080984,0.861266461080984,"social_isolation_avg"
"11935","NELL2","Exc L4-5 RORB IL1RAPL2",0.000520460389770656,9.56977341601864,0.00110540440341601,0.973517234719869,0.99572295699374,0.99572295699374,"social_isolation_avg"
"11936","DBX2","Exc L4-5 RORB IL1RAPL2",-0.0375960885779358,1.55663751335505,0.255529706934142,0.613881462267801,0.853623219487694,0.853623219487694,"social_isolation_avg"
"11937","AC008127.1","Exc L4-5 RORB IL1RAPL2",0.0482990306411905,6.35368184611138,1.78883384076372,0.182905725739114,0.489455172604964,0.489455172604964,"social_isolation_avg"
"11938","ANO6","Exc L4-5 RORB IL1RAPL2",-0.0026362647464633,5.76810604864936,0.0135445167767245,0.907491936970301,0.979320338732308,0.979320338732308,"social_isolation_avg"
"11939","AC079950.1","Exc L4-5 RORB IL1RAPL2",0.060763707863153,2.95302684942704,0.705138663845974,0.402275273745475,0.714658901219765,0.714658901219765,"social_isolation_avg"
"11940","AC008124.1","Exc L4-5 RORB IL1RAPL2",-0.00874096691140819,3.84695618985062,0.0786965737263346,0.77942240001691,0.936318841604764,0.936318841604764,"social_isolation_avg"
"11941","ARID2","Exc L4-5 RORB IL1RAPL2",-0.00529879018889043,6.05721474202499,0.0896435698864821,0.875667511259412,0.970500479269633,0.970500479269633,"social_isolation_avg"
"11942","SCAF11","Exc L4-5 RORB IL1RAPL2",0.0170864187535138,6.59092273726118,1.10229773108296,0.295294969143659,0.626346934891986,0.626346934891986,"social_isolation_avg"
"11943","SLC38A1","Exc L4-5 RORB IL1RAPL2",0.0276622711736328,7.16873246225372,2.3887548525628,0.124123311457904,0.405869027842145,0.405869027842145,"social_isolation_avg"
"11944","SLC38A2","Exc L4-5 RORB IL1RAPL2",-0.0556691076123576,5.81087398349754,4.04274464627744,0.0459872978876553,0.240865377559066,0.240865377559066,"social_isolation_avg"
"11945","AC008014.1","Exc L4-5 RORB IL1RAPL2",0.0882303632011731,6.12063880851007,3.43482217301823,0.0656179551689664,0.291854675321094,0.291854675321094,"social_isolation_avg"
"11946","AC025031.1","Exc L4-5 RORB IL1RAPL2",-0.0583888671464005,-0.137430550257431,0.190414663854049,0.861918834459916,0.965182754359208,0.965182754359208,"social_isolation_avg"
"11947","SLC38A4","Exc L4-5 RORB IL1RAPL2",-0.45168137256836,-0.928201339294122,5.09102627454576,0.0253605915397731,0.169917759392368,0.169917759392368,"social_isolation_avg"
"11948","AMIGO2","Exc L4-5 RORB IL1RAPL2",-0.171746000205282,2.36613380592068,6.32834312970184,0.0128364477127061,0.113898511123845,0.113898511123845,"social_isolation_avg"
"11949","PCED1B","Exc L4-5 RORB IL1RAPL2",-0.0658362329925179,5.63237931698592,1.46069966940471,0.22854490245577,0.550358197828826,0.550358197828826,"social_isolation_avg"
"11950","AC008083.1","Exc L4-5 RORB IL1RAPL2",-0.0233430035911015,0.275530627847047,0.027449162287005,0.86861291034209,0.967441402840039,0.967441402840039,"social_isolation_avg"
"11951","AC008083.2","Exc L4-5 RORB IL1RAPL2",0.025049401507601,1.39808278818414,0.0615019768359714,0.804445370260352,0.945809410967261,0.945809410967261,"social_isolation_avg"
"11952","LINC02416","Exc L4-5 RORB IL1RAPL2",-0.120660320418695,-0.0250564678010059,0.375007697604916,0.541128714000701,0.812594952191052,0.812594952191052,"social_isolation_avg"
"11953","RPAP3","Exc L4-5 RORB IL1RAPL2",-0.00197110183769517,4.59897672123722,0.00431659945633744,0.947695403131974,0.988740948001749,0.988740948001749,"social_isolation_avg"
"11954","AC004241.1","Exc L4-5 RORB IL1RAPL2",-0.0630277223007754,0.936119327138628,0.422387857199188,0.516650130795086,0.798813830652655,0.798813830652655,"social_isolation_avg"
"11955","ENDOU","Exc L4-5 RORB IL1RAPL2",-0.121905428684633,-0.668511653857242,0.382475168591432,0.537132794970032,0.810815358762785,0.810815358762785,"social_isolation_avg"
"11956","RAPGEF3","Exc L4-5 RORB IL1RAPL2",0.0576670952115191,2.5991026310485,0.925166967011114,0.337526875540215,0.661328901129111,0.661328901129111,"social_isolation_avg"
"11957","SLC48A1","Exc L4-5 RORB IL1RAPL2",-0.02685736019897,4.30163273267465,1.02115654219788,0.313721752246927,0.642373438801511,0.642373438801511,"social_isolation_avg"
"11958","HDAC7","Exc L4-5 RORB IL1RAPL2",-0.0140917439055274,5.23301618826905,0.322757882708104,0.5707258778375,0.829944468108913,0.829944468108913,"social_isolation_avg"
"11959","AC004466.1","Exc L4-5 RORB IL1RAPL2",-0.0162604415882891,0.720769454281559,0.0286175410722413,0.934145352439336,0.986711562189732,0.986711562189732,"social_isolation_avg"
"11960","VDR","Exc L4-5 RORB IL1RAPL2",0.122296793049526,-0.0142821316656124,0.886624848452889,0.347767663142557,0.670245940088287,0.670245940088287,"social_isolation_avg"
"11961","TMEM106C","Exc L4-5 RORB IL1RAPL2",-0.0566582712365365,4.42339069748367,3.55276458462422,0.0612013917242783,0.281283845716748,0.281283845716748,"social_isolation_avg"
"11962","SENP1","Exc L4-5 RORB IL1RAPL2",0.0238299103016318,4.37652642020528,0.728012666653869,0.394762820483725,0.709672905118533,0.709672905118533,"social_isolation_avg"
"11963","PFKM","Exc L4-5 RORB IL1RAPL2",-0.0388127212289198,4.88669655153236,2.24979879949699,0.135539343766836,0.424031071992776,0.424031071992776,"social_isolation_avg"
"11964","ASB8","Exc L4-5 RORB IL1RAPL2",-0.0344834486984731,4.97839889687715,1.91291688331846,0.168504951149891,0.472327359264933,0.472327359264933,"social_isolation_avg"
"11965","CCDC184","Exc L4-5 RORB IL1RAPL2",-0.16894121420894,4.14040315802657,12.3400129409292,0.000571869698657453,0.0162957026630989,0.0162957026630989,"social_isolation_avg"
"11966","AC024257.3","Exc L4-5 RORB IL1RAPL2",0.0895712133525537,0.103914316703133,0.460223755856076,0.498468043136382,0.78504360281201,0.78504360281201,"social_isolation_avg"
"11967","AC024257.1","Exc L4-5 RORB IL1RAPL2",0.214744349557033,0.274571023826651,2.64239206289457,0.10595185865932,0.376826149942293,0.376826149942293,"social_isolation_avg"
"11968","AC024257.5","Exc L4-5 RORB IL1RAPL2",-0.0372900150025496,0.190656791565255,0.079091894689075,0.778883572698236,0.936222594947799,0.936222594947799,"social_isolation_avg"
"11969","ZNF641","Exc L4-5 RORB IL1RAPL2",-0.049765571139975,4.70350692735488,1.59005741222153,0.209094786540471,0.527181961164699,0.527181961164699,"social_isolation_avg"
"11970","AC090115.1","Exc L4-5 RORB IL1RAPL2",0.0806311665938468,5.42009433975842,5.11303886528642,0.0250506236231575,0.168617164558436,0.168617164558436,"social_isolation_avg"
"11971","C12orf54","Exc L4-5 RORB IL1RAPL2",0.0646966511179121,0.886724351740748,0.584932241830378,0.445476011469994,0.746642892463792,0.746642892463792,"social_isolation_avg"
"11972","KANSL2","Exc L4-5 RORB IL1RAPL2",0.0651340780452654,3.56178205735038,2.23316085587052,0.136983796011667,0.427051101256169,0.427051101256169,"social_isolation_avg"
"11973","CCNT1","Exc L4-5 RORB IL1RAPL2",-0.0164884285491719,4.61923864139528,0.5231795268197,0.857018306836153,0.96378266767589,0.96378266767589,"social_isolation_avg"
"11974","TEX49","Exc L4-5 RORB IL1RAPL2",0.191691771718399,-0.246258146244764,1.94444380210622,0.1650581577223,0.468647269247245,0.468647269247245,"social_isolation_avg"
"11975","ADCY6","Exc L4-5 RORB IL1RAPL2",0.0136672000882733,4.7642604731715,0.202489435095497,0.653308475902728,0.875079301344669,0.875079301344669,"social_isolation_avg"
"11976","CACNB3","Exc L4-5 RORB IL1RAPL2",-0.0112784983102606,4.99231934640379,0.179980408100514,0.671941693796777,0.884529505535146,0.884529505535146,"social_isolation_avg"
"11977","DDX23","Exc L4-5 RORB IL1RAPL2",0.0036333837603536,3.82965358195363,0.0149452468973555,0.902848932874312,0.978262943641483,0.978262943641483,"social_isolation_avg"
"11978","RND1","Exc L4-5 RORB IL1RAPL2",-0.0745803327606692,3.85358908707035,2.65975496782207,0.104820482611108,0.374821458325754,0.374821458325754,"social_isolation_avg"
"11979","AC073610.3","Exc L4-5 RORB IL1RAPL2",0.133209673211451,4.52533825669477,9.09561094996647,0.00296715061565146,0.0476087150426694,0.0476087150426694,"social_isolation_avg"
"11980","CCDC65","Exc L4-5 RORB IL1RAPL2",0.0376451361385051,3.97812607572802,0.755172526926497,0.386103535889591,0.702394667799566,0.702394667799566,"social_isolation_avg"
"11981","WNT10B","Exc L4-5 RORB IL1RAPL2",-0.0319333051340911,2.90593715209206,0.505795613361202,0.477966965198077,0.771112973099661,0.771112973099661,"social_isolation_avg"
"11982","DDN","Exc L4-5 RORB IL1RAPL2",-0.0807974014299153,3.70791404994355,3.57100196850932,0.0605474914535368,0.280257352379317,0.280257352379317,"social_isolation_avg"
"11983","DDN-AS1","Exc L4-5 RORB IL1RAPL2",-0.06044206913184,2.80008536433546,1.54838508988635,0.215135521340889,0.534196745313774,0.534196745313774,"social_isolation_avg"
"11984","PRKAG1","Exc L4-5 RORB IL1RAPL2",0.00503528696856175,4.70723114974509,0.0316096232797938,0.859104841549087,0.964243395716678,0.964243395716678,"social_isolation_avg"
"11985","KMT2D","Exc L4-5 RORB IL1RAPL2",-0.0148883304608022,4.77811213631934,0.43337206906991,0.511254789262426,0.79499111338218,0.79499111338218,"social_isolation_avg"
"11986","RHEBL1","Exc L4-5 RORB IL1RAPL2",0.0186400967992077,3.21388220115008,0.156104656928091,0.69327787070878,0.895515469120755,0.895515469120755,"social_isolation_avg"
"11987","LMBR1L","Exc L4-5 RORB IL1RAPL2",0.00664041269153567,4.88987033393144,0.0564579428521121,0.812478778814932,0.950480178324379,0.950480178324379,"social_isolation_avg"
"11988","AC011603.2","Exc L4-5 RORB IL1RAPL2",0.0795943852437445,4.51094772864334,5.20643098788754,0.0237790494011287,0.164026027604359,0.164026027604359,"social_isolation_avg"
"11989","TUBA1B","Exc L4-5 RORB IL1RAPL2",-0.0329178737286836,9.17217170972474,0.727021472146277,0.395084116432937,0.709774926322833,0.709774926322833,"social_isolation_avg"
"11990","TUBA1A","Exc L4-5 RORB IL1RAPL2",-0.12708248053097,6.51796405413414,12.7967447751029,0.000455739256492854,0.0143428941221591,0.0143428941221591,"social_isolation_avg"
"11991","TUBA1C","Exc L4-5 RORB IL1RAPL2",0.0113408694180353,3.84688757779975,0.0591404595870621,0.808161197775879,0.947813750044431,0.947813750044431,"social_isolation_avg"
"11992","AC010173.1","Exc L4-5 RORB IL1RAPL2",-0.00464247404982091,0.386635341889151,0.00179270344723104,0.96627849697225,0.993646254835144,0.993646254835144,"social_isolation_avg"
"11993","SPATS2","Exc L4-5 RORB IL1RAPL2",0.00853928754445548,7.35984501870861,0.318309586136787,0.573390018001768,0.831616988731125,0.831616988731125,"social_isolation_avg"
"11994","KCNH3","Exc L4-5 RORB IL1RAPL2",0.0219980449427233,6.03370943740082,0.761664792656908,0.384074027707243,0.70127095925968,0.70127095925968,"social_isolation_avg"
"11995","MCRS1","Exc L4-5 RORB IL1RAPL2",-0.0550182228468323,4.55219886558623,3.71871861796577,0.055519354929621,0.267123568155507,0.267123568155507,"social_isolation_avg"
"11996","PRPF40B","Exc L4-5 RORB IL1RAPL2",-0.021925848235667,6.29590425686441,1.92277052905049,0.167418818580995,0.471037750786443,0.471037750786443,"social_isolation_avg"
"11997","FAM186B","Exc L4-5 RORB IL1RAPL2",0.153601351020955,-0.401097901502448,1.04010923260335,0.309286406370317,0.639076071599346,0.639076071599346,"social_isolation_avg"
"11998","FMNL3","Exc L4-5 RORB IL1RAPL2",0.0120701698277286,4.89813152436881,0.0860728882900243,0.76959833839675,0.931642364734799,0.931642364734799,"social_isolation_avg"
"11999","TMBIM6","Exc L4-5 RORB IL1RAPL2",0.00274279247180204,6.83276274642413,0.0333331499752135,0.855356260654806,0.962871907892362,0.962871907892362,"social_isolation_avg"
"12000","NCKAP5L","Exc L4-5 RORB IL1RAPL2",0.0162581097273299,4.05645282370789,0.303426015299331,0.582486268830076,0.837797240025379,0.837797240025379,"social_isolation_avg"
"12001","BCDIN3D-AS1","Exc L4-5 RORB IL1RAPL2",0.0283793900237477,1.33861274348178,0.207698201318195,0.649175673107189,0.872437879882174,0.872437879882174,"social_isolation_avg"
"12002","BCDIN3D","Exc L4-5 RORB IL1RAPL2",-0.022703443146852,2.388481417646,0.206733532847384,0.649936314458765,0.872902115692383,0.872902115692383,"social_isolation_avg"
"12003","FAIM2","Exc L4-5 RORB IL1RAPL2",-0.0484190657335241,8.12402563460995,2.84645089902685,0.0934620794034746,0.353820729170297,0.353820729170297,"social_isolation_avg"
"12004","LINC02395","Exc L4-5 RORB IL1RAPL2",0.101291922409474,-0.156416324890671,0.52788543631659,0.468524845698014,0.763957135940377,0.763957135940377,"social_isolation_avg"
"12005","RACGAP1","Exc L4-5 RORB IL1RAPL2",0.0416344764278554,3.51775052209434,1.15109334061126,0.28488421304459,0.616056233216607,0.616056233216607,"social_isolation_avg"
"12006","ASIC1","Exc L4-5 RORB IL1RAPL2",-0.0495050508502791,3.75675671076573,2.49497489474749,0.116121900106805,0.393330195474553,0.393330195474553,"social_isolation_avg"
"12007","SMARCD1","Exc L4-5 RORB IL1RAPL2",-0.0373068913938185,4.24699713316953,2.06467509566166,0.152637158986029,0.450975591064124,0.450975591064124,"social_isolation_avg"
"12008","GPD1","Exc L4-5 RORB IL1RAPL2",-0.165537922523138,0.451851490788815,2.29640152472104,0.131584045762149,0.417315073728733,0.417315073728733,"social_isolation_avg"
"12009","AC074032.1","Exc L4-5 RORB IL1RAPL2",0.072114182581888,5.35388865929344,5.99595784517476,0.01538326679892,0.126005826867073,0.126005826867073,"social_isolation_avg"
"12010","CERS5","Exc L4-5 RORB IL1RAPL2",0.0894134287904184,5.96196246931827,9.85924908620841,0.002002080331897,0.0374941705014128,0.0374941705014128,"social_isolation_avg"
"12011","LIMA1","Exc L4-5 RORB IL1RAPL2",0.101161329369372,4.7215599579623,6.95490868106329,0.00915637865734253,0.0939012686046493,0.0939012686046493,"social_isolation_avg"
"12012","FAM186A","Exc L4-5 RORB IL1RAPL2",0.0864752802889069,1.05416576884133,1.42808782593336,0.293627637995169,0.624519844706228,0.624519844706228,"social_isolation_avg"
"12013","LARP4","Exc L4-5 RORB IL1RAPL2",0.0412137870060614,5.83904408880042,4.28786583965499,0.0399398776323809,0.222195122025775,0.222195122025775,"social_isolation_avg"
"12014","DIP2B","Exc L4-5 RORB IL1RAPL2",0.0180934383745479,7.08003128921688,0.830470479562056,0.363463579772987,0.682892291774962,0.682892291774962,"social_isolation_avg"
"12015","ATF1","Exc L4-5 RORB IL1RAPL2",0.0416748986333088,5.4038906376003,4.05306040842585,0.0457140945592069,0.239994851700246,0.239994851700246,"social_isolation_avg"
"12016","TMPRSS12","Exc L4-5 RORB IL1RAPL2",-0.0632139268579404,0.0201204636061856,0.265141498357231,0.607297542577748,0.850010374542533,0.850010374542533,"social_isolation_avg"
"12017","METTL7A","Exc L4-5 RORB IL1RAPL2",-0.214175915531102,0.191419931937826,0.786043982810452,0.376587100773673,0.695027880189739,0.695027880189739,"social_isolation_avg"
"12018","HIGD1C","Exc L4-5 RORB IL1RAPL2",-0.0246154338564636,1.05519648721606,0.0624340633587891,0.802999618276381,0.94516269283512,0.94516269283512,"social_isolation_avg"
"12019","SLC11A2","Exc L4-5 RORB IL1RAPL2",0.0516117350469925,5.64346845524965,9.07638734932572,0.00299684001055361,0.0478508099912953,0.0478508099912953,"social_isolation_avg"
"12020","LETMD1","Exc L4-5 RORB IL1RAPL2",-0.0567164264670272,5.09891926466186,5.96399816798364,0.0156544086094452,0.127363914178398,0.127363914178398,"social_isolation_avg"
"12021","CSRNP2","Exc L4-5 RORB IL1RAPL2",0.0278595875482016,5.29278293281754,1.2167809426673,0.271596671635231,0.600849503773878,0.600849503773878,"social_isolation_avg"
"12022","TFCP2","Exc L4-5 RORB IL1RAPL2",0.0510049905696544,6.55775959354268,8.1760219573699,0.00479217957531765,0.0638630359984734,0.0638630359984734,"social_isolation_avg"
"12023","POU6F1","Exc L4-5 RORB IL1RAPL2",0.00268215533041612,5.06724077083681,0.0125323690363419,0.911000413279381,0.981152619857221,0.981152619857221,"social_isolation_avg"
"12024","DAZAP2","Exc L4-5 RORB IL1RAPL2",-0.0159424827822198,4.80525450068228,0.367558905530479,0.54516957131361,0.814592347152008,0.814592347152008,"social_isolation_avg"
"12025","SMAGP","Exc L4-5 RORB IL1RAPL2",0.0623654513314199,0.232860616111012,0.296639011249614,0.593874535920534,0.843089742958615,0.843089742958615,"social_isolation_avg"
"12026","BIN2","Exc L4-5 RORB IL1RAPL2",0.04280006838426,-0.0301019654360298,0.111437211610516,0.738936898846852,0.917657197629383,0.917657197629383,"social_isolation_avg"
"12027","SLC4A8","Exc L4-5 RORB IL1RAPL2",0.0167434100385521,6.25430348874375,0.314871288702055,0.575466141968604,0.833019269542342,0.833019269542342,"social_isolation_avg"
"12028","SCN8A","Exc L4-5 RORB IL1RAPL2",0.027586012470352,8.44317696331492,5.53969802706786,0.0197655700548634,0.147376566198585,0.147376566198585,"social_isolation_avg"
"12029","AC068987.3","Exc L4-5 RORB IL1RAPL2",-0.0182577607382011,1.22871544801017,0.0452758307540737,0.831759827158175,0.956061459793441,0.956061459793441,"social_isolation_avg"
"12030","FIGNL2","Exc L4-5 RORB IL1RAPL2",0.0596488901240387,1.61540873980551,0.829621121794404,0.46230667825019,0.759708822020382,0.759708822020382,"social_isolation_avg"
"12031","AC068987.1","Exc L4-5 RORB IL1RAPL2",0.134962813420477,-0.356297403963606,0.762031379427259,0.408878895306263,0.719453953209913,0.719453953209913,"social_isolation_avg"
"12032","ACVR1B","Exc L4-5 RORB IL1RAPL2",0.00446148161436769,6.46712887219631,0.0479634333571982,0.826915903456754,0.954161930646283,0.954161930646283,"social_isolation_avg"
"12033","GRASP","Exc L4-5 RORB IL1RAPL2",-0.103700199678727,3.98637831113304,5.15119741361595,0.0245226746469429,0.16642703830904,0.16642703830904,"social_isolation_avg"
"12034","NR4A1","Exc L4-5 RORB IL1RAPL2",-0.0147571073976463,4.1037207926665,0.0799518107363578,0.777716495794864,0.935858673440101,0.935858673440101,"social_isolation_avg"
"12035","ATG101","Exc L4-5 RORB IL1RAPL2",-0.141260156099427,2.90970541999026,10.3028949003803,0.00159585654551116,0.0323569838496913,0.0323569838496913,"social_isolation_avg"
"12036","AC078864.2","Exc L4-5 RORB IL1RAPL2",0.443796165480899,0.048742476051639,5.90764940885389,0.0161446517058072,0.130032167923573,0.130032167923573,"social_isolation_avg"
"12037","KRT86","Exc L4-5 RORB IL1RAPL2",0.0507854778650594,0.136868101548524,0.210498693278698,0.646979513007062,0.87158815655614,0.87158815655614,"social_isolation_avg"
"12038","KRT81","Exc L4-5 RORB IL1RAPL2",0.130675573513199,-0.205310498737249,0.608597573945347,0.436431989904296,0.740271598474153,0.740271598474153,"social_isolation_avg"
"12039","AC121757.1","Exc L4-5 RORB IL1RAPL2",-0.13230630564485,0.678546988912949,1.46484579354641,0.227888523908228,0.549563951168441,0.549563951168441,"social_isolation_avg"
"12040","KRT5","Exc L4-5 RORB IL1RAPL2",-0.363105519213791,-0.645047678516488,2.74406201058294,0.099513334328418,0.364972242455514,0.364972242455514,"social_isolation_avg"
"12041","KRT8","Exc L4-5 RORB IL1RAPL2",0.036239136387039,0.168513117362272,0.106787502532663,0.956448427800684,0.990582993180619,0.990582993180619,"social_isolation_avg"
"12042","EIF4B","Exc L4-5 RORB IL1RAPL2",-0.076919201216588,5.52784061319895,11.5490587197052,0.000849456050873948,0.0213163898389734,0.0213163898389734,"social_isolation_avg"
"12043","AC068888.1","Exc L4-5 RORB IL1RAPL2",0.0593512439468787,3.29377602734016,1.92028420831905,0.167692112325329,0.471281830729403,0.471281830729403,"social_isolation_avg"
"12044","TNS2","Exc L4-5 RORB IL1RAPL2",0.0554844872235687,2.64128553799186,0.727444925229655,0.394946807713469,0.709774926322833,0.709774926322833,"social_isolation_avg"
"12045","SPRYD3","Exc L4-5 RORB IL1RAPL2",-0.0599846202068416,5.57545323599176,3.97575312129464,0.0478043367572738,0.245789634724015,0.245789634724015,"social_isolation_avg"
"12046","IGFBP6","Exc L4-5 RORB IL1RAPL2",-0.162744203541852,1.94997650120799,6.73780684840033,0.0102886355772079,0.100521080831855,0.100521080831855,"social_isolation_avg"
"12047","CSAD","Exc L4-5 RORB IL1RAPL2",-0.0157932348432211,6.46378360957728,0.36255690747963,0.547914658889318,0.815910290096978,0.815910290096978,"social_isolation_avg"
"12048","ZNF740","Exc L4-5 RORB IL1RAPL2",-0.015052020623855,3.28497680835567,0.173922144527871,0.776130676924032,0.935122805532324,0.935122805532324,"social_isolation_avg"
"12049","RARG","Exc L4-5 RORB IL1RAPL2",0.019617984846031,2.96091979607943,0.181642290865192,0.6705201395313,0.884110691644804,0.884110691644804,"social_isolation_avg"
"12050","MFSD5","Exc L4-5 RORB IL1RAPL2",-0.155382504727114,2.00206247004801,7.43195153830604,0.00709861209936892,0.0811615304440761,0.0811615304440761,"social_isolation_avg"
"12051","ESPL1","Exc L4-5 RORB IL1RAPL2",0.0806652665762793,-0.0283687449483401,0.444349518188655,0.627891621031012,0.861768269369489,0.861768269369489,"social_isolation_avg"
"12052","PFDN5","Exc L4-5 RORB IL1RAPL2",-0.0287975673257255,4.77868998662726,0.810980186588428,0.369140770774648,0.687398935997887,0.687398935997887,"social_isolation_avg"
"12053","C12orf10","Exc L4-5 RORB IL1RAPL2",-0.0658567170661268,3.49101875232474,3.03275781062363,0.0834595933124717,0.332100728720353,0.332100728720353,"social_isolation_avg"
"12054","AAAS","Exc L4-5 RORB IL1RAPL2",0.0260756384107189,3.52646749694581,0.420601586012404,0.517536964019213,0.799212725552321,0.799212725552321,"social_isolation_avg"
"12055","SP1","Exc L4-5 RORB IL1RAPL2",0.0464946885222461,3.93399252407037,2.56745877595572,0.110992075345654,0.384967156759105,0.384967156759105,"social_isolation_avg"
"12056","PRR13","Exc L4-5 RORB IL1RAPL2",-0.0863939581413045,3.52582830555798,3.88224577326285,0.0504695592022893,0.253250772027559,0.253250772027559,"social_isolation_avg"
"12057","PCBP2","Exc L4-5 RORB IL1RAPL2",0.0208082723329714,6.23433369532928,0.973390030939237,0.325278118439028,0.652245366573213,0.652245366573213,"social_isolation_avg"
"12058","MAP3K12","Exc L4-5 RORB IL1RAPL2",-0.0322239143668919,4.35666771361841,1.24995965234242,0.265182420788534,0.595621626749745,0.595621626749745,"social_isolation_avg"
"12059","AC023509.4","Exc L4-5 RORB IL1RAPL2",0.0441315924619838,1.17068929682546,0.283961322626843,0.59483217418788,0.843296700385411,0.843296700385411,"social_isolation_avg"
"12060","TARBP2","Exc L4-5 RORB IL1RAPL2",-0.0876535211390053,1.65408250212772,1.98802228343997,0.195132327420373,0.508273508689548,0.508273508689548,"social_isolation_avg"
"12061","ATP5MC2","Exc L4-5 RORB IL1RAPL2",-0.0640929350923829,5.43403468328565,4.14010024787574,0.0434764880865612,0.23257524203727,0.23257524203727,"social_isolation_avg"
"12062","CALCOCO1","Exc L4-5 RORB IL1RAPL2",-0.0114823374583503,5.85099747589662,0.273340490829614,0.601799760683971,0.847410379690512,0.847410379690512,"social_isolation_avg"
"12063","CISTR","Exc L4-5 RORB IL1RAPL2",-0.177420269104411,-0.497835291809389,1.0769712034534,0.300891806161797,0.631802670556803,0.631802670556803,"social_isolation_avg"
"12064","AC023794.1","Exc L4-5 RORB IL1RAPL2",0.128453350061127,2.51405150020058,4.00201248965985,0.0470831459123828,0.244004438183565,0.244004438183565,"social_isolation_avg"
"12065","SMUG1","Exc L4-5 RORB IL1RAPL2",0.0259987958307121,3.5088680779804,0.329321151467607,0.566839111276261,0.827595395006403,0.827595395006403,"social_isolation_avg"
"12066","CBX5","Exc L4-5 RORB IL1RAPL2",-0.0546699749493363,6.18232403636859,7.48438880679492,0.00690364482952883,0.0800173974707354,0.0800173974707354,"social_isolation_avg"
"12067","AC078778.1","Exc L4-5 RORB IL1RAPL2",0.0416224900713584,0.970456692595114,0.230440097834092,0.894991722429447,0.975862293556594,0.975862293556594,"social_isolation_avg"
"12068","HNRNPA1","Exc L4-5 RORB IL1RAPL2",-0.0573651003192955,4.69424856505958,2.82289380938015,0.094817622771259,0.356385427186133,0.356385427186133,"social_isolation_avg"
"12069","COPZ1","Exc L4-5 RORB IL1RAPL2",-0.0395730721746982,4.59166416651524,2.11225625672647,0.148019608062092,0.444481670233746,0.444481670233746,"social_isolation_avg"
"12070","AC079313.2","Exc L4-5 RORB IL1RAPL2",0.226613953313921,0.940573654148808,4.46257073555138,0.0361476645901186,0.209085307582031,0.209085307582031,"social_isolation_avg"
"12071","ZNF385A","Exc L4-5 RORB IL1RAPL2",0.00862365270951683,3.53734305835674,0.0595857940614081,0.986041980498739,0.998305401080937,0.998305401080937,"social_isolation_avg"
"12072","ITGA5","Exc L4-5 RORB IL1RAPL2",-0.18660013412843,1.14236716277023,4.98804846670907,0.0268650466415555,0.175765403701546,0.175765403701546,"social_isolation_avg"
"12073","NCKAP1L","Exc L4-5 RORB IL1RAPL2",0.256763528533573,0.402248524541395,3.00331924748413,0.0849590657432573,0.335314613404,0.335314613404,"social_isolation_avg"
"12074","PDE1B","Exc L4-5 RORB IL1RAPL2",-0.0809053310474253,4.71625713331199,6.96466470354293,0.0091086339693306,0.0936145917076069,0.0936145917076069,"social_isolation_avg"
"12075","PPP1R1A","Exc L4-5 RORB IL1RAPL2",-0.191059115358462,-0.169502518082491,0.952083884659259,0.330615239085989,0.656201713914403,0.656201713914403,"social_isolation_avg"
"12076","TESPA1","Exc L4-5 RORB IL1RAPL2",-0.789129197081933,1.65491443040844,6.34648085384685,0.0127107620178545,0.113229909670351,0.113229909670351,"social_isolation_avg"
"12077","AC122685.1","Exc L4-5 RORB IL1RAPL2",0.0510017418687512,0.620079779383911,0.359960575936497,0.549349719677595,0.816643784119922,0.816643784119922,"social_isolation_avg"
"12078","ITGA7","Exc L4-5 RORB IL1RAPL2",-0.0697082063257587,1.87658780611585,0.74971045444506,0.38782290639591,0.703673183301867,0.703673183301867,"social_isolation_avg"
"12079","CD63","Exc L4-5 RORB IL1RAPL2",-0.130766045075775,2.76670252114018,6.50783582924128,0.011647332941571,0.107712212408341,0.107712212408341,"social_isolation_avg"
"12080","AC009779.2","Exc L4-5 RORB IL1RAPL2",-0.206341901445743,0.273079173138377,2.81993277434196,0.0949895308073725,0.356749018609347,0.356749018609347,"social_isolation_avg"
"12081","GDF11","Exc L4-5 RORB IL1RAPL2",-0.0674974382486193,2.38982550941619,1.51633520146458,0.219923997473774,0.540586837940045,0.540586837940045,"social_isolation_avg"
"12082","SARNP","Exc L4-5 RORB IL1RAPL2",-0.222337931665256,0.888759063638343,6.71308677709876,0.0146732816313718,0.122695659974976,0.122695659974976,"social_isolation_avg"
"12083","ORMDL2","Exc L4-5 RORB IL1RAPL2",0.114075265974819,0.534338494052754,1.41344768024962,0.236190036010542,0.559783962096024,0.559783962096024,"social_isolation_avg"
"12084","PYM1","Exc L4-5 RORB IL1RAPL2",-0.0132959800936491,2.84328686931732,0.0795159627907953,0.77830717632445,0.936007542264975,0.936007542264975,"social_isolation_avg"
"12085","DGKA","Exc L4-5 RORB IL1RAPL2",0.0185597043466281,3.67783155072726,0.334646475715524,0.563723146966976,0.82606921187749,0.82606921187749,"social_isolation_avg"
"12086","PMEL","Exc L4-5 RORB IL1RAPL2",0.0678277859488016,0.369561541721096,0.368462485653589,0.544676416596253,0.814378094012415,0.814378094012415,"social_isolation_avg"
"12087","RAB5B","Exc L4-5 RORB IL1RAPL2",-0.0260601483936364,5.71129017846079,1.49760647963684,0.22278153618831,0.544051041466452,0.544051041466452,"social_isolation_avg"
"12088","SUOX","Exc L4-5 RORB IL1RAPL2",-0.0076194540179736,2.43891427618587,0.0231193721273117,0.995926540176664,0.9994589795957,0.9994589795957,"social_isolation_avg"
"12089","IKZF4","Exc L4-5 RORB IL1RAPL2",0.0320837987061045,4.41140486504924,1.55263244785316,0.214510365231824,0.533765205227689,0.533765205227689,"social_isolation_avg"
"12090","AC034102.3","Exc L4-5 RORB IL1RAPL2",0.139041743990765,-0.00729561648496554,1.21697904778396,0.271557797738312,0.600849503773878,0.600849503773878,"social_isolation_avg"
"12091","RPS26","Exc L4-5 RORB IL1RAPL2",-0.210975613527485,2.56173762228518,7.12095569463328,0.00837791339440229,0.0889054959817643,0.0889054959817643,"social_isolation_avg"
"12092","PA2G4","Exc L4-5 RORB IL1RAPL2",-0.0901778570183876,3.97237684772498,6.0425790222467,0.0149964729540871,0.124505601037421,0.124505601037421,"social_isolation_avg"
"12093","AC034102.4","Exc L4-5 RORB IL1RAPL2",0.10535530749554,0.160430897572408,0.729085276560278,0.544689851287538,0.814378094012415,0.814378094012415,"social_isolation_avg"
"12094","RPL41","Exc L4-5 RORB IL1RAPL2",-0.125421508028198,5.16431478369786,5.33588647086862,0.0221272125722122,0.157217044340529,0.157217044340529,"social_isolation_avg"
"12095","ESYT1","Exc L4-5 RORB IL1RAPL2",-0.0236060718485855,4.17662241258332,0.508029116523656,0.476998235419652,0.770442074352131,0.770442074352131,"social_isolation_avg"
"12096","AC034102.6","Exc L4-5 RORB IL1RAPL2",0.0985844513960672,1.73070806232175,2.32619887230579,0.129123218286481,0.413951272991954,0.413951272991954,"social_isolation_avg"
"12097","AC034102.5","Exc L4-5 RORB IL1RAPL2",-0.13499126335086,1.42607180696659,3.09208092827604,0.080524790831479,0.325766424486298,0.325766424486298,"social_isolation_avg"
"12098","MYL6B","Exc L4-5 RORB IL1RAPL2",-0.0411114638482461,4.95132015080028,2.94521789681058,0.0880055215735479,0.342060902566372,0.342060902566372,"social_isolation_avg"
"12099","MYL6","Exc L4-5 RORB IL1RAPL2",-0.111060199890649,4.66073048013719,8.88716932664447,0.0033058769072218,0.0508722188386929,0.0508722188386929,"social_isolation_avg"
"12100","SMARCC2","Exc L4-5 RORB IL1RAPL2",-0.052648674038659,6.24505662040086,4.96835549760813,0.0271632710795807,0.177165202377369,0.177165202377369,"social_isolation_avg"
"12101","RNF41","Exc L4-5 RORB IL1RAPL2",-0.0278835160341758,5.03175141314123,1.45719600630067,0.229101358864863,0.551084008528104,0.551084008528104,"social_isolation_avg"
"12102","NABP2","Exc L4-5 RORB IL1RAPL2",-0.0765715887700913,3.76902618253191,5.38598188849817,0.0215206393510928,0.154800533583721,0.154800533583721,"social_isolation_avg"
"12103","ANKRD52","Exc L4-5 RORB IL1RAPL2",-0.0218125392132137,4.74896200191746,0.607758122365893,0.436747936989665,0.74029343614166,0.74029343614166,"social_isolation_avg"
"12104","COQ10A","Exc L4-5 RORB IL1RAPL2",-0.079515262936076,2.18198623617162,2.23120567567684,0.137154676933848,0.427226327811897,0.427226327811897,"social_isolation_avg"
"12105","CS","Exc L4-5 RORB IL1RAPL2",-0.0707061083256898,4.73087947568056,8.00816315662831,0.0052341820189934,0.0671430223602537,0.0671430223602537,"social_isolation_avg"
"12106","AC073896.1","Exc L4-5 RORB IL1RAPL2",0.0911448901315522,3.98650904447657,7.0847409771742,0.00854165078976843,0.0895971589984174,0.0895971589984174,"social_isolation_avg"
"12107","AC073896.2","Exc L4-5 RORB IL1RAPL2",0.056412806667869,2.4060000892395,1.20872852286953,0.273182741052883,0.602926705174571,0.602926705174571,"social_isolation_avg"
"12108","PAN2","Exc L4-5 RORB IL1RAPL2",0.0239257309768395,4.1880547961299,0.462494331497954,0.497411902840707,0.784751989798134,0.784751989798134,"social_isolation_avg"
"12109","STAT2","Exc L4-5 RORB IL1RAPL2",0.00546453623444799,5.30018849605965,0.0520537736128702,0.81980931762753,0.952099932410415,0.952099932410415,"social_isolation_avg"
"12110","TIMELESS","Exc L4-5 RORB IL1RAPL2",-0.158287651240944,1.11971140889048,4.0139410964742,0.0467593720297088,0.243058812685198,0.243058812685198,"social_isolation_avg"
"12111","MIP","Exc L4-5 RORB IL1RAPL2",0.0570996766986124,0.0547740687863596,0.216883022545629,0.642038265346035,0.868818079521986,0.868818079521986,"social_isolation_avg"
"12112","SPRYD4","Exc L4-5 RORB IL1RAPL2",-0.155266625247874,2.22967834495864,7.38567690991235,0.00727538728281783,0.0823803726979031,0.0823803726979031,"social_isolation_avg"
"12113","GLS2","Exc L4-5 RORB IL1RAPL2",0.0317370959580487,5.99931474170853,3.13638430302593,0.0784063174212671,0.321913602062419,0.321913602062419,"social_isolation_avg"
"12114","RBMS2","Exc L4-5 RORB IL1RAPL2",0.00415871027645321,3.06658489961595,0.00803905784706055,0.928665319526595,0.984405429958139,0.984405429958139,"social_isolation_avg"
"12115","BAZ2A","Exc L4-5 RORB IL1RAPL2",0.0410627828745048,5.56396953713085,4.09722435114117,0.0445638196014574,0.235977623389407,0.235977623389407,"social_isolation_avg"
"12116","ATP5F1B","Exc L4-5 RORB IL1RAPL2",-0.0418647398157718,6.32997216396912,1.88370578565052,0.171772972543568,0.476569280752994,0.476569280752994,"social_isolation_avg"
"12117","PTGES3","Exc L4-5 RORB IL1RAPL2",-0.0795957263917135,6.15778322870358,10.642228746413,0.00134284501872545,0.0285482815722519,0.0285482815722519,"social_isolation_avg"
"12118","NACA","Exc L4-5 RORB IL1RAPL2",-0.0686084054438574,5.63188360618259,4.80130636344935,0.0298373887740219,0.187367647277349,0.187367647277349,"social_isolation_avg"
"12119","PRIM1","Exc L4-5 RORB IL1RAPL2",0.0421163894463752,3.25458016769568,0.942183086442371,0.333135233603849,0.658028161083456,0.658028161083456,"social_isolation_avg"
"12120","HSD17B6","Exc L4-5 RORB IL1RAPL2",0.0225441766604142,1.97251209847972,0.127509271921928,0.721484080869021,0.909296979182147,0.909296979182147,"social_isolation_avg"
"12121","SDR9C7","Exc L4-5 RORB IL1RAPL2",-0.0985971606186392,0.389072917000029,0.953423604290159,0.330276211557869,0.655872816843665,0.655872816843665,"social_isolation_avg"
"12122","ZBTB39","Exc L4-5 RORB IL1RAPL2",-0.0477385724599507,2.05250636588074,0.750987813605143,0.387419833495874,0.703490467329695,0.703490467329695,"social_isolation_avg"
"12123","NEMP1","Exc L4-5 RORB IL1RAPL2",0.0757017434677066,3.69446504298464,3.78216667042949,0.0534986959731996,0.262444601117166,0.262444601117166,"social_isolation_avg"
"12124","NAB2","Exc L4-5 RORB IL1RAPL2",-0.0391530143268232,3.99343138234507,1.00863506965132,0.316697971282665,0.644744545314976,0.644744545314976,"social_isolation_avg"
"12125","STAT6","Exc L4-5 RORB IL1RAPL2",-0.0198854021874694,4.69991035749498,0.424386474445864,0.515661033244081,0.798234673158084,0.798234673158084,"social_isolation_avg"
"12126","LRP1","Exc L4-5 RORB IL1RAPL2",0.00469449053514913,6.08596696809847,0.0560677048447168,0.813115843563086,0.950559079342002,0.950559079342002,"social_isolation_avg"
"12127","SHMT2","Exc L4-5 RORB IL1RAPL2",-0.0992425232021292,2.37254541052182,3.87228372785476,0.0507627095495686,0.254028359531179,0.254028359531179,"social_isolation_avg"
"12128","NDUFA4L2","Exc L4-5 RORB IL1RAPL2",0.0026751791401068,2.33839556463318,0.00201284994764127,0.964269230420689,0.993246127104897,0.993246127104897,"social_isolation_avg"
"12129","STAC3","Exc L4-5 RORB IL1RAPL2",-0.0152143270131651,2.11775472317535,0.0539277004181351,0.816651777216464,0.951599926146172,0.951599926146172,"social_isolation_avg"
"12130","AC137834.1","Exc L4-5 RORB IL1RAPL2",0.0331728735747072,0.797933890592786,0.135297748342863,0.949525968947873,0.988901159114652,0.988901159114652,"social_isolation_avg"
"12131","R3HDM2","Exc L4-5 RORB IL1RAPL2",0.0312502955337529,8.11346791486711,3.3115312591513,0.0706045219574095,0.304216349039062,0.304216349039062,"social_isolation_avg"
"12132","ARHGAP9","Exc L4-5 RORB IL1RAPL2",-0.0122636735760707,2.12336312139184,0.0446621196075603,0.83288687077715,0.956474321257097,0.956474321257097,"social_isolation_avg"
"12133","MARS","Exc L4-5 RORB IL1RAPL2",0.0372494374855288,5.83317268733506,3.374647568412,0.0680025239208865,0.297945380556041,0.297945380556041,"social_isolation_avg"
"12134","DDIT3","Exc L4-5 RORB IL1RAPL2",-0.0461283130679992,3.01275220492626,0.858800930090157,0.355425552253014,0.675692649316836,0.675692649316836,"social_isolation_avg"
"12135","MBD6","Exc L4-5 RORB IL1RAPL2",0.067063506167948,3.17677774802258,2.73189468497399,0.10026063138864,0.366493977961177,0.366493977961177,"social_isolation_avg"
"12136","DCTN2","Exc L4-5 RORB IL1RAPL2",-0.0510426654324827,5.29672900849164,3.62454108237689,0.0586708150896432,0.275133897037881,0.275133897037881,"social_isolation_avg"
"12137","KIF5A","Exc L4-5 RORB IL1RAPL2",-0.0409941436087965,6.94141877724544,3.56557730838884,0.0607412045044775,0.280518508769641,0.280518508769641,"social_isolation_avg"
"12138","PIP4K2C","Exc L4-5 RORB IL1RAPL2",-0.0340790830023463,5.25832844799294,1.39857776211356,0.238660117477788,0.562702564834545,0.562702564834545,"social_isolation_avg"
"12139","DTX3","Exc L4-5 RORB IL1RAPL2",-0.0588896568780969,5.65391300738653,6.67685836124515,0.0106318941653771,0.102105882157218,0.102105882157218,"social_isolation_avg"
"12140","ARHGEF25","Exc L4-5 RORB IL1RAPL2",-0.0256795199236225,5.23244279478164,0.659233947236204,0.417998217192831,0.725848828988622,0.725848828988622,"social_isolation_avg"
"12141","SLC26A10","Exc L4-5 RORB IL1RAPL2",0.200976452489339,2.20839188255569,8.71655661538564,0.00361257902675937,0.0539917912838183,0.0539917912838183,"social_isolation_avg"
"12142","B4GALNT1","Exc L4-5 RORB IL1RAPL2",-0.0180448803466061,5.2079043307181,0.494708490942422,0.482823948496955,0.775372863914549,0.775372863914549,"social_isolation_avg"
"12143","OS9","Exc L4-5 RORB IL1RAPL2",-0.0401824314647519,4.9866162429651,3.4154888848081,0.0663741021924661,0.293515387255337,0.293515387255337,"social_isolation_avg"
"12144","AC025165.2","Exc L4-5 RORB IL1RAPL2",0.0410402230848334,1.63286000429051,0.27949248654068,0.597743184310278,0.844935876312698,0.844935876312698,"social_isolation_avg"
"12145","AGAP2","Exc L4-5 RORB IL1RAPL2",-0.0348656571429997,5.11899336012417,1.59730600300467,0.208064833791739,0.526098452515501,0.526098452515501,"social_isolation_avg"
"12146","TSPAN31","Exc L4-5 RORB IL1RAPL2",-0.0632373417479792,3.54489069997901,2.45244134284043,0.119254641792123,0.397758197313849,0.397758197313849,"social_isolation_avg"
"12147","CDK4","Exc L4-5 RORB IL1RAPL2",0.0045256641426101,2.77254131550989,0.0114119498936596,0.915055984871542,0.982007828651848,0.982007828651848,"social_isolation_avg"
"12148","MARCH9","Exc L4-5 RORB IL1RAPL2",-0.0261228668526563,3.36543431436484,0.3735906025352,0.541893193340541,0.813033154483893,0.813033154483893,"social_isolation_avg"
"12149","TSFM","Exc L4-5 RORB IL1RAPL2",-0.10833964089069,3.65763749943538,9.34215697826555,0.00261207407877519,0.0437372156146066,0.0437372156146066,"social_isolation_avg"
"12150","AVIL","Exc L4-5 RORB IL1RAPL2",-0.01365202822602,4.66569585882098,0.0429488185905718,0.836076760043774,0.956824497333631,0.956824497333631,"social_isolation_avg"
"12151","AC025165.4","Exc L4-5 RORB IL1RAPL2",0.0284101344563083,0.134236197294243,0.0656454396793382,0.94770991798374,0.988740948001749,0.988740948001749,"social_isolation_avg"
"12152","CTDSP2","Exc L4-5 RORB IL1RAPL2",0.037516218950351,5.03414630285909,1.88671771451389,0.171432639797792,0.476350731427875,0.476350731427875,"social_isolation_avg"
"12153","AC083805.1","Exc L4-5 RORB IL1RAPL2",0.127494966339687,-0.287164654621767,1.0049313759947,0.317585423512309,0.645646695850048,0.645646695850048,"social_isolation_avg"
"12154","AC084033.3","Exc L4-5 RORB IL1RAPL2",-0.015386564646794,3.5428199243797,0.19296999366729,0.750209438049908,0.923036801699787,0.923036801699787,"social_isolation_avg"
"12155","ATP23","Exc L4-5 RORB IL1RAPL2",0.0261470126174404,3.25773415723543,0.492549276472606,0.483779317567932,0.77553066743225,0.77553066743225,"social_isolation_avg"
"12156","AC020637.1","Exc L4-5 RORB IL1RAPL2",-0.154838890790381,0.927112149177656,1.23518351232986,0.26801524674049,0.597993085895728,0.597993085895728,"social_isolation_avg"
"12157","LINC02388","Exc L4-5 RORB IL1RAPL2",0.0515561257256704,0.681262858001632,0.28384941242716,0.594904712438255,0.843296700385411,0.843296700385411,"social_isolation_avg"
"12158","LRIG3","Exc L4-5 RORB IL1RAPL2",-0.0976740551668735,1.15474054246686,0.693545050236604,0.406162830986174,0.717219498375119,0.717219498375119,"social_isolation_avg"
"12159","SLC16A7","Exc L4-5 RORB IL1RAPL2",0.00180666393294369,7.21296376291329,0.0111681178958947,0.91596492721606,0.982314129660164,0.982314129660164,"social_isolation_avg"
"12160","FAM19A2","Exc L4-5 RORB IL1RAPL2",0.0120058865265952,10.0121243485067,0.155684897124746,0.693669430004132,0.895855772336438,0.895855772336438,"social_isolation_avg"
"12161","USP15","Exc L4-5 RORB IL1RAPL2",0.00836916257240835,6.91434461588295,0.341926561452372,0.559516573603997,0.822985022916031,0.822985022916031,"social_isolation_avg"
"12162","MON2","Exc L4-5 RORB IL1RAPL2",0.0506958638737605,7.65656514359991,17.8270170029245,3.98402756582835e-05,0.00327746893795819,0.00327746893795819,"social_isolation_avg"
"12163","AC048341.1","Exc L4-5 RORB IL1RAPL2",0.0639975572060506,2.89966324069356,1.47592184513508,0.226146220433436,0.547736919280445,0.547736919280445,"social_isolation_avg"
"12164","PPM1H","Exc L4-5 RORB IL1RAPL2",-0.0229355618669972,7.40054403086871,1.76963911589144,0.185259185601258,0.493702683205832,0.493702683205832,"social_isolation_avg"
"12165","DPY19L2","Exc L4-5 RORB IL1RAPL2",0.0615227044764635,6.94991359641543,7.50778469168901,0.00681844814492439,0.0795369352593304,0.0795369352593304,"social_isolation_avg"
"12166","AC084357.2","Exc L4-5 RORB IL1RAPL2",0.156575868407645,1.24787528060009,5.07829501706852,0.0255416992857975,0.170527343749673,0.170527343749673,"social_isolation_avg"
"12167","RXYLT1","Exc L4-5 RORB IL1RAPL2",-0.0593468052817415,3.37279034096662,2.21018130561594,0.139007491939232,0.430820762486849,0.430820762486849,"social_isolation_avg"
"12168","RXYLT1-AS1","Exc L4-5 RORB IL1RAPL2",-0.411795959618399,-0.668141034459443,5.1301457267706,0.0248124800272897,0.167561337886738,0.167561337886738,"social_isolation_avg"
"12169","SRGAP1","Exc L4-5 RORB IL1RAPL2",-0.00650343732041289,4.34233320933154,0.0284890975058829,0.866170438781555,0.96677503774678,0.96677503774678,"social_isolation_avg"
"12170","AC020611.2","Exc L4-5 RORB IL1RAPL2",0.12340680083655,1.29025085999522,1.95499201286992,0.163923139535256,0.467213241017265,0.467213241017265,"social_isolation_avg"
"12171","AC025576.2","Exc L4-5 RORB IL1RAPL2",0.0938705727917933,-0.204390820610265,0.463250398544558,0.497061066351093,0.784721764823798,0.784721764823798,"social_isolation_avg"
"12172","C12orf66","Exc L4-5 RORB IL1RAPL2",-0.060400860133251,2.60774783062605,1.63512044374116,0.297062726902632,0.627588538950708,0.627588538950708,"social_isolation_avg"
"12173","C12orf56","Exc L4-5 RORB IL1RAPL2",-0.0728617081659105,1.13627106719319,1.08392130940648,0.299342358042067,0.630436085885519,0.630436085885519,"social_isolation_avg"
"12174","XPOT","Exc L4-5 RORB IL1RAPL2",0.0390890512605954,4.99502073048282,2.87429189897103,0.0918873726928649,0.35070940104301,0.35070940104301,"social_isolation_avg"
"12175","TBK1","Exc L4-5 RORB IL1RAPL2",0.0220941982927594,5.6016468220809,1.3469612801241,0.247483469936737,0.573641398342889,0.573641398342889,"social_isolation_avg"
"12176","RASSF3","Exc L4-5 RORB IL1RAPL2",-0.0796954110160784,1.36772030431741,1.22606996164221,0.269781412165003,0.599685396791776,0.599685396791776,"social_isolation_avg"
"12177","GNS","Exc L4-5 RORB IL1RAPL2",0.00235308778146033,4.92406498665891,0.010588370078655,0.918167221757243,0.983030553239607,0.983030553239607,"social_isolation_avg"
"12178","AC025262.1","Exc L4-5 RORB IL1RAPL2",0.0134324039103027,2.95607520707102,0.0655103423880661,0.798307776475895,0.94343951658597,0.94343951658597,"social_isolation_avg"
"12179","TBC1D30","Exc L4-5 RORB IL1RAPL2",0.0403096661688482,4.98830495686116,2.43904414051867,0.120260829063946,0.399019663256091,0.399019663256091,"social_isolation_avg"
"12180","LINC02389","Exc L4-5 RORB IL1RAPL2",0.044607229322522,6.63163790512051,0.969067732368239,0.326351497396885,0.652982310523691,0.652982310523691,"social_isolation_avg"
"12181","LINC02231","Exc L4-5 RORB IL1RAPL2",0.0693370110783898,2.25011486788814,0.873115914106855,0.35145712791349,0.672142727423171,0.672142727423171,"social_isolation_avg"
"12182","LEMD3","Exc L4-5 RORB IL1RAPL2",-0.0163731656941012,5.66462899563566,0.912118128524096,0.521746445745226,0.802207419140698,0.802207419140698,"social_isolation_avg"
"12183","MSRB3","Exc L4-5 RORB IL1RAPL2",0.022721583292022,5.76367804535651,0.568317005434087,0.45200099331793,0.752269761234311,0.752269761234311,"social_isolation_avg"
"12184","AC025419.1","Exc L4-5 RORB IL1RAPL2",0.0725112218975424,0.240899474614846,0.388795010450429,0.533792938045088,0.809351404820186,0.809351404820186,"social_isolation_avg"
"12185","AC090023.2","Exc L4-5 RORB IL1RAPL2",-0.169735603713179,-0.935458934450424,0.732286632473727,0.393381732954873,0.70840161504132,0.70840161504132,"social_isolation_avg"
"12186","HMGA2","Exc L4-5 RORB IL1RAPL2",-0.00410016293351473,0.23144215401631,0.00151381187887171,0.969010900557732,0.994265979419796,0.994265979419796,"social_isolation_avg"
"12187","LLPH","Exc L4-5 RORB IL1RAPL2",-0.0137981480289757,2.89925680370967,0.116406344070212,0.733398560869197,0.914629509322478,0.914629509322478,"social_isolation_avg"
"12188","LLPH-DT","Exc L4-5 RORB IL1RAPL2",0.066443743573547,0.468062295064785,0.348767803262785,0.555618044102011,0.820371572131671,0.820371572131671,"social_isolation_avg"
"12189","HELB","Exc L4-5 RORB IL1RAPL2",0.00383175813166488,2.74966231402315,0.00235022082339017,0.961392965401092,0.992228020419684,0.992228020419684,"social_isolation_avg"
"12190","GRIP1","Exc L4-5 RORB IL1RAPL2",0.0600402498411582,9.25692375349257,6.38765386908089,0.012430172530037,0.111494307077373,0.111494307077373,"social_isolation_avg"
"12191","CAND1","Exc L4-5 RORB IL1RAPL2",-0.0186464507529193,6.19533576762556,1.24308742850345,0.26649524394361,0.596728581142846,0.596728581142846,"social_isolation_avg"
"12192","LINC02408","Exc L4-5 RORB IL1RAPL2",-0.0440331034997829,-0.471118948266312,0.0353102015353494,0.851177611398288,0.961873912835597,0.961873912835597,"social_isolation_avg"
"12193","DYRK2","Exc L4-5 RORB IL1RAPL2",0.0167320008111345,4.01475797732756,0.172527070373607,0.678414285579185,0.887370003781783,0.887370003781783,"social_isolation_avg"
"12194","AC078777.1","Exc L4-5 RORB IL1RAPL2",-0.00784673253313102,-0.215084485855823,0.00320907433588656,0.954893463565088,0.990045813766799,0.990045813766799,"social_isolation_avg"
"12195","LINC01479","Exc L4-5 RORB IL1RAPL2",-0.108182111365003,0.145087094616765,0.538450859997778,0.464114965069204,0.760831680304489,0.760831680304489,"social_isolation_avg"
"12196","IFNG-AS1","Exc L4-5 RORB IL1RAPL2",-0.230093889525758,1.21534848635736,2.1936067628867,0.140488125490308,0.433421787445315,0.433421787445315,"social_isolation_avg"
"12197","MDM1","Exc L4-5 RORB IL1RAPL2",0.0603149713370099,4.13015113928207,3.75529154430468,0.0543448264198097,0.264469768695787,0.264469768695787,"social_isolation_avg"
"12198","LINC02384","Exc L4-5 RORB IL1RAPL2",-0.0165097854747092,0.19579934754669,0.0287418741844655,0.865583706576634,0.966746833305743,0.966746833305743,"social_isolation_avg"
"12199","RAP1B","Exc L4-5 RORB IL1RAPL2",-0.0173339655249747,5.6069941886749,0.79431824356109,0.957625587120602,0.990964806415906,0.990964806415906,"social_isolation_avg"
"12200","NUP107","Exc L4-5 RORB IL1RAPL2",0.0764095123691632,5.27720506079807,9.77800983341009,0.00208725911025435,0.0384922316034333,0.0384922316034333,"social_isolation_avg"
"12201","SLC35E3","Exc L4-5 RORB IL1RAPL2",0.0561820781300776,6.281787628305,7.19879050172366,0.00803688934210477,0.0868452217258505,0.0868452217258505,"social_isolation_avg"
"12202","MDM2","Exc L4-5 RORB IL1RAPL2",0.0579552801217823,5.33828627740808,6.06718027553191,0.0147964603045664,0.123295689998391,0.123295689998391,"social_isolation_avg"
"12203","CPSF6","Exc L4-5 RORB IL1RAPL2",-0.00989155218894884,6.48384054872268,0.23903327286675,0.625553272389982,0.860470272376116,0.860470272376116,"social_isolation_avg"
"12204","YEATS4","Exc L4-5 RORB IL1RAPL2",-0.0162064058641222,3.23057405460941,0.14906596073375,0.699926048220737,0.899436345991889,0.899436345991889,"social_isolation_avg"
"12205","LINC02373","Exc L4-5 RORB IL1RAPL2",0.00947301672166402,0.535909631660286,0.00885643786416008,0.92513682691832,0.98417618971798,0.98417618971798,"social_isolation_avg"
"12206","FRS2","Exc L4-5 RORB IL1RAPL2",0.0256405464413892,5.98815956417041,2.29071573482586,0.132059578987913,0.418192350465322,0.418192350465322,"social_isolation_avg"
"12207","CCT2","Exc L4-5 RORB IL1RAPL2",-0.0816765280265659,5.12844092439775,13.6359744447185,0.000301129148231221,0.011041985685432,0.011041985685432,"social_isolation_avg"
"12208","AC025263.1","Exc L4-5 RORB IL1RAPL2",0.0197760757964928,-0.502719698612966,0.00882429538252697,0.925272397810493,0.98417618971798,0.98417618971798,"social_isolation_avg"
"12209","RAB3IP","Exc L4-5 RORB IL1RAPL2",-0.0748059598066962,3.04391989653545,1.81277888516559,0.180018605069353,0.486590289502461,0.486590289502461,"social_isolation_avg"
"12210","MYRFL","Exc L4-5 RORB IL1RAPL2",0.196139610381805,2.08496254626804,4.04063887839393,0.046043280380756,0.240892970238145,0.240892970238145,"social_isolation_avg"
"12211","AC025159.1","Exc L4-5 RORB IL1RAPL2",0.0601560490306278,7.60318053136318,0.655853489852266,0.419191942217488,0.726486796844882,0.726486796844882,"social_isolation_avg"
"12212","CNOT2","Exc L4-5 RORB IL1RAPL2",0.00489265125737259,6.55589312214328,0.0937640616660401,0.759830720610953,0.927652410935595,0.927652410935595,"social_isolation_avg"
"12213","KCNMB4","Exc L4-5 RORB IL1RAPL2",0.00639438905429708,7.1798108722746,0.0709917310782142,0.790230334746892,0.940492399279529,0.940492399279529,"social_isolation_avg"
"12214","AC025569.1","Exc L4-5 RORB IL1RAPL2",0.0232259961735215,2.99569700120403,0.0849309732202828,0.771088480336797,0.932360531397057,0.932360531397057,"social_isolation_avg"
"12215","PTPRB","Exc L4-5 RORB IL1RAPL2",-9.19786739058545e-05,5.89281461126298,1.11424121462618e-05,0.997340671280134,0.999683089770736,0.999683089770736,"social_isolation_avg"
"12216","PTPRR","Exc L4-5 RORB IL1RAPL2",-0.0113355619374677,7.66165423485522,0.311793500525028,0.577337275786519,0.834387304854624,0.834387304854624,"social_isolation_avg"
"12217","TSPAN8","Exc L4-5 RORB IL1RAPL2",0.0245100578444483,-0.126107227607927,0.0314476556657661,0.859462478222605,0.964243395716678,0.964243395716678,"social_isolation_avg"
"12218","ZFC3H1","Exc L4-5 RORB IL1RAPL2",0.00239936389490059,6.16628988779,0.0144531160350776,0.904453993966619,0.978397583639639,0.978397583639639,"social_isolation_avg"
"12219","THAP2","Exc L4-5 RORB IL1RAPL2",-0.0547263790193155,3.27517080609707,1.82272559827417,0.17883494610044,0.485262586428571,0.485262586428571,"social_isolation_avg"
"12220","AC073612.1","Exc L4-5 RORB IL1RAPL2",0.0477455761129955,0.132246838823417,0.168946883756786,0.681581822632608,0.888903340641823,0.888903340641823,"social_isolation_avg"
"12221","TMEM19","Exc L4-5 RORB IL1RAPL2",-0.0332085607966237,3.17426252407313,0.672729653590324,0.41328271588315,0.72299318661147,0.72299318661147,"social_isolation_avg"
"12222","RAB21","Exc L4-5 RORB IL1RAPL2",0.0138593559871275,5.62752788590867,0.494180604099623,0.483057229682733,0.775372863914549,0.775372863914549,"social_isolation_avg"
"12223","TBC1D15","Exc L4-5 RORB IL1RAPL2",0.0276626618374689,6.14406274391993,2.86215065941089,0.0925704836687237,0.352419742755719,0.352419742755719,"social_isolation_avg"
"12224","TPH2","Exc L4-5 RORB IL1RAPL2",-0.0770077981948617,1.40736869684372,0.782393030078403,0.377695064209864,0.696391376916278,0.696391376916278,"social_isolation_avg"
"12225","TRHDE","Exc L4-5 RORB IL1RAPL2",0.0125683097789014,7.90839837214718,0.181850444498079,0.670342629987192,0.884060349065892,0.884060349065892,"social_isolation_avg"
"12226","LINC02444","Exc L4-5 RORB IL1RAPL2",-0.100736292814227,0.404977513162113,0.4690954939495,0.494362848422348,0.783206853805513,0.783206853805513,"social_isolation_avg"
"12227","AC090502.1","Exc L4-5 RORB IL1RAPL2",0.498381765017046,-1.2274955640683,-1.79588430846214e-07,1,1,1,"social_isolation_avg"
"12228","ATXN7L3B","Exc L4-5 RORB IL1RAPL2",-0.14418522238709,5.9673546111061,21.5150429327907,7.10359233572129e-06,0.0010867059115933,0.0010867059115933,"social_isolation_avg"
"12229","AC073525.1","Exc L4-5 RORB IL1RAPL2",0.0922614274384802,0.687859754609834,0.573036095720164,0.450132626793894,0.75092218581972,0.75092218581972,"social_isolation_avg"
"12230","KCNC2","Exc L4-5 RORB IL1RAPL2",-0.015961083627809,9.36397133216365,0.527236523839332,0.468797891260058,0.764096361481493,0.764096361481493,"social_isolation_avg"
"12231","AC091534.1","Exc L4-5 RORB IL1RAPL2",0.0622775459060325,0.239850820833389,0.251922895322086,0.616392252500808,0.854746611446451,0.854746611446451,"social_isolation_avg"
"12232","CAPS2","Exc L4-5 RORB IL1RAPL2",0.0105987641286816,7.5659546564326,0.117012927133685,0.732731595855313,0.914452511389644,0.914452511389644,"social_isolation_avg"
"12233","GLIPR1L1","Exc L4-5 RORB IL1RAPL2",-0.0440695195550539,1.94857864348654,0.291902303541946,0.589731259808445,0.840926291527053,0.840926291527053,"social_isolation_avg"
"12234","GLIPR1L2","Exc L4-5 RORB IL1RAPL2",-0.0433884338222097,2.71971982826251,0.207935621531596,0.648988794692932,0.872437879882174,0.872437879882174,"social_isolation_avg"
"12235","GLIPR1","Exc L4-5 RORB IL1RAPL2",-0.121238640370721,5.36417187439792,12.4329900809713,0.000545998343783414,0.0158573665765373,0.0158573665765373,"social_isolation_avg"
"12236","AC121761.1","Exc L4-5 RORB IL1RAPL2",0.0718401313661184,-0.194604513550449,0.174412948649463,0.676761258579668,0.88648706932151,0.88648706932151,"social_isolation_avg"
"12237","KRR1","Exc L4-5 RORB IL1RAPL2",0.0362033890510656,5.40235648549927,2.08045905629654,0.151087421832172,0.44849427743868,0.44849427743868,"social_isolation_avg"
"12238","AC078923.1","Exc L4-5 RORB IL1RAPL2",0.022323286130328,3.30338476529253,0.0696459729810374,0.792181665571249,0.941452753864305,0.941452753864305,"social_isolation_avg"
"12239","PHLDA1","Exc L4-5 RORB IL1RAPL2",-0.0953258960722747,3.48894289161052,5.47155839433158,0.0205243419029241,0.150753522183706,0.150753522183706,"social_isolation_avg"
"12240","NAP1L1","Exc L4-5 RORB IL1RAPL2",-0.0168441874847032,7.67957786884725,1.12692268753684,0.289981232447186,0.621391594158332,0.621391594158332,"social_isolation_avg"
"12241","BBS10","Exc L4-5 RORB IL1RAPL2",-0.0565719624071892,2.7757090782242,1.34267997209951,0.248233184217368,0.574394041650584,0.574394041650584,"social_isolation_avg"
"12242","OSBPL8","Exc L4-5 RORB IL1RAPL2",0.0137259246379859,8.04045772465802,0.393997387578947,0.531071827357624,0.807944845656799,0.807944845656799,"social_isolation_avg"
"12243","AC107032.2","Exc L4-5 RORB IL1RAPL2",0.270427971965072,1.63414099456503,9.23484338908376,0.00276093613766182,0.045479249260089,0.045479249260089,"social_isolation_avg"
"12244","ZDHHC17","Exc L4-5 RORB IL1RAPL2",-0.00181320409126151,7.05138330350145,0.0180490517296084,0.893291819100458,0.975474727711369,0.975474727711369,"social_isolation_avg"
"12245","CSRP2","Exc L4-5 RORB IL1RAPL2",-0.0999996923411957,2.55323522279469,1.6653040372438,0.198690880347396,0.513092691013112,0.513092691013112,"social_isolation_avg"
"12246","E2F7","Exc L4-5 RORB IL1RAPL2",-0.068713216862539,-0.0796528476781994,0.29459982405143,0.588018910123953,0.840010352191718,0.840010352191718,"social_isolation_avg"
"12247","NAV3","Exc L4-5 RORB IL1RAPL2",0.0131679482052622,11.1285681302499,0.736867020396831,0.391909362965279,0.707096124407937,0.707096124407937,"social_isolation_avg"
"12248","AC073571.1","Exc L4-5 RORB IL1RAPL2",-0.126767558199123,1.69154164014824,2.774762650877,0.0976548712760032,0.361661346528334,0.361661346528334,"social_isolation_avg"
"12249","LINC02424","Exc L4-5 RORB IL1RAPL2",-0.236071185509461,0.867732891681348,4.28429806744224,0.0400215758190807,0.222299081975272,0.222299081975272,"social_isolation_avg"
"12250","AC128707.1","Exc L4-5 RORB IL1RAPL2",-0.0347408721525882,2.67430218159194,0.249942468670876,0.617780468248593,0.855418833391789,0.855418833391789,"social_isolation_avg"
"12251","AC130415.1","Exc L4-5 RORB IL1RAPL2",0.305047491103207,-0.307133984025424,4.0347072964114,0.0462013635018376,0.241320908504778,0.241320908504778,"social_isolation_avg"
"12252","AC079362.1","Exc L4-5 RORB IL1RAPL2",0.20121791429933,0.147813074154783,2.47114897610375,0.117865299644284,0.396537932889313,0.396537932889313,"social_isolation_avg"
"12253","SYT1","Exc L4-5 RORB IL1RAPL2",-0.00463286230750499,12.2835095026524,0.118253896698902,0.731373090086502,0.913600728693913,0.913600728693913,"social_isolation_avg"
"12254","AC090709.1","Exc L4-5 RORB IL1RAPL2",0.00210150867387466,5.2183238363232,0.0027117823532777,0.958531988991284,0.991330077272702,0.991330077272702,"social_isolation_avg"
"12255","AC027288.3","Exc L4-5 RORB IL1RAPL2",-0.00113350587403922,5.33016432352851,0.000750999340695076,0.978170272288784,0.996787753740907,0.996787753740907,"social_isolation_avg"
"12256","PAWR","Exc L4-5 RORB IL1RAPL2",-0.3523431590808,-0.581957008251108,1.53302721756757,0.217414304678166,0.537303480865864,0.537303480865864,"social_isolation_avg"
"12257","AC073569.2","Exc L4-5 RORB IL1RAPL2",0.151641392093129,1.05906894567061,2.19326358620699,0.140518970162573,0.433446272325734,0.433446272325734,"social_isolation_avg"
"12258","PPP1R12A","Exc L4-5 RORB IL1RAPL2",-0.0231205025252171,8.04052392598442,2.04054065225905,0.155042027191677,0.454189608174726,0.454189608174726,"social_isolation_avg"
"12259","OTOGL","Exc L4-5 RORB IL1RAPL2",-0.258961323043669,5.70585949539622,15.4698595646166,0.000123148834917604,0.00653491821564287,0.00653491821564287,"social_isolation_avg"
"12260","PTPRQ","Exc L4-5 RORB IL1RAPL2",-0.128294153182641,3.62628462796696,6.72937887970201,0.010335408955033,0.100802202493907,0.100802202493907,"social_isolation_avg"
"12261","AC074031.1","Exc L4-5 RORB IL1RAPL2",0.0783555659753504,-0.185700261600114,0.335380740099025,0.56329611416507,0.825891187610793,0.825891187610793,"social_isolation_avg"
"12262","LIN7A","Exc L4-5 RORB IL1RAPL2",0.0137607267254209,7.74059077449368,0.383929450290491,0.536360878827077,0.810585501369643,0.810585501369643,"social_isolation_avg"
"12263","ACSS3","Exc L4-5 RORB IL1RAPL2",-0.0375950138886345,4.19576620203063,0.645861156169511,0.422750504883715,0.72955694116242,0.72955694116242,"social_isolation_avg"
"12264","PPFIA2","Exc L4-5 RORB IL1RAPL2",-0.0176009643693932,9.31865364746925,1.5070550959529,0.22133435785537,0.542559327410901,0.542559327410901,"social_isolation_avg"
"12265","PPFIA2-AS1","Exc L4-5 RORB IL1RAPL2",-0.0889467097820456,1.9243431968058,1.41315209345481,0.236238831844868,0.559783962096024,0.559783962096024,"social_isolation_avg"
"12266","AC069228.1","Exc L4-5 RORB IL1RAPL2",-0.0478679276543761,3.88202152244407,0.966824475564844,0.326910437286561,0.653367542552925,0.653367542552925,"social_isolation_avg"
"12267","LINC02426","Exc L4-5 RORB IL1RAPL2",-0.195108684656864,0.0988142970781005,2.0465507778249,0.154439124486684,0.453779887214993,0.453779887214993,"social_isolation_avg"
"12268","CCDC59","Exc L4-5 RORB IL1RAPL2",0.0124551311099949,5.51391586698531,0.0820678110303963,0.774873234415086,0.934619523705479,0.934619523705479,"social_isolation_avg"
"12269","METTL25","Exc L4-5 RORB IL1RAPL2",0.0219133633145935,6.17232796914182,1.36113657737946,0.245021004260525,0.570498658144486,0.570498658144486,"social_isolation_avg"
"12270","AC089998.4","Exc L4-5 RORB IL1RAPL2",-0.0922023945152394,-0.175424687660339,0.466236984636761,0.495679294254801,0.783997654264057,0.783997654264057,"social_isolation_avg"
"12271","TMTC2","Exc L4-5 RORB IL1RAPL2",-0.0502526350930228,7.33259092770121,1.45451727481771,0.22952790683964,0.551534437791903,0.551534437791903,"social_isolation_avg"
"12272","SLC6A15","Exc L4-5 RORB IL1RAPL2",0.0306733445564661,6.27735298218345,2.46005157455116,0.118687267564959,0.397325157395009,0.397325157395009,"social_isolation_avg"
"12273","TSPAN19","Exc L4-5 RORB IL1RAPL2",0.0143007833788669,1.48079733052145,0.0342052270553116,0.853497683664257,0.962543291381206,0.962543291381206,"social_isolation_avg"
"12274","LRRIQ1","Exc L4-5 RORB IL1RAPL2",0.00568783431184183,4.35987102069576,0.00912546800735561,0.924011705431864,0.984076729849897,0.984076729849897,"social_isolation_avg"
"12275","RASSF9","Exc L4-5 RORB IL1RAPL2",-0.096417284231813,-0.952900186192592,0.150652956774943,0.698411562870904,0.898527584217065,0.898527584217065,"social_isolation_avg"
"12276","MGAT4C","Exc L4-5 RORB IL1RAPL2",-0.0494230836793053,8.16684478407833,1.01490494775358,0.315203064937893,0.643708277570413,0.643708277570413,"social_isolation_avg"
"12277","C12orf50","Exc L4-5 RORB IL1RAPL2",0.0460286788458239,-0.301021677687896,0.121202280628851,0.728177127166121,0.91234452756733,0.91234452756733,"social_isolation_avg"
"12278","C12orf29","Exc L4-5 RORB IL1RAPL2",-0.0573735918906378,4.21651759394835,3.20106294475377,0.0754215034080281,0.314674810580661,0.314674810580661,"social_isolation_avg"
"12279","CEP290","Exc L4-5 RORB IL1RAPL2",0.065638417308574,7.05577349288908,14.018731087955,0.000249551605678915,0.00979619487769866,0.00979619487769866,"social_isolation_avg"
"12280","TMTC3","Exc L4-5 RORB IL1RAPL2",0.00818739899335778,6.06206724857443,0.235520268519573,0.628103090947485,0.86187381414536,0.86187381414536,"social_isolation_avg"
"12281","KITLG","Exc L4-5 RORB IL1RAPL2",-0.0329399504301481,5.8065034258788,0.931924093099101,0.335773674418069,0.660386618197333,0.660386618197333,"social_isolation_avg"
"12282","AC024941.2","Exc L4-5 RORB IL1RAPL2",-0.0122913730523268,0.51579610392972,0.0137571172693377,0.906772058061796,0.979320338732308,0.979320338732308,"social_isolation_avg"
"12283","LINC02458","Exc L4-5 RORB IL1RAPL2",-0.366322812086849,0.128051068458546,8.54816338022298,0.00394403385600059,0.0565770012049941,0.0565770012049941,"social_isolation_avg"
"12284","AC024909.1","Exc L4-5 RORB IL1RAPL2",-0.0540534159694426,3.53911507614823,0.664133634511199,0.416277006525553,0.725131397575952,0.725131397575952,"social_isolation_avg"
"12285","DUSP6","Exc L4-5 RORB IL1RAPL2",-0.135426588034284,3.33517780846303,2.74123404417454,0.0996864743671403,0.365174981278513,0.365174981278513,"social_isolation_avg"
"12286","POC1B","Exc L4-5 RORB IL1RAPL2",-0.0394592956496336,5.40846711029155,2.55288713606314,0.112002766550173,0.386564809853731,0.386564809853731,"social_isolation_avg"
"12287","POC1B-AS1","Exc L4-5 RORB IL1RAPL2",0.0310402550555779,4.8441007420296,0.745594177678573,0.389125905485418,0.704253245585294,0.704253245585294,"social_isolation_avg"
"12288","AC025034.1","Exc L4-5 RORB IL1RAPL2",0.0349250825940427,4.20044040576488,0.568403098626075,0.451966798618965,0.752269761234311,0.752269761234311,"social_isolation_avg"
"12289","ATP2B1","Exc L4-5 RORB IL1RAPL2",-0.037642885024258,8.81266221206056,5.68104189021473,0.0182835456669613,0.141374322666357,0.141374322666357,"social_isolation_avg"
"12290","ATP2B1-AS1","Exc L4-5 RORB IL1RAPL2",-0.113801779002264,4.40715841726282,6.60748932148369,0.0110370598788168,0.104363923022036,0.104363923022036,"social_isolation_avg"
"12291","AC084200.1","Exc L4-5 RORB IL1RAPL2",0.135995192062282,1.66508895364136,2.61973432347771,0.107448615487191,0.379295303801528,0.379295303801528,"social_isolation_avg"
"12292","AC126178.1","Exc L4-5 RORB IL1RAPL2",-0.0197649501565437,0.340884835927908,0.0347457276490955,0.920269417019561,0.983307976023668,0.983307976023668,"social_isolation_avg"
"12293","LINC02392","Exc L4-5 RORB IL1RAPL2",0.0626010880056437,-0.113765719271668,0.177253861904241,0.674290830607441,0.885682527311585,0.885682527311585,"social_isolation_avg"
"12294","BTG1","Exc L4-5 RORB IL1RAPL2",-0.115180680870577,3.50064316183216,5.42476547164807,0.0210629909987496,0.152987659380937,0.152987659380937,"social_isolation_avg"
"12295","AC025164.1","Exc L4-5 RORB IL1RAPL2",0.074689723942991,0.502526551460786,0.51224280626503,0.475179368251847,0.768967880050598,0.768967880050598,"social_isolation_avg"
"12296","EEA1","Exc L4-5 RORB IL1RAPL2",-0.00319978458514904,6.16246670060259,0.0313038817758881,0.859780738639957,0.964243395716678,0.964243395716678,"social_isolation_avg"
"12297","AC138123.1","Exc L4-5 RORB IL1RAPL2",-0.0869513178182009,4.06513170218682,1.03894638765035,0.309556162875478,0.639223565287733,0.639223565287733,"social_isolation_avg"
"12298","AC138123.2","Exc L4-5 RORB IL1RAPL2",0.166312185247981,-0.632531016223617,0.779274226481025,0.378645192780851,0.697056401304386,0.697056401304386,"social_isolation_avg"
"12299","AC124947.1","Exc L4-5 RORB IL1RAPL2",0.194774019440547,2.83062330218638,7.0942401544652,0.00849838461238399,0.089481321786821,0.089481321786821,"social_isolation_avg"
"12300","NUDT4","Exc L4-5 RORB IL1RAPL2",-0.0365125494551307,6.62867415830843,3.16667088937561,0.0769929783678029,0.318604497752418,0.318604497752418,"social_isolation_avg"
"12301","UBE2N","Exc L4-5 RORB IL1RAPL2",-0.0473641031020496,5.90662812998434,6.26113143390702,0.0133135593423373,0.11613916842617,0.11613916842617,"social_isolation_avg"
"12302","MRPL42","Exc L4-5 RORB IL1RAPL2",-0.0834394907540438,5.17308618541854,13.5867085064445,0.000308515180270664,0.011225799472887,0.011225799472887,"social_isolation_avg"
"12303","SOCS2","Exc L4-5 RORB IL1RAPL2",-0.0354640014843725,3.24100880365032,0.491376836294719,0.484299388646157,0.776035631146167,0.776035631146167,"social_isolation_avg"
"12304","CRADD","Exc L4-5 RORB IL1RAPL2",0.0237458943291177,6.5869621319768,0.662252449342771,0.416936595024988,0.725422731083941,0.725422731083941,"social_isolation_avg"
"12305","AC012085.2","Exc L4-5 RORB IL1RAPL2",-0.0436297517455534,1.16827514428608,0.218777072126773,0.895394847316258,0.976133089771314,0.976133089771314,"social_isolation_avg"
"12306","AC012464.1","Exc L4-5 RORB IL1RAPL2",0.0060862387129834,0.313773712505078,0.00255230843904585,0.959768708267315,0.991774908215579,0.991774908215579,"social_isolation_avg"
"12307","PLXNC1","Exc L4-5 RORB IL1RAPL2",-0.0302798587347657,5.73057454796057,1.12719362057558,0.289923454848963,0.621391594158332,0.621391594158332,"social_isolation_avg"
"12308","AC123567.2","Exc L4-5 RORB IL1RAPL2",0.0619387552022465,0.364645971482996,0.347861975889967,0.61007546286928,0.852088125263869,0.852088125263869,"social_isolation_avg"
"12309","AC073655.1","Exc L4-5 RORB IL1RAPL2",0.0172443136343824,-0.191662006388227,0.0145042846952029,0.904285831230719,0.978397583639639,0.978397583639639,"social_isolation_avg"
"12310","AC073655.2","Exc L4-5 RORB IL1RAPL2",0.037386347261017,0.258729800911592,0.138421598437878,0.722218562391908,0.909551212660895,0.909551212660895,"social_isolation_avg"
"12311","CEP83","Exc L4-5 RORB IL1RAPL2",-0.00316100364734591,5.23843080270665,0.0147120863066874,0.903605977319066,0.978393297244221,0.978393297244221,"social_isolation_avg"
"12312","NDUFA12","Exc L4-5 RORB IL1RAPL2",-0.0822906592185764,4.86511721848496,7.19473076123342,0.00805431687000502,0.086983863868359,0.086983863868359,"social_isolation_avg"
"12313","NR2C1","Exc L4-5 RORB IL1RAPL2",0.0643370447659666,6.23736404442976,11.8686512484236,0.000723651919640785,0.0192036717693174,0.0192036717693174,"social_isolation_avg"
"12314","FGD6","Exc L4-5 RORB IL1RAPL2",0.0123397153350151,5.68710274384091,0.115038119985424,0.734910144476648,0.91516949422438,0.91516949422438,"social_isolation_avg"
"12315","VEZT","Exc L4-5 RORB IL1RAPL2",0.0132137913091339,7.31222767161315,1.08612442988724,0.298853354925275,0.629899112013047,0.629899112013047,"social_isolation_avg"
"12316","METAP2","Exc L4-5 RORB IL1RAPL2",-0.0301853862504898,5.71891621826017,2.0845377801402,0.150689879995081,0.448018353603246,0.448018353603246,"social_isolation_avg"
"12317","USP44","Exc L4-5 RORB IL1RAPL2",0.0109465053901778,3.10916984276704,0.0352955568958012,0.851208112489711,0.961873912835597,0.961873912835597,"social_isolation_avg"
"12318","NTN4","Exc L4-5 RORB IL1RAPL2",0.0505130140150563,6.49610169937299,1.71899112429598,0.191641397364086,0.502988886048809,0.502988886048809,"social_isolation_avg"
"12319","AC090001.1","Exc L4-5 RORB IL1RAPL2",-0.174367509580621,0.446784104393336,1.79668225563145,0.181953508089679,0.488383844424893,0.488383844424893,"social_isolation_avg"
"12320","LINC02410","Exc L4-5 RORB IL1RAPL2",0.249893821455369,-0.148099788247915,3.35937635491027,0.0686224460486535,0.299721213801908,0.299721213801908,"social_isolation_avg"
"12321","SNRPF","Exc L4-5 RORB IL1RAPL2",0.0500068914982607,4.55928879301616,1.09868951229006,0.296084073716693,0.626925554923181,0.626925554923181,"social_isolation_avg"
"12322","CCDC38","Exc L4-5 RORB IL1RAPL2",0.172556560880223,1.10441647547873,4.01549586141192,0.0467173465256202,0.243058812685198,0.243058812685198,"social_isolation_avg"
"12323","AMDHD1","Exc L4-5 RORB IL1RAPL2",0.184402108962896,0.508154072660982,2.51397523576436,0.114752174658093,0.391138493984738,0.391138493984738,"social_isolation_avg"
"12324","HAL","Exc L4-5 RORB IL1RAPL2",-0.0278434738288767,-0.909869021607152,0.0139656164487273,0.906071523428665,0.979091433403032,0.979091433403032,"social_isolation_avg"
"12325","LTA4H","Exc L4-5 RORB IL1RAPL2",0.0277238493861971,4.917871651843,1.46642693837213,0.227638812324048,0.549311818388383,0.549311818388383,"social_isolation_avg"
"12326","ELK3","Exc L4-5 RORB IL1RAPL2",0.0733839340798661,1.39780775015155,0.965201580708408,0.327315600837655,0.653716011884031,0.653716011884031,"social_isolation_avg"
"12327","CDK17","Exc L4-5 RORB IL1RAPL2",0.0225850301204171,6.38297913453075,1.25622800414677,0.263992012360961,0.594304233867268,0.594304233867268,"social_isolation_avg"
"12328","AC007513.1","Exc L4-5 RORB IL1RAPL2",-0.0217710445277622,0.301721969430946,0.0395735365906396,0.842561209295618,0.960001268398186,0.960001268398186,"social_isolation_avg"
"12329","CFAP54","Exc L4-5 RORB IL1RAPL2",0.0453882948170867,4.10671510700515,0.450109097579846,0.503219525553226,0.788945967860118,0.788945967860118,"social_isolation_avg"
"12330","NEDD1","Exc L4-5 RORB IL1RAPL2",0.0946790989656174,2.26732383368285,2.99407017603218,0.0854362209225712,0.336218539117298,0.336218539117298,"social_isolation_avg"
"12331","AC007656.1","Exc L4-5 RORB IL1RAPL2",-0.0752942239906433,4.57627869555953,0.948877988094602,0.331428412366149,0.656660170934583,0.656660170934583,"social_isolation_avg"
"12332","AC016152.1","Exc L4-5 RORB IL1RAPL2",-0.151952133025041,1.9950962406854,2.30479927173152,0.130885217716021,0.416560696428967,0.416560696428967,"social_isolation_avg"
"12333","TMPO","Exc L4-5 RORB IL1RAPL2",-0.0522863733273258,4.31672697944657,3.32998151004532,0.0698329520680326,0.302705449273595,0.302705449273595,"social_isolation_avg"
"12334","SLC25A3","Exc L4-5 RORB IL1RAPL2",-0.047859298102316,5.99604957541789,3.23834889031683,0.0737569992120906,0.31109389978932,0.31109389978932,"social_isolation_avg"
"12335","IKBIP","Exc L4-5 RORB IL1RAPL2",0.0680434094538122,3.42688426383674,2.36894631796217,0.125682663947427,0.408660651091422,0.408660651091422,"social_isolation_avg"
"12336","APAF1","Exc L4-5 RORB IL1RAPL2",0.0181795788648167,4.18537873759445,0.332936706030884,0.564719943927221,0.826725939162625,0.826725939162625,"social_isolation_avg"
"12337","ANKS1B","Exc L4-5 RORB IL1RAPL2",0.0300292767528474,11.4905329263737,4.54679907089306,0.0344572155610628,0.203236132637428,0.203236132637428,"social_isolation_avg"
"12338","AC069437.1","Exc L4-5 RORB IL1RAPL2",0.0231657309268141,4.84431937275774,0.250848804087799,0.617144304754589,0.855042200790958,0.855042200790958,"social_isolation_avg"
"12339","AC117377.1","Exc L4-5 RORB IL1RAPL2",-0.0349399676120014,0.0434400043900758,0.0653890035642695,0.79849058816171,0.94343951658597,0.94343951658597,"social_isolation_avg"
"12340","UHRF1BP1L","Exc L4-5 RORB IL1RAPL2",0.0104690352628671,6.54562508591879,0.575729433195025,0.449071710614975,0.749796400085223,0.749796400085223,"social_isolation_avg"
"12341","AC010203.2","Exc L4-5 RORB IL1RAPL2",0.0194577835216147,-0.178912562378808,0.0186829469749822,0.891445665709863,0.974893506894575,0.974893506894575,"social_isolation_avg"
"12342","ACTR6","Exc L4-5 RORB IL1RAPL2",0.0144741664668932,4.95306628305481,0.410818436240191,0.650288059211446,0.873123571673268,0.873123571673268,"social_isolation_avg"
"12343","DEPDC4","Exc L4-5 RORB IL1RAPL2",0.0586496994044439,2.2259934875509,1.13676681639615,0.287891367641278,0.619139868963472,0.619139868963472,"social_isolation_avg"
"12344","SCYL2","Exc L4-5 RORB IL1RAPL2",0.0451448956734284,6.04094991790043,6.79493475019987,0.0099773144536312,0.098221002485513,0.098221002485513,"social_isolation_avg"
"12345","GAS2L3","Exc L4-5 RORB IL1RAPL2",-0.0841713363578888,1.11857163799421,0.902186352577316,0.343582819146457,0.66649487458169,0.66649487458169,"social_isolation_avg"
"12346","ANO4","Exc L4-5 RORB IL1RAPL2",0.0279812767012634,6.21985638926511,0.568759067681088,0.451825457125434,0.75222080723892,0.75222080723892,"social_isolation_avg"
"12347","SLC5A8","Exc L4-5 RORB IL1RAPL2",0.410717970503091,0.272435679839895,4.14993189993725,0.0432311525046709,0.232050109656987,0.232050109656987,"social_isolation_avg"
"12348","UTP20","Exc L4-5 RORB IL1RAPL2",0.012585840490835,4.25639588156104,0.158739484861509,0.690833862224828,0.893884121394787,0.893884121394787,"social_isolation_avg"
"12349","ARL1","Exc L4-5 RORB IL1RAPL2",-0.0418193828481796,4.64671558705746,2.56151790497018,0.111402907409515,0.385714367712274,0.385714367712274,"social_isolation_avg"
"12350","MYBPC1","Exc L4-5 RORB IL1RAPL2",0.108567608932504,5.81830555124201,1.40716960645529,0.237229077403868,0.560936187647911,0.560936187647911,"social_isolation_avg"
"12351","CHPT1","Exc L4-5 RORB IL1RAPL2",-0.0232677414122967,7.2509148407325,0.861313910376625,0.354724457078031,0.675225498226703,0.675225498226703,"social_isolation_avg"
"12352","SYCP3","Exc L4-5 RORB IL1RAPL2",0.0659266702510018,2.22779869332693,1.01014844446865,0.430058711496488,0.735398892817776,0.735398892817776,"social_isolation_avg"
"12353","GNPTAB","Exc L4-5 RORB IL1RAPL2",0.0109728604279776,6.58385993514628,0.43566192257724,0.510142397868773,0.793783249183803,0.793783249183803,"social_isolation_avg"
"12354","DRAM1","Exc L4-5 RORB IL1RAPL2",0.155665770689362,0.658353295528573,2.40108755327706,0.123163414293738,0.403737865878692,0.403737865878692,"social_isolation_avg"
"12355","AC079907.2","Exc L4-5 RORB IL1RAPL2",-0.156377063120194,-0.0706450206387669,1.6132493023294,0.205820632778919,0.522933939390375,0.522933939390375,"social_isolation_avg"
"12356","WASHC3","Exc L4-5 RORB IL1RAPL2",-0.0611674908246154,4.41853161821322,2.89269877986404,0.0908622468765378,0.348723037150298,0.348723037150298,"social_isolation_avg"
"12357","NUP37","Exc L4-5 RORB IL1RAPL2",0.0912554905440666,2.73792040042583,3.5644123744687,0.0607828907318382,0.280606605601234,0.280606605601234,"social_isolation_avg"
"12358","PARPBP","Exc L4-5 RORB IL1RAPL2",0.143085338591016,2.70766574503211,4.78713286837814,0.0300766784804799,0.188229194989157,0.188229194989157,"social_isolation_avg"
"12359","LINC02456","Exc L4-5 RORB IL1RAPL2",0.526963055305734,-0.0194763642240085,14.0118958687418,0.000250388766524158,0.00980870776688116,0.00980870776688116,"social_isolation_avg"
"12360","PAH","Exc L4-5 RORB IL1RAPL2",-0.0480555539869924,4.12309162194589,0.371539219646734,0.54300339080341,0.813981638339895,0.813981638339895,"social_isolation_avg"
"12361","ASCL1","Exc L4-5 RORB IL1RAPL2",-0.213210365707318,2.49561765473556,7.1525887157272,0.00823754737196142,0.0880082630292953,0.0880082630292953,"social_isolation_avg"
"12362","AC068643.1","Exc L4-5 RORB IL1RAPL2",-0.161638509629299,0.785763742057848,1.93113396116057,0.166503285123101,0.470280438545185,0.470280438545185,"social_isolation_avg"
"12363","C12orf42","Exc L4-5 RORB IL1RAPL2",-0.0848679834301204,4.051287549627,2.31226810942708,0.130267196191603,0.41536663618829,0.41536663618829,"social_isolation_avg"
"12364","STAB2","Exc L4-5 RORB IL1RAPL2",-0.103564445713966,1.83174921472137,2.20005699044579,0.139909803679524,0.432569511642181,0.432569511642181,"social_isolation_avg"
"12365","AC025265.2","Exc L4-5 RORB IL1RAPL2",0.0721389978461665,-0.0830262288880833,0.227791962368697,0.633796350856278,0.865154438176829,0.865154438176829,"social_isolation_avg"
"12366","AC025265.1","Exc L4-5 RORB IL1RAPL2",-0.0815570542926207,2.55651060552583,1.62640863384976,0.203989969691541,0.52066561669144,0.52066561669144,"social_isolation_avg"
"12367","NT5DC3","Exc L4-5 RORB IL1RAPL2",-0.0203977931800842,5.92564423206257,0.543459370929962,0.462047689642507,0.759587712877867,0.759587712877867,"social_isolation_avg"
"12368","HSP90B1","Exc L4-5 RORB IL1RAPL2",-0.0496981027054729,5.80668613332292,3.01049688058707,0.0845907788815212,0.334631429483015,0.334631429483015,"social_isolation_avg"
"12369","C12orf73","Exc L4-5 RORB IL1RAPL2",-0.124623418503108,3.84238464861146,11.107586788286,0.00106097660222859,0.0246391007244126,0.0246391007244126,"social_isolation_avg"
"12370","TDG","Exc L4-5 RORB IL1RAPL2",0.0240732532789576,4.77364022225424,0.495862035140738,0.482314827303713,0.774975522220773,0.774975522220773,"social_isolation_avg"
"12371","GLT8D2","Exc L4-5 RORB IL1RAPL2",-0.0314979572816055,3.81958430481839,0.521429101567342,0.471252999159664,0.765831658258181,0.765831658258181,"social_isolation_avg"
"12372","HCFC2","Exc L4-5 RORB IL1RAPL2",-9.20653314597231e-05,5.02539801322734,1.83059424173633e-05,0.99659138509376,0.999517208019121,0.999517208019121,"social_isolation_avg"
"12373","NFYB","Exc L4-5 RORB IL1RAPL2",-0.0032768573682913,4.19985938155594,0.0106763877233626,0.926991071083034,0.98417618971798,0.98417618971798,"social_isolation_avg"
"12374","TXNRD1","Exc L4-5 RORB IL1RAPL2",-0.0735792387403065,6.24982503464069,8.21705278670256,0.00469010563827952,0.0629554491227119,0.0629554491227119,"social_isolation_avg"
"12375","AC089983.1","Exc L4-5 RORB IL1RAPL2",-0.0890928411415735,-0.29327999718694,0.432316945508325,0.511768779282432,0.795266536164503,0.795266536164503,"social_isolation_avg"
"12376","CHST11","Exc L4-5 RORB IL1RAPL2",0.0157681299430543,3.6417689710679,0.0109072176248778,0.916948678977298,0.9829236844898,0.9829236844898,"social_isolation_avg"
"12377","SLC41A2","Exc L4-5 RORB IL1RAPL2",0.0513224509179859,6.2318646763177,10.7197899852189,0.00129102123809516,0.0278879890602751,0.0278879890602751,"social_isolation_avg"
"12378","C12orf45","Exc L4-5 RORB IL1RAPL2",-0.104742191985942,4.20747851966176,12.3442885055882,0.000570652984011701,0.0162957026630989,0.0162957026630989,"social_isolation_avg"
"12379","ALDH1L2","Exc L4-5 RORB IL1RAPL2",0.111785316817064,4.27629167768016,5.86600701550536,0.0165172044879454,0.131959278339388,0.131959278339388,"social_isolation_avg"
"12380","AC016257.1","Exc L4-5 RORB IL1RAPL2",-0.0253932673614669,0.206247284032414,0.0378954032510123,0.845892373673811,0.961597389721097,0.961597389721097,"social_isolation_avg"
"12381","WASHC4","Exc L4-5 RORB IL1RAPL2",-0.00691296326941514,5.29627590556728,0.0910723558594761,0.763197620347527,0.929286899099656,0.929286899099656,"social_isolation_avg"
"12382","APPL2","Exc L4-5 RORB IL1RAPL2",0.0410473536928642,6.47039631055572,3.50987524088643,0.062769292192808,0.285053179656161,0.285053179656161,"social_isolation_avg"
"12383","C12orf75","Exc L4-5 RORB IL1RAPL2",-0.0484042733124266,2.98068193978296,0.969249050750254,0.32630637494221,0.652982310523691,0.652982310523691,"social_isolation_avg"
"12384","CASC18","Exc L4-5 RORB IL1RAPL2",0.116693323080106,1.24153978186735,1.58559799346453,0.209731446087556,0.527913887378296,0.527913887378296,"social_isolation_avg"
"12385","AC011595.2","Exc L4-5 RORB IL1RAPL2",-0.0313012103939946,-0.0622946273923345,0.054415454257044,0.815839438984583,0.951591878420689,0.951591878420689,"social_isolation_avg"
"12386","NUAK1","Exc L4-5 RORB IL1RAPL2",-0.0539663373577433,7.92461613376242,6.28363719122112,0.0131517805945946,0.115419684893471,0.115419684893471,"social_isolation_avg"
"12387","AC011595.1","Exc L4-5 RORB IL1RAPL2",-0.0787205210498386,-0.657175011769794,0.212839844889975,0.645157112179568,0.870150990180991,0.870150990180991,"social_isolation_avg"
"12388","CKAP4","Exc L4-5 RORB IL1RAPL2",-0.0854037608833359,3.71419676906137,7.08371035014917,0.00895874175236266,0.0923957780697975,0.0923957780697975,"social_isolation_avg"
"12389","AC079174.2","Exc L4-5 RORB IL1RAPL2",-0.129211848424448,1.84084598741457,4.44424946594807,0.0365268432020805,0.210516113380008,0.210516113380008,"social_isolation_avg"
"12390","TCP11L2","Exc L4-5 RORB IL1RAPL2",-0.0317421015793213,2.9167453597837,0.433118469327092,0.64246506573381,0.868889526937839,0.868889526937839,"social_isolation_avg"
"12391","POLR3B","Exc L4-5 RORB IL1RAPL2",-0.00629540508201334,4.70306107404972,0.042893687919974,0.836180497341792,0.956824497333631,0.956824497333631,"social_isolation_avg"
"12392","AC079385.1","Exc L4-5 RORB IL1RAPL2",0.0708910542155651,5.86047178587669,4.53394043347849,0.034709789525855,0.203675598670978,0.203675598670978,"social_isolation_avg"
"12393","RFX4","Exc L4-5 RORB IL1RAPL2",-0.00121994516971556,1.8450920876501,0.000108623936862821,0.991696941736218,0.998823476769455,0.998823476769455,"social_isolation_avg"
"12394","RIC8B","Exc L4-5 RORB IL1RAPL2",0.0165057835075123,6.38470216473401,1.42047866779663,0.23503296687317,0.558184858316462,0.558184858316462,"social_isolation_avg"
"12395","AC007541.1","Exc L4-5 RORB IL1RAPL2",-0.0800140739268404,2.13921365767966,1.9277132817604,0.166877042105015,0.470844096878763,0.470844096878763,"social_isolation_avg"
"12396","TMEM263","Exc L4-5 RORB IL1RAPL2",-0.0457431914209316,4.40663508638177,2.35829480154547,0.126530233279488,0.409538970165627,0.409538970165627,"social_isolation_avg"
"12397","MTERF2","Exc L4-5 RORB IL1RAPL2",0.0441952675174229,4.34964434853942,2.53492274230654,0.113262874796085,0.388612772612447,0.388612772612447,"social_isolation_avg"
"12398","CRY1","Exc L4-5 RORB IL1RAPL2",-0.00561798403697246,4.85955702961381,0.0136892109400981,0.907001376429331,0.979320338732308,0.979320338732308,"social_isolation_avg"
"12399","BTBD11","Exc L4-5 RORB IL1RAPL2",0.181883300367573,4.9315803223739,2.05080212975609,0.154014271325326,0.45353770776685,0.45353770776685,"social_isolation_avg"
"12400","PWP1","Exc L4-5 RORB IL1RAPL2",0.0135728442965395,4.78365091537721,0.336888613114171,0.562421122417917,0.824991864273929,0.824991864273929,"social_isolation_avg"
"12401","PRDM4","Exc L4-5 RORB IL1RAPL2",-0.0187706819110862,4.45620537357478,0.443520892282198,0.506356280504099,0.79127946267208,0.79127946267208,"social_isolation_avg"
"12402","AC007622.2","Exc L4-5 RORB IL1RAPL2",-0.0822315362843816,0.16838499557169,0.47504113214451,0.644491202292381,0.869732087329029,0.869732087329029,"social_isolation_avg"
"12403","AC126177.8","Exc L4-5 RORB IL1RAPL2",-0.198004012918927,0.010883283121032,2.46768036027501,0.118121530779328,0.396711059022417,0.396711059022417,"social_isolation_avg"
"12404","AC126177.4","Exc L4-5 RORB IL1RAPL2",-0.066601272224801,1.51929803084948,0.767907078006824,0.382136990659575,0.700042798753063,0.700042798753063,"social_isolation_avg"
"12405","WSCD2","Exc L4-5 RORB IL1RAPL2",0.0636122877261499,6.14158024226168,6.46994271575421,0.0118884815658279,0.109142144447855,0.109142144447855,"social_isolation_avg"
"12406","CMKLR1","Exc L4-5 RORB IL1RAPL2",0.136311385878541,-0.144634885541049,0.834784958980492,0.362223308105935,0.682088695528701,0.682088695528701,"social_isolation_avg"
"12407","LINC01498","Exc L4-5 RORB IL1RAPL2",0.134409023349007,0.106023005278422,1.15327028544288,0.284430786706291,0.615615982071578,0.615615982071578,"social_isolation_avg"
"12408","FICD","Exc L4-5 RORB IL1RAPL2",-0.0834998440784695,1.92203724874064,2.07275554039765,0.151841530922972,0.449613859957344,0.449613859957344,"social_isolation_avg"
"12409","SART3","Exc L4-5 RORB IL1RAPL2",-0.00889835049214185,4.96631818244793,0.132434488498839,0.752538333759595,0.924475900082151,0.924475900082151,"social_isolation_avg"
"12410","ISCU","Exc L4-5 RORB IL1RAPL2",-0.0622082128412906,5.89436960145549,3.78720974884194,0.0533414965385146,0.26190933085013,0.26190933085013,"social_isolation_avg"
"12411","SELPLG","Exc L4-5 RORB IL1RAPL2",-0.0957879661971918,0.0838172872127334,0.594246609096825,0.441882129724741,0.744152237939235,0.744152237939235,"social_isolation_avg"
"12412","AC007569.1","Exc L4-5 RORB IL1RAPL2",0.177209851202825,0.129435534986735,2.28109897329124,0.132868290916286,0.41909288950674,0.41909288950674,"social_isolation_avg"
"12413","CORO1C","Exc L4-5 RORB IL1RAPL2",0.0682417373819954,5.31809734222385,6.88715357545447,0.00949519036482175,0.0959201798680151,0.0959201798680151,"social_isolation_avg"
"12414","SSH1","Exc L4-5 RORB IL1RAPL2",0.018798859693592,5.97609024167427,1.09754427991191,0.296335100639613,0.627181564756602,0.627181564756602,"social_isolation_avg"
"12415","DAO","Exc L4-5 RORB IL1RAPL2",0.028731009296091,1.01049116085338,0.0993925767460751,0.90402199638697,0.978397583639639,0.978397583639639,"social_isolation_avg"
"12416","SVOP","Exc L4-5 RORB IL1RAPL2",-0.0686787324845245,6.85888268275742,5.66596610706192,0.0184359390537571,0.141961510393796,0.141961510393796,"social_isolation_avg"
"12417","USP30","Exc L4-5 RORB IL1RAPL2",0.0834142252506081,4.63772316883962,12.2787033858489,0.000589611014736593,0.0167256821736598,0.0167256821736598,"social_isolation_avg"
"12418","ALKBH2","Exc L4-5 RORB IL1RAPL2",-0.0300420792992882,1.94220290518575,0.224833553231029,0.636007168792472,0.866308519237087,0.866308519237087,"social_isolation_avg"
"12419","UNG","Exc L4-5 RORB IL1RAPL2",0.0357532465170742,3.30667994877531,0.973560239020762,0.325235946023499,0.652229924187665,0.652229924187665,"social_isolation_avg"
"12420","ACACB","Exc L4-5 RORB IL1RAPL2",0.148441673677299,3.21809332208546,4.08914206421173,0.0447720042671365,0.236628796854327,0.236628796854327,"social_isolation_avg"
"12421","MYO1H","Exc L4-5 RORB IL1RAPL2",-0.0410791710347807,1.22738822697375,0.205990790418667,0.650523428790793,0.873132850688131,0.873132850688131,"social_isolation_avg"
"12422","KCTD10","Exc L4-5 RORB IL1RAPL2",-0.0299892126816828,3.69087764134131,0.781286054439553,0.378031912081386,0.696740873611134,0.696740873611134,"social_isolation_avg"
"12423","UBE3B","Exc L4-5 RORB IL1RAPL2",0.0237389472753364,5.18676710011689,1.31767245779687,0.252668785792838,0.580261951842568,0.580261951842568,"social_isolation_avg"
"12424","MMAB","Exc L4-5 RORB IL1RAPL2",0.0171032660156522,3.88114753244294,0.201497238642255,0.654102954212486,0.875479011293795,0.875479011293795,"social_isolation_avg"
"12425","MVK","Exc L4-5 RORB IL1RAPL2",0.0993381841062303,3.25614534498395,5.1338563315877,0.0247611389391326,0.167323396381189,0.167323396381189,"social_isolation_avg"
"12426","FAM222A","Exc L4-5 RORB IL1RAPL2",0.0124678154498201,2.56510168337374,0.0291880548518884,0.864554497508174,0.966438752795226,0.966438752795226,"social_isolation_avg"
"12427","FAM222A-AS1","Exc L4-5 RORB IL1RAPL2",0.00650590962612126,0.084660177025731,0.00194669162651263,0.96486094589598,0.993639250927874,0.993639250927874,"social_isolation_avg"
"12428","TRPV4","Exc L4-5 RORB IL1RAPL2",0.0477395506442977,0.0532744713894519,0.156350747036178,0.848749916266961,0.961873912835597,0.961873912835597,"social_isolation_avg"
"12429","GLTP","Exc L4-5 RORB IL1RAPL2",0.00831779662629974,3.61801814403875,0.0722613786927115,0.932051443714039,0.986096251762097,0.986096251762097,"social_isolation_avg"
"12430","TCHP","Exc L4-5 RORB IL1RAPL2",0.0387709980386039,4.62092727328474,1.88397258702862,0.171742793768729,0.476569280752994,0.476569280752994,"social_isolation_avg"
"12431","GIT2","Exc L4-5 RORB IL1RAPL2",0.0479959384893434,6.22802149842496,6.415126340364,0.0122465339103863,0.110710304882188,0.110710304882188,"social_isolation_avg"
"12432","ANKRD13A","Exc L4-5 RORB IL1RAPL2",0.068684847997914,4.7257441893089,7.46769626396177,0.00696510231392402,0.0804067729601931,0.0804067729601931,"social_isolation_avg"
"12433","C12orf76","Exc L4-5 RORB IL1RAPL2",-0.0602557419280163,5.75469227099828,7.24887302839142,0.00782507472828797,0.0857811349559308,0.0857811349559308,"social_isolation_avg"
"12434","IFT81","Exc L4-5 RORB IL1RAPL2",0.0638411541569689,5.07122278003322,6.78102020790461,0.0100522321862138,0.0988043039975846,0.0988043039975846,"social_isolation_avg"
"12435","ATP2A2","Exc L4-5 RORB IL1RAPL2",-0.070853665121839,7.4410024575605,15.132047679726,0.000145036487689989,0.00720271754221073,0.00720271754221073,"social_isolation_avg"
"12436","ANAPC7","Exc L4-5 RORB IL1RAPL2",-0.0662258513972508,5.22710646647172,9.39823153699924,0.00253759123279421,0.0431480522543959,0.0431480522543959,"social_isolation_avg"
"12437","ARPC3","Exc L4-5 RORB IL1RAPL2",-0.0495971195017868,5.39394670665478,3.3124396605219,0.0705663186777521,0.304211737457678,0.304211737457678,"social_isolation_avg"
"12438","GPN3","Exc L4-5 RORB IL1RAPL2",-0.00674151854995777,3.00775870685448,0.0281846048838002,0.954273098421397,0.989932191279706,0.989932191279706,"social_isolation_avg"
"12439","FAM216A","Exc L4-5 RORB IL1RAPL2",0.0196754065641952,4.91140564518996,0.680354117799141,0.410653527770528,0.721241905197764,0.721241905197764,"social_isolation_avg"
"12440","VPS29","Exc L4-5 RORB IL1RAPL2",-0.0368232644495056,5.50904703674058,2.38738757510736,0.124230246160387,0.405968996131378,0.405968996131378,"social_isolation_avg"
"12441","RAD9B","Exc L4-5 RORB IL1RAPL2",0.130014043774667,0.541394906483564,1.6261559224183,0.204024943052248,0.520684643578579,0.520684643578579,"social_isolation_avg"
"12442","PPTC7","Exc L4-5 RORB IL1RAPL2",-0.0260146685705548,4.44597876916752,0.996915627928274,0.401368508950379,0.714219275637179,0.714219275637179,"social_isolation_avg"
"12443","TCTN1","Exc L4-5 RORB IL1RAPL2",-0.00870211144101322,4.03214175792483,0.0616433504053984,0.80422534180935,0.945668242643386,0.945668242643386,"social_isolation_avg"
"12444","HVCN1","Exc L4-5 RORB IL1RAPL2",0.124048892582729,0.928899451666833,2.14756367260902,0.191985690429666,0.503483808701825,0.503483808701825,"social_isolation_avg"
"12445","PPP1CC","Exc L4-5 RORB IL1RAPL2",-0.0446756969028245,4.64361793819794,3.61373164183762,0.0590446210061349,0.276052205104294,0.276052205104294,"social_isolation_avg"
"12446","AC002375.1","Exc L4-5 RORB IL1RAPL2",-0.0246456067494897,0.153634645323655,0.0208923034303957,0.88524881151774,0.973660414670342,0.973660414670342,"social_isolation_avg"
"12447","CUX2","Exc L4-5 RORB IL1RAPL2",-0.279106310893909,1.65370675412073,0.755030325801341,0.386148159951962,0.702394667799566,0.702394667799566,"social_isolation_avg"
"12448","PHETA1","Exc L4-5 RORB IL1RAPL2",-0.093125037422344,1.10345818264136,1.75573254144366,0.186986412480308,0.496305366871741,0.496305366871741,"social_isolation_avg"
"12449","LINC02356","Exc L4-5 RORB IL1RAPL2",0.0120015214892672,1.25734859357174,0.0209514560172691,0.885087614720782,0.973660414670342,0.973660414670342,"social_isolation_avg"
"12450","SH2B3","Exc L4-5 RORB IL1RAPL2",-0.00978955126382672,4.27257177087375,0.100468744392601,0.764118135519728,0.929360205936259,0.929360205936259,"social_isolation_avg"
"12451","ATXN2","Exc L4-5 RORB IL1RAPL2",0.0476698169861882,7.63339965891969,13.8475265848355,0.000271405978345902,0.0104588034954844,0.0104588034954844,"social_isolation_avg"
"12452","BRAP","Exc L4-5 RORB IL1RAPL2",0.0494168551118983,5.12121873892164,5.52475847071602,0.0199293840355537,0.147992101780499,0.147992101780499,"social_isolation_avg"
"12453","ACAD10","Exc L4-5 RORB IL1RAPL2",0.036253623529106,4.38932855073919,1.52271462783665,0.218960742402684,0.539268037866725,0.539268037866725,"social_isolation_avg"
"12454","AC002996.1","Exc L4-5 RORB IL1RAPL2",-0.00706941576660138,1.11011929682765,0.00783184516938672,0.938083780491444,0.987739983912839,0.987739983912839,"social_isolation_avg"
"12455","ALDH2","Exc L4-5 RORB IL1RAPL2",-0.0235808189972645,4.63859411967776,0.861000657626598,0.354811747387256,0.675323717162686,0.675323717162686,"social_isolation_avg"
"12456","MAPKAPK5-AS1","Exc L4-5 RORB IL1RAPL2",-0.0635172899241245,3.72572239894255,2.95631198755793,0.0874147248641461,0.340831025080322,0.340831025080322,"social_isolation_avg"
"12457","MAPKAPK5","Exc L4-5 RORB IL1RAPL2",0.0159106596953324,5.3570392187673,0.620027021792289,0.432164852429599,0.737197543272387,0.737197543272387,"social_isolation_avg"
"12458","TMEM116","Exc L4-5 RORB IL1RAPL2",0.0513912661540274,4.50776108423189,3.02145438552823,0.0840318996749789,0.333497704210803,0.333497704210803,"social_isolation_avg"
"12459","ERP29","Exc L4-5 RORB IL1RAPL2",-0.145191526804795,4.19259798787064,16.6114925117195,7.10979753450823e-05,0.00459127915189182,0.00459127915189182,"social_isolation_avg"
"12460","NAA25","Exc L4-5 RORB IL1RAPL2",0.0549174219464142,6.25115084042931,8.3270311692102,0.00442740245049638,0.0608470620913511,0.0608470620913511,"social_isolation_avg"
"12461","AC073575.1","Exc L4-5 RORB IL1RAPL2",0.00980588307815284,-0.180349938623471,0.0019809054618218,0.96455370314974,0.993485063543616,0.993485063543616,"social_isolation_avg"
"12462","TRAFD1","Exc L4-5 RORB IL1RAPL2",-0.000453107361418271,3.61565128355341,0.000179944725627402,0.989313396819947,0.998815366374805,0.998815366374805,"social_isolation_avg"
"12463","HECTD4","Exc L4-5 RORB IL1RAPL2",0.0385780275679187,8.26412751132414,8.14284013363176,0.00487639876457977,0.0645646037609663,0.0645646037609663,"social_isolation_avg"
"12464","RPL6","Exc L4-5 RORB IL1RAPL2",-0.0604385346823998,5.71554392429193,3.70603437265031,0.0559330277461269,0.268333878799307,0.268333878799307,"social_isolation_avg"
"12465","PTPN11","Exc L4-5 RORB IL1RAPL2",0.019518930544621,6.42522790611078,1.554723002137,0.214203461877368,0.533633140511083,0.533633140511083,"social_isolation_avg"
"12466","RPH3A","Exc L4-5 RORB IL1RAPL2",-0.0202504262276422,7.5552307130461,0.466239090923368,0.495678322055216,0.783997654264057,0.783997654264057,"social_isolation_avg"
"12467","OAS1","Exc L4-5 RORB IL1RAPL2",0.0425682663807741,0.383536748376635,0.0915565881388713,0.762587950900533,0.929286899099656,0.929286899099656,"social_isolation_avg"
"12468","AC004551.1","Exc L4-5 RORB IL1RAPL2",0.0489664025097698,0.619740628508792,0.218318735341644,0.640939297112024,0.868241160088046,0.868241160088046,"social_isolation_avg"
"12469","OAS3","Exc L4-5 RORB IL1RAPL2",-0.0393508540836234,0.110117962879168,0.071547957330127,0.789429604276415,0.940308312402521,0.940308312402521,"social_isolation_avg"
"12470","DTX1","Exc L4-5 RORB IL1RAPL2",0.00878966331994298,4.30589734844048,0.0984359870538276,0.840837425750214,0.959096029215083,0.959096029215083,"social_isolation_avg"
"12471","RASAL1","Exc L4-5 RORB IL1RAPL2",-0.12949422392623,4.24674931358358,5.36263257998266,0.0218011671735978,0.155836752584679,0.155836752584679,"social_isolation_avg"
"12472","CFAP73","Exc L4-5 RORB IL1RAPL2",0.053334001061322,0.630258561226239,0.259832768124122,0.610914961748538,0.852117185969555,0.852117185969555,"social_isolation_avg"
"12473","DDX54","Exc L4-5 RORB IL1RAPL2",-0.0989483041679464,3.26382916173907,7.11351055063247,0.0084113080065891,0.0890322868257304,0.0890322868257304,"social_isolation_avg"
"12474","RITA1","Exc L4-5 RORB IL1RAPL2",-0.0494175019709267,3.36128839922621,1.8515031290996,0.175461094631687,0.481843159873171,0.481843159873171,"social_isolation_avg"
"12475","AC089999.1","Exc L4-5 RORB IL1RAPL2",0.141588845353652,-0.255762351821046,1.1258075214127,0.290219201816879,0.621391594158332,0.621391594158332,"social_isolation_avg"
"12476","IQCD","Exc L4-5 RORB IL1RAPL2",-0.0412613010795524,1.22413595428042,0.299446557898101,0.81482195051535,0.951444738037576,0.951444738037576,"social_isolation_avg"
"12477","TPCN1","Exc L4-5 RORB IL1RAPL2",0.0134246786770363,5.21911998456606,0.357687903133098,0.550611680417634,0.817281608358524,0.817281608358524,"social_isolation_avg"
"12478","SLC8B1","Exc L4-5 RORB IL1RAPL2",0.106936362853686,5.46154879108756,9.45562231094798,0.00246361446234913,0.0425699079836601,0.0425699079836601,"social_isolation_avg"
"12479","PLBD2","Exc L4-5 RORB IL1RAPL2",0.00382403880203392,5.24531693415337,0.017343195296267,0.895386831932556,0.976133089771314,0.976133089771314,"social_isolation_avg"
"12480","SDSL","Exc L4-5 RORB IL1RAPL2",-0.162562317913365,1.54429827188391,4.188384835978,0.0422856388401884,0.229674752493945,0.229674752493945,"social_isolation_avg"
"12481","LINC01234","Exc L4-5 RORB IL1RAPL2",0.0769419386409688,4.14084739748066,3.94040897795777,0.0487936685071805,0.24817876393128,0.24817876393128,"social_isolation_avg"
"12482","RBM19","Exc L4-5 RORB IL1RAPL2",-0.00746356815069379,4.39468823821129,0.0631692746680198,0.923834411294155,0.98406073839423,0.98406073839423,"social_isolation_avg"
"12483","MED13L","Exc L4-5 RORB IL1RAPL2",0.0204601359463077,8.45504815324743,2.3697204603917,0.125621311932477,0.408660651091422,0.408660651091422,"social_isolation_avg"
"12484","MAP1LC3B2","Exc L4-5 RORB IL1RAPL2",-0.0389258581429679,3.26379228868028,0.419762533903635,0.517954454516729,0.799538222959669,0.799538222959669,"social_isolation_avg"
"12485","AC125603.2","Exc L4-5 RORB IL1RAPL2",0.363620635951894,-0.579465080643362,5.54220069868664,0.0197382658063885,0.147266453991592,0.147266453991592,"social_isolation_avg"
"12486","C12orf49","Exc L4-5 RORB IL1RAPL2",-0.10392986685501,4.07701182725349,12.1717292996654,0.00062192379977549,0.0172796185250397,0.0172796185250397,"social_isolation_avg"
"12487","RNFT2","Exc L4-5 RORB IL1RAPL2",0.0104002624835391,5.38661648883837,0.222193524980442,0.637995167537964,0.86714363659118,0.86714363659118,"social_isolation_avg"
"12488","HRK","Exc L4-5 RORB IL1RAPL2",-0.057616818779818,4.95571820700811,0.997935019142835,0.319270817910999,0.646710539095815,0.646710539095815,"social_isolation_avg"
"12489","FBXW8","Exc L4-5 RORB IL1RAPL2",0.0386109102883734,5.55411031795771,4.20602353311642,0.0418592903652189,0.228247732853114,0.228247732853114,"social_isolation_avg"
"12490","AC127164.1","Exc L4-5 RORB IL1RAPL2",-0.0623418930188902,0.994933561370771,0.370297636316997,0.543677374968323,0.814068841856827,0.814068841856827,"social_isolation_avg"
"12491","TESC","Exc L4-5 RORB IL1RAPL2",-0.0120859425177829,5.05118405511866,0.0751196447548246,0.784365631023534,0.938174480346183,0.938174480346183,"social_isolation_avg"
"12492","TESC-AS1","Exc L4-5 RORB IL1RAPL2",0.0887965841089443,0.116072739075446,0.524320350221465,0.470028120583306,0.765042314019278,0.765042314019278,"social_isolation_avg"
"12493","FBXO21","Exc L4-5 RORB IL1RAPL2",0.00599236787370551,6.39752008760677,0.183493478233656,0.668945681603273,0.88319874688546,0.88319874688546,"social_isolation_avg"
"12494","NOS1","Exc L4-5 RORB IL1RAPL2",0.00418083895222271,2.40920786095807,0.00594655448644132,0.938626191393017,0.987766326490576,0.987766326490576,"social_isolation_avg"
"12495","KSR2","Exc L4-5 RORB IL1RAPL2",0.0306423174122478,8.73190179060169,3.90138195392905,0.0499114997723087,0.251699223665206,0.251699223665206,"social_isolation_avg"
"12496","RFC5","Exc L4-5 RORB IL1RAPL2",0.0209882488630058,3.39845486286229,0.313190385377387,0.794680356722953,0.942823365284361,0.942823365284361,"social_isolation_avg"
"12497","WSB2","Exc L4-5 RORB IL1RAPL2",-0.0702853736992898,6.075594039173,6.61464542878106,0.010994532494773,0.104117892559359,0.104117892559359,"social_isolation_avg"
"12498","VSIG10","Exc L4-5 RORB IL1RAPL2",-0.017346120530973,4.63090355424809,0.266410689709107,0.606439502275718,0.84939239192826,0.84939239192826,"social_isolation_avg"
"12499","PEBP1","Exc L4-5 RORB IL1RAPL2",-0.135002711728093,8.453385369673,18.9055610711192,2.39422071352181e-05,0.00243554032906162,0.00243554032906162,"social_isolation_avg"
"12500","TAOK3","Exc L4-5 RORB IL1RAPL2",-0.00207966448848214,7.36199823583604,0.0111198969615255,0.916145866956584,0.982341377574834,0.982341377574834,"social_isolation_avg"
"12501","SUDS3","Exc L4-5 RORB IL1RAPL2",-0.00524366217689119,5.39080222234725,0.0494839440547734,0.824238316167695,0.953565464773053,0.953565464773053,"social_isolation_avg"
"12502","AC026367.3","Exc L4-5 RORB IL1RAPL2",-0.238372575011786,0.623689395861365,5.6377800660363,0.0187244234786463,0.143077751829123,0.143077751829123,"social_isolation_avg"
"12503","AC026367.2","Exc L4-5 RORB IL1RAPL2",-0.0444184711760767,1.39519184987945,0.369401286396002,0.544164915836385,0.814246292806662,0.814246292806662,"social_isolation_avg"
"12504","SRRM4","Exc L4-5 RORB IL1RAPL2",0.0117893531337602,8.78435755134994,0.434274929212617,0.51081568472619,0.794504198167221,0.794504198167221,"social_isolation_avg"
"12505","AC084361.1","Exc L4-5 RORB IL1RAPL2",0.0586096617308116,2.37024588594086,0.814100381382506,0.678293306701921,0.8873055625074,0.8873055625074,"social_isolation_avg"
"12506","HSPB8","Exc L4-5 RORB IL1RAPL2",-0.107156879970507,4.42894282052212,6.7374435833625,0.0102906470890176,0.100521080831855,0.100521080831855,"social_isolation_avg"
"12507","AC084880.2","Exc L4-5 RORB IL1RAPL2",0.129115221310561,0.120556254004047,0.960672299658561,0.328449907393445,0.653810780112717,0.653810780112717,"social_isolation_avg"
"12508","LINC00934","Exc L4-5 RORB IL1RAPL2",0.0376774449026747,-0.148237543199912,0.0745849675251282,0.785115343007746,0.938293153466554,0.938293153466554,"social_isolation_avg"
"12509","CCDC60","Exc L4-5 RORB IL1RAPL2",0.102988994490306,1.86123706821664,2.29008488052746,0.132112459851013,0.418219653799698,0.418219653799698,"social_isolation_avg"
"12510","AC002070.1","Exc L4-5 RORB IL1RAPL2",0.133581031592986,4.8644958023619,7.20251110987433,0.00802095186034198,0.08682175637845,0.08682175637845,"social_isolation_avg"
"12511","TMEM233","Exc L4-5 RORB IL1RAPL2",-1.18732700063417,-0.5332973958878,14.2993078462795,0.00021753867668393,0.00911968479100345,0.00911968479100345,"social_isolation_avg"
"12512","PRKAB1","Exc L4-5 RORB IL1RAPL2",0.0151617925402528,3.44824816836891,0.170081057124793,0.680574154771047,0.88830021621423,0.88830021621423,"social_isolation_avg"
"12513","CIT","Exc L4-5 RORB IL1RAPL2",0.02326486477968,8.03979263339325,0.907336500469258,0.342212913433222,0.665331949760582,0.665331949760582,"social_isolation_avg"
"12514","BICDL1","Exc L4-5 RORB IL1RAPL2",0.0610469802347911,7.23511458676834,13.1439199470244,0.000383784609890453,0.0129488400855802,0.0129488400855802,"social_isolation_avg"
"12515","RAB35","Exc L4-5 RORB IL1RAPL2",-0.0523582166237641,4.31880627284739,3.60044280067625,0.0595076739538206,0.277599777830434,0.277599777830434,"social_isolation_avg"
"12516","AC004812.2","Exc L4-5 RORB IL1RAPL2",-0.0632156941633415,2.14899035679176,1.10869967382791,0.392378939965205,0.70730011445891,0.70730011445891,"social_isolation_avg"
"12517","GCN1","Exc L4-5 RORB IL1RAPL2",0.00207203488529712,4.48017866164588,0.00690032287959866,0.933897834453007,0.986583286147705,0.986583286147705,"social_isolation_avg"
"12518","RPLP0","Exc L4-5 RORB IL1RAPL2",-0.00154826723009844,4.73644282810453,0.00283984924923546,0.957565009333661,0.990964806415906,0.990964806415906,"social_isolation_avg"
"12519","PXN-AS1","Exc L4-5 RORB IL1RAPL2",0.038072876918236,2.3716035535586,0.593785039648107,0.442059162900884,0.744344702433712,0.744344702433712,"social_isolation_avg"
"12520","PXN","Exc L4-5 RORB IL1RAPL2",-0.0388537471552785,3.34263108076073,0.658670189862878,0.418196940803641,0.72598376296982,0.72598376296982,"social_isolation_avg"
"12521","SIRT4","Exc L4-5 RORB IL1RAPL2",0.0496278196516156,3.3179298666243,1.49042064434441,0.223889783432906,0.545206161415657,0.545206161415657,"social_isolation_avg"
"12522","MSI1","Exc L4-5 RORB IL1RAPL2",-0.21281931316135,1.24913357374714,6.39277605480274,0.0123957179431001,0.111344968425333,0.111344968425333,"social_isolation_avg"
"12523","COX6A1","Exc L4-5 RORB IL1RAPL2",-0.796329160832353,-0.492122552193099,10.6568528597052,0.00133291332033873,0.0284205360468378,0.0284205360468378,"social_isolation_avg"
"12524","TRIAP1","Exc L4-5 RORB IL1RAPL2",-0.125666437861121,1.96419792868753,4.84547151663298,0.0291045148206595,0.184299372463754,0.184299372463754,"social_isolation_avg"
"12525","GATC","Exc L4-5 RORB IL1RAPL2",-0.0116810518313485,4.17484731054479,0.0971693313887861,0.755646182705178,0.925409800839138,0.925409800839138,"social_isolation_avg"
"12526","SRSF9","Exc L4-5 RORB IL1RAPL2",-0.0726000550517914,4.30901713519909,4.22783977565437,0.0413382655492434,0.22644379197264,0.22644379197264,"social_isolation_avg"
"12527","DYNLL1","Exc L4-5 RORB IL1RAPL2",-0.120739659949605,7.1804556978577,21.813290087349,6.19158313262154e-06,0.000992804614002815,0.000992804614002815,"social_isolation_avg"
"12528","NRAV","Exc L4-5 RORB IL1RAPL2",-0.170698442901778,2.04103602552335,8.57985806213672,0.00387934063268231,0.0559482199812384,0.0559482199812384,"social_isolation_avg"
"12529","COQ5","Exc L4-5 RORB IL1RAPL2",-0.028074266722011,3.32098000610492,0.717266936882998,0.513522534967789,0.796553523866662,0.796553523866662,"social_isolation_avg"
"12530","RNF10","Exc L4-5 RORB IL1RAPL2",-0.0357299233200755,5.84405757647498,3.4235048856588,0.0660594535257556,0.292771138854198,0.292771138854198,"social_isolation_avg"
"12531","POP5","Exc L4-5 RORB IL1RAPL2",-0.101883212596147,2.91196535569555,4.29919139371702,0.0396817033436311,0.221164135270609,0.221164135270609,"social_isolation_avg"
"12532","AC125616.1","Exc L4-5 RORB IL1RAPL2",-0.0196996645174821,3.88432689600288,0.295771202936474,0.587278496543165,0.839774518825062,0.839774518825062,"social_isolation_avg"
"12533","CABP1","Exc L4-5 RORB IL1RAPL2",-0.0332295254520551,9.01427943214719,1.32296594597347,0.251721755310031,0.578936535291789,0.578936535291789,"social_isolation_avg"
"12534","MLEC","Exc L4-5 RORB IL1RAPL2",-0.0749662362343824,4.9672526444233,9.63152464018714,0.00225036000042888,0.0400803979339658,0.0400803979339658,"social_isolation_avg"
"12535","UNC119B","Exc L4-5 RORB IL1RAPL2",-0.0782076085787022,3.34635247172597,3.99259230961288,0.0473405211708799,0.244414693725501,0.244414693725501,"social_isolation_avg"
"12536","ACADS","Exc L4-5 RORB IL1RAPL2",-0.108883726289538,1.53931561058669,1.51913694809102,0.219500324254108,0.540143794409153,0.540143794409153,"social_isolation_avg"
"12537","AC069234.1","Exc L4-5 RORB IL1RAPL2",0.103705707590194,1.66312755075789,2.30233509811463,0.131089842891336,0.416795650705253,0.416795650705253,"social_isolation_avg"
"12538","SPPL3","Exc L4-5 RORB IL1RAPL2",0.0334310157184054,7.09601838540257,4.01848026132742,0.0466367904160821,0.242755078806792,0.242755078806792,"social_isolation_avg"
"12539","C12orf43","Exc L4-5 RORB IL1RAPL2",-0.0964903027276033,4.31228223891511,9.99288740404368,0.00186963320965681,0.0358776165922075,0.0358776165922075,"social_isolation_avg"
"12540","P2RX7","Exc L4-5 RORB IL1RAPL2",-0.0290348222865323,5.91414076104289,0.526346870760207,0.469172652015865,0.764552213314287,0.764552213314287,"social_isolation_avg"
"12541","AC069209.1","Exc L4-5 RORB IL1RAPL2",0.00860010079025962,0.454208435842395,0.00408266603721398,0.949130445225388,0.988853552742656,0.988853552742656,"social_isolation_avg"
"12542","P2RX4","Exc L4-5 RORB IL1RAPL2",0.0616893563327817,4.011152753751,2.10494833745475,0.148718349385767,0.445731013579614,0.445731013579614,"social_isolation_avg"
"12543","CAMKK2","Exc L4-5 RORB IL1RAPL2",-0.0987576996729306,6.65550563690815,12.7972768234922,0.000455619046510253,0.0143428941221591,0.0143428941221591,"social_isolation_avg"
"12544","ANAPC5","Exc L4-5 RORB IL1RAPL2",-0.014029337149756,6.32974701752173,0.670596712016453,0.414022698962022,0.723424557432989,0.723424557432989,"social_isolation_avg"
"12545","RNF34","Exc L4-5 RORB IL1RAPL2",0.00640570558039358,5.67999980817112,0.0946706294849863,0.758708669882443,0.927000306266673,0.927000306266673,"social_isolation_avg"
"12546","KDM2B","Exc L4-5 RORB IL1RAPL2",0.0826362844617218,6.13052146441106,17.7328436143376,4.16602599282118e-05,0.00331764011960296,0.00331764011960296,"social_isolation_avg"
"12547","AC145422.1","Exc L4-5 RORB IL1RAPL2",0.194396555908288,4.37223200461007,24.7088373778097,1.65498817305361e-06,0.00042839113445171,0.00042839113445171,"social_isolation_avg"
"12548","MORN3","Exc L4-5 RORB IL1RAPL2",0.0663415718570965,2.9898386137634,2.23480368478409,0.136840400220499,0.426760707527948,0.426760707527948,"social_isolation_avg"
"12549","TMEM120B","Exc L4-5 RORB IL1RAPL2",0.0642278689445079,5.4542842941415,6.47241864224498,0.0118725679146008,0.10904895995736,0.10904895995736,"social_isolation_avg"
"12550","RHOF","Exc L4-5 RORB IL1RAPL2",-0.0386501348962688,3.10233000243442,1.0683709279075,0.302823572140335,0.634122672643778,0.634122672643778,"social_isolation_avg"
"12551","SETD1B","Exc L4-5 RORB IL1RAPL2",-0.0212586428351686,4.22808410246056,0.488857494307828,0.485420058994047,0.776602183125245,0.776602183125245,"social_isolation_avg"
"12552","HPD","Exc L4-5 RORB IL1RAPL2",0.0423721648784214,0.297558304761268,0.199197825586512,0.717041178637015,0.907543105011121,0.907543105011121,"social_isolation_avg"
"12553","WDR66","Exc L4-5 RORB IL1RAPL2",-0.0443272421165046,3.33500308616619,0.933974452499442,0.335244115372344,0.659783015078024,0.659783015078024,"social_isolation_avg"
"12554","AC069503.1","Exc L4-5 RORB IL1RAPL2",-0.075373580465569,0.927813354594814,0.781332170214302,0.378017870762254,0.696740873611134,0.696740873611134,"social_isolation_avg"
"12555","BCL7A","Exc L4-5 RORB IL1RAPL2",-0.021041765721875,5.40009876961929,0.765768147950524,0.382799148654873,0.700356658461495,0.700356658461495,"social_isolation_avg"
"12556","MLXIP","Exc L4-5 RORB IL1RAPL2",0.0200593416824729,5.75883368569183,0.801014639950717,0.372091573238455,0.690229868357333,0.690229868357333,"social_isolation_avg"
"12557","LRRC43","Exc L4-5 RORB IL1RAPL2",-0.00254825324470953,2.38648692599477,0.00246524916429441,0.960460229303986,0.992103172911244,0.992103172911244,"social_isolation_avg"
"12558","B3GNT4","Exc L4-5 RORB IL1RAPL2",-0.183263177708125,2.5163182626201,12.1903175509359,0.000616181866696324,0.0171958364303262,0.0171958364303262,"social_isolation_avg"
"12559","CLIP1","Exc L4-5 RORB IL1RAPL2",0.0442062849265466,7.68744763142171,8.9254971742538,0.0032407368913759,0.0501783819326705,0.0501783819326705,"social_isolation_avg"
"12560","CLIP1-AS1","Exc L4-5 RORB IL1RAPL2",0.0177022415384651,0.013793286720348,0.0225557423492791,0.889924271235415,0.974706512053996,0.974706512053996,"social_isolation_avg"
"12561","ZCCHC8","Exc L4-5 RORB IL1RAPL2",0.0131407669101371,5.10680647813862,0.297258402084023,0.586341192001258,0.839613304781711,0.839613304781711,"social_isolation_avg"
"12562","RSRC2","Exc L4-5 RORB IL1RAPL2",-0.0269217979961224,5.59312517968668,1.72238800265256,0.19120536196497,0.502420527086994,0.502420527086994,"social_isolation_avg"
"12563","KNTC1","Exc L4-5 RORB IL1RAPL2",0.0930024089753373,3.50553898388739,6.12980655539189,0.0142997209880597,0.120841902999141,0.120841902999141,"social_isolation_avg"
"12564","AC026333.4","Exc L4-5 RORB IL1RAPL2",-0.0505906570094082,0.264015713473059,0.219121003384768,0.640327117788087,0.867633156378429,0.867633156378429,"social_isolation_avg"
"12565","AC026333.3","Exc L4-5 RORB IL1RAPL2",0.00689606721338228,0.444232028142342,0.0038627019254593,0.950517957758214,0.989369032827768,0.989369032827768,"social_isolation_avg"
"12566","DENR","Exc L4-5 RORB IL1RAPL2",-0.0323158643350904,5.57947262155761,2.98913657765438,0.0856919384403224,0.337014584749395,0.337014584749395,"social_isolation_avg"
"12567","CCDC62","Exc L4-5 RORB IL1RAPL2",0.119380284218586,4.20665360037503,11.6487563487383,0.000807977774518029,0.0206723663422403,0.0206723663422403,"social_isolation_avg"
"12568","HIP1R","Exc L4-5 RORB IL1RAPL2",0.0469042341757506,4.29856995729761,2.02805798568701,0.156302845878961,0.455703908850267,0.455703908850267,"social_isolation_avg"
"12569","VPS37B","Exc L4-5 RORB IL1RAPL2",-0.0121235199888558,4.87044957789457,0.162623177549886,0.687273954931554,0.892270841366063,0.892270841366063,"social_isolation_avg"
"12570","ABCB9","Exc L4-5 RORB IL1RAPL2",0.0644539270607018,5.90366028609886,11.7494775028317,0.000768172665309751,0.0200165276984862,0.0200165276984862,"social_isolation_avg"
"12571","OGFOD2","Exc L4-5 RORB IL1RAPL2",0.00450197986638078,2.04126940324327,0.00706384323045337,0.933121024583738,0.986583286147705,0.986583286147705,"social_isolation_avg"
"12572","ARL6IP4","Exc L4-5 RORB IL1RAPL2",-0.0756412330455424,5.30839669756067,6.49209974922219,0.0117468539615274,0.108314923882096,0.108314923882096,"social_isolation_avg"
"12573","PITPNM2","Exc L4-5 RORB IL1RAPL2",0.0121947849548855,6.24729495830243,0.341750424176332,0.559617636744234,0.822985022916031,0.822985022916031,"social_isolation_avg"
"12574","MPHOSPH9","Exc L4-5 RORB IL1RAPL2",0.065507594589431,6.6876525475305,10.7177942818817,0.00129232870652603,0.0278879890602751,0.0278879890602751,"social_isolation_avg"
"12575","C12orf65","Exc L4-5 RORB IL1RAPL2",0.0119509566892035,4.83073918142099,0.127031894490507,0.721984067456686,0.909432401932571,0.909432401932571,"social_isolation_avg"
"12576","AC068768.1","Exc L4-5 RORB IL1RAPL2",-0.0678376651725296,0.128889248649619,0.314219695813949,0.792103821598398,0.94141937239091,0.94141937239091,"social_isolation_avg"
"12577","SBNO1","Exc L4-5 RORB IL1RAPL2",-0.031395874149644,6.35709238774604,4.43516375620367,0.0367164394776023,0.211158587038211,0.211158587038211,"social_isolation_avg"
"12578","AC137767.1","Exc L4-5 RORB IL1RAPL2",-0.0847370458163437,1.29772979460448,1.14033151492069,0.287139355883538,0.618225279093358,0.618225279093358,"social_isolation_avg"
"12579","KMT5A","Exc L4-5 RORB IL1RAPL2",0.00840356625497099,4.63914944835449,0.0764052409899894,0.782574663913274,0.937472191763777,0.937472191763777,"social_isolation_avg"
"12580","RILPL2","Exc L4-5 RORB IL1RAPL2",0.00647607958637835,3.88507625221856,0.0269959303083041,0.869692271191839,0.967732474374979,0.967732474374979,"social_isolation_avg"
"12581","SNRNP35","Exc L4-5 RORB IL1RAPL2",-0.0721073543600595,3.96652011331448,4.3954823875792,0.0375567735351893,0.213692634001503,0.213692634001503,"social_isolation_avg"
"12582","RILPL1","Exc L4-5 RORB IL1RAPL2",-0.0337717396129597,5.5058018488542,2.06056700587387,0.153043480429503,0.45161698473648,0.45161698473648,"social_isolation_avg"
"12583","AC055713.1","Exc L4-5 RORB IL1RAPL2",0.044772167775715,1.00173485318885,0.304022837476523,0.582115957197935,0.837582967767462,0.837582967767462,"social_isolation_avg"
"12584","TMED2","Exc L4-5 RORB IL1RAPL2",-0.0786237154859258,4.38554996538653,7.22857847698261,0.00791020274624617,0.086413941201919,0.086413941201919,"social_isolation_avg"
"12585","DDX55","Exc L4-5 RORB IL1RAPL2",0.0649728285600747,4.29498184218814,3.93713848976512,0.0488863107502167,0.248445086654748,0.248445086654748,"social_isolation_avg"
"12586","EIF2B1","Exc L4-5 RORB IL1RAPL2",-0.000364800954319763,4.52075639800385,0.000203462996645048,0.988636525852954,0.998787747693845,0.998787747693845,"social_isolation_avg"
"12587","GTF2H3","Exc L4-5 RORB IL1RAPL2",-0.0155732580634946,4.90360312823439,0.411792440082395,0.521949997050589,0.80224140659446,0.80224140659446,"social_isolation_avg"
"12588","TCTN2","Exc L4-5 RORB IL1RAPL2",0.0685340017026345,3.99988456766311,4.47026030183145,0.035989762307566,0.208372794559809,0.208372794559809,"social_isolation_avg"
"12589","AC117503.1","Exc L4-5 RORB IL1RAPL2",0.0131046677196415,0.633202742747607,0.0140461407598086,0.905802391071771,0.978916982124571,0.978916982124571,"social_isolation_avg"
"12590","ATP6V0A2","Exc L4-5 RORB IL1RAPL2",0.0813870800969576,4.85973906447787,9.46843256174134,0.00244740629445402,0.0424060206019822,0.0424060206019822,"social_isolation_avg"
"12591","DNAH10","Exc L4-5 RORB IL1RAPL2",-0.0310560770698538,2.7347226093522,0.346615317096387,0.556839056132009,0.821004580462381,0.821004580462381,"social_isolation_avg"
"12592","CCDC92","Exc L4-5 RORB IL1RAPL2",0.00251077397265408,7.75378754427906,0.0150640464602884,0.902465509781753,0.978262943641483,0.978262943641483,"social_isolation_avg"
"12593","ZNF664","Exc L4-5 RORB IL1RAPL2",0.0629775115467576,-0.322218320808149,0.125245000306527,0.983010062042823,0.998043216565371,0.998043216565371,"social_isolation_avg"
"12594","RFLNA","Exc L4-5 RORB IL1RAPL2",0.0537376535119366,5.37738612522255,2.36621144306364,0.12589967618966,0.408840026113086,0.408840026113086,"social_isolation_avg"
"12595","NCOR2","Exc L4-5 RORB IL1RAPL2",-0.00986234322806123,6.89811469945557,0.220457481687901,0.639310332990026,0.867293779059998,0.867293779059998,"social_isolation_avg"
"12596","SCARB1","Exc L4-5 RORB IL1RAPL2",0.0200731753929662,5.17276486704161,0.721511713308788,0.420902736071691,0.727667038787782,0.727667038787782,"social_isolation_avg"
"12597","UBC","Exc L4-5 RORB IL1RAPL2",-0.16869579505324,6.86365125247532,26.5135235858992,7.36599761613658e-07,0.000320101173302441,0.000320101173302441,"social_isolation_avg"
"12598","DHX37","Exc L4-5 RORB IL1RAPL2",-0.0339446078486073,2.7570908372754,0.608121931723474,0.43661096579939,0.74029343614166,0.74029343614166,"social_isolation_avg"
"12599","BRI3BP","Exc L4-5 RORB IL1RAPL2",-0.0906918929522554,5.78076642901454,14.1449842483149,0.000234591154919059,0.00950470929812314,0.00950470929812314,"social_isolation_avg"
"12600","AACS","Exc L4-5 RORB IL1RAPL2",0.0374058693845733,6.59559307819557,1.98337841496943,0.16091302729205,0.462928687506339,0.462928687506339,"social_isolation_avg"
"12601","TMEM132B","Exc L4-5 RORB IL1RAPL2",0.0100614883676829,8.9019489769423,0.488229941444027,0.485699880803419,0.776782709451059,0.776782709451059,"social_isolation_avg"
"12602","LINC00939","Exc L4-5 RORB IL1RAPL2",-0.194748261620653,0.465740094751304,2.01558747354417,0.15757417520231,0.457560001381662,0.457560001381662,"social_isolation_avg"
"12603","AC005186.1","Exc L4-5 RORB IL1RAPL2",-0.111983633007341,2.88319937702387,1.18483437181131,0.277958492257868,0.608639351002329,0.608639351002329,"social_isolation_avg"
"12604","LINC02359","Exc L4-5 RORB IL1RAPL2",-0.16996825171047,3.55062934827864,4.98739805717811,0.026874841141267,0.175768706959527,0.175768706959527,"social_isolation_avg"
"12605","AC007368.2","Exc L4-5 RORB IL1RAPL2",-0.0850896665864079,-0.837039618152758,0.224905606447611,0.638358264608703,0.867201085917667,0.867201085917667,"social_isolation_avg"
"12606","LINC02347","Exc L4-5 RORB IL1RAPL2",0.0340898366707784,3.57931986297531,0.20108634115032,0.654432659656816,0.875708652996225,0.875708652996225,"social_isolation_avg"
"12607","LINC02405","Exc L4-5 RORB IL1RAPL2",0.0279874096210657,0.915028052173314,0.0656282835352138,0.79813025666969,0.94343951658597,0.94343951658597,"social_isolation_avg"
"12608","AC079949.2","Exc L4-5 RORB IL1RAPL2",-0.190140632436369,0.0115315529687426,1.77241711148577,0.184916394363172,0.492997477489867,0.492997477489867,"social_isolation_avg"
"12609","AC087894.2","Exc L4-5 RORB IL1RAPL2",-0.105450182302003,-0.0873761772212449,0.443398401201586,0.506414918857041,0.79127946267208,0.79127946267208,"social_isolation_avg"
"12610","LINC00507","Exc L4-5 RORB IL1RAPL2",-1.02898544678383,0.0352957276860188,7.88218230778176,0.00559335868125645,0.0702735322762639,0.0702735322762639,"social_isolation_avg"
"12611","TMEM132C","Exc L4-5 RORB IL1RAPL2",0.131600700356987,6.16577936434124,4.58514544870452,0.0337154565211494,0.200796396863918,0.200796396863918,"social_isolation_avg"
"12612","SLC15A4","Exc L4-5 RORB IL1RAPL2",0.0272518978343575,4.88874848954979,1.27781405955745,0.259943412508388,0.589240362773596,0.589240362773596,"social_isolation_avg"
"12613","GLT1D1","Exc L4-5 RORB IL1RAPL2",-0.0052332968743955,6.16296628709944,0.0884236124813337,0.766564225799772,0.930651386910843,0.930651386910843,"social_isolation_avg"
"12614","TMEM132D","Exc L4-5 RORB IL1RAPL2",0.0459600002366985,8.78739542943336,3.00902304340503,0.0846662596461792,0.33465015641641,0.33465015641641,"social_isolation_avg"
"12615","PIWIL1","Exc L4-5 RORB IL1RAPL2",-0.215997731779517,0.438236306971135,1.21600514247663,0.271748973350647,0.600861473719535,0.600861473719535,"social_isolation_avg"
"12616","RIMBP2","Exc L4-5 RORB IL1RAPL2",-0.0153934466120479,7.56145240889604,0.649928247571505,0.421296644228775,0.727997132351721,0.727997132351721,"social_isolation_avg"
"12617","AC095350.1","Exc L4-5 RORB IL1RAPL2",0.125040458786025,0.0369362713383469,0.981255720315466,0.378462183833409,0.696908016729074,0.696908016729074,"social_isolation_avg"
"12618","STX2","Exc L4-5 RORB IL1RAPL2",0.025320665955927,5.35123059086735,1.31235629426238,0.253624315737321,0.581323522479207,0.581323522479207,"social_isolation_avg"
"12619","AC073912.1","Exc L4-5 RORB IL1RAPL2",-0.147665831186754,-0.0715503879554273,1.44123088121403,0.231657866330998,0.55394020027514,0.55394020027514,"social_isolation_avg"
"12620","RAN","Exc L4-5 RORB IL1RAPL2",-0.108157260981608,5.57717090794755,16.5752034734009,7.23444670821841e-05,0.00462442453264191,0.00462442453264191,"social_isolation_avg"
"12621","ADGRD1","Exc L4-5 RORB IL1RAPL2",-0.0934415424148071,2.74776988790924,1.12120053718911,0.291204963127462,0.622515999020981,0.622515999020981,"social_isolation_avg"
"12622","AC078925.1","Exc L4-5 RORB IL1RAPL2",0.176104016456595,-0.354606519904859,0.69361283669554,0.4061399410104,0.717219498375119,0.717219498375119,"social_isolation_avg"
"12623","LINC01257","Exc L4-5 RORB IL1RAPL2",-0.121336978066443,1.12866336232439,0.92051009594952,0.338742338616544,0.66239600960765,0.66239600960765,"social_isolation_avg"
"12624","AC073578.2","Exc L4-5 RORB IL1RAPL2",-0.222586276475674,3.65112471154507,4.66925928409008,0.0321467647023255,0.196209475067776,0.196209475067776,"social_isolation_avg"
"12625","AC073578.1","Exc L4-5 RORB IL1RAPL2",-0.27028361009042,-0.588154645639155,1.49656268393825,0.222942105771796,0.544154745008792,0.544154745008792,"social_isolation_avg"
"12626","SFSWAP","Exc L4-5 RORB IL1RAPL2",0.0194346036054115,6.43543595242151,1.30589628994446,0.254791473883867,0.58290876129452,0.58290876129452,"social_isolation_avg"
"12627","MMP17","Exc L4-5 RORB IL1RAPL2",-0.0235545218784944,5.97068012777387,0.661966582948422,0.417036963029859,0.725453376619285,0.725453376619285,"social_isolation_avg"
"12628","AC131009.2","Exc L4-5 RORB IL1RAPL2",-0.147056546721802,3.80326393139642,3.75913095479297,0.0542230759270783,0.264149026677716,0.264149026677716,"social_isolation_avg"
"12629","ULK1","Exc L4-5 RORB IL1RAPL2",0.00364303143763474,5.94986392708946,0.0364385804430827,0.848846873831761,0.961873912835597,0.961873912835597,"social_isolation_avg"
"12630","AC131009.1","Exc L4-5 RORB IL1RAPL2",0.0091915383899552,0.165927351785071,0.00691175929659143,0.945484366101315,0.988316098061045,0.988316098061045,"social_isolation_avg"
"12631","PUS1","Exc L4-5 RORB IL1RAPL2",0.0368342866254011,4.21259504684584,1.36476356002393,0.244395790548759,0.569442002421983,0.569442002421983,"social_isolation_avg"
"12632","EP400","Exc L4-5 RORB IL1RAPL2",0.029914835874121,6.32600972653534,3.90672687624689,0.0497568071358047,0.251455274523654,0.251455274523654,"social_isolation_avg"
"12633","DDX51","Exc L4-5 RORB IL1RAPL2",-0.000357006359647669,4.90696940623567,0.000128727210037673,0.990961236349152,0.998822911403646,0.998822911403646,"social_isolation_avg"
"12634","NOC4L","Exc L4-5 RORB IL1RAPL2",-0.122012559735354,1.6275039401795,3.62069734291777,0.0588034453614368,0.2753687368682,0.2753687368682,"social_isolation_avg"
"12635","LINC02361","Exc L4-5 RORB IL1RAPL2",-0.264134189760735,-0.290441738534097,2.58209025477858,0.109987408066544,0.383254465566682,0.383254465566682,"social_isolation_avg"
"12636","GALNT9","Exc L4-5 RORB IL1RAPL2",-0.0530415741433322,6.35282529248261,4.388720823889,0.0377019806864321,0.214136195777915,0.214136195777915,"social_isolation_avg"
"12637","AC148477.2","Exc L4-5 RORB IL1RAPL2",0.0188173985504506,0.529221128408848,0.0289984034193129,0.864990971939654,0.966487196177524,0.966487196177524,"social_isolation_avg"
"12638","AC148477.1","Exc L4-5 RORB IL1RAPL2",0.049299692744774,-0.27576925660679,0.0889543589075694,0.765885278446641,0.930270533458556,0.930270533458556,"social_isolation_avg"
"12639","FBRSL1","Exc L4-5 RORB IL1RAPL2",-0.00362998029360537,5.22560314426794,0.0179456029093457,0.893596218450063,0.975474727711369,0.975474727711369,"social_isolation_avg"
"12640","POLE","Exc L4-5 RORB IL1RAPL2",0.0292083892745627,4.57210353868418,0.34518968143016,0.55765057384294,0.821752843277436,0.821752843277436,"social_isolation_avg"
"12641","AC135586.2","Exc L4-5 RORB IL1RAPL2",0.0290863586918382,1.57097821077132,0.215063553973707,0.643437362777819,0.869307669999258,0.869307669999258,"social_isolation_avg"
"12642","PGAM5","Exc L4-5 RORB IL1RAPL2",0.0400022349361542,3.14524654010353,0.851815479753142,0.357384479500812,0.677448951510407,0.677448951510407,"social_isolation_avg"
"12643","ANKLE2","Exc L4-5 RORB IL1RAPL2",-0.0205787711227402,5.06308349569247,0.755974271961952,0.385852078702833,0.702381037665558,0.702381037665558,"social_isolation_avg"
"12644","GOLGA3","Exc L4-5 RORB IL1RAPL2",-0.0341785476549833,6.07287418494567,2.95675085737034,0.0873914429131152,0.340831025080322,0.340831025080322,"social_isolation_avg"
"12645","CHFR","Exc L4-5 RORB IL1RAPL2",0.0611190765597957,6.13334190724821,11.0858206272743,0.00107270252665612,0.0247218081691357,0.0247218081691357,"social_isolation_avg"
"12646","AC127070.2","Exc L4-5 RORB IL1RAPL2",-0.0890305727521208,0.683844811884131,0.914575717874048,0.340299821699526,0.663760016445746,0.663760016445746,"social_isolation_avg"
"12647","ZNF26","Exc L4-5 RORB IL1RAPL2",0.119256579590269,4.96845620536176,17.5822108394895,4.47489178920755e-05,0.00345589500177943,0.00345589500177943,"social_isolation_avg"
"12648","ZNF84","Exc L4-5 RORB IL1RAPL2",0.00572177228957446,5.62140806526895,0.0835028815927975,0.772967452375213,0.933332301620383,0.933332301620383,"social_isolation_avg"
"12649","ZNF140","Exc L4-5 RORB IL1RAPL2",-0.00958884115663794,3.77259693995732,0.0634687397311575,0.801408109333503,0.944762793563814,0.944762793563814,"social_isolation_avg"
"12650","ZNF891","Exc L4-5 RORB IL1RAPL2",-0.0318905944688934,4.259034851369,1.13018071937609,0.28928742102239,0.620636975430651,0.620636975430651,"social_isolation_avg"
"12651","ZNF10","Exc L4-5 RORB IL1RAPL2",0.17127224428541,-0.209384011545552,1.56185801393941,0.213159959207573,0.532154583476248,0.532154583476248,"social_isolation_avg"
"12652","AC026786.1","Exc L4-5 RORB IL1RAPL2",0.0299221880544111,1.29778569801643,0.167706820853141,0.682688107427789,0.889766288322486,0.889766288322486,"social_isolation_avg"
"12653","ZNF268","Exc L4-5 RORB IL1RAPL2",0.0618106662432505,3.6793061739896,3.01798460055244,0.0842084364809968,0.333956786136437,0.333956786136437,"social_isolation_avg"
"12654","LINC00349","Exc L4-5 RORB IL1RAPL2",0.131395896440703,0.281216371015583,0.649623721389438,0.421405242686471,0.728098675634254,0.728098675634254,"social_isolation_avg"
"12655","TPTE2","Exc L4-5 RORB IL1RAPL2",0.117430070937511,3.71864629817908,3.6486221399706,0.0578471536807027,0.273289886340219,0.273289886340219,"social_isolation_avg"
"12656","MPHOSPH8","Exc L4-5 RORB IL1RAPL2",-0.0112939291936451,8.07934774650924,0.161902753698004,0.687930555385115,0.892752677533729,0.892752677533729,"social_isolation_avg"
"12657","PSPC1","Exc L4-5 RORB IL1RAPL2",0.00284604965836542,7.38670275081973,0.0334556720263362,0.855093635606729,0.962784933388745,0.962784933388745,"social_isolation_avg"
"12658","ZMYM5","Exc L4-5 RORB IL1RAPL2",0.0941474837432749,5.45007714569418,12.5358733158952,0.000518759438182928,0.015408865509983,0.015408865509983,"social_isolation_avg"
"12659","AL355001.1","Exc L4-5 RORB IL1RAPL2",0.178961290161518,1.04438992226402,4.51684997667565,0.035048516346669,0.204911742646274,0.204911742646274,"social_isolation_avg"
"12660","AL355001.2","Exc L4-5 RORB IL1RAPL2",-0.189975671751876,-0.296030761692376,1.86941048413998,0.17339898244636,0.478821095573201,0.478821095573201,"social_isolation_avg"
"12661","ZMYM2","Exc L4-5 RORB IL1RAPL2",0.0237048151150047,7.6629492165133,3.10941082457418,0.0796887989540104,0.323908710092768,0.323908710092768,"social_isolation_avg"
"12662","CRYL1","Exc L4-5 RORB IL1RAPL2",0.0430341613996568,6.14356724173364,2.52656280415424,0.113854646482766,0.38948540338102,0.38948540338102,"social_isolation_avg"
"12663","IFT88","Exc L4-5 RORB IL1RAPL2",0.100124041662421,5.63324260382288,8.11282270367113,0.00495389934723652,0.0651374076087992,0.0651374076087992,"social_isolation_avg"
"12664","AL161772.1","Exc L4-5 RORB IL1RAPL2",-0.147912114591514,3.2873728342666,11.5857000573451,0.000833964570649778,0.0210406661681392,0.0210406661681392,"social_isolation_avg"
"12665","IL17D","Exc L4-5 RORB IL1RAPL2",-0.0467939442291529,4.41980072760397,2.36707090027692,0.125831433059427,0.408800917739942,0.408800917739942,"social_isolation_avg"
"12666","EEF1AKMT1","Exc L4-5 RORB IL1RAPL2",0.027171702492654,4.22251209790294,0.639477404449599,0.425047772830766,0.731187281546588,0.731187281546588,"social_isolation_avg"
"12667","XPO4","Exc L4-5 RORB IL1RAPL2",0.0408651149276602,6.15978655283205,8.47332633545245,0.00410122702291787,0.0580494826447739,0.0580494826447739,"social_isolation_avg"
"12668","LATS2","Exc L4-5 RORB IL1RAPL2",0.0664796797075257,2.17035776828417,0.192170810160255,0.661688353468641,0.879694023045261,0.879694023045261,"social_isolation_avg"
"12669","SAP18","Exc L4-5 RORB IL1RAPL2",-0.100170377383704,5.47713360171908,18.7802995012582,2.53953605343619e-05,0.00246680724889061,0.00246680724889061,"social_isolation_avg"
"12670","SKA3","Exc L4-5 RORB IL1RAPL2",0.0897445977931931,0.31058206124695,0.637641262854588,0.425712016534829,0.731933478303877,0.731933478303877,"social_isolation_avg"
"12671","MRPL57","Exc L4-5 RORB IL1RAPL2",-0.107080734597312,4.46238672362754,14.3792166394386,0.000209210724206069,0.0090023662764696,0.0090023662764696,"social_isolation_avg"
"12672","LINC00539","Exc L4-5 RORB IL1RAPL2",-0.0705024575843972,1.10376651255947,0.621451861217364,0.431637366024028,0.736859899491715,0.736859899491715,"social_isolation_avg"
"12673","ZDHHC20","Exc L4-5 RORB IL1RAPL2",0.0649619217676004,6.5804238202988,15.4813178888047,0.000122468428819283,0.00653491821564287,0.00653491821564287,"social_isolation_avg"
"12674","MICU2","Exc L4-5 RORB IL1RAPL2",0.0320189326905414,6.99957262059152,4.34246819334608,0.0387113452806191,0.218559073654607,0.218559073654607,"social_isolation_avg"
"12675","FGF9","Exc L4-5 RORB IL1RAPL2",0.0422791004646608,5.10143562793357,1.76340454547995,0.186031212402523,0.49452215637419,0.49452215637419,"social_isolation_avg"
"12676","AL136962.1","Exc L4-5 RORB IL1RAPL2",0.118934212576851,0.217573382874247,1.04764342961557,0.30754605071593,0.637427848131899,0.637427848131899,"social_isolation_avg"
"12677","LINC00621","Exc L4-5 RORB IL1RAPL2",0.0289466810760573,2.77727997739922,0.34266077175713,0.559095678492667,0.822658510464917,0.822658510464917,"social_isolation_avg"
"12678","AL157931.1","Exc L4-5 RORB IL1RAPL2",0.0293920663928435,1.05137927993445,0.126526718706797,0.890449361321226,0.974706512053996,0.974706512053996,"social_isolation_avg"
"12679","SGCG","Exc L4-5 RORB IL1RAPL2",-0.00648248972245722,3.54942330845647,0.00458007299103554,0.946125158127137,0.988549015236819,0.988549015236819,"social_isolation_avg"
"12680","SACS","Exc L4-5 RORB IL1RAPL2",0.00559759063025514,7.0553751200545,0.0782067511728978,0.780092063988435,0.936537426275821,0.936537426275821,"social_isolation_avg"
"12681","LINC00327","Exc L4-5 RORB IL1RAPL2",-0.00151192124715048,1.45291288921889,0.000580972038031906,0.980799234821193,0.99708265216268,0.99708265216268,"social_isolation_avg"
"12682","TNFRSF19","Exc L4-5 RORB IL1RAPL2",0.124398710747673,3.79887293742559,4.16660185506681,0.0428185300395244,0.230883273547404,0.230883273547404,"social_isolation_avg"
"12683","MIPEP","Exc L4-5 RORB IL1RAPL2",0.0209836533445674,5.80932272869152,0.665272914733666,0.415878303582872,0.724904042569463,0.724904042569463,"social_isolation_avg"
"12684","PARP4","Exc L4-5 RORB IL1RAPL2",0.133087487169453,3.332443258954,2.12706316272455,0.146615281486392,0.442632826674615,0.442632826674615,"social_isolation_avg"
"12685","ATP12A","Exc L4-5 RORB IL1RAPL2",0.0231249186983462,2.42017315040275,0.0815556322115744,0.775557775310161,0.934884263251599,0.934884263251599,"social_isolation_avg"
"12686","RNF17","Exc L4-5 RORB IL1RAPL2",-0.527179279763092,0.708097692735835,6.40499986497543,0.0123138940009831,0.111106909104722,0.111106909104722,"social_isolation_avg"
"12687","CENPJ","Exc L4-5 RORB IL1RAPL2",-0.0416506099542347,5.58145382497335,1.07572621437265,0.301170459626364,0.632247449971202,0.632247449971202,"social_isolation_avg"
"12688","PABPC3","Exc L4-5 RORB IL1RAPL2",-0.00768255691672008,1.69768898841717,0.00951586915662175,0.922408354442776,0.983585629113706,0.983585629113706,"social_isolation_avg"
"12689","AMER2","Exc L4-5 RORB IL1RAPL2",-0.0607945733895708,4.51176346036046,2.96230975714195,0.0870971302041519,0.340403846804227,0.340403846804227,"social_isolation_avg"
"12690","MTMR6","Exc L4-5 RORB IL1RAPL2",-0.0248727144654739,5.30444307397766,1.1729622352715,0.280370717679987,0.611656214599681,0.611656214599681,"social_isolation_avg"
"12691","NUP58","Exc L4-5 RORB IL1RAPL2",0.0460155938189246,6.01899490010717,6.84790828586595,0.00969734841635302,0.0968106309026002,0.0968106309026002,"social_isolation_avg"
"12692","ATP8A2","Exc L4-5 RORB IL1RAPL2",0.0171277103232474,9.44524894041352,0.885241041728466,0.348143157476082,0.670539624551529,0.670539624551529,"social_isolation_avg"
"12693","RNF6","Exc L4-5 RORB IL1RAPL2",-0.0720713054910755,4.44479590152223,5.20984516128316,0.023733865935725,0.163893604879508,0.163893604879508,"social_isolation_avg"
"12694","CDK8","Exc L4-5 RORB IL1RAPL2",0.0280588903713298,6.90153766355002,2.46134812743197,0.118590904769853,0.397155441711065,0.397155441711065,"social_isolation_avg"
"12695","WASF3","Exc L4-5 RORB IL1RAPL2",-0.0501382769715472,5.93174688544742,7.07553635121072,0.00858379271161646,0.0899800232113546,0.0899800232113546,"social_isolation_avg"
"12696","WASF3-AS1","Exc L4-5 RORB IL1RAPL2",-0.0435610416554962,0.0563748782141464,0.118881220099899,0.730689384545344,0.913267211869261,0.913267211869261,"social_isolation_avg"
"12697","GPR12","Exc L4-5 RORB IL1RAPL2",-0.0635843295293564,3.924150594716,2.7845853876576,0.0970683431066788,0.360531772456986,0.360531772456986,"social_isolation_avg"
"12698","AL160035.1","Exc L4-5 RORB IL1RAPL2",-0.0935562582804237,-0.438376051639851,0.387501150025309,0.534473623313082,0.809700884133067,0.809700884133067,"social_isolation_avg"
"12699","USP12","Exc L4-5 RORB IL1RAPL2",0.0045297957917253,5.14960602930879,0.0398394308760336,0.842040183925091,0.959798303969529,0.959798303969529,"social_isolation_avg"
"12700","USP12-AS2","Exc L4-5 RORB IL1RAPL2",-0.0386182606147086,0.0295523986454052,0.0952682051085951,0.757972270116738,0.926610169915842,0.926610169915842,"social_isolation_avg"
"12701","LINC02340","Exc L4-5 RORB IL1RAPL2",0.0171421840824453,3.54008265857364,0.0865498892636701,0.768979056850548,0.931404335648312,0.931404335648312,"social_isolation_avg"
"12702","RPL21","Exc L4-5 RORB IL1RAPL2",-0.0988740787878815,3.82328579892148,2.76480957320494,0.0982531617186164,0.363095326733973,0.363095326733973,"social_isolation_avg"
"12703","GTF3A","Exc L4-5 RORB IL1RAPL2",-0.0228699702454751,5.54515194516778,1.0265628802747,0.312448092231001,0.641335468984896,0.641335468984896,"social_isolation_avg"
"12704","MTIF3","Exc L4-5 RORB IL1RAPL2",-0.00259364279291379,5.12226851736412,0.010766226337858,0.917485255332301,0.9830198062462,0.9830198062462,"social_isolation_avg"
"12705","LNX2","Exc L4-5 RORB IL1RAPL2",0.00624484706209609,5.68844965943831,0.0415579767703333,0.838715434105877,0.958105156231403,0.958105156231403,"social_isolation_avg"
"12706","POLR1D","Exc L4-5 RORB IL1RAPL2",0.00450255151527147,5.78413765528034,0.0521677518103209,0.819615573300014,0.952050234048104,0.952050234048104,"social_isolation_avg"
"12707","PLUT","Exc L4-5 RORB IL1RAPL2",-0.0115382665118417,0.0457012025739688,0.00860626713960517,0.926198651449867,0.98417618971798,0.98417618971798,"social_isolation_avg"
"12708","FLT3","Exc L4-5 RORB IL1RAPL2",0.07444748701823,3.16492374360039,0.927391625610618,0.336948307005891,0.661054397185915,0.661054397185915,"social_isolation_avg"
"12709","PAN3-AS1","Exc L4-5 RORB IL1RAPL2",-0.088307308116228,0.549562656290848,0.785258750048797,0.376825008861975,0.695374980569031,0.695374980569031,"social_isolation_avg"
"12710","PAN3","Exc L4-5 RORB IL1RAPL2",0.0452353179090072,7.14809581335062,12.5128159203152,0.000524740909405989,0.0155377507775755,0.0155377507775755,"social_isolation_avg"
"12711","FLT1","Exc L4-5 RORB IL1RAPL2",0.0540594958362541,-0.45761196925377,0.0561782404757752,0.812935156669439,0.950559079342002,0.950559079342002,"social_isolation_avg"
"12712","POMP","Exc L4-5 RORB IL1RAPL2",-0.0843435816865203,4.79263285949407,9.62213225189056,0.00226125344390885,0.0402116319663527,0.0402116319663527,"social_isolation_avg"
"12713","SLC46A3","Exc L4-5 RORB IL1RAPL2",0.0494953537169963,4.16004970233716,1.23068679526415,0.268884868708548,0.598943150964727,0.598943150964727,"social_isolation_avg"
"12714","MTUS2","Exc L4-5 RORB IL1RAPL2",0.0415292488318802,9.24373179513313,3.98960127920573,0.047422554226995,0.244414693725501,0.244414693725501,"social_isolation_avg"
"12715","MTUS2-AS2","Exc L4-5 RORB IL1RAPL2",0.121748583764825,0.0367232220165785,0.822613445054498,0.36573744361337,0.684289993872757,0.684289993872757,"social_isolation_avg"
"12716","SLC7A1","Exc L4-5 RORB IL1RAPL2",0.0171138361834243,4.79460851568599,0.25942678209825,0.611193517830018,0.852117185969555,0.852117185969555,"social_isolation_avg"
"12717","UBL3","Exc L4-5 RORB IL1RAPL2",-0.0349957018792725,6.24471581574393,3.5784962685688,0.0602809629835194,0.279933641575793,0.279933641575793,"social_isolation_avg"
"12718","KATNAL1","Exc L4-5 RORB IL1RAPL2",-0.0368443396944772,6.35247523087195,4.69297280936294,0.0317185612145738,0.194663281459926,0.194663281459926,"social_isolation_avg"
"12719","LINC00426","Exc L4-5 RORB IL1RAPL2",-0.175585246481747,0.207550872753687,2.17843792405759,0.14185885167913,0.435416244916065,0.435416244916065,"social_isolation_avg"
"12720","UBE2L5","Exc L4-5 RORB IL1RAPL2",-0.0971849390914706,1.16019109104668,1.58997650634838,0.20910631671376,0.527181961164699,0.527181961164699,"social_isolation_avg"
"12721","HMGB1","Exc L4-5 RORB IL1RAPL2",-0.0447654538384253,7.88531704289704,5.53301085642311,0.0198387210811397,0.147550488040977,0.147550488040977,"social_isolation_avg"
"12722","USPL1","Exc L4-5 RORB IL1RAPL2",0.0125188904910215,4.49495889742142,0.152013728109927,0.697120263347146,0.897641982350685,0.897641982350685,"social_isolation_avg"
"12723","TEX26","Exc L4-5 RORB IL1RAPL2",-0.211161815043814,-1.07448341135096,0.619971687164018,0.432185357551802,0.737197543272387,0.737197543272387,"social_isolation_avg"
"12724","HSPH1","Exc L4-5 RORB IL1RAPL2",-0.144182137478944,7.12335622656449,23.5697542503505,2.7724364157934e-06,0.000552181783402388,0.000552181783402388,"social_isolation_avg"
"12725","B3GLCT","Exc L4-5 RORB IL1RAPL2",-0.0057731479655612,5.32753590523518,0.0204752249588734,0.886392067543474,0.973780660163158,0.973780660163158,"social_isolation_avg"
"12726","FRY","Exc L4-5 RORB IL1RAPL2",0.00592833056010831,8.25320948648331,0.140946731265703,0.707822958618779,0.903301329219319,0.903301329219319,"social_isolation_avg"
"12727","FRY-AS1","Exc L4-5 RORB IL1RAPL2",0.00957929261099658,2.92625254645066,0.044801343018186,0.832630489109847,0.956474321257097,0.956474321257097,"social_isolation_avg"
"12728","BRCA2","Exc L4-5 RORB IL1RAPL2",0.0789534467804385,0.965817247398308,0.627691968352597,0.429338737858225,0.734893998463495,0.734893998463495,"social_isolation_avg"
"12729","N4BP2L1","Exc L4-5 RORB IL1RAPL2",0.0438537530997384,6.91283835326715,4.61733259767372,0.0331058485266262,0.198811335255336,0.198811335255336,"social_isolation_avg"
"12730","N4BP2L2","Exc L4-5 RORB IL1RAPL2",0.0550856293725595,8.43883144632856,15.3045148783795,0.0001334069226427,0.00683799283931713,0.00683799283931713,"social_isolation_avg"
"12731","PDS5B","Exc L4-5 RORB IL1RAPL2",0.00450651778661617,7.90864262422555,0.0664263756413987,0.796933447407281,0.943189951735358,0.943189951735358,"social_isolation_avg"
"12732","AL138820.1","Exc L4-5 RORB IL1RAPL2",-0.102648775687681,0.902083525175828,1.39621876080177,0.300182683276573,0.631154189385048,0.631154189385048,"social_isolation_avg"
"12733","KL","Exc L4-5 RORB IL1RAPL2",0.0739877067170653,0.0702905402857562,0.379448239274448,0.538745988534469,0.811882210176405,0.811882210176405,"social_isolation_avg"
"12734","STARD13","Exc L4-5 RORB IL1RAPL2",-0.00251987917633682,7.44049451306227,0.00948271344033937,0.922543216892515,0.983585629113706,0.983585629113706,"social_isolation_avg"
"12735","AL139383.1","Exc L4-5 RORB IL1RAPL2",0.00947013761721243,4.0369915249193,0.0123493412175397,0.911649989984205,0.98124634282332,0.98124634282332,"social_isolation_avg"
"12736","RFC3","Exc L4-5 RORB IL1RAPL2",0.00402191594985861,5.03128644341983,0.00873723517244899,0.925640857427245,0.98417618971798,0.98417618971798,"social_isolation_avg"
"12737","LINC02343","Exc L4-5 RORB IL1RAPL2",0.149983024877522,1.95842615947758,2.58037653335844,0.110104557114473,0.383347040140781,0.383347040140781,"social_isolation_avg"
"12738","LINC00457","Exc L4-5 RORB IL1RAPL2",0.254646445127475,2.25588566708148,7.38395469096755,0.00728205346655226,0.0824065392587531,0.0824065392587531,"social_isolation_avg"
"12739","AL161716.1","Exc L4-5 RORB IL1RAPL2",0.176940064618479,1.0164991297593,2.390968559738,0.123950395972124,0.40554477644623,0.40554477644623,"social_isolation_avg"
"12740","AL138690.1","Exc L4-5 RORB IL1RAPL2",-0.0951694847228548,1.43729708811376,1.69460524328972,0.194806242086837,0.507563881372218,0.507563881372218,"social_isolation_avg"
"12741","NBEA","Exc L4-5 RORB IL1RAPL2",0.0172897365783451,9.97270397488032,1.78026074579811,0.183952525018154,0.491189066591659,0.491189066591659,"social_isolation_avg"
"12742","MAB21L1","Exc L4-5 RORB IL1RAPL2",-0.0915222148698988,-0.553725428425915,0.312778270604206,0.576737271758459,0.833948835281016,0.833948835281016,"social_isolation_avg"
"12743","DCLK1","Exc L4-5 RORB IL1RAPL2",0.00927431891700685,9.71691658614312,0.25017130470683,0.617619710516595,0.855363968868723,0.855363968868723,"social_isolation_avg"
"12744","SPART","Exc L4-5 RORB IL1RAPL2",-0.00205928694102211,6.38416378534369,0.00801043340087524,0.928792091079034,0.98440931858091,0.98440931858091,"social_isolation_avg"
"12745","SPART-AS1","Exc L4-5 RORB IL1RAPL2",0.000490282681959431,1.85182541147832,3.77881387220528e-05,0.995102682907395,0.9994589795957,0.9994589795957,"social_isolation_avg"
"12746","CCNA1","Exc L4-5 RORB IL1RAPL2",0.0115878019384253,1.59393000962542,0.0308261419565569,0.927988450268161,0.984191693896747,0.984191693896747,"social_isolation_avg"
"12747","SERTM1","Exc L4-5 RORB IL1RAPL2",-0.302221165162859,2.83634766230752,15.960404929634,9.71926489940232e-05,0.00560665277931681,0.00560665277931681,"social_isolation_avg"
"12748","RFXAP","Exc L4-5 RORB IL1RAPL2",-0.00713587885767245,4.75394017868654,0.0535729325638408,0.817245067392239,0.951599926146172,0.951599926146172,"social_isolation_avg"
"12749","SMAD9","Exc L4-5 RORB IL1RAPL2",0.0333181527295761,3.42826568148742,0.278113629650582,0.598647391166082,0.845653782932554,0.845653782932554,"social_isolation_avg"
"12750","ALG5","Exc L4-5 RORB IL1RAPL2",0.000247570827697336,4.43700715766286,8.88164205254851e-05,0.992492015082693,0.99909243548519,0.99909243548519,"social_isolation_avg"
"12751","EXOSC8","Exc L4-5 RORB IL1RAPL2",0.00778827037375632,3.22481583369188,0.0409115919998656,0.839957397642478,0.958612336135673,0.958612336135673,"social_isolation_avg"
"12752","SUPT20H","Exc L4-5 RORB IL1RAPL2",0.030789104593297,5.52251685685234,2.19048849059679,0.140768677318267,0.433952334411728,0.433952334411728,"social_isolation_avg"
"12753","TRPC4","Exc L4-5 RORB IL1RAPL2",0.00708509550563183,3.81674184958187,0.00659105737134086,0.935392784031888,0.986927277458728,0.986927277458728,"social_isolation_avg"
"12754","LINC02334","Exc L4-5 RORB IL1RAPL2",-0.12927721031046,-0.0832904579264287,0.943208345080086,0.332873087273158,0.657716341300692,0.657716341300692,"social_isolation_avg"
"12755","LINC00571","Exc L4-5 RORB IL1RAPL2",-0.0392592295323524,1.91953998290215,0.312206967854473,0.57708520565605,0.83421416274873,0.83421416274873,"social_isolation_avg"
"12756","UFM1","Exc L4-5 RORB IL1RAPL2",0.010330878727157,5.07598346476619,0.180931063355337,0.671127570201661,0.884298267656223,0.884298267656223,"social_isolation_avg"
"12757","PROSER1","Exc L4-5 RORB IL1RAPL2",0.0302269092162309,3.8395881300248,1.06735891316761,0.303051945530929,0.634226950712388,0.634226950712388,"social_isolation_avg"
"12758","NHLRC3","Exc L4-5 RORB IL1RAPL2",0.0153227099573248,5.48615742370606,0.384549777915521,0.536032232031725,0.810585501369643,0.810585501369643,"social_isolation_avg"
"12759","AL354809.1","Exc L4-5 RORB IL1RAPL2",0.0437054607809416,2.14449255782463,0.16549993109404,0.684668798041733,0.890917736857058,0.890917736857058,"social_isolation_avg"
"12760","LHFPL6","Exc L4-5 RORB IL1RAPL2",0.0334801129768225,8.61493793784082,1.96123656917417,0.163255443640532,0.466112643011692,0.466112643011692,"social_isolation_avg"
"12761","COG6","Exc L4-5 RORB IL1RAPL2",0.0298415370351409,6.8221647438609,2.67020748248406,0.104145834837133,0.373421137190335,0.373421137190335,"social_isolation_avg"
"12762","LINC00598","Exc L4-5 RORB IL1RAPL2",0.050212621145572,0.688148467888088,0.0883770361493,0.766623913484802,0.930651386910843,0.930651386910843,"social_isolation_avg"
"12763","FOXO1","Exc L4-5 RORB IL1RAPL2",0.127101418859077,-0.050226454496386,0.148212568359203,0.700744283932236,0.899494810173801,0.899494810173801,"social_isolation_avg"
"12764","MRPS31","Exc L4-5 RORB IL1RAPL2",-0.0160353769484702,5.37229058375912,0.516478738142986,0.473362278674502,0.767874457716071,0.767874457716071,"social_isolation_avg"
"12765","SLC25A15","Exc L4-5 RORB IL1RAPL2",0.0109783670825292,0.816819147961909,0.0178188072913645,0.89397053693819,0.975474727711369,0.975474727711369,"social_isolation_avg"
"12766","ELF1","Exc L4-5 RORB IL1RAPL2",-0.00429603491048076,2.9084136706277,0.00500671622918761,0.943675771766578,0.988051457597129,0.988051457597129,"social_isolation_avg"
"12767","WBP4","Exc L4-5 RORB IL1RAPL2",-0.0150990253140993,4.7101896444051,0.340247906805778,0.723497946198198,0.91006041627328,0.91006041627328,"social_isolation_avg"
"12768","KBTBD6","Exc L4-5 RORB IL1RAPL2",-0.0969563575183134,5.03693346948105,10.2608444797393,0.00163044257320252,0.0328311043754432,0.0328311043754432,"social_isolation_avg"
"12769","AL354696.2","Exc L4-5 RORB IL1RAPL2",-0.0544981534240641,2.22011913883705,0.761612500984201,0.384090313359558,0.70127095925968,0.70127095925968,"social_isolation_avg"
"12770","KBTBD7","Exc L4-5 RORB IL1RAPL2",-0.0966316800841805,3.82432821877792,6.2326803266308,0.0135210390611969,0.117238435586012,0.117238435586012,"social_isolation_avg"
"12771","MTRF1","Exc L4-5 RORB IL1RAPL2",-0.000173378494565643,3.95124662894543,2.80475379046079e-05,0.995780815127348,0.9994589795957,0.9994589795957,"social_isolation_avg"
"12772","NAA16","Exc L4-5 RORB IL1RAPL2",0.0420429644728692,6.36335971822088,2.23732020141191,0.136621072466292,0.426217199032928,0.426217199032928,"social_isolation_avg"
"12773","VWA8","Exc L4-5 RORB IL1RAPL2",0.0130742060135571,7.51862939974132,0.563688069144814,0.453845534579971,0.753008922748538,0.753008922748538,"social_isolation_avg"
"12774","VWA8-AS1","Exc L4-5 RORB IL1RAPL2",-0.184077178706527,-0.290815235744842,1.54883671838635,0.215068943855961,0.534196745313774,0.534196745313774,"social_isolation_avg"
"12775","DGKH","Exc L4-5 RORB IL1RAPL2",-0.00258307179909641,5.99385272830463,0.00808219979560304,0.928474682161533,0.984394153368006,0.984394153368006,"social_isolation_avg"
"12776","AKAP11","Exc L4-5 RORB IL1RAPL2",-0.0190887405287687,7.11919739321122,0.901459998337125,0.343776623437767,0.666667144114984,0.666667144114984,"social_isolation_avg"
"12777","LINC02341","Exc L4-5 RORB IL1RAPL2",0.355488706379852,1.85552633961669,9.93564958753813,0.00192522543550539,0.0365368008678009,0.0365368008678009,"social_isolation_avg"
"12778","DNAJC15","Exc L4-5 RORB IL1RAPL2",-0.0920870381431307,4.94248294615315,8.88342423022277,0.00331231360556604,0.0509116862152031,0.0509116862152031,"social_isolation_avg"
"12779","ENOX1","Exc L4-5 RORB IL1RAPL2",0.0549262974410896,8.29513393744139,5.27562435614836,0.0228806743221758,0.160283316864083,0.160283316864083,"social_isolation_avg"
"12780","CCDC122","Exc L4-5 RORB IL1RAPL2",0.0596404982209547,2.46865133930011,0.547231947354114,0.46050024301201,0.758520509970423,0.758520509970423,"social_isolation_avg"
"12781","LINC00390","Exc L4-5 RORB IL1RAPL2",-0.187215050808171,0.782597915761,2.84676100606653,0.0934443773759887,0.353820729170297,0.353820729170297,"social_isolation_avg"
"12782","SMIM2-AS1","Exc L4-5 RORB IL1RAPL2",-0.122064600344965,1.97719121427557,2.12914741197048,0.146418825253832,0.442483723467139,0.442483723467139,"social_isolation_avg"
"12783","AL138960.1","Exc L4-5 RORB IL1RAPL2",0.0426782748056052,0.52886815382931,0.209072416190431,0.648095782827195,0.871977551509163,0.871977551509163,"social_isolation_avg"
"12784","SERP2","Exc L4-5 RORB IL1RAPL2",-0.087534949584131,5.83401384316324,15.6840807266868,0.000111041474645072,0.0061057187991607,0.0061057187991607,"social_isolation_avg"
"12785","TUSC8","Exc L4-5 RORB IL1RAPL2",-0.217176881669305,-0.0654246611909665,2.25580011854659,0.135022553919454,0.423164368247398,0.423164368247398,"social_isolation_avg"
"12786","TSC22D1","Exc L4-5 RORB IL1RAPL2",-0.0810487949981112,8.7168345240707,14.9398622308651,0.000159217894585608,0.00755028015903333,0.00755028015903333,"social_isolation_avg"
"12787","TSC22D1-AS1","Exc L4-5 RORB IL1RAPL2",0.0133485354139992,3.38362635190598,0.130450375662588,0.718426736718805,0.908125272335036,0.908125272335036,"social_isolation_avg"
"12788","LINC00407","Exc L4-5 RORB IL1RAPL2",-0.00675704997184033,4.88505201584404,0.0355713783756693,0.850634742008434,0.961873912835597,0.961873912835597,"social_isolation_avg"
"12789","AL356515.1","Exc L4-5 RORB IL1RAPL2",0.0733351124372643,0.807919212431144,0.549106709399397,0.459734317026836,0.757984751870404,0.757984751870404,"social_isolation_avg"
"12790","NUFIP1","Exc L4-5 RORB IL1RAPL2",0.0354457193594765,4.19624329307822,1.35641422343377,0.245837986117226,0.571605839754046,0.571605839754046,"social_isolation_avg"
"12791","AL359706.1","Exc L4-5 RORB IL1RAPL2",0.0368915807363148,3.08936419261431,0.643599186730181,0.803641165729501,0.945168418444318,0.945168418444318,"social_isolation_avg"
"12792","GPALPP1","Exc L4-5 RORB IL1RAPL2",0.0458314401551947,6.48144535685636,8.27418250559123,0.00455169650346412,0.0619673759372519,0.0619673759372519,"social_isolation_avg"
"12793","GTF2F2","Exc L4-5 RORB IL1RAPL2",-0.0739327092369258,4.789442857039,9.03132381450168,0.00306763900001977,0.0486528059676229,0.0486528059676229,"social_isolation_avg"
"12794","KCTD4","Exc L4-5 RORB IL1RAPL2",-0.147702817180317,0.708896618553705,2.08928131189395,0.166584629385311,0.47036976161759,0.47036976161759,"social_isolation_avg"
"12795","TPT1","Exc L4-5 RORB IL1RAPL2",-0.0858454927467385,5.85812008227872,9.21964867930803,0.00278270678045157,0.0455463624506264,0.0455463624506264,"social_isolation_avg"
"12796","AL138963.1","Exc L4-5 RORB IL1RAPL2",-0.0109316283493155,1.70816348721861,0.0305203782770463,0.97916145812558,0.996876364716566,0.996876364716566,"social_isolation_avg"
"12797","SLC25A30","Exc L4-5 RORB IL1RAPL2",-0.0238504595193825,2.12380590187532,0.170941599557387,0.892712311377147,0.975456782372777,0.975456782372777,"social_isolation_avg"
"12798","SLC25A30-AS1","Exc L4-5 RORB IL1RAPL2",0.202640863329879,0.204855208211874,3.54744978684116,0.0613933782858626,0.281742447379774,0.281742447379774,"social_isolation_avg"
"12799","COG3","Exc L4-5 RORB IL1RAPL2",0.045953702627446,5.16673778925619,4.51326548189102,0.0351200016450828,0.205094305903275,0.205094305903275,"social_isolation_avg"
"12800","SIAH3","Exc L4-5 RORB IL1RAPL2",-0.000683449504005527,0.499695708801347,9.92665150292554e-05,0.992062616116355,0.999072802369964,0.999072802369964,"social_isolation_avg"
"12801","ZC3H13","Exc L4-5 RORB IL1RAPL2",0.0140134048271969,6.69275083223648,0.426254189085898,0.514739715368891,0.797526216385096,0.797526216385096,"social_isolation_avg"
"12802","CPB2-AS1","Exc L4-5 RORB IL1RAPL2",0.00472553060844648,4.62660138753103,0.0172080586142169,0.895792841774477,0.976328989691077,0.976328989691077,"social_isolation_avg"
"12803","CPB2","Exc L4-5 RORB IL1RAPL2",-0.0645802133273156,1.31360803936616,0.516340258520006,0.473421503332012,0.767904694774539,0.767904694774539,"social_isolation_avg"
"12804","LCP1","Exc L4-5 RORB IL1RAPL2",0.0563376854677574,-0.0346513044811195,0.144861618466445,0.703983625745683,0.901111603365471,0.901111603365471,"social_isolation_avg"
"12805","RUBCNL","Exc L4-5 RORB IL1RAPL2",-0.0879666573516321,1.93435401480135,1.65754338431702,0.199735042539897,0.514218237970458,0.514218237970458,"social_isolation_avg"
"12806","AL138686.1","Exc L4-5 RORB IL1RAPL2",-0.147135663348899,2.49302687067791,3.79914053079378,0.0529715609107992,0.260873218113803,0.260873218113803,"social_isolation_avg"
"12807","LRCH1","Exc L4-5 RORB IL1RAPL2",0.0186596301781252,6.52442579746759,1.02902340939062,0.311870672554783,0.640881075140314,0.640881075140314,"social_isolation_avg"
"12808","ESD","Exc L4-5 RORB IL1RAPL2",-0.0391849119463895,4.83579017308569,2.42833198701884,0.12107218033834,0.400301716348765,0.400301716348765,"social_isolation_avg"
"12809","HTR2A","Exc L4-5 RORB IL1RAPL2",-0.0963008861529247,7.23344756160321,15.8895271669058,0.00010056790998108,0.0057427545239458,0.0057427545239458,"social_isolation_avg"
"12810","SUCLA2","Exc L4-5 RORB IL1RAPL2",0.0264493547358559,6.57653693903128,0.971411035768255,0.325768988298989,0.65268770881723,0.65268770881723,"social_isolation_avg"
"12811","SUCLA2-AS1","Exc L4-5 RORB IL1RAPL2",-0.00960738489964852,1.79915428216722,0.0258479510965215,0.889258467510549,0.974640400394109,0.974640400394109,"social_isolation_avg"
"12812","NUDT15","Exc L4-5 RORB IL1RAPL2",-0.157950159103893,2.868470747426,11.7614086072755,0.000763592119400627,0.0199281744705921,0.0199281744705921,"social_isolation_avg"
"12813","AL158196.1","Exc L4-5 RORB IL1RAPL2",0.0177455882881062,0.267655889477785,0.0190543466597352,0.89037880460476,0.974706512053996,0.974706512053996,"social_isolation_avg"
"12814","MED4","Exc L4-5 RORB IL1RAPL2",-0.0444165806696184,5.9155759747713,3.59338577474391,0.0597551610266819,0.278205561463053,0.278205561463053,"social_isolation_avg"
"12815","ITM2B","Exc L4-5 RORB IL1RAPL2",-0.0843973929588091,7.68838608408627,19.973565547464,1.45198658761439e-05,0.0017610921938623,0.0017610921938623,"social_isolation_avg"
"12816","RB1-DT","Exc L4-5 RORB IL1RAPL2",0.0670160911019588,-0.352536036173445,0.212306281958298,0.645571374841575,0.870313928277694,0.870313928277694,"social_isolation_avg"
"12817","RB1","Exc L4-5 RORB IL1RAPL2",0.0532846785241783,7.23329524879274,9.73334875158207,0.00213565975461232,0.039042336441565,0.039042336441565,"social_isolation_avg"
"12818","LPAR6","Exc L4-5 RORB IL1RAPL2",0.0616379936237389,1.44355440737282,0.561478705282483,0.94415518351675,0.988051457597129,0.988051457597129,"social_isolation_avg"
"12819","RCBTB2","Exc L4-5 RORB IL1RAPL2",-0.0290010819725583,4.21918658887374,0.686071507124678,0.408698167272266,0.719212985766233,0.719212985766233,"social_isolation_avg"
"12820","FNDC3A","Exc L4-5 RORB IL1RAPL2",0.0141469725249053,6.63752299087218,0.5383102553775,0.464173213489506,0.760861246853933,0.760861246853933,"social_isolation_avg"
"12821","CDADC1","Exc L4-5 RORB IL1RAPL2",-0.0115743335435507,4.15763578724675,0.158274153222827,0.83006941123716,0.955184094369796,0.955184094369796,"social_isolation_avg"
"12822","CAB39L","Exc L4-5 RORB IL1RAPL2",-0.0330334114856262,5.81425564297201,1.33291017166958,0.249954522786477,0.576234615555925,0.576234615555925,"social_isolation_avg"
"12823","SETDB2","Exc L4-5 RORB IL1RAPL2",0.0108779997245357,5.55254941103912,0.25073574423277,0.617223583686617,0.855065707053337,0.855065707053337,"social_isolation_avg"
"12824","PHF11","Exc L4-5 RORB IL1RAPL2",0.117087664768521,3.96309789127097,7.11146721487577,0.00842049728053171,0.089057702093315,0.089057702093315,"social_isolation_avg"
"12825","RCBTB1","Exc L4-5 RORB IL1RAPL2",0.0283314628014111,4.06597255959277,1.00961415315336,0.316463917049779,0.644443498489681,0.644443498489681,"social_isolation_avg"
"12826","EBPL","Exc L4-5 RORB IL1RAPL2",-0.0272953577803033,3.82554517715611,0.311485593210831,0.577525133920936,0.834571465193511,0.834571465193511,"social_isolation_avg"
"12827","KPNA3","Exc L4-5 RORB IL1RAPL2",-0.00124434143520209,6.65060551330959,0.00759763760128612,0.959701390632048,0.991774908215579,0.991774908215579,"social_isolation_avg"
"12828","SPRYD7","Exc L4-5 RORB IL1RAPL2",-0.0205616324799051,4.69891343646028,0.696503611446901,0.405165551581483,0.716863418877244,0.716863418877244,"social_isolation_avg"
"12829","DLEU2","Exc L4-5 RORB IL1RAPL2",-0.00850990715123864,6.55950463897546,0.123129303699748,0.726111792600805,0.911662987909743,0.911662987909743,"social_isolation_avg"
"12830","TRIM13","Exc L4-5 RORB IL1RAPL2",0.0369586054149781,5.30357350877879,3.34462717899623,0.0909185680842112,0.348866717098675,0.348866717098675,"social_isolation_avg"
"12831","DLEU7","Exc L4-5 RORB IL1RAPL2",0.0332079455442488,4.69320884901546,1.13997503316998,0.287214446397462,0.61823505566708,0.61823505566708,"social_isolation_avg"
"12832","DLEU7-AS1","Exc L4-5 RORB IL1RAPL2",0.151421094604194,0.149449088802559,0.961687887845445,0.32819510918137,0.653810780112717,0.653810780112717,"social_isolation_avg"
"12833","RNASEH2B-AS1","Exc L4-5 RORB IL1RAPL2",-0.0514553035871693,2.50659229954305,0.463435399687762,0.496975284448039,0.784721764823798,0.784721764823798,"social_isolation_avg"
"12834","RNASEH2B","Exc L4-5 RORB IL1RAPL2",0.0917603186472243,5.63494026167161,5.99159667187185,0.0154199765583492,0.126139808240608,0.126139808240608,"social_isolation_avg"
"12835","C13orf42","Exc L4-5 RORB IL1RAPL2",0.23058035805764,-0.501129308961839,1.96138360260066,0.163239759937276,0.466112643011692,0.466112643011692,"social_isolation_avg"
"12836","FAM124A","Exc L4-5 RORB IL1RAPL2",-0.045294609800148,4.38686479283415,1.84112961129192,0.176668674031339,0.482952393105409,0.482952393105409,"social_isolation_avg"
"12837","SERPINE3","Exc L4-5 RORB IL1RAPL2",0.185160793634533,0.711433531535043,2.8731723124483,0.0919501329024415,0.350733360043822,0.350733360043822,"social_isolation_avg"
"12838","INTS6","Exc L4-5 RORB IL1RAPL2",0.012863105345501,6.05534054255632,0.343833628720827,0.558424579433667,0.822421513987292,0.822421513987292,"social_isolation_avg"
"12839","INTS6-AS1","Exc L4-5 RORB IL1RAPL2",-0.0308323254427672,4.45542808255796,1.00820239293365,0.316801477274629,0.644884427274153,0.644884427274153,"social_isolation_avg"
"12840","WDFY2","Exc L4-5 RORB IL1RAPL2",0.0528645589700868,5.40742254064823,5.37600757514007,0.0216400098705974,0.155212519621521,0.155212519621521,"social_isolation_avg"
"12841","AL162377.3","Exc L4-5 RORB IL1RAPL2",0.0646832905669079,1.26703432662759,0.677690316635339,0.669962499040459,0.883801188338878,0.883801188338878,"social_isolation_avg"
"12842","AL162377.1","Exc L4-5 RORB IL1RAPL2",-0.027545387106226,0.320586378799781,0.0547475931665122,0.815288468013578,0.951467235681325,0.951467235681325,"social_isolation_avg"
"12843","ATP7B","Exc L4-5 RORB IL1RAPL2",-0.0300222517545787,3.88773365942356,0.664242606362185,0.416238846066052,0.725131397575952,0.725131397575952,"social_isolation_avg"
"12844","ALG11","Exc L4-5 RORB IL1RAPL2",0.0289228064851823,3.02080867078804,0.509025244507727,0.476567224194479,0.769998793356845,0.769998793356845,"social_isolation_avg"
"12845","UTP14C","Exc L4-5 RORB IL1RAPL2",-0.0512782078237996,3.67929622960226,1.86015530610523,0.174461224773043,0.480315285561363,0.480315285561363,"social_isolation_avg"
"12846","NEK5","Exc L4-5 RORB IL1RAPL2",0.0156188890032694,1.75023759865619,0.0565040718691757,0.940009020798648,0.98787472417403,0.98787472417403,"social_isolation_avg"
"12847","THSD1","Exc L4-5 RORB IL1RAPL2",0.0686872519750292,2.61641559163685,1.8266914448999,0.178365539422165,0.484753572451419,0.484753572451419,"social_isolation_avg"
"12848","VPS36","Exc L4-5 RORB IL1RAPL2",-0.0212484862871157,6.05346500716746,1.18913288886757,0.277091596269256,0.607514495134482,0.607514495134482,"social_isolation_avg"
"12849","AL359513.1","Exc L4-5 RORB IL1RAPL2",-0.0276574179226952,1.87130201512408,0.183131540612845,0.669252772212487,0.883357635370246,0.883357635370246,"social_isolation_avg"
"12850","CKAP2","Exc L4-5 RORB IL1RAPL2",0.0562009209987516,4.11323463318784,2.67075019530334,0.104110937210581,0.373421137190335,0.373421137190335,"social_isolation_avg"
"12851","HNRNPA1L2","Exc L4-5 RORB IL1RAPL2",-0.0218741505037469,1.30239711256597,0.09344302016464,0.918479467135311,0.983105896136627,0.983105896136627,"social_isolation_avg"
"12852","AL139089.1","Exc L4-5 RORB IL1RAPL2",-0.0494844801546038,1.22327154666196,0.469174740763341,0.494326436505503,0.783206853805513,0.783206853805513,"social_isolation_avg"
"12853","SUGT1","Exc L4-5 RORB IL1RAPL2",-0.0521603136464462,5.84972780463636,7.30956642400137,0.00757609292896126,0.084222828618611,0.084222828618611,"social_isolation_avg"
"12854","PCDH8","Exc L4-5 RORB IL1RAPL2",-1.48702401596749,-0.543898485436281,16.0581608798134,9.27256431623291e-05,0.00548821595123067,0.00548821595123067,"social_isolation_avg"
"12855","AL450423.1","Exc L4-5 RORB IL1RAPL2",-0.502587030680929,-0.557482340530812,3.0058603385909,0.0848284818259958,0.335040333351842,0.335040333351842,"social_isolation_avg"
"12856","AL390964.1","Exc L4-5 RORB IL1RAPL2",0.160613119341339,0.309561747669353,0.443397109649687,0.506415537205027,0.79127946267208,0.79127946267208,"social_isolation_avg"
"12857","LINC02335","Exc L4-5 RORB IL1RAPL2",-0.243766974261483,0.927685860166721,1.75565168751081,0.186996509720873,0.496305366871741,0.496305366871741,"social_isolation_avg"
"12858","PCDH17","Exc L4-5 RORB IL1RAPL2",-0.03993617567638,5.83112745330554,1.12166284509864,0.291105848796762,0.622429108290141,0.622429108290141,"social_isolation_avg"
"12859","LINC02338","Exc L4-5 RORB IL1RAPL2",0.0280127815876567,-0.0868476456210646,0.0286528902535155,0.865789947620007,0.96677503774678,0.96677503774678,"social_isolation_avg"
"12860","DIAPH3","Exc L4-5 RORB IL1RAPL2",0.0504497745722466,2.58986785298137,0.883205746091993,0.348696439335206,0.670973795246765,0.670973795246765,"social_isolation_avg"
"12861","TDRD3","Exc L4-5 RORB IL1RAPL2",0.0162581963175367,6.62704530898726,0.765617240331357,0.382845927494998,0.700356658461495,0.700356658461495,"social_isolation_avg"
"12862","LINC00395","Exc L4-5 RORB IL1RAPL2",0.112106103705379,-1.00797514195111,0.154109263441899,0.69514467896945,0.896335864166618,0.896335864166618,"social_isolation_avg"
"12863","PCDH9","Exc L4-5 RORB IL1RAPL2",-0.011997986876402,11.624338790578,0.59709576704401,0.440791769588598,0.74326896643667,0.74326896643667,"social_isolation_avg"
"12864","PCDH9-AS1","Exc L4-5 RORB IL1RAPL2",-0.146928044934994,3.81699454842151,5.89697037218999,0.0162393491252283,0.130417964685248,0.130417964685248,"social_isolation_avg"
"12865","PCDH9-AS2","Exc L4-5 RORB IL1RAPL2",-0.0932663386924148,4.89769126193038,3.70826104592566,0.0558601708102612,0.268052318514063,0.268052318514063,"social_isolation_avg"
"12866","PCDH9-AS3","Exc L4-5 RORB IL1RAPL2",-0.0663343128614365,1.5781137486257,0.342592585556787,0.559134741534741,0.822658510464917,0.822658510464917,"social_isolation_avg"
"12867","PCDH9-AS4","Exc L4-5 RORB IL1RAPL2",-0.0531062162035569,1.27741473950273,0.264920786840616,0.607447020551415,0.8501113221785,0.8501113221785,"social_isolation_avg"
"12868","LINC00383","Exc L4-5 RORB IL1RAPL2",0.0673486222681658,-0.245447356713051,0.107565008890651,0.743348604711777,0.9201287790235,0.9201287790235,"social_isolation_avg"
"12869","KLHL1","Exc L4-5 RORB IL1RAPL2",-0.121530236540172,0.974859588013639,0.499930671207161,0.480526172723467,0.773453905990887,0.773453905990887,"social_isolation_avg"
"12870","DACH1","Exc L4-5 RORB IL1RAPL2",0.00718802681362341,7.26427841531368,0.0295586340029567,0.863705818697456,0.965935391992509,0.965935391992509,"social_isolation_avg"
"12871","MZT1","Exc L4-5 RORB IL1RAPL2",-0.0607022372959059,4.57974778734651,4.69768401283283,0.0316342074013292,0.194502787078683,0.194502787078683,"social_isolation_avg"
"12872","BORA","Exc L4-5 RORB IL1RAPL2",0.117190753651633,2.15268340465447,4.11585545031375,0.044087826888902,0.234585425355713,0.234585425355713,"social_isolation_avg"
"12873","DIS3","Exc L4-5 RORB IL1RAPL2",0.0189088940912509,5.05242583857085,0.755064092002132,0.38613756312966,0.702394667799566,0.702394667799566,"social_isolation_avg"
"12874","PIBF1","Exc L4-5 RORB IL1RAPL2",0.0307622262025399,7.09906316172971,4.95445399528183,0.0273758835953304,0.177802335776784,0.177802335776784,"social_isolation_avg"
"12875","KLF5","Exc L4-5 RORB IL1RAPL2",-0.0180183181048279,2.27586176745278,0.0824503645879519,0.774363448402654,0.934302436374609,0.934302436374609,"social_isolation_avg"
"12876","LINC00393","Exc L4-5 RORB IL1RAPL2",0.0684966267888927,1.42256288463864,0.496479209626321,0.482042798953627,0.774781838175465,0.774781838175465,"social_isolation_avg"
"12877","KLF12","Exc L4-5 RORB IL1RAPL2",0.0461820931527625,8.07491097744776,3.58357334787001,0.06010111703421,0.279382217753922,0.279382217753922,"social_isolation_avg"
"12878","LINC00402","Exc L4-5 RORB IL1RAPL2",-0.0622370716094595,0.38389427123714,0.325749436968074,0.568947836911075,0.829037121812538,0.829037121812538,"social_isolation_avg"
"12879","AL355390.2","Exc L4-5 RORB IL1RAPL2",-0.01314391734037,1.08998241153667,0.0204934239730258,0.886341935485456,0.973780660163158,0.973780660163158,"social_isolation_avg"
"12880","TBC1D4","Exc L4-5 RORB IL1RAPL2",0.00419291742845464,6.51778897643224,0.0351577989497134,0.851495348856627,0.961873912835597,0.961873912835597,"social_isolation_avg"
"12881","COMMD6","Exc L4-5 RORB IL1RAPL2",-0.0597447740203643,4.1052815152189,0.84729957839837,0.358658810266046,0.678325830584386,0.678325830584386,"social_isolation_avg"
"12882","UCHL3","Exc L4-5 RORB IL1RAPL2",-0.01247333669287,4.62574576730623,0.137280631911627,0.711473899361533,0.904994799987869,0.904994799987869,"social_isolation_avg"
"12883","LMO7-AS1","Exc L4-5 RORB IL1RAPL2",0.01888089485954,2.40027344025713,0.0666192232396213,0.796645407530137,0.943052144191509,0.943052144191509,"social_isolation_avg"
"12884","LMO7","Exc L4-5 RORB IL1RAPL2",-0.00690081482094312,6.85595177504964,0.0890914909782096,0.765710213750794,0.930229227340792,0.930229227340792,"social_isolation_avg"
"12885","LMO7DN","Exc L4-5 RORB IL1RAPL2",0.143234898610554,1.74336653032106,2.21351802784814,0.13871155633065,0.430146149890214,0.430146149890214,"social_isolation_avg"
"12886","KCTD12","Exc L4-5 RORB IL1RAPL2",-0.00613583172722728,2.5814564639337,0.0103389003695982,0.919133610142198,0.983116407957877,0.983116407957877,"social_isolation_avg"
"12887","AC000403.1","Exc L4-5 RORB IL1RAPL2",-0.0610954317340069,-0.220589178091514,0.145765772614658,0.703105389012484,0.900586045593367,0.900586045593367,"social_isolation_avg"
"12888","AC001226.2","Exc L4-5 RORB IL1RAPL2",-0.00512259721784538,3.47106867098624,0.0142814932761287,0.905020238283534,0.978666534310727,0.978666534310727,"social_isolation_avg"
"12889","FBXL3","Exc L4-5 RORB IL1RAPL2",0.0145600426431083,5.48552323549857,0.389088644309822,0.533638679842154,0.809334128562487,0.809334128562487,"social_isolation_avg"
"12890","MYCBP2","Exc L4-5 RORB IL1RAPL2",-0.0309503398312018,9.01485667956628,6.37741222125349,0.012499361841145,0.111714891542893,0.111714891542893,"social_isolation_avg"
"12891","SLAIN1","Exc L4-5 RORB IL1RAPL2",0.036772168084696,6.09813782906594,2.58967979381676,0.10947025041502,0.382791832951875,0.382791832951875,"social_isolation_avg"
"12892","EDNRB","Exc L4-5 RORB IL1RAPL2",0.0193692990469574,-0.0233330997622585,0.00862994555121418,0.92609748947376,0.98417618971798,0.98417618971798,"social_isolation_avg"
"12893","RNF219-AS1","Exc L4-5 RORB IL1RAPL2",-0.132622206379789,-1.11083310250633,0.0622052495913941,0.803353461761478,0.945168418444318,0.945168418444318,"social_isolation_avg"
"12894","RNF219","Exc L4-5 RORB IL1RAPL2",0.0355335652909435,4.80992844785631,2.19758978978823,0.140130691860859,0.432927924991907,0.432927924991907,"social_isolation_avg"
"12895","RBM26","Exc L4-5 RORB IL1RAPL2",0.0216393081533217,7.83077206328979,1.82744722497367,0.178276246361988,0.484719766836495,0.484719766836495,"social_isolation_avg"
"12896","RBM26-AS1","Exc L4-5 RORB IL1RAPL2",-0.00099723309732642,2.52296850012539,0.00018833856103131,0.989067005358692,0.998787747693845,0.998787747693845,"social_isolation_avg"
"12897","NDFIP2","Exc L4-5 RORB IL1RAPL2",-0.0330872676474086,6.88447601014866,4.50034712075423,0.035378911881161,0.206097411238746,0.206097411238746,"social_isolation_avg"
"12898","LINC01068","Exc L4-5 RORB IL1RAPL2",0.112612650126885,1.02628090627687,0.566242162815174,0.452826316097763,0.752608769950346,0.752608769950346,"social_isolation_avg"
"12899","LINC00382","Exc L4-5 RORB IL1RAPL2",0.428977559049045,0.790910958993368,4.59326417599852,0.0335605834441692,0.200204600667377,0.200204600667377,"social_isolation_avg"
"12900","LINC01080","Exc L4-5 RORB IL1RAPL2",0.494702594387611,-0.51626188179038,3.65909708582599,0.0574927494956297,0.27209854957043,0.27209854957043,"social_isolation_avg"
"12901","SPRY2","Exc L4-5 RORB IL1RAPL2",-0.150518197648755,3.50447364812863,8.88941039614316,0.00330203132781966,0.0508722188386929,0.0508722188386929,"social_isolation_avg"
"12902","SLITRK1","Exc L4-5 RORB IL1RAPL2",-0.11299319630636,4.44051709768138,10.6799353656239,0.00131738997792865,0.0282291458350941,0.0282291458350941,"social_isolation_avg"
"12903","LINC00351","Exc L4-5 RORB IL1RAPL2",0.200697851937245,0.131324943281175,2.54786704309241,0.112353324502264,0.387219900347419,0.387219900347419,"social_isolation_avg"
"12904","SLITRK6","Exc L4-5 RORB IL1RAPL2",0.032252878576413,-0.690247465959857,0.0160871114204176,0.899225166361635,0.977436627375682,0.977436627375682,"social_isolation_avg"
"12905","AL354994.1","Exc L4-5 RORB IL1RAPL2",-0.101060310245966,0.0782806624580834,0.431507217460577,0.51216383827315,0.795636278901314,0.795636278901314,"social_isolation_avg"
"12906","LINC00430","Exc L4-5 RORB IL1RAPL2",0.0711261305514561,0.91894235669027,0.45834364219344,0.499345449397768,0.78600600600277,0.78600600600277,"social_isolation_avg"
"12907","MIR4500HG","Exc L4-5 RORB IL1RAPL2",-0.014083356672813,6.46661253068781,0.196380165472062,0.658238104658203,0.878030905598563,0.878030905598563,"social_isolation_avg"
"12908","SLITRK5","Exc L4-5 RORB IL1RAPL2",-0.0258540285175331,6.67607425705281,0.813574400804491,0.368378005548242,0.68663976386349,0.68663976386349,"social_isolation_avg"
"12909","LINC00397","Exc L4-5 RORB IL1RAPL2",-0.0306925830299845,-0.962723325619704,0.0953730341601748,0.75784334912206,0.926610169915842,0.926610169915842,"social_isolation_avg"
"12910","AL354896.1","Exc L4-5 RORB IL1RAPL2",0.109392614003069,-0.805559185216912,0.193401653104289,0.66067484640776,0.879211476218963,0.879211476218963,"social_isolation_avg"
"12911","GPC5","Exc L4-5 RORB IL1RAPL2",0.0444670433972032,7.7919767647371,0.679915575251304,0.410804080773548,0.721241905197764,0.721241905197764,"social_isolation_avg"
"12912","GPC6","Exc L4-5 RORB IL1RAPL2",-0.231724802591121,6.58390765072273,7.43068171257512,0.00710340333044712,0.0811615304440761,0.0811615304440761,"social_isolation_avg"
"12913","DCT","Exc L4-5 RORB IL1RAPL2",0.0554942495101286,2.69964343450229,0.916634683313735,0.33975834935327,0.663285981026952,0.663285981026952,"social_isolation_avg"
"12914","TGDS","Exc L4-5 RORB IL1RAPL2",-0.0192767671410044,2.94155329659284,0.197536027922311,0.809251058182951,0.948417362246881,0.948417362246881,"social_isolation_avg"
"12915","GPR180","Exc L4-5 RORB IL1RAPL2",0.00777718564001553,5.54822650411145,0.146673061817472,0.702227240605847,0.90019252164656,0.90019252164656,"social_isolation_avg"
"12916","ABCC4","Exc L4-5 RORB IL1RAPL2",0.0317556591983781,3.44054163943738,0.389386186457217,0.53348245099071,0.809278084207705,0.809278084207705,"social_isolation_avg"
"12917","CLDN10-AS1","Exc L4-5 RORB IL1RAPL2",-0.0924292726188495,-0.210926496525721,0.462946213621396,0.497202166313691,0.784721764823798,0.784721764823798,"social_isolation_avg"
"12918","DZIP1","Exc L4-5 RORB IL1RAPL2",0.0225779720869601,6.63538437129806,2.48855237674173,0.116589005335368,0.394272384226502,0.394272384226502,"social_isolation_avg"
"12919","DNAJC3-DT","Exc L4-5 RORB IL1RAPL2",-0.0145101223725174,4.03707294604337,0.148217783619861,0.700739275310928,0.899494810173801,0.899494810173801,"social_isolation_avg"
"12920","DNAJC3","Exc L4-5 RORB IL1RAPL2",-0.0352676176047736,4.74399728881129,1.82548432267546,0.178508265151021,0.484932503219306,0.484932503219306,"social_isolation_avg"
"12921","UGGT2","Exc L4-5 RORB IL1RAPL2",0.0609578522807459,7.57335110848846,12.7519163505804,0.000465984837768506,0.014477666856187,0.014477666856187,"social_isolation_avg"
"12922","HS6ST3","Exc L4-5 RORB IL1RAPL2",-0.0997096764930996,8.31694242658494,7.50376318689753,0.00683301493847677,0.0795615234774886,0.0795615234774886,"social_isolation_avg"
"12923","MBNL2","Exc L4-5 RORB IL1RAPL2",-0.0322106455748202,8.4065004404484,2.90901122321761,0.0899642295263861,0.346400729928521,0.346400729928521,"social_isolation_avg"
"12924","RAP2A","Exc L4-5 RORB IL1RAPL2",-0.0500653396667571,6.83873619802534,3.74405141453294,0.054702943589791,0.26539343478524,0.26539343478524,"social_isolation_avg"
"12925","AL356580.1","Exc L4-5 RORB IL1RAPL2",-0.21190532626757,0.469384267715473,4.72876002716075,0.04089328863069,0.225165768092735,0.225165768092735,"social_isolation_avg"
"12926","IPO5","Exc L4-5 RORB IL1RAPL2",-0.0689562940425027,5.67924812862339,12.0941052162216,0.000646498715417413,0.0176768817838336,0.0176768817838336,"social_isolation_avg"
"12927","FARP1","Exc L4-5 RORB IL1RAPL2",-0.0281848949847499,6.83625037520586,1.33714325767408,0.249206894058405,0.57538055429885,0.57538055429885,"social_isolation_avg"
"12928","STK24","Exc L4-5 RORB IL1RAPL2",-0.0356346022004602,5.94466006094498,2.98658255049767,0.0858246465007798,0.337260471071943,0.337260471071943,"social_isolation_avg"
"12929","DOCK9","Exc L4-5 RORB IL1RAPL2",0.0381411067378638,7.40158548363614,4.15736373810366,0.0430466769901877,0.231585491990714,0.231585491990714,"social_isolation_avg"
"12930","DOCK9-DT","Exc L4-5 RORB IL1RAPL2",0.0922023132061885,0.77629953685601,0.913258246784574,0.340646906642216,0.664198281180686,0.664198281180686,"social_isolation_avg"
"12931","UBAC2-AS1","Exc L4-5 RORB IL1RAPL2",-0.119338778956939,0.932100818188575,1.82698462501386,0.281850902690037,0.613118065049229,0.613118065049229,"social_isolation_avg"
"12932","UBAC2","Exc L4-5 RORB IL1RAPL2",0.0474494060158957,7.31649735867534,6.02362162324829,0.015152518026277,0.12531181903194,0.12531181903194,"social_isolation_avg"
"12933","TM9SF2","Exc L4-5 RORB IL1RAPL2",-0.00318327957616301,5.44993640087185,0.0289357681244647,0.895897361155427,0.976343391914632,0.976343391914632,"social_isolation_avg"
"12934","LINC00449","Exc L4-5 RORB IL1RAPL2",-0.0450052350335518,-0.52472432012349,0.0682647972348581,0.802612301825978,0.945063093922373,0.945063093922373,"social_isolation_avg"
"12935","CLYBL","Exc L4-5 RORB IL1RAPL2",-0.0409269095790145,5.24441416226786,1.94362677158125,0.165146449791688,0.4687572722035,0.4687572722035,"social_isolation_avg"
"12936","AL355338.1","Exc L4-5 RORB IL1RAPL2",-0.102136140851063,1.20322786232568,2.09963392263465,0.165227779945627,0.468778485535295,0.468778485535295,"social_isolation_avg"
"12937","PCCA","Exc L4-5 RORB IL1RAPL2",0.0280787747760645,7.49269277346005,1.76752445188708,0.185520623417682,0.493965319423858,0.493965319423858,"social_isolation_avg"
"12938","PCCA-AS1","Exc L4-5 RORB IL1RAPL2",-0.0420940746083948,-0.0565889910677889,0.107458444703418,0.743471251767522,0.9201287790235,0.9201287790235,"social_isolation_avg"
"12939","GGACT","Exc L4-5 RORB IL1RAPL2",-0.139796567787209,2.79119390027551,2.88711176782509,0.0911720710358895,0.349415992722314,0.349415992722314,"social_isolation_avg"
"12940","TMTC4","Exc L4-5 RORB IL1RAPL2",0.0629829809057085,5.41665583506546,2.1323709598029,0.146115570708207,0.441849562629054,0.441849562629054,"social_isolation_avg"
"12941","NALCN-AS1","Exc L4-5 RORB IL1RAPL2",-0.136439455986874,2.93117518197682,0.876344362735536,0.350570543888652,0.671807495721154,0.671807495721154,"social_isolation_avg"
"12942","NALCN","Exc L4-5 RORB IL1RAPL2",0.0251135673728987,8.28553247187024,3.63583918185868,0.0582828226890371,0.274457264335309,0.274457264335309,"social_isolation_avg"
"12943","ITGBL1","Exc L4-5 RORB IL1RAPL2",0.110220784898258,1.4076093098297,1.95867939630232,0.163528488735239,0.466724618255869,0.466724618255869,"social_isolation_avg"
"12944","FGF14","Exc L4-5 RORB IL1RAPL2",0.0329648452910047,11.4582926718483,6.93172371103366,0.00927088480797673,0.0946140299092382,0.0946140299092382,"social_isolation_avg"
"12945","FGF14-AS1","Exc L4-5 RORB IL1RAPL2",-0.0827154417705918,1.15543073180523,0.590039528694052,0.443499810359477,0.745245107620929,0.745245107620929,"social_isolation_avg"
"12946","TPP2","Exc L4-5 RORB IL1RAPL2",0.0570281205562086,5.96382575005983,8.42457757245467,0.00420707589598223,0.0590248433348589,0.0590248433348589,"social_isolation_avg"
"12947","METTL21C","Exc L4-5 RORB IL1RAPL2",-0.112722456376079,1.20474021387397,0.76717914617037,0.382362156497537,0.700260375848805,0.700260375848805,"social_isolation_avg"
"12948","CCDC168","Exc L4-5 RORB IL1RAPL2",0.203761295574147,0.820064321992901,4.16903336140397,0.0427586946016741,0.230738120771083,0.230738120771083,"social_isolation_avg"
"12949","TEX30","Exc L4-5 RORB IL1RAPL2",-0.0673876239226596,2.91951464501265,1.86898764992237,0.173447348448583,0.478884762876934,0.478884762876934,"social_isolation_avg"
"12950","KDELC1","Exc L4-5 RORB IL1RAPL2",0.0015791171239752,2.80626199065693,0.00134434491964019,0.970796110631024,0.994985819254082,0.994985819254082,"social_isolation_avg"
"12951","AL137246.1","Exc L4-5 RORB IL1RAPL2",-0.0472956164305303,0.086883155595082,0.181027260622527,0.671045329570121,0.884298267656223,0.884298267656223,"social_isolation_avg"
"12952","AL137246.2","Exc L4-5 RORB IL1RAPL2",0.147634400028096,0.343385317217908,1.486884600085,0.224437577990343,0.545471203771253,0.545471203771253,"social_isolation_avg"
"12953","DAOA-AS1","Exc L4-5 RORB IL1RAPL2",0.315477597592218,-0.664061292422746,2.53943437273826,0.112944932813005,0.388198196867369,0.388198196867369,"social_isolation_avg"
"12954","LINC00460","Exc L4-5 RORB IL1RAPL2",-0.15110600206173,-0.0359573800087278,1.26011521278584,0.263257158623099,0.59325667684073,0.59325667684073,"social_isolation_avg"
"12955","EFNB2","Exc L4-5 RORB IL1RAPL2",-0.0496638052754122,6.41161214603073,5.16876598650648,0.0242835359016257,0.166038378598106,0.166038378598106,"social_isolation_avg"
"12956","AL138689.2","Exc L4-5 RORB IL1RAPL2",-0.0815785407349758,1.15068928434527,0.896625591716042,0.622122754291812,0.858333428172333,0.858333428172333,"social_isolation_avg"
"12957","ARGLU1","Exc L4-5 RORB IL1RAPL2",-0.0497241456204988,7.97928308486226,2.18746022043017,0.141041739115309,0.434350707324343,0.434350707324343,"social_isolation_avg"
"12958","LINC00551","Exc L4-5 RORB IL1RAPL2",0.0995073366138534,1.39322701086092,0.360313955727583,0.549153983731566,0.816620756664497,0.816620756664497,"social_isolation_avg"
"12959","LINC00443","Exc L4-5 RORB IL1RAPL2",0.0367894216421434,2.67563223767052,0.0504277208712898,0.822598018387693,0.953227927203764,0.953227927203764,"social_isolation_avg"
"12960","FAM155A","Exc L4-5 RORB IL1RAPL2",0.0370809786261294,11.6354050546034,7.26595574921906,0.00775415316690085,0.0853498150499889,0.0853498150499889,"social_isolation_avg"
"12961","AL136964.1","Exc L4-5 RORB IL1RAPL2",-0.0250157498842054,1.03484502372047,0.0817461998561666,0.830030133369087,0.955184094369796,0.955184094369796,"social_isolation_avg"
"12962","LIG4","Exc L4-5 RORB IL1RAPL2",-0.0538574056770214,3.97363144888906,2.43232579273447,0.120768971976859,0.39980590479281,0.39980590479281,"social_isolation_avg"
"12963","ABHD13","Exc L4-5 RORB IL1RAPL2",-0.0159938860275001,4.69643124874108,0.329839379958403,0.566534416341459,0.827595395006403,0.827595395006403,"social_isolation_avg"
"12964","TNFSF13B","Exc L4-5 RORB IL1RAPL2",0.012959899382775,5.27564083471014,0.086864368407614,0.768571788452165,0.931404335648312,0.931404335648312,"social_isolation_avg"
"12965","AL138694.1","Exc L4-5 RORB IL1RAPL2",-0.567735056831169,-0.547064428372369,2.89135680518317,0.0909365598398956,0.348866717098675,0.348866717098675,"social_isolation_avg"
"12966","MYO16","Exc L4-5 RORB IL1RAPL2",0.0147291494105176,4.22738583214381,0.0251945055407509,0.874077117874158,0.969990403745151,0.969990403745151,"social_isolation_avg"
"12967","IRS2","Exc L4-5 RORB IL1RAPL2",-0.0529826309793966,6.55744566568362,5.56261184094598,0.0195170449211752,0.146403211613144,0.146403211613144,"social_isolation_avg"
"12968","AL162497.1","Exc L4-5 RORB IL1RAPL2",0.0761417235861589,2.90581298727218,2.92396029198873,0.0891497936962199,0.344456452220988,0.344456452220988,"social_isolation_avg"
"12969","AL355974.2","Exc L4-5 RORB IL1RAPL2",0.228484454396929,0.797944452950828,2.54642713848723,0.112454099233893,0.387330407222074,0.387330407222074,"social_isolation_avg"
"12970","COL4A1","Exc L4-5 RORB IL1RAPL2",-0.0272614983011335,4.12632291082946,0.240821811335335,0.624264027065696,0.859720712346152,0.859720712346152,"social_isolation_avg"
"12971","COL4A2","Exc L4-5 RORB IL1RAPL2",-0.053493551696437,4.8283628005532,0.824316579703851,0.365242869445001,0.684044850012377,0.684044850012377,"social_isolation_avg"
"12972","NAXD","Exc L4-5 RORB IL1RAPL2",0.00776204465365366,4.73188998399114,0.114653155987525,0.985965347549327,0.998305401080937,0.998305401080937,"social_isolation_avg"
"12973","CARS2","Exc L4-5 RORB IL1RAPL2",0.0212235180226448,5.68288629147073,1.3693871106485,0.24360162927553,0.568345222063556,0.568345222063556,"social_isolation_avg"
"12974","ING1","Exc L4-5 RORB IL1RAPL2",-0.0972664426538134,3.5430623351721,6.93776935030113,0.00924088444666788,0.0944360058178188,0.0944360058178188,"social_isolation_avg"
"12975","ANKRD10","Exc L4-5 RORB IL1RAPL2",0.00411535620486108,6.82720566482749,0.0298405347910937,0.863063888263524,0.965740698866505,0.965740698866505,"social_isolation_avg"
"12976","AL442128.2","Exc L4-5 RORB IL1RAPL2",0.00408022270283461,1.34530212512906,0.00294231041524378,0.956807011470822,0.99084590137592,0.99084590137592,"social_isolation_avg"
"12977","ARHGEF7-AS2","Exc L4-5 RORB IL1RAPL2",-0.0608694141370511,0.592649791797192,0.324650276019926,0.569599864354013,0.82940543417496,0.82940543417496,"social_isolation_avg"
"12978","ARHGEF7","Exc L4-5 RORB IL1RAPL2",0.00581100693549895,8.34770427484999,0.155261419991827,0.694065075976861,0.896146969833973,0.896146969833973,"social_isolation_avg"
"12979","TEX29","Exc L4-5 RORB IL1RAPL2",0.0566815734554164,3.35388205689798,1.08529432626215,0.299037482673763,0.630028300178685,0.630028300178685,"social_isolation_avg"
"12980","TUBGCP3","Exc L4-5 RORB IL1RAPL2",0.0505478737047426,5.78954530380183,6.61095473940227,0.0110164443032137,0.104221071330553,0.104221071330553,"social_isolation_avg"
"12981","AL139384.2","Exc L4-5 RORB IL1RAPL2",-0.195392589940905,0.728490449284591,4.97847343831923,0.0270096161486354,0.176589131702948,0.176589131702948,"social_isolation_avg"
"12982","ATP11A","Exc L4-5 RORB IL1RAPL2",-0.0589491803486205,5.27734087524601,6.81314177511941,0.00988015787355649,0.0976601783181692,0.0976601783181692,"social_isolation_avg"
"12983","MCF2L","Exc L4-5 RORB IL1RAPL2",-0.0130891526780999,6.95064280779035,0.465114332756889,0.496197936366863,0.784406479572013,0.784406479572013,"social_isolation_avg"
"12984","AL356740.1","Exc L4-5 RORB IL1RAPL2",-0.120528911380521,1.25632219206679,1.85938894398018,0.174549520251389,0.480385668752951,0.480385668752951,"social_isolation_avg"
"12985","MCF2L-AS1","Exc L4-5 RORB IL1RAPL2",-0.149361235517845,0.815864867840833,2.49571327255677,0.116068332128723,0.393330195474553,0.393330195474553,"social_isolation_avg"
"12986","F10","Exc L4-5 RORB IL1RAPL2",0.0131744492358394,0.45573345302606,0.0145053722499672,0.904282260316088,0.978397583639639,0.978397583639639,"social_isolation_avg"
"12987","PCID2","Exc L4-5 RORB IL1RAPL2",-0.0148797607623756,5.71198072192185,0.630104637747626,0.532743914655312,0.8090575173925,0.8090575173925,"social_isolation_avg"
"12988","CUL4A","Exc L4-5 RORB IL1RAPL2",0.0261951043075307,5.90707457386704,1.93337488938117,0.16625895604148,0.470222078813281,0.470222078813281,"social_isolation_avg"
"12989","LAMP1","Exc L4-5 RORB IL1RAPL2",-0.0555749085948076,5.15128691818732,6.53720831918488,0.0114639030910204,0.106588948592235,0.106588948592235,"social_isolation_avg"
"12990","GRTP1","Exc L4-5 RORB IL1RAPL2",0.110908938964631,-0.0719336644775737,0.908878592780724,0.34180416887714,0.664947221810031,0.664947221810031,"social_isolation_avg"
"12991","ADPRHL1","Exc L4-5 RORB IL1RAPL2",-0.0338447412174307,3.87170608431928,0.901329479950432,0.34381146381665,0.666667144114984,0.666667144114984,"social_isolation_avg"
"12992","DCUN1D2","Exc L4-5 RORB IL1RAPL2",0.0258781027125483,5.75655674840113,1.51878237994173,0.219553886882937,0.540205343785703,0.540205343785703,"social_isolation_avg"
"12993","TMCO3","Exc L4-5 RORB IL1RAPL2",0.0140738406336305,5.88319095915524,0.37988692926409,0.538511640239519,0.811882210176405,0.811882210176405,"social_isolation_avg"
"12994","TFDP1","Exc L4-5 RORB IL1RAPL2",0.0299864631632146,5.20588693661419,1.90650244069719,0.169216367206709,0.473630604129902,0.473630604129902,"social_isolation_avg"
"12995","TMEM255B","Exc L4-5 RORB IL1RAPL2",-0.0859857209560645,0.916220074090211,0.780188630131184,0.378366273618951,0.696814119441714,0.696814119441714,"social_isolation_avg"
"12996","GAS6-AS1","Exc L4-5 RORB IL1RAPL2",0.0778053427975839,1.17424836053456,0.645476839227383,0.422888276301587,0.729728141897158,0.729728141897158,"social_isolation_avg"
"12997","GAS6","Exc L4-5 RORB IL1RAPL2",-0.00196173530654792,5.22269115174308,0.00584280545042112,0.939162881600834,0.987766326490576,0.987766326490576,"social_isolation_avg"
"12998","GAS6-DT","Exc L4-5 RORB IL1RAPL2",0.0285582824661743,0.819022426047853,0.119840079327282,0.889492232943206,0.974640400394109,0.974640400394109,"social_isolation_avg"
"12999","C13orf46","Exc L4-5 RORB IL1RAPL2",-0.0631282477838318,0.39602290883019,0.355118014464798,0.552045258965305,0.818207630393494,0.818207630393494,"social_isolation_avg"
"13000","RASA3","Exc L4-5 RORB IL1RAPL2",-0.00812423984514689,5.54135626063522,0.0787948959645557,0.77928824938599,0.936318841604764,0.936318841604764,"social_isolation_avg"
"13001","CFAP97D2","Exc L4-5 RORB IL1RAPL2",0.0632036037225013,-0.211372560635684,0.099051821231069,0.75336738207143,0.924635278271239,0.924635278271239,"social_isolation_avg"
"13002","AL160396.1","Exc L4-5 RORB IL1RAPL2",0.707827423773197,-0.356215352905762,6.68628377603391,0.0105780446159879,0.102094599452113,0.102094599452113,"social_isolation_avg"
"13003","CDC16","Exc L4-5 RORB IL1RAPL2",0.0779801988524292,5.69658674740794,13.6081257107258,0.000305281843612725,0.0111726068916758,0.0111726068916758,"social_isolation_avg"
"13004","UPF3A","Exc L4-5 RORB IL1RAPL2",-0.00469267037151249,6.76874478696179,0.0231678550176803,0.879207007860933,0.971919007001401,0.971919007001401,"social_isolation_avg"
"13005","CHAMP1","Exc L4-5 RORB IL1RAPL2",0.022707358981242,3.4669265134223,0.460351206316565,0.49840865974779,0.78504360281201,0.78504360281201,"social_isolation_avg"
"13006","CR383656.10","Exc L4-5 RORB IL1RAPL2",0.165146689355765,-0.529931373829753,0.823499210382054,0.365480109310652,0.684136243397986,0.684136243397986,"social_isolation_avg"
"13007","AL589743.5","Exc L4-5 RORB IL1RAPL2",0.125381054177702,-0.49132611086461,0.492348107099309,0.483868486536184,0.775607898487896,0.775607898487896,"social_isolation_avg"
"13008","TTC5","Exc L4-5 RORB IL1RAPL2",0.0546173559465398,5.12566992018148,4.96438162116139,0.027223870759843,0.177283797043871,0.177283797043871,"social_isolation_avg"
"13009","CCNB1IP1","Exc L4-5 RORB IL1RAPL2",-0.0538158578803905,4.25734019676667,2.20515269370565,0.139454832384594,0.431782831541302,0.431782831541302,"social_isolation_avg"
"13010","AL355075.4","Exc L4-5 RORB IL1RAPL2",-0.233575991099054,-0.11057145821146,2.04268485137262,0.15482662454669,0.454001118730672,0.454001118730672,"social_isolation_avg"
"13011","PARP2","Exc L4-5 RORB IL1RAPL2",0.0392270147290745,4.63057831052469,1.44560894945736,0.230953371654506,0.55316289831079,0.55316289831079,"social_isolation_avg"
"13012","AL355075.1","Exc L4-5 RORB IL1RAPL2",-0.127406655382732,-0.634162001834738,0.60474590895193,0.437884550448217,0.741339797694229,0.741339797694229,"social_isolation_avg"
"13013","TEP1","Exc L4-5 RORB IL1RAPL2",0.034048711429782,1.74576412068596,0.280789951593733,0.596894956243116,0.844519903946979,0.844519903946979,"social_isolation_avg"
"13014","OSGEP","Exc L4-5 RORB IL1RAPL2",0.0579065997451208,4.94837485971036,3.34705451748923,0.0691270886932823,0.300826719305921,0.300826719305921,"social_isolation_avg"
"13015","APEX1","Exc L4-5 RORB IL1RAPL2",-0.0382913231822108,4.05440477802526,1.38617256695229,0.380107132526322,0.698185327107129,0.698185327107129,"social_isolation_avg"
"13016","PIP4P1","Exc L4-5 RORB IL1RAPL2",-0.07044767634916,3.99738650680386,4.57549188165329,0.0339005903311875,0.201455109816708,0.201455109816708,"social_isolation_avg"
"13017","PNP","Exc L4-5 RORB IL1RAPL2",-0.168379048216952,-0.703898083572867,0.857173098630667,0.355880719016498,0.676066173143691,0.676066173143691,"social_isolation_avg"
"13018","RNASE10","Exc L4-5 RORB IL1RAPL2",0.131526339529559,0.724194900700768,1.02375893511167,0.313107814230014,0.642132338288109,0.642132338288109,"social_isolation_avg"
"13019","METTL17","Exc L4-5 RORB IL1RAPL2",0.0274753614427144,3.67206053744487,0.563830970644177,0.453788413922718,0.753008922748538,0.753008922748538,"social_isolation_avg"
"13020","NDRG2","Exc L4-5 RORB IL1RAPL2",-0.82498314148331,-0.751006773690174,3.07442444339101,0.0813863604685466,0.327673437865393,0.327673437865393,"social_isolation_avg"
"13021","ZNF219","Exc L4-5 RORB IL1RAPL2",0.106114327985868,2.10858781999388,2.93012203350025,0.0888164485510162,0.343800332044553,0.343800332044553,"social_isolation_avg"
"13022","HNRNPC","Exc L4-5 RORB IL1RAPL2",-0.00997302125518876,6.45218818812696,0.275278252132151,0.600515782052174,0.846547393250573,0.846547393250573,"social_isolation_avg"
"13023","RPGRIP1","Exc L4-5 RORB IL1RAPL2",-0.00494512362990238,0.949798243062495,0.00464333892117271,0.945754914644833,0.988384145085,0.988384145085,"social_isolation_avg"
"13024","SUPT16H","Exc L4-5 RORB IL1RAPL2",-0.0210592999374281,5.62991715023093,0.997442795619088,0.319389837136873,0.646743911436941,0.646743911436941,"social_isolation_avg"
"13025","CHD8","Exc L4-5 RORB IL1RAPL2",-0.0128511960540976,6.12839113129013,0.629922964756564,0.428521432610414,0.734542151478902,0.734542151478902,"social_isolation_avg"
"13026","RAB2B","Exc L4-5 RORB IL1RAPL2",-0.0128637102169704,4.08465601155412,0.210563409523364,0.646928971880543,0.87158815655614,0.87158815655614,"social_isolation_avg"
"13027","TOX4","Exc L4-5 RORB IL1RAPL2",-0.0375930069375681,5.0089594705846,2.08538170384182,0.150607774159284,0.447846879595759,0.447846879595759,"social_isolation_avg"
"13028","METTL3","Exc L4-5 RORB IL1RAPL2",-0.016661693202435,3.94653946320707,0.286846959274591,0.592968068442665,0.842499225142744,0.842499225142744,"social_isolation_avg"
"13029","SALL2","Exc L4-5 RORB IL1RAPL2",-0.0451795326454358,1.64405988370976,0.470863418582246,0.493551604703558,0.782555383535947,0.782555383535947,"social_isolation_avg"
"13030","DAD1","Exc L4-5 RORB IL1RAPL2",-0.132231787906844,3.79498642167459,13.175793807057,0.000377788625663533,0.0128567535250214,0.0128567535250214,"social_isolation_avg"
"13031","ABHD4","Exc L4-5 RORB IL1RAPL2",-0.00663112968425293,1.44351167835921,0.0085958268805044,0.926243300263413,0.98417618971798,0.98417618971798,"social_isolation_avg"
"13032","OXA1L","Exc L4-5 RORB IL1RAPL2",-0.0181128271345726,3.90435879797526,0.354675590835082,0.870697852487763,0.968118591227653,0.968118591227653,"social_isolation_avg"
"13033","SLC7A7","Exc L4-5 RORB IL1RAPL2",0.00271631687845803,0.680939683840027,0.000863538884838514,0.976592162397544,0.996653621356429,0.996653621356429,"social_isolation_avg"
"13034","MRPL52","Exc L4-5 RORB IL1RAPL2",-0.0455360236419854,2.98498573211191,1.22527883876629,0.269935417411443,0.599793312762881,0.599793312762881,"social_isolation_avg"
"13035","REM2","Exc L4-5 RORB IL1RAPL2",0.0540448313203745,-0.0665759719189348,0.161224154890936,0.688550591464647,0.893035507118046,0.893035507118046,"social_isolation_avg"
"13036","RBM23","Exc L4-5 RORB IL1RAPL2",0.00264154228271446,4.6918773523494,0.0106594778482617,0.917893878991267,0.9830198062462,0.9830198062462,"social_isolation_avg"
"13037","PRMT5-AS1","Exc L4-5 RORB IL1RAPL2",0.407304228269617,-0.660095524364228,5.32005579456573,0.0223225947780873,0.15807103884588,0.15807103884588,"social_isolation_avg"
"13038","PRMT5","Exc L4-5 RORB IL1RAPL2",-0.0505833814560985,3.04558832666122,1.72529001156073,0.190833773328223,0.501774016834811,0.501774016834811,"social_isolation_avg"
"13039","AL132780.1","Exc L4-5 RORB IL1RAPL2",-0.0254402258590159,1.4975447470995,0.076119684618179,0.782971063640722,0.937626874542957,0.937626874542957,"social_isolation_avg"
"13040","AL132780.3","Exc L4-5 RORB IL1RAPL2",0.0220595546582784,-0.072153547937678,0.0258956035274708,0.915428434448949,0.982072994738819,0.982072994738819,"social_isolation_avg"
"13041","C14orf93","Exc L4-5 RORB IL1RAPL2",-0.0339048727116599,1.76615736786247,0.256906996539606,0.867832941502315,0.967206637578211,0.967206637578211,"social_isolation_avg"
"13042","PSMB5","Exc L4-5 RORB IL1RAPL2",-0.123291899710602,5.00024444548146,11.0547772056393,0.00108965607160151,0.0250514976072566,0.0250514976072566,"social_isolation_avg"
"13043","CDH24","Exc L4-5 RORB IL1RAPL2",0.0266151484848355,0.549125755802115,0.0731210864148361,0.787182864802146,0.939315763970044,0.939315763970044,"social_isolation_avg"
"13044","ACIN1","Exc L4-5 RORB IL1RAPL2",0.0456608706965146,6.15512390770811,7.97145078633448,0.00533632694671882,0.0679917696524971,0.0679917696524971,"social_isolation_avg"
"13045","C14orf119","Exc L4-5 RORB IL1RAPL2",-0.149818903995095,2.41009628552238,7.56381503750056,0.00661879539306917,0.0780367076795505,0.0780367076795505,"social_isolation_avg"
"13046","SLC7A8","Exc L4-5 RORB IL1RAPL2",-0.0120388614550589,5.30254410017117,0.131521912909661,0.717322544214871,0.907582558359927,0.907582558359927,"social_isolation_avg"
"13047","RNF212B","Exc L4-5 RORB IL1RAPL2",0.183255379563731,1.786979051457,5.22615216668154,0.0235192950416435,0.16324348485288,0.16324348485288,"social_isolation_avg"
"13048","HOMEZ","Exc L4-5 RORB IL1RAPL2",0.0630331558295936,2.81473475943187,1.8819393193148,0.171972938356014,0.476761899873133,0.476761899873133,"social_isolation_avg"
"13049","PPP1R3E","Exc L4-5 RORB IL1RAPL2",0.00570917952526623,4.59226808174217,0.0274745100184288,0.868552816674079,0.967441402840039,0.967441402840039,"social_isolation_avg"
"13050","BCL2L2","Exc L4-5 RORB IL1RAPL2",-0.0546021836436695,1.6265089979601,0.562476399347985,0.454330319692395,0.75312675269787,0.75312675269787,"social_isolation_avg"
"13051","BCL2L2-PABPN1","Exc L4-5 RORB IL1RAPL2",0.0733830990334974,3.88601743975511,3.62483062004243,0.0586608374450194,0.275133897037881,0.275133897037881,"social_isolation_avg"
"13052","PABPN1","Exc L4-5 RORB IL1RAPL2",0.0256785549930735,5.60576856986967,0.470770579597506,0.493594149714072,0.782555383535947,0.782555383535947,"social_isolation_avg"
"13053","SLC22A17","Exc L4-5 RORB IL1RAPL2",-0.0855298541437572,6.82090006596605,13.643811903179,0.000299970874408828,0.011041985685432,0.011041985685432,"social_isolation_avg"
"13054","NGDN","Exc L4-5 RORB IL1RAPL2",0.0245728522443619,3.42352151100998,0.664319683074555,0.416211857997933,0.725131397575952,0.725131397575952,"social_isolation_avg"
"13055","ZFHX2","Exc L4-5 RORB IL1RAPL2",-0.00152483883168805,6.04971330390273,0.00428026298570675,0.94791569726289,0.988740948001749,0.988740948001749,"social_isolation_avg"
"13056","THTPA","Exc L4-5 RORB IL1RAPL2",-0.0620956544918013,2.78544930153877,1.66066949722881,0.199313658688226,0.513999418841478,0.513999418841478,"social_isolation_avg"
"13057","AP1G2","Exc L4-5 RORB IL1RAPL2",0.0445429373633354,5.43257083473657,0.996955250200065,0.319507783041162,0.646913511281095,0.646913511281095,"social_isolation_avg"
"13058","AL135999.1","Exc L4-5 RORB IL1RAPL2",-0.0707499419949749,1.18553567584782,0.741832646707095,0.521990045074658,0.80224140659446,0.80224140659446,"social_isolation_avg"
"13059","JPH4","Exc L4-5 RORB IL1RAPL2",-0.0141831705817322,7.42509419912924,0.24513610842403,0.6211784132289,0.857593342335207,0.857593342335207,"social_isolation_avg"
"13060","LINC00596","Exc L4-5 RORB IL1RAPL2",0.114122639541904,0.683902531828178,1.07857950617401,0.300532330533959,0.631440864853951,0.631440864853951,"social_isolation_avg"
"13061","DHRS4-AS1","Exc L4-5 RORB IL1RAPL2",-0.0441835463689441,3.71498180812554,1.39718984330062,0.238892275051667,0.562759055808341,0.562759055808341,"social_isolation_avg"
"13062","DHRS4","Exc L4-5 RORB IL1RAPL2",-0.056522045195513,1.97119517201088,1.04559640502504,0.308017632664068,0.638101398025429,0.638101398025429,"social_isolation_avg"
"13063","DHRS4L2","Exc L4-5 RORB IL1RAPL2",0.0121211123102953,4.1347100538358,0.0536533847692978,0.817110343370849,0.951599926146172,0.951599926146172,"social_isolation_avg"
"13064","CARMIL3","Exc L4-5 RORB IL1RAPL2",0.064188143237263,3.28127746328305,1.45592912844884,0.229302970324224,0.551358686174183,0.551358686174183,"social_isolation_avg"
"13065","CPNE6","Exc L4-5 RORB IL1RAPL2",0.0200316743366051,3.74912050184877,0.123562712397284,0.725649781668618,0.911264320631309,0.911264320631309,"social_isolation_avg"
"13066","NRL","Exc L4-5 RORB IL1RAPL2",0.0883949793746028,1.7445893598676,1.9251410687402,0.167158730117845,0.470961532254752,0.470961532254752,"social_isolation_avg"
"13067","PCK2","Exc L4-5 RORB IL1RAPL2",0.0946772496276124,0.883658904194138,1.14084301706643,0.287031655205606,0.618134071038616,0.618134071038616,"social_isolation_avg"
"13068","DCAF11","Exc L4-5 RORB IL1RAPL2",-0.0965421340025843,1.84762452655096,2.33738498678841,0.311316914495478,0.640539127541413,0.640539127541413,"social_isolation_avg"
"13069","AL136295.3","Exc L4-5 RORB IL1RAPL2",0.131313656765853,0.937574072933434,2.17840034276328,0.141862266464465,0.435416244916065,0.435416244916065,"social_isolation_avg"
"13070","PSME1","Exc L4-5 RORB IL1RAPL2",-0.119958147375528,1.38710750516191,2.9465015796289,0.0879369384795508,0.341934815653839,0.341934815653839,"social_isolation_avg"
"13071","EMC9","Exc L4-5 RORB IL1RAPL2",-0.0696794355498951,2.78940500227229,2.08289582010819,0.150849773598652,0.448246073592742,0.448246073592742,"social_isolation_avg"
"13072","PSME2","Exc L4-5 RORB IL1RAPL2",0.128968637802676,1.08337897774638,2.9472669680818,0.0878960740131793,0.341846287447613,0.341846287447613,"social_isolation_avg"
"13073","REC8","Exc L4-5 RORB IL1RAPL2",0.0958483574506985,2.01052993434933,2.78400415013749,0.0971029414802256,0.360531772456986,0.360531772456986,"social_isolation_avg"
"13074","IPO4","Exc L4-5 RORB IL1RAPL2",-0.150388364448341,0.0799799877068467,1.51495210326409,0.220133508848686,0.540787603340169,0.540787603340169,"social_isolation_avg"
"13075","AL136295.1","Exc L4-5 RORB IL1RAPL2",0.0473300102410024,3.67429856694868,1.66448316135103,0.198801019769723,0.513207248428825,0.513207248428825,"social_isolation_avg"
"13076","GMPR2","Exc L4-5 RORB IL1RAPL2",-0.0518708461860684,3.34915150952893,1.6953259220205,0.194711832447794,0.507387767765419,0.507387767765419,"social_isolation_avg"
"13077","TINF2","Exc L4-5 RORB IL1RAPL2",-0.0332492589995596,2.35787409160392,0.374256006891048,0.541533980142731,0.812842593882891,0.812842593882891,"social_isolation_avg"
"13078","TGM1","Exc L4-5 RORB IL1RAPL2",-0.0582675887996009,1.04807399470329,0.493617260253549,0.483306385497346,0.775372863914549,0.775372863914549,"social_isolation_avg"
"13079","RABGGTA","Exc L4-5 RORB IL1RAPL2",-0.00362543246651042,2.46706102589161,0.0045013098507677,0.946589702715306,0.988740948001749,0.988740948001749,"social_isolation_avg"
"13080","DHRS1","Exc L4-5 RORB IL1RAPL2",0.0247001692663714,3.43284257726546,0.368927041157596,0.544423194452575,0.814375149200503,0.814375149200503,"social_isolation_avg"
"13081","LTB4R","Exc L4-5 RORB IL1RAPL2",0.0752977262388411,0.748205103515369,0.581671461360505,0.446744902716644,0.747660862769928,0.747660862769928,"social_isolation_avg"
"13082","NYNRIN","Exc L4-5 RORB IL1RAPL2",0.0323069707022021,1.91328718480897,0.238739462408985,0.625765633584414,0.860598310295878,0.860598310295878,"social_isolation_avg"
"13083","CBLN3","Exc L4-5 RORB IL1RAPL2",0.127258850584367,-0.122444262554283,0.220373376116185,0.639374208873879,0.867293779059998,0.867293779059998,"social_isolation_avg"
"13084","KHNYN","Exc L4-5 RORB IL1RAPL2",0.196758844210963,2.35601092132923,7.50643465463107,0.00682333470467556,0.0795369352593304,0.0795369352593304,"social_isolation_avg"
"13085","SDR39U1","Exc L4-5 RORB IL1RAPL2",-0.0170767725686126,3.81826560003604,0.28568793399878,0.593715336240199,0.843089742958615,0.843089742958615,"social_isolation_avg"
"13086","AL136018.1","Exc L4-5 RORB IL1RAPL2",0.190265716877431,0.0988230277746834,1.57121659251029,0.211800461608503,0.530316442346176,0.530316442346176,"social_isolation_avg"
"13087","STXBP6","Exc L4-5 RORB IL1RAPL2",-0.746363505070882,0.0487114674037311,4.65579279223021,0.032392642639147,0.197074338062798,0.197074338062798,"social_isolation_avg"
"13088","LINC02306","Exc L4-5 RORB IL1RAPL2",-0.626562560315443,0.314485826019864,3.00614864236204,0.0848136800452734,0.335040333351842,0.335040333351842,"social_isolation_avg"
"13089","NOVA1","Exc L4-5 RORB IL1RAPL2",-0.00580209516387745,8.48684237935665,0.0748857641520922,0.784693218784886,0.938269741697979,0.938269741697979,"social_isolation_avg"
"13090","LINC02588","Exc L4-5 RORB IL1RAPL2",0.0800476109250371,3.02249712218955,2.55836492756889,0.111621632360324,0.386118957187738,0.386118957187738,"social_isolation_avg"
"13091","AL110292.1","Exc L4-5 RORB IL1RAPL2",-0.265354025136112,2.20981138518975,3.57734435945761,0.0603218475733264,0.280017094684718,0.280017094684718,"social_isolation_avg"
"13092","LINC00645","Exc L4-5 RORB IL1RAPL2",-0.381773005137278,-1.0774871658443,1.44107495537608,0.231683005170434,0.55394020027514,0.55394020027514,"social_isolation_avg"
"13093","AL139023.1","Exc L4-5 RORB IL1RAPL2",0.142980459248558,-0.488782911195965,0.776910048349058,0.379367686752828,0.697579643788309,0.697579643788309,"social_isolation_avg"
"13094","LINC02300","Exc L4-5 RORB IL1RAPL2",0.170912839116065,0.708104426627718,3.13076877129514,0.0974326384690213,0.361129915170104,0.361129915170104,"social_isolation_avg"
"13095","FOXG1-AS1","Exc L4-5 RORB IL1RAPL2",-0.046681622170773,3.35334780998872,1.15608101328775,0.378323328213085,0.696802851466931,0.696802851466931,"social_isolation_avg"
"13096","FOXG1","Exc L4-5 RORB IL1RAPL2",-0.0726341787797405,5.29038455045885,8.34396161790474,0.00438832704213776,0.0605186122188693,0.0605186122188693,"social_isolation_avg"
"13097","LINC01551","Exc L4-5 RORB IL1RAPL2",0.0481129452680435,4.93940190683132,1.33872501398133,0.248928239777811,0.575017851890607,0.575017851890607,"social_isolation_avg"
"13098","LINC02281","Exc L4-5 RORB IL1RAPL2",0.0280968505048436,0.670674629396412,0.0622969851356787,0.803211516646377,0.945168418444318,0.945168418444318,"social_isolation_avg"
"13099","LINC02327","Exc L4-5 RORB IL1RAPL2",0.161295851027699,1.58701519781321,2.69817753775336,0.102364004628119,0.370859017411195,0.370859017411195,"social_isolation_avg"
"13100","AL158058.1","Exc L4-5 RORB IL1RAPL2",-0.0974049068219751,1.73906424228102,1.36406196061472,0.244516578094662,0.569625483148129,0.569625483148129,"social_isolation_avg"
"13101","PRKD1","Exc L4-5 RORB IL1RAPL2",-0.0831567086304142,6.80500655976481,5.71658269064799,0.0179294599092803,0.140009620694797,0.140009620694797,"social_isolation_avg"
"13102","AL133372.3","Exc L4-5 RORB IL1RAPL2",-0.080329762897241,0.140077855080917,0.360158858401011,0.549239875549895,0.816620756664497,0.816620756664497,"social_isolation_avg"
"13103","G2E3-AS1","Exc L4-5 RORB IL1RAPL2",-0.0776233179237982,1.48705283058206,0.997962248027804,0.319264235701741,0.646710539095815,0.646710539095815,"social_isolation_avg"
"13104","G2E3","Exc L4-5 RORB IL1RAPL2",0.0171177795220795,5.72275168639917,0.674830673665871,0.412555724803109,0.722407364514029,0.722407364514029,"social_isolation_avg"
"13105","SCFD1","Exc L4-5 RORB IL1RAPL2",0.0384564517160076,6.90956186430284,4.233334381488,0.0412081285256965,0.226139709690675,0.226139709690675,"social_isolation_avg"
"13106","AL121852.1","Exc L4-5 RORB IL1RAPL2",0.22619005682979,0.266553157363269,4.35642178425268,0.0384038588690079,0.217361475818277,0.217361475818277,"social_isolation_avg"
"13107","COCH","Exc L4-5 RORB IL1RAPL2",0.0189871513163117,2.9024173832058,0.0972265280639153,0.755576589345471,0.925405921714176,0.925405921714176,"social_isolation_avg"
"13108","AL049830.3","Exc L4-5 RORB IL1RAPL2",0.154928840275756,1.35761707604797,4.34129279816524,0.0387373654827708,0.218559073654607,0.218559073654607,"social_isolation_avg"
"13109","STRN3","Exc L4-5 RORB IL1RAPL2",0.0295755800234895,6.85521767057809,3.11303323038962,0.0795152500613345,0.323908710092768,0.323908710092768,"social_isolation_avg"
"13110","AP4S1","Exc L4-5 RORB IL1RAPL2",0.0390920712697802,5.50372973408061,3.86917633935542,0.0508545212315354,0.254286045513182,0.254286045513182,"social_isolation_avg"
"13111","HECTD1","Exc L4-5 RORB IL1RAPL2",-0.0086593855294013,6.80791199021269,0.434691849522949,0.721249057889897,0.909296979182147,0.909296979182147,"social_isolation_avg"
"13112","AL136418.1","Exc L4-5 RORB IL1RAPL2",0.340828858368531,1.15624905657877,19.4331142697843,1.86920236281103e-05,0.00204434554374263,0.00204434554374263,"social_isolation_avg"
"13113","HEATR5A","Exc L4-5 RORB IL1RAPL2",0.0162090468095136,4.13079180697363,0.261330473751224,0.609889720050135,0.852017379878071,0.852017379878071,"social_isolation_avg"
"13114","AL139353.1","Exc L4-5 RORB IL1RAPL2",-0.0368778803604709,3.99470789521385,1.39886413075302,0.238612250846408,0.562702564834545,0.562702564834545,"social_isolation_avg"
"13115","AL139353.2","Exc L4-5 RORB IL1RAPL2",-0.0480245291199971,1.21032871266866,0.415416516734341,0.520126454838469,0.800692592303203,0.800692592303203,"social_isolation_avg"
"13116","NUBPL","Exc L4-5 RORB IL1RAPL2",0.0419416861883429,6.24330939372178,3.06029665614682,0.0820829706992364,0.329432372619441,0.329432372619441,"social_isolation_avg"
"13117","LINC02313","Exc L4-5 RORB IL1RAPL2",-0.123703142895706,-0.184133012174597,0.62958906598707,0.428643603074591,0.734542151478902,0.734542151478902,"social_isolation_avg"
"13118","AL352984.1","Exc L4-5 RORB IL1RAPL2",0.104072121738729,2.11315999818925,3.11517593251904,0.0794127870086587,0.323793487273724,0.323793487273724,"social_isolation_avg"
"13119","ARHGAP5-AS1","Exc L4-5 RORB IL1RAPL2",-0.126433691098742,0.645254144158809,2.05061851408585,0.154032593076061,0.45353770776685,0.45353770776685,"social_isolation_avg"
"13120","ARHGAP5","Exc L4-5 RORB IL1RAPL2",0.00876612169770449,6.90007316298812,0.344216334764287,0.558205931353303,0.822315044155703,0.822315044155703,"social_isolation_avg"
"13121","AKAP6","Exc L4-5 RORB IL1RAPL2",0.0262283100450593,9.35837302545694,4.48192075923474,0.0357517086396701,0.207438846725298,0.207438846725298,"social_isolation_avg"
"13122","AL136298.1","Exc L4-5 RORB IL1RAPL2",-0.0078625020974463,1.9661506086941,0.0102179407204593,0.919606420613697,0.983247337638765,0.983247337638765,"social_isolation_avg"
"13123","NPAS3","Exc L4-5 RORB IL1RAPL2",-0.020556874244336,7.28230876729534,0.183862294808863,0.668633123240042,0.88310672604061,0.88310672604061,"social_isolation_avg"
"13124","EGLN3","Exc L4-5 RORB IL1RAPL2",0.0825631894768511,4.02434154060002,2.44081392047583,0.12012736925553,0.398829611104385,0.398829611104385,"social_isolation_avg"
"13125","EAPP","Exc L4-5 RORB IL1RAPL2",-0.0062998477365965,5.37820434282066,0.0755268470011992,0.783796584385253,0.937860928889192,0.937860928889192,"social_isolation_avg"
"13126","SNX6","Exc L4-5 RORB IL1RAPL2",0.0396124727472306,5.82965336989655,3.28969908093902,0.0715294457512887,0.306617273008639,0.306617273008639,"social_isolation_avg"
"13127","CFL2","Exc L4-5 RORB IL1RAPL2",-0.060545531581794,4.05085083077972,3.12041027667784,0.0791630861569086,0.323253941905848,0.323253941905848,"social_isolation_avg"
"13128","BAZ1A","Exc L4-5 RORB IL1RAPL2",0.0241487681860413,3.09302211488036,0.310476669783963,0.719012929927869,0.908355721917955,0.908355721917955,"social_isolation_avg"
"13129","SRP54","Exc L4-5 RORB IL1RAPL2",0.0663239400887202,5.0659004348922,7.74883375100987,0.00600131511194556,0.0735909807084393,0.0735909807084393,"social_isolation_avg"
"13130","FAM177A1","Exc L4-5 RORB IL1RAPL2",0.010217202343098,4.98484019973544,0.149828682486972,0.699197023865581,0.898892470210937,0.898892470210937,"social_isolation_avg"
"13131","PPP2R3C","Exc L4-5 RORB IL1RAPL2",-0.0118573380713096,5.287787579969,0.239027286264892,0.625557597788145,0.860470272376116,0.860470272376116,"social_isolation_avg"
"13132","NFKBIA","Exc L4-5 RORB IL1RAPL2",-0.0524149428599952,4.66832750452861,2.01328200132723,0.157810506520854,0.457685177877455,0.457685177877455,"social_isolation_avg"
"13133","INSM2","Exc L4-5 RORB IL1RAPL2",-0.069447841981986,1.93406021013592,1.18090167711768,0.278754624890498,0.60967706132853,0.60967706132853,"social_isolation_avg"
"13134","RALGAPA1","Exc L4-5 RORB IL1RAPL2",0.023890665251122,7.68421586469065,2.5899110236288,0.109454536601831,0.382791832951875,0.382791832951875,"social_isolation_avg"
"13135","AL162311.3","Exc L4-5 RORB IL1RAPL2",0.124078565079082,2.01298641145027,2.02848732215068,0.156259286065936,0.455703908850267,0.455703908850267,"social_isolation_avg"
"13136","BRMS1L","Exc L4-5 RORB IL1RAPL2",0.00365608439305597,5.30814859211615,0.0215095563247691,0.883578031381958,0.973292394352534,0.973292394352534,"social_isolation_avg"
"13137","LINC00609","Exc L4-5 RORB IL1RAPL2",-0.216716683565221,0.462757655163836,0.563938589715293,0.453745403854083,0.753008922748538,0.753008922748538,"social_isolation_avg"
"13138","PTCSC3","Exc L4-5 RORB IL1RAPL2",0.00533427725488295,0.515777215047947,0.00254823870096094,0.959800768687462,0.991774908215579,0.991774908215579,"social_isolation_avg"
"13139","MBIP","Exc L4-5 RORB IL1RAPL2",-0.0318738894988742,4.65116639772772,1.79853833787657,0.181729163748851,0.488383844424893,0.488383844424893,"social_isolation_avg"
"13140","SLC25A21","Exc L4-5 RORB IL1RAPL2",-0.00120663549660163,4.11788393680611,0.000438343981868913,0.983321429279701,0.998104852196972,0.998104852196972,"social_isolation_avg"
"13141","SLC25A21-AS1","Exc L4-5 RORB IL1RAPL2",-0.0400315619444765,0.192714222754143,0.113603214062359,0.736506209680132,0.916202103442326,0.916202103442326,"social_isolation_avg"
"13142","MIPOL1","Exc L4-5 RORB IL1RAPL2",0.0135905877679327,7.32206239457915,0.58763091261756,0.444430093948445,0.745814794465501,0.745814794465501,"social_isolation_avg"
"13143","AL121790.1","Exc L4-5 RORB IL1RAPL2",0.0867170875157613,1.57270088734505,1.5709188434222,0.211843554944263,0.530316442346176,0.530316442346176,"social_isolation_avg"
"13144","TTC6","Exc L4-5 RORB IL1RAPL2",0.0375432942487618,1.66908818512237,0.075449020263001,0.783905215917899,0.937860928889192,0.937860928889192,"social_isolation_avg"
"13145","AL392023.2","Exc L4-5 RORB IL1RAPL2",-0.0416706428045189,1.73406252968689,0.0359421396593598,0.849867628873997,0.961873912835597,0.961873912835597,"social_isolation_avg"
"13146","SSTR1","Exc L4-5 RORB IL1RAPL2",-0.166046813449437,1.18496985879198,3.34890906696008,0.0690508798310774,0.300693140916873,0.300693140916873,"social_isolation_avg"
"13147","CLEC14A","Exc L4-5 RORB IL1RAPL2",-0.342675020948021,-0.654368039748511,3.64522144026751,0.0579627143804365,0.273562613816972,0.273562613816972,"social_isolation_avg"
"13148","SEC23A","Exc L4-5 RORB IL1RAPL2",0.0356559642940764,5.89784936210224,4.6446653644497,0.0325973086571323,0.197683870865897,0.197683870865897,"social_isolation_avg"
"13149","GEMIN2","Exc L4-5 RORB IL1RAPL2",0.00908326344515395,3.45015203122482,0.0647423953925094,0.799467843952884,0.943679273615414,0.943679273615414,"social_isolation_avg"
"13150","TRAPPC6B","Exc L4-5 RORB IL1RAPL2",0.0212628327846607,5.76391951754128,0.926790366452913,0.337104544931613,0.661054397185915,0.661054397185915,"social_isolation_avg"
"13151","PNN","Exc L4-5 RORB IL1RAPL2",0.0321014925166799,5.69416852127683,1.89353260147579,0.170665469655116,0.475663431942485,0.475663431942485,"social_isolation_avg"
"13152","MIA2","Exc L4-5 RORB IL1RAPL2",0.0118998597179687,5.9314095462888,0.25578588146115,0.613703981384799,0.853491609577574,0.853491609577574,"social_isolation_avg"
"13153","AL132639.2","Exc L4-5 RORB IL1RAPL2",-0.0373409565962082,0.392975991020203,0.0940540224095903,0.759471195492932,0.927350138081951,0.927350138081951,"social_isolation_avg"
"13154","FBXO33","Exc L4-5 RORB IL1RAPL2",0.0277241563221956,6.44839232424297,1.91880113431324,0.167855375528222,0.471428259415985,0.471428259415985,"social_isolation_avg"
"13155","AL049875.1","Exc L4-5 RORB IL1RAPL2",0.0764023320165165,4.14214030657017,6.61821841724947,0.0109733625257387,0.10407368037569,0.10407368037569,"social_isolation_avg"
"13156","AL121821.1","Exc L4-5 RORB IL1RAPL2",0.0338156026142613,2.09284760424738,0.304249407263242,0.710481814782592,0.904888692615874,0.904888692615874,"social_isolation_avg"
"13157","LRFN5","Exc L4-5 RORB IL1RAPL2",0.0310767083681189,9.78833316993135,3.37145608992491,0.0681315778915758,0.29834939389467,0.29834939389467,"social_isolation_avg"
"13158","AL450442.1","Exc L4-5 RORB IL1RAPL2",-0.0019354977177482,4.01949438754616,0.000786586184904081,0.97765918013439,0.996728775651856,0.996728775651856,"social_isolation_avg"
"13159","LINC02307","Exc L4-5 RORB IL1RAPL2",-0.125488927620836,2.78760638858901,0.820575127759704,0.366330580327475,0.684594735127667,0.684594735127667,"social_isolation_avg"
"13160","LINC02277","Exc L4-5 RORB IL1RAPL2",0.0194083081076777,0.83872926979913,0.0118404124951087,0.913482268692897,0.981668613012071,0.981668613012071,"social_isolation_avg"
"13161","LINC02302","Exc L4-5 RORB IL1RAPL2",0.113907435656689,0.189554251000522,0.361281434254569,0.548618768439758,0.816327124697127,0.816327124697127,"social_isolation_avg"
"13162","AL049870.2","Exc L4-5 RORB IL1RAPL2",-0.0363945940875628,0.0854641823574748,0.114883226922735,0.735081897697156,0.915193542596308,0.915193542596308,"social_isolation_avg"
"13163","C14orf28","Exc L4-5 RORB IL1RAPL2",-0.0290700287688916,2.28149150811702,0.327548753732713,0.567883617937628,0.828061493141018,0.828061493141018,"social_isolation_avg"
"13164","AL049870.3","Exc L4-5 RORB IL1RAPL2",0.0946628352300088,0.05966539429877,0.569177068248744,0.451659573961399,0.752180227894597,0.752180227894597,"social_isolation_avg"
"13165","KLHL28","Exc L4-5 RORB IL1RAPL2",0.0309280493370385,5.32926049135199,1.55442914291267,0.214246570038757,0.533670267470159,0.533670267470159,"social_isolation_avg"
"13166","TOGARAM1","Exc L4-5 RORB IL1RAPL2",0.0337307321895919,6.76701204168585,7.3890979571516,0.00726216414081505,0.0822798848553064,0.0822798848553064,"social_isolation_avg"
"13167","PRPF39","Exc L4-5 RORB IL1RAPL2",0.0604236045513848,5.3510083269461,6.9331663898978,0.00926371663717972,0.0945918955704681,0.0945918955704681,"social_isolation_avg"
"13168","FKBP3","Exc L4-5 RORB IL1RAPL2",-0.00752194448439943,6.24199683778885,0.103852371272532,0.747661933874423,0.921915827782467,0.921915827782467,"social_isolation_avg"
"13169","FANCM","Exc L4-5 RORB IL1RAPL2",0.139488657908919,4.52081428052715,16.0288103542588,9.40444335533827e-05,0.00549202076315912,0.00549202076315912,"social_isolation_avg"
"13170","MIS18BP1","Exc L4-5 RORB IL1RAPL2",0.0840115060791474,5.25696804067357,4.11805624716888,0.0440319581424996,0.234420000004005,0.234420000004005,"social_isolation_avg"
"13171","AL162632.1","Exc L4-5 RORB IL1RAPL2",0.106471616310645,-0.624583816932686,0.312733279382536,0.57676465708919,0.833948835281016,0.833948835281016,"social_isolation_avg"
"13172","LINC00871","Exc L4-5 RORB IL1RAPL2",0.011842039837054,3.08767816608083,0.0242719518544045,0.876385038319522,0.970677358194911,0.970677358194911,"social_isolation_avg"
"13173","MDGA2","Exc L4-5 RORB IL1RAPL2",0.0336008826865222,10.8172156712298,5.21794786583288,0.0236269937199996,0.163540540553887,0.163540540553887,"social_isolation_avg"
"13174","LINC00648","Exc L4-5 RORB IL1RAPL2",-0.48779412305339,0.820286198033534,4.80378034902576,0.0297958265195647,0.187173583524795,0.187173583524795,"social_isolation_avg"
"13175","AL358335.2","Exc L4-5 RORB IL1RAPL2",-0.0891143638636874,1.93284099701746,0.764924463678146,0.38306078124606,0.700367436563551,0.700367436563551,"social_isolation_avg"
"13176","AL110505.1","Exc L4-5 RORB IL1RAPL2",-0.130438231254034,-0.386332157536536,0.623519356963041,0.430873705983485,0.736323748890783,0.736323748890783,"social_isolation_avg"
"13177","RPS29","Exc L4-5 RORB IL1RAPL2",-0.078633467399513,5.15301044265887,7.10725824415753,0.00843945856196201,0.0891573935072934,0.0891573935072934,"social_isolation_avg"
"13178","LRR1","Exc L4-5 RORB IL1RAPL2",0.0211335412021049,1.67913928460204,0.116173779713694,0.733654790435108,0.914639407644638,0.914639407644638,"social_isolation_avg"
"13179","RPL36AL","Exc L4-5 RORB IL1RAPL2",-0.159838310726966,4.2917279250548,8.71465968312405,0.00361614875791754,0.0539921756789483,0.0539921756789483,"social_isolation_avg"
"13180","MGAT2","Exc L4-5 RORB IL1RAPL2",-0.0727918290429893,1.88532120413391,1.64204770659992,0.222032725030923,0.543477514917217,0.543477514917217,"social_isolation_avg"
"13181","DNAAF2","Exc L4-5 RORB IL1RAPL2",0.0713564478290472,3.56751364440844,4.53684728221278,0.0346525216511004,0.203558013710174,0.203558013710174,"social_isolation_avg"
"13182","POLE2","Exc L4-5 RORB IL1RAPL2",0.0149477856727096,3.34495601555197,0.0929673507494815,0.760821713089232,0.928323185229983,0.928323185229983,"social_isolation_avg"
"13183","KLHDC1","Exc L4-5 RORB IL1RAPL2",0.0828495438640084,5.82062647647788,14.0437186631344,0.000246515389686573,0.00975326559652103,0.00975326559652103,"social_isolation_avg"
"13184","AL591767.1","Exc L4-5 RORB IL1RAPL2",0.180992524191412,0.901771905751987,3.45942980691597,0.271729009480084,0.600861473719535,0.600861473719535,"social_isolation_avg"
"13185","KLHDC2","Exc L4-5 RORB IL1RAPL2",-0.0107795235559647,5.70547308217774,0.173772542250282,0.677321411127651,0.886680107142379,0.886680107142379,"social_isolation_avg"
"13186","NEMF","Exc L4-5 RORB IL1RAPL2",0.0575681658695821,6.93179107770171,16.5926697957108,7.17417650135428e-05,0.0046014438502415,0.0046014438502415,"social_isolation_avg"
"13187","AL627171.2","Exc L4-5 RORB IL1RAPL2",0.247462505194761,3.45862625392049,4.27721346975426,0.040184331046113,0.222809688382559,0.222809688382559,"social_isolation_avg"
"13188","AL627171.1","Exc L4-5 RORB IL1RAPL2",0.0121192238568735,1.36009687715155,0.0218338267378976,0.882710104527912,0.973125787319969,0.973125787319969,"social_isolation_avg"
"13189","ARF6","Exc L4-5 RORB IL1RAPL2",-0.101458548229669,2.94487918978195,5.3562897617288,0.0218780311588098,0.156174755095561,0.156174755095561,"social_isolation_avg"
"13190","LINC01588","Exc L4-5 RORB IL1RAPL2",0.0786409324300194,3.58908171130005,1.64862434842881,0.200943091431583,0.515531421420607,0.515531421420607,"social_isolation_avg"
"13191","VCPKMT","Exc L4-5 RORB IL1RAPL2",0.00815779916194415,3.92012318181133,0.060317943389657,0.806298792597749,0.946929393255664,0.946929393255664,"social_isolation_avg"
"13192","SOS2","Exc L4-5 RORB IL1RAPL2",0.0383953841896718,6.59140143263657,6.42378215886225,0.0121892596526704,0.110553651086267,0.110553651086267,"social_isolation_avg"
"13193","L2HGDH","Exc L4-5 RORB IL1RAPL2",0.0846717470973124,6.17064684780421,11.6192182106656,0.000820046422861806,0.0209394040040057,0.0209394040040057,"social_isolation_avg"
"13194","ATP5S","Exc L4-5 RORB IL1RAPL2",0.0120998119235376,4.04776440898799,0.144071430735465,0.70475373765902,0.90152913298213,0.90152913298213,"social_isolation_avg"
"13195","AL359397.2","Exc L4-5 RORB IL1RAPL2",0.0128193183782997,1.63052047490619,0.0431286937866249,0.835738777837737,0.956824497333631,0.956824497333631,"social_isolation_avg"
"13196","CDKL1","Exc L4-5 RORB IL1RAPL2",0.0782079517998647,6.59909975923019,9.09434466710164,0.00296909696899476,0.0476087150426694,0.0476087150426694,"social_isolation_avg"
"13197","MAP4K5","Exc L4-5 RORB IL1RAPL2",0.0609297210443558,7.16929963322732,10.9899889133024,0.00112592689946482,0.0256053640201609,0.0256053640201609,"social_isolation_avg"
"13198","ATL1","Exc L4-5 RORB IL1RAPL2",-0.0323970406749805,7.33650065258565,4.04108755446254,0.0460313461119175,0.240892970238145,0.240892970238145,"social_isolation_avg"
"13199","SAV1","Exc L4-5 RORB IL1RAPL2",-0.0412978447493979,3.8428756411392,1.34393510148034,0.248013104596258,0.574094118616753,0.574094118616753,"social_isolation_avg"
"13200","NIN","Exc L4-5 RORB IL1RAPL2",0.0163871357456682,7.763479568306,0.851773480950459,0.357396302202679,0.677448951510407,0.677448951510407,"social_isolation_avg"
"13201","PYGL","Exc L4-5 RORB IL1RAPL2",0.145464041649973,3.15488808503647,2.39782362325358,0.123416646351939,0.404427843024773,0.404427843024773,"social_isolation_avg"
"13202","ABHD12B","Exc L4-5 RORB IL1RAPL2",0.0169476079225883,3.69422738866991,0.195510818629545,0.658947025750624,0.878351304194848,0.878351304194848,"social_isolation_avg"
"13203","AL358334.2","Exc L4-5 RORB IL1RAPL2",0.143511401293805,0.0703144448711103,0.82442082453156,0.365212628020505,0.684044850012377,0.684044850012377,"social_isolation_avg"
"13204","TRIM9","Exc L4-5 RORB IL1RAPL2",0.00800156519113251,9.04419921547073,0.350811834911016,0.554463253641106,0.819660317766677,0.819660317766677,"social_isolation_avg"
"13205","TMX1","Exc L4-5 RORB IL1RAPL2",-0.0748535785327601,3.06599417788062,2.72566584613036,0.100645587882293,0.367227017020822,0.367227017020822,"social_isolation_avg"
"13206","LINC00519","Exc L4-5 RORB IL1RAPL2",0.0711607364609171,-0.420266427633176,0.249782586611374,0.617892840329329,0.855418833391789,0.855418833391789,"social_isolation_avg"
"13207","LINC00640","Exc L4-5 RORB IL1RAPL2",0.155273097089328,0.18376241252143,1.54056539243176,0.644496252652625,0.869732087329029,0.869732087329029,"social_isolation_avg"
"13208","AL358332.1","Exc L4-5 RORB IL1RAPL2",-0.00975316745833758,-0.563894049609629,0.00653148100165586,0.935684796308103,0.986941636436088,0.986941636436088,"social_isolation_avg"
"13209","FRMD6-AS2","Exc L4-5 RORB IL1RAPL2",-0.00883128293703428,1.21253206455089,0.00580227417660604,0.939373849284743,0.987767273530547,0.987767273530547,"social_isolation_avg"
"13210","FRMD6","Exc L4-5 RORB IL1RAPL2",-0.0697815780771686,4.07636153211279,2.06688116437567,0.152419470529796,0.450543477877562,0.450543477877562,"social_isolation_avg"
"13211","AL122125.1","Exc L4-5 RORB IL1RAPL2",0.146488280870456,-0.212103491497769,0.94374706690569,0.332735453512995,0.65765452351682,0.65765452351682,"social_isolation_avg"
"13212","FRMD6-AS1","Exc L4-5 RORB IL1RAPL2",-0.151982027391292,2.25069567949804,5.04517342485925,0.0260192547756341,0.172619326651393,0.172619326651393,"social_isolation_avg"
"13213","GNG2","Exc L4-5 RORB IL1RAPL2",-0.120912759693522,4.52743086132856,14.7873646609369,0.000171470570043047,0.00793250527086672,0.00793250527086672,"social_isolation_avg"
"13214","RTRAF","Exc L4-5 RORB IL1RAPL2",-0.0717241815541618,4.0734710387871,5.63745513953641,0.0187277764375408,0.143077751829123,0.143077751829123,"social_isolation_avg"
"13215","NID2","Exc L4-5 RORB IL1RAPL2",0.146807807018464,0.166599725947681,1.58878160597082,0.209276694382094,0.5274006838577,0.5274006838577,"social_isolation_avg"
"13216","LINC02319","Exc L4-5 RORB IL1RAPL2",-0.0174567462723847,-0.350385944296231,0.0118984790009007,0.913271225614257,0.981668613012071,0.981668613012071,"social_isolation_avg"
"13217","TXNDC16","Exc L4-5 RORB IL1RAPL2",0.0294231398583269,6.57804244670656,2.26099631426832,0.134576890469137,0.422616717159376,0.422616717159376,"social_isolation_avg"
"13218","GPR137C","Exc L4-5 RORB IL1RAPL2",0.0391884947059205,7.30024368095961,1.99942786311816,0.159239268358675,0.460225531070122,0.460225531070122,"social_isolation_avg"
"13219","ERO1A","Exc L4-5 RORB IL1RAPL2",-0.00452928008552342,5.65351523150427,0.0563829018339087,0.859418711367287,0.964243395716678,0.964243395716678,"social_isolation_avg"
"13220","AL133453.1","Exc L4-5 RORB IL1RAPL2",-0.167202816841125,1.83833938726028,5.3691508613211,0.021722471169948,0.155459454537166,0.155459454537166,"social_isolation_avg"
"13221","PSMC6","Exc L4-5 RORB IL1RAPL2",-0.000376305790797585,5.63517010612117,0.000367182135501696,0.984734984135393,0.998241126966289,0.998241126966289,"social_isolation_avg"
"13222","STYX","Exc L4-5 RORB IL1RAPL2",0.0240902340550846,3.34445427223909,0.460888976408199,0.498158227115284,0.785043185976966,0.785043185976966,"social_isolation_avg"
"13223","GNPNAT1","Exc L4-5 RORB IL1RAPL2",0.0129082536101822,4.21588174714747,0.257183113585894,0.999158013118802,1,1,"social_isolation_avg"
"13224","AL139317.3","Exc L4-5 RORB IL1RAPL2",0.00857993339524574,-0.242026851351168,0.00422531072104252,0.948250643600686,0.988740948001749,0.988740948001749,"social_isolation_avg"
"13225","FERMT2","Exc L4-5 RORB IL1RAPL2",-0.0112241566293246,4.55942292053527,0.127672167341801,0.721313712192173,0.909296979182147,0.909296979182147,"social_isolation_avg"
"13226","DDHD1","Exc L4-5 RORB IL1RAPL2",0.023463533574037,6.87011876354671,2.10139722527199,0.149059242064408,0.446257898591878,0.446257898591878,"social_isolation_avg"
"13227","AL356020.1","Exc L4-5 RORB IL1RAPL2",0.00867153473701197,1.48368511143772,0.0189185040149773,0.890767778902779,0.974706512053996,0.974706512053996,"social_isolation_avg"
"13228","BMP4","Exc L4-5 RORB IL1RAPL2",-0.0954522038028573,0.939030248518197,0.43289510049671,0.511487027154902,0.795085475611218,0.795085475611218,"social_isolation_avg"
"13229","CDKN3","Exc L4-5 RORB IL1RAPL2",-0.049905685755831,2.05712315201181,0.712323612435947,0.399893286922346,0.713023561076589,0.713023561076589,"social_isolation_avg"
"13230","CNIH1","Exc L4-5 RORB IL1RAPL2",-0.0368710555118286,5.30314156384678,2.79515311160435,0.0964416533156483,0.359561088154755,0.359561088154755,"social_isolation_avg"
"13231","GMFB","Exc L4-5 RORB IL1RAPL2",-0.0703223211330928,5.33234248142217,5.12951327421222,0.0248212419666806,0.167561337886738,0.167561337886738,"social_isolation_avg"
"13232","CGRRF1","Exc L4-5 RORB IL1RAPL2",0.0565331236721915,4.01492661838967,5.43823800945882,0.0209064057050729,0.152435492233405,0.152435492233405,"social_isolation_avg"
"13233","SAMD4A","Exc L4-5 RORB IL1RAPL2",0.00460376622681261,6.73693008636763,0.0288556748233074,0.865320425112764,0.966699504677868,0.966699504677868,"social_isolation_avg"
"13234","GCH1","Exc L4-5 RORB IL1RAPL2",0.0793074193094075,2.53811749634851,1.76728963060825,0.18554968121062,0.493965319423858,0.493965319423858,"social_isolation_avg"
"13235","WDHD1","Exc L4-5 RORB IL1RAPL2",0.0341691641810329,3.72118869829444,0.893768865090217,0.345837905136666,0.668669426026044,0.668669426026044,"social_isolation_avg"
"13236","SOCS4","Exc L4-5 RORB IL1RAPL2",-0.0195799250485948,3.94949567502125,0.402773323527123,0.526537876923733,0.805388389041079,0.805388389041079,"social_isolation_avg"
"13237","MAPK1IP1L","Exc L4-5 RORB IL1RAPL2",-0.0111969245077133,5.42017931637569,0.265301974771117,0.607188908585756,0.849938694928689,0.849938694928689,"social_isolation_avg"
"13238","LGALS3","Exc L4-5 RORB IL1RAPL2",-0.12059936538744,0.170163336947031,0.641444190590227,0.424338000606417,0.730630567792703,0.730630567792703,"social_isolation_avg"
"13239","AL158801.2","Exc L4-5 RORB IL1RAPL2",0.238268654899233,-0.225668348877697,1.86013733228196,0.174463295011473,0.480315285561363,0.480315285561363,"social_isolation_avg"
"13240","FBXO34","Exc L4-5 RORB IL1RAPL2",0.0152460615588881,7.07836067116007,0.750995629447225,0.387417369042221,0.703490467329695,0.703490467329695,"social_isolation_avg"
"13241","AL158801.3","Exc L4-5 RORB IL1RAPL2",0.0699885246921751,2.53659823603047,1.00962358461911,0.316461663525287,0.644443498489681,0.644443498489681,"social_isolation_avg"
"13242","ATG14","Exc L4-5 RORB IL1RAPL2",0.0310416145164588,4.92649628673184,1.31852688869489,0.252515625983547,0.580177352296348,0.580177352296348,"social_isolation_avg"
"13243","TBPL2","Exc L4-5 RORB IL1RAPL2",0.140650918196424,0.442617617393111,2.21563402881255,0.139377831966333,0.431615050513092,0.431615050513092,"social_isolation_avg"
"13244","KTN1-AS1","Exc L4-5 RORB IL1RAPL2",0.0537350835436435,4.94801489262326,3.11460783911568,0.0794399389878438,0.323793487273724,0.323793487273724,"social_isolation_avg"
"13245","KTN1","Exc L4-5 RORB IL1RAPL2",-0.00434052369032006,7.06173694982868,0.0407339922374656,0.84030042395788,0.958874418748966,0.958874418748966,"social_isolation_avg"
"13246","AL355773.1","Exc L4-5 RORB IL1RAPL2",0.0176830942584321,2.77613292225993,0.118545922888493,0.731054565513799,0.913323435727078,0.913323435727078,"social_isolation_avg"
"13247","PELI2","Exc L4-5 RORB IL1RAPL2",0.0534385143778681,5.47511316810716,1.00192170221587,0.31830899807821,0.645868584733278,0.645868584733278,"social_isolation_avg"
"13248","LINC02284","Exc L4-5 RORB IL1RAPL2",0.2952992834529,0.591043647022018,6.67073142376274,0.0106670510549282,0.102244819154153,0.102244819154153,"social_isolation_avg"
"13249","TMEM260","Exc L4-5 RORB IL1RAPL2",0.051438317843196,6.04569993246619,7.68825602237947,0.00619666041447507,0.074899485538833,0.074899485538833,"social_isolation_avg"
"13250","AL161757.5","Exc L4-5 RORB IL1RAPL2",0.244989023428987,0.227629070404781,5.25823789505518,0.0231030155299556,0.161383903672741,0.161383903672741,"social_isolation_avg"
"13251","OTX2-AS1","Exc L4-5 RORB IL1RAPL2",0.0633559174814631,1.32720282468318,0.482798065138233,0.488133172853701,0.779209294150415,0.779209294150415,"social_isolation_avg"
"13252","AL161757.4","Exc L4-5 RORB IL1RAPL2",-0.198910299508008,-0.248215622466847,2.08035592464926,0.151097489283429,0.44849427743868,0.44849427743868,"social_isolation_avg"
"13253","EXOC5","Exc L4-5 RORB IL1RAPL2",0.0157788446424661,6.24537531250049,0.892932698009889,0.346063017091816,0.668819071013895,0.668819071013895,"social_isolation_avg"
"13254","AP5M1","Exc L4-5 RORB IL1RAPL2",0.00322127932200666,5.84612322544697,0.0285882652640512,0.865939937739583,0.96677503774678,0.96677503774678,"social_isolation_avg"
"13255","NAA30","Exc L4-5 RORB IL1RAPL2",0.0255611007918927,4.76233132549701,1.03699335833542,0.310009919360575,0.639522207176346,0.639522207176346,"social_isolation_avg"
"13256","SLC35F4","Exc L4-5 RORB IL1RAPL2",0.274493703194303,1.09606620640436,0.977484768726794,0.324265580204938,0.651665325869107,0.651665325869107,"social_isolation_avg"
"13257","ARMH4","Exc L4-5 RORB IL1RAPL2",0.0164605752382308,5.72218904420809,0.461723514650349,0.49777001611032,0.784905430115777,0.784905430115777,"social_isolation_avg"
"13258","ACTR10","Exc L4-5 RORB IL1RAPL2",-0.0165761965571598,5.94647247141516,0.917344993791982,0.339571820348341,0.663058659732814,0.663058659732814,"social_isolation_avg"
"13259","PSMA3","Exc L4-5 RORB IL1RAPL2",0.0640168011315586,4.61155996249461,6.50964850302552,0.0116359252113405,0.107659335415048,0.107659335415048,"social_isolation_avg"
"13260","ARID4A","Exc L4-5 RORB IL1RAPL2",0.0222879778231798,6.60508379496318,1.03812849602795,0.309746081623425,0.639261000745227,0.639261000745227,"social_isolation_avg"
"13261","AL139021.2","Exc L4-5 RORB IL1RAPL2",0.0651970949309444,1.22368256565412,0.664192175110718,0.901390595069275,0.978205337360331,0.978205337360331,"social_isolation_avg"
"13262","AL139021.1","Exc L4-5 RORB IL1RAPL2",0.0520074966962113,2.32199004846752,0.869018757135253,0.352586705307657,0.672780662679123,0.672780662679123,"social_isolation_avg"
"13263","TIMM9","Exc L4-5 RORB IL1RAPL2",0.0140545258895224,4.26571491047261,0.247352321989245,0.619606500554519,0.856360452665599,0.856360452665599,"social_isolation_avg"
"13264","KIAA0586","Exc L4-5 RORB IL1RAPL2",0.0233153770163659,6.16802191230492,1.68941324357762,0.195487996643551,0.508515554669316,0.508515554669316,"social_isolation_avg"
"13265","DACT1","Exc L4-5 RORB IL1RAPL2",-0.0477432529670065,1.60514840297878,0.334982634451847,0.563527566460068,0.826056636512892,0.826056636512892,"social_isolation_avg"
"13266","LINC01500","Exc L4-5 RORB IL1RAPL2",0.134007055638511,1.03094220103296,1.7389140106277,0.189100584160695,0.499577234418391,0.499577234418391,"social_isolation_avg"
"13267","DAAM1","Exc L4-5 RORB IL1RAPL2",0.00209332408746832,7.21259515503002,0.0186684820783611,0.891487434344213,0.974893506894575,0.974893506894575,"social_isolation_avg"
"13268","GPR135","Exc L4-5 RORB IL1RAPL2",0.0443119995849245,5.79422286134594,2.70178734972003,0.102136504177806,0.370481800350817,0.370481800350817,"social_isolation_avg"
"13269","L3HYPDH","Exc L4-5 RORB IL1RAPL2",-0.021168600621924,4.4105725198565,0.584857754300222,0.722028092692304,0.909432401932571,0.909432401932571,"social_isolation_avg"
"13270","JKAMP","Exc L4-5 RORB IL1RAPL2",-0.0461604539798306,4.80344397885118,3.51134493426052,0.0627148559444496,0.284973052191386,0.284973052191386,"social_isolation_avg"
"13271","CCDC175","Exc L4-5 RORB IL1RAPL2",0.067367493603276,5.55442055677998,3.67223047154878,0.0570516861467627,0.271210095251554,0.271210095251554,"social_isolation_avg"
"13272","RTN1","Exc L4-5 RORB IL1RAPL2",-0.0695940720897408,9.48609664925748,22.5877954808102,4.3392497131062e-06,0.000772904901791271,0.000772904901791271,"social_isolation_avg"
"13273","LRRC9","Exc L4-5 RORB IL1RAPL2",0.0445026564145406,5.10468150866933,2.1030799777982,0.148897593665121,0.445985652958328,0.445985652958328,"social_isolation_avg"
"13274","AL157911.1","Exc L4-5 RORB IL1RAPL2",0.0112577841923136,3.41851236097792,0.0502796914714289,0.822854223014011,0.953227927203764,0.953227927203764,"social_isolation_avg"
"13275","PCNX4","Exc L4-5 RORB IL1RAPL2",0.0193089756575617,6.66952543581475,0.302156649891712,0.583275457609542,0.838358776468409,0.838358776468409,"social_isolation_avg"
"13276","DHRS7","Exc L4-5 RORB IL1RAPL2",0.0118746728623111,3.82800408818954,0.116349256295276,0.733461431269068,0.914629509322478,0.914629509322478,"social_isolation_avg"
"13277","PPM1A","Exc L4-5 RORB IL1RAPL2",-0.0166587423843369,6.67400772366364,0.835645400859526,0.361976662628744,0.682022233172593,0.682022233172593,"social_isolation_avg"
"13278","C14orf39","Exc L4-5 RORB IL1RAPL2",0.103128168062144,0.0364898038007002,0.711305068712336,0.400229705393729,0.713175213468402,0.713175213468402,"social_isolation_avg"
"13279","SIX4","Exc L4-5 RORB IL1RAPL2",0.0899258005576733,1.79802024114294,1.91929653938778,0.167800818785631,0.471428259415985,0.471428259415985,"social_isolation_avg"
"13280","MNAT1","Exc L4-5 RORB IL1RAPL2",-0.00134860383076961,8.17100666712808,0.00707001971303469,0.933091861381715,0.986583286147705,0.986583286147705,"social_isolation_avg"
"13281","TRMT5","Exc L4-5 RORB IL1RAPL2",-0.0648550380554237,2.58251401897898,1.81824490030581,0.360577869737,0.680770690126416,0.680770690126416,"social_isolation_avg"
"13282","SLC38A6","Exc L4-5 RORB IL1RAPL2",0.042850025337153,6.56699741539429,5.59120920145315,0.0192114457213308,0.145173950550286,0.145173950550286,"social_isolation_avg"
"13283","PRKCH","Exc L4-5 RORB IL1RAPL2",0.204021916825727,3.89553251291867,3.86060119870114,0.0511088052010402,0.255151013808091,0.255151013808091,"social_isolation_avg"
"13284","AL359220.1","Exc L4-5 RORB IL1RAPL2",0.107890067236356,-0.799586893182574,0.131436142957687,0.717410740145884,0.907582558359927,0.907582558359927,"social_isolation_avg"
"13285","HIF1A-AS1","Exc L4-5 RORB IL1RAPL2",0.115563316414966,0.444468504555795,1.30295647735693,0.255324827913086,0.583595200403903,0.583595200403903,"social_isolation_avg"
"13286","HIF1A","Exc L4-5 RORB IL1RAPL2",-0.0274385904699037,5.65019207471292,1.80259594824254,0.181239844235753,0.487800724435944,0.487800724435944,"social_isolation_avg"
"13287","HIF1A-AS2","Exc L4-5 RORB IL1RAPL2",0.0279216409439494,1.84558321527112,0.0985727868229751,0.753944991920825,0.924985253862164,0.924985253862164,"social_isolation_avg"
"13288","SNAPC1","Exc L4-5 RORB IL1RAPL2",0.0236021678749223,3.71839623730135,0.47498245141916,0.491670179039386,0.781062304950099,0.781062304950099,"social_isolation_avg"
"13289","SYT16","Exc L4-5 RORB IL1RAPL2",-0.0178453834776406,8.03750003480621,1.91689336272643,0.168065661303759,0.471722448974195,0.471722448974195,"social_isolation_avg"
"13290","AL390816.2","Exc L4-5 RORB IL1RAPL2",-0.117920257764257,0.741005667450895,1.17645377995378,0.279658543979667,0.610806800258488,0.610806800258488,"social_isolation_avg"
"13291","KCNH5","Exc L4-5 RORB IL1RAPL2",-0.0199544637459642,6.5789686355111,0.130081162538043,0.718808389607576,0.908254499244371,0.908254499244371,"social_isolation_avg"
"13292","RHOJ","Exc L4-5 RORB IL1RAPL2",-0.0922111975878836,2.08419888553077,0.48195455614059,0.488512857568372,0.779552313237005,0.779552313237005,"social_isolation_avg"
"13293","GPHB5","Exc L4-5 RORB IL1RAPL2",-0.0519933797332354,-0.336913687080125,0.0939443804328211,0.759607070227766,0.927439206025654,0.927439206025654,"social_isolation_avg"
"13294","PPP2R5E","Exc L4-5 RORB IL1RAPL2",-0.0116115883623993,7.11299520771601,0.763665398371942,0.383451700726528,0.700678055263537,0.700678055263537,"social_isolation_avg"
"13295","AL136038.3","Exc L4-5 RORB IL1RAPL2",-0.147356419836971,0.514469000417576,1.88502840335904,0.171623427156447,0.476569280752994,0.476569280752994,"social_isolation_avg"
"13296","WDR89","Exc L4-5 RORB IL1RAPL2",0.0582469414004002,3.95294872343067,3.0245554102454,0.0838744662529159,0.332981279054012,0.332981279054012,"social_isolation_avg"
"13297","SGPP1","Exc L4-5 RORB IL1RAPL2",0.0249703641763239,5.09882786926457,1.43780421531761,0.232211088828119,0.55472123299059,0.55472123299059,"social_isolation_avg"
"13298","SYNE2","Exc L4-5 RORB IL1RAPL2",-0.00171354947108965,3.94380756213509,0.0032192676660435,0.954821959158804,0.990036513001082,0.990036513001082,"social_isolation_avg"
"13299","ESR2","Exc L4-5 RORB IL1RAPL2",0.105147428748721,3.93078594682087,7.57501781747387,0.00657960575169224,0.0778079502673555,0.0778079502673555,"social_isolation_avg"
"13300","MTHFD1","Exc L4-5 RORB IL1RAPL2",-0.0451095344979488,4.48892224359061,2.62882521683075,0.212676683597118,0.531438923711183,0.531438923711183,"social_isolation_avg"
"13301","AL122035.1","Exc L4-5 RORB IL1RAPL2",0.0743755984048919,3.0940614478841,2.65511015249812,0.12312844694183,0.403737865878692,0.403737865878692,"social_isolation_avg"
"13302","ZBTB25","Exc L4-5 RORB IL1RAPL2",0.0621135416336614,4.66934080926104,5.58414871581216,0.0192864284848244,0.145443807637052,0.145443807637052,"social_isolation_avg"
"13303","AKAP5","Exc L4-5 RORB IL1RAPL2",-0.0837680858750588,4.03098825064451,4.89710918100848,0.0282715846543367,0.181188330566032,0.181188330566032,"social_isolation_avg"
"13304","ZBTB1","Exc L4-5 RORB IL1RAPL2",0.0124574625398683,5.43933972137332,0.168705228955179,0.681797034332922,0.889000185143216,0.889000185143216,"social_isolation_avg"
"13305","AL049869.3","Exc L4-5 RORB IL1RAPL2",0.12939306457937,1.63295539801369,2.30269117384985,0.131060252101105,0.416773365392996,0.416773365392996,"social_isolation_avg"
"13306","PPP1R36","Exc L4-5 RORB IL1RAPL2",0.105529947054734,0.564882669318216,1.31766298954702,0.252670483654718,0.580261951842568,0.580261951842568,"social_isolation_avg"
"13307","AL049869.2","Exc L4-5 RORB IL1RAPL2",-0.166459229684073,-0.0141584534557049,2.03484144193395,0.155616229266283,0.454946643069736,0.454946643069736,"social_isolation_avg"
"13308","SPTB","Exc L4-5 RORB IL1RAPL2",0.00158632864916659,4.85516672562844,0.00197332530962364,0.964621542773089,0.993500855196213,0.993500855196213,"social_isolation_avg"
"13309","CHURC1","Exc L4-5 RORB IL1RAPL2",-0.287012644486809,0.0688864212393581,3.84504988210783,0.0515734276977524,0.256727394230248,0.256727394230248,"social_isolation_avg"
"13310","CHURC1-FNTB","Exc L4-5 RORB IL1RAPL2",0.102115840489832,3.79899340320121,5.84222689460569,0.0167339599103897,0.133034981287598,0.133034981287598,"social_isolation_avg"
"13311","RAB15","Exc L4-5 RORB IL1RAPL2",-0.0629235915119736,5.89432886580025,7.3557996066233,0.00739193229633166,0.0833012215478805,0.0833012215478805,"social_isolation_avg"
"13312","FNTB","Exc L4-5 RORB IL1RAPL2",0.0446898312777475,2.48210295983213,0.748067674082967,0.388342173243861,0.703971223339115,0.703971223339115,"social_isolation_avg"
"13313","MAX","Exc L4-5 RORB IL1RAPL2",0.0105169615248561,6.02326801419469,0.386429768285891,0.535038460749444,0.809700884133067,0.809700884133067,"social_isolation_avg"
"13314","AL139022.1","Exc L4-5 RORB IL1RAPL2",0.00149581941080576,1.06440361314869,0.000116659980991512,0.991395301028596,0.998822911403646,0.998822911403646,"social_isolation_avg"
"13315","AL355076.2","Exc L4-5 RORB IL1RAPL2",0.0966849253123846,0.697825414370476,0.958293228719959,0.329047821382124,0.654463768356056,0.654463768356056,"social_isolation_avg"
"13316","FUT8","Exc L4-5 RORB IL1RAPL2",0.0338674968070104,7.94578699614927,2.93662279266957,0.0884662401589594,0.343151683498388,0.343151683498388,"social_isolation_avg"
"13317","AL391261.2","Exc L4-5 RORB IL1RAPL2",0.116125443995879,1.20308082912959,1.53665979542326,0.21687270283042,0.536919280955755,0.536919280955755,"social_isolation_avg"
"13318","AL359232.1","Exc L4-5 RORB IL1RAPL2",0.112332429673867,4.94763395240197,7.21785076522341,0.00795558758764783,0.0865725055561427,0.0865725055561427,"social_isolation_avg"
"13319","CCDC196","Exc L4-5 RORB IL1RAPL2",0.0849080297184185,0.587778063899874,0.619487350118243,0.432364899660593,0.737261026711944,0.737261026711944,"social_isolation_avg"
"13320","GPHN","Exc L4-5 RORB IL1RAPL2",0.0181941296377841,9.66318675914968,1.30165825336799,0.255560798443995,0.583993462241405,0.583993462241405,"social_isolation_avg"
"13321","FAM71D","Exc L4-5 RORB IL1RAPL2",0.0539790317311652,1.98171783393776,0.70649644062068,0.401823552852356,0.71439134395283,0.71439134395283,"social_isolation_avg"
"13322","MPP5","Exc L4-5 RORB IL1RAPL2",0.0277738984586193,5.10139157510464,1.40915474446682,0.236899928654142,0.560575057707811,0.560575057707811,"social_isolation_avg"
"13323","ATP6V1D","Exc L4-5 RORB IL1RAPL2",-0.0601857140031182,5.68692943757902,6.39728764791061,0.0123654526508095,0.111344968425333,0.111344968425333,"social_isolation_avg"
"13324","EIF2S1","Exc L4-5 RORB IL1RAPL2",-0.0526190462690673,4.81016465011234,5.07931887812734,0.0656329815279984,0.291854675321094,0.291854675321094,"social_isolation_avg"
"13325","TMEM229B","Exc L4-5 RORB IL1RAPL2",0.0602011088565746,4.30655692980085,3.92495245291525,0.049233155843564,0.249522210709261,0.249522210709261,"social_isolation_avg"
"13326","PLEKHH1","Exc L4-5 RORB IL1RAPL2",0.046532358320497,3.82733040240429,0.391730672324542,0.532254340703335,0.808768421173129,0.808768421173129,"social_isolation_avg"
"13327","PIGH","Exc L4-5 RORB IL1RAPL2",-0.0366355790093535,3.46068660839558,0.931571189579998,0.335864934565453,0.660386618197333,0.660386618197333,"social_isolation_avg"
"13328","ARG2","Exc L4-5 RORB IL1RAPL2",-0.0738584037506081,3.91821197207059,2.09897384407249,0.149292388072793,0.446406072746771,0.446406072746771,"social_isolation_avg"
"13329","VTI1B","Exc L4-5 RORB IL1RAPL2",-0.0500740158042824,4.00553939598356,2.79335717193794,0.0965478420744566,0.35974433239283,0.35974433239283,"social_isolation_avg"
"13330","RDH11","Exc L4-5 RORB IL1RAPL2",0.00546467234728146,3.20852950775881,0.0150631406408081,0.902468427477052,0.978262943641483,0.978262943641483,"social_isolation_avg"
"13331","RDH12","Exc L4-5 RORB IL1RAPL2",-0.087589726769661,0.669695626954673,0.828771139915353,0.363953705252579,0.682964401162718,0.682964401162718,"social_isolation_avg"
"13332","ZFYVE26","Exc L4-5 RORB IL1RAPL2",0.0243962926727066,4.67252061856375,1.052044657096,0.306535308253235,0.636797822514214,0.636797822514214,"social_isolation_avg"
"13333","RAD51B","Exc L4-5 RORB IL1RAPL2",0.0647357593981681,5.4558013644984,2.74914019195374,0.0992032574395992,0.364767342807163,0.364767342807163,"social_isolation_avg"
"13334","ZFP36L1","Exc L4-5 RORB IL1RAPL2",-0.000235618603497528,1.38152738885865,6.59439689641622e-06,0.997954166494421,0.999716603438089,0.999716603438089,"social_isolation_avg"
"13335","ACTN1","Exc L4-5 RORB IL1RAPL2",-0.023593291911934,7.41761712964354,1.26889860190177,0.261606100988973,0.591026750664163,0.591026750664163,"social_isolation_avg"
"13336","DCAF5","Exc L4-5 RORB IL1RAPL2",0.00143140825946562,6.73686233546692,0.0087113706904188,0.925750678554787,0.98417618971798,0.98417618971798,"social_isolation_avg"
"13337","AL359317.2","Exc L4-5 RORB IL1RAPL2",0.0256146522657768,2.83318710053655,0.277523940842941,0.845057697456802,0.961302031718881,0.961302031718881,"social_isolation_avg"
"13338","EXD2","Exc L4-5 RORB IL1RAPL2",0.00130263332181323,5.26994708121366,0.00393402711559119,0.950063798815334,0.989124441044618,0.989124441044618,"social_isolation_avg"
"13339","AL359317.1","Exc L4-5 RORB IL1RAPL2",0.0234478629091209,2.8141043893386,0.250840964260406,0.617149801414175,0.855042200790958,0.855042200790958,"social_isolation_avg"
"13340","GALNT16","Exc L4-5 RORB IL1RAPL2",-0.0194852900641926,5.68224809452699,0.529324643551713,0.46792017939005,0.763370756849864,0.763370756849864,"social_isolation_avg"
"13341","ERH","Exc L4-5 RORB IL1RAPL2",-0.0786518314686816,5.01505075929231,9.92678640145238,0.00193398406874113,0.0366662450547605,0.0366662450547605,"social_isolation_avg"
"13342","SLC39A9","Exc L4-5 RORB IL1RAPL2",-0.00239775610909247,5.27253472773803,0.0137107405001938,0.906928609217236,0.979320338732308,0.979320338732308,"social_isolation_avg"
"13343","PLEKHD1","Exc L4-5 RORB IL1RAPL2",0.0605771555001138,3.63539492914415,1.11610601777907,0.292300054878069,0.623502448383029,0.623502448383029,"social_isolation_avg"
"13344","CCDC177","Exc L4-5 RORB IL1RAPL2",-0.0140763106990946,2.00938158221602,0.0549374238762976,0.97990178457219,0.997013557689617,0.997013557689617,"social_isolation_avg"
"13345","SUSD6","Exc L4-5 RORB IL1RAPL2",0.043735525170326,5.33904386694634,3.47079564851237,0.0642355790002571,0.288419883783546,0.288419883783546,"social_isolation_avg"
"13346","SRSF5","Exc L4-5 RORB IL1RAPL2",0.0341875319937092,6.91144404414067,1.58670006621375,0.20957389119218,0.527740649871704,0.527740649871704,"social_isolation_avg"
"13347","SLC10A1","Exc L4-5 RORB IL1RAPL2",0.00135750125767497,1.31564970699172,0.00022953266528561,0.987930514386151,0.998787747693845,0.998787747693845,"social_isolation_avg"
"13348","SLC8A3","Exc L4-5 RORB IL1RAPL2",-0.0129139644748528,6.81230763851988,0.334344513876746,0.563898943300338,0.826216048247284,0.826216048247284,"social_isolation_avg"
"13349","AL160191.1","Exc L4-5 RORB IL1RAPL2",-0.0471775068031917,2.79418080164948,0.712380608045151,0.399874473814637,0.713023561076589,0.713023561076589,"social_isolation_avg"
"13350","COX16","Exc L4-5 RORB IL1RAPL2",-0.133529046682431,0.97892150669396,2.95972141058403,0.0872340337387679,0.34053128788348,0.34053128788348,"social_isolation_avg"
"13351","SYNJ2BP-COX16","Exc L4-5 RORB IL1RAPL2",-0.0590107519372682,2.33207246780828,1.06354458025348,0.30391471082565,0.634979046326427,0.634979046326427,"social_isolation_avg"
"13352","AL357153.2","Exc L4-5 RORB IL1RAPL2",0.0421746531419056,6.37450154999557,2.50704476813453,0.11524969419945,0.392060313546888,0.392060313546888,"social_isolation_avg"
"13353","ADAM21","Exc L4-5 RORB IL1RAPL2",-0.0492388312417959,-0.199924249406875,0.113473872938909,0.736650628236315,0.916321513172002,0.916321513172002,"social_isolation_avg"
"13354","MED6","Exc L4-5 RORB IL1RAPL2",0.0136374130674515,4.77552250143058,0.337918911811466,0.561824764252986,0.82458075536313,0.82458075536313,"social_isolation_avg"
"13355","TTC9","Exc L4-5 RORB IL1RAPL2",-0.0735352217874141,4.48515059514286,7.72200831054803,0.00608702362848336,0.0742569787714595,0.0742569787714595,"social_isolation_avg"
"13356","MAP3K9","Exc L4-5 RORB IL1RAPL2",-0.0083984204431467,6.35286645552929,0.191900855193404,0.661911158745647,0.879804779390683,0.879804779390683,"social_isolation_avg"
"13357","AC004816.1","Exc L4-5 RORB IL1RAPL2",-0.00712242225227556,2.93370809477592,0.0314746753126111,0.859402750889402,0.964243395716678,0.964243395716678,"social_isolation_avg"
"13358","AC004825.2","Exc L4-5 RORB IL1RAPL2",-0.0699355196535626,-0.545373667034011,0.189779609569817,0.663668451218556,0.880856527610023,0.880856527610023,"social_isolation_avg"
"13359","PCNX1","Exc L4-5 RORB IL1RAPL2",0.00889769512619465,7.61124506258367,0.4765104673866,0.490975297450429,0.78089037011468,0.78089037011468,"social_isolation_avg"
"13360","AC004817.1","Exc L4-5 RORB IL1RAPL2",0.0554630280584042,0.815442300981073,0.286490147729331,0.593197911025288,0.842698226181355,0.842698226181355,"social_isolation_avg"
"13361","AC004817.4","Exc L4-5 RORB IL1RAPL2",-0.00288343323727389,0.864087629860848,0.000748892257922785,0.978200909988965,0.996787753740907,0.996787753740907,"social_isolation_avg"
"13362","AC005476.2","Exc L4-5 RORB IL1RAPL2",0.0484519862108265,1.80713056110512,0.694857265711,0.405720061645551,0.717125033689968,0.717125033689968,"social_isolation_avg"
"13363","SIPA1L1","Exc L4-5 RORB IL1RAPL2",-0.00907218958865917,8.31989560438383,0.261199834236177,0.609979000399766,0.852067919925082,0.852067919925082,"social_isolation_avg"
"13364","RGS6","Exc L4-5 RORB IL1RAPL2",0.0414498891083308,10.0487495495917,3.96181173876862,0.0481919985402434,0.246576745370456,0.246576745370456,"social_isolation_avg"
"13365","AC004828.1","Exc L4-5 RORB IL1RAPL2",-0.217111024791287,-0.230813941630798,2.10698729620864,0.148523018776943,0.445427807620628,0.445427807620628,"social_isolation_avg"
"13366","DPF3","Exc L4-5 RORB IL1RAPL2",-0.777292726750194,-0.268903482716821,6.19700432473079,0.0137859641487346,0.117997339660153,0.117997339660153,"social_isolation_avg"
"13367","DCAF4","Exc L4-5 RORB IL1RAPL2",-0.00698677680107932,3.08564688868268,0.0247035254297792,0.875299890747072,0.970500479269633,0.970500479269633,"social_isolation_avg"
"13368","ZFYVE1","Exc L4-5 RORB IL1RAPL2",-0.0370515697491245,4.79626825630627,2.2622977842632,0.134465526918009,0.422487916774435,0.422487916774435,"social_isolation_avg"
"13369","RBM25","Exc L4-5 RORB IL1RAPL2",0.0597145564995555,7.21751505497032,8.09653344236495,0.00499648567518557,0.0655564862809362,0.0655564862809362,"social_isolation_avg"
"13370","PSEN1","Exc L4-5 RORB IL1RAPL2",0.0439885329508293,5.70419078755224,6.39244519450142,0.012397940490146,0.111344968425333,0.111344968425333,"social_isolation_avg"
"13371","AC004846.2","Exc L4-5 RORB IL1RAPL2",0.0967454906490348,0.630589459135739,0.989858026733893,0.321231272224364,0.648390964556987,0.648390964556987,"social_isolation_avg"
"13372","NUMB","Exc L4-5 RORB IL1RAPL2",0.00955599005702281,7.31372470528125,0.250612704462396,0.617309886085277,0.855122655730254,0.855122655730254,"social_isolation_avg"
"13373","AC005280.2","Exc L4-5 RORB IL1RAPL2",0.0592750150715703,0.662811574783993,0.359182567651726,0.549781117389121,0.816643784119922,0.816643784119922,"social_isolation_avg"
"13374","HEATR4","Exc L4-5 RORB IL1RAPL2",-0.0108078056558919,5.09792698519548,0.0713133876977717,0.789766877110413,0.940375607517616,0.940375607517616,"social_isolation_avg"
"13375","RIOX1","Exc L4-5 RORB IL1RAPL2",-0.0473702196335279,1.53036640848497,0.646429193673723,0.422546996216427,0.729405320263754,0.729405320263754,"social_isolation_avg"
"13376","AC005225.3","Exc L4-5 RORB IL1RAPL2",0.0247319220441021,3.14855542712475,0.282954599720932,0.595485376340119,0.843622636088993,0.843622636088993,"social_isolation_avg"
"13377","ACOT1","Exc L4-5 RORB IL1RAPL2",-0.202845667593432,0.391006765047543,1.32196001950299,0.251901381979881,0.579179261324071,0.579179261324071,"social_isolation_avg"
"13378","ACOT2","Exc L4-5 RORB IL1RAPL2",-0.172396411218657,1.77210767420896,5.29117305580419,0.0226837323386883,0.159491110808615,0.159491110808615,"social_isolation_avg"
"13379","ACOT4","Exc L4-5 RORB IL1RAPL2",-0.0256128162953624,1.00615481677899,0.0865051427433739,0.769037071470178,0.931404335648312,0.931404335648312,"social_isolation_avg"
"13380","ACOT6","Exc L4-5 RORB IL1RAPL2",-0.0179592128282148,1.6522646182037,0.0544082839162782,0.815851353086011,0.951591878420689,0.951591878420689,"social_isolation_avg"
"13381","AC005225.2","Exc L4-5 RORB IL1RAPL2",-0.0168700298004542,4.36693683903378,0.192623872213107,0.661314841421765,0.879506439484165,0.879506439484165,"social_isolation_avg"
"13382","DNAL1","Exc L4-5 RORB IL1RAPL2",-0.0159175059722507,5.10097086001575,0.539707326703263,0.463594966697857,0.76047386632266,0.76047386632266,"social_isolation_avg"
"13383","PNMA1","Exc L4-5 RORB IL1RAPL2",-0.0686931957077403,5.57105875127658,2.95555451604277,0.0874549245158799,0.340831025080322,0.340831025080322,"social_isolation_avg"
"13384","ELMSAN1","Exc L4-5 RORB IL1RAPL2",0.0162557890212042,4.56799356258675,0.33092595288116,0.565896593601805,0.827204067331563,0.827204067331563,"social_isolation_avg"
"13385","AC005520.2","Exc L4-5 RORB IL1RAPL2",0.360450244772545,-0.268064788890041,4.96563016782769,0.0272048157467147,0.177252864581125,0.177252864581125,"social_isolation_avg"
"13386","AC005480.1","Exc L4-5 RORB IL1RAPL2",0.0462729746483167,3.67679077465489,1.02165899596501,0.313603093798149,0.642373438801511,0.642373438801511,"social_isolation_avg"
"13387","FAM161B","Exc L4-5 RORB IL1RAPL2",-0.0575409215745413,2.47971170693188,1.128993093016,0.289540084241935,0.620921221119988,0.620921221119988,"social_isolation_avg"
"13388","COQ6","Exc L4-5 RORB IL1RAPL2",0.0146653966241414,3.81540688081555,0.2123152691783,0.91982741364788,0.983247337638765,0.983247337638765,"social_isolation_avg"
"13389","ENTPD5","Exc L4-5 RORB IL1RAPL2",0.020769290608853,3.35435461623923,0.240713062013269,0.624342247623937,0.859765623529295,0.859765623529295,"social_isolation_avg"
"13390","BBOF1","Exc L4-5 RORB IL1RAPL2",0.0911160256999554,4.41567155785322,9.82761359512745,0.00203481812151937,0.037894481965815,0.037894481965815,"social_isolation_avg"
"13391","ALDH6A1","Exc L4-5 RORB IL1RAPL2",-0.0239582667001887,3.51623116686371,0.435243986575646,0.510345113874393,0.794033377157914,0.794033377157914,"social_isolation_avg"
"13392","LIN52","Exc L4-5 RORB IL1RAPL2",0.0968141023624543,5.96859116285413,21.5077294535396,7.12759432701178e-06,0.0010867059115933,0.0010867059115933,"social_isolation_avg"
"13393","ABCD4","Exc L4-5 RORB IL1RAPL2",0.0400095534249298,6.3578395013939,2.70328798835369,0.10204209394902,0.370409641604367,0.370409641604367,"social_isolation_avg"
"13394","VRTN","Exc L4-5 RORB IL1RAPL2",0.11232294307098,0.152422294138731,1.27473096854133,0.260516899090717,0.589551518681432,0.589551518681432,"social_isolation_avg"
"13395","SYNDIG1L","Exc L4-5 RORB IL1RAPL2",0.0923990710560014,0.782699383533377,1.04385433242052,0.346030446703323,0.668819071013895,0.668819071013895,"social_isolation_avg"
"13396","NPC2","Exc L4-5 RORB IL1RAPL2",-0.0440794908204788,2.35996927044943,0.72557986515047,0.395552089905808,0.710281967648077,0.710281967648077,"social_isolation_avg"
"13397","ISCA2","Exc L4-5 RORB IL1RAPL2",-0.106673024100666,2.57917410236523,5.87013647222468,0.0164798636354925,0.131790152090935,0.131790152090935,"social_isolation_avg"
"13398","LTBP2","Exc L4-5 RORB IL1RAPL2",-0.0364270291572309,0.523123225688931,0.115534036164389,0.734361113785386,0.915097907925006,0.915097907925006,"social_isolation_avg"
"13399","AREL1","Exc L4-5 RORB IL1RAPL2",-0.00682332962694393,4.71587621308484,0.0794851026360137,0.778349065588347,0.936007542264975,0.936007542264975,"social_isolation_avg"
"13400","FCF1","Exc L4-5 RORB IL1RAPL2",0.0332362057835419,3.83265267537612,0.946491352767087,0.33203552139368,0.657365711027499,0.657365711027499,"social_isolation_avg"
"13401","YLPM1","Exc L4-5 RORB IL1RAPL2",-0.0115387618492097,7.1882070891094,0.587694867533126,0.444405353400022,0.745814794465501,0.745814794465501,"social_isolation_avg"
"13402","PROX2","Exc L4-5 RORB IL1RAPL2",-0.211397824994591,-0.155674290342087,2.04681517810565,0.154412662950271,0.453779887214993,0.453779887214993,"social_isolation_avg"
"13403","DLST","Exc L4-5 RORB IL1RAPL2",-0.0316894590402323,4.80737154631385,1.23670080800557,0.267722613412196,0.59787299856009,0.59787299856009,"social_isolation_avg"
"13404","RPS6KL1","Exc L4-5 RORB IL1RAPL2",-0.0558979090799179,4.99072058281618,3.52301682091889,0.062284337303764,0.283561584726785,0.283561584726785,"social_isolation_avg"
"13405","EIF2B2","Exc L4-5 RORB IL1RAPL2",-0.0119713429575463,2.81411854502412,0.0732024714197594,0.787067339780067,0.939315763970044,0.939315763970044,"social_isolation_avg"
"13406","AL049780.1","Exc L4-5 RORB IL1RAPL2",0.0449387434867793,2.17865434178947,0.699355354569261,0.603324655815318,0.84810912192597,0.84810912192597,"social_isolation_avg"
"13407","MLH3","Exc L4-5 RORB IL1RAPL2",0.0398323534755547,5.65816862113327,3.09049809804444,0.0806016204953658,0.326007537706887,0.326007537706887,"social_isolation_avg"
"13408","ACYP1","Exc L4-5 RORB IL1RAPL2",-0.0339540433763666,4.82681149567935,1.24629412312027,0.265881647724459,0.596086135149488,0.596086135149488,"social_isolation_avg"
"13409","ZC2HC1C","Exc L4-5 RORB IL1RAPL2",-0.0779482586608081,2.28834674652107,2.65319235856263,0.105246527789654,0.375375975929885,0.375375975929885,"social_isolation_avg"
"13410","NEK9","Exc L4-5 RORB IL1RAPL2",0.0154458430110097,5.42237944647224,0.647941556613103,0.422005885202091,0.728737186630351,0.728737186630351,"social_isolation_avg"
"13411","AL049780.2","Exc L4-5 RORB IL1RAPL2",-0.171568725615043,1.53183090485418,3.8745216793505,0.0506966960693381,0.253941464788744,0.253941464788744,"social_isolation_avg"
"13412","TMED10","Exc L4-5 RORB IL1RAPL2",-0.00426666374112513,5.17458416732084,0.0506124245314101,0.978228433211417,0.996787753740907,0.996787753740907,"social_isolation_avg"
"13413","AL691403.1","Exc L4-5 RORB IL1RAPL2",-0.042430700597242,0.328757829523329,0.146875918775598,0.87598313080999,0.970500479269633,0.970500479269633,"social_isolation_avg"
"13414","FOS","Exc L4-5 RORB IL1RAPL2",0.0680787849843781,0.625871820981773,0.0870321123970642,0.768354878212519,0.931388471436932,0.931388471436932,"social_isolation_avg"
"13415","AF111167.2","Exc L4-5 RORB IL1RAPL2",-0.041077436065333,1.39148112683787,0.281161011288945,0.686042069821739,0.891586098159017,0.891586098159017,"social_isolation_avg"
"13416","JDP2","Exc L4-5 RORB IL1RAPL2",0.0100279413014169,5.26049014818431,0.183685814770645,0.668782637145811,0.88310672604061,0.88310672604061,"social_isolation_avg"
"13417","TTLL5","Exc L4-5 RORB IL1RAPL2",0.0392184545600897,6.71945206773197,3.54589533824611,0.0614496519235685,0.281932314269117,0.281932314269117,"social_isolation_avg"
"13418","ERG28","Exc L4-5 RORB IL1RAPL2",-0.00163272890895238,3.87124565394026,0.00251502098573885,0.96006341551968,0.991937961286947,0.991937961286947,"social_isolation_avg"
"13419","AF107885.2","Exc L4-5 RORB IL1RAPL2",0.13288136965771,1.39049364506986,2.98353961653892,0.123109486002018,0.403737865878692,0.403737865878692,"social_isolation_avg"
"13420","IFT43","Exc L4-5 RORB IL1RAPL2",0.0155829832585406,6.1678146613658,0.808446400538471,0.369887905466336,0.688051603276857,0.688051603276857,"social_isolation_avg"
"13421","TGFB3","Exc L4-5 RORB IL1RAPL2",-0.0528434790182569,0.737487467131382,0.314319856081746,0.575800497038203,0.83335118561385,0.83335118561385,"social_isolation_avg"
"13422","GPATCH2L","Exc L4-5 RORB IL1RAPL2",-0.00672410924693723,6.75576053212269,0.185798826506608,0.666998050999553,0.882833547488558,0.882833547488558,"social_isolation_avg"
"13423","AC016526.1","Exc L4-5 RORB IL1RAPL2",0.337034303748944,-0.460258604109352,4.05212967391972,0.0457386731795935,0.239994851700246,0.239994851700246,"social_isolation_avg"
"13424","ESRRB","Exc L4-5 RORB IL1RAPL2",0.267754948407266,1.77448192534623,8.84127292456235,0.003385653449961,0.0515509290676994,0.0515509290676994,"social_isolation_avg"
"13425","AC008050.1","Exc L4-5 RORB IL1RAPL2",0.0995911190925435,3.92576163657869,3.73628091448929,0.0549519921135252,0.265783906641107,0.265783906641107,"social_isolation_avg"
"13426","AC007376.2","Exc L4-5 RORB IL1RAPL2",0.0985356946706911,3.53250044235982,5.34154189343511,0.022057847922086,0.156903055250418,0.156903055250418,"social_isolation_avg"
"13427","VASH1","Exc L4-5 RORB IL1RAPL2",0.0231035108494145,4.03233739872894,0.370066850311307,0.543802826215267,0.814068841856827,0.814068841856827,"social_isolation_avg"
"13428","VASH1-AS1","Exc L4-5 RORB IL1RAPL2",-0.0391999497489283,2.98235756830834,0.850737495342124,0.438924366096228,0.741796860981924,0.741796860981924,"social_isolation_avg"
"13429","ANGEL1","Exc L4-5 RORB IL1RAPL2",0.0343394498840358,4.35689801754239,1.29556444085774,0.256672059784196,0.584978564584048,0.584978564584048,"social_isolation_avg"
"13430","LINC01629","Exc L4-5 RORB IL1RAPL2",0.309054676934676,-0.814227076698037,2.56791313671445,0.110960723998315,0.384967156759105,0.384967156759105,"social_isolation_avg"
"13431","IRF2BPL","Exc L4-5 RORB IL1RAPL2",0.00477011361850759,3.78370528450687,0.0127565533437302,0.910211279991632,0.980701988993889,0.980701988993889,"social_isolation_avg"
"13432","AC007686.3","Exc L4-5 RORB IL1RAPL2",0.0211813983514881,1.87727203244559,0.14441837504796,0.704415310881487,0.901287672246999,0.901287672246999,"social_isolation_avg"
"13433","LINC02288","Exc L4-5 RORB IL1RAPL2",0.287510621391412,0.182448996907198,4.192135219118,0.0421946033501338,0.229546891888408,0.229546891888408,"social_isolation_avg"
"13434","AC007686.2","Exc L4-5 RORB IL1RAPL2",0.205241868009114,0.836110587675063,3.93516956578011,0.0489421743395227,0.248533247632343,0.248533247632343,"social_isolation_avg"
"13435","TMEM63C","Exc L4-5 RORB IL1RAPL2",0.0417494912328131,4.69027759270188,1.36661391439884,0.244077584476744,0.5690231611489,0.5690231611489,"social_isolation_avg"
"13436","ZDHHC22","Exc L4-5 RORB IL1RAPL2",-0.0596790024614988,4.82142682667492,1.22018652948488,0.270929372132627,0.600478593203957,0.600478593203957,"social_isolation_avg"
"13437","NGB","Exc L4-5 RORB IL1RAPL2",0.232537979622866,2.94532057320844,6.57752844197874,0.0112169720019095,0.105432850098425,0.105432850098425,"social_isolation_avg"
"13438","POMT2","Exc L4-5 RORB IL1RAPL2",0.0603158328456244,4.30574801762376,4.66911617940842,0.0321493672115424,0.196209475067776,0.196209475067776,"social_isolation_avg"
"13439","GSTZ1","Exc L4-5 RORB IL1RAPL2",-0.0388399386101732,2.53954330671736,0.592200991811863,0.533138888272059,0.809278084207705,0.809278084207705,"social_isolation_avg"
"13440","TMED8","Exc L4-5 RORB IL1RAPL2",0.00693333842504544,6.20898210379374,0.179458980863979,0.672389313128809,0.884557060922122,0.884557060922122,"social_isolation_avg"
"13441","SAMD15","Exc L4-5 RORB IL1RAPL2",-0.00395699772959419,1.6511415272571,0.00244978125128627,0.960584366095342,0.992103172911244,0.992103172911244,"social_isolation_avg"
"13442","NOXRED1","Exc L4-5 RORB IL1RAPL2",0.0780227926644735,2.21267123148597,1.89658330334035,0.195415629916498,0.508515554669316,0.508515554669316,"social_isolation_avg"
"13443","VIPAS39","Exc L4-5 RORB IL1RAPL2",-0.0046721767619914,4.31015616077898,0.0334717898404422,0.855059124219338,0.962784933388745,0.962784933388745,"social_isolation_avg"
"13444","AHSA1","Exc L4-5 RORB IL1RAPL2",-0.133159991301038,5.00850990837683,18.3444346503665,3.11883349256042e-05,0.0028370888708046,0.0028370888708046,"social_isolation_avg"
"13445","SPTLC2","Exc L4-5 RORB IL1RAPL2",0.0265078168978577,5.07635506604827,1.07918382998333,0.300397400570691,0.631395158431242,0.631395158431242,"social_isolation_avg"
"13446","ALKBH1","Exc L4-5 RORB IL1RAPL2",0.0682656223204152,4.48534287511204,7.45446900837226,0.0070142025149663,0.0807816783601861,0.0807816783601861,"social_isolation_avg"
"13447","SLIRP","Exc L4-5 RORB IL1RAPL2",-0.0455891254129405,4.31165022901106,2.43292007742932,0.120723926638505,0.399758035689036,0.399758035689036,"social_isolation_avg"
"13448","SNW1","Exc L4-5 RORB IL1RAPL2",-0.00430786145380314,4.81261533716729,0.0380474287740396,0.974930914769565,0.996201751814816,0.996201751814816,"social_isolation_avg"
"13449","C14orf178","Exc L4-5 RORB IL1RAPL2",0.00491271454934372,1.49593095946223,0.005711968550458,0.939846576944796,0.987830589899703,0.987830589899703,"social_isolation_avg"
"13450","ADCK1","Exc L4-5 RORB IL1RAPL2",0.00301661142037674,4.1841484827163,0.00788745811076482,0.929339337705325,0.984603259349485,0.984603259349485,"social_isolation_avg"
"13451","NRXN3","Exc L4-5 RORB IL1RAPL2",-0.0287210844305323,11.5250365352842,2.26698393683966,0.134065404292659,0.421861219794013,0.421861219794013,"social_isolation_avg"
"13452","AC022469.2","Exc L4-5 RORB IL1RAPL2",0.0260485341512698,-0.271325183626827,0.0297582170056617,0.863251014213265,0.965740698866505,0.965740698866505,"social_isolation_avg"
"13453","AC008056.2","Exc L4-5 RORB IL1RAPL2",0.0231018689666075,1.83821441122142,0.0539044378421539,0.81669061686518,0.951599926146172,0.951599926146172,"social_isolation_avg"
"13454","AC008056.1","Exc L4-5 RORB IL1RAPL2",-0.047791934908874,3.4216414176615,0.712703901938754,0.399767785382528,0.713023561076589,0.713023561076589,"social_isolation_avg"
"13455","AF123462.1","Exc L4-5 RORB IL1RAPL2",0.111820375873909,2.55705717219062,3.65718352741074,0.0575573177081403,0.272328584234989,0.272328584234989,"social_isolation_avg"
"13456","DIO2","Exc L4-5 RORB IL1RAPL2",0.0441388759896266,3.22764681929826,0.38652042374623,0.534990624702393,0.809700884133067,0.809700884133067,"social_isolation_avg"
"13457","DIO2-AS1","Exc L4-5 RORB IL1RAPL2",0.00424809893420802,1.08087190908368,0.00210598636675994,0.963452500624871,0.992970265671771,0.992970265671771,"social_isolation_avg"
"13458","CEP128","Exc L4-5 RORB IL1RAPL2",0.060419705865523,5.35536103592133,2.44143656595677,0.120080454648901,0.398813811200959,0.398813811200959,"social_isolation_avg"
"13459","TSHR","Exc L4-5 RORB IL1RAPL2",-0.0123054563259303,2.38749558315064,0.0391450437376192,0.843404694351982,0.960345442729365,0.960345442729365,"social_isolation_avg"
"13460","AC007262.2","Exc L4-5 RORB IL1RAPL2",-0.0908105706736996,5.56757873901266,3.68100310473979,0.0567590925598005,0.270649896755037,0.270649896755037,"social_isolation_avg"
"13461","GTF2A1","Exc L4-5 RORB IL1RAPL2",-0.019160778851491,5.74897145151005,1.09719973395981,0.296410676449808,0.627195975073452,0.627195975073452,"social_isolation_avg"
"13462","SEL1L","Exc L4-5 RORB IL1RAPL2",-0.0473530915781144,5.45931535693119,5.2619448548611,0.0230554212187298,0.161176522298736,0.161176522298736,"social_isolation_avg"
"13463","AL355838.1","Exc L4-5 RORB IL1RAPL2",0.0791823997421733,0.416014222340166,0.44079934494545,0.507661892992779,0.791918572031955,0.791918572031955,"social_isolation_avg"
"13464","LINC02301","Exc L4-5 RORB IL1RAPL2",-0.130205261382121,1.58225510287545,1.67689241043089,0.19714370310656,0.5108828144453,0.5108828144453,"social_isolation_avg"
"13465","AL049775.2","Exc L4-5 RORB IL1RAPL2",0.042925970377537,0.544800695313234,0.115001617568895,0.734950608569286,0.91516949422438,0.91516949422438,"social_isolation_avg"
"13466","AL049775.1","Exc L4-5 RORB IL1RAPL2",-0.159983618444067,2.4192953595067,8.1622935127578,0.00482684077193432,0.064180361381426,0.064180361381426,"social_isolation_avg"
"13467","FLRT2","Exc L4-5 RORB IL1RAPL2",-0.0554431096908303,8.31770466755076,3.27060258541959,0.0723492224534907,0.308454177116381,0.308454177116381,"social_isolation_avg"
"13468","LINC02328","Exc L4-5 RORB IL1RAPL2",0.170028050278893,2.8824396165849,6.8472038099518,0.00970101771530732,0.0968106309026002,0.0968106309026002,"social_isolation_avg"
"13469","LINC02296","Exc L4-5 RORB IL1RAPL2",-0.162585512937108,3.77034708116705,2.18635701167435,0.141141365493428,0.434486809189033,0.434486809189033,"social_isolation_avg"
"13470","LINC02330","Exc L4-5 RORB IL1RAPL2",-0.0978795555438118,-0.764621580692103,0.140475237752509,0.708289444328993,0.903373412615361,0.903373412615361,"social_isolation_avg"
"13471","AL359237.1","Exc L4-5 RORB IL1RAPL2",0.0744921852450011,0.963266098019345,0.430818515339746,0.51250026804315,0.795913803235023,0.795913803235023,"social_isolation_avg"
"13472","GALC","Exc L4-5 RORB IL1RAPL2",-0.0372272748470783,4.57104564609585,1.39744595886004,0.238849413761483,0.562759055808341,0.562759055808341,"social_isolation_avg"
"13473","LINC01146","Exc L4-5 RORB IL1RAPL2",-0.244727780809917,-0.19577212628216,2.53064221134765,0.113565450755678,0.38902463862267,0.38902463862267,"social_isolation_avg"
"13474","KCNK10","Exc L4-5 RORB IL1RAPL2",0.0492751903646702,6.52601135952823,4.28307959442074,0.0400495181097958,0.222299081975272,0.222299081975272,"social_isolation_avg"
"13475","SPATA7","Exc L4-5 RORB IL1RAPL2",0.0215148022125483,6.65625676830972,0.267629547723151,0.605617925224671,0.849184583012895,0.849184583012895,"social_isolation_avg"
"13476","PTPN21","Exc L4-5 RORB IL1RAPL2",-0.00176299399571132,4.50598652518761,0.00424466220814386,0.948132443817808,0.988740948001749,0.988740948001749,"social_isolation_avg"
"13477","AL162171.2","Exc L4-5 RORB IL1RAPL2",-0.0394359823944617,-0.0831125795353537,0.0735257339605348,0.786609152054627,0.939155146327491,0.939155146327491,"social_isolation_avg"
"13478","ZC3H14","Exc L4-5 RORB IL1RAPL2",0.00911685592517409,6.74058347600025,0.301363244928214,0.583769830679706,0.838364400018437,0.838364400018437,"social_isolation_avg"
"13479","EML5","Exc L4-5 RORB IL1RAPL2",0.0382558271231671,6.48565601925529,4.43999347713755,0.0366155259486199,0.21083456070415,0.21083456070415,"social_isolation_avg"
"13480","TTC8","Exc L4-5 RORB IL1RAPL2",0.0652581396848376,5.56792488359104,5.73542652416442,0.0177446313403742,0.139025329023279,0.139025329023279,"social_isolation_avg"
"13481","FOXN3","Exc L4-5 RORB IL1RAPL2",-0.0082371996360452,7.79076379619129,0.162593134137149,0.687301302912385,0.892270841366063,0.892270841366063,"social_isolation_avg"
"13482","AL357093.2","Exc L4-5 RORB IL1RAPL2",-0.131803005099795,0.207881898731686,1.28472683942675,0.258663270248486,0.58710006724873,0.58710006724873,"social_isolation_avg"
"13483","AL356805.1","Exc L4-5 RORB IL1RAPL2",0.0661656146908143,1.03648724806099,0.372977317634395,0.542224660012923,0.813336990019385,0.813336990019385,"social_isolation_avg"
"13484","FOXN3-AS1","Exc L4-5 RORB IL1RAPL2",-0.0324912694666951,-0.427690095960581,0.0359541443730466,0.84984285953576,0.961873912835597,0.961873912835597,"social_isolation_avg"
"13485","AL137230.1","Exc L4-5 RORB IL1RAPL2",0.23134812601687,-0.397851693299949,1.99193061072075,0.160018638243691,0.461578781776144,0.461578781776144,"social_isolation_avg"
"13486","EFCAB11","Exc L4-5 RORB IL1RAPL2",0.0822188593373059,5.13627077664597,5.2526009528883,0.0231755865110418,0.16170634251761,0.16170634251761,"social_isolation_avg"
"13487","TDP1","Exc L4-5 RORB IL1RAPL2",-0.0173837473412323,4.74724352132949,0.362199456469295,0.548111814860227,0.816086217262382,0.816086217262382,"social_isolation_avg"
"13488","KCNK13","Exc L4-5 RORB IL1RAPL2",0.161360647786489,-0.313596801882776,0.315288773727165,0.575213260754406,0.832780634075608,0.832780634075608,"social_isolation_avg"
"13489","PSMC1","Exc L4-5 RORB IL1RAPL2",-0.0535642721320017,5.0439609369027,4.32947981828871,0.0389999050032788,0.219357075673912,0.219357075673912,"social_isolation_avg"
"13490","NRDE2","Exc L4-5 RORB IL1RAPL2",0.0105688336510989,4.85530024216755,0.153572144889084,0.695649567361989,0.896681345054581,0.896681345054581,"social_isolation_avg"
"13491","CALM1","Exc L4-5 RORB IL1RAPL2",-0.0902616155913741,9.93233566499055,10.5217507851873,0.0014276032528997,0.0297813463595537,0.0297813463595537,"social_isolation_avg"
"13492","AL512791.1","Exc L4-5 RORB IL1RAPL2",-0.329856093416794,0.326706705829896,7.48440001990997,0.00690360373453054,0.0800173974707354,0.0800173974707354,"social_isolation_avg"
"13493","LINC00642","Exc L4-5 RORB IL1RAPL2",-0.0489418992219013,0.162403240259793,0.185787903312829,0.789676918907727,0.940375607517616,0.940375607517616,"social_isolation_avg"
"13494","TTC7B","Exc L4-5 RORB IL1RAPL2",0.0128864894878755,7.69585900490845,0.746917076236321,0.388706460268544,0.704081238408495,0.704081238408495,"social_isolation_avg"
"13495","RPS6KA5","Exc L4-5 RORB IL1RAPL2",0.0419487989749077,6.8282726836562,1.954343223781,0.16399269109671,0.467305076542296,0.467305076542296,"social_isolation_avg"
"13496","DGLUCY","Exc L4-5 RORB IL1RAPL2",0.028986119851754,5.79546972775117,1.80774396975835,0.180621238975238,0.487314196870165,0.487314196870165,"social_isolation_avg"
"13497","GPR68","Exc L4-5 RORB IL1RAPL2",-0.0371450317366706,1.89070577953878,0.376475162758539,0.540339154089427,0.812231575248533,0.812231575248533,"social_isolation_avg"
"13498","AL135818.2","Exc L4-5 RORB IL1RAPL2",0.0359441181167737,0.824180847471395,0.132661511090686,0.716153790657617,0.90715953310661,0.90715953310661,"social_isolation_avg"
"13499","CCDC88C","Exc L4-5 RORB IL1RAPL2",0.0358591912121361,2.24929056420995,0.355084166516452,0.98690470499026,0.99835457245085,0.99835457245085,"social_isolation_avg"
"13500","PPP4R3A","Exc L4-5 RORB IL1RAPL2",-0.0127452583856601,5.59321845596783,0.436119587644076,0.583589109270922,0.838364400018437,0.838364400018437,"social_isolation_avg"
"13501","CATSPERB","Exc L4-5 RORB IL1RAPL2",-0.00680195813673069,3.53563317230675,0.00974902008379856,0.921466625607158,0.983427396790068,0.983427396790068,"social_isolation_avg"
"13502","TC2N","Exc L4-5 RORB IL1RAPL2",0.00591456551832578,3.083340760204,0.00652444727533043,0.935719360288937,0.986941636436088,0.986941636436088,"social_isolation_avg"
"13503","FBLN5","Exc L4-5 RORB IL1RAPL2",-0.129323371304558,2.04834759111289,2.65424510804842,0.105178054470901,0.375287318588156,0.375287318588156,"social_isolation_avg"
"13504","TRIP11","Exc L4-5 RORB IL1RAPL2",0.0233203106926414,6.44002671426146,1.47253506725068,0.226677256643238,0.548390279113504,0.548390279113504,"social_isolation_avg"
"13505","ATXN3","Exc L4-5 RORB IL1RAPL2",0.0453590078471278,6.03445194635502,4.01500921913105,0.0467304962069104,0.243058812685198,0.243058812685198,"social_isolation_avg"
"13506","NDUFB1","Exc L4-5 RORB IL1RAPL2",-0.0214526037072285,4.5692981287563,0.427127328571118,0.514309995766443,0.797186813295394,0.797186813295394,"social_isolation_avg"
"13507","CPSF2","Exc L4-5 RORB IL1RAPL2",-0.0233501303901473,4.57051913306909,0.815651249708358,0.367768947515626,0.686112823500607,0.686112823500607,"social_isolation_avg"
"13508","SLC24A4","Exc L4-5 RORB IL1RAPL2",-0.717639958297452,-0.477263601294637,4.70214793268768,0.0315544992633734,0.194349830912203,0.194349830912203,"social_isolation_avg"
"13509","RIN3","Exc L4-5 RORB IL1RAPL2",0.0921228561603361,1.38871627432696,0.284658814265985,0.594380485794953,0.843296700385411,0.843296700385411,"social_isolation_avg"
"13510","LGMN","Exc L4-5 RORB IL1RAPL2",-0.0993041331864289,4.8268753164438,10.0994175226932,0.00177050438843504,0.0346429302312093,0.0346429302312093,"social_isolation_avg"
"13511","GOLGA5","Exc L4-5 RORB IL1RAPL2",0.00060716077021323,4.47284734389175,0.000710453246852199,0.978767592303436,0.996876364716566,0.996876364716566,"social_isolation_avg"
"13512","CHGA","Exc L4-5 RORB IL1RAPL2",-0.0349134440001073,7.74980202900421,1.22857688451689,0.269294127081046,0.599261848667946,0.599261848667946,"social_isolation_avg"
"13513","ITPK1","Exc L4-5 RORB IL1RAPL2",-0.00852826161014882,7.5342099633279,0.203944825493368,0.652147333071422,0.874357520843458,0.874357520843458,"social_isolation_avg"
"13514","ITPK1-AS1","Exc L4-5 RORB IL1RAPL2",0.0537443122412239,0.308031923749302,0.192730715282701,0.715650199510325,0.906943848411394,0.906943848411394,"social_isolation_avg"
"13515","MOAP1","Exc L4-5 RORB IL1RAPL2",-0.113489186567788,6.05527833486718,15.6164582771957,0.000114726523547735,0.00621988696861514,0.00621988696861514,"social_isolation_avg"
"13516","AL110118.2","Exc L4-5 RORB IL1RAPL2",-0.0145541072565409,2.24265407347765,0.0741189599809373,0.785771127542333,0.93860819277545,0.93860819277545,"social_isolation_avg"
"13517","GON7","Exc L4-5 RORB IL1RAPL2",0.00998026989651418,2.97252645939724,0.0534581786488038,0.817437417140142,0.951599926146172,0.951599926146172,"social_isolation_avg"
"13518","UBR7","Exc L4-5 RORB IL1RAPL2",-0.014984414312605,3.80154890340384,0.207689934863869,0.977047067666133,0.996715536610383,0.996715536610383,"social_isolation_avg"
"13519","BTBD7","Exc L4-5 RORB IL1RAPL2",0.0138905977796555,6.64717831095204,0.703364485136441,0.402866647695978,0.715002330086821,0.715002330086821,"social_isolation_avg"
"13520","UNC79","Exc L4-5 RORB IL1RAPL2",0.0345426699536279,9.13748843282796,4.5252343518921,0.0348819068764683,0.204383756953008,0.204383756953008,"social_isolation_avg"
"13521","ASB2","Exc L4-5 RORB IL1RAPL2",-0.145001874964635,1.97387031326127,3.42177207170593,0.06612733445315,0.292771138854198,0.292771138854198,"social_isolation_avg"
"13522","OTUB2","Exc L4-5 RORB IL1RAPL2",-0.0659245715559343,1.57465166347433,0.843319661519647,0.359787107001848,0.679665720006186,0.679665720006186,"social_isolation_avg"
"13523","DDX24","Exc L4-5 RORB IL1RAPL2",-0.0667295521183184,7.28135028925791,5.30493541276249,0.0225108968826303,0.158987935765677,0.158987935765677,"social_isolation_avg"
"13524","IFI27L1","Exc L4-5 RORB IL1RAPL2",-0.0394388646688856,2.66052769023031,0.432815957882824,0.511525579758753,0.795085475611218,0.795085475611218,"social_isolation_avg"
"13525","IFI27","Exc L4-5 RORB IL1RAPL2",-0.0353787442965763,1.22174836177404,0.174584940009792,0.676611026602728,0.88648706932151,0.88648706932151,"social_isolation_avg"
"13526","IFI27L2","Exc L4-5 RORB IL1RAPL2",-0.107611987165764,0.707550704947178,1.29846074128592,0.256143146823081,0.584543377689545,0.584543377689545,"social_isolation_avg"
"13527","PPP4R4","Exc L4-5 RORB IL1RAPL2",-0.0406834425547024,4.71279501312638,0.87132460564482,0.351950376161888,0.6724230011032,0.6724230011032,"social_isolation_avg"
"13528","DICER1","Exc L4-5 RORB IL1RAPL2",0.0096818245451736,6.53159486494907,0.442891472452439,0.506657717898153,0.791322264893659,0.791322264893659,"social_isolation_avg"
"13529","DICER1-AS1","Exc L4-5 RORB IL1RAPL2",-0.0158932307939435,3.76744880932938,0.244391088594998,0.740267914285508,0.918297139382951,0.918297139382951,"social_isolation_avg"
"13530","CLMN","Exc L4-5 RORB IL1RAPL2",-0.0428436853166693,1.74875548520013,0.0203014994051342,0.886871771144138,0.974024888659057,0.974024888659057,"social_isolation_avg"
"13531","SYNE3","Exc L4-5 RORB IL1RAPL2",-0.00887377860362011,1.20384855467649,0.00834157707563325,0.927339192130967,0.98417618971798,0.98417618971798,"social_isolation_avg"
"13532","SNHG10","Exc L4-5 RORB IL1RAPL2",-0.00546913915603442,2.03781819761307,0.00908264065717216,0.924189684320784,0.984076729849897,0.984076729849897,"social_isolation_avg"
"13533","GLRX5","Exc L4-5 RORB IL1RAPL2",-0.126911219818849,4.19196397742511,12.7889629676516,0.000457501165998565,0.0143428941221591,0.0143428941221591,"social_isolation_avg"
"13534","TUNAR","Exc L4-5 RORB IL1RAPL2",-0.186755106435192,0.1211830517478,1.09959913713253,0.295884885822352,0.626809255353751,0.626809255353751,"social_isolation_avg"
"13535","C14orf132","Exc L4-5 RORB IL1RAPL2",-0.0119427826304393,6.51596995906448,0.14185086716562,0.70693091151516,0.90273128623389,0.90273128623389,"social_isolation_avg"
"13536","AL355102.2","Exc L4-5 RORB IL1RAPL2",0.505879948597088,-0.562364622303004,9.2112451145592,0.00279482282474386,0.0457051362722374,0.0457051362722374,"social_isolation_avg"
"13537","ATG2B","Exc L4-5 RORB IL1RAPL2",-0.00431893875277794,6.49487634341871,0.0694273851905879,0.802761695762401,0.945063093922373,0.945063093922373,"social_isolation_avg"
"13538","GSKIP","Exc L4-5 RORB IL1RAPL2",-0.0114421732086753,4.14865822589324,0.109925262553032,0.740649217881161,0.918457455205758,0.918457455205758,"social_isolation_avg"
"13539","AK7","Exc L4-5 RORB IL1RAPL2",0.0784931359987409,2.38577113403577,1.83433974396773,0.192312323483656,0.504120458940738,0.504120458940738,"social_isolation_avg"
"13540","AL163051.1","Exc L4-5 RORB IL1RAPL2",-0.0021937267226801,0.258381973960591,0.000120986794558495,0.991237189881702,0.998822911403646,0.998822911403646,"social_isolation_avg"
"13541","PAPOLA","Exc L4-5 RORB IL1RAPL2",-0.0219628943908594,6.63820144409307,1.52005019321814,0.21936243776525,0.539874698875689,0.539874698875689,"social_isolation_avg"
"13542","AL137786.1","Exc L4-5 RORB IL1RAPL2",-0.105508996876869,2.50706878602477,2.0272927966356,0.156380515258187,0.455772601540382,0.455772601540382,"social_isolation_avg"
"13543","LINC02299","Exc L4-5 RORB IL1RAPL2",0.0642338164904968,0.136007754822545,0.0952598960653506,0.757982492078464,0.926610169915842,0.926610169915842,"social_isolation_avg"
"13544","VRK1","Exc L4-5 RORB IL1RAPL2",0.0375279395328551,5.39305254650405,2.243047018519,0.136123428078115,0.424874856922802,0.424874856922802,"social_isolation_avg"
"13545","LINC01550","Exc L4-5 RORB IL1RAPL2",-0.0191649903289007,-0.510471322798513,0.00860971202461033,0.926183925048434,0.98417618971798,0.98417618971798,"social_isolation_avg"
"13546","BCL11B","Exc L4-5 RORB IL1RAPL2",-1.110597325768,0.312514796215018,10.9183659660487,0.00116746409336706,0.0262261334417254,0.0262261334417254,"social_isolation_avg"
"13547","SETD3","Exc L4-5 RORB IL1RAPL2",0.00928441102185163,5.95633763146784,0.277622097593837,0.999412471734792,1,1,"social_isolation_avg"
"13548","CCNK","Exc L4-5 RORB IL1RAPL2",-0.0136347931986025,4.34460035668564,0.314657152669335,0.624257728088316,0.859720712346152,0.859720712346152,"social_isolation_avg"
"13549","CCDC85C","Exc L4-5 RORB IL1RAPL2",0.0655594191186398,2.88985764146333,1.57883667446644,0.2107011596185,0.528970921145986,0.528970921145986,"social_isolation_avg"
"13550","AL160313.1","Exc L4-5 RORB IL1RAPL2",0.0734826467172213,2.29518735518092,1.76399871386857,0.18595747439683,0.494518815609616,0.494518815609616,"social_isolation_avg"
"13551","HHIPL1","Exc L4-5 RORB IL1RAPL2",0.0251708086090054,4.13412783527325,0.464706087610811,0.496386764883808,0.784442827893303,0.784442827893303,"social_isolation_avg"
"13552","CYP46A1","Exc L4-5 RORB IL1RAPL2",-0.0329767116812642,6.15822515059293,1.62372029656948,0.204362380660694,0.521124070684769,0.521124070684769,"social_isolation_avg"
"13553","EML1","Exc L4-5 RORB IL1RAPL2",0.00712756995959857,5.64109393888366,0.0859577606904337,0.769748085589733,0.93176402836948,0.93176402836948,"social_isolation_avg"
"13554","EVL","Exc L4-5 RORB IL1RAPL2",0.00701731014873219,8.30370621164225,0.288894487419358,0.591652687958939,0.842274306180829,0.842274306180829,"social_isolation_avg"
"13555","AL157912.1","Exc L4-5 RORB IL1RAPL2",0.0412226577362953,1.6595472620659,0.278057231710515,0.598684435995561,0.845653782932554,0.845653782932554,"social_isolation_avg"
"13556","DEGS2","Exc L4-5 RORB IL1RAPL2",-0.0912264401201001,1.56921618747005,1.34165259589147,0.248413507872386,0.574530250880505,0.574530250880505,"social_isolation_avg"
"13557","AL133523.1","Exc L4-5 RORB IL1RAPL2",0.05331213695899,2.96388803298276,0.900649111905591,0.343993157940057,0.666685959023294,0.666685959023294,"social_isolation_avg"
"13558","YY1","Exc L4-5 RORB IL1RAPL2",-0.0570914112305844,6.19653629386852,9.98581463403423,0.00187641259699508,0.0359243117223411,0.0359243117223411,"social_isolation_avg"
"13559","SLC25A29","Exc L4-5 RORB IL1RAPL2",0.0299669338988035,4.50461836964991,0.643546276162407,0.423581375280756,0.730153035272291,0.730153035272291,"social_isolation_avg"
"13560","WARS","Exc L4-5 RORB IL1RAPL2",-0.0914798458644347,4.73838169894477,10.1554928520302,0.00172050471282963,0.0340519557232735,0.0340519557232735,"social_isolation_avg"
"13561","AL157871.4","Exc L4-5 RORB IL1RAPL2",-0.0813325037833122,1.07480369280438,1.00110507863249,0.756943961838716,0.926328023011811,0.926328023011811,"social_isolation_avg"
"13562","WDR25","Exc L4-5 RORB IL1RAPL2",-0.0252734911371403,4.70272162563021,0.861935422264253,0.357803045238855,0.677757478818891,0.677757478818891,"social_isolation_avg"
"13563","BEGAIN","Exc L4-5 RORB IL1RAPL2",-0.0235971948669198,4.77379406398969,0.415186487555796,0.520241864202707,0.800805101902003,0.800805101902003,"social_isolation_avg"
"13564","MEG3","Exc L4-5 RORB IL1RAPL2",-0.0595200843740408,6.07723358366376,1.71018762825201,0.192776899677035,0.504569334456934,0.504569334456934,"social_isolation_avg"
"13565","AL117190.2","Exc L4-5 RORB IL1RAPL2",-0.0084779551468122,4.89511081898625,0.0269132069805268,0.869890276632823,0.967732474374979,0.967732474374979,"social_isolation_avg"
"13566","AL117190.1","Exc L4-5 RORB IL1RAPL2",0.0911388791306866,4.33993765813525,5.61085836002249,0.0190043683775845,0.144095504939073,0.144095504939073,"social_isolation_avg"
"13567","MEG8","Exc L4-5 RORB IL1RAPL2",0.0547569519960233,7.82941399158848,3.45179188966933,0.0649618975418479,0.290371855277416,0.290371855277416,"social_isolation_avg"
"13568","MEG9","Exc L4-5 RORB IL1RAPL2",0.0613684786742689,3.24563478263415,1.19731699742846,0.275450522000147,0.605459958964311,0.605459958964311,"social_isolation_avg"
"13569","AL132709.1","Exc L4-5 RORB IL1RAPL2",0.141142289824146,-0.335839525080763,0.771486913346582,0.381032407413046,0.6991378513668,0.6991378513668,"social_isolation_avg"
"13570","AL359682.1","Exc L4-5 RORB IL1RAPL2",0.147337543244768,-0.164435470867399,0.92295820636472,0.338102636145533,0.661920424130384,0.661920424130384,"social_isolation_avg"
"13571","LINC02320","Exc L4-5 RORB IL1RAPL2",-0.000853587646440507,2.73133175372917,0.000189433630852684,0.98903526920887,0.998787747693845,0.998787747693845,"social_isolation_avg"
"13572","PPP2R5C","Exc L4-5 RORB IL1RAPL2",0.0186179148139991,7.42635486742744,1.90531440019561,0.169348511701776,0.473720164090671,0.473720164090671,"social_isolation_avg"
"13573","AL137779.2","Exc L4-5 RORB IL1RAPL2",0.01748017552411,1.09797760359043,0.0309832523407818,0.860493215725102,0.964619228845686,0.964619228845686,"social_isolation_avg"
"13574","AL137779.1","Exc L4-5 RORB IL1RAPL2",0.0469024595088282,0.00448968309119115,0.120552209890065,0.728878008822756,0.91265308748166,0.91265308748166,"social_isolation_avg"
"13575","AL118558.3","Exc L4-5 RORB IL1RAPL2",-0.022005650295017,0.92642275911465,0.0678078934293087,0.794879735453042,0.942882544950599,0.942882544950599,"social_isolation_avg"
"13576","AL118558.4","Exc L4-5 RORB IL1RAPL2",0.0212115736586364,0.188496898875162,0.0361618812399325,0.849414912554525,0.961873912835597,0.961873912835597,"social_isolation_avg"
"13577","DYNC1H1","Exc L4-5 RORB IL1RAPL2",-0.0363287903214889,7.97485448768294,4.69331975500921,0.0317123410963976,0.194663281459926,0.194663281459926,"social_isolation_avg"
"13578","HSP90AA1","Exc L4-5 RORB IL1RAPL2",-0.157809887114438,8.59977843038669,29.9408339974828,1.62396993741404e-07,0.000133596239938309,0.000133596239938309,"social_isolation_avg"
"13579","WDR20","Exc L4-5 RORB IL1RAPL2",0.0298285040812868,5.7284239837029,2.46912717169362,0.118014577519063,0.396711059022417,0.396711059022417,"social_isolation_avg"
"13580","MOK","Exc L4-5 RORB IL1RAPL2",0.0467459551427084,6.16204083992807,4.65983570980709,0.032318617453551,0.196877192800592,0.196877192800592,"social_isolation_avg"
"13581","ZNF839","Exc L4-5 RORB IL1RAPL2",0.0499636712219255,3.82803094289821,2.31580662345071,0.129975542019696,0.414996157704128,0.414996157704128,"social_isolation_avg"
"13582","CINP","Exc L4-5 RORB IL1RAPL2",-0.0539905180762396,4.3966860176507,2.87487702351586,0.0918545912843182,0.35070940104301,0.35070940104301,"social_isolation_avg"
"13583","TECPR2","Exc L4-5 RORB IL1RAPL2",0.00713296140501372,6.70306822827112,0.173647320929733,0.67743108174489,0.886729401431689,0.886729401431689,"social_isolation_avg"
"13584","ANKRD9","Exc L4-5 RORB IL1RAPL2",0.023107160938252,3.88448818786927,0.276440357087939,0.599748525139383,0.846104135905244,0.846104135905244,"social_isolation_avg"
"13585","RCOR1","Exc L4-5 RORB IL1RAPL2",0.0145638245377806,5.23160180620381,0.229422702640982,0.632585232762615,0.864304106405572,0.864304106405572,"social_isolation_avg"
"13586","TRAF3","Exc L4-5 RORB IL1RAPL2",0.0282635207999824,6.8954944371046,1.82487234781732,0.178580673609947,0.484989941922464,0.484989941922464,"social_isolation_avg"
"13587","CDC42BPB","Exc L4-5 RORB IL1RAPL2",0.00384571611987465,6.47073505025844,0.0465476314472284,0.829449397928566,0.954914028488372,0.954914028488372,"social_isolation_avg"
"13588","AL117209.1","Exc L4-5 RORB IL1RAPL2",-0.0218600478159241,1.21556001700944,0.0505538477968107,0.822380033447942,0.953096448172761,0.953096448172761,"social_isolation_avg"
"13589","TNFAIP2","Exc L4-5 RORB IL1RAPL2",0.0295593958398038,1.95634369626585,0.158553686062272,0.691005431426936,0.894044978667195,0.894044978667195,"social_isolation_avg"
"13590","AL138976.2","Exc L4-5 RORB IL1RAPL2",-0.0515118737592826,0.805384836261578,0.255131457242609,0.614157596712106,0.853783783810707,0.853783783810707,"social_isolation_avg"
"13591","EIF5","Exc L4-5 RORB IL1RAPL2",-0.104390230457852,6.1712916925701,18.5245707800351,2.86467279283818e-05,0.00265698401535741,0.00265698401535741,"social_isolation_avg"
"13592","MARK3","Exc L4-5 RORB IL1RAPL2",0.0353807712800536,7.719364354006,4.24962429519287,0.0408248571550916,0.225006443994025,0.225006443994025,"social_isolation_avg"
"13593","CKB","Exc L4-5 RORB IL1RAPL2",-0.155175517727637,7.7367041056453,24.8269818784766,1.569106113984e-06,0.00042839113445171,0.00042839113445171,"social_isolation_avg"
"13594","AL133367.1","Exc L4-5 RORB IL1RAPL2",-0.0995880964706588,0.369732309942518,0.946205557741034,0.332108321458292,0.657372272236882,0.657372272236882,"social_isolation_avg"
"13595","TRMT61A","Exc L4-5 RORB IL1RAPL2",-0.0580337084286284,2.32508597677747,1.26133258100446,0.296755120426011,0.627363534478274,0.627363534478274,"social_isolation_avg"
"13596","AL139300.2","Exc L4-5 RORB IL1RAPL2",-0.114758784034589,0.374149221617249,1.09679498647742,0.296499489190098,0.627250023159543,0.627250023159543,"social_isolation_avg"
"13597","BAG5","Exc L4-5 RORB IL1RAPL2",-0.0197066935772306,4.69227546121527,0.62411710789582,0.430653301164917,0.736211701422243,0.736211701422243,"social_isolation_avg"
"13598","KLC1","Exc L4-5 RORB IL1RAPL2",-0.0787515998051701,7.44133715284479,12.1595894931534,0.000625703267810809,0.0173337211277428,0.0173337211277428,"social_isolation_avg"
"13599","AL049840.1","Exc L4-5 RORB IL1RAPL2",0.00905240818180298,1.38695429014788,0.00839226284278041,0.92711939139145,0.98417618971798,0.98417618971798,"social_isolation_avg"
"13600","XRCC3","Exc L4-5 RORB IL1RAPL2",0.110251465574578,1.85744157521619,3.88879114890287,0.0502779340395773,0.252801284247202,0.252801284247202,"social_isolation_avg"
"13601","ZFYVE21","Exc L4-5 RORB IL1RAPL2",-0.0407413011662197,4.92214609296579,2.6486288291311,0.105543921017118,0.37593217393312,0.37593217393312,"social_isolation_avg"
"13602","PPP1R13B","Exc L4-5 RORB IL1RAPL2",0.0178070760817796,7.03325249686259,1.24124196196186,0.266849176066523,0.597097121612426,0.597097121612426,"social_isolation_avg"
"13603","LINC00637","Exc L4-5 RORB IL1RAPL2",0.0812524857154595,1.16857694862596,0.621402632377127,0.431655574545012,0.736859899491715,0.736859899491715,"social_isolation_avg"
"13604","AL132712.1","Exc L4-5 RORB IL1RAPL2",-0.0733500183768946,0.400275065482118,0.294494800570236,0.588085387259239,0.840010352191718,0.840010352191718,"social_isolation_avg"
"13605","ATP5MPL","Exc L4-5 RORB IL1RAPL2",-0.101697431737791,5.87488687296935,16.8049575481169,6.48119458051702e-05,0.00430283097045483,0.00430283097045483,"social_isolation_avg"
"13606","TDRD9","Exc L4-5 RORB IL1RAPL2",0.0451991751526315,3.1112008387011,0.107188809716828,0.743781881830583,0.920291458678817,0.920291458678817,"social_isolation_avg"
"13607","KIF26A","Exc L4-5 RORB IL1RAPL2",-0.0318129251632189,-0.309888070626557,0.03522317881548,0.851358954084573,0.961873912835597,0.961873912835597,"social_isolation_avg"
"13608","AL590079.1","Exc L4-5 RORB IL1RAPL2",-0.127092978348626,2.75858056434309,1.73914281626227,0.189071634638666,0.499570506772546,0.499570506772546,"social_isolation_avg"
"13609","TMEM179","Exc L4-5 RORB IL1RAPL2",0.0730936776718225,5.42370396763739,2.24788842079177,0.135704319699516,0.424406848435461,0.424406848435461,"social_isolation_avg"
"13610","INF2","Exc L4-5 RORB IL1RAPL2",-0.0102196474639795,5.21186514585322,0.0912800903534788,0.762935857399852,0.929286899099656,0.929286899099656,"social_isolation_avg"
"13611","ADSSL1","Exc L4-5 RORB IL1RAPL2",0.104328996431723,1.00163365825743,1.10000380621262,0.295796327733744,0.626737101573366,0.626737101573366,"social_isolation_avg"
"13612","SIVA1","Exc L4-5 RORB IL1RAPL2",-0.0556728736904326,4.01398116336163,3.77032919419928,0.053869635157851,0.263305003499345,0.263305003499345,"social_isolation_avg"
"13613","AKT1","Exc L4-5 RORB IL1RAPL2",-0.0276759307885746,4.26546348988345,0.905835818759476,0.342611318492248,0.665461458135152,0.665461458135152,"social_isolation_avg"
"13614","AL583810.1","Exc L4-5 RORB IL1RAPL2",-0.227324522930965,-0.0077740620713696,3.01153523905225,0.0845376447025026,0.334523663270122,0.334523663270122,"social_isolation_avg"
"13615","CEP170B","Exc L4-5 RORB IL1RAPL2",-0.0369979183465961,5.00895187351281,1.54853358057885,0.215113628640525,0.534196745313774,0.534196745313774,"social_isolation_avg"
"13616","AHNAK2","Exc L4-5 RORB IL1RAPL2",0.0252820262305477,3.98145941211195,0.281500271602108,0.596431642621485,0.844312667218399,0.844312667218399,"social_isolation_avg"
"13617","CLBA1","Exc L4-5 RORB IL1RAPL2",-0.0153950003652577,2.60156766417447,0.092234461717889,0.892010735176867,0.975197037053302,0.975197037053302,"social_isolation_avg"
"13618","CDCA4","Exc L4-5 RORB IL1RAPL2",0.0389386801214648,1.71832695029314,0.376312816865794,0.540426398838739,0.812235196452559,0.812235196452559,"social_isolation_avg"
"13619","GPR132","Exc L4-5 RORB IL1RAPL2",-0.0301914159785352,0.67600452696717,0.0875266476510194,0.767716713154289,0.931018779306101,0.931018779306101,"social_isolation_avg"
"13620","LINC02298","Exc L4-5 RORB IL1RAPL2",0.059947318836045,0.794998620047904,0.423118844005247,0.516287986116673,0.798747750230055,0.798747750230055,"social_isolation_avg"
"13621","JAG2","Exc L4-5 RORB IL1RAPL2",0.0166874521357552,4.2411452170616,0.245196844999659,0.621135216249755,0.857593342335207,0.857593342335207,"social_isolation_avg"
"13622","NUDT14","Exc L4-5 RORB IL1RAPL2",-0.195897404704923,3.5031352857475,19.4557925385933,1.8494578689466e-05,0.00204434554374263,0.00204434554374263,"social_isolation_avg"
"13623","BRF1","Exc L4-5 RORB IL1RAPL2",0.0409444751605119,5.35108755834203,4.31362561959205,0.0873741263520888,0.340831025080322,0.340831025080322,"social_isolation_avg"
"13624","BTBD6","Exc L4-5 RORB IL1RAPL2",-0.0680120769093175,4.12891274847178,2.54448182406105,0.1125904056373,0.387542853386094,0.387542853386094,"social_isolation_avg"
"13625","PACS2","Exc L4-5 RORB IL1RAPL2",0.0232860211501563,5.91514991990232,1.44271509161784,0.231418743241434,0.553680169479761,0.553680169479761,"social_isolation_avg"
"13626","TEX22","Exc L4-5 RORB IL1RAPL2",-0.0574484821865418,2.87843124434383,1.65489171897896,0.233554001828844,0.556325982554559,0.556325982554559,"social_isolation_avg"
"13627","AL928654.1","Exc L4-5 RORB IL1RAPL2",-0.170803781312641,1.81950461221441,7.19211829507486,0.00806555223595753,0.08705551275331,0.08705551275331,"social_isolation_avg"
"13628","MTA1","Exc L4-5 RORB IL1RAPL2",-0.0272823955970226,4.67772443573591,0.753563378631135,0.38660893303177,0.702692374821721,0.702692374821721,"social_isolation_avg"
"13629","CRIP2","Exc L4-5 RORB IL1RAPL2",-0.272381580836592,3.33597716104404,21.4740946024966,7.2390447805547e-06,0.0010867059115933,0.0010867059115933,"social_isolation_avg"
"13630","TEDC1","Exc L4-5 RORB IL1RAPL2",-0.0222794483239571,1.81727254001009,0.121759781388843,0.727577728655463,0.91234452756733,0.91234452756733,"social_isolation_avg"
"13631","TMEM121","Exc L4-5 RORB IL1RAPL2",-0.135594936338726,3.01841941309854,6.8581245927528,0.00964429748877796,0.0966947005744643,0.0966947005744643,"social_isolation_avg"
"13632","AC087386.1","Exc L4-5 RORB IL1RAPL2",-0.0490063086885891,3.92698354262035,0.470237687173579,0.493838476073039,0.782703786712847,0.782703786712847,"social_isolation_avg"
"13633","AC012414.5","Exc L4-5 RORB IL1RAPL2",-0.12337669567851,3.42904847295353,1.32872548629843,0.250696327328047,0.577339971929647,0.577339971929647,"social_isolation_avg"
"13634","AC012414.3","Exc L4-5 RORB IL1RAPL2",-0.375665919629221,-1.26280102487318,1.1412392886888,0.286948252704225,0.618037832808019,0.618037832808019,"social_isolation_avg"
"13635","LINC01193","Exc L4-5 RORB IL1RAPL2",-0.150329576689888,1.77935823579286,0.924193931063137,0.337780354948283,0.661677409253179,0.661677409253179,"social_isolation_avg"
"13636","AC068446.2","Exc L4-5 RORB IL1RAPL2",-0.0276734177565962,2.62555382754227,0.0511891888156504,0.821286295607942,0.952434431619876,0.952434431619876,"social_isolation_avg"
"13637","LINC02203","Exc L4-5 RORB IL1RAPL2",0.0480006633898491,-0.333380906985373,0.0430784719145414,0.835833069705934,0.956824497333631,0.956824497333631,"social_isolation_avg"
"13638","NIPA1","Exc L4-5 RORB IL1RAPL2",0.00838615445212489,6.23524483111936,0.146429067006368,0.702463091690342,0.900433856640673,0.900433856640673,"social_isolation_avg"
"13639","NIPA2","Exc L4-5 RORB IL1RAPL2",0.0256470600278544,4.28972022663261,1.05754132979086,0.305279072042478,0.635939119731827,0.635939119731827,"social_isolation_avg"
"13640","CYFIP1","Exc L4-5 RORB IL1RAPL2",0.0418536066672129,5.51173979449032,2.79049640366259,0.0967172566407923,0.360111686667175,0.360111686667175,"social_isolation_avg"
"13641","TUBGCP5","Exc L4-5 RORB IL1RAPL2",0.0782647027786679,5.2510939504543,9.01201758017922,0.0030984943551883,0.0489686630449075,0.0489686630449075,"social_isolation_avg"
"13642","GOLGA8S","Exc L4-5 RORB IL1RAPL2",-0.112287353942995,-0.298681827550062,0.464246984757876,0.496599262310513,0.784516543556585,0.784516543556585,"social_isolation_avg"
"13643","MAGEL2","Exc L4-5 RORB IL1RAPL2",-0.0609399044913972,1.770935950704,0.627966544414975,0.429238021783826,0.734893998463495,0.734893998463495,"social_isolation_avg"
"13644","NDN","Exc L4-5 RORB IL1RAPL2",-0.077304424622334,4.76281451154908,3.25526382393174,0.073015050830111,0.309618506668877,0.309618506668877,"social_isolation_avg"
"13645","AC021439.1","Exc L4-5 RORB IL1RAPL2",0.0525994084238979,2.61104198169132,0.185914832090255,0.666900425510356,0.882833547488558,0.882833547488558,"social_isolation_avg"
"13646","PWRN4","Exc L4-5 RORB IL1RAPL2",0.0206781535355153,1.53840511105935,0.0222538905331894,0.881595516753563,0.972690464312448,0.972690464312448,"social_isolation_avg"
"13647","AC087463.1","Exc L4-5 RORB IL1RAPL2",0.109064300342886,0.966953786907404,0.550026201641178,0.459359403082673,0.757696736616447,0.757696736616447,"social_isolation_avg"
"13648","AC087463.4","Exc L4-5 RORB IL1RAPL2",0.0931651000778987,1.83323937147482,0.661137187093559,0.417328368950868,0.72561667199055,0.72561667199055,"social_isolation_avg"
"13649","PWRN3","Exc L4-5 RORB IL1RAPL2",0.0362742757790076,1.52970559644107,0.0361323259523966,0.849475719867168,0.961873912835597,0.961873912835597,"social_isolation_avg"
"13650","PWRN1","Exc L4-5 RORB IL1RAPL2",0.0388427846901575,5.57994023876203,0.24416702482214,0.621868547245121,0.85817043121763,0.85817043121763,"social_isolation_avg"
"13651","NPAP1","Exc L4-5 RORB IL1RAPL2",0.0625419785178431,0.780800677155339,0.306032367465411,0.580872577773171,0.836511342517359,0.836511342517359,"social_isolation_avg"
"13652","SNRPN","Exc L4-5 RORB IL1RAPL2",0.0920089534027223,7.95623982036252,6.9192912189245,0.00933289595827123,0.0950418323070237,0.0950418323070237,"social_isolation_avg"
"13653","AC124312.1","Exc L4-5 RORB IL1RAPL2",-0.0275364008807758,9.1005029331699,2.08040310722258,0.151092883344666,0.44849427743868,0.44849427743868,"social_isolation_avg"
"13654","AC124312.2","Exc L4-5 RORB IL1RAPL2",-0.0681531312191933,0.675946227384562,0.353266778937573,0.553082312913813,0.8185272149114,0.8185272149114,"social_isolation_avg"
"13655","PWAR6","Exc L4-5 RORB IL1RAPL2",-0.0340586467474264,8.39733392994208,2.0406157975581,0.155034472426171,0.454189608174726,0.454189608174726,"social_isolation_avg"
"13656","AC124312.3","Exc L4-5 RORB IL1RAPL2",0.0169678770663105,0.591144603095019,0.0194099579121027,0.889367182636829,0.974640400394109,0.974640400394109,"social_isolation_avg"
"13657","UBE3A","Exc L4-5 RORB IL1RAPL2",0.0152988744629218,7.2070679406041,1.02936982156388,0.311789491435288,0.640881075140314,0.640881075140314,"social_isolation_avg"
"13658","LINC02250","Exc L4-5 RORB IL1RAPL2",-0.0136954878657545,1.73234846837337,0.0294761923213028,0.863894145966025,0.966060350816971,0.966060350816971,"social_isolation_avg"
"13659","ATP10A","Exc L4-5 RORB IL1RAPL2",-0.000863841342406498,3.53537070537632,4.88039705964579e-05,0.994434460742716,0.999452588532504,0.999452588532504,"social_isolation_avg"
"13660","LINC02346","Exc L4-5 RORB IL1RAPL2",-0.0179534348059751,3.55378939071467,0.0817075071511457,0.77535454830441,0.934847177261128,0.934847177261128,"social_isolation_avg"
"13661","GABRB3","Exc L4-5 RORB IL1RAPL2",-0.00450067764424573,9.14918807814474,0.137007784479538,0.711747827216376,0.905221525761985,0.905221525761985,"social_isolation_avg"
"13662","GABRA5","Exc L4-5 RORB IL1RAPL2",-0.028626120506306,6.06124368292428,0.747146644869593,0.388633738134452,0.704081238408495,0.704081238408495,"social_isolation_avg"
"13663","GABRG3","Exc L4-5 RORB IL1RAPL2",0.050098212418382,9.19105151319413,7.76534170917934,0.00594919094025846,0.0732629539398362,0.0732629539398362,"social_isolation_avg"
"13664","AC104002.3","Exc L4-5 RORB IL1RAPL2",0.0883829834448126,1.16937011402767,1.05172398775435,0.306608803481274,0.636810666374224,0.636810666374224,"social_isolation_avg"
"13665","AC021979.2","Exc L4-5 RORB IL1RAPL2",-0.0455350355542758,0.351294723178286,0.19873297549152,0.797374417684349,0.943241631073545,0.943241631073545,"social_isolation_avg"
"13666","OCA2","Exc L4-5 RORB IL1RAPL2",-0.0456537774529868,7.03895690634709,1.88838506149941,0.171244573810627,0.476167312744066,0.476167312744066,"social_isolation_avg"
"13667","HERC2","Exc L4-5 RORB IL1RAPL2",0.0376248733494157,7.8690109208934,6.14493748560685,0.014182327312093,0.120225723598616,0.120225723598616,"social_isolation_avg"
"13668","GOLGA8M","Exc L4-5 RORB IL1RAPL2",0.00126066945644948,0.730677350795372,0.000333718068725377,0.985447125441679,0.998300390466684,0.998300390466684,"social_isolation_avg"
"13669","GOLGA6L7","Exc L4-5 RORB IL1RAPL2",0.0202355609627599,1.94462470264403,0.0517582317429291,0.820312732749821,0.952333857918723,0.952333857918723,"social_isolation_avg"
"13670","APBA2","Exc L4-5 RORB IL1RAPL2",0.00374689709859889,7.94285403402567,0.0545228230990641,0.815661135889352,0.951591878420689,0.951591878420689,"social_isolation_avg"
"13671","FAM189A1","Exc L4-5 RORB IL1RAPL2",0.0431702061476801,8.24806154109005,4.62003769168869,0.0330551478579083,0.198740531496499,0.198740531496499,"social_isolation_avg"
"13672","AC022613.1","Exc L4-5 RORB IL1RAPL2",-0.121254057044521,2.38637572003384,3.55231542410767,0.0612175917751999,0.281283845716748,0.281283845716748,"social_isolation_avg"
"13673","TJP1","Exc L4-5 RORB IL1RAPL2",0.0638091929369099,8.56455783562456,17.784764421859,4.0646628889969e-05,0.0033149778673582,0.0033149778673582,"social_isolation_avg"
"13674","AC022613.2","Exc L4-5 RORB IL1RAPL2",0.124743710121587,0.224631836448577,1.0501117040951,0.306978676479777,0.636943523446061,0.636943523446061,"social_isolation_avg"
"13675","AC111152.2","Exc L4-5 RORB IL1RAPL2",0.126427307001227,0.14760734793419,0.280737947519837,0.596928905948301,0.844519903946979,0.844519903946979,"social_isolation_avg"
"13676","CHRFAM7A","Exc L4-5 RORB IL1RAPL2",0.102022321326077,0.0997308484430738,0.557409184194809,0.45636658093933,0.754439736915673,0.754439736915673,"social_isolation_avg"
"13677","AC091057.2","Exc L4-5 RORB IL1RAPL2",0.0323705656900391,1.33544391719051,0.218107252871348,0.696446438930003,0.897052389766332,0.897052389766332,"social_isolation_avg"
"13678","AC091057.6","Exc L4-5 RORB IL1RAPL2",0.025752803124744,1.49750293632923,0.121477514268766,0.780984029427437,0.936895065756991,0.936895065756991,"social_isolation_avg"
"13679","FAN1","Exc L4-5 RORB IL1RAPL2",0.00192066896018766,5.25199345589322,0.00531779892269975,0.941955365626573,0.987984052456339,0.987984052456339,"social_isolation_avg"
"13680","MTMR10","Exc L4-5 RORB IL1RAPL2",0.0456301812151539,4.23244581409076,3.42556095680682,0.0659790068028431,0.292771138854198,0.292771138854198,"social_isolation_avg"
"13681","TRPM1","Exc L4-5 RORB IL1RAPL2",-0.0130693618353793,0.689281853123026,0.0201444208965062,0.887307313915551,0.974095556110611,0.974095556110611,"social_isolation_avg"
"13682","LINC02352","Exc L4-5 RORB IL1RAPL2",-0.0193398551193204,2.02705441757805,0.10248419774103,0.749272923200542,0.922531337646578,0.922531337646578,"social_isolation_avg"
"13683","KLF13","Exc L4-5 RORB IL1RAPL2",-0.0256842595183806,6.02043098688303,0.999961613195542,0.318781406368812,0.646326400228497,0.646326400228497,"social_isolation_avg"
"13684","OTUD7A","Exc L4-5 RORB IL1RAPL2",0.0205879234876197,8.75318207265814,2.05812750075383,0.153285350837672,0.452114126765331,0.452114126765331,"social_isolation_avg"
"13685","CHRNA7","Exc L4-5 RORB IL1RAPL2",-0.137225043102458,2.34920844464549,3.62583493999354,0.0586262420724487,0.275133897037881,0.275133897037881,"social_isolation_avg"
"13686","LINC02256","Exc L4-5 RORB IL1RAPL2",-0.00835326489553832,5.62261704094367,0.0288496895993097,0.865334258798639,0.966699504677868,0.966699504677868,"social_isolation_avg"
"13687","AC123768.3","Exc L4-5 RORB IL1RAPL2",0.0432213342639536,2.80003206919607,0.786789896683451,0.376361302026837,0.695027880189739,0.695027880189739,"social_isolation_avg"
"13688","GOLGA8N","Exc L4-5 RORB IL1RAPL2",0.0922321883156004,1.98396777447208,1.61897882129211,0.205021179873015,0.521951803434821,0.521951803434821,"social_isolation_avg"
"13689","ARHGAP11A","Exc L4-5 RORB IL1RAPL2",0.257521813518384,0.527900962566142,6.00218330900734,0.0153310220746415,0.125930306963626,0.125930306963626,"social_isolation_avg"
"13690","SCG5","Exc L4-5 RORB IL1RAPL2",-0.0906153600109713,6.89024115367991,18.0232776708873,3.63027385570508e-05,0.00309407259566648,0.00309407259566648,"social_isolation_avg"
"13691","GREM1","Exc L4-5 RORB IL1RAPL2",-0.196315449516828,0.608725651433391,0.696005735368418,0.405333125123589,0.716878719663515,0.716878719663515,"social_isolation_avg"
"13692","FMN1","Exc L4-5 RORB IL1RAPL2",0.0683975018494769,9.43740220122497,15.618861012455,0.000114593478326577,0.00621988696861514,0.00621988696861514,"social_isolation_avg"
"13693","RYR3","Exc L4-5 RORB IL1RAPL2",0.104939875333783,5.42781041736305,2.09003433573798,0.150156031779887,0.447334651493904,0.447334651493904,"social_isolation_avg"
"13694","AC010809.2","Exc L4-5 RORB IL1RAPL2",-0.0399378031028872,2.0178768455103,0.433554558737174,0.547153513901916,0.815750660825637,0.815750660825637,"social_isolation_avg"
"13695","AC010809.1","Exc L4-5 RORB IL1RAPL2",-0.0190790399697635,2.97021967971822,0.16594583435374,0.822912532985812,0.953227927203764,0.953227927203764,"social_isolation_avg"
"13696","AVEN","Exc L4-5 RORB IL1RAPL2",-0.0539193555601551,4.57153440981031,2.43874022660977,0.120283763986711,0.399019663256091,0.399019663256091,"social_isolation_avg"
"13697","CHRM5","Exc L4-5 RORB IL1RAPL2",-0.0692305070362348,1.87007859467696,0.253734224273198,0.615128542678362,0.854101941441057,0.854101941441057,"social_isolation_avg"
"13698","EMC7","Exc L4-5 RORB IL1RAPL2",-0.0369365934724757,3.99005457373137,1.60704910946175,0.206689940324417,0.524022559410197,0.524022559410197,"social_isolation_avg"
"13699","PGBD4","Exc L4-5 RORB IL1RAPL2",-0.116599304545737,2.79604942077637,5.44143310247896,0.0208694494129016,0.152400946484566,0.152400946484566,"social_isolation_avg"
"13700","KATNBL1","Exc L4-5 RORB IL1RAPL2",0.0246602527350693,6.64488976657528,2.14580360853988,0.144859559221194,0.439709871762047,0.439709871762047,"social_isolation_avg"
"13701","EMC4","Exc L4-5 RORB IL1RAPL2",-0.0272190852214042,3.99949691860387,0.584131557461794,0.445787067330274,0.74696573688949,0.74696573688949,"social_isolation_avg"
"13702","SLC12A6","Exc L4-5 RORB IL1RAPL2",0.0271595350385288,5.94783570222354,2.07070270640657,0.152043210326531,0.449876738077516,0.449876738077516,"social_isolation_avg"
"13703","NOP10","Exc L4-5 RORB IL1RAPL2",-0.193931824499044,3.3035200530544,16.6877745488035,6.8548517402061e-05,0.00451667254001376,0.00451667254001376,"social_isolation_avg"
"13704","LPCAT4","Exc L4-5 RORB IL1RAPL2",0.0750159299947241,5.70581960152719,3.31187993838368,0.070589855432319,0.304216349039062,0.304216349039062,"social_isolation_avg"
"13705","GOLGA8A","Exc L4-5 RORB IL1RAPL2",0.0375535200281585,6.49130687655975,0.699957762738977,0.404005757727642,0.715915752075075,0.715915752075075,"social_isolation_avg"
"13706","GOLGA8B","Exc L4-5 RORB IL1RAPL2",0.0266089243927704,6.30665480517029,0.201633338385259,0.653993836473614,0.875479011293795,0.875479011293795,"social_isolation_avg"
"13707","GJD2","Exc L4-5 RORB IL1RAPL2",-0.344665920421775,0.184779616770006,5.32527554283547,0.0222579739007076,0.157731507181756,0.157731507181756,"social_isolation_avg"
"13708","AC087457.1","Exc L4-5 RORB IL1RAPL2",-0.0581864117868699,2.64899306298971,0.629110660716021,0.428818739245602,0.734543905779906,0.734543905779906,"social_isolation_avg"
"13709","AQR","Exc L4-5 RORB IL1RAPL2",0.00572038842138637,5.96886972571656,0.102775225270801,0.748929256666861,0.922497914549423,0.922497914549423,"social_isolation_avg"
"13710","ZNF770","Exc L4-5 RORB IL1RAPL2",-0.0996374637782474,5.1747914590992,15.8152412673022,0.000104233667602452,0.00586965840686307,0.00586965840686307,"social_isolation_avg"
"13711","AC021231.1","Exc L4-5 RORB IL1RAPL2",0.0482688023559727,4.43341799004808,0.948559688781485,0.331509294889659,0.656660170934583,0.656660170934583,"social_isolation_avg"
"13712","DPH6","Exc L4-5 RORB IL1RAPL2",0.0394598358112207,5.83814538607077,1.13102505686169,0.289107963120367,0.620416442123224,0.620416442123224,"social_isolation_avg"
"13713","DPH6-DT","Exc L4-5 RORB IL1RAPL2",-0.0778660587298104,6.45254613920529,3.537497813217,0.061754616637337,0.282509453915632,0.282509453915632,"social_isolation_avg"
"13714","AC021351.1","Exc L4-5 RORB IL1RAPL2",-0.119914229876208,1.58293632666,2.42390188604351,0.121409507559907,0.400835681825337,0.400835681825337,"social_isolation_avg"
"13715","C15orf41","Exc L4-5 RORB IL1RAPL2",-0.0141590810502281,5.74959805847004,0.329118074073022,0.56695859861211,0.827669442507501,0.827669442507501,"social_isolation_avg"
"13716","AC013640.1","Exc L4-5 RORB IL1RAPL2",-0.0129922470028298,0.597310006882182,0.0227736848396721,0.880231091456806,0.972277548700423,0.972277548700423,"social_isolation_avg"
"13717","MEIS2","Exc L4-5 RORB IL1RAPL2",-0.904947547945385,0.756916335354759,6.36428216862015,0.0125886496281647,0.11235369793137,0.11235369793137,"social_isolation_avg"
"13718","AC068875.1","Exc L4-5 RORB IL1RAPL2",0.125447262542569,1.65399226591609,2.89899861149937,0.0905142763255648,0.347599070906436,0.347599070906436,"social_isolation_avg"
"13719","LINC02345","Exc L4-5 RORB IL1RAPL2",-0.291637825988936,-0.342924385355276,3.77418085191581,0.0537486386435755,0.262988878141994,0.262988878141994,"social_isolation_avg"
"13720","LINC01852","Exc L4-5 RORB IL1RAPL2",-0.089260749956148,-0.247398139782082,0.462927631005937,0.49721078829128,0.784721764823798,0.784721764823798,"social_isolation_avg"
"13721","AC087473.1","Exc L4-5 RORB IL1RAPL2",0.220770094563686,0.645644606167156,6.1642242721021,0.0140341413352787,0.119666511133307,0.119666511133307,"social_isolation_avg"
"13722","SPRED1","Exc L4-5 RORB IL1RAPL2",-0.0518426821216775,5.97903471681864,1.95843981053168,0.163554097706117,0.466724618255869,0.466724618255869,"social_isolation_avg"
"13723","FAM98B","Exc L4-5 RORB IL1RAPL2",0.0443922086890908,5.0623954468236,4.62897662304631,0.0328881901046141,0.198266113239298,0.198266113239298,"social_isolation_avg"
"13724","RASGRP1","Exc L4-5 RORB IL1RAPL2",-0.0524130976699046,5.66879868577393,2.7036847302219,0.102017149678356,0.370409641604367,0.370409641604367,"social_isolation_avg"
"13725","C15orf53","Exc L4-5 RORB IL1RAPL2",0.114603834032373,1.80294961829538,2.91262090955557,0.0897668282416985,0.345781383786884,0.345781383786884,"social_isolation_avg"
"13726","AC013652.1","Exc L4-5 RORB IL1RAPL2",0.0548597828940295,5.40690844401786,1.62134356829107,0.204692297715948,0.521613867351307,0.521613867351307,"social_isolation_avg"
"13727","AC022196.1","Exc L4-5 RORB IL1RAPL2",0.058009952802439,0.796153270482785,0.421551807284529,0.51706487311529,0.798915618920184,0.798915618920184,"social_isolation_avg"
"13728","FSIP1","Exc L4-5 RORB IL1RAPL2",0.056114539246738,4.6009778139131,2.30089578265608,0.13120953025186,0.417088934619266,0.417088934619266,"social_isolation_avg"
"13729","AC023908.3","Exc L4-5 RORB IL1RAPL2",-0.174155920145615,0.0745970873655366,2.08155553930672,0.150980433233499,0.44849427743868,0.44849427743868,"social_isolation_avg"
"13730","GPR176","Exc L4-5 RORB IL1RAPL2",-0.0244038169094773,5.2442679415863,0.721345276866568,0.396931373986701,0.711187952848166,0.711187952848166,"social_isolation_avg"
"13731","EIF2AK4","Exc L4-5 RORB IL1RAPL2",0.0255469111802629,6.11892499103047,2.38135378333067,0.124703382567586,0.406606602784059,0.406606602784059,"social_isolation_avg"
"13732","SRP14","Exc L4-5 RORB IL1RAPL2",-0.147567745300785,6.32793371654555,22.4417168305321,4.63948243013584e-06,0.00081281154685741,0.00081281154685741,"social_isolation_avg"
"13733","SRP14-AS1","Exc L4-5 RORB IL1RAPL2",-0.0659843538351904,2.62337604517209,1.58666469107954,0.209578946310236,0.527740649871704,0.527740649871704,"social_isolation_avg"
"13734","BMF","Exc L4-5 RORB IL1RAPL2",0.0789143790639839,-0.361850390728561,0.247026045860506,0.619837368154313,0.85649184567646,0.85649184567646,"social_isolation_avg"
"13735","BUB1B","Exc L4-5 RORB IL1RAPL2",0.0192424052957917,-0.0730666147760022,0.0233205966924436,0.878812572145637,0.971833790296869,0.971833790296869,"social_isolation_avg"
"13736","BUB1B-PAK6","Exc L4-5 RORB IL1RAPL2",0.0613767511975365,1.42208259957042,0.588341441794694,0.444155350377677,0.745684417435317,0.745684417435317,"social_isolation_avg"
"13737","PAK6","Exc L4-5 RORB IL1RAPL2",0.0685579057073278,2.88522529953757,1.95194432637057,0.164250153283515,0.467786230561911,0.467786230561911,"social_isolation_avg"
"13738","PLCB2","Exc L4-5 RORB IL1RAPL2",-0.178937025725363,0.599791564835714,2.80942272006791,0.0956024798155183,0.358134694810001,0.358134694810001,"social_isolation_avg"
"13739","INAFM2","Exc L4-5 RORB IL1RAPL2",0.0296318090293687,2.792547658672,0.399090627642002,0.528431978817542,0.806392569659384,0.806392569659384,"social_isolation_avg"
"13740","DISP2","Exc L4-5 RORB IL1RAPL2",-0.00217970043567315,5.28664954405166,0.00654278477233478,0.935629288398434,0.986941636436088,0.986941636436088,"social_isolation_avg"
"13741","KNSTRN","Exc L4-5 RORB IL1RAPL2",-0.00954019436091253,2.90785651417056,0.0304713329202592,0.861638687638071,0.96502104941399,0.96502104941399,"social_isolation_avg"
"13742","IVD","Exc L4-5 RORB IL1RAPL2",-0.0286499802767065,4.93284148767913,0.730892502029143,0.393831462981531,0.708941595573547,0.708941595573547,"social_isolation_avg"
"13743","BAHD1","Exc L4-5 RORB IL1RAPL2",-0.0186108423207803,3.22415335660454,0.224992838349717,0.635887682075837,0.866208123294233,0.866208123294233,"social_isolation_avg"
"13744","AC091045.1","Exc L4-5 RORB IL1RAPL2",0.126026077007588,1.39096478982141,2.31607954469419,0.375792302921455,0.694870541529382,0.694870541529382,"social_isolation_avg"
"13745","CCDC32","Exc L4-5 RORB IL1RAPL2",0.0598686548550776,4.47807423546927,1.94090188773974,0.165441307026038,0.468888913599677,0.468888913599677,"social_isolation_avg"
"13746","RPUSD2","Exc L4-5 RORB IL1RAPL2",-0.0983343560239703,2.15848266642616,3.13345541104167,0.084132200006874,0.333794371216201,0.333794371216201,"social_isolation_avg"
"13747","KNL1","Exc L4-5 RORB IL1RAPL2",0.132123274523716,0.882517521014362,2.54000998759622,0.131410689276706,0.417184840906804,0.417184840906804,"social_isolation_avg"
"13748","RMDN3","Exc L4-5 RORB IL1RAPL2",0.0105556217637744,5.11301700999382,0.228550659613813,0.668240094206611,0.883098002651187,0.883098002651187,"social_isolation_avg"
"13749","GCHFR","Exc L4-5 RORB IL1RAPL2",-0.021318160348451,1.47568474692422,0.0681166782650854,0.850765970113223,0.961873912835597,0.961873912835597,"social_isolation_avg"
"13750","DNAJC17","Exc L4-5 RORB IL1RAPL2",-0.0184419038302342,4.81846592487501,0.557085072548452,0.456497315969865,0.754554530922147,0.754554530922147,"social_isolation_avg"
"13751","C15orf62","Exc L4-5 RORB IL1RAPL2",-0.424212723583908,-0.754739465692054,4.1937075528062,0.0421564989758353,0.229405555686448,0.229405555686448,"social_isolation_avg"
"13752","ZFYVE19","Exc L4-5 RORB IL1RAPL2",-0.0409727576779128,3.59832613898633,1.37983321077437,0.241818992756921,0.566199376556578,0.566199376556578,"social_isolation_avg"
"13753","SPINT1","Exc L4-5 RORB IL1RAPL2",0.017333573814153,0.114286420216978,0.0227683802737351,0.880244934688349,0.972277548700423,0.972277548700423,"social_isolation_avg"
"13754","RHOV","Exc L4-5 RORB IL1RAPL2",-0.0288711632100407,-0.0333040528732408,0.0489304424010316,0.853726985895058,0.962543291381206,0.962543291381206,"social_isolation_avg"
"13755","VPS18","Exc L4-5 RORB IL1RAPL2",-0.070449233939947,3.17020868373891,3.13216440251701,0.0786054678922608,0.322064542656879,0.322064542656879,"social_isolation_avg"
"13756","AC020661.1","Exc L4-5 RORB IL1RAPL2",-0.161073313867118,-0.259208101216894,1.57250069121918,0.234980271957005,0.558184858316462,0.558184858316462,"social_isolation_avg"
"13757","DLL4","Exc L4-5 RORB IL1RAPL2",0.19915770388649,0.545006158404893,3.78511950857153,0.053406592087607,0.262128697507033,0.262128697507033,"social_isolation_avg"
"13758","CHAC1","Exc L4-5 RORB IL1RAPL2",-0.156314542404071,1.88153140828014,6.32198822133628,0.0128807888962539,0.114046516942452,0.114046516942452,"social_isolation_avg"
"13759","INO80","Exc L4-5 RORB IL1RAPL2",0.0444127601359565,6.14306626168772,6.12041296468842,0.01437310934269,0.121245475645581,0.121245475645581,"social_isolation_avg"
"13760","AC020661.3","Exc L4-5 RORB IL1RAPL2",0.0586625423963378,1.84480467279184,0.484286992903943,0.487464168781471,0.778601176558688,0.778601176558688,"social_isolation_avg"
"13761","AC020661.2","Exc L4-5 RORB IL1RAPL2",0.0923826289613164,0.561792932064854,0.581012189485072,0.597950530737605,0.84500382080555,0.84500382080555,"social_isolation_avg"
"13762","INO80-AS1","Exc L4-5 RORB IL1RAPL2",-0.11975700297248,1.24975752470484,1.92672793236443,0.166984884832189,0.470931292211351,0.470931292211351,"social_isolation_avg"
"13763","EXD1","Exc L4-5 RORB IL1RAPL2",-0.0488689608894847,0.253526548027565,0.21545193419699,0.643138111382295,0.869263247765155,0.869263247765155,"social_isolation_avg"
"13764","CHP1","Exc L4-5 RORB IL1RAPL2",-0.0509064875328963,4.81877039612183,3.04145459997333,0.0830221562770277,0.33154542400119,0.33154542400119,"social_isolation_avg"
"13765","OIP5","Exc L4-5 RORB IL1RAPL2",0.066118314227648,1.23738041517488,0.727114427090676,0.538868223496346,0.811882210176405,0.811882210176405,"social_isolation_avg"
"13766","NUSAP1","Exc L4-5 RORB IL1RAPL2",0.123957315942809,0.657671611029603,1.95693642045451,0.274995495216805,0.605118431216089,0.605118431216089,"social_isolation_avg"
"13767","NDUFAF1","Exc L4-5 RORB IL1RAPL2",0.0487545696782029,3.89801975259671,2.64407773975455,0.105841429329447,0.376787522924266,0.376787522924266,"social_isolation_avg"
"13768","RTF1","Exc L4-5 RORB IL1RAPL2",-0.0260099304868275,6.69521261665523,0.778928688005601,0.378750667717995,0.69718273994476,0.69718273994476,"social_isolation_avg"
"13769","ITPKA","Exc L4-5 RORB IL1RAPL2",-0.126703549599386,3.72544521155954,4.0917779772674,0.0447039946738744,0.236467509987246,0.236467509987246,"social_isolation_avg"
"13770","LTK","Exc L4-5 RORB IL1RAPL2",-0.208320311839459,0.278745493279118,2.16839778388544,0.142774460792498,0.436716682563793,0.436716682563793,"social_isolation_avg"
"13771","RPAP1","Exc L4-5 RORB IL1RAPL2",-0.0381334094216811,3.59882945961722,1.35055446881595,0.246856406857322,0.57281948419762,0.57281948419762,"social_isolation_avg"
"13772","TYRO3","Exc L4-5 RORB IL1RAPL2",-0.0533788600208157,5.58895301835327,4.0200119994961,0.0465955025605443,0.242606908075965,0.242606908075965,"social_isolation_avg"
"13773","MGA","Exc L4-5 RORB IL1RAPL2",0.0191362285344123,6.48418449708089,1.1135439428531,0.292852785826647,0.624052295236904,0.624052295236904,"social_isolation_avg"
"13774","MAPKBP1","Exc L4-5 RORB IL1RAPL2",0.0381566349268644,6.63387537528522,4.63979841939241,0.0326872542260595,0.198139305304928,0.198139305304928,"social_isolation_avg"
"13775","AC020659.2","Exc L4-5 RORB IL1RAPL2",-0.0477766399741624,-0.00161897928395403,0.139600301170261,0.709157460803635,0.903688598859481,0.903688598859481,"social_isolation_avg"
"13776","SPTBN5","Exc L4-5 RORB IL1RAPL2",0.0125272265185379,2.21346019740048,0.0351672291934191,0.851475667484634,0.961873912835597,0.961873912835597,"social_isolation_avg"
"13777","EHD4","Exc L4-5 RORB IL1RAPL2",-0.104545980769585,2.02943872244403,2.6145914243743,0.107791602252765,0.379767333493373,0.379767333493373,"social_isolation_avg"
"13778","PLA2G4E","Exc L4-5 RORB IL1RAPL2",-0.088572625643382,0.517624493893403,0.404379249047117,0.525715713972613,0.804851926588362,0.804851926588362,"social_isolation_avg"
"13779","PLA2G4D","Exc L4-5 RORB IL1RAPL2",-0.158403419037348,0.14573515984314,1.27492345756042,0.260481048026234,0.589551518681432,0.589551518681432,"social_isolation_avg"
"13780","VPS39","Exc L4-5 RORB IL1RAPL2",-0.00901196863902097,5.42974184476343,0.220751729540887,0.639086976837876,0.867293779059998,0.867293779059998,"social_isolation_avg"
"13781","AC036103.1","Exc L4-5 RORB IL1RAPL2",-0.03394244168207,-0.206157138859363,0.0603151831089035,0.998448531006266,0.999716603438089,0.999716603438089,"social_isolation_avg"
"13782","TMEM87A","Exc L4-5 RORB IL1RAPL2",0.0282339300930012,5.74603911881747,2.52088789017111,0.114258313183142,0.390231325584519,0.390231325584519,"social_isolation_avg"
"13783","GANC","Exc L4-5 RORB IL1RAPL2",0.085690844882142,4.72691728627861,10.3399530806119,0.001565999658518,0.0318262938118358,0.0318262938118358,"social_isolation_avg"
"13784","ZNF106","Exc L4-5 RORB IL1RAPL2",-0.043708347228127,6.65750861451766,7.9903137094757,0.00528359055006948,0.0675022395664177,0.0675022395664177,"social_isolation_avg"
"13785","SNAP23","Exc L4-5 RORB IL1RAPL2",-0.0407368872183738,4.82251143113379,2.3135842467161,0.130158630639182,0.415230391219687,0.415230391219687,"social_isolation_avg"
"13786","AC018362.1","Exc L4-5 RORB IL1RAPL2",-0.0640736541827898,0.270729472807426,0.317073180823984,0.574134878749066,0.831980087769803,0.831980087769803,"social_isolation_avg"
"13787","LRRC57","Exc L4-5 RORB IL1RAPL2",-0.0101757524485185,3.94343027717502,0.0747790578012542,0.784842861093811,0.938293153466554,0.938293153466554,"social_isolation_avg"
"13788","HAUS2","Exc L4-5 RORB IL1RAPL2",0.0588875639542473,4.08729130315162,3.25458971705438,0.076916288446995,0.318604497752418,0.318604497752418,"social_isolation_avg"
"13789","STARD9","Exc L4-5 RORB IL1RAPL2",0.0717509083551,5.27846664235971,8.12853050630526,0.00491318716615588,0.0648725850459423,0.0648725850459423,"social_isolation_avg"
"13790","CDAN1","Exc L4-5 RORB IL1RAPL2",-0.0225843765585721,3.41058001596549,0.463495407959177,0.506182555549884,0.791266266908567,0.791266266908567,"social_isolation_avg"
"13791","TTBK2","Exc L4-5 RORB IL1RAPL2",0.0112094814666602,7.64914260730992,0.693893136633101,0.406045310094368,0.717212781207574,0.717212781207574,"social_isolation_avg"
"13792","AC090510.1","Exc L4-5 RORB IL1RAPL2",-0.151402835107027,0.470158719198206,1.87641785566955,0.172599714905565,0.477659676134007,0.477659676134007,"social_isolation_avg"
"13793","UBR1","Exc L4-5 RORB IL1RAPL2",0.0436508892118059,7.0811977136971,9.02405067570272,0.00307922576127959,0.0487956705436944,0.0487956705436944,"social_isolation_avg"
"13794","AC068724.3","Exc L4-5 RORB IL1RAPL2",0.0612807141959554,4.10853805215707,2.53635418083054,0.113161891371667,0.388509346839193,0.388509346839193,"social_isolation_avg"
"13795","TMEM62","Exc L4-5 RORB IL1RAPL2",0.0813265900329776,5.51628401708466,12.5849033505458,0.000506270484824503,0.0152534137633192,0.0152534137633192,"social_isolation_avg"
"13796","CCNDBP1","Exc L4-5 RORB IL1RAPL2",-0.00569724562868442,4.78341289479353,0.0297729315965457,0.863217545249764,0.965740698866505,0.965740698866505,"social_isolation_avg"
"13797","LCMT2","Exc L4-5 RORB IL1RAPL2",-0.0074692973488495,1.77808522194149,0.0139385677185023,0.906162103495957,0.979091433403032,0.979091433403032,"social_isolation_avg"
"13798","ADAL","Exc L4-5 RORB IL1RAPL2",0.0396587678701732,4.58929925684716,1.13540723762771,0.288178849370715,0.619609874785976,0.619609874785976,"social_isolation_avg"
"13799","ZSCAN29","Exc L4-5 RORB IL1RAPL2",-0.0337758831295,2.75906963530665,0.538497424546702,0.464095677307216,0.760831680304489,0.760831680304489,"social_isolation_avg"
"13800","TUBGCP4","Exc L4-5 RORB IL1RAPL2",-0.0156832588691213,4.71642580449466,0.388162325023065,0.534125589697481,0.809661134647175,0.809661134647175,"social_isolation_avg"
"13801","TP53BP1","Exc L4-5 RORB IL1RAPL2",0.0175793818832774,6.28848364576412,1.06089211809278,0.304516556202053,0.63549647050488,0.63549647050488,"social_isolation_avg"
"13802","MAP1A","Exc L4-5 RORB IL1RAPL2",-0.0645305301751823,7.18494246021617,3.016112491367,0.0843038541903769,0.334055125682957,0.334055125682957,"social_isolation_avg"
"13803","PPIP5K1","Exc L4-5 RORB IL1RAPL2",0.0629335445060736,6.67014447321769,11.2736938438577,0.000975699723644345,0.0233390827700059,0.0233390827700059,"social_isolation_avg"
"13804","CKMT1B","Exc L4-5 RORB IL1RAPL2",0.076491830295159,5.34627795547481,3.64317562636588,0.058032353335258,0.273686479924331,0.273686479924331,"social_isolation_avg"
"13805","STRC","Exc L4-5 RORB IL1RAPL2",0.169020304333471,3.26912566852024,9.97152366300716,0.00189018774952161,0.0360437684270968,0.0360437684270968,"social_isolation_avg"
"13806","AC011330.3","Exc L4-5 RORB IL1RAPL2",0.127796515936052,5.85572870109505,19.1104160740226,2.17453494170549e-05,0.00228579864622276,0.00228579864622276,"social_isolation_avg"
"13807","CATSPER2","Exc L4-5 RORB IL1RAPL2",0.0685255505749837,7.47243552738696,7.68390380906145,0.0062109451303012,0.074899485538833,0.074899485538833,"social_isolation_avg"
"13808","CKMT1A","Exc L4-5 RORB IL1RAPL2",0.00986884416221844,4.17873559467783,0.0704310989943025,0.791040815921254,0.941038251380201,0.941038251380201,"social_isolation_avg"
"13809","PDIA3","Exc L4-5 RORB IL1RAPL2",-0.0607228924107087,5.22935112102574,5.23885871036751,0.0233535088212334,0.162472794287993,0.162472794287993,"social_isolation_avg"
"13810","AC018512.1","Exc L4-5 RORB IL1RAPL2",-0.00531447352422067,0.689720646382999,0.00263900234020157,0.959091743006649,0.991692161835554,0.991692161835554,"social_isolation_avg"
"13811","SERF2","Exc L4-5 RORB IL1RAPL2",-0.161263515615489,5.4704064460467,18.2847034455815,3.20807843692061e-05,0.00287661917354719,0.00287661917354719,"social_isolation_avg"
"13812","HYPK","Exc L4-5 RORB IL1RAPL2",0.10716351029837,0.516683814973655,1.09097604662206,0.297780131934458,0.628717106112126,0.628717106112126,"social_isolation_avg"
"13813","MFAP1","Exc L4-5 RORB IL1RAPL2",-0.0398862821663411,4.09785991178912,1.87305589998738,0.172982648586192,0.478090080908464,0.478090080908464,"social_isolation_avg"
"13814","WDR76","Exc L4-5 RORB IL1RAPL2",0.0660134639516305,2.70283036334711,2.59884397806512,0.108849384893919,0.381638641146033,0.381638641146033,"social_isolation_avg"
"13815","FRMD5","Exc L4-5 RORB IL1RAPL2",0.0124451144296034,7.92446436529027,0.133346562959645,0.715453948391204,0.906943848411394,0.906943848411394,"social_isolation_avg"
"13816","CASC4","Exc L4-5 RORB IL1RAPL2",0.0722117357563661,7.72922154121998,25.7823406620433,1.02134530134728e-06,0.000369269884258598,0.000369269884258598,"social_isolation_avg"
"13817","AC025043.1","Exc L4-5 RORB IL1RAPL2",0.105565294610782,3.85526912243409,3.62339483574281,0.0587103333232587,0.275133897037881,0.275133897037881,"social_isolation_avg"
"13818","CTDSPL2","Exc L4-5 RORB IL1RAPL2",0.0421631239626544,6.07254620824592,6.09323857743204,0.0145876256167183,0.122400205895312,0.122400205895312,"social_isolation_avg"
"13819","EIF3J-DT","Exc L4-5 RORB IL1RAPL2",-0.0617677011346727,4.21379337181012,3.62850544501059,0.0585343587787658,0.275018199039627,0.275018199039627,"social_isolation_avg"
"13820","EIF3J","Exc L4-5 RORB IL1RAPL2",0.0052358093782056,5.19843091456662,0.0411791379068352,0.83944210448135,0.95839826385881,0.95839826385881,"social_isolation_avg"
"13821","SPG11","Exc L4-5 RORB IL1RAPL2",-0.00292725661013676,6.51766403889662,0.0327411476012092,0.856632297604882,0.963659272061625,0.963659272061625,"social_isolation_avg"
"13822","PATL2","Exc L4-5 RORB IL1RAPL2",-0.0685500449613687,-0.89333439386448,0.0632324627386363,0.8017703210646,0.944878266659587,0.944878266659587,"social_isolation_avg"
"13823","B2M","Exc L4-5 RORB IL1RAPL2",-0.174389843147668,3.08101420200457,1.31889457316294,0.252449752585762,0.58010708873879,0.58010708873879,"social_isolation_avg"
"13824","TRIM69","Exc L4-5 RORB IL1RAPL2",0.0248915282134819,5.37764990753494,0.42571370831676,0.515006030443363,0.797573196943938,0.797573196943938,"social_isolation_avg"
"13825","SORD","Exc L4-5 RORB IL1RAPL2",0.0242348075259221,3.5272838530233,0.38384402461864,0.536406165776085,0.810585501369643,0.810585501369643,"social_isolation_avg"
"13826","DUOXA1","Exc L4-5 RORB IL1RAPL2",0.0350256622518522,0.559846653370232,0.0941007056111604,0.759413369258142,0.927350138081951,0.927350138081951,"social_isolation_avg"
"13827","DUOX1","Exc L4-5 RORB IL1RAPL2",0.0592517160137511,2.91026722735751,1.07209642626914,0.301984792159895,0.633184203508131,0.633184203508131,"social_isolation_avg"
"13828","SHF","Exc L4-5 RORB IL1RAPL2",0.0177384304837133,4.12279578622319,0.179068192210295,0.672725289194815,0.884670224969078,0.884670224969078,"social_isolation_avg"
"13829","AC051619.4","Exc L4-5 RORB IL1RAPL2",-0.0898552668375052,2.05463140257427,1.37119276716796,0.243292342475291,0.568032380549725,0.568032380549725,"social_isolation_avg"
"13830","AC051619.5","Exc L4-5 RORB IL1RAPL2",0.116196194821311,2.73269166241209,0.805690743710036,0.370702871505496,0.688793808768762,0.688793808768762,"social_isolation_avg"
"13831","SLC28A2","Exc L4-5 RORB IL1RAPL2",0.0288455001425646,0.0831773330700596,0.0345115529124213,0.852850665603264,0.962298732415729,0.962298732415729,"social_isolation_avg"
"13832","GATM","Exc L4-5 RORB IL1RAPL2",-0.0546162566898812,3.167802348543,1.71072715368559,0.192707082704109,0.504456379613232,0.504456379613232,"social_isolation_avg"
"13833","AC025580.3","Exc L4-5 RORB IL1RAPL2",0.0218929969143376,1.57097235669827,0.0691145118497711,0.792957830427565,0.942138468415696,0.942138468415696,"social_isolation_avg"
"13834","SPATA5L1","Exc L4-5 RORB IL1RAPL2",-0.0497829545828745,3.79528289468504,2.63695119277176,0.106309162639381,0.377027219903409,0.377027219903409,"social_isolation_avg"
"13835","AC025580.2","Exc L4-5 RORB IL1RAPL2",0.067128422737381,1.85513312982236,0.983076452020703,0.822788122526162,0.953227927203764,0.953227927203764,"social_isolation_avg"
"13836","SLC30A4","Exc L4-5 RORB IL1RAPL2",0.000389444271073603,4.24966342693736,0.000160095995629494,0.990311415908652,0.998822911403646,0.998822911403646,"social_isolation_avg"
"13837","AC090527.2","Exc L4-5 RORB IL1RAPL2",0.02614470188398,1.03589094744415,0.074651448758475,0.785021967620197,0.938293153466554,0.938293153466554,"social_isolation_avg"
"13838","SQOR","Exc L4-5 RORB IL1RAPL2",-0.25156815549785,-0.340336880906683,3.15868285327094,0.0773630380499757,0.319255407403182,0.319255407403182,"social_isolation_avg"
"13839","AC068722.1","Exc L4-5 RORB IL1RAPL2",-0.0925881371505732,2.3680369770168,1.15118905604634,0.284864257519452,0.616056233216607,0.616056233216607,"social_isolation_avg"
"13840","AC073941.1","Exc L4-5 RORB IL1RAPL2",0.124777310919492,0.0392557219173193,0.638931711554353,0.425245019510067,0.731393601868011,0.731393601868011,"social_isolation_avg"
"13841","SEMA6D","Exc L4-5 RORB IL1RAPL2",-0.0881660011858985,6.18118574845858,1.46672442836757,0.227591866513826,0.549268584988278,0.549268584988278,"social_isolation_avg"
"13842","AC023905.1","Exc L4-5 RORB IL1RAPL2",-0.117909246207496,0.348451195737419,0.726218228089947,0.395344765985236,0.710017757936513,0.710017757936513,"social_isolation_avg"
"13843","AC092078.2","Exc L4-5 RORB IL1RAPL2",0.171115408244356,-0.302779309020472,1.44842197362171,0.230502088067294,0.552556696860669,0.552556696860669,"social_isolation_avg"
"13844","SLC24A5","Exc L4-5 RORB IL1RAPL2",-0.021389164168503,1.24711680393392,0.0630525458995514,0.802046615870643,0.945011595334674,0.945011595334674,"social_isolation_avg"
"13845","MYEF2","Exc L4-5 RORB IL1RAPL2",0.048269420930141,6.70141952557319,6.90732474528445,0.00939298822643474,0.0953970640001995,0.0953970640001995,"social_isolation_avg"
"13846","SLC12A1","Exc L4-5 RORB IL1RAPL2",0.0991069202139971,3.04299540711039,3.77801594573898,0.0536284511848915,0.262686112947481,0.262686112947481,"social_isolation_avg"
"13847","AC066612.1","Exc L4-5 RORB IL1RAPL2",-0.00621323576589131,0.992923275467153,0.00477336575508094,0.969579466175128,0.994558230609734,0.994558230609734,"social_isolation_avg"
"13848","AC023355.1","Exc L4-5 RORB IL1RAPL2",0.217453739931165,1.26249646335232,8.12343643770527,0.00492635231020016,0.0648733201929992,0.0648733201929992,"social_isolation_avg"
"13849","DUT","Exc L4-5 RORB IL1RAPL2",-0.0302685298169006,5.51181849217641,1.90555569435411,0.169321663154321,0.473715095156426,0.473715095156426,"social_isolation_avg"
"13850","FBN1","Exc L4-5 RORB IL1RAPL2",0.050408998545166,7.23667750609306,7.41867249108486,0.00714888127761754,0.0813862711515051,0.0813862711515051,"social_isolation_avg"
"13851","AC084757.3","Exc L4-5 RORB IL1RAPL2",0.122482246048415,-0.342928284844074,0.651295642785361,0.420809528595751,0.727667038787782,0.727667038787782,"social_isolation_avg"
"13852","CEP152","Exc L4-5 RORB IL1RAPL2",-0.00631528003460051,3.8742354869395,0.0198388351510869,0.888159625379118,0.974102504307964,0.974102504307964,"social_isolation_avg"
"13853","SHC4","Exc L4-5 RORB IL1RAPL2",-0.0591040004780865,1.62162075278302,0.356185033451564,0.551449184245451,0.817837436518904,0.817837436518904,"social_isolation_avg"
"13854","EID1","Exc L4-5 RORB IL1RAPL2",-0.109656183252363,7.00100834775773,15.7108121983264,0.000109618193318621,0.00608236315478483,0.00608236315478483,"social_isolation_avg"
"13855","SECISBP2L","Exc L4-5 RORB IL1RAPL2",0.022636885144641,6.96058470464644,2.24508739663343,0.135946619655261,0.424760285305457,0.424760285305457,"social_isolation_avg"
"13856","COPS2","Exc L4-5 RORB IL1RAPL2",-0.0190115323452956,5.57838070267915,1.3373781661786,0.356654868572176,0.676804461179405,0.676804461179405,"social_isolation_avg"
"13857","GALK2","Exc L4-5 RORB IL1RAPL2",0.0147424770613818,6.44699874278669,0.850853144707303,0.357655513340312,0.677632398818019,0.677632398818019,"social_isolation_avg"
"13858","FAM227B","Exc L4-5 RORB IL1RAPL2",-0.00350149680319112,3.44106569489785,0.00420945029857642,0.948347722637691,0.988740948001749,0.988740948001749,"social_isolation_avg"
"13859","FGF7","Exc L4-5 RORB IL1RAPL2",-0.108096253965112,2.36478732547923,2.3412324366828,0.127901324588818,0.411638197405175,0.411638197405175,"social_isolation_avg"
"13860","DTWD1","Exc L4-5 RORB IL1RAPL2",0.0297792763314823,5.69224593481957,1.49298098505568,0.223494149492552,0.544799381931021,0.544799381931021,"social_isolation_avg"
"13861","ATP8B4","Exc L4-5 RORB IL1RAPL2",0.00579798031303177,4.24205962649416,0.0157746794278408,0.900203335150773,0.97797533648335,0.97797533648335,"social_isolation_avg"
"13862","SLC27A2","Exc L4-5 RORB IL1RAPL2",0.100669461288096,3.15131399780994,4.17007908918004,0.0427329882387548,0.230738120771083,0.230738120771083,"social_isolation_avg"
"13863","GABPB1","Exc L4-5 RORB IL1RAPL2",-0.0345716331950536,5.15639563781842,2.2562068742202,0.139658414688432,0.432059657344641,0.432059657344641,"social_isolation_avg"
"13864","GABPB1-AS1","Exc L4-5 RORB IL1RAPL2",-0.0272165241675847,6.08384612448542,0.184769477628254,0.667865896641904,0.883067130004296,0.883067130004296,"social_isolation_avg"
"13865","USP8","Exc L4-5 RORB IL1RAPL2",0.0721150869622257,6.19421652189202,19.5815296078268,1.7437679301805e-05,0.00197567862317037,0.00197567862317037,"social_isolation_avg"
"13866","USP50","Exc L4-5 RORB IL1RAPL2",0.0265330644267455,1.01773091410761,0.1032356129022,0.748386692032883,0.922189814389722,0.922189814389722,"social_isolation_avg"
"13867","TRPM7","Exc L4-5 RORB IL1RAPL2",0.0451466079448753,7.01492997452561,8.59414872856461,0.00385052931737147,0.0558726261509411,0.0558726261509411,"social_isolation_avg"
"13868","AC084756.1","Exc L4-5 RORB IL1RAPL2",0.230322117030976,0.0461306622717575,3.16851418730136,0.0769078575444808,0.318604497752418,0.318604497752418,"social_isolation_avg"
"13869","SPPL2A","Exc L4-5 RORB IL1RAPL2",0.0683880322054192,5.8899244174978,11.4295661557854,0.000902050384948375,0.022137088629842,0.022137088629842,"social_isolation_avg"
"13870","AC021752.1","Exc L4-5 RORB IL1RAPL2",0.0245732843796219,4.05727814972261,0.227172483822921,0.634257821496123,0.865213230650161,0.865213230650161,"social_isolation_avg"
"13871","AP4E1","Exc L4-5 RORB IL1RAPL2",0.0203746902403986,5.11992976211269,0.883619167337467,0.348583956294093,0.670825573336101,0.670825573336101,"social_isolation_avg"
"13872","MIR4713HG","Exc L4-5 RORB IL1RAPL2",0.190432063512916,2.12210681766206,7.35072650682472,0.007411912094428,0.0834698492909364,0.0834698492909364,"social_isolation_avg"
"13873","TNFAIP8L3","Exc L4-5 RORB IL1RAPL2",-0.07961915376938,3.42665776762168,2.54833918860224,0.112320302256616,0.387176614865628,0.387176614865628,"social_isolation_avg"
"13874","GLDN","Exc L4-5 RORB IL1RAPL2",0.0112439105490572,5.22283121786045,0.0636481728613252,0.801133517930386,0.94461564733351,0.94461564733351,"social_isolation_avg"
"13875","AC066613.2","Exc L4-5 RORB IL1RAPL2",0.0843021532883659,2.75780427180764,1.70765540884597,0.193104978106965,0.505127247451777,0.505127247451777,"social_isolation_avg"
"13876","DMXL2","Exc L4-5 RORB IL1RAPL2",0.00223173634263854,7.43742189622161,0.0210254508562079,0.884886298047232,0.97365717473683,0.97365717473683,"social_isolation_avg"
"13877","SCG3","Exc L4-5 RORB IL1RAPL2",-0.0751246909473788,6.34551079729074,6.38132594825338,0.0124728748673636,0.11163636015392,0.11163636015392,"social_isolation_avg"
"13878","AC020892.1","Exc L4-5 RORB IL1RAPL2",-0.112784207351091,-0.357264856477097,0.620268758924394,0.432075290304687,0.737197543272387,0.737197543272387,"social_isolation_avg"
"13879","AC020892.2","Exc L4-5 RORB IL1RAPL2",0.0787546783909026,1.41257709376916,1.04535472456567,0.308073371965662,0.638101398025429,0.638101398025429,"social_isolation_avg"
"13880","LYSMD2","Exc L4-5 RORB IL1RAPL2",-0.0534469721925815,5.1396841582676,5.68357675197808,0.0182580513936906,0.141254376538315,0.141254376538315,"social_isolation_avg"
"13881","TMOD2","Exc L4-5 RORB IL1RAPL2",-0.0127722522406811,7.9227341870094,0.888985917874683,0.347128264820856,0.669771111398269,0.669771111398269,"social_isolation_avg"
"13882","TMOD3","Exc L4-5 RORB IL1RAPL2",0.0316124147377556,6.05320536426844,2.21783332540828,0.138329886420491,0.429635551700936,0.429635551700936,"social_isolation_avg"
"13883","AC090971.2","Exc L4-5 RORB IL1RAPL2",0.126124172177668,1.29203681386448,2.15858990185604,0.143675366284686,0.438063370027364,0.438063370027364,"social_isolation_avg"
"13884","LEO1","Exc L4-5 RORB IL1RAPL2",-0.00371335887686118,4.48605383290128,0.0180969802901112,0.893151089853465,0.975474727711369,0.975474727711369,"social_isolation_avg"
"13885","MAPK6","Exc L4-5 RORB IL1RAPL2",-0.0183421269744986,5.61532996447603,0.77856445455378,0.378861894351419,0.697265891529238,0.697265891529238,"social_isolation_avg"
"13886","AC090970.2","Exc L4-5 RORB IL1RAPL2",-0.146033629576185,-0.239175211854181,0.899401767576274,0.344326603709517,0.667042456106049,0.667042456106049,"social_isolation_avg"
"13887","AC023906.5","Exc L4-5 RORB IL1RAPL2",0.347028758819287,-0.129995559770828,6.51744362203605,0.0115869999922406,0.107311613731368,0.107311613731368,"social_isolation_avg"
"13888","BCL2L10","Exc L4-5 RORB IL1RAPL2",0.0893197794552235,-0.175200433376081,0.428812041790577,0.513482626913369,0.796553523866662,0.796553523866662,"social_isolation_avg"
"13889","GNB5","Exc L4-5 RORB IL1RAPL2",-0.0298046211368988,7.28258345186254,3.26234522039514,0.0727068393636159,0.308934674960471,0.308934674960471,"social_isolation_avg"
"13890","AC023906.3","Exc L4-5 RORB IL1RAPL2",-0.121108238801435,2.02194049822162,2.96261618854682,0.0870809378983087,0.340403846804227,0.340403846804227,"social_isolation_avg"
"13891","AC023906.4","Exc L4-5 RORB IL1RAPL2",-0.0308806547168701,2.03875552983146,0.153391486957639,0.695819613823106,0.896746829802588,0.896746829802588,"social_isolation_avg"
"13892","CERNA1","Exc L4-5 RORB IL1RAPL2",-0.0414109158685586,2.78256573232324,0.556803698299951,0.456610860339095,0.754610366711156,0.754610366711156,"social_isolation_avg"
"13893","MYO5C","Exc L4-5 RORB IL1RAPL2",0.0253869917016826,5.5350455459377,0.714283629616876,0.399247064003105,0.712857761442178,0.712857761442178,"social_isolation_avg"
"13894","MYO5A","Exc L4-5 RORB IL1RAPL2",-0.00879460136313234,8.77043817648304,0.478081312210942,0.49026265346162,0.780776748062512,0.780776748062512,"social_isolation_avg"
"13895","ARPP19","Exc L4-5 RORB IL1RAPL2",-0.107095701978614,7.23502836039851,9.73506419948615,0.00213377958310779,0.039042336441565,0.039042336441565,"social_isolation_avg"
"13896","AC025917.1","Exc L4-5 RORB IL1RAPL2",0.117511878675694,0.470308555377242,1.48080101359667,0.225383824408153,0.546869369277591,0.546869369277591,"social_isolation_avg"
"13897","FAM214A","Exc L4-5 RORB IL1RAPL2",0.036937507428815,6.52171348608029,4.07039561210465,0.045258868990773,0.238402856395996,0.238402856395996,"social_isolation_avg"
"13898","ONECUT1","Exc L4-5 RORB IL1RAPL2",-0.161355653851015,2.30580138138026,0.962920474653683,0.327886223118016,0.653764769231232,0.653764769231232,"social_isolation_avg"
"13899","WDR72","Exc L4-5 RORB IL1RAPL2",0.141564821282702,-0.0316067016374359,1.37670327304112,0.242351435418629,0.566814772503818,0.566814772503818,"social_isolation_avg"
"13900","UNC13C","Exc L4-5 RORB IL1RAPL2",0.0262733713182938,8.20980651853504,0.933450449379444,0.335379345919225,0.659980510050719,0.659980510050719,"social_isolation_avg"
"13901","AC025272.1","Exc L4-5 RORB IL1RAPL2",-0.0455229054341186,-0.17434439282568,0.0882912156171567,0.766733937575791,0.930673154396775,0.930673154396775,"social_isolation_avg"
"13902","RSL24D1","Exc L4-5 RORB IL1RAPL2",-0.0753307501661611,4.43013228870435,7.47977420647624,0.00692057835602792,0.0800882342962718,0.0800882342962718,"social_isolation_avg"
"13903","RAB27A","Exc L4-5 RORB IL1RAPL2",0.063772035422977,4.35107188811606,1.42941529675533,0.233572243827443,0.556325982554559,0.556325982554559,"social_isolation_avg"
"13904","PIGB","Exc L4-5 RORB IL1RAPL2",0.0077100579684367,4.27923272643716,0.0876248142296844,0.767590269159077,0.930998428381981,0.930998428381981,"social_isolation_avg"
"13905","CCPG1","Exc L4-5 RORB IL1RAPL2",0.0355300223752488,7.5799427151163,2.66670700267271,0.104371234141713,0.373871259274216,0.373871259274216,"social_isolation_avg"
"13906","C15orf65","Exc L4-5 RORB IL1RAPL2",-0.0746821526993598,1.64320418624375,1.07999137989186,0.339901829332952,0.663429184321104,0.663429184321104,"social_isolation_avg"
"13907","DNAAF4","Exc L4-5 RORB IL1RAPL2",0.00778062402229776,4.87806536211599,0.0542737784263365,0.8160749984752,0.951599926146172,0.951599926146172,"social_isolation_avg"
"13908","NEDD4","Exc L4-5 RORB IL1RAPL2",0.0438867602341601,3.1362144566381,0.679677462455151,0.41088585982509,0.721250993871109,0.721250993871109,"social_isolation_avg"
"13909","RFX7","Exc L4-5 RORB IL1RAPL2",0.0257496268056347,7.39342277580598,2.4511991351661,0.119347540530106,0.397758197313849,0.397758197313849,"social_isolation_avg"
"13910","TEX9","Exc L4-5 RORB IL1RAPL2",0.0409685255451443,3.8809530839227,0.878796623765309,0.3498991592862,0.671240189886869,0.671240189886869,"social_isolation_avg"
"13911","AC084782.1","Exc L4-5 RORB IL1RAPL2",0.142563215936044,1.32318215815285,3.55288374649865,0.0611970946388167,0.281283845716748,0.281283845716748,"social_isolation_avg"
"13912","AC084782.2","Exc L4-5 RORB IL1RAPL2",0.0666676170806463,0.42353034981013,0.388768789300178,0.537223063860099,0.810815358762785,0.810815358762785,"social_isolation_avg"
"13913","MNS1","Exc L4-5 RORB IL1RAPL2",0.0870725858338769,4.9395674633667,7.48249343213056,0.00691059482748338,0.0800216430421133,0.0800216430421133,"social_isolation_avg"
"13914","AC090518.1","Exc L4-5 RORB IL1RAPL2",0.111174739198339,3.79270081733948,4.85866425378258,0.0288892871949126,0.183674127357171,0.183674127357171,"social_isolation_avg"
"13915","ZNF280D","Exc L4-5 RORB IL1RAPL2",-0.0284339302317856,6.02678391769189,1.7892189289962,0.182858868938851,0.489443013041731,0.489443013041731,"social_isolation_avg"
"13916","AC090517.4","Exc L4-5 RORB IL1RAPL2",-0.013930946425859,5.51689247561277,0.234323452401396,0.628977137465642,0.862347234873197,0.862347234873197,"social_isolation_avg"
"13917","TCF12","Exc L4-5 RORB IL1RAPL2",0.0137738022764847,6.45191785959161,0.308611536268084,0.579284536128199,0.835791950606853,0.835791950606853,"social_isolation_avg"
"13918","LINC00926","Exc L4-5 RORB IL1RAPL2",0.201416140737572,0.206912175416216,2.85200536765466,0.0931455667240172,0.353458655010957,0.353458655010957,"social_isolation_avg"
"13919","POLR2M","Exc L4-5 RORB IL1RAPL2",-0.00443500757408627,3.74666867962218,0.0182329575814786,0.940227241212574,0.98787472417403,0.98787472417403,"social_isolation_avg"
"13920","ALDH1A2","Exc L4-5 RORB IL1RAPL2",-0.0493836140491728,6.22089267995439,0.885278542205537,0.348132974469779,0.670539624551529,0.670539624551529,"social_isolation_avg"
"13921","AQP9","Exc L4-5 RORB IL1RAPL2",-0.0150720027758464,1.86868146726046,0.038237539975614,0.845207094304025,0.961414177667816,0.961414177667816,"social_isolation_avg"
"13922","ADAM10","Exc L4-5 RORB IL1RAPL2",-0.0133172589875479,6.64510462614588,0.761134078564712,0.814523341619973,0.951370848180313,0.951370848180313,"social_isolation_avg"
"13923","MINDY2","Exc L4-5 RORB IL1RAPL2",-0.0122947359202197,6.40269145237962,0.493048978751075,0.483557940605236,0.775372863914549,0.775372863914549,"social_isolation_avg"
"13924","RNF111","Exc L4-5 RORB IL1RAPL2",0.0349989908601556,6.49698556788672,4.3030274673335,0.0395946586234279,0.220798861129938,0.220798861129938,"social_isolation_avg"
"13925","SLTM","Exc L4-5 RORB IL1RAPL2",0.00192685525734621,6.41665458173559,0.0106310574827677,0.918003017796083,0.9830198062462,0.9830198062462,"social_isolation_avg"
"13926","CCNB2","Exc L4-5 RORB IL1RAPL2",-0.246144800834368,-0.0851417288982411,4.22229508863074,0.0414700307169698,0.226778743120169,0.226778743120169,"social_isolation_avg"
"13927","MYO1E","Exc L4-5 RORB IL1RAPL2",-0.203850225316502,2.97741778328592,2.19029500030319,0.140786106590314,0.433952334411728,0.433952334411728,"social_isolation_avg"
"13928","FAM81A","Exc L4-5 RORB IL1RAPL2",-0.0184232924928435,6.55389691713191,0.38438141109158,0.536121395680237,0.810585501369643,0.810585501369643,"social_isolation_avg"
"13929","GTF2A2","Exc L4-5 RORB IL1RAPL2",-0.0117640400726134,4.57260895234646,0.202502032644849,0.945927122407258,0.988451266530498,0.988451266530498,"social_isolation_avg"
"13930","BNIP2","Exc L4-5 RORB IL1RAPL2",0.0715709135764371,4.0867256344161,5.74502604725553,0.0176512400333814,0.138540596254373,0.138540596254373,"social_isolation_avg"
"13931","ICE2","Exc L4-5 RORB IL1RAPL2",0.0223472743319669,5.45217869632936,1.24481328402257,0.266164783780468,0.596343542744815,0.596343542744815,"social_isolation_avg"
"13932","RORA-AS1","Exc L4-5 RORB IL1RAPL2",0.0345950087439252,4.00459860454036,0.777040297732045,0.379327831616,0.697579643788309,0.697579643788309,"social_isolation_avg"
"13933","RORA","Exc L4-5 RORB IL1RAPL2",0.0618847579685666,10.9575857097086,10.1301438935071,0.00174292551846363,0.0342805548179318,0.0342805548179318,"social_isolation_avg"
"13934","AC012404.1","Exc L4-5 RORB IL1RAPL2",0.00615633624907311,4.60357970171637,0.0135570451827772,0.907449356867561,0.979320338732308,0.979320338732308,"social_isolation_avg"
"13935","AC104574.2","Exc L4-5 RORB IL1RAPL2",0.0966691081433353,1.6876439731527,1.14455047774859,0.286252562882467,0.617299377968904,0.617299377968904,"social_isolation_avg"
"13936","AC018618.1","Exc L4-5 RORB IL1RAPL2",0.310130282375177,0.124117044320918,6.2304757419857,0.0135372556157336,0.117273898793766,0.117273898793766,"social_isolation_avg"
"13937","AC009554.1","Exc L4-5 RORB IL1RAPL2",-0.0137369792386139,3.18307883734609,0.0785053080987661,0.779683621697871,0.936318841604764,0.936318841604764,"social_isolation_avg"
"13938","VPS13C","Exc L4-5 RORB IL1RAPL2",0.03335928684142,7.57556085617967,4.69790190687255,0.0316303117455548,0.194502787078683,0.194502787078683,"social_isolation_avg"
"13939","AC104590.1","Exc L4-5 RORB IL1RAPL2",-0.177109938337471,-0.515221467904915,0.984635779628799,0.322507314781486,0.649689484947856,0.649689484947856,"social_isolation_avg"
"13940","AC032011.1","Exc L4-5 RORB IL1RAPL2",0.0868863018574711,-0.211882781046873,0.327107213081323,0.568144410213316,0.828377929078073,0.828377929078073,"social_isolation_avg"
"13941","TLN2","Exc L4-5 RORB IL1RAPL2",-0.0295873235766556,8.32774391488397,3.62292740266448,0.0587264568379451,0.275133897037881,0.275133897037881,"social_isolation_avg"
"13942","AC100839.1","Exc L4-5 RORB IL1RAPL2",-0.195232655272338,0.307714390959273,2.24450657147301,0.135996924495558,0.424760285305457,0.424760285305457,"social_isolation_avg"
"13943","AC100839.2","Exc L4-5 RORB IL1RAPL2",-0.0703208522595654,1.06762923187756,0.471042607791835,0.49346950572445,0.78253680561159,0.78253680561159,"social_isolation_avg"
"13944","AC103740.1","Exc L4-5 RORB IL1RAPL2",0.0323727761157084,0.423264107321183,0.0911096343828333,0.763150622294262,0.929286899099656,0.929286899099656,"social_isolation_avg"
"13945","TPM1","Exc L4-5 RORB IL1RAPL2",-0.0342493991799912,5.78991660039348,2.3678871404265,0.125766659864983,0.408660651091422,0.408660651091422,"social_isolation_avg"
"13946","LACTB","Exc L4-5 RORB IL1RAPL2",0.0378748485610424,3.94909825523825,1.24905053935387,0.426554195518806,0.732871646492618,0.732871646492618,"social_isolation_avg"
"13947","RPS27L","Exc L4-5 RORB IL1RAPL2",-0.019519349619458,4.44907670237481,0.34687459933334,0.556691706164376,0.821004580462381,0.821004580462381,"social_isolation_avg"
"13948","RAB8B","Exc L4-5 RORB IL1RAPL2",-0.00279812742557981,4.88396095521321,0.014437751672478,0.904504546959704,0.978397583639639,0.978397583639639,"social_isolation_avg"
"13949","APH1B","Exc L4-5 RORB IL1RAPL2",0.0337599152970849,4.71496050994393,1.12019164917748,0.291421409449016,0.62276761782074,0.62276761782074,"social_isolation_avg"
"13950","CA12","Exc L4-5 RORB IL1RAPL2",-0.100920105508341,0.0760304813317469,0.326046944412059,0.568771605150213,0.828869629663832,0.828869629663832,"social_isolation_avg"
"13951","USP3","Exc L4-5 RORB IL1RAPL2",0.176494986532022,3.78245189809763,4.42360682289106,0.036959108987769,0.212231654372558,0.212231654372558,"social_isolation_avg"
"13952","USP3-AS1","Exc L4-5 RORB IL1RAPL2",0.0557874781398612,4.69579461318203,2.50668901092662,0.115275297746916,0.392076920487038,0.392076920487038,"social_isolation_avg"
"13953","FBXL22","Exc L4-5 RORB IL1RAPL2",-0.0990933473534114,1.81036713010392,1.93953605925554,0.16558933040923,0.468888913599677,0.468888913599677,"social_isolation_avg"
"13954","HERC1","Exc L4-5 RORB IL1RAPL2",0.0304938218270444,9.26242276765429,5.23863811462977,0.0233563765373575,0.162472794287993,0.162472794287993,"social_isolation_avg"
"13955","AC073167.1","Exc L4-5 RORB IL1RAPL2",0.0527284365814453,4.07927450475378,0.899041706114145,0.344422938702995,0.66709247857502,0.66709247857502,"social_isolation_avg"
"13956","DAPK2","Exc L4-5 RORB IL1RAPL2",0.0603699576774209,5.6438373034686,2.22126037339157,0.138027624307131,0.429119401826361,0.429119401826361,"social_isolation_avg"
"13957","AC015914.1","Exc L4-5 RORB IL1RAPL2",-0.168497035542308,0.376429272639405,1.93954560389189,0.165588295467586,0.468888913599677,0.468888913599677,"social_isolation_avg"
"13958","FAM96A","Exc L4-5 RORB IL1RAPL2",0.0551694119663884,3.81936429355316,3.36563494187498,0.0683676492874669,0.299016735457877,0.299016735457877,"social_isolation_avg"
"13959","SNX1","Exc L4-5 RORB IL1RAPL2",0.013403195513266,5.72429105226985,0.657150647715841,0.418733280907727,0.726315771092098,0.726315771092098,"social_isolation_avg"
"13960","PPIB","Exc L4-5 RORB IL1RAPL2",-0.0888027321225001,3.68856542663042,5.7825814646242,0.017290769301362,0.136259327759713,0.136259327759713,"social_isolation_avg"
"13961","CSNK1G1","Exc L4-5 RORB IL1RAPL2",-0.0233532561194074,4.36277582170772,0.715966579854775,0.398693403300406,0.712557416780118,0.712557416780118,"social_isolation_avg"
"13962","TRIP4","Exc L4-5 RORB IL1RAPL2",0.0849669052825904,5.31995130206271,14.6370092818871,0.000184492406720512,0.00831138292275907,0.00831138292275907,"social_isolation_avg"
"13963","ZNF609","Exc L4-5 RORB IL1RAPL2",0.0587243579150815,7.48490496491877,12.7041098548525,0.00047717030230133,0.0146567196263693,0.0146567196263693,"social_isolation_avg"
"13964","OAZ2","Exc L4-5 RORB IL1RAPL2",-0.0859264022173192,5.02423125190746,14.4265558643922,0.000204431065522361,0.00889204641551402,0.00889204641551402,"social_isolation_avg"
"13965","AC100830.1","Exc L4-5 RORB IL1RAPL2",0.0810044303578137,0.759514597391828,0.703911889681802,0.402684049810437,0.714890647963322,0.714890647963322,"social_isolation_avg"
"13966","PIF1","Exc L4-5 RORB IL1RAPL2",-0.0820257956027786,1.99385690264165,1.21146471750103,0.272642491413525,0.602085501871534,0.602085501871534,"social_isolation_avg"
"13967","AC069368.1","Exc L4-5 RORB IL1RAPL2",0.0580650135228397,0.763630448088405,0.412793933144611,0.521444940048277,0.802004528585063,0.802004528585063,"social_isolation_avg"
"13968","ANKDD1A","Exc L4-5 RORB IL1RAPL2",-0.00746412095007788,4.99113875486399,0.0626365338780126,0.802687086898984,0.945063093922373,0.945063093922373,"social_isolation_avg"
"13969","SPG21","Exc L4-5 RORB IL1RAPL2",0.0100001091673837,4.20897264674258,0.0977731083075787,0.754912674939284,0.925272055070982,0.925272055070982,"social_isolation_avg"
"13970","MTFMT","Exc L4-5 RORB IL1RAPL2",0.0834937952932394,5.60895977501555,14.2125106061269,0.00022696800074845,0.0093561253641861,0.0093561253641861,"social_isolation_avg"
"13971","AC013553.4","Exc L4-5 RORB IL1RAPL2",-0.0197567859062132,-0.212669377317418,0.0205917430167216,0.886071492209541,0.973780660163158,0.973780660163158,"social_isolation_avg"
"13972","UBAP1L","Exc L4-5 RORB IL1RAPL2",0.0550755568853545,6.38262423059867,6.31212942732028,0.0129498934099046,0.114414499822643,0.114414499822643,"social_isolation_avg"
"13973","PDCD7","Exc L4-5 RORB IL1RAPL2",0.0160006285227565,6.31045558429731,0.117885586932237,0.731775448313099,0.914042992971492,0.914042992971492,"social_isolation_avg"
"13974","CLPX","Exc L4-5 RORB IL1RAPL2",0.00595504875145321,4.84191424760368,0.0683950879377751,0.882213952871039,0.973032314766374,0.973032314766374,"social_isolation_avg"
"13975","CILP","Exc L4-5 RORB IL1RAPL2",0.172353964332597,-0.184244290175081,1.75387876543076,0.187218077333186,0.496466259292441,0.496466259292441,"social_isolation_avg"
"13976","PARP16","Exc L4-5 RORB IL1RAPL2",0.0959500986056167,4.7672128801922,17.8821675288036,3.88121871232407e-05,0.0032068357753661,0.0032068357753661,"social_isolation_avg"
"13977","IGDCC3","Exc L4-5 RORB IL1RAPL2",0.0684968285497159,4.02576060417102,2.45198801746432,0.119288534461981,0.397758197313849,0.397758197313849,"social_isolation_avg"
"13978","IGDCC4","Exc L4-5 RORB IL1RAPL2",0.086734446537942,1.93294238185536,1.38560151096554,0.240841481682674,0.565260428265153,0.565260428265153,"social_isolation_avg"
"13979","DPP8","Exc L4-5 RORB IL1RAPL2",-0.00645841980627675,6.36937159123929,0.19234680510058,0.661543197909003,0.879562845031006,0.879562845031006,"social_isolation_avg"
"13980","HACD3","Exc L4-5 RORB IL1RAPL2",-0.0376558411367147,6.42091161707073,3.90366933179889,0.0498452358250664,0.251699223665206,0.251699223665206,"social_isolation_avg"
"13981","INTS14","Exc L4-5 RORB IL1RAPL2",0.0454809832348496,3.69883482819784,1.93274719315424,0.166327352225037,0.470232654529165,0.470232654529165,"social_isolation_avg"
"13982","SLC24A1","Exc L4-5 RORB IL1RAPL2",0.133363956606931,1.29806997026431,3.29985517564599,0.0903368700838519,0.347270198873743,0.347270198873743,"social_isolation_avg"
"13983","DENND4A","Exc L4-5 RORB IL1RAPL2",0.0511954141822379,8.04420294638473,13.2750457598392,0.000359722590540183,0.0123982804839823,0.0123982804839823,"social_isolation_avg"
"13984","RAB11A","Exc L4-5 RORB IL1RAPL2",-0.0025156905021517,6.38861653275383,0.0147586911728011,0.903454172740609,0.978393297244221,0.978393297244221,"social_isolation_avg"
"13985","MEGF11","Exc L4-5 RORB IL1RAPL2",0.191567059544741,1.77869372434108,0.521912043193853,0.471048041316914,0.765695875408705,0.765695875408705,"social_isolation_avg"
"13986","AC055855.2","Exc L4-5 RORB IL1RAPL2",-0.0135705435543339,2.07310754474183,0.0571430574622259,0.811365930754575,0.949809301473961,0.949809301473961,"social_isolation_avg"
"13987","DIS3L","Exc L4-5 RORB IL1RAPL2",-0.0282438446444552,4.64390821882445,0.642032567857355,0.424126014787675,0.730531481638379,0.730531481638379,"social_isolation_avg"
"13988","AC055855.1","Exc L4-5 RORB IL1RAPL2",0.113137629625599,0.721905631387704,1.33365783821362,0.249822272135916,0.576212301284138,0.576212301284138,"social_isolation_avg"
"13989","TIPIN","Exc L4-5 RORB IL1RAPL2",0.019284679926844,4.07051388247033,0.291586114039138,0.589932641992252,0.841027389928828,0.841027389928828,"social_isolation_avg"
"13990","MAP2K1","Exc L4-5 RORB IL1RAPL2",-0.00196961499233794,6.61649043777843,0.00571107158335157,0.939851291124912,0.987830589899703,0.987830589899703,"social_isolation_avg"
"13991","AC116913.1","Exc L4-5 RORB IL1RAPL2",-0.228186494799801,0.30235106679408,3.73159042103251,0.0551029119414938,0.265940481956216,0.265940481956216,"social_isolation_avg"
"13992","SNAPC5","Exc L4-5 RORB IL1RAPL2",-0.147714489283864,3.72537485822148,18.876039988221,2.42768843824258e-05,0.00245637930160363,0.00245637930160363,"social_isolation_avg"
"13993","RPL4","Exc L4-5 RORB IL1RAPL2",-0.0363236565098604,5.70290324251781,1.23803415241915,0.267465788847004,0.597487625829299,0.597487625829299,"social_isolation_avg"
"13994","ZWILCH","Exc L4-5 RORB IL1RAPL2",0.0187984086592716,3.00708871546071,0.17944523740201,0.672401121583943,0.884557060922122,0.884557060922122,"social_isolation_avg"
"13995","AC087482.1","Exc L4-5 RORB IL1RAPL2",-0.127823251846656,0.403983131209064,1.74595527182817,0.188212069583436,0.497785933546016,0.497785933546016,"social_isolation_avg"
"13996","SMAD3","Exc L4-5 RORB IL1RAPL2",-0.0997670222400627,4.60581021525363,3.13514288144579,0.0784648470592414,0.321913602062419,0.321913602062419,"social_isolation_avg"
"13997","AAGAB","Exc L4-5 RORB IL1RAPL2",0.0513112472446908,5.59447219782274,6.74585991680359,0.0102441476813042,0.10024576101993,0.10024576101993,"social_isolation_avg"
"13998","IQCH","Exc L4-5 RORB IL1RAPL2",0.0419757691077096,4.71936953041209,1.63439123459774,0.202888891978352,0.518835075702447,0.518835075702447,"social_isolation_avg"
"13999","IQCH-AS1","Exc L4-5 RORB IL1RAPL2",0.0343102867221832,3.89753696911273,0.708310792565395,0.401221089030849,0.714065779387082,0.714065779387082,"social_isolation_avg"
"14000","C15orf61","Exc L4-5 RORB IL1RAPL2",-0.0315891056208227,4.29342024762475,0.912233690242072,0.34091715521963,0.664452995027894,0.664452995027894,"social_isolation_avg"
"14001","MAP2K5","Exc L4-5 RORB IL1RAPL2",0.0603849403770831,7.70086191136491,11.0185592065085,0.0011097823879981,0.0253869409978728,0.0253869409978728,"social_isolation_avg"
"14002","SKOR1","Exc L4-5 RORB IL1RAPL2",0.211787234380905,0.820266950314518,6.00177227756951,0.0153344657916704,0.125930306963626,0.125930306963626,"social_isolation_avg"
"14003","PIAS1","Exc L4-5 RORB IL1RAPL2",0.0168167137575301,7.41602842469045,1.33480013043556,0.249620385085227,0.576054068325111,0.576054068325111,"social_isolation_avg"
"14004","AC107871.1","Exc L4-5 RORB IL1RAPL2",-0.0226836364083509,0.705788533098821,0.0598941291579777,0.806966893397355,0.947357772364077,0.947357772364077,"social_isolation_avg"
"14005","CLN6","Exc L4-5 RORB IL1RAPL2",-0.0385373375004796,1.11984708813445,0.16938616356178,0.681191071737062,0.888638738853899,0.888638738853899,"social_isolation_avg"
"14006","AC107871.2","Exc L4-5 RORB IL1RAPL2",0.00244941982971808,0.204257289624876,0.000422905697413288,0.983617725496504,0.998104852196972,0.998104852196972,"social_isolation_avg"
"14007","FEM1B","Exc L4-5 RORB IL1RAPL2",-0.0811213047653313,6.29272438142515,12.9227736332124,0.000428149268709117,0.0138715964267897,0.0138715964267897,"social_isolation_avg"
"14008","ITGA11","Exc L4-5 RORB IL1RAPL2",-0.227244351862134,2.64697357900774,5.34024752017835,0.0220737035099791,0.156954732849423,0.156954732849423,"social_isolation_avg"
"14009","CORO2B","Exc L4-5 RORB IL1RAPL2",0.0169952381474037,7.30112230436947,1.14595122925205,0.285958910015805,0.616947381574578,0.616947381574578,"social_isolation_avg"
"14010","ANP32A","Exc L4-5 RORB IL1RAPL2",-0.00442946806604252,5.64790966575789,0.0444112794310715,0.833349852171946,0.956570292168078,0.956570292168078,"social_isolation_avg"
"14011","SPESP1","Exc L4-5 RORB IL1RAPL2",0.125519166565828,4.90448129271042,17.3498690701136,4.99764331558272e-05,0.00369376598336487,0.00369376598336487,"social_isolation_avg"
"14012","NOX5","Exc L4-5 RORB IL1RAPL2",-0.000899975591098717,3.22010511412958,5.28611344403537e-05,0.99420774575911,0.999452588532504,0.999452588532504,"social_isolation_avg"
"14013","EWSAT1","Exc L4-5 RORB IL1RAPL2",0.0280884142374879,0.322076433639392,0.0290363940978866,0.864903420668773,0.966487196177524,0.966487196177524,"social_isolation_avg"
"14014","GLCE","Exc L4-5 RORB IL1RAPL2",0.0127206424974215,4.9464450328738,0.0705255885216357,0.79090397512102,0.940998183566925,0.940998183566925,"social_isolation_avg"
"14015","AC026992.1","Exc L4-5 RORB IL1RAPL2",0.129299923243517,-0.489627456964111,0.619921316475375,0.432204024497679,0.737197543272387,0.737197543272387,"social_isolation_avg"
"14016","PAQR5","Exc L4-5 RORB IL1RAPL2",0.132267109715269,-0.0654188730916715,0.933082202409267,0.335474424086204,0.660098957792749,0.660098957792749,"social_isolation_avg"
"14017","AC027237.3","Exc L4-5 RORB IL1RAPL2",0.0623743531235251,0.297040859824894,0.262389388446912,0.609167084953592,0.851543007832393,0.851543007832393,"social_isolation_avg"
"14018","KIF23","Exc L4-5 RORB IL1RAPL2",-0.118841524746658,0.519990538045809,1.53129374418065,0.217673330398897,0.537535510895005,0.537535510895005,"social_isolation_avg"
"14019","RPLP1","Exc L4-5 RORB IL1RAPL2",-0.124625920608327,5.32681719217034,11.6530304031732,0.000806246580372556,0.0206723663422403,0.0206723663422403,"social_isolation_avg"
"14020","AC027237.2","Exc L4-5 RORB IL1RAPL2",0.101403468233512,0.202110937360914,0.903918072082239,0.362714838691113,0.682222093939267,0.682222093939267,"social_isolation_avg"
"14021","DRAIC","Exc L4-5 RORB IL1RAPL2",0.0356624913967082,4.13770174201348,0.684429019911981,0.409258491997244,0.719730451443429,0.719730451443429,"social_isolation_avg"
"14022","TLE3","Exc L4-5 RORB IL1RAPL2",-0.177220544987609,1.75576124246372,3.38109348076152,0.0677426740633553,0.297185053548051,0.297185053548051,"social_isolation_avg"
"14023","LARP6","Exc L4-5 RORB IL1RAPL2",-0.0951032147024503,4.22624242930139,7.7145528907981,0.00611106750567627,0.0743705542670576,0.0743705542670576,"social_isolation_avg"
"14024","LRRC49","Exc L4-5 RORB IL1RAPL2",0.054190445614803,6.57568500091198,10.2305000104967,0.00165587670007855,0.0331543312615728,0.0331543312615728,"social_isolation_avg"
"14025","THAP10","Exc L4-5 RORB IL1RAPL2",-0.00349164291439991,2.74155367732351,0.00436181862949321,0.947422553040476,0.988740948001749,0.988740948001749,"social_isolation_avg"
"14026","THSD4","Exc L4-5 RORB IL1RAPL2",0.0255267646222772,4.14643221169803,0.251917899302639,0.61639574593702,0.854746611446451,0.854746611446451,"social_isolation_avg"
"14027","THSD4-AS1","Exc L4-5 RORB IL1RAPL2",-0.1577733146884,4.67637220418098,13.4928297757535,0.000323105180304044,0.0115348549368544,0.0115348549368544,"social_isolation_avg"
"14028","MYO9A","Exc L4-5 RORB IL1RAPL2",0.0583950131102796,8.02491559518137,26.4670618626366,7.52022933063519e-07,0.000320101173302441,0.000320101173302441,"social_isolation_avg"
"14029","AC022872.1","Exc L4-5 RORB IL1RAPL2",-0.0265373278194146,1.9241451592761,0.163589668292269,0.686395739388193,0.891800713106091,0.891800713106091,"social_isolation_avg"
"14030","SENP8","Exc L4-5 RORB IL1RAPL2",-0.00510214300885583,3.10473695062047,0.0140431085950301,0.905812511127159,0.978916982124571,0.978916982124571,"social_isolation_avg"
"14031","AC020779.2","Exc L4-5 RORB IL1RAPL2",0.000730076095054551,0.382560621153041,3.50631600480804e-05,0.995282562014833,0.9994589795957,0.9994589795957,"social_isolation_avg"
"14032","GRAMD2A","Exc L4-5 RORB IL1RAPL2",-0.0150117285045572,1.4833214781187,0.0354777950464957,0.850829021697866,0.961873912835597,0.961873912835597,"social_isolation_avg"
"14033","PKM","Exc L4-5 RORB IL1RAPL2",-0.0906096646737658,7.49100815625497,20.9692088446048,9.14162559868376e-06,0.00126254524053062,0.00126254524053062,"social_isolation_avg"
"14034","PARP6","Exc L4-5 RORB IL1RAPL2",-0.000981281085087969,4.95291840602486,0.00241258992645489,0.960884460493909,0.992137094911893,0.992137094911893,"social_isolation_avg"
"14035","AC009690.3","Exc L4-5 RORB IL1RAPL2",0.0294727188288351,3.45623852695645,0.450597265758513,0.502988428018599,0.788814259970155,0.788814259970155,"social_isolation_avg"
"14036","AC009690.2","Exc L4-5 RORB IL1RAPL2",0.0772203113122766,3.40401918203179,3.05865185406202,0.0821644933184217,0.329532667852739,0.329532667852739,"social_isolation_avg"
"14037","AC009690.1","Exc L4-5 RORB IL1RAPL2",0.0778279904350989,5.98931291791524,9.47562236654815,0.00243835736583451,0.0422879557460631,0.0422879557460631,"social_isolation_avg"
"14038","HEXA-AS1","Exc L4-5 RORB IL1RAPL2",-0.132369115057819,0.0691374391065217,1.09204914807584,0.297543425173327,0.628398163601353,0.628398163601353,"social_isolation_avg"
"14039","TMEM202-AS1","Exc L4-5 RORB IL1RAPL2",-0.0498062960896602,3.45462182991594,1.33997139721981,0.248708938124516,0.57472176578578,0.57472176578578,"social_isolation_avg"
"14040","ARIH1","Exc L4-5 RORB IL1RAPL2",0.0219512788965155,7.58239328397998,2.37864548074048,0.12491640861171,0.407156480162301,0.407156480162301,"social_isolation_avg"
"14041","LINC02259","Exc L4-5 RORB IL1RAPL2",0.224933803734807,0.00438768871765628,3.48641521828674,0.0636451492837006,0.286806123401248,0.286806123401248,"social_isolation_avg"
"14042","BBS4","Exc L4-5 RORB IL1RAPL2",-0.0172283642767754,4.23172743048428,0.321856826306068,0.571263561979895,0.830164499689158,0.830164499689158,"social_isolation_avg"
"14043","ADPGK","Exc L4-5 RORB IL1RAPL2",0.00881290399166566,4.12384523463204,0.0958822443940626,0.757218213588472,0.926375651060873,0.926375651060873,"social_isolation_avg"
"14044","NEO1","Exc L4-5 RORB IL1RAPL2",-0.0116990564668671,6.40830758038752,0.390962586644685,0.532656121586577,0.80898912157165,0.80898912157165,"social_isolation_avg"
"14045","HCN4","Exc L4-5 RORB IL1RAPL2",0.259622645450737,1.15797746292837,7.56904769357591,0.00660046058606671,0.0779158148558162,0.0779158148558162,"social_isolation_avg"
"14046","REC114","Exc L4-5 RORB IL1RAPL2",0.0947149344727887,1.08341685810986,1.5988468568307,0.207846673600411,0.525617069125016,0.525617069125016,"social_isolation_avg"
"14047","NPTN","Exc L4-5 RORB IL1RAPL2",-0.0531018407512656,7.81775774057804,6.22328908842073,0.0135902599085328,0.117273898793766,0.117273898793766,"social_isolation_avg"
"14048","CD276","Exc L4-5 RORB IL1RAPL2",0.0107958343468058,4.89442494569316,0.157389525492207,0.816857827771904,0.951599926146172,0.951599926146172,"social_isolation_avg"
"14049","C15orf59","Exc L4-5 RORB IL1RAPL2",-0.147055154181324,3.91353993647624,9.49801098549597,0.00241039877393442,0.0419879185244294,0.0419879185244294,"social_isolation_avg"
"14050","C15orf59-AS1","Exc L4-5 RORB IL1RAPL2",0.239626666443608,-0.182331286181268,2.56809349664446,0.110948281707661,0.384967156759105,0.384967156759105,"social_isolation_avg"
"14051","TBC1D21","Exc L4-5 RORB IL1RAPL2",-0.118141248145731,0.2142368685637,0.750592127256338,0.387544628779366,0.70350408384465,0.70350408384465,"social_isolation_avg"
"14052","LOXL1-AS1","Exc L4-5 RORB IL1RAPL2",-0.0218739527252052,0.050317487329637,0.0204510650705809,0.886458654913123,0.973797271807432,0.973797271807432,"social_isolation_avg"
"14053","STOML1","Exc L4-5 RORB IL1RAPL2",-0.0331527758165611,4.2004393846274,0.911463605822007,0.341120472524671,0.664452995027894,0.664452995027894,"social_isolation_avg"
"14054","PML","Exc L4-5 RORB IL1RAPL2",0.0149541669949815,3.18332603523505,0.158304599030348,0.927183985494598,0.98417618971798,0.98417618971798,"social_isolation_avg"
"14055","ISLR2","Exc L4-5 RORB IL1RAPL2",-0.0114933486854715,2.43461972746106,0.0206317112451017,0.885961741228256,0.973780660163158,0.973780660163158,"social_isolation_avg"
"14056","AC010931.2","Exc L4-5 RORB IL1RAPL2",0.0882605509539988,0.30787362488217,0.532842317320525,0.466447550703722,0.762337462809969,0.762337462809969,"social_isolation_avg"
"14057","AC010931.3","Exc L4-5 RORB IL1RAPL2",-0.182120649688045,0.619717294693922,0.851939196832254,0.357349656166137,0.677448951510407,0.677448951510407,"social_isolation_avg"
"14058","ISLR","Exc L4-5 RORB IL1RAPL2",-0.104671671346778,1.47716672997668,0.96885327366353,0.32640487780419,0.652982310523691,0.652982310523691,"social_isolation_avg"
"14059","STRA6","Exc L4-5 RORB IL1RAPL2",0.040883114035516,-0.2482936182167,0.0453099022284925,0.831697491593708,0.956058857296072,0.956058857296072,"social_isolation_avg"
"14060","CCDC33","Exc L4-5 RORB IL1RAPL2",-0.0364821430282734,0.487077541503275,0.1111331536932,0.739280209832952,0.917822827304843,0.917822827304843,"social_isolation_avg"
"14061","SEMA7A","Exc L4-5 RORB IL1RAPL2",0.0531575606644532,4.06871287347843,1.60715574700111,0.206674952167074,0.524022559410197,0.524022559410197,"social_isolation_avg"
"14062","UBL7","Exc L4-5 RORB IL1RAPL2",-0.126386525452912,3.25648674809436,8.58006219114986,0.00387892753272819,0.0559482199812384,0.0559482199812384,"social_isolation_avg"
"14063","UBL7-AS1","Exc L4-5 RORB IL1RAPL2",0.0395978480952264,0.924023726398982,0.308137440466814,0.579575792305794,0.835898587256493,0.835898587256493,"social_isolation_avg"
"14064","AC012435.2","Exc L4-5 RORB IL1RAPL2",0.0400165378995661,1.06169551853121,0.202481467403712,0.653314846508894,0.875079301344669,0.875079301344669,"social_isolation_avg"
"14065","ARID3B","Exc L4-5 RORB IL1RAPL2",0.170831096509019,3.30942837976119,11.6474789731643,0.000808495908950788,0.0206723663422403,0.0206723663422403,"social_isolation_avg"
"14066","CLK3","Exc L4-5 RORB IL1RAPL2",-0.0012575176353315,3.5366222063041,0.00129691079208944,0.971315727142116,0.99519493546629,0.99519493546629,"social_isolation_avg"
"14067","EDC3","Exc L4-5 RORB IL1RAPL2",0.0155347702095103,4.7595787717675,0.652989755095126,0.42020719531323,0.727091023550217,0.727091023550217,"social_isolation_avg"
"14068","CSK","Exc L4-5 RORB IL1RAPL2",-0.00632105156212013,3.56576177371817,0.0363949921306559,0.848936208026743,0.961873912835597,0.961873912835597,"social_isolation_avg"
"14069","LMAN1L","Exc L4-5 RORB IL1RAPL2",-0.0518573278215843,-0.382391763583872,0.0782804974093769,0.779991096978459,0.936537426275821,0.936537426275821,"social_isolation_avg"
"14070","CPLX3","Exc L4-5 RORB IL1RAPL2",-0.161171163702156,-0.45834207220244,0.708661885679811,0.401104659276129,0.714018370323043,0.714018370323043,"social_isolation_avg"
"14071","ULK3","Exc L4-5 RORB IL1RAPL2",0.0409845535636145,5.67008102148176,1.44872087315747,0.230454199610175,0.552556696860669,0.552556696860669,"social_isolation_avg"
"14072","SCAMP2","Exc L4-5 RORB IL1RAPL2",-0.00423740693773326,3.99880318116545,0.0207400533677111,0.885664783146692,0.973706837705749,0.973706837705749,"social_isolation_avg"
"14073","MPI","Exc L4-5 RORB IL1RAPL2",-0.107280596156722,3.07951472219355,5.62729166450204,0.0188329716431876,0.143511339694222,0.143511339694222,"social_isolation_avg"
"14074","FAM219B","Exc L4-5 RORB IL1RAPL2",0.00288494972672828,4.697260223829,0.013332851673588,0.908214360375149,0.979498627032501,0.979498627032501,"social_isolation_avg"
"14075","COX5A","Exc L4-5 RORB IL1RAPL2",-0.105008655433194,4.64617453176444,7.26654408286278,0.00775172247411643,0.0853498150499889,0.0853498150499889,"social_isolation_avg"
"14076","RPP25","Exc L4-5 RORB IL1RAPL2",-0.0897195194349548,1.71177174860384,1.35154588711257,0.246683734647194,0.572699747639209,0.572699747639209,"social_isolation_avg"
"14077","SCAMP5","Exc L4-5 RORB IL1RAPL2",-0.0199768183052106,7.34688865443914,0.920589170548145,0.338721650525794,0.66239600960765,0.66239600960765,"social_isolation_avg"
"14078","PPCDC","Exc L4-5 RORB IL1RAPL2",0.0850382005797321,5.11749661778301,8.69502005198569,0.00365332129539428,0.0543363550117036,0.0543363550117036,"social_isolation_avg"
"14079","C15orf39","Exc L4-5 RORB IL1RAPL2",-0.242243195734712,0.497631588753206,4.23161979886389,0.0412486908628476,0.22615933587627,0.22615933587627,"social_isolation_avg"
"14080","COMMD4","Exc L4-5 RORB IL1RAPL2",0.0314196504314937,3.77760265023484,0.950528921560631,0.33100932022199,0.656484932836832,0.656484932836832,"social_isolation_avg"
"14081","AC068338.3","Exc L4-5 RORB IL1RAPL2",-0.0726865139013435,1.59062879596486,0.951312110566102,0.330810754623456,0.656276354120485,0.656276354120485,"social_isolation_avg"
"14082","NEIL1","Exc L4-5 RORB IL1RAPL2",-0.0265296316868094,5.52206827985717,0.994276006642537,0.320156968937279,0.647327421378741,0.647327421378741,"social_isolation_avg"
"14083","MAN2C1","Exc L4-5 RORB IL1RAPL2",0.0297678312859721,5.43032749793041,1.55351018154743,0.214381445642574,0.533765205227689,0.533765205227689,"social_isolation_avg"
"14084","SIN3A","Exc L4-5 RORB IL1RAPL2",0.0273930160419606,4.83768411854534,1.43310930275793,0.232971675408552,0.555871005095235,0.555871005095235,"social_isolation_avg"
"14085","PTPN9","Exc L4-5 RORB IL1RAPL2",0.0820598257145109,6.56111140910784,13.9463455594001,0.00025856402922088,0.0101080371836535,0.0101080371836535,"social_isolation_avg"
"14086","SNUPN","Exc L4-5 RORB IL1RAPL2",-0.0121995028388129,3.90609755209768,0.141167534940456,0.707604806363488,0.903169896195598,0.903169896195598,"social_isolation_avg"
"14087","IMP3","Exc L4-5 RORB IL1RAPL2",-0.0962187854035333,3.46391872978967,5.15456870832794,0.0244765948003084,0.16642703830904,0.16642703830904,"social_isolation_avg"
"14088","SNX33","Exc L4-5 RORB IL1RAPL2",0.0896323048031347,0.695010188733878,1.15104319053367,0.284894669449041,0.616056233216607,0.616056233216607,"social_isolation_avg"
"14089","DNM1P35","Exc L4-5 RORB IL1RAPL2",-0.0762980777604952,2.05745662555868,1.54503891115508,0.215629573467122,0.534932104309875,0.534932104309875,"social_isolation_avg"
"14090","UBE2Q2","Exc L4-5 RORB IL1RAPL2",-0.041676575911715,4.38762211861357,1.50051348952124,0.222335078404143,0.543675680527236,0.543675680527236,"social_isolation_avg"
"14091","FBXO22","Exc L4-5 RORB IL1RAPL2",0.0957108625430822,5.98959473705377,16.0046121793933,9.51460642656537e-05,0.00553702140916609,0.00553702140916609,"social_isolation_avg"
"14092","NRG4","Exc L4-5 RORB IL1RAPL2",0.0977721645313591,5.41162851084256,2.49943673214636,0.115798620772883,0.392938612561641,0.392938612561641,"social_isolation_avg"
"14093","TMEM266","Exc L4-5 RORB IL1RAPL2",0.0685361080318928,5.9530494861541,9.60631283234847,0.00227972346929368,0.0404260991213738,0.0404260991213738,"social_isolation_avg"
"14094","AC091100.1","Exc L4-5 RORB IL1RAPL2",0.00726085724435041,0.304783730324929,0.00395572333935801,0.963581578563468,0.992970265671771,0.992970265671771,"social_isolation_avg"
"14095","ETFA","Exc L4-5 RORB IL1RAPL2",0.0621553887230574,4.9085735756228,3.1465116355384,0.0779306093277007,0.320794829195391,0.320794829195391,"social_isolation_avg"
"14096","SCAPER","Exc L4-5 RORB IL1RAPL2",0.0550773907998292,8.02627990053155,8.89562253873461,0.00329139556615486,0.0507964889944667,0.0507964889944667,"social_isolation_avg"
"14097","RCN2","Exc L4-5 RORB IL1RAPL2",-0.0189231523716108,5.76082009117909,0.689284503402932,0.407605338222239,0.71862659378522,0.71862659378522,"social_isolation_avg"
"14098","PSTPIP1","Exc L4-5 RORB IL1RAPL2",-0.0682881380866616,0.290375555066134,0.334324354042016,0.563910683741104,0.826216048247284,0.826216048247284,"social_isolation_avg"
"14099","TSPAN3","Exc L4-5 RORB IL1RAPL2",-0.0621612781902501,5.81339988205005,7.20417286728405,0.0080138441648376,0.0868183568104787,0.0868183568104787,"social_isolation_avg"
"14100","PEAK1","Exc L4-5 RORB IL1RAPL2",0.0364332731742749,7.57171256934189,4.93683848100931,0.0276478131816876,0.178723701131094,0.178723701131094,"social_isolation_avg"
"14101","HMG20A","Exc L4-5 RORB IL1RAPL2",0.0266494605784103,6.18049791379041,2.70194667506687,0.102126475912218,0.370481800350817,0.370481800350817,"social_isolation_avg"
"14102","AC046168.2","Exc L4-5 RORB IL1RAPL2",0.0970173478046762,1.1376585592388,1.37719374357001,0.24226790515686,0.566689458953264,0.566689458953264,"social_isolation_avg"
"14103","LINGO1","Exc L4-5 RORB IL1RAPL2",-0.0319648990664919,8.45191203485311,0.177267209792461,0.674279278638527,0.885682527311585,0.885682527311585,"social_isolation_avg"
"14104","TBC1D2B","Exc L4-5 RORB IL1RAPL2",0.0568504168270927,5.3368211228144,6.30551787546746,0.0129964522183188,0.114502507026922,0.114502507026922,"social_isolation_avg"
"14105","CIB2","Exc L4-5 RORB IL1RAPL2",-0.0580135508089835,2.16420084454465,0.829773531784487,0.363664483111512,0.682892291774962,0.682892291774962,"social_isolation_avg"
"14106","IDH3A","Exc L4-5 RORB IL1RAPL2",-0.0415757255765778,5.72360489795878,3.68826290697392,0.0565181722517217,0.269841114603792,0.269841114603792,"social_isolation_avg"
"14107","DNAJA4","Exc L4-5 RORB IL1RAPL2",-0.179639946777121,5.13179836839891,26.3468724616739,7.93457935253812e-07,0.000326369947672552,0.000326369947672552,"social_isolation_avg"
"14108","WDR61","Exc L4-5 RORB IL1RAPL2",0.0264848985668869,5.35169190049861,1.13358801738162,0.288564097063851,0.619806297192538,0.619806297192538,"social_isolation_avg"
"14109","CRABP1","Exc L4-5 RORB IL1RAPL2",-0.100383491451034,1.43341436873593,1.25222557282236,0.264751331170431,0.595177649843577,0.595177649843577,"social_isolation_avg"
"14110","IREB2","Exc L4-5 RORB IL1RAPL2",-0.0019685034394665,6.16388840484545,0.0134265733317777,0.907893772089394,0.979320338732308,0.979320338732308,"social_isolation_avg"
"14111","HYKK","Exc L4-5 RORB IL1RAPL2",0.0280662649698925,1.26491065400591,0.143619337804509,0.705195432370621,0.901829134721505,0.901829134721505,"social_isolation_avg"
"14112","PSMA4","Exc L4-5 RORB IL1RAPL2",0.0251428502689139,4.75290576308687,0.726991109164266,0.395093964576011,0.709774926322833,0.709774926322833,"social_isolation_avg"
"14113","CHRNA5","Exc L4-5 RORB IL1RAPL2",0.0337936009021764,0.983423396236443,0.101523696453744,0.750410987970454,0.923108513042681,0.923108513042681,"social_isolation_avg"
"14114","CHRNB4","Exc L4-5 RORB IL1RAPL2",0.150491354107928,0.407473614855386,3.32823300286543,0.0741672725719563,0.31200561524222,0.31200561524222,"social_isolation_avg"
"14115","ADAMTS7","Exc L4-5 RORB IL1RAPL2",-0.0738013521624215,0.463167319334348,0.256341585419037,0.613319366466857,0.853489473629844,0.853489473629844,"social_isolation_avg"
"14116","MORF4L1","Exc L4-5 RORB IL1RAPL2",-0.0677719838397648,7.281048916144,10.1899156753602,0.00169053031028931,0.0336346204006142,0.0336346204006142,"social_isolation_avg"
"14117","CTSH","Exc L4-5 RORB IL1RAPL2",-0.06859713084108,2.47745545868876,1.6061760730242,0.206812696312254,0.524171724603504,0.524171724603504,"social_isolation_avg"
"14118","RASGRF1","Exc L4-5 RORB IL1RAPL2",0.0163687281590948,7.02799594137637,0.755050329962627,0.386141882010299,0.702394667799566,0.702394667799566,"social_isolation_avg"
"14119","AC011944.1","Exc L4-5 RORB IL1RAPL2",0.0769517286144292,1.19923810332056,0.558615996339809,0.455880316675025,0.754127598514439,0.754127598514439,"social_isolation_avg"
"14120","ANKRD34C-AS1","Exc L4-5 RORB IL1RAPL2",0.0352865326033815,7.34158180561639,2.41695539852503,0.121940560434415,0.401584549982504,0.401584549982504,"social_isolation_avg"
"14121","ANKRD34C","Exc L4-5 RORB IL1RAPL2",-0.0871621976295625,2.6111242182776,2.42225363359212,0.121535280684184,0.40110684583161,0.40110684583161,"social_isolation_avg"
"14122","TMED3","Exc L4-5 RORB IL1RAPL2",0.0224292920514483,4.41367058539536,0.348631604972376,0.55569515257062,0.820404805070903,0.820404805070903,"social_isolation_avg"
"14123","KIAA1024","Exc L4-5 RORB IL1RAPL2",0.0906357533427006,1.35740036107403,1.55784856673592,0.213745594083336,0.533061572902598,0.533061572902598,"social_isolation_avg"
"14124","MTHFS","Exc L4-5 RORB IL1RAPL2",-0.0328706114594403,1.53598745023272,0.270039719172645,0.786877848960972,0.939160775890403,0.939160775890403,"social_isolation_avg"
"14125","ST20-AS1","Exc L4-5 RORB IL1RAPL2",0.0723527996173239,-0.0226018553560096,0.390481198740589,0.535050481175188,0.809700884133067,0.809700884133067,"social_isolation_avg"
"14126","ZFAND6","Exc L4-5 RORB IL1RAPL2",-0.0138919750313018,4.43688087798464,0.185775595081816,0.667017605949847,0.882833547488558,0.882833547488558,"social_isolation_avg"
"14127","FAH","Exc L4-5 RORB IL1RAPL2",0.105458246592652,0.293363589192652,1.10001642656409,0.29579356643632,0.626737101573366,0.626737101573366,"social_isolation_avg"
"14128","LINC00927","Exc L4-5 RORB IL1RAPL2",-0.0372215691971069,-0.223260045981588,0.0598009136836526,0.807114174224879,0.947357772364077,0.947357772364077,"social_isolation_avg"
"14129","AC016705.2","Exc L4-5 RORB IL1RAPL2",-0.0635241552263724,3.51089823048535,2.06184844391048,0.152916603974043,0.451448753907454,0.451448753907454,"social_isolation_avg"
"14130","ARNT2","Exc L4-5 RORB IL1RAPL2",-0.0173539969538979,8.00043565739637,0.626291072918869,0.429853153540344,0.735330981167266,0.735330981167266,"social_isolation_avg"
"14131","AC108451.1","Exc L4-5 RORB IL1RAPL2",0.0656772801335348,0.191243218593154,0.208051976043257,0.648897256714584,0.872437879882174,0.872437879882174,"social_isolation_avg"
"14132","ABHD17C","Exc L4-5 RORB IL1RAPL2",-0.0427849333962964,4.47837927008473,2.21679816844791,0.138421333313959,0.429707965157246,0.429707965157246,"social_isolation_avg"
"14133","CEMIP","Exc L4-5 RORB IL1RAPL2",-0.0103488596418779,7.06413212579262,0.0727565701288143,0.787701139924702,0.9393730788173,0.9393730788173,"social_isolation_avg"
"14134","AC027808.1","Exc L4-5 RORB IL1RAPL2",-0.070460782037775,1.68708364009813,0.890489330598908,0.346721962878947,0.669421046901281,0.669421046901281,"social_isolation_avg"
"14135","MESD","Exc L4-5 RORB IL1RAPL2",-0.0795752086808713,4.34140228616159,8.42201904611513,0.00421270827958989,0.0590248433348589,0.0590248433348589,"social_isolation_avg"
"14136","TLNRD1","Exc L4-5 RORB IL1RAPL2",-0.0475030133322718,3.84480819685398,2.16775602838968,0.142833213070226,0.436716682563793,0.436716682563793,"social_isolation_avg"
"14137","CFAP161","Exc L4-5 RORB IL1RAPL2",0.011418350519172,5.98399483622438,0.031433187882201,0.859494470356174,0.964243395716678,0.964243395716678,"social_isolation_avg"
"14138","IL16","Exc L4-5 RORB IL1RAPL2",0.0141785495460068,2.57057230279948,0.0213397985857416,0.884035063140184,0.973395450982043,0.973395450982043,"social_isolation_avg"
"14139","STARD5","Exc L4-5 RORB IL1RAPL2",-0.0609801145051162,1.82572088542437,0.793119933860115,0.374452782389981,0.693202735516488,0.693202735516488,"social_isolation_avg"
"14140","TMC3-AS1","Exc L4-5 RORB IL1RAPL2",0.00720961794999694,3.984749087959,0.0280957383746655,0.867088834497405,0.966778680963355,0.966778680963355,"social_isolation_avg"
"14141","TMC3","Exc L4-5 RORB IL1RAPL2",-0.0349922666438049,0.0408907996309012,0.0784845300602326,0.779712020041086,0.936318841604764,0.936318841604764,"social_isolation_avg"
"14142","AC060809.1","Exc L4-5 RORB IL1RAPL2",0.12283254949804,3.08664850393619,5.43932961963482,0.0208937718225262,0.152431609254924,0.152431609254924,"social_isolation_avg"
"14143","AC104041.1","Exc L4-5 RORB IL1RAPL2",-0.218024802847345,2.1859027998388,3.11186870916069,0.0795709972255036,0.323908710092768,0.323908710092768,"social_isolation_avg"
"14144","MEX3B","Exc L4-5 RORB IL1RAPL2",-0.000767539599751639,1.21641889041933,0.00012351345124884,0.991146166303192,0.998822911403646,0.998822911403646,"social_isolation_avg"
"14145","EFL1","Exc L4-5 RORB IL1RAPL2",-0.00215186922942881,4.86701176363363,0.00524789286940478,0.942337470301276,0.987984052456339,0.987984052456339,"social_isolation_avg"
"14146","SAXO2","Exc L4-5 RORB IL1RAPL2",0.0224872707386022,4.5644803694291,0.25343385638633,0.615337708172551,0.854166518525118,0.854166518525118,"social_isolation_avg"
"14147","GOLGA6L10","Exc L4-5 RORB IL1RAPL2",0.241488632796859,3.0083027454116,3.93193447576374,0.0490341102368448,0.248799785409316,0.248799785409316,"social_isolation_avg"
"14148","GOLGA6L9","Exc L4-5 RORB IL1RAPL2",-0.0453003680604071,2.9176877182051,0.505132391861579,0.478255242934373,0.771388644913275,0.771388644913275,"social_isolation_avg"
"14149","RPS17","Exc L4-5 RORB IL1RAPL2",0.0237101259863284,1.30324773350281,0.0574007044887606,0.810949254812216,0.949509944621593,0.949509944621593,"social_isolation_avg"
"14150","AC245033.1","Exc L4-5 RORB IL1RAPL2",0.0541160552606135,1.09702029054972,0.38323134355955,0.536731172817431,0.810815358762785,0.810815358762785,"social_isolation_avg"
"14151","AC245033.2","Exc L4-5 RORB IL1RAPL2",0.0309902950994848,1.57884098447358,0.132189824106079,0.716636852768834,0.907474627977453,0.907474627977453,"social_isolation_avg"
"14152","CPEB1","Exc L4-5 RORB IL1RAPL2",0.0314825916690613,5.23971517375083,0.939177044700269,0.333905441970431,0.658791392415436,0.658791392415436,"social_isolation_avg"
"14153","CPEB1-AS1","Exc L4-5 RORB IL1RAPL2",0.0301004104734318,3.46517622921099,0.683798845914252,0.409473773030436,0.720042124489673,0.720042124489673,"social_isolation_avg"
"14154","AP3B2","Exc L4-5 RORB IL1RAPL2",0.00519738880154295,6.57622417098661,0.110367320193568,0.853609489486724,0.962543291381206,0.962543291381206,"social_isolation_avg"
"14155","AC105339.3","Exc L4-5 RORB IL1RAPL2",-0.110777411835374,-0.118779714415005,0.727530061288343,0.394919209871496,0.709774926322833,0.709774926322833,"social_isolation_avg"
"14156","SNHG21","Exc L4-5 RORB IL1RAPL2",-0.017398002015029,3.10555961211618,0.189212505391804,0.826561866827877,0.95412485461984,0.95412485461984,"social_isolation_avg"
"14157","FSD2","Exc L4-5 RORB IL1RAPL2",0.0882208964347403,1.6777146661439,1.44896104748808,0.230415728615054,0.552556696860669,0.552556696860669,"social_isolation_avg"
"14158","WHAMM","Exc L4-5 RORB IL1RAPL2",0.0363662544044227,4.20262152684534,1.55106391796098,0.214740978756186,0.533917747575006,0.533917747575006,"social_isolation_avg"
"14159","HOMER2","Exc L4-5 RORB IL1RAPL2",0.0359783868595215,5.37659931822295,2.55205064351436,0.112061095187766,0.386564809853731,0.386564809853731,"social_isolation_avg"
"14160","AC022558.2","Exc L4-5 RORB IL1RAPL2",-0.00721877831804505,2.51722024650704,0.0195575778858022,0.888950018967745,0.974610227656085,0.974610227656085,"social_isolation_avg"
"14161","C15orf40","Exc L4-5 RORB IL1RAPL2",0.0362991217151084,4.39292587849148,0.938661720326097,0.334037718543357,0.658791392415436,0.658791392415436,"social_isolation_avg"
"14162","BTBD1","Exc L4-5 RORB IL1RAPL2",-0.0502377536446019,5.42037548780368,4.54675440135626,0.0344580896094746,0.203236132637428,0.203236132637428,"social_isolation_avg"
"14163","TM6SF1","Exc L4-5 RORB IL1RAPL2",-0.034351891292534,4.83536705913163,1.06166088018681,0.304341964097189,0.635310492352483,0.635310492352483,"social_isolation_avg"
"14164","HDGFL3","Exc L4-5 RORB IL1RAPL2",-0.0232475619393581,6.93161691684874,2.5584282262201,0.111617236587418,0.386118957187738,0.386118957187738,"social_isolation_avg"
"14165","AC103876.1","Exc L4-5 RORB IL1RAPL2",0.158923606808945,4.25927251043382,14.3072805054577,0.00021669282457698,0.00911121096404676,0.00911121096404676,"social_isolation_avg"
"14166","SH3GL3","Exc L4-5 RORB IL1RAPL2",0.0068786762931858,7.81051825800105,0.0902181169752185,0.764277472607149,0.929482842216214,0.929482842216214,"social_isolation_avg"
"14167","ADAMTSL3","Exc L4-5 RORB IL1RAPL2",0.123041735588073,4.6976018551692,7.50244194662361,0.00683780777527953,0.0795683646470258,0.0795683646470258,"social_isolation_avg"
"14168","UBE2Q2L","Exc L4-5 RORB IL1RAPL2",0.0804805526345671,4.47883724043333,3.12328659332586,0.0790262368832476,0.323019103060689,0.323019103060689,"social_isolation_avg"
"14169","GOLGA6L4","Exc L4-5 RORB IL1RAPL2",0.0964324416981292,2.85784778068306,2.31602640106648,0.129957451565217,0.414996157704128,0.414996157704128,"social_isolation_avg"
"14170","AC048382.5","Exc L4-5 RORB IL1RAPL2",0.0538102824733216,2.41759146713256,1.09514201456959,0.296862553608581,0.62738036153557,0.62738036153557,"social_isolation_avg"
"14171","ZSCAN2","Exc L4-5 RORB IL1RAPL2",0.0500469735846996,1.94834481553134,0.805362222153935,0.370800197428988,0.688793808768762,0.688793808768762,"social_isolation_avg"
"14172","WDR73","Exc L4-5 RORB IL1RAPL2",-0.030066403143887,4.35964747105134,0.824061256767354,0.365316953373518,0.684044850012377,0.684044850012377,"social_isolation_avg"
"14173","NMB","Exc L4-5 RORB IL1RAPL2",-0.0585133742581368,0.295304479617388,0.237189331010635,0.626888732202701,0.861266461080984,0.861266461080984,"social_isolation_avg"
"14174","SEC11A","Exc L4-5 RORB IL1RAPL2",0.0411105411378855,4.64811173577084,2.76527963163613,0.098224815416889,0.363095326733973,0.363095326733973,"social_isolation_avg"
"14175","ZNF592","Exc L4-5 RORB IL1RAPL2",0.0412548972621799,4.80136852038633,4.13380288567821,0.0436344069129865,0.233156343744879,0.233156343744879,"social_isolation_avg"
"14176","ALPK3","Exc L4-5 RORB IL1RAPL2",0.0273422012283199,3.01716901749887,0.276063572652869,0.599997063621921,0.846194427608107,0.846194427608107,"social_isolation_avg"
"14177","SLC28A1","Exc L4-5 RORB IL1RAPL2",-0.0469406674810864,0.539091129802979,0.0877148616010566,0.767474350906142,0.93097718896622,0.93097718896622,"social_isolation_avg"
"14178","PDE8A","Exc L4-5 RORB IL1RAPL2",0.0245122815563088,5.86962523339229,0.747911780397448,0.38839150152936,0.703971223339115,0.703971223339115,"social_isolation_avg"
"14179","AKAP13","Exc L4-5 RORB IL1RAPL2",-0.0204266695899533,6.06841772602972,0.254313905937354,0.614725311863293,0.85385535352851,0.85385535352851,"social_isolation_avg"
"14180","AC087286.2","Exc L4-5 RORB IL1RAPL2",0.0895701210800316,1.17286949735303,0.952856824758956,0.330419583163063,0.65603277253325,0.65603277253325,"social_isolation_avg"
"14181","AC021739.2","Exc L4-5 RORB IL1RAPL2",0.075354687738244,0.753928276963541,0.590228116630605,0.443427099329393,0.745245107620929,0.745245107620929,"social_isolation_avg"
"14182","KLHL25","Exc L4-5 RORB IL1RAPL2",-0.10485822711044,3.12945783574148,4.45527738667989,0.0362981074572411,0.209516928370488,0.209516928370488,"social_isolation_avg"
"14183","AGBL1","Exc L4-5 RORB IL1RAPL2",-0.107668369976906,4.71204526501499,1.79628486357696,0.182001582801264,0.488391993785664,0.488391993785664,"social_isolation_avg"
"14184","AC016987.1","Exc L4-5 RORB IL1RAPL2",0.0552967447674549,-0.317241342831202,0.131359520895795,0.717489556997399,0.907582558359927,0.907582558359927,"social_isolation_avg"
"14185","AC020687.1","Exc L4-5 RORB IL1RAPL2",0.0992732536601296,1.32415001865677,1.48964654851589,0.224009566162834,0.545206161415657,0.545206161415657,"social_isolation_avg"
"14186","NTRK3","Exc L4-5 RORB IL1RAPL2",-0.0482775658364588,7.52901002860797,3.73936304548759,0.0548530633391168,0.265690581415129,0.265690581415129,"social_isolation_avg"
"14187","NTRK3-AS1","Exc L4-5 RORB IL1RAPL2",-0.105390309612983,0.703597794154098,1.18872893474072,0.457752806326403,0.755705509859687,0.755705509859687,"social_isolation_avg"
"14188","MRPL46","Exc L4-5 RORB IL1RAPL2",-0.096576122890949,2.55986201279178,3.6952421304868,0.0562875957028004,0.269351946963249,0.269351946963249,"social_isolation_avg"
"14189","MRPS11","Exc L4-5 RORB IL1RAPL2",-0.0412851033252548,4.63833905131267,2.53032210749716,0.191073166911417,0.502333665573283,0.502333665573283,"social_isolation_avg"
"14190","DET1","Exc L4-5 RORB IL1RAPL2",0.0178314970816007,3.74295162562274,0.215028915068784,0.64346406840598,0.869307669999258,0.869307669999258,"social_isolation_avg"
"14191","LINC01586","Exc L4-5 RORB IL1RAPL2",0.0964122881760982,1.78874164306825,2.29676066901231,0.131554073366676,0.417315073728733,0.417315073728733,"social_isolation_avg"
"14192","AEN","Exc L4-5 RORB IL1RAPL2",0.042252954474017,1.67776303357068,0.29745395602526,0.586218171077975,0.839613304781711,0.839613304781711,"social_isolation_avg"
"14193","MFGE8","Exc L4-5 RORB IL1RAPL2",-0.952761483863051,-0.67512012190354,7.03315745381037,0.008780610191797,0.0909348250897598,0.0909348250897598,"social_isolation_avg"
"14194","ABHD2","Exc L4-5 RORB IL1RAPL2",-0.0142173190862006,6.43814391464027,0.40001646270757,0.527954649678303,0.805990071400956,0.805990071400956,"social_isolation_avg"
"14195","FANCI","Exc L4-5 RORB IL1RAPL2",0.0540724885459174,3.53896581701734,2.09751640407277,0.266572647738672,0.596754718061275,0.596754718061275,"social_isolation_avg"
"14196","POLG","Exc L4-5 RORB IL1RAPL2",-0.0166398609194937,4.43264646803995,0.406371397452708,0.527216616451777,0.805837757483163,0.805837757483163,"social_isolation_avg"
"14197","MIR9-3HG","Exc L4-5 RORB IL1RAPL2",-0.0159023890685055,5.66705930370949,0.273245281954067,0.601862996334447,0.847412173891411,0.847412173891411,"social_isolation_avg"
"14198","RHCG","Exc L4-5 RORB IL1RAPL2",0.0136882012213651,3.84262647461301,0.101202294691655,0.750793130034528,0.923351109092188,0.923351109092188,"social_isolation_avg"
"14199","AC013391.3","Exc L4-5 RORB IL1RAPL2",0.0954048250588887,1.20127874056048,0.877538455549947,0.350243402842529,0.671492088882712,0.671492088882712,"social_isolation_avg"
"14200","TICRR","Exc L4-5 RORB IL1RAPL2",0.200377605978111,-0.168565882935706,2.20361929190814,0.139591566236014,0.432059657344641,0.432059657344641,"social_isolation_avg"
"14201","KIF7","Exc L4-5 RORB IL1RAPL2",-0.00615252280645055,2.52158194491212,0.0107824548470517,0.91742331367209,0.9830198062462,0.9830198062462,"social_isolation_avg"
"14202","PLIN1","Exc L4-5 RORB IL1RAPL2",-0.0573601365242454,0.233994803116807,0.311440070571603,0.57755291819903,0.834571465193511,0.834571465193511,"social_isolation_avg"
"14203","PEX11A","Exc L4-5 RORB IL1RAPL2",-0.0293740817147172,2.60349313704999,0.434944391815669,0.510490515616883,0.794183870976293,0.794183870976293,"social_isolation_avg"
"14204","WDR93","Exc L4-5 RORB IL1RAPL2",-0.067165664689863,1.63663576131656,0.988462415737318,0.321571629853799,0.648593626315289,0.648593626315289,"social_isolation_avg"
"14205","MESP1","Exc L4-5 RORB IL1RAPL2",-0.152532600904147,2.95027721876449,10.7462489144512,0.00127381427533156,0.0276714579834082,0.0276714579834082,"social_isolation_avg"
"14206","MESP2","Exc L4-5 RORB IL1RAPL2",-0.160515825622826,0.510854947018361,2.29436836842459,0.131753867842623,0.417669476471894,0.417669476471894,"social_isolation_avg"
"14207","ANPEP","Exc L4-5 RORB IL1RAPL2",0.300544206873201,-0.391677372044824,4.70220754913678,0.0315534361800024,0.194349830912203,0.194349830912203,"social_isolation_avg"
"14208","AP3S2","Exc L4-5 RORB IL1RAPL2",-0.00479727068674458,2.98408528173836,0.0110875626330928,0.916267417554503,0.982403054811791,0.982403054811791,"social_isolation_avg"
"14209","ZNF710","Exc L4-5 RORB IL1RAPL2",0.0339558442692616,3.99653137337046,0.987780182682199,0.321738184836567,0.648652977655054,0.648652977655054,"social_isolation_avg"
"14210","ZNF710-AS1","Exc L4-5 RORB IL1RAPL2",0.0258552224040767,2.5939467902796,0.296781356691456,0.586641516811898,0.839667312378365,0.839667312378365,"social_isolation_avg"
"14211","IDH2","Exc L4-5 RORB IL1RAPL2",-0.0525456781266272,4.43080471808371,2.56513191542194,0.111152785227764,0.38525771190594,0.38525771190594,"social_isolation_avg"
"14212","IDH2-DT","Exc L4-5 RORB IL1RAPL2",-0.104474567539431,0.0590497073098954,0.659008896053402,0.418077530465555,0.725862080559623,0.725862080559623,"social_isolation_avg"
"14213","SEMA4B","Exc L4-5 RORB IL1RAPL2",0.0536500625219606,5.3047601577984,6.39841296519304,0.0123579156014858,0.111344968425333,0.111344968425333,"social_isolation_avg"
"14214","CIB1","Exc L4-5 RORB IL1RAPL2",-0.00249180739756909,1.92493416050831,0.00150556789290415,0.969095353969657,0.994265979419796,0.994265979419796,"social_isolation_avg"
"14215","AC091167.7","Exc L4-5 RORB IL1RAPL2",0.0379238276316793,1.43948516233162,0.301611194585489,0.583615241491525,0.838364400018437,0.838364400018437,"social_isolation_avg"
"14216","AC091167.6","Exc L4-5 RORB IL1RAPL2",0.0500470635566516,4.99575453464279,2.02545426923187,0.156567313012694,0.455965850317559,0.455965850317559,"social_isolation_avg"
"14217","ZNF774","Exc L4-5 RORB IL1RAPL2",-0.0237126608516016,4.06852417741785,0.292720656956598,0.589210701855574,0.840694946822209,0.840694946822209,"social_isolation_avg"
"14218","IQGAP1","Exc L4-5 RORB IL1RAPL2",0.0281842543159222,5.8267485120115,1.452374213032,0.229869851114003,0.552090308825596,0.552090308825596,"social_isolation_avg"
"14219","AC018946.1","Exc L4-5 RORB IL1RAPL2",0.135925616709469,-0.458406898645747,0.716762730718638,0.398431873001357,0.712343330724623,0.712343330724623,"social_isolation_avg"
"14220","CRTC3","Exc L4-5 RORB IL1RAPL2",0.0125036292220062,6.488503217166,0.657800553742021,0.418503763215949,0.72615558168426,0.72615558168426,"social_isolation_avg"
"14221","AC103739.2","Exc L4-5 RORB IL1RAPL2",0.0129797237145129,-0.416406346823367,0.005323036782774,0.941926837583591,0.987984052456339,0.987984052456339,"social_isolation_avg"
"14222","CRTC3-AS1","Exc L4-5 RORB IL1RAPL2",0.104927360960501,2.56912816905917,4.17890803352129,0.0425166056610595,0.230041949017131,0.230041949017131,"social_isolation_avg"
"14223","BLM","Exc L4-5 RORB IL1RAPL2",0.228558904783192,0.713716442921634,3.44448945517293,0.0652433429297017,0.290874008381924,0.290874008381924,"social_isolation_avg"
"14224","FURIN","Exc L4-5 RORB IL1RAPL2",-0.00846259445729319,4.13540696821187,0.0629492640986275,0.802205413152002,0.945011595334674,0.945011595334674,"social_isolation_avg"
"14225","FES","Exc L4-5 RORB IL1RAPL2",0.0583823223771153,1.97759774435901,0.587838244238819,0.444349896815046,0.745814794465501,0.745814794465501,"social_isolation_avg"
"14226","MAN2A2","Exc L4-5 RORB IL1RAPL2",-0.0257808376678445,5.20094290193549,1.21574890238035,0.271799300929206,0.600861473719535,0.600861473719535,"social_isolation_avg"
"14227","HDDC3","Exc L4-5 RORB IL1RAPL2",-0.156380430657073,3.06570538985527,15.3084563487448,0.000133152540659196,0.00683799283931713,0.00683799283931713,"social_isolation_avg"
"14228","UNC45A","Exc L4-5 RORB IL1RAPL2",0.064158623137108,5.10233214117907,4.6457250301898,0.0325777596897805,0.197631905777349,0.197631905777349,"social_isolation_avg"
"14229","RCCD1","Exc L4-5 RORB IL1RAPL2",0.0100300634785498,3.13676645148039,0.0649402485623476,0.875439293963341,0.970500479269633,0.970500479269633,"social_isolation_avg"
"14230","PRC1","Exc L4-5 RORB IL1RAPL2",0.124413646925183,1.38667304265787,2.37024275127129,0.1255799385156,0.408615308108971,0.408615308108971,"social_isolation_avg"
"14231","AC068831.7","Exc L4-5 RORB IL1RAPL2",0.0849154185518827,1.49106858629851,1.47845065429967,0.225750691996586,0.547488798004331,0.547488798004331,"social_isolation_avg"
"14232","PRC1-AS1","Exc L4-5 RORB IL1RAPL2",0.0299289810945317,3.56517947075581,0.559181391560751,0.455652782169555,0.754014893425761,0.754014893425761,"social_isolation_avg"
"14233","VPS33B-DT","Exc L4-5 RORB IL1RAPL2",-0.134076539179017,0.0852146156153908,1.36973640382228,0.243541762001744,0.56833419817896,0.56833419817896,"social_isolation_avg"
"14234","SV2B","Exc L4-5 RORB IL1RAPL2",-0.0367227335738971,8.76676461330155,2.55266612215715,0.112018174574792,0.386564809853731,0.386564809853731,"social_isolation_avg"
"14235","AC104035.1","Exc L4-5 RORB IL1RAPL2",-0.0224738176690737,2.89295626678065,0.0979337789575027,0.754717900961125,0.925272055070982,0.925272055070982,"social_isolation_avg"
"14236","SLCO3A1","Exc L4-5 RORB IL1RAPL2",0.0396817075179088,7.83361826932362,3.24319306993751,0.0735436856131429,0.310744299234102,0.310744299234102,"social_isolation_avg"
"14237","AC116903.2","Exc L4-5 RORB IL1RAPL2",-0.0637309222571602,1.84986255503256,0.833459821579866,0.362603615172878,0.682146358959006,0.682146358959006,"social_isolation_avg"
"14238","LINC00930","Exc L4-5 RORB IL1RAPL2",-0.0268560851550246,0.714866626055985,0.0601075035605409,0.806630217758898,0.947201039546709,0.947201039546709,"social_isolation_avg"
"14239","AC091544.5","Exc L4-5 RORB IL1RAPL2",-0.123723396739198,-0.236451360543124,0.626233050692922,0.429874479780692,0.735330981167266,0.735330981167266,"social_isolation_avg"
"14240","FAM174B","Exc L4-5 RORB IL1RAPL2",-0.000782575516371479,5.49535940497858,0.00107411506574935,0.973894596011777,0.99572295699374,0.99572295699374,"social_isolation_avg"
"14241","AC013394.1","Exc L4-5 RORB IL1RAPL2",-0.00350649014967809,5.4769535353439,0.0210050640729243,0.884941727918676,0.97365717473683,0.97365717473683,"social_isolation_avg"
"14242","CHD2","Exc L4-5 RORB IL1RAPL2",0.043385375546779,6.83493157719209,6.23356454945764,0.0135145405396503,0.117238435586012,0.117238435586012,"social_isolation_avg"
"14243","RGMA","Exc L4-5 RORB IL1RAPL2",-0.14857821406746,4.82314099633564,5.44170569328389,0.0208662996336683,0.152400946484566,0.152400946484566,"social_isolation_avg"
"14244","AC112693.1","Exc L4-5 RORB IL1RAPL2",-0.295146923291793,-0.112077773509916,4.26803968027616,0.0403961245553538,0.223489787342646,0.223489787342646,"social_isolation_avg"
"14245","AC091078.1","Exc L4-5 RORB IL1RAPL2",-0.125748661676589,6.1817580408115,3.50185142928483,0.0630673852852786,0.285205066200468,0.285205066200468,"social_isolation_avg"
"14246","AC110023.1","Exc L4-5 RORB IL1RAPL2",-0.0923740281057901,6.73988921244616,1.52879504868781,0.218047352485915,0.537948249492533,0.537948249492533,"social_isolation_avg"
"14247","LINC01579","Exc L4-5 RORB IL1RAPL2",-0.131581787530237,2.52017143772974,2.01356908814071,0.157781055442946,0.457685177877455,0.457685177877455,"social_isolation_avg"
"14248","LINC02207","Exc L4-5 RORB IL1RAPL2",-0.0936046025674207,1.98318761019932,0.909497809382825,0.341640226549675,0.664739166551865,0.664739166551865,"social_isolation_avg"
"14249","AC103996.2","Exc L4-5 RORB IL1RAPL2",-0.00138761848106538,0.332831992223352,0.000155420860002006,0.990068232091187,0.998822911403646,0.998822911403646,"social_isolation_avg"
"14250","LINC01580","Exc L4-5 RORB IL1RAPL2",-0.0716846486627963,3.51608934330651,0.627443215996356,0.4294300126367,0.7349837421166,0.7349837421166,"social_isolation_avg"
"14251","AC087636.1","Exc L4-5 RORB IL1RAPL2",-0.181362753132572,-0.350856874298728,1.06266748650123,0.304113552546963,0.635184074151793,0.635184074151793,"social_isolation_avg"
"14252","LINC01197","Exc L4-5 RORB IL1RAPL2",-0.166089229750164,4.42176664161096,4.92170892190585,0.0278836328047213,0.179695577758219,0.179695577758219,"social_isolation_avg"
"14253","AC012409.2","Exc L4-5 RORB IL1RAPL2",0.0548824731378316,0.71850819752373,0.39359695401318,0.675138692431163,0.885853595671414,0.885853595671414,"social_isolation_avg"
"14254","AC020704.1","Exc L4-5 RORB IL1RAPL2",-0.108137536349717,4.28303716740563,1.71309475339175,0.192401056441548,0.504213350267387,0.504213350267387,"social_isolation_avg"
"14255","LINC02253","Exc L4-5 RORB IL1RAPL2",-0.150438408807985,2.45288061557779,3.21716746195732,0.0746976297694183,0.312827324671794,0.312827324671794,"social_isolation_avg"
"14256","LINC02254","Exc L4-5 RORB IL1RAPL2",-0.0995329695343266,5.2626747939951,2.11672349125437,0.147594317647547,0.443768009567652,0.443768009567652,"social_isolation_avg"
"14257","AC026523.1","Exc L4-5 RORB IL1RAPL2",0.0313629526268706,1.94715842052302,0.101491273315307,0.750449508356986,0.923108513042681,0.923108513042681,"social_isolation_avg"
"14258","LINC00923","Exc L4-5 RORB IL1RAPL2",-0.0343656278304457,6.4882846195547,0.242418688846884,0.623117952618201,0.858858148896471,0.858858148896471,"social_isolation_avg"
"14259","ARRDC4","Exc L4-5 RORB IL1RAPL2",-0.0951796260569409,2.76628999616656,4.574284755716,0.0339238156569145,0.201490224165416,0.201490224165416,"social_isolation_avg"
"14260","AC022523.1","Exc L4-5 RORB IL1RAPL2",0.0654774452841874,1.68577545168648,0.473829622824014,0.492195533275952,0.781605680664229,0.781605680664229,"social_isolation_avg"
"14261","AC015722.2","Exc L4-5 RORB IL1RAPL2",-0.0832158111619661,-0.202259235927794,0.346860525359537,0.556699702490787,0.821004580462381,0.821004580462381,"social_isolation_avg"
"14262","FAM169B","Exc L4-5 RORB IL1RAPL2",0.143514592385717,2.23973647307879,3.8505156633609,0.0514096160921357,0.256249037428688,0.256249037428688,"social_isolation_avg"
"14263","IGF1R","Exc L4-5 RORB IL1RAPL2",0.0128255666631834,8.20510596540779,0.680179437323772,0.410713486334578,0.721241905197764,0.721241905197764,"social_isolation_avg"
"14264","AC069029.1","Exc L4-5 RORB IL1RAPL2",-0.196858275005968,-0.236337508262552,1.97584960158649,0.161705147452199,0.464071453806014,0.464071453806014,"social_isolation_avg"
"14265","AC036108.1","Exc L4-5 RORB IL1RAPL2",0.103897910533895,5.47972711515486,7.02881933324895,0.00880101910971761,0.0910963252598287,0.0910963252598287,"social_isolation_avg"
"14266","SYNM","Exc L4-5 RORB IL1RAPL2",-0.0705781907894345,4.85333539686725,5.11035414444412,0.0250882145232243,0.168690158846456,0.168690158846456,"social_isolation_avg"
"14267","TTC23","Exc L4-5 RORB IL1RAPL2",-0.0138779334692865,2.27170043141604,0.0835254404599717,0.866257901590977,0.96677503774678,0.96677503774678,"social_isolation_avg"
"14268","AC036108.3","Exc L4-5 RORB IL1RAPL2",-0.00461807795000341,2.5873833015123,0.00823577379019755,0.927800192565325,0.98417618971798,0.98417618971798,"social_isolation_avg"
"14269","LRRC28","Exc L4-5 RORB IL1RAPL2",0.0349089120594027,7.41102275709971,3.61493224838851,0.0590029764433933,0.275991604775513,0.275991604775513,"social_isolation_avg"
"14270","AC015660.4","Exc L4-5 RORB IL1RAPL2",-0.0662762399344775,0.536924118368975,0.3251404174641,0.569308929551983,0.82922828657986,0.82922828657986,"social_isolation_avg"
"14271","MEF2A","Exc L4-5 RORB IL1RAPL2",0.0136806291306445,7.94255477791478,0.499652944463128,0.480647919123406,0.773525497808452,0.773525497808452,"social_isolation_avg"
"14272","LYSMD4","Exc L4-5 RORB IL1RAPL2",-0.00378282156195573,4.48160957612293,0.00937915425715295,0.922965988596592,0.983618297974447,0.983618297974447,"social_isolation_avg"
"14273","AC090825.1","Exc L4-5 RORB IL1RAPL2",0.347802372286973,1.77502337715436,2.14298941359901,0.145121679607802,0.439943158219017,0.439943158219017,"social_isolation_avg"
"14274","ADAMTS17","Exc L4-5 RORB IL1RAPL2",0.183005454921969,3.26860446650978,3.35186268955587,0.0689296941073475,0.300330774197285,0.300330774197285,"social_isolation_avg"
"14275","SPATA41","Exc L4-5 RORB IL1RAPL2",-0.0825604423605643,0.711446076379586,0.789334959360437,0.388874513397782,0.704104752918606,0.704104752918606,"social_isolation_avg"
"14276","CERS3-AS1","Exc L4-5 RORB IL1RAPL2",-0.0183991731772498,0.0768645075511736,0.0231926524295275,0.879142881457349,0.971919007001401,0.971919007001401,"social_isolation_avg"
"14277","CERS3","Exc L4-5 RORB IL1RAPL2",0.0924357469917145,1.44262657791858,0.669721203811519,0.414327009514067,0.723733506925375,0.723733506925375,"social_isolation_avg"
"14278","AC027020.2","Exc L4-5 RORB IL1RAPL2",0.0531457303800336,2.04510228842468,0.258078124810488,0.612120838488167,0.852490680482453,0.852490680482453,"social_isolation_avg"
"14279","LINS1","Exc L4-5 RORB IL1RAPL2",0.00161944707988172,4.71983063931668,0.0017724219683119,0.966469677115752,0.993646254835144,0.993646254835144,"social_isolation_avg"
"14280","ASB7","Exc L4-5 RORB IL1RAPL2",0.0277508957388327,4.6663650777961,1.59195217864805,0.208824973516802,0.527127660932923,0.527127660932923,"social_isolation_avg"
"14281","AC087762.1","Exc L4-5 RORB IL1RAPL2",0.112009753474654,1.43977161152519,1.75214332874364,0.187435258309301,0.49677301057155,0.49677301057155,"social_isolation_avg"
"14282","ALDH1A3","Exc L4-5 RORB IL1RAPL2",0.109228150187665,2.20708780826085,1.79774290275097,0.181825268302928,0.488383844424893,0.488383844424893,"social_isolation_avg"
"14283","AC015712.7","Exc L4-5 RORB IL1RAPL2",-0.119742284238187,1.26929725583555,2.09093787360678,0.150068482987349,0.447297694802083,0.447297694802083,"social_isolation_avg"
"14284","AC015712.2","Exc L4-5 RORB IL1RAPL2",-0.0704081428007311,5.01732410402238,6.89208076420399,0.00947011978301065,0.0957691803390404,0.0957691803390404,"social_isolation_avg"
"14285","LRRK1","Exc L4-5 RORB IL1RAPL2",0.0350359998095163,8.7445732240723,2.40973891124734,0.122495006585364,0.402686936371686,0.402686936371686,"social_isolation_avg"
"14286","AC090907.1","Exc L4-5 RORB IL1RAPL2",0.10676380430021,0.103434125407387,0.744813484098623,0.389373741421351,0.704469359479191,0.704469359479191,"social_isolation_avg"
"14287","AC090907.2","Exc L4-5 RORB IL1RAPL2",0.0377014815593234,4.78680424036755,0.548493480009689,0.459984625954009,0.758231339320011,0.758231339320011,"social_isolation_avg"
"14288","CHSY1","Exc L4-5 RORB IL1RAPL2",0.0412607025491873,5.27170686689988,2.07745669136273,0.151380818567741,0.448946154877778,0.448946154877778,"social_isolation_avg"
"14289","SELENOS","Exc L4-5 RORB IL1RAPL2",-0.0495689543919755,3.42317045761259,1.47634303801241,0.226080283960415,0.547736919280445,0.547736919280445,"social_isolation_avg"
"14290","SNRPA1","Exc L4-5 RORB IL1RAPL2",0.0768358830886011,4.91960418168293,9.08770283602435,0.00297932735917528,0.0476900448735143,0.0476900448735143,"social_isolation_avg"
"14291","AC023024.1","Exc L4-5 RORB IL1RAPL2",-0.0465336604142715,1.27796544072392,0.389060958982514,0.533653220651424,0.809334128562487,0.809334128562487,"social_isolation_avg"
"14292","PCSK6","Exc L4-5 RORB IL1RAPL2",-1.3617587470052,0.0349997237349204,12.5402874915256,0.000517622288492176,0.0153992630826422,0.0153992630826422,"social_isolation_avg"
"14293","TM2D3","Exc L4-5 RORB IL1RAPL2",-0.0509858683431787,5.66462053556076,4.45815990113255,0.0362385697146164,0.209428826380653,0.209428826380653,"social_isolation_avg"
"14294","TARSL2","Exc L4-5 RORB IL1RAPL2",-0.0213505936856682,5.87726922488375,0.707326997168576,0.401547598925669,0.714288244293465,0.714288244293465,"social_isolation_avg"
"14295","WASIR2","Exc L4-5 RORB IL1RAPL2",-0.153624714796047,0.793148646555367,1.01064521919628,0.31621768257967,0.644319919458317,0.644319919458317,"social_isolation_avg"
"14296","POLR3K","Exc L4-5 RORB IL1RAPL2",-0.154394680486885,3.11526718460231,15.924812812136,9.88729175559401e-05,0.00568624459901502,0.00568624459901502,"social_isolation_avg"
"14297","SNRNP25","Exc L4-5 RORB IL1RAPL2",-0.117065996861926,3.73919812082408,7.80349220447904,0.00583050846931708,0.072245612801538,0.072245612801538,"social_isolation_avg"
"14298","RHBDF1","Exc L4-5 RORB IL1RAPL2",-0.0517652101631829,1.23571225451448,0.294789603228758,0.587898823768036,0.840010352191718,0.840010352191718,"social_isolation_avg"
"14299","MPG","Exc L4-5 RORB IL1RAPL2",-0.0341538081277457,4.53103809875768,1.3853723108181,0.240880230067223,0.565260428265153,0.565260428265153,"social_isolation_avg"
"14300","NPRL3","Exc L4-5 RORB IL1RAPL2",-0.0203504203418682,5.84402908628203,0.664569749479688,0.416124316310248,0.725131397575952,0.725131397575952,"social_isolation_avg"
"14301","Z69720.1","Exc L4-5 RORB IL1RAPL2",0.0730779626822512,-0.236576636028933,0.298344834934658,0.585658392282788,0.839233040842801,0.839233040842801,"social_isolation_avg"
"14302","HBA2","Exc L4-5 RORB IL1RAPL2",-0.157158024764937,0.770828956738231,1.23889113068566,0.267300883618947,0.597260276210923,0.597260276210923,"social_isolation_avg"
"14303","HBA1","Exc L4-5 RORB IL1RAPL2",-0.0171161672843206,0.374376330798391,0.0118127735026319,0.913582906723888,0.981668613012071,0.981668613012071,"social_isolation_avg"
"14304","HBQ1","Exc L4-5 RORB IL1RAPL2",-0.134796830911096,0.26081813888139,0.885908845025237,0.347961880761713,0.670446715467654,0.670446715467654,"social_isolation_avg"
"14305","Z69706.1","Exc L4-5 RORB IL1RAPL2",0.0218592567458499,0.575106146210604,0.0383741087723456,0.844934444539104,0.961277411167361,0.961277411167361,"social_isolation_avg"
"14306","LUC7L","Exc L4-5 RORB IL1RAPL2",0.0733542580353004,6.50477572429353,11.5360045163189,0.000855045986434166,0.0214126238838076,0.0214126238838076,"social_isolation_avg"
"14307","FAM234A","Exc L4-5 RORB IL1RAPL2",0.171728308295059,3.75683046769365,20.4002232190883,1.19035309169837e-05,0.00153215447945748,0.00153215447945748,"social_isolation_avg"
"14308","RGS11","Exc L4-5 RORB IL1RAPL2",-0.0230495656320678,5.49574888334434,0.538957022139806,0.463905373685044,0.760696405962599,0.760696405962599,"social_isolation_avg"
"14309","ARHGDIG","Exc L4-5 RORB IL1RAPL2",-0.110542944880318,5.83722318693612,6.46671149225017,0.0119092830730414,0.109229242168297,0.109229242168297,"social_isolation_avg"
"14310","PDIA2","Exc L4-5 RORB IL1RAPL2",-0.00185348760544309,4.4209910215207,0.00167276000290112,0.967425463349907,0.994093242531172,0.994093242531172,"social_isolation_avg"
"14311","AXIN1","Exc L4-5 RORB IL1RAPL2",0.0468397565685599,4.86489769459619,3.51403525683774,0.0626153400890868,0.284657580448249,0.284657580448249,"social_isolation_avg"
"14312","MRPL28","Exc L4-5 RORB IL1RAPL2",-0.0938904703848258,3.61520554451868,3.53843088539055,0.0617206509690806,0.282422354772908,0.282422354772908,"social_isolation_avg"
"14313","TMEM8A","Exc L4-5 RORB IL1RAPL2",0.0395483906684022,3.14718555901406,0.881511429771255,0.349157945011279,0.671078252151497,0.671078252151497,"social_isolation_avg"
"14314","NME4","Exc L4-5 RORB IL1RAPL2",-0.031576356892103,4.04412230269922,0.705859764495913,0.402035277283665,0.714599293704483,0.714599293704483,"social_isolation_avg"
"14315","DECR2","Exc L4-5 RORB IL1RAPL2",0.0224512984587938,1.67303355042727,0.108567984876692,0.74219754224094,0.919373133834198,0.919373133834198,"social_isolation_avg"
"14316","RAB11FIP3","Exc L4-5 RORB IL1RAPL2",0.0784129040383678,7.05354229147083,14.7696778431918,0.000172952474902448,0.00794280043113889,0.00794280043113889,"social_isolation_avg"
"14317","CAPN15","Exc L4-5 RORB IL1RAPL2",-0.0300990507089228,3.87598079632539,0.871886821968483,0.351795464136929,0.672355755245942,0.672355755245942,"social_isolation_avg"
"14318","PIGQ","Exc L4-5 RORB IL1RAPL2",0.0269338913652842,5.01307653580734,0.583571110592165,0.446004995107593,0.747198557856451,0.747198557856451,"social_isolation_avg"
"14319","RAB40C","Exc L4-5 RORB IL1RAPL2",0.0216252853591689,6.73204941987278,0.976933098999006,0.324401751407887,0.651743830456694,0.651743830456694,"social_isolation_avg"
"14320","WFIKKN1","Exc L4-5 RORB IL1RAPL2",-0.0158884851586942,2.24532240772328,0.0285779348702483,0.865963930029141,0.96677503774678,0.96677503774678,"social_isolation_avg"
"14321","METTL26","Exc L4-5 RORB IL1RAPL2",-0.0810745363385989,4.72064594091688,5.78736860992887,0.0172453751182727,0.136022117761912,0.136022117761912,"social_isolation_avg"
"14322","MCRIP2","Exc L4-5 RORB IL1RAPL2",-0.0484001603148071,3.88211730129377,1.79478688226969,0.18218293520582,0.488809318920776,0.488809318920776,"social_isolation_avg"
"14323","WDR90","Exc L4-5 RORB IL1RAPL2",0.0728267858149681,3.32761347812387,2.74876966956771,0.0992258457408357,0.364767342807163,0.364767342807163,"social_isolation_avg"
"14324","RHOT2","Exc L4-5 RORB IL1RAPL2",-0.0294032029229532,5.31616392390941,0.995228788201426,0.319925908356203,0.647146549170793,0.647146549170793,"social_isolation_avg"
"14325","RHBDL1","Exc L4-5 RORB IL1RAPL2",-0.00747396133346956,5.157757603997,0.0521917801263557,0.819574757523397,0.952050234048104,0.952050234048104,"social_isolation_avg"
"14326","STUB1","Exc L4-5 RORB IL1RAPL2",-0.121832866333439,5.43578119174298,15.0059841908748,0.00015418597107877,0.00740444862634874,0.00740444862634874,"social_isolation_avg"
"14327","JMJD8","Exc L4-5 RORB IL1RAPL2",-0.0475185104025016,2.63415464409012,0.971008426910338,0.325868972080126,0.65268770881723,0.65268770881723,"social_isolation_avg"
"14328","WDR24","Exc L4-5 RORB IL1RAPL2",-0.0695271423783137,2.37748686586962,1.91102904955563,0.168713968340487,0.472715467720191,0.472715467720191,"social_isolation_avg"
"14329","FBXL16","Exc L4-5 RORB IL1RAPL2",-0.0427726029221553,5.98030845913798,1.69906598497476,0.194222745707374,0.50639225182985,0.50639225182985,"social_isolation_avg"
"14330","METRN","Exc L4-5 RORB IL1RAPL2",-0.060316746675298,3.36200843021554,1.35443774551803,0.246180917471387,0.571953479798148,0.571953479798148,"social_isolation_avg"
"14331","FAM173A","Exc L4-5 RORB IL1RAPL2",-0.0897916655617945,4.60912181531397,6.69333371408092,0.0105379515318983,0.102093487421939,0.102093487421939,"social_isolation_avg"
"14332","CCDC78","Exc L4-5 RORB IL1RAPL2",-0.155566325759876,0.531342368117112,1.72238445208478,0.191205817119167,0.502420527086994,0.502420527086994,"social_isolation_avg"
"14333","HAGHL","Exc L4-5 RORB IL1RAPL2",-0.0558910739208881,4.58576998314563,1.44881664473836,0.230438858035283,0.552556696860669,0.552556696860669,"social_isolation_avg"
"14334","NARFL","Exc L4-5 RORB IL1RAPL2",0.0203730772900385,4.26214841551348,0.318382703130491,0.573346029167553,0.831616988731125,0.831616988731125,"social_isolation_avg"
"14335","MSLNL","Exc L4-5 RORB IL1RAPL2",-0.125770515860242,0.955663385331274,1.0929574933686,0.297343250641617,0.628045506294936,0.628045506294936,"social_isolation_avg"
"14336","RPUSD1","Exc L4-5 RORB IL1RAPL2",0.00847139669011975,2.93842791897764,0.0373712100120635,0.846948560352861,0.961743455463031,0.961743455463031,"social_isolation_avg"
"14337","CHTF18","Exc L4-5 RORB IL1RAPL2",0.114890633294969,2.34463240650996,3.65389878519222,0.0576683343922075,0.27268854932039,0.27268854932039,"social_isolation_avg"
"14338","GNG13","Exc L4-5 RORB IL1RAPL2",-0.306097983123887,1.07933017305028,9.90476351793887,0.00195592440596758,0.0368606032722236,0.0368606032722236,"social_isolation_avg"
"14339","PRR25","Exc L4-5 RORB IL1RAPL2",-0.0364513376717655,2.38248065667956,0.322223860939487,0.571044422628342,0.830047746834974,0.830047746834974,"social_isolation_avg"
"14340","LMF1","Exc L4-5 RORB IL1RAPL2",0.0288414138411641,5.509416847881,0.906777736626771,0.342361182102448,0.665444797804121,0.665444797804121,"social_isolation_avg"
"14341","SOX8","Exc L4-5 RORB IL1RAPL2",-0.874089169844662,-0.617046142415893,6.19666692628748,0.0137884952163521,0.117997339660153,0.117997339660153,"social_isolation_avg"
"14342","CACNA1H","Exc L4-5 RORB IL1RAPL2",-0.183317432229951,-0.298479505323187,1.1573333661751,0.283586964522264,0.614684693790175,0.614684693790175,"social_isolation_avg"
"14343","AC120498.9","Exc L4-5 RORB IL1RAPL2",-0.103684926517175,-0.135222981549187,0.576337787433097,0.448832619297181,0.7494803626972,0.7494803626972,"social_isolation_avg"
"14344","UBE2I","Exc L4-5 RORB IL1RAPL2",-0.0113852524200247,5.43096314693571,0.35660529149326,0.551214745825324,0.817682023187844,0.817682023187844,"social_isolation_avg"
"14345","BAIAP3","Exc L4-5 RORB IL1RAPL2",-0.118959612720386,4.79077289150391,3.54307442056523,0.0615519154945089,0.282013458292658,0.282013458292658,"social_isolation_avg"
"14346","TSR3","Exc L4-5 RORB IL1RAPL2",-0.104907641283283,2.80750539959391,3.35320335468756,0.0688747630633975,0.300330774197285,0.300330774197285,"social_isolation_avg"
"14347","GNPTG","Exc L4-5 RORB IL1RAPL2",0.0687254368405162,5.063424216705,6.54552548075172,0.0114125090425852,0.106373839121344,0.106373839121344,"social_isolation_avg"
"14348","AL031709.1","Exc L4-5 RORB IL1RAPL2",-0.0587655015230406,0.00871769799149977,0.232952746558987,0.894585429259421,0.97575666726336,0.97575666726336,"social_isolation_avg"
"14349","UNKL","Exc L4-5 RORB IL1RAPL2",0.0139926611034008,5.15830317980047,0.292916530458593,0.589086245587468,0.840694946822209,0.840694946822209,"social_isolation_avg"
"14350","C16orf91","Exc L4-5 RORB IL1RAPL2",-0.0384411381682847,2.70932389006134,0.544821632883655,0.461487957492984,0.759324014770289,0.759324014770289,"social_isolation_avg"
"14351","CCDC154","Exc L4-5 RORB IL1RAPL2",0.0523529950910265,2.41920663281126,0.583430190585646,0.446059817449749,0.74722424134278,0.74722424134278,"social_isolation_avg"
"14352","CLCN7","Exc L4-5 RORB IL1RAPL2",-0.0200965471100596,5.40376160763133,0.549299137146657,0.459655816240147,0.757956416033434,0.757956416033434,"social_isolation_avg"
"14353","TELO2","Exc L4-5 RORB IL1RAPL2",-0.0234236718356859,3.42948597363279,0.448408149964209,0.504026173262637,0.789525558763337,0.789525558763337,"social_isolation_avg"
"14354","IFT140","Exc L4-5 RORB IL1RAPL2",0.0107203053925071,5.02530851061129,0.226525988905775,0.82204941519092,0.952946758046036,0.952946758046036,"social_isolation_avg"
"14355","TMEM204","Exc L4-5 RORB IL1RAPL2",-0.250793027088603,0.0936307922573692,3.33412096672123,0.0696610989192887,0.30223748054388,0.30223748054388,"social_isolation_avg"
"14356","AL133297.2","Exc L4-5 RORB IL1RAPL2",-0.0256736639330898,0.424706892047704,0.0597409036034672,0.958172837473254,0.991250731587856,0.991250731587856,"social_isolation_avg"
"14357","CRAMP1","Exc L4-5 RORB IL1RAPL2",0.0536740983539102,1.87475280380193,0.787340997849471,0.376194598738362,0.695027880189739,0.695027880189739,"social_isolation_avg"
"14358","JPT2","Exc L4-5 RORB IL1RAPL2",0.0738088438656369,2.89799011045532,2.79291829141601,0.0965738113591168,0.359770247041908,0.359770247041908,"social_isolation_avg"
"14359","MAPK8IP3","Exc L4-5 RORB IL1RAPL2",0.0339714415864853,7.20668741307647,5.39250214054972,0.0214429787641764,0.15444331983136,0.15444331983136,"social_isolation_avg"
"14360","NME3","Exc L4-5 RORB IL1RAPL2",-0.0278896567423669,5.16909264875771,0.678224449676156,0.411385414581072,0.721732665016425,0.721732665016425,"social_isolation_avg"
"14361","MRPS34","Exc L4-5 RORB IL1RAPL2",-0.117986943602794,3.83580015347983,6.97298228934409,0.00906813226830263,0.0932489840481273,0.0932489840481273,"social_isolation_avg"
"14362","EME2","Exc L4-5 RORB IL1RAPL2",-0.0473515646353347,3.62769347464109,0.966487771919172,0.326994441978946,0.653367542552925,0.653367542552925,"social_isolation_avg"
"14363","SPSB3","Exc L4-5 RORB IL1RAPL2",-0.0494118141209743,5.05805081292779,3.54322609433536,0.0615464123846697,0.282013458292658,0.282013458292658,"social_isolation_avg"
"14364","NUBP2","Exc L4-5 RORB IL1RAPL2",-0.0707007219933383,3.25139478747624,3.03594011575205,0.0832992368195325,0.332038005442399,0.332038005442399,"social_isolation_avg"
"14365","HAGH","Exc L4-5 RORB IL1RAPL2",-0.0213911446749528,6.46018420841729,0.956359152434067,0.329534970473824,0.655088377425427,0.655088377425427,"social_isolation_avg"
"14366","FAHD1","Exc L4-5 RORB IL1RAPL2",-0.0272870249666498,3.86467520396221,0.57586886529809,0.507698247764007,0.791918572031955,0.791918572031955,"social_isolation_avg"
"14367","MEIOB","Exc L4-5 RORB IL1RAPL2",0.112883962264507,1.21272517814274,1.94643366638002,0.23445788027587,0.557518857948943,0.557518857948943,"social_isolation_avg"
"14368","MSRB1","Exc L4-5 RORB IL1RAPL2",-0.190983693710179,0.803096016588124,4.55833232031253,0.0342323258577105,0.202662652551233,0.202662652551233,"social_isolation_avg"
"14369","NDUFB10","Exc L4-5 RORB IL1RAPL2",-0.141111774566376,4.15794313652256,15.3302317871225,0.000131756031460032,0.00679279528952388,0.00679279528952388,"social_isolation_avg"
"14370","RPS2","Exc L4-5 RORB IL1RAPL2",-0.0520040128925382,5.20687547389153,2.14175569492356,0.145236760767496,0.440124688682325,0.440124688682325,"social_isolation_avg"
"14371","SNHG9","Exc L4-5 RORB IL1RAPL2",-0.00711881399082202,3.1280493702754,0.0182601578525847,0.892673380392176,0.975456782372777,0.975456782372777,"social_isolation_avg"
"14372","AC005363.2","Exc L4-5 RORB IL1RAPL2",0.129091365667065,0.175553272365351,1.02329741611311,0.313216577295925,0.642285776418793,0.642285776418793,"social_isolation_avg"
"14373","TBL3","Exc L4-5 RORB IL1RAPL2",-0.0510977670214942,2.08652023988885,0.852681822848417,0.381084511234333,0.6991378513668,0.6991378513668,"social_isolation_avg"
"14374","NOXO1","Exc L4-5 RORB IL1RAPL2",0.0517557719123621,1.25950887288392,0.504826104325714,0.478388471003015,0.771398351785243,0.771398351785243,"social_isolation_avg"
"14375","GFER","Exc L4-5 RORB IL1RAPL2",0.0164531924463959,2.4704701530508,0.104077331696955,0.95505648482387,0.990116911366634,0.990116911366634,"social_isolation_avg"
"14376","AC005606.2","Exc L4-5 RORB IL1RAPL2",0.0727664660039404,-0.0837989225696395,0.295130193263602,0.783166969376672,0.937680175261092,0.937680175261092,"social_isolation_avg"
"14377","SYNGR3","Exc L4-5 RORB IL1RAPL2",-0.0429912762085814,5.70708033983414,2.26940217572563,0.133859450474536,0.421283210650149,0.421283210650149,"social_isolation_avg"
"14378","ZNF598","Exc L4-5 RORB IL1RAPL2",-0.0200136654119774,3.11809009383246,0.284784973581438,0.819373057425001,0.952050234048104,0.952050234048104,"social_isolation_avg"
"14379","NPW","Exc L4-5 RORB IL1RAPL2",-0.154493155925032,1.60312280969939,4.58806258936005,0.0336597224371663,0.200561485356051,0.200561485356051,"social_isolation_avg"
"14380","SLC9A3R2","Exc L4-5 RORB IL1RAPL2",-0.104865829509445,3.27570388650812,4.33754931947268,0.0388203598840274,0.218727560333572,0.218727560333572,"social_isolation_avg"
"14381","NTHL1","Exc L4-5 RORB IL1RAPL2",-0.137917723035963,2.83931016082235,8.64781713635492,0.00374427901235264,0.0552617029584434,0.0552617029584434,"social_isolation_avg"
"14382","TSC2","Exc L4-5 RORB IL1RAPL2",0.0278579730189626,5.47476769923956,1.76674279674892,0.411210347024403,0.72168731806407,0.72168731806407,"social_isolation_avg"
"14383","PKD1","Exc L4-5 RORB IL1RAPL2",0.010424791737624,7.68077695423712,0.236008932453726,0.627747004346437,0.861694796085238,0.861694796085238,"social_isolation_avg"
"14384","RAB26","Exc L4-5 RORB IL1RAPL2",0.060359023188572,5.96296462509687,3.99080816857452,0.0473894354494216,0.244414693725501,0.244414693725501,"social_isolation_avg"
"14385","SNHG19","Exc L4-5 RORB IL1RAPL2",-0.180848279243636,2.4545813061791,7.1994489204267,0.00803406657823109,0.0868452217258505,0.0868452217258505,"social_isolation_avg"
"14386","TRAF7","Exc L4-5 RORB IL1RAPL2",0.017891666618403,3.70730721923182,0.286692525842976,0.593067525176393,0.842576260989828,0.842576260989828,"social_isolation_avg"
"14387","CASKIN1","Exc L4-5 RORB IL1RAPL2",0.0125542546303331,5.69776323173329,0.278536261592321,0.598369939378275,0.845412008884135,0.845412008884135,"social_isolation_avg"
"14388","MLST8","Exc L4-5 RORB IL1RAPL2",0.0173697511365659,4.03087929298025,0.154591978661782,0.694691795640445,0.896146969833973,0.896146969833973,"social_isolation_avg"
"14389","BRICD5","Exc L4-5 RORB IL1RAPL2",0.03889025026208,3.43389959763505,0.696764421144767,0.405077809664913,0.716775202157469,0.716775202157469,"social_isolation_avg"
"14390","PGP","Exc L4-5 RORB IL1RAPL2",-0.0541807747602807,6.52108192782346,1.62064254886052,0.204789728046752,0.521767202124635,0.521767202124635,"social_isolation_avg"
"14391","E4F1","Exc L4-5 RORB IL1RAPL2",0.0133076728411388,3.80555273131353,0.126810452734711,0.722216356687141,0.909551212660895,0.909551212660895,"social_isolation_avg"
"14392","DNASE1L2","Exc L4-5 RORB IL1RAPL2",-0.0189737103602055,2.06490277880745,0.0835288136391068,0.772933178340502,0.933332301620383,0.933332301620383,"social_isolation_avg"
"14393","ECI1","Exc L4-5 RORB IL1RAPL2",-0.047382077081377,3.13649845953807,1.15312637494852,0.302652340331474,0.634092008793248,0.634092008793248,"social_isolation_avg"
"14394","RNPS1","Exc L4-5 RORB IL1RAPL2",-0.0368284510407218,6.7056889663675,3.94923573745172,0.0485445680890222,0.24745016164692,0.24745016164692,"social_isolation_avg"
"14395","AC009065.4","Exc L4-5 RORB IL1RAPL2",0.0367954079432104,1.79080344937243,0.279570633031068,0.597692024121224,0.844935876312698,0.844935876312698,"social_isolation_avg"
"14396","ABCA3","Exc L4-5 RORB IL1RAPL2",0.0437139395971249,6.9079734520288,6.43842214302715,0.0120930209591421,0.11005870590088,0.11005870590088,"social_isolation_avg"
"14397","CCNF","Exc L4-5 RORB IL1RAPL2",0.0762960395648254,4.24047756648851,5.9619342839286,0.0156720884597774,0.127376110716257,0.127376110716257,"social_isolation_avg"
"14398","AC106820.5","Exc L4-5 RORB IL1RAPL2",0.0410209683702578,0.444634870150879,0.166160474244048,0.796652034699798,0.943052144191509,0.943052144191509,"social_isolation_avg"
"14399","TEDC2","Exc L4-5 RORB IL1RAPL2",-0.000123824982733996,2.0916067699856,1.98874318727617e-06,0.998876501663809,0.999803496520178,0.999803496520178,"social_isolation_avg"
"14400","AC106820.2","Exc L4-5 RORB IL1RAPL2",-0.0730590106412913,0.103151686779092,0.282304563194977,0.595907939350159,0.843968646764093,0.843968646764093,"social_isolation_avg"
"14401","TBC1D24","Exc L4-5 RORB IL1RAPL2",0.0337521035270946,2.29558255723761,0.469287825494315,0.608450997518076,0.850887015819624,0.850887015819624,"social_isolation_avg"
"14402","AMDHD2","Exc L4-5 RORB IL1RAPL2",0.0347521106264853,3.84397807970319,0.800769314082687,0.372164631360906,0.690230051948608,0.690230051948608,"social_isolation_avg"
"14403","PDPK1","Exc L4-5 RORB IL1RAPL2",0.0112552095278585,6.71171622516897,0.203368442200867,0.652606585887582,0.874771122512626,0.874771122512626,"social_isolation_avg"
"14404","AC093525.6","Exc L4-5 RORB IL1RAPL2",-0.0768855796383295,1.66220858899836,0.805412112492565,0.370785414892621,0.688793808768762,0.688793808768762,"social_isolation_avg"
"14405","AC093525.7","Exc L4-5 RORB IL1RAPL2",-0.1336549090224,0.859794363575059,1.5696349655375,0.212029491114868,0.530327882569527,0.530327882569527,"social_isolation_avg"
"14406","AC093525.4","Exc L4-5 RORB IL1RAPL2",-0.0465224432997979,3.57353398402455,0.399003025485104,0.528477183666309,0.806396515495987,0.806396515495987,"social_isolation_avg"
"14407","KCTD5","Exc L4-5 RORB IL1RAPL2",0.0145809096048335,3.67221357929313,0.188059286081142,0.665102217450181,0.881445615771863,0.881445615771863,"social_isolation_avg"
"14408","PRSS27","Exc L4-5 RORB IL1RAPL2",0.163062374128951,0.931370045819402,2.71009068906933,0.10161531890898,0.369529780718202,0.369529780718202,"social_isolation_avg"
"14409","SRRM2-AS1","Exc L4-5 RORB IL1RAPL2",-0.144933291417681,0.932229130745565,2.88981572944008,0.106683947748547,0.377622665980968,0.377622665980968,"social_isolation_avg"
"14410","SRRM2","Exc L4-5 RORB IL1RAPL2",-0.00477053955366636,7.24383837833091,0.0367311970159318,0.848248585288732,0.961873912835597,0.961873912835597,"social_isolation_avg"
"14411","ELOB","Exc L4-5 RORB IL1RAPL2",-0.177133691659905,4.72842657474128,17.1492502979347,5.49881622229292e-05,0.00391139480233099,0.00391139480233099,"social_isolation_avg"
"14412","FLYWCH2","Exc L4-5 RORB IL1RAPL2",-0.0179997515973897,3.92856728237817,0.331156706342074,0.670365072006495,0.884060349065892,0.884060349065892,"social_isolation_avg"
"14413","FLYWCH1","Exc L4-5 RORB IL1RAPL2",0.067794369521455,5.75056305178977,7.82825504143461,0.0057547826463594,0.0714945781035891,0.0714945781035891,"social_isolation_avg"
"14414","AC004034.1","Exc L4-5 RORB IL1RAPL2",0.178548637497488,1.70116553571212,7.36860162615002,0.00734176001068779,0.0828839147745964,0.0828839147745964,"social_isolation_avg"
"14415","KREMEN2","Exc L4-5 RORB IL1RAPL2",-0.0912888351331656,-0.468140713361883,0.243164046873384,0.622584617498091,0.858648848316343,0.858648848316343,"social_isolation_avg"
"14416","PKMYT1","Exc L4-5 RORB IL1RAPL2",-0.0616448906640146,0.592435748379767,0.435798549942416,0.51007615833139,0.793745455365427,0.793745455365427,"social_isolation_avg"
"14417","PAQR4","Exc L4-5 RORB IL1RAPL2",-0.0558194457561642,3.26880461679246,1.53426302402654,0.217229869192849,0.537001091585825,0.537001091585825,"social_isolation_avg"
"14418","AC004233.4","Exc L4-5 RORB IL1RAPL2",-0.0665515280101639,0.884879177565997,0.631892991934544,0.427801691561139,0.734198262316878,0.734198262316878,"social_isolation_avg"
"14419","AC004233.3","Exc L4-5 RORB IL1RAPL2",-0.0657708710540307,1.10232856857939,0.639139446812104,0.434531897455162,0.739108613234777,0.739108613234777,"social_isolation_avg"
"14420","CLDN9","Exc L4-5 RORB IL1RAPL2",-0.00203350175133932,1.76112341091959,0.0012057779025552,0.972341470382072,0.995695809287521,0.995695809287521,"social_isolation_avg"
"14421","HCFC1R1","Exc L4-5 RORB IL1RAPL2",-0.0873722474647117,5.0998709977396,8.5638451008789,0.00391188776928727,0.0562010846489632,0.0562010846489632,"social_isolation_avg"
"14422","THOC6","Exc L4-5 RORB IL1RAPL2",-0.0287200902468961,1.52470382900572,0.204559423160516,0.651658492293131,0.874004422320455,0.874004422320455,"social_isolation_avg"
"14423","BICDL2","Exc L4-5 RORB IL1RAPL2",-0.0375573515094494,1.97178251831292,0.281094748113046,0.596696057599535,0.844476100641244,0.844476100641244,"social_isolation_avg"
"14424","MMP25","Exc L4-5 RORB IL1RAPL2",0.0526077044230971,0.596857918258006,0.240821575375848,0.62426419676147,0.859720712346152,0.859720712346152,"social_isolation_avg"
"14425","MMP25-AS1","Exc L4-5 RORB IL1RAPL2",0.00920339320916524,3.58408201988517,0.0514512636457414,0.820837214376606,0.952379154185799,0.952379154185799,"social_isolation_avg"
"14426","ZNF213-AS1","Exc L4-5 RORB IL1RAPL2",-0.00551992527857655,3.80638191561861,0.0235099396928314,0.878325448894446,0.971685504065327,0.971685504065327,"social_isolation_avg"
"14427","ZNF205","Exc L4-5 RORB IL1RAPL2",0.0793833190831609,2.62195238333231,2.29773635890628,0.131472685924562,0.41724164548451,0.41724164548451,"social_isolation_avg"
"14428","ZNF213","Exc L4-5 RORB IL1RAPL2",-0.108604636214657,3.87019653489588,6.12308831194913,0.0143521681251921,0.121162330350693,0.121162330350693,"social_isolation_avg"
"14429","AC108134.2","Exc L4-5 RORB IL1RAPL2",-0.107013492620407,-0.633066478020024,0.318517525418807,0.573264934509783,0.831616988731125,0.831616988731125,"social_isolation_avg"
"14430","AJ003147.2","Exc L4-5 RORB IL1RAPL2",0.079337815313949,1.37999935431006,0.719264314292337,0.397611740529589,0.711545403114689,0.711545403114689,"social_isolation_avg"
"14431","ZNF200","Exc L4-5 RORB IL1RAPL2",0.0470803951321261,2.81410046686129,0.969027060926261,0.326361619935197,0.652982310523691,0.652982310523691,"social_isolation_avg"
"14432","ZNF263","Exc L4-5 RORB IL1RAPL2",0.0133944575234814,4.14295115533899,0.127510428496128,0.721482870801285,0.909296979182147,0.909296979182147,"social_isolation_avg"
"14433","TIGD7","Exc L4-5 RORB IL1RAPL2",-0.0573481788023439,3.83342230428063,2.25663753024467,0.134950619027248,0.423164368247398,0.423164368247398,"social_isolation_avg"
"14434","ZNF75A","Exc L4-5 RORB IL1RAPL2",0.0413936329467197,4.98256403585028,2.67250275295359,0.103998332093755,0.373134964887617,0.373134964887617,"social_isolation_avg"
"14435","AC025283.3","Exc L4-5 RORB IL1RAPL2",-0.0616960882726719,3.08791926421289,2.2591811740949,0.145405304619018,0.440405597678315,0.440405597678315,"social_isolation_avg"
"14436","ZSCAN32","Exc L4-5 RORB IL1RAPL2",-0.0407548772974346,2.54427196442703,0.747942132663235,0.38838189668157,0.703971223339115,0.703971223339115,"social_isolation_avg"
"14437","ZNF597","Exc L4-5 RORB IL1RAPL2",-0.0900375490023787,1.93271503605659,2.39976924436541,0.221786405830217,0.542944829177582,0.542944829177582,"social_isolation_avg"
"14438","NAA60","Exc L4-5 RORB IL1RAPL2",-0.0679168748800613,3.56226642329741,3.33876899967579,0.0694686761959705,0.301887189321074,0.301887189321074,"social_isolation_avg"
"14439","CLUAP1","Exc L4-5 RORB IL1RAPL2",-0.0159290894631271,5.53234223894333,0.555062609389329,0.457314446349996,0.755301824163357,0.755301824163357,"social_isolation_avg"
"14440","NLRC3","Exc L4-5 RORB IL1RAPL2",0.0394302513855551,1.91399276693122,0.32601238526251,0.776774328426086,0.935377617278421,0.935377617278421,"social_isolation_avg"
"14441","AC004494.1","Exc L4-5 RORB IL1RAPL2",-0.0448212764182668,2.28004730132501,0.569167995765788,0.451663173352635,0.752180227894597,0.752180227894597,"social_isolation_avg"
"14442","AC006111.1","Exc L4-5 RORB IL1RAPL2",-0.168980527339082,-0.101691255189286,1.48947826259909,0.224035616775368,0.545206161415657,0.545206161415657,"social_isolation_avg"
"14443","SLX4","Exc L4-5 RORB IL1RAPL2",-0.036240358175651,3.79817912961474,1.23827023851525,0.267420346917,0.597456651790832,0.597456651790832,"social_isolation_avg"
"14444","DNASE1","Exc L4-5 RORB IL1RAPL2",0.0248184387013956,5.25946937834653,0.97446242607256,0.325012532793908,0.652229924187665,0.652229924187665,"social_isolation_avg"
"14445","TRAP1","Exc L4-5 RORB IL1RAPL2",0.0701426958353498,6.14714471040704,10.0263334955852,0.00183791283035582,0.0354486734588811,0.0354486734588811,"social_isolation_avg"
"14446","CREBBP","Exc L4-5 RORB IL1RAPL2",-0.0196660734405717,7.10781986819189,1.75531600762534,0.187038437094072,0.496315537590192,0.496315537590192,"social_isolation_avg"
"14447","ADCY9","Exc L4-5 RORB IL1RAPL2",0.0373824334595209,7.17924335424127,4.02853555803088,0.0463664603375152,0.241880285648229,0.241880285648229,"social_isolation_avg"
"14448","SRL","Exc L4-5 RORB IL1RAPL2",-0.022687314086063,-0.113503813067198,0.0345678400570262,0.892237119754443,0.975346761322452,0.975346761322452,"social_isolation_avg"
"14449","LINC01569","Exc L4-5 RORB IL1RAPL2",0.0207784612497446,0.396309818487325,0.0449237226874633,0.832405468998909,0.956377179695288,0.956377179695288,"social_isolation_avg"
"14450","TFAP4","Exc L4-5 RORB IL1RAPL2",0.101724662745301,3.12586819876272,4.53564573730437,0.0346761812008822,0.203633775450618,0.203633775450618,"social_isolation_avg"
"14451","GLIS2","Exc L4-5 RORB IL1RAPL2",-0.0112876530974594,2.50725996737182,0.0623716527243492,0.803096063247726,0.94516269283512,0.94516269283512,"social_isolation_avg"
"14452","GLIS2-AS1","Exc L4-5 RORB IL1RAPL2",0.147439759698055,0.395775973979119,1.79913043655023,0.358057261091117,0.67795471200891,0.67795471200891,"social_isolation_avg"
"14453","PAM16","Exc L4-5 RORB IL1RAPL2",0.0979330819953739,1.15516024090426,1.87978508758508,0.249956441232856,0.576234615555925,0.576234615555925,"social_isolation_avg"
"14454","CORO7","Exc L4-5 RORB IL1RAPL2",0.171532606797704,0.313279325993306,2.61298792513762,0.107898789562312,0.37991631289852,0.37991631289852,"social_isolation_avg"
"14455","VASN","Exc L4-5 RORB IL1RAPL2",-0.102892036447435,2.13005067725198,2.89061247008027,0.0909778067155189,0.348954202486181,0.348954202486181,"social_isolation_avg"
"14456","DNAJA3","Exc L4-5 RORB IL1RAPL2",-0.0118494478190585,4.86356042203649,0.259844439214132,0.610906958011706,0.852117185969555,0.852117185969555,"social_isolation_avg"
"14457","NMRAL1","Exc L4-5 RORB IL1RAPL2",0.0500349681713896,4.20431951575588,2.70947587688695,0.101653808791446,0.369598715630851,0.369598715630851,"social_isolation_avg"
"14458","HMOX2","Exc L4-5 RORB IL1RAPL2",-0.0372092826102238,5.15670418452373,1.93001199836125,0.16662576867079,0.470408882668103,0.470408882668103,"social_isolation_avg"
"14459","CDIP1","Exc L4-5 RORB IL1RAPL2",-0.0773694164450737,6.29829339018844,10.8265544982646,0.0012230123890021,0.0268592356241903,0.0268592356241903,"social_isolation_avg"
"14460","C16orf96","Exc L4-5 RORB IL1RAPL2",0.146089810274094,0.918506720703328,3.33765094706782,0.108206355421278,0.380344643107041,0.380344643107041,"social_isolation_avg"
"14461","UBALD1","Exc L4-5 RORB IL1RAPL2",-0.0521574523530334,4.28042923094504,3.17969201555407,0.0763938643497181,0.31729439766151,0.31729439766151,"social_isolation_avg"
"14462","MGRN1","Exc L4-5 RORB IL1RAPL2",-0.0114944216960645,5.7986480386538,0.243569102138593,0.622295209781958,0.85844616974952,0.85844616974952,"social_isolation_avg"
"14463","NUDT16L1","Exc L4-5 RORB IL1RAPL2",-0.10362293868368,3.63246509388788,6.01218260882212,0.0152474931060513,0.12566542098506,0.12566542098506,"social_isolation_avg"
"14464","ANKS3","Exc L4-5 RORB IL1RAPL2",0.0124676806262348,5.76912448803862,0.406652231078753,0.546835501111524,0.815611895947664,0.815611895947664,"social_isolation_avg"
"14465","C16orf71","Exc L4-5 RORB IL1RAPL2",-0.0943207500398415,0.800351231822854,1.26324235211461,0.756211483550923,0.9258024898264,0.9258024898264,"social_isolation_avg"
"14466","ZNF500","Exc L4-5 RORB IL1RAPL2",0.0714034726353859,4.51180017262099,5.99289311311777,0.0154090543740927,0.126123512316567,0.126123512316567,"social_isolation_avg"
"14467","SEPT12","Exc L4-5 RORB IL1RAPL2",0.257075469776597,0.574131244258989,4.45350160477788,0.0363348373319173,0.209664976260204,0.209664976260204,"social_isolation_avg"
"14468","SMIM22","Exc L4-5 RORB IL1RAPL2",0.200096960374447,-0.0894745763809147,1.95646525081431,0.163765331414902,0.467008867475713,0.467008867475713,"social_isolation_avg"
"14469","ROGDI","Exc L4-5 RORB IL1RAPL2",-0.161649185807129,5.27999225856844,24.144696205282,2.1357577575395e-06,0.000486875572655481,0.000486875572655481,"social_isolation_avg"
"14470","GLYR1","Exc L4-5 RORB IL1RAPL2",0.0330135111719211,6.30777400755811,3.90176845436648,0.0499002964952705,0.251699223665206,0.251699223665206,"social_isolation_avg"
"14471","UBN1","Exc L4-5 RORB IL1RAPL2",-0.0237000456019541,4.91430010077396,1.11744115319279,0.292012550079254,0.623502448383029,0.623502448383029,"social_isolation_avg"
"14472","PPL","Exc L4-5 RORB IL1RAPL2",-0.00843102417518165,4.60523302741334,0.0416648070652537,0.838511141659539,0.957944047297437,0.957944047297437,"social_isolation_avg"
"14473","SEC14L5","Exc L4-5 RORB IL1RAPL2",0.0946569022862234,5.9403319934353,14.4508968131183,0.000202016913369847,0.00884806022655294,0.00884806022655294,"social_isolation_avg"
"14474","NAGPA-AS1","Exc L4-5 RORB IL1RAPL2",0.0696032651675254,1.91916895782858,1.01867035865156,0.314309753525675,0.642771223962153,0.642771223962153,"social_isolation_avg"
"14475","NAGPA","Exc L4-5 RORB IL1RAPL2",0.0406859302971065,5.61173050478375,2.24474519099574,0.135976255291466,0.424760285305457,0.424760285305457,"social_isolation_avg"
"14476","ALG1","Exc L4-5 RORB IL1RAPL2",-0.0215647358133625,3.65120727351578,0.306554220684107,0.580550558619325,0.836412771697586,0.836412771697586,"social_isolation_avg"
"14477","EEF2KMT","Exc L4-5 RORB IL1RAPL2",-0.102404026002108,0.786687821691429,1.34370953615932,0.248052638425658,0.574094118616753,0.574094118616753,"social_isolation_avg"
"14478","AC026458.2","Exc L4-5 RORB IL1RAPL2",0.0376887476770218,3.25271365834331,0.768234281788262,0.382035840596092,0.700042798753063,0.700042798753063,"social_isolation_avg"
"14479","RBFOX1","Exc L4-5 RORB IL1RAPL2",0.0288845694231984,12.6121506992184,4.3071676382109,0.039500940542192,0.220406162193694,0.220406162193694,"social_isolation_avg"
"14480","TMEM114","Exc L4-5 RORB IL1RAPL2",0.121614284319256,-0.47983465186613,0.607250108154796,0.43693931052099,0.740335693952507,0.740335693952507,"social_isolation_avg"
"14481","METTL22","Exc L4-5 RORB IL1RAPL2",0.0563278757646153,4.22710921292963,3.39125195161757,0.067335334548148,0.295874346606667,0.295874346606667,"social_isolation_avg"
"14482","ABAT","Exc L4-5 RORB IL1RAPL2",0.0236900554671185,6.5690521281418,1.86810113691982,0.173548803265976,0.479094967405241,0.479094967405241,"social_isolation_avg"
"14483","TMEM186","Exc L4-5 RORB IL1RAPL2",-0.0715301522910493,2.03308258585133,1.58384172474575,0.209982818509643,0.528265511105033,0.528265511105033,"social_isolation_avg"
"14484","PMM2","Exc L4-5 RORB IL1RAPL2",0.0660025291048917,4.72103979180773,6.03144041727828,0.0150879550346234,0.125005734355117,0.125005734355117,"social_isolation_avg"
"14485","AC022167.2","Exc L4-5 RORB IL1RAPL2",0.076861393928491,1.46453334674437,1.32792555712582,0.250838437467536,0.577526657985307,0.577526657985307,"social_isolation_avg"
"14486","CARHSP1","Exc L4-5 RORB IL1RAPL2",0.184002805399195,2.48806931736121,6.70201489380171,0.010488797804183,0.101721447079931,0.101721447079931,"social_isolation_avg"
"14487","USP7","Exc L4-5 RORB IL1RAPL2",-0.00819539225735853,5.78867038366028,0.256891846291717,0.61293903503955,0.85331612699458,0.85331612699458,"social_isolation_avg"
"14488","C16orf72","Exc L4-5 RORB IL1RAPL2",-0.0178276211514212,5.49251096964324,0.782540353509781,0.377650266372678,0.696376638732817,0.696376638732817,"social_isolation_avg"
"14489","AC087190.1","Exc L4-5 RORB IL1RAPL2",-0.0275427348632747,0.874614472382382,0.0711136968631592,0.790054468682148,0.940460560046237,0.940460560046237,"social_isolation_avg"
"14490","LINC02177","Exc L4-5 RORB IL1RAPL2",0.0697894120148019,1.78675310512108,0.905270774790903,0.342761490982635,0.665492238919407,0.665492238919407,"social_isolation_avg"
"14491","AC007221.1","Exc L4-5 RORB IL1RAPL2",0.0613053865634664,1.58975069956303,0.582248985135965,0.446519756745229,0.747581268563166,0.747581268563166,"social_isolation_avg"
"14492","AC007221.2","Exc L4-5 RORB IL1RAPL2",0.0784920782527053,2.33798814953258,1.02608356307084,0.312560738251363,0.641357957754478,0.641357957754478,"social_isolation_avg"
"14493","GRIN2A","Exc L4-5 RORB IL1RAPL2",0.00682335188384764,9.84155149931148,0.198235012128033,0.656731801354148,0.877296131984033,0.877296131984033,"social_isolation_avg"
"14494","AC133565.1","Exc L4-5 RORB IL1RAPL2",0.0282527139234205,2.49934990176715,0.229304995333121,0.632672474011035,0.864304106405572,0.864304106405572,"social_isolation_avg"
"14495","ATF7IP2","Exc L4-5 RORB IL1RAPL2",-0.119036178784803,6.05354663456379,16.3562802816972,8.03507174700838e-05,0.00498464237787362,0.00498464237787362,"social_isolation_avg"
"14496","EMP2","Exc L4-5 RORB IL1RAPL2",0.114728800310206,0.335726942861658,1.12264969854465,0.290894421856417,0.622344341468257,0.622344341468257,"social_isolation_avg"
"14497","TEKT5","Exc L4-5 RORB IL1RAPL2",0.0755840877794831,1.83291957372628,0.906619632781031,0.342403150967124,0.665444797804121,0.665444797804121,"social_isolation_avg"
"14498","NUBP1","Exc L4-5 RORB IL1RAPL2",0.00611865595430163,3.43243450259414,0.0269255917093072,0.869860612839073,0.967732474374979,0.967732474374979,"social_isolation_avg"
"14499","TVP23A","Exc L4-5 RORB IL1RAPL2",0.0679198458999787,5.69287011895725,7.44601165840109,0.00704578377263239,0.0809922689926959,0.0809922689926959,"social_isolation_avg"
"14500","AC133065.1","Exc L4-5 RORB IL1RAPL2",0.176916047412372,1.45956056438732,2.29975461083604,0.13130451264133,0.417100024560109,0.417100024560109,"social_isolation_avg"
"14501","CIITA","Exc L4-5 RORB IL1RAPL2",0.14678732617263,0.505649405818786,1.4410065782996,0.231694030176918,0.55394020027514,0.55394020027514,"social_isolation_avg"
"14502","DEXI","Exc L4-5 RORB IL1RAPL2",-0.112881588449623,4.14265282903275,14.8192894981668,0.000168828378421803,0.00784865294378118,0.00784865294378118,"social_isolation_avg"
"14503","CLEC16A","Exc L4-5 RORB IL1RAPL2",0.0195886360808822,7.19362306611294,1.60592969555005,0.206847354676586,0.524171724603504,0.524171724603504,"social_isolation_avg"
"14504","AC007014.1","Exc L4-5 RORB IL1RAPL2",0.0657537572305817,1.53995884260952,0.592424314005751,0.442581703383051,0.744728679429754,0.744728679429754,"social_isolation_avg"
"14505","AC007220.1","Exc L4-5 RORB IL1RAPL2",0.180733700081276,2.99077789574478,16.3426555196723,8.0877830139558e-05,0.00499255384723083,0.00499255384723083,"social_isolation_avg"
"14506","RMI2","Exc L4-5 RORB IL1RAPL2",0.0167373022125088,1.85584483152082,0.0471325688022726,0.828397860870323,0.954284074613539,0.954284074613539,"social_isolation_avg"
"14507","AC099489.1","Exc L4-5 RORB IL1RAPL2",-0.0225397704666418,1.07993013762259,0.0822675082692563,0.774606960297592,0.934477065531161,0.934477065531161,"social_isolation_avg"
"14508","SNN","Exc L4-5 RORB IL1RAPL2",-0.0517626748894188,5.13664795681243,2.50413856452565,0.11545903673127,0.392208336443871,0.392208336443871,"social_isolation_avg"
"14509","TXNDC11","Exc L4-5 RORB IL1RAPL2",0.0303277326467989,5.07005717948969,2.09638536235821,0.149541876955975,0.446642755151382,0.446642755151382,"social_isolation_avg"
"14510","AC007613.1","Exc L4-5 RORB IL1RAPL2",-0.117185962115308,-0.0410953548946402,0.767915915501359,0.382134258181898,0.700042798753063,0.700042798753063,"social_isolation_avg"
"14511","ZC3H7A","Exc L4-5 RORB IL1RAPL2",0.00844336856753082,5.18387335490597,0.17556543153824,0.675756238611039,0.886127412489639,0.886127412489639,"social_isolation_avg"
"14512","RSL1D1","Exc L4-5 RORB IL1RAPL2",-0.020300502861506,4.55677343877681,0.505027381037369,0.478300913383148,0.771388644913275,0.771388644913275,"social_isolation_avg"
"14513","AC007216.4","Exc L4-5 RORB IL1RAPL2",0.0703347123144779,4.31783599104782,4.93581798966866,0.027663653154461,0.178765020947936,0.178765020947936,"social_isolation_avg"
"14514","GSPT1","Exc L4-5 RORB IL1RAPL2",0.0112527780657522,6.09410834035467,0.322984844093359,0.570590600679472,0.829851836839196,0.829851836839196,"social_isolation_avg"
"14515","AC007216.2","Exc L4-5 RORB IL1RAPL2",0.0460609359663784,0.522216630183305,0.0868026441261709,0.768651661611798,0.931404335648312,0.931404335648312,"social_isolation_avg"
"14516","NPIPB2","Exc L4-5 RORB IL1RAPL2",-1.8328512377466e-05,2.48649327536477,4.9196653249478e-08,0.999823294119593,1,1,"social_isolation_avg"
"14517","SNX29","Exc L4-5 RORB IL1RAPL2",0.0392020388403168,6.67852574633888,2.16921029736642,0.142700115053755,0.436716682563793,0.436716682563793,"social_isolation_avg"
"14518","AC010333.2","Exc L4-5 RORB IL1RAPL2",0.0988596678264389,1.16479603588261,1.17767671578284,0.285686884384761,0.616677587212976,0.616677587212976,"social_isolation_avg"
"14519","CPPED1","Exc L4-5 RORB IL1RAPL2",-0.065433617112777,4.3968097519354,5.01025273007152,0.026532911475456,0.174554893285996,0.174554893285996,"social_isolation_avg"
"14520","AC109597.1","Exc L4-5 RORB IL1RAPL2",0.308669066135044,0.105610843576496,5.98487901368551,0.0154767002979933,0.126439830025186,0.126439830025186,"social_isolation_avg"
"14521","SHISA9","Exc L4-5 RORB IL1RAPL2",0.0285016160367085,8.77899254570624,0.976354482623682,0.324544655674704,0.651879981955528,0.651879981955528,"social_isolation_avg"
"14522","U91319.1","Exc L4-5 RORB IL1RAPL2",0.145424669668921,6.39087428992918,18.5788197939906,2.79233380045309e-05,0.00261553207120658,0.00261553207120658,"social_isolation_avg"
"14523","U95743.1","Exc L4-5 RORB IL1RAPL2",0.10126039303048,-0.0303039074483923,0.561410645760465,0.454757399730138,0.75338978725978,0.75338978725978,"social_isolation_avg"
"14524","ERCC4","Exc L4-5 RORB IL1RAPL2",0.00802875608442802,4.59050156935009,0.106194702964613,0.744930886063014,0.920785167671651,0.920785167671651,"social_isolation_avg"
"14525","MKL2","Exc L4-5 RORB IL1RAPL2",0.0392026719315939,9.38193003860558,8.91468804763207,0.0032589728898235,0.0504194816421509,0.0504194816421509,"social_isolation_avg"
"14526","AC130650.1","Exc L4-5 RORB IL1RAPL2",-0.00282621375108738,4.29272410171561,0.00241797027730325,0.96084090404129,0.992137094911893,0.992137094911893,"social_isolation_avg"
"14527","MIR193BHG","Exc L4-5 RORB IL1RAPL2",0.0867844127697139,4.53098354531293,5.50475948898298,0.0201508984562926,0.148993806053737,0.148993806053737,"social_isolation_avg"
"14528","AC040173.1","Exc L4-5 RORB IL1RAPL2",0.0389310477311545,2.0552140202403,0.421057417012521,0.909629296403825,0.980186566276939,0.980186566276939,"social_isolation_avg"
"14529","PARN","Exc L4-5 RORB IL1RAPL2",0.0514779827485246,6.05683164254876,5.59239181460857,0.0191989160923993,0.145173950550286,0.145173950550286,"social_isolation_avg"
"14530","BFAR","Exc L4-5 RORB IL1RAPL2",-0.00697135999599464,4.34229741466986,0.0798733590899618,0.851342639819664,0.961873912835597,0.961873912835597,"social_isolation_avg"
"14531","PLA2G10","Exc L4-5 RORB IL1RAPL2",-0.160051313685538,0.628223037963701,2.5949636589381,0.109111795404892,0.382144271826666,0.382144271826666,"social_isolation_avg"
"14532","NPIPA2","Exc L4-5 RORB IL1RAPL2",0.138186151871205,1.32264999144657,1.22693922958446,0.269612322066331,0.599512274259475,0.599512274259475,"social_isolation_avg"
"14533","NOMO1","Exc L4-5 RORB IL1RAPL2",-0.0396676379630194,4.25597104836428,0.724924907654203,0.395764967055946,0.710527834143388,0.710527834143388,"social_isolation_avg"
"14534","NPIPA1","Exc L4-5 RORB IL1RAPL2",0.129836422401117,5.18553587136322,3.25034687192048,0.0732298887897037,0.309904434307757,0.309904434307757,"social_isolation_avg"
"14535","PDXDC1","Exc L4-5 RORB IL1RAPL2",0.0525132757169153,6.99231428680214,2.80297305680033,0.095980776490873,0.358761766603968,0.358761766603968,"social_isolation_avg"
"14536","AC138932.5","Exc L4-5 RORB IL1RAPL2",-0.177628772720394,0.850841366404742,2.44349842571501,0.1199252452293,0.398574271004843,0.398574271004843,"social_isolation_avg"
"14537","NTAN1","Exc L4-5 RORB IL1RAPL2",-0.0186630009240927,4.19234351361909,0.349813403854342,0.555026754943458,0.819993849479595,0.819993849479595,"social_isolation_avg"
"14538","RRN3","Exc L4-5 RORB IL1RAPL2",0.0325554419640688,4.58902784904278,1.82682052041225,0.17835028586719,0.484753572451419,0.484753572451419,"social_isolation_avg"
"14539","NPIPA5","Exc L4-5 RORB IL1RAPL2",-0.0203951571401798,3.14517452835648,0.023090737564472,0.879406659260292,0.971919007001401,0.971919007001401,"social_isolation_avg"
"14540","AC140504.1","Exc L4-5 RORB IL1RAPL2",0.0176956261078462,1.51402191491312,0.0751704531137378,0.78429453821156,0.938148751896632,0.938148751896632,"social_isolation_avg"
"14541","C16orf45","Exc L4-5 RORB IL1RAPL2",-0.0485213498103272,7.50861835062338,6.15455404115299,0.0141082382464217,0.120135902727518,0.120135902727518,"social_isolation_avg"
"14542","MARF1","Exc L4-5 RORB IL1RAPL2",-0.0275006900321954,6.17272091528004,1.68597774693028,0.195940654295828,0.508977638650653,0.508977638650653,"social_isolation_avg"
"14543","NDE1","Exc L4-5 RORB IL1RAPL2",0.137140391652026,2.99814657955891,1.21673107228014,0.271606458737803,0.600849503773878,0.600849503773878,"social_isolation_avg"
"14544","MYH11","Exc L4-5 RORB IL1RAPL2",0.141470067628079,0.887496996479936,2.69700446881569,0.102770251417942,0.371289825095018,0.371289825095018,"social_isolation_avg"
"14545","AF001548.2","Exc L4-5 RORB IL1RAPL2",-0.0215840589733358,-0.278667145318928,0.0168623903038123,0.896838821292886,0.976631011821524,0.976631011821524,"social_isolation_avg"
"14546","FOPNL","Exc L4-5 RORB IL1RAPL2",0.0448031476041254,4.42941821385862,3.20392943128637,0.0752921047904024,0.314412252204635,0.314412252204635,"social_isolation_avg"
"14547","ABCC1","Exc L4-5 RORB IL1RAPL2",0.0349443205566933,5.53549585209865,2.79945250744905,0.0961879635519261,0.359109444737654,0.359109444737654,"social_isolation_avg"
"14548","ABCC6","Exc L4-5 RORB IL1RAPL2",0.169076887294726,1.19557288080769,4.40705512582273,0.0373096158677667,0.213295106019237,0.213295106019237,"social_isolation_avg"
"14549","NOMO3","Exc L4-5 RORB IL1RAPL2",0.128777599499863,2.12611027766511,4.40685865530086,0.0373137974781134,0.213295106019237,0.213295106019237,"social_isolation_avg"
"14550","AC138969.1","Exc L4-5 RORB IL1RAPL2",0.033169392163503,1.46936346409105,0.0866692421750816,0.768824393471514,0.931404335648312,0.931404335648312,"social_isolation_avg"
"14551","NPIPA7","Exc L4-5 RORB IL1RAPL2",0.414095404403912,0.015125963941905,9.44736886198796,0.00247411543164885,0.042673416665659,0.042673416665659,"social_isolation_avg"
"14552","XYLT1","Exc L4-5 RORB IL1RAPL2",-0.00404513603622946,7.87850313871157,0.0220984283492954,0.882006752827815,0.973021429071271,0.973021429071271,"social_isolation_avg"
"14553","AC109446.3","Exc L4-5 RORB IL1RAPL2",-0.103619758068877,-0.423532177782895,0.425988710589783,0.514870496409454,0.797573196943938,0.797573196943938,"social_isolation_avg"
"14554","AC010601.1","Exc L4-5 RORB IL1RAPL2",0.0329097463354363,0.386868380079022,0.104214643191892,0.747237332542356,0.921838897052062,0.921838897052062,"social_isolation_avg"
"14555","NPIPA8","Exc L4-5 RORB IL1RAPL2",-0.0915678264452633,3.84107576028083,0.247657617853031,0.619390650337332,0.856214268267077,0.856214268267077,"social_isolation_avg"
"14556","AC126755.2","Exc L4-5 RORB IL1RAPL2",0.142245756720086,0.731929937778139,1.55657101602765,0.213932602335444,0.533098744737118,0.533098744737118,"social_isolation_avg"
"14557","NOMO2","Exc L4-5 RORB IL1RAPL2",0.107242629265515,3.45060031256259,5.71339663215066,0.0179609080799414,0.140081756710871,0.140081756710871,"social_isolation_avg"
"14558","RPS15A","Exc L4-5 RORB IL1RAPL2",-0.0711615738833562,3.60617539595181,2.60078022951027,0.108718705574948,0.38144963456745,0.38144963456745,"social_isolation_avg"
"14559","ARL6IP1","Exc L4-5 RORB IL1RAPL2",-0.65479045856207,-0.633862535879088,7.26092483046425,0.00777497053238477,0.0854298591424229,0.0854298591424229,"social_isolation_avg"
"14560","AC138811.1","Exc L4-5 RORB IL1RAPL2",0.0182697607797762,0.674156133698295,0.0273056909854291,0.86895358665141,0.967441402840039,0.967441402840039,"social_isolation_avg"
"14561","SMG1","Exc L4-5 RORB IL1RAPL2",-0.00164045420119715,6.95264826145448,0.0121960288905725,0.912197865186436,0.981389424415338,0.981389424415338,"social_isolation_avg"
"14562","AC092287.1","Exc L4-5 RORB IL1RAPL2",0.0988097149189927,0.0315797435469738,0.642208054992061,0.424062819618757,0.730489130554125,0.730489130554125,"social_isolation_avg"
"14563","TMC7","Exc L4-5 RORB IL1RAPL2",0.0193530952211653,3.505098950443,0.263810796824379,0.713225211140362,0.905910701135506,0.905910701135506,"social_isolation_avg"
"14564","AC099518.4","Exc L4-5 RORB IL1RAPL2",0.106665798494642,0.0673501294204654,0.814929901739772,0.3679803307431,0.686304173286367,0.686304173286367,"social_isolation_avg"
"14565","COQ7","Exc L4-5 RORB IL1RAPL2",-0.0497910307898991,3.59289137606026,1.2767799513774,0.260135591710479,0.589306623388507,0.589306623388507,"social_isolation_avg"
"14566","AC099518.1","Exc L4-5 RORB IL1RAPL2",-0.0917910530897088,0.0850932830764148,0.512674775798268,0.474993545944054,0.768850148623704,0.768850148623704,"social_isolation_avg"
"14567","AC099518.3","Exc L4-5 RORB IL1RAPL2",0.100001372653895,0.128894104282624,0.635685165637683,0.426421382134362,0.732871646492618,0.732871646492618,"social_isolation_avg"
"14568","SYT17","Exc L4-5 RORB IL1RAPL2",-0.0268676040941783,5.77771007703264,0.47659719095188,0.490935908376507,0.78089037011468,0.78089037011468,"social_isolation_avg"
"14569","CLEC19A","Exc L4-5 RORB IL1RAPL2",0.113727859717223,0.342998148394487,0.705945431748964,0.402006779446638,0.714599293704483,0.714599293704483,"social_isolation_avg"
"14570","AC130456.2","Exc L4-5 RORB IL1RAPL2",0.160594863448902,0.00736603666698836,1.53501498862534,0.217117735636643,0.536919280955755,0.536919280955755,"social_isolation_avg"
"14571","TMC5","Exc L4-5 RORB IL1RAPL2",-0.0780636096451658,2.34265509419325,0.93852502431493,0.334072818316821,0.658791392415436,0.658791392415436,"social_isolation_avg"
"14572","GDE1","Exc L4-5 RORB IL1RAPL2",-0.119716746586426,4.41445310615977,19.7742354604197,1.59356008073475e-05,0.00188448439297389,0.00188448439297389,"social_isolation_avg"
"14573","CCP110","Exc L4-5 RORB IL1RAPL2",0.0754498990321796,5.43426483643323,14.7548328528197,0.000174206341234455,0.0079810125484192,0.0079810125484192,"social_isolation_avg"
"14574","VPS35L","Exc L4-5 RORB IL1RAPL2",0.0140638745156653,6.50524577674013,0.604356573643832,0.438031792065486,0.741456390917075,0.741456390917075,"social_isolation_avg"
"14575","KNOP1","Exc L4-5 RORB IL1RAPL2",0.0381888174565345,4.18152406991293,0.378977642047279,0.538997589741582,0.811888212208856,0.811888212208856,"social_isolation_avg"
"14576","AC002550.1","Exc L4-5 RORB IL1RAPL2",0.0357483536018515,-0.313247702023193,0.0461894898827669,0.830096642902465,0.955184094369796,0.955184094369796,"social_isolation_avg"
"14577","IQCK","Exc L4-5 RORB IL1RAPL2",0.0857396357183076,5.04644815875163,8.51221611722669,0.00401875170057174,0.0572150496061083,0.0572150496061083,"social_isolation_avg"
"14578","AC027130.1","Exc L4-5 RORB IL1RAPL2",0.157239410582146,1.10761387044187,2.49656619501817,0.116006488393632,0.393330195474553,0.393330195474553,"social_isolation_avg"
"14579","GPRC5B","Exc L4-5 RORB IL1RAPL2",0.604187495523003,-1.11747108678802,26.954261313026,0.00189906423095548,0.0361127581044308,0.0361127581044308,"social_isolation_avg"
"14580","ACSM3","Exc L4-5 RORB IL1RAPL2",0.0170877915014045,1.95772408653289,0.052168630357782,0.819614080778306,0.952050234048104,0.952050234048104,"social_isolation_avg"
"14581","ACSM1","Exc L4-5 RORB IL1RAPL2",0.0425373585730651,0.535287663357936,0.110152223558014,0.740391348035221,0.918318236392947,0.918318236392947,"social_isolation_avg"
"14582","THUMPD1","Exc L4-5 RORB IL1RAPL2",-0.00873995857373099,5.20636711894925,0.161056645211949,0.688703878421322,0.893035507118046,0.893035507118046,"social_isolation_avg"
"14583","AC004381.1","Exc L4-5 RORB IL1RAPL2",0.324455018277263,-0.342401945954147,5.02637016694998,0.0262945262013017,0.173775316190999,0.173775316190999,"social_isolation_avg"
"14584","ERI2","Exc L4-5 RORB IL1RAPL2",0.0213484465273937,3.65819963625936,0.307249100961274,0.580122325919135,0.836304345045026,0.836304345045026,"social_isolation_avg"
"14585","REXO5","Exc L4-5 RORB IL1RAPL2",0.025496874560541,2.24122174618347,0.258236503798729,0.75762057946086,0.926568352658453,0.926568352658453,"social_isolation_avg"
"14586","LYRM1","Exc L4-5 RORB IL1RAPL2",0.0128408462912006,4.21298243415407,0.167140782417456,0.837903049713879,0.957596255353726,0.957596255353726,"social_isolation_avg"
"14587","DNAH3","Exc L4-5 RORB IL1RAPL2",0.0949996186048642,2.0008700791852,2.27744485144205,0.133177041819941,0.419890560529823,0.419890560529823,"social_isolation_avg"
"14588","AC008551.1","Exc L4-5 RORB IL1RAPL2",-0.0191881343765003,-0.272625687588535,0.0142527974694031,0.905115252042884,0.978666534310727,0.978666534310727,"social_isolation_avg"
"14589","TMEM159","Exc L4-5 RORB IL1RAPL2",-0.0627801804388713,2.03820826561815,0.70753838716604,0.401477408402917,0.714278706571847,0.714278706571847,"social_isolation_avg"
"14590","ANKS4B","Exc L4-5 RORB IL1RAPL2",0.0876264322506006,0.401904080656463,0.568383819102679,0.451974455752692,0.752269761234311,0.752269761234311,"social_isolation_avg"
"14591","CRYM","Exc L4-5 RORB IL1RAPL2",-0.0553885579728214,6.57284540104077,5.11957850143099,0.0249593039753611,0.168181976680131,0.168181976680131,"social_isolation_avg"
"14592","NPIPB3","Exc L4-5 RORB IL1RAPL2",-0.00229336818193249,1.8615170683223,0.000620830729014694,0.980151640324749,0.997013557689617,0.997013557689617,"social_isolation_avg"
"14593","METTL9","Exc L4-5 RORB IL1RAPL2",-0.0613233365670829,5.97327388523161,5.61455114923859,0.0189657118555132,0.144058704945068,0.144058704945068,"social_isolation_avg"
"14594","IGSF6","Exc L4-5 RORB IL1RAPL2",-0.228639070835421,0.560932417815861,4.35079878729979,0.0385274570715742,0.217853300231925,0.217853300231925,"social_isolation_avg"
"14595","OTOA","Exc L4-5 RORB IL1RAPL2",-0.0541896992578122,3.50228308185315,1.24670214524654,0.265803700328019,0.596026524520793,0.596026524520793,"social_isolation_avg"
"14596","AC092375.2","Exc L4-5 RORB IL1RAPL2",-0.114515388222796,-0.110476138135334,0.74362584382606,0.389751200283721,0.704680598238727,0.704680598238727,"social_isolation_avg"
"14597","NPIPB4","Exc L4-5 RORB IL1RAPL2",0.110426777906641,4.14197725405711,4.15764485116504,0.0430397155393555,0.231585491990714,0.231585491990714,"social_isolation_avg"
"14598","AC092119.2","Exc L4-5 RORB IL1RAPL2",0.0558307193558083,1.09819349299497,0.462884387595038,0.644664757239745,0.86982519646164,0.86982519646164,"social_isolation_avg"
"14599","UQCRC2","Exc L4-5 RORB IL1RAPL2",-0.00439671886532642,6.31986552848611,0.0549329947169715,0.81498167999685,0.951444738037576,0.951444738037576,"social_isolation_avg"
"14600","PDZD9","Exc L4-5 RORB IL1RAPL2",0.018397178707271,1.3976281774008,0.0472762890093417,0.828140543579793,0.954161930646283,0.954161930646283,"social_isolation_avg"
"14601","MOSMO","Exc L4-5 RORB IL1RAPL2",-0.0517938342144809,7.61159823980416,5.48902150958562,0.0203270249065536,0.149652777531868,0.149652777531868,"social_isolation_avg"
"14602","VWA3A","Exc L4-5 RORB IL1RAPL2",-0.0733049528370826,5.12953838018163,1.81867410987731,0.179315975606127,0.485940643718639,0.485940643718639,"social_isolation_avg"
"14603","SDR42E2","Exc L4-5 RORB IL1RAPL2",0.0106950768045899,1.37868482920948,0.0193206890724355,0.95453008615793,0.9899508157217,0.9899508157217,"social_isolation_avg"
"14604","EEF2K","Exc L4-5 RORB IL1RAPL2",0.0721639982288464,5.3176339557697,7.28443249091375,0.00767819141715799,0.0849585145052903,0.0849585145052903,"social_isolation_avg"
"14605","POLR3E","Exc L4-5 RORB IL1RAPL2",0.0229029367953199,3.97922408019062,0.494356056379428,0.482979673994082,0.775372863914549,0.775372863914549,"social_isolation_avg"
"14606","CDR2","Exc L4-5 RORB IL1RAPL2",-0.00930520194428253,6.84423431732126,0.134211890913199,0.714572845691301,0.90674219122293,0.90674219122293,"social_isolation_avg"
"14607","AC092338.2","Exc L4-5 RORB IL1RAPL2",-0.0716606714161528,1.9056004692933,1.24342751762807,0.266430084317248,0.596728581142846,0.596728581142846,"social_isolation_avg"
"14608","NPIPB5","Exc L4-5 RORB IL1RAPL2",0.00108554654732652,5.77770320884761,0.000839234528231867,0.976923826905546,0.996715536610383,0.996715536610383,"social_isolation_avg"
"14609","AC009021.1","Exc L4-5 RORB IL1RAPL2",-0.115387201407258,0.670056176818349,1.06533300434919,0.303509789434112,0.634575036058157,0.634575036058157,"social_isolation_avg"
"14610","AC130466.1","Exc L4-5 RORB IL1RAPL2",-0.0569776883032226,1.82617180109516,0.68724391594392,0.408298898763999,0.71890020566041,0.71890020566041,"social_isolation_avg"
"14611","HS3ST2","Exc L4-5 RORB IL1RAPL2",0.0220034506373453,8.07171604552174,0.375849446212745,0.540675557105702,0.812248879285765,0.812248879285765,"social_isolation_avg"
"14612","AC127459.2","Exc L4-5 RORB IL1RAPL2",-0.300003250208612,0.00628835063450515,4.47225758794561,0.0359488681881122,0.20832726952137,0.20832726952137,"social_isolation_avg"
"14613","USP31","Exc L4-5 RORB IL1RAPL2",-0.00905008135007062,6.44790590251432,0.256536287469785,0.61318473291393,0.853477732131527,0.853477732131527,"social_isolation_avg"
"14614","COG7","Exc L4-5 RORB IL1RAPL2",0.0647026421379113,5.66665340103326,9.12223942831072,0.0029265230917632,0.0472867151317262,0.0472867151317262,"social_isolation_avg"
"14615","GGA2","Exc L4-5 RORB IL1RAPL2",0.0196671937994259,6.64463967591559,1.64069828441064,0.637551669394305,0.867064357055679,0.867064357055679,"social_isolation_avg"
"14616","EARS2","Exc L4-5 RORB IL1RAPL2",-0.0202112270904664,3.8626903893091,0.357188363212296,0.550889793273821,0.81752045321835,0.81752045321835,"social_isolation_avg"
"14617","UBFD1","Exc L4-5 RORB IL1RAPL2",-0.0572292726377372,4.62559250019447,7.14947463262681,0.00825125702011054,0.088055292767914,0.088055292767914,"social_isolation_avg"
"14618","NDUFAB1","Exc L4-5 RORB IL1RAPL2",-0.0561645042771568,4.22635707337844,3.13438560343333,0.0785005739609957,0.321913602062419,0.321913602062419,"social_isolation_avg"
"14619","PALB2","Exc L4-5 RORB IL1RAPL2",0.0656456966083235,3.64068658713631,3.8137708225969,0.0525216611469037,0.259467976647667,0.259467976647667,"social_isolation_avg"
"14620","AC008870.4","Exc L4-5 RORB IL1RAPL2",0.0228242020965599,-0.334610890366618,0.0167531637195514,0.897171599875746,0.976831847234952,0.976831847234952,"social_isolation_avg"
"14621","DCTN5","Exc L4-5 RORB IL1RAPL2",-0.0542472748565564,6.17714916506825,6.7043508042446,0.0104756122482136,0.101645671460743,0.101645671460743,"social_isolation_avg"
"14622","PLK1","Exc L4-5 RORB IL1RAPL2",0.0143781734058512,2.21532233541862,0.0540785345537404,0.8164001556167,0.951599926146172,0.951599926146172,"social_isolation_avg"
"14623","ERN2","Exc L4-5 RORB IL1RAPL2",0.0784318955768863,-0.167162409294619,0.261145760190852,0.610015963390157,0.852067919925082,0.852067919925082,"social_isolation_avg"
"14624","PRKCB","Exc L4-5 RORB IL1RAPL2",0.0296790695734313,9.72342215175735,3.17658560134247,0.0765363323628626,0.317585193532748,0.317585193532748,"social_isolation_avg"
"14625","LINC2194","Exc L4-5 RORB IL1RAPL2",-0.235731774380622,0.248438732213435,3.20316231206038,0.0753267103928695,0.314470985557793,0.314470985557793,"social_isolation_avg"
"14626","CACNG3","Exc L4-5 RORB IL1RAPL2",-0.0494463047863467,7.13669960377208,2.93837289101246,0.0883722172090717,0.343077438979615,0.343077438979615,"social_isolation_avg"
"14627","RBBP6","Exc L4-5 RORB IL1RAPL2",0.020542462694967,6.26249658341169,0.687841533735882,0.408095598839858,0.71890020566041,0.71890020566041,"social_isolation_avg"
"14628","TNRC6A","Exc L4-5 RORB IL1RAPL2",0.0817963768174963,9.75874842531208,30.5608046649243,1.23956596694583e-07,0.000121080821800259,0.000121080821800259,"social_isolation_avg"
"14629","LINC01567","Exc L4-5 RORB IL1RAPL2",0.033666627035203,2.60282745604307,0.306770157283264,0.580417415801678,0.836411113814436,0.836411113814436,"social_isolation_avg"
"14630","AC008731.1","Exc L4-5 RORB IL1RAPL2",0.0782381580640753,3.37117523482032,2.68040240131301,0.103492432056066,0.372501207551573,0.372501207551573,"social_isolation_avg"
"14631","ARHGAP17","Exc L4-5 RORB IL1RAPL2",0.032302055798056,5.11606668147077,2.33128722971467,0.128708186558985,0.412936595406047,0.412936595406047,"social_isolation_avg"
"14632","LINC02175","Exc L4-5 RORB IL1RAPL2",0.0383303830523825,1.17057801874116,0.181698274900444,0.779602163002592,0.936318841604764,0.936318841604764,"social_isolation_avg"
"14633","LCMT1","Exc L4-5 RORB IL1RAPL2",0.0458082867979785,5.80705770600227,6.67527843854956,0.0106409483901341,0.102105882157218,0.102105882157218,"social_isolation_avg"
"14634","AQP8","Exc L4-5 RORB IL1RAPL2",0.312693814507428,0.413342411103942,10.4279103958715,0.00149740302828105,0.0308296347371689,0.0308296347371689,"social_isolation_avg"
"14635","ZKSCAN2","Exc L4-5 RORB IL1RAPL2",0.0015082896503259,2.76201684323463,0.00104803737839312,0.974213327825593,0.995791171508187,0.995791171508187,"social_isolation_avg"
"14636","AC008741.2","Exc L4-5 RORB IL1RAPL2",0.0404549998167061,3.04117510374995,0.832941990327484,0.362752380598983,0.682222093939267,0.682222093939267,"social_isolation_avg"
"14637","HS3ST4","Exc L4-5 RORB IL1RAPL2",0.0312041488901077,9.5893306542098,1.98704304015962,0.160529079360706,0.462473824270647,0.462473824270647,"social_isolation_avg"
"14638","AC009158.1","Exc L4-5 RORB IL1RAPL2",-0.164206107839516,0.747677387606237,3.10579443153783,0.0798624707234923,0.324457217288213,0.324457217288213,"social_isolation_avg"
"14639","KDM8","Exc L4-5 RORB IL1RAPL2",-0.0257511064798531,2.66311693064239,0.269392562990804,0.604433746259938,0.848638325309604,0.848638325309604,"social_isolation_avg"
"14640","AC109449.1","Exc L4-5 RORB IL1RAPL2",0.154853681111272,-0.477525087299725,0.934984840607238,0.33498356951581,0.659476029425516,0.659476029425516,"social_isolation_avg"
"14641","NSMCE1","Exc L4-5 RORB IL1RAPL2",-0.0759942998647832,3.21146078769612,3.77556068215552,0.053705363200147,0.262849794285384,0.262849794285384,"social_isolation_avg"
"14642","AC106739.1","Exc L4-5 RORB IL1RAPL2",-0.0676061582253514,2.63126900548933,1.40077541347717,0.238293079534088,0.562257558032732,0.562257558032732,"social_isolation_avg"
"14643","IL4R","Exc L4-5 RORB IL1RAPL2",-0.0375159419553268,-0.115125535857251,0.0436008353566759,0.834855115457342,0.956824497333631,0.956824497333631,"social_isolation_avg"
"14644","IL21R","Exc L4-5 RORB IL1RAPL2",0.192727683225881,-0.423093794085816,1.80277803763746,0.181217921587917,0.487800724435944,0.487800724435944,"social_isolation_avg"
"14645","IL21R-AS1","Exc L4-5 RORB IL1RAPL2",-0.237674525171658,1.3242327512628,3.94154851620338,0.0487614330906745,0.248081493817868,0.248081493817868,"social_isolation_avg"
"14646","GTF3C1","Exc L4-5 RORB IL1RAPL2",0.0160501424279707,6.16699345458576,0.74976017368985,0.387807206158152,0.703673183301867,0.703673183301867,"social_isolation_avg"
"14647","KIAA0556","Exc L4-5 RORB IL1RAPL2",0.026226435481993,5.85872065885189,2.13763550150699,0.35571613266864,0.676025004642761,0.676025004642761,"social_isolation_avg"
"14648","GSG1L","Exc L4-5 RORB IL1RAPL2",-0.0961981524643502,3.49347530783468,2.12489262655278,0.146820189631124,0.442777304432657,0.442777304432657,"social_isolation_avg"
"14649","XPO6","Exc L4-5 RORB IL1RAPL2",-0.00974827076148036,6.08569355205054,0.268479590947344,0.605046353443054,0.848949355097962,0.848949355097962,"social_isolation_avg"
"14650","AC138904.3","Exc L4-5 RORB IL1RAPL2",-0.0693608718925045,0.697161032199597,0.0623756902646818,0.803089822368038,0.94516269283512,0.94516269283512,"social_isolation_avg"
"14651","AC138904.1","Exc L4-5 RORB IL1RAPL2",-0.0284534039613234,-0.128275855753859,0.0437384371671072,0.834598520048873,0.956824497333631,0.956824497333631,"social_isolation_avg"
"14652","SBK1","Exc L4-5 RORB IL1RAPL2",0.0397453303880629,3.66095576576435,1.02194675077645,0.313535164772799,0.642373438801511,0.642373438801511,"social_isolation_avg"
"14653","NPIPB6","Exc L4-5 RORB IL1RAPL2",0.157693416723358,1.47860288809204,1.94287026324497,0.165228250094333,0.468778485535295,0.468778485535295,"social_isolation_avg"
"14654","EIF3CL","Exc L4-5 RORB IL1RAPL2",0.010960382239964,0.0545602501405122,0.00883479127458227,0.925228100778801,0.98417618971798,0.98417618971798,"social_isolation_avg"
"14655","AC138894.1","Exc L4-5 RORB IL1RAPL2",-0.0403850164649826,1.55899388611197,0.264049561602845,0.608037833071807,0.85047329157216,0.85047329157216,"social_isolation_avg"
"14656","NUPR1","Exc L4-5 RORB IL1RAPL2",-0.0678925704123124,-0.485072703306776,0.0667049497939732,0.796517507971556,0.943052144191509,0.943052144191509,"social_isolation_avg"
"14657","AC020765.2","Exc L4-5 RORB IL1RAPL2",-0.0725532991317714,0.607616205974561,0.481358497463521,0.488781455972541,0.779652160551042,0.779652160551042,"social_isolation_avg"
"14658","SGF29","Exc L4-5 RORB IL1RAPL2",0.0129522310402536,3.47814549856501,0.0978653601832034,0.754800820568451,0.925272055070982,0.925272055070982,"social_isolation_avg"
"14659","SULT1A2","Exc L4-5 RORB IL1RAPL2",-0.110020658419902,2.36910705649851,0.851550081633968,0.357459198393291,0.677500299789589,0.677500299789589,"social_isolation_avg"
"14660","SULT1A1","Exc L4-5 RORB IL1RAPL2",0.0364611487525166,5.70576301066288,1.42557931446262,0.23419789019474,0.557390978663481,0.557390978663481,"social_isolation_avg"
"14661","EIF3C","Exc L4-5 RORB IL1RAPL2",0.00188911714842524,0.207514122306617,0.000272967194647336,0.986838100298587,0.998340570804126,0.998340570804126,"social_isolation_avg"
"14662","AC145285.2","Exc L4-5 RORB IL1RAPL2",-0.0661613662613939,-0.0658582008386129,0.299035793279053,0.585224979876056,0.838930361711861,0.838930361711861,"social_isolation_avg"
"14663","AC145285.6","Exc L4-5 RORB IL1RAPL2",0.0669641665458308,0.000209537675971514,0.294233704927986,0.588250720599048,0.840010352191718,0.840010352191718,"social_isolation_avg"
"14664","ATXN2L","Exc L4-5 RORB IL1RAPL2",0.0119880260159476,5.63918236475413,0.158184632205267,0.691346566872125,0.894364036085565,0.894364036085565,"social_isolation_avg"
"14665","AC133550.1","Exc L4-5 RORB IL1RAPL2",-0.153970759703442,0.112395366766757,1.61847140065429,0.205091832273174,0.521951803434821,0.521951803434821,"social_isolation_avg"
"14666","TUFM","Exc L4-5 RORB IL1RAPL2",-0.104301237360295,4.60847539373291,8.9585046241481,0.00318569635767735,0.0496512032813947,0.0496512032813947,"social_isolation_avg"
"14667","SH2B1","Exc L4-5 RORB IL1RAPL2",0.00809403245793124,5.58542281091023,0.182708160875555,0.669612450496914,0.883709086688436,0.883709086688436,"social_isolation_avg"
"14668","AC133550.2","Exc L4-5 RORB IL1RAPL2",0.0230245228859842,3.38160200571155,0.269609816739889,0.604288162596865,0.848581258760019,0.848581258760019,"social_isolation_avg"
"14669","ATP2A1","Exc L4-5 RORB IL1RAPL2",0.0699653173517926,1.45706712477557,1.15248041539087,0.284595198794057,0.615818773474008,0.615818773474008,"social_isolation_avg"
"14670","ATP2A1-AS1","Exc L4-5 RORB IL1RAPL2",0.0433877337285208,0.10300914687409,0.163056468422771,0.686879864453702,0.892202738337652,0.892202738337652,"social_isolation_avg"
"14671","RABEP2","Exc L4-5 RORB IL1RAPL2",0.0431670215293896,3.34717582096644,1.21109364624594,0.272715678774617,0.602176841882896,0.602176841882896,"social_isolation_avg"
"14672","NFATC2IP","Exc L4-5 RORB IL1RAPL2",0.0406752746824052,5.5976143168921,4.69643343788738,0.0316565757986799,0.194535261671589,0.194535261671589,"social_isolation_avg"
"14673","AC109460.2","Exc L4-5 RORB IL1RAPL2",-0.0238073168931932,1.2673932335813,0.0785412657967849,0.787216356379877,0.939315763970044,0.939315763970044,"social_isolation_avg"
"14674","SPNS1","Exc L4-5 RORB IL1RAPL2",0.0654670729801552,3.96228257853493,5.17052604671969,0.0242597135106212,0.165978682787243,0.165978682787243,"social_isolation_avg"
"14675","LAT","Exc L4-5 RORB IL1RAPL2",-0.0627152811592155,2.52794698695099,0.888578719666668,0.347238423145612,0.669771111398269,0.669771111398269,"social_isolation_avg"
"14676","AC009093.2","Exc L4-5 RORB IL1RAPL2",-0.0307101180283073,3.38554065246628,0.0575803380193915,0.810659329988215,0.949509944621593,0.949509944621593,"social_isolation_avg"
"14677","NPIPB11","Exc L4-5 RORB IL1RAPL2",0.103492564899802,2.36687034511063,2.33187621358286,0.128660242946043,0.412886780322604,0.412886780322604,"social_isolation_avg"
"14678","NPIPB12","Exc L4-5 RORB IL1RAPL2",0.178292973123413,1.1487834991312,2.92080842702667,0.0893208359441828,0.344814825075589,0.344814825075589,"social_isolation_avg"
"14679","QPRT","Exc L4-5 RORB IL1RAPL2",0.0959249375181609,3.08418371038151,2.10051501235058,0.149144068987563,0.446272728247932,0.446272728247932,"social_isolation_avg"
"14680","KIF22","Exc L4-5 RORB IL1RAPL2",-0.00108343930020715,3.0606696839201,0.000802370221054305,0.977436202090217,0.996728775651856,0.996728775651856,"social_isolation_avg"
"14681","MAZ","Exc L4-5 RORB IL1RAPL2",-0.0691985753603481,4.9000953818645,5.24472575203272,0.0232773732193838,0.162102016446066,0.162102016446066,"social_isolation_avg"
"14682","AC009133.1","Exc L4-5 RORB IL1RAPL2",-0.129632400402475,1.7556979572176,3.22071248149325,0.0745393000668005,0.312642960439159,0.312642960439159,"social_isolation_avg"
"14683","MVP","Exc L4-5 RORB IL1RAPL2",0.183332572308273,2.42291488247699,8.48764731291079,0.00407065522039459,0.0576935336517498,0.0576935336517498,"social_isolation_avg"
"14684","CDIPT","Exc L4-5 RORB IL1RAPL2",-0.103136840047283,4.80520932517109,17.3371728074933,5.02793731344682e-05,0.00369906085643201,0.00369906085643201,"social_isolation_avg"
"14685","SEZ6L2","Exc L4-5 RORB IL1RAPL2",-0.0923852677294221,6.8686636716412,7.46128666887037,0.00698885056588078,0.0806317326567258,0.0806317326567258,"social_isolation_avg"
"14686","ASPHD1","Exc L4-5 RORB IL1RAPL2",-0.0612823394612157,5.09954014212941,5.28255583532717,0.0227926590225041,0.159829020260844,0.159829020260844,"social_isolation_avg"
"14687","KCTD13","Exc L4-5 RORB IL1RAPL2",-0.061104639744048,4.5875032939632,3.42123101956268,0.0661485449290046,0.292771138854198,0.292771138854198,"social_isolation_avg"
"14688","TMEM219","Exc L4-5 RORB IL1RAPL2",-0.0393952446829109,4.14213224154544,1.79122242319737,0.182615313685868,0.489125786740003,0.489125786740003,"social_isolation_avg"
"14689","TAOK2","Exc L4-5 RORB IL1RAPL2",-0.0082113938410338,4.24568170536621,0.0666351868603552,0.796621583988385,0.943052144191509,0.943052144191509,"social_isolation_avg"
"14690","HIRIP3","Exc L4-5 RORB IL1RAPL2",-0.0546788594683251,2.67501990433874,1.15483274599066,0.284105915956327,0.615194327742007,0.615194327742007,"social_isolation_avg"
"14691","INO80E","Exc L4-5 RORB IL1RAPL2",-0.0162844802669008,3.556147938779,0.154893173029365,0.69440962889387,0.896146969833973,0.896146969833973,"social_isolation_avg"
"14692","DOC2A","Exc L4-5 RORB IL1RAPL2",-0.062847314036239,5.62276059385105,5.1576660372645,0.0244343395998945,0.16642703830904,0.16642703830904,"social_isolation_avg"
"14693","FAM57B","Exc L4-5 RORB IL1RAPL2",-0.00338537350181548,4.07863389076052,0.0137217971509093,0.906891261635111,0.979320338732308,0.979320338732308,"social_isolation_avg"
"14694","AC093512.2","Exc L4-5 RORB IL1RAPL2",0.0614207195129625,1.07085539673976,0.597810521710049,0.440518888473895,0.743189691642427,0.743189691642427,"social_isolation_avg"
"14695","PPP4C","Exc L4-5 RORB IL1RAPL2",-0.015721457134263,3.90028768226772,0.285454831180912,0.846177986955255,0.961597389721097,0.961597389721097,"social_isolation_avg"
"14696","TBX6","Exc L4-5 RORB IL1RAPL2",0.275902145599056,-0.387413753342584,3.87339040273194,0.0676693500343259,0.296932229127894,0.296932229127894,"social_isolation_avg"
"14697","YPEL3","Exc L4-5 RORB IL1RAPL2",-0.114706984865515,7.16422751389039,17.0177567012115,5.85476372079623e-05,0.00404299212997027,0.00404299212997027,"social_isolation_avg"
"14698","AC012645.1","Exc L4-5 RORB IL1RAPL2",-0.101375449794097,2.18505823321396,3.19838462987822,0.0755426255594263,0.314732590207646,0.314732590207646,"social_isolation_avg"
"14699","GDPD3","Exc L4-5 RORB IL1RAPL2",0.0842532775238078,0.756552952307356,0.753090314294577,0.386757691989401,0.702836476611917,0.702836476611917,"social_isolation_avg"
"14700","MAPK3","Exc L4-5 RORB IL1RAPL2",-0.0663912926367614,5.24772295272664,3.22449360679886,0.074370826047652,0.312426820525671,0.312426820525671,"social_isolation_avg"
"14701","CORO1A","Exc L4-5 RORB IL1RAPL2",-0.110325479913319,4.01441631530953,10.8983750409465,0.00117933518356638,0.0263068217280797,0.0263068217280797,"social_isolation_avg"
"14702","AC012645.3","Exc L4-5 RORB IL1RAPL2",0.13407132545112,-0.00369941478413511,0.972429167441828,0.325516327914261,0.652647977597542,0.652647977597542,"social_isolation_avg"
"14703","SULT1A3","Exc L4-5 RORB IL1RAPL2",0.165634800802538,0.145385339434984,1.46719352563282,0.227517863802074,0.549256904950383,0.549256904950383,"social_isolation_avg"
"14704","NPIPB13","Exc L4-5 RORB IL1RAPL2",0.0723939256010846,3.70188688298559,2.16064111078172,0.143486419817366,0.437676374232529,0.437676374232529,"social_isolation_avg"
"14705","CD2BP2","Exc L4-5 RORB IL1RAPL2",-0.0688371800052935,3.85835632785512,4.87490393269058,0.0286266474551978,0.18243341074429,0.18243341074429,"social_isolation_avg"
"14706","TBC1D10B","Exc L4-5 RORB IL1RAPL2",-0.0520177620734191,4.31136813479562,3.0599554277366,0.0820998760263446,0.329432372619441,0.329432372619441,"social_isolation_avg"
"14707","MYLPF","Exc L4-5 RORB IL1RAPL2",-0.16503464731813,1.40645024298914,2.26412496257789,0.134309355127679,0.422137426639672,0.422137426639672,"social_isolation_avg"
"14708","ZNF48","Exc L4-5 RORB IL1RAPL2",-0.00468761527331546,3.50125567187832,0.016173859805064,0.898955288292865,0.977255559309928,0.977255559309928,"social_isolation_avg"
"14709","SEPT1","Exc L4-5 RORB IL1RAPL2",0.0473475581317711,3.63012076949251,1.85994210134289,0.174485783694177,0.480315285561363,0.480315285561363,"social_isolation_avg"
"14710","ZNF771","Exc L4-5 RORB IL1RAPL2",-0.078664239364385,4.35071502998779,7.31176220440236,0.0075672401624374,0.084222828618611,0.084222828618611,"social_isolation_avg"
"14711","DCTPP1","Exc L4-5 RORB IL1RAPL2",-0.0923265674084826,2.38727529358882,2.8866943508655,0.0911952650428896,0.349434104875762,0.349434104875762,"social_isolation_avg"
"14712","SEPHS2","Exc L4-5 RORB IL1RAPL2",-0.0691799362946322,3.69001367481133,3.50804155016608,0.062837281883295,0.285055467306315,0.285055467306315,"social_isolation_avg"
"14713","ITGAL","Exc L4-5 RORB IL1RAPL2",0.00827442758175298,2.44094108267347,0.0150421443072516,0.902536082817352,0.978262943641483,0.978262943641483,"social_isolation_avg"
"14714","ZNF768","Exc L4-5 RORB IL1RAPL2",-0.045832272790622,3.00873502764633,1.10563018500489,0.294568580562187,0.625697657675431,0.625697657675431,"social_isolation_avg"
"14715","AC002310.5","Exc L4-5 RORB IL1RAPL2",0.0371543965792084,0.404208891519156,0.140595427542168,0.821421609568247,0.952510772485187,0.952510772485187,"social_isolation_avg"
"14716","AC002310.4","Exc L4-5 RORB IL1RAPL2",0.102180600127471,2.81046257213528,5.55196252832307,0.0196321398104035,0.146939059634343,0.146939059634343,"social_isolation_avg"
"14717","AC002310.1","Exc L4-5 RORB IL1RAPL2",0.0692179961244908,0.5575316599307,0.46107885736272,0.539276657472917,0.811888212208856,0.811888212208856,"social_isolation_avg"
"14718","ZNF688","Exc L4-5 RORB IL1RAPL2",-0.0150883166508364,3.46697987489456,0.194940493923354,0.65941313003163,0.87850314470467,0.87850314470467,"social_isolation_avg"
"14719","AC002310.2","Exc L4-5 RORB IL1RAPL2",0.166817705014713,1.18669973525731,4.10916312389939,0.0442581795196907,0.235104027993944,0.235104027993944,"social_isolation_avg"
"14720","ZNF785","Exc L4-5 RORB IL1RAPL2",0.0362629005548273,4.91711754555812,1.65106137961411,0.200612147999765,0.514989241361395,0.514989241361395,"social_isolation_avg"
"14721","AC093249.2","Exc L4-5 RORB IL1RAPL2",0.0184005265497894,3.06249593802854,0.165073730740511,0.685053086497837,0.891057861198555,0.891057861198555,"social_isolation_avg"
"14722","ZNF689","Exc L4-5 RORB IL1RAPL2",-0.0301761102256638,2.21734371845335,0.363080480873446,0.547626115477466,0.815910290096978,0.815910290096978,"social_isolation_avg"
"14723","PRR14","Exc L4-5 RORB IL1RAPL2",-0.0366229127311017,3.6762636840375,1.13478682335202,0.288310157535043,0.619638131359162,0.619638131359162,"social_isolation_avg"
"14724","FBRS","Exc L4-5 RORB IL1RAPL2",0.0778436779978921,3.77865146541824,5.89412348444919,0.0162646917293974,0.1305107006836,0.1305107006836,"social_isolation_avg"
"14725","AC093249.6","Exc L4-5 RORB IL1RAPL2",-0.0542925242112238,1.04306901693798,0.384000050293259,0.536323456718823,0.810585501369643,0.810585501369643,"social_isolation_avg"
"14726","SRCAP","Exc L4-5 RORB IL1RAPL2",-0.00234588050604821,0.519915759017507,0.000690600220284943,0.979066285593192,0.996876364716566,0.996876364716566,"social_isolation_avg"
"14727","AC106886.5","Exc L4-5 RORB IL1RAPL2",0.0497726002672332,0.26736009167445,0.193885342361249,0.660277618701666,0.878930126878726,0.878930126878726,"social_isolation_avg"
"14728","PHKG2","Exc L4-5 RORB IL1RAPL2",-0.00327598849924915,3.94792173430313,0.0115022969442405,0.914721691767807,0.981927217175688,0.981927217175688,"social_isolation_avg"
"14729","CCDC189","Exc L4-5 RORB IL1RAPL2",0.00449307829351149,2.87225383271702,0.00628292016060722,0.936917823346814,0.987490092220647,0.987490092220647,"social_isolation_avg"
"14730","RNF40","Exc L4-5 RORB IL1RAPL2",-0.033477477015263,4.29070316005414,1.8434650366204,0.176395967353311,0.482868648479745,0.482868648479745,"social_isolation_avg"
"14731","ZNF629","Exc L4-5 RORB IL1RAPL2",-0.0655190226031381,2.65232380772233,2.04270122901328,0.154824980594393,0.454001118730672,0.454001118730672,"social_isolation_avg"
"14732","BCL7C","Exc L4-5 RORB IL1RAPL2",0.0767336939915895,3.30852868865912,1.46271800073967,0.228225091976827,0.549964494558301,0.549964494558301,"social_isolation_avg"
"14733","MIR762HG","Exc L4-5 RORB IL1RAPL2",-0.0382356131804383,3.35927083257387,1.22273529204583,0.467971541160563,0.763370756849864,0.763370756849864,"social_isolation_avg"
"14734","FBXL19-AS1","Exc L4-5 RORB IL1RAPL2",0.112434977284192,1.12318596743198,1.93588666548536,0.165985587756212,0.469659534310646,0.469659534310646,"social_isolation_avg"
"14735","FBXL19","Exc L4-5 RORB IL1RAPL2",-0.0126833320837854,4.55916992889285,0.209839428938599,0.707214846746838,0.902976726857205,0.902976726857205,"social_isolation_avg"
"14736","ORAI3","Exc L4-5 RORB IL1RAPL2",0.147252940819287,1.09963138868292,3.49866290951493,0.0631862647090101,0.285469750372297,0.285469750372297,"social_isolation_avg"
"14737","SETD1A","Exc L4-5 RORB IL1RAPL2",-0.0116223755438651,3.75282010869747,0.153072070581458,0.696120551388689,0.89686074852413,0.89686074852413,"social_isolation_avg"
"14738","STX1B","Exc L4-5 RORB IL1RAPL2",-0.0191582117411178,6.80010113001416,0.543656670144705,0.461966555385388,0.759587712877867,0.759587712877867,"social_isolation_avg"
"14739","STX4","Exc L4-5 RORB IL1RAPL2",0.0484167343331517,3.33088588221143,1.65608070971716,0.199932565504318,0.514263740063513,0.514263740063513,"social_isolation_avg"
"14740","AC135050.3","Exc L4-5 RORB IL1RAPL2",0.0620965571757733,2.82731495980794,2.09757392847122,0.14942725895059,0.446582398768617,0.446582398768617,"social_isolation_avg"
"14741","AC135050.1","Exc L4-5 RORB IL1RAPL2",0.137260643689779,0.223143894406244,1.68953650380542,0.195471778934151,0.508515554669316,0.508515554669316,"social_isolation_avg"
"14742","ZNF668","Exc L4-5 RORB IL1RAPL2",-0.0384852591926212,2.93786425080789,0.726236816805309,0.736259212905144,0.916075528860277,0.916075528860277,"social_isolation_avg"
"14743","AC135050.4","Exc L4-5 RORB IL1RAPL2",-0.0435380197109954,0.276840293276254,0.150992029957318,0.933696337740695,0.986583286147705,0.986583286147705,"social_isolation_avg"
"14744","ZNF646","Exc L4-5 RORB IL1RAPL2",-0.00151793085883121,2.42670022957092,0.000938241148350959,0.986673253755763,0.998322486753797,0.998322486753797,"social_isolation_avg"
"14745","AC135050.2","Exc L4-5 RORB IL1RAPL2",0.103135684237315,2.28020619455734,3.99528416184496,0.0472668226757283,0.244379946289176,0.244379946289176,"social_isolation_avg"
"14746","BCKDK","Exc L4-5 RORB IL1RAPL2",-0.0741550524676948,2.87989467986236,2.37228941124319,0.125417958891189,0.40815844516343,0.40815844516343,"social_isolation_avg"
"14747","KAT8","Exc L4-5 RORB IL1RAPL2",0.0323996233934212,5.09515003203982,1.66812786533106,0.198312549319967,0.51230776963174,0.51230776963174,"social_isolation_avg"
"14748","PRSS36","Exc L4-5 RORB IL1RAPL2",0.154921927801278,0.479615534099823,2.23773323047561,0.136585112737469,0.426175283328768,0.426175283328768,"social_isolation_avg"
"14749","FUS","Exc L4-5 RORB IL1RAPL2",0.011918877997162,6.45309030733126,0.360580687336115,0.549006328479684,0.81658271685906,0.81658271685906,"social_isolation_avg"
"14750","TRIM72","Exc L4-5 RORB IL1RAPL2",0.00277293994165031,0.704506781278029,0.000930978867025489,0.975695575189321,0.996391190530934,0.996391190530934,"social_isolation_avg"
"14751","PYDC1","Exc L4-5 RORB IL1RAPL2",0.0476160295807436,-0.0663793291091242,0.142795533308275,0.706002339245993,0.902281003773957,0.902281003773957,"social_isolation_avg"
"14752","AC026471.5","Exc L4-5 RORB IL1RAPL2",0.231841927905048,-0.382413601244377,2.41428113263586,0.12214569761125,0.402003608367099,0.402003608367099,"social_isolation_avg"
"14753","ZNF843","Exc L4-5 RORB IL1RAPL2",0.0125241819905526,1.73035237186299,0.033338477878437,0.85534482997161,0.962871907892362,0.962871907892362,"social_isolation_avg"
"14754","AC026471.4","Exc L4-5 RORB IL1RAPL2",0.082431119566638,3.58644058811183,5.40558839416662,0.0212879958378768,0.153784052669491,0.153784052669491,"social_isolation_avg"
"14755","AC026471.1","Exc L4-5 RORB IL1RAPL2",-0.0103373834188369,1.48133968085948,0.0177853487841954,0.894069537039633,0.975474727711369,0.975474727711369,"social_isolation_avg"
"14756","ARMC5","Exc L4-5 RORB IL1RAPL2",-0.0503967353844554,2.99909396370127,1.65818870788748,0.199647969980765,0.514218237970458,0.514218237970458,"social_isolation_avg"
"14757","C16orf58","Exc L4-5 RORB IL1RAPL2",-0.035453093431797,4.34147291706761,1.49761840170487,0.222779702993903,0.544051041466452,0.544051041466452,"social_isolation_avg"
"14758","AC026471.2","Exc L4-5 RORB IL1RAPL2",-0.0880223191603492,0.391971420611858,0.493141431262096,0.483517000884722,0.775372863914549,0.775372863914549,"social_isolation_avg"
"14759","ZNF720","Exc L4-5 RORB IL1RAPL2",0.00488728105849549,5.17492816811971,0.036208793333275,0.849318448050225,0.961873912835597,0.961873912835597,"social_isolation_avg"
"14760","ZNF267","Exc L4-5 RORB IL1RAPL2",-0.0220361148300973,2.89674392792452,0.24296671882484,0.622725714966657,0.858727006259319,0.858727006259319,"social_isolation_avg"
"14761","TP53TG3D","Exc L4-5 RORB IL1RAPL2",-0.0352682489767011,-0.256995010240419,0.0299200824245988,0.862883311874788,0.965740698866505,0.965740698866505,"social_isolation_avg"
"14762","AC145350.2","Exc L4-5 RORB IL1RAPL2",-0.0177326570535237,1.884575683495,0.0130158823123065,0.909307147559525,0.980006865970253,0.980006865970253,"social_isolation_avg"
"14763","AC141257.2","Exc L4-5 RORB IL1RAPL2",-0.0564287332043356,0.175425132346286,0.0904124033031332,0.764031384853534,0.929360205936259,0.929360205936259,"social_isolation_avg"
"14764","AC136944.1","Exc L4-5 RORB IL1RAPL2",-0.0370871394773639,1.91917425867058,0.308407977544517,0.579409554545444,0.835849968096549,0.835849968096549,"social_isolation_avg"
"14765","AC136944.2","Exc L4-5 RORB IL1RAPL2",0.0302877162004862,0.985988511504303,0.0765772360208469,0.78233629101617,0.937466757950756,0.937466757950756,"social_isolation_avg"
"14766","SHCBP1","Exc L4-5 RORB IL1RAPL2",0.0708019876843026,1.39874837429785,0.539658030882093,0.463615350564552,0.76047386632266,0.76047386632266,"social_isolation_avg"
"14767","VPS35","Exc L4-5 RORB IL1RAPL2",-0.0205897886160226,6.22865295288738,1.24522425595434,0.266086168187669,0.596327130009424,0.596327130009424,"social_isolation_avg"
"14768","ORC6","Exc L4-5 RORB IL1RAPL2",0.00353687112953421,3.05255792929658,0.00699131837133762,0.93346442706863,0.986583286147705,0.986583286147705,"social_isolation_avg"
"14769","MYLK3","Exc L4-5 RORB IL1RAPL2",0.164345713073584,1.45895555810546,4.27165248793029,0.0403125754718652,0.223158057490685,0.223158057490685,"social_isolation_avg"
"14770","C16orf87","Exc L4-5 RORB IL1RAPL2",-0.0832180762475228,4.88456685925958,9.42878521644975,0.00249792808394546,0.0427840369553181,0.0427840369553181,"social_isolation_avg"
"14771","GPT2","Exc L4-5 RORB IL1RAPL2",-0.0074540402195539,4.73106563532707,0.0884071525168212,0.936879531389306,0.987490092220647,0.987490092220647,"social_isolation_avg"
"14772","DNAJA2","Exc L4-5 RORB IL1RAPL2",-0.0391984898636762,4.44451228847784,2.23118024953905,0.330083894761183,0.655628529579714,0.655628529579714,"social_isolation_avg"
"14773","AC018845.3","Exc L4-5 RORB IL1RAPL2",0.0140803773460541,1.25194630914771,0.0426678709825195,0.874091620330053,0.969990403745151,0.969990403745151,"social_isolation_avg"
"14774","AC018845.1","Exc L4-5 RORB IL1RAPL2",0.233903666301287,0.0708148343159984,3.08385028366252,0.0809251736687894,0.326729424810209,0.326729424810209,"social_isolation_avg"
"14775","NETO2","Exc L4-5 RORB IL1RAPL2",-0.0103017620925318,6.84102857021114,0.165278275506095,0.684868584249559,0.890917736857058,0.890917736857058,"social_isolation_avg"
"14776","ITFG1-AS1","Exc L4-5 RORB IL1RAPL2",-0.044753104067531,1.30297368280048,0.369704095270808,0.544000122005879,0.814068841856827,0.814068841856827,"social_isolation_avg"
"14777","ITFG1","Exc L4-5 RORB IL1RAPL2",0.0354979205771493,8.40230689733155,6.00646487159498,0.0152951979700184,0.125878134542725,0.125878134542725,"social_isolation_avg"
"14778","AC007533.1","Exc L4-5 RORB IL1RAPL2",0.0152599553680977,0.932904792500956,0.0170184813678322,0.89636515823596,0.976389718563105,0.976389718563105,"social_isolation_avg"
"14779","PHKB","Exc L4-5 RORB IL1RAPL2",0.0050425180466902,7.31247000438367,0.0785407421288028,0.779635201659216,0.936318841604764,0.936318841604764,"social_isolation_avg"
"14780","LINC02133","Exc L4-5 RORB IL1RAPL2",-0.0456509657849601,1.64425478566061,0.275440580581443,0.600408483790177,0.846459199895235,0.846459199895235,"social_isolation_avg"
"14781","LINC02192","Exc L4-5 RORB IL1RAPL2",-0.179440596022943,2.96829402562775,2.96097403639596,0.0871677501728637,0.340413003306657,0.340413003306657,"social_isolation_avg"
"14782","ABCC12","Exc L4-5 RORB IL1RAPL2",-0.0108914309949041,3.1779105605809,0.0472125740923058,0.828254568421097,0.954235199969286,0.954235199969286,"social_isolation_avg"
"14783","ABCC11","Exc L4-5 RORB IL1RAPL2",-0.025486910892531,0.39885373683329,0.0561265019171393,0.813019707621513,0.950559079342002,0.950559079342002,"social_isolation_avg"
"14784","LONP2","Exc L4-5 RORB IL1RAPL2",0.0257451495413611,7.30969683518765,3.76130699948728,0.0541542015489254,0.264085476161654,0.264085476161654,"social_isolation_avg"
"14785","SIAH1","Exc L4-5 RORB IL1RAPL2",-0.0152170773994325,4.60602758639667,0.369442242344235,0.69039258099285,0.893676052256912,0.893676052256912,"social_isolation_avg"
"14786","N4BP1","Exc L4-5 RORB IL1RAPL2",0.0267815592987999,6.15633813368801,1.93635398117928,0.165934784830337,0.469586010136825,0.469586010136825,"social_isolation_avg"
"14787","AC026470.2","Exc L4-5 RORB IL1RAPL2",-0.150403480138603,0.185180010394768,1.61120391979182,0.230545269515097,0.552590200721452,0.552590200721452,"social_isolation_avg"
"14788","AC007611.1","Exc L4-5 RORB IL1RAPL2",0.0200903323158889,1.47309320095927,0.0523615651908607,0.819286632956877,0.952050234048104,0.952050234048104,"social_isolation_avg"
"14789","CBLN1","Exc L4-5 RORB IL1RAPL2",-0.192991105878116,0.607978537741434,2.07939026655605,0.151191791533678,0.448596501114745,0.448596501114745,"social_isolation_avg"
"14790","AC007614.1","Exc L4-5 RORB IL1RAPL2",-0.0985519836496551,3.17240840921786,1.04501187148612,0.308152467543233,0.638195363220832,0.638195363220832,"social_isolation_avg"
"14791","ZNF423","Exc L4-5 RORB IL1RAPL2",0.0160275772892023,4.32350580239589,0.137647391054275,0.711106175557463,0.904975073051627,0.904975073051627,"social_isolation_avg"
"14792","CNEP1R1","Exc L4-5 RORB IL1RAPL2",-0.003849616199972,3.92022648978133,0.0145664709854151,0.904081864330733,0.978397583639639,0.978397583639639,"social_isolation_avg"
"14793","AC007610.1","Exc L4-5 RORB IL1RAPL2",0.108901341550259,0.362659524407751,1.01967441075074,0.314072113313575,0.642716683539493,0.642716683539493,"social_isolation_avg"
"14794","HEATR3","Exc L4-5 RORB IL1RAPL2",0.0543579448260741,4.74981496241477,3.23666057511904,0.0738315016454292,0.311197559062857,0.311197559062857,"social_isolation_avg"
"14795","AC007610.2","Exc L4-5 RORB IL1RAPL2",-0.00512614623287927,-0.246114062099575,0.00154534153348514,0.968690008894113,0.9941928619423,0.9941928619423,"social_isolation_avg"
"14796","TENT4B","Exc L4-5 RORB IL1RAPL2",-0.0249882210311148,6.06755284301642,1.15751147161637,0.283550048573089,0.614684693790175,0.614684693790175,"social_isolation_avg"
"14797","ADCY7","Exc L4-5 RORB IL1RAPL2",-0.0158573273865528,3.61876062730826,0.140371412115179,0.708392287209544,0.903417885482085,0.903417885482085,"social_isolation_avg"
"14798","BRD7","Exc L4-5 RORB IL1RAPL2",-0.0509436802635611,4.67380412531565,3.24634276315841,0.0734053473170957,0.310438662625563,0.310438662625563,"social_isolation_avg"
"14799","AC007493.1","Exc L4-5 RORB IL1RAPL2",0.174123127712994,0.343405977901195,2.75031522370353,0.0991316609651263,0.36463261219307,0.36463261219307,"social_isolation_avg"
"14800","NKD1","Exc L4-5 RORB IL1RAPL2",0.126705210347163,0.670088844722626,0.761459883834747,0.384137849887178,0.70127095925968,0.70127095925968,"social_isolation_avg"
"14801","CYLD","Exc L4-5 RORB IL1RAPL2",-0.00840268021607038,6.18953132369751,0.238086383319414,0.626238248965559,0.860935399889365,0.860935399889365,"social_isolation_avg"
"14802","HNRNPA1P48","Exc L4-5 RORB IL1RAPL2",-0.103029912732909,1.2803137954514,1.88346880947225,0.17179978284347,0.476569280752994,0.476569280752994,"social_isolation_avg"
"14803","CHD9","Exc L4-5 RORB IL1RAPL2",0.0227510876886509,8.30898755711469,2.35474345285969,0.12681424676938,0.409812529995464,0.409812529995464,"social_isolation_avg"
"14804","RBL2","Exc L4-5 RORB IL1RAPL2",0.0425011797971941,6.14852449658046,5.12509994487636,0.0248824742059978,0.167843598735003,0.167843598735003,"social_isolation_avg"
"14805","AKTIP","Exc L4-5 RORB IL1RAPL2",-0.0440540826567168,4.77964332297488,3.70227312643772,0.106886043576778,0.378158345272293,0.378158345272293,"social_isolation_avg"
"14806","RPGRIP1L","Exc L4-5 RORB IL1RAPL2",0.0490261900467234,5.61858204195495,4.75815443891908,0.0305722275510414,0.190344559885902,0.190344559885902,"social_isolation_avg"
"14807","FTO","Exc L4-5 RORB IL1RAPL2",0.0181849942809763,8.11056175858434,2.33968217003336,0.128026724375319,0.411761627044943,0.411761627044943,"social_isolation_avg"
"14808","CRNDE","Exc L4-5 RORB IL1RAPL2",0.0315325057265895,1.40371597119547,0.104183617464447,0.74727366434039,0.921838897052062,0.921838897052062,"social_isolation_avg"
"14809","LPCAT2","Exc L4-5 RORB IL1RAPL2",0.0800955295124075,2.93028765907203,0.735932429592979,0.392209141607397,0.70728190813577,0.70728190813577,"social_isolation_avg"
"14810","CES5A","Exc L4-5 RORB IL1RAPL2",0.0654978199093096,1.48627389419681,0.809142557957825,0.400507529688743,0.713425246586397,0.713425246586397,"social_isolation_avg"
"14811","AC007495.1","Exc L4-5 RORB IL1RAPL2",0.0228278515897752,5.02219006452494,0.625726894329492,0.430060587271415,0.735398892817776,0.735398892817776,"social_isolation_avg"
"14812","AC007495.2","Exc L4-5 RORB IL1RAPL2",-0.1111304738229,0.641427653251018,1.08099828162845,0.299992751637155,0.630965190498733,0.630965190498733,"social_isolation_avg"
"14813","GNAO1","Exc L4-5 RORB IL1RAPL2",-0.043245629973674,8.06769153856381,7.13235661944635,0.00832704090716227,0.0886141400474788,0.0886141400474788,"social_isolation_avg"
"14814","AMFR","Exc L4-5 RORB IL1RAPL2",-0.00727888294250679,4.81602898101597,0.0728601049711486,0.787553791005802,0.939315763970044,0.939315763970044,"social_isolation_avg"
"14815","AC092140.1","Exc L4-5 RORB IL1RAPL2",-0.0201765182732087,0.529350244591458,0.0326149763814954,0.8569057913627,0.963713414073564,0.963713414073564,"social_isolation_avg"
"14816","NUDT21","Exc L4-5 RORB IL1RAPL2",-0.023189251080551,5.51749247893379,1.25156632014875,0.264876662930236,0.595177649843577,0.595177649843577,"social_isolation_avg"
"14817","OGFOD1","Exc L4-5 RORB IL1RAPL2",-0.0692903300287417,4.47629828581852,8.35276150443974,0.00436815728873372,0.0603455968902475,0.0603455968902475,"social_isolation_avg"
"14818","AC092140.2","Exc L4-5 RORB IL1RAPL2",0.182860322308858,0.287180694881465,2.8745198373018,0.0918746009991464,0.35070940104301,0.35070940104301,"social_isolation_avg"
"14819","BBS2","Exc L4-5 RORB IL1RAPL2",0.00403498904508031,5.42488145862775,0.0474986006936989,0.82774332151857,0.954161930646283,0.954161930646283,"social_isolation_avg"
"14820","MT4","Exc L4-5 RORB IL1RAPL2",-0.460940533581728,-0.520119384602047,2.94953525522255,0.0877750909179091,0.341719227375494,0.341719227375494,"social_isolation_avg"
"14821","MT3","Exc L4-5 RORB IL1RAPL2",-0.155985296726148,4.80042275476158,13.8525050237803,0.000270743716464344,0.0104545752229018,0.0104545752229018,"social_isolation_avg"
"14822","MT2A","Exc L4-5 RORB IL1RAPL2",-1.1768778784078,-0.577552510908522,9.41383640302398,0.00251725373486549,0.0429864241131678,0.0429864241131678,"social_isolation_avg"
"14823","AC106779.1","Exc L4-5 RORB IL1RAPL2",0.0160028348941044,3.04471246331163,0.115083964084177,0.734859334976322,0.91516949422438,0.91516949422438,"social_isolation_avg"
"14824","NUP93","Exc L4-5 RORB IL1RAPL2",0.00261551632954139,5.23386043461847,0.0117526896959095,0.913802093353832,0.981668613012071,0.981668613012071,"social_isolation_avg"
"14825","SLC12A3","Exc L4-5 RORB IL1RAPL2",0.00619671519944271,1.42228509051333,0.00664885654172547,0.935110749608666,0.986842461541563,0.986842461541563,"social_isolation_avg"
"14826","HERPUD1","Exc L4-5 RORB IL1RAPL2",-0.0303130399262069,5.21783219781432,1.6774832949297,0.401011770708798,0.713987363656833,0.713987363656833,"social_isolation_avg"
"14827","NLRC5","Exc L4-5 RORB IL1RAPL2",0.0604679229941441,0.170939254523979,0.179136374578201,0.672666639050736,0.884670224969078,0.884670224969078,"social_isolation_avg"
"14828","CPNE2","Exc L4-5 RORB IL1RAPL2",-0.227617867606076,-0.872234784751065,0.641544754156997,0.424301757350928,0.730630567792703,0.730630567792703,"social_isolation_avg"
"14829","FAM192A","Exc L4-5 RORB IL1RAPL2",-0.0716533029685284,5.1523502868711,9.0138832614383,0.00309549874734884,0.0489686630449075,0.0489686630449075,"social_isolation_avg"
"14830","RSPRY1","Exc L4-5 RORB IL1RAPL2",0.0082997238502895,4.85439026217211,0.118999389057124,0.73056082105326,0.913267211869261,0.913267211869261,"social_isolation_avg"
"14831","ARL2BP","Exc L4-5 RORB IL1RAPL2",-0.0288139896104943,5.33040791029307,1.68666687424382,0.195849756501651,0.508951138959998,0.508951138959998,"social_isolation_avg"
"14832","CX3CL1","Exc L4-5 RORB IL1RAPL2",-0.0799371532308085,5.20751527811604,10.1448698482266,0.00172986442858902,0.0341556940864817,0.0341556940864817,"social_isolation_avg"
"14833","CIAPIN1","Exc L4-5 RORB IL1RAPL2",-0.0648152660364271,4.53959527401117,7.1562697646569,0.00992867254421314,0.0979459922883508,0.0979459922883508,"social_isolation_avg"
"14834","COQ9","Exc L4-5 RORB IL1RAPL2",-0.0211114343172717,5.05518661944631,0.682598746535817,0.4098842155257,0.720362181122215,0.720362181122215,"social_isolation_avg"
"14835","POLR2C","Exc L4-5 RORB IL1RAPL2",-0.0374071291283183,4.17411869955538,1.43234176428104,0.233096306392404,0.556090747757996,0.556090747757996,"social_isolation_avg"
"14836","DOK4","Exc L4-5 RORB IL1RAPL2",-0.00693236582469836,3.14716618539631,0.0282642861814745,0.866694512926642,0.966778235497087,0.966778235497087,"social_isolation_avg"
"14837","CCDC102A","Exc L4-5 RORB IL1RAPL2",-0.0315002967262208,-0.613075206557981,0.031457078825312,0.859441645182618,0.964243395716678,0.964243395716678,"social_isolation_avg"
"14838","ADGRG5","Exc L4-5 RORB IL1RAPL2",-0.119806872132048,0.00532215328294079,0.899816544455811,0.344215674923604,0.666895841207199,0.666895841207199,"social_isolation_avg"
"14839","ADGRG1","Exc L4-5 RORB IL1RAPL2",-0.452108832249711,0.700951108244998,3.67727014204631,0.0568834010260785,0.270969494162747,0.270969494162747,"social_isolation_avg"
"14840","DRC7","Exc L4-5 RORB IL1RAPL2",0.253779018863314,-0.0207862307309717,4.05718969108669,0.0456052187437602,0.239626865829127,0.239626865829127,"social_isolation_avg"
"14841","KATNB1","Exc L4-5 RORB IL1RAPL2",-0.0121339641944618,4.69789496413466,0.199446283147913,0.779746101536191,0.936318841604764,0.936318841604764,"social_isolation_avg"
"14842","KIFC3","Exc L4-5 RORB IL1RAPL2",0.070704052892089,4.09571449392269,5.5379942919931,0.0197841804420699,0.147376566198585,0.147376566198585,"social_isolation_avg"
"14843","AC092118.2","Exc L4-5 RORB IL1RAPL2",-0.100354456814927,1.19797006225814,1.16244847748805,0.282529186887593,0.61379183088738,0.61379183088738,"social_isolation_avg"
"14844","CNGB1","Exc L4-5 RORB IL1RAPL2",-0.299117376027461,-0.777713280466696,0.918519412834226,0.339263719078599,0.662975363081992,0.662975363081992,"social_isolation_avg"
"14845","ZNF319","Exc L4-5 RORB IL1RAPL2",-0.0334991127489717,1.62304858804676,0.322727653718449,0.878574809187685,0.971737532275687,0.971737532275687,"social_isolation_avg"
"14846","USB1","Exc L4-5 RORB IL1RAPL2",0.0109459001336351,3.84491399364631,0.121254881463484,0.728120507232368,0.91234452756733,0.91234452756733,"social_isolation_avg"
"14847","MMP15","Exc L4-5 RORB IL1RAPL2",0.0728558816410782,1.82328370135779,1.59206100797767,0.24607666039865,0.57186751409102,0.57186751409102,"social_isolation_avg"
"14848","CFAP20","Exc L4-5 RORB IL1RAPL2",-0.12112964240663,3.5198374427818,12.2731737952379,0.000591238505914753,0.016746742171277,0.016746742171277,"social_isolation_avg"
"14849","AC009107.2","Exc L4-5 RORB IL1RAPL2",0.0310108926045158,0.662899087882323,0.098230225304403,0.763796234436934,0.929360205936259,0.929360205936259,"social_isolation_avg"
"14850","CSNK2A2","Exc L4-5 RORB IL1RAPL2",-0.0330853027366332,5.20835488962068,3.46436291948658,0.0644804522527373,0.289192805796857,0.289192805796857,"social_isolation_avg"
"14851","AC009107.1","Exc L4-5 RORB IL1RAPL2",0.057221381006395,0.599608467223559,0.366500590926614,0.740584223799709,0.918437051747676,0.918437051747676,"social_isolation_avg"
"14852","CCDC113","Exc L4-5 RORB IL1RAPL2",0.0195395469667352,3.58703802337152,0.289487538487053,0.658706761122934,0.878351304194848,0.878351304194848,"social_isolation_avg"
"14853","GINS3","Exc L4-5 RORB IL1RAPL2",0.0748999132542126,2.37491770333163,1.08494759885045,0.299114434781731,0.630028300178685,0.630028300178685,"social_isolation_avg"
"14854","LINC02137","Exc L4-5 RORB IL1RAPL2",0.0273706340372591,0.0973908415349132,0.0376209447999056,0.84644442230657,0.961597389721097,0.961597389721097,"social_isolation_avg"
"14855","NDRG4","Exc L4-5 RORB IL1RAPL2",-0.0476495500725734,7.78468236172724,5.81974625640158,0.0169415967609888,0.13429072153945,0.13429072153945,"social_isolation_avg"
"14856","SETD6","Exc L4-5 RORB IL1RAPL2",0.0310813425252919,3.53756659618486,0.668776050067303,0.414655900897138,0.723973821248939,0.723973821248939,"social_isolation_avg"
"14857","CNOT1","Exc L4-5 RORB IL1RAPL2",0.0136345989725028,5.5185860010474,0.554274553473207,0.457633470061234,0.755574422951885,0.755574422951885,"social_isolation_avg"
"14858","AC009118.3","Exc L4-5 RORB IL1RAPL2",-0.0128505597657992,2.60251757199365,0.0681051549886159,0.794440766423187,0.942657327323035,0.942657327323035,"social_isolation_avg"
"14859","SLC38A7","Exc L4-5 RORB IL1RAPL2",0.0220037913481648,4.67877838812579,0.703892930932794,0.402690371861587,0.714890647963322,0.714890647963322,"social_isolation_avg"
"14860","GOT2","Exc L4-5 RORB IL1RAPL2",-0.0499224391728196,5.29493703733844,6.09434873988371,0.0145787970117612,0.122385712597833,0.122385712597833,"social_isolation_avg"
"14861","AC092378.1","Exc L4-5 RORB IL1RAPL2",0.0561901854370131,6.5852442046405,3.01137470885467,0.0845458568657958,0.334523663270122,0.334523663270122,"social_isolation_avg"
"14862","AC092378.2","Exc L4-5 RORB IL1RAPL2",0.0615160703041909,-0.0566455503867136,0.251539606073103,0.616660391343405,0.854746611446451,0.854746611446451,"social_isolation_avg"
"14863","LINC02141","Exc L4-5 RORB IL1RAPL2",0.00621020591850224,2.64362115300157,0.00921953162147074,0.92362227606853,0.984023267092239,0.984023267092239,"social_isolation_avg"
"14864","AC018554.1","Exc L4-5 RORB IL1RAPL2",0.121088453341591,0.410644532152867,1.12415330295616,0.290572663187632,0.621937257938143,0.621937257938143,"social_isolation_avg"
"14865","CDH8","Exc L4-5 RORB IL1RAPL2",0.032964392986617,8.85565983117871,2.67531935471935,0.103817641914715,0.37302195265255,0.37302195265255,"social_isolation_avg"
"14866","AC012174.1","Exc L4-5 RORB IL1RAPL2",-0.161288657160619,1.21458149152604,3.18938739814862,0.075951056984774,0.3160479325289,0.3160479325289,"social_isolation_avg"
"14867","AC138305.1","Exc L4-5 RORB IL1RAPL2",-0.175186964268135,3.8239181337547,2.98243367150135,0.0860407021040632,0.337876757612257,0.337876757612257,"social_isolation_avg"
"14868","AC012322.1","Exc L4-5 RORB IL1RAPL2",-0.0280795902275106,-0.329967791449456,0.0355263765321723,0.850728133090293,0.961873912835597,0.961873912835597,"social_isolation_avg"
"14869","AC092131.1","Exc L4-5 RORB IL1RAPL2",-0.0277957343531266,0.566140418420089,0.0559502702221933,0.813308014136022,0.950559079342002,0.950559079342002,"social_isolation_avg"
"14870","CDH11","Exc L4-5 RORB IL1RAPL2",0.00508824257153011,5.86614639484908,0.0205354376154227,0.886226288966797,0.973780660163158,0.973780660163158,"social_isolation_avg"
"14871","AC009055.1","Exc L4-5 RORB IL1RAPL2",0.127796078939975,0.406639505698901,1.50027092837252,0.222372289604158,0.543675680527236,0.543675680527236,"social_isolation_avg"
"14872","LINC00922","Exc L4-5 RORB IL1RAPL2",-0.131360104277599,0.805203946324696,0.924230850118956,0.33777073271273,0.661677409253179,0.661677409253179,"social_isolation_avg"
"14873","BEAN1","Exc L4-5 RORB IL1RAPL2",0.0432099666803832,4.51515003573423,1.75335087055957,0.187284109434491,0.496511508282191,0.496511508282191,"social_isolation_avg"
"14874","AC010542.3","Exc L4-5 RORB IL1RAPL2",0.0537506117465169,3.7179554308567,2.20308469979789,0.315092962446455,0.643552886706539,0.643552886706539,"social_isolation_avg"
"14875","TK2","Exc L4-5 RORB IL1RAPL2",-0.0356424182102709,3.83402240671937,1.00450250108031,0.31768839927139,0.645647604181802,0.645647604181802,"social_isolation_avg"
"14876","CMTM2","Exc L4-5 RORB IL1RAPL2",0.158906797103525,0.464102477976484,2.37417602779221,0.125268853017905,0.407953867117346,0.407953867117346,"social_isolation_avg"
"14877","CMTM4","Exc L4-5 RORB IL1RAPL2",0.00040753339958003,6.54749129636421,0.000558694225602538,0.98117089685008,0.997246161328983,0.997246161328983,"social_isolation_avg"
"14878","DYNC1LI2","Exc L4-5 RORB IL1RAPL2",-0.0521678065361136,6.38436692858989,12.307133707776,0.000581315216696355,0.0165151129356032,0.0165151129356032,"social_isolation_avg"
"14879","AC018557.1","Exc L4-5 RORB IL1RAPL2",0.103402731915559,1.54002418519395,2.00263771417664,0.158906923860256,0.45973668292965,0.45973668292965,"social_isolation_avg"
"14880","TERB1","Exc L4-5 RORB IL1RAPL2",0.0377894236271218,1.33920762732406,0.204562082555198,0.651656378979433,0.874004422320455,0.874004422320455,"social_isolation_avg"
"14881","NAE1","Exc L4-5 RORB IL1RAPL2",0.0633949869905848,5.94431638337093,14.1101707954229,0.000238622733913195,0.00960634201781182,0.00960634201781182,"social_isolation_avg"
"14882","CA7","Exc L4-5 RORB IL1RAPL2",0.0105929492070437,3.55181426516628,0.0667519572453955,0.796447412526818,0.943052144191509,0.943052144191509,"social_isolation_avg"
"14883","PDP2","Exc L4-5 RORB IL1RAPL2",0.0221228036646267,3.87281204737916,0.52304956204049,0.713056265101165,0.905910701135506,0.905910701135506,"social_isolation_avg"
"14884","RRAD","Exc L4-5 RORB IL1RAPL2",0.0258543770606931,0.883726319740198,0.0723882921045192,0.788226180425376,0.939584675853874,0.939584675853874,"social_isolation_avg"
"14885","FAM96B","Exc L4-5 RORB IL1RAPL2",-0.105175095344691,4.35007679856583,11.8463686307622,0.000731771173068838,0.0193107982784316,0.0193107982784316,"social_isolation_avg"
"14886","CES2","Exc L4-5 RORB IL1RAPL2",0.00687435086843231,3.9705284085207,0.0434275898133374,0.835178779947532,0.956824497333631,0.956824497333631,"social_isolation_avg"
"14887","CES3","Exc L4-5 RORB IL1RAPL2",0.0806299275907175,2.42152012562715,1.8866582797879,0.17143934806471,0.476350731427875,0.476350731427875,"social_isolation_avg"
"14888","CES4A","Exc L4-5 RORB IL1RAPL2",-0.0349961129641449,6.04564161599621,1.45022130159822,0.230213989504514,0.552556696860669,0.552556696860669,"social_isolation_avg"
"14889","CBFB","Exc L4-5 RORB IL1RAPL2",0.0178516685899892,4.2822824817872,0.295784347783923,0.587270198649433,0.839774518825062,0.839774518825062,"social_isolation_avg"
"14890","C16orf70","Exc L4-5 RORB IL1RAPL2",0.0239146019891632,5.02081656537823,1.2530904225295,0.548744945334455,0.816386468837334,0.816386468837334,"social_isolation_avg"
"14891","B3GNT9","Exc L4-5 RORB IL1RAPL2",-0.0580945310539206,1.08216168327595,0.46553086710836,0.496005399009298,0.784289029940136,0.784289029940136,"social_isolation_avg"
"14892","TRADD","Exc L4-5 RORB IL1RAPL2",-0.0114964013386778,1.92886632348445,0.039891886173728,0.841937610442522,0.95978504337563,0.95978504337563,"social_isolation_avg"
"14893","HSF4","Exc L4-5 RORB IL1RAPL2",0.0673193621539759,5.12635954345066,5.15659364595611,0.0244489609991726,0.16642703830904,0.16642703830904,"social_isolation_avg"
"14894","NOL3","Exc L4-5 RORB IL1RAPL2",-0.0160521374112172,3.19216015758616,0.111155541692845,0.73925491380721,0.917822827304843,0.917822827304843,"social_isolation_avg"
"14895","KIAA0895L","Exc L4-5 RORB IL1RAPL2",0.0137519860526582,4.69972047035072,0.221725220265803,0.638349318286608,0.867201085917667,0.867201085917667,"social_isolation_avg"
"14896","E2F4","Exc L4-5 RORB IL1RAPL2",-0.0536846459013091,4.28298805077617,3.63466721209641,0.0583229415217738,0.274569366569126,0.274569366569126,"social_isolation_avg"
"14897","ELMO3","Exc L4-5 RORB IL1RAPL2",-0.085676561796,0.276594456557328,0.501533143536733,0.479824691042474,0.772697111897821,0.772697111897821,"social_isolation_avg"
"14898","LRRC29","Exc L4-5 RORB IL1RAPL2",0.0809350646362295,4.01880441064807,5.96749640456274,0.0156244890724531,0.127207813141087,0.127207813141087,"social_isolation_avg"
"14899","TMEM208","Exc L4-5 RORB IL1RAPL2",-0.0769592065352928,3.06708594605403,2.56731699829808,0.207055772212192,0.524400050613182,0.524400050613182,"social_isolation_avg"
"14900","FHOD1","Exc L4-5 RORB IL1RAPL2",-0.0286327381731523,1.95445996352475,0.180775757326627,0.671260398436283,0.884298267656223,0.884298267656223,"social_isolation_avg"
"14901","SLC9A5","Exc L4-5 RORB IL1RAPL2",0.072082143206906,4.6141676116846,6.22744936913589,0.0135595500292313,0.117273898793766,0.117273898793766,"social_isolation_avg"
"14902","PLEKHG4","Exc L4-5 RORB IL1RAPL2",0.363089044562898,-0.0859810975220729,6.45544967791777,0.0119820784448727,0.109539457276281,0.109539457276281,"social_isolation_avg"
"14903","KCTD19","Exc L4-5 RORB IL1RAPL2",0.010194438239697,0.623386304351141,0.00847072181124613,0.926780466959372,0.98417618971798,0.98417618971798,"social_isolation_avg"
"14904","LRRC36","Exc L4-5 RORB IL1RAPL2",0.119313457302724,1.71804592601422,1.98696355051695,0.160537396427758,0.462473824270647,0.462473824270647,"social_isolation_avg"
"14905","TPPP3","Exc L4-5 RORB IL1RAPL2",0.028191058543448,1.78826451093289,0.0953191591023315,0.757909596109606,0.926610169915842,0.926610169915842,"social_isolation_avg"
"14906","ZDHHC1","Exc L4-5 RORB IL1RAPL2",0.0543458097120098,3.98316953750217,3.12921336299924,0.07874506336652,0.322357279090854,0.322357279090854,"social_isolation_avg"
"14907","HSD11B2","Exc L4-5 RORB IL1RAPL2",0.164653079816216,3.17589591255246,5.02466283740338,0.0263196716814225,0.173880763926046,0.173880763926046,"social_isolation_avg"
"14908","ATP6V0D1","Exc L4-5 RORB IL1RAPL2",-0.150983838155969,5.66120237793675,37.5211808155022,6.38470790804661e-09,2.26473185389197e-05,2.26473185389197e-05,"social_isolation_avg"
"14909","AC009061.2","Exc L4-5 RORB IL1RAPL2",0.00760828793820653,4.99690835948429,0.0669780244628276,0.796110678384459,0.943052144191509,0.943052144191509,"social_isolation_avg"
"14910","AC027682.6","Exc L4-5 RORB IL1RAPL2",-0.136272006274766,2.38625795579033,9.37602134084718,0.0025668284808503,0.0434021105327691,0.0434021105327691,"social_isolation_avg"
"14911","RIPOR1","Exc L4-5 RORB IL1RAPL2",0.0183336999801867,5.48983900196659,0.663198024874885,0.41660485899779,0.725422731083941,0.725422731083941,"social_isolation_avg"
"14912","AC027682.4","Exc L4-5 RORB IL1RAPL2",0.102865108985124,3.84384629591123,7.635605267924,0.00637176857953985,0.0761112583923444,0.0761112583923444,"social_isolation_avg"
"14913","CTCF","Exc L4-5 RORB IL1RAPL2",0.0289512079809905,5.38153571377344,1.59059648536409,0.209017980729594,0.527181961164699,0.527181961164699,"social_isolation_avg"
"14914","CARMIL2","Exc L4-5 RORB IL1RAPL2",-0.0240075533533066,4.29751799087244,0.405151313942726,0.525321267417811,0.804695895467326,0.804695895467326,"social_isolation_avg"
"14915","ACD","Exc L4-5 RORB IL1RAPL2",0.0314089525705466,2.96654703217457,0.495648390015176,0.482409053470549,0.774975522220773,0.774975522220773,"social_isolation_avg"
"14916","PARD6A","Exc L4-5 RORB IL1RAPL2",-0.113452571766357,3.21412503540926,5.46801893120739,0.0205645779549909,0.150990446056028,0.150990446056028,"social_isolation_avg"
"14917","ENKD1","Exc L4-5 RORB IL1RAPL2",-0.0230320810090667,1.95869900490077,0.154102990376662,0.796562138468586,0.943052144191509,0.943052144191509,"social_isolation_avg"
"14918","C16orf86","Exc L4-5 RORB IL1RAPL2",0.0658741886485671,0.0158189979954226,0.231290646366208,0.71565294012572,0.906943848411394,0.906943848411394,"social_isolation_avg"
"14919","GFOD2","Exc L4-5 RORB IL1RAPL2",-0.0319713175363044,4.87363815551548,1.36490501057196,0.244371447265067,0.569442002421983,0.569442002421983,"social_isolation_avg"
"14920","RANBP10","Exc L4-5 RORB IL1RAPL2",0.0549002955108103,5.58659165004537,6.85726453566898,0.00964875196096136,0.0966947005744643,0.0966947005744643,"social_isolation_avg"
"14921","TSNAXIP1","Exc L4-5 RORB IL1RAPL2",0.115562237951636,3.28240665059734,8.2221861808263,0.00467749359401442,0.0629554491227119,0.0629554491227119,"social_isolation_avg"
"14922","CENPT","Exc L4-5 RORB IL1RAPL2",0.0494436177388739,4.56337741325245,3.35846152064752,0.0686597761705317,0.299721213801908,0.299721213801908,"social_isolation_avg"
"14923","THAP11","Exc L4-5 RORB IL1RAPL2",-0.0719662755684353,3.00657182279833,2.48506976623311,0.116843168096993,0.394527370011684,0.394527370011684,"social_isolation_avg"
"14924","NUTF2","Exc L4-5 RORB IL1RAPL2",-0.0897729948380754,3.86367266880535,8.73252677904885,0.00358266891042629,0.053629492447924,0.053629492447924,"social_isolation_avg"
"14925","EDC4","Exc L4-5 RORB IL1RAPL2",-0.239832129334032,0.03879469130231,3.27905461897656,0.0719851453653382,0.307456193105545,0.307456193105545,"social_isolation_avg"
"14926","PSKH1","Exc L4-5 RORB IL1RAPL2",0.0638972822969443,3.43279818039986,3.00216008607107,0.0850187066237111,0.335342703361942,0.335342703361942,"social_isolation_avg"
"14927","DUS2","Exc L4-5 RORB IL1RAPL2",0.0753205474096354,3.99766502187772,5.17590097541289,0.024187115422109,0.165799635903898,0.165799635903898,"social_isolation_avg"
"14928","DDX28","Exc L4-5 RORB IL1RAPL2",-0.0780007294213349,1.00645316443771,0.883802380669231,0.348534123735406,0.670797900030274,0.670797900030274,"social_isolation_avg"
"14929","NFATC3","Exc L4-5 RORB IL1RAPL2",0.0296083503114566,6.00759371630642,1.73041109770344,0.190180110224692,0.500953822055531,0.500953822055531,"social_isolation_avg"
"14930","AC020978.3","Exc L4-5 RORB IL1RAPL2",0.0114503852424681,-0.309439712956035,0.00612489717675992,0.965183804214618,0.993640457161603,0.993640457161603,"social_isolation_avg"
"14931","PLA2G15","Exc L4-5 RORB IL1RAPL2",-0.0421962477282054,3.45411812166067,1.6766877305381,0.204176484616152,0.520930861033201,0.520930861033201,"social_isolation_avg"
"14932","SLC7A6","Exc L4-5 RORB IL1RAPL2",0.0159987985273683,5.70127074595945,0.556157039183951,0.456871979475298,0.754844107898368,0.754844107898368,"social_isolation_avg"
"14933","SLC7A6OS","Exc L4-5 RORB IL1RAPL2",0.0161383833160345,3.88763621863816,0.225453830676766,0.635542163584794,0.865924481687038,0.865924481687038,"social_isolation_avg"
"14934","PRMT7","Exc L4-5 RORB IL1RAPL2",0.0521427264441543,5.46667360714987,6.04918426315864,0.0149424964580564,0.12422099098545,0.12422099098545,"social_isolation_avg"
"14935","SMPD3","Exc L4-5 RORB IL1RAPL2",-0.0366371192880537,5.00306532023529,1.39373280848224,0.239471735962161,0.563625202806372,0.563625202806372,"social_isolation_avg"
"14936","AC099521.1","Exc L4-5 RORB IL1RAPL2",-0.126317693121318,0.942701965549839,2.07982429035605,0.151149398225257,0.448541054551457,0.448541054551457,"social_isolation_avg"
"14937","ZFP90","Exc L4-5 RORB IL1RAPL2",0.0412202694124167,6.15921191634734,5.0336695132039,0.0261873057534724,0.173336638784741,0.173336638784741,"social_isolation_avg"
"14938","AC126773.1","Exc L4-5 RORB IL1RAPL2",0.0517964917327853,1.51366456934009,0.548644550272069,0.610347051231988,0.852117185969555,0.852117185969555,"social_isolation_avg"
"14939","AC126773.4","Exc L4-5 RORB IL1RAPL2",0.0922407205970491,2.56600238415837,3.38544782317594,0.15207502863188,0.449876738077516,0.449876738077516,"social_isolation_avg"
"14940","CDH3","Exc L4-5 RORB IL1RAPL2",0.0440713757607336,4.51725846794182,1.704521095332,0.19351197563593,0.505781240139929,0.505781240139929,"social_isolation_avg"
"14941","TANGO6","Exc L4-5 RORB IL1RAPL2",0.0659252229062036,6.24411165722368,15.154035112269,0.000143498224302188,0.00714507868953078,0.00714507868953078,"social_isolation_avg"
"14942","AC009137.1","Exc L4-5 RORB IL1RAPL2",0.0387611717437416,0.777313848076718,0.189211061169297,0.664141436836137,0.880856527610023,0.880856527610023,"social_isolation_avg"
"14943","HAS3","Exc L4-5 RORB IL1RAPL2",-0.14637967633052,0.345595455443433,1.92294470797555,0.167399692300397,0.471037750786443,0.471037750786443,"social_isolation_avg"
"14944","CHTF8","Exc L4-5 RORB IL1RAPL2",0.0158359164115599,3.75056019509993,0.226366381789455,0.634859472828193,0.86562455441284,0.86562455441284,"social_isolation_avg"
"14945","UTP4","Exc L4-5 RORB IL1RAPL2",0.025224975505977,4.21513006154335,0.571053260287738,0.450916185439787,0.751964141081104,0.751964141081104,"social_isolation_avg"
"14946","SNTB2","Exc L4-5 RORB IL1RAPL2",0.000833835013430923,5.64788589823807,0.000862158266456483,0.976610876591449,0.996653621356429,0.996653621356429,"social_isolation_avg"
"14947","VPS4A","Exc L4-5 RORB IL1RAPL2",-0.0501412105857166,4.94178446075579,2.86354761433111,0.092491603109322,0.352190304373411,0.352190304373411,"social_isolation_avg"
"14948","COG8","Exc L4-5 RORB IL1RAPL2",-0.00740553256737234,2.91256574991489,0.030613060400945,0.861320571426925,0.965016220001923,0.965016220001923,"social_isolation_avg"
"14949","AC026464.3","Exc L4-5 RORB IL1RAPL2",0.173785720705505,2.11488164120455,11.016469094159,0.00111095540120705,0.0253869409978728,0.0253869409978728,"social_isolation_avg"
"14950","NIP7","Exc L4-5 RORB IL1RAPL2",-0.0708016845786563,2.44021988593193,2.19934556779787,0.139973456797882,0.432609894817499,0.432609894817499,"social_isolation_avg"
"14951","TERF2","Exc L4-5 RORB IL1RAPL2",-0.0226197450901065,4.21109930561154,0.561686080222726,0.454646964035739,0.753272785159389,0.753272785159389,"social_isolation_avg"
"14952","CYB5B","Exc L4-5 RORB IL1RAPL2",0.0558927782292375,5.80612291709051,5.81246118047967,0.0170094581406315,0.134715762862657,0.134715762862657,"social_isolation_avg"
"14953","NFAT5","Exc L4-5 RORB IL1RAPL2",0.0024932070412894,7.91653503277414,0.0365238198025323,0.848672335794434,0.961873912835597,0.961873912835597,"social_isolation_avg"
"14954","NQO1","Exc L4-5 RORB IL1RAPL2",0.112020029120272,1.50510247960944,3.1795247961492,0.0764015261215496,0.31729439766151,0.31729439766151,"social_isolation_avg"
"14955","AC092115.3","Exc L4-5 RORB IL1RAPL2",0.0322374077111674,2.1380333114027,0.308787123783527,0.579176739995503,0.835705261759697,0.835705261759697,"social_isolation_avg"
"14956","NOB1","Exc L4-5 RORB IL1RAPL2",-0.0970978380943814,2.99819046110774,4.72746827656864,0.0311063631820444,0.192529767015853,0.192529767015853,"social_isolation_avg"
"14957","WWP2","Exc L4-5 RORB IL1RAPL2",-0.0185498472279422,5.24573767190373,0.684694492076276,0.409167850986929,0.719637935352639,0.719637935352639,"social_isolation_avg"
"14958","CLEC18A","Exc L4-5 RORB IL1RAPL2",-0.06877731454772,-0.340662823875296,0.129524607290663,0.719384855853145,0.908669340269486,0.908669340269486,"social_isolation_avg"
"14959","PDPR","Exc L4-5 RORB IL1RAPL2",0.0421891291307542,5.57483990606482,0.727763410998876,0.394843581162302,0.709750655440995,0.709750655440995,"social_isolation_avg"
"14960","AC009060.1","Exc L4-5 RORB IL1RAPL2",-0.0582236649974784,2.10057225892557,0.546865583421653,0.460650156764391,0.758569331256661,0.758569331256661,"social_isolation_avg"
"14961","EXOSC6","Exc L4-5 RORB IL1RAPL2",-0.0672930645503618,5.40958551141864,4.52642485374174,0.0348583178108438,0.20432287214962,0.20432287214962,"social_isolation_avg"
"14962","AARS","Exc L4-5 RORB IL1RAPL2",-0.0216449994575585,6.1101999636728,1.24912061769129,0.265342269426446,0.595768491731077,0.595768491731077,"social_isolation_avg"
"14963","AC012184.2","Exc L4-5 RORB IL1RAPL2",0.0729755041228623,3.43024155526901,3.25249382135353,0.0731359973695964,0.309904434307757,0.309904434307757,"social_isolation_avg"
"14964","DDX19A","Exc L4-5 RORB IL1RAPL2",-0.00378523483227829,3.26848266177081,0.0107009325806294,0.91773494945321,0.9830198062462,0.9830198062462,"social_isolation_avg"
"14965","ST3GAL2","Exc L4-5 RORB IL1RAPL2",0.029125601690155,5.26130677179154,1.41481562148255,0.235964374617102,0.559503508200794,0.559503508200794,"social_isolation_avg"
"14966","AC012184.1","Exc L4-5 RORB IL1RAPL2",0.073579806617468,1.42291209953112,1.44236181472683,0.231475632940245,0.55369790782078,0.55369790782078,"social_isolation_avg"
"14967","FUK","Exc L4-5 RORB IL1RAPL2",0.0573841563858437,3.83685742665278,3.18006103649194,0.0763769592486402,0.31729439766151,0.31729439766151,"social_isolation_avg"
"14968","COG4","Exc L4-5 RORB IL1RAPL2",-0.0431608658054851,4.27559465507241,2.53686567708474,0.113125831213037,0.388487834562651,0.388487834562651,"social_isolation_avg"
"14969","SF3B3","Exc L4-5 RORB IL1RAPL2",-0.0316080909673235,5.43588984733419,1.96601625436706,0.162746492925459,0.465647420632484,0.465647420632484,"social_isolation_avg"
"14970","IL34","Exc L4-5 RORB IL1RAPL2",-0.0117353045715958,4.56092021050369,0.105980393271272,0.745179367728448,0.920785167671651,0.920785167671651,"social_isolation_avg"
"14971","MTSS1L","Exc L4-5 RORB IL1RAPL2",-0.0116073919356949,4.2028663575035,0.155014116764015,0.769200240007221,0.931404691527488,0.931404691527488,"social_isolation_avg"
"14972","VAC14","Exc L4-5 RORB IL1RAPL2",-0.0383029864004887,4.92219971729841,2.46129851548753,0.118594590437478,0.397155441711065,0.397155441711065,"social_isolation_avg"
"14973","HYDIN","Exc L4-5 RORB IL1RAPL2",0.0554126015878675,7.47812875708086,3.69835483613046,0.0561850845946999,0.269133667244637,0.269133667244637,"social_isolation_avg"
"14974","CMTR2","Exc L4-5 RORB IL1RAPL2",0.0484202813657555,3.05627926068729,1.28157654006087,0.267523855072244,0.597546790440554,0.597546790440554,"social_isolation_avg"
"14975","AC010547.1","Exc L4-5 RORB IL1RAPL2",-0.0861269232890503,0.243023511628102,0.465454392409945,0.496040738929951,0.784289029940136,0.784289029940136,"social_isolation_avg"
"14976","ZNF19","Exc L4-5 RORB IL1RAPL2",0.0552402016166774,2.52008071136218,0.855654243264792,0.35630613912674,0.676466833074158,0.676466833074158,"social_isolation_avg"
"14977","TAT-AS1","Exc L4-5 RORB IL1RAPL2",-0.00821765643806803,-0.0987712188023161,0.00284546910901705,0.957523082181736,0.990964806415906,0.990964806415906,"social_isolation_avg"
"14978","MARVELD3","Exc L4-5 RORB IL1RAPL2",0.11218821992504,-0.0567453013670139,0.66495045579399,0.415991093688091,0.725033850743587,0.725033850743587,"social_isolation_avg"
"14979","PHLPP2","Exc L4-5 RORB IL1RAPL2",0.022035423322148,6.55898188966296,1.96200281852206,0.163173728685931,0.466112643011692,0.466112643011692,"social_isolation_avg"
"14980","AC009097.1","Exc L4-5 RORB IL1RAPL2",0.0570063256466726,1.3116508975339,0.386068166156006,0.535229344380487,0.809820892453738,0.809820892453738,"social_isolation_avg"
"14981","AP1G1","Exc L4-5 RORB IL1RAPL2",-0.0145297848416291,5.94765221790753,0.791684076087248,0.374884496935623,0.693710471053196,0.693710471053196,"social_isolation_avg"
"14982","IST1","Exc L4-5 RORB IL1RAPL2",0.0446767094047583,5.63996720010805,5.56876235860571,0.0194508930159464,0.146288743437401,0.146288743437401,"social_isolation_avg"
"14983","ZNF821","Exc L4-5 RORB IL1RAPL2",0.046569082096156,5.95970781057457,5.53352418606713,0.0198330957549454,0.147550488040977,0.147550488040977,"social_isolation_avg"
"14984","PKD1L3","Exc L4-5 RORB IL1RAPL2",0.162324539688247,2.14626855411225,7.4890535124917,0.00688657090795503,0.0800173974707354,0.0800173974707354,"social_isolation_avg"
"14985","DHODH","Exc L4-5 RORB IL1RAPL2",-0.0576974844544252,1.79757162010679,0.914982608551474,0.340192723962076,0.663654658221099,0.663654658221099,"social_isolation_avg"
"14986","TXNL4B","Exc L4-5 RORB IL1RAPL2",-0.0157561010393434,3.48112399661184,0.147085807892001,0.701828782528436,0.899915107977386,0.899915107977386,"social_isolation_avg"
"14987","DHX38","Exc L4-5 RORB IL1RAPL2",-0.0235965793537422,3.68674768114048,0.425824587996691,0.514951376214946,0.797573196943938,0.797573196943938,"social_isolation_avg"
"14988","LINC01572","Exc L4-5 RORB IL1RAPL2",-0.0243511300241529,2.56677826002268,0.107042534862419,0.743950577297839,0.920439996930126,0.920439996930126,"social_isolation_avg"
"14989","AC004158.1","Exc L4-5 RORB IL1RAPL2",-0.341806953960044,-0.698635774517524,0.879449987276899,0.349720577135421,0.671207179528378,0.671207179528378,"social_isolation_avg"
"14990","AC004943.2","Exc L4-5 RORB IL1RAPL2",-0.0115470363905338,2.93881334403139,0.0416759399070042,0.838489867942928,0.957944047297437,0.957944047297437,"social_isolation_avg"
"14991","ZFHX3","Exc L4-5 RORB IL1RAPL2",0.0115575009113501,4.75453005805875,0.0776628696526273,0.780838290699347,0.936857406361595,0.936857406361595,"social_isolation_avg"
"14992","AC140912.1","Exc L4-5 RORB IL1RAPL2",-0.0930175250931381,2.76383002665731,1.94770460138006,0.164706322157636,0.468392366862758,0.468392366862758,"social_isolation_avg"
"14993","LINC01568","Exc L4-5 RORB IL1RAPL2",0.171491437494,-0.25555965767691,1.52883874108674,0.373775277846261,0.692335000697905,0.692335000697905,"social_isolation_avg"
"14994","AC138627.1","Exc L4-5 RORB IL1RAPL2",0.0626987830774444,4.95377883158283,1.84878418658674,0.175776676315706,0.482025569900286,0.482025569900286,"social_isolation_avg"
"14995","AC009120.4","Exc L4-5 RORB IL1RAPL2",-0.0598742000259421,-0.304766025575855,0.143259025790487,0.70554802716887,0.901968722376641,0.901968722376641,"social_isolation_avg"
"14996","PSMD7","Exc L4-5 RORB IL1RAPL2",-0.0689577058726226,5.24041508521807,6.22556153251526,0.0135734764963381,0.117273898793766,0.117273898793766,"social_isolation_avg"
"14997","AC009053.2","Exc L4-5 RORB IL1RAPL2",-0.0542982733673534,0.936957017837037,0.280344486267412,0.597185899100666,0.844756295482587,0.844756295482587,"social_isolation_avg"
"14998","NPIPB15","Exc L4-5 RORB IL1RAPL2",0.113163456899864,2.51905234254324,0.536287845264612,0.465012337630024,0.761642870524384,0.761642870524384,"social_isolation_avg"
"14999","CLEC18B","Exc L4-5 RORB IL1RAPL2",-0.00405408514298551,0.117225194869651,0.00167676011662059,0.967386560315207,0.994093242531172,0.994093242531172,"social_isolation_avg"
"15000","AC009053.3","Exc L4-5 RORB IL1RAPL2",-0.204610041534113,0.376852684964439,2.65636361840443,0.105040410773104,0.37499426645998,0.37499426645998,"social_isolation_avg"
"15001","GLG1","Exc L4-5 RORB IL1RAPL2",0.032966674326896,7.93933430764284,3.66792311610048,0.0571959406453342,0.271637648832924,0.271637648832924,"social_isolation_avg"
"15002","RFWD3","Exc L4-5 RORB IL1RAPL2",0.0728643243561302,3.8325415362561,4.22495721234651,0.041406711906189,0.226655031428448,0.226655031428448,"social_isolation_avg"
"15003","MLKL","Exc L4-5 RORB IL1RAPL2",0.0890082816178155,-0.0424441748414229,0.520977534970672,0.521806898646889,0.802235177484178,0.802235177484178,"social_isolation_avg"
"15004","WDR59","Exc L4-5 RORB IL1RAPL2",0.0438633764631878,6.32350728555389,7.04117232101178,0.00874303250563491,0.0906855571588242,0.0906855571588242,"social_isolation_avg"
"15005","ZNRF1","Exc L4-5 RORB IL1RAPL2",-0.00987882817013587,5.99446470463353,0.220189713229169,0.639513747588897,0.867293779059998,0.867293779059998,"social_isolation_avg"
"15006","LDHD","Exc L4-5 RORB IL1RAPL2",0.00469361146742279,0.869616429689178,0.00336363524023935,0.953821184527072,0.989755304318845,0.989755304318845,"social_isolation_avg"
"15007","AC099508.2","Exc L4-5 RORB IL1RAPL2",-0.0184004368833744,0.648434782394716,0.0364930819607812,0.848735250927384,0.961873912835597,0.961873912835597,"social_isolation_avg"
"15008","ZFP1","Exc L4-5 RORB IL1RAPL2",-0.0716046843719146,3.60220181807343,4.41335736578002,0.0371757438176489,0.213070272876285,0.213070272876285,"social_isolation_avg"
"15009","BCAR1","Exc L4-5 RORB IL1RAPL2",-0.0366366348096121,4.95750824851545,2.21168391649106,0.138874136313012,0.430477970704209,0.430477970704209,"social_isolation_avg"
"15010","CFDP1","Exc L4-5 RORB IL1RAPL2",-0.0131230338627943,6.04858577343726,0.580841722905098,0.447068683772295,0.747854881589213,0.747854881589213,"social_isolation_avg"
"15011","AC009163.4","Exc L4-5 RORB IL1RAPL2",0.0203660603840319,1.19219559089687,0.0890581766521965,0.842220089476856,0.959863047403421,0.959863047403421,"social_isolation_avg"
"15012","AC009163.7","Exc L4-5 RORB IL1RAPL2",-0.0604490180398707,0.386059844688816,0.290286042685479,0.590762148247678,0.841692108021376,0.841692108021376,"social_isolation_avg"
"15013","AC009163.1","Exc L4-5 RORB IL1RAPL2",0.143694128526739,-0.416709780719921,0.611780844658432,0.435237072050393,0.739711413011248,0.739711413011248,"social_isolation_avg"
"15014","TMEM231","Exc L4-5 RORB IL1RAPL2",0.173695065197587,2.60984340711912,11.4561029673967,0.000890089713420479,0.0219861455190978,0.0219861455190978,"social_isolation_avg"
"15015","AC025287.2","Exc L4-5 RORB IL1RAPL2",-0.00193361183682844,0.214897173907308,0.000228634836396063,0.987954140909838,0.998787747693845,0.998787747693845,"social_isolation_avg"
"15016","GABARAPL2","Exc L4-5 RORB IL1RAPL2",-0.114683832742631,5.65373539857885,15.712631651609,0.000109521996613486,0.00608236315478483,0.00608236315478483,"social_isolation_avg"
"15017","ADAT1","Exc L4-5 RORB IL1RAPL2",-0.0380112453621653,3.89341981344742,1.06320417940938,0.303991861380752,0.635000001014045,0.635000001014045,"social_isolation_avg"
"15018","KARS","Exc L4-5 RORB IL1RAPL2",0.0262534680443892,3.81196631467254,0.664197612818033,0.416254601561066,0.725131397575952,0.725131397575952,"social_isolation_avg"
"15019","TERF2IP","Exc L4-5 RORB IL1RAPL2",-0.00125749523436969,7.21494701084701,0.00335846268061987,0.953856664811915,0.989755304318845,0.989755304318845,"social_isolation_avg"
"15020","AC025287.4","Exc L4-5 RORB IL1RAPL2",0.208614206187818,0.378457726633763,2.49532282906919,0.116096654670061,0.393330195474553,0.393330195474553,"social_isolation_avg"
"15021","CPHXL","Exc L4-5 RORB IL1RAPL2",0.174167956602585,0.458235777059247,2.10510517454413,0.162097021152389,0.464847563243478,0.464847563243478,"social_isolation_avg"
"15022","AC105430.1","Exc L4-5 RORB IL1RAPL2",0.0492006332789065,0.332784398977229,0.0958268965348116,0.757286073492625,0.9263987713554,0.9263987713554,"social_isolation_avg"
"15023","AC010528.1","Exc L4-5 RORB IL1RAPL2",-0.0125588429552998,2.05861718660052,0.0331552768038861,0.855738419762278,0.963142390527821,0.963142390527821,"social_isolation_avg"
"15024","CNTNAP4","Exc L4-5 RORB IL1RAPL2",-0.027189293470619,6.19611526504747,0.247747403532862,0.619327201701383,0.856214268267077,0.856214268267077,"social_isolation_avg"
"15025","AC104151.1","Exc L4-5 RORB IL1RAPL2",-0.015782275099214,4.28691323270112,0.048809759864952,0.825420136646145,0.953892053274039,0.953892053274039,"social_isolation_avg"
"15026","AC106729.1","Exc L4-5 RORB IL1RAPL2",0.006591730870051,2.22350498835456,0.00359705232037624,0.952247652114443,0.989452900160271,0.989452900160271,"social_isolation_avg"
"15027","MON1B","Exc L4-5 RORB IL1RAPL2",-0.0961272198938639,1.56801220497589,2.45124886030523,0.119343820274653,0.397758197313849,0.397758197313849,"social_isolation_avg"
"15028","SYCE1L","Exc L4-5 RORB IL1RAPL2",-0.00607292824625184,0.0813361154775374,0.00202224937829553,0.964185957805605,0.993241528641724,0.993241528641724,"social_isolation_avg"
"15029","AC009139.2","Exc L4-5 RORB IL1RAPL2",0.0833299932006021,-0.317544192194253,0.377706403153899,0.539678327453982,0.812009974488431,0.812009974488431,"social_isolation_avg"
"15030","ADAMTS18","Exc L4-5 RORB IL1RAPL2",0.00772897850930878,-1.10094503364499,0.192537874359772,0.661389183555184,0.879521364025953,0.879521364025953,"social_isolation_avg"
"15031","NUDT7","Exc L4-5 RORB IL1RAPL2",0.120601546495299,2.71434418570205,4.68727017539941,0.0318209837383564,0.19503881869564,0.19503881869564,"social_isolation_avg"
"15032","VAT1L","Exc L4-5 RORB IL1RAPL2",-0.0379863304916571,5.71039278583618,1.99157286041298,0.160055937172099,0.461578781776144,0.461578781776144,"social_isolation_avg"
"15033","WWOX","Exc L4-5 RORB IL1RAPL2",-0.0214874967978625,8.790727499898,0.365911994967691,0.546070558331087,0.815421121788533,0.815421121788533,"social_isolation_avg"
"15034","AC046158.1","Exc L4-5 RORB IL1RAPL2",0.0779308072464956,0.582891413778244,0.359674604329241,0.549508214219584,0.816643784119922,0.816643784119922,"social_isolation_avg"
"15035","LINC01229","Exc L4-5 RORB IL1RAPL2",0.0556144827965672,0.413394719499025,0.239382252824299,0.625301245811932,0.860459990691459,0.860459990691459,"social_isolation_avg"
"15036","AC105411.1","Exc L4-5 RORB IL1RAPL2",-0.0148252873310588,2.79985043262535,0.0487544462325639,0.82551747853224,0.953892053274039,0.953892053274039,"social_isolation_avg"
"15037","DYNLRB2","Exc L4-5 RORB IL1RAPL2",-0.0642816679822655,2.31660066336848,0.81085423130571,0.369177861110508,0.687398935997887,0.687398935997887,"social_isolation_avg"
"15038","CDYL2","Exc L4-5 RORB IL1RAPL2",-0.0318807993094992,5.5237258499088,1.37236873867569,0.243091172164573,0.567991982295719,0.567991982295719,"social_isolation_avg"
"15039","LINC02170","Exc L4-5 RORB IL1RAPL2",0.0310563266882216,2.22374771816668,0.255885674260099,0.613634873932217,0.853491609577574,0.853491609577574,"social_isolation_avg"
"15040","CMC2","Exc L4-5 RORB IL1RAPL2",-0.00544204104691287,5.90739698269672,0.0529988011263858,0.818209609452588,0.951762359999666,0.951762359999666,"social_isolation_avg"
"15041","CENPN","Exc L4-5 RORB IL1RAPL2",-0.0679240114089472,1.35200572129316,0.874338471439539,0.352884117414675,0.673144509083886,0.673144509083886,"social_isolation_avg"
"15042","AC092718.8","Exc L4-5 RORB IL1RAPL2",0.132328204348319,0.951071351852906,3.32322552492765,0.0701144174619374,0.303369515846631,0.303369515846631,"social_isolation_avg"
"15043","ATMIN","Exc L4-5 RORB IL1RAPL2",-0.0554402355545085,5.14416025594374,6.31174655428191,0.0129525848855823,0.114414499822643,0.114414499822643,"social_isolation_avg"
"15044","AC092718.5","Exc L4-5 RORB IL1RAPL2",0.0235684536718572,-0.18525851769489,0.0169555828937717,0.896555758703587,0.976498475157182,0.976498475157182,"social_isolation_avg"
"15045","BCO1","Exc L4-5 RORB IL1RAPL2",0.0959411837247666,2.76715834364704,2.43833965819493,0.120314000423074,0.399029132691495,0.399029132691495,"social_isolation_avg"
"15046","AC009148.1","Exc L4-5 RORB IL1RAPL2",0.070802759568365,2.62083674791331,1.82363016438746,0.178727753100342,0.485242280668987,0.485242280668987,"social_isolation_avg"
"15047","GAN","Exc L4-5 RORB IL1RAPL2",0.0323785363616195,5.58321297791048,2.61862287351076,0.107522637067751,0.379417347250822,0.379417347250822,"social_isolation_avg"
"15048","CMIP","Exc L4-5 RORB IL1RAPL2",0.0113225818498547,8.06564734611112,0.491979795570634,0.484031812343267,0.77580397470114,0.77580397470114,"social_isolation_avg"
"15049","PLCG2","Exc L4-5 RORB IL1RAPL2",-0.248402279347984,5.54349734836684,4.03397313061,0.0462209699498607,0.241320908504778,0.241320908504778,"social_isolation_avg"
"15050","AC092142.1","Exc L4-5 RORB IL1RAPL2",-0.00625308168612844,4.57832400947504,0.0230398274978795,0.879538648662492,0.971925353807622,0.971925353807622,"social_isolation_avg"
"15051","MPHOSPH6","Exc L4-5 RORB IL1RAPL2",0.0146345631684806,5.71931524415986,0.334845670836927,0.563607237422024,0.826056636512892,0.826056636512892,"social_isolation_avg"
"15052","AC138304.1","Exc L4-5 RORB IL1RAPL2",-0.198428308817465,0.116425948776774,2.06484248741654,0.152620628809887,0.450975591064124,0.450975591064124,"social_isolation_avg"
"15053","CDH13","Exc L4-5 RORB IL1RAPL2",-0.0501685237429325,7.30603760771809,0.752486457895477,0.386947698710226,0.702970466375053,0.702970466375053,"social_isolation_avg"
"15054","AC125793.1","Exc L4-5 RORB IL1RAPL2",-0.140509958350064,-0.365396677403707,0.841778064144189,0.428092175451913,0.734354673773857,0.734354673773857,"social_isolation_avg"
"15055","HSBP1","Exc L4-5 RORB IL1RAPL2",-0.120598749267599,4.84654239348057,24.5368161964479,1.78864222935812e-06,0.00042839113445171,0.00042839113445171,"social_isolation_avg"
"15056","MLYCD","Exc L4-5 RORB IL1RAPL2",0.00776831625422891,1.37651964110563,0.00893016430275009,0.924826797332707,0.984175918578861,0.984175918578861,"social_isolation_avg"
"15057","AC009119.2","Exc L4-5 RORB IL1RAPL2",0.0905414273721238,1.92211164144536,1.80405712040054,0.181064013602338,0.487787129891643,0.487787129891643,"social_isolation_avg"
"15058","OSGIN1","Exc L4-5 RORB IL1RAPL2",-0.0247762817884995,-0.0689120415864569,0.0370146719659095,0.847671339873541,0.961873912835597,0.961873912835597,"social_isolation_avg"
"15059","NECAB2","Exc L4-5 RORB IL1RAPL2",-0.69905631611248,0.160169221056745,7.28209736011974,0.00768774902748065,0.0850145525125432,0.0850145525125432,"social_isolation_avg"
"15060","SLC38A8","Exc L4-5 RORB IL1RAPL2",0.157149483473703,0.218859307515347,1.68104236260362,0.196593102159512,0.509993162296694,0.509993162296694,"social_isolation_avg"
"15061","MBTPS1","Exc L4-5 RORB IL1RAPL2",0.0244347752262246,6.28961008233383,2.04608628047365,0.15448562456698,0.453779887214993,0.453779887214993,"social_isolation_avg"
"15062","AC040169.1","Exc L4-5 RORB IL1RAPL2",-0.0978125566157824,1.16795980412555,1.34930130764009,0.247074879018647,0.57304000253624,0.57304000253624,"social_isolation_avg"
"15063","HSDL1","Exc L4-5 RORB IL1RAPL2",-0.0820713570799929,4.43026712583343,9.50395671544316,0.00240302924307022,0.041983117551368,0.041983117551368,"social_isolation_avg"
"15064","DNAAF1","Exc L4-5 RORB IL1RAPL2",0.10346210140975,4.23079417423962,5.81097835487738,0.0170233055101304,0.134769022408861,0.134769022408861,"social_isolation_avg"
"15065","TAF1C","Exc L4-5 RORB IL1RAPL2",0.0139639455424202,4.04815128190075,0.106843752635935,0.744180033084589,0.920649742703677,0.920649742703677,"social_isolation_avg"
"15066","WFDC1","Exc L4-5 RORB IL1RAPL2",-0.0949891284479209,2.3940934123035,1.95405379272363,0.164023729679195,0.467323142487583,0.467323142487583,"social_isolation_avg"
"15067","ATP2C2","Exc L4-5 RORB IL1RAPL2",-0.0117174136557192,1.48666365272081,0.0185533795800548,0.891820391939573,0.975137292480555,0.975137292480555,"social_isolation_avg"
"15068","ATP2C2-AS1","Exc L4-5 RORB IL1RAPL2",-0.0964342587693944,1.63683698369026,2.46733631218288,0.118146979898657,0.396711059022417,0.396711059022417,"social_isolation_avg"
"15069","TLDC1","Exc L4-5 RORB IL1RAPL2",-0.00498795753278644,4.18873515959629,0.023611761365926,0.878064322076576,0.971649293506358,0.971649293506358,"social_isolation_avg"
"15070","COTL1","Exc L4-5 RORB IL1RAPL2",-0.0108715262331791,3.37058040118858,0.0895289829147251,0.936892525108455,0.987490092220647,0.987490092220647,"social_isolation_avg"
"15071","KLHL36","Exc L4-5 RORB IL1RAPL2",-0.023050403459722,4.70036959308561,0.774828987639661,0.380005279232833,0.698146044421466,0.698146044421466,"social_isolation_avg"
"15072","USP10","Exc L4-5 RORB IL1RAPL2",0.00916182585339051,5.94060576072183,0.2481747688866,0.61902539310427,0.856117110197825,0.856117110197825,"social_isolation_avg"
"15073","CRISPLD2","Exc L4-5 RORB IL1RAPL2",0.00836472750427129,3.89954022763904,0.0113885662598321,0.915142724493103,0.982020190605886,0.982020190605886,"social_isolation_avg"
"15074","LINC02176","Exc L4-5 RORB IL1RAPL2",-0.0877843853513388,0.0975238666760672,0.262316752080179,0.609216595282418,0.851543007832393,0.851543007832393,"social_isolation_avg"
"15075","ZDHHC7","Exc L4-5 RORB IL1RAPL2",-0.0275335293575783,4.71432494582666,1.00389987381891,0.317833168621366,0.645761669023419,0.645761669023419,"social_isolation_avg"
"15076","KIAA0513","Exc L4-5 RORB IL1RAPL2",-0.0339942879761877,6.78990455983127,2.74569466409754,0.0994135272256348,0.364889107397912,0.364889107397912,"social_isolation_avg"
"15077","GSE1","Exc L4-5 RORB IL1RAPL2",0.0138672309876122,6.68379604037316,0.162568776663103,0.687323477242766,0.892270841366063,0.892270841366063,"social_isolation_avg"
"15078","C16orf74","Exc L4-5 RORB IL1RAPL2",0.0821105902047312,0.381708288216888,0.592371296398559,0.442602082352285,0.744728679429754,0.744728679429754,"social_isolation_avg"
"15079","EMC8","Exc L4-5 RORB IL1RAPL2",0.00597734347099166,3.53554668799291,0.0340651239980277,0.853794606482845,0.962543291381206,0.962543291381206,"social_isolation_avg"
"15080","COX4I1","Exc L4-5 RORB IL1RAPL2",-0.154247769307126,5.95770689240633,26.4395790533158,7.61299762095548e-07,0.000320101173302441,0.000320101173302441,"social_isolation_avg"
"15081","AC009108.3","Exc L4-5 RORB IL1RAPL2",0.0164474712979927,0.00781149229496678,0.0142198068079979,0.905224606323104,0.97872884435654,0.97872884435654,"social_isolation_avg"
"15082","MTHFSD","Exc L4-5 RORB IL1RAPL2",-0.0309024674918813,3.17391448398141,0.513491392949144,0.474642581655594,0.76859408924604,0.76859408924604,"social_isolation_avg"
"15083","C16orf95","Exc L4-5 RORB IL1RAPL2",0.129671341756631,4.50668399632584,7.04539092526249,0.00872332045169048,0.0906855571588242,0.0906855571588242,"social_isolation_avg"
"15084","AC010531.1","Exc L4-5 RORB IL1RAPL2",0.00688501525699304,2.52193658801546,0.0145171778791607,0.904243506044089,0.978397583639639,0.978397583639639,"social_isolation_avg"
"15085","FBXO31","Exc L4-5 RORB IL1RAPL2",-0.000175480854610059,4.58600646468864,4.78294453425404e-05,0.994490306813996,0.999455627302683,0.999455627302683,"social_isolation_avg"
"15086","MAP1LC3B","Exc L4-5 RORB IL1RAPL2",-0.0462638763342118,5.91354665069512,5.11040063229143,0.0250875631070246,0.168690158846456,0.168690158846456,"social_isolation_avg"
"15087","AC010531.3","Exc L4-5 RORB IL1RAPL2",0.280901707806358,-0.117547126428102,3.93663251565439,0.0489006600835308,0.248445086654748,0.248445086654748,"social_isolation_avg"
"15088","ZCCHC14","Exc L4-5 RORB IL1RAPL2",0.0312557065037943,6.40113597859548,2.68909180121866,0.102939092350014,0.371558673474746,0.371558673474746,"social_isolation_avg"
"15089","AC092720.1","Exc L4-5 RORB IL1RAPL2",0.026024623731356,2.29257907648471,0.323171697684131,0.570479276444703,0.829839618609208,0.829839618609208,"social_isolation_avg"
"15090","AC092720.2","Exc L4-5 RORB IL1RAPL2",-0.00717874437392676,0.906992732041103,0.00690657126031079,0.987363490886312,0.99860512139512,0.99860512139512,"social_isolation_avg"
"15091","JPH3","Exc L4-5 RORB IL1RAPL2",0.0119452685267171,6.62687141390394,0.366498213245981,0.545749534392483,0.815199095305927,0.815199095305927,"social_isolation_avg"
"15092","KLHDC4","Exc L4-5 RORB IL1RAPL2",0.0219007407328411,4.48480011995399,0.147078910873551,0.701835435518328,0.899915107977386,0.899915107977386,"social_isolation_avg"
"15093","AC126696.3","Exc L4-5 RORB IL1RAPL2",0.00475801447379458,0.221468523493481,0.00153312889872754,0.968813909861642,0.9941928619423,0.9941928619423,"social_isolation_avg"
"15094","AC126696.1","Exc L4-5 RORB IL1RAPL2",0.0266548410571077,1.39856716763471,0.0984655851121749,0.754074464671751,0.924985253862164,0.924985253862164,"social_isolation_avg"
"15095","SLC7A5","Exc L4-5 RORB IL1RAPL2",-0.0364397022897256,4.83875740923461,1.00014473597685,0.318737232060899,0.646321634103983,0.646321634103983,"social_isolation_avg"
"15096","CA5A","Exc L4-5 RORB IL1RAPL2",0.0238842674816237,0.730964662017309,0.0749272680373323,0.99867549166224,0.999750676557505,0.999750676557505,"social_isolation_avg"
"15097","BANP","Exc L4-5 RORB IL1RAPL2",-0.0886878561234977,5.75298970917136,6.42923282160702,0.0121533361487832,0.110342261646414,0.110342261646414,"social_isolation_avg"
"15098","AC134312.4","Exc L4-5 RORB IL1RAPL2",0.15807506220389,1.12703440733388,2.76601351984634,0.0981805771749666,0.363039808623714,0.363039808623714,"social_isolation_avg"
"15099","AC134312.1","Exc L4-5 RORB IL1RAPL2",0.129431404521308,0.773100958114153,1.16445794360977,0.282115014819778,0.61341296153194,0.61341296153194,"social_isolation_avg"
"15100","AC138512.1","Exc L4-5 RORB IL1RAPL2",0.283697626835415,0.389567566549575,4.62848812394693,0.0328972910809388,0.198266113239298,0.198266113239298,"social_isolation_avg"
"15101","ZFPM1","Exc L4-5 RORB IL1RAPL2",-0.0581909453317758,3.63535317130264,1.50415319977839,0.221777612297735,0.542944829177582,0.542944829177582,"social_isolation_avg"
"15102","AC116552.1","Exc L4-5 RORB IL1RAPL2",-0.110008347627252,3.38664341418651,5.88905364548675,0.0163099247920476,0.130652026668219,0.130652026668219,"social_isolation_avg"
"15103","ZC3H18","Exc L4-5 RORB IL1RAPL2",-0.00648497582928679,4.84528141065669,0.0821702076481998,0.774736656124045,0.934573941378582,0.934573941378582,"social_isolation_avg"
"15104","MVD","Exc L4-5 RORB IL1RAPL2",0.0688006760380274,5.26255805856477,2.84593070020491,0.0934917824901314,0.35386237577431,0.35386237577431,"social_isolation_avg"
"15105","SNAI3-AS1","Exc L4-5 RORB IL1RAPL2",0.0360754333081848,4.6857995051181,0.971019213950452,0.325866292696641,0.65268770881723,0.65268770881723,"social_isolation_avg"
"15106","SNAI3","Exc L4-5 RORB IL1RAPL2",0.00989834171030167,3.09268841380317,0.0194251756082472,0.889324103894762,0.974640400394109,0.974640400394109,"social_isolation_avg"
"15107","RNF166","Exc L4-5 RORB IL1RAPL2",-0.0653853821610238,3.43332441704844,2.70300475922705,0.102059905472873,0.370409641604367,0.370409641604367,"social_isolation_avg"
"15108","CTU2","Exc L4-5 RORB IL1RAPL2",-0.0547842121532566,2.02967810849405,0.756671532295173,0.491215669591293,0.78089037011468,0.78089037011468,"social_isolation_avg"
"15109","AC138028.2","Exc L4-5 RORB IL1RAPL2",0.10520620513349,0.00240225557004605,0.709394988756423,0.400861706020791,0.713854526081825,0.713854526081825,"social_isolation_avg"
"15110","AC138028.1","Exc L4-5 RORB IL1RAPL2",0.231177441235647,-0.0439605282795857,2.6121545954627,0.1079545408267,0.379949380018971,0.379949380018971,"social_isolation_avg"
"15111","APRT","Exc L4-5 RORB IL1RAPL2",-0.231486902942734,2.19210728801712,12.5705020277529,0.00050990663174588,0.0153130273577591,0.0153130273577591,"social_isolation_avg"
"15112","GALNS","Exc L4-5 RORB IL1RAPL2",0.00115590338306388,3.70328704838451,0.000888478669527991,0.976256647865274,0.996641417624844,0.996641417624844,"social_isolation_avg"
"15113","TRAPPC2L","Exc L4-5 RORB IL1RAPL2",-0.108759413422099,3.10431444937325,5.72551771629636,0.0178415722282154,0.139669171754267,0.139669171754267,"social_isolation_avg"
"15114","CBFA2T3","Exc L4-5 RORB IL1RAPL2",-0.071988539639471,4.12282466695416,4.57721539463285,0.0338674587038363,0.201448030850452,0.201448030850452,"social_isolation_avg"
"15115","AC092384.2","Exc L4-5 RORB IL1RAPL2",0.0187232824079355,0.607407351460116,0.0254516527941697,0.873441572432698,0.969910332074482,0.969910332074482,"social_isolation_avg"
"15116","AC092384.1","Exc L4-5 RORB IL1RAPL2",-0.00933236281870189,2.22149665954918,0.0202407215410823,0.887040089640649,0.97404013325348,0.97404013325348,"social_isolation_avg"
"15117","AC135782.1","Exc L4-5 RORB IL1RAPL2",-0.0697794447995682,3.25535578074633,1.08135472544117,0.299913342532077,0.630868299505217,0.630868299505217,"social_isolation_avg"
"15118","ACSF3","Exc L4-5 RORB IL1RAPL2",-0.00714963843460604,4.36706961579237,0.0577125649072446,0.81044622408011,0.949325388833019,0.949325388833019,"social_isolation_avg"
"15119","LINC00304","Exc L4-5 RORB IL1RAPL2",0.147269430617658,0.151013626728656,1.73263134507583,0.189897532101358,0.500426321171454,0.500426321171454,"social_isolation_avg"
"15120","AC009113.1","Exc L4-5 RORB IL1RAPL2",-0.0418928467676342,1.95046988751924,0.428390547520395,0.82477201522126,0.953583855066564,0.953583855066564,"social_isolation_avg"
"15121","ZNF778","Exc L4-5 RORB IL1RAPL2",-0.0211516296066316,3.5960524804156,0.425838857685824,0.514944343212503,0.797573196943938,0.797573196943938,"social_isolation_avg"
"15122","ANKRD11","Exc L4-5 RORB IL1RAPL2",0.00303965724493637,7.95099265219763,0.0376986131556546,0.846287987905286,0.961597389721097,0.961597389721097,"social_isolation_avg"
"15123","AC137932.3","Exc L4-5 RORB IL1RAPL2",0.0968573492780792,0.934557128178652,1.40941097472979,0.236857484649511,0.560575057707811,0.560575057707811,"social_isolation_avg"
"15124","SPG7","Exc L4-5 RORB IL1RAPL2",0.0683121967518994,6.72700892003761,13.3645637553051,0.00034418461594919,0.0120598465155086,0.0120598465155086,"social_isolation_avg"
"15125","AC092123.1","Exc L4-5 RORB IL1RAPL2",0.0809757694248192,1.62116626142325,1.34406464738155,0.247990403174175,0.574094118616753,0.574094118616753,"social_isolation_avg"
"15126","RPL13","Exc L4-5 RORB IL1RAPL2",-0.0797476376498051,6.39548783427099,6.48478901806959,0.0117933895785642,0.108552232936927,0.108552232936927,"social_isolation_avg"
"15127","CPNE7","Exc L4-5 RORB IL1RAPL2",-0.0346093480490803,5.23815908931184,0.835227922176436,0.362096303669998,0.682081231710578,0.682081231710578,"social_isolation_avg"
"15128","DPEP1","Exc L4-5 RORB IL1RAPL2",0.0959910384282559,-0.287757847045915,0.411987671654516,0.521851472905498,0.802238521193121,0.802238521193121,"social_isolation_avg"
"15129","CHMP1A","Exc L4-5 RORB IL1RAPL2",-0.0687205933178458,4.49282790324432,5.13546218167482,0.0247389544405887,0.167233210778985,0.167233210778985,"social_isolation_avg"
"15130","SPATA33","Exc L4-5 RORB IL1RAPL2",-0.0802195224129464,4.39563240905206,6.30064779703134,0.0130308586811984,0.114677617259049,0.114677617259049,"social_isolation_avg"
"15131","CDK10","Exc L4-5 RORB IL1RAPL2",0.0112277086401939,5.530637909603,0.115107270062379,0.734833509042769,0.91516949422438,0.91516949422438,"social_isolation_avg"
"15132","LINC02166","Exc L4-5 RORB IL1RAPL2",0.08541130107257,0.311308465568388,0.526634500076566,0.667648242869329,0.883067130004296,0.883067130004296,"social_isolation_avg"
"15133","SPATA2L","Exc L4-5 RORB IL1RAPL2",0.0365667182673526,3.14295952853588,0.491786223601137,0.484117687420966,0.77587589053804,0.77587589053804,"social_isolation_avg"
"15134","VPS9D1","Exc L4-5 RORB IL1RAPL2",0.035144201345182,6.12238238951089,1.46403719903555,0.228016354158168,0.549671385677238,0.549671385677238,"social_isolation_avg"
"15135","VPS9D1-AS1","Exc L4-5 RORB IL1RAPL2",-0.0360045495091888,1.04109574915402,0.169863378998509,0.680767247475787,0.888367618158239,0.888367618158239,"social_isolation_avg"
"15136","ZNF276","Exc L4-5 RORB IL1RAPL2",-0.022558633592713,4.38501566454534,0.674198297244901,0.526885927583307,0.805722834866545,0.805722834866545,"social_isolation_avg"
"15137","FANCA","Exc L4-5 RORB IL1RAPL2",0.0362418772091226,4.38625216751318,1.25968932334819,0.263337545639596,0.593309085621195,0.593309085621195,"social_isolation_avg"
"15138","SPIRE2","Exc L4-5 RORB IL1RAPL2",-0.00279535648096727,5.13987060080559,0.0123800094149345,0.911540808471103,0.981200416319659,0.981200416319659,"social_isolation_avg"
"15139","TCF25","Exc L4-5 RORB IL1RAPL2",0.0103497635786256,7.44306053950858,0.162801478604805,0.687111711123721,0.892202738337652,0.892202738337652,"social_isolation_avg"
"15140","MC1R","Exc L4-5 RORB IL1RAPL2",0.0737513930300553,1.55208173248846,0.863746391813952,0.354047631748903,0.67447998795016,0.67447998795016,"social_isolation_avg"
"15141","TUBB3","Exc L4-5 RORB IL1RAPL2",0.0180309069256371,0.464676374188525,0.0198499815103325,0.88812841980149,0.974102504307964,0.974102504307964,"social_isolation_avg"
"15142","DEF8","Exc L4-5 RORB IL1RAPL2",-0.0312172587878202,5.25280214514632,1.80876680484106,0.180498624729782,0.487158367633199,0.487158367633199,"social_isolation_avg"
"15143","CENPBD1","Exc L4-5 RORB IL1RAPL2",-0.0673421130136665,2.2105460647952,1.96565415779865,0.252265870860478,0.579754954761462,0.579754954761462,"social_isolation_avg"
"15144","DBNDD1","Exc L4-5 RORB IL1RAPL2",-0.033295427051448,3.76280237808825,0.761040295668411,0.38426858467486,0.70127095925968,0.70127095925968,"social_isolation_avg"
"15145","GAS8","Exc L4-5 RORB IL1RAPL2",-0.0156197433806737,5.61996089185247,0.0564529017872114,0.812486993510835,0.950480178324379,0.950480178324379,"social_isolation_avg"
"15146","FAM157C","Exc L4-5 RORB IL1RAPL2",0.137790590666855,5.43655464916387,2.6144289124278,0.107802460133867,0.379767333493373,0.379767333493373,"social_isolation_avg"
"15147","AC133919.1","Exc L4-5 RORB IL1RAPL2",0.0664753666797678,0.948525951554281,0.687903616865508,0.505131552453864,0.790602539827907,0.790602539827907,"social_isolation_avg"
"15148","AC133919.2","Exc L4-5 RORB IL1RAPL2",0.169829017067895,1.66442725931604,2.28520852788777,0.132522021599624,0.418745686487389,0.418745686487389,"social_isolation_avg"
"15149","LINC02193","Exc L4-5 RORB IL1RAPL2",0.0873513904193331,3.55546366559623,2.46309371140358,0.118461306767129,0.396990149723847,0.396990149723847,"social_isolation_avg"
"15150","AC240565.1","Exc L4-5 RORB IL1RAPL2",-0.00228481654787936,2.14953942813495,0.00115400708254778,0.972941517632502,0.99572295699374,0.99572295699374,"social_isolation_avg"
"15151","DOC2B","Exc L4-5 RORB IL1RAPL2",-0.038282521976759,3.19721250061051,0.267186064452263,0.605916582104282,0.849203710342991,0.849203710342991,"social_isolation_avg"
"15152","RPH3AL","Exc L4-5 RORB IL1RAPL2",-0.0114537702091528,4.08659239074299,0.0217080576367375,0.883045945167171,0.973162804758901,0.973162804758901,"social_isolation_avg"
"15153","C17orf97","Exc L4-5 RORB IL1RAPL2",-0.0155779487806665,3.35416851642899,0.0879423096944474,0.767181844309354,0.930752216418103,0.930752216418103,"social_isolation_avg"
"15154","RFLNB","Exc L4-5 RORB IL1RAPL2",0.0580398884341795,2.00002961831353,0.38945753325107,0.533445001654313,0.809278084207705,0.809278084207705,"social_isolation_avg"
"15155","AC015853.2","Exc L4-5 RORB IL1RAPL2",0.157487724689715,-0.083983830670281,0.822922206348926,0.36564771299164,0.684289993872757,0.684289993872757,"social_isolation_avg"
"15156","VPS53","Exc L4-5 RORB IL1RAPL2",0.0397631938663689,7.54528898633194,5.21319144737943,0.023689668176181,0.163827562705234,0.163827562705234,"social_isolation_avg"
"15157","AC015853.3","Exc L4-5 RORB IL1RAPL2",0.0462440468973812,2.26613008856264,0.427248361721286,0.514250478269329,0.797159863946745,0.797159863946745,"social_isolation_avg"
"15158","FAM57A","Exc L4-5 RORB IL1RAPL2",0.00182903169596276,2.29943218624754,0.00110496655750575,0.973522478150244,0.99572295699374,0.99572295699374,"social_isolation_avg"
"15159","GEMIN4","Exc L4-5 RORB IL1RAPL2",-0.112950714149476,1.58362484358365,3.96925743444815,0.0479845444249933,0.246192806986247,0.246192806986247,"social_isolation_avg"
"15160","GLOD4","Exc L4-5 RORB IL1RAPL2",-0.00609007681798241,4.49605530183673,0.054763473341691,0.815262169297247,0.951467235681325,0.951467235681325,"social_isolation_avg"
"15161","MRM3","Exc L4-5 RORB IL1RAPL2",-0.0384334156761542,2.29593277704457,0.538183443592461,0.474394246050451,0.76859408924604,0.76859408924604,"social_isolation_avg"
"15162","NXN","Exc L4-5 RORB IL1RAPL2",-0.0304419101641931,4.37754131314976,0.159008986553145,0.690585207400638,0.893676052256912,0.893676052256912,"social_isolation_avg"
"15163","TIMM22","Exc L4-5 RORB IL1RAPL2",-0.0771875002988772,3.61516911831839,3.96270360438188,0.0481670988234546,0.246576745370456,0.246576745370456,"social_isolation_avg"
"15164","ABR","Exc L4-5 RORB IL1RAPL2",-0.0141493814010723,7.6563287292214,0.70099825039322,0.403657348846628,0.71586846916553,0.71586846916553,"social_isolation_avg"
"15165","AC016292.1","Exc L4-5 RORB IL1RAPL2",-0.0501186963181291,0.142227297315616,0.159990387583888,0.689681781062631,0.893370916648596,0.893370916648596,"social_isolation_avg"
"15166","AC144836.1","Exc L4-5 RORB IL1RAPL2",0.00103393564798907,0.464578451838533,0.000138429459765136,0.990626810278913,0.998822911403646,0.998822911403646,"social_isolation_avg"
"15167","TRARG1","Exc L4-5 RORB IL1RAPL2",-0.0747192982206726,-0.106841263621227,0.292055569028292,0.589633695240948,0.840918003139668,0.840918003139668,"social_isolation_avg"
"15168","YWHAE","Exc L4-5 RORB IL1RAPL2",-0.0512607928205074,7.16169999377802,5.7872719579677,0.0172462903922006,0.136022117761912,0.136022117761912,"social_isolation_avg"
"15169","CRK","Exc L4-5 RORB IL1RAPL2",-0.00346221311523435,6.05980337698731,0.0225086890748721,0.880924674680302,0.972403930320635,0.972403930320635,"social_isolation_avg"
"15170","MYO1C","Exc L4-5 RORB IL1RAPL2",0.00998980422365493,2.90450604400667,0.0491325755705161,0.824853190818139,0.953583855066564,0.953583855066564,"social_isolation_avg"
"15171","INPP5K","Exc L4-5 RORB IL1RAPL2",0.0123201901729654,3.88635322845353,0.163182178901687,0.686765641236586,0.892202738337652,0.892202738337652,"social_isolation_avg"
"15172","PITPNA-AS1","Exc L4-5 RORB IL1RAPL2",-0.0353683243012996,0.901082358476617,0.149736696473014,0.699284832530868,0.898917611000513,0.898917611000513,"social_isolation_avg"
"15173","PITPNA","Exc L4-5 RORB IL1RAPL2",0.00536667362430621,6.21046832866268,0.0845860941761701,0.771540666090296,0.932678776012287,0.932678776012287,"social_isolation_avg"
"15174","SLC43A2","Exc L4-5 RORB IL1RAPL2",0.00624157636113756,5.79868461118298,0.110250081497796,0.740280254287411,0.918297139382951,0.918297139382951,"social_isolation_avg"
"15175","SCARF1","Exc L4-5 RORB IL1RAPL2",0.00206851354198011,1.96385829247784,0.000837597069407366,0.976946343918766,0.996715536610383,0.996715536610383,"social_isolation_avg"
"15176","RILP","Exc L4-5 RORB IL1RAPL2",-0.0100573643093635,1.86317679031925,0.0214799420275935,0.883657627710944,0.973292394352534,0.973292394352534,"social_isolation_avg"
"15177","PRPF8","Exc L4-5 RORB IL1RAPL2",-0.0601947625686606,5.84362180861924,9.42910081273362,0.00249752172961823,0.0427840369553181,0.0427840369553181,"social_isolation_avg"
"15178","TLCD2","Exc L4-5 RORB IL1RAPL2",0.0972231907836932,0.272020583833277,0.373969073912722,0.541688824702728,0.812919912135178,0.812919912135178,"social_isolation_avg"
"15179","MIR22HG","Exc L4-5 RORB IL1RAPL2",0.0503441971641461,2.62840751770273,0.746695708539903,0.388776603035785,0.704081238408495,0.704081238408495,"social_isolation_avg"
"15180","WDR81","Exc L4-5 RORB IL1RAPL2",-0.00319918877075875,3.33713446855661,0.00652928401406158,0.935695590370422,0.986941636436088,0.986941636436088,"social_isolation_avg"
"15181","SERPINF2","Exc L4-5 RORB IL1RAPL2",-0.0489308946647601,1.73324741020349,0.319147821489932,0.572886116083848,0.831616988731125,0.831616988731125,"social_isolation_avg"
"15182","SERPINF1","Exc L4-5 RORB IL1RAPL2",-0.114482547859664,4.02364083264036,7.19052388888112,0.0080724172172931,0.087069150516365,0.087069150516365,"social_isolation_avg"
"15183","SMYD4","Exc L4-5 RORB IL1RAPL2",0.0543478317498014,4.56230219361361,4.4151787745747,0.0371371482024018,0.212930903375044,0.212930903375044,"social_isolation_avg"
"15184","RPA1","Exc L4-5 RORB IL1RAPL2",0.0108893548127051,4.91144581518762,0.186785318944927,0.666169010752349,0.882179720915818,0.882179720915818,"social_isolation_avg"
"15185","RTN4RL1","Exc L4-5 RORB IL1RAPL2",0.0229833220288353,6.0954675946768,0.631399109874083,0.427981957055497,0.734354673773857,0.734354673773857,"social_isolation_avg"
"15186","DPH1","Exc L4-5 RORB IL1RAPL2",0.0772404971033302,3.76200296525352,1.24272530921412,0.266564646419398,0.596754718061275,0.596754718061275,"social_isolation_avg"
"15187","AC090617.5","Exc L4-5 RORB IL1RAPL2",0.248836961548109,0.0580635444472875,3.23833564599364,0.073757583344162,0.31109389978932,0.31109389978932,"social_isolation_avg"
"15188","SMG6","Exc L4-5 RORB IL1RAPL2",0.0285115553352675,6.78959011176145,3.69152756126674,0.0564101903224122,0.269597678982157,0.269597678982157,"social_isolation_avg"
"15189","AC090617.4","Exc L4-5 RORB IL1RAPL2",0.113017680313932,0.597418297132074,0.960372741616161,0.328525113156877,0.653836506368072,0.653836506368072,"social_isolation_avg"
"15190","SRR","Exc L4-5 RORB IL1RAPL2",0.0451826790077719,2.91672377099758,0.960654112142092,0.328454472818082,0.653810780112717,0.653810780112717,"social_isolation_avg"
"15191","TSR1","Exc L4-5 RORB IL1RAPL2",-0.0370060032288637,3.76149170804747,1.29243817404019,0.257244492096215,0.585461187576081,0.585461187576081,"social_isolation_avg"
"15192","SGSM2","Exc L4-5 RORB IL1RAPL2",0.0298373212599027,6.11869515526528,2.12362052811416,0.146940432694094,0.442792022748905,0.442792022748905,"social_isolation_avg"
"15193","AC006435.2","Exc L4-5 RORB IL1RAPL2",0.00339627222051057,-0.103396071675098,0.000707454201208777,0.993124201567059,0.999270035648912,0.999270035648912,"social_isolation_avg"
"15194","MNT","Exc L4-5 RORB IL1RAPL2",-0.00063902758822481,4.38738458835962,0.000374297071729803,0.984587816009517,0.998239655190367,0.998239655190367,"social_isolation_avg"
"15195","METTL16","Exc L4-5 RORB IL1RAPL2",0.0676449739919884,5.51910173725544,9.79390458479347,0.00207030603889614,0.0383290220762758,0.0383290220762758,"social_isolation_avg"
"15196","PAFAH1B1","Exc L4-5 RORB IL1RAPL2",0.0126286351806986,8.02975929089494,0.921811033427838,0.338402194390045,0.662346945283339,0.662346945283339,"social_isolation_avg"
"15197","CLUH","Exc L4-5 RORB IL1RAPL2",-0.0167100838445643,4.46621690221336,0.352725446718344,0.553386260399271,0.81878491030768,0.81878491030768,"social_isolation_avg"
"15198","AC005696.1","Exc L4-5 RORB IL1RAPL2",-0.0786060475760678,0.225939356119619,0.446998687584619,0.504696271090566,0.790209016160197,0.790209016160197,"social_isolation_avg"
"15199","AC005696.4","Exc L4-5 RORB IL1RAPL2",0.0339284145413313,3.17970908106987,0.698839953442955,0.499684176722761,0.786014647344504,0.786014647344504,"social_isolation_avg"
"15200","RAP1GAP2","Exc L4-5 RORB IL1RAPL2",0.0673059450141458,8.02927097796131,7.67683792892733,0.00623420895033425,0.0751321449358436,0.0751321449358436,"social_isolation_avg"
"15201","AC090282.1","Exc L4-5 RORB IL1RAPL2",0.165470035978154,1.09818033218338,3.7309076406786,0.0551249178284593,0.265940481956216,0.265940481956216,"social_isolation_avg"
"15202","OR3A2","Exc L4-5 RORB IL1RAPL2",0.12206741729618,3.86743928067698,2.1800246837451,0.141714757379778,0.435416244916065,0.435416244916065,"social_isolation_avg"
"15203","OR3A3","Exc L4-5 RORB IL1RAPL2",0.0618176965020413,0.11647561479793,0.246265333009215,0.620376376000917,0.856986304323089,0.856986304323089,"social_isolation_avg"
"15204","SPATA22","Exc L4-5 RORB IL1RAPL2",0.0601713554613332,2.4496894958286,0.24262032481601,0.622973573061589,0.858818431759441,0.858818431759441,"social_isolation_avg"
"15205","TRPV3","Exc L4-5 RORB IL1RAPL2",0.111650839572626,1.08928013097272,2.14818740867424,0.144637947406473,0.439488453971074,0.439488453971074,"social_isolation_avg"
"15206","TRPV1","Exc L4-5 RORB IL1RAPL2",0.0630822751251019,2.78435505997866,2.08982170105563,0.150176643596556,0.447334651493904,0.447334651493904,"social_isolation_avg"
"15207","CTNS","Exc L4-5 RORB IL1RAPL2",0.0411360828820495,2.69042217728971,0.901523538096675,0.366944920914963,0.685183543731571,0.685183543731571,"social_isolation_avg"
"15208","AC027796.4","Exc L4-5 RORB IL1RAPL2",-0.0367467076912602,0.106487689951518,0.11453336302339,0.735470320303508,0.915454491606748,0.915454491606748,"social_isolation_avg"
"15209","TAX1BP3","Exc L4-5 RORB IL1RAPL2",-0.141017660692683,1.13956728274554,2.80205243443488,0.0960349084318863,0.358822374099471,0.358822374099471,"social_isolation_avg"
"15210","P2RX5-TAX1BP3","Exc L4-5 RORB IL1RAPL2",-0.109823187593184,0.267172814300448,0.949605364346556,0.331243679181504,0.656484932836832,0.656484932836832,"social_isolation_avg"
"15211","EMC6","Exc L4-5 RORB IL1RAPL2",-0.153741081274552,2.97900441316705,9.7242071296184,0.00214570787255831,0.0391837539079518,0.0391837539079518,"social_isolation_avg"
"15212","ITGAE","Exc L4-5 RORB IL1RAPL2",0.0480156948383667,3.80459299536584,2.27390157384861,0.133477199177001,0.420499847756915,0.420499847756915,"social_isolation_avg"
"15213","NCBP3","Exc L4-5 RORB IL1RAPL2",0.012202351262647,5.06616603107266,0.286845862830527,0.592968774442467,0.842499225142744,0.842499225142744,"social_isolation_avg"
"15214","CAMKK1","Exc L4-5 RORB IL1RAPL2",0.0288696884229538,6.66623440052966,0.81411985572408,0.368217908564245,0.68649603632226,0.68649603632226,"social_isolation_avg"
"15215","ATP2A3","Exc L4-5 RORB IL1RAPL2",0.02534429333852,0.401700902923933,0.0246986949703465,0.875311982453911,0.970500479269633,0.970500479269633,"social_isolation_avg"
"15216","ZZEF1","Exc L4-5 RORB IL1RAPL2",0.0739826634730029,6.23949775239319,28.3172504102782,3.31054178743328e-07,0.000195746128625079,0.000195746128625079,"social_isolation_avg"
"15217","CYB5D2","Exc L4-5 RORB IL1RAPL2",0.00260010362313429,5.12077425691909,0.0117746170951776,0.913722036321812,0.981668613012071,0.981668613012071,"social_isolation_avg"
"15218","ANKFY1","Exc L4-5 RORB IL1RAPL2",0.0708524294181618,6.27546615966199,24.3189293130436,1.97378809536962e-06,0.000461753823029413,0.000461753823029413,"social_isolation_avg"
"15219","UBE2G1","Exc L4-5 RORB IL1RAPL2",0.0478871304876125,6.05271771354145,6.2827334597028,0.0131582373947102,0.115422813975574,0.115422813975574,"social_isolation_avg"
"15220","SPNS3","Exc L4-5 RORB IL1RAPL2",-0.0329912055804044,0.47989915600111,0.117126909663945,0.732606482771084,0.914366643182355,0.914366643182355,"social_isolation_avg"
"15221","AC127521.1","Exc L4-5 RORB IL1RAPL2",-0.0130731858726294,1.02449201433159,0.0230092975606336,0.879617872131585,0.971925353807622,0.971925353807622,"social_isolation_avg"
"15222","SPNS2","Exc L4-5 RORB IL1RAPL2",0.0293818040665348,4.71053153342238,0.653540757997705,0.420011567460714,0.727044450495279,0.727044450495279,"social_isolation_avg"
"15223","MYBBP1A","Exc L4-5 RORB IL1RAPL2",0.0386554828072626,4.01696170292726,1.66623907772917,0.198565511005775,0.51283893444448,0.51283893444448,"social_isolation_avg"
"15224","ALOX15","Exc L4-5 RORB IL1RAPL2",-0.242591741748408,-0.0780356351986013,2.11555632233375,0.147705300284482,0.444031138653113,0.444031138653113,"social_isolation_avg"
"15225","PELP1","Exc L4-5 RORB IL1RAPL2",-0.00518819207841407,4.52636947276216,0.034289580243586,0.91920682697441,0.983116407957877,0.983116407957877,"social_isolation_avg"
"15226","AC091153.2","Exc L4-5 RORB IL1RAPL2",0.0465814317138374,1.16600223700869,0.259071802752528,0.611437302326736,0.852117185969555,0.852117185969555,"social_isolation_avg"
"15227","ARRB2","Exc L4-5 RORB IL1RAPL2",-0.00101747911845554,4.80439907408926,0.00183217019179336,0.965909550301294,0.993640457161603,0.993640457161603,"social_isolation_avg"
"15228","MED11","Exc L4-5 RORB IL1RAPL2",-0.167255053293255,2.2845790507681,7.34423119941236,0.00743757454917865,0.0834698492909364,0.0834698492909364,"social_isolation_avg"
"15229","VMO1","Exc L4-5 RORB IL1RAPL2",-0.112965766759738,0.601652336778612,1.18639290079477,0.277643782070424,0.608302223315713,0.608302223315713,"social_isolation_avg"
"15230","PSMB6","Exc L4-5 RORB IL1RAPL2",-0.156372066623904,3.31183637235548,9.61011054164575,0.00227527537250836,0.0403850706596911,0.0403850706596911,"social_isolation_avg"
"15231","PLD2","Exc L4-5 RORB IL1RAPL2",0.0160411382261794,0.962505845246019,0.0231266741904031,0.879313579607659,0.971919007001401,0.971919007001401,"social_isolation_avg"
"15232","MINK1","Exc L4-5 RORB IL1RAPL2",0.0137523399532716,5.22842058014,0.445139653928305,0.505582451754858,0.790807750558897,0.790807750558897,"social_isolation_avg"
"15233","CHRNE","Exc L4-5 RORB IL1RAPL2",-0.00271739146370427,-0.241582782656636,0.000292897370937943,0.9863661147558,0.99830547328726,0.99830547328726,"social_isolation_avg"
"15234","C17orf107","Exc L4-5 RORB IL1RAPL2",-0.154964448677199,0.483705496035351,2.09429831023269,0.149743381950745,0.447016794774259,0.447016794774259,"social_isolation_avg"
"15235","SLC25A11","Exc L4-5 RORB IL1RAPL2",-0.175367297355034,3.9665657926054,18.7876900934781,2.53071852675635e-05,0.00246680724889061,0.00246680724889061,"social_isolation_avg"
"15236","RNF167","Exc L4-5 RORB IL1RAPL2",-0.0223921790411178,4.05932084271087,0.620456314651525,0.432005821553875,0.737197543272387,0.737197543272387,"social_isolation_avg"
"15237","PFN1","Exc L4-5 RORB IL1RAPL2",-0.127799098454795,3.75592524768949,8.99999379358978,0.00311787176093958,0.0490384468734312,0.0490384468734312,"social_isolation_avg"
"15238","SPAG7","Exc L4-5 RORB IL1RAPL2",-0.118926876990544,3.91316623696066,11.6123099508357,0.000822895472635403,0.020959063958193,0.020959063958193,"social_isolation_avg"
"15239","CAMTA2","Exc L4-5 RORB IL1RAPL2",-0.0208518227254021,5.63056653300591,1.11876409021672,0.291728030411161,0.623211704122115,0.623211704122115,"social_isolation_avg"
"15240","INCA1","Exc L4-5 RORB IL1RAPL2",0.0536293079607835,0.485658914927296,0.296960600124982,0.586528637050868,0.839667312378365,0.839667312378365,"social_isolation_avg"
"15241","KIF1C","Exc L4-5 RORB IL1RAPL2",-0.00360334138270099,3.94784469007055,0.0124496791552941,0.911293285699975,0.981200416319659,0.981200416319659,"social_isolation_avg"
"15242","SLC52A1","Exc L4-5 RORB IL1RAPL2",0.00700104392174717,1.11569929141486,0.00775603267215069,0.929928962821157,0.984835450260309,0.984835450260309,"social_isolation_avg"
"15243","ZFP3","Exc L4-5 RORB IL1RAPL2",0.0190376064594217,2.40275985925521,0.143225136028755,0.705581217164101,0.901968722376641,0.901968722376641,"social_isolation_avg"
"15244","ZNF232","Exc L4-5 RORB IL1RAPL2",0.0874485407645567,2.12017322505544,2.31086611729118,0.130382955752764,0.415541872874499,0.415541872874499,"social_isolation_avg"
"15245","USP6","Exc L4-5 RORB IL1RAPL2",0.0106141424504741,2.6101413147042,0.0399299513008559,0.953215125059333,0.989454870597304,0.989454870597304,"social_isolation_avg"
"15246","ZNF594","Exc L4-5 RORB IL1RAPL2",0.0275973877727066,4.53942255262325,0.998339922428252,0.319172956597388,0.646650766867885,0.646650766867885,"social_isolation_avg"
"15247","AC087500.1","Exc L4-5 RORB IL1RAPL2",0.0826072034902704,6.18599471665487,14.9751349411019,0.000156513146834915,0.00745940869335874,0.00745940869335874,"social_isolation_avg"
"15248","SCIMP","Exc L4-5 RORB IL1RAPL2",0.0595353947421767,2.82789798745588,1.1715867383248,0.280651911596255,0.611775900842481,0.611775900842481,"social_isolation_avg"
"15249","RABEP1","Exc L4-5 RORB IL1RAPL2",0.0031318368572059,7.49235305323535,0.0531414329916759,0.817969475823086,0.951751362963642,0.951751362963642,"social_isolation_avg"
"15250","NUP88","Exc L4-5 RORB IL1RAPL2",0.0368021731350741,5.43689861455292,3.32166241006483,0.0701797138750432,0.303556588756046,0.303556588756046,"social_isolation_avg"
"15251","RPAIN","Exc L4-5 RORB IL1RAPL2",-0.006163978441604,5.27873777535099,0.0967932298978846,0.837720702575703,0.957570761927458,0.957570761927458,"social_isolation_avg"
"15252","AC004148.2","Exc L4-5 RORB IL1RAPL2",0.0559922365406678,1.50284454516441,0.473198108872346,0.492483719668363,0.781866459124442,0.781866459124442,"social_isolation_avg"
"15253","C1QBP","Exc L4-5 RORB IL1RAPL2",-0.0991767783778374,4.32684340732349,6.95358863996283,0.00916285862765072,0.0939168191190571,0.0939168191190571,"social_isolation_avg"
"15254","DHX33","Exc L4-5 RORB IL1RAPL2",0.0337081361873284,3.15064951475517,0.703538742388991,0.40280850751665,0.714966207384854,0.714966207384854,"social_isolation_avg"
"15255","DERL2","Exc L4-5 RORB IL1RAPL2",-0.000243879135394327,3.38540083659415,5.28964106649517e-05,0.994205813421082,0.999452588532504,0.999452588532504,"social_isolation_avg"
"15256","MIS12","Exc L4-5 RORB IL1RAPL2",-0.0842583101720329,3.12188048694529,3.69425618062056,0.056320107872689,0.269439383327218,0.269439383327218,"social_isolation_avg"
"15257","NLRP1","Exc L4-5 RORB IL1RAPL2",-0.0846507752358485,6.25116311296638,9.36807545940854,0.00257737210928202,0.0435414800711831,0.0435414800711831,"social_isolation_avg"
"15258","AC007846.2","Exc L4-5 RORB IL1RAPL2",0.108710322232481,0.322584727383853,1.11274732062457,0.337464195038237,0.661328901129111,0.661328901129111,"social_isolation_avg"
"15259","WSCD1","Exc L4-5 RORB IL1RAPL2",-0.0320810768962474,1.8128295531975,0.249910996093877,0.617802584992586,0.855418833391789,0.855418833391789,"social_isolation_avg"
"15260","AIPL1","Exc L4-5 RORB IL1RAPL2",-0.0460454068483189,-0.145483435307012,0.142420664145947,0.706370400489737,0.902324760171909,0.902324760171909,"social_isolation_avg"
"15261","PITPNM3","Exc L4-5 RORB IL1RAPL2",0.0255936137052473,5.26949892463615,1.0133568160968,0.31557131520465,0.643791637580957,0.643791637580957,"social_isolation_avg"
"15262","KIAA0753","Exc L4-5 RORB IL1RAPL2",0.0481787354179565,5.37857909737144,5.98028905839787,0.0155155826341891,0.126654857795487,0.126654857795487,"social_isolation_avg"
"15263","TXNDC17","Exc L4-5 RORB IL1RAPL2",-0.335229790701899,1.81153142847298,27.2060804512918,5.4125436010611e-07,0.00028447427076577,0.00028447427076577,"social_isolation_avg"
"15264","MED31","Exc L4-5 RORB IL1RAPL2",0.0613072117391932,4.45088443700641,4.34203928144048,0.0387208381331846,0.218559073654607,0.218559073654607,"social_isolation_avg"
"15265","C17orf100","Exc L4-5 RORB IL1RAPL2",-0.0339325664051561,3.02049176137339,0.527202657407363,0.468812148429716,0.764096361481493,0.764096361481493,"social_isolation_avg"
"15266","TEKT1","Exc L4-5 RORB IL1RAPL2",0.0076990799213412,1.83216778976131,0.0095517829992565,0.922262540525088,0.983585629113706,0.983585629113706,"social_isolation_avg"
"15267","ALOX12-AS1","Exc L4-5 RORB IL1RAPL2",0.0291701090001618,5.36081414730714,0.819077287931189,0.366767297709895,0.684997589100748,0.684997589100748,"social_isolation_avg"
"15268","AC040977.2","Exc L4-5 RORB IL1RAPL2",0.112093181643321,-0.370772801199793,0.680282079111718,0.410678253271577,0.721241905197764,0.721241905197764,"social_isolation_avg"
"15269","ALOX12","Exc L4-5 RORB IL1RAPL2",0.107386208611248,-0.0858345635305092,0.623068400827611,0.431040097751127,0.736336093962464,0.736336093962464,"social_isolation_avg"
"15270","RNASEK","Exc L4-5 RORB IL1RAPL2",-0.0838887749925768,-0.666820774961906,0.144441015909675,0.704393242043451,0.901287672246999,0.901287672246999,"social_isolation_avg"
"15271","SLC16A13","Exc L4-5 RORB IL1RAPL2",-0.00447479869478267,1.56611964133029,0.00355946327157196,0.952497513160273,0.989452900160271,0.989452900160271,"social_isolation_avg"
"15272","SLC16A11","Exc L4-5 RORB IL1RAPL2",0.264362406118994,-0.229481690671248,3.7869990097748,0.0533480556575446,0.26190933085013,0.26190933085013,"social_isolation_avg"
"15273","ASGR1","Exc L4-5 RORB IL1RAPL2",0.0360905078575634,2.14329890919087,0.353010346502559,0.553226255379811,0.818676206635491,0.818676206635491,"social_isolation_avg"
"15274","DLG4","Exc L4-5 RORB IL1RAPL2",-0.0319435941477509,5.86008923574686,1.13738137568891,0.287761540084252,0.619001375617795,0.619001375617795,"social_isolation_avg"
"15275","ACADVL","Exc L4-5 RORB IL1RAPL2",0.0107104460584359,5.636630978917,0.0978485456010915,0.7548212037452,0.925272055070982,0.925272055070982,"social_isolation_avg"
"15276","DVL2","Exc L4-5 RORB IL1RAPL2",0.0334018229268604,3.99909878329531,1.15179494570326,0.284737978134093,0.615999003461603,0.615999003461603,"social_isolation_avg"
"15277","PHF23","Exc L4-5 RORB IL1RAPL2",-0.145369618340171,2.70864941368529,9.30624906472692,0.00266094481362544,0.0443201908614498,0.0443201908614498,"social_isolation_avg"
"15278","GABARAP","Exc L4-5 RORB IL1RAPL2",-0.0446541900796574,0.882224097708925,0.220698331525982,0.917491492302806,0.9830198062462,0.9830198062462,"social_isolation_avg"
"15279","ELP5","Exc L4-5 RORB IL1RAPL2",-0.0477235354545768,3.48246318825149,1.96376092628593,0.16298641704356,0.465984201281117,0.465984201281117,"social_isolation_avg"
"15280","YBX2","Exc L4-5 RORB IL1RAPL2",-0.0712581609316003,0.354282259353522,0.300821984208396,0.58410757854175,0.838535621668319,0.838535621668319,"social_isolation_avg"
"15281","EIF5A","Exc L4-5 RORB IL1RAPL2",-0.133227373521178,4.65994595309929,3.99090249447087,0.0473868480493755,0.244414693725501,0.244414693725501,"social_isolation_avg"
"15282","GPS2","Exc L4-5 RORB IL1RAPL2",-0.0586098357361053,2.88335321719674,0.669440989443906,0.414424477099973,0.723836936324987,0.723836936324987,"social_isolation_avg"
"15283","NEURL4","Exc L4-5 RORB IL1RAPL2",0.100052907500019,1.02221610270115,1.4554777706103,0.229374851570154,0.551391381852227,0.551391381852227,"social_isolation_avg"
"15284","ACAP1","Exc L4-5 RORB IL1RAPL2",-0.0798641172107981,0.0954630111648727,0.361202568399246,0.548662360959909,0.816327792067504,0.816327792067504,"social_isolation_avg"
"15285","TNK1","Exc L4-5 RORB IL1RAPL2",-0.0703308491691863,0.342339160155523,0.477979938742464,0.490308591175725,0.780776748062512,0.780776748062512,"social_isolation_avg"
"15286","TMEM256-PLSCR3","Exc L4-5 RORB IL1RAPL2",0.165209059765283,1.82700454563849,5.88910185379158,0.0163094940614407,0.130652026668219,0.130652026668219,"social_isolation_avg"
"15287","NLGN2","Exc L4-5 RORB IL1RAPL2",-0.0120600390895538,4.93310095333517,0.257847906563065,0.612279438550738,0.852648800825679,0.852648800825679,"social_isolation_avg"
"15288","CHRNB1","Exc L4-5 RORB IL1RAPL2",-0.0644766483457995,0.875557497200463,0.472863626854995,0.497275723141223,0.784721764823798,0.784721764823798,"social_isolation_avg"
"15289","ZBTB4","Exc L4-5 RORB IL1RAPL2",-0.00796746405139822,6.49471885316734,0.21575823754258,0.642902332498111,0.869068731385066,0.869068731385066,"social_isolation_avg"
"15290","POLR2A","Exc L4-5 RORB IL1RAPL2",-0.0427778543804714,5.23646026469389,2.63960859412455,0.106134483837201,0.377027219903409,0.377027219903409,"social_isolation_avg"
"15291","EIF4A1","Exc L4-5 RORB IL1RAPL2",0.0101283341829133,4.17676991663818,0.0981294008774247,0.754480993870906,0.925272055070982,0.925272055070982,"social_isolation_avg"
"15292","AC016876.1","Exc L4-5 RORB IL1RAPL2",-0.147055495890718,0.437226459217387,1.76237696614144,0.186158818771406,0.494637131017241,0.494637131017241,"social_isolation_avg"
"15293","MPDU1","Exc L4-5 RORB IL1RAPL2",-0.100202407002001,3.10782504230214,5.86221190295572,0.0165515997454315,0.132081606889407,0.132081606889407,"social_isolation_avg"
"15294","SOX15","Exc L4-5 RORB IL1RAPL2",-0.116271406595479,3.3554822285139,6.63140884709127,0.0108955744477217,0.10364764410525,0.10364764410525,"social_isolation_avg"
"15295","FXR2","Exc L4-5 RORB IL1RAPL2",-0.062707635141609,4.78881030315026,6.11022580587608,0.0144531403911111,0.121703546657861,0.121703546657861,"social_isolation_avg"
"15296","SHBG","Exc L4-5 RORB IL1RAPL2",0.0302138521779409,0.692666920033075,0.0996665870418915,0.756407913731649,0.925852357371931,0.925852357371931,"social_isolation_avg"
"15297","SAT2","Exc L4-5 RORB IL1RAPL2",0.0167628633839745,5.8352406546391,0.221254036030863,0.638706108486698,0.86720544732868,0.86720544732868,"social_isolation_avg"
"15298","ATP1B2","Exc L4-5 RORB IL1RAPL2",0.0922381737716645,4.86124031645665,1.96866489150981,0.162465246834915,0.465335291456771,0.465335291456771,"social_isolation_avg"
"15299","TP53","Exc L4-5 RORB IL1RAPL2",0.044266229587413,1.70566825813516,0.532755113468592,0.466483967254047,0.762337462809969,0.762337462809969,"social_isolation_avg"
"15300","WRAP53","Exc L4-5 RORB IL1RAPL2",0.0499144258393065,1.9097073322003,0.792470458972337,0.374647970945695,0.693408418102659,0.693408418102659,"social_isolation_avg"
"15301","EFNB3","Exc L4-5 RORB IL1RAPL2",-0.0373108035745738,3.78098397225798,0.528192846867259,0.468395584882676,0.763812191809455,0.763812191809455,"social_isolation_avg"
"15302","DNAH2","Exc L4-5 RORB IL1RAPL2",0.11232367793773,3.20470802014136,7.99723458060025,0.00526437629832805,0.0673477105751623,0.0673477105751623,"social_isolation_avg"
"15303","KDM6B","Exc L4-5 RORB IL1RAPL2",0.066040023385913,4.42172473204351,4.91148758760704,0.0280441451852877,0.180306157698644,0.180306157698644,"social_isolation_avg"
"15304","TMEM88","Exc L4-5 RORB IL1RAPL2",0.101769860034031,0.202195775280208,0.838826542571292,0.361066810184466,0.68098758044835,0.68098758044835,"social_isolation_avg"
"15305","NAA38","Exc L4-5 RORB IL1RAPL2",-0.0969122928754057,4.79261072932658,8.17598622784272,0.00479226945082338,0.0638630359984734,0.0638630359984734,"social_isolation_avg"
"15306","CYB5D1","Exc L4-5 RORB IL1RAPL2",-0.0839330047207027,2.98686538379469,3.70973299263357,0.0558120643906119,0.267889414087967,0.267889414087967,"social_isolation_avg"
"15307","CHD3","Exc L4-5 RORB IL1RAPL2",-0.0550705948878158,5.94530334313379,3.58870046049026,0.0599200833222636,0.278896130268558,0.278896130268558,"social_isolation_avg"
"15308","RNF227","Exc L4-5 RORB IL1RAPL2",-0.0108776521960052,2.02832737394035,0.0414470317922671,0.838927884866311,0.95824657467887,0.95824657467887,"social_isolation_avg"
"15309","KCNAB3","Exc L4-5 RORB IL1RAPL2",0.0430604413159188,3.52334005855039,0.657413165223208,0.418640548830827,0.7262398298733,0.7262398298733,"social_isolation_avg"
"15310","TRAPPC1","Exc L4-5 RORB IL1RAPL2",-0.26813521709161,2.91117008647126,13.5761827701521,0.000310117017224881,0.0112585246318671,0.0112585246318671,"social_isolation_avg"
"15311","CNTROB","Exc L4-5 RORB IL1RAPL2",-0.0608731843789075,3.15754558926707,2.15647258978414,0.143870698055539,0.438307800087469,0.438307800087469,"social_isolation_avg"
"15312","GUCY2D","Exc L4-5 RORB IL1RAPL2",0.00401605197950243,0.566832257390927,0.00105857549520519,0.974084054142183,0.995766621018112,0.995766621018112,"social_isolation_avg"
"15313","ALOX12B","Exc L4-5 RORB IL1RAPL2",0.154461731767811,1.26636734600557,3.24147545242717,0.0736192443901319,0.310856889780336,0.310856889780336,"social_isolation_avg"
"15314","ALOXE3","Exc L4-5 RORB IL1RAPL2",0.000220882789801033,1.77655305553195,1.53773256769981e-05,0.99687591736847,0.999517208019121,0.999517208019121,"social_isolation_avg"
"15315","HES7","Exc L4-5 RORB IL1RAPL2",0.012243676819367,0.736407516657323,0.0109650533979791,0.916729585636718,0.982744503673221,0.982744503673221,"social_isolation_avg"
"15316","PER1","Exc L4-5 RORB IL1RAPL2",0.0215117435856547,5.02641490512935,0.332454844915762,0.565001486143011,0.826725939162625,0.826725939162625,"social_isolation_avg"
"15317","TMEM107","Exc L4-5 RORB IL1RAPL2",-0.0673452731146606,3.06839273001768,2.47389918601088,0.117662578541064,0.396511034071482,0.396511034071482,"social_isolation_avg"
"15318","AC129492.4","Exc L4-5 RORB IL1RAPL2",-0.043607598384741,0.00827912755645431,0.11391936549576,0.876130925703259,0.970553787791836,0.970553787791836,"social_isolation_avg"
"15319","BORCS6","Exc L4-5 RORB IL1RAPL2",-0.162729047195537,1.51963626611385,5.92874644644351,0.0159592580972832,0.128934723509263,0.128934723509263,"social_isolation_avg"
"15320","CTC1","Exc L4-5 RORB IL1RAPL2",0.00520379586794318,4.20546615856169,0.0342188266464233,0.85346889533482,0.962543291381206,0.962543291381206,"social_isolation_avg"
"15321","PFAS","Exc L4-5 RORB IL1RAPL2",0.0540355517439809,2.87989919820136,1.53840230683696,0.216613476531817,0.536399000364959,0.536399000364959,"social_isolation_avg"
"15322","SLC25A35","Exc L4-5 RORB IL1RAPL2",0.155999740750836,-0.164551538982274,1.26389442168623,0.262545171235705,0.592299652432429,0.592299652432429,"social_isolation_avg"
"15323","RANGRF","Exc L4-5 RORB IL1RAPL2",-0.103141567332106,2.58142824599038,4.03335519548819,0.0462374792329364,0.2413405088459,0.2413405088459,"social_isolation_avg"
"15324","AC135178.3","Exc L4-5 RORB IL1RAPL2",-0.0597876094181768,0.12789370400271,0.320147225002798,0.572286469263558,0.831086981728128,0.831086981728128,"social_isolation_avg"
"15325","NDEL1","Exc L4-5 RORB IL1RAPL2",-0.018664331516651,5.04902148296711,0.69004241795054,0.407348177988304,0.718312356978941,0.718312356978941,"social_isolation_avg"
"15326","MYH10","Exc L4-5 RORB IL1RAPL2",0.00580214314666618,8.01340622370045,0.122195722442703,0.727110097614886,0.912176201540818,0.912176201540818,"social_isolation_avg"
"15327","PIK3R6","Exc L4-5 RORB IL1RAPL2",0.0218898997296479,0.395591970813649,0.0545397198986185,0.989233253622042,0.998787747693845,0.998787747693845,"social_isolation_avg"
"15328","NTN1","Exc L4-5 RORB IL1RAPL2",0.0833650980610428,2.14612596956655,1.78628806790498,0.507073432932054,0.791481308736793,0.791481308736793,"social_isolation_avg"
"15329","STX8","Exc L4-5 RORB IL1RAPL2",0.0478618107809991,7.15692663865783,10.0089734256089,0.00185430774485906,0.0356921229302933,0.0356921229302933,"social_isolation_avg"
"15330","AC005695.2","Exc L4-5 RORB IL1RAPL2",0.0670464770482189,2.37944472366284,1.22143430789918,0.634964457674067,0.8656984078146,0.8656984078146,"social_isolation_avg"
"15331","AC087501.1","Exc L4-5 RORB IL1RAPL2",0.0862486291324994,0.665596183166023,0.774218351897459,0.380192653585072,0.698274626138919,0.698274626138919,"social_isolation_avg"
"15332","CFAP52","Exc L4-5 RORB IL1RAPL2",0.0875980149041446,3.78872087504737,4.84944355018841,0.0290395377926347,0.184112070010091,0.184112070010091,"social_isolation_avg"
"15333","AC118755.2","Exc L4-5 RORB IL1RAPL2",-0.14058733699419,0.53079595269064,2.37892023142058,0.124894779070521,0.407156119020217,0.407156119020217,"social_isolation_avg"
"15334","USP43","Exc L4-5 RORB IL1RAPL2",0.0431986145754001,5.66464815687629,1.72212582482271,0.191238974477064,0.502420527086994,0.502420527086994,"social_isolation_avg"
"15335","AC027045.2","Exc L4-5 RORB IL1RAPL2",0.0652216292199451,0.818152689413589,0.502147927262188,0.548348855956647,0.816246456105398,0.816246456105398,"social_isolation_avg"
"15336","GSG1L2","Exc L4-5 RORB IL1RAPL2",0.00128324612960922,1.25602752496642,0.000230407046922029,0.987907549264068,0.998787747693845,0.998787747693845,"social_isolation_avg"
"15337","GLP2R","Exc L4-5 RORB IL1RAPL2",-0.490668909434453,-1.08203122799388,2.6782392241622,0.103630692926517,0.372586956329437,0.372586956329437,"social_isolation_avg"
"15338","RCVRN","Exc L4-5 RORB IL1RAPL2",-0.0553890429797285,1.63462885699998,0.145807857490124,0.703064586635074,0.900586045593367,0.900586045593367,"social_isolation_avg"
"15339","GAS7","Exc L4-5 RORB IL1RAPL2",-0.0573477526811845,8.18671982706914,8.38237789147716,0.00430097317004007,0.0598372892281825,0.0598372892281825,"social_isolation_avg"
"15340","AC005291.2","Exc L4-5 RORB IL1RAPL2",-0.260220598019924,-0.0307418873257727,2.41379569090735,0.122182976164825,0.402056363828635,0.402056363828635,"social_isolation_avg"
"15341","MYH13","Exc L4-5 RORB IL1RAPL2",0.0334441197134414,1.51536638182872,0.174546662935412,0.67664445354883,0.88648706932151,0.88648706932151,"social_isolation_avg"
"15342","MYHAS","Exc L4-5 RORB IL1RAPL2",-0.0136047812536974,-0.0579645312916555,0.00907922137359837,0.924203912174451,0.984076729849897,0.984076729849897,"social_isolation_avg"
"15343","MYH3","Exc L4-5 RORB IL1RAPL2",-0.0397043651546263,1.77437133508835,0.318811131770602,0.573088410704475,0.831616988731125,0.831616988731125,"social_isolation_avg"
"15344","SCO1","Exc L4-5 RORB IL1RAPL2",-0.0420484527138747,3.75192600330046,1.83888253658531,0.176931526802509,0.483248147805306,0.483248147805306,"social_isolation_avg"
"15345","ADPRM","Exc L4-5 RORB IL1RAPL2",0.0635259711113066,2.64057311623776,1.79388107780014,0.18229269834329,0.488965146775361,0.488965146775361,"social_isolation_avg"
"15346","TMEM220","Exc L4-5 RORB IL1RAPL2",-0.118918665945365,2.06106698189311,2.4479294754576,0.119592448986419,0.398026971926078,0.398026971926078,"social_isolation_avg"
"15347","TMEM220-AS1","Exc L4-5 RORB IL1RAPL2",0.0160169489670998,2.71900012963235,0.0550956453192122,0.814712988034601,0.951408520309823,0.951408520309823,"social_isolation_avg"
"15348","AC015908.2","Exc L4-5 RORB IL1RAPL2",-0.0863180919447818,0.71915148105532,0.497867866459711,0.4814316538471,0.774325766953501,0.774325766953501,"social_isolation_avg"
"15349","SHISA6","Exc L4-5 RORB IL1RAPL2",0.0729134465336392,4.28863560547463,1.63797689999266,0.202396600517998,0.518136392693958,0.518136392693958,"social_isolation_avg"
"15350","DNAH9","Exc L4-5 RORB IL1RAPL2",0.0507641400965542,4.79537227314048,2.14497320836263,0.144936848567973,0.439709871762047,0.439709871762047,"social_isolation_avg"
"15351","AC005410.2","Exc L4-5 RORB IL1RAPL2",0.0918751862106783,2.56145349445313,3.26956212108965,0.0723941787390961,0.308506814396945,0.308506814396945,"social_isolation_avg"
"15352","ZNF18","Exc L4-5 RORB IL1RAPL2",0.0660778939908692,3.26174673846296,3.4121187338292,0.0665068714169996,0.293863718788744,0.293863718788744,"social_isolation_avg"
"15353","MAP2K4","Exc L4-5 RORB IL1RAPL2",-0.00303809019004121,7.88011026849801,0.0395562954013652,0.842595056513327,0.960001268398186,0.960001268398186,"social_isolation_avg"
"15354","LINC00670","Exc L4-5 RORB IL1RAPL2",-0.128639916455155,-0.029204480989813,1.10732459599401,0.29420012581741,0.62545624501025,0.62545624501025,"social_isolation_avg"
"15355","MYOCD","Exc L4-5 RORB IL1RAPL2",-0.00503157386338796,1.2774865266176,0.00241262225494356,0.96088419863439,0.992137094911893,0.992137094911893,"social_isolation_avg"
"15356","AC005358.1","Exc L4-5 RORB IL1RAPL2",-0.0808321937594667,-0.521377554187592,0.267932236108863,0.61882083618583,0.85602493357743,0.85602493357743,"social_isolation_avg"
"15357","ARHGAP44","Exc L4-5 RORB IL1RAPL2",0.0232322094082585,8.13315260973529,2.28651110612826,0.132412479117253,0.418578681860188,0.418578681860188,"social_isolation_avg"
"15358","ELAC2","Exc L4-5 RORB IL1RAPL2",-0.0863658771415991,3.72288845284975,7.31320626711055,0.00756142393537274,0.0842081826257726,0.0842081826257726,"social_isolation_avg"
"15359","HS3ST3A1","Exc L4-5 RORB IL1RAPL2",0.0956772910231613,2.29364371046744,1.52206857323679,0.219058061576335,0.53933605505346,0.53933605505346,"social_isolation_avg"
"15360","AC005304.1","Exc L4-5 RORB IL1RAPL2",-0.192196262641823,0.878932813262734,5.37903497901526,0.021603705495264,0.155115440569607,0.155115440569607,"social_isolation_avg"
"15361","AC005304.3","Exc L4-5 RORB IL1RAPL2",-0.025677729302864,2.22858380314281,0.17120160705933,0.679582446917125,0.888009632466776,0.888009632466776,"social_isolation_avg"
"15362","COX10","Exc L4-5 RORB IL1RAPL2",-0.00929681168518171,4.67466204394477,0.12843311486368,0.72051947444695,0.909296979182147,0.909296979182147,"social_isolation_avg"
"15363","AC005224.1","Exc L4-5 RORB IL1RAPL2",-0.0506465497047935,1.88112367618746,0.650972203341042,0.420924673089809,0.727667038787782,0.727667038787782,"social_isolation_avg"
"15364","HS3ST3B1","Exc L4-5 RORB IL1RAPL2",-0.0866663025014014,1.90450301157614,0.820934706004339,0.366225848012461,0.684594735127667,0.684594735127667,"social_isolation_avg"
"15365","TEKT3","Exc L4-5 RORB IL1RAPL2",0.19968674035841,0.939248683212115,4.87927259432354,0.0285564237279353,0.182108558596651,0.182108558596651,"social_isolation_avg"
"15366","AC005703.4","Exc L4-5 RORB IL1RAPL2",0.195025643889652,2.46054598100427,11.1357108900456,0.00104601935973166,0.024464440427049,0.024464440427049,"social_isolation_avg"
"15367","AC005324.3","Exc L4-5 RORB IL1RAPL2",0.00900698828094779,-0.417351096920542,0.00416987743519119,0.948590745461817,0.988777296985623,0.988777296985623,"social_isolation_avg"
"15368","TRIM16","Exc L4-5 RORB IL1RAPL2",-0.0174450325492366,4.15139433496317,0.231657912463395,0.630933762984716,0.863438285074049,0.863438285074049,"social_isolation_avg"
"15369","AC005324.4","Exc L4-5 RORB IL1RAPL2",0.153957196046465,1.0733164764086,3.60443594896571,0.0593681234567071,0.277222177671361,0.277222177671361,"social_isolation_avg"
"15370","TBC1D26","Exc L4-5 RORB IL1RAPL2",-0.129313196548755,0.0485282590715842,0.722161204286413,0.396665069320528,0.710998463112326,0.710998463112326,"social_isolation_avg"
"15371","AC005324.1","Exc L4-5 RORB IL1RAPL2",0.0911749481400676,-0.222781995113559,0.392649255374313,0.531774555535058,0.808558852883224,0.808558852883224,"social_isolation_avg"
"15372","AC015922.4","Exc L4-5 RORB IL1RAPL2",-0.0391557679039036,0.268898865612363,0.116985468129668,0.779550531534006,0.936318841604764,0.936318841604764,"social_isolation_avg"
"15373","ADORA2B","Exc L4-5 RORB IL1RAPL2",-0.0513566023868821,0.109591566577041,0.189611553496003,0.663808172171025,0.880856527610023,0.880856527610023,"social_isolation_avg"
"15374","ZSWIM7","Exc L4-5 RORB IL1RAPL2",0.00275478070969588,4.82334147140835,0.00872637565527346,0.925686947164845,0.98417618971798,0.98417618971798,"social_isolation_avg"
"15375","TTC19","Exc L4-5 RORB IL1RAPL2",0.0458715714898156,6.8981111914185,5.56215426730889,0.0195219757359527,0.146403211613144,0.146403211613144,"social_isolation_avg"
"15376","AC002553.2","Exc L4-5 RORB IL1RAPL2",-0.0504314312705051,1.45542173792459,0.389701217099031,0.533317130004127,0.809278084207705,0.809278084207705,"social_isolation_avg"
"15377","NCOR1","Exc L4-5 RORB IL1RAPL2",0.0247414274987416,7.6487911407019,3.78361225745013,0.0534535845313034,0.26229130521701,0.26229130521701,"social_isolation_avg"
"15378","PIGL","Exc L4-5 RORB IL1RAPL2",0.0912865388054626,6.17636650348112,16.0478580429501,9.31864172472224e-05,0.00549202076315912,0.00549202076315912,"social_isolation_avg"
"15379","CENPV","Exc L4-5 RORB IL1RAPL2",-0.0286452112494244,5.35662751424449,1.29727921189802,0.256358750244725,0.584655143335401,0.584655143335401,"social_isolation_avg"
"15380","UBB","Exc L4-5 RORB IL1RAPL2",-0.172855001981372,6.4856844818385,16.4917182018558,7.52972065733782e-05,0.00474759737465844,0.00474759737465844,"social_isolation_avg"
"15381","TRPV2","Exc L4-5 RORB IL1RAPL2",-0.0345402777067155,2.4907672569608,0.139643502601751,0.709114528366748,0.903688598859481,0.903688598859481,"social_isolation_avg"
"15382","LRRC75A","Exc L4-5 RORB IL1RAPL2",-0.0448740022077083,3.81729313124735,1.28605688924616,0.25841786621261,0.587048198656356,0.587048198656356,"social_isolation_avg"
"15383","ZNF287","Exc L4-5 RORB IL1RAPL2",0.101752455588033,2.77383523451075,4.81168768622511,0.0296633935604477,0.186589451315569,0.186589451315569,"social_isolation_avg"
"15384","ZNF624","Exc L4-5 RORB IL1RAPL2",0.0781641767634537,2.66581394187091,2.48337136026431,0.151610844808439,0.449346615698697,0.449346615698697,"social_isolation_avg"
"15385","AC098850.3","Exc L4-5 RORB IL1RAPL2",0.00611243265041462,7.18457498213421,0.0110769820845475,0.916307230660033,0.982403054811791,0.982403054811791,"social_isolation_avg"
"15386","AC022596.2","Exc L4-5 RORB IL1RAPL2",-0.550960020809542,-0.965025842680823,2.12054254939892,0.147231837428262,0.44338271462361,0.44338271462361,"social_isolation_avg"
"15387","AC104024.2","Exc L4-5 RORB IL1RAPL2",-0.0628406596296108,2.38642068914236,0.828087053085264,0.364151269986929,0.683135651340738,0.683135651340738,"social_isolation_avg"
"15388","MPRIP","Exc L4-5 RORB IL1RAPL2",0.00940609733561593,7.52000741095849,0.351765984238539,0.553925756671087,0.819134759044442,0.819134759044442,"social_isolation_avg"
"15389","MPRIP-AS1","Exc L4-5 RORB IL1RAPL2",0.0988509081281199,1.34043312484955,1.28381115814157,0.461046815345336,0.758760267300088,0.758760267300088,"social_isolation_avg"
"15390","AC055811.1","Exc L4-5 RORB IL1RAPL2",0.0229186634306576,1.10064450037856,0.0633478277436273,0.801593377185753,0.944851309341205,0.944851309341205,"social_isolation_avg"
"15391","PLD6","Exc L4-5 RORB IL1RAPL2",-0.140640115823512,2.92423188763494,6.81957823579805,0.00984604640133187,0.0974866792043958,0.0974866792043958,"social_isolation_avg"
"15392","AC055811.2","Exc L4-5 RORB IL1RAPL2",-0.0530139961997302,2.18151828055974,0.629472640746806,0.428686214415195,0.734542151478902,0.734542151478902,"social_isolation_avg"
"15393","COPS3","Exc L4-5 RORB IL1RAPL2",-0.0121162810003809,4.29201721436327,0.214109388911308,0.644173955675501,0.869655563901629,0.869655563901629,"social_isolation_avg"
"15394","NT5M","Exc L4-5 RORB IL1RAPL2",0.0149724686320603,4.16248023934961,0.165874095571893,0.684331903776097,0.890917736857058,0.890917736857058,"social_isolation_avg"
"15395","MED9","Exc L4-5 RORB IL1RAPL2",-0.0268524998921059,4.95773093997741,1.46795925111534,0.22739712891709,0.549218927270904,0.549218927270904,"social_isolation_avg"
"15396","RASD1","Exc L4-5 RORB IL1RAPL2",-0.0438293342913128,5.56978316248005,0.694187923658229,0.405945823200917,0.717125033689968,0.717125033689968,"social_isolation_avg"
"15397","PEMT","Exc L4-5 RORB IL1RAPL2",-0.00159411597367407,3.65992024548188,0.00224899944179379,0.962232855290174,0.992607559423475,0.992607559423475,"social_isolation_avg"
"15398","AC020558.1","Exc L4-5 RORB IL1RAPL2",0.0441552565877253,3.27490203776646,0.948652844739563,0.331485620442571,0.656660170934583,0.656660170934583,"social_isolation_avg"
"15399","RAI1","Exc L4-5 RORB IL1RAPL2",-0.0102506731306002,6.325996866394,0.204573518743645,0.651647291290427,0.874004422320455,0.874004422320455,"social_isolation_avg"
"15400","RAI1-AS1","Exc L4-5 RORB IL1RAPL2",-0.0523188545361817,-0.331458434918154,0.112969496013397,0.737214678594276,0.916520989938666,0.916520989938666,"social_isolation_avg"
"15401","SMCR5","Exc L4-5 RORB IL1RAPL2",0.0782477611696805,2.63043898874139,1.46013229672113,0.228634902079967,0.550381804358151,0.550381804358151,"social_isolation_avg"
"15402","SREBF1","Exc L4-5 RORB IL1RAPL2",0.116516123363824,4.19151092543859,8.30565536097951,0.00447724974826975,0.0613425361962432,0.0613425361962432,"social_isolation_avg"
"15403","TOM1L2","Exc L4-5 RORB IL1RAPL2",0.013643768206399,7.14961008877462,0.985415063104715,0.747525789173055,0.921915827782467,0.921915827782467,"social_isolation_avg"
"15404","DRC3","Exc L4-5 RORB IL1RAPL2",0.0394626690410687,3.17811344238614,0.675112585728857,0.412458322449383,0.722407364514029,0.722407364514029,"social_isolation_avg"
"15405","ATPAF2","Exc L4-5 RORB IL1RAPL2",0.0449407675320323,4.80296356016127,3.75655150910413,0.177080296081616,0.483358716064122,0.483358716064122,"social_isolation_avg"
"15406","GID4","Exc L4-5 RORB IL1RAPL2",-0.00900531995753407,3.92526165755306,0.0797265237914149,0.778021596944259,0.935858673440101,0.935858673440101,"social_isolation_avg"
"15407","DRG2","Exc L4-5 RORB IL1RAPL2",-0.0276854638822242,4.1786891909021,0.682617138558825,0.409877920739742,0.720362181122215,0.720362181122215,"social_isolation_avg"
"15408","MYO15A","Exc L4-5 RORB IL1RAPL2",0.0555951504171899,4.00477056233209,2.01341194925956,0.157797174906135,0.457685177877455,0.457685177877455,"social_isolation_avg"
"15409","AC087164.1","Exc L4-5 RORB IL1RAPL2",0.0273247361975535,1.922106616012,0.125372108653361,0.723730754248361,0.910112559166016,0.910112559166016,"social_isolation_avg"
"15410","ALKBH5","Exc L4-5 RORB IL1RAPL2",-0.0623109912162523,5.43282042274377,9.38001088042903,0.00256155134129745,0.0433516215820118,0.0433516215820118,"social_isolation_avg"
"15411","LLGL1","Exc L4-5 RORB IL1RAPL2",0.0663487938400605,1.47193560228525,0.310234735378946,0.578289553669893,0.83480709887755,0.83480709887755,"social_isolation_avg"
"15412","FLII","Exc L4-5 RORB IL1RAPL2",-0.0559270492897989,3.75346218192169,2.38497165097382,0.191303282635547,0.50251970161699,0.50251970161699,"social_isolation_avg"
"15413","MIEF2","Exc L4-5 RORB IL1RAPL2",-0.132480947135858,2.67322713920653,9.34913422486914,0.00260268542070983,0.0436993570106767,0.0436993570106767,"social_isolation_avg"
"15414","AC127537.1","Exc L4-5 RORB IL1RAPL2",0.0733733083483842,0.332191405420555,0.400162028840996,0.527879671155094,0.805990071400956,0.805990071400956,"social_isolation_avg"
"15415","TOP3A","Exc L4-5 RORB IL1RAPL2",0.0784294863949584,5.06664649125421,13.6687248551038,0.000296319143746511,0.0110150383474022,0.0110150383474022,"social_isolation_avg"
"15416","SMCR8","Exc L4-5 RORB IL1RAPL2",-0.0536615181835604,3.78797400782307,2.50750826652426,0.115216346104064,0.392017350231071,0.392017350231071,"social_isolation_avg"
"15417","SHMT1","Exc L4-5 RORB IL1RAPL2",0.0976261615138717,3.48727946536115,7.16013683170014,0.00820441467418311,0.0877533804693152,0.0877533804693152,"social_isolation_avg"
"15418","LINC02076","Exc L4-5 RORB IL1RAPL2",0.018291330067766,-0.153206837249864,0.0198408176645733,0.888154074439794,0.974102504307964,0.974102504307964,"social_isolation_avg"
"15419","ZNF286B","Exc L4-5 RORB IL1RAPL2",0.0505537909049862,3.33515426147057,1.78350962900192,0.183555005424836,0.490651110694208,0.490651110694208,"social_isolation_avg"
"15420","TRIM16L","Exc L4-5 RORB IL1RAPL2",0.0706091415274659,2.6849360946449,1.90486701434,0.311170427549086,0.64044987051629,0.64044987051629,"social_isolation_avg"
"15421","FBXW10","Exc L4-5 RORB IL1RAPL2",0.133551126546905,0.562749474963014,2.0460634876028,0.191222812927445,0.502420527086994,0.502420527086994,"social_isolation_avg"
"15422","TVP23B","Exc L4-5 RORB IL1RAPL2",0.00410987260900966,2.93232618625869,0.00700191356817098,0.933414147699767,0.986583286147705,0.986583286147705,"social_isolation_avg"
"15423","PRPSAP2","Exc L4-5 RORB IL1RAPL2",0.0629413964351581,5.3796472657862,5.40848363117586,0.0212538655431944,0.15360748278945,0.15360748278945,"social_isolation_avg"
"15424","SLC5A10","Exc L4-5 RORB IL1RAPL2",-0.0420191487809654,0.378176620759861,0.170457622164981,0.680240461825447,0.888219610822166,0.888219610822166,"social_isolation_avg"
"15425","FAM83G","Exc L4-5 RORB IL1RAPL2",0.0102850240091523,-0.395077766542474,0.00464366078471398,0.945753037542763,0.988384145085,0.988384145085,"social_isolation_avg"
"15426","AC007952.4","Exc L4-5 RORB IL1RAPL2",0.102948210438363,0.803472353980997,0.705378522622343,0.402195420795993,0.714658901219765,0.714658901219765,"social_isolation_avg"
"15427","EPN2","Exc L4-5 RORB IL1RAPL2",0.040819212096668,6.33017786472746,3.00936156179182,0.0846489163444516,0.33465015641641,0.33465015641641,"social_isolation_avg"
"15428","EPN2-AS1","Exc L4-5 RORB IL1RAPL2",-0.124853006274046,0.515919859111424,1.05030781217895,0.306933656356677,0.636943523446061,0.636943523446061,"social_isolation_avg"
"15429","AC124066.1","Exc L4-5 RORB IL1RAPL2",0.0952736690656454,0.502407498108182,0.788311364087635,0.375901324878318,0.694912454130206,0.694912454130206,"social_isolation_avg"
"15430","B9D1","Exc L4-5 RORB IL1RAPL2",-0.007149586754865,4.15374213861696,0.05270851298249,0.818699389195519,0.951762359999666,0.951762359999666,"social_isolation_avg"
"15431","MAPK7","Exc L4-5 RORB IL1RAPL2",-0.0124133638641268,1.2304896773833,0.0263260474920613,0.91602042822774,0.982314129660164,0.982314129660164,"social_isolation_avg"
"15432","RNF112","Exc L4-5 RORB IL1RAPL2",0.0171096922584689,4.16482611038714,0.225672640348812,0.635378315095487,0.86588829587451,0.86588829587451,"social_isolation_avg"
"15433","AC004448.3","Exc L4-5 RORB IL1RAPL2",-0.0660200545544473,-0.471512832830733,0.166540210638815,0.683733235353513,0.890593751445967,0.890593751445967,"social_isolation_avg"
"15434","AC004448.2","Exc L4-5 RORB IL1RAPL2",-0.0478691861260002,1.94364296667243,0.623607409890444,0.430841228019385,0.736323748890783,0.736323748890783,"social_isolation_avg"
"15435","LINC02094","Exc L4-5 RORB IL1RAPL2",-0.0103041774810303,1.37311765395102,0.0186547856733291,0.89152699909079,0.974893506894575,0.974893506894575,"social_isolation_avg"
"15436","SLC47A1","Exc L4-5 RORB IL1RAPL2",0.058659506928482,2.4886196685254,0.714961595124686,0.399023890897247,0.712728314893497,0.712728314893497,"social_isolation_avg"
"15437","AC025627.1","Exc L4-5 RORB IL1RAPL2",0.140514375407843,0.652692462458522,2.45583972059237,0.119000905563827,0.397751103785171,0.397751103785171,"social_isolation_avg"
"15438","ALDH3A2","Exc L4-5 RORB IL1RAPL2",0.0574314841093764,5.5301920912924,3.90191687975999,0.0498959948823743,0.251699223665206,0.251699223665206,"social_isolation_avg"
"15439","SLC47A2","Exc L4-5 RORB IL1RAPL2",0.143785718411736,1.12132790788008,3.48244230577559,0.0637947718671317,0.287349041303923,0.287349041303923,"social_isolation_avg"
"15440","AC005722.2","Exc L4-5 RORB IL1RAPL2",0.100685630196064,-0.607402939989252,0.355622230046826,0.551763434999691,0.818017298442698,0.818017298442698,"social_isolation_avg"
"15441","ULK2","Exc L4-5 RORB IL1RAPL2",0.0265217662466602,6.41290555579551,2.39196270550947,0.146016514371093,0.441620599171269,0.441620599171269,"social_isolation_avg"
"15442","AC015726.1","Exc L4-5 RORB IL1RAPL2",-0.0258560683877975,1.69106959772487,0.122406945384906,0.726883856994736,0.912134164267109,0.912134164267109,"social_isolation_avg"
"15443","AKAP10","Exc L4-5 RORB IL1RAPL2",0.00551882778664555,6.27087064996709,0.1056983540607,0.955339346756826,0.990138901182401,0.990138901182401,"social_isolation_avg"
"15444","AC005730.2","Exc L4-5 RORB IL1RAPL2",-0.300868468183686,-0.081307257251895,4.68085487359949,0.0319366229128807,0.195475023623424,0.195475023623424,"social_isolation_avg"
"15445","SPECC1","Exc L4-5 RORB IL1RAPL2",0.0128665603596664,6.69015949625633,0.364500600923617,0.546844908408227,0.815611895947664,0.815611895947664,"social_isolation_avg"
"15446","AC004702.1","Exc L4-5 RORB IL1RAPL2",0.0177945450244304,1.67829630789811,0.0536636072653777,0.817093232561457,0.951599926146172,0.951599926146172,"social_isolation_avg"
"15447","CCDC144NL","Exc L4-5 RORB IL1RAPL2",0.061404423665259,3.86520801275443,0.343557449902703,0.558582467958918,0.822421513987292,0.822421513987292,"social_isolation_avg"
"15448","AC090774.3","Exc L4-5 RORB IL1RAPL2",0.0526900386502598,2.44046441122512,0.897372165918383,0.344870106053465,0.66734375911614,0.66734375911614,"social_isolation_avg"
"15449","CCDC144NL-AS1","Exc L4-5 RORB IL1RAPL2",-0.0214579763556342,6.30611983211547,0.244667918811533,0.621511622410816,0.857803005881907,0.857803005881907,"social_isolation_avg"
"15450","USP22","Exc L4-5 RORB IL1RAPL2",-0.0277167468449086,7.39756255532532,2.37753678609677,0.125003732409779,0.407299216965169,0.407299216965169,"social_isolation_avg"
"15451","LINC01563","Exc L4-5 RORB IL1RAPL2",0.028655232396208,2.32474421833548,0.174044472236533,0.677083410712826,0.886579431097481,0.886579431097481,"social_isolation_avg"
"15452","DHRS7B","Exc L4-5 RORB IL1RAPL2",0.0229842608538135,5.864655822728,0.804531083326871,0.371046586064719,0.689148096410303,0.689148096410303,"social_isolation_avg"
"15453","TMEM11","Exc L4-5 RORB IL1RAPL2",-0.0742446846759143,3.1513478239,4.79489003665805,0.0299454658075993,0.187739615157583,0.187739615157583,"social_isolation_avg"
"15454","AC087294.1","Exc L4-5 RORB IL1RAPL2",-0.0125440651760938,2.60425248838506,0.0513526238655505,0.821006098193783,0.952379154185799,0.952379154185799,"social_isolation_avg"
"15455","NATD1","Exc L4-5 RORB IL1RAPL2",-0.0829186371811321,1.63901462605434,1.56423963204791,0.21281299999015,0.531639130289626,0.531639130289626,"social_isolation_avg"
"15456","MAP2K3","Exc L4-5 RORB IL1RAPL2",0.0576899210711758,3.26921801060779,2.3597690480501,0.12641254234939,0.409538970165627,0.409538970165627,"social_isolation_avg"
"15457","KCNJ12","Exc L4-5 RORB IL1RAPL2",-0.0134104324401302,3.52646111302555,0.120362940696401,0.729082469808917,0.912797274741088,0.912797274741088,"social_isolation_avg"
"15458","C17orf51","Exc L4-5 RORB IL1RAPL2",-0.0809123412095011,5.53011983627452,5.70430198920904,0.0180509941844706,0.140437031646533,0.140437031646533,"social_isolation_avg"
"15459","AC138761.3","Exc L4-5 RORB IL1RAPL2",-0.223214886798195,-0.401307665706997,1.10461801187907,0.294788964316196,0.625723804557633,0.625723804557633,"social_isolation_avg"
"15460","MTRNR2L1","Exc L4-5 RORB IL1RAPL2",-0.363155681092112,2.48867984195356,0.862185966239725,0.354481607542765,0.674899023577849,0.674899023577849,"social_isolation_avg"
"15461","WSB1","Exc L4-5 RORB IL1RAPL2",0.0200032344318304,6.78462319706269,0.337881378079133,0.561846468172197,0.82458075536313,0.82458075536313,"social_isolation_avg"
"15462","AC026254.2","Exc L4-5 RORB IL1RAPL2",0.00880032915736973,0.829728757262863,0.00962376859445966,0.921971102529231,0.983460098712119,0.983460098712119,"social_isolation_avg"
"15463","KSR1","Exc L4-5 RORB IL1RAPL2",0.0606037292709105,5.38565537823283,6.99973436166889,0.0089391244795953,0.0922734175005033,0.0922734175005033,"social_isolation_avg"
"15464","LGALS9","Exc L4-5 RORB IL1RAPL2",0.0680118682489447,0.421365114790151,0.301654124197987,0.583588484571633,0.838364400018437,0.838364400018437,"social_isolation_avg"
"15465","NOS2","Exc L4-5 RORB IL1RAPL2",-0.00815001816176478,1.44752156258611,0.0136726309376405,0.907057454304758,0.979320338732308,0.979320338732308,"social_isolation_avg"
"15466","AC005697.1","Exc L4-5 RORB IL1RAPL2",0.132159964791855,4.35103981171891,3.65591168282341,0.0576002759049787,0.272463705099526,0.272463705099526,"social_isolation_avg"
"15467","AC005697.2","Exc L4-5 RORB IL1RAPL2",0.0104420346380817,0.785410526609184,0.0060440377960089,0.938126189021877,0.987739983912839,0.987739983912839,"social_isolation_avg"
"15468","LINC01992","Exc L4-5 RORB IL1RAPL2",-0.117374968555602,-0.129556188787378,0.779779859323139,0.378490924364884,0.696908016729074,0.696908016729074,"social_isolation_avg"
"15469","NLK","Exc L4-5 RORB IL1RAPL2",-0.00878131669785153,7.99350849154077,0.22752082928459,0.633998232127208,0.865162170836133,0.865162170836133,"social_isolation_avg"
"15470","TMEM97","Exc L4-5 RORB IL1RAPL2",-0.0403586319109014,2.74155636310856,0.549247028765094,0.45967707171839,0.757956416033434,0.757956416033434,"social_isolation_avg"
"15471","IFT20","Exc L4-5 RORB IL1RAPL2",-0.0294504717427122,5.18705705302133,0.937599822362116,0.334310515068057,0.658844689068014,0.658844689068014,"social_isolation_avg"
"15472","TNFAIP1","Exc L4-5 RORB IL1RAPL2",-0.0725613863150294,3.99395130316413,6.38553331552646,0.0124444656034514,0.111494307077373,0.111494307077373,"social_isolation_avg"
"15473","POLDIP2","Exc L4-5 RORB IL1RAPL2",-0.0264318479637348,4.44778572354357,1.04360474745801,0.529268699564163,0.806743792412124,0.806743792412124,"social_isolation_avg"
"15474","TMEM199","Exc L4-5 RORB IL1RAPL2",-0.065862670463561,3.21191441148972,3.33626478720435,0.0695722759955788,0.302129225180708,0.302129225180708,"social_isolation_avg"
"15475","SARM1","Exc L4-5 RORB IL1RAPL2",0.0620991101612516,5.73076718191553,9.04437931191246,0.00304695262349393,0.0483652605613495,0.0483652605613495,"social_isolation_avg"
"15476","SLC46A1","Exc L4-5 RORB IL1RAPL2",-0.127600814919,2.23279413944249,5.08772988182202,0.025407354553577,0.170067192050522,0.170067192050522,"social_isolation_avg"
"15477","AC005726.1","Exc L4-5 RORB IL1RAPL2",0.0309183715341122,6.0142571770471,1.00266714224534,0.318129579539606,0.645854275661959,0.645854275661959,"social_isolation_avg"
"15478","AC005726.5","Exc L4-5 RORB IL1RAPL2",0.0803803248090387,2.96541121120324,1.08753278364899,0.298541299257827,0.629559917299141,0.629559917299141,"social_isolation_avg"
"15479","KIAA0100","Exc L4-5 RORB IL1RAPL2",-0.0154071449431682,4.95619969369614,0.380249510604063,0.714353581904138,0.906738148852929,0.906738148852929,"social_isolation_avg"
"15480","SDF2","Exc L4-5 RORB IL1RAPL2",-0.008873007938444,3.69110282900089,0.0725819573351662,0.787949900806556,0.939432896859537,0.939432896859537,"social_isolation_avg"
"15481","SUPT6H","Exc L4-5 RORB IL1RAPL2",0.00281533693940858,5.70265294186258,0.0285663365140075,0.865990872471899,0.96677503774678,0.96677503774678,"social_isolation_avg"
"15482","PROCA1","Exc L4-5 RORB IL1RAPL2",-0.0948701179941233,1.32762787058374,1.79206207544847,0.182513353826128,0.489071684994218,0.489071684994218,"social_isolation_avg"
"15483","RPL23A","Exc L4-5 RORB IL1RAPL2",-0.0779603155523661,4.42406475382972,3.2159254122117,0.0747531891115409,0.312921480349439,0.312921480349439,"social_isolation_avg"
"15484","NEK8","Exc L4-5 RORB IL1RAPL2",0.0252021488053877,0.960266188352772,0.0871169082611199,0.779106274577469,0.936318841604764,0.936318841604764,"social_isolation_avg"
"15485","TRAF4","Exc L4-5 RORB IL1RAPL2",-0.110687677521041,-0.272533507908778,0.212958963270281,0.645064713765169,0.870126858854406,0.870126858854406,"social_isolation_avg"
"15486","FAM222B","Exc L4-5 RORB IL1RAPL2",0.0756510094417264,6.68254229970119,13.6646701545431,0.000296910377652214,0.0110153750108971,0.0110153750108971,"social_isolation_avg"
"15487","ERAL1","Exc L4-5 RORB IL1RAPL2",-0.0611652089730858,3.53926306474843,2.6594113934965,0.104842740132595,0.374821458325754,0.374821458325754,"social_isolation_avg"
"15488","FLOT2","Exc L4-5 RORB IL1RAPL2",-0.0478892715891893,5.38275082313275,3.86259455697232,0.0510495740666818,0.254991813863698,0.254991813863698,"social_isolation_avg"
"15489","DHRS13","Exc L4-5 RORB IL1RAPL2",0.0237911882992303,0.982035173659957,0.0965117179264944,0.75644794633543,0.925852357371931,0.925852357371931,"social_isolation_avg"
"15490","PHF12","Exc L4-5 RORB IL1RAPL2",0.0374785123019499,4.84342269292916,2.53678011496092,0.113131862398404,0.388487834562651,0.388487834562651,"social_isolation_avg"
"15491","AC024267.4","Exc L4-5 RORB IL1RAPL2",0.187536259168207,0.139658791473017,2.10918487254604,0.148312819798348,0.445079597685098,0.445079597685098,"social_isolation_avg"
"15492","PIPOX","Exc L4-5 RORB IL1RAPL2",0.0421080865758362,2.51983522166333,0.67004579488967,0.41421414886456,0.723669982517668,0.723669982517668,"social_isolation_avg"
"15493","SEZ6","Exc L4-5 RORB IL1RAPL2",-0.0148903983096227,5.00887228846721,0.276775606175273,0.599527566506352,0.846060182603379,0.846060182603379,"social_isolation_avg"
"15494","MYO18A","Exc L4-5 RORB IL1RAPL2",-0.010600039117894,5.06603391127028,0.197926505089586,0.670039384082836,0.883840991789692,0.883840991789692,"social_isolation_avg"
"15495","AC024619.3","Exc L4-5 RORB IL1RAPL2",0.0387803720071694,1.17811933308446,0.179333103423584,0.721312050343912,0.909296979182147,0.909296979182147,"social_isolation_avg"
"15496","NUFIP2","Exc L4-5 RORB IL1RAPL2",-0.030736782571151,6.22108331676793,2.43336006615666,0.120690588652237,0.399717596339746,0.399717596339746,"social_isolation_avg"
"15497","AC068025.1","Exc L4-5 RORB IL1RAPL2",-0.130873365015387,-0.437426897527184,0.480480337748646,0.489177625519256,0.779810205406763,0.779810205406763,"social_isolation_avg"
"15498","TAOK1","Exc L4-5 RORB IL1RAPL2",0.0176722295114839,7.5438025682276,1.82118978241745,0.179017115033527,0.485363770840218,0.485363770840218,"social_isolation_avg"
"15499","ABHD15-AS1","Exc L4-5 RORB IL1RAPL2",0.124360581000702,3.47938487590823,7.50882212178018,0.00681469554401449,0.0795369352593304,0.0795369352593304,"social_isolation_avg"
"15500","GIT1","Exc L4-5 RORB IL1RAPL2",0.00527979497260685,5.57173563973434,0.0609881164144723,0.80524739310531,0.94612725315367,0.94612725315367,"social_isolation_avg"
"15501","CORO6","Exc L4-5 RORB IL1RAPL2",0.0829219822775246,5.87137362907728,6.68706056719694,0.0105736192564754,0.102094599452113,0.102094599452113,"social_isolation_avg"
"15502","SSH2","Exc L4-5 RORB IL1RAPL2",0.0542737156851576,8.24884910718805,17.1533258390408,5.48814256824791e-05,0.00391139480233099,0.00391139480233099,"social_isolation_avg"
"15503","AC023389.1","Exc L4-5 RORB IL1RAPL2",0.0260921251289439,2.83047768121408,0.295374745266883,0.587528879198938,0.839942117364798,0.839942117364798,"social_isolation_avg"
"15504","EFCAB5","Exc L4-5 RORB IL1RAPL2",0.0663369066102136,4.97149796044542,3.04002331126868,0.0830939760987173,0.331762211809207,0.331762211809207,"social_isolation_avg"
"15505","AC104984.2","Exc L4-5 RORB IL1RAPL2",-0.186970095726968,1.83719931649775,5.2414450968417,0.0233199136274976,0.162338515726962,0.162338515726962,"social_isolation_avg"
"15506","NSRP1","Exc L4-5 RORB IL1RAPL2",0.023141919250257,5.31226867352521,0.980299040957711,0.323572101252462,0.651170785768756,0.651170785768756,"social_isolation_avg"
"15507","AC104984.3","Exc L4-5 RORB IL1RAPL2",0.17140553375624,0.261904923986216,2.23614169902039,0.136723735723841,0.426467161825057,0.426467161825057,"social_isolation_avg"
"15508","SLC6A4","Exc L4-5 RORB IL1RAPL2",0.230956132752875,0.499583478027414,4.49519966557182,0.035482638461909,0.206476317674728,0.206476317674728,"social_isolation_avg"
"15509","BLMH","Exc L4-5 RORB IL1RAPL2",0.00781413931966453,4.54332009186168,0.110753894379635,0.739709163103312,0.918134156066503,0.918134156066503,"social_isolation_avg"
"15510","CPD","Exc L4-5 RORB IL1RAPL2",0.035094243888368,6.72493483771892,2.79876368428277,0.0962285587975028,0.359120426234231,0.359120426234231,"social_isolation_avg"
"15511","GOSR1","Exc L4-5 RORB IL1RAPL2",-0.00410004663537972,5.90328486722374,0.0529090982242352,0.818360806764303,0.951762359999666,0.951762359999666,"social_isolation_avg"
"15512","AC127024.3","Exc L4-5 RORB IL1RAPL2",-0.0202743939066006,-0.0216105984635415,0.0228320408560929,0.880078909529471,0.972210056224252,0.972210056224252,"social_isolation_avg"
"15513","AC127024.2","Exc L4-5 RORB IL1RAPL2",0.14303009436699,4.35542865289461,6.20270840881648,0.0137432467399993,0.117823276650443,0.117823276650443,"social_isolation_avg"
"15514","CRLF3","Exc L4-5 RORB IL1RAPL2",0.0617092042782232,6.14989281162566,4.65839512851201,0.032344973798043,0.1969109553516,0.1969109553516,"social_isolation_avg"
"15515","AC127024.5","Exc L4-5 RORB IL1RAPL2",0.0355697141152676,2.21144693429426,0.214662034150965,0.643747084042368,0.869527311333927,0.869527311333927,"social_isolation_avg"
"15516","AC127024.6","Exc L4-5 RORB IL1RAPL2",0.0545444848418086,1.90397786214337,0.653281974502517,0.420103428849685,0.727044450495279,0.727044450495279,"social_isolation_avg"
"15517","ATAD5","Exc L4-5 RORB IL1RAPL2",0.152759829217899,4.20592858117119,21.5401349616055,7.02186526932919e-06,0.0010867059115933,0.0010867059115933,"social_isolation_avg"
"15518","AC130324.2","Exc L4-5 RORB IL1RAPL2",0.0619399395064023,4.09124614559867,1.85496381166389,0.175060372136962,0.481359724181143,0.481359724181143,"social_isolation_avg"
"15519","AC130324.1","Exc L4-5 RORB IL1RAPL2",0.214731179780326,0.114285423276114,3.11735326576743,0.079308814941684,0.323545081395343,0.323545081395343,"social_isolation_avg"
"15520","TEFM","Exc L4-5 RORB IL1RAPL2",0.0256805889593985,4.95926925454737,1.01539669973718,0.315086211497912,0.643552886706539,0.643552886706539,"social_isolation_avg"
"15521","ADAP2","Exc L4-5 RORB IL1RAPL2",0.0960966214201284,2.41739304876488,3.77901369690182,0.053597229935253,0.262686112947481,0.262686112947481,"social_isolation_avg"
"15522","NF1","Exc L4-5 RORB IL1RAPL2",-0.0122230920688676,8.09717260271783,0.630684636312579,0.428242941618565,0.734492137967065,0.734492137967065,"social_isolation_avg"
"15523","OMG","Exc L4-5 RORB IL1RAPL2",-0.00231283890783168,5.33321827186093,0.00543434507652798,0.941323898717639,0.987961902248838,0.987961902248838,"social_isolation_avg"
"15524","RAB11FIP4","Exc L4-5 RORB IL1RAPL2",-0.0268246322023522,7.37239019988556,1.87886722066951,0.172321345774541,0.477157611854029,0.477157611854029,"social_isolation_avg"
"15525","AC007923.4","Exc L4-5 RORB IL1RAPL2",-0.056786293345518,0.419455605055786,0.430748622683146,0.555629284755952,0.820371572131671,0.820371572131671,"social_isolation_avg"
"15526","COPRS","Exc L4-5 RORB IL1RAPL2",-0.122872707831127,5.16548808741181,11.3315029400079,0.000947693300538909,0.0228133650629729,0.0228133650629729,"social_isolation_avg"
"15527","UTP6","Exc L4-5 RORB IL1RAPL2",0.0444868308708202,4.84498790160794,3.66914984031845,0.0571548175492016,0.271510495317209,0.271510495317209,"social_isolation_avg"
"15528","AC004253.1","Exc L4-5 RORB IL1RAPL2",-0.0897835582642275,1.72605221945147,1.22432921604359,0.270120423352636,0.599960008479699,0.599960008479699,"social_isolation_avg"
"15529","SUZ12","Exc L4-5 RORB IL1RAPL2",0.0352548745557296,6.75594452536631,3.74564115798973,0.054652140483955,0.265351077776986,0.265351077776986,"social_isolation_avg"
"15530","LRRC37B","Exc L4-5 RORB IL1RAPL2",0.0303627036496767,6.64030079107059,2.62494044574616,0.10710264262977,0.378570726919087,0.378570726919087,"social_isolation_avg"
"15531","AC116407.2","Exc L4-5 RORB IL1RAPL2",-0.0550496593368322,2.02511928075641,0.54079204046369,0.463146799353681,0.760298506903608,0.760298506903608,"social_isolation_avg"
"15532","RHOT1","Exc L4-5 RORB IL1RAPL2",0.0303184458349833,7.19141538677145,4.74093559003921,0.030870745608044,0.191572770629649,0.191572770629649,"social_isolation_avg"
"15533","RHBDL3","Exc L4-5 RORB IL1RAPL2",0.0478713115288791,7.88218850087579,3.14006872005631,0.0782328863465377,0.321792270122357,0.321792270122357,"social_isolation_avg"
"15534","C17orf75","Exc L4-5 RORB IL1RAPL2",0.036894928863382,3.94518893575674,1.17005460525282,0.280965548833309,0.612106983244104,0.612106983244104,"social_isolation_avg"
"15535","AC005899.3","Exc L4-5 RORB IL1RAPL2",0.0662623798861407,0.327949211701881,0.386491875484539,0.535005687885995,0.809700884133067,0.809700884133067,"social_isolation_avg"
"15536","ZNF207","Exc L4-5 RORB IL1RAPL2",-0.00229293479798742,6.66454140212135,0.01915085163872,0.890103328368882,0.974706512053996,0.974706512053996,"social_isolation_avg"
"15537","AC005899.6","Exc L4-5 RORB IL1RAPL2",0.0918179942113839,0.752348856534502,0.995316138049245,0.319904736047612,0.647146549170793,0.647146549170793,"social_isolation_avg"
"15538","AC005899.7","Exc L4-5 RORB IL1RAPL2",-0.000907337932559339,1.74952430720144,0.000165571122431544,0.989749065332453,0.998822911403646,0.998822911403646,"social_isolation_avg"
"15539","AC005899.5","Exc L4-5 RORB IL1RAPL2",0.184643954763056,2.07644271698687,8.44039129789682,0.00417243479319642,0.0586963856669661,0.0586963856669661,"social_isolation_avg"
"15540","AC005899.8","Exc L4-5 RORB IL1RAPL2",0.151875493191177,2.14751732977349,3.65064605398745,0.0577784954349039,0.273033694336618,0.273033694336618,"social_isolation_avg"
"15541","AC005899.1","Exc L4-5 RORB IL1RAPL2",0.0955218839095402,1.22969426846629,1.42263972076712,0.234678717650976,0.557833670436448,0.557833670436448,"social_isolation_avg"
"15542","PSMD11","Exc L4-5 RORB IL1RAPL2",-0.0105194473320437,5.87090115455911,0.376732734482685,0.540200788108815,0.812231575248533,0.812231575248533,"social_isolation_avg"
"15543","CDK5R1","Exc L4-5 RORB IL1RAPL2",-0.04691401480546,6.15165653994548,3.09716738359495,0.0802784361544398,0.32525659325014,0.32525659325014,"social_isolation_avg"
"15544","MYO1D","Exc L4-5 RORB IL1RAPL2",0.0257068457820898,6.80004620170059,0.730120898474632,0.39408069268939,0.709081194298981,0.709081194298981,"social_isolation_avg"
"15545","AC079336.4","Exc L4-5 RORB IL1RAPL2",-0.0303317101133059,0.921211703717403,0.112910282680694,0.737280989434901,0.916520989938666,0.916520989938666,"social_isolation_avg"
"15546","AC025211.1","Exc L4-5 RORB IL1RAPL2",0.0375019824583339,0.661305555136413,0.143690068031832,0.70552843247857,0.901968722376641,0.901968722376641,"social_isolation_avg"
"15547","ASIC2","Exc L4-5 RORB IL1RAPL2",0.0317698825972414,9.09187731060731,0.753601011942587,0.386597102446751,0.702692374821721,0.702692374821721,"social_isolation_avg"
"15548","AC011824.2","Exc L4-5 RORB IL1RAPL2",-0.0200232235470951,1.46785980981696,0.0534312007639912,0.817482668867408,0.951599926146172,0.951599926146172,"social_isolation_avg"
"15549","AC004147.2","Exc L4-5 RORB IL1RAPL2",-0.02870441690094,0.814418361611138,0.107259170294018,0.750293642521152,0.923036801699787,0.923036801699787,"social_isolation_avg"
"15550","LINC01989","Exc L4-5 RORB IL1RAPL2",0.0586989976520858,0.525086338583715,0.333573293859166,0.638185201709557,0.867201085917667,0.867201085917667,"social_isolation_avg"
"15551","CCL2","Exc L4-5 RORB IL1RAPL2",0.025944665743989,-0.769392703226992,0.0049467002116242,0.944013808654693,0.988051457597129,0.988051457597129,"social_isolation_avg"
"15552","TMEM132E","Exc L4-5 RORB IL1RAPL2",0.0289721724710316,2.66818495748775,0.183893047280882,0.668607078441257,0.88310672604061,0.88310672604061,"social_isolation_avg"
"15553","CCT6B","Exc L4-5 RORB IL1RAPL2",0.0380261098025026,2.46799267958637,0.395801948156883,0.530133802327001,0.807511667961596,0.807511667961596,"social_isolation_avg"
"15554","ZNF830","Exc L4-5 RORB IL1RAPL2",0.00963550590978104,3.1598577672151,0.0387318357746922,0.844222647980195,0.960814238943355,0.960814238943355,"social_isolation_avg"
"15555","LIG3","Exc L4-5 RORB IL1RAPL2",-0.0300984431817035,3.54722202609802,0.85280856728038,0.357105081683283,0.677377749478256,0.677377749478256,"social_isolation_avg"
"15556","RFFL","Exc L4-5 RORB IL1RAPL2",-0.00630732496531035,2.61906512624527,0.0185421223035132,0.891853012334232,0.975137292480555,0.975137292480555,"social_isolation_avg"
"15557","AC004223.3","Exc L4-5 RORB IL1RAPL2",0.0143448443481127,0.151122128081329,0.0152158789288844,0.90197770110479,0.978236849856915,0.978236849856915,"social_isolation_avg"
"15558","NLE1","Exc L4-5 RORB IL1RAPL2",-0.00587738279651625,1.89794051164643,0.0114521226113433,0.914907177156319,0.982007828651848,0.982007828651848,"social_isolation_avg"
"15559","SLFN5","Exc L4-5 RORB IL1RAPL2",0.0378437428550442,2.07138959317326,0.304644346112355,0.581730832248543,0.837283514146864,0.837283514146864,"social_isolation_avg"
"15560","LINC02001","Exc L4-5 RORB IL1RAPL2",-0.0250861195566066,3.72772709170605,0.481376082469467,0.488773528215275,0.779652160551042,0.779652160551042,"social_isolation_avg"
"15561","PEX12","Exc L4-5 RORB IL1RAPL2",-0.0835888981517622,1.27704562407616,1.11242168724776,0.293095319742054,0.624159431045515,0.624159431045515,"social_isolation_avg"
"15562","AP2B1","Exc L4-5 RORB IL1RAPL2",0.0133949390849782,6.64425501647176,0.659761366032101,0.417812430585609,0.725848828988622,0.725848828988622,"social_isolation_avg"
"15563","TAF15","Exc L4-5 RORB IL1RAPL2",0.0631836318738641,7.27212928997157,14.3561700467627,0.000211578707614169,0.00901639803326058,0.00901639803326058,"social_isolation_avg"
"15564","GAS2L2","Exc L4-5 RORB IL1RAPL2",0.0268177812176256,0.371224401915565,0.0617454442348309,0.804066613423494,0.945599129379448,0.945599129379448,"social_isolation_avg"
"15565","MMP28","Exc L4-5 RORB IL1RAPL2",0.0843476676282742,2.84336448917417,3.25044272968066,0.0732256939095971,0.309904434307757,0.309904434307757,"social_isolation_avg"
"15566","AC015849.3","Exc L4-5 RORB IL1RAPL2",0.0863098608901455,2.77414733065589,1.47645901486006,0.226062132217619,0.547736919280445,0.547736919280445,"social_isolation_avg"
"15567","HEATR9","Exc L4-5 RORB IL1RAPL2",0.0617891004494204,0.625509960547935,0.364518250810267,0.546835212301744,0.815611895947664,0.815611895947664,"social_isolation_avg"
"15568","AC015849.1","Exc L4-5 RORB IL1RAPL2",-0.0202048771439347,1.84459592998213,0.0815285577410941,0.775594025718425,0.934884263251599,0.934884263251599,"social_isolation_avg"
"15569","AC015849.5","Exc L4-5 RORB IL1RAPL2",-0.0220269063160754,-0.39094326165206,0.0217420432397421,0.882955095762733,0.973162804758901,0.973162804758901,"social_isolation_avg"
"15570","RDM1","Exc L4-5 RORB IL1RAPL2",-0.109612026671343,0.207036655456673,1.02129634409161,0.313688730995349,0.642373438801511,0.642373438801511,"social_isolation_avg"
"15571","AC243829.2","Exc L4-5 RORB IL1RAPL2",-0.149821083466349,0.988664427031535,0.22420226490351,0.636481236651339,0.866538450985276,0.866538450985276,"social_isolation_avg"
"15572","TBC1D3B","Exc L4-5 RORB IL1RAPL2",0.0819053041819988,0.312887766047828,0.332524192840662,0.564960950719962,0.826725939162625,0.826725939162625,"social_isolation_avg"
"15573","AC243829.1","Exc L4-5 RORB IL1RAPL2",-0.0656564158428807,4.24399012195022,0.318083592045247,0.57352602331194,0.831616988731125,0.831616988731125,"social_isolation_avg"
"15574","CCL3L1","Exc L4-5 RORB IL1RAPL2",-0.353194599588079,-0.216080781670028,1.14732891539862,0.285670467821171,0.616677587212976,0.616677587212976,"social_isolation_avg"
"15575","CCL4L2","Exc L4-5 RORB IL1RAPL2",-0.000417347823180083,0.253027519717348,3.25117558781963e-06,0.998563508032559,0.999750676557505,0.999750676557505,"social_isolation_avg"
"15576","ZNHIT3","Exc L4-5 RORB IL1RAPL2",-0.0643928643045637,4.14288564124438,4.94204373877597,0.0275671657919048,0.178561763787118,0.178561763787118,"social_isolation_avg"
"15577","MYO19","Exc L4-5 RORB IL1RAPL2",0.0467421896814978,5.1482852768773,3.53024834958225,0.0620191969546921,0.283052568192895,0.283052568192895,"social_isolation_avg"
"15578","PIGW","Exc L4-5 RORB IL1RAPL2",0.0175561833296783,1.01222106068532,0.0545615806840384,0.877182510201273,0.97110586130234,0.97110586130234,"social_isolation_avg"
"15579","GGNBP2","Exc L4-5 RORB IL1RAPL2",0.0149073646504343,5.92015939119837,0.577122157821528,0.448524644963509,0.749340812371631,0.749340812371631,"social_isolation_avg"
"15580","DHRS11","Exc L4-5 RORB IL1RAPL2",-0.005741021879632,3.54731568511858,0.0148085382489034,0.903292076381717,0.978393297244221,0.978393297244221,"social_isolation_avg"
"15581","MRM1","Exc L4-5 RORB IL1RAPL2",0.0203323967944782,1.73298490361369,0.0988123333146587,0.753655959280881,0.924828095567388,0.924828095567388,"social_isolation_avg"
"15582","AC243830.2","Exc L4-5 RORB IL1RAPL2",-0.174636667549682,0.576357001210653,2.27261896280459,0.133586039298077,0.420632625987505,0.420632625987505,"social_isolation_avg"
"15583","LHX1-DT","Exc L4-5 RORB IL1RAPL2",-0.0332571852640214,-0.126133332451968,0.0598150500964501,0.807091830810914,0.947357772364077,0.947357772364077,"social_isolation_avg"
"15584","LHX1","Exc L4-5 RORB IL1RAPL2",0.0718123348954358,-1.06814435008329,0.021358213016724,0.883985397150492,0.973395450982043,0.973395450982043,"social_isolation_avg"
"15585","AATF","Exc L4-5 RORB IL1RAPL2",-0.0168923016485827,5.12556133011376,0.558727608753813,0.455835385767974,0.754119203822316,0.754119203822316,"social_isolation_avg"
"15586","ACACA","Exc L4-5 RORB IL1RAPL2",0.0459082371311216,8.03620038408404,6.6151998209385,0.0109912449461375,0.104117892559359,0.104117892559359,"social_isolation_avg"
"15587","C17orf78","Exc L4-5 RORB IL1RAPL2",0.0906403940159947,0.798098799186559,0.930092914219524,0.33624757685198,0.6604526525087,0.6604526525087,"social_isolation_avg"
"15588","TADA2A","Exc L4-5 RORB IL1RAPL2",0.0551373757449401,5.25503974092628,6.80988178920585,0.00989748157161181,0.0977160304858251,0.0977160304858251,"social_isolation_avg"
"15589","DUSP14","Exc L4-5 RORB IL1RAPL2",-0.00734456630551796,3.06222208168367,0.0245786897901834,0.87561277185778,0.970500479269633,0.970500479269633,"social_isolation_avg"
"15590","SYNRG","Exc L4-5 RORB IL1RAPL2",-0.00211374515852883,5.83867261052222,0.0145498495026987,0.904136338361749,0.978397583639639,0.978397583639639,"social_isolation_avg"
"15591","DDX52","Exc L4-5 RORB IL1RAPL2",-0.00606987038188525,4.81275951055496,0.0610688239301848,0.80512118968722,0.946074899395844,0.946074899395844,"social_isolation_avg"
"15592","AC243585.2","Exc L4-5 RORB IL1RAPL2",-0.0525368558414704,0.108462629452483,0.183563486923451,0.72396301083493,0.910112559166016,0.910112559166016,"social_isolation_avg"
"15593","AC243571.2","Exc L4-5 RORB IL1RAPL2",0.155768470253975,1.41530586544303,3.52782710342152,0.0621078353306389,0.283217669142411,0.283217669142411,"social_isolation_avg"
"15594","TBC1D3L","Exc L4-5 RORB IL1RAPL2",-0.146729243733427,0.279596625970021,0.66899291361631,0.414580403153757,0.723908804731658,0.723908804731658,"social_isolation_avg"
"15595","TBC1D3D","Exc L4-5 RORB IL1RAPL2",0.190414029972937,0.841906155550116,0.189169670571483,0.664175903429044,0.880856527610023,0.880856527610023,"social_isolation_avg"
"15596","TBC1D3","Exc L4-5 RORB IL1RAPL2",1.03169723402431,-0.297898058970067,5.15416521155259,0.0244821051277126,0.16642703830904,0.16642703830904,"social_isolation_avg"
"15597","MRPL45","Exc L4-5 RORB IL1RAPL2",0.0255592556528701,4.60838906861183,0.780350525012564,0.378316921403019,0.696802851466931,0.696802851466931,"social_isolation_avg"
"15598","GPR179","Exc L4-5 RORB IL1RAPL2",-0.0600798292253391,1.00810795001136,0.40219001265582,0.595110420704762,0.843325664331546,0.843325664331546,"social_isolation_avg"
"15599","SOCS7","Exc L4-5 RORB IL1RAPL2",0.00549176704255215,6.02819814168595,0.0992963594437657,0.753073114928113,0.924589402789535,0.924589402789535,"social_isolation_avg"
"15600","ARHGAP23","Exc L4-5 RORB IL1RAPL2",0.0544118440255266,4.15518412754692,2.67331693322409,0.103946065262435,0.373134964887617,0.373134964887617,"social_isolation_avg"
"15601","SRCIN1","Exc L4-5 RORB IL1RAPL2",0.000631716591080502,7.04041610258297,0.00114036353818224,0.973101884614443,0.99572295699374,0.99572295699374,"social_isolation_avg"
"15602","AC006449.1","Exc L4-5 RORB IL1RAPL2",0.129763097787049,-0.631793805773784,0.398591560962631,0.528689602415176,0.806460493977551,0.806460493977551,"social_isolation_avg"
"15603","EPOP","Exc L4-5 RORB IL1RAPL2",-0.0890614676134917,2.73150967444317,2.65850049541126,0.104901775459149,0.374821458325754,0.374821458325754,"social_isolation_avg"
"15604","AC006449.6","Exc L4-5 RORB IL1RAPL2",-0.201923541784632,-0.240872072350094,2.11272510417206,0.147974907313289,0.444481670233746,0.444481670233746,"social_isolation_avg"
"15605","MLLT6","Exc L4-5 RORB IL1RAPL2",8.98821984652862e-05,5.07320832000507,1.6939491210644e-05,0.996721069787935,0.999517208019121,0.999517208019121,"social_isolation_avg"
"15606","CISD3","Exc L4-5 RORB IL1RAPL2",-0.088164990415169,2.88737341927182,4.3060862170242,0.0395253972011526,0.220477606262679,0.220477606262679,"social_isolation_avg"
"15607","PCGF2","Exc L4-5 RORB IL1RAPL2",0.0105145598903316,3.91084965156988,0.129681027436842,0.719222698494667,0.908560066645587,0.908560066645587,"social_isolation_avg"
"15608","AC006449.5","Exc L4-5 RORB IL1RAPL2",0.041800836187782,0.106328570407526,0.127725134532284,0.721258341414748,0.909296979182147,0.909296979182147,"social_isolation_avg"
"15609","PSMB3","Exc L4-5 RORB IL1RAPL2",-0.0602403069221804,3.86082343932433,3.16118534041474,0.0772468986833105,0.31905447936846,0.31905447936846,"social_isolation_avg"
"15610","PIP4K2B","Exc L4-5 RORB IL1RAPL2",-0.00952974435991765,6.53903320030482,0.180994760512409,0.671073111561396,0.884298267656223,0.884298267656223,"social_isolation_avg"
"15611","CWC25","Exc L4-5 RORB IL1RAPL2",0.0511558052951305,4.21235170512089,2.47182555599366,0.117815392080222,0.396511034071482,0.396511034071482,"social_isolation_avg"
"15612","RPL23","Exc L4-5 RORB IL1RAPL2",-0.0792065946417413,4.55066385930387,4.85457420927496,0.0289558329803911,0.183819282507961,0.183819282507961,"social_isolation_avg"
"15613","LASP1","Exc L4-5 RORB IL1RAPL2",-0.0222037453190236,5.22648468778723,0.971994953637351,0.325624050849488,0.652662358699487,0.652662358699487,"social_isolation_avg"
"15614","LINC00672","Exc L4-5 RORB IL1RAPL2",-0.0676633752930235,4.41037402314798,5.95217812201406,0.0157559445001645,0.12772846010609,0.12772846010609,"social_isolation_avg"
"15615","FBXO47","Exc L4-5 RORB IL1RAPL2",-0.144990025172181,-0.169690510129639,0.930655878264181,0.336101787959506,0.660427312956927,0.660427312956927,"social_isolation_avg"
"15616","PLXDC1","Exc L4-5 RORB IL1RAPL2",0.0223600898587742,4.97696092135245,0.546911387384374,0.460631409826639,0.758569331256661,0.758569331256661,"social_isolation_avg"
"15617","ARL5C","Exc L4-5 RORB IL1RAPL2",0.0541080961697615,0.132044407753474,0.160655863213196,0.689071007544926,0.893165834670293,0.893165834670293,"social_isolation_avg"
"15618","CACNB1","Exc L4-5 RORB IL1RAPL2",-0.0420990989524016,4.98442359555598,2.37241490494233,0.12540803451484,0.40815844516343,0.40815844516343,"social_isolation_avg"
"15619","RPL19","Exc L4-5 RORB IL1RAPL2",-0.082334635742925,5.24848642844657,4.13279022742038,0.0436598581434908,0.233160648019472,0.233160648019472,"social_isolation_avg"
"15620","STAC2","Exc L4-5 RORB IL1RAPL2",-0.0167240358577042,5.33281297828002,0.35924534849398,0.549746282478589,0.816643784119922,0.816643784119922,"social_isolation_avg"
"15621","FBXL20","Exc L4-5 RORB IL1RAPL2",0.073896983858444,7.74716274686069,24.9521028688122,1.48307415294645e-06,0.00042839113445171,0.00042839113445171,"social_isolation_avg"
"15622","AC005288.1","Exc L4-5 RORB IL1RAPL2",0.0934752096239857,0.88298154570868,1.05012756987542,0.306975033885371,0.636943523446061,0.636943523446061,"social_isolation_avg"
"15623","MED1","Exc L4-5 RORB IL1RAPL2",0.050861929211506,4.48622851727833,4.0441454078509,0.0459500983205924,0.240770371178047,0.240770371178047,"social_isolation_avg"
"15624","CDK12","Exc L4-5 RORB IL1RAPL2",0.0413518235598005,6.43533480338106,8.94235204137431,0.00321251008251621,0.0499046824887432,0.0499046824887432,"social_isolation_avg"
"15625","AC009283.1","Exc L4-5 RORB IL1RAPL2",0.250551506701225,1.40132683734727,18.0904981034055,3.51659531577192e-05,0.0030521788976936,0.0030521788976936,"social_isolation_avg"
"15626","NEUROD2","Exc L4-5 RORB IL1RAPL2",-0.0136206127963315,6.28720248414812,0.16772668714245,0.682670346699062,0.889766288322486,0.889766288322486,"social_isolation_avg"
"15627","PPP1R1B","Exc L4-5 RORB IL1RAPL2",-0.156962835573501,4.31481085711816,14.6877339598316,0.00017999033071745,0.00814736135766714,0.00814736135766714,"social_isolation_avg"
"15628","STARD3","Exc L4-5 RORB IL1RAPL2",0.0614880362412813,4.78795250345419,6.32371140721503,0.012868749722229,0.114046516942452,0.114046516942452,"social_isolation_avg"
"15629","TCAP","Exc L4-5 RORB IL1RAPL2",0.0896866989493739,2.0666749577281,1.82089400225083,0.179052223450436,0.485364916891934,0.485364916891934,"social_isolation_avg"
"15630","PNMT","Exc L4-5 RORB IL1RAPL2",-0.0653838932078652,1.30194794312436,0.590075748936575,0.443485844027558,0.745245107620929,0.745245107620929,"social_isolation_avg"
"15631","PGAP3","Exc L4-5 RORB IL1RAPL2",-0.0461963350703849,3.64620553742778,1.29662941265048,0.256477420544379,0.584780894098397,0.584780894098397,"social_isolation_avg"
"15632","ERBB2","Exc L4-5 RORB IL1RAPL2",0.00161339997716424,0.900938080274805,0.000434538760003436,0.983393969011409,0.998104852196972,0.998104852196972,"social_isolation_avg"
"15633","MIEN1","Exc L4-5 RORB IL1RAPL2",-0.143395219223025,4.13199223420888,12.0709791048699,0.000654010257544088,0.0178564618802189,0.0178564618802189,"social_isolation_avg"
"15634","GRB7","Exc L4-5 RORB IL1RAPL2",0.0180260290198917,2.09259789263205,0.0521271302436355,0.81968459776131,0.952071962814104,0.952071962814104,"social_isolation_avg"
"15635","IKZF3","Exc L4-5 RORB IL1RAPL2",0.160923896018672,1.72700530291672,2.72004248343194,0.100994524296478,0.367994517638568,0.367994517638568,"social_isolation_avg"
"15636","GSDMB","Exc L4-5 RORB IL1RAPL2",0.0141733835975616,4.77457182977234,0.229780877869161,0.632319932936255,0.864273210099576,0.864273210099576,"social_isolation_avg"
"15637","ORMDL3","Exc L4-5 RORB IL1RAPL2",-0.0863476974255737,2.95415652349408,3.2965018001568,0.071239849895449,0.306138814415578,0.306138814415578,"social_isolation_avg"
"15638","GSDMA","Exc L4-5 RORB IL1RAPL2",0.196472042996104,0.425560115235506,3.54752077787805,0.0613908096144375,0.281742447379774,0.281742447379774,"social_isolation_avg"
"15639","PSMD3","Exc L4-5 RORB IL1RAPL2",-0.0746710767081294,5.0642797955641,10.831188071562,0.00122014520085872,0.0268446131923813,0.0268446131923813,"social_isolation_avg"
"15640","MED24","Exc L4-5 RORB IL1RAPL2",-0.0373094083233222,5.19758244864428,3.03570610043415,0.083311017414428,0.332038005442399,0.332038005442399,"social_isolation_avg"
"15641","THRA","Exc L4-5 RORB IL1RAPL2",-0.0665535641882045,5.79606577280014,8.23280260691106,0.00465152114395707,0.0627756287908786,0.0627756287908786,"social_isolation_avg"
"15642","NR1D1","Exc L4-5 RORB IL1RAPL2",-0.034417803161361,5.28095148807806,0.780650253172209,0.378225576003866,0.696802851466931,0.696802851466931,"social_isolation_avg"
"15643","MSL1","Exc L4-5 RORB IL1RAPL2",-0.00644962869842352,5.6139585868721,0.102701395564902,0.74901638929886,0.922531337646578,0.922531337646578,"social_isolation_avg"
"15644","CASC3","Exc L4-5 RORB IL1RAPL2",0.0208072564571325,5.59605559475643,1.05084768194113,0.306809764079861,0.636943523446061,0.636943523446061,"social_isolation_avg"
"15645","RAPGEFL1","Exc L4-5 RORB IL1RAPL2",0.0357980096140534,5.79530822286601,3.16608442107916,0.0770200820632927,0.318604497752418,0.318604497752418,"social_isolation_avg"
"15646","WIPF2","Exc L4-5 RORB IL1RAPL2",-0.00213193598849673,6.77012383577206,0.0210887757386206,0.884714298039462,0.97363341087679,0.97363341087679,"social_isolation_avg"
"15647","CDC6","Exc L4-5 RORB IL1RAPL2",0.0108477127576197,0.807982934394777,0.018942792950687,0.890698125293961,0.974706512053996,0.974706512053996,"social_isolation_avg"
"15648","RARA","Exc L4-5 RORB IL1RAPL2",-0.0330202643935881,2.91182417214927,0.549625311705225,0.459522802213175,0.7578998752971,0.7578998752971,"social_isolation_avg"
"15649","RARA-AS1","Exc L4-5 RORB IL1RAPL2",-0.108022431836272,0.294303742912131,0.911164369442437,0.363660414510026,0.682892291774962,0.682892291774962,"social_isolation_avg"
"15650","IGFBP4","Exc L4-5 RORB IL1RAPL2",-0.106552368901678,-0.357613999545011,0.290074317390187,0.590897465964924,0.841705258866395,0.841705258866395,"social_isolation_avg"
"15651","SMARCE1","Exc L4-5 RORB IL1RAPL2",0.178839154135745,1.27873448654357,5.14169275012994,0.0246530774711304,0.166983186091072,0.166983186091072,"social_isolation_avg"
"15652","AC073508.2","Exc L4-5 RORB IL1RAPL2",-0.0489696712305172,2.46049216740225,1.05030411450498,0.306934505144267,0.636943523446061,0.636943523446061,"social_isolation_avg"
"15653","AC073508.3","Exc L4-5 RORB IL1RAPL2",0.0415362245018921,-0.0517916264311772,0.117119634828212,0.732614465971381,0.914366643182355,0.914366643182355,"social_isolation_avg"
"15654","KRT222","Exc L4-5 RORB IL1RAPL2",-0.397714915814832,-0.51658167888054,5.72150782399624,0.0178809590635361,0.139785484388952,0.139785484388952,"social_isolation_avg"
"15655","KRT10","Exc L4-5 RORB IL1RAPL2",-0.0500769680515801,4.24874010835251,1.48592889248476,0.224585911398813,0.545633028964682,0.545633028964682,"social_isolation_avg"
"15656","TMEM99","Exc L4-5 RORB IL1RAPL2",-0.0533242930852869,1.90090611255874,0.724298781588496,0.515326934647708,0.797798929241836,0.797798929241836,"social_isolation_avg"
"15657","AC004231.1","Exc L4-5 RORB IL1RAPL2",0.0492417702100233,0.817824174572603,0.203909774596696,0.652175238711682,0.874357520843458,0.874357520843458,"social_isolation_avg"
"15658","KRT31","Exc L4-5 RORB IL1RAPL2",0.0945540281473076,-0.0832585340898526,0.476829510188648,0.490830417136346,0.78089037011468,0.78089037011468,"social_isolation_avg"
"15659","KRT17","Exc L4-5 RORB IL1RAPL2",0.0655683191345508,1.98681092356092,0.595020063242896,0.441585720195144,0.743944743283085,0.743944743283085,"social_isolation_avg"
"15660","EIF1","Exc L4-5 RORB IL1RAPL2",-0.0904415320499779,7.02373799726846,9.24198035505849,0.00275077087378626,0.045479249260089,0.045479249260089,"social_isolation_avg"
"15661","HAP1","Exc L4-5 RORB IL1RAPL2",0.0672220437248096,1.96889021976869,0.579456028995879,0.447610226792291,0.748496076105784,0.748496076105784,"social_isolation_avg"
"15662","JUP","Exc L4-5 RORB IL1RAPL2",0.166236127057265,1.36835168086458,2.85805082194341,0.0928024116426878,0.352876694270759,0.352876694270759,"social_isolation_avg"
"15663","P3H4","Exc L4-5 RORB IL1RAPL2",-0.00254986235555016,3.65186127203152,0.00380349063970746,0.950898189818477,0.989392111770647,0.989392111770647,"social_isolation_avg"
"15664","NT5C3B","Exc L4-5 RORB IL1RAPL2",-0.0729692505318036,4.48790131375572,6.86052996652254,0.00963185069751716,0.0966947005744643,0.0966947005744643,"social_isolation_avg"
"15665","KLHL10","Exc L4-5 RORB IL1RAPL2",0.0276438709834598,0.127979955261156,0.0630977260487064,0.801977194213508,0.945011595334674,0.945011595334674,"social_isolation_avg"
"15666","KLHL11","Exc L4-5 RORB IL1RAPL2",-0.00807285439371594,2.3080377960325,0.0188869746462608,0.970000523885029,0.994659153320317,0.994659153320317,"social_isolation_avg"
"15667","ACLY","Exc L4-5 RORB IL1RAPL2",-0.0698131134237657,4.43991411019224,5.30686992924642,0.0224867128611372,0.158876435416571,0.158876435416571,"social_isolation_avg"
"15668","TTC25","Exc L4-5 RORB IL1RAPL2",0.135824957624566,3.25922172256935,14.3467526103135,0.000212554170384751,0.00901960807456677,0.00901960807456677,"social_isolation_avg"
"15669","CNP","Exc L4-5 RORB IL1RAPL2",-0.0712747946440997,3.19798319401567,0.116260358896063,0.733559367715072,0.914639407644638,0.914639407644638,"social_isolation_avg"
"15670","DNAJC7","Exc L4-5 RORB IL1RAPL2",-0.0236203172235011,5.80608763914953,1.42166677452187,0.234838126666219,0.558002284899099,0.558002284899099,"social_isolation_avg"
"15671","NKIRAS2","Exc L4-5 RORB IL1RAPL2",-0.0479079902570567,3.07901186600598,1.38851758204552,0.280516483837062,0.611659468199438,0.611659468199438,"social_isolation_avg"
"15672","ZNF385C","Exc L4-5 RORB IL1RAPL2",0.0352740535329849,0.916584220883826,0.169550861848289,0.943994222293024,0.988051457597129,0.988051457597129,"social_isolation_avg"
"15673","DHX58","Exc L4-5 RORB IL1RAPL2",-0.082150927146569,2.17809367146516,1.73753117700735,0.189275657288232,0.499760635159175,0.499760635159175,"social_isolation_avg"
"15674","KAT2A","Exc L4-5 RORB IL1RAPL2",0.0273193512659779,5.81056199532034,0.720571243996707,0.397184244899666,0.711187952848166,0.711187952848166,"social_isolation_avg"
"15675","HSPB9","Exc L4-5 RORB IL1RAPL2",-0.338577596268543,-0.271803953172875,4.61783208540946,0.0330964806248173,0.198811335255336,0.198811335255336,"social_isolation_avg"
"15676","KCNH4","Exc L4-5 RORB IL1RAPL2",-0.070384231303426,2.65562957987917,1.01648789800645,0.314827117120202,0.643357153367679,0.643357153367679,"social_isolation_avg"
"15677","HCRT","Exc L4-5 RORB IL1RAPL2",-0.0728792601806926,0.712355583353364,0.421067577935687,0.517305354260198,0.799015070037323,0.799015070037323,"social_isolation_avg"
"15678","GHDC","Exc L4-5 RORB IL1RAPL2",0.0283308671470573,2.64601907773611,0.394447938792254,0.915171609373373,0.982020190605886,0.982020190605886,"social_isolation_avg"
"15679","STAT5B","Exc L4-5 RORB IL1RAPL2",-0.0461550609437094,5.39204654168627,5.59113037519547,0.0192122811784745,0.145173950550286,0.145173950550286,"social_isolation_avg"
"15680","STAT3","Exc L4-5 RORB IL1RAPL2",0.0016758308907088,5.16299742682329,0.0060336568679953,0.938179239975717,0.987739983912839,0.987739983912839,"social_isolation_avg"
"15681","ATP6V0A1","Exc L4-5 RORB IL1RAPL2",-0.0251088157005108,7.8357835291006,2.55304903292368,0.111991481374706,0.386564809853731,0.386564809853731,"social_isolation_avg"
"15682","NAGLU","Exc L4-5 RORB IL1RAPL2",0.0988731116636642,2.28611004931576,3.50752789546912,0.0628563414020919,0.285055467306315,0.285055467306315,"social_isolation_avg"
"15683","HSD17B1","Exc L4-5 RORB IL1RAPL2",-0.0753448491652351,1.06700326566156,1.12854514952671,0.351055027738767,0.671906212533577,0.671906212533577,"social_isolation_avg"
"15684","AC067852.2","Exc L4-5 RORB IL1RAPL2",-0.0581875940770297,1.46484030655968,0.721209311144474,0.396975776077266,0.711187952848166,0.711187952848166,"social_isolation_avg"
"15685","COASY","Exc L4-5 RORB IL1RAPL2",-0.0404627562185368,3.39932192517878,1.09565979851385,0.296748764052129,0.627363534478274,0.627363534478274,"social_isolation_avg"
"15686","MLX","Exc L4-5 RORB IL1RAPL2",0.0338322498140308,3.47115997397961,0.585758248598276,0.445155471900554,0.746634756123605,0.746634756123605,"social_isolation_avg"
"15687","PSMC3IP","Exc L4-5 RORB IL1RAPL2",0.0215336138290932,1.11593636053472,0.0756823559272727,0.783579703326833,0.937767967529855,0.937767967529855,"social_isolation_avg"
"15688","RETREG3","Exc L4-5 RORB IL1RAPL2",-0.0111299567826715,5.43476645581625,0.259110522546747,0.611410701018811,0.852117185969555,0.852117185969555,"social_isolation_avg"
"15689","TUBG1","Exc L4-5 RORB IL1RAPL2",-0.0763623208296968,3.55279466422721,4.23954234108276,0.0410616186882884,0.225624790232583,0.225624790232583,"social_isolation_avg"
"15690","TUBG2","Exc L4-5 RORB IL1RAPL2",-0.0272737109039247,5.52272784128059,1.12607608638305,0.290161868865198,0.621391594158332,0.621391594158332,"social_isolation_avg"
"15691","PLEKHH3","Exc L4-5 RORB IL1RAPL2",0.0910089029802779,3.45024079638461,4.04761127218396,0.0458581940326927,0.240431670679057,0.240431670679057,"social_isolation_avg"
"15692","CCR10","Exc L4-5 RORB IL1RAPL2",0.0303380820559528,2.95072116889053,0.324075141767734,0.569941620171115,0.829719581076992,0.829719581076992,"social_isolation_avg"
"15693","AC100793.2","Exc L4-5 RORB IL1RAPL2",-0.203877196183252,-0.2040532921431,1.29376255814984,0.257001798433777,0.585447992796232,0.585447992796232,"social_isolation_avg"
"15694","CNTNAP1","Exc L4-5 RORB IL1RAPL2",-0.03899736447636,5.58254218421765,1.5934151259725,0.208616935065884,0.526860788625411,0.526860788625411,"social_isolation_avg"
"15695","AC100793.3","Exc L4-5 RORB IL1RAPL2",0.0184046443657076,1.72228264382299,0.063678756716469,0.801086755720724,0.94461564733351,0.94461564733351,"social_isolation_avg"
"15696","EZH1","Exc L4-5 RORB IL1RAPL2",-0.0047603413261932,6.26068864447474,0.066110747118906,0.797405838645276,0.943241631073545,0.943241631073545,"social_isolation_avg"
"15697","AC100793.4","Exc L4-5 RORB IL1RAPL2",0.147706614385282,-0.119415032813276,1.10681168274514,0.294311597651812,0.62558144687006,0.62558144687006,"social_isolation_avg"
"15698","RAMP2-AS1","Exc L4-5 RORB IL1RAPL2",0.0011747084657192,0.975199955554137,0.000134482168423178,0.990761408071726,0.998822911403646,0.998822911403646,"social_isolation_avg"
"15699","RAMP2","Exc L4-5 RORB IL1RAPL2",-0.267862951917131,-0.404383316156527,2.54065212029587,0.112859286229915,0.388023686782573,0.388023686782573,"social_isolation_avg"
"15700","VPS25","Exc L4-5 RORB IL1RAPL2",-0.0109851425739436,2.4226292812534,0.047779190265305,0.827243357600147,0.954161930646283,0.954161930646283,"social_isolation_avg"
"15701","COA3","Exc L4-5 RORB IL1RAPL2",-0.137735314328149,3.98056784226443,14.7138809172854,0.000177713525664643,0.00808297504591518,0.00808297504591518,"social_isolation_avg"
"15702","CNTD1","Exc L4-5 RORB IL1RAPL2",0.018149060986261,1.51703708585272,0.0657742570839952,0.797910779032963,0.94343951658597,0.94343951658597,"social_isolation_avg"
"15703","BECN1","Exc L4-5 RORB IL1RAPL2",0.0446327572964493,4.58252379614355,2.5583057277862,0.111625743661378,0.386118957187738,0.386118957187738,"social_isolation_avg"
"15704","PSME3","Exc L4-5 RORB IL1RAPL2",-0.0584357227791599,3.98875052757959,4.02351941744475,0.0465011069184416,0.242182065511653,0.242182065511653,"social_isolation_avg"
"15705","AOC2","Exc L4-5 RORB IL1RAPL2",-0.108651077376427,1.60124573695394,2.332435115292,0.128614766584596,0.412810856411727,0.412810856411727,"social_isolation_avg"
"15706","AOC3","Exc L4-5 RORB IL1RAPL2",0.109148003776276,-0.250232031768437,0.632275778861718,0.460035940295056,0.758231339320011,0.758231339320011,"social_isolation_avg"
"15707","RUNDC1","Exc L4-5 RORB IL1RAPL2",-0.0684191963363608,4.88895803634216,5.15272661928412,0.0245017617550535,0.16642703830904,0.16642703830904,"social_isolation_avg"
"15708","RPL27","Exc L4-5 RORB IL1RAPL2",-0.0891036697396188,4.60566392969983,5.63571624603308,0.0187457309595706,0.143077751829123,0.143077751829123,"social_isolation_avg"
"15709","IFI35","Exc L4-5 RORB IL1RAPL2",0.199547935432032,0.207582097907656,3.10469023482289,0.0799155800829552,0.324481264109355,0.324481264109355,"social_isolation_avg"
"15710","VAT1","Exc L4-5 RORB IL1RAPL2",-0.0336425635434002,2.31304581862646,0.29631993798141,0.586932302046287,0.839667312378365,0.839667312378365,"social_isolation_avg"
"15711","RND2","Exc L4-5 RORB IL1RAPL2",-0.0637488742955746,2.29186541844839,1.22743585467418,0.269515778312104,0.599471907247622,0.599471907247622,"social_isolation_avg"
"15712","BRCA1","Exc L4-5 RORB IL1RAPL2",0.116547158387478,3.01067065354859,7.44348300185006,0.00705525471137116,0.0810117911451966,0.0810117911451966,"social_isolation_avg"
"15713","NBR1","Exc L4-5 RORB IL1RAPL2",0.0210287597180755,5.2431984373222,0.859598643755056,0.4120131095356,0.722158410886807,0.722158410886807,"social_isolation_avg"
"15714","TMEM106A","Exc L4-5 RORB IL1RAPL2",-0.145264999659991,1.08577298223394,2.4044850209269,0.122900439113525,0.403575010146999,0.403575010146999,"social_isolation_avg"
"15715","LINC00910","Exc L4-5 RORB IL1RAPL2",-0.0433435558931742,1.04037193325731,0.253084266612503,0.61558134594411,0.854166518525118,0.854166518525118,"social_isolation_avg"
"15716","ARL4D","Exc L4-5 RORB IL1RAPL2",-0.157526215016888,2.91422533875136,7.15870580014928,0.00821068563234581,0.0877708377681441,0.0877708377681441,"social_isolation_avg"
"15717","DHX8","Exc L4-5 RORB IL1RAPL2",0.0146025773485286,4.52609910358313,0.316143004364521,0.574696517901988,0.832487765102804,0.832487765102804,"social_isolation_avg"
"15718","ETV4","Exc L4-5 RORB IL1RAPL2",0.0781285968990678,2.07300747050719,1.17228352624181,0.280509421935369,0.611659468199438,0.611659468199438,"social_isolation_avg"
"15719","AC068675.1","Exc L4-5 RORB IL1RAPL2",0.0652395684090772,4.48817867907969,1.74631021395934,0.188167410364883,0.497785933546016,0.497785933546016,"social_isolation_avg"
"15720","MEOX1","Exc L4-5 RORB IL1RAPL2",0.168045055191238,0.484248916902202,2.40164877336367,0.306416646563302,0.636761051029571,0.636761051029571,"social_isolation_avg"
"15721","AC004149.1","Exc L4-5 RORB IL1RAPL2",0.122763707054351,0.114497127874888,0.744425925737285,0.389496858436,0.704557366966306,0.704557366966306,"social_isolation_avg"
"15722","DUSP3","Exc L4-5 RORB IL1RAPL2",-0.147142239818636,5.29832939132393,37.7519581171749,5.79829215019231e-09,2.26473185389197e-05,2.26473185389197e-05,"social_isolation_avg"
"15723","MPP3","Exc L4-5 RORB IL1RAPL2",0.0226086846544017,2.64684623197944,0.18416704921204,0.668375135314356,0.883098002651187,0.883098002651187,"social_isolation_avg"
"15724","MPP2","Exc L4-5 RORB IL1RAPL2",-0.0142703478362943,5.39140241873548,0.332270691004133,0.565109155624874,0.82681954327082,0.82681954327082,"social_isolation_avg"
"15725","LINC01976","Exc L4-5 RORB IL1RAPL2",-0.0687023999627371,0.788661551136417,0.472314835686834,0.492887270453787,0.781933995378596,0.781933995378596,"social_isolation_avg"
"15726","PYY","Exc L4-5 RORB IL1RAPL2",0.0576877671627142,2.492873842176,1.20844021991547,0.273239743820031,0.602982177842174,0.602982177842174,"social_isolation_avg"
"15727","TMEM101","Exc L4-5 RORB IL1RAPL2",-0.0211511178617756,2.53608714425795,0.174752360674449,0.676464870586668,0.88648706932151,0.88648706932151,"social_isolation_avg"
"15728","LSM12","Exc L4-5 RORB IL1RAPL2",-0.0133543858269334,4.67059328664967,0.37120640151386,0.543183906814315,0.813995208412957,0.813995208412957,"social_isolation_avg"
"15729","G6PC3","Exc L4-5 RORB IL1RAPL2",-0.0944903812011689,2.52221546913884,3.99742767141004,0.0664893348689505,0.293863718788744,0.293863718788744,"social_isolation_avg"
"15730","HDAC5","Exc L4-5 RORB IL1RAPL2",0.00105079786251729,5.71543340644058,0.00207517830391877,0.963720621252552,0.993059463823088,0.993059463823088,"social_isolation_avg"
"15731","C17orf53","Exc L4-5 RORB IL1RAPL2",0.176220881851245,0.766459804920305,3.89714213371081,0.0500345734359115,0.25211828601355,0.25211828601355,"social_isolation_avg"
"15732","ASB16","Exc L4-5 RORB IL1RAPL2",0.0915265912027466,0.557683663857554,0.943976857881534,0.375342100828305,0.694421422682346,0.694421422682346,"social_isolation_avg"
"15733","ASB16-AS1","Exc L4-5 RORB IL1RAPL2",0.00541147548141117,2.64023143516825,0.0144411423895663,0.904493388218949,0.978397583639639,0.978397583639639,"social_isolation_avg"
"15734","TMUB2","Exc L4-5 RORB IL1RAPL2",-0.0200902110538773,4.19007378323882,0.43772443853416,0.509144035608726,0.792942500124608,0.792942500124608,"social_isolation_avg"
"15735","ATXN7L3","Exc L4-5 RORB IL1RAPL2",0.00363359181075875,5.5000831889737,0.0150527687327994,0.902501842323926,0.978262943641483,0.978262943641483,"social_isolation_avg"
"15736","AC004596.1","Exc L4-5 RORB IL1RAPL2",0.050083488860448,0.359757121699713,0.247044915551667,0.619824011089163,0.85649184567646,0.85649184567646,"social_isolation_avg"
"15737","UBTF","Exc L4-5 RORB IL1RAPL2",-0.0420858764217055,4.69500629945796,1.76314627439004,0.186063275261765,0.49452215637419,0.49452215637419,"social_isolation_avg"
"15738","AC003102.1","Exc L4-5 RORB IL1RAPL2",0.00542021116697337,2.12614149417617,0.00694805282984657,0.933670142435029,0.986583286147705,0.986583286147705,"social_isolation_avg"
"15739","RUNDC3A-AS1","Exc L4-5 RORB IL1RAPL2",0.0131578059633254,3.23758026201115,0.0686532509297876,0.79363406352385,0.942443216133168,0.942443216133168,"social_isolation_avg"
"15740","RUNDC3A","Exc L4-5 RORB IL1RAPL2",-0.0494197855470341,6.48109163174178,5.56450153309111,0.0194966953661984,0.146403211613144,0.146403211613144,"social_isolation_avg"
"15741","SLC25A39","Exc L4-5 RORB IL1RAPL2",0.00678018597153009,4.70029238278415,0.0228312135350631,0.880081065641826,0.972210056224252,0.972210056224252,"social_isolation_avg"
"15742","GRN","Exc L4-5 RORB IL1RAPL2",-0.0400602344197633,3.51804085601893,1.25242186895399,0.270823746907611,0.600478593203957,0.600478593203957,"social_isolation_avg"
"15743","FAM171A2","Exc L4-5 RORB IL1RAPL2",-0.100504607872104,5.04708412350608,6.17541004842035,0.0139489361452221,0.119047280470793,0.119047280470793,"social_isolation_avg"
"15744","ITGA2B","Exc L4-5 RORB IL1RAPL2",0.0666348718665521,3.95310674563857,3.05854448443051,0.082169818029133,0.329532667852739,0.329532667852739,"social_isolation_avg"
"15745","GPATCH8","Exc L4-5 RORB IL1RAPL2",0.0269684510901855,8.8954131170888,2.69046489371011,0.102851953259154,0.371434410911867,0.371434410911867,"social_isolation_avg"
"15746","MEIOC","Exc L4-5 RORB IL1RAPL2",0.080639108403099,1.52634123560652,1.65239507461101,0.200431308486437,0.514776813882432,0.514776813882432,"social_isolation_avg"
"15747","CCDC43","Exc L4-5 RORB IL1RAPL2",0.00866459219927158,3.77064218419343,0.0827390780126125,0.773979559970452,0.934046660150484,0.934046660150484,"social_isolation_avg"
"15748","DBF4B","Exc L4-5 RORB IL1RAPL2",0.0643655741673516,4.54555272300709,2.58655885305152,0.109682586827533,0.382863059412556,0.382863059412556,"social_isolation_avg"
"15749","ADAM11","Exc L4-5 RORB IL1RAPL2",-0.045302779461337,6.40811650985422,4.05449891385559,0.0456761344776752,0.239866261574269,0.239866261574269,"social_isolation_avg"
"15750","GJC1","Exc L4-5 RORB IL1RAPL2",0.0355722143157581,4.3240149540409,0.510380457747467,0.475981863384214,0.769562875226042,0.769562875226042,"social_isolation_avg"
"15751","HIGD1B","Exc L4-5 RORB IL1RAPL2",0.0283015238723574,0.324887718779314,0.0566005713024666,0.908773114030994,0.979789912738947,0.979789912738947,"social_isolation_avg"
"15752","EFTUD2","Exc L4-5 RORB IL1RAPL2",-0.00589304846344039,5.13628509398193,0.0731027855137335,0.787208852211877,0.939315763970044,0.939315763970044,"social_isolation_avg"
"15753","GFAP","Exc L4-5 RORB IL1RAPL2",-0.480895453273404,-0.0302282566200868,1.35092504612667,0.246791847159224,0.572739916607345,0.572739916607345,"social_isolation_avg"
"15754","DCAKD","Exc L4-5 RORB IL1RAPL2",0.0390204934863079,5.00090952924626,1.79297891603075,0.182402096817043,0.489071684994218,0.489071684994218,"social_isolation_avg"
"15755","NMT1","Exc L4-5 RORB IL1RAPL2",-0.0178816513579919,6.31466202256175,0.571990523200713,0.450545540194015,0.751478505466409,0.751478505466409,"social_isolation_avg"
"15756","PLCD3","Exc L4-5 RORB IL1RAPL2",-0.0853368521984489,1.95215967800157,2.03202784015083,0.155900600073175,0.455285577092845,0.455285577092845,"social_isolation_avg"
"15757","ACBD4","Exc L4-5 RORB IL1RAPL2",0.0306595083428499,3.76259225344697,1.02145148679905,0.313652091585699,0.642373438801511,0.642373438801511,"social_isolation_avg"
"15758","AC142472.1","Exc L4-5 RORB IL1RAPL2",-0.2003739859822,0.592474401530304,4.76771197306712,0.0952995858659518,0.357274314279706,0.357274314279706,"social_isolation_avg"
"15759","HEXIM1","Exc L4-5 RORB IL1RAPL2",-0.132996180971501,4.67445684066399,14.1261383555505,0.000236764913931244,0.0095722840523356,0.0095722840523356,"social_isolation_avg"
"15760","AC138150.1","Exc L4-5 RORB IL1RAPL2",-0.00447218367380845,3.48308182832911,0.00937007529848588,0.923003164765938,0.983618297974447,0.983618297974447,"social_isolation_avg"
"15761","HEXIM2","Exc L4-5 RORB IL1RAPL2",-0.0932351635963058,1.99829508963325,2.38960038866528,0.126607864613928,0.409538970165627,0.409538970165627,"social_isolation_avg"
"15762","AC008105.3","Exc L4-5 RORB IL1RAPL2",0.0507149266947755,4.88334766847113,2.67853894765831,0.103611523736153,0.372586956329437,0.372586956329437,"social_isolation_avg"
"15763","FMNL1","Exc L4-5 RORB IL1RAPL2",-0.0477719802766157,3.83560183258687,2.0538735022132,0.153708169177369,0.452940872463207,0.452940872463207,"social_isolation_avg"
"15764","AC008105.1","Exc L4-5 RORB IL1RAPL2",-0.0341402202441109,2.97316831688082,0.532309055423583,0.466670313771614,0.762444435443633,0.762444435443633,"social_isolation_avg"
"15765","MAP3K14-AS1","Exc L4-5 RORB IL1RAPL2",0.171483723131456,0.0682650848444513,1.84631458187942,0.176063889496963,0.482128467212214,0.482128467212214,"social_isolation_avg"
"15766","MAP3K14","Exc L4-5 RORB IL1RAPL2",0.000484556094740234,3.75282469293098,0.000224970571910132,0.988051051206985,0.998787747693845,0.998787747693845,"social_isolation_avg"
"15767","ARHGAP27","Exc L4-5 RORB IL1RAPL2",-0.0109976890746459,1.84763722887768,0.0208733263831185,0.885300575248642,0.973660414670342,0.973660414670342,"social_isolation_avg"
"15768","PLEKHM1","Exc L4-5 RORB IL1RAPL2",-0.04846704441933,4.84550457270897,2.8036752048502,0.0959395132239436,0.358678429106943,0.358678429106943,"social_isolation_avg"
"15769","AC091132.2","Exc L4-5 RORB IL1RAPL2",-0.0585663055066426,0.383452959788692,0.279244210235435,0.597905784244941,0.84500382080555,0.84500382080555,"social_isolation_avg"
"15770","AC091132.5","Exc L4-5 RORB IL1RAPL2",0.15647295167123,0.647434831610758,1.53521400344382,0.217088070017532,0.536919280955755,0.536919280955755,"social_isolation_avg"
"15771","LINC02210-CRHR1","Exc L4-5 RORB IL1RAPL2",0.0413421966442706,6.48529049434352,3.31596910725544,0.0704180979504167,0.303780399297728,0.303780399297728,"social_isolation_avg"
"15772","MAPT-AS1","Exc L4-5 RORB IL1RAPL2",0.0102004972714761,3.60302369742388,0.0355517073553603,0.850675557201207,0.961873912835597,0.961873912835597,"social_isolation_avg"
"15773","MAPT","Exc L4-5 RORB IL1RAPL2",0.00568955602913686,8.57732956093096,0.0663870980671519,0.796992167598337,0.943200450533408,0.943200450533408,"social_isolation_avg"
"15774","KANSL1","Exc L4-5 RORB IL1RAPL2",0.0237065991463441,8.18596878650033,0.290792719717452,0.590438579766348,0.841495056324124,0.841495056324124,"social_isolation_avg"
"15775","KANSL1-AS1","Exc L4-5 RORB IL1RAPL2",-0.0946488570541741,0.660267957512883,0.562552361736341,0.454299903402356,0.75312675269787,0.75312675269787,"social_isolation_avg"
"15776","ARL17B","Exc L4-5 RORB IL1RAPL2",0.0235571945834403,5.93390761684643,0.0178878741108019,0.893766474486659,0.975474727711369,0.975474727711369,"social_isolation_avg"
"15777","LRRC37A","Exc L4-5 RORB IL1RAPL2",0.216053112300867,3.07484738477907,3.48207007929102,0.0638088095540719,0.287349041303923,0.287349041303923,"social_isolation_avg"
"15778","LRRC37A2","Exc L4-5 RORB IL1RAPL2",-0.0149287467958726,5.15117174459407,0.0131123483388839,0.908973156779152,0.979814339396019,0.979814339396019,"social_isolation_avg"
"15779","ARL17A","Exc L4-5 RORB IL1RAPL2",0.115656550737578,4.53850455899957,1.1710379817717,0.280764194329263,0.61180920429621,0.61180920429621,"social_isolation_avg"
"15780","NSF","Exc L4-5 RORB IL1RAPL2",0.0305285957712245,8.45576431844301,0.542272354155978,0.462536300662685,0.75982369724246,0.75982369724246,"social_isolation_avg"
"15781","WNT3","Exc L4-5 RORB IL1RAPL2",-0.0443002651723493,3.74290439948084,1.22015194251895,0.270936138808584,0.600478593203957,0.600478593203957,"social_isolation_avg"
"15782","WNT9B","Exc L4-5 RORB IL1RAPL2",0.166823214370902,0.546311064845643,2.34762001303979,0.127386091140048,0.41064815858142,0.41064815858142,"social_isolation_avg"
"15783","AC005670.1","Exc L4-5 RORB IL1RAPL2",-0.0276074628287731,0.539087098220882,0.0730121350198763,0.822692174102978,0.953227927203764,0.953227927203764,"social_isolation_avg"
"15784","AC005670.2","Exc L4-5 RORB IL1RAPL2",0.0663172906774989,6.00950812874408,2.84708669340689,0.0934257899290301,0.353820729170297,0.353820729170297,"social_isolation_avg"
"15785","RPRML","Exc L4-5 RORB IL1RAPL2",-0.0574016316038949,4.68202188070894,1.48109682007452,0.225337703047277,0.546827584886179,0.546827584886179,"social_isolation_avg"
"15786","CDC27","Exc L4-5 RORB IL1RAPL2",0.0497062213656356,7.33427235141356,12.7057218174226,0.000476788717516764,0.0146567196263693,0.0146567196263693,"social_isolation_avg"
"15787","AC068234.1","Exc L4-5 RORB IL1RAPL2",-0.128221231514844,0.295895423050327,1.02879008546805,0.311925367256509,0.640881075140314,0.640881075140314,"social_isolation_avg"
"15788","AC068234.2","Exc L4-5 RORB IL1RAPL2",-0.0293295246156652,1.53032159099437,0.159199085101644,0.690409960575908,0.893676052256912,0.893676052256912,"social_isolation_avg"
"15789","EFCAB13","Exc L4-5 RORB IL1RAPL2",0.313348785782736,3.55838799511873,8.80109171898278,0.00345711931827266,0.0522461298890073,0.0522461298890073,"social_isolation_avg"
"15790","AC040934.1","Exc L4-5 RORB IL1RAPL2",0.0232239349704094,3.39727212533182,0.230455622231481,0.631820841387164,0.863964886889248,0.863964886889248,"social_isolation_avg"
"15791","NPEPPS","Exc L4-5 RORB IL1RAPL2",0.00887968463173291,7.3639698097562,0.389541246558724,0.533401067320874,0.809278084207705,0.809278084207705,"social_isolation_avg"
"15792","AC025682.1","Exc L4-5 RORB IL1RAPL2",0.0326702404434276,4.66125394915357,1.07850770760068,0.300548366529609,0.631440864853951,0.631440864853951,"social_isolation_avg"
"15793","KPNB1","Exc L4-5 RORB IL1RAPL2",0.0152495100952864,6.57256563571325,0.940711115887333,0.333512083617181,0.65829379321784,0.65829379321784,"social_isolation_avg"
"15794","TBKBP1","Exc L4-5 RORB IL1RAPL2",0.00378174576588422,3.92279115934087,0.0138203978271357,0.906558876779207,0.979233949236231,0.979233949236231,"social_isolation_avg"
"15795","OSBPL7","Exc L4-5 RORB IL1RAPL2",-0.0342031751916075,3.67396941437306,1.00295506806504,0.318060314976591,0.645854275661959,0.645854275661959,"social_isolation_avg"
"15796","MRPL10","Exc L4-5 RORB IL1RAPL2",-0.0771002833419405,3.53664139482194,3.76946753718699,0.0538967432246163,0.263305003499345,0.263305003499345,"social_isolation_avg"
"15797","LRRC46","Exc L4-5 RORB IL1RAPL2",-0.293748828785176,-0.567791955105187,2.96284039422672,0.0870690926096617,0.340403846804227,0.340403846804227,"social_isolation_avg"
"15798","SCRN2","Exc L4-5 RORB IL1RAPL2",0.0273033509283382,3.36775781592916,0.323538802107321,0.570260685871133,0.829737191430921,0.829737191430921,"social_isolation_avg"
"15799","SP2","Exc L4-5 RORB IL1RAPL2",-0.0103356870416128,3.06855184433514,0.0729568708446999,0.787416177110677,0.939315763970044,0.939315763970044,"social_isolation_avg"
"15800","SP2-AS1","Exc L4-5 RORB IL1RAPL2",0.0444061267855641,2.32998918320385,0.720365508417747,0.397251496559467,0.711241064193951,0.711241064193951,"social_isolation_avg"
"15801","PNPO","Exc L4-5 RORB IL1RAPL2",-0.0216628232825452,3.91750195252783,0.338868975513808,0.561275925820332,0.82427055203714,0.82427055203714,"social_isolation_avg"
"15802","AC018521.2","Exc L4-5 RORB IL1RAPL2",-0.0572907226598966,0.230389617877488,0.213521030829813,0.64462914879783,0.86982519646164,0.86982519646164,"social_isolation_avg"
"15803","CDK5RAP3","Exc L4-5 RORB IL1RAPL2",0.0391522971989574,5.114376843312,1.06454258101762,0.303688664500257,0.63471702430237,0.63471702430237,"social_isolation_avg"
"15804","NFE2L1","Exc L4-5 RORB IL1RAPL2",-0.0737954994403881,5.86167947741401,8.66871749309223,0.00370372121686987,0.0548231078594626,0.0548231078594626,"social_isolation_avg"
"15805","AC004477.3","Exc L4-5 RORB IL1RAPL2",-0.03822164447397,-0.342648014117938,0.0634703296823244,0.801405674375881,0.944762793563814,0.944762793563814,"social_isolation_avg"
"15806","CBX1","Exc L4-5 RORB IL1RAPL2",-0.0314532290413993,5.17866678856432,1.59010841165672,0.209087518825715,0.527181961164699,0.527181961164699,"social_isolation_avg"
"15807","SNX11","Exc L4-5 RORB IL1RAPL2",-0.0321986821066546,2.82404632322531,0.705187621541752,0.402258973037407,0.714658901219765,0.714658901219765,"social_isolation_avg"
"15808","SKAP1","Exc L4-5 RORB IL1RAPL2",-0.120418346271984,1.9193188657072,1.57650017806112,0.211037505464204,0.529440551695598,0.529440551695598,"social_isolation_avg"
"15809","SKAP1-AS1","Exc L4-5 RORB IL1RAPL2",0.327503929545899,-0.640445798053441,4.03556108665792,0.04617857352358,0.241299306721805,0.241299306721805,"social_isolation_avg"
"15810","LINC02086","Exc L4-5 RORB IL1RAPL2",-0.119519456761783,-0.288791038646902,0.710289234893316,0.400565639898944,0.713461590184309,0.713461590184309,"social_isolation_avg"
"15811","TTLL6","Exc L4-5 RORB IL1RAPL2",0.0343726360580974,2.28060311711655,0.255731414966437,0.613741707093307,0.853491609577574,0.853491609577574,"social_isolation_avg"
"15812","CALCOCO2","Exc L4-5 RORB IL1RAPL2",0.102036234222278,5.90346648955507,20.4121697873869,1.18375994483686e-05,0.00153215447945748,0.00153215447945748,"social_isolation_avg"
"15813","ATP5MC1","Exc L4-5 RORB IL1RAPL2",-0.10658261873392,4.52434450491144,9.00916354786586,0.00310308265899498,0.0489686630449075,0.0489686630449075,"social_isolation_avg"
"15814","UBE2Z","Exc L4-5 RORB IL1RAPL2",-0.0404914184966421,5.61137256077883,2.50521770193357,0.115381253875303,0.392180879075701,0.392180879075701,"social_isolation_avg"
"15815","SNF8","Exc L4-5 RORB IL1RAPL2",-0.0265469339606898,4.8398849373248,1.05134093497888,0.306696626699426,0.636854181292348,0.636854181292348,"social_isolation_avg"
"15816","AC091133.1","Exc L4-5 RORB IL1RAPL2",0.0526960367480817,2.76373468059099,1.29210345012073,0.257305875414052,0.585461187576081,0.585461187576081,"social_isolation_avg"
"15817","PHOSPHO1","Exc L4-5 RORB IL1RAPL2",-0.189113042149489,-0.223752675940636,1.63685341688082,0.202550695779307,0.518325799977165,0.518325799977165,"social_isolation_avg"
"15818","ZNF652","Exc L4-5 RORB IL1RAPL2",0.0565977935907086,6.09419223879725,9.74426052419076,0.00212372908970639,0.0389725445631239,0.0389725445631239,"social_isolation_avg"
"15819","AC091180.2","Exc L4-5 RORB IL1RAPL2",0.0282692536661327,0.22907790744884,0.0689653223053139,0.793176285523048,0.942279682198882,0.942279682198882,"social_isolation_avg"
"15820","AC091180.5","Exc L4-5 RORB IL1RAPL2",0.112697561253421,1.42780588291835,2.93080638783322,0.0887795097529998,0.343797234660127,0.343797234660127,"social_isolation_avg"
"15821","PHB","Exc L4-5 RORB IL1RAPL2",-0.190386020111366,3.78448234975727,31.9118697689136,6.90454009274138e-08,0.000108322552969804,0.000108322552969804,"social_isolation_avg"
"15822","AC006487.1","Exc L4-5 RORB IL1RAPL2",0.296327064709388,-0.212816108960136,4.08317830867452,0.0449262823369424,0.237179181946788,0.237179181946788,"social_isolation_avg"
"15823","NXPH3","Exc L4-5 RORB IL1RAPL2",-0.0242624269716441,1.54913378432879,0.0911649901775999,0.763080853091023,0.929286899099656,0.929286899099656,"social_isolation_avg"
"15824","SPOP","Exc L4-5 RORB IL1RAPL2",-0.00561566066228224,6.16560039835878,0.0952187073978204,0.758033170467423,0.926610169915842,0.926610169915842,"social_isolation_avg"
"15825","SLC35B1","Exc L4-5 RORB IL1RAPL2",0.0180023008126803,3.65866552075613,0.335539479800341,0.664504096647358,0.880961463891862,0.880961463891862,"social_isolation_avg"
"15826","AC015795.1","Exc L4-5 RORB IL1RAPL2",-0.0578559178661847,0.291254111209824,0.268281292530515,0.866083364730589,0.96677503774678,0.96677503774678,"social_isolation_avg"
"15827","FAM117A","Exc L4-5 RORB IL1RAPL2",-0.0574073394260272,3.25909847059317,2.04540377931733,0.154553977708078,0.453856706130866,0.453856706130866,"social_isolation_avg"
"15828","KAT7","Exc L4-5 RORB IL1RAPL2",-0.0561798284462825,4.81647077638172,5.05457120359831,0.0258828105743987,0.172015686293712,0.172015686293712,"social_isolation_avg"
"15829","TAC4","Exc L4-5 RORB IL1RAPL2",0.0651328799881925,1.66290800665498,0.680087874572197,0.410744920153928,0.721241905197764,0.721241905197764,"social_isolation_avg"
"15830","FLJ45513","Exc L4-5 RORB IL1RAPL2",0.25854526942414,-0.343795335750701,2.88922775745995,0.0910545942551484,0.349107189037824,0.349107189037824,"social_isolation_avg"
"15831","AC027801.1","Exc L4-5 RORB IL1RAPL2",0.0700772550387606,2.81572283089941,0.891322850474283,0.346496980914861,0.669241252757823,0.669241252757823,"social_isolation_avg"
"15832","AC027801.3","Exc L4-5 RORB IL1RAPL2",-0.0235288436408348,1.47480864280674,0.0643693809550764,0.800033967513174,0.94396624465682,0.94396624465682,"social_isolation_avg"
"15833","DLX4","Exc L4-5 RORB IL1RAPL2",0.370411279856532,-0.262150173915839,4.54135093789483,0.0345639920025906,0.2035435084597,0.2035435084597,"social_isolation_avg"
"15834","AC009720.1","Exc L4-5 RORB IL1RAPL2",0.136472222164204,0.570948031300456,2.24885276055285,0.420348612449402,0.727176217651198,0.727176217651198,"social_isolation_avg"
"15835","ITGA3","Exc L4-5 RORB IL1RAPL2",0.0178049670322903,5.2034924484371,0.513691641609242,0.474556583685098,0.76859408924604,0.76859408924604,"social_isolation_avg"
"15836","PDK2","Exc L4-5 RORB IL1RAPL2",-0.103306745141293,4.82333392903434,12.3799858634691,0.000560597029166879,0.0160956849603437,0.0160956849603437,"social_isolation_avg"
"15837","SAMD14","Exc L4-5 RORB IL1RAPL2",-0.0163089975424619,3.28319615750266,0.135584096414119,0.71318221035774,0.905910701135506,0.905910701135506,"social_isolation_avg"
"15838","PPP1R9B","Exc L4-5 RORB IL1RAPL2",-0.0126761073885401,4.72799178953716,0.192441031760872,0.661465515040923,0.879521364025953,0.879521364025953,"social_isolation_avg"
"15839","AC015909.2","Exc L4-5 RORB IL1RAPL2",0.0551750857789964,0.854171268591662,0.357554990442477,0.550685652183438,0.817281608358524,0.817281608358524,"social_isolation_avg"
"15840","TMEM92-AS1","Exc L4-5 RORB IL1RAPL2",-0.0235064306086548,-0.489414036521679,0.0208687881644998,0.88531295771614,0.973660414670342,0.973660414670342,"social_isolation_avg"
"15841","XYLT2","Exc L4-5 RORB IL1RAPL2",0.0251479747841872,3.07510103526068,0.213864819161245,0.64436307878647,0.869732087329029,0.869732087329029,"social_isolation_avg"
"15842","MRPL27","Exc L4-5 RORB IL1RAPL2",-0.187297503460831,3.73390653360063,25.9628876500347,9.42022986207772e-07,0.000363755447388516,0.000363755447388516,"social_isolation_avg"
"15843","LRRC59","Exc L4-5 RORB IL1RAPL2",-0.123450343579578,3.31318901312646,14.7702650491397,0.000172903066607653,0.00794280043113889,0.00794280043113889,"social_isolation_avg"
"15844","CHAD","Exc L4-5 RORB IL1RAPL2",-0.0699138671307227,0.566289862586623,0.149183283272024,0.699813769670483,0.899414232844397,0.899414232844397,"social_isolation_avg"
"15845","RSAD1","Exc L4-5 RORB IL1RAPL2",0.0500967148650403,4.68494275427945,3.65365351764514,0.0576766330733155,0.27268854932039,0.27268854932039,"social_isolation_avg"
"15846","AC021491.1","Exc L4-5 RORB IL1RAPL2",0.237029715908275,-0.132793347816924,3.1522188529371,0.0776639078745887,0.320147886905249,0.320147886905249,"social_isolation_avg"
"15847","MYCBPAP","Exc L4-5 RORB IL1RAPL2",-0.0205404328361039,2.45964295571916,0.114110872599504,0.735940256489002,0.915880850549209,0.915880850549209,"social_isolation_avg"
"15848","SPATA20","Exc L4-5 RORB IL1RAPL2",0.122960063574075,4.05947624221067,12.8525674148088,0.000443301532890801,0.0141740191816699,0.0141740191816699,"social_isolation_avg"
"15849","CACNA1G","Exc L4-5 RORB IL1RAPL2",-0.0139586075308973,3.68676487707452,0.0566819176995204,0.812114189720258,0.950337843014225,0.950337843014225,"social_isolation_avg"
"15850","ABCC3","Exc L4-5 RORB IL1RAPL2",0.0373498905806339,0.850633245374069,0.170568081516932,0.9115134404357,0.981200416319659,0.981200416319659,"social_isolation_avg"
"15851","ANKRD40","Exc L4-5 RORB IL1RAPL2",-0.0896121183418596,4.60609144482736,9.64248855185373,0.0022377119298368,0.0400186648624216,0.0400186648624216,"social_isolation_avg"
"15852","AC005921.2","Exc L4-5 RORB IL1RAPL2",-0.14289469947707,1.62117633954144,2.5178241223659,0.11447690591605,0.390625344785856,0.390625344785856,"social_isolation_avg"
"15853","LUC7L3","Exc L4-5 RORB IL1RAPL2",0.0622711493272515,7.83015801805248,7.30076865092785,0.00761167052466753,0.0844199402093988,0.0844199402093988,"social_isolation_avg"
"15854","TOB1","Exc L4-5 RORB IL1RAPL2",-0.0503305215162431,4.25746012494584,1.68141505431139,0.196543743650478,0.509984115964165,0.509984115964165,"social_isolation_avg"
"15855","SPAG9","Exc L4-5 RORB IL1RAPL2",0.0144352969296889,7.30543609774298,0.990658309284866,0.321036316903349,0.648204903652574,0.648204903652574,"social_isolation_avg"
"15856","AC005920.2","Exc L4-5 RORB IL1RAPL2",0.0665544149509911,2.60880241106253,1.77339610442208,0.184795768232489,0.492745311545508,0.492745311545508,"social_isolation_avg"
"15857","NME1-NME2","Exc L4-5 RORB IL1RAPL2",0.0847222507687338,0.816939395823644,0.848890842233633,0.358209060211338,0.678038578257175,0.678038578257175,"social_isolation_avg"
"15858","MBTD1","Exc L4-5 RORB IL1RAPL2",0.0596279702592544,6.42450062740926,12.5245135328338,0.000521697607238626,0.0154718501983731,0.0154718501983731,"social_isolation_avg"
"15859","UTP18","Exc L4-5 RORB IL1RAPL2",0.0322443516649043,4.53319980003593,1.53467519096696,0.217168397925818,0.536919280955755,0.536919280955755,"social_isolation_avg"
"15860","CA10","Exc L4-5 RORB IL1RAPL2",-0.0258141986028637,6.04560797523651,0.176984914187904,0.674523701456376,0.885803925267635,0.885803925267635,"social_isolation_avg"
"15861","LINC01982","Exc L4-5 RORB IL1RAPL2",-0.0529772770991988,0.79031971609321,0.353448544097124,0.694328962953704,0.896146969833973,0.896146969833973,"social_isolation_avg"
"15862","TOM1L1","Exc L4-5 RORB IL1RAPL2",-0.0443322568068068,5.23975956591933,2.5331253962075,0.113389813707778,0.388668236442911,0.388668236442911,"social_isolation_avg"
"15863","COX11","Exc L4-5 RORB IL1RAPL2",0.0127637849015951,5.19783260458888,0.313603569619017,0.715368870375816,0.906943848411394,0.906943848411394,"social_isolation_avg"
"15864","STXBP4","Exc L4-5 RORB IL1RAPL2",0.0494328535712129,4.81140489010799,2.5456545184702,0.112508214052773,0.387330407222074,0.387330407222074,"social_isolation_avg"
"15865","HLF","Exc L4-5 RORB IL1RAPL2",-0.0237394481416524,7.12280196813861,0.878580685564711,0.349958208548633,0.671285407942892,0.671285407942892,"social_isolation_avg"
"15866","MMD","Exc L4-5 RORB IL1RAPL2",-0.0507186208438561,4.93782425591124,1.72980702793256,0.190257077601133,0.500953822055531,0.500953822055531,"social_isolation_avg"
"15867","SMIM36","Exc L4-5 RORB IL1RAPL2",-0.0236058745205183,0.220026208250769,0.0284629206162784,0.86623135197421,0.96677503774678,0.96677503774678,"social_isolation_avg"
"15868","PCTP","Exc L4-5 RORB IL1RAPL2",0.142855318591487,4.22060023862343,15.0434427588025,0.000151407516200593,0.00738345776812221,0.00738345776812221,"social_isolation_avg"
"15869","AC090618.1","Exc L4-5 RORB IL1RAPL2",0.0935031946730223,-0.318708765012903,0.332862245314219,0.564763432133618,0.826725939162625,0.826725939162625,"social_isolation_avg"
"15870","ANKFN1","Exc L4-5 RORB IL1RAPL2",0.11044709242542,4.17940623950633,1.87532763819183,0.172723785168721,0.477723540297817,0.477723540297817,"social_isolation_avg"
"15871","C17orf67","Exc L4-5 RORB IL1RAPL2",-0.0056315132929631,4.03546108563516,0.017768062254326,0.894120723148791,0.975474727711369,0.975474727711369,"social_isolation_avg"
"15872","DGKE","Exc L4-5 RORB IL1RAPL2",0.00261703171483734,6.32787741235308,0.0146365147342456,0.903852653791525,0.978397583639639,0.978397583639639,"social_isolation_avg"
"15873","TRIM25","Exc L4-5 RORB IL1RAPL2",0.0192207383418788,3.3164112861507,0.179954632591119,0.671963802788552,0.884529505535146,0.884529505535146,"social_isolation_avg"
"15874","COIL","Exc L4-5 RORB IL1RAPL2",-0.0339868933824746,3.9595454485362,1.03446872601964,0.310597770294678,0.640037073812417,0.640037073812417,"social_isolation_avg"
"15875","SCPEP1","Exc L4-5 RORB IL1RAPL2",0.080134564010596,5.78502639473594,8.0910744581441,0.00501084174308946,0.0655564862809362,0.0655564862809362,"social_isolation_avg"
"15876","AC007114.1","Exc L4-5 RORB IL1RAPL2",0.0876961739946437,1.10360763461521,1.27206513482712,0.261014043652949,0.590182447413653,0.590182447413653,"social_isolation_avg"
"15877","AKAP1","Exc L4-5 RORB IL1RAPL2",0.0323614834064639,4.90840727558425,1.79061883297462,0.182688649378553,0.489125786740003,0.489125786740003,"social_isolation_avg"
"15878","AC007114.2","Exc L4-5 RORB IL1RAPL2",0.0969482420860263,0.758595885824059,0.877989601895061,0.350119912784508,0.671391392499816,0.671391392499816,"social_isolation_avg"
"15879","MSI2","Exc L4-5 RORB IL1RAPL2",0.00787050394232991,6.73416878295275,0.129971421816997,0.71892194583712,0.908301424758557,0.908301424758557,"social_isolation_avg"
"15880","AC015845.2","Exc L4-5 RORB IL1RAPL2",0.0139990098071828,3.14699160627349,0.0596510420967507,0.807351227279061,0.947462681886443,0.947462681886443,"social_isolation_avg"
"15881","MRPS23","Exc L4-5 RORB IL1RAPL2",-0.0753402580886864,4.29489389176709,6.77840423970615,0.0100663818488311,0.0988406906910912,0.0988406906910912,"social_isolation_avg"
"15882","CUEDC1","Exc L4-5 RORB IL1RAPL2",0.0339855263005189,3.45508070575448,0.368059918711395,0.544896026630634,0.814462283488117,0.814462283488117,"social_isolation_avg"
"15883","VEZF1","Exc L4-5 RORB IL1RAPL2",-0.0801278835871816,3.3644647387016,3.97028678654678,0.0479559392659413,0.246192806986247,0.246192806986247,"social_isolation_avg"
"15884","AC015813.2","Exc L4-5 RORB IL1RAPL2",-0.00685591298677851,4.57213974576198,0.0510299466328526,0.855734771510749,0.963142390527821,0.963142390527821,"social_isolation_avg"
"15885","SRSF1","Exc L4-5 RORB IL1RAPL2",-0.132846179788279,1.55379340147419,3.17069258857199,0.239689328968743,0.563662070415884,0.563662070415884,"social_isolation_avg"
"15886","DYNLL2","Exc L4-5 RORB IL1RAPL2",-0.0852084813441696,6.11643875851237,7.84781803689349,0.00569567550431221,0.0709465939546356,0.0709465939546356,"social_isolation_avg"
"15887","EPX","Exc L4-5 RORB IL1RAPL2",0.00937582299910723,0.754975960953553,0.00643552204544138,0.936157969966073,0.98712912113955,0.98712912113955,"social_isolation_avg"
"15888","AC005962.1","Exc L4-5 RORB IL1RAPL2",-0.0733717437461134,0.696545370026925,0.650178137781005,0.4212075611296,0.727997132351721,0.727997132351721,"social_isolation_avg"
"15889","MKS1","Exc L4-5 RORB IL1RAPL2",0.060881741731913,3.08120953053842,1.92209185651274,0.167493366486507,0.471037750786443,0.471037750786443,"social_isolation_avg"
"15890","LPO","Exc L4-5 RORB IL1RAPL2",-0.0331718071245216,0.751454498408285,0.134663581834607,0.714114200642581,0.906524977548358,0.906524977548358,"social_isolation_avg"
"15891","MPO","Exc L4-5 RORB IL1RAPL2",0.0582651000806685,0.149510616205225,0.23325643166972,0.629758721406204,0.862766256442458,0.862766256442458,"social_isolation_avg"
"15892","TSPOAP1","Exc L4-5 RORB IL1RAPL2",-0.00469851319240437,6.01959417269585,0.0536320627593036,0.817146038505674,0.951599926146172,0.951599926146172,"social_isolation_avg"
"15893","TSPOAP1-AS1","Exc L4-5 RORB IL1RAPL2",0.0845882034531233,3.36730484518893,4.28037577507138,0.0401115965581107,0.222566427705576,0.222566427705576,"social_isolation_avg"
"15894","SUPT4H1","Exc L4-5 RORB IL1RAPL2",-0.14831978019784,3.19923956216501,11.3427127714582,0.000942358392247067,0.0227917635381004,0.0227917635381004,"social_isolation_avg"
"15895","RNF43","Exc L4-5 RORB IL1RAPL2",-0.100420100856655,1.01093392456908,1.04572714470327,0.307987485372652,0.638101398025429,0.638101398025429,"social_isolation_avg"
"15896","HSF5","Exc L4-5 RORB IL1RAPL2",0.0445214765047159,1.88435813857979,0.504234318587468,0.509949788428563,0.79361407689232,0.79361407689232,"social_isolation_avg"
"15897","MTMR4","Exc L4-5 RORB IL1RAPL2",-0.00226209480134444,5.34208399350079,0.0120318581696599,0.912788422904748,0.981657819619611,0.981657819619611,"social_isolation_avg"
"15898","SEPT4-AS1","Exc L4-5 RORB IL1RAPL2",0.0336828038061765,1.18191998969632,0.114664359727901,0.735324808986968,0.915334257292264,0.915334257292264,"social_isolation_avg"
"15899","SEPT4","Exc L4-5 RORB IL1RAPL2",-0.00289852543487367,4.35691033961376,0.00716856624119344,0.932628282669098,0.986528991526548,0.986528991526548,"social_isolation_avg"
"15900","TEX14","Exc L4-5 RORB IL1RAPL2",0.107459681823315,2.19775919659414,3.15960690957549,0.0773201309259344,0.319174444351685,0.319174444351685,"social_isolation_avg"
"15901","RAD51C","Exc L4-5 RORB IL1RAPL2",-0.0196944723017109,4.9571931259572,0.342886439008762,0.558966433719612,0.822658510464917,0.822658510464917,"social_isolation_avg"
"15902","PPM1E","Exc L4-5 RORB IL1RAPL2",0.0297850839981563,7.63278695318235,3.4771731611004,0.0639937957640491,0.287812362645964,0.287812362645964,"social_isolation_avg"
"15903","TRIM37","Exc L4-5 RORB IL1RAPL2",0.0243145111579702,7.37518620208442,2.42988601173934,0.120954098343463,0.400299848883095,0.400299848883095,"social_isolation_avg"
"15904","AC099850.1","Exc L4-5 RORB IL1RAPL2",0.0367286090271349,3.20077625325719,0.834039094079528,0.362437298987626,0.682146358959006,0.682146358959006,"social_isolation_avg"
"15905","SKA2","Exc L4-5 RORB IL1RAPL2",0.0221038136789781,4.31607343480625,0.60351917236828,0.438348744704738,0.741465815517486,0.741465815517486,"social_isolation_avg"
"15906","PRR11","Exc L4-5 RORB IL1RAPL2",0.0370439399813134,1.44598463706524,0.307707204786223,0.84309567492844,0.96010913423539,0.96010913423539,"social_isolation_avg"
"15907","AC099850.2","Exc L4-5 RORB IL1RAPL2",0.111824992839288,0.299798377996164,0.994094453928391,0.32020102262277,0.647347317987544,0.647347317987544,"social_isolation_avg"
"15908","GDPD1","Exc L4-5 RORB IL1RAPL2",0.110255644681964,6.1599288685788,23.6604129786188,2.66051264073981e-06,0.000541285587907935,0.000541285587907935,"social_isolation_avg"
"15909","YPEL2","Exc L4-5 RORB IL1RAPL2",-0.051088195874088,6.28217646674193,6.41318453139358,0.0122594208871321,0.110773878990175,0.110773878990175,"social_isolation_avg"
"15910","LINC01476","Exc L4-5 RORB IL1RAPL2",-0.00709272995194382,3.86593665773107,0.021284870714344,0.884183340541295,0.973439480030842,0.973439480030842,"social_isolation_avg"
"15911","DHX40","Exc L4-5 RORB IL1RAPL2",-0.00789198463959038,4.50256557482213,0.0811346784017744,0.943204056780848,0.987984052456339,0.987984052456339,"social_isolation_avg"
"15912","AC091271.1","Exc L4-5 RORB IL1RAPL2",-0.0618475033928343,2.40153566938949,0.895183395938754,0.345457540555619,0.668060451326152,0.668060451326152,"social_isolation_avg"
"15913","CLTC","Exc L4-5 RORB IL1RAPL2",-0.0557394925800629,7.28780081468792,11.5874661091294,0.00083322524184872,0.0210406661681392,0.0210406661681392,"social_isolation_avg"
"15914","PTRH2","Exc L4-5 RORB IL1RAPL2",-0.0871103225478238,4.04385500289105,7.96891126265827,0.00534346818208674,0.0679917696524971,0.0679917696524971,"social_isolation_avg"
"15915","VMP1","Exc L4-5 RORB IL1RAPL2",0.0554162131113591,6.58090450297909,9.91275412036594,0.00194793441624416,0.0368001761812312,0.0368001761812312,"social_isolation_avg"
"15916","TUBD1","Exc L4-5 RORB IL1RAPL2",0.0442869221125956,3.95817707178511,1.43929508153961,0.231970196894509,0.554362583596529,0.554362583596529,"social_isolation_avg"
"15917","RPS6KB1","Exc L4-5 RORB IL1RAPL2",0.0631399559018669,5.4638064835717,8.66908470845446,0.00370301267545796,0.0548231078594626,0.0548231078594626,"social_isolation_avg"
"15918","AC005702.1","Exc L4-5 RORB IL1RAPL2",-0.0188699945031277,1.95528093184485,0.0999385536207161,0.798740343076647,0.943541448315508,0.943541448315508,"social_isolation_avg"
"15919","RNFT1","Exc L4-5 RORB IL1RAPL2",0.0440443175326565,3.9625839481619,1.97457638149503,0.16183954789649,0.464333041137594,0.464333041137594,"social_isolation_avg"
"15920","RNFT1-DT","Exc L4-5 RORB IL1RAPL2",0.104860372965968,0.646832802290446,1.0473692287504,0.307609164841578,0.637488828912104,0.637488828912104,"social_isolation_avg"
"15921","HEATR6","Exc L4-5 RORB IL1RAPL2",-0.0487177075574962,4.03720239856619,1.89300874246359,0.170724300675628,0.475663431942485,0.475663431942485,"social_isolation_avg"
"15922","AC025048.4","Exc L4-5 RORB IL1RAPL2",-0.125751612884833,0.151434961338289,0.941243135178263,0.333375811421027,0.658280379860884,0.658280379860884,"social_isolation_avg"
"15923","CA4","Exc L4-5 RORB IL1RAPL2",-1.11029869594201,-0.683080803858671,11.2078637353998,0.0010086246591145,0.0238552339688818,0.0238552339688818,"social_isolation_avg"
"15924","USP32","Exc L4-5 RORB IL1RAPL2",0.0192589383943174,6.43094283170202,1.05310197507997,0.306293140900848,0.636615420649679,0.636615420649679,"social_isolation_avg"
"15925","APPBP2","Exc L4-5 RORB IL1RAPL2",0.0198730068787586,6.39785162452537,1.64987974991449,0.347207599553046,0.669771111398269,0.669771111398269,"social_isolation_avg"
"15926","AC011921.1","Exc L4-5 RORB IL1RAPL2",-0.0269624983655033,0.130230316069851,0.0522627084959194,0.819454332464466,0.952050234048104,0.952050234048104,"social_isolation_avg"
"15927","PPM1D","Exc L4-5 RORB IL1RAPL2",0.0781909635222685,4.94304790298109,9.07371418588631,0.00300099260260757,0.047876712507536,0.047876712507536,"social_isolation_avg"
"15928","BCAS3","Exc L4-5 RORB IL1RAPL2",0.00259512759472763,8.71359224768758,0.0183551918378679,0.892396165436151,0.975392978234499,0.975392978234499,"social_isolation_avg"
"15929","AC005884.1","Exc L4-5 RORB IL1RAPL2",0.0874709354354465,1.43085100635375,1.17773306453545,0.279398182147419,0.610462056366951,0.610462056366951,"social_isolation_avg"
"15930","AC005746.2","Exc L4-5 RORB IL1RAPL2",-0.0992344778211307,0.949990216641799,1.14465010122257,0.286231665142711,0.617299377968904,0.617299377968904,"social_isolation_avg"
"15931","NACA2","Exc L4-5 RORB IL1RAPL2",-0.0533560427407574,2.40842774027977,0.737792022202137,0.391612985254583,0.706830992464177,0.706830992464177,"social_isolation_avg"
"15932","BRIP1","Exc L4-5 RORB IL1RAPL2",0.123205426800646,4.03467771032991,5.78369963338303,0.0172801551103375,0.136232422851123,0.136232422851123,"social_isolation_avg"
"15933","INTS2","Exc L4-5 RORB IL1RAPL2",0.0257782941048573,4.83601155284705,1.25442330154065,0.264334052629245,0.59470447203305,0.59470447203305,"social_isolation_avg"
"15934","MED13","Exc L4-5 RORB IL1RAPL2",0.0035481825143504,7.05029900702106,0.0515307657642545,0.820701220542715,0.952379154185799,0.952379154185799,"social_isolation_avg"
"15935","EFCAB3","Exc L4-5 RORB IL1RAPL2",0.00723972402659741,1.6746702036763,0.00907120269826473,0.924237288994373,0.984076729849897,0.984076729849897,"social_isolation_avg"
"15936","METTL2A","Exc L4-5 RORB IL1RAPL2",0.0360160667061034,3.47197292482142,1.09031996668031,0.297924971206879,0.628853009839955,0.628853009839955,"social_isolation_avg"
"15937","TLK2","Exc L4-5 RORB IL1RAPL2",0.0222425801777451,6.26674364485124,1.95163681757971,0.164283190383047,0.467786230561911,0.467786230561911,"social_isolation_avg"
"15938","MRC2","Exc L4-5 RORB IL1RAPL2",0.0296945684006127,1.2696601782824,0.136113180046536,0.777763620938676,0.935858673440101,0.935858673440101,"social_isolation_avg"
"15939","AC005821.1","Exc L4-5 RORB IL1RAPL2",-0.335053429595649,-0.837047598185447,1.8929692300633,0.170728738994717,0.475663431942485,0.475663431942485,"social_isolation_avg"
"15940","MARCH10","Exc L4-5 RORB IL1RAPL2",0.0892264519698025,1.13916293443281,1.32157726936301,0.547087574609896,0.815716627202036,0.815716627202036,"social_isolation_avg"
"15941","AC005972.4","Exc L4-5 RORB IL1RAPL2",-0.0429261327936326,2.01091259480173,0.198617649772208,0.656422117238726,0.877006275969068,0.877006275969068,"social_isolation_avg"
"15942","TANC2","Exc L4-5 RORB IL1RAPL2",-0.0113802388901615,8.15118679820348,0.48599813915182,0.486697202197654,0.777835776905298,0.777835776905298,"social_isolation_avg"
"15943","AC006270.1","Exc L4-5 RORB IL1RAPL2",-0.122054916432614,-0.0858855920586918,0.663063179726351,0.416652142617221,0.725422731083941,0.725422731083941,"social_isolation_avg"
"15944","AC015923.1","Exc L4-5 RORB IL1RAPL2",0.042138795823844,3.00003560603998,0.394836505505638,0.530635274863069,0.807865307023184,0.807865307023184,"social_isolation_avg"
"15945","AC005828.3","Exc L4-5 RORB IL1RAPL2",0.190190242939153,0.614691177686017,4.31570207241742,0.0393084933602322,0.219526565191545,0.219526565191545,"social_isolation_avg"
"15946","CYB561","Exc L4-5 RORB IL1RAPL2",-0.0278750120425028,5.08390427148212,0.111737522702181,0.738598329263279,0.91747761213173,0.91747761213173,"social_isolation_avg"
"15947","ACE","Exc L4-5 RORB IL1RAPL2",-0.0201025109007775,1.20724694793976,0.0550146662216406,0.988224420569337,0.998787747693845,0.998787747693845,"social_isolation_avg"
"15948","KCNH6","Exc L4-5 RORB IL1RAPL2",-0.105711658281378,1.48302150588094,2.03353727523367,0.155747967537006,0.454980283119916,0.454980283119916,"social_isolation_avg"
"15949","DCAF7","Exc L4-5 RORB IL1RAPL2",-0.00558861514096293,6.08956537209912,0.0869748850024582,0.768428853555604,0.931404335648312,0.931404335648312,"social_isolation_avg"
"15950","TACO1","Exc L4-5 RORB IL1RAPL2",-0.134289373003925,2.67073956386199,9.28207093461129,0.00269437908157151,0.0447196022828198,0.0447196022828198,"social_isolation_avg"
"15951","MAP3K3","Exc L4-5 RORB IL1RAPL2",0.0516020151340501,6.32690642093155,8.68578745042333,0.00367093164029112,0.0544766255419202,0.0544766255419202,"social_isolation_avg"
"15952","STRADA","Exc L4-5 RORB IL1RAPL2",0.0659326589038195,0.341560257977023,0.368028179592909,0.54491334808397,0.814462283488117,0.814462283488117,"social_isolation_avg"
"15953","CCDC47","Exc L4-5 RORB IL1RAPL2",-0.00395574574227985,4.18048538252955,0.0163246927754495,0.919092376252053,0.983116407957877,0.983116407957877,"social_isolation_avg"
"15954","DDX42","Exc L4-5 RORB IL1RAPL2",0.0231792670018229,5.7896911804781,1.47383816227708,0.226472757051515,0.547965605648558,0.547965605648558,"social_isolation_avg"
"15955","FTSJ3","Exc L4-5 RORB IL1RAPL2",-0.0370848491407433,2.3626937684456,0.427334329354408,0.514208211394815,0.797159653240582,0.797159653240582,"social_isolation_avg"
"15956","PSMC5","Exc L4-5 RORB IL1RAPL2",-0.0956539630960013,3.96781797386182,7.32523601068015,0.00751315106246127,0.0840059922466743,0.0840059922466743,"social_isolation_avg"
"15957","SMARCD2","Exc L4-5 RORB IL1RAPL2",0.126486270616373,4.23939644753886,10.6064053205286,0.00136749511619388,0.0289099163055916,0.0289099163055916,"social_isolation_avg"
"15958","PRR29-AS1","Exc L4-5 RORB IL1RAPL2",-0.00839116656235324,-0.0146300960897451,0.00440807332269961,0.947144920415378,0.988740948001749,0.988740948001749,"social_isolation_avg"
"15959","PRR29","Exc L4-5 RORB IL1RAPL2",0.149297481310785,-0.527506748431001,0.830344346636332,0.363499927619464,0.682892291774962,0.682892291774962,"social_isolation_avg"
"15960","ERN1","Exc L4-5 RORB IL1RAPL2",-0.00672841880394242,3.55794305014322,0.0376828115902499,0.846319800798215,0.961597389721097,0.961597389721097,"social_isolation_avg"
"15961","SNHG25","Exc L4-5 RORB IL1RAPL2",-0.06410420587684,2.84222649670739,1.23610134819001,0.267838180315624,0.597966514425006,0.597966514425006,"social_isolation_avg"
"15962","TEX2","Exc L4-5 RORB IL1RAPL2",-0.0107050938383183,5.47951571963909,0.213715041318192,0.644478965225924,0.869732087329029,0.869732087329029,"social_isolation_avg"
"15963","PECAM1","Exc L4-5 RORB IL1RAPL2",0.197835107077039,1.32982639218281,4.28298597361162,0.0400516658978755,0.222299081975272,0.222299081975272,"social_isolation_avg"
"15964","POLG2","Exc L4-5 RORB IL1RAPL2",0.0604580379474345,3.41692877661047,2.04368965958754,0.154725801020352,0.454001118730672,0.454001118730672,"social_isolation_avg"
"15965","DDX5","Exc L4-5 RORB IL1RAPL2",-0.0397353984833403,7.21707524677781,2.77843675401689,0.0974350307564813,0.361129915170104,0.361129915170104,"social_isolation_avg"
"15966","CEP95","Exc L4-5 RORB IL1RAPL2",0.0860971399911093,5.76688786610041,16.056068279588,9.28190425661336e-05,0.00548821595123067,0.00548821595123067,"social_isolation_avg"
"15967","SMURF2","Exc L4-5 RORB IL1RAPL2",0.0428722587449189,5.72703950901709,5.8456583615804,0.0167025000530999,0.132896553197941,0.132896553197941,"social_isolation_avg"
"15968","LRRC37A3","Exc L4-5 RORB IL1RAPL2",0.00141573290438735,6.95584221084102,0.000404192248540942,0.983984231464448,0.998121784353124,0.998121784353124,"social_isolation_avg"
"15969","AC103810.2","Exc L4-5 RORB IL1RAPL2",0.219517314516367,1.82747549898315,0.896543371754843,0.345092382502172,0.667705590482013,0.667705590482013,"social_isolation_avg"
"15970","GNA13","Exc L4-5 RORB IL1RAPL2",-0.00808884486298904,4.28261809135991,0.0888323446954773,0.86293156903695,0.965740698866505,0.965740698866505,"social_isolation_avg"
"15971","RGS9","Exc L4-5 RORB IL1RAPL2",0.0485370210742415,1.53147069829378,0.470661788844717,0.600306747614223,0.846459199895235,0.846459199895235,"social_isolation_avg"
"15972","AXIN2","Exc L4-5 RORB IL1RAPL2",-0.0198541275129929,3.0907757257206,0.188356686305753,0.664853799578261,0.88117811304429,0.88117811304429,"social_isolation_avg"
"15973","AC004805.1","Exc L4-5 RORB IL1RAPL2",0.0184053729360117,4.82152347742077,0.232546476694623,0.630279980962714,0.862855619694343,0.862855619694343,"social_isolation_avg"
"15974","CEP112","Exc L4-5 RORB IL1RAPL2",0.0360316046133524,7.17631870177655,1.77467488619643,0.184638342376571,0.49244063689437,0.49244063689437,"social_isolation_avg"
"15975","PRKCA","Exc L4-5 RORB IL1RAPL2",-0.0791446207920868,6.2280047542867,3.25201300552758,0.0731570133037027,0.309904434307757,0.309904434307757,"social_isolation_avg"
"15976","PRKCA-AS1","Exc L4-5 RORB IL1RAPL2",-0.192576797349897,0.972367385092797,2.66613533546925,0.104408095526304,0.373871259274216,0.373871259274216,"social_isolation_avg"
"15977","CACNG5","Exc L4-5 RORB IL1RAPL2",0.205369153068405,3.31927007150506,7.04415938222827,0.00872907026319723,0.0906855571588242,0.0906855571588242,"social_isolation_avg"
"15978","CACNG4","Exc L4-5 RORB IL1RAPL2",-0.271191374259085,-1.34272493158495,0.151228539501273,0.840363143207979,0.958874418748966,0.958874418748966,"social_isolation_avg"
"15979","HELZ","Exc L4-5 RORB IL1RAPL2",0.0125159348334049,7.04576810700902,0.776260083842988,0.379566658844065,0.697705857722322,0.697705857722322,"social_isolation_avg"
"15980","AC007448.3","Exc L4-5 RORB IL1RAPL2",-0.0548693022140298,-0.140963406363207,0.176316027419654,0.67510376829344,0.885853595671414,0.885853595671414,"social_isolation_avg"
"15981","PSMD12","Exc L4-5 RORB IL1RAPL2",0.00778417000105204,5.71751813785476,0.162374530800511,0.735206201464531,0.915246827943312,0.915246827943312,"social_isolation_avg"
"15982","PITPNC1","Exc L4-5 RORB IL1RAPL2",-0.0250997505237389,4.84852641576913,0.352118978493395,0.553727155824536,0.819033107829585,0.819033107829585,"social_isolation_avg"
"15983","NOL11","Exc L4-5 RORB IL1RAPL2",0.0439638222242011,3.98631357983739,2.24833224463161,0.13566597188917,0.424357059698293,0.424357059698293,"social_isolation_avg"
"15984","BPTF","Exc L4-5 RORB IL1RAPL2",0.0341681443271494,7.71679570971713,4.65682568824036,0.0323737134912981,0.197022525882551,0.197022525882551,"social_isolation_avg"
"15985","C17orf58","Exc L4-5 RORB IL1RAPL2",0.00799073342435765,2.16746880561604,0.0200252803393843,0.887638820034901,0.974102504307964,0.974102504307964,"social_isolation_avg"
"15986","KPNA2","Exc L4-5 RORB IL1RAPL2",0.0168102622559573,4.20911256154594,0.329806951902639,0.761890549221607,0.929028232378812,0.929028232378812,"social_isolation_avg"
"15987","AC005332.7","Exc L4-5 RORB IL1RAPL2",-0.083623979297783,2.69368344134413,2.90653271737523,0.112873652135262,0.388023686782573,0.388023686782573,"social_isolation_avg"
"15988","AC005332.4","Exc L4-5 RORB IL1RAPL2",-0.106524991498161,0.906833417917853,1.49780277330427,0.222751355447658,0.544051041466452,0.544051041466452,"social_isolation_avg"
"15989","AC005332.6","Exc L4-5 RORB IL1RAPL2",-0.0976771174512258,2.24435307169247,3.18031525473105,0.0763653156990141,0.31729439766151,0.31729439766151,"social_isolation_avg"
"15990","AC005332.8","Exc L4-5 RORB IL1RAPL2",-0.0235077195497931,0.941943885737952,0.0592945155380361,0.807916419750928,0.947674443511163,0.947674443511163,"social_isolation_avg"
"15991","AC005332.3","Exc L4-5 RORB IL1RAPL2",0.00950935608937115,0.389717792433104,0.00738248485063434,0.931632895540926,0.985873938284668,0.985873938284668,"social_isolation_avg"
"15992","AC005332.5","Exc L4-5 RORB IL1RAPL2",-0.12013560947114,2.314742037734,3.70234172058836,0.056054076044194,0.26877830026158,0.26877830026158,"social_isolation_avg"
"15993","AMZ2","Exc L4-5 RORB IL1RAPL2",0.00786642117338215,4.15347633366386,0.0633493737024256,0.837362683341341,0.957486720574842,0.957486720574842,"social_isolation_avg"
"15994","ARSG","Exc L4-5 RORB IL1RAPL2",0.0422892693215628,5.33376655275888,2.34478466488196,0.127614507368134,0.410924794743442,0.410924794743442,"social_isolation_avg"
"15995","SLC16A6","Exc L4-5 RORB IL1RAPL2",0.0752668762162139,2.78135150043848,1.62484142584566,0.204206974380106,0.520938406666575,0.520938406666575,"social_isolation_avg"
"15996","WIPI1","Exc L4-5 RORB IL1RAPL2",0.0127465685022975,4.47461305500084,0.154711882122889,0.694579428927101,0.896146969833973,0.896146969833973,"social_isolation_avg"
"15997","PRKAR1A","Exc L4-5 RORB IL1RAPL2",-0.0505793482047596,6.56217104405288,7.62064620929484,0.00642244554167159,0.0765715766187575,0.0765715766187575,"social_isolation_avg"
"15998","FAM20A","Exc L4-5 RORB IL1RAPL2",0.155389894671813,1.64248830715368,3.9494688613153,0.0485380074890244,0.24745016164692,0.24745016164692,"social_isolation_avg"
"15999","AC079210.1","Exc L4-5 RORB IL1RAPL2",0.282746536058086,0.0091358208670874,5.61045127033722,0.0190086348674979,0.144095504939073,0.144095504939073,"social_isolation_avg"
"16000","LINC01482","Exc L4-5 RORB IL1RAPL2",0.10498368896999,1.80101238480799,1.4427740262142,0.231409254402902,0.553680169479761,0.553680169479761,"social_isolation_avg"
"16001","ABCA9-AS1","Exc L4-5 RORB IL1RAPL2",0.127000902452727,1.7973124917425,2.86503894578355,0.0924074748035595,0.35194091185214,0.35194091185214,"social_isolation_avg"
"16002","ABCA9","Exc L4-5 RORB IL1RAPL2",0.0522066716064227,5.28998924374626,1.24192832377116,0.266717473615393,0.596913786081606,0.596913786081606,"social_isolation_avg"
"16003","ABCA6","Exc L4-5 RORB IL1RAPL2",0.068689805907388,5.36156895939498,2.32168099140105,0.129492979604822,0.41436439491,0.41436439491,"social_isolation_avg"
"16004","ABCA10","Exc L4-5 RORB IL1RAPL2",0.113190527035253,6.56298693599593,11.6871578323541,0.000792558608380758,0.0205051456708717,0.0205051456708717,"social_isolation_avg"
"16005","ABCA5","Exc L4-5 RORB IL1RAPL2",0.0841562705995387,7.36050517347742,25.5883356146586,1.11415811270745e-06,0.000379006695287168,0.000379006695287168,"social_isolation_avg"
"16006","MAP2K6","Exc L4-5 RORB IL1RAPL2",0.0728139180341981,5.59268338143208,4.45537487820646,0.0362960921012739,0.209516928370488,0.209516928370488,"social_isolation_avg"
"16007","LINC01483","Exc L4-5 RORB IL1RAPL2",0.249727931822756,2.89462737539961,11.8620422786089,0.000726050424381481,0.0192403362461092,0.0192403362461092,"social_isolation_avg"
"16008","AC005208.1","Exc L4-5 RORB IL1RAPL2",0.205486126169121,0.658885032839326,4.90420906044371,0.0281590365136999,0.180854422904181,0.180854422904181,"social_isolation_avg"
"16009","KCNJ2","Exc L4-5 RORB IL1RAPL2",-0.22848602626464,0.65103939878692,1.01909778814552,0.314208560126774,0.642771223962153,0.642771223962153,"social_isolation_avg"
"16010","ROCR","Exc L4-5 RORB IL1RAPL2",0.0575353108439272,-0.305686398203827,0.141806198901437,0.706974906157909,0.90273128623389,0.90273128623389,"social_isolation_avg"
"16011","LINC01152","Exc L4-5 RORB IL1RAPL2",-0.124556312556346,-0.155742852137978,0.861322365210974,0.354722101482484,0.675225498226703,0.675225498226703,"social_isolation_avg"
"16012","SOX9","Exc L4-5 RORB IL1RAPL2",0.0235994374643782,1.72394525079051,0.0853550516269008,0.770533816810226,0.93223801700021,0.93223801700021,"social_isolation_avg"
"16013","LINC00511","Exc L4-5 RORB IL1RAPL2",0.00883395715718795,5.68434653593789,0.0504652160865876,0.822533185583744,0.953215557324066,0.953215557324066,"social_isolation_avg"
"16014","SLC39A11","Exc L4-5 RORB IL1RAPL2",0.0235599490511347,7.00186188112685,0.283800376807478,0.594936502266431,0.843296700385411,0.843296700385411,"social_isolation_avg"
"16015","SSTR2","Exc L4-5 RORB IL1RAPL2",-0.080482885306707,6.15141877966959,4.62762546305069,0.0329133693612724,0.198266113239298,0.198266113239298,"social_isolation_avg"
"16016","COG1","Exc L4-5 RORB IL1RAPL2",0.0531014667287098,5.15426679650299,3.50041240466352,0.0631210074498004,0.285311175814064,0.285311175814064,"social_isolation_avg"
"16017","FAM104A","Exc L4-5 RORB IL1RAPL2",0.0344754567448441,4.21124308878451,1.76527223881344,0.185799541529827,0.494315721554057,0.494315721554057,"social_isolation_avg"
"16018","C17orf80","Exc L4-5 RORB IL1RAPL2",-0.0291804129777698,4.19624337613347,1.11282343411402,0.32751181281535,0.653716011884031,0.653716011884031,"social_isolation_avg"
"16019","CDC42EP4","Exc L4-5 RORB IL1RAPL2",-0.0175598887704669,1.91082226620575,0.0591603124236483,0.808129634848806,0.947813750044431,0.947813750044431,"social_isolation_avg"
"16020","SDK2","Exc L4-5 RORB IL1RAPL2",0.0212105505457789,4.78981730944868,0.185189971561771,0.667511031996062,0.883029870404634,0.883029870404634,"social_isolation_avg"
"16021","LINC00469","Exc L4-5 RORB IL1RAPL2",-0.010491590824262,-0.132270862540172,0.00545525756400552,0.941211314205586,0.987961902248838,0.987961902248838,"social_isolation_avg"
"16022","AC137735.1","Exc L4-5 RORB IL1RAPL2",-0.0441165454866176,-0.333150119321897,0.0741143948252523,0.785777562754701,0.93860819277545,0.93860819277545,"social_isolation_avg"
"16023","LINC02074","Exc L4-5 RORB IL1RAPL2",0.0768423150135871,2.76326687262799,1.03913556500995,0.309512256594929,0.639223565287733,0.639223565287733,"social_isolation_avg"
"16024","RPL38","Exc L4-5 RORB IL1RAPL2",-0.11371894006359,4.406311997929,4.59312755503025,0.033563183410862,0.200204600667377,0.200204600667377,"social_isolation_avg"
"16025","DNAI2","Exc L4-5 RORB IL1RAPL2",0.114681918823529,0.0188192233774096,1.04317186427931,0.315967920971755,0.644019070635201,0.644019070635201,"social_isolation_avg"
"16026","RAB37","Exc L4-5 RORB IL1RAPL2",0.0735572378033426,5.15313912933568,5.63510765486122,0.0187520190630455,0.143077751829123,0.143077751829123,"social_isolation_avg"
"16027","CD300LF","Exc L4-5 RORB IL1RAPL2",0.137776726152526,0.463046932812246,1.56609872514718,0.212542632689619,0.531244273860011,0.531244273860011,"social_isolation_avg"
"16028","NAT9","Exc L4-5 RORB IL1RAPL2",-0.00670950208541687,4.16563954573312,0.0473347525177749,0.828035987502095,0.954161930646283,0.954161930646283,"social_isolation_avg"
"16029","TMEM104","Exc L4-5 RORB IL1RAPL2",0.0354294998555319,3.31092241059692,0.706974987211991,0.401664521066352,0.714306793490241,0.714306793490241,"social_isolation_avg"
"16030","FDXR","Exc L4-5 RORB IL1RAPL2",-0.135300610508511,1.55130783027107,4.56803791831041,0.0340442745728682,0.20192843861857,0.20192843861857,"social_isolation_avg"
"16031","FADS6","Exc L4-5 RORB IL1RAPL2",-0.0265508063294133,3.58375794089342,0.482331392677169,0.488343173041361,0.779413005239611,0.779413005239611,"social_isolation_avg"
"16032","HID1","Exc L4-5 RORB IL1RAPL2",0.0124648894051791,4.89285250248747,0.198937730323585,0.656163337857615,0.87685999936262,0.87685999936262,"social_isolation_avg"
"16033","CDR2L","Exc L4-5 RORB IL1RAPL2",-0.0579747505561097,2.18527930105539,1.12614005514706,0.290148215026984,0.621391594158332,0.621391594158332,"social_isolation_avg"
"16034","MRPL58","Exc L4-5 RORB IL1RAPL2",-0.0533100408803925,3.03656654875646,1.65028614000472,0.200717353754704,0.515091963975689,0.515091963975689,"social_isolation_avg"
"16035","KCTD2","Exc L4-5 RORB IL1RAPL2",-0.041648653278245,4.930237913733,2.3842113829097,0.124479054402306,0.406237254970517,0.406237254970517,"social_isolation_avg"
"16036","ATP5PD","Exc L4-5 RORB IL1RAPL2",-0.0583663569076123,3.92013620799049,2.6723840299701,0.104005956017977,0.373134964887617,0.373134964887617,"social_isolation_avg"
"16037","ARMC7","Exc L4-5 RORB IL1RAPL2",-0.0521678780166852,2.73219133531,1.30859540314013,0.254303004842263,0.582440761035362,0.582440761035362,"social_isolation_avg"
"16038","NT5C","Exc L4-5 RORB IL1RAPL2",-0.0401437537527848,2.16556327935694,0.285487502016738,0.593844760167773,0.843089742958615,0.843089742958615,"social_isolation_avg"
"16039","JPT1","Exc L4-5 RORB IL1RAPL2",-0.139033993705665,4.78880746630211,26.0187810597807,9.18756016403929e-07,0.000362162137216224,0.000362162137216224,"social_isolation_avg"
"16040","SUMO2","Exc L4-5 RORB IL1RAPL2",-0.0628657838010531,3.27467110509966,2.33090255042296,0.148133088363071,0.444751850986619,0.444751850986619,"social_isolation_avg"
"16041","NUP85","Exc L4-5 RORB IL1RAPL2",0.0608985506825023,4.31999707763224,5.21246448349568,0.0236992625806916,0.163834032623042,0.163834032623042,"social_isolation_avg"
"16042","GGA3","Exc L4-5 RORB IL1RAPL2",-0.0144477186199292,5.11807872565209,0.362763472842171,0.547800785958339,0.815910290096978,0.815910290096978,"social_isolation_avg"
"16043","MRPS7","Exc L4-5 RORB IL1RAPL2",-0.0378086073056116,3.95525230458616,1.10093070819036,0.295593612616512,0.626588252780308,0.626588252780308,"social_isolation_avg"
"16044","MIF4GD","Exc L4-5 RORB IL1RAPL2",0.0176843876911415,2.31079270510192,0.115972395959945,0.733876898026595,0.914735493251726,0.914735493251726,"social_isolation_avg"
"16045","SLC25A19","Exc L4-5 RORB IL1RAPL2",-0.0641535124874071,1.94954432649719,1.13526873910155,0.288208155382452,0.619609874785976,0.619609874785976,"social_isolation_avg"
"16046","GRB2","Exc L4-5 RORB IL1RAPL2",-0.0133290798668576,6.1671842913072,0.509709388787248,0.476271572974822,0.769628683050206,0.769628683050206,"social_isolation_avg"
"16047","AC011933.4","Exc L4-5 RORB IL1RAPL2",0.0566557219784988,1.98633409185164,0.716390527287384,0.398554108299922,0.712427235063091,0.712427235063091,"social_isolation_avg"
"16048","TMEM94","Exc L4-5 RORB IL1RAPL2",-0.0320933295771161,4.76381245059145,1.21922709577743,0.271117156959083,0.600609732680343,0.600609732680343,"social_isolation_avg"
"16049","CASKIN2","Exc L4-5 RORB IL1RAPL2",-0.0450974512722783,1.46671369926566,0.414822426226556,0.52042461226455,0.800944030174559,0.800944030174559,"social_isolation_avg"
"16050","TSEN54","Exc L4-5 RORB IL1RAPL2",0.00896231381361285,3.92756852826439,0.0712667522047738,0.789834002149461,0.940375607517616,0.940375607517616,"social_isolation_avg"
"16051","LLGL2","Exc L4-5 RORB IL1RAPL2",-0.330255971455077,0.562931588282128,3.15055142796066,0.0777417249255784,0.320329089136949,0.320329089136949,"social_isolation_avg"
"16052","RECQL5","Exc L4-5 RORB IL1RAPL2",-0.00321058546897821,3.46100607646716,0.00790039901912386,0.929281548468516,0.984597165336141,0.984597165336141,"social_isolation_avg"
"16053","SAP30BP","Exc L4-5 RORB IL1RAPL2",0.0194987297827889,4.60443693591742,0.712383933540838,0.399873376175013,0.713023561076589,0.713023561076589,"social_isolation_avg"
"16054","GALK1","Exc L4-5 RORB IL1RAPL2",0.0382325832541489,1.26520473002856,0.280651780962018,0.630201875455887,0.862855619694343,0.862855619694343,"social_isolation_avg"
"16055","H3F3B","Exc L4-5 RORB IL1RAPL2",-0.0874698937558144,5.44222192656253,6.72715575944681,0.0103477834675076,0.100870896954513,0.100870896954513,"social_isolation_avg"
"16056","UNK","Exc L4-5 RORB IL1RAPL2",0.0242227039146915,4.85284286860993,0.809424370226581,0.369599281766718,0.687937231320831,0.687937231320831,"social_isolation_avg"
"16057","UNC13D","Exc L4-5 RORB IL1RAPL2",-0.0585974051645157,1.25495931368154,0.478385975868323,0.490124637502886,0.780776748062512,0.780776748062512,"social_isolation_avg"
"16058","WBP2","Exc L4-5 RORB IL1RAPL2",-0.0718896174229172,6.49470539294282,6.27124188251785,0.0132406278740624,0.115842694352451,0.115842694352451,"social_isolation_avg"
"16059","TRIM47","Exc L4-5 RORB IL1RAPL2",-0.178612120129433,1.06992420014405,2.75763916295671,0.0986866827007126,0.363986495785611,0.363986495785611,"social_isolation_avg"
"16060","TRIM65","Exc L4-5 RORB IL1RAPL2",-0.0459144991933536,3.03399166368197,1.11373498875696,0.292811524059273,0.624052295236904,0.624052295236904,"social_isolation_avg"
"16061","MRPL38","Exc L4-5 RORB IL1RAPL2",0.0803297332049163,-0.330260287438378,0.224314659107503,0.636396774094532,0.866527300132603,0.866527300132603,"social_isolation_avg"
"16062","AC087289.3","Exc L4-5 RORB IL1RAPL2",0.027586768301647,2.13057052993069,0.298136987783525,0.585788894661869,0.839233040842801,0.839233040842801,"social_isolation_avg"
"16063","FBF1","Exc L4-5 RORB IL1RAPL2",-0.0242593139256446,3.81046524938297,0.400783812274877,0.527559616631512,0.805949343155566,0.805949343155566,"social_isolation_avg"
"16064","ACOX1","Exc L4-5 RORB IL1RAPL2",0.0474788178878032,4.73714370687158,3.95097557817669,0.048495628064169,0.24745016164692,0.24745016164692,"social_isolation_avg"
"16065","TEN1","Exc L4-5 RORB IL1RAPL2",-0.0690791343902823,1.87014155441086,1.29297000682085,0.280693242408757,0.61179551199356,0.61179551199356,"social_isolation_avg"
"16066","CDK3","Exc L4-5 RORB IL1RAPL2",-0.0319859391119744,1.81357738366718,0.21110777992505,0.646504209659117,0.871261121863258,0.871261121863258,"social_isolation_avg"
"16067","EVPL","Exc L4-5 RORB IL1RAPL2",0.00744994619257602,0.36527166246896,0.00431417480460878,0.947710073803344,0.988740948001749,0.988740948001749,"social_isolation_avg"
"16068","SRP68","Exc L4-5 RORB IL1RAPL2",-0.054255417763594,4.68195414176152,5.65266573185251,0.0185714861875173,0.142539519854151,0.142539519854151,"social_isolation_avg"
"16069","ZACN","Exc L4-5 RORB IL1RAPL2",-0.0991383844780119,-0.314656471831234,0.57576243811862,0.467315351606138,0.762955114361825,0.762955114361825,"social_isolation_avg"
"16070","EXOC7","Exc L4-5 RORB IL1RAPL2",-0.0216306143877627,5.75246541633516,1.31609596826021,0.25295167915665,0.580534173485419,0.580534173485419,"social_isolation_avg"
"16071","RNF157-AS1","Exc L4-5 RORB IL1RAPL2",0.06219669881402,1.04292771392393,0.364783501135573,0.546689533517702,0.815611895947664,0.815611895947664,"social_isolation_avg"
"16072","RNF157","Exc L4-5 RORB IL1RAPL2",0.0201632890022979,7.09061245611083,0.973982522386995,0.325131348387644,0.652229924187665,0.652229924187665,"social_isolation_avg"
"16073","UBALD2","Exc L4-5 RORB IL1RAPL2",-0.0616704185722261,3.51112775971095,2.02146888059428,0.156973113998204,0.456626683607309,0.456626683607309,"social_isolation_avg"
"16074","QRICH2","Exc L4-5 RORB IL1RAPL2",0.026569813160774,4.62586030691815,0.592810770010473,0.442433200872649,0.744728679429754,0.744728679429754,"social_isolation_avg"
"16075","PRPSAP1","Exc L4-5 RORB IL1RAPL2",0.0430728139125282,5.73829395996105,2.64949486791366,0.105487412181358,0.375810078306056,0.375810078306056,"social_isolation_avg"
"16076","UBE2O","Exc L4-5 RORB IL1RAPL2",0.0267602730412928,6.80247004953246,2.45190936830245,0.119294415725795,0.397758197313849,0.397758197313849,"social_isolation_avg"
"16077","AANAT","Exc L4-5 RORB IL1RAPL2",-0.0153542878709133,0.528711544034437,0.0253579751177076,0.873672716092923,0.969934029327366,0.969934029327366,"social_isolation_avg"
"16078","RHBDF2","Exc L4-5 RORB IL1RAPL2",-0.159725704552907,-0.903630657382687,0.364908734045169,0.546620779187824,0.815611895947664,0.815611895947664,"social_isolation_avg"
"16079","CYGB","Exc L4-5 RORB IL1RAPL2",0.0324450021321988,3.48148355239894,0.374223749139235,0.541551384096386,0.812842593882891,0.812842593882891,"social_isolation_avg"
"16080","PRCD","Exc L4-5 RORB IL1RAPL2",0.0543660819828799,2.37529002376555,0.610075619055715,0.435876545072943,0.739916351274993,0.739916351274993,"social_isolation_avg"
"16081","AC015802.4","Exc L4-5 RORB IL1RAPL2",0.030969504745756,0.393645485825182,0.103345667452967,0.748257191115007,0.922090290027813,0.922090290027813,"social_isolation_avg"
"16082","ST6GALNAC2","Exc L4-5 RORB IL1RAPL2",0.173963294044503,0.155199900817274,1.99178193850937,0.160034137546959,0.461578781776144,0.461578781776144,"social_isolation_avg"
"16083","AC005837.1","Exc L4-5 RORB IL1RAPL2",-0.0527318572133653,-0.169112343092428,0.130996917208109,0.717862900627376,0.907830386655981,0.907830386655981,"social_isolation_avg"
"16084","MXRA7","Exc L4-5 RORB IL1RAPL2",-0.0564083804192995,4.66534572968222,3.28343382289777,0.0717972882862378,0.307068740989825,0.307068740989825,"social_isolation_avg"
"16085","JMJD6","Exc L4-5 RORB IL1RAPL2",-0.0479942164722573,3.80871778896053,2.19693524589118,0.140189359341118,0.432927924991907,0.432927924991907,"social_isolation_avg"
"16086","METTL23","Exc L4-5 RORB IL1RAPL2",-0.0907475103875818,1.85407121089208,2.32001441346295,0.129629679264855,0.414635494565333,0.414635494565333,"social_isolation_avg"
"16087","AC005837.2","Exc L4-5 RORB IL1RAPL2",-0.0986704912230854,0.165154298101799,0.704861788536755,0.402367478931026,0.714658901219765,0.714658901219765,"social_isolation_avg"
"16088","SRSF2","Exc L4-5 RORB IL1RAPL2",0.024974175842869,5.5183556101536,0.662483704138839,0.416855427576742,0.725422731083941,0.725422731083941,"social_isolation_avg"
"16089","MFSD11","Exc L4-5 RORB IL1RAPL2",0.0628893989413278,6.64253388565557,8.74134372048026,0.00356626505925983,0.0535109446362056,0.0535109446362056,"social_isolation_avg"
"16090","LINC02080","Exc L4-5 RORB IL1RAPL2",0.434714124769881,1.61289165731603,16.9917846570155,5.92779531922139e-05,0.00407853873581774,0.00407853873581774,"social_isolation_avg"
"16091","MGAT5B","Exc L4-5 RORB IL1RAPL2",-0.0131792850799975,6.45875515738524,0.260357807744825,0.610555126972775,0.852117185969555,0.852117185969555,"social_isolation_avg"
"16092","SEC14L1","Exc L4-5 RORB IL1RAPL2",0.000670948562823259,5.58556844346167,0.000683523848706944,0.979173787762665,0.996876364716566,0.996876364716566,"social_isolation_avg"
"16093","SEPT9","Exc L4-5 RORB IL1RAPL2",-0.0315631798279938,6.1514913968155,1.5097041526044,0.220930655143352,0.541831357870042,0.541831357870042,"social_isolation_avg"
"16094","AC021683.3","Exc L4-5 RORB IL1RAPL2",-0.128289405269759,2.13878725640989,3.6890410240757,0.0564924151128723,0.269786215636208,0.269786215636208,"social_isolation_avg"
"16095","AC021683.2","Exc L4-5 RORB IL1RAPL2",-0.00519879956851222,3.53291619997063,0.00624493512239137,0.937108402123779,0.987525930191257,0.987525930191257,"social_isolation_avg"
"16096","TNRC6C","Exc L4-5 RORB IL1RAPL2",0.0371110200048498,8.1791912941125,8.98062691452104,0.00314934531615276,0.049384982672215,0.049384982672215,"social_isolation_avg"
"16097","TMC8","Exc L4-5 RORB IL1RAPL2",0.152632362417026,-0.115623862596878,0.746576811639575,0.388814284316535,0.704081238408495,0.704081238408495,"social_isolation_avg"
"16098","SYNGR2","Exc L4-5 RORB IL1RAPL2",0.0200809278870127,2.18489730983009,0.133987250464664,0.714801270829895,0.906749642740932,0.906749642740932,"social_isolation_avg"
"16099","TK1","Exc L4-5 RORB IL1RAPL2",0.107505080458072,0.181907030948104,0.893241372916018,0.578069941598035,0.834779944818296,0.834779944818296,"social_isolation_avg"
"16100","AFMID","Exc L4-5 RORB IL1RAPL2",0.0505977726950666,4.73076506300583,2.15373102722349,0.144124067805966,0.438524507342096,0.438524507342096,"social_isolation_avg"
"16101","LINC01993","Exc L4-5 RORB IL1RAPL2",0.234927662503629,0.0497347445940877,3.98264009513232,0.0476140608763395,0.245011054077025,0.245011054077025,"social_isolation_avg"
"16102","PGS1","Exc L4-5 RORB IL1RAPL2",0.00621227789029476,4.63528476763024,0.0491600911151509,0.824804957090156,0.953583855066564,0.953583855066564,"social_isolation_avg"
"16103","DNAH17","Exc L4-5 RORB IL1RAPL2",0.0457060010612815,2.34843965477339,0.355910744744337,0.551602295834005,0.817944181559593,0.817944181559593,"social_isolation_avg"
"16104","CYTH1","Exc L4-5 RORB IL1RAPL2",0.0261477655928256,5.26609116983465,1.48736564292898,0.2243629610865,0.545371478252527,0.545371478252527,"social_isolation_avg"
"16105","USP36","Exc L4-5 RORB IL1RAPL2",0.0249338050686289,5.318045760699,1.18225133444538,0.278481075484095,0.609501495573691,0.609501495573691,"social_isolation_avg"
"16106","TIMP2","Exc L4-5 RORB IL1RAPL2",-0.00776699928644138,5.73360565808676,0.0368781259250862,0.847949103921355,0.961873912835597,0.961873912835597,"social_isolation_avg"
"16107","CANT1","Exc L4-5 RORB IL1RAPL2",-0.0632390285893858,3.2276039200593,2.99465254058574,0.0854060908961816,0.336218539117298,0.336218539117298,"social_isolation_avg"
"16108","C1QTNF1","Exc L4-5 RORB IL1RAPL2",0.0198357114185322,-0.497943288711127,0.0111855199290203,0.915899726475039,0.982314129660164,0.982314129660164,"social_isolation_avg"
"16109","ENGASE","Exc L4-5 RORB IL1RAPL2",-0.146484028551869,3.08568094514712,9.01051184083035,0.00310091419792262,0.0489686630449075,0.0489686630449075,"social_isolation_avg"
"16110","RBFOX3","Exc L4-5 RORB IL1RAPL2",0.00738460179166044,9.30030236541178,0.120090704246666,0.729376873722287,0.912971548952048,0.912971548952048,"social_isolation_avg"
"16111","CBX8","Exc L4-5 RORB IL1RAPL2",-0.0712364295580877,0.73426359193219,0.611856201951839,0.446733037569609,0.747660862769928,0.747660862769928,"social_isolation_avg"
"16112","CBX4","Exc L4-5 RORB IL1RAPL2",-0.128925661373389,3.73241408087615,12.3475651757472,0.000569722317879569,0.0162957026630989,0.0162957026630989,"social_isolation_avg"
"16113","TBC1D16","Exc L4-5 RORB IL1RAPL2",-0.0184643851602506,3.92262137368234,0.18102669832381,0.671045810213527,0.884298267656223,0.884298267656223,"social_isolation_avg"
"16114","CCDC40","Exc L4-5 RORB IL1RAPL2",0.058986798551137,3.90669929076982,1.21271897158348,0.272395294839384,0.601750306322939,0.601750306322939,"social_isolation_avg"
"16115","GAA","Exc L4-5 RORB IL1RAPL2",-0.0209671035227266,4.61905645692773,0.40379501379124,0.526014550718583,0.80498548455901,0.80498548455901,"social_isolation_avg"
"16116","EIF4A3","Exc L4-5 RORB IL1RAPL2",-0.123698608766988,2.81172976357166,7.04666194784654,0.0087173904265309,0.0906855571588242,0.0906855571588242,"social_isolation_avg"
"16117","CARD14","Exc L4-5 RORB IL1RAPL2",-0.139605115382979,0.915305978461232,2.92240948910509,0.0892339062856757,0.344640690106403,0.344640690106403,"social_isolation_avg"
"16118","AC087741.1","Exc L4-5 RORB IL1RAPL2",-0.0404385390253471,2.61177029682645,0.302372347827861,0.583141201833924,0.838296680672583,0.838296680672583,"social_isolation_avg"
"16119","SGSH","Exc L4-5 RORB IL1RAPL2",0.0276448914366893,1.99938648070038,0.19039491224085,0.66315751944939,0.880657174726411,0.880657174726411,"social_isolation_avg"
"16120","SLC26A11","Exc L4-5 RORB IL1RAPL2",0.00268115634466966,4.97974234746102,0.00662888023762988,0.935208085085448,0.986842461541563,0.986842461541563,"social_isolation_avg"
"16121","RNF213","Exc L4-5 RORB IL1RAPL2",0.0261600276723742,4.85371262660283,0.223872886730095,0.636728908891435,0.866571025320159,0.866571025320159,"social_isolation_avg"
"16122","AC124319.3","Exc L4-5 RORB IL1RAPL2",-0.152231874165425,-0.362964288916377,0.919733303254853,0.338945659741784,0.662519713633708,0.662519713633708,"social_isolation_avg"
"16123","AC124319.2","Exc L4-5 RORB IL1RAPL2",0.00900667437605316,6.13766576881451,0.176031526525897,0.675350883620296,0.886029265634422,0.886029265634422,"social_isolation_avg"
"16124","ENDOV","Exc L4-5 RORB IL1RAPL2",-0.0223263323462227,4.54108731113511,0.759996384160271,0.384594121119042,0.701434389281972,0.701434389281972,"social_isolation_avg"
"16125","NPTX1","Exc L4-5 RORB IL1RAPL2",-0.00102525885926413,6.91218416690838,0.00114978638113872,0.972991026116206,0.99572295699374,0.99572295699374,"social_isolation_avg"
"16126","RPTOR","Exc L4-5 RORB IL1RAPL2",0.0249063796154654,6.72364861905498,1.89171540287051,0.170869647328738,0.475808059632869,0.475808059632869,"social_isolation_avg"
"16127","CHMP6","Exc L4-5 RORB IL1RAPL2",-0.0358821718613831,3.32276315248418,0.618018145412598,0.432910225605119,0.737691082438567,0.737691082438567,"social_isolation_avg"
"16128","BAIAP2-DT","Exc L4-5 RORB IL1RAPL2",-0.120696320828913,3.71172128776413,6.96107420220022,0.00912617537834437,0.0937382972045386,0.0937382972045386,"social_isolation_avg"
"16129","BAIAP2","Exc L4-5 RORB IL1RAPL2",-0.0248112058752737,7.04169829594965,1.12350929393301,0.290710419736029,0.622091365282221,0.622091365282221,"social_isolation_avg"
"16130","AATK","Exc L4-5 RORB IL1RAPL2",0.0122421598381048,6.32851224131787,0.411228165237108,0.522234945564398,0.80224140659446,0.80224140659446,"social_isolation_avg"
"16131","PVALEF","Exc L4-5 RORB IL1RAPL2",0.0900359733294189,3.05316418110102,3.01012673955134,0.0846097282956874,0.334636427483842,0.334636427483842,"social_isolation_avg"
"16132","CEP131","Exc L4-5 RORB IL1RAPL2",0.0847662195617301,2.4802779802758,3.15534623985847,0.0775181838780858,0.319756171170103,0.319756171170103,"social_isolation_avg"
"16133","TEPSIN","Exc L4-5 RORB IL1RAPL2",-0.0125330545638843,2.95755195838206,0.0797498795091275,0.777989945192566,0.935858673440101,0.935858673440101,"social_isolation_avg"
"16134","NDUFAF8","Exc L4-5 RORB IL1RAPL2",-0.0462155943776856,4.17158805088076,1.7170025744826,0.191897197279868,0.503398890269058,0.503398890269058,"social_isolation_avg"
"16135","SLC38A10","Exc L4-5 RORB IL1RAPL2",-0.0410991602313428,4.41700074040325,1.99350037944828,0.159855092608626,0.461210461611437,0.461210461611437,"social_isolation_avg"
"16136","AC027601.4","Exc L4-5 RORB IL1RAPL2",0.0757164813529567,1.66938201043232,1.2072950855561,0.273466306080256,0.603192009567164,0.603192009567164,"social_isolation_avg"
"16137","AC110285.6","Exc L4-5 RORB IL1RAPL2",0.00409523178873578,1.03352773493926,0.00180352267218688,0.966176954306597,0.993646254835144,0.993646254835144,"social_isolation_avg"
"16138","AC110285.2","Exc L4-5 RORB IL1RAPL2",0.0712232205598618,1.76869879671595,0.521491716425667,0.471226417594235,0.765831658258181,0.765831658258181,"social_isolation_avg"
"16139","BAHCC1","Exc L4-5 RORB IL1RAPL2",0.00940038084178019,4.41541109331293,0.0966329549147113,0.756299909121896,0.925850839835364,0.925850839835364,"social_isolation_avg"
"16140","LINC01971","Exc L4-5 RORB IL1RAPL2",-0.125175096762056,0.199718977366982,1.48654370345235,0.224490474275501,0.545471203771253,0.545471203771253,"social_isolation_avg"
"16141","ACTG1","Exc L4-5 RORB IL1RAPL2",-0.130588290018426,6.9677100300785,15.0536145592846,0.000150661872497674,0.00737994745806832,0.00737994745806832,"social_isolation_avg"
"16142","AC139149.1","Exc L4-5 RORB IL1RAPL2",0.0454515678708902,0.777611528354927,0.215953931169817,0.642751802719372,0.868989414737637,0.868989414737637,"social_isolation_avg"
"16143","FAAP100","Exc L4-5 RORB IL1RAPL2",0.00374327838175796,2.86885699883046,0.00509982363118654,0.94315535427123,0.987984052456339,0.987984052456339,"social_isolation_avg"
"16144","NPLOC4","Exc L4-5 RORB IL1RAPL2",0.0239811158753732,6.26328614909696,1.22517250464853,0.269956125547735,0.599793312762881,0.599793312762881,"social_isolation_avg"
"16145","TSPAN10","Exc L4-5 RORB IL1RAPL2",-0.0705863390368858,0.301413679899782,0.275063546278139,0.60065776355457,0.846684462803846,0.846684462803846,"social_isolation_avg"
"16146","PDE6G","Exc L4-5 RORB IL1RAPL2",0.136334132100738,-0.304189751237949,0.78792511787737,0.376018021394969,0.694992378901456,0.694992378901456,"social_isolation_avg"
"16147","OXLD1","Exc L4-5 RORB IL1RAPL2",-0.0381800629568388,3.13641737836575,0.737921358511029,0.391571570648634,0.706823668025453,0.706823668025453,"social_isolation_avg"
"16148","CCDC137","Exc L4-5 RORB IL1RAPL2",-0.0500394858220555,3.41204463002547,1.6280089361359,0.203768665094911,0.520170927180358,0.520170927180358,"social_isolation_avg"
"16149","ARL16","Exc L4-5 RORB IL1RAPL2",-0.077555497757723,3.69285901561424,3.16613637855074,0.077017680425043,0.318604497752418,0.318604497752418,"social_isolation_avg"
"16150","HGS","Exc L4-5 RORB IL1RAPL2",-0.0173308407374054,4.96520232398471,0.442065342810198,0.507053832057744,0.791481308736793,0.791481308736793,"social_isolation_avg"
"16151","AC139530.3","Exc L4-5 RORB IL1RAPL2",-0.0485017008735603,0.281858381894717,0.185562939605635,0.667196675232499,0.882860919789784,0.882860919789784,"social_isolation_avg"
"16152","AC139530.1","Exc L4-5 RORB IL1RAPL2",-0.0170795444416275,1.7312779569564,0.0736746502506989,0.786398444146235,0.9391217471403,0.9391217471403,"social_isolation_avg"
"16153","AC139530.2","Exc L4-5 RORB IL1RAPL2",-0.0573973011710517,-0.230350224601149,0.156829950795569,0.692602736774571,0.895315732903714,0.895315732903714,"social_isolation_avg"
"16154","SLC25A10","Exc L4-5 RORB IL1RAPL2",-0.0868622499385473,0.850340057250477,0.934557511393776,0.543259287707044,0.813995208412957,0.813995208412957,"social_isolation_avg"
"16155","MCRIP1","Exc L4-5 RORB IL1RAPL2",-0.155286335110193,5.14000858361663,30.190906500502,1.4561539664923e-07,0.000125235860000004,0.000125235860000004,"social_isolation_avg"
"16156","P4HB","Exc L4-5 RORB IL1RAPL2",-0.0456012861508632,4.81696916242419,4.49495357048579,0.0354876055746638,0.206476317674728,0.206476317674728,"social_isolation_avg"
"16157","ARHGDIA","Exc L4-5 RORB IL1RAPL2",-0.0526209785094908,5.23500283006002,3.53121155033,0.0619839733692604,0.283052568192895,0.283052568192895,"social_isolation_avg"
"16158","AC145207.5","Exc L4-5 RORB IL1RAPL2",-0.252936254373231,0.894385076475292,7.27382211190413,0.0077217184222662,0.0852905045345585,0.0852905045345585,"social_isolation_avg"
"16159","ALYREF","Exc L4-5 RORB IL1RAPL2",-0.149433424628382,0.914952535413051,2.3906510343447,0.123975181708798,0.405555742239309,0.405555742239309,"social_isolation_avg"
"16160","ANAPC11","Exc L4-5 RORB IL1RAPL2",-0.18214398816468,4.05504765387783,31.1654010425022,9.53436332203695e-08,0.000108322552969804,0.000108322552969804,"social_isolation_avg"
"16161","NPB","Exc L4-5 RORB IL1RAPL2",-0.130395352566827,0.656260905048326,1.34526178877271,0.247780739126358,0.574094118616753,0.574094118616753,"social_isolation_avg"
"16162","PCYT2","Exc L4-5 RORB IL1RAPL2",-0.0774454855848071,3.65519539085829,3.81278581854554,0.0525518226782508,0.259481481444464,0.259481481444464,"social_isolation_avg"
"16163","SIRT7","Exc L4-5 RORB IL1RAPL2",-0.0297481530598311,4.45576309930466,0.925671697726604,0.337395492427285,0.661265808184862,0.661265808184862,"social_isolation_avg"
"16164","MAFG","Exc L4-5 RORB IL1RAPL2",0.0129267606450833,4.90724599390006,0.10578640630095,0.745404526007872,0.920785167671651,0.920785167671651,"social_isolation_avg"
"16165","MAFG-DT","Exc L4-5 RORB IL1RAPL2",-0.174335939578239,1.70517253910173,4.25156403962098,0.0407794710720398,0.224821786758178,0.224821786758178,"social_isolation_avg"
"16166","PYCR1","Exc L4-5 RORB IL1RAPL2",-0.104330872327018,0.860321504088505,1.70181728139177,0.193863883641237,0.506293794668853,0.506293794668853,"social_isolation_avg"
"16167","MYADML2","Exc L4-5 RORB IL1RAPL2",0.0879496891091203,0.146234314062898,0.457999501974831,0.499506336222753,0.786014647344504,0.786014647344504,"social_isolation_avg"
"16168","AC145207.1","Exc L4-5 RORB IL1RAPL2",0.0422528757778821,3.00188350527992,0.77542678087207,0.379821972590479,0.698068144087854,0.698068144087854,"social_isolation_avg"
"16169","NOTUM","Exc L4-5 RORB IL1RAPL2",0.14716644270012,0.412563102454178,1.72840053674364,0.19043642710079,0.501147098355222,0.501147098355222,"social_isolation_avg"
"16170","ASPSCR1","Exc L4-5 RORB IL1RAPL2",0.0119684337290918,4.6545812654724,0.174069057603092,0.677061903711118,0.886579431097481,0.886579431097481,"social_isolation_avg"
"16171","CENPX","Exc L4-5 RORB IL1RAPL2",-0.13491469778896,3.48211811928642,9.39608559419671,0.00254040115276132,0.0431480522543959,0.0431480522543959,"social_isolation_avg"
"16172","LRRC45","Exc L4-5 RORB IL1RAPL2",-0.0173657683309456,2.93020338014091,0.137717497321146,0.71103594840186,0.904975073051627,0.904975073051627,"social_isolation_avg"
"16173","RAC3","Exc L4-5 RORB IL1RAPL2",-0.0814095082689196,3.66670291716317,3.80242817326632,0.0528701042270881,0.260641547967412,0.260641547967412,"social_isolation_avg"
"16174","DCXR","Exc L4-5 RORB IL1RAPL2",-0.0530673464006254,2.98269820733047,0.943258599045914,0.332860245056046,0.657716341300692,0.657716341300692,"social_isolation_avg"
"16175","RFNG","Exc L4-5 RORB IL1RAPL2",-0.0221749487234608,4.53382920131643,0.298133697771497,0.58579096085888,0.839233040842801,0.839233040842801,"social_isolation_avg"
"16176","GPS1","Exc L4-5 RORB IL1RAPL2",-0.0475934334259999,4.48763058700062,2.69678515939867,0.10245190560376,0.370859017411195,0.370859017411195,"social_isolation_avg"
"16177","DUS1L","Exc L4-5 RORB IL1RAPL2",0.0671683668187117,4.55738286286029,3.9733499627226,0.0478709226123169,0.245995883076031,0.245995883076031,"social_isolation_avg"
"16178","FASN","Exc L4-5 RORB IL1RAPL2",0.0338537772462317,4.90175241231763,1.03628247377746,0.310175298631522,0.639709655052564,0.639709655052564,"social_isolation_avg"
"16179","CCDC57","Exc L4-5 RORB IL1RAPL2",0.0429894012277653,7.01115431323986,4.24877254320821,0.0408448033432411,0.225050822381323,0.225050822381323,"social_isolation_avg"
"16180","AC132872.2","Exc L4-5 RORB IL1RAPL2",0.282100331715485,-0.738432379588658,2.56351024011027,0.111264942627583,0.385434635565087,0.385434635565087,"social_isolation_avg"
"16181","SLC16A3","Exc L4-5 RORB IL1RAPL2",-0.0634289575408404,1.31522254435975,0.638031350498394,0.62341608806955,0.859115499079676,0.859115499079676,"social_isolation_avg"
"16182","CSNK1D","Exc L4-5 RORB IL1RAPL2",-0.0203460303051064,5.43922851832092,1.05624778685384,0.305574099982774,0.6361280169187,0.6361280169187,"social_isolation_avg"
"16183","AC132872.1","Exc L4-5 RORB IL1RAPL2",0.0411848851486854,3.07912480107441,0.610365450527897,0.435767754442933,0.739916351274993,0.739916351274993,"social_isolation_avg"
"16184","AC132938.1","Exc L4-5 RORB IL1RAPL2",0.0412627719888926,1.91116376280376,0.348211103489472,0.55593334725414,0.820522115258634,0.820522115258634,"social_isolation_avg"
"16185","OGFOD3","Exc L4-5 RORB IL1RAPL2",-0.0375355917063484,4.06633792892934,1.37146229557209,0.24324621692564,0.567994776064425,0.567994776064425,"social_isolation_avg"
"16186","HEXDC","Exc L4-5 RORB IL1RAPL2",0.0278770643963727,4.58547017519277,0.55949439706033,0.455526895168297,0.753961544069962,0.753961544069962,"social_isolation_avg"
"16187","CYBC1","Exc L4-5 RORB IL1RAPL2",-0.0522095253816427,3.42698629459381,1.29299541647484,0.257142342608379,0.585461187576081,0.585461187576081,"social_isolation_avg"
"16188","NARF","Exc L4-5 RORB IL1RAPL2",-0.0128530072064948,5.81830185244074,0.291348005920807,0.590084387070653,0.8411803426327,0.8411803426327,"social_isolation_avg"
"16189","FOXK2","Exc L4-5 RORB IL1RAPL2",0.0198452155112146,6.52346050816513,1.62340102639221,0.204406662261967,0.521147873577139,0.521147873577139,"social_isolation_avg"
"16190","AC124283.1","Exc L4-5 RORB IL1RAPL2",-0.266704429490349,0.378440620110648,3.83654173649884,0.0518295303110745,0.257257750004156,0.257257750004156,"social_isolation_avg"
"16191","WDR45B","Exc L4-5 RORB IL1RAPL2",0.0439617881134536,5.32051526426209,3.6367594570153,0.0582513406047116,0.27437730036887,0.27437730036887,"social_isolation_avg"
"16192","RAB40B","Exc L4-5 RORB IL1RAPL2",-0.0531019262422021,5.21052110278903,3.20958033521239,0.0750377167900209,0.31355756170141,0.31355756170141,"social_isolation_avg"
"16193","AC024361.2","Exc L4-5 RORB IL1RAPL2",-0.0932734976648477,0.61875804853236,0.653144940201091,0.420152084644035,0.72706215415674,0.72706215415674,"social_isolation_avg"
"16194","FN3KRP","Exc L4-5 RORB IL1RAPL2",-0.00930020981218727,3.84256491345233,0.0914642758569933,0.762704040017366,0.929286899099656,0.929286899099656,"social_isolation_avg"
"16195","FN3K","Exc L4-5 RORB IL1RAPL2",0.00764716272383036,4.00659919004649,0.034148894066627,0.853616995389761,0.962543291381206,0.962543291381206,"social_isolation_avg"
"16196","TBCD","Exc L4-5 RORB IL1RAPL2",0.0211066814315736,6.68028295852075,1.35499904832347,0.246083468089904,0.57186751409102,0.57186751409102,"social_isolation_avg"
"16197","B3GNTL1","Exc L4-5 RORB IL1RAPL2",0.00104495842496144,3.74175727447463,0.00057649132159207,0.98087340621609,0.997104481760847,0.997104481760847,"social_isolation_avg"
"16198","AC139099.3","Exc L4-5 RORB IL1RAPL2",-0.154537691214669,0.412902016080337,1.18944887812142,0.277028004907673,0.607514495134482,0.607514495134482,"social_isolation_avg"
"16199","USP14","Exc L4-5 RORB IL1RAPL2",0.0029170432655468,6.35229191056136,0.0402331756825855,0.912758351156971,0.981657819619611,0.981657819619611,"social_isolation_avg"
"16200","THOC1","Exc L4-5 RORB IL1RAPL2",0.0574974228886692,5.7102101497805,9.32169932504019,0.00263980297816751,0.0440456015431283,0.0440456015431283,"social_isolation_avg"
"16201","CLUL1","Exc L4-5 RORB IL1RAPL2",-0.116946176142647,2.7586326002935,1.60134698885772,0.207493274429174,0.525144495114287,0.525144495114287,"social_isolation_avg"
"16202","AP001178.3","Exc L4-5 RORB IL1RAPL2",-0.305027186205077,0.549978459395084,6.30871871823339,0.0129738900854771,0.114471450220973,0.114471450220973,"social_isolation_avg"
"16203","ENOSF1","Exc L4-5 RORB IL1RAPL2",-0.112709866608635,-0.178699530002113,0.115890857993647,0.733966888076931,0.914752600565052,0.914752600565052,"social_isolation_avg"
"16204","AP000894.3","Exc L4-5 RORB IL1RAPL2",-0.233179696037462,-0.2439964294694,2.13799745144209,0.145587968919851,0.440817724425107,0.440817724425107,"social_isolation_avg"
"16205","ADCYAP1","Exc L4-5 RORB IL1RAPL2",-0.425025787647773,0.112813908405459,3.30123375276567,0.0710391557468354,0.305484514974062,0.305484514974062,"social_isolation_avg"
"16206","AP005328.2","Exc L4-5 RORB IL1RAPL2",0.161917754348742,0.0295960578030664,1.34939615216916,0.247058335796177,0.57304000253624,0.57304000253624,"social_isolation_avg"
"16207","AP005328.1","Exc L4-5 RORB IL1RAPL2",-0.260215931255861,1.72075275287479,1.83767064293508,0.177073477449996,0.483358716064122,0.483358716064122,"social_isolation_avg"
"16208","LINC00470","Exc L4-5 RORB IL1RAPL2",-0.121580955684363,1.17501950835025,0.379169835737372,0.538894808815891,0.811882210176405,0.811882210176405,"social_isolation_avg"
"16209","AC008109.1","Exc L4-5 RORB IL1RAPL2",0.084912993819579,0.109713980644326,0.615284621182524,0.433927628906314,0.738822061143714,0.738822061143714,"social_isolation_avg"
"16210","AC019183.1","Exc L4-5 RORB IL1RAPL2",0.158691930817135,-0.375697468880825,1.03007051800476,0.311625369092132,0.640803552295651,0.640803552295651,"social_isolation_avg"
"16211","AP005230.1","Exc L4-5 RORB IL1RAPL2",0.0132403286338079,4.15941853336261,0.0488897869501553,0.825279405961545,0.953827600036552,0.953827600036552,"social_isolation_avg"
"16212","METTL4","Exc L4-5 RORB IL1RAPL2",-0.00658555624323734,4.01667908048486,0.0546152004551385,0.815507876699617,0.951591878420689,0.951591878420689,"social_isolation_avg"
"16213","NDC80","Exc L4-5 RORB IL1RAPL2",0.0426776675389778,0.0349797493397629,0.126321532478097,0.778851869992879,0.936222594947799,0.936222594947799,"social_isolation_avg"
"16214","SMCHD1","Exc L4-5 RORB IL1RAPL2",0.0288695488495755,6.85491683339543,3.33635818223154,0.0695684092285493,0.302129225180708,0.302129225180708,"social_isolation_avg"
"16215","AP001011.1","Exc L4-5 RORB IL1RAPL2",-0.0335178048626109,2.75056945781445,0.359363123580389,0.54968094434142,0.816643784119922,0.816643784119922,"social_isolation_avg"
"16216","LPIN2","Exc L4-5 RORB IL1RAPL2",-0.0451098259292873,5.70385210605734,3.67796330653624,0.0568602964611835,0.270927642745417,0.270927642745417,"social_isolation_avg"
"16217","AP000919.2","Exc L4-5 RORB IL1RAPL2",-0.202834756771748,0.399019403335108,3.3165482289957,0.0703938096255613,0.303744983405444,0.303744983405444,"social_isolation_avg"
"16218","MYOM1","Exc L4-5 RORB IL1RAPL2",-0.0284323223698758,3.40414742029799,0.257376818464294,0.612604254721398,0.853014508673667,0.853014508673667,"social_isolation_avg"
"16219","AP005329.2","Exc L4-5 RORB IL1RAPL2",0.0908074810855192,0.550747058100672,0.78660106838468,0.376418444948622,0.695027880189739,0.695027880189739,"social_isolation_avg"
"16220","MYL12A","Exc L4-5 RORB IL1RAPL2",-0.0243279954655079,0.982095363354477,0.0817046088647452,0.775358424647687,0.934847177261128,0.934847177261128,"social_isolation_avg"
"16221","MYL12B","Exc L4-5 RORB IL1RAPL2",-0.137926383102382,5.15485292548122,28.0370708343547,3.74621854790451e-07,0.000214794548923943,0.000214794548923943,"social_isolation_avg"
"16222","AP001025.1","Exc L4-5 RORB IL1RAPL2",0.204994842969943,2.42479077464716,7.14043439802863,0.00829119015757562,0.0883993991319149,0.0883993991319149,"social_isolation_avg"
"16223","TGIF1","Exc L4-5 RORB IL1RAPL2",-0.0995985624567304,1.94324404329423,1.64348762600698,0.201642767779563,0.516804440502994,0.516804440502994,"social_isolation_avg"
"16224","DLGAP1","Exc L4-5 RORB IL1RAPL2",0.0235517946248327,10.9388877902246,2.83387588910149,0.0941830156376641,0.35505814681814,0.35505814681814,"social_isolation_avg"
"16225","DLGAP1-AS1","Exc L4-5 RORB IL1RAPL2",-0.021537919498575,1.21164143868196,0.0816712332324923,0.879365208517719,0.971919007001401,0.971919007001401,"social_isolation_avg"
"16226","DLGAP1-AS2","Exc L4-5 RORB IL1RAPL2",0.0740395323924695,0.0250340206963373,0.361326304407223,0.548593969687327,0.816327124697127,0.816327124697127,"social_isolation_avg"
"16227","DLGAP1-AS3","Exc L4-5 RORB IL1RAPL2",0.0423454575302794,2.156357934873,0.378490353122251,0.539258342384582,0.811888212208856,0.811888212208856,"social_isolation_avg"
"16228","DLGAP1-AS4","Exc L4-5 RORB IL1RAPL2",-0.05511864196537,6.04638714494478,2.95599796525602,0.0874313878412909,0.340831025080322,0.340831025080322,"social_isolation_avg"
"16229","DLGAP1-AS5","Exc L4-5 RORB IL1RAPL2",0.0463398761432401,1.37025559387095,0.295145801687003,0.587673567664246,0.840010352191718,0.840010352191718,"social_isolation_avg"
"16230","AP005203.1","Exc L4-5 RORB IL1RAPL2",0.150570035713763,0.897556315253581,2.34032676410195,0.12797456693853,0.411761627044943,0.411761627044943,"social_isolation_avg"
"16231","AP001496.2","Exc L4-5 RORB IL1RAPL2",0.0540377717808455,0.560882256676766,0.236455579142273,0.62742193416517,0.861458386802464,0.861458386802464,"social_isolation_avg"
"16232","LINC00667","Exc L4-5 RORB IL1RAPL2",-0.0221055311855362,4.66648728755562,0.306527702257002,0.580566913656349,0.836412771697586,0.836412771697586,"social_isolation_avg"
"16233","ZBTB14","Exc L4-5 RORB IL1RAPL2",-0.0876297165744254,2.27314610016534,2.92764191322248,0.0889504567732559,0.344178239796886,0.344178239796886,"social_isolation_avg"
"16234","AP005671.1","Exc L4-5 RORB IL1RAPL2",0.0736163350854149,2.96856070929458,2.6842059715202,0.103249818128833,0.37227088515734,0.37227088515734,"social_isolation_avg"
"16235","EPB41L3","Exc L4-5 RORB IL1RAPL2",-0.00859641385509344,7.99398401342534,0.24921127294994,0.618294752433481,0.855735133552329,0.855735133552329,"social_isolation_avg"
"16236","AP005059.2","Exc L4-5 RORB IL1RAPL2",0.0275266238735643,-0.161857675017443,0.0384779922173423,0.844727385980657,0.961215231545587,0.961215231545587,"social_isolation_avg"
"16237","AP005059.1","Exc L4-5 RORB IL1RAPL2",0.0362268777696863,1.24470443011244,0.140624980341674,0.708141195479257,0.903306187404487,0.903306187404487,"social_isolation_avg"
"16238","MIR3976HG","Exc L4-5 RORB IL1RAPL2",-0.351101070086747,0.381366528095845,2.36078540678465,0.126331476660095,0.409538970165627,0.409538970165627,"social_isolation_avg"
"16239","TMEM200C","Exc L4-5 RORB IL1RAPL2",0.0446142379952614,3.9009210283825,0.863966688110158,0.353986423192133,0.674459661788262,0.674459661788262,"social_isolation_avg"
"16240","AP005433.1","Exc L4-5 RORB IL1RAPL2",0.0508990083654018,3.63142730931873,1.37338658149207,0.242917217302466,0.567857260758582,0.567857260758582,"social_isolation_avg"
"16241","L3MBTL4","Exc L4-5 RORB IL1RAPL2",0.0686992512075771,7.15400639627155,4.04754142008973,0.0458600443676717,0.240431670679057,0.240431670679057,"social_isolation_avg"
"16242","AP001021.1","Exc L4-5 RORB IL1RAPL2",0.163376372845938,0.231019983015805,1.94366091460425,0.165142759050214,0.4687572722035,0.4687572722035,"social_isolation_avg"
"16243","AP001021.2","Exc L4-5 RORB IL1RAPL2",0.0881576251172914,1.8732782490851,1.19112972235076,0.27669005326554,0.607196995805762,0.607196995805762,"social_isolation_avg"
"16244","LINC01387","Exc L4-5 RORB IL1RAPL2",-0.294983912061964,-0.190513151041175,3.80968601816932,0.0526468616275573,0.259815145762914,0.259815145762914,"social_isolation_avg"
"16245","ARHGAP28","Exc L4-5 RORB IL1RAPL2",0.0477617424121886,4.78559517136752,0.992185212970417,0.320664785315835,0.647693822887775,0.647693822887775,"social_isolation_avg"
"16246","LAMA1","Exc L4-5 RORB IL1RAPL2",0.0282868924931373,1.3343973028443,0.0934186303758161,0.760259819104621,0.92787630523915,0.92787630523915,"social_isolation_avg"
"16247","PTPRM","Exc L4-5 RORB IL1RAPL2",0.00162955027590171,6.9210125301369,0.0015798598311872,0.968342437632831,0.9941928619423,0.9941928619423,"social_isolation_avg"
"16248","RAB12","Exc L4-5 RORB IL1RAPL2",0.0477677481911981,5.62627572557436,5.8541515386459,0.0166248989292865,0.132500095379288,0.132500095379288,"social_isolation_avg"
"16249","GACAT2","Exc L4-5 RORB IL1RAPL2",0.0650241028466813,2.07900468449054,1.21614154767988,0.374183105286179,0.692954735746284,0.692954735746284,"social_isolation_avg"
"16250","MTCL1","Exc L4-5 RORB IL1RAPL2",-0.0116310850915694,6.77262543676476,0.273892578360745,0.601433352669233,0.847172435051866,0.847172435051866,"social_isolation_avg"
"16251","NDUFV2","Exc L4-5 RORB IL1RAPL2",-0.0524536880205464,5.16325340866977,4.96336251217287,0.0272394345429713,0.177295266937585,0.177295266937585,"social_isolation_avg"
"16252","AP005899.1","Exc L4-5 RORB IL1RAPL2",-0.223638825107774,0.635431269246811,2.45050215999811,0.119399699320656,0.397758197313849,0.397758197313849,"social_isolation_avg"
"16253","NDUFV2-AS1","Exc L4-5 RORB IL1RAPL2",-0.0147684232857678,3.06835803698055,0.0879353049461576,0.767190846524631,0.930752216418103,0.930752216418103,"social_isolation_avg"
"16254","ANKRD12","Exc L4-5 RORB IL1RAPL2",0.0162168704107491,7.98970374496831,0.820496045638993,0.366353619735301,0.684594735127667,0.684594735127667,"social_isolation_avg"
"16255","AP001033.1","Exc L4-5 RORB IL1RAPL2",0.20696309834345,0.42008516590035,5.458450647771,0.0206737618994146,0.151556857380404,0.151556857380404,"social_isolation_avg"
"16256","TWSG1","Exc L4-5 RORB IL1RAPL2",0.0225684450323226,4.76602331614743,0.674774529132963,0.412575127157053,0.722407364514029,0.722407364514029,"social_isolation_avg"
"16257","RALBP1","Exc L4-5 RORB IL1RAPL2",-0.0697870517175013,5.85087644382973,10.9014631645181,0.00117749334828223,0.0263068217280797,0.0263068217280797,"social_isolation_avg"
"16258","PPP4R1","Exc L4-5 RORB IL1RAPL2",0.0088503917844409,5.60358096141377,0.212408033490228,0.645492325406128,0.870313928277694,0.870313928277694,"social_isolation_avg"
"16259","PPP4R1-AS1","Exc L4-5 RORB IL1RAPL2",-0.0691819673143633,0.0361154948789646,0.337125089730087,0.68006796434635,0.888161930860731,0.888161930860731,"social_isolation_avg"
"16260","RAB31","Exc L4-5 RORB IL1RAPL2",-0.0634497854880755,4.29680753533345,1.11624412316008,0.29227029873599,0.623502448383029,0.623502448383029,"social_isolation_avg"
"16261","VAPA","Exc L4-5 RORB IL1RAPL2",-0.0399928998447748,6.77970470535818,8.05519641081835,0.00510625733397076,0.066174996586343,0.066174996586343,"social_isolation_avg"
"16262","NAPG","Exc L4-5 RORB IL1RAPL2",-0.00282590929761033,6.07181947596172,0.00859425926518554,0.926250006688359,0.98417618971798,0.98417618971798,"social_isolation_avg"
"16263","AP001099.1","Exc L4-5 RORB IL1RAPL2",-0.166186133470026,0.86681187041162,2.03979892136794,0.155116620033433,0.454258097454355,0.454258097454355,"social_isolation_avg"
"16264","LINC01887","Exc L4-5 RORB IL1RAPL2",0.0299850912796741,-0.203276608897264,0.036227206437083,0.849280603212001,0.961873912835597,0.961873912835597,"social_isolation_avg"
"16265","GNAL","Exc L4-5 RORB IL1RAPL2",-0.853967150349266,0.605564836483876,5.54763543446879,0.0196791082005126,0.147057032488901,0.147057032488901,"social_isolation_avg"
"16266","MPPE1","Exc L4-5 RORB IL1RAPL2",0.0134050909112029,4.88541494173084,0.107914591236713,0.742946734768585,0.919859649820468,0.919859649820468,"social_isolation_avg"
"16267","AP001269.4","Exc L4-5 RORB IL1RAPL2",0.0806266960941056,0.244285734270327,0.38749607389427,0.534476296915011,0.809700884133067,0.809700884133067,"social_isolation_avg"
"16268","ANKRD62","Exc L4-5 RORB IL1RAPL2",0.194348614844323,1.78540163848999,2.45134026008642,0.119336982410471,0.397758197313849,0.397758197313849,"social_isolation_avg"
"16269","CIDEA","Exc L4-5 RORB IL1RAPL2",-0.238515472000975,0.309646954211431,3.25043238490481,0.0732261466000586,0.309904434307757,0.309904434307757,"social_isolation_avg"
"16270","TUBB6","Exc L4-5 RORB IL1RAPL2",0.0233717183439399,0.704038373435564,0.0532203651938364,0.817836732231646,0.95173681103112,0.95173681103112,"social_isolation_avg"
"16271","AFG3L2","Exc L4-5 RORB IL1RAPL2",-0.052625785930091,5.09272619778001,5.89480797520098,0.0162585947275267,0.1305107006836,0.1305107006836,"social_isolation_avg"
"16272","PRELID3A","Exc L4-5 RORB IL1RAPL2",-0.0124120826989799,4.75573501137013,0.251551468109869,0.616652089145359,0.854746611446451,0.854746611446451,"social_isolation_avg"
"16273","AP001029.1","Exc L4-5 RORB IL1RAPL2",0.0647632140619039,0.0527344142498938,0.22511950802937,0.635792698633727,0.86614109373236,0.86614109373236,"social_isolation_avg"
"16274","AP001029.2","Exc L4-5 RORB IL1RAPL2",0.268994467443193,1.01632156867957,7.74111052471843,0.00602586282471374,0.0737904568809516,0.0737904568809516,"social_isolation_avg"
"16275","SPIRE1","Exc L4-5 RORB IL1RAPL2",0.0300277521495749,7.8230042316277,6.30708408183814,0.0129854072396518,0.114490629255103,0.114490629255103,"social_isolation_avg"
"16276","PSMG2","Exc L4-5 RORB IL1RAPL2",0.0229489526133818,6.1653224179279,1.63021948945335,0.203463437980442,0.519602066409493,0.519602066409493,"social_isolation_avg"
"16277","CEP76","Exc L4-5 RORB IL1RAPL2",0.0159867558625684,4.14772322891858,0.319731958005075,0.572535481071211,0.831257200533179,0.831257200533179,"social_isolation_avg"
"16278","PTPN2","Exc L4-5 RORB IL1RAPL2",0.0125180541937561,6.58493554904789,0.400491650441193,0.527709959560358,0.805949343155566,0.805949343155566,"social_isolation_avg"
"16279","SEH1L","Exc L4-5 RORB IL1RAPL2",-0.0285969128600188,4.52076413388754,0.991047966535295,0.320941449969936,0.648082515995854,0.648082515995854,"social_isolation_avg"
"16280","CEP192","Exc L4-5 RORB IL1RAPL2",0.0559053508802083,7.00163122307798,14.4526038248981,0.000201848704608876,0.00884806022655294,0.00884806022655294,"social_isolation_avg"
"16281","LDLRAD4","Exc L4-5 RORB IL1RAPL2",0.0609299226792051,8.79263979655991,4.23159883609464,0.0412491870466153,0.22615933587627,0.22615933587627,"social_isolation_avg"
"16282","AP005131.5","Exc L4-5 RORB IL1RAPL2",0.059213392641508,0.00976240174870416,0.179331359773746,0.672498986383633,0.884557060922122,0.884557060922122,"social_isolation_avg"
"16283","AP005131.1","Exc L4-5 RORB IL1RAPL2",0.0929043012468345,0.308914822137889,0.476072157991248,0.49117445477263,0.78089037011468,0.78089037011468,"social_isolation_avg"
"16284","FAM210A","Exc L4-5 RORB IL1RAPL2",-0.0351562550525066,4.46715493487775,1.73859250249593,0.189141271612458,0.499614965821489,0.499614965821489,"social_isolation_avg"
"16285","RNMT","Exc L4-5 RORB IL1RAPL2",0.00260610393566842,6.47462775225325,0.0215996225710593,0.883336297721954,0.973227420174169,0.973227420174169,"social_isolation_avg"
"16286","ZNF519","Exc L4-5 RORB IL1RAPL2",0.0583473728129488,6.6756700474006,8.64814451639737,0.0037436402136207,0.0552617029584434,0.0552617029584434,"social_isolation_avg"
"16287","ANKRD30B","Exc L4-5 RORB IL1RAPL2",-0.048758922156137,4.94505972571096,0.69473321449142,0.405761888803351,0.717125033689968,0.717125033689968,"social_isolation_avg"
"16288","AP006565.1","Exc L4-5 RORB IL1RAPL2",-0.0210931718016121,1.17624743709407,0.0638829320019924,0.800774880779948,0.944545945965799,0.944545945965799,"social_isolation_avg"
"16289","AP005121.1","Exc L4-5 RORB IL1RAPL2",0.0328287035479742,0.721271640319028,0.0677423098886851,0.794976721629291,0.942938474796127,0.942938474796127,"social_isolation_avg"
"16290","LINC01443","Exc L4-5 RORB IL1RAPL2",-0.0967432982589424,-0.227793225283844,0.3836256710496,0.536521953895139,0.810630990150118,0.810630990150118,"social_isolation_avg"
"16291","AP005242.1","Exc L4-5 RORB IL1RAPL2",0.118883061340254,-0.194662115432632,0.723148642214812,0.396343133109055,0.710623369805403,0.710623369805403,"social_isolation_avg"
"16292","AP005901.2","Exc L4-5 RORB IL1RAPL2",0.0113947745569651,1.021427923319,0.00551859342814101,0.94087165643466,0.987961902248838,0.987961902248838,"social_isolation_avg"
"16293","ROCK1","Exc L4-5 RORB IL1RAPL2",0.0216137883881677,6.70508446653456,1.42245927715786,0.234708271850438,0.557833841437273,0.557833841437273,"social_isolation_avg"
"16294","GREB1L","Exc L4-5 RORB IL1RAPL2",0.0309703863875337,3.36800903274057,0.17812130811557,0.67354115968975,0.885373925419602,0.885373925419602,"social_isolation_avg"
"16295","AC015878.1","Exc L4-5 RORB IL1RAPL2",0.0925182287834121,0.185542408770257,0.624511111170166,0.580728004956989,0.836412771697586,0.836412771697586,"social_isolation_avg"
"16296","ESCO1","Exc L4-5 RORB IL1RAPL2",0.0651283916547407,5.61749223919258,8.36673776680959,0.004336318903947,0.0602404478572549,0.0602404478572549,"social_isolation_avg"
"16297","SNRPD1","Exc L4-5 RORB IL1RAPL2",-0.0246969147971487,4.23563188594934,0.771034931637142,0.572654768904922,0.831366598822223,0.831366598822223,"social_isolation_avg"
"16298","ABHD3","Exc L4-5 RORB IL1RAPL2",0.00315887915943509,5.30739073548255,0.00585537522360122,0.939097604810093,0.987766326490576,0.987766326490576,"social_isolation_avg"
"16299","AC106037.2","Exc L4-5 RORB IL1RAPL2",-0.018128694751732,-0.616540732131114,0.0109965440818736,0.916610538302835,0.982672559081417,0.982672559081417,"social_isolation_avg"
"16300","MIB1","Exc L4-5 RORB IL1RAPL2",0.00475655634014714,7.00000124858679,0.0683628298022239,0.794061083008031,0.942443216133168,0.942443216133168,"social_isolation_avg"
"16301","MIR133A1HG","Exc L4-5 RORB IL1RAPL2",-0.197455135933492,-0.0909007816564114,1.88629016540672,0.17148090309813,0.4763750062428,0.4763750062428,"social_isolation_avg"
"16302","LINC01900","Exc L4-5 RORB IL1RAPL2",0.169394455071382,-0.0828555485013155,2.05283966023691,0.181936324868716,0.488383844424893,0.488383844424893,"social_isolation_avg"
"16303","CTAGE1","Exc L4-5 RORB IL1RAPL2",-0.112193969155559,0.452789730564226,1.15486592316288,0.284099022806582,0.615194327742007,0.615194327742007,"social_isolation_avg"
"16304","AC090912.1","Exc L4-5 RORB IL1RAPL2",0.0179220004315922,2.29628914830303,0.10934051661846,0.836049372985535,0.956824497333631,0.956824497333631,"social_isolation_avg"
"16305","RBBP8","Exc L4-5 RORB IL1RAPL2",0.0305943883940971,4.7455949536213,1.22897143790418,0.269217536268643,0.599221489506057,0.599221489506057,"social_isolation_avg"
"16306","CABLES1","Exc L4-5 RORB IL1RAPL2",0.041266281687258,6.08455959324984,2.22356293119263,0.137824960427086,0.428700653664458,0.428700653664458,"social_isolation_avg"
"16307","TMEM241","Exc L4-5 RORB IL1RAPL2",0.0112979654705647,7.12442406480379,0.223494081082618,0.637014023648018,0.866689960572644,0.866689960572644,"social_isolation_avg"
"16308","RIOK3","Exc L4-5 RORB IL1RAPL2",-0.00880498136924816,5.82249612550113,0.24497719556627,0.67487570055009,0.885853595671414,0.885853595671414,"social_isolation_avg"
"16309","RMC1","Exc L4-5 RORB IL1RAPL2",0.0176167049543039,4.74767797403076,0.47785479327819,0.49036531118783,0.780776748062512,0.780776748062512,"social_isolation_avg"
"16310","NPC1","Exc L4-5 RORB IL1RAPL2",0.0662963323107189,5.08434607266377,5.64442199651374,0.0186560216548203,0.142800796172397,0.142800796172397,"social_isolation_avg"
"16311","ANKRD29","Exc L4-5 RORB IL1RAPL2",-0.00422873816508973,4.99133473626109,0.0153095141329721,0.901678100197386,0.978205337360331,0.978205337360331,"social_isolation_avg"
"16312","LAMA3","Exc L4-5 RORB IL1RAPL2",-0.0373822631291221,2.44289529047019,0.407573992563259,0.524086948552058,0.804109779930001,0.804109779930001,"social_isolation_avg"
"16313","AC010754.1","Exc L4-5 RORB IL1RAPL2",-0.166893346790524,0.0401413548415783,1.06322314862708,0.303987561409502,0.635000001014045,0.635000001014045,"social_isolation_avg"
"16314","TTC39C","Exc L4-5 RORB IL1RAPL2",0.0429576939770884,7.79250135014544,5.42094963783436,0.0211075632108171,0.153135047358846,0.153135047358846,"social_isolation_avg"
"16315","TTC39C-AS1","Exc L4-5 RORB IL1RAPL2",-0.10343841769682,0.0938252875228137,0.645870879303224,0.422747020173052,0.72955694116242,0.72955694116242,"social_isolation_avg"
"16316","AC090772.2","Exc L4-5 RORB IL1RAPL2",0.0685771405138733,1.81640387323873,0.781776905233147,0.537971654597336,0.811373636586953,0.811373636586953,"social_isolation_avg"
"16317","AC090772.1","Exc L4-5 RORB IL1RAPL2",0.127510467564178,1.13342538029154,1.50415236306564,0.221777740256815,0.542944829177582,0.542944829177582,"social_isolation_avg"
"16318","CABYR","Exc L4-5 RORB IL1RAPL2",-0.00324266597142189,3.61872878119355,0.00540756293976166,0.941468401655829,0.987961902248838,0.987961902248838,"social_isolation_avg"
"16319","AC090772.3","Exc L4-5 RORB IL1RAPL2",-0.0707136128027809,1.66743809353818,1.1169021917808,0.292128564946096,0.623502448383029,0.623502448383029,"social_isolation_avg"
"16320","OSBPL1A","Exc L4-5 RORB IL1RAPL2",-0.0470910099745564,8.07610188547864,3.96800521810031,0.0480193673757352,0.246218083006099,0.246218083006099,"social_isolation_avg"
"16321","AC023983.1","Exc L4-5 RORB IL1RAPL2",-0.0916173796024628,-0.35917297584047,0.326018766733975,0.568788291927234,0.828869629663832,0.828869629663832,"social_isolation_avg"
"16322","IMPACT","Exc L4-5 RORB IL1RAPL2",-0.033915338055272,3.50240048371724,0.806264519793845,0.485178292010553,0.776521449487766,0.776521449487766,"social_isolation_avg"
"16323","HRH4","Exc L4-5 RORB IL1RAPL2",-0.0885218517503254,0.260658523699797,0.65966040891607,0.41784798382104,0.725848828988622,0.725848828988622,"social_isolation_avg"
"16324","AC007922.3","Exc L4-5 RORB IL1RAPL2",-0.33410165875892,0.590231478925635,2.35199089257708,0.127034870378002,0.410175308788802,0.410175308788802,"social_isolation_avg"
"16325","LINC01915","Exc L4-5 RORB IL1RAPL2",0.0625624845369276,-0.292609798299661,0.136114188613496,0.712647140015509,0.905865293980439,0.905865293980439,"social_isolation_avg"
"16326","AC018697.1","Exc L4-5 RORB IL1RAPL2",-0.105663039972245,3.88421185536907,3.30729526906714,0.0707829641475343,0.30472911595802,0.30472911595802,"social_isolation_avg"
"16327","LINC01894","Exc L4-5 RORB IL1RAPL2",-0.0804167088013495,-0.0179093443424499,0.348510416105722,0.55576378057294,0.82044210753067,0.82044210753067,"social_isolation_avg"
"16328","ZNF521","Exc L4-5 RORB IL1RAPL2",-0.0760651405773213,3.76040139022144,1.00601422471222,0.317325620165584,0.645395900156188,0.645395900156188,"social_isolation_avg"
"16329","SS18","Exc L4-5 RORB IL1RAPL2",0.0202542012516835,5.25072266116548,0.947671040927258,0.331735247811169,0.656908699511788,0.656908699511788,"social_isolation_avg"
"16330","PSMA8","Exc L4-5 RORB IL1RAPL2",0.0400628203323727,0.239807008213915,0.118914717152516,0.730652933718251,0.913267211869261,0.913267211869261,"social_isolation_avg"
"16331","TAF4B","Exc L4-5 RORB IL1RAPL2",0.054824902905172,5.88943707235064,6.67821935638897,0.0106241009726618,0.102105882157218,0.102105882157218,"social_isolation_avg"
"16332","KCTD1","Exc L4-5 RORB IL1RAPL2",-0.02927779011802,7.51242798375672,1.64272394815183,0.201747035192441,0.516953557306196,0.516953557306196,"social_isolation_avg"
"16333","AQP4-AS1","Exc L4-5 RORB IL1RAPL2",-0.0267341649242924,7.31554463709805,0.345626727946661,0.557401553325078,0.821610008873182,0.821610008873182,"social_isolation_avg"
"16334","AQP4","Exc L4-5 RORB IL1RAPL2",-0.471283693816398,1.29986191960345,4.27181442298319,0.0403088348851414,0.223158057490685,0.223158057490685,"social_isolation_avg"
"16335","CHST9","Exc L4-5 RORB IL1RAPL2",-0.0615959958897573,1.81501743432104,0.483489976019482,0.487822093641394,0.778909859391461,0.778909859391461,"social_isolation_avg"
"16336","LINC01908","Exc L4-5 RORB IL1RAPL2",-0.0924051409596414,0.662932178517784,0.847938861511708,0.385917936027226,0.702381037665558,0.702381037665558,"social_isolation_avg"
"16337","AC090403.1","Exc L4-5 RORB IL1RAPL2",-0.0840911761319136,0.198988314216455,0.378847871985147,0.539067008242885,0.811888212208856,0.811888212208856,"social_isolation_avg"
"16338","CDH2","Exc L4-5 RORB IL1RAPL2",-0.0114629746678509,7.95269802117381,0.522867033715795,0.470643173390688,0.765488697818689,0.765488697818689,"social_isolation_avg"
"16339","AC110015.1","Exc L4-5 RORB IL1RAPL2",-0.431134687740567,-0.538155449365064,6.45873072208882,0.0119608225251045,0.109487529268264,0.109487529268264,"social_isolation_avg"
"16340","DSC2","Exc L4-5 RORB IL1RAPL2",-0.0583951181464366,1.98786320020712,0.889232271071449,0.347061642641629,0.669771111398269,0.669771111398269,"social_isolation_avg"
"16341","DSCAS","Exc L4-5 RORB IL1RAPL2",0.081602853162756,1.19791261939887,0.619745888516106,0.432269046196683,0.737241988740531,0.737241988740531,"social_isolation_avg"
"16342","DSC1","Exc L4-5 RORB IL1RAPL2",0.173658945668453,2.70560265202403,1.01543573746675,0.315076937531054,0.643552886706539,0.643552886706539,"social_isolation_avg"
"16343","DSG1-AS1","Exc L4-5 RORB IL1RAPL2",0.208781106696103,1.09792607422108,5.82544252839045,0.016888731880117,0.1340401408992,0.1340401408992,"social_isolation_avg"
"16344","DSG2","Exc L4-5 RORB IL1RAPL2",-0.132551773999918,-0.121008968387796,0.867642949660291,0.352967129824899,0.673234986231543,0.673234986231543,"social_isolation_avg"
"16345","B4GALT6","Exc L4-5 RORB IL1RAPL2",0.0217020445363048,6.26590046598656,1.30113168585887,0.255656586668269,0.584141803689206,0.584141803689206,"social_isolation_avg"
"16346","AC017100.1","Exc L4-5 RORB IL1RAPL2",-0.208494417597268,0.377362585467815,4.38251746987115,0.0378357226344871,0.21472396759662,0.21472396759662,"social_isolation_avg"
"16347","TRAPPC8","Exc L4-5 RORB IL1RAPL2",0.0260763688149302,6.1405149629688,2.45092597916185,0.119367979385079,0.397758197313849,0.397758197313849,"social_isolation_avg"
"16348","AC022960.1","Exc L4-5 RORB IL1RAPL2",-0.0713596548738896,-0.683810526794629,0.156491062716038,0.692917962635501,0.895325239448382,0.895325239448382,"social_isolation_avg"
"16349","AC009831.1","Exc L4-5 RORB IL1RAPL2",-0.108250810212645,0.601107102382358,1.18913842448343,0.27709048209334,0.607514495134482,0.607514495134482,"social_isolation_avg"
"16350","RNF125","Exc L4-5 RORB IL1RAPL2",0.0810534733811466,0.59397066953511,0.391811206315924,0.532212245659048,0.808768421173129,0.808768421173129,"social_isolation_avg"
"16351","AC011825.4","Exc L4-5 RORB IL1RAPL2",-0.151532476697069,-0.288411062568935,1.26644146762711,0.26206667485097,0.59171402802568,0.59171402802568,"social_isolation_avg"
"16352","RNF138","Exc L4-5 RORB IL1RAPL2",0.0332132907021165,4.92765662558822,2.52126921629839,0.114231138952074,0.390231325584519,0.390231325584519,"social_isolation_avg"
"16353","GAREM1","Exc L4-5 RORB IL1RAPL2",0.0104053041957015,5.14825877348267,0.0454467618794156,0.831447346211808,0.95597801965982,0.95597801965982,"social_isolation_avg"
"16354","MEP1B","Exc L4-5 RORB IL1RAPL2",0.097178162526741,0.898225978945871,0.815767895557331,0.3677347816579,0.686112823500607,0.686112823500607,"social_isolation_avg"
"16355","AC025887.2","Exc L4-5 RORB IL1RAPL2",-0.0362155866145291,2.55684507187218,0.239177933334496,0.62544877372606,0.860470272376116,0.860470272376116,"social_isolation_avg"
"16356","CCDC178","Exc L4-5 RORB IL1RAPL2",0.0401760817109068,4.17174838281557,0.598124583314368,0.440399067610287,0.743070336922976,0.743070336922976,"social_isolation_avg"
"16357","AC091198.1","Exc L4-5 RORB IL1RAPL2",-0.0827541813770507,0.134249245578188,0.480293273357196,0.489262086337005,0.779810205406763,0.779810205406763,"social_isolation_avg"
"16358","ASXL3","Exc L4-5 RORB IL1RAPL2",0.000317991772994427,7.01722242977354,0.000164352851760979,0.989786846013467,0.998822911403646,0.998822911403646,"social_isolation_avg"
"16359","NOL4","Exc L4-5 RORB IL1RAPL2",-0.00449958540180809,7.57484353109896,0.0826341042133369,0.774119054556684,0.934067127815,0.934067127815,"social_isolation_avg"
"16360","AC104985.2","Exc L4-5 RORB IL1RAPL2",-0.0334116725683555,0.0149351873159073,0.0681076313052088,0.794437113925609,0.942657327323035,0.942657327323035,"social_isolation_avg"
"16361","DTNA","Exc L4-5 RORB IL1RAPL2",0.0286740098519497,8.79725503539825,1.99743372075771,0.159446141390675,0.460381571990379,0.460381571990379,"social_isolation_avg"
"16362","AC022601.1","Exc L4-5 RORB IL1RAPL2",-0.187199257205741,-0.39574880796528,1.31524367071761,0.253104783112026,0.580695477296307,0.580695477296307,"social_isolation_avg"
"16363","MAPRE2","Exc L4-5 RORB IL1RAPL2",-0.0209340610655529,7.77426853866587,1.68846734550481,0.195612504060972,0.508544131538563,0.508544131538563,"social_isolation_avg"
"16364","AC015967.1","Exc L4-5 RORB IL1RAPL2",-0.0519459763179835,0.627193792911723,0.271378578080085,0.603105665517411,0.84806503343566,0.84806503343566,"social_isolation_avg"
"16365","ZNF397","Exc L4-5 RORB IL1RAPL2",0.0052069368406747,4.7520141176418,0.0412949553044606,0.839219581020273,0.95839826385881,0.95839826385881,"social_isolation_avg"
"16366","ZSCAN30","Exc L4-5 RORB IL1RAPL2",0.00584422580508095,4.65045170646583,0.0344434270877012,0.852994302508042,0.962346025744122,0.962346025744122,"social_isolation_avg"
"16367","AC011815.2","Exc L4-5 RORB IL1RAPL2",-0.0624076124394673,1.54561176862286,0.765853439886066,0.382772713182199,0.700356658461495,0.700356658461495,"social_isolation_avg"
"16368","ZNF24","Exc L4-5 RORB IL1RAPL2",-0.0300332512533235,5.1896014333377,1.26288251663876,0.262735573875378,0.59249479679843,0.59249479679843,"social_isolation_avg"
"16369","ZNF396","Exc L4-5 RORB IL1RAPL2",0.107370957942392,0.771221061195296,1.35837161903221,0.245498944706625,0.571000065494044,0.571000065494044,"social_isolation_avg"
"16370","GALNT1","Exc L4-5 RORB IL1RAPL2",0.028371047141226,6.30493245627488,1.65728603896075,0.199769778303894,0.514218237970458,0.514218237970458,"social_isolation_avg"
"16371","AC090229.1","Exc L4-5 RORB IL1RAPL2",0.103772784805362,0.10956274432442,0.909415209031699,0.341662089462338,0.664739166551865,0.664739166551865,"social_isolation_avg"
"16372","C18orf21","Exc L4-5 RORB IL1RAPL2",-0.0626535930670339,2.68801532766891,1.90196240988806,0.169721993771567,0.474344142415334,0.474344142415334,"social_isolation_avg"
"16373","RPRD1A","Exc L4-5 RORB IL1RAPL2",0.0241317239696958,7.09867350537293,2.97750950112678,0.0862979025456473,0.33845186497951,0.33845186497951,"social_isolation_avg"
"16374","SLC39A6","Exc L4-5 RORB IL1RAPL2",-0.0155929553710468,4.45621347703377,0.306519874853555,0.58057174132439,0.836412771697586,0.836412771697586,"social_isolation_avg"
"16375","ELP2","Exc L4-5 RORB IL1RAPL2",0.034864653636225,6.40997864328907,3.50266465572487,0.0630371038224787,0.285162726784328,0.285162726784328,"social_isolation_avg"
"16376","MOCOS","Exc L4-5 RORB IL1RAPL2",0.32109978333237,0.415556352640878,9.42882016786375,0.00249788307798956,0.0427840369553181,0.0427840369553181,"social_isolation_avg"
"16377","FHOD3","Exc L4-5 RORB IL1RAPL2",0.0271197488396225,6.33235971092973,0.406945430111879,0.524406694518391,0.804206440831778,0.804206440831778,"social_isolation_avg"
"16378","TPGS2","Exc L4-5 RORB IL1RAPL2",-0.0259028512208465,5.49240238985473,1.34794561455714,0.247311494495104,0.573383260304114,0.573383260304114,"social_isolation_avg"
"16379","KIAA1328","Exc L4-5 RORB IL1RAPL2",0.0483407944440433,6.7170684098827,6.80937130387655,0.00990019715878267,0.0977160304858251,0.0977160304858251,"social_isolation_avg"
"16380","AC016493.1","Exc L4-5 RORB IL1RAPL2",-0.0515854821270822,0.134703002390581,0.181638308635379,0.897384629609583,0.976838947005115,0.976838947005115,"social_isolation_avg"
"16381","AC015961.1","Exc L4-5 RORB IL1RAPL2",0.0488835368560214,1.63976108438255,0.39964661138334,0.528145239544876,0.806150054648967,0.806150054648967,"social_isolation_avg"
"16382","CELF4","Exc L4-5 RORB IL1RAPL2",0.0100008034562228,9.5829456134604,0.294189243262892,0.588278884484798,0.840010352191718,0.840010352191718,"social_isolation_avg"
"16383","AC015961.2","Exc L4-5 RORB IL1RAPL2",0.0404621113602021,1.77864485154072,0.317004665339619,0.574176211222232,0.831980087769803,0.831980087769803,"social_isolation_avg"
"16384","AC016205.1","Exc L4-5 RORB IL1RAPL2",-0.0532713720859227,5.05654709096717,0.9976103981284,0.319349304408127,0.646743911436941,0.646743911436941,"social_isolation_avg"
"16385","LINC01901","Exc L4-5 RORB IL1RAPL2",-0.0604632586433456,1.26453076921255,0.440657172625143,0.507730257244313,0.791918572031955,0.791918572031955,"social_isolation_avg"
"16386","LINC01902","Exc L4-5 RORB IL1RAPL2",-0.00057257309661043,6.28595071425787,0.000344606345940148,0.985211648399751,0.998300390466684,0.998300390466684,"social_isolation_avg"
"16387","AC021504.1","Exc L4-5 RORB IL1RAPL2",-0.166872828451867,1.44108737951004,1.61306800391484,0.205845990200281,0.522933939390375,0.522933939390375,"social_isolation_avg"
"16388","PIK3C3","Exc L4-5 RORB IL1RAPL2",0.0188759017034743,7.05553504221259,1.84997439588566,0.175638450268131,0.482025569900286,0.482025569900286,"social_isolation_avg"
"16389","LINC00907","Exc L4-5 RORB IL1RAPL2",0.164655113719183,4.63920331001028,12.9641297988501,0.000419471934925181,0.0136606342181056,0.0136606342181056,"social_isolation_avg"
"16390","RIT2","Exc L4-5 RORB IL1RAPL2",0.0421527071157742,7.08259371992968,1.33355068942809,0.249841219794676,0.576212301284138,0.576212301284138,"social_isolation_avg"
"16391","SYT4","Exc L4-5 RORB IL1RAPL2",-0.0802219823194287,6.38808917874966,6.81451989787034,0.0098728439191812,0.0976498064792616,0.0976498064792616,"social_isolation_avg"
"16392","LINC01478","Exc L4-5 RORB IL1RAPL2",-0.17815481477236,-0.0840048653861517,1.4366690799534,0.232394706244473,0.554984253041989,0.554984253041989,"social_isolation_avg"
"16393","SETBP1","Exc L4-5 RORB IL1RAPL2",0.0161760932195405,8.77325862857492,1.06201710872851,0.30426110587645,0.635248058478681,0.635248058478681,"social_isolation_avg"
"16394","AC090376.1","Exc L4-5 RORB IL1RAPL2",0.124173303131715,-0.165008771394988,0.56319792157622,0.454041542735766,0.753061012456471,0.753061012456471,"social_isolation_avg"
"16395","SLC14A2","Exc L4-5 RORB IL1RAPL2",0.0665187538236977,2.94225516987652,1.39304263121161,0.239587627830012,0.563625202806372,0.563625202806372,"social_isolation_avg"
"16396","SLC14A2-AS1","Exc L4-5 RORB IL1RAPL2",0.20924482825254,2.54694022461702,9.09655769937549,0.00296569626056452,0.0476087150426694,0.0476087150426694,"social_isolation_avg"
"16397","AC023421.2","Exc L4-5 RORB IL1RAPL2",0.143888188099533,2.03949272507092,3.75421963907847,0.0543788695103871,0.264567392647476,0.264567392647476,"social_isolation_avg"
"16398","EPG5","Exc L4-5 RORB IL1RAPL2",0.0125974089718593,6.04405269982884,0.708240185920397,0.401244509615954,0.714065779387082,0.714065779387082,"social_isolation_avg"
"16399","PSTPIP2","Exc L4-5 RORB IL1RAPL2",0.0675672928676024,1.06872223792619,0.782244336470756,0.377740286315523,0.6964068944145,0.6964068944145,"social_isolation_avg"
"16400","ATP5F1A","Exc L4-5 RORB IL1RAPL2",-0.0755011115077528,5.89112234526487,9.76957231154937,0.00209631618842467,0.0386216149962835,0.0386216149962835,"social_isolation_avg"
"16401","HAUS1","Exc L4-5 RORB IL1RAPL2",0.109353802434995,3.17217460846055,7.7093273390779,0.00612797838661941,0.0744826040416486,0.0744826040416486,"social_isolation_avg"
"16402","C18orf25","Exc L4-5 RORB IL1RAPL2",0.0196389674000555,5.84326132572975,1.01875960383626,0.31428862130005,0.642771223962153,0.642771223962153,"social_isolation_avg"
"16403","RNF165","Exc L4-5 RORB IL1RAPL2",0.0455676512113313,5.94941987171042,2.25106536194626,0.135430091106284,0.423829433314918,0.423829433314918,"social_isolation_avg"
"16404","LOXHD1","Exc L4-5 RORB IL1RAPL2",0.0474210022780897,2.78321558730383,0.379377137649518,0.538783988654467,0.811882210176405,0.811882210176405,"social_isolation_avg"
"16405","ST8SIA5","Exc L4-5 RORB IL1RAPL2",0.0319932220928545,7.15841818344402,1.67974945489037,0.196764445624527,0.510137034209601,0.510137034209601,"social_isolation_avg"
"16406","AC090241.3","Exc L4-5 RORB IL1RAPL2",-0.0252443470450556,1.72539513537831,0.196996383872624,0.890434305314538,0.974706512053996,0.974706512053996,"social_isolation_avg"
"16407","PIAS2","Exc L4-5 RORB IL1RAPL2",0.00941385469884643,7.18576112742394,0.568579608986364,0.796037607125059,0.943052144191509,0.943052144191509,"social_isolation_avg"
"16408","KATNAL2","Exc L4-5 RORB IL1RAPL2",0.0303791454596911,5.46414364530066,0.606942958835424,0.437055078914793,0.740364186264186,0.740364186264186,"social_isolation_avg"
"16409","AC012254.1","Exc L4-5 RORB IL1RAPL2",0.205373696522314,1.37036740222002,5.55308426567498,0.0196199830455157,0.146939059634343,0.146939059634343,"social_isolation_avg"
"16410","HDHD2","Exc L4-5 RORB IL1RAPL2",-0.0991802934522326,3.40579541899428,5.65336103715201,0.018564374475909,0.142539519854151,0.142539519854151,"social_isolation_avg"
"16411","MIR4527HG","Exc L4-5 RORB IL1RAPL2",-0.0486965214397844,-0.144629352675045,0.0940676358276731,0.759454331001826,0.927350138081951,0.927350138081951,"social_isolation_avg"
"16412","SMAD2","Exc L4-5 RORB IL1RAPL2",0.0270865283367262,6.36320086571658,2.27558003845828,0.133334918535782,0.420261534835172,0.420261534835172,"social_isolation_avg"
"16413","ZBTB7C","Exc L4-5 RORB IL1RAPL2",-0.10908031948488,3.72997102114113,1.8497356011385,0.175666172786508,0.482025569900286,0.482025569900286,"social_isolation_avg"
"16414","CTIF","Exc L4-5 RORB IL1RAPL2",0.0109243249477712,7.49230873154386,0.465835093803229,0.495864854178139,0.784141989628463,0.784141989628463,"social_isolation_avg"
"16415","AC048380.1","Exc L4-5 RORB IL1RAPL2",0.271886384230299,-0.2045325817753,2.70012801788284,0.10224101055189,0.370594283649866,0.370594283649866,"social_isolation_avg"
"16416","AC093567.1","Exc L4-5 RORB IL1RAPL2",-0.0447200440037991,-0.465556332168675,0.0842123196812226,0.77203186881795,0.932678776012287,0.932678776012287,"social_isolation_avg"
"16417","SMAD7","Exc L4-5 RORB IL1RAPL2",0.00509142938185567,3.83542723951426,0.0164117616356107,0.898218917140549,0.977255559309928,0.977255559309928,"social_isolation_avg"
"16418","DYM","Exc L4-5 RORB IL1RAPL2",0.0278607751946699,7.6843170461252,3.64647641441068,0.0579200397480389,0.273497647135674,0.273497647135674,"social_isolation_avg"
"16419","AC016866.2","Exc L4-5 RORB IL1RAPL2",-0.12321158406263,0.306823169853328,1.20442090224899,0.274036002088051,0.603653974155948,0.603653974155948,"social_isolation_avg"
"16420","AC044840.1","Exc L4-5 RORB IL1RAPL2",0.02971233449833,-0.183637944631428,0.0354333625405522,0.948149987169628,0.988740948001749,0.988740948001749,"social_isolation_avg"
"16421","C18orf32","Exc L4-5 RORB IL1RAPL2",0.00355941926334359,2.70854881701606,0.00614628727260403,0.951548863716876,0.989392111770647,0.989392111770647,"social_isolation_avg"
"16422","ACAA2","Exc L4-5 RORB IL1RAPL2",-0.233316419898609,-0.0356522918927698,3.39545346696123,0.0671676332311323,0.295484489273716,0.295484489273716,"social_isolation_avg"
"16423","SNHG22","Exc L4-5 RORB IL1RAPL2",0.0943602533083207,4.41346270811773,7.99916572399356,0.00525902776752767,0.0673477105751623,0.0673477105751623,"social_isolation_avg"
"16424","CFAP53","Exc L4-5 RORB IL1RAPL2",-0.0377132660416674,3.27708447587507,0.829156582598311,0.363842454842547,0.682894860438035,0.682894860438035,"social_isolation_avg"
"16425","MBD1","Exc L4-5 RORB IL1RAPL2",-0.0294066305761695,4.50296130269065,1.29628678385346,0.25654002097869,0.584780894098397,0.584780894098397,"social_isolation_avg"
"16426","CXXC1","Exc L4-5 RORB IL1RAPL2",0.0038597162173477,4.1878236640696,0.0162155216920683,0.898825937768252,0.977255559309928,0.977255559309928,"social_isolation_avg"
"16427","MAPK4","Exc L4-5 RORB IL1RAPL2",0.0135571962797061,6.05481543618169,0.174215916261147,0.676933470564461,0.886507350259563,0.886507350259563,"social_isolation_avg"
"16428","MRO","Exc L4-5 RORB IL1RAPL2",-0.00389627086017418,1.25447541573422,0.00188826166653131,0.965391973999436,0.993640457161603,0.993640457161603,"social_isolation_avg"
"16429","ME2","Exc L4-5 RORB IL1RAPL2",0.0171181224383805,5.76188668544513,0.449454118221064,0.50352987700126,0.789120702816896,0.789120702816896,"social_isolation_avg"
"16430","AC091551.1","Exc L4-5 RORB IL1RAPL2",-0.002530964841855,2.88378994374823,0.00211276655540749,0.963393757467279,0.992970265671771,0.992970265671771,"social_isolation_avg"
"16431","SMAD4","Exc L4-5 RORB IL1RAPL2",0.0084867428458544,4.53580582845334,0.0990238281643858,0.753401093235436,0.924635278271239,0.924635278271239,"social_isolation_avg"
"16432","MEX3C","Exc L4-5 RORB IL1RAPL2",-0.0332973973917939,3.40237434878414,0.706299211572576,0.421761996229121,0.728382505535889,0.728382505535889,"social_isolation_avg"
"16433","LINC01630","Exc L4-5 RORB IL1RAPL2",-0.205166063189318,-1.00113627977383,0.480262600490217,0.489275937666377,0.779810205406763,0.779810205406763,"social_isolation_avg"
"16434","DCC","Exc L4-5 RORB IL1RAPL2",-0.0910575393739004,8.29832621885724,2.11740631305668,0.147529434146521,0.443712916233016,0.443712916233016,"social_isolation_avg"
"16435","AC103949.1","Exc L4-5 RORB IL1RAPL2",0.107881925732787,0.393859210846194,0.821283262838798,0.366124365718742,0.684594735127667,0.684594735127667,"social_isolation_avg"
"16436","MBD2","Exc L4-5 RORB IL1RAPL2",-0.0121975564869421,5.65262659668737,0.384441935821457,0.5360893398981,0.810585501369643,0.810585501369643,"social_isolation_avg"
"16437","AC093462.1","Exc L4-5 RORB IL1RAPL2",-0.0859372695580452,-0.120462469364924,0.424807882021476,0.551791597338001,0.818017298442698,0.818017298442698,"social_isolation_avg"
"16438","POLI","Exc L4-5 RORB IL1RAPL2",-0.00753100873752939,4.24411926917856,0.039054388487162,0.843583762653927,0.960375955064679,0.960375955064679,"social_isolation_avg"
"16439","STARD6","Exc L4-5 RORB IL1RAPL2",0.145207914022301,0.916772380194362,2.75163525597124,0.0990512972483298,0.364520599549294,0.364520599549294,"social_isolation_avg"
"16440","C18orf54","Exc L4-5 RORB IL1RAPL2",0.116026927992876,0.639592514705979,1.44246943199975,0.472293531226971,0.766929789250387,0.766929789250387,"social_isolation_avg"
"16441","RAB27B","Exc L4-5 RORB IL1RAPL2",0.0100456560682689,7.91245786996303,0.164999974480936,0.685119648370984,0.891060548998309,0.891060548998309,"social_isolation_avg"
"16442","CCDC68","Exc L4-5 RORB IL1RAPL2",-0.0604341696508647,5.07284284360878,2.048801405423,0.154214044333517,0.453708414352571,0.453708414352571,"social_isolation_avg"
"16443","TCF4","Exc L4-5 RORB IL1RAPL2",-0.00095178501019616,9.39242132634075,0.00300616542811738,0.956341300044778,0.990560397566251,0.990560397566251,"social_isolation_avg"
"16444","TCF4-AS1","Exc L4-5 RORB IL1RAPL2",-0.0241458147236299,1.72199569123794,0.113089772991779,0.737080044369201,0.916494152560271,0.916494152560271,"social_isolation_avg"
"16445","AC022031.2","Exc L4-5 RORB IL1RAPL2",0.0810058773335608,0.468934962910893,0.686599538999237,0.408518272693614,0.719097054389792,0.719097054389792,"social_isolation_avg"
"16446","LINC01416","Exc L4-5 RORB IL1RAPL2",0.102016093351132,0.131694807472609,0.784278899782564,0.377122179897473,0.695674053411337,0.695674053411337,"social_isolation_avg"
"16447","AC006305.1","Exc L4-5 RORB IL1RAPL2",0.146822825523901,-0.334729766642415,0.765668083685025,0.382830165995249,0.700356658461495,0.700356658461495,"social_isolation_avg"
"16448","TXNL1","Exc L4-5 RORB IL1RAPL2",7.87892792105862e-05,6.16304510695503,2.97049446839125e-05,0.995657943834724,0.9994589795957,0.9994589795957,"social_isolation_avg"
"16449","WDR7","Exc L4-5 RORB IL1RAPL2",0.0363445653274932,8.18014529150519,10.9467022836327,0.00115084639103064,0.0259846832514209,0.0259846832514209,"social_isolation_avg"
"16450","ST8SIA3","Exc L4-5 RORB IL1RAPL2",-0.0317763349661824,6.74822838172016,1.61561646512997,0.205489888638127,0.522531464360324,0.522531464360324,"social_isolation_avg"
"16451","ONECUT2","Exc L4-5 RORB IL1RAPL2",0.15948891779181,3.70262303166169,3.87386717085521,0.0507159928043421,0.253941464788744,0.253941464788744,"social_isolation_avg"
"16452","FECH","Exc L4-5 RORB IL1RAPL2",-0.0596932014365724,4.75355544504996,4.81176147803626,0.0296621606081578,0.186589451315569,0.186589451315569,"social_isolation_avg"
"16453","NARS","Exc L4-5 RORB IL1RAPL2",-0.0681828269480678,5.61212764460493,11.0131125470971,0.00111284181731686,0.0253993727689413,0.0253993727689413,"social_isolation_avg"
"16454","AC027097.2","Exc L4-5 RORB IL1RAPL2",0.0506259124381014,3.27476185890289,0.952381822140154,0.33053980319437,0.65612081580368,0.65612081580368,"social_isolation_avg"
"16455","ATP8B1","Exc L4-5 RORB IL1RAPL2",0.0609922284868916,6.93237113739224,3.71910479197946,0.0555068120887452,0.267123568155507,0.267123568155507,"social_isolation_avg"
"16456","NEDD4L","Exc L4-5 RORB IL1RAPL2",0.0137785537812424,8.30229115190595,0.47270270921131,0.492709989942322,0.781933995378596,0.781933995378596,"social_isolation_avg"
"16457","AC090236.1","Exc L4-5 RORB IL1RAPL2",-0.0946524492200406,-0.245670176321308,0.475271417833731,0.773055675144381,0.933379262931966,0.933379262931966,"social_isolation_avg"
"16458","ALPK2","Exc L4-5 RORB IL1RAPL2",0.142373658609298,0.373135302810319,1.77832618610405,0.184189707551789,0.491614255408014,0.491614255408014,"social_isolation_avg"
"16459","MALT1","Exc L4-5 RORB IL1RAPL2",0.0559477285573071,5.9503451633197,6.56057316277611,0.0113201316179853,0.105876525132921,0.105876525132921,"social_isolation_avg"
"16460","AC104365.1","Exc L4-5 RORB IL1RAPL2",-0.0755106776658525,1.77558272721176,1.1412466814702,0.286946697054675,0.618037832808019,0.618037832808019,"social_isolation_avg"
"16461","ZNF532","Exc L4-5 RORB IL1RAPL2",0.0124574829538582,6.87591568605371,0.496816474395167,0.481894251755486,0.774674693072689,0.774674693072689,"social_isolation_avg"
"16462","SEC11C","Exc L4-5 RORB IL1RAPL2",-0.0788400970537286,3.79671929316329,6.03132418778958,0.0150889126902805,0.125005734355117,0.125005734355117,"social_isolation_avg"
"16463","LMAN1","Exc L4-5 RORB IL1RAPL2",-0.0466118282411756,4.36424323470048,2.29486733962906,0.131712167780963,0.417651403818268,0.417651403818268,"social_isolation_avg"
"16464","CCBE1","Exc L4-5 RORB IL1RAPL2",0.0659425123814999,5.3470196387429,0.77395972934447,0.380272051793062,0.698352663493791,0.698352663493791,"social_isolation_avg"
"16465","MC4R","Exc L4-5 RORB IL1RAPL2",-0.0545412968766153,1.19402154519216,0.292197709642601,0.589543242045726,0.840910319774023,0.840910319774023,"social_isolation_avg"
"16466","AC113137.1","Exc L4-5 RORB IL1RAPL2",0.0385184686726753,4.9906143922531,0.0799122555507216,0.77777003087118,0.935858673440101,0.935858673440101,"social_isolation_avg"
"16467","CDH20","Exc L4-5 RORB IL1RAPL2",0.0938661357291846,7.81536658983975,4.5763112236276,0.0338848356016312,0.201455109816708,0.201455109816708,"social_isolation_avg"
"16468","AC105094.2","Exc L4-5 RORB IL1RAPL2",-0.0668131031594335,0.206718123890318,0.339736513149395,0.560775661459745,0.823855601403823,0.823855601403823,"social_isolation_avg"
"16469","RNF152","Exc L4-5 RORB IL1RAPL2",0.190445489904917,2.18589411432265,1.91604005808363,0.168159816023264,0.471722448974195,0.471722448974195,"social_isolation_avg"
"16470","PIGN","Exc L4-5 RORB IL1RAPL2",0.0595402759470455,6.18748663176504,8.01847497545478,0.00520585535571064,0.0669612434978933,0.0669612434978933,"social_isolation_avg"
"16471","KIAA1468","Exc L4-5 RORB IL1RAPL2",0.0115221921888182,6.83559339101411,0.467517191176591,0.495088982401345,0.783970553138054,0.783970553138054,"social_isolation_avg"
"16472","TNFRSF11A","Exc L4-5 RORB IL1RAPL2",0.000194399876707457,3.98598163580226,1.99856376078231e-05,0.996438435820706,0.999502287237639,0.999502287237639,"social_isolation_avg"
"16473","ZCCHC2","Exc L4-5 RORB IL1RAPL2",-0.022339279728509,6.26880886822201,1.40268124541662,0.237975337837382,0.561928287435556,0.561928287435556,"social_isolation_avg"
"16474","PHLPP1","Exc L4-5 RORB IL1RAPL2",0.0143916653688653,5.91189561673718,0.22284878645072,0.63750039810502,0.867064357055679,0.867064357055679,"social_isolation_avg"
"16475","BCL2","Exc L4-5 RORB IL1RAPL2",-0.0790040824729733,6.61102991421367,3.98919970825362,0.0474335793752994,0.244414693725501,0.244414693725501,"social_isolation_avg"
"16476","KDSR","Exc L4-5 RORB IL1RAPL2",-0.0309708730717124,5.0140674340813,1.57427394520934,0.211358575251685,0.529894739941318,0.529894739941318,"social_isolation_avg"
"16477","AC036176.1","Exc L4-5 RORB IL1RAPL2",-0.0212899879406283,3.02487853326449,0.185931526244311,0.666886379378028,0.882833547488558,0.882833547488558,"social_isolation_avg"
"16478","VPS4B","Exc L4-5 RORB IL1RAPL2",-0.0138707533977612,5.46453462764888,0.417797405891951,0.518934576577834,0.799768764635431,0.799768764635431,"social_isolation_avg"
"16479","SERPINB7","Exc L4-5 RORB IL1RAPL2",0.199307223444383,1.20338358686619,2.39241689479769,0.123837410625975,0.405386591214936,0.405386591214936,"social_isolation_avg"
"16480","SERPINB2","Exc L4-5 RORB IL1RAPL2",-0.032725359239628,-0.0882072301655008,0.0561026352127603,0.813058724373465,0.950559079342002,0.950559079342002,"social_isolation_avg"
"16481","AC009802.1","Exc L4-5 RORB IL1RAPL2",-0.0874042437137844,0.0386939326265002,0.507402358249039,0.477269752384194,0.770615901121958,0.770615901121958,"social_isolation_avg"
"16482","SERPINB8","Exc L4-5 RORB IL1RAPL2",0.0514101478752224,1.37600997067116,0.37804002326527,0.539499523920614,0.811888212208856,0.811888212208856,"social_isolation_avg"
"16483","LINC01924","Exc L4-5 RORB IL1RAPL2",0.190310107379882,1.15007329382791,2.16794744092969,0.142815686513551,0.436716682563793,0.436716682563793,"social_isolation_avg"
"16484","CDH7","Exc L4-5 RORB IL1RAPL2",0.0329912134127086,7.10867112493527,2.01904662421769,0.157220342163713,0.456867012728161,0.456867012728161,"social_isolation_avg"
"16485","AC110597.1","Exc L4-5 RORB IL1RAPL2",-0.0570826079494477,0.533998671331232,0.265567982459222,0.607008927155966,0.849812498018353,0.849812498018353,"social_isolation_avg"
"16486","DSEL","Exc L4-5 RORB IL1RAPL2",-0.160944552518652,3.93325148402379,15.1648932448203,0.000142744716396125,0.00712631340087359,0.00712631340087359,"social_isolation_avg"
"16487","AC110597.3","Exc L4-5 RORB IL1RAPL2",-0.11460355399682,0.507743787975818,0.875991385225152,0.350667327911277,0.671807495721154,0.671807495721154,"social_isolation_avg"
"16488","AC114689.3","Exc L4-5 RORB IL1RAPL2",0.0103738340069785,3.68854541718435,0.0279987689276659,0.867316248098021,0.966836543378231,0.966836543378231,"social_isolation_avg"
"16489","LINC01903","Exc L4-5 RORB IL1RAPL2",-0.595241713821077,-0.139592449717149,12.0575828454957,0.000658402179079944,0.0179504720898727,0.0179504720898727,"social_isolation_avg"
"16490","TMX3","Exc L4-5 RORB IL1RAPL2",0.0220612561640259,5.77233026357764,1.70072204154386,0.194006646274848,0.50629941937692,0.50629941937692,"social_isolation_avg"
"16491","CCDC102B","Exc L4-5 RORB IL1RAPL2",0.0372379728491464,5.83771130040416,1.28488756790279,0.258633599253053,0.58710006724873,0.58710006724873,"social_isolation_avg"
"16492","DOK6","Exc L4-5 RORB IL1RAPL2",-0.0334745049569729,7.30765775978958,1.4839234441171,0.224897558035654,0.54608355622496,0.54608355622496,"social_isolation_avg"
"16493","AC119868.2","Exc L4-5 RORB IL1RAPL2",0.0784987022747463,1.83650612747698,1.13501831440165,0.288261154436625,0.619638131359162,0.619638131359162,"social_isolation_avg"
"16494","CD226","Exc L4-5 RORB IL1RAPL2",-0.0116307002548679,3.00590058055147,0.0435455085396477,0.834958406240397,0.956824497333631,0.956824497333631,"social_isolation_avg"
"16495","RTTN","Exc L4-5 RORB IL1RAPL2",-0.00720261743738633,5.26472561901643,0.100957128476347,0.751085078854125,0.923455108323613,0.923455108323613,"social_isolation_avg"
"16496","SOCS6","Exc L4-5 RORB IL1RAPL2",-0.00235058539656825,4.37555123224596,0.00672343054581733,0.934748678469118,0.986842461541563,0.986842461541563,"social_isolation_avg"
"16497","LINC01909","Exc L4-5 RORB IL1RAPL2",-0.0440550971136263,0.750717636216335,0.19372374720194,0.660410262115659,0.878998322996809,0.878998322996809,"social_isolation_avg"
"16498","GTSCR1","Exc L4-5 RORB IL1RAPL2",-0.0339604822969822,-0.290448280437085,0.0515428106011658,0.820680626649289,0.952379154185799,0.952379154185799,"social_isolation_avg"
"16499","LINC01899","Exc L4-5 RORB IL1RAPL2",-0.0170830748642629,-0.315388008472893,0.0163020170430638,0.898557927880004,0.977255559309928,0.977255559309928,"social_isolation_avg"
"16500","CBLN2","Exc L4-5 RORB IL1RAPL2",-0.319486258404728,4.28548281461215,1.17610969403734,0.279728625396704,0.610889349161015,0.610889349161015,"social_isolation_avg"
"16501","NETO1","Exc L4-5 RORB IL1RAPL2",-0.0153779462603766,8.19020852207802,0.425659435927776,0.51503278580676,0.797573196943938,0.797573196943938,"social_isolation_avg"
"16502","AC091138.1","Exc L4-5 RORB IL1RAPL2",-0.0385057820969772,5.66831029752991,1.7463064631087,0.188167882236157,0.497785933546016,0.497785933546016,"social_isolation_avg"
"16503","AC090125.1","Exc L4-5 RORB IL1RAPL2",-0.1278096512386,1.37050934974688,2.12795362128654,0.146531312388731,0.442522710163335,0.442522710163335,"social_isolation_avg"
"16504","FBXO15","Exc L4-5 RORB IL1RAPL2",0.021105375015596,3.257148869321,0.18715572441556,0.665858396453387,0.882014422129642,0.882014422129642,"social_isolation_avg"
"16505","TIMM21","Exc L4-5 RORB IL1RAPL2",0.00524115910262243,3.88538796792294,0.028094692277498,0.867091285658693,0.966778680963355,0.966778680963355,"social_isolation_avg"
"16506","CYB5A","Exc L4-5 RORB IL1RAPL2",-0.141032678993789,3.64980631416036,9.4368267747698,0.00248759508811214,0.0427500332989735,0.0427500332989735,"social_isolation_avg"
"16507","FAM69C","Exc L4-5 RORB IL1RAPL2",-0.129927673020585,-0.33157536295646,0.240225405909435,0.624693276016613,0.859968871868133,0.859968871868133,"social_isolation_avg"
"16508","CNDP2","Exc L4-5 RORB IL1RAPL2",-0.123586267697525,4.3677943119499,18.9984558552145,2.29193446913329e-05,0.00237696166027897,0.00237696166027897,"social_isolation_avg"
"16509","LINC00909","Exc L4-5 RORB IL1RAPL2",-0.00527230649430896,3.51538084303096,0.0206074375371301,0.943941153186619,0.988051457597129,0.988051457597129,"social_isolation_avg"
"16510","ZNF407","Exc L4-5 RORB IL1RAPL2",0.020057895490185,6.6835269903617,0.815711848672452,0.367751197375263,0.686112823500607,0.686112823500607,"social_isolation_avg"
"16511","ZADH2","Exc L4-5 RORB IL1RAPL2",-0.0934538678838066,5.49466365474191,15.2997224210129,0.00013371689395631,0.00683799283931713,0.00683799283931713,"social_isolation_avg"
"16512","TSHZ1","Exc L4-5 RORB IL1RAPL2",-0.0446425764877889,6.08287921731263,2.7335183756602,0.100160550420532,0.366280976905079,0.366280976905079,"social_isolation_avg"
"16513","AC116003.1","Exc L4-5 RORB IL1RAPL2",-0.185205273005685,-0.506178264047549,1.27537186868837,0.260397555340012,0.589551518681432,0.589551518681432,"social_isolation_avg"
"16514","ZNF516","Exc L4-5 RORB IL1RAPL2",-0.0731326475596204,3.31279128908992,0.927249664588828,0.336985186944921,0.661054397185915,0.661054397185915,"social_isolation_avg"
"16515","LINC00908","Exc L4-5 RORB IL1RAPL2",0.044397926505729,1.2975779522359,0.263686727374444,0.60828424919071,0.850716703299389,0.850716703299389,"social_isolation_avg"
"16516","ZNF236-DT","Exc L4-5 RORB IL1RAPL2",0.024131484793718,3.50507327951243,0.568303533397431,0.57582756729113,0.83335118561385,0.83335118561385,"social_isolation_avg"
"16517","ZNF236","Exc L4-5 RORB IL1RAPL2",-0.0275227086945329,5.96169954751624,2.02593792305514,0.15651814813779,0.455963030163992,0.455963030163992,"social_isolation_avg"
"16518","AC093330.1","Exc L4-5 RORB IL1RAPL2",0.0615948562060889,0.027475306369076,0.203348563554228,0.652622438845105,0.874771122512626,0.874771122512626,"social_isolation_avg"
"16519","MBP","Exc L4-5 RORB IL1RAPL2",0.0238099165287136,7.20780391558063,0.579023885519514,0.447779322214828,0.748530333988406,0.748530333988406,"social_isolation_avg"
"16520","AC100863.1","Exc L4-5 RORB IL1RAPL2",0.113401981598057,0.875783643223121,1.09939412124382,0.295929764709849,0.626809255353751,0.626809255353751,"social_isolation_avg"
"16521","GALR1","Exc L4-5 RORB IL1RAPL2",-0.138190389522543,4.13679773624833,1.29861578267028,0.256114871857014,0.584543377689545,0.584543377689545,"social_isolation_avg"
"16522","AC124254.1","Exc L4-5 RORB IL1RAPL2",0.109853213655664,3.46441106096054,0.694344136682387,0.40589311779722,0.717125033689968,0.717125033689968,"social_isolation_avg"
"16523","ATP9B","Exc L4-5 RORB IL1RAPL2",0.0235806521751106,7.48305351224886,2.28894682313125,0.132207916919297,0.418312039469903,0.418312039469903,"social_isolation_avg"
"16524","NFATC1","Exc L4-5 RORB IL1RAPL2",-0.413202267029783,-0.657713758838986,3.08676319537639,0.0807832268484638,0.326462929346387,0.326462929346387,"social_isolation_avg"
"16525","AC068473.4","Exc L4-5 RORB IL1RAPL2",0.0899199391345098,0.0290113500858995,0.452571363064341,0.502055745780104,0.788135465519401,0.788135465519401,"social_isolation_avg"
"16526","AC068473.1","Exc L4-5 RORB IL1RAPL2",0.0125209074074683,1.24884941486073,0.029172573277149,0.864590072858982,0.966438752795226,0.966438752795226,"social_isolation_avg"
"16527","CTDP1","Exc L4-5 RORB IL1RAPL2",0.0066316942614798,3.9010561006166,0.0469723469054396,0.828685207722575,0.954382665732476,0.954382665732476,"social_isolation_avg"
"16528","AC021594.2","Exc L4-5 RORB IL1RAPL2",-0.192330435073133,1.78897357313904,1.14747410251351,0.285640092058999,0.616677587212976,0.616677587212976,"social_isolation_avg"
"16529","KCNG2","Exc L4-5 RORB IL1RAPL2",-0.316199967692982,1.28398405887765,6.59900819174617,0.0110876825468324,0.104633437141454,0.104633437141454,"social_isolation_avg"
"16530","PQLC1","Exc L4-5 RORB IL1RAPL2",-0.0285574952291353,5.46892405747427,1.89167254946005,0.170874465683914,0.475808059632869,0.475808059632869,"social_isolation_avg"
"16531","HSBP1L1","Exc L4-5 RORB IL1RAPL2",0.00718756002826624,2.90120486276192,0.0191301988807132,0.890162222655035,0.974706512053996,0.974706512053996,"social_isolation_avg"
"16532","TXNL4A","Exc L4-5 RORB IL1RAPL2",-0.0343503505651328,5.72816992832713,2.55587445558041,0.111794735768622,0.386350355338464,0.386350355338464,"social_isolation_avg"
"16533","AC090360.1","Exc L4-5 RORB IL1RAPL2",0.0520689445410104,2.1489737401194,0.79236703537995,0.833657539445038,0.956615580316548,0.956615580316548,"social_isolation_avg"
"16534","ADNP2","Exc L4-5 RORB IL1RAPL2",-0.0281292684688403,5.66652630491876,1.65787562233758,0.199690208541619,0.514218237970458,0.514218237970458,"social_isolation_avg"
"16535","PARD6G-AS1","Exc L4-5 RORB IL1RAPL2",-0.0241158879108828,3.85275183244408,0.371046037152105,0.543270925912968,0.813995208412957,0.813995208412957,"social_isolation_avg"
"16536","PARD6G","Exc L4-5 RORB IL1RAPL2",0.0690758755498673,3.45866558131605,2.78978248721275,0.0967595856812111,0.360111686667175,0.360111686667175,"social_isolation_avg"
"16537","AC139100.1","Exc L4-5 RORB IL1RAPL2",-0.0693241175734048,0.306170156303571,0.356455768009728,0.551298135094578,0.817741612897814,0.817741612897814,"social_isolation_avg"
"16538","C20orf96","Exc L4-5 RORB IL1RAPL2",0.090883987574783,3.09780436055445,3.29151354793047,0.0714520784831076,0.306563441491809,0.306563441491809,"social_isolation_avg"
"16539","ZCCHC3","Exc L4-5 RORB IL1RAPL2",-0.0530513545444873,3.91266174057397,2.28401959179985,0.132622096249144,0.418991932397739,0.418991932397739,"social_isolation_avg"
"16540","NRSN2-AS1","Exc L4-5 RORB IL1RAPL2",-0.0114225090915076,4.40040760764782,0.122796362688748,0.726467326580891,0.911867340204129,0.911867340204129,"social_isolation_avg"
"16541","SOX12","Exc L4-5 RORB IL1RAPL2",0.0508076045891421,3.76429185228594,1.37200498680804,0.243153376410732,0.567991982295719,0.567991982295719,"social_isolation_avg"
"16542","NRSN2","Exc L4-5 RORB IL1RAPL2",-0.055970389139114,5.43575263189068,3.63305619068409,0.0583781383073025,0.274632708829555,0.274632708829555,"social_isolation_avg"
"16543","TRIB3","Exc L4-5 RORB IL1RAPL2",0.134708533485235,2.44305915163718,5.60005594271368,0.0191179222102506,0.144736345253346,0.144736345253346,"social_isolation_avg"
"16544","RBCK1","Exc L4-5 RORB IL1RAPL2",0.0246058427084648,4.45182264277398,0.884397095652712,0.348372433077718,0.670735527901289,0.670735527901289,"social_isolation_avg"
"16545","TBC1D20","Exc L4-5 RORB IL1RAPL2",0.0228697921837078,4.69611002438928,0.920519886716341,0.33873977698996,0.66239600960765,0.66239600960765,"social_isolation_avg"
"16546","CSNK2A1","Exc L4-5 RORB IL1RAPL2",0.000479466658895625,6.38629554989639,0.000967614859682815,0.975222126393383,0.996337897056653,0.996337897056653,"social_isolation_avg"
"16547","FAM110A","Exc L4-5 RORB IL1RAPL2",-0.11604498825214,0.841800723828688,1.7268468142616,0.190634781833086,0.50152957550943,0.50152957550943,"social_isolation_avg"
"16548","RSPO4","Exc L4-5 RORB IL1RAPL2",-0.0789351068714139,2.81173205449323,1.26465908655475,0.262401404263503,0.592116514021435,0.592116514021435,"social_isolation_avg"
"16549","PSMF1","Exc L4-5 RORB IL1RAPL2",-0.0411878493300084,5.41484339203015,3.44727505627095,0.0651358275515362,0.290718647094424,0.290718647094424,"social_isolation_avg"
"16550","TMEM74B","Exc L4-5 RORB IL1RAPL2",-0.0828237417197895,3.67218636555819,4.09115489075041,0.0447200611054705,0.23648638238586,0.23648638238586,"social_isolation_avg"
"16551","C20orf202","Exc L4-5 RORB IL1RAPL2",0.398342349579014,-0.705705347399389,4.41732405525259,0.0370917440978128,0.212864085554964,0.212864085554964,"social_isolation_avg"
"16552","RAD21L1","Exc L4-5 RORB IL1RAPL2",-0.0703855916853745,0.355638926856392,0.222738009448427,0.637583980113842,0.867064357055679,0.867064357055679,"social_isolation_avg"
"16553","SNPH","Exc L4-5 RORB IL1RAPL2",-0.000178941072865116,5.72825118098704,4.25232031827638e-05,0.994804909527449,0.9994589795957,0.9994589795957,"social_isolation_avg"
"16554","SDCBP2","Exc L4-5 RORB IL1RAPL2",0.0713790693118826,2.82485112280184,1.50048264765102,0.222339809425418,0.543675680527236,0.543675680527236,"social_isolation_avg"
"16555","AL136531.2","Exc L4-5 RORB IL1RAPL2",0.108766153043318,4.49800070732986,4.02898113771819,0.0463545198738763,0.241880285648229,0.241880285648229,"social_isolation_avg"
"16556","SDCBP2-AS1","Exc L4-5 RORB IL1RAPL2",-0.0173679364167731,4.38438511707083,0.23895513271837,0.625609734953877,0.860470272376116,0.860470272376116,"social_isolation_avg"
"16557","NSFL1C","Exc L4-5 RORB IL1RAPL2",-0.00396726790649597,5.60247962031533,0.0375700335559629,0.846547055273332,0.961597389721097,0.961597389721097,"social_isolation_avg"
"16558","SIRPG","Exc L4-5 RORB IL1RAPL2",0.0192090546122737,0.367272122642234,0.0131146762471997,0.908965112355907,0.979814339396019,0.979814339396019,"social_isolation_avg"
"16559","AL121760.1","Exc L4-5 RORB IL1RAPL2",-0.00576042434451971,2.62804412926786,0.00965732818877642,0.921835610668534,0.983427396790068,0.983427396790068,"social_isolation_avg"
"16560","AL117335.1","Exc L4-5 RORB IL1RAPL2",-0.0491131942798388,3.45788458209887,0.787119329774956,0.376261638849108,0.695027880189739,0.695027880189739,"social_isolation_avg"
"16561","SIRPA","Exc L4-5 RORB IL1RAPL2",-0.024817799027821,7.46658683563227,1.38480629099989,0.240975953621858,0.565391534009537,0.565391534009537,"social_isolation_avg"
"16562","PDYN-AS1","Exc L4-5 RORB IL1RAPL2",-0.0545901607308995,0.240164056008358,0.219138864540691,0.640313504209143,0.867633156378429,0.867633156378429,"social_isolation_avg"
"16563","PDYN","Exc L4-5 RORB IL1RAPL2",-0.0642961465064885,3.14124747389301,0.503224192157808,0.479086259423845,0.77199719933219,0.77199719933219,"social_isolation_avg"
"16564","STK35","Exc L4-5 RORB IL1RAPL2",0.010493523225319,5.32889779572827,0.123617540549415,0.725591400144327,0.91125148560539,0.91125148560539,"social_isolation_avg"
"16565","AL121899.1","Exc L4-5 RORB IL1RAPL2",0.0156491701036462,-0.107758879111992,0.0148516840319,0.989771263188015,0.998822911403646,0.998822911403646,"social_isolation_avg"
"16566","TGM3","Exc L4-5 RORB IL1RAPL2",0.14123368304941,0.180446011370709,1.69845419314704,0.194302650382617,0.50653078642732,0.50653078642732,"social_isolation_avg"
"16567","SNRPB","Exc L4-5 RORB IL1RAPL2",-0.103988181900251,3.67049511837507,9.0682634282789,0.00300947833178736,0.0479143252235762,0.0479143252235762,"social_isolation_avg"
"16568","AL049650.1","Exc L4-5 RORB IL1RAPL2",0.0677124543812774,4.21966467259919,4.07885531113563,0.0450384684927982,0.237705121995045,0.237705121995045,"social_isolation_avg"
"16569","ZNF343","Exc L4-5 RORB IL1RAPL2",-0.013388916079295,1.78744334041323,0.0310675965669997,0.860305425657443,0.964612240271125,0.964612240271125,"social_isolation_avg"
"16570","TMC2","Exc L4-5 RORB IL1RAPL2",0.0177229603434353,1.921670065343,0.0844330864509935,0.993274129861025,0.999333359735543,0.999333359735543,"social_isolation_avg"
"16571","NOP56","Exc L4-5 RORB IL1RAPL2",-0.00881070715989521,5.19595757695445,0.104622707283131,0.746760035717888,0.921565786317386,0.921565786317386,"social_isolation_avg"
"16572","IDH3B","Exc L4-5 RORB IL1RAPL2",-0.0584617607958132,3.55523375784389,1.9156846645989,0.168199048564529,0.47176018349977,0.47176018349977,"social_isolation_avg"
"16573","AL049712.1","Exc L4-5 RORB IL1RAPL2",-0.196739599260913,-0.187195376116777,2.36143611820138,0.12627960594052,0.409538970165627,0.409538970165627,"social_isolation_avg"
"16574","EBF4","Exc L4-5 RORB IL1RAPL2",0.104520550622337,4.20969379164102,5.67129629109174,0.0183819080573997,0.141729454912005,0.141729454912005,"social_isolation_avg"
"16575","PCED1A","Exc L4-5 RORB IL1RAPL2",-0.0146761721439065,3.35519549138153,0.126250974912613,0.722804261444086,0.90980329253221,0.90980329253221,"social_isolation_avg"
"16576","VPS16","Exc L4-5 RORB IL1RAPL2",0.138684139748225,2.84757659341809,9.59466480765351,0.00229342201706512,0.0405171223014837,0.0405171223014837,"social_isolation_avg"
"16577","PTPRA","Exc L4-5 RORB IL1RAPL2",-0.0252917129039982,7.84727848348909,2.31706311270138,0.129872155351115,0.414934656730553,0.414934656730553,"social_isolation_avg"
"16578","MRPS26","Exc L4-5 RORB IL1RAPL2",-0.0440281890456261,4.69935756415434,2.68788170293175,0.103015955081989,0.371638315705412,0.371638315705412,"social_isolation_avg"
"16579","UBOX5-AS1","Exc L4-5 RORB IL1RAPL2",0.150484826278666,2.48712494995756,6.93871618860851,0.00923619504549521,0.0944360058178188,0.0944360058178188,"social_isolation_avg"
"16580","UBOX5","Exc L4-5 RORB IL1RAPL2",0.0733905028268073,4.11560353750929,5.19621215208539,0.0239148257314022,0.164675507432038,0.164675507432038,"social_isolation_avg"
"16581","LZTS3","Exc L4-5 RORB IL1RAPL2",-0.0196619285373271,6.21652647945389,0.49306543854196,0.483550651478784,0.775372863914549,0.775372863914549,"social_isolation_avg"
"16582","DDRGK1","Exc L4-5 RORB IL1RAPL2",-0.0140857667932754,4.93389933918225,0.145654388102093,0.703213411783189,0.900663437646363,0.900663437646363,"social_isolation_avg"
"16583","ITPA","Exc L4-5 RORB IL1RAPL2",-0.030757560135525,3.86809349690359,1.00237385509248,0.318200154325027,0.645868584733278,0.645868584733278,"social_isolation_avg"
"16584","C20orf194","Exc L4-5 RORB IL1RAPL2",0.0496861960175308,8.0877416186013,16.8401717781751,6.37300768810522e-05,0.00426090736631233,0.00426090736631233,"social_isolation_avg"
"16585","ATRN","Exc L4-5 RORB IL1RAPL2",0.0108777428851243,6.89885236908349,0.670773517446432,0.413961284952221,0.723424557432989,0.723424557432989,"social_isolation_avg"
"16586","ADAM33","Exc L4-5 RORB IL1RAPL2",0.801626158878216,0.301603299539132,12.8897369505653,0.000435212462827589,0.0140045153217021,0.0140045153217021,"social_isolation_avg"
"16587","SIGLEC1","Exc L4-5 RORB IL1RAPL2",0.148609016694912,-0.4494955127234,0.699090264727613,0.404296577699193,0.716062486815167,0.716062486815167,"social_isolation_avg"
"16588","HSPA12B","Exc L4-5 RORB IL1RAPL2",0.148610367336897,-0.0514124862354508,1.15949523584178,0.283139287015845,0.614507736823445,0.614507736823445,"social_isolation_avg"
"16589","C20orf27","Exc L4-5 RORB IL1RAPL2",-0.0621482923804698,3.40620769981307,2.09897530316832,0.149292247572746,0.446406072746771,0.446406072746771,"social_isolation_avg"
"16590","SPEF1","Exc L4-5 RORB IL1RAPL2",-0.082688657474673,3.84803901916098,3.45441235325888,0.0648612205400806,0.290127459536375,0.290127459536375,"social_isolation_avg"
"16591","CENPB","Exc L4-5 RORB IL1RAPL2",-0.0414441720422743,3.04228189979084,0.905675643057741,0.342653879533596,0.665461458135152,0.665461458135152,"social_isolation_avg"
"16592","CDC25B","Exc L4-5 RORB IL1RAPL2",0.0658275776797247,5.47798068967164,4.97680567462636,0.0270348804782602,0.176693255105064,0.176693255105064,"social_isolation_avg"
"16593","LINC01730","Exc L4-5 RORB IL1RAPL2",0.180861917759162,-0.130354429837792,1.89339119421146,0.170681347825053,0.475663431942485,0.475663431942485,"social_isolation_avg"
"16594","AP5S1","Exc L4-5 RORB IL1RAPL2",0.0484168234409978,2.47552865645678,1.13069689074234,0.591842547134211,0.842274306180829,0.842274306180829,"social_isolation_avg"
"16595","MAVS","Exc L4-5 RORB IL1RAPL2",-0.00505935818774949,4.87770571176053,0.0334464392391583,0.855113408678075,0.962784933388745,0.962784933388745,"social_isolation_avg"
"16596","AL353194.1","Exc L4-5 RORB IL1RAPL2",-0.143490124235844,2.64483139566576,6.71548403545862,0.0104130038988681,0.101245861649786,0.101245861649786,"social_isolation_avg"
"16597","PANK2","Exc L4-5 RORB IL1RAPL2",0.0325283981104864,5.50851976516873,2.65869320725919,0.13709629636138,0.427206690292106,0.427206690292106,"social_isolation_avg"
"16598","RNF24","Exc L4-5 RORB IL1RAPL2",-0.00506275488645006,6.72603547518565,0.0352177931562865,0.85137018463251,0.961873912835597,0.961873912835597,"social_isolation_avg"
"16599","SMOX","Exc L4-5 RORB IL1RAPL2",-0.0432065374961104,1.65869438417643,0.486976591668873,0.498428957672483,0.78504360281201,0.78504360281201,"social_isolation_avg"
"16600","ADRA1D","Exc L4-5 RORB IL1RAPL2",-0.18739944115111,0.386658055308755,1.52164901137546,0.219121290608702,0.539421537809947,0.539421537809947,"social_isolation_avg"
"16601","PRNP","Exc L4-5 RORB IL1RAPL2",-0.0671231621749036,8.35559771955996,6.04990584981509,0.0149366120788443,0.12422099098545,0.12422099098545,"social_isolation_avg"
"16602","RASSF2","Exc L4-5 RORB IL1RAPL2",-0.202398921198889,-0.107195187635142,0.343919726653421,0.558375375592056,0.822421513987292,0.822421513987292,"social_isolation_avg"
"16603","SLC23A2","Exc L4-5 RORB IL1RAPL2",0.0816074507247435,7.57483299250057,17.5037678633732,4.64485729845514e-05,0.00353676240385486,0.00353676240385486,"social_isolation_avg"
"16604","TMEM230","Exc L4-5 RORB IL1RAPL2",-0.0260594142803854,5.66910674438768,1.52257189998988,0.218982237901473,0.539268037866725,0.539268037866725,"social_isolation_avg"
"16605","PCNA","Exc L4-5 RORB IL1RAPL2",0.0378818869612756,2.96219134456549,0.850794104088997,0.35767215089031,0.677632398818019,0.677632398818019,"social_isolation_avg"
"16606","CDS2","Exc L4-5 RORB IL1RAPL2",-0.0188285667584523,6.48506482941179,0.867505735315183,0.353005101867546,0.673239545654252,0.673239545654252,"social_isolation_avg"
"16607","PROKR2","Exc L4-5 RORB IL1RAPL2",-0.0939765522054004,1.35306786710991,1.09790997140437,0.296254913782871,0.627146925899048,0.627146925899048,"social_isolation_avg"
"16608","LINC00658","Exc L4-5 RORB IL1RAPL2",0.0914549521266795,3.45539667181271,1.31597661525664,0.252973112435246,0.580534173485419,0.580534173485419,"social_isolation_avg"
"16609","LINC00654","Exc L4-5 RORB IL1RAPL2",-0.145190775651256,1.50890679058183,3.18695977303007,0.0760616694969482,0.31636905881551,0.31636905881551,"social_isolation_avg"
"16610","AL109935.1","Exc L4-5 RORB IL1RAPL2",0.1040569224981,-0.411687409083039,0.38990602460044,0.533209701493846,0.809278084207705,0.809278084207705,"social_isolation_avg"
"16611","GPCPD1","Exc L4-5 RORB IL1RAPL2",-0.0457376407787421,4.99746390410523,1.56867295193125,0.212168941501477,0.530590608267176,0.530590608267176,"social_isolation_avg"
"16612","SHLD1","Exc L4-5 RORB IL1RAPL2",0.0245866159257341,4.85810138184936,0.724643913764046,0.39585634781087,0.710527834143388,0.710527834143388,"social_isolation_avg"
"16613","CHGB","Exc L4-5 RORB IL1RAPL2",-0.165476296763184,5.52181372809677,18.1760569230106,3.37712055748318e-05,0.00297202316595997,0.00297202316595997,"social_isolation_avg"
"16614","TRMT6","Exc L4-5 RORB IL1RAPL2",0.000687331202103946,3.66598625392986,0.000351583153994175,0.985062715489176,0.998300390466684,0.998300390466684,"social_isolation_avg"
"16615","MCM8","Exc L4-5 RORB IL1RAPL2",0.0521039608262034,3.28205150238159,1.59176841288622,0.208851123410625,0.527127660932923,0.527127660932923,"social_isolation_avg"
"16616","MCM8-AS1","Exc L4-5 RORB IL1RAPL2",-0.122694585472925,0.190760254227557,1.28530040310147,0.258557407953739,0.58710006724873,0.58710006724873,"social_isolation_avg"
"16617","AL035461.2","Exc L4-5 RORB IL1RAPL2",-0.105322232144233,0.649723897786928,1.41133253002701,0.236539478661459,0.560133423074815,0.560133423074815,"social_isolation_avg"
"16618","CRLS1","Exc L4-5 RORB IL1RAPL2",0.0359121684497702,5.2771426088553,2.07000817174954,0.15211151367702,0.449914327072517,0.449914327072517,"social_isolation_avg"
"16619","FERMT1","Exc L4-5 RORB IL1RAPL2",-0.12089455614112,0.842184720688515,0.569532579773272,0.451518564789305,0.752180227894597,0.752180227894597,"social_isolation_avg"
"16620","BMP2","Exc L4-5 RORB IL1RAPL2",-0.172091800278115,0.998270911875697,4.40492144273741,0.0373550549917122,0.213295106019237,0.213295106019237,"social_isolation_avg"
"16621","LINC01428","Exc L4-5 RORB IL1RAPL2",0.182629191426796,-0.130305337656295,1.05831215668755,0.3051034402614,0.635939119731827,0.635939119731827,"social_isolation_avg"
"16622","TMX4","Exc L4-5 RORB IL1RAPL2",-0.0426451710553486,6.46692145141771,3.25530052449589,0.0730134498289066,0.309618506668877,0.309618506668877,"social_isolation_avg"
"16623","AL021396.1","Exc L4-5 RORB IL1RAPL2",0.0496972185554121,0.478158923417349,0.136639850567583,0.712117709909729,0.90544850407916,0.90544850407916,"social_isolation_avg"
"16624","PLCB1","Exc L4-5 RORB IL1RAPL2",0.025018420707899,10.7205026229207,0.951664449029723,0.33072147660721,0.656206067416634,0.656206067416634,"social_isolation_avg"
"16625","PLCB4","Exc L4-5 RORB IL1RAPL2",-0.0173963493969892,5.31251961215599,0.131214803017492,0.717638491244649,0.907710267587406,0.907710267587406,"social_isolation_avg"
"16626","LAMP5","Exc L4-5 RORB IL1RAPL2",-1.26779419494289,-0.925185913783226,12.8069561199307,0.000453437764651751,0.0143428941221591,0.0143428941221591,"social_isolation_avg"
"16627","PAK5","Exc L4-5 RORB IL1RAPL2",0.0188504007973032,8.18092847990134,1.32294120871712,0.25172617070163,0.578936535291789,0.578936535291789,"social_isolation_avg"
"16628","ANKEF1","Exc L4-5 RORB IL1RAPL2",0.0494156970193655,1.73434723414509,0.455738431534768,0.50056559388252,0.786644651316541,0.786644651316541,"social_isolation_avg"
"16629","SNAP25-AS1","Exc L4-5 RORB IL1RAPL2",0.0197974835673233,6.64567886984403,0.445381046091468,0.505467231672635,0.790800850874642,0.790800850874642,"social_isolation_avg"
"16630","AL354824.1","Exc L4-5 RORB IL1RAPL2",0.00205541390279087,2.54189477639205,0.00110089310131851,0.9735713098203,0.99572295699374,0.99572295699374,"social_isolation_avg"
"16631","SNAP25","Exc L4-5 RORB IL1RAPL2",-0.0704498074316636,10.4015231089737,10.669861730364,0.00132414177218587,0.0283417267777475,0.0283417267777475,"social_isolation_avg"
"16632","MKKS","Exc L4-5 RORB IL1RAPL2",-0.0527015830716637,4.40859698358054,3.75261724988795,0.0544298030175245,0.264679080671956,0.264679080671956,"social_isolation_avg"
"16633","SLX4IP","Exc L4-5 RORB IL1RAPL2",-0.0721911395952203,5.18243468303734,4.12143595959702,0.0439463082341921,0.234135939532997,0.234135939532997,"social_isolation_avg"
"16634","JAG1","Exc L4-5 RORB IL1RAPL2",-0.30024333414989,-0.214311009930571,1.35549137797813,0.245998032408303,0.571809431351044,0.571809431351044,"social_isolation_avg"
"16635","AL050403.2","Exc L4-5 RORB IL1RAPL2",-0.0683274899510707,0.901051256025818,0.43662929012914,0.50967372070122,0.793380211385255,0.793380211385255,"social_isolation_avg"
"16636","LINC00687","Exc L4-5 RORB IL1RAPL2",0.0366384103916651,0.320754563440726,0.102463241826909,0.749297690235855,0.922531337646578,0.922531337646578,"social_isolation_avg"
"16637","BTBD3","Exc L4-5 RORB IL1RAPL2",-0.00381441821312938,5.45506583296314,0.0205796525825549,0.886104713419404,0.973780660163158,0.973780660163158,"social_isolation_avg"
"16638","LINC01722","Exc L4-5 RORB IL1RAPL2",0.148139439789796,-0.45190333435508,0.727069266085473,0.395068615330642,0.709774926322833,0.709774926322833,"social_isolation_avg"
"16639","SPTLC3","Exc L4-5 RORB IL1RAPL2",0.0319708458927742,-0.541272172970962,0.0317856987444008,0.85871712453761,0.964243395716678,0.964243395716678,"social_isolation_avg"
"16640","ISM1","Exc L4-5 RORB IL1RAPL2",0.0638966668994997,0.0553120591970803,0.220181200938365,0.639520216563678,0.867293779059998,0.867293779059998,"social_isolation_avg"
"16641","TASP1","Exc L4-5 RORB IL1RAPL2",0.00374115793507025,6.75433423737314,0.0466586941818186,0.829249211587643,0.954741653428854,0.954741653428854,"social_isolation_avg"
"16642","ESF1","Exc L4-5 RORB IL1RAPL2",0.0426932268076744,6.24581227858978,3.88578192774374,0.050365936667014,0.253046704109552,0.253046704109552,"social_isolation_avg"
"16643","NDUFAF5","Exc L4-5 RORB IL1RAPL2",0.00726487720375052,5.30884723672614,0.118690838077699,0.730896663751088,0.91330707798404,0.91330707798404,"social_isolation_avg"
"16644","SEL1L2","Exc L4-5 RORB IL1RAPL2",-0.10541866704151,1.91609372255168,1.53580435677239,0.217000099171038,0.536919280955755,0.536919280955755,"social_isolation_avg"
"16645","MACROD2","Exc L4-5 RORB IL1RAPL2",0.0256457609966099,10.2554449329886,2.10181124519072,0.149019451990921,0.446257898591878,0.446257898591878,"social_isolation_avg"
"16646","FLRT3","Exc L4-5 RORB IL1RAPL2",-0.0428305559645595,5.46709406367047,2.16891609371289,0.142727029889457,0.436716682563793,0.436716682563793,"social_isolation_avg"
"16647","MACROD2-AS1","Exc L4-5 RORB IL1RAPL2",0.112514392509273,1.62877710179736,1.98448006078888,0.160797495513433,0.462800336569768,0.462800336569768,"social_isolation_avg"
"16648","KIF16B","Exc L4-5 RORB IL1RAPL2",0.0222917534068693,6.33877518724622,1.19033776026423,0.276849220610873,0.607405392298045,0.607405392298045,"social_isolation_avg"
"16649","SNRPB2","Exc L4-5 RORB IL1RAPL2",-0.0302965179715707,4.22157201753001,1.17552813813219,0.279847124019247,0.611077603412368,0.611077603412368,"social_isolation_avg"
"16650","PCSK2","Exc L4-5 RORB IL1RAPL2",-0.00366329836631849,7.54501988176653,0.0218825532145779,0.882580256198791,0.973039332684846,0.973039332684846,"social_isolation_avg"
"16651","BFSP1","Exc L4-5 RORB IL1RAPL2",0.0184995482699333,1.48522456079151,0.0580283083800034,0.809938392814114,0.949024295915027,0.949024295915027,"social_isolation_avg"
"16652","DSTN","Exc L4-5 RORB IL1RAPL2",-0.0449322214982026,6.30067004584139,3.09752898650072,0.080260953714205,0.32525659325014,0.32525659325014,"social_isolation_avg"
"16653","RRBP1","Exc L4-5 RORB IL1RAPL2",-0.101865648991795,2.95506668682839,5.36592297764585,0.02176140459114,0.155670146037414,0.155670146037414,"social_isolation_avg"
"16654","SNX5","Exc L4-5 RORB IL1RAPL2",-0.0495315759632987,4.33226314861562,2.7478024065466,0.0992848400733929,0.364770574568673,0.364770574568673,"social_isolation_avg"
"16655","OVOL2","Exc L4-5 RORB IL1RAPL2",-0.0444005114489317,3.80043240449089,0.623517185296913,0.430874507040788,0.736323748890783,0.736323748890783,"social_isolation_avg"
"16656","MGME1","Exc L4-5 RORB IL1RAPL2",-0.000722412787964017,2.38944722361378,0.000297837459062923,0.986251630462767,0.998305401080937,0.998305401080937,"social_isolation_avg"
"16657","PET117","Exc L4-5 RORB IL1RAPL2",-0.374136589568038,-0.191901670719192,4.91689071137884,0.0279591757216234,0.179998490584837,0.179998490584837,"social_isolation_avg"
"16658","KAT14","Exc L4-5 RORB IL1RAPL2",-0.0235235400557106,4.05834384318799,0.654375126362469,0.419715593303547,0.726886607670817,0.726886607670817,"social_isolation_avg"
"16659","ZNF133","Exc L4-5 RORB IL1RAPL2",0.0501967864432643,5.82537892655593,4.40621394116532,0.037327522832925,0.213295106019237,0.213295106019237,"social_isolation_avg"
"16660","DZANK1","Exc L4-5 RORB IL1RAPL2",0.0437448949458266,5.18850735037027,3.7664319806743,0.0539923593149901,0.263704034744173,0.263704034744173,"social_isolation_avg"
"16661","POLR3F","Exc L4-5 RORB IL1RAPL2",0.0141007014909803,4.26107315780105,0.277731304090147,0.598898614835168,0.845653782932554,0.845653782932554,"social_isolation_avg"
"16662","RBBP9","Exc L4-5 RORB IL1RAPL2",0.065746667955432,2.28090932321257,1.54306900110929,0.309275096072335,0.639076071599346,0.639076071599346,"social_isolation_avg"
"16663","SEC23B","Exc L4-5 RORB IL1RAPL2",0.0211039122014861,4.278453354618,0.497604938196148,0.481547269926284,0.774380069205782,0.774380069205782,"social_isolation_avg"
"16664","SMIM26","Exc L4-5 RORB IL1RAPL2",-0.287153759010948,-0.776451053373266,1.5142006943807,0.220247432760546,0.540927008730827,0.540927008730827,"social_isolation_avg"
"16665","AL121900.2","Exc L4-5 RORB IL1RAPL2",0.125250511209711,0.843195897052199,2.01490545569657,0.157644045788499,0.457622428714973,0.457622428714973,"social_isolation_avg"
"16666","DTD1","Exc L4-5 RORB IL1RAPL2",-0.00330876789167254,3.88948582360801,0.0106252147522437,0.918025473091822,0.9830198062462,0.9830198062462,"social_isolation_avg"
"16667","AL121900.1","Exc L4-5 RORB IL1RAPL2",0.256707471416901,-0.0766321727970285,4.2177917077934,0.0415773779270372,0.227103223948462,0.227103223948462,"social_isolation_avg"
"16668","LINC00652","Exc L4-5 RORB IL1RAPL2",-0.191316412177241,0.506074277251351,3.43232032415813,0.0657152802005086,0.292014752624195,0.292014752624195,"social_isolation_avg"
"16669","AL035563.1","Exc L4-5 RORB IL1RAPL2",-0.0185336612591802,0.75887614050833,0.04521261929789,0.984478822286596,0.998239655190367,0.998239655190367,"social_isolation_avg"
"16670","SLC24A3","Exc L4-5 RORB IL1RAPL2",-0.0996574324692028,-1.28897825272164,0.0367897939504694,0.855375970175173,0.962871907892362,0.962871907892362,"social_isolation_avg"
"16671","NAA20","Exc L4-5 RORB IL1RAPL2",-0.0883714196283148,4.5731857723229,10.7301120785383,0.00128428037873375,0.0278349015418342,0.0278349015418342,"social_isolation_avg"
"16672","CRNKL1","Exc L4-5 RORB IL1RAPL2",-0.0593979559989568,3.60041600848065,3.04647235960806,0.0827709067308997,0.331119550830405,0.331119550830405,"social_isolation_avg"
"16673","CFAP61","Exc L4-5 RORB IL1RAPL2",0.0169665289032277,4.02573674163755,0.134679013021731,0.714098547317346,0.906524977548358,0.906524977548358,"social_isolation_avg"
"16674","AL121721.1","Exc L4-5 RORB IL1RAPL2",-0.432382440285319,0.0302510951306278,2.01923536750429,0.157201062015405,0.456867012728161,0.456867012728161,"social_isolation_avg"
"16675","INSM1","Exc L4-5 RORB IL1RAPL2",-0.266394686033808,0.801627148870875,7.61696615105426,0.00643497613055089,0.0766244074047536,0.0766244074047536,"social_isolation_avg"
"16676","RALGAPA2","Exc L4-5 RORB IL1RAPL2",-0.00388458278399376,7.10855332994995,0.029384739919182,0.864103374579276,0.966180117622886,0.966180117622886,"social_isolation_avg"
"16677","KIZ","Exc L4-5 RORB IL1RAPL2",0.0203128786970233,6.57339959220449,1.03251950047929,0.311052639186764,0.640388405444127,0.640388405444127,"social_isolation_avg"
"16678","KIZ-AS1","Exc L4-5 RORB IL1RAPL2",-0.0435930357015267,2.51870817347426,0.482836371353119,0.488115941946359,0.779209294150415,0.779209294150415,"social_isolation_avg"
"16679","XRN2","Exc L4-5 RORB IL1RAPL2",0.0101943176154086,5.69946117009012,0.295003108690281,0.587763784027674,0.840010352191718,0.840010352191718,"social_isolation_avg"
"16680","NXT1","Exc L4-5 RORB IL1RAPL2",0.0121446843533665,1.42264194804812,0.0351516069486677,0.851508273346877,0.961873912835597,0.961873912835597,"social_isolation_avg"
"16681","GZF1","Exc L4-5 RORB IL1RAPL2",-0.0217304105166293,3.23470567675772,0.330626492114207,0.717746118322966,0.907785715560752,0.907785715560752,"social_isolation_avg"
"16682","NAPB","Exc L4-5 RORB IL1RAPL2",-0.0825796143865063,7.38626281644257,14.7927483072133,0.000171022069146437,0.007931148456666,0.007931148456666,"social_isolation_avg"
"16683","CST3","Exc L4-5 RORB IL1RAPL2",-0.181934796308652,2.92487274999379,3.13861348155201,0.0783013367710443,0.321875039344518,0.321875039344518,"social_isolation_avg"
"16684","LINC01721","Exc L4-5 RORB IL1RAPL2",0.0988362324454837,2.66951847980976,1.59584259112313,0.208272282082506,0.526469883566069,0.526469883566069,"social_isolation_avg"
"16685","AL158090.1","Exc L4-5 RORB IL1RAPL2",-0.146480901894556,1.51093303966387,2.54621023048394,0.112469288694369,0.387330407222074,0.387330407222074,"social_isolation_avg"
"16686","SYNDIG1","Exc L4-5 RORB IL1RAPL2",0.0489065837928893,8.1198631109816,8.10287052202101,0.00497987350446087,0.0654334629013223,0.0654334629013223,"social_isolation_avg"
"16687","AL157413.1","Exc L4-5 RORB IL1RAPL2",-0.0080112745804071,0.05133674105379,0.00431246357047368,0.947720430341014,0.988740948001749,0.988740948001749,"social_isolation_avg"
"16688","APMAP","Exc L4-5 RORB IL1RAPL2",-0.0389265423830698,5.47720604603899,3.50719806361126,0.0628685833237806,0.285055467306315,0.285055467306315,"social_isolation_avg"
"16689","AL035252.2","Exc L4-5 RORB IL1RAPL2",-0.172217796704277,0.249666896059398,1.92377064701953,0.167309031725023,0.471037750786443,0.471037750786443,"social_isolation_avg"
"16690","ENTPD6","Exc L4-5 RORB IL1RAPL2",-0.0507189753744396,5.54043623748526,4.95840571815644,0.0273152678581734,0.177544549345414,0.177544549345414,"social_isolation_avg"
"16691","AL035252.3","Exc L4-5 RORB IL1RAPL2",-0.0305187637933912,1.65555648805374,0.227980476914756,0.633656072997375,0.865154438176829,0.865154438176829,"social_isolation_avg"
"16692","AL121772.1","Exc L4-5 RORB IL1RAPL2",-0.0294495182770904,-0.775828180240079,0.0320345624892339,0.858171013478896,0.964243395716678,0.964243395716678,"social_isolation_avg"
"16693","PYGB","Exc L4-5 RORB IL1RAPL2",0.00689307678130456,5.87291090917184,0.077430820064553,0.781157529089059,0.936916013895614,0.936916013895614,"social_isolation_avg"
"16694","ABHD12","Exc L4-5 RORB IL1RAPL2",0.0247545150186548,6.01562765202925,1.8269606656614,0.178333725860504,0.484753572451419,0.484753572451419,"social_isolation_avg"
"16695","GINS1","Exc L4-5 RORB IL1RAPL2",0.0904941702136921,3.57746500973298,7.05906752103853,0.00865973004074642,0.0904501350611006,0.0904501350611006,"social_isolation_avg"
"16696","NINL","Exc L4-5 RORB IL1RAPL2",0.128737136135421,3.01231005544744,2.96307818304243,0.0870565316171572,0.340403846804227,0.340403846804227,"social_isolation_avg"
"16697","NANP","Exc L4-5 RORB IL1RAPL2",0.102348791143846,2.26630460005236,4.25097287789322,0.0445864385400945,0.235977623389407,0.235977623389407,"social_isolation_avg"
"16698","ZNF337-AS1","Exc L4-5 RORB IL1RAPL2",0.0427616992653694,3.58083890596322,0.869392224688025,0.352483534943842,0.672660809354938,0.672660809354938,"social_isolation_avg"
"16699","ZNF337","Exc L4-5 RORB IL1RAPL2",0.00579078759777576,5.44717550862271,0.0357282173116052,0.850309735840611,0.961873912835597,0.961873912835597,"social_isolation_avg"
"16700","AL390198.1","Exc L4-5 RORB IL1RAPL2",0.0236199077112476,-0.244475128036807,0.0315512376627196,0.85923365217738,0.964243395716678,0.964243395716678,"social_isolation_avg"
"16701","FAM182B","Exc L4-5 RORB IL1RAPL2",0.0226900012801443,6.47550838830876,0.156457414885154,0.69294928262032,0.895325239448382,0.895325239448382,"social_isolation_avg"
"16702","AL078587.1","Exc L4-5 RORB IL1RAPL2",-0.0379889122415776,-0.170971097393635,0.0663428520803201,0.797058337792758,0.943219764173918,0.943219764173918,"social_isolation_avg"
"16703","LINC01597","Exc L4-5 RORB IL1RAPL2",-0.333359388350855,0.183547977641308,4.93150001451512,0.0277307819775279,0.179010036283106,0.179010036283106,"social_isolation_avg"
"16704","LINC01598","Exc L4-5 RORB IL1RAPL2",-0.117216668566927,2.98787791619742,2.11819879982647,0.147454170689897,0.443712916233016,0.443712916233016,"social_isolation_avg"
"16705","HM13","Exc L4-5 RORB IL1RAPL2",0.0342639155382812,6.4050253378392,3.65216193938805,0.0577271285272929,0.272859105387187,0.272859105387187,"social_isolation_avg"
"16706","ID1","Exc L4-5 RORB IL1RAPL2",-0.136815495576066,-0.0507275561979937,1.04408103462072,0.308367343757687,0.638291052536833,0.638291052536833,"social_isolation_avg"
"16707","BCL2L1","Exc L4-5 RORB IL1RAPL2",-0.0119229226569421,5.70021210719375,0.30730379114021,0.580088648999507,0.836304345045026,0.836304345045026,"social_isolation_avg"
"16708","AL117381.1","Exc L4-5 RORB IL1RAPL2",0.0195188448072819,1.60122298268297,0.0722825812151524,0.969437692092698,0.994522682757068,0.994522682757068,"social_isolation_avg"
"16709","TPX2","Exc L4-5 RORB IL1RAPL2",-0.0545463412890454,2.41760898767179,1.05592319816612,0.305648189635319,0.63618255154168,0.63618255154168,"social_isolation_avg"
"16710","DUSP15","Exc L4-5 RORB IL1RAPL2",0.0282387695898787,1.69578952561237,0.16740394335152,0.682959036331558,0.889934219178434,0.889934219178434,"social_isolation_avg"
"16711","TTLL9","Exc L4-5 RORB IL1RAPL2",0.0222182584540527,3.05562114560255,0.197996299216433,0.656925182955606,0.877427146840365,0.877427146840365,"social_isolation_avg"
"16712","PDRG1","Exc L4-5 RORB IL1RAPL2",-0.0423098294692164,2.968699583582,1.2398432682287,0.267117816804034,0.597188433576997,0.597188433576997,"social_isolation_avg"
"16713","XKR7","Exc L4-5 RORB IL1RAPL2",-0.0177232333439681,3.82188216682431,0.273893596700778,0.601432677255179,0.847172435051866,0.847172435051866,"social_isolation_avg"
"16714","CCM2L","Exc L4-5 RORB IL1RAPL2",0.0439439629174174,2.08883614210675,0.653469085298202,0.420037006385191,0.727044450495279,0.727044450495279,"social_isolation_avg"
"16715","HCK","Exc L4-5 RORB IL1RAPL2",-0.00204642639645394,0.853354299335094,0.000447044443547204,0.983156745002062,0.998104852196972,0.998104852196972,"social_isolation_avg"
"16716","TM9SF4","Exc L4-5 RORB IL1RAPL2",-0.00762167563787949,5.70850988029739,0.217964177234653,0.641210283591154,0.868369552370101,0.868369552370101,"social_isolation_avg"
"16717","PLAGL2","Exc L4-5 RORB IL1RAPL2",0.0389721982790713,3.30410428938113,0.991282667241199,0.320884327063369,0.648036327501975,0.648036327501975,"social_isolation_avg"
"16718","POFUT1","Exc L4-5 RORB IL1RAPL2",-1.62156640939015e-05,3.72917186644318,1.22979549575651e-07,0.999720617199701,1,1,"social_isolation_avg"
"16719","KIF3B","Exc L4-5 RORB IL1RAPL2",-0.0420647784748996,5.81003046063443,3.82363712432056,0.0522205663764343,0.258362869793322,0.258362869793322,"social_isolation_avg"
"16720","AL121583.1","Exc L4-5 RORB IL1RAPL2",0.0269545236957522,1.12815019276473,0.125981032866751,0.723088444263935,0.909980475817619,0.909980475817619,"social_isolation_avg"
"16721","ASXL1","Exc L4-5 RORB IL1RAPL2",0.00567616044893544,6.26812489636339,0.105736920597926,0.745462000009989,0.920785167671651,0.920785167671651,"social_isolation_avg"
"16722","NOL4L","Exc L4-5 RORB IL1RAPL2",0.00764708554357765,5.43028288740723,0.125402292525434,0.748657346701846,0.922343121301318,0.922343121301318,"social_isolation_avg"
"16723","NOL4L-DT","Exc L4-5 RORB IL1RAPL2",-0.0609059260640126,0.0289691580696432,0.24559180464023,0.728611902312583,0.912485628874579,0.912485628874579,"social_isolation_avg"
"16724","C20orf203","Exc L4-5 RORB IL1RAPL2",-0.0491405563405014,0.506164743294947,0.17274525485146,0.678222499692756,0.887303892540105,0.887303892540105,"social_isolation_avg"
"16725","FO393400.1","Exc L4-5 RORB IL1RAPL2",0.190273358462427,4.25999747809954,31.2889548398392,9.03753931982681e-08,0.000108322552969804,0.000108322552969804,"social_isolation_avg"
"16726","DNMT3B","Exc L4-5 RORB IL1RAPL2",0.0453053122786281,2.07162463355566,0.495659744202607,0.482404045048383,0.774975522220773,0.774975522220773,"social_isolation_avg"
"16727","MAPRE1","Exc L4-5 RORB IL1RAPL2",-0.000522687622721133,3.3658837165441,0.000215795445304276,0.988297230561127,0.998787747693845,0.998787747693845,"social_isolation_avg"
"16728","AL035071.2","Exc L4-5 RORB IL1RAPL2",-0.0202066071195199,1.24931809906328,0.0628247100018119,0.802397101260694,0.94504547481815,0.94504547481815,"social_isolation_avg"
"16729","AL035071.1","Exc L4-5 RORB IL1RAPL2",-0.0440826720047932,3.29929498413445,1.14962895895297,0.285189741693576,0.616482931861551,0.616482931861551,"social_isolation_avg"
"16730","EFCAB8","Exc L4-5 RORB IL1RAPL2",0.162867729979781,0.544267037539067,2.12226764443322,0.147068434786982,0.442961135721823,0.442961135721823,"social_isolation_avg"
"16731","CDK5RAP1","Exc L4-5 RORB IL1RAPL2",0.0713935258774046,5.51628220057727,13.8594884010691,0.000269817520512644,0.0104401171894064,0.0104401171894064,"social_isolation_avg"
"16732","SNTA1","Exc L4-5 RORB IL1RAPL2",0.0013432042742108,4.45969442163913,0.0022859151335813,0.961924392388481,0.992559929562221,0.992559929562221,"social_isolation_avg"
"16733","CBFA2T2","Exc L4-5 RORB IL1RAPL2",0.0387246593619838,7.273252476498,8.33857052600837,0.00440073099820674,0.0606454706606481,0.0606454706606481,"social_isolation_avg"
"16734","NECAB3","Exc L4-5 RORB IL1RAPL2",-0.0457145665345376,3.79156822652741,1.04031645657802,0.309238366888716,0.639076071599346,0.639076071599346,"social_isolation_avg"
"16735","E2F1","Exc L4-5 RORB IL1RAPL2",0.0286273857672343,1.43835938507262,0.117448525699721,0.732253826938449,0.914172268378775,0.914172268378775,"social_isolation_avg"
"16736","PXMP4","Exc L4-5 RORB IL1RAPL2",0.0548181117969923,3.69452204987829,3.10961278946971,0.079679112013496,0.323908710092768,0.323908710092768,"social_isolation_avg"
"16737","ZNF341","Exc L4-5 RORB IL1RAPL2",0.0409277492518162,4.21271180351967,1.7901328497754,0.182747720914062,0.489214718083612,0.489214718083612,"social_isolation_avg"
"16738","ZNF341-AS1","Exc L4-5 RORB IL1RAPL2",0.173291597074054,-0.282649009388738,1.49358662077906,0.223400687697056,0.544641722963019,0.544641722963019,"social_isolation_avg"
"16739","CHMP4B","Exc L4-5 RORB IL1RAPL2",-0.0796525374815809,5.2758058796772,8.87113705028772,0.00333352215730496,0.0511131059468129,0.0511131059468129,"social_isolation_avg"
"16740","AL034549.1","Exc L4-5 RORB IL1RAPL2",0.0490989759939529,0.349888100492835,0.180414864311381,0.671569319166248,0.884298267656223,0.884298267656223,"social_isolation_avg"
"16741","RALY","Exc L4-5 RORB IL1RAPL2",0.0224890261089164,5.17833345845942,0.852047009289285,0.357319313413618,0.677448951510407,0.677448951510407,"social_isolation_avg"
"16742","EIF2S2","Exc L4-5 RORB IL1RAPL2",-0.0569543093689843,5.03740677977595,3.42687394269574,0.0659276896048042,0.292683673161075,0.292683673161075,"social_isolation_avg"
"16743","ASIP","Exc L4-5 RORB IL1RAPL2",0.063159878463264,1.47392013637025,0.761885052773038,0.384005440991663,0.701261166779583,0.701261166779583,"social_isolation_avg"
"16744","AHCY","Exc L4-5 RORB IL1RAPL2",-0.107615968606332,3.09963876186392,9.23698590298039,0.00275788048621834,0.045479249260089,0.045479249260089,"social_isolation_avg"
"16745","ITCH","Exc L4-5 RORB IL1RAPL2",0.0340724595606516,6.71349028913851,4.89620382793946,0.0282859703765395,0.181188330566032,0.181188330566032,"social_isolation_avg"
"16746","DYNLRB1","Exc L4-5 RORB IL1RAPL2",-0.124577661595744,6.43604574651039,37.2899798377523,7.03254648953782e-09,2.26473185389197e-05,2.26473185389197e-05,"social_isolation_avg"
"16747","MAP1LC3A","Exc L4-5 RORB IL1RAPL2",-0.143782905960872,5.88957684505705,14.3105758196252,0.000216344190738709,0.00911121096404676,0.00911121096404676,"social_isolation_avg"
"16748","PIGU","Exc L4-5 RORB IL1RAPL2",0.0887399208458486,5.49137724639864,15.1697588789135,0.000142408370670914,0.00712631340087359,0.00712631340087359,"social_isolation_avg"
"16749","NCOA6","Exc L4-5 RORB IL1RAPL2",0.0359197264513126,6.24064077138108,7.0677079373301,0.00861980306190699,0.0902574951490549,0.0902574951490549,"social_isolation_avg"
"16750","TP53INP2","Exc L4-5 RORB IL1RAPL2",-0.0422568844798916,2.51562288905271,0.688213593790404,0.407969105348256,0.718868914073287,0.718868914073287,"social_isolation_avg"
"16751","GGT7","Exc L4-5 RORB IL1RAPL2",-0.00369220257797702,6.5870479054297,0.0278887857804649,0.867574672145379,0.9669757523364,0.9669757523364,"social_isolation_avg"
"16752","ACSS2","Exc L4-5 RORB IL1RAPL2",0.0785082831901896,4.82033625615543,8.0466967668739,0.00512913460496833,0.0663805443642994,0.0663805443642994,"social_isolation_avg"
"16753","GSS","Exc L4-5 RORB IL1RAPL2",-0.0476521760866407,3.85477490665512,2.09249884961933,0.149917368448111,0.447093280438666,0.447093280438666,"social_isolation_avg"
"16754","MYH7B","Exc L4-5 RORB IL1RAPL2",0.0346542801850884,3.18632124537058,0.613318951950187,0.434661501744616,0.739123777703773,0.739123777703773,"social_isolation_avg"
"16755","TRPC4AP","Exc L4-5 RORB IL1RAPL2",0.0172011541891707,6.34355043182885,0.715663991093242,0.398792867203846,0.712587971353742,0.712587971353742,"social_isolation_avg"
"16756","EDEM2","Exc L4-5 RORB IL1RAPL2",-0.0609892338692911,2.94960606272689,2.12863874917069,0.146466742936136,0.442489633652158,0.442489633652158,"social_isolation_avg"
"16757","PROCR","Exc L4-5 RORB IL1RAPL2",-0.0362509775358166,0.676127179582807,0.1530559506728,0.816758203667873,0.951599926146172,0.951599926146172,"social_isolation_avg"
"16758","MMP24OS","Exc L4-5 RORB IL1RAPL2",-0.0160669720312415,3.29550147616718,0.153209942263964,0.695990611427608,0.896785920848961,0.896785920848961,"social_isolation_avg"
"16759","MMP24","Exc L4-5 RORB IL1RAPL2",0.0159068473065462,5.75605068902596,0.655081869917413,0.419465135582697,0.726670923856455,0.726670923856455,"social_isolation_avg"
"16760","EIF6","Exc L4-5 RORB IL1RAPL2",0.133261928982155,0.361626805814832,1.75369706310362,0.187240802616715,0.496466259292441,0.496466259292441,"social_isolation_avg"
"16761","UQCC1","Exc L4-5 RORB IL1RAPL2",0.00448068249111362,6.31431158805218,0.0717304777484509,0.789167579485899,0.940173767249257,0.940173767249257,"social_isolation_avg"
"16762","GDF5","Exc L4-5 RORB IL1RAPL2",-0.0110709738225193,0.539977941445027,0.0163569217018659,0.898388178040837,0.977255559309928,0.977255559309928,"social_isolation_avg"
"16763","CEP250","Exc L4-5 RORB IL1RAPL2",0.0430179346938959,4.94412856073526,3.9112717762627,0.0496256710182695,0.251060781106064,0.251060781106064,"social_isolation_avg"
"16764","FO393401.1","Exc L4-5 RORB IL1RAPL2",0.147695583633898,1.37467840086661,4.09690461527839,0.0445720358227102,0.235977623389407,0.235977623389407,"social_isolation_avg"
"16765","ERGIC3","Exc L4-5 RORB IL1RAPL2",-0.0382035628198784,4.07672577137334,1.4198599718774,0.235134506163989,0.55825160282988,0.55825160282988,"social_isolation_avg"
"16766","SPAG4","Exc L4-5 RORB IL1RAPL2",0.100978803786222,0.88404586643169,1.27207557534822,0.261012094319977,0.590182447413653,0.590182447413653,"social_isolation_avg"
"16767","CPNE1","Exc L4-5 RORB IL1RAPL2",0.0420803351365547,5.27704924002751,2.31230153337094,0.130264437857132,0.41536663618829,0.41536663618829,"social_isolation_avg"
"16768","NFS1","Exc L4-5 RORB IL1RAPL2",0.0202657037752938,2.29750195808918,0.2104579402475,0.647011344530933,0.87158815655614,0.87158815655614,"social_isolation_avg"
"16769","ROMO1","Exc L4-5 RORB IL1RAPL2",-0.265521457801278,1.70718576075228,14.2420945561089,0.000223708206538812,0.00928916506706586,0.00928916506706586,"social_isolation_avg"
"16770","RBM39","Exc L4-5 RORB IL1RAPL2",0.00651690655612144,7.25963264407031,0.232721470112139,0.630151407103499,0.862855619694343,0.862855619694343,"social_isolation_avg"
"16771","PHF20","Exc L4-5 RORB IL1RAPL2",0.00426103322890964,6.18285309222406,0.0501657575215538,0.823051686266356,0.953227927203764,0.953227927203764,"social_isolation_avg"
"16772","SCAND1","Exc L4-5 RORB IL1RAPL2",-0.247109279221731,3.74149775219302,21.1170216372448,8.53721015167861e-06,0.00119653743170304,0.00119653743170304,"social_isolation_avg"
"16773","CNBD2","Exc L4-5 RORB IL1RAPL2",-0.0228878763653286,1.84208984876012,0.174287886800579,0.973531807412396,0.99572295699374,0.99572295699374,"social_isolation_avg"
"16774","NORAD","Exc L4-5 RORB IL1RAPL2",-0.0551741894117535,7.693665515881,3.88145095788121,0.050492881561217,0.253278421336571,0.253278421336571,"social_isolation_avg"
"16775","AL035420.1","Exc L4-5 RORB IL1RAPL2",0.0202821542348297,-0.317312793841413,0.0179183902162883,0.893676440403604,0.975474727711369,0.975474727711369,"social_isolation_avg"
"16776","EPB41L1","Exc L4-5 RORB IL1RAPL2",-0.0151835537494171,7.19680536975479,0.889645615597417,0.346949899569102,0.669754104946025,0.669754104946025,"social_isolation_avg"
"16777","AL121895.1","Exc L4-5 RORB IL1RAPL2",0.0499904364057096,2.08881968944215,0.569445845257165,0.451552960566339,0.752180227894597,0.752180227894597,"social_isolation_avg"
"16778","AAR2","Exc L4-5 RORB IL1RAPL2",0.00442315676060686,3.48811299513907,0.0180393669965562,0.893320278794083,0.975474727711369,0.975474727711369,"social_isolation_avg"
"16779","DLGAP4","Exc L4-5 RORB IL1RAPL2",0.00102838795259031,7.49892798397496,0.00506953901539731,0.94332410013058,0.987984052456339,0.987984052456339,"social_isolation_avg"
"16780","DLGAP4-AS1","Exc L4-5 RORB IL1RAPL2",0.0475647913541474,2.26142497116035,0.706438628969606,0.401842771190211,0.71439134395283,0.71439134395283,"social_isolation_avg"
"16781","MYL9","Exc L4-5 RORB IL1RAPL2",0.0160842047564814,0.0427202275693494,0.0162809022988775,0.898623286098631,0.977255559309928,0.977255559309928,"social_isolation_avg"
"16782","RAB5IF","Exc L4-5 RORB IL1RAPL2",-0.0592335836319755,3.01234000576678,1.60065106778352,0.207591572480434,0.525234651058657,0.525234651058657,"social_isolation_avg"
"16783","SLA2","Exc L4-5 RORB IL1RAPL2",0.119044739961157,1.82954482027615,3.45022955520561,0.0650220017970655,0.290571869627368,0.290571869627368,"social_isolation_avg"
"16784","NDRG3","Exc L4-5 RORB IL1RAPL2",-0.00787318199965713,6.43074287600829,0.200000850126804,0.655305613218078,0.876327780631536,0.876327780631536,"social_isolation_avg"
"16785","DSN1","Exc L4-5 RORB IL1RAPL2",-0.0157985868017597,3.39188556821901,0.155669972182428,0.693683363485078,0.895855772336438,0.895855772336438,"social_isolation_avg"
"16786","SOGA1","Exc L4-5 RORB IL1RAPL2",0.0162114978384285,5.50893924469647,0.336456245964983,0.562671749041394,0.82523154512148,0.82523154512148,"social_isolation_avg"
"16787","SAMHD1","Exc L4-5 RORB IL1RAPL2",-0.0240753293106683,3.91592319524576,0.661539188829615,0.417187088826856,0.725514421662954,0.725514421662954,"social_isolation_avg"
"16788","RBL1","Exc L4-5 RORB IL1RAPL2",0.0931764383854713,4.90872684704152,15.0497394873104,0.000150945492641638,0.00737994745806832,0.00737994745806832,"social_isolation_avg"
"16789","MROH8","Exc L4-5 RORB IL1RAPL2",0.119132949478077,4.84417484791974,13.1237439419141,0.000387630125290184,0.0129812315712131,0.0129812315712131,"social_isolation_avg"
"16790","RPN2","Exc L4-5 RORB IL1RAPL2",-0.0648054485451238,4.46111619311433,4.78781969404224,0.0300650364290114,0.188229194989157,0.188229194989157,"social_isolation_avg"
"16791","MANBAL","Exc L4-5 RORB IL1RAPL2",-0.132345468506906,3.90320730462217,17.3305110395388,5.04390730383943e-05,0.00369906085643201,0.00369906085643201,"social_isolation_avg"
"16792","SRC","Exc L4-5 RORB IL1RAPL2",-0.0101439835270606,4.04753242821287,0.106684361449775,0.824823951650171,0.953583855066564,0.953583855066564,"social_isolation_avg"
"16793","BLCAP","Exc L4-5 RORB IL1RAPL2",-0.0928374430472859,6.2127954679041,15.194614405091,0.000140702736196834,0.00709929725754746,0.00709929725754746,"social_isolation_avg"
"16794","NNAT","Exc L4-5 RORB IL1RAPL2",-0.0860881385810372,4.50105108806697,3.53148179264748,0.0619740946586887,0.283052568192895,0.283052568192895,"social_isolation_avg"
"16795","CTNNBL1","Exc L4-5 RORB IL1RAPL2",0.0140714231031515,5.3491906100376,0.438772050479311,0.508638233933931,0.792550771989121,0.792550771989121,"social_isolation_avg"
"16796","VSTM2L","Exc L4-5 RORB IL1RAPL2",-0.0690804898359168,5.03955814090178,4.5189897341278,0.0350059165985846,0.204807343216394,0.204807343216394,"social_isolation_avg"
"16797","TTI1","Exc L4-5 RORB IL1RAPL2",-0.00210145042567479,4.63485143492598,0.00721121273500226,0.932428662114348,0.98644018539925,0.98644018539925,"social_isolation_avg"
"16798","RPRD1B","Exc L4-5 RORB IL1RAPL2",0.0420767788761147,4.98529575626238,4.16189619412879,0.0429345814049661,0.231179628561003,0.231179628561003,"social_isolation_avg"
"16799","AL391095.2","Exc L4-5 RORB IL1RAPL2",0.06629981702047,1.86891849491876,0.744426793673034,0.389496582653328,0.704557366966306,0.704557366966306,"social_isolation_avg"
"16800","AL391095.1","Exc L4-5 RORB IL1RAPL2",-0.384751294060606,0.710134649718307,6.11568164529178,0.0144102214553346,0.121396171040243,0.121396171040243,"social_isolation_avg"
"16801","RALGAPB","Exc L4-5 RORB IL1RAPL2",0.0242913295089413,6.08206376222865,2.56937789125913,0.110859721360888,0.384967156759105,0.384967156759105,"social_isolation_avg"
"16802","ARHGAP40","Exc L4-5 RORB IL1RAPL2",-0.00390540260942668,-0.888015439481976,0.00356541024595976,0.952457894707605,0.989452900160271,0.989452900160271,"social_isolation_avg"
"16803","ACTR5","Exc L4-5 RORB IL1RAPL2",0.0550837077592725,3.54100615974901,1.98550523758776,0.160690068793595,0.462622897143361,0.462622897143361,"social_isolation_avg"
"16804","PPP1R16B","Exc L4-5 RORB IL1RAPL2",0.0350464538288689,7.8683132527079,4.42216466062379,0.0369895099647447,0.212341783386813,0.212341783386813,"social_isolation_avg"
"16805","FAM83D","Exc L4-5 RORB IL1RAPL2",0.00901678727263925,2.54433361398019,0.0162658392489146,0.898669938336178,0.977255559309928,0.977255559309928,"social_isolation_avg"
"16806","DHX35","Exc L4-5 RORB IL1RAPL2",0.00319652498385673,4.67633104470751,0.0144833590667572,0.904354565625636,0.978397583639639,0.978397583639639,"social_isolation_avg"
"16807","AL118523.1","Exc L4-5 RORB IL1RAPL2",0.0595851841511931,1.127846425369,0.418948098519997,0.518360263934371,0.799630246021267,0.799630246021267,"social_isolation_avg"
"16808","AL133419.1","Exc L4-5 RORB IL1RAPL2",0.256551202477093,-0.255013602768649,3.21882471501915,0.0746235672544021,0.312642960439159,0.312642960439159,"social_isolation_avg"
"16809","TOP1","Exc L4-5 RORB IL1RAPL2",0.00092596615123537,6.78078906957749,0.00381837305942461,0.950802342743242,0.989392111770647,0.989392111770647,"social_isolation_avg"
"16810","PLCG1-AS1","Exc L4-5 RORB IL1RAPL2",0.169527367906796,1.09115887534689,4.84580425322668,0.0290990658418134,0.184299372463754,0.184299372463754,"social_isolation_avg"
"16811","PLCG1","Exc L4-5 RORB IL1RAPL2",0.00384581497235584,4.33030869672165,0.0187390894703053,0.891283705265469,0.97485282313012,0.97485282313012,"social_isolation_avg"
"16812","ZHX3","Exc L4-5 RORB IL1RAPL2",0.0430626027239021,6.97362983379719,5.44288345675123,0.0208526963206742,0.152396240665692,0.152396240665692,"social_isolation_avg"
"16813","CHD6","Exc L4-5 RORB IL1RAPL2",0.00508915005124593,7.71342527304133,0.134058408535846,0.714728890405819,0.906749642740932,0.906749642740932,"social_isolation_avg"
"16814","AL049812.2","Exc L4-5 RORB IL1RAPL2",0.139619345564003,-0.25576370639798,0.756595718887627,0.385657330864305,0.702381037665558,0.702381037665558,"social_isolation_avg"
"16815","PTPRT","Exc L4-5 RORB IL1RAPL2",0.0224001794936646,10.6529242272415,1.91079372065865,0.168740044482261,0.472715467720191,0.472715467720191,"social_isolation_avg"
"16816","AL021395.1","Exc L4-5 RORB IL1RAPL2",-0.0164658070711319,3.85285752669647,0.234134896045428,0.629115093347824,0.862347234873197,0.862347234873197,"social_isolation_avg"
"16817","SRSF6","Exc L4-5 RORB IL1RAPL2",-0.0369431153680708,4.71647959386816,0.992501991145943,0.320587777058911,0.647693822887775,0.647693822887775,"social_isolation_avg"
"16818","L3MBTL1","Exc L4-5 RORB IL1RAPL2",0.0195907342572221,4.09497783956607,0.191291094807105,0.66241510869878,0.880103663484981,0.880103663484981,"social_isolation_avg"
"16819","Z98752.3","Exc L4-5 RORB IL1RAPL2",0.00508862679925494,1.08878925861741,0.00353435701917751,0.95266513702758,0.989452900160271,0.989452900160271,"social_isolation_avg"
"16820","IFT52","Exc L4-5 RORB IL1RAPL2",0.0450584197752088,5.08541448579494,3.20025935187942,0.0754578223737501,0.314732590207646,0.314732590207646,"social_isolation_avg"
"16821","MYBL2","Exc L4-5 RORB IL1RAPL2",0.00307952733892283,-0.0660526825783732,0.000697332867106741,0.978964515664471,0.996876364716566,0.996876364716566,"social_isolation_avg"
"16822","TOX2","Exc L4-5 RORB IL1RAPL2",0.0487422167235922,5.17739304109745,2.08395725090444,0.150746389666237,0.448047822631932,0.448047822631932,"social_isolation_avg"
"16823","JPH2","Exc L4-5 RORB IL1RAPL2",0.109107408100814,1.2563926917517,2.33282500060132,0.128583053332425,0.412779089260741,0.412779089260741,"social_isolation_avg"
"16824","OSER1","Exc L4-5 RORB IL1RAPL2",0.0328249375674256,3.0273681716699,0.755143213453162,0.386112734131886,0.702394667799566,0.702394667799566,"social_isolation_avg"
"16825","OSER1-DT","Exc L4-5 RORB IL1RAPL2",-0.0996777104678643,3.77389255921813,8.2431850488732,0.00462626469812466,0.0626134151310563,0.0626134151310563,"social_isolation_avg"
"16826","GDAP1L1","Exc L4-5 RORB IL1RAPL2",-0.00238800374985343,5.61710257202744,0.00999494210277662,0.920485554717655,0.983379844105921,0.983379844105921,"social_isolation_avg"
"16827","FITM2","Exc L4-5 RORB IL1RAPL2",-0.04710474251188,3.57029023556853,1.52577403427724,0.218500590360078,0.538734645582882,0.538734645582882,"social_isolation_avg"
"16828","HNF4A","Exc L4-5 RORB IL1RAPL2",-0.0214027615973337,0.823491464198302,0.0516596702116781,0.820480954923847,0.952353852408693,0.952353852408693,"social_isolation_avg"
"16829","LINC01620","Exc L4-5 RORB IL1RAPL2",0.0414312177563427,-0.484977227802157,0.0767186826242759,0.782140472028471,0.93740925262879,0.93740925262879,"social_isolation_avg"
"16830","TTPAL","Exc L4-5 RORB IL1RAPL2",-0.0789057313401929,3.50966600400569,3.73852210935872,0.0548800363852274,0.265690581415129,0.265690581415129,"social_isolation_avg"
"16831","SERINC3","Exc L4-5 RORB IL1RAPL2",-0.0937850587398145,6.66272291283382,22.9989512328147,3.59578530835606e-06,0.000673622315043614,0.000673622315043614,"social_isolation_avg"
"16832","PKIG","Exc L4-5 RORB IL1RAPL2",-0.00680340745651453,6.14067170808937,0.119381373276032,0.730145724486697,0.913267211869261,0.913267211869261,"social_isolation_avg"
"16833","AL139352.1","Exc L4-5 RORB IL1RAPL2",-0.0701054457219522,4.18331322727302,0.863594760944487,0.35408977031309,0.674492353175674,0.674492353175674,"social_isolation_avg"
"16834","KCNK15-AS1","Exc L4-5 RORB IL1RAPL2",-0.00691422948267773,3.30680942847788,0.0217677346656397,0.882886466277335,0.973162804758901,0.973162804758901,"social_isolation_avg"
"16835","WISP2","Exc L4-5 RORB IL1RAPL2",-0.0455888957389195,-0.127188551002228,0.121239787074059,0.728136753536797,0.91234452756733,0.91234452756733,"social_isolation_avg"
"16836","RIMS4","Exc L4-5 RORB IL1RAPL2",0.0480141178215943,4.55317974055773,2.60388371757981,0.108509610928645,0.380911010831334,0.380911010831334,"social_isolation_avg"
"16837","YWHAB","Exc L4-5 RORB IL1RAPL2",-0.10085394770437,8.02919910783639,17.4527533764153,4.75890168123671e-05,0.00359355324698061,0.00359355324698061,"social_isolation_avg"
"16838","PABPC1L","Exc L4-5 RORB IL1RAPL2",0.108586962751955,2.84609112141118,4.1380195553869,0.0435285983054109,0.232722409871907,0.232722409871907,"social_isolation_avg"
"16839","TOMM34","Exc L4-5 RORB IL1RAPL2",-0.133554161922551,3.64084706290843,12.6590410684508,0.000487966136688856,0.0148676445608532,0.0148676445608532,"social_isolation_avg"
"16840","STK4","Exc L4-5 RORB IL1RAPL2",0.0573458677390772,5.88986561116337,7.69547617307105,0.00617303733017107,0.0746803320487001,0.0746803320487001,"social_isolation_avg"
"16841","KCNS1","Exc L4-5 RORB IL1RAPL2",-0.101543712442753,2.80963690722242,2.60837865167073,0.108207558471814,0.380344643107041,0.380344643107041,"social_isolation_avg"
"16842","MATN4","Exc L4-5 RORB IL1RAPL2",0.0407067745985181,0.900094348204433,0.199438181927865,0.655759231865898,0.87655389799609,0.87655389799609,"social_isolation_avg"
"16843","RBPJL","Exc L4-5 RORB IL1RAPL2",0.222217323431216,-0.674644905276545,1.12750876975625,0.28985626654737,0.621387992221027,0.621387992221027,"social_isolation_avg"
"16844","SYS1-DBNDD2","Exc L4-5 RORB IL1RAPL2",0.043834517007264,4.04467222145159,2.00514861991086,0.158647502106765,0.459283604856963,0.459283604856963,"social_isolation_avg"
"16845","TP53TG5","Exc L4-5 RORB IL1RAPL2",0.0717455871162194,2.25642878857609,0.788629637894743,0.375805203291061,0.694870541529382,0.694870541529382,"social_isolation_avg"
"16846","PIGT","Exc L4-5 RORB IL1RAPL2",-0.0182321276041381,4.14686944837135,0.343806985760273,0.558439807215906,0.822421513987292,0.822421513987292,"social_isolation_avg"
"16847","AL031663.3","Exc L4-5 RORB IL1RAPL2",-0.0691289521439606,-0.285271326941529,0.200131298784893,0.655200555990097,0.876327780631536,0.876327780631536,"social_isolation_avg"
"16848","WFDC2","Exc L4-5 RORB IL1RAPL2",-0.0011827192463977,1.47042961705595,0.000172322520465252,0.989542167137827,0.998822911403646,0.998822911403646,"social_isolation_avg"
"16849","WFDC10B","Exc L4-5 RORB IL1RAPL2",0.139202716753855,1.10566909378282,2.75462387805094,0.098869614528505,0.364164293652685,0.364164293652685,"social_isolation_avg"
"16850","WFDC3","Exc L4-5 RORB IL1RAPL2",0.110718504063008,1.0676016308146,1.93286660617793,0.166314338025226,0.470232654529165,0.470232654529165,"social_isolation_avg"
"16851","DNTTIP1","Exc L4-5 RORB IL1RAPL2",-0.00911421624161161,4.00106952652158,0.104513676828044,0.746887463589853,0.92166292953653,0.92166292953653,"social_isolation_avg"
"16852","TNNC2","Exc L4-5 RORB IL1RAPL2",0.072133748387524,1.72932906380219,1.11108346903506,0.29338486387046,0.624327232483406,0.624327232483406,"social_isolation_avg"
"16853","SNX21","Exc L4-5 RORB IL1RAPL2",-0.0535426814437241,2.9925821951483,1.47472308770559,0.226334009625818,0.5479101581538,0.5479101581538,"social_isolation_avg"
"16854","ACOT8","Exc L4-5 RORB IL1RAPL2",-0.0208902591019051,4.28788034499459,0.532419299446564,0.539573741264884,0.811935323562341,0.811935323562341,"social_isolation_avg"
"16855","ZSWIM3","Exc L4-5 RORB IL1RAPL2",0.0245177843764449,3.50442772561123,0.389570764332036,0.533385577398834,0.809278084207705,0.809278084207705,"social_isolation_avg"
"16856","ZSWIM1","Exc L4-5 RORB IL1RAPL2",0.0128989867492816,1.32047976297645,0.0275197987028966,0.868445518447624,0.967441402840039,0.967441402840039,"social_isolation_avg"
"16857","NEURL2","Exc L4-5 RORB IL1RAPL2",-0.261281841315048,1.58598914339077,12.5745221426047,0.0005088889312241,0.0153079292014169,0.0153079292014169,"social_isolation_avg"
"16858","CTSA","Exc L4-5 RORB IL1RAPL2",-0.0890208214827251,4.97219579515505,11.3441911408792,0.000941657111685233,0.0227917635381004,0.0227917635381004,"social_isolation_avg"
"16859","PLTP","Exc L4-5 RORB IL1RAPL2",0.0677568503557519,1.18716406361013,0.776896485008087,0.379371837354352,0.697579643788309,0.697579643788309,"social_isolation_avg"
"16860","PCIF1","Exc L4-5 RORB IL1RAPL2",-0.0665627474321031,2.75458883886304,2.09257814726348,0.149909696454624,0.447093280438666,0.447093280438666,"social_isolation_avg"
"16861","ZNF335","Exc L4-5 RORB IL1RAPL2",-0.030016948634353,4.90388064158121,1.48852411510718,0.224183387714174,0.545355345710964,0.545355345710964,"social_isolation_avg"
"16862","SLC12A5-AS1","Exc L4-5 RORB IL1RAPL2",0.0526859917623692,0.489316635036645,0.234257956375164,0.629025049380709,0.862347234873197,0.862347234873197,"social_isolation_avg"
"16863","SLC12A5","Exc L4-5 RORB IL1RAPL2",-0.0532014988252,6.85309643182355,3.63893417888689,0.0581770170707307,0.274163721044906,0.274163721044906,"social_isolation_avg"
"16864","NCOA5","Exc L4-5 RORB IL1RAPL2",-0.00359637116231149,5.28694019675443,0.0189767686429107,0.890600769187108,0.974706512053996,0.974706512053996,"social_isolation_avg"
"16865","CD40","Exc L4-5 RORB IL1RAPL2",-0.0198616559485608,-0.00228284038686138,0.0158650453501624,0.89991941177081,0.977836445560426,0.977836445560426,"social_isolation_avg"
"16866","CDH22","Exc L4-5 RORB IL1RAPL2",-0.0587081654507502,5.53125692516504,2.44483621611065,0.119824660976535,0.398570806785201,0.398570806785201,"social_isolation_avg"
"16867","SLC35C2","Exc L4-5 RORB IL1RAPL2",-0.0719298718449428,4.35788055828751,4.88590033438955,0.0284502322315916,0.181676288914595,0.181676288914595,"social_isolation_avg"
"16868","AL133227.1","Exc L4-5 RORB IL1RAPL2",0.0828909132083363,1.13179291815861,0.933173603810477,0.393305120703218,0.708340088450894,0.708340088450894,"social_isolation_avg"
"16869","ELMO2","Exc L4-5 RORB IL1RAPL2",-0.0718544721878765,4.4660125759984,8.5132811254,0.00401651724184815,0.0572150496061083,0.0572150496061083,"social_isolation_avg"
"16870","ZNF334","Exc L4-5 RORB IL1RAPL2",-0.0189903383566126,3.61000446195299,0.184961960640677,0.667703396369536,0.883067130004296,0.883067130004296,"social_isolation_avg"
"16871","SLC13A3","Exc L4-5 RORB IL1RAPL2",0.0533096419875176,6.32842580273917,3.5297514089316,0.0620373781457654,0.283052568192895,0.283052568192895,"social_isolation_avg"
"16872","TP53RK","Exc L4-5 RORB IL1RAPL2",-0.115428240680817,2.3968322109665,5.35532698686733,0.0218897230861702,0.156174755095561,0.156174755095561,"social_isolation_avg"
"16873","ZMYND8","Exc L4-5 RORB IL1RAPL2",0.0160491616800031,8.04848827958863,0.460696316183526,0.498247921941112,0.785043185976966,0.785043185976966,"social_isolation_avg"
"16874","AL031666.1","Exc L4-5 RORB IL1RAPL2",-0.323872864833767,-0.218430905936813,3.8705536720701,0.0508138043622182,0.254206297068865,0.254206297068865,"social_isolation_avg"
"16875","LINC01754","Exc L4-5 RORB IL1RAPL2",0.110737995798162,0.991729656939317,1.82183299141839,0.178940795292159,0.485340995946523,0.485340995946523,"social_isolation_avg"
"16876","NCOA3","Exc L4-5 RORB IL1RAPL2",0.0687697631837921,6.46622282885032,5.49178853788544,0.0202959424541644,0.149482104778219,0.149482104778219,"social_isolation_avg"
"16877","SULF2","Exc L4-5 RORB IL1RAPL2",-0.00438399459976017,4.98062230694374,0.00364934718172591,0.95190220829838,0.989452900160271,0.989452900160271,"social_isolation_avg"
"16878","PREX1","Exc L4-5 RORB IL1RAPL2",-0.213722313337198,2.26857038778245,0.772679992296577,0.3806652832391,0.698803514520909,0.698803514520909,"social_isolation_avg"
"16879","ARFGEF2","Exc L4-5 RORB IL1RAPL2",0.0351002807813889,7.37211771285392,4.18664513212586,0.0423279385613654,0.229674752493945,0.229674752493945,"social_isolation_avg"
"16880","CSE1L","Exc L4-5 RORB IL1RAPL2",0.00496396237154552,5.21909486981198,0.0462373086895939,0.830010071667558,0.955184094369796,0.955184094369796,"social_isolation_avg"
"16881","STAU1","Exc L4-5 RORB IL1RAPL2",0.0301320673203662,6.28323534425794,2.85451472839482,0.0930029604872699,0.353276165160728,0.353276165160728,"social_isolation_avg"
"16882","DDX27","Exc L4-5 RORB IL1RAPL2",-0.0402689855918772,4.33571868624318,1.39932774593243,0.238534782262736,0.562624740326177,0.562624740326177,"social_isolation_avg"
"16883","ZNFX1","Exc L4-5 RORB IL1RAPL2",-0.014548200361564,4.63063295024177,0.290653168586693,0.590527662005433,0.841558627160112,0.841558627160112,"social_isolation_avg"
"16884","ZFAS1","Exc L4-5 RORB IL1RAPL2",-0.0255187289550859,4.48225710972305,0.703201747981699,0.402920955331728,0.715031644703773,0.715031644703773,"social_isolation_avg"
"16885","KCNB1","Exc L4-5 RORB IL1RAPL2",-0.0274576202553148,8.23056510936659,2.91640974065142,0.0895601399735786,0.345199110773519,0.345199110773519,"social_isolation_avg"
"16886","PTGIS","Exc L4-5 RORB IL1RAPL2",0.0613236827904296,4.05955101620387,1.8212946921407,0.179004664419819,0.485363770840218,0.485363770840218,"social_isolation_avg"
"16887","B4GALT5","Exc L4-5 RORB IL1RAPL2",-0.00279491134128011,6.05302496520824,0.0202504304649681,0.88701318441338,0.97404013325348,0.97404013325348,"social_isolation_avg"
"16888","SLC9A8","Exc L4-5 RORB IL1RAPL2",0.0859161484106111,4.61359796645001,5.67488034040887,0.018345670194999,0.141565426492486,0.141565426492486,"social_isolation_avg"
"16889","SPATA2","Exc L4-5 RORB IL1RAPL2",-0.0529863797269224,4.2188308588284,3.03747156130914,0.0832221869293803,0.331993885492474,0.331993885492474,"social_isolation_avg"
"16890","RNF114","Exc L4-5 RORB IL1RAPL2",0.000451627143978554,5.22196712583465,0.000371510212090947,0.984645292376249,0.998239655190367,0.998239655190367,"social_isolation_avg"
"16891","SNAI1","Exc L4-5 RORB IL1RAPL2",0.238870952174925,-0.0320773218330753,3.46175497258468,0.0645800145831104,0.289455685023806,0.289455685023806,"social_isolation_avg"
"16892","AL161937.2","Exc L4-5 RORB IL1RAPL2",0.229933612405293,-0.233653156597686,2.61404218920685,0.107828303073289,0.379787662406871,0.379787662406871,"social_isolation_avg"
"16893","LINC01273","Exc L4-5 RORB IL1RAPL2",0.00395033463498879,1.05799013819325,0.00159897674387772,0.968151581277764,0.9941928619423,0.9941928619423,"social_isolation_avg"
"16894","CEBPB-AS1","Exc L4-5 RORB IL1RAPL2",0.00880499628302358,2.12520078884632,0.0234674052278628,0.878434702058017,0.971685504065327,0.971685504065327,"social_isolation_avg"
"16895","CEBPB","Exc L4-5 RORB IL1RAPL2",-0.0456629160352656,4.31134971937258,1.60037152462999,0.207631073241614,0.525234651058657,0.525234651058657,"social_isolation_avg"
"16896","PTPN1","Exc L4-5 RORB IL1RAPL2",-0.00821762480091541,6.02797553446631,0.181310850033841,0.851152398240294,0.961873912835597,0.961873912835597,"social_isolation_avg"
"16897","RIPOR3","Exc L4-5 RORB IL1RAPL2",0.0418362071260808,0.974149652779067,0.296505046310602,0.586815611844599,0.839667312378365,0.839667312378365,"social_isolation_avg"
"16898","PARD6B","Exc L4-5 RORB IL1RAPL2",0.0876889837427669,3.87183498916116,7.45951591246758,0.00699542613919533,0.0806584143691132,0.0806584143691132,"social_isolation_avg"
"16899","BCAS4","Exc L4-5 RORB IL1RAPL2",0.0269316784469812,5.09973845994112,1.20510887519814,0.273899501691376,0.603617702945639,0.603617702945639,"social_isolation_avg"
"16900","ADNP","Exc L4-5 RORB IL1RAPL2",-0.00644435292876979,6.56606734525117,0.149905209486474,0.699123995807324,0.898892470210937,0.898892470210937,"social_isolation_avg"
"16901","ADNP-AS1","Exc L4-5 RORB IL1RAPL2",0.0134715734381111,1.86546060976062,0.0378805049441115,0.845922286915689,0.961597389721097,0.961597389721097,"social_isolation_avg"
"16902","DPM1","Exc L4-5 RORB IL1RAPL2",0.06414363645771,5.53496932167108,9.98440943782613,0.00187776250163286,0.0359243117223411,0.0359243117223411,"social_isolation_avg"
"16903","MOCS3","Exc L4-5 RORB IL1RAPL2",-0.0257311371625588,1.59117837847513,0.190815310337866,0.662808996807929,0.88046295090778,0.88046295090778,"social_isolation_avg"
"16904","KCNG1","Exc L4-5 RORB IL1RAPL2",-0.229137257926357,0.967561018675157,4.32114379867857,0.039186303900671,0.219526565191545,0.219526565191545,"social_isolation_avg"
"16905","NFATC2","Exc L4-5 RORB IL1RAPL2",0.418976523990969,0.557667524863715,4.15498428986155,0.0431056492833757,0.231770954842498,0.231770954842498,"social_isolation_avg"
"16906","ATP9A","Exc L4-5 RORB IL1RAPL2",-0.00727072084443699,7.73802956155462,0.189512483996914,0.663890572581184,0.880856527610023,0.880856527610023,"social_isolation_avg"
"16907","SALL4","Exc L4-5 RORB IL1RAPL2",-0.0414826637689071,-0.323116189018746,0.0735491117527183,0.78657605868105,0.939155146327491,0.939155146327491,"social_isolation_avg"
"16908","LINC01429","Exc L4-5 RORB IL1RAPL2",0.112990559344546,1.21780364479642,2.01016415623596,0.158130759913222,0.458196052592047,0.458196052592047,"social_isolation_avg"
"16909","ZFP64","Exc L4-5 RORB IL1RAPL2",0.034018346670688,5.46696616909698,1.83515080659794,0.17736905328391,0.483683991452211,0.483683991452211,"social_isolation_avg"
"16910","LINC01524","Exc L4-5 RORB IL1RAPL2",-0.131546583007636,2.09755131684702,1.83454608675771,0.177440072043944,0.483683991452211,0.483683991452211,"social_isolation_avg"
"16911","TSHZ2","Exc L4-5 RORB IL1RAPL2",-0.096182670200429,8.08712560093725,2.67289651719934,0.103973050517884,0.373134964887617,0.373134964887617,"social_isolation_avg"
"16912","AL391097.1","Exc L4-5 RORB IL1RAPL2",-0.0591053465376965,-0.137842299249167,0.171020222460584,0.679742717230555,0.888022851769995,0.888022851769995,"social_isolation_avg"
"16913","AL391097.2","Exc L4-5 RORB IL1RAPL2",0.0195307897071428,-0.0214759538813835,0.0122054795504435,0.912163991946154,0.981389424415338,0.981389424415338,"social_isolation_avg"
"16914","AL109930.1","Exc L4-5 RORB IL1RAPL2",-0.0692771315588506,3.74394108716827,0.964873153476444,0.32739767574592,0.653716011884031,0.653716011884031,"social_isolation_avg"
"16915","AL354993.2","Exc L4-5 RORB IL1RAPL2",0.0601293173642248,0.482135762468742,0.302202306420206,0.583247034637087,0.838358776468409,0.838358776468409,"social_isolation_avg"
"16916","AL157838.1","Exc L4-5 RORB IL1RAPL2",-0.0668603473722796,-0.117232373707775,0.24496174952043,0.621302457579848,0.857693117115516,0.857693117115516,"social_isolation_avg"
"16917","ZNF217","Exc L4-5 RORB IL1RAPL2",-0.126053326988835,0.65616993380894,1.57138764515243,0.211775709834097,0.530316442346176,0.530316442346176,"social_isolation_avg"
"16918","AC005808.1","Exc L4-5 RORB IL1RAPL2",0.050803658158467,-0.10930991238941,0.1519781929885,0.697153899405069,0.897641982350685,0.897641982350685,"social_isolation_avg"
"16919","PFDN4","Exc L4-5 RORB IL1RAPL2",-0.0932008632001945,4.58873977604274,13.0421795743253,0.000403581147576137,0.0133034127060768,0.0133034127060768,"social_isolation_avg"
"16920","DOK5","Exc L4-5 RORB IL1RAPL2",-0.154710921113493,4.54743127774498,11.8399756666328,0.000734117753203731,0.0193188345039886,0.0193188345039886,"social_isolation_avg"
"16921","LINC01440","Exc L4-5 RORB IL1RAPL2",-0.0665811003328763,-0.0813260494966952,0.177855752206339,0.673770431472256,0.885376845216179,0.885376845216179,"social_isolation_avg"
"16922","CBLN4","Exc L4-5 RORB IL1RAPL2",-0.610705842084434,1.29206806350949,18.9688213732402,2.32407328973949e-05,0.00237696166027897,0.00237696166027897,"social_isolation_avg"
"16923","FAM210B","Exc L4-5 RORB IL1RAPL2",-0.0796730730338467,3.37921290626762,4.51982193422278,0.0349893633660006,0.204802656729612,0.204802656729612,"social_isolation_avg"
"16924","AURKA","Exc L4-5 RORB IL1RAPL2",0.0141504812484878,0.870475166839887,0.0324512664145705,0.864480900642175,0.966438752795226,0.966438752795226,"social_isolation_avg"
"16925","CSTF1","Exc L4-5 RORB IL1RAPL2",0.051761207026864,2.82694819575437,1.50507215890145,0.221637128907093,0.542930620928419,0.542930620928419,"social_isolation_avg"
"16926","CASS4","Exc L4-5 RORB IL1RAPL2",-0.0474276781371957,2.17387908147753,0.370157172504689,0.543753722258169,0.814068841856827,0.814068841856827,"social_isolation_avg"
"16927","RTF2","Exc L4-5 RORB IL1RAPL2",-0.00323580675161133,4.14788997256092,0.0147159391970461,0.903593418175527,0.978393297244221,0.978393297244221,"social_isolation_avg"
"16928","GCNT7","Exc L4-5 RORB IL1RAPL2",-0.0481714855514235,0.303802774330766,0.248130006701721,0.619056989266223,0.856117110197825,0.856117110197825,"social_isolation_avg"
"16929","FAM209A","Exc L4-5 RORB IL1RAPL2",0.0468328367305784,0.0485513891302768,0.13769918944002,0.766322939442995,0.930534997895065,0.930534997895065,"social_isolation_avg"
"16930","RAE1","Exc L4-5 RORB IL1RAPL2",-0.0407873935131392,4.13310332885022,1.93960159858144,0.165582224015494,0.468888913599677,0.468888913599677,"social_isolation_avg"
"16931","AL109955.1","Exc L4-5 RORB IL1RAPL2",0.0634339068558652,0.917002780361702,0.489872863208215,0.48496787893131,0.776377676157109,0.776377676157109,"social_isolation_avg"
"16932","RBM38","Exc L4-5 RORB IL1RAPL2",0.0449774011312826,3.16696294217024,0.948437577013523,0.331540331533115,0.656660170934583,0.656660170934583,"social_isolation_avg"
"16933","PMEPA1","Exc L4-5 RORB IL1RAPL2",-0.0166084350371977,5.65382114078059,0.112328219840532,0.737933853327581,0.916892989152296,0.916892989152296,"social_isolation_avg"
"16934","NKILA","Exc L4-5 RORB IL1RAPL2",0.0805244898802576,-0.248342901809228,0.343473129511343,0.558630690047065,0.822428515902624,0.822428515902624,"social_isolation_avg"
"16935","RAB22A","Exc L4-5 RORB IL1RAPL2",-0.0593410404283878,5.39429545062581,6.99163672187936,0.00897797246722801,0.0925229940372665,0.0925229940372665,"social_isolation_avg"
"16936","VAPB","Exc L4-5 RORB IL1RAPL2",-0.0686869971821213,5.68191894361288,13.5119781136641,0.000320073205749666,0.0114916605806251,0.0114916605806251,"social_isolation_avg"
"16937","APCDD1L","Exc L4-5 RORB IL1RAPL2",0.224062135080795,-0.417052686055279,1.9315502004726,0.166457871117144,0.470280438545185,0.470280438545185,"social_isolation_avg"
"16938","STX16-NPEPL1","Exc L4-5 RORB IL1RAPL2",0.105583763985551,3.74244470628721,4.48538770884186,0.0356812506014077,0.207157085802158,0.207157085802158,"social_isolation_avg"
"16939","NPEPL1","Exc L4-5 RORB IL1RAPL2",0.108425761933253,3.14389561874793,3.56276080179893,0.0608420436194269,0.280778611542238,0.280778611542238,"social_isolation_avg"
"16940","GNAS","Exc L4-5 RORB IL1RAPL2",-0.0865030493899594,8.96973766122439,6.74542097513063,0.0102465674019631,0.10024576101993,0.10024576101993,"social_isolation_avg"
"16941","AL121917.1","Exc L4-5 RORB IL1RAPL2",0.119075853419942,0.722076697436457,1.64538642222962,0.20138379567576,0.516451992136223,0.516451992136223,"social_isolation_avg"
"16942","NELFCD","Exc L4-5 RORB IL1RAPL2",-0.00291914579385206,4.93837531067639,0.0131639101599112,0.908795146586783,0.979789912738947,0.979789912738947,"social_isolation_avg"
"16943","CTSZ","Exc L4-5 RORB IL1RAPL2",-0.0630676627201653,2.9051483229884,1.1975954057158,0.275394912220016,0.605459958964311,0.605459958964311,"social_isolation_avg"
"16944","ATP5F1E","Exc L4-5 RORB IL1RAPL2",-0.18531972093882,4.6822305050457,17.2529806970149,5.23360632233211e-05,0.00377958264216969,0.00377958264216969,"social_isolation_avg"
"16945","PRELID3B","Exc L4-5 RORB IL1RAPL2",-0.00143454178989895,2.31693080553287,0.000786815974114649,0.977655917967853,0.996728775651856,0.996728775651856,"social_isolation_avg"
"16946","ZNF831","Exc L4-5 RORB IL1RAPL2",-0.0184563567933793,4.78734636345884,0.282393183146085,0.595850294284964,0.843968646764093,0.843968646764093,"social_isolation_avg"
"16947","PHACTR3","Exc L4-5 RORB IL1RAPL2",-0.0666371936561971,6.84538593336523,6.25313212352275,0.0133715578473561,0.116376838100195,0.116376838100195,"social_isolation_avg"
"16948","SYCP2","Exc L4-5 RORB IL1RAPL2",0.163022613123581,4.77230205272739,10.4246026808188,0.00149992614785148,0.0308296347371689,0.0308296347371689,"social_isolation_avg"
"16949","FAM217B","Exc L4-5 RORB IL1RAPL2",-0.0739575697682398,6.46090967257654,8.61442950367973,0.00381001859441624,0.0557104805447833,0.0557104805447833,"social_isolation_avg"
"16950","PPP1R3D","Exc L4-5 RORB IL1RAPL2",-0.000994785523222302,1.10943673907151,7.9004233036722e-05,0.992918868597154,0.999203165233845,0.999203165233845,"social_isolation_avg"
"16951","CDH26","Exc L4-5 RORB IL1RAPL2",0.0568523658518779,3.53837235163733,1.62442238240959,0.204265044006322,0.520946070581429,0.520946070581429,"social_isolation_avg"
"16952","MIR646HG","Exc L4-5 RORB IL1RAPL2",-0.275092507381852,6.30685143260602,5.13800520054595,0.0247038657641036,0.167175194607512,0.167175194607512,"social_isolation_avg"
"16953","AL117372.1","Exc L4-5 RORB IL1RAPL2",-0.0138562521784904,0.517328116678087,0.0217900440251571,0.882826904868741,0.973162804758901,0.973162804758901,"social_isolation_avg"
"16954","CDH4","Exc L4-5 RORB IL1RAPL2",-0.0537353746660504,6.8292192763618,2.45508144182674,0.11905746937709,0.397751103785171,0.397751103785171,"social_isolation_avg"
"16955","AL160412.1","Exc L4-5 RORB IL1RAPL2",-0.0296902638960152,-0.265985908869625,0.0489920174052947,0.972607819629841,0.995695809287521,0.995695809287521,"social_isolation_avg"
"16956","TAF4","Exc L4-5 RORB IL1RAPL2",0.0320459690550314,4.96661911175701,1.80902911089732,0.1804671959434,0.487158367633199,0.487158367633199,"social_isolation_avg"
"16957","AL137077.2","Exc L4-5 RORB IL1RAPL2",-0.189786912845186,0.552365258555097,3.67190311620272,0.0570626356633069,0.271210095251554,0.271210095251554,"social_isolation_avg"
"16958","LSM14B","Exc L4-5 RORB IL1RAPL2",-0.00839029403507169,4.1914380032859,0.0684232589168156,0.79397215155519,0.942443216133168,0.942443216133168,"social_isolation_avg"
"16959","PSMA7","Exc L4-5 RORB IL1RAPL2",-0.0956209237151203,5.15349851100165,12.1112676855485,0.000640981211677541,0.0176535742447609,0.0176535742447609,"social_isolation_avg"
"16960","SS18L1","Exc L4-5 RORB IL1RAPL2",0.0276677227399497,5.48988246865501,1.65467231113958,0.200122977443574,0.51447375763721,0.51447375763721,"social_isolation_avg"
"16961","MTG2","Exc L4-5 RORB IL1RAPL2",0.013033793722458,5.07869505096022,0.209657458403813,0.647637346034871,0.871797263108519,0.871797263108519,"social_isolation_avg"
"16962","HRH3","Exc L4-5 RORB IL1RAPL2",0.0834985917630282,4.28186869703371,3.77069413100027,0.0538581584993474,0.263305003499345,0.263305003499345,"social_isolation_avg"
"16963","OSBPL2","Exc L4-5 RORB IL1RAPL2",-0.00556679357169008,4.72488574664588,0.0568979720388967,0.967771128768257,0.994093242531172,0.994093242531172,"social_isolation_avg"
"16964","ADRM1","Exc L4-5 RORB IL1RAPL2",-0.0746747617202587,3.40510906543314,3.37139061771203,0.0681342281601854,0.29834939389467,0.29834939389467,"social_isolation_avg"
"16965","AL354836.1","Exc L4-5 RORB IL1RAPL2",0.0206050884335786,1.14750478733236,0.0434903493290603,0.96218953029498,0.992607559423475,0.992607559423475,"social_isolation_avg"
"16966","LAMA5","Exc L4-5 RORB IL1RAPL2",0.0320568123308868,3.97753594814333,0.80592192242587,0.370634405302947,0.688793808768762,0.688793808768762,"social_isolation_avg"
"16967","AL121832.2","Exc L4-5 RORB IL1RAPL2",-0.1389567912031,0.882552447336646,1.72552232926566,0.190804062844558,0.501765625167738,0.501765625167738,"social_isolation_avg"
"16968","RPS21","Exc L4-5 RORB IL1RAPL2",-0.00327670567804791,2.97202353478938,0.00327157779206408,0.954456786795266,0.989932191279706,0.989932191279706,"social_isolation_avg"
"16969","CABLES2","Exc L4-5 RORB IL1RAPL2",-0.0371053979059916,3.34493128326323,1.08661909656183,0.298743701204214,0.629738142879338,0.629738142879338,"social_isolation_avg"
"16970","RBBP8NL","Exc L4-5 RORB IL1RAPL2",0.256221514597852,-0.995449446103078,1.10333805452489,0.295067957958221,0.626149094654958,0.626149094654958,"social_isolation_avg"
"16971","MIR1-1HG-AS1","Exc L4-5 RORB IL1RAPL2",0.10000570439261,0.255708393381165,0.665752178939017,0.415710750075144,0.724893541982395,0.724893541982395,"social_isolation_avg"
"16972","SLCO4A1","Exc L4-5 RORB IL1RAPL2",0.0295512528593534,3.14674488368944,0.264288906053575,0.607875401330441,0.850396337787304,0.850396337787304,"social_isolation_avg"
"16973","NTSR1","Exc L4-5 RORB IL1RAPL2",0.0314056621709737,1.20494014070959,0.11734973250501,0.732362097356666,0.914172268378775,0.914172268378775,"social_isolation_avg"
"16974","MRGBP","Exc L4-5 RORB IL1RAPL2",0.00415915700853498,3.40799950694345,0.0117956101182557,0.91364546134478,0.981668613012071,0.981668613012071,"social_isolation_avg"
"16975","OGFR","Exc L4-5 RORB IL1RAPL2",0.031768581248084,5.85907814750932,1.52406333905411,0.218757745193935,0.539118126857024,0.539118126857024,"social_isolation_avg"
"16976","COL9A3","Exc L4-5 RORB IL1RAPL2",0.0147342173199506,2.69568456721257,0.0650059753834758,0.799068855570173,0.943541448315508,0.943541448315508,"social_isolation_avg"
"16977","TCFL5","Exc L4-5 RORB IL1RAPL2",0.0014021740889756,4.25552073458027,0.00172207179410703,0.966949086633514,0.993991946851118,0.993991946851118,"social_isolation_avg"
"16978","DIDO1","Exc L4-5 RORB IL1RAPL2",0.0256960475335608,5.94081431163791,2.25660545351101,0.134953373669285,0.423164368247398,0.423164368247398,"social_isolation_avg"
"16979","GID8","Exc L4-5 RORB IL1RAPL2",-0.0687834669803052,5.17412639299544,8.47072047701575,0.00410681524542734,0.0580755241096641,0.0580755241096641,"social_isolation_avg"
"16980","SLC17A9","Exc L4-5 RORB IL1RAPL2",-0.0182749874019225,1.50609834895062,0.0585438506998882,0.80911234488294,0.948350038873203,0.948350038873203,"social_isolation_avg"
"16981","LINC01749","Exc L4-5 RORB IL1RAPL2",0.148715128234963,1.14057182260546,2.42697780645373,0.121175182282248,0.400433097338205,0.400433097338205,"social_isolation_avg"
"16982","HAR1B","Exc L4-5 RORB IL1RAPL2",-0.149383516438277,1.75532346624596,4.41084477569775,0.0372290551972269,0.213185883310806,0.213185883310806,"social_isolation_avg"
"16983","HAR1A","Exc L4-5 RORB IL1RAPL2",-0.162107440656366,2.11984018664141,8.62051941596042,0.00379793978561973,0.0556198287025626,0.0556198287025626,"social_isolation_avg"
"16984","YTHDF1","Exc L4-5 RORB IL1RAPL2",-0.00376002907721913,4.37735430549081,0.0224174053114731,0.881164561117959,0.972596117464718,0.972596117464718,"social_isolation_avg"
"16985","NKAIN4","Exc L4-5 RORB IL1RAPL2",-0.0317585348819894,0.8642968717525,0.126635576710058,0.923319225475818,0.983899699551023,0.983899699551023,"social_isolation_avg"
"16986","ARFGAP1","Exc L4-5 RORB IL1RAPL2",-0.016564091339217,4.80742184613108,0.296844591072774,0.586601689483411,0.839667312378365,0.839667312378365,"social_isolation_avg"
"16987","COL20A1","Exc L4-5 RORB IL1RAPL2",0.17640941420721,0.685170105272031,1.74118121298166,0.188813956911735,0.499074928427292,0.499074928427292,"social_isolation_avg"
"16988","CHRNA4","Exc L4-5 RORB IL1RAPL2",-0.000533499099493278,3.65794880936176,0.000187065833430194,0.989104006373305,0.998787747693845,0.998787747693845,"social_isolation_avg"
"16989","AL121827.1","Exc L4-5 RORB IL1RAPL2",-0.0335272377261909,0.71664610703443,0.140820031547575,0.786716849088038,0.939155146327491,0.939155146327491,"social_isolation_avg"
"16990","KCNQ2","Exc L4-5 RORB IL1RAPL2",0.00826848777146779,7.20201929158668,0.134265582369398,0.714518281782926,0.906738148852929,0.906738148852929,"social_isolation_avg"
"16991","EEF1A2","Exc L4-5 RORB IL1RAPL2",-0.204664584929834,7.05701294285333,10.8426149429269,0.00121310377391683,0.026751907349977,0.026751907349977,"social_isolation_avg"
"16992","PPDPF","Exc L4-5 RORB IL1RAPL2",-0.172583580130023,4.92123831361511,17.1534567455515,5.4878000796511e-05,0.00391139480233099,0.00391139480233099,"social_isolation_avg"
"16993","GMEB2","Exc L4-5 RORB IL1RAPL2",-0.016673638521244,3.48066948413691,0.212307960493832,0.645570070622822,0.870313928277694,0.870313928277694,"social_isolation_avg"
"16994","MHENCR","Exc L4-5 RORB IL1RAPL2",-0.0297866222885876,3.15060543533975,0.267752351191344,0.605535280656906,0.849131627162923,0.849131627162923,"social_isolation_avg"
"16995","STMN3","Exc L4-5 RORB IL1RAPL2",-0.0114387663753548,6.88336320812819,0.20666609694392,0.649989567785861,0.872911676632569,0.872911676632569,"social_isolation_avg"
"16996","ARFRP1","Exc L4-5 RORB IL1RAPL2",-0.0878912618151966,4.09427148153567,5.65277702427332,0.0185703476769046,0.142539519854151,0.142539519854151,"social_isolation_avg"
"16997","SLC2A4RG","Exc L4-5 RORB IL1RAPL2",-0.029983979176131,2.28157021292506,0.201614975467701,0.654008556326703,0.875479011293795,0.875479011293795,"social_isolation_avg"
"16998","ZBTB46","Exc L4-5 RORB IL1RAPL2",-0.00822168389993606,5.15650903935174,0.050139035913561,0.823098032591041,0.953227927203764,0.953227927203764,"social_isolation_avg"
"16999","ZBTB46-AS1","Exc L4-5 RORB IL1RAPL2",0.196099362691383,0.132850458135492,2.66843439978909,0.104259938067011,0.373688631969297,0.373688631969297,"social_isolation_avg"
"17000","AL118506.1","Exc L4-5 RORB IL1RAPL2",0.0174814171080799,-0.0321624417282396,0.0218863058760155,0.882570262081921,0.973039332684846,0.973039332684846,"social_isolation_avg"
"17001","TPD52L2","Exc L4-5 RORB IL1RAPL2",-0.00814579022610091,5.25319998664088,0.103189943593365,0.748440453364357,0.922196002742055,0.922196002742055,"social_isolation_avg"
"17002","DNAJC5","Exc L4-5 RORB IL1RAPL2",-0.0492048817854458,6.39238343255064,6.87465645107324,0.00955908700104033,0.0963085650408328,0.0963085650408328,"social_isolation_avg"
"17003","UCKL1","Exc L4-5 RORB IL1RAPL2",-0.0181647199170167,3.55594138225094,0.158341863725685,0.691201173359709,0.894237087257371,0.894237087257371,"social_isolation_avg"
"17004","UCKL1-AS1","Exc L4-5 RORB IL1RAPL2",0.198207931399159,-0.313996499871564,1.95700565827756,0.185033101771774,0.493239126320617,0.493239126320617,"social_isolation_avg"
"17005","ZNF512B","Exc L4-5 RORB IL1RAPL2",0.0179130088443637,4.03990097944835,0.2148834910503,0.643576214813235,0.869358575032571,0.869358575032571,"social_isolation_avg"
"17006","SAMD10","Exc L4-5 RORB IL1RAPL2",-0.003022586281468,2.59109645283953,0.00370849594887805,0.951514470189114,0.989392111770647,0.989392111770647,"social_isolation_avg"
"17007","PRPF6","Exc L4-5 RORB IL1RAPL2",-0.0165079210099752,5.08815839821406,0.519161297193962,0.823064400527712,0.953227927203764,0.953227927203764,"social_isolation_avg"
"17008","C20orf204","Exc L4-5 RORB IL1RAPL2",0.0461090883233642,0.899132218002378,0.234109291891182,0.629133831731389,0.862347234873197,0.862347234873197,"social_isolation_avg"
"17009","TCEA2","Exc L4-5 RORB IL1RAPL2",-0.00836273317099864,5.15838082008112,0.121918598818452,0.917458838594532,0.9830198062462,0.9830198062462,"social_isolation_avg"
"17010","RGS19","Exc L4-5 RORB IL1RAPL2",-0.0846329170848022,1.3988298356728,1.34798019336722,0.247305455825056,0.573383260304114,0.573383260304114,"social_isolation_avg"
"17011","OPRL1","Exc L4-5 RORB IL1RAPL2",-0.0406460023498539,3.33852124045176,0.585544756112669,0.445238285249281,0.746641282921355,0.746641282921355,"social_isolation_avg"
"17012","LKAAEAR1","Exc L4-5 RORB IL1RAPL2",-0.105092453569212,1.53509388487032,1.86203097304706,0.174245340687377,0.480037287586759,0.480037287586759,"social_isolation_avg"
"17013","MYT1","Exc L4-5 RORB IL1RAPL2",-0.0517611503190794,2.81754482455135,1.08188067999303,0.299796219288611,0.630778468046534,0.630778468046534,"social_isolation_avg"
"17014","PCMTD2","Exc L4-5 RORB IL1RAPL2",-0.070199925366879,5.69221458930088,9.09677382058631,0.00296536436723515,0.0476087150426694,0.0476087150426694,"social_isolation_avg"
"17015","LINC00266-1","Exc L4-5 RORB IL1RAPL2",0.0343197962897102,2.62884054947732,0.299861178741409,0.584708098953466,0.838671305816388,0.838671305816388,"social_isolation_avg"
"17016","AC016588.2","Exc L4-5 RORB IL1RAPL2",0.0575997317945868,2.86435147818453,1.19905102875059,0.275104394405499,0.605120930777313,0.605120930777313,"social_isolation_avg"
"17017","MIER2","Exc L4-5 RORB IL1RAPL2",-0.0565060788068961,3.64901904151505,2.70777371825934,0.101760455150351,0.369906430732198,0.369906430732198,"social_isolation_avg"
"17018","THEG","Exc L4-5 RORB IL1RAPL2",-0.084733730503256,0.00204889784444538,0.497089189025008,0.594419141662307,0.843296700385411,0.843296700385411,"social_isolation_avg"
"17019","C2CD4C","Exc L4-5 RORB IL1RAPL2",-0.0920412006616191,2.10242435620324,1.71096481781032,0.192676337359256,0.504445686892831,0.504445686892831,"social_isolation_avg"
"17020","SHC2","Exc L4-5 RORB IL1RAPL2",-0.0135571581675993,5.45653870536145,0.229533552522334,0.632503099215096,0.864273210099576,0.864273210099576,"social_isolation_avg"
"17021","MADCAM1","Exc L4-5 RORB IL1RAPL2",-0.0695389105664472,3.56064809216012,2.09065727835321,0.150095665185074,0.447308250270402,0.447308250270402,"social_isolation_avg"
"17022","AC005775.1","Exc L4-5 RORB IL1RAPL2",-0.00177554688690747,1.24546577595422,0.000533589956961223,0.981598713183327,0.997514547479916,0.997514547479916,"social_isolation_avg"
"17023","TPGS1","Exc L4-5 RORB IL1RAPL2",-0.0252630705603786,3.1331473475786,0.33475364532517,0.563660780372574,0.826056636512892,0.826056636512892,"social_isolation_avg"
"17024","CDC34","Exc L4-5 RORB IL1RAPL2",-0.100822009135257,4.17152059822093,10.7839748763281,0.00124968497662173,0.0272411168694237,0.0272411168694237,"social_isolation_avg"
"17025","GZMM","Exc L4-5 RORB IL1RAPL2",0.0589709004732161,-0.262652770392895,0.159145890938168,0.690458986634125,0.893676052256912,0.893676052256912,"social_isolation_avg"
"17026","BSG","Exc L4-5 RORB IL1RAPL2",-0.0446482007587197,6.30687093094112,3.08867417854917,0.080690251413226,0.326156856865979,0.326156856865979,"social_isolation_avg"
"17027","HCN2","Exc L4-5 RORB IL1RAPL2",-0.0021602807204482,4.87604147512319,0.00508940740135612,0.943213336536283,0.987984052456339,0.987984052456339,"social_isolation_avg"
"17028","POLRMT","Exc L4-5 RORB IL1RAPL2",-0.0115024271817258,2.27223208761259,0.0468669086303736,0.890859826095204,0.974706512053996,0.974706512053996,"social_isolation_avg"
"17029","FGF22","Exc L4-5 RORB IL1RAPL2",-0.0354115118404732,2.97633198788931,0.689494261067288,0.66704788390242,0.882833547488558,0.882833547488558,"social_isolation_avg"
"17030","RNF126","Exc L4-5 RORB IL1RAPL2",-0.0398146710721663,4.59544897912887,2.08655454347223,0.150493752609874,0.4476784179749,0.4476784179749,"social_isolation_avg"
"17031","FSTL3","Exc L4-5 RORB IL1RAPL2",0.0111074810184367,3.26494364836495,0.0555667785319497,0.813937049720778,0.950941828821664,0.950941828821664,"social_isolation_avg"
"17032","PALM","Exc L4-5 RORB IL1RAPL2",-0.0218639366243962,6.00121482577486,0.974758465769548,0.324939267451191,0.652229924187665,0.652229924187665,"social_isolation_avg"
"17033","PTBP1","Exc L4-5 RORB IL1RAPL2",0.0495056834992335,4.00242578239103,2.61043767418568,0.108069506588198,0.380141872867687,0.380141872867687,"social_isolation_avg"
"17034","PLPPR3","Exc L4-5 RORB IL1RAPL2",-0.178116801705167,3.77347370106799,9.80205792796793,0.00206166466317753,0.0382814102963513,0.0382814102963513,"social_isolation_avg"
"17035","AZU1","Exc L4-5 RORB IL1RAPL2",0.11589591351883,1.57873299215264,2.47045810028264,0.117916286065654,0.396568440925744,0.396568440925744,"social_isolation_avg"
"17036","PRTN3","Exc L4-5 RORB IL1RAPL2",0.011562655386725,-0.119357790573446,0.0055927586935179,0.940476404433195,0.987885432365559,0.987885432365559,"social_isolation_avg"
"17037","CFD","Exc L4-5 RORB IL1RAPL2",-0.00516100258602879,-0.444217492507822,0.000501204648004384,0.982165773653708,0.997691984833062,0.997691984833062,"social_isolation_avg"
"17038","MED16","Exc L4-5 RORB IL1RAPL2",-0.0121451470528709,3.06574077662666,0.0536944803902119,0.817041566355757,0.951599926146172,0.951599926146172,"social_isolation_avg"
"17039","R3HDM4","Exc L4-5 RORB IL1RAPL2",-0.05429081808428,2.99179541395906,1.57915905390363,0.21065480237416,0.528970921145986,0.528970921145986,"social_isolation_avg"
"17040","KISS1R","Exc L4-5 RORB IL1RAPL2",-0.525583450536748,-0.454997012002093,4.45126114436007,0.0363812345789664,0.20980473619891,0.20980473619891,"social_isolation_avg"
"17041","ARID3A","Exc L4-5 RORB IL1RAPL2",0.0517324305126184,4.60197701152978,3.40114578017265,0.0669411457797771,0.294762257225777,0.294762257225777,"social_isolation_avg"
"17042","WDR18","Exc L4-5 RORB IL1RAPL2",-0.0248013808108571,3.63003703876301,0.411526672359534,0.522084170518596,0.80224140659446,0.80224140659446,"social_isolation_avg"
"17043","TMEM259","Exc L4-5 RORB IL1RAPL2",-0.0191737662646874,5.47956817050413,0.357739089267129,0.550583198061469,0.817281608358524,0.817281608358524,"social_isolation_avg"
"17044","ABCA7","Exc L4-5 RORB IL1RAPL2",0.0626182628743697,4.87285500492318,3.23961681881055,0.0737011012657043,0.31109389978932,0.31109389978932,"social_isolation_avg"
"17045","ARHGAP45","Exc L4-5 RORB IL1RAPL2",-0.0327898485053856,-0.163861238778357,0.0505703955205407,0.822351455259856,0.953096448172761,0.953096448172761,"social_isolation_avg"
"17046","POLR2E","Exc L4-5 RORB IL1RAPL2",-0.10250859404148,4.64102916484011,11.3575845820109,0.000935328047913893,0.0226888999930497,0.0226888999930497,"social_isolation_avg"
"17047","GPX4","Exc L4-5 RORB IL1RAPL2",-0.0919997519809908,5.91449151880007,10.5392178786669,0.00141498324723246,0.0295506600672024,0.0295506600672024,"social_isolation_avg"
"17048","SBNO2","Exc L4-5 RORB IL1RAPL2",0.0268991705553445,2.96632621899163,0.418094524677884,0.518786176660658,0.799735477317607,0.799735477317607,"social_isolation_avg"
"17049","STK11","Exc L4-5 RORB IL1RAPL2",0.00874977207062182,4.6895681106541,0.106176888443868,0.744951530553187,0.920785167671651,0.920785167671651,"social_isolation_avg"
"17050","CBARP","Exc L4-5 RORB IL1RAPL2",0.0798081651117466,3.25623401523362,2.00509319284427,0.15865322347366,0.459283604856963,0.459283604856963,"social_isolation_avg"
"17051","ATP5F1D","Exc L4-5 RORB IL1RAPL2",-0.196763130898191,5.2181329611954,25.0624665764517,1.41116755515511e-06,0.00042839113445171,0.00042839113445171,"social_isolation_avg"
"17052","MIDN","Exc L4-5 RORB IL1RAPL2",-0.0535713459329034,3.26755233770661,0.993612945184597,0.320317899366194,0.64746823143381,0.64746823143381,"social_isolation_avg"
"17053","CIRBP","Exc L4-5 RORB IL1RAPL2",-0.0688119221821567,6.20895885815769,4.8574599355768,0.0289088649529042,0.183736860521968,0.183736860521968,"social_isolation_avg"
"17054","C19orf24","Exc L4-5 RORB IL1RAPL2",-0.134790119178414,2.5656739342175,5.5857072279497,0.0192698507561528,0.145443807637052,0.145443807637052,"social_isolation_avg"
"17055","EFNA2","Exc L4-5 RORB IL1RAPL2",0.0221885632214584,-0.0734168531572772,0.0318984317608223,0.920492596530837,0.983379844105921,0.983379844105921,"social_isolation_avg"
"17056","MUM1","Exc L4-5 RORB IL1RAPL2",-0.00574268349036714,5.98269484357455,0.0432376727084021,0.835534366070204,0.956824497333631,0.956824497333631,"social_isolation_avg"
"17057","NDUFS7","Exc L4-5 RORB IL1RAPL2",-0.0503523938108155,4.7195459557305,3.04413303398072,0.0828879383318928,0.331289117274555,0.331289117274555,"social_isolation_avg"
"17058","GAMT","Exc L4-5 RORB IL1RAPL2",-0.0806464215092924,4.05184038875622,5.65866438846854,0.0185102242310293,0.142370712469637,0.142370712469637,"social_isolation_avg"
"17059","DAZAP1","Exc L4-5 RORB IL1RAPL2",0.0309494917348471,5.01186330155587,1.52244113133474,0.219001934515508,0.539268037866725,0.539268037866725,"social_isolation_avg"
"17060","RPS15","Exc L4-5 RORB IL1RAPL2",-0.108546304534111,6.07313086653979,8.92789914932969,0.00323669879237036,0.05017733646044,0.05017733646044,"social_isolation_avg"
"17061","AC027307.3","Exc L4-5 RORB IL1RAPL2",-0.150637174102148,0.259956552669475,1.87591693201232,0.172656708801104,0.477677670306433,0.477677670306433,"social_isolation_avg"
"17062","APC2","Exc L4-5 RORB IL1RAPL2",-0.0230940001559339,5.91077943203639,0.944345892790843,0.332582553840738,0.657616778361672,0.657616778361672,"social_isolation_avg"
"17063","C19orf25","Exc L4-5 RORB IL1RAPL2",0.000336000232397055,4.60886348262532,0.00014941938785402,0.99026186430837,0.998822911403646,0.998822911403646,"social_isolation_avg"
"17064","PCSK4","Exc L4-5 RORB IL1RAPL2",0.0463805059763182,2.85047352301513,0.97417027578744,0.325084857113411,0.652229924187665,0.652229924187665,"social_isolation_avg"
"17065","REEP6","Exc L4-5 RORB IL1RAPL2",-0.0379669146187372,1.83473273559931,0.305068049761769,0.581468573414435,0.836969713014417,0.836969713014417,"social_isolation_avg"
"17066","AC027307.1","Exc L4-5 RORB IL1RAPL2",-0.282387505267286,-0.213450476564753,3.44780679638016,0.0651153257715117,0.290718647094424,0.290718647094424,"social_isolation_avg"
"17067","PLK5","Exc L4-5 RORB IL1RAPL2",-0.0135908053318915,3.26636686295533,0.0689028014528144,0.793267908614038,0.94229469908941,0.94229469908941,"social_isolation_avg"
"17068","MEX3D","Exc L4-5 RORB IL1RAPL2",0.129171706015347,1.19838174739725,2.5992338539611,0.108823057835125,0.381638641146033,0.381638641146033,"social_isolation_avg"
"17069","MBD3","Exc L4-5 RORB IL1RAPL2",-0.0296628028865483,4.10957602752851,0.707044167090325,0.401641538644596,0.714306793490241,0.714306793490241,"social_isolation_avg"
"17070","AC005943.1","Exc L4-5 RORB IL1RAPL2",0.0764199995568405,0.963361584550358,0.792335804572172,0.374688456974231,0.69341552175366,0.69341552175366,"social_isolation_avg"
"17071","UQCR11","Exc L4-5 RORB IL1RAPL2",-0.501407948093591,0.418755305222052,7.42338704245786,0.00713099191220977,0.0813520425252789,0.0813520425252789,"social_isolation_avg"
"17072","TCF3","Exc L4-5 RORB IL1RAPL2",0.0760382241746163,2.77710275380124,2.72618137098279,0.100613665508928,0.367227017020822,0.367227017020822,"social_isolation_avg"
"17073","ATP8B3","Exc L4-5 RORB IL1RAPL2",0.0805181664393997,-0.252732174015458,0.358557277057666,0.635358768083814,0.86588829587451,0.86588829587451,"social_isolation_avg"
"17074","REXO1","Exc L4-5 RORB IL1RAPL2",-0.011453222039775,4.14428863140847,0.128830999060951,0.839427900969882,0.95839826385881,0.95839826385881,"social_isolation_avg"
"17075","AC012615.2","Exc L4-5 RORB IL1RAPL2",-0.0704105252611684,-0.0473565822763683,0.283660536247955,0.595027180390912,0.843296700385411,0.843296700385411,"social_isolation_avg"
"17076","KLF16","Exc L4-5 RORB IL1RAPL2",-0.149739458657295,2.72391176654881,6.9173177795722,0.00934277854851757,0.0950912925855303,0.0950912925855303,"social_isolation_avg"
"17077","AC012615.1","Exc L4-5 RORB IL1RAPL2",-0.0040147645901984,2.24382650412386,0.00538625844704717,0.941583607107127,0.987984052456339,0.987984052456339,"social_isolation_avg"
"17078","ABHD17A","Exc L4-5 RORB IL1RAPL2",-0.0233109750275928,5.40277238079831,0.500018662454223,0.480487610804968,0.773453905990887,0.773453905990887,"social_isolation_avg"
"17079","SCAMP4","Exc L4-5 RORB IL1RAPL2",-0.0843924420146042,3.85630672288522,5.71486858269169,0.0179463719648483,0.140081756710871,0.140081756710871,"social_isolation_avg"
"17080","CSNK1G2","Exc L4-5 RORB IL1RAPL2",-0.00708758217005155,4.93032676860719,0.0489579460996993,0.825159640756444,0.953780392255002,0.953780392255002,"social_isolation_avg"
"17081","BTBD2","Exc L4-5 RORB IL1RAPL2",0.00915437954101473,5.66994490400672,0.155067405512811,0.694246548080727,0.896146969833973,0.896146969833973,"social_isolation_avg"
"17082","MKNK2","Exc L4-5 RORB IL1RAPL2",0.0368900113926312,3.60071215194508,0.760858240225714,0.384325329052776,0.70127095925968,0.70127095925968,"social_isolation_avg"
"17083","MOB3A","Exc L4-5 RORB IL1RAPL2",0.0575342739337489,3.91233696220687,2.94381988910011,0.0885994420267772,0.343311497560649,0.343311497560649,"social_isolation_avg"
"17084","IZUMO4","Exc L4-5 RORB IL1RAPL2",0.0460733485406249,1.70993649610109,0.375834471555831,0.54068361263169,0.812248879285765,0.812248879285765,"social_isolation_avg"
"17085","AP3D1","Exc L4-5 RORB IL1RAPL2",-0.00380816136719376,5.91592280697466,0.0393392882249542,0.843021733900304,0.960082715007082,0.960082715007082,"social_isolation_avg"
"17086","DOT1L","Exc L4-5 RORB IL1RAPL2",0.0308612507360513,3.73862087207586,0.811264586303125,0.369057042142213,0.687398935997887,0.687398935997887,"social_isolation_avg"
"17087","PLEKHJ1","Exc L4-5 RORB IL1RAPL2",-0.111404883168559,3.88060492497647,8.74526972810415,0.00355898561282132,0.0534441006192001,0.0534441006192001,"social_isolation_avg"
"17088","SF3A2","Exc L4-5 RORB IL1RAPL2",-0.00149362440258255,3.62288335075685,0.00181073922817762,0.966109393654122,0.993646254835144,0.993646254835144,"social_isolation_avg"
"17089","AMH","Exc L4-5 RORB IL1RAPL2",0.0708847503419987,1.8954776925871,0.559027757226491,0.455714592148608,0.754051228512795,0.754051228512795,"social_isolation_avg"
"17090","JSRP1","Exc L4-5 RORB IL1RAPL2",-0.0478925595168086,0.6480574664724,0.259226780854644,0.665811445932458,0.882014422129642,0.882014422129642,"social_isolation_avg"
"17091","AC005258.1","Exc L4-5 RORB IL1RAPL2",0.134970184190624,1.65463312388892,1.34914085621384,0.247102868806785,0.57304000253624,0.57304000253624,"social_isolation_avg"
"17092","LINGO3","Exc L4-5 RORB IL1RAPL2",-0.212683070635745,0.375804927704515,3.29338618355279,0.071372325861139,0.306360203633986,0.306360203633986,"social_isolation_avg"
"17093","LSM7","Exc L4-5 RORB IL1RAPL2",-0.174822698854312,3.83199862176133,23.7071928697144,2.60456472337566e-06,0.000535667068794015,0.000535667068794015,"social_isolation_avg"
"17094","SPPL2B","Exc L4-5 RORB IL1RAPL2",0.0242109225148552,4.75862451272306,0.862667892340341,0.354347499214777,0.674779492013163,0.674779492013163,"social_isolation_avg"
"17095","TMPRSS9","Exc L4-5 RORB IL1RAPL2",0.0617738643577111,1.5574131581133,0.574513334562518,0.449550251319597,0.750380841572934,0.750380841572934,"social_isolation_avg"
"17096","TIMM13","Exc L4-5 RORB IL1RAPL2",-0.130132437389794,3.60692450892354,9.35713226826746,0.00259196575632576,0.0436993570106767,0.0436993570106767,"social_isolation_avg"
"17097","LMNB2","Exc L4-5 RORB IL1RAPL2",-0.0548017572373214,3.2359107106971,1.94624999119129,0.164863165629737,0.468392366862758,0.468392366862758,"social_isolation_avg"
"17098","GADD45B","Exc L4-5 RORB IL1RAPL2",-0.202107839855359,1.10033460155098,2.63635801759241,0.106348197196482,0.377030961055769,0.377030961055769,"social_isolation_avg"
"17099","GNG7","Exc L4-5 RORB IL1RAPL2",-0.0221026170967027,5.24648754145047,0.726410338366636,0.395282404301411,0.709999845432599,0.709999845432599,"social_isolation_avg"
"17100","DIRAS1","Exc L4-5 RORB IL1RAPL2",-0.0971637795435438,5.56122618461096,9.22831815536767,0.00277026384789813,0.0455119211399118,0.0455119211399118,"social_isolation_avg"
"17101","AC006538.2","Exc L4-5 RORB IL1RAPL2",-0.0687826227130993,1.45554379366193,0.872453297283283,0.351639473160596,0.672236914424572,0.672236914424572,"social_isolation_avg"
"17102","SGTA","Exc L4-5 RORB IL1RAPL2",-0.0323879618760656,4.69220623897444,1.24480849285256,0.266165700464033,0.596343542744815,0.596343542744815,"social_isolation_avg"
"17103","THOP1","Exc L4-5 RORB IL1RAPL2",-0.0672859485991724,4.82638369103022,7.21149583214871,0.00798259973245853,0.0866297300797853,0.0866297300797853,"social_isolation_avg"
"17104","ZNF554","Exc L4-5 RORB IL1RAPL2",0.00453651799323399,2.81659715608864,0.0115541887424149,0.914530287204865,0.981804260896158,0.981804260896158,"social_isolation_avg"
"17105","ZNF555","Exc L4-5 RORB IL1RAPL2",0.0178715671105962,3.24571533126837,0.202327756628832,0.944151537369847,0.988051457597129,0.988051457597129,"social_isolation_avg"
"17106","ZNF556","Exc L4-5 RORB IL1RAPL2",0.0895926930275598,0.563726301999543,0.926689670688593,0.337130720397652,0.661054397185915,0.661054397185915,"social_isolation_avg"
"17107","ZNF57","Exc L4-5 RORB IL1RAPL2",-0.0204722105785959,1.66160432676412,0.0961730237834127,0.756862052332001,0.926299281511888,0.926299281511888,"social_isolation_avg"
"17108","AC119403.1","Exc L4-5 RORB IL1RAPL2",0.0936145376929594,2.35492627265299,2.98217832022137,0.0860540190758134,0.337876757612257,0.337876757612257,"social_isolation_avg"
"17109","ZNF77","Exc L4-5 RORB IL1RAPL2",0.0585873001204331,2.15812098611857,1.19527316560553,0.275859195766995,0.606147003031855,0.606147003031855,"social_isolation_avg"
"17110","TLE6","Exc L4-5 RORB IL1RAPL2",0.103084136104046,0.527210016963897,1.02246035879134,0.313413967608832,0.642373438801511,0.642373438801511,"social_isolation_avg"
"17111","TLE2","Exc L4-5 RORB IL1RAPL2",-0.00181530231124558,4.57150123323129,0.00237403472838878,0.961198017974564,0.992176197847109,0.992176197847109,"social_isolation_avg"
"17112","AC005944.1","Exc L4-5 RORB IL1RAPL2",0.0972963863326059,-0.401729954370521,0.380120376456408,0.538387008879,0.81176353454455,0.81176353454455,"social_isolation_avg"
"17113","AES","Exc L4-5 RORB IL1RAPL2",-0.0620071071158279,7.36710545549369,6.22418136258096,0.0135836673392179,0.117273898793766,0.117273898793766,"social_isolation_avg"
"17114","GNA11","Exc L4-5 RORB IL1RAPL2",-0.00319410050258748,5.13795778593874,0.0158862304335754,0.899852968683973,0.977836445560426,0.977836445560426,"social_isolation_avg"
"17115","KF456478.1","Exc L4-5 RORB IL1RAPL2",-0.196380496691276,-0.104487160574006,1.55748816508512,0.213798329962307,0.533098744737118,0.533098744737118,"social_isolation_avg"
"17116","GNA15","Exc L4-5 RORB IL1RAPL2",-0.151799881532892,2.60144941077977,4.64736157522288,0.032547592598902,0.197631905777349,0.197631905777349,"social_isolation_avg"
"17117","AC005264.1","Exc L4-5 RORB IL1RAPL2",0.107207343241335,-0.54847701672462,0.458698012362986,0.499179872151208,0.785903008901065,0.785903008901065,"social_isolation_avg"
"17118","NCLN","Exc L4-5 RORB IL1RAPL2",0.00301821669608528,4.53507680214367,0.0134451801337411,0.907830259928104,0.979320338732308,0.979320338732308,"social_isolation_avg"
"17119","CELF5","Exc L4-5 RORB IL1RAPL2",-0.0171461468204783,7.4404285723782,0.49329943673642,0.483447046348686,0.775372863914549,0.775372863914549,"social_isolation_avg"
"17120","NFIC","Exc L4-5 RORB IL1RAPL2",0.0569162430866396,6.74792317987152,7.04977513484762,0.0087028832909638,0.0906758010728668,0.0906758010728668,"social_isolation_avg"
"17121","SMIM24","Exc L4-5 RORB IL1RAPL2",-0.311560004789584,0.768006670458353,7.22628422409027,0.00791988630622625,0.0864698031160455,0.0864698031160455,"social_isolation_avg"
"17122","DOHH","Exc L4-5 RORB IL1RAPL2",-0.123196712288502,3.45074138041181,8.63853191975928,0.00376244348791753,0.0554166595866411,0.0554166595866411,"social_isolation_avg"
"17123","FZR1","Exc L4-5 RORB IL1RAPL2",-0.0121450297732011,4.41088303276699,0.190795838584839,0.662825129365806,0.88046295090778,0.88046295090778,"social_isolation_avg"
"17124","MFSD12","Exc L4-5 RORB IL1RAPL2",-0.0464133446148305,4.18987934515419,2.42940877782924,0.120990347089878,0.400299848883095,0.400299848883095,"social_isolation_avg"
"17125","C19orf71","Exc L4-5 RORB IL1RAPL2",0.181000867925556,1.58333391274198,7.55024593635863,0.00666658571532052,0.0783995990160518,0.0783995990160518,"social_isolation_avg"
"17126","AC005786.3","Exc L4-5 RORB IL1RAPL2",0.123072511544308,2.32228167888466,3.74359797539644,0.054717443311965,0.265395730557726,0.265395730557726,"social_isolation_avg"
"17127","HMG20B","Exc L4-5 RORB IL1RAPL2",-0.0718060692039409,0.594058317563438,0.503390468657554,0.479013752153983,0.771946103782089,0.771946103782089,"social_isolation_avg"
"17128","CACTIN","Exc L4-5 RORB IL1RAPL2",0.0425089700626533,3.03762518543434,0.941143731419815,0.333401267163803,0.658280379860884,0.658280379860884,"social_isolation_avg"
"17129","PIP5K1C","Exc L4-5 RORB IL1RAPL2",-0.0662716734624496,6.01161096295214,9.18098233692784,0.00283890543448822,0.0461468468436011,0.0461468468436011,"social_isolation_avg"
"17130","TJP3","Exc L4-5 RORB IL1RAPL2",0.0188926966094883,0.910386778493501,0.0658877071060912,0.797740381204328,0.94343951658597,0.94343951658597,"social_isolation_avg"
"17131","APBA3","Exc L4-5 RORB IL1RAPL2",0.0470948347250922,2.61095804822576,1.12615795615305,0.290144394287243,0.621391594158332,0.621391594158332,"social_isolation_avg"
"17132","MRPL54","Exc L4-5 RORB IL1RAPL2",-0.107814199947947,2.6853398351644,4.46211587040597,0.0361570279799379,0.209085307582031,0.209085307582031,"social_isolation_avg"
"17133","MATK","Exc L4-5 RORB IL1RAPL2",-0.0382507137004134,4.98574851959274,1.87757209360908,0.172468471457588,0.477366288538477,0.477366288538477,"social_isolation_avg"
"17134","ZFR2","Exc L4-5 RORB IL1RAPL2",0.0353313907731009,6.4403951922504,4.02594503793518,0.0464359449121078,0.24197590572349,0.24197590572349,"social_isolation_avg"
"17135","ATCAY","Exc L4-5 RORB IL1RAPL2",-0.0182593169743426,7.28062677468493,0.888378307842387,0.347292657572455,0.669771111398269,0.669771111398269,"social_isolation_avg"
"17136","DAPK3","Exc L4-5 RORB IL1RAPL2",-0.0166294019822474,4.33129487794715,0.30525972311577,0.581350011967747,0.836926392485867,0.836926392485867,"social_isolation_avg"
"17137","EEF2","Exc L4-5 RORB IL1RAPL2",-0.0972740282173751,6.12662585253164,14.3785338617586,0.000209280488386424,0.0090023662764696,0.0090023662764696,"social_isolation_avg"
"17138","PIAS4","Exc L4-5 RORB IL1RAPL2",0.00209818139788618,4.8344186063811,0.00559560321903364,0.940461297624724,0.987885432365559,0.987885432365559,"social_isolation_avg"
"17139","ZBTB7A","Exc L4-5 RORB IL1RAPL2",-0.0311287039395248,6.80548041889597,1.0753405082024,0.301256856291705,0.632319213718013,0.632319213718013,"social_isolation_avg"
"17140","MAP2K2","Exc L4-5 RORB IL1RAPL2",-0.0411714197262503,5.61660577519291,2.15484624355916,0.144020940668354,0.438524507342096,0.438524507342096,"social_isolation_avg"
"17141","CREB3L3","Exc L4-5 RORB IL1RAPL2",0.0311310120088739,0.515627214172983,0.0887849557466315,0.766101743956957,0.930445541909595,0.930445541909595,"social_isolation_avg"
"17142","SIRT6","Exc L4-5 RORB IL1RAPL2",-0.0251409925934937,3.83171502522792,0.576822797412032,0.448642146510773,0.749383014402181,0.749383014402181,"social_isolation_avg"
"17143","ANKRD24","Exc L4-5 RORB IL1RAPL2",-0.0437661381931282,6.08762745685295,3.07397062747427,0.0814086368077873,0.327673437865393,0.327673437865393,"social_isolation_avg"
"17144","EBI3","Exc L4-5 RORB IL1RAPL2",-0.112507443374882,0.57153710403685,0.44303764509654,0.506587686333071,0.791310626030549,0.791310626030549,"social_isolation_avg"
"17145","YJU2","Exc L4-5 RORB IL1RAPL2",-0.0620449011669406,3.05026179427791,1.88659058396388,0.171446989113886,0.476350731427875,0.476350731427875,"social_isolation_avg"
"17146","SHD","Exc L4-5 RORB IL1RAPL2",-0.00479258791119638,2.56583298527132,0.00447463784138331,0.946747938189951,0.988740948001749,0.988740948001749,"social_isolation_avg"
"17147","FSD1","Exc L4-5 RORB IL1RAPL2",0.00569900153705891,5.78149798374388,0.0455477905867783,0.831262943464273,0.95597801965982,0.95597801965982,"social_isolation_avg"
"17148","STAP2","Exc L4-5 RORB IL1RAPL2",0.123763563176547,1.76242840686802,3.44680884599619,0.0651538084835751,0.290718647094424,0.290718647094424,"social_isolation_avg"
"17149","MPND","Exc L4-5 RORB IL1RAPL2",-0.0908988556416557,2.69600538834392,3.99911755754464,0.0471620813988873,0.244118712881452,0.244118712881452,"social_isolation_avg"
"17150","AC007292.3","Exc L4-5 RORB IL1RAPL2",0.138393644815903,0.345054270313372,1.38019887396232,0.241756882353042,0.566199376556578,0.566199376556578,"social_isolation_avg"
"17151","SH3GL1","Exc L4-5 RORB IL1RAPL2",0.0474677493297568,5.5164163250198,5.7420641363235,0.0176800009065331,0.138633774203279,0.138633774203279,"social_isolation_avg"
"17152","AC007292.1","Exc L4-5 RORB IL1RAPL2",-0.06013548599472,0.793447286976077,0.412320350738871,0.521683661491673,0.802207419140698,0.802207419140698,"social_isolation_avg"
"17153","CHAF1A","Exc L4-5 RORB IL1RAPL2",0.00491361170537957,3.29317436568315,0.0122036425687064,0.912170575052423,0.981389424415338,0.981389424415338,"social_isolation_avg"
"17154","UBXN6","Exc L4-5 RORB IL1RAPL2",-0.0197704901901836,4.9002582177093,0.405233518273748,0.525279300518368,0.804695895467326,0.804695895467326,"social_isolation_avg"
"17155","AC011498.1","Exc L4-5 RORB IL1RAPL2",0.00672706199445168,1.74036692634974,0.00978666530211626,0.92131564189601,0.983427396790068,0.983427396790068,"social_isolation_avg"
"17156","HDGFL2","Exc L4-5 RORB IL1RAPL2",-0.0336289931622796,4.68868803180668,1.43145736289223,0.233240013881321,0.556251541123295,0.556251541123295,"social_isolation_avg"
"17157","PLIN5","Exc L4-5 RORB IL1RAPL2",-0.0414344426768256,0.735063376645019,0.188527180804693,0.664711490997429,0.881112941093061,0.881112941093061,"social_isolation_avg"
"17158","SEMA6B","Exc L4-5 RORB IL1RAPL2",-0.0093382805824954,5.28626396899718,0.129487240095454,0.719423609984722,0.908669340269486,0.908669340269486,"social_isolation_avg"
"17159","TNFAIP8L1","Exc L4-5 RORB IL1RAPL2",-0.0515916498030728,4.04900389260396,2.03485690945968,0.155614667604929,0.454946643069736,0.454946643069736,"social_isolation_avg"
"17160","MYDGF","Exc L4-5 RORB IL1RAPL2",-0.106768758751427,3.85137367389035,9.68599277794143,0.00218823927783693,0.0395073238320158,0.0395073238320158,"social_isolation_avg"
"17161","DPP9","Exc L4-5 RORB IL1RAPL2",0.0170443247209155,4.58452205364105,0.429786967721706,0.513004898398582,0.796355309929945,0.796355309929945,"social_isolation_avg"
"17162","DPP9-AS1","Exc L4-5 RORB IL1RAPL2",0.400978086619949,-0.11245174211053,9.59627437645289,0.00229152408358044,0.0405171223014837,0.0405171223014837,"social_isolation_avg"
"17163","MIR7-3HG","Exc L4-5 RORB IL1RAPL2",-0.188952969718605,3.65612456255073,10.9190266988179,0.00116707382797475,0.0262261334417254,0.0262261334417254,"social_isolation_avg"
"17164","AC005523.1","Exc L4-5 RORB IL1RAPL2",-0.0906209335404114,0.286759154478853,0.697162716240663,0.404943868537112,0.716739283123544,0.716739283123544,"social_isolation_avg"
"17165","FEM1A","Exc L4-5 RORB IL1RAPL2",-0.0585545851874582,3.15443533438368,2.09362079158113,0.149808862938723,0.447016794774259,0.447016794774259,"social_isolation_avg"
"17166","AC005523.2","Exc L4-5 RORB IL1RAPL2",-0.168536936790437,0.431774236030834,2.49391307505812,0.11619898148169,0.393520839200834,0.393520839200834,"social_isolation_avg"
"17167","TICAM1","Exc L4-5 RORB IL1RAPL2",-0.0213117778533701,2.84399103328381,0.258769286612177,0.611645223530813,0.852204659383395,0.852204659383395,"social_isolation_avg"
"17168","KDM4B","Exc L4-5 RORB IL1RAPL2",0.0204124177179422,6.20288096136845,1.00436108600485,0.317722363645513,0.645647604181802,0.645647604181802,"social_isolation_avg"
"17169","PTPRS","Exc L4-5 RORB IL1RAPL2",0.0202583906703134,6.92044840257869,0.897892416386908,0.344730678234035,0.667290053362523,0.667290053362523,"social_isolation_avg"
"17170","TINCR","Exc L4-5 RORB IL1RAPL2",0.0549179670585997,3.01407713509545,1.18670141105543,0.277581538845357,0.608236282164794,0.608236282164794,"social_isolation_avg"
"17171","SAFB2","Exc L4-5 RORB IL1RAPL2",0.0274918997184537,5.85200474533632,2.1921501411222,0.140619099270111,0.433684429876083,0.433684429876083,"social_isolation_avg"
"17172","SAFB","Exc L4-5 RORB IL1RAPL2",-0.0101425130841908,5.74538237508048,0.328363026759345,0.57527766432495,0.832810152004007,0.832810152004007,"social_isolation_avg"
"17173","RPL36","Exc L4-5 RORB IL1RAPL2",-0.101985842311536,4.63849278590482,6.58695064473251,0.0111600671216421,0.105002302341418,0.105002302341418,"social_isolation_avg"
"17174","C19orf70","Exc L4-5 RORB IL1RAPL2",-0.136149425948344,3.84029724018646,12.133326673909,0.000633960096035977,0.0174856544855637,0.0174856544855637,"social_isolation_avg"
"17175","LONP1","Exc L4-5 RORB IL1RAPL2",-0.0237954832908265,4.84972301723957,0.477396054158933,0.490573320738417,0.780834700793672,0.780834700793672,"social_isolation_avg"
"17176","CATSPERD","Exc L4-5 RORB IL1RAPL2",0.00461906001328562,1.01209736384402,0.00273113790925071,0.958384396571639,0.991282222630649,0.991282222630649,"social_isolation_avg"
"17177","PRR22","Exc L4-5 RORB IL1RAPL2",0.0507617331765262,1.3163777910762,0.398689610682159,0.528638970274896,0.806448275140797,0.806448275140797,"social_isolation_avg"
"17178","DUS3L","Exc L4-5 RORB IL1RAPL2",-0.0140236122830276,2.02997215769529,0.0536278098973649,0.817153159107955,0.951599926146172,0.951599926146172,"social_isolation_avg"
"17179","FUT3","Exc L4-5 RORB IL1RAPL2",-0.0586882882158929,-0.867142117365044,0.175521159827709,0.675794773881251,0.886127412489639,0.886127412489639,"social_isolation_avg"
"17180","AC024592.3","Exc L4-5 RORB IL1RAPL2",0.103235808879473,0.620068113592401,1.01339496692641,0.315562233554838,0.643791637580957,0.643791637580957,"social_isolation_avg"
"17181","AC104532.2","Exc L4-5 RORB IL1RAPL2",-0.0420170444707447,1.39806936342178,0.298759046509495,0.585398494579387,0.839051959392211,0.839051959392211,"social_isolation_avg"
"17182","CAPS","Exc L4-5 RORB IL1RAPL2",0.0749880023475065,1.91657131121881,0.830361404086308,0.363495011862107,0.682892291774962,0.682892291774962,"social_isolation_avg"
"17183","RANBP3","Exc L4-5 RORB IL1RAPL2",-0.0218687738293261,4.58637541369199,0.840192541981028,0.360677088011147,0.680770690126416,0.680770690126416,"social_isolation_avg"
"17184","AC011444.1","Exc L4-5 RORB IL1RAPL2",-0.115688521849668,1.71270554993129,2.17648663436924,0.142036276831066,0.435640848422857,0.435640848422857,"social_isolation_avg"
"17185","RFX2","Exc L4-5 RORB IL1RAPL2",0.0641370624687557,3.40852410760764,2.48838027377067,0.116601551024524,0.394272384226502,0.394272384226502,"social_isolation_avg"
"17186","AC011444.3","Exc L4-5 RORB IL1RAPL2",0.134333760180197,0.214032430930492,1.30547963193291,0.254866981741482,0.582971247767237,0.582971247767237,"social_isolation_avg"
"17187","ACSBG2","Exc L4-5 RORB IL1RAPL2",0.109444827211673,0.887756222435719,1.59485930226219,0.208411808207623,0.526483287462809,0.526483287462809,"social_isolation_avg"
"17188","MLLT1","Exc L4-5 RORB IL1RAPL2",-0.00657518825295379,4.34867026067264,0.0533079461358902,0.817689565008612,0.951624077963338,0.951624077963338,"social_isolation_avg"
"17189","ACER1","Exc L4-5 RORB IL1RAPL2",0.109227225880761,1.59389051525363,2.38765347907885,0.124209441746389,0.405968996131378,0.405968996131378,"social_isolation_avg"
"17190","AC011491.3","Exc L4-5 RORB IL1RAPL2",-0.0144634978459944,0.561100965186629,0.0272184896513894,0.86916109793382,0.967547045596624,0.967547045596624,"social_isolation_avg"
"17191","CLPP","Exc L4-5 RORB IL1RAPL2",-0.0871893419336589,3.19470683273789,4.69083451148138,0.0317569254814421,0.194835534057836,0.194835534057836,"social_isolation_avg"
"17192","ALKBH7","Exc L4-5 RORB IL1RAPL2",-0.1587884093417,2.43926588048826,6.59305233906332,0.0111233760338873,0.104813445187839,0.104813445187839,"social_isolation_avg"
"17193","PSPN","Exc L4-5 RORB IL1RAPL2",-0.011911088745546,1.57628827220762,0.0226569087221783,0.880536222472806,0.972403930320635,0.972403930320635,"social_isolation_avg"
"17194","GTF2F1","Exc L4-5 RORB IL1RAPL2",-0.0778218933148262,4.25041178897849,6.08028323328267,0.0146910655093113,0.1227340012232,0.1227340012232,"social_isolation_avg"
"17195","KHSRP","Exc L4-5 RORB IL1RAPL2",-0.00295884585716964,5.12482306797816,0.0152683147255555,0.901809809393341,0.978205337360331,0.978205337360331,"social_isolation_avg"
"17196","SLC25A41","Exc L4-5 RORB IL1RAPL2",0.00638638108752926,3.67670305481619,0.0225862605984599,0.880721213596635,0.972403930320635,0.972403930320635,"social_isolation_avg"
"17197","SLC25A23","Exc L4-5 RORB IL1RAPL2",-0.0175951774963562,5.55055813298014,0.483831909681598,0.487668484219194,0.778796032234248,0.778796032234248,"social_isolation_avg"
"17198","DENND1C","Exc L4-5 RORB IL1RAPL2",0.0496719519771059,0.216249991952283,0.187045302435013,0.665950955792192,0.882014422129642,0.882014422129642,"social_isolation_avg"
"17199","TUBB4A","Exc L4-5 RORB IL1RAPL2",-0.0921607966985169,6.4423458361815,5.31301901376647,0.0224100215937293,0.158512156476618,0.158512156476618,"social_isolation_avg"
"17200","TNFSF9","Exc L4-5 RORB IL1RAPL2",-0.0324243741080996,1.36776578234728,0.172045481762711,0.67883811002036,0.887588686317132,0.887588686317132,"social_isolation_avg"
"17201","CD70","Exc L4-5 RORB IL1RAPL2",0.187363294567226,-0.0724770797151362,3.04266588555528,0.130089257144282,0.415149069729627,0.415149069729627,"social_isolation_avg"
"17202","GPR108","Exc L4-5 RORB IL1RAPL2",-0.289089401695486,1.43400002252493,15.0150910406642,0.000153505737102095,0.00740444862634874,0.00740444862634874,"social_isolation_avg"
"17203","VAV1","Exc L4-5 RORB IL1RAPL2",-0.0547040793715156,1.81622697292262,0.359723957591227,0.549480854953261,0.816643784119922,0.816643784119922,"social_isolation_avg"
"17204","ADGRE1","Exc L4-5 RORB IL1RAPL2",-0.0556840258570965,-0.111904246117589,0.186875686027549,0.666093197087652,0.882141064050918,0.882141064050918,"social_isolation_avg"
"17205","ZNF557","Exc L4-5 RORB IL1RAPL2",0.00539954590970664,3.63073912532405,0.0244522002176494,0.87593062986952,0.970500479269633,0.970500479269633,"social_isolation_avg"
"17206","INSR","Exc L4-5 RORB IL1RAPL2",0.0469860381659509,6.97152841464547,7.66160258529754,0.00628467640673561,0.0754940078866672,0.0754940078866672,"social_isolation_avg"
"17207","AC119396.1","Exc L4-5 RORB IL1RAPL2",-0.0710567064660726,0.713707600554554,0.530297525938465,0.46751214647777,0.763095007203751,0.763095007203751,"social_isolation_avg"
"17208","AC008878.3","Exc L4-5 RORB IL1RAPL2",0.107691226965705,0.20161471027863,0.739979129604981,0.39091350247987,0.705923365422179,0.705923365422179,"social_isolation_avg"
"17209","AC119396.2","Exc L4-5 RORB IL1RAPL2",-0.000851981156508905,-0.0352492232770096,9.79943489004969e-05,0.992113639857925,0.999072802369964,0.999072802369964,"social_isolation_avg"
"17210","PEX11G","Exc L4-5 RORB IL1RAPL2",-0.0245369460201001,0.381700280630221,0.0411140970910567,0.839567212275238,0.95839826385881,0.95839826385881,"social_isolation_avg"
"17211","TEX45","Exc L4-5 RORB IL1RAPL2",-0.146778765668279,0.0974988330289775,1.26976699361605,0.261443568254746,0.59091134526229,0.59091134526229,"social_isolation_avg"
"17212","AC008878.1","Exc L4-5 RORB IL1RAPL2",0.133735785917842,-0.542134236515606,0.73014149152932,0.394074038124589,0.709081194298981,0.709081194298981,"social_isolation_avg"
"17213","ZNF358","Exc L4-5 RORB IL1RAPL2",-0.0585655423537682,3.96127086891393,2.4032337594867,0.122997217718449,0.403612618184318,0.403612618184318,"social_isolation_avg"
"17214","MCOLN1","Exc L4-5 RORB IL1RAPL2",-0.157520117218001,3.42133045255903,17.6819031568183,4.26797375018435e-05,0.0033241987096859,0.0033241987096859,"social_isolation_avg"
"17215","PNPLA6","Exc L4-5 RORB IL1RAPL2",-0.0415342853159399,5.09831607209458,3.6290245026786,0.0585165176492951,0.275010191366695,0.275010191366695,"social_isolation_avg"
"17216","CAMSAP3","Exc L4-5 RORB IL1RAPL2",-0.0202742464149301,4.24154141168877,0.704911011670899,0.402351084354611,0.714658901219765,0.714658901219765,"social_isolation_avg"
"17217","XAB2","Exc L4-5 RORB IL1RAPL2",-0.000278997712803997,2.76695862845849,2.99153261240948e-05,0.995642595090697,0.9994589795957,0.9994589795957,"social_isolation_avg"
"17218","PET100","Exc L4-5 RORB IL1RAPL2",-0.239738772188843,0.431360009220222,3.074845202938,0.0813657126865583,0.327673437865393,0.327673437865393,"social_isolation_avg"
"17219","STXBP2","Exc L4-5 RORB IL1RAPL2",0.105421110343618,0.0497503632213005,0.804182101427736,0.371150109219868,0.689226736338121,0.689226736338121,"social_isolation_avg"
"17220","TRAPPC5","Exc L4-5 RORB IL1RAPL2",-0.00383319300724667,1.87125305580438,0.00382551500693314,0.950756413125134,0.989392111770647,0.989392111770647,"social_isolation_avg"
"17221","FCER2","Exc L4-5 RORB IL1RAPL2",0.0706926400083872,-0.725835026059222,0.131752089732832,0.717086017727882,0.907543105011121,0.907543105011121,"social_isolation_avg"
"17222","CLEC4G","Exc L4-5 RORB IL1RAPL2",-0.21562738946276,0.294628164905859,3.09719918968761,0.0802768982569737,0.32525659325014,0.32525659325014,"social_isolation_avg"
"17223","EVI5L","Exc L4-5 RORB IL1RAPL2",-0.0192783397491654,5.10272026375444,0.524929212198264,0.469770832785565,0.764999907662938,0.764999907662938,"social_isolation_avg"
"17224","PRR36","Exc L4-5 RORB IL1RAPL2",-0.0752354344799179,4.54982590103048,5.21765271959188,0.0236308777482336,0.163540540553887,0.163540540553887,"social_isolation_avg"
"17225","AC010336.3","Exc L4-5 RORB IL1RAPL2",-0.248493664749665,-0.370087667639111,2.70328368221651,0.102042364724818,0.370409641604367,0.370409641604367,"social_isolation_avg"
"17226","AC010336.1","Exc L4-5 RORB IL1RAPL2",-0.103458674960295,-0.156897473183763,0.490712009701486,0.484594704161079,0.776186004928958,0.776186004928958,"social_isolation_avg"
"17227","MAP2K7","Exc L4-5 RORB IL1RAPL2",-0.0388279825116363,5.10963618970413,2.56589824756867,0.11109982826021,0.385215292378858,0.385215292378858,"social_isolation_avg"
"17228","TGFBR3L","Exc L4-5 RORB IL1RAPL2",-0.0912907433850591,3.44686176435618,3.80200364730018,0.0528831934172029,0.260641547967412,0.260641547967412,"social_isolation_avg"
"17229","SNAPC2","Exc L4-5 RORB IL1RAPL2",-0.0727236312884502,2.53999311901052,2.51286527100665,0.114831695044027,0.391138493984738,0.391138493984738,"social_isolation_avg"
"17230","CTXN1","Exc L4-5 RORB IL1RAPL2",-0.118844579570033,5.36286835139419,8.29851483226839,0.00449402950340659,0.0615278815006918,0.0615278815006918,"social_isolation_avg"
"17231","TIMM44","Exc L4-5 RORB IL1RAPL2",0.000415152181258515,4.60606692097389,0.000125710361466587,0.991067775924043,0.998822911403646,0.998822911403646,"social_isolation_avg"
"17232","ELAVL1","Exc L4-5 RORB IL1RAPL2",-0.0292388747699531,5.48398607604919,2.09847275323221,0.149340648295537,0.446464592573845,0.446464592573845,"social_isolation_avg"
"17233","AC008946.1","Exc L4-5 RORB IL1RAPL2",0.0202679407805172,1.92733472775645,0.112384362533181,0.737870799616284,0.916892989152296,0.916892989152296,"social_isolation_avg"
"17234","FBN3","Exc L4-5 RORB IL1RAPL2",0.0540670204813034,0.466439528718939,0.249745954382215,0.617918593391213,0.855418833391789,0.855418833391789,"social_isolation_avg"
"17235","CERS4","Exc L4-5 RORB IL1RAPL2",0.122808733887112,6.83162490237198,22.1126168870216,5.39554941820322e-06,0.000880802632729166,0.000880802632729166,"social_isolation_avg"
"17236","AC022146.2","Exc L4-5 RORB IL1RAPL2",0.11180305445557,4.04813079255797,4.93112133958283,0.0277366771546879,0.179010036283106,0.179010036283106,"social_isolation_avg"
"17237","CD320","Exc L4-5 RORB IL1RAPL2",-0.096450287547812,3.52299307836801,8.53140281424712,0.00397869195895986,0.0569013742518248,0.0569013742518248,"social_isolation_avg"
"17238","RPS28","Exc L4-5 RORB IL1RAPL2",-0.0351110958647936,4.26939871855556,0.686819734336828,0.408443289087797,0.719031956906421,0.719031956906421,"social_isolation_avg"
"17239","KANK3","Exc L4-5 RORB IL1RAPL2",0.0767096000554038,0.422230753525149,0.456647145490145,0.500139423495907,0.786366796739743,0.786366796739743,"social_isolation_avg"
"17240","RAB11B-AS1","Exc L4-5 RORB IL1RAPL2",-0.047286263289113,1.15224998003395,0.41425879239495,0.851935714724111,0.962012154350376,0.962012154350376,"social_isolation_avg"
"17241","RAB11B","Exc L4-5 RORB IL1RAPL2",-0.00591513936657199,5.39158264418939,0.0551605128453344,0.814605946375416,0.951370848180313,0.951370848180313,"social_isolation_avg"
"17242","MARCH2","Exc L4-5 RORB IL1RAPL2",0.0579421426004457,4.80056891133157,2.61564879641484,0.107720985816494,0.379767333493373,0.379767333493373,"social_isolation_avg"
"17243","HNRNPM","Exc L4-5 RORB IL1RAPL2",-0.0102121654491306,5.99745274330537,0.329614545964375,0.566666569417075,0.827595395006403,0.827595395006403,"social_isolation_avg"
"17244","PRAM1","Exc L4-5 RORB IL1RAPL2",0.052054668578608,1.26535060816492,0.491427638788432,0.584261049700679,0.838652906414916,0.838652906414916,"social_isolation_avg"
"17245","ZNF414","Exc L4-5 RORB IL1RAPL2",-0.0923212969768814,2.65056467123765,4.31929257946091,0.0392278262822779,0.219526565191545,0.219526565191545,"social_isolation_avg"
"17246","MYO1F","Exc L4-5 RORB IL1RAPL2",0.111822754173062,1.9230319454321,3.65843045107373,0.0723093226429289,0.308420027453417,0.308420027453417,"social_isolation_avg"
"17247","ADAMTS10","Exc L4-5 RORB IL1RAPL2",-0.0221373353505997,5.56677280829986,1.04201637772319,0.308844652599051,0.638798200158138,0.638798200158138,"social_isolation_avg"
"17248","AC130469.1","Exc L4-5 RORB IL1RAPL2",0.0314980606980836,-0.320565370749617,0.0451625126787899,0.831967325167767,0.956125714255303,0.956125714255303,"social_isolation_avg"
"17249","ZNF558","Exc L4-5 RORB IL1RAPL2",-0.0304720764080018,2.86476938275291,0.434871738055166,0.510525787362436,0.794183870976293,0.794183870976293,"social_isolation_avg"
"17250","ZNF317","Exc L4-5 RORB IL1RAPL2",-0.0298417465433194,3.28673806874983,0.674980746790755,0.412503869370057,0.722407364514029,0.722407364514029,"social_isolation_avg"
"17251","OR7D2","Exc L4-5 RORB IL1RAPL2",-0.0752728191637729,0.513221715869352,0.176366251917614,0.675060168051344,0.885853595671414,0.885853595671414,"social_isolation_avg"
"17252","ZNF699","Exc L4-5 RORB IL1RAPL2",0.00596366056962924,2.95285519210785,0.0159240642120724,0.899734421923433,0.977765492919032,0.977765492919032,"social_isolation_avg"
"17253","ZNF559-ZNF177","Exc L4-5 RORB IL1RAPL2",-0.00850586527303013,3.93628225433888,0.0363275510863785,0.849074537712355,0.961873912835597,0.961873912835597,"social_isolation_avg"
"17254","ZNF266","Exc L4-5 RORB IL1RAPL2",0.0332599763428233,4.00331614905505,0.769814702659136,0.38154781365548,0.699579065493024,0.699579065493024,"social_isolation_avg"
"17255","ZNF426","Exc L4-5 RORB IL1RAPL2",-0.116732011668574,3.43008872028388,7.81322620231328,0.00580061967726426,0.0719695245334538,0.0719695245334538,"social_isolation_avg"
"17256","ZNF426-DT","Exc L4-5 RORB IL1RAPL2",-0.139846561130574,0.0213328790173432,1.11024054805808,0.293567431775786,0.624461987254598,0.624461987254598,"social_isolation_avg"
"17257","ZNF121","Exc L4-5 RORB IL1RAPL2",0.00892378774817469,3.81049292016057,0.0711592224793228,0.854621616230594,0.962722785572292,0.962722785572292,"social_isolation_avg"
"17258","ZNF561","Exc L4-5 RORB IL1RAPL2",0.0552929457070676,3.43239677677872,2.69293707700361,0.102695268957341,0.371174247171319,0.371174247171319,"social_isolation_avg"
"17259","ZNF562","Exc L4-5 RORB IL1RAPL2",0.0579638029218399,4.9615784830645,6.42330418503786,0.0121924150703856,0.110553651086267,0.110553651086267,"social_isolation_avg"
"17260","ZNF846","Exc L4-5 RORB IL1RAPL2",0.0827443346594413,5.16931379974167,8.41057778475917,0.00423799034359013,0.0590913893080832,0.0590913893080832,"social_isolation_avg"
"17261","AC008752.1","Exc L4-5 RORB IL1RAPL2",0.0119540829813468,0.00941006535118397,0.00967659640465705,0.921757925522949,0.983427396790068,0.983427396790068,"social_isolation_avg"
"17262","FBXL12","Exc L4-5 RORB IL1RAPL2",0.0992008507613634,4.04766268934313,9.65728438015144,0.00222075880032963,0.0398994712977934,0.0398994712977934,"social_isolation_avg"
"17263","UBL5","Exc L4-5 RORB IL1RAPL2",-0.106498773288776,3.51386191493128,4.28318145359473,0.0400471814611213,0.222299081975272,0.222299081975272,"social_isolation_avg"
"17264","PIN1","Exc L4-5 RORB IL1RAPL2",-0.0768480049552699,5.79941236135398,10.2412936124416,0.00164678347695748,0.0330421952995891,0.0330421952995891,"social_isolation_avg"
"17265","OLFM2","Exc L4-5 RORB IL1RAPL2",0.0490875477592917,5.694057626506,1.49268406724999,0.22353998712841,0.544840924443725,0.544840924443725,"social_isolation_avg"
"17266","COL5A3","Exc L4-5 RORB IL1RAPL2",-0.253318284382042,2.59560728231457,7.32153809372943,0.00752795605301781,0.0840829140963105,0.0840829140963105,"social_isolation_avg"
"17267","C19orf66","Exc L4-5 RORB IL1RAPL2",0.0231882389949856,5.00763286759067,0.656021074948808,0.419132643626683,0.726486796844882,0.726486796844882,"social_isolation_avg"
"17268","ANGPTL6","Exc L4-5 RORB IL1RAPL2",0.0654492455343917,0.156357834588377,0.337739823003654,0.561928337068267,0.82458075536313,0.82458075536313,"social_isolation_avg"
"17269","P2RY11","Exc L4-5 RORB IL1RAPL2",0.0575637060507757,3.02868687665769,1.52939021429389,0.217958193980085,0.537948249492533,0.537948249492533,"social_isolation_avg"
"17270","EIF3G","Exc L4-5 RORB IL1RAPL2",-0.176676949001556,2.97363028642317,14.2443237682998,0.000223464515606995,0.00928916506706586,0.00928916506706586,"social_isolation_avg"
"17271","DNMT1","Exc L4-5 RORB IL1RAPL2",0.00624449644727203,4.99725515838278,0.0750063537862501,0.784524244829503,0.938257740990624,0.938257740990624,"social_isolation_avg"
"17272","MRPL4","Exc L4-5 RORB IL1RAPL2",-0.0226830055775174,4.69255803134853,0.588726634417365,0.444006516408033,0.745684417435317,0.745684417435317,"social_isolation_avg"
"17273","AC011511.2","Exc L4-5 RORB IL1RAPL2",0.0220118687221868,1.81421039807406,0.102586092019383,0.749152537836527,0.922531337646578,0.922531337646578,"social_isolation_avg"
"17274","ICAM1","Exc L4-5 RORB IL1RAPL2",-0.113793332441673,0.122783739538789,1.06092951432053,0.304508060199504,0.63549647050488,0.63549647050488,"social_isolation_avg"
"17275","ICAM5","Exc L4-5 RORB IL1RAPL2",-0.0904960999228536,4.2038409174646,3.71526459965794,0.0556316756747437,0.267430623841927,0.267430623841927,"social_isolation_avg"
"17276","ZGLP1","Exc L4-5 RORB IL1RAPL2",-0.03078613482322,3.54699051628518,0.473100898460691,0.492528106055617,0.781871322651089,0.781871322651089,"social_isolation_avg"
"17277","AC011511.1","Exc L4-5 RORB IL1RAPL2",-0.0283250144968033,3.79676171831165,0.20965502111071,0.647639254281134,0.871797263108519,0.871797263108519,"social_isolation_avg"
"17278","RAVER1","Exc L4-5 RORB IL1RAPL2",0.0794756569032333,2.11426439821229,2.03809132140405,0.155288502516919,0.45450391754867,0.45450391754867,"social_isolation_avg"
"17279","AC114271.1","Exc L4-5 RORB IL1RAPL2",-0.0913275682799844,0.496990662906737,0.84233579836055,0.382965113203408,0.700367436563551,0.700367436563551,"social_isolation_avg"
"17280","TYK2","Exc L4-5 RORB IL1RAPL2",0.0562413977662269,4.35565411585632,5.57419334034315,0.0193926747398101,0.146175569257343,0.146175569257343,"social_isolation_avg"
"17281","CDC37","Exc L4-5 RORB IL1RAPL2",-0.0630372245412696,5.80489212529587,5.67773958005733,0.0183168142434544,0.141458139714449,0.141458139714449,"social_isolation_avg"
"17282","PDE4A","Exc L4-5 RORB IL1RAPL2",0.0109431037913727,6.92522380032831,0.205253374512734,0.651107597893324,0.873669020618366,0.873669020618366,"social_isolation_avg"
"17283","KEAP1","Exc L4-5 RORB IL1RAPL2",-0.0686655772450539,3.90706839750996,5.24563651954154,0.0232655776747561,0.162102016446066,0.162102016446066,"social_isolation_avg"
"17284","ATG4D","Exc L4-5 RORB IL1RAPL2",0.00617392796136146,3.88429597373622,0.0395993447369055,0.877610438982941,0.971449507749723,0.971449507749723,"social_isolation_avg"
"17285","KRI1","Exc L4-5 RORB IL1RAPL2",-0.0657178913468863,3.41190842811295,2.45577010700358,0.11900609714002,0.397751103785171,0.397751103785171,"social_isolation_avg"
"17286","CDKN2D","Exc L4-5 RORB IL1RAPL2",-0.0586494654990221,5.41145409771282,3.84700238329764,0.0515148465717772,0.256518714181302,0.256518714181302,"social_isolation_avg"
"17287","AP1M2","Exc L4-5 RORB IL1RAPL2",0.0774375856079709,0.386604446729667,0.420379602631469,0.517647359535328,0.79928233146466,0.79928233146466,"social_isolation_avg"
"17288","SLC44A2","Exc L4-5 RORB IL1RAPL2",0.0778805547868284,4.85643188126181,8.44788198752387,0.00415612845292684,0.0585886559612516,0.0585886559612516,"social_isolation_avg"
"17289","ILF3-DT","Exc L4-5 RORB IL1RAPL2",-0.0306152150427239,4.08230348951881,0.72175854333404,0.39679645851157,0.711099241475413,0.711099241475413,"social_isolation_avg"
"17290","ILF3","Exc L4-5 RORB IL1RAPL2",-0.0418648409211349,5.40877204526746,4.95398287080463,0.0273831196265287,0.177802335776784,0.177802335776784,"social_isolation_avg"
"17291","QTRT1","Exc L4-5 RORB IL1RAPL2",0.0325124642181227,5.38752216219259,1.45569264203261,0.229340628693807,0.551379165885073,0.551379165885073,"social_isolation_avg"
"17292","DNM2","Exc L4-5 RORB IL1RAPL2",0.068700437880867,5.92825730632552,12.8239877027629,0.000449625441485533,0.0142501892434636,0.0142501892434636,"social_isolation_avg"
"17293","TMED1","Exc L4-5 RORB IL1RAPL2",-0.00218600583260414,1.05002705588145,0.000952699669045489,0.975413774429757,0.996367624666521,0.996367624666521,"social_isolation_avg"
"17294","C19orf38","Exc L4-5 RORB IL1RAPL2",-0.121509730912677,0.9964569475448,1.98589855870975,0.160648875157695,0.462583680848994,0.462583680848994,"social_isolation_avg"
"17295","CARM1","Exc L4-5 RORB IL1RAPL2",0.0101765410231905,5.33150525783935,0.252245401672972,0.819769893571672,0.952099932410415,0.952099932410415,"social_isolation_avg"
"17296","YIPF2","Exc L4-5 RORB IL1RAPL2",-0.0331055355126623,3.99226266025331,1.24149381434376,0.436742789773795,0.74029343614166,0.74029343614166,"social_isolation_avg"
"17297","TIMM29","Exc L4-5 RORB IL1RAPL2",0.00990124357494133,3.84257561686331,0.0846027194839564,0.883765681572364,0.973292394352534,0.973292394352534,"social_isolation_avg"
"17298","SMARCA4","Exc L4-5 RORB IL1RAPL2",0.00264383884925514,6.73489960160847,0.0245632122889587,0.875651620487594,0.970500479269633,0.970500479269633,"social_isolation_avg"
"17299","AC011442.1","Exc L4-5 RORB IL1RAPL2",0.175672262089276,-0.398163117862344,1.38336379077127,0.241220115676893,0.565637106050625,0.565637106050625,"social_isolation_avg"
"17300","LDLR","Exc L4-5 RORB IL1RAPL2",0.233322877299469,4.13242570542418,8.12083027623274,0.00493310173321859,0.0649090527776279,0.0649090527776279,"social_isolation_avg"
"17301","SPC24","Exc L4-5 RORB IL1RAPL2",0.0671028920493551,1.25241391413325,0.723526305279264,0.396220103104489,0.710527834143388,0.710527834143388,"social_isolation_avg"
"17302","KANK2","Exc L4-5 RORB IL1RAPL2",0.00114032176045217,3.07147701909403,0.000479041128397216,0.982564486437889,0.997752468760777,0.997752468760777,"social_isolation_avg"
"17303","DOCK6","Exc L4-5 RORB IL1RAPL2",0.0112685292171461,3.2027050945389,0.0344732804772263,0.852931341364635,0.962332373879562,0.962332373879562,"social_isolation_avg"
"17304","AC011472.1","Exc L4-5 RORB IL1RAPL2",0.0311941447228212,4.03723703606967,0.319859349606405,0.572459068926007,0.831210040913896,0.831210040913896,"social_isolation_avg"
"17305","AC011472.4","Exc L4-5 RORB IL1RAPL2",-0.0132533334326714,1.91343146046378,0.0384241628244921,0.844834641438412,0.961277411167361,0.961277411167361,"social_isolation_avg"
"17306","ANGPTL8","Exc L4-5 RORB IL1RAPL2",0.1370915390558,0.417284326287991,1.69044032070867,0.195352909561286,0.508515554669316,0.508515554669316,"social_isolation_avg"
"17307","TSPAN16","Exc L4-5 RORB IL1RAPL2",0.0513095315981598,0.249522595382046,0.193252397774449,0.660797541469269,0.879273491314881,0.879273491314881,"social_isolation_avg"
"17308","RAB3D","Exc L4-5 RORB IL1RAPL2",0.097584718848825,3.77460571030706,7.62906901747276,0.00639386056224256,0.0762788371363124,0.0762788371363124,"social_isolation_avg"
"17309","CCDC159","Exc L4-5 RORB IL1RAPL2",0.0499235457851965,3.05766742795103,1.23648248918823,0.267764694772908,0.59787299856009,0.59787299856009,"social_isolation_avg"
"17310","PLPPR2","Exc L4-5 RORB IL1RAPL2",-0.012042342641978,4.56953426628258,0.15098108380575,0.698099575130516,0.898309443759827,0.898309443759827,"social_isolation_avg"
"17311","AC024575.1","Exc L4-5 RORB IL1RAPL2",-0.0566275500030821,-0.122285006200522,0.176813517990714,0.674672215174558,0.885853595671414,0.885853595671414,"social_isolation_avg"
"17312","SWSAP1","Exc L4-5 RORB IL1RAPL2",-0.0538126442646815,0.714211397871686,0.288867016476803,0.734745151629544,0.91516949422438,0.91516949422438,"social_isolation_avg"
"17313","EPOR","Exc L4-5 RORB IL1RAPL2",-0.103846317303822,1.6859978182691,3.18593195224371,0.076108553857333,0.316483975901934,0.316483975901934,"social_isolation_avg"
"17314","RGL3","Exc L4-5 RORB IL1RAPL2",0.0340074777460078,0.208803440785085,0.0850190036192106,0.770973219593902,0.932360531397057,0.932360531397057,"social_isolation_avg"
"17315","CCDC151","Exc L4-5 RORB IL1RAPL2",0.0339685416865155,2.20719704904831,0.397407564468153,0.529301698589087,0.806743792412124,0.806743792412124,"social_isolation_avg"
"17316","PRKCSH","Exc L4-5 RORB IL1RAPL2",-0.0158187595353586,4.85689340263979,0.379795548486994,0.538560440456251,0.811882210176405,0.811882210176405,"social_isolation_avg"
"17317","ELAVL3","Exc L4-5 RORB IL1RAPL2",0.0166657983675888,7.7030138017619,0.513140010280189,0.47479354643675,0.768680473357555,0.768680473357555,"social_isolation_avg"
"17318","ECSIT","Exc L4-5 RORB IL1RAPL2",0.00920600621680725,5.01607574802096,0.130431192134547,0.71844655153444,0.908125272335036,0.908125272335036,"social_isolation_avg"
"17319","CNN1","Exc L4-5 RORB IL1RAPL2",-0.165953444339521,0.638385846828496,3.05791136196284,0.102784048012952,0.371289825095018,0.371289825095018,"social_isolation_avg"
"17320","ELOF1","Exc L4-5 RORB IL1RAPL2",-0.0572049473302323,4.16929047398132,3.60307842679954,0.0594155259949565,0.277352486099916,0.277352486099916,"social_isolation_avg"
"17321","ZNF627","Exc L4-5 RORB IL1RAPL2",-0.00212714448983676,3.18334634467816,0.00244903610846776,0.960590356098197,0.992103172911244,0.992103172911244,"social_isolation_avg"
"17322","AC008543.1","Exc L4-5 RORB IL1RAPL2",-0.120230741720999,2.69348183080064,5.78818990853954,0.0172375996345573,0.136022117761912,0.136022117761912,"social_isolation_avg"
"17323","ZNF823","Exc L4-5 RORB IL1RAPL2",0.0595337010800469,3.05246521579207,1.52249689269036,0.218993535377682,0.539268037866725,0.539268037866725,"social_isolation_avg"
"17324","ZNF441","Exc L4-5 RORB IL1RAPL2",0.0137786369258441,3.73992732899643,0.12660103204088,0.722436246478082,0.909704260589098,0.909704260589098,"social_isolation_avg"
"17325","ZNF491","Exc L4-5 RORB IL1RAPL2",-0.0475387909973368,2.35132075504355,0.639337142449777,0.425098458880333,0.731207994588617,0.731207994588617,"social_isolation_avg"
"17326","ZNF440","Exc L4-5 RORB IL1RAPL2",0.0158213842480821,3.6354815056197,0.18530106294637,0.667417359193222,0.882967686567959,0.882967686567959,"social_isolation_avg"
"17327","ZNF439","Exc L4-5 RORB IL1RAPL2",0.0116924946988675,5.01368663580928,0.163792159621413,0.686212125712448,0.891745853750359,0.891745853750359,"social_isolation_avg"
"17328","ZNF69","Exc L4-5 RORB IL1RAPL2",-0.0129526258741079,4.20062022706917,0.105628082065121,0.745588460326195,0.920840682626105,0.920840682626105,"social_isolation_avg"
"17329","AC008770.2","Exc L4-5 RORB IL1RAPL2",0.0134252255524526,2.40897520248641,0.0906874211272321,0.810981137178594,0.949509944621593,0.949509944621593,"social_isolation_avg"
"17330","ZNF763","Exc L4-5 RORB IL1RAPL2",-0.0215909756465377,1.03052929419758,0.0673564347118735,0.879041669746159,0.971919007001401,0.971919007001401,"social_isolation_avg"
"17331","ZNF433","Exc L4-5 RORB IL1RAPL2",-0.0486606007326095,1.12856252223556,0.413682552903471,0.80793491085453,0.947674443511163,0.947674443511163,"social_isolation_avg"
"17332","ZNF844","Exc L4-5 RORB IL1RAPL2",0.0144186873980376,2.24471372363039,0.07139262268278,0.789652883734983,0.940375607517616,0.940375607517616,"social_isolation_avg"
"17333","ZNF788P","Exc L4-5 RORB IL1RAPL2",-0.213101103488609,2.10046848129172,7.54287162060386,0.00669270725051021,0.0786050365530128,0.0786050365530128,"social_isolation_avg"
"17334","ZNF20","Exc L4-5 RORB IL1RAPL2",0.0322434752060416,1.51597510261803,0.240192339092388,0.624717094436208,0.859968871868133,0.859968871868133,"social_isolation_avg"
"17335","ZNF136","Exc L4-5 RORB IL1RAPL2",-0.00825600721183824,3.64548009185965,0.0359001385369521,0.849954323580964,0.961873912835597,0.961873912835597,"social_isolation_avg"
"17336","ZNF44","Exc L4-5 RORB IL1RAPL2",-0.0010842746177247,4.96842971743166,0.00193290896648707,0.964985478962169,0.993640457161603,0.993640457161603,"social_isolation_avg"
"17337","ZNF563","Exc L4-5 RORB IL1RAPL2",0.0637483704481717,2.65536047115904,2.136625498711,0.145716418399919,0.441012423790737,0.441012423790737,"social_isolation_avg"
"17338","ZNF442","Exc L4-5 RORB IL1RAPL2",0.0324173656098598,0.709569511897288,0.116476155318811,0.74921136328008,0.922531337646578,0.922531337646578,"social_isolation_avg"
"17339","AC008758.4","Exc L4-5 RORB IL1RAPL2",0.116523899833319,1.78336434500589,2.46318656070437,0.118454417750199,0.396990149723847,0.396990149723847,"social_isolation_avg"
"17340","AC008758.5","Exc L4-5 RORB IL1RAPL2",0.194420069157969,2.68095258380825,13.9261229826202,0.000261140660340178,0.0101877163593742,0.0101877163593742,"social_isolation_avg"
"17341","AC008758.6","Exc L4-5 RORB IL1RAPL2",0.0614934373643121,3.69315308102446,1.55218071790404,0.214576750520224,0.533860183641442,0.533860183641442,"social_isolation_avg"
"17342","AC008758.2","Exc L4-5 RORB IL1RAPL2",-0.011004305747382,-0.103894078021232,0.0100198257302132,0.920386967509439,0.983378045753351,0.983378045753351,"social_isolation_avg"
"17343","AC008758.1","Exc L4-5 RORB IL1RAPL2",0.1511732861285,1.42475794689978,4.76724425499566,0.0304158673538645,0.189620634663087,0.189620634663087,"social_isolation_avg"
"17344","AC010422.6","Exc L4-5 RORB IL1RAPL2",0.032861626314186,4.04488591366015,0.83126074561045,0.363235963043433,0.68280651265029,0.68280651265029,"social_isolation_avg"
"17345","ZNF490","Exc L4-5 RORB IL1RAPL2",0.0732871643371426,3.93520384592467,4.85149351704568,0.0290060628518929,0.1839838133492,0.1839838133492,"social_isolation_avg"
"17346","ZNF791","Exc L4-5 RORB IL1RAPL2",0.0113566976857117,5.21081915672014,0.253805642819417,0.615078832210193,0.854095595497509,0.854095595497509,"social_isolation_avg"
"17347","MAN2B1","Exc L4-5 RORB IL1RAPL2",0.0720017519068982,3.4861542951569,3.71122898931577,0.0557632174191202,0.267858805988112,0.267858805988112,"social_isolation_avg"
"17348","WDR83","Exc L4-5 RORB IL1RAPL2",-0.0330454268172622,3.37404223250051,0.810806112329241,0.52172087447235,0.802207419140698,0.802207419140698,"social_isolation_avg"
"17349","DHPS","Exc L4-5 RORB IL1RAPL2",-0.0745251204695369,4.19730119542741,7.34475647757547,0.00743549580908145,0.0834698492909364,0.0834698492909364,"social_isolation_avg"
"17350","AC010422.2","Exc L4-5 RORB IL1RAPL2",0.0894429768454079,1.98030362442557,2.52811024605479,0.113744849559886,0.38932096572406,0.38932096572406,"social_isolation_avg"
"17351","FBXW9","Exc L4-5 RORB IL1RAPL2",-0.00466406948036376,2.24289549830763,0.00968386667676212,0.92172863370404,0.983427396790068,0.983427396790068,"social_isolation_avg"
"17352","TNPO2","Exc L4-5 RORB IL1RAPL2",-0.0301796447726011,5.97430063870123,2.31163513963928,0.130319444868652,0.415463220953626,0.415463220953626,"social_isolation_avg"
"17353","TRIR","Exc L4-5 RORB IL1RAPL2",-0.092214522942176,5.01985901411612,12.3559056857999,0.000567360365190395,0.0162651901057083,0.0162651901057083,"social_isolation_avg"
"17354","ASNA1","Exc L4-5 RORB IL1RAPL2",-0.169661774774174,3.54704076371478,16.3393569254344,8.100597384387e-05,0.00499255384723083,0.00499255384723083,"social_isolation_avg"
"17355","HOOK2","Exc L4-5 RORB IL1RAPL2",-0.00241097848180377,6.2880515190253,0.00671388741236451,0.934794899031065,0.986842461541563,0.986842461541563,"social_isolation_avg"
"17356","JUNB","Exc L4-5 RORB IL1RAPL2",-0.0496407416300387,2.92818378069225,0.496346925891035,0.482101083542742,0.774809700306822,0.774809700306822,"social_isolation_avg"
"17357","AC018761.2","Exc L4-5 RORB IL1RAPL2",0.0503135695546895,-0.14313289363369,0.114490309910531,0.735518164019121,0.915454491606748,0.915454491606748,"social_isolation_avg"
"17358","THSD8","Exc L4-5 RORB IL1RAPL2",0.130195440900941,1.29371455246263,4.07744093681594,0.0450752375769483,0.237832841660189,0.237832841660189,"social_isolation_avg"
"17359","RNASEH2A","Exc L4-5 RORB IL1RAPL2",-0.303261527330952,-0.315681706513874,4.57553399305375,0.0338997804030607,0.201455109816708,0.201455109816708,"social_isolation_avg"
"17360","MAST1","Exc L4-5 RORB IL1RAPL2",-0.0227227895073863,7.38042861641663,2.24369450044946,0.136067292601283,0.424793827529049,0.424793827529049,"social_isolation_avg"
"17361","DNASE2","Exc L4-5 RORB IL1RAPL2",-0.0883489843409459,1.54130591161033,1.82869629339305,0.419456011565182,0.726670923856455,0.726670923856455,"social_isolation_avg"
"17362","GCDH","Exc L4-5 RORB IL1RAPL2",0.0513752783484844,3.93777682502353,2.63398226957908,0.10650469498674,0.37737365802324,0.37737365802324,"social_isolation_avg"
"17363","SYCE2","Exc L4-5 RORB IL1RAPL2",0.176517248875215,1.67174278602553,6.15663217376875,0.0140922805812299,0.12005404812132,0.12005404812132,"social_isolation_avg"
"17364","FARSA","Exc L4-5 RORB IL1RAPL2",-0.0888497753735112,4.59968012484824,12.912347881787,0.000430365558004846,0.0138958135204943,0.0138958135204943,"social_isolation_avg"
"17365","CALR","Exc L4-5 RORB IL1RAPL2",-0.0688532106099766,4.40808654194404,3.19654451440854,0.0756259638412085,0.314902918538624,0.314902918538624,"social_isolation_avg"
"17366","AC092069.1","Exc L4-5 RORB IL1RAPL2",-0.144153691566343,0.260608266546137,1.25102288470641,0.264980032309506,0.595308381777269,0.595308381777269,"social_isolation_avg"
"17367","RAD23A","Exc L4-5 RORB IL1RAPL2",-0.0419661141368436,5.4162873504678,3.27139013353221,0.0723152142390191,0.308420027453417,0.308420027453417,"social_isolation_avg"
"17368","GADD45GIP1","Exc L4-5 RORB IL1RAPL2",-0.206115747811588,3.90925776529193,17.4491367517838,4.76709404889876e-05,0.00359355324698061,0.00359355324698061,"social_isolation_avg"
"17369","DAND5","Exc L4-5 RORB IL1RAPL2",0.216059967549626,-0.0460468453704338,2.82041543194898,0.0949614859475284,0.356749018609347,0.356749018609347,"social_isolation_avg"
"17370","NFIX","Exc L4-5 RORB IL1RAPL2",-0.0152355517427683,7.85003986426183,0.523953761179062,0.47018314067131,0.765144508870891,0.765144508870891,"social_isolation_avg"
"17371","TRMT1","Exc L4-5 RORB IL1RAPL2",0.0353492787169747,4.29616049860769,1.26227465564367,0.262850033494714,0.59257550533873,0.59257550533873,"social_isolation_avg"
"17372","NACC1","Exc L4-5 RORB IL1RAPL2",0.000638586402785163,4.31113079435632,0.000439593841720561,0.983297671717302,0.998104852196972,0.998104852196972,"social_isolation_avg"
"17373","STX10","Exc L4-5 RORB IL1RAPL2",-0.047320874072224,3.60713946287092,1.54464900512492,0.21568723021526,0.535004992514805,0.535004992514805,"social_isolation_avg"
"17374","IER2","Exc L4-5 RORB IL1RAPL2",0.00577711252582694,2.9937224368164,0.0157193825957978,0.900377481495137,0.97797533648335,0.97797533648335,"social_isolation_avg"
"17375","CACNA1A","Exc L4-5 RORB IL1RAPL2",0.0647456316256119,9.73491086660734,19.7469332298004,1.61401475995634e-05,0.00188577812822452,0.00188577812822452,"social_isolation_avg"
"17376","CCDC130","Exc L4-5 RORB IL1RAPL2",0.0268220417378526,5.02212737577838,1.34369335024124,0.248055475558144,0.574094118616753,0.574094118616753,"social_isolation_avg"
"17377","MRI1","Exc L4-5 RORB IL1RAPL2",0.0288838512735672,4.59248218220666,0.508230102556915,0.476911220110173,0.77039504787028,0.77039504787028,"social_isolation_avg"
"17378","AC008686.1","Exc L4-5 RORB IL1RAPL2",0.0705298080221534,0.205729092335268,0.280220694864388,0.59726680249042,0.844756295482587,0.844756295482587,"social_isolation_avg"
"17379","C19orf53","Exc L4-5 RORB IL1RAPL2",-0.195033316494714,3.98689269434542,18.3996236547546,3.03861887016169e-05,0.00279095668166648,0.00279095668166648,"social_isolation_avg"
"17380","ZSWIM4","Exc L4-5 RORB IL1RAPL2",0.0452861071544908,3.1273200287238,0.719445867302017,0.397552314732984,0.71151034308199,0.71151034308199,"social_isolation_avg"
"17381","NANOS3","Exc L4-5 RORB IL1RAPL2",-0.0159486598780796,3.42574669912037,0.204268848584289,0.651889500017293,0.874222214886045,0.874222214886045,"social_isolation_avg"
"17382","C19orf57","Exc L4-5 RORB IL1RAPL2",0.0747036187596739,2.84157033673432,2.48058043488008,0.117171713181666,0.395399676317159,0.395399676317159,"social_isolation_avg"
"17383","CC2D1A","Exc L4-5 RORB IL1RAPL2",0.0662184416167453,6.33342421301372,6.32964575976223,0.0128273782440034,0.11389339453533,0.11389339453533,"social_isolation_avg"
"17384","PODNL1","Exc L4-5 RORB IL1RAPL2",0.266614626815797,0.155200313285612,5.95318086947746,0.0157473041999302,0.127713134490733,0.127713134490733,"social_isolation_avg"
"17385","DCAF15","Exc L4-5 RORB IL1RAPL2",-0.0115008686182954,3.13423831522441,0.0645040866630554,0.799829323819174,0.943842499437607,0.943842499437607,"social_isolation_avg"
"17386","RFX1","Exc L4-5 RORB IL1RAPL2",0.0390229191710322,4.97493459882414,3.318769983807,0.0703007133603003,0.303620131816992,0.303620131816992,"social_isolation_avg"
"17387","IL27RA","Exc L4-5 RORB IL1RAPL2",0.0362350508965475,2.33631985199373,0.424422060929818,0.757061498719859,0.926328023011811,0.926328023011811,"social_isolation_avg"
"17388","PALM3","Exc L4-5 RORB IL1RAPL2",0.0828903917777111,0.695600419256206,0.882832130392192,0.348798134812021,0.671032995300279,0.671032995300279,"social_isolation_avg"
"17389","MISP3","Exc L4-5 RORB IL1RAPL2",-0.0450163206031533,3.24197128565976,0.904871949773432,0.342867541021988,0.665510539975076,0.665510539975076,"social_isolation_avg"
"17390","SAMD1","Exc L4-5 RORB IL1RAPL2",-0.170452473805044,3.65042722944572,14.0418979431141,0.000246735346395226,0.00975326559652103,0.00975326559652103,"social_isolation_avg"
"17391","PRKACA","Exc L4-5 RORB IL1RAPL2",-0.0106203319211064,5.62078246907428,0.327624464398982,0.567838923530853,0.828061493141018,0.828061493141018,"social_isolation_avg"
"17392","ASF1B","Exc L4-5 RORB IL1RAPL2",0.182022214823281,0.0164488428667251,2.318815169438,0.129728146595974,0.414696107744962,0.414696107744962,"social_isolation_avg"
"17393","AC022098.1","Exc L4-5 RORB IL1RAPL2",-0.0896424020017614,1.94051200534982,2.16621512583243,0.142974393652421,0.436879826093494,0.436879826093494,"social_isolation_avg"
"17394","ADGRL1","Exc L4-5 RORB IL1RAPL2",0.0205083571270347,7.19593981330599,1.14830533190114,0.285466263264048,0.616677587212976,0.616677587212976,"social_isolation_avg"
"17395","AC011509.2","Exc L4-5 RORB IL1RAPL2",0.198765980738215,2.23237606370723,12.423198035546,0.000548665789874407,0.015897864334171,0.015897864334171,"social_isolation_avg"
"17396","LINC01841","Exc L4-5 RORB IL1RAPL2",-0.0254428061445819,0.959554630288632,0.0881125244673749,0.766963211103635,0.930696973775301,0.930696973775301,"social_isolation_avg"
"17397","ADGRE5","Exc L4-5 RORB IL1RAPL2",0.00166222526622259,0.686499124942562,0.000259946492576362,0.987155823114607,0.998448459354866,0.998448459354866,"social_isolation_avg"
"17398","DDX39A","Exc L4-5 RORB IL1RAPL2",-0.00506362925897566,2.6152891341201,0.00946146500033452,0.922629771110703,0.983585629113706,0.983585629113706,"social_isolation_avg"
"17399","PKN1","Exc L4-5 RORB IL1RAPL2",-0.012014090485302,3.74042124080032,0.0763904404767396,0.782595189868537,0.937472191763777,0.937472191763777,"social_isolation_avg"
"17400","GIPC1","Exc L4-5 RORB IL1RAPL2",0.0567043994549504,5.37468334221134,3.44111748416731,0.0653737462019381,0.291180944417813,0.291180944417813,"social_isolation_avg"
"17401","DNAJB1","Exc L4-5 RORB IL1RAPL2",-0.182606673986724,4.93633267965049,21.1310557835265,8.48197578735892e-06,0.00119653743170304,0.00119653743170304,"social_isolation_avg"
"17402","TECR","Exc L4-5 RORB IL1RAPL2",-0.0617256409783224,5.08123318346534,5.48437962244593,0.0203792797048101,0.149862553942756,0.149862553942756,"social_isolation_avg"
"17403","NDUFB7","Exc L4-5 RORB IL1RAPL2",-0.223803102388145,3.98439236262664,31.5916701266087,7.92828483518257e-08,0.000108322552969804,0.000108322552969804,"social_isolation_avg"
"17404","ADGRE3","Exc L4-5 RORB IL1RAPL2",0.127240905672044,1.21979803821034,3.06413613218608,0.0818930143351232,0.32895316318561,0.32895316318561,"social_isolation_avg"
"17405","ZNF333","Exc L4-5 RORB IL1RAPL2",0.0519205974024583,4.44104984093005,4.20229408991154,0.0419490536779432,0.228539603985132,0.228539603985132,"social_isolation_avg"
"17406","SLC1A6","Exc L4-5 RORB IL1RAPL2",-0.14277580837755,3.13596565971242,12.2586875350789,0.000595523943336533,0.0167677210295693,0.0167677210295693,"social_isolation_avg"
"17407","ILVBL","Exc L4-5 RORB IL1RAPL2",-0.0799349344259142,3.00978508807791,4.00741356878784,0.0469362516561039,0.243540076337645,0.243540076337645,"social_isolation_avg"
"17408","NOTCH3","Exc L4-5 RORB IL1RAPL2",-0.0964254906876409,-0.0130263281824995,0.590768416266766,0.443218886404491,0.745236341389796,0.745236341389796,"social_isolation_avg"
"17409","BRD4","Exc L4-5 RORB IL1RAPL2",-0.015116231055827,6.82376379965682,0.994485343195511,0.320106183471025,0.647320409666185,0.647320409666185,"social_isolation_avg"
"17410","AKAP8","Exc L4-5 RORB IL1RAPL2",0.0236652852078727,4.56874806594304,0.668000438495681,0.414926085656328,0.724245061504002,0.724245061504002,"social_isolation_avg"
"17411","AKAP8L","Exc L4-5 RORB IL1RAPL2",0.0857372394042294,6.79383991836179,17.9958574159375,3.67771151111999e-05,0.00310651694204916,0.00310651694204916,"social_isolation_avg"
"17412","WIZ","Exc L4-5 RORB IL1RAPL2",-0.0465969771334336,3.04265874458807,1.28119575174669,0.25931619088184,0.588170899985051,0.588170899985051,"social_isolation_avg"
"17413","PGLYRP2","Exc L4-5 RORB IL1RAPL2",0.0938993050519322,0.716788536134007,1.01353175398191,0.315529674781643,0.643791637580957,0.643791637580957,"social_isolation_avg"
"17414","CYP4F22","Exc L4-5 RORB IL1RAPL2",0.176824057133162,0.0587621698404803,2.01617113745433,0.15751440885407,0.457456658469356,0.457456658469356,"social_isolation_avg"
"17415","CYP4F3","Exc L4-5 RORB IL1RAPL2",-0.0859133430014207,0.273243216977083,0.382451047344502,0.537145615367248,0.810815358762785,0.810815358762785,"social_isolation_avg"
"17416","AC004597.1","Exc L4-5 RORB IL1RAPL2",-0.0932281557250034,0.264360185673739,0.166624369810519,0.683657697110861,0.89056711098345,0.89056711098345,"social_isolation_avg"
"17417","CYP4F2","Exc L4-5 RORB IL1RAPL2",-0.15558212254622,-0.69139671252524,0.569839267547476,0.451396976481384,0.752180227894597,0.752180227894597,"social_isolation_avg"
"17418","TPM4","Exc L4-5 RORB IL1RAPL2",-0.0183489707582396,5.35870641289603,0.592877463525565,0.442407580525614,0.744728679429754,0.744728679429754,"social_isolation_avg"
"17419","RAB8A","Exc L4-5 RORB IL1RAPL2",-0.0490078258259643,2.97685741514942,1.36583085515053,0.244212185283377,0.569266817512231,0.569266817512231,"social_isolation_avg"
"17420","HSH2D","Exc L4-5 RORB IL1RAPL2",0.266306089137416,0.123724670934835,6.53744993726706,0.0114624066854392,0.106588948592235,0.106588948592235,"social_isolation_avg"
"17421","FAM32A","Exc L4-5 RORB IL1RAPL2",-0.154257689406203,3.77305820578613,23.4301300128332,2.95423702612134e-06,0.000576258956404556,0.000576258956404556,"social_isolation_avg"
"17422","AP1M1","Exc L4-5 RORB IL1RAPL2",-0.0221259768025584,5.63282549451327,1.22397385639824,0.270189695695551,0.599960008479699,0.599960008479699,"social_isolation_avg"
"17423","AC020911.2","Exc L4-5 RORB IL1RAPL2",0.0941483224763908,3.29622082448509,2.27319781583133,0.133536906468158,0.420616353762065,0.420616353762065,"social_isolation_avg"
"17424","KLF2","Exc L4-5 RORB IL1RAPL2",-0.0501032244656024,0.934946335428035,0.293752856557664,0.794046199336688,0.942443216133168,0.942443216133168,"social_isolation_avg"
"17425","AC020917.3","Exc L4-5 RORB IL1RAPL2",-0.00105087640745406,-0.0886514939804266,1.56790066179313e-05,0.996845421377515,0.999517208019121,0.999517208019121,"social_isolation_avg"
"17426","EPS15L1","Exc L4-5 RORB IL1RAPL2",0.0605753807654707,6.76604166158284,12.2298208519554,0.000604158329090017,0.0169855568272098,0.0169855568272098,"social_isolation_avg"
"17427","AC020917.2","Exc L4-5 RORB IL1RAPL2",0.144934442044108,-0.225273689686096,0.970607519640965,0.325968573897602,0.652730594424439,0.652730594424439,"social_isolation_avg"
"17428","AC008764.1","Exc L4-5 RORB IL1RAPL2",0.1057655528085,2.09056742461939,3.55693982874971,0.0610510217803101,0.281172482859903,0.281172482859903,"social_isolation_avg"
"17429","C19orf44","Exc L4-5 RORB IL1RAPL2",0.029117514852907,3.33203849906682,0.541070085883399,0.548520508904498,0.816327124697127,0.816327124697127,"social_isolation_avg"
"17430","AC008764.6","Exc L4-5 RORB IL1RAPL2",0.0514441739944224,0.668865493130344,0.400762586389267,0.527570536625523,0.805949343155566,0.805949343155566,"social_isolation_avg"
"17431","AC008764.8","Exc L4-5 RORB IL1RAPL2",-0.134404902863531,2.05828212469955,4.91369166505134,0.0280094511605039,0.180199532610641,0.180199532610641,"social_isolation_avg"
"17432","AC008764.2","Exc L4-5 RORB IL1RAPL2",0.137410660847881,-0.338852343588361,0.909973050600092,0.35105405609769,0.671906212533577,0.671906212533577,"social_isolation_avg"
"17433","AC024075.3","Exc L4-5 RORB IL1RAPL2",0.169633810658558,0.465224248089986,2.5340613519698,0.113323691410196,0.388612772612447,0.388612772612447,"social_isolation_avg"
"17434","TMEM38A","Exc L4-5 RORB IL1RAPL2",0.00290583376934321,5.9124778458217,0.0101534423915298,0.91985968951924,0.983247337638765,0.983247337638765,"social_isolation_avg"
"17435","NWD1","Exc L4-5 RORB IL1RAPL2",0.0719339191310916,1.80148828871585,0.967292212105888,0.326793788738775,0.653367542552925,0.653367542552925,"social_isolation_avg"
"17436","SIN3B","Exc L4-5 RORB IL1RAPL2",-0.00602699365367838,6.19448327123311,0.0642492609322842,0.800216645149065,0.944064044323822,0.944064044323822,"social_isolation_avg"
"17437","CPAMD8","Exc L4-5 RORB IL1RAPL2",-0.10769893749149,0.953211711111645,1.45035749325218,0.255802851496572,0.584264335244645,0.584264335244645,"social_isolation_avg"
"17438","HAUS8","Exc L4-5 RORB IL1RAPL2",0.141510959396022,2.16544983886733,7.70027919021056,0.00615737415563565,0.0746119601809503,0.0746119601809503,"social_isolation_avg"
"17439","AC020908.1","Exc L4-5 RORB IL1RAPL2",0.0854028537277737,-0.671704351721753,0.217157148013523,0.888178024645684,0.974102504307964,0.974102504307964,"social_isolation_avg"
"17440","MYO9B","Exc L4-5 RORB IL1RAPL2",0.0944286779428157,5.89512848591398,12.9542406307429,0.000421530416474295,0.0137017227800356,0.0137017227800356,"social_isolation_avg"
"17441","AC020913.1","Exc L4-5 RORB IL1RAPL2",0.309840874839551,-0.0590008824348578,6.50705995270924,0.0125313863314096,0.111948234549859,0.111948234549859,"social_isolation_avg"
"17442","USE1","Exc L4-5 RORB IL1RAPL2",-0.0692567385443231,3.38272833629642,3.05480013599765,0.0823557443129822,0.329998525655641,0.329998525655641,"social_isolation_avg"
"17443","OCEL1","Exc L4-5 RORB IL1RAPL2",-0.115917239612786,2.42161295035923,4.31803070048858,0.0392561566187261,0.219526565191545,0.219526565191545,"social_isolation_avg"
"17444","NR2F6","Exc L4-5 RORB IL1RAPL2",-0.124869955550987,3.66240918582163,9.4053429147176,0.00252830229428601,0.0430973042434105,0.0430973042434105,"social_isolation_avg"
"17445","USHBP1","Exc L4-5 RORB IL1RAPL2",-0.00320181119900412,2.63434624579665,0.00424544350540566,0.948127677306631,0.988740948001749,0.988740948001749,"social_isolation_avg"
"17446","ANKLE1","Exc L4-5 RORB IL1RAPL2",-0.0655484400437073,0.917433329367375,0.551344970868349,0.544247572075049,0.814254339165327,0.814254339165327,"social_isolation_avg"
"17447","ABHD8","Exc L4-5 RORB IL1RAPL2",-0.00624165546496478,5.94451632751241,0.0777104916123544,0.780772839184956,0.936857406361595,0.936857406361595,"social_isolation_avg"
"17448","MRPL34","Exc L4-5 RORB IL1RAPL2",-0.0735778630946465,4.38374832280761,5.03150943329663,0.0262189873792045,0.173336638784741,0.173336638784741,"social_isolation_avg"
"17449","DDA1","Exc L4-5 RORB IL1RAPL2",-0.05896074625635,4.10891996216685,3.58081396670572,0.0601987913125004,0.279720366017637,0.279720366017637,"social_isolation_avg"
"17450","ANO8","Exc L4-5 RORB IL1RAPL2",0.0627081409351565,4.41366592114717,2.51530048660475,0.114657310927769,0.390888464876455,0.390888464876455,"social_isolation_avg"
"17451","GTPBP3","Exc L4-5 RORB IL1RAPL2",0.00650044683998099,3.20926816609821,0.0297791635182018,0.863203373046444,0.965740698866505,0.965740698866505,"social_isolation_avg"
"17452","PLVAP","Exc L4-5 RORB IL1RAPL2",0.0658028074720632,-0.189307376179229,0.249388293820078,0.761656283084796,0.928862296632126,0.928862296632126,"social_isolation_avg"
"17453","MVB12A","Exc L4-5 RORB IL1RAPL2",-0.0155930276093701,2.50485733500275,0.0967689888589109,0.756133925237665,0.925767438813373,0.925767438813373,"social_isolation_avg"
"17454","AC010319.4","Exc L4-5 RORB IL1RAPL2",0.132979996498489,1.12785123621194,2.44439007876412,0.119858194169044,0.398570806785201,0.398570806785201,"social_isolation_avg"
"17455","TMEM221","Exc L4-5 RORB IL1RAPL2",-0.0627996906060423,0.185956487342197,0.29878153534602,0.58538439062821,0.839051959392211,0.839051959392211,"social_isolation_avg"
"17456","SLC27A1","Exc L4-5 RORB IL1RAPL2",0.0723158037989747,5.18356201654573,7.99066883446334,0.00528260286842781,0.0675022395664177,0.0675022395664177,"social_isolation_avg"
"17457","AC010618.3","Exc L4-5 RORB IL1RAPL2",0.0787760695631111,4.25509727658562,5.97517186685799,0.0155590511823954,0.126809799125828,0.126809799125828,"social_isolation_avg"
"17458","PGLS","Exc L4-5 RORB IL1RAPL2",-0.0379953423209334,2.98477091336902,0.746545164969277,0.388824314789407,0.704081238408495,0.704081238408495,"social_isolation_avg"
"17459","FAM129C","Exc L4-5 RORB IL1RAPL2",0.0983082216685542,1.49603840871112,1.76320033195625,0.18605656379279,0.49452215637419,0.49452215637419,"social_isolation_avg"
"17460","COLGALT1","Exc L4-5 RORB IL1RAPL2",0.0475113906584542,4.13552555877248,3.45353067434391,0.0648950754640703,0.290210286659341,0.290210286659341,"social_isolation_avg"
"17461","UNC13A","Exc L4-5 RORB IL1RAPL2",-0.00821070066305997,7.14919005654748,0.140263519881734,0.708499204187954,0.903417885482085,0.903417885482085,"social_isolation_avg"
"17462","MAP1S","Exc L4-5 RORB IL1RAPL2",-0.077564038838497,4.61488920076259,7.94051438978513,0.00542399522606512,0.0686470994464068,0.0686470994464068,"social_isolation_avg"
"17463","AC008761.1","Exc L4-5 RORB IL1RAPL2",-0.0529451091941168,1.04001052427231,0.376129722273415,0.717425779969874,0.907582558359927,0.907582558359927,"social_isolation_avg"
"17464","FCHO1","Exc L4-5 RORB IL1RAPL2",0.0535969863171935,5.00948805818783,3.56902271586014,0.0606180929945908,0.280298935882379,0.280298935882379,"social_isolation_avg"
"17465","INSL3","Exc L4-5 RORB IL1RAPL2",0.204694274010305,-0.121873880792603,2.47290620030179,0.117735727775663,0.396511034071482,0.396511034071482,"social_isolation_avg"
"17466","JAK3","Exc L4-5 RORB IL1RAPL2",0.0496088221876007,3.27345846356204,1.45820724720962,0.228940583805904,0.55097745944944,0.55097745944944,"social_isolation_avg"
"17467","RPL18A","Exc L4-5 RORB IL1RAPL2",-0.322956027523354,1.35810785245573,7.33137389117951,0.00748864378883179,0.0838914322844797,0.0838914322844797,"social_isolation_avg"
"17468","SLC5A5","Exc L4-5 RORB IL1RAPL2",-0.0703781761264004,-0.125267266493354,0.294457024753245,0.588109302125937,0.840010352191718,0.840010352191718,"social_isolation_avg"
"17469","CCDC124","Exc L4-5 RORB IL1RAPL2",-0.094277244780362,4.04604537164973,7.09316027400422,0.00850329173590618,0.0894831940684543,0.0894831940684543,"social_isolation_avg"
"17470","KCNN1","Exc L4-5 RORB IL1RAPL2",0.0316974350997986,4.55292028955066,1.21891858080447,0.271177575764639,0.600639263834833,0.600639263834833,"social_isolation_avg"
"17471","ARRDC2","Exc L4-5 RORB IL1RAPL2",0.00896759480698841,2.10646961338047,0.0266344142722037,0.870559902910745,0.968078984600306,0.968078984600306,"social_isolation_avg"
"17472","IL12RB1","Exc L4-5 RORB IL1RAPL2",0.145118335873265,0.638488317678943,2.66091018501974,0.104745683324154,0.37479067212109,0.37479067212109,"social_isolation_avg"
"17473","MAST3","Exc L4-5 RORB IL1RAPL2",-0.0371024135888972,6.66327759383012,2.29189426818786,0.131960853186708,0.418089635489903,0.418089635489903,"social_isolation_avg"
"17474","AC007192.2","Exc L4-5 RORB IL1RAPL2",0.0102221014237162,2.78410145026373,0.0117361033155204,0.913862700512696,0.981668613012071,0.981668613012071,"social_isolation_avg"
"17475","MPV17L2","Exc L4-5 RORB IL1RAPL2",-0.103299077390977,0.994624264774204,1.64423357170838,0.226467471866254,0.547965605648558,0.547965605648558,"social_isolation_avg"
"17476","RAB3A","Exc L4-5 RORB IL1RAPL2",-0.167016409157484,6.5103731780756,21.4665704812901,7.26421752600041e-06,0.0010867059115933,0.0010867059115933,"social_isolation_avg"
"17477","AC005759.1","Exc L4-5 RORB IL1RAPL2",0.0405517182104227,0.269375781589899,0.121644340277509,0.727701718870999,0.91234452756733,0.91234452756733,"social_isolation_avg"
"17478","IQCN","Exc L4-5 RORB IL1RAPL2",0.0119433593118061,1.70192335068479,0.0188545669326612,0.890951350006107,0.974706512053996,0.974706512053996,"social_isolation_avg"
"17479","JUND","Exc L4-5 RORB IL1RAPL2",-0.0657975717247712,6.98644850630378,3.13593975786596,0.0784272710579624,0.321913602062419,0.321913602062419,"social_isolation_avg"
"17480","LSM4","Exc L4-5 RORB IL1RAPL2",-0.106239866120053,4.6949750342454,12.6931477392632,0.000479773540907674,0.0146889889441976,0.0146889889441976,"social_isolation_avg"
"17481","PGPEP1","Exc L4-5 RORB IL1RAPL2",0.0845667637849636,4.3377511307635,7.93528952820431,0.00543894742890354,0.0687903237314732,0.0687903237314732,"social_isolation_avg"
"17482","GDF15","Exc L4-5 RORB IL1RAPL2",0.145488117486173,-0.140497551093965,1.21175791918966,0.272584679988343,0.602028099691775,0.602028099691775,"social_isolation_avg"
"17483","SSBP4","Exc L4-5 RORB IL1RAPL2",-0.00420314011720406,5.69239529767423,0.0223014042356497,0.881470124405049,0.972627912762022,0.972627912762022,"social_isolation_avg"
"17484","ISYNA1","Exc L4-5 RORB IL1RAPL2",-0.0160520951815417,0.956768518767598,0.0270340841811043,0.869601051605167,0.967732474374979,0.967732474374979,"social_isolation_avg"
"17485","ELL","Exc L4-5 RORB IL1RAPL2",0.0192436006311201,4.36308831729334,0.355660913475659,0.551741824659288,0.818017298442698,0.818017298442698,"social_isolation_avg"
"17486","FKBP8","Exc L4-5 RORB IL1RAPL2",-0.104609581537895,7.12569429344946,13.6380393720714,0.000300823537266439,0.011041985685432,0.011041985685432,"social_isolation_avg"
"17487","KXD1","Exc L4-5 RORB IL1RAPL2",0.0175155003663408,4.03167070910566,0.36764584570846,0.545122085157832,0.814592347152008,0.814592347152008,"social_isolation_avg"
"17488","AC005253.1","Exc L4-5 RORB IL1RAPL2",0.0302588726042453,0.605428638234246,0.0810734869373567,0.776204304007013,0.935128042185923,0.935128042185923,"social_isolation_avg"
"17489","UBA52","Exc L4-5 RORB IL1RAPL2",-0.0867634249074418,5.07160587360512,8.06352395985642,0.00508394519416765,0.0660215010424475,0.0660215010424475,"social_isolation_avg"
"17490","CRLF1","Exc L4-5 RORB IL1RAPL2",-0.00532886399695528,3.77402705637334,0.00966185568339453,0.921817349792669,0.983427396790068,0.983427396790068,"social_isolation_avg"
"17491","REX1BD","Exc L4-5 RORB IL1RAPL2",-0.0395780775105042,5.2847409596568,1.25349183222412,0.264510808359133,0.594960652040318,0.594960652040318,"social_isolation_avg"
"17492","TMEM59L","Exc L4-5 RORB IL1RAPL2",-0.0602429745082053,6.78781802369679,5.07077644484833,0.0256492910882298,0.171064588184842,0.171064588184842,"social_isolation_avg"
"17493","KLHL26","Exc L4-5 RORB IL1RAPL2",-0.0515580982321411,3.12189300296853,1.91895294396458,0.167838655234514,0.471428259415985,0.471428259415985,"social_isolation_avg"
"17494","CRTC1","Exc L4-5 RORB IL1RAPL2",0.0330299321200608,6.44267427684267,3.68627084759256,0.0565841705143595,0.270088065162007,0.270088065162007,"social_isolation_avg"
"17495","UPF1","Exc L4-5 RORB IL1RAPL2",-0.0737068622548808,4.8101832842576,7.12220078036457,0.008372342054218,0.0888962312053079,0.0888962312053079,"social_isolation_avg"
"17496","COPE","Exc L4-5 RORB IL1RAPL2",-0.140812029096977,3.98675146750858,14.296303113453,0.000217858333361533,0.00911968479100345,0.00911968479100345,"social_isolation_avg"
"17497","DDX49","Exc L4-5 RORB IL1RAPL2",-0.0242675817875507,3.66461931946387,0.438550411706162,0.610444906901744,0.852117185969555,0.852117185969555,"social_isolation_avg"
"17498","SUGP2","Exc L4-5 RORB IL1RAPL2",0.00727354656772843,7.31692338572617,0.153304288995509,0.695901731315728,0.896762014453782,0.896762014453782,"social_isolation_avg"
"17499","ARMC6","Exc L4-5 RORB IL1RAPL2",-0.00118551404131686,3.16879133284018,0.0011936172809487,0.972481239885211,0.995695809287521,0.995695809287521,"social_isolation_avg"
"17500","SLC25A42","Exc L4-5 RORB IL1RAPL2",0.0121914112891925,5.40347526375635,0.265341752976144,0.607161987293484,0.849938694928689,0.849938694928689,"social_isolation_avg"
"17501","TMEM161A","Exc L4-5 RORB IL1RAPL2",-0.0230082172690308,4.27848789723029,0.506685367409203,0.477580669325334,0.7707526308687,0.7707526308687,"social_isolation_avg"
"17502","BORCS8-MEF2B","Exc L4-5 RORB IL1RAPL2",0.13689784663504,-0.166180100158286,1.03754339198236,0.30988203944269,0.639358755620171,0.639358755620171,"social_isolation_avg"
"17503","RFXANK","Exc L4-5 RORB IL1RAPL2",-0.0331892450957467,1.56826755299107,0.290489945279264,0.590631890402276,0.841643771524436,0.841643771524436,"social_isolation_avg"
"17504","NR2C2AP","Exc L4-5 RORB IL1RAPL2",0.0308896326538473,1.85994416958566,0.257506364711384,0.680308781117577,0.888219610822166,0.888219610822166,"social_isolation_avg"
"17505","NCAN","Exc L4-5 RORB IL1RAPL2",-0.0958271941251994,5.09027237983709,11.6480523120895,0.000808263306829482,0.0206723663422403,0.0206723663422403,"social_isolation_avg"
"17506","HAPLN4","Exc L4-5 RORB IL1RAPL2",0.00471827187232349,3.72083574074391,0.00555560165969447,0.940674095321175,0.987885432365559,0.987885432365559,"social_isolation_avg"
"17507","TM6SF2","Exc L4-5 RORB IL1RAPL2",-0.010059836069212,0.709016872321356,0.0116817931442698,0.914061455436748,0.981668613012071,0.981668613012071,"social_isolation_avg"
"17508","SUGP1","Exc L4-5 RORB IL1RAPL2",0.0490268918631904,4.77736722195955,3.26842780392476,0.0724432246602382,0.308646307992877,0.308646307992877,"social_isolation_avg"
"17509","MAU2","Exc L4-5 RORB IL1RAPL2",0.0395043435793512,5.44061227634605,3.47876482450724,0.0639336057681561,0.287658110141029,0.287658110141029,"social_isolation_avg"
"17510","GATAD2A","Exc L4-5 RORB IL1RAPL2",-0.0238868817634794,4.50295746384991,0.566175233033707,0.452852978622126,0.752608769950346,0.752608769950346,"social_isolation_avg"
"17511","NDUFA13","Exc L4-5 RORB IL1RAPL2",-0.648311274244309,-0.508224626885494,7.25649423630445,0.00779335164835941,0.0855821279968707,0.0855821279968707,"social_isolation_avg"
"17512","YJEFN3","Exc L4-5 RORB IL1RAPL2",-0.124904447246277,3.98618700636825,6.21821089001114,0.0136278435524339,0.117365693152299,0.117365693152299,"social_isolation_avg"
"17513","CILP2","Exc L4-5 RORB IL1RAPL2",-0.321372453486552,-0.422762108443367,4.04629560057983,0.0458930586331029,0.24053810592713,0.24053810592713,"social_isolation_avg"
"17514","PBX4","Exc L4-5 RORB IL1RAPL2",0.160087132723714,4.13233086017741,18.8539827330304,2.45300454096605e-05,0.00246680724889061,0.00246680724889061,"social_isolation_avg"
"17515","LPAR2","Exc L4-5 RORB IL1RAPL2",-0.0516563443915217,2.15063058843653,0.676624436581038,0.411936549736415,0.722135108426615,0.722135108426615,"social_isolation_avg"
"17516","GMIP","Exc L4-5 RORB IL1RAPL2",0.149893742859649,2.58429646122466,6.13080134865802,0.0142919719179641,0.120830384566488,0.120830384566488,"social_isolation_avg"
"17517","ATP13A1","Exc L4-5 RORB IL1RAPL2",0.0250754539669806,4.24690021069183,0.657768078832988,0.418515227433373,0.72615558168426,0.72615558168426,"social_isolation_avg"
"17518","ZNF101","Exc L4-5 RORB IL1RAPL2",-0.0126827760050344,2.35917734894091,0.0593304343021901,0.807859397223293,0.947674443511163,0.947674443511163,"social_isolation_avg"
"17519","ZNF14","Exc L4-5 RORB IL1RAPL2",0.0517304338812315,3.98032214634728,1.79225800662882,0.182489571262528,0.489071684994218,0.489071684994218,"social_isolation_avg"
"17520","LINC00663","Exc L4-5 RORB IL1RAPL2",0.0498981336835402,0.339451292600764,0.221721921222247,0.638351814776833,0.867201085917667,0.867201085917667,"social_isolation_avg"
"17521","AC011477.4","Exc L4-5 RORB IL1RAPL2",0.11571162297671,3.31305220967548,8.23602420801502,0.00464366908751363,0.0627576653458527,0.0627576653458527,"social_isolation_avg"
"17522","ZNF253","Exc L4-5 RORB IL1RAPL2",-0.0158617611364771,4.54460717030705,0.231763655837075,0.63085587885577,0.86339414711248,0.86339414711248,"social_isolation_avg"
"17523","ZNF93","Exc L4-5 RORB IL1RAPL2",-0.0566684957621846,2.38117011700726,1.07593379405779,0.301123975896242,0.632220011976563,0.632220011976563,"social_isolation_avg"
"17524","ZNF682","Exc L4-5 RORB IL1RAPL2",0.0275967728189051,4.0735310432084,0.460936764167712,0.498135983306358,0.785043185976966,0.785043185976966,"social_isolation_avg"
"17525","ZNF90","Exc L4-5 RORB IL1RAPL2",-0.0951125011328574,3.93830351160219,4.69467238251011,0.0316881031632017,0.194663281459926,0.194663281459926,"social_isolation_avg"
"17526","AC011447.3","Exc L4-5 RORB IL1RAPL2",0.016568879798958,4.35407832883231,0.124014428300559,0.725169223802909,0.910963144574084,0.910963144574084,"social_isolation_avg"
"17527","ZNF486","Exc L4-5 RORB IL1RAPL2",0.113817101712609,1.40900014470492,2.2472312446966,0.135761124303127,0.424444189183654,0.424444189183654,"social_isolation_avg"
"17528","ZNF737","Exc L4-5 RORB IL1RAPL2",0.0132885518112876,4.01130263857373,0.101374427658954,0.750588383394465,0.923159308515774,0.923159308515774,"social_isolation_avg"
"17529","AC010636.2","Exc L4-5 RORB IL1RAPL2",0.0412906867315277,2.85185642891763,0.581245667485906,0.446911010577871,0.747660862769928,0.747660862769928,"social_isolation_avg"
"17530","ZNF66","Exc L4-5 RORB IL1RAPL2",0.0643154920775875,4.16785042075346,2.25991754527771,0.134669276889991,0.422777067867184,0.422777067867184,"social_isolation_avg"
"17531","ZNF85","Exc L4-5 RORB IL1RAPL2",0.0712126705584488,2.87420180194043,1.92699923330013,0.166955183959145,0.470931292211351,0.470931292211351,"social_isolation_avg"
"17532","ZNF430","Exc L4-5 RORB IL1RAPL2",0.0866922585891246,4.50785952193069,10.0307863401055,0.00183373153281151,0.0354041166656394,0.0354041166656394,"social_isolation_avg"
"17533","ZNF714","Exc L4-5 RORB IL1RAPL2",0.0547918677469496,4.78888773436161,1.10651741065794,0.294375576594176,0.62558144687006,0.62558144687006,"social_isolation_avg"
"17534","ZNF431","Exc L4-5 RORB IL1RAPL2",0.0381029162604358,5.18221593162651,2.08910256113427,0.150246377582779,0.447334651493904,0.447334651493904,"social_isolation_avg"
"17535","ZNF708","Exc L4-5 RORB IL1RAPL2",0.0267522145920895,5.15219990536309,1.02407225895995,0.313034003582859,0.642050556291738,0.642050556291738,"social_isolation_avg"
"17536","ZNF738","Exc L4-5 RORB IL1RAPL2",0.0272480387999373,3.11167410231221,0.382725394928723,0.536999833138967,0.810815358762785,0.810815358762785,"social_isolation_avg"
"17537","ZNF493","Exc L4-5 RORB IL1RAPL2",0.0130710736950664,4.53596746928295,0.135504049879305,0.713263111854511,0.905910701135506,0.905910701135506,"social_isolation_avg"
"17538","AC010615.4","Exc L4-5 RORB IL1RAPL2",0.0506275587615615,6.40062539305265,2.18173205905712,0.141559895171203,0.435269896639692,0.435269896639692,"social_isolation_avg"
"17539","LINC00664","Exc L4-5 RORB IL1RAPL2",0.00521840451103867,-0.174548620784519,6.77828034384047e-05,0.993440993617947,0.999409668239323,0.999409668239323,"social_isolation_avg"
"17540","ZNF429","Exc L4-5 RORB IL1RAPL2",0.0159441743320784,5.19946521580323,0.272665936176078,0.602248088058218,0.847600124527637,0.847600124527637,"social_isolation_avg"
"17541","AC123912.1","Exc L4-5 RORB IL1RAPL2",0.0110128526722077,2.2473578643263,0.00646818556138313,0.935996510020695,0.987068886751843,0.987068886751843,"social_isolation_avg"
"17542","ZNF100","Exc L4-5 RORB IL1RAPL2",0.0404907997735586,4.09091183984022,0.624132390132399,0.430647668494484,0.736211701422243,0.736211701422243,"social_isolation_avg"
"17543","AC092364.1","Exc L4-5 RORB IL1RAPL2",-0.126798292767393,-0.308626664322525,0.775973951954839,0.434162500045253,0.739108613234777,0.739108613234777,"social_isolation_avg"
"17544","ZNF43","Exc L4-5 RORB IL1RAPL2",0.0620618349242458,4.35276478177411,3.37860372222194,0.0678429148405196,0.297555816341556,0.297555816341556,"social_isolation_avg"
"17545","ZNF208","Exc L4-5 RORB IL1RAPL2",-0.174087320869873,4.03822427708102,1.63364230970122,0.20299189436336,0.51901081861335,0.51901081861335,"social_isolation_avg"
"17546","AC003973.2","Exc L4-5 RORB IL1RAPL2",-0.255185421193279,-0.366863504344677,1.83874221903375,0.176947955601053,0.483248147805306,0.483248147805306,"social_isolation_avg"
"17547","ZNF257","Exc L4-5 RORB IL1RAPL2",-0.125346838314769,2.83077153121706,2.04630064119856,0.154464163271371,0.453779887214993,0.453779887214993,"social_isolation_avg"
"17548","ZNF729","Exc L4-5 RORB IL1RAPL2",0.176041854229255,-0.34382116025834,0.911848999519358,0.341018700550021,0.664452995027894,0.664452995027894,"social_isolation_avg"
"17549","ZNF98","Exc L4-5 RORB IL1RAPL2",0.196177471744811,3.90186057873745,4.74281899301155,0.0308379446193431,0.191484491171839,0.191484491171839,"social_isolation_avg"
"17550","ZNF492","Exc L4-5 RORB IL1RAPL2",-0.00964993797545092,0.551755795743818,0.00715987803651005,0.932669023858511,0.986528991526548,0.986528991526548,"social_isolation_avg"
"17551","AC024563.1","Exc L4-5 RORB IL1RAPL2",0.0421073794754814,1.77873019848402,0.254945871815954,0.614286368596994,0.853783783810707,0.853783783810707,"social_isolation_avg"
"17552","ZNF99","Exc L4-5 RORB IL1RAPL2",0.00724695635649322,1.35654637584637,0.00675587381871132,0.93459179140242,0.986842461541563,0.986842461541563,"social_isolation_avg"
"17553","ZNF723","Exc L4-5 RORB IL1RAPL2",0.0631241888366122,-0.415281553332519,0.0807629656689255,0.776621796307895,0.935357161549438,0.935357161549438,"social_isolation_avg"
"17554","ZNF730","Exc L4-5 RORB IL1RAPL2",0.0742018393278517,1.35457978527209,0.673393161996678,0.413052924749445,0.722909480083641,0.722909480083641,"social_isolation_avg"
"17555","ZNF724","Exc L4-5 RORB IL1RAPL2",0.28246113643813,0.212615204259532,5.89221427559382,0.0162817103180193,0.13053930784789,0.13053930784789,"social_isolation_avg"
"17556","AC092329.3","Exc L4-5 RORB IL1RAPL2",0.173616738248301,3.79728970419691,20.3837593435936,1.19950045180833e-05,0.00153349648977468,0.00153349648977468,"social_isolation_avg"
"17557","ZNF91","Exc L4-5 RORB IL1RAPL2",0.0614597264903881,7.57374788612693,9.08883176556401,0.00297758592275821,0.0476900448735143,0.0476900448735143,"social_isolation_avg"
"17558","ZNF675","Exc L4-5 RORB IL1RAPL2",0.0179668644310546,6.50272199718869,0.292133868719571,0.589583864601353,0.840910319774023,0.840910319774023,"social_isolation_avg"
"17559","ZNF681","Exc L4-5 RORB IL1RAPL2",0.0394905876642296,3.5837730740507,1.07976774195357,0.300267102621678,0.631261538744974,0.631261538744974,"social_isolation_avg"
"17560","AC139769.2","Exc L4-5 RORB IL1RAPL2",0.240130746395563,0.038722645959414,2.82394657168329,0.0947565851761824,0.356368385632786,0.356368385632786,"social_isolation_avg"
"17561","ZNF726","Exc L4-5 RORB IL1RAPL2",0.104424411092686,1.95189730499242,2.23240355353356,0.137049954975108,0.427132630223029,0.427132630223029,"social_isolation_avg"
"17562","AC011503.1","Exc L4-5 RORB IL1RAPL2",0.164324186063062,-0.122226773810962,1.33497257330393,0.249589925285881,0.576054034683356,0.576054034683356,"social_isolation_avg"
"17563","ZNF254","Exc L4-5 RORB IL1RAPL2",0.0604718836429106,6.11969827917498,8.32667736092498,0.00442822284761854,0.0608470620913511,0.0608470620913511,"social_isolation_avg"
"17564","AC073534.2","Exc L4-5 RORB IL1RAPL2",0.22243836872095,0.132196042115627,4.40223297236346,0.0702358971222852,0.303617411343559,0.303617411343559,"social_isolation_avg"
"17565","LINC00662","Exc L4-5 RORB IL1RAPL2",0.0516233942723442,6.47249858020609,4.18376559310894,0.0423980513248287,0.22972896022826,0.22972896022826,"social_isolation_avg"
"17566","AC006504.5","Exc L4-5 RORB IL1RAPL2",0.0742358747349855,6.35568645158161,2.87934462014272,0.0916047177855835,0.350296269348712,0.350296269348712,"social_isolation_avg"
"17567","AC006504.2","Exc L4-5 RORB IL1RAPL2",0.0532157866099319,1.94767051486037,0.331119537045581,0.565783105344822,0.827204067331563,0.827204067331563,"social_isolation_avg"
"17568","AC010511.1","Exc L4-5 RORB IL1RAPL2",0.157894794185488,-0.246364230004882,1.14855827435548,0.285413394103578,0.616677587212976,0.616677587212976,"social_isolation_avg"
"17569","AC005381.1","Exc L4-5 RORB IL1RAPL2",-0.127495622277758,0.187903591790141,0.69100483585613,0.407021973835786,0.718003166176651,0.718003166176651,"social_isolation_avg"
"17570","AC005394.1","Exc L4-5 RORB IL1RAPL2",-0.052897211934725,1.21485013352059,0.124152885423753,0.725022123353386,0.910950728486481,0.910950728486481,"social_isolation_avg"
"17571","AC079466.2","Exc L4-5 RORB IL1RAPL2",-0.0364529734588052,-0.360698412072254,0.032701479335912,0.856718225361754,0.963659272061625,0.963659272061625,"social_isolation_avg"
"17572","UQCRFS1","Exc L4-5 RORB IL1RAPL2",-0.101157939450404,4.42472373227977,8.41769277156942,0.00422224987087721,0.0590248433348589,0.0590248433348589,"social_isolation_avg"
"17573","AC007786.1","Exc L4-5 RORB IL1RAPL2",-0.0445314380409503,-0.18951561634181,0.090976340215189,0.763318718263334,0.929286899099656,0.929286899099656,"social_isolation_avg"
"17574","AC011474.2","Exc L4-5 RORB IL1RAPL2",0.0530630578643691,3.94575236403146,1.53945756192356,0.216456671284869,0.536176427156149,0.536176427156149,"social_isolation_avg"
"17575","VSTM2B","Exc L4-5 RORB IL1RAPL2",0.0362204503722372,5.55194324204223,1.06034676409447,0.304640489567119,0.63565314326196,0.63565314326196,"social_isolation_avg"
"17576","POP4","Exc L4-5 RORB IL1RAPL2",-0.0681582202131748,2.83660861094438,2.83245990795998,0.094264576629416,0.355294831554817,0.355294831554817,"social_isolation_avg"
"17577","PLEKHF1","Exc L4-5 RORB IL1RAPL2",-0.130340018757375,0.387493678525723,1.38133142748688,0.241564634396522,0.566024080175429,0.566024080175429,"social_isolation_avg"
"17578","C19orf12","Exc L4-5 RORB IL1RAPL2",0.025130771286592,5.55187481314311,1.08299312050833,0.299548688347025,0.630579483140825,0.630579483140825,"social_isolation_avg"
"17579","CCNE1","Exc L4-5 RORB IL1RAPL2",0.0198461224898843,2.1740400056622,0.135220040417919,0.945110970747444,0.988144149721632,0.988144149721632,"social_isolation_avg"
"17580","URI1","Exc L4-5 RORB IL1RAPL2",0.0212277993429427,6.3641670397364,1.30683765890369,0.254620978656134,0.582778131565561,0.582778131565561,"social_isolation_avg"
"17581","AC011507.1","Exc L4-5 RORB IL1RAPL2",-0.0101043017691693,0.412039935484655,0.00478882549253198,0.944912999835496,0.988096847417673,0.988096847417673,"social_isolation_avg"
"17582","AC020912.1","Exc L4-5 RORB IL1RAPL2",0.0269539133403925,-0.496582183387384,0.010542695312081,0.918343287977446,0.983105896136627,0.983105896136627,"social_isolation_avg"
"17583","LINC01791","Exc L4-5 RORB IL1RAPL2",0.0781916644323091,-0.620422757347349,0.192923767756952,0.661067890730854,0.879425266154714,0.879425266154714,"social_isolation_avg"
"17584","TSHZ3","Exc L4-5 RORB IL1RAPL2",0.067390492673249,6.90094498038228,6.4436401135143,0.0120589105590602,0.10996636748101,0.10996636748101,"social_isolation_avg"
"17585","AC025809.1","Exc L4-5 RORB IL1RAPL2",0.00944901358478336,6.04924104251491,0.0844973775318733,0.771657147985475,0.932678776012287,0.932678776012287,"social_isolation_avg"
"17586","AC008992.1","Exc L4-5 RORB IL1RAPL2",0.129284017049825,2.01990722632334,3.94790259788227,0.0485821036243841,0.24756853829167,0.24756853829167,"social_isolation_avg"
"17587","LINC01837","Exc L4-5 RORB IL1RAPL2",0.0583808761528869,1.45761380964133,0.501626413792589,0.47978391390618,0.772697111897821,0.772697111897821,"social_isolation_avg"
"17588","ZNF507","Exc L4-5 RORB IL1RAPL2",-0.0119709531471518,5.25605945462026,0.304805687694778,0.849619556975186,0.961873912835597,0.961873912835597,"social_isolation_avg"
"17589","AC007773.1","Exc L4-5 RORB IL1RAPL2",-0.0267748952027244,1.09326844762854,0.0901003151288033,0.764426824039975,0.929491698246975,0.929491698246975,"social_isolation_avg"
"17590","DPY19L3","Exc L4-5 RORB IL1RAPL2",0.0802738564800497,4.97447886430613,6.8809615643449,0.00952679409151047,0.0961367845362504,0.0961367845362504,"social_isolation_avg"
"17591","PDCD5","Exc L4-5 RORB IL1RAPL2",0.00877246757380143,4.62215942435332,0.0649643417823011,0.799131820133328,0.943541448315508,0.943541448315508,"social_isolation_avg"
"17592","ANKRD27","Exc L4-5 RORB IL1RAPL2",0.0665110968585543,5.49454960434548,5.31032912480684,0.0224435360979631,0.158630611322211,0.158630611322211,"social_isolation_avg"
"17593","AC008736.1","Exc L4-5 RORB IL1RAPL2",-0.000986271481880125,0.8770810620949,0.000103721460641395,0.998279502994569,0.999716603438089,0.999716603438089,"social_isolation_avg"
"17594","NUDT19","Exc L4-5 RORB IL1RAPL2",0.0610078671906094,2.97204560914438,2.29252886549279,0.131907727352913,0.417991309536838,0.417991309536838,"social_isolation_avg"
"17595","TDRD12","Exc L4-5 RORB IL1RAPL2",0.0726017052114709,1.36239652732438,0.557356088712477,0.456387993696781,0.754439736915673,0.754439736915673,"social_isolation_avg"
"17596","SLC7A9","Exc L4-5 RORB IL1RAPL2",-0.0776425472769568,2.29315840849649,0.839443894203452,0.36089060634824,0.680949951180715,0.680949951180715,"social_isolation_avg"
"17597","CEP89","Exc L4-5 RORB IL1RAPL2",0.0442398791379904,5.17667293228862,2.84142168084476,0.0937496796075448,0.354243674690415,0.354243674690415,"social_isolation_avg"
"17598","FAAP24","Exc L4-5 RORB IL1RAPL2",-0.126398305858711,0.147506322348302,1.04070943020671,0.309147292988495,0.639076071599346,0.639076071599346,"social_isolation_avg"
"17599","RHPN2","Exc L4-5 RORB IL1RAPL2",0.00328823025633224,0.509938381151906,0.000669047053500184,0.979395463988754,0.996941121913665,0.996941121913665,"social_isolation_avg"
"17600","GPATCH1","Exc L4-5 RORB IL1RAPL2",0.0218081178004096,4.02109159159695,0.520972796937849,0.471446785256811,0.765966525725761,0.765966525725761,"social_isolation_avg"
"17601","WDR88","Exc L4-5 RORB IL1RAPL2",0.0550987684488397,1.76373679534445,0.429223430060319,0.513280945751129,0.796374643260116,0.796374643260116,"social_isolation_avg"
"17602","LRP3","Exc L4-5 RORB IL1RAPL2",0.00201281786050792,5.19901905654633,0.00547304118661216,0.941115744853212,0.987961902248838,0.987961902248838,"social_isolation_avg"
"17603","CEBPA","Exc L4-5 RORB IL1RAPL2",-0.0134086354009018,2.11116337839706,0.0574611041033736,0.810851717595851,0.949509944621593,0.949509944621593,"social_isolation_avg"
"17604","AC008738.2","Exc L4-5 RORB IL1RAPL2",-0.114255260323225,0.0787969605816822,0.870134897098136,0.352278494875564,0.672660809354938,0.672660809354938,"social_isolation_avg"
"17605","CEBPG","Exc L4-5 RORB IL1RAPL2",-0.0348259795810575,4.00061687514829,1.18511518318348,0.277901755283734,0.608585545338371,0.608585545338371,"social_isolation_avg"
"17606","PEPD","Exc L4-5 RORB IL1RAPL2",-0.0297008439202245,5.04108867531038,1.53343124424721,0.255755030909507,0.584264335244645,0.584264335244645,"social_isolation_avg"
"17607","CHST8","Exc L4-5 RORB IL1RAPL2",0.092550126421523,5.5100082844979,4.97118001019036,0.027120284792337,0.177006867387309,0.177006867387309,"social_isolation_avg"
"17608","KCTD15","Exc L4-5 RORB IL1RAPL2",-0.0419451806400664,-1.12644690520074,0.00486749030637148,0.944463124811048,0.988051457597129,0.988051457597129,"social_isolation_avg"
"17609","LSM14A","Exc L4-5 RORB IL1RAPL2",0.0260178422804485,6.48056487103255,2.21994797020032,0.138143288612439,0.429408438284207,0.429408438284207,"social_isolation_avg"
"17610","KIAA0355","Exc L4-5 RORB IL1RAPL2",0.0388941301161655,5.49906352314592,3.29259917986262,0.0714058313815933,0.306434505686352,0.306434505686352,"social_isolation_avg"
"17611","AC010504.1","Exc L4-5 RORB IL1RAPL2",0.0444868872690504,2.30779818311633,0.538726681720319,0.464000734135109,0.760776247016499,0.760776247016499,"social_isolation_avg"
"17612","GPI","Exc L4-5 RORB IL1RAPL2",0.0372899507710512,6.91319971951529,2.08022847400096,0.151109931751577,0.44849427743868,0.44849427743868,"social_isolation_avg"
"17613","PDCD2L","Exc L4-5 RORB IL1RAPL2",-0.0214206920621967,2.24082458711205,0.193952141740398,0.660222806540138,0.878930126878726,0.878930126878726,"social_isolation_avg"
"17614","AC008747.1","Exc L4-5 RORB IL1RAPL2",-0.0559980915177008,-0.168717206623494,0.121692772682346,0.727649691720398,0.91234452756733,0.91234452756733,"social_isolation_avg"
"17615","UBA2","Exc L4-5 RORB IL1RAPL2",0.0159915224944473,6.29300011260364,0.951457835345706,0.359983240120856,0.679968342450505,0.679968342450505,"social_isolation_avg"
"17616","WTIP","Exc L4-5 RORB IL1RAPL2",0.20321339329058,2.58096193029729,10.0568974810902,0.00180940810904406,0.0352220276041385,0.0352220276041385,"social_isolation_avg"
"17617","SCGB1B2P","Exc L4-5 RORB IL1RAPL2",0.0416970638548971,1.19736968916488,0.262050427755733,0.609398201133403,0.851645126201722,0.851645126201722,"social_isolation_avg"
"17618","SCGB2B2","Exc L4-5 RORB IL1RAPL2",0.07311232330597,5.67555944489549,4.00748708788868,0.0469342555113729,0.243540076337645,0.243540076337645,"social_isolation_avg"
"17619","ZNF302","Exc L4-5 RORB IL1RAPL2",-0.011682002676241,5.67429324061834,0.189131013677107,0.664208097677601,0.880856527610023,0.880856527610023,"social_isolation_avg"
"17620","AC020910.4","Exc L4-5 RORB IL1RAPL2",-0.102009103926124,1.10756402974391,0.938854580601378,0.333988205759931,0.658791392415436,0.658791392415436,"social_isolation_avg"
"17621","ZNF181","Exc L4-5 RORB IL1RAPL2",-0.0570403699033524,3.04559701465947,1.92145516006357,0.16756333842814,0.471094491292545,0.471094491292545,"social_isolation_avg"
"17622","ZNF599","Exc L4-5 RORB IL1RAPL2",-0.080734609129173,0.128997639981261,0.331354646826289,0.56564533222267,0.827092374882932,0.827092374882932,"social_isolation_avg"
"17623","ZNF30","Exc L4-5 RORB IL1RAPL2",0.0464197911423147,4.28645220558542,1.05208870766328,0.306525213958632,0.636797822514214,0.636797822514214,"social_isolation_avg"
"17624","ZNF792","Exc L4-5 RORB IL1RAPL2",0.0662486874894312,0.0463019245514881,0.292174633705782,0.589557924810179,0.840910319774023,0.840910319774023,"social_isolation_avg"
"17625","GRAMD1A","Exc L4-5 RORB IL1RAPL2",-0.00116461508793298,4.35179326158237,0.00155638109216592,0.968578430437755,0.9941928619423,0.9941928619423,"social_isolation_avg"
"17626","SCN1B","Exc L4-5 RORB IL1RAPL2",-0.114591455744673,5.85644079801942,6.30981697923774,0.0129661580294025,0.114471450220973,0.114471450220973,"social_isolation_avg"
"17627","HPN","Exc L4-5 RORB IL1RAPL2",-0.129212198673724,-0.481158064449967,0.237017995577216,0.62701314656675,0.861326174454704,0.861326174454704,"social_isolation_avg"
"17628","LGI4","Exc L4-5 RORB IL1RAPL2",-0.0349599713813756,5.90804929183145,1.08348789833521,0.299438679570617,0.6305006962114,0.6305006962114,"social_isolation_avg"
"17629","FXYD1","Exc L4-5 RORB IL1RAPL2",-0.0164599878074414,2.93070298137446,0.0920278644005473,0.761996281954264,0.929097283854661,0.929097283854661,"social_isolation_avg"
"17630","FXYD7","Exc L4-5 RORB IL1RAPL2",-0.0714321254687556,6.48651291648611,4.32825957394017,0.0390271316997976,0.219444980354196,0.219444980354196,"social_isolation_avg"
"17631","FXYD5","Exc L4-5 RORB IL1RAPL2",-0.112780657013981,1.36774178290531,1.67057399652901,0.197985509595653,0.512039888881814,0.512039888881814,"social_isolation_avg"
"17632","LSR","Exc L4-5 RORB IL1RAPL2",0.146454142426317,0.536952669890832,1.99827575029543,0.159358751347909,0.460381571990379,0.460381571990379,"social_isolation_avg"
"17633","USF2","Exc L4-5 RORB IL1RAPL2",-0.0711771927347553,5.48908183059517,11.570829376496,0.000840216589845558,0.0211687591164684,0.0211687591164684,"social_isolation_avg"
"17634","KRTDAP","Exc L4-5 RORB IL1RAPL2",-0.112517530310756,0.549742671090719,1.20178631274182,0.274559524869582,0.604484613690641,0.604484613690641,"social_isolation_avg"
"17635","DMKN","Exc L4-5 RORB IL1RAPL2",-0.0205150922054883,3.79846444464355,0.176611459102121,0.674847406838159,0.885853595671414,0.885853595671414,"social_isolation_avg"
"17636","TMEM147-AS1","Exc L4-5 RORB IL1RAPL2",-0.0461858328777752,1.48104234727168,0.414767122825813,0.716985826776342,0.907543105011121,0.907543105011121,"social_isolation_avg"
"17637","TMEM147","Exc L4-5 RORB IL1RAPL2",-0.164151988934503,3.18531365545237,16.4277491946336,7.76424488899443e-05,0.00486447938889615,0.00486447938889615,"social_isolation_avg"
"17638","AD000090.1","Exc L4-5 RORB IL1RAPL2",0.156500573462149,1.08955865771407,2.38626669793295,0.124317986860885,0.406060814857967,0.406060814857967,"social_isolation_avg"
"17639","HAUS5","Exc L4-5 RORB IL1RAPL2",0.00241259562276961,3.23260689441207,0.00300162381085177,0.956374258376422,0.990560397566251,0.990560397566251,"social_isolation_avg"
"17640","RBM42","Exc L4-5 RORB IL1RAPL2",-0.079968708874118,2.96950146617366,3.02568104802827,0.0838173992376155,0.332824556343111,0.332824556343111,"social_isolation_avg"
"17641","COX6B1","Exc L4-5 RORB IL1RAPL2",-0.128503188597189,5.17576455322576,13.5070424076003,0.000320851946177422,0.0114978024121648,0.0114978024121648,"social_isolation_avg"
"17642","UPK1A","Exc L4-5 RORB IL1RAPL2",0.101590569048734,-0.123886891655099,0.397872469322599,0.529061202615911,0.806743792412124,0.806743792412124,"social_isolation_avg"
"17643","ZBTB32","Exc L4-5 RORB IL1RAPL2",-0.0102739272674252,1.02095200397468,0.0124564924692908,0.911269117030743,0.981200416319659,0.981200416319659,"social_isolation_avg"
"17644","KMT2B","Exc L4-5 RORB IL1RAPL2",0.0227196764694477,4.66215028924556,0.463424218395493,0.496980468312063,0.784721764823798,0.784721764823798,"social_isolation_avg"
"17645","HSPB6","Exc L4-5 RORB IL1RAPL2",-0.178983775072546,-0.266181478672867,1.11363120660101,0.292833937823944,0.624052295236904,0.624052295236904,"social_isolation_avg"
"17646","PROSER3","Exc L4-5 RORB IL1RAPL2",0.0601526184623268,2.78935473797953,1.61415310376223,0.20569427740478,0.522690830268413,0.522690830268413,"social_isolation_avg"
"17647","ARHGAP33","Exc L4-5 RORB IL1RAPL2",-0.0193343204575161,4.36337373129596,0.241345963796564,0.623887325170864,0.859451916968177,0.859451916968177,"social_isolation_avg"
"17648","NPHS1","Exc L4-5 RORB IL1RAPL2",0.111750218638239,1.17844701283087,2.02132983837875,0.156987293317771,0.456626683607309,0.456626683607309,"social_isolation_avg"
"17649","APLP1","Exc L4-5 RORB IL1RAPL2",-0.107872712969254,6.7244294462905,17.7382588137904,4.15533511618413e-05,0.00331764011960296,0.00331764011960296,"social_isolation_avg"
"17650","NFKBID","Exc L4-5 RORB IL1RAPL2",-0.0328439020826992,2.73133580205998,0.56747001111411,0.566864136107129,0.827595395006403,0.827595395006403,"social_isolation_avg"
"17651","LRFN3","Exc L4-5 RORB IL1RAPL2",-0.126505777744457,3.1029518864223,9.40206230204903,0.0025325831140421,0.0431314177324848,0.0431314177324848,"social_isolation_avg"
"17652","AF038458.3","Exc L4-5 RORB IL1RAPL2",-0.0137116694049559,2.38933012866874,0.0674762919815034,0.795370629020278,0.943004057991522,0.943004057991522,"social_isolation_avg"
"17653","AF038458.2","Exc L4-5 RORB IL1RAPL2",-0.0299921146710925,1.29650149645835,0.157476203691358,0.692002698370473,0.894857806093249,0.894857806093249,"social_isolation_avg"
"17654","SDHAF1","Exc L4-5 RORB IL1RAPL2",-0.110716528000484,2.34138092512437,3.35940321697753,0.0686213502641334,0.299721213801908,0.299721213801908,"social_isolation_avg"
"17655","SYNE4","Exc L4-5 RORB IL1RAPL2",-0.043392614512735,0.116178589986936,0.14244661638788,0.706344901731027,0.902324760171909,0.902324760171909,"social_isolation_avg"
"17656","ALKBH6","Exc L4-5 RORB IL1RAPL2",0.0601897727398074,3.51499036031947,2.88137120779461,0.0914916160326415,0.350002601486779,0.350002601486779,"social_isolation_avg"
"17657","AC002116.2","Exc L4-5 RORB IL1RAPL2",0.0511183861095449,2.08127272214468,0.828475370374553,0.529170079069014,0.806743792412124,0.806743792412124,"social_isolation_avg"
"17658","CLIP3","Exc L4-5 RORB IL1RAPL2",-0.0881275918607157,6.64642740609291,7.39854783558991,0.0072257669855977,0.0819656697449005,0.0819656697449005,"social_isolation_avg"
"17659","THAP8","Exc L4-5 RORB IL1RAPL2",-0.0901003324457029,2.57160323170386,3.7962046936589,0.0530623367758551,0.261184306486981,0.261184306486981,"social_isolation_avg"
"17660","WDR62","Exc L4-5 RORB IL1RAPL2",0.0758465689514582,2.53539133146893,1.78269789920192,0.183654231079376,0.490738837205602,0.490738837205602,"social_isolation_avg"
"17661","POLR2I","Exc L4-5 RORB IL1RAPL2",-0.112236235133078,2.48993489681302,3.58566680260123,0.0600271281977366,0.279196974589325,0.279196974589325,"social_isolation_avg"
"17662","TBCB","Exc L4-5 RORB IL1RAPL2",-0.0823812413132853,5.37660743403861,8.23470889482402,0.00464687327041592,0.0627576653458527,0.0627576653458527,"social_isolation_avg"
"17663","CAPNS1","Exc L4-5 RORB IL1RAPL2",-0.0953910344721542,5.3979871899782,12.4590389524782,0.00053896664804473,0.0157860494545733,0.0157860494545733,"social_isolation_avg"
"17664","COX7A1","Exc L4-5 RORB IL1RAPL2",-0.154769192743957,3.19279804192594,4.18020227996189,0.042484983736903,0.229936606775155,0.229936606775155,"social_isolation_avg"
"17665","ZNF565","Exc L4-5 RORB IL1RAPL2",0.0744945138754989,5.24592724044432,6.2230623070272,0.0135919360131647,0.117273898793766,0.117273898793766,"social_isolation_avg"
"17666","ZNF146","Exc L4-5 RORB IL1RAPL2",0.0700585302662556,4.99911931326823,6.33771678030564,0.0127713324891359,0.113568695594369,0.113568695594369,"social_isolation_avg"
"17667","AC012617.1","Exc L4-5 RORB IL1RAPL2",-0.0256804535872135,1.33636330943552,0.0685493698499378,0.793786693528094,0.942443216133168,0.942443216133168,"social_isolation_avg"
"17668","LINC00665","Exc L4-5 RORB IL1RAPL2",-0.0821308692813268,4.0755293123711,5.96083090889798,0.0156815488274478,0.127398276240507,0.127398276240507,"social_isolation_avg"
"17669","ZFP14","Exc L4-5 RORB IL1RAPL2",0.0939117956938339,5.63736609138607,13.7943903190826,0.000278578208399602,0.0105842937372066,0.0105842937372066,"social_isolation_avg"
"17670","ZFP82","Exc L4-5 RORB IL1RAPL2",0.0286598051393668,4.83553025124799,1.3780197055464,0.242127318337674,0.566689458953264,0.566689458953264,"social_isolation_avg"
"17671","ZNF566","Exc L4-5 RORB IL1RAPL2",0.051431869231726,5.0962888937252,3.43796395163879,0.0654959560199075,0.291587996200628,0.291587996200628,"social_isolation_avg"
"17672","ZNF260","Exc L4-5 RORB IL1RAPL2",-0.0238190319208692,3.82588498956269,0.403277819418992,0.526279349620659,0.805185701800961,0.805185701800961,"social_isolation_avg"
"17673","AC092295.1","Exc L4-5 RORB IL1RAPL2",0.00347569846493706,1.1217384248366,0.00217784523154349,0.962834655303703,0.9928494475449,0.9928494475449,"social_isolation_avg"
"17674","ZNF529","Exc L4-5 RORB IL1RAPL2",-0.00410562854681908,5.68709484932011,0.0379028913362491,0.84587734118957,0.961597389721097,0.961597389721097,"social_isolation_avg"
"17675","ZNF529-AS1","Exc L4-5 RORB IL1RAPL2",0.0657562594388874,4.46268982232243,4.38268525075845,0.0378320987445565,0.21472396759662,0.21472396759662,"social_isolation_avg"
"17676","ZNF382","Exc L4-5 RORB IL1RAPL2",0.0322487040042887,5.62089589658527,1.82851335518468,0.178150374848185,0.484705330392072,0.484705330392072,"social_isolation_avg"
"17677","ZNF461","Exc L4-5 RORB IL1RAPL2",0.0503968231320794,4.24918486233157,3.03315535851521,0.0834395424775815,0.332090783175919,0.332090783175919,"social_isolation_avg"
"17678","AC074138.1","Exc L4-5 RORB IL1RAPL2",0.0889598408020377,-0.308991368758781,0.363009669718915,0.547665123186026,0.815910290096978,0.815910290096978,"social_isolation_avg"
"17679","LINC01534","Exc L4-5 RORB IL1RAPL2",-0.097027025745578,0.658566851266688,0.966956449476199,0.326877518768065,0.653367542552925,0.653367542552925,"social_isolation_avg"
"17680","ZNF567","Exc L4-5 RORB IL1RAPL2",0.0832253156668033,4.0264164788734,7.66322136418203,0.00627929420851233,0.0754831802536607,0.0754831802536607,"social_isolation_avg"
"17681","ZNF850","Exc L4-5 RORB IL1RAPL2",0.180287720116423,1.78458669171842,9.09865398566325,0.00296247864132346,0.0476087150426694,0.0476087150426694,"social_isolation_avg"
"17682","AC020928.2","Exc L4-5 RORB IL1RAPL2",-0.165255866075103,0.764563055220639,2.85918354805255,0.0927382696401926,0.352774587829128,0.352774587829128,"social_isolation_avg"
"17683","AC020928.1","Exc L4-5 RORB IL1RAPL2",0.0226842510572973,4.51410319987034,0.58325118547251,0.446129471235956,0.747274763213131,0.747274763213131,"social_isolation_avg"
"17684","ZNF790","Exc L4-5 RORB IL1RAPL2",0.0245714901431978,4.24723078041441,0.688518422037669,0.407865512464653,0.718817377174338,0.718817377174338,"social_isolation_avg"
"17685","ZNF345","Exc L4-5 RORB IL1RAPL2",0.0509637574469232,5.07617283744843,3.51025517677994,0.0627552148066499,0.285053179656161,0.285053179656161,"social_isolation_avg"
"17686","ZNF829","Exc L4-5 RORB IL1RAPL2",0.0612602929897842,2.83370078038019,1.85253678826168,0.175341292768234,0.481584061615294,0.481584061615294,"social_isolation_avg"
"17687","ZNF568","Exc L4-5 RORB IL1RAPL2",0.0480125808206765,5.00993338356673,3.57843372664622,0.0602831820132596,0.279933641575793,0.279933641575793,"social_isolation_avg"
"17688","ZNF420","Exc L4-5 RORB IL1RAPL2",0.0336311981502372,5.75005648719947,1.49819652516241,0.222690829781223,0.544051041466452,0.544051041466452,"social_isolation_avg"
"17689","AC010632.1","Exc L4-5 RORB IL1RAPL2",-0.0215855871496469,2.84447864607763,0.243529583358636,0.810806101438228,0.949509944621593,0.949509944621593,"social_isolation_avg"
"17690","AC012309.1","Exc L4-5 RORB IL1RAPL2",0.0373157763443798,1.8142752610486,0.417535112524776,0.540107428735039,0.812231575248533,0.812231575248533,"social_isolation_avg"
"17691","ZNF585B","Exc L4-5 RORB IL1RAPL2",-0.0068664588486336,0.847493683259601,0.00770319313486863,0.930167439229488,0.984929101665518,0.984929101665518,"social_isolation_avg"
"17692","ZNF383","Exc L4-5 RORB IL1RAPL2",0.0564149705134903,4.08208434546498,3.67937820608217,0.0568131662237494,0.270839485542848,0.270839485542848,"social_isolation_avg"
"17693","LINC01535","Exc L4-5 RORB IL1RAPL2",-0.110283718241594,3.46081087010977,3.76143812292709,0.0541500543280853,0.264085476161654,0.264085476161654,"social_isolation_avg"
"17694","AC016590.1","Exc L4-5 RORB IL1RAPL2",0.0407784483376708,1.62229681571798,0.15136204594031,0.697737840493065,0.89808827754893,0.89808827754893,"social_isolation_avg"
"17695","HKR1","Exc L4-5 RORB IL1RAPL2",0.00997225905693499,5.67224132031706,0.285775177781889,0.593659019004699,0.843089742958615,0.843089742958615,"social_isolation_avg"
"17696","ZNF527","Exc L4-5 RORB IL1RAPL2",0.0292251447970147,2.94639938690212,0.562608498585108,0.454277427570027,0.75312675269787,0.75312675269787,"social_isolation_avg"
"17697","ZNF569","Exc L4-5 RORB IL1RAPL2",0.0433093928711915,4.35050059641052,2.42404208457939,0.121398816151596,0.400835681825337,0.400835681825337,"social_isolation_avg"
"17698","ZNF570","Exc L4-5 RORB IL1RAPL2",-0.0683603894903387,3.48894770556034,4.43545674099738,0.0367103094010559,0.211158587038211,0.211158587038211,"social_isolation_avg"
"17699","ZNF793-AS1","Exc L4-5 RORB IL1RAPL2",-0.106031241917177,0.581715340987719,1.02083244028915,0.313798322794767,0.642373438801511,0.642373438801511,"social_isolation_avg"
"17700","ZNF793","Exc L4-5 RORB IL1RAPL2",-0.00541017390871318,4.53651414184899,0.0417184817961773,0.838408602023826,0.957944047297437,0.957944047297437,"social_isolation_avg"
"17701","ZNF540","Exc L4-5 RORB IL1RAPL2",0.0317502747342636,5.28422406544081,1.71287046142469,0.192430022970383,0.504219424542669,0.504219424542669,"social_isolation_avg"
"17702","ZNF571","Exc L4-5 RORB IL1RAPL2",-0.0388748710788465,3.40724413921025,1.12849600717767,0.289645921438043,0.621077796864144,0.621077796864144,"social_isolation_avg"
"17703","ZFP30","Exc L4-5 RORB IL1RAPL2",0.081529851369673,5.16588203333176,13.5474595307187,0.00031453148603091,0.0113573477999825,0.0113573477999825,"social_isolation_avg"
"17704","AC093227.2","Exc L4-5 RORB IL1RAPL2",0.0241092050664094,2.22531025287455,0.210641134345789,0.851014334022682,0.961873912835597,0.961873912835597,"social_isolation_avg"
"17705","AC093227.1","Exc L4-5 RORB IL1RAPL2",0.0294216677762121,2.9297620790003,0.466610450178517,0.937206663452692,0.987558783347026,0.987558783347026,"social_isolation_avg"
"17706","ZNF573","Exc L4-5 RORB IL1RAPL2",0.0274891041689736,5.21912694326453,1.30846137746257,0.254327232581479,0.582440761035362,0.582440761035362,"social_isolation_avg"
"17707","WDR87","Exc L4-5 RORB IL1RAPL2",-0.0635237826559495,-0.443884537011026,0.172840365597389,0.678138941078527,0.887303892540105,0.887303892540105,"social_isolation_avg"
"17708","SIPA1L3","Exc L4-5 RORB IL1RAPL2",0.0446865642423599,6.46238873580922,6.42965294657802,0.0121505718099786,0.110342261646414,0.110342261646414,"social_isolation_avg"
"17709","DPF1","Exc L4-5 RORB IL1RAPL2",-0.0209771209843094,5.37036851617979,0.47663919075075,0.490916834344313,0.78089037011468,0.78089037011468,"social_isolation_avg"
"17710","SPINT2","Exc L4-5 RORB IL1RAPL2",0.0554523487503594,2.28249799618574,1.07469337191986,0.301401884515507,0.632401867318513,0.632401867318513,"social_isolation_avg"
"17711","AC011479.1","Exc L4-5 RORB IL1RAPL2",0.0224515340600468,1.34641843517526,0.0886586324332978,0.766263307945139,0.930534997895065,0.930534997895065,"social_isolation_avg"
"17712","YIF1B","Exc L4-5 RORB IL1RAPL2",0.0334791581258816,3.69953319210669,0.951690814201033,0.330714797310583,0.656206067416634,0.656206067416634,"social_isolation_avg"
"17713","KCNK6","Exc L4-5 RORB IL1RAPL2",0.0491735948251275,2.03370914027846,0.420555176932012,0.517560040494297,0.799212725552321,0.799212725552321,"social_isolation_avg"
"17714","CATSPERG","Exc L4-5 RORB IL1RAPL2",0.0499744872258668,3.25944323521401,1.15874678250582,0.283294173904149,0.61464199221887,0.61464199221887,"social_isolation_avg"
"17715","PSMD8","Exc L4-5 RORB IL1RAPL2",-0.132588109129245,4.67784047435088,24.7872533797661,1.5974690724865e-06,0.00042839113445171,0.00042839113445171,"social_isolation_avg"
"17716","SPRED3","Exc L4-5 RORB IL1RAPL2",-0.101643213107706,2.6996744372833,1.21824166505284,0.27131020068944,0.600639263834833,0.600639263834833,"social_isolation_avg"
"17717","FAM98C","Exc L4-5 RORB IL1RAPL2",0.063492496234427,4.09985180340722,3.89070293108735,0.0502221105052183,0.252659546096579,0.252659546096579,"social_isolation_avg"
"17718","RASGRP4","Exc L4-5 RORB IL1RAPL2",0.328276713836802,0.100313728205563,6.83707577301896,0.00975392930844784,0.0972360887487574,0.0972360887487574,"social_isolation_avg"
"17719","RYR1","Exc L4-5 RORB IL1RAPL2",0.142926931539429,4.8795787095506,18.9999613664004,2.29031383877024e-05,0.00237696166027897,0.00237696166027897,"social_isolation_avg"
"17720","MAP4K1","Exc L4-5 RORB IL1RAPL2",0.00482501904534562,0.535947916958751,0.00238796389348066,0.961084443955402,0.992176197847109,0.992176197847109,"social_isolation_avg"
"17721","AC008649.1","Exc L4-5 RORB IL1RAPL2",0.0862503354918464,-0.564290278894602,0.301526837666777,0.646574091072723,0.871293239597392,0.871293239597392,"social_isolation_avg"
"17722","EIF3K","Exc L4-5 RORB IL1RAPL2",-0.0153469292255333,5.3618894638727,0.323320306968404,0.570390767954349,0.829839618609208,0.829839618609208,"social_isolation_avg"
"17723","ACTN4","Exc L4-5 RORB IL1RAPL2",-0.0240973983434715,6.32185764632264,0.994991375425267,0.319983463062638,0.647184083870462,0.647184083870462,"social_isolation_avg"
"17724","CAPN12","Exc L4-5 RORB IL1RAPL2",-0.0154610648493438,1.25857108639585,0.0369730388137967,0.847755974276804,0.961873912835597,0.961873912835597,"social_isolation_avg"
"17725","AC022144.1","Exc L4-5 RORB IL1RAPL2",-0.0889144223251418,0.253838793518077,0.4421750674799,0.507001190311798,0.791481308736793,0.791481308736793,"social_isolation_avg"
"17726","LGALS4","Exc L4-5 RORB IL1RAPL2",-0.10498499089141,-0.265232610992156,0.448318472214006,0.504068763066829,0.78952690943605,0.78952690943605,"social_isolation_avg"
"17727","ECH1","Exc L4-5 RORB IL1RAPL2",-0.121182437243734,3.34760002478254,6.68891941764399,0.0105630372198762,0.102094599452113,0.102094599452113,"social_isolation_avg"
"17728","HNRNPL","Exc L4-5 RORB IL1RAPL2",0.115304235507587,5.48849396483678,14.3641716617732,0.000210753481145672,0.0090023662764696,0.0090023662764696,"social_isolation_avg"
"17729","RINL","Exc L4-5 RORB IL1RAPL2",-0.152194128329247,1.3518990034624,3.72049677094507,0.0554616261101798,0.267088171959968,0.267088171959968,"social_isolation_avg"
"17730","SIRT2","Exc L4-5 RORB IL1RAPL2",-0.0708209167836549,5.64724402260137,11.0257313092025,0.00110576688213963,0.0253869409978728,0.0253869409978728,"social_isolation_avg"
"17731","NFKBIB","Exc L4-5 RORB IL1RAPL2",-0.0997169573405953,2.60932382772765,3.40535278378935,0.0667742856549303,0.294438652732914,0.294438652732914,"social_isolation_avg"
"17732","CCER2","Exc L4-5 RORB IL1RAPL2",0.146244965691962,2.13034830909621,5.17273409836726,0.0242298621969653,0.165925885859131,0.165925885859131,"social_isolation_avg"
"17733","SARS2","Exc L4-5 RORB IL1RAPL2",0.114486796046628,1.81719930949719,2.59400536462538,0.109176708945305,0.382189178529901,0.382189178529901,"social_isolation_avg"
"17734","AC011455.2","Exc L4-5 RORB IL1RAPL2",-0.00334630194501228,0.260628847785249,0.000873479794981365,0.97645785368808,0.996653621356429,0.996653621356429,"social_isolation_avg"
"17735","MRPS12","Exc L4-5 RORB IL1RAPL2",-0.188146301579512,2.49024455073903,12.415658988653,0.000550728559342829,0.0159332340540148,0.0159332340540148,"social_isolation_avg"
"17736","FBXO17","Exc L4-5 RORB IL1RAPL2",0.121761679880616,5.03650533409653,9.00679398017648,0.00310689741198958,0.0489752483098207,0.0489752483098207,"social_isolation_avg"
"17737","FBXO27","Exc L4-5 RORB IL1RAPL2",0.0442631009896536,5.23028016319186,2.31900487660699,0.129712564555068,0.414696107744962,0.414696107744962,"social_isolation_avg"
"17738","PAK4","Exc L4-5 RORB IL1RAPL2",-0.0216741280203841,3.06459898246008,0.272387158462538,0.602433577637911,0.847630498803236,0.847630498803236,"social_isolation_avg"
"17739","LRFN1","Exc L4-5 RORB IL1RAPL2",-0.0678247709779704,3.73754634186183,4.09019519677066,0.0447448190489994,0.236551193413277,0.236551193413277,"social_isolation_avg"
"17740","GMFG","Exc L4-5 RORB IL1RAPL2",-0.0359820795092044,1.72903461012187,0.308141585910733,0.639534706417449,0.867293779059998,0.867293779059998,"social_isolation_avg"
"17741","SAMD4B","Exc L4-5 RORB IL1RAPL2",-0.0254282145512605,5.6460186502578,1.52901189329342,0.218014863108925,0.537948249492533,0.537948249492533,"social_isolation_avg"
"17742","PAF1","Exc L4-5 RORB IL1RAPL2",-0.126618269533202,2.91424385597582,9.61025683735254,0.00227510420066917,0.0403850706596911,0.0403850706596911,"social_isolation_avg"
"17743","MED29","Exc L4-5 RORB IL1RAPL2",-0.0644355883793033,4.21853459603865,3.64430580116632,0.0579938714043204,0.273637293409587,0.273637293409587,"social_isolation_avg"
"17744","PLEKHG2","Exc L4-5 RORB IL1RAPL2",0.104076822379997,-0.158625334786987,0.643709708435348,0.423522634587865,0.730153035272291,0.730153035272291,"social_isolation_avg"
"17745","RPS16","Exc L4-5 RORB IL1RAPL2",-0.0263423001559963,4.43227612432809,0.519975894173457,0.47187060557107,0.766308791349258,0.766308791349258,"social_isolation_avg"
"17746","SUPT5H","Exc L4-5 RORB IL1RAPL2",-0.0537068455498858,5.54750696034706,6.01263435776978,0.0152437306301217,0.12566542098506,0.12566542098506,"social_isolation_avg"
"17747","TIMM50","Exc L4-5 RORB IL1RAPL2",0.0256474929598331,4.041645573763,0.923138760098271,0.338055521235618,0.661920424130384,0.661920424130384,"social_isolation_avg"
"17748","DLL3","Exc L4-5 RORB IL1RAPL2",-0.164332969977224,1.57916307816644,5.67795380792208,0.0183146541258236,0.141458139714449,0.141458139714449,"social_isolation_avg"
"17749","EID2B","Exc L4-5 RORB IL1RAPL2",-0.0490034852099458,4.16101259960967,2.03261819819669,0.155840883289306,0.45518143759138,0.45518143759138,"social_isolation_avg"
"17750","EID2","Exc L4-5 RORB IL1RAPL2",-0.110415981222231,3.64499152800391,8.03516216644362,0.00516034961609964,0.0666477645639736,0.0666477645639736,"social_isolation_avg"
"17751","AC005393.1","Exc L4-5 RORB IL1RAPL2",-0.133038829127016,0.98583276541231,2.35757089692474,0.150239178283899,0.447334651493904,0.447334651493904,"social_isolation_avg"
"17752","DYRK1B","Exc L4-5 RORB IL1RAPL2",-0.0568237937202308,3.62245895887045,2.73644320835852,0.0999805473608052,0.365940294906454,0.365940294906454,"social_isolation_avg"
"17753","FBL","Exc L4-5 RORB IL1RAPL2",-0.00923442883756615,2.65908284655873,0.040415982510113,0.840916596488968,0.959128514206267,0.959128514206267,"social_isolation_avg"
"17754","FCGBP","Exc L4-5 RORB IL1RAPL2",0.213114360822406,0.192126167036431,1.42472759398859,0.234337082000304,0.557403610749086,0.557403610749086,"social_isolation_avg"
"17755","PSMC4","Exc L4-5 RORB IL1RAPL2",-0.0955994250922057,3.87150117428611,7.70080518123841,0.00615566133247662,0.0746119601809503,0.0746119601809503,"social_isolation_avg"
"17756","ZNF546","Exc L4-5 RORB IL1RAPL2",0.0267805603313584,3.91565884320343,0.606894059272212,0.437073514115055,0.740364186264186,0.740364186264186,"social_isolation_avg"
"17757","ZNF780B","Exc L4-5 RORB IL1RAPL2",0.0725597178179147,6.72892923339499,6.62050891164009,0.0109598135712575,0.103997308215528,0.103997308215528,"social_isolation_avg"
"17758","ZNF780A","Exc L4-5 RORB IL1RAPL2",-0.00461818404013625,3.64556159461678,0.0177956188146708,0.894039139056366,0.975474727711369,0.975474727711369,"social_isolation_avg"
"17759","MAP3K10","Exc L4-5 RORB IL1RAPL2",0.00209370102074296,5.46823243282261,0.00697515489109777,0.933541204622004,0.986583286147705,0.986583286147705,"social_isolation_avg"
"17760","TTC9B","Exc L4-5 RORB IL1RAPL2",-0.0956832507286509,5.95498514902502,8.19435185541289,0.00474629985850893,0.0635111312749982,0.0635111312749982,"social_isolation_avg"
"17761","CNTD2","Exc L4-5 RORB IL1RAPL2",0.00671118215129049,1.92548409210402,0.00806257880556453,0.928561320421346,0.984394153368006,0.984394153368006,"social_isolation_avg"
"17762","AKT2","Exc L4-5 RORB IL1RAPL2",0.0181728331349947,6.25130672748558,0.937448201313627,0.334349490218861,0.658844689068014,0.658844689068014,"social_isolation_avg"
"17763","C19orf47","Exc L4-5 RORB IL1RAPL2",0.0271012144691972,2.71575107181787,0.379321264639925,0.538813853321914,0.811882210176405,0.811882210176405,"social_isolation_avg"
"17764","PLD3","Exc L4-5 RORB IL1RAPL2",-0.0646825721194194,7.63735827062778,14.8199538124926,0.000168773840480115,0.00784865294378118,0.00784865294378118,"social_isolation_avg"
"17765","HIPK4","Exc L4-5 RORB IL1RAPL2",0.0856229243189564,2.90649902770445,1.60977751353882,0.206306863160295,0.523542403145914,0.523542403145914,"social_isolation_avg"
"17766","PRX","Exc L4-5 RORB IL1RAPL2",0.0875330526323393,0.669321420306104,1.0672357155689,0.426491469306792,0.732871646492618,0.732871646492618,"social_isolation_avg"
"17767","SERTAD1","Exc L4-5 RORB IL1RAPL2",-0.264563161974903,0.303383154130233,4.070961749491,0.0452440836653733,0.238402856395996,0.238402856395996,"social_isolation_avg"
"17768","SERTAD3","Exc L4-5 RORB IL1RAPL2",-0.153214732513662,-0.21479017976627,1.0828699683009,0.299576078111774,0.630579483140825,0.630579483140825,"social_isolation_avg"
"17769","BLVRB","Exc L4-5 RORB IL1RAPL2",0.020388569224413,3.6187789443161,0.216423750665851,0.64239075072551,0.868889526937839,0.868889526937839,"social_isolation_avg"
"17770","SPTBN4","Exc L4-5 RORB IL1RAPL2",0.020040175401378,8.75848575444528,1.6148313326181,0.205599518638246,0.522658671524152,0.522658671524152,"social_isolation_avg"
"17771","SHKBP1","Exc L4-5 RORB IL1RAPL2",-0.0654534418488323,1.11839928794442,0.584409378566251,0.445679099023721,0.746917115378904,0.746917115378904,"social_isolation_avg"
"17772","LTBP4","Exc L4-5 RORB IL1RAPL2",-0.0252085072879564,4.40386465143195,0.44721842907668,0.504591699207595,0.790209016160197,0.790209016160197,"social_isolation_avg"
"17773","NUMBL","Exc L4-5 RORB IL1RAPL2",0.00501810023379302,4.95449980544384,0.0215877646378147,0.883368094396236,0.973227420174169,0.973227420174169,"social_isolation_avg"
"17774","COQ8B","Exc L4-5 RORB IL1RAPL2",0.0218780198101436,3.96946775267936,0.404119569935223,0.525848502536089,0.804851926588362,0.804851926588362,"social_isolation_avg"
"17775","ITPKC","Exc L4-5 RORB IL1RAPL2",0.0628420545279434,3.78814396894588,3.21852214248128,0.0746370832568934,0.312642960439159,0.312642960439159,"social_isolation_avg"
"17776","C19orf54","Exc L4-5 RORB IL1RAPL2",-0.0430582956628964,0.076077545468132,0.150035069902224,0.699000121890143,0.898892470210937,0.898892470210937,"social_isolation_avg"
"17777","SNRPA","Exc L4-5 RORB IL1RAPL2",-0.0787120826571942,3.34623161246941,3.87282048544277,0.0507468683022251,0.254016268557249,0.254016268557249,"social_isolation_avg"
"17778","RAB4B-EGLN2","Exc L4-5 RORB IL1RAPL2",-0.198409336845798,0.521603490993571,5.11337229692234,0.0250459591084584,0.168617164558436,0.168617164558436,"social_isolation_avg"
"17779","AC008537.4","Exc L4-5 RORB IL1RAPL2",0.0694754143110493,0.562445979790023,0.526032188854371,0.522745994072952,0.802700613038008,0.802700613038008,"social_isolation_avg"
"17780","AC008537.1","Exc L4-5 RORB IL1RAPL2",0.165966349086006,6.10879480982973,20.6602051964012,1.05494477912367e-05,0.00138615348373604,0.00138615348373604,"social_isolation_avg"
"17781","AC008537.2","Exc L4-5 RORB IL1RAPL2",0.206897697335246,0.476872787224718,3.21417279923047,0.0748316631702652,0.313089254334679,0.313089254334679,"social_isolation_avg"
"17782","CYP2S1","Exc L4-5 RORB IL1RAPL2",-0.060981795938076,0.694161912001922,0.437105007617025,0.50944351547872,0.793145177157634,0.793145177157634,"social_isolation_avg"
"17783","AXL","Exc L4-5 RORB IL1RAPL2",0.321532890835972,-0.596156176982077,1.71739029521041,0.191847290776733,0.503398890269058,0.503398890269058,"social_isolation_avg"
"17784","HNRNPUL1","Exc L4-5 RORB IL1RAPL2",-0.0271235096357052,5.28770583476616,1.80231355439815,0.181273849154898,0.487822855903829,0.487822855903829,"social_isolation_avg"
"17785","TGFB1","Exc L4-5 RORB IL1RAPL2",0.0573824507490042,3.08098539700793,1.41817884533573,0.235410679845487,0.55866116560347,0.55866116560347,"social_isolation_avg"
"17786","CCDC97","Exc L4-5 RORB IL1RAPL2",-0.0361102695140804,2.7402834137789,0.536521869162779,0.464915113667097,0.761549551181295,0.761549551181295,"social_isolation_avg"
"17787","AC011462.1","Exc L4-5 RORB IL1RAPL2",0.162514009062784,1.51451653497594,3.95632324679337,0.0483455322586227,0.247062352615875,0.247062352615875,"social_isolation_avg"
"17788","B9D2","Exc L4-5 RORB IL1RAPL2",0.0257374593457885,1.04436299228503,0.108014610081602,0.955792808453189,0.990352027474875,0.990352027474875,"social_isolation_avg"
"17789","EXOSC5","Exc L4-5 RORB IL1RAPL2",-0.0237233696943936,2.79321428191004,0.300973158166169,0.843644956066543,0.960387835493355,0.960387835493355,"social_isolation_avg"
"17790","DMAC2","Exc L4-5 RORB IL1RAPL2",-0.0504575339605299,3.8560369311465,1.8761836387749,0.17262636082903,0.477663552682958,0.477663552682958,"social_isolation_avg"
"17791","AC243967.1","Exc L4-5 RORB IL1RAPL2",0.185878823440459,-0.0179218773439661,2.47202118336816,0.117800966120051,0.396511034071482,0.396511034071482,"social_isolation_avg"
"17792","AC243967.2","Exc L4-5 RORB IL1RAPL2",-0.11724159387968,0.431242176464135,0.73754521312881,0.391692033175907,0.706906234235153,0.706906234235153,"social_isolation_avg"
"17793","RPS19","Exc L4-5 RORB IL1RAPL2",-0.0383912930835872,5.38825522219503,1.00515588117859,0.317531535868557,0.645606510871369,0.645606510871369,"social_isolation_avg"
"17794","ARHGEF1","Exc L4-5 RORB IL1RAPL2",0.0320714824720736,3.82153331555881,0.99745183904447,0.445952030351614,0.747175982137864,0.747175982137864,"social_isolation_avg"
"17795","AC010616.1","Exc L4-5 RORB IL1RAPL2",0.0815334879701386,-0.468830995464098,0.179606488803924,0.672262607119513,0.884557060922122,0.884557060922122,"social_isolation_avg"
"17796","RABAC1","Exc L4-5 RORB IL1RAPL2",-0.162850280062759,4.99805548505644,20.6888401604659,1.04102050592314e-05,0.00138357958046504,0.00138357958046504,"social_isolation_avg"
"17797","AC010616.2","Exc L4-5 RORB IL1RAPL2",0.0394950506478667,2.73750582628553,0.60615653380301,0.437351707149771,0.740636503265086,0.740636503265086,"social_isolation_avg"
"17798","GRIK5","Exc L4-5 RORB IL1RAPL2",0.0280251070163217,6.04983205949637,1.68970287558526,0.19544989142795,0.508515554669316,0.508515554669316,"social_isolation_avg"
"17799","ZNF574","Exc L4-5 RORB IL1RAPL2",-0.128117511817454,2.31674053101077,6.53096246374565,0.011502655749008,0.106844255977899,0.106844255977899,"social_isolation_avg"
"17800","POU2F2","Exc L4-5 RORB IL1RAPL2",0.0402135145059863,4.88107668582196,1.55977859812277,0.213463446453,0.532616444575051,0.532616444575051,"social_isolation_avg"
"17801","DEDD2","Exc L4-5 RORB IL1RAPL2",-0.112968995823313,3.64945951561715,9.51121992933367,0.00239405808886476,0.0418810717061247,0.0418810717061247,"social_isolation_avg"
"17802","ZNF526","Exc L4-5 RORB IL1RAPL2",-0.097369674153725,1.99629879947108,2.83171471653583,0.0943075310424751,0.355371878720167,0.355371878720167,"social_isolation_avg"
"17803","GSK3A","Exc L4-5 RORB IL1RAPL2",-0.0924264538977498,5.53492373604541,9.44148980746689,0.00248162342493334,0.0426861789301489,0.0426861789301489,"social_isolation_avg"
"17804","CIC","Exc L4-5 RORB IL1RAPL2",0.0434699491682783,3.97332897912466,1.70561767669924,0.193369467354863,0.505580308625093,0.505580308625093,"social_isolation_avg"
"17805","PAFAH1B3","Exc L4-5 RORB IL1RAPL2",-0.0762871947375959,2.8451264649599,2.63324465833402,0.10655333552434,0.37745187847588,0.37745187847588,"social_isolation_avg"
"17806","PRR19","Exc L4-5 RORB IL1RAPL2",0.0886530616302081,-0.116226340174553,0.451296223108047,0.502657859709253,0.788491905451731,0.788491905451731,"social_isolation_avg"
"17807","TMEM145","Exc L4-5 RORB IL1RAPL2",0.00930282099628555,5.31351798523191,0.100834082399713,0.751231751752707,0.923530373264438,0.923530373264438,"social_isolation_avg"
"17808","MEGF8","Exc L4-5 RORB IL1RAPL2",-0.0539902985268843,5.66137425356638,7.00355407861304,0.00892086000357475,0.092135148541287,0.092135148541287,"social_isolation_avg"
"17809","LIPE-AS1","Exc L4-5 RORB IL1RAPL2",0.0402153766519066,6.55243343813366,1.8006609061559,0.181473004818272,0.488037763853284,0.488037763853284,"social_isolation_avg"
"17810","LIPE","Exc L4-5 RORB IL1RAPL2",0.0341212714708888,2.84019887520281,0.564844498395299,0.453383611008844,0.752923518252999,0.752923518252999,"social_isolation_avg"
"17811","CXCL17","Exc L4-5 RORB IL1RAPL2",-0.0445132971708123,0.864809192952386,0.209325189034746,0.64789761588687,0.87188088449047,0.87188088449047,"social_isolation_avg"
"17812","CEACAM1","Exc L4-5 RORB IL1RAPL2",0.0892949868293846,1.84666026892759,1.86712785963912,0.173660266879685,0.479123054772604,0.479123054772604,"social_isolation_avg"
"17813","PSG3","Exc L4-5 RORB IL1RAPL2",0.00462586468909658,-0.542514360858526,1.66699284030832e-05,0.996747263528019,0.999517208019121,0.999517208019121,"social_isolation_avg"
"17814","PSG8","Exc L4-5 RORB IL1RAPL2",0.0762730683905253,1.70347520905721,1.01329073952634,0.315587045277792,0.643791637580957,0.643791637580957,"social_isolation_avg"
"17815","PSG8-AS1","Exc L4-5 RORB IL1RAPL2",0.0747741682219991,2.35288614086649,1.28535501101918,0.25854733181543,0.58710006724873,0.58710006724873,"social_isolation_avg"
"17816","PSG6","Exc L4-5 RORB IL1RAPL2",0.0896100810550703,-0.408980508290677,0.270485058547162,0.603702409285903,0.848195833229269,0.848195833229269,"social_isolation_avg"
"17817","AC004784.1","Exc L4-5 RORB IL1RAPL2",0.0408608980023866,5.56181739265622,0.662805317727513,0.416742584535586,0.725422731083941,0.725422731083941,"social_isolation_avg"
"17818","PSG11","Exc L4-5 RORB IL1RAPL2",0.0530695217553954,0.154886513497493,0.128267820231939,0.720691774176551,0.909296979182147,0.909296979182147,"social_isolation_avg"
"17819","PSG2","Exc L4-5 RORB IL1RAPL2",-0.0137111185879413,-0.0703923994820144,0.0153977956911,0.90139648001988,0.978205337360331,0.978205337360331,"social_isolation_avg"
"17820","PSG4","Exc L4-5 RORB IL1RAPL2",0.355832677843655,0.404573613590173,3.63429611572553,0.0583356510548007,0.274569366569126,0.274569366569126,"social_isolation_avg"
"17821","PSG9","Exc L4-5 RORB IL1RAPL2",0.0860374075425143,0.848396524951418,0.874381307476486,0.351109264798995,0.671906212533577,0.671906212533577,"social_isolation_avg"
"17822","TEX101","Exc L4-5 RORB IL1RAPL2",0.219880955682158,1.26803139829559,4.46578264908567,0.036081620316261,0.208776861774916,0.208776861774916,"social_isolation_avg"
"17823","PHLDB3","Exc L4-5 RORB IL1RAPL2",0.0298475721040271,2.93402938478432,0.347002369648919,0.556619121664365,0.821004580462381,0.821004580462381,"social_isolation_avg"
"17824","ETHE1","Exc L4-5 RORB IL1RAPL2",0.0221389141662626,3.32483149411231,0.285057745180901,0.594122462040711,0.84318865168559,0.84318865168559,"social_isolation_avg"
"17825","ZNF575","Exc L4-5 RORB IL1RAPL2",-0.139208975904396,1.44704162422982,4.4019332998898,0.037418789202145,0.213419659662242,0.213419659662242,"social_isolation_avg"
"17826","XRCC1","Exc L4-5 RORB IL1RAPL2",-0.0734153077351434,3.33876197457747,3.9988381874865,0.0471697063735842,0.244118712881452,0.244118712881452,"social_isolation_avg"
"17827","L34079.1","Exc L4-5 RORB IL1RAPL2",0.04961790488026,0.545631307120418,0.244133362864514,0.762359203363907,0.929286899099656,0.929286899099656,"social_isolation_avg"
"17828","PINLYP","Exc L4-5 RORB IL1RAPL2",-0.0360476149165772,0.859449442713619,0.181582760101069,0.670570928375592,0.884110691644804,0.884110691644804,"social_isolation_avg"
"17829","IRGQ","Exc L4-5 RORB IL1RAPL2",-0.38306151020385,0.024494873275056,9.071327562074,0.00300470506603542,0.0478955556482361,0.0478955556482361,"social_isolation_avg"
"17830","SRRM5","Exc L4-5 RORB IL1RAPL2",0.101863409854863,1.5550438683852,2.10154567586354,0.149044973581457,0.446257898591878,0.446257898591878,"social_isolation_avg"
"17831","ZNF428","Exc L4-5 RORB IL1RAPL2",-0.124441346859495,4.8552716468588,16.6379356490204,7.02034605578625e-05,0.00455903054747284,0.00455903054747284,"social_isolation_avg"
"17832","CADM4","Exc L4-5 RORB IL1RAPL2",-0.0380072712280649,4.6655785487603,1.65987182501889,0.199421080735157,0.514206359851445,0.514206359851445,"social_isolation_avg"
"17833","PLAUR","Exc L4-5 RORB IL1RAPL2",0.167479002277332,2.6602477228415,9.38540788536953,0.00255443019671784,0.04328262204709,0.04328262204709,"social_isolation_avg"
"17834","SMG9","Exc L4-5 RORB IL1RAPL2",-0.00605116062142487,4.88226120989817,0.0691415692444503,0.881368137815812,0.972609736125801,0.972609736125801,"social_isolation_avg"
"17835","KCNN4","Exc L4-5 RORB IL1RAPL2",-0.0446791946433311,0.962623146283178,0.148167975459681,0.700787114104001,0.899494810173801,0.899494810173801,"social_isolation_avg"
"17836","AC115522.1","Exc L4-5 RORB IL1RAPL2",0.00736672844843622,1.21908880979456,0.00918929781987609,0.923747226367124,0.984023267092239,0.984023267092239,"social_isolation_avg"
"17837","LYPD5","Exc L4-5 RORB IL1RAPL2",0.0314279908788166,3.94524837129325,0.820679577186662,0.366300153628679,0.684594735127667,0.684594735127667,"social_isolation_avg"
"17838","ZNF283","Exc L4-5 RORB IL1RAPL2",-0.0420022878800484,4.12881270471391,2.04061065470502,0.155034989451728,0.454189608174726,0.454189608174726,"social_isolation_avg"
"17839","ZNF404","Exc L4-5 RORB IL1RAPL2",0.00388988580940177,2.8234594834195,0.00780299356525033,0.929717704226326,0.984673309916951,0.984673309916951,"social_isolation_avg"
"17840","AC006213.2","Exc L4-5 RORB IL1RAPL2",-0.0693230542306673,1.2512184409676,0.366768836472548,0.545601454592616,0.815042248724687,0.815042248724687,"social_isolation_avg"
"17841","AC006213.3","Exc L4-5 RORB IL1RAPL2",0.0408440533274083,3.97781275281382,0.729104635932887,0.394409295932839,0.709458094408227,0.709458094408227,"social_isolation_avg"
"17842","ZNF45","Exc L4-5 RORB IL1RAPL2",0.0705126043458439,2.32790220172996,1.71347502027466,0.282664265531588,0.61389928467897,0.61389928467897,"social_isolation_avg"
"17843","ZNF221","Exc L4-5 RORB IL1RAPL2",0.0736083742535022,2.30665609391829,1.89896303448055,0.170056994862882,0.474999763773337,0.474999763773337,"social_isolation_avg"
"17844","ZNF155","Exc L4-5 RORB IL1RAPL2",0.0634786181928839,5.26601653494183,3.99270170769904,0.0473375236465449,0.244414693725501,0.244414693725501,"social_isolation_avg"
"17845","ZNF230","Exc L4-5 RORB IL1RAPL2",0.0773599833022567,2.60245972981501,2.86641654209129,0.0923298370116254,0.351844605475667,0.351844605475667,"social_isolation_avg"
"17846","AC067968.1","Exc L4-5 RORB IL1RAPL2",-0.01477138167132,1.83481138465267,0.0564567007135531,0.812480802912882,0.950480178324379,0.950480178324379,"social_isolation_avg"
"17847","ZNF284","Exc L4-5 RORB IL1RAPL2",0.0144212557200517,1.19196807147249,0.0432190428571781,0.948990185837662,0.988853552742656,0.988853552742656,"social_isolation_avg"
"17848","ZNF224","Exc L4-5 RORB IL1RAPL2",0.0478839298889808,5.00547716843158,3.9057110342351,0.0796610386835197,0.323908710092768,0.323908710092768,"social_isolation_avg"
"17849","AC021092.1","Exc L4-5 RORB IL1RAPL2",-0.185134907178214,1.3921054638631,6.18170074664083,0.0139012545587002,0.118693879740598,0.118693879740598,"social_isolation_avg"
"17850","ZNF225","Exc L4-5 RORB IL1RAPL2",0.044114768640539,2.16788275464786,0.911160382173992,0.341200574548964,0.664452995027894,0.664452995027894,"social_isolation_avg"
"17851","ZNF234","Exc L4-5 RORB IL1RAPL2",0.0201250537327503,2.99861408522756,0.189394225309473,0.663988967050315,0.880856527610023,0.880856527610023,"social_isolation_avg"
"17852","ZNF226","Exc L4-5 RORB IL1RAPL2",0.00333116900932819,4.09161172883284,0.0117531776613181,0.913800310968258,0.981668613012071,0.981668613012071,"social_isolation_avg"
"17853","ZNF227","Exc L4-5 RORB IL1RAPL2",0.0200680139703558,3.98918996363445,0.415476689167141,0.520096272824833,0.800692592303203,0.800692592303203,"social_isolation_avg"
"17854","ZNF235","Exc L4-5 RORB IL1RAPL2",0.0914605634214207,6.07396677756738,15.8783897227758,0.000101109029655651,0.00574499684719093,0.00574499684719093,"social_isolation_avg"
"17855","ZNF233","Exc L4-5 RORB IL1RAPL2",0.0212012175747453,3.32755665593016,0.254583885841189,0.614537708767143,0.853783783810707,0.853783783810707,"social_isolation_avg"
"17856","ZNF112","Exc L4-5 RORB IL1RAPL2",0.0808311569662463,1.98473655154045,1.7273037269558,0.190576425255314,0.501445771416465,0.501445771416465,"social_isolation_avg"
"17857","AC245748.1","Exc L4-5 RORB IL1RAPL2",0.0339480054337115,1.16445664807524,0.180112339098722,0.752902412258721,0.924589402789535,0.924589402789535,"social_isolation_avg"
"17858","ZNF229","Exc L4-5 RORB IL1RAPL2",-0.0434246445605418,2.04338136722942,0.254714716051899,0.614446842660948,0.853783783810707,0.853783783810707,"social_isolation_avg"
"17859","ZNF180","Exc L4-5 RORB IL1RAPL2",0.01265765199977,2.95263870455493,0.0779730915371107,0.836733317040529,0.957126600067944,0.957126600067944,"social_isolation_avg"
"17860","IGSF23","Exc L4-5 RORB IL1RAPL2",0.0687840625062331,-0.204701638897147,0.20152859940319,0.654077806847222,0.875479011293795,0.875479011293795,"social_isolation_avg"
"17861","AC243964.2","Exc L4-5 RORB IL1RAPL2",0.0278049996111278,2.76854990007315,0.293344444201401,0.588814540254406,0.840537672377547,0.840537672377547,"social_isolation_avg"
"17862","PVR","Exc L4-5 RORB IL1RAPL2",-0.019019040642027,2.47433652452226,0.154090222114302,0.940925163283074,0.987961902248838,0.987961902248838,"social_isolation_avg"
"17863","CEACAM19","Exc L4-5 RORB IL1RAPL2",0.103493996825224,4.47496975532979,12.3852674818972,0.000559124634476985,0.016077807308418,0.016077807308418,"social_isolation_avg"
"17864","BCL3","Exc L4-5 RORB IL1RAPL2",-0.113698775705078,0.30512350700645,0.87831869184444,0.350029870210158,0.671354807323507,0.671354807323507,"social_isolation_avg"
"17865","BCAM","Exc L4-5 RORB IL1RAPL2",-0.194338357470855,-0.0282341759100292,1.56985425900207,0.211997718376986,0.530327882569527,0.530327882569527,"social_isolation_avg"
"17866","NECTIN2","Exc L4-5 RORB IL1RAPL2",-0.0713597081397082,0.741637622948577,0.480657720326987,0.48909755860855,0.779808844078475,0.779808844078475,"social_isolation_avg"
"17867","TOMM40","Exc L4-5 RORB IL1RAPL2",-0.0261330773785618,4.43367451116784,0.769282462729694,0.381712067864858,0.699706843254309,0.699706843254309,"social_isolation_avg"
"17868","APOE","Exc L4-5 RORB IL1RAPL2",-0.167309620481718,1.33959597923153,0.595095055865485,0.441556997255104,0.743944743283085,0.743944743283085,"social_isolation_avg"
"17869","APOC1","Exc L4-5 RORB IL1RAPL2",-0.0122792408518087,-0.123676461789637,0.00693723301408832,0.933721688325931,0.986583286147705,0.986583286147705,"social_isolation_avg"
"17870","AC011481.1","Exc L4-5 RORB IL1RAPL2",0.0599733830301056,1.25115379894882,0.675832984738155,0.412209574955499,0.722368932826989,0.722368932826989,"social_isolation_avg"
"17871","CLPTM1","Exc L4-5 RORB IL1RAPL2",-0.0327560221175397,5.8289570715863,2.96951113151387,0.0867174666920119,0.339538833642479,0.339538833642479,"social_isolation_avg"
"17872","RELB","Exc L4-5 RORB IL1RAPL2",0.0139791644351299,1.31803479324922,0.0192514659525909,0.889816874165858,0.974706512053996,0.974706512053996,"social_isolation_avg"
"17873","CLASRP","Exc L4-5 RORB IL1RAPL2",0.0727770399713404,5.62076610286018,14.3639757040911,0.000210773651523494,0.0090023662764696,0.0090023662764696,"social_isolation_avg"
"17874","ZNF296","Exc L4-5 RORB IL1RAPL2",-0.0512563132187749,0.143957537998178,0.200400600539793,0.697671640230257,0.898064161153595,0.898064161153595,"social_isolation_avg"
"17875","GEMIN7-AS1","Exc L4-5 RORB IL1RAPL2",0.0626402229998562,3.14191710464325,2.12449197045653,0.146858048927033,0.442792022748905,0.442792022748905,"social_isolation_avg"
"17876","MARK4","Exc L4-5 RORB IL1RAPL2",0.0121003959867053,6.27779134601225,0.611494733138474,0.581435292881551,0.836969713014417,0.836969713014417,"social_isolation_avg"
"17877","NKPD1","Exc L4-5 RORB IL1RAPL2",0.128017983522379,1.40075280394033,2.61462477155798,0.107789374383219,0.379767333493373,0.379767333493373,"social_isolation_avg"
"17878","TRAPPC6A","Exc L4-5 RORB IL1RAPL2",0.116939599351667,2.47985207749585,4.74721960012428,0.0307614474624102,0.191208064203766,0.191208064203766,"social_isolation_avg"
"17879","EXOC3L2","Exc L4-5 RORB IL1RAPL2",0.197246160218839,0.945830021097603,6.53277102288875,0.01149142051622,0.10679232199774,0.10679232199774,"social_isolation_avg"
"17880","CKM","Exc L4-5 RORB IL1RAPL2",-0.257768027174164,-0.0381380607151418,3.35371191778229,0.0688539380873441,0.300330774197285,0.300330774197285,"social_isolation_avg"
"17881","KLC3","Exc L4-5 RORB IL1RAPL2",0.0693921184964095,0.325844853408513,0.33247725671816,0.564988385323371,0.826725939162625,0.826725939162625,"social_isolation_avg"
"17882","ERCC2","Exc L4-5 RORB IL1RAPL2",-0.0519046397141453,3.42157201987345,1.49221919482404,0.223611776083927,0.544875520319894,0.544875520319894,"social_isolation_avg"
"17883","PPP1R13L","Exc L4-5 RORB IL1RAPL2",0.00149534576536812,0.613711176362394,0.00042118759242272,0.983651032129218,0.998104852196972,0.998104852196972,"social_isolation_avg"
"17884","CD3EAP","Exc L4-5 RORB IL1RAPL2",-0.0477915653815012,1.97028301857326,0.716834243965606,0.398408393586036,0.712343330724623,0.712343330724623,"social_isolation_avg"
"17885","ERCC1","Exc L4-5 RORB IL1RAPL2",0.0141562874608024,4.71177394458489,0.356283070323443,0.551394478179871,0.817820406180241,0.817820406180241,"social_isolation_avg"
"17886","FOSB","Exc L4-5 RORB IL1RAPL2",-0.140637140436896,0.892357086644805,0.774831568003136,0.380004487723243,0.698146044421466,0.698146044421466,"social_isolation_avg"
"17887","RTN2","Exc L4-5 RORB IL1RAPL2",-0.010617775140264,5.0249263072701,0.192715708041197,0.661239194325895,0.879467650487857,0.879467650487857,"social_isolation_avg"
"17888","PPM1N","Exc L4-5 RORB IL1RAPL2",-0.0609472322863631,1.85832827194225,1.05681233315577,0.305445294053338,0.635977631022445,0.635977631022445,"social_isolation_avg"
"17889","VASP","Exc L4-5 RORB IL1RAPL2",0.0586945319816311,2.43609251937847,1.30010053362931,0.255844293328963,0.58428845794536,0.58428845794536,"social_isolation_avg"
"17890","OPA3","Exc L4-5 RORB IL1RAPL2",0.055558974920015,4.17527230622541,2.8087364911008,0.0956426517031308,0.358134694810001,0.358134694810001,"social_isolation_avg"
"17891","EML2","Exc L4-5 RORB IL1RAPL2",0.0692529477260167,5.85256639694928,11.1045536551478,0.0010626027266593,0.0246391007244126,0.0246391007244126,"social_isolation_avg"
"17892","SNRPD2","Exc L4-5 RORB IL1RAPL2",-0.115409498296206,4.12125876397428,9.45227111892547,0.00246787270218596,0.0426045797427559,0.0426045797427559,"social_isolation_avg"
"17893","QPCTL","Exc L4-5 RORB IL1RAPL2",0.0886517025873533,3.30518060079605,5.29931132606233,0.0225813601795769,0.15930720207225,0.15930720207225,"social_isolation_avg"
"17894","FBXO46","Exc L4-5 RORB IL1RAPL2",0.057167009503965,3.57352349802566,2.58808110013263,0.10957896218707,0.382863059412556,0.382863059412556,"social_isolation_avg"
"17895","BHMG1","Exc L4-5 RORB IL1RAPL2",-0.0631337919454116,0.161717242612595,0.338534783934684,0.561468865932284,0.824361947102098,0.824361947102098,"social_isolation_avg"
"17896","DMPK","Exc L4-5 RORB IL1RAPL2",0.0115071918699947,4.64066253517223,0.192806087338382,0.867012271013104,0.966778680963355,0.966778680963355,"social_isolation_avg"
"17897","DMWD","Exc L4-5 RORB IL1RAPL2",-0.0420570425377732,0.834231237868073,0.174347067635878,0.676818827756685,0.88648706932151,0.88648706932151,"social_isolation_avg"
"17898","RSPH6A","Exc L4-5 RORB IL1RAPL2",0.0813303459760784,0.278509010263903,0.640341045915376,0.424735882215448,0.730916564565574,0.730916564565574,"social_isolation_avg"
"17899","SYMPK","Exc L4-5 RORB IL1RAPL2",0.0168916421768063,5.74808382953263,0.959626325850029,0.328712605188598,0.654072058341935,0.654072058341935,"social_isolation_avg"
"17900","IRF2BP1","Exc L4-5 RORB IL1RAPL2",-0.0874895585871821,2.94963383177676,3.54211945358999,0.0615865762732024,0.282013458292658,0.282013458292658,"social_isolation_avg"
"17901","MYPOP","Exc L4-5 RORB IL1RAPL2",-0.0424999568316999,4.15944739196762,2.10967409354429,0.148266071743169,0.44502131120177,0.44502131120177,"social_isolation_avg"
"17902","NOVA2","Exc L4-5 RORB IL1RAPL2",-0.0479911519260593,6.01295761248831,4.92284952611336,0.0278657811180733,0.179695577758219,0.179695577758219,"social_isolation_avg"
"17903","CCDC61","Exc L4-5 RORB IL1RAPL2",-0.0103992453577726,3.08264070220504,0.0635224228925365,0.801325913286396,0.944762793563814,0.944762793563814,"social_isolation_avg"
"17904","PGLYRP1","Exc L4-5 RORB IL1RAPL2",-0.0445395856954138,1.12229015775871,0.182329173153944,0.669934834581935,0.883801188338878,0.883801188338878,"social_isolation_avg"
"17905","AC007785.3","Exc L4-5 RORB IL1RAPL2",0.0526497302747307,2.90088939764061,1.59028232599729,0.341409052724142,0.664656928345867,0.664656928345867,"social_isolation_avg"
"17906","IGFL4","Exc L4-5 RORB IL1RAPL2",0.0243129589689121,5.33387766261874,0.21709815293227,0.641873311791232,0.868818079521986,0.868818079521986,"social_isolation_avg"
"17907","AC007785.1","Exc L4-5 RORB IL1RAPL2",0.021338795091867,4.89375537022076,0.304041213773971,0.582104562745296,0.837582967767462,0.837582967767462,"social_isolation_avg"
"17908","AC006262.2","Exc L4-5 RORB IL1RAPL2",0.0680893683683538,0.253561676578374,0.238418133003835,0.62599807057299,0.860679126789555,0.860679126789555,"social_isolation_avg"
"17909","IGFL2-AS1","Exc L4-5 RORB IL1RAPL2",0.0447262097838827,0.17295276209846,0.0893182387218461,0.765421066207007,0.930229227340792,0.930229227340792,"social_isolation_avg"
"17910","PPP5C","Exc L4-5 RORB IL1RAPL2",-0.0290989434352495,5.54723125510187,2.28706767716688,0.132365704444801,0.418531332520068,0.418531332520068,"social_isolation_avg"
"17911","PNMA8C","Exc L4-5 RORB IL1RAPL2",-0.03280421250363,4.50581239034576,0.829430726374078,0.363763357454496,0.682892291774962,0.682892291774962,"social_isolation_avg"
"17912","PNMA8A","Exc L4-5 RORB IL1RAPL2",-0.120675986430638,5.89571373959031,16.633353499889,7.03576407093742e-05,0.00455903054747284,0.00455903054747284,"social_isolation_avg"
"17913","PPP5D1","Exc L4-5 RORB IL1RAPL2",-0.0111586977471129,3.93982843772298,0.105352024126832,0.745909537706836,0.921080535670829,0.921080535670829,"social_isolation_avg"
"17914","CALM3","Exc L4-5 RORB IL1RAPL2",-0.0808475448643124,8.1850341606245,10.0606179500689,0.00180596937049265,0.0351912939846461,0.0351912939846461,"social_isolation_avg"
"17915","AC093503.2","Exc L4-5 RORB IL1RAPL2",-0.230666491432832,0.460289681546802,2.83993352905318,0.0938349669434424,0.354243674690415,0.354243674690415,"social_isolation_avg"
"17916","DACT3","Exc L4-5 RORB IL1RAPL2",-0.0760315040186612,3.90599997806901,4.26688978328623,0.0404227553409461,0.223571749139445,0.223571749139445,"social_isolation_avg"
"17917","DACT3-AS1","Exc L4-5 RORB IL1RAPL2",0.0310711997887006,2.82573454352899,0.326146724445115,0.5687125232646,0.828869629663832,0.828869629663832,"social_isolation_avg"
"17918","PRKD2","Exc L4-5 RORB IL1RAPL2",-0.0324434389713423,3.5877107004744,0.303014688722726,0.582741762264315,0.838018060800827,0.838018060800827,"social_isolation_avg"
"17919","STRN4","Exc L4-5 RORB IL1RAPL2",0.014562632947423,4.83179477664469,0.393430992493313,0.531366862206292,0.808299795509319,0.808299795509319,"social_isolation_avg"
"17920","FKRP","Exc L4-5 RORB IL1RAPL2",-0.0153211391241417,4.1215914926707,0.151166195291358,0.697923740805118,0.898205352997798,0.898205352997798,"social_isolation_avg"
"17921","AP2S1","Exc L4-5 RORB IL1RAPL2",-0.161867237796203,5.31496888413712,25.748602340432,1.03690334159386e-06,0.000369269884258598,0.000369269884258598,"social_isolation_avg"
"17922","ARHGAP35","Exc L4-5 RORB IL1RAPL2",0.0128908298704348,6.77501725388879,0.599359134700397,0.439928548456786,0.74260755333668,0.74260755333668,"social_isolation_avg"
"17923","NPAS1","Exc L4-5 RORB IL1RAPL2",0.0333830466798267,3.8420573258553,0.566960792124389,0.452540194448736,0.752608769950346,0.752608769950346,"social_isolation_avg"
"17924","TMEM160","Exc L4-5 RORB IL1RAPL2",-0.0767989961786506,5.36560265250753,3.66257407568545,0.0573756258617614,0.27208703422342,0.27208703422342,"social_isolation_avg"
"17925","ZC3H4","Exc L4-5 RORB IL1RAPL2",-0.0596594482451477,4.1264737721303,3.42805956807223,0.0658813871714884,0.292615428796181,0.292615428796181,"social_isolation_avg"
"17926","SAE1","Exc L4-5 RORB IL1RAPL2",-0.00728806622816136,5.61222643736614,0.124197965854984,0.724974248641653,0.910950728486481,0.910950728486481,"social_isolation_avg"
"17927","BBC3","Exc L4-5 RORB IL1RAPL2",-0.0088434978057147,3.47316775515551,0.04390264653865,0.834292858586427,0.956764360101448,0.956764360101448,"social_isolation_avg"
"17928","CCDC9","Exc L4-5 RORB IL1RAPL2",-0.101114523779656,2.3832053182878,3.82322746473447,0.0522330313934184,0.258362869793322,0.258362869793322,"social_isolation_avg"
"17929","INAFM1","Exc L4-5 RORB IL1RAPL2",-0.131488130919436,2.84417600072508,7.78198650708719,0.00589710721715182,0.0728323535611811,0.0728323535611811,"social_isolation_avg"
"17930","C5AR1","Exc L4-5 RORB IL1RAPL2",-0.0812974826831349,1.68612661233346,0.832905448185162,0.362762881830927,0.682222093939267,0.682222093939267,"social_isolation_avg"
"17931","C5AR2","Exc L4-5 RORB IL1RAPL2",-0.115328847311809,2.69750293227461,2.12801261142123,0.146525751626677,0.442522710163335,0.442522710163335,"social_isolation_avg"
"17932","DHX34","Exc L4-5 RORB IL1RAPL2",-0.0334883637040113,4.38981686936971,1.40062935534321,0.341593098972342,0.664739166551865,0.664739166551865,"social_isolation_avg"
"17933","MEIS3","Exc L4-5 RORB IL1RAPL2",-0.137984179419806,5.96047302955212,5.0669561873728,0.0257041415865693,0.171258790262306,0.171258790262306,"social_isolation_avg"
"17934","SLC8A2","Exc L4-5 RORB IL1RAPL2",-0.0216244438343886,6.37160114507882,0.931612253040862,0.335854313919425,0.660386618197333,0.660386618197333,"social_isolation_avg"
"17935","KPTN","Exc L4-5 RORB IL1RAPL2",-0.0502694458239647,2.72164583542195,1.02983320605017,0.311680941376084,0.640803552295651,0.640803552295651,"social_isolation_avg"
"17936","NAPA-AS1","Exc L4-5 RORB IL1RAPL2",-0.0354335836465717,1.25128796361837,0.23225643491161,0.630493216419489,0.862960224817212,0.862960224817212,"social_isolation_avg"
"17937","NAPA","Exc L4-5 RORB IL1RAPL2",-0.055400791835267,6.02456709677029,5.35554813890901,0.02188703683997,0.156174755095561,0.156174755095561,"social_isolation_avg"
"17938","ZNF541","Exc L4-5 RORB IL1RAPL2",0.0326705027953661,2.53182182989104,0.43764382879912,0.509182991200993,0.792942500124608,0.792942500124608,"social_isolation_avg"
"17939","AC010519.1","Exc L4-5 RORB IL1RAPL2",-0.0405236153650973,-0.30489533633763,0.0782291509548999,0.780061390704019,0.936537426275821,0.936537426275821,"social_isolation_avg"
"17940","AC010331.1","Exc L4-5 RORB IL1RAPL2",-0.102530177125732,1.39920488832587,2.06933741573893,0.152177511795698,0.45003918422732,0.45003918422732,"social_isolation_avg"
"17941","BICRA-AS1","Exc L4-5 RORB IL1RAPL2",0.0512858886239571,0.616447441408285,0.289009795575829,0.741756369539083,0.918987183607189,0.918987183607189,"social_isolation_avg"
"17942","EHD2","Exc L4-5 RORB IL1RAPL2",0.0628340480703786,0.404811773578638,0.378298662080465,0.567575934540106,0.827884493860533,0.827884493860533,"social_isolation_avg"
"17943","NOP53","Exc L4-5 RORB IL1RAPL2",-0.0704917952523464,2.82067437617486,1.78606518327032,0.183243023918452,0.490193871845191,0.490193871845191,"social_isolation_avg"
"17944","NOP53-AS1","Exc L4-5 RORB IL1RAPL2",-0.040793137786371,0.472445692015416,0.149840479843124,0.951141867485593,0.989392111770647,0.989392111770647,"social_isolation_avg"
"17945","SELENOW","Exc L4-5 RORB IL1RAPL2",-0.133431103393351,7.03373792469514,29.1816847116099,2.26373138445617e-07,0.000164738698174213,0.000164738698174213,"social_isolation_avg"
"17946","SULT2A1","Exc L4-5 RORB IL1RAPL2",0.146724491588893,-0.311170837646022,1.15395359992336,0.284288651972507,0.615449151484187,0.615449151484187,"social_isolation_avg"
"17947","PLA2G4C","Exc L4-5 RORB IL1RAPL2",0.0423079721189758,5.98474432241859,1.62821031442869,0.203740836840564,0.520170067988168,0.520170067988168,"social_isolation_avg"
"17948","LIG1","Exc L4-5 RORB IL1RAPL2",0.0567198514517519,3.27440627327959,2.08704917657295,0.150445694705836,0.447646326392377,0.447646326392377,"social_isolation_avg"
"17949","AC011466.3","Exc L4-5 RORB IL1RAPL2",0.175233476448079,-0.0144864767742526,1.95138841904981,0.164309882580966,0.467786230561911,0.467786230561911,"social_isolation_avg"
"17950","ZSWIM9","Exc L4-5 RORB IL1RAPL2",-0.0493024723192864,3.93340238524833,2.51283294833663,0.114834011631796,0.391138493984738,0.391138493984738,"social_isolation_avg"
"17951","CARD8","Exc L4-5 RORB IL1RAPL2",-0.0694414266129107,1.55499469785841,0.897738882119952,0.34477181764558,0.667290053362523,0.667290053362523,"social_isolation_avg"
"17952","AC011466.1","Exc L4-5 RORB IL1RAPL2",0.0415695377876575,1.7142558216831,0.357883527736088,0.550502840680806,0.817281608358524,0.817281608358524,"social_isolation_avg"
"17953","CCDC114","Exc L4-5 RORB IL1RAPL2",0.206930266949265,-0.0708942320746864,2.23014410722213,0.137247557890648,0.427363252703286,0.427363252703286,"social_isolation_avg"
"17954","EMP3","Exc L4-5 RORB IL1RAPL2",0.180513740707054,0.758857564860068,5.24949844097338,0.0232156306137233,0.161850754179167,0.161850754179167,"social_isolation_avg"
"17955","TMEM143","Exc L4-5 RORB IL1RAPL2",0.0602571917516101,3.94559922817883,2.69659695783426,0.102463793175373,0.370859017411195,0.370859017411195,"social_isolation_avg"
"17956","KDELR1","Exc L4-5 RORB IL1RAPL2",-0.0555556933497419,4.31197626657601,4.23231042866514,0.0412323473589013,0.22615933587627,0.22615933587627,"social_isolation_avg"
"17957","GRIN2D","Exc L4-5 RORB IL1RAPL2",0.235304868632021,0.00934317045610907,0.937803736653282,0.334258107236956,0.658844689068014,0.658844689068014,"social_isolation_avg"
"17958","GRWD1","Exc L4-5 RORB IL1RAPL2",-0.048413922309866,2.16151964625171,0.659273968977977,0.417984114954333,0.725848828988622,0.725848828988622,"social_isolation_avg"
"17959","KCNJ14","Exc L4-5 RORB IL1RAPL2",0.022385977413992,2.22247128795563,0.160264242419307,0.689430258847177,0.893289730031325,0.893289730031325,"social_isolation_avg"
"17960","AC008403.1","Exc L4-5 RORB IL1RAPL2",0.0594764073650993,-0.362747285335524,0.134898714427826,0.713875793579586,0.906404770522034,0.906404770522034,"social_isolation_avg"
"17961","CYTH2","Exc L4-5 RORB IL1RAPL2",-0.0957303580581124,3.79893249913766,7.85429382090527,0.0056762478972267,0.070883100327984,0.070883100327984,"social_isolation_avg"
"17962","LMTK3","Exc L4-5 RORB IL1RAPL2",0.0514681630497208,6.6969716330712,2.06002573042046,0.153097108777523,0.451699734161784,0.451699734161784,"social_isolation_avg"
"17963","AC008403.3","Exc L4-5 RORB IL1RAPL2",-0.24185570678611,2.17312638539919,15.2274593366225,0.000138480709922737,0.00702464748645606,0.00702464748645606,"social_isolation_avg"
"17964","SULT2B1","Exc L4-5 RORB IL1RAPL2",0.102436846597877,1.37461068079065,1.90200172607094,0.169717607606718,0.474344142415334,0.474344142415334,"social_isolation_avg"
"17965","FAM83E","Exc L4-5 RORB IL1RAPL2",0.0787177665531448,-0.513902930747877,0.215068193340224,0.643433786154429,0.869307669999258,0.869307669999258,"social_isolation_avg"
"17966","RPL18","Exc L4-5 RORB IL1RAPL2",-0.0773328137849283,5.39220788169552,3.57497336521084,0.0604060947884672,0.280086566934701,0.280086566934701,"social_isolation_avg"
"17967","AC022154.1","Exc L4-5 RORB IL1RAPL2",-0.0736208817824159,0.451022849799772,0.443177303401734,0.506520791386582,0.79127946267208,0.79127946267208,"social_isolation_avg"
"17968","SPHK2","Exc L4-5 RORB IL1RAPL2",0.003030287903635,4.15464720806836,0.0118177221940704,0.913564878991094,0.981668613012071,0.981668613012071,"social_isolation_avg"
"17969","DBP","Exc L4-5 RORB IL1RAPL2",-0.0960499059213967,4.20379567668245,5.72794873668842,0.0178177377978611,0.139540321553531,0.139540321553531,"social_isolation_avg"
"17970","CA11","Exc L4-5 RORB IL1RAPL2",-0.0361186841770574,6.32963362881582,1.79896737559052,0.181677351978245,0.488383844424893,0.488383844424893,"social_isolation_avg"
"17971","NTN5","Exc L4-5 RORB IL1RAPL2",-0.0282480971811862,1.21360939315869,0.110884492151909,0.739561361217201,0.918010924069452,0.918010924069452,"social_isolation_avg"
"17972","FUT2","Exc L4-5 RORB IL1RAPL2",0.148620249998337,1.67239459157126,3.69208453499177,0.0563917899010175,0.269597678982157,0.269597678982157,"social_isolation_avg"
"17973","MAMSTR","Exc L4-5 RORB IL1RAPL2",-0.0487449608303897,2.09710961598956,0.685167869885547,0.427576383172542,0.733978994663935,0.733978994663935,"social_isolation_avg"
"17974","RASIP1","Exc L4-5 RORB IL1RAPL2",-0.0944057053258557,2.72217916517045,4.11618867106357,0.044079363013341,0.234585425355713,0.234585425355713,"social_isolation_avg"
"17975","IZUMO1","Exc L4-5 RORB IL1RAPL2",0.118318914108565,0.992749943506935,1.88844821501849,0.171237455197639,0.476167312744066,0.476167312744066,"social_isolation_avg"
"17976","FUT1","Exc L4-5 RORB IL1RAPL2",-0.0748645153329821,1.24922594128613,0.969248509008964,0.326306509746259,0.652982310523691,0.652982310523691,"social_isolation_avg"
"17977","BCAT2","Exc L4-5 RORB IL1RAPL2",0.028316619804344,4.61711928688365,0.822978610257499,0.365631324493783,0.684289993872757,0.684289993872757,"social_isolation_avg"
"17978","HSD17B14","Exc L4-5 RORB IL1RAPL2",0.154301402036786,3.88795436249898,11.7080464290022,0.000784297899701852,0.0203562421951423,0.0203562421951423,"social_isolation_avg"
"17979","PPP1R15A","Exc L4-5 RORB IL1RAPL2",-0.0804692496872659,3.33105656307362,3.99692917928024,0.0472218449520293,0.244321719534412,0.244321719534412,"social_isolation_avg"
"17980","TULP2","Exc L4-5 RORB IL1RAPL2",-0.0175202503789811,1.39096629921705,0.0561921065075566,0.812912503843904,0.950559079342002,0.950559079342002,"social_isolation_avg"
"17981","NUCB1","Exc L4-5 RORB IL1RAPL2",-0.081470706658458,4.95638742658284,9.34726746915347,0.00260519394894791,0.0436993570106767,0.0436993570106767,"social_isolation_avg"
"17982","NUCB1-AS1","Exc L4-5 RORB IL1RAPL2",0.0401919124046802,1.40272196215811,0.233381841977299,0.927830064456901,0.98417618971798,0.98417618971798,"social_isolation_avg"
"17983","DHDH","Exc L4-5 RORB IL1RAPL2",-0.122949293943636,1.62064713789165,2.95440118923946,0.0875161713471317,0.340988163062091,0.340988163062091,"social_isolation_avg"
"17984","BAX","Exc L4-5 RORB IL1RAPL2",-0.121996356335119,3.02324073538182,8.25449396139794,0.004598915085927,0.0623771127891216,0.0623771127891216,"social_isolation_avg"
"17985","FTL","Exc L4-5 RORB IL1RAPL2",-0.0476282472638987,6.70752264822933,2.08430232780312,0.150712796400014,0.448018353603246,0.448018353603246,"social_isolation_avg"
"17986","GYS1","Exc L4-5 RORB IL1RAPL2",0.100612834493328,5.043422114976,14.7217627018377,0.000177032972578323,0.00807142379314327,0.00807142379314327,"social_isolation_avg"
"17987","RUVBL2","Exc L4-5 RORB IL1RAPL2",-0.0683149670164676,3.44798823323523,3.29728995613397,0.0712063796798973,0.306064495666365,0.306064495666365,"social_isolation_avg"
"17988","SNRNP70","Exc L4-5 RORB IL1RAPL2",-0.00407861452507952,7.16887520834397,0.0393683430804146,0.842964535710281,0.960075361474402,0.960075361474402,"social_isolation_avg"
"17989","LIN7B","Exc L4-5 RORB IL1RAPL2",-0.11014434633895,3.86403167223568,9.38483375965838,0.00255518676743299,0.04328262204709,0.04328262204709,"social_isolation_avg"
"17990","C19orf73","Exc L4-5 RORB IL1RAPL2",-0.0514226781709729,1.1047778146346,0.420027753434715,0.517822424114165,0.799487399972592,0.799487399972592,"social_isolation_avg"
"17991","PPFIA3","Exc L4-5 RORB IL1RAPL2",-0.0157306657449393,5.84068302665074,0.570893698458088,0.450979332598874,0.752003168423663,0.752003168423663,"social_isolation_avg"
"17992","TRPM4","Exc L4-5 RORB IL1RAPL2",-0.00196511086172492,3.27493324383414,0.00248545247362018,0.96029867538161,0.992072685607177,0.992072685607177,"social_isolation_avg"
"17993","SLC6A16","Exc L4-5 RORB IL1RAPL2",0.000652450623887939,3.39573548206078,0.000158544298018098,0.989968936155793,0.998822911403646,0.998822911403646,"social_isolation_avg"
"17994","AC011450.1","Exc L4-5 RORB IL1RAPL2",-0.0304469407207669,0.178258444953101,0.0590422792378528,0.808317371859521,0.947831825874555,0.947831825874555,"social_isolation_avg"
"17995","AC010643.1","Exc L4-5 RORB IL1RAPL2",-0.150883100989128,0.681041557431179,1.84699764922538,0.17598439476059,0.482097855164082,0.482097855164082,"social_isolation_avg"
"17996","CCDC155","Exc L4-5 RORB IL1RAPL2",-0.0525598791395257,-0.0732509021925206,0.0940427922349807,0.759485108594573,0.927350138081951,0.927350138081951,"social_isolation_avg"
"17997","SLC17A7","Exc L4-5 RORB IL1RAPL2",-0.0677757197611146,7.72108635480227,5.9976033252733,0.0153694397722019,0.125998773799754,0.125998773799754,"social_isolation_avg"
"17998","PIH1D1","Exc L4-5 RORB IL1RAPL2",-0.0621449750950866,3.884479856205,3.74690061058314,0.0546119282573277,0.265334464475837,0.265334464475837,"social_isolation_avg"
"17999","RPL13A","Exc L4-5 RORB IL1RAPL2",0.0034164069041077,5.20277597688587,0.0100636211610428,0.920213752904585,0.983304027712636,0.983304027712636,"social_isolation_avg"
"18000","RPS11","Exc L4-5 RORB IL1RAPL2",-0.122090605598542,4.66551153422281,13.1047276915289,0.000391290574426605,0.0130345228146581,0.0130345228146581,"social_isolation_avg"
"18001","RCN3","Exc L4-5 RORB IL1RAPL2",-0.00397036934042301,1.95226765948248,0.00426335205486425,0.948018541961113,0.988740948001749,0.988740948001749,"social_isolation_avg"
"18002","NOSIP","Exc L4-5 RORB IL1RAPL2",-0.017788281916992,3.94215462975341,0.266143658850545,0.606619813754969,0.849582050041286,0.849582050041286,"social_isolation_avg"
"18003","PRRG2","Exc L4-5 RORB IL1RAPL2",-0.0907155522255352,0.288015506992219,0.73516895523185,0.392454278565461,0.707337340897036,0.707337340897036,"social_isolation_avg"
"18004","PRR12","Exc L4-5 RORB IL1RAPL2",0.0421090047737836,4.75762541494955,2.93575967677779,0.0885126508013581,0.343175727153372,0.343175727153372,"social_isolation_avg"
"18005","RRAS","Exc L4-5 RORB IL1RAPL2",-0.152760500622162,0.345676139835949,1.46697424486721,0.227552452939576,0.549256904950383,0.549256904950383,"social_isolation_avg"
"18006","SCAF1","Exc L4-5 RORB IL1RAPL2",-0.108080523181388,4.68507932254638,12.4412270553372,0.000543764767419104,0.0158529632732463,0.0158529632732463,"social_isolation_avg"
"18007","IRF3","Exc L4-5 RORB IL1RAPL2",-0.149940486442392,3.68170741757354,14.5830984122203,0.000189403150645919,0.00847209695832492,0.00847209695832492,"social_isolation_avg"
"18008","PRMT1","Exc L4-5 RORB IL1RAPL2",-0.0711212224986278,4.3755108485319,4.32197604670658,0.0391676519575689,0.219526565191545,0.219526565191545,"social_isolation_avg"
"18009","ADM5","Exc L4-5 RORB IL1RAPL2",-0.24714803019847,-0.352756750333878,3.0460302092376,0.0827930127888931,0.331119550830405,0.331119550830405,"social_isolation_avg"
"18010","CPT1C","Exc L4-5 RORB IL1RAPL2",-0.0284378993171048,5.72658667796555,1.65932949446429,0.199494155191138,0.514218237970458,0.514218237970458,"social_isolation_avg"
"18011","TSKS","Exc L4-5 RORB IL1RAPL2",0.169389162168361,-0.218625201368152,1.46889069116654,0.227250369724883,0.54916338818425,0.54916338818425,"social_isolation_avg"
"18012","AP2A1","Exc L4-5 RORB IL1RAPL2",-0.0467529739795369,5.61033400367858,5.15543530092335,0.0244647646292508,0.16642703830904,0.16642703830904,"social_isolation_avg"
"18013","FUZ","Exc L4-5 RORB IL1RAPL2",-0.0244135545800699,2.56067753656169,0.270603780447024,0.603623047814101,0.848147310833998,0.848147310833998,"social_isolation_avg"
"18014","MED25","Exc L4-5 RORB IL1RAPL2",0.00216422406300306,4.78128409341831,0.00619727431479184,0.937348353159412,0.987558783347026,0.987558783347026,"social_isolation_avg"
"18015","PTOV1-AS1","Exc L4-5 RORB IL1RAPL2",-0.0309515767271603,1.18663318255282,0.156258323322103,0.693134680302681,0.89545277113253,0.89545277113253,"social_isolation_avg"
"18016","PTOV1","Exc L4-5 RORB IL1RAPL2",-0.0347679350733665,5.14190537084997,1.11083765831715,0.293438088815334,0.624327232483406,0.624327232483406,"social_isolation_avg"
"18017","PNKP","Exc L4-5 RORB IL1RAPL2",0.00957311798324063,3.81290250074504,0.0526020701601697,0.818879337337348,0.951779344048158,0.951779344048158,"social_isolation_avg"
"18018","TBC1D17","Exc L4-5 RORB IL1RAPL2",-0.0154044710586089,4.46046640950383,0.330348077379896,0.566235634982341,0.827507874372509,0.827507874372509,"social_isolation_avg"
"18019","IL4I1","Exc L4-5 RORB IL1RAPL2",0.0129773623604425,0.0139118992921978,0.00896249718896086,0.924691240617436,0.984094777650805,0.984094777650805,"social_isolation_avg"
"18020","ATF5","Exc L4-5 RORB IL1RAPL2",-0.0973693133902062,1.82833046233199,2.0705892656741,0.152054364154523,0.449876738077516,0.449876738077516,"social_isolation_avg"
"18021","VRK3","Exc L4-5 RORB IL1RAPL2",-0.0150025177770541,4.55747633341704,0.305102865975592,0.72883468599471,0.91265308748166,0.91265308748166,"social_isolation_avg"
"18022","ZNF473","Exc L4-5 RORB IL1RAPL2",0.0252872962268764,2.55997034587368,0.274008881213634,0.601356225146825,0.847172435051866,0.847172435051866,"social_isolation_avg"
"18023","AC010624.3","Exc L4-5 RORB IL1RAPL2",-0.0425477111612716,0.292617397214276,0.133412187691576,0.715387013894023,0.906943848411394,0.906943848411394,"social_isolation_avg"
"18024","AC010624.2","Exc L4-5 RORB IL1RAPL2",0.0369150111017615,1.47823919081715,0.218080554630112,0.641121307492189,0.868354838475558,0.868354838475558,"social_isolation_avg"
"18025","IZUMO2","Exc L4-5 RORB IL1RAPL2",-0.130854496341147,0.577269846701091,0.857244367844439,0.355860774239076,0.676066173143691,0.676066173143691,"social_isolation_avg"
"18026","MYH14","Exc L4-5 RORB IL1RAPL2",0.0443818548629069,4.72444353689817,2.34830921449287,0.127330638270613,0.41064815858142,0.41064815858142,"social_isolation_avg"
"18027","KCNC3","Exc L4-5 RORB IL1RAPL2",-0.0770134586705769,4.4901095900921,5.15934505166146,0.0244114656733925,0.16642703830904,0.16642703830904,"social_isolation_avg"
"18028","NR1H2","Exc L4-5 RORB IL1RAPL2",-0.0292417027720457,4.14370447601312,0.724099505837071,0.396033479294924,0.710527834143388,0.710527834143388,"social_isolation_avg"
"18029","NAPSA","Exc L4-5 RORB IL1RAPL2",-0.102523902539103,-0.295607602287677,0.564172573153488,0.453651914304656,0.753008849070831,0.753008849070831,"social_isolation_avg"
"18030","POLD1","Exc L4-5 RORB IL1RAPL2",0.146603428290427,1.0607180309155,3.76236309339735,0.0541208086678807,0.264076960778763,0.264076960778763,"social_isolation_avg"
"18031","MYBPC2","Exc L4-5 RORB IL1RAPL2",0.11457160098936,-0.201836332835578,0.724497915265569,0.395903839395636,0.710527834143388,0.710527834143388,"social_isolation_avg"
"18032","FAM71E1","Exc L4-5 RORB IL1RAPL2",-0.054078348329862,1.18692710133888,0.43991704964464,0.508086406082141,0.792082301184822,0.792082301184822,"social_isolation_avg"
"18033","EMC10","Exc L4-5 RORB IL1RAPL2",-0.0473630652769173,3.81559474547385,2.14452843913171,0.144978264646865,0.439709871762047,0.439709871762047,"social_isolation_avg"
"18034","JOSD2","Exc L4-5 RORB IL1RAPL2",-0.114775359919278,2.78086991788619,5.31618658989471,0.0223706225264078,0.158292651018012,0.158292651018012,"social_isolation_avg"
"18035","ASPDH","Exc L4-5 RORB IL1RAPL2",-0.102942065366391,2.97295351351146,4.46156805965073,0.0361683080563447,0.209086635115826,0.209086635115826,"social_isolation_avg"
"18036","LRRC4B","Exc L4-5 RORB IL1RAPL2",0.0342857253612131,6.56074013651781,3.16060278477977,0.077273917928742,0.319096421023511,0.319096421023511,"social_isolation_avg"
"18037","SYT3","Exc L4-5 RORB IL1RAPL2",-0.0282788700275436,3.19950331982219,0.512408278833386,0.6508693108428,0.873473170470006,0.873473170470006,"social_isolation_avg"
"18038","C19orf81","Exc L4-5 RORB IL1RAPL2",-0.0152354679322343,1.27813664196661,0.031897539956654,0.858471426202049,0.964243395716678,0.964243395716678,"social_isolation_avg"
"18039","SHANK1","Exc L4-5 RORB IL1RAPL2",0.0146136011252854,5.30362470340683,0.289381376196858,0.591340784387111,0.842146543834753,0.842146543834753,"social_isolation_avg"
"18040","CLEC11A","Exc L4-5 RORB IL1RAPL2",-0.0414907649997951,2.99150352820542,0.763570660925097,0.383481138182074,0.700678055263537,0.700678055263537,"social_isolation_avg"
"18041","AC010325.1","Exc L4-5 RORB IL1RAPL2",-0.0121425848907632,1.08467290725325,0.0171032114222476,0.896108967257775,0.976346158479904,0.976346158479904,"social_isolation_avg"
"18042","C19orf48","Exc L4-5 RORB IL1RAPL2",-0.0964366852519904,1.51707167914835,2.13003517855881,0.164661319581858,0.468392366862758,0.468392366862758,"social_isolation_avg"
"18043","KLK5","Exc L4-5 RORB IL1RAPL2",-0.0358734421515601,0.599179340422465,0.0904403611458525,0.763995996522441,0.929360205936259,0.929360205936259,"social_isolation_avg"
"18044","AC011483.1","Exc L4-5 RORB IL1RAPL2",0.0211146074736193,-0.445280679605016,0.0134382734294768,0.907853829961073,0.979320338732308,0.979320338732308,"social_isolation_avg"
"18045","KLK7","Exc L4-5 RORB IL1RAPL2",0.0338620175711871,2.61905750446296,0.154266886208934,0.694996707348263,0.896335864166618,0.896335864166618,"social_isolation_avg"
"18046","KLK10","Exc L4-5 RORB IL1RAPL2",0.200431145873673,0.636258597326573,2.21722743297987,0.138383403324451,0.429660711240883,0.429660711240883,"social_isolation_avg"
"18047","KLK14","Exc L4-5 RORB IL1RAPL2",-0.0778736751038207,0.992025846938643,0.759915692257736,0.384619300713517,0.701434389281972,0.701434389281972,"social_isolation_avg"
"18048","CTU1","Exc L4-5 RORB IL1RAPL2",-0.0311452433566688,2.27080743940025,0.274509828916514,0.601024254527595,0.846948679520118,0.846948679520118,"social_isolation_avg"
"18049","AC063977.6","Exc L4-5 RORB IL1RAPL2",-0.201478990381656,0.694689270132498,1.64029660719796,0.202078872606851,0.517533073713351,0.517533073713351,"social_isolation_avg"
"18050","IGLON5","Exc L4-5 RORB IL1RAPL2",-0.0280118667691311,4.28517668504676,0.708294193774289,0.401226594755287,0.714065779387082,0.714065779387082,"social_isolation_avg"
"18051","VSIG10L","Exc L4-5 RORB IL1RAPL2",-0.187915129816464,0.610217662461665,3.4366317087732,0.0655476587841255,0.291749529958701,0.291749529958701,"social_isolation_avg"
"18052","ETFB","Exc L4-5 RORB IL1RAPL2",-0.0439553386262685,2.53765439708067,0.493890148316108,0.483185665981907,0.775372863914549,0.775372863914549,"social_isolation_avg"
"18053","ZNF175","Exc L4-5 RORB IL1RAPL2",0.0939040910428637,3.64976722491796,11.5939602698018,0.000830512322603669,0.0210406661681392,0.0210406661681392,"social_isolation_avg"
"18054","SPACA6","Exc L4-5 RORB IL1RAPL2",0.102676390778798,3.77816111847493,9.35427916359515,0.00259578452407238,0.0436993570106767,0.0436993570106767,"social_isolation_avg"
"18055","HAS1","Exc L4-5 RORB IL1RAPL2",-0.187385118674886,1.4921831837697,5.1636377107855,0.0243530869476058,0.166168322443437,0.166168322443437,"social_isolation_avg"
"18056","FPR1","Exc L4-5 RORB IL1RAPL2",0.131384086142124,0.0889342998689388,1.26959904633995,0.261474992314262,0.59091134526229,0.59091134526229,"social_isolation_avg"
"18057","FPR2","Exc L4-5 RORB IL1RAPL2",-0.179866146237665,0.115265539170946,1.44945662388571,0.230336372088197,0.552556696860669,0.552556696860669,"social_isolation_avg"
"18058","ZNF577","Exc L4-5 RORB IL1RAPL2",0.0541832465146435,5.5488219896912,5.49570210102563,0.0202520655737517,0.149326657466179,0.149326657466179,"social_isolation_avg"
"18059","ZNF649","Exc L4-5 RORB IL1RAPL2",0.0732013522824024,2.22793680812856,1.51307293851923,0.220418549233019,0.54113654729959,0.54113654729959,"social_isolation_avg"
"18060","ZNF613","Exc L4-5 RORB IL1RAPL2",0.0343902373566209,1.81310018516648,0.349292099645476,0.918539361565258,0.983105896136627,0.983105896136627,"social_isolation_avg"
"18061","ZNF350-AS1","Exc L4-5 RORB IL1RAPL2",-0.00745311396546037,2.54592502768477,0.0094539410205013,0.922660443100161,0.983585629113706,0.983585629113706,"social_isolation_avg"
"18062","ZNF350","Exc L4-5 RORB IL1RAPL2",0.0139832954359101,1.92162994673347,0.042247107878684,0.837402370491648,0.957486720574842,0.957486720574842,"social_isolation_avg"
"18063","ZNF615","Exc L4-5 RORB IL1RAPL2",0.00353056767847893,3.5612661161529,0.0122737895407287,0.911919547670274,0.981369000197318,0.981369000197318,"social_isolation_avg"
"18064","ZNF614","Exc L4-5 RORB IL1RAPL2",0.0070211214525965,3.12158293382612,0.032956033832109,0.856167751715915,0.963429117487869,0.963429117487869,"social_isolation_avg"
"18065","ZNF432","Exc L4-5 RORB IL1RAPL2",0.0724259533245711,4.68826784132424,6.85632361601612,0.00965362768274209,0.0966947005744643,0.0966947005744643,"social_isolation_avg"
"18066","ZNF616","Exc L4-5 RORB IL1RAPL2",-0.0529726472537579,2.39032647520369,1.39746177426995,0.238846767339196,0.562759055808341,0.562759055808341,"social_isolation_avg"
"18067","AC011468.3","Exc L4-5 RORB IL1RAPL2",-0.0354110413413361,1.36663416291799,0.13586088512225,0.712902674287159,0.905910701135506,0.905910701135506,"social_isolation_avg"
"18068","ZNF836","Exc L4-5 RORB IL1RAPL2",0.0238907816168468,2.91503087726386,0.368370743213311,0.54472644986106,0.814378094012415,0.814378094012415,"social_isolation_avg"
"18069","PPP2R1A","Exc L4-5 RORB IL1RAPL2",-0.0427819887421418,6.56708136589662,3.05666921670207,0.082262877566111,0.329766081870421,0.329766081870421,"social_isolation_avg"
"18070","AC010320.2","Exc L4-5 RORB IL1RAPL2",0.214496242773815,-0.0183417925115832,3.00781514404178,0.112250489681668,0.387006471440751,0.387006471440751,"social_isolation_avg"
"18071","ZNF766","Exc L4-5 RORB IL1RAPL2",0.0137084083338488,4.2617123030199,0.220357782411824,0.639386053502301,0.867293779059998,0.867293779059998,"social_isolation_avg"
"18072","AC010320.3","Exc L4-5 RORB IL1RAPL2",-0.0397851978162198,1.20522709611257,0.256780199626962,0.755065601486652,0.925272055070982,0.925272055070982,"social_isolation_avg"
"18073","ZNF480","Exc L4-5 RORB IL1RAPL2",0.0423528677604649,1.88272856308885,0.414753723751011,0.520459111621807,0.800944030174559,0.800944030174559,"social_isolation_avg"
"18074","AC010320.4","Exc L4-5 RORB IL1RAPL2",0.00163151155940104,0.138798866405561,8.88328658449827e-05,0.992491320043323,0.99909243548519,0.99909243548519,"social_isolation_avg"
"18075","ZNF610","Exc L4-5 RORB IL1RAPL2",0.0520056871585062,3.23630414586999,1.58235409200341,0.210196022687653,0.528661298055706,0.528661298055706,"social_isolation_avg"
"18076","ZNF880","Exc L4-5 RORB IL1RAPL2",-0.146368932998132,2.8524956747861,4.85452834558111,0.0289565801045754,0.183819282507961,0.183819282507961,"social_isolation_avg"
"18077","ZNF528","Exc L4-5 RORB IL1RAPL2",0.021121895545639,4.03229702887455,0.429512381926107,0.51313937111332,0.796358440426219,0.796358440426219,"social_isolation_avg"
"18078","ZNF534","Exc L4-5 RORB IL1RAPL2",0.0109756513654422,3.6067676267101,0.0725086276889454,0.788054465093906,0.939487689430299,0.939487689430299,"social_isolation_avg"
"18079","ZNF578","Exc L4-5 RORB IL1RAPL2",0.123313976942301,2.22720525488315,3.72063557375173,0.0554571224973396,0.267088171959968,0.267088171959968,"social_isolation_avg"
"18080","ZNF808","Exc L4-5 RORB IL1RAPL2",0.0688896868126084,2.89219621610243,2.4677660920621,0.118115190179929,0.396711059022417,0.396711059022417,"social_isolation_avg"
"18081","ZNF701","Exc L4-5 RORB IL1RAPL2",0.0404799431409922,3.56213743385086,1.33424899754254,0.329963721434077,0.655600315003218,0.655600315003218,"social_isolation_avg"
"18082","ZNF83","Exc L4-5 RORB IL1RAPL2",0.0762866351531588,4.98416397278354,3.12511400099196,0.0789394261527123,0.322763598745265,0.322763598745265,"social_isolation_avg"
"18083","ZNF611","Exc L4-5 RORB IL1RAPL2",0.0983326184214292,4.93322657699294,11.6690902439031,0.00079977539347613,0.0206165534331906,0.0206165534331906,"social_isolation_avg"
"18084","ZNF600","Exc L4-5 RORB IL1RAPL2",0.0747828654342053,1.27893030634699,0.949685104815415,0.331223435727602,0.656484932836832,0.656484932836832,"social_isolation_avg"
"18085","ZNF28","Exc L4-5 RORB IL1RAPL2",0.0808230492673557,2.48211590322347,2.51845156679026,0.114432101358652,0.390542891379339,0.390542891379339,"social_isolation_avg"
"18086","ZNF320","Exc L4-5 RORB IL1RAPL2",0.0432944768428571,1.47109593716332,0.311987259498906,0.577219123422973,0.834311785039929,0.834311785039929,"social_isolation_avg"
"18087","AC010487.3","Exc L4-5 RORB IL1RAPL2",0.132917193306633,0.207036962655487,0.829858383988801,0.363640015215505,0.682892291774962,0.682892291774962,"social_isolation_avg"
"18088","ZNF160","Exc L4-5 RORB IL1RAPL2",0.0315050444627592,4.84779938280342,1.28577137135663,0.258470521945094,0.587097328418142,0.587097328418142,"social_isolation_avg"
"18089","ZNF415","Exc L4-5 RORB IL1RAPL2",-0.0163122935248309,3.06411757131107,0.155100216570626,0.972606834079636,0.995695809287521,0.995695809287521,"social_isolation_avg"
"18090","ZNF347","Exc L4-5 RORB IL1RAPL2",0.00776878020602855,4.33776071025837,0.057375725413055,0.81098960850958,0.949509944621593,0.949509944621593,"social_isolation_avg"
"18091","ZNF665","Exc L4-5 RORB IL1RAPL2",-0.0443714449299279,2.9104587335074,0.836048369988127,0.361861231780146,0.681911871999764,0.681911871999764,"social_isolation_avg"
"18092","ZNF677","Exc L4-5 RORB IL1RAPL2",0.00499146180346076,3.01234601956646,0.0147902234652967,0.927553741414481,0.98417618971798,0.98417618971798,"social_isolation_avg"
"18093","AC092070.4","Exc L4-5 RORB IL1RAPL2",0.0784965094269731,0.465505282143117,0.227676793229421,0.633882085872956,0.86515782635809,0.86515782635809,"social_isolation_avg"
"18094","ZNF845","Exc L4-5 RORB IL1RAPL2",-0.0266706920629373,1.79040927452321,0.181741279520197,0.7547291484389,0.925272055070982,0.925272055070982,"social_isolation_avg"
"18095","ZNF525","Exc L4-5 RORB IL1RAPL2",-0.0600623233559939,2.7768931964594,1.23007378119459,0.26900369414398,0.598943150964727,0.598943150964727,"social_isolation_avg"
"18096","ZNF765","Exc L4-5 RORB IL1RAPL2",0.0996041466545963,3.56946233629078,4.81527258255379,0.0296035575114568,0.186523114110647,0.186523114110647,"social_isolation_avg"
"18097","ZNF761","Exc L4-5 RORB IL1RAPL2",-0.147647779731685,4.10879495603221,7.44073268159208,0.00706557080405821,0.0810719619063587,0.0810719619063587,"social_isolation_avg"
"18098","ZNF813","Exc L4-5 RORB IL1RAPL2",0.0611744871739513,1.16413939522127,0.275480220871714,0.600382287896297,0.846459199895235,0.846459199895235,"social_isolation_avg"
"18099","ZNF331","Exc L4-5 RORB IL1RAPL2",0.0212374265986534,6.01296805419796,1.06759613954689,0.302998392445788,0.634226950712388,0.634226950712388,"social_isolation_avg"
"18100","NLRP12","Exc L4-5 RORB IL1RAPL2",0.0525598562927238,0.688076714797723,0.32695782235007,0.568232699533819,0.828442819223255,0.828442819223255,"social_isolation_avg"
"18101","AC008440.1","Exc L4-5 RORB IL1RAPL2",-0.0130328730656248,0.704972125090774,0.0235965575895453,0.921369537426595,0.983427396790068,0.983427396790068,"social_isolation_avg"
"18102","MYADM","Exc L4-5 RORB IL1RAPL2",-0.156126116035926,4.16821885160076,13.4971940940508,0.000322411561074098,0.0115318509396654,0.0115318509396654,"social_isolation_avg"
"18103","AC008440.2","Exc L4-5 RORB IL1RAPL2",-0.0562656038987532,-0.15821560533594,0.121943238224357,0.727380821400312,0.912176201540818,0.912176201540818,"social_isolation_avg"
"18104","PRKCG","Exc L4-5 RORB IL1RAPL2",-0.0530877554166564,5.46450031893947,2.65779046727159,0.104947817884012,0.374821458325754,0.374821458325754,"social_isolation_avg"
"18105","CACNG7","Exc L4-5 RORB IL1RAPL2",0.0567466892233557,6.22862122643494,7.87771055354033,0.00560656501906404,0.0703460323114792,0.0703460323114792,"social_isolation_avg"
"18106","CACNG8","Exc L4-5 RORB IL1RAPL2",-0.03831050379131,7.02237137764861,2.54244903848063,0.112733037224891,0.387790897864172,0.387790897864172,"social_isolation_avg"
"18107","CACNG6","Exc L4-5 RORB IL1RAPL2",-0.00926622180034481,0.225996622252135,0.00517219643697875,0.94275412148592,0.987984052456339,0.987984052456339,"social_isolation_avg"
"18108","VSTM1","Exc L4-5 RORB IL1RAPL2",0.109200753103501,0.0111989048560834,0.816369507183362,0.382154329492119,0.700042798753063,0.700042798753063,"social_isolation_avg"
"18109","OSCAR","Exc L4-5 RORB IL1RAPL2",0.056896156901236,1.25245524895519,0.476223129982807,0.491105841414679,0.78089037011468,0.78089037011468,"social_isolation_avg"
"18110","NDUFA3","Exc L4-5 RORB IL1RAPL2",-0.119844269443815,3.41234053553041,6.00590952256918,0.0152998396889004,0.125878134542725,0.125878134542725,"social_isolation_avg"
"18111","TFPT","Exc L4-5 RORB IL1RAPL2",-0.164682677568432,3.03983616319335,10.9523716317151,0.00114755078308745,0.0259412286341669,0.0259412286341669,"social_isolation_avg"
"18112","PRPF31","Exc L4-5 RORB IL1RAPL2",-0.0126249709301788,4.5812431831121,0.212758060500893,0.645220569327166,0.870150990180991,0.870150990180991,"social_isolation_avg"
"18113","CNOT3","Exc L4-5 RORB IL1RAPL2",-0.0647698781647868,3.80959224243177,3.57181970506125,0.0605183479186671,0.28024171829885,0.28024171829885,"social_isolation_avg"
"18114","LENG1","Exc L4-5 RORB IL1RAPL2",-0.0327757055710245,1.36999695216573,0.227488325426746,0.634022443888474,0.865162170836133,0.865162170836133,"social_isolation_avg"
"18115","TMC4","Exc L4-5 RORB IL1RAPL2",-0.11774329716652,1.0391237085415,1.39223831641373,0.239722771819315,0.563662801738941,0.563662801738941,"social_isolation_avg"
"18116","MBOAT7","Exc L4-5 RORB IL1RAPL2",0.00596918956075758,5.52151938752744,0.0485038742245536,0.825959166697064,0.953895283131028,0.953895283131028,"social_isolation_avg"
"18117","TSEN34","Exc L4-5 RORB IL1RAPL2",-0.0887621415391668,2.51034268531553,3.21317663008091,0.0748763069063455,0.313090519994467,0.313090519994467,"social_isolation_avg"
"18118","RPS9","Exc L4-5 RORB IL1RAPL2",-0.0911483266999752,4.94319303180081,8.04524760343986,0.00513304563301798,0.0663857528519024,0.0663857528519024,"social_isolation_avg"
"18119","LAIR1","Exc L4-5 RORB IL1RAPL2",0.0844772577167247,-0.025267539787924,0.384164293881694,0.536236416500592,0.810585501369643,0.810585501369643,"social_isolation_avg"
"18120","TTYH1","Exc L4-5 RORB IL1RAPL2",-0.00926768001377381,4.85714523408488,0.06985396379627,0.791878771286948,0.941284083887912,0.941284083887912,"social_isolation_avg"
"18121","AC245884.1","Exc L4-5 RORB IL1RAPL2",0.0130442237228247,0.840978466599387,0.0200813815022612,0.940237986811243,0.98787472417403,0.98787472417403,"social_isolation_avg"
"18122","AC245884.10","Exc L4-5 RORB IL1RAPL2",-0.139870859899683,0.18173778210676,1.34051329135944,0.248613665954973,0.5747121775851,0.5747121775851,"social_isolation_avg"
"18123","AC245884.8","Exc L4-5 RORB IL1RAPL2",0.166179837348339,0.753801036571717,3.4270971075956,0.0944549892746611,0.355572313884295,0.355572313884295,"social_isolation_avg"
"18124","LENG8-AS1","Exc L4-5 RORB IL1RAPL2",0.0037726579531945,3.62783284221142,0.008232519600861,0.927814418734065,0.98417618971798,0.98417618971798,"social_isolation_avg"
"18125","LENG8","Exc L4-5 RORB IL1RAPL2",0.0221728032499686,5.99844287800912,0.418774714998645,0.518446728222756,0.799668259941532,0.799668259941532,"social_isolation_avg"
"18126","LENG9","Exc L4-5 RORB IL1RAPL2",-0.00290026465945349,0.680508609069634,0.000641644800345794,0.979821733997233,0.996999571334318,0.996999571334318,"social_isolation_avg"
"18127","CDC42EP5","Exc L4-5 RORB IL1RAPL2",-0.126686336063674,1.21168301373212,1.30679583247569,0.254628551009592,0.582778131565561,0.582778131565561,"social_isolation_avg"
"18128","NLRP7","Exc L4-5 RORB IL1RAPL2",0.180060425618364,-0.365963023226225,2.02603993946429,0.20611598277526,0.523233799517518,0.523233799517518,"social_isolation_avg"
"18129","NLRP2","Exc L4-5 RORB IL1RAPL2",0.0497973996462259,2.16947100362976,0.115872354330571,0.733987314717965,0.914752600565052,0.914752600565052,"social_isolation_avg"
"18130","AC011476.3","Exc L4-5 RORB IL1RAPL2",0.110836579096368,4.22806202685846,1.76767184432853,0.185502387164969,0.493965319423858,0.493965319423858,"social_isolation_avg"
"18131","GP6","Exc L4-5 RORB IL1RAPL2",0.0652326723052586,4.1787683599906,1.68502198074676,0.196066804900976,0.509136621837002,0.509136621837002,"social_isolation_avg"
"18132","RDH13","Exc L4-5 RORB IL1RAPL2",-0.0114072351001767,4.47308262422937,0.165614959811904,0.992576776121496,0.999106342464243,0.999106342464243,"social_isolation_avg"
"18133","PPP1R12C","Exc L4-5 RORB IL1RAPL2",0.00299265588400629,4.64619210628367,0.0123154223037342,0.911770904306759,0.981272345557852,0.981272345557852,"social_isolation_avg"
"18134","DNAAF3","Exc L4-5 RORB IL1RAPL2",0.175699953015174,-0.380047720284035,1.26276908465928,0.262756928277344,0.59249479679843,0.59249479679843,"social_isolation_avg"
"18135","AC010327.3","Exc L4-5 RORB IL1RAPL2",-0.0289023087437187,0.133842764186408,0.0462338570350417,0.83001631897862,0.955184094369796,0.955184094369796,"social_isolation_avg"
"18136","SYT5","Exc L4-5 RORB IL1RAPL2",-0.0672015112728809,5.10091536780711,3.33899995929318,0.0694591297453495,0.301887189321074,0.301887189321074,"social_isolation_avg"
"18137","PTPRH","Exc L4-5 RORB IL1RAPL2",0.144137393818325,0.0336991975947703,1.57112710955556,0.211813411408491,0.530316442346176,0.530316442346176,"social_isolation_avg"
"18138","AC010327.4","Exc L4-5 RORB IL1RAPL2",-0.114126861923424,0.704840643108138,1.24623318230427,0.265893292144267,0.596086135149488,0.596086135149488,"social_isolation_avg"
"18139","TMEM86B","Exc L4-5 RORB IL1RAPL2",0.0721828240472989,2.61349521634762,1.71694948269264,0.191904032319154,0.503398890269058,0.503398890269058,"social_isolation_avg"
"18140","PPP6R1","Exc L4-5 RORB IL1RAPL2",-0.0214990443136519,4.95868643591569,0.7229033337757,0.396423076081585,0.710699357830174,0.710699357830174,"social_isolation_avg"
"18141","HSPBP1","Exc L4-5 RORB IL1RAPL2",-0.0938131606289245,4.04944428625017,8.83918934635355,0.00338932169336811,0.0515509290676994,0.0515509290676994,"social_isolation_avg"
"18142","BRSK1","Exc L4-5 RORB IL1RAPL2",-0.0166256321022006,5.94167933691735,0.548347677312571,0.46004417184048,0.758231339320011,0.758231339320011,"social_isolation_avg"
"18143","TMEM150B","Exc L4-5 RORB IL1RAPL2",0.282600906764591,-0.0237663009178495,5.74409240897059,0.0176603006181416,0.138540596254373,0.138540596254373,"social_isolation_avg"
"18144","KMT5C","Exc L4-5 RORB IL1RAPL2",-0.00343142770088818,3.08608767543551,0.00700463422030301,0.933401243063057,0.986583286147705,0.986583286147705,"social_isolation_avg"
"18145","IL11","Exc L4-5 RORB IL1RAPL2",0.163485789975765,0.276567444768102,2.54804004077332,0.138721621829189,0.430146149890214,0.430146149890214,"social_isolation_avg"
"18146","TMEM238","Exc L4-5 RORB IL1RAPL2",-0.0687039531614618,0.178186474821316,0.373264023347386,0.542069655441142,0.813168948751434,0.813168948751434,"social_isolation_avg"
"18147","RPL28","Exc L4-5 RORB IL1RAPL2",-0.12273769245351,5.85754715826708,16.3705736699075,7.98014934121673e-05,0.00496685545016979,0.00496685545016979,"social_isolation_avg"
"18148","UBE2S","Exc L4-5 RORB IL1RAPL2",-0.212378767860462,3.63951851234957,25.7123563531844,1.05388582791418e-06,0.000369269884258598,0.000369269884258598,"social_isolation_avg"
"18149","SHISA7","Exc L4-5 RORB IL1RAPL2",-0.0373661601918432,4.48005537647838,1.43002268379178,0.233473366045956,0.556296380676935,0.556296380676935,"social_isolation_avg"
"18150","ISOC2","Exc L4-5 RORB IL1RAPL2",-0.18285105251154,3.28987045413179,14.8197829444889,0.000168787866446345,0.00784865294378118,0.00784865294378118,"social_isolation_avg"
"18151","ZNF628","Exc L4-5 RORB IL1RAPL2",-0.112538762634857,1.14374233697704,2.10640050224321,0.148579203206833,0.445455094894072,0.445455094894072,"social_isolation_avg"
"18152","NAT14","Exc L4-5 RORB IL1RAPL2",-0.0682601853462831,4.43858056968533,3.71386965542987,0.0556771066229851,0.267581034903099,0.267581034903099,"social_isolation_avg"
"18153","SSC5D","Exc L4-5 RORB IL1RAPL2",-0.0198956952012405,1.7867112353199,0.0882655792795742,0.949471335912463,0.988901159114652,0.988901159114652,"social_isolation_avg"
"18154","ZNF579","Exc L4-5 RORB IL1RAPL2",-0.0567299271157402,2.86645489789021,1.60421843867046,0.207088271136922,0.524400050613182,0.524400050613182,"social_isolation_avg"
"18155","FIZ1","Exc L4-5 RORB IL1RAPL2",-0.00673808538285065,2.68031829549432,0.0232219601673959,0.879067136513141,0.971919007001401,0.971919007001401,"social_isolation_avg"
"18156","ZNF524","Exc L4-5 RORB IL1RAPL2",-0.146260951633869,2.02569204947901,6.00441725678152,0.0153123196103745,0.125878134542725,0.125878134542725,"social_isolation_avg"
"18157","ZNF865","Exc L4-5 RORB IL1RAPL2",-0.039600194855383,3.11280022053282,0.905650199681722,0.342660640873384,0.665461458135152,0.665461458135152,"social_isolation_avg"
"18158","ZNF784","Exc L4-5 RORB IL1RAPL2",-0.0800124286963237,0.339294277612753,0.489214092519335,0.485261173373436,0.776524582323983,0.776524582323983,"social_isolation_avg"
"18159","CCDC106","Exc L4-5 RORB IL1RAPL2",-0.0684480992747115,3.60715085243399,4.77891438920602,0.0302163546555908,0.18887467672231,0.18887467672231,"social_isolation_avg"
"18160","U2AF2","Exc L4-5 RORB IL1RAPL2",-0.0541647872307131,4.28883578719751,2.22183122901723,0.137977348007747,0.429078976389655,0.429078976389655,"social_isolation_avg"
"18161","AC008735.2","Exc L4-5 RORB IL1RAPL2",-0.0533769573921487,0.248224761700453,0.19019084263806,0.663326864556927,0.880718462600746,0.880718462600746,"social_isolation_avg"
"18162","EPN1","Exc L4-5 RORB IL1RAPL2",-0.103234466263849,5.06851125173183,13.1348562037305,0.000385507307964328,0.0129559214458136,0.0129559214458136,"social_isolation_avg"
"18163","NLRP8","Exc L4-5 RORB IL1RAPL2",0.137611802500651,0.367386888551444,2.37242160412872,0.219641281441735,0.540297015806265,0.540297015806265,"social_isolation_avg"
"18164","NLRP5","Exc L4-5 RORB IL1RAPL2",0.0414704414868368,0.0595404982383055,0.121210802942312,0.728167952748298,0.91234452756733,0.91234452756733,"social_isolation_avg"
"18165","ZNF787","Exc L4-5 RORB IL1RAPL2",-0.0705019159438415,3.13198032402432,2.56353441498577,0.111263269736268,0.385434635565087,0.385434635565087,"social_isolation_avg"
"18166","ZNF444","Exc L4-5 RORB IL1RAPL2",-0.0404172965374967,4.30107628352027,2.06423331221225,0.152680795557201,0.451034087859141,0.451034087859141,"social_isolation_avg"
"18167","ZSCAN5A","Exc L4-5 RORB IL1RAPL2",0.0462125504601704,5.28427672263995,1.75579178113194,0.186979014885948,0.496305366871741,0.496305366871741,"social_isolation_avg"
"18168","EDDM13","Exc L4-5 RORB IL1RAPL2",0.0548763658161633,0.868161546297383,0.282007770176505,0.945320333955089,0.988308434012832,0.988308434012832,"social_isolation_avg"
"18169","AC006116.8","Exc L4-5 RORB IL1RAPL2",-0.118543893453384,0.808515216241438,1.73262727983818,0.189898049046617,0.500426321171454,0.500426321171454,"social_isolation_avg"
"18170","ZNF582","Exc L4-5 RORB IL1RAPL2",0.0181259555754847,2.59762602766802,0.165398022006072,0.919388885364096,0.98319997173877,0.98319997173877,"social_isolation_avg"
"18171","ZNF582-AS1","Exc L4-5 RORB IL1RAPL2",-0.00767079891729369,1.40105004888532,0.00955826321319273,0.92223625967731,0.983585629113706,0.983585629113706,"social_isolation_avg"
"18172","ZNF583","Exc L4-5 RORB IL1RAPL2",0.0493993089701447,4.66265999220717,3.56127727177007,0.0608952306032598,0.280928779321101,0.280928779321101,"social_isolation_avg"
"18173","ZNF667","Exc L4-5 RORB IL1RAPL2",-0.0733330450299332,5.4962943016245,7.65582744426075,0.00630391669562724,0.0755529458773607,0.0755529458773607,"social_isolation_avg"
"18174","ZNF667-AS1","Exc L4-5 RORB IL1RAPL2",-0.0542681574722244,5.03714525235004,2.04258236480159,0.154836912381429,0.454001118730672,0.454001118730672,"social_isolation_avg"
"18175","ZNF471","Exc L4-5 RORB IL1RAPL2",-0.000973933927656437,4.55878331387446,0.00112904405957697,0.973235664821219,0.99572295699374,0.99572295699374,"social_isolation_avg"
"18176","AC005498.1","Exc L4-5 RORB IL1RAPL2",-0.12870117207853,-0.0417858318887494,1.10634244396339,0.29441362533847,0.62558144687006,0.62558144687006,"social_isolation_avg"
"18177","ZFP28","Exc L4-5 RORB IL1RAPL2",-0.0339908511977446,3.52560201421046,0.975732231972022,0.513253854946939,0.796374643260116,0.796374643260116,"social_isolation_avg"
"18178","AC005498.3","Exc L4-5 RORB IL1RAPL2",-0.0538189992938154,3.26516113624863,1.11090546784144,0.293423404902037,0.624327232483406,0.624327232483406,"social_isolation_avg"
"18179","ZNF470","Exc L4-5 RORB IL1RAPL2",-0.0291820541969388,3.72070877774775,0.622650623881393,0.431194334520834,0.736338267461074,0.736338267461074,"social_isolation_avg"
"18180","ZNF71","Exc L4-5 RORB IL1RAPL2",-0.00171124316483473,3.70729484955208,0.00303577806841431,0.956127011784907,0.99051528984884,0.99051528984884,"social_isolation_avg"
"18181","SMIM17","Exc L4-5 RORB IL1RAPL2",0.0152554167943968,4.54074597447585,0.167854141003629,0.682556430468348,0.889766288322486,0.889766288322486,"social_isolation_avg"
"18182","ZNF835","Exc L4-5 RORB IL1RAPL2",-0.0378517979073093,2.28062359854078,0.656426227923953,0.418989335465512,0.726486796844882,0.726486796844882,"social_isolation_avg"
"18183","AC006115.1","Exc L4-5 RORB IL1RAPL2",0.0983249637608524,2.04863268623061,2.75826232341949,0.0986489231745618,0.363918166384458,0.363918166384458,"social_isolation_avg"
"18184","AC006115.3","Exc L4-5 RORB IL1RAPL2",0.04540380029649,5.13841700305949,1.92254573891455,0.167443506118599,0.471037750786443,0.471037750786443,"social_isolation_avg"
"18185","ZIM2-AS1","Exc L4-5 RORB IL1RAPL2",0.00336914841208229,1.68880324575689,0.0026112277603423,0.959307395557212,0.991734018385671,0.991734018385671,"social_isolation_avg"
"18186","ZIM2","Exc L4-5 RORB IL1RAPL2",0.206649529493877,3.87006879668184,14.1526062707929,0.000233717787285857,0.00949414555187036,0.00949414555187036,"social_isolation_avg"
"18187","MIMT1","Exc L4-5 RORB IL1RAPL2",-0.0558941316297362,1.20292255068779,0.45114409191229,0.50272977770755,0.788508585392924,0.788508585392924,"social_isolation_avg"
"18188","ZNF264","Exc L4-5 RORB IL1RAPL2",0.0592982571261157,5.01695450209206,6.96017399671995,0.00913057881443712,0.0937382972045386,0.0937382972045386,"social_isolation_avg"
"18189","AURKC","Exc L4-5 RORB IL1RAPL2",0.0234340816125945,0.935065435087646,0.0589164723212566,0.808517692332274,0.947880112509418,0.947880112509418,"social_isolation_avg"
"18190","ZNF805","Exc L4-5 RORB IL1RAPL2",0.0537616688553086,2.52707816096257,1.27312882894979,0.260815536304472,0.589952077623774,0.589952077623774,"social_isolation_avg"
"18191","AC005261.3","Exc L4-5 RORB IL1RAPL2",-0.0231504188229248,2.19354537340964,0.176365030232395,0.762584081778086,0.929286899099656,0.929286899099656,"social_isolation_avg"
"18192","ZNF460-AS1","Exc L4-5 RORB IL1RAPL2",0.101162845687662,2.73636562449392,3.51996044070236,0.0623967641435965,0.283936790370608,0.283936790370608,"social_isolation_avg"
"18193","ZNF460","Exc L4-5 RORB IL1RAPL2",0.0764903845054337,2.62146588675748,2.46481880062097,0.118333385545689,0.396772282103486,0.396772282103486,"social_isolation_avg"
"18194","AC005261.1","Exc L4-5 RORB IL1RAPL2",-0.0481230613015699,5.25153630768461,3.95088162562142,0.0484982695144921,0.24745016164692,0.24745016164692,"social_isolation_avg"
"18195","ZNF543","Exc L4-5 RORB IL1RAPL2",-0.00486794503222423,2.65293674676333,0.00940786718179863,0.922848535420616,0.983585629113706,0.983585629113706,"social_isolation_avg"
"18196","ZNF304","Exc L4-5 RORB IL1RAPL2",-0.0303885824018122,3.108142827723,0.473795964067726,0.871290419151257,0.968359692017946,0.968359692017946,"social_isolation_avg"
"18197","AC003002.1","Exc L4-5 RORB IL1RAPL2",0.123442093899319,1.23964167153329,2.84780009587539,0.0933850891920331,0.353741596116608,0.353741596116608,"social_isolation_avg"
"18198","AC003002.2","Exc L4-5 RORB IL1RAPL2",0.0508304889906366,4.16864353191134,2.44412135663563,0.119878397289347,0.398570806785201,0.398570806785201,"social_isolation_avg"
"18199","ZNF749","Exc L4-5 RORB IL1RAPL2",0.00220302201417126,2.76000600688729,0.00166905939861319,0.967461495022935,0.994093242531172,0.994093242531172,"social_isolation_avg"
"18200","AC004076.1","Exc L4-5 RORB IL1RAPL2",0.0344705427994225,5.73256955587076,1.34498960643089,0.247828389197098,0.574094118616753,0.574094118616753,"social_isolation_avg"
"18201","AC004076.2","Exc L4-5 RORB IL1RAPL2",0.0420818190161607,2.57116231884785,0.504476821181378,0.478540475496355,0.771511957810713,0.771511957810713,"social_isolation_avg"
"18202","AC003005.2","Exc L4-5 RORB IL1RAPL2",-0.0653737717006348,0.720651882996454,0.323946375448114,0.570018190655707,0.829737191430921,0.829737191430921,"social_isolation_avg"
"18203","ZNF773","Exc L4-5 RORB IL1RAPL2",0.0293714524533789,2.86438887906617,0.423329195307774,0.51618385667492,0.798651954546256,0.798651954546256,"social_isolation_avg"
"18204","ZNF549","Exc L4-5 RORB IL1RAPL2",-0.0353350731793123,4.86571974021078,1.8973723536355,0.170234968809028,0.475076083309089,0.475076083309089,"social_isolation_avg"
"18205","ZNF550","Exc L4-5 RORB IL1RAPL2",-0.0162621658233961,2.86995555187503,0.147985552835338,0.700962402831906,0.899494810173801,0.899494810173801,"social_isolation_avg"
"18206","ZNF416","Exc L4-5 RORB IL1RAPL2",-0.0700050393191199,1.07855847565989,0.881640232422018,0.349122831838264,0.671078252151497,0.671078252151497,"social_isolation_avg"
"18207","ZIK1","Exc L4-5 RORB IL1RAPL2",0.0390439708733041,1.76809904298137,0.422822156817751,0.516434916796347,0.798813830652655,0.798813830652655,"social_isolation_avg"
"18208","ZNF530","Exc L4-5 RORB IL1RAPL2",-0.066710955408232,1.20261800291349,0.893595970017108,0.351192449476832,0.671906212533577,0.671906212533577,"social_isolation_avg"
"18209","ZNF134","Exc L4-5 RORB IL1RAPL2",-0.0602285667291201,3.80732906249262,4.01278187549837,0.046790732115864,0.243149474864394,0.243149474864394,"social_isolation_avg"
"18210","AC003682.1","Exc L4-5 RORB IL1RAPL2",0.120033875216676,1.32604639566467,2.25562493171873,0.135037608195183,0.423164368247398,0.423164368247398,"social_isolation_avg"
"18211","ZNF211","Exc L4-5 RORB IL1RAPL2",0.0207790703162031,2.41108193048922,0.160211740231152,0.689478460186653,0.893291012406989,0.893291012406989,"social_isolation_avg"
"18212","AC003006.1","Exc L4-5 RORB IL1RAPL2",0.301112212412357,2.42801559895234,25.1178895758058,1.37640168890384e-06,0.000426932727143436,0.000426932727143436,"social_isolation_avg"
"18213","ZNF154","Exc L4-5 RORB IL1RAPL2",0.0122709151913185,2.95798256121013,0.0713661002675799,0.789691033312903,0.940375607517616,0.940375607517616,"social_isolation_avg"
"18214","ZNF671","Exc L4-5 RORB IL1RAPL2",-0.0166929148084241,2.41583834903641,0.120244047708812,0.729210997975192,0.91288879798125,0.91288879798125,"social_isolation_avg"
"18215","ZNF776","Exc L4-5 RORB IL1RAPL2",-0.0146190364067578,3.02149274290278,0.114095358378096,0.735957531406912,0.915880850549209,0.915880850549209,"social_isolation_avg"
"18216","ZNF586","Exc L4-5 RORB IL1RAPL2",0.0922663267433236,6.22162371925999,16.718617429348,6.75442882996762e-05,0.00446855062558802,0.00446855062558802,"social_isolation_avg"
"18217","ZNF552","Exc L4-5 RORB IL1RAPL2",0.0355820659901985,3.70844565326128,0.81499322006457,0.367961769191291,0.686304173286367,0.686304173286367,"social_isolation_avg"
"18218","AC010522.1","Exc L4-5 RORB IL1RAPL2",-0.0249528744479155,2.32134028903505,0.212422627880742,0.645480989098929,0.870313928277694,0.870313928277694,"social_isolation_avg"
"18219","ZNF814","Exc L4-5 RORB IL1RAPL2",0.0524524772982675,5.07069352949408,4.49627706082365,0.0354609012700434,0.20644791167092,0.20644791167092,"social_isolation_avg"
"18220","ZNF587","Exc L4-5 RORB IL1RAPL2",0.0115900803413378,4.64225662047918,0.248553844369784,0.917791479065022,0.9830198062462,0.9830198062462,"social_isolation_avg"
"18221","AC010326.2","Exc L4-5 RORB IL1RAPL2",0.0621107321271704,2.12308123926718,1.39871234431876,0.30600828700642,0.636430640810981,0.636430640810981,"social_isolation_avg"
"18222","ZNF418","Exc L4-5 RORB IL1RAPL2",0.0130689990425947,2.93995200419812,0.090110639807491,0.764413729959162,0.929491698246975,0.929491698246975,"social_isolation_avg"
"18223","ZNF256","Exc L4-5 RORB IL1RAPL2",-0.0736750660534351,1.23616752103564,1.11209658530717,0.293165626732221,0.624168653471402,0.624168653471402,"social_isolation_avg"
"18224","C19orf18","Exc L4-5 RORB IL1RAPL2",0.227606766156906,1.83604143169187,8.48821423613817,0.00406944981206591,0.0576935336517498,0.0576935336517498,"social_isolation_avg"
"18225","ZNF606","Exc L4-5 RORB IL1RAPL2",0.041779505492692,3.57995891889257,1.61217282655671,0.205971249244593,0.523181904545166,0.523181904545166,"social_isolation_avg"
"18226","ZSCAN1","Exc L4-5 RORB IL1RAPL2",-0.0351694126511395,2.07817968944109,0.439964167010741,0.508063720232336,0.792082301184822,0.792082301184822,"social_isolation_avg"
"18227","ZNF135","Exc L4-5 RORB IL1RAPL2",0.00193025914769278,4.89572864277202,0.00287660965433349,0.957291505878467,0.990964806415906,0.990964806415906,"social_isolation_avg"
"18228","ZSCAN18","Exc L4-5 RORB IL1RAPL2",-0.0787026857894742,5.53504778141572,8.60205983899268,0.00383467449156396,0.0558293794511581,0.0558293794511581,"social_isolation_avg"
"18229","ZNF329","Exc L4-5 RORB IL1RAPL2",0.0203446654693207,4.42749842127957,0.519910440196046,0.624579372141839,0.859966984448823,0.859966984448823,"social_isolation_avg"
"18230","ZNF274","Exc L4-5 RORB IL1RAPL2",0.0185015212861622,2.70545542920412,0.154030120925419,0.695219008596162,0.896347005600768,0.896347005600768,"social_isolation_avg"
"18231","AC020915.3","Exc L4-5 RORB IL1RAPL2",-0.0165055070624856,3.7543632561103,0.135575233101158,0.71319116700187,0.905910701135506,0.905910701135506,"social_isolation_avg"
"18232","ERVK3-1","Exc L4-5 RORB IL1RAPL2",-0.0260073749700916,2.90407429750054,0.237251471437433,0.626843622994007,0.861266461080984,0.861266461080984,"social_isolation_avg"
"18233","AC010642.2","Exc L4-5 RORB IL1RAPL2",-0.133310144204814,3.42270402864832,12.7663892555344,0.000462651598563328,0.0144214677041462,0.0144214677041462,"social_isolation_avg"
"18234","ZSCAN22","Exc L4-5 RORB IL1RAPL2",-0.0265080140405102,1.69126471204647,0.212228107808394,0.645632122930732,0.870333812907693,0.870333812907693,"social_isolation_avg"
"18235","A1BG","Exc L4-5 RORB IL1RAPL2",-0.112153580244115,2.06377205993016,3.88211222371007,0.0504734771584973,0.253250772027559,0.253250772027559,"social_isolation_avg"
"18236","A1BG-AS1","Exc L4-5 RORB IL1RAPL2",-0.0346277885475791,3.16029421542428,0.557909850099526,0.652695469456657,0.874807039568563,0.874807039568563,"social_isolation_avg"
"18237","ZNF497","Exc L4-5 RORB IL1RAPL2",-0.00499830678365323,2.18600160659209,0.00862552856913236,0.926116349645654,0.98417618971798,0.98417618971798,"social_isolation_avg"
"18238","AC012313.6","Exc L4-5 RORB IL1RAPL2",0.0612190397555441,1.18923665432838,0.667520523857282,0.415093395379587,0.72440344345851,0.72440344345851,"social_isolation_avg"
"18239","ZNF837","Exc L4-5 RORB IL1RAPL2",-0.153624070683871,0.666638597918735,2.92309940977452,0.0891964755881762,0.344566458677804,0.344566458677804,"social_isolation_avg"
"18240","RPS5","Exc L4-5 RORB IL1RAPL2",-0.106525391122614,4.21763220800895,6.14664879617575,0.0141691132908074,0.120167544856731,0.120167544856731,"social_isolation_avg"
"18241","ZNF584","Exc L4-5 RORB IL1RAPL2",0.00149623324466759,2.02586958737558,0.000544390780473124,0.981413442244827,0.997385526947812,0.997385526947812,"social_isolation_avg"
"18242","AC012313.1","Exc L4-5 RORB IL1RAPL2",0.0278120415416779,-0.104841770176176,0.0369768919604295,0.8477481392913,0.961873912835597,0.961873912835597,"social_isolation_avg"
"18243","AC012313.5","Exc L4-5 RORB IL1RAPL2",0.114234216765508,1.21365679538698,1.78074458212693,0.183893261132319,0.491169451423574,0.491169451423574,"social_isolation_avg"
"18244","ZNF132","Exc L4-5 RORB IL1RAPL2",-0.0436596003531364,1.69795866455527,0.420717679509962,0.534977820283787,0.809700884133067,0.809700884133067,"social_isolation_avg"
"18245","ZNF324B","Exc L4-5 RORB IL1RAPL2",-0.121077661526788,1.75954312342594,2.94417932938991,0.168114744349935,0.471722448974195,0.471722448974195,"social_isolation_avg"
"18246","ZNF324","Exc L4-5 RORB IL1RAPL2",-0.0883799248992087,3.95391976339832,5.79152206686434,0.0172060905499002,0.136011142221436,0.136011142221436,"social_isolation_avg"
"18247","ZNF446","Exc L4-5 RORB IL1RAPL2",0.0345944303663462,2.94058247708281,0.599547296829121,0.439856903176062,0.742592244760742,0.742592244760742,"social_isolation_avg"
"18248","SLC27A5","Exc L4-5 RORB IL1RAPL2",-0.0470611576754594,3.82057813818055,1.82578996110994,0.178472115012024,0.484932503219306,0.484932503219306,"social_isolation_avg"
"18249","ZBTB45","Exc L4-5 RORB IL1RAPL2",-0.0276603036733168,2.50613726268977,0.296685468275823,0.594203519446547,0.843240440369618,0.843240440369618,"social_isolation_avg"
"18250","TRIM28","Exc L4-5 RORB IL1RAPL2",-0.0872863849458974,4.57121714616723,11.5268109473997,0.000859005310989467,0.0214422684554508,0.0214422684554508,"social_isolation_avg"
"18251","CHMP2A","Exc L4-5 RORB IL1RAPL2",-0.124371618216864,3.22071133680005,7.4312292509643,0.00710133698172891,0.0811615304440761,0.0811615304440761,"social_isolation_avg"
"18252","UBE2M","Exc L4-5 RORB IL1RAPL2",-0.105421327158597,5.3952783374102,7.75458481800951,0.00598310276805701,0.0734152318251665,0.0734152318251665,"social_isolation_avg"
"18253","MZF1-AS1","Exc L4-5 RORB IL1RAPL2",0.0190400636115614,3.30789961366058,0.214227453265094,0.644082704773562,0.869655563901629,0.869655563901629,"social_isolation_avg"
"18254","MZF1","Exc L4-5 RORB IL1RAPL2",-0.0122117195026882,5.14126162896702,0.178641645730594,0.673092501772917,0.884939941129037,0.884939941129037,"social_isolation_avg"
"18255","RPS4Y1","Exc L4-5 RORB IL1RAPL2",-0.0337500944139048,3.72917432325806,0.279459161547326,0.597765003980856,0.844935876312698,0.844935876312698,"social_isolation_avg"
"18256","AC006157.1","Exc L4-5 RORB IL1RAPL2",-0.022094710198632,-0.425077348702795,0.014930396386836,0.903087558825247,0.97830987400392,0.97830987400392,"social_isolation_avg"
"18257","ZFY","Exc L4-5 RORB IL1RAPL2",0.0171892350399671,3.77999324890104,0.0909669767705578,0.763330531462758,0.929286899099656,0.929286899099656,"social_isolation_avg"
"18258","ZFY-AS1","Exc L4-5 RORB IL1RAPL2",-0.0801104881374955,-0.231666085367684,0.193160083067066,0.660873456922889,0.879290252333731,0.879290252333731,"social_isolation_avg"
"18259","AC010737.1","Exc L4-5 RORB IL1RAPL2",-0.102140913738539,-0.409373869829984,0.473246860517544,0.492461462141719,0.781866459124442,0.781866459124442,"social_isolation_avg"
"18260","PCDH11Y","Exc L4-5 RORB IL1RAPL2",0.108156248767792,6.20895572472435,3.9491921201086,0.0485457956785248,0.24745016164692,0.24745016164692,"social_isolation_avg"
"18261","TBL1Y","Exc L4-5 RORB IL1RAPL2",-0.133423845922795,-0.135940358733631,0.8084228917109,0.369894847406215,0.688051603276857,0.688051603276857,"social_isolation_avg"
"18262","TTTY15","Exc L4-5 RORB IL1RAPL2",0.071586301962057,4.4669112335367,1.93208228993965,0.166399838028451,0.470280438545185,0.470280438545185,"social_isolation_avg"
"18263","USP9Y","Exc L4-5 RORB IL1RAPL2",0.0969682518412232,6.57053707914054,1.584030382606,0.209955798932151,0.528265511105033,0.528265511105033,"social_isolation_avg"
"18264","DDX3Y","Exc L4-5 RORB IL1RAPL2",0.012296754530399,4.3589306232167,0.0727960521033266,0.787644936627022,0.939365259749125,0.939365259749125,"social_isolation_avg"
"18265","UTY","Exc L4-5 RORB IL1RAPL2",0.0589955543620431,6.27644441279882,2.15299277253662,0.144192382374592,0.438524507342096,0.438524507342096,"social_isolation_avg"
"18266","TMSB4Y","Exc L4-5 RORB IL1RAPL2",0.037014273529468,0.150202234825439,0.095326503253577,0.758399730248608,0.926862246223609,0.926862246223609,"social_isolation_avg"
"18267","NLGN4Y","Exc L4-5 RORB IL1RAPL2",0.0712906089504968,6.8293919097712,2.38242489716049,0.124619244648376,0.406467975864838,0.406467975864838,"social_isolation_avg"
"18268","HSFY2","Exc L4-5 RORB IL1RAPL2",0.138757934182078,0.936398313804655,1.05341057114363,0.306222507319613,0.636567354536848,0.636567354536848,"social_isolation_avg"
"18269","TTTY14","Exc L4-5 RORB IL1RAPL2",0.0846901077456795,7.3797078472459,1.22103418031912,0.270763602195854,0.600478593203957,0.600478593203957,"social_isolation_avg"
"18270","AC010889.1","Exc L4-5 RORB IL1RAPL2",-0.0437816147033997,0.0369474169395603,0.22750958823384,0.634006605220205,0.865162170836133,0.865162170836133,"social_isolation_avg"
"18271","KDM5D","Exc L4-5 RORB IL1RAPL2",0.0324771864073637,4.70713858693687,0.569016328615788,0.451723352022341,0.752180227894597,0.752180227894597,"social_isolation_avg"
"18272","TTTY10","Exc L4-5 RORB IL1RAPL2",0.0415995034771293,4.55979913342055,0.34694238613621,0.556653195201047,0.821004580462381,0.821004580462381,"social_isolation_avg"
"18273","EIF1AY","Exc L4-5 RORB IL1RAPL2",-0.0486177952304082,1.80859964849069,0.354479456049965,0.552402561662843,0.818207630393494,0.818207630393494,"social_isolation_avg"
"18274","LINC00266-4P","Exc L4-5 RORB IL1RAPL2",0.120444510163563,0.289881565789484,1.2053218852977,0.273857255860776,0.603617702945639,0.603617702945639,"social_isolation_avg"
"18275","GAB4","Exc L4-5 RORB IL1RAPL2",0.113823240153987,-0.232621424229228,0.498416226513695,0.481190673545732,0.77400397297958,0.77400397297958,"social_isolation_avg"
"18276","AC006946.2","Exc L4-5 RORB IL1RAPL2",-0.0359955102780473,1.02565665990393,0.151598411369886,0.697513668221593,0.897921902056114,0.897921902056114,"social_isolation_avg"
"18277","AC006946.3","Exc L4-5 RORB IL1RAPL2",-0.130651110569074,0.327536520249626,1.35029190795811,0.246902161181247,0.572825717602006,0.572825717602006,"social_isolation_avg"
"18278","IL17RA","Exc L4-5 RORB IL1RAPL2",-0.000723033244824294,3.69235787785689,0.000161930478193601,0.989862386409359,0.998822911403646,0.998822911403646,"social_isolation_avg"
"18279","TMEM121B","Exc L4-5 RORB IL1RAPL2",-0.120668704298792,2.88717865259062,5.2230099285819,0.0235604826234722,0.16324348485288,0.16324348485288,"social_isolation_avg"
"18280","LINC01664","Exc L4-5 RORB IL1RAPL2",-0.14996782695183,2.02850614710652,6.42079803134043,0.0122089737115452,0.110605880856354,0.110605880856354,"social_isolation_avg"
"18281","HDHD5","Exc L4-5 RORB IL1RAPL2",-0.0295429801906407,4.52570960490407,0.949927811489939,0.331161830769422,0.656484932836832,0.656484932836832,"social_isolation_avg"
"18282","HDHD5-AS1","Exc L4-5 RORB IL1RAPL2",0.0260841176194577,3.20293702726059,0.294176528249334,0.588286939215287,0.840010352191718,0.840010352191718,"social_isolation_avg"
"18283","ADA2","Exc L4-5 RORB IL1RAPL2",0.100073275161265,0.909395585160228,1.19127550506922,0.552835738644069,0.818418356222865,0.818418356222865,"social_isolation_avg"
"18284","SLC25A18","Exc L4-5 RORB IL1RAPL2",-0.132433353816637,1.79664900076695,1.14660454623414,0.285822080562399,0.616809172218112,0.616809172218112,"social_isolation_avg"
"18285","ATP6V1E1","Exc L4-5 RORB IL1RAPL2",-0.0586978437944759,6.15608602669668,4.59905069114326,0.0334506579826911,0.20003529482962,0.20003529482962,"social_isolation_avg"
"18286","BCL2L13","Exc L4-5 RORB IL1RAPL2",-0.00341514083977023,5.81123142173507,0.0279854241366761,0.867347576095455,0.966836543378231,0.966836543378231,"social_isolation_avg"
"18287","BID","Exc L4-5 RORB IL1RAPL2",0.0420860517998193,4.62317572992519,0.995341267525052,0.319898645378457,0.647146549170793,0.647146549170793,"social_isolation_avg"
"18288","MICAL3","Exc L4-5 RORB IL1RAPL2",0.0240249804266937,7.94771341607643,0.87083741498072,0.352084691442013,0.672568848740467,0.672568848740467,"social_isolation_avg"
"18289","AC016027.1","Exc L4-5 RORB IL1RAPL2",-0.1264939974489,-0.268726549408477,0.999092224274572,0.318991237573233,0.646509958068491,0.646509958068491,"social_isolation_avg"
"18290","PEX26","Exc L4-5 RORB IL1RAPL2",0.035139708634566,4.97962705117225,2.65135171408716,0.105366366117365,0.375661769984298,0.375661769984298,"social_isolation_avg"
"18291","TUBA8","Exc L4-5 RORB IL1RAPL2",0.169421468737952,2.61135092033353,10.7409850258659,0.00127721872613279,0.0277135957765579,0.0277135957765579,"social_isolation_avg"
"18292","AC008079.2","Exc L4-5 RORB IL1RAPL2",0.18922655291638,0.652241966783889,4.19686135568604,0.0420801788803841,0.229056117547684,0.229056117547684,"social_isolation_avg"
"18293","USP18","Exc L4-5 RORB IL1RAPL2",0.0533119518174122,0.843532253198109,0.340009856966937,0.640683927669201,0.867992309568162,0.867992309568162,"social_isolation_avg"
"18294","AC023490.3","Exc L4-5 RORB IL1RAPL2",0.0225262423712765,-0.336222013172434,0.0226853034346762,0.880461954432908,0.972403726349816,0.972403726349816,"social_isolation_avg"
"18295","TMEM191B","Exc L4-5 RORB IL1RAPL2",0.138993955735945,3.18975182992882,2.26306468735666,0.134399953588339,0.422352021565347,0.422352021565347,"social_isolation_avg"
"18296","AC007326.4","Exc L4-5 RORB IL1RAPL2",0.0293545740921136,2.07212252217625,0.272296894878801,0.602493661984288,0.847630498803236,0.847630498803236,"social_isolation_avg"
"18297","DGCR9","Exc L4-5 RORB IL1RAPL2",-0.0471238940267981,2.26436261987674,0.422449354558217,0.516619646656107,0.798813830652655,0.798813830652655,"social_isolation_avg"
"18298","DGCR2","Exc L4-5 RORB IL1RAPL2",-0.00958700183206493,6.06984080835729,0.180308618929424,0.671660333663925,0.884298267656223,0.884298267656223,"social_isolation_avg"
"18299","ESS2","Exc L4-5 RORB IL1RAPL2",-0.0451218654115636,2.88829270097954,1.27123636439915,0.37826972501889,0.696802851466931,0.696802851466931,"social_isolation_avg"
"18300","LINC01311","Exc L4-5 RORB IL1RAPL2",-0.0317829959924748,0.622422447457244,0.105335556042657,0.745928706098204,0.921080535670829,0.921080535670829,"social_isolation_avg"
"18301","SLC25A1","Exc L4-5 RORB IL1RAPL2",-0.0510790806292579,3.07348601532476,1.40917122682095,0.236897198107443,0.560575057707811,0.560575057707811,"social_isolation_avg"
"18302","CLTCL1","Exc L4-5 RORB IL1RAPL2",0.0191753003608879,4.21032338115883,0.0965813070117217,0.756362961666395,0.925852357371931,0.925852357371931,"social_isolation_avg"
"18303","HIRA","Exc L4-5 RORB IL1RAPL2",0.0487514963579623,4.79707284097712,3.91556007653553,0.0544064589817923,0.264633575936888,0.264633575936888,"social_isolation_avg"
"18304","MRPL40","Exc L4-5 RORB IL1RAPL2",-0.129523569511566,2.6715203101441,5.18532275020698,0.0240604062375093,0.165303902113258,0.165303902113258,"social_isolation_avg"
"18305","UFD1","Exc L4-5 RORB IL1RAPL2",0.0101939604321925,3.66224481224233,0.0769878383380288,0.781768388599657,0.937200765424451,0.937200765424451,"social_isolation_avg"
"18306","SEPT5","Exc L4-5 RORB IL1RAPL2",-0.138942351212696,0.0825141083037477,0.821188496391698,0.366151953077738,0.684594735127667,0.684594735127667,"social_isolation_avg"
"18307","GNB1L","Exc L4-5 RORB IL1RAPL2",0.0075953056910586,3.61730424667481,0.0399743485875966,0.841776501386176,0.959704337354051,0.959704337354051,"social_isolation_avg"
"18308","TXNRD2","Exc L4-5 RORB IL1RAPL2",-0.00866339692912307,4.38444706643534,0.0857481292847548,0.770021034534473,0.931791979987198,0.931791979987198,"social_isolation_avg"
"18309","COMT","Exc L4-5 RORB IL1RAPL2",0.0460730932240203,5.05268531295494,2.47430911585548,0.117632395446697,0.396511034071482,0.396511034071482,"social_isolation_avg"
"18310","ARVCF","Exc L4-5 RORB IL1RAPL2",0.000661059934448623,3.53115594552383,0.000333600307584213,0.985449693061986,0.998300390466684,0.998300390466684,"social_isolation_avg"
"18311","TANGO2","Exc L4-5 RORB IL1RAPL2",0.0358949123562325,5.6175566455106,2.22513629594195,0.137686671255716,0.428411364385694,0.428411364385694,"social_isolation_avg"
"18312","AC006547.1","Exc L4-5 RORB IL1RAPL2",-0.0672688324313551,2.35605999089304,0.982528240244218,0.323024190703991,0.65055249731881,0.65055249731881,"social_isolation_avg"
"18313","DGCR8","Exc L4-5 RORB IL1RAPL2",0.0171675547019651,4.95766080902541,0.401476294782692,0.527203580226886,0.805837757483163,0.805837757483163,"social_isolation_avg"
"18314","AC006547.2","Exc L4-5 RORB IL1RAPL2",-0.0538581030476589,0.808922056819698,0.293998693842875,0.588399617725354,0.840107845380428,0.840107845380428,"social_isolation_avg"
"18315","TRMT2A","Exc L4-5 RORB IL1RAPL2",-0.0513778333247282,3.16055883254598,1.69274224452661,0.323689989550039,0.651220686954326,0.651220686954326,"social_isolation_avg"
"18316","RANBP1","Exc L4-5 RORB IL1RAPL2",-0.012199629302425,4.54172166579529,0.131379030461506,0.717469486123827,0.907582558359927,0.907582558359927,"social_isolation_avg"
"18317","ZDHHC8","Exc L4-5 RORB IL1RAPL2",0.016352967475727,4.8369321979418,0.228985276738927,0.632909579300628,0.86432927823509,0.86432927823509,"social_isolation_avg"
"18318","RTN4R","Exc L4-5 RORB IL1RAPL2",-0.068449042843602,4.88345216207619,4.41074381725147,0.0372311989923369,0.213185883310806,0.213185883310806,"social_isolation_avg"
"18319","DGCR6L","Exc L4-5 RORB IL1RAPL2",-0.0280704384127225,3.70573256103855,0.564343260499598,0.453583734250696,0.753008849070831,0.753008849070831,"social_isolation_avg"
"18320","ZNF74","Exc L4-5 RORB IL1RAPL2",0.0122044333234197,3.43216682878957,0.16638444376723,0.766596405482715,0.930651386910843,0.930651386910843,"social_isolation_avg"
"18321","SCARF2","Exc L4-5 RORB IL1RAPL2",0.0257525896660707,1.97123183035576,0.140247280742659,0.708515300600849,0.903417885482085,0.903417885482085,"social_isolation_avg"
"18322","KLHL22","Exc L4-5 RORB IL1RAPL2",0.0648923907511391,6.18397512891754,10.9618815100068,0.00114204432659991,0.0258562502498956,0.0258562502498956,"social_isolation_avg"
"18323","MED15","Exc L4-5 RORB IL1RAPL2",-0.00409335026063382,6.21966075722784,0.0634112988000458,0.801496099989165,0.944807657335679,0.944807657335679,"social_isolation_avg"
"18324","PI4KA","Exc L4-5 RORB IL1RAPL2",0.0101871225172175,8.45350203180644,0.379650363597306,0.538637990444372,0.811882210176405,0.811882210176405,"social_isolation_avg"
"18325","SERPIND1","Exc L4-5 RORB IL1RAPL2",0.00759238926988512,0.792417180504535,0.00192939628646443,0.965017288817033,0.993640457161603,0.993640457161603,"social_isolation_avg"
"18326","SNAP29","Exc L4-5 RORB IL1RAPL2",0.000682380698634605,4.49933794765434,0.000770713830822516,0.97788567531511,0.996744861425265,0.996744861425265,"social_isolation_avg"
"18327","CRKL","Exc L4-5 RORB IL1RAPL2",-0.0091334272360587,5.60164771829287,0.140291396564627,0.708471574992727,0.903417885482085,0.903417885482085,"social_isolation_avg"
"18328","LINC01637","Exc L4-5 RORB IL1RAPL2",-0.00829344101181929,2.574251973903,0.0215147195655542,0.883564159526114,0.973292394352534,0.973292394352534,"social_isolation_avg"
"18329","AIFM3","Exc L4-5 RORB IL1RAPL2",0.0516490477295408,4.30586546185205,1.26945988769442,0.261501033398925,0.59091134526229,0.59091134526229,"social_isolation_avg"
"18330","AC002470.1","Exc L4-5 RORB IL1RAPL2",0.196726530148051,-0.425253502404224,1.66847523413861,0.198266068370053,0.51230776963174,0.51230776963174,"social_isolation_avg"
"18331","LZTR1","Exc L4-5 RORB IL1RAPL2",-0.0638851963862532,4.26958108963094,4.86003694416638,0.0288669893309345,0.183655785181779,0.183655785181779,"social_isolation_avg"
"18332","THAP7","Exc L4-5 RORB IL1RAPL2",-0.0848623044057833,3.34901209614521,3.96917471900417,0.0479868438330575,0.246192806986247,0.246192806986247,"social_isolation_avg"
"18333","THAP7-AS1","Exc L4-5 RORB IL1RAPL2",-0.0791620585571446,1.60395082139824,1.40862645354998,0.236987468241889,0.560575057707811,0.560575057707811,"social_isolation_avg"
"18334","P2RX6","Exc L4-5 RORB IL1RAPL2",-0.013102522846858,3.47124248931584,0.0473921554020852,0.827933394036304,0.954161930646283,0.954161930646283,"social_isolation_avg"
"18335","SLC7A4","Exc L4-5 RORB IL1RAPL2",-0.153189051214765,1.22683482900174,3.31654762361497,0.0703938350104579,0.303744983405444,0.303744983405444,"social_isolation_avg"
"18336","AC002472.1","Exc L4-5 RORB IL1RAPL2",0.199524550362716,0.350575882256554,2.81386669530096,0.095342777513107,0.357365430531992,0.357365430531992,"social_isolation_avg"
"18337","LRRC74B","Exc L4-5 RORB IL1RAPL2",0.150235567674093,0.860745454634291,1.8482975666976,0.175833226756079,0.482025569900286,0.482025569900286,"social_isolation_avg"
"18338","GGT2","Exc L4-5 RORB IL1RAPL2",0.0187527963728856,1.77409404006617,0.0480482338016444,0.826765409687761,0.954146283421905,0.954146283421905,"social_isolation_avg"
"18339","HIC2","Exc L4-5 RORB IL1RAPL2",-0.000611088759221663,6.64406153626685,0.000336889348867966,0.985378149661176,0.998300390466684,0.998300390466684,"social_isolation_avg"
"18340","TMEM191C","Exc L4-5 RORB IL1RAPL2",0.109475083775662,3.30755422418909,2.92549467562354,0.0890666570192699,0.344375815358902,0.344375815358902,"social_isolation_avg"
"18341","UBE2L3","Exc L4-5 RORB IL1RAPL2",-0.0366643581161044,6.21140779070346,3.75600226820094,0.0543222668106328,0.264469768695787,0.264469768695787,"social_isolation_avg"
"18342","YDJC","Exc L4-5 RORB IL1RAPL2",-0.0352595815775315,2.78667483778031,0.493505386339276,0.483355890410196,0.775372863914549,0.775372863914549,"social_isolation_avg"
"18343","SDF2L1","Exc L4-5 RORB IL1RAPL2",-0.112824439108418,1.29986893560401,1.9622249570372,0.163150048021234,0.466112643011692,0.466112643011692,"social_isolation_avg"
"18344","PPIL2","Exc L4-5 RORB IL1RAPL2",0.0349554492540638,5.46588108384876,2.41225782567382,0.12230115755506,0.402282054402988,0.402282054402988,"social_isolation_avg"
"18345","YPEL1","Exc L4-5 RORB IL1RAPL2",0.0371493702345089,5.80981130897078,1.04997543242511,0.307009965156881,0.636943523446061,0.636943523446061,"social_isolation_avg"
"18346","MAPK1","Exc L4-5 RORB IL1RAPL2",-0.0127662108244919,7.69579674481644,0.609819367160846,0.435972766024349,0.739957006274372,0.739957006274372,"social_isolation_avg"
"18347","PPM1F","Exc L4-5 RORB IL1RAPL2",-0.0321971557176227,4.67650548545411,1.35842829516472,0.245489136377516,0.571000065494044,0.571000065494044,"social_isolation_avg"
"18348","AC245452.1","Exc L4-5 RORB IL1RAPL2",-0.118086199983482,1.85313530635129,2.56953320370268,0.110849017723902,0.384967156759105,0.384967156759105,"social_isolation_avg"
"18349","TOP3B","Exc L4-5 RORB IL1RAPL2",-0.00361357259639318,3.85618575251779,0.00846531088322892,0.926803789951473,0.98417618971798,0.98417618971798,"social_isolation_avg"
"18350","IGLV10-54","Exc L4-5 RORB IL1RAPL2",0.0645140243051989,1.66762441597757,0.30818951926594,0.579543783858596,0.835898587256493,0.835898587256493,"social_isolation_avg"
"18351","AC245060.6","Exc L4-5 RORB IL1RAPL2",-0.146066226482642,1.68108093558882,3.76024407390054,0.054187832696987,0.264149026677716,0.264149026677716,"social_isolation_avg"
"18352","AC245060.5","Exc L4-5 RORB IL1RAPL2",0.0326619146732814,4.77585495853421,0.179699232616979,0.672182973712573,0.884557060922122,0.884557060922122,"social_isolation_avg"
"18353","ZNF280B","Exc L4-5 RORB IL1RAPL2",-0.0510331217875025,4.62031726093164,4.6295192760379,0.0328780833279619,0.198266113239298,0.198266113239298,"social_isolation_avg"
"18354","GGTLC2","Exc L4-5 RORB IL1RAPL2",0.0133274644630919,1.17889505450236,0.0119487630609944,0.913088888542116,0.981668613012071,0.981668613012071,"social_isolation_avg"
"18355","RSPH14","Exc L4-5 RORB IL1RAPL2",-0.0218413668249063,2.76807787694566,0.199965558763894,0.655334042297176,0.876327780631536,0.876327780631536,"social_isolation_avg"
"18356","GNAZ","Exc L4-5 RORB IL1RAPL2",-0.094210886532036,4.77392460041149,7.56887042172557,0.00660108087383719,0.0779158148558162,0.0779158148558162,"social_isolation_avg"
"18357","RAB36","Exc L4-5 RORB IL1RAPL2",-0.0167576203020538,1.97598195675182,0.0624732075901899,0.802939153696164,0.94516269283512,0.94516269283512,"social_isolation_avg"
"18358","BCR","Exc L4-5 RORB IL1RAPL2",0.0107830115530775,5.60017254377273,0.199581741301272,0.655643422508402,0.876522941940329,0.876522941940329,"social_isolation_avg"
"18359","LINC02556","Exc L4-5 RORB IL1RAPL2",-0.00349771707910175,0.774071466736092,0.00185812696469952,0.965669065377689,0.993640457161603,0.993640457161603,"social_isolation_avg"
"18360","PCAT14","Exc L4-5 RORB IL1RAPL2",-0.087960166517066,1.83203093758526,2.01210531838141,0.255218801814567,0.583531307320376,0.583531307320376,"social_isolation_avg"
"18361","IGLL1","Exc L4-5 RORB IL1RAPL2",0.0989280306147855,-0.249435180567406,0.248619837590956,0.618711427169441,0.855936163886305,0.855936163886305,"social_isolation_avg"
"18362","AP000345.2","Exc L4-5 RORB IL1RAPL2",-0.10985111745968,1.03498609147471,0.968074905353966,0.326598717383163,0.653102083378423,0.653102083378423,"social_isolation_avg"
"18363","DRICH1","Exc L4-5 RORB IL1RAPL2",-0.0112346568255677,2.20447144723854,0.0215070931771044,0.883584649613598,0.973292394352534,0.973292394352534,"social_isolation_avg"
"18364","RGL4","Exc L4-5 RORB IL1RAPL2",-0.165642518131819,-0.220133894840511,1.36695828632528,0.244018418906886,0.568955330146295,0.568955330146295,"social_isolation_avg"
"18365","ZNF70","Exc L4-5 RORB IL1RAPL2",0.0646172687034089,1.81571523569608,0.978699363049675,0.323966043911476,0.651418501068269,0.651418501068269,"social_isolation_avg"
"18366","CHCHD10","Exc L4-5 RORB IL1RAPL2",-0.136528978100252,5.69226498012029,18.2748141333443,3.22310271545904e-05,0.00287661917354719,0.00287661917354719,"social_isolation_avg"
"18367","MMP11","Exc L4-5 RORB IL1RAPL2",0.301805650777313,0.0233053955679926,6.03090974987431,0.0150923279049724,0.125005734355117,0.125005734355117,"social_isolation_avg"
"18368","SMARCB1","Exc L4-5 RORB IL1RAPL2",0.0229105985333082,4.89056950597853,1.05787337354254,0.305203400217947,0.635939119731827,0.635939119731827,"social_isolation_avg"
"18369","DERL3","Exc L4-5 RORB IL1RAPL2",0.204320327243737,0.103349873555412,1.75021738710098,0.187676625795364,0.496995022627583,0.496995022627583,"social_isolation_avg"
"18370","AP000350.5","Exc L4-5 RORB IL1RAPL2",-0.03965408898738,1.52999457434876,0.267290570725703,0.605846175687326,0.849203710342991,0.849203710342991,"social_isolation_avg"
"18371","SLC2A11","Exc L4-5 RORB IL1RAPL2",-0.119928806557214,1.31956665480702,2.44121429204901,0.18952882655205,0.499871052019979,0.499871052019979,"social_isolation_avg"
"18372","AP000350.4","Exc L4-5 RORB IL1RAPL2",-0.020999055369194,1.75428272344194,0.125510285532953,0.723584847651563,0.91006041627328,0.91006041627328,"social_isolation_avg"
"18373","AP000350.6","Exc L4-5 RORB IL1RAPL2",0.266322093478555,0.701246935819987,1.97956184240681,0.16131401710131,0.463370656987078,0.463370656987078,"social_isolation_avg"
"18374","GSTT2B","Exc L4-5 RORB IL1RAPL2",0.00656346102002609,4.20206607068059,0.0103203111486994,0.919206089785086,0.983116407957877,0.983116407957877,"social_isolation_avg"
"18375","DDT","Exc L4-5 RORB IL1RAPL2",-0.0605321716967123,3.60036860707507,1.51373651748613,0.220317843808533,0.540965911338282,0.540965911338282,"social_isolation_avg"
"18376","CABIN1","Exc L4-5 RORB IL1RAPL2",-0.00842114398975221,6.46553301813575,0.199935205806831,0.655358495636395,0.876327780631536,0.876327780631536,"social_isolation_avg"
"18377","GGT5","Exc L4-5 RORB IL1RAPL2",0.0466162829363735,0.00737338431730161,0.159072112613602,0.690526999686473,0.893676052256912,0.893676052256912,"social_isolation_avg"
"18378","SPECC1L","Exc L4-5 RORB IL1RAPL2",-0.0804327326779639,0.236518866368417,0.292813618449513,0.589151628239898,0.840694946822209,0.840694946822209,"social_isolation_avg"
"18379","ADORA2A-AS1","Exc L4-5 RORB IL1RAPL2",0.192311779075292,0.3851651407966,3.32035952410617,0.0702341898981261,0.303617411343559,0.303617411343559,"social_isolation_avg"
"18380","UPB1","Exc L4-5 RORB IL1RAPL2",0.228940101629678,0.590788756738066,3.83376524924389,0.0519133986756893,0.257472124954086,0.257472124954086,"social_isolation_avg"
"18381","GUCD1","Exc L4-5 RORB IL1RAPL2",-0.0202543872568815,2.26463359202188,0.149954736336713,0.920801841277265,0.983427396790068,0.983427396790068,"social_isolation_avg"
"18382","SNRPD3","Exc L4-5 RORB IL1RAPL2",-0.00372317183480935,5.0624348663294,0.030188534477315,0.931379148092004,0.985770815072373,0.985770815072373,"social_isolation_avg"
"18383","GGT1","Exc L4-5 RORB IL1RAPL2",0.126848510095164,2.66518123828496,6.48684258051917,0.0117802985783458,0.108517541090984,0.108517541090984,"social_isolation_avg"
"18384","LRRC75B","Exc L4-5 RORB IL1RAPL2",-0.0902067602888894,2.89234907075396,4.23926215253507,0.0410682193098153,0.225624790232583,0.225624790232583,"social_isolation_avg"
"18385","SGSM1","Exc L4-5 RORB IL1RAPL2",-0.00686708338820508,7.76292139284961,0.137343763793999,0.711410561628344,0.904975073051627,0.904975073051627,"social_isolation_avg"
"18386","TMEM211","Exc L4-5 RORB IL1RAPL2",-0.0162773543313697,0.532009471062321,0.0267234781029797,0.947185101773643,0.988740948001749,0.988740948001749,"social_isolation_avg"
"18387","KIAA1671","Exc L4-5 RORB IL1RAPL2",0.0164312156361533,6.91783415146981,0.563212214121782,0.454035825312081,0.753061012456471,0.753061012456471,"social_isolation_avg"
"18388","AL022323.3","Exc L4-5 RORB IL1RAPL2",-0.123358954516111,-0.474431974390832,0.535502360903208,0.465338901511705,0.761782086477156,0.761782086477156,"social_isolation_avg"
"18389","AL022323.4","Exc L4-5 RORB IL1RAPL2",-0.0901202104641647,1.49088720751724,1.1686953032945,0.281244179538045,0.612392737586175,0.612392737586175,"social_isolation_avg"
"18390","AL022323.1","Exc L4-5 RORB IL1RAPL2",0.105401274151764,1.70200113701472,2.62119328828904,0.107351535357034,0.379185535311615,0.379185535311615,"social_isolation_avg"
"18391","CRYBB3","Exc L4-5 RORB IL1RAPL2",-0.0319171853960659,0.377666056464328,0.0950128015666899,0.821571574304621,0.952567912091289,0.952567912091289,"social_isolation_avg"
"18392","CRYBB2","Exc L4-5 RORB IL1RAPL2",-0.0441852971615713,1.28791918685062,0.179475077715455,0.672375483307578,0.884557060922122,0.884557060922122,"social_isolation_avg"
"18393","LRP5L","Exc L4-5 RORB IL1RAPL2",0.00339976776847803,2.47183198376676,0.00531320620750951,0.982286649980094,0.997691984833062,0.997691984833062,"social_isolation_avg"
"18394","AL022324.3","Exc L4-5 RORB IL1RAPL2",-0.0769178613118268,0.0243080197928237,0.406472446820335,0.573445003913028,0.831616988731125,0.831616988731125,"social_isolation_avg"
"18395","AL022329.1","Exc L4-5 RORB IL1RAPL2",0.1106700660562,-0.378844184013275,0.512428256048207,0.475099577945759,0.768912763177805,0.768912763177805,"social_isolation_avg"
"18396","GRK3","Exc L4-5 RORB IL1RAPL2",0.0048433701555767,6.97389230161239,0.0485388713934269,0.825897404726714,0.953895283131028,0.953895283131028,"social_isolation_avg"
"18397","MYO18B","Exc L4-5 RORB IL1RAPL2",0.236420207279397,1.48557125250011,11.7463246186766,0.000769387792091682,0.0200165276984862,0.0200165276984862,"social_isolation_avg"
"18398","SEZ6L","Exc L4-5 RORB IL1RAPL2",-0.00698162713027312,7.97004982626301,0.0741377545675969,0.785744636240365,0.93860819277545,0.93860819277545,"social_isolation_avg"
"18399","AL080273.1","Exc L4-5 RORB IL1RAPL2",0.0148276609617271,-0.452763841933179,0.00352462527767985,0.952730272385189,0.989452900160271,0.989452900160271,"social_isolation_avg"
"18400","ASPHD2","Exc L4-5 RORB IL1RAPL2",-0.0611770493660908,3.98117137613333,2.4048883284856,0.122869263515968,0.403542672276624,0.403542672276624,"social_isolation_avg"
"18401","HPS4","Exc L4-5 RORB IL1RAPL2",0.0593691657314006,4.68224592625397,4.06154994142097,0.0454905524003397,0.239223663692837,0.239223663692837,"social_isolation_avg"
"18402","SRRD","Exc L4-5 RORB IL1RAPL2",-0.101037508392099,2.60666668666018,4.50235537588894,0.0353385303631052,0.205989012014884,0.205989012014884,"social_isolation_avg"
"18403","TFIP11","Exc L4-5 RORB IL1RAPL2",-0.107439689260284,3.16935020758314,7.53588459015915,0.00671755439733248,0.0787213898091632,0.0787213898091632,"social_isolation_avg"
"18404","Z95115.1","Exc L4-5 RORB IL1RAPL2",-0.164655174699287,1.60174386455593,5.28353171323169,0.0227802959084359,0.159816825689104,0.159816825689104,"social_isolation_avg"
"18405","TPST2","Exc L4-5 RORB IL1RAPL2",0.0478115805871725,4.9090910154788,1.7525797161027,0.187380618898475,0.496697771109281,0.496697771109281,"social_isolation_avg"
"18406","CRYBB1","Exc L4-5 RORB IL1RAPL2",0.256053634847586,-0.369960617131091,2.34608387524551,0.127509785709432,0.410701192855784,0.410701192855784,"social_isolation_avg"
"18407","MIAT","Exc L4-5 RORB IL1RAPL2",0.0558422582780487,8.12322730963256,2.73487527080703,0.100076998619605,0.366116954926827,0.366116954926827,"social_isolation_avg"
"18408","Z99774.1","Exc L4-5 RORB IL1RAPL2",0.372473385650336,2.82972224435974,5.92913256651503,0.0159558857390186,0.128934723509263,0.128934723509263,"social_isolation_avg"
"18409","MIATNB","Exc L4-5 RORB IL1RAPL2",0.200487253627726,4.04504738352103,14.0502947113663,0.000245722616500619,0.00975326559652103,0.00975326559652103,"social_isolation_avg"
"18410","Z97353.2","Exc L4-5 RORB IL1RAPL2",-0.0871119506274211,0.652857169103075,0.747491897659901,0.388524406653111,0.704009796809378,0.704009796809378,"social_isolation_avg"
"18411","PITPNB","Exc L4-5 RORB IL1RAPL2",-0.0654816354802346,5.84350730247059,12.88135209214,0.000437023975659774,0.0140364747866967,0.0140364747866967,"social_isolation_avg"
"18412","TTC28","Exc L4-5 RORB IL1RAPL2",0.0267141493282797,7.11205854587198,1.20807815128512,0.273311352671059,0.603069866342752,0.603069866342752,"social_isolation_avg"
"18413","CHEK2","Exc L4-5 RORB IL1RAPL2",0.0461501090744005,2.06104937454065,0.476125876652202,0.491150039013218,0.78089037011468,0.78089037011468,"social_isolation_avg"
"18414","HSCB","Exc L4-5 RORB IL1RAPL2",-0.0186578163860469,4.08825734323743,0.267132200393375,0.605952877420063,0.849203710342991,0.849203710342991,"social_isolation_avg"
"18415","CCDC117","Exc L4-5 RORB IL1RAPL2",-0.060561267647173,3.59588290226715,2.61548481838253,0.107731933707873,0.379767333493373,0.379767333493373,"social_isolation_avg"
"18416","XBP1","Exc L4-5 RORB IL1RAPL2",-0.0334433638018123,3.11200984085808,0.392704592440771,0.531745677419889,0.808558852883224,0.808558852883224,"social_isolation_avg"
"18417","Z93930.2","Exc L4-5 RORB IL1RAPL2",0.0330402465649682,3.66774688958716,0.533382883607,0.466221910818331,0.762337462809969,0.762337462809969,"social_isolation_avg"
"18418","ZNRF3","Exc L4-5 RORB IL1RAPL2",0.02033731915953,5.92755649875728,0.601992806103022,0.438927376412137,0.741796860981924,0.741796860981924,"social_isolation_avg"
"18419","ZNRF3-AS1","Exc L4-5 RORB IL1RAPL2",-0.0290617808609223,-0.0870322894904485,0.0530217631856892,0.818170927784794,0.951762359999666,0.951762359999666,"social_isolation_avg"
"18420","KREMEN1","Exc L4-5 RORB IL1RAPL2",0.00869524413591862,3.16011828381591,0.0368631356456153,0.847979629842974,0.961873912835597,0.961873912835597,"social_isolation_avg"
"18421","EMID1","Exc L4-5 RORB IL1RAPL2",-0.110936269694999,1.93015792985406,1.26679845018133,0.26199969797674,0.591633403200609,0.591633403200609,"social_isolation_avg"
"18422","RHBDD3","Exc L4-5 RORB IL1RAPL2",0.0325125319345244,4.65756784806879,1.31838162999957,0.252541656017796,0.580177352296348,0.580177352296348,"social_isolation_avg"
"18423","EWSR1","Exc L4-5 RORB IL1RAPL2",-0.0141451326471167,5.93815729764113,0.472588419008981,0.492762215994201,0.781933995378596,0.781933995378596,"social_isolation_avg"
"18424","GAS2L1","Exc L4-5 RORB IL1RAPL2",-0.0665615876556858,4.35380029178049,4.08615762380501,0.0448491390655539,0.236970276531512,0.236970276531512,"social_isolation_avg"
"18425","RASL10A","Exc L4-5 RORB IL1RAPL2",-0.117179344250639,4.08504859548401,6.2230005370151,0.0135923925825658,0.117273898793766,0.117273898793766,"social_isolation_avg"
"18426","AP1B1","Exc L4-5 RORB IL1RAPL2",-0.00910146616690285,5.4859933592818,0.171674520196566,0.679165051198396,0.887770772623479,0.887770772623479,"social_isolation_avg"
"18427","RFPL1S","Exc L4-5 RORB IL1RAPL2",-0.022475769582989,6.84574181065561,0.973567324322863,0.325234190657643,0.652229924187665,0.652229924187665,"social_isolation_avg"
"18428","RFPL1","Exc L4-5 RORB IL1RAPL2",-0.0399714231705547,0.158189959754892,0.110597255342696,0.739886564556702,0.918173653045016,0.918173653045016,"social_isolation_avg"
"18429","AC000035.1","Exc L4-5 RORB IL1RAPL2",-0.117342656488194,0.141072289422455,0.674847067322111,0.412550059760096,0.722407364514029,0.722407364514029,"social_isolation_avg"
"18430","NEFH","Exc L4-5 RORB IL1RAPL2",-0.0117163989165781,3.79285271679685,0.0373949953489778,0.846900469879939,0.961743455463031,0.961743455463031,"social_isolation_avg"
"18431","THOC5","Exc L4-5 RORB IL1RAPL2",0.00414186790057685,4.49853243737952,0.0229216298850109,0.879845664203995,0.97212028101628,0.97212028101628,"social_isolation_avg"
"18432","NIPSNAP1","Exc L4-5 RORB IL1RAPL2",0.0825628084653708,4.38951078870736,8.26579343634454,0.00457175449922837,0.062150149507099,0.062150149507099,"social_isolation_avg"
"18433","NF2","Exc L4-5 RORB IL1RAPL2",0.0479993814329909,5.20949631538716,5.11781742241538,0.0249838613282185,0.168287518758,0.168287518758,"social_isolation_avg"
"18434","ZMAT5","Exc L4-5 RORB IL1RAPL2",0.0267848043050722,2.93708919565285,0.440374078102921,0.563523874054106,0.826056636512892,0.826056636512892,"social_isolation_avg"
"18435","UQCR10","Exc L4-5 RORB IL1RAPL2",-0.162073497281252,5.34687746367124,22.9371351800366,3.69871130944114e-06,0.000686110947901332,0.000686110947901332,"social_isolation_avg"
"18436","ASCC2","Exc L4-5 RORB IL1RAPL2",0.0351294130179356,4.49411917897905,1.93122332428509,0.166493533908155,0.470280438545185,0.470280438545185,"social_isolation_avg"
"18437","MTMR3","Exc L4-5 RORB IL1RAPL2",0.0024337881465848,6.25704365435008,0.0248133909202418,0.875025199606571,0.970500479269633,0.970500479269633,"social_isolation_avg"
"18438","AC003681.1","Exc L4-5 RORB IL1RAPL2",0.0156815970253814,-0.133432426785988,0.0103885912086199,0.952595473474216,0.989452900160271,0.989452900160271,"social_isolation_avg"
"18439","HORMAD2","Exc L4-5 RORB IL1RAPL2",0.0833705281195165,-0.376189506024158,0.268405859975142,0.605095884853515,0.848955897769046,0.848955897769046,"social_isolation_avg"
"18440","CASTOR1","Exc L4-5 RORB IL1RAPL2",0.129482456094648,0.0107192574841191,1.37782024400372,0.298130297388975,0.629146035790408,0.629146035790408,"social_isolation_avg"
"18441","TBC1D10A","Exc L4-5 RORB IL1RAPL2",0.115402432850135,1.93547292203031,4.19847562388702,0.0420411713269782,0.228975533298145,0.228975533298145,"social_isolation_avg"
"18442","SF3A1","Exc L4-5 RORB IL1RAPL2",-0.111784193336725,3.86218516927767,12.0122748281343,0.000673480767967309,0.0182563461471482,0.0182563461471482,"social_isolation_avg"
"18443","CCDC157","Exc L4-5 RORB IL1RAPL2",0.0742145697022787,2.65937193497425,2.34447716873359,0.127639306937251,0.41093471610681,0.41093471610681,"social_isolation_avg"
"18444","RNF215","Exc L4-5 RORB IL1RAPL2",-0.0171175248894149,4.0380649399124,0.242660556270064,0.622944774633706,0.858818431759441,0.858818431759441,"social_isolation_avg"
"18445","SEC14L2","Exc L4-5 RORB IL1RAPL2",-0.0312999962948398,2.35019156204531,0.281949925225334,0.596138738782191,0.844144918525496,0.844144918525496,"social_isolation_avg"
"18446","SEC14L4","Exc L4-5 RORB IL1RAPL2",0.00480362867477937,1.48659080941928,0.00317481477876861,0.955134627056971,0.990138901182401,0.990138901182401,"social_isolation_avg"
"18447","SEC14L6","Exc L4-5 RORB IL1RAPL2",-0.030515719815365,2.6053427997695,0.253119646804531,0.615556679016027,0.854166518525118,0.854166518525118,"social_isolation_avg"
"18448","GAL3ST1","Exc L4-5 RORB IL1RAPL2",0.0297405731175049,1.9303813280838,0.164123868122612,0.685911626800463,0.891563117498239,0.891563117498239,"social_isolation_avg"
"18449","PES1","Exc L4-5 RORB IL1RAPL2",-0.0573304730268117,2.95303853430824,2.05386231447812,0.153709282917724,0.452940872463207,0.452940872463207,"social_isolation_avg"
"18450","SLC35E4","Exc L4-5 RORB IL1RAPL2",-0.0313421773657641,3.89132572648936,0.975399500591462,0.324780696313803,0.652229924187665,0.652229924187665,"social_isolation_avg"
"18451","DUSP18","Exc L4-5 RORB IL1RAPL2",0.000686058775835403,4.03556247472225,0.000275762942371135,0.986770875691408,0.998325940485357,0.998325940485357,"social_isolation_avg"
"18452","OSBP2","Exc L4-5 RORB IL1RAPL2",0.060136264992781,7.58323652898897,13.257196745229,0.000362905278635903,0.0124619433340652,0.0124619433340652,"social_isolation_avg"
"18453","MORC2-AS1","Exc L4-5 RORB IL1RAPL2",0.0136703276288933,1.68556833071355,0.0288592207401123,0.865312230109351,0.966699504677868,0.966699504677868,"social_isolation_avg"
"18454","MORC2","Exc L4-5 RORB IL1RAPL2",0.00161136932855325,3.97100329550511,0.00316014039882485,0.955238323663151,0.990138901182401,0.990138901182401,"social_isolation_avg"
"18455","SELENOM","Exc L4-5 RORB IL1RAPL2",-0.125083781174686,4.31593530430472,7.55014896257104,0.00666692853532199,0.0783995990160518,0.0783995990160518,"social_isolation_avg"
"18456","INPP5J","Exc L4-5 RORB IL1RAPL2",-0.0247920233961183,2.89501416660984,0.320827072312292,0.571879264126051,0.830698002329815,0.830698002329815,"social_isolation_avg"
"18457","RNF185","Exc L4-5 RORB IL1RAPL2",-0.0212313661871548,4.84652960320973,0.616536372348647,0.433461280818447,0.738410092227049,0.738410092227049,"social_isolation_avg"
"18458","LIMK2","Exc L4-5 RORB IL1RAPL2",0.0585344561917126,4.02441717477296,2.43904000401701,0.120261141193071,0.399019663256091,0.399019663256091,"social_isolation_avg"
"18459","PIK3IP1","Exc L4-5 RORB IL1RAPL2",0.007687018551595,4.06032798968477,0.0484606246228302,0.826035524609976,0.953895283131028,0.953895283131028,"social_isolation_avg"
"18460","PIK3IP1-AS1","Exc L4-5 RORB IL1RAPL2",0.146167263164477,2.76791943807668,9.87293036828364,0.00198809004409651,0.0373551655653924,0.0373551655653924,"social_isolation_avg"
"18461","PATZ1","Exc L4-5 RORB IL1RAPL2",-0.0160111236326588,2.56980276789617,0.107537315018208,0.743380471719095,0.9201287790235,0.9201287790235,"social_isolation_avg"
"18462","LINC01521","Exc L4-5 RORB IL1RAPL2",-0.0718255813480042,1.06717797482519,0.696148122380764,0.40528519057235,0.716873991849999,0.716873991849999,"social_isolation_avg"
"18463","DRG1","Exc L4-5 RORB IL1RAPL2",0.0251191463651827,4.96193033712761,1.3773979796529,0.242233132860945,0.566689458953264,0.566689458953264,"social_isolation_avg"
"18464","EIF4ENIF1","Exc L4-5 RORB IL1RAPL2",0.0179759157948329,5.26463171012308,0.898204719680394,0.380011950293149,0.698146044421466,0.698146044421466,"social_isolation_avg"
"18465","SFI1","Exc L4-5 RORB IL1RAPL2",0.0648421773792476,5.89388050991167,8.81562378880439,0.00343109547341395,0.0520607517662111,0.0520607517662111,"social_isolation_avg"
"18466","PISD","Exc L4-5 RORB IL1RAPL2",0.0242847236389682,5.97471654814217,1.45024277948898,0.230210553222377,0.552556696860669,0.552556696860669,"social_isolation_avg"
"18467","PRR14L","Exc L4-5 RORB IL1RAPL2",0.0383017652419431,6.17464946603531,3.25808299089097,0.0728921799583189,0.309305435521721,0.309305435521721,"social_isolation_avg"
"18468","Z82190.2","Exc L4-5 RORB IL1RAPL2",0.0519653603384648,2.53614371381126,1.53527669953841,0.217078725397284,0.536919280955755,0.536919280955755,"social_isolation_avg"
"18469","YWHAH","Exc L4-5 RORB IL1RAPL2",-0.11310054799583,7.26692048357577,13.3801427068965,0.000341551264695005,0.0120344347845329,0.0120344347845329,"social_isolation_avg"
"18470","SLC5A1","Exc L4-5 RORB IL1RAPL2",0.00561389999495648,-0.211491905651374,0.00215624311252931,0.963019302893015,0.992970265671771,0.992970265671771,"social_isolation_avg"
"18471","RFPL2","Exc L4-5 RORB IL1RAPL2",0.0183659091518082,5.28432867384589,0.0695659450281444,0.792298338141451,0.941473142999083,0.941473142999083,"social_isolation_avg"
"18472","SLC5A4-AS1","Exc L4-5 RORB IL1RAPL2",0.0186354343584084,7.18156270308762,0.0533132213862665,0.817680704774711,0.951624077963338,0.951624077963338,"social_isolation_avg"
"18473","SLC5A4","Exc L4-5 RORB IL1RAPL2",0.0947401316235951,2.31029300783138,0.84349953137862,0.35973600842674,0.679637045975272,0.679637045975272,"social_isolation_avg"
"18474","AL008723.1","Exc L4-5 RORB IL1RAPL2",0.116671730046238,2.89932895447625,0.959044177647221,0.328858934105218,0.654294415584104,0.654294415584104,"social_isolation_avg"
"18475","AL008723.3","Exc L4-5 RORB IL1RAPL2",0.0196971637149828,1.56905452601093,0.0336412939411504,0.854696701724795,0.962722785572292,0.962722785572292,"social_isolation_avg"
"18476","AL021937.3","Exc L4-5 RORB IL1RAPL2",0.0212395455051407,-0.914019167438902,0.0033082880125717,0.954202262243037,0.989932191279706,0.989932191279706,"social_isolation_avg"
"18477","RFPL3S","Exc L4-5 RORB IL1RAPL2",0.062124309249325,1.33269176412761,0.803513075850642,0.371348684620165,0.689463692729271,0.689463692729271,"social_isolation_avg"
"18478","RTCB","Exc L4-5 RORB IL1RAPL2",0.0126692194372771,5.02992696444318,0.288712196958584,0.591769551456753,0.842274306180829,0.842274306180829,"social_isolation_avg"
"18479","BPIFC","Exc L4-5 RORB IL1RAPL2",0.132108554482603,0.748663609932252,2.39875305216587,0.302649519976427,0.634092008793248,0.634092008793248,"social_isolation_avg"
"18480","FBXO7","Exc L4-5 RORB IL1RAPL2",0.00817571916924096,4.59949168958173,0.109438099749175,0.741203725319252,0.918667690734397,0.918667690734397,"social_isolation_avg"
"18481","SYN3","Exc L4-5 RORB IL1RAPL2",0.0584058639178692,8.15933641516608,2.82624476924045,0.0946234889363513,0.35600935258793,0.35600935258793,"social_isolation_avg"
"18482","TIMP3","Exc L4-5 RORB IL1RAPL2",-0.0668409047485216,3.13403315524758,0.871944935867259,0.35177945687617,0.672355755245942,0.672355755245942,"social_isolation_avg"
"18483","LARGE1","Exc L4-5 RORB IL1RAPL2",0.0217774169372695,9.57475667876796,1.44325165033961,0.231332371366659,0.553680169479761,0.553680169479761,"social_isolation_avg"
"18484","Z73429.1","Exc L4-5 RORB IL1RAPL2",0.133871815585936,-0.478494343702395,0.675978299127926,0.412159426112163,0.722347953081533,0.722347953081533,"social_isolation_avg"
"18485","LINC01643","Exc L4-5 RORB IL1RAPL2",-0.0562103707216976,0.515516985964272,0.322509127055708,0.57087421752138,0.829944468108913,0.829944468108913,"social_isolation_avg"
"18486","Z68323.1","Exc L4-5 RORB IL1RAPL2",-0.0895268674615827,0.180136201020285,0.457662916937404,0.49966377633088,0.786014647344504,0.786014647344504,"social_isolation_avg"
"18487","Z82196.1","Exc L4-5 RORB IL1RAPL2",-0.273115853718849,-0.236038290181904,3.29033533649437,0.0715023060654097,0.306617273008639,0.306617273008639,"social_isolation_avg"
"18488","Z82196.2","Exc L4-5 RORB IL1RAPL2",0.006834402158598,1.58886368739624,0.00705275999997909,0.933173387954072,0.986583286147705,0.986583286147705,"social_isolation_avg"
"18489","ISX-AS1","Exc L4-5 RORB IL1RAPL2",0.100877769611733,0.496715574976243,0.928126197434224,0.336757560080456,0.661042617935709,0.661042617935709,"social_isolation_avg"
"18490","HMGXB4","Exc L4-5 RORB IL1RAPL2",0.0500365910090916,5.31229852261713,4.26091354940004,0.0405614606435057,0.224011499368293,0.224011499368293,"social_isolation_avg"
"18491","TOM1","Exc L4-5 RORB IL1RAPL2",-0.046889274798537,4.70341384982231,2.63110276182696,0.106694718690041,0.377622665980968,0.377622665980968,"social_isolation_avg"
"18492","HMOX1","Exc L4-5 RORB IL1RAPL2",0.104914234517679,-0.174420084399072,0.475944095655454,0.491232668812127,0.78089037011468,0.78089037011468,"social_isolation_avg"
"18493","MCM5","Exc L4-5 RORB IL1RAPL2",0.0968242468037783,-0.0937056372911975,0.457307180593497,0.499830266452372,0.786069985000596,0.786069985000596,"social_isolation_avg"
"18494","AL022334.2","Exc L4-5 RORB IL1RAPL2",0.0795000754034024,-0.370274184830334,0.289681442485069,0.591148728933301,0.841936401968159,0.841936401968159,"social_isolation_avg"
"18495","RASD2","Exc L4-5 RORB IL1RAPL2",-0.012174865716605,4.6528572503375,0.0847167385293381,0.771369255164549,0.932592822809484,0.932592822809484,"social_isolation_avg"
"18496","RBFOX2","Exc L4-5 RORB IL1RAPL2",0.00221248860998938,8.67153936208531,0.0272862267860367,0.868999875672504,0.967441402840039,0.967441402840039,"social_isolation_avg"
"18497","Z82217.1","Exc L4-5 RORB IL1RAPL2",0.205476213608026,0.42960076224146,3.23152892560345,0.117643782139324,0.396511034071482,0.396511034071482,"social_isolation_avg"
"18498","Z95114.4","Exc L4-5 RORB IL1RAPL2",0.0916250590254848,1.06816172527328,1.08790851037605,0.298458118934774,0.629556975291511,0.629556975291511,"social_isolation_avg"
"18499","APOL2","Exc L4-5 RORB IL1RAPL2",-0.0412041662251776,4.93749213120427,1.01087689802999,0.316162388845448,0.644276635362921,0.644276635362921,"social_isolation_avg"
"18500","MYH9","Exc L4-5 RORB IL1RAPL2",0.000391324732024034,5.5074833666257,0.000193141991261102,0.988928473247421,0.998787747693845,0.998787747693845,"social_isolation_avg"
"18501","FO393418.1","Exc L4-5 RORB IL1RAPL2",0.0366849598854782,1.88053689374823,0.270930984895691,0.603404437532555,0.84810912192597,0.84810912192597,"social_isolation_avg"
"18502","TXN2","Exc L4-5 RORB IL1RAPL2",-0.113606836581401,4.20937295730838,13.7563017358469,0.000283837972998889,0.0106731089851647,0.0106731089851647,"social_isolation_avg"
"18503","FOXRED2","Exc L4-5 RORB IL1RAPL2",0.0124117951201272,4.19661924702211,0.125825407529745,0.723252435513499,0.91006041627328,0.91006041627328,"social_isolation_avg"
"18504","EIF3D","Exc L4-5 RORB IL1RAPL2",-0.0640230671097685,3.8337053829447,3.85725308961819,0.0512084569010878,0.255515615249336,0.255515615249336,"social_isolation_avg"
"18505","CACNG2","Exc L4-5 RORB IL1RAPL2",0.0298837474080019,6.90888102792818,2.09657807055817,0.149523286558977,0.446642755151382,0.446642755151382,"social_isolation_avg"
"18506","AL049749.1","Exc L4-5 RORB IL1RAPL2",0.0654060860304698,1.46464837666389,0.789168778345634,0.491886187322836,0.781245576289379,0.781245576289379,"social_isolation_avg"
"18507","IFT27","Exc L4-5 RORB IL1RAPL2",-0.0530075960543887,3.50988948223247,1.9530186173965,0.353103333579682,0.673359017804995,0.673359017804995,"social_isolation_avg"
"18508","MPST","Exc L4-5 RORB IL1RAPL2",-0.0755148081924603,1.13665108988362,1.00706557257524,0.317073642907338,0.645091440585995,0.645091440585995,"social_isolation_avg"
"18509","KCTD17","Exc L4-5 RORB IL1RAPL2",-0.0830297654128821,5.01841370589486,7.04315058079046,0.00873378306252188,0.0906855571588242,0.0906855571588242,"social_isolation_avg"
"18510","Z82188.2","Exc L4-5 RORB IL1RAPL2",-0.0394764113401143,2.36949141958591,0.452076658036538,0.502289196163037,0.788305729976844,0.788305729976844,"social_isolation_avg"
"18511","C1QTNF6","Exc L4-5 RORB IL1RAPL2",-0.0151474126086658,2.26640597326112,0.0517715810991763,0.820289961388267,0.952333857918723,0.952333857918723,"social_isolation_avg"
"18512","SSTR3","Exc L4-5 RORB IL1RAPL2",-0.127254681298544,3.24241154183645,8.75922270584064,0.00353323791538761,0.0531418081057623,0.0531418081057623,"social_isolation_avg"
"18513","RAC2","Exc L4-5 RORB IL1RAPL2",0.151373573013865,0.351209501117403,1.36935833824009,0.243606561541961,0.568345222063556,0.568345222063556,"social_isolation_avg"
"18514","ELFN2","Exc L4-5 RORB IL1RAPL2",0.0315917594461513,5.07373640971301,0.997479225581432,0.31938102639319,0.646743911436941,0.646743911436941,"social_isolation_avg"
"18515","GGA1","Exc L4-5 RORB IL1RAPL2",-0.0102838454991427,5.0450815034645,0.208963663946199,0.648181086189425,0.872030313693837,0.872030313693837,"social_isolation_avg"
"18516","Z83844.2","Exc L4-5 RORB IL1RAPL2",0.0929704551890344,1.15299937903217,1.05098952031859,0.411420765642896,0.721732665016425,0.721732665016425,"social_isolation_avg"
"18517","PDXP","Exc L4-5 RORB IL1RAPL2",0.0276204220062826,-0.524843617587439,0.0254119198431564,0.873539557575247,0.969910332074482,0.969910332074482,"social_isolation_avg"
"18518","LGALS1","Exc L4-5 RORB IL1RAPL2",-0.162643104198575,3.8456661847937,7.55564269900097,0.00664753582751991,0.0782688396966424,0.0782688396966424,"social_isolation_avg"
"18519","Z83844.1","Exc L4-5 RORB IL1RAPL2",-0.0636477355708308,1.70648802076727,0.830514003840653,0.465165475871001,0.761761811403428,0.761761811403428,"social_isolation_avg"
"18520","TRIOBP","Exc L4-5 RORB IL1RAPL2",0.0745903792844139,2.42658007777692,1.77740859588742,0.18430233173076,0.491845475130847,0.491845475130847,"social_isolation_avg"
"18521","H1F0","Exc L4-5 RORB IL1RAPL2",-0.060338635696891,4.66561464607147,2.1767773944105,0.142009822916188,0.435630327399026,0.435630327399026,"social_isolation_avg"
"18522","GCAT","Exc L4-5 RORB IL1RAPL2",-0.0621676123111727,3.39429467674283,2.10360191810863,0.1488474956711,0.445906185179367,0.445906185179367,"social_isolation_avg"
"18523","ANKRD54","Exc L4-5 RORB IL1RAPL2",-0.00831959462866503,3.88119761293339,0.0717591742613424,0.993697778958969,0.999452588532504,0.999452588532504,"social_isolation_avg"
"18524","EIF3L","Exc L4-5 RORB IL1RAPL2",0.011017483016552,5.20069197572911,0.217193127287545,0.641800520851585,0.868818079521986,0.868818079521986,"social_isolation_avg"
"18525","C22orf23","Exc L4-5 RORB IL1RAPL2",0.0528429853360026,0.124498075797734,0.254049359403094,0.614909260739384,0.853922797977974,0.853922797977974,"social_isolation_avg"
"18526","POLR2F","Exc L4-5 RORB IL1RAPL2",-0.00578612700251837,5.20612095063811,0.0459490783982453,0.830532596387564,0.955405353614366,0.955405353614366,"social_isolation_avg"
"18527","PICK1","Exc L4-5 RORB IL1RAPL2",-0.0489117072378106,4.87638689592765,2.66417529767178,0.104534588997441,0.374176874464735,0.374176874464735,"social_isolation_avg"
"18528","AL031587.2","Exc L4-5 RORB IL1RAPL2",-0.048470067527368,1.24595963165548,0.29752686618422,0.636251746253011,0.866437838094198,0.866437838094198,"social_isolation_avg"
"18529","SLC16A8","Exc L4-5 RORB IL1RAPL2",-0.0624496918885448,-0.19272998605306,0.216321052788645,0.642469632335135,0.868889526937839,0.868889526937839,"social_isolation_avg"
"18530","BAIAP2L2","Exc L4-5 RORB IL1RAPL2",0.0011715267689844,4.03890838219457,0.000482867947188094,0.982494994422897,0.997752468760777,0.997752468760777,"social_isolation_avg"
"18531","AL022322.1","Exc L4-5 RORB IL1RAPL2",0.00228442083401631,0.765025539372267,0.000411252137773669,0.983844985075743,0.998121784353124,0.998121784353124,"social_isolation_avg"
"18532","PLA2G6","Exc L4-5 RORB IL1RAPL2",0.037705193639039,3.73352571606737,1.61840722935831,0.205100769438079,0.521951803434821,0.521951803434821,"social_isolation_avg"
"18533","AL022322.2","Exc L4-5 RORB IL1RAPL2",0.237192595815367,0.170564014589233,3.7702003238507,0.0538736885419219,0.263305003499345,0.263305003499345,"social_isolation_avg"
"18534","MAFF","Exc L4-5 RORB IL1RAPL2",-0.0363479225608988,0.915366037648454,0.122546949346636,0.726734019715254,0.912081081655102,0.912081081655102,"social_isolation_avg"
"18535","TMEM184B","Exc L4-5 RORB IL1RAPL2",-0.0130508517552159,6.29256967390826,0.409615914476172,0.523050627254607,0.803038049195425,0.803038049195425,"social_isolation_avg"
"18536","CSNK1E","Exc L4-5 RORB IL1RAPL2",0.0243524189768329,5.83633607658704,0.599624860523549,0.439827374987036,0.742592244760742,0.742592244760742,"social_isolation_avg"
"18537","TPTEP2-CSNK1E","Exc L4-5 RORB IL1RAPL2",0.0564086702650796,6.03304578049087,4.56574198757614,0.0340886608098501,0.202125286145833,0.202125286145833,"social_isolation_avg"
"18538","KCNJ4","Exc L4-5 RORB IL1RAPL2",-0.145686306155736,5.0049896939083,21.2099261478794,8.17824581031036e-06,0.00118122587005254,0.00118122587005254,"social_isolation_avg"
"18539","KDELR3","Exc L4-5 RORB IL1RAPL2",0.00267469487530206,0.103426458889263,0.000530860055452048,0.981645836587709,0.997514547479916,0.997514547479916,"social_isolation_avg"
"18540","DDX17","Exc L4-5 RORB IL1RAPL2",-0.0107808561323859,7.69855266724241,0.280728446529864,0.596935108894186,0.844519903946979,0.844519903946979,"social_isolation_avg"
"18541","DMC1","Exc L4-5 RORB IL1RAPL2",-0.0156631473370381,1.08495658855803,0.0294036944986822,0.864059981994173,0.966180117622886,0.966180117622886,"social_isolation_avg"
"18542","FAM227A","Exc L4-5 RORB IL1RAPL2",0.0147499266089291,4.36000243391875,0.177026456746741,0.674487717846391,0.885803925267635,0.885803925267635,"social_isolation_avg"
"18543","CBY1","Exc L4-5 RORB IL1RAPL2",0.0424308416888763,4.50516771546217,2.77028795907782,0.097923352468258,0.362456047223548,0.362456047223548,"social_isolation_avg"
"18544","AL021707.2","Exc L4-5 RORB IL1RAPL2",0.0550660025652166,1.5437956772484,0.713084211379749,0.399642334641937,0.713023561076589,0.713023561076589,"social_isolation_avg"
"18545","TOMM22","Exc L4-5 RORB IL1RAPL2",-0.097891523740641,3.49036989333989,5.50081118667041,0.0201949342124152,0.149167772882407,0.149167772882407,"social_isolation_avg"
"18546","JOSD1","Exc L4-5 RORB IL1RAPL2",-0.0566956721003614,5.27796697036742,4.48115002119606,0.0357673921413931,0.207466225232158,0.207466225232158,"social_isolation_avg"
"18547","GTPBP1","Exc L4-5 RORB IL1RAPL2",0.0131913643030413,3.5747037186366,0.137723510013145,0.711029926289345,0.904975073051627,0.904975073051627,"social_isolation_avg"
"18548","SUN2","Exc L4-5 RORB IL1RAPL2",-0.0241002591710271,4.49750266698483,0.533861295060004,0.466022361565354,0.762241450827978,0.762241450827978,"social_isolation_avg"
"18549","AL021707.1","Exc L4-5 RORB IL1RAPL2",-0.0430569962628897,0.609920523972955,0.246161228451612,0.749359184460167,0.922547018620003,0.922547018620003,"social_isolation_avg"
"18550","NPTXR","Exc L4-5 RORB IL1RAPL2",-0.114554030230619,5.96067680684369,8.35992082774131,0.00435181817454584,0.0603094234426047,0.0603094234426047,"social_isolation_avg"
"18551","CBX6","Exc L4-5 RORB IL1RAPL2",-0.0371881229543516,6.37311340670729,2.24360539211248,0.136075016577008,0.424793827529049,0.424793827529049,"social_isolation_avg"
"18552","APOBEC3H","Exc L4-5 RORB IL1RAPL2",0.143597005559505,-0.546991548287617,0.488735211901261,0.485474562934494,0.776602183125245,0.776602183125245,"social_isolation_avg"
"18553","CBX7","Exc L4-5 RORB IL1RAPL2",-0.0600632272377147,5.46881953511481,5.9401452363236,0.0158600132299714,0.128344140270752,0.128344140270752,"social_isolation_avg"
"18554","AL031846.2","Exc L4-5 RORB IL1RAPL2",0.00674288094684829,1.26570932335002,0.00300644521285217,0.956339270475179,0.990560397566251,0.990560397566251,"social_isolation_avg"
"18555","PDGFB","Exc L4-5 RORB IL1RAPL2",-0.0570426050646995,2.27873666145612,0.676863686161594,0.411854069123691,0.722081464276289,0.722081464276289,"social_isolation_avg"
"18556","AL031590.1","Exc L4-5 RORB IL1RAPL2",-0.0595316028175677,3.9530924857737,1.54781583526988,0.215219474041433,0.534264978790075,0.534264978790075,"social_isolation_avg"
"18557","RPL3","Exc L4-5 RORB IL1RAPL2",-0.0448019754143371,5.16853103239272,1.16246987713959,0.282524772118686,0.61379183088738,0.61379183088738,"social_isolation_avg"
"18558","SYNGR1","Exc L4-5 RORB IL1RAPL2",-0.0273233164533378,6.86614506099876,2.44766687121283,0.119612143246746,0.398026971926078,0.398026971926078,"social_isolation_avg"
"18559","TAB1","Exc L4-5 RORB IL1RAPL2",-0.0319949293491606,4.96618117763931,1.58690707959798,0.209544311828836,0.527740649871704,0.527740649871704,"social_isolation_avg"
"18560","MGAT3","Exc L4-5 RORB IL1RAPL2",-0.0572912922034576,5.97611500482888,8.01546438355543,0.00521410911810122,0.0669763466555283,0.0669763466555283,"social_isolation_avg"
"18561","MIEF1","Exc L4-5 RORB IL1RAPL2",-0.148932683338914,3.60308290667806,18.0049518406965,3.66190850412568e-05,0.00310651694204916,0.00310651694204916,"social_isolation_avg"
"18562","ATF4","Exc L4-5 RORB IL1RAPL2",-0.0747214825467215,4.94405770166439,3.91525264609645,0.0495111119417483,0.250615235165816,0.250615235165816,"social_isolation_avg"
"18563","RPS19BP1","Exc L4-5 RORB IL1RAPL2",-0.159010406698162,4.00670177703112,13.5323868655183,0.000316873581522351,0.0113984126159399,0.0113984126159399,"social_isolation_avg"
"18564","CACNA1I","Exc L4-5 RORB IL1RAPL2",0.0432122141104442,6.19013062064145,3.56787628768899,0.0606590274539371,0.280376651786005,0.280376651786005,"social_isolation_avg"
"18565","ENTHD1","Exc L4-5 RORB IL1RAPL2",0.083357030464032,-0.0175704355138172,0.567176649986317,0.48771826789899,0.778809802254772,0.778809802254772,"social_isolation_avg"
"18566","GRAP2","Exc L4-5 RORB IL1RAPL2",0.127814692525437,0.497582892447952,1.18134518332653,0.278664697190449,0.609621312931031,0.609621312931031,"social_isolation_avg"
"18567","TNRC6B","Exc L4-5 RORB IL1RAPL2",0.0347154420382523,9.16098780674538,8.18751421456935,0.00476336134780258,0.063694388736235,0.063694388736235,"social_isolation_avg"
"18568","SGSM3","Exc L4-5 RORB IL1RAPL2",0.0415492557339077,2.64180594997311,0.376103519182833,0.540538913767215,0.812248879285765,0.812248879285765,"social_isolation_avg"
"18569","AL022238.2","Exc L4-5 RORB IL1RAPL2",0.0272357827529188,2.07011704766043,0.136390245322011,0.712368959770953,0.90558539961208,0.90558539961208,"social_isolation_avg"
"18570","MKL1","Exc L4-5 RORB IL1RAPL2",0.0299549909437853,7.4164842157078,3.92342939516205,0.0492766899865564,0.249562165748296,0.249562165748296,"social_isolation_avg"
"18571","AL031594.1","Exc L4-5 RORB IL1RAPL2",0.00341352174771977,-0.23437652196208,0.000421386994192831,0.983647163108746,0.998104852196972,0.998104852196972,"social_isolation_avg"
"18572","MCHR1","Exc L4-5 RORB IL1RAPL2",-0.0712748489316382,2.10974466281086,1.20715405023218,0.273494225996337,0.603192009567164,0.603192009567164,"social_isolation_avg"
"18573","SLC25A17","Exc L4-5 RORB IL1RAPL2",0.0470446476309689,4.45931914908163,1.87458876099551,0.172807930545916,0.477816579549798,0.477816579549798,"social_isolation_avg"
"18574","ST13","Exc L4-5 RORB IL1RAPL2",-0.0818011393185524,5.96616203497145,13.1431646061282,0.000383927873157365,0.0129488400855802,0.0129488400855802,"social_isolation_avg"
"18575","XPNPEP3","Exc L4-5 RORB IL1RAPL2",0.0106768508833364,4.91734367803271,0.188968560592479,0.664343434730907,0.880865588354793,0.880865588354793,"social_isolation_avg"
"18576","RBX1","Exc L4-5 RORB IL1RAPL2",0.0411567147817568,5.85243985807746,2.87171472893456,0.092031910484564,0.350934256001297,0.350934256001297,"social_isolation_avg"
"18577","EP300","Exc L4-5 RORB IL1RAPL2",0.0179225655496947,6.47597898629675,1.23957219641771,0.267169919570139,0.597188433576997,0.597188433576997,"social_isolation_avg"
"18578","AL035658.1","Exc L4-5 RORB IL1RAPL2",-0.17305894982731,-0.221048734785323,1.63683829950847,0.202552770204067,0.518325799977165,0.518325799977165,"social_isolation_avg"
"18579","EP300-AS1","Exc L4-5 RORB IL1RAPL2",0.165684289427423,-0.300397724738713,1.03938998543626,0.309453220861216,0.639223565287733,0.639223565287733,"social_isolation_avg"
"18580","L3MBTL2","Exc L4-5 RORB IL1RAPL2",-0.0888076723732322,4.41767699138415,10.3521181192063,0.00155632378407041,0.0316636584068777,0.0316636584068777,"social_isolation_avg"
"18581","AL035681.1","Exc L4-5 RORB IL1RAPL2",0.0221440164981684,0.755518692504325,0.0511616258758684,0.869248880121085,0.967587837437995,0.967587837437995,"social_isolation_avg"
"18582","CHADL","Exc L4-5 RORB IL1RAPL2",0.0226974724419336,0.155153557876314,0.0123791741934008,0.91154378011931,0.981200416319659,0.981200416319659,"social_isolation_avg"
"18583","RANGAP1","Exc L4-5 RORB IL1RAPL2",-0.0333909062716796,6.09043942511412,2.2648841894318,0.134244522974333,0.422003757966001,0.422003757966001,"social_isolation_avg"
"18584","ZC3H7B","Exc L4-5 RORB IL1RAPL2",0.0363313182016313,5.75746167983512,2.76007589271006,0.098539122976787,0.36358399879949,0.36358399879949,"social_isolation_avg"
"18585","TEF","Exc L4-5 RORB IL1RAPL2",0.020933939306191,5.68334107377612,0.374636722470875,0.541328651420526,0.812830681178302,0.812830681178302,"social_isolation_avg"
"18586","TOB2","Exc L4-5 RORB IL1RAPL2",-0.0225182128151702,4.33107100843247,0.465322017319846,0.496101921192599,0.784320224840005,0.784320224840005,"social_isolation_avg"
"18587","PHF5A","Exc L4-5 RORB IL1RAPL2",0.00959364810542951,2.80601681414739,0.048635789711862,0.825726487922542,0.953895283131028,0.953895283131028,"social_isolation_avg"
"18588","ACO2","Exc L4-5 RORB IL1RAPL2",-0.00890601982223549,6.30501260883871,0.258937795556567,0.611529387414333,0.852117185969555,0.852117185969555,"social_isolation_avg"
"18589","POLR3H","Exc L4-5 RORB IL1RAPL2",-0.0718659058474334,4.1559309302356,4.29532956813377,0.039769537228887,0.221382587204404,0.221382587204404,"social_isolation_avg"
"18590","CSDC2","Exc L4-5 RORB IL1RAPL2",0.0747332379055856,3.24038079702316,2.19440199612402,0.140416679500435,0.433421787445315,0.433421787445315,"social_isolation_avg"
"18591","PMM1","Exc L4-5 RORB IL1RAPL2",-0.123093653934553,3.67153263393672,11.3780172537637,0.000925756260244546,0.022543415958928,0.022543415958928,"social_isolation_avg"
"18592","DESI1","Exc L4-5 RORB IL1RAPL2",0.00605282639269017,4.46277643485731,0.0561262084881595,0.854705895975399,0.962722785572292,0.962722785572292,"social_isolation_avg"
"18593","XRCC6","Exc L4-5 RORB IL1RAPL2",-0.0283785837745543,5.72838102923071,2.01886458393767,0.157238940166259,0.456867012728161,0.456867012728161,"social_isolation_avg"
"18594","SNU13","Exc L4-5 RORB IL1RAPL2",-0.157092185005426,5.7723760164886,31.3839702570645,8.67338574623439e-08,0.000108322552969804,0.000108322552969804,"social_isolation_avg"
"18595","C22orf46","Exc L4-5 RORB IL1RAPL2",-0.0400761316460669,2.51290620575394,0.606762613610582,0.536191429614563,0.810585501369643,0.810585501369643,"social_isolation_avg"
"18596","MEI1","Exc L4-5 RORB IL1RAPL2",0.102227001752211,1.84828942729374,2.28299959177686,0.132708019112789,0.418992938425474,0.418992938425474,"social_isolation_avg"
"18597","CCDC134","Exc L4-5 RORB IL1RAPL2",-0.0187782333334208,2.80066221748509,0.160096301433436,0.689584474780436,0.893306028161073,0.893306028161073,"social_isolation_avg"
"18598","AL021453.1","Exc L4-5 RORB IL1RAPL2",-0.0521327279593283,1.0575468613422,0.342144858161953,0.602654606147879,0.84773086037648,0.84773086037648,"social_isolation_avg"
"18599","SREBF2","Exc L4-5 RORB IL1RAPL2",0.0688539246109933,7.03531937489821,6.58964517326381,0.0111438487670987,0.104901871901629,0.104901871901629,"social_isolation_avg"
"18600","CENPM","Exc L4-5 RORB IL1RAPL2",0.136850478181819,-0.317573677549282,0.872971822498569,0.351496769390618,0.672142727423171,0.672142727423171,"social_isolation_avg"
"18601","SEPT3","Exc L4-5 RORB IL1RAPL2",-0.0580987127303395,6.65791933327353,7.34682044833996,0.0074273336445446,0.0834698492909364,0.0834698492909364,"social_isolation_avg"
"18602","WBP2NL","Exc L4-5 RORB IL1RAPL2",7.72729751049428e-05,4.65505872384672,2.8366717964457e-06,0.998658200688295,0.999750676557505,0.999750676557505,"social_isolation_avg"
"18603","NAGA","Exc L4-5 RORB IL1RAPL2",-0.0232559875025943,0.733884277513472,0.0613814300954124,0.804633196825199,0.945912688234209,0.945912688234209,"social_isolation_avg"
"18604","SMDT1","Exc L4-5 RORB IL1RAPL2",-0.116086182740231,4.12333357168774,11.7931943950892,0.000751524752889133,0.0196674963339077,0.0196674963339077,"social_isolation_avg"
"18605","NDUFA6","Exc L4-5 RORB IL1RAPL2",-0.117599868406219,3.45281483741859,7.63290467572803,0.00638088679363466,0.076172087711269,0.076172087711269,"social_isolation_avg"
"18606","AC254562.3","Exc L4-5 RORB IL1RAPL2",-0.0496613829142332,1.02799097655649,0.120866066317377,0.728539356797879,0.912470587805168,0.912470587805168,"social_isolation_avg"
"18607","TCF20","Exc L4-5 RORB IL1RAPL2",-0.00320685931896325,7.07149332461152,0.0411448430157302,0.839508058812045,0.95839826385881,0.95839826385881,"social_isolation_avg"
"18608","OGFRP1","Exc L4-5 RORB IL1RAPL2",0.0527353667464187,0.658501878024522,0.267756277958977,0.765101809191338,0.929947410015373,0.929947410015373,"social_isolation_avg"
"18609","LINC01315","Exc L4-5 RORB IL1RAPL2",-0.0828228782441613,0.831400829386764,1.01822926358073,0.588833933056624,0.840537672377547,0.840537672377547,"social_isolation_avg"
"18610","NFAM1","Exc L4-5 RORB IL1RAPL2",0.106940070760001,0.460630282146678,1.07968257018629,0.318095207278803,0.645854275661959,0.645854275661959,"social_isolation_avg"
"18611","RRP7A","Exc L4-5 RORB IL1RAPL2",-0.155733503887093,4.26719482041965,7.40388149499049,0.00720530708434617,0.0818317018865029,0.0818317018865029,"social_isolation_avg"
"18612","SERHL2","Exc L4-5 RORB IL1RAPL2",-0.0586726561749127,3.3587196325738,1.28132007433164,0.259293168013418,0.588170899985051,0.588170899985051,"social_isolation_avg"
"18613","POLDIP3","Exc L4-5 RORB IL1RAPL2",-0.00495312214534651,3.92919764419833,0.0327663796640822,0.906180919705824,0.979091433403032,0.979091433403032,"social_isolation_avg"
"18614","CYB5R3","Exc L4-5 RORB IL1RAPL2",-0.0239184210909639,4.57711631900371,0.777867443650362,0.379074870973789,0.697440259985906,0.697440259985906,"social_isolation_avg"
"18615","ARFGAP3","Exc L4-5 RORB IL1RAPL2",0.061834633450435,4.94343924556872,7.23064882352447,0.0079014747516362,0.0863684597202245,0.0863684597202245,"social_isolation_avg"
"18616","PACSIN2","Exc L4-5 RORB IL1RAPL2",-0.0282050511881176,5.40869199401401,1.53268252108303,0.217465781748892,0.537303480865864,0.537303480865864,"social_isolation_avg"
"18617","AL022476.1","Exc L4-5 RORB IL1RAPL2",0.0969379356991668,-0.330601684679867,0.405901852017301,0.524938325294719,0.804564922499024,0.804564922499024,"social_isolation_avg"
"18618","TTLL1","Exc L4-5 RORB IL1RAPL2",0.112619509800516,4.47319059289576,15.0111986715687,0.000153796101913581,0.00740444862634874,0.00740444862634874,"social_isolation_avg"
"18619","MCAT","Exc L4-5 RORB IL1RAPL2",-0.0143768545986535,2.6901512725817,0.101064200547195,0.750957527318432,0.923413527284487,0.923413527284487,"social_isolation_avg"
"18620","TSPO","Exc L4-5 RORB IL1RAPL2",-0.359037688383412,-0.665295137056364,2.42459758746146,0.121356464368052,0.400800429797157,0.400800429797157,"social_isolation_avg"
"18621","TTLL12","Exc L4-5 RORB IL1RAPL2",-0.00481328949558329,3.95233937729763,0.014914492514633,0.902948443818852,0.978262943641483,0.978262943641483,"social_isolation_avg"
"18622","SCUBE1","Exc L4-5 RORB IL1RAPL2",-0.0340532539867058,-0.0597958658881112,0.0486579892596,0.825687363860301,0.953895283131028,0.953895283131028,"social_isolation_avg"
"18623","LINC01639","Exc L4-5 RORB IL1RAPL2",-0.162846012807322,-0.568008573499008,0.695915107129784,0.405363639431317,0.716878719663515,0.716878719663515,"social_isolation_avg"
"18624","MPPED1","Exc L4-5 RORB IL1RAPL2",-0.0228998440107147,6.67801574465339,1.28030718204892,0.25948081617117,0.588403226602913,0.588403226602913,"social_isolation_avg"
"18625","EFCAB6-AS1","Exc L4-5 RORB IL1RAPL2",-0.0640507427038566,2.04625150352061,0.860613988854031,0.354919536416564,0.675460928237558,0.675460928237558,"social_isolation_avg"
"18626","EFCAB6","Exc L4-5 RORB IL1RAPL2",0.0344784684318413,5.8057253055842,1.62166814487888,0.204647205488979,0.521602338253124,0.521602338253124,"social_isolation_avg"
"18627","Z97055.2","Exc L4-5 RORB IL1RAPL2",0.0557739388314757,1.04509527488811,0.516945781207463,0.473162623569294,0.767691474544043,0.767691474544043,"social_isolation_avg"
"18628","SULT4A1","Exc L4-5 RORB IL1RAPL2",-0.114167178007403,7.0494374427829,37.252776321955,7.14284916026938e-09,2.26473185389197e-05,2.26473185389197e-05,"social_isolation_avg"
"18629","PNPLA5","Exc L4-5 RORB IL1RAPL2",0.00036016197801231,2.13106718718141,2.00847580712678e-05,0.996429614863973,0.999502287237639,0.999502287237639,"social_isolation_avg"
"18630","PNPLA3","Exc L4-5 RORB IL1RAPL2",0.134748170199554,2.28430668695439,3.13858300124624,0.0783027711764738,0.321875039344518,0.321875039344518,"social_isolation_avg"
"18631","SAMM50","Exc L4-5 RORB IL1RAPL2",-0.0110468757834909,3.94423808711631,0.148000678628577,0.700947863836964,0.899494810173801,0.899494810173801,"social_isolation_avg"
"18632","PARVB","Exc L4-5 RORB IL1RAPL2",-0.0316078798779171,5.19047401234062,1.22596147807735,0.269802523759269,0.599685396791776,0.599685396791776,"social_isolation_avg"
"18633","PARVG","Exc L4-5 RORB IL1RAPL2",0.0217153378626346,1.12969635774825,0.0629498158075969,0.802204564523531,0.945011595334674,0.945011595334674,"social_isolation_avg"
"18634","AL031595.2","Exc L4-5 RORB IL1RAPL2",-0.247383111937754,0.491941306063866,1.97047491436784,0.162273370759816,0.464996887497572,0.464996887497572,"social_isolation_avg"
"18635","SHISAL1","Exc L4-5 RORB IL1RAPL2",-0.0505853723222739,4.71752008445407,1.41614759553949,0.235744899148386,0.559243886257098,0.559243886257098,"social_isolation_avg"
"18636","RTL6","Exc L4-5 RORB IL1RAPL2",-0.129074370854183,3.43232812462811,9.10429216479624,0.0029538422954379,0.047606175529796,0.047606175529796,"social_isolation_avg"
"18637","PRR5","Exc L4-5 RORB IL1RAPL2",0.130530895609381,2.60598685178485,5.58634517968508,0.0192630692232392,0.145443807637052,0.145443807637052,"social_isolation_avg"
"18638","PRR5-ARHGAP8","Exc L4-5 RORB IL1RAPL2",0.0830206656396413,1.51852978828483,0.759489282596212,0.384752399292182,0.701474286664808,0.701474286664808,"social_isolation_avg"
"18639","PHF21B","Exc L4-5 RORB IL1RAPL2",-0.631842294025852,-1.35718204916311,16.0159588576252,0.0961418669008184,0.359109444737654,0.359109444737654,"social_isolation_avg"
"18640","NUP50-DT","Exc L4-5 RORB IL1RAPL2",-0.0121516184877621,6.29893421853903,0.254766956429357,0.614410568099319,0.853783783810707,0.853783783810707,"social_isolation_avg"
"18641","NUP50","Exc L4-5 RORB IL1RAPL2",-0.0259082267725465,4.66854284886843,1.00538927381113,0.317475527775126,0.645562005484489,0.645562005484489,"social_isolation_avg"
"18642","KIAA0930","Exc L4-5 RORB IL1RAPL2",-0.0102503557623472,7.65429738316599,0.164555453897136,0.685521176910539,0.891460219128819,0.891460219128819,"social_isolation_avg"
"18643","AL008718.2","Exc L4-5 RORB IL1RAPL2",0.1191285251815,0.00702934515998083,0.794319768167692,0.374092569583681,0.692854885384967,0.692854885384967,"social_isolation_avg"
"18644","FAM118A","Exc L4-5 RORB IL1RAPL2",0.197949659202646,4.52925870815616,3.65905055782247,0.0574943185446106,0.27209854957043,0.27209854957043,"social_isolation_avg"
"18645","SMC1B","Exc L4-5 RORB IL1RAPL2",0.110834170070225,1.1980240007295,1.39305978613326,0.239584746411189,0.563625202806372,0.563625202806372,"social_isolation_avg"
"18646","RIBC2","Exc L4-5 RORB IL1RAPL2",-0.0141493767886423,1.93720921681781,0.0177468400250011,0.894183597691314,0.975487076332873,0.975487076332873,"social_isolation_avg"
"18647","FBLN1","Exc L4-5 RORB IL1RAPL2",0.15953887385578,-0.207105471230255,1.30687907883007,0.254613480171857,0.582778131565561,0.582778131565561,"social_isolation_avg"
"18648","ATXN10","Exc L4-5 RORB IL1RAPL2",-0.0246459488878573,7.21708620665895,3.16219690004404,0.0772000063659434,0.318930419312231,0.318930419312231,"social_isolation_avg"
"18649","MIRLET7BHG","Exc L4-5 RORB IL1RAPL2",0.0135799368186193,5.44221622788467,0.27380243929568,0.601493143750406,0.847172435051866,0.847172435051866,"social_isolation_avg"
"18650","AL121672.2","Exc L4-5 RORB IL1RAPL2",-0.00157640934647993,0.617495546289561,0.000395639956573457,0.984154553228391,0.998239655190367,0.998239655190367,"social_isolation_avg"
"18651","CDPF1","Exc L4-5 RORB IL1RAPL2",0.0689537229528496,1.21327561737102,0.852171707893511,0.358677530457065,0.678325830584386,0.678325830584386,"social_isolation_avg"
"18652","GTSE1","Exc L4-5 RORB IL1RAPL2",0.237032745459172,0.521546632299155,5.26688092461466,0.0229922054760506,0.160922708302573,0.160922708302573,"social_isolation_avg"
"18653","TRMU","Exc L4-5 RORB IL1RAPL2",0.070571949992331,4.66709855965015,6.43170597698239,0.0121370726609713,0.110342261646414,0.110342261646414,"social_isolation_avg"
"18654","CELSR1","Exc L4-5 RORB IL1RAPL2",-0.0314950343383178,0.93656049498643,0.153826013674726,0.754610923899194,0.925272055070982,0.925272055070982,"social_isolation_avg"
"18655","GRAMD4","Exc L4-5 RORB IL1RAPL2",0.0290239127053499,5.32847961208829,1.18515436757761,0.277893839378413,0.608585545338371,0.608585545338371,"social_isolation_avg"
"18656","CERK","Exc L4-5 RORB IL1RAPL2",0.00709234508207074,4.72955129067185,0.0873886994698386,0.767894528506131,0.931018779306101,0.931018779306101,"social_isolation_avg"
"18657","AL118516.1","Exc L4-5 RORB IL1RAPL2",-0.0707835086588844,2.74404250869081,1.11626283757901,0.292266266832746,0.623502448383029,0.623502448383029,"social_isolation_avg"
"18658","TBC1D22A","Exc L4-5 RORB IL1RAPL2",0.0270896626797585,6.73787902544421,2.15351094737288,0.144144429100993,0.438524507342096,0.438524507342096,"social_isolation_avg"
"18659","LINC00898","Exc L4-5 RORB IL1RAPL2",0.161665933655193,0.179125004475407,1.92522921734084,0.16714906771747,0.470961532254752,0.470961532254752,"social_isolation_avg"
"18660","AL117329.1","Exc L4-5 RORB IL1RAPL2",-0.000628768244952604,8.49656378700804,0.00028241059670379,0.986612386822096,0.998322486753797,0.998322486753797,"social_isolation_avg"
"18661","FP325330.3","Exc L4-5 RORB IL1RAPL2",-0.0318733381199205,1.16860269470698,0.164158676030265,0.685880114392487,0.891563117498239,0.891563117498239,"social_isolation_avg"
"18662","FAM19A5","Exc L4-5 RORB IL1RAPL2",-0.0346589604968221,7.15369133816592,3.25304224217489,0.073112034475543,0.309904434307757,0.309904434307757,"social_isolation_avg"
"18663","LINC01310","Exc L4-5 RORB IL1RAPL2",-0.119467227027775,2.30919420787872,1.26585049839764,0.262177599173963,0.591893849656432,0.591893849656432,"social_isolation_avg"
"18664","C22orf34","Exc L4-5 RORB IL1RAPL2",-0.186546811665345,3.2753039131877,5.38490605088306,0.0215334815491968,0.154800533583721,0.154800533583721,"social_isolation_avg"
"18665","BRD1","Exc L4-5 RORB IL1RAPL2",-8.14801358621487e-05,5.46021944273097,1.02091841121481e-05,0.997454471284945,0.999683089770736,0.999683089770736,"social_isolation_avg"
"18666","ZBED4","Exc L4-5 RORB IL1RAPL2",0.00867244754090069,4.30579508810274,0.0877508843761721,0.924316777501416,0.984076729849897,0.984076729849897,"social_isolation_avg"
"18667","ALG12","Exc L4-5 RORB IL1RAPL2",-0.0822433699391593,3.04622861021563,2.66564985516745,0.104439410832965,0.373906923816563,0.373906923816563,"social_isolation_avg"
"18668","CRELD2","Exc L4-5 RORB IL1RAPL2",0.00960772784995128,3.37916029002161,0.0601431687119901,0.806574004870514,0.947193814930176,0.947193814930176,"social_isolation_avg"
"18669","PIM3","Exc L4-5 RORB IL1RAPL2",-0.0681226739256549,3.6372076111246,2.52736086902403,0.113798006017731,0.389432460094319,0.389432460094319,"social_isolation_avg"
"18670","IL17REL","Exc L4-5 RORB IL1RAPL2",-0.0216211674628714,-1.00473554304011,0.0167348983927059,0.897227356048246,0.976836342930483,0.976836342930483,"social_isolation_avg"
"18671","MOV10L1","Exc L4-5 RORB IL1RAPL2",-0.0475701801970674,3.79155636061252,0.530598296205944,0.467386117571371,0.762955114361825,0.762955114361825,"social_isolation_avg"
"18672","PANX2","Exc L4-5 RORB IL1RAPL2",0.0483912539202441,3.93440121889113,1.42516103900716,0.234266233974335,0.557403610749086,0.557403610749086,"social_isolation_avg"
"18673","TRABD","Exc L4-5 RORB IL1RAPL2",0.000726405254886328,3.84519456072614,0.000321909565783585,0.985706890329135,0.998305401080937,0.998305401080937,"social_isolation_avg"
"18674","AL022328.3","Exc L4-5 RORB IL1RAPL2",0.0361405069152377,1.70516699590142,0.174561501110484,0.676631495023216,0.88648706932151,0.88648706932151,"social_isolation_avg"
"18675","AL022328.4","Exc L4-5 RORB IL1RAPL2",-0.0846119998667067,2.55981578582542,1.48807392066879,0.224253151186017,0.545371478252527,0.545371478252527,"social_isolation_avg"
"18676","SELENOO","Exc L4-5 RORB IL1RAPL2",0.068538411476596,6.11691155243843,7.03339294265216,0.00877950372399517,0.0909348250897598,0.0909348250897598,"social_isolation_avg"
"18677","TUBGCP6","Exc L4-5 RORB IL1RAPL2",-0.0150807024857182,4.51176205676958,0.216336454173792,0.642457801172962,0.868889526937839,0.868889526937839,"social_isolation_avg"
"18678","HDAC10","Exc L4-5 RORB IL1RAPL2",0.0546783205722712,3.94782751598563,1.88164229545406,0.172006588239772,0.47678532904845,0.47678532904845,"social_isolation_avg"
"18679","MAPK12","Exc L4-5 RORB IL1RAPL2",-0.0642679683785762,3.76629654584898,1.84146258401603,0.176629763000413,0.482952393105409,0.482952393105409,"social_isolation_avg"
"18680","MAPK11","Exc L4-5 RORB IL1RAPL2",-0.0191613496810012,4.83088675016781,0.273203715028778,0.601890608579181,0.847412173891411,0.847412173891411,"social_isolation_avg"
"18681","PLXNB2","Exc L4-5 RORB IL1RAPL2",-0.0041286351834942,4.46725772190649,0.0167018393658197,0.897328349745713,0.976838947005115,0.976838947005115,"social_isolation_avg"
"18682","DENND6B","Exc L4-5 RORB IL1RAPL2",0.0354991255895315,5.58885696851921,2.34821714155921,0.127338044853612,0.41064815858142,0.41064815858142,"social_isolation_avg"
"18683","PPP6R2","Exc L4-5 RORB IL1RAPL2",0.0605280403747694,7.13076516667386,14.3979174072306,0.000207309120052939,0.00899655013881113,0.00899655013881113,"social_isolation_avg"
"18684","SBF1","Exc L4-5 RORB IL1RAPL2",-0.084345912730656,4.38797824409541,6.23196206974162,0.0135263202200869,0.117238435586012,0.117238435586012,"social_isolation_avg"
"18685","LMF2","Exc L4-5 RORB IL1RAPL2",0.0527270150944585,3.980320933456,2.25638956716517,0.134971914912874,0.423164368247398,0.423164368247398,"social_isolation_avg"
"18686","NCAPH2","Exc L4-5 RORB IL1RAPL2",-0.0264120555082626,3.11541354952144,0.422254595090293,0.516716199445332,0.798813830652655,0.798813830652655,"social_isolation_avg"
"18687","U62317.3","Exc L4-5 RORB IL1RAPL2",-0.0363515926735389,3.6315326190513,0.631878502297366,0.427806978597515,0.734198262316878,0.734198262316878,"social_isolation_avg"
"18688","TYMP","Exc L4-5 RORB IL1RAPL2",-0.484235170525954,-0.309217556840902,6.15268153954279,0.0141226329928012,0.120161930101976,0.120161930101976,"social_isolation_avg"
"18689","CHKB","Exc L4-5 RORB IL1RAPL2",0.0599913490117032,1.91349109933853,1.18393030709999,0.294403621563733,0.62558144687006,0.62558144687006,"social_isolation_avg"
"18690","CHKB-DT","Exc L4-5 RORB IL1RAPL2",-0.178584943341495,0.735535547752307,3.02129893906,0.0840397998878024,0.333497704210803,0.333497704210803,"social_isolation_avg"
"18691","MAPK8IP2","Exc L4-5 RORB IL1RAPL2",-0.0736385918470152,6.24481212722793,10.6623028943977,0.0013292312860452,0.0283963428059819,0.0283963428059819,"social_isolation_avg"
"18692","ARSA","Exc L4-5 RORB IL1RAPL2",0.0130817032487615,3.41599360854401,0.0959788529094976,0.757099816999013,0.926328023011811,0.926328023011811,"social_isolation_avg"
"18693","SHANK3","Exc L4-5 RORB IL1RAPL2",0.00844559044230208,5.00492757807369,0.054715155500824,0.815342199637281,0.951467235681325,0.951467235681325,"social_isolation_avg"
"18694","RABL2B","Exc L4-5 RORB IL1RAPL2",-0.0112122696415148,4.92701875153664,0.157666245210826,0.691826518399717,0.894857806093249,0.894857806093249,"social_isolation_avg"
"18695","GATD3B","Exc L4-5 RORB IL1RAPL2",0.281461488991043,0.657598811577054,5.63497534362148,0.0187533864244081,0.143077751829123,0.143077751829123,"social_isolation_avg"
"18696","FP565260.2","Exc L4-5 RORB IL1RAPL2",-0.0123193923804513,2.03473500978754,0.0359329517456666,0.849886589201517,0.961873912835597,0.961873912835597,"social_isolation_avg"
"18697","FP565260.1","Exc L4-5 RORB IL1RAPL2",0.0784791637415286,1.0076342759355,0.353543377223897,0.552927130125974,0.818426396828305,0.818426396828305,"social_isolation_avg"
"18698","FP565260.6","Exc L4-5 RORB IL1RAPL2",0.0479681085987184,1.24620061903206,0.237450595007584,0.626699123736642,0.861193559461181,0.861193559461181,"social_isolation_avg"
"18699","CU633967.1","Exc L4-5 RORB IL1RAPL2",-0.206823729605769,3.21071990642441,1.20264495909761,0.274388763456653,0.60417895884596,0.60417895884596,"social_isolation_avg"
"18700","FP236315.1","Exc L4-5 RORB IL1RAPL2",-0.012323796663589,0.792305015085201,0.0131743323602292,0.908759208294784,0.979789912738947,0.979789912738947,"social_isolation_avg"
"18701","U2AF1L5","Exc L4-5 RORB IL1RAPL2",0.434770727423747,1.43163845167874,3.57826764660939,0.0602890750711567,0.279933641575793,0.279933641575793,"social_isolation_avg"
"18702","FP475955.1","Exc L4-5 RORB IL1RAPL2",-0.197829773515482,3.82179275647971,2.4359874562815,0.120491724993376,0.399408536895526,0.399408536895526,"social_isolation_avg"
"18703","SMIM11B","Exc L4-5 RORB IL1RAPL2",0.209649989847378,1.31814944543666,5.69026570789611,0.0181909553773572,0.141061912579908,0.141061912579908,"social_isolation_avg"
"18704","FP671120.1","Exc L4-5 RORB IL1RAPL2",-0.0786034230070368,6.65838963656663,0.509703537789285,0.476274100197392,0.769628683050206,0.769628683050206,"social_isolation_avg"
"18705","FP236383.1","Exc L4-5 RORB IL1RAPL2",-0.107792201858522,6.10134076582104,0.880026685549895,0.349563053288646,0.671156931009499,0.671156931009499,"social_isolation_avg"
"18706","CR392039.3","Exc L4-5 RORB IL1RAPL2",0.242539196907504,-1.01113422856633,0.744128818193702,0.389591279512398,0.704566898795937,0.704566898795937,"social_isolation_avg"
"18707","CR381653.1","Exc L4-5 RORB IL1RAPL2",-0.104643523841364,3.91181865972314,1.10142319749702,0.2954859772214,0.626546384173127,0.626546384173127,"social_isolation_avg"
"18708","LINC01667","Exc L4-5 RORB IL1RAPL2",-1.12175699419566,-1.03927473560844,7.5824563563624,0.00655371655842292,0.0775987928672841,0.0775987928672841,"social_isolation_avg"
"18709","CR382287.2","Exc L4-5 RORB IL1RAPL2",0.0634490383342859,2.72322554137159,0.935075765509421,0.334960136336422,0.659476029425516,0.659476029425516,"social_isolation_avg"
"18710","TPTE","Exc L4-5 RORB IL1RAPL2",0.0586998391446958,0.677051825380218,0.420385943518196,0.54976071724579,0.816643784119922,0.816643784119922,"social_isolation_avg"
"18711","AP001464.1","Exc L4-5 RORB IL1RAPL2",0.122568378964024,0.471420178216598,1.02569028648517,0.312653203380621,0.641478124177481,0.641478124177481,"social_isolation_avg"
"18712","AP001347.1","Exc L4-5 RORB IL1RAPL2",0.179711535388341,7.24566743813355,18.5339764178324,2.85199558363894e-05,0.00265698401535741,0.00265698401535741,"social_isolation_avg"
"18713","LIPI","Exc L4-5 RORB IL1RAPL2",0.238115386079634,1.39249657486143,6.00518301772855,0.0153059141760215,0.125878134542725,0.125878134542725,"social_isolation_avg"
"18714","RBM11","Exc L4-5 RORB IL1RAPL2",0.0752269371998425,3.97339216822744,3.94237323897976,0.0487381173779569,0.248073588376888,0.248073588376888,"social_isolation_avg"
"18715","HSPA13","Exc L4-5 RORB IL1RAPL2",-0.0124440449261297,5.0191298572584,0.180740663499656,0.671290422392306,0.884298267656223,0.884298267656223,"social_isolation_avg"
"18716","SAMSN1","Exc L4-5 RORB IL1RAPL2",0.0775730580244671,1.46561997016853,0.679661739066465,0.410891260818413,0.721250993871109,0.721250993871109,"social_isolation_avg"
"18717","AF127577.4","Exc L4-5 RORB IL1RAPL2",0.00937920438656923,3.3461536942177,0.0555921352759004,0.813895386804054,0.950941828821664,0.950941828821664,"social_isolation_avg"
"18718","NRIP1","Exc L4-5 RORB IL1RAPL2",0.0221203295024799,5.47015372213927,1.06802515077465,0.302901575781114,0.634122672643778,0.634122672643778,"social_isolation_avg"
"18719","AF127577.2","Exc L4-5 RORB IL1RAPL2",0.120370307898727,0.396916539147321,1.17809808960515,0.279323948148113,0.610462056366951,0.610462056366951,"social_isolation_avg"
"18720","AJ009632.2","Exc L4-5 RORB IL1RAPL2",0.0297546733383363,7.25451144182209,0.106577405294339,0.744487850636486,0.920683308620455,0.920683308620455,"social_isolation_avg"
"18721","USP25","Exc L4-5 RORB IL1RAPL2",0.0430157779278698,7.44980039730621,7.20478840962364,0.00801121300989778,0.0868183568104787,0.0868183568104787,"social_isolation_avg"
"18722","MIR99AHG","Exc L4-5 RORB IL1RAPL2",0.0234888406763536,10.211351874154,1.23303818466765,0.268429691200706,0.598313698727524,0.598313698727524,"social_isolation_avg"
"18723","AP001172.1","Exc L4-5 RORB IL1RAPL2",0.0332240992787948,2.41401861137273,0.29192816800204,0.589714792886,0.840926291527053,0.840926291527053,"social_isolation_avg"
"18724","AP000962.1","Exc L4-5 RORB IL1RAPL2",0.0411493326968208,0.477293499727652,0.127082346196208,0.721931176279971,0.909432401932571,0.909432401932571,"social_isolation_avg"
"18725","AF130359.1","Exc L4-5 RORB IL1RAPL2",-0.00121815686543747,0.143641150546993,0.000297623865490977,0.986256560663383,0.998305401080937,0.998305401080937,"social_isolation_avg"
"18726","CXADR","Exc L4-5 RORB IL1RAPL2",-0.00588571510821748,5.62163152805208,0.0518854839978235,0.820095791051426,0.952315727414019,0.952315727414019,"social_isolation_avg"
"18727","BTG3","Exc L4-5 RORB IL1RAPL2",-0.191916331671274,0.274707437025085,0.925956111082635,0.337321489055018,0.66126045432933,0.66126045432933,"social_isolation_avg"
"18728","CHODL","Exc L4-5 RORB IL1RAPL2",-0.0249085601173483,2.50722256350948,0.0806658209087166,0.776752584489424,0.935377617278421,0.935377617278421,"social_isolation_avg"
"18729","TMPRSS15","Exc L4-5 RORB IL1RAPL2",0.097027386072867,0.438218619752395,1.0714193471533,0.302137009065835,0.633344646628866,0.633344646628866,"social_isolation_avg"
"18730","MIR548XHG","Exc L4-5 RORB IL1RAPL2",0.024507691320964,0.647608622827851,0.0409927473012086,0.839800907717862,0.958549374128591,0.958549374128591,"social_isolation_avg"
"18731","LINC00320","Exc L4-5 RORB IL1RAPL2",-0.789727532437645,-0.398634594706564,5.41231695862402,0.0212087646512717,0.153488272180997,0.153488272180997,"social_isolation_avg"
"18732","NCAM2","Exc L4-5 RORB IL1RAPL2",0.0153012766716726,9.20764523226502,0.276319668244498,0.599828111607401,0.846104135905244,0.846104135905244,"social_isolation_avg"
"18733","LINC01684","Exc L4-5 RORB IL1RAPL2",0.152985831481526,-0.473834890710359,0.49361143287721,0.483308963941064,0.775372863914549,0.775372863914549,"social_isolation_avg"
"18734","LINC01692","Exc L4-5 RORB IL1RAPL2",0.172860795792708,0.368725415723314,2.57023154642507,0.110800904345963,0.384967156759105,0.384967156759105,"social_isolation_avg"
"18735","AP000146.1","Exc L4-5 RORB IL1RAPL2",0.180905061708204,0.466770297996057,2.11735941670811,0.14753388932108,0.443712916233016,0.443712916233016,"social_isolation_avg"
"18736","AP001341.1","Exc L4-5 RORB IL1RAPL2",0.0804163497662769,2.98577612117931,0.995248051427949,0.31992123907624,0.647146549170793,0.647146549170793,"social_isolation_avg"
"18737","LINC00158","Exc L4-5 RORB IL1RAPL2",0.0457138440556169,3.56010554598498,1.02621632481384,0.312529532110702,0.641357957754478,0.641357957754478,"social_isolation_avg"
"18738","MIR155HG","Exc L4-5 RORB IL1RAPL2",-0.134286700572957,0.448743681844891,1.36017952605943,0.245186307025008,0.570693826451,0.570693826451,"social_isolation_avg"
"18739","AP000223.1","Exc L4-5 RORB IL1RAPL2",-0.0415875800836407,-0.0511449256515908,0.108053954508126,0.742786727875863,0.919859649820468,0.919859649820468,"social_isolation_avg"
"18740","MRPL39","Exc L4-5 RORB IL1RAPL2",0.0553648112963138,3.62496595642747,3.00547798360475,0.0848481166301787,0.335040333351842,0.335040333351842,"social_isolation_avg"
"18741","JAM2","Exc L4-5 RORB IL1RAPL2",-0.160689937031408,2.22716459550253,3.69234520791305,0.0563831804081157,0.269597678982157,0.269597678982157,"social_isolation_avg"
"18742","ATP5PF","Exc L4-5 RORB IL1RAPL2",-0.104767106445746,5.36832223743898,15.102142615558,0.000147155668798562,0.00726979741341407,0.00726979741341407,"social_isolation_avg"
"18743","GABPA","Exc L4-5 RORB IL1RAPL2",0.0254633121727428,4.42258585653375,1.02985511937758,0.311675809300475,0.640803552295651,0.640803552295651,"social_isolation_avg"
"18744","APP","Exc L4-5 RORB IL1RAPL2",-0.0573987910028332,9.27998883447509,13.5428670293249,0.000315243225080465,0.0113613658319,0.0113613658319,"social_isolation_avg"
"18745","AP001439.1","Exc L4-5 RORB IL1RAPL2",0.0999391701353296,1.88344967573204,1.35205986943651,0.246594274492974,0.572699747639209,0.572699747639209,"social_isolation_avg"
"18746","AP000229.1","Exc L4-5 RORB IL1RAPL2",0.016259928794302,3.90993294030352,0.171415072147516,0.679393957895587,0.887885970254345,0.887885970254345,"social_isolation_avg"
"18747","AP001596.1","Exc L4-5 RORB IL1RAPL2",0.00169509139382517,1.78757840288557,0.000476092075947114,0.982618228576096,0.997752468760777,0.997752468760777,"social_isolation_avg"
"18748","CYYR1-AS1","Exc L4-5 RORB IL1RAPL2",0.0998684475584899,3.69380490690381,2.03417639006511,0.155683392451184,0.454980283119916,0.454980283119916,"social_isolation_avg"
"18749","CYYR1","Exc L4-5 RORB IL1RAPL2",-0.111879527611061,2.29414184057663,1.56047671061896,0.213361500490958,0.532552186313224,0.532552186313224,"social_isolation_avg"
"18750","ADAMTS1","Exc L4-5 RORB IL1RAPL2",-0.0985468538464522,1.30470572896137,0.502709826407653,0.479310670216222,0.772227281263721,0.772227281263721,"social_isolation_avg"
"18751","AP001599.1","Exc L4-5 RORB IL1RAPL2",0.0863583256968198,2.26314006313082,0.807477373109461,0.370174201795948,0.688360301934263,0.688360301934263,"social_isolation_avg"
"18752","AP001605.1","Exc L4-5 RORB IL1RAPL2",0.207910850933838,0.87640630510888,2.6541844034256,0.105182001504835,0.375287318588156,0.375287318588156,"social_isolation_avg"
"18753","AP001604.1","Exc L4-5 RORB IL1RAPL2",0.0524458906512765,0.0525815028643299,0.131778369366458,0.717059028028991,0.907543105011121,0.907543105011121,"social_isolation_avg"
"18754","LINC01695","Exc L4-5 RORB IL1RAPL2",0.175378360089489,3.71022186290032,4.04108159882111,0.0460315045035929,0.240892970238145,0.240892970238145,"social_isolation_avg"
"18755","AF165147.1","Exc L4-5 RORB IL1RAPL2",0.0584683543318547,5.36947592514222,0.795921631462508,0.373612420737798,0.692101097785381,0.692101097785381,"social_isolation_avg"
"18756","N6AMT1","Exc L4-5 RORB IL1RAPL2",-0.140312775110996,2.91616334760641,10.113947885375,0.00175740717321497,0.0344222578927541,0.0344222578927541,"social_isolation_avg"
"18757","LTN1","Exc L4-5 RORB IL1RAPL2",-0.00392717439173225,5.397815474826,0.0400065366524548,0.841713661598449,0.959704337354051,0.959704337354051,"social_isolation_avg"
"18758","RWDD2B","Exc L4-5 RORB IL1RAPL2",-0.0583407839209156,2.84435125428587,0.886668577267089,0.34775580639391,0.670245940088287,0.670245940088287,"social_isolation_avg"
"18759","USP16","Exc L4-5 RORB IL1RAPL2",0.0143436434443931,4.7517482565187,0.402770106804189,0.526539526052437,0.805388389041079,0.805388389041079,"social_isolation_avg"
"18760","CCT8","Exc L4-5 RORB IL1RAPL2",-0.0295148591173234,5.149699457341,1.41976812924835,0.235149583772218,0.55825160282988,0.55825160282988,"social_isolation_avg"
"18761","MAP3K7CL","Exc L4-5 RORB IL1RAPL2",-0.0198101718882308,3.02614028737487,0.0772744441705111,0.781372951544524,0.937006003773347,0.937006003773347,"social_isolation_avg"
"18762","BACH1","Exc L4-5 RORB IL1RAPL2",-0.00895573049075364,3.21076286859892,0.0240580431478647,0.876926553547334,0.970936117951261,0.970936117951261,"social_isolation_avg"
"18763","TIAM1","Exc L4-5 RORB IL1RAPL2",0.0144938495213034,7.17884347267054,0.244744350133406,0.621457199348142,0.857790463150437,0.857790463150437,"social_isolation_avg"
"18764","AP000253.1","Exc L4-5 RORB IL1RAPL2",0.0362626134620243,0.414388282227045,0.0989111767134853,0.753536808804373,0.924741857529352,0.924741857529352,"social_isolation_avg"
"18765","SOD1","Exc L4-5 RORB IL1RAPL2",-0.12254827701556,6.46404590777767,24.0363387274323,2.24322862631801e-06,0.000493536381843757,0.000493536381843757,"social_isolation_avg"
"18766","AP000254.1","Exc L4-5 RORB IL1RAPL2",-0.0978493689834625,0.0242604367543117,0.546531674749697,0.4607868577756,0.758571742677249,0.758571742677249,"social_isolation_avg"
"18767","SCAF4","Exc L4-5 RORB IL1RAPL2",0.0438002997809915,5.19000402671892,5.61820703047657,0.0189275225378465,0.143826367043612,0.143826367043612,"social_isolation_avg"
"18768","HUNK","Exc L4-5 RORB IL1RAPL2",-0.0620413714457154,5.22042448629411,2.36610294616938,0.125908294073302,0.408840026113086,0.408840026113086,"social_isolation_avg"
"18769","LINC00159","Exc L4-5 RORB IL1RAPL2",0.0405386721754356,5.42131330371083,2.02020752343025,0.157101799081846,0.456867012728161,0.456867012728161,"social_isolation_avg"
"18770","AP000265.1","Exc L4-5 RORB IL1RAPL2",-0.00802919691250022,0.71926946045087,0.00588322672199054,0.938953218265992,0.987766326490576,0.987766326490576,"social_isolation_avg"
"18771","MIS18A","Exc L4-5 RORB IL1RAPL2",0.0290008906423915,3.13654724742364,0.541480539688558,0.462862694050809,0.760095906451602,0.760095906451602,"social_isolation_avg"
"18772","MIS18A-AS1","Exc L4-5 RORB IL1RAPL2",-0.0605647792148697,0.119504112947872,0.269389572832301,0.60443575051195,0.848638325309604,0.848638325309604,"social_isolation_avg"
"18773","URB1","Exc L4-5 RORB IL1RAPL2",-0.0088687965113606,5.00192790998476,0.11279864544627,0.737406060562367,0.916538137811242,0.916538137811242,"social_isolation_avg"
"18774","URB1-AS1","Exc L4-5 RORB IL1RAPL2",-0.138692389742746,1.1720371676114,2.82649157508391,0.0946092078018304,0.35600935258793,0.35600935258793,"social_isolation_avg"
"18775","EVA1C","Exc L4-5 RORB IL1RAPL2",0.105190281525785,5.14868369212956,14.5148827563969,0.000195808327912046,0.00867655590731576,0.00867655590731576,"social_isolation_avg"
"18776","TCP10L","Exc L4-5 RORB IL1RAPL2",-0.160770180133829,1.43239450440506,5.98415652003723,0.0375636436070504,0.213692634001503,0.213692634001503,"social_isolation_avg"
"18777","AP000275.2","Exc L4-5 RORB IL1RAPL2",0.0243381525723311,1.43633238295397,0.091064967094307,0.763206936812436,0.929286899099656,0.929286899099656,"social_isolation_avg"
"18778","CFAP298","Exc L4-5 RORB IL1RAPL2",-0.227757791181616,0.577736634575162,2.81852985162387,0.0950710994050592,0.356784613292812,0.356784613292812,"social_isolation_avg"
"18779","SYNJ1","Exc L4-5 RORB IL1RAPL2",-0.0195387072906071,6.98636694300335,1.64483425201933,0.201459064132724,0.516505007107759,0.516505007107759,"social_isolation_avg"
"18780","PAXBP1-AS1","Exc L4-5 RORB IL1RAPL2",-0.0234643001205241,3.05201938894699,0.256585092856057,0.688424078449733,0.893035507118046,0.893035507118046,"social_isolation_avg"
"18781","PAXBP1","Exc L4-5 RORB IL1RAPL2",0.0289383660350973,5.60233223913899,1.86040265074732,0.17443273832746,0.480315285561363,0.480315285561363,"social_isolation_avg"
"18782","C21orf62-AS1","Exc L4-5 RORB IL1RAPL2",0.00345865915168049,3.64925792604769,0.0039969840743637,0.949666346693533,0.988972257459867,0.988972257459867,"social_isolation_avg"
"18783","C21orf62","Exc L4-5 RORB IL1RAPL2",-0.266850180834665,-0.350674696397182,2.70155331382411,0.102151236849543,0.370481800350817,0.370481800350817,"social_isolation_avg"
"18784","IL10RB","Exc L4-5 RORB IL1RAPL2",0.030857612515395,0.859311882506668,0.133320997458691,0.793388132297098,0.94229469908941,0.94229469908941,"social_isolation_avg"
"18785","IFNAR1","Exc L4-5 RORB IL1RAPL2",0.0321298156753662,5.38144542049337,1.96286557377136,0.163081778408581,0.466112643011692,0.466112643011692,"social_isolation_avg"
"18786","IFNGR2","Exc L4-5 RORB IL1RAPL2",-0.0244151375855535,5.226607673403,1.17791462062794,0.279361256526976,0.610462056366951,0.610462056366951,"social_isolation_avg"
"18787","TMEM50B","Exc L4-5 RORB IL1RAPL2",0.0423534104809085,4.95885893946219,2.36098761067663,0.126315355648932,0.409538970165627,0.409538970165627,"social_isolation_avg"
"18788","AP000302.1","Exc L4-5 RORB IL1RAPL2",0.0209261613117878,0.235875020606562,0.0351186024224452,0.918810668629207,0.983105896136627,0.983105896136627,"social_isolation_avg"
"18789","DNAJC28","Exc L4-5 RORB IL1RAPL2",0.0610841781645578,2.25703378532054,1.25187206698638,0.264818527593959,0.595177649843577,0.595177649843577,"social_isolation_avg"
"18790","GART","Exc L4-5 RORB IL1RAPL2",0.0474018402118097,4.70626971849843,3.0994019883231,0.0801704658252508,0.325237003404711,0.325237003404711,"social_isolation_avg"
"18791","SON","Exc L4-5 RORB IL1RAPL2",-0.00598753946021849,7.08540029885923,0.0445029041050822,0.833180580464007,0.956474321257097,0.956474321257097,"social_isolation_avg"
"18792","DONSON","Exc L4-5 RORB IL1RAPL2",0.0371452939489718,3.24847480228007,0.780334206290473,0.378321895607134,0.696802851466931,0.696802851466931,"social_isolation_avg"
"18793","AP000311.1","Exc L4-5 RORB IL1RAPL2",0.0300162167323027,4.11726790228272,0.685642503609251,0.518711439715871,0.799718651186587,0.799718651186587,"social_isolation_avg"
"18794","ITSN1","Exc L4-5 RORB IL1RAPL2",0.0369021740362566,7.67769227374218,8.22611086972065,0.00466787472742879,0.0629504322737913,0.0629504322737913,"social_isolation_avg"
"18795","LINC00649","Exc L4-5 RORB IL1RAPL2",0.065473639394259,0.911201850797788,0.501922776359879,0.479654383969515,0.772649463569486,0.772649463569486,"social_isolation_avg"
"18796","MRPS6","Exc L4-5 RORB IL1RAPL2",-0.0869078439105167,4.86984564679429,5.73886555726722,0.0177111147727201,0.138820216493222,0.138820216493222,"social_isolation_avg"
"18797","LINC00310","Exc L4-5 RORB IL1RAPL2",0.123059056720804,2.6036494421376,3.73583968630561,0.0549661700630684,0.265784539678844,0.265784539678844,"social_isolation_avg"
"18798","AP000317.1","Exc L4-5 RORB IL1RAPL2",0.0616482271513906,3.22625042016565,1.10132409015216,0.295507633442259,0.626546384173127,0.626546384173127,"social_isolation_avg"
"18799","KCNE2","Exc L4-5 RORB IL1RAPL2",0.214370884874089,0.398949639282461,3.70346932694147,0.0560170824136552,0.268669002876748,0.268669002876748,"social_isolation_avg"
"18800","AP000322.1","Exc L4-5 RORB IL1RAPL2",0.121258261607407,0.512471876880199,1.36469423866992,0.244407721667403,0.569442002421983,0.569442002421983,"social_isolation_avg"
"18801","KCNE1","Exc L4-5 RORB IL1RAPL2",0.20117657572663,0.925211716443278,3.39656377775691,0.0671233910511151,0.295463197796708,0.295463197796708,"social_isolation_avg"
"18802","RCAN1","Exc L4-5 RORB IL1RAPL2",-0.0599807273234148,5.2390688297074,5.64516590509545,0.0186483767793524,0.142800796172397,0.142800796172397,"social_isolation_avg"
"18803","CLIC6","Exc L4-5 RORB IL1RAPL2",0.263037947729757,-0.612426052981452,1.58122398394296,0.210358159926498,0.528808964069276,0.528808964069276,"social_isolation_avg"
"18804","RUNX1","Exc L4-5 RORB IL1RAPL2",-0.00967629207255464,4.86595911218895,0.00988436478158127,0.920925161115292,0.983427396790068,0.983427396790068,"social_isolation_avg"
"18805","SETD4","Exc L4-5 RORB IL1RAPL2",0.0359659053806116,4.21146162533914,1.97327285146198,0.314302748811443,0.642771223962153,0.642771223962153,"social_isolation_avg"
"18806","CBR1","Exc L4-5 RORB IL1RAPL2",-0.120761590566492,3.30432209491533,6.63540927140239,0.0108720958423121,0.103528397298635,0.103528397298635,"social_isolation_avg"
"18807","CBR3","Exc L4-5 RORB IL1RAPL2",-0.0148201674960501,2.47887084680764,0.0830841229454366,0.773521720658532,0.933806689808463,0.933806689808463,"social_isolation_avg"
"18808","DOPEY2","Exc L4-5 RORB IL1RAPL2",0.0467858482403963,6.54444219356967,5.57361047445868,0.0193989141380047,0.146175569257343,0.146175569257343,"social_isolation_avg"
"18809","MORC3","Exc L4-5 RORB IL1RAPL2",-0.00311213051798496,5.6567342040332,0.0223591567691779,0.881317894733633,0.972609736125801,0.972609736125801,"social_isolation_avg"
"18810","CHAF1B","Exc L4-5 RORB IL1RAPL2",0.055252551858013,3.12708102451764,1.88214404580804,0.171949749296275,0.476761899873133,0.476761899873133,"social_isolation_avg"
"18811","AP000695.1","Exc L4-5 RORB IL1RAPL2",0.0921350737184263,0.589497355632234,0.799272383422303,0.408315350813107,0.71890020566041,0.71890020566041,"social_isolation_avg"
"18812","AP000695.2","Exc L4-5 RORB IL1RAPL2",0.115206472371715,0.490530914535647,0.911063268686604,0.34122623422455,0.664452995027894,0.664452995027894,"social_isolation_avg"
"18813","CLDN14","Exc L4-5 RORB IL1RAPL2",0.103164451108412,-0.0350132127840719,0.705129131740105,0.419637247440158,0.726886607670817,0.726886607670817,"social_isolation_avg"
"18814","HLCS","Exc L4-5 RORB IL1RAPL2",-0.00746528611034833,6.68371085303712,0.13088333910154,0.717979963050105,0.907899410604227,0.907899410604227,"social_isolation_avg"
"18815","AP000704.1","Exc L4-5 RORB IL1RAPL2",-0.0262180444376583,1.41075650128479,0.119320862048015,0.730211431512442,0.913267211869261,0.913267211869261,"social_isolation_avg"
"18816","PIGP","Exc L4-5 RORB IL1RAPL2",-0.0542686148839219,3.74214448154217,1.91012236683312,0.168814460936807,0.472715467720191,0.472715467720191,"social_isolation_avg"
"18817","TTC3","Exc L4-5 RORB IL1RAPL2",-0.00785792229992002,8.73809127240359,0.191347771784595,0.662368226419207,0.880103175005465,0.880103175005465,"social_isolation_avg"
"18818","TTC3-AS1","Exc L4-5 RORB IL1RAPL2",-0.0518105072296467,1.27339155189356,0.378522993785963,0.539240868838343,0.811888212208856,0.811888212208856,"social_isolation_avg"
"18819","DSCR9","Exc L4-5 RORB IL1RAPL2",-0.00764887144314101,0.366523258963648,0.00585795957280835,0.939084192619418,0.987766326490576,0.987766326490576,"social_isolation_avg"
"18820","AP001432.1","Exc L4-5 RORB IL1RAPL2",-0.0280361098363077,1.61726691434503,0.214323271609471,0.644008670077415,0.869655563901629,0.869655563901629,"social_isolation_avg"
"18821","VPS26C","Exc L4-5 RORB IL1RAPL2",0.0309366033711639,5.34154479477546,1.77930159170652,0.522190499948164,0.80224140659446,0.80224140659446,"social_isolation_avg"
"18822","AP001412.1","Exc L4-5 RORB IL1RAPL2",-0.197728357806773,-0.391339891919771,1.397929966858,0.238768440030533,0.562759055808341,0.562759055808341,"social_isolation_avg"
"18823","DYRK1A","Exc L4-5 RORB IL1RAPL2",-0.0128209725298159,7.50432972358703,0.911341221559988,0.341152799480154,0.664452995027894,0.664452995027894,"social_isolation_avg"
"18824","KCNJ6","Exc L4-5 RORB IL1RAPL2",-0.0274433826622673,7.64287678751818,2.28270156267639,0.132733136352322,0.418992938425474,0.418992938425474,"social_isolation_avg"
"18825","ERG","Exc L4-5 RORB IL1RAPL2",0.0827235647355003,1.27967118808564,0.465892259826485,0.495838452476036,0.784141989628463,0.784141989628463,"social_isolation_avg"
"18826","ETS2","Exc L4-5 RORB IL1RAPL2",-0.0855357260976477,5.67064509517982,5.9557334777183,0.0157253315835914,0.127623709169045,0.127623709169045,"social_isolation_avg"
"18827","AP001043.1","Exc L4-5 RORB IL1RAPL2",0.05002015623026,2.94451412702589,0.405818886505655,0.524980631741079,0.804564922499024,0.804564922499024,"social_isolation_avg"
"18828","LINC01700","Exc L4-5 RORB IL1RAPL2",-0.0290125961343095,0.594324935587708,0.0757282730803886,0.783515710670391,0.937767967529855,0.937767967529855,"social_isolation_avg"
"18829","AF064858.1","Exc L4-5 RORB IL1RAPL2",0.043209830610411,2.2408638617662,0.382814096535088,0.536952714541821,0.810815358762785,0.810815358762785,"social_isolation_avg"
"18830","PSMG1","Exc L4-5 RORB IL1RAPL2",0.00835352297416364,3.15781489655767,0.0429575790623411,0.836060282191964,0.956824497333631,0.956824497333631,"social_isolation_avg"
"18831","BRWD1","Exc L4-5 RORB IL1RAPL2",0.0336380105376717,7.74260967001915,4.54424968925322,0.0345071367620227,0.203461992731141,0.203461992731141,"social_isolation_avg"
"18832","AF129408.1","Exc L4-5 RORB IL1RAPL2",-0.0614768254518503,-0.251910012897271,0.179615213214782,0.672255114970521,0.884557060922122,0.884557060922122,"social_isolation_avg"
"18833","BRWD1-AS1","Exc L4-5 RORB IL1RAPL2",0.0947865284876018,0.0458917231263217,0.622127643685087,0.431387529182795,0.736535231877609,0.736535231877609,"social_isolation_avg"
"18834","HMGN1","Exc L4-5 RORB IL1RAPL2",-0.00873973080060239,4.82915865103238,0.0745538181502341,0.785159108865067,0.938293153466554,0.938293153466554,"social_isolation_avg"
"18835","WRB","Exc L4-5 RORB IL1RAPL2",-0.0258493752196053,5.65458394234825,0.735352432167676,0.392395347472863,0.70730011445891,0.70730011445891,"social_isolation_avg"
"18836","LCA5L","Exc L4-5 RORB IL1RAPL2",0.0167149162099125,1.39278657463462,0.0355639786414423,0.850650094267156,0.961873912835597,0.961873912835597,"social_isolation_avg"
"18837","SH3BGR","Exc L4-5 RORB IL1RAPL2",-0.011160816279628,3.18837165957418,0.0671852297826663,0.795802571975714,0.943052144191509,0.943052144191509,"social_isolation_avg"
"18838","B3GALT5","Exc L4-5 RORB IL1RAPL2",0.10408847800693,5.21300572644144,4.94881154878067,0.0274626784975124,0.178257749520217,0.178257749520217,"social_isolation_avg"
"18839","B3GALT5-AS1","Exc L4-5 RORB IL1RAPL2",0.0550945261885266,0.646100159694775,0.260713257012063,0.610311780318836,0.852117185969555,0.852117185969555,"social_isolation_avg"
"18840","IGSF5","Exc L4-5 RORB IL1RAPL2",0.0759847938812758,2.60577163821027,1.20620875157176,0.273681453994178,0.60339393976041,0.60339393976041,"social_isolation_avg"
"18841","PCP4","Exc L4-5 RORB IL1RAPL2",-0.063153796941062,6.83080721857405,1.05989418556602,0.304743389282707,0.63579473247232,0.63579473247232,"social_isolation_avg"
"18842","DSCAM","Exc L4-5 RORB IL1RAPL2",0.0173912184773674,10.5275886470355,1.21985374350881,0.270994487995803,0.600478593203957,0.600478593203957,"social_isolation_avg"
"18843","BACE2","Exc L4-5 RORB IL1RAPL2",-0.0531236688874477,4.30692820574945,0.610359160143551,0.435770115148507,0.739916351274993,0.739916351274993,"social_isolation_avg"
"18844","MX2","Exc L4-5 RORB IL1RAPL2",-0.112349231132858,1.66801459847406,0.984920281338013,0.322437624577323,0.649689484947856,0.649689484947856,"social_isolation_avg"
"18845","MX1","Exc L4-5 RORB IL1RAPL2",-0.00103480187006205,3.97782235781381,0.000476272556911934,0.982614934800728,0.997752468760777,0.997752468760777,"social_isolation_avg"
"18846","AP001610.1","Exc L4-5 RORB IL1RAPL2",0.0373910433953099,-0.328145990117895,0.0437051009407298,0.834660645646168,0.956824497333631,0.956824497333631,"social_isolation_avg"
"18847","PRDM15","Exc L4-5 RORB IL1RAPL2",0.0336043403784072,4.05195822920204,0.927789195049008,0.336845051716269,0.661054397185915,0.661054397185915,"social_isolation_avg"
"18848","C2CD2","Exc L4-5 RORB IL1RAPL2",0.0345080013334238,5.02527705923673,1.28391440746511,0.258813312659858,0.58724147845511,0.58724147845511,"social_isolation_avg"
"18849","ZBTB21","Exc L4-5 RORB IL1RAPL2",0.0149020936487864,4.43784137811675,0.220660023087029,0.639156569385708,0.867293779059998,0.867293779059998,"social_isolation_avg"
"18850","ZNF295-AS1","Exc L4-5 RORB IL1RAPL2",-0.0690112625857421,1.00921994171279,0.457233672736163,0.499864681045409,0.786069985000596,0.786069985000596,"social_isolation_avg"
"18851","UMODL1","Exc L4-5 RORB IL1RAPL2",0.0202468683939388,0.62983585650236,0.035267330133697,0.8512669202088,0.961873912835597,0.961873912835597,"social_isolation_avg"
"18852","ABCG1","Exc L4-5 RORB IL1RAPL2",0.0273260116191665,4.49703306072282,0.713453317774296,0.399520634221591,0.712875322529869,0.712875322529869,"social_isolation_avg"
"18853","RSPH1","Exc L4-5 RORB IL1RAPL2",-0.010636252975321,3.62340724737659,0.0805471984035214,0.896681700659039,0.97657943119609,0.97657943119609,"social_isolation_avg"
"18854","SLC37A1","Exc L4-5 RORB IL1RAPL2",0.0586360580009892,5.11089389891173,3.88836566729509,0.0502903669946868,0.252801284247202,0.252801284247202,"social_isolation_avg"
"18855","AP001628.1","Exc L4-5 RORB IL1RAPL2",0.0612638007374196,2.1169193583268,0.909935682141977,0.341524360715472,0.664739166551865,0.664739166551865,"social_isolation_avg"
"18856","WDR4","Exc L4-5 RORB IL1RAPL2",0.0170829893341879,3.0803332864037,0.204115299707478,0.652011651849061,0.874324058443379,0.874324058443379,"social_isolation_avg"
"18857","NDUFV3","Exc L4-5 RORB IL1RAPL2",0.0329169631047072,5.51891763136279,1.81512913365923,0.179738104031646,0.486451935285231,0.486451935285231,"social_isolation_avg"
"18858","PKNOX1","Exc L4-5 RORB IL1RAPL2",-0.0368876908807974,6.00484455292762,1.68222992427959,0.196435874928853,0.509774131055937,0.509774131055937,"social_isolation_avg"
"18859","U2AF1","Exc L4-5 RORB IL1RAPL2",-0.24293533435373,2.20788854862456,2.00549213425797,0.158612048687163,0.459283604856963,0.459283604856963,"social_isolation_avg"
"18860","HSF2BP","Exc L4-5 RORB IL1RAPL2",0.0287239102564474,2.54933694694798,0.231242418811579,0.631240002674721,0.86366997545798,0.86366997545798,"social_isolation_avg"
"18861","RRP1B","Exc L4-5 RORB IL1RAPL2",-0.0240738194954314,4.86354263836821,0.834809659295128,0.362216224513352,0.682088695528701,0.682088695528701,"social_isolation_avg"
"18862","PDXK","Exc L4-5 RORB IL1RAPL2",-0.00833291659400428,7.01515594841587,0.237805815435052,0.626441534918281,0.861089740805579,0.861089740805579,"social_isolation_avg"
"18863","CSTB","Exc L4-5 RORB IL1RAPL2",-0.101698740669852,4.94829701140114,9.78015472836621,0.00208496312025548,0.0384874021447356,0.0384874021447356,"social_isolation_avg"
"18864","RRP1","Exc L4-5 RORB IL1RAPL2",-0.0444563212113578,3.74695733100915,1.86213269155547,0.174233642032517,0.480037287586759,0.480037287586759,"social_isolation_avg"
"18865","AGPAT3","Exc L4-5 RORB IL1RAPL2",-0.00701930852801834,5.9408683720217,0.127266645534048,0.721738066153348,0.909369777564594,0.909369777564594,"social_isolation_avg"
"18866","TRAPPC10","Exc L4-5 RORB IL1RAPL2",0.0143866595860302,5.58463663265223,0.510257562105867,0.476034897559317,0.769562875226042,0.769562875226042,"social_isolation_avg"
"18867","PWP2","Exc L4-5 RORB IL1RAPL2",-0.455596187920151,-0.0738055062282087,2.33986727978163,0.128011743746919,0.411761627044943,0.411761627044943,"social_isolation_avg"
"18868","GATD3A","Exc L4-5 RORB IL1RAPL2",0.0991632360545985,2.12427188395341,0.329986799104763,0.566447798757761,0.827595395006403,0.827595395006403,"social_isolation_avg"
"18869","AIRE","Exc L4-5 RORB IL1RAPL2",0.0252159862737655,0.826561605878659,0.0441083760009753,0.833910752208898,0.956708692383844,0.956708692383844,"social_isolation_avg"
"18870","PFKL","Exc L4-5 RORB IL1RAPL2",-0.0735893524456898,4.69978640626186,5.70965521236625,0.0179979114402701,0.140226499702818,0.140226499702818,"social_isolation_avg"
"18871","C21orf2","Exc L4-5 RORB IL1RAPL2",-0.09816009389587,3.8303628242179,6.67513634357308,0.0106417630999437,0.102105882157218,0.102105882157218,"social_isolation_avg"
"18872","AP001062.1","Exc L4-5 RORB IL1RAPL2",0.0832778427102663,1.1530466041328,0.834030837714843,0.362439668745928,0.682146358959006,0.682146358959006,"social_isolation_avg"
"18873","TRPM2","Exc L4-5 RORB IL1RAPL2",0.0204924315648734,6.5955382366926,0.935611553703018,0.33482209769031,0.65935040765743,0.65935040765743,"social_isolation_avg"
"18874","TRPM2-AS","Exc L4-5 RORB IL1RAPL2",0.274367198293433,-0.115084147588319,4.40500420025905,0.0373532914885915,0.213295106019237,0.213295106019237,"social_isolation_avg"
"18875","TSPEAR","Exc L4-5 RORB IL1RAPL2",0.110943384972603,0.503287917951451,0.851943923649237,0.357348325775568,0.677448951510407,0.677448951510407,"social_isolation_avg"
"18876","TSPEAR-AS2","Exc L4-5 RORB IL1RAPL2",0.172930083063054,-0.402507636105531,0.694152633186163,0.405957731401789,0.717125033689968,0.717125033689968,"social_isolation_avg"
"18877","UBE2G2","Exc L4-5 RORB IL1RAPL2",-0.0450189219565896,6.19569524673265,4.21958292757561,0.0415346453085332,0.227021773897102,0.227021773897102,"social_isolation_avg"
"18878","LINC01424","Exc L4-5 RORB IL1RAPL2",-0.248211556614387,-0.643496343100816,2.02245424255078,0.156872670277266,0.456503813336843,0.456503813336843,"social_isolation_avg"
"18879","SUMO3","Exc L4-5 RORB IL1RAPL2",-0.0451028269879049,5.46609015420577,1.96657488247456,0.162687128302942,0.465618386722125,0.465618386722125,"social_isolation_avg"
"18880","PTTG1IP","Exc L4-5 RORB IL1RAPL2",0.037565325391374,4.10963854520961,0.998522486472245,0.3191288455564,0.646650766867885,0.646650766867885,"social_isolation_avg"
"18881","ITGB2","Exc L4-5 RORB IL1RAPL2",0.162864686622847,0.243523558323348,2.50460560907861,0.115425365590108,0.392180879075701,0.392180879075701,"social_isolation_avg"
"18882","LINC01547","Exc L4-5 RORB IL1RAPL2",-0.0830304759679789,0.0806403708015014,0.455861825973704,0.500507687809102,0.786618985051584,0.786618985051584,"social_isolation_avg"
"18883","FAM207A","Exc L4-5 RORB IL1RAPL2",-0.0905243510783107,2.38976030532551,3.82109746696681,0.0522978936721737,0.258497504224451,0.258497504224451,"social_isolation_avg"
"18884","AP001505.1","Exc L4-5 RORB IL1RAPL2",0.080479376110661,1.98190330396047,1.19797174963849,0.27531976315785,0.605383525707109,0.605383525707109,"social_isolation_avg"
"18885","ADARB1","Exc L4-5 RORB IL1RAPL2",-0.0440971246326419,6.16658740838793,5.01846579641276,0.0264111537446328,0.174241785216944,0.174241785216944,"social_isolation_avg"
"18886","LINC00334","Exc L4-5 RORB IL1RAPL2",0.29837219574338,0.559266987152322,2.08051756997028,0.151081710215223,0.44849427743868,0.44849427743868,"social_isolation_avg"
"18887","POFUT2","Exc L4-5 RORB IL1RAPL2",-0.00348641429089788,3.25207959679607,0.0101149568476976,0.920011199927772,0.983295215328881,0.983295215328881,"social_isolation_avg"
"18888","COL18A1","Exc L4-5 RORB IL1RAPL2",0.103620888387396,3.48929671152922,2.48485553154571,0.116858823201422,0.394527370011684,0.394527370011684,"social_isolation_avg"
"18889","SLC19A1","Exc L4-5 RORB IL1RAPL2",-0.102264780688263,2.93320620219792,5.2908727855529,0.0226875187507133,0.159491110808615,0.159491110808615,"social_isolation_avg"
"18890","PCBP3","Exc L4-5 RORB IL1RAPL2",0.0183248152337934,5.82800171250464,0.220084136520355,0.639593992146167,0.867293779059998,0.867293779059998,"social_isolation_avg"
"18891","COL6A1","Exc L4-5 RORB IL1RAPL2",-0.0298744337465359,5.22750936796548,0.168873501116706,0.681647156324733,0.888917584103651,0.888917584103651,"social_isolation_avg"
"18892","COL6A2","Exc L4-5 RORB IL1RAPL2",-0.149365851934329,-1.17512351032263,0.229103044894361,0.632822218031986,0.864304106405572,0.864304106405572,"social_isolation_avg"
"18893","FTCD","Exc L4-5 RORB IL1RAPL2",-0.0102715902807176,4.41437721553264,0.0162192755907633,0.898814291078972,0.977255559309928,0.977255559309928,"social_isolation_avg"
"18894","SPATC1L","Exc L4-5 RORB IL1RAPL2",-0.0798038738735894,2.95840375425042,0.777350776918811,0.379232851732802,0.697579643788309,0.697579643788309,"social_isolation_avg"
"18895","LSS","Exc L4-5 RORB IL1RAPL2",-0.0172071759422722,4.76529791947318,0.175559492664367,0.675761407632286,0.886127412489639,0.886127412489639,"social_isolation_avg"
"18896","MCM3AP-AS1","Exc L4-5 RORB IL1RAPL2",0.00857291467548696,3.07827131903323,0.0268481690366283,0.870046170137901,0.967770389270222,0.967770389270222,"social_isolation_avg"
"18897","MCM3AP","Exc L4-5 RORB IL1RAPL2",0.0206037864134405,5.17175872096072,0.886533873983989,0.347792331973716,0.670245940088287,0.670245940088287,"social_isolation_avg"
"18898","YBEY","Exc L4-5 RORB IL1RAPL2",0.0312753751767003,3.22593213631709,0.547907848053569,0.460223872662757,0.758263313710555,0.758263313710555,"social_isolation_avg"
"18899","C21orf58","Exc L4-5 RORB IL1RAPL2",-0.116025816342892,2.49470131539672,3.90260620416761,0.0498760223070127,0.251699223665206,0.251699223665206,"social_isolation_avg"
"18900","PCNT","Exc L4-5 RORB IL1RAPL2",0.00268349450765952,5.71953246320252,0.00976994012762307,0.921382685302829,0.983427396790068,0.983427396790068,"social_isolation_avg"
"18901","DIP2A","Exc L4-5 RORB IL1RAPL2",0.0359778438507774,6.00478606582829,2.98130763709016,0.0860994434959263,0.337966740329868,0.337966740329868,"social_isolation_avg"
"18902","PRMT2","Exc L4-5 RORB IL1RAPL2",-0.0133023316574895,5.94647890421511,0.408752254887649,0.523488508425033,0.80357991788983,0.80357991788983,"social_isolation_avg"
"18903","MT-ND1","Exc L4-5 RORB IL1RAPL2",0.0500681358578693,10.9904634984586,0.67111891324506,0.413841349499076,0.723419454348856,0.723419454348856,"social_isolation_avg"
"18904","MT-ND2","Exc L4-5 RORB IL1RAPL2",-0.0142521464317428,9.72509944266985,0.0445595115335873,0.833076092221635,0.956474321257097,0.956474321257097,"social_isolation_avg"
"18905","MT-CO1","Exc L4-5 RORB IL1RAPL2",0.0386606834507991,11.9028941287821,0.329744893833769,0.566589946153424,0.827595395006403,0.827595395006403,"social_isolation_avg"
"18906","MT-CO2","Exc L4-5 RORB IL1RAPL2",0.023764595306645,12.0354664554602,0.147775205564021,0.701164678304384,0.899620085827692,0.899620085827692,"social_isolation_avg"
"18907","MT-ATP8","Exc L4-5 RORB IL1RAPL2",-0.0748202643845252,4.29692143769609,0.66683250262423,0.415333431213256,0.724488231952246,0.724488231952246,"social_isolation_avg"
"18908","MT-ATP6","Exc L4-5 RORB IL1RAPL2",-0.013879894604939,11.8453704543094,0.0453320893476699,0.831656912259365,0.956058857296072,0.956058857296072,"social_isolation_avg"
"18909","MT-CO3","Exc L4-5 RORB IL1RAPL2",0.0367981512615672,12.4916522790604,0.37527954123931,0.540982290002074,0.812439551482597,0.812439551482597,"social_isolation_avg"
"18910","MT-ND3","Exc L4-5 RORB IL1RAPL2",-0.0448433148618183,11.1642576250963,0.337598461636286,0.562010116862899,0.82458075536313,0.82458075536313,"social_isolation_avg"
"18911","MT-ND4L","Exc L4-5 RORB IL1RAPL2",-0.120066527959717,6.67409902088171,2.35230971603472,0.127009293958314,0.410175308788802,0.410175308788802,"social_isolation_avg"
"18912","MT-ND4","Exc L4-5 RORB IL1RAPL2",0.033509634401632,11.2167436841394,0.282284496809055,0.595920993645594,0.843968646764093,0.843968646764093,"social_isolation_avg"
"18913","MT-ND5","Exc L4-5 RORB IL1RAPL2",-0.0376799310392329,8.49431985739498,0.318629319260325,0.573197708477759,0.831616988731125,0.831616988731125,"social_isolation_avg"
"18914","MT-ND6","Exc L4-5 RORB IL1RAPL2",0.0241643705369627,2.04898057693407,0.0484264830634641,0.826095827360217,0.953895283131028,0.953895283131028,"social_isolation_avg"
"18915","MT-CYB","Exc L4-5 RORB IL1RAPL2",-0.0223584405931777,11.3597374686892,0.110050681958176,0.740506681638896,0.918401083068271,0.918401083068271,"social_isolation_avg"
"18916","AC011043.1","Exc L4-5 RORB IL1RAPL2",-0.349331380138295,1.14781058084076,0.978865947161798,0.323924990571186,0.651418501068269,0.651418501068269,"social_isolation_avg"
"18917","AL592183.1","Exc L4-5 RORB IL1RAPL2",0.082341772693171,6.14484943415735,0.533107273808134,0.466336932245118,0.762337462809969,0.762337462809969,"social_isolation_avg"
"18918","AC007325.4","Exc L4-5 RORB IL1RAPL2",0.0698241923511593,2.18785479127964,0.717298661371711,0.398255963803829,0.71226856991314,0.71226856991314,"social_isolation_avg"
"18919","AL354822.1","Exc L4-5 RORB IL1RAPL2",0.0207169472022129,2.141402337981,0.0149488224709557,0.902837370254747,0.978262943641483,0.978262943641483,"social_isolation_avg"
"18920","AC004556.1","Exc L4-5 RORB IL1RAPL2",0.44381074863835,-0.452828804166542,2.54079042419083,0.112849563609431,0.388023686782573,0.388023686782573,"social_isolation_avg"
"18921","AC240274.1","Exc L4-5 RORB IL1RAPL2",0.0858566190932169,2.03137639311941,0.787232420554627,0.376227434167666,0.695027880189739,0.695027880189739,"social_isolation_avg"
