"","gene","cluster_id","logFC","logCPM","F","p_val","p_adj.loc","p_adj.glb","coef"
"1","AL627309.1","Exc L4-5 RORB GABRG1",0.0350262053419673,3.35511167665579,0.202574028267827,0.652904635021224,0.999997068196745,0.999983379322086,"group_idyes"
"2","AL669831.5","Exc L4-5 RORB GABRG1",0.0571340562880346,6.215118813523,1.17314718386301,0.279433864644068,0.999997068196745,0.999983379322086,"group_idyes"
"3","LINC00115","Exc L4-5 RORB GABRG1",0.0455356160020595,0.923789544431995,0.111203104084737,0.738960221279512,0.999997068196745,0.999983379322086,"group_idyes"
"4","NOC2L","Exc L4-5 RORB GABRG1",-0.0348674388242376,4.79085010873498,0.500677487451479,0.479630996904853,0.999997068196745,0.999983379322086,"group_idyes"
"5","KLHL17","Exc L4-5 RORB GABRG1",0.0561832607990528,3.01416893205836,0.501819748329962,0.479130605286428,0.999997068196745,0.999983379322086,"group_idyes"
"6","HES4","Exc L4-5 RORB GABRG1",-0.0561873616884522,3.35767366341074,0.165620354249381,0.68426015126869,0.999997068196745,0.999983379322086,"group_idyes"
"7","ISG15","Exc L4-5 RORB GABRG1",-0.405691372349557,1.42802224883221,5.46418275484357,0.0199221340784813,0.999997068196745,0.999983379322086,"group_idyes"
"8","AL645608.2","Exc L4-5 RORB GABRG1",0.0459531288691187,-0.0151390994477248,0.0603981322851892,0.805998831039758,0.999997068196745,0.999983379322086,"group_idyes"
"9","AGRN","Exc L4-5 RORB GABRG1",0.0199605809323439,4.89665633846468,0.126501826568244,0.72228193130414,0.999997068196745,0.999983379322086,"group_idyes"
"10","C1orf159","Exc L4-5 RORB GABRG1",-0.00606121826524978,5.40617154761878,0.0165020882538938,0.897851715799692,0.999997068196745,0.999983379322086,"group_idyes"
"11","TNFRSF18","Exc L4-5 RORB GABRG1",-0.0839388908356921,1.39335081150032,0.46122865260789,0.49745867478927,0.999997068196745,0.999983379322086,"group_idyes"
"12","TNFRSF4","Exc L4-5 RORB GABRG1",0.107026337111061,1.99613584716393,0.760868939261953,0.383600768471304,0.999997068196745,0.999983379322086,"group_idyes"
"13","SDF4","Exc L4-5 RORB GABRG1",0.0133846228454737,5.14229405780552,0.107966298904845,0.742650232954648,0.999997068196745,0.999983379322086,"group_idyes"
"14","B3GALT6","Exc L4-5 RORB GABRG1",0.00907185653340902,2.67189794416966,0.0139970769989342,0.905884378454752,0.999997068196745,0.999983379322086,"group_idyes"
"15","C1QTNF12","Exc L4-5 RORB GABRG1",-0.330269022031398,0.382677482478378,3.03778546959251,0.0821457606674326,0.999997068196745,0.999983379322086,"group_idyes"
"16","UBE2J2","Exc L4-5 RORB GABRG1",-0.0197771639372796,4.85242111067879,0.323445988929567,0.569875880131123,0.999997068196745,0.999983379322086,"group_idyes"
"17","LINC01786","Exc L4-5 RORB GABRG1",-0.0961082025431906,2.19477109812525,1.14320242538258,0.28564702237057,0.999997068196745,0.999983379322086,"group_idyes"
"18","SCNN1D","Exc L4-5 RORB GABRG1",-0.0252732847714952,3.14794540071409,0.119715956881077,0.729531890438477,0.999997068196745,0.999983379322086,"group_idyes"
"19","ACAP3","Exc L4-5 RORB GABRG1",-0.00354628480953508,6.51152156134039,0.00460140312744152,0.94595330113661,0.999997068196745,0.999983379322086,"group_idyes"
"20","PUSL1","Exc L4-5 RORB GABRG1",-0.0324968559325116,1.93017886679278,0.135876254639941,0.712618237598221,0.999997068196745,0.999983379322086,"group_idyes"
"21","INTS11","Exc L4-5 RORB GABRG1",0.0102057368031212,5.31702736182142,0.0721206008155394,0.788417788716651,0.999997068196745,0.999983379322086,"group_idyes"
"22","CPTP","Exc L4-5 RORB GABRG1",0.0642797001565829,2.7179371545536,0.668569917780522,0.414056728205912,0.999997068196745,0.999983379322086,"group_idyes"
"23","DVL1","Exc L4-5 RORB GABRG1",0.038832308332033,4.45357284039958,0.697453570417652,0.616592062300248,0.999997068196745,0.999983379322086,"group_idyes"
"24","AURKAIP1","Exc L4-5 RORB GABRG1",-0.0403318115997312,4.27555908537553,0.164800031958291,0.685000836800798,0.999997068196745,0.999983379322086,"group_idyes"
"25","CCNL2","Exc L4-5 RORB GABRG1",-0.048278332345533,6.04687767378627,3.4647217930584,0.0634535025564201,0.999997068196745,0.999983379322086,"group_idyes"
"26","MRPL20","Exc L4-5 RORB GABRG1",-0.0202974471902589,4.59461485874347,0.129450441500197,0.719199935646309,0.999997068196745,0.999983379322086,"group_idyes"
"27","AL391244.3","Exc L4-5 RORB GABRG1",-0.0585362757752925,1.26784266916853,0.379636615841982,0.562156765382691,0.999997068196745,0.999983379322086,"group_idyes"
"28","ANKRD65","Exc L4-5 RORB GABRG1",0.097842916445097,3.50851424133993,0.929008825014661,0.335726042028419,0.999997068196745,0.999983379322086,"group_idyes"
"29","VWA1","Exc L4-5 RORB GABRG1",0.106631654257906,1.50735061555872,0.779178651584722,0.377943655734155,0.999997068196745,0.999983379322086,"group_idyes"
"30","ATAD3C","Exc L4-5 RORB GABRG1",-0.00801383490514625,3.02656872719846,0.006401479237331,0.936271504428961,0.999997068196745,0.999983379322086,"group_idyes"
"31","ATAD3B","Exc L4-5 RORB GABRG1",-0.0429958211330124,4.35183840408249,0.68354755540232,0.408880267153838,0.999997068196745,0.999983379322086,"group_idyes"
"32","ATAD3A","Exc L4-5 RORB GABRG1",-0.0054086963926384,3.70225445725407,0.0135628901442153,0.907348893269892,0.999997068196745,0.999983379322086,"group_idyes"
"33","TMEM240","Exc L4-5 RORB GABRG1",0.0156270276953069,2.03957289682254,0.0213600012721894,0.883879039139041,0.999997068196745,0.999983379322086,"group_idyes"
"34","SSU72","Exc L4-5 RORB GABRG1",0.00916151049037638,5.63238976723857,0.0240667355388144,0.876796583840684,0.999997068196745,0.999983379322086,"group_idyes"
"35","AL645728.1","Exc L4-5 RORB GABRG1",-0.0353427997322529,1.69239152545779,0.138058731415165,0.78769502453919,0.999997068196745,0.999983379322086,"group_idyes"
"36","FNDC10","Exc L4-5 RORB GABRG1",0.026694204020603,3.68537977644085,0.122656970513184,0.726362126151194,0.999997068196745,0.999983379322086,"group_idyes"
"37","AL691432.2","Exc L4-5 RORB GABRG1",0.0267471071105421,3.39602529974865,0.157523428891693,0.691667016786379,0.999997068196745,0.999983379322086,"group_idyes"
"38","MIB2","Exc L4-5 RORB GABRG1",0.035245749193525,5.34001293877857,0.726511086040827,0.394546704997958,0.999997068196745,0.999983379322086,"group_idyes"
"39","MMP23B","Exc L4-5 RORB GABRG1",0.165686201774224,1.59424447808566,2.23897817547022,0.135389749156453,0.999997068196745,0.999983379322086,"group_idyes"
"40","CDK11B","Exc L4-5 RORB GABRG1",-0.0161116795593137,5.09689973683465,0.154886618098728,0.694126607684836,0.999997068196745,0.999983379322086,"group_idyes"
"41","FO704657.1","Exc L4-5 RORB GABRG1",-0.0126098739828644,0.682325639500436,0.00789468940636878,0.976004621704312,0.999997068196745,0.999983379322086,"group_idyes"
"42","SLC35E2B","Exc L4-5 RORB GABRG1",0.030754458319214,4.76126531181339,0.50724773228012,0.476764398891134,0.999997068196745,0.999983379322086,"group_idyes"
"43","CDK11A","Exc L4-5 RORB GABRG1",-0.0396370266948959,4.3316306765925,0.351897856087777,0.553389316905814,0.999997068196745,0.999983379322086,"group_idyes"
"44","SLC35E2A","Exc L4-5 RORB GABRG1",-0.00415250435518527,4.74285380499699,0.00716751175826003,0.932574812585857,0.999997068196745,0.999983379322086,"group_idyes"
"45","NADK","Exc L4-5 RORB GABRG1",0.0200589469412009,3.94727625611144,0.246136289233329,0.814905847361717,0.999997068196745,0.999983379322086,"group_idyes"
"46","GNB1","Exc L4-5 RORB GABRG1",0.00889942776114996,7.63732380987499,0.155051851730045,0.693971771749457,0.999997068196745,0.999983379322086,"group_idyes"
"47","TMEM52","Exc L4-5 RORB GABRG1",-0.150953142430466,1.10211799854003,1.35264497495772,0.245537105173396,0.999997068196745,0.999983379322086,"group_idyes"
"48","CFAP74","Exc L4-5 RORB GABRG1",-0.00884423372993273,4.7290036282107,0.0385646819202023,0.844417280400883,0.999997068196745,0.999983379322086,"group_idyes"
"49","AL391845.2","Exc L4-5 RORB GABRG1",-0.0628570050098972,1.53039316029457,0.386593176063628,0.53446389301476,0.999997068196745,0.999983379322086,"group_idyes"
"50","GABRD","Exc L4-5 RORB GABRG1",-0.000526659804987914,5.99235763452733,8.90294331111708e-05,0.992476529946446,0.999997068196745,0.999983379322086,"group_idyes"
"51","PRKCZ","Exc L4-5 RORB GABRG1",-0.0254052152786023,6.86227294171913,0.639279800911161,0.424465077337664,0.999997068196745,0.999983379322086,"group_idyes"
"52","AL590822.2","Exc L4-5 RORB GABRG1",0.0850145252919092,1.00026955036515,0.367456906055188,0.544751229431042,0.999997068196745,0.999983379322086,"group_idyes"
"53","FAAP20","Exc L4-5 RORB GABRG1",0.0643772245185844,3.18034750634695,1.161885803872,0.281750158881469,0.999997068196745,0.999983379322086,"group_idyes"
"54","AL590822.1","Exc L4-5 RORB GABRG1",-0.0605579537330145,1.58002084634608,0.342747862764055,0.558590615829365,0.999997068196745,0.999983379322086,"group_idyes"
"55","SKI","Exc L4-5 RORB GABRG1",-0.0522664293676649,5.99223610648384,1.31410320264672,0.252365560698037,0.999997068196745,0.999983379322086,"group_idyes"
"56","MORN1","Exc L4-5 RORB GABRG1",-0.0270620194277359,5.12101917726857,0.532783250685445,0.46588325705035,0.999997068196745,0.999983379322086,"group_idyes"
"57","RER1","Exc L4-5 RORB GABRG1",-0.0435943733120045,4.73577544037213,1.56336577883748,0.211933032756025,0.999997068196745,0.999983379322086,"group_idyes"
"58","PEX10","Exc L4-5 RORB GABRG1",-0.0598429699112413,3.12516970113091,0.60942861481517,0.43548308153758,0.999997068196745,0.999983379322086,"group_idyes"
"59","PLCH2","Exc L4-5 RORB GABRG1",0.0138795057970308,3.12345964030389,0.0236163564203817,0.877945672126518,0.999997068196745,0.999983379322086,"group_idyes"
"60","PANK4","Exc L4-5 RORB GABRG1",0.0431308690797782,3.1919663125742,0.336580745296242,0.562149177794458,0.999997068196745,0.999983379322086,"group_idyes"
"61","AL139246.5","Exc L4-5 RORB GABRG1",-0.0524318762603535,1.64934989780817,0.28090278995013,0.596415839045278,0.999997068196745,0.999983379322086,"group_idyes"
"62","TNFRSF14","Exc L4-5 RORB GABRG1",-0.0215726740727082,2.81910102908821,0.069224160104513,0.792610614022065,0.999997068196745,0.999983379322086,"group_idyes"
"63","FAM213B","Exc L4-5 RORB GABRG1",0.0312769110389157,3.78139118083824,0.24305669594632,0.622288338380101,0.999997068196745,0.999983379322086,"group_idyes"
"64","TTC34","Exc L4-5 RORB GABRG1",0.0701242341842078,1.43578585701916,0.345268177844531,0.557148705529078,0.999997068196745,0.999983379322086,"group_idyes"
"65","PRDM16","Exc L4-5 RORB GABRG1",-0.118470794392749,1.47461209682254,1.0741117926211,0.300669491070785,0.999997068196745,0.999983379322086,"group_idyes"
"66","ARHGEF16","Exc L4-5 RORB GABRG1",0.0618663343651901,0.876271942151919,0.180237176243615,0.671406803525915,0.999997068196745,0.999983379322086,"group_idyes"
"67","MEGF6","Exc L4-5 RORB GABRG1",-0.121015726638832,2.15986083385961,2.1225169556568,0.145963497360402,0.999997068196745,0.999983379322086,"group_idyes"
"68","AL513320.1","Exc L4-5 RORB GABRG1",-0.0733020813879387,0.801841682293544,0.262179159488162,0.608920770423414,0.999997068196745,0.999983379322086,"group_idyes"
"69","TPRG1L","Exc L4-5 RORB GABRG1",0.0568494306070482,5.12831663966417,0.542350754941056,0.461908930352482,0.999997068196745,0.999983379322086,"group_idyes"
"70","WRAP73","Exc L4-5 RORB GABRG1",-0.00213756692099069,3.43680478540118,0.00155630664876476,0.968552037730107,0.999997068196745,0.999983379322086,"group_idyes"
"71","LRRC47","Exc L4-5 RORB GABRG1",0.099186984432035,4.32852396569747,2.45173179182775,0.118217400422082,0.999997068196745,0.999983379322086,"group_idyes"
"72","CEP104","Exc L4-5 RORB GABRG1",-0.0191311227125049,5.42756068222801,0.348857640400769,0.555107299231891,0.999997068196745,0.999983379322086,"group_idyes"
"73","DFFB","Exc L4-5 RORB GABRG1",-0.0773460769427934,4.46729764297711,2.87272478989644,0.0909013825011201,0.999997068196745,0.999983379322086,"group_idyes"
"74","C1orf174","Exc L4-5 RORB GABRG1",0.0246137491597618,2.99412836833139,0.12177699808087,0.861172736448063,0.999997068196745,0.999983379322086,"group_idyes"
"75","LINC01134","Exc L4-5 RORB GABRG1",0.201983449014158,0.83598064920802,1.97327685269738,0.160907321784187,0.999997068196745,0.999983379322086,"group_idyes"
"76","AL805961.1","Exc L4-5 RORB GABRG1",0.409722889865607,-0.0187526828407078,4.96419278950501,0.0264548798855508,0.999997068196745,0.999983379322086,"group_idyes"
"77","AL805961.2","Exc L4-5 RORB GABRG1",-0.0501506265191105,1.68534194730931,0.190228013116286,0.662971547549487,0.999997068196745,0.999983379322086,"group_idyes"
"78","AJAP1","Exc L4-5 RORB GABRG1",0.00230657352461777,6.62619831971073,0.00235168715266497,0.961347553234392,0.999997068196745,0.999983379322086,"group_idyes"
"79","AL365255.1","Exc L4-5 RORB GABRG1",-0.227295787772388,1.81561244149817,2.76190999272583,0.0973474573193751,0.999997068196745,0.999983379322086,"group_idyes"
"80","NPHP4","Exc L4-5 RORB GABRG1",-0.0528825440257484,5.76370127712294,1.68121493440374,0.195540236347055,0.999997068196745,0.999983379322086,"group_idyes"
"81","KCNAB2","Exc L4-5 RORB GABRG1",-0.0214412555728472,6.86785293799156,0.557496965084731,0.455726541396408,0.999997068196745,0.999983379322086,"group_idyes"
"82","CHD5","Exc L4-5 RORB GABRG1",0.0360960641073062,7.79455200936418,0.577255173096359,0.44785552194019,0.999997068196745,0.999983379322086,"group_idyes"
"83","RPL22","Exc L4-5 RORB GABRG1",0.0228602104815607,5.14754385805608,0.270839996986068,0.603068203206311,0.999997068196745,0.999983379322086,"group_idyes"
"84","RNF207","Exc L4-5 RORB GABRG1",-0.0129569877423015,3.77927145968513,0.0546479781828652,0.885597103741016,0.999997068196745,0.999983379322086,"group_idyes"
"85","ICMT","Exc L4-5 RORB GABRG1",0.0144807254100162,4.10428551073605,0.0859720357671602,0.769519819508999,0.999997068196745,0.999983379322086,"group_idyes"
"86","GPR153","Exc L4-5 RORB GABRG1",0.0753996212479332,2.34558750342245,0.550531710391973,0.45855323605091,0.999997068196745,0.999983379322086,"group_idyes"
"87","ACOT7","Exc L4-5 RORB GABRG1",0.00503982239771595,6.42587290019093,0.0182626561836266,0.892572336620306,0.999997068196745,0.999983379322086,"group_idyes"
"88","TNFRSF25","Exc L4-5 RORB GABRG1",0.0270532431609507,5.82551974446463,0.24450407891754,0.621254017060335,0.999997068196745,0.999983379322086,"group_idyes"
"89","PLEKHG5","Exc L4-5 RORB GABRG1",-0.0444203879144304,4.82096368704493,0.837037973651976,0.360818336254928,0.999997068196745,0.999983379322086,"group_idyes"
"90","NOL9","Exc L4-5 RORB GABRG1",-0.0176444917115368,5.01245252473648,0.213974982217748,0.64393104122966,0.999997068196745,0.999983379322086,"group_idyes"
"91","TAS1R1","Exc L4-5 RORB GABRG1",-0.119895302057048,1.10673285940202,1.05663957953684,0.304628694920458,0.999997068196745,0.999983379322086,"group_idyes"
"92","ZBTB48","Exc L4-5 RORB GABRG1",-0.0705368596494567,3.60214092035699,1.28001299294253,0.258601341537501,0.999997068196745,0.999983379322086,"group_idyes"
"93","KLHL21","Exc L4-5 RORB GABRG1",0.102745935515965,4.82148531153508,4.39281956823198,0.0367434696733768,0.999997068196745,0.999983379322086,"group_idyes"
"94","PHF13","Exc L4-5 RORB GABRG1",0.0574717801413555,3.05966184284561,0.843009027085147,0.35911283993862,0.999997068196745,0.999983379322086,"group_idyes"
"95","THAP3","Exc L4-5 RORB GABRG1",0.0115296250143249,3.26049793199592,0.0419589151200387,0.952121778881483,0.999997068196745,0.999983379322086,"group_idyes"
"96","DNAJC11","Exc L4-5 RORB GABRG1",-0.00341166686562764,5.72276921634043,0.0110974680986895,0.916157337582268,0.999997068196745,0.999983379322086,"group_idyes"
"97","CAMTA1","Exc L4-5 RORB GABRG1",-0.00716989382540142,9.44653853410735,0.0737169912542463,0.786145412175734,0.999997068196745,0.999983379322086,"group_idyes"
"98","AL512330.1","Exc L4-5 RORB GABRG1",-0.0734796109473892,1.0248239866115,0.183473453714224,0.66864474543061,0.999997068196745,0.999983379322086,"group_idyes"
"99","VAMP3","Exc L4-5 RORB GABRG1",-0.049759102199449,3.5447925142804,0.933068148246281,0.513838124182389,0.999997068196745,0.999983379322086,"group_idyes"
"100","PER3","Exc L4-5 RORB GABRG1",-0.0115876075781382,6.61583174913897,0.0607187311389941,0.805494959683512,0.999997068196745,0.999983379322086,"group_idyes"
"101","UTS2","Exc L4-5 RORB GABRG1",0.170296462230007,-0.0229125587445857,0.893730109796498,0.345061822356494,0.999997068196745,0.999983379322086,"group_idyes"
"102","PARK7","Exc L4-5 RORB GABRG1",0.027885263297665,5.3252852865423,0.101947214382146,0.749678590568331,0.999997068196745,0.999983379322086,"group_idyes"
"103","AL034417.4","Exc L4-5 RORB GABRG1",0.138537644881379,1.31993329463674,1.1217231046287,0.29021221290564,0.999997068196745,0.999983379322086,"group_idyes"
"104","AL034417.3","Exc L4-5 RORB GABRG1",0.126971161176123,0.86092757588557,0.75605951935662,0.385106647131556,0.999997068196745,0.999983379322086,"group_idyes"
"105","ERRFI1","Exc L4-5 RORB GABRG1",0.0306266414082401,4.57280846349783,0.625518321055589,0.756022366532807,0.999997068196745,0.999983379322086,"group_idyes"
"106","AL034417.2","Exc L4-5 RORB GABRG1",0.0369076275736512,2.54189972241519,0.222901966464507,0.637105276829038,0.999997068196745,0.999983379322086,"group_idyes"
"107","SLC45A1","Exc L4-5 RORB GABRG1",-0.0281428431000643,3.94873258372924,0.344288474018499,0.557708365410082,0.999997068196745,0.999983379322086,"group_idyes"
"108","RERE","Exc L4-5 RORB GABRG1",-0.0266784529717076,8.9380120343436,0.897284747098464,0.344105392561461,0.999997068196745,0.999983379322086,"group_idyes"
"109","AL096855.1","Exc L4-5 RORB GABRG1",0.0174789466314681,1.44332889948478,0.0185338720883097,0.891782472926165,0.999997068196745,0.999983379322086,"group_idyes"
"110","ENO1","Exc L4-5 RORB GABRG1",0.0216723107008978,5.96929204277256,0.0813906397249174,0.775575152451226,0.999997068196745,0.999983379322086,"group_idyes"
"111","SLC2A5","Exc L4-5 RORB GABRG1",0.125758376931643,1.19503650335502,1.5141994878637,0.219251210360234,0.999997068196745,0.999983379322086,"group_idyes"
"112","GPR157","Exc L4-5 RORB GABRG1",0.149707186408986,0.874452039464686,1.31559610440015,0.425747583124476,0.999997068196745,0.999983379322086,"group_idyes"
"113","MIR34AHG","Exc L4-5 RORB GABRG1",-0.0157108111108026,3.90855116690984,0.0445745001504807,0.832900160147033,0.999997068196745,0.999983379322086,"group_idyes"
"114","LINC01759","Exc L4-5 RORB GABRG1",-0.201467822773,0.454860411218607,1.57316423997782,0.210509583640185,0.999997068196745,0.999983379322086,"group_idyes"
"115","H6PD","Exc L4-5 RORB GABRG1",-0.0912433104401487,3.8172848140451,2.98558262415468,0.178694352630254,0.999997068196745,0.999983379322086,"group_idyes"
"116","SPSB1","Exc L4-5 RORB GABRG1",-0.152838938304042,1.51610375366365,1.82801603952802,0.177156320171023,0.999997068196745,0.999983379322086,"group_idyes"
"117","SLC25A33","Exc L4-5 RORB GABRG1",-0.00305284194576427,4.09264837656802,0.00382585911479873,0.950711594671283,0.999997068196745,0.999983379322086,"group_idyes"
"118","TMEM201","Exc L4-5 RORB GABRG1",-0.0133388969771251,3.26843839312114,0.0635095963081221,0.876787749534889,0.999997068196745,0.999983379322086,"group_idyes"
"119","PIK3CD","Exc L4-5 RORB GABRG1",-0.0103206809696963,4.25696109069405,0.0369077046797485,0.847754440135886,0.999997068196745,0.999983379322086,"group_idyes"
"120","CLSTN1","Exc L4-5 RORB GABRG1",0.0273217651899775,8.43609429754047,0.760417637006022,0.38374171923365,0.999997068196745,0.999983379322086,"group_idyes"
"121","CTNNBIP1","Exc L4-5 RORB GABRG1",-0.00364481353496803,4.76257285742909,0.0084802379257523,0.926675888466562,0.999997068196745,0.999983379322086,"group_idyes"
"122","LZIC","Exc L4-5 RORB GABRG1",-0.00454215516701953,4.00091259188219,0.0124518440716059,0.911208413964723,0.999997068196745,0.999983379322086,"group_idyes"
"123","NMNAT1","Exc L4-5 RORB GABRG1",-0.0111076612243463,3.99333064852882,0.0391389783036401,0.843278072014516,0.999997068196745,0.999983379322086,"group_idyes"
"124","RBP7","Exc L4-5 RORB GABRG1",-0.138364674501078,0.282038561999564,0.703853314909678,0.4892666062099,0.999997068196745,0.999983379322086,"group_idyes"
"125","UBE4B","Exc L4-5 RORB GABRG1",-0.0351397462142562,7.38817645397876,1.07122725464946,0.301318519391717,0.999997068196745,0.999983379322086,"group_idyes"
"126","KIF1B","Exc L4-5 RORB GABRG1",-0.0125750558427047,8.63761274989764,0.326609508039439,0.567996099134114,0.999997068196745,0.999983379322086,"group_idyes"
"127","AL139424.3","Exc L4-5 RORB GABRG1",-0.00416028245036422,1.11915504818627,0.00104449000158205,0.974234759351064,0.999997068196745,0.999983379322086,"group_idyes"
"128","AL139424.2","Exc L4-5 RORB GABRG1",0.0471405580781777,2.33165259892696,0.392447358848589,0.753804473272908,0.999997068196745,0.999983379322086,"group_idyes"
"129","PGD","Exc L4-5 RORB GABRG1",-0.0511635172580995,3.8034423811351,1.29510131018017,0.25581815881827,0.999997068196745,0.999983379322086,"group_idyes"
"130","CENPS-CORT","Exc L4-5 RORB GABRG1",-0.103447714203618,1.40511712440267,0.94754214558594,0.330957328244516,0.999997068196745,0.999983379322086,"group_idyes"
"131","DFFA","Exc L4-5 RORB GABRG1",0.0437388970188241,4.61233359145995,0.920720261982478,0.337888551176066,0.999997068196745,0.999983379322086,"group_idyes"
"132","PEX14","Exc L4-5 RORB GABRG1",-0.052637895359496,5.79519237458099,3.03808000514368,0.154720667242424,0.999997068196745,0.999983379322086,"group_idyes"
"133","CASZ1","Exc L4-5 RORB GABRG1",0.101331364736398,2.04723644080992,0.869168143364588,0.351770386722736,0.999997068196745,0.999983379322086,"group_idyes"
"134","AL139423.1","Exc L4-5 RORB GABRG1",0.11811630911639,0.690179396945535,0.50305327199819,0.478591194104993,0.999997068196745,0.999983379322086,"group_idyes"
"135","TARDBP","Exc L4-5 RORB GABRG1",-0.151529541047194,0.311233287155809,0.624584751547026,0.429835505344124,0.999997068196745,0.999983379322086,"group_idyes"
"136","AL109811.4","Exc L4-5 RORB GABRG1",-0.0543620204604191,2.45077252067111,0.469455290676047,0.493650465116363,0.999997068196745,0.999983379322086,"group_idyes"
"137","MASP2","Exc L4-5 RORB GABRG1",0.0248216509304449,2.5178289628268,0.0416943231552437,0.838311528227848,0.999997068196745,0.999983379322086,"group_idyes"
"138","SRM","Exc L4-5 RORB GABRG1",0.0134754810941349,4.54374149216988,0.0774727032317342,0.780901528596054,0.999997068196745,0.999983379322086,"group_idyes"
"139","EXOSC10","Exc L4-5 RORB GABRG1",-0.0139085705997328,4.82687675286733,0.132875715180304,0.715669107409077,0.999997068196745,0.999983379322086,"group_idyes"
"140","AL109811.1","Exc L4-5 RORB GABRG1",-0.0585961077080731,2.19467388785317,0.459840948620937,0.901446201235284,0.999997068196745,0.999983379322086,"group_idyes"
"141","MTOR","Exc L4-5 RORB GABRG1",-0.0549893125684306,5.97390452768044,2.50480614148742,0.114321123583608,0.999997068196745,0.999983379322086,"group_idyes"
"142","UBIAD1","Exc L4-5 RORB GABRG1",-0.059368976201241,3.05237077891976,1.00014859031217,0.691988812423906,0.999997068196745,0.999983379322086,"group_idyes"
"143","DISP3","Exc L4-5 RORB GABRG1",0.0100115974969957,4.7265732032517,0.0313036110363175,0.859657840141683,0.999997068196745,0.999983379322086,"group_idyes"
"144","AL031731.1","Exc L4-5 RORB GABRG1",-0.00891603860202632,1.55718481032056,0.00410086627178424,0.948973223043484,0.999997068196745,0.999983379322086,"group_idyes"
"145","FBXO2","Exc L4-5 RORB GABRG1",0.0134287857581473,5.08626220401932,0.0686620196596151,0.793435169525478,0.999997068196745,0.999983379322086,"group_idyes"
"146","FBXO44","Exc L4-5 RORB GABRG1",-0.0429709041873446,5.88045363932102,0.873982474986561,0.350441540682745,0.999997068196745,0.999983379322086,"group_idyes"
"147","FBXO6","Exc L4-5 RORB GABRG1",0.042432305279095,2.47718130379706,0.363710514254487,0.54680804536209,0.999997068196745,0.999983379322086,"group_idyes"
"148","MAD2L2","Exc L4-5 RORB GABRG1",0.0403693742585081,1.81212311126233,0.16459361822659,0.685187550037393,0.999997068196745,0.999983379322086,"group_idyes"
"149","MTHFR","Exc L4-5 RORB GABRG1",0.0313958943046504,4.9229075831599,0.605048155633282,0.557211880548656,0.999997068196745,0.999983379322086,"group_idyes"
"150","CLCN6","Exc L4-5 RORB GABRG1",-0.0347353342094491,4.01825222268269,0.625631985047214,0.832070549336641,0.999997068196745,0.999983379322086,"group_idyes"
"151","NPPA-AS1","Exc L4-5 RORB GABRG1",-0.124957002487283,0.813257002492325,0.774070560607512,0.379509945513228,0.999997068196745,0.999983379322086,"group_idyes"
"152","KIAA2013","Exc L4-5 RORB GABRG1",-0.0203038400054709,3.98940381022433,0.206491304580682,0.649787761787948,0.999997068196745,0.999983379322086,"group_idyes"
"153","PLOD1","Exc L4-5 RORB GABRG1",0.0804806637219338,3.25925575945788,1.70299862630571,0.192676264266895,0.999997068196745,0.999983379322086,"group_idyes"
"154","MFN2","Exc L4-5 RORB GABRG1",-0.0207909901444577,5.25359483597904,0.293572627516853,0.588253798979163,0.999997068196745,0.999983379322086,"group_idyes"
"155","MIIP","Exc L4-5 RORB GABRG1",-0.0609154334442414,2.46293688420291,0.64468955023753,0.422513466981792,0.999997068196745,0.999983379322086,"group_idyes"
"156","TNFRSF8","Exc L4-5 RORB GABRG1",-0.0487185569919611,0.500640509094562,0.0997348931955594,0.752319253367517,0.999997068196745,0.999983379322086,"group_idyes"
"157","VPS13D","Exc L4-5 RORB GABRG1",0.0182061801031781,8.04954298315375,0.279202595364793,0.597529001786251,0.999997068196745,0.999983379322086,"group_idyes"
"158","DHRS3","Exc L4-5 RORB GABRG1",0.104903813069377,1.4634295780384,0.919369143969096,0.338242835062049,0.999997068196745,0.999983379322086,"group_idyes"
"159","PDPN","Exc L4-5 RORB GABRG1",0.015415973365415,3.83315739918531,0.0880614301838776,0.766816404093991,0.999997068196745,0.999983379322086,"group_idyes"
"160","PRDM2","Exc L4-5 RORB GABRG1",-0.0477670188422575,7.51094558416665,2.42455222275595,0.120269562348872,0.999997068196745,0.999983379322086,"group_idyes"
"161","KAZN","Exc L4-5 RORB GABRG1",-0.0223015574370651,10.8577225294905,0.27047998962611,0.603309095060715,0.999997068196745,0.999983379322086,"group_idyes"
"162","KAZN-AS1","Exc L4-5 RORB GABRG1",-0.0703744262962971,1.84245103638985,0.394505899361408,0.53031302405764,0.999997068196745,0.999983379322086,"group_idyes"
"163","TMEM51-AS1","Exc L4-5 RORB GABRG1",-0.10824925016097,0.88216673780135,0.582630267759137,0.44575097823407,0.999997068196745,0.999983379322086,"group_idyes"
"164","TMEM51","Exc L4-5 RORB GABRG1",0.265879740552606,1.14764400317324,3.40589342610189,0.0657321295966219,0.999997068196745,0.999983379322086,"group_idyes"
"165","FHAD1","Exc L4-5 RORB GABRG1",0.0432960118086769,3.83375901154291,0.267443035941551,0.60534936411393,0.999997068196745,0.999983379322086,"group_idyes"
"166","AL031283.2","Exc L4-5 RORB GABRG1",-0.340581427157575,0.07525267991814,2.863861918835,0.0913994023157287,0.999997068196745,0.999983379322086,"group_idyes"
"167","EFHD2","Exc L4-5 RORB GABRG1",0.0656411092897843,5.87042252082245,1.83253947639161,0.17662260420123,0.999997068196745,0.999983379322086,"group_idyes"
"168","CELA2B","Exc L4-5 RORB GABRG1",-0.113989876683161,1.57178302344965,0.720682363333422,0.396448076302748,0.999997068196745,0.999983379322086,"group_idyes"
"169","CASP9","Exc L4-5 RORB GABRG1",-0.0198719146183707,3.77354333114316,0.122131087227222,0.726925757335384,0.999997068196745,0.999983379322086,"group_idyes"
"170","DNAJC16","Exc L4-5 RORB GABRG1",-0.00658837632292194,5.6542800817026,0.0514927499981958,0.820606365753175,0.999997068196745,0.999983379322086,"group_idyes"
"171","AGMAT","Exc L4-5 RORB GABRG1",0.0306565508820402,1.4940277714446,0.1046180976834,0.746532320587052,0.999997068196745,0.999983379322086,"group_idyes"
"172","AL121992.1","Exc L4-5 RORB GABRG1",0.0372476569822832,1.51798853643695,0.153553922698527,0.695378942140196,0.999997068196745,0.999983379322086,"group_idyes"
"173","DDI2","Exc L4-5 RORB GABRG1",-0.00551305209552798,5.57032148204182,0.0266695139737581,0.870361657442415,0.999997068196745,0.999983379322086,"group_idyes"
"174","PLEKHM2","Exc L4-5 RORB GABRG1",-0.00978256217686609,6.18479508754844,0.130892747372031,0.717706818586835,0.999997068196745,0.999983379322086,"group_idyes"
"175","SLC25A34","Exc L4-5 RORB GABRG1",-0.0718815297042748,2.94439343509323,0.933463718681965,0.334571420018021,0.999997068196745,0.999983379322086,"group_idyes"
"176","FBLIM1","Exc L4-5 RORB GABRG1",-0.169181296825151,0.630361972725722,1.29988445632643,0.254943607298895,0.999997068196745,0.999983379322086,"group_idyes"
"177","UQCRHL","Exc L4-5 RORB GABRG1",-0.0873081237760685,3.3327190759149,0.463802354237562,0.49626196470716,0.999997068196745,0.999983379322086,"group_idyes"
"178","AL450998.2","Exc L4-5 RORB GABRG1",-0.0105897005697919,3.19949608112973,0.0281350145954058,0.866879931295927,0.999997068196745,0.999983379322086,"group_idyes"
"179","SPEN","Exc L4-5 RORB GABRG1",0.035694274176171,6.59228255257746,1.08190672426567,0.298924619641184,0.999997068196745,0.999983379322086,"group_idyes"
"180","ZBTB17","Exc L4-5 RORB GABRG1",-0.00500700198910456,3.6954475111849,0.0142383783409102,0.905080416198949,0.999997068196745,0.999983379322086,"group_idyes"
"181","FBXO42","Exc L4-5 RORB GABRG1",0.0097516935563121,6.48803389955151,0.0747682484009175,0.784663402252719,0.999997068196745,0.999983379322086,"group_idyes"
"182","SZRD1","Exc L4-5 RORB GABRG1",0.0349363522114133,3.85883684490801,0.632997912709464,0.426748381096905,0.999997068196745,0.999983379322086,"group_idyes"
"183","SPATA21","Exc L4-5 RORB GABRG1",0.000932525638368582,1.68844370335385,5.26353263407871e-05,0.994215142122058,0.999997068196745,0.999983379322086,"group_idyes"
"184","NECAP2","Exc L4-5 RORB GABRG1",0.0810600305123148,3.06488107811892,1.854717725579,0.186784472654212,0.999997068196745,0.999983379322086,"group_idyes"
"185","LINC01772","Exc L4-5 RORB GABRG1",-0.0945991826253188,1.39365109569352,0.804877382171892,0.370200150107515,0.999997068196745,0.999983379322086,"group_idyes"
"186","AL137802.2","Exc L4-5 RORB GABRG1",0.195470372231464,0.717593780618045,2.0545104650034,0.152568162026958,0.999997068196745,0.999983379322086,"group_idyes"
"187","NBPF1","Exc L4-5 RORB GABRG1",-0.0199233778064509,4.57425750004672,0.117491034953744,0.731958956971235,0.999997068196745,0.999983379322086,"group_idyes"
"188","CROCC","Exc L4-5 RORB GABRG1",-0.00721850008277691,6.46818359365264,0.0246348826674965,0.87536262000428,0.999997068196745,0.999983379322086,"group_idyes"
"189","BX284668.5","Exc L4-5 RORB GABRG1",0.180176014935885,1.32224717929302,1.50656954037453,0.220413788271598,0.999997068196745,0.999983379322086,"group_idyes"
"190","BX284668.6","Exc L4-5 RORB GABRG1",0.204908578583662,0.393623559352147,1.46374052840102,0.22707875064659,0.999997068196745,0.999983379322086,"group_idyes"
"191","AL049569.1","Exc L4-5 RORB GABRG1",-0.0870479955135195,3.24782765584468,0.510081996672881,0.475536440015263,0.999997068196745,0.999983379322086,"group_idyes"
"192","ATP13A2","Exc L4-5 RORB GABRG1",-0.0308394110550429,6.5076921985797,0.803926777637719,0.370482603175414,0.999997068196745,0.999983379322086,"group_idyes"
"193","SDHB","Exc L4-5 RORB GABRG1",0.00640139590556997,5.27622259001658,0.0422376115173526,0.837276204902826,0.999997068196745,0.999983379322086,"group_idyes"
"194","PADI2","Exc L4-5 RORB GABRG1",0.00443493748143932,2.96239305739679,0.00307027890456642,0.955840514761466,0.999997068196745,0.999983379322086,"group_idyes"
"195","PADI4","Exc L4-5 RORB GABRG1",0.0635869237502672,2.14879063994947,0.192598423550741,0.661009067308599,0.999997068196745,0.999983379322086,"group_idyes"
"196","RCC2","Exc L4-5 RORB GABRG1",-0.00768261521350423,4.76272522032782,0.0340769714880772,0.972277378029286,0.999997068196745,0.999983379322086,"group_idyes"
"197","ARHGEF10L","Exc L4-5 RORB GABRG1",-0.0389152748150284,5.09725005475276,0.76126426470327,0.383477360874409,0.999997068196745,0.999983379322086,"group_idyes"
"198","IGSF21","Exc L4-5 RORB GABRG1",-0.0388661053850065,6.80179438307244,0.770999767545339,0.380455961278591,0.999997068196745,0.999983379322086,"group_idyes"
"199","AL591896.1","Exc L4-5 RORB GABRG1",0.00386823311384715,0.488520396692913,0.000924232975952622,0.97576285196253,0.999997068196745,0.999983379322086,"group_idyes"
"200","PAX7","Exc L4-5 RORB GABRG1",-0.10409252658181,1.65714486967338,1.21562117039274,0.270910926785311,0.999997068196745,0.999983379322086,"group_idyes"
"201","IFFO2","Exc L4-5 RORB GABRG1",-0.117001768806789,3.6150852020936,4.04621176948682,0.0449674576373575,0.999997068196745,0.999983379322086,"group_idyes"
"202","UBR4","Exc L4-5 RORB GABRG1",0.0212021256765648,6.5414440849112,0.561303279417817,0.454193433623064,0.999997068196745,0.999983379322086,"group_idyes"
"203","AL035413.1","Exc L4-5 RORB GABRG1",0.0147210504741128,3.9312229337699,0.0596782320086732,0.807135459354922,0.999997068196745,0.999983379322086,"group_idyes"
"204","EMC1","Exc L4-5 RORB GABRG1",0.00467205371376942,4.33370186947108,0.0134125205437435,0.90786161791339,0.999997068196745,0.999983379322086,"group_idyes"
"205","MRTO4","Exc L4-5 RORB GABRG1",-0.0132471450336081,3.90418264748424,0.053934125052377,0.816477257036355,0.999997068196745,0.999983379322086,"group_idyes"
"206","AKR7A3","Exc L4-5 RORB GABRG1",0.0310983658888413,0.811299616408877,0.0762149587689375,0.782642098501675,0.999997068196745,0.999983379322086,"group_idyes"
"207","AKR7A2","Exc L4-5 RORB GABRG1",-0.040900184582683,3.14202644091582,0.466764623036599,0.494890584657076,0.999997068196745,0.999983379322086,"group_idyes"
"208","PQLC2","Exc L4-5 RORB GABRG1",-0.0637703720616434,2.98892426601837,1.09013176588779,0.567972692161139,0.999997068196745,0.999983379322086,"group_idyes"
"209","CAPZB","Exc L4-5 RORB GABRG1",-0.0310674783142078,6.60330229566765,1.44814313674255,0.229566088313507,0.999997068196745,0.999983379322086,"group_idyes"
"210","NBL1","Exc L4-5 RORB GABRG1",0.113725866351753,4.65597042893379,2.08004179091423,0.150049646644671,0.999997068196745,0.999983379322086,"group_idyes"
"211","TMCO4","Exc L4-5 RORB GABRG1",-0.16977914935102,2.23585979692562,2.42588527716347,0.120167993831411,0.999997068196745,0.999983379322086,"group_idyes"
"212","OTUD3","Exc L4-5 RORB GABRG1",-0.0289882790643094,5.20316372733024,0.395209723808102,0.529946627967625,0.999997068196745,0.999983379322086,"group_idyes"
"213","PLA2G2C","Exc L4-5 RORB GABRG1",-0.0892747807852425,0.883753048777821,0.404497482867805,0.525153816142309,0.999997068196745,0.999983379322086,"group_idyes"
"214","UBXN10-AS1","Exc L4-5 RORB GABRG1",-0.00199298582814777,0.565767777165044,0.000419556004580163,0.983668639053561,0.999997068196745,0.999983379322086,"group_idyes"
"215","UBXN10","Exc L4-5 RORB GABRG1",0.0343690803667789,2.41424850569791,0.212974295471495,0.64470691340801,0.999997068196745,0.999983379322086,"group_idyes"
"216","LINC01141","Exc L4-5 RORB GABRG1",0.145095809565557,3.51689321011582,2.43563267169692,0.119428206880935,0.999997068196745,0.999983379322086,"group_idyes"
"217","CAMK2N1","Exc L4-5 RORB GABRG1",0.110019329618679,8.56249346849763,2.45418585613752,0.118034031276825,0.999997068196745,0.999983379322086,"group_idyes"
"218","MUL1","Exc L4-5 RORB GABRG1",0.0217000163548015,3.03736988195048,0.116241135045671,0.792619392696383,0.999997068196745,0.999983379322086,"group_idyes"
"219","FAM43B","Exc L4-5 RORB GABRG1",0.137481496969472,2.92427397831911,3.02200848837243,0.0829417002369438,0.999997068196745,0.999983379322086,"group_idyes"
"220","PINK1","Exc L4-5 RORB GABRG1",0.0762431427794667,5.62495763962764,1.07169510385563,0.301213129204933,0.999997068196745,0.999983379322086,"group_idyes"
"221","PINK1-AS","Exc L4-5 RORB GABRG1",0.0923225980908502,1.12280654330376,0.554664429476323,0.456872732422009,0.999997068196745,0.999983379322086,"group_idyes"
"222","DDOST","Exc L4-5 RORB GABRG1",-0.0137365581572921,3.85147722202552,0.0802697170606458,0.983351448135592,0.999997068196745,0.999983379322086,"group_idyes"
"223","KIF17","Exc L4-5 RORB GABRG1",-0.0742518705217869,4.11379975050834,2.34108697114493,0.126823385791353,0.999997068196745,0.999983379322086,"group_idyes"
"224","SH2D5","Exc L4-5 RORB GABRG1",-0.0204559798321261,4.36610346294259,0.114808192225462,0.734919959069805,0.999997068196745,0.999983379322086,"group_idyes"
"225","HP1BP3","Exc L4-5 RORB GABRG1",0.0418175260102539,7.27358180489203,1.35546541812655,0.24504636555161,0.999997068196745,0.999983379322086,"group_idyes"
"226","EIF4G3","Exc L4-5 RORB GABRG1",-0.027850736238441,9.04103604074035,1.02725880238777,0.311440343233312,0.999997068196745,0.999983379322086,"group_idyes"
"227","ECE1","Exc L4-5 RORB GABRG1",0.0188875954683596,6.22113877815036,0.15519027427635,0.693842133111235,0.999997068196745,0.999983379322086,"group_idyes"
"228","NBPF3","Exc L4-5 RORB GABRG1",0.0291890980121023,3.73670332538625,0.325987709326795,0.56836461927137,0.999997068196745,0.999983379322086,"group_idyes"
"229","ALPL","Exc L4-5 RORB GABRG1",-0.0676436992755343,0.443336670998596,0.184435700618141,0.667829065047394,0.999997068196745,0.999983379322086,"group_idyes"
"230","RAP1GAP","Exc L4-5 RORB GABRG1",-0.040734889893232,6.27663438102891,1.0642485264194,0.302896261514887,0.999997068196745,0.999983379322086,"group_idyes"
"231","USP48","Exc L4-5 RORB GABRG1",0.00625437773244415,6.6788161043228,0.0487232933453312,0.825417010704321,0.999997068196745,0.999983379322086,"group_idyes"
"232","HSPG2","Exc L4-5 RORB GABRG1",-0.0589254343469469,0.686877018401623,0.199335989339192,0.761725973387899,0.999997068196745,0.999983379322086,"group_idyes"
"233","CDC42","Exc L4-5 RORB GABRG1",-0.000644951020994342,5.95332221918818,0.000298537680990015,0.986223599293948,0.999997068196745,0.999983379322086,"group_idyes"
"234","WNT4","Exc L4-5 RORB GABRG1",0.0999170274812462,0.750480837690072,0.438992182942917,0.508006003914464,0.999997068196745,0.999983379322086,"group_idyes"
"235","ZBTB40","Exc L4-5 RORB GABRG1",0.0321894380696541,4.69602228658972,0.518875118458021,0.471759328298828,0.999997068196745,0.999983379322086,"group_idyes"
"236","EPHA8","Exc L4-5 RORB GABRG1",-0.0871059218575939,1.02373546230443,0.449120890228399,0.503154774287531,0.999997068196745,0.999983379322086,"group_idyes"
"237","C1QB","Exc L4-5 RORB GABRG1",-0.153053726853288,0.117934968546632,0.454870659328834,0.500436037929639,0.999997068196745,0.999983379322086,"group_idyes"
"238","EPHB2","Exc L4-5 RORB GABRG1",-0.0474522454574572,5.39661810087704,0.84994736769876,0.35714499217244,0.999997068196745,0.999983379322086,"group_idyes"
"239","TEX46","Exc L4-5 RORB GABRG1",0.115374479639433,1.08515533714583,1.03549461504603,0.309511108233694,0.999997068196745,0.999983379322086,"group_idyes"
"240","KDM1A","Exc L4-5 RORB GABRG1",-0.0163459399444905,6.12760426250722,0.229960514083719,0.631825589222716,0.999997068196745,0.999983379322086,"group_idyes"
"241","AL031428.1","Exc L4-5 RORB GABRG1",-0.0444129652766802,3.88370712035966,0.597322347054772,0.440076052084405,0.999997068196745,0.999983379322086,"group_idyes"
"242","LUZP1","Exc L4-5 RORB GABRG1",-0.0273359460050192,6.98361291701136,0.983993858785725,0.321838233344473,0.999997068196745,0.999983379322086,"group_idyes"
"243","LINC01355","Exc L4-5 RORB GABRG1",0.0337407730334878,3.44807102268175,0.375155554907072,0.540569219198511,0.999997068196745,0.999983379322086,"group_idyes"
"244","AL109936.6","Exc L4-5 RORB GABRG1",0.036652730347867,1.07873453345961,0.0670786534149905,0.795777251608064,0.999997068196745,0.999983379322086,"group_idyes"
"245","HNRNPR","Exc L4-5 RORB GABRG1",0.0237502093816332,5.8035752279746,0.438209653565953,0.508384150039184,0.999997068196745,0.999983379322086,"group_idyes"
"246","ZNF436","Exc L4-5 RORB GABRG1",0.0592013404608403,2.6874228707224,0.649847947723378,0.687480359481285,0.999997068196745,0.999983379322086,"group_idyes"
"247","ZNF436-AS1","Exc L4-5 RORB GABRG1",0.00217686503071601,3.79279171479013,0.000596393388296648,0.980529326029788,0.999997068196745,0.999983379322086,"group_idyes"
"248","TCEA3","Exc L4-5 RORB GABRG1",0.181550783963348,2.03634485664827,2.40818761601226,0.121524227452239,0.999997068196745,0.999983379322086,"group_idyes"
"249","ASAP3","Exc L4-5 RORB GABRG1",0.097550165201271,3.65327963862828,1.34003465258349,0.247746012450514,0.999997068196745,0.999983379322086,"group_idyes"
"250","MDS2","Exc L4-5 RORB GABRG1",0.11071335541182,0.336286661294239,0.471493156667659,0.492714691556847,0.999997068196745,0.999983379322086,"group_idyes"
"251","RPL11","Exc L4-5 RORB GABRG1",0.0343371323626342,5.17868170548962,0.0972318823751507,0.755346029007018,0.999997068196745,0.999983379322086,"group_idyes"
"252","ELOA","Exc L4-5 RORB GABRG1",0.0220824252446047,4.41774842770215,0.260367854945615,0.61016016458298,0.999997068196745,0.999983379322086,"group_idyes"
"253","ELOA-AS1","Exc L4-5 RORB GABRG1",0.0229532835187877,4.6385528875507,0.272761372026743,0.973244261106245,0.999997068196745,0.999983379322086,"group_idyes"
"254","PITHD1","Exc L4-5 RORB GABRG1",0.0236154507931425,5.70944829442593,0.109156950674574,0.741285824466578,0.999997068196745,0.999983379322086,"group_idyes"
"255","LYPLA2","Exc L4-5 RORB GABRG1",-0.0175501352660239,3.31097081772632,0.0765612558463727,0.782161330923201,0.999997068196745,0.999983379322086,"group_idyes"
"256","GALE","Exc L4-5 RORB GABRG1",-0.0199865920543827,3.81809659811812,0.135747991309931,0.712747865487144,0.999997068196745,0.999983379322086,"group_idyes"
"257","HMGCL","Exc L4-5 RORB GABRG1",-0.0445308342393376,3.51024623577664,0.387600057999942,0.533932441361773,0.999997068196745,0.999983379322086,"group_idyes"
"258","FUCA1","Exc L4-5 RORB GABRG1",-0.0586264274463628,3.43005559084362,1.61052590058249,0.205185104581438,0.999997068196745,0.999983379322086,"group_idyes"
"259","PNRC2","Exc L4-5 RORB GABRG1",0.0155001056510408,3.52738052346463,0.0483065016844526,0.826153300466529,0.999997068196745,0.999983379322086,"group_idyes"
"260","SRSF10","Exc L4-5 RORB GABRG1",-0.0111484055425326,6.12011962934377,0.106275019202511,0.744602737910715,0.999997068196745,0.999983379322086,"group_idyes"
"261","IFNLR1","Exc L4-5 RORB GABRG1",-0.0598228215988102,3.15219298283119,0.952646550788007,0.627961884915689,0.999997068196745,0.999983379322086,"group_idyes"
"262","STPG1","Exc L4-5 RORB GABRG1",0.0164337477212828,4.89275154704868,0.256363378331298,0.749317657126567,0.999997068196745,0.999983379322086,"group_idyes"
"263","NIPAL3","Exc L4-5 RORB GABRG1",-0.0353063418868678,5.64517405342682,1.10958314141904,0.292833683013464,0.999997068196745,0.999983379322086,"group_idyes"
"264","NCMAP","Exc L4-5 RORB GABRG1",-0.16108450060433,0.694230741100782,1.49310888094837,0.222482867884527,0.999997068196745,0.999983379322086,"group_idyes"
"265","SRRM1","Exc L4-5 RORB GABRG1",0.021416436219541,6.21723285145087,0.420830446688997,0.516909980668252,0.999997068196745,0.999983379322086,"group_idyes"
"266","CLIC4","Exc L4-5 RORB GABRG1",-0.0920741839656633,1.81126160079871,0.843128127124218,0.359078934976354,0.999997068196745,0.999983379322086,"group_idyes"
"267","SYF2","Exc L4-5 RORB GABRG1",0.0262425694453516,4.3245287766004,0.153924121580408,0.695030438836719,0.999997068196745,0.999983379322086,"group_idyes"
"268","RSRP1","Exc L4-5 RORB GABRG1",0.00957595747023393,7.54166664922184,0.0736199812920404,0.786282742483068,0.999997068196745,0.999983379322086,"group_idyes"
"269","RHD","Exc L4-5 RORB GABRG1",0.240688888752419,2.38279155752752,2.53956970221564,0.111846220974672,0.999997068196745,0.999983379322086,"group_idyes"
"270","TMEM50A","Exc L4-5 RORB GABRG1",-0.00302309450934216,5.48433732834259,0.00593269577212465,0.938644496225142,0.999997068196745,0.999983379322086,"group_idyes"
"271","RHCE","Exc L4-5 RORB GABRG1",-0.0790956474911028,2.38504477997986,0.715367360081668,0.39819344100737,0.999997068196745,0.999983379322086,"group_idyes"
"272","MACO1","Exc L4-5 RORB GABRG1",0.000391685810059251,6.83871797353692,0.000252648656790013,0.987326457785072,0.999997068196745,0.999983379322086,"group_idyes"
"273","LDLRAP1","Exc L4-5 RORB GABRG1",-0.0515972662084294,2.76843046319546,0.464488261310875,0.495943854752896,0.999997068196745,0.999983379322086,"group_idyes"
"274","AL606491.1","Exc L4-5 RORB GABRG1",-0.0541515343406838,1.25268857894513,0.177290033896135,0.673947680899075,0.999997068196745,0.999983379322086,"group_idyes"
"275","MAN1C1","Exc L4-5 RORB GABRG1",-0.0318740699236007,6.70292739427729,0.455301819088129,0.500233176156974,0.999997068196745,0.999983379322086,"group_idyes"
"276","AL031280.1","Exc L4-5 RORB GABRG1",-0.087092841506178,2.32451740083373,0.485919264219548,0.486174287648968,0.999997068196745,0.999983379322086,"group_idyes"
"277","SELENON","Exc L4-5 RORB GABRG1",-0.0476903959751282,2.71270996694137,0.40581441816635,0.524480497537813,0.999997068196745,0.999983379322086,"group_idyes"
"278","MTFR1L","Exc L4-5 RORB GABRG1",0.0227533353321725,4.66936585525448,0.284676595659332,0.991873691591071,0.999997068196745,0.999983379322086,"group_idyes"
"279","AUNIP","Exc L4-5 RORB GABRG1",-0.0146231184908158,2.69417534861775,0.0494535643090517,0.824134860257329,0.999997068196745,0.999983379322086,"group_idyes"
"280","AL033528.2","Exc L4-5 RORB GABRG1",-0.0542240469112037,1.60296702046189,0.185055549640817,0.667304963733719,0.999997068196745,0.999983379322086,"group_idyes"
"281","PAQR7","Exc L4-5 RORB GABRG1",-0.155618461727728,2.95981350445824,3.75094018061227,0.0535096999634591,0.999997068196745,0.999983379322086,"group_idyes"
"282","STMN1","Exc L4-5 RORB GABRG1",-0.0411986689010624,8.16511951335013,0.193917231523559,0.659923447700646,0.999997068196745,0.999983379322086,"group_idyes"
"283","PAFAH2","Exc L4-5 RORB GABRG1",0.0664481375797517,1.86441927173659,0.586510126448062,0.963713154651127,0.999997068196745,0.999983379322086,"group_idyes"
"284","EXTL1","Exc L4-5 RORB GABRG1",-0.0166430068704551,4.96728316028431,0.104717755934143,0.746415787301471,0.999997068196745,0.999983379322086,"group_idyes"
"285","PDIK1L","Exc L4-5 RORB GABRG1",0.027160503812696,4.26423672675302,0.444575040589262,0.902315294710481,0.999997068196745,0.999983379322086,"group_idyes"
"286","FAM110D","Exc L4-5 RORB GABRG1",-0.00638500695662799,0.596528058349568,0.00222771183730733,0.96237939998786,0.999997068196745,0.999983379322086,"group_idyes"
"287","ZNF593","Exc L4-5 RORB GABRG1",0.0288544477092808,2.00451775488302,0.0575803519947661,0.810489790621687,0.999997068196745,0.999983379322086,"group_idyes"
"288","CNKSR1","Exc L4-5 RORB GABRG1",-0.169429854811264,2.36272533674514,4.14434792313949,0.0424584104196909,0.999997068196745,0.999983379322086,"group_idyes"
"289","CEP85","Exc L4-5 RORB GABRG1",0.00116779237101009,3.87547570046983,0.000571222895890981,0.980944550209573,0.999997068196745,0.999983379322086,"group_idyes"
"290","SH3BGRL3","Exc L4-5 RORB GABRG1",-0.00100472301531683,3.33924701088231,3.713760591957e-05,0.995140829811552,0.999997068196745,0.999983379322086,"group_idyes"
"291","UBXN11","Exc L4-5 RORB GABRG1",-0.0384997141542474,3.23948845483363,0.329623516333016,0.566216364099308,0.999997068196745,0.999983379322086,"group_idyes"
"292","DHDDS","Exc L4-5 RORB GABRG1",-0.0772610294266378,4.78964754999199,2.0540874443794,0.15261029310483,0.999997068196745,0.999983379322086,"group_idyes"
"293","AL513365.2","Exc L4-5 RORB GABRG1",-0.0848066488366421,1.43814849266923,0.72413811560097,0.935149466990982,0.999997068196745,0.999983379322086,"group_idyes"
"294","HMGN2","Exc L4-5 RORB GABRG1",0.0451502729150473,4.47746845975041,0.531990157402106,0.466215160604559,0.999997068196745,0.999983379322086,"group_idyes"
"295","RPS6KA1","Exc L4-5 RORB GABRG1",-0.134541386938034,2.32464727725551,4.8793265878864,0.0277689641104473,0.999997068196745,0.999983379322086,"group_idyes"
"296","ARID1A","Exc L4-5 RORB GABRG1",-0.0295425248157569,6.3120911510597,0.971071191271082,0.325032482469549,0.999997068196745,0.999983379322086,"group_idyes"
"297","PIGV","Exc L4-5 RORB GABRG1",0.153597051721033,2.3493038110941,4.52601510099951,0.0340187493157612,0.999997068196745,0.999983379322086,"group_idyes"
"298","ZDHHC18","Exc L4-5 RORB GABRG1",0.00433601048906003,4.79244779074947,0.0120083431675009,0.912797556604927,0.999997068196745,0.999983379322086,"group_idyes"
"299","GPN2","Exc L4-5 RORB GABRG1",-0.0520904660837587,3.97888459368591,1.99997726743647,0.374139342885677,0.999997068196745,0.999983379322086,"group_idyes"
"300","GPATCH3","Exc L4-5 RORB GABRG1",0.0551783539843512,2.74448034640617,0.652475920112163,0.419727999190496,0.999997068196745,0.999983379322086,"group_idyes"
"301","NUDC","Exc L4-5 RORB GABRG1",-0.0193301567747474,5.50228776687734,0.103427614640202,0.7479291541605,0.999997068196745,0.999983379322086,"group_idyes"
"302","KDF1","Exc L4-5 RORB GABRG1",0.112154025273293,1.48569118410027,0.99001675836897,0.320363656727653,0.999997068196745,0.999983379322086,"group_idyes"
"303","TRNP1","Exc L4-5 RORB GABRG1",0.0122945376267275,4.41929617518356,0.0580386458477621,0.809751566353437,0.999997068196745,0.999983379322086,"group_idyes"
"304","TENT5B","Exc L4-5 RORB GABRG1",-0.0587520125915153,0.376333759414896,0.10824434111984,0.742330871367205,0.999997068196745,0.999983379322086,"group_idyes"
"305","SLC9A1","Exc L4-5 RORB GABRG1",0.0038925080563675,5.07845099523928,0.01034262135532,0.919048831653445,0.999997068196745,0.999983379322086,"group_idyes"
"306","AL590640.1","Exc L4-5 RORB GABRG1",-0.198387187107248,0.194777359404244,1.20492088606797,0.273026888256181,0.999997068196745,0.999983379322086,"group_idyes"
"307","WDTC1","Exc L4-5 RORB GABRG1",-0.0185861090006898,5.50085557108461,0.417310472261065,0.518667249693278,0.999997068196745,0.999983379322086,"group_idyes"
"308","TMEM222","Exc L4-5 RORB GABRG1",0.0210051800662281,4.79938864376657,0.281987471161645,0.59570792282052,0.999997068196745,0.999983379322086,"group_idyes"
"309","SYTL1","Exc L4-5 RORB GABRG1",0.164256166535315,1.76254141232925,2.68793896287818,0.101927908398048,0.999997068196745,0.999983379322086,"group_idyes"
"310","MAP3K6","Exc L4-5 RORB GABRG1",0.0124658548729655,2.4326735192967,0.024677009018526,0.875256973971792,0.999997068196745,0.999983379322086,"group_idyes"
"311","GPR3","Exc L4-5 RORB GABRG1",-0.209012842489789,0.828221521882847,1.19715198518774,0.274576198181853,0.999997068196745,0.999983379322086,"group_idyes"
"312","WASF2","Exc L4-5 RORB GABRG1",0.0218763886941567,5.02083989161416,0.302540149192872,0.582613515304187,0.999997068196745,0.999983379322086,"group_idyes"
"313","AHDC1","Exc L4-5 RORB GABRG1",0.00649035458693046,6.18026815091245,0.031056804087923,0.860206443659249,0.999997068196745,0.999983379322086,"group_idyes"
"314","IFI6","Exc L4-5 RORB GABRG1",-0.398341453365699,3.47747219075583,4.10688745560521,0.043398249859938,0.999997068196745,0.999983379322086,"group_idyes"
"315","FAM76A","Exc L4-5 RORB GABRG1",-0.0695833561779319,4.32766856120318,2.04877891157694,0.153140126844494,0.999997068196745,0.999983379322086,"group_idyes"
"316","STX12","Exc L4-5 RORB GABRG1",-0.0463456421335445,6.2725286132379,3.4571278668477,0.0637428261353534,0.999997068196745,0.999983379322086,"group_idyes"
"317","PPP1R8","Exc L4-5 RORB GABRG1",-0.00560636578777027,4.15774550875542,0.0198136589686473,0.888132422799488,0.999997068196745,0.999983379322086,"group_idyes"
"318","THEMIS2","Exc L4-5 RORB GABRG1",0.127273230565983,2.15070144013128,2.02636987226052,0.155399913080422,0.999997068196745,0.999983379322086,"group_idyes"
"319","RPA2","Exc L4-5 RORB GABRG1",0.0167483475672921,4.05282896411429,0.125488900660836,0.723350009481495,0.999997068196745,0.999983379322086,"group_idyes"
"320","XKR8","Exc L4-5 RORB GABRG1",0.0650392779997688,0.883977511106671,0.26277143622425,0.608516674984782,0.999997068196745,0.999983379322086,"group_idyes"
"321","EYA3","Exc L4-5 RORB GABRG1",0.0288894122859016,6.13422002491558,0.843117114161417,0.540377799493927,0.999997068196745,0.999983379322086,"group_idyes"
"322","PTAFR","Exc L4-5 RORB GABRG1",-0.275856302727541,0.889543270592362,4.27147636642407,0.0394257865700635,0.999997068196745,0.999983379322086,"group_idyes"
"323","DNAJC8","Exc L4-5 RORB GABRG1",-0.0446936271021918,5.05377529365902,0.87134791453967,0.351167877713799,0.999997068196745,0.999983379322086,"group_idyes"
"324","ATP5IF1","Exc L4-5 RORB GABRG1",-0.0855067090072442,5.87484121620755,0.83787599945715,0.360578299349168,0.999997068196745,0.999983379322086,"group_idyes"
"325","AL353622.1","Exc L4-5 RORB GABRG1",-0.114143889349932,1.08979928647614,0.531145145960974,0.466569208996088,0.999997068196745,0.999983379322086,"group_idyes"
"326","SESN2","Exc L4-5 RORB GABRG1",0.00469337401361808,3.57042197164483,0.0053074744160778,0.941961419757782,0.999997068196745,0.999983379322086,"group_idyes"
"327","MED18","Exc L4-5 RORB GABRG1",0.156195760893693,1.3067417670752,2.04483974191157,0.153534639523892,0.999997068196745,0.999983379322086,"group_idyes"
"328","PHACTR4","Exc L4-5 RORB GABRG1",-0.028191264498195,6.5093754678253,0.663709629692164,0.415757348482958,0.999997068196745,0.999983379322086,"group_idyes"
"329","RCC1","Exc L4-5 RORB GABRG1",-0.0136200143103636,4.71854697338141,0.0959337172800221,0.75693269657741,0.999997068196745,0.999983379322086,"group_idyes"
"330","TRNAU1AP","Exc L4-5 RORB GABRG1",-0.0284958374114886,5.73105285096488,0.726579657393774,0.394524414951318,0.999997068196745,0.999983379322086,"group_idyes"
"331","SNHG12","Exc L4-5 RORB GABRG1",0.0231517768151958,2.4392083884219,0.110508412866292,0.739747103981082,0.999997068196745,0.999983379322086,"group_idyes"
"332","TAF12","Exc L4-5 RORB GABRG1",-0.0315993990543017,4.04285171980152,0.482160016564752,0.48786462987941,0.999997068196745,0.999983379322086,"group_idyes"
"333","LINC01715","Exc L4-5 RORB GABRG1",0.240281913438081,1.08379216454477,3.88600937371851,0.0494062155149317,0.999997068196745,0.999983379322086,"group_idyes"
"334","GMEB1","Exc L4-5 RORB GABRG1",-0.0137422863645653,4.27311396698075,0.119800415246238,0.729440258001869,0.999997068196745,0.999983379322086,"group_idyes"
"335","YTHDF2","Exc L4-5 RORB GABRG1",0.000546081938986769,5.28168548150719,0.000245223418439729,0.98751406617323,0.999997068196745,0.999983379322086,"group_idyes"
"336","OPRD1","Exc L4-5 RORB GABRG1",0.00242939826207745,5.8829052252592,0.00243681419877064,0.960654755364619,0.999997068196745,0.999983379322086,"group_idyes"
"337","EPB41","Exc L4-5 RORB GABRG1",0.0100174449375756,7.43205222703416,0.0669996834261767,0.795894831134792,0.999997068196745,0.999983379322086,"group_idyes"
"338","TMEM200B","Exc L4-5 RORB GABRG1",0.0712054662711956,0.992636291951589,0.331466105018062,0.835671502319315,0.999997068196745,0.999983379322086,"group_idyes"
"339","AL357500.1","Exc L4-5 RORB GABRG1",-0.237116534269104,0.367354809593563,2.18719595729933,0.217566002156239,0.999997068196745,0.999983379322086,"group_idyes"
"340","SRSF4","Exc L4-5 RORB GABRG1",0.0165816810072075,6.63489177114435,0.283262112884226,0.594878257240542,0.999997068196745,0.999983379322086,"group_idyes"
"341","MECR","Exc L4-5 RORB GABRG1",-0.0644951881648656,4.91553409739714,2.15694311156021,0.142743932021573,0.999997068196745,0.999983379322086,"group_idyes"
"342","PTPRU","Exc L4-5 RORB GABRG1",0.0273801076343497,4.8832577751606,0.275439393624485,0.600008379809084,0.999997068196745,0.999983379322086,"group_idyes"
"343","MATN1","Exc L4-5 RORB GABRG1",-0.174471656701067,0.69206361776253,0.946573171245288,0.33120439813296,0.999997068196745,0.999983379322086,"group_idyes"
"344","MATN1-AS1","Exc L4-5 RORB GABRG1",-0.147534395554192,0.716522504530084,1.02107497780522,0.312899237594511,0.999997068196745,0.999983379322086,"group_idyes"
"345","SDC3","Exc L4-5 RORB GABRG1",-0.0447656885033198,4.25574025528034,0.773747746868252,0.37960923769939,0.999997068196745,0.999983379322086,"group_idyes"
"346","PUM1","Exc L4-5 RORB GABRG1",0.0322189161461361,7.41427616931993,1.64396296682139,0.200554649766212,0.999997068196745,0.999983379322086,"group_idyes"
"347","NKAIN1","Exc L4-5 RORB GABRG1",-0.0589225998575328,4.24792956940319,0.678719333172633,0.410538480962978,0.999997068196745,0.999983379322086,"group_idyes"
"348","SNRNP40","Exc L4-5 RORB GABRG1",-0.0482673395945853,4.90106926326407,2.04858578972276,0.153159441335754,0.999997068196745,0.999983379322086,"group_idyes"
"349","ZCCHC17","Exc L4-5 RORB GABRG1",-0.0563384336597514,5.61531898146395,2.62587378108932,0.10595391321962,0.999997068196745,0.999983379322086,"group_idyes"
"350","AL451070.1","Exc L4-5 RORB GABRG1",0.0776285907649455,3.89862344768703,0.851583548248954,0.356683103635186,0.999997068196745,0.999983379322086,"group_idyes"
"351","FABP3","Exc L4-5 RORB GABRG1",-0.0830113400916365,3.60911898790328,1.31704916963636,0.251835445552113,0.999997068196745,0.999983379322086,"group_idyes"
"352","PEF1","Exc L4-5 RORB GABRG1",-0.00593243348529208,4.48340101483104,0.00682526353475085,0.934200516993242,0.999997068196745,0.999983379322086,"group_idyes"
"353","COL16A1","Exc L4-5 RORB GABRG1",-0.0526394068440863,4.51736437760604,0.653817379990447,0.419250884036022,0.999997068196745,0.999983379322086,"group_idyes"
"354","ADGRB2","Exc L4-5 RORB GABRG1",-0.0416141332713891,6.12373612402342,0.998470927405947,0.318308830859274,0.999997068196745,0.999983379322086,"group_idyes"
"355","AL136115.2","Exc L4-5 RORB GABRG1",0.115090544669384,2.18518609329002,1.05663329490466,0.30463013113124,0.999997068196745,0.999983379322086,"group_idyes"
"356","PTP4A2","Exc L4-5 RORB GABRG1",-0.061432802007156,3.32196283864394,0.85017070381641,0.357081896631316,0.999997068196745,0.999983379322086,"group_idyes"
"357","KHDRBS1","Exc L4-5 RORB GABRG1",-0.0133658771296289,6.27797590724649,0.280672752831008,0.596566197626705,0.999997068196745,0.999983379322086,"group_idyes"
"358","AL445248.1","Exc L4-5 RORB GABRG1",0.00757583450083619,2.44735695333714,0.00842804728951493,0.926901232279914,0.999997068196745,0.999983379322086,"group_idyes"
"359","TMEM39B","Exc L4-5 RORB GABRG1",0.00792247972777065,4.71661823917909,0.0392047842893495,0.843148091473586,0.999997068196745,0.999983379322086,"group_idyes"
"360","KPNA6","Exc L4-5 RORB GABRG1",0.0275649113468769,6.55626251120616,1.2976442392983,0.255352748224718,0.999997068196745,0.999983379322086,"group_idyes"
"361","TXLNA","Exc L4-5 RORB GABRG1",0.0357543823682021,4.18213206269339,0.871453134011078,0.351138829760494,0.999997068196745,0.999983379322086,"group_idyes"
"362","CCDC28B","Exc L4-5 RORB GABRG1",-0.0330186805269725,2.50938900961316,0.157535288990937,0.691656007821915,0.999997068196745,0.999983379322086,"group_idyes"
"363","AL049795.1","Exc L4-5 RORB GABRG1",-0.00517093160940384,0.999545152882268,0.00153488536153463,0.968769103601089,0.999997068196745,0.999983379322086,"group_idyes"
"364","IQCC","Exc L4-5 RORB GABRG1",0.0410125995249908,1.58556148929291,0.17892411743068,0.672535807350197,0.999997068196745,0.999983379322086,"group_idyes"
"365","DCDC2B","Exc L4-5 RORB GABRG1",-0.0913682641278892,1.28171209593209,0.403460389835408,0.52568514273386,0.999997068196745,0.999983379322086,"group_idyes"
"366","TMEM234","Exc L4-5 RORB GABRG1",-0.0363775149041347,2.72861476654643,0.335312219826864,0.56288654648493,0.999997068196745,0.999983379322086,"group_idyes"
"367","EIF3I","Exc L4-5 RORB GABRG1",0.00535966710527897,3.91354110616739,0.0041829225897677,0.948465947437313,0.999997068196745,0.999983379322086,"group_idyes"
"368","HDAC1","Exc L4-5 RORB GABRG1",0.0154537699776234,1.39141334918517,0.021915527046439,0.942765703407874,0.999997068196745,0.999983379322086,"group_idyes"
"369","MARCKSL1","Exc L4-5 RORB GABRG1",0.0319926056060576,4.724908869925,0.153809254013819,0.6951385227623,0.999997068196745,0.999983379322086,"group_idyes"
"370","TSSK3","Exc L4-5 RORB GABRG1",-0.0708970420663787,2.15181704599153,0.667983603070671,0.414261332647913,0.999997068196745,0.999983379322086,"group_idyes"
"371","FAM229A","Exc L4-5 RORB GABRG1",-0.00241975248645368,2.69202665788619,0.000815183961265911,0.977237156549349,0.999997068196745,0.999983379322086,"group_idyes"
"372","BSDC1","Exc L4-5 RORB GABRG1",-0.0123839868743829,6.1594239705571,0.174919701918918,0.676009368295559,0.999997068196745,0.999983379322086,"group_idyes"
"373","AL033529.1","Exc L4-5 RORB GABRG1",0.133373298885282,1.92841111353388,1.54119761366316,0.215195981982963,0.999997068196745,0.999983379322086,"group_idyes"
"374","ZBTB8A","Exc L4-5 RORB GABRG1",-0.0349819106577271,2.8594962342263,0.253827046619687,0.796613414332838,0.999997068196745,0.999983379322086,"group_idyes"
"375","ZBTB8OS","Exc L4-5 RORB GABRG1",-0.000700412685460742,6.64048150298808,0.000259434601052994,0.987157399426725,0.999997068196745,0.999983379322086,"group_idyes"
"376","RBBP4","Exc L4-5 RORB GABRG1",-0.0272206797938101,6.07945056964324,1.32508214491788,0.250396896761915,0.999997068196745,0.999983379322086,"group_idyes"
"377","SYNC","Exc L4-5 RORB GABRG1",-0.0728165444689996,3.85454305504438,0.501646333055145,0.479206518415086,0.999997068196745,0.999983379322086,"group_idyes"
"378","KIAA1522","Exc L4-5 RORB GABRG1",0.0458706622731766,4.57678188792293,1.04524367259955,0.780345993842227,0.999997068196745,0.999983379322086,"group_idyes"
"379","YARS","Exc L4-5 RORB GABRG1",-0.0241029013627284,5.96079552818136,0.362242176376204,0.547618125636192,0.999997068196745,0.999983379322086,"group_idyes"
"380","S100PBP","Exc L4-5 RORB GABRG1",-0.000592867984357913,4.57463876374282,0.000163509579334185,0.989804287322082,0.999997068196745,0.999983379322086,"group_idyes"
"381","FNDC5","Exc L4-5 RORB GABRG1",0.0172864783194369,4.73847557702123,0.0916074341717458,0.762307069929555,0.999997068196745,0.999983379322086,"group_idyes"
"382","HPCA","Exc L4-5 RORB GABRG1",0.0110505361699003,6.49214939250053,0.0201412565873915,0.887217566317136,0.999997068196745,0.999983379322086,"group_idyes"
"383","TMEM54","Exc L4-5 RORB GABRG1",0.136244533341967,2.76382471624381,1.94658109762006,0.163760590877765,0.999997068196745,0.999983379322086,"group_idyes"
"384","RNF19B","Exc L4-5 RORB GABRG1",-0.0653316126039675,3.70817774097846,1.67037895899123,0.196983476679722,0.999997068196745,0.999983379322086,"group_idyes"
"385","AL020995.1","Exc L4-5 RORB GABRG1",0.00265267831250202,2.28890434963476,0.000504300312022546,0.982095348351632,0.999997068196745,0.999983379322086,"group_idyes"
"386","AK2","Exc L4-5 RORB GABRG1",-0.0129498974453983,4.33652566538296,0.107132677789499,0.743610477308133,0.999997068196745,0.999983379322086,"group_idyes"
"387","AZIN2","Exc L4-5 RORB GABRG1",-0.0429454612493292,5.15574063600094,1.34873886596128,0.24621873401412,0.999997068196745,0.999983379322086,"group_idyes"
"388","TRIM62","Exc L4-5 RORB GABRG1",-0.137962456771284,1.07730983673559,1.43068169207636,0.240722505047808,0.999997068196745,0.999983379322086,"group_idyes"
"389","AL662907.3","Exc L4-5 RORB GABRG1",0.0486836174003999,3.05247717421843,0.37142636750702,0.542587537656503,0.999997068196745,0.999983379322086,"group_idyes"
"390","ZNF362","Exc L4-5 RORB GABRG1",-0.0221603636839367,5.15540921268109,0.46767377842636,0.4944709722185,0.999997068196745,0.999983379322086,"group_idyes"
"391","A3GALT2","Exc L4-5 RORB GABRG1",-0.0348281621834948,1.44897636619331,0.0960370812021111,0.820275286958181,0.999997068196745,0.999983379322086,"group_idyes"
"392","AL513327.1","Exc L4-5 RORB GABRG1",-0.0903755051202878,2.4883398832074,0.819496646615981,0.365893923204842,0.999997068196745,0.999983379322086,"group_idyes"
"393","PHC2","Exc L4-5 RORB GABRG1",-0.0292860114360284,6.47516945922757,1.05694768559573,0.304558295006686,0.999997068196745,0.999983379322086,"group_idyes"
"394","AL513327.2","Exc L4-5 RORB GABRG1",0.0790678992603236,1.55786621821039,0.513854047891217,0.473910150866351,0.999997068196745,0.999983379322086,"group_idyes"
"395","ZSCAN20","Exc L4-5 RORB GABRG1",-0.00148616795222663,1.89502234730398,0.000247299388507406,0.987461331273967,0.999997068196745,0.999983379322086,"group_idyes"
"396","CSMD2","Exc L4-5 RORB GABRG1",-0.0236879917771877,8.373434390942,0.224122955484803,0.636184738068396,0.999997068196745,0.999983379322086,"group_idyes"
"397","SMIM12","Exc L4-5 RORB GABRG1",0.0300711701450937,5.54989942515468,0.63351947030499,0.426558104617332,0.999997068196745,0.999983379322086,"group_idyes"
"398","DLGAP3","Exc L4-5 RORB GABRG1",-0.0404748346341917,5.9708199690052,0.75676509034488,0.384885199418402,0.999997068196745,0.999983379322086,"group_idyes"
"399","AC114490.3","Exc L4-5 RORB GABRG1",-0.0426439644282207,2.40294937535292,0.172669793052239,0.677981556806367,0.999997068196745,0.999983379322086,"group_idyes"
"400","ZMYM1","Exc L4-5 RORB GABRG1",-0.0104052767827548,3.69405486136213,0.0462299811022284,0.85541292460512,0.999997068196745,0.999983379322086,"group_idyes"
"401","AL590434.1","Exc L4-5 RORB GABRG1",0.180201598301348,1.8453844594488,1.34279265468044,0.247260826982896,0.999997068196745,0.999983379322086,"group_idyes"
"402","SFPQ","Exc L4-5 RORB GABRG1",0.000448484640321458,6.90267017022109,0.000127168742059925,0.99100836203136,0.999997068196745,0.999983379322086,"group_idyes"
"403","ZMYM4","Exc L4-5 RORB GABRG1",0.0126543314454646,7.34217486772487,0.329935772665873,0.566032599824085,0.999997068196745,0.999983379322086,"group_idyes"
"404","ZMYM4-AS1","Exc L4-5 RORB GABRG1",-0.0440864204497993,1.59134077956338,0.0887668367540851,0.765911586885087,0.999997068196745,0.999983379322086,"group_idyes"
"405","KIAA0319L","Exc L4-5 RORB GABRG1",-0.0355445073365545,6.96943337242051,1.02350343418372,0.312325250235764,0.999997068196745,0.999983379322086,"group_idyes"
"406","NCDN","Exc L4-5 RORB GABRG1",0.135561956020501,7.56561113953962,2.5056606718497,0.114259566097563,0.999997068196745,0.999983379322086,"group_idyes"
"407","AC004865.2","Exc L4-5 RORB GABRG1",0.138258350575515,1.63676937479266,1.60013842746557,0.20664925130556,0.999997068196745,0.999983379322086,"group_idyes"
"408","TFAP2E","Exc L4-5 RORB GABRG1",-0.103134945223652,4.39964282121531,2.15619691483317,0.142812860707357,0.999997068196745,0.999983379322086,"group_idyes"
"409","PSMB2","Exc L4-5 RORB GABRG1",0.00809581763277468,5.08091999182919,0.0443273266124215,0.833357262015665,0.999997068196745,0.999983379322086,"group_idyes"
"410","C1orf216","Exc L4-5 RORB GABRG1",0.0943172172648558,4.87385806230557,1.72298330623811,0.190091964019911,0.999997068196745,0.999983379322086,"group_idyes"
"411","CLSPN","Exc L4-5 RORB GABRG1",0.052231586069669,2.13845901338984,0.367464200394223,0.544747238757745,0.999997068196745,0.999983379322086,"group_idyes"
"412","AGO4","Exc L4-5 RORB GABRG1",-0.0409659096465411,6.66711176009296,1.67617965895418,0.196209332176882,0.999997068196745,0.999983379322086,"group_idyes"
"413","AGO1","Exc L4-5 RORB GABRG1",-0.00411058902738213,5.89117137195763,0.016468647178516,0.967984892268724,0.999997068196745,0.999983379322086,"group_idyes"
"414","AGO3","Exc L4-5 RORB GABRG1",-0.0206209675370795,7.32225381153214,0.444375919887189,0.505417469386909,0.999997068196745,0.999983379322086,"group_idyes"
"415","AL138787.2","Exc L4-5 RORB GABRG1",-0.0262286497638614,2.02524001535194,0.0517462836957101,0.820172835406893,0.999997068196745,0.999983379322086,"group_idyes"
"416","ADPRHL2","Exc L4-5 RORB GABRG1",-0.0142733564993119,3.20701202926328,0.0647429220782513,0.799286725353851,0.999997068196745,0.999983379322086,"group_idyes"
"417","TRAPPC3","Exc L4-5 RORB GABRG1",0.0125869980674784,4.67210211226339,0.0655690622124562,0.798037839749527,0.999997068196745,0.999983379322086,"group_idyes"
"418","MAP7D1","Exc L4-5 RORB GABRG1",0.0223797882275141,5.21880035739548,0.204168946286104,0.651631256546066,0.999997068196745,0.999983379322086,"group_idyes"
"419","THRAP3","Exc L4-5 RORB GABRG1",-0.00630544507876908,6.33734556084908,0.0729806352244841,0.854672839762631,0.999997068196745,0.999983379322086,"group_idyes"
"420","SH3D21","Exc L4-5 RORB GABRG1",-0.0432655946429392,1.78658192365789,0.230379873232162,0.64582908034698,0.999997068196745,0.999983379322086,"group_idyes"
"421","AL591845.1","Exc L4-5 RORB GABRG1",-0.00231856835999508,3.36847300217597,0.00167639966893335,0.967361890642712,0.999997068196745,0.999983379322086,"group_idyes"
"422","STK40","Exc L4-5 RORB GABRG1",-0.0372252282119152,5.16051877665546,0.658833075327233,0.417474107537649,0.999997068196745,0.999983379322086,"group_idyes"
"423","LSM10","Exc L4-5 RORB GABRG1",-0.0556186481171284,3.67392202660213,0.395406900332383,0.529844063707186,0.999997068196745,0.999983379322086,"group_idyes"
"424","OSCP1","Exc L4-5 RORB GABRG1",0.00199588319421689,4.17854461292759,0.00253819280505864,0.992228783795096,0.999997068196745,0.999983379322086,"group_idyes"
"425","MRPS15","Exc L4-5 RORB GABRG1",0.00428449766902109,3.53649976058123,0.00463485060586794,0.945757527769421,0.999997068196745,0.999983379322086,"group_idyes"
"426","GRIK3","Exc L4-5 RORB GABRG1",-0.249873771202083,1.44415560096782,2.4114872521447,0.121270079419814,0.999997068196745,0.999983379322086,"group_idyes"
"427","MEAF6","Exc L4-5 RORB GABRG1",0.011122288890431,5.36253764034341,0.0639170337576226,0.800543740764693,0.999997068196745,0.999983379322086,"group_idyes"
"428","SNIP1","Exc L4-5 RORB GABRG1",0.0121747740773933,3.30112142561368,0.0495130595953095,0.82403084221984,0.999997068196745,0.999983379322086,"group_idyes"
"429","DNALI1","Exc L4-5 RORB GABRG1",0.0437739050245374,2.84265244799208,0.332452573816614,0.564555660719275,0.999997068196745,0.999983379322086,"group_idyes"
"430","GNL2","Exc L4-5 RORB GABRG1",0.0180857012570026,3.06749283370899,0.132769888885581,0.746690746898216,0.999997068196745,0.999983379322086,"group_idyes"
"431","C1orf109","Exc L4-5 RORB GABRG1",0.0547930629963805,3.56369700911935,1.06912435280056,0.301792819370895,0.999997068196745,0.999983379322086,"group_idyes"
"432","CDCA8","Exc L4-5 RORB GABRG1",0.255246966488134,0.870515237523981,4.2799165695355,0.0392327038118424,0.999997068196745,0.999983379322086,"group_idyes"
"433","EPHA10","Exc L4-5 RORB GABRG1",-0.00917497050814766,4.34588434857929,0.0180115638781437,0.893308935890279,0.999997068196745,0.999983379322086,"group_idyes"
"434","MANEAL","Exc L4-5 RORB GABRG1",0.0441699331041567,3.33374068322613,0.517692110420086,0.472264654091235,0.999997068196745,0.999983379322086,"group_idyes"
"435","YRDC","Exc L4-5 RORB GABRG1",-0.00110009351362682,2.48949858258625,0.000211135725110922,0.988414270259363,0.999997068196745,0.999983379322086,"group_idyes"
"436","C1orf122","Exc L4-5 RORB GABRG1",-0.0055834767799951,4.11262934139474,0.00493554938088409,0.944028422373623,0.999997068196745,0.999983379322086,"group_idyes"
"437","MTF1","Exc L4-5 RORB GABRG1",0.00733206423716618,4.44830303767076,0.0400871670821265,0.841416038017244,0.999997068196745,0.999983379322086,"group_idyes"
"438","AL929472.2","Exc L4-5 RORB GABRG1",-0.146013012025846,2.00530697504563,0.912787660009553,0.339975772202002,0.999997068196745,0.999983379322086,"group_idyes"
"439","INPP5B","Exc L4-5 RORB GABRG1",-0.038624368336714,6.00854299402188,0.774306643755646,0.379437353484057,0.999997068196745,0.999983379322086,"group_idyes"
"440","SF3A3","Exc L4-5 RORB GABRG1",0.0241964807067477,4.74570310519847,0.493350580542519,0.482861219585859,0.999997068196745,0.999983379322086,"group_idyes"
"441","FHL3","Exc L4-5 RORB GABRG1",0.144978111455094,1.55283381726981,1.86529841748721,0.17281241908371,0.999997068196745,0.999983379322086,"group_idyes"
"442","UTP11","Exc L4-5 RORB GABRG1",0.0865511211743148,3.25857870853191,2.23009599502379,0.225440167542433,0.999997068196745,0.999983379322086,"group_idyes"
"443","AL139158.2","Exc L4-5 RORB GABRG1",0.0380866259860982,0.591517448478487,0.0618864584018418,0.803671526914822,0.999997068196745,0.999983379322086,"group_idyes"
"444","RRAGC","Exc L4-5 RORB GABRG1",0.0497303489110032,3.93295988588226,0.672032990995219,0.412851277188267,0.999997068196745,0.999983379322086,"group_idyes"
"445","AL139260.1","Exc L4-5 RORB GABRG1",0.0102371690758174,7.00794338252407,0.038952026096033,0.843647962396589,0.999997068196745,0.999983379322086,"group_idyes"
"446","RHBDL2","Exc L4-5 RORB GABRG1",-0.0363414054459384,3.63486423507552,0.143968780528294,0.704576296639968,0.999997068196745,0.999983379322086,"group_idyes"
"447","AKIRIN1","Exc L4-5 RORB GABRG1",-0.0402280679152543,5.25300345610458,1.42264225215185,0.233704072794782,0.999997068196745,0.999983379322086,"group_idyes"
"448","NDUFS5","Exc L4-5 RORB GABRG1",-0.0678196710553235,5.26170025181536,0.351059788336907,0.553861892620614,0.999997068196745,0.999983379322086,"group_idyes"
"449","MACF1","Exc L4-5 RORB GABRG1",0.00525409178046624,8.94606625710503,0.0238753961892572,0.877283406449486,0.999997068196745,0.999983379322086,"group_idyes"
"450","AL442071.1","Exc L4-5 RORB GABRG1",0.0244088489227842,0.909327074561608,0.0387956328420281,0.843958100108391,0.999997068196745,0.999983379322086,"group_idyes"
"451","BMP8A","Exc L4-5 RORB GABRG1",-0.0138702045235279,2.18227352555656,0.0210355644970723,0.884758063804074,0.999997068196745,0.999983379322086,"group_idyes"
"452","PABPC4","Exc L4-5 RORB GABRG1",0.0145784739703075,4.01073527311765,0.0971973416695474,0.755388095006332,0.999997068196745,0.999983379322086,"group_idyes"
"453","NT5C1A","Exc L4-5 RORB GABRG1",0.0118842445391728,1.84620691497617,0.0161689545883772,0.898882408568676,0.999997068196745,0.999983379322086,"group_idyes"
"454","HPCAL4","Exc L4-5 RORB GABRG1",0.0484289140434708,6.21575813398809,0.790894722069775,0.374385437467602,0.999997068196745,0.999983379322086,"group_idyes"
"455","PPIE","Exc L4-5 RORB GABRG1",-0.0189156922829394,4.46390393590528,0.226105742410207,0.634696378515512,0.999997068196745,0.999983379322086,"group_idyes"
"456","AL033527.5","Exc L4-5 RORB GABRG1",-0.12198948467931,1.2561790804078,1.26648730833983,0.305610508473845,0.999997068196745,0.999983379322086,"group_idyes"
"457","AL033527.4","Exc L4-5 RORB GABRG1",-0.128493046987747,0.506563212495744,0.555373080701668,0.456585548828477,0.999997068196745,0.999983379322086,"group_idyes"
"458","TRIT1","Exc L4-5 RORB GABRG1",-0.00224839929955288,5.03977387268653,0.00532845488122775,0.941847023271692,0.999997068196745,0.999983379322086,"group_idyes"
"459","MYCL","Exc L4-5 RORB GABRG1",0.0519172991857542,0.450785389163987,0.134020651839118,0.714500399745343,0.999997068196745,0.999983379322086,"group_idyes"
"460","MFSD2A","Exc L4-5 RORB GABRG1",0.0439428346565607,1.53513798460227,0.0895790329756807,0.764874627490628,0.999997068196745,0.999983379322086,"group_idyes"
"461","CAP1","Exc L4-5 RORB GABRG1",0.0155059958999473,5.0161601347931,0.110114934002055,0.740194020103183,0.999997068196745,0.999983379322086,"group_idyes"
"462","PPT1","Exc L4-5 RORB GABRG1",-0.038549480457114,5.16903756176086,0.753058981018562,0.386050415175687,0.999997068196745,0.999983379322086,"group_idyes"
"463","RLF","Exc L4-5 RORB GABRG1",0.00251182144209156,6.77432162797177,0.00942519991641039,0.922710662854522,0.999997068196745,0.999983379322086,"group_idyes"
"464","AL050341.2","Exc L4-5 RORB GABRG1",0.0561725622188431,2.57623326307499,0.401847077705185,0.526513588551237,0.999997068196745,0.999983379322086,"group_idyes"
"465","ZMPSTE24","Exc L4-5 RORB GABRG1",0.0229741250332707,4.24221071871912,0.397510631950391,0.528751993824938,0.999997068196745,0.999983379322086,"group_idyes"
"466","SMAP2","Exc L4-5 RORB GABRG1",0.0018697667256582,6.64434815045922,0.00306352183503916,0.955889084837155,0.999997068196745,0.999983379322086,"group_idyes"
"467","AL031985.4","Exc L4-5 RORB GABRG1",-0.0314654515495338,1.0912002945945,0.0541344140827585,0.816142917675102,0.999997068196745,0.999983379322086,"group_idyes"
"468","ZFP69B","Exc L4-5 RORB GABRG1",-0.00384065967408855,3.25407636792449,0.00358681839014711,0.952274299324377,0.999997068196745,0.999983379322086,"group_idyes"
"469","ZFP69","Exc L4-5 RORB GABRG1",-0.0103474048204789,0.664678123167097,0.00487501678194057,0.94437215383446,0.999997068196745,0.999983379322086,"group_idyes"
"470","AL603839.3","Exc L4-5 RORB GABRG1",0.0431759580899189,3.6846650346037,0.464018464533834,0.496161699928015,0.999997068196745,0.999983379322086,"group_idyes"
"471","EXO5","Exc L4-5 RORB GABRG1",0.00993512446997701,1.96575794771302,0.0160925649309685,0.899120269730263,0.999997068196745,0.999983379322086,"group_idyes"
"472","ZNF684","Exc L4-5 RORB GABRG1",-0.0973105251590669,2.93492816787278,1.64257338972252,0.200744608620341,0.999997068196745,0.999983379322086,"group_idyes"
"473","RIMS3","Exc L4-5 RORB GABRG1",0.0590973659913958,6.86871736130865,1.93966226792171,0.164509511163877,0.999997068196745,0.999983379322086,"group_idyes"
"474","AL031289.1","Exc L4-5 RORB GABRG1",0.00504628999583917,0.871335781151724,0.00153557537222907,0.968762088035818,0.999997068196745,0.999983379322086,"group_idyes"
"475","NFYC-AS1","Exc L4-5 RORB GABRG1",0.0361343769261326,1.30919951744767,0.127480268235833,0.721254780398785,0.999997068196745,0.999983379322086,"group_idyes"
"476","NFYC","Exc L4-5 RORB GABRG1",-0.0251107458447776,5.86479808494914,0.744059061213515,0.38890107304154,0.999997068196745,0.999983379322086,"group_idyes"
"477","KCNQ4","Exc L4-5 RORB GABRG1",0.013379917919918,3.39641665462823,0.0489950783334097,0.824938662547419,0.999997068196745,0.999983379322086,"group_idyes"
"478","CITED4","Exc L4-5 RORB GABRG1",0.185767695756407,3.35246608187632,4.00125160863699,0.0461688708956512,0.999997068196745,0.999983379322086,"group_idyes"
"479","CTPS1","Exc L4-5 RORB GABRG1",-0.00409240065126834,3.9679178988366,0.0085249702834655,0.926483303248266,0.999997068196745,0.999983379322086,"group_idyes"
"480","SLFNL1-AS1","Exc L4-5 RORB GABRG1",-0.133845926285333,2.05617473275042,1.89226430009328,0.169747091821795,0.999997068196745,0.999983379322086,"group_idyes"
"481","SLFNL1","Exc L4-5 RORB GABRG1",0.0683860590950714,2.20531180984234,0.490668237298237,0.484052758757076,0.999997068196745,0.999983379322086,"group_idyes"
"482","SCMH1","Exc L4-5 RORB GABRG1",-0.0350300379053824,7.53595047620101,0.91067843626162,0.340533672652425,0.999997068196745,0.999983379322086,"group_idyes"
"483","AC093151.3","Exc L4-5 RORB GABRG1",-0.0593285386661939,3.33618909385867,0.521418900560037,0.470675701858617,0.999997068196745,0.999983379322086,"group_idyes"
"484","FOXO6","Exc L4-5 RORB GABRG1",0.0101054689503231,0.766590541571357,0.00564090789142918,0.940169428672824,0.999997068196745,0.999983379322086,"group_idyes"
"485","HIVEP3","Exc L4-5 RORB GABRG1",-0.0488729147981559,7.76705012196604,1.26311663896224,0.261762740610383,0.999997068196745,0.999983379322086,"group_idyes"
"486","FOXJ3","Exc L4-5 RORB GABRG1",-0.00823156561081889,6.89337848058439,0.187874766525568,0.664934271265868,0.999997068196745,0.999983379322086,"group_idyes"
"487","RIMKLA","Exc L4-5 RORB GABRG1",0.0024926513255266,5.35744914351082,0.00471823933797864,0.945272508640196,0.999997068196745,0.999983379322086,"group_idyes"
"488","ZMYND12","Exc L4-5 RORB GABRG1",0.00535566288139541,1.95249186226636,0.00332017964347376,0.954080436451309,0.999997068196745,0.999983379322086,"group_idyes"
"489","PPCS","Exc L4-5 RORB GABRG1",-0.0480163652639617,3.17063865652744,0.550906784250692,0.458400315002118,0.999997068196745,0.999983379322086,"group_idyes"
"490","CCDC30","Exc L4-5 RORB GABRG1",-0.00834934778757595,7.38852116063817,0.0545805249323827,0.815400567940868,0.999997068196745,0.999983379322086,"group_idyes"
"491","PPIH","Exc L4-5 RORB GABRG1",-0.0685310950603314,3.86191709516991,2.1971662115794,0.13908332436077,0.999997068196745,0.999983379322086,"group_idyes"
"492","AC098484.2","Exc L4-5 RORB GABRG1",0.116429708304832,0.663880296613158,0.720482032113013,0.396513660969861,0.999997068196745,0.999983379322086,"group_idyes"
"493","YBX1","Exc L4-5 RORB GABRG1",0.037290282508463,4.05019569568115,0.729740582937128,0.802694854098973,0.999997068196745,0.999983379322086,"group_idyes"
"494","P3H1","Exc L4-5 RORB GABRG1",-0.0145265529203586,4.16565284750902,0.156087621154664,0.693003345491692,0.999997068196745,0.999983379322086,"group_idyes"
"495","AC098484.3","Exc L4-5 RORB GABRG1",0.124890590824625,1.89417289142118,2.5099981288344,0.113947675468608,0.999997068196745,0.999983379322086,"group_idyes"
"496","TMEM269","Exc L4-5 RORB GABRG1",0.00744571967361414,0.678333007861856,0.00271061676192019,0.958505050690215,0.999997068196745,0.999983379322086,"group_idyes"
"497","SVBP","Exc L4-5 RORB GABRG1",-0.033089824991397,3.64252514374638,0.242638864456677,0.62258763918878,0.999997068196745,0.999983379322086,"group_idyes"
"498","ERMAP","Exc L4-5 RORB GABRG1",0.0843063081945687,1.89399918881437,1.10300199048791,0.294267483026855,0.999997068196745,0.999983379322086,"group_idyes"
"499","ZNF691","Exc L4-5 RORB GABRG1",-0.0354934008007054,1.44724673483587,0.125568676938683,0.798631461711621,0.999997068196745,0.999983379322086,"group_idyes"
"500","SLC2A1","Exc L4-5 RORB GABRG1",0.0231160761104848,2.6410803860588,0.129627854975139,0.798519197016349,0.999997068196745,0.999983379322086,"group_idyes"
"501","SLC2A1-AS1","Exc L4-5 RORB GABRG1",-0.108290864343575,3.78318603312805,3.47506338961759,0.063061752956897,0.999997068196745,0.999983379322086,"group_idyes"
"502","EBNA1BP2","Exc L4-5 RORB GABRG1",-0.0401283290530101,3.50208581758607,0.273189596600259,0.601500994590287,0.999997068196745,0.999983379322086,"group_idyes"
"503","CFAP57","Exc L4-5 RORB GABRG1",-0.0230402844962153,2.17339895130947,0.0793214159571118,0.778370546081677,0.999997068196745,0.999983379322086,"group_idyes"
"504","ELOVL1","Exc L4-5 RORB GABRG1",0.00782293732763222,2.54181323022311,0.0147796343339805,0.903301841563252,0.999997068196745,0.999983379322086,"group_idyes"
"505","MED8","Exc L4-5 RORB GABRG1",0.0224485869822465,3.46721105833201,0.154682728564268,0.694317798572685,0.999997068196745,0.999983379322086,"group_idyes"
"506","SZT2","Exc L4-5 RORB GABRG1",-0.0378770258301124,5.1469742468718,0.755614123666216,0.385246530730287,0.999997068196745,0.999983379322086,"group_idyes"
"507","HYI","Exc L4-5 RORB GABRG1",-0.0751199740950587,2.1107102933269,0.701290601060993,0.402870276933286,0.999997068196745,0.999983379322086,"group_idyes"
"508","PTPRF","Exc L4-5 RORB GABRG1",-0.0285027730816945,5.64545301315016,0.707509967658575,0.40079416841595,0.999997068196745,0.999983379322086,"group_idyes"
"509","KDM4A-AS1","Exc L4-5 RORB GABRG1",-0.120239308936934,1.88802047930165,1.39031957116356,0.239079809589598,0.999997068196745,0.999983379322086,"group_idyes"
"510","ST3GAL3","Exc L4-5 RORB GABRG1",-0.0360854934219009,2.76825967216286,0.18347998894152,0.668639197096952,0.999997068196745,0.999983379322086,"group_idyes"
"511","AL451062.1","Exc L4-5 RORB GABRG1",-0.102952598994734,1.33666104522327,0.627879613721274,0.428622477430263,0.999997068196745,0.999983379322086,"group_idyes"
"512","AL357079.1","Exc L4-5 RORB GABRG1",-0.0688854722218736,1.93994589929167,0.409878000553266,0.522412525519058,0.999997068196745,0.999983379322086,"group_idyes"
"513","IPO13","Exc L4-5 RORB GABRG1",0.0387429953341974,3.40465952432117,0.489518914540466,0.774679987416358,0.999997068196745,0.999983379322086,"group_idyes"
"514","DPH2","Exc L4-5 RORB GABRG1",0.0294896313035787,2.50082588016051,0.168252103349174,0.681898233668999,0.999997068196745,0.999983379322086,"group_idyes"
"515","ATP6V0B","Exc L4-5 RORB GABRG1",0.0213066362803594,5.9482136337054,0.0743960420912578,0.785186832336788,0.999997068196745,0.999983379322086,"group_idyes"
"516","B4GALT2","Exc L4-5 RORB GABRG1",0.0114726243693125,4.09345783974867,0.0572950735882107,0.810950890078665,0.999997068196745,0.999983379322086,"group_idyes"
"517","CCDC24","Exc L4-5 RORB GABRG1",-0.103977814419586,4.68928847771953,3.30987015329729,0.0696420750151929,0.999997068196745,0.999983379322086,"group_idyes"
"518","SLC6A9","Exc L4-5 RORB GABRG1",0.050324556955167,2.45426899029509,0.398939799288095,0.932716989170142,0.999997068196745,0.999983379322086,"group_idyes"
"519","AL139220.2","Exc L4-5 RORB GABRG1",0.16022724032594,0.807156256226923,1.54002658055703,0.395952396172951,0.999997068196745,0.999983379322086,"group_idyes"
"520","DMAP1","Exc L4-5 RORB GABRG1",0.0413842042510841,4.31361558930064,0.860910291421732,0.354065803737857,0.999997068196745,0.999983379322086,"group_idyes"
"521","ERI3","Exc L4-5 RORB GABRG1",-0.0172843665251452,6.25047239097211,0.281345806959131,0.59612649308698,0.999997068196745,0.999983379322086,"group_idyes"
"522","RNF220","Exc L4-5 RORB GABRG1",0.0204131341630344,5.34235708336893,0.15291484264518,0.695981711269154,0.999997068196745,0.999983379322086,"group_idyes"
"523","TMEM53","Exc L4-5 RORB GABRG1",-0.0700049627416179,2.72597692318978,1.06343642572604,0.303080554080876,0.999997068196745,0.999983379322086,"group_idyes"
"524","ARMH1","Exc L4-5 RORB GABRG1",-0.0376700798717896,4.71562811091276,0.447855654804721,0.50375641822461,0.999997068196745,0.999983379322086,"group_idyes"
"525","KIF2C","Exc L4-5 RORB GABRG1",0.0686207824321587,1.62261838313668,0.589003149721486,0.653398488418647,0.999997068196745,0.999983379322086,"group_idyes"
"526","AL592166.1","Exc L4-5 RORB GABRG1",-0.0497885303607696,1.44609038874882,0.222951614569004,0.637067785598606,0.999997068196745,0.999983379322086,"group_idyes"
"527","RPS8","Exc L4-5 RORB GABRG1",0.0310359798403602,5.59009874680877,0.11708817475592,0.732401159486589,0.999997068196745,0.999983379322086,"group_idyes"
"528","BEST4","Exc L4-5 RORB GABRG1",-0.0323200983553826,1.25260270049876,0.0657733097693753,0.797730370793588,0.999997068196745,0.999983379322086,"group_idyes"
"529","PLK3","Exc L4-5 RORB GABRG1",-0.0197390545851458,2.10810956263228,0.0380941971163546,0.845357144308635,0.999997068196745,0.999983379322086,"group_idyes"
"530","BTBD19","Exc L4-5 RORB GABRG1",-0.0184481634623657,2.43932427144019,0.0514702579422599,0.820644880232299,0.999997068196745,0.999983379322086,"group_idyes"
"531","PTCH2","Exc L4-5 RORB GABRG1",-0.0515164724086131,5.39701559902348,1.29635353963493,0.255588843016385,0.999997068196745,0.999983379322086,"group_idyes"
"532","EIF2B3","Exc L4-5 RORB GABRG1",-0.0230827791661932,5.90151457730177,0.391308984298603,0.53198303043112,0.999997068196745,0.999983379322086,"group_idyes"
"533","HECTD3","Exc L4-5 RORB GABRG1",-0.0358517013382785,3.01449694819307,0.362445786682421,0.547505660552564,0.999997068196745,0.999983379322086,"group_idyes"
"534","UROD","Exc L4-5 RORB GABRG1",-0.0345640908378455,3.72999430140999,0.188105564963195,0.664741129798898,0.999997068196745,0.999983379322086,"group_idyes"
"535","ZSWIM5","Exc L4-5 RORB GABRG1",-0.0504316767536568,6.76407830780695,2.42431121971348,0.120287935112903,0.999997068196745,0.999983379322086,"group_idyes"
"536","MUTYH","Exc L4-5 RORB GABRG1",0.0121784647214336,2.97871644971349,0.0412542884551565,0.900613308193554,0.999997068196745,0.999983379322086,"group_idyes"
"537","TOE1","Exc L4-5 RORB GABRG1",-0.0144420776437103,2.18913335906533,0.0331941970389654,0.855527423812194,0.999997068196745,0.999983379322086,"group_idyes"
"538","TESK2","Exc L4-5 RORB GABRG1",0.00244036447330475,5.61232671421033,0.0021733674855593,0.962840767360327,0.999997068196745,0.999983379322086,"group_idyes"
"539","CCDC163","Exc L4-5 RORB GABRG1",-0.200306785260823,0.743232325847246,1.13404950456251,0.287581095547163,0.999997068196745,0.999983379322086,"group_idyes"
"540","MMACHC","Exc L4-5 RORB GABRG1",-0.041283621995117,2.5321625858254,0.426633855235499,0.67027400025009,0.999997068196745,0.999983379322086,"group_idyes"
"541","PRDX1","Exc L4-5 RORB GABRG1",0.0255266218674733,5.27578488433781,0.0755688937411581,0.783542189483287,0.999997068196745,0.999983379322086,"group_idyes"
"542","AKR1A1","Exc L4-5 RORB GABRG1",-0.0280886546518555,3.80641672143781,0.228464368366668,0.632936287182381,0.999997068196745,0.999983379322086,"group_idyes"
"543","NASP","Exc L4-5 RORB GABRG1",-0.0366869669739062,5.57006296810262,1.2131206922384,0.271403543385552,0.999997068196745,0.999983379322086,"group_idyes"
"544","GPBP1L1","Exc L4-5 RORB GABRG1",-0.0152617500278994,6.24612798697649,0.23351388245725,0.629205372246693,0.999997068196745,0.999983379322086,"group_idyes"
"545","TMEM69","Exc L4-5 RORB GABRG1",0.0482256621453744,3.83387494893222,1.12544879231955,0.517606916089469,0.999997068196745,0.999983379322086,"group_idyes"
"546","IPP","Exc L4-5 RORB GABRG1",0.054981364048786,3.56860424196804,0.930613104041851,0.335309629251539,0.999997068196745,0.999983379322086,"group_idyes"
"547","MAST2","Exc L4-5 RORB GABRG1",-0.0535171508242308,5.86404215129323,3.1691985837981,0.0758283722534287,0.999997068196745,0.999983379322086,"group_idyes"
"548","PIK3R3","Exc L4-5 RORB GABRG1",0.0371791254839691,3.49860408788676,0.243538581672141,0.621943551251313,0.999997068196745,0.999983379322086,"group_idyes"
"549","AL358075.4","Exc L4-5 RORB GABRG1",0.0155838813872247,1.94604468652543,0.0230822195146349,0.879323095918232,0.999997068196745,0.999983379322086,"group_idyes"
"550","TSPAN1","Exc L4-5 RORB GABRG1",0.100665832856636,2.11483349824623,0.885068471079451,0.347407524168028,0.999997068196745,0.999983379322086,"group_idyes"
"551","POMGNT1","Exc L4-5 RORB GABRG1",-0.00982075735769077,4.61114512894472,0.0490848474666029,0.824780972610726,0.999997068196745,0.999983379322086,"group_idyes"
"552","LURAP1","Exc L4-5 RORB GABRG1",-0.0598487781663862,4.27340059661937,1.32236611205626,0.250882150345811,0.999997068196745,0.999983379322086,"group_idyes"
"553","RAD54L","Exc L4-5 RORB GABRG1",0.0176279773493177,2.16492094418832,0.0326218511419313,0.856764725403723,0.999997068196745,0.999983379322086,"group_idyes"
"554","LRRC41","Exc L4-5 RORB GABRG1",0.012360404608579,5.61554034490748,0.180237544938137,0.671406487195065,0.999997068196745,0.999983379322086,"group_idyes"
"555","UQCRH","Exc L4-5 RORB GABRG1",-0.0265959735500716,6.73844129930257,0.103666712846852,0.747647902717806,0.999997068196745,0.999983379322086,"group_idyes"
"556","NSUN4","Exc L4-5 RORB GABRG1",-0.0455603715683526,4.4242891345139,1.39724974715296,0.23791466370168,0.999997068196745,0.999983379322086,"group_idyes"
"557","FAAH","Exc L4-5 RORB GABRG1",-0.0390763273481387,4.34582524269824,0.819378690830775,0.36592838816089,0.999997068196745,0.999983379322086,"group_idyes"
"558","AL136373.1","Exc L4-5 RORB GABRG1",0.128650251335474,1.68085940859132,1.28700143651819,0.257307620231971,0.999997068196745,0.999983379322086,"group_idyes"
"559","MKNK1-AS1","Exc L4-5 RORB GABRG1",0.0378213644518575,1.60910263781856,0.114389930635708,0.735385051927481,0.999997068196745,0.999983379322086,"group_idyes"
"560","MKNK1","Exc L4-5 RORB GABRG1",-0.00221108916889548,6.53359567915359,0.00364671763390936,0.951877925293238,0.999997068196745,0.999983379322086,"group_idyes"
"561","ATPAF1","Exc L4-5 RORB GABRG1",0.00232776683133411,5.93261478075394,0.00554964163030829,0.940654508132373,0.999997068196745,0.999983379322086,"group_idyes"
"562","EFCAB14","Exc L4-5 RORB GABRG1",-0.0135330320122687,4.76653400538026,0.170786546886398,0.892663387012432,0.999997068196745,0.999983379322086,"group_idyes"
"563","CYP4X1","Exc L4-5 RORB GABRG1",-0.0281341918358538,5.24641264952614,0.487040085556028,0.485672191826897,0.999997068196745,0.999983379322086,"group_idyes"
"564","CYP4Z1","Exc L4-5 RORB GABRG1",-0.0134140067673909,3.60328841704352,0.0569337135493361,0.811536707409028,0.999997068196745,0.999983379322086,"group_idyes"
"565","CYP4A22-AS1","Exc L4-5 RORB GABRG1",0.0642762053325616,4.54737395608048,1.0585130725727,0.304200941632153,0.999997068196745,0.999983379322086,"group_idyes"
"566","STIL","Exc L4-5 RORB GABRG1",0.098586109367947,2.66026434471092,2.06574349809413,0.151454220644243,0.999997068196745,0.999983379322086,"group_idyes"
"567","CMPK1","Exc L4-5 RORB GABRG1",0.0380330572601515,5.27606535377201,1.04608822872851,0.307052402536672,0.999997068196745,0.999983379322086,"group_idyes"
"568","LINC01389","Exc L4-5 RORB GABRG1",0.074898152674255,1.42357269307671,0.274879378695232,0.600379189751934,0.999997068196745,0.999983379322086,"group_idyes"
"569","TRABD2B","Exc L4-5 RORB GABRG1",0.0105134796700468,0.618879581354069,0.00535445154101356,0.941705589498299,0.999997068196745,0.999983379322086,"group_idyes"
"570","AL356289.1","Exc L4-5 RORB GABRG1",-0.050604515908399,0.375059374760417,0.0834325820470132,0.772854043756372,0.999997068196745,0.999983379322086,"group_idyes"
"571","SPATA6","Exc L4-5 RORB GABRG1",-0.0368491071833576,5.82211745719572,0.743755294371002,0.388997813461227,0.999997068196745,0.999983379322086,"group_idyes"
"572","AGBL4","Exc L4-5 RORB GABRG1",-0.0206379928679539,10.737834708694,0.229854604245196,0.631904067405043,0.999997068196745,0.999983379322086,"group_idyes"
"573","AC099788.1","Exc L4-5 RORB GABRG1",-0.0888284299033618,2.3535884577978,0.443730157404187,0.505726757699593,0.999997068196745,0.999983379322086,"group_idyes"
"574","ELAVL4","Exc L4-5 RORB GABRG1",0.0261892220536472,8.01716286256072,0.629031608604115,0.428199584242002,0.999997068196745,0.999983379322086,"group_idyes"
"575","AL596275.2","Exc L4-5 RORB GABRG1",-0.114182895236967,0.865902051782782,0.641926076345355,0.423508724705875,0.999997068196745,0.999983379322086,"group_idyes"
"576","FAF1","Exc L4-5 RORB GABRG1",-0.0292101749562366,8.55678540360821,0.772012555714488,0.380143584227295,0.999997068196745,0.999983379322086,"group_idyes"
"577","CDKN2C","Exc L4-5 RORB GABRG1",0.148809872751087,1.72168025990631,1.88456346236365,0.170616040266947,0.999997068196745,0.999983379322086,"group_idyes"
"578","LINC01562","Exc L4-5 RORB GABRG1",-0.0289755293555205,1.94760810371355,0.118432942154679,0.86803804303013,0.999997068196745,0.999983379322086,"group_idyes"
"579","RNF11","Exc L4-5 RORB GABRG1",0.0170765973326704,6.80952864124085,0.158393387883086,0.690860759980368,0.999997068196745,0.999983379322086,"group_idyes"
"580","TTC39A","Exc L4-5 RORB GABRG1",-0.0240088008233073,3.61799947967866,0.240308886202597,0.62426254718293,0.999997068196745,0.999983379322086,"group_idyes"
"581","EPS15","Exc L4-5 RORB GABRG1",0.0142207716377812,6.78148394987771,0.260266757286375,0.610229501175145,0.999997068196745,0.999983379322086,"group_idyes"
"582","AC104170.1","Exc L4-5 RORB GABRG1",0.0671952150244253,1.91650344184173,0.406102471504842,0.524333427331864,0.999997068196745,0.999983379322086,"group_idyes"
"583","OSBPL9","Exc L4-5 RORB GABRG1",-0.0209381933960298,6.45392625303978,0.3780504189205,0.539011947359984,0.999997068196745,0.999983379322086,"group_idyes"
"584","NRDC","Exc L4-5 RORB GABRG1",-0.0272928253426384,6.96193877863832,1.42458507604593,0.23338565303048,0.999997068196745,0.999983379322086,"group_idyes"
"585","RAB3B","Exc L4-5 RORB GABRG1",-0.0237809718130603,5.0289162551156,0.13525739628374,0.713244322794065,0.999997068196745,0.999983379322086,"group_idyes"
"586","TXNDC12","Exc L4-5 RORB GABRG1",-0.0115880457760321,4.84010929345397,0.124553428948435,0.724340735185371,0.999997068196745,0.999983379322086,"group_idyes"
"587","AL445685.1","Exc L4-5 RORB GABRG1",-0.0561954063870511,0.906671457788782,0.209615968413927,0.647327033990353,0.999997068196745,0.999983379322086,"group_idyes"
"588","BTF3L4","Exc L4-5 RORB GABRG1",-0.00887741939824122,5.59999691416791,0.0836013204226426,0.772630802826008,0.999997068196745,0.999983379322086,"group_idyes"
"589","ZFYVE9","Exc L4-5 RORB GABRG1",0.0018895869143171,7.79421926337751,0.00616415379015514,0.937461503425587,0.999997068196745,0.999983379322086,"group_idyes"
"590","CC2D1B","Exc L4-5 RORB GABRG1",-0.0820653694276897,3.04656401406483,2.34388071994763,0.215757933706146,0.999997068196745,0.999983379322086,"group_idyes"
"591","ORC1","Exc L4-5 RORB GABRG1",0.101397130600032,0.95855896550359,0.77017213108223,0.380711501461363,0.999997068196745,0.999983379322086,"group_idyes"
"592","PRPF38A","Exc L4-5 RORB GABRG1",0.0265553416679369,4.1290691938958,0.489501107006815,0.987710730976348,0.999997068196745,0.999983379322086,"group_idyes"
"593","TUT4","Exc L4-5 RORB GABRG1",0.029935239599749,7.34231807124652,1.19883562944254,0.274239501387477,0.999997068196745,0.999983379322086,"group_idyes"
"594","GPX7","Exc L4-5 RORB GABRG1",-0.13631419518133,1.77303107589228,2.57801063847231,0.161769582170319,0.999997068196745,0.999983379322086,"group_idyes"
"595","SHISAL2A","Exc L4-5 RORB GABRG1",0.0689563899779104,0.807817571878696,0.268565025279494,0.868347021956762,0.999997068196745,0.999983379322086,"group_idyes"
"596","COA7","Exc L4-5 RORB GABRG1",0.00228689929232825,3.19324831893209,0.00104541488726425,0.974223358424095,0.999997068196745,0.999983379322086,"group_idyes"
"597","ZYG11B","Exc L4-5 RORB GABRG1",0.0186492008455661,6.85170442543187,0.497428789834212,0.481058855788202,0.999997068196745,0.999983379322086,"group_idyes"
"598","ZYG11A","Exc L4-5 RORB GABRG1",0.00953094336205818,0.441435004614617,0.000900061939041528,0.976081786509852,0.999997068196745,0.999983379322086,"group_idyes"
"599","ECHDC2","Exc L4-5 RORB GABRG1",-0.0550277364390775,4.97075588918067,1.18196703946788,0.277636551772276,0.999997068196745,0.999983379322086,"group_idyes"
"600","SCP2","Exc L4-5 RORB GABRG1",-0.0118709629968395,5.99162022923608,0.160390962110803,0.951152576296737,0.999997068196745,0.999983379322086,"group_idyes"
"601","CPT2","Exc L4-5 RORB GABRG1",-0.0636079836302777,1.34067768158303,0.35843729903549,0.914611544383051,0.999997068196745,0.999983379322086,"group_idyes"
"602","AL606760.2","Exc L4-5 RORB GABRG1",-0.0490516829712333,2.82772498069317,0.522270300279226,0.97710074787425,0.999997068196745,0.999983379322086,"group_idyes"
"603","C1orf123","Exc L4-5 RORB GABRG1",-0.0134987941203627,4.21575312058568,0.0524270266438302,0.819014295305778,0.999997068196745,0.999983379322086,"group_idyes"
"604","MAGOH","Exc L4-5 RORB GABRG1",-0.0414023701494127,4.01529898723009,0.773552402553998,0.379669340240208,0.999997068196745,0.999983379322086,"group_idyes"
"605","LRP8","Exc L4-5 RORB GABRG1",-0.0611746602019783,5.02697196314157,1.58749669842131,0.208447880413297,0.999997068196745,0.999983379322086,"group_idyes"
"606","LINC01771","Exc L4-5 RORB GABRG1",-0.0433774541797285,4.07530181669311,0.341337351911345,0.559400701402656,0.999997068196745,0.999983379322086,"group_idyes"
"607","GLIS1","Exc L4-5 RORB GABRG1",-0.00923776397995177,7.01284156592387,0.0361525453384197,0.849301097683638,0.999997068196745,0.999983379322086,"group_idyes"
"608","NDC1","Exc L4-5 RORB GABRG1",-0.0465165656689219,4.29893764586741,1.44582144543944,0.229939138133532,0.999997068196745,0.999983379322086,"group_idyes"
"609","YIPF1","Exc L4-5 RORB GABRG1",-0.0749849489723683,3.32299082950764,2.20491008136361,0.138390781491827,0.999997068196745,0.999983379322086,"group_idyes"
"610","DIO1","Exc L4-5 RORB GABRG1",-0.0612441184976508,0.747507786994668,0.172064995328723,0.678514269012918,0.999997068196745,0.999983379322086,"group_idyes"
"611","HSPB11","Exc L4-5 RORB GABRG1",-0.0521910227889277,4.59181835514534,1.37939596961126,0.240930504975965,0.999997068196745,0.999983379322086,"group_idyes"
"612","LRRC42","Exc L4-5 RORB GABRG1",0.0433683531556368,3.1587983005215,0.548801115833066,0.459259863344122,0.999997068196745,0.999983379322086,"group_idyes"
"613","TMEM59","Exc L4-5 RORB GABRG1",0.0565048240327701,6.25524356394019,2.46903419975303,0.1169312622694,0.999997068196745,0.999983379322086,"group_idyes"
"614","TCEANC2","Exc L4-5 RORB GABRG1",-0.0684916393226254,3.17228298030901,1.77496774000778,0.310673733255743,0.999997068196745,0.999983379322086,"group_idyes"
"615","AL357673.1","Exc L4-5 RORB GABRG1",0.130888865665606,0.723381999902677,1.06760427211947,0.302136268055327,0.999997068196745,0.999983379322086,"group_idyes"
"616","MRPL37","Exc L4-5 RORB GABRG1",-0.0398780882242555,3.97156806809696,1.06500621218368,0.302724448324637,0.999997068196745,0.999983379322086,"group_idyes"
"617","SSBP3","Exc L4-5 RORB GABRG1",0.00660632619502314,8.28983530863192,0.0391565566229974,0.843243340060349,0.999997068196745,0.999983379322086,"group_idyes"
"618","ACOT11","Exc L4-5 RORB GABRG1",0.00341414058734017,6.68612485702671,0.00451499034866889,0.946462423087037,0.999997068196745,0.999983379322086,"group_idyes"
"619","FAM151A","Exc L4-5 RORB GABRG1",-0.00872850953160925,1.33893565149346,0.00417665921747811,0.948504490733508,0.999997068196745,0.999983379322086,"group_idyes"
"620","MROH7-TTC4","Exc L4-5 RORB GABRG1",-0.0371616806170334,3.99846184271082,0.43046763679695,0.512151763291323,0.999997068196745,0.999983379322086,"group_idyes"
"621","TTC4","Exc L4-5 RORB GABRG1",-0.147081431646716,1.68290110324754,2.41384877541194,0.12108855061358,0.999997068196745,0.999983379322086,"group_idyes"
"622","PARS2","Exc L4-5 RORB GABRG1",-0.0111963336582219,1.14080257253915,0.0109941592161157,0.916547066914916,0.999997068196745,0.999983379322086,"group_idyes"
"623","DHCR24","Exc L4-5 RORB GABRG1",0.0202299589205724,4.40060352225073,0.0991840610947359,0.75298173489004,0.999997068196745,0.999983379322086,"group_idyes"
"624","USP24","Exc L4-5 RORB GABRG1",-0.0280014227332004,6.38239664786047,0.672523947121364,0.41268080214041,0.999997068196745,0.999983379322086,"group_idyes"
"625","MIR4422HG","Exc L4-5 RORB GABRG1",-0.0232236636651748,1.34716293718019,0.0471751491643847,0.828168859981048,0.999997068196745,0.999983379322086,"group_idyes"
"626","AL603840.1","Exc L4-5 RORB GABRG1",-0.0598569012280103,1.18287513900755,0.241652575262429,0.623295409982764,0.999997068196745,0.999983379322086,"group_idyes"
"627","PLPP3","Exc L4-5 RORB GABRG1",-0.0300657481991789,2.13747670510905,0.123336176433559,0.725636171059113,0.999997068196745,0.999983379322086,"group_idyes"
"628","PRKAA2","Exc L4-5 RORB GABRG1",0.00943052251587408,6.42955481503242,0.115748793450147,0.946373254393616,0.999997068196745,0.999983379322086,"group_idyes"
"629","FYB2","Exc L4-5 RORB GABRG1",-0.00518996115995314,1.60715664568456,0.00186076680863531,0.965615017394237,0.999997068196745,0.999983379322086,"group_idyes"
"630","DAB1","Exc L4-5 RORB GABRG1",-0.0315399468231737,7.12593031223059,0.372128159699957,0.542206652649113,0.999997068196745,0.999983379322086,"group_idyes"
"631","MYSM1","Exc L4-5 RORB GABRG1",0.0375514890861271,6.29960742112358,1.1388701181477,0.286560396203901,0.999997068196745,0.999983379322086,"group_idyes"
"632","AL136985.3","Exc L4-5 RORB GABRG1",0.071371770105484,0.528889869354441,0.200669207085391,0.654433365888787,0.999997068196745,0.999983379322086,"group_idyes"
"633","JUN","Exc L4-5 RORB GABRG1",-0.00243763531402244,4.19757513427298,0.00058838563295601,0.980660457969268,0.999997068196745,0.999983379322086,"group_idyes"
"634","LINC01135","Exc L4-5 RORB GABRG1",0.0456415559717848,3.43436165166448,0.272426691573017,0.60200891694998,0.999997068196745,0.999983379322086,"group_idyes"
"635","LINC01358","Exc L4-5 RORB GABRG1",0.0108195433698488,2.45295854221855,0.0125851779867488,0.910736276653422,0.999997068196745,0.999983379322086,"group_idyes"
"636","FGGY","Exc L4-5 RORB GABRG1",-0.0365652810186091,5.23058527384645,0.50828694142373,0.476313556717044,0.999997068196745,0.999983379322086,"group_idyes"
"637","HOOK1","Exc L4-5 RORB GABRG1",0.0141420161846265,5.68721164591893,0.165765950932205,0.684128912694272,0.999997068196745,0.999983379322086,"group_idyes"
"638","LINC01748","Exc L4-5 RORB GABRG1",0.16180774056933,2.18878654941702,1.59827427452215,0.206913317585848,0.999997068196745,0.999983379322086,"group_idyes"
"639","AC099792.1","Exc L4-5 RORB GABRG1",0.0653935860094773,0.795172273170906,0.226353053115357,0.63451129916326,0.999997068196745,0.999983379322086,"group_idyes"
"640","NFIA","Exc L4-5 RORB GABRG1",-0.0708350504723088,3.72070410161085,0.535510519058493,0.464744800273807,0.999997068196745,0.999983379322086,"group_idyes"
"641","TM2D1","Exc L4-5 RORB GABRG1",-0.0312142351761774,5.57767027555787,1.07969354070384,0.299418702543874,0.999997068196745,0.999983379322086,"group_idyes"
"642","AC099791.2","Exc L4-5 RORB GABRG1",0.0341954934127895,3.11550968748507,0.239337160137911,0.624964051801621,0.999997068196745,0.999983379322086,"group_idyes"
"643","PATJ","Exc L4-5 RORB GABRG1",-0.026727255190762,7.82420131567664,0.623957546852156,0.430067004593998,0.999997068196745,0.999983379322086,"group_idyes"
"644","KANK4","Exc L4-5 RORB GABRG1",-0.083318911593528,1.47667667646262,0.58254599532061,0.467451469256458,0.999997068196745,0.999983379322086,"group_idyes"
"645","USP1","Exc L4-5 RORB GABRG1",0.0332224614340684,4.55327572998944,0.453348270584756,0.50115344678196,0.999997068196745,0.999983379322086,"group_idyes"
"646","DOCK7","Exc L4-5 RORB GABRG1",-0.0419950122781424,6.04262486336299,1.60585179494093,0.205842408871513,0.999997068196745,0.999983379322086,"group_idyes"
"647","AC103923.1","Exc L4-5 RORB GABRG1",-0.0236905987881693,1.39893837935388,0.0500010439145681,0.865210915994108,0.999997068196745,0.999983379322086,"group_idyes"
"648","ATG4C","Exc L4-5 RORB GABRG1",0.00765666449990968,5.4580228680689,0.0333180914416006,0.855261042440124,0.999997068196745,0.999983379322086,"group_idyes"
"649","ALG6","Exc L4-5 RORB GABRG1",-0.082867227496001,4.24790637420222,2.52417125794866,0.112935087133213,0.999997068196745,0.999983379322086,"group_idyes"
"650","ITGB3BP","Exc L4-5 RORB GABRG1",0.0762132984788024,5.93293162240918,2.02253739485145,0.155790180348986,0.999997068196745,0.999983379322086,"group_idyes"
"651","EFCAB7","Exc L4-5 RORB GABRG1",0.0379228693424668,6.17096540902178,1.78264506207091,0.182614321101674,0.999997068196745,0.999983379322086,"group_idyes"
"652","PGM1","Exc L4-5 RORB GABRG1",-0.00408153303907401,4.70973790011274,0.0104815382578851,0.930571024622567,0.999997068196745,0.999983379322086,"group_idyes"
"653","ROR1","Exc L4-5 RORB GABRG1",-0.0855900720655818,2.54751315370105,0.406662000879186,0.524047960293749,0.999997068196745,0.999983379322086,"group_idyes"
"654","UBE2U","Exc L4-5 RORB GABRG1",0.244142821722285,0.980612972206268,1.83102687141066,0.176800867615259,0.999997068196745,0.999983379322086,"group_idyes"
"655","CACHD1","Exc L4-5 RORB GABRG1",0.072412779482812,4.67680014917983,0.731080487275882,0.393065320251952,0.999997068196745,0.999983379322086,"group_idyes"
"656","RAVER2","Exc L4-5 RORB GABRG1",-0.0457775125803887,4.72540420418623,0.696830985898702,0.404368626295323,0.999997068196745,0.999983379322086,"group_idyes"
"657","JAK1","Exc L4-5 RORB GABRG1",0.00659100348630103,6.28533261659526,0.0572964852569544,0.810948605393769,0.999997068196745,0.999983379322086,"group_idyes"
"658","AK4","Exc L4-5 RORB GABRG1",-0.025140997729372,4.58993809961398,0.2090840328117,0.647744369169195,0.999997068196745,0.999983379322086,"group_idyes"
"659","DNAJC6","Exc L4-5 RORB GABRG1",-0.00426667558461585,8.0214795082255,0.0314152437263281,0.859410435224566,0.999997068196745,0.999983379322086,"group_idyes"
"660","AL139294.1","Exc L4-5 RORB GABRG1",-0.109950860737081,3.08353886906553,0.586062134605329,0.444415301335696,0.999997068196745,0.999983379322086,"group_idyes"
"661","LEPR","Exc L4-5 RORB GABRG1",-0.147621272779311,4.8960669485645,2.78343659832619,0.0960571892303054,0.999997068196745,0.999983379322086,"group_idyes"
"662","PDE4B","Exc L4-5 RORB GABRG1",-0.0577756060069913,5.30107008812005,0.894243344459015,0.344923506248774,0.999997068196745,0.999983379322086,"group_idyes"
"663","SGIP1","Exc L4-5 RORB GABRG1",-0.0220735598407162,8.09503629245945,0.446958727639944,0.50418367057641,0.999997068196745,0.999983379322086,"group_idyes"
"664","AL139147.1","Exc L4-5 RORB GABRG1",0.10559536556233,1.79714349038664,0.471568172754168,0.492680301536939,0.999997068196745,0.999983379322086,"group_idyes"
"665","TCTEX1D1","Exc L4-5 RORB GABRG1",-0.0553745152894209,3.52089310555544,0.434999234244749,0.509940640826507,0.999997068196745,0.999983379322086,"group_idyes"
"666","WDR78","Exc L4-5 RORB GABRG1",-0.0329560018234755,5.73453198730798,0.774554666548108,0.379361111345678,0.999997068196745,0.999983379322086,"group_idyes"
"667","MIER1","Exc L4-5 RORB GABRG1",-0.0210579537886106,6.03170149639516,0.789133416277835,0.507258009512472,0.999997068196745,0.999983379322086,"group_idyes"
"668","SLC35D1","Exc L4-5 RORB GABRG1",-0.0449629302819988,4.40647562615046,0.761141878059958,0.383515559924449,0.999997068196745,0.999983379322086,"group_idyes"
"669","C1orf141","Exc L4-5 RORB GABRG1",-0.103114767540934,0.714965666893901,0.591531174106671,0.442299532997827,0.999997068196745,0.999983379322086,"group_idyes"
"670","IL12RB2","Exc L4-5 RORB GABRG1",-0.0904663235111283,5.77226970222689,1.67451775120686,0.196430759454963,0.999997068196745,0.999983379322086,"group_idyes"
"671","SERBP1","Exc L4-5 RORB GABRG1",0.0352246020232584,5.76045432498751,0.58105812397975,0.446364935780976,0.999997068196745,0.999983379322086,"group_idyes"
"672","GADD45A","Exc L4-5 RORB GABRG1",-0.0081239507809926,2.8315185705579,0.00575698497372234,0.939558146137672,0.999997068196745,0.999983379322086,"group_idyes"
"673","GNG12-AS1","Exc L4-5 RORB GABRG1",-0.146422543972025,3.18080466301606,1.19206022549862,0.275597624924878,0.999997068196745,0.999983379322086,"group_idyes"
"674","DIRAS3","Exc L4-5 RORB GABRG1",-0.146381210845607,2.5338161429431,2.27275872880063,0.132486021351451,0.999997068196745,0.999983379322086,"group_idyes"
"675","WLS","Exc L4-5 RORB GABRG1",-0.0310981012733002,6.1259673382631,0.224157217128324,0.636158951557534,0.999997068196745,0.999983379322086,"group_idyes"
"676","AL033530.1","Exc L4-5 RORB GABRG1",0.0223729569143684,1.36394905427753,0.032295104120515,0.857476119958353,0.999997068196745,0.999983379322086,"group_idyes"
"677","AL691520.1","Exc L4-5 RORB GABRG1",-0.15380870712865,0.485858481793987,0.954829201864964,0.611341427681575,0.999997068196745,0.999983379322086,"group_idyes"
"678","LINC01707","Exc L4-5 RORB GABRG1",-0.06413445837629,0.88468032631588,0.178213407730879,0.673148933892239,0.999997068196745,0.999983379322086,"group_idyes"
"679","LRRC7","Exc L4-5 RORB GABRG1",0.0171306848061659,10.3511136942523,0.225728160781584,0.634979188038397,0.999997068196745,0.999983379322086,"group_idyes"
"680","AL158840.1","Exc L4-5 RORB GABRG1",0.189208574308193,0.721362825687035,1.7134949244886,0.191313852805453,0.999997068196745,0.999983379322086,"group_idyes"
"681","LRRC40","Exc L4-5 RORB GABRG1",-0.0139064690995197,5.28581901237796,0.194575221802411,0.659383449612963,0.999997068196745,0.999983379322086,"group_idyes"
"682","SRSF11","Exc L4-5 RORB GABRG1",0.0191872638952817,8.19672542493267,0.488134624287449,0.485182698664077,0.999997068196745,0.999983379322086,"group_idyes"
"683","ANKRD13C","Exc L4-5 RORB GABRG1",-0.0262836000769684,6.87893615274114,0.698983307207103,0.403644471391051,0.999997068196745,0.999983379322086,"group_idyes"
"684","HHLA3","Exc L4-5 RORB GABRG1",0.00884099488862255,3.03537111402402,0.0199397686195554,0.887779339511415,0.999997068196745,0.999983379322086,"group_idyes"
"685","CTH","Exc L4-5 RORB GABRG1",-0.0471038219779984,3.09739987626352,0.775009364452269,0.379221393592033,0.999997068196745,0.999983379322086,"group_idyes"
"686","LINC01788","Exc L4-5 RORB GABRG1",-0.149056419231427,-0.0471058221364377,0.554258985706301,0.457037168399472,0.999997068196745,0.999983379322086,"group_idyes"
"687","PTGER3","Exc L4-5 RORB GABRG1",-0.170499329167836,0.281745528753302,0.704292923900998,0.401866109940947,0.999997068196745,0.999983379322086,"group_idyes"
"688","ZRANB2-AS1","Exc L4-5 RORB GABRG1",-0.107818411774811,2.00920154967068,0.535258690402684,0.464849735578244,0.999997068196745,0.999983379322086,"group_idyes"
"689","ZRANB2","Exc L4-5 RORB GABRG1",0.028539956982272,7.52901240176576,1.58617565082511,0.208636904904859,0.999997068196745,0.999983379322086,"group_idyes"
"690","NEGR1","Exc L4-5 RORB GABRG1",0.0258521249556723,11.0355929950727,0.404289352772294,0.525260369167384,0.999997068196745,0.999983379322086,"group_idyes"
"691","AL354949.1","Exc L4-5 RORB GABRG1",0.0452619571055457,1.8698196386483,0.0728399860508933,0.787390476407075,0.999997068196745,0.999983379322086,"group_idyes"
"692","AL583808.1","Exc L4-5 RORB GABRG1",-0.00679321960657768,2.29639582992164,0.00799946769295358,0.928778980516479,0.999997068196745,0.999983379322086,"group_idyes"
"693","AL583808.2","Exc L4-5 RORB GABRG1",0.00888476041041305,4.23664192870099,0.0158574123167136,0.899856108207871,0.999997068196745,0.999983379322086,"group_idyes"
"694","LRRIQ3","Exc L4-5 RORB GABRG1",-0.137396160798109,2.9452531381985,1.91135613415057,0.167614683245045,0.999997068196745,0.999983379322086,"group_idyes"
"695","TNNI3K","Exc L4-5 RORB GABRG1",0.0638205347754168,2.01002801358607,0.551233847447101,0.58754279199244,0.999997068196745,0.999983379322086,"group_idyes"
"696","AC093158.1","Exc L4-5 RORB GABRG1",-0.140466084569125,0.801176868856695,1.1715169480764,0.411119688420738,0.999997068196745,0.999983379322086,"group_idyes"
"697","LRRC53","Exc L4-5 RORB GABRG1",-0.136770799047499,1.46364439315854,1.3311106367011,0.249323949744558,0.999997068196745,0.999983379322086,"group_idyes"
"698","ERICH3","Exc L4-5 RORB GABRG1",0.0503245091250824,5.49606160361609,1.39789869329683,0.237805912968871,0.999997068196745,0.999983379322086,"group_idyes"
"699","ERICH3-AS1","Exc L4-5 RORB GABRG1",-0.0617402128806128,0.780024374173687,0.145041446782841,0.703529898034092,0.999997068196745,0.999983379322086,"group_idyes"
"700","AC135803.1","Exc L4-5 RORB GABRG1",0.14352330681578,0.593593464399285,0.817809492270394,0.366387314937188,0.999997068196745,0.999983379322086,"group_idyes"
"701","CRYZ","Exc L4-5 RORB GABRG1",0.121127611219589,2.61422170030118,1.44568400011443,0.229961245831741,0.999997068196745,0.999983379322086,"group_idyes"
"702","TYW3","Exc L4-5 RORB GABRG1",0.0387805526775874,5.20206141109343,0.688390474486314,0.407226884245102,0.999997068196745,0.999983379322086,"group_idyes"
"703","SLC44A5","Exc L4-5 RORB GABRG1",-0.0681067956570006,9.23092194455873,2.7465752698189,0.0982781587453421,0.999997068196745,0.999983379322086,"group_idyes"
"704","ACADM","Exc L4-5 RORB GABRG1",-0.00490132434478144,6.44386552250614,0.0285988301855424,0.865797512796503,0.999997068196745,0.999983379322086,"group_idyes"
"705","RABGGTB","Exc L4-5 RORB GABRG1",0.00377057402016105,3.85446163414218,0.00478435875576349,0.944890987220465,0.999997068196745,0.999983379322086,"group_idyes"
"706","MSH4","Exc L4-5 RORB GABRG1",0.0668688717653227,5.31753118940745,0.428329118709702,0.513201011262744,0.999997068196745,0.999983379322086,"group_idyes"
"707","ASB17","Exc L4-5 RORB GABRG1",0.241157163267033,0.804734408976296,1.93134946797053,0.16541452047155,0.999997068196745,0.999983379322086,"group_idyes"
"708","AC092813.1","Exc L4-5 RORB GABRG1",0.125974260596878,3.5658329561497,0.719714649810855,0.396765032731106,0.999997068196745,0.999983379322086,"group_idyes"
"709","AC092813.2","Exc L4-5 RORB GABRG1",0.118379794057234,1.05171279374372,0.432827426045307,0.510998270269078,0.999997068196745,0.999983379322086,"group_idyes"
"710","ST6GALNAC3","Exc L4-5 RORB GABRG1",-0.000592404659298685,5.65310140688797,0.000103056861765963,0.991905522292018,0.999997068196745,0.999983379322086,"group_idyes"
"711","ST6GALNAC5","Exc L4-5 RORB GABRG1",-0.0123676508532105,8.57827786375632,0.0464087018988219,0.829548741849572,0.999997068196745,0.999983379322086,"group_idyes"
"712","AL035409.1","Exc L4-5 RORB GABRG1",-0.0379979969208418,2.61473926212479,0.299327074117869,0.584621794745005,0.999997068196745,0.999983379322086,"group_idyes"
"713","PIGK","Exc L4-5 RORB GABRG1",-0.00328880218333245,5.28728445610906,0.00808704788075202,0.928391215825137,0.999997068196745,0.999983379322086,"group_idyes"
"714","AK5","Exc L4-5 RORB GABRG1",-0.0351660929293701,7.46230434685296,0.762650967013389,0.383044923955454,0.999997068196745,0.999983379322086,"group_idyes"
"715","AC118549.1","Exc L4-5 RORB GABRG1",0.00709553425044194,6.51718420290009,0.0552024394546763,0.814370992388039,0.999997068196745,0.999983379322086,"group_idyes"
"716","USP33","Exc L4-5 RORB GABRG1",-0.0107339636399158,7.40260044339346,0.171271268064334,0.679215060511348,0.999997068196745,0.999983379322086,"group_idyes"
"717","MIGA1","Exc L4-5 RORB GABRG1",-0.0281748130512194,6.62501139263345,1.51677253117613,0.21886081175553,0.999997068196745,0.999983379322086,"group_idyes"
"718","NEXN-AS1","Exc L4-5 RORB GABRG1",0.108595569214821,0.581231863966496,0.513047406984894,0.474257166529893,0.999997068196745,0.999983379322086,"group_idyes"
"719","NEXN","Exc L4-5 RORB GABRG1",-0.00136931091849617,3.44152986852022,0.000431927807721506,0.983429634357353,0.999997068196745,0.999983379322086,"group_idyes"
"720","FUBP1","Exc L4-5 RORB GABRG1",0.0101020642542861,5.93954159682528,0.0804397519102266,0.776854916028604,0.999997068196745,0.999983379322086,"group_idyes"
"721","GIPC2","Exc L4-5 RORB GABRG1",0.0409597735449566,6.20175579694477,0.695049674432556,0.40496939100553,0.999997068196745,0.999983379322086,"group_idyes"
"722","PTGFR","Exc L4-5 RORB GABRG1",-0.0565044297529118,0.792660547189236,0.154541136238736,0.694450657891951,0.999997068196745,0.999983379322086,"group_idyes"
"723","ADGRL4","Exc L4-5 RORB GABRG1",0.0863280887845329,1.29463121673415,0.314696362608242,0.575139076604385,0.999997068196745,0.999983379322086,"group_idyes"
"724","ADGRL2","Exc L4-5 RORB GABRG1",-0.0192970206910491,9.80135489513792,0.228477314441434,0.632926657220323,0.999997068196745,0.999983379322086,"group_idyes"
"725","AL138799.4","Exc L4-5 RORB GABRG1",0.0588575347581264,2.20640295684738,0.196916108436593,0.657471136040547,0.999997068196745,0.999983379322086,"group_idyes"
"726","AC117944.1","Exc L4-5 RORB GABRG1",-0.031831376798514,2.74211232008063,0.0740550151792889,0.785667651709642,0.999997068196745,0.999983379322086,"group_idyes"
"727","LINC01362","Exc L4-5 RORB GABRG1",-0.00287323585877895,2.84299797240064,0.000744655147811582,0.978243881569564,0.999997068196745,0.999983379322086,"group_idyes"
"728","LINC01361","Exc L4-5 RORB GABRG1",0.00425908479425101,2.13367529832408,0.00282222248787605,0.957660209344688,0.999997068196745,0.999983379322086,"group_idyes"
"729","LINC01725","Exc L4-5 RORB GABRG1",-0.018857933612597,9.30709757604516,0.150334943027333,0.698429904916495,0.999997068196745,0.999983379322086,"group_idyes"
"730","TTLL7","Exc L4-5 RORB GABRG1",-0.00454457193811622,8.31267760940845,0.0474926708143602,0.827600647026868,0.999997068196745,0.999983379322086,"group_idyes"
"731","AL359504.2","Exc L4-5 RORB GABRG1",0.0621315502602776,2.2591995130493,0.444327485912293,0.505440655600039,0.999997068196745,0.999983379322086,"group_idyes"
"732","PRKACB","Exc L4-5 RORB GABRG1",0.0167247719112963,8.62668387018316,0.270804238894163,0.603092120924232,0.999997068196745,0.999983379322086,"group_idyes"
"733","SAMD13","Exc L4-5 RORB GABRG1",-0.000118048134964378,3.29128367352957,4.85028400320482e-06,0.99824393298264,0.999997068196745,0.999983379322086,"group_idyes"
"734","RPF1","Exc L4-5 RORB GABRG1",0.027090012706167,3.7756060048732,0.251007073186015,0.616653372467682,0.999997068196745,0.999983379322086,"group_idyes"
"735","GNG5","Exc L4-5 RORB GABRG1",0.0352268042474697,1.36277231652471,0.111779862522902,0.98222350113899,0.999997068196745,0.999983379322086,"group_idyes"
"736","SPATA1","Exc L4-5 RORB GABRG1",0.0864200804184671,2.39647901595992,0.733448518970542,0.392300761929485,0.999997068196745,0.999983379322086,"group_idyes"
"737","CTBS","Exc L4-5 RORB GABRG1",0.0455607850604398,3.35516201842082,0.706554888286632,0.401111972711734,0.999997068196745,0.999983379322086,"group_idyes"
"738","SSX2IP","Exc L4-5 RORB GABRG1",0.0252698265921634,7.27212906340225,0.8531333384587,0.356246359977225,0.999997068196745,0.999983379322086,"group_idyes"
"739","WDR63","Exc L4-5 RORB GABRG1",0.225110751046262,2.30492557841693,4.28972505842316,0.039009570010538,0.999997068196745,0.999983379322086,"group_idyes"
"740","SYDE2","Exc L4-5 RORB GABRG1",0.019635704581032,4.33758830511427,0.1436486974553,0.704889405251213,0.999997068196745,0.999983379322086,"group_idyes"
"741","C1orf52","Exc L4-5 RORB GABRG1",0.000629867991291714,5.06937668660803,0.00021269120759926,0.98837167431005,0.999997068196745,0.999983379322086,"group_idyes"
"742","BCL10","Exc L4-5 RORB GABRG1",0.0079091077106731,2.86985809885361,0.0177932087771352,0.893953758583647,0.999997068196745,0.999983379322086,"group_idyes"
"743","AL078459.1","Exc L4-5 RORB GABRG1",0.0309486912048193,2.98378374988704,0.179548042324683,0.671998732344055,0.999997068196745,0.999983379322086,"group_idyes"
"744","DDAH1","Exc L4-5 RORB GABRG1",0.014859148148833,5.52799661364591,0.0649585036224166,0.798960013682498,0.999997068196745,0.999983379322086,"group_idyes"
"745","CYR61","Exc L4-5 RORB GABRG1",0.405915885693572,0.293211028695284,5.32236607678959,0.0215837715293288,0.999997068196745,0.999983379322086,"group_idyes"
"746","ZNHIT6","Exc L4-5 RORB GABRG1",0.00977970123747644,5.561715830983,0.0814631190768926,0.775477937610233,0.999997068196745,0.999983379322086,"group_idyes"
"747","COL24A1","Exc L4-5 RORB GABRG1",-0.120449723877246,2.6848232873746,1.67723301870009,0.19606913776087,0.999997068196745,0.999983379322086,"group_idyes"
"748","AL136382.1","Exc L4-5 RORB GABRG1",0.0638868640817226,3.75521331125851,0.403008746421451,0.525916829800738,0.999997068196745,0.999983379322086,"group_idyes"
"749","ODF2L","Exc L4-5 RORB GABRG1",0.0284024201789329,7.15573111355529,1.30075568792535,0.254784709144953,0.999997068196745,0.999983379322086,"group_idyes"
"750","AL356270.1","Exc L4-5 RORB GABRG1",-0.00599709441234202,3.95952110638219,0.00623644464650674,0.937096617687356,0.999997068196745,0.999983379322086,"group_idyes"
"751","AL049597.2","Exc L4-5 RORB GABRG1",-0.0164548598289926,0.873885801242745,0.0153326684350204,0.933557150378276,0.999997068196745,0.999983379322086,"group_idyes"
"752","SH3GLB1","Exc L4-5 RORB GABRG1",0.00466089373377753,5.83042522304306,0.0216822428237152,0.883012686382637,0.999997068196745,0.999983379322086,"group_idyes"
"753","SELENOF","Exc L4-5 RORB GABRG1",-0.00526621274244085,5.80580124618356,0.0324469715871114,0.857145013734966,0.999997068196745,0.999983379322086,"group_idyes"
"754","HS2ST1","Exc L4-5 RORB GABRG1",0.00890168724104734,6.23280349479441,0.0494511960835129,0.824139002081427,0.999997068196745,0.999983379322086,"group_idyes"
"755","AC093155.3","Exc L4-5 RORB GABRG1",-0.0330053248725504,1.59484507516812,0.09286117851674,0.760735567002116,0.999997068196745,0.999983379322086,"group_idyes"
"756","AC099062.1","Exc L4-5 RORB GABRG1",-0.224759689084104,2.09958719660779,4.7482250274265,0.0299346658076638,0.999997068196745,0.999983379322086,"group_idyes"
"757","LMO4","Exc L4-5 RORB GABRG1",0.0366800362171088,8.75323325111253,0.71441920108625,0.398505971418384,0.999997068196745,0.999983379322086,"group_idyes"
"758","PKN2-AS1","Exc L4-5 RORB GABRG1",-0.0203614101055833,6.88854386391485,0.171604255112544,0.678920830934343,0.999997068196745,0.999983379322086,"group_idyes"
"759","PKN2","Exc L4-5 RORB GABRG1",0.0278946179629911,7.45342299525363,0.687111847938831,0.407662454498034,0.999997068196745,0.999983379322086,"group_idyes"
"760","GTF2B","Exc L4-5 RORB GABRG1",-0.0228002104115705,4.98419395811135,0.553577602520614,0.457313727979272,0.999997068196745,0.999983379322086,"group_idyes"
"761","KYAT3","Exc L4-5 RORB GABRG1",-0.0156209616464934,4.77122281936354,0.128028277710371,0.720681430814051,0.999997068196745,0.999983379322086,"group_idyes"
"762","GBP4","Exc L4-5 RORB GABRG1",-0.154271467012972,0.57670747465814,1.15906556217914,0.365786247209931,0.999997068196745,0.999983379322086,"group_idyes"
"763","LRRC8B","Exc L4-5 RORB GABRG1",0.0034393704262729,6.94582422230146,0.00757355791085612,0.93069596943877,0.999997068196745,0.999983379322086,"group_idyes"
"764","LRRC8C-DT","Exc L4-5 RORB GABRG1",0.00252305893018861,3.17292130493569,0.00170769581689537,0.967058816623542,0.999997068196745,0.999983379322086,"group_idyes"
"765","AC093423.3","Exc L4-5 RORB GABRG1",-0.199208619474538,1.57103017041876,3.39186401864763,0.0662883859617837,0.999997068196745,0.999983379322086,"group_idyes"
"766","LRRC8D","Exc L4-5 RORB GABRG1",0.058577544150472,3.24773867295078,0.965507757834389,0.407641324376323,0.999997068196745,0.999983379322086,"group_idyes"
"767","ZNF326","Exc L4-5 RORB GABRG1",-0.0196866202329672,5.44603642267824,0.435813226392464,0.845328584682338,0.999997068196745,0.999983379322086,"group_idyes"
"768","LINC01763","Exc L4-5 RORB GABRG1",-0.0984053517953976,1.3147474565985,0.726343321068527,0.708452320387214,0.999997068196745,0.999983379322086,"group_idyes"
"769","ZNF644","Exc L4-5 RORB GABRG1",0.0100150763316602,6.66355714351881,0.127783101902162,0.720937772162095,0.999997068196745,0.999983379322086,"group_idyes"
"770","HFM1","Exc L4-5 RORB GABRG1",-0.0173423849632936,4.40668659867676,0.057814339137822,0.810112495035107,0.999997068196745,0.999983379322086,"group_idyes"
"771","CDC7","Exc L4-5 RORB GABRG1",-0.102013635295234,4.36233363379469,4.0046422368006,0.0460770941778168,0.999997068196745,0.999983379322086,"group_idyes"
"772","TGFBR3","Exc L4-5 RORB GABRG1",-0.0460808214068714,1.96574572352593,0.236414538408389,0.627084635225536,0.999997068196745,0.999983379322086,"group_idyes"
"773","BRDT","Exc L4-5 RORB GABRG1",-0.0295839607937905,1.26632127672653,0.0746871309198164,0.784777357425467,0.999997068196745,0.999983379322086,"group_idyes"
"774","EPHX4","Exc L4-5 RORB GABRG1",0.00289972603575457,5.12496077807222,0.00740527404117682,0.931468334715673,0.999997068196745,0.999983379322086,"group_idyes"
"775","BTBD8","Exc L4-5 RORB GABRG1",0.0285336154749468,7.3300157058572,0.593525870638302,0.441531731133704,0.999997068196745,0.999983379322086,"group_idyes"
"776","AC104836.1","Exc L4-5 RORB GABRG1",0.145137858251523,2.08068472573654,1.97101359689298,0.161147000698397,0.999997068196745,0.999983379322086,"group_idyes"
"777","GLMN","Exc L4-5 RORB GABRG1",-0.0871091250757949,6.12712047427116,4.43957718298444,0.0357617441708751,0.999997068196745,0.999983379322086,"group_idyes"
"778","RPAP2","Exc L4-5 RORB GABRG1",0.00499754946862028,7.30219204852164,0.022165288141755,0.881726239307376,0.999997068196745,0.999983379322086,"group_idyes"
"779","EVI5","Exc L4-5 RORB GABRG1",-0.0283362816779438,6.93781319979005,0.84055873113397,0.359811362345764,0.999997068196745,0.999983379322086,"group_idyes"
"780","RPL5","Exc L4-5 RORB GABRG1",0.0171845916598874,5.52397618857725,0.0533478593326053,0.817459679270956,0.999997068196745,0.999983379322086,"group_idyes"
"781","FAM69A","Exc L4-5 RORB GABRG1",-0.0694807039205338,7.09262749822399,3.38897584014992,0.0664035255542263,0.999997068196745,0.999983379322086,"group_idyes"
"782","MTF2","Exc L4-5 RORB GABRG1",-0.0229029041144208,6.10158584129779,0.54256318277169,0.461821302815912,0.999997068196745,0.999983379322086,"group_idyes"
"783","TMED5","Exc L4-5 RORB GABRG1",-0.00403918673515785,4.17495859210276,0.00691651322910993,0.933763136535049,0.999997068196745,0.999983379322086,"group_idyes"
"784","CCDC18","Exc L4-5 RORB GABRG1",0.0494463872221545,4.24686661867285,0.94496294648352,0.465271677430953,0.999997068196745,0.999983379322086,"group_idyes"
"785","DR1","Exc L4-5 RORB GABRG1",0.0593404892308893,4.16851786203171,1.49308381030475,0.222486743262712,0.999997068196745,0.999983379322086,"group_idyes"
"786","FNBP1L","Exc L4-5 RORB GABRG1",-0.00916175151017962,7.0163820426681,0.0781556714196641,0.779962755360979,0.999997068196745,0.999983379322086,"group_idyes"
"787","BCAR3","Exc L4-5 RORB GABRG1",-0.0492364176706868,6.6013131356282,1.52873105114875,0.217057268341218,0.999997068196745,0.999983379322086,"group_idyes"
"788","DNTTIP2","Exc L4-5 RORB GABRG1",0.00586057699425356,3.72138425803258,0.012445482388123,0.911231004596909,0.999997068196745,0.999983379322086,"group_idyes"
"789","GCLM","Exc L4-5 RORB GABRG1",-0.00982331916891351,5.25169755479167,0.0900423894565752,0.764285337779069,0.999997068196745,0.999983379322086,"group_idyes"
"790","ABCA4","Exc L4-5 RORB GABRG1",-0.193588387964261,4.28102952300337,1.93379680264216,0.165147488756846,0.999997068196745,0.999983379322086,"group_idyes"
"791","ARHGAP29","Exc L4-5 RORB GABRG1",-0.052169203730911,5.64299280885367,0.987318673699449,0.321023119162503,0.999997068196745,0.999983379322086,"group_idyes"
"792","ABCD3","Exc L4-5 RORB GABRG1",-0.0170021711216996,5.10030198222669,0.274806014680338,0.600427802900759,0.999997068196745,0.999983379322086,"group_idyes"
"793","F3","Exc L4-5 RORB GABRG1",-0.0263952581017282,0.670566710155097,0.0264527264990082,0.870884965359144,0.999997068196745,0.999983379322086,"group_idyes"
"794","SLC44A3","Exc L4-5 RORB GABRG1",-0.0635792892571594,1.68137864179381,0.423030375577612,0.515817011915457,0.999997068196745,0.999983379322086,"group_idyes"
"795","CNN3","Exc L4-5 RORB GABRG1",0.0318240882873754,4.12599658951728,0.233405548730276,0.629284891827673,0.999997068196745,0.999983379322086,"group_idyes"
"796","AC105942.1","Exc L4-5 RORB GABRG1",-0.0497027985068738,3.21813758402479,0.452498781815882,0.501554520671991,0.999997068196745,0.999983379322086,"group_idyes"
"797","ALG14","Exc L4-5 RORB GABRG1",-0.0473235015980858,5.34742314749104,1.07627712288097,0.300183472652858,0.999997068196745,0.999983379322086,"group_idyes"
"798","TMEM56-RWDD3","Exc L4-5 RORB GABRG1",-0.00127192417660811,3.52116433568673,0.000383696881967308,0.98438204582827,0.999997068196745,0.999983379322086,"group_idyes"
"799","AC092802.1","Exc L4-5 RORB GABRG1",0.0268524713845267,2.68336153738029,0.0891609915114575,0.765407713139172,0.999997068196745,0.999983379322086,"group_idyes"
"800","AC092802.2","Exc L4-5 RORB GABRG1",0.028753639225658,0.44124486061842,0.033691580585145,0.854461098153334,0.999997068196745,0.999983379322086,"group_idyes"
"801","AL356479.1","Exc L4-5 RORB GABRG1",-0.0717217091948894,1.57844367019332,0.21104993722304,0.64620518291356,0.999997068196745,0.999983379322086,"group_idyes"
"802","PTBP2","Exc L4-5 RORB GABRG1",0.00109438081361064,6.78866021143694,0.00136961875097734,0.97049753422058,0.999997068196745,0.999983379322086,"group_idyes"
"803","DPYD","Exc L4-5 RORB GABRG1",-0.0127274545923047,7.50297357169393,0.0638371982997768,0.800665708626888,0.999997068196745,0.999983379322086,"group_idyes"
"804","DPYD-AS1","Exc L4-5 RORB GABRG1",0.0478478046126972,2.01627986316466,0.170108461396528,0.680245160256499,0.999997068196745,0.999983379322086,"group_idyes"
"805","MIR137HG","Exc L4-5 RORB GABRG1",0.0796005253618063,7.40648331195178,1.34925574118909,0.246128404578522,0.999997068196745,0.999983379322086,"group_idyes"
"806","SNX7","Exc L4-5 RORB GABRG1",0.0230638603174542,4.07966320166745,0.119715478731263,0.729532409306382,0.999997068196745,0.999983379322086,"group_idyes"
"807","PLPPR5","Exc L4-5 RORB GABRG1",-0.00181193843229478,5.77393693456889,0.00176163161483724,0.966542955499267,0.999997068196745,0.999983379322086,"group_idyes"
"808","AL445433.2","Exc L4-5 RORB GABRG1",0.00373318750124918,5.55054566290648,0.00452162089601423,0.94642318518453,0.999997068196745,0.999983379322086,"group_idyes"
"809","PLPPR4","Exc L4-5 RORB GABRG1",-0.0278182483542427,6.0422293763564,0.507791852949077,0.476528255143503,0.999997068196745,0.999983379322086,"group_idyes"
"810","LINC01708","Exc L4-5 RORB GABRG1",-0.0891918758885493,0.649744906138729,0.403556386314551,0.525635921280143,0.999997068196745,0.999983379322086,"group_idyes"
"811","AGL","Exc L4-5 RORB GABRG1",0.0215652067490052,5.73100982620876,0.290216221718958,0.590393567984357,0.999997068196745,0.999983379322086,"group_idyes"
"812","AC118553.1","Exc L4-5 RORB GABRG1",0.101623762567754,1.36944402093714,0.789763630563196,0.37472689307918,0.999997068196745,0.999983379322086,"group_idyes"
"813","MFSD14A","Exc L4-5 RORB GABRG1",-0.0111583937728146,0.79739037887896,0.00488073154200156,0.944339611506473,0.999997068196745,0.999983379322086,"group_idyes"
"814","AC093019.2","Exc L4-5 RORB GABRG1",0.00950087908520944,1.08623579162195,0.00428636186413908,0.947833548463417,0.999997068196745,0.999983379322086,"group_idyes"
"815","SASS6","Exc L4-5 RORB GABRG1",0.0337055198342378,3.40728601794651,0.405568869012359,0.741211467939062,0.999997068196745,0.999983379322086,"group_idyes"
"816","TRMT13","Exc L4-5 RORB GABRG1",-0.0316984744846806,4.84652814822727,0.708673967363698,0.40040734053383,0.999997068196745,0.999983379322086,"group_idyes"
"817","LRRC39","Exc L4-5 RORB GABRG1",-0.0374886342667237,3.39178916649009,0.37911873342696,0.538439330782807,0.999997068196745,0.999983379322086,"group_idyes"
"818","DBT","Exc L4-5 RORB GABRG1",-0.010337517447517,5.12876625612307,0.109039928858529,0.875257279355245,0.999997068196745,0.999983379322086,"group_idyes"
"819","RTCA-AS1","Exc L4-5 RORB GABRG1",-0.0416970113763715,0.609027064955148,0.0734254167711815,0.786558467178931,0.999997068196745,0.999983379322086,"group_idyes"
"820","RTCA","Exc L4-5 RORB GABRG1",0.0341430360984353,4.5551210059297,0.640318057172153,0.424089469431941,0.999997068196745,0.999983379322086,"group_idyes"
"821","CDC14A","Exc L4-5 RORB GABRG1",-0.0444274001312107,0.708323779445824,0.102276991701912,0.749287675746248,0.999997068196745,0.999983379322086,"group_idyes"
"822","GPR88","Exc L4-5 RORB GABRG1",0.238071814690749,1.91443564649165,6.22901757165345,0.0129852757834507,0.999997068196745,0.999983379322086,"group_idyes"
"823","EXTL2","Exc L4-5 RORB GABRG1",0.0305732518381149,5.87103428302997,0.55267016214343,0.457682450590514,0.999997068196745,0.999983379322086,"group_idyes"
"824","SLC30A7","Exc L4-5 RORB GABRG1",-0.0251504250127548,5.72135090033952,0.552296262984613,0.457834514817249,0.999997068196745,0.999983379322086,"group_idyes"
"825","DPH5","Exc L4-5 RORB GABRG1",-0.00439314395482984,3.97821364466474,0.00899157184860576,0.924504070541776,0.999997068196745,0.999983379322086,"group_idyes"
"826","AC093157.1","Exc L4-5 RORB GABRG1",-0.0367141480719291,3.65229459929702,0.341368575070968,0.559382745001532,0.999997068196745,0.999983379322086,"group_idyes"
"827","LINC01709","Exc L4-5 RORB GABRG1",-0.0954457851740022,1.0953274670866,0.402688427232064,0.526081259762524,0.999997068196745,0.999983379322086,"group_idyes"
"828","OLFM3","Exc L4-5 RORB GABRG1",0.0125658458470769,9.53214050852244,0.0755803287128602,0.783526222490341,0.999997068196745,0.999983379322086,"group_idyes"
"829","AC114485.1","Exc L4-5 RORB GABRG1",-0.00293118355111208,1.10425248320601,0.000691776641256512,0.979030378095364,0.999997068196745,0.999983379322086,"group_idyes"
"830","COL11A1","Exc L4-5 RORB GABRG1",-0.0322792912086326,6.50984497462805,0.577432007199805,0.447786039270315,0.999997068196745,0.999983379322086,"group_idyes"
"831","AC095032.2","Exc L4-5 RORB GABRG1",0.251390723314255,0.32483297181937,1.98517716954401,0.159653764588502,0.999997068196745,0.999983379322086,"group_idyes"
"832","RNPC3","Exc L4-5 RORB GABRG1",0.0382494634833569,7.03390441625984,0.783904942372185,0.376502553214168,0.999997068196745,0.999983379322086,"group_idyes"
"833","AMY2B","Exc L4-5 RORB GABRG1",0.0353621613611538,5.83401501567651,0.988122672605159,0.320826419542555,0.999997068196745,0.999983379322086,"group_idyes"
"834","LINC01676","Exc L4-5 RORB GABRG1",0.048567156607943,1.16647319106492,0.157177091258314,0.691988711482797,0.999997068196745,0.999983379322086,"group_idyes"
"835","AL355306.2","Exc L4-5 RORB GABRG1",-0.192293342996519,0.320424605735921,1.46809605742559,0.22638998228846,0.999997068196745,0.999983379322086,"group_idyes"
"836","PRMT6","Exc L4-5 RORB GABRG1",0.110599181162759,1.79324686337551,1.57921873176281,0.226939955509641,0.999997068196745,0.999983379322086,"group_idyes"
"837","NTNG1","Exc L4-5 RORB GABRG1",-0.0197926482409524,6.50677361848087,0.0613917459566112,0.804441782713865,0.999997068196745,0.999983379322086,"group_idyes"
"838","VAV3","Exc L4-5 RORB GABRG1",-0.031504177100988,4.69542331912747,0.0333074867940438,0.855283823101698,0.999997068196745,0.999983379322086,"group_idyes"
"839","VAV3-AS1","Exc L4-5 RORB GABRG1",0.218447874897141,0.380289318178666,1.61223940605017,0.204944762456911,0.999997068196745,0.999983379322086,"group_idyes"
"840","SLC25A24","Exc L4-5 RORB GABRG1",0.014375150139212,4.52700375012781,0.0976931718647662,0.754785023832743,0.999997068196745,0.999983379322086,"group_idyes"
"841","AL359258.2","Exc L4-5 RORB GABRG1",-0.0201177680940166,0.216847200772785,0.0107264793830677,0.917565578877722,0.999997068196745,0.999983379322086,"group_idyes"
"842","FAM102B","Exc L4-5 RORB GABRG1",-0.00175998603955775,6.22909715176006,0.00491331991227596,0.944154403917816,0.999997068196745,0.999983379322086,"group_idyes"
"843","HENMT1","Exc L4-5 RORB GABRG1",-0.0767469883359989,3.15749136724106,1.46525110511953,0.226839587583261,0.999997068196745,0.999983379322086,"group_idyes"
"844","PRPF38B","Exc L4-5 RORB GABRG1",0.034151497642703,5.4150838263697,0.827552406428434,0.473168097660496,0.999997068196745,0.999983379322086,"group_idyes"
"845","FNDC7","Exc L4-5 RORB GABRG1",0.089272521456462,0.00736036236890738,0.199221738663627,0.655600881862229,0.999997068196745,0.999983379322086,"group_idyes"
"846","STXBP3","Exc L4-5 RORB GABRG1",-0.0238371077169544,4.50892570199481,0.332813948875231,0.564344206495031,0.999997068196745,0.999983379322086,"group_idyes"
"847","AKNAD1","Exc L4-5 RORB GABRG1",-0.118146857553116,0.628228843651757,0.622226935009666,0.430706749456188,0.999997068196745,0.999983379322086,"group_idyes"
"848","AL449266.1","Exc L4-5 RORB GABRG1",0.0434550406320248,5.28001307200678,1.08149493715154,0.299016469521818,0.999997068196745,0.999983379322086,"group_idyes"
"849","GPSM2","Exc L4-5 RORB GABRG1",-0.0135776363476387,3.18180268024746,0.0234278701325947,0.878429899630961,0.999997068196745,0.999983379322086,"group_idyes"
"850","WDR47","Exc L4-5 RORB GABRG1",0.0101898559136574,6.14092539847612,0.107240058501884,0.743486554312376,0.999997068196745,0.999983379322086,"group_idyes"
"851","TAF13","Exc L4-5 RORB GABRG1",0.0132412736821731,4.36104444377032,0.0438415729504126,0.834259468153706,0.999997068196745,0.999983379322086,"group_idyes"
"852","AL356488.3","Exc L4-5 RORB GABRG1",-0.0986110736010772,1.55818990970909,0.872679078530924,0.350800624845369,0.999997068196745,0.999983379322086,"group_idyes"
"853","TMEM167B","Exc L4-5 RORB GABRG1",0.0771901289978478,4.67695649660202,2.10317122032024,0.147808731546604,0.999997068196745,0.999983379322086,"group_idyes"
"854","C1orf194","Exc L4-5 RORB GABRG1",0.0124551260565146,1.48075646418562,0.0182213514318826,0.892693151456879,0.999997068196745,0.999983379322086,"group_idyes"
"855","KIAA1324","Exc L4-5 RORB GABRG1",-0.0484625560478618,6.71196683572415,2.03408271216073,0.154617873206822,0.999997068196745,0.999983379322086,"group_idyes"
"856","SARS","Exc L4-5 RORB GABRG1",0.00861316011138132,5.68193605463779,0.0309356843207693,0.860476491424624,0.999997068196745,0.999983379322086,"group_idyes"
"857","CELSR2","Exc L4-5 RORB GABRG1",0.0493781968487192,5.9748560394823,1.38619452618199,0.23977663850081,0.999997068196745,0.999983379322086,"group_idyes"
"858","PSRC1","Exc L4-5 RORB GABRG1",0.0313888910729484,4.46347114362066,0.243851747557794,0.621719709861946,0.999997068196745,0.999983379322086,"group_idyes"
"859","MYBPHL","Exc L4-5 RORB GABRG1",-0.0136502677194313,2.27949455319857,0.0214543920288845,0.883624580484042,0.999997068196745,0.999983379322086,"group_idyes"
"860","SORT1","Exc L4-5 RORB GABRG1",0.0104133387563338,7.30325964630837,0.0828277179695057,0.773656295520764,0.999997068196745,0.999983379322086,"group_idyes"
"861","PSMA5","Exc L4-5 RORB GABRG1",-0.0129983148332588,4.63268396300519,0.0587552739750669,0.808603370483767,0.999997068196745,0.999983379322086,"group_idyes"
"862","ATXN7L2","Exc L4-5 RORB GABRG1",0.0214107795762003,2.92514371684759,0.090393475316174,0.763839932062671,0.999997068196745,0.999983379322086,"group_idyes"
"863","CYB561D1","Exc L4-5 RORB GABRG1",-0.00328018719135921,4.20078885903794,0.00404343185930978,0.949331323079341,0.999997068196745,0.999983379322086,"group_idyes"
"864","AMIGO1","Exc L4-5 RORB GABRG1",0.0389799432860753,4.26308554073548,0.3988033740106,0.528082919832471,0.999997068196745,0.999983379322086,"group_idyes"
"865","GPR61","Exc L4-5 RORB GABRG1",0.0270492589257177,3.09873716725993,0.164034219273978,0.685694245584206,0.999997068196745,0.999983379322086,"group_idyes"
"866","GNAI3","Exc L4-5 RORB GABRG1",-0.00441337913332584,5.50779640196461,0.0187879706397814,0.891047784070424,0.999997068196745,0.999983379322086,"group_idyes"
"867","AMPD2","Exc L4-5 RORB GABRG1",0.0679412507544727,4.46625987531361,1.29024257205879,0.256710332979743,0.999997068196745,0.999983379322086,"group_idyes"
"868","GSTM4","Exc L4-5 RORB GABRG1",0.00701139532781881,3.21638511919094,0.0120821637045084,0.912531008714455,0.999997068196745,0.999983379322086,"group_idyes"
"869","GSTM3","Exc L4-5 RORB GABRG1",0.113539914788168,4.43727559576306,2.20525559399513,0.138359972489605,0.999997068196745,0.999983379322086,"group_idyes"
"870","AHCYL1","Exc L4-5 RORB GABRG1",0.0417869904054614,6.15575643396675,2.12298840763739,0.145918855949841,0.999997068196745,0.999983379322086,"group_idyes"
"871","STRIP1","Exc L4-5 RORB GABRG1",0.00455159217493426,4.73100005359139,0.0159123955659589,0.899683561026494,0.999997068196745,0.999983379322086,"group_idyes"
"872","SLC6A17","Exc L4-5 RORB GABRG1",0.000237750020768751,6.92747727820858,5.52970532716992e-05,0.994070680743975,0.999997068196745,0.999983379322086,"group_idyes"
"873","KCNC4","Exc L4-5 RORB GABRG1",0.0119975467485645,4.76402869319806,0.0810232949706244,0.776068584677185,0.999997068196745,0.999983379322086,"group_idyes"
"874","RBM15-AS1","Exc L4-5 RORB GABRG1",0.052924956416876,3.5082230424709,0.462860371407551,0.49669939930135,0.999997068196745,0.999983379322086,"group_idyes"
"875","RBM15","Exc L4-5 RORB GABRG1",0.00263940581334522,3.54416991739803,0.00263103363900108,0.959118186536186,0.999997068196745,0.999983379322086,"group_idyes"
"876","SLC16A4","Exc L4-5 RORB GABRG1",-0.0313000628469512,2.71652640985768,0.149056237404445,0.699652298016352,0.999997068196745,0.999983379322086,"group_idyes"
"877","AL355488.1","Exc L4-5 RORB GABRG1",0.00291390498395326,2.58194102883172,0.00167471577914604,0.967378277552007,0.999997068196745,0.999983379322086,"group_idyes"
"878","LAMTOR5","Exc L4-5 RORB GABRG1",0.0138521144072126,4.60707928349449,0.0177191759027275,0.894173297818883,0.999997068196745,0.999983379322086,"group_idyes"
"879","KCNA2","Exc L4-5 RORB GABRG1",0.0439807250010985,6.41359227569396,0.840558216892038,0.359811509140885,0.999997068196745,0.999983379322086,"group_idyes"
"880","AL365361.1","Exc L4-5 RORB GABRG1",-0.142448290532969,1.66579382186401,1.38755987912702,0.23954572070799,0.999997068196745,0.999983379322086,"group_idyes"
"881","CD53","Exc L4-5 RORB GABRG1",0.0365708824046498,5.69751252404472,0.207241594666567,0.649194854065177,0.999997068196745,0.999983379322086,"group_idyes"
"882","AL360270.1","Exc L4-5 RORB GABRG1",-0.064784724574727,2.06547899899249,0.313565242809747,0.575826492207871,0.999997068196745,0.999983379322086,"group_idyes"
"883","LRIF1","Exc L4-5 RORB GABRG1",0.0589625526243149,4.40633626862185,1.41579790338692,0.234830034673088,0.999997068196745,0.999983379322086,"group_idyes"
"884","DRAM2","Exc L4-5 RORB GABRG1",-0.0700574489705728,4.3428731357465,2.85718033057343,0.0917768183875229,0.999997068196745,0.999983379322086,"group_idyes"
"885","CEPT1","Exc L4-5 RORB GABRG1",-0.00843590796684806,5.2355179849624,0.0603894821452102,0.806012445718105,0.999997068196745,0.999983379322086,"group_idyes"
"886","AL355816.2","Exc L4-5 RORB GABRG1",0.251036317622361,-0.0965581166930447,1.38196413195928,0.240493836476586,0.999997068196745,0.999983379322086,"group_idyes"
"887","CHI3L2","Exc L4-5 RORB GABRG1",0.181966966867733,0.0426277029325046,0.893759472195647,0.345053907197682,0.999997068196745,0.999983379322086,"group_idyes"
"888","PIFO","Exc L4-5 RORB GABRG1",0.232643418203816,0.465551445673856,2.23961831215351,0.135334064365493,0.999997068196745,0.999983379322086,"group_idyes"
"889","OVGP1","Exc L4-5 RORB GABRG1",0.0772253978384625,3.62261117596088,1.78748597155341,0.182022763152007,0.999997068196745,0.999983379322086,"group_idyes"
"890","WDR77","Exc L4-5 RORB GABRG1",-0.0606517068446064,2.50204722357546,0.643831630675869,0.722250291632128,0.999997068196745,0.999983379322086,"group_idyes"
"891","ATP5PB","Exc L4-5 RORB GABRG1",-0.0304502743252985,5.03102348825611,0.300082762918018,0.5841482073208,0.999997068196745,0.999983379322086,"group_idyes"
"892","C1orf162","Exc L4-5 RORB GABRG1",0.0210397967862103,2.6731659315757,0.0969310388347287,0.896438173149562,0.999997068196745,0.999983379322086,"group_idyes"
"893","TMIGD3","Exc L4-5 RORB GABRG1",-0.087251151707493,0.65820310411563,0.350886892047264,0.553959481496533,0.999997068196745,0.999983379322086,"group_idyes"
"894","RAP1A","Exc L4-5 RORB GABRG1",0.00851519599137866,6.39561475442503,0.104339281353013,0.74685867475953,0.999997068196745,0.999983379322086,"group_idyes"
"895","INKA2","Exc L4-5 RORB GABRG1",0.0313010027663148,4.16906105821331,0.313537903537536,0.575843127264537,0.999997068196745,0.999983379322086,"group_idyes"
"896","AL049557.1","Exc L4-5 RORB GABRG1",0.098310927150954,0.853141409323541,0.682654327661012,0.40918629467879,0.999997068196745,0.999983379322086,"group_idyes"
"897","DDX20","Exc L4-5 RORB GABRG1",-0.0146288710515698,3.11001945094204,0.0493015678340138,0.824400900469629,0.999997068196745,0.999983379322086,"group_idyes"
"898","KCND3","Exc L4-5 RORB GABRG1",-0.00387799526587153,9.38367163202687,0.00910179653047814,0.924044137639878,0.999997068196745,0.999983379322086,"group_idyes"
"899","LINC01750","Exc L4-5 RORB GABRG1",0.0309087495002275,3.34295630487115,0.200027572242164,0.654950277398575,0.999997068196745,0.999983379322086,"group_idyes"
"900","AL445426.1","Exc L4-5 RORB GABRG1",-0.0347112129059955,3.05540866981364,0.283365928494133,0.857369551570992,0.999997068196745,0.999983379322086,"group_idyes"
"901","CTTNBP2NL","Exc L4-5 RORB GABRG1",-0.0229529194273418,5.61254125164959,0.562077022969959,0.45388277799876,0.999997068196745,0.999983379322086,"group_idyes"
"902","WNT2B","Exc L4-5 RORB GABRG1",0.0527523318858856,4.37904595640673,0.884453437698951,0.347574907403237,0.999997068196745,0.999983379322086,"group_idyes"
"903","AL354760.1","Exc L4-5 RORB GABRG1",-0.0614556551339425,1.0998528107562,0.28562328398876,0.593347679297635,0.999997068196745,0.999983379322086,"group_idyes"
"904","ST7L","Exc L4-5 RORB GABRG1",-0.0118655223046411,5.95188273710456,0.103257702291638,0.748129240364531,0.999997068196745,0.999983379322086,"group_idyes"
"905","CAPZA1","Exc L4-5 RORB GABRG1",-0.0110761489226395,5.78059616199299,0.177910010691855,0.673411112244543,0.999997068196745,0.999983379322086,"group_idyes"
"906","MOV10","Exc L4-5 RORB GABRG1",0.0510559550619666,1.89489131704223,0.299613410942164,0.648307483669806,0.999997068196745,0.999983379322086,"group_idyes"
"907","LINC01356","Exc L4-5 RORB GABRG1",-0.0435671987978433,1.3211030109651,0.129997693189919,0.71863230312041,0.999997068196745,0.999983379322086,"group_idyes"
"908","AL390729.1","Exc L4-5 RORB GABRG1",-0.0549923062033914,4.2614203676136,0.787814932342513,0.375316196918946,0.999997068196745,0.999983379322086,"group_idyes"
"909","SLC16A1","Exc L4-5 RORB GABRG1",-0.128743909364882,3.05120898317465,4.09552584205804,0.0436876228625626,0.999997068196745,0.999983379322086,"group_idyes"
"910","SLC16A1-AS1","Exc L4-5 RORB GABRG1",-0.00738221806501352,6.93116916219747,0.0185216759549585,0.891817864900488,0.999997068196745,0.999983379322086,"group_idyes"
"911","AL357055.3","Exc L4-5 RORB GABRG1",0.00116340955866026,3.47940834050352,0.000331621218725386,0.985480390256049,0.999997068196745,0.999983379322086,"group_idyes"
"912","LRIG2","Exc L4-5 RORB GABRG1",-0.00162984963140529,5.32368955826464,0.0038031402379669,0.950857969348181,0.999997068196745,0.999983379322086,"group_idyes"
"913","MAGI3","Exc L4-5 RORB GABRG1",-0.0293217486314008,8.52905597935964,0.673621360447104,0.412300122684529,0.999997068196745,0.999983379322086,"group_idyes"
"914","PHTF1","Exc L4-5 RORB GABRG1",-0.018522654524737,6.56331289623608,0.426028486388108,0.514333986834668,0.999997068196745,0.999983379322086,"group_idyes"
"915","RSBN1","Exc L4-5 RORB GABRG1",0.0259846503367297,5.94935937796332,0.768485581344599,0.740247445407726,0.999997068196745,0.999983379322086,"group_idyes"
"916","PTPN22","Exc L4-5 RORB GABRG1",0.00677001585637913,2.09444120233027,0.00485990238411156,0.944458314285801,0.999997068196745,0.999983379322086,"group_idyes"
"917","AP4B1-AS1","Exc L4-5 RORB GABRG1",0.0624782455410155,2.08386069588075,0.358128239071391,0.549899754642153,0.999997068196745,0.999983379322086,"group_idyes"
"918","BCL2L15","Exc L4-5 RORB GABRG1",-0.0393121451462684,1.4979317409029,0.159686874408237,0.840247638783432,0.999997068196745,0.999983379322086,"group_idyes"
"919","AP4B1","Exc L4-5 RORB GABRG1",-0.0247669934885166,3.87997849111444,0.279977478407434,0.597021128473832,0.999997068196745,0.999983379322086,"group_idyes"
"920","DCLRE1B","Exc L4-5 RORB GABRG1",0.0216439576430724,1.3765771081714,0.0434079723823426,0.83506922645613,0.999997068196745,0.999983379322086,"group_idyes"
"921","HIPK1-AS1","Exc L4-5 RORB GABRG1",0.158148707698808,0.775704302747449,1.37514516472634,0.241655403632641,0.999997068196745,0.999983379322086,"group_idyes"
"922","HIPK1","Exc L4-5 RORB GABRG1",0.0410305195483452,5.40951616299517,1.48143110729586,0.224296810409564,0.999997068196745,0.999983379322086,"group_idyes"
"923","SYT6","Exc L4-5 RORB GABRG1",-0.261491662118686,2.46259419287638,5.12909028117091,0.02408374898182,0.999997068196745,0.999983379322086,"group_idyes"
"924","TRIM33","Exc L4-5 RORB GABRG1",-0.0151641146830917,7.02760833618392,0.368576993955385,0.544139072274437,0.999997068196745,0.999983379322086,"group_idyes"
"925","BCAS2","Exc L4-5 RORB GABRG1",-0.0770979209547381,4.71068663971649,1.62626457583365,0.202990011072007,0.999997068196745,0.999983379322086,"group_idyes"
"926","DENND2C","Exc L4-5 RORB GABRG1",-0.0301373346765794,1.96568911462837,0.0750261558179689,0.784301530524149,0.999997068196745,0.999983379322086,"group_idyes"
"927","AMPD1","Exc L4-5 RORB GABRG1",-0.164791695303906,0.45622602202237,0.702506640184445,0.402463116103553,0.999997068196745,0.999983379322086,"group_idyes"
"928","NRAS","Exc L4-5 RORB GABRG1",0.0371626677713191,2.99939632936121,0.378496214137372,0.764983082795861,0.999997068196745,0.999983379322086,"group_idyes"
"929","CSDE1","Exc L4-5 RORB GABRG1",0.0458666434009505,6.6894026541217,1.43897967111653,0.231042744647224,0.999997068196745,0.999983379322086,"group_idyes"
"930","SIKE1","Exc L4-5 RORB GABRG1",0.064585232432097,4.11768446357248,2.71237777138548,0.177771319273321,0.999997068196745,0.999983379322086,"group_idyes"
"931","SYCP1","Exc L4-5 RORB GABRG1",-0.00520671765151573,0.350483702196837,0.00126065847540351,0.971694873602849,0.999997068196745,0.999983379322086,"group_idyes"
"932","SLC22A15","Exc L4-5 RORB GABRG1",-0.0446852348259003,5.55149946887505,0.99139012309156,0.320028666989725,0.999997068196745,0.999983379322086,"group_idyes"
"933","MAB21L3","Exc L4-5 RORB GABRG1",-0.0146367241730974,0.578773017608924,0.00800975859072582,0.928733306596027,0.999997068196745,0.999983379322086,"group_idyes"
"934","ATP1A1","Exc L4-5 RORB GABRG1",-0.00957713966171368,7.48537891783164,0.0316413038428115,0.858910816588505,0.999997068196745,0.999983379322086,"group_idyes"
"935","LINC01762","Exc L4-5 RORB GABRG1",0.24455451485638,2.0596896882509,3.71582939634938,0.0546346770459776,0.999997068196745,0.999983379322086,"group_idyes"
"936","AL390066.1","Exc L4-5 RORB GABRG1",0.340792220967936,0.384835882374489,4.81756545524007,0.0287680452016276,0.999997068196745,0.999983379322086,"group_idyes"
"937","CD58","Exc L4-5 RORB GABRG1",0.0522481529492233,2.85896099574911,0.58310641274981,0.445565291595731,0.999997068196745,0.999983379322086,"group_idyes"
"938","IGSF3","Exc L4-5 RORB GABRG1",-0.0080098072725487,5.03754622945104,0.0533818188884978,0.966784196399394,0.999997068196745,0.999983379322086,"group_idyes"
"939","PTGFRN","Exc L4-5 RORB GABRG1",0.0062749350167743,5.79398541992757,0.0285622615995423,0.865882524496615,0.999997068196745,0.999983379322086,"group_idyes"
"940","CD101","Exc L4-5 RORB GABRG1",0.0434959538218858,2.53186025830511,0.337008196257774,0.561901127526611,0.999997068196745,0.999983379322086,"group_idyes"
"941","AL445231.1","Exc L4-5 RORB GABRG1",-0.0396930964701172,0.85683024778456,0.0842444838076863,0.771782129083905,0.999997068196745,0.999983379322086,"group_idyes"
"942","TTF2","Exc L4-5 RORB GABRG1",-0.0352016499554619,4.4488567673637,0.407962015619669,0.523385769640537,0.999997068196745,0.999983379322086,"group_idyes"
"943","TRIM45","Exc L4-5 RORB GABRG1",-0.00806910012294837,1.9435032928139,0.0108579863554235,0.917063613860997,0.999997068196745,0.999983379322086,"group_idyes"
"944","MAN1A2","Exc L4-5 RORB GABRG1",0.0131947036176273,8.16334064067971,0.202232905175156,0.6531777691956,0.999997068196745,0.999983379322086,"group_idyes"
"945","TENT5C","Exc L4-5 RORB GABRG1",-0.110278690131425,0.842614068751834,0.459537100875537,0.498247867411694,0.999997068196745,0.999983379322086,"group_idyes"
"946","GDAP2","Exc L4-5 RORB GABRG1",0.0125899455700677,5.78991227158868,0.103092751300936,0.748323658005417,0.999997068196745,0.999983379322086,"group_idyes"
"947","WDR3","Exc L4-5 RORB GABRG1",-0.0177413993498797,4.20621207203748,0.213847416948842,0.644029824984716,0.999997068196745,0.999983379322086,"group_idyes"
"948","SPAG17","Exc L4-5 RORB GABRG1",0.0389534514228481,2.87537013310134,0.131227287488041,0.717361823736677,0.999997068196745,0.999983379322086,"group_idyes"
"949","TBX15","Exc L4-5 RORB GABRG1",0.334342737281948,0.201474279320364,3.23482870171606,0.0728715453568418,0.999997068196745,0.999983379322086,"group_idyes"
"950","WARS2","Exc L4-5 RORB GABRG1",-0.0116788194207072,4.21331054612846,0.0521082782677603,0.919530703403075,0.999997068196745,0.999983379322086,"group_idyes"
"951","AL359915.2","Exc L4-5 RORB GABRG1",0.086058550496695,5.90533865224173,2.04079631219694,0.153940796950679,0.999997068196745,0.999983379322086,"group_idyes"
"952","AL359915.1","Exc L4-5 RORB GABRG1",-0.0724593811729898,2.82241912670918,0.541894111630042,0.462097387662102,0.999997068196745,0.999983379322086,"group_idyes"
"953","ZNF697","Exc L4-5 RORB GABRG1",-0.00356147649873009,3.76333523133592,0.00346144521745197,0.953114835444293,0.999997068196745,0.999983379322086,"group_idyes"
"954","PHGDH","Exc L4-5 RORB GABRG1",-0.110734078602637,1.15705680065362,0.820791531588834,0.365515873287939,0.999997068196745,0.999983379322086,"group_idyes"
"955","NOTCH2","Exc L4-5 RORB GABRG1",-0.00712371597993648,4.87741998105559,0.0202472476100039,0.886923200739323,0.999997068196745,0.999983379322086,"group_idyes"
"956","SEC22B","Exc L4-5 RORB GABRG1",0.0296458248439672,5.30228866990979,0.62261782401241,0.430562125709999,0.999997068196745,0.999983379322086,"group_idyes"
"957","NBPF26","Exc L4-5 RORB GABRG1",0.140795901423387,2.73091398966033,1.95234430311384,0.163139742087018,0.999997068196745,0.999983379322086,"group_idyes"
"958","LINC00623","Exc L4-5 RORB GABRG1",-0.0081275390284468,6.44315773210114,0.0652730691053745,0.798484327163295,0.999997068196745,0.999983379322086,"group_idyes"
"959","AC244453.3","Exc L4-5 RORB GABRG1",-0.0441220413494282,2.59183870426072,0.375274669025204,0.540504979714614,0.999997068196745,0.999983379322086,"group_idyes"
"960","AC244453.1","Exc L4-5 RORB GABRG1",-0.0268746654387898,1.90552639342192,0.0616371024965622,0.804059358041722,0.999997068196745,0.999983379322086,"group_idyes"
"961","SRGAP2C","Exc L4-5 RORB GABRG1",-0.0342671130613051,5.01984803315419,0.967263393602711,0.325981707228658,0.999997068196745,0.999983379322086,"group_idyes"
"962","SRGAP2-AS1","Exc L4-5 RORB GABRG1",-0.0564950515265463,0.703611628941048,0.127611853260949,0.721116984226499,0.999997068196745,0.999983379322086,"group_idyes"
"963","AC244021.1","Exc L4-5 RORB GABRG1",0.101108136607584,4.12523913604369,1.2368831892356,0.266767047560789,0.999997068196745,0.999983379322086,"group_idyes"
"964","AL592494.3","Exc L4-5 RORB GABRG1",0.0634076154372232,0.299073531412069,0.153013680915416,0.695888393890998,0.999997068196745,0.999983379322086,"group_idyes"
"965","AC239800.2","Exc L4-5 RORB GABRG1",0.159238296468289,0.759574474218002,1.83018020630854,0.176900739631892,0.999997068196745,0.999983379322086,"group_idyes"
"966","AC239800.3","Exc L4-5 RORB GABRG1",-0.0799951283422592,3.11552513594303,1.62923347797428,0.362666506171108,0.999997068196745,0.999983379322086,"group_idyes"
"967","AC246680.1","Exc L4-5 RORB GABRG1",-0.0195994626764843,0.698578378727239,0.0204397695597139,0.981160814542525,0.999997068196745,0.999983379322086,"group_idyes"
"968","AC246785.3","Exc L4-5 RORB GABRG1",-0.0246200717940781,1.13710799517929,0.0297587116185434,0.863129563865718,0.999997068196745,0.999983379322086,"group_idyes"
"969","NBPF15","Exc L4-5 RORB GABRG1",-0.0526302595366295,4.22375960388706,0.979289951209801,0.322996125225473,0.999997068196745,0.999983379322086,"group_idyes"
"970","LINC01632","Exc L4-5 RORB GABRG1",0.0200915688945244,2.86301163688407,0.0370839979325012,0.847395738538092,0.999997068196745,0.999983379322086,"group_idyes"
"971","FP700111.1","Exc L4-5 RORB GABRG1",0.00831886717103793,7.54837413281951,0.0244893892783534,0.875728207425218,0.999997068196745,0.999983379322086,"group_idyes"
"972","SRGAP2B","Exc L4-5 RORB GABRG1",0.0106371333984507,5.08154262725112,0.0650978601318472,0.798749127473465,0.999997068196745,0.999983379322086,"group_idyes"
"973","NBPF20","Exc L4-5 RORB GABRG1",0.0364438336798675,2.92883133280623,0.241489844361196,0.623412359637425,0.999997068196745,0.999983379322086,"group_idyes"
"974","GPR89A","Exc L4-5 RORB GABRG1",0.046068742119633,4.73957245814453,0.948756766686927,0.330647970440179,0.999997068196745,0.999983379322086,"group_idyes"
"975","PDZK1","Exc L4-5 RORB GABRG1",-0.0961055457669214,2.30114767275679,0.710768063857524,0.399712782220191,0.999997068196745,0.999983379322086,"group_idyes"
"976","RNF115","Exc L4-5 RORB GABRG1",0.0158903965699091,6.81801298742063,0.447123627539517,0.504105073767722,0.999997068196745,0.999983379322086,"group_idyes"
"977","POLR3C","Exc L4-5 RORB GABRG1",-0.111333994946914,4.04214386944398,6.02055604257748,0.0145827909844163,0.999997068196745,0.999983379322086,"group_idyes"
"978","NUDT17","Exc L4-5 RORB GABRG1",0.0299321634737708,1.47424878955911,0.0720545460264346,0.78851239263875,0.999997068196745,0.999983379322086,"group_idyes"
"979","PIAS3","Exc L4-5 RORB GABRG1",0.0729778409541406,2.98389817210596,1.32569192990886,0.250288109782384,0.999997068196745,0.999983379322086,"group_idyes"
"980","ANKRD35","Exc L4-5 RORB GABRG1",0.0179762871611779,2.76052441465827,0.0740919366808609,0.785615538148989,0.999997068196745,0.999983379322086,"group_idyes"
"981","ITGA10","Exc L4-5 RORB GABRG1",0.152107802653488,2.49720336483375,1.70540114183092,0.192363419405738,0.999997068196745,0.999983379322086,"group_idyes"
"982","PEX11B","Exc L4-5 RORB GABRG1",-0.026591764124862,4.03577208996686,0.140890327817889,0.70760435637364,0.999997068196745,0.999983379322086,"group_idyes"
"983","RBM8A","Exc L4-5 RORB GABRG1",0.0373646282311923,4.18553847789632,0.414279948461457,0.520188610401348,0.999997068196745,0.999983379322086,"group_idyes"
"984","LIX1L","Exc L4-5 RORB GABRG1",-0.0308034766219232,3.2233390240524,0.256637161951528,0.827949498426781,0.999997068196745,0.999983379322086,"group_idyes"
"985","ANKRD34A","Exc L4-5 RORB GABRG1",0.0548398066906177,3.61447499181494,0.417225509548899,0.518709795211002,0.999997068196745,0.999983379322086,"group_idyes"
"986","POLR3GL","Exc L4-5 RORB GABRG1",-0.000261220492953119,2.13950082911055,1.69990645828979e-07,0.999671246524257,0.999997068196745,0.999983379322086,"group_idyes"
"987","TXNIP","Exc L4-5 RORB GABRG1",0.0588747298180504,1.01361142786122,0.15088347705619,0.697907360872165,0.999997068196745,0.999983379322086,"group_idyes"
"988","HJV","Exc L4-5 RORB GABRG1",-0.0251254179397594,1.37565976206033,0.0461062347886588,0.830096571455241,0.999997068196745,0.999983379322086,"group_idyes"
"989","LINC01719","Exc L4-5 RORB GABRG1",-0.0356959448056984,1.51513263296588,0.15001931076949,0.755800885812223,0.999997068196745,0.999983379322086,"group_idyes"
"990","NBPF12","Exc L4-5 RORB GABRG1",0.019749596277741,4.94576064382534,0.192885454507922,0.660772411668005,0.999997068196745,0.999983379322086,"group_idyes"
"991","PRKAB2","Exc L4-5 RORB GABRG1",0.0539902127508319,5.01487489271415,1.88945181323232,0.170063855567471,0.999997068196745,0.999983379322086,"group_idyes"
"992","AC242426.2","Exc L4-5 RORB GABRG1",0.0364379459278268,5.37605206975586,0.731083145936895,0.393064460657042,0.999997068196745,0.999983379322086,"group_idyes"
"993","FMO5","Exc L4-5 RORB GABRG1",0.0494828166020472,2.98637481460275,0.410209828933607,0.522244295919978,0.999997068196745,0.999983379322086,"group_idyes"
"994","CHD1L","Exc L4-5 RORB GABRG1",-0.0211374417864442,5.855834031623,0.432890787054498,0.510967360827041,0.999997068196745,0.999983379322086,"group_idyes"
"995","LINC00624","Exc L4-5 RORB GABRG1",-0.0311190756821808,2.73551426604688,0.221439830948656,0.638211690030817,0.999997068196745,0.999983379322086,"group_idyes"
"996","BCL9","Exc L4-5 RORB GABRG1",-0.0827001139179025,4.45476830155587,4.38254761922849,0.0369629118090535,0.999997068196745,0.999983379322086,"group_idyes"
"997","ACP6","Exc L4-5 RORB GABRG1",-0.00901439441274279,4.50776428609814,0.0415390253889487,0.838608763011179,0.999997068196745,0.999983379322086,"group_idyes"
"998","GPR89B","Exc L4-5 RORB GABRG1",-0.0068764230472856,5.1205022366167,0.0152003686147922,0.901942018868296,0.999997068196745,0.999983379322086,"group_idyes"
"999","AC239803.2","Exc L4-5 RORB GABRG1",-0.035795605308983,0.986905867838958,0.0948366841333776,0.758282731887723,0.999997068196745,0.999983379322086,"group_idyes"
"1000","NBPF11","Exc L4-5 RORB GABRG1",0.0345015097447288,4.13119056881254,0.40977904812805,0.522462710787571,0.999997068196745,0.999983379322086,"group_idyes"
"1001","AC239809.3","Exc L4-5 RORB GABRG1",-0.0775483304989473,6.63539760411769,2.73701462867093,0.0988633455030484,0.999997068196745,0.999983379322086,"group_idyes"
"1002","AC239803.1","Exc L4-5 RORB GABRG1",-0.0583781381565596,1.1485329164204,0.158521526920502,0.690742220764484,0.999997068196745,0.999983379322086,"group_idyes"
"1003","AC245100.7","Exc L4-5 RORB GABRG1",-0.0702789792383332,0.542267121317649,0.228501383502937,0.63290875429478,0.999997068196745,0.999983379322086,"group_idyes"
"1004","PPIAL4G","Exc L4-5 RORB GABRG1",0.0064267027335693,1.27464399694462,0.00345772398810072,0.953140015062753,0.999997068196745,0.999983379322086,"group_idyes"
"1005","NBPF14","Exc L4-5 RORB GABRG1",0.031753496126471,2.17431214079212,0.0843175173207996,0.771685981522803,0.999997068196745,0.999983379322086,"group_idyes"
"1006","NUDT4B","Exc L4-5 RORB GABRG1",0.0904246544980579,0.578791314826325,0.250314029060732,0.617140106729893,0.999997068196745,0.999983379322086,"group_idyes"
"1007","PDE4DIP","Exc L4-5 RORB GABRG1",-0.0186291375710472,9.21367435577978,0.217140987228685,0.641490734321027,0.999997068196745,0.999983379322086,"group_idyes"
"1008","AC239802.2","Exc L4-5 RORB GABRG1",-0.00993229643506427,0.214067996167027,0.00262480585098448,0.959166557370677,0.999997068196745,0.999983379322086,"group_idyes"
"1009","AC239804.1","Exc L4-5 RORB GABRG1",0.131492164427726,1.15939948150924,1.31211033878567,0.252724948762039,0.999997068196745,0.999983379322086,"group_idyes"
"1010","NBPF9","Exc L4-5 RORB GABRG1",-0.0195127492513532,4.32420416509049,0.126988597401964,0.721770370245526,0.999997068196745,0.999983379322086,"group_idyes"
"1011","AC245297.3","Exc L4-5 RORB GABRG1",-0.0261597810152826,6.99113400957769,0.508068615925624,0.476408215575598,0.999997068196745,0.999983379322086,"group_idyes"
"1012","NBPF19","Exc L4-5 RORB GABRG1",0.0254800837780292,4.46405708870572,0.110147512546102,0.740156983522976,0.999997068196745,0.999983379322086,"group_idyes"
"1013","HIST2H2BF","Exc L4-5 RORB GABRG1",-0.033588359900466,1.13104625186018,0.0802073643928101,0.809030566670485,0.999997068196745,0.999983379322086,"group_idyes"
"1014","AC239868.3","Exc L4-5 RORB GABRG1",0.123063508462464,1.37377646508146,1.2153605823356,0.270962212584449,0.999997068196745,0.999983379322086,"group_idyes"
"1015","AC239868.2","Exc L4-5 RORB GABRG1",0.097824910525016,1.05820077348171,0.641283807242357,0.444160871726785,0.999997068196745,0.999983379322086,"group_idyes"
"1016","HIST2H2BE","Exc L4-5 RORB GABRG1",0.209304297937037,0.630010749761783,1.65084001512123,0.199617652970563,0.999997068196745,0.999983379322086,"group_idyes"
"1017","BOLA1","Exc L4-5 RORB GABRG1",0.167346522063745,1.94301059009012,2.7000209692662,0.101163889263172,0.999997068196745,0.999983379322086,"group_idyes"
"1018","SV2A","Exc L4-5 RORB GABRG1",0.0263753608733213,7.50867218262459,0.452887793021988,0.501370786774177,0.999997068196745,0.999983379322086,"group_idyes"
"1019","SF3B4","Exc L4-5 RORB GABRG1",0.0305739137876347,3.36841671185317,0.228554841962688,0.869017974863218,0.999997068196745,0.999983379322086,"group_idyes"
"1020","MTMR11","Exc L4-5 RORB GABRG1",0.0785756804079766,2.84620237396538,1.57778022084925,0.209842947999809,0.999997068196745,0.999983379322086,"group_idyes"
"1021","OTUD7B","Exc L4-5 RORB GABRG1",-0.0314739670763946,5.28238450006384,0.929855824573396,0.335506105204171,0.999997068196745,0.999983379322086,"group_idyes"
"1022","VPS45","Exc L4-5 RORB GABRG1",-0.0307795514599853,6.66010132228778,1.14666850655971,0.284918939645192,0.999997068196745,0.999983379322086,"group_idyes"
"1023","PLEKHO1","Exc L4-5 RORB GABRG1",0.0193134853500676,5.03389451509746,0.243931850457823,0.621662483487028,0.999997068196745,0.999983379322086,"group_idyes"
"1024","ANP32E","Exc L4-5 RORB GABRG1",0.00765538847436543,3.94235719371012,0.0217682575287463,0.882782548200517,0.999997068196745,0.999983379322086,"group_idyes"
"1025","APH1A","Exc L4-5 RORB GABRG1",0.0339224702664162,3.2519993781789,0.299046277570274,0.95358539861268,0.999997068196745,0.999983379322086,"group_idyes"
"1026","C1orf54","Exc L4-5 RORB GABRG1",-0.118717612115214,2.44191129512565,2.00850722129433,0.157228456330225,0.999997068196745,0.999983379322086,"group_idyes"
"1027","CIART","Exc L4-5 RORB GABRG1",0.0363808436784854,2.28719142737334,0.146350712858413,0.702258682124329,0.999997068196745,0.999983379322086,"group_idyes"
"1028","MRPS21","Exc L4-5 RORB GABRG1",-0.00567079957526813,5.57429893649219,0.00872550200183806,0.92562615681647,0.999997068196745,0.999983379322086,"group_idyes"
"1029","PRPF3","Exc L4-5 RORB GABRG1",-0.0327611500772392,5.13041338475463,0.687283710345253,0.407603868967884,0.999997068196745,0.999983379322086,"group_idyes"
"1030","RPRD2","Exc L4-5 RORB GABRG1",0.016154172252227,7.72000990400894,0.343690191150109,0.558050663883324,0.999997068196745,0.999983379322086,"group_idyes"
"1031","TARS2","Exc L4-5 RORB GABRG1",-0.0199748327498243,4.22343095298856,0.219903829574541,0.639378815971101,0.999997068196745,0.999983379322086,"group_idyes"
"1032","ECM1","Exc L4-5 RORB GABRG1",-0.0892488224963855,4.36210097922183,2.79497061027297,0.0953735643254163,0.999997068196745,0.999983379322086,"group_idyes"
"1033","FALEC","Exc L4-5 RORB GABRG1",0.0061142153425705,2.58154044844581,0.00591988782312435,0.938710630376123,0.999997068196745,0.999983379322086,"group_idyes"
"1034","AL356356.1","Exc L4-5 RORB GABRG1",-0.0898325078913361,1.18952201825886,0.436165074937467,0.509374460871231,0.999997068196745,0.999983379322086,"group_idyes"
"1035","MCL1","Exc L4-5 RORB GABRG1",0.062930225247618,3.57313247364728,1.30360209234333,0.738631486972242,0.999997068196745,0.999983379322086,"group_idyes"
"1036","ENSA","Exc L4-5 RORB GABRG1",0.00850657418433508,7.75679241012877,0.0529927348891484,0.818057539293559,0.999997068196745,0.999983379322086,"group_idyes"
"1037","GOLPH3L","Exc L4-5 RORB GABRG1",0.0440757703497509,4.42711893101949,1.06248516043164,0.303296612432304,0.999997068196745,0.999983379322086,"group_idyes"
"1038","HORMAD1","Exc L4-5 RORB GABRG1",-0.0638297085240835,0.646940223069338,0.181174210066076,0.670604081609019,0.999997068196745,0.999983379322086,"group_idyes"
"1039","CTSS","Exc L4-5 RORB GABRG1",-0.0108825697184404,2.89140328139185,0.0207839224635391,0.885444636477131,0.999997068196745,0.999983379322086,"group_idyes"
"1040","CTSK","Exc L4-5 RORB GABRG1",0.0301621903865612,2.50841718306426,0.188923240526657,0.739820527080463,0.999997068196745,0.999983379322086,"group_idyes"
"1041","ARNT","Exc L4-5 RORB GABRG1",-0.0619231659440893,5.60523053900888,4.76531826191609,0.0296425580100087,0.999997068196745,0.999983379322086,"group_idyes"
"1042","SETDB1","Exc L4-5 RORB GABRG1",-0.0272348269856805,5.35607147772063,0.673733502448715,0.412261251211953,0.999997068196745,0.999983379322086,"group_idyes"
"1043","CERS2","Exc L4-5 RORB GABRG1",-0.00490106665571358,2.77771065303314,0.00649587516445567,0.935804366882572,0.999997068196745,0.999983379322086,"group_idyes"
"1044","MINDY1","Exc L4-5 RORB GABRG1",-0.0172463990679982,1.06861733580839,0.0263853644674633,0.871048019948139,0.999997068196745,0.999983379322086,"group_idyes"
"1045","PRUNE1","Exc L4-5 RORB GABRG1",-0.0137260403607648,3.75447931223833,0.101696247855278,0.749976551047178,0.999997068196745,0.999983379322086,"group_idyes"
"1046","BNIPL","Exc L4-5 RORB GABRG1",0.0767179991585499,1.45457030179635,0.597692826737592,0.439934395393391,0.999997068196745,0.999983379322086,"group_idyes"
"1047","C1orf56","Exc L4-5 RORB GABRG1",0.0584221822636726,2.6381669833344,0.336381995966053,0.562264583989974,0.999997068196745,0.999983379322086,"group_idyes"
"1048","CDC42SE1","Exc L4-5 RORB GABRG1",-0.0400999789722461,4.5850862561128,1.07290723043189,0.300940300698535,0.999997068196745,0.999983379322086,"group_idyes"
"1049","MLLT11","Exc L4-5 RORB GABRG1",0.0144347703342912,6.27476609648807,0.0322904396313627,0.857486302332839,0.999997068196745,0.999983379322086,"group_idyes"
"1050","GABPB2","Exc L4-5 RORB GABRG1",0.0111993604160055,5.48162257299759,0.0322470918789973,0.85758096490425,0.999997068196745,0.999983379322086,"group_idyes"
"1051","SEMA6C","Exc L4-5 RORB GABRG1",-0.00682446782429878,3.84695508462447,0.0244713349714411,0.960457520605295,0.999997068196745,0.999983379322086,"group_idyes"
"1052","SCNM1","Exc L4-5 RORB GABRG1",-0.00264604643572409,3.36480685735367,0.000822919249446528,0.977129442682434,0.999997068196745,0.999983379322086,"group_idyes"
"1053","LYSMD1","Exc L4-5 RORB GABRG1",0.0467960007125933,2.43147097514644,0.33799654176148,0.753573145740509,0.999997068196745,0.999983379322086,"group_idyes"
"1054","VPS72","Exc L4-5 RORB GABRG1",0.0714881978361039,4.0270451962464,1.71856163403105,0.190660235745589,0.999997068196745,0.999983379322086,"group_idyes"
"1055","PIP5K1A","Exc L4-5 RORB GABRG1",-0.0156780471929714,6.30486069640798,0.16498625589789,0.684832503275308,0.999997068196745,0.999983379322086,"group_idyes"
"1056","PSMD4","Exc L4-5 RORB GABRG1",-0.0240716984055603,5.45297555030469,0.505818784492674,0.477385460560267,0.999997068196745,0.999983379322086,"group_idyes"
"1057","ZNF687","Exc L4-5 RORB GABRG1",0.132980873173415,2.59115512012273,3.38480005200268,0.0702882052023944,0.999997068196745,0.999983379322086,"group_idyes"
"1058","PI4KB","Exc L4-5 RORB GABRG1",0.00660015319884037,5.3667906628164,0.0423179515124155,0.83712369439972,0.999997068196745,0.999983379322086,"group_idyes"
"1059","RFX5","Exc L4-5 RORB GABRG1",-0.0590438524894144,2.18270380007251,0.574284763395301,0.449025188621782,0.999997068196745,0.999983379322086,"group_idyes"
"1060","PSMB4","Exc L4-5 RORB GABRG1",-0.00208912771204321,4.07042145526177,0.00102287879904665,0.974502610616131,0.999997068196745,0.999983379322086,"group_idyes"
"1061","POGZ","Exc L4-5 RORB GABRG1",-0.00916720695476929,7.84174896453991,0.162930096936794,0.686697303831994,0.999997068196745,0.999983379322086,"group_idyes"
"1062","CGN","Exc L4-5 RORB GABRG1",0.09758212582679,0.899294801463798,0.504116245820029,0.4781271602763,0.999997068196745,0.999983379322086,"group_idyes"
"1063","TUFT1","Exc L4-5 RORB GABRG1",-0.019984213082201,3.47360639554888,0.213638376463538,0.644191778744176,0.999997068196745,0.999983379322086,"group_idyes"
"1064","SNX27","Exc L4-5 RORB GABRG1",-0.00246090982307982,6.56992582380936,0.0116427782025064,0.914129912062702,0.999997068196745,0.999983379322086,"group_idyes"
"1065","CELF3","Exc L4-5 RORB GABRG1",0.0471760474229445,5.34047694664975,1.11161423895477,0.292392987942346,0.999997068196745,0.999983379322086,"group_idyes"
"1066","RIIAD1","Exc L4-5 RORB GABRG1",-0.00718841278400843,2.11521342873005,0.00796949201929616,0.928912190075633,0.999997068196745,0.999983379322086,"group_idyes"
"1067","AL589765.7","Exc L4-5 RORB GABRG1",-0.0972964700924055,2.01489183051221,1.24546484715195,0.26511698228182,0.999997068196745,0.999983379322086,"group_idyes"
"1068","MRPL9","Exc L4-5 RORB GABRG1",-0.02983761135477,3.55547217600983,0.210474290685331,0.646654978089672,0.999997068196745,0.999983379322086,"group_idyes"
"1069","AL589765.4","Exc L4-5 RORB GABRG1",-0.143840000594249,1.45692697019334,2.44117351576457,0.119009935815973,0.999997068196745,0.999983379322086,"group_idyes"
"1070","TDRKH","Exc L4-5 RORB GABRG1",0.0177019071510254,3.38104154870418,0.102278859387387,0.749285463790133,0.999997068196745,0.999983379322086,"group_idyes"
"1071","TDRKH-AS1","Exc L4-5 RORB GABRG1",0.0108411863576114,1.20482135164293,0.0115095528747283,0.914620722595662,0.999997068196745,0.999983379322086,"group_idyes"
"1072","AL589765.6","Exc L4-5 RORB GABRG1",-0.0438807347408709,1.03024658406962,0.144962314075866,0.703606941252235,0.999997068196745,0.999983379322086,"group_idyes"
"1073","AL450992.2","Exc L4-5 RORB GABRG1",-0.00699583599588176,2.95177097754393,0.0105072849919543,0.91840921124744,0.999997068196745,0.999983379322086,"group_idyes"
"1074","THEM4","Exc L4-5 RORB GABRG1",0.00103165555603928,5.31627832380315,0.000664993644794306,0.979440225635243,0.999997068196745,0.999983379322086,"group_idyes"
"1075","TCHH","Exc L4-5 RORB GABRG1",0.163636609442116,1.97679490725177,2.78717688257488,0.0958349161626175,0.999997068196745,0.999983379322086,"group_idyes"
"1076","FLG-AS1","Exc L4-5 RORB GABRG1",0.0348724502046762,6.03856892827244,0.170304639316772,0.680071082967896,0.999997068196745,0.999983379322086,"group_idyes"
"1077","LOR","Exc L4-5 RORB GABRG1",-0.117087279676266,1.1204406235357,0.565479546347499,0.452520630064658,0.999997068196745,0.999983379322086,"group_idyes"
"1078","S100A6","Exc L4-5 RORB GABRG1",-0.0433572202785534,4.87628798619675,0.138014741745421,0.710467165730598,0.999997068196745,0.999983379322086,"group_idyes"
"1079","S100A13","Exc L4-5 RORB GABRG1",0.0194845917536266,1.36918192309785,0.0275055951007954,0.868363602261658,0.999997068196745,0.999983379322086,"group_idyes"
"1080","CHTOP","Exc L4-5 RORB GABRG1",0.00840829403836531,4.69833209577591,0.0455749732270618,0.831063364522088,0.999997068196745,0.999983379322086,"group_idyes"
"1081","SNAPIN","Exc L4-5 RORB GABRG1",0.0695609659780476,2.63553551439513,0.501945247442953,0.479075679911952,0.999997068196745,0.999983379322086,"group_idyes"
"1082","ILF2","Exc L4-5 RORB GABRG1",0.0202032120524482,4.18005451987302,0.0835555225158924,0.772691369313514,0.999997068196745,0.999983379322086,"group_idyes"
"1083","INTS3","Exc L4-5 RORB GABRG1",0.0261299744139658,5.58231293272439,0.68912877940029,0.870012484661064,0.999997068196745,0.999983379322086,"group_idyes"
"1084","SLC27A3","Exc L4-5 RORB GABRG1",0.0534733634607408,3.81093773077625,0.652588631543588,0.419687880081278,0.999997068196745,0.999983379322086,"group_idyes"
"1085","GATAD2B","Exc L4-5 RORB GABRG1",-0.00749813984977286,7.2871382473348,0.0705362214643515,0.79069989147765,0.999997068196745,0.999983379322086,"group_idyes"
"1086","AL358472.5","Exc L4-5 RORB GABRG1",-0.074582579421002,1.27920880602683,0.479478994453458,0.489076129135081,0.999997068196745,0.999983379322086,"group_idyes"
"1087","DENND4B","Exc L4-5 RORB GABRG1",0.0226375710416984,5.27959125251409,0.422917499512853,0.829414724134222,0.999997068196745,0.999983379322086,"group_idyes"
"1088","CRTC2","Exc L4-5 RORB GABRG1",-0.00231141230664139,3.29494402626911,0.00133491068547115,0.97087358106946,0.999997068196745,0.999983379322086,"group_idyes"
"1089","SLC39A1","Exc L4-5 RORB GABRG1",0.0526875662242331,1.99698009462775,0.387109449908208,0.53419127393361,0.999997068196745,0.999983379322086,"group_idyes"
"1090","CREB3L4","Exc L4-5 RORB GABRG1",-0.0195538906291365,0.778586254094515,0.0257700477836905,0.872547436555666,0.999997068196745,0.999983379322086,"group_idyes"
"1091","JTB","Exc L4-5 RORB GABRG1",-0.0259171884136397,4.91112585658524,0.0999459103531127,0.752065997840605,0.999997068196745,0.999983379322086,"group_idyes"
"1092","RPS27","Exc L4-5 RORB GABRG1",0.0273547674375522,4.03646909388373,0.036972582973273,0.847622330007659,0.999997068196745,0.999983379322086,"group_idyes"
"1093","NUP210L","Exc L4-5 RORB GABRG1",0.0984994274633487,3.15251039064702,0.876195187547028,0.349833088782855,0.999997068196745,0.999983379322086,"group_idyes"
"1094","TPM3","Exc L4-5 RORB GABRG1",-0.0558212019283261,6.1019831300385,1.87324240628026,0.171902810086959,0.999997068196745,0.999983379322086,"group_idyes"
"1095","C1orf43","Exc L4-5 RORB GABRG1",0.0131328612971633,5.2343914693896,0.0735307433624872,0.786409156280304,0.999997068196745,0.999983379322086,"group_idyes"
"1096","UBAP2L","Exc L4-5 RORB GABRG1",0.0115670187059618,5.30743287497606,0.165647984534007,0.684235240592268,0.999997068196745,0.999983379322086,"group_idyes"
"1097","HAX1","Exc L4-5 RORB GABRG1",0.0387447089164619,4.0381735774334,0.233293888810543,0.629366876747891,0.999997068196745,0.999983379322086,"group_idyes"
"1098","ATP8B2","Exc L4-5 RORB GABRG1",-0.0187854405856154,5.38787592192418,0.15830325836178,0.690944170535105,0.999997068196745,0.999983379322086,"group_idyes"
"1099","IL6R","Exc L4-5 RORB GABRG1",-0.0623185518941889,2.22844106966928,0.28619572515725,0.592977832576828,0.999997068196745,0.999983379322086,"group_idyes"
"1100","UBE2Q1","Exc L4-5 RORB GABRG1",0.0687636837104555,4.92607707974154,1.44746103624075,0.229675612451334,0.999997068196745,0.999983379322086,"group_idyes"
"1101","CHRNB2","Exc L4-5 RORB GABRG1",0.0461563836439528,3.43202169539531,0.519654803977479,0.471426761378775,0.999997068196745,0.999983379322086,"group_idyes"
"1102","ADAR","Exc L4-5 RORB GABRG1",0.0113523182827154,6.70313753413671,0.161678762688928,0.68783889023764,0.999997068196745,0.999983379322086,"group_idyes"
"1103","KCNN3","Exc L4-5 RORB GABRG1",-0.0846282812415069,3.83745926027309,1.71437472425035,0.191200168721196,0.999997068196745,0.999983379322086,"group_idyes"
"1104","PMVK","Exc L4-5 RORB GABRG1",-0.00711925984405069,3.67029104521194,0.0108025209177401,0.917274949872927,0.999997068196745,0.999983379322086,"group_idyes"
"1105","PBXIP1","Exc L4-5 RORB GABRG1",0.0927418429467922,2.11319557111092,1.14012412778553,0.286295633378282,0.999997068196745,0.999983379322086,"group_idyes"
"1106","PYGO2","Exc L4-5 RORB GABRG1",0.00758968289154647,3.82941806537916,0.0189893052157971,0.890469241544622,0.999997068196745,0.999983379322086,"group_idyes"
"1107","AL451085.2","Exc L4-5 RORB GABRG1",-0.0290829089790443,1.30372546714768,0.0495509547395941,0.823964622785561,0.999997068196745,0.999983379322086,"group_idyes"
"1108","SHC1","Exc L4-5 RORB GABRG1",0.126977178331365,0.626047222585426,0.899515325562442,0.343507054690942,0.999997068196745,0.999983379322086,"group_idyes"
"1109","CKS1B","Exc L4-5 RORB GABRG1",0.0360293331143069,1.06747182404236,0.069080898850831,0.792820410731434,0.999997068196745,0.999983379322086,"group_idyes"
"1110","FLAD1","Exc L4-5 RORB GABRG1",-0.0828624331973036,3.50315348335719,2.49432435269108,0.115079190969956,0.999997068196745,0.999983379322086,"group_idyes"
"1111","ZBTB7B","Exc L4-5 RORB GABRG1",0.00694509234979058,1.30590558827264,0.00418871478036859,0.948430329462233,0.999997068196745,0.999983379322086,"group_idyes"
"1112","DCST2","Exc L4-5 RORB GABRG1",-0.169772426119393,0.901825474275468,1.53757553206227,0.215734795841413,0.999997068196745,0.999983379322086,"group_idyes"
"1113","DCST1","Exc L4-5 RORB GABRG1",0.0119351008509069,0.156854282965634,0.00473955678713818,0.945149211255614,0.999997068196745,0.999983379322086,"group_idyes"
"1114","ADAM15","Exc L4-5 RORB GABRG1",0.00671543684977329,4.11237531349654,0.0192222999468545,0.914134971430314,0.999997068196745,0.999983379322086,"group_idyes"
"1115","EFNA3","Exc L4-5 RORB GABRG1",0.0214412701927883,4.22946930433574,0.0890133428150553,0.765596319732212,0.999997068196745,0.999983379322086,"group_idyes"
"1116","EFNA1","Exc L4-5 RORB GABRG1",-0.0172176994155783,2.43774895262034,0.0501777043996912,0.822873248171186,0.999997068196745,0.999983379322086,"group_idyes"
"1117","SLC50A1","Exc L4-5 RORB GABRG1",0.080422751247558,2.44767367325909,1.40526310465588,0.236576007437643,0.999997068196745,0.999983379322086,"group_idyes"
"1118","DPM3","Exc L4-5 RORB GABRG1",-0.0102626470068942,3.18983249695692,0.0115292389264413,0.91454801767616,0.999997068196745,0.999983379322086,"group_idyes"
"1119","KRTCAP2","Exc L4-5 RORB GABRG1",-0.0885767999899867,0.24585855154082,0.164199541475789,0.685544394500504,0.999997068196745,0.999983379322086,"group_idyes"
"1120","AL713999.1","Exc L4-5 RORB GABRG1",0.0107115772864361,0.947192454920868,0.0061384543503221,0.93759173879769,0.999997068196745,0.999983379322086,"group_idyes"
"1121","TRIM46","Exc L4-5 RORB GABRG1",-0.0627165685299914,3.99854864621168,1.90005094215551,0.168873637923862,0.999997068196745,0.999983379322086,"group_idyes"
"1122","AC234582.1","Exc L4-5 RORB GABRG1",0.0101951690527173,0.849058907666298,0.00503450843458019,0.943471018958331,0.999997068196745,0.999983379322086,"group_idyes"
"1123","THBS3","Exc L4-5 RORB GABRG1",-0.0431736306478386,3.33162136123136,0.437959968618375,0.508504908958385,0.999997068196745,0.999983379322086,"group_idyes"
"1124","MTX1","Exc L4-5 RORB GABRG1",-0.0330770358720384,2.35032430214106,0.125916222231597,0.722898831041889,0.999997068196745,0.999983379322086,"group_idyes"
"1125","GBA","Exc L4-5 RORB GABRG1",-0.0594705583390277,3.94997467726389,1.08848980419157,0.297461176788291,0.999997068196745,0.999983379322086,"group_idyes"
"1126","FAM189B","Exc L4-5 RORB GABRG1",-0.036840862184678,4.25134568454776,0.783105429599941,0.376745789069641,0.999997068196745,0.999983379322086,"group_idyes"
"1127","SCAMP3","Exc L4-5 RORB GABRG1",0.0162125630940117,4.13822834949998,0.0993428811294893,0.975425545660139,0.999997068196745,0.999983379322086,"group_idyes"
"1128","CLK2","Exc L4-5 RORB GABRG1",-0.0845512675625486,3.93122108725034,4.31145539707917,0.0385199721700518,0.999997068196745,0.999983379322086,"group_idyes"
"1129","HCN3","Exc L4-5 RORB GABRG1",-0.0381079928274891,3.11098811040583,0.389967120906956,0.532686824801847,0.999997068196745,0.999983379322086,"group_idyes"
"1130","FDPS","Exc L4-5 RORB GABRG1",-0.0415451264258221,5.43623563083346,0.81465833294853,0.367311323214976,0.999997068196745,0.999983379322086,"group_idyes"
"1131","RUSC1","Exc L4-5 RORB GABRG1",0.0537783264453632,5.33909266535095,1.15278399454294,0.283640067698886,0.999997068196745,0.999983379322086,"group_idyes"
"1132","ASH1L","Exc L4-5 RORB GABRG1",0.00275614442687405,8.44354802475883,0.0148862177026825,0.902955523332464,0.999997068196745,0.999983379322086,"group_idyes"
"1133","ASH1L-AS1","Exc L4-5 RORB GABRG1",-0.0286134848457933,1.08301001752597,0.059782548237014,0.806970309153121,0.999997068196745,0.999983379322086,"group_idyes"
"1134","MSTO1","Exc L4-5 RORB GABRG1",-0.121887917570697,2.77922268695086,3.43852567590352,0.0644575421601835,0.999997068196745,0.999983379322086,"group_idyes"
"1135","YY1AP1","Exc L4-5 RORB GABRG1",-0.0404016479362178,5.79964458648592,2.26008894289139,0.171979137436146,0.999997068196745,0.999983379322086,"group_idyes"
"1136","DAP3","Exc L4-5 RORB GABRG1",-0.0386856647373111,5.97270576249214,1.50804704050924,0.220188085466675,0.999997068196745,0.999983379322086,"group_idyes"
"1137","GON4L","Exc L4-5 RORB GABRG1",-0.00743335758907009,6.38388003599864,0.0657116827780711,0.797823088793705,0.999997068196745,0.999983379322086,"group_idyes"
"1138","SYT11","Exc L4-5 RORB GABRG1",0.0282769812043509,7.35949411616077,0.388417858113557,0.533501495492445,0.999997068196745,0.999983379322086,"group_idyes"
"1139","RIT1","Exc L4-5 RORB GABRG1",-0.0664444015794052,2.67673006314903,1.05781668398461,0.304359849078508,0.999997068196745,0.999983379322086,"group_idyes"
"1140","KHDC4","Exc L4-5 RORB GABRG1",-0.00373219852031757,5.29100561310883,0.01134523261894,0.91523006355414,0.999997068196745,0.999983379322086,"group_idyes"
"1141","ARHGEF2","Exc L4-5 RORB GABRG1",0.0135888455933227,5.64516995595221,0.156544547126034,0.888634175585589,0.999997068196745,0.999983379322086,"group_idyes"
"1142","SSR2","Exc L4-5 RORB GABRG1",0.122950616337261,4.05496848158863,2.49015282113962,0.115382432890638,0.999997068196745,0.999983379322086,"group_idyes"
"1143","UBQLN4","Exc L4-5 RORB GABRG1",0.0739409856525567,4.42775658502574,1.66772956733453,0.197338251066872,0.999997068196745,0.999983379322086,"group_idyes"
"1144","LAMTOR2","Exc L4-5 RORB GABRG1",-0.0180146729174863,2.8556448747021,0.0379869233189493,0.845572282100636,0.999997068196745,0.999983379322086,"group_idyes"
"1145","LMNA","Exc L4-5 RORB GABRG1",-0.00690179482830287,4.57707398582745,0.0195229019297302,0.888950880049183,0.999997068196745,0.999983379322086,"group_idyes"
"1146","SEMA4A","Exc L4-5 RORB GABRG1",-0.00814579793431751,3.09172136671991,0.0128154110808071,0.909926941781821,0.999997068196745,0.999983379322086,"group_idyes"
"1147","SLC25A44","Exc L4-5 RORB GABRG1",-0.0213486121992228,3.96434855176197,0.123004731976488,0.725990147290753,0.999997068196745,0.999983379322086,"group_idyes"
"1148","PAQR6","Exc L4-5 RORB GABRG1",-0.045566044644686,1.23205769251508,0.178085137619843,0.673259745463547,0.999997068196745,0.999983379322086,"group_idyes"
"1149","SMG5","Exc L4-5 RORB GABRG1",-0.0151251753929384,5.43164870794249,0.196040831945791,0.658184565783814,0.999997068196745,0.999983379322086,"group_idyes"
"1150","TMEM79","Exc L4-5 RORB GABRG1",0.0263854132672475,1.69237682236885,0.0820585796955047,0.77468102524285,0.999997068196745,0.999983379322086,"group_idyes"
"1151","GLMP","Exc L4-5 RORB GABRG1",0.105697620381079,2.26908369096928,2.06006611508079,0.152016067838312,0.999997068196745,0.999983379322086,"group_idyes"
"1152","CCT3","Exc L4-5 RORB GABRG1",0.0593722548118673,5.63494951740932,1.1595435782159,0.282234970797232,0.999997068196745,0.999983379322086,"group_idyes"
"1153","TSACC","Exc L4-5 RORB GABRG1",0.0333130129329686,0.648325797640672,0.0472793368542579,0.827982193324993,0.999997068196745,0.999983379322086,"group_idyes"
"1154","C1orf61","Exc L4-5 RORB GABRG1",-0.0956127209699341,4.9051074697549,4.02645177382008,0.0454913540529155,0.999997068196745,0.999983379322086,"group_idyes"
"1155","AL139412.1","Exc L4-5 RORB GABRG1",0.164183288873229,0.457177028192117,1.18311959579548,0.27740276339813,0.999997068196745,0.999983379322086,"group_idyes"
"1156","MEF2D","Exc L4-5 RORB GABRG1",0.0349811580908157,6.02972272003249,1.13928744949967,0.605608394040735,0.999997068196745,0.999983379322086,"group_idyes"
"1157","IQGAP3","Exc L4-5 RORB GABRG1",-0.205737681658395,0.8690344879951,1.7017947649676,0.192833249916389,0.999997068196745,0.999983379322086,"group_idyes"
"1158","NAXE","Exc L4-5 RORB GABRG1",0.0174300030885374,2.12171111274043,0.0229545830643268,0.879654649860572,0.999997068196745,0.999983379322086,"group_idyes"
"1159","GPATCH4","Exc L4-5 RORB GABRG1",-0.0733450067904932,3.00761170788087,1.22890640982551,0.268312328139779,0.999997068196745,0.999983379322086,"group_idyes"
"1160","AL365181.4","Exc L4-5 RORB GABRG1",0.0202497655657928,1.43898350113251,0.0326502184939208,0.856703137839511,0.999997068196745,0.999983379322086,"group_idyes"
"1161","HAPLN2","Exc L4-5 RORB GABRG1",-0.0574283199487599,3.34179954702889,0.764941885451563,0.382332027685276,0.999997068196745,0.999983379322086,"group_idyes"
"1162","BCAN","Exc L4-5 RORB GABRG1",0.0413631305898707,4.74546254182822,0.492136098566434,0.483400111089073,0.999997068196745,0.999983379322086,"group_idyes"
"1163","NES","Exc L4-5 RORB GABRG1",0.22812111477976,1.15921930175234,2.79339081252603,0.0954668843462991,0.999997068196745,0.999983379322086,"group_idyes"
"1164","CRABP2","Exc L4-5 RORB GABRG1",-0.0384164014776998,2.34529335719747,0.194289902627959,0.659617470600492,0.999997068196745,0.999983379322086,"group_idyes"
"1165","ISG20L2","Exc L4-5 RORB GABRG1",-0.0234156413627665,4.3346511345463,0.309519110574237,0.977764198611167,0.999997068196745,0.999983379322086,"group_idyes"
"1166","RRNAD1","Exc L4-5 RORB GABRG1",0.0300893232084402,3.65334873498672,0.316155744615581,0.674897274134782,0.999997068196745,0.999983379322086,"group_idyes"
"1167","MRPL24","Exc L4-5 RORB GABRG1",-0.0487520768194541,2.59405172889258,0.245585854288015,0.620483450419113,0.999997068196745,0.999983379322086,"group_idyes"
"1168","HDGF","Exc L4-5 RORB GABRG1",0.0684914138066556,4.86702162607016,2.56400415290011,0.110142121979741,0.999997068196745,0.999983379322086,"group_idyes"
"1169","PRCC","Exc L4-5 RORB GABRG1",-0.0193038324493482,4.90237792255375,0.294866389155691,0.616363785747665,0.999997068196745,0.999983379322086,"group_idyes"
"1170","ARHGEF11","Exc L4-5 RORB GABRG1",-0.0333863461310399,7.0833362499553,0.898598353736023,0.343752855605391,0.999997068196745,0.999983379322086,"group_idyes"
"1171","ETV3","Exc L4-5 RORB GABRG1",0.0102439094275643,3.28021298894211,0.0351600271119828,0.922294278030078,0.999997068196745,0.999983379322086,"group_idyes"
"1172","KIRREL1","Exc L4-5 RORB GABRG1",0.330344944372632,0.588348242013958,3.67175174224353,0.0560827160168646,0.999997068196745,0.999983379322086,"group_idyes"
"1173","LINC01704","Exc L4-5 RORB GABRG1",-0.0363604081461466,-0.0123604805554183,0.0291579791223937,0.864504547046212,0.999997068196745,0.999983379322086,"group_idyes"
"1174","PYHIN1","Exc L4-5 RORB GABRG1",0.0167040403916338,0.425165567872247,0.0092390332887407,0.923475402068747,0.999997068196745,0.999983379322086,"group_idyes"
"1175","IFI16","Exc L4-5 RORB GABRG1",-0.058068704175352,2.52524010901584,0.316325311388382,0.574151964767657,0.999997068196745,0.999983379322086,"group_idyes"
"1176","CADM3","Exc L4-5 RORB GABRG1",0.0223579145858784,7.03423398649813,0.40522099943982,0.524783708427286,0.999997068196745,0.999983379322086,"group_idyes"
"1177","CADM3-AS1","Exc L4-5 RORB GABRG1",0.0128696260780309,1.09655324945117,0.00921253575506095,0.923584879155753,0.999997068196745,0.999983379322086,"group_idyes"
"1178","ACKR1","Exc L4-5 RORB GABRG1",0.0946296333883237,3.68421494647885,1.71598542441112,0.190992245524489,0.999997068196745,0.999983379322086,"group_idyes"
"1179","DUSP23","Exc L4-5 RORB GABRG1",0.0185800485767312,1.6832740310474,0.0189581189955817,0.89055865106938,0.999997068196745,0.999983379322086,"group_idyes"
"1180","AL590560.2","Exc L4-5 RORB GABRG1",-0.00902709377270402,2.4470558497846,0.00855441765525746,0.926356802167561,0.999997068196745,0.999983379322086,"group_idyes"
"1181","KCNJ10","Exc L4-5 RORB GABRG1",0.000130150378881492,0.941729063636663,1.10367131508691e-05,0.997351030669231,0.999997068196745,0.999983379322086,"group_idyes"
"1182","KCNJ9","Exc L4-5 RORB GABRG1",0.0610854415313962,5.53181056058972,1.61474536774856,0.204593867306084,0.999997068196745,0.999983379322086,"group_idyes"
"1183","IGSF8","Exc L4-5 RORB GABRG1",0.022890131588953,6.0757021133567,0.235271915258224,0.62791810423983,0.999997068196745,0.999983379322086,"group_idyes"
"1184","ATP1A2","Exc L4-5 RORB GABRG1",0.038030955949783,4.37188948423851,0.42235087311569,0.516154169917074,0.999997068196745,0.999983379322086,"group_idyes"
"1185","ATP1A4","Exc L4-5 RORB GABRG1",-0.0198911450076618,0.836273220368381,0.0267814488871041,0.870092310126445,0.999997068196745,0.999983379322086,"group_idyes"
"1186","CASQ1","Exc L4-5 RORB GABRG1",0.124913649894289,2.299849349011,1.52301520489888,0.217917086041753,0.999997068196745,0.999983379322086,"group_idyes"
"1187","PEA15","Exc L4-5 RORB GABRG1",0.104636571931894,6.0971660893981,2.16770608244086,0.141753885391334,0.999997068196745,0.999983379322086,"group_idyes"
"1188","DCAF8","Exc L4-5 RORB GABRG1",-0.00538355844751572,4.95381181683777,0.0128936809598949,0.909653480327715,0.999997068196745,0.999983379322086,"group_idyes"
"1189","AL139011.2","Exc L4-5 RORB GABRG1",0.0484289537077408,4.20866495958193,0.713947840318111,0.398661472870282,0.999997068196745,0.999983379322086,"group_idyes"
"1190","COPA","Exc L4-5 RORB GABRG1",0.0245567085622698,6.74730058938448,0.786839495209536,0.375611667595253,0.999997068196745,0.999983379322086,"group_idyes"
"1191","NCSTN","Exc L4-5 RORB GABRG1",0.00804219588295841,3.7205018305257,0.0230993150401431,0.879278759137071,0.999997068196745,0.999983379322086,"group_idyes"
"1192","NHLH1","Exc L4-5 RORB GABRG1",0.35112536372829,0.65353053892459,4.99540723627235,0.0259880268334718,0.999997068196745,0.999983379322086,"group_idyes"
"1193","AL121985.1","Exc L4-5 RORB GABRG1",0.0446818767249417,0.879774699423425,0.0884001826975078,0.766381399544078,0.999997068196745,0.999983379322086,"group_idyes"
"1194","F11R","Exc L4-5 RORB GABRG1",-0.127035957549585,1.37190630339652,1.43945029591374,0.230966626087232,0.999997068196745,0.999983379322086,"group_idyes"
"1195","AL591806.3","Exc L4-5 RORB GABRG1",-0.0119335736811604,3.16049081337091,0.0257497919044097,0.872597107070982,0.999997068196745,0.999983379322086,"group_idyes"
"1196","USF1","Exc L4-5 RORB GABRG1",-0.180428366961047,2.92580939297293,4.73702000547514,0.0301277826680215,0.999997068196745,0.999983379322086,"group_idyes"
"1197","KLHDC9","Exc L4-5 RORB GABRG1",-0.0203281692871803,3.62432547216058,0.0595381547228152,0.807357466157062,0.999997068196745,0.999983379322086,"group_idyes"
"1198","PFDN2","Exc L4-5 RORB GABRG1",-0.0198095445241626,5.54907460663179,0.074956311841947,0.784399462992391,0.999997068196745,0.999983379322086,"group_idyes"
"1199","NIT1","Exc L4-5 RORB GABRG1",0.0166901337496039,3.65565509836648,0.0720160873359267,0.788567494739889,0.999997068196745,0.999983379322086,"group_idyes"
"1200","DEDD","Exc L4-5 RORB GABRG1",-0.0387631969124852,3.09352312554276,0.445671038129898,0.704411693460885,0.999997068196745,0.999983379322086,"group_idyes"
"1201","UFC1","Exc L4-5 RORB GABRG1",0.0110930307309581,3.84404230461842,0.0139585457866396,0.906013404673492,0.999997068196745,0.999983379322086,"group_idyes"
"1202","USP21","Exc L4-5 RORB GABRG1",0.106041335258756,2.41075356436853,1.82632771538791,0.271393498351709,0.999997068196745,0.999983379322086,"group_idyes"
"1203","PPOX","Exc L4-5 RORB GABRG1",-0.0208214609096657,3.35495960527975,0.178687813025829,0.930732853684485,0.999997068196745,0.999983379322086,"group_idyes"
"1204","B4GALT3","Exc L4-5 RORB GABRG1",-0.0263066991556808,3.13425796035536,0.122354911811717,0.726685700433732,0.999997068196745,0.999983379322086,"group_idyes"
"1205","NDUFS2","Exc L4-5 RORB GABRG1",0.0225021752752857,5.45986934036495,0.184321198911214,0.667925993889078,0.999997068196745,0.999983379322086,"group_idyes"
"1206","TOMM40L","Exc L4-5 RORB GABRG1",0.00369786382763257,3.05920910380454,0.00356161024801281,0.952442102792991,0.999997068196745,0.999983379322086,"group_idyes"
"1207","NR1I3","Exc L4-5 RORB GABRG1",-0.0817022971776051,0.176663103114333,0.218437211166581,0.76858625053444,0.999997068196745,0.999983379322086,"group_idyes"
"1208","PCP4L1","Exc L4-5 RORB GABRG1",0.0244517565216969,0.664276448660483,0.0290706367083598,0.864705670006956,0.999997068196745,0.999983379322086,"group_idyes"
"1209","MPZ","Exc L4-5 RORB GABRG1",-0.00734787470226734,1.56739045975784,0.00645134728638012,0.936024293516238,0.999997068196745,0.999983379322086,"group_idyes"
"1210","SDHC","Exc L4-5 RORB GABRG1",0.0107476771129001,5.84913330657892,0.156848408085307,0.692294387525827,0.999997068196745,0.999983379322086,"group_idyes"
"1211","AL592295.4","Exc L4-5 RORB GABRG1",-0.0872096728741748,3.39630436294958,0.732006104003226,0.392766214479912,0.999997068196745,0.999983379322086,"group_idyes"
"1212","AL592295.3","Exc L4-5 RORB GABRG1",-0.0412436468455373,1.50635489952279,0.0573492119536654,0.810863292312271,0.999997068196745,0.999983379322086,"group_idyes"
"1213","HSPA6","Exc L4-5 RORB GABRG1",-0.142382504810352,0.467835966935628,0.226339279267261,0.634521603804272,0.999997068196745,0.999983379322086,"group_idyes"
"1214","FCRLB","Exc L4-5 RORB GABRG1",0.0201555244549633,1.19073045452704,0.0234971198668761,0.878251763879662,0.999997068196745,0.999983379322086,"group_idyes"
"1215","DUSP12","Exc L4-5 RORB GABRG1",0.00216842325409666,3.66949717406634,0.00167179404656616,0.967406730221681,0.999997068196745,0.999983379322086,"group_idyes"
"1216","ATF6","Exc L4-5 RORB GABRG1",-0.0103832728855018,6.67062662744322,0.106099594347356,0.74480623944903,0.999997068196745,0.999983379322086,"group_idyes"
"1217","OLFML2B","Exc L4-5 RORB GABRG1",-0.0474064910437463,1.04517671139402,0.103930376289224,0.747338169965009,0.999997068196745,0.999983379322086,"group_idyes"
"1218","NOS1AP","Exc L4-5 RORB GABRG1",0.00349146921541155,6.16975733744446,0.0044171848604623,0.947044608981878,0.999997068196745,0.999983379322086,"group_idyes"
"1219","C1orf226","Exc L4-5 RORB GABRG1",-0.0117557957608595,0.648667848086081,0.00659155668904592,0.962465398589521,0.999997068196745,0.999983379322086,"group_idyes"
"1220","SH2D1B","Exc L4-5 RORB GABRG1",-0.146103274008339,0.0266136084061503,0.572609456139941,0.449686982348262,0.999997068196745,0.999983379322086,"group_idyes"
"1221","UHMK1","Exc L4-5 RORB GABRG1",0.0271207284175459,5.29821890843815,0.502457417528154,0.478851632790093,0.999997068196745,0.999983379322086,"group_idyes"
"1222","UAP1","Exc L4-5 RORB GABRG1",0.0533122437416428,4.02915097349451,1.53777914937485,0.215704463433016,0.999997068196745,0.999983379322086,"group_idyes"
"1223","DDR2","Exc L4-5 RORB GABRG1",-0.0869604243535093,2.17493261053912,0.915328536497356,0.33930533264384,0.999997068196745,0.999983379322086,"group_idyes"
"1224","HSD17B7","Exc L4-5 RORB GABRG1",0.04735786347529,3.62947598979977,0.671277788499609,0.41311371012118,0.999997068196745,0.999983379322086,"group_idyes"
"1225","CCDC190","Exc L4-5 RORB GABRG1",0.0543682075451564,1.20411376780426,0.17039214139571,0.679993476379191,0.999997068196745,0.999983379322086,"group_idyes"
"1226","RGS4","Exc L4-5 RORB GABRG1",0.00208931277237678,7.2266104516576,0.000849487756124967,0.976763282875674,0.999997068196745,0.999983379322086,"group_idyes"
"1227","RGS5","Exc L4-5 RORB GABRG1",-0.00362302644327364,2.96413735111363,0.00186334637161525,0.965591206692698,0.999997068196745,0.999983379322086,"group_idyes"
"1228","AL499616.1","Exc L4-5 RORB GABRG1",-0.0039981189608047,0.572450719358359,0.00175059314755802,0.96664788043011,0.999997068196745,0.999983379322086,"group_idyes"
"1229","NUF2","Exc L4-5 RORB GABRG1",0.0433255986355852,1.96185122810884,0.268173479701126,0.604857304089234,0.999997068196745,0.999983379322086,"group_idyes"
"1230","PBX1","Exc L4-5 RORB GABRG1",-0.00895170477854157,9.03087514717142,0.0664274299521382,0.796749085551866,0.999997068196745,0.999983379322086,"group_idyes"
"1231","AL356441.1","Exc L4-5 RORB GABRG1",0.0961562365669895,0.171811378230721,0.261049986810143,0.60969277587939,0.999997068196745,0.999983379322086,"group_idyes"
"1232","MGST3","Exc L4-5 RORB GABRG1",-0.0439828442045687,6.80998100436668,1.35352722809664,0.245383469325926,0.999997068196745,0.999983379322086,"group_idyes"
"1233","ALDH9A1","Exc L4-5 RORB GABRG1",0.0268563636742458,3.1592736480894,0.196901465777623,0.808685407497931,0.999997068196745,0.999983379322086,"group_idyes"
"1234","TMCO1","Exc L4-5 RORB GABRG1",0.0390174981101074,5.05162705589094,1.04577543187261,0.307124635589149,0.999997068196745,0.999983379322086,"group_idyes"
"1235","AL451074.2","Exc L4-5 RORB GABRG1",0.169425523269685,1.46272346529478,3.14601152352645,0.0769037415129235,0.999997068196745,0.999983379322086,"group_idyes"
"1236","UCK2","Exc L4-5 RORB GABRG1",0.0153844806741966,5.27096259123528,0.198741469185525,0.701533287518764,0.999997068196745,0.999983379322086,"group_idyes"
"1237","FAM78B","Exc L4-5 RORB GABRG1",-0.0599971391312656,6.88398905950024,2.18800211953231,0.139907925762444,0.999997068196745,0.999983379322086,"group_idyes"
"1238","AL583804.1","Exc L4-5 RORB GABRG1",-0.109525946668189,0.297012151768423,0.429352531491382,0.512698415195431,0.999997068196745,0.999983379322086,"group_idyes"
"1239","POGK","Exc L4-5 RORB GABRG1",0.0304255723953466,5.28712675957587,0.843886557833446,0.35886313122374,0.999997068196745,0.999983379322086,"group_idyes"
"1240","TADA1","Exc L4-5 RORB GABRG1",-0.00344489310511465,3.78989946920767,0.00617270710094927,0.937418218978678,0.999997068196745,0.999983379322086,"group_idyes"
"1241","ILDR2","Exc L4-5 RORB GABRG1",-0.00820897047511523,4.76203862299307,0.0204268061708406,0.88642630665776,0.999997068196745,0.999983379322086,"group_idyes"
"1242","MAEL","Exc L4-5 RORB GABRG1",0.0794877636624688,4.48913682895083,1.8930219721224,0.169661873202731,0.999997068196745,0.999983379322086,"group_idyes"
"1243","GPA33","Exc L4-5 RORB GABRG1",-0.116520013424591,0.557147574577979,0.629122199893625,0.428166355270236,0.999997068196745,0.999983379322086,"group_idyes"
"1244","POU2F1","Exc L4-5 RORB GABRG1",-0.0055144162077768,7.61016374942204,0.0301312945125518,0.862283950945838,0.999997068196745,0.999983379322086,"group_idyes"
"1245","CD247","Exc L4-5 RORB GABRG1",0.0474427342093369,5.33743745232153,0.424678148039929,0.515001012445155,0.999997068196745,0.999983379322086,"group_idyes"
"1246","CREG1","Exc L4-5 RORB GABRG1",-0.00476442088806165,5.30828161586741,0.0110751489087806,0.916241380143081,0.999997068196745,0.999983379322086,"group_idyes"
"1247","RCSD1","Exc L4-5 RORB GABRG1",-0.132945094420851,3.32694491028214,1.69800761860751,0.193328078999423,0.999997068196745,0.999983379322086,"group_idyes"
"1248","MPZL1","Exc L4-5 RORB GABRG1",-0.0724782779269939,5.17097226281624,5.0335418657111,0.0254293144419803,0.999997068196745,0.999983379322086,"group_idyes"
"1249","ADCY10","Exc L4-5 RORB GABRG1",-0.0668978566724655,4.07960530555795,0.39142508696779,0.531922214678664,0.999997068196745,0.999983379322086,"group_idyes"
"1250","MPC2","Exc L4-5 RORB GABRG1",-0.00117882827297611,4.63320863256887,0.000344556250892205,0.985199959083381,0.999997068196745,0.999983379322086,"group_idyes"
"1251","DCAF6","Exc L4-5 RORB GABRG1",-0.00356478148731652,6.7459741963671,0.0149975014751023,0.902595272346312,0.999997068196745,0.999983379322086,"group_idyes"
"1252","GPR161","Exc L4-5 RORB GABRG1",-0.00799224161687266,4.74817870914009,0.018962516378555,0.890546039429427,0.999997068196745,0.999983379322086,"group_idyes"
"1253","TIPRL","Exc L4-5 RORB GABRG1",0.0113964290846672,5.83843263963708,0.139374440883688,0.903330368634907,0.999997068196745,0.999983379322086,"group_idyes"
"1254","SFT2D2","Exc L4-5 RORB GABRG1",-0.214816555473964,0.513138753299891,1.81622008124951,0.178556922415551,0.999997068196745,0.999983379322086,"group_idyes"
"1255","TBX19","Exc L4-5 RORB GABRG1",0.0180011349389329,0.553165330521638,0.0205377712647494,0.886120345503573,0.999997068196745,0.999983379322086,"group_idyes"
"1256","DPT","Exc L4-5 RORB GABRG1",-0.0798452983184495,3.09057040404898,1.18313479017854,0.277399682978533,0.999997068196745,0.999983379322086,"group_idyes"
"1257","AL031275.1","Exc L4-5 RORB GABRG1",0.0299063568549894,2.27878063423253,0.133998919615187,0.714522530354114,0.999997068196745,0.999983379322086,"group_idyes"
"1258","LINC00626","Exc L4-5 RORB GABRG1",-0.0899866091735867,2.41726642221925,0.28469630529215,0.593947600241892,0.999997068196745,0.999983379322086,"group_idyes"
"1259","LINC00970","Exc L4-5 RORB GABRG1",-0.0347535231788221,6.6140175781711,0.336398000546531,0.562255289049997,0.999997068196745,0.999983379322086,"group_idyes"
"1260","ATP1B1","Exc L4-5 RORB GABRG1",-0.0229907312990297,8.52463705121828,0.151718425831559,0.697114067523259,0.999997068196745,0.999983379322086,"group_idyes"
"1261","NME7","Exc L4-5 RORB GABRG1",-0.00631337597137175,6.90149591095167,0.0403330100059511,0.840937005682729,0.999997068196745,0.999983379322086,"group_idyes"
"1262","Z99758.1","Exc L4-5 RORB GABRG1",0.0738272023731426,0.750448593430404,0.174336067941876,0.676519523002588,0.999997068196745,0.999983379322086,"group_idyes"
"1263","BLZF1","Exc L4-5 RORB GABRG1",0.0198912600732593,5.29944475219001,0.264205437011867,0.716359145411857,0.999997068196745,0.999983379322086,"group_idyes"
"1264","CCDC181","Exc L4-5 RORB GABRG1",0.0427337692432634,4.68962988842121,0.7934939709887,0.465147712084473,0.999997068196745,0.999983379322086,"group_idyes"
"1265","SLC19A2","Exc L4-5 RORB GABRG1",-0.0196652638628394,3.85144463805819,0.187444153295304,0.665295003030192,0.999997068196745,0.999983379322086,"group_idyes"
"1266","AL021068.1","Exc L4-5 RORB GABRG1",-0.0631488080076726,0.856278453326178,0.215288065950034,0.64291629053531,0.999997068196745,0.999983379322086,"group_idyes"
"1267","F5","Exc L4-5 RORB GABRG1",-0.0438840259217728,1.21974259814412,0.076369786188417,0.782427005074373,0.999997068196745,0.999983379322086,"group_idyes"
"1268","SELP","Exc L4-5 RORB GABRG1",-0.094877544898891,0.132740520063395,0.189233016139337,0.66379965194317,0.999997068196745,0.999983379322086,"group_idyes"
"1269","C1orf112","Exc L4-5 RORB GABRG1",-0.0798699342171622,4.4872471091131,0.830569938328097,0.362678440615128,0.999997068196745,0.999983379322086,"group_idyes"
"1270","SELE","Exc L4-5 RORB GABRG1",0.153954832942761,0.193112864732098,0.554377248117241,0.456989195011488,0.999997068196745,0.999983379322086,"group_idyes"
"1271","METTL18","Exc L4-5 RORB GABRG1",0.147602163725971,1.51631314843346,1.54524522756651,0.214595765629351,0.999997068196745,0.999983379322086,"group_idyes"
"1272","SCYL3","Exc L4-5 RORB GABRG1",-0.0439375260194941,4.13800957320686,0.839692945587629,0.565663752318861,0.999997068196745,0.999983379322086,"group_idyes"
"1273","KIFAP3","Exc L4-5 RORB GABRG1",-0.0261226318131669,7.49455128965152,0.916282319921603,0.339054125804625,0.999997068196745,0.999983379322086,"group_idyes"
"1274","AL354732.1","Exc L4-5 RORB GABRG1",-0.195938930598027,1.24350254744447,2.81192825576211,0.0943781150657062,0.999997068196745,0.999983379322086,"group_idyes"
"1275","GORAB","Exc L4-5 RORB GABRG1",0.0165647039915312,3.00336447095973,0.0967517188232225,0.755931541692119,0.999997068196745,0.999983379322086,"group_idyes"
"1276","PRRX1","Exc L4-5 RORB GABRG1",-0.222828908834181,0.52941456974881,1.47999042648456,0.224521825329719,0.999997068196745,0.999983379322086,"group_idyes"
"1277","FMO4","Exc L4-5 RORB GABRG1",-0.11598578125175,0.351098049030858,0.486117357351528,0.486085485006283,0.999997068196745,0.999983379322086,"group_idyes"
"1278","PRRC2C","Exc L4-5 RORB GABRG1",0.0616399627496891,7.32167810089343,2.22289189814611,0.13679756258947,0.999997068196745,0.999983379322086,"group_idyes"
"1279","MYOCOS","Exc L4-5 RORB GABRG1",0.126458225074825,1.66492756408201,1.07594314476165,0.300258369379011,0.999997068196745,0.999983379322086,"group_idyes"
"1280","VAMP4","Exc L4-5 RORB GABRG1",0.0247931481493625,5.08920178959056,0.395610884288923,0.681581529161824,0.999997068196745,0.999983379322086,"group_idyes"
"1281","METTL13","Exc L4-5 RORB GABRG1",0.0473547115676927,2.90388804889266,0.405734056117942,0.524521540754879,0.999997068196745,0.999983379322086,"group_idyes"
"1282","DNM3","Exc L4-5 RORB GABRG1",-0.0142628042718524,8.45065190265427,0.217844149077239,0.64095169080991,0.999997068196745,0.999983379322086,"group_idyes"
"1283","PIGC","Exc L4-5 RORB GABRG1",0.037844370605445,3.88297365030315,0.472878314513457,0.49208033483132,0.999997068196745,0.999983379322086,"group_idyes"
"1284","SUCO","Exc L4-5 RORB GABRG1",0.00121397100402924,4.96277988257859,0.00126384702451967,0.971659115613863,0.999997068196745,0.999983379322086,"group_idyes"
"1285","AL031599.1","Exc L4-5 RORB GABRG1",-0.000534024666740578,1.72213644865517,2.52161665292726e-07,0.999599596959053,0.999997068196745,0.999983379322086,"group_idyes"
"1286","TNFSF4","Exc L4-5 RORB GABRG1",0.115266714422917,2.05584165316226,1.76060709028689,0.185335780849443,0.999997068196745,0.999983379322086,"group_idyes"
"1287","AL645568.1","Exc L4-5 RORB GABRG1",-0.026263295172632,5.99945020354226,0.422418123059629,0.516120784391873,0.999997068196745,0.999983379322086,"group_idyes"
"1288","PRDX6","Exc L4-5 RORB GABRG1",0.0711257572484134,4.61775067133785,1.16258130051777,0.281606402928799,0.999997068196745,0.999983379322086,"group_idyes"
"1289","SLC9C2","Exc L4-5 RORB GABRG1",-0.0509009387869775,3.32424637352599,0.464943531067663,0.49573289971555,0.999997068196745,0.999983379322086,"group_idyes"
"1290","ANKRD45","Exc L4-5 RORB GABRG1",-0.00167371442598695,2.40407299069477,0.000448408590486274,0.983116508043131,0.999997068196745,0.999983379322086,"group_idyes"
"1291","KLHL20","Exc L4-5 RORB GABRG1",-0.012926146896495,5.44680252720017,0.140984489636569,0.7075111787858,0.999997068196745,0.999983379322086,"group_idyes"
"1292","CENPL","Exc L4-5 RORB GABRG1",-0.0766137308590416,1.72985694529112,0.814164589983689,0.451144157146698,0.999997068196745,0.999983379322086,"group_idyes"
"1293","DARS2","Exc L4-5 RORB GABRG1",-0.0824027489310409,2.59022790550278,1.33813663934714,0.248080588317963,0.999997068196745,0.999983379322086,"group_idyes"
"1294","ZBTB37","Exc L4-5 RORB GABRG1",-0.0416497435050261,3.48915201248861,0.681059616595188,0.409733495226564,0.999997068196745,0.999983379322086,"group_idyes"
"1295","RC3H1","Exc L4-5 RORB GABRG1",-0.00937448382983858,6.70127385575487,0.105394226263367,0.745626385685778,0.999997068196745,0.999983379322086,"group_idyes"
"1296","AL121983.2","Exc L4-5 RORB GABRG1",0.0225216103518916,1.38251943930472,0.0517782861662316,0.820118192203041,0.999997068196745,0.999983379322086,"group_idyes"
"1297","RABGAP1L","Exc L4-5 RORB GABRG1",-0.047966057659808,9.18554448145023,2.6178685697498,0.106485800874999,0.999997068196745,0.999983379322086,"group_idyes"
"1298","Z99127.1","Exc L4-5 RORB GABRG1",0.00373649676491852,1.93439749544692,0.00077234065005812,0.977843239978062,0.999997068196745,0.999983379322086,"group_idyes"
"1299","CACYBP","Exc L4-5 RORB GABRG1",0.026654175522068,5.53722518029121,0.105849175942206,0.745097059971137,0.999997068196745,0.999983379322086,"group_idyes"
"1300","MRPS14","Exc L4-5 RORB GABRG1",-0.0323417910040259,4.05724739345379,0.357683160057458,0.550147666142104,0.999997068196745,0.999983379322086,"group_idyes"
"1301","TNN","Exc L4-5 RORB GABRG1",0.116318304492228,0.46654993630968,0.585438582147712,0.60636866859212,0.999997068196745,0.999983379322086,"group_idyes"
"1302","Z94057.1","Exc L4-5 RORB GABRG1",-0.0613677139102575,0.758118207111018,0.14215771231481,0.706353185558863,0.999997068196745,0.999983379322086,"group_idyes"
"1303","TNR","Exc L4-5 RORB GABRG1",-0.067259103541691,8.49354538558203,1.98574788261274,0.159593927831743,0.999997068196745,0.999983379322086,"group_idyes"
"1304","AL513329.1","Exc L4-5 RORB GABRG1",0.0867400159035669,3.84863737236947,1.8193578581719,0.178183107625029,0.999997068196745,0.999983379322086,"group_idyes"
"1305","COP1","Exc L4-5 RORB GABRG1",-0.0331805045819057,7.74198233945831,1.00186608749346,0.317488505676596,0.999997068196745,0.999983379322086,"group_idyes"
"1306","AL359265.3","Exc L4-5 RORB GABRG1",-0.123608380092179,2.63720003650936,2.64264304693949,0.104849170265945,0.999997068196745,0.999983379322086,"group_idyes"
"1307","PAPPA2","Exc L4-5 RORB GABRG1",0.0282803180775465,3.4428423576151,0.148232940593338,0.700442530339496,0.999997068196745,0.999983379322086,"group_idyes"
"1308","ASTN1","Exc L4-5 RORB GABRG1",-0.00171097225139739,8.1074421670195,0.00178028278719113,0.966366414365896,0.999997068196745,0.999983379322086,"group_idyes"
"1309","BRINP2","Exc L4-5 RORB GABRG1",-0.0419448994306781,6.8291969473815,1.0841123341131,0.298433273019926,0.999997068196745,0.999983379322086,"group_idyes"
"1310","AL122019.1","Exc L4-5 RORB GABRG1",-0.0327965298009546,0.958375850713401,0.0551671232605302,0.814429293734855,0.999997068196745,0.999983379322086,"group_idyes"
"1311","SEC16B","Exc L4-5 RORB GABRG1",0.0332774062301185,5.62233398154555,0.415256574195929,0.519697474005657,0.999997068196745,0.999983379322086,"group_idyes"
"1312","RASAL2","Exc L4-5 RORB GABRG1",0.00286097513835899,9.2653355527923,0.0103157339470039,0.919153760589014,0.999997068196745,0.999983379322086,"group_idyes"
"1313","CLEC20A","Exc L4-5 RORB GABRG1",0.0832738935909688,3.24090370309773,0.583720364733672,0.445326040241986,0.999997068196745,0.999983379322086,"group_idyes"
"1314","C1orf220","Exc L4-5 RORB GABRG1",-0.162162288839771,0.883772507412849,1.79292203586066,0.181361129957481,0.999997068196745,0.999983379322086,"group_idyes"
"1315","RALGPS2","Exc L4-5 RORB GABRG1",-0.00919109952419272,6.26183449459254,0.0510772300811271,0.821319318738497,0.999997068196745,0.999983379322086,"group_idyes"
"1316","ANGPTL1","Exc L4-5 RORB GABRG1",0.0880796320478768,2.9219248592668,0.347418447719633,0.555924092056144,0.999997068196745,0.999983379322086,"group_idyes"
"1317","FAM20B","Exc L4-5 RORB GABRG1",0.0405745830714556,5.22748146341595,1.63367784890139,0.201965693569757,0.999997068196745,0.999983379322086,"group_idyes"
"1318","TOR3A","Exc L4-5 RORB GABRG1",-0.043966978531635,2.9503700093296,0.540692907353717,0.738557386482167,0.999997068196745,0.999983379322086,"group_idyes"
"1319","ABL2","Exc L4-5 RORB GABRG1",-0.00806233206436704,6.90760087461218,0.0899070357930848,0.764457307274746,0.999997068196745,0.999983379322086,"group_idyes"
"1320","SOAT1","Exc L4-5 RORB GABRG1",-0.0110026414933693,4.28499298355174,0.0760194957354896,0.782913980928646,0.999997068196745,0.999983379322086,"group_idyes"
"1321","AXDND1","Exc L4-5 RORB GABRG1",-0.081189757035252,1.57064302527189,0.625432722067562,0.654836427171332,0.999997068196745,0.999983379322086,"group_idyes"
"1322","TDRD5","Exc L4-5 RORB GABRG1",0.064144131101712,1.06642028363325,0.305918394951537,0.58051692979704,0.999997068196745,0.999983379322086,"group_idyes"
"1323","FAM163A","Exc L4-5 RORB GABRG1",-0.36754775362312,0.285793273882306,3.4070933042874,0.0656847880985722,0.999997068196745,0.999983379322086,"group_idyes"
"1324","AL359853.2","Exc L4-5 RORB GABRG1",0.238293431385034,0.495863797636665,2.09605580980068,0.148494048061962,0.999997068196745,0.999983379322086,"group_idyes"
"1325","TOR1AIP2","Exc L4-5 RORB GABRG1",0.0185247697185462,5.36033279711191,0.422801756086279,0.515930406114354,0.999997068196745,0.999983379322086,"group_idyes"
"1326","TOR1AIP1","Exc L4-5 RORB GABRG1",0.00534414078647243,4.35959713132501,0.018932572831572,0.921533884978439,0.999997068196745,0.999983379322086,"group_idyes"
"1327","AL353708.2","Exc L4-5 RORB GABRG1",0.0545857444762579,0.409217060334705,0.125197589089419,0.723658080585951,0.999997068196745,0.999983379322086,"group_idyes"
"1328","CEP350","Exc L4-5 RORB GABRG1",0.0155599243590867,7.12913431116625,0.412112599113681,0.521281483419122,0.999997068196745,0.999983379322086,"group_idyes"
"1329","QSOX1","Exc L4-5 RORB GABRG1",-0.0646558920045467,4.88320428277255,3.72618659769566,0.0543002306596142,0.999997068196745,0.999983379322086,"group_idyes"
"1330","LHX4","Exc L4-5 RORB GABRG1",0.052238311274739,0.721003929366425,0.131174335079986,0.717416397793413,0.999997068196745,0.999983379322086,"group_idyes"
"1331","ACBD6","Exc L4-5 RORB GABRG1",-0.0156367846090986,7.37993670657189,0.326293839395179,0.568183127582226,0.999997068196745,0.999983379322086,"group_idyes"
"1332","XPR1","Exc L4-5 RORB GABRG1",-0.00797772762919384,6.61924586045833,0.0695365057878645,0.792154007701259,0.999997068196745,0.999983379322086,"group_idyes"
"1333","KIAA1614","Exc L4-5 RORB GABRG1",0.0166336688222529,4.40971628780772,0.0650408895633335,0.798835311135008,0.999997068196745,0.999983379322086,"group_idyes"
"1334","AL162431.2","Exc L4-5 RORB GABRG1",-0.0294235073725203,2.32260132421094,0.118032321489768,0.731366141904737,0.999997068196745,0.999983379322086,"group_idyes"
"1335","STX6","Exc L4-5 RORB GABRG1",-0.0429515294419513,5.18688231718227,1.44568965399153,0.931726959852044,0.999997068196745,0.999983379322086,"group_idyes"
"1336","MR1","Exc L4-5 RORB GABRG1",-0.0447495769371187,1.35108359438164,0.164157913894262,0.685582118227868,0.999997068196745,0.999983379322086,"group_idyes"
"1337","IER5","Exc L4-5 RORB GABRG1",0.109489725167311,4.70467804440525,1.99557969737507,0.158567116972115,0.999997068196745,0.999983379322086,"group_idyes"
"1338","CACNA1E","Exc L4-5 RORB GABRG1",-0.0295888461272457,7.6763523844386,0.568988711632089,0.45112249623654,0.999997068196745,0.999983379322086,"group_idyes"
"1339","LINC01344","Exc L4-5 RORB GABRG1",-0.103646210364543,0.577294755169966,0.527586750879069,0.468064876257413,0.999997068196745,0.999983379322086,"group_idyes"
"1340","GLUL","Exc L4-5 RORB GABRG1",0.0347766486960458,2.62783086358734,0.104524341264326,0.746642008687294,0.999997068196745,0.999983379322086,"group_idyes"
"1341","RGSL1","Exc L4-5 RORB GABRG1",-0.042430115153118,0.395795927675951,0.0646701236991122,0.79939718136974,0.999997068196745,0.999983379322086,"group_idyes"
"1342","RNASEL","Exc L4-5 RORB GABRG1",-0.0637187133474134,2.44129067867906,0.593756528192433,0.441443078727847,0.999997068196745,0.999983379322086,"group_idyes"
"1343","NPL","Exc L4-5 RORB GABRG1",-0.121234001824101,2.83538790668555,3.30908697028886,0.0696749738544024,0.999997068196745,0.999983379322086,"group_idyes"
"1344","DHX9","Exc L4-5 RORB GABRG1",0.0171931113124951,5.99589899785304,0.368079206420198,0.54441096871401,0.999997068196745,0.999983379322086,"group_idyes"
"1345","SHCBP1L","Exc L4-5 RORB GABRG1",-0.0825000831012585,0.481671749092378,0.314016826567595,0.575551855984209,0.999997068196745,0.999983379322086,"group_idyes"
"1346","LAMC1","Exc L4-5 RORB GABRG1",0.00713975369755807,5.7881241926281,0.035216168147358,0.851242344606135,0.999997068196745,0.999983379322086,"group_idyes"
"1347","LAMC2","Exc L4-5 RORB GABRG1",-0.350960466141262,0.202801946946593,3.69672227481497,0.0552574353466224,0.999997068196745,0.999983379322086,"group_idyes"
"1348","NMNAT2","Exc L4-5 RORB GABRG1",-0.0368785741649063,8.24585557193433,1.97081963023983,0.161167560770539,0.999997068196745,0.999983379322086,"group_idyes"
"1349","SMG7","Exc L4-5 RORB GABRG1",0.00550586270872503,6.18145335320693,0.0485889519925219,0.927707260524751,0.999997068196745,0.999983379322086,"group_idyes"
"1350","NCF2","Exc L4-5 RORB GABRG1",-0.279619591372791,-0.00474792284252789,1.97090147589222,0.161158884931305,0.999997068196745,0.999983379322086,"group_idyes"
"1351","ARPC5","Exc L4-5 RORB GABRG1",0.00194754501259304,4.6765852447877,0.0015277821111079,0.968841416698212,0.999997068196745,0.999983379322086,"group_idyes"
"1352","RGL1","Exc L4-5 RORB GABRG1",-0.0140953853055218,7.35084448812797,0.201246834420285,0.65396886818672,0.999997068196745,0.999983379322086,"group_idyes"
"1353","APOBEC4","Exc L4-5 RORB GABRG1",0.0331603885897831,0.242018215396396,0.0245200473150844,0.875651079336474,0.999997068196745,0.999983379322086,"group_idyes"
"1354","COLGALT2","Exc L4-5 RORB GABRG1",-0.0256875979150809,6.39692356735164,0.587100207404785,0.444012506985555,0.999997068196745,0.999983379322086,"group_idyes"
"1355","TSEN15","Exc L4-5 RORB GABRG1",0.00728291226683004,5.63693775758002,0.0246972124517932,0.875206339834756,0.999997068196745,0.999983379322086,"group_idyes"
"1356","C1orf21","Exc L4-5 RORB GABRG1",-0.0205310704122621,7.2743654330997,0.292216151489342,0.589116663373454,0.999997068196745,0.999983379322086,"group_idyes"
"1357","EDEM3","Exc L4-5 RORB GABRG1",-0.00254939022477517,5.8320326652377,0.00935194007320105,0.923010683384472,0.999997068196745,0.999983379322086,"group_idyes"
"1358","FAM129A","Exc L4-5 RORB GABRG1",0.147459173702545,0.748965754068456,1.04139952929073,0.308137468938425,0.999997068196745,0.999983379322086,"group_idyes"
"1359","LINC01633","Exc L4-5 RORB GABRG1",0.0417154004282514,2.04602408199868,0.16312104500609,0.68652355166263,0.999997068196745,0.999983379322086,"group_idyes"
"1360","RNF2","Exc L4-5 RORB GABRG1",-0.00587723538726247,4.24574539106283,0.019675064310622,0.888521786096536,0.999997068196745,0.999983379322086,"group_idyes"
"1361","TRMT1L","Exc L4-5 RORB GABRG1",0.00783128969858359,4.97538629584326,0.0390984176768533,0.843358244282782,0.999997068196745,0.999983379322086,"group_idyes"
"1362","SWT1","Exc L4-5 RORB GABRG1",-0.0586428145207782,4.90327402465779,2.29893815667726,0.130283659935978,0.999997068196745,0.999983379322086,"group_idyes"
"1363","IVNS1ABP","Exc L4-5 RORB GABRG1",0.0320472876153479,4.1825698856397,0.58623593625672,0.444347823155025,0.999997068196745,0.999983379322086,"group_idyes"
"1364","HMCN1","Exc L4-5 RORB GABRG1",0.014145937572036,1.13632720415592,0.0128279117586639,0.909883209926408,0.999997068196745,0.999983379322086,"group_idyes"
"1365","TPR","Exc L4-5 RORB GABRG1",0.0366772409470035,5.99438229349155,1.51181612529723,0.219613573537069,0.999997068196745,0.999983379322086,"group_idyes"
"1366","ODR4","Exc L4-5 RORB GABRG1",0.0151697738236248,5.77071867070153,0.277758440800516,0.598477940238211,0.999997068196745,0.999983379322086,"group_idyes"
"1367","AL596220.1","Exc L4-5 RORB GABRG1",-0.0194246895295736,6.18898884441349,0.318024438666306,0.57312588612768,0.999997068196745,0.999983379322086,"group_idyes"
"1368","PDC","Exc L4-5 RORB GABRG1",-0.0449577747044567,1.85642173003177,0.0827209178087936,0.773798277421883,0.999997068196745,0.999983379322086,"group_idyes"
"1369","AL096803.3","Exc L4-5 RORB GABRG1",-0.105946344766713,0.895519002349077,0.78471936259212,0.483790592840507,0.999997068196745,0.999983379322086,"group_idyes"
"1370","PTGS2","Exc L4-5 RORB GABRG1",0.0507834811284602,2.58711166677883,0.329388119565263,0.566354972726755,0.999997068196745,0.999983379322086,"group_idyes"
"1371","PACERR","Exc L4-5 RORB GABRG1",-0.0995990807075293,0.99244410126432,0.463936860440425,0.496199556281822,0.999997068196745,0.999983379322086,"group_idyes"
"1372","PLA2G4A","Exc L4-5 RORB GABRG1",0.0162915826099785,2.46544922153027,0.0157459710165979,0.900206765420797,0.999997068196745,0.999983379322086,"group_idyes"
"1373","ERVMER61-1","Exc L4-5 RORB GABRG1",0.0379708839204454,2.62934045198074,0.152474781350449,0.696397614380163,0.999997068196745,0.999983379322086,"group_idyes"
"1374","BRINP3","Exc L4-5 RORB GABRG1",-0.030995772321294,8.44948981033199,0.399227957343882,0.527863502716667,0.999997068196745,0.999983379322086,"group_idyes"
"1375","AL354771.1","Exc L4-5 RORB GABRG1",0.0120430481968556,2.81650843180753,0.0096221726904651,0.92190978927052,0.999997068196745,0.999983379322086,"group_idyes"
"1376","LINC01351","Exc L4-5 RORB GABRG1",-0.0380931552945354,0.627853805197549,0.0645529463095373,0.799575112193932,0.999997068196745,0.999983379322086,"group_idyes"
"1377","AL391645.1","Exc L4-5 RORB GABRG1",-0.0252183592542102,1.98472356445788,0.0880612467079308,0.766816639948709,0.999997068196745,0.999983379322086,"group_idyes"
"1378","LINC01680","Exc L4-5 RORB GABRG1",0.0182322381944116,0.675192616376914,0.0107289378525722,0.917556166405988,0.999997068196745,0.999983379322086,"group_idyes"
"1379","AL954650.1","Exc L4-5 RORB GABRG1",0.00278617072362227,0.511583899148291,2.12907904935097e-06,0.998836534279189,0.999997068196745,0.999983379322086,"group_idyes"
"1380","AL390957.1","Exc L4-5 RORB GABRG1",-0.140359922464435,5.06617235785863,2.58391566306021,0.108774644050884,0.999997068196745,0.999983379322086,"group_idyes"
"1381","AL136454.1","Exc L4-5 RORB GABRG1",-0.174165673667852,2.59142873226029,0.955050362487959,0.329051184010827,0.999997068196745,0.999983379322086,"group_idyes"
"1382","RGS2","Exc L4-5 RORB GABRG1",0.0168335550413135,3.34367173890472,0.0282803713357103,0.866539727858133,0.999997068196745,0.999983379322086,"group_idyes"
"1383","UCHL5","Exc L4-5 RORB GABRG1",-0.00343651957101308,5.46815016563167,0.00930336173105069,0.923210280408657,0.999997068196745,0.999983379322086,"group_idyes"
"1384","TROVE2","Exc L4-5 RORB GABRG1",0.0359423807728982,5.83981806461524,1.56024164058931,0.212389290717297,0.999997068196745,0.999983379322086,"group_idyes"
"1385","GLRX2","Exc L4-5 RORB GABRG1",0.0529518840027377,4.54735600207965,0.792760390535693,0.373823181306306,0.999997068196745,0.999983379322086,"group_idyes"
"1386","CDC73","Exc L4-5 RORB GABRG1",-0.0379644928852696,6.32389223891223,1.19010640675173,0.275990838946995,0.999997068196745,0.999983379322086,"group_idyes"
"1387","B3GALT2","Exc L4-5 RORB GABRG1",0.00691854677647204,4.63962491390906,0.0111947491381972,0.915792021439067,0.999997068196745,0.999983379322086,"group_idyes"
"1388","LINC01031","Exc L4-5 RORB GABRG1",-0.0277729842474093,1.93504063219368,0.0624736314805571,0.802761543425206,0.999997068196745,0.999983379322086,"group_idyes"
"1389","AL357793.1","Exc L4-5 RORB GABRG1",0.0883835695196943,0.481777231289008,0.277539878981002,0.598621829480642,0.999997068196745,0.999983379322086,"group_idyes"
"1390","KCNT2","Exc L4-5 RORB GABRG1",0.00307552148134922,3.5797625212192,0.000884999718042234,0.976282702644251,0.999997068196745,0.999983379322086,"group_idyes"
"1391","ASPM","Exc L4-5 RORB GABRG1",0.0397698232998165,1.28935947992364,0.11368527382291,0.736170754902802,0.999997068196745,0.999983379322086,"group_idyes"
"1392","ZBTB41","Exc L4-5 RORB GABRG1",0.0678183523965297,5.37462505896557,2.69760733667401,0.101316014242122,0.999997068196745,0.999983379322086,"group_idyes"
"1393","CRB1","Exc L4-5 RORB GABRG1",0.042062129763049,5.07230288826984,0.654925392970667,0.418857408843205,0.999997068196745,0.999983379322086,"group_idyes"
"1394","DENND1B","Exc L4-5 RORB GABRG1",-0.00263591572221883,6.48172826892993,0.00834980597006206,0.956048892039233,0.999997068196745,0.999983379322086,"group_idyes"
"1395","C1orf53","Exc L4-5 RORB GABRG1",-0.0517205113291266,0.98948426772382,0.155774268368192,0.693295931947319,0.999997068196745,0.999983379322086,"group_idyes"
"1396","LHX9","Exc L4-5 RORB GABRG1",0.245005809886298,0.0350347125119863,0.977255236155379,0.323498688330967,0.999997068196745,0.999983379322086,"group_idyes"
"1397","NEK7","Exc L4-5 RORB GABRG1",-0.0451679902437683,4.92817902105649,0.872613377166324,0.350818738789395,0.999997068196745,0.999983379322086,"group_idyes"
"1398","PTPRC","Exc L4-5 RORB GABRG1",-0.0682519264637196,0.28454172360798,0.154044070030499,0.694917623758632,0.999997068196745,0.999983379322086,"group_idyes"
"1399","MIR181A1HG","Exc L4-5 RORB GABRG1",0.0160125562485378,7.1615224088188,0.0881831457358611,0.766660000033597,0.999997068196745,0.999983379322086,"group_idyes"
"1400","LINC01221","Exc L4-5 RORB GABRG1",0.0950833853836598,0.438051435506273,0.325016133228842,0.568941375710187,0.999997068196745,0.999983379322086,"group_idyes"
"1401","NR5A2","Exc L4-5 RORB GABRG1",0.0946916645490591,0.277521467311063,0.374191559173118,0.54108962898762,0.999997068196745,0.999983379322086,"group_idyes"
"1402","LINC00862","Exc L4-5 RORB GABRG1",0.0710445972144775,4.50076215009635,0.633478753924598,0.426572954304342,0.999997068196745,0.999983379322086,"group_idyes"
"1403","AC104461.1","Exc L4-5 RORB GABRG1",0.106881565173585,2.1140193347481,1.01598439850162,0.31410692942112,0.999997068196745,0.999983379322086,"group_idyes"
"1404","ZNF281","Exc L4-5 RORB GABRG1",0.0168356646382465,4.59805703107748,0.1132730257002,0.736631676024823,0.999997068196745,0.999983379322086,"group_idyes"
"1405","KIF14","Exc L4-5 RORB GABRG1",-0.0236454133621617,1.15403636540258,0.0391868859067106,0.843183433279099,0.999997068196745,0.999983379322086,"group_idyes"
"1406","DDX59","Exc L4-5 RORB GABRG1",-0.0780722133026142,3.05911523221589,1.50023186280727,0.221385083550726,0.999997068196745,0.999983379322086,"group_idyes"
"1407","AL445483.1","Exc L4-5 RORB GABRG1",0.034033445212194,1.77116774230978,0.0935289809412392,0.759903242075339,0.999997068196745,0.999983379322086,"group_idyes"
"1408","CAMSAP2","Exc L4-5 RORB GABRG1",0.0214708820493506,7.98802794995276,0.903402276087757,0.342467766769396,0.999997068196745,0.999983379322086,"group_idyes"
"1409","KIF21B","Exc L4-5 RORB GABRG1",0.0265611225309767,4.98185231539455,0.307317692002827,0.579652934186118,0.999997068196745,0.999983379322086,"group_idyes"
"1410","TMEM9","Exc L4-5 RORB GABRG1",0.0017812126803384,5.05245852775604,0.00169062099421151,0.967223822181266,0.999997068196745,0.999983379322086,"group_idyes"
"1411","PKP1","Exc L4-5 RORB GABRG1",0.146013053475608,1.25887794860723,1.07625747080408,0.30018787908858,0.999997068196745,0.999983379322086,"group_idyes"
"1412","TNNT2","Exc L4-5 RORB GABRG1",-0.0250699099284309,5.64612187456258,0.217482276455601,0.64122896962639,0.999997068196745,0.999983379322086,"group_idyes"
"1413","PHLDA3","Exc L4-5 RORB GABRG1",0.0973844628380066,3.59811576290235,1.65188815638529,0.199475297406732,0.999997068196745,0.999983379322086,"group_idyes"
"1414","CSRP1","Exc L4-5 RORB GABRG1",-0.0326787209897425,2.90282303791921,0.189287690774362,0.663754080805098,0.999997068196745,0.999983379322086,"group_idyes"
"1415","AC096677.1","Exc L4-5 RORB GABRG1",-0.115801800614088,2.6439837568695,2.16455264405624,0.14204315389396,0.999997068196745,0.999983379322086,"group_idyes"
"1416","NAV1","Exc L4-5 RORB GABRG1",-0.0336730250809431,6.63203203944408,0.938711576032857,0.333218092925944,0.999997068196745,0.999983379322086,"group_idyes"
"1417","IPO9-AS1","Exc L4-5 RORB GABRG1",0.0467064842152992,3.77676114424997,0.41674482845203,0.518950614489163,0.999997068196745,0.999983379322086,"group_idyes"
"1418","IPO9","Exc L4-5 RORB GABRG1",0.0187175927139439,6.82402019506641,0.547080052229264,0.459964313155664,0.999997068196745,0.999983379322086,"group_idyes"
"1419","SHISA4","Exc L4-5 RORB GABRG1",0.0170399874304536,3.60587858944976,0.0411254350486526,0.839403195866865,0.999997068196745,0.999983379322086,"group_idyes"
"1420","LMOD1","Exc L4-5 RORB GABRG1",-0.239545566011334,0.445928540710525,2.34673657104883,0.126367426022176,0.999997068196745,0.999983379322086,"group_idyes"
"1421","TIMM17A","Exc L4-5 RORB GABRG1",0.0125738240075077,4.30416762120894,0.0298456518720538,0.862931759069717,0.999997068196745,0.999983379322086,"group_idyes"
"1422","RNPEP","Exc L4-5 RORB GABRG1",-0.0548638028377468,4.42830045598075,1.9811146220016,0.16008044644061,0.999997068196745,0.999983379322086,"group_idyes"
"1423","GPR37L1","Exc L4-5 RORB GABRG1",-0.0282045487623209,0.63318296557102,0.0339403015017279,0.853930924211149,0.999997068196745,0.999983379322086,"group_idyes"
"1424","ARL8A","Exc L4-5 RORB GABRG1",0.0718822010936487,5.35940000922293,2.06049241128152,0.151973798425975,0.999997068196745,0.999983379322086,"group_idyes"
"1425","PTPN7","Exc L4-5 RORB GABRG1",-0.111706148435168,0.131142016976496,0.304556696903996,0.581360191942969,0.999997068196745,0.999983379322086,"group_idyes"
"1426","UBE2T","Exc L4-5 RORB GABRG1",-0.0273332922937872,2.85746719502535,0.137865075807447,0.71061709282905,0.999997068196745,0.999983379322086,"group_idyes"
"1427","PPP1R12B","Exc L4-5 RORB GABRG1",-0.0282257315085691,7.93314494464041,0.998714975148648,0.318249772042923,0.999997068196745,0.999983379322086,"group_idyes"
"1428","SYT2","Exc L4-5 RORB GABRG1",0.00449666043245365,2.72222461422768,0.00170802794249568,0.967055615281946,0.999997068196745,0.999983379322086,"group_idyes"
"1429","AC104463.2","Exc L4-5 RORB GABRG1",0.128624142641821,1.14818043771058,1.19057903793473,0.275895655195739,0.999997068196745,0.999983379322086,"group_idyes"
"1430","KDM5B","Exc L4-5 RORB GABRG1",-0.0209967234519738,6.66715922586505,0.96029050198859,0.327729503439406,0.999997068196745,0.999983379322086,"group_idyes"
"1431","RABIF","Exc L4-5 RORB GABRG1",0.00985402107157432,3.50980767280415,0.0269028961113473,0.869800726419863,0.999997068196745,0.999983379322086,"group_idyes"
"1432","KLHL12","Exc L4-5 RORB GABRG1",0.0759286009136552,4.48704359349299,3.82569868882654,0.137448534835851,0.999997068196745,0.999983379322086,"group_idyes"
"1433","ADIPOR1","Exc L4-5 RORB GABRG1",0.0893009292482685,4.42156372544753,3.9939858369182,0.0829959199512624,0.999997068196745,0.999983379322086,"group_idyes"
"1434","CYB5R1","Exc L4-5 RORB GABRG1",-0.0399505697744654,3.57654329133257,0.400223611411637,0.527349606318244,0.999997068196745,0.999983379322086,"group_idyes"
"1435","TMEM183A","Exc L4-5 RORB GABRG1",0.0211030427710675,4.16921488161563,0.11195914653719,0.738106943661485,0.999997068196745,0.999983379322086,"group_idyes"
"1436","PPFIA4","Exc L4-5 RORB GABRG1",0.0613285474088982,7.27439382841863,1.69789733847696,0.1933425105055,0.999997068196745,0.999983379322086,"group_idyes"
"1437","ADORA1","Exc L4-5 RORB GABRG1",-0.0101975687300182,5.70071540451312,0.0913435083321091,0.76263938088025,0.999997068196745,0.999983379322086,"group_idyes"
"1438","CHI3L1","Exc L4-5 RORB GABRG1",-0.0351821627289246,4.08564152020979,0.111518786003019,0.738603548340233,0.999997068196745,0.999983379322086,"group_idyes"
"1439","CHIT1","Exc L4-5 RORB GABRG1",0.053407928999796,0.724178969742029,0.154889391147546,0.985321142210423,0.999997068196745,0.999983379322086,"group_idyes"
"1440","BTG2","Exc L4-5 RORB GABRG1",0.000197696398660204,2.80945237101647,1.4625631239788e-05,0.996950602065974,0.999997068196745,0.999983379322086,"group_idyes"
"1441","PRELP","Exc L4-5 RORB GABRG1",0.240667878918993,3.4461782466458,3.49055898687536,0.0624796013696458,0.999997068196745,0.999983379322086,"group_idyes"
"1442","ATP2B4","Exc L4-5 RORB GABRG1",0.0377106958617857,6.14717719186702,0.370332093088726,0.54318242148458,0.999997068196745,0.999983379322086,"group_idyes"
"1443","SNRPE","Exc L4-5 RORB GABRG1",-0.00777738010921016,3.47139703661348,0.00949355356555541,0.922431794250085,0.999997068196745,0.999983379322086,"group_idyes"
"1444","ETNK2","Exc L4-5 RORB GABRG1",0.0389301025145949,1.98214620364532,0.176697334152993,0.749328624607926,0.999997068196745,0.999983379322086,"group_idyes"
"1445","REN","Exc L4-5 RORB GABRG1",-0.0457666525440808,0.859121686359607,0.10851285186136,0.74202288897424,0.999997068196745,0.999983379322086,"group_idyes"
"1446","GOLT1A","Exc L4-5 RORB GABRG1",-0.0528932874474278,1.32373205789423,0.137420424645263,0.711063066995295,0.999997068196745,0.999983379322086,"group_idyes"
"1447","PLEKHA6","Exc L4-5 RORB GABRG1",-0.000824559099397685,7.45486043947201,0.000687357404126991,0.979097449492439,0.999997068196745,0.999983379322086,"group_idyes"
"1448","AL606489.1","Exc L4-5 RORB GABRG1",-0.132472041032636,1.79058531255082,1.64206082633697,0.200814730950693,0.999997068196745,0.999983379322086,"group_idyes"
"1449","PPP1R15B","Exc L4-5 RORB GABRG1",0.107171735798005,3.82108725609083,3.90480153212377,0.0488623138711319,0.999997068196745,0.999983379322086,"group_idyes"
"1450","PIK3C2B","Exc L4-5 RORB GABRG1",-0.0465414943475877,4.7521965979633,1.21650354289082,0.270737359248245,0.999997068196745,0.999983379322086,"group_idyes"
"1451","MDM4","Exc L4-5 RORB GABRG1",0.00604650546734681,5.88181861843161,0.0322252602991961,0.857628665452527,0.999997068196745,0.999983379322086,"group_idyes"
"1452","AL512306.3","Exc L4-5 RORB GABRG1",0.0803280022414026,1.35673517286227,0.294552332119296,0.587632204701903,0.999997068196745,0.999983379322086,"group_idyes"
"1453","LRRN2","Exc L4-5 RORB GABRG1",-0.0351069343430597,5.7829566608643,0.374540307378386,0.54090125215332,0.999997068196745,0.999983379322086,"group_idyes"
"1454","NFASC","Exc L4-5 RORB GABRG1",-0.0171799964930449,7.80516958282242,0.210799600216801,0.646400698302233,0.999997068196745,0.999983379322086,"group_idyes"
"1455","CNTN2","Exc L4-5 RORB GABRG1",-0.00557926296833547,4.95206933975557,0.0176231474955584,0.89445875982179,0.999997068196745,0.999983379322086,"group_idyes"
"1456","TMEM81","Exc L4-5 RORB GABRG1",0.0370801691019591,2.40777886859517,0.168116143281521,0.682019723268003,0.999997068196745,0.999983379322086,"group_idyes"
"1457","RBBP5","Exc L4-5 RORB GABRG1",0.0261389064851016,5.03262083425494,0.46509071459885,0.495664732729682,0.999997068196745,0.999983379322086,"group_idyes"
"1458","DSTYK","Exc L4-5 RORB GABRG1",0.0195540543853919,6.39824561446785,0.296659402409784,0.586299852417854,0.999997068196745,0.999983379322086,"group_idyes"
"1459","TMCC2","Exc L4-5 RORB GABRG1",0.03494597472288,4.32437630441392,0.517904310004663,0.472173947842969,0.999997068196745,0.999983379322086,"group_idyes"
"1460","KLHDC8A","Exc L4-5 RORB GABRG1",-0.0423179096003969,1.32677445578042,0.099462676148692,0.752646394576844,0.999997068196745,0.999983379322086,"group_idyes"
"1461","LEMD1","Exc L4-5 RORB GABRG1",-0.0939641643301949,2.53157794293726,1.62691335270489,0.202900122716597,0.999997068196745,0.999983379322086,"group_idyes"
"1462","CDK18","Exc L4-5 RORB GABRG1",0.0919494606709027,5.54371008013808,2.50452653837907,0.11434127321851,0.999997068196745,0.999983379322086,"group_idyes"
"1463","MFSD4A","Exc L4-5 RORB GABRG1",0.015719507496363,6.03159493385243,0.289273152968252,0.590997664864121,0.999997068196745,0.999983379322086,"group_idyes"
"1464","ELK4","Exc L4-5 RORB GABRG1",-0.0474639193334925,4.6791851098675,1.959680449451,0.162353343170656,0.999997068196745,0.999983379322086,"group_idyes"
"1465","NUCKS1","Exc L4-5 RORB GABRG1",0.0215996059205646,7.77389182703605,0.290447151651478,0.590245835458399,0.999997068196745,0.999983379322086,"group_idyes"
"1466","RAB29","Exc L4-5 RORB GABRG1",0.0768102816830984,3.07459495352945,1.49207616633861,0.222642570303624,0.999997068196745,0.999983379322086,"group_idyes"
"1467","SLC41A1","Exc L4-5 RORB GABRG1",-0.0530059256026648,3.80282623268286,1.05118845917172,0.305877734281225,0.999997068196745,0.999983379322086,"group_idyes"
"1468","PM20D1","Exc L4-5 RORB GABRG1",-0.103090634593091,1.56043932278848,0.801114520195145,0.37131997624315,0.999997068196745,0.999983379322086,"group_idyes"
"1469","RHEX","Exc L4-5 RORB GABRG1",-0.201696340884897,0.78843061505898,1.1066555998955,0.29347038193396,0.999997068196745,0.999983379322086,"group_idyes"
"1470","AC244035.1","Exc L4-5 RORB GABRG1",-0.128012716913288,0.814767680413298,1.02645776775932,0.311628822118898,0.999997068196745,0.999983379322086,"group_idyes"
"1471","SRGAP2","Exc L4-5 RORB GABRG1",-0.0560705156849834,5.81408309798626,3.47725302086131,0.0629791401328531,0.999997068196745,0.999983379322086,"group_idyes"
"1472","RASSF5","Exc L4-5 RORB GABRG1",-0.135649653753841,3.62520981650822,2.79238172941357,0.095526543991207,0.999997068196745,0.999983379322086,"group_idyes"
"1473","EIF2D","Exc L4-5 RORB GABRG1",-0.00266997353162113,4.24238584800283,0.00355157470136271,0.952509072382904,0.999997068196745,0.999983379322086,"group_idyes"
"1474","DYRK3","Exc L4-5 RORB GABRG1",-0.0173614245184078,2.30650049367781,0.0489710086897842,0.824980969440952,0.999997068196745,0.999983379322086,"group_idyes"
"1475","MAPKAPK2","Exc L4-5 RORB GABRG1",-0.0377100443415279,0.709570885999893,0.066184052590662,0.797113586255625,0.999997068196745,0.999983379322086,"group_idyes"
"1476","PFKFB2","Exc L4-5 RORB GABRG1",0.110359796449094,4.574375924052,6.41412259785288,0.0117183524821893,0.999997068196745,0.999983379322086,"group_idyes"
"1477","YOD1","Exc L4-5 RORB GABRG1",0.0816729031480485,3.65441083992728,1.53500809600036,0.216117698278498,0.999997068196745,0.999983379322086,"group_idyes"
"1478","CD55","Exc L4-5 RORB GABRG1",-0.085199822264071,1.00759025311883,0.322549091288684,0.57041103617581,0.999997068196745,0.999983379322086,"group_idyes"
"1479","CR1L","Exc L4-5 RORB GABRG1",-0.172426889491254,1.24617311742035,2.00380057333663,0.157714336790765,0.999997068196745,0.999983379322086,"group_idyes"
"1480","CD46","Exc L4-5 RORB GABRG1",-0.00878595923538581,5.61681074943894,0.0778542476609092,0.780376529722352,0.999997068196745,0.999983379322086,"group_idyes"
"1481","MIR29B2CHG","Exc L4-5 RORB GABRG1",0.00713150824376913,7.41654838798001,0.0187126135039755,0.891265137444785,0.999997068196745,0.999983379322086,"group_idyes"
"1482","AL356275.1","Exc L4-5 RORB GABRG1",0.0980139470071403,1.0543562435002,0.709071414600176,0.400275382638824,0.999997068196745,0.999983379322086,"group_idyes"
"1483","PLXNA2","Exc L4-5 RORB GABRG1",-0.000663563519678795,7.4755138446833,0.000276596698787679,0.986739457941593,0.999997068196745,0.999983379322086,"group_idyes"
"1484","CAMK1G","Exc L4-5 RORB GABRG1",-0.0206102596821756,5.900836193749,0.256160735953591,0.613060020954808,0.999997068196745,0.999983379322086,"group_idyes"
"1485","LAMB3","Exc L4-5 RORB GABRG1",-0.00393393311098905,3.60379245529202,0.00122787076381009,0.972065231090963,0.999997068196745,0.999983379322086,"group_idyes"
"1486","AL031316.1","Exc L4-5 RORB GABRG1",-0.0670880745283234,3.27918179886067,0.883001692216365,0.347970439787933,0.999997068196745,0.999983379322086,"group_idyes"
"1487","G0S2","Exc L4-5 RORB GABRG1",0.206587547614224,0.944302820100669,2.49988546283963,0.114676307798894,0.999997068196745,0.999983379322086,"group_idyes"
"1488","HSD11B1","Exc L4-5 RORB GABRG1",-0.0445204556089162,1.42615439472524,0.0698150816190944,0.791747692847824,0.999997068196745,0.999983379322086,"group_idyes"
"1489","C1orf74","Exc L4-5 RORB GABRG1",0.0789805364736569,0.786444766737079,0.34251552543451,0.565739118508351,0.999997068196745,0.999983379322086,"group_idyes"
"1490","UTP25","Exc L4-5 RORB GABRG1",0.0202673471862701,3.95580548990633,0.259149524545514,0.610996874355275,0.999997068196745,0.999983379322086,"group_idyes"
"1491","SYT14","Exc L4-5 RORB GABRG1",0.0261509309731772,7.79252984778242,0.543795826031812,0.461313353277882,0.999997068196745,0.999983379322086,"group_idyes"
"1492","SERTAD4-AS1","Exc L4-5 RORB GABRG1",0.00686221456892979,1.10929594379643,0.00262878303024898,0.959135660241439,0.999997068196745,0.999983379322086,"group_idyes"
"1493","SERTAD4","Exc L4-5 RORB GABRG1",0.0147715902456322,2.66516203167895,0.0228155780766902,0.880016809731091,0.999997068196745,0.999983379322086,"group_idyes"
"1494","HHAT","Exc L4-5 RORB GABRG1",0.0158999636564218,4.41468636113022,0.0651583807602447,0.798657617363903,0.999997068196745,0.999983379322086,"group_idyes"
"1495","KCNH1","Exc L4-5 RORB GABRG1",-0.0302662087739867,8.00856636673741,0.68924342041959,0.406936703834995,0.999997068196745,0.999983379322086,"group_idyes"
"1496","RCOR3","Exc L4-5 RORB GABRG1",-0.0380832915331054,6.75474084397737,1.03179196724853,0.310376516099055,0.999997068196745,0.999983379322086,"group_idyes"
"1497","TRAF5","Exc L4-5 RORB GABRG1",0.0300497100788387,2.89847097858933,0.122310801295187,0.726732990441907,0.999997068196745,0.999983379322086,"group_idyes"
"1498","LINC00467","Exc L4-5 RORB GABRG1",0.112626148153869,0.812879371939659,0.708140646164634,0.400584509842311,0.999997068196745,0.999983379322086,"group_idyes"
"1499","SLC30A1","Exc L4-5 RORB GABRG1",0.0986369685925377,2.72060380982939,2.09643586058567,0.148457352795139,0.999997068196745,0.999983379322086,"group_idyes"
"1500","LPGAT1","Exc L4-5 RORB GABRG1",0.0194549499676384,7.1095193328714,0.412681536649405,0.520994207560138,0.999997068196745,0.999983379322086,"group_idyes"
"1501","INTS7","Exc L4-5 RORB GABRG1",0.0299613887091217,5.09614267874885,0.352752692884967,0.55290806878091,0.999997068196745,0.999983379322086,"group_idyes"
"1502","PPP2R5A","Exc L4-5 RORB GABRG1",0.00698408566919861,4.62696103220924,0.0277556930251803,0.940871831924827,0.999997068196745,0.999983379322086,"group_idyes"
"1503","AL360091.3","Exc L4-5 RORB GABRG1",-0.0192173533605054,1.76929466994413,0.0286953279391694,0.865573450659313,0.999997068196745,0.999983379322086,"group_idyes"
"1504","TMEM206","Exc L4-5 RORB GABRG1",0.0123185401348887,1.92791520821981,0.0199654402781999,0.887707603337194,0.999997068196745,0.999983379322086,"group_idyes"
"1505","NENF","Exc L4-5 RORB GABRG1",-0.032982511823221,4.37456848783725,0.267744196801406,0.605146385382563,0.999997068196745,0.999983379322086,"group_idyes"
"1506","ATF3","Exc L4-5 RORB GABRG1",-0.132825395437753,1.52491125771414,1.29044315290837,0.256673425692671,0.999997068196745,0.999983379322086,"group_idyes"
"1507","BATF3","Exc L4-5 RORB GABRG1",0.00754323351353055,1.42113884996393,0.00397420185645341,0.949766379313467,0.999997068196745,0.999983379322086,"group_idyes"
"1508","NSL1","Exc L4-5 RORB GABRG1",0.0143879686213273,6.1161506016633,0.243337718738758,0.622087216188519,0.999997068196745,0.999983379322086,"group_idyes"
"1509","TATDN3","Exc L4-5 RORB GABRG1",-0.0474377030352278,5.22134900369626,1.06733098089516,0.302198069390324,0.999997068196745,0.999983379322086,"group_idyes"
"1510","SPATA45","Exc L4-5 RORB GABRG1",0.125480431240051,0.450725894716976,0.737666709832423,0.390944136651919,0.999997068196745,0.999983379322086,"group_idyes"
"1511","FLVCR1-DT","Exc L4-5 RORB GABRG1",-0.0717166131072142,0.642026394863748,0.251069781209918,0.616609373275537,0.999997068196745,0.999983379322086,"group_idyes"
"1512","FLVCR1","Exc L4-5 RORB GABRG1",-0.0935107437786307,4.65684552760795,4.1377805756995,0.0426216109969284,0.999997068196745,0.999983379322086,"group_idyes"
"1513","VASH2","Exc L4-5 RORB GABRG1",-0.0398023913215962,2.71535866282391,0.219206417441954,0.639910384977799,0.999997068196745,0.999983379322086,"group_idyes"
"1514","ANGEL2","Exc L4-5 RORB GABRG1",0.0290303631141012,5.36953830021607,0.9095713565802,0.340826995220173,0.999997068196745,0.999983379322086,"group_idyes"
"1515","RPS6KC1","Exc L4-5 RORB GABRG1",0.00861224550987067,7.78933651345653,0.0686202018901739,0.793496652368081,0.999997068196745,0.999983379322086,"group_idyes"
"1516","AL592402.1","Exc L4-5 RORB GABRG1",-0.129400587353672,0.677638817086086,0.701992141004948,0.402635310239012,0.999997068196745,0.999983379322086,"group_idyes"
"1517","AC096639.1","Exc L4-5 RORB GABRG1",-0.168476681207051,0.783033626748054,1.21652399434277,0.270733337988678,0.999997068196745,0.999983379322086,"group_idyes"
"1518","PROX1","Exc L4-5 RORB GABRG1",0.0274788474997527,3.17644699155086,0.035296595952251,0.851074564718066,0.999997068196745,0.999983379322086,"group_idyes"
"1519","AL592287.1","Exc L4-5 RORB GABRG1",-0.0358336071233157,0.312111439446746,0.0464583030519626,0.829459082533777,0.999997068196745,0.999983379322086,"group_idyes"
"1520","SMYD2","Exc L4-5 RORB GABRG1",-0.0601233844478681,5.344611537835,1.94298438389518,0.164149423791083,0.999997068196745,0.999983379322086,"group_idyes"
"1521","PTPN14","Exc L4-5 RORB GABRG1",0.0012235869897728,6.55123560682541,0.000949586024782467,0.975432775011981,0.999997068196745,0.999983379322086,"group_idyes"
"1522","CENPF","Exc L4-5 RORB GABRG1",0.0607494318637758,1.25086276045453,0.221417018997997,0.638228987394398,0.999997068196745,0.999983379322086,"group_idyes"
"1523","KCNK2","Exc L4-5 RORB GABRG1",0.0646694152353112,2.53009570763998,0.389872014768493,0.53273677093211,0.999997068196745,0.999983379322086,"group_idyes"
"1524","KCTD3","Exc L4-5 RORB GABRG1",0.0276101151631436,6.0376923536178,0.664435106267778,0.415502846067281,0.999997068196745,0.999983379322086,"group_idyes"
"1525","USH2A","Exc L4-5 RORB GABRG1",0.0910549791775117,3.40594556219377,1.35084367406946,0.245851150397921,0.999997068196745,0.999983379322086,"group_idyes"
"1526","ESRRG","Exc L4-5 RORB GABRG1",-0.052840983549633,7.29687191202327,0.83699331548532,0.360831133952341,0.999997068196745,0.999983379322086,"group_idyes"
"1527","GPATCH2","Exc L4-5 RORB GABRG1",-0.00410502527947379,6.2518895117986,0.0102381409868948,0.91945734657561,0.999997068196745,0.999983379322086,"group_idyes"
"1528","SPATA17","Exc L4-5 RORB GABRG1",-0.0701403689494232,2.98675250263727,0.903570838796062,0.342422792972256,0.999997068196745,0.999983379322086,"group_idyes"
"1529","RRP15","Exc L4-5 RORB GABRG1",-0.0230055436659114,4.93627433334375,0.377886136867061,0.539100101477502,0.999997068196745,0.999983379322086,"group_idyes"
"1530","TGFB2","Exc L4-5 RORB GABRG1",-0.0837726847029464,3.55883121019294,1.17856062614373,0.27832897567353,0.999997068196745,0.999983379322086,"group_idyes"
"1531","LYPLAL1-DT","Exc L4-5 RORB GABRG1",0.0263552111824806,2.22283958779312,0.0861880862144964,0.769238633764734,0.999997068196745,0.999983379322086,"group_idyes"
"1532","LYPLAL1","Exc L4-5 RORB GABRG1",0.0295656501380716,5.45621331407681,0.703478151767167,0.402138260330725,0.999997068196745,0.999983379322086,"group_idyes"
"1533","AC096642.1","Exc L4-5 RORB GABRG1",0.0945758412651541,2.21728524129914,1.46733006799706,0.226510930592411,0.999997068196745,0.999983379322086,"group_idyes"
"1534","AL513283.1","Exc L4-5 RORB GABRG1",0.230900889949101,0.801455588388694,2.51362224503068,0.113687800924818,0.999997068196745,0.999983379322086,"group_idyes"
"1535","ZC3H11B","Exc L4-5 RORB GABRG1",0.178252243974504,2.55176924689415,2.93216841614206,0.0876365660178491,0.999997068196745,0.999983379322086,"group_idyes"
"1536","SLC30A10","Exc L4-5 RORB GABRG1",0.186024719875668,3.04277469985616,2.40812248566168,0.12152924994879,0.999997068196745,0.999983379322086,"group_idyes"
"1537","EPRS","Exc L4-5 RORB GABRG1",0.0428696441350788,5.90135606271444,2.57935712326994,0.109086053159059,0.999997068196745,0.999983379322086,"group_idyes"
"1538","BPNT1","Exc L4-5 RORB GABRG1",-0.0219595632584673,3.40826511127646,0.20247154710358,0.892752523911443,0.999997068196745,0.999983379322086,"group_idyes"
"1539","IARS2","Exc L4-5 RORB GABRG1",-0.0376314085786462,4.37132863565966,0.744709707186267,0.388693978136426,0.999997068196745,0.999983379322086,"group_idyes"
"1540","RAB3GAP2","Exc L4-5 RORB GABRG1",-0.0250756972098208,6.87272137993678,1.11165885231256,0.292383317549979,0.999997068196745,0.999983379322086,"group_idyes"
"1541","MARK1","Exc L4-5 RORB GABRG1",-0.0378286120408252,7.6977132716576,1.40444043768708,0.236713013924865,0.999997068196745,0.999983379322086,"group_idyes"
"1542","C1orf115","Exc L4-5 RORB GABRG1",0.0652084548905816,5.98789469726826,1.25636769917363,0.263038917812889,0.999997068196745,0.999983379322086,"group_idyes"
"1543","MARC2","Exc L4-5 RORB GABRG1",-0.0649424766372701,5.14400217156257,3.66889541924429,0.0561779514035642,0.999997068196745,0.999983379322086,"group_idyes"
"1544","MARC1","Exc L4-5 RORB GABRG1",-0.046145317520844,3.80699933846409,0.718570503895897,0.465998319012518,0.999997068196745,0.999983379322086,"group_idyes"
"1545","LINC01352","Exc L4-5 RORB GABRG1",0.289005672349823,0.350869274994296,3.20667505040625,0.0741244392193524,0.999997068196745,0.999983379322086,"group_idyes"
"1546","DUSP10","Exc L4-5 RORB GABRG1",-0.0700529711765715,-0.00640042129673216,0.106374967268599,0.744486876292022,0.999997068196745,0.999983379322086,"group_idyes"
"1547","AL356108.1","Exc L4-5 RORB GABRG1",0.0923222466352148,2.28051990579978,0.942171059722555,0.332329959031244,0.999997068196745,0.999983379322086,"group_idyes"
"1548","AL513314.2","Exc L4-5 RORB GABRG1",-0.185272613410479,2.82696396501143,7.71380064072248,0.00574822110922813,0.999997068196745,0.999983379322086,"group_idyes"
"1549","TAF1A","Exc L4-5 RORB GABRG1",-0.0226783617915047,2.90197819178562,0.188092796698931,0.664751811118046,0.999997068196745,0.999983379322086,"group_idyes"
"1550","MIA3","Exc L4-5 RORB GABRG1",0.0162215759383566,6.14047476858039,0.210889103482063,0.64633077932694,0.999997068196745,0.999983379322086,"group_idyes"
"1551","AL592148.3","Exc L4-5 RORB GABRG1",0.0542145811404276,0.904251965246576,0.154367548280785,0.694613635390273,0.999997068196745,0.999983379322086,"group_idyes"
"1552","AIDA","Exc L4-5 RORB GABRG1",-0.00460515523356584,3.73437225022654,0.00774084756678295,0.929936690526043,0.999997068196745,0.999983379322086,"group_idyes"
"1553","BROX","Exc L4-5 RORB GABRG1",0.0685426762086965,4.3477297900019,3.23661587715822,0.0727927862365595,0.999997068196745,0.999983379322086,"group_idyes"
"1554","FAM177B","Exc L4-5 RORB GABRG1",0.0222588517779089,1.51881969237446,0.0159942923978896,0.899427114807871,0.999997068196745,0.999983379322086,"group_idyes"
"1555","AC093152.1","Exc L4-5 RORB GABRG1",0.0394278222170299,3.54538991658204,0.535388627737553,0.464795586832481,0.999997068196745,0.999983379322086,"group_idyes"
"1556","DISP1","Exc L4-5 RORB GABRG1",-0.070513207585008,1.09136478431482,0.490132418549063,0.649688824832831,0.999997068196745,0.999983379322086,"group_idyes"
"1557","SUSD4","Exc L4-5 RORB GABRG1",-0.0468331230050777,6.12773598530798,0.688518234749246,0.407183399644335,0.999997068196745,0.999983379322086,"group_idyes"
"1558","CAPN2","Exc L4-5 RORB GABRG1",-0.0124863875325915,4.33185870782129,0.0849548457777255,0.827812739553723,0.999997068196745,0.999983379322086,"group_idyes"
"1559","TP53BP2","Exc L4-5 RORB GABRG1",-0.0683225811449834,1.49781943408837,0.497405592607429,0.665888107507029,0.999997068196745,0.999983379322086,"group_idyes"
"1560","FBXO28","Exc L4-5 RORB GABRG1",0.00368497347048421,6.24428130922139,0.0179679668154781,0.893437362769407,0.999997068196745,0.999983379322086,"group_idyes"
"1561","DEGS1","Exc L4-5 RORB GABRG1",0.0928042775529083,4.19324314047729,2.71728661014992,0.100082959714358,0.999997068196745,0.999983379322086,"group_idyes"
"1562","AC092809.4","Exc L4-5 RORB GABRG1",0.0401969712151303,1.31612122358924,0.116035437227523,0.733560732252659,0.999997068196745,0.999983379322086,"group_idyes"
"1563","NVL","Exc L4-5 RORB GABRG1",-0.0331858801181963,5.64513007927838,0.639924261328639,0.424231873328195,0.999997068196745,0.999983379322086,"group_idyes"
"1564","CNIH4","Exc L4-5 RORB GABRG1",0.0557651726760128,4.38245117284929,2.26708729197945,0.132968612344718,0.999997068196745,0.999983379322086,"group_idyes"
"1565","WDR26","Exc L4-5 RORB GABRG1",-0.0296059936271688,6.0827676554604,0.997430491673087,0.318560775076612,0.999997068196745,0.999983379322086,"group_idyes"
"1566","CNIH3","Exc L4-5 RORB GABRG1",0.0115979768006402,6.68624298351316,0.0715290532774743,0.78926666722485,0.999997068196745,0.999983379322086,"group_idyes"
"1567","AL391811.1","Exc L4-5 RORB GABRG1",0.0917217906808835,2.8196779220247,1.31106452062287,0.252913801459879,0.999997068196745,0.999983379322086,"group_idyes"
"1568","DNAH14","Exc L4-5 RORB GABRG1",0.0136771789420858,6.20779500011961,0.0645285825369638,0.799612129537174,0.999997068196745,0.999983379322086,"group_idyes"
"1569","LBR","Exc L4-5 RORB GABRG1",0.0677026325263215,3.61895630069406,1.8540468044246,0.200545302597406,0.999997068196745,0.999983379322086,"group_idyes"
"1570","ENAH","Exc L4-5 RORB GABRG1",-0.0720212209483124,6.22518581373993,4.3479645287159,0.0377119077478368,0.999997068196745,0.999983379322086,"group_idyes"
"1571","AC099066.2","Exc L4-5 RORB GABRG1",0.02566801415223,2.2777472074736,0.0619180311800794,0.803622479998761,0.999997068196745,0.999983379322086,"group_idyes"
"1572","SRP9","Exc L4-5 RORB GABRG1",-0.00277506476345206,5.38933057835872,0.00168661021796159,0.967262701920121,0.999997068196745,0.999983379322086,"group_idyes"
"1573","EPHX1","Exc L4-5 RORB GABRG1",-0.0579044336385402,2.53509974150237,0.620532029427786,0.431334695953274,0.999997068196745,0.999983379322086,"group_idyes"
"1574","AL591895.1","Exc L4-5 RORB GABRG1",-0.109121666839808,0.410653702728422,0.454870615662576,0.500436058481811,0.999997068196745,0.999983379322086,"group_idyes"
"1575","TMEM63A","Exc L4-5 RORB GABRG1",-0.0729044250192239,1.02238595395731,0.345821548174165,0.556833062523798,0.999997068196745,0.999983379322086,"group_idyes"
"1576","LEFTY1","Exc L4-5 RORB GABRG1",0.130488347249777,1.49711745003709,1.71265892787728,0.191421950145847,0.999997068196745,0.999983379322086,"group_idyes"
"1577","AL117348.2","Exc L4-5 RORB GABRG1",-0.0359234637620773,3.48123121617805,0.327665726166274,0.567371178306761,0.999997068196745,0.999983379322086,"group_idyes"
"1578","SDE2","Exc L4-5 RORB GABRG1",0.0108473969964047,3.18897888376724,0.0400080809436294,0.84157046440928,0.999997068196745,0.999983379322086,"group_idyes"
"1579","H3F3A","Exc L4-5 RORB GABRG1",0.0272411900296003,3.28007679499427,0.240254700979853,0.624301617997927,0.999997068196745,0.999983379322086,"group_idyes"
"1580","LINC01703","Exc L4-5 RORB GABRG1",0.0618173723895315,1.8218685880399,0.397860278761017,0.528570880023274,0.999997068196745,0.999983379322086,"group_idyes"
"1581","ACBD3","Exc L4-5 RORB GABRG1",-0.00145970283166179,5.33617228220391,0.00258065565067007,0.959511131909655,0.999997068196745,0.999983379322086,"group_idyes"
"1582","LIN9","Exc L4-5 RORB GABRG1",0.0415048196461164,4.22258743976705,0.740388507046349,0.492462855926482,0.999997068196745,0.999983379322086,"group_idyes"
"1583","PARP1","Exc L4-5 RORB GABRG1",-0.000665102972319221,5.25864323233957,0.000344980088382956,0.985190860189362,0.999997068196745,0.999983379322086,"group_idyes"
"1584","STUM","Exc L4-5 RORB GABRG1",-0.0673566120631384,2.77466000683462,0.304152011206142,0.58161127689684,0.999997068196745,0.999983379322086,"group_idyes"
"1585","ITPKB","Exc L4-5 RORB GABRG1",-0.039962166924298,3.82089963029857,0.450306306838814,0.502592199492618,0.999997068196745,0.999983379322086,"group_idyes"
"1586","PSEN2","Exc L4-5 RORB GABRG1",0.0102992605495862,3.17973367195404,0.0256139205682541,0.872930803709968,0.999997068196745,0.999983379322086,"group_idyes"
"1587","COQ8A","Exc L4-5 RORB GABRG1",0.0146931871389569,5.80621896953242,0.227462293599108,0.6355063954527,0.999997068196745,0.999983379322086,"group_idyes"
"1588","CDC42BPA","Exc L4-5 RORB GABRG1",0.0126211400581079,8.89859987199477,0.175431859071985,0.675562514891096,0.999997068196745,0.999983379322086,"group_idyes"
"1589","AL451047.1","Exc L4-5 RORB GABRG1",-0.208527090834286,0.362272838719241,1.15581505025095,0.283008914911412,0.999997068196745,0.999983379322086,"group_idyes"
"1590","LINC01641","Exc L4-5 RORB GABRG1",-0.062709654711984,-0.00454046987379464,0.111545032086674,0.738573919508907,0.999997068196745,0.999983379322086,"group_idyes"
"1591","ZNF678","Exc L4-5 RORB GABRG1",0.0764274613965255,4.14400466169414,2.64760781208278,0.104524532036275,0.999997068196745,0.999983379322086,"group_idyes"
"1592","SNAP47","Exc L4-5 RORB GABRG1",-0.0280936225581413,5.09837374583988,0.548063946726193,0.459561384842758,0.999997068196745,0.999983379322086,"group_idyes"
"1593","JMJD4","Exc L4-5 RORB GABRG1",-0.0488694536711902,2.32313838625833,0.368173080811624,0.544359674352426,0.999997068196745,0.999983379322086,"group_idyes"
"1594","PRSS38","Exc L4-5 RORB GABRG1",0.0634038648586165,0.174977652824677,0.131702358103984,0.716872760626682,0.999997068196745,0.999983379322086,"group_idyes"
"1595","ARF1","Exc L4-5 RORB GABRG1",-0.00274513864857807,6.91185548805698,0.00287639091483536,0.957256202175652,0.999997068196745,0.999983379322086,"group_idyes"
"1596","C1orf35","Exc L4-5 RORB GABRG1",-0.0232752000572484,4.49104981652268,0.219262439523175,0.639867646758552,0.999997068196745,0.999983379322086,"group_idyes"
"1597","MRPL55","Exc L4-5 RORB GABRG1",-0.055063311215998,3.65166846900864,0.331831609053731,0.564919368763455,0.999997068196745,0.999983379322086,"group_idyes"
"1598","GUK1","Exc L4-5 RORB GABRG1",-0.0420991647492692,5.66958100195405,0.309862818241332,0.578088020246872,0.999997068196745,0.999983379322086,"group_idyes"
"1599","GJC2","Exc L4-5 RORB GABRG1",-0.00339401409064653,0.90351075064564,0.000991366876973874,0.974898301062148,0.999997068196745,0.999983379322086,"group_idyes"
"1600","IBA57","Exc L4-5 RORB GABRG1",-0.0662665700345006,2.29809607496336,0.752913062210923,0.847113891180309,0.999997068196745,0.999983379322086,"group_idyes"
"1601","OBSCN","Exc L4-5 RORB GABRG1",0.125649607006214,2.12168893012696,1.60981325704439,0.205285160607115,0.999997068196745,0.999983379322086,"group_idyes"
"1602","TRIM11","Exc L4-5 RORB GABRG1",0.0390750338019845,4.25479026111911,0.832528972053512,0.610366752662649,0.999997068196745,0.999983379322086,"group_idyes"
"1603","TRIM17","Exc L4-5 RORB GABRG1",-0.0442813581974438,2.61877290881963,0.475285115416478,0.490981348396256,0.999997068196745,0.999983379322086,"group_idyes"
"1604","HIST3H2A","Exc L4-5 RORB GABRG1",0.165133047219053,2.8960545071677,2.22824602180937,0.136327170706756,0.999997068196745,0.999983379322086,"group_idyes"
"1605","HIST3H2BB","Exc L4-5 RORB GABRG1",-0.0307513241074511,1.21996300729897,0.0648816803410243,0.853751991720796,0.999997068196745,0.999983379322086,"group_idyes"
"1606","RNF187","Exc L4-5 RORB GABRG1",0.0756466101434401,5.76420232013678,0.743239603579617,0.389162124086199,0.999997068196745,0.999983379322086,"group_idyes"
"1607","RHOU","Exc L4-5 RORB GABRG1",-0.12075736207176,1.63284266448735,1.14180159077539,0.285941952316033,0.999997068196745,0.999983379322086,"group_idyes"
"1608","RAB4A","Exc L4-5 RORB GABRG1",-0.0129235381935558,5.14739763476813,0.11538466577319,0.734280485501417,0.999997068196745,0.999983379322086,"group_idyes"
"1609","AL117350.1","Exc L4-5 RORB GABRG1",0.0567311656422363,0.992509462164888,0.238988332168613,0.625216306977008,0.999997068196745,0.999983379322086,"group_idyes"
"1610","CCSAP","Exc L4-5 RORB GABRG1",0.0497335046367904,6.64952888312205,2.15223792266533,0.143179195210893,0.999997068196745,0.999983379322086,"group_idyes"
"1611","ACTA1","Exc L4-5 RORB GABRG1",0.20018505257003,0.712678744729781,1.88679175212869,0.170364078484117,0.999997068196745,0.999983379322086,"group_idyes"
"1612","NUP133","Exc L4-5 RORB GABRG1",-0.000814239810702747,5.73725417281205,0.000577303916618354,0.98084340966937,0.999997068196745,0.999983379322086,"group_idyes"
"1613","ABCB10","Exc L4-5 RORB GABRG1",-0.0804609313376721,4.93617751536053,3.82377302066917,0.0512538573548921,0.999997068196745,0.999983379322086,"group_idyes"
"1614","TAF5L","Exc L4-5 RORB GABRG1",0.00844783254637522,3.53119895383918,0.0279611056473692,0.86728814984586,0.999997068196745,0.999983379322086,"group_idyes"
"1615","URB2","Exc L4-5 RORB GABRG1",-0.031948933819358,3.05324304723872,0.331552040029248,0.565083264430323,0.999997068196745,0.999983379322086,"group_idyes"
"1616","GALNT2","Exc L4-5 RORB GABRG1",-0.0495279155700708,6.09241883903026,1.76505881629513,0.184782254517344,0.999997068196745,0.999983379322086,"group_idyes"
"1617","PGBD5","Exc L4-5 RORB GABRG1",-0.00753102722628967,7.10925919916978,0.0543488399354577,0.815785701868864,0.999997068196745,0.999983379322086,"group_idyes"
"1618","AL133516.1","Exc L4-5 RORB GABRG1",0.0296629739252475,2.62188030237691,0.141944568271503,0.706563156042269,0.999997068196745,0.999983379322086,"group_idyes"
"1619","COG2","Exc L4-5 RORB GABRG1",-0.0108882451384937,4.9796141191801,0.119698968570247,0.873553435243156,0.999997068196745,0.999983379322086,"group_idyes"
"1620","AGT","Exc L4-5 RORB GABRG1",0.192712039721956,0.642391313276406,1.36549128796081,0.24331161740712,0.999997068196745,0.999983379322086,"group_idyes"
"1621","AL512328.1","Exc L4-5 RORB GABRG1",-0.150466452251633,0.252298168505814,0.692171401152392,0.40594288052645,0.999997068196745,0.999983379322086,"group_idyes"
"1622","CAPN9","Exc L4-5 RORB GABRG1",-0.146765873936912,0.799875379625295,0.894883659789003,0.344751047451897,0.999997068196745,0.999983379322086,"group_idyes"
"1623","C1orf198","Exc L4-5 RORB GABRG1",0.0141769904825898,3.50331242962814,0.0696988145173493,0.79191716778599,0.999997068196745,0.999983379322086,"group_idyes"
"1624","TTC13","Exc L4-5 RORB GABRG1",-0.0546928437258275,5.76361492574372,3.0679617611732,0.0806463368471953,0.999997068196745,0.999983379322086,"group_idyes"
"1625","ARV1","Exc L4-5 RORB GABRG1",-0.0330183265088864,4.36465428038982,0.70274738335231,0.402382580330206,0.999997068196745,0.999983379322086,"group_idyes"
"1626","TRIM67","Exc L4-5 RORB GABRG1",-0.187687184935054,0.493897630502786,1.40107955214335,0.237273736831122,0.999997068196745,0.999983379322086,"group_idyes"
"1627","C1orf131","Exc L4-5 RORB GABRG1",-0.05507612498226,3.85954191540321,1.06735292622458,0.302193106129208,0.999997068196745,0.999983379322086,"group_idyes"
"1628","GNPAT","Exc L4-5 RORB GABRG1",-0.0138540455886333,4.93744633917041,0.146797596681577,0.85990549897216,0.999997068196745,0.999983379322086,"group_idyes"
"1629","EXOC8","Exc L4-5 RORB GABRG1",0.0945801213130766,3.33280396313862,2.22307625526591,0.136781335415661,0.999997068196745,0.999983379322086,"group_idyes"
"1630","SPRTN","Exc L4-5 RORB GABRG1",-0.0431366401030506,3.1968288008697,0.487410739129371,0.485506338742452,0.999997068196745,0.999983379322086,"group_idyes"
"1631","EGLN1","Exc L4-5 RORB GABRG1",0.00927663950968252,5.75828972406737,0.121569467936658,0.780842007955581,0.999997068196745,0.999983379322086,"group_idyes"
"1632","AL445524.1","Exc L4-5 RORB GABRG1",-0.106125393793322,0.6216537725689,0.465741717464266,0.49536341496103,0.999997068196745,0.999983379322086,"group_idyes"
"1633","TSNAX-DISC1","Exc L4-5 RORB GABRG1",-0.0480638659780019,1.96413595253896,0.352684003672402,0.552946709629317,0.999997068196745,0.999983379322086,"group_idyes"
"1634","DISC1","Exc L4-5 RORB GABRG1",-0.214068581823956,1.8508836248562,4.19864122424202,0.0411342049872381,0.999997068196745,0.999983379322086,"group_idyes"
"1635","SIPA1L2","Exc L4-5 RORB GABRG1",-0.0291880696817403,5.56456003972024,0.440119953043963,0.507461877810647,0.999997068196745,0.999983379322086,"group_idyes"
"1636","LINC01744","Exc L4-5 RORB GABRG1",-0.0789068114912547,0.0852965632144657,0.185258237804645,0.667133810462427,0.999997068196745,0.999983379322086,"group_idyes"
"1637","MAP10","Exc L4-5 RORB GABRG1",0.0680482762576206,2.42868891567891,0.66777106949353,0.414335536839829,0.999997068196745,0.999983379322086,"group_idyes"
"1638","NTPCR","Exc L4-5 RORB GABRG1",-0.0296091096144161,4.95717603039049,0.714375773343784,0.398520294508228,0.999997068196745,0.999983379322086,"group_idyes"
"1639","PCNX2","Exc L4-5 RORB GABRG1",0.00384704428134914,8.38705131762072,0.0124403690561503,0.911249166513172,0.999997068196745,0.999983379322086,"group_idyes"
"1640","MAP3K21","Exc L4-5 RORB GABRG1",-0.0219074411416335,5.80528305021936,0.338546902256398,0.561009953288814,0.999997068196745,0.999983379322086,"group_idyes"
"1641","KCNK1","Exc L4-5 RORB GABRG1",-0.00369866797842013,7.17047728334978,0.0090981634186875,0.924059252539059,0.999997068196745,0.999983379322086,"group_idyes"
"1642","SLC35F3","Exc L4-5 RORB GABRG1",-0.0217842996443894,9.34080902956375,0.182672180801184,0.669325905334153,0.999997068196745,0.999983379322086,"group_idyes"
"1643","AL355472.3","Exc L4-5 RORB GABRG1",-5.49435681720002e-05,5.81029245217693,6.0252588476386e-07,0.999381064113362,0.999997068196745,0.999983379322086,"group_idyes"
"1644","AL355472.4","Exc L4-5 RORB GABRG1",-0.0236873548899893,3.49217847228134,0.155343912093704,0.693698322923511,0.999997068196745,0.999983379322086,"group_idyes"
"1645","AL355472.1","Exc L4-5 RORB GABRG1",-0.0196306737291672,1.78841880515986,0.0332046157719375,0.855505003068125,0.999997068196745,0.999983379322086,"group_idyes"
"1646","COA6","Exc L4-5 RORB GABRG1",0.00543894767756084,4.44136621805188,0.0116680002501132,0.914037312828148,0.999997068196745,0.999983379322086,"group_idyes"
"1647","TARBP1","Exc L4-5 RORB GABRG1",-0.00279819356113427,7.70597769287363,0.00238952061318237,0.961038123685124,0.999997068196745,0.999983379322086,"group_idyes"
"1648","IRF2BP2","Exc L4-5 RORB GABRG1",-0.0135686867688623,4.92060606323083,0.058238070290953,0.809431294635882,0.999997068196745,0.999983379322086,"group_idyes"
"1649","AL160408.1","Exc L4-5 RORB GABRG1",-0.0970040509839115,1.4738011850715,0.782535485450826,0.376919318484122,0.999997068196745,0.999983379322086,"group_idyes"
"1650","AL732292.2","Exc L4-5 RORB GABRG1",0.0328648619808578,0.928065266671816,0.0635298893965762,0.801135955824789,0.999997068196745,0.999983379322086,"group_idyes"
"1651","TOMM20","Exc L4-5 RORB GABRG1",0.0334591802720213,6.93985960325502,0.337210286375826,0.561783927654906,0.999997068196745,0.999983379322086,"group_idyes"
"1652","RBM34","Exc L4-5 RORB GABRG1",0.0292592925127751,0.716669493259667,0.0394171383737082,0.8427294193614,0.999997068196745,0.999983379322086,"group_idyes"
"1653","ARID4B","Exc L4-5 RORB GABRG1",-0.00975846767196175,7.76871575664948,0.145388244085746,0.703192541484337,0.999997068196745,0.999983379322086,"group_idyes"
"1654","TBCE","Exc L4-5 RORB GABRG1",0.0579831235086862,4.78875606469323,0.6786436309925,0.410564559099051,0.999997068196745,0.999983379322086,"group_idyes"
"1655","TBCE-1","Exc L4-5 RORB GABRG1",-0.0154436990965234,1.53224994300523,0.0277733430735402,0.941172765894592,0.999997068196745,0.999983379322086,"group_idyes"
"1656","B3GALNT2","Exc L4-5 RORB GABRG1",-0.00599971709327547,5.49994136443631,0.0314118295780631,0.873672801085795,0.999997068196745,0.999983379322086,"group_idyes"
"1657","GNG4","Exc L4-5 RORB GABRG1",-0.070953598480434,1.35684282228596,0.456745903994509,0.507500171849108,0.999997068196745,0.999983379322086,"group_idyes"
"1658","LYST","Exc L4-5 RORB GABRG1",-0.00332872449669016,7.95923292224538,0.0169940780591561,0.896348687774675,0.999997068196745,0.999983379322086,"group_idyes"
"1659","NID1","Exc L4-5 RORB GABRG1",0.00779635678351056,0.622881159662302,0.00332483786212279,0.954048270874656,0.999997068196745,0.999983379322086,"group_idyes"
"1660","GPR137B","Exc L4-5 RORB GABRG1",0.0169641278464057,5.86796544136526,0.182214665599722,0.669715630752377,0.999997068196745,0.999983379322086,"group_idyes"
"1661","ERO1B","Exc L4-5 RORB GABRG1",-0.0155387062389235,6.18927036181526,0.262751720909641,0.60853011698525,0.999997068196745,0.999983379322086,"group_idyes"
"1662","EDARADD","Exc L4-5 RORB GABRG1",-0.0154023483939568,2.03034160340624,0.0286811932902658,0.865606246233718,0.999997068196745,0.999983379322086,"group_idyes"
"1663","LGALS8","Exc L4-5 RORB GABRG1",0.0258477328242848,5.93131483607808,0.777144305961519,0.378566348997909,0.999997068196745,0.999983379322086,"group_idyes"
"1664","AL359921.1","Exc L4-5 RORB GABRG1",0.0566165186568723,2.62933243419371,0.730662461119237,0.393200509616051,0.999997068196745,0.999983379322086,"group_idyes"
"1665","HEATR1","Exc L4-5 RORB GABRG1",-0.000516465618484242,4.9720990736085,0.000247780368432939,0.987449144791139,0.999997068196745,0.999983379322086,"group_idyes"
"1666","ACTN2","Exc L4-5 RORB GABRG1",0.114136988266719,4.44865943488097,3.50414171350881,0.0619740412904474,0.999997068196745,0.999983379322086,"group_idyes"
"1667","MTR","Exc L4-5 RORB GABRG1",-0.0632946040601282,6.48455214524378,1.80283415569687,0.180161883777235,0.999997068196745,0.999983379322086,"group_idyes"
"1668","RYR2","Exc L4-5 RORB GABRG1",-0.0325133149926286,10.6830677315918,0.954965169805416,0.329072730077734,0.999997068196745,0.999983379322086,"group_idyes"
"1669","MTRNR2L11","Exc L4-5 RORB GABRG1",0.351632862937115,-0.284745456990082,1.75928514145291,0.185500523397974,0.999997068196745,0.999983379322086,"group_idyes"
"1670","CHRM3","Exc L4-5 RORB GABRG1",-0.0133519942103808,8.8006561139196,0.0945574397506175,0.758627740597859,0.999997068196745,0.999983379322086,"group_idyes"
"1671","CHRM3-AS2","Exc L4-5 RORB GABRG1",0.0243676194435095,2.66453431228114,0.0288428132595349,0.865231745942694,0.999997068196745,0.999983379322086,"group_idyes"
"1672","FMN2","Exc L4-5 RORB GABRG1",-0.0208375559178109,9.22187509417125,0.365992748992506,0.545553356929383,0.999997068196745,0.999983379322086,"group_idyes"
"1673","GREM2","Exc L4-5 RORB GABRG1",-0.121562390185501,6.29815419590891,3.14354205428585,0.0770192370184479,0.999997068196745,0.999983379322086,"group_idyes"
"1674","RGS7","Exc L4-5 RORB GABRG1",-0.0198552879937384,10.4537254656225,0.282691023775477,0.595249682908456,0.999997068196745,0.999983379322086,"group_idyes"
"1675","AL359764.1","Exc L4-5 RORB GABRG1",0.0319624407895505,2.31738787655511,0.168682429883973,0.721792534027221,0.999997068196745,0.999983379322086,"group_idyes"
"1676","FH","Exc L4-5 RORB GABRG1",0.00333843657927879,3.78879238735276,0.00376156030720954,0.951127004441472,0.999997068196745,0.999983379322086,"group_idyes"
"1677","KMO","Exc L4-5 RORB GABRG1",-0.062766615018081,1.82667249204091,0.173269558915026,0.677454356387654,0.999997068196745,0.999983379322086,"group_idyes"
"1678","OPN3","Exc L4-5 RORB GABRG1",-0.01045172437778,6.08330142489134,0.079621430836709,0.777962823005565,0.999997068196745,0.999983379322086,"group_idyes"
"1679","WDR64","Exc L4-5 RORB GABRG1",-0.0126756238637617,1.58303936009104,0.0107566239338928,0.917450242915452,0.999997068196745,0.999983379322086,"group_idyes"
"1680","EXO1","Exc L4-5 RORB GABRG1",0.0273433318428798,0.78671583357742,0.0509917226162922,0.821466411070279,0.999997068196745,0.999983379322086,"group_idyes"
"1681","PLD5","Exc L4-5 RORB GABRG1",-0.0783680749196764,4.02173082831421,0.811008528754331,0.368385610635717,0.999997068196745,0.999983379322086,"group_idyes"
"1682","AL591686.2","Exc L4-5 RORB GABRG1",-0.242636144469878,2.0084516613832,1.3161598785539,0.25199532525565,0.999997068196745,0.999983379322086,"group_idyes"
"1683","CEP170","Exc L4-5 RORB GABRG1",0.0233136337841965,7.30662157333236,0.759867648766148,0.383913591215059,0.999997068196745,0.999983379322086,"group_idyes"
"1684","SDCCAG8","Exc L4-5 RORB GABRG1",-0.00837829512301388,7.85690552382762,0.0767840938137515,0.781852581618887,0.999997068196745,0.999983379322086,"group_idyes"
"1685","AKT3","Exc L4-5 RORB GABRG1",-0.00544953321049828,9.69044607869874,0.0348631802541436,0.851981066295335,0.999997068196745,0.999983379322086,"group_idyes"
"1686","AL591885.1","Exc L4-5 RORB GABRG1",-0.0762561946411294,4.52001170977028,1.1250755941434,0.289493578978924,0.999997068196745,0.999983379322086,"group_idyes"
"1687","ZBTB18","Exc L4-5 RORB GABRG1",0.00577875999729334,6.55861810719228,0.0126239326463534,0.910599521394553,0.999997068196745,0.999983379322086,"group_idyes"
"1688","AL590483.1","Exc L4-5 RORB GABRG1",-0.0266168927822372,0.873217994690414,0.0403301804691395,0.840942510467052,0.999997068196745,0.999983379322086,"group_idyes"
"1689","AL645465.1","Exc L4-5 RORB GABRG1",-0.0234317937433262,3.86784571539571,0.142145092836798,0.706365612131798,0.999997068196745,0.999983379322086,"group_idyes"
"1690","ADSS","Exc L4-5 RORB GABRG1",-0.0461881914970616,4.81986482801389,0.668131884573803,0.414209573155347,0.999997068196745,0.999983379322086,"group_idyes"
"1691","CATSPERE","Exc L4-5 RORB GABRG1",-0.00561162843386557,4.2730753993054,0.00783454991579954,0.929515013166145,0.999997068196745,0.999983379322086,"group_idyes"
"1692","DESI2","Exc L4-5 RORB GABRG1",-0.0313023542757454,4.30754766525231,0.700645232919828,0.403086606708029,0.999997068196745,0.999983379322086,"group_idyes"
"1693","COX20","Exc L4-5 RORB GABRG1",-0.00602852949856005,4.53744343497263,0.0125456478126228,0.910875988343537,0.999997068196745,0.999983379322086,"group_idyes"
"1694","HNRNPU","Exc L4-5 RORB GABRG1",0.023645147240072,7.34649567045436,0.70388681219379,0.402001725915841,0.999997068196745,0.999983379322086,"group_idyes"
"1695","AL356512.1","Exc L4-5 RORB GABRG1",-0.228417453199969,0.481094833781566,2.20598546118643,0.138294916361273,0.999997068196745,0.999983379322086,"group_idyes"
"1696","EFCAB2","Exc L4-5 RORB GABRG1",-0.000890961394237379,6.17819489870671,0.000361829108383255,0.984833570627917,0.999997068196745,0.999983379322086,"group_idyes"
"1697","KIF26B","Exc L4-5 RORB GABRG1",-0.111284157131523,4.6308439661951,2.96195029519382,0.0860490089707056,0.999997068196745,0.999983379322086,"group_idyes"
"1698","KIF26B-AS1","Exc L4-5 RORB GABRG1",-0.148516499564233,0.393626981011294,0.841602508729176,0.359513576628771,0.999997068196745,0.999983379322086,"group_idyes"
"1699","SMYD3","Exc L4-5 RORB GABRG1",0.00221198878293583,9.18496431755705,0.00493519588715328,0.944030423502773,0.999997068196745,0.999983379322086,"group_idyes"
"1700","TFB2M","Exc L4-5 RORB GABRG1",0.0315414496057814,3.4402108140075,0.573601560100369,0.449294889518375,0.999997068196745,0.999983379322086,"group_idyes"
"1701","CNST","Exc L4-5 RORB GABRG1",0.00619543251929345,6.2880501989513,0.0596078525462866,0.807246968362183,0.999997068196745,0.999983379322086,"group_idyes"
"1702","AL591848.2","Exc L4-5 RORB GABRG1",-0.0828137570496667,1.75143979471004,0.51773118899427,0.472247947551612,0.999997068196745,0.999983379322086,"group_idyes"
"1703","SCCPDH","Exc L4-5 RORB GABRG1",0.0173308667770681,4.95827781308325,0.214076329871537,0.819474394382406,0.999997068196745,0.999983379322086,"group_idyes"
"1704","AL591848.4","Exc L4-5 RORB GABRG1",0.00080834842739206,1.35931614155532,7.9943364621424e-05,0.992870759536711,0.999997068196745,0.999983379322086,"group_idyes"
"1705","AHCTF1","Exc L4-5 RORB GABRG1",0.0204718733481466,6.63221957211468,0.379316173366565,0.538333624861679,0.999997068196745,0.999983379322086,"group_idyes"
"1706","ZNF670-ZNF695","Exc L4-5 RORB GABRG1",0.0520151894447656,3.55318824919264,0.611690036850926,0.434633264742642,0.999997068196745,0.999983379322086,"group_idyes"
"1707","ZNF669","Exc L4-5 RORB GABRG1",0.0111645394890281,1.9319542075046,0.0138748854197006,0.906294174197302,0.999997068196745,0.999983379322086,"group_idyes"
"1708","ZNF124","Exc L4-5 RORB GABRG1",0.0475264121508217,4.37610366454582,0.75153635108682,0.386530594447488,0.999997068196745,0.999983379322086,"group_idyes"
"1709","AL390728.6","Exc L4-5 RORB GABRG1",-0.0170304398947458,2.72405949627259,0.0502506017548513,0.822746775964889,0.999997068196745,0.999983379322086,"group_idyes"
"1710","AL390728.5","Exc L4-5 RORB GABRG1",-0.170016390553941,0.596557804558702,1.08646001302274,0.297911420553424,0.999997068196745,0.999983379322086,"group_idyes"
"1711","ZNF496","Exc L4-5 RORB GABRG1",-0.0362399331491626,4.4756615341054,0.491115921400992,0.483853553071325,0.999997068196745,0.999983379322086,"group_idyes"
"1712","NLRP3","Exc L4-5 RORB GABRG1",-0.0243219311475648,1.90120500171092,0.0505821276612252,0.82217281195496,0.999997068196745,0.999983379322086,"group_idyes"
"1713","GCSAML","Exc L4-5 RORB GABRG1",0.242753608972167,0.440096237291775,2.11128429902704,0.147031693384816,0.999997068196745,0.999983379322086,"group_idyes"
"1714","AL390860.1","Exc L4-5 RORB GABRG1",0.0821944931515954,2.8807241622117,0.504225372619789,0.478079563402958,0.999997068196745,0.999983379322086,"group_idyes"
"1715","TRIM58","Exc L4-5 RORB GABRG1",0.352875899841182,1.5716454128446,8.5042994902011,0.00375063189520254,0.999997068196745,0.999983379322086,"group_idyes"
"1716","OR2L8","Exc L4-5 RORB GABRG1",0.0914889432017281,0.940651501093698,0.381173695612111,0.53734099414041,0.999997068196745,0.999983379322086,"group_idyes"
"1717","OR2L5","Exc L4-5 RORB GABRG1",0.0450914424869739,3.69667760541487,0.201337371636896,0.653896135529538,0.999997068196745,0.999983379322086,"group_idyes"
"1718","OR2L2","Exc L4-5 RORB GABRG1",0.0523589344757091,3.48579855460015,0.27089823326344,0.603029254673215,0.999997068196745,0.999983379322086,"group_idyes"
"1719","OR2L3","Exc L4-5 RORB GABRG1",0.0880279965201922,4.15835469756107,0.912291735288732,0.340106835910231,0.999997068196745,0.999983379322086,"group_idyes"
"1720","OR2L13","Exc L4-5 RORB GABRG1",-0.0337716189584103,2.61871110331276,0.114541420358391,0.735216491116971,0.999997068196745,0.999983379322086,"group_idyes"
"1721","OR2M2","Exc L4-5 RORB GABRG1",-0.109320235436502,1.20623438250348,0.592107394814401,0.442077521624131,0.999997068196745,0.999983379322086,"group_idyes"
"1722","OR2M3","Exc L4-5 RORB GABRG1",0.00821514175688493,2.11467532600939,0.00449335822768767,0.946590638157652,0.999997068196745,0.999983379322086,"group_idyes"
"1723","OR2M4","Exc L4-5 RORB GABRG1",0.0561731890259402,2.83878645857401,0.238821623675733,0.625336942923253,0.999997068196745,0.999983379322086,"group_idyes"
"1724","OR2T12","Exc L4-5 RORB GABRG1",0.111568977832657,1.45744095263118,1.06693514072353,0.302287612618005,0.999997068196745,0.999983379322086,"group_idyes"
"1725","OR2T6","Exc L4-5 RORB GABRG1",-0.010694495707936,1.46528078271961,0.00643567254216474,0.936101893983283,0.999997068196745,0.999983379322086,"group_idyes"
"1726","OR2G6","Exc L4-5 RORB GABRG1",-0.0110536925823752,0.738948820699367,0.00637411940788629,0.936407547107703,0.999997068196745,0.999983379322086,"group_idyes"
"1727","OR2T11","Exc L4-5 RORB GABRG1",-0.201132033603305,0.588779230155131,1.53258117017048,0.216480391753467,0.999997068196745,0.999983379322086,"group_idyes"
"1728","OR14I1","Exc L4-5 RORB GABRG1",0.0987200954946035,2.26624247813728,1.301908748287,0.423059014806927,0.999997068196745,0.999983379322086,"group_idyes"
"1729","LYPD8","Exc L4-5 RORB GABRG1",-0.0678361249473078,4.25245557291441,1.62272467943492,0.203481295078549,0.999997068196745,0.999983379322086,"group_idyes"
"1730","SH3BP5L","Exc L4-5 RORB GABRG1",-0.028417468818957,4.01166372344645,0.275213535534208,0.600157872238124,0.999997068196745,0.999983379322086,"group_idyes"
"1731","ZNF672","Exc L4-5 RORB GABRG1",0.059478901962585,2.17892409536235,0.511451794568239,0.474944814408295,0.999997068196745,0.999983379322086,"group_idyes"
"1732","ZNF692","Exc L4-5 RORB GABRG1",0.024806835183895,5.08016996830084,0.207996348348377,0.648599725345618,0.999997068196745,0.999983379322086,"group_idyes"
"1733","PGBD2","Exc L4-5 RORB GABRG1",-0.0184001250385023,2.214147550446,0.0554459301269575,0.813969563064275,0.999997068196745,0.999983379322086,"group_idyes"
"1734","FAM110C","Exc L4-5 RORB GABRG1",0.0752555690894558,1.04832683299029,0.374453346155367,0.540948213090795,0.999997068196745,0.999983379322086,"group_idyes"
"1735","SH3YL1","Exc L4-5 RORB GABRG1",0.0126784303129663,6.06870473764029,0.0941690125490886,0.759108574292378,0.999997068196745,0.999983379322086,"group_idyes"
"1736","ACP1","Exc L4-5 RORB GABRG1",-0.0103861412915968,4.4558228674067,0.0321768417243556,0.857734516367677,0.999997068196745,0.999983379322086,"group_idyes"
"1737","LINC01865","Exc L4-5 RORB GABRG1",-0.300839640751871,1.2232934512557,2.38256548680331,0.123518013397566,0.999997068196745,0.999983379322086,"group_idyes"
"1738","TMEM18","Exc L4-5 RORB GABRG1",0.0147787469978127,3.22292797860393,0.033465851253634,0.85494401713875,0.999997068196745,0.999983379322086,"group_idyes"
"1739","AC092159.1","Exc L4-5 RORB GABRG1",-0.111206230870941,1.11649633979791,0.289570252919296,0.590807216117733,0.999997068196745,0.999983379322086,"group_idyes"
"1740","LINC01115","Exc L4-5 RORB GABRG1",0.0285861276926127,3.27521508018442,0.0223153725479413,0.881329457637954,0.999997068196745,0.999983379322086,"group_idyes"
"1741","SNTG2","Exc L4-5 RORB GABRG1",-0.020298562750675,4.27461241974247,0.0190262703414344,0.890363360993193,0.999997068196745,0.999983379322086,"group_idyes"
"1742","TPO","Exc L4-5 RORB GABRG1",-0.185591250677306,0.902627956223386,1.77448117291798,0.18361701782387,0.999997068196745,0.999983379322086,"group_idyes"
"1743","AC141930.1","Exc L4-5 RORB GABRG1",-0.0334835911336454,0.714866177305769,0.0490077772001026,0.824916346311033,0.999997068196745,0.999983379322086,"group_idyes"
"1744","PXDN","Exc L4-5 RORB GABRG1",-0.103588419703517,3.40852312471696,0.812520979208418,0.367939903550382,0.999997068196745,0.999983379322086,"group_idyes"
"1745","MYT1L","Exc L4-5 RORB GABRG1",0.041519945025182,9.78849313009573,0.711221727228701,0.39956254438435,0.999997068196745,0.999983379322086,"group_idyes"
"1746","AC018685.2","Exc L4-5 RORB GABRG1",-0.256095883792719,0.821382434856855,3.16364924539342,0.0760842536900485,0.999997068196745,0.999983379322086,"group_idyes"
"1747","AC011995.2","Exc L4-5 RORB GABRG1",-0.133307253467266,1.47416527624443,1.32382261464638,0.250621783991327,0.999997068196745,0.999983379322086,"group_idyes"
"1748","LINC01250","Exc L4-5 RORB GABRG1",0.0046603581762808,7.56017088175126,0.00840357799799291,0.927007125739852,0.999997068196745,0.999983379322086,"group_idyes"
"1749","AC019118.2","Exc L4-5 RORB GABRG1",-0.0241052510830193,4.19888886148547,0.20939740758715,0.647498430360618,0.999997068196745,0.999983379322086,"group_idyes"
"1750","EIPR1","Exc L4-5 RORB GABRG1",-0.0574170755122582,5.96196156427945,3.33223689991972,0.0687095344718516,0.999997068196745,0.999983379322086,"group_idyes"
"1751","TRAPPC12","Exc L4-5 RORB GABRG1",-0.0341257667095141,6.57637464640206,0.841048133202164,0.359671695458398,0.999997068196745,0.999983379322086,"group_idyes"
"1752","TRAPPC12-AS1","Exc L4-5 RORB GABRG1",-0.148435678743071,0.502269775577142,0.532994553632811,0.465794892265424,0.999997068196745,0.999983379322086,"group_idyes"
"1753","ADI1","Exc L4-5 RORB GABRG1",0.0461951165631357,3.32993909912158,0.645006183469824,0.436505545460206,0.999997068196745,0.999983379322086,"group_idyes"
"1754","AC231981.1","Exc L4-5 RORB GABRG1",0.121152950363622,1.29569330153416,0.954453106748003,0.329202275457539,0.999997068196745,0.999983379322086,"group_idyes"
"1755","AC108488.2","Exc L4-5 RORB GABRG1",0.0106347693365098,3.70921528353139,0.0326619342268855,0.856677710201763,0.999997068196745,0.999983379322086,"group_idyes"
"1756","RNASEH1","Exc L4-5 RORB GABRG1",0.00435305499190837,1.57943407607755,0.00218417499828276,0.962748558259286,0.999997068196745,0.999983379322086,"group_idyes"
"1757","RNASEH1-AS1","Exc L4-5 RORB GABRG1",-0.0194517174343081,2.24523096321872,0.0556942892132892,0.813561064834576,0.999997068196745,0.999983379322086,"group_idyes"
"1758","RPS7","Exc L4-5 RORB GABRG1",0.0139824289058465,5.12632657114336,0.0157614069351984,0.900158120273172,0.999997068196745,0.999983379322086,"group_idyes"
"1759","COLEC11","Exc L4-5 RORB GABRG1",-0.0561342536209389,2.31856152173274,0.190312046217686,0.662901727637578,0.999997068196745,0.999983379322086,"group_idyes"
"1760","ALLC","Exc L4-5 RORB GABRG1",0.0243952890658686,1.11678742390018,0.0187366796203768,0.891195674913662,0.999997068196745,0.999983379322086,"group_idyes"
"1761","DCDC2C","Exc L4-5 RORB GABRG1",-0.043381503176588,0.496978156485011,0.0408944176107889,0.839848750234938,0.999997068196745,0.999983379322086,"group_idyes"
"1762","LINC00487","Exc L4-5 RORB GABRG1",-0.0557141493154758,0.306201776509512,0.104023867177259,0.747228447820851,0.999997068196745,0.999983379322086,"group_idyes"
"1763","NRIR","Exc L4-5 RORB GABRG1",-0.0648419479113688,2.07218482001607,0.485919294342402,0.486174274143229,0.999997068196745,0.999983379322086,"group_idyes"
"1764","CMPK2","Exc L4-5 RORB GABRG1",0.118357332961164,2.31538185855136,1.75155134530565,0.186467743560846,0.999997068196745,0.999983379322086,"group_idyes"
"1765","RSAD2","Exc L4-5 RORB GABRG1",-0.0235994334725738,4.19766993132909,0.162954492519183,0.686675098605498,0.999997068196745,0.999983379322086,"group_idyes"
"1766","AC017076.1","Exc L4-5 RORB GABRG1",0.0495158024102413,2.47552614048978,0.216547651506298,0.641946412477314,0.999997068196745,0.999983379322086,"group_idyes"
"1767","RNF144A","Exc L4-5 RORB GABRG1",0.0193376877104586,8.45035714731502,0.304049777427036,0.581674741748335,0.999997068196745,0.999983379322086,"group_idyes"
"1768","AC068481.1","Exc L4-5 RORB GABRG1",0.0307742860167887,0.856769645448423,0.0355019015702266,0.8506471734337,0.999997068196745,0.999983379322086,"group_idyes"
"1769","LINC00298","Exc L4-5 RORB GABRG1",0.052274403185464,2.66041295473452,0.220224597434775,0.63913467133966,0.999997068196745,0.999983379322086,"group_idyes"
"1770","LINC00299","Exc L4-5 RORB GABRG1",0.189839851162406,4.79914526056712,5.25652797115237,0.0224035544848915,0.999997068196745,0.999983379322086,"group_idyes"
"1771","AC011747.2","Exc L4-5 RORB GABRG1",0.0724632308297089,1.3620498322386,0.328190712007556,0.567061063351676,0.999997068196745,0.999983379322086,"group_idyes"
"1772","ID2-AS1","Exc L4-5 RORB GABRG1",-0.110607258265967,1.22170426548782,0.956794289024739,0.328610540360131,0.999997068196745,0.999983379322086,"group_idyes"
"1773","ID2","Exc L4-5 RORB GABRG1",0.0222643592781567,5.88120105768583,0.0811835260974644,0.77585320736893,0.999997068196745,0.999983379322086,"group_idyes"
"1774","KIDINS220","Exc L4-5 RORB GABRG1",0.00745162151907839,7.4866288039909,0.108691310450549,0.741818430236098,0.999997068196745,0.999983379322086,"group_idyes"
"1775","MBOAT2","Exc L4-5 RORB GABRG1",-0.0176126755734584,5.65283755411501,0.126466203311353,0.722319412301718,0.999997068196745,0.999983379322086,"group_idyes"
"1776","ASAP2","Exc L4-5 RORB GABRG1",-0.0412701085732488,5.56600839648475,0.909959676783578,0.340724070340151,0.999997068196745,0.999983379322086,"group_idyes"
"1777","ITGB1BP1","Exc L4-5 RORB GABRG1",-0.00764573132557166,5.67528458616094,0.052086438436938,0.819592938445155,0.999997068196745,0.999983379322086,"group_idyes"
"1778","CPSF3","Exc L4-5 RORB GABRG1",0.0327654129032345,3.95967270939538,0.650235755345211,0.97749153391261,0.999997068196745,0.999983379322086,"group_idyes"
"1779","IAH1","Exc L4-5 RORB GABRG1",-0.00919042087397376,5.03912785535178,0.0620449895335567,0.80342538976223,0.999997068196745,0.999983379322086,"group_idyes"
"1780","ADAM17","Exc L4-5 RORB GABRG1",-0.0401368411464514,5.64796797937167,1.23200525994028,0.267710685645156,0.999997068196745,0.999983379322086,"group_idyes"
"1781","AC080162.1","Exc L4-5 RORB GABRG1",0.00187758488857933,2.18880437315115,0.000652070082919637,0.979640942353186,0.999997068196745,0.999983379322086,"group_idyes"
"1782","AC073195.1","Exc L4-5 RORB GABRG1",-0.0166766248351407,1.1684795490458,0.0173592145819595,0.895247451069996,0.999997068196745,0.999983379322086,"group_idyes"
"1783","YWHAQ","Exc L4-5 RORB GABRG1",0.00948964613407782,6.2188428312268,0.0402420054901501,0.84111415320013,0.999997068196745,0.999983379322086,"group_idyes"
"1784","TAF1B","Exc L4-5 RORB GABRG1",0.0206580338681498,5.2295150804168,0.303677348560058,0.581906056525049,0.999997068196745,0.999983379322086,"group_idyes"
"1785","AC010969.2","Exc L4-5 RORB GABRG1",0.0551729553222697,2.27655128544564,0.597534969085275,0.439994745298035,0.999997068196745,0.999983379322086,"group_idyes"
"1786","GRHL1","Exc L4-5 RORB GABRG1",-0.100286599868845,3.29144891556378,3.36552544872347,0.0673463752861342,0.999997068196745,0.999983379322086,"group_idyes"
"1787","AC104794.2","Exc L4-5 RORB GABRG1",0.0832900064518725,2.14178054951387,0.818618747507525,0.366150540770433,0.999997068196745,0.999983379322086,"group_idyes"
"1788","KLF11","Exc L4-5 RORB GABRG1",0.0204748862512941,2.64509498383371,0.0881638016183019,0.868060496323866,0.999997068196745,0.999983379322086,"group_idyes"
"1789","CYS1","Exc L4-5 RORB GABRG1",-0.0175926167560973,2.81102004109458,0.0728623642002296,0.787358606947611,0.999997068196745,0.999983379322086,"group_idyes"
"1790","HPCAL1","Exc L4-5 RORB GABRG1",-0.0263324782134615,2.43602635961641,0.0533083713609533,0.817526054376725,0.999997068196745,0.999983379322086,"group_idyes"
"1791","ODC1","Exc L4-5 RORB GABRG1",0.00665927788337404,3.06798759432053,0.00712247768640593,0.932786460077435,0.999997068196745,0.999983379322086,"group_idyes"
"1792","NOL10","Exc L4-5 RORB GABRG1",-0.0187271636061157,6.26919502455495,0.459340490221371,0.498339733573612,0.999997068196745,0.999983379322086,"group_idyes"
"1793","RN7SL832P","Exc L4-5 RORB GABRG1",0.000237908565742281,0.599102788310648,1.02448777016634e-05,0.997447824711958,0.999997068196745,0.999983379322086,"group_idyes"
"1794","ATP6V1C2","Exc L4-5 RORB GABRG1",0.173889615528626,1.49244190067793,2.35367362380495,0.125810060719348,0.999997068196745,0.999983379322086,"group_idyes"
"1795","PDIA6","Exc L4-5 RORB GABRG1",-0.045594983772275,5.70122277348209,1.02679585972896,0.311549252831223,0.999997068196745,0.999983379322086,"group_idyes"
"1796","KCNF1","Exc L4-5 RORB GABRG1",-0.00299638933631942,4.09202030392347,0.00110775451631022,0.973466213286725,0.999997068196745,0.999983379322086,"group_idyes"
"1797","AC062028.1","Exc L4-5 RORB GABRG1",-0.105782124506487,4.15604163693325,3.27110509089511,0.0712906913049285,0.999997068196745,0.999983379322086,"group_idyes"
"1798","C2orf50","Exc L4-5 RORB GABRG1",-0.0642583480709237,2.81878332177602,1.03391922986311,0.309878932707985,0.999997068196745,0.999983379322086,"group_idyes"
"1799","PQLC3","Exc L4-5 RORB GABRG1",-0.0969527456876196,3.57728078951739,3.04573015134202,0.0817480926920015,0.999997068196745,0.999983379322086,"group_idyes"
"1800","ROCK2","Exc L4-5 RORB GABRG1",0.00298803361339157,7.86862956704077,0.0114358391888558,0.914893523687396,0.999997068196745,0.999983379322086,"group_idyes"
"1801","AC099344.1","Exc L4-5 RORB GABRG1",-0.201606315068091,0.23624201098175,1.297243065511,0.255426102051149,0.999997068196745,0.999983379322086,"group_idyes"
"1802","E2F6","Exc L4-5 RORB GABRG1",-0.0259961715546297,4.07277864617871,0.519361143686538,0.471551974641385,0.999997068196745,0.999983379322086,"group_idyes"
"1803","GREB1","Exc L4-5 RORB GABRG1",-0.0915527845887287,4.84538747384793,3.31570442077568,0.0693975221555204,0.999997068196745,0.999983379322086,"group_idyes"
"1804","NTSR2","Exc L4-5 RORB GABRG1",-0.047678451972038,0.650262899082436,0.109158578652017,0.741283964576074,0.999997068196745,0.999983379322086,"group_idyes"
"1805","LPIN1","Exc L4-5 RORB GABRG1",0.00134482487666743,6.72059660717612,0.00263099216874784,0.959118508443064,0.999997068196745,0.999983379322086,"group_idyes"
"1806","MIR3681HG","Exc L4-5 RORB GABRG1",-0.0821076385703254,3.85320300632114,0.817829749094723,0.366381385539721,0.999997068196745,0.999983379322086,"group_idyes"
"1807","TRIB2","Exc L4-5 RORB GABRG1",-0.0781280260438597,3.84345618193569,0.472307379719489,0.49234163819091,0.999997068196745,0.999983379322086,"group_idyes"
"1808","LINC00276","Exc L4-5 RORB GABRG1",-0.0291119930721154,4.1531367889713,0.143513510029112,0.705021766872589,0.999997068196745,0.999983379322086,"group_idyes"
"1809","FAM84A","Exc L4-5 RORB GABRG1",0.0133293815446157,4.66973228451765,0.0515195300970868,0.820560520138568,0.999997068196745,0.999983379322086,"group_idyes"
"1810","AC068286.1","Exc L4-5 RORB GABRG1",0.0671948256455756,0.811943113523509,0.228161296042658,0.633161823965744,0.999997068196745,0.999983379322086,"group_idyes"
"1811","NBAS","Exc L4-5 RORB GABRG1",-0.0317099762207865,7.64916471639088,0.840536505826525,0.359817706840952,0.999997068196745,0.999983379322086,"group_idyes"
"1812","DDX1","Exc L4-5 RORB GABRG1",0.0255021651519903,5.80597840203221,0.502172805357407,0.478976114253247,0.999997068196745,0.999983379322086,"group_idyes"
"1813","MYCNOS","Exc L4-5 RORB GABRG1",0.129580234595636,0.682350609010332,0.919296759571249,0.338261829465756,0.999997068196745,0.999983379322086,"group_idyes"
"1814","MYCN","Exc L4-5 RORB GABRG1",0.0610088081500333,1.8747887371192,0.451898097722329,0.834033710139511,0.999997068196745,0.999983379322086,"group_idyes"
"1815","FAM49A","Exc L4-5 RORB GABRG1",0.0121072974920226,7.72719561132801,0.299193298110218,0.58470571262741,0.999997068196745,0.999983379322086,"group_idyes"
"1816","RAD51AP2","Exc L4-5 RORB GABRG1",0.0350948014959189,2.03690855981971,0.161953075055926,0.68758819801442,0.999997068196745,0.999983379322086,"group_idyes"
"1817","VSNL1","Exc L4-5 RORB GABRG1",0.00802495132545236,8.83932464011875,0.0331682076795191,0.855583367843645,0.999997068196745,0.999983379322086,"group_idyes"
"1818","SMC6","Exc L4-5 RORB GABRG1",0.00977499702758446,5.96615076945435,0.115938414490425,0.733667896266351,0.999997068196745,0.999983379322086,"group_idyes"
"1819","GEN1","Exc L4-5 RORB GABRG1",0.0774294306260159,3.57108156142579,1.50096551204203,0.221272384125148,0.999997068196745,0.999983379322086,"group_idyes"
"1820","KCNS3","Exc L4-5 RORB GABRG1",-0.0237909489707057,2.04344263544938,0.0513426546653291,0.820863550582905,0.999997068196745,0.999983379322086,"group_idyes"
"1821","AC079148.1","Exc L4-5 RORB GABRG1",0.184837072479219,0.999586470868608,2.84285795606973,0.0925915704272844,0.999997068196745,0.999983379322086,"group_idyes"
"1822","RDH14","Exc L4-5 RORB GABRG1",0.099995329237731,3.13799715842811,1.3875723175903,0.239543618276351,0.999997068196745,0.999983379322086,"group_idyes"
"1823","LINC01376","Exc L4-5 RORB GABRG1",0.0178494505941298,4.41792599941607,0.0426067039750609,0.836576793966031,0.999997068196745,0.999983379322086,"group_idyes"
"1824","TTC32","Exc L4-5 RORB GABRG1",0.0133333414358364,3.68655509755969,0.0683324286566759,0.912143559083162,0.999997068196745,0.999983379322086,"group_idyes"
"1825","WDR35","Exc L4-5 RORB GABRG1",-0.0184048747109036,4.69734487698052,0.148465620800527,0.700218939775405,0.999997068196745,0.999983379322086,"group_idyes"
"1826","LAPTM4A","Exc L4-5 RORB GABRG1",0.00282132067295068,4.0839212915441,0.00158191847405701,0.968294462945541,0.999997068196745,0.999983379322086,"group_idyes"
"1827","PUM2","Exc L4-5 RORB GABRG1",0.00841885451797294,7.33749841991364,0.137367442871692,0.711116261118159,0.999997068196745,0.999983379322086,"group_idyes"
"1828","RHOB","Exc L4-5 RORB GABRG1",0.0823076722083823,4.68092975047111,1.19132258751392,0.27574599458881,0.999997068196745,0.999983379322086,"group_idyes"
"1829","HS1BP3","Exc L4-5 RORB GABRG1",-0.054919728049324,5.27918247976781,0.831978997313695,0.362272089014562,0.999997068196745,0.999983379322086,"group_idyes"
"1830","GDF7","Exc L4-5 RORB GABRG1",-0.0176735509363954,3.51462186364237,0.03340202779694,0.855080864306026,0.999997068196745,0.999983379322086,"group_idyes"
"1831","AC012065.4","Exc L4-5 RORB GABRG1",0.0303522652191301,0.692694151825433,0.0524698190017239,0.818941733177383,0.999997068196745,0.999983379322086,"group_idyes"
"1832","LDAH","Exc L4-5 RORB GABRG1",-0.0527058976643828,5.68932265327654,1.7294023986283,0.189270505401713,0.999997068196745,0.999983379322086,"group_idyes"
"1833","AC018742.1","Exc L4-5 RORB GABRG1",-0.0817474699155746,2.04457611654833,0.229184361015988,0.632401227752512,0.999997068196745,0.999983379322086,"group_idyes"
"1834","LINC01830","Exc L4-5 RORB GABRG1",0.0406130207150934,4.34458864699553,0.191179372496094,0.662182169282563,0.999997068196745,0.999983379322086,"group_idyes"
"1835","AC018467.1","Exc L4-5 RORB GABRG1",-0.109392503746185,3.53763312877197,1.72104292437683,0.190341096918777,0.999997068196745,0.999983379322086,"group_idyes"
"1836","KLHL29","Exc L4-5 RORB GABRG1",-0.00720905188353568,7.47312337041435,0.0210895080198473,0.88461143257137,0.999997068196745,0.999983379322086,"group_idyes"
"1837","ATAD2B","Exc L4-5 RORB GABRG1",-0.0287170611019042,5.78106518280514,0.686100231849777,0.40800755128256,0.999997068196745,0.999983379322086,"group_idyes"
"1838","UBXN2A","Exc L4-5 RORB GABRG1",-0.00230988415700068,5.71340239914573,0.00452368777617695,0.946410959819625,0.999997068196745,0.999983379322086,"group_idyes"
"1839","MFSD2B","Exc L4-5 RORB GABRG1",-0.0211615684558554,1.82737893783717,0.0516075185274407,0.82040997839411,0.999997068196745,0.999983379322086,"group_idyes"
"1840","WDCP","Exc L4-5 RORB GABRG1",0.00235825893120649,1.88262624869634,0.000881772738435408,0.976325969628392,0.999997068196745,0.999983379322086,"group_idyes"
"1841","FKBP1B","Exc L4-5 RORB GABRG1",-0.0201848664064812,3.52198644151243,0.0464565274939493,0.829462291177466,0.999997068196745,0.999983379322086,"group_idyes"
"1842","SF3B6","Exc L4-5 RORB GABRG1",0.0199436811828848,3.92091102501266,0.0737728591535873,0.786066367877714,0.999997068196745,0.999983379322086,"group_idyes"
"1843","FAM228B","Exc L4-5 RORB GABRG1",-0.00655636746409909,6.06609761125455,0.0227572511597031,0.88016910915148,0.999997068196745,0.999983379322086,"group_idyes"
"1844","TP53I3","Exc L4-5 RORB GABRG1",0.3432257609563,0.414770279806951,4.41883818745914,0.0361937344538271,0.999997068196745,0.999983379322086,"group_idyes"
"1845","PFN4","Exc L4-5 RORB GABRG1",-0.0650968760923891,0.723630839217828,0.208311459029503,0.833910414972314,0.999997068196745,0.999983379322086,"group_idyes"
"1846","AC008073.3","Exc L4-5 RORB GABRG1",-0.0961275114272489,2.57873020683114,1.47381884009235,0.225488822765304,0.999997068196745,0.999983379322086,"group_idyes"
"1847","FAM228A","Exc L4-5 RORB GABRG1",0.0163919956111861,1.85472785268587,0.0348928329109094,0.851918861674622,0.999997068196745,0.999983379322086,"group_idyes"
"1848","ITSN2","Exc L4-5 RORB GABRG1",0.0114240290354473,7.1387774106099,0.185816108050367,0.666663308044236,0.999997068196745,0.999983379322086,"group_idyes"
"1849","AC009228.1","Exc L4-5 RORB GABRG1",-0.105201181656908,3.34239442094728,2.7815080467054,0.0961720170574454,0.999997068196745,0.999983379322086,"group_idyes"
"1850","NCOA1","Exc L4-5 RORB GABRG1",-0.00412570320510539,8.30569182358269,0.0273234047819993,0.868796310691804,0.999997068196745,0.999983379322086,"group_idyes"
"1851","PTRHD1","Exc L4-5 RORB GABRG1",0.00250818401633449,1.79837021678232,0.000447587803184707,0.983131964959775,0.999997068196745,0.999983379322086,"group_idyes"
"1852","CENPO","Exc L4-5 RORB GABRG1",0.112265447433188,2.38134462347287,1.41856745518763,0.234373625621959,0.999997068196745,0.999983379322086,"group_idyes"
"1853","ADCY3","Exc L4-5 RORB GABRG1",-0.0002681808462382,5.96400558511437,9.51630188112687e-05,0.992221693491576,0.999997068196745,0.999983379322086,"group_idyes"
"1854","DNAJC27","Exc L4-5 RORB GABRG1",0.0121518714002737,4.62768353443748,0.122531297105264,0.726496696847683,0.999997068196745,0.999983379322086,"group_idyes"
"1855","DNAJC27-AS1","Exc L4-5 RORB GABRG1",-0.0844632843992384,4.71372699432338,2.05313797567343,0.15270490437074,0.999997068196745,0.999983379322086,"group_idyes"
"1856","EFR3B","Exc L4-5 RORB GABRG1",-0.0987132500577451,6.04638155263515,3.78611023840483,0.0524074876400067,0.999997068196745,0.999983379322086,"group_idyes"
"1857","POMC","Exc L4-5 RORB GABRG1",0.00958949902363035,0.589426204551338,0.00203067943331194,0.96408042484274,0.999997068196745,0.999983379322086,"group_idyes"
"1858","DNMT3A","Exc L4-5 RORB GABRG1",-0.0594720180693921,6.93397231433786,1.49566826733418,0.222087668305612,0.999997068196745,0.999983379322086,"group_idyes"
"1859","AC012074.1","Exc L4-5 RORB GABRG1",0.0278523552512783,2.68613448680175,0.111879852267605,0.738196285349223,0.999997068196745,0.999983379322086,"group_idyes"
"1860","DTNB","Exc L4-5 RORB GABRG1",-0.0334466776155542,7.70240018940091,1.1735454010144,0.279352399411563,0.999997068196745,0.999983379322086,"group_idyes"
"1861","AC104699.1","Exc L4-5 RORB GABRG1",-0.126967132153036,0.776958922768399,0.626778026554881,0.429027457454131,0.999997068196745,0.999983379322086,"group_idyes"
"1862","ASXL2","Exc L4-5 RORB GABRG1",-0.0251885217279155,5.62779234619542,0.815476956515392,0.457597310447985,0.999997068196745,0.999983379322086,"group_idyes"
"1863","KIF3C","Exc L4-5 RORB GABRG1",0.00717831571235401,6.81718384556835,0.0584045123603675,0.809164436006414,0.999997068196745,0.999983379322086,"group_idyes"
"1864","RAB10","Exc L4-5 RORB GABRG1",0.011109373055009,6.83146442472577,0.187079953794264,0.678842142376736,0.999997068196745,0.999983379322086,"group_idyes"
"1865","GAREM2","Exc L4-5 RORB GABRG1",0.0793265492445072,0.340001864272449,0.230452873033881,0.631461047617425,0.999997068196745,0.999983379322086,"group_idyes"
"1866","HADHA","Exc L4-5 RORB GABRG1",-0.0171721687376516,4.79448359317228,0.30584757885278,0.580560723771687,0.999997068196745,0.999983379322086,"group_idyes"
"1867","HADHB","Exc L4-5 RORB GABRG1",-0.047138329502638,5.05948719648148,1.87945789044104,0.171194968603695,0.999997068196745,0.999983379322086,"group_idyes"
"1868","ADGRF3","Exc L4-5 RORB GABRG1",0.0112329518962132,2.28993018638514,0.0147025576911184,0.903553074681352,0.999997068196745,0.999983379322086,"group_idyes"
"1869","SELENOI","Exc L4-5 RORB GABRG1",0.0169824764954997,5.7963550366574,0.355023593713886,0.669247645150365,0.999997068196745,0.999983379322086,"group_idyes"
"1870","DRC1","Exc L4-5 RORB GABRG1",-0.0732321078007607,3.72423164419985,1.16251476559658,0.281620151368871,0.999997068196745,0.999983379322086,"group_idyes"
"1871","OTOF","Exc L4-5 RORB GABRG1",0.0695484275533965,2.8597091177277,0.376922975924109,0.539617467816505,0.999997068196745,0.999983379322086,"group_idyes"
"1872","CIB4","Exc L4-5 RORB GABRG1",-0.329227251609352,0.655058134272088,4.57887624312565,0.0329969646510137,0.999997068196745,0.999983379322086,"group_idyes"
"1873","KCNK3","Exc L4-5 RORB GABRG1",-0.00877015537434532,2.67110962705416,0.0112402839259237,0.915621577763196,0.999997068196745,0.999983379322086,"group_idyes"
"1874","CENPA","Exc L4-5 RORB GABRG1",0.0224390680168497,2.77326735721991,0.137265744391752,0.967508940016268,0.999997068196745,0.999983379322086,"group_idyes"
"1875","DPYSL5","Exc L4-5 RORB GABRG1",-0.0130950344189137,5.14171353622417,0.106118002242213,0.98933746758419,0.999997068196745,0.999983379322086,"group_idyes"
"1876","AC013472.2","Exc L4-5 RORB GABRG1",-0.0554651048903025,2.03158179766954,0.157421683766188,0.691761479939998,0.999997068196745,0.999983379322086,"group_idyes"
"1877","MAPRE3","Exc L4-5 RORB GABRG1",0.0100811338085985,6.55059677356761,0.0804423858400332,0.776851359862725,0.999997068196745,0.999983379322086,"group_idyes"
"1878","TMEM214","Exc L4-5 RORB GABRG1",-0.0159379734818904,3.08840658832511,0.0771366055264921,0.781365148871012,0.999997068196745,0.999983379322086,"group_idyes"
"1879","AGBL5","Exc L4-5 RORB GABRG1",-0.0185481052743141,3.41752511410084,0.0581655959757708,0.809547619729072,0.999997068196745,0.999983379322086,"group_idyes"
"1880","AC013472.3","Exc L4-5 RORB GABRG1",-0.0245667696793652,1.39026934275183,0.0651284168138978,0.945673400190285,0.999997068196745,0.999983379322086,"group_idyes"
"1881","OST4","Exc L4-5 RORB GABRG1",-0.00422883871837329,2.96464354375642,0.0011417735423392,0.973062022345638,0.999997068196745,0.999983379322086,"group_idyes"
"1882","EMILIN1","Exc L4-5 RORB GABRG1",0.105864225204954,0.926450135982068,0.71542678682017,0.398173864711519,0.999997068196745,0.999983379322086,"group_idyes"
"1883","KHK","Exc L4-5 RORB GABRG1",0.0377408661928341,2.78128243355712,0.287215776613391,0.592319968749542,0.999997068196745,0.999983379322086,"group_idyes"
"1884","CGREF1","Exc L4-5 RORB GABRG1",-0.0536544165719977,4.80133180100836,1.54314049781197,0.214907624136395,0.999997068196745,0.999983379322086,"group_idyes"
"1885","ABHD1","Exc L4-5 RORB GABRG1",-0.165722520967045,0.860962978220521,1.90752634781474,0.217978691162481,0.999997068196745,0.999983379322086,"group_idyes"
"1886","PREB","Exc L4-5 RORB GABRG1",-0.00712026426516049,2.7389112699284,0.00965855053383879,0.983383350837092,0.999997068196745,0.999983379322086,"group_idyes"
"1887","SLC5A6","Exc L4-5 RORB GABRG1",0.0370261493788904,3.17680392558071,0.508720190030817,0.476125804969046,0.999997068196745,0.999983379322086,"group_idyes"
"1888","ATRAID","Exc L4-5 RORB GABRG1",0.0605481241250218,2.79221922597732,0.556274186345012,0.456220783829554,0.999997068196745,0.999983379322086,"group_idyes"
"1889","CAD","Exc L4-5 RORB GABRG1",-0.0450545921893155,3.55583458677965,0.854854131666274,0.355762286873261,0.999997068196745,0.999983379322086,"group_idyes"
"1890","SLC30A3","Exc L4-5 RORB GABRG1",-0.0331139906180625,5.39665666854163,0.490843570090902,0.483974724904458,0.999997068196745,0.999983379322086,"group_idyes"
"1891","DNAJC5G","Exc L4-5 RORB GABRG1",0.0119596160068195,4.34932628001493,0.0281135750252948,0.866930186420625,0.999997068196745,0.999983379322086,"group_idyes"
"1892","TRIM54","Exc L4-5 RORB GABRG1",0.0486408730617709,4.40534013578964,0.434344287432235,0.510259187833068,0.999997068196745,0.999983379322086,"group_idyes"
"1893","UCN","Exc L4-5 RORB GABRG1",-0.0433808053505588,3.54039975828821,0.510035943218592,0.475556351682929,0.999997068196745,0.999983379322086,"group_idyes"
"1894","MPV17","Exc L4-5 RORB GABRG1",-0.0517377612859858,5.02387823693658,2.26099542135919,0.133489175265188,0.999997068196745,0.999983379322086,"group_idyes"
"1895","GTF3C2","Exc L4-5 RORB GABRG1",0.0080199945328357,4.9022322221157,0.0511288017323805,0.821230666305256,0.999997068196745,0.999983379322086,"group_idyes"
"1896","AC074117.1","Exc L4-5 RORB GABRG1",0.0429949208704094,1.60876714972844,0.223001871777717,0.637029839610642,0.999997068196745,0.999983379322086,"group_idyes"
"1897","EIF2B4","Exc L4-5 RORB GABRG1",0.0249970330191674,3.38069897308733,0.257689194436021,0.612003052482239,0.999997068196745,0.999983379322086,"group_idyes"
"1898","SNX17","Exc L4-5 RORB GABRG1",0.0208374065975377,3.82252775764169,0.0557661815043587,0.813442996748443,0.999997068196745,0.999983379322086,"group_idyes"
"1899","ZNF513","Exc L4-5 RORB GABRG1",0.0540889262038624,2.66156228306934,0.541687887907015,0.548514745177536,0.999997068196745,0.999983379322086,"group_idyes"
"1900","PPM1G","Exc L4-5 RORB GABRG1",-0.0123468958662429,5.2100938938927,0.0951300807657856,0.757920836650384,0.999997068196745,0.999983379322086,"group_idyes"
"1901","NRBP1","Exc L4-5 RORB GABRG1",-0.0228630856955532,5.21622549708618,0.3565881308441,0.550758496481224,0.999997068196745,0.999983379322086,"group_idyes"
"1902","KRTCAP3","Exc L4-5 RORB GABRG1",0.0860189004949612,1.16786244132859,0.582240314770656,0.445903141286612,0.999997068196745,0.999983379322086,"group_idyes"
"1903","IFT172","Exc L4-5 RORB GABRG1",-0.0364381219318452,6.6397637074149,1.88656709831591,0.170389461566437,0.999997068196745,0.999983379322086,"group_idyes"
"1904","FNDC4","Exc L4-5 RORB GABRG1",0.00639913953346291,4.41612155072868,0.00677555746126275,0.934440008415801,0.999997068196745,0.999983379322086,"group_idyes"
"1905","GCKR","Exc L4-5 RORB GABRG1",-0.162903077484159,2.03093791971694,3.93461645424899,0.048012364738605,0.999997068196745,0.999983379322086,"group_idyes"
"1906","C2orf16","Exc L4-5 RORB GABRG1",-0.0951086843714038,1.97554964794601,1.13258281694153,0.287892565784065,0.999997068196745,0.999983379322086,"group_idyes"
"1907","ZNF512","Exc L4-5 RORB GABRG1",-0.046207563571053,5.06601454992252,1.82506145911747,0.177505936374262,0.999997068196745,0.999983379322086,"group_idyes"
"1908","CCDC121","Exc L4-5 RORB GABRG1",-0.070746857254522,1.20187112847497,0.346181982421847,0.556627653270363,0.999997068196745,0.999983379322086,"group_idyes"
"1909","GPN1","Exc L4-5 RORB GABRG1",0.0912020881475518,3.02766116700909,2.53560849758818,0.261743412268337,0.999997068196745,0.999983379322086,"group_idyes"
"1910","SUPT7L","Exc L4-5 RORB GABRG1",-0.0314956735831613,4.81296224101881,0.590925639613911,0.601851643095702,0.999997068196745,0.999983379322086,"group_idyes"
"1911","SLC4A1AP","Exc L4-5 RORB GABRG1",0.0112416828813642,5.08060902866051,0.112758288029929,0.898364743839874,0.999997068196745,0.999983379322086,"group_idyes"
"1912","MRPL33","Exc L4-5 RORB GABRG1",-0.0173166545391859,5.65009938421062,0.189444673916385,0.663623279345217,0.999997068196745,0.999983379322086,"group_idyes"
"1913","RBKS","Exc L4-5 RORB GABRG1",-0.110132784487257,4.53896475638404,5.52670165674899,0.0192323616467945,0.999997068196745,0.999983379322086,"group_idyes"
"1914","BABAM2","Exc L4-5 RORB GABRG1",-0.053148416427629,7.5320113589127,1.7246328079011,0.189880478150639,0.999997068196745,0.999983379322086,"group_idyes"
"1915","FOSL2","Exc L4-5 RORB GABRG1",-0.0846250027729937,3.428924434231,1.18390668112927,0.277243251145126,0.999997068196745,0.999983379322086,"group_idyes"
"1916","PLB1","Exc L4-5 RORB GABRG1",-0.143594912261825,2.54378907236862,3.72536352901372,0.0543267286790178,0.999997068196745,0.999983379322086,"group_idyes"
"1917","PPP1CB","Exc L4-5 RORB GABRG1",-0.0449983842502302,5.19556655950921,1.2308687567846,0.267931141881034,0.999997068196745,0.999983379322086,"group_idyes"
"1918","SPDYA","Exc L4-5 RORB GABRG1",0.110201926707561,3.11376895997992,2.20508404253782,0.138375268589839,0.999997068196745,0.999983379322086,"group_idyes"
"1919","TRMT61B","Exc L4-5 RORB GABRG1",-0.0395447383133073,5.47958603951816,1.58379387288863,0.208978220288237,0.999997068196745,0.999983379322086,"group_idyes"
"1920","WDR43","Exc L4-5 RORB GABRG1",-0.0124346499206948,5.06590698483785,0.133448967063265,0.822919635192807,0.999997068196745,0.999983379322086,"group_idyes"
"1921","TOGARAM2","Exc L4-5 RORB GABRG1",-0.0298446644775675,3.70321157297562,0.0144782226690474,0.904288127057463,0.999997068196745,0.999983379322086,"group_idyes"
"1922","CLIP4","Exc L4-5 RORB GABRG1",-0.0021963635312347,6.26918789443605,0.0052862133304337,0.942077578460047,0.999997068196745,0.999983379322086,"group_idyes"
"1923","ALK","Exc L4-5 RORB GABRG1",0.00982957060756474,4.1914554794524,0.0279707186458698,0.867265551119902,0.999997068196745,0.999983379322086,"group_idyes"
"1924","AC016907.2","Exc L4-5 RORB GABRG1",0.0573234541220293,2.9950742163769,0.719613182315272,0.396798287740075,0.999997068196745,0.999983379322086,"group_idyes"
"1925","YPEL5","Exc L4-5 RORB GABRG1",0.0721918931380719,6.10484114807844,1.66811808578826,0.197286178400958,0.999997068196745,0.999983379322086,"group_idyes"
"1926","LBH","Exc L4-5 RORB GABRG1",-0.137341337852952,0.575232129502789,0.6993170001262,0.403532369064966,0.999997068196745,0.999983379322086,"group_idyes"
"1927","LCLAT1","Exc L4-5 RORB GABRG1",-0.0691957730474195,5.91961201945374,4.69621726003365,0.0308421047800745,0.999997068196745,0.999983379322086,"group_idyes"
"1928","GALNT14","Exc L4-5 RORB GABRG1",-0.102714863146565,4.65505893882223,1.65817821841272,0.198623506880278,0.999997068196745,0.999983379322086,"group_idyes"
"1929","CAPN14","Exc L4-5 RORB GABRG1",-0.108860177498632,1.9268975744646,1.30653408241167,0.253733916251302,0.999997068196745,0.999983379322086,"group_idyes"
"1930","EHD3","Exc L4-5 RORB GABRG1",-0.00980399101069749,5.38659765997668,0.0500585510062505,0.823080179546107,0.999997068196745,0.999983379322086,"group_idyes"
"1931","MEMO1","Exc L4-5 RORB GABRG1",0.0129528801073205,4.13456412002353,0.0472679391083872,0.828002603462273,0.999997068196745,0.999983379322086,"group_idyes"
"1932","DPY30","Exc L4-5 RORB GABRG1",-0.0191868898902208,5.11233170234699,0.181209742672877,0.670573690459434,0.999997068196745,0.999983379322086,"group_idyes"
"1933","AL121655.1","Exc L4-5 RORB GABRG1",0.134100323439925,0.556467655135724,0.844344292137824,0.358732974097796,0.999997068196745,0.999983379322086,"group_idyes"
"1934","SPAST","Exc L4-5 RORB GABRG1",-0.0302466032503155,5.80281060340373,0.876245711674783,0.349819212489055,0.999997068196745,0.999983379322086,"group_idyes"
"1935","SLC30A6","Exc L4-5 RORB GABRG1",-0.00168515327450367,5.04391184363608,0.00189611865596885,0.965290127018479,0.999997068196745,0.999983379322086,"group_idyes"
"1936","NLRC4","Exc L4-5 RORB GABRG1",-0.0866171641665502,1.39078321305741,0.516539375459358,0.472757892635755,0.999997068196745,0.999983379322086,"group_idyes"
"1937","YIPF4","Exc L4-5 RORB GABRG1",0.00374260704644012,6.35893523202491,0.0231698153498883,0.879096095615123,0.999997068196745,0.999983379322086,"group_idyes"
"1938","AL133245.1","Exc L4-5 RORB GABRG1",-0.0814223094431117,1.04745161194114,0.414646579080202,0.520004139161326,0.999997068196745,0.999983379322086,"group_idyes"
"1939","BIRC6","Exc L4-5 RORB GABRG1",-0.0274376600947893,8.19536108566405,1.41076378267839,0.235662399534898,0.999997068196745,0.999983379322086,"group_idyes"
"1940","TTC27","Exc L4-5 RORB GABRG1",-0.0333063940254194,5.15870628064866,0.640447066376971,0.424042832930585,0.999997068196745,0.999983379322086,"group_idyes"
"1941","LINC00486","Exc L4-5 RORB GABRG1",-0.0489839418104269,8.21837138065655,0.0781851035383257,0.779922399057676,0.999997068196745,0.999983379322086,"group_idyes"
"1942","LTBP1","Exc L4-5 RORB GABRG1",-0.0840426954630273,3.88042931353847,0.965248057960599,0.326485588144811,0.999997068196745,0.999983379322086,"group_idyes"
"1943","RASGRP3","Exc L4-5 RORB GABRG1",-0.135278841255942,1.94031017456609,1.93623688806949,0.164881740305162,0.999997068196745,0.999983379322086,"group_idyes"
"1944","AC020594.1","Exc L4-5 RORB GABRG1",-0.0181236694677513,2.07757905371172,0.0435994002574086,0.952997872163356,0.999997068196745,0.999983379322086,"group_idyes"
"1945","FAM98A","Exc L4-5 RORB GABRG1",0.0111337739870312,4.07544637972134,0.0402341895470104,0.841129377267088,0.999997068196745,0.999983379322086,"group_idyes"
"1946","LINC01317","Exc L4-5 RORB GABRG1",-0.0111855761337792,2.32908754389147,0.0142331569216282,0.90509773934424,0.999997068196745,0.999983379322086,"group_idyes"
"1947","AC068599.1","Exc L4-5 RORB GABRG1",-0.0611181425382054,2.2207339350595,0.225957563777045,0.634807330108628,0.999997068196745,0.999983379322086,"group_idyes"
"1948","AC012593.1","Exc L4-5 RORB GABRG1",-0.153221929698283,1.37320548629818,1.48671839815701,0.223473327023367,0.999997068196745,0.999983379322086,"group_idyes"
"1949","AC009414.2","Exc L4-5 RORB GABRG1",0.0126769335770892,2.72996151291621,0.0137058748679213,0.906864014737663,0.999997068196745,0.999983379322086,"group_idyes"
"1950","CRIM1","Exc L4-5 RORB GABRG1",-0.0559107153850873,6.36216950179682,0.817889649927763,0.366363852681721,0.999997068196745,0.999983379322086,"group_idyes"
"1951","FEZ2","Exc L4-5 RORB GABRG1",-0.0245405284549493,6.52620085470664,0.583662955580662,0.445348403602984,0.999997068196745,0.999983379322086,"group_idyes"
"1952","VIT","Exc L4-5 RORB GABRG1",0.0455139433680312,0.682622382454449,0.0925484005025288,0.761126527313731,0.999997068196745,0.999983379322086,"group_idyes"
"1953","STRN","Exc L4-5 RORB GABRG1",-0.0314246834534946,6.02367625406259,1.13024439423301,0.288390050632931,0.999997068196745,0.999983379322086,"group_idyes"
"1954","HEATR5B","Exc L4-5 RORB GABRG1",-0.0138556978598576,6.26296858123529,0.279834716286338,0.597114629851755,0.999997068196745,0.999983379322086,"group_idyes"
"1955","GPATCH11","Exc L4-5 RORB GABRG1",0.0487249967110019,4.59551753193139,1.22587994857924,0.925448638788064,0.999997068196745,0.999983379322086,"group_idyes"
"1956","EIF2AK2","Exc L4-5 RORB GABRG1",-0.000711855733653444,6.47625020298432,0.000500979814765761,0.982154381180447,0.999997068196745,0.999983379322086,"group_idyes"
"1957","CEBPZOS","Exc L4-5 RORB GABRG1",-0.0429580895708436,5.10519982670445,1.76691903155677,0.184551526427734,0.999997068196745,0.999983379322086,"group_idyes"
"1958","CEBPZ","Exc L4-5 RORB GABRG1",0.0631428165288171,4.70771629703271,1.90311356383994,0.168531511266583,0.999997068196745,0.999983379322086,"group_idyes"
"1959","NDUFAF7","Exc L4-5 RORB GABRG1",0.00392088687100726,5.44252185041485,0.0168204882788834,0.896876446853774,0.999997068196745,0.999983379322086,"group_idyes"
"1960","PRKD3","Exc L4-5 RORB GABRG1",-0.0244363853240157,3.02622213760516,0.0462407327552684,0.829852736777032,0.999997068196745,0.999983379322086,"group_idyes"
"1961","QPCT","Exc L4-5 RORB GABRG1",0.0530438095351053,3.55216257197805,0.597469743607372,0.440019685099773,0.999997068196745,0.999983379322086,"group_idyes"
"1962","CDC42EP3","Exc L4-5 RORB GABRG1",-0.0668084674618084,2.71451770964892,0.83684645373665,0.360873224569181,0.999997068196745,0.999983379322086,"group_idyes"
"1963","RMDN2","Exc L4-5 RORB GABRG1",-0.00472625970421607,4.81825665179203,0.0125994967209525,0.910685724707924,0.999997068196745,0.999983379322086,"group_idyes"
"1964","RMDN2-AS1","Exc L4-5 RORB GABRG1",0.0663665967510334,1.72612585177658,0.374785160497038,0.540769066444894,0.999997068196745,0.999983379322086,"group_idyes"
"1965","CYP1B1","Exc L4-5 RORB GABRG1",0.139575330954249,0.316486573207403,0.619510313109034,0.431713904224626,0.999997068196745,0.999983379322086,"group_idyes"
"1966","CYP1B1-AS1","Exc L4-5 RORB GABRG1",-0.0199801925811476,2.70839834362785,0.0328750756665889,0.856215931132126,0.999997068196745,0.999983379322086,"group_idyes"
"1967","AC009229.2","Exc L4-5 RORB GABRG1",-0.127767702378567,0.506032451721233,0.58711513934596,0.444006717199781,0.999997068196745,0.999983379322086,"group_idyes"
"1968","ATL2","Exc L4-5 RORB GABRG1",-0.0223050984246463,6.02763867720722,0.6532152505981,0.819608396605704,0.999997068196745,0.999983379322086,"group_idyes"
"1969","AC011247.1","Exc L4-5 RORB GABRG1",0.00110981687090678,4.45893525702723,0.000245356162912568,0.987510687461261,0.999997068196745,0.999983379322086,"group_idyes"
"1970","HNRNPLL","Exc L4-5 RORB GABRG1",0.047526942178681,5.75438799286949,1.6813591986463,0.195521105803735,0.999997068196745,0.999983379322086,"group_idyes"
"1971","GALM","Exc L4-5 RORB GABRG1",0.0157255637809463,2.18016353219353,0.0306409328625837,0.861135952959529,0.999997068196745,0.999983379322086,"group_idyes"
"1972","SRSF7","Exc L4-5 RORB GABRG1",0.0852153176708048,6.04527672015825,1.89318381053555,0.16964367692757,0.999997068196745,0.999983379322086,"group_idyes"
"1973","GEMIN6","Exc L4-5 RORB GABRG1",0.0295045820919654,2.4852430320153,0.161337964470613,0.688150687901865,0.999997068196745,0.999983379322086,"group_idyes"
"1974","DHX57","Exc L4-5 RORB GABRG1",-0.00445779844578006,5.89640520488394,0.0226486146658231,0.880453306736996,0.999997068196745,0.999983379322086,"group_idyes"
"1975","MORN2","Exc L4-5 RORB GABRG1",-0.0644819477476807,2.57226236601105,0.65524940960236,0.418742448867747,0.999997068196745,0.999983379322086,"group_idyes"
"1976","ARHGEF33","Exc L4-5 RORB GABRG1",0.0107864653346149,4.29188566642763,0.0578141359467375,0.856440213611127,0.999997068196745,0.999983379322086,"group_idyes"
"1977","AC019171.1","Exc L4-5 RORB GABRG1",0.0179333159912169,1.05889483510478,0.0161823110927093,0.898840877941812,0.999997068196745,0.999983379322086,"group_idyes"
"1978","SOS1","Exc L4-5 RORB GABRG1",-0.00163332544047037,7.71257055419953,0.00253082061925352,0.95990364412299,0.999997068196745,0.999983379322086,"group_idyes"
"1979","CDKL4","Exc L4-5 RORB GABRG1",-0.0325046745864239,2.04839291341816,0.123234134204343,0.7257450931818,0.999997068196745,0.999983379322086,"group_idyes"
"1980","MAP4K3","Exc L4-5 RORB GABRG1",0.0098435133834303,7.86396036030712,0.077421986777144,0.780971418426978,0.999997068196745,0.999983379322086,"group_idyes"
"1981","AC007388.1","Exc L4-5 RORB GABRG1",-0.0211525682355384,7.97965098030587,0.377672417509105,0.539214823305965,0.999997068196745,0.999983379322086,"group_idyes"
"1982","TMEM178A","Exc L4-5 RORB GABRG1",0.00937288873665605,7.09781131203796,0.0840254013918583,0.772070819336081,0.999997068196745,0.999983379322086,"group_idyes"
"1983","THUMPD2","Exc L4-5 RORB GABRG1",0.0191984003834926,6.11179018795797,0.530725112603956,0.466745357857164,0.999997068196745,0.999983379322086,"group_idyes"
"1984","SLC8A1-AS1","Exc L4-5 RORB GABRG1",-0.0154781310579958,5.39313500469755,0.0206754626925912,0.885741862966935,0.999997068196745,0.999983379322086,"group_idyes"
"1985","SLC8A1","Exc L4-5 RORB GABRG1",0.0255642461872748,10.4434979536832,0.471791659453148,0.492577871216291,0.999997068196745,0.999983379322086,"group_idyes"
"1986","AC013480.1","Exc L4-5 RORB GABRG1",-0.0355864578628635,0.691024430681512,0.0611361989775455,0.804840954152462,0.999997068196745,0.999983379322086,"group_idyes"
"1987","PKDCC","Exc L4-5 RORB GABRG1",-0.00829591056546793,4.51231123433478,0.0241589918745861,0.876562565239879,0.999997068196745,0.999983379322086,"group_idyes"
"1988","AC083949.1","Exc L4-5 RORB GABRG1",0.162542747608622,0.323952326952062,0.86670848274778,0.352451958111338,0.999997068196745,0.999983379322086,"group_idyes"
"1989","EML4","Exc L4-5 RORB GABRG1",-0.0299200466350228,6.06478516221156,0.905480416135106,0.482027672750086,0.999997068196745,0.999983379322086,"group_idyes"
"1990","COX7A2L","Exc L4-5 RORB GABRG1",-0.0236601169060072,6.14436895670605,0.424678988647365,0.515000596740938,0.999997068196745,0.999983379322086,"group_idyes"
"1991","KCNG3","Exc L4-5 RORB GABRG1",-0.0372882775928486,4.07534934199145,0.470198416958613,0.493308881344092,0.999997068196745,0.999983379322086,"group_idyes"
"1992","MTA3","Exc L4-5 RORB GABRG1",-0.0143175311505,7.55561977488014,0.250605944449847,0.616934987972856,0.999997068196745,0.999983379322086,"group_idyes"
"1993","HAAO","Exc L4-5 RORB GABRG1",-0.0343957972689683,1.87452643126234,0.109745895108827,0.740613983572477,0.999997068196745,0.999983379322086,"group_idyes"
"1994","AC016735.1","Exc L4-5 RORB GABRG1",-0.11078303233306,0.279036513057565,0.346954789959937,0.556187720000064,0.999997068196745,0.999983379322086,"group_idyes"
"1995","ZFP36L2","Exc L4-5 RORB GABRG1",-0.0548007841395949,0.531989946496842,0.123908637092705,0.725026050713648,0.999997068196745,0.999983379322086,"group_idyes"
"1996","THADA","Exc L4-5 RORB GABRG1",0.00235264062832336,6.48895531262079,0.00443435639375284,0.946941930567948,0.999997068196745,0.999983379322086,"group_idyes"
"1997","PLEKHH2","Exc L4-5 RORB GABRG1",0.189425158429669,3.91840050323693,4.85939514410488,0.0280873614330171,0.999997068196745,0.999983379322086,"group_idyes"
"1998","DYNC2LI1","Exc L4-5 RORB GABRG1",-0.0158215099640625,6.43319050652557,0.147033055133307,0.701598753491242,0.999997068196745,0.999983379322086,"group_idyes"
"1999","ABCG5","Exc L4-5 RORB GABRG1",-0.0419254119160168,1.9591867201127,0.201658350850712,0.703198402210118,0.999997068196745,0.999983379322086,"group_idyes"
"2000","ABCG8","Exc L4-5 RORB GABRG1",0.000418134670221289,3.23310848281908,4.44297555872301e-05,0.994685142910976,0.999997068196745,0.999983379322086,"group_idyes"
"2001","LRPPRC","Exc L4-5 RORB GABRG1",0.00300594691840868,6.4913100614168,0.0127894069846647,0.910017982702438,0.999997068196745,0.999983379322086,"group_idyes"
"2002","PPM1B","Exc L4-5 RORB GABRG1",-0.00426188208889327,6.69948194133207,0.0362067459794089,0.849189533755608,0.999997068196745,0.999983379322086,"group_idyes"
"2003","SLC3A1","Exc L4-5 RORB GABRG1",-0.0779735089945815,2.94668008204915,0.503045452819359,0.478594610243968,0.999997068196745,0.999983379322086,"group_idyes"
"2004","PREPL","Exc L4-5 RORB GABRG1",4.24659983376231e-05,8.5811310098054,1.75974005385332e-06,0.998942252553918,0.999997068196745,0.999983379322086,"group_idyes"
"2005","CAMKMT","Exc L4-5 RORB GABRG1",0.0198362538449451,5.91687481077389,0.154305319651303,0.694672086096484,0.999997068196745,0.999983379322086,"group_idyes"
"2006","SRBD1","Exc L4-5 RORB GABRG1",-0.036565884531638,4.53470805405973,0.430937890228821,0.511921537242793,0.999997068196745,0.999983379322086,"group_idyes"
"2007","PRKCE","Exc L4-5 RORB GABRG1",-0.0253803613532941,8.4671769054014,0.401723039018567,0.526577379708419,0.999997068196745,0.999983379322086,"group_idyes"
"2008","EPAS1","Exc L4-5 RORB GABRG1",0.0646802561105278,0.69033476318274,0.168603120954201,0.681584840485242,0.999997068196745,0.999983379322086,"group_idyes"
"2009","ATP6V1E2","Exc L4-5 RORB GABRG1",-0.0756199755857602,3.57223949847455,1.1571003885555,0.282741808823402,0.999997068196745,0.999983379322086,"group_idyes"
"2010","RHOQ","Exc L4-5 RORB GABRG1",-0.0712034773093831,4.56980569670509,1.44404100405117,0.230225716163164,0.999997068196745,0.999983379322086,"group_idyes"
"2011","AC018682.1","Exc L4-5 RORB GABRG1",-0.201464355119861,1.52350404807098,1.43011545837955,0.232482123187935,0.999997068196745,0.999983379322086,"group_idyes"
"2012","PIGF","Exc L4-5 RORB GABRG1",-0.052788905385423,4.01390464315334,1.28800642855234,0.350240001110078,0.999997068196745,0.999983379322086,"group_idyes"
"2013","CRIPT","Exc L4-5 RORB GABRG1",0.029021865985937,3.49363669242587,0.279980343029454,0.897093446794415,0.999997068196745,0.999983379322086,"group_idyes"
"2014","SOCS5","Exc L4-5 RORB GABRG1",-0.0069518701634805,5.67757682432916,0.033237560811608,0.855434130417982,0.999997068196745,0.999983379322086,"group_idyes"
"2015","LINC01119","Exc L4-5 RORB GABRG1",-0.0531107974123427,1.33371187925687,0.209813560437852,0.647172174484772,0.999997068196745,0.999983379322086,"group_idyes"
"2016","AC016722.2","Exc L4-5 RORB GABRG1",-0.177726026153515,0.823155446049916,1.0547980258712,0.305049916564773,0.999997068196745,0.999983379322086,"group_idyes"
"2017","MCFD2","Exc L4-5 RORB GABRG1",0.0113394921868074,5.05883547818006,0.0605693157396569,0.805729613396022,0.999997068196745,0.999983379322086,"group_idyes"
"2018","TTC7A","Exc L4-5 RORB GABRG1",-0.109416668746464,5.03969542333622,6.45896592440355,0.0114310801354987,0.999997068196745,0.999983379322086,"group_idyes"
"2019","STPG4","Exc L4-5 RORB GABRG1",0.0578118205683244,0.463332527409965,0.136368170873689,0.71212173153537,0.999997068196745,0.999983379322086,"group_idyes"
"2020","CALM2","Exc L4-5 RORB GABRG1",-0.0545607194928211,1.9637012967966,0.13314682173304,0.71539185800734,0.999997068196745,0.999983379322086,"group_idyes"
"2021","AC106869.1","Exc L4-5 RORB GABRG1",0.105389489857031,1.63551978120391,1.19739416004617,0.355860010910917,0.999997068196745,0.999983379322086,"group_idyes"
"2022","EPCAM","Exc L4-5 RORB GABRG1",0.210326259302988,0.708919341502534,1.5745604554983,0.210307678325905,0.999997068196745,0.999983379322086,"group_idyes"
"2023","MSH2","Exc L4-5 RORB GABRG1",-0.0718771744829439,6.8277740836412,5.75506780198225,0.016916289620284,0.999997068196745,0.999983379322086,"group_idyes"
"2024","KCNK12","Exc L4-5 RORB GABRG1",0.0494793647379567,5.39066614361449,1.35317168037436,0.24544537035134,0.999997068196745,0.999983379322086,"group_idyes"
"2025","MSH6","Exc L4-5 RORB GABRG1",0.030952799614307,4.39871525703358,0.730531118374251,0.39324299958998,0.999997068196745,0.999983379322086,"group_idyes"
"2026","FBXO11","Exc L4-5 RORB GABRG1",0.0221605552098437,7.77105784583747,0.844903295830734,0.358574109182279,0.999997068196745,0.999983379322086,"group_idyes"
"2027","AC079807.1","Exc L4-5 RORB GABRG1",-0.329335359119421,0.872969924108299,6.32767105092153,0.0158468047741051,0.999997068196745,0.999983379322086,"group_idyes"
"2028","AC092650.1","Exc L4-5 RORB GABRG1",-0.179175791984008,1.3329868564106,2.93882503222818,0.0872789846069708,0.999997068196745,0.999983379322086,"group_idyes"
"2029","FOXN2","Exc L4-5 RORB GABRG1",0.0225309345576562,4.41680353503161,0.180287419628515,0.671363699455334,0.999997068196745,0.999983379322086,"group_idyes"
"2030","AC093635.1","Exc L4-5 RORB GABRG1",-0.0189986634803723,1.81674106266842,0.0275680570074985,0.86821559216162,0.999997068196745,0.999983379322086,"group_idyes"
"2031","PPP1R21","Exc L4-5 RORB GABRG1",-0.0418536940587849,6.69866476112079,2.30142204702404,0.130076839019523,0.999997068196745,0.999983379322086,"group_idyes"
"2032","STON1-GTF2A1L","Exc L4-5 RORB GABRG1",-0.181740205369278,1.91381514318014,1.99843951566911,0.158269862397586,0.999997068196745,0.999983379322086,"group_idyes"
"2033","AC073082.1","Exc L4-5 RORB GABRG1",-0.4408092819817,2.02349002775514,8.25946800847835,0.00427898253348479,0.999997068196745,0.999983379322086,"group_idyes"
"2034","AC009975.1","Exc L4-5 RORB GABRG1",-0.0109581919391757,5.07585111978531,0.014698154653288,0.90356744664035,0.999997068196745,0.999983379322086,"group_idyes"
"2035","FSHR","Exc L4-5 RORB GABRG1",-0.121870440056052,7.09941540217136,1.51915337862306,0.218500315340686,0.999997068196745,0.999983379322086,"group_idyes"
"2036","AC009975.2","Exc L4-5 RORB GABRG1",0.00277872520924817,1.57396870898497,0.000528401822089171,0.98167256610549,0.999997068196745,0.999983379322086,"group_idyes"
"2037","NRXN1","Exc L4-5 RORB GABRG1",0.0167968967737037,11.9234763982212,0.230222220463379,0.631631762601048,0.999997068196745,0.999983379322086,"group_idyes"
"2038","AC007402.1","Exc L4-5 RORB GABRG1",-0.0674856948429848,4.10132299101123,0.750178405379126,0.386959558125531,0.999997068196745,0.999983379322086,"group_idyes"
"2039","AC010967.1","Exc L4-5 RORB GABRG1",-0.109422868521895,1.07941426093186,0.534654066014175,0.465101833355345,0.999997068196745,0.999983379322086,"group_idyes"
"2040","ASB3","Exc L4-5 RORB GABRG1",-0.0507803419745184,4.59510002747581,0.845387617299271,0.35843654681554,0.999997068196745,0.999983379322086,"group_idyes"
"2041","GPR75-ASB3","Exc L4-5 RORB GABRG1",0.0266321942767861,6.19048294705367,0.325584175669319,0.568604030267256,0.999997068196745,0.999983379322086,"group_idyes"
"2042","CHAC2","Exc L4-5 RORB GABRG1",0.113911629558428,1.5824988369753,0.635382075043993,0.425879625920662,0.999997068196745,0.999983379322086,"group_idyes"
"2043","ERLEC1","Exc L4-5 RORB GABRG1",-0.0226631510972432,5.09901544950833,0.192571622502075,0.661031175380914,0.999997068196745,0.999983379322086,"group_idyes"
"2044","PSME4","Exc L4-5 RORB GABRG1",-0.0528397536609878,5.99541929337448,1.28767007063387,0.257184261374212,0.999997068196745,0.999983379322086,"group_idyes"
"2045","ACYP2","Exc L4-5 RORB GABRG1",-0.0418099916912255,7.71923318767386,1.30731725476231,0.253591909495061,0.999997068196745,0.999983379322086,"group_idyes"
"2046","C2orf73","Exc L4-5 RORB GABRG1",0.0157546934206838,2.355821694254,0.0257113571721741,0.872691410036023,0.999997068196745,0.999983379322086,"group_idyes"
"2047","SPTBN1","Exc L4-5 RORB GABRG1",0.0021031569220408,8.32194984383295,0.00931095149680788,0.923179061229757,0.999997068196745,0.999983379322086,"group_idyes"
"2048","AC092839.1","Exc L4-5 RORB GABRG1",0.0228485324718664,2.79096950427272,0.0370857128209328,0.847392253624475,0.999997068196745,0.999983379322086,"group_idyes"
"2049","AC093110.1","Exc L4-5 RORB GABRG1",0.166492198880087,1.20108522042712,1.12906414443072,0.288641557884407,0.999997068196745,0.999983379322086,"group_idyes"
"2050","EML6","Exc L4-5 RORB GABRG1",-0.0664249792174929,8.21406757941709,2.25253105192724,0.134216271693587,0.999997068196745,0.999983379322086,"group_idyes"
"2051","RTN4","Exc L4-5 RORB GABRG1",-0.0249693406197995,8.58811418365383,0.206491464133509,0.64978763556513,0.999997068196745,0.999983379322086,"group_idyes"
"2052","CLHC1","Exc L4-5 RORB GABRG1",-0.0793994757918425,4.78008961707698,1.82772865785165,0.177190291085706,0.999997068196745,0.999983379322086,"group_idyes"
"2053","RPS27A","Exc L4-5 RORB GABRG1",-0.0308795935485777,5.31605492926813,0.0461769829461909,0.829968264058253,0.999997068196745,0.999983379322086,"group_idyes"
"2054","MTIF2","Exc L4-5 RORB GABRG1",0.014551501354898,3.55161776169587,0.0890692887057079,0.765524834360185,0.999997068196745,0.999983379322086,"group_idyes"
"2055","AC012358.3","Exc L4-5 RORB GABRG1",0.0130955378869452,4.12876589175052,0.0613952441263664,0.804436324600567,0.999997068196745,0.999983379322086,"group_idyes"
"2056","CCDC88A","Exc L4-5 RORB GABRG1",0.0167653110512072,8.17837151679538,0.248533376410527,0.618394559097991,0.999997068196745,0.999983379322086,"group_idyes"
"2057","CFAP36","Exc L4-5 RORB GABRG1",-0.018334697613375,5.97661924446863,0.297781441073141,0.585592862491013,0.999997068196745,0.999983379322086,"group_idyes"
"2058","PPP4R3B","Exc L4-5 RORB GABRG1",-0.0111788378078716,6.09872623025527,0.208041451042148,0.846758051371615,0.999997068196745,0.999983379322086,"group_idyes"
"2059","PNPT1","Exc L4-5 RORB GABRG1",0.00066917390434006,5.61877947220766,0.000616234299187125,0.980208164689747,0.999997068196745,0.999983379322086,"group_idyes"
"2060","EFEMP1","Exc L4-5 RORB GABRG1",-0.14899561090876,0.429969574285802,0.640261235706438,0.424110012693689,0.999997068196745,0.999983379322086,"group_idyes"
"2061","AC011306.1","Exc L4-5 RORB GABRG1",0.10428420617149,0.468541811184898,0.523702971365509,0.527419458327368,0.999997068196745,0.999983379322086,"group_idyes"
"2062","MIR217HG","Exc L4-5 RORB GABRG1",-0.125847774034994,0.11243014157851,0.517178019401529,0.480397190545674,0.999997068196745,0.999983379322086,"group_idyes"
"2063","AC007743.1","Exc L4-5 RORB GABRG1",-0.0863438162497781,1.0699716978186,0.47691484246596,0.490239516609405,0.999997068196745,0.999983379322086,"group_idyes"
"2064","CCDC85A","Exc L4-5 RORB GABRG1",-0.0491790917573966,7.30319700065309,0.684785884457276,0.40845656152537,0.999997068196745,0.999983379322086,"group_idyes"
"2065","VRK2","Exc L4-5 RORB GABRG1",0.116270761691572,1.41278754441056,1.13941407740851,0.286445510177349,0.999997068196745,0.999983379322086,"group_idyes"
"2066","FANCL","Exc L4-5 RORB GABRG1",0.0297260935798424,5.66698312369279,0.423803994635428,0.515433623778731,0.999997068196745,0.999983379322086,"group_idyes"
"2067","LINC01122","Exc L4-5 RORB GABRG1",-0.0165994798059863,7.50429565570892,0.13202181176223,0.716544459141695,0.999997068196745,0.999983379322086,"group_idyes"
"2068","LINC01793","Exc L4-5 RORB GABRG1",-0.0202693434406281,3.28200957647783,0.0603988597862876,0.805997686054159,0.999997068196745,0.999983379322086,"group_idyes"
"2069","AC007100.1","Exc L4-5 RORB GABRG1",-0.0134008208441024,1.21049520497062,0.0142648247252912,0.904992724255945,0.999997068196745,0.999983379322086,"group_idyes"
"2070","BCL11A","Exc L4-5 RORB GABRG1",-0.0298504534320316,7.7220274772879,1.0850391205657,0.298227122213764,0.999997068196745,0.999983379322086,"group_idyes"
"2071","PAPOLG","Exc L4-5 RORB GABRG1",-0.0460921541981554,5.21137103217487,2.18190534186145,0.14045957535341,0.999997068196745,0.999983379322086,"group_idyes"
"2072","LINC01185","Exc L4-5 RORB GABRG1",0.0217293433722821,1.15191683363593,0.0343013450487018,0.853164884863974,0.999997068196745,0.999983379322086,"group_idyes"
"2073","REL","Exc L4-5 RORB GABRG1",0.0128452098203616,4.79186190389873,0.161791172266098,0.687736130017039,0.999997068196745,0.999983379322086,"group_idyes"
"2074","PUS10","Exc L4-5 RORB GABRG1",-0.0136601223935085,4.53917606496849,0.0869590088330492,0.768238400647593,0.999997068196745,0.999983379322086,"group_idyes"
"2075","PEX13","Exc L4-5 RORB GABRG1",0.00794421960987036,4.68774964652485,0.033337964613918,0.855218361432269,0.999997068196745,0.999983379322086,"group_idyes"
"2076","KIAA1841","Exc L4-5 RORB GABRG1",-0.0717366337910241,6.04161920967799,3.37188466002641,0.067089284892856,0.999997068196745,0.999983379322086,"group_idyes"
"2077","C2orf74","Exc L4-5 RORB GABRG1",-0.0146138780785605,4.4317772254789,0.0506499312939079,0.822055668552661,0.999997068196745,0.999983379322086,"group_idyes"
"2078","AC016747.2","Exc L4-5 RORB GABRG1",0.111810020153844,0.389862762196588,0.467817607230351,0.494404644204521,0.999997068196745,0.999983379322086,"group_idyes"
"2079","USP34","Exc L4-5 RORB GABRG1",-0.013694443216747,8.37650529039986,0.241014130253376,0.623754521492995,0.999997068196745,0.999983379322086,"group_idyes"
"2080","AC016727.1","Exc L4-5 RORB GABRG1",-0.0711653216798576,2.83140141260064,1.08570782245057,0.298078492703325,0.999997068196745,0.999983379322086,"group_idyes"
"2081","XPO1","Exc L4-5 RORB GABRG1",0.021062176948207,7.00627501779712,0.449707729453875,0.502876137827305,0.999997068196745,0.999983379322086,"group_idyes"
"2082","FAM161A","Exc L4-5 RORB GABRG1",0.0444936487659093,5.74211087624503,1.32615215538143,0.250206043053218,0.999997068196745,0.999983379322086,"group_idyes"
"2083","CCT4","Exc L4-5 RORB GABRG1",0.00524242956103212,5.52825819551183,0.0125574945197059,0.910834095108797,0.999997068196745,0.999983379322086,"group_idyes"
"2084","AC107081.2","Exc L4-5 RORB GABRG1",-0.0538312918561532,1.18907314588577,0.145255467921057,0.703321648616315,0.999997068196745,0.999983379322086,"group_idyes"
"2085","COMMD1","Exc L4-5 RORB GABRG1",-0.034900906086536,7.31631658483985,1.4571257142421,0.228129632890681,0.999997068196745,0.999983379322086,"group_idyes"
"2086","AC018462.1","Exc L4-5 RORB GABRG1",-0.0347401601679196,2.55963146371501,0.102397300701127,0.74914523563176,0.999997068196745,0.999983379322086,"group_idyes"
"2087","B3GNT2","Exc L4-5 RORB GABRG1",0.082938051943472,2.12864254948038,0.843671914572266,0.392523011284435,0.999997068196745,0.999983379322086,"group_idyes"
"2088","TMEM17","Exc L4-5 RORB GABRG1",-0.0730001309499088,1.60258854418547,0.334363743762324,0.563439095214923,0.999997068196745,0.999983379322086,"group_idyes"
"2089","EHBP1","Exc L4-5 RORB GABRG1",-0.0106180546830826,8.41116817740149,0.109748490830194,0.74061102692611,0.999997068196745,0.999983379322086,"group_idyes"
"2090","AC092567.1","Exc L4-5 RORB GABRG1",-0.0689061786395508,2.11503755657557,0.246818993684085,0.619607639657577,0.999997068196745,0.999983379322086,"group_idyes"
"2091","AC009501.1","Exc L4-5 RORB GABRG1",-0.0274116664696544,1.4854375766658,0.0367205753546918,0.848136163071051,0.999997068196745,0.999983379322086,"group_idyes"
"2092","WDPCP","Exc L4-5 RORB GABRG1",-0.0306578287099513,8.31817289183973,0.772427755532753,0.380015627942363,0.999997068196745,0.999983379322086,"group_idyes"
"2093","MDH1","Exc L4-5 RORB GABRG1",0.00582336295874779,7.18840502689707,0.00669313737643076,0.934839078401316,0.999997068196745,0.999983379322086,"group_idyes"
"2094","UGP2","Exc L4-5 RORB GABRG1",-0.033266487381189,6.64050551958631,0.604296731607094,0.437421037513834,0.999997068196745,0.999983379322086,"group_idyes"
"2095","VPS54","Exc L4-5 RORB GABRG1",-0.0192085739723836,6.41021364903412,0.363758925983033,0.546781374675866,0.999997068196745,0.999983379322086,"group_idyes"
"2096","PELI1","Exc L4-5 RORB GABRG1",-0.0667091351972132,4.97200093047977,2.84591254724699,0.0924171453479499,0.999997068196745,0.999983379322086,"group_idyes"
"2097","AC012368.1","Exc L4-5 RORB GABRG1",0.120501426242507,0.73216622900884,0.808064699028863,0.369255296117196,0.999997068196745,0.999983379322086,"group_idyes"
"2098","LINC00309","Exc L4-5 RORB GABRG1",0.204476169675694,0.246437642695443,1.48366681983669,0.223948158948847,0.999997068196745,0.999983379322086,"group_idyes"
"2099","AC008074.1","Exc L4-5 RORB GABRG1",-0.0119568334537018,5.29323584619998,0.0594917155894008,0.807431128053878,0.999997068196745,0.999983379322086,"group_idyes"
"2100","LGALSL","Exc L4-5 RORB GABRG1",0.0841279811304408,3.71058619176109,2.30428631806274,0.129838801641669,0.999997068196745,0.999983379322086,"group_idyes"
"2101","AFTPH","Exc L4-5 RORB GABRG1",0.00249434763974842,6.46914953646169,0.00956925612920895,0.922124123807729,0.999997068196745,0.999983379322086,"group_idyes"
"2102","SERTAD2","Exc L4-5 RORB GABRG1",-0.0955640882633108,4.83382395730065,4.95169976754211,0.0266441746889333,0.999997068196745,0.999983379322086,"group_idyes"
"2103","LINC01800","Exc L4-5 RORB GABRG1",-0.104170607735439,1.27997422541452,0.782415477500694,0.376955871353506,0.999997068196745,0.999983379322086,"group_idyes"
"2104","LINC02245","Exc L4-5 RORB GABRG1",0.00437117060183726,0.544722556259629,0.000877688195350293,0.976380848514569,0.999997068196745,0.999983379322086,"group_idyes"
"2105","SLC1A4","Exc L4-5 RORB GABRG1",0.0100594186150203,5.04152757817693,0.0771160671379012,0.781393515207792,0.999997068196745,0.999983379322086,"group_idyes"
"2106","LINC02576","Exc L4-5 RORB GABRG1",-0.0190326005274578,2.35501539469905,0.0319363657316014,0.858261458354477,0.999997068196745,0.999983379322086,"group_idyes"
"2107","CEP68","Exc L4-5 RORB GABRG1",-0.0493789485120707,5.71059188682262,1.53791250823768,0.215684600025679,0.999997068196745,0.999983379322086,"group_idyes"
"2108","RAB1A","Exc L4-5 RORB GABRG1",-0.0145035602669488,6.29900440459786,0.222531911721198,0.637384880717913,0.999997068196745,0.999983379322086,"group_idyes"
"2109","ACTR2","Exc L4-5 RORB GABRG1",-0.0264086503119239,7.06759429369921,0.551624460999874,0.458107936617237,0.999997068196745,0.999983379322086,"group_idyes"
"2110","SPRED2","Exc L4-5 RORB GABRG1",-0.122628889372878,6.61804709226103,3.22247219944708,0.0734186021377902,0.999997068196745,0.999983379322086,"group_idyes"
"2111","AC012370.2","Exc L4-5 RORB GABRG1",-0.546788219085015,0.481879037440521,7.42932433427595,0.00671015372873486,0.999997068196745,0.999983379322086,"group_idyes"
"2112","AC007389.3","Exc L4-5 RORB GABRG1",-0.278901447042799,0.83313622468646,2.32134478478146,0.128431195734021,0.999997068196745,0.999983379322086,"group_idyes"
"2113","MEIS1","Exc L4-5 RORB GABRG1",-0.25127138540537,2.1233828515899,5.94884091822016,0.0151782356447435,0.999997068196745,0.999983379322086,"group_idyes"
"2114","LINC01798","Exc L4-5 RORB GABRG1",-0.145996074946802,0.691435628555947,1.09864122247469,0.295222504961251,0.999997068196745,0.999983379322086,"group_idyes"
"2115","LINC01828","Exc L4-5 RORB GABRG1",-0.0525443241173047,0.692844877680753,0.118665436240801,0.730674682530774,0.999997068196745,0.999983379322086,"group_idyes"
"2116","LINC01829","Exc L4-5 RORB GABRG1",0.101426296552441,2.03845426977102,1.15004456782713,0.28421203336751,0.999997068196745,0.999983379322086,"group_idyes"
"2117","ETAA1","Exc L4-5 RORB GABRG1",-0.00599775194647139,3.32318690182715,0.0129576442079554,0.909430627435552,0.999997068196745,0.999983379322086,"group_idyes"
"2118","C1D","Exc L4-5 RORB GABRG1",-0.00723495509586472,5.50345272929382,0.0452761654494284,0.831609727267953,0.999997068196745,0.999983379322086,"group_idyes"
"2119","WDR92","Exc L4-5 RORB GABRG1",0.0299681130146154,4.19141878745861,0.5682210236856,0.473622798425709,0.999997068196745,0.999983379322086,"group_idyes"
"2120","AC017083.3","Exc L4-5 RORB GABRG1",-0.0605345763359056,2.48174858560717,0.574238896162818,0.521540754630856,0.999997068196745,0.999983379322086,"group_idyes"
"2121","PNO1","Exc L4-5 RORB GABRG1",0.0356377153180048,3.40939580005289,0.433819139108175,0.893411272183014,0.999997068196745,0.999983379322086,"group_idyes"
"2122","AC017083.1","Exc L4-5 RORB GABRG1",-0.0227398661200668,2.49896631978314,0.0870639612356838,0.768102603483433,0.999997068196745,0.999983379322086,"group_idyes"
"2123","CNRIP1","Exc L4-5 RORB GABRG1",0.012370809062568,6.10831138049147,0.107783497302292,0.742860448761167,0.999997068196745,0.999983379322086,"group_idyes"
"2124","PLEK","Exc L4-5 RORB GABRG1",0.103547776747928,1.30518621415362,0.512712118016862,0.474401528834385,0.999997068196745,0.999983379322086,"group_idyes"
"2125","FBXO48","Exc L4-5 RORB GABRG1",-0.0239857570276157,1.88367956622228,0.0653345203942387,0.798391543083192,0.999997068196745,0.999983379322086,"group_idyes"
"2126","APLF","Exc L4-5 RORB GABRG1",-0.0577506070753873,4.07294117817007,0.653054742300036,0.419522030926475,0.999997068196745,0.999983379322086,"group_idyes"
"2127","ARHGAP25","Exc L4-5 RORB GABRG1",-0.052822236802627,4.35915043335865,0.333080807232281,0.564188155803088,0.999997068196745,0.999983379322086,"group_idyes"
"2128","ANTXR1","Exc L4-5 RORB GABRG1",-0.012644126500483,6.28988518703874,0.070096268614133,0.791338448150624,0.999997068196745,0.999983379322086,"group_idyes"
"2129","GFPT1","Exc L4-5 RORB GABRG1",-0.0341538928065136,6.13515135558731,1.37451145869725,0.241763698744141,0.999997068196745,0.999983379322086,"group_idyes"
"2130","NFU1","Exc L4-5 RORB GABRG1",-0.0558934068778216,4.69309632522008,2.16211128826718,0.142267559683197,0.999997068196745,0.999983379322086,"group_idyes"
"2131","AAK1","Exc L4-5 RORB GABRG1",-0.0155515927715674,8.57676570145467,0.411241744747228,0.521721750362517,0.999997068196745,0.999983379322086,"group_idyes"
"2132","ANXA4","Exc L4-5 RORB GABRG1",0.00206883649443021,4.94933996613295,0.00134076595201428,0.970809801481407,0.999997068196745,0.999983379322086,"group_idyes"
"2133","GMCL1","Exc L4-5 RORB GABRG1",-0.00111321673619817,6.19961864258561,0.00144581935292157,0.969688323543403,0.999997068196745,0.999983379322086,"group_idyes"
"2134","SNRNP27","Exc L4-5 RORB GABRG1",-0.0909184525842081,2.18241129109853,1.23021167426389,0.268058704801329,0.999997068196745,0.999983379322086,"group_idyes"
"2135","MXD1","Exc L4-5 RORB GABRG1",0.018903962671635,5.67819246954464,0.272997112374538,0.861659912632418,0.999997068196745,0.999983379322086,"group_idyes"
"2136","ASPRV1","Exc L4-5 RORB GABRG1",0.032923223970548,1.61460414722267,0.126978331735184,0.858506002573696,0.999997068196745,0.999983379322086,"group_idyes"
"2137","PCBP1","Exc L4-5 RORB GABRG1",0.0754560189303477,5.9023266718907,1.21821504069768,0.270401095540735,0.999997068196745,0.999983379322086,"group_idyes"
"2138","C2orf42","Exc L4-5 RORB GABRG1",0.0129153470952258,4.19520750975805,0.105358949579658,0.827540335059508,0.999997068196745,0.999983379322086,"group_idyes"
"2139","PCYOX1","Exc L4-5 RORB GABRG1",0.0517986227883138,5.55222986721515,1.20000505172624,0.274005944888857,0.999997068196745,0.999983379322086,"group_idyes"
"2140","SNRPG","Exc L4-5 RORB GABRG1",0.0562690589885606,3.38093102837394,0.73668012491457,0.391260830664255,0.999997068196745,0.999983379322086,"group_idyes"
"2141","FAM136A","Exc L4-5 RORB GABRG1",0.0147986728147751,3.77319416453488,0.0678041595804369,0.794700474519874,0.999997068196745,0.999983379322086,"group_idyes"
"2142","TGFA","Exc L4-5 RORB GABRG1",0.0418110309877632,0.567541098495149,0.0767854230938707,0.78185074130634,0.999997068196745,0.999983379322086,"group_idyes"
"2143","ADD2","Exc L4-5 RORB GABRG1",-0.00429515616998183,7.27468461017174,0.0184019443548666,0.892165946308462,0.999997068196745,0.999983379322086,"group_idyes"
"2144","CLEC4F","Exc L4-5 RORB GABRG1",-0.661410045827796,0.30947510615744,7.30461761992307,0.00718249022956456,0.999997068196745,0.999983379322086,"group_idyes"
"2145","VAX2","Exc L4-5 RORB GABRG1",-0.214822104492824,0.730120285707055,1.63317908251234,0.20203441803138,0.999997068196745,0.999983379322086,"group_idyes"
"2146","AC007040.2","Exc L4-5 RORB GABRG1",-0.0588243204722551,5.03043796945738,0.828840162310653,0.36317814597362,0.999997068196745,0.999983379322086,"group_idyes"
"2147","ANKRD53","Exc L4-5 RORB GABRG1",-0.167794452989954,0.550084215848087,0.807011038963673,0.369567271851336,0.999997068196745,0.999983379322086,"group_idyes"
"2148","NAGK","Exc L4-5 RORB GABRG1",-0.0101666186812846,4.30826177416261,0.0683147435732665,0.793946362948775,0.999997068196745,0.999983379322086,"group_idyes"
"2149","MCEE","Exc L4-5 RORB GABRG1",-0.0323619223286186,3.98185639041232,0.465712604563248,0.495376883318893,0.999997068196745,0.999983379322086,"group_idyes"
"2150","MPHOSPH10","Exc L4-5 RORB GABRG1",-0.00515114948608135,4.55316384864483,0.0127023887754694,0.910323319070471,0.999997068196745,0.999983379322086,"group_idyes"
"2151","PAIP2B","Exc L4-5 RORB GABRG1",-0.01903001849457,3.78024495114378,0.118787552485584,0.730541550260645,0.999997068196745,0.999983379322086,"group_idyes"
"2152","ZNF638","Exc L4-5 RORB GABRG1",0.0273436914001145,8.49014763903758,0.582101772392783,0.445957221148297,0.999997068196745,0.999983379322086,"group_idyes"
"2153","DYSF","Exc L4-5 RORB GABRG1",-0.0526677655357271,5.26609787292858,0.949433123746979,0.330475872970398,0.999997068196745,0.999983379322086,"group_idyes"
"2154","CYP26B1","Exc L4-5 RORB GABRG1",0.039056702350051,4.1658501558545,0.299567205273241,0.584471221254117,0.999997068196745,0.999983379322086,"group_idyes"
"2155","EXOC6B","Exc L4-5 RORB GABRG1",-0.00546503506366802,8.4417523909617,0.0303644801958797,0.861757451423404,0.999997068196745,0.999983379322086,"group_idyes"
"2156","SPR","Exc L4-5 RORB GABRG1",0.344920148035234,1.67031875477168,5.53885295797583,0.0191011993397317,0.999997068196745,0.999983379322086,"group_idyes"
"2157","EMX1","Exc L4-5 RORB GABRG1",0.0367395195584515,5.07329743813263,0.783488186933603,0.376629315141143,0.999997068196745,0.999983379322086,"group_idyes"
"2158","SFXN5","Exc L4-5 RORB GABRG1",-0.0444371206265622,7.14508814362398,1.25738131768904,0.262846756382091,0.999997068196745,0.999983379322086,"group_idyes"
"2159","RAB11FIP5","Exc L4-5 RORB GABRG1",0.00871051528425218,3.45240502494496,0.02170210320489,0.88295950722996,0.999997068196745,0.999983379322086,"group_idyes"
"2160","SMYD5","Exc L4-5 RORB GABRG1",-0.0092933744330904,3.72177407984437,0.036857082055475,0.847857605436825,0.999997068196745,0.999983379322086,"group_idyes"
"2161","PRADC1","Exc L4-5 RORB GABRG1",-0.00445738406608497,3.28385680123306,0.00525322065125249,0.942258297977658,0.999997068196745,0.999983379322086,"group_idyes"
"2162","CCT7","Exc L4-5 RORB GABRG1",0.1023422322337,4.68650945212115,1.32803381102573,0.249870853132614,0.999997068196745,0.999983379322086,"group_idyes"
"2163","FBXO41","Exc L4-5 RORB GABRG1",-0.0064166336762036,5.53763036807167,0.044880501032059,0.832336098277118,0.999997068196745,0.999983379322086,"group_idyes"
"2164","EGR4","Exc L4-5 RORB GABRG1",0.138695323772359,3.06857941080869,2.29043750150714,0.130994256192774,0.999997068196745,0.999983379322086,"group_idyes"
"2165","ALMS1","Exc L4-5 RORB GABRG1",-0.0228360128302519,6.23948933543596,0.314357419780635,0.575344891706568,0.999997068196745,0.999983379322086,"group_idyes"
"2166","TPRKB","Exc L4-5 RORB GABRG1",0.0645299691360108,3.91798262315686,1.74803915368005,0.326341730544837,0.999997068196745,0.999983379322086,"group_idyes"
"2167","DUSP11","Exc L4-5 RORB GABRG1",-0.0114036793834551,4.11790835162879,0.0716207789625998,0.822038325571464,0.999997068196745,0.999983379322086,"group_idyes"
"2168","STAMBP","Exc L4-5 RORB GABRG1",0.00667346665065879,4.69501339766234,0.0242912779129761,0.876227803936868,0.999997068196745,0.999983379322086,"group_idyes"
"2169","ACTG2","Exc L4-5 RORB GABRG1",-0.0645889497260691,-0.134397019727792,0.0753195318158751,0.783890704677083,0.999997068196745,0.999983379322086,"group_idyes"
"2170","DGUOK","Exc L4-5 RORB GABRG1",0.0170134076333721,4.95919813543358,0.194159527262181,0.7023998634216,0.999997068196745,0.999983379322086,"group_idyes"
"2171","DGUOK-AS1","Exc L4-5 RORB GABRG1",-0.171013469652826,1.32091396245317,1.3070320846976,0.25364360588181,0.999997068196745,0.999983379322086,"group_idyes"
"2172","TET3","Exc L4-5 RORB GABRG1",-0.00896171662988745,6.6476563635834,0.0411598313482974,0.839336968605357,0.999997068196745,0.999983379322086,"group_idyes"
"2173","BOLA3","Exc L4-5 RORB GABRG1",-0.0651241871425732,4.16846615370979,1.0563293150291,0.30469960935678,0.999997068196745,0.999983379322086,"group_idyes"
"2174","BOLA3-AS1","Exc L4-5 RORB GABRG1",-0.00528411912648679,2.38280241040063,0.00383596688167522,0.950646611934994,0.999997068196745,0.999983379322086,"group_idyes"
"2175","MOB1A","Exc L4-5 RORB GABRG1",0.0550414216345649,4.12963723908705,1.71663171408506,0.633839970423406,0.999997068196745,0.999983379322086,"group_idyes"
"2176","MTHFD2","Exc L4-5 RORB GABRG1",0.117388163933032,0.799112039648413,0.53825751213035,0.463602602594196,0.999997068196745,0.999983379322086,"group_idyes"
"2177","AC006030.1","Exc L4-5 RORB GABRG1",-0.0682357726369524,4.34819067170562,1.23190425487609,0.267730269186314,0.999997068196745,0.999983379322086,"group_idyes"
"2178","DCTN1","Exc L4-5 RORB GABRG1",0.0110985123277978,3.24987247595816,0.0170487004698731,0.896183188655048,0.999997068196745,0.999983379322086,"group_idyes"
"2179","DCTN1-AS1","Exc L4-5 RORB GABRG1",-0.065874375182285,2.81705117773331,1.03760913291658,0.309018300124727,0.999997068196745,0.999983379322086,"group_idyes"
"2180","AC005041.1","Exc L4-5 RORB GABRG1",-0.0946438595208987,1.23457976542928,0.599211826452502,0.439354323150485,0.999997068196745,0.999983379322086,"group_idyes"
"2181","WDR54","Exc L4-5 RORB GABRG1",0.0447666693948945,3.23857905619079,0.337297381680643,0.561733432207278,0.999997068196745,0.999983379322086,"group_idyes"
"2182","RTKN","Exc L4-5 RORB GABRG1",0.0661749973871705,0.523721393606663,0.169022995025134,0.681210471829824,0.999997068196745,0.999983379322086,"group_idyes"
"2183","MOGS","Exc L4-5 RORB GABRG1",-8.86933111442213e-05,3.89088754678416,2.40013164590112e-06,0.998764692122487,0.999997068196745,0.999983379322086,"group_idyes"
"2184","CCDC142","Exc L4-5 RORB GABRG1",-0.0188532067735487,3.50778406638916,0.0854992549249443,0.7701364768197,0.999997068196745,0.999983379322086,"group_idyes"
"2185","TTC31","Exc L4-5 RORB GABRG1",-0.0317959887374153,2.74823262864812,0.272752497830355,0.601791892958427,0.999997068196745,0.999983379322086,"group_idyes"
"2186","PCGF1","Exc L4-5 RORB GABRG1",0.175584865317007,1.51938877110941,2.41201258613354,0.121229671169253,0.999997068196745,0.999983379322086,"group_idyes"
"2187","AUP1","Exc L4-5 RORB GABRG1",0.065388855257306,4.35027785679725,0.756360503856434,0.385012159136159,0.999997068196745,0.999983379322086,"group_idyes"
"2188","HTRA2","Exc L4-5 RORB GABRG1",-0.0127708556163536,2.89543387294726,0.0269989561395242,0.869570573456547,0.999997068196745,0.999983379322086,"group_idyes"
"2189","M1AP","Exc L4-5 RORB GABRG1",0.0401522981344022,1.53910027238404,0.140814882777974,0.707679038464869,0.999997068196745,0.999983379322086,"group_idyes"
"2190","SEMA4F","Exc L4-5 RORB GABRG1",-0.0335689245919682,5.00171762589897,0.740265018526414,0.864018351227366,0.999997068196745,0.999983379322086,"group_idyes"
"2191","AC104135.1","Exc L4-5 RORB GABRG1",-0.146234855324085,0.992992853777423,0.438973656583363,0.508014950903786,0.999997068196745,0.999983379322086,"group_idyes"
"2192","POLE4","Exc L4-5 RORB GABRG1",-0.0100219824654034,2.53698852746417,0.00764920403585843,0.930351598026883,0.999997068196745,0.999983379322086,"group_idyes"
"2193","TACR1","Exc L4-5 RORB GABRG1",0.0438392880826087,1.80210113381327,0.147092630625552,0.701541218395035,0.999997068196745,0.999983379322086,"group_idyes"
"2194","AC007681.1","Exc L4-5 RORB GABRG1",-0.148999989400237,2.21904723802488,2.36230758344744,0.125120182569998,0.999997068196745,0.999983379322086,"group_idyes"
"2195","EVA1A","Exc L4-5 RORB GABRG1",-0.0292063930241649,0.778418967155389,0.0349825952282166,0.851730727037549,0.999997068196745,0.999983379322086,"group_idyes"
"2196","AC007099.1","Exc L4-5 RORB GABRG1",-0.242809106799411,1.47829074928061,4.90671760711194,0.0273375425369521,0.999997068196745,0.999983379322086,"group_idyes"
"2197","MRPL19","Exc L4-5 RORB GABRG1",0.0494830828880978,5.83625288626559,1.38374334357549,0.240191880389035,0.999997068196745,0.999983379322086,"group_idyes"
"2198","GCFC2","Exc L4-5 RORB GABRG1",-0.0169756763384035,5.87410960758661,0.287366043619006,0.592223183914743,0.999997068196745,0.999983379322086,"group_idyes"
"2199","LRRTM4","Exc L4-5 RORB GABRG1",0.0511391708568945,10.9435723277328,1.20249306506148,0.273509871788785,0.999997068196745,0.999983379322086,"group_idyes"
"2200","AC079117.1","Exc L4-5 RORB GABRG1",0.135172042858731,1.41893304806568,0.667614964777103,0.414390051951584,0.999997068196745,0.999983379322086,"group_idyes"
"2201","CTNNA2","Exc L4-5 RORB GABRG1",-0.0155550390106889,11.6844586671945,0.144244830494952,0.704306581385958,0.999997068196745,0.999983379322086,"group_idyes"
"2202","AC016716.2","Exc L4-5 RORB GABRG1",0.0256229798338225,3.316150797708,0.02529612050264,0.873714875078032,0.999997068196745,0.999983379322086,"group_idyes"
"2203","LRRTM1","Exc L4-5 RORB GABRG1",0.060846997129314,2.42281832785891,0.480509318794636,0.488609954391408,0.999997068196745,0.999983379322086,"group_idyes"
"2204","AC008067.1","Exc L4-5 RORB GABRG1",0.0200929315501827,2.7111058258899,0.0188328095303004,0.890918665487251,0.999997068196745,0.999983379322086,"group_idyes"
"2205","SUCLG1","Exc L4-5 RORB GABRG1",0.0177061403049149,5.58856909163934,0.311572828770115,0.577041314813465,0.999997068196745,0.999983379322086,"group_idyes"
"2206","DNAH6","Exc L4-5 RORB GABRG1",-0.00543768333534868,6.98006308929512,0.00927073366569852,0.923344636894984,0.999997068196745,0.999983379322086,"group_idyes"
"2207","TRABD2A","Exc L4-5 RORB GABRG1",-0.0411611004502833,2.83796823649673,0.159449645681725,0.689885287142155,0.999997068196745,0.999983379322086,"group_idyes"
"2208","TMSB10","Exc L4-5 RORB GABRG1",-0.0873821538994046,6.7860724825404,0.450472041388982,0.502513630837508,0.999997068196745,0.999983379322086,"group_idyes"
"2209","KCMF1","Exc L4-5 RORB GABRG1",-0.0439598819309219,6.05255249382011,2.67812968864512,0.146992860863033,0.999997068196745,0.999983379322086,"group_idyes"
"2210","TCF7L1","Exc L4-5 RORB GABRG1",0.104503626895459,1.12146150586938,0.996571131547734,0.482606929419215,0.999997068196745,0.999983379322086,"group_idyes"
"2211","TGOLN2","Exc L4-5 RORB GABRG1",0.080648132030899,5.72916923032035,1.98560666986441,0.15960873098144,0.999997068196745,0.999983379322086,"group_idyes"
"2212","RETSAT","Exc L4-5 RORB GABRG1",0.00616080883670507,2.97104594995698,0.0113851320641424,0.915081698239063,0.999997068196745,0.999983379322086,"group_idyes"
"2213","ELMOD3","Exc L4-5 RORB GABRG1",0.00812976816182884,5.22305694124423,0.0529690251751891,0.818097530161526,0.999997068196745,0.999983379322086,"group_idyes"
"2214","SH2D6","Exc L4-5 RORB GABRG1",0.0536837345274207,0.96475261115729,0.173804163129771,0.818580751560689,0.999997068196745,0.999983379322086,"group_idyes"
"2215","MAT2A","Exc L4-5 RORB GABRG1",0.0534858163459257,5.72139749890685,1.83992151124116,0.175755595845262,0.999997068196745,0.999983379322086,"group_idyes"
"2216","GGCX","Exc L4-5 RORB GABRG1",-0.0787600251113556,3.98442789032902,2.42104984314398,0.158034339052981,0.999997068196745,0.999983379322086,"group_idyes"
"2217","VAMP8","Exc L4-5 RORB GABRG1",-0.0520360266341478,1.92744791220766,0.282828731983469,0.595160076043071,0.999997068196745,0.999983379322086,"group_idyes"
"2218","RNF181","Exc L4-5 RORB GABRG1",0.0384503685615268,1.57493225217275,0.0739816195453133,0.785771288843384,0.999997068196745,0.999983379322086,"group_idyes"
"2219","TMEM150A","Exc L4-5 RORB GABRG1",-0.0209289101052149,1.9769634948906,0.0499780835929912,0.823220072078852,0.999997068196745,0.999983379322086,"group_idyes"
"2220","USP39","Exc L4-5 RORB GABRG1",-0.0373054210538215,4.83295911193872,0.330479007218879,0.56571317936394,0.999997068196745,0.999983379322086,"group_idyes"
"2221","C2orf68","Exc L4-5 RORB GABRG1",-0.0230159431150361,2.77815009190603,0.120895053649819,0.728255897842244,0.999997068196745,0.999983379322086,"group_idyes"
"2222","GNLY","Exc L4-5 RORB GABRG1",0.111383166662205,0.796584106808481,0.698268330054917,0.403884817267083,0.999997068196745,0.999983379322086,"group_idyes"
"2223","ST3GAL5","Exc L4-5 RORB GABRG1",-0.0454475133741595,5.80493776512577,1.65796857691325,0.198651827122947,0.999997068196745,0.999983379322086,"group_idyes"
"2224","POLR1A","Exc L4-5 RORB GABRG1",-0.0215185059045681,5.10424965858182,0.313478402100279,0.951081595376188,0.999997068196745,0.999983379322086,"group_idyes"
"2225","PTCD3","Exc L4-5 RORB GABRG1",-0.0236348710226833,6.26882781836654,0.994681256160274,0.377656301677338,0.999997068196745,0.999983379322086,"group_idyes"
"2226","IMMT","Exc L4-5 RORB GABRG1",-0.0105753017155515,5.4873003218809,0.0836591733705289,0.772554319570142,0.999997068196745,0.999983379322086,"group_idyes"
"2227","MRPL35","Exc L4-5 RORB GABRG1",0.12121501134107,4.26083502643906,3.50923658690693,0.0617855357912566,0.999997068196745,0.999983379322086,"group_idyes"
"2228","REEP1","Exc L4-5 RORB GABRG1",-0.03719214390076,7.00561584998772,1.63427705233843,0.201883166489618,0.999997068196745,0.999983379322086,"group_idyes"
"2229","KDM3A","Exc L4-5 RORB GABRG1",0.00717677607539533,4.95307780239569,0.0254123609672858,0.873427505726082,0.999997068196745,0.999983379322086,"group_idyes"
"2230","CHMP3","Exc L4-5 RORB GABRG1",0.0391819537579022,4.56495866159623,0.28843109951063,0.591538129146663,0.999997068196745,0.999983379322086,"group_idyes"
"2231","RNF103-CHMP3","Exc L4-5 RORB GABRG1",0.0202133296838704,4.35718585149438,0.147817765121297,0.700841988193673,0.999997068196745,0.999983379322086,"group_idyes"
"2232","AC015971.1","Exc L4-5 RORB GABRG1",-0.0183535455406292,2.64103222518761,0.0248847933654495,0.874737231520621,0.999997068196745,0.999983379322086,"group_idyes"
"2233","RMND5A","Exc L4-5 RORB GABRG1",0.019602380226409,6.39921647301061,0.374383999153769,0.540985667342656,0.999997068196745,0.999983379322086,"group_idyes"
"2234","CD8A","Exc L4-5 RORB GABRG1",-0.0169967300830875,2.48988168567822,0.04188944536793,0.837938887077529,0.999997068196745,0.999983379322086,"group_idyes"
"2235","RGPD1","Exc L4-5 RORB GABRG1",-0.0703861495164051,1.52300136796211,0.360359549398794,0.548660048604048,0.999997068196745,0.999983379322086,"group_idyes"
"2236","PLGLB1","Exc L4-5 RORB GABRG1",-0.0181160650868214,5.76279000591409,0.210149339298799,0.646909215602004,0.999997068196745,0.999983379322086,"group_idyes"
"2237","CYTOR","Exc L4-5 RORB GABRG1",-0.0690476063320414,4.38055064509015,1.52047547189668,0.218300437238895,0.999997068196745,0.999983379322086,"group_idyes"
"2238","RGPD2","Exc L4-5 RORB GABRG1",0.0800929894190045,1.73973206222378,0.264720878594471,0.607190670058011,0.999997068196745,0.999983379322086,"group_idyes"
"2239","KRCC1","Exc L4-5 RORB GABRG1",-0.0479919399600104,4.2232788052421,0.988400912166151,0.320758384840082,0.999997068196745,0.999983379322086,"group_idyes"
"2240","THNSL2","Exc L4-5 RORB GABRG1",-0.0908279667021775,1.9677523328183,0.370090082957127,0.543314148904817,0.999997068196745,0.999983379322086,"group_idyes"
"2241","AC104134.1","Exc L4-5 RORB GABRG1",-0.0412511016735396,0.762374437072288,0.0834621692795476,0.772814882161839,0.999997068196745,0.999983379322086,"group_idyes"
"2242","EIF2AK3","Exc L4-5 RORB GABRG1",-0.0226927355313067,5.83856984808541,0.313593599623425,0.575809239017192,0.999997068196745,0.999983379322086,"group_idyes"
"2243","RPIA","Exc L4-5 RORB GABRG1",0.011450059182443,4.27857917129721,0.0690418209568854,0.792877678114213,0.999997068196745,0.999983379322086,"group_idyes"
"2244","AC233266.2","Exc L4-5 RORB GABRG1",0.197937815533158,1.79479094580792,1.68963402671306,0.19442746902579,0.999997068196745,0.999983379322086,"group_idyes"
"2245","AL845331.2","Exc L4-5 RORB GABRG1",0.0637143244067798,1.35197205479081,0.256379696984042,0.612908360906423,0.999997068196745,0.999983379322086,"group_idyes"
"2246","ANKRD20A8P","Exc L4-5 RORB GABRG1",0.0108434002111638,2.17458953406317,0.0140910615741087,0.905570413574892,0.999997068196745,0.999983379322086,"group_idyes"
"2247","MAL","Exc L4-5 RORB GABRG1",-0.212650309909078,1.03286756791286,1.96920653857793,0.161338661522012,0.999997068196745,0.999983379322086,"group_idyes"
"2248","MRPS5","Exc L4-5 RORB GABRG1",0.0168509297937197,6.10287242090974,0.406392389764366,0.524185479030357,0.999997068196745,0.999983379322086,"group_idyes"
"2249","ZNF514","Exc L4-5 RORB GABRG1",0.0131343019856255,2.94304318480422,0.0474384307372378,0.827697569780867,0.999997068196745,0.999983379322086,"group_idyes"
"2250","ZNF2","Exc L4-5 RORB GABRG1",-0.0696759259650862,3.19479027193975,1.34146219085849,0.247494735363641,0.999997068196745,0.999983379322086,"group_idyes"
"2251","AC092835.1","Exc L4-5 RORB GABRG1",0.0163498772043447,5.17495410643449,0.0964843246528588,0.75625829395519,0.999997068196745,0.999983379322086,"group_idyes"
"2252","KCNIP3","Exc L4-5 RORB GABRG1",-0.0494949568748413,5.85994342890083,0.900970322711268,0.343117520283861,0.999997068196745,0.999983379322086,"group_idyes"
"2253","FAHD2A","Exc L4-5 RORB GABRG1",-0.050169666414648,5.05899611985956,1.55088457695653,0.213762837996807,0.999997068196745,0.999983379322086,"group_idyes"
"2254","LINC00342","Exc L4-5 RORB GABRG1",-0.083910580168656,3.7028499557856,2.26064108927493,0.133519523929521,0.999997068196745,0.999983379322086,"group_idyes"
"2255","ANKRD36C","Exc L4-5 RORB GABRG1",0.0176310467880849,7.77517245679573,0.255264765640062,0.613681451120415,0.999997068196745,0.999983379322086,"group_idyes"
"2256","GPAT2","Exc L4-5 RORB GABRG1",0.090199407974876,1.51246654673101,0.51213453729628,0.474650380081056,0.999997068196745,0.999983379322086,"group_idyes"
"2257","DUSP2","Exc L4-5 RORB GABRG1",0.0527119740883415,2.62536648216532,0.261685437490584,0.609258065152596,0.999997068196745,0.999983379322086,"group_idyes"
"2258","STARD7","Exc L4-5 RORB GABRG1",0.0414491664437952,5.50331371530087,1.38407513883953,0.240135621434342,0.999997068196745,0.999983379322086,"group_idyes"
"2259","TMEM127","Exc L4-5 RORB GABRG1",0.0329167846827846,4.94985924133584,0.577097415127228,0.447917523280615,0.999997068196745,0.999983379322086,"group_idyes"
"2260","CIAO1","Exc L4-5 RORB GABRG1",-0.0284446609939448,5.45840230127239,0.321628264532267,0.570961495298446,0.999997068196745,0.999983379322086,"group_idyes"
"2261","SNRNP200","Exc L4-5 RORB GABRG1",0.0341238826284587,5.48227785829317,0.820202233124834,0.365687855363459,0.999997068196745,0.999983379322086,"group_idyes"
"2262","AC021188.1","Exc L4-5 RORB GABRG1",-0.0627862733851329,2.21566275746307,0.49946376772528,0.480163632513703,0.999997068196745,0.999983379322086,"group_idyes"
"2263","ITPRIPL1","Exc L4-5 RORB GABRG1",0.146157508697901,1.01339955998574,1.41789952196275,0.234483599310503,0.999997068196745,0.999983379322086,"group_idyes"
"2264","NEURL3","Exc L4-5 RORB GABRG1",0.100384949266546,0.832031716150116,0.547582466731613,0.45975849238474,0.999997068196745,0.999983379322086,"group_idyes"
"2265","ARID5A","Exc L4-5 RORB GABRG1",-0.0206758771929771,2.08072391895561,0.0459605885415963,0.830361037124875,0.999997068196745,0.999983379322086,"group_idyes"
"2266","KANSL3","Exc L4-5 RORB GABRG1",-0.0312340252766828,5.42018048227869,0.6333359292481,0.426625050114048,0.999997068196745,0.999983379322086,"group_idyes"
"2267","FER1L5","Exc L4-5 RORB GABRG1",-0.149087489504358,3.12666376097058,5.55917430467634,0.0188839194582298,0.999997068196745,0.999983379322086,"group_idyes"
"2268","LMAN2L","Exc L4-5 RORB GABRG1",-0.0352832200413804,4.45261838563701,0.564601041856506,0.45287171045334,0.999997068196745,0.999983379322086,"group_idyes"
"2269","CNNM4","Exc L4-5 RORB GABRG1",-0.0158041890625766,4.41382029961225,0.127994641183776,0.72071658278056,0.999997068196745,0.999983379322086,"group_idyes"
"2270","CNNM3","Exc L4-5 RORB GABRG1",-0.017118712738894,2.7620231727434,0.0644155488196384,0.895624647120207,0.999997068196745,0.999983379322086,"group_idyes"
"2271","ANKRD23","Exc L4-5 RORB GABRG1",0.021017397921961,5.01454564787006,0.243353565658024,0.62207587917978,0.999997068196745,0.999983379322086,"group_idyes"
"2272","SEMA4C","Exc L4-5 RORB GABRG1",-0.0220570952678372,4.21309915557476,0.132678434765863,0.715871059420781,0.999997068196745,0.999983379322086,"group_idyes"
"2273","FAM178B","Exc L4-5 RORB GABRG1",-0.0175309339403487,5.11052899148037,0.118649043225929,0.730692560183171,0.999997068196745,0.999983379322086,"group_idyes"
"2274","FAHD2B","Exc L4-5 RORB GABRG1",-0.0923754890975456,4.01447354745143,1.81863485355821,0.178269161325407,0.999997068196745,0.999983379322086,"group_idyes"
"2275","ANKRD36","Exc L4-5 RORB GABRG1",0.0161416998728513,7.85190889035151,0.175006027571407,0.675933995956312,0.999997068196745,0.999983379322086,"group_idyes"
"2276","AC092683.1","Exc L4-5 RORB GABRG1",0.00633539154260017,8.10774711760588,0.0139874019360785,0.905916759571816,0.999997068196745,0.999983379322086,"group_idyes"
"2277","AC092683.2","Exc L4-5 RORB GABRG1",-0.0505713682088658,2.96562358085941,0.23850628922403,0.625565272448717,0.999997068196745,0.999983379322086,"group_idyes"
"2278","ANKRD36B","Exc L4-5 RORB GABRG1",0.0282852981105545,6.0500728263024,0.183668858927917,0.66847889914412,0.999997068196745,0.999983379322086,"group_idyes"
"2279","COX5B","Exc L4-5 RORB GABRG1",-0.066568688616792,5.23827855435102,0.342209615197153,0.558899478001147,0.999997068196745,0.999983379322086,"group_idyes"
"2280","ACTR1B","Exc L4-5 RORB GABRG1",-0.0388929101069189,5.90256907297913,0.577559414523271,0.447735988059487,0.999997068196745,0.999983379322086,"group_idyes"
"2281","C2orf92","Exc L4-5 RORB GABRG1",-0.127295234499072,3.95563906646087,4.94890473445101,0.0266867183851254,0.999997068196745,0.999983379322086,"group_idyes"
"2282","TMEM131","Exc L4-5 RORB GABRG1",-0.00661726810550211,6.8101603203713,0.031869673134964,0.858407960599416,0.999997068196745,0.999983379322086,"group_idyes"
"2283","VWA3B","Exc L4-5 RORB GABRG1",-0.0441470731591113,0.970724619031843,0.1195309191331,0.729732772297237,0.999997068196745,0.999983379322086,"group_idyes"
"2284","INPP4A","Exc L4-5 RORB GABRG1",0.0107206228956796,7.70646027131312,0.148090835566284,0.70057918319171,0.999997068196745,0.999983379322086,"group_idyes"
"2285","COA5","Exc L4-5 RORB GABRG1",0.0463825007716737,4.07035574937837,0.900724798304169,0.343183210564707,0.999997068196745,0.999983379322086,"group_idyes"
"2286","UNC50","Exc L4-5 RORB GABRG1",0.0357194676828683,4.50691078814518,0.518840605427195,0.555120195466913,0.999997068196745,0.999983379322086,"group_idyes"
"2287","MGAT4A","Exc L4-5 RORB GABRG1",0.0115632648385918,6.58177347864873,0.145761269030646,0.70283018547513,0.999997068196745,0.999983379322086,"group_idyes"
"2288","KIAA1211L","Exc L4-5 RORB GABRG1",-0.0131087547922452,7.66639726441487,0.125189704533437,0.723666424354936,0.999997068196745,0.999983379322086,"group_idyes"
"2289","TSGA10","Exc L4-5 RORB GABRG1",0.0121602566854859,6.5312840933515,0.106187635577906,0.744704084004136,0.999997068196745,0.999983379322086,"group_idyes"
"2290","AC079447.1","Exc L4-5 RORB GABRG1",0.0299184892909829,7.27054991792508,0.543832756704874,0.461298148549779,0.999997068196745,0.999983379322086,"group_idyes"
"2291","MITD1","Exc L4-5 RORB GABRG1",-0.0304448910267182,4.16684508616195,0.477651508913311,0.489904809436823,0.999997068196745,0.999983379322086,"group_idyes"
"2292","LYG2","Exc L4-5 RORB GABRG1",0.0499299130519424,2.42531317946336,0.240800631035281,0.623908219124611,0.999997068196745,0.999983379322086,"group_idyes"
"2293","LYG1","Exc L4-5 RORB GABRG1",0.125097243445946,2.49905657656147,2.60272165703581,0.107500265648525,0.999997068196745,0.999983379322086,"group_idyes"
"2294","TXNDC9","Exc L4-5 RORB GABRG1",-0.0207429634068895,3.84210077508716,0.140473210444268,0.708017541705106,0.999997068196745,0.999983379322086,"group_idyes"
"2295","EIF5B","Exc L4-5 RORB GABRG1",-0.0208049548801999,5.85747505774183,0.220812807462012,0.638687532967684,0.999997068196745,0.999983379322086,"group_idyes"
"2296","REV1","Exc L4-5 RORB GABRG1",0.0136497623234736,6.95844654172888,0.177758870124759,0.673541817573508,0.999997068196745,0.999983379322086,"group_idyes"
"2297","AFF3","Exc L4-5 RORB GABRG1",-0.0380236414824911,9.44421023799633,0.80125179822584,0.371279039108026,0.999997068196745,0.999983379322086,"group_idyes"
"2298","AC092667.1","Exc L4-5 RORB GABRG1",0.14882615727219,0.81179852662564,1.28438997110799,0.257790121988467,0.999997068196745,0.999983379322086,"group_idyes"
"2299","LONRF2","Exc L4-5 RORB GABRG1",0.029276320986925,7.54642005957438,0.98158537817288,0.3224304068313,0.999997068196745,0.999983379322086,"group_idyes"
"2300","CHST10","Exc L4-5 RORB GABRG1",-0.020867298253651,4.89097217731287,0.283132982589773,0.594962199089672,0.999997068196745,0.999983379322086,"group_idyes"
"2301","PDCL3","Exc L4-5 RORB GABRG1",0.0463179415395817,2.23284435629318,0.250162883178303,0.617246370455713,0.999997068196745,0.999983379322086,"group_idyes"
"2302","NPAS2","Exc L4-5 RORB GABRG1",-0.0370292620553859,7.10402015927952,0.704485579796327,0.401801798200155,0.999997068196745,0.999983379322086,"group_idyes"
"2303","RPL31","Exc L4-5 RORB GABRG1",-0.0193027750360696,5.57573052785479,0.0481769223312739,0.826382889048783,0.999997068196745,0.999983379322086,"group_idyes"
"2304","TBC1D8","Exc L4-5 RORB GABRG1",0.00786755199266051,6.32066044654856,0.0366716379546898,0.84823615616138,0.999997068196745,0.999983379322086,"group_idyes"
"2305","TBC1D8-AS1","Exc L4-5 RORB GABRG1",0.0516635421156427,1.17097987692114,0.199710441704192,0.655206130520181,0.999997068196745,0.999983379322086,"group_idyes"
"2306","CNOT11","Exc L4-5 RORB GABRG1",-0.00512706186415184,4.23314907220808,0.0122381499588293,0.911970477909843,0.999997068196745,0.999983379322086,"group_idyes"
"2307","RNF149","Exc L4-5 RORB GABRG1",-0.00222296552082761,7.05998230497602,0.00558246433937363,0.94047959706064,0.999997068196745,0.999983379322086,"group_idyes"
"2308","CREG2","Exc L4-5 RORB GABRG1",0.0173250011745234,8.17279472341295,0.127752073910812,0.720970232967934,0.999997068196745,0.999983379322086,"group_idyes"
"2309","RFX8","Exc L4-5 RORB GABRG1",-0.0885814292379872,4.98558272406007,1.87296057915295,0.171934985450358,0.999997068196745,0.999983379322086,"group_idyes"
"2310","MAP4K4","Exc L4-5 RORB GABRG1",-0.0344462202051548,7.99795869548492,1.64419928704164,0.200522365262637,0.999997068196745,0.999983379322086,"group_idyes"
"2311","IL1R1","Exc L4-5 RORB GABRG1",-0.0511861276928196,0.755092799495531,0.151052609211132,0.697746462929787,0.999997068196745,0.999983379322086,"group_idyes"
"2312","IL1RL2","Exc L4-5 RORB GABRG1",-0.0601544353034419,4.20314095980056,1.20860043619454,0.272296930688835,0.999997068196745,0.999983379322086,"group_idyes"
"2313","SLC9A2","Exc L4-5 RORB GABRG1",0.0814636215329404,0.896681721358871,0.43403625056646,0.51040912715319,0.999997068196745,0.999983379322086,"group_idyes"
"2314","MFSD9","Exc L4-5 RORB GABRG1",0.0145123735418658,1.22920392168146,0.0157622458678001,0.900155477132992,0.999997068196745,0.999983379322086,"group_idyes"
"2315","TMEM182","Exc L4-5 RORB GABRG1",-0.00345254805150777,1.97294312132422,0.00156805028769859,0.968433672025379,0.999997068196745,0.999983379322086,"group_idyes"
"2316","LINC01965","Exc L4-5 RORB GABRG1",0.194257987100821,1.71549318480427,2.6879527096564,0.101927035514754,0.999997068196745,0.999983379322086,"group_idyes"
"2317","LINC01102","Exc L4-5 RORB GABRG1",0.0283154244981796,5.35421810871937,0.190190200040421,0.663002970987932,0.999997068196745,0.999983379322086,"group_idyes"
"2318","LINC01103","Exc L4-5 RORB GABRG1",0.0433765923501514,2.13333901760709,0.1123927258794,0.737619046425144,0.999997068196745,0.999983379322086,"group_idyes"
"2319","LINC01114","Exc L4-5 RORB GABRG1",-0.0474775893343658,1.44681668001653,0.200238911721681,0.887903579393871,0.999997068196745,0.999983379322086,"group_idyes"
"2320","POU3F3","Exc L4-5 RORB GABRG1",0.132188571883692,3.89912917034777,3.9743290387704,0.0469045084463538,0.999997068196745,0.999983379322086,"group_idyes"
"2321","AC010884.1","Exc L4-5 RORB GABRG1",0.126956566347981,3.40862436234174,2.22442607845823,0.136662589435688,0.999997068196745,0.999983379322086,"group_idyes"
"2322","MRPS9","Exc L4-5 RORB GABRG1",-0.0144460557748688,5.21926260859954,0.222728489434004,0.637236316254919,0.999997068196745,0.999983379322086,"group_idyes"
"2323","TGFBRAP1","Exc L4-5 RORB GABRG1",0.0724955525814741,4.85698836244643,4.84778528958757,0.0282745807520704,0.999997068196745,0.999983379322086,"group_idyes"
"2324","AC012360.3","Exc L4-5 RORB GABRG1",0.110230747522874,1.7306387727047,1.32354296457489,0.250671748805564,0.999997068196745,0.999983379322086,"group_idyes"
"2325","C2orf49","Exc L4-5 RORB GABRG1",0.0803662468252748,4.08309861866338,2.42556595594089,0.120192314973548,0.999997068196745,0.999983379322086,"group_idyes"
"2326","FHL2","Exc L4-5 RORB GABRG1",-0.0581361181429739,5.9767050965853,2.16766415993489,0.14175772662923,0.999997068196745,0.999983379322086,"group_idyes"
"2327","AC108058.1","Exc L4-5 RORB GABRG1",-0.265035339890553,0.931009665107748,3.86668451842953,0.049972236983423,0.999997068196745,0.999983379322086,"group_idyes"
"2328","NCK2","Exc L4-5 RORB GABRG1",0.021078041655389,6.82856220462182,0.250964801588129,0.616683036287872,0.999997068196745,0.999983379322086,"group_idyes"
"2329","AC010978.1","Exc L4-5 RORB GABRG1",0.162297609131127,1.02976091289994,1.3715167539011,0.242276271466899,0.999997068196745,0.999983379322086,"group_idyes"
"2330","C2orf40","Exc L4-5 RORB GABRG1",0.000766906484048346,2.32716089044816,6.83102047014906e-05,0.993409844084947,0.999997068196745,0.999983379322086,"group_idyes"
"2331","UXS1","Exc L4-5 RORB GABRG1",-0.0202809086621089,5.88337657915069,0.385064023038552,0.560104206942028,0.999997068196745,0.999983379322086,"group_idyes"
"2332","AC018878.1","Exc L4-5 RORB GABRG1",0.0115854811607361,0.675865054778847,0.00622080121677759,0.937175396216226,0.999997068196745,0.999983379322086,"group_idyes"
"2333","RGPD3","Exc L4-5 RORB GABRG1",0.0533859069349284,2.07852082666372,0.401830535324318,0.526522095241096,0.999997068196745,0.999983379322086,"group_idyes"
"2334","ST6GAL2","Exc L4-5 RORB GABRG1",-0.0428460094542649,6.82840483103765,0.522236970351218,0.470328066813582,0.999997068196745,0.999983379322086,"group_idyes"
"2335","AC016994.1","Exc L4-5 RORB GABRG1",0.152018914268514,0.726854830243169,0.783682903302397,0.376570081981728,0.999997068196745,0.999983379322086,"group_idyes"
"2336","LINC01885","Exc L4-5 RORB GABRG1",0.168442425176597,1.33277415500999,1.26396486775653,0.261602891786699,0.999997068196745,0.999983379322086,"group_idyes"
"2337","LINC01886","Exc L4-5 RORB GABRG1",0.0978071869826051,0.938134109795804,0.266875409689731,0.605732331531812,0.999997068196745,0.999983379322086,"group_idyes"
"2338","RGPD4","Exc L4-5 RORB GABRG1",0.0744030917657841,0.808530348064109,0.287646843148305,0.592042412261473,0.999997068196745,0.999983379322086,"group_idyes"
"2339","GCC2","Exc L4-5 RORB GABRG1",0.022896264382638,7.40101737632144,0.658374120077469,0.417636222488313,0.999997068196745,0.999983379322086,"group_idyes"
"2340","GCC2-AS1","Exc L4-5 RORB GABRG1",-0.122062437281561,2.20823107241336,2.18225714153864,0.170144708188603,0.999997068196745,0.999983379322086,"group_idyes"
"2341","LIMS1","Exc L4-5 RORB GABRG1",-0.0143902246976433,5.57156749219973,0.0976952084797871,0.754782550195746,0.999997068196745,0.999983379322086,"group_idyes"
"2342","RANBP2","Exc L4-5 RORB GABRG1",0.0292903166586487,6.81627721791211,1.15833680268446,0.28248517140151,0.999997068196745,0.999983379322086,"group_idyes"
"2343","CCDC138","Exc L4-5 RORB GABRG1",0.00787615451350061,6.78997717405448,0.0586136367690337,0.808829714196992,0.999997068196745,0.999983379322086,"group_idyes"
"2344","EDAR","Exc L4-5 RORB GABRG1",0.129042736860626,-0.0105709868444032,0.354644523445769,0.551845823084176,0.999997068196745,0.999983379322086,"group_idyes"
"2345","SH3RF3","Exc L4-5 RORB GABRG1",-0.0762111096571699,6.13409256776568,1.31253844752076,0.25264769151887,0.999997068196745,0.999983379322086,"group_idyes"
"2346","AC074387.1","Exc L4-5 RORB GABRG1",0.141714673229183,1.61189309889894,1.12073496586558,0.29042446355589,0.999997068196745,0.999983379322086,"group_idyes"
"2347","RGPD5","Exc L4-5 RORB GABRG1",-0.0704010780619412,1.60829250610253,0.327907378644726,0.567228390545613,0.999997068196745,0.999983379322086,"group_idyes"
"2348","LINC01123","Exc L4-5 RORB GABRG1",-9.45703148573586e-05,2.45926632265509,3.94873819806063e-06,0.998415520088726,0.999997068196745,0.999983379322086,"group_idyes"
"2349","NPHP1","Exc L4-5 RORB GABRG1",0.0121028863186384,5.3804651655303,0.0737601890824688,0.786084291218325,0.999997068196745,0.999983379322086,"group_idyes"
"2350","SMIM37","Exc L4-5 RORB GABRG1",0.0213607918318461,4.07451771414654,0.0532833368483867,0.817568148160171,0.999997068196745,0.999983379322086,"group_idyes"
"2351","LINC01106","Exc L4-5 RORB GABRG1",-0.0166478259542786,5.3472961518102,0.0456335730147082,0.830956436099364,0.999997068196745,0.999983379322086,"group_idyes"
"2352","ACOXL","Exc L4-5 RORB GABRG1",-0.076736362338123,1.63777560813909,0.393564431119679,0.530803846028772,0.999997068196745,0.999983379322086,"group_idyes"
"2353","MIR4435-2HG","Exc L4-5 RORB GABRG1",-0.0128695037993722,6.36233098987429,0.0727618085323335,0.787501852834964,0.999997068196745,0.999983379322086,"group_idyes"
"2354","BCL2L11","Exc L4-5 RORB GABRG1",0.0772604226323132,0.8016526117158,0.287569605595022,0.592092124514457,0.999997068196745,0.999983379322086,"group_idyes"
"2355","AC017002.5","Exc L4-5 RORB GABRG1",-0.103696701971831,1.3376798454546,0.484085054126032,0.486997821108329,0.999997068196745,0.999983379322086,"group_idyes"
"2356","ANAPC1","Exc L4-5 RORB GABRG1",-0.0238974701260801,6.32592362946917,0.539130320301718,0.463240628272391,0.999997068196745,0.999983379322086,"group_idyes"
"2357","MERTK","Exc L4-5 RORB GABRG1",-0.0330539920961719,5.56943908539526,0.388543314393807,0.533435441126851,0.999997068196745,0.999983379322086,"group_idyes"
"2358","TMEM87B","Exc L4-5 RORB GABRG1",0.028982654638587,4.80707773594512,0.468952193697709,0.828913277299579,0.999997068196745,0.999983379322086,"group_idyes"
"2359","FBLN7","Exc L4-5 RORB GABRG1",-0.080456165634018,5.25722352649478,1.81349385092607,0.178882446248219,0.999997068196745,0.999983379322086,"group_idyes"
"2360","ZC3H8","Exc L4-5 RORB GABRG1",0.000797436779727997,5.97740091055568,0.000840972312187089,0.976880008190408,0.999997068196745,0.999983379322086,"group_idyes"
"2361","ZC3H6","Exc L4-5 RORB GABRG1",-0.00314260195075684,6.44269626725037,0.00709046901086138,0.932937301849272,0.999997068196745,0.999983379322086,"group_idyes"
"2362","RGPD8","Exc L4-5 RORB GABRG1",0.0305767864760259,3.97470176662343,0.440830309187845,0.913318478294007,0.999997068196745,0.999983379322086,"group_idyes"
"2363","TTL","Exc L4-5 RORB GABRG1",-0.030645627547004,5.41722101160025,0.929858396858584,0.466952080934836,0.999997068196745,0.999983379322086,"group_idyes"
"2364","POLR1B","Exc L4-5 RORB GABRG1",-0.0163607120728202,3.33547253940573,0.111464119369019,0.738665273174925,0.999997068196745,0.999983379322086,"group_idyes"
"2365","CHCHD5","Exc L4-5 RORB GABRG1",-0.0629404769531463,1.94662173056761,0.434140206281461,0.510358517375229,0.999997068196745,0.999983379322086,"group_idyes"
"2366","AC079922.2","Exc L4-5 RORB GABRG1",-0.0590745035515221,1.80441402308382,0.282679786466038,0.595256996272556,0.999997068196745,0.999983379322086,"group_idyes"
"2367","SLC20A1","Exc L4-5 RORB GABRG1",-0.0534041988002027,5.86682221295535,1.65211267296995,0.199444819759647,0.999997068196745,0.999983379322086,"group_idyes"
"2368","CKAP2L","Exc L4-5 RORB GABRG1",-0.0714307503075884,0.752190675480979,0.245503296961204,0.620542182778135,0.999997068196745,0.999983379322086,"group_idyes"
"2369","PSD4","Exc L4-5 RORB GABRG1",0.0373271370751045,1.9819421764366,0.138760049797783,0.709721931656974,0.999997068196745,0.999983379322086,"group_idyes"
"2370","PAX8","Exc L4-5 RORB GABRG1",0.198579580954789,1.32887929485181,1.60748221068855,0.205612846057557,0.999997068196745,0.999983379322086,"group_idyes"
"2371","AC016745.2","Exc L4-5 RORB GABRG1",0.10268505014366,0.347840996185314,0.400156761500853,0.527384082144754,0.999997068196745,0.999983379322086,"group_idyes"
"2372","CBWD2","Exc L4-5 RORB GABRG1",0.0244360714739195,4.68688558778964,0.311196683357474,0.629784026551508,0.999997068196745,0.999983379322086,"group_idyes"
"2373","RABL2A","Exc L4-5 RORB GABRG1",-0.056763228474443,5.58634469764737,2.03487014708597,0.154538284035643,0.999997068196745,0.999983379322086,"group_idyes"
"2374","AC017074.1","Exc L4-5 RORB GABRG1",-0.00318271935015788,1.18748892005602,0.000629958158941869,0.979989036879255,0.999997068196745,0.999983379322086,"group_idyes"
"2375","SLC35F5","Exc L4-5 RORB GABRG1",0.0207179639363228,5.73921762947487,0.216747918381483,0.641792523897005,0.999997068196745,0.999983379322086,"group_idyes"
"2376","AC104653.1","Exc L4-5 RORB GABRG1",-0.125795763643545,1.45182125860844,1.38463779357012,0.240040254839706,0.999997068196745,0.999983379322086,"group_idyes"
"2377","AC110769.2","Exc L4-5 RORB GABRG1",-0.0085934192319412,0.989573138553444,0.0050345223116574,0.943470941181371,0.999997068196745,0.999983379322086,"group_idyes"
"2378","ACTR3","Exc L4-5 RORB GABRG1",0.0123073753282786,5.47313567694664,0.14883147261359,0.699867786635961,0.999997068196745,0.999983379322086,"group_idyes"
"2379","DPP10","Exc L4-5 RORB GABRG1",-0.0143586042175252,10.0701295526636,0.143228409051099,0.70530114236983,0.999997068196745,0.999983379322086,"group_idyes"
"2380","DPP10-AS1","Exc L4-5 RORB GABRG1",0.0722242540844664,4.66143880843896,2.53608358674988,0.112091713717336,0.999997068196745,0.999983379322086,"group_idyes"
"2381","AC009312.1","Exc L4-5 RORB GABRG1",0.0684167591246986,1.91981216113955,0.491551766527505,0.483659745442553,0.999997068196745,0.999983379322086,"group_idyes"
"2382","DDX18","Exc L4-5 RORB GABRG1",0.030783531218186,5.53690377656103,0.319220276886182,0.572405901358692,0.999997068196745,0.999983379322086,"group_idyes"
"2383","AC009404.1","Exc L4-5 RORB GABRG1",-0.0260183456824732,2.55788905946126,0.106208297822551,0.744680116108113,0.999997068196745,0.999983379322086,"group_idyes"
"2384","CCDC93","Exc L4-5 RORB GABRG1",-0.00538680550706109,5.99405993802266,0.0291097055488828,0.864615667990999,0.999997068196745,0.999983379322086,"group_idyes"
"2385","AC009303.2","Exc L4-5 RORB GABRG1",-0.0841745980728083,1.73427149886885,0.898502250553795,0.343778630544251,0.999997068196745,0.999983379322086,"group_idyes"
"2386","INSIG2","Exc L4-5 RORB GABRG1",0.0227890775270295,4.91257651171072,0.324834806531808,0.569049143140813,0.999997068196745,0.999983379322086,"group_idyes"
"2387","AC093901.1","Exc L4-5 RORB GABRG1",-0.0588846670360843,0.821370256081872,0.185764631653414,0.666706687633406,0.999997068196745,0.999983379322086,"group_idyes"
"2388","C2orf76","Exc L4-5 RORB GABRG1",0.0286570158707332,3.70107187218023,0.354093671525925,0.762718482719281,0.999997068196745,0.999983379322086,"group_idyes"
"2389","DBI","Exc L4-5 RORB GABRG1",0.0455367677941502,2.95109088441984,0.194113583989286,0.659762191154549,0.999997068196745,0.999983379322086,"group_idyes"
"2390","CFAP221","Exc L4-5 RORB GABRG1",-0.0263669197313045,7.49103394251143,0.493510736879943,0.48279022877338,0.999997068196745,0.999983379322086,"group_idyes"
"2391","TMEM177","Exc L4-5 RORB GABRG1",-0.0870776999918163,2.63564883379283,1.22604802257552,0.268868785228744,0.999997068196745,0.999983379322086,"group_idyes"
"2392","PTPN4","Exc L4-5 RORB GABRG1",0.00463838477047378,8.10305409655428,0.0199938066744639,0.887628391749678,0.999997068196745,0.999983379322086,"group_idyes"
"2393","EPB41L5","Exc L4-5 RORB GABRG1",-0.0213204337100437,5.97863446687849,0.427686708048266,0.513516936427904,0.999997068196745,0.999983379322086,"group_idyes"
"2394","AC012363.1","Exc L4-5 RORB GABRG1",0.0159192525029059,3.26955859632594,0.0554173354836703,0.814016657160374,0.999997068196745,0.999983379322086,"group_idyes"
"2395","RALB","Exc L4-5 RORB GABRG1",-0.050697777157507,4.57716988984459,1.23532723469215,0.267067595655143,0.999997068196745,0.999983379322086,"group_idyes"
"2396","GLI2","Exc L4-5 RORB GABRG1",-0.0648992695496331,1.15490799599709,0.339639928307188,0.560378550063292,0.999997068196745,0.999983379322086,"group_idyes"
"2397","TFCP2L1","Exc L4-5 RORB GABRG1",-0.0292337222374676,0.0959174757244601,0.0295741696866984,0.863550418635466,0.999997068196745,0.999983379322086,"group_idyes"
"2398","CLASP1","Exc L4-5 RORB GABRG1",0.00203132425623605,8.41564643542027,0.0036112070058131,0.952112513524826,0.999997068196745,0.999983379322086,"group_idyes"
"2399","AC012447.1","Exc L4-5 RORB GABRG1",-0.0389618611745551,0.209955563497835,0.0420357871588241,0.837659999055706,0.999997068196745,0.999983379322086,"group_idyes"
"2400","NIFK-AS1","Exc L4-5 RORB GABRG1",-0.00551238532991293,5.43244606326315,0.019866412639207,0.887984583424963,0.999997068196745,0.999983379322086,"group_idyes"
"2401","NIFK","Exc L4-5 RORB GABRG1",5.68360746531306e-05,3.54270941123827,9.24119216784021e-07,0.999233483007184,0.999997068196745,0.999983379322086,"group_idyes"
"2402","TSN","Exc L4-5 RORB GABRG1",0.00708890418446412,4.99318840593438,0.0410543962746142,0.839540066556841,0.999997068196745,0.999983379322086,"group_idyes"
"2403","AC079154.1","Exc L4-5 RORB GABRG1",0.131771906894746,1.8845633548142,1.70803011717782,0.192021767580125,0.999997068196745,0.999983379322086,"group_idyes"
"2404","CNTNAP5","Exc L4-5 RORB GABRG1",0.0457809051318062,9.32801350703988,0.816837473938237,0.366671992508201,0.999997068196745,0.999983379322086,"group_idyes"
"2405","GYPC","Exc L4-5 RORB GABRG1",0.263172539058444,0.859320635475786,3.24865867026983,0.0722644557890973,0.999997068196745,0.999983379322086,"group_idyes"
"2406","AC012508.2","Exc L4-5 RORB GABRG1",-0.240012526673528,0.309052670282719,1.70628333057139,0.192248694129157,0.999997068196745,0.999983379322086,"group_idyes"
"2407","AC012508.1","Exc L4-5 RORB GABRG1",0.0392462578207436,1.62456773856429,0.191087272288209,0.662258485818278,0.999997068196745,0.999983379322086,"group_idyes"
"2408","BIN1","Exc L4-5 RORB GABRG1",0.00100211879016124,6.56640757034001,0.000468257630604555,0.98274693317318,0.999997068196745,0.999983379322086,"group_idyes"
"2409","CYP27C1","Exc L4-5 RORB GABRG1",0.122476187968416,1.36268445515265,1.32924025303511,0.249656233368423,0.999997068196745,0.999983379322086,"group_idyes"
"2410","ERCC3","Exc L4-5 RORB GABRG1",0.0092131249219688,5.23939946880624,0.109679810137347,0.740689270479318,0.999997068196745,0.999983379322086,"group_idyes"
"2411","MAP3K2","Exc L4-5 RORB GABRG1",-0.0187798300684566,6.835711979823,0.447984938735499,0.503694884771215,0.999997068196745,0.999983379322086,"group_idyes"
"2412","AC068282.1","Exc L4-5 RORB GABRG1",0.020580631716722,2.00350959524821,0.0638140657888718,0.800701064261871,0.999997068196745,0.999983379322086,"group_idyes"
"2413","IWS1","Exc L4-5 RORB GABRG1",-0.0230375021256974,6.06776786350563,0.381167198195661,0.53734446042952,0.999997068196745,0.999983379322086,"group_idyes"
"2414","AC010976.1","Exc L4-5 RORB GABRG1",-0.129766659849164,1.88207662266532,0.909338773398463,0.340888661852189,0.999997068196745,0.999983379322086,"group_idyes"
"2415","WDR33","Exc L4-5 RORB GABRG1",0.0339648316847347,6.77962345402586,1.61700877833717,0.464233214445613,0.999997068196745,0.999983379322086,"group_idyes"
"2416","SFT2D3","Exc L4-5 RORB GABRG1",0.0820606905028625,1.80761880339413,0.825723414160665,0.36408093787989,0.999997068196745,0.999983379322086,"group_idyes"
"2417","POLR2D","Exc L4-5 RORB GABRG1",-0.020863903930631,3.9975337536285,0.231402721096147,0.821250214089291,0.999997068196745,0.999983379322086,"group_idyes"
"2418","AMMECR1L","Exc L4-5 RORB GABRG1",-0.056015547475728,3.6773299753273,1.65678553826604,0.198811731676364,0.999997068196745,0.999983379322086,"group_idyes"
"2419","AC012306.2","Exc L4-5 RORB GABRG1",0.10009108062356,1.55693250459087,0.875629391715501,0.349988534133102,0.999997068196745,0.999983379322086,"group_idyes"
"2420","SAP130","Exc L4-5 RORB GABRG1",-0.0147328086763403,5.17890744321358,0.144287915389933,0.70426451184653,0.999997068196745,0.999983379322086,"group_idyes"
"2421","UGGT1","Exc L4-5 RORB GABRG1",0.000953385235815569,5.62759080388636,0.00125644357466378,0.971742211171401,0.999997068196745,0.999983379322086,"group_idyes"
"2422","HS6ST1","Exc L4-5 RORB GABRG1",0.0691535823152826,6.02741303571193,3.18042258469297,0.0753136644454981,0.999997068196745,0.999983379322086,"group_idyes"
"2423","LINC02572","Exc L4-5 RORB GABRG1",-0.0520865355262894,0.776073942458547,0.145919982845354,0.70267617219942,0.999997068196745,0.999983379322086,"group_idyes"
"2424","CCDC74B","Exc L4-5 RORB GABRG1",-0.0267141572269307,1.59541776922203,0.0691628454083818,0.792700376930007,0.999997068196745,0.999983379322086,"group_idyes"
"2425","SMPD4","Exc L4-5 RORB GABRG1",-0.026730872871813,5.67062794437374,0.468911573152388,0.493900640981992,0.999997068196745,0.999983379322086,"group_idyes"
"2426","MZT2B","Exc L4-5 RORB GABRG1",0.0197214911140508,5.28321690507266,0.0741324793474977,0.785558329491204,0.999997068196745,0.999983379322086,"group_idyes"
"2427","CCDC115","Exc L4-5 RORB GABRG1",-0.0188196426574618,4.02375917583098,0.0494990591277686,0.824055313904404,0.999997068196745,0.999983379322086,"group_idyes"
"2428","IMP4","Exc L4-5 RORB GABRG1",-0.00795827990622505,3.56394313283285,0.0093958424519576,0.922830748456915,0.999997068196745,0.999983379322086,"group_idyes"
"2429","PTPN18","Exc L4-5 RORB GABRG1",0.00150561808454411,5.04039750402838,0.00145949341679133,0.969545391712338,0.999997068196745,0.999983379322086,"group_idyes"
"2430","AC013269.2","Exc L4-5 RORB GABRG1",-0.120158504961083,0.831582078539265,0.795000013589585,0.373149791414908,0.999997068196745,0.999983379322086,"group_idyes"
"2431","CFC1","Exc L4-5 RORB GABRG1",0.0173343555077802,1.24122520764206,0.0167121098372172,0.897207351290444,0.999997068196745,0.999983379322086,"group_idyes"
"2432","AC140481.1","Exc L4-5 RORB GABRG1",-0.0999770021904328,1.94426368066657,1.36170529876161,0.270166559677999,0.999997068196745,0.999983379322086,"group_idyes"
"2433","AMER3","Exc L4-5 RORB GABRG1",-0.0216823330376008,4.01715791478803,0.251474650956678,0.616325461139859,0.999997068196745,0.999983379322086,"group_idyes"
"2434","ARHGEF4","Exc L4-5 RORB GABRG1",0.0260576943317508,6.48020842981701,0.844281325407587,0.358750874878576,0.999997068196745,0.999983379322086,"group_idyes"
"2435","FAM168B","Exc L4-5 RORB GABRG1",0.0175264219274424,6.50332195196503,0.31054442540709,0.577670352517168,0.999997068196745,0.999983379322086,"group_idyes"
"2436","PLEKHB2","Exc L4-5 RORB GABRG1",0.0395277564802237,6.24586891458161,0.640623779102871,0.423978964236056,0.999997068196745,0.999983379322086,"group_idyes"
"2437","MZT2A","Exc L4-5 RORB GABRG1",0.0190367157844282,4.94971366808916,0.196684851610522,0.748789667258837,0.999997068196745,0.999983379322086,"group_idyes"
"2438","CCDC74A","Exc L4-5 RORB GABRG1",-0.00536642028194758,2.67819270861889,0.00544694892762032,0.978314850991278,0.999997068196745,0.999983379322086,"group_idyes"
"2439","C2orf27B","Exc L4-5 RORB GABRG1",0.209068493304523,0.876504213855409,2.92540765801805,0.0994609467361896,0.999997068196745,0.999983379322086,"group_idyes"
"2440","AJ239322.1","Exc L4-5 RORB GABRG1",-0.274505010791273,1.41662066912041,2.31771510852624,0.128729269248862,0.999997068196745,0.999983379322086,"group_idyes"
"2441","LINC01945","Exc L4-5 RORB GABRG1",-0.139100429437532,1.55260431050211,0.601061994320657,0.438649372009979,0.999997068196745,0.999983379322086,"group_idyes"
"2442","ANKRD30BL","Exc L4-5 RORB GABRG1",0.0721218393390632,7.08106403694493,0.930790241622104,0.335263693227049,0.999997068196745,0.999983379322086,"group_idyes"
"2443","AC097532.2","Exc L4-5 RORB GABRG1",0.0255807009181474,1.38520597003028,0.041127670291948,0.839398891212823,0.999997068196745,0.999983379322086,"group_idyes"
"2444","GPR39","Exc L4-5 RORB GABRG1",-0.110480864037641,3.34464004975405,1.42047236095343,0.234060330681108,0.999997068196745,0.999983379322086,"group_idyes"
"2445","NCKAP5","Exc L4-5 RORB GABRG1",-0.162766395340637,3.16512997459983,3.17725085164386,0.0754587299414032,0.999997068196745,0.999983379322086,"group_idyes"
"2446","AC010890.1","Exc L4-5 RORB GABRG1",-0.134244787085609,1.33047314561989,0.675627653355698,0.411605504204199,0.999997068196745,0.999983379322086,"group_idyes"
"2447","MGAT5","Exc L4-5 RORB GABRG1",-0.0307864680870854,6.96001684345125,0.762343719743602,0.383140677851144,0.999997068196745,0.999983379322086,"group_idyes"
"2448","TMEM163","Exc L4-5 RORB GABRG1",-0.0548480052529738,5.57113028279298,0.990908646853855,0.32014605557486,0.999997068196745,0.999983379322086,"group_idyes"
"2449","CCNT2-AS1","Exc L4-5 RORB GABRG1",-0.0215625010230086,6.21048370683625,0.16070452459797,0.688731242450186,0.999997068196745,0.999983379322086,"group_idyes"
"2450","ACMSD","Exc L4-5 RORB GABRG1",0.0637059380794271,2.33724999043255,0.207967124028445,0.64862274463212,0.999997068196745,0.999983379322086,"group_idyes"
"2451","CCNT2","Exc L4-5 RORB GABRG1",0.00869236084329094,5.95184953663119,0.0844578387504575,0.771501377052662,0.999997068196745,0.999983379322086,"group_idyes"
"2452","MAP3K19","Exc L4-5 RORB GABRG1",-0.0312217718670401,1.6617816342749,0.053178254293486,0.817744950860761,0.999997068196745,0.999983379322086,"group_idyes"
"2453","RAB3GAP1","Exc L4-5 RORB GABRG1",0.0132355206412886,7.49652010163164,0.179366696503933,0.672154721326176,0.999997068196745,0.999983379322086,"group_idyes"
"2454","ZRANB3","Exc L4-5 RORB GABRG1",0.00444679734143309,6.76537090905054,0.0150041609889337,0.902573757069842,0.999997068196745,0.999983379322086,"group_idyes"
"2455","R3HDM1","Exc L4-5 RORB GABRG1",0.0215106976134493,10.0544507493923,0.48209485762096,0.487894014624057,0.999997068196745,0.999983379322086,"group_idyes"
"2456","UBXN4","Exc L4-5 RORB GABRG1",-0.00132000319640616,6.63115516600195,0.00349453532166806,0.952891526639434,0.999997068196745,0.999983379322086,"group_idyes"
"2457","LCT","Exc L4-5 RORB GABRG1",-0.249157091591258,0.129939550904786,2.02104208679378,0.155942752720075,0.999997068196745,0.999983379322086,"group_idyes"
"2458","MCM6","Exc L4-5 RORB GABRG1",0.0752174107544252,3.40531476247395,1.48248193020571,0.295534677992639,0.999997068196745,0.999983379322086,"group_idyes"
"2459","DARS","Exc L4-5 RORB GABRG1",-0.00392094160152213,5.51826849571888,0.0161714341650605,0.966233701061162,0.999997068196745,0.999983379322086,"group_idyes"
"2460","THSD7B","Exc L4-5 RORB GABRG1",-0.0214865672715457,2.70932235985773,0.0661728919333708,0.797130318441341,0.999997068196745,0.999983379322086,"group_idyes"
"2461","HNMT","Exc L4-5 RORB GABRG1",-0.0849659567744425,5.0164140035567,3.46551462525061,0.0634233773164098,0.999997068196745,0.999983379322086,"group_idyes"
"2462","AC114763.1","Exc L4-5 RORB GABRG1",0.0880353323987121,1.9269747133703,0.684731390097185,0.408475193686459,0.999997068196745,0.999983379322086,"group_idyes"
"2463","SPOPL","Exc L4-5 RORB GABRG1",-0.0422078389043098,5.73027378186344,1.92917555418861,0.16565213451207,0.999997068196745,0.999983379322086,"group_idyes"
"2464","AC092620.1","Exc L4-5 RORB GABRG1",0.0352869630748766,0.89494569751484,0.0721007339943567,0.788446237167522,0.999997068196745,0.999983379322086,"group_idyes"
"2465","NXPH2","Exc L4-5 RORB GABRG1",-0.044476743015932,0.570773795787791,0.0719419192276768,0.788673804455958,0.999997068196745,0.999983379322086,"group_idyes"
"2466","LRP1B","Exc L4-5 RORB GABRG1",-0.039859637647701,10.3463479532187,0.704586518469119,0.401768109178399,0.999997068196745,0.999983379322086,"group_idyes"
"2467","KYNU","Exc L4-5 RORB GABRG1",0.215675161008807,0.506132857824288,2.19435214091156,0.139335955697707,0.999997068196745,0.999983379322086,"group_idyes"
"2468","ARHGAP15","Exc L4-5 RORB GABRG1",-0.0223304932431105,3.01311841735938,0.0371788655326902,0.847203078580583,0.999997068196745,0.999983379322086,"group_idyes"
"2469","AC096558.2","Exc L4-5 RORB GABRG1",-0.193220242278089,2.06489941077801,1.11582701143456,0.291481631087192,0.999997068196745,0.999983379322086,"group_idyes"
"2470","AC079793.1","Exc L4-5 RORB GABRG1",-0.00201137388665105,0.504054979721112,0.000161084489020471,0.989880174461033,0.999997068196745,0.999983379322086,"group_idyes"
"2471","AC092652.1","Exc L4-5 RORB GABRG1",0.0630519804582353,0.72740375869192,0.112496498898394,0.737502428296035,0.999997068196745,0.999983379322086,"group_idyes"
"2472","AC092652.2","Exc L4-5 RORB GABRG1",-0.0109366534436556,2.36791145924069,0.00561305562626597,0.94031704211532,0.999997068196745,0.999983379322086,"group_idyes"
"2473","AC079584.2","Exc L4-5 RORB GABRG1",0.0559052583361195,0.348248770921492,0.0815658754895312,0.775340193001138,0.999997068196745,0.999983379322086,"group_idyes"
"2474","AC079584.1","Exc L4-5 RORB GABRG1",0.110168303486111,0.200565748102791,0.292736728924704,0.588785214561578,0.999997068196745,0.999983379322086,"group_idyes"
"2475","AC016910.1","Exc L4-5 RORB GABRG1",0.0485120388580604,1.93548983575673,0.167646478181563,0.6824398432563,0.999997068196745,0.999983379322086,"group_idyes"
"2476","GTDC1","Exc L4-5 RORB GABRG1",-0.017101385218274,8.69391370640547,0.298959197918408,0.584852622703997,0.999997068196745,0.999983379322086,"group_idyes"
"2477","ZEB2","Exc L4-5 RORB GABRG1",0.0013546663191112,7.65846550910062,0.00104236209532638,0.974261008933708,0.999997068196745,0.999983379322086,"group_idyes"
"2478","ZEB2-AS1","Exc L4-5 RORB GABRG1",0.178726656958706,0.499831851325248,1.44067521079866,0.230768651276076,0.999997068196745,0.999983379322086,"group_idyes"
"2479","TEX41","Exc L4-5 RORB GABRG1",-0.0547027005341618,4.10973647197514,0.40432359235928,0.525242837427666,0.999997068196745,0.999983379322086,"group_idyes"
"2480","ACVR2A","Exc L4-5 RORB GABRG1",0.0107551462336501,6.13850177431358,0.115566683740201,0.734078945957717,0.999997068196745,0.999983379322086,"group_idyes"
"2481","ORC4","Exc L4-5 RORB GABRG1",-0.002105418858165,6.6699160864443,0.00736700463571541,0.931645208373726,0.999997068196745,0.999983379322086,"group_idyes"
"2482","MBD5","Exc L4-5 RORB GABRG1",-0.00947690714654228,9.00100475828402,0.0864551183524936,0.768891624818999,0.999997068196745,0.999983379322086,"group_idyes"
"2483","EPC2","Exc L4-5 RORB GABRG1",0.0126445930081224,6.79300808946014,0.0879648033080079,0.766940653071363,0.999997068196745,0.999983379322086,"group_idyes"
"2484","AC105402.3","Exc L4-5 RORB GABRG1",0.247280267634375,7.48128323309793,2.34831526838906,0.126240342059364,0.999997068196745,0.999983379322086,"group_idyes"
"2485","KIF5C","Exc L4-5 RORB GABRG1",-0.0220371434838046,8.66771183314976,0.57166068491876,0.450062449703022,0.999997068196745,0.999983379322086,"group_idyes"
"2486","LYPD6B","Exc L4-5 RORB GABRG1",0.00314262078410363,6.45360251695533,0.00185825629935521,0.965638206576643,0.999997068196745,0.999983379322086,"group_idyes"
"2487","LYPD6","Exc L4-5 RORB GABRG1",0.0320619096484168,1.68964651661979,0.0630058810238113,0.80194059722322,0.999997068196745,0.999983379322086,"group_idyes"
"2488","MMADHC","Exc L4-5 RORB GABRG1",0.0426309571481561,4.01547222461137,0.57965378900737,0.446914472113162,0.999997068196745,0.999983379322086,"group_idyes"
"2489","AC007364.1","Exc L4-5 RORB GABRG1",-0.0433733678576247,4.57723037500013,0.509281708977051,0.475882645716531,0.999997068196745,0.999983379322086,"group_idyes"
"2490","LINC01931","Exc L4-5 RORB GABRG1",0.0430672554855353,0.876387121299532,0.0932278619015145,0.760278142434821,0.999997068196745,0.999983379322086,"group_idyes"
"2491","LINC01818","Exc L4-5 RORB GABRG1",0.10801140604687,1.10476322643537,0.735175857305742,0.391744410670345,0.999997068196745,0.999983379322086,"group_idyes"
"2492","RND3","Exc L4-5 RORB GABRG1",-0.137750976132403,0.48161667261644,0.774832663167067,0.379275681010415,0.999997068196745,0.999983379322086,"group_idyes"
"2493","TNFAIP6","Exc L4-5 RORB GABRG1",-0.141753918071828,0.560408313413317,0.95864669842181,0.328143345863857,0.999997068196745,0.999983379322086,"group_idyes"
"2494","RIF1","Exc L4-5 RORB GABRG1",0.0708421705879572,6.69238390926677,5.80296055309471,0.0164683881380375,0.999997068196745,0.999983379322086,"group_idyes"
"2495","NEB","Exc L4-5 RORB GABRG1",0.074765159746279,2.38986276658702,0.622265301424003,0.430692551129223,0.999997068196745,0.999983379322086,"group_idyes"
"2496","ARL5A","Exc L4-5 RORB GABRG1",0.0625877980944637,4.68708518671113,1.9387677864979,0.16460661959735,0.999997068196745,0.999983379322086,"group_idyes"
"2497","AC068547.1","Exc L4-5 RORB GABRG1",0.0218654480016508,0.645090524398671,0.0242466261824938,0.992523894423537,0.999997068196745,0.999983379322086,"group_idyes"
"2498","CACNB4","Exc L4-5 RORB GABRG1",-0.0330527789042191,8.31348320992138,0.562179432546574,0.453841685913262,0.999997068196745,0.999983379322086,"group_idyes"
"2499","AC079790.1","Exc L4-5 RORB GABRG1",0.0488801720304143,2.66532378803269,0.581404330830968,0.756241621131011,0.999997068196745,0.999983379322086,"group_idyes"
"2500","STAM2","Exc L4-5 RORB GABRG1",-4.42870235995351e-05,5.6080719236299,2.56887267687941e-06,0.998722005582279,0.999997068196745,0.999983379322086,"group_idyes"
"2501","FMNL2","Exc L4-5 RORB GABRG1",-0.0137927197296082,9.0464499138751,0.158434565758323,0.690822660980696,0.999997068196745,0.999983379322086,"group_idyes"
"2502","PRPF40A","Exc L4-5 RORB GABRG1",0.0379205403684127,6.23127704481195,2.46291713092226,0.208103250318369,0.999997068196745,0.999983379322086,"group_idyes"
"2503","ARL6IP6","Exc L4-5 RORB GABRG1",0.0034002607548294,4.73100550955508,0.00797823456526982,0.928873312836029,0.999997068196745,0.999983379322086,"group_idyes"
"2504","RPRM","Exc L4-5 RORB GABRG1",0.173854419264714,0.947440072896095,0.96702733619762,0.326040673681442,0.999997068196745,0.999983379322086,"group_idyes"
"2505","GALNT13","Exc L4-5 RORB GABRG1",0.0185325665678805,6.41409670726983,0.16194815439731,0.687592692796858,0.999997068196745,0.999983379322086,"group_idyes"
"2506","KCNJ3","Exc L4-5 RORB GABRG1",0.0158114974233648,8.44872239172234,0.159975079881176,0.689401434559965,0.999997068196745,0.999983379322086,"group_idyes"
"2507","LINC01876","Exc L4-5 RORB GABRG1",0.0725937608212777,1.80795399419337,0.16787167671802,0.682238315305832,0.999997068196745,0.999983379322086,"group_idyes"
"2508","NR4A2","Exc L4-5 RORB GABRG1",0.0107832575564512,2.11999459340848,0.0134360298994739,0.907781265183972,0.999997068196745,0.999983379322086,"group_idyes"
"2509","GPD2","Exc L4-5 RORB GABRG1",-0.0125565977625381,4.87043558646844,0.109175823358985,0.741264264223963,0.999997068196745,0.999983379322086,"group_idyes"
"2510","ERMN","Exc L4-5 RORB GABRG1",-0.0467935889397516,1.1841515216789,0.101094093629255,0.750693115849011,0.999997068196745,0.999983379322086,"group_idyes"
"2511","ACVR1C","Exc L4-5 RORB GABRG1",0.108854824010609,2.9805164133502,1.2375703239721,0.266634455166501,0.999997068196745,0.999983379322086,"group_idyes"
"2512","AC019186.1","Exc L4-5 RORB GABRG1",-0.112512181075415,0.902756125581277,0.869632478858736,0.428412337036957,0.999997068196745,0.999983379322086,"group_idyes"
"2513","ACVR1","Exc L4-5 RORB GABRG1",-0.0261567933017555,3.96088656287139,0.231690685180921,0.88440259121847,0.999997068196745,0.999983379322086,"group_idyes"
"2514","UPP2","Exc L4-5 RORB GABRG1",0.0126319478296041,6.34762148500212,0.0496260638974312,0.823833452653719,0.999997068196745,0.999983379322086,"group_idyes"
"2515","CCDC148-AS1","Exc L4-5 RORB GABRG1",0.00812213463665476,1.13746006012198,0.00281230187313965,0.957734620771067,0.999997068196745,0.999983379322086,"group_idyes"
"2516","CCDC148","Exc L4-5 RORB GABRG1",-0.0526794562640715,4.90329640802348,0.874950106227181,0.350175283848689,0.999997068196745,0.999983379322086,"group_idyes"
"2517","PKP4","Exc L4-5 RORB GABRG1",0.0270855468650047,7.78399743984044,0.591692294800602,0.442237437666114,0.999997068196745,0.999983379322086,"group_idyes"
"2518","PKP4-AS1","Exc L4-5 RORB GABRG1",0.0315038277147055,0.661423630787505,0.041221306368684,0.839218675212452,0.999997068196745,0.999983379322086,"group_idyes"
"2519","DAPL1","Exc L4-5 RORB GABRG1",-0.0159105492309553,0.721782730274203,0.0149185212559316,0.902850808983352,0.999997068196745,0.999983379322086,"group_idyes"
"2520","TANC1","Exc L4-5 RORB GABRG1",-0.253359471326681,3.78906985090824,3.60885584729325,0.0582201973961623,0.999997068196745,0.999983379322086,"group_idyes"
"2521","WDSUB1","Exc L4-5 RORB GABRG1",-0.0647533675665402,5.89368010612668,4.26515791103321,0.0395709861323727,0.999997068196745,0.999983379322086,"group_idyes"
"2522","BAZ2B","Exc L4-5 RORB GABRG1",0.0183159860919576,7.23943600068722,0.184869236923456,0.667462387342087,0.999997068196745,0.999983379322086,"group_idyes"
"2523","AC009961.1","Exc L4-5 RORB GABRG1",-0.0589706398801758,4.56241326981743,1.5283879252591,0.217108769179863,0.999997068196745,0.999983379322086,"group_idyes"
"2524","MARCH7","Exc L4-5 RORB GABRG1",-0.0294400922171789,6.28973423780583,1.04258236444204,0.307863265298041,0.999997068196745,0.999983379322086,"group_idyes"
"2525","PLA2R1","Exc L4-5 RORB GABRG1",0.039528569483248,4.58302586078294,0.424733348965162,0.514973715267189,0.999997068196745,0.999983379322086,"group_idyes"
"2526","LINC02478","Exc L4-5 RORB GABRG1",0.0247509507421363,1.43922786217355,0.0541903532281794,0.857958816250382,0.999997068196745,0.999983379322086,"group_idyes"
"2527","RBMS1","Exc L4-5 RORB GABRG1",-0.0363929307526575,6.6069456763396,0.616005355783073,0.433018623007448,0.999997068196745,0.999983379322086,"group_idyes"
"2528","AC009313.1","Exc L4-5 RORB GABRG1",0.30718113115629,0.678442216728926,4.029251108454,0.0454167445165817,0.999997068196745,0.999983379322086,"group_idyes"
"2529","TANK","Exc L4-5 RORB GABRG1",0.00931067824067649,6.21966492395413,0.0770432909592254,0.781494061881045,0.999997068196745,0.999983379322086,"group_idyes"
"2530","AC009299.3","Exc L4-5 RORB GABRG1",-0.0184959963282151,1.21892207220506,0.0289388858668937,0.894705527635069,0.999997068196745,0.999983379322086,"group_idyes"
"2531","PSMD14","Exc L4-5 RORB GABRG1",-0.0296014167444203,6.13549963803926,1.05789784733767,0.461599551292169,0.999997068196745,0.999983379322086,"group_idyes"
"2532","TBR1","Exc L4-5 RORB GABRG1",-0.00555060316792646,4.10558891229679,0.00776931704918265,0.929808302047451,0.999997068196745,0.999983379322086,"group_idyes"
"2533","SLC4A10","Exc L4-5 RORB GABRG1",0.0108321968127564,9.52869634509637,0.124643422367936,0.724245244677298,0.999997068196745,0.999983379322086,"group_idyes"
"2534","DPP4","Exc L4-5 RORB GABRG1",-0.0422123457544449,5.13446307034957,0.392963324605269,0.531117653228696,0.999997068196745,0.999983379322086,"group_idyes"
"2535","AC007750.1","Exc L4-5 RORB GABRG1",0.265116812972492,0.723100798856329,4.41886961866116,0.0361930756124378,0.999997068196745,0.999983379322086,"group_idyes"
"2536","FAP","Exc L4-5 RORB GABRG1",0.085555485813528,6.05046459191747,2.23309646832107,0.135902598662694,0.999997068196745,0.999983379322086,"group_idyes"
"2537","IFIH1","Exc L4-5 RORB GABRG1",-0.141513497989814,1.0223064044494,0.994228218023035,0.319337863719085,0.999997068196745,0.999983379322086,"group_idyes"
"2538","GCA","Exc L4-5 RORB GABRG1",0.00141716692038493,3.94632476530661,0.000699768027421335,0.97890963377514,0.999997068196745,0.999983379322086,"group_idyes"
"2539","KCNH7","Exc L4-5 RORB GABRG1",0.155385633951276,6.7419704799605,2.00499235193722,0.157591144371485,0.999997068196745,0.999983379322086,"group_idyes"
"2540","AC011900.1","Exc L4-5 RORB GABRG1",0.340934925659301,0.673989473760257,4.03102101478693,0.0453696387142341,0.999997068196745,0.999983379322086,"group_idyes"
"2541","FIGN","Exc L4-5 RORB GABRG1",0.0492641383690499,4.98459584024332,0.330269675733069,0.565836224311245,0.999997068196745,0.999983379322086,"group_idyes"
"2542","AC016766.1","Exc L4-5 RORB GABRG1",0.0632785816900918,1.6215547206852,0.380353404826162,0.822925045758925,0.999997068196745,0.999983379322086,"group_idyes"
"2543","GRB14","Exc L4-5 RORB GABRG1",0.0324395800193305,3.2240779945602,0.172821899491442,0.677847752121702,0.999997068196745,0.999983379322086,"group_idyes"
"2544","COBLL1","Exc L4-5 RORB GABRG1",0.0441165093986031,8.04899897921534,0.975443729245567,0.323946991585337,0.999997068196745,0.999983379322086,"group_idyes"
"2545","AC019197.1","Exc L4-5 RORB GABRG1",0.00327672978006338,5.5850958125457,0.00378085904185069,0.951001950991716,0.999997068196745,0.999983379322086,"group_idyes"
"2546","SLC38A11","Exc L4-5 RORB GABRG1",0.0631792058788715,7.86665308022784,1.50251967295345,0.221033869120586,0.999997068196745,0.999983379322086,"group_idyes"
"2547","SCN3A","Exc L4-5 RORB GABRG1",0.0164909230597079,8.18964362695201,0.197363313154408,0.657107356193466,0.999997068196745,0.999983379322086,"group_idyes"
"2548","SCN2A","Exc L4-5 RORB GABRG1",0.0270282111494679,9.0809514881366,1.68410302884175,0.195157671010266,0.999997068196745,0.999983379322086,"group_idyes"
"2549","CSRNP3","Exc L4-5 RORB GABRG1",0.000499291257762849,8.68655658097116,0.000460762414911673,0.982885550287624,0.999997068196745,0.999983379322086,"group_idyes"
"2550","GALNT3","Exc L4-5 RORB GABRG1",0.102617701521516,2.91205497457499,1.60793717975577,0.205548840443145,0.999997068196745,0.999983379322086,"group_idyes"
"2551","AC009495.1","Exc L4-5 RORB GABRG1",0.0881805282591747,2.60659296079254,0.560498704807053,0.454516822712903,0.999997068196745,0.999983379322086,"group_idyes"
"2552","TTC21B","Exc L4-5 RORB GABRG1",0.00159443540486248,7.01662954152064,0.00250722834733433,0.960090813244496,0.999997068196745,0.999983379322086,"group_idyes"
"2553","AC010127.1","Exc L4-5 RORB GABRG1",0.108068939607289,7.29024270799738,2.69055272813115,0.101762088805936,0.999997068196745,0.999983379322086,"group_idyes"
"2554","SCN1A","Exc L4-5 RORB GABRG1",0.0394613392929103,9.11541812769383,1.52195431967929,0.218077119665405,0.999997068196745,0.999983379322086,"group_idyes"
"2555","SCN9A","Exc L4-5 RORB GABRG1",0.0889664144963839,3.62875888053439,0.697922636530065,0.404001100176896,0.999997068196745,0.999983379322086,"group_idyes"
"2556","SCN7A","Exc L4-5 RORB GABRG1",0.00561920082240542,2.88443110111016,0.00237348176846028,0.961168998981074,0.999997068196745,0.999983379322086,"group_idyes"
"2557","XIRP2","Exc L4-5 RORB GABRG1",0.0389628742732388,1.73464069862954,0.130506269471917,0.718105995762345,0.999997068196745,0.999983379322086,"group_idyes"
"2558","AC073050.1","Exc L4-5 RORB GABRG1",0.0170419554964556,8.34029251550244,0.143238655564533,0.705291096123697,0.999997068196745,0.999983379322086,"group_idyes"
"2559","AC016723.1","Exc L4-5 RORB GABRG1",-0.012292681328604,3.44775539778753,0.012497497538914,0.911046467517807,0.999997068196745,0.999983379322086,"group_idyes"
"2560","B3GALT1","Exc L4-5 RORB GABRG1",0.0573233657851856,3.27613228951304,0.853047576462254,0.356270509195209,0.999997068196745,0.999983379322086,"group_idyes"
"2561","STK39","Exc L4-5 RORB GABRG1",0.0110308893954153,6.29739035664194,0.0673670027328611,0.795348550364848,0.999997068196745,0.999983379322086,"group_idyes"
"2562","CERS6","Exc L4-5 RORB GABRG1",0.0553489529625319,8.04812016799727,2.16105475059375,0.142364799061631,0.999997068196745,0.999983379322086,"group_idyes"
"2563","NOSTRIN","Exc L4-5 RORB GABRG1",0.12644434245734,0.378639769947573,0.490564979521303,0.484098724533361,0.999997068196745,0.999983379322086,"group_idyes"
"2564","SPC25","Exc L4-5 RORB GABRG1",-0.0827934903939504,0.834668109716675,0.339183886954665,0.560641823609573,0.999997068196745,0.999983379322086,"group_idyes"
"2565","LRP2","Exc L4-5 RORB GABRG1",-0.160347005837817,1.16873596708468,1.37320123031058,0.241987793900248,0.999997068196745,0.999983379322086,"group_idyes"
"2566","FASTKD1","Exc L4-5 RORB GABRG1",-0.028161687520765,6.54516762779306,0.991216436822061,0.320071006844046,0.999997068196745,0.999983379322086,"group_idyes"
"2567","PPIG","Exc L4-5 RORB GABRG1",0.0181780465150682,7.13450521715111,0.382668661810342,0.536544531916679,0.999997068196745,0.999983379322086,"group_idyes"
"2568","CCDC173","Exc L4-5 RORB GABRG1",-0.00533306035541375,2.63008272391327,0.00444751753156629,0.946863367710377,0.999997068196745,0.999983379322086,"group_idyes"
"2569","KLHL23","Exc L4-5 RORB GABRG1",-0.0321982743748515,6.19366179434302,1.24644983179478,0.26492840706804,0.999997068196745,0.999983379322086,"group_idyes"
"2570","SSB","Exc L4-5 RORB GABRG1",0.012450509491626,5.59924566701717,0.0375434559125657,0.846465020324304,0.999997068196745,0.999983379322086,"group_idyes"
"2571","METTL5","Exc L4-5 RORB GABRG1",0.0239298317666271,3.98863109757845,0.240863741020277,0.841966928551169,0.999997068196745,0.999983379322086,"group_idyes"
"2572","UBR3","Exc L4-5 RORB GABRG1",-0.0299382705319246,8.12548914973114,1.03368658770248,0.309933298824951,0.999997068196745,0.999983379322086,"group_idyes"
"2573","MYO3B","Exc L4-5 RORB GABRG1",0.0106438008030505,1.57423625661411,0.0111504018041017,0.945558550383621,0.999997068196745,0.999983379322086,"group_idyes"
"2574","AC012594.1","Exc L4-5 RORB GABRG1",-0.28729806034087,0.2577249456034,2.69122023856142,0.101719788830507,0.999997068196745,0.999983379322086,"group_idyes"
"2575","AC007277.1","Exc L4-5 RORB GABRG1",-0.0222016107354894,0.887181699042544,0.0272199523525124,0.869042673794069,0.999997068196745,0.999983379322086,"group_idyes"
"2576","AC007405.1","Exc L4-5 RORB GABRG1",-0.0424976104162,1.74536638658406,0.16772814987693,0.682366737798883,0.999997068196745,0.999983379322086,"group_idyes"
"2577","AC007405.3","Exc L4-5 RORB GABRG1",0.046159254310281,1.03417691404809,0.143889854808103,0.704653465583046,0.999997068196745,0.999983379322086,"group_idyes"
"2578","ERICH2","Exc L4-5 RORB GABRG1",-0.0689466725520835,1.17876469298827,0.383802396858166,0.53594195375477,0.999997068196745,0.999983379322086,"group_idyes"
"2579","GAD1","Exc L4-5 RORB GABRG1",-0.173726896130506,1.68539024058596,1.86858257946537,0.172435701730323,0.999997068196745,0.999983379322086,"group_idyes"
"2580","GORASP2","Exc L4-5 RORB GABRG1",0.010876020585867,4.68756016716529,0.0879038918447901,0.767019015065465,0.999997068196745,0.999983379322086,"group_idyes"
"2581","TLK1","Exc L4-5 RORB GABRG1",-0.0451538843763596,5.95512673679153,1.66033878710436,0.198331914744646,0.999997068196745,0.999983379322086,"group_idyes"
"2582","METTL8","Exc L4-5 RORB GABRG1",-0.0391296181257276,4.52694321440163,0.806943266791713,0.369587350954305,0.999997068196745,0.999983379322086,"group_idyes"
"2583","DCAF17","Exc L4-5 RORB GABRG1",0.0175385263003735,4.11364000345905,0.184683504942494,0.667619413872501,0.999997068196745,0.999983379322086,"group_idyes"
"2584","CYBRD1","Exc L4-5 RORB GABRG1",-0.412881380723522,0.440390567768834,6.00008479063618,0.0147502563587242,0.999997068196745,0.999983379322086,"group_idyes"
"2585","DYNC1I2","Exc L4-5 RORB GABRG1",0.0212066247497355,6.80847153946676,0.313679367578844,0.57575706129371,0.999997068196745,0.999983379322086,"group_idyes"
"2586","SLC25A12","Exc L4-5 RORB GABRG1",-0.0170538819709915,8.06811784065937,0.656112197115081,0.418436564234054,0.999997068196745,0.999983379322086,"group_idyes"
"2587","HAT1","Exc L4-5 RORB GABRG1",-0.0389292115251697,4.74181515676085,0.657009619946466,0.418118753641815,0.999997068196745,0.999983379322086,"group_idyes"
"2588","METAP1D","Exc L4-5 RORB GABRG1",0.0342821590026082,4.40879076509478,0.628849575072795,0.428266366106942,0.999997068196745,0.999983379322086,"group_idyes"
"2589","DLX1","Exc L4-5 RORB GABRG1",0.119441408417409,0.135664669876958,0.399580971248126,0.527681195725844,0.999997068196745,0.999983379322086,"group_idyes"
"2590","AC104088.1","Exc L4-5 RORB GABRG1",-0.0866342620834083,0.887408288823888,0.425271747526585,0.514707606568605,0.999997068196745,0.999983379322086,"group_idyes"
"2591","ITGA6","Exc L4-5 RORB GABRG1",-0.129374413500282,3.14632332608288,0.593566841178338,0.441515982247638,0.999997068196745,0.999983379322086,"group_idyes"
"2592","AC078883.1","Exc L4-5 RORB GABRG1",0.0617752869315235,1.53664698264586,0.30544310862616,0.580810982605983,0.999997068196745,0.999983379322086,"group_idyes"
"2593","PDK1","Exc L4-5 RORB GABRG1",0.00509923514428106,4.53548875303069,0.0141295250753048,0.905442228685308,0.999997068196745,0.999983379322086,"group_idyes"
"2594","RAPGEF4-AS1","Exc L4-5 RORB GABRG1",-0.00181858819448373,4.1441063884662,0.0010991305254374,0.973569661236063,0.999997068196745,0.999983379322086,"group_idyes"
"2595","RAPGEF4","Exc L4-5 RORB GABRG1",-0.0112596049100323,8.70453020858674,0.116822590600334,0.732693145001907,0.999997068196745,0.999983379322086,"group_idyes"
"2596","MAP3K20","Exc L4-5 RORB GABRG1",0.0112325422242185,5.42547271302119,0.074021369692047,0.78571515343149,0.999997068196745,0.999983379322086,"group_idyes"
"2597","MAP3K20-AS1","Exc L4-5 RORB GABRG1",-0.000297319883719594,1.14792428961742,9.28883646204907e-07,0.999231509603814,0.999997068196745,0.999983379322086,"group_idyes"
"2598","SP3","Exc L4-5 RORB GABRG1",-0.00587667547043886,5.84496808847691,0.0433603656556001,0.864492630600154,0.999997068196745,0.999983379322086,"group_idyes"
"2599","OLA1","Exc L4-5 RORB GABRG1",0.0149921314768587,7.18657606572219,0.43116871919221,0.511808594097323,0.999997068196745,0.999983379322086,"group_idyes"
"2600","CIR1","Exc L4-5 RORB GABRG1",0.0097585683741924,5.6578449666642,0.0932921439455135,0.760198054240758,0.999997068196745,0.999983379322086,"group_idyes"
"2601","SCRN3","Exc L4-5 RORB GABRG1",-0.0235492984594083,4.71136106284662,0.222991896131294,0.637037371163902,0.999997068196745,0.999983379322086,"group_idyes"
"2602","GPR155","Exc L4-5 RORB GABRG1",0.0315880865478153,7.2457258239197,1.09761811989622,0.295447143966166,0.999997068196745,0.999983379322086,"group_idyes"
"2603","AC010894.3","Exc L4-5 RORB GABRG1",0.0432726248871262,4.92920886268341,0.173586820380935,0.677175913224258,0.999997068196745,0.999983379322086,"group_idyes"
"2604","WIPF1","Exc L4-5 RORB GABRG1",0.0108065449385733,1.00167235454549,0.00506175656644953,0.943318508163604,0.999997068196745,0.999983379322086,"group_idyes"
"2605","CHRNA1","Exc L4-5 RORB GABRG1",-0.031262747515547,0.557025774124422,0.0411161220781158,0.839421132190381,0.999997068196745,0.999983379322086,"group_idyes"
"2606","CHN1","Exc L4-5 RORB GABRG1",-0.0188357987141807,9.54391792965124,0.127331996711277,0.721410146853666,0.999997068196745,0.999983379322086,"group_idyes"
"2607","ATF2","Exc L4-5 RORB GABRG1",0.0251869157303237,6.45440473779456,0.710518363153997,0.399795509590975,0.999997068196745,0.999983379322086,"group_idyes"
"2608","ATP5MC3","Exc L4-5 RORB GABRG1",0.0121392292477679,5.14571027977812,0.0120443135138988,0.912667573220384,0.999997068196745,0.999983379322086,"group_idyes"
"2609","AC093459.1","Exc L4-5 RORB GABRG1",-0.138382121498629,0.449281609346632,0.776954930264093,0.378624388754279,0.999997068196745,0.999983379322086,"group_idyes"
"2610","LNPK","Exc L4-5 RORB GABRG1",0.0042314470376239,5.38799356867866,0.016108292434631,0.89907125080688,0.999997068196745,0.999983379322086,"group_idyes"
"2611","MTX2","Exc L4-5 RORB GABRG1",-0.00865813151426653,6.62238291837636,0.0797572380857103,0.777778532377145,0.999997068196745,0.999983379322086,"group_idyes"
"2612","AC074286.1","Exc L4-5 RORB GABRG1",0.0303980861319312,1.67531928176409,0.0642877320018125,0.799978469250792,0.999997068196745,0.999983379322086,"group_idyes"
"2613","AC079305.3","Exc L4-5 RORB GABRG1",0.0680818474806449,2.60504795034499,0.988187708762016,0.320810515297759,0.999997068196745,0.999983379322086,"group_idyes"
"2614","HNRNPA3","Exc L4-5 RORB GABRG1",0.038644145790764,6.62195934898023,1.17300494495715,0.279462970435219,0.999997068196745,0.999983379322086,"group_idyes"
"2615","NFE2L2","Exc L4-5 RORB GABRG1",-0.0328393587972017,6.30547308944198,0.935649377337491,0.334006885618592,0.999997068196745,0.999983379322086,"group_idyes"
"2616","AGPS","Exc L4-5 RORB GABRG1",-0.0114898562448007,5.64023960489,0.144184667361569,0.704365338724962,0.999997068196745,0.999983379322086,"group_idyes"
"2617","TTC30B","Exc L4-5 RORB GABRG1",-0.0358449430091928,1.19746932317425,0.104274759838059,0.746934265721579,0.999997068196745,0.999983379322086,"group_idyes"
"2618","TTC30A","Exc L4-5 RORB GABRG1",0.11694304647216,1.46766254253338,1.52891251838693,0.217030037258844,0.999997068196745,0.999983379322086,"group_idyes"
"2619","RBM45","Exc L4-5 RORB GABRG1",0.00874482126769297,4.46859901193715,0.0334489617106073,0.854980217747484,0.999997068196745,0.999983379322086,"group_idyes"
"2620","OSBPL6","Exc L4-5 RORB GABRG1",-0.0152280097591673,8.44227174036607,0.275294037528608,0.600104580078898,0.999997068196745,0.999983379322086,"group_idyes"
"2621","AC009948.1","Exc L4-5 RORB GABRG1",-0.011676331156326,4.56251601314615,0.0636608932778316,0.800935344731507,0.999997068196745,0.999983379322086,"group_idyes"
"2622","PRKRA","Exc L4-5 RORB GABRG1",0.00330246244665963,5.71628040313343,0.00896328429041076,0.924622563630114,0.999997068196745,0.999983379322086,"group_idyes"
"2623","PJVK","Exc L4-5 RORB GABRG1",-0.0377785781895937,4.30276712326124,0.536791495051821,0.464211612316054,0.999997068196745,0.999983379322086,"group_idyes"
"2624","FKBP7","Exc L4-5 RORB GABRG1",0.0310427002537165,1.75043525130172,0.102995630863165,0.748438208198897,0.999997068196745,0.999983379322086,"group_idyes"
"2625","PLEKHA3","Exc L4-5 RORB GABRG1",0.00325843231743662,5.22214868869516,0.0094535692678755,0.922594798323108,0.999997068196745,0.999983379322086,"group_idyes"
"2626","TTN-AS1","Exc L4-5 RORB GABRG1",0.00306723026399756,7.71813501298487,0.00392881693315379,0.950053655392182,0.999997068196745,0.999983379322086,"group_idyes"
"2627","TTN","Exc L4-5 RORB GABRG1",-0.00718563994938015,4.76582260120889,0.0102667071842124,0.919345445291046,0.999997068196745,0.999983379322086,"group_idyes"
"2628","CCDC141","Exc L4-5 RORB GABRG1",-0.0660953316208762,0.582381045556938,0.189921907510801,0.66322603443721,0.999997068196745,0.999983379322086,"group_idyes"
"2629","SESTD1","Exc L4-5 RORB GABRG1",-0.0200660967527337,6.96844388019743,0.572470739307934,0.449741847687693,0.999997068196745,0.999983379322086,"group_idyes"
"2630","ZNF385B","Exc L4-5 RORB GABRG1",-0.00795836940652945,9.58816411170984,0.0391277658452079,0.84330023027742,0.999997068196745,0.999983379322086,"group_idyes"
"2631","CWC22","Exc L4-5 RORB GABRG1",-0.0464516007276675,5.28775062751735,2.06988586798042,0.151045770294281,0.999997068196745,0.999983379322086,"group_idyes"
"2632","AC009478.1","Exc L4-5 RORB GABRG1",-0.0350732045630185,2.27267123406431,0.0915462221438892,0.762384095843884,0.999997068196745,0.999983379322086,"group_idyes"
"2633","SCHLAP1","Exc L4-5 RORB GABRG1",-0.00897370004799299,7.82857898652981,0.0129187012242425,0.909566241267905,0.999997068196745,0.999983379322086,"group_idyes"
"2634","UBE2E3","Exc L4-5 RORB GABRG1",0.0344217107949231,8.03580157594986,1.36558475903838,0.243295515177447,0.999997068196745,0.999983379322086,"group_idyes"
"2635","LINC01934","Exc L4-5 RORB GABRG1",-0.0619514235150374,4.20376610610611,0.417792435825821,0.518426020110566,0.999997068196745,0.999983379322086,"group_idyes"
"2636","ITGA4","Exc L4-5 RORB GABRG1",-0.024303616854688,1.4960740422927,0.0460983952704684,0.830110795380228,0.999997068196745,0.999983379322086,"group_idyes"
"2637","CERKL","Exc L4-5 RORB GABRG1",-0.00664334044358878,2.89340417350831,0.00830788308706195,0.927422755998176,0.999997068196745,0.999983379322086,"group_idyes"
"2638","SSFA2","Exc L4-5 RORB GABRG1",0.0384626587314279,5.22325485065393,0.852019721250168,0.35656011209109,0.999997068196745,0.999983379322086,"group_idyes"
"2639","PPP1R1C","Exc L4-5 RORB GABRG1",-0.217874246637503,0.683224897866183,2.06606347421889,0.151422625348503,0.999997068196745,0.999983379322086,"group_idyes"
"2640","PDE1A","Exc L4-5 RORB GABRG1",0.0235064891251397,9.63379504158878,0.36729959592332,0.544837305707258,0.999997068196745,0.999983379322086,"group_idyes"
"2641","DNAJC10","Exc L4-5 RORB GABRG1",0.0246458788953871,5.43468858192021,0.576679126521406,0.448081981966588,0.999997068196745,0.999983379322086,"group_idyes"
"2642","FRZB","Exc L4-5 RORB GABRG1",0.0498973053191732,1.30397271620068,0.148056926630363,0.700611802262291,0.999997068196745,0.999983379322086,"group_idyes"
"2643","NCKAP1","Exc L4-5 RORB GABRG1",-0.00656665941373855,7.69420033633975,0.0680004701910877,0.79441017411646,0.999997068196745,0.999983379322086,"group_idyes"
"2644","DUSP19","Exc L4-5 RORB GABRG1",0.00332135606720864,3.51614563762916,0.0023300658672331,0.961525508827045,0.999997068196745,0.999983379322086,"group_idyes"
"2645","AC064871.1","Exc L4-5 RORB GABRG1",0.118366964039147,0.742456093397063,0.64258815782446,0.423269957554833,0.999997068196745,0.999983379322086,"group_idyes"
"2646","NUP35","Exc L4-5 RORB GABRG1",-0.111093885851944,3.87615684274388,5.50089099537975,0.0195140759520516,0.999997068196745,0.999983379322086,"group_idyes"
"2647","AC021851.1","Exc L4-5 RORB GABRG1",0.0518301864683793,0.896130223685072,0.196096997858244,0.674193205519475,0.999997068196745,0.999983379322086,"group_idyes"
"2648","ZNF804A","Exc L4-5 RORB GABRG1",0.0426257855753942,4.09469723873194,0.162567316219951,0.687027740745162,0.999997068196745,0.999983379322086,"group_idyes"
"2649","AC007966.1","Exc L4-5 RORB GABRG1",-0.00948128515766335,2.07020747270539,0.0112290569416094,0.91566356960618,0.999997068196745,0.999983379322086,"group_idyes"
"2650","FSIP2","Exc L4-5 RORB GABRG1",-0.0699185679721096,2.01600787390067,0.391309176300483,0.531982929848228,0.999997068196745,0.999983379322086,"group_idyes"
"2651","FSIP2-AS1","Exc L4-5 RORB GABRG1",0.106671723311694,2.35977918722077,1.94645436132176,0.163774274104954,0.999997068196745,0.999983379322086,"group_idyes"
"2652","LINC01473","Exc L4-5 RORB GABRG1",0.0295351658282452,3.79016083627048,0.327901128521551,0.56723208274151,0.999997068196745,0.999983379322086,"group_idyes"
"2653","ZC3H15","Exc L4-5 RORB GABRG1",-0.0132585560271805,5.77902969121816,0.0986542647091814,0.753620827744983,0.999997068196745,0.999983379322086,"group_idyes"
"2654","ITGAV","Exc L4-5 RORB GABRG1",0.00957224336967655,4.66711153741971,0.037983649506102,0.845578852693724,0.999997068196745,0.999983379322086,"group_idyes"
"2655","AC017101.1","Exc L4-5 RORB GABRG1",-0.0828876942215729,1.60574546382744,0.443436175525401,0.505867668182352,0.999997068196745,0.999983379322086,"group_idyes"
"2656","FAM171B","Exc L4-5 RORB GABRG1",0.0496702662898478,7.00166288333376,4.16034137935171,0.0420637212570658,0.999997068196745,0.999983379322086,"group_idyes"
"2657","AC007319.1","Exc L4-5 RORB GABRG1",-0.409381441084575,3.71415286326357,7.48630482288326,0.00650506089117383,0.999997068196745,0.999983379322086,"group_idyes"
"2658","CALCRL","Exc L4-5 RORB GABRG1",0.00424090954201846,0.401400896054124,0.000323734866904001,0.985654057078885,0.999997068196745,0.999983379322086,"group_idyes"
"2659","LINC01090","Exc L4-5 RORB GABRG1",-0.0172967634204556,1.8850679940933,0.0259431883063434,0.872123684085192,0.999997068196745,0.999983379322086,"group_idyes"
"2660","GULP1","Exc L4-5 RORB GABRG1",-0.0781120932552713,3.87004269076591,0.364476356903565,0.546386415698642,0.999997068196745,0.999983379322086,"group_idyes"
"2661","DIRC1","Exc L4-5 RORB GABRG1",0.157076247496515,2.3306976955546,1.73202270943163,0.188936374245448,0.999997068196745,0.999983379322086,"group_idyes"
"2662","COL5A2","Exc L4-5 RORB GABRG1",-0.0941036735679483,6.27731093953308,0.78735750212302,0.375454716838593,0.999997068196745,0.999983379322086,"group_idyes"
"2663","WDR75","Exc L4-5 RORB GABRG1",-0.0017604950702282,5.3303219914449,0.00237492675506857,0.961157189909507,0.999997068196745,0.999983379322086,"group_idyes"
"2664","ASNSD1","Exc L4-5 RORB GABRG1",-0.00669709667357549,4.48518627166904,0.0166667387082436,0.897346203713931,0.999997068196745,0.999983379322086,"group_idyes"
"2665","ANKAR","Exc L4-5 RORB GABRG1",-0.00534920334533428,5.81241973294703,0.0291549627617609,0.864511487632866,0.999997068196745,0.999983379322086,"group_idyes"
"2666","OSGEPL1","Exc L4-5 RORB GABRG1",0.0194884803029158,3.49039318703984,0.153974970407494,0.881319189179658,0.999997068196745,0.999983379322086,"group_idyes"
"2667","OSGEPL1-AS1","Exc L4-5 RORB GABRG1",0.0368229997052545,1.82248259245539,0.19860954598219,0.81900633552787,0.999997068196745,0.999983379322086,"group_idyes"
"2668","AC013468.1","Exc L4-5 RORB GABRG1",-0.0362723001662232,1.31190361825715,0.121789344212827,0.934333598815144,0.999997068196745,0.999983379322086,"group_idyes"
"2669","ORMDL1","Exc L4-5 RORB GABRG1",0.00662998068067663,5.55499616040107,0.0217968270621168,0.882706211292266,0.999997068196745,0.999983379322086,"group_idyes"
"2670","PMS1","Exc L4-5 RORB GABRG1",-0.0141396043964234,6.19442065932221,0.324348216138892,0.756637088510049,0.999997068196745,0.999983379322086,"group_idyes"
"2671","C2orf88","Exc L4-5 RORB GABRG1",0.0234153386533652,4.8006702825022,0.121257365631764,0.727865213754773,0.999997068196745,0.999983379322086,"group_idyes"
"2672","MSTN","Exc L4-5 RORB GABRG1",0.0840714375277127,0.932133708165745,0.360203284805738,0.548746698242401,0.999997068196745,0.999983379322086,"group_idyes"
"2673","HIBCH","Exc L4-5 RORB GABRG1",0.154118987613382,6.86582096623594,4.31286141171215,0.0384885174777006,0.999997068196745,0.999983379322086,"group_idyes"
"2674","INPP1","Exc L4-5 RORB GABRG1",-0.0018146851948597,4.73086060297294,0.00139580746988169,0.970216939230455,0.999997068196745,0.999983379322086,"group_idyes"
"2675","MFSD6","Exc L4-5 RORB GABRG1",-0.00665353041593103,6.08504887435113,0.0470211865218001,0.828445100998562,0.999997068196745,0.999983379322086,"group_idyes"
"2676","AC108047.1","Exc L4-5 RORB GABRG1",0.0273189682701519,4.72974973894465,0.399600625977757,0.93321018468794,0.999997068196745,0.999983379322086,"group_idyes"
"2677","NAB1","Exc L4-5 RORB GABRG1",0.00130450774442044,5.29762675230153,0.000904606640237261,0.976021495388999,0.999997068196745,0.999983379322086,"group_idyes"
"2678","AC006460.1","Exc L4-5 RORB GABRG1",0.0916961226918287,0.426852438248314,0.31317123371452,0.57606632606647,0.999997068196745,0.999983379322086,"group_idyes"
"2679","GLS","Exc L4-5 RORB GABRG1",-0.0192333160172169,8.42987782649047,0.37731070731253,0.539409086703651,0.999997068196745,0.999983379322086,"group_idyes"
"2680","STAT1","Exc L4-5 RORB GABRG1",-0.0769641958969749,4.48224469689083,1.27720438308918,0.259123550270122,0.999997068196745,0.999983379322086,"group_idyes"
"2681","STAT4","Exc L4-5 RORB GABRG1",-0.00216355916904638,6.9699093463358,0.00162368165317174,0.96787889502955,0.999997068196745,0.999983379322086,"group_idyes"
"2682","MYO1B","Exc L4-5 RORB GABRG1",-0.0150696606523624,4.76165209601057,0.0648726350772423,0.799090077311774,0.999997068196745,0.999983379322086,"group_idyes"
"2683","NABP1","Exc L4-5 RORB GABRG1",0.0570159057774768,1.29890187457117,0.300723973731371,0.583746970687763,0.999997068196745,0.999983379322086,"group_idyes"
"2684","AC098617.1","Exc L4-5 RORB GABRG1",0.049928397341684,1.02748571429855,0.0974048176839388,0.755135539937299,0.999997068196745,0.999983379322086,"group_idyes"
"2685","TMEFF2","Exc L4-5 RORB GABRG1",0.0381635823062088,6.61796010639784,0.428321347728502,0.513204830858133,0.999997068196745,0.999983379322086,"group_idyes"
"2686","LINC01821","Exc L4-5 RORB GABRG1",0.217909705332488,2.89038710462964,2.65367248881352,0.104129471121914,0.999997068196745,0.999983379322086,"group_idyes"
"2687","AC010983.1","Exc L4-5 RORB GABRG1",-0.0278962447062952,0.73832044873012,0.024021409868426,0.87691172580003,0.999997068196745,0.999983379322086,"group_idyes"
"2688","AC064834.1","Exc L4-5 RORB GABRG1",0.217971015388887,2.49819667604242,2.03008364696907,0.155022795671115,0.999997068196745,0.999983379322086,"group_idyes"
"2689","LINC01827","Exc L4-5 RORB GABRG1",0.22196785203403,1.55784665698381,2.88448513092238,0.0902451086607015,0.999997068196745,0.999983379322086,"group_idyes"
"2690","SLC39A10","Exc L4-5 RORB GABRG1",0.0376522111386731,7.53855344518565,2.06430510383058,0.151596344059208,0.999997068196745,0.999983379322086,"group_idyes"
"2691","DNAH7","Exc L4-5 RORB GABRG1",-0.0145679692413639,5.92209058911839,0.0885964321290728,0.766129803414236,0.999997068196745,0.999983379322086,"group_idyes"
"2692","STK17B","Exc L4-5 RORB GABRG1",-0.257680016211677,1.83801871651263,3.26763578451905,0.07144026863286,0.999997068196745,0.999983379322086,"group_idyes"
"2693","AC114760.2","Exc L4-5 RORB GABRG1",0.145247667895329,-0.229291327491712,0.382184018705456,0.536803448519501,0.999997068196745,0.999983379322086,"group_idyes"
"2694","HECW2","Exc L4-5 RORB GABRG1",-0.0395558755812524,8.50479794849397,1.4676809026027,0.226455524801723,0.999997068196745,0.999983379322086,"group_idyes"
"2695","CCDC150","Exc L4-5 RORB GABRG1",-0.00214630745059736,1.89215898022894,0.00050385596853184,0.982103236735115,0.999997068196745,0.999983379322086,"group_idyes"
"2696","GTF3C3","Exc L4-5 RORB GABRG1",-0.00868070798425737,4.8216793923919,0.0492491722952896,0.824492708379652,0.999997068196745,0.999983379322086,"group_idyes"
"2697","PGAP1","Exc L4-5 RORB GABRG1",-0.00421807477189206,5.94816380585031,0.0113276125003324,0.915295667607101,0.999997068196745,0.999983379322086,"group_idyes"
"2698","ANKRD44","Exc L4-5 RORB GABRG1",-0.0453756675188918,6.05499242763877,0.77305436807936,0.3798226338773,0.999997068196745,0.999983379322086,"group_idyes"
"2699","SF3B1","Exc L4-5 RORB GABRG1",0.0266918315779841,6.43896647787179,0.975034757035227,0.324048315923205,0.999997068196745,0.999983379322086,"group_idyes"
"2700","COQ10B","Exc L4-5 RORB GABRG1",0.0288176763495628,4.27063892019383,0.372039496427636,0.571744764091533,0.999997068196745,0.999983379322086,"group_idyes"
"2701","HSPD1","Exc L4-5 RORB GABRG1",0.018065523465427,5.49684675447905,0.141480349307574,0.707021087107177,0.999997068196745,0.999983379322086,"group_idyes"
"2702","HSPE1-MOB4","Exc L4-5 RORB GABRG1",0.00731057893828693,1.59115203875037,0.00274360754822627,0.95825352792858,0.999997068196745,0.999983379322086,"group_idyes"
"2703","MOB4","Exc L4-5 RORB GABRG1",0.0110860208420916,4.5194793131653,0.0333181522357224,0.855260911854382,0.999997068196745,0.999983379322086,"group_idyes"
"2704","RFTN2","Exc L4-5 RORB GABRG1",0.0511550077761911,1.60891009728465,0.196822872793792,0.657547041113351,0.999997068196745,0.999983379322086,"group_idyes"
"2705","AC011997.1","Exc L4-5 RORB GABRG1",0.0571595843278959,4.89274973146886,1.45731353783753,0.228099712923474,0.999997068196745,0.999983379322086,"group_idyes"
"2706","PLCL1","Exc L4-5 RORB GABRG1",0.0144787158071032,8.22633109286723,0.0849403542608581,0.770867854233594,0.999997068196745,0.999983379322086,"group_idyes"
"2707","LINC01923","Exc L4-5 RORB GABRG1",0.0694304109811857,4.85781668585144,1.14575273659159,0.285111076039953,0.999997068196745,0.999983379322086,"group_idyes"
"2708","AC019330.1","Exc L4-5 RORB GABRG1",0.0651009780648837,3.2797095663959,0.71494761505522,0.398331752729564,0.999997068196745,0.999983379322086,"group_idyes"
"2709","AC020718.1","Exc L4-5 RORB GABRG1",-0.110738706269822,1.88006037763009,0.985186286682872,0.32154558276807,0.999997068196745,0.999983379322086,"group_idyes"
"2710","SATB2","Exc L4-5 RORB GABRG1",0.0140570400568277,8.87813033093792,0.238739202569133,0.625396604921813,0.999997068196745,0.999983379322086,"group_idyes"
"2711","AC016746.1","Exc L4-5 RORB GABRG1",0.100957432815481,0.571694076596166,0.366529546917021,0.545259021929777,0.999997068196745,0.999983379322086,"group_idyes"
"2712","SATB2-AS1","Exc L4-5 RORB GABRG1",0.0346195519886244,4.44469639832357,0.57966733190978,0.446909167559539,0.999997068196745,0.999983379322086,"group_idyes"
"2713","FTCDNL1","Exc L4-5 RORB GABRG1",0.0631819162521292,5.84088096846256,1.62926417980148,0.202574808110317,0.999997068196745,0.999983379322086,"group_idyes"
"2714","C2orf69","Exc L4-5 RORB GABRG1",0.0454622639869384,4.93359513528368,0.97826033375685,0.323250305683817,0.999997068196745,0.999983379322086,"group_idyes"
"2715","TYW5","Exc L4-5 RORB GABRG1",0.0136577428383443,4.19554556114119,0.112803034022881,0.737158299126463,0.999997068196745,0.999983379322086,"group_idyes"
"2716","MAIP1","Exc L4-5 RORB GABRG1",-0.016824796101216,5.23698002597824,0.10126239942212,0.750492595431562,0.999997068196745,0.999983379322086,"group_idyes"
"2717","SPATS2L","Exc L4-5 RORB GABRG1",-0.0172714016661387,8.43713908668353,0.31115813341821,0.577294805112923,0.999997068196745,0.999983379322086,"group_idyes"
"2718","KCTD18","Exc L4-5 RORB GABRG1",-0.0260097235294578,3.64847654487956,0.306165873146153,0.801364119239393,0.999997068196745,0.999983379322086,"group_idyes"
"2719","SGO2","Exc L4-5 RORB GABRG1",-0.0184144723431715,3.30672016521336,0.106013183019927,0.744906549302619,0.999997068196745,0.999983379322086,"group_idyes"
"2720","AOX1","Exc L4-5 RORB GABRG1",0.0600202925293412,0.186100057107891,0.112904772427972,0.737044198377502,0.999997068196745,0.999983379322086,"group_idyes"
"2721","AC007163.1","Exc L4-5 RORB GABRG1",-0.0463160298447827,1.28556785963779,0.124269823789162,0.724641917935902,0.999997068196745,0.999983379322086,"group_idyes"
"2722","BZW1","Exc L4-5 RORB GABRG1",0.0156845879576845,3.84943519609857,0.0740602655755775,0.785660240086189,0.999997068196745,0.999983379322086,"group_idyes"
"2723","CLK1","Exc L4-5 RORB GABRG1",0.0221412314126136,5.64551602659107,0.250555112106249,0.616970695336592,0.999997068196745,0.999983379322086,"group_idyes"
"2724","PPIL3","Exc L4-5 RORB GABRG1",-0.0305771188577947,4.7307491796171,0.333759769908758,0.563791494557852,0.999997068196745,0.999983379322086,"group_idyes"
"2725","NIF3L1","Exc L4-5 RORB GABRG1",0.0582299644024991,3.83584981454388,0.799956807631072,0.371665464618774,0.999997068196745,0.999983379322086,"group_idyes"
"2726","ORC2","Exc L4-5 RORB GABRG1",-0.0127150921443411,6.3763056056132,0.191381722360937,0.662014574021369,0.999997068196745,0.999983379322086,"group_idyes"
"2727","AC005037.1","Exc L4-5 RORB GABRG1",-0.113529798750771,3.6489609587448,3.14587569305895,0.0769100893545242,0.999997068196745,0.999983379322086,"group_idyes"
"2728","FAM126B","Exc L4-5 RORB GABRG1",-0.00430075712332958,7.37803832284826,0.0236253008036996,0.877922742956919,0.999997068196745,0.999983379322086,"group_idyes"
"2729","NDUFB3","Exc L4-5 RORB GABRG1",-0.0366653185419994,3.85380088068435,0.121004866843949,0.72813741609476,0.999997068196745,0.999983379322086,"group_idyes"
"2730","CFLAR","Exc L4-5 RORB GABRG1",0.11473105099737,2.52507707797801,1.71172816050223,0.191542385812698,0.999997068196745,0.999983379322086,"group_idyes"
"2731","CASP8","Exc L4-5 RORB GABRG1",-0.0570384756678258,1.02084579437398,0.212604885988557,0.644993890207339,0.999997068196745,0.999983379322086,"group_idyes"
"2732","ALS2CR12","Exc L4-5 RORB GABRG1",0.0557563826194986,4.13612417739676,0.537894801811387,0.463753160059513,0.999997068196745,0.999983379322086,"group_idyes"
"2733","TRAK2","Exc L4-5 RORB GABRG1",0.0101367165591744,6.50121609741624,0.139370818454941,0.709112921417907,0.999997068196745,0.999983379322086,"group_idyes"
"2734","STRADB","Exc L4-5 RORB GABRG1",-0.0187362769723449,4.58286889173383,0.143300905171834,0.705230072009501,0.999997068196745,0.999983379322086,"group_idyes"
"2735","C2CD6","Exc L4-5 RORB GABRG1",0.14444928326809,3.88696110008885,3.5826064033569,0.0591378174883302,0.999997068196745,0.999983379322086,"group_idyes"
"2736","TMEM237","Exc L4-5 RORB GABRG1",0.0641570899524657,4.67217877402166,2.40754815355524,0.121573549297236,0.999997068196745,0.999983379322086,"group_idyes"
"2737","MPP4","Exc L4-5 RORB GABRG1",0.125228688214398,3.16532516054546,2.76362899018283,0.0972437300248349,0.999997068196745,0.999983379322086,"group_idyes"
"2738","ALS2","Exc L4-5 RORB GABRG1",0.0155073030689626,7.21061398125866,0.166111960155718,0.683817294815172,0.999997068196745,0.999983379322086,"group_idyes"
"2739","CDK15","Exc L4-5 RORB GABRG1",-0.11577502280446,1.2792845441789,0.576764316894893,0.448048480007897,0.999997068196745,0.999983379322086,"group_idyes"
"2740","FZD7","Exc L4-5 RORB GABRG1",-0.0802723088766093,-0.0475639869529908,0.133342755436034,0.715191683854699,0.999997068196745,0.999983379322086,"group_idyes"
"2741","KIAA2012","Exc L4-5 RORB GABRG1",-0.00947503081883484,3.70592970066994,0.0070026093900936,0.933353114086444,0.999997068196745,0.999983379322086,"group_idyes"
"2742","AC079354.1","Exc L4-5 RORB GABRG1",0.135433729750655,0.350801330239397,0.616790690377096,0.432725761458881,0.999997068196745,0.999983379322086,"group_idyes"
"2743","SUMO1","Exc L4-5 RORB GABRG1",-0.00340797146421488,5.77662471815477,0.00387237738643356,0.950413238658168,0.999997068196745,0.999983379322086,"group_idyes"
"2744","NOP58","Exc L4-5 RORB GABRG1",0.0316836130278534,6.03783110269866,1.00386496150483,0.317006845663611,0.999997068196745,0.999983379322086,"group_idyes"
"2745","AC064836.3","Exc L4-5 RORB GABRG1",-0.214859383801242,0.854711911085403,2.92799661089805,0.087861479711205,0.999997068196745,0.999983379322086,"group_idyes"
"2746","BMPR2","Exc L4-5 RORB GABRG1",-0.0083911661784531,8.10821669653621,0.125534001363114,0.72330235007396,0.999997068196745,0.999983379322086,"group_idyes"
"2747","FAM117B","Exc L4-5 RORB GABRG1",0.0238418094368285,6.45104004065192,0.422071895746862,0.516292705689558,0.999997068196745,0.999983379322086,"group_idyes"
"2748","ICA1L","Exc L4-5 RORB GABRG1",-0.00431763803350263,7.83233811090495,0.0188700980289501,0.890811408324427,0.999997068196745,0.999983379322086,"group_idyes"
"2749","WDR12","Exc L4-5 RORB GABRG1",0.0170063684957929,5.12001353662238,0.212023912849859,0.645445833279683,0.999997068196745,0.999983379322086,"group_idyes"
"2750","CARF","Exc L4-5 RORB GABRG1",0.0583229697630767,4.59247149072765,1.45861467931881,0.227892573323544,0.999997068196745,0.999983379322086,"group_idyes"
"2751","NBEAL1","Exc L4-5 RORB GABRG1",-0.0130110914600412,6.2834387355557,0.203228249956055,0.652381578747206,0.999997068196745,0.999983379322086,"group_idyes"
"2752","CYP20A1","Exc L4-5 RORB GABRG1",-0.0284647609365013,4.57012857417378,0.295820024627333,0.586829874300386,0.999997068196745,0.999983379322086,"group_idyes"
"2753","ABI2","Exc L4-5 RORB GABRG1",0.00200944948510595,7.95929992303847,0.0104581384628183,0.918599582782344,0.999997068196745,0.999983379322086,"group_idyes"
"2754","RAPH1","Exc L4-5 RORB GABRG1",-0.079784498684538,6.3093263868345,2.40008417983003,0.122150896779962,0.999997068196745,0.999983379322086,"group_idyes"
"2755","PARD3B","Exc L4-5 RORB GABRG1",0.0257370918495785,2.97973206522332,0.147752377574815,0.700904959001522,0.999997068196745,0.999983379322086,"group_idyes"
"2756","NRP2","Exc L4-5 RORB GABRG1",-0.0192621893028142,4.06364260471107,0.0882515306135078,0.766572177244651,0.999997068196745,0.999983379322086,"group_idyes"
"2757","AC007679.1","Exc L4-5 RORB GABRG1",0.060396001985193,1.11815703591769,0.124789878857072,0.724089925025236,0.999997068196745,0.999983379322086,"group_idyes"
"2758","INO80D","Exc L4-5 RORB GABRG1",0.0909470792126822,7.33510421880871,0.86863204035836,0.351918787031813,0.999997068196745,0.999983379322086,"group_idyes"
"2759","NDUFS1","Exc L4-5 RORB GABRG1",-0.0170126835653514,7.32403128428816,0.393559883227316,0.530806218997937,0.999997068196745,0.999983379322086,"group_idyes"
"2760","AC007383.3","Exc L4-5 RORB GABRG1",0.0945064396961665,1.55726597663842,0.507657858141922,0.476586390035353,0.999997068196745,0.999983379322086,"group_idyes"
"2761","EEF1B2","Exc L4-5 RORB GABRG1",-0.0784025980170728,3.73556451757284,0.740046848781344,0.390181624441021,0.999997068196745,0.999983379322086,"group_idyes"
"2762","GPR1","Exc L4-5 RORB GABRG1",-0.00852850826919363,0.282273518310435,0.00375832032056106,0.951148030701657,0.999997068196745,0.999983379322086,"group_idyes"
"2763","ZDBF2","Exc L4-5 RORB GABRG1",0.0210864781063412,6.59289814684784,0.60813548154173,0.471201726002916,0.999997068196745,0.999983379322086,"group_idyes"
"2764","ADAM23","Exc L4-5 RORB GABRG1",-0.0152058586125605,8.51819822617297,0.189742125283622,0.663375613720296,0.999997068196745,0.999983379322086,"group_idyes"
"2765","FAM237A","Exc L4-5 RORB GABRG1",0.0256382348729317,0.679050990275117,0.0345119499249614,0.85271996148339,0.999997068196745,0.999983379322086,"group_idyes"
"2766","DYTN","Exc L4-5 RORB GABRG1",-0.18894043576429,1.58956106763628,1.97979214274543,0.160219625086617,0.999997068196745,0.999983379322086,"group_idyes"
"2767","MDH1B","Exc L4-5 RORB GABRG1",-0.0457144704940658,3.3265003902329,0.439035707459129,0.507984985561072,0.999997068196745,0.999983379322086,"group_idyes"
"2768","FASTKD2","Exc L4-5 RORB GABRG1",0.00344533797614717,4.89766489832822,0.00683334807257564,0.934161647579715,0.999997068196745,0.999983379322086,"group_idyes"
"2769","AC008269.1","Exc L4-5 RORB GABRG1",0.0188546765808756,2.59880327603,0.0727298504391908,0.918737803103781,0.999997068196745,0.999983379322086,"group_idyes"
"2770","CPO","Exc L4-5 RORB GABRG1",0.0401057570478026,3.88170577387224,0.349917405027719,0.554507297474737,0.999997068196745,0.999983379322086,"group_idyes"
"2771","KLF7","Exc L4-5 RORB GABRG1",0.0719691786700199,5.10989303600064,3.13510605886453,0.0774151982922348,0.999997068196745,0.999983379322086,"group_idyes"
"2772","AC007879.1","Exc L4-5 RORB GABRG1",-0.102613263332921,1.02897170950901,0.558045479381489,0.455505108357335,0.999997068196745,0.999983379322086,"group_idyes"
"2773","AC007879.3","Exc L4-5 RORB GABRG1",-0.123263470310534,0.574434159843626,0.642388422720464,0.423341966943993,0.999997068196745,0.999983379322086,"group_idyes"
"2774","AC009226.1","Exc L4-5 RORB GABRG1",-0.0215474240638112,1.6841002511425,0.0347557687066622,0.852206621132204,0.999997068196745,0.999983379322086,"group_idyes"
"2775","CREB1","Exc L4-5 RORB GABRG1",0.000649533554538686,6.30743504152157,0.000489511316653991,0.982359792119226,0.999997068196745,0.999983379322086,"group_idyes"
"2776","METTL21A","Exc L4-5 RORB GABRG1",0.0211466288611011,5.029673726692,0.17639378799704,0.674725307544603,0.999997068196745,0.999983379322086,"group_idyes"
"2777","CCNYL1","Exc L4-5 RORB GABRG1",-0.106110087561212,5.12954726935766,3.30519611499621,0.0698386631851291,0.999997068196745,0.999983379322086,"group_idyes"
"2778","FZD5","Exc L4-5 RORB GABRG1",0.0680027743490267,1.30674761768554,0.354917465120054,0.551692885868367,0.999997068196745,0.999983379322086,"group_idyes"
"2779","PLEKHM3","Exc L4-5 RORB GABRG1",-0.00998872749593727,7.27594346839897,0.131027121860761,0.71756818488483,0.999997068196745,0.999983379322086,"group_idyes"
"2780","CRYGA","Exc L4-5 RORB GABRG1",0.087396292420846,0.775397492718921,0.409520554798259,0.522593850051581,0.999997068196745,0.999983379322086,"group_idyes"
"2781","C2orf80","Exc L4-5 RORB GABRG1",-0.0401791924245585,4.84107785676614,0.549925280854268,0.458800653947902,0.999997068196745,0.999983379322086,"group_idyes"
"2782","IDH1","Exc L4-5 RORB GABRG1",-0.0452952253923685,4.18177981151459,1.18472082891901,0.277078376123869,0.999997068196745,0.999983379322086,"group_idyes"
"2783","PIKFYVE","Exc L4-5 RORB GABRG1",-0.025520799719598,6.17567130001977,0.725144492368008,0.44824180264261,0.999997068196745,0.999983379322086,"group_idyes"
"2784","PTH2R","Exc L4-5 RORB GABRG1",-0.014874476829039,6.88927969106727,0.0719410799070608,0.788675007841991,0.999997068196745,0.999983379322086,"group_idyes"
"2785","MAP2","Exc L4-5 RORB GABRG1",0.00736845043073802,9.19363404420435,0.0419150861767277,0.837889985967814,0.999997068196745,0.999983379322086,"group_idyes"
"2786","UNC80","Exc L4-5 RORB GABRG1",-0.00362985151015573,8.53898261611476,0.016049378207277,0.899254997891872,0.999997068196745,0.999983379322086,"group_idyes"
"2787","RPE","Exc L4-5 RORB GABRG1",0.0146021780702662,6.14122216205376,0.0730831030210346,0.787044526507788,0.999997068196745,0.999983379322086,"group_idyes"
"2788","KANSL1L","Exc L4-5 RORB GABRG1",0.0342070139788959,6.28794527445738,0.766272801439325,0.381918733296543,0.999997068196745,0.999983379322086,"group_idyes"
"2789","AC007038.2","Exc L4-5 RORB GABRG1",0.013184955799776,3.55245524804977,0.0546341018619105,0.83989954463091,0.999997068196745,0.999983379322086,"group_idyes"
"2790","AC007038.1","Exc L4-5 RORB GABRG1",0.00822202908977772,5.66237745912597,0.0201916849720539,0.887077414836788,0.999997068196745,0.999983379322086,"group_idyes"
"2791","LANCL1-AS1","Exc L4-5 RORB GABRG1",-0.0329940164565469,2.11538071345305,0.108966929008341,0.741503021417523,0.999997068196745,0.999983379322086,"group_idyes"
"2792","LANCL1","Exc L4-5 RORB GABRG1",0.00153237486760084,6.26794579987059,0.0022371041112733,0.962300236294452,0.999997068196745,0.999983379322086,"group_idyes"
"2793","CPS1","Exc L4-5 RORB GABRG1",-0.0673194181563794,4.25444829396528,1.48815451611426,0.223250282826557,0.999997068196745,0.999983379322086,"group_idyes"
"2794","ERBB4","Exc L4-5 RORB GABRG1",-0.0720566601270416,5.89247084584422,0.641941565395621,0.423503136562928,0.999997068196745,0.999983379322086,"group_idyes"
"2795","IKZF2","Exc L4-5 RORB GABRG1",-0.0058433888962744,4.41072693213968,0.0106521450165374,0.917850691291778,0.999997068196745,0.999983379322086,"group_idyes"
"2796","AC079610.3","Exc L4-5 RORB GABRG1",0.0530808349229506,0.962562528414458,0.195437327586476,0.658677587220783,0.999997068196745,0.999983379322086,"group_idyes"
"2797","AC079610.1","Exc L4-5 RORB GABRG1",0.133935368063038,1.09427336281224,1.30202375972616,0.254553652506691,0.999997068196745,0.999983379322086,"group_idyes"
"2798","SPAG16","Exc L4-5 RORB GABRG1",-0.0160736642103906,8.8385435222351,0.163553094165319,0.686130847132858,0.999997068196745,0.999983379322086,"group_idyes"
"2799","AC068051.1","Exc L4-5 RORB GABRG1",-0.0114702781410172,5.84667990349403,0.0151040279547346,0.902251690528063,0.999997068196745,0.999983379322086,"group_idyes"
"2800","VWC2L","Exc L4-5 RORB GABRG1",0.0126087109716508,8.93621712988859,0.0887239927316473,0.765966430548179,0.999997068196745,0.999983379322086,"group_idyes"
"2801","BARD1","Exc L4-5 RORB GABRG1",0.00769238843998323,5.43503756623647,0.0209901013896993,0.884881792410304,0.999997068196745,0.999983379322086,"group_idyes"
"2802","AC016708.1","Exc L4-5 RORB GABRG1",-0.145336620767783,3.99088121190432,1.81435729710178,0.178779272616525,0.999997068196745,0.999983379322086,"group_idyes"
"2803","ABCA12","Exc L4-5 RORB GABRG1",-0.171137505287914,1.78757160627576,2.23879785802161,0.135405439418832,0.999997068196745,0.999983379322086,"group_idyes"
"2804","AC072062.1","Exc L4-5 RORB GABRG1",-0.0962038155113345,2.25441953415874,0.574844648267307,0.448804357124799,0.999997068196745,0.999983379322086,"group_idyes"
"2805","ATIC","Exc L4-5 RORB GABRG1",0.0209293000932641,4.87349755690818,0.328157393750895,0.567080735017815,0.999997068196745,0.999983379322086,"group_idyes"
"2806","FN1","Exc L4-5 RORB GABRG1",-0.0213932508110241,3.13437315647758,0.029991386916807,0.862600849917338,0.999997068196745,0.999983379322086,"group_idyes"
"2807","AC012668.3","Exc L4-5 RORB GABRG1",-0.116844492795264,1.27007439619639,1.11469702185405,0.291725726476405,0.999997068196745,0.999983379322086,"group_idyes"
"2808","LINC00607","Exc L4-5 RORB GABRG1",-0.221047129793633,0.781493944177139,1.55703935540416,0.212858175738843,0.999997068196745,0.999983379322086,"group_idyes"
"2809","MREG","Exc L4-5 RORB GABRG1",0.0219875815160984,3.64961596166095,0.170213151707021,0.680152249331769,0.999997068196745,0.999983379322086,"group_idyes"
"2810","PECR","Exc L4-5 RORB GABRG1",-0.0316230233642572,4.26596611604923,0.371440111328399,0.542580073707883,0.999997068196745,0.999983379322086,"group_idyes"
"2811","TMEM169","Exc L4-5 RORB GABRG1",-0.050655835354433,3.71048899675914,1.06623921480398,0.302445121672161,0.999997068196745,0.999983379322086,"group_idyes"
"2812","XRCC5","Exc L4-5 RORB GABRG1",0.0142263836457292,6.88220252929131,0.41396504234297,0.809374542679239,0.999997068196745,0.999983379322086,"group_idyes"
"2813","LINC01963","Exc L4-5 RORB GABRG1",0.0226325018688203,3.8024995310225,0.0833381088097512,0.77297913871643,0.999997068196745,0.999983379322086,"group_idyes"
"2814","MARCH4","Exc L4-5 RORB GABRG1",-0.0541414276206825,5.91358352517202,1.03679724174811,0.309207397885387,0.999997068196745,0.999983379322086,"group_idyes"
"2815","AC069155.1","Exc L4-5 RORB GABRG1",-0.0222568625652174,0.648420125610852,0.0140332160238219,0.905763526312618,0.999997068196745,0.999983379322086,"group_idyes"
"2816","SMARCAL1","Exc L4-5 RORB GABRG1",-0.0432911779553946,5.33998069867403,0.976901066438052,0.32358627197169,0.999997068196745,0.999983379322086,"group_idyes"
"2817","RPL37A","Exc L4-5 RORB GABRG1",0.0120933588928768,6.10695096215782,0.0329280827785526,0.85610132947075,0.999997068196745,0.999983379322086,"group_idyes"
"2818","IGFBP2","Exc L4-5 RORB GABRG1",0.0582153675532354,3.92415085971966,0.32632108100769,0.5681669826458,0.999997068196745,0.999983379322086,"group_idyes"
"2819","IGFBP5","Exc L4-5 RORB GABRG1",0.129979363593775,3.44480599943924,2.21391299405258,0.137590514734455,0.999997068196745,0.999983379322086,"group_idyes"
"2820","AC007563.2","Exc L4-5 RORB GABRG1",-0.0648079463173337,7.48315571330904,1.12340766492829,0.289850828881419,0.999997068196745,0.999983379322086,"group_idyes"
"2821","DIRC3-AS1","Exc L4-5 RORB GABRG1",-0.031100229025005,3.31440720696782,0.241320484201875,0.991826050965137,0.999997068196745,0.999983379322086,"group_idyes"
"2822","DIRC3","Exc L4-5 RORB GABRG1",-0.0546230663183642,7.72387639558314,1.09775798918625,0.295416420405323,0.999997068196745,0.999983379322086,"group_idyes"
"2823","TNS1","Exc L4-5 RORB GABRG1",-0.0533651349006423,4.12317922699964,1.22110951764854,0.269833598439687,0.999997068196745,0.999983379322086,"group_idyes"
"2824","ARPC2","Exc L4-5 RORB GABRG1",-0.0249914818578833,5.74491203464359,0.513533376334244,0.474048053851736,0.999997068196745,0.999983379322086,"group_idyes"
"2825","AAMP","Exc L4-5 RORB GABRG1",0.0109779093680744,4.0571462474878,0.0193529571592959,0.88943214025786,0.999997068196745,0.999983379322086,"group_idyes"
"2826","PNKD","Exc L4-5 RORB GABRG1",-0.0127709528299746,6.24065431639357,0.202116141162136,0.65327132472755,0.999997068196745,0.999983379322086,"group_idyes"
"2827","TMBIM1","Exc L4-5 RORB GABRG1",-0.101937059470503,1.47770700770121,0.864371760018151,0.47258444614145,0.999997068196745,0.999983379322086,"group_idyes"
"2828","CATIP-AS2","Exc L4-5 RORB GABRG1",-0.089242106465328,1.41061196005151,0.528149587852187,0.467827791586063,0.999997068196745,0.999983379322086,"group_idyes"
"2829","CATIP","Exc L4-5 RORB GABRG1",0.0366365347381183,1.26854952818273,0.0832100235803669,0.773148863116921,0.999997068196745,0.999983379322086,"group_idyes"
"2830","SLC11A1","Exc L4-5 RORB GABRG1",-0.255191876764288,1.40100555884917,4.77462719311456,0.0294847327130975,0.999997068196745,0.999983379322086,"group_idyes"
"2831","CTDSP1","Exc L4-5 RORB GABRG1",0.0797185143357385,0.938057424865942,0.395562414610164,0.529763195854335,0.999997068196745,0.999983379322086,"group_idyes"
"2832","VIL1","Exc L4-5 RORB GABRG1",-0.254390388626158,0.468259186746825,2.57964658378881,0.109066249934036,0.999997068196745,0.999983379322086,"group_idyes"
"2833","USP37","Exc L4-5 RORB GABRG1",0.00946144097563938,5.93901004194815,0.112392711003689,0.886047178059932,0.999997068196745,0.999983379322086,"group_idyes"
"2834","CNOT9","Exc L4-5 RORB GABRG1",-0.0182510005628413,4.86599671710135,0.261521010442083,0.609370485484383,0.999997068196745,0.999983379322086,"group_idyes"
"2835","PLCD4","Exc L4-5 RORB GABRG1",0.0128751614462931,3.10509527279549,0.031099969080293,0.860110334568856,0.999997068196745,0.999983379322086,"group_idyes"
"2836","ZNF142","Exc L4-5 RORB GABRG1",0.035373051214459,3.83255969465489,0.608365618219236,0.702504221148209,0.999997068196745,0.999983379322086,"group_idyes"
"2837","BCS1L","Exc L4-5 RORB GABRG1",0.00364039591659799,2.19990984279986,0.00178430753596331,0.966328440145722,0.999997068196745,0.999983379322086,"group_idyes"
"2838","RNF25","Exc L4-5 RORB GABRG1",-0.0822904429942848,3.21695920153451,2.49540504741304,0.115000775847667,0.999997068196745,0.999983379322086,"group_idyes"
"2839","STK36","Exc L4-5 RORB GABRG1",-0.0378339641510375,4.60304313137213,0.772460999763256,0.481869546435967,0.999997068196745,0.999983379322086,"group_idyes"
"2840","TTLL4","Exc L4-5 RORB GABRG1",-0.065719663347309,2.87486289356939,1.29624152051748,0.255609346278352,0.999997068196745,0.999983379322086,"group_idyes"
"2841","CYP27A1","Exc L4-5 RORB GABRG1",-0.017468126880605,1.8109976757798,0.025570902123592,0.873036645071139,0.999997068196745,0.999983379322086,"group_idyes"
"2842","WNT10A","Exc L4-5 RORB GABRG1",-0.0040402316929612,0.94761524276154,0.000709049668967178,0.978770257373395,0.999997068196745,0.999983379322086,"group_idyes"
"2843","LINC01494","Exc L4-5 RORB GABRG1",-0.115372111885846,2.84667230802617,1.58440358078272,0.208890784372655,0.999997068196745,0.999983379322086,"group_idyes"
"2844","AC097468.2","Exc L4-5 RORB GABRG1",-0.0180262753092769,1.94833503386906,0.0358307428395605,0.849965272041807,0.999997068196745,0.999983379322086,"group_idyes"
"2845","CDK5R2","Exc L4-5 RORB GABRG1",0.0241503793327604,4.84319245792002,0.138002624293979,0.710479300882831,0.999997068196745,0.999983379322086,"group_idyes"
"2846","FEV","Exc L4-5 RORB GABRG1",-0.000307086742391504,0.266874816962367,4.38916878115697e-05,0.994717423329785,0.999997068196745,0.999983379322086,"group_idyes"
"2847","CRYBA2","Exc L4-5 RORB GABRG1",0.0152019326858739,0.0898003519453906,0.00525190396026697,0.942265522058184,0.999997068196745,0.999983379322086,"group_idyes"
"2848","CFAP65","Exc L4-5 RORB GABRG1",0.0999933606516687,2.85307873249727,2.23565874872217,0.135678915459092,0.999997068196745,0.999983379322086,"group_idyes"
"2849","CNPPD1","Exc L4-5 RORB GABRG1",0.0712884012952945,2.5502553150893,0.919511224268676,0.619312302733239,0.999997068196745,0.999983379322086,"group_idyes"
"2850","RETREG2","Exc L4-5 RORB GABRG1",0.0654020560695369,5.52706902816194,0.655235267049364,0.418747465614088,0.999997068196745,0.999983379322086,"group_idyes"
"2851","ZFAND2B","Exc L4-5 RORB GABRG1",0.0218057582983927,4.02085490363356,0.112884887748508,0.737066494765367,0.999997068196745,0.999983379322086,"group_idyes"
"2852","ATG9A","Exc L4-5 RORB GABRG1",-0.0414253619169477,2.09224374249615,0.277068545927448,0.598932376207514,0.999997068196745,0.999983379322086,"group_idyes"
"2853","ANKZF1","Exc L4-5 RORB GABRG1",-0.0573624133445202,5.26785895311982,1.95350720973761,0.163014793707409,0.999997068196745,0.999983379322086,"group_idyes"
"2854","GLB1L","Exc L4-5 RORB GABRG1",-0.0199869603168745,0.876931777165062,0.0215727654561425,0.883306276158508,0.999997068196745,0.999983379322086,"group_idyes"
"2855","STK16","Exc L4-5 RORB GABRG1",-0.1072211386925,1.76050806655933,0.784862481041046,0.376211532234241,0.999997068196745,0.999983379322086,"group_idyes"
"2856","TUBA4A","Exc L4-5 RORB GABRG1",0.0487835174806357,6.06647356253975,0.211687024148932,0.64570824534099,0.999997068196745,0.999983379322086,"group_idyes"
"2857","DNAJB2","Exc L4-5 RORB GABRG1",0.107795903030818,6.00232764127707,3.16853850536627,0.0758587599224822,0.999997068196745,0.999983379322086,"group_idyes"
"2858","PTPRN","Exc L4-5 RORB GABRG1",0.0211423802560069,6.5804630297655,0.307158763273783,0.579750935071085,0.999997068196745,0.999983379322086,"group_idyes"
"2859","DNPEP","Exc L4-5 RORB GABRG1",-0.0391588986258656,3.10257526547789,0.479053028736077,0.617773792338543,0.999997068196745,0.999983379322086,"group_idyes"
"2860","SPEG","Exc L4-5 RORB GABRG1",-0.045120181764004,4.70305920912392,1.20251002297605,0.27350649450806,0.999997068196745,0.999983379322086,"group_idyes"
"2861","GMPPA","Exc L4-5 RORB GABRG1",0.0223662967843414,2.7961071359506,0.116107883730726,0.733480745907926,0.999997068196745,0.999983379322086,"group_idyes"
"2862","ASIC4","Exc L4-5 RORB GABRG1",0.203808328702916,1.46727401946689,4.42590257368486,0.0360459716708874,0.999997068196745,0.999983379322086,"group_idyes"
"2863","CHPF","Exc L4-5 RORB GABRG1",0.0482243075487401,3.27224584899169,0.565791127485952,0.452396214192864,0.999997068196745,0.999983379322086,"group_idyes"
"2864","TMEM198","Exc L4-5 RORB GABRG1",0.0420743230261731,2.84809670585926,0.326236789007035,0.774064753886099,0.999997068196745,0.999983379322086,"group_idyes"
"2865","OBSL1","Exc L4-5 RORB GABRG1",0.00200480827997689,4.94670583304938,0.00259043964270713,0.959434518468688,0.999997068196745,0.999983379322086,"group_idyes"
"2866","INHA","Exc L4-5 RORB GABRG1",-0.0167123211533796,3.04664391614518,0.0231089613470882,0.879253749110029,0.999997068196745,0.999983379322086,"group_idyes"
"2867","STK11IP","Exc L4-5 RORB GABRG1",0.0341937224002114,3.76438170503726,0.453985801587379,0.823202651309156,0.999997068196745,0.999983379322086,"group_idyes"
"2868","SLC4A3","Exc L4-5 RORB GABRG1",0.0520219592288935,3.55871433930408,0.917033693477766,0.338856405920325,0.999997068196745,0.999983379322086,"group_idyes"
"2869","AC019211.1","Exc L4-5 RORB GABRG1",-0.0301040909585623,8.73152652448742,0.342849641308813,0.558532248956619,0.999997068196745,0.999983379322086,"group_idyes"
"2870","AC067956.1","Exc L4-5 RORB GABRG1",-0.0143878671917486,8.27642570362385,0.092908386308042,0.760676621645434,0.999997068196745,0.999983379322086,"group_idyes"
"2871","AC093843.1","Exc L4-5 RORB GABRG1",0.0793147404130741,2.07142271768547,0.611773664686928,0.434601886921403,0.999997068196745,0.999983379322086,"group_idyes"
"2872","EPHA4","Exc L4-5 RORB GABRG1",0.00301582827484453,8.93358699221319,0.0173188556405736,0.895368589073128,0.999997068196745,0.999983379322086,"group_idyes"
"2873","AC079834.2","Exc L4-5 RORB GABRG1",0.0802929114235514,1.29491463267265,0.456486973002422,0.499676277913977,0.999997068196745,0.999983379322086,"group_idyes"
"2874","AC010980.2","Exc L4-5 RORB GABRG1",0.0214555725638714,1.60565348676338,0.0427970897492488,0.836217257569524,0.999997068196745,0.999983379322086,"group_idyes"
"2875","SGPP2","Exc L4-5 RORB GABRG1",0.0303069261782426,5.66089626295119,0.508366546276042,0.47627905026492,0.999997068196745,0.999983379322086,"group_idyes"
"2876","AC097461.1","Exc L4-5 RORB GABRG1",0.110369926511533,1.13450239353214,0.840629642258408,0.359791120900391,0.999997068196745,0.999983379322086,"group_idyes"
"2877","FARSB","Exc L4-5 RORB GABRG1",-0.00557600618445676,5.6950242203195,0.0255588610868706,0.873066286849869,0.999997068196745,0.999983379322086,"group_idyes"
"2878","MOGAT1","Exc L4-5 RORB GABRG1",0.015973601279511,2.83987062958258,0.0384042817545668,0.84473703145813,0.999997068196745,0.999983379322086,"group_idyes"
"2879","ACSL3","Exc L4-5 RORB GABRG1",0.00640345820167875,7.49333121524031,0.0350829723477179,0.851520640280129,0.999997068196745,0.999983379322086,"group_idyes"
"2880","KCNE4","Exc L4-5 RORB GABRG1",0.0548233181564433,0.702310825396261,0.175313824158662,0.84459778347679,0.999997068196745,0.999983379322086,"group_idyes"
"2881","SCG2","Exc L4-5 RORB GABRG1",-0.0969489128391645,5.44737289505519,1.08041984307951,0.299256442881351,0.999997068196745,0.999983379322086,"group_idyes"
"2882","AP1S3","Exc L4-5 RORB GABRG1",-0.043363575773888,4.18887474901049,0.710991567261107,0.399638755263533,0.999997068196745,0.999983379322086,"group_idyes"
"2883","WDFY1","Exc L4-5 RORB GABRG1",-0.0560885883463888,5.49369527105842,4.37738562209301,0.0370737087460389,0.999997068196745,0.999983379322086,"group_idyes"
"2884","MRPL44","Exc L4-5 RORB GABRG1",0.0204490794435701,3.80228227373554,0.0941037919365185,0.759189417186942,0.999997068196745,0.999983379322086,"group_idyes"
"2885","SERPINE2","Exc L4-5 RORB GABRG1",-0.0276272313420512,1.52234035673851,0.035297265223219,0.851073169387291,0.999997068196745,0.999983379322086,"group_idyes"
"2886","CUL3","Exc L4-5 RORB GABRG1",0.0314829169429573,6.4101595383673,1.69997633543236,0.19307066066295,0.999997068196745,0.999983379322086,"group_idyes"
"2887","DOCK10","Exc L4-5 RORB GABRG1",-0.140538981570669,2.87147392153838,1.72292754358174,0.19009911827209,0.999997068196745,0.999983379322086,"group_idyes"
"2888","NYAP2","Exc L4-5 RORB GABRG1",-0.0397112019847805,6.30270349131461,0.547306241678464,0.459871633547134,0.999997068196745,0.999983379322086,"group_idyes"
"2889","AC016717.2","Exc L4-5 RORB GABRG1",0.0445013795500896,3.24359103411514,0.460669858938929,0.497719145470935,0.999997068196745,0.999983379322086,"group_idyes"
"2890","IRS1","Exc L4-5 RORB GABRG1",0.01175377220302,4.89410077509592,0.0788835845014228,0.77896705972996,0.999997068196745,0.999983379322086,"group_idyes"
"2891","AC010735.2","Exc L4-5 RORB GABRG1",0.0500298092110778,2.70314982799626,0.346528479030082,0.556430322715082,0.999997068196745,0.999983379322086,"group_idyes"
"2892","RHBDD1","Exc L4-5 RORB GABRG1",0.0495958826470928,5.00712666680692,1.05934209475212,0.304011909033679,0.999997068196745,0.999983379322086,"group_idyes"
"2893","COL4A4","Exc L4-5 RORB GABRG1",-0.0057030975944507,1.01362168196861,0.0026002962485614,0.959357482963306,0.999997068196745,0.999983379322086,"group_idyes"
"2894","COL4A3","Exc L4-5 RORB GABRG1",-0.00558300594073357,2.51532500843751,0.00338275622067347,0.953650209889441,0.999997068196745,0.999983379322086,"group_idyes"
"2895","AC097662.1","Exc L4-5 RORB GABRG1",0.0110220232184047,4.40909459021836,0.0553475450377143,0.814131652773914,0.999997068196745,0.999983379322086,"group_idyes"
"2896","MFF","Exc L4-5 RORB GABRG1",-0.0149128433017721,6.40536951479247,0.242591183663185,0.937210014887997,0.999997068196745,0.999983379322086,"group_idyes"
"2897","AGFG1","Exc L4-5 RORB GABRG1",0.0122235521365278,6.8977560696634,0.199488725094116,0.655385150871052,0.999997068196745,0.999983379322086,"group_idyes"
"2898","SLC19A3","Exc L4-5 RORB GABRG1",0.0401029274351766,0.95518330015334,0.09468900539411,0.758465120781244,0.999997068196745,0.999983379322086,"group_idyes"
"2899","SPHKAP","Exc L4-5 RORB GABRG1",0.167173456078867,1.34618044052845,1.54669512246707,0.214381248211549,0.999997068196745,0.999983379322086,"group_idyes"
"2900","PID1","Exc L4-5 RORB GABRG1",-0.0756980275802348,5.58513338176421,0.889938020280267,0.346086121689699,0.999997068196745,0.999983379322086,"group_idyes"
"2901","DNER","Exc L4-5 RORB GABRG1",0.00568535349683222,5.11362718582841,0.0209425465611182,0.885011360159447,0.999997068196745,0.999983379322086,"group_idyes"
"2902","TRIP12","Exc L4-5 RORB GABRG1",-0.0037377454963942,7.27617638671244,0.0252530907931313,0.873821424653192,0.999997068196745,0.999983379322086,"group_idyes"
"2903","FBXO36","Exc L4-5 RORB GABRG1",-0.031040951370317,5.11189957025754,0.402205522212618,0.526329323718991,0.999997068196745,0.999983379322086,"group_idyes"
"2904","SLC16A14","Exc L4-5 RORB GABRG1",-0.040102272823505,4.70225493622964,1.03663950867949,0.309244153026403,0.999997068196745,0.999983379322086,"group_idyes"
"2905","AC009950.1","Exc L4-5 RORB GABRG1",-0.10957148503822,2.57586686996362,1.24674277980653,0.264872354476922,0.999997068196745,0.999983379322086,"group_idyes"
"2906","SP110","Exc L4-5 RORB GABRG1",-0.108024034667765,0.867849259371879,0.480006725912922,0.488837262188655,0.999997068196745,0.999983379322086,"group_idyes"
"2907","SP140","Exc L4-5 RORB GABRG1",-0.175337294173311,3.49458032560463,3.15150636830068,0.0766474215812415,0.999997068196745,0.999983379322086,"group_idyes"
"2908","SP140L","Exc L4-5 RORB GABRG1",-0.0513454544658347,2.35488397273924,0.230409571765678,0.631493088558781,0.999997068196745,0.999983379322086,"group_idyes"
"2909","SP100","Exc L4-5 RORB GABRG1",-0.280473990843442,0.789911191171622,3.3303302805537,0.0687885020352706,0.999997068196745,0.999983379322086,"group_idyes"
"2910","AC010149.1","Exc L4-5 RORB GABRG1",0.161800584701458,0.563363195573449,1.01438071333941,0.314488652988372,0.999997068196745,0.999983379322086,"group_idyes"
"2911","CAB39","Exc L4-5 RORB GABRG1",0.0146557893497116,6.74095331742947,0.345694629851531,0.556905426804188,0.999997068196745,0.999983379322086,"group_idyes"
"2912","ITM2C","Exc L4-5 RORB GABRG1",-0.0225810945968926,5.9193256589687,0.0508890694156125,0.821643169309849,0.999997068196745,0.999983379322086,"group_idyes"
"2913","AC012507.2","Exc L4-5 RORB GABRG1",-0.0989516615380989,1.01245417625591,0.523638183896018,0.469733589757843,0.999997068196745,0.999983379322086,"group_idyes"
"2914","GPR55","Exc L4-5 RORB GABRG1",-0.185688385381818,2.01845037795542,1.58582244039519,0.208687479125292,0.999997068196745,0.999983379322086,"group_idyes"
"2915","SPATA3","Exc L4-5 RORB GABRG1",0.252713994707455,0.329652754763529,2.31316284092233,0.129104200815828,0.999997068196745,0.999983379322086,"group_idyes"
"2916","C2orf72","Exc L4-5 RORB GABRG1",-0.0350729211469939,5.62543273656632,0.592640915305595,0.441872115516506,0.999997068196745,0.999983379322086,"group_idyes"
"2917","PSMD1","Exc L4-5 RORB GABRG1",0.0133665964666244,6.81386506442673,0.281104521843756,0.59628404645135,0.999997068196745,0.999983379322086,"group_idyes"
"2918","ARMC9","Exc L4-5 RORB GABRG1",-0.00440000687302866,7.53202929686959,0.0183345914358619,0.892362260398772,0.999997068196745,0.999983379322086,"group_idyes"
"2919","NCL","Exc L4-5 RORB GABRG1",0.0798433797212748,5.44872903379439,2.01820350940199,0.156232853034112,0.999997068196745,0.999983379322086,"group_idyes"
"2920","LINC00471","Exc L4-5 RORB GABRG1",0.0472250355924307,1.8223259155047,0.22630963102006,0.822834468581248,0.999997068196745,0.999983379322086,"group_idyes"
"2921","PTMA","Exc L4-5 RORB GABRG1",0.00619907575074546,7.3071231589313,0.00505653973537668,0.943347675348809,0.999997068196745,0.999983379322086,"group_idyes"
"2922","PDE6D","Exc L4-5 RORB GABRG1",-0.0304450560272676,4.19590794700637,0.430824998973953,0.511976789985574,0.999997068196745,0.999983379322086,"group_idyes"
"2923","COPS7B","Exc L4-5 RORB GABRG1",-0.0225171296847091,4.37640250042124,0.393479182575226,0.530848329629181,0.999997068196745,0.999983379322086,"group_idyes"
"2924","DIS3L2","Exc L4-5 RORB GABRG1",-0.0552775205801037,6.95918309880723,2.49976902194705,0.114684727513541,0.999997068196745,0.999983379322086,"group_idyes"
"2925","AC019130.1","Exc L4-5 RORB GABRG1",-0.116134272294969,2.15283742061577,0.607815953893139,0.43609065342672,0.999997068196745,0.999983379322086,"group_idyes"
"2926","TIGD1","Exc L4-5 RORB GABRG1",0.129789826363456,1.8899971590995,2.50849115597824,0.114055929425242,0.999997068196745,0.999983379322086,"group_idyes"
"2927","EIF4E2","Exc L4-5 RORB GABRG1",-0.0268565718191986,4.56702552753486,0.466550726831267,0.985678745578393,0.999997068196745,0.999983379322086,"group_idyes"
"2928","EFHD1","Exc L4-5 RORB GABRG1",-0.0483981537474444,1.84426293459683,0.215322726829341,0.642889555633503,0.999997068196745,0.999983379322086,"group_idyes"
"2929","GIGYF2","Exc L4-5 RORB GABRG1",-0.0178024108416294,6.85611017039088,0.355468435337796,0.551384403828847,0.999997068196745,0.999983379322086,"group_idyes"
"2930","SNORC","Exc L4-5 RORB GABRG1",-0.0166900058948133,3.34326973747304,0.114802327960741,0.734926473400722,0.999997068196745,0.999983379322086,"group_idyes"
"2931","NGEF","Exc L4-5 RORB GABRG1",-0.0187415880913592,6.31895579321358,0.287460150522585,0.592162587595397,0.999997068196745,0.999983379322086,"group_idyes"
"2932","INPP5D","Exc L4-5 RORB GABRG1",-0.117536836411594,1.09762608185442,0.912708051394416,0.487157897870495,0.999997068196745,0.999983379322086,"group_idyes"
"2933","ATG16L1","Exc L4-5 RORB GABRG1",-0.00223391975791108,4.50895652863105,0.00326893671245216,0.954435780674914,0.999997068196745,0.999983379322086,"group_idyes"
"2934","DGKD","Exc L4-5 RORB GABRG1",0.145473441392125,1.29596592707349,1.16045117274256,0.282046984475172,0.999997068196745,0.999983379322086,"group_idyes"
"2935","USP40","Exc L4-5 RORB GABRG1",0.00332159187835402,4.91365019877557,0.0035647493699321,0.952421174132141,0.999997068196745,0.999983379322086,"group_idyes"
"2936","ARL4C","Exc L4-5 RORB GABRG1",0.0190845172272709,5.88652356471387,0.0867261578911038,0.768540003249658,0.999997068196745,0.999983379322086,"group_idyes"
"2937","AGAP1","Exc L4-5 RORB GABRG1",-0.0428446292768212,8.89227619031635,1.2614264669113,0.262081616026107,0.999997068196745,0.999983379322086,"group_idyes"
"2938","AC019068.1","Exc L4-5 RORB GABRG1",0.0783163296574255,1.11872513232112,0.288175878118624,0.591702141466159,0.999997068196745,0.999983379322086,"group_idyes"
"2939","ASB18","Exc L4-5 RORB GABRG1",0.177687858444022,1.9686132910553,1.01579201335396,0.31415269060237,0.999997068196745,0.999983379322086,"group_idyes"
"2940","IQCA1","Exc L4-5 RORB GABRG1",0.0568927987921314,6.3644620479715,1.03018488218614,0.310753117480927,0.999997068196745,0.999983379322086,"group_idyes"
"2941","ACKR3","Exc L4-5 RORB GABRG1",0.230821292545705,0.913951843131293,3.13933239546274,0.0772165521330968,0.999997068196745,0.999983379322086,"group_idyes"
"2942","AC105760.1","Exc L4-5 RORB GABRG1",0.0150612956513231,0.814758140872796,0.0135498854877146,0.907393121894273,0.999997068196745,0.999983379322086,"group_idyes"
"2943","AC105760.2","Exc L4-5 RORB GABRG1",0.0459226676617447,3.07920261934134,0.496914254264333,0.481285643751225,0.999997068196745,0.999983379322086,"group_idyes"
"2944","COPS8","Exc L4-5 RORB GABRG1",0.0215100411170486,4.86783107303935,0.121432951966483,0.727676112990352,0.999997068196745,0.999983379322086,"group_idyes"
"2945","COL6A3","Exc L4-5 RORB GABRG1",-0.306428522564645,0.661827241813182,4.09449979637262,0.0437138557556697,0.999997068196745,0.999983379322086,"group_idyes"
"2946","MLPH","Exc L4-5 RORB GABRG1",-0.132616074672714,1.28680547163554,0.995777080965448,0.318961693199652,0.999997068196745,0.999983379322086,"group_idyes"
"2947","LRRFIP1","Exc L4-5 RORB GABRG1",-0.029283122127682,7.37580668995246,0.803622200445243,0.370573165924308,0.999997068196745,0.999983379322086,"group_idyes"
"2948","RBM44","Exc L4-5 RORB GABRG1",-0.0775941134244005,0.445378311969411,0.224841617738112,0.635644352604744,0.999997068196745,0.999983379322086,"group_idyes"
"2949","RAMP1","Exc L4-5 RORB GABRG1",0.0858953140136531,5.1051217757848,2.05489155836096,0.152530218050257,0.999997068196745,0.999983379322086,"group_idyes"
"2950","UBE2F-SCLY","Exc L4-5 RORB GABRG1",-0.0206162089133616,3.06422066655918,0.142526638093461,0.70599017743679,0.999997068196745,0.999983379322086,"group_idyes"
"2951","ILKAP","Exc L4-5 RORB GABRG1",-0.0151418835566682,5.94142824718102,0.220620543126633,0.638833606056651,0.999997068196745,0.999983379322086,"group_idyes"
"2952","HES6","Exc L4-5 RORB GABRG1",0.187007806854414,2.68423123171943,4.00183187721246,0.0461531506134181,0.999997068196745,0.999983379322086,"group_idyes"
"2953","PER2","Exc L4-5 RORB GABRG1",-0.121634742882226,4.3450920750937,1.96365337887918,0.161929276997504,0.999997068196745,0.999983379322086,"group_idyes"
"2954","TRAF3IP1","Exc L4-5 RORB GABRG1",-0.02664933648358,5.82153771624593,0.502601976955571,0.478788426801206,0.999997068196745,0.999983379322086,"group_idyes"
"2955","ASB1","Exc L4-5 RORB GABRG1",0.00471414448856523,3.38469813047722,0.00639662643777299,0.936295612875903,0.999997068196745,0.999983379322086,"group_idyes"
"2956","TWIST2","Exc L4-5 RORB GABRG1",0.133345934182336,4.69834688780715,2.05691353392198,0.152329077204028,0.999997068196745,0.999983379322086,"group_idyes"
"2957","HDAC4","Exc L4-5 RORB GABRG1",-0.0295341037652928,7.51812337586951,0.443688736156741,0.505746607522548,0.999997068196745,0.999983379322086,"group_idyes"
"2958","AC062017.1","Exc L4-5 RORB GABRG1",-0.142601656611546,0.602271251227802,0.854745275929976,0.355792882092597,0.999997068196745,0.999983379322086,"group_idyes"
"2959","AC093802.1","Exc L4-5 RORB GABRG1",0.119837448823255,0.926122421048299,0.820633120210321,0.365562093339257,0.999997068196745,0.999983379322086,"group_idyes"
"2960","NDUFA10","Exc L4-5 RORB GABRG1",-0.0472287662188517,6.9428617900739,1.80429971961769,0.179985350544534,0.999997068196745,0.999983379322086,"group_idyes"
"2961","COPS9","Exc L4-5 RORB GABRG1",-0.0136958492669358,4.12370535064977,0.0128929510630498,0.909656026571914,0.999997068196745,0.999983379322086,"group_idyes"
"2962","GPC1","Exc L4-5 RORB GABRG1",0.0211749740171686,5.66506930728098,0.14814658780081,0.700525561043207,0.999997068196745,0.999983379322086,"group_idyes"
"2963","ANKMY1","Exc L4-5 RORB GABRG1",-0.0433232191396593,4.72140546368756,0.556447384393063,0.456150726453818,0.999997068196745,0.999983379322086,"group_idyes"
"2964","DUSP28","Exc L4-5 RORB GABRG1",0.0577745116313437,2.29667705547108,0.387456897128358,0.534007945956176,0.999997068196745,0.999983379322086,"group_idyes"
"2965","RNPEPL1","Exc L4-5 RORB GABRG1",0.00844744073945606,3.55229426922633,0.0236062154778634,0.877971674085359,0.999997068196745,0.999983379322086,"group_idyes"
"2966","CAPN10-DT","Exc L4-5 RORB GABRG1",-0.069007598557153,2.28244598227946,0.90918612111109,0.34092914395554,0.999997068196745,0.999983379322086,"group_idyes"
"2967","CAPN10","Exc L4-5 RORB GABRG1",-0.0547234987386166,3.70762997365037,1.1733838569013,0.279385443660819,0.999997068196745,0.999983379322086,"group_idyes"
"2968","GPR35","Exc L4-5 RORB GABRG1",-0.0972272935063905,1.13643948751177,0.609211683134024,0.435564735433385,0.999997068196745,0.999983379322086,"group_idyes"
"2969","KIF1A","Exc L4-5 RORB GABRG1",0.022067424881712,7.22997096065667,0.430414771588836,0.51217765622159,0.999997068196745,0.999983379322086,"group_idyes"
"2970","SNED1","Exc L4-5 RORB GABRG1",0.0236820949209327,7.80435188569067,0.233088054888869,0.629518071229122,0.999997068196745,0.999983379322086,"group_idyes"
"2971","AC005237.1","Exc L4-5 RORB GABRG1",0.0813535318481972,3.32328973076372,0.637499935496426,0.425110140826009,0.999997068196745,0.999983379322086,"group_idyes"
"2972","MTERF4","Exc L4-5 RORB GABRG1",0.0257174809377663,5.22046215396736,0.455670509292362,0.500059817361221,0.999997068196745,0.999983379322086,"group_idyes"
"2973","PASK","Exc L4-5 RORB GABRG1",0.0415659768139133,3.95749459903406,0.598302568992769,0.439701406927629,0.999997068196745,0.999983379322086,"group_idyes"
"2974","PPP1R7","Exc L4-5 RORB GABRG1",0.0125567112859493,5.63845011834651,0.115867450948765,0.733746308949241,0.999997068196745,0.999983379322086,"group_idyes"
"2975","ANO7","Exc L4-5 RORB GABRG1",-0.0664325510682931,2.23829897001645,0.558157046138403,0.455460090060675,0.999997068196745,0.999983379322086,"group_idyes"
"2976","HDLBP","Exc L4-5 RORB GABRG1",0.0296145987536571,6.16285967496517,1.37406104594716,0.241840706578629,0.999997068196745,0.999983379322086,"group_idyes"
"2977","SEPT2","Exc L4-5 RORB GABRG1",-0.0148115392508766,6.46275836622561,0.224708818503629,0.635744128888778,0.999997068196745,0.999983379322086,"group_idyes"
"2978","FARP2","Exc L4-5 RORB GABRG1",-0.0726207288121292,5.53914833912814,2.87542531775648,0.0907502236777863,0.999997068196745,0.999983379322086,"group_idyes"
"2979","STK25","Exc L4-5 RORB GABRG1",-0.0483201079801689,5.43026240167223,1.77779696831723,0.183208998322416,0.999997068196745,0.999983379322086,"group_idyes"
"2980","BOK-AS1","Exc L4-5 RORB GABRG1",0.0697209271771714,0.593015703441751,0.245779635328235,0.62034564036715,0.999997068196745,0.999983379322086,"group_idyes"
"2981","BOK","Exc L4-5 RORB GABRG1",-0.0535068996981557,1.89565736718604,0.338799137750642,0.56086412454435,0.999997068196745,0.999983379322086,"group_idyes"
"2982","AC133528.1","Exc L4-5 RORB GABRG1",0.0210408223259005,0.401405122756866,0.0093866838261135,0.922868250214382,0.999997068196745,0.999983379322086,"group_idyes"
"2983","THAP4","Exc L4-5 RORB GABRG1",-0.0103824877903245,4.62714009832321,0.0907920978146268,0.787115574820471,0.999997068196745,0.999983379322086,"group_idyes"
"2984","ATG4B","Exc L4-5 RORB GABRG1",-0.0508785576362476,6.06074471377435,1.93457758558203,0.165062400661385,0.999997068196745,0.999983379322086,"group_idyes"
"2985","DTYMK","Exc L4-5 RORB GABRG1",-0.0731331837828277,2.54969829660283,1.33115001632115,0.271092122577583,0.999997068196745,0.999983379322086,"group_idyes"
"2986","ING5","Exc L4-5 RORB GABRG1",-0.0240724362040661,5.54230430112583,0.742984428709594,0.389243465275119,0.999997068196745,0.999983379322086,"group_idyes"
"2987","D2HGDH","Exc L4-5 RORB GABRG1",-0.0150130576197234,3.80110716227119,0.0524440576584897,0.818985412428842,0.999997068196745,0.999983379322086,"group_idyes"
"2988","GAL3ST2","Exc L4-5 RORB GABRG1",0.138981407411066,0.711528396559085,0.733552765447535,0.392267153409228,0.999997068196745,0.999983379322086,"group_idyes"
"2989","NEU4","Exc L4-5 RORB GABRG1",0.134568289680129,0.872071339427103,1.05669048746464,0.304617061386758,0.999997068196745,0.999983379322086,"group_idyes"
"2990","RTP5","Exc L4-5 RORB GABRG1",0.118468107409342,0.517505940862342,0.444432537300729,0.5053903679294,0.999997068196745,0.999983379322086,"group_idyes"
"2991","AC131097.2","Exc L4-5 RORB GABRG1",-0.0661024498517522,0.0328642535448761,0.0875117315092536,0.767524234253717,0.999997068196745,0.999983379322086,"group_idyes"
"2992","CHL1","Exc L4-5 RORB GABRG1",0.0272982785056398,8.34117101230044,0.564441670847688,0.452935446363768,0.999997068196745,0.999983379322086,"group_idyes"
"2993","LINC01266","Exc L4-5 RORB GABRG1",-0.12867584455193,5.55043980521642,1.78122881065874,0.182787809042737,0.999997068196745,0.999983379322086,"group_idyes"
"2994","CNTN6","Exc L4-5 RORB GABRG1",-0.143163923168845,4.50857971172058,2.49977426468156,0.114684348402381,0.999997068196745,0.999983379322086,"group_idyes"
"2995","CNTN4","Exc L4-5 RORB GABRG1",0.00133638466746689,8.47420352548224,0.000624591197382786,0.980074443569768,0.999997068196745,0.999983379322086,"group_idyes"
"2996","CNTN4-AS2","Exc L4-5 RORB GABRG1",-0.222666649246639,0.651321774153482,1.58206777535163,0.209225989190078,0.999997068196745,0.999983379322086,"group_idyes"
"2997","CNTN4-AS1","Exc L4-5 RORB GABRG1",0.252496513134236,0.32642156478404,2.34845270130619,0.126229285561786,0.999997068196745,0.999983379322086,"group_idyes"
"2998","IL5RA","Exc L4-5 RORB GABRG1",0.0767960254036893,0.617629880876792,0.20783556935236,0.648726391260921,0.999997068196745,0.999983379322086,"group_idyes"
"2999","TRNT1","Exc L4-5 RORB GABRG1",-0.00644856139471191,4.33228455650767,0.0159696225532809,0.899504293947505,0.999997068196745,0.999983379322086,"group_idyes"
"3000","CRBN","Exc L4-5 RORB GABRG1",0.0169409295826299,6.44396010021047,0.286147526718831,0.593008954598538,0.999997068196745,0.999983379322086,"group_idyes"
"3001","AC024060.1","Exc L4-5 RORB GABRG1",0.0634788137542514,2.24623067983812,0.609612631911861,0.435413835154678,0.999997068196745,0.999983379322086,"group_idyes"
"3002","AC034195.1","Exc L4-5 RORB GABRG1",-0.114398982935595,5.0749154550723,3.32063454590012,0.0691915872301647,0.999997068196745,0.999983379322086,"group_idyes"
"3003","SUMF1","Exc L4-5 RORB GABRG1",-0.0385200439131871,7.30222383781817,0.623818802147653,0.430118240353921,0.999997068196745,0.999983379322086,"group_idyes"
"3004","LRRN1","Exc L4-5 RORB GABRG1",0.0344405615585109,6.3694563169346,0.573257210225549,0.449430920710912,0.999997068196745,0.999983379322086,"group_idyes"
"3005","SETMAR","Exc L4-5 RORB GABRG1",-0.02136683689541,2.86750438007653,0.116692828412509,0.871339419477604,0.999997068196745,0.999983379322086,"group_idyes"
"3006","ITPR1-DT","Exc L4-5 RORB GABRG1",0.120958349481373,2.67907583310207,2.97298544954459,0.0854687246679269,0.999997068196745,0.999983379322086,"group_idyes"
"3007","ITPR1","Exc L4-5 RORB GABRG1",-0.00289343417427831,8.4393310935664,0.0128785248419163,0.909706367414929,0.999997068196745,0.999983379322086,"group_idyes"
"3008","AC018816.1","Exc L4-5 RORB GABRG1",-0.101617931185399,4.50807434995047,2.21542614316565,0.137456522935179,0.999997068196745,0.999983379322086,"group_idyes"
"3009","BHLHE40-AS1","Exc L4-5 RORB GABRG1",-0.0304157322038204,4.45047529020146,0.249957897045849,0.617390550953545,0.999997068196745,0.999983379322086,"group_idyes"
"3010","BHLHE40","Exc L4-5 RORB GABRG1",-0.00328900939072449,5.14832657334716,0.00321002577437795,0.954847769360819,0.999997068196745,0.999983379322086,"group_idyes"
"3011","ARL8B","Exc L4-5 RORB GABRG1",0.0188915317719751,6.47101442034044,0.381275936177994,0.537286455472167,0.999997068196745,0.999983379322086,"group_idyes"
"3012","AC026202.2","Exc L4-5 RORB GABRG1",-0.0329664844601785,2.86755273008437,0.0444308344367617,0.833165681791069,0.999997068196745,0.999983379322086,"group_idyes"
"3013","EDEM1","Exc L4-5 RORB GABRG1",-0.00618990122866042,4.70208964233971,0.0159577893601589,0.899541335360507,0.999997068196745,0.999983379322086,"group_idyes"
"3014","AC087857.1","Exc L4-5 RORB GABRG1",0.141660228803062,2.97605664809017,2.26760339918451,0.132924614611127,0.999997068196745,0.999983379322086,"group_idyes"
"3015","AC026167.1","Exc L4-5 RORB GABRG1",0.151565474801137,3.37744232715883,1.99617222127854,0.158505476675167,0.999997068196745,0.999983379322086,"group_idyes"
"3016","AC069277.1","Exc L4-5 RORB GABRG1",0.87438018389126,1.7934062217777,35.4694897703714,5.84755584272471e-09,5.27741914805905e-05,5.42740895542494e-05,"group_idyes"
"3017","GRM7-AS3","Exc L4-5 RORB GABRG1",-0.0545560733671187,3.50753723256664,0.512883670804911,0.474327655996837,0.999997068196745,0.999983379322086,"group_idyes"
"3018","GRM7","Exc L4-5 RORB GABRG1",0.00220226932044569,10.2417431078092,0.00323185129306389,0.95469469565215,0.999997068196745,0.999983379322086,"group_idyes"
"3019","GRM7-AS1","Exc L4-5 RORB GABRG1",0.0507948102164266,2.33752419401197,0.126115736435363,0.722688473421583,0.999997068196745,0.999983379322086,"group_idyes"
"3020","AC068313.1","Exc L4-5 RORB GABRG1",-0.0292213636983087,0.312760238141749,0.0192026550748626,0.889859573204922,0.999997068196745,0.999983379322086,"group_idyes"
"3021","LMCD1-AS1","Exc L4-5 RORB GABRG1",-0.197241045514896,4.82009613226698,4.85153148118395,0.0282140279335182,0.999997068196745,0.999983379322086,"group_idyes"
"3022","LMCD1","Exc L4-5 RORB GABRG1",-0.522856559766403,-0.00326697269266302,4.2994986739702,0.0387885585688404,0.999997068196745,0.999983379322086,"group_idyes"
"3023","SSUH2","Exc L4-5 RORB GABRG1",0.0388326381096404,2.799034228986,0.180492527339743,0.671187809972158,0.999997068196745,0.999983379322086,"group_idyes"
"3024","CAV3","Exc L4-5 RORB GABRG1",0.0792051822780792,2.30392708604561,0.342648783109063,0.558647446155061,0.999997068196745,0.999983379322086,"group_idyes"
"3025","OXTR","Exc L4-5 RORB GABRG1",0.0544516520828025,2.30052561757348,0.332926087637852,0.564278620980708,0.999997068196745,0.999983379322086,"group_idyes"
"3026","RAD18","Exc L4-5 RORB GABRG1",-0.00881467893006535,6.01645299006959,0.0320794470391361,0.857947686346779,0.999997068196745,0.999983379322086,"group_idyes"
"3027","SRGAP3","Exc L4-5 RORB GABRG1",-0.0335908427677893,8.80853170528659,0.867585268814288,0.352208793906624,0.999997068196745,0.999983379322086,"group_idyes"
"3028","THUMPD3-AS1","Exc L4-5 RORB GABRG1",0.0166234591384883,5.93598973668894,0.120230708860842,0.728973975138822,0.999997068196745,0.999983379322086,"group_idyes"
"3029","THUMPD3","Exc L4-5 RORB GABRG1",0.0045659446213036,3.74791200013915,0.010395622492532,0.918842395877454,0.999997068196745,0.999983379322086,"group_idyes"
"3030","SETD5","Exc L4-5 RORB GABRG1",-0.0400077473625394,7.82171825319407,2.76645440635689,0.0970735021736192,0.999997068196745,0.999983379322086,"group_idyes"
"3031","LHFPL4","Exc L4-5 RORB GABRG1",-0.027446415974869,6.83316605816655,0.766576410115274,0.381824541359122,0.999997068196745,0.999983379322086,"group_idyes"
"3032","MTMR14","Exc L4-5 RORB GABRG1",-0.0695646861161816,4.55565745894741,3.11197457665604,0.0785122497182727,0.999997068196745,0.999983379322086,"group_idyes"
"3033","CPNE9","Exc L4-5 RORB GABRG1",0.0333889799535451,6.24811698953802,0.484676485326786,0.486732024361744,0.999997068196745,0.999983379322086,"group_idyes"
"3034","BRPF1","Exc L4-5 RORB GABRG1",-0.0121634188968767,3.27503565546958,0.0567964389978783,0.811759764423566,0.999997068196745,0.999983379322086,"group_idyes"
"3035","OGG1","Exc L4-5 RORB GABRG1",-0.0285701976549711,4.24250568293521,0.438763728528641,0.799778953019205,0.999997068196745,0.999983379322086,"group_idyes"
"3036","CAMK1","Exc L4-5 RORB GABRG1",-0.00898799741691001,5.30078467186206,0.0277372040456928,0.867815643301304,0.999997068196745,0.999983379322086,"group_idyes"
"3037","TADA3","Exc L4-5 RORB GABRG1",0.0205299424209388,3.75130629408707,0.12468129067657,0.724205074842188,0.999997068196745,0.999983379322086,"group_idyes"
"3038","TTLL3","Exc L4-5 RORB GABRG1",-0.0236802519231012,2.53358263030278,0.116155194784796,0.733428526010026,0.999997068196745,0.999983379322086,"group_idyes"
"3039","RPUSD3","Exc L4-5 RORB GABRG1",-0.0309098655765005,3.84026540301501,0.308119321142901,0.649364142517989,0.999997068196745,0.999983379322086,"group_idyes"
"3040","JAGN1","Exc L4-5 RORB GABRG1",0.0841185749543567,2.71409356385327,0.660028428256589,0.41705231721119,0.999997068196745,0.999983379322086,"group_idyes"
"3041","IL17RE","Exc L4-5 RORB GABRG1",0.103501514829028,2.08676437331562,1.0510286038008,0.305914462914169,0.999997068196745,0.999983379322086,"group_idyes"
"3042","IL17RC","Exc L4-5 RORB GABRG1",-0.0101682032884088,3.67923197658331,0.0182336074991817,0.892657288387902,0.999997068196745,0.999983379322086,"group_idyes"
"3043","CRELD1","Exc L4-5 RORB GABRG1",0.0266947847109617,6.3054085783036,0.283512475343472,0.594715577719055,0.999997068196745,0.999983379322086,"group_idyes"
"3044","PRRT3","Exc L4-5 RORB GABRG1",0.00196869903975541,4.72500330024323,0.00199163098460609,0.964427222473192,0.999997068196745,0.999983379322086,"group_idyes"
"3045","PRRT3-AS1","Exc L4-5 RORB GABRG1",-0.107677936597006,0.774390455121656,0.640592243599052,0.521971011266516,0.999997068196745,0.999983379322086,"group_idyes"
"3046","EMC3","Exc L4-5 RORB GABRG1",-0.0612871825273355,4.82186458662962,1.73594541738607,0.18843745399503,0.999997068196745,0.999983379322086,"group_idyes"
"3047","FANCD2","Exc L4-5 RORB GABRG1",-0.0610597170337208,2.42939334194233,0.573517105353003,0.44932824638005,0.999997068196745,0.999983379322086,"group_idyes"
"3048","FANCD2OS","Exc L4-5 RORB GABRG1",-0.14105873085173,0.455954046406484,0.770455399650126,0.380624012391164,0.999997068196745,0.999983379322086,"group_idyes"
"3049","BRK1","Exc L4-5 RORB GABRG1",-0.0119551630449449,5.3224144208576,0.0184621166224273,0.891990870951547,0.999997068196745,0.999983379322086,"group_idyes"
"3050","VHL","Exc L4-5 RORB GABRG1",-0.00625892509323342,4.24733075628854,0.0295358718922902,0.863637927446759,0.999997068196745,0.999983379322086,"group_idyes"
"3051","IRAK2","Exc L4-5 RORB GABRG1",-0.0516995367842638,2.85048385079246,0.51317785986121,0.835749811303917,0.999997068196745,0.999983379322086,"group_idyes"
"3052","AC022384.1","Exc L4-5 RORB GABRG1",0.0117833021422946,0.691555919568831,0.00728526482495967,0.93202455022835,0.999997068196745,0.999983379322086,"group_idyes"
"3053","GHRL","Exc L4-5 RORB GABRG1",-0.0225142800077026,1.17914060701406,0.0316677153815599,0.858852564365367,0.999997068196745,0.999983379322086,"group_idyes"
"3054","GHRLOS","Exc L4-5 RORB GABRG1",-0.11248240849865,1.56275486327529,0.93949221138634,0.333017407687804,0.999997068196745,0.999983379322086,"group_idyes"
"3055","SEC13","Exc L4-5 RORB GABRG1",-0.0499952230508459,4.62146090492566,1.99574363329722,0.158550059970112,0.999997068196745,0.999983379322086,"group_idyes"
"3056","ATP2B2","Exc L4-5 RORB GABRG1",-0.0212465756129497,9.13234407390337,0.420963135865431,0.516843943034938,0.999997068196745,0.999983379322086,"group_idyes"
"3057","SLC6A11","Exc L4-5 RORB GABRG1",0.0366039220358153,5.39112068390132,0.640142218181881,0.424153047198447,0.999997068196745,0.999983379322086,"group_idyes"
"3058","SLC6A1","Exc L4-5 RORB GABRG1",-0.0479523312775221,4.2965171323591,0.545760030558107,0.460505775315902,0.999997068196745,0.999983379322086,"group_idyes"
"3059","SLC6A1-AS1","Exc L4-5 RORB GABRG1",0.107202830649811,1.76134585433347,0.438156997850902,0.508409612602152,0.999997068196745,0.999983379322086,"group_idyes"
"3060","HRH1","Exc L4-5 RORB GABRG1",-0.0659667806713162,6.21041644615561,1.41997685980092,0.23414177557538,0.999997068196745,0.999983379322086,"group_idyes"
"3061","ATG7","Exc L4-5 RORB GABRG1",-0.0195156471041519,8.47427845022517,0.312909820517929,0.57622555802389,0.999997068196745,0.999983379322086,"group_idyes"
"3062","VGLL4","Exc L4-5 RORB GABRG1",-0.027084486167859,7.62363116482025,0.48965136045894,0.484505741721961,0.999997068196745,0.999983379322086,"group_idyes"
"3063","TAMM41","Exc L4-5 RORB GABRG1",-0.0940481518880282,5.67807601594194,3.85526461618851,0.0503099543918685,0.999997068196745,0.999983379322086,"group_idyes"
"3064","SYN2","Exc L4-5 RORB GABRG1",-0.0255269386468153,9.34076402402039,0.482589600800439,0.487670973832951,0.999997068196745,0.999983379322086,"group_idyes"
"3065","PPARG","Exc L4-5 RORB GABRG1",-0.0362252769284321,4.58987813393383,0.226207108403839,0.634620504467865,0.999997068196745,0.999983379322086,"group_idyes"
"3066","TSEN2","Exc L4-5 RORB GABRG1",-0.0439214623283376,6.16720185247375,1.31973922857545,0.251352577977691,0.999997068196745,0.999983379322086,"group_idyes"
"3067","MKRN2OS","Exc L4-5 RORB GABRG1",-0.00762903426055888,2.89027681037978,0.00564548329770007,0.940145214680647,0.999997068196745,0.999983379322086,"group_idyes"
"3068","MKRN2","Exc L4-5 RORB GABRG1",0.076004703711633,4.24406551306034,2.87144086659162,0.0909733447883146,0.999997068196745,0.999983379322086,"group_idyes"
"3069","RAF1","Exc L4-5 RORB GABRG1",0.00444851905660419,6.29397655693106,0.0306181272390732,0.861187113074159,0.999997068196745,0.999983379322086,"group_idyes"
"3070","TMEM40","Exc L4-5 RORB GABRG1",0.226884390447185,0.184859845484,1.47116115574103,0.225906786771218,0.999997068196745,0.999983379322086,"group_idyes"
"3071","CAND2","Exc L4-5 RORB GABRG1",-0.0860584310179683,4.87654217091339,3.71951734388146,0.054515338207406,0.999997068196745,0.999983379322086,"group_idyes"
"3072","RPL32","Exc L4-5 RORB GABRG1",0.00432223832017382,5.63869520107526,0.00122003745755749,0.972154443339178,0.999997068196745,0.999983379322086,"group_idyes"
"3073","IQSEC1","Exc L4-5 RORB GABRG1",-0.0579933568413702,7.64957954304855,3.32433094489803,0.0690376166586469,0.999997068196745,0.999983379322086,"group_idyes"
"3074","NUP210","Exc L4-5 RORB GABRG1",-0.0124751487489771,4.73838715829246,0.086029574236372,0.928445017670035,0.999997068196745,0.999983379322086,"group_idyes"
"3075","HDAC11","Exc L4-5 RORB GABRG1",0.0234817414263543,3.91173715984166,0.29545411601448,0.587061231037528,0.999997068196745,0.999983379322086,"group_idyes"
"3076","FBLN2","Exc L4-5 RORB GABRG1",-0.213149932178261,1.23370548187246,1.83341317691845,0.176519731689585,0.999997068196745,0.999983379322086,"group_idyes"
"3077","LINC00620","Exc L4-5 RORB GABRG1",0.0784807995793177,1.03895322614534,0.311937818859116,0.576818390863493,0.999997068196745,0.999983379322086,"group_idyes"
"3078","WNT7A","Exc L4-5 RORB GABRG1",-0.0106164116126147,2.15885655048938,0.0082356324937297,0.927738162450591,0.999997068196745,0.999983379322086,"group_idyes"
"3079","CHCHD4","Exc L4-5 RORB GABRG1",0.074414922939854,2.31528617700619,0.613764304003468,0.433856002658487,0.999997068196745,0.999983379322086,"group_idyes"
"3080","TMEM43","Exc L4-5 RORB GABRG1",-0.00405879594399312,2.89031924226222,0.0031039503970272,0.955599278069335,0.999997068196745,0.999983379322086,"group_idyes"
"3081","AC090004.1","Exc L4-5 RORB GABRG1",0.167041635354421,0.777037021161829,1.35992811749898,0.244272334492466,0.999997068196745,0.999983379322086,"group_idyes"
"3082","XPC","Exc L4-5 RORB GABRG1",-0.0549710642086843,4.93466296075753,1.62748478068738,0.202820990035853,0.999997068196745,0.999983379322086,"group_idyes"
"3083","LSM3","Exc L4-5 RORB GABRG1",0.00834186756827686,3.82312915722452,0.00815710419572001,0.92808256006596,0.999997068196745,0.999983379322086,"group_idyes"
"3084","SLC6A6","Exc L4-5 RORB GABRG1",-0.0612393354546731,4.68401953955601,1.13667389537722,0.287024843096695,0.999997068196745,0.999983379322086,"group_idyes"
"3085","GRIP2","Exc L4-5 RORB GABRG1",0.0832852535207868,1.47297819770298,0.629175372967523,0.428146853151649,0.999997068196745,0.999983379322086,"group_idyes"
"3086","CCDC174","Exc L4-5 RORB GABRG1",-0.000997103025703248,4.43299770507075,0.000695939901252047,0.978967387540443,0.999997068196745,0.999983379322086,"group_idyes"
"3087","C3orf20","Exc L4-5 RORB GABRG1",-0.0498992825658179,3.32301817607343,0.442058409543541,0.506528954765599,0.999997068196745,0.999983379322086,"group_idyes"
"3088","FGD5","Exc L4-5 RORB GABRG1",-0.067165282828012,3.40868719336521,1.13603272046721,0.287160616585888,0.999997068196745,0.999983379322086,"group_idyes"
"3089","FGD5-AS1","Exc L4-5 RORB GABRG1",0.0223366577406637,5.45823911707523,0.323356803990994,0.569929050509758,0.999997068196745,0.999983379322086,"group_idyes"
"3090","NR2C2","Exc L4-5 RORB GABRG1",0.00741679532114959,5.87121854749233,0.0921394785998593,0.966149529960096,0.999997068196745,0.999983379322086,"group_idyes"
"3091","MRPS25","Exc L4-5 RORB GABRG1",-0.0776029287992877,5.50514490506497,3.40006317277203,0.0659626849848492,0.999997068196745,0.999983379322086,"group_idyes"
"3092","RBSN","Exc L4-5 RORB GABRG1",-0.00284159119148589,5.09082630405343,0.00457621875062194,0.9461011814501,0.999997068196745,0.999983379322086,"group_idyes"
"3093","CAPN7","Exc L4-5 RORB GABRG1",0.0346969972870723,6.18768110316357,1.26069015392262,0.26222068319826,0.999997068196745,0.999983379322086,"group_idyes"
"3094","SH3BP5-AS1","Exc L4-5 RORB GABRG1",0.086295159195888,2.32070538488538,1.42592879557845,0.233165731257219,0.999997068196745,0.999983379322086,"group_idyes"
"3095","SH3BP5","Exc L4-5 RORB GABRG1",-0.00900565051874314,6.19025666073804,0.0768266481276778,0.78179367611112,0.999997068196745,0.999983379322086,"group_idyes"
"3096","METTL6","Exc L4-5 RORB GABRG1",-0.0021518256649958,6.22840060809513,0.00309337909585978,0.955674873327318,0.999997068196745,0.999983379322086,"group_idyes"
"3097","EAF1","Exc L4-5 RORB GABRG1",-0.0362473900377158,3.96398087077758,0.429135423370111,0.512804964961879,0.999997068196745,0.999983379322086,"group_idyes"
"3098","EAF1-AS1","Exc L4-5 RORB GABRG1",0.0307499384456206,1.50227634976644,0.0826636354472721,0.928369952307134,0.999997068196745,0.999983379322086,"group_idyes"
"3099","COLQ","Exc L4-5 RORB GABRG1",0.005998236084562,5.65839900088073,0.0140356341664563,0.905755445462405,0.999997068196745,0.999983379322086,"group_idyes"
"3100","HACL1","Exc L4-5 RORB GABRG1",-0.015009587765855,5.8919244408104,0.21749958428358,0.641215701398557,0.999997068196745,0.999983379322086,"group_idyes"
"3101","BTD","Exc L4-5 RORB GABRG1",-0.0150806376185447,3.64646634028353,0.0999202928997216,0.82179531467024,0.999997068196745,0.999983379322086,"group_idyes"
"3102","ANKRD28","Exc L4-5 RORB GABRG1",-0.0133924136866921,6.62619797332285,0.163633935289956,0.686057434885112,0.999997068196745,0.999983379322086,"group_idyes"
"3103","GALNT15","Exc L4-5 RORB GABRG1",0.0546884550213754,2.23484316950378,0.385804797348504,0.534880685047271,0.999997068196745,0.999983379322086,"group_idyes"
"3104","DPH3","Exc L4-5 RORB GABRG1",0.0755196735813838,3.30174893462246,1.75354081102011,0.186218372334584,0.999997068196745,0.999983379322086,"group_idyes"
"3105","OXNAD1","Exc L4-5 RORB GABRG1",-0.0228886336393421,6.15674166494786,0.518143429911135,0.472071768117442,0.999997068196745,0.999983379322086,"group_idyes"
"3106","RFTN1","Exc L4-5 RORB GABRG1",-0.0622424033716205,7.52451513821869,2.34417349021127,0.126574056312409,0.999997068196745,0.999983379322086,"group_idyes"
"3107","DAZL","Exc L4-5 RORB GABRG1",0.244172477485314,0.205585613932172,2.00333961647019,0.157762014699253,0.999997068196745,0.999983379322086,"group_idyes"
"3108","PLCL2","Exc L4-5 RORB GABRG1",-0.0499127318969299,6.80385954883772,2.13102525696622,0.145160223887533,0.999997068196745,0.999983379322086,"group_idyes"
"3109","TBC1D5","Exc L4-5 RORB GABRG1",0.0142307077227835,8.58152457806056,0.164180310917506,0.685561820915859,0.999997068196745,0.999983379322086,"group_idyes"
"3110","KCNH8","Exc L4-5 RORB GABRG1",-0.0508953885517567,3.75132842810788,0.184864446519099,0.667466436199855,0.999997068196745,0.999983379322086,"group_idyes"
"3111","EFHB","Exc L4-5 RORB GABRG1",0.0823295187238964,1.86624390535862,0.330726855241424,0.5655675614615,0.999997068196745,0.999983379322086,"group_idyes"
"3112","RAB5A","Exc L4-5 RORB GABRG1",0.00424246915855457,5.43361668431463,0.0221315663389369,0.881815579193827,0.999997068196745,0.999983379322086,"group_idyes"
"3113","KAT2B","Exc L4-5 RORB GABRG1",0.0151409490190024,5.40904437511838,0.137774155024172,0.710708217495579,0.999997068196745,0.999983379322086,"group_idyes"
"3114","AC099753.1","Exc L4-5 RORB GABRG1",-0.0162297336446098,0.844042387624386,0.0111975449929284,0.915781546037809,0.999997068196745,0.999983379322086,"group_idyes"
"3115","ZNF385D","Exc L4-5 RORB GABRG1",0.0354719615048312,6.45937259685562,0.219486179493582,0.639697026013524,0.999997068196745,0.999983379322086,"group_idyes"
"3116","UBE2E2","Exc L4-5 RORB GABRG1",-0.00252186231637727,9.59857389149068,0.00524587613252652,0.942298605618031,0.999997068196745,0.999983379322086,"group_idyes"
"3117","UBE2E1","Exc L4-5 RORB GABRG1",-0.0710341611474393,5.74756364195955,4.15081094606481,0.0422984462571465,0.999997068196745,0.999983379322086,"group_idyes"
"3118","NKIRAS1","Exc L4-5 RORB GABRG1",0.0174206057264407,4.51748014513179,0.174704556185459,0.691128084645941,0.999997068196745,0.999983379322086,"group_idyes"
"3119","RPL15","Exc L4-5 RORB GABRG1",0.048704799807614,6.97301259817795,0.230292538683503,0.631579706189257,0.999997068196745,0.999983379322086,"group_idyes"
"3120","NR1D2","Exc L4-5 RORB GABRG1",0.0751621646058868,6.9815373741332,3.47912840640343,0.062908475586699,0.999997068196745,0.999983379322086,"group_idyes"
"3121","THRB","Exc L4-5 RORB GABRG1",0.000199648654594326,10.1411051565259,3.44663947131477e-05,0.995318842203932,0.999997068196745,0.999983379322086,"group_idyes"
"3122","AC012087.1","Exc L4-5 RORB GABRG1",0.249404917241328,0.313999085962035,2.1316925401455,0.145097437042851,0.999997068196745,0.999983379322086,"group_idyes"
"3123","AC092422.1","Exc L4-5 RORB GABRG1",-0.0125677077070376,7.88587352797831,0.0765710621312979,0.782147733824552,0.999997068196745,0.999983379322086,"group_idyes"
"3124","RARB","Exc L4-5 RORB GABRG1",-0.00309166961782046,8.57942521362033,0.00474778256169296,0.945101708944923,0.999997068196745,0.999983379322086,"group_idyes"
"3125","TOP2B","Exc L4-5 RORB GABRG1",0.0107242364900079,6.55404915120804,0.147948769752719,0.700715873620228,0.999997068196745,0.999983379322086,"group_idyes"
"3126","NGLY1","Exc L4-5 RORB GABRG1",0.0140986795964753,5.90934680348032,0.202549167331251,0.6529245315984,0.999997068196745,0.999983379322086,"group_idyes"
"3127","OXSM","Exc L4-5 RORB GABRG1",0.105940048678851,3.17672421172931,3.56158349928231,0.124847870090484,0.999997068196745,0.999983379322086,"group_idyes"
"3128","LRRC3B","Exc L4-5 RORB GABRG1",0.136562571645591,1.3836182376529,0.91865724644492,0.338429706610774,0.999997068196745,0.999983379322086,"group_idyes"
"3129","NEK10","Exc L4-5 RORB GABRG1",-0.044674045228694,6.65174495220864,1.29054434520024,0.25665480859585,0.999997068196745,0.999983379322086,"group_idyes"
"3130","SLC4A7","Exc L4-5 RORB GABRG1",-0.0109794680461873,5.71005571202875,0.0690521225360018,0.792862579803435,0.999997068196745,0.999983379322086,"group_idyes"
"3131","LINC01967","Exc L4-5 RORB GABRG1",0.0420567434842793,0.161657099320494,0.0478211542031166,0.911391990287949,0.999997068196745,0.999983379322086,"group_idyes"
"3132","CMC1","Exc L4-5 RORB GABRG1",-3.25086794266944e-05,5.62525032772514,6.93750117284709e-07,0.999335860458621,0.999997068196745,0.999983379322086,"group_idyes"
"3133","AZI2","Exc L4-5 RORB GABRG1",0.0500986790892528,5.06187329701105,1.65230669668161,0.199418485873998,0.999997068196745,0.999983379322086,"group_idyes"
"3134","AC098650.1","Exc L4-5 RORB GABRG1",0.00833182214037043,3.65940283333989,0.0210188955954323,0.997729252759021,0.999997068196745,0.999983379322086,"group_idyes"
"3135","RBMS3","Exc L4-5 RORB GABRG1",0.00518142839705706,3.17755754320681,0.00404740528189628,0.949306467140876,0.999997068196745,0.999983379322086,"group_idyes"
"3136","RBMS3-AS3","Exc L4-5 RORB GABRG1",-0.226233606803119,0.350893330022838,1.77643992971763,0.183375858739159,0.999997068196745,0.999983379322086,"group_idyes"
"3137","TGFBR2","Exc L4-5 RORB GABRG1",-0.262642776556488,0.301355885599524,2.11647607726998,0.146536873120143,0.999997068196745,0.999983379322086,"group_idyes"
"3138","STT3B","Exc L4-5 RORB GABRG1",-0.0241458899807678,5.6369521784994,0.574189704110697,0.554667204155233,0.999997068196745,0.999983379322086,"group_idyes"
"3139","OSBPL10","Exc L4-5 RORB GABRG1",-0.0303598427666977,6.69129775440473,0.4019816764972,0.526444382116082,0.999997068196745,0.999983379322086,"group_idyes"
"3140","OSBPL10-AS1","Exc L4-5 RORB GABRG1",-0.134380617923577,1.12180527228278,0.801432287095742,0.371225225853903,0.999997068196745,0.999983379322086,"group_idyes"
"3141","ZNF860","Exc L4-5 RORB GABRG1",0.021794126931432,1.21444343033331,0.0360191844681824,0.849575970608719,0.999997068196745,0.999983379322086,"group_idyes"
"3142","GPD1L","Exc L4-5 RORB GABRG1",0.0255675923060416,5.74969228085739,0.673988357662357,0.412172931591164,0.999997068196745,0.999983379322086,"group_idyes"
"3143","CMTM8","Exc L4-5 RORB GABRG1",0.110261861919477,1.07534328756662,0.824449593084917,0.509928475683673,0.999997068196745,0.999983379322086,"group_idyes"
"3144","CMTM7","Exc L4-5 RORB GABRG1",-0.0678665000346054,1.39650959738603,0.250340546948295,0.617121467359462,0.999997068196745,0.999983379322086,"group_idyes"
"3145","CMTM6","Exc L4-5 RORB GABRG1",-0.0378063227456828,3.66196804641264,0.579970729286898,0.503404177545995,0.999997068196745,0.999983379322086,"group_idyes"
"3146","DYNC1LI1","Exc L4-5 RORB GABRG1",-0.0175093425078267,6.10399254362195,0.397881181586843,0.719292351954297,0.999997068196745,0.999983379322086,"group_idyes"
"3147","CNOT10","Exc L4-5 RORB GABRG1",-0.0323797106742374,5.96905350990307,0.902114814462975,0.342811534865677,0.999997068196745,0.999983379322086,"group_idyes"
"3148","TRIM71","Exc L4-5 RORB GABRG1",-0.106271815780746,2.98964906735427,2.27913851165684,0.131945500688085,0.999997068196745,0.999983379322086,"group_idyes"
"3149","GLB1","Exc L4-5 RORB GABRG1",-0.031703906642343,6.22884301911084,1.04880304361501,0.306426406963902,0.999997068196745,0.999983379322086,"group_idyes"
"3150","CRTAP","Exc L4-5 RORB GABRG1",-0.0480225098393524,4.53595915781884,1.2461616803733,0.264983556313384,0.999997068196745,0.999983379322086,"group_idyes"
"3151","AC112211.1","Exc L4-5 RORB GABRG1",-0.122130712109968,0.448978855518201,0.626265704761725,0.429216001323113,0.999997068196745,0.999983379322086,"group_idyes"
"3152","SUSD5","Exc L4-5 RORB GABRG1",-0.00565068934002264,4.69337707097117,0.0115392696249593,0.914510996246918,0.999997068196745,0.999983379322086,"group_idyes"
"3153","FBXL2","Exc L4-5 RORB GABRG1",-0.0316318858676466,7.29397273510186,1.70826921392163,0.191990730733485,0.999997068196745,0.999983379322086,"group_idyes"
"3154","UBP1","Exc L4-5 RORB GABRG1",0.0113071889157066,6.1472918280227,0.195128391765123,0.897133632675375,0.999997068196745,0.999983379322086,"group_idyes"
"3155","CLASP2","Exc L4-5 RORB GABRG1",-0.0422911175301834,9.39607742628562,3.30216626839273,0.0699664159042115,0.999997068196745,0.999983379322086,"group_idyes"
"3156","PDCD6IP","Exc L4-5 RORB GABRG1",-0.000269451903935853,6.22241209958056,0.000135494481138482,0.990718699718803,0.999997068196745,0.999983379322086,"group_idyes"
"3157","LINC01811","Exc L4-5 RORB GABRG1",-0.0453889845924732,5.26787633079518,0.433302221619803,0.510766729297357,0.999997068196745,0.999983379322086,"group_idyes"
"3158","ARPP21","Exc L4-5 RORB GABRG1",0.0208815783004216,9.30931111393769,0.403564187031717,0.525631921883776,0.999997068196745,0.999983379322086,"group_idyes"
"3159","STAC","Exc L4-5 RORB GABRG1",-0.358664752437095,0.337193406713393,3.07764410722973,0.0801715328738094,0.999997068196745,0.999983379322086,"group_idyes"
"3160","DCLK3","Exc L4-5 RORB GABRG1",0.098838175805894,0.182780471881079,0.276003846891451,0.599635117451021,0.999997068196745,0.999983379322086,"group_idyes"
"3161","LINC02033","Exc L4-5 RORB GABRG1",0.103045670239497,1.01870229067577,0.807631664242041,0.369383467834412,0.999997068196745,0.999983379322086,"group_idyes"
"3162","TRANK1","Exc L4-5 RORB GABRG1",-0.037373492138568,6.708112509052,0.745673440812246,0.388387520134424,0.999997068196745,0.999983379322086,"group_idyes"
"3163","EPM2AIP1","Exc L4-5 RORB GABRG1",0.0499727150371642,6.45351019423866,1.65683355664028,0.198805238357642,0.999997068196745,0.999983379322086,"group_idyes"
"3164","MLH1","Exc L4-5 RORB GABRG1",-0.047376569091856,4.48856295322977,1.32438745476749,0.25052090191441,0.999997068196745,0.999983379322086,"group_idyes"
"3165","LRRFIP2","Exc L4-5 RORB GABRG1",-0.00817199480280242,6.9419016598819,0.0705823000706274,0.790633135521248,0.999997068196745,0.999983379322086,"group_idyes"
"3166","AC126118.1","Exc L4-5 RORB GABRG1",0.0575587594267186,1.41767777199754,0.355512146603572,0.551359944264202,0.999997068196745,0.999983379322086,"group_idyes"
"3167","AC097359.3","Exc L4-5 RORB GABRG1",0.00271333532631446,0.777956853386321,0.00037374571686908,0.984585876175895,0.999997068196745,0.999983379322086,"group_idyes"
"3168","GOLGA4","Exc L4-5 RORB GABRG1",0.0125488459072043,7.61846724920962,0.178356301046421,0.673025544775589,0.999997068196745,0.999983379322086,"group_idyes"
"3169","ITGA9","Exc L4-5 RORB GABRG1",-0.0169332461997567,4.20727730590612,0.0386191621633654,0.844308833479283,0.999997068196745,0.999983379322086,"group_idyes"
"3170","CTDSPL","Exc L4-5 RORB GABRG1",-0.0130640629046044,6.90492315151951,0.12566998979851,0.723158704904344,0.999997068196745,0.999983379322086,"group_idyes"
"3171","VILL","Exc L4-5 RORB GABRG1",-0.0993095853080547,2.42091970609369,1.95464978233557,0.162892136872243,0.999997068196745,0.999983379322086,"group_idyes"
"3172","PLCD1","Exc L4-5 RORB GABRG1",-0.0410210223155308,1.84237438951101,0.249685583701468,0.842851115167752,0.999997068196745,0.999983379322086,"group_idyes"
"3173","DLEC1","Exc L4-5 RORB GABRG1",-0.165998622800313,1.55597937207539,2.41634285853909,0.120897160020226,0.999997068196745,0.999983379322086,"group_idyes"
"3174","ACAA1","Exc L4-5 RORB GABRG1",-0.0184236183611964,4.72893880546897,0.133369222453251,0.715164656815387,0.999997068196745,0.999983379322086,"group_idyes"
"3175","OXSR1","Exc L4-5 RORB GABRG1",-0.0259268218938847,5.99100891298407,0.67777800574183,0.410862926275115,0.999997068196745,0.999983379322086,"group_idyes"
"3176","SLC22A13","Exc L4-5 RORB GABRG1",0.00346500106768129,1.75824094090518,0.0017043990409544,0.967090611003858,0.999997068196745,0.999983379322086,"group_idyes"
"3177","SLC22A14","Exc L4-5 RORB GABRG1",0.0408024643382748,3.77252303557682,0.414720676512785,0.519966870848302,0.999997068196745,0.999983379322086,"group_idyes"
"3178","XYLB","Exc L4-5 RORB GABRG1",-0.0349389367943102,5.75072838077851,0.880351128834797,0.348694175570339,0.999997068196745,0.999983379322086,"group_idyes"
"3179","ACVR2B","Exc L4-5 RORB GABRG1",0.02188341033224,4.58935043724313,0.252555780090637,0.615568726426626,0.999997068196745,0.999983379322086,"group_idyes"
"3180","EXOG","Exc L4-5 RORB GABRG1",-0.0418881779162585,5.40203690495878,1.48614710853752,0.223562128742567,0.999997068196745,0.999983379322086,"group_idyes"
"3181","SCN5A","Exc L4-5 RORB GABRG1",-0.100759889484909,0.785295118107252,0.484418741401861,0.486847828154269,0.999997068196745,0.999983379322086,"group_idyes"
"3182","SCN10A","Exc L4-5 RORB GABRG1",0.367823203659821,0.317259454019399,3.53956845830819,0.0606758973384552,0.999997068196745,0.999983379322086,"group_idyes"
"3183","SCN11A","Exc L4-5 RORB GABRG1",-0.145696891246201,1.24695647810454,1.64426525431276,0.20051335434499,0.999997068196745,0.999983379322086,"group_idyes"
"3184","WDR48","Exc L4-5 RORB GABRG1",-0.0362450198303776,5.72555252985555,1.42014388352264,0.234114318259133,0.999997068196745,0.999983379322086,"group_idyes"
"3185","GORASP1","Exc L4-5 RORB GABRG1",-0.0198933562853057,3.54017365163081,0.132126104219792,0.716437375516324,0.999997068196745,0.999983379322086,"group_idyes"
"3186","TTC21A","Exc L4-5 RORB GABRG1",-0.0280156592302804,4.95727368256694,0.328289673968279,0.567002642346929,0.999997068196745,0.999983379322086,"group_idyes"
"3187","CSRNP1","Exc L4-5 RORB GABRG1",0.0448927563886161,2.80976369708997,0.297566254141973,0.585728316358568,0.999997068196745,0.999983379322086,"group_idyes"
"3188","AC092053.3","Exc L4-5 RORB GABRG1",0.0123055760655367,0.822661795634894,0.0110072105856253,0.916497729185711,0.999997068196745,0.999983379322086,"group_idyes"
"3189","CX3CR1","Exc L4-5 RORB GABRG1",0.166351707106121,-0.0488459295058837,0.637442957109252,0.425130815445661,0.999997068196745,0.999983379322086,"group_idyes"
"3190","SLC25A38","Exc L4-5 RORB GABRG1",-0.00262094365052734,3.84668822752581,0.00381316170302988,0.950793348446226,0.999997068196745,0.999983379322086,"group_idyes"
"3191","RPSA","Exc L4-5 RORB GABRG1",0.0584182557021888,6.08538008755596,0.348347496312246,0.555396563628245,0.999997068196745,0.999983379322086,"group_idyes"
"3192","MOBP","Exc L4-5 RORB GABRG1",-0.0305399365435815,3.64955124593983,0.228844497297406,0.632653667070054,0.999997068196745,0.999983379322086,"group_idyes"
"3193","MYRIP","Exc L4-5 RORB GABRG1",-3.94953385832984e-06,9.11271251439105,1.34138990510716e-08,0.999907650325435,0.999997068196745,0.999983379322086,"group_idyes"
"3194","EIF1B","Exc L4-5 RORB GABRG1",0.0114668597923319,6.04523506904263,0.0191635074569143,0.88997118183995,0.999997068196745,0.999983379322086,"group_idyes"
"3195","ENTPD3-AS1","Exc L4-5 RORB GABRG1",-0.024970240117278,3.25507999628051,0.192089359634455,0.88590555786659,0.999997068196745,0.999983379322086,"group_idyes"
"3196","ENTPD3","Exc L4-5 RORB GABRG1",-0.0654570013213985,4.66121510351141,1.74919644812038,0.186763423547244,0.999997068196745,0.999983379322086,"group_idyes"
"3197","RPL14","Exc L4-5 RORB GABRG1",0.0446700313485243,6.34561324373905,0.303270825179343,0.582158758599784,0.999997068196745,0.999983379322086,"group_idyes"
"3198","ZNF619","Exc L4-5 RORB GABRG1",-0.0434326773346037,1.01159953001175,0.135474969586379,0.896932023228068,0.999997068196745,0.999983379322086,"group_idyes"
"3199","ZNF620","Exc L4-5 RORB GABRG1",-0.0529202838874962,2.76702869975764,0.530639669458026,0.996550806705227,0.999997068196745,0.999983379322086,"group_idyes"
"3200","ZNF621","Exc L4-5 RORB GABRG1",0.0572312554966875,4.2174308941285,0.872304906177764,0.350903801684062,0.999997068196745,0.999983379322086,"group_idyes"
"3201","CTNNB1","Exc L4-5 RORB GABRG1",-0.0112309522963909,7.39076377712284,0.128819433622618,0.719856128732462,0.999997068196745,0.999983379322086,"group_idyes"
"3202","ULK4","Exc L4-5 RORB GABRG1",-0.0527541613014309,6.8416971735328,2.23532166841335,0.135708318422407,0.999997068196745,0.999983379322086,"group_idyes"
"3203","TRAK1","Exc L4-5 RORB GABRG1",-0.0182428758563235,6.6296284867115,0.38249422753393,0.536637353010955,0.999997068196745,0.999983379322086,"group_idyes"
"3204","CCK","Exc L4-5 RORB GABRG1",-0.0103986137430838,8.23713564843085,0.0132135783764212,0.908544460552153,0.999997068196745,0.999983379322086,"group_idyes"
"3205","AC018358.1","Exc L4-5 RORB GABRG1",-0.0313677630683801,1.65634697723187,0.0536727204890692,0.816914601455575,0.999997068196745,0.999983379322086,"group_idyes"
"3206","VIPR1","Exc L4-5 RORB GABRG1",-0.0502950402855881,5.59616942718397,1.79645260464021,0.180932914380563,0.999997068196745,0.999983379322086,"group_idyes"
"3207","VIPR1-AS1","Exc L4-5 RORB GABRG1",-0.123397327312152,1.5968410461609,0.73122959302382,0.393017115750519,0.999997068196745,0.999983379322086,"group_idyes"
"3208","SEC22C","Exc L4-5 RORB GABRG1",0.0209529994146954,4.8882232989117,0.324754131643124,0.569097103255186,0.999997068196745,0.999983379322086,"group_idyes"
"3209","SS18L2","Exc L4-5 RORB GABRG1",0.0379148881111326,4.59881802030087,0.516684315596316,0.472695828977382,0.999997068196745,0.999983379322086,"group_idyes"
"3210","NKTR","Exc L4-5 RORB GABRG1",0.0180251335483696,7.74056247798705,0.259215814844218,0.610951284652059,0.999997068196745,0.999983379322086,"group_idyes"
"3211","AC006059.1","Exc L4-5 RORB GABRG1",-0.0399871844871878,4.33435208985721,0.481704234402062,0.488070235830114,0.999997068196745,0.999983379322086,"group_idyes"
"3212","ZBTB47","Exc L4-5 RORB GABRG1",-0.216589957327474,1.86431843196312,4.35115704151427,0.0376421004755779,0.999997068196745,0.999983379322086,"group_idyes"
"3213","CCDC13","Exc L4-5 RORB GABRG1",-0.0539876474756859,2.68099716387347,0.556234746161291,0.456236739476321,0.999997068196745,0.999983379322086,"group_idyes"
"3214","AC099329.3","Exc L4-5 RORB GABRG1",0.0604418443229186,3.09430895725485,1.26238518349395,0.263548270037198,0.999997068196745,0.999983379322086,"group_idyes"
"3215","LINC02158","Exc L4-5 RORB GABRG1",-0.324692538873635,0.16821568686106,2.75006504355259,0.0980655029335086,0.999997068196745,0.999983379322086,"group_idyes"
"3216","AC099329.1","Exc L4-5 RORB GABRG1",-0.111311343224109,0.372586052644277,0.38669068884091,0.53441238192692,0.999997068196745,0.999983379322086,"group_idyes"
"3217","AC092042.3","Exc L4-5 RORB GABRG1",0.0636426743551137,3.39155256949225,0.783509998153243,0.37662267946582,0.999997068196745,0.999983379322086,"group_idyes"
"3218","FAM198A","Exc L4-5 RORB GABRG1",0.0624844818145775,1.04676321228413,0.300435685926303,0.583927297391728,0.999997068196745,0.999983379322086,"group_idyes"
"3219","POMGNT2","Exc L4-5 RORB GABRG1",0.0480740911409173,4.23706922973053,0.709736394973235,0.400054741426977,0.999997068196745,0.999983379322086,"group_idyes"
"3220","SNRK","Exc L4-5 RORB GABRG1",0.0239450493771384,5.52475010101055,0.620742733367022,0.431256556489452,0.999997068196745,0.999983379322086,"group_idyes"
"3221","AC104184.1","Exc L4-5 RORB GABRG1",0.0466531497745429,1.06727564381427,0.176833499002264,0.674343502961715,0.999997068196745,0.999983379322086,"group_idyes"
"3222","ANO10","Exc L4-5 RORB GABRG1",-0.0450017360186367,6.59816003954358,1.67800132030459,0.195966956710003,0.999997068196745,0.999983379322086,"group_idyes"
"3223","ABHD5","Exc L4-5 RORB GABRG1",-0.00777682016595625,4.89786642492785,0.0547937884223874,0.947409837210329,0.999997068196745,0.999983379322086,"group_idyes"
"3224","AC006058.1","Exc L4-5 RORB GABRG1",-0.0512651146926961,3.97348363517249,0.670078572782958,0.413530945199447,0.999997068196745,0.999983379322086,"group_idyes"
"3225","TOPAZ1","Exc L4-5 RORB GABRG1",-0.302515544408773,0.544186074730074,3.28927031407049,0.0705129877117414,0.999997068196745,0.999983379322086,"group_idyes"
"3226","TCAIM","Exc L4-5 RORB GABRG1",0.000930163562444449,5.9536375119244,0.000511735783317892,0.981963859450597,0.999997068196745,0.999983379322086,"group_idyes"
"3227","ZNF445","Exc L4-5 RORB GABRG1",0.0275117049804732,5.38060458975564,0.535020793872806,0.550324802600522,0.999997068196745,0.999983379322086,"group_idyes"
"3228","ZNF852","Exc L4-5 RORB GABRG1",0.0389122388869204,2.98831280568996,0.482207715828989,0.487843120797108,0.999997068196745,0.999983379322086,"group_idyes"
"3229","ZKSCAN7","Exc L4-5 RORB GABRG1",-0.153443893012319,2.6946422565205,5.36748014591756,0.0210400963230905,0.999997068196745,0.999983379322086,"group_idyes"
"3230","AC099669.1","Exc L4-5 RORB GABRG1",0.0104465127933272,5.17294556627681,0.0644551785875867,0.799723701564672,0.999997068196745,0.999983379322086,"group_idyes"
"3231","ZNF197","Exc L4-5 RORB GABRG1",-0.00766309222975126,5.18977045847601,0.0450061008156855,0.832105157689812,0.999997068196745,0.999983379322086,"group_idyes"
"3232","ZNF35","Exc L4-5 RORB GABRG1",-0.0863293490537904,3.13979950194903,2.64499961770324,0.1046949397496,0.999997068196745,0.999983379322086,"group_idyes"
"3233","AC124045.1","Exc L4-5 RORB GABRG1",0.218225243346126,1.36238097754038,5.36370239261499,0.0756396244998017,0.999997068196745,0.999983379322086,"group_idyes"
"3234","ZNF502","Exc L4-5 RORB GABRG1",0.00534540605109477,3.08260282826529,0.00872651239502001,0.952388229189363,0.999997068196745,0.999983379322086,"group_idyes"
"3235","ZNF501","Exc L4-5 RORB GABRG1",0.064216528925579,1.49878530752148,0.450168583872308,0.517845047280396,0.999997068196745,0.999983379322086,"group_idyes"
"3236","KIAA1143","Exc L4-5 RORB GABRG1",0.104933689442327,3.64912441365729,3.21107150092684,0.0739272686335475,0.999997068196745,0.999983379322086,"group_idyes"
"3237","KIF15","Exc L4-5 RORB GABRG1",0.0266636908021917,3.00160224391441,0.157885878463447,0.981640833928803,0.999997068196745,0.999983379322086,"group_idyes"
"3238","ZDHHC3","Exc L4-5 RORB GABRG1",-0.0419666630094193,4.52765808212126,1.13828110051968,0.286684864890793,0.999997068196745,0.999983379322086,"group_idyes"
"3239","EXOSC7","Exc L4-5 RORB GABRG1",-0.0472480301762446,4.30516203144023,1.17779970356151,0.981999538073622,0.999997068196745,0.999983379322086,"group_idyes"
"3240","CDCP1","Exc L4-5 RORB GABRG1",-0.00603532238833229,0.725140788496565,0.00175229352462186,0.966631696136285,0.999997068196745,0.999983379322086,"group_idyes"
"3241","TMEM158","Exc L4-5 RORB GABRG1",0.0252780400445295,2.21912894802112,0.0809265272784958,0.776198768102589,0.999997068196745,0.999983379322086,"group_idyes"
"3242","LARS2","Exc L4-5 RORB GABRG1",-0.0549569498867436,5.45923277388428,2.46768484348361,0.211362538553382,0.999997068196745,0.999983379322086,"group_idyes"
"3243","LARS2-AS1","Exc L4-5 RORB GABRG1",-0.0581731608935059,0.222995067017298,0.0935682567882127,0.75985439139905,0.999997068196745,0.999983379322086,"group_idyes"
"3244","LIMD1","Exc L4-5 RORB GABRG1",-0.0354040969234034,2.08086009554329,0.173884953050066,0.816146392827181,0.999997068196745,0.999983379322086,"group_idyes"
"3245","SACM1L","Exc L4-5 RORB GABRG1",0.0140157374514037,5.66755029146114,0.24939267399132,0.937396269585118,0.999997068196745,0.999983379322086,"group_idyes"
"3246","SLC6A20","Exc L4-5 RORB GABRG1",-0.0905047532408814,1.47651183717765,0.516953861017732,0.472580444200177,0.999997068196745,0.999983379322086,"group_idyes"
"3247","LZTFL1","Exc L4-5 RORB GABRG1",0.068160619133032,5.12334785857119,1.96081996486348,0.162231582635089,0.999997068196745,0.999983379322086,"group_idyes"
"3248","CCR3","Exc L4-5 RORB GABRG1",-0.152184737545649,0.367006886153531,0.834182046089671,0.36163802457975,0.999997068196745,0.999983379322086,"group_idyes"
"3249","LRRC2","Exc L4-5 RORB GABRG1",-0.055531647886386,2.58403886941791,0.187571293689132,0.665188444268688,0.999997068196745,0.999983379322086,"group_idyes"
"3250","ALS2CL","Exc L4-5 RORB GABRG1",-0.0763660937073397,3.20554978512242,1.01124434417807,0.315236959283761,0.999997068196745,0.999983379322086,"group_idyes"
"3251","TMIE","Exc L4-5 RORB GABRG1",-0.0502578234959699,1.57479337991423,0.227697376367426,0.656745124122878,0.999997068196745,0.999983379322086,"group_idyes"
"3252","PTH1R","Exc L4-5 RORB GABRG1",0.0992871755586996,2.69759949511118,1.24618214906398,0.264979638342227,0.999997068196745,0.999983379322086,"group_idyes"
"3253","CCDC12","Exc L4-5 RORB GABRG1",-0.0570075535139212,5.05704434404923,1.27524118125188,0.259489347899063,0.999997068196745,0.999983379322086,"group_idyes"
"3254","NBEAL2","Exc L4-5 RORB GABRG1",0.0461564356483056,2.83720835463729,0.55189479851137,0.457997878832713,0.999997068196745,0.999983379322086,"group_idyes"
"3255","SETD2","Exc L4-5 RORB GABRG1",0.00645695470686571,7.36139988030507,0.04565286062504,0.830921257245143,0.999997068196745,0.999983379322086,"group_idyes"
"3256","KIF9-AS1","Exc L4-5 RORB GABRG1",-0.00791627108834936,7.12226120568062,0.0357611749273124,0.850109260289114,0.999997068196745,0.999983379322086,"group_idyes"
"3257","KIF9","Exc L4-5 RORB GABRG1",-0.0758570514351237,4.53614178077465,2.10861435597144,0.147286897927859,0.999997068196745,0.999983379322086,"group_idyes"
"3258","KLHL18","Exc L4-5 RORB GABRG1",0.0036970360592567,5.82255346519173,0.016889995556501,0.896664795343027,0.999997068196745,0.999983379322086,"group_idyes"
"3259","AC099778.1","Exc L4-5 RORB GABRG1",-0.0751556483291321,2.66616714265475,1.12140928946887,0.290279598414706,0.999997068196745,0.999983379322086,"group_idyes"
"3260","PTPN23","Exc L4-5 RORB GABRG1",0.0264007685606222,4.51288265207544,0.425084077048247,0.604221008889771,0.999997068196745,0.999983379322086,"group_idyes"
"3261","SCAP","Exc L4-5 RORB GABRG1",-0.00114907815548324,5.99940363560168,0.00173948471339277,0.966753805504919,0.999997068196745,0.999983379322086,"group_idyes"
"3262","ELP6","Exc L4-5 RORB GABRG1",-0.0447676281588095,4.31503545979211,0.735446312544419,0.391657403570196,0.999997068196745,0.999983379322086,"group_idyes"
"3263","CSPG5","Exc L4-5 RORB GABRG1",-0.0109546629981515,5.39879263791532,0.0622510882533147,0.803105897508251,0.999997068196745,0.999983379322086,"group_idyes"
"3264","SMARCC1","Exc L4-5 RORB GABRG1",-0.0178809915369972,6.88093656068945,0.267162402816153,0.605538637873759,0.999997068196745,0.999983379322086,"group_idyes"
"3265","DHX30","Exc L4-5 RORB GABRG1",-0.0249943604348615,5.98950763004011,0.795417672359997,0.373024401875155,0.999997068196745,0.999983379322086,"group_idyes"
"3266","MAP4","Exc L4-5 RORB GABRG1",0.000594293143411779,6.916609494659,0.000200871580698901,0.98869937340313,0.999997068196745,0.999983379322086,"group_idyes"
"3267","ZNF589","Exc L4-5 RORB GABRG1",0.0115264705820138,5.23633065646238,0.063030206367697,0.801903165850801,0.999997068196745,0.999983379322086,"group_idyes"
"3268","NME6","Exc L4-5 RORB GABRG1",-0.0677554940054275,2.98394236249115,1.04107561892674,0.308212612960505,0.999997068196745,0.999983379322086,"group_idyes"
"3269","SPINK8","Exc L4-5 RORB GABRG1",-0.0699855756216466,0.902249295655317,0.221773819594153,0.637958564745116,0.999997068196745,0.999983379322086,"group_idyes"
"3270","FBXW12","Exc L4-5 RORB GABRG1",-0.0991837478417146,1.64188226442084,0.964545506333567,0.481731583532079,0.999997068196745,0.999983379322086,"group_idyes"
"3271","PLXNB1","Exc L4-5 RORB GABRG1",-0.190733718032635,1.35413395996894,2.2128681950291,0.137683119114597,0.999997068196745,0.999983379322086,"group_idyes"
"3272","CCDC51","Exc L4-5 RORB GABRG1",0.134286328853423,2.07732526926384,1.86299689857566,0.173076986110081,0.999997068196745,0.999983379322086,"group_idyes"
"3273","TMA7","Exc L4-5 RORB GABRG1",-0.0298191899783412,5.74699873692944,0.0913412249168929,0.762642258230174,0.999997068196745,0.999983379322086,"group_idyes"
"3274","ATRIP","Exc L4-5 RORB GABRG1",-0.0370392377735356,2.53859848627029,0.267179772200063,0.605526919388718,0.999997068196745,0.999983379322086,"group_idyes"
"3275","SHISA5","Exc L4-5 RORB GABRG1",-0.00612204615638679,4.47182146285577,0.0136386875276964,0.907091534216545,0.999997068196745,0.999983379322086,"group_idyes"
"3276","PFKFB4","Exc L4-5 RORB GABRG1",-0.0195980146077076,3.25348859680154,0.0923416545213425,0.761385348179662,0.999997068196745,0.999983379322086,"group_idyes"
"3277","COL7A1","Exc L4-5 RORB GABRG1",-0.0999248255110545,3.2104192816678,2.51495088239734,0.113592692638537,0.999997068196745,0.999983379322086,"group_idyes"
"3278","UQCRC1","Exc L4-5 RORB GABRG1",0.0746920539641148,4.77800773380936,2.02776720945786,0.155257897178782,0.999997068196745,0.999983379322086,"group_idyes"
"3279","SLC26A6","Exc L4-5 RORB GABRG1",0.0322743007766417,1.47970153120346,0.0973449576976289,0.755208375591568,0.999997068196745,0.999983379322086,"group_idyes"
"3280","CELSR3","Exc L4-5 RORB GABRG1",0.0865035739232213,4.22185733013549,2.32460854105625,0.128163830540315,0.999997068196745,0.999983379322086,"group_idyes"
"3281","LINC02585","Exc L4-5 RORB GABRG1",0.0536319229084419,0.822314344540026,0.16451234598191,0.685261102936376,0.999997068196745,0.999983379322086,"group_idyes"
"3282","NCKIPSD","Exc L4-5 RORB GABRG1",0.0180217001891974,5.51518281076858,0.148782063405767,0.699915181764329,0.999997068196745,0.999983379322086,"group_idyes"
"3283","IP6K2","Exc L4-5 RORB GABRG1",0.0465567498285618,5.57084344930694,1.35985733427239,0.24428458808418,0.999997068196745,0.999983379322086,"group_idyes"
"3284","PRKAR2A","Exc L4-5 RORB GABRG1",-0.0118505340232616,6.58778165990235,0.146634779426618,0.701983732664676,0.999997068196745,0.999983379322086,"group_idyes"
"3285","SLC25A20","Exc L4-5 RORB GABRG1",0.017478442946224,1.90290124459891,0.0412736165768435,0.972117730052127,0.999997068196745,0.999983379322086,"group_idyes"
"3286","ARIH2OS","Exc L4-5 RORB GABRG1",-0.0832225371201604,1.64380748192323,0.593815820367538,0.441420294428108,0.999997068196745,0.999983379322086,"group_idyes"
"3287","ARIH2","Exc L4-5 RORB GABRG1",-0.0478802441953698,6.35655441198905,4.7657894605044,0.0296345480251502,0.999997068196745,0.999983379322086,"group_idyes"
"3288","AC137630.2","Exc L4-5 RORB GABRG1",-0.084350075714442,0.82830035337114,0.478774141202498,0.609738273206413,0.999997068196745,0.999983379322086,"group_idyes"
"3289","AC137630.1","Exc L4-5 RORB GABRG1",-0.019011267177269,1.00305023790516,0.025380306620785,0.938372425256076,0.999997068196745,0.999983379322086,"group_idyes"
"3290","P4HTM","Exc L4-5 RORB GABRG1",0.0286729643232463,6.3187409904681,0.561658472039256,0.454050783385706,0.999997068196745,0.999983379322086,"group_idyes"
"3291","WDR6","Exc L4-5 RORB GABRG1",0.109565948853173,4.54457675420848,2.7653750971132,0.0971384907092933,0.999997068196745,0.999983379322086,"group_idyes"
"3292","DALRD3","Exc L4-5 RORB GABRG1",-0.0511403899652109,3.57647520574166,0.462042086047168,0.497079920772721,0.999997068196745,0.999983379322086,"group_idyes"
"3293","NDUFAF3","Exc L4-5 RORB GABRG1",-0.0529932814212338,3.3322236639813,0.206920703013612,0.649448275987947,0.999997068196745,0.999983379322086,"group_idyes"
"3294","IMPDH2","Exc L4-5 RORB GABRG1",0.00708279736632238,2.27027832534943,0.00568358611764089,0.93994394875942,0.999997068196745,0.999983379322086,"group_idyes"
"3295","QRICH1","Exc L4-5 RORB GABRG1",0.000474651996559911,5.99764369206102,0.000146626752849626,0.990344965693066,0.999997068196745,0.999983379322086,"group_idyes"
"3296","QARS","Exc L4-5 RORB GABRG1",0.000836374651057439,2.88168684449718,0.000139864681764719,0.990570216228929,0.999997068196745,0.999983379322086,"group_idyes"
"3297","USP19","Exc L4-5 RORB GABRG1",-0.0350731021899982,3.48993953854374,0.352745419180521,0.552912160333915,0.999997068196745,0.999983379322086,"group_idyes"
"3298","CCDC71","Exc L4-5 RORB GABRG1",0.112723339504696,1.54549595538035,1.22152556024542,0.269752150998098,0.999997068196745,0.999983379322086,"group_idyes"
"3299","KLHDC8B","Exc L4-5 RORB GABRG1",0.0783364827009378,2.33368081734763,1.06161582904999,0.479507845129121,0.999997068196745,0.999983379322086,"group_idyes"
"3300","CCDC36","Exc L4-5 RORB GABRG1",0.0483438276957228,1.89250868545081,0.23783385816261,0.626052796221746,0.999997068196745,0.999983379322086,"group_idyes"
"3301","C3orf62","Exc L4-5 RORB GABRG1",0.0657738990728114,4.17666904286298,2.60036719540518,0.15970821725992,0.999997068196745,0.999983379322086,"group_idyes"
"3302","USP4","Exc L4-5 RORB GABRG1",-0.0444737136547979,5.69693882626483,1.33094874152638,0.249352689782016,0.999997068196745,0.999983379322086,"group_idyes"
"3303","RHOA","Exc L4-5 RORB GABRG1",-0.00582770862695662,5.51431254451827,0.0290756831675589,0.86469404109241,0.999997068196745,0.999983379322086,"group_idyes"
"3304","TCTA","Exc L4-5 RORB GABRG1",-0.0106667425778546,3.53334902846022,0.0269993859165136,0.869569544687299,0.999997068196745,0.999983379322086,"group_idyes"
"3305","DAG1","Exc L4-5 RORB GABRG1",-0.0179076455282921,4.63139916873652,0.219560207925312,0.952598903230194,0.999997068196745,0.999983379322086,"group_idyes"
"3306","BSN","Exc L4-5 RORB GABRG1",0.0040367426186903,7.5760978170842,0.0194198381137694,0.889242486528434,0.999997068196745,0.999983379322086,"group_idyes"
"3307","APEH","Exc L4-5 RORB GABRG1",-0.0330821093443633,2.89358060093197,0.178693451481262,0.672734644364839,0.999997068196745,0.999983379322086,"group_idyes"
"3308","MST1","Exc L4-5 RORB GABRG1",0.0749113179988183,1.31726059846708,0.533223599789919,0.465699137783409,0.999997068196745,0.999983379322086,"group_idyes"
"3309","RNF123","Exc L4-5 RORB GABRG1",-0.0290173539620141,4.97342680015808,0.582517920534758,0.843696508325599,0.999997068196745,0.999983379322086,"group_idyes"
"3310","GMPPB","Exc L4-5 RORB GABRG1",-0.0562044732237042,1.75624967757326,0.373816859891702,0.541292157870024,0.999997068196745,0.999983379322086,"group_idyes"
"3311","IP6K1","Exc L4-5 RORB GABRG1",-0.00879929409398842,6.42684096710987,0.108272870731589,0.78074670390114,0.999997068196745,0.999983379322086,"group_idyes"
"3312","INKA1","Exc L4-5 RORB GABRG1",0.260348112813678,0.866132713829588,3.71060041681814,0.0548043591619238,0.999997068196745,0.999983379322086,"group_idyes"
"3313","TRAIP","Exc L4-5 RORB GABRG1",-0.0305935107401325,1.72857583610955,0.103753147538448,0.74754631762876,0.999997068196745,0.999983379322086,"group_idyes"
"3314","CAMKV","Exc L4-5 RORB GABRG1",0.021924414842528,6.29425823206544,0.148406580737741,0.700275654374325,0.999997068196745,0.999983379322086,"group_idyes"
"3315","MST1R","Exc L4-5 RORB GABRG1",0.0561899940033617,1.19945438246254,0.24650656972875,0.619829273584818,0.999997068196745,0.999983379322086,"group_idyes"
"3316","MON1A","Exc L4-5 RORB GABRG1",-0.0248224344882054,3.4702470846108,0.240792172261885,0.623914310319112,0.999997068196745,0.999983379322086,"group_idyes"
"3317","RBM6","Exc L4-5 RORB GABRG1",-0.0322422393674132,8.01144235705848,1.25981118051047,0.26238681481076,0.999997068196745,0.999983379322086,"group_idyes"
"3318","RBM5","Exc L4-5 RORB GABRG1",0.0182632697020331,6.47757630246872,0.368165940335716,0.544363575699962,0.999997068196745,0.999983379322086,"group_idyes"
"3319","SEMA3F-AS1","Exc L4-5 RORB GABRG1",0.0943355967196773,0.72763988916531,0.511532569897886,0.559655646442588,0.999997068196745,0.999983379322086,"group_idyes"
"3320","SEMA3F","Exc L4-5 RORB GABRG1",0.166593423906454,2.04287943265342,3.37257820387824,0.0670613100325285,0.999997068196745,0.999983379322086,"group_idyes"
"3321","GNAI2","Exc L4-5 RORB GABRG1",-0.0120648197061882,5.02345523201143,0.0937815301783322,0.759589320917355,0.999997068196745,0.999983379322086,"group_idyes"
"3322","U73166.1","Exc L4-5 RORB GABRG1",-0.119717693069236,1.25264874882025,0.968535161809931,0.325664266642032,0.999997068196745,0.999983379322086,"group_idyes"
"3323","SEMA3B","Exc L4-5 RORB GABRG1",0.0293869648119264,1.60750093636657,0.0586121002334441,0.8088321712485,0.999997068196745,0.999983379322086,"group_idyes"
"3324","IFRD2","Exc L4-5 RORB GABRG1",-0.0493140744475269,3.09469000969184,0.671831583198378,0.412921242293127,0.999997068196745,0.999983379322086,"group_idyes"
"3325","HYAL3","Exc L4-5 RORB GABRG1",-0.0396455730423312,1.53826231297678,0.147444347888729,0.701201819221307,0.999997068196745,0.999983379322086,"group_idyes"
"3326","HYAL1","Exc L4-5 RORB GABRG1",0.0247929835795146,2.15635048985368,0.0967855621155816,0.755890220948039,0.999997068196745,0.999983379322086,"group_idyes"
"3327","HYAL2","Exc L4-5 RORB GABRG1",-0.00472839363686733,1.05440980404631,0.00159296938607882,0.968183970690791,0.999997068196745,0.999983379322086,"group_idyes"
"3328","TUSC2","Exc L4-5 RORB GABRG1",-0.0169322849161514,4.08714118634164,0.0450895396684713,0.83195192462854,0.999997068196745,0.999983379322086,"group_idyes"
"3329","RASSF1","Exc L4-5 RORB GABRG1",-0.0501694234699629,3.49218103632455,1.0263964332747,0.311643259916283,0.999997068196745,0.999983379322086,"group_idyes"
"3330","ZMYND10","Exc L4-5 RORB GABRG1",-0.00612768317342078,1.06178229727969,0.00296833234925957,0.990276669089437,0.999997068196745,0.999983379322086,"group_idyes"
"3331","NPRL2","Exc L4-5 RORB GABRG1",0.0462629955515405,3.61528893477867,0.756584858763185,0.384941748934513,0.999997068196745,0.999983379322086,"group_idyes"
"3332","Z84492.1","Exc L4-5 RORB GABRG1",0.0833840453211013,1.01448852088181,0.473113503248324,0.491972762095892,0.999997068196745,0.999983379322086,"group_idyes"
"3333","TMEM115","Exc L4-5 RORB GABRG1",0.0645709330664413,2.92490346764515,0.604265428178103,0.437432899145849,0.999997068196745,0.999983379322086,"group_idyes"
"3334","CACNA2D2","Exc L4-5 RORB GABRG1",0.0247363885024885,3.74198060560772,0.19507700813783,0.934446695231258,0.999997068196745,0.999983379322086,"group_idyes"
"3335","CYB561D2-1","Exc L4-5 RORB GABRG1",0.0426366556150147,1.74556624524512,0.203432291470902,0.818761282863105,0.999997068196745,0.999983379322086,"group_idyes"
"3336","C3orf18","Exc L4-5 RORB GABRG1",-0.0238248396499082,3.31174693456613,0.141274761103596,0.707224164678278,0.999997068196745,0.999983379322086,"group_idyes"
"3337","HEMK1","Exc L4-5 RORB GABRG1",-0.0238626508958425,2.76516770422276,0.175910661663156,0.675145456222238,0.999997068196745,0.999983379322086,"group_idyes"
"3338","MAPKAPK3","Exc L4-5 RORB GABRG1",0.0452169407222248,0.95441899099117,0.143279630439581,0.70525092620595,0.999997068196745,0.999983379322086,"group_idyes"
"3339","LINC02019","Exc L4-5 RORB GABRG1",0.0924025379458772,0.750653283815739,0.420532826002148,0.517058156353566,0.999997068196745,0.999983379322086,"group_idyes"
"3340","DOCK3","Exc L4-5 RORB GABRG1",-0.00486210794888273,10.1622748462056,0.023628207749995,0.877915291877846,0.999997068196745,0.999983379322086,"group_idyes"
"3341","MANF","Exc L4-5 RORB GABRG1",-0.0291987148461764,2.98143158729372,0.096475300607217,0.756269329880914,0.999997068196745,0.999983379322086,"group_idyes"
"3342","RBM15B","Exc L4-5 RORB GABRG1",0.0817069251224501,3.33967128793357,1.54345993450068,0.214860258311487,0.999997068196745,0.999983379322086,"group_idyes"
"3343","DCAF1","Exc L4-5 RORB GABRG1",0.0300765615610063,4.92115038070571,0.812365988147973,0.375421386237852,0.999997068196745,0.999983379322086,"group_idyes"
"3344","RAD54L2","Exc L4-5 RORB GABRG1",-0.00331345416908858,5.63275296421817,0.0047890037522663,0.944864284599088,0.999997068196745,0.999983379322086,"group_idyes"
"3345","TEX264","Exc L4-5 RORB GABRG1",0.0204927097815906,3.38022556725388,0.083573318251739,0.772667832799853,0.999997068196745,0.999983379322086,"group_idyes"
"3346","GRM2","Exc L4-5 RORB GABRG1",0.07486446086761,3.50599664073613,0.89296719793644,0.345267565225563,0.999997068196745,0.999983379322086,"group_idyes"
"3347","RRP9","Exc L4-5 RORB GABRG1",-0.0226674283468004,1.72568297404036,0.0617801628882235,0.803836750040408,0.999997068196745,0.999983379322086,"group_idyes"
"3348","PARP3","Exc L4-5 RORB GABRG1",0.0927989132481575,2.17782034850012,1.47184009319584,0.351315772411408,0.999997068196745,0.999983379322086,"group_idyes"
"3349","PCBP4","Exc L4-5 RORB GABRG1",-0.0173596884535035,4.8651620347939,0.113683466441613,0.736172773643345,0.999997068196745,0.999983379322086,"group_idyes"
"3350","ABHD14B","Exc L4-5 RORB GABRG1",-0.00649589413710028,1.34929108020359,0.00358599437586406,0.952279775180769,0.999997068196745,0.999983379322086,"group_idyes"
"3351","ABHD14A","Exc L4-5 RORB GABRG1",-0.0410822962996758,1.07687607109497,0.108105298298021,0.74249052020303,0.999997068196745,0.999983379322086,"group_idyes"
"3352","ABHD14A-ACY1","Exc L4-5 RORB GABRG1",-0.00986115454348263,2.16684711763172,0.01519006485818,0.90197509097768,0.999997068196745,0.999983379322086,"group_idyes"
"3353","RPL29","Exc L4-5 RORB GABRG1",0.0179857374608261,5.50847476548304,0.0302481000427041,0.862019959594089,0.999997068196745,0.999983379322086,"group_idyes"
"3354","DUSP7","Exc L4-5 RORB GABRG1",0.0662441982251621,3.44890155020986,0.976432678291089,0.323702149228151,0.999997068196745,0.999983379322086,"group_idyes"
"3355","POC1A","Exc L4-5 RORB GABRG1",-0.0758810497182266,2.43874152402066,0.913535850446119,0.428950797782036,0.999997068196745,0.999983379322086,"group_idyes"
"3356","ALAS1","Exc L4-5 RORB GABRG1",0.0179935934841367,3.1367094387202,0.0825488979099344,0.77402717235729,0.999997068196745,0.999983379322086,"group_idyes"
"3357","PPM1M","Exc L4-5 RORB GABRG1",0.0310784151380143,1.51454537487959,0.090444518005334,0.763775255249786,0.999997068196745,0.999983379322086,"group_idyes"
"3358","WDR82","Exc L4-5 RORB GABRG1",0.0629283750218747,6.27069109978668,1.41360818706858,0.235191653222354,0.999997068196745,0.999983379322086,"group_idyes"
"3359","DNAH1","Exc L4-5 RORB GABRG1",-0.0055187848852409,4.83653011771098,0.0131516718582428,0.908758007626278,0.999997068196745,0.999983379322086,"group_idyes"
"3360","BAP1","Exc L4-5 RORB GABRG1",0.0403622507201201,4.13857115203777,0.485680867630258,0.486281193505252,0.999997068196745,0.999983379322086,"group_idyes"
"3361","PHF7","Exc L4-5 RORB GABRG1",-0.0414101662874623,4.51493592513497,0.624830570000563,0.429744826058835,0.999997068196745,0.999983379322086,"group_idyes"
"3362","NISCH","Exc L4-5 RORB GABRG1",0.0245572404140645,6.78778901662073,0.45586025637936,0.499970637744713,0.999997068196745,0.999983379322086,"group_idyes"
"3363","STAB1","Exc L4-5 RORB GABRG1",0.148063896299165,0.61495932674421,0.980957077145226,0.322585124139675,0.999997068196745,0.999983379322086,"group_idyes"
"3364","NT5DC2","Exc L4-5 RORB GABRG1",0.31769475795991,1.39513699612447,6.1211146388862,0.0137882541763315,0.999997068196745,0.999983379322086,"group_idyes"
"3365","SMIM4","Exc L4-5 RORB GABRG1",0.0432746412928781,4.53235604258627,0.545165608386678,0.460749933223438,0.999997068196745,0.999983379322086,"group_idyes"
"3366","PBRM1","Exc L4-5 RORB GABRG1",-0.0030358158737564,6.75427758194625,0.0135524256390187,0.9073844811911,0.999997068196745,0.999983379322086,"group_idyes"
"3367","GNL3","Exc L4-5 RORB GABRG1",0.0385542507179697,4.31793283328912,0.479975566782457,0.488851360335808,0.999997068196745,0.999983379322086,"group_idyes"
"3368","GLT8D1","Exc L4-5 RORB GABRG1",-0.0493120556504656,3.98935594548988,1.027601767689,0.311359690988658,0.999997068196745,0.999983379322086,"group_idyes"
"3369","SPCS1","Exc L4-5 RORB GABRG1",-0.0449058387985961,5.2191482351516,0.273729168389844,0.601142306798326,0.999997068196745,0.999983379322086,"group_idyes"
"3370","NEK4","Exc L4-5 RORB GABRG1",-0.00196806488175783,5.89382572130344,0.00489947790608178,0.944232995748375,0.999997068196745,0.999983379322086,"group_idyes"
"3371","ITIH4","Exc L4-5 RORB GABRG1",0.0287212112129449,2.32976219080346,0.0956966973858938,0.757223659756979,0.999997068196745,0.999983379322086,"group_idyes"
"3372","SFMBT1","Exc L4-5 RORB GABRG1",-0.0312086246527649,4.85356146557787,0.711087569600167,0.39960696427312,0.999997068196745,0.999983379322086,"group_idyes"
"3373","AC096887.1","Exc L4-5 RORB GABRG1",-0.048982857880691,4.11741486788575,0.299443415478437,0.584548833457008,0.999997068196745,0.999983379322086,"group_idyes"
"3374","RFT1","Exc L4-5 RORB GABRG1",-0.0773633928240106,2.80381990850701,1.2002803272744,0.273951003366759,0.999997068196745,0.999983379322086,"group_idyes"
"3375","PRKCD","Exc L4-5 RORB GABRG1",-0.0598190077113346,2.44152081141217,0.353800958608077,0.552319001869671,0.999997068196745,0.999983379322086,"group_idyes"
"3376","TKT","Exc L4-5 RORB GABRG1",0.0650366439905737,4.78790629052949,0.921196345851722,0.337763833621274,0.999997068196745,0.999983379322086,"group_idyes"
"3377","DCP1A","Exc L4-5 RORB GABRG1",-0.0454978538241577,6.04659338428922,4.03174265204446,0.0453504472756701,0.999997068196745,0.999983379322086,"group_idyes"
"3378","CACNA1D","Exc L4-5 RORB GABRG1",-0.0462511824544221,8.13548683316404,1.27687939858181,0.259184059475857,0.999997068196745,0.999983379322086,"group_idyes"
"3379","CHDH","Exc L4-5 RORB GABRG1",0.0422938602394642,3.03131909809362,0.191856156317165,0.661622040084297,0.999997068196745,0.999983379322086,"group_idyes"
"3380","IL17RB","Exc L4-5 RORB GABRG1",-0.0273858001815884,1.88500009976513,0.0924783867829484,0.761214140583292,0.999997068196745,0.999983379322086,"group_idyes"
"3381","AC012467.2","Exc L4-5 RORB GABRG1",0.10165271445469,2.51467593368728,1.85396843091699,0.174119362400117,0.999997068196745,0.999983379322086,"group_idyes"
"3382","ACTR8","Exc L4-5 RORB GABRG1",-0.0548994012269035,2.75872662269237,0.819493841606136,0.365894742735317,0.999997068196745,0.999983379322086,"group_idyes"
"3383","SELENOK","Exc L4-5 RORB GABRG1",-0.00712857937321341,4.39617332685192,0.00662091400437913,0.93519081520103,0.999997068196745,0.999983379322086,"group_idyes"
"3384","CACNA2D3","Exc L4-5 RORB GABRG1",0.0171017154860086,8.89939036216094,0.129520394342214,0.719127302132911,0.999997068196745,0.999983379322086,"group_idyes"
"3385","CACNA2D3-AS1","Exc L4-5 RORB GABRG1",0.18377211148521,1.8377034656179,1.697532372557,0.193390279774611,0.999997068196745,0.999983379322086,"group_idyes"
"3386","LRTM1","Exc L4-5 RORB GABRG1",0.00964510404722656,2.9201673265241,0.00674166113319462,0.934603833639372,0.999997068196745,0.999983379322086,"group_idyes"
"3387","WNT5A","Exc L4-5 RORB GABRG1",-0.0110068178757443,0.46653211525054,0.00449971291128762,0.946552941412131,0.999997068196745,0.999983379322086,"group_idyes"
"3388","AC121764.1","Exc L4-5 RORB GABRG1",0.0183703399122149,0.859589228256686,0.0231819292204553,0.879064737695646,0.999997068196745,0.999983379322086,"group_idyes"
"3389","ERC2","Exc L4-5 RORB GABRG1",-0.0256889121339786,9.2263733963456,0.35560114658366,0.551310148742317,0.999997068196745,0.999983379322086,"group_idyes"
"3390","CCDC66","Exc L4-5 RORB GABRG1",0.0280409501139832,6.78818472142288,1.15312424269955,0.348293596301351,0.999997068196745,0.999983379322086,"group_idyes"
"3391","FAM208A","Exc L4-5 RORB GABRG1",-0.00311802666526182,6.25547280289115,0.00731141003082393,0.931902982245301,0.999997068196745,0.999983379322086,"group_idyes"
"3392","ARHGEF3","Exc L4-5 RORB GABRG1",-0.00667425456299082,7.39742259967858,0.0738267960707306,0.785990086106281,0.999997068196745,0.999983379322086,"group_idyes"
"3393","HESX1","Exc L4-5 RORB GABRG1",0.0785466907067571,1.07680082709752,0.340991629150724,0.559599599836283,0.999997068196745,0.999983379322086,"group_idyes"
"3394","APPL1","Exc L4-5 RORB GABRG1",0.00694011043431187,5.89501736107295,0.0587317879888476,0.808640882332006,0.999997068196745,0.999983379322086,"group_idyes"
"3395","ASB14","Exc L4-5 RORB GABRG1",-0.00144855240627903,2.06016875516467,7.34608444007824e-05,0.993165913357758,0.999997068196745,0.999983379322086,"group_idyes"
"3396","DNAH12","Exc L4-5 RORB GABRG1",0.0992592222662565,2.63053510464419,1.55193133293641,0.213608657337112,0.999997068196745,0.999983379322086,"group_idyes"
"3397","PDE12","Exc L4-5 RORB GABRG1",0.0229459014063674,4.14620218986402,0.354458500173309,0.987833880379439,0.999997068196745,0.999983379322086,"group_idyes"
"3398","ARF4","Exc L4-5 RORB GABRG1",-0.00180531688565705,4.79592060090343,0.00135673451235101,0.970636566289614,0.999997068196745,0.999983379322086,"group_idyes"
"3399","ARF4-AS1","Exc L4-5 RORB GABRG1",-0.173539870121757,1.15027981476948,2.55262458290063,0.110932157976126,0.999997068196745,0.999983379322086,"group_idyes"
"3400","DENND6A","Exc L4-5 RORB GABRG1",-0.0333761597711807,6.18008819528591,1.32125313277916,0.251081332471274,0.999997068196745,0.999983379322086,"group_idyes"
"3401","DENND6A-AS1","Exc L4-5 RORB GABRG1",0.0241909905385772,3.48311700735195,0.0732671109117063,0.7867830978742,0.999997068196745,0.999983379322086,"group_idyes"
"3402","SLMAP","Exc L4-5 RORB GABRG1",-0.00957502606082733,6.89878931365943,0.116212423025017,0.7333653758149,0.999997068196745,0.999983379322086,"group_idyes"
"3403","FLNB","Exc L4-5 RORB GABRG1",-0.0331941941255516,5.77314079047625,0.689666301350862,0.406792948151408,0.999997068196745,0.999983379322086,"group_idyes"
"3404","ABHD6","Exc L4-5 RORB GABRG1",-0.00445998646187826,5.37638265943477,0.0178477485739338,0.893792321916422,0.999997068196745,0.999983379322086,"group_idyes"
"3405","RPP14","Exc L4-5 RORB GABRG1",0.0227998255020144,4.39043843561161,0.338738790935736,0.560899007148779,0.999997068196745,0.999983379322086,"group_idyes"
"3406","PXK","Exc L4-5 RORB GABRG1",-0.0437277989838751,6.01124691940054,1.80831748815918,0.179502422010618,0.999997068196745,0.999983379322086,"group_idyes"
"3407","PDHB","Exc L4-5 RORB GABRG1",0.0267841508530344,4.10522490907729,0.108252256658993,0.742321786172953,0.999997068196745,0.999983379322086,"group_idyes"
"3408","AC135507.1","Exc L4-5 RORB GABRG1",0.0727355648896888,0.864926341172378,0.318795771980163,0.844301797240071,0.999997068196745,0.999983379322086,"group_idyes"
"3409","KCTD6","Exc L4-5 RORB GABRG1",0.02880281474425,4.18938798442975,0.301340704681819,0.58336157711056,0.999997068196745,0.999983379322086,"group_idyes"
"3410","ACOX2","Exc L4-5 RORB GABRG1",-0.0804621871706981,0.0546590865011523,0.18574894408902,0.666719909092172,0.999997068196745,0.999983379322086,"group_idyes"
"3411","FAM107A","Exc L4-5 RORB GABRG1",0.0232720600292365,1.5712780031181,0.0390737376171003,0.843407048119166,0.999997068196745,0.999983379322086,"group_idyes"
"3412","C3orf67","Exc L4-5 RORB GABRG1",0.0582603321660546,3.8244730576329,0.90699649624081,0.341510529000001,0.999997068196745,0.999983379322086,"group_idyes"
"3413","C3orf67-AS1","Exc L4-5 RORB GABRG1",-0.0371259131216707,3.34493342704758,0.126991578486025,0.721767240748756,0.999997068196745,0.999983379322086,"group_idyes"
"3414","FHIT","Exc L4-5 RORB GABRG1",0.0338148404194414,8.71121547147789,0.554377299317525,0.456989174243712,0.999997068196745,0.999983379322086,"group_idyes"
"3415","PTPRG","Exc L4-5 RORB GABRG1",-0.0117099159996228,8.38933712882101,0.0778300914492789,0.780409727100506,0.999997068196745,0.999983379322086,"group_idyes"
"3416","C3orf14","Exc L4-5 RORB GABRG1",0.0570088152431928,5.56684480576339,1.38607473412119,0.239796911492995,0.999997068196745,0.999983379322086,"group_idyes"
"3417","FEZF2","Exc L4-5 RORB GABRG1",-0.175331668707603,0.71814752657574,1.12343636086758,0.289844677804326,0.999997068196745,0.999983379322086,"group_idyes"
"3418","CADPS","Exc L4-5 RORB GABRG1",-0.0201465204743843,8.71420288700359,0.371822040190534,0.542372732808295,0.999997068196745,0.999983379322086,"group_idyes"
"3419","SYNPR","Exc L4-5 RORB GABRG1",0.0398544263177242,6.44775887659104,0.316547088593841,0.574017830989058,0.999997068196745,0.999983379322086,"group_idyes"
"3420","SYNPR-AS1","Exc L4-5 RORB GABRG1",0.0248171283960246,2.52144664398232,0.0551026660775773,0.814535752953487,0.999997068196745,0.999983379322086,"group_idyes"
"3421","SNTN","Exc L4-5 RORB GABRG1",-0.147950153613831,1.22330898652861,2.03678771567181,0.154344662777846,0.999997068196745,0.999983379322086,"group_idyes"
"3422","C3orf49","Exc L4-5 RORB GABRG1",-0.0805992924808492,1.75410424884405,0.292070234365164,0.589209636491333,0.999997068196745,0.999983379322086,"group_idyes"
"3423","THOC7","Exc L4-5 RORB GABRG1",-0.031493494983035,5.3220808368932,0.7405054296881,0.390034956542201,0.999997068196745,0.999983379322086,"group_idyes"
"3424","ATXN7","Exc L4-5 RORB GABRG1",-0.0641404371306412,4.13003708706595,1.76308317588985,0.185027667073679,0.999997068196745,0.999983379322086,"group_idyes"
"3425","PSMD6-AS2","Exc L4-5 RORB GABRG1",0.0382747684298174,3.36950255418834,0.41031269470363,0.522192164756867,0.999997068196745,0.999983379322086,"group_idyes"
"3426","PSMD6","Exc L4-5 RORB GABRG1",0.00808252845915707,3.92678439230304,0.02145019273166,0.88363588878441,0.999997068196745,0.999983379322086,"group_idyes"
"3427","PSMD6-AS1","Exc L4-5 RORB GABRG1",0.134920456115709,1.29668776647108,1.69176788755414,0.194146614303848,0.999997068196745,0.999983379322086,"group_idyes"
"3428","AC092040.1","Exc L4-5 RORB GABRG1",0.0118421831998484,1.45574633731089,0.00690176330233599,0.933833638570541,0.999997068196745,0.999983379322086,"group_idyes"
"3429","PRICKLE2","Exc L4-5 RORB GABRG1",0.0274074322780416,7.59009656748103,0.421834445165162,0.516410671237552,0.999997068196745,0.999983379322086,"group_idyes"
"3430","PRICKLE2-AS3","Exc L4-5 RORB GABRG1",-0.039366616091607,0.492687554590384,0.0563812460295555,0.812436149561585,0.999997068196745,0.999983379322086,"group_idyes"
"3431","ADAMTS9-AS2","Exc L4-5 RORB GABRG1",0.0863475879650581,2.71944621563311,0.312628705501888,0.576396888267173,0.999997068196745,0.999983379322086,"group_idyes"
"3432","MAGI1","Exc L4-5 RORB GABRG1",-0.0152253555804946,9.30707605580183,0.205931511221924,0.650230979156587,0.999997068196745,0.999983379322086,"group_idyes"
"3433","MAGI1-AS1","Exc L4-5 RORB GABRG1",-0.0130191147426815,1.49669216888028,0.00814429202281615,0.928138908103521,0.999997068196745,0.999983379322086,"group_idyes"
"3434","SLC25A26","Exc L4-5 RORB GABRG1",-0.0346464716647029,6.3207924722692,1.1632335817847,0.281471663854219,0.999997068196745,0.999983379322086,"group_idyes"
"3435","LRIG1","Exc L4-5 RORB GABRG1",-0.0396812106662891,3.79745749277612,0.344590428092652,0.557535758815378,0.999997068196745,0.999983379322086,"group_idyes"
"3436","KBTBD8","Exc L4-5 RORB GABRG1",0.085769498319289,2.21167177462566,1.5582173300651,0.212685551137928,0.999997068196745,0.999983379322086,"group_idyes"
"3437","SUCLG2","Exc L4-5 RORB GABRG1",0.00689694514641933,2.55829078646114,0.00649578364063028,0.935804818146387,0.999997068196745,0.999983379322086,"group_idyes"
"3438","SUCLG2-AS1","Exc L4-5 RORB GABRG1",0.033280727238169,4.73235254432248,0.184421321602456,0.667841235321767,0.999997068196745,0.999983379322086,"group_idyes"
"3439","FAM19A1","Exc L4-5 RORB GABRG1",0.000361190703831679,6.55684231063534,1.40183983877088e-05,0.997014575894398,0.999997068196745,0.999983379322086,"group_idyes"
"3440","FAM19A4","Exc L4-5 RORB GABRG1",-0.00450437877868378,0.425078232053504,0.000510753479451201,0.981981175470546,0.999997068196745,0.999983379322086,"group_idyes"
"3441","EOGT","Exc L4-5 RORB GABRG1",-0.032909551207451,3.33038696574786,0.264851401627172,0.607102109530973,0.999997068196745,0.999983379322086,"group_idyes"
"3442","AC109587.1","Exc L4-5 RORB GABRG1",-0.12335770723942,1.63796065623231,1.20263041174066,0.273482519797572,0.999997068196745,0.999983379322086,"group_idyes"
"3443","TMF1","Exc L4-5 RORB GABRG1",0.00715028445668503,5.50516034804196,0.0462021899446226,0.829922574016848,0.999997068196745,0.999983379322086,"group_idyes"
"3444","UBA3","Exc L4-5 RORB GABRG1",0.0064199002517096,5.79299574083494,0.0423943938215526,0.83697872297037,0.999997068196745,0.999983379322086,"group_idyes"
"3445","ARL6IP5","Exc L4-5 RORB GABRG1",0.0456097941370413,6.53314008471068,0.428025927632051,0.513350072577512,0.999997068196745,0.999983379322086,"group_idyes"
"3446","LMOD3","Exc L4-5 RORB GABRG1",0.0522276362254588,0.73507303530307,0.105463376924784,0.74554584883697,0.999997068196745,0.999983379322086,"group_idyes"
"3447","FRMD4B","Exc L4-5 RORB GABRG1",-0.122100499354345,2.60703211770943,1.61785773373018,0.204159049937291,0.999997068196745,0.999983379322086,"group_idyes"
"3448","MITF","Exc L4-5 RORB GABRG1",0.0901456895714848,2.10896860989913,0.620285542254464,0.431426132913578,0.999997068196745,0.999983379322086,"group_idyes"
"3449","SAMMSON","Exc L4-5 RORB GABRG1",0.0197054559510094,1.33374417318117,0.0284890362967855,0.866052921213309,0.999997068196745,0.999983379322086,"group_idyes"
"3450","MDFIC2","Exc L4-5 RORB GABRG1",0.139039248315653,0.417555407805721,0.651186765646442,0.420187275536912,0.999997068196745,0.999983379322086,"group_idyes"
"3451","FOXP1","Exc L4-5 RORB GABRG1",0.00696236863974577,9.52476595499637,0.0620072661311336,0.803483929215502,0.999997068196745,0.999983379322086,"group_idyes"
"3452","AC097634.3","Exc L4-5 RORB GABRG1",-0.034442133898179,5.13368732866241,0.395019900133551,0.530045401281219,0.999997068196745,0.999983379322086,"group_idyes"
"3453","EIF4E3","Exc L4-5 RORB GABRG1",-0.0177529805897534,5.75694937991801,0.24615992198866,0.62007539096895,0.999997068196745,0.999983379322086,"group_idyes"
"3454","GPR27","Exc L4-5 RORB GABRG1",0.0509582633754275,3.29937600340125,0.534695541581925,0.465084533151824,0.999997068196745,0.999983379322086,"group_idyes"
"3455","LINC00877","Exc L4-5 RORB GABRG1",0.0214375406078779,0.914923879889164,0.0200837391867332,0.887377638403252,0.999997068196745,0.999983379322086,"group_idyes"
"3456","LINC00870","Exc L4-5 RORB GABRG1",0.0436326478981723,0.517980207342982,0.0684436022872578,0.793756520136386,0.999997068196745,0.999983379322086,"group_idyes"
"3457","RYBP","Exc L4-5 RORB GABRG1",0.0502298928836806,5.48149642081778,1.31163855467136,0.252810121483031,0.999997068196745,0.999983379322086,"group_idyes"
"3458","AC104435.2","Exc L4-5 RORB GABRG1",0.172040379059154,0.0950670290364536,0.852750626804093,0.356354142893833,0.999997068196745,0.999983379322086,"group_idyes"
"3459","SHQ1","Exc L4-5 RORB GABRG1",0.0196220856343952,3.80182212728288,0.145082672270147,0.703489770637111,0.999997068196745,0.999983379322086,"group_idyes"
"3460","GXYLT2","Exc L4-5 RORB GABRG1",0.125081773181548,2.73518193265513,2.87255949438762,0.0909106436265171,0.999997068196745,0.999983379322086,"group_idyes"
"3461","PPP4R2","Exc L4-5 RORB GABRG1",0.055958099477425,6.18080527046999,2.45255850921375,0.118155592320777,0.999997068196745,0.999983379322086,"group_idyes"
"3462","PDZRN3","Exc L4-5 RORB GABRG1",-0.0285016145407555,8.84218824922172,0.456226954671308,0.499798369050834,0.999997068196745,0.999983379322086,"group_idyes"
"3463","CNTN3","Exc L4-5 RORB GABRG1",-0.0492480467034444,7.08759147930388,0.556250232682734,0.456230474251769,0.999997068196745,0.999983379322086,"group_idyes"
"3464","LINC02018","Exc L4-5 RORB GABRG1",0.0264694460400404,3.74464334821172,0.168960475830645,0.681266180797135,0.999997068196745,0.999983379322086,"group_idyes"
"3465","ZNF717","Exc L4-5 RORB GABRG1",-0.00883941742950688,4.93021898616784,0.0429139761555755,0.835996935050433,0.999997068196745,0.999983379322086,"group_idyes"
"3466","ROBO2","Exc L4-5 RORB GABRG1",0.120112412790143,8.17691639784258,1.29717117308455,0.255439250189875,0.999997068196745,0.999983379322086,"group_idyes"
"3467","ROBO1","Exc L4-5 RORB GABRG1",-0.0570372767592404,3.80698253274974,0.218350881324662,0.64056388687728,0.999997068196745,0.999983379322086,"group_idyes"
"3468","LINC02050","Exc L4-5 RORB GABRG1",0.0941281144159082,0.32899239370594,0.208168336406055,0.64846429410988,0.999997068196745,0.999983379322086,"group_idyes"
"3469","LINC02027","Exc L4-5 RORB GABRG1",-0.0838068614621956,0.264723666343986,0.14989731849837,0.698847581669174,0.999997068196745,0.999983379322086,"group_idyes"
"3470","GBE1","Exc L4-5 RORB GABRG1",-0.0106933574343062,4.96654310652092,0.0531432039620906,0.817803964393964,0.999997068196745,0.999983379322086,"group_idyes"
"3471","AC129807.1","Exc L4-5 RORB GABRG1",0.0493249395241011,0.332100914089821,0.0932743884929663,0.760220172520143,0.999997068196745,0.999983379322086,"group_idyes"
"3472","LINC02008","Exc L4-5 RORB GABRG1",-0.13354124714521,2.12087634897647,1.30422746043914,0.254152729314501,0.999997068196745,0.999983379322086,"group_idyes"
"3473","LINC00971","Exc L4-5 RORB GABRG1",0.111994363897318,0.784430246730628,0.584213037568236,0.445134194361056,0.999997068196745,0.999983379322086,"group_idyes"
"3474","CADM2","Exc L4-5 RORB GABRG1",0.0336465067317212,11.7788826170745,0.547850515586705,0.4596487424058,0.999997068196745,0.999983379322086,"group_idyes"
"3475","CADM2-AS2","Exc L4-5 RORB GABRG1",0.0980785257199665,1.58962312126286,0.460588565032629,0.497757058261349,0.999997068196745,0.999983379322086,"group_idyes"
"3476","CADM2-AS1","Exc L4-5 RORB GABRG1",-0.107243037529853,1.46526442278395,0.608870883012807,0.435693061148506,0.999997068196745,0.999983379322086,"group_idyes"
"3477","AC107204.1","Exc L4-5 RORB GABRG1",-0.00193360082163591,4.71502725981184,0.00110461938715084,0.973503773522448,0.999997068196745,0.999983379322086,"group_idyes"
"3478","CHMP2B","Exc L4-5 RORB GABRG1",0.0281497144949546,4.61450143851248,0.383549872584398,0.53607606322885,0.999997068196745,0.999983379322086,"group_idyes"
"3479","AC117513.1","Exc L4-5 RORB GABRG1",0.0910335380786045,4.03303841652151,2.23984575442568,0.13531428560351,0.999997068196745,0.999983379322086,"group_idyes"
"3480","HTR1F","Exc L4-5 RORB GABRG1",0.118598994612464,4.87421806415742,8.21657181228422,0.00437911265119808,0.999997068196745,0.999983379322086,"group_idyes"
"3481","CGGBP1","Exc L4-5 RORB GABRG1",0.0260543951881623,5.59456023175378,0.241230842838985,0.623598596973316,0.999997068196745,0.999983379322086,"group_idyes"
"3482","ZNF654","Exc L4-5 RORB GABRG1",0.0362990331936612,6.3679610650838,2.04637073627242,0.153381171377866,0.999997068196745,0.999983379322086,"group_idyes"
"3483","C3orf38","Exc L4-5 RORB GABRG1",0.032576063345766,5.59203581011384,0.927249120434386,0.574631871007628,0.999997068196745,0.999983379322086,"group_idyes"
"3484","CSNKA2IP","Exc L4-5 RORB GABRG1",-0.223547233515075,4.52443539886173,4.57536829358848,0.0330637641485373,0.999997068196745,0.999983379322086,"group_idyes"
"3485","EPHA3","Exc L4-5 RORB GABRG1",-0.0821182537624683,7.32000855780411,1.5098575505926,0.219911889609265,0.999997068196745,0.999983379322086,"group_idyes"
"3486","PROS1","Exc L4-5 RORB GABRG1",-0.00348916379984623,4.80819327031171,0.0062787910283797,0.936883863592336,0.999997068196745,0.999983379322086,"group_idyes"
"3487","ARL13B","Exc L4-5 RORB GABRG1",-0.0385882764515385,5.71401046990995,1.27126409142901,0.260232353398059,0.999997068196745,0.999983379322086,"group_idyes"
"3488","STX19","Exc L4-5 RORB GABRG1",-0.0383159863714902,1.8123874211423,0.140122291251151,0.98181681529787,0.999997068196745,0.999983379322086,"group_idyes"
"3489","DHFR2","Exc L4-5 RORB GABRG1",-0.0529886830127607,2.54805495574215,0.534568506946796,0.465137524832466,0.999997068196745,0.999983379322086,"group_idyes"
"3490","NSUN3","Exc L4-5 RORB GABRG1",0.0228417974087808,4.69406031860452,0.178788769226726,0.672652460906776,0.999997068196745,0.999983379322086,"group_idyes"
"3491","MTRNR2L12","Exc L4-5 RORB GABRG1",0.16500790841465,6.27180411583892,1.30155041560911,0.254639870726214,0.999997068196745,0.999983379322086,"group_idyes"
"3492","EPHA6","Exc L4-5 RORB GABRG1",-0.116713406503777,5.3572795145524,1.33887906475022,0.247949649862492,0.999997068196745,0.999983379322086,"group_idyes"
"3493","AC110491.1","Exc L4-5 RORB GABRG1",-0.0835760951638646,0.548131751766937,0.289963571817623,0.590555282329925,0.999997068196745,0.999983379322086,"group_idyes"
"3494","ARL6","Exc L4-5 RORB GABRG1",0.0263297686765577,4.99662337278292,0.599846883969718,0.780242417780898,0.999997068196745,0.999983379322086,"group_idyes"
"3495","CRYBG3","Exc L4-5 RORB GABRG1",-0.0839257050311357,1.42793582944702,0.450187339759514,0.502648610344951,0.999997068196745,0.999983379322086,"group_idyes"
"3496","RIOX2","Exc L4-5 RORB GABRG1",0.0821724032045491,2.95555153041515,1.73068132071648,0.189107336379865,0.999997068196745,0.999983379322086,"group_idyes"
"3497","AC117473.1","Exc L4-5 RORB GABRG1",-0.0239045347225068,0.895909943811514,0.0398582388234627,0.841863487376468,0.999997068196745,0.999983379322086,"group_idyes"
"3498","CLDND1","Exc L4-5 RORB GABRG1",-0.0104923601267642,5.06138662929159,0.0475085614818639,0.827572262635982,0.999997068196745,0.999983379322086,"group_idyes"
"3499","CPOX","Exc L4-5 RORB GABRG1",-0.0391893867779918,5.26432526511314,0.502775504246727,0.47871257318227,0.999997068196745,0.999983379322086,"group_idyes"
"3500","ST3GAL6-AS1","Exc L4-5 RORB GABRG1",0.0443601632412498,2.79296311984175,0.228966206070347,0.632563239423296,0.999997068196745,0.999983379322086,"group_idyes"
"3501","ST3GAL6","Exc L4-5 RORB GABRG1",-0.013420574588784,7.20405625414195,0.163817515642175,0.68589080296556,0.999997068196745,0.999983379322086,"group_idyes"
"3502","DCBLD2","Exc L4-5 RORB GABRG1",0.0185158162998162,6.61702278265025,0.3118028248683,0.576900820801554,0.999997068196745,0.999983379322086,"group_idyes"
"3503","AC091212.1","Exc L4-5 RORB GABRG1",0.0394559175897195,3.0559055628862,0.227959310723469,0.63331223723476,0.999997068196745,0.999983379322086,"group_idyes"
"3504","COL8A1","Exc L4-5 RORB GABRG1",0.0497446575993482,3.60157081626654,0.267664166227192,0.60520031088019,0.999997068196745,0.999983379322086,"group_idyes"
"3505","CMSS1","Exc L4-5 RORB GABRG1",-0.0531253162520285,8.00436549080445,2.02882313970903,0.155150677633077,0.999997068196745,0.999983379322086,"group_idyes"
"3506","FILIP1L","Exc L4-5 RORB GABRG1",-0.125712879119754,5.06307170278343,1.4332776692607,0.231967398659304,0.999997068196745,0.999983379322086,"group_idyes"
"3507","TBC1D23","Exc L4-5 RORB GABRG1",-0.0426031765965983,5.88840983792459,2.45145825198584,0.118237859056852,0.999997068196745,0.999983379322086,"group_idyes"
"3508","NIT2","Exc L4-5 RORB GABRG1",-0.0332973644664691,4.19303519412767,0.463327193429502,0.610757183301492,0.999997068196745,0.999983379322086,"group_idyes"
"3509","TOMM70","Exc L4-5 RORB GABRG1",0.00852248701131725,5.77609802486638,0.0719975002450879,0.78859413124806,0.999997068196745,0.999983379322086,"group_idyes"
"3510","LNP1","Exc L4-5 RORB GABRG1",-0.0310008707634502,3.8548597860349,0.40126494223277,0.72593892425017,0.999997068196745,0.999983379322086,"group_idyes"
"3511","TMEM45A","Exc L4-5 RORB GABRG1",0.0215393481000817,2.87470489476989,0.045747629697885,0.8307485198367,0.999997068196745,0.999983379322086,"group_idyes"
"3512","ADGRG7","Exc L4-5 RORB GABRG1",0.209848443275571,1.22579670261456,0.424199314250599,0.515237904688558,0.999997068196745,0.999983379322086,"group_idyes"
"3513","TFG","Exc L4-5 RORB GABRG1",-0.00676705703637583,5.66132509563872,0.0492875190838984,0.824425511784295,0.999997068196745,0.999983379322086,"group_idyes"
"3514","ABI3BP","Exc L4-5 RORB GABRG1",-0.0156774954130703,2.86689221682743,0.0165122696709315,0.897820382514486,0.999997068196745,0.999983379322086,"group_idyes"
"3515","IMPG2","Exc L4-5 RORB GABRG1",0.0131353830482645,3.1546386826565,0.0175355803078621,0.89471976004427,0.999997068196745,0.999983379322086,"group_idyes"
"3516","SENP7","Exc L4-5 RORB GABRG1",9.78149599798399e-05,6.41234295056672,7.24717534646273e-06,0.997853446524545,0.999997068196745,0.999983379322086,"group_idyes"
"3517","TRMT10C","Exc L4-5 RORB GABRG1",0.0971988468119323,4.45206166368989,1.86920092928172,0.172364878527717,0.999997068196745,0.999983379322086,"group_idyes"
"3518","PCNP","Exc L4-5 RORB GABRG1",0.0178307226294653,6.09719909677923,0.335706214773925,0.56265732576668,0.999997068196745,0.999983379322086,"group_idyes"
"3519","ZBTB11","Exc L4-5 RORB GABRG1",0.0160423104096005,5.52702086033061,0.241664564881275,0.623286795350112,0.999997068196745,0.999983379322086,"group_idyes"
"3520","ZBTB11-AS1","Exc L4-5 RORB GABRG1",-0.135494056488371,0.871017916183883,1.27485460009621,0.292382283901417,0.999997068196745,0.999983379322086,"group_idyes"
"3521","RPL24","Exc L4-5 RORB GABRG1",-0.0131755500335913,4.4981152422581,0.0209897371586667,0.884882784223297,0.999997068196745,0.999983379322086,"group_idyes"
"3522","CEP97","Exc L4-5 RORB GABRG1",0.0329161556864841,5.58620379435989,1.10802617993022,0.381514328208433,0.999997068196745,0.999983379322086,"group_idyes"
"3523","NXPE3","Exc L4-5 RORB GABRG1",0.0493934984009303,4.94952184518237,1.91638479924469,0.167058156962211,0.999997068196745,0.999983379322086,"group_idyes"
"3524","NFKBIZ","Exc L4-5 RORB GABRG1",0.0590453257908686,4.02507668124051,1.35113782204386,0.304318101207456,0.999997068196745,0.999983379322086,"group_idyes"
"3525","ZPLD1","Exc L4-5 RORB GABRG1",0.215714188818391,0.942430949970146,2.93118786573631,0.0876893738896414,0.999997068196745,0.999983379322086,"group_idyes"
"3526","ALCAM","Exc L4-5 RORB GABRG1",0.0187682176379808,8.52441891454001,0.172499971021649,0.67813102721142,0.999997068196745,0.999983379322086,"group_idyes"
"3527","CBLB","Exc L4-5 RORB GABRG1",0.0240658256917733,6.07945725213647,0.500606528261158,0.47966211035126,0.999997068196745,0.999983379322086,"group_idyes"
"3528","LINC00882","Exc L4-5 RORB GABRG1",0.00555699089878923,8.75770510227805,0.0177434847108811,0.894101160389629,0.999997068196745,0.999983379322086,"group_idyes"
"3529","DUBR","Exc L4-5 RORB GABRG1",-0.00846899572005791,6.99344794001838,0.0299839013730742,0.86261782655311,0.999997068196745,0.999983379322086,"group_idyes"
"3530","AC063944.1","Exc L4-5 RORB GABRG1",0.0656597089019515,3.77980858692068,0.343826159736642,0.557972836365668,0.999997068196745,0.999983379322086,"group_idyes"
"3531","AC063944.3","Exc L4-5 RORB GABRG1",0.164582649597076,2.93484809657172,3.57414242503634,0.0594369798520965,0.999997068196745,0.999983379322086,"group_idyes"
"3532","LINC01990","Exc L4-5 RORB GABRG1",-0.0408981881641729,1.95726004574067,0.197328922136918,0.668024346170918,0.999997068196745,0.999983379322086,"group_idyes"
"3533","BBX","Exc L4-5 RORB GABRG1",0.0429864293105395,6.88318111154842,1.59436998232893,0.207467676735484,0.999997068196745,0.999983379322086,"group_idyes"
"3534","LINC00636","Exc L4-5 RORB GABRG1",-0.051519606618455,1.3416677733336,0.172596939728844,0.678045668757239,0.999997068196745,0.999983379322086,"group_idyes"
"3535","CD47","Exc L4-5 RORB GABRG1",0.0111699084109487,7.76454507250797,0.222903237255231,0.637104317141439,0.999997068196745,0.999983379322086,"group_idyes"
"3536","IFT57","Exc L4-5 RORB GABRG1",-0.00239594547065558,5.7272436744562,0.00419905956125817,0.948366777668529,0.999997068196745,0.999983379322086,"group_idyes"
"3537","MYH15","Exc L4-5 RORB GABRG1",0.048801063491488,2.34907150622716,0.228082898874741,0.633220194602942,0.999997068196745,0.999983379322086,"group_idyes"
"3538","CIP2A","Exc L4-5 RORB GABRG1",0.0265450808734829,3.94896029415138,0.167841811872393,0.682265031976352,0.999997068196745,0.999983379322086,"group_idyes"
"3539","DZIP3","Exc L4-5 RORB GABRG1",-0.00975462747815467,7.33490616828484,0.151275013513305,0.697535044181438,0.999997068196745,0.999983379322086,"group_idyes"
"3540","GUCA1C","Exc L4-5 RORB GABRG1",-0.096596811955277,0.664474793335918,0.480943160081831,0.576173540944934,0.999997068196745,0.999983379322086,"group_idyes"
"3541","MORC1","Exc L4-5 RORB GABRG1",-0.124878719291605,0.713890782634334,0.84839084464867,0.357585157790815,0.999997068196745,0.999983379322086,"group_idyes"
"3542","DPPA2","Exc L4-5 RORB GABRG1",0.0577086992744341,0.138139924982964,0.103867911191791,0.747411510200415,0.999997068196745,0.999983379322086,"group_idyes"
"3543","AC078980.1","Exc L4-5 RORB GABRG1",0.0290789704729788,2.16736853502496,0.0559814853263054,0.813089885078826,0.999997068196745,0.999983379322086,"group_idyes"
"3544","NECTIN3-AS1","Exc L4-5 RORB GABRG1",-0.0726006877010228,4.852703439422,0.486706290328647,0.485821632599812,0.999997068196745,0.999983379322086,"group_idyes"
"3545","NECTIN3","Exc L4-5 RORB GABRG1",-0.0446211448162713,6.81431262632192,1.28646507256639,0.257406629026563,0.999997068196745,0.999983379322086,"group_idyes"
"3546","CD96","Exc L4-5 RORB GABRG1",-0.189784290676311,2.58045652796294,3.34247337397502,0.0682872257214785,0.999997068196745,0.999983379322086,"group_idyes"
"3547","PLCXD2","Exc L4-5 RORB GABRG1",0.0411128001701099,5.36702329409057,0.575930849846161,0.448376416994631,0.999997068196745,0.999983379322086,"group_idyes"
"3548","PHLDB2","Exc L4-5 RORB GABRG1",-0.169760424460931,4.19003571300878,1.49714168100365,0.221860537969869,0.999997068196745,0.999983379322086,"group_idyes"
"3549","ABHD10","Exc L4-5 RORB GABRG1",0.0532972245619135,4.65226962189096,1.5561891415871,0.2974747921977,0.999997068196745,0.999983379322086,"group_idyes"
"3550","TAGLN3","Exc L4-5 RORB GABRG1",-0.00505354983839832,7.06838390199661,0.00492811397469211,0.944070529417637,0.999997068196745,0.999983379322086,"group_idyes"
"3551","TMPRSS7","Exc L4-5 RORB GABRG1",0.145126103859636,2.28111803819114,0.804817319959574,0.370217987476697,0.999997068196745,0.999983379322086,"group_idyes"
"3552","C3orf52","Exc L4-5 RORB GABRG1",0.308435295867324,1.86043573076305,5.70644302809673,0.0173839638141449,0.999997068196745,0.999983379322086,"group_idyes"
"3553","SLC9C1","Exc L4-5 RORB GABRG1",0.165678452847502,1.2296445941293,2.14555361440631,0.143800120322755,0.999997068196745,0.999983379322086,"group_idyes"
"3554","AC112487.1","Exc L4-5 RORB GABRG1",0.123453461274848,0.705096005314676,0.699510426039249,0.403467409491199,0.999997068196745,0.999983379322086,"group_idyes"
"3555","CD200","Exc L4-5 RORB GABRG1",0.0174024263240377,6.76237938576994,0.26341846274206,0.608075882157097,0.999997068196745,0.999983379322086,"group_idyes"
"3556","BTLA","Exc L4-5 RORB GABRG1",-0.0303816510013124,0.813566565879097,0.0378777457972568,0.845791561844049,0.999997068196745,0.999983379322086,"group_idyes"
"3557","ATG3","Exc L4-5 RORB GABRG1",0.0391022534085811,4.23217555655012,0.681472722135272,0.409591641074603,0.999997068196745,0.999983379322086,"group_idyes"
"3558","SLC35A5","Exc L4-5 RORB GABRG1",0.0509939433571194,4.46362954371657,1.23300904525203,0.267516162308805,0.999997068196745,0.999983379322086,"group_idyes"
"3559","CD200R1","Exc L4-5 RORB GABRG1",-0.0980414684677441,2.52430327375707,1.04786099387439,0.306643441365098,0.999997068196745,0.999983379322086,"group_idyes"
"3560","AC074044.1","Exc L4-5 RORB GABRG1",-0.0880939928676974,1.15134091200412,0.504465985606169,0.477974644740074,0.999997068196745,0.999983379322086,"group_idyes"
"3561","GTPBP8","Exc L4-5 RORB GABRG1",0.0442321870888937,3.93674048304598,0.904667530290945,0.34213038233587,0.999997068196745,0.999983379322086,"group_idyes"
"3562","NEPRO","Exc L4-5 RORB GABRG1",-0.0262857065137716,4.98272266497795,0.390186523882306,0.663302593007098,0.999997068196745,0.999983379322086,"group_idyes"
"3563","AC078785.1","Exc L4-5 RORB GABRG1",0.0470409435858835,4.90478290059806,1.08833056123308,0.29749646801588,0.999997068196745,0.999983379322086,"group_idyes"
"3564","BOC","Exc L4-5 RORB GABRG1",-0.128944219616737,4.69122671898386,2.76542718059845,0.0971353535091226,0.999997068196745,0.999983379322086,"group_idyes"
"3565","CFAP44","Exc L4-5 RORB GABRG1",0.065337196557782,5.37709611388664,1.43132280064652,0.232285436665882,0.999997068196745,0.999983379322086,"group_idyes"
"3566","CFAP44-AS1","Exc L4-5 RORB GABRG1",0.215459846783918,1.02062990346363,1.97515200620765,0.160709051747634,0.999997068196745,0.999983379322086,"group_idyes"
"3567","SPICE1","Exc L4-5 RORB GABRG1",-0.0330083400489332,4.50330341498853,0.667534671642302,0.41441809617562,0.999997068196745,0.999983379322086,"group_idyes"
"3568","SIDT1","Exc L4-5 RORB GABRG1",0.0263420641058512,5.8444687048564,0.130643161589849,0.717964529148629,0.999997068196745,0.999983379322086,"group_idyes"
"3569","SIDT1-AS1","Exc L4-5 RORB GABRG1",-0.0848841574302992,1.01660146918476,0.204267451588834,0.651552806832183,0.999997068196745,0.999983379322086,"group_idyes"
"3570","USF3","Exc L4-5 RORB GABRG1",0.00699592038077985,5.10171307080283,0.0557699366661347,0.879601920721904,0.999997068196745,0.999983379322086,"group_idyes"
"3571","NAA50","Exc L4-5 RORB GABRG1",0.0037037252512771,6.01523961376781,0.0116172861437855,0.914223605769308,0.999997068196745,0.999983379322086,"group_idyes"
"3572","ATP6V1A","Exc L4-5 RORB GABRG1",0.000510322054705631,6.92467819722026,0.000228946652565753,0.98793552610573,0.999997068196745,0.999983379322086,"group_idyes"
"3573","GRAMD1C","Exc L4-5 RORB GABRG1",-0.0209836255746576,3.49651044837379,0.0587395622556531,0.808628464383588,0.999997068196745,0.999983379322086,"group_idyes"
"3574","ZDHHC23","Exc L4-5 RORB GABRG1",-0.0288802736988684,4.12244472946205,0.282226760839031,0.595551985771164,0.999997068196745,0.999983379322086,"group_idyes"
"3575","CCDC191","Exc L4-5 RORB GABRG1",-0.0213530732733584,4.72200723254559,0.134130725928923,0.714388339079941,0.999997068196745,0.999983379322086,"group_idyes"
"3576","QTRT2","Exc L4-5 RORB GABRG1",-0.0801968096361522,3.77102542583381,1.99016590442067,0.159131583618345,0.999997068196745,0.999983379322086,"group_idyes"
"3577","DRD3","Exc L4-5 RORB GABRG1",0.164774456096507,0.236573492276622,0.888265756496692,0.346539136542505,0.999997068196745,0.999983379322086,"group_idyes"
"3578","TIGIT","Exc L4-5 RORB GABRG1",0.0605959650816553,0.668942730253079,0.138108018908711,0.710373772605267,0.999997068196745,0.999983379322086,"group_idyes"
"3579","ZBTB20","Exc L4-5 RORB GABRG1",-0.049902873691329,6.66460377876011,1.22113391578634,0.269828821237286,0.999997068196745,0.999983379322086,"group_idyes"
"3580","ZBTB20-AS5","Exc L4-5 RORB GABRG1",-0.0508083716466599,0.418515701044652,0.0940695424505806,0.75923188272339,0.999997068196745,0.999983379322086,"group_idyes"
"3581","AC046136.1","Exc L4-5 RORB GABRG1",-0.0635021969089579,2.10293170050524,0.443404033551113,0.50588307846417,0.999997068196745,0.999983379322086,"group_idyes"
"3582","GAP43","Exc L4-5 RORB GABRG1",-0.0433397236159727,7.59699828711158,1.00363039980849,0.317063317209436,0.999997068196745,0.999983379322086,"group_idyes"
"3583","LSAMP","Exc L4-5 RORB GABRG1",0.0121933624747975,11.4897758349606,0.124528734712397,0.724366944609497,0.999997068196745,0.999983379322086,"group_idyes"
"3584","LSAMP-AS1","Exc L4-5 RORB GABRG1",-0.232056076159599,3.91487667247962,1.04444412124967,0.307432317702276,0.999997068196745,0.999983379322086,"group_idyes"
"3585","LINC00903","Exc L4-5 RORB GABRG1",0.135117213062706,2.40493069780634,0.641148920117991,0.423789249547812,0.999997068196745,0.999983379322086,"group_idyes"
"3586","TUSC7","Exc L4-5 RORB GABRG1",0.141591506702978,0.404200069760493,0.604409311660937,0.437378382263225,0.999997068196745,0.999983379322086,"group_idyes"
"3587","AC092691.1","Exc L4-5 RORB GABRG1",-0.0137326089499181,9.52500660429307,0.0944554518217698,0.75875388654545,0.999997068196745,0.999983379322086,"group_idyes"
"3588","AC068633.1","Exc L4-5 RORB GABRG1",-0.0304298945905585,1.94343267523034,0.0696833336418026,0.791939744649824,0.999997068196745,0.999983379322086,"group_idyes"
"3589","IGSF11","Exc L4-5 RORB GABRG1",-0.0343758811462117,6.56006708740016,0.627366020884632,0.428811219188514,0.999997068196745,0.999983379322086,"group_idyes"
"3590","UPK1B","Exc L4-5 RORB GABRG1",0.056607070898525,0.770325836989331,0.10634648810801,0.744519883715361,0.999997068196745,0.999983379322086,"group_idyes"
"3591","B4GALT4","Exc L4-5 RORB GABRG1",-0.0383599229488939,4.0483240325118,0.793568118207775,0.662206730818336,0.999997068196745,0.999983379322086,"group_idyes"
"3592","B4GALT4-AS1","Exc L4-5 RORB GABRG1",-0.07973868589859,1.70894109350734,0.546093776336599,0.46036877991299,0.999997068196745,0.999983379322086,"group_idyes"
"3593","ARHGAP31","Exc L4-5 RORB GABRG1",-0.0887905997989629,0.76237684045455,0.400781622242272,0.527061986301973,0.999997068196745,0.999983379322086,"group_idyes"
"3594","TMEM39A","Exc L4-5 RORB GABRG1",-0.0795338611574381,3.62310421390909,2.44675226090428,0.118590446343719,0.999997068196745,0.999983379322086,"group_idyes"
"3595","POGLUT1","Exc L4-5 RORB GABRG1",-0.00818306885530681,4.92275658362735,0.0331143050584309,0.855699469487045,0.999997068196745,0.999983379322086,"group_idyes"
"3596","TIMMDC1","Exc L4-5 RORB GABRG1",-0.00125581315870337,4.72030612242393,0.0010332126806449,0.974374181742027,0.999997068196745,0.999983379322086,"group_idyes"
"3597","POPDC2","Exc L4-5 RORB GABRG1",-0.0855118955133875,0.988979259092092,0.516877654331182,0.564119098637336,0.999997068196745,0.999983379322086,"group_idyes"
"3598","COX17","Exc L4-5 RORB GABRG1",-0.114533335148631,3.0481010186423,2.23163368121574,0.136030483510705,0.999997068196745,0.999983379322086,"group_idyes"
"3599","MAATS1","Exc L4-5 RORB GABRG1",-0.0363523410215635,5.5949547321756,0.709146505234104,0.400250458626695,0.999997068196745,0.999983379322086,"group_idyes"
"3600","NR1I2","Exc L4-5 RORB GABRG1",-0.109618075422812,0.829503621699061,0.738877807340325,0.39055587696784,0.999997068196745,0.999983379322086,"group_idyes"
"3601","GSK3B","Exc L4-5 RORB GABRG1",-0.0230278106589599,7.85476548992151,0.750774231141832,0.386771258107954,0.999997068196745,0.999983379322086,"group_idyes"
"3602","AC092910.3","Exc L4-5 RORB GABRG1",-0.0116764704108401,4.23313211079615,0.0346302551911964,0.852470645978193,0.999997068196745,0.999983379322086,"group_idyes"
"3603","GPR156","Exc L4-5 RORB GABRG1",-0.0906838665146882,1.39741035959379,0.417309722912475,0.518667624906618,0.999997068196745,0.999983379322086,"group_idyes"
"3604","LRRC58","Exc L4-5 RORB GABRG1",0.0255451552916189,5.61583546166815,0.683973023108646,0.408734616623,0.999997068196745,0.999983379322086,"group_idyes"
"3605","FSTL1","Exc L4-5 RORB GABRG1",0.00228493864507594,4.93494663907991,0.00188038947749457,0.965434303204524,0.999997068196745,0.999983379322086,"group_idyes"
"3606","NDUFB4","Exc L4-5 RORB GABRG1",-0.0325434669390533,4.90039921576125,0.151903021503919,0.696939020905039,0.999997068196745,0.999983379322086,"group_idyes"
"3607","HGD","Exc L4-5 RORB GABRG1",-0.054607906142744,0.815061788012645,0.168666160425009,0.97641568626664,0.999997068196745,0.999983379322086,"group_idyes"
"3608","RABL3","Exc L4-5 RORB GABRG1",0.0167333492646599,4.07622101249672,0.119669740442395,0.729582047924345,0.999997068196745,0.999983379322086,"group_idyes"
"3609","GTF2E1","Exc L4-5 RORB GABRG1",-0.0495844113064343,2.55218728319623,0.591057886915222,0.442482014061001,0.999997068196745,0.999983379322086,"group_idyes"
"3610","STXBP5L","Exc L4-5 RORB GABRG1",0.0016912948148771,10.3991341806789,0.0019175573667063,0.965094577748041,0.999997068196745,0.999983379322086,"group_idyes"
"3611","POLQ","Exc L4-5 RORB GABRG1",-0.00145550043508714,3.0052148306239,0.000291208599470976,0.986393738339335,0.999997068196745,0.999983379322086,"group_idyes"
"3612","ARGFX","Exc L4-5 RORB GABRG1",0.293528553772136,0.188401105636774,2.96725437001112,0.0857695615658978,0.999997068196745,0.999983379322086,"group_idyes"
"3613","FBXO40","Exc L4-5 RORB GABRG1",-0.00113810088210097,2.64439786114972,0.000220771469872392,0.988152865833089,0.999997068196745,0.999983379322086,"group_idyes"
"3614","HCLS1","Exc L4-5 RORB GABRG1",-0.0681520035444367,1.55041532142822,0.378523917672431,0.538758014528431,0.999997068196745,0.999983379322086,"group_idyes"
"3615","GOLGB1","Exc L4-5 RORB GABRG1",0.0405193318492488,7.18846388502052,1.18308933012098,0.277408899411096,0.999997068196745,0.999983379322086,"group_idyes"
"3616","IQCB1","Exc L4-5 RORB GABRG1",-0.0151359625065339,6.43911411669881,0.26891084042143,0.721847061497373,0.999997068196745,0.999983379322086,"group_idyes"
"3617","EAF2","Exc L4-5 RORB GABRG1",-0.0570321757443475,3.98113081248326,1.44136771799019,0.230656816767088,0.999997068196745,0.999983379322086,"group_idyes"
"3618","SLC15A2","Exc L4-5 RORB GABRG1",-0.016345611921697,4.07711117473989,0.0894839339480098,0.764995778289004,0.999997068196745,0.999983379322086,"group_idyes"
"3619","CCDC58","Exc L4-5 RORB GABRG1",-0.00535089166833998,3.47768727441007,0.0102879506151219,0.919262331138174,0.999997068196745,0.999983379322086,"group_idyes"
"3620","FAM162A","Exc L4-5 RORB GABRG1",-0.0422001405081712,5.56709315645925,1.76444551746595,0.184858397434601,0.999997068196745,0.999983379322086,"group_idyes"
"3621","AC083798.2","Exc L4-5 RORB GABRG1",0.0113907472284659,3.3479095034692,0.0353787175624866,0.850903455483416,0.999997068196745,0.999983379322086,"group_idyes"
"3622","KPNA1","Exc L4-5 RORB GABRG1",-0.0153259501557335,6.35644351564196,0.289055981785542,0.591136957024804,0.999997068196745,0.999983379322086,"group_idyes"
"3623","PARP9","Exc L4-5 RORB GABRG1",-0.095495836553394,0.39954767884917,0.241589966978497,0.623340398825385,0.999997068196745,0.999983379322086,"group_idyes"
"3624","HSPBAP1","Exc L4-5 RORB GABRG1",-0.0192445593616123,4.3694479461667,0.211885856398567,0.645553338737418,0.999997068196745,0.999983379322086,"group_idyes"
"3625","DIRC2","Exc L4-5 RORB GABRG1",-0.0227366657883898,5.502561582178,0.378876080302816,0.538569295089452,0.999997068196745,0.999983379322086,"group_idyes"
"3626","LINC02035","Exc L4-5 RORB GABRG1",0.0464170784013918,2.80242944584522,0.5996575984307,0.439184315945856,0.999997068196745,0.999983379322086,"group_idyes"
"3627","SEMA5B","Exc L4-5 RORB GABRG1",-0.126270720227454,5.03090489527644,4.24516959999674,0.0400340443447197,0.999997068196745,0.999983379322086,"group_idyes"
"3628","PDIA5","Exc L4-5 RORB GABRG1",-0.0750838585502932,5.0853479821363,1.95182984192824,0.163195053318474,0.999997068196745,0.999983379322086,"group_idyes"
"3629","SEC22A","Exc L4-5 RORB GABRG1",0.00908615373911685,5.88415369092986,0.0644620603506236,0.799713238597688,0.999997068196745,0.999983379322086,"group_idyes"
"3630","ADCY5","Exc L4-5 RORB GABRG1",-0.0492803463171276,5.70773530072757,1.6489739309656,0.199871395609247,0.999997068196745,0.999983379322086,"group_idyes"
"3631","AC112503.1","Exc L4-5 RORB GABRG1",0.00127925669474331,1.01294234875383,5.74048917991087e-05,0.993958731487774,0.999997068196745,0.999983379322086,"group_idyes"
"3632","HACD2","Exc L4-5 RORB GABRG1",0.0178274128170704,5.98494520867341,0.367547987189301,0.54801289626688,0.999997068196745,0.999983379322086,"group_idyes"
"3633","MYLK-AS1","Exc L4-5 RORB GABRG1",-0.0207723238283034,4.30116689566635,0.147148868951695,0.701486918436052,0.999997068196745,0.999983379322086,"group_idyes"
"3634","MYLK","Exc L4-5 RORB GABRG1",-0.0431447191456465,4.12604476986934,0.246338505119976,0.619948571275414,0.999997068196745,0.999983379322086,"group_idyes"
"3635","CCDC14","Exc L4-5 RORB GABRG1",0.011188896712354,5.76717537069052,0.0882799847596124,0.766535646122805,0.999997068196745,0.999983379322086,"group_idyes"
"3636","KALRN","Exc L4-5 RORB GABRG1",-0.00583788230440104,10.5575416004866,0.0349032597836334,0.851896994936344,0.999997068196745,0.999983379322086,"group_idyes"
"3637","UMPS","Exc L4-5 RORB GABRG1",-0.0355631444121689,3.97378034955054,0.737420657502236,0.39102308505074,0.999997068196745,0.999983379322086,"group_idyes"
"3638","ITGB5","Exc L4-5 RORB GABRG1",-0.131331791258154,1.80821775352481,1.00563674229511,0.316580709975933,0.999997068196745,0.999983379322086,"group_idyes"
"3639","HEG1","Exc L4-5 RORB GABRG1",-0.171519518890899,0.590601712743021,1.16635675041602,0.280827654239854,0.999997068196745,0.999983379322086,"group_idyes"
"3640","SLC12A8","Exc L4-5 RORB GABRG1",-0.137162794476555,3.96203872833982,2.96790219706231,0.0857354981297835,0.999997068196745,0.999983379322086,"group_idyes"
"3641","ZNF148","Exc L4-5 RORB GABRG1",0.00562932531175223,7.44215811403097,0.0512016162495093,0.821105577062897,0.999997068196745,0.999983379322086,"group_idyes"
"3642","SNX4","Exc L4-5 RORB GABRG1",-0.0683606249280231,5.50680551807386,4.72551156174222,0.0303274868482809,0.999997068196745,0.999983379322086,"group_idyes"
"3643","OSBPL11","Exc L4-5 RORB GABRG1",0.0242855492427834,4.39029565316875,0.443945391337084,0.50562363518139,0.999997068196745,0.999983379322086,"group_idyes"
"3644","AC092902.3","Exc L4-5 RORB GABRG1",0.031819098522384,3.03740362468846,0.253595801405684,0.994409212956008,0.999997068196745,0.999983379322086,"group_idyes"
"3645","AC092903.2","Exc L4-5 RORB GABRG1",-0.0998987816191674,1.20090117560173,0.791300835244529,0.374262946099787,0.999997068196745,0.999983379322086,"group_idyes"
"3646","SLC41A3","Exc L4-5 RORB GABRG1",0.021987628938419,4.76928976622338,0.331403775506949,0.565170220975315,0.999997068196745,0.999983379322086,"group_idyes"
"3647","AC079848.1","Exc L4-5 RORB GABRG1",-0.0542823546666172,1.45887784944413,0.237764499342769,0.701907133505758,0.999997068196745,0.999983379322086,"group_idyes"
"3648","ALDH1L1","Exc L4-5 RORB GABRG1",-0.0137929651685752,0.477547356104273,0.00582437047058294,0.939206123371184,0.999997068196745,0.999983379322086,"group_idyes"
"3649","AC016924.1","Exc L4-5 RORB GABRG1",-0.00150475251615494,0.636479557571332,0.00013422838346709,0.99076216305101,0.999997068196745,0.999983379322086,"group_idyes"
"3650","KLF15","Exc L4-5 RORB GABRG1",-0.0549360254306291,1.31138902530253,0.262207395317919,0.608901492753234,0.999997068196745,0.999983379322086,"group_idyes"
"3651","CFAP100","Exc L4-5 RORB GABRG1",-0.00424294093687637,2.02245460088119,0.00137446927417037,0.970445362653454,0.999997068196745,0.999983379322086,"group_idyes"
"3652","ZXDC","Exc L4-5 RORB GABRG1",0.00836019868376848,5.96764336776499,0.0681606879160418,0.794173578740653,0.999997068196745,0.999983379322086,"group_idyes"
"3653","TXNRD3NB","Exc L4-5 RORB GABRG1",0.0231568222174634,3.79646813517407,0.157628602765803,0.691569407403646,0.999997068196745,0.999983379322086,"group_idyes"
"3654","TXNRD3","Exc L4-5 RORB GABRG1",-0.0566227062536483,3.02386389519953,0.825911863287223,0.862456308309559,0.999997068196745,0.999983379322086,"group_idyes"
"3655","CHCHD6","Exc L4-5 RORB GABRG1",-0.0386830421272132,6.21118895148905,1.19012222537443,0.275987652546567,0.999997068196745,0.999983379322086,"group_idyes"
"3656","PLXNA1","Exc L4-5 RORB GABRG1",-0.0167883304149486,5.08047640851452,0.0925256623506746,0.761154977248278,0.999997068196745,0.999983379322086,"group_idyes"
"3657","LINC02016","Exc L4-5 RORB GABRG1",-0.148838513108988,0.943685441507145,0.995055338435297,0.319136909285235,0.999997068196745,0.999983379322086,"group_idyes"
"3658","LINC01471","Exc L4-5 RORB GABRG1",-0.320190490574399,1.04172584426311,2.5706683973718,0.109682336251533,0.999997068196745,0.999983379322086,"group_idyes"
"3659","TPRA1","Exc L4-5 RORB GABRG1",-0.0430219054819597,3.88932337823725,1.01203588901692,0.373644001231264,0.999997068196745,0.999983379322086,"group_idyes"
"3660","MCM2","Exc L4-5 RORB GABRG1",-0.13513574622957,1.08844339046744,1.24692720835266,0.264837073556296,0.999997068196745,0.999983379322086,"group_idyes"
"3661","PODXL2","Exc L4-5 RORB GABRG1",-0.057066869115927,5.49757099197304,1.60120678260783,0.206498093661722,0.999997068196745,0.999983379322086,"group_idyes"
"3662","ABTB1","Exc L4-5 RORB GABRG1",-0.0127084468638929,5.23078362944258,0.0467654421912295,0.828905008216618,0.999997068196745,0.999983379322086,"group_idyes"
"3663","MGLL","Exc L4-5 RORB GABRG1",-0.0219749711697641,6.63508129562705,0.299398724242954,0.584576858541857,0.999997068196745,0.999983379322086,"group_idyes"
"3664","KBTBD12","Exc L4-5 RORB GABRG1",0.0167705273306877,6.28718102897627,0.115400920366406,0.734262480380957,0.999997068196745,0.999983379322086,"group_idyes"
"3665","SEC61A1","Exc L4-5 RORB GABRG1",0.0159763105826627,4.37152972874422,0.152069712247241,0.822186465323573,0.999997068196745,0.999983379322086,"group_idyes"
"3666","RUVBL1","Exc L4-5 RORB GABRG1",0.000581441764560259,4.28863959227744,0.000160138792290474,0.989909922390254,0.999997068196745,0.999983379322086,"group_idyes"
"3667","EEFSEC","Exc L4-5 RORB GABRG1",-0.0186685170483854,5.50071243971888,0.142283760346052,0.706229098901914,0.999997068196745,0.999983379322086,"group_idyes"
"3668","GATA2-AS1","Exc L4-5 RORB GABRG1",-0.474206343354165,0.696454279462318,8.48907358970372,0.00378145599470967,0.999997068196745,0.999983379322086,"group_idyes"
"3669","RPN1","Exc L4-5 RORB GABRG1",0.0530498972565605,4.89729479076283,0.795636859189363,0.37295862124388,0.999997068196745,0.999983379322086,"group_idyes"
"3670","RAB7A","Exc L4-5 RORB GABRG1",-0.00626250990209623,6.60244916113743,0.0774308771238001,0.780959165298434,0.999997068196745,0.999983379322086,"group_idyes"
"3671","AC112484.1","Exc L4-5 RORB GABRG1",-0.061734125150043,0.511300871545146,0.171868367516112,0.678687697279793,0.999997068196745,0.999983379322086,"group_idyes"
"3672","ACAD9","Exc L4-5 RORB GABRG1",-0.0266190741660871,4.74438480098732,0.47104054690514,0.492922269328902,0.999997068196745,0.999983379322086,"group_idyes"
"3673","KIAA1257","Exc L4-5 RORB GABRG1",-0.133171177790108,4.11409146789783,4.35221370208763,0.0376190255642136,0.999997068196745,0.999983379322086,"group_idyes"
"3674","ISY1-RAB43","Exc L4-5 RORB GABRG1",0.0894585088639527,2.1159999979661,1.01567952280445,0.495648787925138,0.999997068196745,0.999983379322086,"group_idyes"
"3675","AC108673.3","Exc L4-5 RORB GABRG1",0.0780721795837525,3.2695184987075,1.11139071873747,0.292441444358487,0.999997068196745,0.999983379322086,"group_idyes"
"3676","CNBP","Exc L4-5 RORB GABRG1",0.00439892792614707,5.66541490989044,0.011424333088571,0.914936185848258,0.999997068196745,0.999983379322086,"group_idyes"
"3677","COPG1","Exc L4-5 RORB GABRG1",0.00112220370198601,4.75982109351218,0.000598567466137047,0.980493876440551,0.999997068196745,0.999983379322086,"group_idyes"
"3678","HMCES","Exc L4-5 RORB GABRG1",-0.00933055708710684,4.60745148629035,0.0560045224339902,0.813052145288198,0.999997068196745,0.999983379322086,"group_idyes"
"3679","H1FX","Exc L4-5 RORB GABRG1",0.106722605196743,5.7882477390595,1.81755371300714,0.1783979310684,0.999997068196745,0.999983379322086,"group_idyes"
"3680","H1FX-AS1","Exc L4-5 RORB GABRG1",-0.0479348871196686,2.71170235410592,0.575893228727781,0.44839122827038,0.999997068196745,0.999983379322086,"group_idyes"
"3681","EFCAB12","Exc L4-5 RORB GABRG1",-0.0610720864847804,3.86901741922117,1.17210128267915,0.279647972897279,0.999997068196745,0.999983379322086,"group_idyes"
"3682","MBD4","Exc L4-5 RORB GABRG1",0.056913831201774,5.14832804921815,2.31008383215066,0.349456424902322,0.999997068196745,0.999983379322086,"group_idyes"
"3683","IFT122","Exc L4-5 RORB GABRG1",-0.00545626113110562,6.37234663676765,0.05853482284741,0.808955788392533,0.999997068196745,0.999983379322086,"group_idyes"
"3684","RHO","Exc L4-5 RORB GABRG1",-0.0745015001792864,0.345663848649657,0.168846394461079,0.681367866330891,0.999997068196745,0.999983379322086,"group_idyes"
"3685","PLXND1","Exc L4-5 RORB GABRG1",-0.0321565810382005,5.4870173504361,0.513075896042528,0.47424490354834,0.999997068196745,0.999983379322086,"group_idyes"
"3686","TMCC1","Exc L4-5 RORB GABRG1",0.00224769954394869,7.82371178249052,0.00620302921454425,0.93726501502632,0.999997068196745,0.999983379322086,"group_idyes"
"3687","TMCC1-AS1","Exc L4-5 RORB GABRG1",-0.00573549485344538,3.20217839848644,0.00940457150362238,0.92279502284174,0.999997068196745,0.999983379322086,"group_idyes"
"3688","ALG1L2","Exc L4-5 RORB GABRG1",0.0185763243102897,2.17868306052771,0.0487733347803162,0.82532883165273,0.999997068196745,0.999983379322086,"group_idyes"
"3689","LINC02021","Exc L4-5 RORB GABRG1",-0.0371723245160866,2.69609625130454,0.260257118517752,0.610236112693111,0.999997068196745,0.999983379322086,"group_idyes"
"3690","COL6A5","Exc L4-5 RORB GABRG1",-0.280455897556067,0.0196174914431782,1.79149762834885,0.181534226638712,0.999997068196745,0.999983379322086,"group_idyes"
"3691","COL6A6","Exc L4-5 RORB GABRG1",0.0167557295552901,2.28351528643588,0.030440264296766,0.861586790684794,0.999997068196745,0.999983379322086,"group_idyes"
"3692","PIK3R4","Exc L4-5 RORB GABRG1",-0.0185930120947065,5.47805683531365,0.363022564530158,0.54718730825919,0.999997068196745,0.999983379322086,"group_idyes"
"3693","ATP2C1","Exc L4-5 RORB GABRG1",0.0258551932928782,7.14804769229008,0.566048479153857,0.452293492872588,0.999997068196745,0.999983379322086,"group_idyes"
"3694","AC055733.2","Exc L4-5 RORB GABRG1",-0.0864294012728712,1.2175748011348,0.289325628484874,0.590964017531562,0.999997068196745,0.999983379322086,"group_idyes"
"3695","ASTE1","Exc L4-5 RORB GABRG1",0.031502602339588,3.10489935958986,0.243718055110087,0.621815247242277,0.999997068196745,0.999983379322086,"group_idyes"
"3696","NEK11","Exc L4-5 RORB GABRG1",0.00833417129613432,7.33998667678486,0.0412887509796271,0.839089000443431,0.999997068196745,0.999983379322086,"group_idyes"
"3697","NUDT16","Exc L4-5 RORB GABRG1",0.004415941218671,3.52732959092211,0.00586896668861048,0.938974277394328,0.999997068196745,0.999983379322086,"group_idyes"
"3698","MRPL3","Exc L4-5 RORB GABRG1",-0.00469407839445193,5.1901346842484,0.020331360501213,0.886690155637827,0.999997068196745,0.999983379322086,"group_idyes"
"3699","CPNE4","Exc L4-5 RORB GABRG1",-0.0542234538423319,7.82582422472769,1.23340772617858,0.267438951051401,0.999997068196745,0.999983379322086,"group_idyes"
"3700","ACPP","Exc L4-5 RORB GABRG1",-0.0575024744785883,0.547019515499761,0.130420350911419,0.718194828304551,0.999997068196745,0.999983379322086,"group_idyes"
"3701","DNAJC13","Exc L4-5 RORB GABRG1",0.00579856001869467,5.54402690457048,0.0253022960383984,0.873699590928329,0.999997068196745,0.999983379322086,"group_idyes"
"3702","NPHP3-ACAD11","Exc L4-5 RORB GABRG1",0.0995952213228298,1.78661482053825,1.32462665016291,0.250478195988275,0.999997068196745,0.999983379322086,"group_idyes"
"3703","ACKR4","Exc L4-5 RORB GABRG1",0.160706671007404,0.845343418247646,1.3910119054237,0.238963097982365,0.999997068196745,0.999983379322086,"group_idyes"
"3704","UBA5","Exc L4-5 RORB GABRG1",0.00798249058673348,5.19202382737801,0.0339717762663294,0.853863975911687,0.999997068196745,0.999983379322086,"group_idyes"
"3705","NPHP3-AS1","Exc L4-5 RORB GABRG1",0.0465586446825195,1.85668763514246,0.195399954634006,0.658708148262777,0.999997068196745,0.999983379322086,"group_idyes"
"3706","TMEM108","Exc L4-5 RORB GABRG1",0.030294324328853,6.88689804159129,0.298468127788106,0.585161037826819,0.999997068196745,0.999983379322086,"group_idyes"
"3707","BFSP2","Exc L4-5 RORB GABRG1",-0.258622168754317,0.272403125401313,1.77884871414269,0.183079797942746,0.999997068196745,0.999983379322086,"group_idyes"
"3708","BFSP2-AS1","Exc L4-5 RORB GABRG1",0.0250038852914607,0.820860231472312,0.0257946601844043,0.872487110124572,0.999997068196745,0.999983379322086,"group_idyes"
"3709","CDV3","Exc L4-5 RORB GABRG1",0.0475335856291617,4.32324069427266,0.597961570888272,0.43983168222759,0.999997068196745,0.999983379322086,"group_idyes"
"3710","TOPBP1","Exc L4-5 RORB GABRG1",-0.00347561420492119,5.03904500717459,0.01126983776509,0.915511139997433,0.999997068196745,0.999983379322086,"group_idyes"
"3711","TF","Exc L4-5 RORB GABRG1",-0.0372705057091097,4.30035950111984,0.456538894267019,0.499651904447032,0.999997068196745,0.999983379322086,"group_idyes"
"3712","SRPRB","Exc L4-5 RORB GABRG1",0.00562053625373004,3.89920193214629,0.0157579498470076,0.900169012925609,0.999997068196745,0.999983379322086,"group_idyes"
"3713","RAB6B","Exc L4-5 RORB GABRG1",0.02901929464879,7.21665425828609,0.422464400370586,0.516097812705596,0.999997068196745,0.999983379322086,"group_idyes"
"3714","SLCO2A1","Exc L4-5 RORB GABRG1",-0.168699387511802,4.88017002379926,4.9530161547643,0.0266241622573612,0.999997068196745,0.999983379322086,"group_idyes"
"3715","RYK","Exc L4-5 RORB GABRG1",-0.0113220838620738,7.02439515114914,0.101486700862933,0.750225646609895,0.999997068196745,0.999983379322086,"group_idyes"
"3716","AMOTL2","Exc L4-5 RORB GABRG1",0.0414273855248244,4.05059249287337,0.554486932647801,0.983142883776534,0.999997068196745,0.999983379322086,"group_idyes"
"3717","ANAPC13","Exc L4-5 RORB GABRG1",-0.00212486399138198,3.79021593754183,0.000948348712425074,0.975448780723712,0.999997068196745,0.999983379322086,"group_idyes"
"3718","CEP63","Exc L4-5 RORB GABRG1",0.0157440114604409,6.49493319758635,0.379986112958836,0.537975233546594,0.999997068196745,0.999983379322086,"group_idyes"
"3719","EPHB1","Exc L4-5 RORB GABRG1",-0.0683373432408085,6.37984467191105,1.38228114036207,0.2404400020197,0.999997068196745,0.999983379322086,"group_idyes"
"3720","KY","Exc L4-5 RORB GABRG1",-0.0108554983748244,3.58058537133882,0.0358027750002348,0.850023141081749,0.999997068196745,0.999983379322086,"group_idyes"
"3721","PPP2R3A","Exc L4-5 RORB GABRG1",-0.0167535726444744,4.6201402319208,0.0951393850437049,0.757909370131235,0.999997068196745,0.999983379322086,"group_idyes"
"3722","MSL2","Exc L4-5 RORB GABRG1",0.0274660485704739,5.23896238407769,0.707508555045034,0.400794638194954,0.999997068196745,0.999983379322086,"group_idyes"
"3723","PCCB","Exc L4-5 RORB GABRG1",-0.0356194619914099,4.95015623401601,1.00909874599784,0.315750223407629,0.999997068196745,0.999983379322086,"group_idyes"
"3724","STAG1","Exc L4-5 RORB GABRG1",0.0148864554369959,8.10181677399998,0.16367012992595,0.686024573187853,0.999997068196745,0.999983379322086,"group_idyes"
"3725","SLC35G2","Exc L4-5 RORB GABRG1",-0.0299968731950658,4.96475700672756,0.9187920737513,0.338394304072577,0.999997068196745,0.999983379322086,"group_idyes"
"3726","NCK1-DT","Exc L4-5 RORB GABRG1",-0.0633808199436956,1.31549386469694,0.360091634120039,0.771144834254124,0.999997068196745,0.999983379322086,"group_idyes"
"3727","NCK1","Exc L4-5 RORB GABRG1",-0.011271962872208,4.3277362126715,0.0701743685335514,0.791224936042493,0.999997068196745,0.999983379322086,"group_idyes"
"3728","IL20RB","Exc L4-5 RORB GABRG1",0.00780934857125489,1.8418889147554,0.0112095314490058,0.915736650625292,0.999997068196745,0.999983379322086,"group_idyes"
"3729","IL20RB-AS1","Exc L4-5 RORB GABRG1",-0.158706839532621,0.581693474426156,1.1714117498926,0.2797892418558,0.999997068196745,0.999983379322086,"group_idyes"
"3730","DZIP1L","Exc L4-5 RORB GABRG1",-0.0467259612435247,3.58345015791913,0.62799337194146,0.657041156561134,0.999997068196745,0.999983379322086,"group_idyes"
"3731","DBR1","Exc L4-5 RORB GABRG1",0.00608280971163369,3.03611801659744,0.0128145626828723,0.909929910564804,0.999997068196745,0.999983379322086,"group_idyes"
"3732","ARMC8","Exc L4-5 RORB GABRG1",-0.0313904395366022,6.57367983163632,1.39807552958357,0.813551282032553,0.999997068196745,0.999983379322086,"group_idyes"
"3733","NME9","Exc L4-5 RORB GABRG1",0.139896412778273,6.47164961306724,5.12297086381353,0.0241676602379741,0.999997068196745,0.999983379322086,"group_idyes"
"3734","MRAS","Exc L4-5 RORB GABRG1",0.0404429692597154,5.78024347678057,1.39016167174042,0.23910643751747,0.999997068196745,0.999983379322086,"group_idyes"
"3735","ESYT3","Exc L4-5 RORB GABRG1",0.0226775718358118,4.7066877106881,0.183550235925956,0.668579565591298,0.999997068196745,0.999983379322086,"group_idyes"
"3736","CEP70","Exc L4-5 RORB GABRG1",0.0255304408187974,5.73911635490159,0.573494728382843,0.449337085198939,0.999997068196745,0.999983379322086,"group_idyes"
"3737","FAIM","Exc L4-5 RORB GABRG1",-0.052114370131483,3.06081542324907,0.627033009002648,0.437299163866017,0.999997068196745,0.999983379322086,"group_idyes"
"3738","PIK3CB","Exc L4-5 RORB GABRG1",-0.00635560655142708,7.21655985349877,0.0633181827554141,0.801460615646505,0.999997068196745,0.999983379322086,"group_idyes"
"3739","MRPS22","Exc L4-5 RORB GABRG1",0.0297174642204442,3.444462215776,0.335901139135355,0.65378241566531,0.999997068196745,0.999983379322086,"group_idyes"
"3740","COPB2","Exc L4-5 RORB GABRG1",0.0262667245596382,5.38708757274697,0.619153583911038,0.431846422998049,0.999997068196745,0.999983379322086,"group_idyes"
"3741","AC097103.2","Exc L4-5 RORB GABRG1",-0.0309529580864273,6.45741259307244,0.520881198654472,0.4709044219934,0.999997068196745,0.999983379322086,"group_idyes"
"3742","NMNAT3","Exc L4-5 RORB GABRG1",-0.000972185907407929,4.72244842937524,0.000242902804358739,0.987573280637033,0.999997068196745,0.999983379322086,"group_idyes"
"3743","AC016933.1","Exc L4-5 RORB GABRG1",-0.0706938728378994,1.83966111108995,0.567765001946598,0.48519824243358,0.999997068196745,0.999983379322086,"group_idyes"
"3744","CLSTN2","Exc L4-5 RORB GABRG1",-0.0267998727059033,8.56458128585629,0.152596273156942,0.696282723072534,0.999997068196745,0.999983379322086,"group_idyes"
"3745","SLC25A36","Exc L4-5 RORB GABRG1",0.010189252975628,6.63136357671405,0.143239615422812,0.825036590078707,0.999997068196745,0.999983379322086,"group_idyes"
"3746","PXYLP1","Exc L4-5 RORB GABRG1",0.0299763350580935,4.99959129567753,0.382081660156785,0.536857007580554,0.999997068196745,0.999983379322086,"group_idyes"
"3747","AC117383.1","Exc L4-5 RORB GABRG1",-0.0573206040434312,2.92462503332549,0.41583057267192,0.51940919667716,0.999997068196745,0.999983379322086,"group_idyes"
"3748","ZBTB38","Exc L4-5 RORB GABRG1",0.0133577558153457,7.28873481278248,0.233108540003549,0.629503020281045,0.999997068196745,0.999983379322086,"group_idyes"
"3749","RASA2","Exc L4-5 RORB GABRG1",-0.0108739928084038,7.63461851373037,0.137659111406795,0.710823568145886,0.999997068196745,0.999983379322086,"group_idyes"
"3750","RNF7","Exc L4-5 RORB GABRG1",0.0178423183771173,4.0427819780514,0.045585531520698,0.831044093246267,0.999997068196745,0.999983379322086,"group_idyes"
"3751","GRK7","Exc L4-5 RORB GABRG1",-0.129855753924333,1.15036050761772,0.697594262026183,0.404111602696444,0.999997068196745,0.999983379322086,"group_idyes"
"3752","ATP1B3","Exc L4-5 RORB GABRG1",-0.0178868845606971,6.51770770846999,0.254523672408216,0.614196496838206,0.999997068196745,0.999983379322086,"group_idyes"
"3753","TFDP2","Exc L4-5 RORB GABRG1",-0.0335914729656967,7.7245952020811,1.01954623019198,0.313261278823887,0.999997068196745,0.999983379322086,"group_idyes"
"3754","GK5","Exc L4-5 RORB GABRG1",-0.0524522688826063,5.29197208926405,1.63855546303436,0.201295064899485,0.999997068196745,0.999983379322086,"group_idyes"
"3755","XRN1","Exc L4-5 RORB GABRG1",0.0100451088724596,7.2601870819279,0.0725830628916334,0.787756746124684,0.999997068196745,0.999983379322086,"group_idyes"
"3756","ATR","Exc L4-5 RORB GABRG1",-0.0182531318482751,6.55694649408636,0.175842889439027,0.675204448297759,0.999997068196745,0.999983379322086,"group_idyes"
"3757","PLS1","Exc L4-5 RORB GABRG1",0.0864384573978865,2.87637002767105,1.07996547915384,0.299357936814912,0.999997068196745,0.999983379322086,"group_idyes"
"3758","TRPC1","Exc L4-5 RORB GABRG1",-0.0302231029825218,7.27098423928232,0.947169126163053,0.331052411915306,0.999997068196745,0.999983379322086,"group_idyes"
"3759","PCOLCE2","Exc L4-5 RORB GABRG1",-0.0381995106657795,0.979578586234803,0.0856612250503196,0.941924233715976,0.999997068196745,0.999983379322086,"group_idyes"
"3760","PAQR9","Exc L4-5 RORB GABRG1",-0.029065035732427,2.54874275026173,0.149009420366905,0.847386167127832,0.999997068196745,0.999983379322086,"group_idyes"
"3761","U2SURP","Exc L4-5 RORB GABRG1",-0.00360528589935076,6.55332996121994,0.021123395693493,0.884519415789817,0.999997068196745,0.999983379322086,"group_idyes"
"3762","CHST2","Exc L4-5 RORB GABRG1",0.170205098162903,2.7417370108586,3.28733384760683,0.0705954570345021,0.999997068196745,0.999983379322086,"group_idyes"
"3763","SLC9A9","Exc L4-5 RORB GABRG1",-0.114007658281068,4.5784700130603,2.71790257085034,0.100044631698658,0.999997068196745,0.999983379322086,"group_idyes"
"3764","C3orf58","Exc L4-5 RORB GABRG1",0.0226061305026392,6.34651570347954,0.292224417778144,0.589111397291194,0.999997068196745,0.999983379322086,"group_idyes"
"3765","AC107021.1","Exc L4-5 RORB GABRG1",-0.0163549354768607,1.29747071426652,0.0109527789637513,0.916703691594953,0.999997068196745,0.999983379322086,"group_idyes"
"3766","LNCSRLR","Exc L4-5 RORB GABRG1",0.165316098302912,1.74358504224821,2.86163340365415,0.0915250937810399,0.999997068196745,0.999983379322086,"group_idyes"
"3767","PLOD2","Exc L4-5 RORB GABRG1",0.0498807893486295,5.12185396437853,0.866000956427131,0.352648348002623,0.999997068196745,0.999983379322086,"group_idyes"
"3768","PLSCR2","Exc L4-5 RORB GABRG1",-0.0831319649958347,3.5581810949262,0.452997406794329,0.501319035801542,0.999997068196745,0.999983379322086,"group_idyes"
"3769","PLSCR1","Exc L4-5 RORB GABRG1",0.00488108026975426,4.43750618830375,0.0108148197154246,0.917228041404072,0.999997068196745,0.999983379322086,"group_idyes"
"3770","AC092957.1","Exc L4-5 RORB GABRG1",0.0685107453801229,1.17303755488891,0.317724180648931,0.573306944412324,0.999997068196745,0.999983379322086,"group_idyes"
"3771","CPB1","Exc L4-5 RORB GABRG1",-0.187359615696655,0.204982492301438,1.08457956735849,0.298329320510987,0.999997068196745,0.999983379322086,"group_idyes"
"3772","GYG1","Exc L4-5 RORB GABRG1",0.0503687946268048,3.44229573962996,0.749265940869302,0.387248180017541,0.999997068196745,0.999983379322086,"group_idyes"
"3773","HLTF","Exc L4-5 RORB GABRG1",0.0161170579943813,6.00794757037782,0.20574354396852,0.650379965527808,0.999997068196745,0.999983379322086,"group_idyes"
"3774","HPS3","Exc L4-5 RORB GABRG1",0.0698659852679816,4.02099923719163,2.81393484384158,0.094261077171509,0.999997068196745,0.999983379322086,"group_idyes"
"3775","CP","Exc L4-5 RORB GABRG1",-0.0217920318785768,1.02629129425981,0.0271636195198855,0.86917702788074,0.999997068196745,0.999983379322086,"group_idyes"
"3776","TM4SF1-AS1","Exc L4-5 RORB GABRG1",-0.0962777574080717,0.932547230758316,0.298361774017068,0.585227876409837,0.999997068196745,0.999983379322086,"group_idyes"
"3777","WWTR1","Exc L4-5 RORB GABRG1",0.00118597022237325,3.77194449093805,0.000276390294847386,0.986744406095425,0.999997068196745,0.999983379322086,"group_idyes"
"3778","COMMD2","Exc L4-5 RORB GABRG1",0.0250667154262047,4.58015918802979,0.176015645417089,0.675054099897182,0.999997068196745,0.999983379322086,"group_idyes"
"3779","ANKUB1","Exc L4-5 RORB GABRG1",0.00405709972147553,4.42100609336796,0.00200224629920221,0.964332610958553,0.999997068196745,0.999983379322086,"group_idyes"
"3780","RNF13","Exc L4-5 RORB GABRG1",0.015996775684094,6.79500501206081,0.310030301536322,0.57798533592571,0.999997068196745,0.999983379322086,"group_idyes"
"3781","PFN2","Exc L4-5 RORB GABRG1",-0.0575491327970898,5.19262989140738,0.982029664158982,0.322321061905206,0.999997068196745,0.999983379322086,"group_idyes"
"3782","AC117395.1","Exc L4-5 RORB GABRG1",-0.112292347098604,1.48510897564309,1.27245896627955,0.260008848009026,0.999997068196745,0.999983379322086,"group_idyes"
"3783","AC117386.2","Exc L4-5 RORB GABRG1",0.115240736236007,2.85572842234411,0.774600532090176,0.379347014664477,0.999997068196745,0.999983379322086,"group_idyes"
"3784","TSC22D2","Exc L4-5 RORB GABRG1",-0.0121738793057799,6.46260646967224,0.134913280573931,0.713593160848453,0.999997068196745,0.999983379322086,"group_idyes"
"3785","SERP1","Exc L4-5 RORB GABRG1",0.0314086319247625,6.07800140106934,0.678200289279494,0.410717331961842,0.999997068196745,0.999983379322086,"group_idyes"
"3786","EIF2A","Exc L4-5 RORB GABRG1",0.00702267246858695,4.83785143894838,0.0337978182888044,0.854234394981818,0.999997068196745,0.999983379322086,"group_idyes"
"3787","SELENOT","Exc L4-5 RORB GABRG1",0.0343253528404819,5.44632234479619,0.761749203589114,0.38332605598246,0.999997068196745,0.999983379322086,"group_idyes"
"3788","ERICH6","Exc L4-5 RORB GABRG1",0.0989934656463878,1.3296392590074,0.648409299273954,0.421179337022561,0.999997068196745,0.999983379322086,"group_idyes"
"3789","ERICH6-AS1","Exc L4-5 RORB GABRG1",-0.0230438490466328,1.17608277040703,0.0385786996522943,0.861877800783504,0.999997068196745,0.999983379322086,"group_idyes"
"3790","SIAH2","Exc L4-5 RORB GABRG1",-0.00297983786267841,4.51991007335432,0.00486093631229021,0.944452416035529,0.999997068196745,0.999983379322086,"group_idyes"
"3791","CLRN1-AS1","Exc L4-5 RORB GABRG1",-0.0240637058697821,2.45835935828469,0.0782972677501122,0.77976867841265,0.999997068196745,0.999983379322086,"group_idyes"
"3792","MED12L","Exc L4-5 RORB GABRG1",0.0151586471173009,7.95627020059607,0.123535581153146,0.725423468114039,0.999997068196745,0.999983379322086,"group_idyes"
"3793","GPR171","Exc L4-5 RORB GABRG1",0.246212305149181,0.347500097120902,1.25803643503095,0.262722652430911,0.999997068196745,0.999983379322086,"group_idyes"
"3794","P2RY14","Exc L4-5 RORB GABRG1",0.0224303919696865,3.99249452846762,0.023831790816581,0.877394630307432,0.999997068196745,0.999983379322086,"group_idyes"
"3795","P2RY12","Exc L4-5 RORB GABRG1",-0.107125337201119,1.06121671826054,0.538653408937589,0.463438358825257,0.999997068196745,0.999983379322086,"group_idyes"
"3796","IGSF10","Exc L4-5 RORB GABRG1",0.108299641450506,2.94586097313592,0.628522808797727,0.428386284976848,0.999997068196745,0.999983379322086,"group_idyes"
"3797","AADACL2-AS1","Exc L4-5 RORB GABRG1",0.0344712449879158,3.53270754227006,0.0495226547230624,0.824014072810058,0.999997068196745,0.999983379322086,"group_idyes"
"3798","MBNL1","Exc L4-5 RORB GABRG1",0.0350523011361603,7.80848335706671,0.827310121303608,0.36362094663732,0.999997068196745,0.999983379322086,"group_idyes"
"3799","MBNL1-AS1","Exc L4-5 RORB GABRG1",0.15521261241894,0.91931555147129,1.81812710051451,0.205887404043071,0.999997068196745,0.999983379322086,"group_idyes"
"3800","AC026347.1","Exc L4-5 RORB GABRG1",0.14366485687736,1.014514992835,1.11201148438446,0.292306895429726,0.999997068196745,0.999983379322086,"group_idyes"
"3801","RAP2B","Exc L4-5 RORB GABRG1",0.0819372763524155,3.61393532223531,2.40459888385421,0.121801315323619,0.999997068196745,0.999983379322086,"group_idyes"
"3802","ARHGEF26","Exc L4-5 RORB GABRG1",0.224473982805053,4.07973546461753,4.64139735309244,0.0318298581063713,0.999997068196745,0.999983379322086,"group_idyes"
"3803","DHX36","Exc L4-5 RORB GABRG1",0.00118614353603801,6.51264331101777,0.00286714559583024,0.957324885291556,0.999997068196745,0.999983379322086,"group_idyes"
"3804","GPR149","Exc L4-5 RORB GABRG1",-0.178423764837411,0.352339959309209,1.20555853921297,0.47081917446954,0.999997068196745,0.999983379322086,"group_idyes"
"3805","MME","Exc L4-5 RORB GABRG1",-0.0936126498491833,1.08019576589232,0.38980133963921,0.532773892311257,0.999997068196745,0.999983379322086,"group_idyes"
"3806","PLCH1","Exc L4-5 RORB GABRG1",0.110003832525323,5.41557845979564,1.53702411696573,0.215816964468536,0.999997068196745,0.999983379322086,"group_idyes"
"3807","C3orf33","Exc L4-5 RORB GABRG1",0.108026148245124,2.14271568160549,1.48519067329174,0.321626081303976,0.999997068196745,0.999983379322086,"group_idyes"
"3808","AC104472.3","Exc L4-5 RORB GABRG1",-0.04489317518323,1.09310317352551,0.129268448463121,0.719389006794833,0.999997068196745,0.999983379322086,"group_idyes"
"3809","GMPS","Exc L4-5 RORB GABRG1",0.044118245899511,5.83641716615542,2.29767461641669,0.130389009692973,0.999997068196745,0.999983379322086,"group_idyes"
"3810","KCNAB1","Exc L4-5 RORB GABRG1",-0.0273213963948536,8.18473193875113,0.458589762135751,0.498690774881027,0.999997068196745,0.999983379322086,"group_idyes"
"3811","AC084036.1","Exc L4-5 RORB GABRG1",-0.076116249744464,1.69049805067472,0.639359471966342,0.424436237182917,0.999997068196745,0.999983379322086,"group_idyes"
"3812","SSR3","Exc L4-5 RORB GABRG1",-0.00970208928309917,4.24016287808144,0.0362744129839575,0.849050372715407,0.999997068196745,0.999983379322086,"group_idyes"
"3813","TIPARP","Exc L4-5 RORB GABRG1",0.0583454372990203,1.06389125020361,0.171445043903126,0.679061469247327,0.999997068196745,0.999983379322086,"group_idyes"
"3814","LINC00886","Exc L4-5 RORB GABRG1",-0.0880961295699138,2.23788481905707,0.619793952284934,0.431608581245691,0.999997068196745,0.999983379322086,"group_idyes"
"3815","LEKR1","Exc L4-5 RORB GABRG1",-0.0722421954269287,2.73201273020888,0.665109548950252,0.415266454124555,0.999997068196745,0.999983379322086,"group_idyes"
"3816","CCNL1","Exc L4-5 RORB GABRG1",0.0236444763520885,5.32668273652936,0.441254990920229,0.722876894254229,0.999997068196745,0.999983379322086,"group_idyes"
"3817","AC104411.1","Exc L4-5 RORB GABRG1",0.0370749510819464,0.9509443294634,0.0936860301136904,0.819938803590288,0.999997068196745,0.999983379322086,"group_idyes"
"3818","VEPH1","Exc L4-5 RORB GABRG1",-0.194001117492374,1.80785620537254,3.44398842829139,0.0642467715241373,0.999997068196745,0.999983379322086,"group_idyes"
"3819","PTX3","Exc L4-5 RORB GABRG1",-0.103483062806434,1.11221806183846,0.675205087115507,0.411751661257476,0.999997068196745,0.999983379322086,"group_idyes"
"3820","PQLC2L","Exc L4-5 RORB GABRG1",-0.00584207520480413,0.211857522656049,0.00041306852216192,0.983795377129705,0.999997068196745,0.999983379322086,"group_idyes"
"3821","AC079943.2","Exc L4-5 RORB GABRG1",0.0922473371321229,1.13342859031555,0.560413573202199,0.454551061535162,0.999997068196745,0.999983379322086,"group_idyes"
"3822","RSRC1","Exc L4-5 RORB GABRG1",-0.0229574425418428,6.79759829470057,0.569777726442621,0.450809065924909,0.999997068196745,0.999983379322086,"group_idyes"
"3823","AC106707.1","Exc L4-5 RORB GABRG1",-0.0188417322630689,1.6859641947649,0.0211451356722621,0.884460423893491,0.999997068196745,0.999983379322086,"group_idyes"
"3824","MLF1","Exc L4-5 RORB GABRG1",-0.100660636616311,5.03764469495192,5.88370648646704,0.0157408395000319,0.999997068196745,0.999983379322086,"group_idyes"
"3825","GFM1","Exc L4-5 RORB GABRG1",-0.0212242798102591,5.07313690596622,0.232851136631665,0.629692200561168,0.999997068196745,0.999983379322086,"group_idyes"
"3826","LXN","Exc L4-5 RORB GABRG1",0.233705670540569,1.61558332685287,3.4197852296777,0.0651862567901293,0.999997068196745,0.999983379322086,"group_idyes"
"3827","RARRES1","Exc L4-5 RORB GABRG1",-0.131238976865271,2.86880268905606,1.59624697802642,0.207200948062467,0.999997068196745,0.999983379322086,"group_idyes"
"3828","MFSD1","Exc L4-5 RORB GABRG1",0.0317590327281369,5.00676463533605,0.760029050290892,0.383863141696136,0.999997068196745,0.999983379322086,"group_idyes"
"3829","IQCJ-SCHIP1","Exc L4-5 RORB GABRG1",0.0275703686636274,11.3182818787671,0.374056434197354,0.541162649374316,0.999997068196745,0.999983379322086,"group_idyes"
"3830","IL12A-AS1","Exc L4-5 RORB GABRG1",0.00801621812757411,2.55196736140826,0.00964647365827738,0.921811559431661,0.999997068196745,0.999983379322086,"group_idyes"
"3831","C3orf80","Exc L4-5 RORB GABRG1",0.0384978361038138,3.28921969150353,0.231794173725375,0.630470376982003,0.999997068196745,0.999983379322086,"group_idyes"
"3832","AC079594.2","Exc L4-5 RORB GABRG1",0.0283318151938024,1.25530427868636,0.0552693584276609,0.814260573899873,0.999997068196745,0.999983379322086,"group_idyes"
"3833","SMC4","Exc L4-5 RORB GABRG1",-0.0128567032292357,2.4702400695993,0.0402042206647102,0.84118776558151,0.999997068196745,0.999983379322086,"group_idyes"
"3834","TRIM59","Exc L4-5 RORB GABRG1",-0.0835312036331933,1.29245913221738,0.512020145417165,0.474699691124747,0.999997068196745,0.999983379322086,"group_idyes"
"3835","KPNA4","Exc L4-5 RORB GABRG1",0.00253359574664859,5.81643580553765,0.00721530648923525,0.932350921994068,0.999997068196745,0.999983379322086,"group_idyes"
"3836","AC069224.1","Exc L4-5 RORB GABRG1",-0.0123960071704498,1.5177731806234,0.0165708766689518,0.914037913776205,0.999997068196745,0.999983379322086,"group_idyes"
"3837","PPM1L","Exc L4-5 RORB GABRG1",-0.0116084971711383,8.64415059587852,0.101488839302424,0.750223103144625,0.999997068196745,0.999983379322086,"group_idyes"
"3838","B3GALNT1","Exc L4-5 RORB GABRG1",0.0225837909215688,4.57910857650604,0.209813593521653,0.647172148563277,0.999997068196745,0.999983379322086,"group_idyes"
"3839","NMD3","Exc L4-5 RORB GABRG1",-0.033985458490459,6.60430683191786,0.543695967468023,0.46135447004243,0.999997068196745,0.999983379322086,"group_idyes"
"3840","SPTSSB","Exc L4-5 RORB GABRG1",0.0122252631713862,5.49973106626172,0.033805583678753,0.85421783868709,0.999997068196745,0.999983379322086,"group_idyes"
"3841","LINC02067","Exc L4-5 RORB GABRG1",0.0113743100873665,1.106200582273,0.00934986649465944,0.923019192526839,0.999997068196745,0.999983379322086,"group_idyes"
"3842","AC128685.1","Exc L4-5 RORB GABRG1",-0.251952187025013,3.20755139396311,2.94806462816952,0.0867852763937461,0.999997068196745,0.999983379322086,"group_idyes"
"3843","LINC01192","Exc L4-5 RORB GABRG1",-0.0868016268286164,0.934339501739874,0.426785931353585,0.513960492243599,0.999997068196745,0.999983379322086,"group_idyes"
"3844","SLITRK3","Exc L4-5 RORB GABRG1",0.0940343475919499,4.73307779939025,5.55534829274592,0.0189246310596656,0.999997068196745,0.999983379322086,"group_idyes"
"3845","LINC01322","Exc L4-5 RORB GABRG1",0.0532033624575967,8.14004798006261,1.02342619484239,0.312343485228364,0.999997068196745,0.999983379322086,"group_idyes"
"3846","ZBBX","Exc L4-5 RORB GABRG1",0.0729877463505398,5.9171689838077,1.00872426773703,0.315839917459462,0.999997068196745,0.999983379322086,"group_idyes"
"3847","LINC01327","Exc L4-5 RORB GABRG1",0.00998163292260258,0.00688224427950706,0.00338857615056928,0.953610400411012,0.999997068196745,0.999983379322086,"group_idyes"
"3848","SERPINI2","Exc L4-5 RORB GABRG1",-0.0751581224784913,3.10614147680716,0.526909559509522,0.468350386888479,0.999997068196745,0.999983379322086,"group_idyes"
"3849","WDR49","Exc L4-5 RORB GABRG1",-0.120991822985529,2.30070123402775,1.02376094081352,0.312264467030828,0.999997068196745,0.999983379322086,"group_idyes"
"3850","PDCD10","Exc L4-5 RORB GABRG1",-0.00663639127840054,5.52148334941854,0.0412745322762371,0.839116329356678,0.999997068196745,0.999983379322086,"group_idyes"
"3851","SERPINI1","Exc L4-5 RORB GABRG1",0.018409019173427,8.38145125506951,0.332292754948448,0.564649225649607,0.999997068196745,0.999983379322086,"group_idyes"
"3852","GOLIM4","Exc L4-5 RORB GABRG1",-0.00588356031415897,6.17590034443321,0.0243283968007406,0.876134039219243,0.999997068196745,0.999983379322086,"group_idyes"
"3853","MECOM","Exc L4-5 RORB GABRG1",-0.0539883784910576,3.45965044442993,0.208144622830116,0.64848296324088,0.999997068196745,0.999983379322086,"group_idyes"
"3854","AC078802.1","Exc L4-5 RORB GABRG1",0.140600937072807,0.662954722381716,0.980915193705677,0.322595441305091,0.999997068196745,0.999983379322086,"group_idyes"
"3855","MYNN","Exc L4-5 RORB GABRG1",0.00784378569346423,3.89731653027669,0.036747469191913,0.848081240690675,0.999997068196745,0.999983379322086,"group_idyes"
"3856","AC078795.1","Exc L4-5 RORB GABRG1",0.02122257042258,1.99340241082432,0.0691483778188465,0.792721563258128,0.999997068196745,0.999983379322086,"group_idyes"
"3857","LRRC34","Exc L4-5 RORB GABRG1",0.0234579141810456,4.97376906412628,0.329146605993641,0.700825428623301,0.999997068196745,0.999983379322086,"group_idyes"
"3858","AC078795.2","Exc L4-5 RORB GABRG1",0.0926146858641443,1.24648089868033,0.918163571468267,0.338559376817879,0.999997068196745,0.999983379322086,"group_idyes"
"3859","LRRIQ4","Exc L4-5 RORB GABRG1",-0.111650902492954,1.04428862784952,0.951257586575101,0.330012238087394,0.999997068196745,0.999983379322086,"group_idyes"
"3860","SAMD7","Exc L4-5 RORB GABRG1",0.0132831197949732,0.206295148453875,0.00341700314792038,0.953416445214006,0.999997068196745,0.999983379322086,"group_idyes"
"3861","AC008040.1","Exc L4-5 RORB GABRG1",0.0593520905917741,0.901671843755479,0.211430099756592,0.645908541125771,0.999997068196745,0.999983379322086,"group_idyes"
"3862","SEC62","Exc L4-5 RORB GABRG1",0.0326081124149858,6.98242651512198,0.311929051090997,0.576823743921141,0.999997068196745,0.999983379322086,"group_idyes"
"3863","GPR160","Exc L4-5 RORB GABRG1",-0.0988854434990174,0.513344149704336,0.351292343149705,0.55373068154617,0.999997068196745,0.999983379322086,"group_idyes"
"3864","PHC3","Exc L4-5 RORB GABRG1",-0.00385544963057586,7.08259434750703,0.0189448433545392,0.89059673448827,0.999997068196745,0.999983379322086,"group_idyes"
"3865","PRKCI","Exc L4-5 RORB GABRG1",0.0108876355007569,6.25418140144553,0.169998603638168,0.714819906137917,0.999997068196745,0.999983379322086,"group_idyes"
"3866","SKIL","Exc L4-5 RORB GABRG1",0.0418710305699223,5.27187527810585,1.23528690854701,0.267075390674453,0.999997068196745,0.999983379322086,"group_idyes"
"3867","AC026316.5","Exc L4-5 RORB GABRG1",-0.0700620834693368,3.56563582500061,0.66822557370789,0.41417687474509,0.999997068196745,0.999983379322086,"group_idyes"
"3868","SLC7A14","Exc L4-5 RORB GABRG1",0.0265515543278949,5.85840427338318,0.58474706841465,0.444926388491697,0.999997068196745,0.999983379322086,"group_idyes"
"3869","RPL22L1","Exc L4-5 RORB GABRG1",0.0777214310817576,2.25608230106929,0.402531557779346,0.526161819289924,0.999997068196745,0.999983379322086,"group_idyes"
"3870","EIF5A2","Exc L4-5 RORB GABRG1",-0.0184269783142884,3.7932516601725,0.068815641113008,0.79320947822378,0.999997068196745,0.999983379322086,"group_idyes"
"3871","TNIK","Exc L4-5 RORB GABRG1",-0.0198550409676213,7.81059031796285,0.366085581934579,0.545502434034165,0.999997068196745,0.999983379322086,"group_idyes"
"3872","PLD1","Exc L4-5 RORB GABRG1",0.057379229015752,3.47000277557071,0.413627671937186,0.520517090897726,0.999997068196745,0.999983379322086,"group_idyes"
"3873","TMEM212","Exc L4-5 RORB GABRG1",-0.099835853511266,0.698559984087892,0.439847078522199,0.507593442044446,0.999997068196745,0.999983379322086,"group_idyes"
"3874","FNDC3B","Exc L4-5 RORB GABRG1",-0.0461459161273106,5.53113385433925,0.834845623336901,0.361447339830952,0.999997068196745,0.999983379322086,"group_idyes"
"3875","LINC02068","Exc L4-5 RORB GABRG1",-0.0354160574833421,0.661863141861389,0.0436491281436672,0.834618344671533,0.999997068196745,0.999983379322086,"group_idyes"
"3876","NCEH1","Exc L4-5 RORB GABRG1",0.0598641875504843,7.25830882660439,5.79459351829503,0.0165457434124853,0.999997068196745,0.999983379322086,"group_idyes"
"3877","ECT2","Exc L4-5 RORB GABRG1",0.0022079585198215,2.88646631341323,0.000886183048289233,0.976266856472702,0.999997068196745,0.999983379322086,"group_idyes"
"3878","SPATA16","Exc L4-5 RORB GABRG1",-0.0946527464893187,0.668217260834467,0.4495279044253,0.50296149231425,0.999997068196745,0.999983379322086,"group_idyes"
"3879","NLGN1","Exc L4-5 RORB GABRG1",0.00121428440944196,10.4454910608305,0.000744904478702417,0.978240240509421,0.999997068196745,0.999983379322086,"group_idyes"
"3880","NAALADL2","Exc L4-5 RORB GABRG1",-0.0350618384254136,7.09720039276318,0.668148252447698,0.414203860333904,0.999997068196745,0.999983379322086,"group_idyes"
"3881","AC092920.1","Exc L4-5 RORB GABRG1",-0.0141704507031424,2.00204634086528,0.0170744473660769,0.89610527226839,0.999997068196745,0.999983379322086,"group_idyes"
"3882","TBL1XR1","Exc L4-5 RORB GABRG1",-0.0120577244135015,7.74566450257007,0.183582761297711,0.668551959915722,0.999997068196745,0.999983379322086,"group_idyes"
"3883","LINC00501","Exc L4-5 RORB GABRG1",-0.0863288496033488,1.38450085066478,0.668179730595556,0.562064429796065,0.999997068196745,0.999983379322086,"group_idyes"
"3884","AC117465.1","Exc L4-5 RORB GABRG1",-0.0224185085018998,0.705446469406669,0.0283050225100373,0.866482121703731,0.999997068196745,0.999983379322086,"group_idyes"
"3885","LINC00578","Exc L4-5 RORB GABRG1",-0.0812852754675137,2.88288848050395,1.04988597073187,0.306177163070697,0.999997068196745,0.999983379322086,"group_idyes"
"3886","LINC02015","Exc L4-5 RORB GABRG1",0.0147986878423718,0.998753939228367,0.0108024563230369,0.917275196312849,0.999997068196745,0.999983379322086,"group_idyes"
"3887","AC007953.2","Exc L4-5 RORB GABRG1",-0.0476757363611836,0.945673153238099,0.092371459074643,0.76134801698195,0.999997068196745,0.999983379322086,"group_idyes"
"3888","AC109779.1","Exc L4-5 RORB GABRG1",-0.0088967285765431,2.94147379824179,0.00601567744518628,0.938217747097934,0.999997068196745,0.999983379322086,"group_idyes"
"3889","KCNMB2","Exc L4-5 RORB GABRG1",-0.14019773940908,0.666227257013109,0.832009064470673,0.362263424965708,0.999997068196745,0.999983379322086,"group_idyes"
"3890","KCNMB2-AS1","Exc L4-5 RORB GABRG1",-0.0845876756626631,4.24027199039412,1.13689930005878,0.286977131434544,0.999997068196745,0.999983379322086,"group_idyes"
"3891","ZMAT3","Exc L4-5 RORB GABRG1",0.0497700469401378,6.37542395909483,0.971438735580812,0.324941053490035,0.999997068196745,0.999983379322086,"group_idyes"
"3892","AC076966.1","Exc L4-5 RORB GABRG1",0.0834796747260976,1.65579570616003,0.678061491682628,0.695617817864454,0.999997068196745,0.999983379322086,"group_idyes"
"3893","PIK3CA","Exc L4-5 RORB GABRG1",-0.0426598848995101,7.33315983473485,2.05721365810981,0.152299247338678,0.999997068196745,0.999983379322086,"group_idyes"
"3894","KCNMB3","Exc L4-5 RORB GABRG1",0.0939034042219624,3.43144468628277,1.82368748774026,0.177668790867521,0.999997068196745,0.999983379322086,"group_idyes"
"3895","ZNF639","Exc L4-5 RORB GABRG1",0.0318854218146897,3.9501223516029,0.453636939490962,0.501017280279201,0.999997068196745,0.999983379322086,"group_idyes"
"3896","MFN1","Exc L4-5 RORB GABRG1",-0.0509167507885556,5.62061224712314,1.2922938831172,0.256333197145199,0.999997068196745,0.999983379322086,"group_idyes"
"3897","GNB4","Exc L4-5 RORB GABRG1",-0.0564587592264414,1.40748025168039,0.229409825852254,0.632233887031096,0.999997068196745,0.999983379322086,"group_idyes"
"3898","ACTL6A","Exc L4-5 RORB GABRG1",0.0462456934101089,1.30563353019825,0.18804827469197,0.66478905947046,0.999997068196745,0.999983379322086,"group_idyes"
"3899","MRPL47","Exc L4-5 RORB GABRG1",-0.0150988791603215,3.1015441854538,0.0414011662369492,0.838873106159827,0.999997068196745,0.999983379322086,"group_idyes"
"3900","NDUFB5","Exc L4-5 RORB GABRG1",0.0332678693521164,5.03582021579715,0.237643536611343,0.62619093747664,0.999997068196745,0.999983379322086,"group_idyes"
"3901","USP13","Exc L4-5 RORB GABRG1",-0.0353857334874825,5.36304966143837,0.824033498121623,0.364571738040678,0.999997068196745,0.999983379322086,"group_idyes"
"3902","PEX5L","Exc L4-5 RORB GABRG1",-0.0204357654246911,8.59894956438789,0.183048868685099,0.669005464256393,0.999997068196745,0.999983379322086,"group_idyes"
"3903","AC125618.1","Exc L4-5 RORB GABRG1",0.07303304742046,0.925527146914082,0.343279699332604,0.558285752293466,0.999997068196745,0.999983379322086,"group_idyes"
"3904","TTC14","Exc L4-5 RORB GABRG1",0.0397324811118474,7.1930680810887,1.06452587501594,0.302833355167443,0.999997068196745,0.999983379322086,"group_idyes"
"3905","CCDC39","Exc L4-5 RORB GABRG1",0.206018259874533,2.08115930060375,5.75295984921925,0.0169362911348808,0.999997068196745,0.999983379322086,"group_idyes"
"3906","CCDC39-1","Exc L4-5 RORB GABRG1",0.0379138678966293,0.895739962311784,0.0868624889437662,0.7683633657065,0.999997068196745,0.999983379322086,"group_idyes"
"3907","FXR1","Exc L4-5 RORB GABRG1",0.026189083334688,6.63058219004517,0.405035113750556,0.524878752045913,0.999997068196745,0.999983379322086,"group_idyes"
"3908","DNAJC19","Exc L4-5 RORB GABRG1",-0.0274669890053398,4.36877461588442,0.227612832418002,0.633570441463558,0.999997068196745,0.999983379322086,"group_idyes"
"3909","AC022294.1","Exc L4-5 RORB GABRG1",0.00298346850647007,-0.105440196685155,0.000677712771200074,0.97924458083071,0.999997068196745,0.999983379322086,"group_idyes"
"3910","AC125613.1","Exc L4-5 RORB GABRG1",0.02372309323073,1.6980295236585,0.0478953409860701,0.826882913028802,0.999997068196745,0.999983379322086,"group_idyes"
"3911","SOX2","Exc L4-5 RORB GABRG1",-0.0980433685448522,0.787718431205992,0.501385018987421,0.479320946779742,0.999997068196745,0.999983379322086,"group_idyes"
"3912","ATP11B","Exc L4-5 RORB GABRG1",-0.04187002800385,6.26192937034253,1.22263582935258,0.269534947577852,0.999997068196745,0.999983379322086,"group_idyes"
"3913","DCUN1D1","Exc L4-5 RORB GABRG1",-0.00305451214944373,5.82560590545689,0.00765990160677166,0.93030303713242,0.999997068196745,0.999983379322086,"group_idyes"
"3914","MCCC1","Exc L4-5 RORB GABRG1",-0.0199353353012032,6.60323593696417,0.502148663382971,0.478986675721757,0.999997068196745,0.999983379322086,"group_idyes"
"3915","LAMP3","Exc L4-5 RORB GABRG1",-0.00683273982286677,0.778602490417948,0.00228505144992667,0.961898678126745,0.999997068196745,0.999983379322086,"group_idyes"
"3916","MCF2L2","Exc L4-5 RORB GABRG1",-0.00649948730172748,8.32173071818535,0.02904449525561,0.864765926248541,0.999997068196745,0.999983379322086,"group_idyes"
"3917","B3GNT5","Exc L4-5 RORB GABRG1",-0.0517087347991,2.15026870356628,0.197477792988927,0.657014311643014,0.999997068196745,0.999983379322086,"group_idyes"
"3918","KLHL6","Exc L4-5 RORB GABRG1",-0.0726962828094347,0.22192624629402,0.162387618067289,0.687191576673879,0.999997068196745,0.999983379322086,"group_idyes"
"3919","KLHL24","Exc L4-5 RORB GABRG1",0.023329790983598,7.22368141334249,0.631338772948928,0.427354526945353,0.999997068196745,0.999983379322086,"group_idyes"
"3920","YEATS2","Exc L4-5 RORB GABRG1",-0.0168474260016967,6.89649942496835,0.30203982741391,0.582925317534179,0.999997068196745,0.999983379322086,"group_idyes"
"3921","ABCC5","Exc L4-5 RORB GABRG1",-0.0196988013463019,7.05025825830243,0.594768270818356,0.510641300829076,0.999997068196745,0.999983379322086,"group_idyes"
"3922","HTR3E","Exc L4-5 RORB GABRG1",-0.0685092041435545,0.697096775818843,0.200687964558453,0.654418269502623,0.999997068196745,0.999983379322086,"group_idyes"
"3923","EIF2B5","Exc L4-5 RORB GABRG1",0.0329106719549729,4.34710301299446,0.45208716870521,0.63239867146628,0.999997068196745,0.999983379322086,"group_idyes"
"3924","DVL3","Exc L4-5 RORB GABRG1",-0.00627031220196372,4.48308440019751,0.0266260158039606,0.871057623727846,0.999997068196745,0.999983379322086,"group_idyes"
"3925","AP2M1","Exc L4-5 RORB GABRG1",-0.0135263366391551,6.7434627595756,0.0300015421850227,0.862577822040564,0.999997068196745,0.999983379322086,"group_idyes"
"3926","ABCF3","Exc L4-5 RORB GABRG1",0.0456459228097293,3.29916275274082,0.431904256398874,0.511448988930579,0.999997068196745,0.999983379322086,"group_idyes"
"3927","VWA5B2","Exc L4-5 RORB GABRG1",-0.086118545802355,4.9369397940993,2.23489571239151,0.135745484106032,0.999997068196745,0.999983379322086,"group_idyes"
"3928","ALG3","Exc L4-5 RORB GABRG1",0.0934042435665873,2.99179369482299,2.03244198852334,0.154783857624917,0.999997068196745,0.999983379322086,"group_idyes"
"3929","EEF1AKMT4-ECE2","Exc L4-5 RORB GABRG1",-0.250694416619744,0.866476366875157,2.95006072792468,0.0866790160922168,0.999997068196745,0.999983379322086,"group_idyes"
"3930","CAMK2N2","Exc L4-5 RORB GABRG1",0.108007148098295,4.12128617515083,0.873962667266497,0.350446993930398,0.999997068196745,0.999983379322086,"group_idyes"
"3931","PSMD2","Exc L4-5 RORB GABRG1",-0.0106024524834728,5.06730467756271,0.0243793746130876,0.876005385299134,0.999997068196745,0.999983379322086,"group_idyes"
"3932","EIF4G1","Exc L4-5 RORB GABRG1",0.041838772105004,4.72877270178178,0.846553927122162,0.395012002437864,0.999997068196745,0.999983379322086,"group_idyes"
"3933","FAM131A","Exc L4-5 RORB GABRG1",-0.0200315795207924,5.32238981485351,0.229312919581484,0.632305798777544,0.999997068196745,0.999983379322086,"group_idyes"
"3934","CLCN2","Exc L4-5 RORB GABRG1",-0.0321912335214239,2.87064481008777,0.291893961016318,0.589321991544652,0.999997068196745,0.999983379322086,"group_idyes"
"3935","POLR2H","Exc L4-5 RORB GABRG1",-0.00930142087480809,4.31297814295611,0.0412339106478976,0.839194432759995,0.999997068196745,0.999983379322086,"group_idyes"
"3936","THPO","Exc L4-5 RORB GABRG1",-0.113488293896162,1.32682908096417,1.04496600573548,0.307311656075039,0.999997068196745,0.999983379322086,"group_idyes"
"3937","CHRD","Exc L4-5 RORB GABRG1",-0.0206038021875516,4.73212390278416,0.176090517745414,0.67498896595827,0.999997068196745,0.999983379322086,"group_idyes"
"3938","LINC02054","Exc L4-5 RORB GABRG1",0.0560919048330404,3.73118762546767,0.451120911030597,0.502206227271412,0.999997068196745,0.999983379322086,"group_idyes"
"3939","LINC01840","Exc L4-5 RORB GABRG1",-0.0862014738929946,0.624849644392458,0.299440669510538,0.58455055532661,0.999997068196745,0.999983379322086,"group_idyes"
"3940","EPHB3","Exc L4-5 RORB GABRG1",0.00986546038277213,2.00066294436068,0.012225368434467,0.912016271333018,0.999997068196745,0.999983379322086,"group_idyes"
"3941","MAGEF1","Exc L4-5 RORB GABRG1",0.0538521613042683,4.353543040354,0.315046087613328,0.574926867028608,0.999997068196745,0.999983379322086,"group_idyes"
"3942","LINC02069","Exc L4-5 RORB GABRG1",-0.0159509555954464,-0.00363863763772583,0.00763885799439296,0.930398595737099,0.999997068196745,0.999983379322086,"group_idyes"
"3943","VPS8","Exc L4-5 RORB GABRG1",-0.0561580807496171,7.33066448733418,3.20975777862424,0.073986126739326,0.999997068196745,0.999983379322086,"group_idyes"
"3944","C3orf70","Exc L4-5 RORB GABRG1",0.00765703589671948,4.90833150250722,0.0258308115078556,0.872398554628091,0.999997068196745,0.999983379322086,"group_idyes"
"3945","EHHADH","Exc L4-5 RORB GABRG1",-0.0978543943472227,2.60932917977965,2.13547384231325,0.144742221512991,0.999997068196745,0.999983379322086,"group_idyes"
"3946","MAP3K13","Exc L4-5 RORB GABRG1",-0.0420382892340317,7.68142707668941,3.96604866318707,0.0471332504033283,0.999997068196745,0.999983379322086,"group_idyes"
"3947","TMEM41A","Exc L4-5 RORB GABRG1",-0.0145610888448183,3.91338995129106,0.0541750088756848,0.816075232931096,0.999997068196745,0.999983379322086,"group_idyes"
"3948","LIPH","Exc L4-5 RORB GABRG1",-0.00353536395755046,0.936376348341835,0.000321814040632675,0.98569667542346,0.999997068196745,0.999983379322086,"group_idyes"
"3949","SENP2","Exc L4-5 RORB GABRG1",-0.0216820042009369,6.08721387909665,0.54740297442535,0.459832007002996,0.999997068196745,0.999983379322086,"group_idyes"
"3950","IGF2BP2","Exc L4-5 RORB GABRG1",0.0224390851183004,0.631550774522054,0.0236468068768172,0.956469528604516,0.999997068196745,0.999983379322086,"group_idyes"
"3951","TRA2B","Exc L4-5 RORB GABRG1",-0.0318300683700113,6.05745868243997,1.53225411426698,0.216529324407293,0.999997068196745,0.999983379322086,"group_idyes"
"3952","ETV5","Exc L4-5 RORB GABRG1",-0.153778475759453,4.09407967438009,0.969130087438088,0.325515910631473,0.999997068196745,0.999983379322086,"group_idyes"
"3953","DGKG","Exc L4-5 RORB GABRG1",0.00967350283535582,4.95757335215964,0.00936534118087872,0.922955713511054,0.999997068196745,0.999983379322086,"group_idyes"
"3954","CRYGS","Exc L4-5 RORB GABRG1",-0.0251379655133437,2.92249949450056,0.14284804213389,0.705674366179575,0.999997068196745,0.999983379322086,"group_idyes"
"3955","TBCCD1","Exc L4-5 RORB GABRG1",-0.0255224894668802,3.0141935439197,0.155573821910187,0.852915472257719,0.999997068196745,0.999983379322086,"group_idyes"
"3956","DNAJB11","Exc L4-5 RORB GABRG1",-0.0999520923117177,2.09419407867283,1.44332873986676,0.230340482359376,0.999997068196745,0.999983379322086,"group_idyes"
"3957","AC068631.1","Exc L4-5 RORB GABRG1",-0.101848663772672,1.806136607243,1.28100116370897,0.258417919935966,0.999997068196745,0.999983379322086,"group_idyes"
"3958","AC068631.2","Exc L4-5 RORB GABRG1",-0.0904674252368314,1.98715730359002,0.399839347534829,0.527547833898754,0.999997068196745,0.999983379322086,"group_idyes"
"3959","AHSG","Exc L4-5 RORB GABRG1",-0.111128203361117,0.73062273532708,0.647948989790075,0.421344089839785,0.999997068196745,0.999983379322086,"group_idyes"
"3960","EIF4A2","Exc L4-5 RORB GABRG1",0.0411526908829244,8.05283696960896,0.285232179006021,0.593600641276479,0.999997068196745,0.999983379322086,"group_idyes"
"3961","RFC4","Exc L4-5 RORB GABRG1",0.0455546886187606,2.89305709364245,0.504583188090687,0.477923552542398,0.999997068196745,0.999983379322086,"group_idyes"
"3962","AC112907.1","Exc L4-5 RORB GABRG1",-0.056781831422131,2.4948951127588,0.183188020323246,0.668887189350973,0.999997068196745,0.999983379322086,"group_idyes"
"3963","LINC02043","Exc L4-5 RORB GABRG1",-0.0500345578647339,4.27467231088011,0.99915997390444,0.318142120805376,0.999997068196745,0.999983379322086,"group_idyes"
"3964","ST6GAL1","Exc L4-5 RORB GABRG1",0.0158821123669804,6.05540090254897,0.0971441484090398,0.755452893390225,0.999997068196745,0.999983379322086,"group_idyes"
"3965","RPL39L","Exc L4-5 RORB GABRG1",0.0913841827176823,2.16795151898637,1.07967594282001,0.299422635409267,0.999997068196745,0.999983379322086,"group_idyes"
"3966","SST","Exc L4-5 RORB GABRG1",1.13324890029612,0.695261005181334,25.4817935893494,6.90467197356705e-07,0.00415431097076284,0.00427238086151084,"group_idyes"
"3967","BCL6","Exc L4-5 RORB GABRG1",-0.00752491224697,2.00300832768644,0.00389861019680372,0.950245781284652,0.999997068196745,0.999983379322086,"group_idyes"
"3968","LPP","Exc L4-5 RORB GABRG1",0.0171921952728727,5.66675309001631,0.0505600696645052,0.822210939034438,0.999997068196745,0.999983379322086,"group_idyes"
"3969","TPRG1","Exc L4-5 RORB GABRG1",-0.0386907602978074,1.01193764730401,0.0977627468610976,0.754700535288362,0.999997068196745,0.999983379322086,"group_idyes"
"3970","TP63","Exc L4-5 RORB GABRG1",-0.0280762931504906,0.483725406230212,0.0281993207296926,0.866729313375411,0.999997068196745,0.999983379322086,"group_idyes"
"3971","P3H2","Exc L4-5 RORB GABRG1",-0.0316791406748957,6.09972017841507,0.725565449445524,0.394854282365952,0.999997068196745,0.999983379322086,"group_idyes"
"3972","P3H2-AS1","Exc L4-5 RORB GABRG1",-0.0992294135935487,3.99524110012067,3.23651049575095,0.0727974277505546,0.999997068196745,0.999983379322086,"group_idyes"
"3973","CLDN16","Exc L4-5 RORB GABRG1",-0.0952156777384478,3.55218253821013,1.16904189765401,0.280275457457352,0.999997068196745,0.999983379322086,"group_idyes"
"3974","IL1RAP","Exc L4-5 RORB GABRG1",-0.0399581773896078,6.85699427891664,0.751870485516798,0.386425148255184,0.999997068196745,0.999983379322086,"group_idyes"
"3975","GMNC","Exc L4-5 RORB GABRG1",-0.0826352040719551,0.993363252891585,0.275414322585844,0.600024970132644,0.999997068196745,0.999983379322086,"group_idyes"
"3976","OSTN","Exc L4-5 RORB GABRG1",-0.0494290657526467,1.57987247492048,0.141977831443378,0.706530376281445,0.999997068196745,0.999983379322086,"group_idyes"
"3977","UTS2B","Exc L4-5 RORB GABRG1",-0.0626540312757527,0.484193589192382,0.175108110526279,0.675844893849584,0.999997068196745,0.999983379322086,"group_idyes"
"3978","CCDC50","Exc L4-5 RORB GABRG1",0.0179709969569533,5.1431909545985,0.209693614419224,0.64726616967779,0.999997068196745,0.999983379322086,"group_idyes"
"3979","AC073365.1","Exc L4-5 RORB GABRG1",-0.0426358877549639,8.36714219493628,0.573282499346393,0.449420928366379,0.999997068196745,0.999983379322086,"group_idyes"
"3980","FGF12","Exc L4-5 RORB GABRG1",-0.00165905585855513,10.6263645686117,0.00292588620539045,0.956890371727652,0.999997068196745,0.999983379322086,"group_idyes"
"3981","FGF12-AS1","Exc L4-5 RORB GABRG1",-0.0113152289907819,3.02791189842322,0.00885138622387107,0.925093150155282,0.999997068196745,0.999983379322086,"group_idyes"
"3982","MB21D2","Exc L4-5 RORB GABRG1",0.0347634179976317,6.31721219628744,0.517111280914898,0.472513078305236,0.999997068196745,0.999983379322086,"group_idyes"
"3983","HRASLS","Exc L4-5 RORB GABRG1",0.0209164647959062,4.24235889094755,0.127168688288052,0.721581387826112,0.999997068196745,0.999983379322086,"group_idyes"
"3984","ATP13A5","Exc L4-5 RORB GABRG1",-0.216868363962256,1.05750489298628,3.46697701779926,0.0633678509489507,0.999997068196745,0.999983379322086,"group_idyes"
"3985","ATP13A5-AS1","Exc L4-5 RORB GABRG1",0.0349401808419403,0.62370115469763,0.0665589189681091,0.796552453746534,0.999997068196745,0.999983379322086,"group_idyes"
"3986","ATP13A4","Exc L4-5 RORB GABRG1",-0.0501553469616576,2.8639669680784,0.489460586076249,0.956785154633469,0.999997068196745,0.999983379322086,"group_idyes"
"3987","OPA1","Exc L4-5 RORB GABRG1",0.0171226177868476,6.951468933116,0.374930462722311,0.54069065207438,0.999997068196745,0.999983379322086,"group_idyes"
"3988","OPA1-AS1","Exc L4-5 RORB GABRG1",0.133384968656692,1.30744237319589,0.572217592165805,0.449841999510304,0.999997068196745,0.999983379322086,"group_idyes"
"3989","AC024559.1","Exc L4-5 RORB GABRG1",0.0598863355888948,0.609633361252187,0.14388327812261,0.704659896973557,0.999997068196745,0.999983379322086,"group_idyes"
"3990","HES1","Exc L4-5 RORB GABRG1",-0.0313051435704911,1.97435919147445,0.0573096683890138,0.810927270874,0.999997068196745,0.999983379322086,"group_idyes"
"3991","LINC00887","Exc L4-5 RORB GABRG1",-0.12324323498615,1.78989936107388,1.51547702978294,0.408801201555305,0.999997068196745,0.999983379322086,"group_idyes"
"3992","ATP13A3","Exc L4-5 RORB GABRG1",-0.0220940078196419,5.87732219148662,0.456762009131632,0.499547190326353,0.999997068196745,0.999983379322086,"group_idyes"
"3993","LINC00884","Exc L4-5 RORB GABRG1",-0.0253034345382456,4.34925595802127,0.182404168053182,0.669554136646477,0.999997068196745,0.999983379322086,"group_idyes"
"3994","TMEM44-AS1","Exc L4-5 RORB GABRG1",0.0627210833366231,2.67689412683406,0.462204927681269,0.497004156408477,0.999997068196745,0.999983379322086,"group_idyes"
"3995","TMEM44","Exc L4-5 RORB GABRG1",-0.0825833408500648,3.57763584900591,1.42053711240211,0.234049690106251,0.999997068196745,0.999983379322086,"group_idyes"
"3996","AC046143.1","Exc L4-5 RORB GABRG1",-0.00371831910318999,0.821912406237213,0.00077673961376101,0.977780247588171,0.999997068196745,0.999983379322086,"group_idyes"
"3997","LSG1","Exc L4-5 RORB GABRG1",0.0118066238663846,3.84025558580137,0.0504653643289352,0.822374735868929,0.999997068196745,0.999983379322086,"group_idyes"
"3998","FAM43A","Exc L4-5 RORB GABRG1",0.0891639671599714,2.12811056720379,0.584377806497814,0.445070062253523,0.999997068196745,0.999983379322086,"group_idyes"
"3999","LINC01968","Exc L4-5 RORB GABRG1",0.112363368975653,1.2141366383433,0.871476180089031,0.351132467864916,0.999997068196745,0.999983379322086,"group_idyes"
"4000","XXYLT1","Exc L4-5 RORB GABRG1",-0.0994951388967016,5.22178569525005,4.47468295431039,0.0350427981893817,0.999997068196745,0.999983379322086,"group_idyes"
"4001","ACAP2","Exc L4-5 RORB GABRG1",-0.0212445386293184,7.04358042742627,0.87275831878127,0.350778779913435,0.999997068196745,0.999983379322086,"group_idyes"
"4002","PPP1R2","Exc L4-5 RORB GABRG1",-0.0465145551555086,5.43084691825649,1.74939365453503,0.18673864141714,0.999997068196745,0.999983379322086,"group_idyes"
"4003","APOD","Exc L4-5 RORB GABRG1",0.140609410637353,3.27344074659925,1.86819667471077,0.172479918660977,0.999997068196745,0.999983379322086,"group_idyes"
"4004","AC233280.1","Exc L4-5 RORB GABRG1",0.0691863527800994,2.303024170433,0.45298115863503,0.501326706325468,0.999997068196745,0.999983379322086,"group_idyes"
"4005","MUC20-OT1","Exc L4-5 RORB GABRG1",0.0296211794724174,7.66113719084986,0.266776271554352,0.605799271222646,0.999997068196745,0.999983379322086,"group_idyes"
"4006","MUC20","Exc L4-5 RORB GABRG1",0.128174122246562,1.30085461213711,1.24374069365807,0.265447474528816,0.999997068196745,0.999983379322086,"group_idyes"
"4007","MUC4","Exc L4-5 RORB GABRG1",-0.132342050601532,0.688998852633714,0.72698648909719,0.394392206149237,0.999997068196745,0.999983379322086,"group_idyes"
"4008","LINC01983","Exc L4-5 RORB GABRG1",-0.101290761226197,0.185375660927366,0.186469101309256,0.666113642849886,0.999997068196745,0.999983379322086,"group_idyes"
"4009","TNK2","Exc L4-5 RORB GABRG1",-0.0889317418066858,6.18029500959952,6.92643880363415,0.00883478192860488,0.999997068196745,0.999983379322086,"group_idyes"
"4010","AC124944.1","Exc L4-5 RORB GABRG1",0.117463295151447,-0.240874339424918,0.296483154042959,0.586411063039723,0.999997068196745,0.999983379322086,"group_idyes"
"4011","TFRC","Exc L4-5 RORB GABRG1",-0.0679213800664537,4.67968575761423,2.82650767080769,0.0935313422504598,0.999997068196745,0.999983379322086,"group_idyes"
"4012","ZDHHC19","Exc L4-5 RORB GABRG1",-0.0837457897947187,0.916493480029313,0.34618166646888,0.556627833266935,0.999997068196745,0.999983379322086,"group_idyes"
"4013","SLC51A","Exc L4-5 RORB GABRG1",-0.0127130477904995,1.63742280945963,0.00996138541287105,0.920549742552367,0.999997068196745,0.999983379322086,"group_idyes"
"4014","PCYT1A","Exc L4-5 RORB GABRG1",-0.00922847494305506,4.71053442228607,0.0662625759794944,0.796995905591927,0.999997068196745,0.999983379322086,"group_idyes"
"4015","AC069257.3","Exc L4-5 RORB GABRG1",-0.00905581104545292,1.28196442594397,0.00672904086667521,0.934664934870955,0.999997068196745,0.999983379322086,"group_idyes"
"4016","UBXN7","Exc L4-5 RORB GABRG1",0.0297573142173648,5.79928924712913,1.31713781086671,0.2518195161881,0.999997068196745,0.999983379322086,"group_idyes"
"4017","RNF168","Exc L4-5 RORB GABRG1",-0.0259151475425857,5.68545273860544,0.672212380454795,0.412788975584006,0.999997068196745,0.999983379322086,"group_idyes"
"4018","WDR53","Exc L4-5 RORB GABRG1",-0.0408186431227792,2.87620487939518,0.513813449700644,0.846685914806785,0.999997068196745,0.999983379322086,"group_idyes"
"4019","FBXO45","Exc L4-5 RORB GABRG1",0.0948187578146116,4.35583241025588,2.68631955132448,0.102030794103033,0.999997068196745,0.999983379322086,"group_idyes"
"4020","PIGX","Exc L4-5 RORB GABRG1",0.0290976673323934,5.09154536082177,0.482675355164915,0.487632331178248,0.999997068196745,0.999983379322086,"group_idyes"
"4021","CEP19","Exc L4-5 RORB GABRG1",0.048640058518364,3.61025764453823,0.591853226441573,0.44217542863174,0.999997068196745,0.999983379322086,"group_idyes"
"4022","PAK2","Exc L4-5 RORB GABRG1",-0.0182569531033047,5.97691932171585,0.413358367779659,0.520652816858095,0.999997068196745,0.999983379322086,"group_idyes"
"4023","SENP5","Exc L4-5 RORB GABRG1",-0.0171646415781032,6.61154407210647,0.326827903914253,0.567866773382617,0.999997068196745,0.999983379322086,"group_idyes"
"4024","NCBP2","Exc L4-5 RORB GABRG1",0.102323659561993,4.22996814739912,2.56426030048323,0.110124410351447,0.999997068196745,0.999983379322086,"group_idyes"
"4025","NCBP2-AS2","Exc L4-5 RORB GABRG1",0.109288102891425,3.48739950809337,0.843137406023945,0.359076293678578,0.999997068196745,0.999983379322086,"group_idyes"
"4026","PIGZ","Exc L4-5 RORB GABRG1",-0.104881105959364,5.21655004780799,5.55105886725226,0.0189703820467961,0.999997068196745,0.999983379322086,"group_idyes"
"4027","MELTF","Exc L4-5 RORB GABRG1",-0.0442688628297914,4.25235168981303,0.531437017946489,0.466446869822146,0.999997068196745,0.999983379322086,"group_idyes"
"4028","MELTF-AS1","Exc L4-5 RORB GABRG1",-0.0990899301622795,3.53326087792666,2.29264689885847,0.130809149440498,0.999997068196745,0.999983379322086,"group_idyes"
"4029","DLG1","Exc L4-5 RORB GABRG1",0.0168677337770138,8.96445910366672,0.242826917700238,0.622452893380032,0.999997068196745,0.999983379322086,"group_idyes"
"4030","LINC02012","Exc L4-5 RORB GABRG1",0.0904423106953774,0.812383522385559,0.490116533946477,0.484298436317903,0.999997068196745,0.999983379322086,"group_idyes"
"4031","BDH1","Exc L4-5 RORB GABRG1",-0.0218843460777383,6.3624327377944,0.122073117508861,0.726987971410191,0.999997068196745,0.999983379322086,"group_idyes"
"4032","AC024560.3","Exc L4-5 RORB GABRG1",0.193811434456064,0.71469216222591,1.71832693458352,0.190690454732895,0.999997068196745,0.999983379322086,"group_idyes"
"4033","AC024560.1","Exc L4-5 RORB GABRG1",0.045553945649115,1.12004681913706,0.0653988809838803,0.798294416140293,0.999997068196745,0.999983379322086,"group_idyes"
"4034","RUBCN","Exc L4-5 RORB GABRG1",-0.0412003731675157,6.13514883861497,1.91450264451528,0.167266207460675,0.999997068196745,0.999983379322086,"group_idyes"
"4035","FYTTD1","Exc L4-5 RORB GABRG1",0.0186229114917715,5.00260013670531,0.262625797156324,0.668594417005989,0.999997068196745,0.999983379322086,"group_idyes"
"4036","LRCH3","Exc L4-5 RORB GABRG1",-0.0207537781359866,6.7799165796736,0.557789057427422,0.455608603760117,0.999997068196745,0.999983379322086,"group_idyes"
"4037","IQCG","Exc L4-5 RORB GABRG1",-0.0334264417171228,4.23055948235399,0.674900478053993,0.527900419095786,0.999997068196745,0.999983379322086,"group_idyes"
"4038","RPL35A","Exc L4-5 RORB GABRG1",0.0166895903951444,5.16911124586919,0.0172396422670971,0.89560676749593,0.999997068196745,0.999983379322086,"group_idyes"
"4039","LMLN","Exc L4-5 RORB GABRG1",-0.00617859216279304,5.1343554733668,0.0302845254913525,0.861937742152254,0.999997068196745,0.999983379322086,"group_idyes"
"4040","ZNF595","Exc L4-5 RORB GABRG1",0.0175929935450549,4.5241503212282,0.127959920861282,0.720752872838107,0.999997068196745,0.999983379322086,"group_idyes"
"4041","ZNF718","Exc L4-5 RORB GABRG1",0.0470015642008569,6.05253653761808,2.01950248049108,0.156100022973655,0.999997068196745,0.999983379322086,"group_idyes"
"4042","ZNF732","Exc L4-5 RORB GABRG1",-0.210759483318216,1.19151246006274,1.18440102435001,0.277143125756157,0.999997068196745,0.999983379322086,"group_idyes"
"4043","ZNF141","Exc L4-5 RORB GABRG1",0.00952565017091445,5.09157956825997,0.0664755733740179,0.948837299146106,0.999997068196745,0.999983379322086,"group_idyes"
"4044","AC092574.2","Exc L4-5 RORB GABRG1",0.048924650634239,3.01706194575635,0.251108965777123,0.616581882848079,0.999997068196745,0.999983379322086,"group_idyes"
"4045","ZNF721","Exc L4-5 RORB GABRG1",0.0178612273545587,7.24129961225419,0.236191992529144,0.627246772319479,0.999997068196745,0.999983379322086,"group_idyes"
"4046","PIGG","Exc L4-5 RORB GABRG1",-0.0588921208511729,4.80570532871516,2.06659844258273,0.151369817866796,0.999997068196745,0.999983379322086,"group_idyes"
"4047","AC116565.1","Exc L4-5 RORB GABRG1",0.0292100325825153,3.29837801310638,0.205931328046391,0.650231124305016,0.999997068196745,0.999983379322086,"group_idyes"
"4048","AC116565.2","Exc L4-5 RORB GABRG1",-0.0610798643650808,3.87798257936101,1.23644248355701,0.266852131330869,0.999997068196745,0.999983379322086,"group_idyes"
"4049","PDE6B","Exc L4-5 RORB GABRG1",-0.0341867647931413,3.36967772379321,0.132804623928622,0.715741862510509,0.999997068196745,0.999983379322086,"group_idyes"
"4050","AC107464.1","Exc L4-5 RORB GABRG1",0.140898220176557,2.66938733239284,2.82568657659683,0.0935788103478219,0.999997068196745,0.999983379322086,"group_idyes"
"4051","AC107464.3","Exc L4-5 RORB GABRG1",-0.0255167550006678,1.0761413283437,0.0504818041866821,0.822346290873089,0.999997068196745,0.999983379322086,"group_idyes"
"4052","ATP5ME","Exc L4-5 RORB GABRG1",-0.0773365526523864,4.07546704658333,1.00424237704176,0.316916009302321,0.999997068196745,0.999983379322086,"group_idyes"
"4053","MYL5","Exc L4-5 RORB GABRG1",0.110721343781415,1.09210915924473,0.720383251703132,0.396546005591622,0.999997068196745,0.999983379322086,"group_idyes"
"4054","SLC49A3","Exc L4-5 RORB GABRG1",-0.134662182264621,0.347924053670213,0.593243568396475,0.441640270370242,0.999997068196745,0.999983379322086,"group_idyes"
"4055","PCGF3","Exc L4-5 RORB GABRG1",-0.0237830979223664,4.87448977583512,0.480149073695362,0.934227052226948,0.999997068196745,0.999983379322086,"group_idyes"
"4056","AC139887.2","Exc L4-5 RORB GABRG1",-0.0141018807252987,5.89526825070622,0.0520737510674465,0.819614532086678,0.999997068196745,0.999983379322086,"group_idyes"
"4057","CPLX1","Exc L4-5 RORB GABRG1",-0.0172708788756623,6.56231165044524,0.133963815245909,0.714558282540245,0.999997068196745,0.999983379322086,"group_idyes"
"4058","GAK","Exc L4-5 RORB GABRG1",-0.0604878470596029,6.09108504957549,2.6909455827663,0.101737191365035,0.999997068196745,0.999983379322086,"group_idyes"
"4059","TMEM175","Exc L4-5 RORB GABRG1",-0.0662485444708618,5.2549058631088,2.66099818633486,0.103654453056467,0.999997068196745,0.999983379322086,"group_idyes"
"4060","DGKQ","Exc L4-5 RORB GABRG1",0.013633957651726,3.77995087922309,0.0717775047389422,0.831430993618889,0.999997068196745,0.999983379322086,"group_idyes"
"4061","IDUA","Exc L4-5 RORB GABRG1",-0.0848759060072064,2.45253583279277,1.25758654892824,0.262807869992226,0.999997068196745,0.999983379322086,"group_idyes"
"4062","FGFRL1","Exc L4-5 RORB GABRG1",0.0114261763485975,2.63155693098737,0.0247466815661964,0.881618213022946,0.999997068196745,0.999983379322086,"group_idyes"
"4063","RNF212","Exc L4-5 RORB GABRG1",0.184725336876906,1.2256857821182,1.81534266237228,0.178661615077776,0.999997068196745,0.999983379322086,"group_idyes"
"4064","AC092535.3","Exc L4-5 RORB GABRG1",0.0933193360313886,2.40413185526648,0.631423226736518,0.427323641426554,0.999997068196745,0.999983379322086,"group_idyes"
"4065","SPON2","Exc L4-5 RORB GABRG1",-0.0811075207201363,1.82789418337929,0.417548546656069,0.518548065413838,0.999997068196745,0.999983379322086,"group_idyes"
"4066","CTBP1-AS","Exc L4-5 RORB GABRG1",-0.133226406499157,2.19840748062721,1.125947704926,0.289307007500025,0.999997068196745,0.999983379322086,"group_idyes"
"4067","CTBP1","Exc L4-5 RORB GABRG1",-0.00212126522348036,5.72792897494673,0.00199837488627653,0.964367086666836,0.999997068196745,0.999983379322086,"group_idyes"
"4068","CTBP1-DT","Exc L4-5 RORB GABRG1",-0.0197973949864775,3.93432324940965,0.172511034302862,0.678121287136633,0.999997068196745,0.999983379322086,"group_idyes"
"4069","MAEA","Exc L4-5 RORB GABRG1",0.0211262376547654,5.09450454479341,0.559339605281121,0.56492003399803,0.999997068196745,0.999983379322086,"group_idyes"
"4070","UVSSA","Exc L4-5 RORB GABRG1",-0.105112610178556,4.42846229621162,2.29623663664698,0.130509019634643,0.999997068196745,0.999983379322086,"group_idyes"
"4071","FAM53A","Exc L4-5 RORB GABRG1",-0.072133958164248,1.63370885182649,0.588904042241059,0.651124042457223,0.999997068196745,0.999983379322086,"group_idyes"
"4072","SLBP","Exc L4-5 RORB GABRG1",0.0155862317355239,4.86067134108011,0.107749614673746,0.742899434359309,0.999997068196745,0.999983379322086,"group_idyes"
"4073","AC016773.1","Exc L4-5 RORB GABRG1",0.0355684574991669,0.806499196735804,0.080466755362675,0.776818460653901,0.999997068196745,0.999983379322086,"group_idyes"
"4074","TMEM129","Exc L4-5 RORB GABRG1",0.0662580664317973,3.52707721429837,1.70046222137588,0.49348650480317,0.999997068196745,0.999983379322086,"group_idyes"
"4075","TACC3","Exc L4-5 RORB GABRG1",0.100969718048603,2.74563670673472,1.68381069840457,0.195196353942018,0.999997068196745,0.999983379322086,"group_idyes"
"4076","FGFR3","Exc L4-5 RORB GABRG1",0.0585367986509116,0.696112234311171,0.11358744754905,0.736280046913204,0.999997068196745,0.999983379322086,"group_idyes"
"4077","LETM1","Exc L4-5 RORB GABRG1",0.00823223319822441,4.4920116813591,0.0559796094512239,0.813092958531079,0.999997068196745,0.999983379322086,"group_idyes"
"4078","NSD2","Exc L4-5 RORB GABRG1",0.00807726860969409,7.04365484074116,0.0641314467987706,0.800216573884385,0.999997068196745,0.999983379322086,"group_idyes"
"4079","NELFA","Exc L4-5 RORB GABRG1",0.00617848444443016,6.67538173042057,0.0302547779540457,0.862004882777333,0.999997068196745,0.999983379322086,"group_idyes"
"4080","C4orf48","Exc L4-5 RORB GABRG1",-0.037954338693977,3.61765686581498,0.113105662479705,0.736819065902199,0.999997068196745,0.999983379322086,"group_idyes"
"4081","NAT8L","Exc L4-5 RORB GABRG1",0.0162008031528529,6.30311245369772,0.068378492302189,0.79385242039724,0.999997068196745,0.999983379322086,"group_idyes"
"4082","POLN","Exc L4-5 RORB GABRG1",0.0144554596569524,6.17269329223352,0.0700668648933132,0.791381201689141,0.999997068196745,0.999983379322086,"group_idyes"
"4083","MXD4","Exc L4-5 RORB GABRG1",0.0678625445492114,4.5313385215099,1.99771365341503,0.634024860053752,0.999997068196745,0.999983379322086,"group_idyes"
"4084","ZFYVE28","Exc L4-5 RORB GABRG1",-0.0285668388990952,7.85868591953734,0.493524035885032,0.482784334637448,0.999997068196745,0.999983379322086,"group_idyes"
"4085","AL158068.2","Exc L4-5 RORB GABRG1",-0.10769729687439,2.35918237659514,1.08860853561008,0.297434867186017,0.999997068196745,0.999983379322086,"group_idyes"
"4086","CFAP99","Exc L4-5 RORB GABRG1",-0.0933379507766621,1.86642417908914,0.872014213782823,0.350983987795419,0.999997068196745,0.999983379322086,"group_idyes"
"4087","RNF4","Exc L4-5 RORB GABRG1",-0.0151809444605083,5.03230367657314,0.26255888760418,0.608661625300344,0.999997068196745,0.999983379322086,"group_idyes"
"4088","FAM193A","Exc L4-5 RORB GABRG1",-0.0330552005829343,6.83053059899986,0.674506798453264,0.411993353124982,0.999997068196745,0.999983379322086,"group_idyes"
"4089","TNIP2","Exc L4-5 RORB GABRG1",0.0526848659951252,1.33264730342409,0.228784313341806,0.632698393697341,0.999997068196745,0.999983379322086,"group_idyes"
"4090","ADD1","Exc L4-5 RORB GABRG1",-0.0109448018500985,7.2894071592942,0.266553952007665,0.605949442344338,0.999997068196745,0.999983379322086,"group_idyes"
"4091","MFSD10","Exc L4-5 RORB GABRG1",-0.00429269433494314,4.09059569905371,0.00513809172676327,0.942893435313516,0.999997068196745,0.999983379322086,"group_idyes"
"4092","NOP14-AS1","Exc L4-5 RORB GABRG1",-0.0598720907363602,1.91507261724683,0.357257495427867,0.550384959795701,0.999997068196745,0.999983379322086,"group_idyes"
"4093","NOP14","Exc L4-5 RORB GABRG1",0.0253634869112728,3.63347940590944,0.19693784087724,0.954863431280475,0.999997068196745,0.999983379322086,"group_idyes"
"4094","GRK4","Exc L4-5 RORB GABRG1",-0.00189028040086473,5.85419965362342,0.00202799797985862,0.96410413197732,0.999997068196745,0.999983379322086,"group_idyes"
"4095","HTT-AS","Exc L4-5 RORB GABRG1",-0.0367297965075759,1.06220009573842,0.088139012738137,0.955062200762705,0.999997068196745,0.999983379322086,"group_idyes"
"4096","HTT","Exc L4-5 RORB GABRG1",-0.0236577238388506,7.29438361447679,0.778582581794758,0.378125956948509,0.999997068196745,0.999983379322086,"group_idyes"
"4097","MSANTD1","Exc L4-5 RORB GABRG1",0.0427934772813403,2.60320025288815,0.2492077461703,0.617918813482714,0.999997068196745,0.999983379322086,"group_idyes"
"4098","RGS12","Exc L4-5 RORB GABRG1",0.00114701031557142,4.63766763884301,0.000394490041820983,0.984163935999501,0.999997068196745,0.999983379322086,"group_idyes"
"4099","LRPAP1","Exc L4-5 RORB GABRG1",-0.0218277887594144,5.10699689753406,0.0886451191803012,0.766067432514865,0.999997068196745,0.999983379322086,"group_idyes"
"4100","AL590235.2","Exc L4-5 RORB GABRG1",-0.0170013545002483,1.09977294231533,0.0170553631730662,0.896163019954596,0.999997068196745,0.999983379322086,"group_idyes"
"4101","ADRA2C","Exc L4-5 RORB GABRG1",0.238768902110711,0.954272972743183,3.58519719805608,0.15968277559146,0.999997068196745,0.999983379322086,"group_idyes"
"4102","TMEM128","Exc L4-5 RORB GABRG1",-0.0912452334822084,3.67402979245051,2.77942820470542,0.0962960211161085,0.999997068196745,0.999983379322086,"group_idyes"
"4103","LYAR","Exc L4-5 RORB GABRG1",-0.0166116525002423,2.57367448051459,0.0560395156246786,0.812994834514743,0.999997068196745,0.999983379322086,"group_idyes"
"4104","ZBTB49","Exc L4-5 RORB GABRG1",-0.00362861273610943,3.52488554592075,0.0049523297640571,0.94393351128278,0.999997068196745,0.999983379322086,"group_idyes"
"4105","NSG1","Exc L4-5 RORB GABRG1",0.0212206519392568,4.91464768901991,0.0721373133401225,0.78839386033933,0.999997068196745,0.999983379322086,"group_idyes"
"4106","STX18","Exc L4-5 RORB GABRG1",-0.0211043056432981,5.6869779346561,0.355087328489131,0.551597746682896,0.999997068196745,0.999983379322086,"group_idyes"
"4107","STX18-AS1","Exc L4-5 RORB GABRG1",-0.00117192472341735,6.58078571764366,0.000575570856318476,0.980872179684287,0.999997068196745,0.999983379322086,"group_idyes"
"4108","LINC01396","Exc L4-5 RORB GABRG1",-0.00971566391727237,1.77641791524271,0.0114827247941672,0.914719905935437,0.999997068196745,0.999983379322086,"group_idyes"
"4109","MSX1","Exc L4-5 RORB GABRG1",0.101847596513243,1.43265452726991,1.02793183644073,0.311282097280647,0.999997068196745,0.999983379322086,"group_idyes"
"4110","STK32B","Exc L4-5 RORB GABRG1",-0.080229235175439,1.7487677260824,0.674824245054973,0.599240865033272,0.999997068196745,0.999983379322086,"group_idyes"
"4111","EVC","Exc L4-5 RORB GABRG1",-0.16077134300771,0.742288092313238,0.733136157274053,0.392401490511561,0.999997068196745,0.999983379322086,"group_idyes"
"4112","CRMP1","Exc L4-5 RORB GABRG1",-0.00229945921007219,6.20723552015775,0.0068181632392393,0.934234673418276,0.999997068196745,0.999983379322086,"group_idyes"
"4113","C4orf50","Exc L4-5 RORB GABRG1",-0.0404606500364357,5.60205220473967,0.807016242620273,0.369565730208439,0.999997068196745,0.999983379322086,"group_idyes"
"4114","JAKMIP1","Exc L4-5 RORB GABRG1",-0.0397070368755169,6.86644158350166,1.63221528762795,0.202167296485584,0.999997068196745,0.999983379322086,"group_idyes"
"4115","AC113615.1","Exc L4-5 RORB GABRG1",-0.00270968841785946,1.01046806264496,0.000267872208514084,0.986950248449731,0.999997068196745,0.999983379322086,"group_idyes"
"4116","WFS1","Exc L4-5 RORB GABRG1",0.113872898807853,2.20053025243554,1.76185548116266,0.185180361643702,0.999997068196745,0.999983379322086,"group_idyes"
"4117","PPP2R2C","Exc L4-5 RORB GABRG1",0.0126689321547192,8.36661564542568,0.138739272729797,0.709742675737052,0.999997068196745,0.999983379322086,"group_idyes"
"4118","MAN2B2","Exc L4-5 RORB GABRG1",0.00164540317944501,4.4057740286527,0.00189549421994341,0.965295839253599,0.999997068196745,0.999983379322086,"group_idyes"
"4119","MRFAP1","Exc L4-5 RORB GABRG1",0.049822641486783,5.70909496541112,0.277011160727836,0.598970208575986,0.999997068196745,0.999983379322086,"group_idyes"
"4120","LINC02482","Exc L4-5 RORB GABRG1",-0.0461923829799532,3.69379336609352,0.391917512312025,0.531664416777992,0.999997068196745,0.999983379322086,"group_idyes"
"4121","AC093323.1","Exc L4-5 RORB GABRG1",0.0401505018742294,3.20743424656982,0.213824190315686,0.644047815031503,0.999997068196745,0.999983379322086,"group_idyes"
"4122","MRFAP1L1","Exc L4-5 RORB GABRG1",0.0627875061663281,4.61826034797609,0.965149740301786,0.326510196301102,0.999997068196745,0.999983379322086,"group_idyes"
"4123","BLOC1S4","Exc L4-5 RORB GABRG1",0.0659214454993475,3.32099364983245,0.730162640173484,0.393362239263233,0.999997068196745,0.999983379322086,"group_idyes"
"4124","KIAA0232","Exc L4-5 RORB GABRG1",-0.00347638726062394,7.28692338533437,0.0209464468046655,0.885000727916683,0.999997068196745,0.999983379322086,"group_idyes"
"4125","TBC1D14","Exc L4-5 RORB GABRG1",-0.0148398539302606,5.93348020411793,0.323772271183553,0.569681439474202,0.999997068196745,0.999983379322086,"group_idyes"
"4126","AC097382.2","Exc L4-5 RORB GABRG1",0.0601594916456697,0.840733661186241,0.21310116460519,0.949118051461286,0.999997068196745,0.999983379322086,"group_idyes"
"4127","TADA2B","Exc L4-5 RORB GABRG1",0.00709893765504495,3.83034413500518,0.023065543591018,0.928561721222842,0.999997068196745,0.999983379322086,"group_idyes"
"4128","GRPEL1","Exc L4-5 RORB GABRG1",0.0293891992506495,3.64848348162415,0.173604278206361,0.677160600112209,0.999997068196745,0.999983379322086,"group_idyes"
"4129","SORCS2","Exc L4-5 RORB GABRG1",-0.0911219658015936,5.76598877242255,1.81182016427676,0.179082632583109,0.999997068196745,0.999983379322086,"group_idyes"
"4130","AFAP1","Exc L4-5 RORB GABRG1",-0.0389601980306673,4.76104829193534,0.625419178128156,0.429527813825103,0.999997068196745,0.999983379322086,"group_idyes"
"4131","ABLIM2","Exc L4-5 RORB GABRG1",-0.0506510439110489,7.85805176383596,1.48151971325413,0.224282980208423,0.999997068196745,0.999983379322086,"group_idyes"
"4132","AC104825.1","Exc L4-5 RORB GABRG1",0.0679740878186414,3.02230474795461,1.72004819514945,0.234144494946201,0.999997068196745,0.999983379322086,"group_idyes"
"4133","ACOX3","Exc L4-5 RORB GABRG1",-0.0212754077127674,5.04152192326786,0.208779637886809,0.647983474048771,0.999997068196745,0.999983379322086,"group_idyes"
"4134","TRMT44","Exc L4-5 RORB GABRG1",-0.0448536628424224,4.48163607549612,0.912168971832726,0.340139290535958,0.999997068196745,0.999983379322086,"group_idyes"
"4135","AC105345.1","Exc L4-5 RORB GABRG1",-0.041989653178495,3.59781240801485,0.645239085908273,0.422315971468922,0.999997068196745,0.999983379322086,"group_idyes"
"4136","GPR78","Exc L4-5 RORB GABRG1",-0.298652116091988,0.539683512494598,2.22257752650556,0.13682523867558,0.999997068196745,0.999983379322086,"group_idyes"
"4137","DEFB131A","Exc L4-5 RORB GABRG1",-0.202759354477558,0.0546606580074352,1.18289202198487,0.277448905536207,0.999997068196745,0.999983379322086,"group_idyes"
"4138","SLC2A9","Exc L4-5 RORB GABRG1",-0.0195291756784194,1.56188197086854,0.0280752816648859,0.867019996483761,0.999997068196745,0.999983379322086,"group_idyes"
"4139","WDR1","Exc L4-5 RORB GABRG1",-0.0758690236529721,3.67944118672597,1.22600661510922,0.268876856843063,0.999997068196745,0.999983379322086,"group_idyes"
"4140","ZNF518B","Exc L4-5 RORB GABRG1",0.0950855250846099,4.33296867903534,4.58723452781564,0.0328383732570747,0.999997068196745,0.999983379322086,"group_idyes"
"4141","CLNK","Exc L4-5 RORB GABRG1",-0.0279656553727913,1.42785049712477,0.0396769646037399,0.842218743905733,0.999997068196745,0.999983379322086,"group_idyes"
"4142","HS3ST1","Exc L4-5 RORB GABRG1",0.00883568300269988,3.47344361409543,0.0119353327368934,0.913061996206131,0.999997068196745,0.999983379322086,"group_idyes"
"4143","AC005699.1","Exc L4-5 RORB GABRG1",-0.0108853643247629,3.27769449018775,0.00757016092946489,0.930711474421664,0.999997068196745,0.999983379322086,"group_idyes"
"4144","LINC02360","Exc L4-5 RORB GABRG1",0.0887887077729937,3.72756593971068,0.478340824854254,0.489591961519907,0.999997068196745,0.999983379322086,"group_idyes"
"4145","LINC02270","Exc L4-5 RORB GABRG1",-0.0921057484029374,1.27572635384377,0.224653332106714,0.635785828280957,0.999997068196745,0.999983379322086,"group_idyes"
"4146","AC007370.2","Exc L4-5 RORB GABRG1",0.0332797055924669,2.11201046622448,0.11137836108675,0.738762137923376,0.999997068196745,0.999983379322086,"group_idyes"
"4147","RAB28","Exc L4-5 RORB GABRG1",0.0202898670947606,7.0453213076316,0.254840286067007,0.613976341343248,0.999997068196745,0.999983379322086,"group_idyes"
"4148","BOD1L1","Exc L4-5 RORB GABRG1",0.0226993233079707,6.91090496564315,0.398332515410279,0.528326442411643,0.999997068196745,0.999983379322086,"group_idyes"
"4149","LINC01182","Exc L4-5 RORB GABRG1",0.0939650858012938,1.96043295807257,0.998786028615889,0.318232580029227,0.999997068196745,0.999983379322086,"group_idyes"
"4150","AC092546.1","Exc L4-5 RORB GABRG1",-0.0544761354248252,0.50464879328498,0.102210429247835,0.74936652220602,0.999997068196745,0.999983379322086,"group_idyes"
"4151","LINC00504","Exc L4-5 RORB GABRG1",-0.16223624464254,4.26957313760406,4.53186775821402,0.0339040032370378,0.999997068196745,0.999983379322086,"group_idyes"
"4152","CPEB2-DT","Exc L4-5 RORB GABRG1",-0.0300748736292082,4.59871151121768,0.361952517330277,0.547778194386554,0.999997068196745,0.999983379322086,"group_idyes"
"4153","CPEB2","Exc L4-5 RORB GABRG1",0.00263652999382646,5.12304247334107,0.00384028569532154,0.950618872532057,0.999997068196745,0.999983379322086,"group_idyes"
"4154","AC098829.1","Exc L4-5 RORB GABRG1",-0.286703890100255,5.60994223096138,3.52090773578427,0.0613560210522508,0.999997068196745,0.999983379322086,"group_idyes"
"4155","C1QTNF7","Exc L4-5 RORB GABRG1",-0.408604783435536,1.18813964060836,4.06005166146154,0.044604322428716,0.999997068196745,0.999983379322086,"group_idyes"
"4156","CC2D2A","Exc L4-5 RORB GABRG1",-0.0760723424593404,4.58972016044068,2.84126544467154,0.269077085572096,0.999997068196745,0.999983379322086,"group_idyes"
"4157","FBXL5","Exc L4-5 RORB GABRG1",-0.00569210779952389,6.36989639922231,0.0612481617524996,0.804665956427281,0.999997068196745,0.999983379322086,"group_idyes"
"4158","FAM200B","Exc L4-5 RORB GABRG1",0.0556087496884636,5.12895957593657,1.13441243957743,0.287504087881358,0.999997068196745,0.999983379322086,"group_idyes"
"4159","BST1","Exc L4-5 RORB GABRG1",-0.0539837699453283,0.779423925942073,0.148056020654224,0.986840268557305,0.999997068196745,0.999983379322086,"group_idyes"
"4160","CD38","Exc L4-5 RORB GABRG1",0.0436181655500843,0.762189459635827,0.0962757884485572,0.756513467335996,0.999997068196745,0.999983379322086,"group_idyes"
"4161","PROM1","Exc L4-5 RORB GABRG1",-0.0303890785817761,0.267893498393005,0.0304642003555668,0.861532933778992,0.999997068196745,0.999983379322086,"group_idyes"
"4162","TAPT1","Exc L4-5 RORB GABRG1",0.0278746127742433,5.30164612440321,0.624187288688508,0.429982185683159,0.999997068196745,0.999983379322086,"group_idyes"
"4163","TAPT1-AS1","Exc L4-5 RORB GABRG1",-0.0105338124608881,6.52571193511158,0.0595884831951582,0.807277669344101,0.999997068196745,0.999983379322086,"group_idyes"
"4164","AC097515.1","Exc L4-5 RORB GABRG1",-0.103821510273126,3.2704897864354,1.80258314843887,0.180192138787755,0.999997068196745,0.999983379322086,"group_idyes"
"4165","LDB2","Exc L4-5 RORB GABRG1",-0.0228515978095243,10.1750580433497,0.377037429043346,0.539555941145157,0.999997068196745,0.999983379322086,"group_idyes"
"4166","AC106894.1","Exc L4-5 RORB GABRG1",0.0501000060953503,1.33950259117467,0.180923710963543,0.670818434253566,0.999997068196745,0.999983379322086,"group_idyes"
"4167","QDPR","Exc L4-5 RORB GABRG1",-0.0047761370710891,6.11002897703792,0.0192255846862483,0.889794255443779,0.999997068196745,0.999983379322086,"group_idyes"
"4168","LAP3","Exc L4-5 RORB GABRG1",-0.0436563511673438,2.68101406676569,0.372965848713109,0.541752657045626,0.999997068196745,0.999983379322086,"group_idyes"
"4169","AC006160.1","Exc L4-5 RORB GABRG1",-0.0511900739359031,1.09377528415852,0.14363831495172,0.70489956820427,0.999997068196745,0.999983379322086,"group_idyes"
"4170","MED28","Exc L4-5 RORB GABRG1",0.008269993828316,5.18961889704076,0.0646678463918062,0.799400637765519,0.999997068196745,0.999983379322086,"group_idyes"
"4171","FAM184B","Exc L4-5 RORB GABRG1",-0.201768810143757,3.93438378386934,4.06999395685768,0.0443453677948391,0.999997068196745,0.999983379322086,"group_idyes"
"4172","DCAF16","Exc L4-5 RORB GABRG1",-0.036722669375248,4.74281633740998,1.13966972962366,0.286391535829367,0.999997068196745,0.999983379322086,"group_idyes"
"4173","LCORL","Exc L4-5 RORB GABRG1",0.0642443551249734,5.77953648826607,2.53449900624683,0.112203496908424,0.999997068196745,0.999983379322086,"group_idyes"
"4174","LINC02438","Exc L4-5 RORB GABRG1",-0.0341327052130484,0.417403462666336,0.0462342638833863,0.869987707019496,0.999997068196745,0.999983379322086,"group_idyes"
"4175","AC024230.1","Exc L4-5 RORB GABRG1",0.010200152904827,3.00835802321516,0.00573291581768354,0.939684385584986,0.999997068196745,0.999983379322086,"group_idyes"
"4176","SLIT2","Exc L4-5 RORB GABRG1",0.0467604931148645,7.46135985817151,0.486119120627309,0.486084694672874,0.999997068196745,0.999983379322086,"group_idyes"
"4177","PACRGL","Exc L4-5 RORB GABRG1",-5.14725182447725e-05,5.81819125149129,2.09870189549988e-06,0.998844864107314,0.999997068196745,0.999983379322086,"group_idyes"
"4178","KCNIP4","Exc L4-5 RORB GABRG1",0.0144844790329873,13.3104059363827,0.126854972431502,0.721910690258353,0.999997068196745,0.999983379322086,"group_idyes"
"4179","AC110296.1","Exc L4-5 RORB GABRG1",-0.129722693952373,1.32966115006453,0.888826362515117,0.346387179140846,0.999997068196745,0.999983379322086,"group_idyes"
"4180","AC096576.3","Exc L4-5 RORB GABRG1",0.00162378914234557,2.71578363379785,0.00020886148889931,0.988476832327087,0.999997068196745,0.999983379322086,"group_idyes"
"4181","AC096576.2","Exc L4-5 RORB GABRG1",-0.0292506970870852,2.8330784676969,0.0486826025654124,0.825488747789829,0.999997068196745,0.999983379322086,"group_idyes"
"4182","AC096719.1","Exc L4-5 RORB GABRG1",-0.0157875469050455,2.56247968372009,0.0446774530765074,0.938778039979865,0.999997068196745,0.999983379322086,"group_idyes"
"4183","ADGRA3","Exc L4-5 RORB GABRG1",0.0272419826037601,3.90226232363584,0.199563464513542,0.655324790787523,0.999997068196745,0.999983379322086,"group_idyes"
"4184","AC097512.1","Exc L4-5 RORB GABRG1",-0.0386243665434047,2.5673422987718,0.0659163024607914,0.797515416042632,0.999997068196745,0.999983379322086,"group_idyes"
"4185","AC114912.1","Exc L4-5 RORB GABRG1",-0.148293068939409,2.14409661439292,0.868085310433631,0.352070217185628,0.999997068196745,0.999983379322086,"group_idyes"
"4186","AC092440.1","Exc L4-5 RORB GABRG1",-0.263981455630542,1.75878903882809,1.9695597089931,0.161301182948227,0.999997068196745,0.999983379322086,"group_idyes"
"4187","AC093607.1","Exc L4-5 RORB GABRG1",-0.132004826641424,6.99405591631969,0.889476638492236,0.346211029241709,0.999997068196745,0.999983379322086,"group_idyes"
"4188","PPARGC1A","Exc L4-5 RORB GABRG1",-0.0285239445723548,6.20058112182306,0.592685812707669,0.441854836676355,0.999997068196745,0.999983379322086,"group_idyes"
"4189","AC092834.1","Exc L4-5 RORB GABRG1",-0.287552994855712,1.10296385761193,3.18532919024275,0.0750898434301853,0.999997068196745,0.999983379322086,"group_idyes"
"4190","DHX15","Exc L4-5 RORB GABRG1",0.0119222827438977,5.87533961335818,0.163988100304419,0.685736064351021,0.999997068196745,0.999983379322086,"group_idyes"
"4191","CCDC149","Exc L4-5 RORB GABRG1",-0.000162695238181668,5.57970796215089,1.87830663480693e-05,0.996544270529405,0.999997068196745,0.999983379322086,"group_idyes"
"4192","LGI2","Exc L4-5 RORB GABRG1",0.0809393603249981,0.755327466256661,0.326246270790217,0.568211321600274,0.999997068196745,0.999983379322086,"group_idyes"
"4193","SEPSECS","Exc L4-5 RORB GABRG1",-0.00424276006403014,2.25689315237033,0.00216153727394259,0.96294196586968,0.999997068196745,0.999983379322086,"group_idyes"
"4194","AC104662.2","Exc L4-5 RORB GABRG1",-0.0572434123223918,3.3087517510548,0.407714320163456,0.523511824001837,0.999997068196745,0.999983379322086,"group_idyes"
"4195","ZCCHC4","Exc L4-5 RORB GABRG1",0.0198009448482049,3.39784830143284,0.105104431686557,0.745964215272738,0.999997068196745,0.999983379322086,"group_idyes"
"4196","ANAPC4","Exc L4-5 RORB GABRG1",-0.0488480449328362,5.58703117417777,1.35156608908595,0.245725142910692,0.999997068196745,0.999983379322086,"group_idyes"
"4197","AC092436.2","Exc L4-5 RORB GABRG1",0.000900815469343749,0.310063421164132,0.000141837403737999,0.990503950999765,0.999997068196745,0.999983379322086,"group_idyes"
"4198","SEL1L3","Exc L4-5 RORB GABRG1",-0.0220449412901389,6.02875751906163,0.204273569824749,0.651547935015144,0.999997068196745,0.999983379322086,"group_idyes"
"4199","SMIM20","Exc L4-5 RORB GABRG1",-0.00335295472198364,2.97667503324165,0.0029808531773647,0.956487717285928,0.999997068196745,0.999983379322086,"group_idyes"
"4200","RBPJ","Exc L4-5 RORB GABRG1",0.010651654124381,6.85164739458397,0.119559230985668,0.729702024926212,0.999997068196745,0.999983379322086,"group_idyes"
"4201","TBC1D19","Exc L4-5 RORB GABRG1",-0.00646337864041666,6.72701518984559,0.0385009723617053,0.844544199923134,0.999997068196745,0.999983379322086,"group_idyes"
"4202","STIM2","Exc L4-5 RORB GABRG1",-0.00231041965713216,5.95138209300142,0.00563473630719668,0.940202105617328,0.999997068196745,0.999983379322086,"group_idyes"
"4203","AC097480.1","Exc L4-5 RORB GABRG1",-0.0628822195271407,0.910410842067688,0.133579261945689,0.714950280765699,0.999997068196745,0.999983379322086,"group_idyes"
"4204","PCDH7","Exc L4-5 RORB GABRG1",0.000591759839306366,10.0550089093657,0.00032455561729285,0.985635885249683,0.999997068196745,0.999983379322086,"group_idyes"
"4205","AC097716.1","Exc L4-5 RORB GABRG1",0.108990998486134,2.53286294694635,0.547900332332023,0.459628350008624,0.999997068196745,0.999983379322086,"group_idyes"
"4206","LINC02497","Exc L4-5 RORB GABRG1",0.014376737019965,2.05714353348043,0.0263234316452412,0.871198121364818,0.999997068196745,0.999983379322086,"group_idyes"
"4207","AC016687.3","Exc L4-5 RORB GABRG1",0.234907926318138,3.26265410180043,3.1631332752872,0.076108092511266,0.999997068196745,0.999983379322086,"group_idyes"
"4208","AC016687.2","Exc L4-5 RORB GABRG1",0.117825491889181,8.60310237308723,1.13997976210967,0.286326097867994,0.999997068196745,0.999983379322086,"group_idyes"
"4209","LINC02484","Exc L4-5 RORB GABRG1",-0.173944047438064,0.782944734924451,0.921622419130405,0.337652269611303,0.999997068196745,0.999983379322086,"group_idyes"
"4210","ARAP2","Exc L4-5 RORB GABRG1",-0.0116898965939996,8.13094141789478,0.091425909893544,0.762535572266878,0.999997068196745,0.999983379322086,"group_idyes"
"4211","AC104078.2","Exc L4-5 RORB GABRG1",0.0803036516080318,0.752760016699214,0.317328751114501,0.573545564126313,0.999997068196745,0.999983379322086,"group_idyes"
"4212","LINC02505","Exc L4-5 RORB GABRG1",-0.070173147458986,0.579079202343003,0.15243118202818,0.696438857871229,0.999997068196745,0.999983379322086,"group_idyes"
"4213","NWD2","Exc L4-5 RORB GABRG1",-0.037225685008786,7.69225915230794,0.556237783084709,0.456235510848383,0.999997068196745,0.999983379322086,"group_idyes"
"4214","C4orf19","Exc L4-5 RORB GABRG1",-0.108808371974408,2.08992978291899,1.45543143876647,0.228399742115611,0.999997068196745,0.999983379322086,"group_idyes"
"4215","RELL1","Exc L4-5 RORB GABRG1",-0.13908392341506,2.68762095161255,2.61682705495929,0.10655521774216,0.999997068196745,0.999983379322086,"group_idyes"
"4216","PGM2","Exc L4-5 RORB GABRG1",-0.028940078972988,2.44600355903653,0.168478046099487,0.883208375403657,0.999997068196745,0.999983379322086,"group_idyes"
"4217","TBC1D1","Exc L4-5 RORB GABRG1",-0.0141790918202728,5.69730646690937,0.0912972834098862,0.762697636925957,0.999997068196745,0.999983379322086,"group_idyes"
"4218","LINC01258","Exc L4-5 RORB GABRG1",-0.324750018137748,1.44843781453742,6.84607115077427,0.0092336208840398,0.999997068196745,0.999983379322086,"group_idyes"
"4219","KLF3","Exc L4-5 RORB GABRG1",0.00863686851245059,4.52155091721074,0.035987289814568,0.849641787448473,0.999997068196745,0.999983379322086,"group_idyes"
"4220","FAM114A1","Exc L4-5 RORB GABRG1",-0.0533000873499442,0.883486168960262,0.180776073472896,0.670944850100128,0.999997068196745,0.999983379322086,"group_idyes"
"4221","TMEM156","Exc L4-5 RORB GABRG1",-0.0554796378224776,0.535482236035863,0.153274607897561,0.715388848015169,0.999997068196745,0.999983379322086,"group_idyes"
"4222","KLHL5","Exc L4-5 RORB GABRG1",-0.0833270527818168,4.40999004668884,1.21702791231239,0.270634278948311,0.999997068196745,0.999983379322086,"group_idyes"
"4223","WDR19","Exc L4-5 RORB GABRG1",-0.00837924898176487,6.77996465116088,0.0641892522879397,0.800128469748115,0.999997068196745,0.999983379322086,"group_idyes"
"4224","RFC1","Exc L4-5 RORB GABRG1",0.0632691983717011,5.31100031300593,3.81863234920997,0.183595118990469,0.999997068196745,0.999983379322086,"group_idyes"
"4225","RPL9","Exc L4-5 RORB GABRG1",-0.0391468431141293,2.62977986670373,0.26898763692787,0.641290881249625,0.999997068196745,0.999983379322086,"group_idyes"
"4226","LIAS","Exc L4-5 RORB GABRG1",-0.0169087786248187,4.29306527222903,0.2031515258101,0.652442867918294,0.999997068196745,0.999983379322086,"group_idyes"
"4227","UGDH","Exc L4-5 RORB GABRG1",-0.113177580062934,4.52329840390378,7.39948074194877,0.00682020662786601,0.999997068196745,0.999983379322086,"group_idyes"
"4228","UGDH-AS1","Exc L4-5 RORB GABRG1",0.0275560295452776,4.55688965483777,0.450864254404956,0.502327780585861,0.999997068196745,0.999983379322086,"group_idyes"
"4229","SMIM14","Exc L4-5 RORB GABRG1",-0.0327926836355196,6.19773160801163,0.734319990717241,0.39201993131264,0.999997068196745,0.999983379322086,"group_idyes"
"4230","UBE2K","Exc L4-5 RORB GABRG1",0.0012645971695816,7.42141923995549,0.00388060961101876,0.950360627041682,0.999997068196745,0.999983379322086,"group_idyes"
"4231","PDS5A","Exc L4-5 RORB GABRG1",-0.0182718175013672,7.4972299510449,0.300087664915483,0.584145137789556,0.999997068196745,0.999983379322086,"group_idyes"
"4232","N4BP2","Exc L4-5 RORB GABRG1",-0.00185735238583621,5.42519498016734,0.00192201924408206,0.965054017469233,0.999997068196745,0.999983379322086,"group_idyes"
"4233","RHOH","Exc L4-5 RORB GABRG1",-0.266783958910014,0.44771237139605,2.40441748221867,0.121815340087358,0.999997068196745,0.999983379322086,"group_idyes"
"4234","LINC02265","Exc L4-5 RORB GABRG1",-0.181338503446887,0.929163449736971,2.08771767812387,0.149301717971815,0.999997068196745,0.999983379322086,"group_idyes"
"4235","RBM47","Exc L4-5 RORB GABRG1",-0.0707596123632463,1.9754986205981,0.718876370609925,0.470047981684421,0.999997068196745,0.999983379322086,"group_idyes"
"4236","NSUN7","Exc L4-5 RORB GABRG1",-0.0516158247144696,0.419608799580664,0.0897281214843481,0.764684838112938,0.999997068196745,0.999983379322086,"group_idyes"
"4237","APBB2","Exc L4-5 RORB GABRG1",-0.03572725243737,7.44562710494118,1.01977733871469,0.313206512051027,0.999997068196745,0.999983379322086,"group_idyes"
"4238","UCHL1-AS1","Exc L4-5 RORB GABRG1",-0.0439953853457813,1.53952808668619,0.168371074219858,0.681791972127026,0.999997068196745,0.999983379322086,"group_idyes"
"4239","UCHL1","Exc L4-5 RORB GABRG1",0.000105218113317313,8.22508944457063,2.460007840705e-06,0.998749378413404,0.999997068196745,0.999983379322086,"group_idyes"
"4240","LIMCH1","Exc L4-5 RORB GABRG1",-0.0125980662183707,9.07734390148915,0.166029170193,0.683891821451434,0.999997068196745,0.999983379322086,"group_idyes"
"4241","TMEM33","Exc L4-5 RORB GABRG1",0.0617858349480108,5.18587355388205,2.99692097881614,0.0842246219812873,0.999997068196745,0.999983379322086,"group_idyes"
"4242","DCAF4L1","Exc L4-5 RORB GABRG1",-0.133917568991226,1.0420108514383,0.886344092102706,0.347060709262874,0.999997068196745,0.999983379322086,"group_idyes"
"4243","SLC30A9","Exc L4-5 RORB GABRG1",-0.0327120292871862,6.43001671548194,1.17413101154692,0.279232652744133,0.999997068196745,0.999983379322086,"group_idyes"
"4244","AC111006.1","Exc L4-5 RORB GABRG1",0.0625389971795512,1.06206154399605,0.245332191631657,0.62066394852953,0.999997068196745,0.999983379322086,"group_idyes"
"4245","AC024022.1","Exc L4-5 RORB GABRG1",-0.324871954714927,0.232838452280906,3.16048987575365,0.0762303492137801,0.999997068196745,0.999983379322086,"group_idyes"
"4246","ATP8A1","Exc L4-5 RORB GABRG1",-0.0062924684889525,8.99320003926965,0.0438010972975088,0.834334879910441,0.999997068196745,0.999983379322086,"group_idyes"
"4247","GRXCR1","Exc L4-5 RORB GABRG1",0.0671779924959028,0.477307428737519,0.180324032553019,0.671332293496571,0.999997068196745,0.999983379322086,"group_idyes"
"4248","KCTD8","Exc L4-5 RORB GABRG1",-0.00119912368971182,8.04735843253131,0.000698744694790009,0.978925056966985,0.999997068196745,0.999983379322086,"group_idyes"
"4249","YIPF7","Exc L4-5 RORB GABRG1",-0.025976173070972,4.27429515137377,0.131304644840995,0.717282119733095,0.999997068196745,0.999983379322086,"group_idyes"
"4250","GUF1","Exc L4-5 RORB GABRG1",0.0829082733100918,4.57217344150848,3.9157237284949,0.0485491128551173,0.999997068196745,0.999983379322086,"group_idyes"
"4251","GNPDA2","Exc L4-5 RORB GABRG1",0.0344754718614526,5.55699901255345,0.710696369789036,0.399736532358547,0.999997068196745,0.999983379322086,"group_idyes"
"4252","AC096586.1","Exc L4-5 RORB GABRG1",-0.0185985808684162,0.784742733858398,0.0215306281799366,0.976767207212032,0.999997068196745,0.999983379322086,"group_idyes"
"4253","GABRG1","Exc L4-5 RORB GABRG1",0.0280401201704637,7.15107337643787,0.281866890443959,0.595786533381452,0.999997068196745,0.999983379322086,"group_idyes"
"4254","GABRA2","Exc L4-5 RORB GABRG1",-0.000743413183803357,7.82858422687129,0.00106952349522787,0.973927936333322,0.999997068196745,0.999983379322086,"group_idyes"
"4255","AC095060.1","Exc L4-5 RORB GABRG1",-0.15471099403447,1.75095614628854,2.19398147431885,0.139369270544556,0.999997068196745,0.999983379322086,"group_idyes"
"4256","COX7B2","Exc L4-5 RORB GABRG1",-0.141898144244294,0.859910322822102,0.688636583325616,0.407143124493435,0.999997068196745,0.999983379322086,"group_idyes"
"4257","GABRA4","Exc L4-5 RORB GABRG1",0.0289184758687811,7.15632914491623,0.901237587927099,0.343046032570895,0.999997068196745,0.999983379322086,"group_idyes"
"4258","GABRB1","Exc L4-5 RORB GABRG1",0.00701125231132031,9.10767730881599,0.0290880219447494,0.864665612344718,0.999997068196745,0.999983379322086,"group_idyes"
"4259","COMMD8","Exc L4-5 RORB GABRG1",0.0343328399562032,2.84555449766127,0.16569639919718,0.684191597153623,0.999997068196745,0.999983379322086,"group_idyes"
"4260","ATP10D","Exc L4-5 RORB GABRG1",-0.0185420312752816,4.9288394140284,0.184779888183127,0.667537915284301,0.999997068196745,0.999983379322086,"group_idyes"
"4261","CORIN","Exc L4-5 RORB GABRG1",0.0784926460194828,3.29853619234713,0.545633388308829,0.46055777616653,0.999997068196745,0.999983379322086,"group_idyes"
"4262","AC107068.2","Exc L4-5 RORB GABRG1",0.0180062105215376,2.38349697709358,0.0168870044118963,0.896673894328799,0.999997068196745,0.999983379322086,"group_idyes"
"4263","AC107068.1","Exc L4-5 RORB GABRG1",0.0112617180235139,2.85678694859919,0.0382265695410037,0.845092104178197,0.999997068196745,0.999983379322086,"group_idyes"
"4264","NFXL1","Exc L4-5 RORB GABRG1",-0.0290562531763542,5.24545050737839,0.727719919197704,0.453504173739839,0.999997068196745,0.999983379322086,"group_idyes"
"4265","NIPAL1","Exc L4-5 RORB GABRG1",0.0359871768403359,3.29366128777601,0.197198342363996,0.657241494603851,0.999997068196745,0.999983379322086,"group_idyes"
"4266","CNGA1","Exc L4-5 RORB GABRG1",0.118412240344428,0.798570926176141,0.664435182922501,0.415502819188476,0.999997068196745,0.999983379322086,"group_idyes"
"4267","TXK","Exc L4-5 RORB GABRG1",-0.0393126867952587,2.79909842061582,0.158436443305479,0.690820923954774,0.999997068196745,0.999983379322086,"group_idyes"
"4268","TEC","Exc L4-5 RORB GABRG1",0.00231915528705534,1.82545452371365,0.000526158300472818,0.981711508521549,0.999997068196745,0.999983379322086,"group_idyes"
"4269","SLAIN2","Exc L4-5 RORB GABRG1",0.00126849641849074,5.59832052911243,0.00125621355938382,0.971744796759923,0.999997068196745,0.999983379322086,"group_idyes"
"4270","FRYL","Exc L4-5 RORB GABRG1",-0.0295678084632517,6.8709717215081,0.746565056114717,0.38810430286438,0.999997068196745,0.999983379322086,"group_idyes"
"4271","OCIAD1","Exc L4-5 RORB GABRG1",-0.033126171112599,7.27127073870361,0.711022782300961,0.399628418059951,0.999997068196745,0.999983379322086,"group_idyes"
"4272","OCIAD1-AS1","Exc L4-5 RORB GABRG1",-0.104263367217247,0.830132443456324,0.407900409592681,0.523417116444063,0.999997068196745,0.999983379322086,"group_idyes"
"4273","OCIAD2","Exc L4-5 RORB GABRG1",-0.0203970316979546,3.1989049350519,0.0781464736846273,0.779975368657616,0.999997068196745,0.999983379322086,"group_idyes"
"4274","DCUN1D4","Exc L4-5 RORB GABRG1",-0.0206455109654493,6.6687455008545,0.442396362047963,0.506366610125407,0.999997068196745,0.999983379322086,"group_idyes"
"4275","AC027271.1","Exc L4-5 RORB GABRG1",0.109952064911392,0.784912804794219,0.689775973081842,0.46929369541824,0.999997068196745,0.999983379322086,"group_idyes"
"4276","LRRC66","Exc L4-5 RORB GABRG1",0.0876920530218863,3.26388507186798,1.36502803583186,0.243391440923034,0.999997068196745,0.999983379322086,"group_idyes"
"4277","SGCB","Exc L4-5 RORB GABRG1",0.0808466559972564,4.7861822793897,3.51069965719691,0.0617315169512676,0.999997068196745,0.999983379322086,"group_idyes"
"4278","USP46","Exc L4-5 RORB GABRG1",0.00845862542241187,6.01655093697652,0.0435281129259857,0.834844440305593,0.999997068196745,0.999983379322086,"group_idyes"
"4279","USP46-AS1","Exc L4-5 RORB GABRG1",0.00440501209400036,0.701864467122731,0.00128844798665173,0.971384732911772,0.999997068196745,0.999983379322086,"group_idyes"
"4280","ERVMER34-1","Exc L4-5 RORB GABRG1",0.101149767385511,2.75422138976613,2.24002898280476,0.135298354116772,0.999997068196745,0.999983379322086,"group_idyes"
"4281","LINC01618","Exc L4-5 RORB GABRG1",0.0369655034172308,3.07780141590257,0.253040414063995,0.615230166264801,0.999997068196745,0.999983379322086,"group_idyes"
"4282","RASL11B","Exc L4-5 RORB GABRG1",0.0763520546577409,3.70179934431495,0.928719610552941,0.335801185439819,0.999997068196745,0.999983379322086,"group_idyes"
"4283","SCFD2","Exc L4-5 RORB GABRG1",-0.053776113691273,6.92868196168702,1.51310973908385,0.219416805347603,0.999997068196745,0.999983379322086,"group_idyes"
"4284","AC023154.1","Exc L4-5 RORB GABRG1",0.2368730118294,1.77449078049195,4.23247844027764,0.040331014640946,0.999997068196745,0.999983379322086,"group_idyes"
"4285","AC058822.1","Exc L4-5 RORB GABRG1",0.0204994250312836,4.78008229001102,0.0955795067030858,0.757367667733347,0.999997068196745,0.999983379322086,"group_idyes"
"4286","LNX1","Exc L4-5 RORB GABRG1",0.0056446201841281,7.45129527481232,0.0232680552126124,0.878842033551883,0.999997068196745,0.999983379322086,"group_idyes"
"4287","CHIC2","Exc L4-5 RORB GABRG1",0.0373529565528333,5.56809459703014,1.0561602898711,0.304738250965477,0.999997068196745,0.999983379322086,"group_idyes"
"4288","KIT","Exc L4-5 RORB GABRG1",0.0399011234577032,0.17182260188499,0.041461929029781,0.838756537878975,0.999997068196745,0.999983379322086,"group_idyes"
"4289","SRD5A3","Exc L4-5 RORB GABRG1",-0.0234559148330397,4.0337640814629,0.135567700464116,0.712930192078702,0.999997068196745,0.999983379322086,"group_idyes"
"4290","TMEM165","Exc L4-5 RORB GABRG1",-0.0305775553107222,5.98037433438006,0.758858974573266,0.384229087824667,0.999997068196745,0.999983379322086,"group_idyes"
"4291","CLOCK","Exc L4-5 RORB GABRG1",-0.00350716109847385,7.04258781191793,0.0181562711316231,0.892883792146589,0.999997068196745,0.999983379322086,"group_idyes"
"4292","PDCL2","Exc L4-5 RORB GABRG1",-0.169279674741992,0.312584626299388,1.0559847069483,0.372848923587512,0.999997068196745,0.999983379322086,"group_idyes"
"4293","EXOC1","Exc L4-5 RORB GABRG1",-0.0268044759337918,5.90952799676282,0.874474387023622,0.443025108671749,0.999997068196745,0.999983379322086,"group_idyes"
"4294","CEP135","Exc L4-5 RORB GABRG1",0.0137145002780503,4.63560159044845,0.104387075267902,0.746802697862702,0.999997068196745,0.999983379322086,"group_idyes"
"4295","KIAA1211","Exc L4-5 RORB GABRG1",0.00074077366302703,5.20796496850068,0.000166777224560101,0.989702919176091,0.999997068196745,0.999983379322086,"group_idyes"
"4296","AASDH","Exc L4-5 RORB GABRG1",0.0534680467639652,5.4900229642154,1.87952189380354,0.171187697170216,0.999997068196745,0.999983379322086,"group_idyes"
"4297","AC068620.1","Exc L4-5 RORB GABRG1",-0.218044354117941,0.379174652745749,1.91058846995946,0.167699828577797,0.999997068196745,0.999983379322086,"group_idyes"
"4298","PPAT","Exc L4-5 RORB GABRG1",0.00883320816718946,5.01364907685402,0.0630907842975472,0.898593349859308,0.999997068196745,0.999983379322086,"group_idyes"
"4299","AC068620.2","Exc L4-5 RORB GABRG1",0.123687082294992,0.680209548558555,0.939663754041081,0.363071888041196,0.999997068196745,0.999983379322086,"group_idyes"
"4300","PAICS","Exc L4-5 RORB GABRG1",0.0134033937441519,4.47291011030353,0.102956414711394,0.748484479178785,0.999997068196745,0.999983379322086,"group_idyes"
"4301","SRP72","Exc L4-5 RORB GABRG1",0.0099958056657862,5.60255199061831,0.106773207992659,0.744025825565687,0.999997068196745,0.999983379322086,"group_idyes"
"4302","ARL9","Exc L4-5 RORB GABRG1",-0.0468719865914655,3.77313802396679,0.62030905197693,0.431417410469107,0.999997068196745,0.999983379322086,"group_idyes"
"4303","THEGL","Exc L4-5 RORB GABRG1",0.0593602248874303,2.3953705526735,0.353473839888095,0.552502697385678,0.999997068196745,0.999983379322086,"group_idyes"
"4304","HOPX","Exc L4-5 RORB GABRG1",-0.0192130573368251,6.28826434262585,0.0687898908456016,0.79324729015239,0.999997068196745,0.999983379322086,"group_idyes"
"4305","SPINK2","Exc L4-5 RORB GABRG1",-0.0446767632143156,0.517253628031139,0.0598821535476115,0.806812759602062,0.999997068196745,0.999983379322086,"group_idyes"
"4306","REST","Exc L4-5 RORB GABRG1",-0.0354157732176927,0.915866408191737,0.0797557532897505,0.79724930512503,0.999997068196745,0.999983379322086,"group_idyes"
"4307","NOA1","Exc L4-5 RORB GABRG1",0.0267670779325712,3.39232167758006,0.299908295664345,0.845450761520758,0.999997068196745,0.999983379322086,"group_idyes"
"4308","POLR2B","Exc L4-5 RORB GABRG1",0.0211447136968136,5.52436785653706,0.324921398453109,0.942769130299497,0.999997068196745,0.999983379322086,"group_idyes"
"4309","IGFBP7","Exc L4-5 RORB GABRG1",-0.119224282579265,0.796092225261011,0.661638339080427,0.416485247949079,0.999997068196745,0.999983379322086,"group_idyes"
"4310","IGFBP7-AS1","Exc L4-5 RORB GABRG1",0.0228128666276578,0.138768197719192,0.00875172498530746,0.925514807811622,0.999997068196745,0.999983379322086,"group_idyes"
"4311","AC017091.1","Exc L4-5 RORB GABRG1",-0.384789260773422,0.161988090620804,4.02483680807993,0.0455344560473216,0.999997068196745,0.999983379322086,"group_idyes"
"4312","ADGRL3","Exc L4-5 RORB GABRG1",0.00840009547294647,9.31322108940991,0.0362262712303025,0.849149365145042,0.999997068196745,0.999983379322086,"group_idyes"
"4313","AC020741.1","Exc L4-5 RORB GABRG1",-0.0577109477927692,1.49530083655862,0.22928992263881,0.632322866983156,0.999997068196745,0.999983379322086,"group_idyes"
"4314","ADGRL3-AS1","Exc L4-5 RORB GABRG1",-0.0392359217847401,0.581421249815085,0.0594228253889252,0.807540458041906,0.999997068196745,0.999983379322086,"group_idyes"
"4315","LINC02232","Exc L4-5 RORB GABRG1",0.0203264572908452,8.09293286851394,0.173783423687819,0.677003515057324,0.999997068196745,0.999983379322086,"group_idyes"
"4316","EPHA5","Exc L4-5 RORB GABRG1",0.0150959938774241,7.8293853271474,0.0869676039235488,0.768227276173115,0.999997068196745,0.999983379322086,"group_idyes"
"4317","EPHA5-AS1","Exc L4-5 RORB GABRG1",-0.0144758298924029,4.44530938657413,0.0546030955292197,0.815363094573085,0.999997068196745,0.999983379322086,"group_idyes"
"4318","AC104806.2","Exc L4-5 RORB GABRG1",0.046040316475427,6.8823201755202,0.924031657478441,0.33702236032215,0.999997068196745,0.999983379322086,"group_idyes"
"4319","CENPC","Exc L4-5 RORB GABRG1",0.0455037106882153,7.12047655240249,1.6899696970548,0.19438325715048,0.999997068196745,0.999983379322086,"group_idyes"
"4320","UBA6","Exc L4-5 RORB GABRG1",0.0176292102699435,5.97354539585029,0.395121683608374,0.529992434902001,0.999997068196745,0.999983379322086,"group_idyes"
"4321","UBA6-AS1","Exc L4-5 RORB GABRG1",0.0598671877746411,7.53499519637995,1.18358903402015,0.277307612194945,0.999997068196745,0.999983379322086,"group_idyes"
"4322","TMPRSS11D","Exc L4-5 RORB GABRG1",0.0789457310361643,0.703181848265313,0.236212984605359,0.627231474386216,0.999997068196745,0.999983379322086,"group_idyes"
"4323","TMPRSS11A","Exc L4-5 RORB GABRG1",0.0513447165317144,0.790655603103361,0.095620376828085,0.757317434124877,0.999997068196745,0.999983379322086,"group_idyes"
"4324","TMPRSS11F","Exc L4-5 RORB GABRG1",0.0341452145260505,0.22101016535032,0.0377768125987741,0.845994575104214,0.999997068196745,0.999983379322086,"group_idyes"
"4325","YTHDC1","Exc L4-5 RORB GABRG1",0.0150340789967011,5.96681236080025,0.243873885975329,0.951643345215766,0.999997068196745,0.999983379322086,"group_idyes"
"4326","UGT2B7","Exc L4-5 RORB GABRG1",0.19678921080819,0.210605559058173,1.0102902998786,0.31546504787352,0.999997068196745,0.999983379322086,"group_idyes"
"4327","ENAM","Exc L4-5 RORB GABRG1",-0.34992257510807,0.212730991048277,3.98095995052391,0.0467221798151953,0.999997068196745,0.999983379322086,"group_idyes"
"4328","JCHAIN","Exc L4-5 RORB GABRG1",-0.368977641799922,-0.0493929991676025,3.32228795139195,0.0691226703797,0.999997068196745,0.999983379322086,"group_idyes"
"4329","UTP3","Exc L4-5 RORB GABRG1",0.0231880452618395,3.55118687585175,0.137715713070837,0.943433727265564,0.999997068196745,0.999983379322086,"group_idyes"
"4330","RUFY3","Exc L4-5 RORB GABRG1",0.0149639855591251,8.06655783541032,0.462420339108459,0.496903963197459,0.999997068196745,0.999983379322086,"group_idyes"
"4331","GRSF1","Exc L4-5 RORB GABRG1",0.0141867689253841,5.24360292466073,0.14660539588302,0.702012158973465,0.999997068196745,0.999983379322086,"group_idyes"
"4332","MOB1B","Exc L4-5 RORB GABRG1",-0.0163254712991415,5.10898773452065,0.206008452949518,0.650170017359542,0.999997068196745,0.999983379322086,"group_idyes"
"4333","DCK","Exc L4-5 RORB GABRG1",0.0619347651258141,3.4843424945308,0.755358173566699,0.385326948689743,0.999997068196745,0.999983379322086,"group_idyes"
"4334","SLC4A4","Exc L4-5 RORB GABRG1",0.00443889442337634,2.44109995524529,0.00219122717349279,0.96268851271098,0.999997068196745,0.999983379322086,"group_idyes"
"4335","NPFFR2","Exc L4-5 RORB GABRG1",-0.15430415929683,0.485996342828765,0.658167519745316,0.417709229707534,0.999997068196745,0.999983379322086,"group_idyes"
"4336","ADAMTS3","Exc L4-5 RORB GABRG1",-0.133023175321495,4.04843265593728,1.50796116519414,0.220201196189078,0.999997068196745,0.999983379322086,"group_idyes"
"4337","COX18","Exc L4-5 RORB GABRG1",0.0399371942417025,3.80545560109627,0.552955938670664,0.4575662795676,0.999997068196745,0.999983379322086,"group_idyes"
"4338","ANKRD17","Exc L4-5 RORB GABRG1",0.013359493582054,8.4567535300865,0.309550935585544,0.578279333035192,0.999997068196745,0.999983379322086,"group_idyes"
"4339","AC053527.1","Exc L4-5 RORB GABRG1",-0.0351198157478344,4.70501949918761,0.236175845575212,0.627258539951684,0.999997068196745,0.999983379322086,"group_idyes"
"4340","LINC02499","Exc L4-5 RORB GABRG1",0.156435094782616,0.346434554280304,0.798457056377963,0.372113695074356,0.999997068196745,0.999983379322086,"group_idyes"
"4341","MTHFD2L","Exc L4-5 RORB GABRG1",0.0614302711747013,7.43225959936301,1.13915715280257,0.286499766208138,0.999997068196745,0.999983379322086,"group_idyes"
"4342","BTC","Exc L4-5 RORB GABRG1",0.0114130436105374,3.4320551523055,0.0372659078066617,0.847026534687739,0.999997068196745,0.999983379322086,"group_idyes"
"4343","PARM1","Exc L4-5 RORB GABRG1",0.0687624243609221,6.82473284190516,3.0977631374262,0.0791945773426541,0.999997068196745,0.999983379322086,"group_idyes"
"4344","AC110760.1","Exc L4-5 RORB GABRG1",-0.0469987319861506,0.347139761581652,0.0534289790346213,0.817323406768476,0.999997068196745,0.999983379322086,"group_idyes"
"4345","AC025244.1","Exc L4-5 RORB GABRG1",0.11198336443364,1.87036417239534,1.09241076082719,0.296593916614275,0.999997068196745,0.999983379322086,"group_idyes"
"4346","AC096759.1","Exc L4-5 RORB GABRG1",0.165790476208956,1.67290275872099,2.09156502554854,0.148928428862383,0.999997068196745,0.999983379322086,"group_idyes"
"4347","AC096759.2","Exc L4-5 RORB GABRG1",0.108904797657679,0.581559002125531,0.481767315534664,0.488041770973261,0.999997068196745,0.999983379322086,"group_idyes"
"4348","RCHY1","Exc L4-5 RORB GABRG1",-0.0021767255757188,5.16450826163418,0.0036136851592467,0.95209610502407,0.999997068196745,0.999983379322086,"group_idyes"
"4349","THAP6","Exc L4-5 RORB GABRG1",0.00309162012059624,4.1660467519028,0.00415951898621899,0.948610116246531,0.999997068196745,0.999983379322086,"group_idyes"
"4350","ODAPH","Exc L4-5 RORB GABRG1",0.12024371422476,0.830631809795791,0.876768986159834,0.357410176086172,0.999997068196745,0.999983379322086,"group_idyes"
"4351","CDKL2","Exc L4-5 RORB GABRG1",0.0192384796510479,5.16896674489833,0.321886552401198,0.570806988875727,0.999997068196745,0.999983379322086,"group_idyes"
"4352","G3BP2","Exc L4-5 RORB GABRG1",0.00826169816940792,6.90612423774278,0.0598156433865612,0.80691794585984,0.999997068196745,0.999983379322086,"group_idyes"
"4353","USO1","Exc L4-5 RORB GABRG1",-0.0364228656472994,6.18345046752565,2.06515836217762,0.392499648356244,0.999997068196745,0.999983379322086,"group_idyes"
"4354","PPEF2","Exc L4-5 RORB GABRG1",-0.132111376782006,1.43393315131169,1.23842291858885,0.266470049360125,0.999997068196745,0.999983379322086,"group_idyes"
"4355","NAAA","Exc L4-5 RORB GABRG1",-0.00942248191131609,4.78933102262903,0.0566911842745621,0.811930985557688,0.999997068196745,0.999983379322086,"group_idyes"
"4356","SDAD1","Exc L4-5 RORB GABRG1",-0.01344283075428,5.42878879036167,0.230030385880464,0.631773827059392,0.999997068196745,0.999983379322086,"group_idyes"
"4357","ART3","Exc L4-5 RORB GABRG1",-0.000809947923114185,5.6606019403167,7.43635905900542e-05,0.993124051226143,0.999997068196745,0.999983379322086,"group_idyes"
"4358","NUP54","Exc L4-5 RORB GABRG1",-0.0104895951696606,5.37299216965146,0.106859655224442,0.743925869772271,0.999997068196745,0.999983379322086,"group_idyes"
"4359","SCARB2","Exc L4-5 RORB GABRG1",-0.00411963261611671,6.38979276220981,0.0317113684663292,0.858756339803214,0.999997068196745,0.999983379322086,"group_idyes"
"4360","FAM47E","Exc L4-5 RORB GABRG1",0.106822212994959,0.865879969753527,0.699986476960201,0.40330759900103,0.999997068196745,0.999983379322086,"group_idyes"
"4361","FAM47E-STBD1","Exc L4-5 RORB GABRG1",-0.0298472721504209,2.88573836808895,0.218204595201926,0.640675783798961,0.999997068196745,0.999983379322086,"group_idyes"
"4362","CCDC158","Exc L4-5 RORB GABRG1",0.0730977878393446,2.77879876741884,0.66112507970388,0.416665912018715,0.999997068196745,0.999983379322086,"group_idyes"
"4363","SHROOM3","Exc L4-5 RORB GABRG1",-0.0855616462793697,6.12237754230159,2.62544071291437,0.105982612480651,0.999997068196745,0.999983379322086,"group_idyes"
"4364","AC107072.1","Exc L4-5 RORB GABRG1",0.0405427286191887,1.61820939044144,0.0889568128228505,0.76566857630327,0.999997068196745,0.999983379322086,"group_idyes"
"4365","SEPT11","Exc L4-5 RORB GABRG1",0.00264047953412253,7.26806924465475,0.00655976481949707,0.935490131958138,0.999997068196745,0.999983379322086,"group_idyes"
"4366","CCNI","Exc L4-5 RORB GABRG1",0.00557081603506928,7.70445984263914,0.00504944074376238,0.943387389952265,0.999997068196745,0.999983379322086,"group_idyes"
"4367","CCNG2","Exc L4-5 RORB GABRG1",0.137574863412003,5.80617065361535,6.25610091064271,0.0127914178254982,0.999997068196745,0.999983379322086,"group_idyes"
"4368","AC092674.1","Exc L4-5 RORB GABRG1",0.0562240204902632,0.722709885543834,0.125327673797845,0.72352046213671,0.999997068196745,0.999983379322086,"group_idyes"
"4369","CXCL13","Exc L4-5 RORB GABRG1",0.251759361642774,4.00161168036135,5.91169339170301,0.0154965018307437,0.999997068196745,0.999983379322086,"group_idyes"
"4370","CNOT6L","Exc L4-5 RORB GABRG1",-0.00660186618195898,6.5721314668288,0.0700686225350109,0.791378645776753,0.999997068196745,0.999983379322086,"group_idyes"
"4371","MRPL1","Exc L4-5 RORB GABRG1",-0.0045497842211896,5.68983811026804,0.0274198823555638,0.868566989046007,0.999997068196745,0.999983379322086,"group_idyes"
"4372","FRAS1","Exc L4-5 RORB GABRG1",-0.081317095769107,5.82145734062696,0.90381742795144,0.342357015518102,0.999997068196745,0.999983379322086,"group_idyes"
"4373","LINC01094","Exc L4-5 RORB GABRG1",-0.0159512908038582,-0.137769670298209,0.00439321413818992,0.947188279458536,0.999997068196745,0.999983379322086,"group_idyes"
"4374","BMP2K","Exc L4-5 RORB GABRG1",-0.0373488472025246,4.96392799151441,0.652138776638265,0.419848038041198,0.999997068196745,0.999983379322086,"group_idyes"
"4375","PAQR3","Exc L4-5 RORB GABRG1",0.0505719922920256,5.59717551116047,2.1517144407814,0.14322771354987,0.999997068196745,0.999983379322086,"group_idyes"
"4376","LINC01088","Exc L4-5 RORB GABRG1",0.0263846054090118,3.24498873623637,0.132741266939045,0.715806720931076,0.999997068196745,0.999983379322086,"group_idyes"
"4377","NAA11","Exc L4-5 RORB GABRG1",-0.0397761652411168,0.756383719976728,0.0828330744607649,0.773649177124063,0.999997068196745,0.999983379322086,"group_idyes"
"4378","ANTXR2","Exc L4-5 RORB GABRG1",0.0457759449970998,2.71205818567266,0.153777564289255,0.695168349210065,0.999997068196745,0.999983379322086,"group_idyes"
"4379","AC021127.1","Exc L4-5 RORB GABRG1",-0.175948646365381,1.0245364366008,1.89871805339941,0.16902278495215,0.999997068196745,0.999983379322086,"group_idyes"
"4380","PRDM8","Exc L4-5 RORB GABRG1",0.0667362519343275,5.13592261843217,1.48971628182394,0.22300802773774,0.999997068196745,0.999983379322086,"group_idyes"
"4381","FGF5","Exc L4-5 RORB GABRG1",0.0416359734049702,4.28846292238683,0.529252397819308,0.467363812708201,0.999997068196745,0.999983379322086,"group_idyes"
"4382","CFAP299","Exc L4-5 RORB GABRG1",0.17495960478455,6.23144330217787,6.29931647384505,0.0124882525521975,0.999997068196745,0.999983379322086,"group_idyes"
"4383","BMP3","Exc L4-5 RORB GABRG1",-0.0304764508410882,0.729632190087683,0.0428292407845709,0.836156623913867,0.999997068196745,0.999983379322086,"group_idyes"
"4384","PRKG2","Exc L4-5 RORB GABRG1",0.188397361432961,3.4437881569088,3.74811420490006,0.0535993281315335,0.999997068196745,0.999983379322086,"group_idyes"
"4385","AC139722.1","Exc L4-5 RORB GABRG1",-0.32756508387762,0.247675625676895,3.0538297611528,0.0813448156501926,0.999997068196745,0.999983379322086,"group_idyes"
"4386","RASGEF1B","Exc L4-5 RORB GABRG1",0.118584374929231,7.52753898189146,0.818214826662681,0.366268694446395,0.999997068196745,0.999983379322086,"group_idyes"
"4387","AC124016.2","Exc L4-5 RORB GABRG1",0.0317375100529899,4.12944812933166,0.237764906952227,0.626102835229322,0.999997068196745,0.999983379322086,"group_idyes"
"4388","HNRNPD","Exc L4-5 RORB GABRG1",-0.036638946086841,6.34980370788568,2.08497609597294,0.149568367660217,0.999997068196745,0.999983379322086,"group_idyes"
"4389","AC124016.1","Exc L4-5 RORB GABRG1",0.0357635726747338,3.02889680751485,0.335328678168472,0.562876967653395,0.999997068196745,0.999983379322086,"group_idyes"
"4390","HNRNPDL","Exc L4-5 RORB GABRG1",-0.0178148141762484,7.20697807690235,0.233910479807001,0.628914454229246,0.999997068196745,0.999983379322086,"group_idyes"
"4391","ENOPH1","Exc L4-5 RORB GABRG1",0.0192101888901173,5.09701718278215,0.255761433035592,0.613336801925057,0.999997068196745,0.999983379322086,"group_idyes"
"4392","TMEM150C","Exc L4-5 RORB GABRG1",-0.0590836267248689,5.04295989652015,1.9744089609337,0.160787584467473,0.999997068196745,0.999983379322086,"group_idyes"
"4393","SCD5","Exc L4-5 RORB GABRG1",-0.0224284066399094,7.0232962432211,0.619060914612691,0.431880858170049,0.999997068196745,0.999983379322086,"group_idyes"
"4394","SEC31A","Exc L4-5 RORB GABRG1",-0.0180012210084239,6.28508571685055,0.632528975617351,0.42691956973996,0.999997068196745,0.999983379322086,"group_idyes"
"4395","THAP9","Exc L4-5 RORB GABRG1",0.0839538275447278,2.16973828525741,1.02462334863781,0.312061012414957,0.999997068196745,0.999983379322086,"group_idyes"
"4396","LIN54","Exc L4-5 RORB GABRG1",-0.0406861518106698,5.30514803589379,1.3489485331594,0.246182087546654,0.999997068196745,0.999983379322086,"group_idyes"
"4397","COPS4","Exc L4-5 RORB GABRG1",-0.0564637665381269,5.08646047725115,1.94893374987456,0.163506821894482,0.999997068196745,0.999983379322086,"group_idyes"
"4398","AC114781.2","Exc L4-5 RORB GABRG1",-0.0843046089945532,1.13396050320482,0.450575678662781,0.502464510874743,0.999997068196745,0.999983379322086,"group_idyes"
"4399","COQ2","Exc L4-5 RORB GABRG1",-0.0384715447127374,1.93466729225095,0.209668252786157,0.795299893769061,0.999997068196745,0.999983379322086,"group_idyes"
"4400","HPSE","Exc L4-5 RORB GABRG1",-0.178130558954294,0.87194160414295,1.57811403208064,0.209794836634909,0.999997068196745,0.999983379322086,"group_idyes"
"4401","HELQ","Exc L4-5 RORB GABRG1",-0.0133154886843338,4.69272660907155,0.158754809100581,0.690526557908146,0.999997068196745,0.999983379322086,"group_idyes"
"4402","MRPS18C","Exc L4-5 RORB GABRG1",-0.0038071208376092,4.54160657512317,0.00675403219805521,0.934543994779132,0.999997068196745,0.999983379322086,"group_idyes"
"4403","ABRAXAS1","Exc L4-5 RORB GABRG1",-0.0137870791561314,2.68423589208923,0.0365715289235767,0.848440923221258,0.999997068196745,0.999983379322086,"group_idyes"
"4404","GPAT3","Exc L4-5 RORB GABRG1",-0.0794309213178605,4.55254675138948,2.51701223037982,0.113445308662077,0.999997068196745,0.999983379322086,"group_idyes"
"4405","CDS1","Exc L4-5 RORB GABRG1",-0.0392049523807431,5.62901120819198,0.846607224177762,0.358090462464671,0.999997068196745,0.999983379322086,"group_idyes"
"4406","WDFY3","Exc L4-5 RORB GABRG1",-0.0321038250013725,8.17902821084328,1.07040511374013,0.301503834717633,0.999997068196745,0.999983379322086,"group_idyes"
"4407","ARHGAP24","Exc L4-5 RORB GABRG1",0.0562817544780043,3.05259501757711,0.261115743848358,0.609647760655773,0.999997068196745,0.999983379322086,"group_idyes"
"4408","MAPK10","Exc L4-5 RORB GABRG1",0.0208486204072912,10.2191785022535,0.397657405316048,0.528675953025715,0.999997068196745,0.999983379322086,"group_idyes"
"4409","AC104827.1","Exc L4-5 RORB GABRG1",-0.0468376240581012,4.76848153812032,0.122953600082741,0.72604480283793,0.999997068196745,0.999983379322086,"group_idyes"
"4410","PTPN13","Exc L4-5 RORB GABRG1",-0.093780146092055,4.36377212954821,1.29268850198238,0.256260724666382,0.999997068196745,0.999983379322086,"group_idyes"
"4411","C4orf36","Exc L4-5 RORB GABRG1",-0.0744144610934874,0.920562196984403,0.34493729961513,0.557337601481274,0.999997068196745,0.999983379322086,"group_idyes"
"4412","AC093827.5","Exc L4-5 RORB GABRG1",0.181047779241921,1.52896061128774,3.42326599890998,0.0650502438826579,0.999997068196745,0.999983379322086,"group_idyes"
"4413","AFF1","Exc L4-5 RORB GABRG1",-0.0106017284072037,7.06505255514154,0.0718306215298973,0.788833444588539,0.999997068196745,0.999983379322086,"group_idyes"
"4414","KLHL8","Exc L4-5 RORB GABRG1",0.0256299896941202,5.92707961520574,0.929534427057419,0.33558953838395,0.999997068196745,0.999983379322086,"group_idyes"
"4415","HSD17B13","Exc L4-5 RORB GABRG1",-0.0411272922943632,2.83015494484857,0.186473362338049,0.666110059829485,0.999997068196745,0.999983379322086,"group_idyes"
"4416","HSD17B11","Exc L4-5 RORB GABRG1",-0.00959225690724738,4.70987815525395,0.0666374019902425,0.796435187091415,0.999997068196745,0.999983379322086,"group_idyes"
"4417","NUDT9","Exc L4-5 RORB GABRG1",0.003107744421785,4.80342265009207,0.00705163005344458,0.933120792718091,0.999997068196745,0.999983379322086,"group_idyes"
"4418","SPARCL1","Exc L4-5 RORB GABRG1",-0.0339532800851098,9.7347745335951,0.356192729511549,0.550979372494607,0.999997068196745,0.999983379322086,"group_idyes"
"4419","AC093895.1","Exc L4-5 RORB GABRG1",-0.123542841020071,1.9875811353527,0.864016052492519,0.353200102966026,0.999997068196745,0.999983379322086,"group_idyes"
"4420","SPP1","Exc L4-5 RORB GABRG1",0.0551342124949255,2.78574119099326,0.144032076832998,0.704514426710898,0.999997068196745,0.999983379322086,"group_idyes"
"4421","PKD2","Exc L4-5 RORB GABRG1",-0.0417509359766033,7.24195540599413,1.52381893039886,0.217795938257509,0.999997068196745,0.999983379322086,"group_idyes"
"4422","ABCG2","Exc L4-5 RORB GABRG1",-0.191395281333111,0.497158497183436,1.74252566011381,0.187603978864375,0.999997068196745,0.999983379322086,"group_idyes"
"4423","PPM1K","Exc L4-5 RORB GABRG1",0.00864903499988944,6.93327358063927,0.0657100800615933,0.797825500703772,0.999997068196745,0.999983379322086,"group_idyes"
"4424","AC107067.1","Exc L4-5 RORB GABRG1",-0.0851918833795698,2.68033839613439,0.987103697333033,0.321075740446406,0.999997068196745,0.999983379322086,"group_idyes"
"4425","HERC6","Exc L4-5 RORB GABRG1",-0.123050245242358,4.82495712399527,5.10656398151346,0.0243941430933691,0.999997068196745,0.999983379322086,"group_idyes"
"4426","PYURF","Exc L4-5 RORB GABRG1",0.0392457056385223,4.16021689842079,0.183383201227168,0.668721380731792,0.999997068196745,0.999983379322086,"group_idyes"
"4427","AC098582.1","Exc L4-5 RORB GABRG1",-0.0148865231062162,3.17240118521485,0.0535742652941373,0.817079613386366,0.999997068196745,0.999983379322086,"group_idyes"
"4428","HERC3","Exc L4-5 RORB GABRG1",0.000327865492148817,5.95380976385289,7.11395968682646e-05,0.993274750656006,0.999997068196745,0.999983379322086,"group_idyes"
"4429","NAP1L5","Exc L4-5 RORB GABRG1",-0.0447913844417984,5.44467918000725,0.258739836218612,0.611278791624147,0.999997068196745,0.999983379322086,"group_idyes"
"4430","FAM13A-AS1","Exc L4-5 RORB GABRG1",0.00193167367388152,3.98125954548374,0.00137636916461822,0.970424952820303,0.999997068196745,0.999983379322086,"group_idyes"
"4431","FAM13A","Exc L4-5 RORB GABRG1",0.0690464295409829,8.4705575701943,2.68831576322517,0.101903985563299,0.999997068196745,0.999983379322086,"group_idyes"
"4432","TIGD2","Exc L4-5 RORB GABRG1",0.0807859830718403,1.2546532272881,0.609819246151399,0.435336105427917,0.999997068196745,0.999983379322086,"group_idyes"
"4433","GPRIN3","Exc L4-5 RORB GABRG1",0.0824873545327985,1.41792565944193,0.217278223016438,0.64138544604573,0.999997068196745,0.999983379322086,"group_idyes"
"4434","AC097478.1","Exc L4-5 RORB GABRG1",0.0395023377606993,4.35123509286584,0.0902503223987158,0.764021429185744,0.999997068196745,0.999983379322086,"group_idyes"
"4435","SNCA","Exc L4-5 RORB GABRG1",-0.0253446355683947,8.15191216589907,0.750183994977327,0.386957791025264,0.999997068196745,0.999983379322086,"group_idyes"
"4436","CCSER1","Exc L4-5 RORB GABRG1",-0.0452478418135635,10.389567410143,0.844139126126995,0.358791305172774,0.999997068196745,0.999983379322086,"group_idyes"
"4437","AC004054.1","Exc L4-5 RORB GABRG1",-0.023224497150098,1.18153533149801,0.0199377306470384,0.887785036383069,0.999997068196745,0.999983379322086,"group_idyes"
"4438","GRID2","Exc L4-5 RORB GABRG1",0.0388172682919219,5.96602121411136,0.178508272942082,0.672894380173719,0.999997068196745,0.999983379322086,"group_idyes"
"4439","AC096746.1","Exc L4-5 RORB GABRG1",0.0229655831706979,0.977928303546191,0.0291428426911309,0.864539379403806,0.999997068196745,0.999983379322086,"group_idyes"
"4440","SMARCAD1","Exc L4-5 RORB GABRG1",-0.0304411077238337,6.31033312492641,1.12597587755488,0.289300983063818,0.999997068196745,0.999983379322086,"group_idyes"
"4441","HPGDS","Exc L4-5 RORB GABRG1",0.152372800448904,0.511436859080713,0.983248349609876,0.322021378084382,0.999997068196745,0.999983379322086,"group_idyes"
"4442","PDLIM5","Exc L4-5 RORB GABRG1",-0.200564299859765,1.08791958920099,2.3229790022859,0.12829724366784,0.999997068196745,0.999983379322086,"group_idyes"
"4443","BMPR1B","Exc L4-5 RORB GABRG1",-0.130746383317594,1.57221881946548,1.14221848579524,0.285854139280472,0.999997068196745,0.999983379322086,"group_idyes"
"4444","UNC5C","Exc L4-5 RORB GABRG1",-0.00837248554002283,7.68654638042297,0.0231222519557335,0.879219299231202,0.999997068196745,0.999983379322086,"group_idyes"
"4445","AC106881.1","Exc L4-5 RORB GABRG1",-0.0173201525754879,1.64251729616999,0.0242672425390219,0.876288557998675,0.999997068196745,0.999983379322086,"group_idyes"
"4446","LINC02267","Exc L4-5 RORB GABRG1",0.199736031408863,1.74914407022245,3.12426623302186,0.07792721967447,0.999997068196745,0.999983379322086,"group_idyes"
"4447","STPG2","Exc L4-5 RORB GABRG1",0.0461579055460923,5.60947151977908,0.745709306969401,0.3883761217167,0.999997068196745,0.999983379322086,"group_idyes"
"4448","AC019077.1","Exc L4-5 RORB GABRG1",-0.00689193620202162,1.58123014756161,0.00558759270020686,0.940452314958568,0.999997068196745,0.999983379322086,"group_idyes"
"4449","RAP1GDS1","Exc L4-5 RORB GABRG1",-0.00902524004914821,7.17903429191896,0.113938927574373,0.735887615413813,0.999997068196745,0.999983379322086,"group_idyes"
"4450","TSPAN5","Exc L4-5 RORB GABRG1",0.030382203050111,9.13622338155552,1.26489541302986,0.261427669979481,0.999997068196745,0.999983379322086,"group_idyes"
"4451","AC108159.1","Exc L4-5 RORB GABRG1",-0.0654181507503793,0.883834557127951,0.217096007168323,0.64152525215896,0.999997068196745,0.999983379322086,"group_idyes"
"4452","AC114811.2","Exc L4-5 RORB GABRG1",-0.035985292095827,1.95148857424702,0.186911547145837,0.830095351148547,0.999997068196745,0.999983379322086,"group_idyes"
"4453","EIF4E","Exc L4-5 RORB GABRG1",0.00337146669744835,6.23756170590528,0.0164604645099475,0.897979915076814,0.999997068196745,0.999983379322086,"group_idyes"
"4454","AC019131.1","Exc L4-5 RORB GABRG1",0.017329231793045,1.89869816115935,0.0327474032713499,0.856492351901287,0.999997068196745,0.999983379322086,"group_idyes"
"4455","METAP1","Exc L4-5 RORB GABRG1",-0.00234543081436236,4.40355435528604,0.00383273192465064,0.950667400081175,0.999997068196745,0.999983379322086,"group_idyes"
"4456","AC019131.2","Exc L4-5 RORB GABRG1",0.0660307418376342,1.09890136606316,0.329265456414891,0.566427226550264,0.999997068196745,0.999983379322086,"group_idyes"
"4457","ADH5","Exc L4-5 RORB GABRG1",0.0711262347364537,4.7196964525774,2.41420623167984,0.121061099515185,0.999997068196745,0.999983379322086,"group_idyes"
"4458","AP002026.1","Exc L4-5 RORB GABRG1",-0.124404153855124,1.35398776386846,1.13017570354279,0.288404680721973,0.999997068196745,0.999983379322086,"group_idyes"
"4459","TRMT10A","Exc L4-5 RORB GABRG1",0.0437087147602858,2.61952494317124,0.353417590007634,0.552534296446427,0.999997068196745,0.999983379322086,"group_idyes"
"4460","MTTP","Exc L4-5 RORB GABRG1",0.0680609034276452,0.913398627874163,0.105817428347729,0.745133956841887,0.999997068196745,0.999983379322086,"group_idyes"
"4461","AC083902.1","Exc L4-5 RORB GABRG1",-0.0828210573699237,0.379307900824732,0.201218403696332,0.653991711934346,0.999997068196745,0.999983379322086,"group_idyes"
"4462","C4orf54","Exc L4-5 RORB GABRG1",-0.321070614881465,0.373652528967122,3.05478068886225,0.0812976107685723,0.999997068196745,0.999983379322086,"group_idyes"
"4463","LAMTOR3","Exc L4-5 RORB GABRG1",0.0202343839159205,4.45638530297735,0.157650425095516,0.691549159340004,0.999997068196745,0.999983379322086,"group_idyes"
"4464","DNAJB14","Exc L4-5 RORB GABRG1",0.0185369680651969,7.09065243140596,0.564828504077926,0.738205562315955,0.999997068196745,0.999983379322086,"group_idyes"
"4465","H2AFZ","Exc L4-5 RORB GABRG1",0.0236643069664906,5.6663509791997,0.0515500490175527,0.82050828920317,0.999997068196745,0.999983379322086,"group_idyes"
"4466","AC097460.1","Exc L4-5 RORB GABRG1",-0.0517238297745911,3.59645940706233,0.448435672045643,0.503480456126574,0.999997068196745,0.999983379322086,"group_idyes"
"4467","EMCN","Exc L4-5 RORB GABRG1",0.0527321219692457,1.14229808483849,0.213874886029222,0.644008550507439,0.999997068196745,0.999983379322086,"group_idyes"
"4468","PPP3CA","Exc L4-5 RORB GABRG1",0.0412699448284257,10.3730623092559,1.71174789225036,0.191539831723674,0.999997068196745,0.999983379322086,"group_idyes"
"4469","AP001816.1","Exc L4-5 RORB GABRG1",0.0339913262925137,2.72418256079849,0.168865157553172,0.681351139236726,0.999997068196745,0.999983379322086,"group_idyes"
"4470","BANK1","Exc L4-5 RORB GABRG1",0.0790943894802152,4.31429095968269,1.62033278154293,0.203814049948646,0.999997068196745,0.999983379322086,"group_idyes"
"4471","AP002075.1","Exc L4-5 RORB GABRG1",-0.0598559102651899,1.95983108487958,0.22050558726791,0.638920981056217,0.999997068196745,0.999983379322086,"group_idyes"
"4472","SLC39A8","Exc L4-5 RORB GABRG1",-0.00173728130169171,3.931150498433,0.000795533658802471,0.977513109561596,0.999997068196745,0.999983379322086,"group_idyes"
"4473","AF213884.3","Exc L4-5 RORB GABRG1",0.102537931022558,0.438535550423684,0.470991905897578,0.492944586003653,0.999997068196745,0.999983379322086,"group_idyes"
"4474","NFKB1","Exc L4-5 RORB GABRG1",0.00423972827397275,6.39922961298069,0.015143945746674,0.902123259868041,0.999997068196745,0.999983379322086,"group_idyes"
"4475","MANBA","Exc L4-5 RORB GABRG1",0.00553900108739256,6.16136607676683,0.0182732235961005,0.892541449694431,0.999997068196745,0.999983379322086,"group_idyes"
"4476","UBE2D3","Exc L4-5 RORB GABRG1",0.00885224113683941,7.65354418893946,0.0730635285389434,0.787072357669179,0.999997068196745,0.999983379322086,"group_idyes"
"4477","AC018797.2","Exc L4-5 RORB GABRG1",0.0728993838407089,3.67288858646267,1.44658771342031,0.229815933120104,0.999997068196745,0.999983379322086,"group_idyes"
"4478","CISD2","Exc L4-5 RORB GABRG1",0.0182949563045589,4.6116032929271,0.13487249850126,0.71363453603998,0.999997068196745,0.999983379322086,"group_idyes"
"4479","SLC9B1","Exc L4-5 RORB GABRG1",-0.0329881250770801,3.46913018046266,0.228331457591522,0.633035172509433,0.999997068196745,0.999983379322086,"group_idyes"
"4480","SLC9B2","Exc L4-5 RORB GABRG1",0.00490181960740537,6.38570148568945,0.0454333553235356,0.83132207521658,0.999997068196745,0.999983379322086,"group_idyes"
"4481","CENPE","Exc L4-5 RORB GABRG1",0.060404414059783,2.23959004638076,0.448870020181183,0.503273970142675,0.999997068196745,0.999983379322086,"group_idyes"
"4482","LINC02428","Exc L4-5 RORB GABRG1",-0.00716137579782526,0.668799972141945,0.00305092919910414,0.955979744772994,0.999997068196745,0.999983379322086,"group_idyes"
"4483","TACR3","Exc L4-5 RORB GABRG1",-0.135403359325024,0.847356578634285,0.732176607901467,0.392711153217746,0.999997068196745,0.999983379322086,"group_idyes"
"4484","LINC02503","Exc L4-5 RORB GABRG1",0.164218469551397,0.31951555333858,0.911172370109699,0.340402913957161,0.999997068196745,0.999983379322086,"group_idyes"
"4485","AC004052.1","Exc L4-5 RORB GABRG1",-0.278772327550083,0.388055441713814,3.27662206283929,0.0710535234288818,0.999997068196745,0.999983379322086,"group_idyes"
"4486","CXXC4","Exc L4-5 RORB GABRG1",0.0951920717423179,6.69639653680197,2.1225540150508,0.145959987676521,0.999997068196745,0.999983379322086,"group_idyes"
"4487","CXXC4-AS1","Exc L4-5 RORB GABRG1",0.0122810147815056,6.4734650360328,0.0489089839294335,0.825090039834226,0.999997068196745,0.999983379322086,"group_idyes"
"4488","AC004053.1","Exc L4-5 RORB GABRG1",-0.107844563164726,2.39194028706559,0.768143565489334,0.381338868753739,0.999997068196745,0.999983379322086,"group_idyes"
"4489","AC096577.1","Exc L4-5 RORB GABRG1",0.0226378059500727,2.57359165191803,0.0578010830835674,0.810133848324078,0.999997068196745,0.999983379322086,"group_idyes"
"4490","TET2","Exc L4-5 RORB GABRG1",0.0112392879284729,6.06509724407641,0.0665160551159732,0.796616530593088,0.999997068196745,0.999983379322086,"group_idyes"
"4491","PPA2","Exc L4-5 RORB GABRG1",0.0107883410936212,7.24140849913139,0.137911031967268,0.710571046627399,0.999997068196745,0.999983379322086,"group_idyes"
"4492","ARHGEF38","Exc L4-5 RORB GABRG1",-0.0367252420123883,1.01628749401231,0.0802794260194604,0.777071496517948,0.999997068196745,0.999983379322086,"group_idyes"
"4493","INTS12","Exc L4-5 RORB GABRG1",-0.0390971098227714,3.90490309727715,0.57319944832442,0.774102093490602,0.999997068196745,0.999983379322086,"group_idyes"
"4494","GSTCD","Exc L4-5 RORB GABRG1",-0.0164317604757357,5.51003525413495,0.165499554294803,0.684369089522395,0.999997068196745,0.999983379322086,"group_idyes"
"4495","AC109361.1","Exc L4-5 RORB GABRG1",0.0345000116318701,2.43585413586727,0.189307692929958,0.663737411026901,0.999997068196745,0.999983379322086,"group_idyes"
"4496","TBCK","Exc L4-5 RORB GABRG1",0.021391256995522,7.78190841331872,0.382191663004425,0.536798425051204,0.999997068196745,0.999983379322086,"group_idyes"
"4497","AIMP1","Exc L4-5 RORB GABRG1",-0.0320939411298235,4.5652023514311,0.562051095606475,0.453893182342864,0.999997068196745,0.999983379322086,"group_idyes"
"4498","DKK2","Exc L4-5 RORB GABRG1",0.0462341726388088,3.288439943794,0.242061034917258,0.623002078004271,0.999997068196745,0.999983379322086,"group_idyes"
"4499","PAPSS1","Exc L4-5 RORB GABRG1",-0.0371874999173766,6.62194474910754,1.7012535843099,0.192903869666974,0.999997068196745,0.999983379322086,"group_idyes"
"4500","SGMS2","Exc L4-5 RORB GABRG1",-0.108792609600196,2.56557625421891,1.52999226466872,0.216868094284036,0.999997068196745,0.999983379322086,"group_idyes"
"4501","AC096564.1","Exc L4-5 RORB GABRG1",-0.0572380243163716,5.46872441008676,1.00109478576999,0.317674620199594,0.999997068196745,0.999983379322086,"group_idyes"
"4502","CYP2U1","Exc L4-5 RORB GABRG1",0.0100652912893627,4.62041142716361,0.0430978155202702,0.835651043253378,0.999997068196745,0.999983379322086,"group_idyes"
"4503","HADH","Exc L4-5 RORB GABRG1",-0.00390356175707329,4.44092626131087,0.00981208221403473,0.921145433822852,0.999997068196745,0.999983379322086,"group_idyes"
"4504","RPL34-AS1","Exc L4-5 RORB GABRG1",0.0155555212685161,4.49636219402866,0.059705843972398,0.807091730076895,0.999997068196745,0.999983379322086,"group_idyes"
"4505","RPL34","Exc L4-5 RORB GABRG1",0.074832210280985,5.28625262987211,0.330955249155238,0.565433437709469,0.999997068196745,0.999983379322086,"group_idyes"
"4506","OSTC","Exc L4-5 RORB GABRG1",0.00737878104955509,3.47589924486537,0.014191998281333,0.90523440468252,0.999997068196745,0.999983379322086,"group_idyes"
"4507","COL25A1","Exc L4-5 RORB GABRG1",-0.0238847681076372,4.52282022620541,0.201751758661452,0.653563490212437,0.999997068196745,0.999983379322086,"group_idyes"
"4508","SEC24B-AS1","Exc L4-5 RORB GABRG1",0.0142701271877087,4.28767706635829,0.0587579220880205,0.808599141412316,0.999997068196745,0.999983379322086,"group_idyes"
"4509","SEC24B","Exc L4-5 RORB GABRG1",0.0308314975917354,6.55075152287872,1.23657001785187,0.266827505746875,0.999997068196745,0.999983379322086,"group_idyes"
"4510","MCUB","Exc L4-5 RORB GABRG1",-0.0224064842421278,2.19220489821131,0.0535806161865758,0.817068964406355,0.999997068196745,0.999983379322086,"group_idyes"
"4511","CASP6","Exc L4-5 RORB GABRG1",0.0396261126323519,3.54986890873252,0.229476560191952,0.632184375988765,0.999997068196745,0.999983379322086,"group_idyes"
"4512","PLA2G12A","Exc L4-5 RORB GABRG1",0.00513722395721451,4.55518165641749,0.0184207564777294,0.990891343779645,0.999997068196745,0.999983379322086,"group_idyes"
"4513","GAR1","Exc L4-5 RORB GABRG1",-0.00207566515877506,3.09562502140243,0.00123812593203009,0.971948866217626,0.999997068196745,0.999983379322086,"group_idyes"
"4514","RRH","Exc L4-5 RORB GABRG1",0.0162733951732703,2.99848814502676,0.0621263114668106,0.803299258053464,0.999997068196745,0.999983379322086,"group_idyes"
"4515","LRIT3","Exc L4-5 RORB GABRG1",0.0784245726733768,1.3720617553174,0.600925312519422,0.438701391055039,0.999997068196745,0.999983379322086,"group_idyes"
"4516","EGF","Exc L4-5 RORB GABRG1",0.089583491470141,0.596379833038949,0.312667876075536,0.57637300904231,0.999997068196745,0.999983379322086,"group_idyes"
"4517","ELOVL6","Exc L4-5 RORB GABRG1",-0.0207423264926713,6.55330705939054,0.307510027024864,0.57953437815337,0.999997068196745,0.999983379322086,"group_idyes"
"4518","ENPEP","Exc L4-5 RORB GABRG1",-0.0193602539944233,3.03041580601161,0.0240923227157474,0.876731633113097,0.999997068196745,0.999983379322086,"group_idyes"
"4519","AC004704.1","Exc L4-5 RORB GABRG1",-0.14093631995783,1.83978206702645,0.443765583713498,0.505709781822798,0.999997068196745,0.999983379322086,"group_idyes"
"4520","FAM241A","Exc L4-5 RORB GABRG1",0.041543901288762,3.15625609053164,0.280699601217599,0.596548644715103,0.999997068196745,0.999983379322086,"group_idyes"
"4521","AC109347.1","Exc L4-5 RORB GABRG1",-0.0895177436045777,0.92418705702403,0.51371567454744,0.473969649543845,0.999997068196745,0.999983379322086,"group_idyes"
"4522","AP1AR","Exc L4-5 RORB GABRG1",0.0481324860933447,4.67946040783374,1.15794446802249,0.28256657468442,0.999997068196745,0.999983379322086,"group_idyes"
"4523","TIFA","Exc L4-5 RORB GABRG1",0.0662860099987286,1.24945362512099,0.290883041303837,0.58996719079803,0.999997068196745,0.999983379322086,"group_idyes"
"4524","ALPK1","Exc L4-5 RORB GABRG1",-0.00349256727159101,1.32676979562453,0.00118205140786813,0.972591184937964,0.999997068196745,0.999983379322086,"group_idyes"
"4525","AC023886.1","Exc L4-5 RORB GABRG1",0.0279079507514789,0.573255613245588,0.0338767929336429,0.85406610770762,0.999997068196745,0.999983379322086,"group_idyes"
"4526","ZGRF1","Exc L4-5 RORB GABRG1",0.0321068803972666,4.51952111704108,0.457977160886885,0.49897753873072,0.999997068196745,0.999983379322086,"group_idyes"
"4527","LARP7","Exc L4-5 RORB GABRG1",0.0366532493594149,4.8103392011027,0.563365011732371,0.45336639486211,0.999997068196745,0.999983379322086,"group_idyes"
"4528","ANK2","Exc L4-5 RORB GABRG1",-0.00800230194965846,10.5342658216281,0.0625179165640534,0.802693096325029,0.999997068196745,0.999983379322086,"group_idyes"
"4529","AC093879.1","Exc L4-5 RORB GABRG1",-0.0180246658262538,4.05079274297975,0.0200729414596279,0.887407714753159,0.999997068196745,0.999983379322086,"group_idyes"
"4530","CAMK2D","Exc L4-5 RORB GABRG1",-0.0521882826317013,7.40334955591862,1.82858146701898,0.177089503929006,0.999997068196745,0.999983379322086,"group_idyes"
"4531","ARSJ","Exc L4-5 RORB GABRG1",-0.0694324046952997,3.90029871699372,0.660494257504624,0.416888117155149,0.999997068196745,0.999983379322086,"group_idyes"
"4532","UGT8","Exc L4-5 RORB GABRG1",-0.21780116399168,1.08039319686153,1.8676473419752,0.172542883719804,0.999997068196745,0.999983379322086,"group_idyes"
"4533","NDST4","Exc L4-5 RORB GABRG1",-0.135600951269466,0.352523374431197,0.689877642384325,0.40672113202533,0.999997068196745,0.999983379322086,"group_idyes"
"4534","TRAM1L1","Exc L4-5 RORB GABRG1",0.0254626172686736,1.55352751029596,0.0760964501713763,0.7828068950789,0.999997068196745,0.999983379322086,"group_idyes"
"4535","LINC02262","Exc L4-5 RORB GABRG1",-0.107818266236164,0.123686969560823,0.290335777272337,0.590317075386669,0.999997068196745,0.999983379322086,"group_idyes"
"4536","LINC01378","Exc L4-5 RORB GABRG1",-0.0610588296994429,4.58708574960353,0.193010229609406,0.660669600718809,0.999997068196745,0.999983379322086,"group_idyes"
"4537","NDST3","Exc L4-5 RORB GABRG1",-0.0229003995763349,6.36726374269787,0.15284224615138,0.696050274836791,0.999997068196745,0.999983379322086,"group_idyes"
"4538","SNHG8","Exc L4-5 RORB GABRG1",0.0268707256767376,3.23556311813377,0.055998398331629,0.81306217709915,0.999997068196745,0.999983379322086,"group_idyes"
"4539","PRSS12","Exc L4-5 RORB GABRG1",-0.0955564966469235,3.67170899558143,0.852249654633673,0.35649529921964,0.999997068196745,0.999983379322086,"group_idyes"
"4540","AC110079.2","Exc L4-5 RORB GABRG1",0.0472892685496723,2.0396166148388,0.334610419499091,0.563295290035873,0.999997068196745,0.999983379322086,"group_idyes"
"4541","METTL14","Exc L4-5 RORB GABRG1",0.0117529821951033,5.17066766180852,0.138620852960862,0.709860941281942,0.999997068196745,0.999983379322086,"group_idyes"
"4542","SEC24D","Exc L4-5 RORB GABRG1",-0.0580232782068084,5.91655194163304,1.53508862045595,0.216105676695741,0.999997068196745,0.999983379322086,"group_idyes"
"4543","SYNPO2","Exc L4-5 RORB GABRG1",-0.013020078547802,6.90138777256821,0.0927447615591912,0.760880999457336,0.999997068196745,0.999983379322086,"group_idyes"
"4544","MYOZ2","Exc L4-5 RORB GABRG1",0.00580870217539611,1.68205435996039,0.00260788885416649,0.959298241787793,0.999997068196745,0.999983379322086,"group_idyes"
"4545","USP53","Exc L4-5 RORB GABRG1",-0.0181040751114803,5.12661897889564,0.254201984578196,0.614420356703142,0.999997068196745,0.999983379322086,"group_idyes"
"4546","C4orf3","Exc L4-5 RORB GABRG1",0.00941178648454901,5.32542967998682,0.017796903404068,0.893942814619338,0.999997068196745,0.999983379322086,"group_idyes"
"4547","PDE5A","Exc L4-5 RORB GABRG1",-0.0409468943767756,5.46173155112977,0.0777938509700693,0.78045954205336,0.999997068196745,0.999983379322086,"group_idyes"
"4548","MAD2L1","Exc L4-5 RORB GABRG1",0.0279353171365309,2.46537400992866,0.127832833890721,0.720885752915671,0.999997068196745,0.999983379322086,"group_idyes"
"4549","AC108866.1","Exc L4-5 RORB GABRG1",-0.0485586693878257,5.05555452499244,0.59276348120249,0.441824948288512,0.999997068196745,0.999983379322086,"group_idyes"
"4550","PRDM5","Exc L4-5 RORB GABRG1",-0.0454135975138317,4.79534645711294,0.578786700057507,0.447254301960131,0.999997068196745,0.999983379322086,"group_idyes"
"4551","ANXA5","Exc L4-5 RORB GABRG1",-0.0300566379813648,3.7729662617353,0.296399646239119,0.58646377044009,0.999997068196745,0.999983379322086,"group_idyes"
"4552","AC079341.1","Exc L4-5 RORB GABRG1",0.0659792685977689,1.58030936983766,0.414821520884242,0.519916157367934,0.999997068196745,0.999983379322086,"group_idyes"
"4553","EXOSC9","Exc L4-5 RORB GABRG1",-0.00575241279133842,3.75747028893984,0.0186827493638868,0.891351398233485,0.999997068196745,0.999983379322086,"group_idyes"
"4554","CCNA2","Exc L4-5 RORB GABRG1",0.104329192651712,2.43150716788729,0.880490353882646,0.348656109221042,0.999997068196745,0.999983379322086,"group_idyes"
"4555","BBS7","Exc L4-5 RORB GABRG1",0.0152004260660315,6.47651162935087,0.241498158890485,0.623406383056752,0.999997068196745,0.999983379322086,"group_idyes"
"4556","TRPC3","Exc L4-5 RORB GABRG1",0.0437467445660971,4.31406677200823,0.228891875206472,0.632618462537898,0.999997068196745,0.999983379322086,"group_idyes"
"4557","KIAA1109","Exc L4-5 RORB GABRG1",0.0452676135754379,7.7760571151311,2.35789402122718,0.125472310260895,0.999997068196745,0.999983379322086,"group_idyes"
"4558","BBS12","Exc L4-5 RORB GABRG1",0.124999401889027,2.48085055679811,2.59714972035563,0.107876121008548,0.999997068196745,0.999983379322086,"group_idyes"
"4559","FGF2","Exc L4-5 RORB GABRG1",0.115783478524532,1.59933176378803,0.95108347189058,0.330056446886424,0.999997068196745,0.999983379322086,"group_idyes"
"4560","NUDT6","Exc L4-5 RORB GABRG1",0.0033786626263155,3.80340014555769,0.00517652903517381,0.942680598303594,0.999997068196745,0.999983379322086,"group_idyes"
"4561","SPATA5","Exc L4-5 RORB GABRG1",-0.00483332126665766,6.15350208965379,0.0138594839515486,0.906345955962811,0.999997068196745,0.999983379322086,"group_idyes"
"4562","LINC01091","Exc L4-5 RORB GABRG1",-0.102930055769645,1.35962244019239,0.910298408796718,0.340634323138272,0.999997068196745,0.999983379322086,"group_idyes"
"4563","AC121154.1","Exc L4-5 RORB GABRG1",-0.00906391955377206,0.158229581723303,0.00217101958180378,0.962860829904012,0.999997068196745,0.999983379322086,"group_idyes"
"4564","ANKRD50","Exc L4-5 RORB GABRG1",0.00576664215414889,4.10183759445381,0.0123941891576605,0.911413363225374,0.999997068196745,0.999983379322086,"group_idyes"
"4565","FAT4","Exc L4-5 RORB GABRG1",-0.271714788345672,0.50010798415051,3.03994268258014,0.0820375753418188,0.999997068196745,0.999983379322086,"group_idyes"
"4566","AC096773.1","Exc L4-5 RORB GABRG1",-0.448753982441494,0.257953719911192,6.28608867986787,0.0125802522331926,0.999997068196745,0.999983379322086,"group_idyes"
"4567","INTU","Exc L4-5 RORB GABRG1",0.0101658413086798,6.08914737903615,0.0717250135947017,0.788985046230654,0.999997068196745,0.999983379322086,"group_idyes"
"4568","SLC25A31","Exc L4-5 RORB GABRG1",-0.0420541951951174,1.04821405173811,0.0937433234823103,0.759636782502317,0.999997068196745,0.999983379322086,"group_idyes"
"4569","HSPA4L","Exc L4-5 RORB GABRG1",0.050276690970096,6.78022133409358,1.09363122949972,0.296324630316392,0.999997068196745,0.999983379322086,"group_idyes"
"4570","PLK4","Exc L4-5 RORB GABRG1",-0.0620069045474893,0.769806469101361,0.186642438003066,0.665967926422294,0.999997068196745,0.999983379322086,"group_idyes"
"4571","MFSD8","Exc L4-5 RORB GABRG1",-0.0484103839882009,5.02212171757957,1.32687578463131,0.250077073484985,0.999997068196745,0.999983379322086,"group_idyes"
"4572","ABHD18","Exc L4-5 RORB GABRG1",-0.0290300367901098,6.43145198080728,0.708925680757332,0.4003237609171,0.999997068196745,0.999983379322086,"group_idyes"
"4573","LARP1B","Exc L4-5 RORB GABRG1",-0.0244891471912431,7.30971564186756,0.622014376335152,0.430785424293595,0.999997068196745,0.999983379322086,"group_idyes"
"4574","PGRMC2","Exc L4-5 RORB GABRG1",0.0173468900085443,5.01433952952179,0.149246937318259,0.699469614781716,0.999997068196745,0.999983379322086,"group_idyes"
"4575","AC108062.1","Exc L4-5 RORB GABRG1",0.0376187423219996,4.19314627455334,0.325800760222063,0.568475509166753,0.999997068196745,0.999983379322086,"group_idyes"
"4576","JADE1","Exc L4-5 RORB GABRG1",0.0705737277687857,5.84758811159719,4.54479523892049,0.0336519865300256,0.999997068196745,0.999983379322086,"group_idyes"
"4577","SCLT1","Exc L4-5 RORB GABRG1",-0.00998195040551583,7.05568997017261,0.0639213727602392,0.800537114217525,0.999997068196745,0.999983379322086,"group_idyes"
"4578","C4orf33","Exc L4-5 RORB GABRG1",0.0153204509819041,3.75742995255337,0.0918501554422204,0.762001918854549,0.999997068196745,0.999983379322086,"group_idyes"
"4579","LINC02465","Exc L4-5 RORB GABRG1",0.218946042064379,3.00384444204424,2.17081203940066,0.141469621852634,0.999997068196745,0.999983379322086,"group_idyes"
"4580","SNHG27","Exc L4-5 RORB GABRG1",-0.0249511737762693,0.975990252030603,0.0189515170146456,0.890577588267937,0.999997068196745,0.999983379322086,"group_idyes"
"4581","AC096711.2","Exc L4-5 RORB GABRG1",0.0463550229140543,6.89338351598797,0.631732979751443,0.427210390778306,0.999997068196745,0.999983379322086,"group_idyes"
"4582","AC096711.3","Exc L4-5 RORB GABRG1",0.117208527249423,0.551917669882827,0.481744915688675,0.488051878408385,0.999997068196745,0.999983379322086,"group_idyes"
"4583","LINC01256","Exc L4-5 RORB GABRG1",-0.0378870271858276,0.610685371950319,0.0764540781133813,0.782310001497172,0.999997068196745,0.999983379322086,"group_idyes"
"4584","AC115622.1","Exc L4-5 RORB GABRG1",-0.054883156478733,4.33131385665929,0.423561848903695,0.515553572119408,0.999997068196745,0.999983379322086,"group_idyes"
"4585","AC110751.1","Exc L4-5 RORB GABRG1",-0.202191380552391,0.783813093237451,1.97029054216695,0.161223658292762,0.999997068196745,0.999983379322086,"group_idyes"
"4586","AC105383.1","Exc L4-5 RORB GABRG1",0.0124876945364153,5.6513783095325,0.0827221886130964,0.77379658741029,0.999997068196745,0.999983379322086,"group_idyes"
"4587","PCDH10","Exc L4-5 RORB GABRG1",0.0643283261549109,6.68710349125434,2.88083850451471,0.0904480510724725,0.999997068196745,0.999983379322086,"group_idyes"
"4588","AC079380.1","Exc L4-5 RORB GABRG1",-0.715198870682998,0.316767943501875,7.82550575071389,0.00541024823100252,0.999997068196745,0.999983379322086,"group_idyes"
"4589","AC107463.1","Exc L4-5 RORB GABRG1",0.151822625985183,0.249048529163369,0.723399512933471,0.395560079480421,0.999997068196745,0.999983379322086,"group_idyes"
"4590","LINC02485","Exc L4-5 RORB GABRG1",0.18231582017191,-0.156885925007462,0.686336653498235,0.407926861372402,0.999997068196745,0.999983379322086,"group_idyes"
"4591","AC018680.1","Exc L4-5 RORB GABRG1",0.0714432385181739,1.58079359585886,0.187271770572459,0.665439548820118,0.999997068196745,0.999983379322086,"group_idyes"
"4592","LINC02511","Exc L4-5 RORB GABRG1",-0.0938857361226675,0.334971214344748,0.297212379208446,0.58595120856854,0.999997068196745,0.999983379322086,"group_idyes"
"4593","LINC00616","Exc L4-5 RORB GABRG1",0.0671392665597919,1.03864477424712,0.209809202735445,0.647175588810666,0.999997068196745,0.999983379322086,"group_idyes"
"4594","SLC7A11","Exc L4-5 RORB GABRG1",-0.0368838842745418,1.35162100278656,0.0441205793576343,0.833740626272233,0.999997068196745,0.999983379322086,"group_idyes"
"4595","LINC00498","Exc L4-5 RORB GABRG1",-0.130515636485436,0.0914561462397612,0.366935323120325,0.545036723755614,0.999997068196745,0.999983379322086,"group_idyes"
"4596","LINC00499","Exc L4-5 RORB GABRG1",0.0114306901407977,0.564173239546456,0.00476050253876873,0.94502833478225,0.999997068196745,0.999983379322086,"group_idyes"
"4597","AC109927.1","Exc L4-5 RORB GABRG1",0.062572007867304,4.22925477803464,0.434259674538771,0.510300366209909,0.999997068196745,0.999983379322086,"group_idyes"
"4598","NOCT","Exc L4-5 RORB GABRG1",-0.0771266818929904,3.16612297635394,1.0725602511422,0.301018367034586,0.999997068196745,0.999983379322086,"group_idyes"
"4599","ELF2","Exc L4-5 RORB GABRG1",-0.0266150485676652,6.79003255622897,0.753077089365749,0.386044709617699,0.999997068196745,0.999983379322086,"group_idyes"
"4600","MGARP","Exc L4-5 RORB GABRG1",0.0630199666425253,0.917956162499675,0.152369860875148,0.696496877125955,0.999997068196745,0.999983379322086,"group_idyes"
"4601","NDUFC1","Exc L4-5 RORB GABRG1",-0.0471876645181633,4.4064003259555,0.424266555179367,0.515204627256885,0.999997068196745,0.999983379322086,"group_idyes"
"4602","NAA15","Exc L4-5 RORB GABRG1",-0.00906115801805642,6.28363017682917,0.128474134900137,0.720215977687384,0.999997068196745,0.999983379322086,"group_idyes"
"4603","AC097376.2","Exc L4-5 RORB GABRG1",-0.00783555174216474,6.14629200308924,0.0315138630853461,0.859192247926836,0.999997068196745,0.999983379322086,"group_idyes"
"4604","RAB33B","Exc L4-5 RORB GABRG1",-0.036646306029194,2.9506021925773,0.445792363259017,0.504740198819149,0.999997068196745,0.999983379322086,"group_idyes"
"4605","SETD7","Exc L4-5 RORB GABRG1",-0.030258489884486,4.29826969577213,0.404650986760523,0.525075253895518,0.999997068196745,0.999983379322086,"group_idyes"
"4606","MGST2","Exc L4-5 RORB GABRG1",-0.0112564825327634,4.89688325668239,0.0558025080256701,0.813383368577891,0.999997068196745,0.999983379322086,"group_idyes"
"4607","MAML3","Exc L4-5 RORB GABRG1",-0.0623712953289067,5.27116954610664,0.65300387941391,0.419540123941761,0.999997068196745,0.999983379322086,"group_idyes"
"4608","SCOC","Exc L4-5 RORB GABRG1",-0.0152988568122854,5.74545190326441,0.0596132483080951,0.807238416865032,0.999997068196745,0.999983379322086,"group_idyes"
"4609","SCOC-AS1","Exc L4-5 RORB GABRG1",0.106858718868328,2.27223613028389,2.03242931897727,0.154785140133411,0.999997068196745,0.999983379322086,"group_idyes"
"4610","CLGN","Exc L4-5 RORB GABRG1",0.0802357110630734,3.36629524118915,1.65636456173028,0.198868669220536,0.999997068196745,0.999983379322086,"group_idyes"
"4611","ELMOD2","Exc L4-5 RORB GABRG1",0.0702257812142709,4.44373522120848,2.16307224333904,0.142179182416316,0.999997068196745,0.999983379322086,"group_idyes"
"4612","TBC1D9","Exc L4-5 RORB GABRG1",-0.019551491600077,5.98721794060557,0.210089127387256,0.646956350703988,0.999997068196745,0.999983379322086,"group_idyes"
"4613","AC096733.2","Exc L4-5 RORB GABRG1",-0.189188414320361,1.14291326194262,2.3529540679035,0.125867746558572,0.999997068196745,0.999983379322086,"group_idyes"
"4614","RNF150","Exc L4-5 RORB GABRG1",-0.0164635177215272,7.08844204629326,0.141728966297167,0.706775731139665,0.999997068196745,0.999983379322086,"group_idyes"
"4615","ZNF330","Exc L4-5 RORB GABRG1",-0.0170817475160926,3.94632031072787,0.137364473658488,0.711119242577205,0.999997068196745,0.999983379322086,"group_idyes"
"4616","IL15","Exc L4-5 RORB GABRG1",0.109998162759029,1.28853774226174,0.64621621149752,0.421965147699626,0.999997068196745,0.999983379322086,"group_idyes"
"4617","INPP4B","Exc L4-5 RORB GABRG1",-0.0166686115840855,9.61104449711173,0.155573705639332,0.693483381713068,0.999997068196745,0.999983379322086,"group_idyes"
"4618","AC139720.1","Exc L4-5 RORB GABRG1",-0.0226456401434963,4.2676038761594,0.0289793946748504,0.864916104957829,0.999997068196745,0.999983379322086,"group_idyes"
"4619","AC104596.1","Exc L4-5 RORB GABRG1",0.0710897029116315,4.91748733387277,1.13733000198525,0.286885992370091,0.999997068196745,0.999983379322086,"group_idyes"
"4620","USP38","Exc L4-5 RORB GABRG1",-0.036084160139528,4.381778293307,0.847191192464013,0.391481178717387,0.999997068196745,0.999983379322086,"group_idyes"
"4621","AC097658.2","Exc L4-5 RORB GABRG1",0.0485590483760918,-0.0207717219988248,0.0565627283356291,0.812140176592126,0.999997068196745,0.999983379322086,"group_idyes"
"4622","GAB1","Exc L4-5 RORB GABRG1",0.0382610305028828,8.33936960600488,0.513739306952541,0.473959487068145,0.999997068196745,0.999983379322086,"group_idyes"
"4623","SMARCA5","Exc L4-5 RORB GABRG1",0.0078405590562288,6.11282354144147,0.0564098622238107,0.812389447050432,0.999997068196745,0.999983379322086,"group_idyes"
"4624","FREM3","Exc L4-5 RORB GABRG1",-0.0760007520073838,3.14678985294717,0.616307514082908,0.432905908514421,0.999997068196745,0.999983379322086,"group_idyes"
"4625","GYPE","Exc L4-5 RORB GABRG1",-0.0594456783066436,2.31864021867799,0.551908645867602,0.473580051836276,0.999997068196745,0.999983379322086,"group_idyes"
"4626","GYPB","Exc L4-5 RORB GABRG1",-0.0361730902672546,1.50480812345432,0.0553630257860876,0.814106138122498,0.999997068196745,0.999983379322086,"group_idyes"
"4627","GYPA","Exc L4-5 RORB GABRG1",0.0200127384061481,1.66220454710842,0.0437585341708529,0.863326496219798,0.999997068196745,0.999983379322086,"group_idyes"
"4628","HHIP-AS1","Exc L4-5 RORB GABRG1",-0.00353299496913437,3.60061327729361,0.00311448230911129,0.955524092783092,0.999997068196745,0.999983379322086,"group_idyes"
"4629","HHIP","Exc L4-5 RORB GABRG1",-0.0061300541418503,3.05271622205696,0.00308338700137644,0.955746445891697,0.999997068196745,0.999983379322086,"group_idyes"
"4630","ANAPC10","Exc L4-5 RORB GABRG1",0.00389692313562415,6.8862400574369,0.0119184778782763,0.913123159734014,0.999997068196745,0.999983379322086,"group_idyes"
"4631","ABCE1","Exc L4-5 RORB GABRG1",-0.00093532835952862,5.03800124018333,0.000498532796990234,0.982198010391871,0.999997068196745,0.999983379322086,"group_idyes"
"4632","OTUD4","Exc L4-5 RORB GABRG1",0.0204499990126131,6.07920330156536,0.261338125176489,0.609495578279065,0.999997068196745,0.999983379322086,"group_idyes"
"4633","SMAD1","Exc L4-5 RORB GABRG1",0.046223326949219,5.77656102857222,1.28212912254371,0.258208748298971,0.999997068196745,0.999983379322086,"group_idyes"
"4634","MMAA","Exc L4-5 RORB GABRG1",-0.0127073249874547,2.66414293947139,0.038819351963587,0.915484542474028,0.999997068196745,0.999983379322086,"group_idyes"
"4635","C4orf51","Exc L4-5 RORB GABRG1",0.00797784482316347,0.280361089586002,0.00192635602334875,0.996830094038216,0.999997068196745,0.999983379322086,"group_idyes"
"4636","ZNF827","Exc L4-5 RORB GABRG1",-0.0409234328215958,5.62597609007876,0.885298335408135,0.347344994024915,0.999997068196745,0.999983379322086,"group_idyes"
"4637","LSM6","Exc L4-5 RORB GABRG1",0.0457344527762758,4.67893680852395,0.968674584196326,0.325629490973863,0.999997068196745,0.999983379322086,"group_idyes"
"4638","SLC10A7","Exc L4-5 RORB GABRG1",-0.0156750615878145,4.63315801135788,0.0892505702480629,0.765293368076064,0.999997068196745,0.999983379322086,"group_idyes"
"4639","TTC29","Exc L4-5 RORB GABRG1",-0.193391796025383,1.86010915131035,2.75742114427436,0.097618893644598,0.999997068196745,0.999983379322086,"group_idyes"
"4640","EDNRA","Exc L4-5 RORB GABRG1",-0.0879961608856541,0.488119796946796,0.355657933478858,0.551278380869574,0.999997068196745,0.999983379322086,"group_idyes"
"4641","TMEM184C","Exc L4-5 RORB GABRG1",-0.0756062285937886,4.39280549578331,3.62456400283544,0.057678350875564,0.999997068196745,0.999983379322086,"group_idyes"
"4642","PRMT9","Exc L4-5 RORB GABRG1",-0.0512495501341398,5.16696058983583,2.23098039123854,0.136087641363457,0.999997068196745,0.999983379322086,"group_idyes"
"4643","ARHGAP10","Exc L4-5 RORB GABRG1",0.0184649924749977,3.89554894382668,0.0478008965391523,0.827050969585434,0.999997068196745,0.999983379322086,"group_idyes"
"4644","NR3C2","Exc L4-5 RORB GABRG1",0.0014143980482894,7.84091548443425,0.000738823401992727,0.978329219117737,0.999997068196745,0.999983379322086,"group_idyes"
"4645","AC069272.1","Exc L4-5 RORB GABRG1",0.0127056763441286,1.18422567592939,0.0113638812140243,0.915160686327446,0.999997068196745,0.999983379322086,"group_idyes"
"4646","LINC02355","Exc L4-5 RORB GABRG1",0.0587922318724447,2.67453041947795,0.31916600426289,0.572438538990668,0.999997068196745,0.999983379322086,"group_idyes"
"4647","IQCM","Exc L4-5 RORB GABRG1",0.00515815666858885,1.40112239560477,0.00184672162902439,0.965744952782862,0.999997068196745,0.999983379322086,"group_idyes"
"4648","DCLK2","Exc L4-5 RORB GABRG1",-0.0500947096569694,7.40498334005759,2.19403737982949,0.139364245283386,0.999997068196745,0.999983379322086,"group_idyes"
"4649","LRBA","Exc L4-5 RORB GABRG1",-0.00298075362377508,7.95356064365517,0.00754180529133914,0.930841036222698,0.999997068196745,0.999983379322086,"group_idyes"
"4650","RPS3A","Exc L4-5 RORB GABRG1",-0.0447283971066618,3.82957749534772,0.125518860135912,0.723318349235901,0.999997068196745,0.999983379322086,"group_idyes"
"4651","SH3D19","Exc L4-5 RORB GABRG1",-0.0765210615339399,6.37384726517979,3.18820673604229,0.0749589143668429,0.999997068196745,0.999983379322086,"group_idyes"
"4652","PRSS48","Exc L4-5 RORB GABRG1",-0.077860706370212,0.744654104405536,0.221511898834387,0.638157051069685,0.999997068196745,0.999983379322086,"group_idyes"
"4653","FAM160A1","Exc L4-5 RORB GABRG1",-0.0883217966494072,3.39328515317862,1.77290233548044,0.183811670449755,0.999997068196745,0.999983379322086,"group_idyes"
"4654","AC092611.2","Exc L4-5 RORB GABRG1",-0.058458802657517,2.02086405787346,0.346406800586975,0.55649960370192,0.999997068196745,0.999983379322086,"group_idyes"
"4655","GATB","Exc L4-5 RORB GABRG1",-0.0362821112709079,5.01541199825878,0.864701536839223,0.613543227063084,0.999997068196745,0.999983379322086,"group_idyes"
"4656","AC097375.2","Exc L4-5 RORB GABRG1",-0.217551617001269,0.354605504613992,1.04332938186011,0.307690256097867,0.999997068196745,0.999983379322086,"group_idyes"
"4657","LINC02273","Exc L4-5 RORB GABRG1",-0.0167236156780703,0.145944428818592,0.00967335033529421,0.921703063387981,0.999997068196745,0.999983379322086,"group_idyes"
"4658","AC079340.1","Exc L4-5 RORB GABRG1",0.0982082110189583,2.37929640217603,1.06614173934483,0.302467191792265,0.999997068196745,0.999983379322086,"group_idyes"
"4659","AC079340.2","Exc L4-5 RORB GABRG1",0.0330556302360938,0.954862747487057,0.0605162886995477,0.805812965037845,0.999997068196745,0.999983379322086,"group_idyes"
"4660","FBXW7","Exc L4-5 RORB GABRG1",-0.00179069100721335,8.46480794875649,0.00498771350881077,0.943733906392507,0.999997068196745,0.999983379322086,"group_idyes"
"4661","TIGD4","Exc L4-5 RORB GABRG1",0.00498927730366696,2.96159889428232,0.00749330193173688,0.931063226646237,0.999997068196745,0.999983379322086,"group_idyes"
"4662","ARFIP1","Exc L4-5 RORB GABRG1",-0.00552086385593557,5.49550402469021,0.0201612205908034,0.887162060616432,0.999997068196745,0.999983379322086,"group_idyes"
"4663","FHDC1","Exc L4-5 RORB GABRG1",-0.0700025246284038,1.75786355318768,0.369228812778837,0.54378342229152,0.999997068196745,0.999983379322086,"group_idyes"
"4664","TRIM2","Exc L4-5 RORB GABRG1",0.0110700301231356,8.05968920323002,0.295730304112609,0.58688658562643,0.999997068196745,0.999983379322086,"group_idyes"
"4665","MND1","Exc L4-5 RORB GABRG1",0.0607407204436415,1.19813381432271,0.243215435645005,0.622174713905788,0.999997068196745,0.999983379322086,"group_idyes"
"4666","TMEM131L","Exc L4-5 RORB GABRG1",-0.0128394052237639,5.1212292396655,0.0582312061225929,0.809442308702376,0.999997068196745,0.999983379322086,"group_idyes"
"4667","RNF175","Exc L4-5 RORB GABRG1",-0.00287807531696103,5.82044813488115,0.0047834193011027,0.944896389432591,0.999997068196745,0.999983379322086,"group_idyes"
"4668","AC079298.3","Exc L4-5 RORB GABRG1",-0.0429135590881319,3.05509308888933,0.207192035890958,0.649233977282141,0.999997068196745,0.999983379322086,"group_idyes"
"4669","DCHS2","Exc L4-5 RORB GABRG1",-0.175463701588902,1.08258043089522,1.36521523505913,0.243359180550696,0.999997068196745,0.999983379322086,"group_idyes"
"4670","PLRG1","Exc L4-5 RORB GABRG1",0.0299828358294603,4.35768879812174,0.552999090952005,0.457548741785601,0.999997068196745,0.999983379322086,"group_idyes"
"4671","LRAT","Exc L4-5 RORB GABRG1",0.103656002263339,0.278298354703143,0.428623338534284,0.68037734498594,0.999997068196745,0.999983379322086,"group_idyes"
"4672","AC097467.3","Exc L4-5 RORB GABRG1",-0.069845452726955,1.39399566248757,0.319800174967499,0.572057399601651,0.999997068196745,0.999983379322086,"group_idyes"
"4673","MAP9","Exc L4-5 RORB GABRG1",0.00323500306074698,6.50897894584238,0.00506905792565267,0.943277711783793,0.999997068196745,0.999983379322086,"group_idyes"
"4674","GUCY1A1","Exc L4-5 RORB GABRG1",0.038831152833141,5.89880713572052,0.854635410448457,0.355823764777762,0.999997068196745,0.999983379322086,"group_idyes"
"4675","GUCY1B1","Exc L4-5 RORB GABRG1",0.037161177881765,6.87943178473068,0.914217384601282,0.339598303435187,0.999997068196745,0.999983379322086,"group_idyes"
"4676","TDO2","Exc L4-5 RORB GABRG1",-0.0288128142225392,6.55035344060961,0.294197257758275,0.587857334284917,0.999997068196745,0.999983379322086,"group_idyes"
"4677","CTSO","Exc L4-5 RORB GABRG1",0.0828597095008559,1.39951126446951,0.43775676004236,0.508603226362509,0.999997068196745,0.999983379322086,"group_idyes"
"4678","PDGFC","Exc L4-5 RORB GABRG1",0.00514069906461001,5.75119885543499,0.00404079016622734,0.949347855105892,0.999997068196745,0.999983379322086,"group_idyes"
"4679","GLRB","Exc L4-5 RORB GABRG1",0.0071182460183536,7.22208183518479,0.0681373644814733,0.794208002239699,0.999997068196745,0.999983379322086,"group_idyes"
"4680","GRIA2","Exc L4-5 RORB GABRG1",0.0307280924451214,9.67874115812629,1.40567222710479,0.236507908302685,0.999997068196745,0.999983379322086,"group_idyes"
"4681","FAM198B","Exc L4-5 RORB GABRG1",-0.0817669932404419,4.1478120078668,0.650564674475775,0.420409171487913,0.999997068196745,0.999983379322086,"group_idyes"
"4682","FAM198B-AS1","Exc L4-5 RORB GABRG1",-0.121343197359369,4.45635086380652,1.39561291832999,0.238189233274655,0.999997068196745,0.999983379322086,"group_idyes"
"4683","TMEM144","Exc L4-5 RORB GABRG1",-0.0690473991399318,4.12389446172868,1.14586940047239,0.285086589801343,0.999997068196745,0.999983379322086,"group_idyes"
"4684","RXFP1","Exc L4-5 RORB GABRG1",-0.0131529906090197,7.21484252751042,0.0482042254961688,0.826334486435242,0.999997068196745,0.999983379322086,"group_idyes"
"4685","AC121161.2","Exc L4-5 RORB GABRG1",0.166038342067452,0.677240176472668,1.25499718634699,0.263299017326759,0.999997068196745,0.999983379322086,"group_idyes"
"4686","C4orf46","Exc L4-5 RORB GABRG1",0.025774717390355,1.93086763804819,0.10302747211357,0.748400645983787,0.999997068196745,0.999983379322086,"group_idyes"
"4687","ETFDH","Exc L4-5 RORB GABRG1",-0.029454544541677,5.93823624902963,0.549808183945341,0.458848452818632,0.999997068196745,0.999983379322086,"group_idyes"
"4688","PPID","Exc L4-5 RORB GABRG1",0.0458390847626674,5.32636399617854,0.598395970190717,0.439665734184602,0.999997068196745,0.999983379322086,"group_idyes"
"4689","FNIP2","Exc L4-5 RORB GABRG1",0.0241276548314187,7.37089519835839,0.609139432268239,0.435591936124963,0.999997068196745,0.999983379322086,"group_idyes"
"4690","C4orf45","Exc L4-5 RORB GABRG1",-0.0548301841643649,4.11877052425653,0.885817891778685,0.347203715149388,0.999997068196745,0.999983379322086,"group_idyes"
"4691","RAPGEF2","Exc L4-5 RORB GABRG1",-0.0172922116949199,9.39842680277142,0.256045149500654,0.613140113015295,0.999997068196745,0.999983379322086,"group_idyes"
"4692","LINC02233","Exc L4-5 RORB GABRG1",-0.00477566832157342,1.30347276153673,0.00194511429069991,0.964844824013491,0.999997068196745,0.999983379322086,"group_idyes"
"4693","LINC02477","Exc L4-5 RORB GABRG1",-0.1714526375956,0.76498843853233,1.55181591289682,0.213625651489477,0.999997068196745,0.999983379322086,"group_idyes"
"4694","FSTL5","Exc L4-5 RORB GABRG1",-0.0290071906452398,8.86578638478439,0.405588753914606,0.524595765296873,0.999997068196745,0.999983379322086,"group_idyes"
"4695","AC023136.1","Exc L4-5 RORB GABRG1",-0.0799327625803459,0.425146058504291,0.190627100840256,0.662640124007343,0.999997068196745,0.999983379322086,"group_idyes"
"4696","NAF1","Exc L4-5 RORB GABRG1",-0.0084549851370559,5.67113527955662,0.0596207459109598,0.807226534936586,0.999997068196745,0.999983379322086,"group_idyes"
"4697","NPY1R","Exc L4-5 RORB GABRG1",0.00746446322263076,5.77762078315184,0.0250664074875819,0.87428476866548,0.999997068196745,0.999983379322086,"group_idyes"
"4698","NPY5R","Exc L4-5 RORB GABRG1",-0.0671128100705203,2.06756960195355,0.698874331593134,0.590007963152847,0.999997068196745,0.999983379322086,"group_idyes"
"4699","TMA16","Exc L4-5 RORB GABRG1",-0.0149563137034189,3.91892461327389,0.0941171027666459,0.759172915526577,0.999997068196745,0.999983379322086,"group_idyes"
"4700","MARCH1","Exc L4-5 RORB GABRG1",0.0108338456531407,9.50660183507159,0.0615657864871067,0.804170431216056,0.999997068196745,0.999983379322086,"group_idyes"
"4701","AC093788.1","Exc L4-5 RORB GABRG1",0.00716379627684491,0.88478097877562,0.00269450182034957,0.95862846942345,0.999997068196745,0.999983379322086,"group_idyes"
"4702","SMIM31","Exc L4-5 RORB GABRG1",-0.0629398550706041,0.763265712550465,0.212662627402075,0.644949013694278,0.999997068196745,0.999983379322086,"group_idyes"
"4703","TRIM61","Exc L4-5 RORB GABRG1",-0.0647967192112765,0.595683648568994,0.16957917930075,0.680715402362801,0.999997068196745,0.999983379322086,"group_idyes"
"4704","FAM218A","Exc L4-5 RORB GABRG1",-0.0465807522141407,1.93522128700954,0.258615136125503,0.611364656815768,0.999997068196745,0.999983379322086,"group_idyes"
"4705","TMEM192","Exc L4-5 RORB GABRG1",-0.012964976169507,6.21595438898211,0.248744604498818,0.618245458014763,0.999997068196745,0.999983379322086,"group_idyes"
"4706","KLHL2","Exc L4-5 RORB GABRG1",0.011882517824866,6.76723840487452,0.15556188638156,0.693494432574568,0.999997068196745,0.999983379322086,"group_idyes"
"4707","GK3P","Exc L4-5 RORB GABRG1",0.114064185460761,0.978485537349754,0.66322599603367,0.415927139295137,0.999997068196745,0.999983379322086,"group_idyes"
"4708","MSMO1","Exc L4-5 RORB GABRG1",-0.13816531743243,4.51960505101784,3.25034422416518,0.0721908386813127,0.999997068196745,0.999983379322086,"group_idyes"
"4709","CPE","Exc L4-5 RORB GABRG1",0.00331714219737551,7.66371489558655,0.014421505950239,0.904474877413148,0.999997068196745,0.999983379322086,"group_idyes"
"4710","TLL1","Exc L4-5 RORB GABRG1",-0.0513745137998931,1.83347100021898,0.115762563560779,0.733862255607978,0.999997068196745,0.999983379322086,"group_idyes"
"4711","SPOCK3","Exc L4-5 RORB GABRG1",-0.0637847687106872,3.32138232883724,0.29533108792015,0.587139060962804,0.999997068196745,0.999983379322086,"group_idyes"
"4712","DDX60","Exc L4-5 RORB GABRG1",-0.507869911207522,0.389409563501823,4.46137061383572,0.0353136234867777,0.999997068196745,0.999983379322086,"group_idyes"
"4713","DDX60L","Exc L4-5 RORB GABRG1",-0.200010779969694,0.790158632240076,0.940561262325261,0.332742838990113,0.999997068196745,0.999983379322086,"group_idyes"
"4714","PALLD","Exc L4-5 RORB GABRG1",-0.00653715149392295,5.66019870887439,0.0286857601868575,0.865595649094348,0.999997068196745,0.999983379322086,"group_idyes"
"4715","CBR4","Exc L4-5 RORB GABRG1",0.012965902814853,6.39607694692994,0.189679196678912,0.663427990410467,0.999997068196745,0.999983379322086,"group_idyes"
"4716","SH3RF1","Exc L4-5 RORB GABRG1",-0.0465257822058392,5.62386505507686,0.764095439791302,0.382595208032456,0.999997068196745,0.999983379322086,"group_idyes"
"4717","NEK1","Exc L4-5 RORB GABRG1",-0.0257004043104567,7.26628927248709,0.587326648439056,0.443924718156233,0.999997068196745,0.999983379322086,"group_idyes"
"4718","CLCN3","Exc L4-5 RORB GABRG1",0.0139494175153248,6.80763584419614,0.297099142471681,0.586022568401821,0.999997068196745,0.999983379322086,"group_idyes"
"4719","HPF1","Exc L4-5 RORB GABRG1",-0.0622799056591026,4.76398395168019,1.88869685820434,0.170149000211079,0.999997068196745,0.999983379322086,"group_idyes"
"4720","LINC02275","Exc L4-5 RORB GABRG1",-0.118034536688834,0.665756004180747,0.588623046826474,0.443422634824026,0.999997068196745,0.999983379322086,"group_idyes"
"4721","MFAP3L","Exc L4-5 RORB GABRG1",0.0254821834652917,5.02387989963338,0.192293469004274,0.661260731470752,0.999997068196745,0.999983379322086,"group_idyes"
"4722","AADAT","Exc L4-5 RORB GABRG1",0.0364303934416632,4.46307025741354,0.730001079847957,0.393414536662328,0.999997068196745,0.999983379322086,"group_idyes"
"4723","GALNTL6","Exc L4-5 RORB GABRG1",-0.0372091198407856,7.51068051588253,0.141430433683023,0.707070377671349,0.999997068196745,0.999983379322086,"group_idyes"
"4724","AC105285.1","Exc L4-5 RORB GABRG1",0.0533106958014048,3.11866243125754,0.396668049133842,0.529188901855078,0.999997068196745,0.999983379322086,"group_idyes"
"4725","GALNT7","Exc L4-5 RORB GABRG1",-0.0114660500949894,6.38609112770302,0.0732012034455533,0.786876695154259,0.999997068196745,0.999983379322086,"group_idyes"
"4726","AC097534.1","Exc L4-5 RORB GABRG1",0.0496710296158653,3.32725742619648,0.756362327293782,0.385011586805544,0.999997068196745,0.999983379322086,"group_idyes"
"4727","HMGB2","Exc L4-5 RORB GABRG1",0.00596552497473646,3.3650040210666,0.00820718122827982,0.927862747710154,0.999997068196745,0.999983379322086,"group_idyes"
"4728","AC097534.2","Exc L4-5 RORB GABRG1",0.0279241665373891,3.70285991938119,0.180787855946331,0.67093475901943,0.999997068196745,0.999983379322086,"group_idyes"
"4729","SAP30","Exc L4-5 RORB GABRG1",0.0565458827896297,4.19078115497091,0.560153316794837,0.454655758452381,0.999997068196745,0.999983379322086,"group_idyes"
"4730","SCRG1","Exc L4-5 RORB GABRG1",-0.000407535997199564,3.1195531709981,8.10030076248584e-06,0.997730616787601,0.999997068196745,0.999983379322086,"group_idyes"
"4731","HAND2-AS1","Exc L4-5 RORB GABRG1",-0.0613430486851231,1.78527566361605,0.0668213381697637,0.796160644257211,0.999997068196745,0.999983379322086,"group_idyes"
"4732","LINC02268","Exc L4-5 RORB GABRG1",0.341057965391262,1.32715122072,5.02555705985788,0.0255452541454311,0.999997068196745,0.999983379322086,"group_idyes"
"4733","FBXO8","Exc L4-5 RORB GABRG1",-0.00767075156888905,3.7168444771638,0.0231870162985765,0.882411067382069,0.999997068196745,0.999983379322086,"group_idyes"
"4734","CEP44","Exc L4-5 RORB GABRG1",0.0488289642515213,4.85041301880266,1.15440009045143,0.283303328040596,0.999997068196745,0.999983379322086,"group_idyes"
"4735","AC116616.1","Exc L4-5 RORB GABRG1",0.0908843028943656,0.504414636163251,0.28935185811979,0.5909472005493,0.999997068196745,0.999983379322086,"group_idyes"
"4736","GLRA3","Exc L4-5 RORB GABRG1",-0.145771843083487,3.80813256294254,1.78300859524176,0.182569819904599,0.999997068196745,0.999983379322086,"group_idyes"
"4737","ADAM29","Exc L4-5 RORB GABRG1",-0.174532800370353,1.52725713345366,2.04978176252498,0.153039874305666,0.999997068196745,0.999983379322086,"group_idyes"
"4738","AC095050.1","Exc L4-5 RORB GABRG1",-0.157552944975323,0.467456944577664,0.780211487358815,0.377628068195496,0.999997068196745,0.999983379322086,"group_idyes"
"4739","GPM6A","Exc L4-5 RORB GABRG1",0.015118005387393,9.74710689288839,0.4047128054845,0.525043621408073,0.999997068196745,0.999983379322086,"group_idyes"
"4740","AC097537.1","Exc L4-5 RORB GABRG1",0.0228531580601288,1.30235497904879,0.0241400267696239,0.876610634949291,0.999997068196745,0.999983379322086,"group_idyes"
"4741","WDR17","Exc L4-5 RORB GABRG1",-0.0239258506390446,7.36646997830002,0.745168803516254,0.388547946783423,0.999997068196745,0.999983379322086,"group_idyes"
"4742","SPATA4","Exc L4-5 RORB GABRG1",0.0881081178604187,1.16300680611203,0.539123700256482,0.463243372064464,0.999997068196745,0.999983379322086,"group_idyes"
"4743","ASB5","Exc L4-5 RORB GABRG1",-0.29283815283806,0.274090619501865,2.56210735924893,0.110273375917126,0.999997068196745,0.999983379322086,"group_idyes"
"4744","AC019163.1","Exc L4-5 RORB GABRG1",0.000686232495326125,1.99825870745237,9.46856674834385e-05,0.992241225948247,0.999997068196745,0.999983379322086,"group_idyes"
"4745","SPCS3","Exc L4-5 RORB GABRG1",0.036810319238604,5.22043374952264,0.741039842752218,0.389864134977587,0.999997068196745,0.999983379322086,"group_idyes"
"4746","AC093801.1","Exc L4-5 RORB GABRG1",-0.0323971213262912,0.553961456391015,0.0498363204676017,0.82346681514897,0.999997068196745,0.999983379322086,"group_idyes"
"4747","AC027627.1","Exc L4-5 RORB GABRG1",0.0562140556196818,-0.0534138805556836,0.0819713130157554,0.793026405897453,0.999997068196745,0.999983379322086,"group_idyes"
"4748","AGA","Exc L4-5 RORB GABRG1",-0.0430159027722086,1.96810452942271,0.157890544330846,0.691326469434087,0.999997068196745,0.999983379322086,"group_idyes"
"4749","AC078881.1","Exc L4-5 RORB GABRG1",-0.0429163573452558,3.47048732453957,0.255627752395418,0.613429524696456,0.999997068196745,0.999983379322086,"group_idyes"
"4750","LINC01098","Exc L4-5 RORB GABRG1",-0.426562910130048,1.3736411477494,6.31639824863887,0.0123704745809439,0.999997068196745,0.999983379322086,"group_idyes"
"4751","LINC01099","Exc L4-5 RORB GABRG1",-0.0302774496475743,1.27761936426325,0.0794580053486022,0.778184816757489,0.999997068196745,0.999983379322086,"group_idyes"
"4752","LINC00290","Exc L4-5 RORB GABRG1",0.0271323315932344,0.558860670425093,0.021021693239629,0.884795800177878,0.999997068196745,0.999983379322086,"group_idyes"
"4753","AC098864.1","Exc L4-5 RORB GABRG1",-0.126665611471101,1.1677438688551,1.07211188089433,0.301119283930473,0.999997068196745,0.999983379322086,"group_idyes"
"4754","TENM3","Exc L4-5 RORB GABRG1",-0.0809918102863118,4.40887181259836,0.767496082762065,0.381539421983617,0.999997068196745,0.999983379322086,"group_idyes"
"4755","DCTD","Exc L4-5 RORB GABRG1",0.00549513046990003,3.91639606663009,0.0150721608070196,0.949655625400619,0.999997068196745,0.999983379322086,"group_idyes"
"4756","WWC2","Exc L4-5 RORB GABRG1",0.039991891266888,3.93306926244833,0.182550664409485,0.669429360351206,0.999997068196745,0.999983379322086,"group_idyes"
"4757","CDKN2AIP","Exc L4-5 RORB GABRG1",0.08206996068216,3.25205122758173,1.62216452749518,0.203559164396766,0.999997068196745,0.999983379322086,"group_idyes"
"4758","AC107214.1","Exc L4-5 RORB GABRG1",-0.0433531359864067,4.76325971106224,1.31850295619037,0.509475454036099,0.999997068196745,0.999983379322086,"group_idyes"
"4759","ING2","Exc L4-5 RORB GABRG1",0.0378182242187939,3.7757185596335,0.295330945105974,0.587139151321989,0.999997068196745,0.999983379322086,"group_idyes"
"4760","AC107214.2","Exc L4-5 RORB GABRG1",0.171257875749187,1.18042829017923,2.25426183721687,0.147353227194993,0.999997068196745,0.999983379322086,"group_idyes"
"4761","RWDD4","Exc L4-5 RORB GABRG1",-0.023474619910548,3.52975536953242,0.266228515608638,0.606169409396993,0.999997068196745,0.999983379322086,"group_idyes"
"4762","TRAPPC11","Exc L4-5 RORB GABRG1",-0.0244882133069138,5.73698430958698,0.624726057946454,0.429783375676279,0.999997068196745,0.999983379322086,"group_idyes"
"4763","STOX2","Exc L4-5 RORB GABRG1",0.00608805044526547,8.3526202851541,0.0390231933899895,0.843507047331782,0.999997068196745,0.999983379322086,"group_idyes"
"4764","ENPP6","Exc L4-5 RORB GABRG1",0.037552013938912,2.21725027048267,0.178044764082003,0.673294633585899,0.999997068196745,0.999983379322086,"group_idyes"
"4765","LINC02362","Exc L4-5 RORB GABRG1",0.0393042837158395,1.22877775148102,0.110358758283767,0.739916978440971,0.999997068196745,0.999983379322086,"group_idyes"
"4766","IRF2","Exc L4-5 RORB GABRG1",0.0177397773959516,4.88205726343725,0.173937229315855,0.676868725271907,0.999997068196745,0.999983379322086,"group_idyes"
"4767","LINC02427","Exc L4-5 RORB GABRG1",0.0713634282687841,2.55709124976279,0.44944165606346,0.50300243914201,0.999997068196745,0.999983379322086,"group_idyes"
"4768","CASP3","Exc L4-5 RORB GABRG1",0.040557932673581,4.01110312533521,1.03960412439092,0.949678171217765,0.999997068196745,0.999983379322086,"group_idyes"
"4769","PRIMPOL","Exc L4-5 RORB GABRG1",-0.0111500104119961,4.69898683238416,0.0502195448915851,0.822800645829721,0.999997068196745,0.999983379322086,"group_idyes"
"4770","ACSL1","Exc L4-5 RORB GABRG1",-0.0313498797888667,4.27709850370629,0.603429686298392,0.437749764543074,0.999997068196745,0.999983379322086,"group_idyes"
"4771","LINC02436","Exc L4-5 RORB GABRG1",-0.0652507863719125,1.51078670971498,0.436617400493717,0.509155085749455,0.999997068196745,0.999983379322086,"group_idyes"
"4772","SLC25A4","Exc L4-5 RORB GABRG1",0.0664111231720436,5.95015153016863,0.500919313086501,0.479524988577288,0.999997068196745,0.999983379322086,"group_idyes"
"4773","CFAP97","Exc L4-5 RORB GABRG1",-0.0642275819768966,3.96921861985939,1.23362166988247,0.26739752874568,0.999997068196745,0.999983379322086,"group_idyes"
"4774","SNX25","Exc L4-5 RORB GABRG1",-0.0623936017393406,4.93681163292381,1.37650934164568,0.241422477985501,0.999997068196745,0.999983379322086,"group_idyes"
"4775","LRP2BP","Exc L4-5 RORB GABRG1",0.0205792533059577,6.07687086597725,0.174944910452366,0.675987356053428,0.999997068196745,0.999983379322086,"group_idyes"
"4776","AC112722.1","Exc L4-5 RORB GABRG1",-0.0441958120618697,2.85677725976558,0.431748203325095,0.511525246822575,0.999997068196745,0.999983379322086,"group_idyes"
"4777","ANKRD37","Exc L4-5 RORB GABRG1",0.0391587891395325,3.43703110500852,0.226052283940093,0.634736401427094,0.999997068196745,0.999983379322086,"group_idyes"
"4778","UFSP2","Exc L4-5 RORB GABRG1",-0.0202682752060678,3.83934099287271,0.19631665775351,0.65795953740195,0.999997068196745,0.999983379322086,"group_idyes"
"4779","C4orf47","Exc L4-5 RORB GABRG1",0.0130300799506503,5.24957909584428,0.0676807699213597,0.794883170565033,0.999997068196745,0.999983379322086,"group_idyes"
"4780","CCDC110","Exc L4-5 RORB GABRG1",0.0577742624636432,1.75972598885691,0.359645619139373,0.592676013470907,0.999997068196745,0.999983379322086,"group_idyes"
"4781","SORBS2","Exc L4-5 RORB GABRG1",-0.0262857478242686,8.82128189093314,0.450237852974383,0.502624657074315,0.999997068196745,0.999983379322086,"group_idyes"
"4782","AC108472.1","Exc L4-5 RORB GABRG1",0.123207420915828,0.773633886879254,0.748469272537449,0.387500425952555,0.999997068196745,0.999983379322086,"group_idyes"
"4783","FAM149A","Exc L4-5 RORB GABRG1",-0.107706518801159,3.78340159319169,2.58315329118428,0.108826655882962,0.999997068196745,0.999983379322086,"group_idyes"
"4784","CYP4V2","Exc L4-5 RORB GABRG1",0.019954302891851,4.55556710694793,0.15055970468491,0.698215660185229,0.999997068196745,0.999983379322086,"group_idyes"
"4785","KLKB1","Exc L4-5 RORB GABRG1",-0.0480566483888457,3.44836903046849,0.252735630808043,0.615443037152746,0.999997068196745,0.999983379322086,"group_idyes"
"4786","F11-AS1","Exc L4-5 RORB GABRG1",0.0449873097196367,0.683946563283801,0.0961580862999417,0.75665762627453,0.999997068196745,0.999983379322086,"group_idyes"
"4787","FAT1","Exc L4-5 RORB GABRG1",-0.0326529058175433,1.31241670542773,0.0512941206904937,0.820946796964075,0.999997068196745,0.999983379322086,"group_idyes"
"4788","LINC02492","Exc L4-5 RORB GABRG1",-0.0859610129200436,0.487541171331941,0.273749083562078,0.60112907653527,0.999997068196745,0.999983379322086,"group_idyes"
"4789","AC097521.1","Exc L4-5 RORB GABRG1",-0.0490479228362875,0.0240509228839585,0.0692323797965337,0.792598583867183,0.999997068196745,0.999983379322086,"group_idyes"
"4790","TRIML2","Exc L4-5 RORB GABRG1",-0.0511350222266512,0.810110930311203,0.104352326564274,0.746843394622035,0.999997068196745,0.999983379322086,"group_idyes"
"4791","LINC01060","Exc L4-5 RORB GABRG1",-0.0900979527707033,1.71402618477227,0.718508645636952,0.397160550240824,0.999997068196745,0.999983379322086,"group_idyes"
"4792","FRG1-DT","Exc L4-5 RORB GABRG1",0.145999941272833,5.31242925893368,4.41371504323687,0.0363012913048142,0.999997068196745,0.999983379322086,"group_idyes"
"4793","FRG1","Exc L4-5 RORB GABRG1",-0.0156898352895844,4.05737071878191,0.0796838544749406,0.77787809298045,0.999997068196745,0.999983379322086,"group_idyes"
"4794","CCDC127","Exc L4-5 RORB GABRG1",0.0349488223398084,3.49622878357514,0.283431714672575,0.59476804398616,0.999997068196745,0.999983379322086,"group_idyes"
"4795","SDHA","Exc L4-5 RORB GABRG1",-0.0073657711536543,5.8536645958725,0.0476734011855448,0.827278113856697,0.999997068196745,0.999983379322086,"group_idyes"
"4796","PDCD6","Exc L4-5 RORB GABRG1",-0.0421689712812776,4.88888353708963,0.58494300047317,0.444850183739245,0.999997068196745,0.999983379322086,"group_idyes"
"4797","AHRR","Exc L4-5 RORB GABRG1",0.024161980549016,3.7924530112372,0.0407610483700653,0.840106570974982,0.999997068196745,0.999983379322086,"group_idyes"
"4798","EXOC3-AS1","Exc L4-5 RORB GABRG1",0.064932735081467,2.48043081196844,0.619656592170414,0.431659581933519,0.999997068196745,0.999983379322086,"group_idyes"
"4799","EXOC3","Exc L4-5 RORB GABRG1",0.00715736953144923,4.85812347568994,0.0313100234817479,0.859643616313426,0.999997068196745,0.999983379322086,"group_idyes"
"4800","SLC9A3","Exc L4-5 RORB GABRG1",0.0621991554195062,2.35616114860456,0.716746415599666,0.397739513092475,0.999997068196745,0.999983379322086,"group_idyes"
"4801","CEP72","Exc L4-5 RORB GABRG1",0.0215515348726217,2.20234191157522,0.0790619682399609,0.778723809667982,0.999997068196745,0.999983379322086,"group_idyes"
"4802","TPPP","Exc L4-5 RORB GABRG1",0.0601936968896946,6.67680192823045,1.85526797887448,0.173968878159382,0.999997068196745,0.999983379322086,"group_idyes"
"4803","ZDHHC11B","Exc L4-5 RORB GABRG1",0.0795667851028842,6.25766367642505,0.911505230288574,0.340314834360761,0.999997068196745,0.999983379322086,"group_idyes"
"4804","ZDHHC11","Exc L4-5 RORB GABRG1",0.0272541388161608,4.46370037396744,0.0512230432083642,0.821068785151537,0.999997068196745,0.999983379322086,"group_idyes"
"4805","BRD9","Exc L4-5 RORB GABRG1",-0.0238425515526518,4.78995002031279,0.331844474892959,0.727916742855101,0.999997068196745,0.999983379322086,"group_idyes"
"4806","TRIP13","Exc L4-5 RORB GABRG1",0.0593646424325748,1.49601958679433,0.305618702723937,0.580702310280141,0.999997068196745,0.999983379322086,"group_idyes"
"4807","NKD2","Exc L4-5 RORB GABRG1",-0.174655042403628,0.420972463297855,0.955324690766541,0.328981816456623,0.999997068196745,0.999983379322086,"group_idyes"
"4808","TERT","Exc L4-5 RORB GABRG1",0.0309253074797872,0.694367187402703,0.03970038442895,0.842172798935637,0.999997068196745,0.999983379322086,"group_idyes"
"4809","CLPTM1L","Exc L4-5 RORB GABRG1",0.0122174606538641,4.5754202894937,0.0724044878225978,0.788011732607762,0.999997068196745,0.999983379322086,"group_idyes"
"4810","LINC01511","Exc L4-5 RORB GABRG1",0.0487597425470689,1.43228913833437,0.24205405574935,0.623007087453899,0.999997068196745,0.999983379322086,"group_idyes"
"4811","LPCAT1","Exc L4-5 RORB GABRG1",-0.00966649962457402,4.74587314811846,0.104394649017608,0.91665390573639,0.999997068196745,0.999983379322086,"group_idyes"
"4812","AC026412.3","Exc L4-5 RORB GABRG1",-0.0176155095563508,0.650848183019136,0.0143801252193627,0.904611366339266,0.999997068196745,0.999983379322086,"group_idyes"
"4813","MRPL36","Exc L4-5 RORB GABRG1",0.027542777997974,3.04777104307581,0.0674595356946464,0.795211185303469,0.999997068196745,0.999983379322086,"group_idyes"
"4814","NDUFS6","Exc L4-5 RORB GABRG1",-0.0268541908217117,4.14310832749569,0.143398221650159,0.705134701741404,0.999997068196745,0.999983379322086,"group_idyes"
"4815","AC126768.2","Exc L4-5 RORB GABRG1",-0.0899973241551355,3.85897349823516,2.26204262320693,0.133399527277924,0.999997068196745,0.999983379322086,"group_idyes"
"4816","AC106799.2","Exc L4-5 RORB GABRG1",-0.0837444797526985,1.50576283799309,0.619090048136865,0.431870031934997,0.999997068196745,0.999983379322086,"group_idyes"
"4817","AC022424.1","Exc L4-5 RORB GABRG1",0.0271178786140585,1.84222098373103,0.0480485703695973,0.826610622246049,0.999997068196745,0.999983379322086,"group_idyes"
"4818","ADAMTS16","Exc L4-5 RORB GABRG1",0.056612111459238,4.1683293909943,0.243416592028023,0.622030794170516,0.999997068196745,0.999983379322086,"group_idyes"
"4819","ICE1","Exc L4-5 RORB GABRG1",0.0492069518644066,6.12133989005493,2.69874451353021,0.101244309698214,0.999997068196745,0.999983379322086,"group_idyes"
"4820","AC010266.2","Exc L4-5 RORB GABRG1",-0.00388023709267636,1.40739368226219,0.000978015857619414,0.975067844246653,0.999997068196745,0.999983379322086,"group_idyes"
"4821","LINC02145","Exc L4-5 RORB GABRG1",-0.080183855277079,2.5719332544023,0.874229200786233,0.350373624504138,0.999997068196745,0.999983379322086,"group_idyes"
"4822","MED10","Exc L4-5 RORB GABRG1",-0.0333850218299105,5.03019726396506,0.242330266813122,0.622808899414917,0.999997068196745,0.999983379322086,"group_idyes"
"4823","UBE2QL1","Exc L4-5 RORB GABRG1",0.0340830267799189,6.0109598220218,0.541536848195283,0.462244916183813,0.999997068196745,0.999983379322086,"group_idyes"
"4824","LINC01018","Exc L4-5 RORB GABRG1",0.255885695504666,0.911508469602258,3.62589320176363,0.0576327481359967,0.999997068196745,0.999983379322086,"group_idyes"
"4825","NSUN2","Exc L4-5 RORB GABRG1",-0.0714364369930369,4.81668762387122,1.480553359016,0.22443387055632,0.999997068196745,0.999983379322086,"group_idyes"
"4826","SRD5A1","Exc L4-5 RORB GABRG1",0.0179232346984273,4.48896849477427,0.274406522492535,0.823807894341605,0.999997068196745,0.999983379322086,"group_idyes"
"4827","LINC02102","Exc L4-5 RORB GABRG1",-0.0251915274619953,2.61458953938333,0.105018981000434,0.846083365513858,0.999997068196745,0.999983379322086,"group_idyes"
"4828","TENT4A","Exc L4-5 RORB GABRG1",-0.0271569255906769,6.08247263822464,0.474381062899044,0.49139367194684,0.999997068196745,0.999983379322086,"group_idyes"
"4829","LINC02236","Exc L4-5 RORB GABRG1",-0.0100944285507292,2.7700575975737,0.0205681471924192,0.886036737903328,0.999997068196745,0.999983379322086,"group_idyes"
"4830","LINC02196","Exc L4-5 RORB GABRG1",0.0789984600520867,3.78669684111106,0.419401544523129,0.517622065453418,0.999997068196745,0.999983379322086,"group_idyes"
"4831","ADCY2","Exc L4-5 RORB GABRG1",-0.030583689294676,8.93970831901254,0.646699786098945,0.421791688289788,0.999997068196745,0.999983379322086,"group_idyes"
"4832","AC093305.1","Exc L4-5 RORB GABRG1",-0.126287708150773,1.08856194632694,0.716447189632095,0.397837942154052,0.999997068196745,0.999983379322086,"group_idyes"
"4833","C5orf49","Exc L4-5 RORB GABRG1",-0.10064488349477,2.76555377492496,1.68405476518421,0.195164056928993,0.999997068196745,0.999983379322086,"group_idyes"
"4834","MTRR","Exc L4-5 RORB GABRG1",-0.0300268965838516,4.80751508783692,0.748633430454922,0.38744843007969,0.999997068196745,0.999983379322086,"group_idyes"
"4835","FASTKD3","Exc L4-5 RORB GABRG1",-0.0117598101145108,2.60232064272748,0.0356841366946475,0.970002044693445,0.999997068196745,0.999983379322086,"group_idyes"
"4836","LINC02226","Exc L4-5 RORB GABRG1",-0.106362763902861,0.496695255563254,0.389609716496221,0.532874563927966,0.999997068196745,0.999983379322086,"group_idyes"
"4837","MIR4458HG","Exc L4-5 RORB GABRG1",-0.000482561750007409,2.19194666165451,2.21382545648342e-05,0.996248301449977,0.999997068196745,0.999983379322086,"group_idyes"
"4838","SEMA5A","Exc L4-5 RORB GABRG1",-0.180583335707513,3.06498688042102,3.47926663901407,0.0629032703388316,0.999997068196745,0.999983379322086,"group_idyes"
"4839","TAS2R1","Exc L4-5 RORB GABRG1",-0.329989459999182,1.41662198859939,4.7159326005539,0.0304947655987135,0.999997068196745,0.999983379322086,"group_idyes"
"4840","LINC02112","Exc L4-5 RORB GABRG1",-0.181006281123728,4.54507509452328,3.34443196995446,0.0682067414079061,0.999997068196745,0.999983379322086,"group_idyes"
"4841","FAM173B","Exc L4-5 RORB GABRG1",0.0311435987056869,4.76803353892881,0.376465038889546,0.539863770272127,0.999997068196745,0.999983379322086,"group_idyes"
"4842","CCT5","Exc L4-5 RORB GABRG1",0.0255159819893169,4.79688124982103,0.153640786584299,0.695297125434933,0.999997068196745,0.999983379322086,"group_idyes"
"4843","CMBL","Exc L4-5 RORB GABRG1",-0.0249307193976071,3.66643984128756,0.230741201997392,0.631247791907706,0.999997068196745,0.999983379322086,"group_idyes"
"4844","MARCH6","Exc L4-5 RORB GABRG1",0.011982561905723,7.92177958582536,0.197162821717409,0.657270385375034,0.999997068196745,0.999983379322086,"group_idyes"
"4845","ROPN1L","Exc L4-5 RORB GABRG1",-0.111411909272416,3.16551098216091,3.30553376270396,0.0768781837842963,0.999997068196745,0.999983379322086,"group_idyes"
"4846","LINC02213","Exc L4-5 RORB GABRG1",-0.0613892694200176,0.24646128537705,0.131236841485696,0.717351978478052,0.999997068196745,0.999983379322086,"group_idyes"
"4847","ANKRD33B","Exc L4-5 RORB GABRG1",-0.00107718450795419,6.90083701179273,0.000950826539464877,0.97541673835018,0.999997068196745,0.999983379322086,"group_idyes"
"4848","DAP","Exc L4-5 RORB GABRG1",-0.00462331580473685,2.80217861108772,0.00327100771384811,0.954421365353978,0.999997068196745,0.999983379322086,"group_idyes"
"4849","CTNND2","Exc L4-5 RORB GABRG1",-0.0100519328220001,10.1487552089536,0.0630357029472283,0.801894708883397,0.999997068196745,0.999983379322086,"group_idyes"
"4850","LINC01194","Exc L4-5 RORB GABRG1",-0.253438524894065,0.426128757349322,2.26917232164263,0.132790965390691,0.999997068196745,0.999983379322086,"group_idyes"
"4851","LINC02220","Exc L4-5 RORB GABRG1",0.0615282519471172,0.867747979487089,0.115159439954811,0.734530112619531,0.999997068196745,0.999983379322086,"group_idyes"
"4852","DNAH5","Exc L4-5 RORB GABRG1",-0.105024077151784,2.65980390210062,1.70656321438636,0.192212313057584,0.999997068196745,0.999983379322086,"group_idyes"
"4853","AC016576.1","Exc L4-5 RORB GABRG1",-0.103331442009929,0.155930630079702,0.243924094160318,0.621668024158231,0.999997068196745,0.999983379322086,"group_idyes"
"4854","TRIO","Exc L4-5 RORB GABRG1",-0.0148936125724951,9.21025976475464,0.208773761060045,0.647988092421075,0.999997068196745,0.999983379322086,"group_idyes"
"4855","OTULINL","Exc L4-5 RORB GABRG1",0.0223245579849483,3.06341855504631,0.110110302049377,0.740199286384525,0.999997068196745,0.999983379322086,"group_idyes"
"4856","AC010491.1","Exc L4-5 RORB GABRG1",0.0592118712451145,1.38807106124834,0.296162362249112,0.753908356953728,0.999997068196745,0.999983379322086,"group_idyes"
"4857","OTULIN","Exc L4-5 RORB GABRG1",-0.0968077274652917,3.93377257564444,3.96115946229061,0.0472688669697085,0.999997068196745,0.999983379322086,"group_idyes"
"4858","ANKH","Exc L4-5 RORB GABRG1",0.0175720180133495,7.87983748236171,0.325521582920952,0.568641183313061,0.999997068196745,0.999983379322086,"group_idyes"
"4859","FBXL7","Exc L4-5 RORB GABRG1",-0.12848246751497,2.02826656196313,1.2002732539379,0.273952414941901,0.999997068196745,0.999983379322086,"group_idyes"
"4860","MARCH11","Exc L4-5 RORB GABRG1",0.0247228013212608,5.09056474530253,0.237420663255152,0.626352792924228,0.999997068196745,0.999983379322086,"group_idyes"
"4861","AC092335.1","Exc L4-5 RORB GABRG1",-0.00260267036548572,0.943615764857895,0.0005259931465262,0.981714378496804,0.999997068196745,0.999983379322086,"group_idyes"
"4862","LINC02150","Exc L4-5 RORB GABRG1",0.192875745322768,4.02302141002002,4.1300481049491,0.0428146145978296,0.999997068196745,0.999983379322086,"group_idyes"
"4863","ZNF622","Exc L4-5 RORB GABRG1",0.0259018406087164,3.16126904425986,0.0922767438284463,0.761466673772946,0.999997068196745,0.999983379322086,"group_idyes"
"4864","RETREG1","Exc L4-5 RORB GABRG1",0.00873824207160781,7.71528712470108,0.0975915065378948,0.754908540757083,0.999997068196745,0.999983379322086,"group_idyes"
"4865","AC022113.1","Exc L4-5 RORB GABRG1",-0.191510600093981,1.4540990104489,2.85952679513205,0.0916440828102625,0.999997068196745,0.999983379322086,"group_idyes"
"4866","MYO10","Exc L4-5 RORB GABRG1",-0.16084438521899,2.99763072904552,5.26100475907805,0.0223467984688542,0.999997068196745,0.999983379322086,"group_idyes"
"4867","BASP1","Exc L4-5 RORB GABRG1",0.0448168681885035,8.81584325220647,1.37908199456206,0.240983956954771,0.999997068196745,0.999983379322086,"group_idyes"
"4868","AC026790.1","Exc L4-5 RORB GABRG1",-0.0568845577506435,2.07646781876668,0.398674169658002,0.833909769852361,0.999997068196745,0.999983379322086,"group_idyes"
"4869","BASP1-AS1","Exc L4-5 RORB GABRG1",-0.0195157722374614,7.78471813919312,0.195148080240341,0.658914205098561,0.999997068196745,0.999983379322086,"group_idyes"
"4870","LINC02217","Exc L4-5 RORB GABRG1",0.0355799092808304,6.28260605931336,0.361812383653915,0.547855665111029,0.999997068196745,0.999983379322086,"group_idyes"
"4871","LINC02218","Exc L4-5 RORB GABRG1",0.0185226909391082,0.942154989078947,0.0149356686083587,0.902795271325207,0.999997068196745,0.999983379322086,"group_idyes"
"4872","LINC02223","Exc L4-5 RORB GABRG1",0.042027305047436,6.36571196944106,0.294446123057389,0.587699526539973,0.999997068196745,0.999983379322086,"group_idyes"
"4873","AC106744.1","Exc L4-5 RORB GABRG1",-0.0487747028980414,0.790452745647666,0.0902764269625706,0.763988320691223,0.999997068196745,0.999983379322086,"group_idyes"
"4874","CDH18","Exc L4-5 RORB GABRG1",0.0194052156156529,9.49945650643923,0.260363085629846,0.610163435178334,0.999997068196745,0.999983379322086,"group_idyes"
"4875","LINC02241","Exc L4-5 RORB GABRG1",0.0226597678750466,5.52854224630593,0.217314396739766,0.641357700050308,0.999997068196745,0.999983379322086,"group_idyes"
"4876","AC093274.1","Exc L4-5 RORB GABRG1",-0.00768539495380935,0.707754452236526,0.0032474805473154,0.971898742143722,0.999997068196745,0.999983379322086,"group_idyes"
"4877","AC091946.1","Exc L4-5 RORB GABRG1",0.0658807187544088,3.9463097637042,0.670057661078421,0.413538226401212,0.999997068196745,0.999983379322086,"group_idyes"
"4878","CDH12","Exc L4-5 RORB GABRG1",-0.032690955777654,9.61460668628879,0.347548817740058,0.555850008584996,0.999997068196745,0.999983379322086,"group_idyes"
"4879","C5orf17","Exc L4-5 RORB GABRG1",-0.0560792309700242,3.46247844706771,0.0751875494172759,0.784075418109513,0.999997068196745,0.999983379322086,"group_idyes"
"4880","CDH10","Exc L4-5 RORB GABRG1",-0.0176137463726758,8.69492876681957,0.219679725708639,0.639549516132958,0.999997068196745,0.999983379322086,"group_idyes"
"4881","AC091885.2","Exc L4-5 RORB GABRG1",-0.0840407355983864,4.61158079098362,0.275778341655772,0.599784181349837,0.999997068196745,0.999983379322086,"group_idyes"
"4882","LINC02228","Exc L4-5 RORB GABRG1",0.0387537801697537,0.864682543430278,0.0815268250874609,0.775392528864977,0.999997068196745,0.999983379322086,"group_idyes"
"4883","LINC02211","Exc L4-5 RORB GABRG1",-0.732061158334892,0.313732067674957,7.08493392533303,0.00809930536612417,0.999997068196745,0.999983379322086,"group_idyes"
"4884","CDH9","Exc L4-5 RORB GABRG1",-0.0358119238637588,6.57276773387066,0.406038365732096,0.524366151203452,0.999997068196745,0.999983379322086,"group_idyes"
"4885","LINC02109","Exc L4-5 RORB GABRG1",0.336582263049194,-0.11659141540038,2.89999818128224,0.0893873002492904,0.999997068196745,0.999983379322086,"group_idyes"
"4886","CDH6","Exc L4-5 RORB GABRG1",-0.133350127438816,0.757935714744321,0.4945596588175,0.482325709279838,0.999997068196745,0.999983379322086,"group_idyes"
"4887","DROSHA","Exc L4-5 RORB GABRG1",0.0241753127265691,5.90796289147975,0.64866033918531,0.421089526077682,0.999997068196745,0.999983379322086,"group_idyes"
"4888","C5orf22","Exc L4-5 RORB GABRG1",-0.0148896293447468,4.47674674425901,0.196610409121191,0.657720092645875,0.999997068196745,0.999983379322086,"group_idyes"
"4889","PDZD2","Exc L4-5 RORB GABRG1",-0.126054897998546,6.71706411379193,3.17357496352702,0.075627231188527,0.999997068196745,0.999983379322086,"group_idyes"
"4890","AC025178.1","Exc L4-5 RORB GABRG1",-0.0304572625942211,3.2658534725397,0.195053050752851,0.658991989422837,0.999997068196745,0.999983379322086,"group_idyes"
"4891","GOLPH3","Exc L4-5 RORB GABRG1",0.00159826071924186,5.67881745840219,0.00260418593286169,0.959327122951178,0.999997068196745,0.999983379322086,"group_idyes"
"4892","AC025181.2","Exc L4-5 RORB GABRG1",-0.440379534487543,0.766465467930664,9.34908120419959,0.00238690715712509,0.999997068196745,0.999983379322086,"group_idyes"
"4893","MTMR12","Exc L4-5 RORB GABRG1",0.00889844264322576,6.28357851821298,0.0986293564909571,0.753650920869604,0.999997068196745,0.999983379322086,"group_idyes"
"4894","ZFR","Exc L4-5 RORB GABRG1",0.00533722651635071,7.03037767670817,0.0565876795235765,0.81209952384971,0.999997068196745,0.999983379322086,"group_idyes"
"4895","SUB1","Exc L4-5 RORB GABRG1",-0.000987643241488937,5.97978346892277,0.000265744943750485,0.987002163381463,0.999997068196745,0.999983379322086,"group_idyes"
"4896","NPR3","Exc L4-5 RORB GABRG1",-0.391755041540726,0.123483878415025,4.12435815314423,0.0429572258894422,0.999997068196745,0.999983379322086,"group_idyes"
"4897","AC010343.3","Exc L4-5 RORB GABRG1",-0.0328245914314544,1.40792364445555,0.0687258957100437,0.793341293970888,0.999997068196745,0.999983379322086,"group_idyes"
"4898","AC034231.1","Exc L4-5 RORB GABRG1",-0.0669893075173739,0.835523586854822,0.238828887327367,0.625331685610315,0.999997068196745,0.999983379322086,"group_idyes"
"4899","TARS","Exc L4-5 RORB GABRG1",0.0398398956165298,4.21008402811984,0.457209603981955,0.499337233738837,0.999997068196745,0.999983379322086,"group_idyes"
"4900","ADAMTS12","Exc L4-5 RORB GABRG1",-0.0515888866554794,0.405805894556131,0.121666993974784,0.727424295652355,0.999997068196745,0.999983379322086,"group_idyes"
"4901","SLC45A2","Exc L4-5 RORB GABRG1",0.036151286702328,2.36916904174807,0.179569460237229,0.671980315347922,0.999997068196745,0.999983379322086,"group_idyes"
"4902","C1QTNF3-AMACR","Exc L4-5 RORB GABRG1",-0.0125560841820197,5.44644420927896,0.0740003650474116,0.785744814307363,0.999997068196745,0.999983379322086,"group_idyes"
"4903","RAI14","Exc L4-5 RORB GABRG1",-0.100911634549334,3.34300227828965,1.68470942998098,0.195077457039738,0.999997068196745,0.999983379322086,"group_idyes"
"4904","TTC23L","Exc L4-5 RORB GABRG1",-0.0820979184533296,3.69419339968684,1.7892857720065,0.181803396131404,0.999997068196745,0.999983379322086,"group_idyes"
"4905","RAD1","Exc L4-5 RORB GABRG1",0.0018476206586121,4.11315462332873,0.00112154915763976,0.973301576052891,0.999997068196745,0.999983379322086,"group_idyes"
"4906","BRIX1","Exc L4-5 RORB GABRG1",0.015797973631473,4.10408442619536,0.0797655729715015,0.777767227445934,0.999997068196745,0.999983379322086,"group_idyes"
"4907","DNAJC21","Exc L4-5 RORB GABRG1",0.0328639761853777,5.82342704004995,0.820084220700339,0.365722309870842,0.999997068196745,0.999983379322086,"group_idyes"
"4908","PRLR","Exc L4-5 RORB GABRG1",-0.109652009875376,5.47598699155068,0.871601583257231,0.351097852939357,0.999997068196745,0.999983379322086,"group_idyes"
"4909","SPEF2","Exc L4-5 RORB GABRG1",0.000274341690080993,6.69364403487083,4.34758347524192e-05,0.99474250748419,0.999997068196745,0.999983379322086,"group_idyes"
"4910","AC137810.1","Exc L4-5 RORB GABRG1",-0.055170550652154,1.91403089163454,0.198411100849038,0.656256959716924,0.999997068196745,0.999983379322086,"group_idyes"
"4911","LMBRD2","Exc L4-5 RORB GABRG1",0.0294639242032524,6.58948635116809,1.09350261876408,0.296352992381975,0.999997068196745,0.999983379322086,"group_idyes"
"4912","SKP2","Exc L4-5 RORB GABRG1",0.0096367509996481,4.84453279954764,0.0379487502158992,0.8456489143859,0.999997068196745,0.999983379322086,"group_idyes"
"4913","NADK2","Exc L4-5 RORB GABRG1",-0.0634420290788954,4.50000643413363,2.43791159968405,0.119255976262287,0.999997068196745,0.999983379322086,"group_idyes"
"4914","RANBP3L","Exc L4-5 RORB GABRG1",0.20766581448877,1.17798880336269,2.79318028672232,0.0954793278221128,0.999997068196745,0.999983379322086,"group_idyes"
"4915","SLC1A3","Exc L4-5 RORB GABRG1",0.0288078118361959,2.32073061228623,0.04936644725757,0.824287289107511,0.999997068196745,0.999983379322086,"group_idyes"
"4916","AC008957.1","Exc L4-5 RORB GABRG1",0.110352610407709,0.812949392904754,0.673766141592079,0.412249938613392,0.999997068196745,0.999983379322086,"group_idyes"
"4917","NIPBL","Exc L4-5 RORB GABRG1",0.0170245340012198,7.70687372779333,0.332459972998826,0.564551329641701,0.999997068196745,0.999983379322086,"group_idyes"
"4918","CPLANE1","Exc L4-5 RORB GABRG1",-0.0189113207796291,7.52892095439195,0.391015835310423,0.532136640738188,0.999997068196745,0.999983379322086,"group_idyes"
"4919","NUP155","Exc L4-5 RORB GABRG1",0.00417676137795904,4.36044336148414,0.0127213176176378,0.910256810129752,0.999997068196745,0.999983379322086,"group_idyes"
"4920","WDR70","Exc L4-5 RORB GABRG1",-0.0313555511433484,7.72825708639275,1.10025938952547,0.294867657509308,0.999997068196745,0.999983379322086,"group_idyes"
"4921","GDNF-AS1","Exc L4-5 RORB GABRG1",-0.132658371240924,0.289693332730619,0.508915006015299,0.476041419231302,0.999997068196745,0.999983379322086,"group_idyes"
"4922","LINC02107","Exc L4-5 RORB GABRG1",-0.38970771536184,0.0856866900200357,4.02998518319123,0.0453972009475994,0.999997068196745,0.999983379322086,"group_idyes"
"4923","EGFLAM","Exc L4-5 RORB GABRG1",0.0215215508449037,0.494936671659177,0.0212855441813865,0.954636854202165,0.999997068196745,0.999983379322086,"group_idyes"
"4924","LIFR","Exc L4-5 RORB GABRG1",0.0273626407304778,4.87463273484502,0.345663747449184,0.556923037548769,0.999997068196745,0.999983379322086,"group_idyes"
"4925","LIFR-AS1","Exc L4-5 RORB GABRG1",-0.0333769701148346,3.88575299549998,0.198576034990916,0.656123342631282,0.999997068196745,0.999983379322086,"group_idyes"
"4926","OSMR-AS1","Exc L4-5 RORB GABRG1",0.176583809944628,0.0860238932547146,0.87510706788836,0.35013211974634,0.999997068196745,0.999983379322086,"group_idyes"
"4927","OSMR","Exc L4-5 RORB GABRG1",0.112109661225369,0.873383279360543,0.568976676075591,0.451127279913559,0.999997068196745,0.999983379322086,"group_idyes"
"4928","RICTOR","Exc L4-5 RORB GABRG1",0.00826730038822191,7.31149534554709,0.0854434219060336,0.770209423021284,0.999997068196745,0.999983379322086,"group_idyes"
"4929","FYB1","Exc L4-5 RORB GABRG1",-0.000417294250592349,1.06887012761108,0.000173825177239826,0.989487607214928,0.999997068196745,0.999983379322086,"group_idyes"
"4930","TTC33","Exc L4-5 RORB GABRG1",0.0439051747722177,5.82831667292702,1.37966072454718,0.240885443606166,0.999997068196745,0.999983379322086,"group_idyes"
"4931","PRKAA1","Exc L4-5 RORB GABRG1",-0.0153326751685688,4.93564802759279,0.183811130576508,0.736830964298203,0.999997068196745,0.999983379322086,"group_idyes"
"4932","RPL37","Exc L4-5 RORB GABRG1",0.0342238690730592,5.7866528157293,0.812565899391147,0.367926677430881,0.999997068196745,0.999983379322086,"group_idyes"
"4933","C6","Exc L4-5 RORB GABRG1",0.166321714898798,2.03768084412987,1.67322078226033,0.196603767502707,0.999997068196745,0.999983379322086,"group_idyes"
"4934","PLCXD3","Exc L4-5 RORB GABRG1",0.0396169645690618,8.48694617823511,1.13330796712421,0.287738516960635,0.999997068196745,0.999983379322086,"group_idyes"
"4935","OXCT1","Exc L4-5 RORB GABRG1",0.0227529603018912,6.83110533624627,0.511976490289652,0.474718511789328,0.999997068196745,0.999983379322086,"group_idyes"
"4936","C5orf51","Exc L4-5 RORB GABRG1",0.0347360062373274,4.21299234567948,0.73173278137225,0.467238223645185,0.999997068196745,0.999983379322086,"group_idyes"
"4937","FBXO4","Exc L4-5 RORB GABRG1",-0.0166249721134729,3.3481146634267,0.0574545582393316,0.810692963574446,0.999997068196745,0.999983379322086,"group_idyes"
"4938","GHR","Exc L4-5 RORB GABRG1",0.0752704919101505,5.95102322257053,0.858039227809911,0.354868674065919,0.999997068196745,0.999983379322086,"group_idyes"
"4939","CCDC152","Exc L4-5 RORB GABRG1",-0.0207163484206876,3.33364463585075,0.0910082720845461,0.763062235729286,0.999997068196745,0.999983379322086,"group_idyes"
"4940","SELENOP","Exc L4-5 RORB GABRG1",-0.10934662997159,1.48568935623898,0.605667668434004,0.436902039279521,0.999997068196745,0.999983379322086,"group_idyes"
"4941","ZNF131","Exc L4-5 RORB GABRG1",0.0245493651776884,7.03666870803062,0.736956220540517,0.391172166784566,0.999997068196745,0.999983379322086,"group_idyes"
"4942","NIM1K","Exc L4-5 RORB GABRG1",0.00713010036421475,6.7614806371871,0.0344524320002967,0.852845556212541,0.999997068196745,0.999983379322086,"group_idyes"
"4943","AC114947.2","Exc L4-5 RORB GABRG1",-0.144617431335714,0.931721815217996,1.02989326824724,0.310821517691008,0.999997068196745,0.999983379322086,"group_idyes"
"4944","HMGCS1","Exc L4-5 RORB GABRG1",-0.0895021320685818,5.01704761706535,1.83325117972899,0.176538800559559,0.999997068196745,0.999983379322086,"group_idyes"
"4945","CCL28","Exc L4-5 RORB GABRG1",0.0535515361884665,2.2095206876594,0.428013410178382,0.513356228298292,0.999997068196745,0.999983379322086,"group_idyes"
"4946","TMEM267","Exc L4-5 RORB GABRG1",-0.0193408248563528,5.1103765153174,0.357046706729617,0.550502538446977,0.999997068196745,0.999983379322086,"group_idyes"
"4947","C5orf34","Exc L4-5 RORB GABRG1",-0.0666269849046332,2.79163039837232,0.917444635534263,0.338748334423121,0.999997068196745,0.999983379322086,"group_idyes"
"4948","AC114956.2","Exc L4-5 RORB GABRG1",0.0949474117869755,-0.031393178393721,0.243318329393908,0.622101088100552,0.999997068196745,0.999983379322086,"group_idyes"
"4949","PAIP1","Exc L4-5 RORB GABRG1",0.026954402015574,5.59246697325808,0.559662754795008,0.677979097770076,0.999997068196745,0.999983379322086,"group_idyes"
"4950","NNT-AS1","Exc L4-5 RORB GABRG1",0.0142420137766161,5.96097074719817,0.158661598224493,0.690612706714359,0.999997068196745,0.999983379322086,"group_idyes"
"4951","NNT","Exc L4-5 RORB GABRG1",-0.00147255428116306,6.92269231601005,0.00278643565889852,0.957929256416583,0.999997068196745,0.999983379322086,"group_idyes"
"4952","FGF10","Exc L4-5 RORB GABRG1",0.0320796041697957,4.73015565025733,0.0756160356047918,0.783476372251301,0.999997068196745,0.999983379322086,"group_idyes"
"4953","FGF10-AS1","Exc L4-5 RORB GABRG1",0.00476394803047665,2.15790835387452,0.00157957891960537,0.968317904450069,0.999997068196745,0.999983379322086,"group_idyes"
"4954","LINC02224","Exc L4-5 RORB GABRG1",0.00889583386267641,1.80322208412862,0.00446727087793836,0.946745672751592,0.999997068196745,0.999983379322086,"group_idyes"
"4955","MRPS30-DT","Exc L4-5 RORB GABRG1",0.0152180816261462,7.10021711034142,0.143913171499455,0.704630665369089,0.999997068196745,0.999983379322086,"group_idyes"
"4956","AC093297.1","Exc L4-5 RORB GABRG1",0.0956980150230546,0.823368185105491,0.470068089209497,0.493368758789753,0.999997068196745,0.999983379322086,"group_idyes"
"4957","MRPS30","Exc L4-5 RORB GABRG1",0.0708482797011369,5.18974168348835,1.89027661965033,0.169970889089007,0.999997068196745,0.999983379322086,"group_idyes"
"4958","AC093297.2","Exc L4-5 RORB GABRG1",0.0717454478877889,4.7038648112765,2.06969155685935,0.151064901977324,0.999997068196745,0.999983379322086,"group_idyes"
"4959","HCN1","Exc L4-5 RORB GABRG1",-0.0151552531660826,8.82385394621889,0.137473008803721,0.711010283615605,0.999997068196745,0.999983379322086,"group_idyes"
"4960","AC122694.1","Exc L4-5 RORB GABRG1",0.477903912581166,0.0677233222447889,5.64611047709497,0.0179829368883156,0.999997068196745,0.999983379322086,"group_idyes"
"4961","EMB","Exc L4-5 RORB GABRG1",0.0324404055147366,5.60228760512698,0.413475583478106,0.520593733915746,0.999997068196745,0.999983379322086,"group_idyes"
"4962","PARP8","Exc L4-5 RORB GABRG1",0.0134439561416828,7.80151600119165,0.136069251762945,0.712423318158797,0.999997068196745,0.999983379322086,"group_idyes"
"4963","AC022126.1","Exc L4-5 RORB GABRG1",0.0514785658341438,2.13252577829063,0.245811226691513,0.620323180153716,0.999997068196745,0.999983379322086,"group_idyes"
"4964","ITGA1","Exc L4-5 RORB GABRG1",0.119243787346892,2.02024383783536,2.12452467097033,0.145773495547278,0.999997068196745,0.999983379322086,"group_idyes"
"4965","AC025180.1","Exc L4-5 RORB GABRG1",-0.0231119406804644,0.857245297750717,0.0386288345540718,0.844289588182969,0.999997068196745,0.999983379322086,"group_idyes"
"4966","ITGA2","Exc L4-5 RORB GABRG1",-0.129293898926879,0.70657955164138,0.674240228021346,0.412085673834864,0.999997068196745,0.999983379322086,"group_idyes"
"4967","AC008966.2","Exc L4-5 RORB GABRG1",0.200343317899497,1.40110558371288,3.50047419660915,0.144468465097881,0.999997068196745,0.999983379322086,"group_idyes"
"4968","MOCS2","Exc L4-5 RORB GABRG1",0.0697156828813536,4.81136307308716,1.75479626999418,0.186061205896495,0.999997068196745,0.999983379322086,"group_idyes"
"4969","AC008966.1","Exc L4-5 RORB GABRG1",-0.174046471017944,1.87083785649788,3.27635476791091,0.0710649945241237,0.999997068196745,0.999983379322086,"group_idyes"
"4970","NDUFS4","Exc L4-5 RORB GABRG1",-0.0226841891577798,5.91110083604382,0.635598969332811,0.555981134499195,0.999997068196745,0.999983379322086,"group_idyes"
"4971","ARL15","Exc L4-5 RORB GABRG1",0.00913280466467257,7.99338475573687,0.0669565015480605,0.795959156514898,0.999997068196745,0.999983379322086,"group_idyes"
"4972","LINC01033","Exc L4-5 RORB GABRG1",0.0341742628568522,1.00789597605402,0.0650087561913587,0.798883939437328,0.999997068196745,0.999983379322086,"group_idyes"
"4973","HSPB3","Exc L4-5 RORB GABRG1",-0.093847855028819,0.703836933759869,0.245712464257178,0.620393402329242,0.999997068196745,0.999983379322086,"group_idyes"
"4974","SNX18","Exc L4-5 RORB GABRG1",0.0471155290181011,3.5112892666339,0.693172875582104,0.405603773568241,0.999997068196745,0.999983379322086,"group_idyes"
"4975","CCNO","Exc L4-5 RORB GABRG1",0.0681493607518472,3.22541059593666,0.777151298778206,0.378564206084073,0.999997068196745,0.999983379322086,"group_idyes"
"4976","AC026704.1","Exc L4-5 RORB GABRG1",0.0304357686082908,4.0884936576395,0.266885243939538,0.605725692144589,0.999997068196745,0.999983379322086,"group_idyes"
"4977","DHX29","Exc L4-5 RORB GABRG1",0.00103743307668277,5.9254368220651,0.00101622637196984,0.974585630433801,0.999997068196745,0.999983379322086,"group_idyes"
"4978","MTREX","Exc L4-5 RORB GABRG1",-0.0187745968735982,6.12982566443611,0.523475802019268,0.469802419550386,0.999997068196745,0.999983379322086,"group_idyes"
"4979","PLPP1","Exc L4-5 RORB GABRG1",-0.0159028902239239,6.71643104115415,0.355510643584579,0.551360785276463,0.999997068196745,0.999983379322086,"group_idyes"
"4980","SLC38A9","Exc L4-5 RORB GABRG1",-0.0417194753703782,5.91337338285344,1.75520553089587,0.186010005406446,0.999997068196745,0.999983379322086,"group_idyes"
"4981","DDX4","Exc L4-5 RORB GABRG1",0.218304004616913,1.72320058438206,4.70117943938941,0.0307542942451212,0.999997068196745,0.999983379322086,"group_idyes"
"4982","IL6ST","Exc L4-5 RORB GABRG1",0.0438969513763325,5.73958228399999,1.03949012202271,0.30858077714271,0.999997068196745,0.999983379322086,"group_idyes"
"4983","AC008892.1","Exc L4-5 RORB GABRG1",-0.165651567821283,1.76877211197767,2.25039967268622,0.134400058544979,0.999997068196745,0.999983379322086,"group_idyes"
"4984","ANKRD55","Exc L4-5 RORB GABRG1",-0.059605107309595,4.98805479294899,0.599099044759267,0.439397351537028,0.999997068196745,0.999983379322086,"group_idyes"
"4985","LINC01948","Exc L4-5 RORB GABRG1",0.111778780082161,1.93640086864397,1.28201637491696,0.258229647072186,0.999997068196745,0.999983379322086,"group_idyes"
"4986","C5orf67","Exc L4-5 RORB GABRG1",-0.263526401704143,0.768931507813884,2.66147056387819,0.103623904658287,0.999997068196745,0.999983379322086,"group_idyes"
"4987","MAP3K1","Exc L4-5 RORB GABRG1",-0.0227114335899952,3.65005786077951,0.155734324367597,0.942317218068028,0.999997068196745,0.999983379322086,"group_idyes"
"4988","SETD9","Exc L4-5 RORB GABRG1",0.0832148602396061,0.868880397579163,0.423875993676699,0.515397968036029,0.999997068196745,0.999983379322086,"group_idyes"
"4989","MIER3","Exc L4-5 RORB GABRG1",0.0188456692801362,3.94731992129259,0.188033096823379,0.664801758896266,0.999997068196745,0.999983379322086,"group_idyes"
"4990","AC016644.1","Exc L4-5 RORB GABRG1",0.36630650354028,0.0192305142289075,3.65559961659429,0.056623532666242,0.999997068196745,0.999983379322086,"group_idyes"
"4991","GPBP1","Exc L4-5 RORB GABRG1",0.0380290545664034,7.07177069916306,2.37262933687578,0.1243009743795,0.999997068196745,0.999983379322086,"group_idyes"
"4992","AC025470.2","Exc L4-5 RORB GABRG1",0.0623152301214246,1.0789638690324,0.199649043207194,0.655255693483579,0.999997068196745,0.999983379322086,"group_idyes"
"4993","AC008780.1","Exc L4-5 RORB GABRG1",0.0768527559011825,0.7992182186346,0.325401270866634,0.568712609990342,0.999997068196745,0.999983379322086,"group_idyes"
"4994","AC008780.2","Exc L4-5 RORB GABRG1",0.155746366502869,2.3039087544391,1.48132043835258,0.224314085787076,0.999997068196745,0.999983379322086,"group_idyes"
"4995","PLK2","Exc L4-5 RORB GABRG1",0.0439581055750588,5.71567392743547,0.469350950604944,0.493698457659281,0.999997068196745,0.999983379322086,"group_idyes"
"4996","LINC02108","Exc L4-5 RORB GABRG1",-0.0373302183580134,0.688131619658966,0.0700987479186212,0.791334843636102,0.999997068196745,0.999983379322086,"group_idyes"
"4997","RAB3C","Exc L4-5 RORB GABRG1",0.0360740181957576,6.11757681844624,0.55558201521226,0.456500931742035,0.999997068196745,0.999983379322086,"group_idyes"
"4998","PDE4D","Exc L4-5 RORB GABRG1",-0.0183836353693126,11.202747233475,0.23771036616053,0.626142422727473,0.999997068196745,0.999983379322086,"group_idyes"
"4999","AC092343.1","Exc L4-5 RORB GABRG1",-0.0479639670134786,1.60090198453422,0.122162855194945,0.726891670448349,0.999997068196745,0.999983379322086,"group_idyes"
"5000","PART1","Exc L4-5 RORB GABRG1",0.0383291108487733,6.31571838829437,0.857538961585402,0.355008824995611,0.999997068196745,0.999983379322086,"group_idyes"
"5001","DEPDC1B","Exc L4-5 RORB GABRG1",-0.0861716639295479,1.94726668125202,0.887128463808889,0.346847688532192,0.999997068196745,0.999983379322086,"group_idyes"
"5002","ELOVL7","Exc L4-5 RORB GABRG1",-0.147540075971857,4.4569750302666,8.57201220538514,0.0036166296819797,0.999997068196745,0.999983379322086,"group_idyes"
"5003","ERCC8","Exc L4-5 RORB GABRG1",0.000785683220406212,5.63936901957354,0.000504750250280208,0.982087364187002,0.999997068196745,0.999983379322086,"group_idyes"
"5004","NDUFAF2","Exc L4-5 RORB GABRG1",0.0183570941597711,6.2286233436589,0.327002312760981,0.567763536265408,0.999997068196745,0.999983379322086,"group_idyes"
"5005","SMIM15","Exc L4-5 RORB GABRG1",0.0439524708032742,2.62381931314179,0.292150856591294,0.58915826321229,0.999997068196745,0.999983379322086,"group_idyes"
"5006","SMIM15-AS1","Exc L4-5 RORB GABRG1",-0.00685908079273963,3.48408288431241,0.0177035087487089,0.894219817461098,0.999997068196745,0.999983379322086,"group_idyes"
"5007","ZSWIM6","Exc L4-5 RORB GABRG1",-0.0152042883224869,7.83122853435101,0.190699086642041,0.662580387188361,0.999997068196745,0.999983379322086,"group_idyes"
"5008","KIF2A","Exc L4-5 RORB GABRG1",0.0334609614943703,6.42364521352295,2.1577657353465,0.142667987031279,0.999997068196745,0.999983379322086,"group_idyes"
"5009","DIMT1","Exc L4-5 RORB GABRG1",-0.0669823536265646,3.86018286248279,2.28159678242004,0.131737885980423,0.999997068196745,0.999983379322086,"group_idyes"
"5010","IPO11","Exc L4-5 RORB GABRG1",-0.0456964125264259,5.41376646174562,1.44087975266289,0.230735612538966,0.999997068196745,0.999983379322086,"group_idyes"
"5011","RNF180","Exc L4-5 RORB GABRG1",-0.0226572780556004,6.57650000685123,0.47060288786128,0.493123129963626,0.999997068196745,0.999983379322086,"group_idyes"
"5012","RGS7BP","Exc L4-5 RORB GABRG1",0.00272292672310015,6.28805959690726,0.00473252596641631,0.945189845770829,0.999997068196745,0.999983379322086,"group_idyes"
"5013","SREK1IP1","Exc L4-5 RORB GABRG1",0.0323505100759091,5.23348685713278,0.784844796857611,0.843089144290723,0.999997068196745,0.999983379322086,"group_idyes"
"5014","CWC27","Exc L4-5 RORB GABRG1",-0.0109244119716056,7.00007434651676,0.140128285695508,0.708359743884516,0.999997068196745,0.999983379322086,"group_idyes"
"5015","ADAMTS6","Exc L4-5 RORB GABRG1",0.0614386295828748,2.25202228213628,0.284217311506604,0.594258086895799,0.999997068196745,0.999983379322086,"group_idyes"
"5016","CENPK","Exc L4-5 RORB GABRG1",0.0687994702682448,1.90965792364314,0.48845297877417,0.485040479412987,0.999997068196745,0.999983379322086,"group_idyes"
"5017","PPWD1","Exc L4-5 RORB GABRG1",0.000507814950683143,5.28928095486118,0.000227814931864783,0.987965379103075,0.999997068196745,0.999983379322086,"group_idyes"
"5018","TRIM23","Exc L4-5 RORB GABRG1",0.0351019377736936,6.16266309045428,0.75148899046864,0.386545543841452,0.999997068196745,0.999983379322086,"group_idyes"
"5019","TRAPPC13","Exc L4-5 RORB GABRG1",-0.00209351203856661,5.28688960464544,0.00333274073745794,0.953993752211355,0.999997068196745,0.999983379322086,"group_idyes"
"5020","SGTB","Exc L4-5 RORB GABRG1",-0.0262760571454063,5.95199131036681,0.474451294568392,0.491361619676209,0.999997068196745,0.999983379322086,"group_idyes"
"5021","NLN","Exc L4-5 RORB GABRG1",-0.0405841437497203,6.01085577434371,1.32053033977422,0.251210789967986,0.999997068196745,0.999983379322086,"group_idyes"
"5022","ERBIN","Exc L4-5 RORB GABRG1",0.00128894569007978,6.22291913330922,0.00125738887325202,0.971731587611673,0.999997068196745,0.999983379322086,"group_idyes"
"5023","SREK1","Exc L4-5 RORB GABRG1",0.0329695307924853,6.27250366647623,1.04271206943015,0.307833216547127,0.999997068196745,0.999983379322086,"group_idyes"
"5024","MAST4","Exc L4-5 RORB GABRG1",-0.0172483515901364,8.78072270449846,0.221394627496674,0.638245967007405,0.999997068196745,0.999983379322086,"group_idyes"
"5025","AC112206.2","Exc L4-5 RORB GABRG1",0.130013276707378,2.64765842066241,2.34222678503024,0.126731247662167,0.999997068196745,0.999983379322086,"group_idyes"
"5026","AC106798.1","Exc L4-5 RORB GABRG1",-0.0921031604730501,1.37087315220301,0.529533571271025,0.467245634531716,0.999997068196745,0.999983379322086,"group_idyes"
"5027","PIK3R1","Exc L4-5 RORB GABRG1",0.0148494636757913,8.20093041596951,0.209931211920227,0.647080008979337,0.999997068196745,0.999983379322086,"group_idyes"
"5028","AC010280.2","Exc L4-5 RORB GABRG1",0.0835642394965004,1.74090226049735,0.742868633804772,0.389280384840002,0.999997068196745,0.999983379322086,"group_idyes"
"5029","AC010280.1","Exc L4-5 RORB GABRG1",-0.116296471758758,0.854715204174244,0.689484327222252,0.406854799966996,0.999997068196745,0.999983379322086,"group_idyes"
"5030","AC093523.1","Exc L4-5 RORB GABRG1",0.0495119629249801,6.55746993781282,0.70693043175278,0.400986966251515,0.999997068196745,0.999983379322086,"group_idyes"
"5031","LINC02198","Exc L4-5 RORB GABRG1",0.0526258989027679,4.45456289517521,0.923724503306771,0.337102579653588,0.999997068196745,0.999983379322086,"group_idyes"
"5032","SLC30A5","Exc L4-5 RORB GABRG1",0.00610762026175262,5.39377837629729,0.0390920278596804,0.893628300852555,0.999997068196745,0.999983379322086,"group_idyes"
"5033","AC010273.1","Exc L4-5 RORB GABRG1",0.0266570681276622,1.02727050375763,0.0444176207367188,0.833190125733172,0.999997068196745,0.999983379322086,"group_idyes"
"5034","CCNB1","Exc L4-5 RORB GABRG1",0.0217188674451364,2.34203942815308,0.090070316314473,0.764249873696172,0.999997068196745,0.999983379322086,"group_idyes"
"5035","CENPH","Exc L4-5 RORB GABRG1",-0.103630161992077,1.48613398194824,1.21728754252872,0.270583259174786,0.999997068196745,0.999983379322086,"group_idyes"
"5036","MRPS36","Exc L4-5 RORB GABRG1",-0.000159570731475658,4.71651627966814,8.55515545653887e-06,0.997667771031366,0.999997068196745,0.999983379322086,"group_idyes"
"5037","CDK7","Exc L4-5 RORB GABRG1",-0.0373932992827201,4.62579622151557,1.09942488060647,0.295050588310555,0.999997068196745,0.999983379322086,"group_idyes"
"5038","CCDC125","Exc L4-5 RORB GABRG1",0.0102405402105673,4.24329012172888,0.040220184781767,0.841156659906934,0.999997068196745,0.999983379322086,"group_idyes"
"5039","AK6","Exc L4-5 RORB GABRG1",-0.01554611165521,3.92690160942195,0.0944590002460169,0.758749496349677,0.999997068196745,0.999983379322086,"group_idyes"
"5040","RAD17","Exc L4-5 RORB GABRG1",-0.038909868683087,4.59497726145866,0.766152705697584,0.381956001050548,0.999997068196745,0.999983379322086,"group_idyes"
"5041","MARVELD2","Exc L4-5 RORB GABRG1",-0.0049755716420151,0.555144236760024,0.00132741625935847,0.97095542022989,0.999997068196745,0.999983379322086,"group_idyes"
"5042","OCLN","Exc L4-5 RORB GABRG1",0.078013841953468,2.37528728009829,0.667580368785513,0.414402135052391,0.999997068196745,0.999983379322086,"group_idyes"
"5043","GTF2H2C","Exc L4-5 RORB GABRG1",0.065160982146911,4.95822959061252,0.937063516703108,0.33364230675762,0.999997068196745,0.999983379322086,"group_idyes"
"5044","SERF1B","Exc L4-5 RORB GABRG1",-0.324204523900656,0.616793787405393,4.87089710829973,0.0279031591494068,0.999997068196745,0.999983379322086,"group_idyes"
"5045","SMN2","Exc L4-5 RORB GABRG1",0.00780555276620966,1.57729181268222,0.00420601388006976,0.94832409890813,0.999997068196745,0.999983379322086,"group_idyes"
"5046","AC146944.4","Exc L4-5 RORB GABRG1",-0.188355896675404,0.8189704816931,1.55636527169197,0.21295703343549,0.999997068196745,0.999983379322086,"group_idyes"
"5047","SERF1A","Exc L4-5 RORB GABRG1",0.0300143036597345,0.755178342799135,0.0549847705324131,0.814730642539779,0.999997068196745,0.999983379322086,"group_idyes"
"5048","SMN1","Exc L4-5 RORB GABRG1",-0.0758144294877805,1.28098382307965,0.489522970427093,0.484562984813762,0.999997068196745,0.999983379322086,"group_idyes"
"5049","NAIP","Exc L4-5 RORB GABRG1",0.0162428672709428,5.15791394333694,0.0685401248087945,0.79361444211398,0.999997068196745,0.999983379322086,"group_idyes"
"5050","GTF2H2","Exc L4-5 RORB GABRG1",0.0262169180080361,4.82455678822909,0.0983745012158134,0.75395906715827,0.999997068196745,0.999983379322086,"group_idyes"
"5051","LINC02197","Exc L4-5 RORB GABRG1",0.262619946910021,1.59415277337975,4.12167249801353,0.043024712542569,0.999997068196745,0.999983379322086,"group_idyes"
"5052","BDP1","Exc L4-5 RORB GABRG1",0.00514537578774402,7.49940605728048,0.0226686847467829,0.880400750159825,0.999997068196745,0.999983379322086,"group_idyes"
"5053","MCCC2","Exc L4-5 RORB GABRG1",-0.0273420157075208,4.6041075393304,0.249587159439975,0.617651503447843,0.999997068196745,0.999983379322086,"group_idyes"
"5054","CARTPT","Exc L4-5 RORB GABRG1",0.0424642021658845,0.643165027466466,0.0435292625482893,0.834842290896486,0.999997068196745,0.999983379322086,"group_idyes"
"5055","MAP1B","Exc L4-5 RORB GABRG1",0.0125296384539779,9.56429734999212,0.0990672842365471,0.753122441194268,0.999997068196745,0.999983379322086,"group_idyes"
"5056","MRPS27","Exc L4-5 RORB GABRG1",-0.0409762971482225,5.6146057867381,1.79764375142707,0.180788707542307,0.999997068196745,0.999983379322086,"group_idyes"
"5057","PTCD2","Exc L4-5 RORB GABRG1",0.0494516427157123,3.75323142239792,0.984497266682963,0.32171464200083,0.999997068196745,0.999983379322086,"group_idyes"
"5058","LINC02056","Exc L4-5 RORB GABRG1",-0.0465211156215506,0.598817905961214,0.0978946000350529,0.754540509617983,0.999997068196745,0.999983379322086,"group_idyes"
"5059","AC063979.2","Exc L4-5 RORB GABRG1",-0.00405401836799408,1.53171180139452,0.00112291412038898,0.973285340648876,0.999997068196745,0.999983379322086,"group_idyes"
"5060","AC035140.1","Exc L4-5 RORB GABRG1",-0.0566398310158961,1.84973974060173,0.304610799074276,0.581326641057657,0.999997068196745,0.999983379322086,"group_idyes"
"5061","TNPO1","Exc L4-5 RORB GABRG1",-0.0294941289442525,7.29751090044376,0.989795170567808,0.32041774952639,0.999997068196745,0.999983379322086,"group_idyes"
"5062","FCHO2","Exc L4-5 RORB GABRG1",-0.00934199609951836,6.43412238264664,0.0603684835616725,0.806045500232896,0.999997068196745,0.999983379322086,"group_idyes"
"5063","BTF3","Exc L4-5 RORB GABRG1",0.00122342074811729,5.2848763993479,0.000122419529254344,0.99117785234767,0.999997068196745,0.999983379322086,"group_idyes"
"5064","ANKRA2","Exc L4-5 RORB GABRG1",-0.0203857048822396,3.60272789701273,0.135149771200949,0.713353370626843,0.999997068196745,0.999983379322086,"group_idyes"
"5065","UTP15","Exc L4-5 RORB GABRG1",0.0247830994735806,2.51248441109645,0.149713901063187,0.800896756709839,0.999997068196745,0.999983379322086,"group_idyes"
"5066","ARHGEF28","Exc L4-5 RORB GABRG1",-0.126007113959729,3.82692329340204,2.20182270748437,0.138666422412556,0.999997068196745,0.999983379322086,"group_idyes"
"5067","LINC01331","Exc L4-5 RORB GABRG1",-0.031080024361568,0.468329763112176,0.0286104289418807,0.865770560623145,0.999997068196745,0.999983379322086,"group_idyes"
"5068","ENC1","Exc L4-5 RORB GABRG1",-0.0157116367421801,6.17224887088441,0.0391545246516649,0.843247354497269,0.999997068196745,0.999983379322086,"group_idyes"
"5069","HEXB","Exc L4-5 RORB GABRG1",-0.0171406906970862,5.25254407457343,0.260560641074371,0.610027991605652,0.999997068196745,0.999983379322086,"group_idyes"
"5070","GFM2","Exc L4-5 RORB GABRG1",-0.0125251554234255,5.10657229263082,0.118132598031392,0.731256486375183,0.999997068196745,0.999983379322086,"group_idyes"
"5071","NSA2","Exc L4-5 RORB GABRG1",0.0386513164129954,4.72930722923543,0.650953567878208,0.420270435174712,0.999997068196745,0.999983379322086,"group_idyes"
"5072","FAM169A","Exc L4-5 RORB GABRG1",0.00914421157566441,7.0436881605476,0.102273982439258,0.749291239753412,0.999997068196745,0.999983379322086,"group_idyes"
"5073","AC116337.3","Exc L4-5 RORB GABRG1",-0.138737297954069,1.52394212492328,1.13366851640011,0.287661962026901,0.999997068196745,0.999983379322086,"group_idyes"
"5074","GCNT4","Exc L4-5 RORB GABRG1",0.0214271741113075,2.70565370703304,0.067781104864124,0.794734596831709,0.999997068196745,0.999983379322086,"group_idyes"
"5075","LINC01336","Exc L4-5 RORB GABRG1",-0.024032014077253,1.92386709236675,0.0489094828367188,0.8250891622176,0.999997068196745,0.999983379322086,"group_idyes"
"5076","ANKRD31","Exc L4-5 RORB GABRG1",-0.0237556622609318,2.81782345886782,0.115036282796244,0.853465606669806,0.999997068196745,0.999983379322086,"group_idyes"
"5077","HMGCR","Exc L4-5 RORB GABRG1",-0.078817639856157,5.323779438556,2.45815223547021,0.117738327957862,0.999997068196745,0.999983379322086,"group_idyes"
"5078","COL4A3BP","Exc L4-5 RORB GABRG1",0.0183521678613523,6.76523419919504,0.526879436340997,0.468363093626651,0.999997068196745,0.999983379322086,"group_idyes"
"5079","AC008897.3","Exc L4-5 RORB GABRG1",-0.19056852109622,0.214073495217923,1.03226028011698,0.310266884610973,0.999997068196745,0.999983379322086,"group_idyes"
"5080","POLK","Exc L4-5 RORB GABRG1",0.00695936169353532,6.37888796605081,0.0578513874706818,0.943160038542663,0.999997068196745,0.999983379322086,"group_idyes"
"5081","AC010245.2","Exc L4-5 RORB GABRG1",-0.0865217591655758,1.59456058156715,0.8551795012694,0.355670859356935,0.999997068196745,0.999983379322086,"group_idyes"
"5082","ANKDD1B","Exc L4-5 RORB GABRG1",0.0525345888598661,4.12761106247737,0.941174585114043,0.33258545346559,0.999997068196745,0.999983379322086,"group_idyes"
"5083","POC5","Exc L4-5 RORB GABRG1",-0.0072507172014212,4.53101672226099,0.0284496986752778,0.866144553640103,0.999997068196745,0.999983379322086,"group_idyes"
"5084","SV2C","Exc L4-5 RORB GABRG1",-0.202088831162285,3.05759899453753,1.48439629266397,0.223834541250526,0.999997068196745,0.999983379322086,"group_idyes"
"5085","IQGAP2","Exc L4-5 RORB GABRG1",-0.122385386386326,0.51429845089014,0.646595232849969,0.421829182746591,0.999997068196745,0.999983379322086,"group_idyes"
"5086","S100Z","Exc L4-5 RORB GABRG1",-0.0198941575859882,0.375317919602047,0.0141962329967302,0.905220334240204,0.999997068196745,0.999983379322086,"group_idyes"
"5087","CRHBP","Exc L4-5 RORB GABRG1",0.482165426902826,0.418151934106799,7.64933143949691,0.00595304907830522,0.999997068196745,0.999983379322086,"group_idyes"
"5088","AGGF1","Exc L4-5 RORB GABRG1",0.00174841351857953,0.403564985492325,0.000707777117630998,0.978789312226343,0.999997068196745,0.999983379322086,"group_idyes"
"5089","AC008581.2","Exc L4-5 RORB GABRG1",-0.00282473251482048,3.2464590863179,0.00210945908202379,0.96339079115409,0.999997068196745,0.999983379322086,"group_idyes"
"5090","ZBED3","Exc L4-5 RORB GABRG1",0.0544075224352826,2.91005882123974,0.828067024789808,0.363401801918189,0.999997068196745,0.999983379322086,"group_idyes"
"5091","AC022414.1","Exc L4-5 RORB GABRG1",0.0938362925150065,1.53277490094641,0.805207215786688,0.370102217019187,0.999997068196745,0.999983379322086,"group_idyes"
"5092","PDE8B","Exc L4-5 RORB GABRG1",-0.0957661374947233,3.87470551203642,1.64243297730188,0.20076381516956,0.999997068196745,0.999983379322086,"group_idyes"
"5093","WDR41","Exc L4-5 RORB GABRG1",-0.0188706951437211,5.36748647320479,0.305628766699257,0.977556229069419,0.999997068196745,0.999983379322086,"group_idyes"
"5094","TBCA","Exc L4-5 RORB GABRG1",-0.022108331693745,6.63131823534179,0.708911800898119,0.470576808168242,0.999997068196745,0.999983379322086,"group_idyes"
"5095","AP3B1","Exc L4-5 RORB GABRG1",-0.0206364258557603,5.87317257595967,0.346299562480512,0.556560676272764,0.999997068196745,0.999983379322086,"group_idyes"
"5096","SCAMP1-AS1","Exc L4-5 RORB GABRG1",-0.109659803732419,2.02266336820889,1.91157830278074,0.167590050724867,0.999997068196745,0.999983379322086,"group_idyes"
"5097","SCAMP1","Exc L4-5 RORB GABRG1",0.0111026758990774,6.47284137066909,0.158617203111295,0.690653748568093,0.999997068196745,0.999983379322086,"group_idyes"
"5098","LHFPL2","Exc L4-5 RORB GABRG1",-0.075468508800024,5.37279466487951,1.20419612491605,0.273170957766563,0.999997068196745,0.999983379322086,"group_idyes"
"5099","ARSB","Exc L4-5 RORB GABRG1",-0.0348876648033656,5.67546838222313,0.652624201944288,0.419675220151745,0.999997068196745,0.999983379322086,"group_idyes"
"5100","DMGDH","Exc L4-5 RORB GABRG1",0.0054046571997098,4.74077164589885,0.0105006658175568,0.918434824694644,0.999997068196745,0.999983379322086,"group_idyes"
"5101","BHMT2","Exc L4-5 RORB GABRG1",-0.0425068856690226,2.86239153398508,0.241655521549054,0.623293293028735,0.999997068196745,0.999983379322086,"group_idyes"
"5102","BHMT","Exc L4-5 RORB GABRG1",0.0793781379821555,0.660047551031973,0.309292718480381,0.578437822259728,0.999997068196745,0.999983379322086,"group_idyes"
"5103","JMY","Exc L4-5 RORB GABRG1",0.0108828912414243,6.26833251227228,0.146910492897597,0.856801051113824,0.999997068196745,0.999983379322086,"group_idyes"
"5104","HOMER1","Exc L4-5 RORB GABRG1",0.0247114213595613,7.29092167128279,0.304645802639822,0.581304936040711,0.999997068196745,0.999983379322086,"group_idyes"
"5105","TENT2","Exc L4-5 RORB GABRG1",-0.0477437007808848,6.91526249867824,2.31177366031234,0.129218858827168,0.999997068196745,0.999983379322086,"group_idyes"
"5106","CMYA5","Exc L4-5 RORB GABRG1",-0.0307495896275126,5.85527383878156,0.334553737922888,0.563328327573905,0.999997068196745,0.999983379322086,"group_idyes"
"5107","AC008496.2","Exc L4-5 RORB GABRG1",0.0513578444243389,0.589667811038553,0.116077248883007,0.733514565665206,0.999997068196745,0.999983379322086,"group_idyes"
"5108","MTX3","Exc L4-5 RORB GABRG1",-0.00161553603783219,4.61357080184237,0.00151808164117677,0.968940442732019,0.999997068196745,0.999983379322086,"group_idyes"
"5109","THBS4","Exc L4-5 RORB GABRG1",0.0977152458558979,3.55478642334964,2.60097913710217,0.107617652144145,0.999997068196745,0.999983379322086,"group_idyes"
"5110","AC012636.1","Exc L4-5 RORB GABRG1",0.0627690530660711,2.26229693671162,0.267842403550334,0.605080226540017,0.999997068196745,0.999983379322086,"group_idyes"
"5111","SERINC5","Exc L4-5 RORB GABRG1",-0.0535923399824302,5.97010074521226,1.37619421901566,0.241476259077295,0.999997068196745,0.999983379322086,"group_idyes"
"5112","AC010260.1","Exc L4-5 RORB GABRG1",0.0416739243328649,1.96125684234666,0.0901894206165086,0.764098691399756,0.999997068196745,0.999983379322086,"group_idyes"
"5113","ZFYVE16","Exc L4-5 RORB GABRG1",-0.00361185477964624,6.30097150980155,0.0132157946024741,0.908536825068703,0.999997068196745,0.999983379322086,"group_idyes"
"5114","AC008771.1","Exc L4-5 RORB GABRG1",0.00437369259718562,3.04387147116682,0.0042202979432929,0.948236548381159,0.999997068196745,0.999983379322086,"group_idyes"
"5115","FAM151B","Exc L4-5 RORB GABRG1",0.00368471819787186,4.83923794735592,0.00817366076991047,0.9280098101582,0.999997068196745,0.999983379322086,"group_idyes"
"5116","LINC01337","Exc L4-5 RORB GABRG1",0.120494971550387,0.604256589843778,0.649885004578405,0.420651805735982,0.999997068196745,0.999983379322086,"group_idyes"
"5117","DHFR","Exc L4-5 RORB GABRG1",0.1970908787719,7.42664299705172,3.03699575624479,0.0821854038364305,0.999997068196745,0.999983379322086,"group_idyes"
"5118","MSH3","Exc L4-5 RORB GABRG1",-0.0219060030938778,6.40805605698747,0.37884025014277,0.538588490483245,0.999997068196745,0.999983379322086,"group_idyes"
"5119","RASGRF2","Exc L4-5 RORB GABRG1",-0.0470252071133,4.4116368884965,0.317967182074863,0.573160403668761,0.999997068196745,0.999983379322086,"group_idyes"
"5120","CKMT2-AS1","Exc L4-5 RORB GABRG1",-0.0310524669911898,6.00202535335466,0.474390969577698,0.491389150533098,0.999997068196745,0.999983379322086,"group_idyes"
"5121","CKMT2","Exc L4-5 RORB GABRG1",-0.0431986790029101,1.60318888963921,0.119936210482416,0.729293003849338,0.999997068196745,0.999983379322086,"group_idyes"
"5122","ZCCHC9","Exc L4-5 RORB GABRG1",-0.0351675120593601,4.02714285424925,0.690654239282074,0.406457395048369,0.999997068196745,0.999983379322086,"group_idyes"
"5123","ACOT12","Exc L4-5 RORB GABRG1",-0.0872979676287096,0.581922725734173,0.290433888798999,0.590254318034461,0.999997068196745,0.999983379322086,"group_idyes"
"5124","SSBP2","Exc L4-5 RORB GABRG1",-0.00206814316813479,8.0061248645976,0.00319793179772883,0.95493281554268,0.999997068196745,0.999983379322086,"group_idyes"
"5125","ATG10","Exc L4-5 RORB GABRG1",-0.0323664698252005,6.04978659022374,0.3834690628731,0.53611899219942,0.999997068196745,0.999983379322086,"group_idyes"
"5126","RPS23","Exc L4-5 RORB GABRG1",0.0805942273429707,5.36164932194167,0.562426270485511,0.453742665640316,0.999997068196745,0.999983379322086,"group_idyes"
"5127","ATP6AP1L","Exc L4-5 RORB GABRG1",0.00527195971141057,5.72154464709573,0.00995584225585479,0.92057177777884,0.999997068196745,0.999983379322086,"group_idyes"
"5128","TMEM167A","Exc L4-5 RORB GABRG1",0.0506699916360935,4.31380272882798,0.979398322620959,0.322969387084937,0.999997068196745,0.999983379322086,"group_idyes"
"5129","XRCC4","Exc L4-5 RORB GABRG1",-0.0878285094519554,4.16374047549996,2.89361538066258,0.089739163243727,0.999997068196745,0.999983379322086,"group_idyes"
"5130","VCAN","Exc L4-5 RORB GABRG1",-0.129168401789465,4.04099502593754,0.774129731688899,0.379491749448037,0.999997068196745,0.999983379322086,"group_idyes"
"5131","EDIL3","Exc L4-5 RORB GABRG1",0.0257054637417572,9.12806210285141,0.494579605970947,0.482316882736927,0.999997068196745,0.999983379322086,"group_idyes"
"5132","AC113383.1","Exc L4-5 RORB GABRG1",0.0443607512717485,7.13161792638449,0.739402308898237,0.390387901346566,0.999997068196745,0.999983379322086,"group_idyes"
"5133","COX7C","Exc L4-5 RORB GABRG1",-0.0754790897102654,5.76315555361149,0.341159722108633,0.559502877060253,0.999997068196745,0.999983379322086,"group_idyes"
"5134","AC109492.1","Exc L4-5 RORB GABRG1",-0.192169801693317,0.816232336737306,1.88296887554876,0.170796610219215,0.999997068196745,0.999983379322086,"group_idyes"
"5135","LINC01949","Exc L4-5 RORB GABRG1",0.156505222867646,1.15708985241594,1.35187344051114,0.245671557029521,0.999997068196745,0.999983379322086,"group_idyes"
"5136","RASA1","Exc L4-5 RORB GABRG1",0.00437012106833746,7.25995639540321,0.0192994532787624,0.889584101388779,0.999997068196745,0.999983379322086,"group_idyes"
"5137","CCNH","Exc L4-5 RORB GABRG1",0.0255021807498657,8.16135871590633,0.296209297771966,0.586583948181091,0.999997068196745,0.999983379322086,"group_idyes"
"5138","AC018754.1","Exc L4-5 RORB GABRG1",-0.0773007245757234,3.09463446337294,1.26772832695997,0.260895129136544,0.999997068196745,0.999983379322086,"group_idyes"
"5139","TMEM161B","Exc L4-5 RORB GABRG1",0.0249767539170672,5.26772067552321,0.494155668338199,0.48250453090107,0.999997068196745,0.999983379322086,"group_idyes"
"5140","TMEM161B-AS1","Exc L4-5 RORB GABRG1",0.0453032053641677,9.030730858031,0.833126783110681,0.361941550400925,0.999997068196745,0.999983379322086,"group_idyes"
"5141","LINC02060","Exc L4-5 RORB GABRG1",-0.0476142276914338,2.27957802079984,0.273462709991933,0.601319382351118,0.999997068196745,0.999983379322086,"group_idyes"
"5142","AC091826.2","Exc L4-5 RORB GABRG1",0.0364458786752229,3.38121369774379,0.165266363078934,0.684579514182788,0.999997068196745,0.999983379322086,"group_idyes"
"5143","LINC00461","Exc L4-5 RORB GABRG1",0.0575248984641008,7.81318332379503,2.33554524877259,0.127272424185639,0.999997068196745,0.999983379322086,"group_idyes"
"5144","MEF2C-AS2","Exc L4-5 RORB GABRG1",-0.105808551231059,3.30507057291641,2.79700963795029,0.334410911351204,0.999997068196745,0.999983379322086,"group_idyes"
"5145","AC008525.1","Exc L4-5 RORB GABRG1",0.044616231783674,0.792199896695576,0.102570846831178,0.932290140611683,0.999997068196745,0.999983379322086,"group_idyes"
"5146","MEF2C","Exc L4-5 RORB GABRG1",0.00840750064108373,10.1948582088849,0.104034848212417,0.747215563906203,0.999997068196745,0.999983379322086,"group_idyes"
"5147","MEF2C-AS1","Exc L4-5 RORB GABRG1",-0.00402149693093016,7.92502389690119,0.00720998765295407,0.932375800648299,0.999997068196745,0.999983379322086,"group_idyes"
"5148","LINC02161","Exc L4-5 RORB GABRG1",0.190610054355657,0.580300203832172,1.49214266504735,0.222632282576516,0.999997068196745,0.999983379322086,"group_idyes"
"5149","CETN3","Exc L4-5 RORB GABRG1",0.0140394095700284,2.70715003586099,0.0345034888139879,0.985295842462926,0.999997068196745,0.999983379322086,"group_idyes"
"5150","MBLAC2","Exc L4-5 RORB GABRG1",0.0131771105943202,4.40394372625993,0.139190428763604,0.717715487180639,0.999997068196745,0.999983379322086,"group_idyes"
"5151","POLR3G","Exc L4-5 RORB GABRG1",0.0440220190695013,4.4298346766857,1.069929106321,0.301611196910101,0.999997068196745,0.999983379322086,"group_idyes"
"5152","LYSMD3","Exc L4-5 RORB GABRG1",0.0555531535263545,3.89000105533849,1.22708610038649,0.361600817171672,0.999997068196745,0.999983379322086,"group_idyes"
"5153","ADGRV1","Exc L4-5 RORB GABRG1",0.0122342420095988,6.11543789167848,0.0531765192872469,0.817747871573641,0.999997068196745,0.999983379322086,"group_idyes"
"5154","ARRDC3","Exc L4-5 RORB GABRG1",-0.0241291797679238,4.03350043854866,0.232063773379544,0.630271679995967,0.999997068196745,0.999983379322086,"group_idyes"
"5155","ARRDC3-AS1","Exc L4-5 RORB GABRG1",-0.0274510590903816,1.68572420308955,0.0627978841806625,0.80226097293245,0.999997068196745,0.999983379322086,"group_idyes"
"5156","AC114316.2","Exc L4-5 RORB GABRG1",0.140243426701763,3.27608542417509,2.31776971165522,0.128724779447483,0.999997068196745,0.999983379322086,"group_idyes"
"5157","AC124854.1","Exc L4-5 RORB GABRG1",0.0660034164984107,6.86235185488934,1.02932754233603,0.310954268965501,0.999997068196745,0.999983379322086,"group_idyes"
"5158","AC026780.2","Exc L4-5 RORB GABRG1",0.150166940978395,2.04192226000265,2.64948297173735,0.104402205989422,0.999997068196745,0.999983379322086,"group_idyes"
"5159","NR2F1-AS1","Exc L4-5 RORB GABRG1",-0.00844156371431366,8.66892404184794,0.0461559549166023,0.830006389311347,0.999997068196745,0.999983379322086,"group_idyes"
"5160","NR2F1","Exc L4-5 RORB GABRG1",0.0924723073150438,6.2718766137774,4.63992907163927,0.0318567651191871,0.999997068196745,0.999983379322086,"group_idyes"
"5161","FAM172A","Exc L4-5 RORB GABRG1",-0.00141261016680518,8.04344371044495,0.00212822035465364,0.963228467851428,0.999997068196745,0.999983379322086,"group_idyes"
"5162","KIAA0825","Exc L4-5 RORB GABRG1",-0.0260625715087795,7.54221675285098,0.502242095592436,0.478945803746315,0.999997068196745,0.999983379322086,"group_idyes"
"5163","SLF1","Exc L4-5 RORB GABRG1",-0.0278581221126746,6.34880745330009,0.974580550311775,0.324160896476608,0.999997068196745,0.999983379322086,"group_idyes"
"5164","MCTP1","Exc L4-5 RORB GABRG1",0.0151914811462136,8.06012761148532,0.0859419612695002,0.769558991339811,0.999997068196745,0.999983379322086,"group_idyes"
"5165","AC008534.1","Exc L4-5 RORB GABRG1",0.104708389398913,0.83229337251475,0.487157671263574,0.485619566621682,0.999997068196745,0.999983379322086,"group_idyes"
"5166","FAM81B","Exc L4-5 RORB GABRG1",0.0151598046397353,0.702975832663088,0.0114237674499165,0.914938283675756,0.999997068196745,0.999983379322086,"group_idyes"
"5167","TTC37","Exc L4-5 RORB GABRG1",0.030120766339318,7.31453388981646,1.2521232527492,0.263845480798282,0.999997068196745,0.999983379322086,"group_idyes"
"5168","ARSK","Exc L4-5 RORB GABRG1",0.0114748140141674,3.91592614602846,0.0520444503892295,0.819664411817142,0.999997068196745,0.999983379322086,"group_idyes"
"5169","GPR150","Exc L4-5 RORB GABRG1",-0.00103318570723776,1.48311940235866,2.44757372827926e-05,0.99605520927194,0.999997068196745,0.999983379322086,"group_idyes"
"5170","RFESD","Exc L4-5 RORB GABRG1",0.0126628903764235,1.90393247921084,0.0226489828666248,0.886795096826272,0.999997068196745,0.999983379322086,"group_idyes"
"5171","SPATA9","Exc L4-5 RORB GABRG1",0.0482878666373617,1.96581332976852,0.218644912960728,0.640339114841221,0.999997068196745,0.999983379322086,"group_idyes"
"5172","AC008840.1","Exc L4-5 RORB GABRG1",0.00785390366392803,1.19860634331925,0.00589527640653393,0.938837914337425,0.999997068196745,0.999983379322086,"group_idyes"
"5173","RHOBTB3","Exc L4-5 RORB GABRG1",0.0156035414998508,5.62159185721979,0.109931816617411,0.740402308485108,0.999997068196745,0.999983379322086,"group_idyes"
"5174","GLRX","Exc L4-5 RORB GABRG1",0.0397239620697171,4.35525350333722,0.340202356453446,0.560054185246648,0.999997068196745,0.999983379322086,"group_idyes"
"5175","ELL2","Exc L4-5 RORB GABRG1",-0.00621829771762075,6.44602675801355,0.0298193300815653,0.862991614548404,0.999997068196745,0.999983379322086,"group_idyes"
"5176","AC104123.1","Exc L4-5 RORB GABRG1",0.000907615983478005,5.07286782831973,0.000385523197420663,0.984344925661779,0.999997068196745,0.999983379322086,"group_idyes"
"5177","PCSK1","Exc L4-5 RORB GABRG1",0.00561189669289,5.27097551822242,0.00583670054378936,0.939141932985415,0.999997068196745,0.999983379322086,"group_idyes"
"5178","CAST","Exc L4-5 RORB GABRG1",0.0486255500013235,5.78429568420548,1.18835732909979,0.276343447984182,0.999997068196745,0.999983379322086,"group_idyes"
"5179","ERAP1","Exc L4-5 RORB GABRG1",-0.0273995564177702,4.04824357224988,0.390630960301446,0.532338437265121,0.999997068196745,0.999983379322086,"group_idyes"
"5180","AC009126.1","Exc L4-5 RORB GABRG1",-0.0595723068174634,5.88877643742321,1.71770274905484,0.190770849705324,0.999997068196745,0.999983379322086,"group_idyes"
"5181","ERAP2","Exc L4-5 RORB GABRG1",-0.0133903521336775,1.45812789164746,0.0126431099568002,0.910531928201924,0.999997068196745,0.999983379322086,"group_idyes"
"5182","LNPEP","Exc L4-5 RORB GABRG1",0.0113737221426835,6.22788842144356,0.154484930110866,0.69450341687704,0.999997068196745,0.999983379322086,"group_idyes"
"5183","LIX1-AS1","Exc L4-5 RORB GABRG1",-0.0190383780600139,4.48470728998416,0.0934749888713378,0.759970414871377,0.999997068196745,0.999983379322086,"group_idyes"
"5184","RIOK2","Exc L4-5 RORB GABRG1",0.010332604444633,3.65148175797786,0.0510797611130548,0.821314966759539,0.999997068196745,0.999983379322086,"group_idyes"
"5185","LINC01340","Exc L4-5 RORB GABRG1",0.219904058477834,1.46727377328265,2.66853147647928,0.103168456459229,0.999997068196745,0.999983379322086,"group_idyes"
"5186","RGMB","Exc L4-5 RORB GABRG1",0.0239232235878171,4.34996627012942,0.280558478191785,0.596640920021241,0.999997068196745,0.999983379322086,"group_idyes"
"5187","CHD1","Exc L4-5 RORB GABRG1",0.0208480558768149,5.91847787657949,0.448872157283346,0.503272954537699,0.999997068196745,0.999983379322086,"group_idyes"
"5188","LINC02062","Exc L4-5 RORB GABRG1",0.0167983672336192,5.79564990437937,0.111991035015676,0.738071024498343,0.999997068196745,0.999983379322086,"group_idyes"
"5189","AC021086.1","Exc L4-5 RORB GABRG1",-0.0407709517401197,1.6467997029708,0.135920768187485,0.712573266732222,0.999997068196745,0.999983379322086,"group_idyes"
"5190","FAM174A","Exc L4-5 RORB GABRG1",0.000762149967322623,4.69737747241327,0.000380555992521557,0.984446092223234,0.999997068196745,0.999983379322086,"group_idyes"
"5191","ST8SIA4","Exc L4-5 RORB GABRG1",0.00123835685617041,5.74651015257178,0.000500436504856832,0.982164058925013,0.999997068196745,0.999983379322086,"group_idyes"
"5192","SLCO4C1","Exc L4-5 RORB GABRG1",0.0697428116364078,2.61350285053637,0.280315960182427,0.596799563355234,0.999997068196745,0.999983379322086,"group_idyes"
"5193","PAM","Exc L4-5 RORB GABRG1",-0.00257168106004664,7.28733254721622,0.00586107088366508,0.939015261240868,0.999997068196745,0.999983379322086,"group_idyes"
"5194","GIN1","Exc L4-5 RORB GABRG1",0.0227025526551609,3.59188328272653,0.200589748459642,0.654497325166024,0.999997068196745,0.999983379322086,"group_idyes"
"5195","PPIP5K2","Exc L4-5 RORB GABRG1",0.00891755098638379,6.84090508598231,0.0937918120947288,0.759576550196788,0.999997068196745,0.999983379322086,"group_idyes"
"5196","C5orf30","Exc L4-5 RORB GABRG1",0.0262909216293923,5.911223948613,0.697892028191894,0.594452067156665,0.999997068196745,0.999983379322086,"group_idyes"
"5197","LINC02115","Exc L4-5 RORB GABRG1",-0.051605917031836,0.946427430825972,0.161197556636209,0.68827925887108,0.999997068196745,0.999983379322086,"group_idyes"
"5198","NUDT12","Exc L4-5 RORB GABRG1",-0.00129179763868507,2.86957500302535,0.000250163713667943,0.987388932304406,0.999997068196745,0.999983379322086,"group_idyes"
"5199","AC099520.1","Exc L4-5 RORB GABRG1",-0.0613326552799977,1.6824254996079,0.321735379251873,0.57089740989323,0.999997068196745,0.999983379322086,"group_idyes"
"5200","LINC01950","Exc L4-5 RORB GABRG1",-0.0922528427642317,4.89809787987184,1.00105629320675,0.3176839121848,0.999997068196745,0.999983379322086,"group_idyes"
"5201","EFNA5","Exc L4-5 RORB GABRG1",0.0272016707012271,9.93902329897622,0.412380959856641,0.521145944088501,0.999997068196745,0.999983379322086,"group_idyes"
"5202","FBXL17","Exc L4-5 RORB GABRG1",0.00716421551949938,9.29005567557248,0.0502003273090841,0.822833988563476,0.999997068196745,0.999983379322086,"group_idyes"
"5203","FER","Exc L4-5 RORB GABRG1",0.000715449253365435,8.10008213659932,0.000402631276116407,0.984001384945321,0.999997068196745,0.999983379322086,"group_idyes"
"5204","AC008871.1","Exc L4-5 RORB GABRG1",-0.127659526102824,0.442567288088418,0.485590012608867,0.486321946523964,0.999997068196745,0.999983379322086,"group_idyes"
"5205","AC008467.1","Exc L4-5 RORB GABRG1",-0.163930977840105,1.58061986791624,1.42944961466879,0.232590681187085,0.999997068196745,0.999983379322086,"group_idyes"
"5206","PJA2","Exc L4-5 RORB GABRG1",0.00729276122629108,7.90013962584131,0.0285502913557877,0.865910364113975,0.999997068196745,0.999983379322086,"group_idyes"
"5207","AC012603.1","Exc L4-5 RORB GABRG1",-0.0389917092576014,0.599046297048601,0.0631142045563517,0.80177397005948,0.999997068196745,0.999983379322086,"group_idyes"
"5208","MAN2A1","Exc L4-5 RORB GABRG1",-0.0393652222111851,7.64150787462227,1.06921664444984,0.301771983160207,0.999997068196745,0.999983379322086,"group_idyes"
"5209","TMEM232","Exc L4-5 RORB GABRG1",0.023951830161855,8.19595406892551,0.264663323767151,0.607229730070822,0.999997068196745,0.999983379322086,"group_idyes"
"5210","SLC25A46","Exc L4-5 RORB GABRG1",0.0135380994681999,6.3646939966107,0.261524703334816,0.914491886484546,0.999997068196745,0.999983379322086,"group_idyes"
"5211","AC008572.1","Exc L4-5 RORB GABRG1",0.18941240475154,0.558839021787614,1.67933916856678,0.195789177502814,0.999997068196745,0.999983379322086,"group_idyes"
"5212","WDR36","Exc L4-5 RORB GABRG1",-0.00849439295454463,4.96421167552265,0.0494403733265834,0.824157931483426,0.999997068196745,0.999983379322086,"group_idyes"
"5213","CAMK4","Exc L4-5 RORB GABRG1",0.00106787999805738,7.8630939099743,0.000901054350316151,0.976068607960024,0.999997068196745,0.999983379322086,"group_idyes"
"5214","AC010275.1","Exc L4-5 RORB GABRG1",-0.029127223623738,1.4123413759862,0.0368038240370325,0.847966220816561,0.999997068196745,0.999983379322086,"group_idyes"
"5215","STARD4","Exc L4-5 RORB GABRG1",-0.0936110358733886,3.91965159857146,1.33942737504667,0.247853001144698,0.999997068196745,0.999983379322086,"group_idyes"
"5216","STARD4-AS1","Exc L4-5 RORB GABRG1",-0.0358509623189267,4.30766253361725,0.277013994216821,0.598968340422837,0.999997068196745,0.999983379322086,"group_idyes"
"5217","NREP","Exc L4-5 RORB GABRG1",-0.0498628622054788,6.45609348079721,2.45794378149879,0.117753848233603,0.999997068196745,0.999983379322086,"group_idyes"
"5218","EPB41L4A","Exc L4-5 RORB GABRG1",-0.202891836971028,5.09698801576324,3.60649482640569,0.0583021081171301,0.999997068196745,0.999983379322086,"group_idyes"
"5219","EPB41L4A-AS1","Exc L4-5 RORB GABRG1",0.0180611673449558,3.79521708485142,0.0428087148694742,0.836195331008075,0.999997068196745,0.999983379322086,"group_idyes"
"5220","AC104126.1","Exc L4-5 RORB GABRG1",-0.0891445903959567,1.90586336309624,0.305081729683702,0.581034762579402,0.999997068196745,0.999983379322086,"group_idyes"
"5221","APC","Exc L4-5 RORB GABRG1",-0.0332266046269355,6.9541377393049,1.28335741665848,0.257981208823935,0.999997068196745,0.999983379322086,"group_idyes"
"5222","AC008575.1","Exc L4-5 RORB GABRG1",-0.0213198855908764,2.7507131702355,0.120018622101266,0.828089087939026,0.999997068196745,0.999983379322086,"group_idyes"
"5223","SRP19","Exc L4-5 RORB GABRG1",0.0657946227340468,4.8096334932137,1.68611395902616,0.194891816328018,0.999997068196745,0.999983379322086,"group_idyes"
"5224","REEP5","Exc L4-5 RORB GABRG1",0.0756392548961064,7.135201439551,2.12825582120722,0.145421137686719,0.999997068196745,0.999983379322086,"group_idyes"
"5225","DCP2","Exc L4-5 RORB GABRG1",0.0335863766565791,5.71882151960932,1.02299615940488,0.312445035285941,0.999997068196745,0.999983379322086,"group_idyes"
"5226","MCC","Exc L4-5 RORB GABRG1",-0.0902030310080752,3.09260655792208,1.46007283286297,0.227660707222587,0.999997068196745,0.999983379322086,"group_idyes"
"5227","YTHDC2","Exc L4-5 RORB GABRG1",0.0296786647180892,7.0519325362996,1.00916529492125,0.315734287282762,0.999997068196745,0.999983379322086,"group_idyes"
"5228","KCNN2","Exc L4-5 RORB GABRG1",-0.0263960530971785,5.57864910108342,0.381904985699561,0.536951120793748,0.999997068196745,0.999983379322086,"group_idyes"
"5229","AC010230.1","Exc L4-5 RORB GABRG1",-0.0122636363917868,1.84528112172779,0.0116095903696001,0.914251911308313,0.999997068196745,0.999983379322086,"group_idyes"
"5230","TRIM36","Exc L4-5 RORB GABRG1",-0.086611688898837,2.09885239924485,0.924245452977299,0.336966538579464,0.999997068196745,0.999983379322086,"group_idyes"
"5231","PGGT1B","Exc L4-5 RORB GABRG1",0.00502812007919702,4.91457922631373,0.0251171285992057,0.874158705428924,0.999997068196745,0.999983379322086,"group_idyes"
"5232","CCDC112","Exc L4-5 RORB GABRG1",-0.0238447723427333,4.71378948240527,0.392094885502072,0.53157161239205,0.999997068196745,0.999983379322086,"group_idyes"
"5233","FEM1C","Exc L4-5 RORB GABRG1",0.0336709330453795,4.35311329781787,0.432493231009415,0.511161354531533,0.999997068196745,0.999983379322086,"group_idyes"
"5234","TMED7-TICAM2","Exc L4-5 RORB GABRG1",0.0683323916636239,3.53047715569889,1.02602169532701,0.311731490138812,0.999997068196745,0.999983379322086,"group_idyes"
"5235","AC010226.1","Exc L4-5 RORB GABRG1",-0.0918613253682787,2.35640971444143,1.32763347160357,0.254827707036908,0.999997068196745,0.999983379322086,"group_idyes"
"5236","CDO1","Exc L4-5 RORB GABRG1",-0.02504386748692,3.85509447419975,0.178369928463568,0.673013780473893,0.999997068196745,0.999983379322086,"group_idyes"
"5237","ATG12","Exc L4-5 RORB GABRG1",0.0160442054202585,5.49827798167248,0.243124804209317,0.622239581436956,0.999997068196745,0.999983379322086,"group_idyes"
"5238","AP3S1","Exc L4-5 RORB GABRG1",-0.0320237399031578,5.91974861877829,1.20714479881853,0.272585409899787,0.999997068196745,0.999983379322086,"group_idyes"
"5239","LVRN","Exc L4-5 RORB GABRG1",-0.143185891718341,1.45743807639341,0.842184112991481,0.35934779470114,0.999997068196745,0.999983379322086,"group_idyes"
"5240","AC034236.2","Exc L4-5 RORB GABRG1",0.0566811435426763,1.05112251283488,0.232175019562404,0.630189732176246,0.999997068196745,0.999983379322086,"group_idyes"
"5241","COMMD10","Exc L4-5 RORB GABRG1",0.0039564079142984,6.66818360074107,0.00893714836075005,0.924732211605507,0.999997068196745,0.999983379322086,"group_idyes"
"5242","AC018752.1","Exc L4-5 RORB GABRG1",0.0631956541225053,0.750399716072464,0.137156537068898,0.711328127997997,0.999997068196745,0.999983379322086,"group_idyes"
"5243","SEMA6A","Exc L4-5 RORB GABRG1",0.038565103345888,4.77047483981687,0.214076717965152,0.643852284919734,0.999997068196745,0.999983379322086,"group_idyes"
"5244","SEMA6A-AS1","Exc L4-5 RORB GABRG1",0.067637777023622,3.0031782095666,0.846165609984185,0.35821572487079,0.999997068196745,0.999983379322086,"group_idyes"
"5245","AC010267.1","Exc L4-5 RORB GABRG1",0.059014542426963,0.0866101963692346,0.10780848897618,0.742831697510729,0.999997068196745,0.999983379322086,"group_idyes"
"5246","LINC00992","Exc L4-5 RORB GABRG1",-0.0434849444113335,0.769658970207428,0.0835254512872912,0.772731147480564,0.999997068196745,0.999983379322086,"group_idyes"
"5247","LINC02147","Exc L4-5 RORB GABRG1",0.499265396623187,1.32148583676116,9.35244834206646,0.00238263112862748,0.999997068196745,0.999983379322086,"group_idyes"
"5248","LINC02208","Exc L4-5 RORB GABRG1",0.282035644669629,0.969503820180059,3.90904751039875,0.0487403039734536,0.999997068196745,0.999983379322086,"group_idyes"
"5249","AC093206.1","Exc L4-5 RORB GABRG1",0.0690014927051653,2.33776301109918,0.676326854559525,0.411363832938581,0.999997068196745,0.999983379322086,"group_idyes"
"5250","DTWD2","Exc L4-5 RORB GABRG1",-0.0455901381458628,5.54195848814565,0.922515063297096,0.337418698210116,0.999997068196745,0.999983379322086,"group_idyes"
"5251","AC008629.1","Exc L4-5 RORB GABRG1",0.0609373742719246,3.525259618762,0.753591287371869,0.385882746865894,0.999997068196745,0.999983379322086,"group_idyes"
"5252","DMXL1","Exc L4-5 RORB GABRG1",-0.00523578848572051,7.21745049549028,0.0327309429809442,0.856528030197335,0.999997068196745,0.999983379322086,"group_idyes"
"5253","TNFAIP8","Exc L4-5 RORB GABRG1",-0.122263281457056,0.600532985035412,0.596667574220815,0.440326582914437,0.999997068196745,0.999983379322086,"group_idyes"
"5254","HSD17B4","Exc L4-5 RORB GABRG1",0.00389554067339199,6.74972196747559,0.0142717984170765,0.904969614359583,0.999997068196745,0.999983379322086,"group_idyes"
"5255","AC008574.1","Exc L4-5 RORB GABRG1",0.0112612383558433,1.61406500930892,0.00641368295427419,0.936210917633293,0.999997068196745,0.999983379322086,"group_idyes"
"5256","PRR16","Exc L4-5 RORB GABRG1",-0.0166784231043081,7.16546094490275,0.0839583832989302,0.77215921220524,0.999997068196745,0.999983379322086,"group_idyes"
"5257","AC114284.1","Exc L4-5 RORB GABRG1",-0.0491467002707048,1.93478144685107,0.26156570103098,0.609339925692077,0.999997068196745,0.999983379322086,"group_idyes"
"5258","AC008568.1","Exc L4-5 RORB GABRG1",0.0650945758683297,0.282726332312328,0.134611883084237,0.713899109577839,0.999997068196745,0.999983379322086,"group_idyes"
"5259","SRFBP1","Exc L4-5 RORB GABRG1",0.0443706575799899,5.45409016125831,2.06301439548755,0.151724004057438,0.999997068196745,0.999983379322086,"group_idyes"
"5260","SNCAIP","Exc L4-5 RORB GABRG1",0.00129947967496507,3.18826633463676,0.000152653718268341,0.99014854293323,0.999997068196745,0.999983379322086,"group_idyes"
"5261","AC119150.1","Exc L4-5 RORB GABRG1",-0.0845379199074796,1.40277676519607,0.427553086113444,0.513582691692056,0.999997068196745,0.999983379322086,"group_idyes"
"5262","LINC02201","Exc L4-5 RORB GABRG1",-0.156161473254924,0.67351078383951,1.07986247711931,0.299380951157429,0.999997068196745,0.999983379322086,"group_idyes"
"5263","SNX2","Exc L4-5 RORB GABRG1",0.0325764216341767,5.3171505127651,1.01360750287188,0.314672916757688,0.999997068196745,0.999983379322086,"group_idyes"
"5264","SNX24","Exc L4-5 RORB GABRG1",-0.0392354534273177,5.63955793733877,0.842901375292362,0.359143489655088,0.999997068196745,0.999983379322086,"group_idyes"
"5265","AC106786.2","Exc L4-5 RORB GABRG1",-0.0109996684025841,0.796846151985491,0.00592216709669342,0.9386988560324,0.999997068196745,0.999983379322086,"group_idyes"
"5266","PRDM6","Exc L4-5 RORB GABRG1",-0.0468385232169045,2.67526269721996,0.340613694346596,0.559817185064996,0.999997068196745,0.999983379322086,"group_idyes"
"5267","CEP120","Exc L4-5 RORB GABRG1",0.0200236388002419,4.9563149273596,0.211253642231331,0.646046191159775,0.999997068196745,0.999983379322086,"group_idyes"
"5268","CSNK1G3","Exc L4-5 RORB GABRG1",-0.00638201117153465,6.08496123996237,0.0458823103670237,0.830503356410759,0.999997068196745,0.999983379322086,"group_idyes"
"5269","LINC01170","Exc L4-5 RORB GABRG1",-0.085966990351935,1.38851045257617,0.446336036014785,0.504480655622424,0.999997068196745,0.999983379322086,"group_idyes"
"5270","ZNF608","Exc L4-5 RORB GABRG1",0.0926931588411974,3.09023894266452,0.676762911257052,0.411213220733117,0.999997068196745,0.999983379322086,"group_idyes"
"5271","AC112196.1","Exc L4-5 RORB GABRG1",0.524013833935832,-0.146703326800655,6.05499420186648,0.0143066396416444,0.999997068196745,0.999983379322086,"group_idyes"
"5272","LINC02240","Exc L4-5 RORB GABRG1",-0.0114732764328611,2.17499425366353,0.00722627363116226,0.932299652744762,0.999997068196745,0.999983379322086,"group_idyes"
"5273","AC010235.1","Exc L4-5 RORB GABRG1",0.161958105728489,1.57080377178889,0.963441695290907,0.326938100327746,0.999997068196745,0.999983379322086,"group_idyes"
"5274","GRAMD2B","Exc L4-5 RORB GABRG1",0.00667439120542816,3.89045811605274,0.00295566707423807,0.956671748975291,0.999997068196745,0.999983379322086,"group_idyes"
"5275","AC093535.1","Exc L4-5 RORB GABRG1",0.189633833859913,1.26370241453467,1.50329759250846,0.220914598640219,0.999997068196745,0.999983379322086,"group_idyes"
"5276","ALDH7A1","Exc L4-5 RORB GABRG1",0.00882219247421005,5.27149676075105,0.0447818911688214,0.83251764918021,0.999997068196745,0.999983379322086,"group_idyes"
"5277","PHAX","Exc L4-5 RORB GABRG1",0.0153235674404504,5.25742545777007,0.074624900240423,0.784864825204294,0.999997068196745,0.999983379322086,"group_idyes"
"5278","TEX43","Exc L4-5 RORB GABRG1",0.214481452333612,0.979499357679675,2.35461432247584,0.125734690635929,0.999997068196745,0.999983379322086,"group_idyes"
"5279","LMNB1-DT","Exc L4-5 RORB GABRG1",-0.0428228116642265,2.71241355940569,0.293176263993483,0.588505661607151,0.999997068196745,0.999983379322086,"group_idyes"
"5280","LMNB1","Exc L4-5 RORB GABRG1",-0.0405067062065665,3.85341793223076,0.662070900970801,0.887267726726961,0.999997068196745,0.999983379322086,"group_idyes"
"5281","MARCH3","Exc L4-5 RORB GABRG1",-0.104373437325044,5.26785892629418,3.28077018816237,0.0708757596261865,0.999997068196745,0.999983379322086,"group_idyes"
"5282","C5orf63","Exc L4-5 RORB GABRG1",-0.0103989372508175,3.07912669857541,0.0224900697600893,0.880869320706542,0.999997068196745,0.999983379322086,"group_idyes"
"5283","AC011416.3","Exc L4-5 RORB GABRG1",0.0530528364366671,2.37296369260134,0.29151392962948,0.589564369387119,0.999997068196745,0.999983379322086,"group_idyes"
"5284","MEGF10","Exc L4-5 RORB GABRG1",-0.0542799296921833,5.99534685910015,0.439198631832453,0.507906321330356,0.999997068196745,0.999983379322086,"group_idyes"
"5285","PRRC1","Exc L4-5 RORB GABRG1",0.0319026524820652,4.22019647035198,0.756545527026832,0.384954091245297,0.999997068196745,0.999983379322086,"group_idyes"
"5286","AC022118.1","Exc L4-5 RORB GABRG1",-0.197768035891467,0.429066306087996,1.33799387031536,0.248105777625798,0.999997068196745,0.999983379322086,"group_idyes"
"5287","CCDC192","Exc L4-5 RORB GABRG1",-0.0958765233111135,2.56016092802949,0.775639607722298,0.379027855249607,0.999997068196745,0.999983379322086,"group_idyes"
"5288","AC068658.1","Exc L4-5 RORB GABRG1",-0.0267528426486596,1.8239275331093,0.0692462767292185,0.792578246368552,0.999997068196745,0.999983379322086,"group_idyes"
"5289","LINC01184","Exc L4-5 RORB GABRG1",-0.0319740732565871,7.11438570391013,0.423343447897308,0.51566180025846,0.999997068196745,0.999983379322086,"group_idyes"
"5290","SLC12A2","Exc L4-5 RORB GABRG1",0.00699720870443518,6.71510980956616,0.0536995503284439,0.816869662023401,0.999997068196745,0.999983379322086,"group_idyes"
"5291","FBN2","Exc L4-5 RORB GABRG1",0.032860518571083,1.65877905492345,0.111767417822722,0.926243576176587,0.999997068196745,0.999983379322086,"group_idyes"
"5292","SLC27A6","Exc L4-5 RORB GABRG1",0.346225687386476,5.40319360519619,3.09266141206066,0.079441086113635,0.999997068196745,0.999983379322086,"group_idyes"
"5293","ISOC1","Exc L4-5 RORB GABRG1",0.145471456982429,0.57389897544247,0.862821865091196,0.353532627614652,0.999997068196745,0.999983379322086,"group_idyes"
"5294","ADAMTS19","Exc L4-5 RORB GABRG1",-0.0656624432522756,7.31496279028678,0.976150665711463,0.323771944451289,0.999997068196745,0.999983379322086,"group_idyes"
"5295","AC008591.1","Exc L4-5 RORB GABRG1",0.00724739490593924,6.54201978304842,0.00908702511057999,0.924105610428887,0.999997068196745,0.999983379322086,"group_idyes"
"5296","KIAA1024L","Exc L4-5 RORB GABRG1",-0.135946045924697,1.33986047781513,1.2218921559324,0.26968040915841,0.999997068196745,0.999983379322086,"group_idyes"
"5297","CHSY3","Exc L4-5 RORB GABRG1",0.00233097587752868,9.68458393622761,0.00248349478417658,0.960279996207719,0.999997068196745,0.999983379322086,"group_idyes"
"5298","HINT1","Exc L4-5 RORB GABRG1",-0.0203416173001101,6.37594392388173,0.0365352443532462,0.84851521287357,0.999997068196745,0.999983379322086,"group_idyes"
"5299","LYRM7","Exc L4-5 RORB GABRG1",-0.00927229742096875,5.23909191079048,0.0497154080784218,0.823677558195345,0.999997068196745,0.999983379322086,"group_idyes"
"5300","CDC42SE2","Exc L4-5 RORB GABRG1",0.0151644781096455,6.67865116217897,0.381496781438721,0.708229849658983,0.999997068196745,0.999983379322086,"group_idyes"
"5301","RAPGEF6","Exc L4-5 RORB GABRG1",0.0446384809670824,2.91171733357469,0.536536454371151,0.464317691338777,0.999997068196745,0.999983379322086,"group_idyes"
"5302","AC008695.1","Exc L4-5 RORB GABRG1",0.0173986273877431,1.24647907748056,0.0240887259938994,0.876740760930862,0.999997068196745,0.999983379322086,"group_idyes"
"5303","AC026398.1","Exc L4-5 RORB GABRG1",-0.111938606358991,1.41875729915431,1.17441074983167,0.279175474275286,0.999997068196745,0.999983379322086,"group_idyes"
"5304","AC034228.3","Exc L4-5 RORB GABRG1",0.0603578628091219,1.02553228602519,0.171385502901223,0.679114084110832,0.999997068196745,0.999983379322086,"group_idyes"
"5305","ACSL6","Exc L4-5 RORB GABRG1",-0.121258627054335,1.80156811297069,1.16318826674885,0.28148102175505,0.999997068196745,0.999983379322086,"group_idyes"
"5306","P4HA2-AS1","Exc L4-5 RORB GABRG1",0.13164657557302,0.887928075242341,0.960296422673274,0.327728014108479,0.999997068196745,0.999983379322086,"group_idyes"
"5307","P4HA2","Exc L4-5 RORB GABRG1",0.095807142082255,4.05559222341944,1.60098246022163,0.20652982134254,0.999997068196745,0.999983379322086,"group_idyes"
"5308","PDLIM4","Exc L4-5 RORB GABRG1",0.0440193468973836,0.630878937355329,0.0692437184915964,0.792581990063474,0.999997068196745,0.999983379322086,"group_idyes"
"5309","SLC22A4","Exc L4-5 RORB GABRG1",-0.0196285966791759,3.29045448559331,0.0877404176433524,0.767229469151964,0.999997068196745,0.999983379322086,"group_idyes"
"5310","SLC22A5","Exc L4-5 RORB GABRG1",-0.0418693627359463,3.69216479521208,0.762012069537659,0.383244075126508,0.999997068196745,0.999983379322086,"group_idyes"
"5311","AC116366.3","Exc L4-5 RORB GABRG1",-0.0338895991765384,5.97968004211857,0.369475037600096,0.543649187260475,0.999997068196745,0.999983379322086,"group_idyes"
"5312","IRF1","Exc L4-5 RORB GABRG1",0.0542660106029081,1.10732488046794,0.213350816425964,0.644414722649033,0.999997068196745,0.999983379322086,"group_idyes"
"5313","IL5","Exc L4-5 RORB GABRG1",-0.0132001959714285,0.537496026739475,0.00748233211377964,0.931113578971025,0.999997068196745,0.999983379322086,"group_idyes"
"5314","RAD50","Exc L4-5 RORB GABRG1",0.128456704827558,1.1567917369613,1.4077212817773,0.236167197834536,0.999997068196745,0.999983379322086,"group_idyes"
"5315","TH2LCRR","Exc L4-5 RORB GABRG1",-0.0475985954764144,3.10776999286826,0.33935155417686,0.560545001448638,0.999997068196745,0.999983379322086,"group_idyes"
"5316","AC004039.1","Exc L4-5 RORB GABRG1",-0.0360646565593195,3.10190606966707,0.0642069463148232,0.80010150986854,0.999997068196745,0.999983379322086,"group_idyes"
"5317","KIF3A","Exc L4-5 RORB GABRG1",-0.000533915154007745,7.42511219740628,0.000468902778518333,0.982735053808995,0.999997068196745,0.999983379322086,"group_idyes"
"5318","SEPT8","Exc L4-5 RORB GABRG1",0.00761656262713948,6.16070129715681,0.0509382196432747,0.821558514322112,0.999997068196745,0.999983379322086,"group_idyes"
"5319","SOWAHA","Exc L4-5 RORB GABRG1",0.0662046546351506,3.17029016520146,0.882748666166521,0.348039440159663,0.999997068196745,0.999983379322086,"group_idyes"
"5320","SHROOM1","Exc L4-5 RORB GABRG1",-0.00396280947779004,3.00214587250861,0.00326683927711339,0.954450384660938,0.999997068196745,0.999983379322086,"group_idyes"
"5321","UQCRQ","Exc L4-5 RORB GABRG1",-0.0397301168871718,3.82269754229227,0.0850284758830608,0.770752365223947,0.999997068196745,0.999983379322086,"group_idyes"
"5322","LEAP2","Exc L4-5 RORB GABRG1",0.187655439283344,1.44508763012774,3.48712536567921,0.0626081008448118,0.999997068196745,0.999983379322086,"group_idyes"
"5323","AFF4","Exc L4-5 RORB GABRG1",0.0195185570479757,7.17793367978307,0.681596769126923,0.409549059344448,0.999997068196745,0.999983379322086,"group_idyes"
"5324","ZCCHC10","Exc L4-5 RORB GABRG1",0.044960969916248,4.61063465230619,1.61198199157332,0.267085873075474,0.999997068196745,0.999983379322086,"group_idyes"
"5325","HSPA4","Exc L4-5 RORB GABRG1",0.0933347818754933,5.74160673230547,3.0417588933481,0.0819466111412276,0.999997068196745,0.999983379322086,"group_idyes"
"5326","AC010307.2","Exc L4-5 RORB GABRG1",-0.00478971470698878,2.06713875743654,0.00162406693453958,0.967875086335156,0.999997068196745,0.999983379322086,"group_idyes"
"5327","FSTL4","Exc L4-5 RORB GABRG1",-0.0265065184753696,9.77714950563692,0.261016034200912,0.609716021579899,0.999997068196745,0.999983379322086,"group_idyes"
"5328","AC010307.3","Exc L4-5 RORB GABRG1",-0.226055184042378,1.1518151955682,1.74479877050408,0.187317059841729,0.999997068196745,0.999983379322086,"group_idyes"
"5329","AC010307.4","Exc L4-5 RORB GABRG1",-0.0424600076640274,2.11573681364918,0.0880765029281596,0.766797029291103,0.999997068196745,0.999983379322086,"group_idyes"
"5330","C5orf15","Exc L4-5 RORB GABRG1",-0.0106710608944931,4.16240441670868,0.0595936624716963,0.807269459523082,0.999997068196745,0.999983379322086,"group_idyes"
"5331","VDAC1","Exc L4-5 RORB GABRG1",-0.00288395195388682,5.92146491097703,0.00203377884133268,0.964053042041989,0.999997068196745,0.999983379322086,"group_idyes"
"5332","AC008608.2","Exc L4-5 RORB GABRG1",-0.0110245770813274,0.519557096486669,0.00442667331595696,0.946987847351864,0.999997068196745,0.999983379322086,"group_idyes"
"5333","TCF7","Exc L4-5 RORB GABRG1",-0.099443048661927,2.12162881551426,0.483977922986313,0.487045993001263,0.999997068196745,0.999983379322086,"group_idyes"
"5334","SKP1","Exc L4-5 RORB GABRG1",-0.0135244492627706,6.81809917831749,0.0396856927705754,0.842201619356345,0.999997068196745,0.999983379322086,"group_idyes"
"5335","AC104109.3","Exc L4-5 RORB GABRG1",-0.0475651567308246,3.35873841801053,0.523099469281239,0.46996200056455,0.999997068196745,0.999983379322086,"group_idyes"
"5336","CDKL3","Exc L4-5 RORB GABRG1",0.00514034197635322,5.80737194138405,0.0322108513428321,0.935837391727551,0.999997068196745,0.999983379322086,"group_idyes"
"5337","UBE2B","Exc L4-5 RORB GABRG1",-0.0141358284841316,7.24356447800882,0.244894308362671,0.620975805780795,0.999997068196745,0.999983379322086,"group_idyes"
"5338","AC109454.2","Exc L4-5 RORB GABRG1",-0.0383535449046035,1.17011206439187,0.109277849122775,0.741147745299423,0.999997068196745,0.999983379322086,"group_idyes"
"5339","CDKN2AIPNL","Exc L4-5 RORB GABRG1",0.0428897877032372,3.68589395740132,0.331005868431685,0.565403720009019,0.999997068196745,0.999983379322086,"group_idyes"
"5340","AC005355.1","Exc L4-5 RORB GABRG1",-0.0886911770317281,1.1854636758066,0.525175616740161,0.469082713806408,0.999997068196745,0.999983379322086,"group_idyes"
"5341","JADE2","Exc L4-5 RORB GABRG1",-0.00527160492755057,5.33648463894193,0.0157487644819972,0.900197960228308,0.999997068196745,0.999983379322086,"group_idyes"
"5342","SAR1B","Exc L4-5 RORB GABRG1",0.0260802414810703,5.19946905640895,0.676723300651767,0.61136663832027,0.999997068196745,0.999983379322086,"group_idyes"
"5343","SEC24A","Exc L4-5 RORB GABRG1",-0.0114091266367456,5.28954048805748,0.14953349670311,0.69919535394829,0.999997068196745,0.999983379322086,"group_idyes"
"5344","CAMLG","Exc L4-5 RORB GABRG1",-0.0303553335809959,5.79246983486539,0.38721690957435,0.53413456143681,0.999997068196745,0.999983379322086,"group_idyes"
"5345","DDX46","Exc L4-5 RORB GABRG1",0.0393731398461423,6.54525190185996,2.17235355982021,0.935288175986949,0.999997068196745,0.999983379322086,"group_idyes"
"5346","C5orf24","Exc L4-5 RORB GABRG1",0.065690030319351,5.57073623918222,1.85458091236066,0.174048419933107,0.999997068196745,0.999983379322086,"group_idyes"
"5347","TXNDC15","Exc L4-5 RORB GABRG1",-0.149348574590981,4.56876931299684,5.73331756254234,0.0171238510722206,0.999997068196745,0.999983379322086,"group_idyes"
"5348","PCBD2","Exc L4-5 RORB GABRG1",-0.0978080561497852,3.78252881100984,1.61654778667873,0.204341924549641,0.999997068196745,0.999983379322086,"group_idyes"
"5349","C5orf66","Exc L4-5 RORB GABRG1",-0.198454539610572,2.52235755584205,3.64540197672619,0.0569678369277436,0.999997068196745,0.999983379322086,"group_idyes"
"5350","H2AFY","Exc L4-5 RORB GABRG1",-0.0151610886923507,6.21194770016409,0.332867006912829,0.839185894191799,0.999997068196745,0.999983379322086,"group_idyes"
"5351","CXCL14","Exc L4-5 RORB GABRG1",-0.22606786640811,0.914374105086712,1.98691852965273,0.159471270807258,0.999997068196745,0.999983379322086,"group_idyes"
"5352","SLC25A48","Exc L4-5 RORB GABRG1",-0.104062301844112,0.519240877331785,0.385197638545246,0.535202074212781,0.999997068196745,0.999983379322086,"group_idyes"
"5353","SMAD5","Exc L4-5 RORB GABRG1",0.0134777597974838,5.27274735897771,0.175685988527348,0.675341073432076,0.999997068196745,0.999983379322086,"group_idyes"
"5354","TRPC7","Exc L4-5 RORB GABRG1",-0.0803823401773449,0.139962657216961,0.226125614703299,0.634681502146421,0.999997068196745,0.999983379322086,"group_idyes"
"5355","SPOCK1","Exc L4-5 RORB GABRG1",0.0144981840946284,9.47601244023192,0.180989433681007,0.670762178221305,0.999997068196745,0.999983379322086,"group_idyes"
"5356","KLHL3","Exc L4-5 RORB GABRG1",-0.0269576422306301,6.77094557066235,0.641141886427742,0.423791789725991,0.999997068196745,0.999983379322086,"group_idyes"
"5357","HNRNPA0","Exc L4-5 RORB GABRG1",0.0439218024719312,5.20513106258133,0.568465138749751,0.451330670037069,0.999997068196745,0.999983379322086,"group_idyes"
"5358","AC106791.1","Exc L4-5 RORB GABRG1",0.0286674040415388,5.11578224673937,0.489120393258961,0.48474254764149,0.999997068196745,0.999983379322086,"group_idyes"
"5359","MYOT","Exc L4-5 RORB GABRG1",-0.00478326446314666,1.75002278468337,0.00146751660066341,0.969461839244218,0.999997068196745,0.999983379322086,"group_idyes"
"5360","PKD2L2","Exc L4-5 RORB GABRG1",-0.0448248736082875,2.01146408021702,0.145774600375894,0.702817245260932,0.999997068196745,0.999983379322086,"group_idyes"
"5361","FAM13B","Exc L4-5 RORB GABRG1",0.00959568202666403,7.20306512300941,0.170469415137388,0.679924960815045,0.999997068196745,0.999983379322086,"group_idyes"
"5362","AC113382.1","Exc L4-5 RORB GABRG1",-0.215771566773081,1.19581589795005,3.16782375473086,0.0758916793248568,0.999997068196745,0.999983379322086,"group_idyes"
"5363","WNT8A","Exc L4-5 RORB GABRG1",-0.0421561825132586,1.78823909602953,0.129746303802401,0.718892886801405,0.999997068196745,0.999983379322086,"group_idyes"
"5364","NME5","Exc L4-5 RORB GABRG1",0.0179686038580016,6.66022953618962,0.116792172194284,0.732726610916534,0.999997068196745,0.999983379322086,"group_idyes"
"5365","BRD8","Exc L4-5 RORB GABRG1",0.0468827745314983,5.40745363784456,2.3114908693114,0.12924221333337,0.999997068196745,0.999983379322086,"group_idyes"
"5366","CDC23","Exc L4-5 RORB GABRG1",0.0416216445423978,4.26832259697367,1.43754948193205,0.530521953953348,0.999997068196745,0.999983379322086,"group_idyes"
"5367","CDC25C","Exc L4-5 RORB GABRG1",-0.19991611482894,1.30454281837987,3.40195875761253,0.0658876297555108,0.999997068196745,0.999983379322086,"group_idyes"
"5368","FAM53C","Exc L4-5 RORB GABRG1",0.0184140704820321,5.21136085114189,0.219748404461937,0.639497192164766,0.999997068196745,0.999983379322086,"group_idyes"
"5369","KDM3B","Exc L4-5 RORB GABRG1",-0.0521356799046485,6.1666185026639,2.38692498806861,0.123176223273505,0.999997068196745,0.999983379322086,"group_idyes"
"5370","REEP2","Exc L4-5 RORB GABRG1",-0.0100360342189634,6.03694178060025,0.0974930573869669,0.755028217563494,0.999997068196745,0.999983379322086,"group_idyes"
"5371","EGR1","Exc L4-5 RORB GABRG1",0.0587196158268056,4.58153349259251,0.401565132748031,0.526658608419303,0.999997068196745,0.999983379322086,"group_idyes"
"5372","ETF1","Exc L4-5 RORB GABRG1",0.00508367089696269,4.46432282328245,0.0194123428103844,0.95038974468906,0.999997068196745,0.999983379322086,"group_idyes"
"5373","HSPA9","Exc L4-5 RORB GABRG1",-0.00857932802730032,6.29897616258655,0.0566585460161415,0.81198411334412,0.999997068196745,0.999983379322086,"group_idyes"
"5374","CTNNA1","Exc L4-5 RORB GABRG1",-0.0303207138677525,6.07973261740112,0.874786815126015,0.434344861746224,0.999997068196745,0.999983379322086,"group_idyes"
"5375","AC034243.1","Exc L4-5 RORB GABRG1",-0.294106830267139,0.0460718633459279,1.83912500185651,0.175848907277463,0.999997068196745,0.999983379322086,"group_idyes"
"5376","LRRTM2","Exc L4-5 RORB GABRG1",0.0850450174029137,5.60275108283534,3.84979422138149,0.0504725859433753,0.999997068196745,0.999983379322086,"group_idyes"
"5377","SIL1","Exc L4-5 RORB GABRG1",-0.0333043853554462,6.71419247698803,1.03165691807339,0.310408140341981,0.999997068196745,0.999983379322086,"group_idyes"
"5378","AC011405.1","Exc L4-5 RORB GABRG1",-0.121355821204221,1.38045300610558,0.65786373789302,0.417816612892408,0.999997068196745,0.999983379322086,"group_idyes"
"5379","MATR3","Exc L4-5 RORB GABRG1",-0.0504536052512493,3.26419400357563,0.555925298430629,0.456361958070821,0.999997068196745,0.999983379322086,"group_idyes"
"5380","PAIP2","Exc L4-5 RORB GABRG1",0.00454201696552205,5.9715108194538,0.0180893738055328,0.893080118422861,0.999997068196745,0.999983379322086,"group_idyes"
"5381","SPATA24","Exc L4-5 RORB GABRG1",-0.0684139918753214,1.11655188110006,0.381527626971045,0.537152237907761,0.999997068196745,0.999983379322086,"group_idyes"
"5382","DNAJC18","Exc L4-5 RORB GABRG1",-0.0189326165354807,5.77852300882871,0.368264671698263,0.544309636358008,0.999997068196745,0.999983379322086,"group_idyes"
"5383","UBE2D2","Exc L4-5 RORB GABRG1",-0.0363800514676383,6.45835716381256,2.29223488725979,0.130843646190498,0.999997068196745,0.999983379322086,"group_idyes"
"5384","CXXC5","Exc L4-5 RORB GABRG1",0.0219740266307802,6.9048338315561,0.18483506363524,0.66749127202281,0.999997068196745,0.999983379322086,"group_idyes"
"5385","AC008667.1","Exc L4-5 RORB GABRG1",-0.0463062822152768,2.74588405479614,0.302564549575817,0.582598317496373,0.999997068196745,0.999983379322086,"group_idyes"
"5386","PSD2","Exc L4-5 RORB GABRG1",0.0211836539465455,3.3294113469352,0.150499908548218,0.69827264039585,0.999997068196745,0.999983379322086,"group_idyes"
"5387","NRG2","Exc L4-5 RORB GABRG1",-0.0411285233252015,6.59613236374018,0.901676606667908,0.342928648209761,0.999997068196745,0.999983379322086,"group_idyes"
"5388","MALINC1","Exc L4-5 RORB GABRG1",-0.0553532797138135,1.82450116197702,0.3610019631195,0.845228641133462,0.999997068196745,0.999983379322086,"group_idyes"
"5389","PURA","Exc L4-5 RORB GABRG1",0.046382837656766,7.5295684889119,1.19625042022525,0.274756707903075,0.999997068196745,0.999983379322086,"group_idyes"
"5390","IGIP","Exc L4-5 RORB GABRG1",0.0732457337561132,5.52824114289465,1.99092565832246,0.159052229962794,0.999997068196745,0.999983379322086,"group_idyes"
"5391","CYSTM1","Exc L4-5 RORB GABRG1",-0.0387338364567538,4.3536176874862,0.396363743089209,0.529346854341991,0.999997068196745,0.999983379322086,"group_idyes"
"5392","PFDN1","Exc L4-5 RORB GABRG1",-0.0271251167001625,5.21787656731011,0.221315722441471,0.63830580955919,0.999997068196745,0.999983379322086,"group_idyes"
"5393","HBEGF","Exc L4-5 RORB GABRG1",-0.0146736210065384,2.0019237578876,0.032867042726113,0.987508930779662,0.999997068196745,0.999983379322086,"group_idyes"
"5394","AC008438.2","Exc L4-5 RORB GABRG1",-0.0957992212468524,2.07082463618629,0.931840931999429,0.334991397413849,0.999997068196745,0.999983379322086,"group_idyes"
"5395","SLC4A9","Exc L4-5 RORB GABRG1",0.114290649530285,1.89144247240013,1.40534142653771,0.236562968781554,0.999997068196745,0.999983379322086,"group_idyes"
"5396","AC008438.1","Exc L4-5 RORB GABRG1",-0.0274636290377434,3.83999958055045,0.297589361798138,0.585713767719525,0.999997068196745,0.999983379322086,"group_idyes"
"5397","ANKHD1-EIF4EBP3","Exc L4-5 RORB GABRG1",-0.0105486909513708,2.89455203216937,0.0280139290800247,0.86716401910378,0.999997068196745,0.999983379322086,"group_idyes"
"5398","SRA1","Exc L4-5 RORB GABRG1",-0.0160307256179018,4.39324032414947,0.125911534101133,0.722903776224259,0.999997068196745,0.999983379322086,"group_idyes"
"5399","APBB3","Exc L4-5 RORB GABRG1",-0.062068374652432,3.91413982302063,1.3655451340085,0.243302341208317,0.999997068196745,0.999983379322086,"group_idyes"
"5400","SLC35A4","Exc L4-5 RORB GABRG1",-0.0105247883051738,2.68337089294115,0.0176572567116903,0.894357273507528,0.999997068196745,0.999983379322086,"group_idyes"
"5401","CD14","Exc L4-5 RORB GABRG1",0.06925485837743,0.971857798427747,0.220006065355165,0.639300978119858,0.999997068196745,0.999983379322086,"group_idyes"
"5402","NDUFA2","Exc L4-5 RORB GABRG1",-0.0187349817473747,3.81693130318076,0.0407195602020015,0.840186862707147,0.999997068196745,0.999983379322086,"group_idyes"
"5403","TMCO6","Exc L4-5 RORB GABRG1",-0.108078860134035,1.78087678534696,1.58416676610336,0.208924739915421,0.999997068196745,0.999983379322086,"group_idyes"
"5404","IK","Exc L4-5 RORB GABRG1",-0.0245129003190184,4.12799739470439,0.242709809848033,0.622536797057767,0.999997068196745,0.999983379322086,"group_idyes"
"5405","WDR55","Exc L4-5 RORB GABRG1",0.020352867922353,3.06934394291922,0.0957496979359255,0.867732075704045,0.999997068196745,0.999983379322086,"group_idyes"
"5406","DND1","Exc L4-5 RORB GABRG1",0.0548996570351426,1.33734753281884,0.241066128742655,0.76912570955505,0.999997068196745,0.999983379322086,"group_idyes"
"5407","HARS","Exc L4-5 RORB GABRG1",-0.0239339522153107,6.04813214919939,0.685466876364066,0.408223828968936,0.999997068196745,0.999983379322086,"group_idyes"
"5408","HARS2","Exc L4-5 RORB GABRG1",-0.038591536383162,2.74191137350135,0.272522502922216,0.971517999364508,0.999997068196745,0.999983379322086,"group_idyes"
"5409","ZMAT2","Exc L4-5 RORB GABRG1",0.0806871790571346,4.64681694881706,1.57873845703474,0.209704875032764,0.999997068196745,0.999983379322086,"group_idyes"
"5410","AC005609.5","Exc L4-5 RORB GABRG1",0.0293953357564485,3.96008275331905,0.250209796282434,0.617213383711587,0.999997068196745,0.999983379322086,"group_idyes"
"5411","AC244517.5","Exc L4-5 RORB GABRG1",0.0624322837914043,0.672961469895388,0.198928764588263,0.803990753380583,0.999997068196745,0.999983379322086,"group_idyes"
"5412","PCDHB2","Exc L4-5 RORB GABRG1",0.198463249191588,0.650324651419688,1.85936745573759,0.173495152819401,0.999997068196745,0.999983379322086,"group_idyes"
"5413","AC244517.2","Exc L4-5 RORB GABRG1",-0.173047890669091,1.12887428210208,1.99150504547188,0.195108267948252,0.999997068196745,0.999983379322086,"group_idyes"
"5414","PCDHB3","Exc L4-5 RORB GABRG1",0.212898028142894,0.685750061074059,2.35277994481334,0.125881710208821,0.999997068196745,0.999983379322086,"group_idyes"
"5415","PCDHB4","Exc L4-5 RORB GABRG1",0.0876413353955665,2.46684857567113,1.12236121335103,0.290075253510557,0.999997068196745,0.999983379322086,"group_idyes"
"5416","PCDHB5","Exc L4-5 RORB GABRG1",-0.00192875740361672,1.15182951165778,0.000306848350842402,0.986033181722834,0.999997068196745,0.999983379322086,"group_idyes"
"5417","AC244517.11","Exc L4-5 RORB GABRG1",-0.00324150389301375,2.12204134653021,0.000604728271493189,0.980393769406945,0.999997068196745,0.999983379322086,"group_idyes"
"5418","PCDHB6","Exc L4-5 RORB GABRG1",0.0724298915685487,1.49551046844707,0.532784865257912,0.46588258175038,0.999997068196745,0.999983379322086,"group_idyes"
"5419","PCDHB16","Exc L4-5 RORB GABRG1",0.0636926185722633,0.433671573806115,0.182563769397236,0.669418201241003,0.999997068196745,0.999983379322086,"group_idyes"
"5420","PCDHB9","Exc L4-5 RORB GABRG1",0.135270625948949,1.88534292504642,2.29354022122464,0.130734388649393,0.999997068196745,0.999983379322086,"group_idyes"
"5421","PCDHB10","Exc L4-5 RORB GABRG1",-0.0275674721429289,2.73406352198688,0.127017715051841,0.721739804751732,0.999997068196745,0.999983379322086,"group_idyes"
"5422","PCDHB12","Exc L4-5 RORB GABRG1",0.0363586024207149,1.85750095407716,0.156021038335391,0.693065487340687,0.999997068196745,0.999983379322086,"group_idyes"
"5423","PCDHB13","Exc L4-5 RORB GABRG1",0.0565181713272647,1.86410807535401,0.417499672713174,0.518572528648339,0.999997068196745,0.999983379322086,"group_idyes"
"5424","PCDHB14","Exc L4-5 RORB GABRG1",0.0183358160314601,1.69937730697287,0.0408426943102369,0.839948686329954,0.999997068196745,0.999983379322086,"group_idyes"
"5425","AC244517.10","Exc L4-5 RORB GABRG1",-0.0196010769775467,4.13825916215677,0.157596895067904,0.691598830596096,0.999997068196745,0.999983379322086,"group_idyes"
"5426","PCDHB15","Exc L4-5 RORB GABRG1",0.229168540145583,1.17278331499358,5.00656079948118,0.0258233025293694,0.999997068196745,0.999983379322086,"group_idyes"
"5427","TAF7","Exc L4-5 RORB GABRG1",0.0904535555284414,5.14756543099827,1.75064614075452,0.186581336057311,0.999997068196745,0.999983379322086,"group_idyes"
"5428","AC005618.1","Exc L4-5 RORB GABRG1",0.0385398704936696,0.801239728807459,0.073472848823384,0.786491213315662,0.999997068196745,0.999983379322086,"group_idyes"
"5429","PCDHGA1","Exc L4-5 RORB GABRG1",0.0173525039809135,2.48306988696178,0.0246778472316197,0.875254872807754,0.999997068196745,0.999983379322086,"group_idyes"
"5430","DIAPH1","Exc L4-5 RORB GABRG1",-0.0149618660639352,6.14231921911311,0.286982596236783,0.592470221474706,0.999997068196745,0.999983379322086,"group_idyes"
"5431","AC008781.2","Exc L4-5 RORB GABRG1",-0.260997862937995,0.422945404187183,1.58237417010309,0.209181982971767,0.999997068196745,0.999983379322086,"group_idyes"
"5432","AC008781.1","Exc L4-5 RORB GABRG1",-0.151848690250269,1.25296218559266,1.65915092579049,0.198492167072994,0.999997068196745,0.999983379322086,"group_idyes"
"5433","HDAC3","Exc L4-5 RORB GABRG1",-0.0457979992078915,5.59664147704601,1.94681904578677,0.708300454384255,0.999997068196745,0.999983379322086,"group_idyes"
"5434","RELL2","Exc L4-5 RORB GABRG1",-0.0686719530061925,4.13301329695479,0.835704001514488,0.361200883536951,0.999997068196745,0.999983379322086,"group_idyes"
"5435","FCHSD1","Exc L4-5 RORB GABRG1",-0.150986272467501,2.29976530957966,1.44083807034608,0.230742344834052,0.999997068196745,0.999983379322086,"group_idyes"
"5436","ARAP3","Exc L4-5 RORB GABRG1",-0.159113825598394,3.53003129909484,0.995359634263026,0.319063020500544,0.999997068196745,0.999983379322086,"group_idyes"
"5437","PCDH1","Exc L4-5 RORB GABRG1",-0.0674925074537907,4.61924999475579,1.24418063241902,0.265363096588269,0.999997068196745,0.999983379322086,"group_idyes"
"5438","DELE1","Exc L4-5 RORB GABRG1",-0.0147238617479185,5.403686524744,0.118620027320512,0.730724207309376,0.999997068196745,0.999983379322086,"group_idyes"
"5439","PCDH12","Exc L4-5 RORB GABRG1",-0.0934665558796129,0.921799756518677,0.408034308093652,0.523348989536584,0.999997068196745,0.999983379322086,"group_idyes"
"5440","RNF14","Exc L4-5 RORB GABRG1",-0.0277358196041085,5.04274391238043,0.75526346409162,0.385356711893019,0.999997068196745,0.999983379322086,"group_idyes"
"5441","AC005740.3","Exc L4-5 RORB GABRG1",-0.0226903383804211,0.925111847638539,0.0145525291506519,0.904044019815221,0.999997068196745,0.999983379322086,"group_idyes"
"5442","GNPDA1","Exc L4-5 RORB GABRG1",0.00986665358333449,4.61784715485681,0.0471606189297709,0.82819491005257,0.999997068196745,0.999983379322086,"group_idyes"
"5443","NDFIP1","Exc L4-5 RORB GABRG1",-0.0349341448597416,7.75295204911188,0.964497354920406,0.326673545781156,0.999997068196745,0.999983379322086,"group_idyes"
"5444","SPRY4","Exc L4-5 RORB GABRG1",0.0355377707614576,2.64777000107169,0.0901979130752673,0.764087915851621,0.999997068196745,0.999983379322086,"group_idyes"
"5445","SPRY4-AS1","Exc L4-5 RORB GABRG1",-0.133020455977483,5.40720885759865,0.599516108838508,0.439238265873718,0.999997068196745,0.999983379322086,"group_idyes"
"5446","FGF1","Exc L4-5 RORB GABRG1",-0.0786432278790598,2.87478761092511,0.506313554616989,0.477170269817133,0.999997068196745,0.999983379322086,"group_idyes"
"5447","LINC01844","Exc L4-5 RORB GABRG1",-0.188507613348165,0.70299088351037,0.930404184981168,0.33536381782624,0.999997068196745,0.999983379322086,"group_idyes"
"5448","ARHGAP26","Exc L4-5 RORB GABRG1",-0.0216495784278579,9.14255141365313,0.344276598613539,0.557715155851156,0.999997068196745,0.999983379322086,"group_idyes"
"5449","ARHGAP26-AS1","Exc L4-5 RORB GABRG1",0.0803993431946007,2.33838440645862,0.244693064848124,0.621119246404218,0.999997068196745,0.999983379322086,"group_idyes"
"5450","NR3C1","Exc L4-5 RORB GABRG1",0.0240225080968912,7.92346419061707,0.656331964569848,0.418358703171517,0.999997068196745,0.999983379322086,"group_idyes"
"5451","AC016598.1","Exc L4-5 RORB GABRG1",0.0197364028538104,3.534897262891,0.028025555257533,0.867136714697344,0.999997068196745,0.999983379322086,"group_idyes"
"5452","YIPF5","Exc L4-5 RORB GABRG1",0.0252030521860963,4.57996180605776,0.208197407277068,0.648441409062027,0.999997068196745,0.999983379322086,"group_idyes"
"5453","KCTD16","Exc L4-5 RORB GABRG1",-0.0122569844069532,8.90324687041335,0.0820218961043544,0.774730028735807,0.999997068196745,0.999983379322086,"group_idyes"
"5454","AC137770.1","Exc L4-5 RORB GABRG1",-0.0207040709280635,2.27689835049012,0.0321448513067887,0.857804497754746,0.999997068196745,0.999983379322086,"group_idyes"
"5455","PRELID2","Exc L4-5 RORB GABRG1",-0.0642184487115084,5.35252986256666,0.664727273958044,0.415400416868198,0.999997068196745,0.999983379322086,"group_idyes"
"5456","SH3RF2","Exc L4-5 RORB GABRG1",-0.171889924970942,2.28460196759408,2.69297226882552,0.10160885486607,0.999997068196745,0.999983379322086,"group_idyes"
"5457","PLAC8L1","Exc L4-5 RORB GABRG1",0.0404375154236976,3.52966177709052,0.562290624476592,0.453797076510325,0.999997068196745,0.999983379322086,"group_idyes"
"5458","AC091887.1","Exc L4-5 RORB GABRG1",0.0369558049132994,2.71540937134217,0.0749473970335571,0.784411966514798,0.999997068196745,0.999983379322086,"group_idyes"
"5459","LARS","Exc L4-5 RORB GABRG1",0.00674225320032027,6.17707032324783,0.0658409398130506,0.884801905906584,0.999997068196745,0.999983379322086,"group_idyes"
"5460","AC091959.3","Exc L4-5 RORB GABRG1",0.0116856657393343,2.07555675149802,0.018412571154941,0.892135005728719,0.999997068196745,0.999983379322086,"group_idyes"
"5461","TCERG1","Exc L4-5 RORB GABRG1",-0.00327172419250412,6.97679077147687,0.0177991005779681,0.893936306853451,0.999997068196745,0.999983379322086,"group_idyes"
"5462","AC008728.1","Exc L4-5 RORB GABRG1",0.026319105722811,1.1352348778461,0.0349682777876385,0.851760718487584,0.999997068196745,0.999983379322086,"group_idyes"
"5463","PPP2R2B","Exc L4-5 RORB GABRG1",-0.0108202074716693,10.3791238970122,0.10116750771233,0.75060562733087,0.999997068196745,0.999983379322086,"group_idyes"
"5464","STK32A","Exc L4-5 RORB GABRG1",-0.0661097659811584,1.82220576111206,0.429993830070126,0.51238391103869,0.999997068196745,0.999983379322086,"group_idyes"
"5465","DPYSL3","Exc L4-5 RORB GABRG1",0.0491127846642242,3.78146189299957,0.858523869903904,0.354732972665289,0.999997068196745,0.999983379322086,"group_idyes"
"5466","JAKMIP2-AS1","Exc L4-5 RORB GABRG1",-0.0387485406666887,4.27582151892781,0.129854669887709,0.718780522390511,0.999997068196745,0.999983379322086,"group_idyes"
"5467","JAKMIP2","Exc L4-5 RORB GABRG1",0.028970403783383,8.66687411318799,0.76053962945063,0.38370361127911,0.999997068196745,0.999983379322086,"group_idyes"
"5468","AC091948.1","Exc L4-5 RORB GABRG1",-0.0193703577666664,5.23522478822663,0.09539991352035,0.757588545918415,0.999997068196745,0.999983379322086,"group_idyes"
"5469","SPINK9","Exc L4-5 RORB GABRG1",-0.0776410076444215,0.628518306432002,0.216679242941516,0.641845285557658,0.999997068196745,0.999983379322086,"group_idyes"
"5470","FBXO38","Exc L4-5 RORB GABRG1",0.0217542038243963,5.22728785985216,0.426713226777742,0.513996322192145,0.999997068196745,0.999983379322086,"group_idyes"
"5471","HTR4","Exc L4-5 RORB GABRG1",-0.0454053583408925,1.46388699646498,0.117938978834814,0.731468261834603,0.999997068196745,0.999983379322086,"group_idyes"
"5472","SH3TC2","Exc L4-5 RORB GABRG1",-0.141783238108299,0.699027732216503,0.726629245968578,0.394508296645543,0.999997068196745,0.999983379322086,"group_idyes"
"5473","ABLIM3","Exc L4-5 RORB GABRG1",0.00988721836496739,4.75904411992274,0.042571689030626,0.836643009507389,0.999997068196745,0.999983379322086,"group_idyes"
"5474","AFAP1L1","Exc L4-5 RORB GABRG1",-0.324790331344496,0.784355604069243,5.29289785130283,0.0219467676781876,0.999997068196745,0.999983379322086,"group_idyes"
"5475","GRPEL2","Exc L4-5 RORB GABRG1",-0.0156926458722042,2.77845434443267,0.0384529825813676,0.844639875193762,0.999997068196745,0.999983379322086,"group_idyes"
"5476","GRPEL2-AS1","Exc L4-5 RORB GABRG1",-0.104681087557871,2.93215719706917,2.07697833214775,0.150349332368563,0.999997068196745,0.999983379322086,"group_idyes"
"5477","PCYOX1L","Exc L4-5 RORB GABRG1",-0.101798089784002,3.39568270211557,2.12092662948082,0.146114198093357,0.999997068196745,0.999983379322086,"group_idyes"
"5478","CSNK1A1","Exc L4-5 RORB GABRG1",-0.0231854593875162,7.20757422263615,1.06230722398163,0.303337048811204,0.999997068196745,0.999983379322086,"group_idyes"
"5479","ARHGEF37","Exc L4-5 RORB GABRG1",-0.0301817767022256,3.00750434977627,0.240008867730421,0.855666573941599,0.999997068196745,0.999983379322086,"group_idyes"
"5480","PPARGC1B","Exc L4-5 RORB GABRG1",-0.0615304950837716,5.65803978707223,2.07894056204637,0.150157297275159,0.999997068196745,0.999983379322086,"group_idyes"
"5481","PDE6A","Exc L4-5 RORB GABRG1",0.141266359441689,0.972579297618561,1.44934491596943,0.229373273386844,0.999997068196745,0.999983379322086,"group_idyes"
"5482","SLC26A2","Exc L4-5 RORB GABRG1",0.0725561812140763,2.56768198264549,1.11441402104808,0.291786900035816,0.999997068196745,0.999983379322086,"group_idyes"
"5483","TIGD6","Exc L4-5 RORB GABRG1",0.244248849925255,1.25608520909362,5.26521793995901,0.0357252209637798,0.999997068196745,0.999983379322086,"group_idyes"
"5484","HMGXB3","Exc L4-5 RORB GABRG1",-0.0220729074627046,4.68516242728656,0.275269437627707,0.985742979050714,0.999997068196745,0.999983379322086,"group_idyes"
"5485","CSF1R","Exc L4-5 RORB GABRG1",-0.11226230367604,0.434785572932801,0.466848021428431,0.494852067910392,0.999997068196745,0.999983379322086,"group_idyes"
"5486","PDGFRB","Exc L4-5 RORB GABRG1",0.0464172512264145,4.77495422279,0.688765619746981,0.40709921882803,0.999997068196745,0.999983379322086,"group_idyes"
"5487","SLC6A7","Exc L4-5 RORB GABRG1",-0.0386153360350361,6.54781482665067,1.39575567598859,0.238165271070746,0.999997068196745,0.999983379322086,"group_idyes"
"5488","CAMK2A","Exc L4-5 RORB GABRG1",-0.00105838575534618,8.86311792832853,0.00141871584445517,0.969973644933247,0.999997068196745,0.999983379322086,"group_idyes"
"5489","TCOF1","Exc L4-5 RORB GABRG1",0.00675051984087767,4.98224824230181,0.0203809568391482,0.88655297336925,0.999997068196745,0.999983379322086,"group_idyes"
"5490","CD74","Exc L4-5 RORB GABRG1",0.225229942766012,2.53789048046356,2.752696623328,0.0979054759687122,0.999997068196745,0.999983379322086,"group_idyes"
"5491","RPS14","Exc L4-5 RORB GABRG1",-0.0598221686446153,5.53135374788229,0.259293336354813,0.610897980242571,0.999997068196745,0.999983379322086,"group_idyes"
"5492","NDST1-AS1","Exc L4-5 RORB GABRG1",-0.168830050592501,1.06396929539497,1.85702346405187,0.173765836030359,0.999997068196745,0.999983379322086,"group_idyes"
"5493","NDST1","Exc L4-5 RORB GABRG1",-0.0736801120612781,4.68993120598072,2.77017074686535,0.096850093515231,0.999997068196745,0.999983379322086,"group_idyes"
"5494","SYNPO","Exc L4-5 RORB GABRG1",0.0235959951712109,5.84740488931078,0.196403826456147,0.65788846145481,0.999997068196745,0.999983379322086,"group_idyes"
"5495","AC011383.1","Exc L4-5 RORB GABRG1",-0.0593324212914656,0.605741769483176,0.158643749202949,0.690629206760449,0.999997068196745,0.999983379322086,"group_idyes"
"5496","MYOZ3","Exc L4-5 RORB GABRG1",0.0261688636180794,1.02194112869331,0.0482467847925668,0.874573995735202,0.999997068196745,0.999983379322086,"group_idyes"
"5497","RBM22","Exc L4-5 RORB GABRG1",0.0303342520088638,4.10118419051324,0.316919621925198,0.573792657144992,0.999997068196745,0.999983379322086,"group_idyes"
"5498","DCTN4","Exc L4-5 RORB GABRG1",-0.0083532617310741,5.687584154498,0.0871981319411738,0.767929130505796,0.999997068196745,0.999983379322086,"group_idyes"
"5499","SMIM3","Exc L4-5 RORB GABRG1",0.0835823980608538,1.1298557325921,0.438021215393274,0.508475282668267,0.999997068196745,0.999983379322086,"group_idyes"
"5500","IRGM","Exc L4-5 RORB GABRG1",-0.0145385664169555,0.653502514296238,0.00768528346662003,0.930187954447613,0.999997068196745,0.999983379322086,"group_idyes"
"5501","GPX3","Exc L4-5 RORB GABRG1",-0.338919072996868,0.501862133762711,3.89026034531848,0.0492826201874775,0.999997068196745,0.999983379322086,"group_idyes"
"5502","TNIP1","Exc L4-5 RORB GABRG1",-0.0492621288531669,4.29443088612353,1.46049292744115,0.227593959313728,0.999997068196745,0.999983379322086,"group_idyes"
"5503","ANXA6","Exc L4-5 RORB GABRG1",-0.0280433570526636,5.84141606966176,0.574135244430264,0.449084191031695,0.999997068196745,0.999983379322086,"group_idyes"
"5504","CCDC69","Exc L4-5 RORB GABRG1",-0.073677214641254,1.68456145160603,0.591693300271915,0.442237050203381,0.999997068196745,0.999983379322086,"group_idyes"
"5505","GM2A","Exc L4-5 RORB GABRG1",-0.13605845891579,2.1212394977096,3.0978210491175,0.0791917838776611,0.999997068196745,0.999983379322086,"group_idyes"
"5506","SLC36A1","Exc L4-5 RORB GABRG1",-0.0820537829127318,5.7617724845463,3.39691901846938,0.0660873792213983,0.999997068196745,0.999983379322086,"group_idyes"
"5507","FAT2","Exc L4-5 RORB GABRG1",-0.0530717209090917,1.47498638894476,0.149985335584535,0.698763520280606,0.999997068196745,0.999983379322086,"group_idyes"
"5508","AC011337.1","Exc L4-5 RORB GABRG1",-0.11586715511467,1.33579147043646,1.19633508521187,0.274739750077132,0.999997068196745,0.999983379322086,"group_idyes"
"5509","AC011374.1","Exc L4-5 RORB GABRG1",-0.0281052683749944,2.16377280342948,0.0939674285209011,0.759358542821277,0.999997068196745,0.999983379322086,"group_idyes"
"5510","SPARC","Exc L4-5 RORB GABRG1",-0.243510192603865,0.485954924426686,1.83696299806931,0.176102475993811,0.999997068196745,0.999983379322086,"group_idyes"
"5511","CLMAT3","Exc L4-5 RORB GABRG1",-0.0955648307469008,0.28244669171212,0.259932807234836,0.610458657465584,0.999997068196745,0.999983379322086,"group_idyes"
"5512","AC011374.2","Exc L4-5 RORB GABRG1",0.0619896199152185,1.12490139907396,0.295921297718651,0.665690052321618,0.999997068196745,0.999983379322086,"group_idyes"
"5513","ATOX1","Exc L4-5 RORB GABRG1",-0.0792076048668345,3.84209399202413,1.2460158658606,0.265011469180832,0.999997068196745,0.999983379322086,"group_idyes"
"5514","G3BP1","Exc L4-5 RORB GABRG1",0.00507989770830993,5.63137703551382,0.0182302779097626,0.892667030045369,0.999997068196745,0.999983379322086,"group_idyes"
"5515","GLRA1","Exc L4-5 RORB GABRG1",-0.13534773750457,2.21602645296485,1.12715945265167,0.289048031975684,0.999997068196745,0.999983379322086,"group_idyes"
"5516","LINC01933","Exc L4-5 RORB GABRG1",-0.0664811258064756,3.33007477718824,0.482913686249806,0.487524961095783,0.999997068196745,0.999983379322086,"group_idyes"
"5517","LINC01470","Exc L4-5 RORB GABRG1",0.0172529993139253,3.07040947688226,0.0477632980129678,0.82711792165564,0.999997068196745,0.999983379322086,"group_idyes"
"5518","GRIA1","Exc L4-5 RORB GABRG1",0.0422126240284874,8.37577893183269,1.08495868951091,0.298245005713918,0.999997068196745,0.999983379322086,"group_idyes"
"5519","FAM114A2","Exc L4-5 RORB GABRG1",0.019216402605429,4.06413629453871,0.140282153865162,0.708207030950214,0.999997068196745,0.999983379322086,"group_idyes"
"5520","MFAP3","Exc L4-5 RORB GABRG1",0.00992027884810568,5.56734281053545,0.0725632008786341,0.787785090354536,0.999997068196745,0.999983379322086,"group_idyes"
"5521","GALNT10","Exc L4-5 RORB GABRG1",-0.142418977311792,4.01159663568287,3.18511791447463,0.0750994662459517,0.999997068196745,0.999983379322086,"group_idyes"
"5522","SAP30L-AS1","Exc L4-5 RORB GABRG1",0.00661691732094651,2.77150779017996,0.00892028428846603,0.924803047272226,0.999997068196745,0.999983379322086,"group_idyes"
"5523","SAP30L","Exc L4-5 RORB GABRG1",0.0800013483529678,3.8913761923974,1.76417696204188,0.184891750911913,0.999997068196745,0.999983379322086,"group_idyes"
"5524","LARP1","Exc L4-5 RORB GABRG1",0.0322267049429608,7.298462966877,1.37144807657746,0.242288041815636,0.999997068196745,0.999983379322086,"group_idyes"
"5525","FAXDC2","Exc L4-5 RORB GABRG1",0.00332287913723965,3.76772029744159,0.0016738313614607,0.96738688763943,0.999997068196745,0.999983379322086,"group_idyes"
"5526","CNOT8","Exc L4-5 RORB GABRG1",0.0112812977790472,4.99483001300176,0.101613950679441,0.75007434671981,0.999997068196745,0.999983379322086,"group_idyes"
"5527","GEMIN5","Exc L4-5 RORB GABRG1",0.00335797030715148,4.97205878120058,0.0086181183267402,0.926083903704343,0.999997068196745,0.999983379322086,"group_idyes"
"5528","MRPL22","Exc L4-5 RORB GABRG1",-0.00478316096697794,4.24178126263153,0.0102982188069079,0.91922218829072,0.999997068196745,0.999983379322086,"group_idyes"
"5529","KIF4B","Exc L4-5 RORB GABRG1",0.148774432634808,1.0427940666276,1.0122622468414,0.314993842209582,0.999997068196745,0.999983379322086,"group_idyes"
"5530","SGCD","Exc L4-5 RORB GABRG1",-0.0496885988241061,6.57713978049074,0.493749896196386,0.48268425117707,0.999997068196745,0.999983379322086,"group_idyes"
"5531","HAVCR1","Exc L4-5 RORB GABRG1",-0.102065538173885,0.625137677839854,0.378145617673222,0.538960875580186,0.999997068196745,0.999983379322086,"group_idyes"
"5532","HAVCR2","Exc L4-5 RORB GABRG1",0.0364141701187641,4.91018926180032,0.486897343738813,0.485736088290758,0.999997068196745,0.999983379322086,"group_idyes"
"5533","ITK","Exc L4-5 RORB GABRG1",-0.148421751681882,0.486236307775039,0.670532926529275,0.413372791587806,0.999997068196745,0.999983379322086,"group_idyes"
"5534","AC010609.1","Exc L4-5 RORB GABRG1",-0.198132331693186,0.4227045044585,1.13442026333649,0.287502428123145,0.999997068196745,0.999983379322086,"group_idyes"
"5535","AC009185.1","Exc L4-5 RORB GABRG1",-0.0705623168336482,0.943394732213457,0.330534022049423,0.565680850280365,0.999997068196745,0.999983379322086,"group_idyes"
"5536","CYFIP2","Exc L4-5 RORB GABRG1",0.017053803060054,7.70709692100941,0.449833670084647,0.50281637446657,0.999997068196745,0.999983379322086,"group_idyes"
"5537","FNDC9","Exc L4-5 RORB GABRG1",-0.0308065527832082,3.13851859264804,0.133506303068132,0.715024724306218,0.999997068196745,0.999983379322086,"group_idyes"
"5538","ADAM19","Exc L4-5 RORB GABRG1",-0.0653897682946415,5.58792588454115,1.71377216302346,0.191278020653731,0.999997068196745,0.999983379322086,"group_idyes"
"5539","THG1L","Exc L4-5 RORB GABRG1",-0.0580928272087426,2.28199277832047,0.514282739105992,0.60237572125713,0.999997068196745,0.999983379322086,"group_idyes"
"5540","LSM11","Exc L4-5 RORB GABRG1",-0.0159569407380665,5.08490445814287,0.177094867239379,0.674116819568802,0.999997068196745,0.999983379322086,"group_idyes"
"5541","CLINT1","Exc L4-5 RORB GABRG1",-0.00741999505152308,5.28032779961792,0.0629699858079542,0.949656044052233,0.999997068196745,0.999983379322086,"group_idyes"
"5542","AC091939.1","Exc L4-5 RORB GABRG1",-0.107033769623671,0.597832211482546,0.471703013344808,0.492618495977943,0.999997068196745,0.999983379322086,"group_idyes"
"5543","EBF1","Exc L4-5 RORB GABRG1",-0.29122498008233,0.328286521033757,2.57230591578684,0.109569683491379,0.999997068196745,0.999983379322086,"group_idyes"
"5544","RNF145","Exc L4-5 RORB GABRG1",0.0245681521152098,6.55039528317337,0.7670682962929,0.381672007909511,0.999997068196745,0.999983379322086,"group_idyes"
"5545","UBLCP1","Exc L4-5 RORB GABRG1",-0.0346424619616945,4.91265174579121,0.52355538425404,0.469768684512243,0.999997068196745,0.999983379322086,"group_idyes"
"5546","AC008691.1","Exc L4-5 RORB GABRG1",0.112734111705612,4.02049123447751,1.86808549669943,0.172492659854126,0.999997068196745,0.999983379322086,"group_idyes"
"5547","ADRA1B","Exc L4-5 RORB GABRG1",-0.188639129247887,1.79238066289151,2.07520253262912,0.150523362624734,0.999997068196745,0.999983379322086,"group_idyes"
"5548","TTC1","Exc L4-5 RORB GABRG1",-0.0282966730832188,6.21342978877199,1.08327792579471,0.298619032736103,0.999997068196745,0.999983379322086,"group_idyes"
"5549","PWWP2A","Exc L4-5 RORB GABRG1",0.0445649325623483,5.89509627213536,1.93135563275307,0.165413847202323,0.999997068196745,0.999983379322086,"group_idyes"
"5550","FABP6","Exc L4-5 RORB GABRG1",-0.319405017708286,0.829192094164738,5.01701392665511,0.0256699115596002,0.999997068196745,0.999983379322086,"group_idyes"
"5551","CCNJL","Exc L4-5 RORB GABRG1",0.0277699789108549,1.81902376392431,0.0742275032363481,0.785424309680538,0.999997068196745,0.999983379322086,"group_idyes"
"5552","C1QTNF2","Exc L4-5 RORB GABRG1",0.0309066906798023,1.08587199712089,0.0817110826154842,0.775145703296316,0.999997068196745,0.999983379322086,"group_idyes"
"5553","ZBED8","Exc L4-5 RORB GABRG1",0.0491298865228971,2.96202307617371,0.72328216620019,0.395598370373217,0.999997068196745,0.999983379322086,"group_idyes"
"5554","SLU7","Exc L4-5 RORB GABRG1",0.0400126530569143,5.45921563800968,0.662281555066385,0.416259004353299,0.999997068196745,0.999983379322086,"group_idyes"
"5555","PTTG1","Exc L4-5 RORB GABRG1",0.104064023783252,1.7593861322582,0.747789064031435,0.387715983561204,0.999997068196745,0.999983379322086,"group_idyes"
"5556","MIR3142HG","Exc L4-5 RORB GABRG1",0.123864822794769,0.628748857963836,0.8646247450274,0.353030775701231,0.999997068196745,0.999983379322086,"group_idyes"
"5557","ATP10B","Exc L4-5 RORB GABRG1",-0.0846331620234345,1.79688327331915,0.755825335349937,0.472554292904627,0.999997068196745,0.999983379322086,"group_idyes"
"5558","GABRB2","Exc L4-5 RORB GABRG1",0.0445742363194503,9.66409388469646,2.53741413743863,0.111997945954054,0.999997068196745,0.999983379322086,"group_idyes"
"5559","GABRA6","Exc L4-5 RORB GABRG1",-0.0401394374547858,4.73382325091293,0.436487228116147,0.509218201812745,0.999997068196745,0.999983379322086,"group_idyes"
"5560","GABRA1","Exc L4-5 RORB GABRG1",-0.00593871936521218,7.94475022608626,0.0190220260856713,0.890375512639458,0.999997068196745,0.999983379322086,"group_idyes"
"5561","LINC01202","Exc L4-5 RORB GABRG1",0.0333460685143432,7.12362294017568,0.50314789701003,0.47854985633111,0.999997068196745,0.999983379322086,"group_idyes"
"5562","GABRG2","Exc L4-5 RORB GABRG1",0.027789718775666,8.40920689906767,0.931474246774247,0.335086393472246,0.999997068196745,0.999983379322086,"group_idyes"
"5563","AC113414.1","Exc L4-5 RORB GABRG1",0.0175281122327778,4.8369516277316,0.0844953061994489,0.77145211365888,0.999997068196745,0.999983379322086,"group_idyes"
"5564","CCNG1","Exc L4-5 RORB GABRG1",0.0182250274456313,3.29206772838368,0.0765857720777739,0.78212733921463,0.999997068196745,0.999983379322086,"group_idyes"
"5565","NUDCD2","Exc L4-5 RORB GABRG1",0.0472089384274458,4.54296272033587,0.584729206291448,0.444933336695754,0.999997068196745,0.999983379322086,"group_idyes"
"5566","HMMR","Exc L4-5 RORB GABRG1",0.201348465813292,0.724196504123269,2.18034856000274,0.140600828909282,0.999997068196745,0.999983379322086,"group_idyes"
"5567","MAT2B","Exc L4-5 RORB GABRG1",0.0522120888625047,5.08922861786738,0.610309984199318,0.435151571298812,0.999997068196745,0.999983379322086,"group_idyes"
"5568","AC008662.1","Exc L4-5 RORB GABRG1",-0.293044840945453,0.598267360914647,3.01486978252942,0.0833045874574308,0.999997068196745,0.999983379322086,"group_idyes"
"5569","AC109466.1","Exc L4-5 RORB GABRG1",-0.480368927009449,9.24247163003411,8.64214771204548,0.00348298333406772,0.999997068196745,0.999983379322086,"group_idyes"
"5570","LINC02143","Exc L4-5 RORB GABRG1",-0.500168722792037,2.20739218297622,6.41461023330858,0.0117151889118378,0.999997068196745,0.999983379322086,"group_idyes"
"5571","AC008415.1","Exc L4-5 RORB GABRG1",-0.403457899140141,8.22922142249202,6.05204080225975,0.0143290564838957,0.999997068196745,0.999983379322086,"group_idyes"
"5572","AC114321.1","Exc L4-5 RORB GABRG1",-0.480810522907517,3.35800206993526,9.38629743314049,0.00234007655784662,0.999997068196745,0.999983379322086,"group_idyes"
"5573","LINC01947","Exc L4-5 RORB GABRG1",-0.600622601678489,0.906202645854451,8.26469720826359,0.00426693747753885,0.999997068196745,0.999983379322086,"group_idyes"
"5574","TENM2","Exc L4-5 RORB GABRG1",-0.0439815701408318,10.8741269987287,1.30954696212425,0.253188150136545,0.999997068196745,0.999983379322086,"group_idyes"
"5575","AC091820.2","Exc L4-5 RORB GABRG1",-0.34950341458846,0.491034429250159,3.1179980442086,0.0782249676345501,0.999997068196745,0.999983379322086,"group_idyes"
"5576","AC008708.2","Exc L4-5 RORB GABRG1",-0.00132480007973076,1.76694703921248,6.11079065991025e-05,0.993766928310322,0.999997068196745,0.999983379322086,"group_idyes"
"5577","AC011369.1","Exc L4-5 RORB GABRG1",-0.0524936172186147,3.03310173768964,0.151188995167698,0.697616792455704,0.999997068196745,0.999983379322086,"group_idyes"
"5578","WWC1","Exc L4-5 RORB GABRG1",-0.054779579382815,4.96066986541948,1.17040614612947,0.279995428160678,0.999997068196745,0.999983379322086,"group_idyes"
"5579","RARS","Exc L4-5 RORB GABRG1",-0.0479980768484791,5.41975233532804,1.51979939790703,0.218402620823867,0.999997068196745,0.999983379322086,"group_idyes"
"5580","FBLL1","Exc L4-5 RORB GABRG1",0.00620290474580678,4.10065214567568,0.00625869704286571,0.936984728256439,0.999997068196745,0.999983379322086,"group_idyes"
"5581","PANK3","Exc L4-5 RORB GABRG1",-0.0271331521194503,5.58548123388052,0.660696885313895,0.416816722935018,0.999997068196745,0.999983379322086,"group_idyes"
"5582","SLIT3","Exc L4-5 RORB GABRG1",-0.119225229048547,2.90015261074578,0.948405615133126,0.330737367285432,0.999997068196745,0.999983379322086,"group_idyes"
"5583","SPDL1","Exc L4-5 RORB GABRG1",0.0280343694750091,2.94879828853299,0.293671385861075,0.588191078869965,0.999997068196745,0.999983379322086,"group_idyes"
"5584","DOCK2","Exc L4-5 RORB GABRG1",-0.066204885319034,1.09489444559868,0.28310284319209,0.942581696905564,0.999997068196745,0.999983379322086,"group_idyes"
"5585","FAM196B","Exc L4-5 RORB GABRG1",-0.293850022674463,0.646199161810036,1.9411238103032,0.164350981695707,0.999997068196745,0.999983379322086,"group_idyes"
"5586","KCNIP1","Exc L4-5 RORB GABRG1",-0.318349871840617,1.20873331904682,5.43437960431936,0.0202599480123473,0.999997068196745,0.999983379322086,"group_idyes"
"5587","KCNMB1","Exc L4-5 RORB GABRG1",-0.192385283005476,0.153582856395479,1.15410320125542,0.404963099968609,0.999997068196745,0.999983379322086,"group_idyes"
"5588","RANBP17","Exc L4-5 RORB GABRG1",0.0197144173211976,7.05397020350171,0.208784813289452,0.647979406963816,0.999997068196745,0.999983379322086,"group_idyes"
"5589","NPM1","Exc L4-5 RORB GABRG1",-0.00949869451278049,4.61383264560009,0.01947193755753,0.889094979176892,0.999997068196745,0.999983379322086,"group_idyes"
"5590","FGF18","Exc L4-5 RORB GABRG1",-0.0336842490694926,4.06459115662515,0.255122191899561,0.613780464171459,0.999997068196745,0.999983379322086,"group_idyes"
"5591","FBXW11","Exc L4-5 RORB GABRG1",0.000351393957622604,6.75292714656705,0.000271186715165691,0.986869768628363,0.999997068196745,0.999983379322086,"group_idyes"
"5592","STK10","Exc L4-5 RORB GABRG1",-0.0971173712546065,3.22404852120027,2.14702244448432,0.143663416054955,0.999997068196745,0.999983379322086,"group_idyes"
"5593","UBTD2","Exc L4-5 RORB GABRG1",-0.0128110040411677,4.37157785801281,0.0875639049465788,0.767456948423045,0.999997068196745,0.999983379322086,"group_idyes"
"5594","SH3PXD2B","Exc L4-5 RORB GABRG1",0.0987774442941288,2.68523959682373,1.07872112820504,0.299636122235695,0.999997068196745,0.999983379322086,"group_idyes"
"5595","NEURL1B","Exc L4-5 RORB GABRG1",0.0281574433560686,1.24714668454383,0.0505182689849008,0.82228321516882,0.999997068196745,0.999983379322086,"group_idyes"
"5596","DUSP1","Exc L4-5 RORB GABRG1",0.0422217198895866,3.64886180573762,0.201858624773982,0.653477771057244,0.999997068196745,0.999983379322086,"group_idyes"
"5597","ERGIC1","Exc L4-5 RORB GABRG1",-0.0527779031592728,6.03422483739935,2.04275440029838,0.153743957002812,0.999997068196745,0.999983379322086,"group_idyes"
"5598","AC008429.1","Exc L4-5 RORB GABRG1",-0.374801785686266,0.184226160871863,4.5615429495136,0.0333284149974005,0.999997068196745,0.999983379322086,"group_idyes"
"5599","RPL26L1","Exc L4-5 RORB GABRG1",0.00453626224736248,2.55735814656389,0.0019493186552171,0.964806875284454,0.999997068196745,0.999983379322086,"group_idyes"
"5600","ATP6V0E1","Exc L4-5 RORB GABRG1",-0.0061263212916701,5.15113544127073,0.0407460803856971,0.840135533493538,0.999997068196745,0.999983379322086,"group_idyes"
"5601","CREBRF","Exc L4-5 RORB GABRG1",0.03525170277802,6.78788183361107,1.33067478576939,0.249401332372376,0.999997068196745,0.999983379322086,"group_idyes"
"5602","BNIP1","Exc L4-5 RORB GABRG1",-0.101963056751535,2.54176464338897,1.81490855821156,0.184808347857109,0.999997068196745,0.999983379322086,"group_idyes"
"5603","BOD1","Exc L4-5 RORB GABRG1",-0.0158711426303861,3.81675498409846,0.0614857419314257,0.804295180300364,0.999997068196745,0.999983379322086,"group_idyes"
"5604","LINC01484","Exc L4-5 RORB GABRG1",-0.0856845713559347,0.61411033897045,0.287447929194293,0.592170456301637,0.999997068196745,0.999983379322086,"group_idyes"
"5605","CPEB4","Exc L4-5 RORB GABRG1",0.0243768884733566,8.04760686082897,0.944872127014424,0.331638727760134,0.999997068196745,0.999983379322086,"group_idyes"
"5606","C5orf47","Exc L4-5 RORB GABRG1",-0.0674013952844487,1.096065279692,0.271530726127825,0.60260658470634,0.999997068196745,0.999983379322086,"group_idyes"
"5607","NSG2","Exc L4-5 RORB GABRG1",-0.0335947203876576,7.04024028361032,0.89284332704514,0.345300986559532,0.999997068196745,0.999983379322086,"group_idyes"
"5608","LINC01411","Exc L4-5 RORB GABRG1",-0.243649042512186,2.500368825716,2.62732417021832,0.105857858768354,0.999997068196745,0.999983379322086,"group_idyes"
"5609","AC113346.2","Exc L4-5 RORB GABRG1",-0.114472275781177,0.310804863233562,0.416724121825192,0.518960992847199,0.999997068196745,0.999983379322086,"group_idyes"
"5610","LINC01951","Exc L4-5 RORB GABRG1",0.156968974335688,0.883288188178466,1.06099635168909,0.303635162272044,0.999997068196745,0.999983379322086,"group_idyes"
"5611","DRD1","Exc L4-5 RORB GABRG1",0.198753239374385,1.44633572701057,2.22372509347716,0.136724241671004,0.999997068196745,0.999983379322086,"group_idyes"
"5612","SFXN1","Exc L4-5 RORB GABRG1",-0.00345547782569648,6.4671465776767,0.022165304977421,0.881726194721646,0.999997068196745,0.999983379322086,"group_idyes"
"5613","HRH2","Exc L4-5 RORB GABRG1",-0.0712878566656764,6.35951725314959,3.5355128858743,0.0608230217782488,0.999997068196745,0.999983379322086,"group_idyes"
"5614","CPLX2","Exc L4-5 RORB GABRG1",-0.042588291464396,6.95020523424618,0.795718680183949,0.372934069940169,0.999997068196745,0.999983379322086,"group_idyes"
"5615","THOC3","Exc L4-5 RORB GABRG1",-0.0324320314919888,5.61852954780036,0.435617934862084,0.509640038975726,0.999997068196745,0.999983379322086,"group_idyes"
"5616","AC139491.1","Exc L4-5 RORB GABRG1",-0.108573188077522,1.99817623818576,0.951256316844575,0.330012560451277,0.999997068196745,0.999983379322086,"group_idyes"
"5617","FAM153B","Exc L4-5 RORB GABRG1",-0.203901000393132,5.69079917186488,3.2360857942384,0.0728161369189393,0.999997068196745,0.999983379322086,"group_idyes"
"5618","AC139491.7","Exc L4-5 RORB GABRG1",-0.071714327169305,5.73044161840202,2.90996549001108,0.0888408352717577,0.999997068196745,0.999983379322086,"group_idyes"
"5619","AC139491.4","Exc L4-5 RORB GABRG1",-0.185605623395172,1.11585930858822,1.47291308861587,0.225631162223383,0.999997068196745,0.999983379322086,"group_idyes"
"5620","SIMC1","Exc L4-5 RORB GABRG1",-0.0302160038655383,6.74300451479927,0.7540150032868,0.385749357103154,0.999997068196745,0.999983379322086,"group_idyes"
"5621","KIAA1191","Exc L4-5 RORB GABRG1",0.0332926037174341,5.01037750609151,0.628529192809763,0.457508597790174,0.999997068196745,0.999983379322086,"group_idyes"
"5622","AC138956.1","Exc L4-5 RORB GABRG1",0.11556252774913,0.645498942487228,0.548922502003919,0.459210243304685,0.999997068196745,0.999983379322086,"group_idyes"
"5623","ARL10","Exc L4-5 RORB GABRG1",0.0339342435870884,4.95819153832831,0.94902225861628,0.330580402389208,0.999997068196745,0.999983379322086,"group_idyes"
"5624","NOP16","Exc L4-5 RORB GABRG1",-0.0190361896998608,1.65020351165894,0.0298574571617677,0.862904922793435,0.999997068196745,0.999983379322086,"group_idyes"
"5625","CLTB","Exc L4-5 RORB GABRG1",-0.00379150180660823,5.80784641486275,0.00317853220044496,0.955069573311059,0.999997068196745,0.999983379322086,"group_idyes"
"5626","FAF2","Exc L4-5 RORB GABRG1",-0.00759559826564734,5.53620517622588,0.0653602945726163,0.798352641003041,0.999997068196745,0.999983379322086,"group_idyes"
"5627","RNF44","Exc L4-5 RORB GABRG1",-0.0361110490860413,4.55103187020014,0.542818804876058,0.461715892514066,0.999997068196745,0.999983379322086,"group_idyes"
"5628","CDHR2","Exc L4-5 RORB GABRG1",-0.00363617018595222,3.09550329997708,0.0038943479109219,0.95027295105528,0.999997068196745,0.999983379322086,"group_idyes"
"5629","GPRIN1","Exc L4-5 RORB GABRG1",0.00217348753941048,4.19820024257308,0.00191972525679482,0.965074864847544,0.999997068196745,0.999983379322086,"group_idyes"
"5630","SNCB","Exc L4-5 RORB GABRG1",0.00193280470452007,7.1351373831386,0.000683582526791386,0.979154912408795,0.999997068196745,0.999983379322086,"group_idyes"
"5631","EIF4E1B","Exc L4-5 RORB GABRG1",-0.0259817064793964,4.68770932378126,0.277176957801623,0.598860917116709,0.999997068196745,0.999983379322086,"group_idyes"
"5632","TSPAN17","Exc L4-5 RORB GABRG1",0.0169070582938844,3.65084810954086,0.0661618774515061,0.797146832954425,0.999997068196745,0.999983379322086,"group_idyes"
"5633","LINC01574","Exc L4-5 RORB GABRG1",0.0517456751170826,1.43691645936486,0.196109179955688,0.658128787432348,0.999997068196745,0.999983379322086,"group_idyes"
"5634","UNC5A","Exc L4-5 RORB GABRG1",0.0217895513267853,6.24369646680961,0.268871205733377,0.604388077483995,0.999997068196745,0.999983379322086,"group_idyes"
"5635","HK3","Exc L4-5 RORB GABRG1",-0.0539625087991322,0.559954334806287,0.134899792345628,0.8936268472289,0.999997068196745,0.999983379322086,"group_idyes"
"5636","UIMC1","Exc L4-5 RORB GABRG1",-0.0171275526687876,5.89034791584452,0.224149397347247,0.636164836785632,0.999997068196745,0.999983379322086,"group_idyes"
"5637","ZNF346","Exc L4-5 RORB GABRG1",-0.0351162486552595,5.99005304596522,0.73242504071666,0.392630946051505,0.999997068196745,0.999983379322086,"group_idyes"
"5638","FGFR4","Exc L4-5 RORB GABRG1",0.208894740678676,1.33603388525626,2.90656520366794,0.089026848702914,0.999997068196745,0.999983379322086,"group_idyes"
"5639","NSD1","Exc L4-5 RORB GABRG1",-0.0081813417402861,7.24231759474653,0.0775496954425277,0.780795476552406,0.999997068196745,0.999983379322086,"group_idyes"
"5640","RAB24","Exc L4-5 RORB GABRG1",0.0749435926906305,2.53020247811224,0.604964972274733,0.437167942390171,0.999997068196745,0.999983379322086,"group_idyes"
"5641","MXD3","Exc L4-5 RORB GABRG1",-0.0578791867692812,2.26728277528064,0.503315873412275,0.478476488749729,0.999997068196745,0.999983379322086,"group_idyes"
"5642","PRELID1","Exc L4-5 RORB GABRG1",0.0982896780091885,4.33144380044218,0.785576990651813,0.37599458052555,0.999997068196745,0.999983379322086,"group_idyes"
"5643","LMAN2","Exc L4-5 RORB GABRG1",0.0149607482525367,3.72860014259072,0.059402284528319,0.80757306975202,0.999997068196745,0.999983379322086,"group_idyes"
"5644","RGS14","Exc L4-5 RORB GABRG1",0.0134423547167696,2.70117058510389,0.0231152206760224,0.879237523374475,0.999997068196745,0.999983379322086,"group_idyes"
"5645","F12","Exc L4-5 RORB GABRG1",-0.0964241389731528,2.43764540422764,0.68065496159806,0.409872517749828,0.999997068196745,0.999983379322086,"group_idyes"
"5646","GRK6","Exc L4-5 RORB GABRG1",-0.0197643626617018,4.03378394077733,0.186059645208528,0.666458173821433,0.999997068196745,0.999983379322086,"group_idyes"
"5647","PRR7","Exc L4-5 RORB GABRG1",-0.0164100880873767,3.8075075171918,0.0623847538192846,0.802898990716305,0.999997068196745,0.999983379322086,"group_idyes"
"5648","DBN1","Exc L4-5 RORB GABRG1",0.0260249059264824,4.735191160839,0.370846659244122,0.54290253634972,0.999997068196745,0.999983379322086,"group_idyes"
"5649","PDLIM7","Exc L4-5 RORB GABRG1",0.101449763274171,3.72546498452514,2.83860699916619,0.0928349090691323,0.999997068196745,0.999983379322086,"group_idyes"
"5650","DOK3","Exc L4-5 RORB GABRG1",-0.042754098559984,1.94115535497225,0.143292682979446,0.70523813146462,0.999997068196745,0.999983379322086,"group_idyes"
"5651","DDX41","Exc L4-5 RORB GABRG1",0.0561392217015447,3.72696324795447,0.750075739212273,0.386992017143757,0.999997068196745,0.999983379322086,"group_idyes"
"5652","FAM193B","Exc L4-5 RORB GABRG1",-0.0266878400830253,5.90276861700393,0.688327882947459,0.407248190446331,0.999997068196745,0.999983379322086,"group_idyes"
"5653","AC139795.3","Exc L4-5 RORB GABRG1",-0.0102173699566018,0.776250886225422,0.00447164810157813,0.946719627649958,0.999997068196745,0.999983379322086,"group_idyes"
"5654","TMED9","Exc L4-5 RORB GABRG1",0.0352714495178382,3.95875743880008,0.189990774050683,0.663168759618707,0.999997068196745,0.999983379322086,"group_idyes"
"5655","B4GALT7","Exc L4-5 RORB GABRG1",-0.0765819756693262,2.627286924664,0.774529894412345,0.379368725319414,0.999997068196745,0.999983379322086,"group_idyes"
"5656","AC139795.2","Exc L4-5 RORB GABRG1",0.0527601198965732,1.77626187201897,0.415122222978439,0.51976498950828,0.999997068196745,0.999983379322086,"group_idyes"
"5657","AC138819.1","Exc L4-5 RORB GABRG1",-0.00106939017450754,1.44916228866268,4.03786365087802e-05,0.99493323516101,0.999997068196745,0.999983379322086,"group_idyes"
"5658","FAM153A","Exc L4-5 RORB GABRG1",-0.0535549074268787,6.48484935604189,0.788033023482916,0.375250179444355,0.999997068196745,0.999983379322086,"group_idyes"
"5659","AC140125.2","Exc L4-5 RORB GABRG1",0.0580846912853125,1.97428189979039,0.244098475936455,0.621543481897442,0.999997068196745,0.999983379322086,"group_idyes"
"5660","AC106795.3","Exc L4-5 RORB GABRG1",0.0312597521768834,3.69321806232489,0.217112028954847,0.641512956491085,0.999997068196745,0.999983379322086,"group_idyes"
"5661","FAM153C","Exc L4-5 RORB GABRG1",-0.0400699258121383,6.48915257074616,0.271578935701476,0.602574393845916,0.999997068196745,0.999983379322086,"group_idyes"
"5662","N4BP3","Exc L4-5 RORB GABRG1",-0.0565436278370176,2.53595056980606,0.497662212588208,0.57713465092924,0.999997068196745,0.999983379322086,"group_idyes"
"5663","RMND5B","Exc L4-5 RORB GABRG1",-0.0345848914795649,4.66158040648943,0.717116332875026,0.397617879197101,0.999997068196745,0.999983379322086,"group_idyes"
"5664","NHP2","Exc L4-5 RORB GABRG1",-0.00436433813738377,4.22425487158093,0.0021615476876762,0.962941876666191,0.999997068196745,0.999983379322086,"group_idyes"
"5665","HNRNPAB","Exc L4-5 RORB GABRG1",0.116499672750872,3.5799889958797,3.07400411476565,0.0803496753930267,0.999997068196745,0.999983379322086,"group_idyes"
"5666","PHYKPL","Exc L4-5 RORB GABRG1",-0.0290903170924258,4.91358911674597,0.323170840960626,0.570039949393356,0.999997068196745,0.999983379322086,"group_idyes"
"5667","COL23A1","Exc L4-5 RORB GABRG1",-0.0456125374368844,4.74330758019587,0.411966531519874,0.521355283096106,0.999997068196745,0.999983379322086,"group_idyes"
"5668","CLK4","Exc L4-5 RORB GABRG1",0.0100590050862903,5.35159715063007,0.0863170570795614,0.899244058921264,0.999997068196745,0.999983379322086,"group_idyes"
"5669","ZNF354A","Exc L4-5 RORB GABRG1",-0.0277627330645069,4.0440022724337,0.348475497770787,0.555323956774011,0.999997068196745,0.999983379322086,"group_idyes"
"5670","ZNF354B","Exc L4-5 RORB GABRG1",0.0427335203285347,3.63462848552979,0.804719141815273,0.370247147161991,0.999997068196745,0.999983379322086,"group_idyes"
"5671","ZFP2","Exc L4-5 RORB GABRG1",-0.0832830190525954,3.94762942302375,2.71672908739547,0.100117665322661,0.999997068196745,0.999983379322086,"group_idyes"
"5672","ZNF454","Exc L4-5 RORB GABRG1",-0.0148232057674255,3.51878024027112,0.0600704057755047,0.806515372695991,0.999997068196745,0.999983379322086,"group_idyes"
"5673","AC104117.3","Exc L4-5 RORB GABRG1",-0.00785571206978278,3.75803015035754,0.026885819509978,0.96258718398844,0.999997068196745,0.999983379322086,"group_idyes"
"5674","ZNF879","Exc L4-5 RORB GABRG1",-0.0486302601535269,1.93792912533122,0.403280307456979,0.525777500766141,0.999997068196745,0.999983379322086,"group_idyes"
"5675","ZNF354C","Exc L4-5 RORB GABRG1",0.135128556255256,2.02022060840868,1.36297545986043,0.243745508210509,0.999997068196745,0.999983379322086,"group_idyes"
"5676","ADAMTS2","Exc L4-5 RORB GABRG1",0.0259528624817093,3.09163195708641,0.063550482641557,0.801104406061344,0.999997068196745,0.999983379322086,"group_idyes"
"5677","AC136628.4","Exc L4-5 RORB GABRG1",-0.173764352397969,0.588373234427154,1.01731627022256,0.313790366680101,0.999997068196745,0.999983379322086,"group_idyes"
"5678","RUFY1","Exc L4-5 RORB GABRG1",-0.0606786962273377,5.75051899858022,2.5973443124705,0.107862970407369,0.999997068196745,0.999983379322086,"group_idyes"
"5679","AC136604.2","Exc L4-5 RORB GABRG1",-0.0475824005841383,2.24142622076981,0.0971639594192375,0.755428757956007,0.999997068196745,0.999983379322086,"group_idyes"
"5680","HNRNPH1","Exc L4-5 RORB GABRG1",0.0110425543200601,6.14771218052191,0.0890615543486969,0.765534715548418,0.999997068196745,0.999983379322086,"group_idyes"
"5681","AC136604.3","Exc L4-5 RORB GABRG1",-0.0549848572728032,1.66592557187133,0.308869593983676,0.65976667192265,0.999997068196745,0.999983379322086,"group_idyes"
"5682","CBY3","Exc L4-5 RORB GABRG1",-0.0954943161213411,1.45271830518076,0.676785787425451,0.411205321644709,0.999997068196745,0.999983379322086,"group_idyes"
"5683","CANX","Exc L4-5 RORB GABRG1",0.079608790898686,6.44698348735899,4.0696763649396,0.0443536151000106,0.999997068196745,0.999983379322086,"group_idyes"
"5684","MAML1","Exc L4-5 RORB GABRG1",-0.0524998399763749,5.18218802141955,1.3957911797596,0.238159312136064,0.999997068196745,0.999983379322086,"group_idyes"
"5685","LTC4S","Exc L4-5 RORB GABRG1",0.105897690138379,1.07216293563003,0.805011963390289,0.688468725928513,0.999997068196745,0.999983379322086,"group_idyes"
"5686","MGAT4B","Exc L4-5 RORB GABRG1",0.0164690001799477,3.99728032989845,0.0988708413391882,0.753359344199156,0.999997068196745,0.999983379322086,"group_idyes"
"5687","SQSTM1","Exc L4-5 RORB GABRG1",0.0185293023111867,6.35652626843316,0.261737121533119,0.609222737491331,0.999997068196745,0.999983379322086,"group_idyes"
"5688","MRNIP","Exc L4-5 RORB GABRG1",-0.0311342507946727,5.65760913349512,0.697811826914933,0.404038384194242,0.999997068196745,0.999983379322086,"group_idyes"
"5689","AC008393.1","Exc L4-5 RORB GABRG1",-0.0939491287734034,1.22182300984112,0.650358209703843,0.420482854874969,0.999997068196745,0.999983379322086,"group_idyes"
"5690","TBC1D9B","Exc L4-5 RORB GABRG1",-0.0262644508713177,5.71106876445235,0.693591312656038,0.405462210419034,0.999997068196745,0.999983379322086,"group_idyes"
"5691","RNF130","Exc L4-5 RORB GABRG1",-0.0103792267263463,7.23852599207689,0.112285576323433,0.737739521916206,0.999997068196745,0.999983379322086,"group_idyes"
"5692","RASGEF1C","Exc L4-5 RORB GABRG1",-0.045333305123392,2.3952454776634,0.192563232484242,0.661038096648536,0.999997068196745,0.999983379322086,"group_idyes"
"5693","MAPK9","Exc L4-5 RORB GABRG1",-0.0167897767206358,6.34611825213411,0.378568283451767,0.538734232811602,0.999997068196745,0.999983379322086,"group_idyes"
"5694","AC008610.1","Exc L4-5 RORB GABRG1",-0.0527692070924995,3.25074213394038,0.711941708813999,0.399324279338887,0.999997068196745,0.999983379322086,"group_idyes"
"5695","GFPT2","Exc L4-5 RORB GABRG1",-0.101768781015543,5.78825030614959,3.8251564860261,0.0512119980990594,0.999997068196745,0.999983379322086,"group_idyes"
"5696","CNOT6","Exc L4-5 RORB GABRG1",-0.0268737936193092,5.45143751497002,0.725434872335141,0.790162404570723,0.999997068196745,0.999983379322086,"group_idyes"
"5697","MGAT1","Exc L4-5 RORB GABRG1",-0.0241022355833526,4.04086857542133,0.285067284906219,0.781162014766817,0.999997068196745,0.999983379322086,"group_idyes"
"5698","LINC00847","Exc L4-5 RORB GABRG1",0.0363468352001279,1.74307385228063,0.174308342544724,0.724875555975458,0.999997068196745,0.999983379322086,"group_idyes"
"5699","ZFP62","Exc L4-5 RORB GABRG1",-0.0507276589497731,3.61867804031866,0.784324378672154,0.590621250352823,0.999997068196745,0.999983379322086,"group_idyes"
"5700","BTNL9","Exc L4-5 RORB GABRG1",-0.21987591743821,0.205911763443954,0.91753213177747,0.338725330237749,0.999997068196745,0.999983379322086,"group_idyes"
"5701","AC008443.5","Exc L4-5 RORB GABRG1",-0.302476974761792,1.71545279139093,9.08082984376733,0.00275398950814453,0.999997068196745,0.999983379322086,"group_idyes"
"5702","TRIM7","Exc L4-5 RORB GABRG1",-0.123406617930661,3.02195985646899,4.08038539027115,0.044076412649375,0.999997068196745,0.999983379322086,"group_idyes"
"5703","AC008443.6","Exc L4-5 RORB GABRG1",-0.197824751718785,1.31227778760066,2.85336020723592,0.0919933650512544,0.999997068196745,0.999983379322086,"group_idyes"
"5704","AC008443.4","Exc L4-5 RORB GABRG1",-0.104151540481423,0.813671564982681,0.554196176958148,0.457062650131848,0.999997068196745,0.999983379322086,"group_idyes"
"5705","TRIM41","Exc L4-5 RORB GABRG1",-0.0812660676893528,3.44428197192035,2.43498661126041,0.119477083327093,0.999997068196745,0.999983379322086,"group_idyes"
"5706","RACK1","Exc L4-5 RORB GABRG1",0.0144107656267435,5.41192837465098,0.0336128623132204,0.854629315375034,0.999997068196745,0.999983379322086,"group_idyes"
"5707","TRIM52","Exc L4-5 RORB GABRG1",0.0365590410002773,4.77408045843594,0.761603550829551,0.383371491914231,0.999997068196745,0.999983379322086,"group_idyes"
"5708","AC138035.1","Exc L4-5 RORB GABRG1",-0.0375979988612038,1.73638854373678,0.140832541752989,0.70766155602264,0.999997068196745,0.999983379322086,"group_idyes"
"5709","AC138035.2","Exc L4-5 RORB GABRG1",-0.0687392159539436,0.684705658596116,0.218373719292553,0.640546421822446,0.999997068196745,0.999983379322086,"group_idyes"
"5710","DUSP22","Exc L4-5 RORB GABRG1",-0.0397456573651166,3.63108491958599,0.575026706295865,0.833719198494941,0.999997068196745,0.999983379322086,"group_idyes"
"5711","EXOC2","Exc L4-5 RORB GABRG1",0.0159532724691942,6.80683794452242,0.194838445412068,0.659167733341592,0.999997068196745,0.999983379322086,"group_idyes"
"5712","AL357054.2","Exc L4-5 RORB GABRG1",-0.0786207537386374,3.58529878009294,1.5345004269714,0.216193507128286,0.999997068196745,0.999983379322086,"group_idyes"
"5713","AL357054.3","Exc L4-5 RORB GABRG1",-0.0192783574790255,2.97323178712897,0.0706963718780647,0.790467975352271,0.999997068196745,0.999983379322086,"group_idyes"
"5714","FOXQ1","Exc L4-5 RORB GABRG1",0.0930941995932099,1.69525816647542,0.858643312847583,0.8612255743963,0.999997068196745,0.999983379322086,"group_idyes"
"5715","FOXF2","Exc L4-5 RORB GABRG1",-0.0171012286875361,1.62075941158497,0.0247105862001029,0.875172834026494,0.999997068196745,0.999983379322086,"group_idyes"
"5716","GMDS","Exc L4-5 RORB GABRG1",-0.076257390041925,7.33260944052153,2.70234758048489,0.10101748620141,0.999997068196745,0.999983379322086,"group_idyes"
"5717","GMDS-DT","Exc L4-5 RORB GABRG1",-0.0411247637230936,6.55756118850091,0.473235153488853,0.491917136077688,0.999997068196745,0.999983379322086,"group_idyes"
"5718","LINC01600","Exc L4-5 RORB GABRG1",0.0926603930289975,2.39591600153965,0.622944535729082,0.430441303233619,0.999997068196745,0.999983379322086,"group_idyes"
"5719","MYLK4","Exc L4-5 RORB GABRG1",0.00534425626419287,2.67491819080682,0.00501941663925996,0.943555667921222,0.999997068196745,0.999983379322086,"group_idyes"
"5720","WRNIP1","Exc L4-5 RORB GABRG1",0.0421952889707807,5.02994639393536,1.56108727706803,0.394845310257976,0.999997068196745,0.999983379322086,"group_idyes"
"5721","SERPINB1","Exc L4-5 RORB GABRG1",0.155661497549144,1.03823231982168,1.86435399847601,0.172920926591229,0.999997068196745,0.999983379322086,"group_idyes"
"5722","SERPINB9P1","Exc L4-5 RORB GABRG1",-0.223460752460692,0.533617056517785,1.39317543741342,0.238598823278433,0.999997068196745,0.999983379322086,"group_idyes"
"5723","SERPINB9","Exc L4-5 RORB GABRG1",-0.17571186540822,4.42061859288338,4.06070908348801,0.044587150114709,0.999997068196745,0.999983379322086,"group_idyes"
"5724","SERPINB6","Exc L4-5 RORB GABRG1",-0.000373513087502657,4.66343495184106,6.9941871611033e-05,0.993331603688326,0.999997068196745,0.999983379322086,"group_idyes"
"5725","LINC01011","Exc L4-5 RORB GABRG1",-0.2059838481976,2.52420324565864,4.96074290127952,0.0265070120093419,0.999997068196745,0.999983379322086,"group_idyes"
"5726","NQO2","Exc L4-5 RORB GABRG1",-0.0343288015141853,6.94980579075248,1.05342462525302,0.305364548932414,0.999997068196745,0.999983379322086,"group_idyes"
"5727","RIPK1","Exc L4-5 RORB GABRG1",-0.0524326823390473,5.27253093246885,1.28197711228191,0.258236925242145,0.999997068196745,0.999983379322086,"group_idyes"
"5728","BPHL","Exc L4-5 RORB GABRG1",-0.0258575408729968,3.64234111912931,0.148937902395923,0.699765725978716,0.999997068196745,0.999983379322086,"group_idyes"
"5729","AL031963.1","Exc L4-5 RORB GABRG1",0.136647871093865,0.6242161723813,0.72315006226181,0.395641483031606,0.999997068196745,0.999983379322086,"group_idyes"
"5730","TUBB2A","Exc L4-5 RORB GABRG1",0.0602935381278047,6.23177256324942,0.309837622047395,0.578103471227241,0.999997068196745,0.999983379322086,"group_idyes"
"5731","LINC02525","Exc L4-5 RORB GABRG1",-0.0168705155485142,0.89311961601672,0.0170590511894458,0.896151857665484,0.999997068196745,0.999983379322086,"group_idyes"
"5732","TUBB2B","Exc L4-5 RORB GABRG1",-0.0195985338423782,2.16542521722044,0.0547995119733635,0.815037333805105,0.999997068196745,0.999983379322086,"group_idyes"
"5733","PSMG4","Exc L4-5 RORB GABRG1",-0.0176111154042799,4.8646663487023,0.202067579276569,0.653310243827395,0.999997068196745,0.999983379322086,"group_idyes"
"5734","SLC22A23","Exc L4-5 RORB GABRG1",-0.0388319486569643,6.32675302322765,0.854945524776906,0.355736602526365,0.999997068196745,0.999983379322086,"group_idyes"
"5735","FAM50B","Exc L4-5 RORB GABRG1",0.160766674862633,2.6936277697009,2.04123757200384,0.153896413582477,0.999997068196745,0.999983379322086,"group_idyes"
"5736","AL138831.1","Exc L4-5 RORB GABRG1",0.0543362622449062,1.43993985380979,0.151317892002587,0.697494304236726,0.999997068196745,0.999983379322086,"group_idyes"
"5737","PRPF4B","Exc L4-5 RORB GABRG1",0.0417311676957898,6.2976611990992,1.36819327425951,0.242846672180429,0.999997068196745,0.999983379322086,"group_idyes"
"5738","FAM217A","Exc L4-5 RORB GABRG1",0.0448612451371436,1.30430484971431,0.124741984416076,0.72414070662374,0.999997068196745,0.999983379322086,"group_idyes"
"5739","ECI2","Exc L4-5 RORB GABRG1",0.00377744114349409,3.98546722372285,0.00566806606869812,0.94002584629279,0.999997068196745,0.999983379322086,"group_idyes"
"5740","AL162718.1","Exc L4-5 RORB GABRG1",-0.226211981762615,1.07559000681026,3.9331729047807,0.131288378119956,0.999997068196745,0.999983379322086,"group_idyes"
"5741","CDYL","Exc L4-5 RORB GABRG1",-0.0253622006759773,5.94453887355134,0.406003630848802,0.524383883727649,0.999997068196745,0.999983379322086,"group_idyes"
"5742","RPP40","Exc L4-5 RORB GABRG1",0.161934285368547,1.57501566795153,2.87528346209675,0.0907581570593588,0.999997068196745,0.999983379322086,"group_idyes"
"5743","AL359643.2","Exc L4-5 RORB GABRG1",0.0398266939353157,2.00238710682722,0.212635867825771,0.678917804298586,0.999997068196745,0.999983379322086,"group_idyes"
"5744","LYRM4","Exc L4-5 RORB GABRG1",-0.0388538619071908,6.6926435511529,1.1519130674274,0.283821750168239,0.999997068196745,0.999983379322086,"group_idyes"
"5745","FARS2","Exc L4-5 RORB GABRG1",-0.0199003510421895,8.05523895136868,0.247627249448041,0.619035072771218,0.999997068196745,0.999983379322086,"group_idyes"
"5746","AL022097.1","Exc L4-5 RORB GABRG1",-0.0491447365814787,1.58973340679997,0.130622078486874,0.717986311319098,0.999997068196745,0.999983379322086,"group_idyes"
"5747","AL136307.1","Exc L4-5 RORB GABRG1",0.00704436490029439,2.46186765318833,0.00761782637375634,0.930494232497294,0.999997068196745,0.999983379322086,"group_idyes"
"5748","NRN1","Exc L4-5 RORB GABRG1",-0.0678669409506501,6.14595729481977,0.684163808941261,0.408669329611593,0.999997068196745,0.999983379322086,"group_idyes"
"5749","F13A1","Exc L4-5 RORB GABRG1",0.0245998594788131,2.79552450159787,0.128430479380172,0.720261511621322,0.999997068196745,0.999983379322086,"group_idyes"
"5750","LY86-AS1","Exc L4-5 RORB GABRG1",-0.057927885559416,7.97591624901829,0.927698368272523,0.336066704227537,0.999997068196745,0.999983379322086,"group_idyes"
"5751","LY86","Exc L4-5 RORB GABRG1",-0.0598515631626667,2.53022097603395,0.236172656302932,0.627260864299254,0.999997068196745,0.999983379322086,"group_idyes"
"5752","RREB1","Exc L4-5 RORB GABRG1",-0.155262247386732,0.433038827145158,1.03441923268379,0.309762129201219,0.999997068196745,0.999983379322086,"group_idyes"
"5753","SSR1","Exc L4-5 RORB GABRG1",-0.0149451632009932,5.95128782078084,0.260696050865992,0.60993519235067,0.999997068196745,0.999983379322086,"group_idyes"
"5754","AL139095.4","Exc L4-5 RORB GABRG1",-0.023151825231085,2.53463179090816,0.0251950826521722,0.873965211034907,0.999997068196745,0.999983379322086,"group_idyes"
"5755","RIOK1","Exc L4-5 RORB GABRG1",-0.0555267812889103,3.27809179758906,0.965987967350436,0.32630047348454,0.999997068196745,0.999983379322086,"group_idyes"
"5756","SNRNP48","Exc L4-5 RORB GABRG1",0.0899376051666766,4.18402112191693,2.55720463478247,0.110613434267532,0.999997068196745,0.999983379322086,"group_idyes"
"5757","BLOC1S5-TXNDC5","Exc L4-5 RORB GABRG1",0.0569879142464094,4.06187693242055,1.27836231233858,0.258908096591457,0.999997068196745,0.999983379322086,"group_idyes"
"5758","EEF1E1-BLOC1S5","Exc L4-5 RORB GABRG1",-0.107805930429621,1.49469707117643,1.32988957907975,0.249540815472516,0.999997068196745,0.999983379322086,"group_idyes"
"5759","SLC35B3","Exc L4-5 RORB GABRG1",0.00957299885821288,4.1177095857715,0.0469867056624227,0.828507031715128,0.999997068196745,0.999983379322086,"group_idyes"
"5760","GCNT2","Exc L4-5 RORB GABRG1",-0.132641936436714,1.04482325631004,1.11781808067626,0.291052164708573,0.999997068196745,0.999983379322086,"group_idyes"
"5761","C6orf52","Exc L4-5 RORB GABRG1",-0.162140297994325,0.891501127704191,1.76379919808387,0.184938679503793,0.999997068196745,0.999983379322086,"group_idyes"
"5762","PAK1IP1","Exc L4-5 RORB GABRG1",0.0363988643192184,3.81982592506903,0.551671260470233,0.458088880971158,0.999997068196745,0.999983379322086,"group_idyes"
"5763","TMEM14C","Exc L4-5 RORB GABRG1",0.0363501656573302,3.85629390220752,0.264863159221454,0.60709413330055,0.999997068196745,0.999983379322086,"group_idyes"
"5764","AL024498.1","Exc L4-5 RORB GABRG1",0.0241529246358454,1.02685256391906,0.0424271808203599,0.83691658478738,0.999997068196745,0.999983379322086,"group_idyes"
"5765","AL024498.2","Exc L4-5 RORB GABRG1",-0.0172718705975604,5.03027209013676,0.115337984941221,0.734332201461168,0.999997068196745,0.999983379322086,"group_idyes"
"5766","MAK","Exc L4-5 RORB GABRG1",-0.017984650640597,4.76519329247572,0.0254496674826766,0.873335419582121,0.999997068196745,0.999983379322086,"group_idyes"
"5767","GCM2","Exc L4-5 RORB GABRG1",-0.353298969362285,0.127845491227169,3.36672135903132,0.067297946394256,0.999997068196745,0.999983379322086,"group_idyes"
"5768","SYCP2L","Exc L4-5 RORB GABRG1",-0.0359214742781729,5.11638446307172,0.246219581663289,0.620033017646624,0.999997068196745,0.999983379322086,"group_idyes"
"5769","ELOVL2","Exc L4-5 RORB GABRG1",-0.144030164837029,1.37218255415732,1.35152963165509,0.245731500114231,0.999997068196745,0.999983379322086,"group_idyes"
"5770","ELOVL2-AS1","Exc L4-5 RORB GABRG1",-0.212646200873332,0.507898431962074,1.80434434188272,0.179979978757674,0.999997068196745,0.999983379322086,"group_idyes"
"5771","SMIM13","Exc L4-5 RORB GABRG1",0.0169031028651627,5.7209399075714,0.137795632949178,0.710686688321506,0.999997068196745,0.999983379322086,"group_idyes"
"5772","AL139807.1","Exc L4-5 RORB GABRG1",-0.0248014768216829,4.15615784608053,0.154814761528658,0.694193972287806,0.999997068196745,0.999983379322086,"group_idyes"
"5773","NEDD9","Exc L4-5 RORB GABRG1",-0.190215575215472,3.1664696109167,2.16813937200278,0.14171419120007,0.999997068196745,0.999983379322086,"group_idyes"
"5774","AL445430.1","Exc L4-5 RORB GABRG1",0.0123358567276966,1.42488260356786,0.0103117880581015,0.919169171161963,0.999997068196745,0.999983379322086,"group_idyes"
"5775","AL445430.2","Exc L4-5 RORB GABRG1",-0.110739046272545,0.420886289066714,0.507316178947536,0.476734683119634,0.999997068196745,0.999983379322086,"group_idyes"
"5776","TMEM170B","Exc L4-5 RORB GABRG1",0.0295035151687274,5.73336041946046,0.872123159215665,0.350953932785535,0.999997068196745,0.999983379322086,"group_idyes"
"5777","ADTRP","Exc L4-5 RORB GABRG1",-0.136866186585535,0.55529171115857,0.70928285103333,0.400205208624894,0.999997068196745,0.999983379322086,"group_idyes"
"5778","HIVEP1","Exc L4-5 RORB GABRG1",-0.0282385546203395,5.74956979815183,0.534836258091017,0.465025845446698,0.999997068196745,0.999983379322086,"group_idyes"
"5779","EDN1","Exc L4-5 RORB GABRG1",-0.0315248773657237,0.951515037562208,0.0695685490139764,0.792107227012707,0.999997068196745,0.999983379322086,"group_idyes"
"5780","PHACTR1","Exc L4-5 RORB GABRG1",-0.0418595159762797,9.97203387647397,0.890474153976433,0.345941053789533,0.999997068196745,0.999983379322086,"group_idyes"
"5781","TBC1D7","Exc L4-5 RORB GABRG1",-0.0373030444221217,3.66718178891021,0.435890817238337,0.509507553779846,0.999997068196745,0.999983379322086,"group_idyes"
"5782","GFOD1","Exc L4-5 RORB GABRG1",0.0355063635035777,7.99990818734203,1.56299418784249,0.211987239778582,0.999997068196745,0.999983379322086,"group_idyes"
"5783","SIRT5","Exc L4-5 RORB GABRG1",-0.0415801700999586,5.67077657853717,1.54785769882305,0.214209425380019,0.999997068196745,0.999983379322086,"group_idyes"
"5784","AL441883.1","Exc L4-5 RORB GABRG1",0.215639948434403,0.588353237690619,2.43756739385821,0.119281972018531,0.999997068196745,0.999983379322086,"group_idyes"
"5785","NOL7","Exc L4-5 RORB GABRG1",0.0427085622962644,4.79424498510328,0.53255379372992,0.465979244097508,0.999997068196745,0.999983379322086,"group_idyes"
"5786","RANBP9","Exc L4-5 RORB GABRG1",0.0117899257251134,7.10820209313487,0.175370759352835,0.675615783634352,0.999997068196745,0.999983379322086,"group_idyes"
"5787","MCUR1","Exc L4-5 RORB GABRG1",0.0244731136950775,4.69544280542308,0.361060599018645,0.548271626846684,0.999997068196745,0.999983379322086,"group_idyes"
"5788","RNF182","Exc L4-5 RORB GABRG1",-0.206480945031232,1.49899854214183,2.62813208135002,0.105804395064106,0.999997068196745,0.999983379322086,"group_idyes"
"5789","CD83","Exc L4-5 RORB GABRG1",0.102907557419195,3.52539645470624,2.19173212290978,0.13957163070397,0.999997068196745,0.999983379322086,"group_idyes"
"5790","AL138720.1","Exc L4-5 RORB GABRG1",0.0400045354759958,1.81323892479948,0.221495805364234,0.638169251546987,0.999997068196745,0.999983379322086,"group_idyes"
"5791","JARID2","Exc L4-5 RORB GABRG1",-0.0323787814166155,6.89190117223618,0.687851870180339,0.407410279057816,0.999997068196745,0.999983379322086,"group_idyes"
"5792","DTNBP1","Exc L4-5 RORB GABRG1",0.00730477092465623,4.89525995043475,0.039485987236161,0.842593930392187,0.999997068196745,0.999983379322086,"group_idyes"
"5793","MYLIP","Exc L4-5 RORB GABRG1",0.0783573051081057,4.19378091282528,2.05987641394768,0.152034881955004,0.999997068196745,0.999983379322086,"group_idyes"
"5794","GMPR","Exc L4-5 RORB GABRG1",-0.10245901186185,1.49840125592481,0.59147861075497,0.442319793636006,0.999997068196745,0.999983379322086,"group_idyes"
"5795","ATXN1","Exc L4-5 RORB GABRG1",-0.0507740193353808,9.43277646713588,1.73872750346564,0.188084539403204,0.999997068196745,0.999983379322086,"group_idyes"
"5796","AL137003.2","Exc L4-5 RORB GABRG1",0.141193462029441,2.84639194269682,3.90166603578464,0.13645688506593,0.999997068196745,0.999983379322086,"group_idyes"
"5797","STMND1","Exc L4-5 RORB GABRG1",-0.217170786733432,0.632001543973881,1.75159611863232,0.18646212712979,0.999997068196745,0.999983379322086,"group_idyes"
"5798","RBM24","Exc L4-5 RORB GABRG1",0.0618300604850546,4.11367940490816,1.72091650884849,0.293864643814016,0.999997068196745,0.999983379322086,"group_idyes"
"5799","CAP2","Exc L4-5 RORB GABRG1",-0.018892021318538,7.97141936011567,0.30160575310702,0.583196106759455,0.999997068196745,0.999983379322086,"group_idyes"
"5800","FAM8A1","Exc L4-5 RORB GABRG1",0.0833556564621722,5.0420462144959,4.48451028745188,0.0348442717247761,0.999997068196745,0.999983379322086,"group_idyes"
"5801","NUP153","Exc L4-5 RORB GABRG1",0.00141275373483873,6.03735434748699,0.00281067667251123,0.957746823431798,0.999997068196745,0.999983379322086,"group_idyes"
"5802","KIF13A","Exc L4-5 RORB GABRG1",-0.0103587032009846,6.21227882070956,0.0564466396781893,0.812329443486324,0.999997068196745,0.999983379322086,"group_idyes"
"5803","NHLRC1","Exc L4-5 RORB GABRG1",-0.0646613791882682,0.800740315640905,0.23611637880231,0.627301882639555,0.999997068196745,0.999983379322086,"group_idyes"
"5804","TPMT","Exc L4-5 RORB GABRG1",0.0272124706315706,4.14414163337336,0.452532395150639,0.604117655202164,0.999997068196745,0.999983379322086,"group_idyes"
"5805","KDM1B","Exc L4-5 RORB GABRG1",-0.0113840656186589,4.21589541065952,0.0723911090322495,0.788030849692481,0.999997068196745,0.999983379322086,"group_idyes"
"5806","DEK","Exc L4-5 RORB GABRG1",0.0354395260186395,4.66544470458894,0.485304929970392,0.486449857131174,0.999997068196745,0.999983379322086,"group_idyes"
"5807","RNF144B","Exc L4-5 RORB GABRG1",-0.0427271927046912,0.461393847383068,0.076530240303341,0.782204342312379,0.999997068196745,0.999983379322086,"group_idyes"
"5808","MIR548A1HG","Exc L4-5 RORB GABRG1",-0.0456268312117559,0.299894465527615,0.0752639911743454,0.783968414288636,0.999997068196745,0.999983379322086,"group_idyes"
"5809","AL357052.1","Exc L4-5 RORB GABRG1",-0.104581125524766,1.38216147037589,0.701331379694697,0.402856613475472,0.999997068196745,0.999983379322086,"group_idyes"
"5810","AL022068.1","Exc L4-5 RORB GABRG1",-0.113622231863695,4.78195995761801,2.18788501321892,0.139918498772501,0.999997068196745,0.999983379322086,"group_idyes"
"5811","ID4","Exc L4-5 RORB GABRG1",0.0512862531986764,2.77590488784241,0.304915757382205,0.581137597112012,0.999997068196745,0.999983379322086,"group_idyes"
"5812","MBOAT1","Exc L4-5 RORB GABRG1",-0.0463234899156197,0.213793976582187,0.0778862603899395,0.780332543849297,0.999997068196745,0.999983379322086,"group_idyes"
"5813","AL158198.1","Exc L4-5 RORB GABRG1",-0.0514856573094887,0.422785470469728,0.120783357435923,0.728376473161089,0.999997068196745,0.999983379322086,"group_idyes"
"5814","E2F3","Exc L4-5 RORB GABRG1",-0.065759541914443,5.29244492801438,1.83810343255178,0.175968668466768,0.999997068196745,0.999983379322086,"group_idyes"
"5815","CDKAL1","Exc L4-5 RORB GABRG1",-0.0167924503940925,7.75989015564742,0.295185525588595,0.587231173613691,0.999997068196745,0.999983379322086,"group_idyes"
"5816","AL513188.1","Exc L4-5 RORB GABRG1",-0.0731017309015105,1.80627698769423,0.247059272160903,0.619437304811663,0.999997068196745,0.999983379322086,"group_idyes"
"5817","LINC00581","Exc L4-5 RORB GABRG1",-0.277779164157094,0.521071357028575,2.64275594500595,0.104841775728591,0.999997068196745,0.999983379322086,"group_idyes"
"5818","AL512380.1","Exc L4-5 RORB GABRG1",0.0131213531265666,1.06220475830821,0.0123051841610721,0.911730704352247,0.999997068196745,0.999983379322086,"group_idyes"
"5819","AL512380.2","Exc L4-5 RORB GABRG1",0.00686163866696738,2.76131217346836,0.00487433298727721,0.94437604894216,0.999997068196745,0.999983379322086,"group_idyes"
"5820","SOX4","Exc L4-5 RORB GABRG1",-0.0182985448179603,2.64903222870789,0.0282451986213765,0.866621966016283,0.999997068196745,0.999983379322086,"group_idyes"
"5821","CASC15","Exc L4-5 RORB GABRG1",0.0253060463603272,7.02092746951608,1.01875127605699,0.313449758253038,0.999997068196745,0.999983379322086,"group_idyes"
"5822","NBAT1","Exc L4-5 RORB GABRG1",-0.0382084451885932,2.4374263780065,0.194115634809213,0.659760507411097,0.999997068196745,0.999983379322086,"group_idyes"
"5823","AL035401.1","Exc L4-5 RORB GABRG1",-0.011821535172951,1.93897145375228,0.0130280101805343,0.909186109634924,0.999997068196745,0.999983379322086,"group_idyes"
"5824","NRSN1","Exc L4-5 RORB GABRG1",-0.0225816812685214,6.94783024517071,0.386362254574623,0.534585913153409,0.999997068196745,0.999983379322086,"group_idyes"
"5825","DCDC2","Exc L4-5 RORB GABRG1",-0.15514106054644,4.04738232124013,3.27200329755007,0.0712520205301261,0.999997068196745,0.999983379322086,"group_idyes"
"5826","MRS2","Exc L4-5 RORB GABRG1",-0.0164193195830376,5.48494717185896,0.216140782607515,0.642259324566035,0.999997068196745,0.999983379322086,"group_idyes"
"5827","GPLD1","Exc L4-5 RORB GABRG1",0.00110481701776736,6.28828625101226,0.000473800974802129,0.982645126775044,0.999997068196745,0.999983379322086,"group_idyes"
"5828","ALDH5A1","Exc L4-5 RORB GABRG1",-0.00352670318102108,5.15686100006958,0.00731935967060457,0.931866062040174,0.999997068196745,0.999983379322086,"group_idyes"
"5829","KIAA0319","Exc L4-5 RORB GABRG1",-0.0254112539357986,7.93446736381008,0.534308044090615,0.465246205471061,0.999997068196745,0.999983379322086,"group_idyes"
"5830","TDP2","Exc L4-5 RORB GABRG1",-0.000595211819481263,5.39379093019177,0.000289859048816233,0.986425299701452,0.999997068196745,0.999983379322086,"group_idyes"
"5831","ACOT13","Exc L4-5 RORB GABRG1",-0.0216245215319998,3.86500237459923,0.21662878702624,0.641884056088545,0.999997068196745,0.999983379322086,"group_idyes"
"5832","AL031775.1","Exc L4-5 RORB GABRG1",-0.140606415175109,0.73855872173327,1.12991902582529,0.288459357615547,0.999997068196745,0.999983379322086,"group_idyes"
"5833","C6orf62","Exc L4-5 RORB GABRG1",0.0120904895760915,5.71725136523219,0.140071062984338,0.70841656136191,0.999997068196745,0.999983379322086,"group_idyes"
"5834","GMNN","Exc L4-5 RORB GABRG1",-0.0505228318958881,2.70902209708565,0.477920700960734,0.489782596195274,0.999997068196745,0.999983379322086,"group_idyes"
"5835","RIPOR2","Exc L4-5 RORB GABRG1",-0.00172515185291868,4.2328690454405,0.000303576078305051,0.986107845762313,0.999997068196745,0.999983379322086,"group_idyes"
"5836","CARMIL1","Exc L4-5 RORB GABRG1",0.00434040646781388,8.58032083537822,0.0116952109245625,0.913937526099324,0.999997068196745,0.999983379322086,"group_idyes"
"5837","SCGN","Exc L4-5 RORB GABRG1",0.0140776244278764,1.80522054355374,0.00712240765450686,0.932786789731667,0.999997068196745,0.999983379322086,"group_idyes"
"5838","U91328.1","Exc L4-5 RORB GABRG1",0.0919713962545347,2.41967034857817,1.66271996275644,0.314125749679584,0.999997068196745,0.999983379322086,"group_idyes"
"5839","HIST1H1C","Exc L4-5 RORB GABRG1",0.0644230830111922,0.596479301428386,0.160108976455004,0.689278281689347,0.999997068196745,0.999983379322086,"group_idyes"
"5840","HIST1H4C","Exc L4-5 RORB GABRG1",0.212712637098817,4.11410703207609,3.03447105666084,0.0823122814850293,0.999997068196745,0.999983379322086,"group_idyes"
"5841","HIST1H2AC","Exc L4-5 RORB GABRG1",0.326102046034482,2.06438327480189,3.56315743834672,0.0598276596109334,0.999997068196745,0.999983379322086,"group_idyes"
"5842","HIST1H1E","Exc L4-5 RORB GABRG1",0.108288882042732,0.884259045340777,0.402387299504204,0.526235921853046,0.999997068196745,0.999983379322086,"group_idyes"
"5843","HIST1H2BD","Exc L4-5 RORB GABRG1",0.237494319083943,1.66879332612002,2.8782367964397,0.0905931454648659,0.999997068196745,0.999983379322086,"group_idyes"
"5844","AL353759.1","Exc L4-5 RORB GABRG1",0.107805293916773,1.87844250954876,1.57821374054394,0.209780468449322,0.999997068196745,0.999983379322086,"group_idyes"
"5845","HIST1H2BE","Exc L4-5 RORB GABRG1",0.121654367111087,2.28508764137841,1.61799633293943,0.204139712177907,0.999997068196745,0.999983379322086,"group_idyes"
"5846","AL031777.3","Exc L4-5 RORB GABRG1",0.304887868061293,-0.141353521028413,1.79397356471531,0.181233469188788,0.999997068196745,0.999983379322086,"group_idyes"
"5847","HIST1H2BG","Exc L4-5 RORB GABRG1",0.288029277547367,0.0247877762343872,1.5720738831006,0.210667419297962,0.999997068196745,0.999983379322086,"group_idyes"
"5848","HIST1H3E","Exc L4-5 RORB GABRG1",0.438824010856076,0.0321674374123834,5.47665160763657,0.0197825424722011,0.999997068196745,0.999983379322086,"group_idyes"
"5849","HIST1H4H","Exc L4-5 RORB GABRG1",-0.0940112841712457,0.86704976900958,0.43447721469059,0.510194508029179,0.999997068196745,0.999983379322086,"group_idyes"
"5850","BTN3A2","Exc L4-5 RORB GABRG1",0.17063652894264,0.836992378598878,0.716194660459914,0.397921037974986,0.999997068196745,0.999983379322086,"group_idyes"
"5851","BTN2A2","Exc L4-5 RORB GABRG1",0.131490734234635,1.33577252194007,0.794206819916564,0.373388086938438,0.999997068196745,0.999983379322086,"group_idyes"
"5852","BTN3A1","Exc L4-5 RORB GABRG1",0.0541960556299884,1.63215582956034,0.229631249626813,0.632069644000987,0.999997068196745,0.999983379322086,"group_idyes"
"5853","BTN3A3","Exc L4-5 RORB GABRG1",0.0175248642666199,1.48579948698155,0.0224956050490492,0.880854771167831,0.999997068196745,0.999983379322086,"group_idyes"
"5854","BTN2A1","Exc L4-5 RORB GABRG1",0.0309708484130621,3.95349339332286,0.514675651769075,0.570671478352774,0.999997068196745,0.999983379322086,"group_idyes"
"5855","HCG11","Exc L4-5 RORB GABRG1",0.155258528363898,3.34604279550465,3.95289564863925,0.0474990289069751,0.999997068196745,0.999983379322086,"group_idyes"
"5856","HMGN4","Exc L4-5 RORB GABRG1",-0.0950900138237867,3.34482963874963,1.56983509719416,0.210991938178997,0.999997068196745,0.999983379322086,"group_idyes"
"5857","ABT1","Exc L4-5 RORB GABRG1",0.113093325989756,2.88294734088342,2.25339724910973,0.142746827798501,0.999997068196745,0.999983379322086,"group_idyes"
"5858","ZNF322","Exc L4-5 RORB GABRG1",-0.00929740617259318,3.87176480606108,0.0362010496944468,0.849201254636705,0.999997068196745,0.999983379322086,"group_idyes"
"5859","AL513548.1","Exc L4-5 RORB GABRG1",-0.150248821657663,1.77951440411944,2.54822905965709,0.111238994392593,0.999997068196745,0.999983379322086,"group_idyes"
"5860","LINC00240","Exc L4-5 RORB GABRG1",-0.0202395546864913,3.63768674000513,0.101509090572309,0.750199017697133,0.999997068196745,0.999983379322086,"group_idyes"
"5861","PRSS16","Exc L4-5 RORB GABRG1",-0.0132258652861491,1.48223229661535,0.0147744947093566,0.903318573572595,0.999997068196745,0.999983379322086,"group_idyes"
"5862","ZNF391","Exc L4-5 RORB GABRG1",-0.018337445499868,3.61739590677171,0.123133734588571,0.813511371189884,0.999997068196745,0.999983379322086,"group_idyes"
"5863","AL031118.1","Exc L4-5 RORB GABRG1",0.0648311202844438,0.622517646089782,0.215321831854522,0.797276863266151,0.999997068196745,0.999983379322086,"group_idyes"
"5864","ZNF184","Exc L4-5 RORB GABRG1",0.00904846492472262,3.27350202932023,0.0229265986039965,0.879727469450648,0.999997068196745,0.999983379322086,"group_idyes"
"5865","AL009179.1","Exc L4-5 RORB GABRG1",-0.16247451486751,2.73730066150484,5.2729482119206,0.0221961120801636,0.999997068196745,0.999983379322086,"group_idyes"
"5866","HIST1H2BN","Exc L4-5 RORB GABRG1",-0.16806934301406,1.19739953165017,1.91324135251021,0.167405795368175,0.999997068196745,0.999983379322086,"group_idyes"
"5867","AL121944.1","Exc L4-5 RORB GABRG1",-0.050149943227867,2.03253887192059,0.283671839226251,0.594612074922787,0.999997068196745,0.999983379322086,"group_idyes"
"5868","ZNF165","Exc L4-5 RORB GABRG1",0.159008702259517,1.09809494137805,2.17568956669753,0.141024517121589,0.999997068196745,0.999983379322086,"group_idyes"
"5869","ZSCAN16-AS1","Exc L4-5 RORB GABRG1",-0.00909818245344516,4.20903113804402,0.0503295747299554,0.822609871639384,0.999997068196745,0.999983379322086,"group_idyes"
"5870","ZSCAN16","Exc L4-5 RORB GABRG1",-0.015814169742484,1.24873153179839,0.0210327492776799,0.8847657215031,0.999997068196745,0.999983379322086,"group_idyes"
"5871","ZKSCAN8","Exc L4-5 RORB GABRG1",0.0367272189060298,4.14150295971583,0.52568653050929,0.468866738957011,0.999997068196745,0.999983379322086,"group_idyes"
"5872","ZSCAN9","Exc L4-5 RORB GABRG1",-0.0179685600940901,2.86154055576298,0.0876960301426234,0.767286649729304,0.999997068196745,0.999983379322086,"group_idyes"
"5873","ZKSCAN4","Exc L4-5 RORB GABRG1",-0.0919708715350454,2.37573228114045,1.23880221192919,0.266396950922986,0.999997068196745,0.999983379322086,"group_idyes"
"5874","NKAPL","Exc L4-5 RORB GABRG1",0.110973583747519,3.9342932656922,1.60714895820327,0.20565974340495,0.999997068196745,0.999983379322086,"group_idyes"
"5875","AL021997.3","Exc L4-5 RORB GABRG1",-0.0159376687500176,1.89034393165338,0.0326884959099602,0.917020805830486,0.999997068196745,0.999983379322086,"group_idyes"
"5876","PGBD1","Exc L4-5 RORB GABRG1",0.0198725985758701,4.85063616664495,0.247569863324655,0.619075686506947,0.999997068196745,0.999983379322086,"group_idyes"
"5877","ZSCAN31","Exc L4-5 RORB GABRG1",0.078258127726625,5.81068595816291,1.59397039077488,0.207524512861362,0.999997068196745,0.999983379322086,"group_idyes"
"5878","ZKSCAN3","Exc L4-5 RORB GABRG1",-0.103651580202387,2.19189626069212,0.940512420785092,0.332755376559616,0.999997068196745,0.999983379322086,"group_idyes"
"5879","ZSCAN12","Exc L4-5 RORB GABRG1",0.0538565626438343,3.33217316177824,1.22610152204759,0.268858356952225,0.999997068196745,0.999983379322086,"group_idyes"
"5880","ZSCAN23","Exc L4-5 RORB GABRG1",0.0627406990079744,3.75194106440932,1.16076077772105,0.281982893585019,0.999997068196745,0.999983379322086,"group_idyes"
"5881","ZBED9","Exc L4-5 RORB GABRG1",0.0370773962752127,2.88373015631808,0.350810216464871,0.554002770350019,0.999997068196745,0.999983379322086,"group_idyes"
"5882","TRIM27","Exc L4-5 RORB GABRG1",-0.040925371583326,4.49960868765618,1.10630660821436,0.293546401054788,0.999997068196745,0.999983379322086,"group_idyes"
"5883","GABBR1","Exc L4-5 RORB GABRG1",-0.011931994202545,6.8034639954879,0.09448078247187,0.758722548833859,0.999997068196745,0.999983379322086,"group_idyes"
"5884","OR2H2","Exc L4-5 RORB GABRG1",0.233231673215176,0.512394119306714,1.56207344354089,0.212121627414051,0.999997068196745,0.999983379322086,"group_idyes"
"5885","MOG","Exc L4-5 RORB GABRG1",-0.132177361881276,1.29681391614215,0.832714500843353,0.362060231123917,0.999997068196745,0.999983379322086,"group_idyes"
"5886","HLA-A","Exc L4-5 RORB GABRG1",0.147323979017353,1.77947458780499,0.759504720463895,0.384027066720305,0.999997068196745,0.999983379322086,"group_idyes"
"5887","ZNRD1","Exc L4-5 RORB GABRG1",-0.0835172448484866,2.13488525463235,0.846525630283739,0.358113601758325,0.999997068196745,0.999983379322086,"group_idyes"
"5888","PPP1R11","Exc L4-5 RORB GABRG1",0.0210438050140142,4.05519381660426,0.0865647119250994,0.768749376244576,0.999997068196745,0.999983379322086,"group_idyes"
"5889","TRIM26","Exc L4-5 RORB GABRG1",0.0265681754373747,4.45134755028556,0.409883242167831,0.522409867390636,0.999997068196745,0.999983379322086,"group_idyes"
"5890","HCG17","Exc L4-5 RORB GABRG1",0.00451033766040377,7.16184393952807,0.0149009460347848,0.902907766070755,0.999997068196745,0.999983379322086,"group_idyes"
"5891","RPP21","Exc L4-5 RORB GABRG1",0.254737435068662,-0.0773436509491886,1.13623799641174,0.287117138994894,0.999997068196745,0.999983379322086,"group_idyes"
"5892","GNL1","Exc L4-5 RORB GABRG1",0.00405483706617258,5.73227582021022,0.013104138569318,0.908922319949785,0.999997068196745,0.999983379322086,"group_idyes"
"5893","PRR3","Exc L4-5 RORB GABRG1",-0.0378667924785968,4.45888124689299,0.861849956429128,0.353803574781235,0.999997068196745,0.999983379322086,"group_idyes"
"5894","ABCF1","Exc L4-5 RORB GABRG1",-0.0241740719227366,4.2464460484902,0.291287670356887,0.589708770834753,0.999997068196745,0.999983379322086,"group_idyes"
"5895","PPP1R10","Exc L4-5 RORB GABRG1",-0.000104226209054208,5.51575916521882,8.54846318963511e-06,0.997668683399804,0.999997068196745,0.999983379322086,"group_idyes"
"5896","MRPS18B","Exc L4-5 RORB GABRG1",0.0491126965050959,3.73328874315101,0.556937874804534,0.455952418658903,0.999997068196745,0.999983379322086,"group_idyes"
"5897","ATAT1","Exc L4-5 RORB GABRG1",0.0513345128822116,4.26751962475198,1.21108103417264,0.387555312378613,0.999997068196745,0.999983379322086,"group_idyes"
"5898","C6orf136","Exc L4-5 RORB GABRG1",-0.0171059956117844,4.88107309553295,0.126535919997716,0.722246065482467,0.999997068196745,0.999983379322086,"group_idyes"
"5899","DHX16","Exc L4-5 RORB GABRG1",0.0106527330264122,3.18968709737828,0.0361200288310351,0.917494336011569,0.999997068196745,0.999983379322086,"group_idyes"
"5900","PPP1R18","Exc L4-5 RORB GABRG1",0.0632140709124479,0.989161444866071,0.310374648109908,0.583620761748169,0.999997068196745,0.999983379322086,"group_idyes"
"5901","NRM","Exc L4-5 RORB GABRG1",0.124201174799226,0.478458916652148,0.642132248288904,0.423434351018526,0.999997068196745,0.999983379322086,"group_idyes"
"5902","MDC1","Exc L4-5 RORB GABRG1",-0.0725762987545533,4.03606355548816,2.50346078091584,0.11441811322806,0.999997068196745,0.999983379322086,"group_idyes"
"5903","MDC1-AS1","Exc L4-5 RORB GABRG1",-0.052949568785059,1.227078370266,0.0968537312082976,0.755807014397442,0.999997068196745,0.999983379322086,"group_idyes"
"5904","TUBB","Exc L4-5 RORB GABRG1",0.0333208810192056,6.03264888898427,0.166103921730413,0.683824529969689,0.999997068196745,0.999983379322086,"group_idyes"
"5905","FLOT1","Exc L4-5 RORB GABRG1",0.0213749494332905,6.2688308090595,0.195141607389165,0.658919502591702,0.999997068196745,0.999983379322086,"group_idyes"
"5906","IER3-AS1","Exc L4-5 RORB GABRG1",0.0854837354413646,0.724716765389318,0.307215294627709,0.579716072107957,0.999997068196745,0.999983379322086,"group_idyes"
"5907","IER3","Exc L4-5 RORB GABRG1",-0.229737099231127,1.71639336192175,3.69050284849824,0.0554617718183433,0.999997068196745,0.999983379322086,"group_idyes"
"5908","HCG20","Exc L4-5 RORB GABRG1",-0.160508313365885,0.91175399172443,1.54702914197978,0.214331865016615,0.999997068196745,0.999983379322086,"group_idyes"
"5909","LINC00243","Exc L4-5 RORB GABRG1",-0.109756917386358,0.358884450327185,0.465107252456866,0.495657074328606,0.999997068196745,0.999983379322086,"group_idyes"
"5910","DDR1","Exc L4-5 RORB GABRG1",-0.054651948406348,1.40292272328624,0.280621371470926,0.598897208058483,0.999997068196745,0.999983379322086,"group_idyes"
"5911","VARS2","Exc L4-5 RORB GABRG1",-0.00958597102799941,3.80651560537455,0.0284313540749338,0.866187307536247,0.999997068196745,0.999983379322086,"group_idyes"
"5912","PSORS1C1","Exc L4-5 RORB GABRG1",-0.157817594559666,1.37669908711764,1.60417331230575,0.206079056659552,0.999997068196745,0.999983379322086,"group_idyes"
"5913","CCHCR1","Exc L4-5 RORB GABRG1",0.0383690511530044,3.16214805798203,0.391163034986158,0.532059497975274,0.999997068196745,0.999983379322086,"group_idyes"
"5914","TCF19","Exc L4-5 RORB GABRG1",0.0309103778245518,0.566102880063374,0.0485663915796717,0.82569379889333,0.999997068196745,0.999983379322086,"group_idyes"
"5915","POU5F1","Exc L4-5 RORB GABRG1",0.143247535952223,0.952755223295988,1.18222586782549,0.277584028516182,0.999997068196745,0.999983379322086,"group_idyes"
"5916","AL662844.4","Exc L4-5 RORB GABRG1",-0.0384113835407231,2.34025527797577,0.203680811972817,0.652020343900745,0.999997068196745,0.999983379322086,"group_idyes"
"5917","HCG27","Exc L4-5 RORB GABRG1",-0.0499794789890843,2.31063426763199,0.345204844685298,0.895621880947451,0.999997068196745,0.999983379322086,"group_idyes"
"5918","HLA-C","Exc L4-5 RORB GABRG1",0.12979219940164,3.67774296605086,0.807359201622894,0.369464144476783,0.999997068196745,0.999983379322086,"group_idyes"
"5919","HLA-B","Exc L4-5 RORB GABRG1",-0.161741909530519,1.79554328129939,1.22081743932729,0.269890796166576,0.999997068196745,0.999983379322086,"group_idyes"
"5920","MICA","Exc L4-5 RORB GABRG1",-0.063448545861471,2.18908924281205,0.237593161081925,0.626227513053083,0.999997068196745,0.999983379322086,"group_idyes"
"5921","ATP6V1G2-DDX39B","Exc L4-5 RORB GABRG1",-0.110044607427119,0.977849225500163,0.607203793668657,0.43632162506219,0.999997068196745,0.999983379322086,"group_idyes"
"5922","NFKBIL1","Exc L4-5 RORB GABRG1",-0.0250635417463289,2.98964444796332,0.105263144045918,0.745779131804732,0.999997068196745,0.999983379322086,"group_idyes"
"5923","LTA","Exc L4-5 RORB GABRG1",0.0136992928384635,0.27187592663375,0.00350007265502156,0.952854261695748,0.999997068196745,0.999983379322086,"group_idyes"
"5924","LTB","Exc L4-5 RORB GABRG1",-0.0587160369693785,1.30114941870162,0.280672052111043,0.596566655757112,0.999997068196745,0.999983379322086,"group_idyes"
"5925","PRRC2A","Exc L4-5 RORB GABRG1",0.00793752444152886,5.39942718846734,0.0421393510387165,0.837462939780881,0.999997068196745,0.999983379322086,"group_idyes"
"5926","BAG6","Exc L4-5 RORB GABRG1",0.0727739320282284,4.19486716886973,1.64925686400874,0.199832899073356,0.999997068196745,0.999983379322086,"group_idyes"
"5927","C6orf47","Exc L4-5 RORB GABRG1",0.0683096201337389,2.1922573266767,0.683167954560664,0.40901028051601,0.999997068196745,0.999983379322086,"group_idyes"
"5928","GPANK1","Exc L4-5 RORB GABRG1",0.00843175195298982,3.10157303779788,0.0120863886380301,0.912515778480599,0.999997068196745,0.999983379322086,"group_idyes"
"5929","LY6G5C","Exc L4-5 RORB GABRG1",0.147113887113567,2.18828108145704,2.95398978754211,0.0864702694909562,0.999997068196745,0.999983379322086,"group_idyes"
"5930","ABHD16A","Exc L4-5 RORB GABRG1",0.260417284723755,0.409044170049689,2.00388360055239,0.157705750828142,0.999997068196745,0.999983379322086,"group_idyes"
"5931","SAPCD1-AS1","Exc L4-5 RORB GABRG1",-0.0414633521131217,3.34585449976988,0.540164675028912,0.462812240446563,0.999997068196745,0.999983379322086,"group_idyes"
"5932","VWA7","Exc L4-5 RORB GABRG1",-0.0150933822434618,1.95669342456259,0.0309970058460753,0.860339701401337,0.999997068196745,0.999983379322086,"group_idyes"
"5933","VARS","Exc L4-5 RORB GABRG1",0.0650068025658592,3.85799144669834,1.79782980342437,0.180766195106953,0.999997068196745,0.999983379322086,"group_idyes"
"5934","LSM2","Exc L4-5 RORB GABRG1",-0.0778616080579093,3.35427158428086,0.806492938994112,0.369720809892148,0.999997068196745,0.999983379322086,"group_idyes"
"5935","HSPA1L","Exc L4-5 RORB GABRG1",-0.0121271658052163,1.5361215842494,0.0128280581326439,0.909882697985583,0.999997068196745,0.999983379322086,"group_idyes"
"5936","HSPA1A","Exc L4-5 RORB GABRG1",-0.0137967821866549,5.28972409038771,0.0108463180013712,0.917108027558238,0.999997068196745,0.999983379322086,"group_idyes"
"5937","HSPA1B","Exc L4-5 RORB GABRG1",0.0852752381418459,3.6222657384001,0.340706549323423,0.559763711451534,0.999997068196745,0.999983379322086,"group_idyes"
"5938","C6orf48","Exc L4-5 RORB GABRG1",-0.0172961271398641,3.37899188724745,0.0286471582659156,0.865685249295179,0.999997068196745,0.999983379322086,"group_idyes"
"5939","NEU1","Exc L4-5 RORB GABRG1",0.0478190453815431,3.41847996135473,0.42855915138625,0.513087967940797,0.999997068196745,0.999983379322086,"group_idyes"
"5940","EHMT2-AS1","Exc L4-5 RORB GABRG1",0.12379611937056,0.767791052047354,0.704539992707148,0.401783636981195,0.999997068196745,0.999983379322086,"group_idyes"
"5941","EHMT2","Exc L4-5 RORB GABRG1",0.054754529442406,5.09510403170194,2.18351363638163,0.440585018253858,0.999997068196745,0.999983379322086,"group_idyes"
"5942","C2","Exc L4-5 RORB GABRG1",-0.0793442480707356,4.19924759683061,1.17769422013053,0.278505438424092,0.999997068196745,0.999983379322086,"group_idyes"
"5943","C2-AS1","Exc L4-5 RORB GABRG1",0.041642717924038,0.305893198604841,0.0596811673691051,0.807130810092926,0.999997068196745,0.999983379322086,"group_idyes"
"5944","NELFE","Exc L4-5 RORB GABRG1",0.00436574115036033,3.19509058979398,0.00615530387333689,0.937506320679632,0.999997068196745,0.999983379322086,"group_idyes"
"5945","SKIV2L","Exc L4-5 RORB GABRG1",-0.00147498763333212,2.64277943006313,0.000468291767729227,0.982746304387705,0.999997068196745,0.999983379322086,"group_idyes"
"5946","DXO","Exc L4-5 RORB GABRG1",0.0741397886060753,2.35590466919871,0.709298473610842,0.400200024329366,0.999997068196745,0.999983379322086,"group_idyes"
"5947","STK19","Exc L4-5 RORB GABRG1",-0.0542988724237928,3.94529564395669,1.56171242252529,0.21217434806829,0.999997068196745,0.999983379322086,"group_idyes"
"5948","CYP21A2","Exc L4-5 RORB GABRG1",0.348007435087244,0.515806245924988,5.47206375119058,0.0198337860597923,0.999997068196745,0.999983379322086,"group_idyes"
"5949","TNXB","Exc L4-5 RORB GABRG1",-0.0320640191256586,5.23086429055192,0.339140555805678,0.560666851098982,0.999997068196745,0.999983379322086,"group_idyes"
"5950","ATF6B","Exc L4-5 RORB GABRG1",-0.053909990488756,5.71360346005355,1.30821181396872,0.253429825770561,0.999997068196745,0.999983379322086,"group_idyes"
"5951","FKBPL","Exc L4-5 RORB GABRG1",0.0742473417912148,1.34530645450958,0.339857057383604,0.560253284264129,0.999997068196745,0.999983379322086,"group_idyes"
"5952","PRRT1","Exc L4-5 RORB GABRG1",0.0716246544515566,5.68279252606774,1.32421928617824,0.250550932084843,0.999997068196745,0.999983379322086,"group_idyes"
"5953","AL662884.4","Exc L4-5 RORB GABRG1",0.0137159553331128,1.04153533679678,0.0143085181705403,0.933845828573434,0.999997068196745,0.999983379322086,"group_idyes"
"5954","AGPAT1","Exc L4-5 RORB GABRG1",0.0259185559185443,4.66685206165755,0.203475164757004,0.652184431484297,0.999997068196745,0.999983379322086,"group_idyes"
"5955","RNF5","Exc L4-5 RORB GABRG1",0.0677991050060675,2.88847138212273,0.341771120509439,0.559151340244873,0.999997068196745,0.999983379322086,"group_idyes"
"5956","AGER","Exc L4-5 RORB GABRG1",0.159406538449115,0.848070523587354,1.66881945750946,0.197192215297219,0.999997068196745,0.999983379322086,"group_idyes"
"5957","PBX2","Exc L4-5 RORB GABRG1",0.0250991293570617,3.76079498465824,0.298810344915791,0.911337712715336,0.999997068196745,0.999983379322086,"group_idyes"
"5958","AL662796.1","Exc L4-5 RORB GABRG1",0.0205750391943905,6.53927368263383,0.112984150094634,0.736955215180063,0.999997068196745,0.999983379322086,"group_idyes"
"5959","C6orf10","Exc L4-5 RORB GABRG1",-0.0113263518560377,1.96217213404232,0.0078304568006124,0.92953337966277,0.999997068196745,0.999983379322086,"group_idyes"
"5960","HLA-DRB1","Exc L4-5 RORB GABRG1",-0.00549475062540797,1.02478171064037,0.000724991694660576,0.9785329801071,0.999997068196745,0.999983379322086,"group_idyes"
"5961","HLA-DQB1","Exc L4-5 RORB GABRG1",0.280734625470419,1.93901860385428,1.76465606316479,0.184832253426617,0.999997068196745,0.999983379322086,"group_idyes"
"5962","TAP1","Exc L4-5 RORB GABRG1",-0.00315196063625258,1.90062018113658,0.000990926775664096,0.974903871582179,0.999997068196745,0.999983379322086,"group_idyes"
"5963","HLA-DMB","Exc L4-5 RORB GABRG1",0.140626129270277,0.115133409390183,0.290449696903742,0.590244207609736,0.999997068196745,0.999983379322086,"group_idyes"
"5964","AL645941.2","Exc L4-5 RORB GABRG1",0.132425751654608,0.378334356429834,0.223468157792691,0.636678026201069,0.999997068196745,0.999983379322086,"group_idyes"
"5965","HLA-DMA","Exc L4-5 RORB GABRG1",0.154013882452795,1.76000275421816,0.548431327741046,0.459411077133948,0.999997068196745,0.999983379322086,"group_idyes"
"5966","BRD2","Exc L4-5 RORB GABRG1",0.0197168314810789,5.17317646690408,0.26711867016203,0.795364318763176,0.999997068196745,0.999983379322086,"group_idyes"
"5967","HLA-DPA1","Exc L4-5 RORB GABRG1",0.350772146206002,0.773259274576222,3.12434744832307,0.0779233698770902,0.999997068196745,0.999983379322086,"group_idyes"
"5968","HLA-DPB1","Exc L4-5 RORB GABRG1",-0.22360834373494,0.812825145813981,1.8932395576852,0.169637409526284,0.999997068196745,0.999983379322086,"group_idyes"
"5969","COL11A2","Exc L4-5 RORB GABRG1",0.0357475215941331,2.29569779068263,0.255104908757216,0.613792469139659,0.999997068196745,0.999983379322086,"group_idyes"
"5970","RXRB","Exc L4-5 RORB GABRG1",0.0302043215431689,4.58249859953615,0.325167703605364,0.56885132384973,0.999997068196745,0.999983379322086,"group_idyes"
"5971","SLC39A7","Exc L4-5 RORB GABRG1",0.0526426512916807,2.67780358302582,0.361467734329884,0.5480462861197,0.999997068196745,0.999983379322086,"group_idyes"
"5972","RING1","Exc L4-5 RORB GABRG1",-0.00143483328852637,5.3337166567752,0.00112356705937193,0.973277577828732,0.999997068196745,0.999983379322086,"group_idyes"
"5973","AL645940.1","Exc L4-5 RORB GABRG1",0.100708283358793,0.701496357240445,0.399931019829242,0.52750053142531,0.999997068196745,0.999983379322086,"group_idyes"
"5974","HCG25","Exc L4-5 RORB GABRG1",-0.0343324748109312,1.93993897053483,0.140029952080638,0.70845738930111,0.999997068196745,0.999983379322086,"group_idyes"
"5975","VPS52","Exc L4-5 RORB GABRG1",0.0180755812488627,4.18339298808982,0.180769861184033,0.670950170761469,0.999997068196745,0.999983379322086,"group_idyes"
"5976","RPS18","Exc L4-5 RORB GABRG1",0.0356087663280271,4.31541076817151,0.0896030511801673,0.764844040738809,0.999997068196745,0.999983379322086,"group_idyes"
"5977","B3GALT4","Exc L4-5 RORB GABRG1",0.0470738840642158,2.0668438030406,0.245081332298703,0.620842566253481,0.999997068196745,0.999983379322086,"group_idyes"
"5978","WDR46","Exc L4-5 RORB GABRG1",0.00483167086667842,3.56677550634099,0.00376778084301408,0.951086661032696,0.999997068196745,0.999983379322086,"group_idyes"
"5979","PFDN6","Exc L4-5 RORB GABRG1",-0.0211554157011375,3.20015769842784,0.057245902489144,0.81103048856643,0.999997068196745,0.999983379322086,"group_idyes"
"5980","RGL2","Exc L4-5 RORB GABRG1",0.000433333093672895,4.06001601193327,6.61843224097687e-05,0.993513198417921,0.999997068196745,0.999983379322086,"group_idyes"
"5981","TAPBP","Exc L4-5 RORB GABRG1",0.0130392637619676,5.14025910837289,0.0797856156750301,0.777740045355027,0.999997068196745,0.999983379322086,"group_idyes"
"5982","ZBTB22","Exc L4-5 RORB GABRG1",0.100203207176315,2.34865905711338,0.996964074788212,0.318673804362521,0.999997068196745,0.999983379322086,"group_idyes"
"5983","DAXX","Exc L4-5 RORB GABRG1",0.024368483896473,3.06275330426886,0.129784912228914,0.743484901860986,0.999997068196745,0.999983379322086,"group_idyes"
"5984","KIFC1","Exc L4-5 RORB GABRG1",0.11138167008092,0.168863674245229,0.383290994234986,0.536213610646057,0.999997068196745,0.999983379322086,"group_idyes"
"5985","PHF1","Exc L4-5 RORB GABRG1",-0.0249192921611398,4.76848745216061,0.339934220553657,0.560208780315099,0.999997068196745,0.999983379322086,"group_idyes"
"5986","CUTA","Exc L4-5 RORB GABRG1",0.00236633526762822,4.19630040363746,0.000462271073624866,0.982857558876073,0.999997068196745,0.999983379322086,"group_idyes"
"5987","SYNGAP1","Exc L4-5 RORB GABRG1",-0.00670889064545443,5.73869662086001,0.038697018612506,0.844153992319976,0.999997068196745,0.999983379322086,"group_idyes"
"5988","SYNGAP1-AS1","Exc L4-5 RORB GABRG1",0.0169705666843842,2.49842997595302,0.0201039058725322,0.887321487521904,0.999997068196745,0.999983379322086,"group_idyes"
"5989","BAK1","Exc L4-5 RORB GABRG1",-0.0252431831651613,1.68666028150594,0.0809049242098678,0.776227842611825,0.999997068196745,0.999983379322086,"group_idyes"
"5990","ITPR3","Exc L4-5 RORB GABRG1",-0.108245276000972,0.748988278171602,0.574194609227875,0.44906076335052,0.999997068196745,0.999983379322086,"group_idyes"
"5991","UQCC2","Exc L4-5 RORB GABRG1",-0.0199957286258541,4.37794842307882,0.152722290841653,0.696163607472335,0.999997068196745,0.999983379322086,"group_idyes"
"5992","LEMD2","Exc L4-5 RORB GABRG1",-0.0334690331590598,4.73307364402738,0.447982755039196,0.503695924007622,0.999997068196745,0.999983379322086,"group_idyes"
"5993","GRM4","Exc L4-5 RORB GABRG1",-0.0142615055663709,5.01162633445056,0.0489338759629872,0.825046258541647,0.999997068196745,0.999983379322086,"group_idyes"
"5994","HMGA1","Exc L4-5 RORB GABRG1",0.005780401494069,3.43750376473003,0.00441778945447667,0.947040990367366,0.999997068196745,0.999983379322086,"group_idyes"
"5995","SMIM29","Exc L4-5 RORB GABRG1",0.0250510297111713,3.69270849740121,0.0745011497117978,0.785038878212472,0.999997068196745,0.999983379322086,"group_idyes"
"5996","NUDT3","Exc L4-5 RORB GABRG1",0.0258582566522487,6.94213901963929,0.259576683683941,0.610703233716926,0.999997068196745,0.999983379322086,"group_idyes"
"5997","RPS10-NUDT3","Exc L4-5 RORB GABRG1",0.00895014435750868,4.03741988311572,0.0222050711931335,0.881620930502355,0.999997068196745,0.999983379322086,"group_idyes"
"5998","PACSIN1","Exc L4-5 RORB GABRG1",0.0153666038030182,6.73403931833024,0.357213852059139,0.550409300347986,0.999997068196745,0.999983379322086,"group_idyes"
"5999","SPDEF","Exc L4-5 RORB GABRG1",-0.181692004470034,0.929750702461564,1.69133504141847,0.194203546187557,0.999997068196745,0.999983379322086,"group_idyes"
"6000","C6orf106","Exc L4-5 RORB GABRG1",-0.00143605463406584,5.92425208915006,0.00266878776979732,0.958826173285089,0.999997068196745,0.999983379322086,"group_idyes"
"6001","AL451165.2","Exc L4-5 RORB GABRG1",0.105083587799518,1.25304526411031,0.584995490695086,0.444829771913723,0.999997068196745,0.999983379322086,"group_idyes"
"6002","SNRPC","Exc L4-5 RORB GABRG1",-0.0363259954965111,3.91681673157939,0.300507809770569,0.583882172701513,0.999997068196745,0.999983379322086,"group_idyes"
"6003","UHRF1BP1","Exc L4-5 RORB GABRG1",-0.00336195565330107,5.68663142625072,0.0103699786175362,0.9189422104406,0.999997068196745,0.999983379322086,"group_idyes"
"6004","TAF11","Exc L4-5 RORB GABRG1",-0.0410234677436631,4.72279839418057,0.930045967436391,0.335456758173519,0.999997068196745,0.999983379322086,"group_idyes"
"6005","ANKS1A","Exc L4-5 RORB GABRG1",-0.0517780515971517,6.7887083572714,1.54105629106062,0.21521697472609,0.999997068196745,0.999983379322086,"group_idyes"
"6006","SCUBE3","Exc L4-5 RORB GABRG1",-0.0375017649870443,1.5795678801965,0.0507938648939885,0.82180726923997,0.999997068196745,0.999983379322086,"group_idyes"
"6007","Z97832.2","Exc L4-5 RORB GABRG1",-0.0381592687249434,1.83007822794591,0.170459166676088,0.679934046673592,0.999997068196745,0.999983379322086,"group_idyes"
"6008","ZNF76","Exc L4-5 RORB GABRG1",-0.0290961516784382,4.96317127509075,0.482002720081477,0.487935570938387,0.999997068196745,0.999983379322086,"group_idyes"
"6009","DEF6","Exc L4-5 RORB GABRG1",0.0503950126177494,1.96202491677055,0.31643668201057,0.57408459860869,0.999997068196745,0.999983379322086,"group_idyes"
"6010","PPARD","Exc L4-5 RORB GABRG1",-0.00246987974449919,5.0609279298443,0.0037733732191997,0.951050420091997,0.999997068196745,0.999983379322086,"group_idyes"
"6011","FANCE","Exc L4-5 RORB GABRG1",-0.0594796871874165,0.895783893861795,0.241203949072984,0.623617942287379,0.999997068196745,0.999983379322086,"group_idyes"
"6012","RPL10A","Exc L4-5 RORB GABRG1",0.0541484740774337,4.63709319549582,0.182047493966605,0.669858176986455,0.999997068196745,0.999983379322086,"group_idyes"
"6013","FKBP5","Exc L4-5 RORB GABRG1",-0.00544097898263285,5.73026452689209,0.00224324504124635,0.96224856688924,0.999997068196745,0.999983379322086,"group_idyes"
"6014","CLPSL1","Exc L4-5 RORB GABRG1",-0.0345218374854816,0.430342772824987,0.0445690217050718,0.832910277154496,0.999997068196745,0.999983379322086,"group_idyes"
"6015","LHFPL5","Exc L4-5 RORB GABRG1",0.0260362451258514,4.55529216870953,0.30718183080252,0.57973670878797,0.999997068196745,0.999983379322086,"group_idyes"
"6016","SRPK1","Exc L4-5 RORB GABRG1",-0.0238713317806545,6.2906454289056,0.550985956781583,0.458368045959661,0.999997068196745,0.999983379322086,"group_idyes"
"6017","SLC26A8","Exc L4-5 RORB GABRG1",0.056934112644477,4.16870663007491,0.926277609825785,0.336436564567169,0.999997068196745,0.999983379322086,"group_idyes"
"6018","MAPK14","Exc L4-5 RORB GABRG1",-0.0342160444735716,6.99490132557752,0.890734529512605,0.345870630750489,0.999997068196745,0.999983379322086,"group_idyes"
"6019","MAPK13","Exc L4-5 RORB GABRG1",0.0251637492270235,4.47711087164252,0.429966081955073,0.987780080466222,0.999997068196745,0.999983379322086,"group_idyes"
"6020","Z84485.1","Exc L4-5 RORB GABRG1",0.0322718691609893,3.88153284638457,0.29791751193739,0.585507242659523,0.999997068196745,0.999983379322086,"group_idyes"
"6021","BRPF3","Exc L4-5 RORB GABRG1",0.0752582726616949,5.01829569638216,4.34153765595962,0.037852850785294,0.999997068196745,0.999983379322086,"group_idyes"
"6022","PNPLA1","Exc L4-5 RORB GABRG1",0.138449684620652,1.84381086136755,1.70359579501065,0.192598447982773,0.999997068196745,0.999983379322086,"group_idyes"
"6023","ETV7","Exc L4-5 RORB GABRG1",0.00436071516888779,1.63571488256649,0.00152760835360432,0.968843187705989,0.999997068196745,0.999983379322086,"group_idyes"
"6024","PXT1","Exc L4-5 RORB GABRG1",0.0437180026424778,0.633603858321745,0.103033015721779,0.748394107001801,0.999997068196745,0.999983379322086,"group_idyes"
"6025","KCTD20","Exc L4-5 RORB GABRG1",-0.0196894200774772,5.13220351289275,0.385911589902654,0.53482419248922,0.999997068196745,0.999983379322086,"group_idyes"
"6026","STK38","Exc L4-5 RORB GABRG1",-0.0114957805174265,5.50144428629272,0.0868481847941355,0.768381891821815,0.999997068196745,0.999983379322086,"group_idyes"
"6027","SRSF3","Exc L4-5 RORB GABRG1",0.0341232677697377,5.4354658737841,0.381899258195076,0.536954172297832,0.999997068196745,0.999983379322086,"group_idyes"
"6028","CDKN1A","Exc L4-5 RORB GABRG1",0.0570250864467615,1.78497779026018,0.247705050418054,0.618980020266288,0.999997068196745,0.999983379322086,"group_idyes"
"6029","CPNE5","Exc L4-5 RORB GABRG1",-0.0121460092762339,7.19815828598124,0.102185500651172,0.749396058624458,0.999997068196745,0.999983379322086,"group_idyes"
"6030","PPIL1","Exc L4-5 RORB GABRG1",0.0119682853691301,3.1729633111825,0.0315183915009178,0.859182237639055,0.999997068196745,0.999983379322086,"group_idyes"
"6031","C6orf89","Exc L4-5 RORB GABRG1",-0.000763016606878776,5.96051191743095,0.0010096404139809,0.974668089121072,0.999997068196745,0.999983379322086,"group_idyes"
"6032","PI16","Exc L4-5 RORB GABRG1",-0.215328178456833,0.245713147461068,1.39909648155648,0.237605345780748,0.999997068196745,0.999983379322086,"group_idyes"
"6033","MTCH1","Exc L4-5 RORB GABRG1",0.0610836732496782,6.82986408528325,0.808663762843135,0.369078084688041,0.999997068196745,0.999983379322086,"group_idyes"
"6034","PIM1","Exc L4-5 RORB GABRG1",0.0705527750012089,2.97185357537289,0.974501619914742,0.357057422401761,0.999997068196745,0.999983379322086,"group_idyes"
"6035","TMEM217","Exc L4-5 RORB GABRG1",0.0258110058301019,2.32144422254303,0.11170989404658,0.738387897750267,0.999997068196745,0.999983379322086,"group_idyes"
"6036","TBC1D22B","Exc L4-5 RORB GABRG1",-0.0364199309862098,4.94028438697798,1.16863057874371,0.280359955412126,0.999997068196745,0.999983379322086,"group_idyes"
"6037","RNF8","Exc L4-5 RORB GABRG1",-0.0113762587286263,5.10300063021709,0.088353778337647,0.876714671981148,0.999997068196745,0.999983379322086,"group_idyes"
"6038","CMTR1","Exc L4-5 RORB GABRG1",-0.0217431906605681,4.49293823367444,0.344533637584144,0.741300392356806,0.999997068196745,0.999983379322086,"group_idyes"
"6039","CCDC167","Exc L4-5 RORB GABRG1",-0.0264745498859983,2.09707250118615,0.0817624246178699,0.775076980816933,0.999997068196745,0.999983379322086,"group_idyes"
"6040","MDGA1","Exc L4-5 RORB GABRG1",-0.108982151629106,0.29374167999871,0.388273489441172,0.533577525817875,0.999997068196745,0.999983379322086,"group_idyes"
"6041","ZFAND3","Exc L4-5 RORB GABRG1",-0.0181554406884594,8.23208212418851,0.316221319165169,0.574214881961747,0.999997068196745,0.999983379322086,"group_idyes"
"6042","BTBD9","Exc L4-5 RORB GABRG1",-0.0235956924690807,8.21980086562306,0.315676535729698,0.574544708672389,0.999997068196745,0.999983379322086,"group_idyes"
"6043","GLO1","Exc L4-5 RORB GABRG1",-0.00894710178433349,5.20669591894811,0.0551755382748524,0.814415400115152,0.999997068196745,0.999983379322086,"group_idyes"
"6044","DNAH8","Exc L4-5 RORB GABRG1",-0.0613455402915237,1.3293396135657,0.28435042159542,0.594171770425749,0.999997068196745,0.999983379322086,"group_idyes"
"6045","SAYSD1","Exc L4-5 RORB GABRG1",-0.0610668989267761,2.61871577196078,0.648838297771375,0.900176425232148,0.999997068196745,0.999983379322086,"group_idyes"
"6046","KIF6","Exc L4-5 RORB GABRG1",-0.155601668921948,4.08439566230282,3.50070649033066,0.0621014883754429,0.999997068196745,0.999983379322086,"group_idyes"
"6047","DAAM2","Exc L4-5 RORB GABRG1",-0.0913278307740929,1.48966209984883,0.466651728683563,0.49494273187488,0.999997068196745,0.999983379322086,"group_idyes"
"6048","AL590999.1","Exc L4-5 RORB GABRG1",-0.000955333425507957,0.725579008716334,2.46615636008037e-05,0.996040262759893,0.999997068196745,0.999983379322086,"group_idyes"
"6049","MOCS1","Exc L4-5 RORB GABRG1",-0.0598607549945655,2.33234558047412,0.776403547880928,0.512778864445374,0.999997068196745,0.999983379322086,"group_idyes"
"6050","LINC00951","Exc L4-5 RORB GABRG1",0.0154767976974124,1.98895669506623,0.0173738134285884,0.89520366769044,0.999997068196745,0.999983379322086,"group_idyes"
"6051","AL139275.1","Exc L4-5 RORB GABRG1",-0.141616059006447,1.88437161413345,2.01311984165835,0.156753938588854,0.999997068196745,0.999983379322086,"group_idyes"
"6052","LRFN2","Exc L4-5 RORB GABRG1",-0.0752434023176162,7.22035808735029,2.42183104314942,0.12047719165228,0.999997068196745,0.999983379322086,"group_idyes"
"6053","OARD1","Exc L4-5 RORB GABRG1",-0.00639902370312796,3.81576935036912,0.012072765802508,0.912564896370087,0.999997068196745,0.999983379322086,"group_idyes"
"6054","APOBEC2","Exc L4-5 RORB GABRG1",0.101046376847149,0.31978046216317,0.364141425303694,0.54657073565011,0.999997068196745,0.999983379322086,"group_idyes"
"6055","NFYA","Exc L4-5 RORB GABRG1",-0.001149226422713,2.75860247087514,0.000355117111125479,0.984974882305481,0.999997068196745,0.999983379322086,"group_idyes"
"6056","FOXP4","Exc L4-5 RORB GABRG1",0.156074505155782,2.15336004343854,2.93142489064563,0.0876766056629285,0.999997068196745,0.999983379322086,"group_idyes"
"6057","TFEB","Exc L4-5 RORB GABRG1",0.126760155107251,2.96867796306965,2.44943670502482,0.118389176798986,0.999997068196745,0.999983379322086,"group_idyes"
"6058","PGC","Exc L4-5 RORB GABRG1",-0.135886921697982,1.53954566718283,1.13781932759241,0.286782492926841,0.999997068196745,0.999983379322086,"group_idyes"
"6059","FRS3","Exc L4-5 RORB GABRG1",0.00466700287094677,3.42154578746901,0.00551036980428983,0.940864471201153,0.999997068196745,0.999983379322086,"group_idyes"
"6060","AL365205.1","Exc L4-5 RORB GABRG1",0.0683893007732892,1.82446114348136,0.567414382762042,0.478874963195804,0.999997068196745,0.999983379322086,"group_idyes"
"6061","USP49","Exc L4-5 RORB GABRG1",-0.0475228194812417,5.96265379656509,1.80945882064753,0.179365510149181,0.999997068196745,0.999983379322086,"group_idyes"
"6062","MED20","Exc L4-5 RORB GABRG1",0.0695789306561308,2.39292260023122,1.04496829256412,0.375374121897752,0.999997068196745,0.999983379322086,"group_idyes"
"6063","BYSL","Exc L4-5 RORB GABRG1",0.106588405070176,1.24674384131799,0.790541886082229,0.374491905177271,0.999997068196745,0.999983379322086,"group_idyes"
"6064","CCND3","Exc L4-5 RORB GABRG1",0.0333764508180213,6.8307311715598,0.430386120055365,0.51219169045039,0.999997068196745,0.999983379322086,"group_idyes"
"6065","TAF8","Exc L4-5 RORB GABRG1",0.0190615519536107,4.20599736214475,0.21867680795664,0.750820919178629,0.999997068196745,0.999983379322086,"group_idyes"
"6066","C6orf132","Exc L4-5 RORB GABRG1",-0.0789017123438852,0.520233443451549,0.276686547593468,0.718338581161131,0.999997068196745,0.999983379322086,"group_idyes"
"6067","GUCA1B","Exc L4-5 RORB GABRG1",0.0183525857343096,2.6813045856425,0.0546545575404865,0.815277684085337,0.999997068196745,0.999983379322086,"group_idyes"
"6068","MRPS10","Exc L4-5 RORB GABRG1",0.0221687505808191,3.94213066069208,0.122915082419566,0.726085983300166,0.999997068196745,0.999983379322086,"group_idyes"
"6069","TRERF1","Exc L4-5 RORB GABRG1",0.0418465600244015,6.63782598490378,0.903890973080837,0.342337400722969,0.999997068196745,0.999983379322086,"group_idyes"
"6070","UBR2","Exc L4-5 RORB GABRG1",-0.014310383582556,7.58274237083457,0.175429666354786,0.675564426385312,0.999997068196745,0.999983379322086,"group_idyes"
"6071","PRPH2","Exc L4-5 RORB GABRG1",-0.161655440707168,2.14563187510717,3.87628291282727,0.0496902468533853,0.999997068196745,0.999983379322086,"group_idyes"
"6072","TBCC","Exc L4-5 RORB GABRG1",0.0428074938648287,3.69353066644155,0.221470083136419,0.638188752720646,0.999997068196745,0.999983379322086,"group_idyes"
"6073","BICRAL","Exc L4-5 RORB GABRG1",-0.0123042612607672,7.45092387638257,0.131652728484771,0.716923805263002,0.999997068196745,0.999983379322086,"group_idyes"
"6074","RPL7L1","Exc L4-5 RORB GABRG1",0.0327084397540616,5.59081569707725,0.329819960959992,0.566100742038814,0.999997068196745,0.999983379322086,"group_idyes"
"6075","C6orf226","Exc L4-5 RORB GABRG1",-0.114981787593001,2.12229264942121,1.18235294341123,0.277558246042491,0.999997068196745,0.999983379322086,"group_idyes"
"6076","CNPY3","Exc L4-5 RORB GABRG1",0.0148548784389986,3.65779049920257,0.0704664790925618,0.853987122153285,0.999997068196745,0.999983379322086,"group_idyes"
"6077","AL035587.1","Exc L4-5 RORB GABRG1",0.00664546837258988,4.62983557516978,0.0167510247518792,0.897088409869045,0.999997068196745,0.999983379322086,"group_idyes"
"6078","PEX6","Exc L4-5 RORB GABRG1",-0.0390085437093076,5.43859110118161,1.18528016081307,0.276965176166976,0.999997068196745,0.999983379322086,"group_idyes"
"6079","PPP2R5D","Exc L4-5 RORB GABRG1",0.0650841099949232,4.79689026374453,2.75830777911286,0.0975652141115586,0.999997068196745,0.999983379322086,"group_idyes"
"6080","MEA1","Exc L4-5 RORB GABRG1",-0.0284406496864967,3.57020926969189,0.0804605502909197,0.776826837079784,0.999997068196745,0.999983379322086,"group_idyes"
"6081","KLHDC3","Exc L4-5 RORB GABRG1",0.00270939933647246,6.14084039402972,0.0025412624467591,0.959821083245907,0.999997068196745,0.999983379322086,"group_idyes"
"6082","RRP36","Exc L4-5 RORB GABRG1",0.00372634033238189,4.30822815510753,0.00812830204684639,0.928209294863774,0.999997068196745,0.999983379322086,"group_idyes"
"6083","CUL7","Exc L4-5 RORB GABRG1",0.0536779388241495,3.58760663028864,1.56782988508132,0.211283104628172,0.999997068196745,0.999983379322086,"group_idyes"
"6084","KLC4","Exc L4-5 RORB GABRG1",0.0218735791190761,5.14616115087875,0.460567237515881,0.799022889388537,0.999997068196745,0.999983379322086,"group_idyes"
"6085","MRPL2","Exc L4-5 RORB GABRG1",-0.0416027808872196,3.43389600566638,0.419642373539249,0.51750192914952,0.999997068196745,0.999983379322086,"group_idyes"
"6086","PTK7","Exc L4-5 RORB GABRG1",0.00490368209674136,6.38328463476804,0.0102236870359012,0.919514026581423,0.999997068196745,0.999983379322086,"group_idyes"
"6087","SRF","Exc L4-5 RORB GABRG1",0.00957953220912955,3.77805115985925,0.0307189801736011,0.860961016873894,0.999997068196745,0.999983379322086,"group_idyes"
"6088","CUL9","Exc L4-5 RORB GABRG1",0.0449943092237012,5.27282144515388,1.15179894818547,0.283845567319306,0.999997068196745,0.999983379322086,"group_idyes"
"6089","DNPH1","Exc L4-5 RORB GABRG1",-0.0338271773400415,3.03881984850908,0.0729251999155282,0.787269148601071,0.999997068196745,0.999983379322086,"group_idyes"
"6090","TTBK1","Exc L4-5 RORB GABRG1",0.00256089890699426,5.1380032340911,0.00519931233236039,0.942554816282554,0.999997068196745,0.999983379322086,"group_idyes"
"6091","CRIP3","Exc L4-5 RORB GABRG1",-0.0134831356591025,2.49799125404353,0.0392901369753631,0.842979670900301,0.999997068196745,0.999983379322086,"group_idyes"
"6092","ZNF318","Exc L4-5 RORB GABRG1",-0.0159653894514655,5.83702270526689,0.192163156261409,0.661368344828205,0.999997068196745,0.999983379322086,"group_idyes"
"6093","ABCC10","Exc L4-5 RORB GABRG1",-0.00832029756236013,4.68357952686202,0.051301615293341,0.820933939378465,0.999997068196745,0.999983379322086,"group_idyes"
"6094","DLK2","Exc L4-5 RORB GABRG1",-0.00112879880052608,2.91372533567947,0.000244427223058168,0.987534350761085,0.999997068196745,0.999983379322086,"group_idyes"
"6095","TJAP1","Exc L4-5 RORB GABRG1",-0.044493309163988,4.33697625497102,1.26407058014406,0.390966231589479,0.999997068196745,0.999983379322086,"group_idyes"
"6096","LRRC73","Exc L4-5 RORB GABRG1",-0.115815640892616,2.82307442537188,1.2951659386467,0.255806317439647,0.999997068196745,0.999983379322086,"group_idyes"
"6097","POLR1C","Exc L4-5 RORB GABRG1",0.0668333976461479,4.4059168981603,1.76728652092342,0.184505985309456,0.999997068196745,0.999983379322086,"group_idyes"
"6098","YIPF3","Exc L4-5 RORB GABRG1",0.0512587741998677,4.49907921512226,0.450078814491645,0.502700079415814,0.999997068196745,0.999983379322086,"group_idyes"
"6099","AL355802.2","Exc L4-5 RORB GABRG1",0.189249115356578,0.120578297173752,1.09310172216985,0.377591513668723,0.999997068196745,0.999983379322086,"group_idyes"
"6100","XPO5","Exc L4-5 RORB GABRG1",0.00911613192979343,5.65480666575949,0.094510072970355,0.999023241871225,0.999997068196745,0.999983379322086,"group_idyes"
"6101","POLH","Exc L4-5 RORB GABRG1",-0.004162671869264,3.99165345422331,0.00842383310110758,0.969223511836827,0.999997068196745,0.999983379322086,"group_idyes"
"6102","GTPBP2","Exc L4-5 RORB GABRG1",0.0091045503938787,3.34776858634926,0.0258501916519081,0.872351107622695,0.999997068196745,0.999983379322086,"group_idyes"
"6103","MAD2L1BP","Exc L4-5 RORB GABRG1",0.0104143458293353,2.45997707970412,0.0140620544639595,0.905667201140812,0.999997068196745,0.999983379322086,"group_idyes"
"6104","RSPH9","Exc L4-5 RORB GABRG1",0.198058723773309,1.67435993134137,3.93679909469947,0.0479507616825865,0.999997068196745,0.999983379322086,"group_idyes"
"6105","MRPS18A","Exc L4-5 RORB GABRG1",-0.160869979624186,3.38114265543566,5.28019759590138,0.0221051650884013,0.999997068196745,0.999983379322086,"group_idyes"
"6106","VEGFA","Exc L4-5 RORB GABRG1",0.0502795322523006,3.91771374754653,0.248881914480014,0.618148576443936,0.999997068196745,0.999983379322086,"group_idyes"
"6107","AL109615.3","Exc L4-5 RORB GABRG1",0.0862702869138177,4.35245826108074,1.055471910004,0.304895690301498,0.999997068196745,0.999983379322086,"group_idyes"
"6108","MRPL14","Exc L4-5 RORB GABRG1",-0.0503311659050993,3.12274650329575,0.356332802836725,0.550901106805491,0.999997068196745,0.999983379322086,"group_idyes"
"6109","TMEM63B","Exc L4-5 RORB GABRG1",-0.0377438143362573,5.64992513098867,0.976802623907681,0.323610621680923,0.999997068196745,0.999983379322086,"group_idyes"
"6110","CAPN11","Exc L4-5 RORB GABRG1",-0.131566609724709,0.343175670917749,0.597986651028083,0.439822098559754,0.999997068196745,0.999983379322086,"group_idyes"
"6111","SLC29A1","Exc L4-5 RORB GABRG1",-0.0296819281165614,4.49512413397908,0.356582305167501,0.55076174956882,0.999997068196745,0.999983379322086,"group_idyes"
"6112","HSP90AB1","Exc L4-5 RORB GABRG1",0.075368126985412,8.54710846520623,1.2207619207297,0.269901670097299,0.999997068196745,0.999983379322086,"group_idyes"
"6113","SLC35B2","Exc L4-5 RORB GABRG1",0.014398915296621,2.30693878058506,0.0260362629333633,0.871896488223233,0.999997068196745,0.999983379322086,"group_idyes"
"6114","NFKBIE","Exc L4-5 RORB GABRG1",-0.0947176598416566,0.997110876838625,0.496238818713468,0.481583617442271,0.999997068196745,0.999983379322086,"group_idyes"
"6115","TMEM151B","Exc L4-5 RORB GABRG1",-0.0376305169612222,1.36257307117548,0.0982061722640874,0.754162834738726,0.999997068196745,0.999983379322086,"group_idyes"
"6116","AL353588.1","Exc L4-5 RORB GABRG1",-0.0325475884566737,1.38619940039081,0.0829606598872124,0.773479698772145,0.999997068196745,0.999983379322086,"group_idyes"
"6117","TCTE1","Exc L4-5 RORB GABRG1",0.048017167064976,1.70515932300534,0.258344147902246,0.611551342057065,0.999997068196745,0.999983379322086,"group_idyes"
"6118","AARS2","Exc L4-5 RORB GABRG1",-0.00118676435641103,2.80096140658704,0.000394862382201253,0.984156465294172,0.999997068196745,0.999983379322086,"group_idyes"
"6119","CDC5L","Exc L4-5 RORB GABRG1",0.0294530465970317,5.27258619115867,0.708455315962327,0.826288395155117,0.999997068196745,0.999983379322086,"group_idyes"
"6120","SUPT3H","Exc L4-5 RORB GABRG1",-0.00742312471670995,7.79879203907616,0.0413007216310097,0.839065996174793,0.999997068196745,0.999983379322086,"group_idyes"
"6121","RUNX2","Exc L4-5 RORB GABRG1",-0.143704063557307,4.21132443297767,1.50636724114453,0.220444713064237,0.999997068196745,0.999983379322086,"group_idyes"
"6122","AL096865.1","Exc L4-5 RORB GABRG1",-0.346258379387682,0.685795231216135,3.38902055871533,0.0664017411783151,0.999997068196745,0.999983379322086,"group_idyes"
"6123","CLIC5","Exc L4-5 RORB GABRG1",-0.0860269892637103,3.8265457126554,1.1346718301608,0.287449066411749,0.999997068196745,0.999983379322086,"group_idyes"
"6124","AL035701.1","Exc L4-5 RORB GABRG1",0.0227045869644089,3.40440608063894,0.143994993228155,0.704550672752895,0.999997068196745,0.999983379322086,"group_idyes"
"6125","ENPP4","Exc L4-5 RORB GABRG1",0.0924038204610105,4.47904118523773,4.83224868877093,0.0285271654416628,0.999997068196745,0.999983379322086,"group_idyes"
"6126","ENPP5","Exc L4-5 RORB GABRG1",-0.00495679550724588,4.56434307899506,0.00981355601650262,0.921139531351294,0.999997068196745,0.999983379322086,"group_idyes"
"6127","RCAN2","Exc L4-5 RORB GABRG1",-0.0341499618755277,7.35294856580411,0.56286175497269,0.453568051652535,0.999997068196745,0.999983379322086,"group_idyes"
"6128","AL359633.2","Exc L4-5 RORB GABRG1",-0.16620904725427,0.398090707374323,0.807616929986569,0.369387830043055,0.999997068196745,0.999983379322086,"group_idyes"
"6129","CYP39A1","Exc L4-5 RORB GABRG1",0.150611480978685,1.32762853473875,0.442988017264622,0.506082607852359,0.999997068196745,0.999983379322086,"group_idyes"
"6130","SLC25A27","Exc L4-5 RORB GABRG1",0.0278091485780071,5.92944461201775,0.546066515536317,0.460379967451576,0.999997068196745,0.999983379322086,"group_idyes"
"6131","AL591242.1","Exc L4-5 RORB GABRG1",-0.0266266210093229,1.90126076495153,0.0668997362909352,0.796043749899888,0.999997068196745,0.999983379322086,"group_idyes"
"6132","TDRD6","Exc L4-5 RORB GABRG1",0.0246449101906432,3.92564852658697,0.120201063000857,0.729006070529731,0.999997068196745,0.999983379322086,"group_idyes"
"6133","PLA2G7","Exc L4-5 RORB GABRG1",-0.115911063902676,1.42231449928863,0.756279473514486,0.385037593723664,0.999997068196745,0.999983379322086,"group_idyes"
"6134","ADGRF5","Exc L4-5 RORB GABRG1",0.094223564896838,1.61160153059215,0.489148435678489,0.484730036221492,0.999997068196745,0.999983379322086,"group_idyes"
"6135","TNFRSF21","Exc L4-5 RORB GABRG1",-0.0792854946146059,4.92504042003782,4.11804256207807,0.056805829023003,0.999997068196745,0.999983379322086,"group_idyes"
"6136","AL355353.1","Exc L4-5 RORB GABRG1",-0.0718865595024099,0.727875110298691,0.22406496934238,0.636228385966437,0.999997068196745,0.999983379322086,"group_idyes"
"6137","CD2AP","Exc L4-5 RORB GABRG1",0.00873968435550234,5.79769325150074,0.0677603414494967,0.794765333189191,0.999997068196745,0.999983379322086,"group_idyes"
"6138","ADGRF4","Exc L4-5 RORB GABRG1",-0.135028524915868,1.15958412710952,0.784274001264803,0.376390349037561,0.999997068196745,0.999983379322086,"group_idyes"
"6139","OPN5","Exc L4-5 RORB GABRG1",-0.0486210842227448,1.23873129236464,0.153640228466551,0.69529765103834,0.999997068196745,0.999983379322086,"group_idyes"
"6140","PTCHD4","Exc L4-5 RORB GABRG1",-0.0715261142892869,7.79352832202655,1.94657848748933,0.163760872670254,0.999997068196745,0.999983379322086,"group_idyes"
"6141","MUT","Exc L4-5 RORB GABRG1",0.0229670468770761,4.60534985513555,0.296372659253781,0.586480805803316,0.999997068196745,0.999983379322086,"group_idyes"
"6142","CENPQ","Exc L4-5 RORB GABRG1",-0.0617449392697009,2.63921536591045,0.763847790252477,0.382672256883558,0.999997068196745,0.999983379322086,"group_idyes"
"6143","RHAG","Exc L4-5 RORB GABRG1",0.147688975349038,-0.0755590415990203,0.547610664076338,0.459746945300848,0.999997068196745,0.999983379322086,"group_idyes"
"6144","TFAP2D","Exc L4-5 RORB GABRG1",-0.0101863185981644,1.32224655582695,0.00614733832817087,0.937546687076211,0.999997068196745,0.999983379322086,"group_idyes"
"6145","PKHD1","Exc L4-5 RORB GABRG1",-0.175846687973727,1.23237912956057,2.38112657428829,0.123631057619479,0.999997068196745,0.999983379322086,"group_idyes"
"6146","MCM3","Exc L4-5 RORB GABRG1",0.0126025863135359,2.73073346723086,0.0330323301591861,0.855876223717305,0.999997068196745,0.999983379322086,"group_idyes"
"6147","EFHC1","Exc L4-5 RORB GABRG1",0.032091077484735,5.56520029347816,0.61742972072279,0.432487681111017,0.999997068196745,0.999983379322086,"group_idyes"
"6148","TRAM2","Exc L4-5 RORB GABRG1",-0.0303794504237724,5.34033008545569,0.425872211025464,0.514411104847019,0.999997068196745,0.999983379322086,"group_idyes"
"6149","TRAM2-AS1","Exc L4-5 RORB GABRG1",0.076528054873456,2.00701893447942,0.799824948504074,0.371704843003381,0.999997068196745,0.999983379322086,"group_idyes"
"6150","TMEM14A","Exc L4-5 RORB GABRG1",-0.0149012444380285,5.57528619224701,0.0642806909726305,0.799989189813675,0.999997068196745,0.999983379322086,"group_idyes"
"6151","GSTA4","Exc L4-5 RORB GABRG1",-0.0363000758928902,6.05723403861873,1.55792253619004,0.212728735635346,0.999997068196745,0.999983379322086,"group_idyes"
"6152","ICK","Exc L4-5 RORB GABRG1",0.0230898074239237,3.61272376844291,0.162232026932226,0.859038466764507,0.999997068196745,0.999983379322086,"group_idyes"
"6153","FBXO9","Exc L4-5 RORB GABRG1",0.00910208524592889,6.06161824097161,0.110841545873579,0.739369419480386,0.999997068196745,0.999983379322086,"group_idyes"
"6154","ELOVL5","Exc L4-5 RORB GABRG1",-0.123572282841176,4.60487235713944,4.0960207361513,0.0436749758597756,0.999997068196745,0.999983379322086,"group_idyes"
"6155","GCLC","Exc L4-5 RORB GABRG1",2.71103757370828e-05,4.35382663501272,2.48824441611712e-07,0.999602255342876,0.999997068196745,0.999983379322086,"group_idyes"
"6156","LRRC1","Exc L4-5 RORB GABRG1",0.0102745179862887,4.27138804683849,0.0255131604829878,0.873178854606629,0.999997068196745,0.999983379322086,"group_idyes"
"6157","AL033384.2","Exc L4-5 RORB GABRG1",0.00250241454501496,0.711301367781785,0.000791983725900182,0.977563324301375,0.999997068196745,0.999983379322086,"group_idyes"
"6158","MLIP","Exc L4-5 RORB GABRG1",-0.0472016871435419,8.58942934375683,0.812493450103102,0.36794800943796,0.999997068196745,0.999983379322086,"group_idyes"
"6159","MLIP-AS1","Exc L4-5 RORB GABRG1",0.0559680112306358,0.669006966787368,0.164511476810788,0.685261889666839,0.999997068196745,0.999983379322086,"group_idyes"
"6160","TINAG","Exc L4-5 RORB GABRG1",0.0621729509875346,2.55616421288042,0.367789421928288,0.544569367756515,0.999997068196745,0.999983379322086,"group_idyes"
"6161","HCRTR2","Exc L4-5 RORB GABRG1",-0.247665223066122,2.28605961774994,3.79216271085872,0.0522202524248844,0.999997068196745,0.999983379322086,"group_idyes"
"6162","GFRAL","Exc L4-5 RORB GABRG1",-0.146312095604399,0.55908178129248,0.879027909782652,0.34905624754452,0.999997068196745,0.999983379322086,"group_idyes"
"6163","HMGCLL1","Exc L4-5 RORB GABRG1",0.0586486965622789,6.74516765340662,1.50445874593213,0.220736714346727,0.999997068196745,0.999983379322086,"group_idyes"
"6164","COL21A1","Exc L4-5 RORB GABRG1",-0.0232756044927741,1.8965226000335,0.0415632547963589,0.838562350667051,0.999997068196745,0.999983379322086,"group_idyes"
"6165","DST","Exc L4-5 RORB GABRG1",0.0178893856012466,9.18282783973991,0.314260278113575,0.575403905610271,0.999997068196745,0.999983379322086,"group_idyes"
"6166","AL512422.1","Exc L4-5 RORB GABRG1",-0.0141806020435482,3.17473802828741,0.00957269186682493,0.922110189477633,0.999997068196745,0.999983379322086,"group_idyes"
"6167","BEND6","Exc L4-5 RORB GABRG1",-0.0082893894926689,6.36657374744317,0.0572911253956493,0.81095728010397,0.999997068196745,0.999983379322086,"group_idyes"
"6168","KIAA1586","Exc L4-5 RORB GABRG1",0.0532806142068797,4.62931037890464,1.40371145484772,0.236834498913483,0.999997068196745,0.999983379322086,"group_idyes"
"6169","ZNF451","Exc L4-5 RORB GABRG1",0.0182907416634709,6.81268147524894,0.240068359952428,0.624436022860042,0.999997068196745,0.999983379322086,"group_idyes"
"6170","ZNF451-AS1","Exc L4-5 RORB GABRG1",-0.128038200082258,2.81782140481918,0.730105693265545,0.393380671947962,0.999997068196745,0.999983379322086,"group_idyes"
"6171","BAG2","Exc L4-5 RORB GABRG1",0.0407811346129174,3.74167442541377,0.308179391911186,0.579122156848169,0.999997068196745,0.999983379322086,"group_idyes"
"6172","RAB23","Exc L4-5 RORB GABRG1",0.0186204867947624,3.61645550847116,0.11653143381705,0.733013671632006,0.999997068196745,0.999983379322086,"group_idyes"
"6173","PRIM2","Exc L4-5 RORB GABRG1",-0.0237680213272011,5.73195799930337,0.33089484191582,0.565468905714084,0.999997068196745,0.999983379322086,"group_idyes"
"6174","AL021368.3","Exc L4-5 RORB GABRG1",0.0174736756534826,3.78954322728823,0.0926377660287237,0.76101475031434,0.999997068196745,0.999983379322086,"group_idyes"
"6175","AL021368.1","Exc L4-5 RORB GABRG1",0.0189145281602926,2.67444310435284,0.076979352052033,0.781582441312699,0.999997068196745,0.999983379322086,"group_idyes"
"6176","AL021368.2","Exc L4-5 RORB GABRG1",0.00252590940129734,4.6486375002822,0.00304288115970456,0.956037784482871,0.999997068196745,0.999983379322086,"group_idyes"
"6177","AL445250.1","Exc L4-5 RORB GABRG1",0.0107934060352217,7.87654766251072,0.0345205859664247,0.852701747019009,0.999997068196745,0.999983379322086,"group_idyes"
"6178","KHDRBS2","Exc L4-5 RORB GABRG1",0.0231527510814185,11.0766250799455,0.303444661402392,0.582050671937627,0.999997068196745,0.999983379322086,"group_idyes"
"6179","FKBP1C","Exc L4-5 RORB GABRG1",0.14155556668843,0.359087303674351,0.691025431390147,0.406331424534225,0.999997068196745,0.999983379322086,"group_idyes"
"6180","PTP4A1","Exc L4-5 RORB GABRG1",0.0559486738253843,4.26364398522373,0.88489414353039,0.3474549568133,0.999997068196745,0.999983379322086,"group_idyes"
"6181","PHF3","Exc L4-5 RORB GABRG1",0.0698203565812939,7.20735850260271,2.9949912907479,0.0843241898497447,0.999997068196745,0.999983379322086,"group_idyes"
"6182","EYS","Exc L4-5 RORB GABRG1",-0.0268994144767727,3.27068515293773,0.114136050130378,0.735667820929932,0.999997068196745,0.999983379322086,"group_idyes"
"6183","AL391807.1","Exc L4-5 RORB GABRG1",-0.104052941894199,5.90962565650513,2.21824924250177,0.137206925043141,0.999997068196745,0.999983379322086,"group_idyes"
"6184","ADGRB3","Exc L4-5 RORB GABRG1",0.0169214731838571,11.8928515036576,0.195491871240198,0.65863299142547,0.999997068196745,0.999983379322086,"group_idyes"
"6185","LMBRD1","Exc L4-5 RORB GABRG1",-0.0368709563596643,7.02669596996018,2.56235330243607,0.110256347453243,0.999997068196745,0.999983379322086,"group_idyes"
"6186","COL19A1","Exc L4-5 RORB GABRG1",0.0233076592494878,6.59364675748159,0.159579811771771,0.689765336020283,0.999997068196745,0.999983379322086,"group_idyes"
"6187","COL9A1","Exc L4-5 RORB GABRG1",-0.294696082990912,0.515299953587512,3.2252384940581,0.073295747360882,0.999997068196745,0.999983379322086,"group_idyes"
"6188","FAM135A","Exc L4-5 RORB GABRG1",-0.0106015101682989,7.17432157366718,0.10363255849679,0.747688056577766,0.999997068196745,0.999983379322086,"group_idyes"
"6189","SDHAF4","Exc L4-5 RORB GABRG1",-0.0373519092628572,3.77143902968955,0.564218883203378,0.453024567564019,0.999997068196745,0.999983379322086,"group_idyes"
"6190","AL583856.2","Exc L4-5 RORB GABRG1",0.0830460926256407,1.37122645943863,0.690353374143392,0.461749301738702,0.999997068196745,0.999983379322086,"group_idyes"
"6191","SMAP1","Exc L4-5 RORB GABRG1",0.0461012696224034,7.75278988163866,1.67774643950197,0.196000847904143,0.999997068196745,0.999983379322086,"group_idyes"
"6192","B3GAT2","Exc L4-5 RORB GABRG1",-0.0151687689678071,4.37531303707394,0.0287408043977956,0.865467991353118,0.999997068196745,0.999983379322086,"group_idyes"
"6193","OGFRL1","Exc L4-5 RORB GABRG1",0.0302038609183347,6.10012683405165,0.502137477913359,0.478991569195068,0.999997068196745,0.999983379322086,"group_idyes"
"6194","AL136164.2","Exc L4-5 RORB GABRG1",0.174039510249489,0.882197709733643,1.3171281997921,0.251821243296202,0.999997068196745,0.999983379322086,"group_idyes"
"6195","RIMS1","Exc L4-5 RORB GABRG1",-0.0247636492882304,9.10505581722251,0.437881817594783,0.508542716499453,0.999997068196745,0.999983379322086,"group_idyes"
"6196","KCNQ5","Exc L4-5 RORB GABRG1",-0.0271775466064174,10.9323108791589,0.475266449698485,0.490989855671752,0.999997068196745,0.999983379322086,"group_idyes"
"6197","AL365232.1","Exc L4-5 RORB GABRG1",-0.0853238793018389,2.16198765692447,1.1755093976948,0.278951053965984,0.999997068196745,0.999983379322086,"group_idyes"
"6198","KHDC1","Exc L4-5 RORB GABRG1",0.0161727949461578,5.0684910169566,0.193989929846949,0.659863732067858,0.999997068196745,0.999983379322086,"group_idyes"
"6199","AC019205.1","Exc L4-5 RORB GABRG1",-0.0160533000235577,5.70218936834319,0.212575557020586,0.64501668745464,0.999997068196745,0.999983379322086,"group_idyes"
"6200","OOEP","Exc L4-5 RORB GABRG1",-0.0439512582503745,3.86752168164459,0.0935251638543934,0.759907990305577,0.999997068196745,0.999983379322086,"group_idyes"
"6201","DDX43","Exc L4-5 RORB GABRG1",-0.0197406860617325,-0.0795604332429551,0.00711299553598482,0.932831109327221,0.999997068196745,0.999983379322086,"group_idyes"
"6202","CGAS","Exc L4-5 RORB GABRG1",-0.0204055557490974,1.22487923137143,0.0325578510221067,0.95428395460144,0.999997068196745,0.999983379322086,"group_idyes"
"6203","MTO1","Exc L4-5 RORB GABRG1",-0.00364252004665693,4.59347667347227,0.0123765977700394,0.911475992398601,0.999997068196745,0.999983379322086,"group_idyes"
"6204","EEF1A1","Exc L4-5 RORB GABRG1",0.0230111214332696,6.55048504905476,0.0456972821456073,0.830840265963973,0.999997068196745,0.999983379322086,"group_idyes"
"6205","AL121972.1","Exc L4-5 RORB GABRG1",0.029142117721439,0.741910113402391,0.045146941202308,0.921904677894003,0.999997068196745,0.999983379322086,"group_idyes"
"6206","SLC17A5","Exc L4-5 RORB GABRG1",-0.0344662858363684,6.21480288654359,1.12091888579857,0.290384942817452,0.999997068196745,0.999983379322086,"group_idyes"
"6207","AL590428.1","Exc L4-5 RORB GABRG1",-0.174953175349963,1.29571255546524,2.30400792571087,0.289264052014298,0.999997068196745,0.999983379322086,"group_idyes"
"6208","CD109","Exc L4-5 RORB GABRG1",-0.0673586878848339,3.02153940532591,0.541690763018102,0.46218134932871,0.999997068196745,0.999983379322086,"group_idyes"
"6209","AL357507.1","Exc L4-5 RORB GABRG1",0.0201992567191119,1.99484632285446,0.0530611776093482,0.882523349311788,0.999997068196745,0.999983379322086,"group_idyes"
"6210","AL356277.3","Exc L4-5 RORB GABRG1",0.0656105453044003,1.27472384773079,0.348767861397528,0.555158185460527,0.999997068196745,0.999983379322086,"group_idyes"
"6211","COL12A1","Exc L4-5 RORB GABRG1",0.00573315681691477,5.31961758288621,0.00387739020293831,0.95038119539449,0.999997068196745,0.999983379322086,"group_idyes"
"6212","COX7A2","Exc L4-5 RORB GABRG1",-0.119757840568615,4.64446515614181,1.4610130379703,0.227511352783353,0.999997068196745,0.999983379322086,"group_idyes"
"6213","TMEM30A","Exc L4-5 RORB GABRG1",0.0241971274387059,6.2980497034227,0.272788813577982,0.60176771276815,0.999997068196745,0.999983379322086,"group_idyes"
"6214","AL080250.1","Exc L4-5 RORB GABRG1",0.0345551986377296,2.38214902329882,0.183401045274654,0.808809379657085,0.999997068196745,0.999983379322086,"group_idyes"
"6215","FILIP1","Exc L4-5 RORB GABRG1",0.0195730555700272,2.94885264734388,0.0790834952158986,0.77869447479404,0.999997068196745,0.999983379322086,"group_idyes"
"6216","SENP6","Exc L4-5 RORB GABRG1",0.0122456008139348,7.52612256387375,0.215820749201996,0.642505705632061,0.999997068196745,0.999983379322086,"group_idyes"
"6217","MYO6","Exc L4-5 RORB GABRG1",-0.0410028345992554,6.93508471189487,1.85054606550102,0.174516383304298,0.999997068196745,0.999983379322086,"group_idyes"
"6218","IMPG1","Exc L4-5 RORB GABRG1",0.141595975300783,0.3899492630257,0.948107039630363,0.33081340458811,0.999997068196745,0.999983379322086,"group_idyes"
"6219","MEI4","Exc L4-5 RORB GABRG1",-0.0482178547570037,1.9008735937764,0.213979027077363,0.643927909563779,0.999997068196745,0.999983379322086,"group_idyes"
"6220","IRAK1BP1","Exc L4-5 RORB GABRG1",0.0511521974924238,6.94069108507382,1.28843293493656,0.257043607047082,0.999997068196745,0.999983379322086,"group_idyes"
"6221","PHIP","Exc L4-5 RORB GABRG1",0.00960318279017667,7.63376918753726,0.145332768584248,0.703246475801362,0.999997068196745,0.999983379322086,"group_idyes"
"6222","HMGN3","Exc L4-5 RORB GABRG1",-0.00810341250509128,6.7546351709649,0.0307486232256677,0.86089463464882,0.999997068196745,0.999983379322086,"group_idyes"
"6223","HMGN3-AS1","Exc L4-5 RORB GABRG1",0.133409228879639,0.858977178710394,1.09820123941235,0.295319083578604,0.999997068196745,0.999983379322086,"group_idyes"
"6224","LCA5","Exc L4-5 RORB GABRG1",0.042699241644917,5.18983720483637,1.22326212607828,0.269412520956746,0.999997068196745,0.999983379322086,"group_idyes"
"6225","SH3BGRL2","Exc L4-5 RORB GABRG1",0.00612150852491653,6.84408766270469,0.0425498950899454,0.836684237606089,0.999997068196745,0.999983379322086,"group_idyes"
"6226","ELOVL4","Exc L4-5 RORB GABRG1",0.0288104858548013,5.66915957961745,0.994624716355604,0.319241511000892,0.999997068196745,0.999983379322086,"group_idyes"
"6227","BCKDHB","Exc L4-5 RORB GABRG1",-0.0233271947701522,5.93253647142959,0.292466628363784,0.588957138506164,0.999997068196745,0.999983379322086,"group_idyes"
"6228","AL359715.1","Exc L4-5 RORB GABRG1",0.103775867693795,1.33998392643162,0.841048664496431,0.359671543876862,0.999997068196745,0.999983379322086,"group_idyes"
"6229","TENT5A","Exc L4-5 RORB GABRG1",0.0150485457967735,1.03861025443716,0.0179727774752481,0.89342318389688,0.999997068196745,0.999983379322086,"group_idyes"
"6230","IBTK","Exc L4-5 RORB GABRG1",-0.0554910195724655,6.96877173071935,3.8039800962051,0.0518567232852994,0.999997068196745,0.999983379322086,"group_idyes"
"6231","TPBG","Exc L4-5 RORB GABRG1",0.0289108706297427,5.99294401388599,0.244904455035305,0.620968575466527,0.999997068196745,0.999983379322086,"group_idyes"
"6232","UBE3D","Exc L4-5 RORB GABRG1",-0.00197177429119261,7.60906479036436,0.00272177428137069,0.9584198145294,0.999997068196745,0.999983379322086,"group_idyes"
"6233","DOPEY1","Exc L4-5 RORB GABRG1",-0.0150262975517781,7.4544915258602,0.190485257016206,0.662757871250814,0.999997068196745,0.999983379322086,"group_idyes"
"6234","PGM3","Exc L4-5 RORB GABRG1",-0.0271101697541671,4.8397277427786,0.469504271855942,0.493627938303809,0.999997068196745,0.999983379322086,"group_idyes"
"6235","RWDD2A","Exc L4-5 RORB GABRG1",0.053481517460531,3.68947237235218,0.95295705687797,0.32958114627674,0.999997068196745,0.999983379322086,"group_idyes"
"6236","ME1","Exc L4-5 RORB GABRG1",-0.0790473249083652,6.42110878337893,5.56154942081658,0.0188586921958036,0.999997068196745,0.999983379322086,"group_idyes"
"6237","PRSS35","Exc L4-5 RORB GABRG1",-0.0798100112102309,-0.195973863700303,0.12988192962252,0.733597842459188,0.999997068196745,0.999983379322086,"group_idyes"
"6238","SNAP91","Exc L4-5 RORB GABRG1",0.00999406651548342,8.69865105888629,0.109752782439163,0.740606138670667,0.999997068196745,0.999983379322086,"group_idyes"
"6239","RIPPLY2","Exc L4-5 RORB GABRG1",0.0333738678086346,3.34439019862692,0.215734440459417,0.642572189357435,0.999997068196745,0.999983379322086,"group_idyes"
"6240","CYB5R4","Exc L4-5 RORB GABRG1",0.028085873752597,5.76906204852809,0.588462728745069,0.443484676935105,0.999997068196745,0.999983379322086,"group_idyes"
"6241","AL034347.1","Exc L4-5 RORB GABRG1",0.148988612184083,2.47888442358299,1.79729696324922,0.180830677868362,0.999997068196745,0.999983379322086,"group_idyes"
"6242","MRAP2","Exc L4-5 RORB GABRG1",-0.0797280294282953,6.04440308489074,3.8506739154989,0.0504463955643366,0.999997068196745,0.999983379322086,"group_idyes"
"6243","CEP162","Exc L4-5 RORB GABRG1",-0.0205202870509411,5.45233514039307,0.303277918890537,0.582154347131628,0.999997068196745,0.999983379322086,"group_idyes"
"6244","LINC01611","Exc L4-5 RORB GABRG1",-0.529688063979894,0.5150663432591,4.54245651009608,0.0336974331699359,0.999997068196745,0.999983379322086,"group_idyes"
"6245","NT5E","Exc L4-5 RORB GABRG1",-0.059200179217071,2.85535570489149,0.714165637763775,0.398589610772339,0.999997068196745,0.999983379322086,"group_idyes"
"6246","SNX14","Exc L4-5 RORB GABRG1",-0.0134478342935293,6.30930639725224,0.171069134686889,0.679393830400248,0.999997068196745,0.999983379322086,"group_idyes"
"6247","AL589666.1","Exc L4-5 RORB GABRG1",-0.0010277387242452,2.84629075093768,0.000252413790236716,0.987332349429435,0.999997068196745,0.999983379322086,"group_idyes"
"6248","SYNCRIP","Exc L4-5 RORB GABRG1",-0.0317060749951778,3.98850148071678,0.577638240924977,0.447705025937922,0.999997068196745,0.999983379322086,"group_idyes"
"6249","HTR1E","Exc L4-5 RORB GABRG1",0.0358533395240995,7.47187302899123,0.353478186397737,0.552500255822239,0.999997068196745,0.999983379322086,"group_idyes"
"6250","AL139274.2","Exc L4-5 RORB GABRG1",0.190043902190872,1.08249871869284,2.07855340773233,0.150195164367046,0.999997068196745,0.999983379322086,"group_idyes"
"6251","ZNF292","Exc L4-5 RORB GABRG1",0.0114206268191286,8.30663555486092,0.280306288024094,0.596805892227206,0.999997068196745,0.999983379322086,"group_idyes"
"6252","GJB7","Exc L4-5 RORB GABRG1",0.0209851052595754,0.5505789665479,0.0173059229307996,0.895407437180765,0.999997068196745,0.999983379322086,"group_idyes"
"6253","SMIM8","Exc L4-5 RORB GABRG1",-0.0240810922454045,5.43672196094607,0.620664254729492,0.431285657744817,0.999997068196745,0.999983379322086,"group_idyes"
"6254","SLC35A1","Exc L4-5 RORB GABRG1",0.0204785528213171,4.21367161297574,0.177134426139519,0.674082527492757,0.999997068196745,0.999983379322086,"group_idyes"
"6255","RARS2","Exc L4-5 RORB GABRG1",0.0143222623206895,5.28140178114095,0.127953863086269,0.720759205059353,0.999997068196745,0.999983379322086,"group_idyes"
"6256","ORC3","Exc L4-5 RORB GABRG1",-0.0215289108473433,6.01679462783724,0.364036817229852,0.54662832739684,0.999997068196745,0.999983379322086,"group_idyes"
"6257","AKIRIN2","Exc L4-5 RORB GABRG1",0.0381619581866313,4.24812249222357,0.659427912948394,0.417264134759896,0.999997068196745,0.999983379322086,"group_idyes"
"6258","CNR1","Exc L4-5 RORB GABRG1",-0.036942593306577,5.71757408127911,0.517131275789992,0.472504522860044,0.999997068196745,0.999983379322086,"group_idyes"
"6259","RNGTT","Exc L4-5 RORB GABRG1",-0.0276860253462459,6.78664893520716,0.693232897112452,0.405583462994547,0.999997068196745,0.999983379322086,"group_idyes"
"6260","PNRC1","Exc L4-5 RORB GABRG1",0.0788178135477168,4.64001028063028,1.01790326044869,0.313650981989879,0.999997068196745,0.999983379322086,"group_idyes"
"6261","SRSF12","Exc L4-5 RORB GABRG1",-0.0225487226115101,4.8627263934695,0.41703077020315,0.518807335123223,0.999997068196745,0.999983379322086,"group_idyes"
"6262","PM20D2","Exc L4-5 RORB GABRG1",0.0128689953365883,4.27178902564364,0.0939138074520768,0.759425083488516,0.999997068196745,0.999983379322086,"group_idyes"
"6263","GABRR1","Exc L4-5 RORB GABRG1",-0.0471742831806104,1.83596144618528,0.189127981047897,0.663887220344384,0.999997068196745,0.999983379322086,"group_idyes"
"6264","UBE2J1","Exc L4-5 RORB GABRG1",-0.0406178364977098,4.92228950081215,1.37977067148042,0.240866733626654,0.999997068196745,0.999983379322086,"group_idyes"
"6265","RRAGD","Exc L4-5 RORB GABRG1",0.00240542065912254,4.68530147997394,0.0037882091879155,0.950954407208894,0.999997068196745,0.999983379322086,"group_idyes"
"6266","ANKRD6","Exc L4-5 RORB GABRG1",0.0383880181140794,4.24233274530399,0.322625117184537,0.570365635286682,0.999997068196745,0.999983379322086,"group_idyes"
"6267","LYRM2","Exc L4-5 RORB GABRG1",0.00189911313020607,4.73917024034529,0.00259094877780244,0.959430535665985,0.999997068196745,0.999983379322086,"group_idyes"
"6268","MDN1","Exc L4-5 RORB GABRG1",-0.016386249032189,7.01754042787837,0.335351798720486,0.562863511914771,0.999997068196745,0.999983379322086,"group_idyes"
"6269","CASP8AP2","Exc L4-5 RORB GABRG1",-0.00252470452890975,5.8071695364288,0.00569285737297118,0.939895079045853,0.999997068196745,0.999983379322086,"group_idyes"
"6270","BACH2","Exc L4-5 RORB GABRG1",-0.0854282582291176,7.88064597534363,3.24235512926521,0.0725404821022765,0.999997068196745,0.999983379322086,"group_idyes"
"6271","AL132996.1","Exc L4-5 RORB GABRG1",-0.117334898666765,1.7463700224675,0.916874207179888,0.338898360891755,0.999997068196745,0.999983379322086,"group_idyes"
"6272","MAP3K7","Exc L4-5 RORB GABRG1",-0.0111866172842898,6.21298334474671,0.211098437427194,0.646167320076514,0.999997068196745,0.999983379322086,"group_idyes"
"6273","EPHA7","Exc L4-5 RORB GABRG1",-0.098996628994196,4.91938011072443,2.67313367522474,0.102872786130029,0.999997068196745,0.999983379322086,"group_idyes"
"6274","MANEA-DT","Exc L4-5 RORB GABRG1",-0.0609013399720676,1.57699177154395,0.348531908124169,0.555291964581442,0.999997068196745,0.999983379322086,"group_idyes"
"6275","MANEA","Exc L4-5 RORB GABRG1",0.117661329768013,2.80372832450709,3.60229014244546,0.058448285485534,0.999997068196745,0.999983379322086,"group_idyes"
"6276","FUT9","Exc L4-5 RORB GABRG1",0.0346042740331334,8.73424620260031,1.20565689741194,0.272880680121245,0.999997068196745,0.999983379322086,"group_idyes"
"6277","UFL1-AS1","Exc L4-5 RORB GABRG1",-0.0101245990019002,3.33281597960908,0.0184687161895207,0.891971686750584,0.999997068196745,0.999983379322086,"group_idyes"
"6278","UFL1","Exc L4-5 RORB GABRG1",-0.017499922423227,4.74443284247778,0.171965137767314,0.678602330144012,0.999997068196745,0.999983379322086,"group_idyes"
"6279","AL033379.1","Exc L4-5 RORB GABRG1",0.246499419163604,1.49519449738403,2.48945468759264,0.115433268843629,0.999997068196745,0.999983379322086,"group_idyes"
"6280","GPR63","Exc L4-5 RORB GABRG1",0.0356836804405823,5.90186320472271,0.764441770979858,0.38248749423912,0.999997068196745,0.999983379322086,"group_idyes"
"6281","NDUFAF4","Exc L4-5 RORB GABRG1",0.0610174094602746,5.00684431039389,1.01391583864905,0.314599420303621,0.999997068196745,0.999983379322086,"group_idyes"
"6282","KLHL32","Exc L4-5 RORB GABRG1",-0.03346006577571,8.20418313168442,0.671841671561263,0.412917737377154,0.999997068196745,0.999983379322086,"group_idyes"
"6283","MMS22L","Exc L4-5 RORB GABRG1",0.0354589799451814,4.78535272563635,0.37073247130481,0.542964622968303,0.999997068196745,0.999983379322086,"group_idyes"
"6284","AL589740.1","Exc L4-5 RORB GABRG1",-0.021605669088648,7.6117761844998,0.0957135477243582,0.757202961424181,0.999997068196745,0.999983379322086,"group_idyes"
"6285","AL589826.2","Exc L4-5 RORB GABRG1",0.0493692881657841,0.790613796274886,0.130446192129251,0.718168107187432,0.999997068196745,0.999983379322086,"group_idyes"
"6286","POU3F2","Exc L4-5 RORB GABRG1",0.0686224913921814,5.78065778148508,1.48488402696716,0.223758613743738,0.999997068196745,0.999983379322086,"group_idyes"
"6287","FBXL4","Exc L4-5 RORB GABRG1",-0.0121057004857909,6.10706072643308,0.0439086278534946,0.834134615495922,0.999997068196745,0.999983379322086,"group_idyes"
"6288","FAXC","Exc L4-5 RORB GABRG1",0.00403065174659943,6.40449569999667,0.0219441014259431,0.882313507299319,0.999997068196745,0.999983379322086,"group_idyes"
"6289","COQ3","Exc L4-5 RORB GABRG1",-0.042508186222641,3.82085058927978,0.65232196955325,0.44945397499723,0.999997068196745,0.999983379322086,"group_idyes"
"6290","PNISR","Exc L4-5 RORB GABRG1",0.0488490424942584,8.84027255585661,1.54817645058976,0.214162344189107,0.999997068196745,0.999983379322086,"group_idyes"
"6291","AL513550.1","Exc L4-5 RORB GABRG1",-0.0383366488915646,2.98923791286737,0.469408401638849,0.498249628554022,0.999997068196745,0.999983379322086,"group_idyes"
"6292","USP45","Exc L4-5 RORB GABRG1",-0.0173327956898645,6.06294197758634,0.216228047926814,0.642192180953737,0.999997068196745,0.999983379322086,"group_idyes"
"6293","TSTD3","Exc L4-5 RORB GABRG1",-0.0820727763956533,2.5218314496294,1.23800618528318,0.26655039221301,0.999997068196745,0.999983379322086,"group_idyes"
"6294","CCNC","Exc L4-5 RORB GABRG1",0.00854076090001969,5.79611294949412,0.0544324285543306,0.815646651437386,0.999997068196745,0.999983379322086,"group_idyes"
"6295","MCHR2","Exc L4-5 RORB GABRG1",-0.00629296670627081,6.35501521807796,0.0131450639044096,0.908780831871986,0.999997068196745,0.999983379322086,"group_idyes"
"6296","MCHR2-AS1","Exc L4-5 RORB GABRG1",0.196583664081469,0.91346184669939,2.16727540165599,0.141793353018937,0.999997068196745,0.999983379322086,"group_idyes"
"6297","ASCC3","Exc L4-5 RORB GABRG1",-0.0286139872869137,7.16075903053281,0.745582465501688,0.388416434623223,0.999997068196745,0.999983379322086,"group_idyes"
"6298","AL133338.1","Exc L4-5 RORB GABRG1",-0.100417571708893,0.958381668337902,0.51817846223041,0.472056801259714,0.999997068196745,0.999983379322086,"group_idyes"
"6299","GRIK2","Exc L4-5 RORB GABRG1",0.0241705140447262,8.04737039470185,0.263327627094442,0.608137723476883,0.999997068196745,0.999983379322086,"group_idyes"
"6300","HACE1","Exc L4-5 RORB GABRG1",-0.019813461444735,6.72793270181994,0.363075375072146,0.547158176738548,0.999997068196745,0.999983379322086,"group_idyes"
"6301","LIN28B-AS1","Exc L4-5 RORB GABRG1",0.0741964881528944,2.91485168192611,0.64695246724864,0.421701093423955,0.999997068196745,0.999983379322086,"group_idyes"
"6302","LIN28B","Exc L4-5 RORB GABRG1",-0.0068306005275718,4.45823495596104,0.00902776885543451,0.924352719714184,0.999997068196745,0.999983379322086,"group_idyes"
"6303","BVES","Exc L4-5 RORB GABRG1",0.05473741601826,3.93558413217222,1.13650625711923,0.287060333828526,0.999997068196745,0.999983379322086,"group_idyes"
"6304","BVES-AS1","Exc L4-5 RORB GABRG1",0.0204116735976958,4.44097720849924,0.170999470607275,0.679455471058277,0.999997068196745,0.999983379322086,"group_idyes"
"6305","POPDC3","Exc L4-5 RORB GABRG1",-0.0341847444515812,4.56749765111692,0.487993480780654,0.485245774128936,0.999997068196745,0.999983379322086,"group_idyes"
"6306","AL133406.3","Exc L4-5 RORB GABRG1",0.150535961911127,1.0800410594026,2.00032751263909,0.158073969266013,0.999997068196745,0.999983379322086,"group_idyes"
"6307","PREP","Exc L4-5 RORB GABRG1",-0.0136067023574099,6.81707793414888,0.165808035471092,0.684090990870317,0.999997068196745,0.999983379322086,"group_idyes"
"6308","AL591518.1","Exc L4-5 RORB GABRG1",-0.113532303360603,1.56857219849634,0.799360463968334,0.37184360313658,0.999997068196745,0.999983379322086,"group_idyes"
"6309","ATG5","Exc L4-5 RORB GABRG1",-0.0150921486137903,6.16520861448071,0.192433100777403,0.661145470635237,0.999997068196745,0.999983379322086,"group_idyes"
"6310","CRYBG1","Exc L4-5 RORB GABRG1",-0.129442469283571,2.58519810830733,1.26108729094253,0.262145664671412,0.999997068196745,0.999983379322086,"group_idyes"
"6311","RTN4IP1","Exc L4-5 RORB GABRG1",-0.0600138617057692,4.86409091110437,1.45995917954576,0.227678769406968,0.999997068196745,0.999983379322086,"group_idyes"
"6312","QRSL1","Exc L4-5 RORB GABRG1",-0.0149885113266595,4.43901054400215,0.163459335861915,0.686216015990711,0.999997068196745,0.999983379322086,"group_idyes"
"6313","CD24","Exc L4-5 RORB GABRG1",0.30842569350084,3.3242001591862,2.94932802459126,0.0867180043607038,0.999997068196745,0.999983379322086,"group_idyes"
"6314","C6orf203","Exc L4-5 RORB GABRG1",-0.0214569655089905,4.17595350985088,0.243386455179477,0.622052351226713,0.999997068196745,0.999983379322086,"group_idyes"
"6315","BEND3","Exc L4-5 RORB GABRG1",-0.0429994100565105,1.76885580765149,0.204846560515378,0.651092064142506,0.999997068196745,0.999983379322086,"group_idyes"
"6316","PDSS2","Exc L4-5 RORB GABRG1",0.0257492072325875,6.1538142107591,0.42724203088137,0.513735818621952,0.999997068196745,0.999983379322086,"group_idyes"
"6317","SOBP","Exc L4-5 RORB GABRG1",-0.0317707051488719,7.63692313622559,1.27231853376364,0.260035104025025,0.999997068196745,0.999983379322086,"group_idyes"
"6318","SEC63","Exc L4-5 RORB GABRG1",0.0154474593003704,6.13182252776422,0.398834623565285,0.528066765046864,0.999997068196745,0.999983379322086,"group_idyes"
"6319","OSTM1","Exc L4-5 RORB GABRG1",0.0253968317161487,5.12891365560657,0.616867870299721,0.845300046340967,0.999997068196745,0.999983379322086,"group_idyes"
"6320","SNX3","Exc L4-5 RORB GABRG1",0.00514417045315609,6.03910506860416,0.00853312429331068,0.926448252928195,0.999997068196745,0.999983379322086,"group_idyes"
"6321","AFG1L","Exc L4-5 RORB GABRG1",-0.0227308207390853,5.71063349712745,0.359959082106019,0.548882161309559,0.999997068196745,0.999983379322086,"group_idyes"
"6322","FOXO3","Exc L4-5 RORB GABRG1",-0.0111145741099597,7.57956977159707,0.27073873261089,0.603135941691708,0.999997068196745,0.999983379322086,"group_idyes"
"6323","LINC00222","Exc L4-5 RORB GABRG1",-0.0195758283080893,1.89122936985138,0.0395557443113054,0.842456779313501,0.999997068196745,0.999983379322086,"group_idyes"
"6324","ARMC2","Exc L4-5 RORB GABRG1",-0.038391110347986,6.52195202354284,1.37367361620646,0.241906970063496,0.999997068196745,0.999983379322086,"group_idyes"
"6325","SESN1","Exc L4-5 RORB GABRG1",0.0215313636586313,7.39662384467145,0.382404252352359,0.536685242630768,0.999997068196745,0.999983379322086,"group_idyes"
"6326","AL390208.1","Exc L4-5 RORB GABRG1",-0.132242297346985,0.967318112767724,1.20646829616522,0.272719610327784,0.999997068196745,0.999983379322086,"group_idyes"
"6327","CEP57L1","Exc L4-5 RORB GABRG1",-0.0225658478599761,4.97627476289404,0.319888621195251,0.94347204898761,0.999997068196745,0.999983379322086,"group_idyes"
"6328","CD164","Exc L4-5 RORB GABRG1",-0.0270921346701411,4.29257836407631,0.310784562148784,0.577523347322243,0.999997068196745,0.999983379322086,"group_idyes"
"6329","PPIL6","Exc L4-5 RORB GABRG1",0.0151444233850687,4.83109778810138,0.101299759061224,0.750448109857214,0.999997068196745,0.999983379322086,"group_idyes"
"6330","SMPD2","Exc L4-5 RORB GABRG1",-0.0825574931977688,0.862128141458163,0.42916871045308,0.512788626218358,0.999997068196745,0.999983379322086,"group_idyes"
"6331","MICAL1","Exc L4-5 RORB GABRG1",-0.00393591154210967,4.23657470030893,0.00864733768565556,0.92595906615227,0.999997068196745,0.999983379322086,"group_idyes"
"6332","ZBTB24","Exc L4-5 RORB GABRG1",-0.0312281260121902,2.82743837444651,0.162584969414101,0.687011651506176,0.999997068196745,0.999983379322086,"group_idyes"
"6333","AK9","Exc L4-5 RORB GABRG1",0.0510442458248977,5.99091083683885,1.19803121275865,0.274400304551525,0.999997068196745,0.999983379322086,"group_idyes"
"6334","FIG4","Exc L4-5 RORB GABRG1",0.00717618718504743,6.03514410919154,0.0371153486449828,0.847332042327164,0.999997068196745,0.999983379322086,"group_idyes"
"6335","GPR6","Exc L4-5 RORB GABRG1",0.444271432860121,0.842856893752622,7.09033832462061,0.00807536642029725,0.999997068196745,0.999983379322086,"group_idyes"
"6336","WASF1","Exc L4-5 RORB GABRG1",0.0248329308794185,7.66203175678317,1.15474991790119,0.283230502678605,0.999997068196745,0.999983379322086,"group_idyes"
"6337","CDC40","Exc L4-5 RORB GABRG1",-0.0106128980806975,6.08729155950076,0.125544204809079,0.941461156449493,0.999997068196745,0.999983379322086,"group_idyes"
"6338","METTL24","Exc L4-5 RORB GABRG1",-0.0296490891971251,5.71488623806083,0.203760747348605,0.651956589735118,0.999997068196745,0.999983379322086,"group_idyes"
"6339","CDK19","Exc L4-5 RORB GABRG1",0.0287142375769693,6.8190482443384,0.655729509561468,0.418572197575105,0.999997068196745,0.999983379322086,"group_idyes"
"6340","AMD1","Exc L4-5 RORB GABRG1",0.0304839209506145,6.06836838792963,0.338637370049639,0.560957641401874,0.999997068196745,0.999983379322086,"group_idyes"
"6341","GTF3C6","Exc L4-5 RORB GABRG1",0.0358068463139813,2.97201141695676,0.144761339604607,0.703802717333005,0.999997068196745,0.999983379322086,"group_idyes"
"6342","RPF2","Exc L4-5 RORB GABRG1",-0.0273487215798889,4.31898512289443,0.580261593149412,0.446676500638722,0.999997068196745,0.999983379322086,"group_idyes"
"6343","SLC16A10","Exc L4-5 RORB GABRG1",-0.0901662579344667,5.56527137129794,3.77965883337914,0.0526078497040473,0.999997068196745,0.999983379322086,"group_idyes"
"6344","AL360227.1","Exc L4-5 RORB GABRG1",-0.21268643390944,0.753163764424641,2.32596541215493,0.128052859456671,0.999997068196745,0.999983379322086,"group_idyes"
"6345","MFSD4B","Exc L4-5 RORB GABRG1",-0.0248132274275283,3.61506911803888,0.241122036055721,0.623676872486021,0.999997068196745,0.999983379322086,"group_idyes"
"6346","AL080317.1","Exc L4-5 RORB GABRG1",-0.127152339374287,1.83372439702319,2.34242161931502,0.126715505494427,0.999997068196745,0.999983379322086,"group_idyes"
"6347","AL080317.2","Exc L4-5 RORB GABRG1",-0.00805412746942686,1.8754307338354,0.00824750369711873,0.927686243794764,0.999997068196745,0.999983379322086,"group_idyes"
"6348","REV3L","Exc L4-5 RORB GABRG1",-0.0105301797060531,7.43975027614468,0.185816264584426,0.666663176142549,0.999997068196745,0.999983379322086,"group_idyes"
"6349","AL080317.3","Exc L4-5 RORB GABRG1",-0.0328423729451074,1.7986786424032,0.146881279166731,0.701745391757053,0.999997068196745,0.999983379322086,"group_idyes"
"6350","TRAF3IP2-AS1","Exc L4-5 RORB GABRG1",0.00378221844226076,7.47183051969522,0.00882668953776517,0.925197415458191,0.999997068196745,0.999983379322086,"group_idyes"
"6351","TRAF3IP2","Exc L4-5 RORB GABRG1",0.0477043453678815,2.63523662465562,0.225193942781128,0.635379814450576,0.999997068196745,0.999983379322086,"group_idyes"
"6352","Z97989.1","Exc L4-5 RORB GABRG1",0.108572397821152,1.91296414363328,1.01209345510938,0.315034139613025,0.999997068196745,0.999983379322086,"group_idyes"
"6353","FYN","Exc L4-5 RORB GABRG1",-0.0350451262316846,7.19732276876684,1.50998538962023,0.219892403280918,0.999997068196745,0.999983379322086,"group_idyes"
"6354","TUBE1","Exc L4-5 RORB GABRG1",0.00265359680670065,5.75691143415978,0.0058798048252601,0.938918066255644,0.999997068196745,0.999983379322086,"group_idyes"
"6355","FAM229B","Exc L4-5 RORB GABRG1",0.0282755284375329,4.46207197833979,0.412550435311494,0.521060380249475,0.999997068196745,0.999983379322086,"group_idyes"
"6356","LAMA4","Exc L4-5 RORB GABRG1",-0.0184253652826655,6.10759565900444,0.107061975677587,0.743692108820704,0.999997068196745,0.999983379322086,"group_idyes"
"6357","AL513123.1","Exc L4-5 RORB GABRG1",0.125339167658169,0.592095603935909,0.686229615732705,0.407963390095717,0.999997068196745,0.999983379322086,"group_idyes"
"6358","MARCKS","Exc L4-5 RORB GABRG1",0.0391026826730002,7.2780920292119,0.311120854662905,0.577317603303098,0.999997068196745,0.999983379322086,"group_idyes"
"6359","FO393415.1","Exc L4-5 RORB GABRG1",0.102464581894304,1.24924659506296,0.834485966440866,0.36155067313213,0.999997068196745,0.999983379322086,"group_idyes"
"6360","HDAC2","Exc L4-5 RORB GABRG1",0.0173375856645643,5.3421495727286,0.311987252376939,0.771438965099659,0.999997068196745,0.999983379322086,"group_idyes"
"6361","HDAC2-AS2","Exc L4-5 RORB GABRG1",-0.0590348539938969,5.09436650418837,1.55567923781966,0.213057699839903,0.999997068196745,0.999983379322086,"group_idyes"
"6362","HS3ST5","Exc L4-5 RORB GABRG1",-0.0798925939492099,6.32662781893614,1.74832796925466,0.186872607420055,0.999997068196745,0.999983379322086,"group_idyes"
"6363","FRK","Exc L4-5 RORB GABRG1",-0.134548290911753,2.01916325514682,1.97818568926527,0.16038887549803,0.999997068196745,0.999983379322086,"group_idyes"
"6364","NT5DC1","Exc L4-5 RORB GABRG1",-0.0284868185432444,6.08163817548588,0.529629321786464,0.467205401216129,0.999997068196745,0.999983379322086,"group_idyes"
"6365","COL10A1","Exc L4-5 RORB GABRG1",0.116441202977079,3.25841511402321,1.14528880805777,0.285208475103801,0.999997068196745,0.999983379322086,"group_idyes"
"6366","TSPYL4","Exc L4-5 RORB GABRG1",0.0425604732910385,6.33976526136232,0.368939668515899,0.543941134122626,0.999997068196745,0.999983379322086,"group_idyes"
"6367","DSE","Exc L4-5 RORB GABRG1",0.0514852828884961,6.43975781310246,1.06514474684561,0.302693047782933,0.999997068196745,0.999983379322086,"group_idyes"
"6368","TSPYL1","Exc L4-5 RORB GABRG1",0.0292101814432164,7.73309929056663,0.189831808777369,0.663300986281005,0.999997068196745,0.999983379322086,"group_idyes"
"6369","Z84488.2","Exc L4-5 RORB GABRG1",-0.0884977949400197,1.2078702717825,0.503429947207478,0.478426674876695,0.999997068196745,0.999983379322086,"group_idyes"
"6370","RWDD1","Exc L4-5 RORB GABRG1",0.0159140413025662,4.78741461158752,0.086504921260435,0.768826970270805,0.999997068196745,0.999983379322086,"group_idyes"
"6371","ZUP1","Exc L4-5 RORB GABRG1",-0.0216098312147711,4.5092313455242,0.36094136729349,0.548337651818298,0.999997068196745,0.999983379322086,"group_idyes"
"6372","KPNA5","Exc L4-5 RORB GABRG1",0.0567557174459848,6.67658253917216,3.24253235565662,0.0725327060296166,0.999997068196745,0.999983379322086,"group_idyes"
"6373","FAM162B","Exc L4-5 RORB GABRG1",0.203821466949466,4.15489057837847,1.79773385559859,0.180777804461514,0.999997068196745,0.999983379322086,"group_idyes"
"6374","ROS1","Exc L4-5 RORB GABRG1",0.192004894854924,-0.139556424560547,0.704848649460131,0.401680640253584,0.999997068196745,0.999983379322086,"group_idyes"
"6375","AL132671.2","Exc L4-5 RORB GABRG1",-0.0553592796888392,1.15390302174989,0.242096850661383,0.622976371886314,0.999997068196745,0.999983379322086,"group_idyes"
"6376","DCBLD1","Exc L4-5 RORB GABRG1",0.0476987271719509,3.54133801261027,0.676443563599908,0.411323514133353,0.999997068196745,0.999983379322086,"group_idyes"
"6377","GOPC","Exc L4-5 RORB GABRG1",0.00556962124205491,4.91932880808916,0.0203278201151271,0.984669704650822,0.999997068196745,0.999983379322086,"group_idyes"
"6378","NUS1","Exc L4-5 RORB GABRG1",0.0144359400930519,5.38249015620284,0.2545091972046,0.614206566195455,0.999997068196745,0.999983379322086,"group_idyes"
"6379","SLC35F1","Exc L4-5 RORB GABRG1",0.00214896173605647,9.34380752670075,0.00298072016878001,0.956488687110386,0.999997068196745,0.999983379322086,"group_idyes"
"6380","CEP85L","Exc L4-5 RORB GABRG1",-0.00903680874381402,7.23362685201362,0.0963315737686131,0.756445176482984,0.999997068196745,0.999983379322086,"group_idyes"
"6381","MCM9","Exc L4-5 RORB GABRG1",-0.0457676994224131,4.37561731691018,0.992885198247842,0.319664514675739,0.999997068196745,0.999983379322086,"group_idyes"
"6382","ASF1A","Exc L4-5 RORB GABRG1",0.0881174178897888,3.13934668786045,1.96248169940069,0.162054208812503,0.999997068196745,0.999983379322086,"group_idyes"
"6383","AL365275.1","Exc L4-5 RORB GABRG1",-0.155856841763738,2.3755657204206,2.29744941556538,0.130407796194021,0.999997068196745,0.999983379322086,"group_idyes"
"6384","FAM184A","Exc L4-5 RORB GABRG1",0.00312361866994009,6.48172460164533,0.00636147599352196,0.936470513864045,0.999997068196745,0.999983379322086,"group_idyes"
"6385","MAN1A1","Exc L4-5 RORB GABRG1",-0.0257996559733444,7.5394627770204,0.366684510187315,0.545174107867085,0.999997068196745,0.999983379322086,"group_idyes"
"6386","TBC1D32","Exc L4-5 RORB GABRG1",0.0135793907870172,7.10843358158658,0.141376090090068,0.707124052048342,0.999997068196745,0.999983379322086,"group_idyes"
"6387","GJA1","Exc L4-5 RORB GABRG1",-0.02632185368467,1.34386446661282,0.0304087186928288,0.861657802653062,0.999997068196745,0.999983379322086,"group_idyes"
"6388","HSF2","Exc L4-5 RORB GABRG1",0.0541378329073946,5.081215013298,2.54631128045841,0.111373161609664,0.999997068196745,0.999983379322086,"group_idyes"
"6389","SERINC1","Exc L4-5 RORB GABRG1",0.0447813165357246,7.69232053487395,0.703371776919286,0.402173811503986,0.999997068196745,0.999983379322086,"group_idyes"
"6390","PKIB","Exc L4-5 RORB GABRG1",-0.00348379148954684,2.24195155526646,0.00203013752495654,0.964085214671137,0.999997068196745,0.999983379322086,"group_idyes"
"6391","FABP7","Exc L4-5 RORB GABRG1",0.164254679025522,0.737231752884106,0.900938830589744,0.343125945078545,0.999997068196745,0.999983379322086,"group_idyes"
"6392","SMPDL3A","Exc L4-5 RORB GABRG1",0.0733915602827317,2.45252889139277,1.05633388701798,0.304698564221946,0.999997068196745,0.999983379322086,"group_idyes"
"6393","CLVS2","Exc L4-5 RORB GABRG1",0.0036781106766309,6.83110248702052,0.011425458615348,0.91493201167695,0.999997068196745,0.999983379322086,"group_idyes"
"6394","TRDN","Exc L4-5 RORB GABRG1",0.0944372534868071,0.978869092716687,0.533936980469146,0.465401105590319,0.999997068196745,0.999983379322086,"group_idyes"
"6395","TRDN-AS1","Exc L4-5 RORB GABRG1",-0.00522045260040417,1.03249071324854,0.00162666829624424,0.967849382438095,0.999997068196745,0.999983379322086,"group_idyes"
"6396","NKAIN2","Exc L4-5 RORB GABRG1",-0.00407272098240155,10.9123465327891,0.00741571765831728,0.931420146387726,0.999997068196745,0.999983379322086,"group_idyes"
"6397","RNF217-AS1","Exc L4-5 RORB GABRG1",-0.0521184396884122,2.82632394445497,0.328664987807484,0.5667811866156,0.999997068196745,0.999983379322086,"group_idyes"
"6398","RNF217","Exc L4-5 RORB GABRG1",-0.00960347244792571,5.46618269415703,0.0499315121617993,0.823301090507471,0.999997068196745,0.999983379322086,"group_idyes"
"6399","TPD52L1","Exc L4-5 RORB GABRG1",-0.0320618512317591,1.35388561698949,0.058185883218919,0.809515049909095,0.999997068196745,0.999983379322086,"group_idyes"
"6400","HDDC2","Exc L4-5 RORB GABRG1",0.0624762279662601,4.899232715752,1.20630221022236,0.27275257012391,0.999997068196745,0.999983379322086,"group_idyes"
"6401","AL450332.1","Exc L4-5 RORB GABRG1",-0.023784921638602,0.632518541793684,0.0206126076000774,0.885914477291781,0.999997068196745,0.999983379322086,"group_idyes"
"6402","NCOA7","Exc L4-5 RORB GABRG1",0.021193636908122,7.45153111993044,0.673684840528669,0.412278118093756,0.999997068196745,0.999983379322086,"group_idyes"
"6403","NCOA7-AS1","Exc L4-5 RORB GABRG1",-0.0166981593791582,1.09366200391801,0.0154034738323243,0.901292417348495,0.999997068196745,0.999983379322086,"group_idyes"
"6404","HINT3","Exc L4-5 RORB GABRG1",0.037288086897346,5.33231198879385,0.906322666250785,0.341689712469892,0.999997068196745,0.999983379322086,"group_idyes"
"6405","TRMT11","Exc L4-5 RORB GABRG1",0.0122796248624662,5.91659057802598,0.14098560086116,0.707510079388384,0.999997068196745,0.999983379322086,"group_idyes"
"6406","AC020559.1","Exc L4-5 RORB GABRG1",0.00381474317841224,4.21615873531583,0.00341519876260397,0.953428732276744,0.999997068196745,0.999983379322086,"group_idyes"
"6407","CENPW","Exc L4-5 RORB GABRG1",0.0785448750578926,1.48691102553412,0.643802209388785,0.422832657524058,0.999997068196745,0.999983379322086,"group_idyes"
"6408","RNF146","Exc L4-5 RORB GABRG1",0.000212312798211482,5.653664166103,4.43107392029419e-05,0.994692266176328,0.999997068196745,0.999983379322086,"group_idyes"
"6409","ECHDC1","Exc L4-5 RORB GABRG1",0.0153886627507481,5.25459995697099,0.170010203974742,0.680332392546392,0.999997068196745,0.999983379322086,"group_idyes"
"6410","AL096711.2","Exc L4-5 RORB GABRG1",0.0726012536401853,4.89770620675376,2.33449834413355,0.127357452689302,0.999997068196745,0.999983379322086,"group_idyes"
"6411","C6orf58","Exc L4-5 RORB GABRG1",-0.0334814180962397,0.664294646586375,0.0484235273682077,0.825946231745885,0.999997068196745,0.999983379322086,"group_idyes"
"6412","THEMIS","Exc L4-5 RORB GABRG1",-0.10693491702204,3.20299703631538,1.32803852794831,0.24987001357487,0.999997068196745,0.999983379322086,"group_idyes"
"6413","PTPRK","Exc L4-5 RORB GABRG1",-0.0142795792518279,9.68328756750642,0.095448212698281,0.75752912131484,0.999997068196745,0.999983379322086,"group_idyes"
"6414","AL590006.1","Exc L4-5 RORB GABRG1",0.0685564629596537,1.99723161357192,0.38956117526778,0.532900071133448,0.999997068196745,0.999983379322086,"group_idyes"
"6415","LAMA2","Exc L4-5 RORB GABRG1",0.000360587034869785,5.21292520687032,2.2803046239929e-05,0.996192388475514,0.999997068196745,0.999983379322086,"group_idyes"
"6416","AL356124.1","Exc L4-5 RORB GABRG1",-0.0292655172793605,3.35984046074907,0.148790526139545,0.699907063357261,0.999997068196745,0.999983379322086,"group_idyes"
"6417","ARHGAP18","Exc L4-5 RORB GABRG1",-0.0255864036954723,4.7444909073594,0.154199208428676,0.694771786662605,0.999997068196745,0.999983379322086,"group_idyes"
"6418","L3MBTL3","Exc L4-5 RORB GABRG1",-0.0649221949556081,5.17425342138679,2.36031657054438,0.125278895136476,0.999997068196745,0.999983379322086,"group_idyes"
"6419","SAMD3","Exc L4-5 RORB GABRG1",-0.093280522048826,1.25453330016895,0.568154491450033,0.451454255244288,0.999997068196745,0.999983379322086,"group_idyes"
"6420","EPB41L2","Exc L4-5 RORB GABRG1",-0.00269192962577713,8.7208960393991,0.00624501195336277,0.937053515838471,0.999997068196745,0.999983379322086,"group_idyes"
"6421","AKAP7","Exc L4-5 RORB GABRG1",-0.0354178899708614,5.76594748051937,0.696108423218007,0.404612160406972,0.999997068196745,0.999983379322086,"group_idyes"
"6422","MED23","Exc L4-5 RORB GABRG1",-0.0186467983726714,6.0836470662779,0.447329104558537,0.778972503109863,0.999997068196745,0.999983379322086,"group_idyes"
"6423","ENPP3","Exc L4-5 RORB GABRG1",-0.0381334653465443,2.78183910655029,0.32190984472967,0.871093670352496,0.999997068196745,0.999983379322086,"group_idyes"
"6424","ENPP1","Exc L4-5 RORB GABRG1",0.00726305402025308,1.50357997739511,0.00392804628103759,0.950058547785613,0.999997068196745,0.999983379322086,"group_idyes"
"6425","AL133346.1","Exc L4-5 RORB GABRG1",0.111164189679348,0.33272414002767,0.279951159090404,0.597038363891078,0.999997068196745,0.999983379322086,"group_idyes"
"6426","MOXD1","Exc L4-5 RORB GABRG1",0.00656411869941238,1.5919658255553,0.00252455189592502,0.95995329136817,0.999997068196745,0.999983379322086,"group_idyes"
"6427","STX7","Exc L4-5 RORB GABRG1",-0.0058514945164769,6.36986674184533,0.0447581681186551,0.83256135691586,0.999997068196745,0.999983379322086,"group_idyes"
"6428","SLC18B1","Exc L4-5 RORB GABRG1",-0.0311609500620594,5.00231783732695,0.460578587198135,0.497761711930356,0.999997068196745,0.999983379322086,"group_idyes"
"6429","RPS12","Exc L4-5 RORB GABRG1",0.0182600342642326,3.77295308604985,0.0271278877752236,0.869262322456489,0.999997068196745,0.999983379322086,"group_idyes"
"6430","EYA4","Exc L4-5 RORB GABRG1",-0.0427891692099865,1.0345970438966,0.110176042592425,0.740124554430296,0.999997068196745,0.999983379322086,"group_idyes"
"6431","TARID","Exc L4-5 RORB GABRG1",0.0965100812227885,1.1367762927294,0.64742803044712,0.421530666720658,0.999997068196745,0.999983379322086,"group_idyes"
"6432","TBPL1","Exc L4-5 RORB GABRG1",0.0051006822151965,5.32167014847896,0.0246889155716403,0.958564020880582,0.999997068196745,0.999983379322086,"group_idyes"
"6433","SLC2A12","Exc L4-5 RORB GABRG1",0.249799423047633,1.57576321423051,3.03583504389376,0.0822437085787714,0.999997068196745,0.999983379322086,"group_idyes"
"6434","SGK1","Exc L4-5 RORB GABRG1",-0.127061427466949,5.61597973926936,3.41942811030852,0.0652002286465624,0.999997068196745,0.999983379322086,"group_idyes"
"6435","AL078590.3","Exc L4-5 RORB GABRG1",0.0674045233290004,0.952010967459237,0.243180947234836,0.622199396483263,0.999997068196745,0.999983379322086,"group_idyes"
"6436","ALDH8A1","Exc L4-5 RORB GABRG1",-0.0189669501444342,3.88704570277804,0.0650365554744221,0.798841869282531,0.999997068196745,0.999983379322086,"group_idyes"
"6437","HBS1L","Exc L4-5 RORB GABRG1",0.0021941779039583,5.82793138665845,0.0051366309119272,0.942901539968248,0.999997068196745,0.999983379322086,"group_idyes"
"6438","AHI1","Exc L4-5 RORB GABRG1",-0.037292539553109,9.45392513950525,1.27988517419017,0.258625078697562,0.999997068196745,0.999983379322086,"group_idyes"
"6439","AL049552.1","Exc L4-5 RORB GABRG1",0.197622360544047,0.963814053468077,1.7571845709983,0.185762649658851,0.999997068196745,0.999983379322086,"group_idyes"
"6440","LINC00271","Exc L4-5 RORB GABRG1",0.0112496122615005,3.53936451843585,0.017033140242454,0.896230306710741,0.999997068196745,0.999983379322086,"group_idyes"
"6441","PDE7B","Exc L4-5 RORB GABRG1",-0.104389384565135,6.2099886337174,2.06377382181625,0.151648876748684,0.999997068196745,0.999983379322086,"group_idyes"
"6442","AL138828.1","Exc L4-5 RORB GABRG1",-0.0873063021198929,2.53794564505196,0.533316784865575,0.465660190083379,0.999997068196745,0.999983379322086,"group_idyes"
"6443","BCLAF1","Exc L4-5 RORB GABRG1",0.0195657251797577,6.99028222404652,0.444615244325797,0.505302927277385,0.999997068196745,0.999983379322086,"group_idyes"
"6444","AL023284.4","Exc L4-5 RORB GABRG1",0.0853323373336887,3.71488709695418,1.58464270667934,0.20885650408496,0.999997068196745,0.999983379322086,"group_idyes"
"6445","MAP7","Exc L4-5 RORB GABRG1",0.0110235286379113,8.46179896344857,0.122605036663243,0.726417727367617,0.999997068196745,0.999983379322086,"group_idyes"
"6446","AL024508.2","Exc L4-5 RORB GABRG1",-0.0414889101050549,0.445909484336308,0.0695922124266597,0.792072687616081,0.999997068196745,0.999983379322086,"group_idyes"
"6447","MAP3K5","Exc L4-5 RORB GABRG1",-0.00747788830375795,6.2798782159987,0.0165111126482783,0.897823942754123,0.999997068196745,0.999983379322086,"group_idyes"
"6448","AL024508.1","Exc L4-5 RORB GABRG1",0.0452091039745831,0.497974372689762,0.0700903187409047,0.791347098598613,0.999997068196745,0.999983379322086,"group_idyes"
"6449","PEX7","Exc L4-5 RORB GABRG1",-0.0238765761495668,3.8756859734593,0.143223776095274,0.705305684909805,0.999997068196745,0.999983379322086,"group_idyes"
"6450","IFNGR1","Exc L4-5 RORB GABRG1",-1.10722449519266e-06,4.51674596224933,1.07916736617416e-08,0.999917167216675,0.999997068196745,0.999983379322086,"group_idyes"
"6451","AL357060.1","Exc L4-5 RORB GABRG1",0.0314253124620348,0.794675938770124,0.0401298904045652,0.841332680861483,0.999997068196745,0.999983379322086,"group_idyes"
"6452","PERP","Exc L4-5 RORB GABRG1",0.105273445342067,1.21025171179881,0.792044813264716,0.374038694369797,0.999997068196745,0.999983379322086,"group_idyes"
"6453","ARFGEF3","Exc L4-5 RORB GABRG1",-0.0637298166398295,7.11819650174131,5.76379461787675,0.016833744406918,0.999997068196745,0.999983379322086,"group_idyes"
"6454","HEBP2","Exc L4-5 RORB GABRG1",0.134958774987725,2.41728540946468,2.38554259027121,0.123284490739884,0.999997068196745,0.999983379322086,"group_idyes"
"6455","NHSL1","Exc L4-5 RORB GABRG1",-0.010767219913183,1.95149446739277,0.0122917035192538,0.911778869832055,0.999997068196745,0.999983379322086,"group_idyes"
"6456","GVQW2","Exc L4-5 RORB GABRG1",0.008316103983924,1.75457954572043,0.0081932152972285,0.92792398279937,0.999997068196745,0.999983379322086,"group_idyes"
"6457","CCDC28A","Exc L4-5 RORB GABRG1",0.0299507427597877,4.59598034249568,0.611700143917552,0.4346294723081,0.999997068196745,0.999983379322086,"group_idyes"
"6458","ECT2L","Exc L4-5 RORB GABRG1",-0.0266589028781092,3.21995801353898,0.111659568443897,0.738444666379058,0.999997068196745,0.999983379322086,"group_idyes"
"6459","REPS1","Exc L4-5 RORB GABRG1",-0.0122290319376327,6.92229872461182,0.157933756380139,0.691286414807661,0.999997068196745,0.999983379322086,"group_idyes"
"6460","ABRACL","Exc L4-5 RORB GABRG1",-0.0637557429912774,3.79764877778306,0.586286152143535,0.444328329882187,0.999997068196745,0.999983379322086,"group_idyes"
"6461","HECA","Exc L4-5 RORB GABRG1",-0.0433122636685349,4.73652366713219,0.975239097165095,0.446405222793901,0.999997068196745,0.999983379322086,"group_idyes"
"6462","AL031772.1","Exc L4-5 RORB GABRG1",0.00146487631444542,3.51810657301847,0.000589569672354643,0.980641012589436,0.999997068196745,0.999983379322086,"group_idyes"
"6463","TXLNB","Exc L4-5 RORB GABRG1",-0.0275920602773418,1.1726169090101,0.048726558981412,0.825411254811002,0.999997068196745,0.999983379322086,"group_idyes"
"6464","CITED2","Exc L4-5 RORB GABRG1",-0.0386993216506455,3.46375035525894,0.201152912663093,0.654044340578036,0.999997068196745,0.999983379322086,"group_idyes"
"6465","FILNC1","Exc L4-5 RORB GABRG1",0.00634514811080334,0.196210941406175,0.00103961723710788,0.982059029695332,0.999997068196745,0.999983379322086,"group_idyes"
"6466","AL050338.1","Exc L4-5 RORB GABRG1",-0.137996046505483,0.065472773319068,0.475678635970367,0.490802050878802,0.999997068196745,0.999983379322086,"group_idyes"
"6467","NMBR","Exc L4-5 RORB GABRG1",0.00765012204177749,1.30448629517529,0.00506411624920756,0.943305320192384,0.999997068196745,0.999983379322086,"group_idyes"
"6468","VTA1","Exc L4-5 RORB GABRG1",0.014474154277795,5.51464539264502,0.252235305249476,0.860901974624485,0.999997068196745,0.999983379322086,"group_idyes"
"6469","HIVEP2","Exc L4-5 RORB GABRG1",-0.0108817974606691,8.14757290268189,0.0798666550412078,0.777630176631547,0.999997068196745,0.999983379322086,"group_idyes"
"6470","AL023584.2","Exc L4-5 RORB GABRG1",-0.250654686193856,0.18651333556843,1.75813460137616,0.185644043714596,0.999997068196745,0.999983379322086,"group_idyes"
"6471","AL355304.1","Exc L4-5 RORB GABRG1",-0.0327269018790232,1.41783494439532,0.0906778791815384,0.763479813702393,0.999997068196745,0.999983379322086,"group_idyes"
"6472","LINC01277","Exc L4-5 RORB GABRG1",-0.0183928770613434,4.03086072478844,0.0600471232137218,0.8065521259634,0.999997068196745,0.999983379322086,"group_idyes"
"6473","AL023581.2","Exc L4-5 RORB GABRG1",0.0861923164978265,1.09657473305387,0.543249997809713,0.461538169253854,0.999997068196745,0.999983379322086,"group_idyes"
"6474","AIG1","Exc L4-5 RORB GABRG1",-0.0384319775872965,7.79402070430859,1.34286358764421,0.247248363901616,0.999997068196745,0.999983379322086,"group_idyes"
"6475","AL023581.1","Exc L4-5 RORB GABRG1",-0.18814924783109,0.612685477124637,0.802221977669759,0.370989905764048,0.999997068196745,0.999983379322086,"group_idyes"
"6476","ADAT2","Exc L4-5 RORB GABRG1",-0.101515785986997,3.03560859125365,2.01937844232811,0.156112701295754,0.999997068196745,0.999983379322086,"group_idyes"
"6477","PEX3","Exc L4-5 RORB GABRG1",-0.0333011604036965,5.9424047258018,0.904594592511309,0.3421498192406,0.999997068196745,0.999983379322086,"group_idyes"
"6478","FUCA2","Exc L4-5 RORB GABRG1",0.0509674803877864,3.00315746129934,0.433766228181721,0.510540625429345,0.999997068196745,0.999983379322086,"group_idyes"
"6479","PHACTR2","Exc L4-5 RORB GABRG1",-0.0355522892088369,4.99887606274806,0.240338030350482,0.624241534754185,0.999997068196745,0.999983379322086,"group_idyes"
"6480","LTV1","Exc L4-5 RORB GABRG1",-0.0684338420819207,1.61694514626309,0.513059806872149,0.762923405835456,0.999997068196745,0.999983379322086,"group_idyes"
"6481","PLAGL1","Exc L4-5 RORB GABRG1",-0.0423918926779592,4.85050181034414,0.393844984682509,0.530657497596786,0.999997068196745,0.999983379322086,"group_idyes"
"6482","SF3B5","Exc L4-5 RORB GABRG1",-0.00153305541760339,3.05309771580798,0.000176487078209799,0.989407426100897,0.999997068196745,0.999983379322086,"group_idyes"
"6483","UTRN","Exc L4-5 RORB GABRG1",0.0997113422586532,2.60787058280617,0.922054360962275,0.337539219543587,0.999997068196745,0.999983379322086,"group_idyes"
"6484","EPM2A","Exc L4-5 RORB GABRG1",-0.0446542311529073,5.4008032739711,0.789537810280654,0.374795116471109,0.999997068196745,0.999983379322086,"group_idyes"
"6485","FBXO30","Exc L4-5 RORB GABRG1",0.0609388936823615,3.57162331949076,1.21128540097396,0.599841420124389,0.999997068196745,0.999983379322086,"group_idyes"
"6486","AL356599.1","Exc L4-5 RORB GABRG1",-0.00978888803714647,4.81460635787352,0.0300175353120284,0.862541564493774,0.999997068196745,0.999983379322086,"group_idyes"
"6487","SHPRH","Exc L4-5 RORB GABRG1",0.032095397836831,7.68854557732287,0.889833476171325,0.346114419023138,0.999997068196745,0.999983379322086,"group_idyes"
"6488","GRM1","Exc L4-5 RORB GABRG1",0.0230770560019097,7.95126129493535,0.221077620698583,0.638486467851693,0.999997068196745,0.999983379322086,"group_idyes"
"6489","RAB32","Exc L4-5 RORB GABRG1",0.121497136168891,2.28794679950461,2.06238223990129,0.151786573180709,0.999997068196745,0.999983379322086,"group_idyes"
"6490","ADGB","Exc L4-5 RORB GABRG1",-0.116856985176145,0.469633989342229,0.530228807608807,0.466953630289143,0.999997068196745,0.999983379322086,"group_idyes"
"6491","STXBP5-AS1","Exc L4-5 RORB GABRG1",0.00075527489992898,8.2920966316593,0.000225072013218312,0.988038042144813,0.999997068196745,0.999983379322086,"group_idyes"
"6492","STXBP5","Exc L4-5 RORB GABRG1",0.0196908158230168,8.44431151195599,0.342780192405208,0.558572074510568,0.999997068196745,0.999983379322086,"group_idyes"
"6493","SAMD5","Exc L4-5 RORB GABRG1",0.0652300026158131,5.44740265365412,0.559600495045465,0.454878275658183,0.999997068196745,0.999983379322086,"group_idyes"
"6494","AL033504.1","Exc L4-5 RORB GABRG1",0.096738251480518,5.06276185848509,1.27226379541774,0.260045339091114,0.999997068196745,0.999983379322086,"group_idyes"
"6495","AL513164.1","Exc L4-5 RORB GABRG1",0.12769580518882,1.15921309425706,0.763099954477081,0.382905057739246,0.999997068196745,0.999983379322086,"group_idyes"
"6496","SASH1","Exc L4-5 RORB GABRG1",0.0262010084904011,5.99118453759832,0.281068282765678,0.596307717180605,0.999997068196745,0.999983379322086,"group_idyes"
"6497","UST","Exc L4-5 RORB GABRG1",-0.22147907781404,5.68920651558536,5.14920685264783,0.023810037356087,0.999997068196745,0.999983379322086,"group_idyes"
"6498","TAB2","Exc L4-5 RORB GABRG1",0.0579068351176976,6.67880540401554,3.65445699898122,0.0566620004577556,0.999997068196745,0.999983379322086,"group_idyes"
"6499","ZC3H12D","Exc L4-5 RORB GABRG1",0.102199264778181,1.05481415635272,0.783911758504467,0.376500480493052,0.999997068196745,0.999983379322086,"group_idyes"
"6500","PPIL4","Exc L4-5 RORB GABRG1",0.0102338454054043,5.35685415818479,0.111034435480009,0.739151022027522,0.999997068196745,0.999983379322086,"group_idyes"
"6501","GINM1","Exc L4-5 RORB GABRG1",-0.00403579505419064,5.0206310125581,0.0139474880574999,0.906050466095118,0.999997068196745,0.999983379322086,"group_idyes"
"6502","AL078581.3","Exc L4-5 RORB GABRG1",0.0324699360242489,1.31657651477046,0.0528374475050365,0.818319632001848,0.999997068196745,0.999983379322086,"group_idyes"
"6503","KATNA1","Exc L4-5 RORB GABRG1",-0.0225127072920698,3.69100946703671,0.276201724220588,0.599504380221951,0.999997068196745,0.999983379322086,"group_idyes"
"6504","LATS1","Exc L4-5 RORB GABRG1",0.0204684110208923,5.96944891710238,0.340651868023469,0.559795200305752,0.999997068196745,0.999983379322086,"group_idyes"
"6505","NUP43","Exc L4-5 RORB GABRG1",-0.0120351718297911,3.40486696882326,0.0548396014913848,0.877535326900123,0.999997068196745,0.999983379322086,"group_idyes"
"6506","PCMT1","Exc L4-5 RORB GABRG1",-0.00732877552970205,6.44279387872635,0.0338403110983211,0.854143821711519,0.999997068196745,0.999983379322086,"group_idyes"
"6507","AL355312.2","Exc L4-5 RORB GABRG1",0.0753453623099488,1.90979761032961,0.721570958975381,0.39615735586303,0.999997068196745,0.999983379322086,"group_idyes"
"6508","LRP11","Exc L4-5 RORB GABRG1",-0.0365805705509155,5.2489890175253,0.775129955959049,0.379184350924334,0.999997068196745,0.999983379322086,"group_idyes"
"6509","AL355312.3","Exc L4-5 RORB GABRG1",-0.054258606547759,2.92806575828794,0.564711229502176,0.452827652264775,0.999997068196745,0.999983379322086,"group_idyes"
"6510","ULBP2","Exc L4-5 RORB GABRG1",0.00109306852114835,2.03214345141988,0.000167823837068142,0.989670661785941,0.999997068196745,0.999983379322086,"group_idyes"
"6511","PPP1R14C","Exc L4-5 RORB GABRG1",-0.0398284089644364,5.17715366436601,0.88537262029613,0.347324789530935,0.999997068196745,0.999983379322086,"group_idyes"
"6512","PLEKHG1","Exc L4-5 RORB GABRG1",-0.109805468929009,6.49215553330397,4.7876913013941,0.029264722462937,0.999997068196745,0.999983379322086,"group_idyes"
"6513","MTHFD1L","Exc L4-5 RORB GABRG1",-0.0632479407601381,6.87448883045456,1.68931600055734,0.194469367832877,0.999997068196745,0.999983379322086,"group_idyes"
"6514","AL138733.1","Exc L4-5 RORB GABRG1",-0.0595745423627985,2.37457904046493,0.264539974514994,0.607313460062114,0.999997068196745,0.999983379322086,"group_idyes"
"6515","AKAP12","Exc L4-5 RORB GABRG1",-0.0228970019334999,6.72701255122525,0.751843238211472,0.405314928524705,0.999997068196745,0.999983379322086,"group_idyes"
"6516","ZBTB2","Exc L4-5 RORB GABRG1",0.053992709327489,3.05387155794904,0.799288530194676,0.74605082953266,0.999997068196745,0.999983379322086,"group_idyes"
"6517","RMND1","Exc L4-5 RORB GABRG1",-0.0419201278867322,5.1481813088977,1.47829446634349,0.224787059485075,0.999997068196745,0.999983379322086,"group_idyes"
"6518","ARMT1","Exc L4-5 RORB GABRG1",0.0504013590621469,4.14808596267766,0.843548445498082,0.35895931555574,0.999997068196745,0.999983379322086,"group_idyes"
"6519","CCDC170","Exc L4-5 RORB GABRG1",0.00335716742712712,4.36312920863171,0.0027870740373074,0.957924441930241,0.999997068196745,0.999983379322086,"group_idyes"
"6520","ESR1","Exc L4-5 RORB GABRG1",0.0700354332609627,5.54557378224595,0.774733573878603,0.379306128731702,0.999997068196745,0.999983379322086,"group_idyes"
"6521","SYNE1","Exc L4-5 RORB GABRG1",0.0237182803718269,9.41667356911233,0.48160525868689,0.488114903399118,0.999997068196745,0.999983379322086,"group_idyes"
"6522","FBXO5","Exc L4-5 RORB GABRG1",0.162703365895633,1.46174961169735,2.71562958776208,0.101558420325618,0.999997068196745,0.999983379322086,"group_idyes"
"6523","AL080276.2","Exc L4-5 RORB GABRG1",-0.0212128086096565,2.81734696966623,0.0961677448976012,0.756645792999721,0.999997068196745,0.999983379322086,"group_idyes"
"6524","MTRF1L","Exc L4-5 RORB GABRG1",-0.0583397397843786,3.94288515361582,1.41950534844623,0.234219309214221,0.999997068196745,0.999983379322086,"group_idyes"
"6525","RGS17","Exc L4-5 RORB GABRG1",-0.00345713430452646,5.46641045264909,0.0087394670234086,0.925566837047701,0.999997068196745,0.999983379322086,"group_idyes"
"6526","AL590867.1","Exc L4-5 RORB GABRG1",-0.168793999052761,1.47716662220343,1.21639916747654,0.270757883194088,0.999997068196745,0.999983379322086,"group_idyes"
"6527","OPRM1","Exc L4-5 RORB GABRG1",0.0973074204566843,4.81344069892307,1.49048559754165,0.222888810539753,0.999997068196745,0.999983379322086,"group_idyes"
"6528","IPCEF1","Exc L4-5 RORB GABRG1",0.0274508371675889,7.65984416725471,0.583763106052031,0.445309391771718,0.999997068196745,0.999983379322086,"group_idyes"
"6529","CNKSR3","Exc L4-5 RORB GABRG1",-0.05925057380558,2.93578623136642,0.478389897025626,0.489569702694219,0.999997068196745,0.999983379322086,"group_idyes"
"6530","SCAF8","Exc L4-5 RORB GABRG1",-0.0474249292697104,6.67379371675532,2.11619336644537,0.146563769263407,0.999997068196745,0.999983379322086,"group_idyes"
"6531","TIAM2","Exc L4-5 RORB GABRG1",-0.00210634250892618,7.4987076410726,0.003421896390072,0.953383140782186,0.999997068196745,0.999983379322086,"group_idyes"
"6532","AL596202.1","Exc L4-5 RORB GABRG1",0.0676373685681431,1.47724370856233,0.501204353936527,0.47940008545951,0.999997068196745,0.999983379322086,"group_idyes"
"6533","TFB1M","Exc L4-5 RORB GABRG1",-0.0115877787933838,4.95659784277313,0.0678246328203417,0.794670178135547,0.999997068196745,0.999983379322086,"group_idyes"
"6534","CLDN20","Exc L4-5 RORB GABRG1",0.0477553653640877,0.953122302479713,0.151424672992378,0.697392877780721,0.999997068196745,0.999983379322086,"group_idyes"
"6535","AL355297.3","Exc L4-5 RORB GABRG1",-0.0817779782492542,0.856805028659952,0.415320575746463,0.692364167224837,0.999997068196745,0.999983379322086,"group_idyes"
"6536","AL355297.4","Exc L4-5 RORB GABRG1",0.0907522937355115,1.16823913203865,0.627737387130558,0.538716152025487,0.999997068196745,0.999983379322086,"group_idyes"
"6537","ARID1B","Exc L4-5 RORB GABRG1",-0.00391533193269445,9.17595732359733,0.0125216856497002,0.910960786453454,0.999997068196745,0.999983379322086,"group_idyes"
"6538","AL049820.1","Exc L4-5 RORB GABRG1",0.00794988860451476,0.352752126002556,0.00211776452056003,0.963318843296384,0.999997068196745,0.999983379322086,"group_idyes"
"6539","TMEM242","Exc L4-5 RORB GABRG1",0.00622661723687759,4.81414782571097,0.0267306244483434,0.870214536438925,0.999997068196745,0.999983379322086,"group_idyes"
"6540","ZDHHC14","Exc L4-5 RORB GABRG1",-0.0261391500708156,8.10246889437347,0.345942344971069,0.556764205122446,0.999997068196745,0.999983379322086,"group_idyes"
"6541","SNX9","Exc L4-5 RORB GABRG1",-0.0171902053437243,7.09693664773921,0.236006954954047,0.627381654458419,0.999997068196745,0.999983379322086,"group_idyes"
"6542","AL035634.1","Exc L4-5 RORB GABRG1",0.0662859927951429,0.564361378883848,0.144791017460785,0.703773797332442,0.999997068196745,0.999983379322086,"group_idyes"
"6543","SYNJ2","Exc L4-5 RORB GABRG1",-0.0901310017103044,6.17854582332175,4.6631099830262,0.031434730874299,0.999997068196745,0.999983379322086,"group_idyes"
"6544","SERAC1","Exc L4-5 RORB GABRG1",-0.0325771136226914,4.78465498785798,0.609619300510913,0.435411326049686,0.999997068196745,0.999983379322086,"group_idyes"
"6545","GTF2H5","Exc L4-5 RORB GABRG1",0.0334730534269965,4.4448504525094,0.392701589910658,0.531254396166668,0.999997068196745,0.999983379322086,"group_idyes"
"6546","TULP4","Exc L4-5 RORB GABRG1",-0.044818981077314,7.69149761428155,2.33796120053099,0.127076444936888,0.999997068196745,0.999983379322086,"group_idyes"
"6547","TMEM181","Exc L4-5 RORB GABRG1",-0.0303853038319164,6.48530227120375,1.33223143729792,0.249125094042437,0.999997068196745,0.999983379322086,"group_idyes"
"6548","DYNLT1","Exc L4-5 RORB GABRG1",-0.0387265059863153,4.32831697059294,0.382779162178355,0.536485746886558,0.999997068196745,0.999983379322086,"group_idyes"
"6549","SYTL3","Exc L4-5 RORB GABRG1",0.000670843772254725,2.28292251974505,4.34170882218973e-05,0.994746060715181,0.999997068196745,0.999983379322086,"group_idyes"
"6550","EZR","Exc L4-5 RORB GABRG1",-0.0125064426155292,0.433899443871842,0.00841257738194291,0.92696816189728,0.999997068196745,0.999983379322086,"group_idyes"
"6551","C6orf99","Exc L4-5 RORB GABRG1",-0.0637084296660556,2.3517150533531,0.382633206889913,0.536563396048221,0.999997068196745,0.999983379322086,"group_idyes"
"6552","RSPH3","Exc L4-5 RORB GABRG1",-0.0348141392287253,6.17472214306264,1.01762189595835,0.313717783717756,0.999997068196745,0.999983379322086,"group_idyes"
"6553","AL035530.2","Exc L4-5 RORB GABRG1",-0.055542530919379,5.86727683235524,1.30831853739176,0.253410497263508,0.999997068196745,0.999983379322086,"group_idyes"
"6554","TAGAP","Exc L4-5 RORB GABRG1",-0.118887221718296,1.29661702660844,0.945765047073349,0.331410642659505,0.999997068196745,0.999983379322086,"group_idyes"
"6555","AL356417.3","Exc L4-5 RORB GABRG1",0.170633141481564,0.23764751176886,1.09622520835573,0.295753333823833,0.999997068196745,0.999983379322086,"group_idyes"
"6556","FNDC1","Exc L4-5 RORB GABRG1",-0.199200228836677,-0.124100291650173,0.779573929265532,0.377822832935141,0.999997068196745,0.999983379322086,"group_idyes"
"6557","SOD2","Exc L4-5 RORB GABRG1",-0.21391655926535,1.2157145972061,4.05524086738007,0.0447301966537949,0.999997068196745,0.999983379322086,"group_idyes"
"6558","SOD2-1","Exc L4-5 RORB GABRG1",-0.0665236501361644,2.82762966560572,0.320674931182426,0.571532485254383,0.999997068196745,0.999983379322086,"group_idyes"
"6559","WTAP","Exc L4-5 RORB GABRG1",-0.0382738452721728,5.62013203734977,2.41059929987997,0.121338414025462,0.999997068196745,0.999983379322086,"group_idyes"
"6560","ACAT2","Exc L4-5 RORB GABRG1",-0.103399024583565,3.95730873491724,2.23694773626663,0.135566545166375,0.999997068196745,0.999983379322086,"group_idyes"
"6561","TCP1","Exc L4-5 RORB GABRG1",0.0528420925199324,5.15152015683312,0.613183932516442,0.434073263634861,0.999997068196745,0.999983379322086,"group_idyes"
"6562","MRPL18","Exc L4-5 RORB GABRG1",-0.0283671837265362,4.27353563605701,0.149661512090756,0.69907293036698,0.999997068196745,0.999983379322086,"group_idyes"
"6563","PNLDC1","Exc L4-5 RORB GABRG1",-0.085434926354762,1.7511650822784,0.661078950672454,0.41668215485465,0.999997068196745,0.999983379322086,"group_idyes"
"6564","MAS1","Exc L4-5 RORB GABRG1",-0.107444979668688,2.03092204039624,0.940548593459724,0.332746091013244,0.999997068196745,0.999983379322086,"group_idyes"
"6565","IGF2R","Exc L4-5 RORB GABRG1",-0.0471515367757168,5.93829379635441,1.88011725572192,0.171120075049309,0.999997068196745,0.999983379322086,"group_idyes"
"6566","AIRN","Exc L4-5 RORB GABRG1",-0.212020644386276,0.265755366064958,1.57160748636804,0.210734975965465,0.999997068196745,0.999983379322086,"group_idyes"
"6567","SLC22A1","Exc L4-5 RORB GABRG1",0.00514891040388948,2.57414340419816,0.00399203642346834,0.949653941631047,0.999997068196745,0.999983379322086,"group_idyes"
"6568","SLC22A2","Exc L4-5 RORB GABRG1",-0.088905455497768,0.650028959172842,0.349831955182702,0.554555630691386,0.999997068196745,0.999983379322086,"group_idyes"
"6569","LPA","Exc L4-5 RORB GABRG1",-0.127272738192637,1.85981172061686,1.11699567559888,0.291229456276553,0.999997068196745,0.999983379322086,"group_idyes"
"6570","AL109933.1","Exc L4-5 RORB GABRG1",0.0707960750583276,1.21876168550352,0.322318278082859,0.570548915816726,0.999997068196745,0.999983379322086,"group_idyes"
"6571","PLG","Exc L4-5 RORB GABRG1",0.197704014323254,0.547921963565578,1.54872114213755,0.214081919143974,0.999997068196745,0.999983379322086,"group_idyes"
"6572","AL391361.2","Exc L4-5 RORB GABRG1",0.0236876061325093,0.607408640360987,0.0197346198116213,0.888354302020088,0.999997068196745,0.999983379322086,"group_idyes"
"6573","AL139393.1","Exc L4-5 RORB GABRG1",-0.00246113990335018,4.61161003371173,0.0019408813881552,0.96488307186292,0.999997068196745,0.999983379322086,"group_idyes"
"6574","AL139393.2","Exc L4-5 RORB GABRG1",0.0507923033825342,1.28000401720199,0.19646222477439,0.839119844088496,0.999997068196745,0.999983379322086,"group_idyes"
"6575","MAP3K4","Exc L4-5 RORB GABRG1",-0.0130194624422584,6.32570760556401,0.152767407641141,0.696120975529858,0.999997068196745,0.999983379322086,"group_idyes"
"6576","AGPAT4","Exc L4-5 RORB GABRG1",-0.0512326880994169,6.86541821415355,1.63308422164324,0.202047491928735,0.999997068196745,0.999983379322086,"group_idyes"
"6577","PRKN","Exc L4-5 RORB GABRG1",-0.0163704547329503,8.21827928003033,0.117866935162309,0.731547110880436,0.999997068196745,0.999983379322086,"group_idyes"
"6578","PACRG","Exc L4-5 RORB GABRG1",-0.0699273399716236,7.09952188335617,1.84001947085961,0.175744123787042,0.999997068196745,0.999983379322086,"group_idyes"
"6579","PACRG-AS3","Exc L4-5 RORB GABRG1",0.02846612884837,1.39816156372856,0.0585377980154196,0.808951027552237,0.999997068196745,0.999983379322086,"group_idyes"
"6580","CAHM","Exc L4-5 RORB GABRG1",0.0164360536759173,0.151627781459671,0.0117058191020926,0.913898655712792,0.999997068196745,0.999983379322086,"group_idyes"
"6581","QKI","Exc L4-5 RORB GABRG1",-0.0416082804948544,4.60404904120084,0.173790599833244,0.67699722458124,0.999997068196745,0.999983379322086,"group_idyes"
"6582","PDE10A","Exc L4-5 RORB GABRG1",-0.0885663421688974,9.0017789059643,1.58516065288075,0.208782275948207,0.999997068196745,0.999983379322086,"group_idyes"
"6583","AL590302.2","Exc L4-5 RORB GABRG1",-0.0610182055462115,1.08200243063826,0.118619741372304,0.730724519209494,0.999997068196745,0.999983379322086,"group_idyes"
"6584","LINC00473","Exc L4-5 RORB GABRG1",-0.273376491971361,2.05769732783128,2.42981957081374,0.119868786188568,0.999997068196745,0.999983379322086,"group_idyes"
"6585","SFT2D1","Exc L4-5 RORB GABRG1",0.00056193481358874,4.52933690190112,0.000180679289960797,0.98928236582329,0.999997068196745,0.999983379322086,"group_idyes"
"6586","MPC1","Exc L4-5 RORB GABRG1",0.00022574903337423,5.60000459496749,4.98887131196693e-05,0.994368094178534,0.999997068196745,0.999983379322086,"group_idyes"
"6587","AL022069.1","Exc L4-5 RORB GABRG1",-0.0437188142894304,1.99507185519329,0.212635847302693,0.644969826215783,0.999997068196745,0.999983379322086,"group_idyes"
"6588","RPS6KA2","Exc L4-5 RORB GABRG1",-0.00688630801300954,8.57715561015984,0.0179145504580198,0.893594931438063,0.999997068196745,0.999983379322086,"group_idyes"
"6589","AL159163.1","Exc L4-5 RORB GABRG1",-0.00124409325660927,3.59583094021607,0.000405681559373433,0.983940905740457,0.999997068196745,0.999983379322086,"group_idyes"
"6590","Z94721.1","Exc L4-5 RORB GABRG1",-0.0594763229386855,4.89212685699287,0.996447958829537,0.31879893904341,0.999997068196745,0.999983379322086,"group_idyes"
"6591","FGFR1OP","Exc L4-5 RORB GABRG1",-0.000630943151615347,6.2419401520603,0.000437415829800304,0.9833247114064,0.999997068196745,0.999983379322086,"group_idyes"
"6592","CCR6","Exc L4-5 RORB GABRG1",-0.0738783987685402,1.00255965260188,0.271161972117574,0.602852932234081,0.999997068196745,0.999983379322086,"group_idyes"
"6593","AFDN","Exc L4-5 RORB GABRG1",-0.0241548320489655,6.57983120470241,0.513110979330233,0.474229802819383,0.999997068196745,0.999983379322086,"group_idyes"
"6594","KIF25-AS1","Exc L4-5 RORB GABRG1",0.0367146036449733,0.238468381181341,0.0329411598439958,0.856073071441135,0.999997068196745,0.999983379322086,"group_idyes"
"6595","KIF25","Exc L4-5 RORB GABRG1",-0.0810650553742825,3.04371313779331,0.167631994470514,0.682452809996405,0.999997068196745,0.999983379322086,"group_idyes"
"6596","BX322234.1","Exc L4-5 RORB GABRG1",0.0212039142697127,2.42036178461575,0.0608397169063321,0.80530517842551,0.999997068196745,0.999983379322086,"group_idyes"
"6597","LINC02519","Exc L4-5 RORB GABRG1",0.0650964686307375,1.58215394771186,0.264833343338413,0.607114360523679,0.999997068196745,0.999983379322086,"group_idyes"
"6598","WDR27","Exc L4-5 RORB GABRG1",-0.0652417226518359,6.02878216574371,1.9413555905208,0.164325857232149,0.999997068196745,0.999983379322086,"group_idyes"
"6599","C6orf120","Exc L4-5 RORB GABRG1",0.0987805817176407,3.05088639190408,1.50793134132415,0.220205749666123,0.999997068196745,0.999983379322086,"group_idyes"
"6600","PHF10","Exc L4-5 RORB GABRG1",-0.019925004466122,4.35158968342172,0.197656466365215,0.656869157731829,0.999997068196745,0.999983379322086,"group_idyes"
"6601","AL354892.1","Exc L4-5 RORB GABRG1",-0.00998150862902215,1.57428931600775,0.011220370060143,0.915696075372863,0.999997068196745,0.999983379322086,"group_idyes"
"6602","TCTE3","Exc L4-5 RORB GABRG1",-0.052317572555589,2.3601498484147,0.395448088268097,0.529822643706079,0.999997068196745,0.999983379322086,"group_idyes"
"6603","ERMARD","Exc L4-5 RORB GABRG1",-0.0135222280087468,3.73898365670682,0.0497453238045851,0.823625391850985,0.999997068196745,0.999983379322086,"group_idyes"
"6604","LINC00574","Exc L4-5 RORB GABRG1",-0.104190988397991,2.30069696417604,2.2200784300704,0.13704547369281,0.999997068196745,0.999983379322086,"group_idyes"
"6605","LINC01624","Exc L4-5 RORB GABRG1",-0.159026931577198,0.661474271222476,1.17004919593579,0.280068662502188,0.999997068196745,0.999983379322086,"group_idyes"
"6606","DLL1","Exc L4-5 RORB GABRG1",-0.0565172278442134,3.43346377421013,0.992935968372613,0.319652158295192,0.999997068196745,0.999983379322086,"group_idyes"
"6607","FAM120B","Exc L4-5 RORB GABRG1",-0.00224880617966401,7.08619310679169,0.00353730386659473,0.952604468791111,0.999997068196745,0.999983379322086,"group_idyes"
"6608","PSMB1","Exc L4-5 RORB GABRG1",0.00925659205933454,4.999097323003,0.0406764009204201,0.84027043372549,0.999997068196745,0.999983379322086,"group_idyes"
"6609","TBP","Exc L4-5 RORB GABRG1",0.0173852577647873,3.99152791528046,0.152133531172669,0.696720607382515,0.999997068196745,0.999983379322086,"group_idyes"
"6610","PDCD2","Exc L4-5 RORB GABRG1",0.00324305665736593,3.73593251143596,0.00324621410435083,0.954594244541899,0.999997068196745,0.999983379322086,"group_idyes"
"6611","AC093627.4","Exc L4-5 RORB GABRG1",0.0115992789933149,0.357257946607242,0.00657738259173359,0.935403751925182,0.999997068196745,0.999983379322086,"group_idyes"
"6612","AC093627.3","Exc L4-5 RORB GABRG1",-0.0883723790964135,0.97435741377142,0.506581664629917,0.477053726709784,0.999997068196745,0.999983379322086,"group_idyes"
"6613","FAM20C","Exc L4-5 RORB GABRG1",-0.0212678870956138,3.93996603409845,0.182955718542432,0.669084668939323,0.999997068196745,0.999983379322086,"group_idyes"
"6614","PDGFA","Exc L4-5 RORB GABRG1",-0.0226365548489235,3.61268720452524,0.139236546527748,0.709246676178749,0.999997068196745,0.999983379322086,"group_idyes"
"6615","AC147651.1","Exc L4-5 RORB GABRG1",-0.228547516996433,1.12564198267849,3.11823859956696,0.0782135182520783,0.999997068196745,0.999983379322086,"group_idyes"
"6616","PRKAR1B","Exc L4-5 RORB GABRG1",0.000831650751253539,7.81315489550818,0.000602666474724137,0.980427214529833,0.999997068196745,0.999983379322086,"group_idyes"
"6617","DNAAF5","Exc L4-5 RORB GABRG1",-0.0636564383224927,4.67180625889175,1.51454233478724,0.219199143311218,0.999997068196745,0.999983379322086,"group_idyes"
"6618","SUN1","Exc L4-5 RORB GABRG1",-0.0202808906547154,6.90097938916806,0.430587997044324,0.512092820350097,0.999997068196745,0.999983379322086,"group_idyes"
"6619","AC073957.3","Exc L4-5 RORB GABRG1",0.143329080024091,0.820331380465243,1.22181857960571,0.269694805940196,0.999997068196745,0.999983379322086,"group_idyes"
"6620","ADAP1","Exc L4-5 RORB GABRG1",0.0707244363939056,4.64308988554908,1.63772197342928,0.201409475943464,0.999997068196745,0.999983379322086,"group_idyes"
"6621","COX19","Exc L4-5 RORB GABRG1",0.0303510330111687,5.20168744242214,0.308648511970613,0.578833603260546,0.999997068196745,0.999983379322086,"group_idyes"
"6622","C7orf50","Exc L4-5 RORB GABRG1",-0.0171276532503249,5.95269190919836,0.272937866583208,0.601668489956297,0.999997068196745,0.999983379322086,"group_idyes"
"6623","AC073957.1","Exc L4-5 RORB GABRG1",0.174099646939032,1.51202107284186,2.40026490878275,0.122136881188388,0.999997068196745,0.999983379322086,"group_idyes"
"6624","GPR146","Exc L4-5 RORB GABRG1",0.0228597526550824,1.28078817755772,0.0499865974619277,0.823205265132849,0.999997068196745,0.999983379322086,"group_idyes"
"6625","GPER1","Exc L4-5 RORB GABRG1",-0.072609878882565,0.62036264266368,0.165369009616832,0.684486867760407,0.999997068196745,0.999983379322086,"group_idyes"
"6626","ZFAND2A","Exc L4-5 RORB GABRG1",0.0386568130101905,3.24285200663029,0.238422792178553,0.625625762873742,0.999997068196745,0.999983379322086,"group_idyes"
"6627","AC091729.3","Exc L4-5 RORB GABRG1",0.0208433516757634,1.22618409795947,0.0351448109794067,0.99550028923474,0.999997068196745,0.999983379322086,"group_idyes"
"6628","MICALL2","Exc L4-5 RORB GABRG1",-0.010379325059678,3.88185373712977,0.0320839966280381,0.857937721126437,0.999997068196745,0.999983379322086,"group_idyes"
"6629","AC102953.2","Exc L4-5 RORB GABRG1",-0.112322070832807,2.42872127352959,2.47930884703683,0.116174865553301,0.999997068196745,0.999983379322086,"group_idyes"
"6630","INTS1","Exc L4-5 RORB GABRG1",-0.000364802295474106,5.22302418293896,7.42773915038539e-05,0.993128037435207,0.999997068196745,0.999983379322086,"group_idyes"
"6631","MAFK","Exc L4-5 RORB GABRG1",-0.11324567812135,4.05399640072162,3.00398336129874,0.0838613040360565,0.999997068196745,0.999983379322086,"group_idyes"
"6632","TMEM184A","Exc L4-5 RORB GABRG1",0.0123897737548604,-0.0157971547816004,0.00598514721395993,0.938374408282911,0.999997068196745,0.999983379322086,"group_idyes"
"6633","PSMG3","Exc L4-5 RORB GABRG1",-0.0837328773009727,3.6022258415082,1.08549209230615,0.298126431689687,0.999997068196745,0.999983379322086,"group_idyes"
"6634","PSMG3-AS1","Exc L4-5 RORB GABRG1",0.0335593618819576,3.15754094517596,0.145895995291402,0.70269944316687,0.999997068196745,0.999983379322086,"group_idyes"
"6635","ELFN1","Exc L4-5 RORB GABRG1",0.106691915035915,-0.0528033703615266,0.280334973245587,0.596787122771082,0.999997068196745,0.999983379322086,"group_idyes"
"6636","MAD1L1","Exc L4-5 RORB GABRG1",-0.0124753008032369,5.5809585057636,0.0933359728636266,0.760143465638105,0.999997068196745,0.999983379322086,"group_idyes"
"6637","MRM2","Exc L4-5 RORB GABRG1",-0.0449706784684028,3.09803478889668,0.468379424210896,0.494145700380434,0.999997068196745,0.999983379322086,"group_idyes"
"6638","NUDT1","Exc L4-5 RORB GABRG1",-0.303391858562634,0.480875834279446,2.9266225375411,0.0879356972225264,0.999997068196745,0.999983379322086,"group_idyes"
"6639","SNX8","Exc L4-5 RORB GABRG1",0.04279932809834,4.5042877372012,0.382290553814267,0.536745770239498,0.999997068196745,0.999983379322086,"group_idyes"
"6640","EIF3B","Exc L4-5 RORB GABRG1",0.0399849442065759,5.24561774839623,1.52001688334522,0.941064869287871,0.999997068196745,0.999983379322086,"group_idyes"
"6641","CHST12","Exc L4-5 RORB GABRG1",-0.0160543295735008,4.81646996159815,0.168131042937446,0.682006406608513,0.999997068196745,0.999983379322086,"group_idyes"
"6642","BRAT1","Exc L4-5 RORB GABRG1",-0.0365089659523865,4.39768504864337,0.913157913558632,0.41233584722664,0.999997068196745,0.999983379322086,"group_idyes"
"6643","IQCE","Exc L4-5 RORB GABRG1",-0.0357104632550172,5.36023568187487,1.3231041131831,0.250750182687814,0.999997068196745,0.999983379322086,"group_idyes"
"6644","TTYH3","Exc L4-5 RORB GABRG1",-0.0452476694730817,5.36162522362692,0.618833148298348,0.431965512057442,0.999997068196745,0.999983379322086,"group_idyes"
"6645","AMZ1","Exc L4-5 RORB GABRG1",-0.21716839507635,3.05710191046106,4.96097002033272,0.0265035766612073,0.999997068196745,0.999983379322086,"group_idyes"
"6646","GNA12","Exc L4-5 RORB GABRG1",-0.0489020735993694,5.45642700133516,1.59383700515224,0.207543489149497,0.999997068196745,0.999983379322086,"group_idyes"
"6647","CARD11","Exc L4-5 RORB GABRG1",0.0658105759207347,1.21254515196274,0.216897467292682,0.641677664317319,0.999997068196745,0.999983379322086,"group_idyes"
"6648","SDK1","Exc L4-5 RORB GABRG1",-0.113532015304252,5.1800871806263,1.3574519394827,0.244701443941545,0.999997068196745,0.999983379322086,"group_idyes"
"6649","FOXK1","Exc L4-5 RORB GABRG1",-0.0512218320199925,6.23451666127692,3.34333081242944,0.0682519785791056,0.999997068196745,0.999983379322086,"group_idyes"
"6650","AP5Z1","Exc L4-5 RORB GABRG1",-0.0973121438683135,4.19497416938175,4.8434451073157,0.0283449046261442,0.999997068196745,0.999983379322086,"group_idyes"
"6651","RADIL","Exc L4-5 RORB GABRG1",-0.0449474423060801,3.66821254923346,0.643220419330095,0.423042133007012,0.999997068196745,0.999983379322086,"group_idyes"
"6652","MMD2","Exc L4-5 RORB GABRG1",-0.145101671100086,1.19935625641297,1.1766327106123,0.27872183105004,0.999997068196745,0.999983379322086,"group_idyes"
"6653","RBAK-RBAKDN","Exc L4-5 RORB GABRG1",-0.00993802016776917,5.83016112740546,0.0746673248383153,0.7848051914369,0.999997068196745,0.999983379322086,"group_idyes"
"6654","WIPI2","Exc L4-5 RORB GABRG1",0.0112443249538254,5.5642630745616,0.0867303346134716,0.768534589432785,0.999997068196745,0.999983379322086,"group_idyes"
"6655","SLC29A4","Exc L4-5 RORB GABRG1",-0.0824436983309801,0.954273431059581,0.393807674936958,0.53067695572417,0.999997068196745,0.999983379322086,"group_idyes"
"6656","TNRC18","Exc L4-5 RORB GABRG1",-0.00350080759554598,6.9059794507383,0.0052068489468177,0.942513269141595,0.999997068196745,0.999983379322086,"group_idyes"
"6657","AC092171.4","Exc L4-5 RORB GABRG1",0.00811494645074603,2.1154349647844,0.00887566805244084,0.92880972406439,0.999997068196745,0.999983379322086,"group_idyes"
"6658","AC092171.3","Exc L4-5 RORB GABRG1",-0.111023850027095,1.02226603985899,0.700343461024573,0.403187819922648,0.999997068196745,0.999983379322086,"group_idyes"
"6659","AC092171.5","Exc L4-5 RORB GABRG1",-0.121540520543956,1.01807562432314,0.910929104588012,0.340467304968636,0.999997068196745,0.999983379322086,"group_idyes"
"6660","FBXL18","Exc L4-5 RORB GABRG1",-0.027856693541206,4.96592839334135,0.396469691647342,0.52929185128578,0.999997068196745,0.999983379322086,"group_idyes"
"6661","ACTB","Exc L4-5 RORB GABRG1",0.0144792766711783,8.36490808545492,0.0323157618405755,0.857431034188041,0.999997068196745,0.999983379322086,"group_idyes"
"6662","FSCN1","Exc L4-5 RORB GABRG1",0.0466004981696835,5.27967733237892,0.774225944458357,0.379462165098796,0.999997068196745,0.999983379322086,"group_idyes"
"6663","RNF216","Exc L4-5 RORB GABRG1",0.0163272561538435,6.946860786443,0.20342609129302,0.652223602351839,0.999997068196745,0.999983379322086,"group_idyes"
"6664","OCM","Exc L4-5 RORB GABRG1",-0.0380444440081371,2.01800217252273,0.157505243678203,0.691683897878079,0.999997068196745,0.999983379322086,"group_idyes"
"6665","CCZ1","Exc L4-5 RORB GABRG1",-0.043594880563445,4.63472650771753,0.936491947541771,0.333789598648666,0.999997068196745,0.999983379322086,"group_idyes"
"6666","PMS2","Exc L4-5 RORB GABRG1",-0.0378082397311338,4.52268425308742,0.897256151794899,0.344113072223196,0.999997068196745,0.999983379322086,"group_idyes"
"6667","AIMP2","Exc L4-5 RORB GABRG1",-0.0702710180649985,3.07543237242292,1.0615526223217,0.30350861103284,0.999997068196745,0.999983379322086,"group_idyes"
"6668","EIF2AK1","Exc L4-5 RORB GABRG1",0.0166560014277976,5.24805989482572,0.220344655052183,0.639043348231946,0.999997068196745,0.999983379322086,"group_idyes"
"6669","USP42","Exc L4-5 RORB GABRG1",-0.0412688684938867,5.45835789650052,1.82391662580353,0.177641619502942,0.999997068196745,0.999983379322086,"group_idyes"
"6670","CYTH3","Exc L4-5 RORB GABRG1",-0.0757221513939389,6.30243186968974,5.14526103184299,0.0238634686389945,0.999997068196745,0.999983379322086,"group_idyes"
"6671","FAM220A","Exc L4-5 RORB GABRG1",-0.0166453463797137,3.54768023309779,0.104879022402423,0.746227343463995,0.999997068196745,0.999983379322086,"group_idyes"
"6672","RAC1","Exc L4-5 RORB GABRG1",0.0531163695262956,6.98490196886265,0.841024607550844,0.359678407560411,0.999997068196745,0.999983379322086,"group_idyes"
"6673","DAGLB","Exc L4-5 RORB GABRG1",0.0232683287443465,5.03641498476146,0.353219872223593,0.581192136760135,0.999997068196745,0.999983379322086,"group_idyes"
"6674","GRID2IP","Exc L4-5 RORB GABRG1",0.00121124524165356,2.7822109723106,0.000106965774077999,0.991753445942868,0.999997068196745,0.999983379322086,"group_idyes"
"6675","ZDHHC4","Exc L4-5 RORB GABRG1",-0.016375267802947,2.6237045204553,0.0353698120493147,0.850922001133527,0.999997068196745,0.999983379322086,"group_idyes"
"6676","C7orf26","Exc L4-5 RORB GABRG1",0.0432301956770885,3.83349287884216,0.875866707585822,0.349923323087733,0.999997068196745,0.999983379322086,"group_idyes"
"6677","ZNF853","Exc L4-5 RORB GABRG1",0.067436585665098,2.02344322470103,0.488565502932507,0.484990227737304,0.999997068196745,0.999983379322086,"group_idyes"
"6678","ZNF316","Exc L4-5 RORB GABRG1",-0.0704177417387156,3.72781597917751,1.75161597808179,0.186459635994791,0.999997068196745,0.999983379322086,"group_idyes"
"6679","AC073343.2","Exc L4-5 RORB GABRG1",-0.0349854582918985,3.28563802291494,0.180149284098329,0.6714822237309,0.999997068196745,0.999983379322086,"group_idyes"
"6680","ZNF12","Exc L4-5 RORB GABRG1",0.0444252802721927,4.56809568332655,0.766609526606907,0.381814269250761,0.999997068196745,0.999983379322086,"group_idyes"
"6681","RSPH10B2","Exc L4-5 RORB GABRG1",-0.0240278561538345,0.382082221574441,0.0250231447466056,0.874392398083327,0.999997068196745,0.999983379322086,"group_idyes"
"6682","CCZ1B","Exc L4-5 RORB GABRG1",0.00687837333365934,4.77462726540958,0.0154102554871958,0.901270802498598,0.999997068196745,0.999983379322086,"group_idyes"
"6683","C1GALT1","Exc L4-5 RORB GABRG1",-0.0010794499824954,4.96117806429194,0.000852949462995337,0.97671599906197,0.999997068196745,0.999983379322086,"group_idyes"
"6684","COL28A1","Exc L4-5 RORB GABRG1",0.0262969599112056,4.48675499726085,0.15633619310673,0.692771488230762,0.999997068196745,0.999983379322086,"group_idyes"
"6685","AC004982.1","Exc L4-5 RORB GABRG1",-0.13021855386743,1.13528705420533,1.40271721275678,0.237000311563482,0.999997068196745,0.999983379322086,"group_idyes"
"6686","AC004982.2","Exc L4-5 RORB GABRG1",0.00671570068073571,2.27686989497927,0.00707658372261872,0.966725444386709,0.999997068196745,0.999983379322086,"group_idyes"
"6687","MIOS","Exc L4-5 RORB GABRG1",0.0436672441712825,4.87453551849175,1.12890566561098,0.329167872732334,0.999997068196745,0.999983379322086,"group_idyes"
"6688","AC004948.1","Exc L4-5 RORB GABRG1",-0.120852460699203,0.588974534503352,0.650669331945044,0.420371828581894,0.999997068196745,0.999983379322086,"group_idyes"
"6689","RPA3","Exc L4-5 RORB GABRG1",-0.0368537688645548,2.76810230359713,0.130808664178602,0.717793607878959,0.999997068196745,0.999983379322086,"group_idyes"
"6690","UMAD1","Exc L4-5 RORB GABRG1",-0.0125736309107026,7.55873374109957,0.109191143111366,0.741246764387654,0.999997068196745,0.999983379322086,"group_idyes"
"6691","AC006042.2","Exc L4-5 RORB GABRG1",-0.099571475300315,1.02362367864878,0.57742149360097,0.447790169864406,0.999997068196745,0.999983379322086,"group_idyes"
"6692","GLCCI1","Exc L4-5 RORB GABRG1",-0.0122279558040654,8.07216016563686,0.123037939690966,0.725954657966654,0.999997068196745,0.999983379322086,"group_idyes"
"6693","ICA1","Exc L4-5 RORB GABRG1",-0.0794862361714217,7.3100059472022,2.10530102997634,0.147604297608033,0.999997068196745,0.999983379322086,"group_idyes"
"6694","AC007128.1","Exc L4-5 RORB GABRG1",0.00299122808689165,2.41917811831179,0.00133912609107615,0.970827649891093,0.999997068196745,0.999983379322086,"group_idyes"
"6695","NXPH1","Exc L4-5 RORB GABRG1",-0.112064272766542,2.16083112061165,0.554053765303461,0.457120435363699,0.999997068196745,0.999983379322086,"group_idyes"
"6696","AC004852.2","Exc L4-5 RORB GABRG1",-0.137602639726946,0.224485906463539,0.473912329149224,0.4916076819291,0.999997068196745,0.999983379322086,"group_idyes"
"6697","AC004949.1","Exc L4-5 RORB GABRG1",-0.29025973531025,2.70349649310487,2.47510521746484,0.116483669860338,0.999997068196745,0.999983379322086,"group_idyes"
"6698","NDUFA4","Exc L4-5 RORB GABRG1",-0.101289682739789,6.68202953229347,0.600439270406007,0.438886448177532,0.999997068196745,0.999983379322086,"group_idyes"
"6699","PHF14","Exc L4-5 RORB GABRG1",0.00622481760415177,8.07348650516428,0.0514245181857974,0.82072323043134,0.999997068196745,0.999983379322086,"group_idyes"
"6700","THSD7A","Exc L4-5 RORB GABRG1",0.0219901392513066,5.63521854525428,0.0170910742389546,0.896054987045014,0.999997068196745,0.999983379322086,"group_idyes"
"6701","TMEM106B","Exc L4-5 RORB GABRG1",0.0438487879058761,6.44805178958288,1.60106166548257,0.206518618059387,0.999997068196745,0.999983379322086,"group_idyes"
"6702","VWDE","Exc L4-5 RORB GABRG1",-0.0996011866073816,3.63151120116556,1.2874412591379,0.257226467436095,0.999997068196745,0.999983379322086,"group_idyes"
"6703","AC013470.2","Exc L4-5 RORB GABRG1",-0.0293288660098513,1.81644073214327,0.0834517184111859,0.772828714048378,0.999997068196745,0.999983379322086,"group_idyes"
"6704","ARL4A","Exc L4-5 RORB GABRG1",0.163286341866505,3.49489479511926,3.52858850581221,0.0610751000541768,0.999997068196745,0.999983379322086,"group_idyes"
"6705","AC011287.1","Exc L4-5 RORB GABRG1",-0.03173565399229,6.78711431505356,0.0923855773099784,0.761330335717771,0.999997068196745,0.999983379322086,"group_idyes"
"6706","ETV1","Exc L4-5 RORB GABRG1",-0.215338390302882,1.85601900265557,1.86798035844627,0.172504709879484,0.999997068196745,0.999983379322086,"group_idyes"
"6707","DGKB","Exc L4-5 RORB GABRG1",0.081001203954607,6.66834899602089,1.04385998188068,0.307567446003844,0.999997068196745,0.999983379322086,"group_idyes"
"6708","AGMO","Exc L4-5 RORB GABRG1",0.0628323762149534,0.960574082923856,0.206830292616042,0.649519719798315,0.999997068196745,0.999983379322086,"group_idyes"
"6709","MEOX2","Exc L4-5 RORB GABRG1",0.0260697393347966,3.18884067504111,0.0839843745266139,0.772124926786569,0.999997068196745,0.999983379322086,"group_idyes"
"6710","ISPD","Exc L4-5 RORB GABRG1",0.0135034000786459,7.46405998482227,0.100167384418249,0.751800508452631,0.999997068196745,0.999983379322086,"group_idyes"
"6711","ISPD-AS1","Exc L4-5 RORB GABRG1",-0.0330092625223707,1.12343974969236,0.0608111868456517,0.805349913330679,0.999997068196745,0.999983379322086,"group_idyes"
"6712","SOSTDC1","Exc L4-5 RORB GABRG1",-0.0150681347303425,1.69482906282463,0.0200156604287516,0.887567405434493,0.999997068196745,0.999983379322086,"group_idyes"
"6713","AC005014.2","Exc L4-5 RORB GABRG1",0.084417098855404,1.68162331274249,0.806493042820516,0.370134444132361,0.999997068196745,0.999983379322086,"group_idyes"
"6714","ANKMY2","Exc L4-5 RORB GABRG1",0.0435500935556651,6.13309536614377,1.32949278161049,0.249611338541457,0.999997068196745,0.999983379322086,"group_idyes"
"6715","BZW2","Exc L4-5 RORB GABRG1",-0.00744024637744781,6.20294523155323,0.0599204805525233,0.806752173311904,0.999997068196745,0.999983379322086,"group_idyes"
"6716","AC073333.1","Exc L4-5 RORB GABRG1",0.0375244191668,1.80618183324917,0.0620510984262182,0.803415911716248,0.999997068196745,0.999983379322086,"group_idyes"
"6717","TSPAN13","Exc L4-5 RORB GABRG1",-0.00313425253752262,6.64661400666421,0.00396522170748087,0.949823090369246,0.999997068196745,0.999983379322086,"group_idyes"
"6718","AHR","Exc L4-5 RORB GABRG1",0.0202131325464673,3.36114001522227,0.0540363303583398,0.816306565694192,0.999997068196745,0.999983379322086,"group_idyes"
"6719","AC073332.1","Exc L4-5 RORB GABRG1",-0.0463939381090463,6.65374185440665,0.689345537244518,0.406901983045579,0.999997068196745,0.999983379322086,"group_idyes"
"6720","AC019117.3","Exc L4-5 RORB GABRG1",-0.00779564089611215,2.73822430255402,0.00793859396843953,0.929049763171446,0.999997068196745,0.999983379322086,"group_idyes"
"6721","SNX13","Exc L4-5 RORB GABRG1",-0.013648277910247,6.66774357180302,0.170909760774266,0.679534870408566,0.999997068196745,0.999983379322086,"group_idyes"
"6722","HDAC9","Exc L4-5 RORB GABRG1",-0.0215996834160115,7.64388885766771,0.21246977123501,0.645098930023031,0.999997068196745,0.999983379322086,"group_idyes"
"6723","TWIST1","Exc L4-5 RORB GABRG1",-0.16469403322154,0.238981427986584,0.649902933374735,0.420645402675348,0.999997068196745,0.999983379322086,"group_idyes"
"6724","AC007091.1","Exc L4-5 RORB GABRG1",-0.0299099923111478,1.66863935033556,0.0302760780171105,0.861956804769176,0.999997068196745,0.999983379322086,"group_idyes"
"6725","TWISTNB","Exc L4-5 RORB GABRG1",0.0515523239204517,3.80733440905718,0.509900452690965,0.475614940232083,0.999997068196745,0.999983379322086,"group_idyes"
"6726","TMEM196","Exc L4-5 RORB GABRG1",0.136198191081886,3.82970846473709,1.25057506635334,0.264140445939237,0.999997068196745,0.999983379322086,"group_idyes"
"6727","MACC1","Exc L4-5 RORB GABRG1",-0.0796385885563684,1.4921134011439,0.677573164155981,0.410933578685309,0.999997068196745,0.999983379322086,"group_idyes"
"6728","ITGB8","Exc L4-5 RORB GABRG1",0.105487846446277,2.92013862313013,0.964039255235847,0.326788313329362,0.999997068196745,0.999983379322086,"group_idyes"
"6729","ABCB5","Exc L4-5 RORB GABRG1",0.0586140281472077,0.692830198494508,0.165481549547721,0.684385330299475,0.999997068196745,0.999983379322086,"group_idyes"
"6730","LINC01162","Exc L4-5 RORB GABRG1",0.170159040780707,0.402970066239537,1.3847403782549,0.292002714548234,0.999997068196745,0.999983379322086,"group_idyes"
"6731","SP4","Exc L4-5 RORB GABRG1",-0.0195395491530271,5.13128407587678,0.284081470154889,0.674293848770058,0.999997068196745,0.999983379322086,"group_idyes"
"6732","DNAH11","Exc L4-5 RORB GABRG1",-0.100247405767696,1.34861652765426,0.707524684745057,0.400789274146764,0.999997068196745,0.999983379322086,"group_idyes"
"6733","RAPGEF5","Exc L4-5 RORB GABRG1",0.00371791412765746,8.73753637484718,0.0101205269391317,0.919919741509295,0.999997068196745,0.999983379322086,"group_idyes"
"6734","STEAP1B","Exc L4-5 RORB GABRG1",0.0413786448850923,4.19232102480147,0.42303670494622,0.515813873198816,0.999997068196745,0.999983379322086,"group_idyes"
"6735","TOMM7","Exc L4-5 RORB GABRG1",-0.101160317935293,4.62101853149036,0.795649891698199,0.372954710542168,0.999997068196745,0.999983379322086,"group_idyes"
"6736","FAM126A","Exc L4-5 RORB GABRG1",-0.0612511568611619,1.6812406853518,0.283441349353508,0.594761784299936,0.999997068196745,0.999983379322086,"group_idyes"
"6737","KLHL7","Exc L4-5 RORB GABRG1",0.0355754337066915,6.8184563120548,1.71710252386578,0.190848195996994,0.999997068196745,0.999983379322086,"group_idyes"
"6738","NUPL2","Exc L4-5 RORB GABRG1",0.0167462853583001,5.21727986125877,0.174449873829128,0.676419966570267,0.999997068196745,0.999983379322086,"group_idyes"
"6739","GPNMB","Exc L4-5 RORB GABRG1",0.0438262299604869,0.4279881974274,0.0664614027590602,0.796698261934585,0.999997068196745,0.999983379322086,"group_idyes"
"6740","MALSU1","Exc L4-5 RORB GABRG1",-0.0709588134258882,4.73264653163054,3.01248692540559,0.0834260999589656,0.999997068196745,0.999983379322086,"group_idyes"
"6741","IGF2BP3","Exc L4-5 RORB GABRG1",0.0273805779474385,1.52682364740007,0.0767642626072902,0.781880038831107,0.999997068196745,0.999983379322086,"group_idyes"
"6742","TRA2A","Exc L4-5 RORB GABRG1",0.00370531077699028,7.3355623697629,0.0119417609285409,0.913038680862333,0.999997068196745,0.999983379322086,"group_idyes"
"6743","CCDC126","Exc L4-5 RORB GABRG1",0.00762550476351261,4.2886294238939,0.0331095007413411,0.855709822313041,0.999997068196745,0.999983379322086,"group_idyes"
"6744","FAM221A","Exc L4-5 RORB GABRG1",0.0088623567840421,3.78366081721378,0.0428695621942798,0.900297922582433,0.999997068196745,0.999983379322086,"group_idyes"
"6745","STK31","Exc L4-5 RORB GABRG1",0.00893332651621151,2.25470853233839,0.00863560559470036,0.926009165044358,0.999997068196745,0.999983379322086,"group_idyes"
"6746","AC004485.1","Exc L4-5 RORB GABRG1",0.0434511513801304,0.0690817196387162,0.0606737486423201,0.805565571485003,0.999997068196745,0.999983379322086,"group_idyes"
"6747","NPY","Exc L4-5 RORB GABRG1",2.09392047331642,1.24025901967526,84.9914630586856,2.01605150801296e-18,3.63897297196339e-14,1.49695856572978e-13,"group_idyes"
"6748","MPP6","Exc L4-5 RORB GABRG1",0.037721143834178,6.11503321032727,0.522602042139082,0.470173064998972,0.999997068196745,0.999983379322086,"group_idyes"
"6749","GSDME","Exc L4-5 RORB GABRG1",-0.0423699753290656,3.52277369314575,0.480135159521724,0.488779158734792,0.999997068196745,0.999983379322086,"group_idyes"
"6750","OSBPL3","Exc L4-5 RORB GABRG1",-0.0355870439214795,6.27255454458711,0.427859467084388,0.513431943566012,0.999997068196745,0.999983379322086,"group_idyes"
"6751","CYCS","Exc L4-5 RORB GABRG1",0.0012734240434399,5.57753591965012,0.000168645987954358,0.98964539296248,0.999997068196745,0.999983379322086,"group_idyes"
"6752","C7orf31","Exc L4-5 RORB GABRG1",0.0272439596597671,0.55019170987256,0.031059188494789,0.860201132857497,0.999997068196745,0.999983379322086,"group_idyes"
"6753","AC005165.1","Exc L4-5 RORB GABRG1",0.0808099737683254,2.2997227693173,0.339232324545936,0.560613849242882,0.999997068196745,0.999983379322086,"group_idyes"
"6754","NFE2L3","Exc L4-5 RORB GABRG1",-0.0708785965832835,1.72128407852465,0.179958035348764,0.671646409265765,0.999997068196745,0.999983379322086,"group_idyes"
"6755","HNRNPA2B1","Exc L4-5 RORB GABRG1",0.0245406586735596,7.20774274456964,0.482439676815201,0.487738544855101,0.999997068196745,0.999983379322086,"group_idyes"
"6756","CBX3","Exc L4-5 RORB GABRG1",0.0326336664830302,5.48614092407998,0.547184569496108,0.459921484222297,0.999997068196745,0.999983379322086,"group_idyes"
"6757","SNX10","Exc L4-5 RORB GABRG1",-0.0124137425020134,6.65672924430863,0.206140378569592,0.650065523161224,0.999997068196745,0.999983379322086,"group_idyes"
"6758","AC004540.1","Exc L4-5 RORB GABRG1",-0.0304427130133287,4.83349901979217,0.145170577241568,0.703404228922184,0.999997068196745,0.999983379322086,"group_idyes"
"6759","SKAP2","Exc L4-5 RORB GABRG1",0.00128571697279711,5.45197861342922,0.000443622105669394,0.983206846798419,0.999997068196745,0.999983379322086,"group_idyes"
"6760","AC004009.1","Exc L4-5 RORB GABRG1",-0.187105100311026,0.0542885191507921,0.985924508217181,0.321364581540019,0.999997068196745,0.999983379322086,"group_idyes"
"6761","HIBADH","Exc L4-5 RORB GABRG1",0.0149102829150977,5.92616666696512,0.137021763721122,0.711463612542693,0.999997068196745,0.999983379322086,"group_idyes"
"6762","TAX1BP1","Exc L4-5 RORB GABRG1",-0.00632844939318862,6.9289479820106,0.0494906172516403,0.824070071376439,0.999997068196745,0.999983379322086,"group_idyes"
"6763","JAZF1","Exc L4-5 RORB GABRG1",-0.0404633260515238,7.95359391928862,1.13971662936905,0.286381635567862,0.999997068196745,0.999983379322086,"group_idyes"
"6764","JAZF1-AS1","Exc L4-5 RORB GABRG1",0.0464936432774092,5.0127243321243,0.634109931071284,0.426342845052515,0.999997068196745,0.999983379322086,"group_idyes"
"6765","CREB5","Exc L4-5 RORB GABRG1",-0.139077875266855,5.99015515529513,3.699985795581,0.0551505346099526,0.999997068196745,0.999983379322086,"group_idyes"
"6766","AC005162.3","Exc L4-5 RORB GABRG1",0.0279884065093186,4.36919790620927,0.0660547733311532,0.79730749551306,0.999997068196745,0.999983379322086,"group_idyes"
"6767","CPVL","Exc L4-5 RORB GABRG1",-0.083097533902808,3.27670489568208,1.19875853481052,0.274254907491875,0.999997068196745,0.999983379322086,"group_idyes"
"6768","AC007255.1","Exc L4-5 RORB GABRG1",-0.0020806948734664,1.72553062259524,0.000594940834547312,0.980553046792858,0.999997068196745,0.999983379322086,"group_idyes"
"6769","WIPF3","Exc L4-5 RORB GABRG1",0.0408109980727843,5.82181554453493,0.542897274116656,0.46168354201756,0.999997068196745,0.999983379322086,"group_idyes"
"6770","SCRN1","Exc L4-5 RORB GABRG1",0.0364900434312108,6.54917127994673,0.848416203243239,0.357577980710138,0.999997068196745,0.999983379322086,"group_idyes"
"6771","AC007285.1","Exc L4-5 RORB GABRG1",-0.0359161008846765,3.56920653075128,0.406774534867152,0.680203322091099,0.999997068196745,0.999983379322086,"group_idyes"
"6772","FKBP14","Exc L4-5 RORB GABRG1",0.0449649814729592,3.88916076236202,0.737370840438447,0.391039072150061,0.999997068196745,0.999983379322086,"group_idyes"
"6773","PLEKHA8","Exc L4-5 RORB GABRG1",0.0098067942427193,5.53856199259923,0.0564386791313588,0.812342429615003,0.999997068196745,0.999983379322086,"group_idyes"
"6774","MTURN","Exc L4-5 RORB GABRG1",0.0186743900739025,7.22738838033838,0.207711425616216,0.648824235463316,0.999997068196745,0.999983379322086,"group_idyes"
"6775","ZNRF2","Exc L4-5 RORB GABRG1",-0.0518863566459432,5.15647742394476,1.84103447156691,0.175625307937784,0.999997068196745,0.999983379322086,"group_idyes"
"6776","AC006978.2","Exc L4-5 RORB GABRG1",-0.0021840162040285,5.08034288704693,0.0028926678762072,0.957135549725503,0.999997068196745,0.999983379322086,"group_idyes"
"6777","NOD1","Exc L4-5 RORB GABRG1",-0.00353784074869152,2.38566348815503,0.00192985912209542,0.964982863881129,0.999997068196745,0.999983379322086,"group_idyes"
"6778","GGCT","Exc L4-5 RORB GABRG1",-0.0514654273135218,3.22352148904687,0.461700171783781,0.497239064769102,0.999997068196745,0.999983379322086,"group_idyes"
"6779","AC005154.6","Exc L4-5 RORB GABRG1",-0.0190733423464465,5.95107896429447,0.291056161808573,0.589856597443298,0.999997068196745,0.999983379322086,"group_idyes"
"6780","AC005154.5","Exc L4-5 RORB GABRG1",0.127576886906752,0.687445440103868,0.755347505393551,0.385330301083982,0.999997068196745,0.999983379322086,"group_idyes"
"6781","GARS","Exc L4-5 RORB GABRG1",0.0397744457254703,5.48710629052647,0.968668347557181,0.684639078433063,0.999997068196745,0.999983379322086,"group_idyes"
"6782","CRHR2","Exc L4-5 RORB GABRG1",-0.0241438502926896,3.72396709357324,0.053796093853927,0.816708051397763,0.999997068196745,0.999983379322086,"group_idyes"
"6783","AC004691.2","Exc L4-5 RORB GABRG1",9.955438383762e-06,1.51782342553302,4.20202073363778e-06,0.998365493529928,0.999997068196745,0.999983379322086,"group_idyes"
"6784","AQP1","Exc L4-5 RORB GABRG1",0.00602619718788495,2.19480194470829,0.00489702213107273,0.944246950739448,0.999997068196745,0.999983379322086,"group_idyes"
"6785","GHRHR","Exc L4-5 RORB GABRG1",0.0100027048940964,-0.00884159718671707,0.00351333967922331,0.952765097922647,0.999997068196745,0.999983379322086,"group_idyes"
"6786","ADCYAP1R1","Exc L4-5 RORB GABRG1",0.0322263123746923,3.75107893310697,0.459294984010813,0.498361000402725,0.999997068196745,0.999983379322086,"group_idyes"
"6787","NEUROD6","Exc L4-5 RORB GABRG1",-0.0171768755991817,5.55877282305805,0.0363174553453441,0.848961923638984,0.999997068196745,0.999983379322086,"group_idyes"
"6788","CCDC129","Exc L4-5 RORB GABRG1",-0.12332134498989,1.96245676756342,1.3094867510582,0.253199042839049,0.999997068196745,0.999983379322086,"group_idyes"
"6789","PDE1C","Exc L4-5 RORB GABRG1",-0.159228598305851,5.08848562932401,2.39966976373939,0.122183041645926,0.999997068196745,0.999983379322086,"group_idyes"
"6790","LSM5","Exc L4-5 RORB GABRG1",-0.0276467812115769,4.50532219293254,0.182644857740746,0.669349163731338,0.999997068196745,0.999983379322086,"group_idyes"
"6791","AVL9","Exc L4-5 RORB GABRG1",-0.0179083860633578,7.00970334675037,0.402416146713089,0.526221102133695,0.999997068196745,0.999983379322086,"group_idyes"
"6792","LINC00997","Exc L4-5 RORB GABRG1",0.0831934771873199,1.1697898854014,0.457912463604974,0.499007840409305,0.999997068196745,0.999983379322086,"group_idyes"
"6793","KBTBD2","Exc L4-5 RORB GABRG1",0.0227410792365107,5.02036794417844,0.340098461998635,0.560114076408377,0.999997068196745,0.999983379322086,"group_idyes"
"6794","FKBP9","Exc L4-5 RORB GABRG1",-0.0204212208189738,4.43360523028668,0.205717379827283,0.650400710224707,0.999997068196745,0.999983379322086,"group_idyes"
"6795","NT5C3A","Exc L4-5 RORB GABRG1",-0.0310214975115168,5.81145112606006,1.20687424148756,0.279758572787357,0.999997068196745,0.999983379322086,"group_idyes"
"6796","RP9","Exc L4-5 RORB GABRG1",-0.0342169929856954,3.92198822267431,0.612513314351719,0.434324515013822,0.999997068196745,0.999983379322086,"group_idyes"
"6797","BBS9","Exc L4-5 RORB GABRG1",0.0224069855394736,7.31173326067233,0.341473354281521,0.559322494658029,0.999997068196745,0.999983379322086,"group_idyes"
"6798","BMPER","Exc L4-5 RORB GABRG1",0.0385078575298979,8.46539817474679,1.03597076162453,0.309400048509725,0.999997068196745,0.999983379322086,"group_idyes"
"6799","AC009262.1","Exc L4-5 RORB GABRG1",-0.00704260923148962,2.58169761019132,0.00353074651805283,0.952648367521241,0.999997068196745,0.999983379322086,"group_idyes"
"6800","NPSR1","Exc L4-5 RORB GABRG1",0.0179015138696968,1.06363278679031,0.0257866927474168,0.962081564957514,0.999997068196745,0.999983379322086,"group_idyes"
"6801","DPY19L1","Exc L4-5 RORB GABRG1",0.0301507969114445,7.50244416656377,0.421494351033006,0.516579712433611,0.999997068196745,0.999983379322086,"group_idyes"
"6802","HERPUD2","Exc L4-5 RORB GABRG1",-0.00315787613394444,5.16287126653257,0.00999047434823636,0.920434209231007,0.999997068196745,0.999983379322086,"group_idyes"
"6803","AC018647.2","Exc L4-5 RORB GABRG1",-0.112568771664451,1.39238360673989,0.942104162477314,0.332347103155948,0.999997068196745,0.999983379322086,"group_idyes"
"6804","SEPT7-AS1","Exc L4-5 RORB GABRG1",0.00609030672603461,2.9454683835233,0.0108897292067505,0.916942911781338,0.999997068196745,0.999983379322086,"group_idyes"
"6805","SEPT7","Exc L4-5 RORB GABRG1",0.000825000297388712,8.23905455770477,0.000623587295514874,0.980090459786393,0.999997068196745,0.999983379322086,"group_idyes"
"6806","EEPD1","Exc L4-5 RORB GABRG1",-0.0648454942438101,5.15544615045746,1.54758588342454,0.214249583590219,0.999997068196745,0.999983379322086,"group_idyes"
"6807","KIAA0895","Exc L4-5 RORB GABRG1",-0.0257192707746005,4.71446838869476,0.387090844362063,0.53420109423388,0.999997068196745,0.999983379322086,"group_idyes"
"6808","ANLN","Exc L4-5 RORB GABRG1",-0.060149417933155,2.27330522638455,0.321945433824768,0.570771777797555,0.999997068196745,0.999983379322086,"group_idyes"
"6809","AOAH","Exc L4-5 RORB GABRG1",0.0211662931081228,3.68370018213044,0.0795868970123283,0.778009712514252,0.999997068196745,0.999983379322086,"group_idyes"
"6810","ELMO1","Exc L4-5 RORB GABRG1",-0.0303281330611694,7.70748218841958,0.925297831418718,0.336691944859508,0.999997068196745,0.999983379322086,"group_idyes"
"6811","ELMO1-AS1","Exc L4-5 RORB GABRG1",0.0821871797615542,0.950099814986686,0.303729372954116,0.581873733171573,0.999997068196745,0.999983379322086,"group_idyes"
"6812","EPDR1","Exc L4-5 RORB GABRG1",0.0382531477096719,4.9049172845511,0.368144254155495,0.544375424713076,0.999997068196745,0.999983379322086,"group_idyes"
"6813","SFRP4","Exc L4-5 RORB GABRG1",0.0538573614312798,0.643362320550355,0.119589313635701,0.729669358892308,0.999997068196745,0.999983379322086,"group_idyes"
"6814","STARD3NL","Exc L4-5 RORB GABRG1",-0.0303009601598744,4.69622805852021,0.445536687305072,0.504862334767009,0.999997068196745,0.999983379322086,"group_idyes"
"6815","TRGC2","Exc L4-5 RORB GABRG1",0.420650987730215,0.104363661657766,5.02133573229811,0.0256067706704829,0.999997068196745,0.999983379322086,"group_idyes"
"6816","AMPH","Exc L4-5 RORB GABRG1",0.0128644481666343,8.5696450628877,0.128740055164413,0.719938803804689,0.999997068196745,0.999983379322086,"group_idyes"
"6817","VPS41","Exc L4-5 RORB GABRG1",-0.0241791386222991,7.61131915802069,0.58917232968791,0.443210167507913,0.999997068196745,0.999983379322086,"group_idyes"
"6818","POU6F2","Exc L4-5 RORB GABRG1",-0.0272885113803085,9.71435371760123,0.391703436003546,0.531776463756111,0.999997068196745,0.999983379322086,"group_idyes"
"6819","POU6F2-AS2","Exc L4-5 RORB GABRG1",-0.115158283335231,2.34922009332038,1.45661174346386,0.22821153173936,0.999997068196745,0.999983379322086,"group_idyes"
"6820","AC011290.1","Exc L4-5 RORB GABRG1",-0.00753688908864626,1.52264429389749,0.00439650407753917,0.947168537671069,0.999997068196745,0.999983379322086,"group_idyes"
"6821","YAE1D1","Exc L4-5 RORB GABRG1",0.0327838951318999,5.02346745996353,0.570096596754957,0.452438298390737,0.999997068196745,0.999983379322086,"group_idyes"
"6822","RALA","Exc L4-5 RORB GABRG1",-0.0300833269975709,5.66861291227872,1.1243737812134,0.514728986870197,0.999997068196745,0.999983379322086,"group_idyes"
"6823","LINC00265","Exc L4-5 RORB GABRG1",-0.0989787864266553,3.18548908167239,1.96013142260289,0.162305142871723,0.999997068196745,0.999983379322086,"group_idyes"
"6824","CDK13","Exc L4-5 RORB GABRG1",-0.00579136650524456,7.72387636882457,0.040886302454431,0.839864425411744,0.999997068196745,0.999983379322086,"group_idyes"
"6825","MPLKIP","Exc L4-5 RORB GABRG1",0.03988161047206,4.32566150819028,0.79341127498889,0.714476979223665,0.999997068196745,0.999983379322086,"group_idyes"
"6826","SUGCT","Exc L4-5 RORB GABRG1",-0.0230439956459205,3.9113528745487,0.156293179485179,0.692811594231656,0.999997068196745,0.999983379322086,"group_idyes"
"6827","INHBA","Exc L4-5 RORB GABRG1",-0.35271250073689,0.0334378586329842,2.97454858141349,0.085386871479941,0.999997068196745,0.999983379322086,"group_idyes"
"6828","AC010132.4","Exc L4-5 RORB GABRG1",-0.080244777199245,0.607496998420269,0.341932817698661,0.559058439504233,0.999997068196745,0.999983379322086,"group_idyes"
"6829","C7orf25","Exc L4-5 RORB GABRG1",0.358778707669661,0.732892793979663,7.49790299284436,0.00646410874986079,0.999997068196745,0.999983379322086,"group_idyes"
"6830","AC010132.3","Exc L4-5 RORB GABRG1",-0.0732786615638553,0.921746450515234,0.359115411574221,0.549350640162747,0.999997068196745,0.999983379322086,"group_idyes"
"6831","MRPL32","Exc L4-5 RORB GABRG1",0.0598516558516385,4.23301972388352,0.916987732153877,0.338868495934543,0.999997068196745,0.999983379322086,"group_idyes"
"6832","AC005537.1","Exc L4-5 RORB GABRG1",0.0132371630718094,5.97436695675164,0.0636561711698157,0.800942572053543,0.999997068196745,0.999983379322086,"group_idyes"
"6833","HECW1","Exc L4-5 RORB GABRG1",-0.000458614628547309,9.98400910596945,0.000144906195804514,0.99040177745589,0.999997068196745,0.999983379322086,"group_idyes"
"6834","AC004692.2","Exc L4-5 RORB GABRG1",0.118818301705277,0.453918002132592,0.494057305918238,0.482548086406922,0.999997068196745,0.999983379322086,"group_idyes"
"6835","LUARIS","Exc L4-5 RORB GABRG1",-0.000710086354982704,0.921565788986707,7.71100188806455e-06,0.99778582114694,0.999997068196745,0.999983379322086,"group_idyes"
"6836","STK17A","Exc L4-5 RORB GABRG1",-0.0213309152980854,2.73760359178725,0.106652476254177,0.744165498281961,0.999997068196745,0.999983379322086,"group_idyes"
"6837","COA1","Exc L4-5 RORB GABRG1",-0.0492776363037942,6.79250193775697,2.24570345144492,0.134806006964749,0.999997068196745,0.999983379322086,"group_idyes"
"6838","BLVRA","Exc L4-5 RORB GABRG1",-0.0470531257558771,3.89120590629674,0.922249636554282,0.554620381311453,0.999997068196745,0.999983379322086,"group_idyes"
"6839","URGCP","Exc L4-5 RORB GABRG1",-0.0280730552664756,5.51146456846487,0.572737252217232,0.449636445642506,0.999997068196745,0.999983379322086,"group_idyes"
"6840","UBE2D4","Exc L4-5 RORB GABRG1",-0.00028474422783067,4.96504830183147,6.7475271302318e-05,0.993450241660503,0.999997068196745,0.999983379322086,"group_idyes"
"6841","SPDYE1","Exc L4-5 RORB GABRG1",-0.0667522611684234,2.44151727495596,0.212878594141299,0.644781230257068,0.999997068196745,0.999983379322086,"group_idyes"
"6842","AC004951.1","Exc L4-5 RORB GABRG1",0.0132301718829008,3.14879055551107,0.0347985141574769,0.852116816281987,0.999997068196745,0.999983379322086,"group_idyes"
"6843","LINC00957","Exc L4-5 RORB GABRG1",0.0124977869666282,2.35033485564631,0.0229901752236245,0.879562099517221,0.999997068196745,0.999983379322086,"group_idyes"
"6844","DBNL","Exc L4-5 RORB GABRG1",-0.0495036717329596,4.36417645925602,1.51656241188863,0.218892661176609,0.999997068196745,0.999983379322086,"group_idyes"
"6845","POLM","Exc L4-5 RORB GABRG1",-0.139313737073986,2.78996005254797,3.59576094636947,0.0586760509500749,0.999997068196745,0.999983379322086,"group_idyes"
"6846","POLD2","Exc L4-5 RORB GABRG1",0.0874798801775993,3.58733476860057,1.82460963422505,0.177559471325478,0.999997068196745,0.999983379322086,"group_idyes"
"6847","MYL7","Exc L4-5 RORB GABRG1",-0.163386469149996,0.883770632494998,1.37413655052067,0.241827795343891,0.999997068196745,0.999983379322086,"group_idyes"
"6848","GCK","Exc L4-5 RORB GABRG1",-0.0339111758610043,2.37809845020668,0.151235382619998,0.697572704415761,0.999997068196745,0.999983379322086,"group_idyes"
"6849","YKT6","Exc L4-5 RORB GABRG1",-0.0334765468406889,3.59667036687028,0.392241078378885,0.53149514400138,0.999997068196745,0.999983379322086,"group_idyes"
"6850","CAMK2B","Exc L4-5 RORB GABRG1",0.000529761573636857,8.22085774676203,0.000223408373765103,0.988082329757117,0.999997068196745,0.999983379322086,"group_idyes"
"6851","NUDCD3","Exc L4-5 RORB GABRG1",-0.00396717321121259,6.97292714342481,0.0247617959464897,0.9030493712211,0.999997068196745,0.999983379322086,"group_idyes"
"6852","NPC1L1","Exc L4-5 RORB GABRG1",0.438820322386141,1.01199532401964,3.86841297970676,0.0499213316528598,0.999997068196745,0.999983379322086,"group_idyes"
"6853","DDX56","Exc L4-5 RORB GABRG1",-0.0529467274203214,4.2807585026224,1.29994879813392,0.254931868236852,0.999997068196745,0.999983379322086,"group_idyes"
"6854","TMED4","Exc L4-5 RORB GABRG1",-0.0335431037665599,5.26976183547101,0.56734683041504,0.451775816252908,0.999997068196745,0.999983379322086,"group_idyes"
"6855","OGDH","Exc L4-5 RORB GABRG1",0.0135281107599131,6.46836643705286,0.201573401565495,0.653706614326312,0.999997068196745,0.999983379322086,"group_idyes"
"6856","ZMIZ2","Exc L4-5 RORB GABRG1",-0.0480213178729586,5.2622416190335,1.4411520405913,0.230691639956211,0.999997068196745,0.999983379322086,"group_idyes"
"6857","PPIA","Exc L4-5 RORB GABRG1",0.0161224299755984,7.36953262120581,0.0337120377260735,0.854417415477163,0.999997068196745,0.999983379322086,"group_idyes"
"6858","H2AFV","Exc L4-5 RORB GABRG1",0.0791371970798615,6.24312950577053,2.38554610922893,0.123284215005522,0.999997068196745,0.999983379322086,"group_idyes"
"6859","PURB","Exc L4-5 RORB GABRG1",0.0572995711297398,5.67142575960262,1.39229411195422,0.238747130700504,0.999997068196745,0.999983379322086,"group_idyes"
"6860","SNHG15","Exc L4-5 RORB GABRG1",-0.0901723482253684,2.58445670577489,0.765845938213208,0.382051219654399,0.999997068196745,0.999983379322086,"group_idyes"
"6861","CCM2","Exc L4-5 RORB GABRG1",-0.0426910748523692,5.62393124036067,1.79761503556682,0.180792182473535,0.999997068196745,0.999983379322086,"group_idyes"
"6862","NACAD","Exc L4-5 RORB GABRG1",-0.0161157618493986,2.71585378174689,0.0423800425519697,0.83700592949329,0.999997068196745,0.999983379322086,"group_idyes"
"6863","TBRG4","Exc L4-5 RORB GABRG1",0.00307550209029477,3.62379540271973,0.00290933159830441,0.957012382574188,0.999997068196745,0.999983379322086,"group_idyes"
"6864","AC073325.1","Exc L4-5 RORB GABRG1",0.181951944124946,-0.00111876456747359,0.95821000300514,0.328253404752122,0.999997068196745,0.999983379322086,"group_idyes"
"6865","ADCY1","Exc L4-5 RORB GABRG1",-0.0327274369267626,6.81662964485589,1.34001896258819,0.247748775962576,0.999997068196745,0.999983379322086,"group_idyes"
"6866","IGFBP3","Exc L4-5 RORB GABRG1",-0.061555651255428,2.3643973526737,0.361408374318679,0.548079129855993,0.999997068196745,0.999983379322086,"group_idyes"
"6867","TNS3","Exc L4-5 RORB GABRG1",0.0710092412853249,3.24141651889995,0.426670515394143,0.514017373059524,0.999997068196745,0.999983379322086,"group_idyes"
"6868","HUS1","Exc L4-5 RORB GABRG1",-0.034396578117284,5.8117258559518,0.612032530943086,0.43450478018261,0.999997068196745,0.999983379322086,"group_idyes"
"6869","SUN3","Exc L4-5 RORB GABRG1",-0.0850962526821099,2.04138850469347,0.466783559662916,0.494881838514923,0.999997068196745,0.999983379322086,"group_idyes"
"6870","UPP1","Exc L4-5 RORB GABRG1",-0.108418308152865,4.891059433991,6.42957158142802,0.0116185529299999,0.999997068196745,0.999983379322086,"group_idyes"
"6871","ABCA13","Exc L4-5 RORB GABRG1",0.17927860785659,0.261662840440026,1.1495011721597,0.284325663195535,0.999997068196745,0.999983379322086,"group_idyes"
"6872","VWC2","Exc L4-5 RORB GABRG1",-0.0536028426663469,6.54502999151845,0.876040691330511,0.349875525344021,0.999997068196745,0.999983379322086,"group_idyes"
"6873","ZPBP","Exc L4-5 RORB GABRG1",0.0599240577800789,2.03919819557412,0.335633784680091,0.562699451088535,0.999997068196745,0.999983379322086,"group_idyes"
"6874","SPATA48","Exc L4-5 RORB GABRG1",-0.0305283236071763,0.812976910708304,0.0501354551831068,0.822946592005537,0.999997068196745,0.999983379322086,"group_idyes"
"6875","FIGNL1","Exc L4-5 RORB GABRG1",0.0357326604262977,3.36753859377072,0.306576861727802,0.580110038614262,0.999997068196745,0.999983379322086,"group_idyes"
"6876","GRB10","Exc L4-5 RORB GABRG1",-0.0371682703631776,6.38079814635713,0.975332781306287,0.32397447518889,0.999997068196745,0.999983379322086,"group_idyes"
"6877","AC004830.1","Exc L4-5 RORB GABRG1",0.0372303513917218,1.69935290964247,0.111854024351611,0.738225393535889,0.999997068196745,0.999983379322086,"group_idyes"
"6878","COBL","Exc L4-5 RORB GABRG1",0.0192390444087229,8.47223672032427,0.20479802944115,0.651130645616317,0.999997068196745,0.999983379322086,"group_idyes"
"6879","LINC01446","Exc L4-5 RORB GABRG1",0.625866852783978,0.328769169304225,5.35678627521865,0.0211676685978812,0.999997068196745,0.999983379322086,"group_idyes"
"6880","VSTM2A","Exc L4-5 RORB GABRG1",0.0215082206276081,6.37867248171182,0.10506525964921,0.746009919766442,0.999997068196745,0.999983379322086,"group_idyes"
"6881","SEC61G","Exc L4-5 RORB GABRG1",-0.00542518734641622,3.05211107292024,0.00300135977225907,0.956338453340691,0.999997068196745,0.999983379322086,"group_idyes"
"6882","EGFR","Exc L4-5 RORB GABRG1",-0.00574316223652878,0.64860526046067,0.000563285607054036,0.981077378420476,0.999997068196745,0.999983379322086,"group_idyes"
"6883","ELDR","Exc L4-5 RORB GABRG1",-0.0702050999010229,0.851615024980127,0.165915611290649,0.683994081217218,0.999997068196745,0.999983379322086,"group_idyes"
"6884","LANCL2","Exc L4-5 RORB GABRG1",-0.00352940175002587,5.72090151183641,0.0155983255775223,0.900673288254214,0.999997068196745,0.999983379322086,"group_idyes"
"6885","VOPP1","Exc L4-5 RORB GABRG1",-0.0957415662121526,5.60077607603427,3.77535510378923,0.0527419637479913,0.999997068196745,0.999983379322086,"group_idyes"
"6886","SEPT14","Exc L4-5 RORB GABRG1",-0.124632124239641,0.996950230529031,1.08713694521339,0.297761167471125,0.999997068196745,0.999983379322086,"group_idyes"
"6887","AC092647.5","Exc L4-5 RORB GABRG1",0.0197013174491878,2.72151956351138,0.090095186333191,0.764218296513416,0.999997068196745,0.999983379322086,"group_idyes"
"6888","NIPSNAP2","Exc L4-5 RORB GABRG1",-0.0514525623679075,5.92549447571227,1.51472770420459,0.219170998026305,0.999997068196745,0.999983379322086,"group_idyes"
"6889","PSPH","Exc L4-5 RORB GABRG1",0.0163360852824913,3.89027256995335,0.0977416389243278,0.754726164267048,0.999997068196745,0.999983379322086,"group_idyes"
"6890","CCT6A","Exc L4-5 RORB GABRG1",0.000351752433920206,4.89731681075718,4.36584175578898e-05,0.994731479426471,0.999997068196745,0.999983379322086,"group_idyes"
"6891","SUMF2","Exc L4-5 RORB GABRG1",-0.0598880224040832,5.12486628238906,1.26320243288859,0.261746567214719,0.999997068196745,0.999983379322086,"group_idyes"
"6892","PHKG1","Exc L4-5 RORB GABRG1",-0.0602520865804135,2.37546919185257,0.61288345513537,0.58440183476724,0.999997068196745,0.999983379322086,"group_idyes"
"6893","CHCHD2","Exc L4-5 RORB GABRG1",-0.0379384457538938,5.62437549991483,0.131687236955969,0.716888311748614,0.999997068196745,0.999983379322086,"group_idyes"
"6894","NUPR2","Exc L4-5 RORB GABRG1",0.0399678137381154,1.22005313305018,0.0934281592587956,0.760028693871094,0.999997068196745,0.999983379322086,"group_idyes"
"6895","AC118758.3","Exc L4-5 RORB GABRG1",0.0381873386579831,0.416225342340035,0.0419422360679963,0.837838223782876,0.999997068196745,0.999983379322086,"group_idyes"
"6896","AC092634.3","Exc L4-5 RORB GABRG1",-0.0128274309026298,2.51383260221742,0.0300434419161462,0.862482853500851,0.999997068196745,0.999983379322086,"group_idyes"
"6897","ZNF727","Exc L4-5 RORB GABRG1",-0.0492552978521396,3.8575789809373,0.467092104774888,0.494739369363986,0.999997068196745,0.999983379322086,"group_idyes"
"6898","AC091685.1","Exc L4-5 RORB GABRG1",0.0835862444633749,0.418347941030706,0.235408833149334,0.627818099826581,0.999997068196745,0.999983379322086,"group_idyes"
"6899","ZNF736","Exc L4-5 RORB GABRG1",0.012255723026046,5.38544548292935,0.0804530990880675,0.776836896159344,0.999997068196745,0.999983379322086,"group_idyes"
"6900","ZNF680","Exc L4-5 RORB GABRG1",0.0244900589886274,5.68958132110517,0.213942848129582,0.643955921794943,0.999997068196745,0.999983379322086,"group_idyes"
"6901","ZNF107","Exc L4-5 RORB GABRG1",0.00291807803528592,3.03386411653974,0.00217694058354406,0.962810256513834,0.999997068196745,0.999983379322086,"group_idyes"
"6902","ZNF138","Exc L4-5 RORB GABRG1",-0.0296700384830332,5.74203428844281,0.441499328989629,0.506797720917792,0.999997068196745,0.999983379322086,"group_idyes"
"6903","ZNF273","Exc L4-5 RORB GABRG1",0.0301803332358468,6.46502079835805,0.365201011846838,0.545988018066501,0.999997068196745,0.999983379322086,"group_idyes"
"6904","AC073349.1","Exc L4-5 RORB GABRG1",0.086502835920085,1.11089908493042,0.374014233179453,0.541185458160575,0.999997068196745,0.999983379322086,"group_idyes"
"6905","ZNF117","Exc L4-5 RORB GABRG1",0.092925094573034,4.12920407173418,2.23116885097885,0.136071149815535,0.999997068196745,0.999983379322086,"group_idyes"
"6906","ZNF92","Exc L4-5 RORB GABRG1",0.0834987520611581,3.85833775513443,2.72147638476623,0.099822569221668,0.999997068196745,0.999983379322086,"group_idyes"
"6907","VKORC1L1","Exc L4-5 RORB GABRG1",-0.0573067119626919,5.939892445746,3.2966947423774,0.0701977583261981,0.999997068196745,0.999983379322086,"group_idyes"
"6908","GUSB","Exc L4-5 RORB GABRG1",-0.0163070916656699,4.19652633005316,0.150014215968663,0.698735944032138,0.999997068196745,0.999983379322086,"group_idyes"
"6909","ASL","Exc L4-5 RORB GABRG1",-0.0994574949156346,3.03657136779731,1.90749409252203,0.168043545434873,0.999997068196745,0.999983379322086,"group_idyes"
"6910","AC068533.4","Exc L4-5 RORB GABRG1",0.000444719932149409,4.01101503555227,3.07259860763328e-05,0.995580139743426,0.999997068196745,0.999983379322086,"group_idyes"
"6911","CRCP","Exc L4-5 RORB GABRG1",0.0445171685099599,3.64855370442356,0.956177417125159,0.328766317557284,0.999997068196745,0.999983379322086,"group_idyes"
"6912","AC068533.3","Exc L4-5 RORB GABRG1",-0.00416627356432977,2.61829767031981,0.00155464302045653,0.968568841782856,0.999997068196745,0.999983379322086,"group_idyes"
"6913","TPST1","Exc L4-5 RORB GABRG1",-0.0434832548895322,7.31604851555116,1.43842552615004,0.23113241060873,0.999997068196745,0.999983379322086,"group_idyes"
"6914","AC008267.5","Exc L4-5 RORB GABRG1",-0.0815357081910874,2.41406225896478,0.989283085004197,0.320542803151923,0.999997068196745,0.999983379322086,"group_idyes"
"6915","AC027644.4","Exc L4-5 RORB GABRG1",-0.0374291350515778,5.62503989100734,0.524122054740269,0.469528584903945,0.999997068196745,0.999983379322086,"group_idyes"
"6916","RABGEF1","Exc L4-5 RORB GABRG1",0.0347297964700511,3.04306176117159,0.223280025165405,0.636819918412863,0.999997068196745,0.999983379322086,"group_idyes"
"6917","AC027644.3","Exc L4-5 RORB GABRG1",0.0625475424896025,1.59779699612655,0.372779180386348,0.541853763511708,0.999997068196745,0.999983379322086,"group_idyes"
"6918","TMEM248","Exc L4-5 RORB GABRG1",0.0108526117594955,5.54066569902791,0.118340846409759,0.731028926449746,0.999997068196745,0.999983379322086,"group_idyes"
"6919","SBDS","Exc L4-5 RORB GABRG1",0.056239209800053,5.08634545031474,0.662156512685536,0.416302972220269,0.999997068196745,0.999983379322086,"group_idyes"
"6920","TYW1","Exc L4-5 RORB GABRG1",-0.0685787659992747,6.00251221654117,3.93736920312404,0.0479346846853075,0.999997068196745,0.999983379322086,"group_idyes"
"6921","AC006480.2","Exc L4-5 RORB GABRG1",-0.0661179482241723,3.4854777616862,0.542050149004796,0.462032977054214,0.999997068196745,0.999983379322086,"group_idyes"
"6922","LINC01372","Exc L4-5 RORB GABRG1",0.0595282387754562,1.90629651909651,0.371537167156159,0.542527370345534,0.999997068196745,0.999983379322086,"group_idyes"
"6923","AC093655.1","Exc L4-5 RORB GABRG1",-0.0233793827911889,0.957781226590477,0.0381139647199095,0.862450613856769,0.999997068196745,0.999983379322086,"group_idyes"
"6924","AC092100.1","Exc L4-5 RORB GABRG1",-0.0457935238150505,1.47839069838637,0.186703782239098,0.66591637630185,0.999997068196745,0.999983379322086,"group_idyes"
"6925","AUTS2","Exc L4-5 RORB GABRG1",-0.022719615492267,9.78183190231906,0.263044646365178,0.608330464488031,0.999997068196745,0.999983379322086,"group_idyes"
"6926","GALNT17","Exc L4-5 RORB GABRG1",-0.0603617039981076,8.84173095975448,1.65153187303013,0.199523673375084,0.999997068196745,0.999983379322086,"group_idyes"
"6927","CALN1","Exc L4-5 RORB GABRG1",-0.0468590649513655,7.19659799907109,0.569394628254364,0.450961206270176,0.999997068196745,0.999983379322086,"group_idyes"
"6928","TYW1B","Exc L4-5 RORB GABRG1",-0.088141980267874,5.49928974605822,4.85212989474501,0.0282043678380442,0.999997068196745,0.999983379322086,"group_idyes"
"6929","POM121","Exc L4-5 RORB GABRG1",0.00237081081232722,5.98888328576348,0.00760908693192147,0.930534012344484,0.999997068196745,0.999983379322086,"group_idyes"
"6930","AC211476.2","Exc L4-5 RORB GABRG1",0.00806048962301748,0.656891682934145,0.00258004361201493,0.959515929306692,0.999997068196745,0.999983379322086,"group_idyes"
"6931","NSUN5","Exc L4-5 RORB GABRG1",-0.0195239465927605,4.24757594359904,0.142034013508982,0.706475020664733,0.999997068196745,0.999983379322086,"group_idyes"
"6932","FKBP6","Exc L4-5 RORB GABRG1",-0.0717854087533676,0.211372727392391,0.181530209123987,0.773677526286833,0.999997068196745,0.999983379322086,"group_idyes"
"6933","BAZ1B","Exc L4-5 RORB GABRG1",0.0238444832330932,6.36613829935046,0.748469753758574,0.921413149104321,0.999997068196745,0.999983379322086,"group_idyes"
"6934","BCL7B","Exc L4-5 RORB GABRG1",0.00391123409770828,4.42955017714652,0.00390693927723016,0.950192730897493,0.999997068196745,0.999983379322086,"group_idyes"
"6935","TBL2","Exc L4-5 RORB GABRG1",0.099182548771719,2.6206354925039,2.24581318336634,0.134796505883412,0.999997068196745,0.999983379322086,"group_idyes"
"6936","MLXIPL","Exc L4-5 RORB GABRG1",-0.00474330884649272,6.33330510553855,0.0130667633075486,0.909051730313878,0.999997068196745,0.999983379322086,"group_idyes"
"6937","VPS37D","Exc L4-5 RORB GABRG1",0.0740926593564914,2.16658638092843,0.790565709488386,0.374484715162043,0.999997068196745,0.999983379322086,"group_idyes"
"6938","DNAJC30","Exc L4-5 RORB GABRG1",0.0254874169308605,3.26476837973576,0.133869025890269,0.714654847691947,0.999997068196745,0.999983379322086,"group_idyes"
"6939","BUD23","Exc L4-5 RORB GABRG1",-0.0518169598800893,4.50868352779647,1.50141582496254,0.221203243451158,0.999997068196745,0.999983379322086,"group_idyes"
"6940","STX1A","Exc L4-5 RORB GABRG1",0.0082686640662867,6.55231525906034,0.0334489857507142,0.85498016621383,0.999997068196745,0.999983379322086,"group_idyes"
"6941","ABHD11","Exc L4-5 RORB GABRG1",-0.0376879847477492,3.54719935614893,0.278037343445971,0.598294430924383,0.999997068196745,0.999983379322086,"group_idyes"
"6942","CLDN4","Exc L4-5 RORB GABRG1",0.153811469069369,1.85480415427919,2.06824339291347,0.151207573497068,0.999997068196745,0.999983379322086,"group_idyes"
"6943","METTL27","Exc L4-5 RORB GABRG1",-0.227882049753801,1.81806311189597,4.34371828732735,0.037804966928792,0.999997068196745,0.999983379322086,"group_idyes"
"6944","ELN","Exc L4-5 RORB GABRG1",-0.0257278762546177,2.7370868291949,0.105014782755119,0.746068828239986,0.999997068196745,0.999983379322086,"group_idyes"
"6945","LIMK1","Exc L4-5 RORB GABRG1",-0.0410128502871158,4.93217023250149,1.04549347127998,0.30718976667496,0.999997068196745,0.999983379322086,"group_idyes"
"6946","EIF4H","Exc L4-5 RORB GABRG1",0.0627969525904731,5.88148336720001,0.989076031792218,0.320593384770397,0.999997068196745,0.999983379322086,"group_idyes"
"6947","LAT2","Exc L4-5 RORB GABRG1",-0.0394041459261805,2.34783471606407,0.240303841584452,0.994762580407228,0.999997068196745,0.999983379322086,"group_idyes"
"6948","RFC2","Exc L4-5 RORB GABRG1",-0.0611226573362844,3.19408728848479,1.42448960774904,0.233401287548247,0.999997068196745,0.999983379322086,"group_idyes"
"6949","CLIP2","Exc L4-5 RORB GABRG1",0.0120061392914656,7.28415869052398,0.0462746922489014,0.829791229463722,0.999997068196745,0.999983379322086,"group_idyes"
"6950","GTF2IRD1","Exc L4-5 RORB GABRG1",-0.0545330133450339,4.89943436569951,0.811197577127583,0.368329858426854,0.999997068196745,0.999983379322086,"group_idyes"
"6951","GTF2I","Exc L4-5 RORB GABRG1",0.0230629938496094,8.49368247124631,1.12413233929721,0.289695543402743,0.999997068196745,0.999983379322086,"group_idyes"
"6952","NCF1","Exc L4-5 RORB GABRG1",0.00161981642838294,0.102866538473594,0.000160690157662942,0.989892567942252,0.999997068196745,0.999983379322086,"group_idyes"
"6953","GTF2IRD2","Exc L4-5 RORB GABRG1",0.126934518110525,2.38474566542681,1.97351659461475,0.160881956994532,0.999997068196745,0.999983379322086,"group_idyes"
"6954","CASTOR2","Exc L4-5 RORB GABRG1",-0.00961687277917642,5.88826695495713,0.0220663829102742,0.881988468467806,0.999997068196745,0.999983379322086,"group_idyes"
"6955","RCC1L","Exc L4-5 RORB GABRG1",-0.00937801612716524,4.47077833584287,0.0398571262650792,0.841865665174565,0.999997068196745,0.999983379322086,"group_idyes"
"6956","GTF2IRD2B","Exc L4-5 RORB GABRG1",-0.0250028569493364,2.68021209156982,0.0890812106954316,0.765509604090225,0.999997068196745,0.999983379322086,"group_idyes"
"6957","AC211486.5","Exc L4-5 RORB GABRG1",-0.0425015878263146,2.47920916653444,0.128741238769446,0.719937570832826,0.999997068196745,0.999983379322086,"group_idyes"
"6958","TRIM73","Exc L4-5 RORB GABRG1",-0.0231393280081042,3.26959535887601,0.0751919285906583,0.784069286526304,0.999997068196745,0.999983379322086,"group_idyes"
"6959","POM121C","Exc L4-5 RORB GABRG1",0.0115538879016404,6.11415287219922,0.167973306965621,0.974953848621899,0.999997068196745,0.999983379322086,"group_idyes"
"6960","SPDYE5","Exc L4-5 RORB GABRG1",-0.145354991607277,3.50319026859566,1.06916624502,0.301783361349502,0.999997068196745,0.999983379322086,"group_idyes"
"6961","HIP1","Exc L4-5 RORB GABRG1",-0.10640368455498,3.70275558625171,1.80379242444884,0.180046433621202,0.999997068196745,0.999983379322086,"group_idyes"
"6962","RHBDD2","Exc L4-5 RORB GABRG1",0.0235555417369607,6.20497185929391,0.106109723032068,0.74479448461104,0.999997068196745,0.999983379322086,"group_idyes"
"6963","POR","Exc L4-5 RORB GABRG1",-0.0208661328939824,4.69734793588064,0.173922540478518,0.676881595023607,0.999997068196745,0.999983379322086,"group_idyes"
"6964","TMEM120A","Exc L4-5 RORB GABRG1",0.08216226408803,3.0446550968099,1.66975203786574,0.197067358562579,0.999997068196745,0.999983379322086,"group_idyes"
"6965","STYXL1","Exc L4-5 RORB GABRG1",0.00646755708876021,4.5005310037221,0.0139985283973653,0.905879521800979,0.999997068196745,0.999983379322086,"group_idyes"
"6966","MDH2","Exc L4-5 RORB GABRG1",-0.00196315234296852,4.94387875507165,0.000613491575464334,0.980252249316734,0.999997068196745,0.999983379322086,"group_idyes"
"6967","SRRM3","Exc L4-5 RORB GABRG1",-0.0336208577934047,8.021279414799,0.505110029207889,0.477693996421294,0.999997068196745,0.999983379322086,"group_idyes"
"6968","HSPB1","Exc L4-5 RORB GABRG1",0.176953373344552,4.261505481552,1.13457295028444,0.287470039052243,0.999997068196745,0.999983379322086,"group_idyes"
"6969","YWHAG","Exc L4-5 RORB GABRG1",0.0234791198300069,7.92349099598623,0.178882134562255,0.672571985867061,0.999997068196745,0.999983379322086,"group_idyes"
"6970","SSC4D","Exc L4-5 RORB GABRG1",0.0671127912823084,1.02022184718635,0.261594728947026,0.609320077929357,0.999997068196745,0.999983379322086,"group_idyes"
"6971","ZP3","Exc L4-5 RORB GABRG1",-0.0373217981102076,2.54054251492256,0.178888646093836,0.672566374260826,0.999997068196745,0.999983379322086,"group_idyes"
"6972","DTX2","Exc L4-5 RORB GABRG1",-0.0667520095192148,3.40298724153044,1.10277598962042,0.294316880391334,0.999997068196745,0.999983379322086,"group_idyes"
"6973","SPDYE16","Exc L4-5 RORB GABRG1",-0.00777283785507422,2.53392476037561,0.00529555294651767,0.942026523144928,0.999997068196745,0.999983379322086,"group_idyes"
"6974","POMZP3","Exc L4-5 RORB GABRG1",-0.00869446542902474,3.55733581661159,0.0243529329939153,0.876072099425263,0.999997068196745,0.999983379322086,"group_idyes"
"6975","CCDC146","Exc L4-5 RORB GABRG1",0.0393024117707842,5.91721294483124,0.762476114342707,0.383099412781674,0.999997068196745,0.999983379322086,"group_idyes"
"6976","GSAP","Exc L4-5 RORB GABRG1",-0.0319479468597902,5.03214463745122,0.33612762883714,0.562412351849238,0.999997068196745,0.999983379322086,"group_idyes"
"6977","PTPN12","Exc L4-5 RORB GABRG1",0.0016910138925141,6.4288571417143,0.00232835118513711,0.961539656994729,0.999997068196745,0.999983379322086,"group_idyes"
"6978","APTR","Exc L4-5 RORB GABRG1",-0.0256606971695725,4.3485677148693,0.261956689644843,0.609072704875875,0.999997068196745,0.999983379322086,"group_idyes"
"6979","RSBN1L","Exc L4-5 RORB GABRG1",-0.00811175210853604,6.41731982335571,0.0917274810164017,0.898604308147395,0.999997068196745,0.999983379322086,"group_idyes"
"6980","TMEM60","Exc L4-5 RORB GABRG1",-0.0371758345967086,2.66664731075518,0.150760836800468,0.698024095320215,0.999997068196745,0.999983379322086,"group_idyes"
"6981","PHTF2","Exc L4-5 RORB GABRG1",-0.00796402696931692,6.79165487200464,0.0475881674740671,0.827430142808481,0.999997068196745,0.999983379322086,"group_idyes"
"6982","MAGI2","Exc L4-5 RORB GABRG1",0.00602099083835521,11.6462841640534,0.0197946348421543,0.888185786144281,0.999997068196745,0.999983379322086,"group_idyes"
"6983","AC006355.2","Exc L4-5 RORB GABRG1",0.0479703929542448,3.19812471348951,0.237935531591878,0.625979026556009,0.999997068196745,0.999983379322086,"group_idyes"
"6984","GNAI1","Exc L4-5 RORB GABRG1",0.00648871078489834,6.09096970492367,0.0453166241166229,0.934982167552885,0.999997068196745,0.999983379322086,"group_idyes"
"6985","CD36","Exc L4-5 RORB GABRG1",0.0280950370977386,2.27670291822481,0.0790011085918851,0.778806766615777,0.999997068196745,0.999983379322086,"group_idyes"
"6986","SEMA3C","Exc L4-5 RORB GABRG1",-0.273211613937404,1.17402844494009,3.88365590364875,0.049474783072098,0.999997068196745,0.999983379322086,"group_idyes"
"6987","CACNA2D1","Exc L4-5 RORB GABRG1",0.00698786523884013,9.17134132284514,0.0422412241503473,0.837269343747816,0.999997068196745,0.999983379322086,"group_idyes"
"6988","AC006145.1","Exc L4-5 RORB GABRG1",0.0175090809557545,0.594374711961569,0.0120606470645173,0.912608614731166,0.999997068196745,0.999983379322086,"group_idyes"
"6989","PCLO","Exc L4-5 RORB GABRG1",0.00653336346786918,10.0373569203794,0.035009304874132,0.851674793997722,0.999997068196745,0.999983379322086,"group_idyes"
"6990","SEMA3E","Exc L4-5 RORB GABRG1",-0.0786050807746887,4.6992115669567,0.692998371729985,0.405662832061861,0.999997068196745,0.999983379322086,"group_idyes"
"6991","SEMA3A","Exc L4-5 RORB GABRG1",0.00620396893224777,7.15416832264383,0.00901202076572399,0.924418529629192,0.999997068196745,0.999983379322086,"group_idyes"
"6992","SEMA3D","Exc L4-5 RORB GABRG1",-0.235990411216525,1.1443725415105,2.8887114400024,0.0900105260162766,0.999997068196745,0.999983379322086,"group_idyes"
"6993","GRM3","Exc L4-5 RORB GABRG1",0.0180533957339244,8.49612342719061,0.170197598265472,0.680166050639008,0.999997068196745,0.999983379322086,"group_idyes"
"6994","AC005009.2","Exc L4-5 RORB GABRG1",-0.0217845203213527,2.33774871709843,0.0214958796041495,0.883512919167006,0.999997068196745,0.999983379322086,"group_idyes"
"6995","KIAA1324L","Exc L4-5 RORB GABRG1",-0.0291303720059709,6.75652942913759,0.598988790959107,0.439439421746991,0.999997068196745,0.999983379322086,"group_idyes"
"6996","AC005076.1","Exc L4-5 RORB GABRG1",-0.194420151668936,0.123177504406819,1.1490368710936,0.284422799237263,0.999997068196745,0.999983379322086,"group_idyes"
"6997","DMTF1","Exc L4-5 RORB GABRG1",0.00792201629881733,6.44487160308995,0.0417854017996885,0.838137474947054,0.999997068196745,0.999983379322086,"group_idyes"
"6998","TMEM243","Exc L4-5 RORB GABRG1",0.0365703316034414,3.56801822879277,0.348084025720659,0.555546069916256,0.999997068196745,0.999983379322086,"group_idyes"
"6999","TP53TG1","Exc L4-5 RORB GABRG1",0.0351008481001636,1.46543348008383,0.143728780403542,0.729356523522146,0.999997068196745,0.999983379322086,"group_idyes"
"7000","CROT","Exc L4-5 RORB GABRG1",-0.0441703508291907,3.83308424814049,0.929599317529343,0.335572690901122,0.999997068196745,0.999983379322086,"group_idyes"
"7001","ABCB1","Exc L4-5 RORB GABRG1",0.00945455350169657,2.78388603432793,0.00843384430691194,0.926876167792681,0.999997068196745,0.999983379322086,"group_idyes"
"7002","RUNDC3B","Exc L4-5 RORB GABRG1",-0.0117457462321797,7.84169151507906,0.169244438699875,0.68101324691514,0.999997068196745,0.999983379322086,"group_idyes"
"7003","SLC25A40","Exc L4-5 RORB GABRG1",0.0154652587729175,5.12052171843158,0.226957626870002,0.640074764122655,0.999997068196745,0.999983379322086,"group_idyes"
"7004","DBF4","Exc L4-5 RORB GABRG1",0.0496046424346778,4.00683169240271,1.36626943067571,0.299933328272133,0.999997068196745,0.999983379322086,"group_idyes"
"7005","ADAM22","Exc L4-5 RORB GABRG1",-0.00971840070289344,8.02415508543982,0.0982805226495532,0.754072807584325,0.999997068196745,0.999983379322086,"group_idyes"
"7006","SRI","Exc L4-5 RORB GABRG1",0.0511320143159063,5.57289214423249,0.835839336599654,0.361162047531434,0.999997068196745,0.999983379322086,"group_idyes"
"7007","AC003991.1","Exc L4-5 RORB GABRG1",0.14867699147144,3.64600144704883,2.57688343061614,0.109255450856767,0.999997068196745,0.999983379322086,"group_idyes"
"7008","AC002127.2","Exc L4-5 RORB GABRG1",0.10005157970975,0.720701459306855,0.463770096764648,0.49627693355658,0.999997068196745,0.999983379322086,"group_idyes"
"7009","ZNF804B","Exc L4-5 RORB GABRG1",-0.0940921875715158,7.68358728000672,1.65504786569575,0.199046877819493,0.999997068196745,0.999983379322086,"group_idyes"
"7010","AC002383.1","Exc L4-5 RORB GABRG1",-0.0272506214346694,1.63440114908764,0.0495789621354159,0.823915698663149,0.999997068196745,0.999983379322086,"group_idyes"
"7011","AC004969.1","Exc L4-5 RORB GABRG1",-0.00886345302089952,0.817777034455339,0.00458934586772339,0.954349476535624,0.999997068196745,0.999983379322086,"group_idyes"
"7012","STEAP1","Exc L4-5 RORB GABRG1",0.0369851156076835,1.2058977327384,0.0884014465309562,0.766379778309372,0.999997068196745,0.999983379322086,"group_idyes"
"7013","STEAP2","Exc L4-5 RORB GABRG1",0.0309208001373438,5.91225347321997,0.827602554803136,0.898492116218643,0.999997068196745,0.999983379322086,"group_idyes"
"7014","CFAP69","Exc L4-5 RORB GABRG1",0.000859583383535837,5.82973981838504,0.00066336358728362,0.979465433950589,0.999997068196745,0.999983379322086,"group_idyes"
"7015","AC002064.1","Exc L4-5 RORB GABRG1",-0.0177600381988112,3.3555984635791,0.065454028308169,0.798211233494656,0.999997068196745,0.999983379322086,"group_idyes"
"7016","GTPBP10","Exc L4-5 RORB GABRG1",-0.0358172782710314,4.45383304546863,0.639481328065892,0.592177922959997,0.999997068196745,0.999983379322086,"group_idyes"
"7017","CLDN12","Exc L4-5 RORB GABRG1",0.0412811279661722,5.96595967066096,1.24391499353652,0.265414040725427,0.999997068196745,0.999983379322086,"group_idyes"
"7018","CDK14","Exc L4-5 RORB GABRG1",-0.0159197436920744,8.97820877602636,0.215041973961572,0.643106183415135,0.999997068196745,0.999983379322086,"group_idyes"
"7019","FZD1","Exc L4-5 RORB GABRG1",0.289689020821075,2.17879738935108,6.34806082638412,0.0121551845166837,0.999997068196745,0.999983379322086,"group_idyes"
"7020","AC079760.2","Exc L4-5 RORB GABRG1",-0.0609030618938649,1.86050341386769,0.271593437453166,0.60256471133791,0.999997068196745,0.999983379322086,"group_idyes"
"7021","AC079760.1","Exc L4-5 RORB GABRG1",-0.0433838342451995,4.52576468846679,0.298927245782259,0.584872680132322,0.999997068196745,0.999983379322086,"group_idyes"
"7022","MTERF1","Exc L4-5 RORB GABRG1",-0.00556403291294907,6.10901133316843,0.00755446712668963,0.930783151841803,0.999997068196745,0.999983379322086,"group_idyes"
"7023","AKAP9","Exc L4-5 RORB GABRG1",0.026177076393551,8.01987791082749,0.773500236434581,0.379685392723035,0.999997068196745,0.999983379322086,"group_idyes"
"7024","CYP51A1","Exc L4-5 RORB GABRG1",-0.114073470381763,0.28259065165683,0.310616878505284,0.577625990848809,0.999997068196745,0.999983379322086,"group_idyes"
"7025","LRRD1","Exc L4-5 RORB GABRG1",-0.0365442279127037,2.44834761850844,0.157815900236146,0.691395674382973,0.999997068196745,0.999983379322086,"group_idyes"
"7026","CYP51A1-AS1","Exc L4-5 RORB GABRG1",-0.0236159024778167,1.43922779253832,0.0559434532970811,0.813152207760448,0.999997068196745,0.999983379322086,"group_idyes"
"7027","KRIT1","Exc L4-5 RORB GABRG1",0.014839340297451,6.91000153040277,0.375769456881936,0.54023828553683,0.999997068196745,0.999983379322086,"group_idyes"
"7028","ANKIB1","Exc L4-5 RORB GABRG1",-0.0354802670792172,7.68229845097682,1.63126821615203,0.202297969811727,0.999997068196745,0.999983379322086,"group_idyes"
"7029","GATAD1","Exc L4-5 RORB GABRG1",0.00483862629557844,4.94482558574449,0.00584249495563075,0.939111790821597,0.999997068196745,0.999983379322086,"group_idyes"
"7030","AC007566.1","Exc L4-5 RORB GABRG1",-0.0121421907856944,5.49203770727474,0.0867826367464939,0.7684668080352,0.999997068196745,0.999983379322086,"group_idyes"
"7031","PEX1","Exc L4-5 RORB GABRG1",0.0139353828344745,5.13155441107682,0.182716579526227,0.66928811588963,0.999997068196745,0.999983379322086,"group_idyes"
"7032","RBM48","Exc L4-5 RORB GABRG1",0.0139437941431708,4.94564806061286,0.0762101229848086,0.782648820382797,0.999997068196745,0.999983379322086,"group_idyes"
"7033","FAM133B","Exc L4-5 RORB GABRG1",0.0134858132240608,5.2354219649075,0.177816312243107,0.792111648343721,0.999997068196745,0.999983379322086,"group_idyes"
"7034","CDK6","Exc L4-5 RORB GABRG1",0.0232270608907573,5.8730697961456,0.23306088671256,0.629538033655453,0.999997068196745,0.999983379322086,"group_idyes"
"7035","AC002454.1","Exc L4-5 RORB GABRG1",-0.261048360888842,0.8005533808385,3.64419372188582,0.118199716339582,0.999997068196745,0.999983379322086,"group_idyes"
"7036","VPS50","Exc L4-5 RORB GABRG1",0.00963513869421275,6.77359337004353,0.102502070460491,0.749021268377296,0.999997068196745,0.999983379322086,"group_idyes"
"7037","GNGT1","Exc L4-5 RORB GABRG1",-0.0376198222999662,2.52814713034557,0.110034469241019,0.740285521708806,0.999997068196745,0.999983379322086,"group_idyes"
"7038","BET1","Exc L4-5 RORB GABRG1",0.0219036211496386,4.49716502222335,0.18724959100755,0.665458152491818,0.999997068196745,0.999983379322086,"group_idyes"
"7039","CASD1","Exc L4-5 RORB GABRG1",-0.00635533203658204,6.10071034509667,0.04115283959777,0.959768265612478,0.999997068196745,0.999983379322086,"group_idyes"
"7040","SGCE","Exc L4-5 RORB GABRG1",0.00837268361242375,6.44304846431786,0.090751634267676,0.763386524036056,0.999997068196745,0.999983379322086,"group_idyes"
"7041","PEG10","Exc L4-5 RORB GABRG1",0.0906299776128591,4.87027079559671,1.46947200267198,0.226172918432189,0.999997068196745,0.999983379322086,"group_idyes"
"7042","PPP1R9A","Exc L4-5 RORB GABRG1",0.0136928742456192,8.03035301108276,0.190626417744816,0.662640690932752,0.999997068196745,0.999983379322086,"group_idyes"
"7043","AC002429.2","Exc L4-5 RORB GABRG1",-0.0230734421570243,3.18196889754757,0.0403217143046021,0.840958982352172,0.999997068196745,0.999983379322086,"group_idyes"
"7044","PON2","Exc L4-5 RORB GABRG1",-0.032701370910286,1.09891901299762,0.0563592076991604,0.812472125331894,0.999997068196745,0.999983379322086,"group_idyes"
"7045","PDK4","Exc L4-5 RORB GABRG1",-0.125251655203141,0.471339505789702,0.506028708414632,0.477294138832155,0.999997068196745,0.999983379322086,"group_idyes"
"7046","DYNC1I1","Exc L4-5 RORB GABRG1",-0.0188282002259264,8.21652142715596,0.363862167570388,0.546724505554438,0.999997068196745,0.999983379322086,"group_idyes"
"7047","SLC25A13","Exc L4-5 RORB GABRG1",-0.000135688375760544,5.19480798434058,1.10248061439989e-05,0.99735245997572,0.999997068196745,0.999983379322086,"group_idyes"
"7048","SEM1","Exc L4-5 RORB GABRG1",0.0774244019282364,6.58674678914869,1.15066406867616,0.284082559509244,0.999997068196745,0.999983379322086,"group_idyes"
"7049","DLX6-AS1","Exc L4-5 RORB GABRG1",-0.132739034340917,0.620128424504767,0.591336264775304,0.442374668346413,0.999997068196745,0.999983379322086,"group_idyes"
"7050","SDHAF3","Exc L4-5 RORB GABRG1",-0.0197929103911715,3.86070154344214,0.123942160671361,0.761093927710919,0.999997068196745,0.999983379322086,"group_idyes"
"7051","TAC1","Exc L4-5 RORB GABRG1",-0.239536632213161,0.296333722624177,1.55934603242447,0.212520303461506,0.999997068196745,0.999983379322086,"group_idyes"
"7052","ASNS","Exc L4-5 RORB GABRG1",0.0359270861148265,5.45280833428026,1.28134361600538,0.698777538991648,0.999997068196745,0.999983379322086,"group_idyes"
"7053","LMTK2","Exc L4-5 RORB GABRG1",0.00600597509526475,7.63870395407224,0.0528921835875925,0.818227202688179,0.999997068196745,0.999983379322086,"group_idyes"
"7054","TECPR1","Exc L4-5 RORB GABRG1",-0.0601701649027477,5.16056415001028,2.64816914952415,0.104487896666901,0.999997068196745,0.999983379322086,"group_idyes"
"7055","BRI3","Exc L4-5 RORB GABRG1",-0.00642315806243019,5.66507477944865,0.0221657317308162,0.881725064560574,0.999997068196745,0.999983379322086,"group_idyes"
"7056","BAIAP2L1","Exc L4-5 RORB GABRG1",-0.0260308837732987,4.61303941191685,0.0278511493890479,0.867546925234363,0.999997068196745,0.999983379322086,"group_idyes"
"7057","NPTX2","Exc L4-5 RORB GABRG1",-0.220707398481706,4.0135086960895,1.43390742059062,0.231865056555594,0.999997068196745,0.999983379322086,"group_idyes"
"7058","TMEM130","Exc L4-5 RORB GABRG1",-0.00794829205406223,6.84429955776233,0.0341964578260339,0.853386996442079,0.999997068196745,0.999983379322086,"group_idyes"
"7059","TRRAP","Exc L4-5 RORB GABRG1",0.00281527330338951,6.63394195909774,0.00840970703879424,0.926980587086392,0.999997068196745,0.999983379322086,"group_idyes"
"7060","SMURF1","Exc L4-5 RORB GABRG1",-0.0604471495327146,6.29321362051956,1.8602501003726,0.173393351577223,0.999997068196745,0.999983379322086,"group_idyes"
"7061","KPNA7","Exc L4-5 RORB GABRG1",-0.0989807779728027,0.409388148233213,0.366618103210166,0.545210493396664,0.999997068196745,0.999983379322086,"group_idyes"
"7062","AC004834.1","Exc L4-5 RORB GABRG1",0.0255302160245959,2.08142841930559,0.0812379818111156,0.775780062159975,0.999997068196745,0.999983379322086,"group_idyes"
"7063","AC004922.1","Exc L4-5 RORB GABRG1",-0.023299938865351,1.51453363955547,0.0638611951007136,0.838846558829294,0.999997068196745,0.999983379322086,"group_idyes"
"7064","ARPC1B","Exc L4-5 RORB GABRG1",-0.094076783307926,1.22984091428524,0.682844603183247,0.409121076402463,0.999997068196745,0.999983379322086,"group_idyes"
"7065","PDAP1","Exc L4-5 RORB GABRG1",-0.0437778633457625,4.70620229669034,0.509898762381111,0.475615671226824,0.999997068196745,0.999983379322086,"group_idyes"
"7066","BUD31","Exc L4-5 RORB GABRG1",-0.0380924067712968,3.25206112212397,0.217219107106547,0.641430795228094,0.999997068196745,0.999983379322086,"group_idyes"
"7067","PTCD1","Exc L4-5 RORB GABRG1",0.0151044209880003,2.39091023839593,0.0453994081181775,0.831384153333612,0.999997068196745,0.999983379322086,"group_idyes"
"7068","CPSF4","Exc L4-5 RORB GABRG1",0.0223427482690188,3.84098128783304,0.163826690978955,0.685882477563181,0.999997068196745,0.999983379322086,"group_idyes"
"7069","ZNF789","Exc L4-5 RORB GABRG1",-0.00272602611291777,5.02580746029877,0.00431060232642256,0.94768646095101,0.999997068196745,0.999983379322086,"group_idyes"
"7070","ZNF394","Exc L4-5 RORB GABRG1",-0.0529954469281641,3.60121841752644,1.45645135645345,0.228237095924273,0.999997068196745,0.999983379322086,"group_idyes"
"7071","ZKSCAN5","Exc L4-5 RORB GABRG1",-0.00751845708520722,3.83387471743069,0.032299951522707,0.857465539097104,0.999997068196745,0.999983379322086,"group_idyes"
"7072","FAM200A","Exc L4-5 RORB GABRG1",0.0340076430773239,3.99073270211715,0.489745925654956,0.849396115889098,0.999997068196745,0.999983379322086,"group_idyes"
"7073","AC005020.2","Exc L4-5 RORB GABRG1",-0.196935940103589,1.14095848902699,2.21057704057288,0.137886438106695,0.999997068196745,0.999983379322086,"group_idyes"
"7074","TMEM225B","Exc L4-5 RORB GABRG1",-0.0868760046370684,0.126969966612315,0.207837540618323,0.648724837887428,0.999997068196745,0.999983379322086,"group_idyes"
"7075","ZSCAN25","Exc L4-5 RORB GABRG1",-0.0328701056561341,3.66948261050334,0.465177170121843,0.495624698851073,0.999997068196745,0.999983379322086,"group_idyes"
"7076","CYP3A5","Exc L4-5 RORB GABRG1",-0.0864064212577496,1.793301156581,0.353787435659435,0.552326593484701,0.999997068196745,0.999983379322086,"group_idyes"
"7077","CYP3A4","Exc L4-5 RORB GABRG1",-0.0478419900783272,0.396612265046922,0.0672300024413568,0.795552112182494,0.999997068196745,0.999983379322086,"group_idyes"
"7078","CYP3A43","Exc L4-5 RORB GABRG1",-0.0384820058939253,3.40269278473117,0.231685626921002,0.630550417005367,0.999997068196745,0.999983379322086,"group_idyes"
"7079","TRIM4","Exc L4-5 RORB GABRG1",-0.0137960310208062,4.92897364965786,0.167925312985178,0.682190340025907,0.999997068196745,0.999983379322086,"group_idyes"
"7080","AC004522.2","Exc L4-5 RORB GABRG1",0.0172620415366084,2.55066324064151,0.0383448055331293,0.84485577103042,0.999997068196745,0.999983379322086,"group_idyes"
"7081","ZKSCAN1","Exc L4-5 RORB GABRG1",-0.0392762946980048,6.67502391852106,0.882824203169976,0.348018839219048,0.999997068196745,0.999983379322086,"group_idyes"
"7082","ZSCAN21","Exc L4-5 RORB GABRG1",0.0399633581593381,3.03529882674542,0.567849485235458,0.45157564783059,0.999997068196745,0.999983379322086,"group_idyes"
"7083","ZNF3","Exc L4-5 RORB GABRG1",0.0315243871036522,3.67759936437937,0.494839422920707,0.900478045693897,0.999997068196745,0.999983379322086,"group_idyes"
"7084","COPS6","Exc L4-5 RORB GABRG1",0.0394145100644085,5.12335297462043,0.414282843248896,0.5201871534285,0.999997068196745,0.999983379322086,"group_idyes"
"7085","MCM7","Exc L4-5 RORB GABRG1",0.039259897104303,2.4506296675941,0.339637631028253,0.560379875693067,0.999997068196745,0.999983379322086,"group_idyes"
"7086","AP4M1","Exc L4-5 RORB GABRG1",-0.0340903036102792,3.61488543158325,0.291749336845906,0.589414206444168,0.999997068196745,0.999983379322086,"group_idyes"
"7087","TAF6","Exc L4-5 RORB GABRG1",0.00961614747299157,4.45503461990895,0.0287805624779773,0.865375863195437,0.999997068196745,0.999983379322086,"group_idyes"
"7088","AC073842.2","Exc L4-5 RORB GABRG1",-0.0796057226835703,1.32322740313505,0.518412555413134,0.47195680934847,0.999997068196745,0.999983379322086,"group_idyes"
"7089","CNPY4","Exc L4-5 RORB GABRG1",-0.00970048650159096,2.86655772970502,0.0243686297662059,0.876032490855893,0.999997068196745,0.999983379322086,"group_idyes"
"7090","MBLAC1","Exc L4-5 RORB GABRG1",0.00121543118141775,2.01885430635631,0.000158915200760339,0.989948542481295,0.999997068196745,0.999983379322086,"group_idyes"
"7091","AC073842.1","Exc L4-5 RORB GABRG1",0.0254917073206467,2.80238678779945,0.10242482310738,0.749112663385451,0.999997068196745,0.999983379322086,"group_idyes"
"7092","LAMTOR4","Exc L4-5 RORB GABRG1",-0.0417171038805448,4.53564203260496,0.521172329458839,0.470780562543145,0.999997068196745,0.999983379322086,"group_idyes"
"7093","C7orf43","Exc L4-5 RORB GABRG1",0.00393356116777542,2.56237669674712,0.00301592647866912,0.956232735279091,0.999997068196745,0.999983379322086,"group_idyes"
"7094","GPC2","Exc L4-5 RORB GABRG1",-0.0253774820789596,0.194929280701994,0.0208787243114298,0.885185486356131,0.999997068196745,0.999983379322086,"group_idyes"
"7095","STAG3","Exc L4-5 RORB GABRG1",0.0206076373533342,3.80138922737553,0.0887677137960614,0.765910464354066,0.999997068196745,0.999983379322086,"group_idyes"
"7096","CASTOR3","Exc L4-5 RORB GABRG1",-0.0184057031994859,6.92648461349174,0.149360542306775,0.699360849305304,0.999997068196745,0.999983379322086,"group_idyes"
"7097","SPDYE3","Exc L4-5 RORB GABRG1",-0.118772424409373,4.1432660465463,0.702624706203494,0.402423616560853,0.999997068196745,0.999983379322086,"group_idyes"
"7098","PILRB","Exc L4-5 RORB GABRG1",-0.0430372301606674,5.61031474906641,0.701358446244666,0.40284754481846,0.999997068196745,0.999983379322086,"group_idyes"
"7099","PILRA","Exc L4-5 RORB GABRG1",0.0354542169991447,5.2873197921923,0.522976474488485,0.470014174529786,0.999997068196745,0.999983379322086,"group_idyes"
"7100","ZCWPW1","Exc L4-5 RORB GABRG1",0.0260403041932886,3.36756867781523,0.19035879174557,0.662862896498677,0.999997068196745,0.999983379322086,"group_idyes"
"7101","MEPCE","Exc L4-5 RORB GABRG1",0.130999882017239,3.25613229723659,2.96857745654105,0.0857000079057746,0.999997068196745,0.999983379322086,"group_idyes"
"7102","PPP1R35","Exc L4-5 RORB GABRG1",0.0175550574058944,3.3278841339264,0.0666486632893295,0.796418366887106,0.999997068196745,0.999983379322086,"group_idyes"
"7103","C7orf61","Exc L4-5 RORB GABRG1",0.0793678208783213,1.74695257890092,0.457424442283684,0.499236511175721,0.999997068196745,0.999983379322086,"group_idyes"
"7104","TSC22D4","Exc L4-5 RORB GABRG1",0.0292699437548696,3.43859663708159,0.312467541180849,0.576495158180278,0.999997068196745,0.999983379322086,"group_idyes"
"7105","NYAP1","Exc L4-5 RORB GABRG1",-0.034148805215394,4.39951576241755,0.418980793508324,0.517832072498579,0.999997068196745,0.999983379322086,"group_idyes"
"7106","AC069281.1","Exc L4-5 RORB GABRG1",0.227753613435802,0.483625512196135,1.2492394455118,0.26439524268828,0.999997068196745,0.999983379322086,"group_idyes"
"7107","AGFG2","Exc L4-5 RORB GABRG1",-0.055663017854729,4.33395170219284,1.81643002554296,0.178531882635131,0.999997068196745,0.999983379322086,"group_idyes"
"7108","SAP25","Exc L4-5 RORB GABRG1",-0.02723280815481,1.77915249201014,0.0562855672236609,0.812592391312081,0.999997068196745,0.999983379322086,"group_idyes"
"7109","LRCH4","Exc L4-5 RORB GABRG1",0.0398305505681878,4.38948533282512,0.697946113482583,0.403993201551934,0.999997068196745,0.999983379322086,"group_idyes"
"7110","FBXO24","Exc L4-5 RORB GABRG1",-0.0671664342704908,0.702585742889014,0.260151471776076,0.610308589053704,0.999997068196745,0.999983379322086,"group_idyes"
"7111","PCOLCE-AS1","Exc L4-5 RORB GABRG1",-0.0697530085290331,0.459478330030443,0.185184835620539,0.667195779666395,0.999997068196745,0.999983379322086,"group_idyes"
"7112","PCOLCE","Exc L4-5 RORB GABRG1",0.0757142331756039,1.0893272407658,0.423103097990036,0.627646067428113,0.999997068196745,0.999983379322086,"group_idyes"
"7113","MOSPD3","Exc L4-5 RORB GABRG1",-0.0633074923776065,2.70999618248939,0.803056335754425,0.370741501918048,0.999997068196745,0.999983379322086,"group_idyes"
"7114","TFR2","Exc L4-5 RORB GABRG1",-0.0551256629028265,4.23536035606921,0.984871472112729,0.321622811694631,0.999997068196745,0.999983379322086,"group_idyes"
"7115","ACTL6B","Exc L4-5 RORB GABRG1",0.00542726390068621,5.87586444103863,0.0167979351880185,0.896945217134462,0.999997068196745,0.999983379322086,"group_idyes"
"7116","GNB2","Exc L4-5 RORB GABRG1",0.00855507867145525,4.99497583579241,0.0216259166976843,0.883163643555798,0.999997068196745,0.999983379322086,"group_idyes"
"7117","GIGYF1","Exc L4-5 RORB GABRG1",-0.0393313874285053,5.41459992317737,0.664482036930894,0.415486390419081,0.999997068196745,0.999983379322086,"group_idyes"
"7118","POP7","Exc L4-5 RORB GABRG1",-0.014313276359767,3.77212847356268,0.0146979149811655,0.903568229016984,0.999997068196745,0.999983379322086,"group_idyes"
"7119","ZAN","Exc L4-5 RORB GABRG1",0.0142194930256085,1.13436465854382,0.0131302275683287,0.908832098599334,0.999997068196745,0.999983379322086,"group_idyes"
"7120","EPHB4","Exc L4-5 RORB GABRG1",0.319101155313347,0.170822179381466,3.29357497155596,0.0703300338506718,0.999997068196745,0.999983379322086,"group_idyes"
"7121","SLC12A9","Exc L4-5 RORB GABRG1",-0.0576173413179372,3.22275327247639,1.13145707896401,0.288131922764281,0.999997068196745,0.999983379322086,"group_idyes"
"7122","SRRT","Exc L4-5 RORB GABRG1",0.028213024483917,4.09972470241588,0.478674662424946,0.766604905995984,0.999997068196745,0.999983379322086,"group_idyes"
"7123","ACHE","Exc L4-5 RORB GABRG1",0.0387555546893496,3.7714081526089,0.321354669631432,0.571125247795494,0.999997068196745,0.999983379322086,"group_idyes"
"7124","MUC12","Exc L4-5 RORB GABRG1",-0.143108232017866,1.96199280287909,2.01263100961102,0.156804149145939,0.999997068196745,0.999983379322086,"group_idyes"
"7125","AC105446.1","Exc L4-5 RORB GABRG1",0.0218036264284397,1.67684404999793,0.0347941442985302,0.852125994393651,0.999997068196745,0.999983379322086,"group_idyes"
"7126","TRIM56","Exc L4-5 RORB GABRG1",0.0637757292088911,0.37992200700375,0.10114312048141,0.750634686032209,0.999997068196745,0.999983379322086,"group_idyes"
"7127","SERPINE1","Exc L4-5 RORB GABRG1",-0.198608286610278,0.268289555097756,1.26243833153914,0.26189065512838,0.999997068196745,0.999983379322086,"group_idyes"
"7128","AP1S1","Exc L4-5 RORB GABRG1",0.0543492754401557,5.12936385320828,0.351363549271823,0.553690517675683,0.999997068196745,0.999983379322086,"group_idyes"
"7129","VGF","Exc L4-5 RORB GABRG1",-0.224067396260012,5.65719434371095,1.74363578056824,0.187463792000415,0.999997068196745,0.999983379322086,"group_idyes"
"7130","NAT16","Exc L4-5 RORB GABRG1",-0.330067780631018,0.711305639166937,2.75331222776237,0.0978680821998123,0.999997068196745,0.999983379322086,"group_idyes"
"7131","PLOD3","Exc L4-5 RORB GABRG1",0.00806947313040289,4.64963958557886,0.0238369592774771,0.877381441718012,0.999997068196745,0.999983379322086,"group_idyes"
"7132","ZNHIT1","Exc L4-5 RORB GABRG1",0.0716567003744938,3.73311992933237,0.748025148383648,0.387641149175118,0.999997068196745,0.999983379322086,"group_idyes"
"7133","CLDN15","Exc L4-5 RORB GABRG1",-0.110747498624347,2.02544125406831,1.78081799270372,0.182838169266421,0.999997068196745,0.999983379322086,"group_idyes"
"7134","FIS1","Exc L4-5 RORB GABRG1",0.000460286883057111,4.84141059607807,3.65780342392542e-05,0.995177576132661,0.999997068196745,0.999983379322086,"group_idyes"
"7135","IFT22","Exc L4-5 RORB GABRG1",-0.0161395284211683,3.643089915864,0.0663694453708187,0.796835863024512,0.999997068196745,0.999983379322086,"group_idyes"
"7136","COL26A1","Exc L4-5 RORB GABRG1",-0.0804610132994796,7.07223493723628,2.25762493159267,0.133778172406583,0.999997068196745,0.999983379322086,"group_idyes"
"7137","CUX1","Exc L4-5 RORB GABRG1",-0.050717891870391,7.65615094146522,1.34603668970839,0.246691630199702,0.999997068196745,0.999983379322086,"group_idyes"
"7138","SH2B2","Exc L4-5 RORB GABRG1",-0.0543936564536469,2.48569747669313,0.414965767169845,0.519843632725775,0.999997068196745,0.999983379322086,"group_idyes"
"7139","SPDYE6","Exc L4-5 RORB GABRG1",0.131601586666555,0.37598703057969,0.440111685034779,0.507465863300787,0.999997068196745,0.999983379322086,"group_idyes"
"7140","PRKRIP1","Exc L4-5 RORB GABRG1",-0.0396514106326873,6.45596569142916,0.742276707341012,0.389469190599834,0.999997068196745,0.999983379322086,"group_idyes"
"7141","ORAI2","Exc L4-5 RORB GABRG1",0.0139145642845191,5.69626258028831,0.0683532882071946,0.793889556515131,0.999997068196745,0.999983379322086,"group_idyes"
"7142","ALKBH4","Exc L4-5 RORB GABRG1",-0.0120797195456369,3.65610049442444,0.0415429463235494,0.838601251356955,0.999997068196745,0.999983379322086,"group_idyes"
"7143","LRWD1","Exc L4-5 RORB GABRG1",0.083772109614141,2.78738019969938,1.33580951190248,0.248491564602963,0.999997068196745,0.999983379322086,"group_idyes"
"7144","POLR2J","Exc L4-5 RORB GABRG1",0.0495406966805533,3.52194318082236,0.343618202268762,0.558091878221273,0.999997068196745,0.999983379322086,"group_idyes"
"7145","AC093668.2","Exc L4-5 RORB GABRG1",0.00047520919738833,3.90260847701307,2.47011963675373e-05,0.996037082283389,0.999997068196745,0.999983379322086,"group_idyes"
"7146","AC093668.1","Exc L4-5 RORB GABRG1",0.0120785232475284,1.70314643757072,0.0142652029043785,0.904991470873329,0.999997068196745,0.999983379322086,"group_idyes"
"7147","SPDYE2","Exc L4-5 RORB GABRG1",-0.119982137703669,3.4117425840314,0.422608398545958,0.516026344617488,0.999997068196745,0.999983379322086,"group_idyes"
"7148","AC105052.1","Exc L4-5 RORB GABRG1",0.00615607856494864,4.36280869386093,0.00482266982682363,0.944671136598031,0.999997068196745,0.999983379322086,"group_idyes"
"7149","AC105052.3","Exc L4-5 RORB GABRG1",0.00891493392332577,5.09357440881919,0.0147530200089145,0.903388516269046,0.999997068196745,0.999983379322086,"group_idyes"
"7150","SPDYE2B","Exc L4-5 RORB GABRG1",-0.0863610569830448,0.252499166426573,0.189616274545003,0.663480372054088,0.999997068196745,0.999983379322086,"group_idyes"
"7151","FAM185A","Exc L4-5 RORB GABRG1",0.0145318641271677,6.83051581092845,0.193177733431373,0.660531644921095,0.999997068196745,0.999983379322086,"group_idyes"
"7152","FBXL13","Exc L4-5 RORB GABRG1",-0.0398055173971796,5.66446600425103,0.656991149204587,0.418125291187479,0.999997068196745,0.999983379322086,"group_idyes"
"7153","LRRC17","Exc L4-5 RORB GABRG1",-0.116103185149181,3.62163602328605,4.02921374208975,0.0454177395744285,0.999997068196745,0.999983379322086,"group_idyes"
"7154","ARMC10","Exc L4-5 RORB GABRG1",0.05583562546489,5.09636576226126,2.13012637352919,0.145244851328289,0.999997068196745,0.999983379322086,"group_idyes"
"7155","NAPEPLD","Exc L4-5 RORB GABRG1",0.026355887583284,7.79347258645341,0.96404117228021,0.326787832941336,0.999997068196745,0.999983379322086,"group_idyes"
"7156","PMPCB","Exc L4-5 RORB GABRG1",0.0630051159771661,5.52539903746221,3.07555223851623,0.0802738573723858,0.999997068196745,0.999983379322086,"group_idyes"
"7157","DNAJC2","Exc L4-5 RORB GABRG1",0.0116679106911621,4.73675178690632,0.12023040386942,0.728974305308015,0.999997068196745,0.999983379322086,"group_idyes"
"7158","PSMC2","Exc L4-5 RORB GABRG1",-0.00883178772063337,5.17441382762872,0.0433537981899564,0.835170693995351,0.999997068196745,0.999983379322086,"group_idyes"
"7159","SLC26A5","Exc L4-5 RORB GABRG1",-0.124336576198647,1.84757301649838,1.15489775029042,0.28319973479976,0.999997068196745,0.999983379322086,"group_idyes"
"7160","RELN","Exc L4-5 RORB GABRG1",-0.219948323025962,1.66012478954064,4.57707195701749,0.071527482836566,0.999997068196745,0.999983379322086,"group_idyes"
"7161","ORC5","Exc L4-5 RORB GABRG1",-0.0535203340365495,5.72392675791767,2.9398385685022,0.0872246785584532,0.999997068196745,0.999983379322086,"group_idyes"
"7162","LHFPL3","Exc L4-5 RORB GABRG1",-0.0288360128574443,3.75887917076356,0.17556101837867,0.675449945450382,0.999997068196745,0.999983379322086,"group_idyes"
"7163","LINC01004","Exc L4-5 RORB GABRG1",0.0418205685091483,5.75418991692181,0.616880041398628,0.432692460400394,0.999997068196745,0.999983379322086,"group_idyes"
"7164","KMT2E-AS1","Exc L4-5 RORB GABRG1",0.0575682912332347,2.07375714326274,0.436965081077428,0.508986573784443,0.999997068196745,0.999983379322086,"group_idyes"
"7165","KMT2E","Exc L4-5 RORB GABRG1",0.00249915673233021,7.89000355848514,0.0126247989518554,0.91059646685524,0.999997068196745,0.999983379322086,"group_idyes"
"7166","AC005070.3","Exc L4-5 RORB GABRG1",0.1163435646126,2.62249283992876,2.37202614034429,0.124348683544218,0.999997068196745,0.999983379322086,"group_idyes"
"7167","SRPK2","Exc L4-5 RORB GABRG1",-0.0226926995438579,8.48738831838917,1.24763502144803,0.264701724299455,0.999997068196745,0.999983379322086,"group_idyes"
"7168","PUS7","Exc L4-5 RORB GABRG1",-0.0533576746872757,5.83589271643603,2.50671517127225,0.114183654078311,0.999997068196745,0.999983379322086,"group_idyes"
"7169","RINT1","Exc L4-5 RORB GABRG1",0.0156309101807517,4.49796521155914,0.149512314030045,0.886139433383946,0.999997068196745,0.999983379322086,"group_idyes"
"7170","EFCAB10","Exc L4-5 RORB GABRG1",-0.0236875539752455,3.28560501487624,0.176459173496889,0.674668497369856,0.999997068196745,0.999983379322086,"group_idyes"
"7171","AC073073.2","Exc L4-5 RORB GABRG1",0.0787417323975656,1.18063801055033,0.603665637855726,0.437660269594935,0.999997068196745,0.999983379322086,"group_idyes"
"7172","ATXN7L1","Exc L4-5 RORB GABRG1",-0.024734805714467,7.54476671948157,0.355218471013834,0.551524315849363,0.999997068196745,0.999983379322086,"group_idyes"
"7173","CDHR3","Exc L4-5 RORB GABRG1",-0.0129908907023115,7.20080387477219,0.0738310667751098,0.785984047423727,0.999997068196745,0.999983379322086,"group_idyes"
"7174","SYPL1","Exc L4-5 RORB GABRG1",-0.0360268622450054,3.17572093090944,0.416215957535049,0.541813012589467,0.999997068196745,0.999983379322086,"group_idyes"
"7175","NAMPT","Exc L4-5 RORB GABRG1",0.0333839705635953,4.73863348326277,0.720414679505458,0.548401076794996,0.999997068196745,0.999983379322086,"group_idyes"
"7176","CCDC71L","Exc L4-5 RORB GABRG1",0.171498374531114,1.77357571270729,3.6569065041035,0.0565795686190395,0.999997068196745,0.999983379322086,"group_idyes"
"7177","PRKAR2B","Exc L4-5 RORB GABRG1",0.0392649061194854,7.30810912725792,1.11347377526007,0.291990261875228,0.999997068196745,0.999983379322086,"group_idyes"
"7178","HBP1","Exc L4-5 RORB GABRG1",-0.00378530948768891,5.15206021353742,0.00900835062450107,0.940970497609946,0.999997068196745,0.999983379322086,"group_idyes"
"7179","COG5","Exc L4-5 RORB GABRG1",-0.0200353101669456,7.33289337379447,0.431268030730525,0.511760014910035,0.999997068196745,0.999983379322086,"group_idyes"
"7180","GPR22","Exc L4-5 RORB GABRG1",0.0294574910169792,5.18838479651565,0.257370971184126,0.6122227864834,0.999997068196745,0.999983379322086,"group_idyes"
"7181","DUS4L","Exc L4-5 RORB GABRG1",-0.061275422825593,2.71236957001623,0.908697628329834,0.554217211583964,0.999997068196745,0.999983379322086,"group_idyes"
"7182","AC004839.1","Exc L4-5 RORB GABRG1",0.0723688859451216,0.680109498856919,0.233846756203912,0.628961177183203,0.999997068196745,0.999983379322086,"group_idyes"
"7183","BCAP29","Exc L4-5 RORB GABRG1",0.0250599860146495,6.54774733073191,0.530421917400135,0.466872574797294,0.999997068196745,0.999983379322086,"group_idyes"
"7184","SLC26A4-AS1","Exc L4-5 RORB GABRG1",0.104865728049506,2.45327568420682,0.905166559122483,0.341997438115753,0.999997068196745,0.999983379322086,"group_idyes"
"7185","SLC26A4","Exc L4-5 RORB GABRG1",0.016063230763354,3.46630213724127,0.0309972442122418,0.860339169949884,0.999997068196745,0.999983379322086,"group_idyes"
"7186","CBLL1","Exc L4-5 RORB GABRG1",0.0541880302027808,3.86814902599425,1.2045676177762,0.27309709972011,0.999997068196745,0.999983379322086,"group_idyes"
"7187","SLC26A3","Exc L4-5 RORB GABRG1",0.152175869174134,7.15129911713275,0.919572497030324,0.33818948082578,0.999997068196745,0.999983379322086,"group_idyes"
"7188","DLD","Exc L4-5 RORB GABRG1",-0.00360369181447912,5.22024684914304,0.00922182177976544,0.923546494996027,0.999997068196745,0.999983379322086,"group_idyes"
"7189","LAMB1","Exc L4-5 RORB GABRG1",-0.0607338026675513,4.7117420826502,1.540847280884,0.21524802658927,0.999997068196745,0.999983379322086,"group_idyes"
"7190","AC005046.1","Exc L4-5 RORB GABRG1",0.107332980272098,0.839010552122326,0.713619462190092,0.793832195575009,0.999997068196745,0.999983379322086,"group_idyes"
"7191","LAMB4","Exc L4-5 RORB GABRG1",0.117440878132394,1.81571207207055,0.684330812191987,0.408612193598399,0.999997068196745,0.999983379322086,"group_idyes"
"7192","NRCAM","Exc L4-5 RORB GABRG1",-0.00489748374364213,9.65390148610505,0.0277768572638867,0.867722064600343,0.999997068196745,0.999983379322086,"group_idyes"
"7193","PNPLA8","Exc L4-5 RORB GABRG1",0.029350473410742,5.89111597793201,0.850447888205394,0.357003609533939,0.999997068196745,0.999983379322086,"group_idyes"
"7194","DNAJB9","Exc L4-5 RORB GABRG1",-0.0206926066969092,4.05625701643922,0.0714528029332163,0.789376360815509,0.999997068196745,0.999983379322086,"group_idyes"
"7195","AC005487.1","Exc L4-5 RORB GABRG1",0.303963297181976,0.543786697515063,1.37894874228734,0.241006646563063,0.999997068196745,0.999983379322086,"group_idyes"
"7196","AC092167.1","Exc L4-5 RORB GABRG1",-0.0748964392466451,0.351744716930718,0.167045485308025,0.682978440941218,0.999997068196745,0.999983379322086,"group_idyes"
"7197","IMMP2L","Exc L4-5 RORB GABRG1",0.00183607850005998,8.77284316640277,0.00138493118148508,0.97033314872601,0.999997068196745,0.999983379322086,"group_idyes"
"7198","LRRN3","Exc L4-5 RORB GABRG1",0.0247800412631315,7.12502490498274,0.544244980762759,0.461128485878395,0.999997068196745,0.999983379322086,"group_idyes"
"7199","DOCK4","Exc L4-5 RORB GABRG1",-0.00996347489387507,9.0722551837535,0.0674672488381663,0.795199739694523,0.999997068196745,0.999983379322086,"group_idyes"
"7200","ZNF277","Exc L4-5 RORB GABRG1",-0.0105751333426052,5.69830038581715,0.0928323862018337,0.945322332623018,0.999997068196745,0.999983379322086,"group_idyes"
"7201","AC004112.1","Exc L4-5 RORB GABRG1",-0.0488883882830813,2.23723680600262,0.178603214449857,0.672812471022557,0.999997068196745,0.999983379322086,"group_idyes"
"7202","IFRD1","Exc L4-5 RORB GABRG1",-0.00587478966604072,5.1783076052686,0.017259644037182,0.895546573817285,0.999997068196745,0.999983379322086,"group_idyes"
"7203","LSMEM1","Exc L4-5 RORB GABRG1",0.0478362862751476,2.90563447008879,0.340258462921565,0.560021847121918,0.999997068196745,0.999983379322086,"group_idyes"
"7204","TMEM168","Exc L4-5 RORB GABRG1",-0.0429797505944156,4.92033011712076,1.07129759799509,0.30130267043327,0.999997068196745,0.999983379322086,"group_idyes"
"7205","BMT2","Exc L4-5 RORB GABRG1",0.0175260155922116,6.0612170532177,0.197789255041079,0.656761331370893,0.999997068196745,0.999983379322086,"group_idyes"
"7206","GPR85","Exc L4-5 RORB GABRG1",0.021127000227137,4.12548071738403,0.141338057051705,0.707161623733732,0.999997068196745,0.999983379322086,"group_idyes"
"7207","SMIM30","Exc L4-5 RORB GABRG1",-0.000954711237840265,1.72315665887186,1.72377201143551e-05,0.996689477720514,0.999997068196745,0.999983379322086,"group_idyes"
"7208","PPP1R3A","Exc L4-5 RORB GABRG1",-0.0882088938210434,1.05112670122759,0.527565913873912,0.468073657170292,0.999997068196745,0.999983379322086,"group_idyes"
"7209","FOXP2","Exc L4-5 RORB GABRG1",0.0272937714018544,9.06717747234126,0.484739734854214,0.48670361347342,0.999997068196745,0.999983379322086,"group_idyes"
"7210","MDFIC","Exc L4-5 RORB GABRG1",-0.0437252991792644,4.63381196203438,0.288056412262101,0.591778945688479,0.999997068196745,0.999983379322086,"group_idyes"
"7211","LINC01392","Exc L4-5 RORB GABRG1",-0.0056565536783254,0.563405519792252,0.00165456248707718,0.967575045060997,0.999997068196745,0.999983379322086,"group_idyes"
"7212","TFEC","Exc L4-5 RORB GABRG1",0.0807113999286335,1.0855531835563,0.318754855340037,0.572685908407012,0.999997068196745,0.999983379322086,"group_idyes"
"7213","AC002066.1","Exc L4-5 RORB GABRG1",0.113753866261681,3.37768615008637,1.01446998150895,0.314467388601226,0.999997068196745,0.999983379322086,"group_idyes"
"7214","CAV2","Exc L4-5 RORB GABRG1",0.144537766996269,2.9124771735624,3.20048142006092,0.0744031714968611,0.999997068196745,0.999983379322086,"group_idyes"
"7215","CAV1","Exc L4-5 RORB GABRG1",0.223381471204806,1.85677547443401,2.1967381732085,0.139121717942195,0.999997068196745,0.999983379322086,"group_idyes"
"7216","AC006159.2","Exc L4-5 RORB GABRG1",0.0441699889357058,0.552407377377811,0.0709558628390159,0.790092799123448,0.999997068196745,0.999983379322086,"group_idyes"
"7217","MET","Exc L4-5 RORB GABRG1",0.0379244015795877,6.09080058860256,0.239895542425093,0.62456073128176,0.999997068196745,0.999983379322086,"group_idyes"
"7218","CAPZA2","Exc L4-5 RORB GABRG1",-0.0129308225856803,6.25810028572806,0.124620339965123,0.724269733329288,0.999997068196745,0.999983379322086,"group_idyes"
"7219","ST7","Exc L4-5 RORB GABRG1",0.00190334981826398,8.31715520531428,0.00286201481788469,0.957363049563091,0.999997068196745,0.999983379322086,"group_idyes"
"7220","ST7-AS2","Exc L4-5 RORB GABRG1",0.0395879935699947,3.35383898815593,0.092876827907241,0.760716024792422,0.999997068196745,0.999983379322086,"group_idyes"
"7221","WNT2","Exc L4-5 RORB GABRG1",0.204450521651182,1.51522956911836,3.50530575458879,0.0619309187335192,0.999997068196745,0.999983379322086,"group_idyes"
"7222","CFTR","Exc L4-5 RORB GABRG1",-0.0484535946102357,2.35494754882325,0.172945860301382,0.677738757607803,0.999997068196745,0.999983379322086,"group_idyes"
"7223","CTTNBP2","Exc L4-5 RORB GABRG1",0.0055350823636203,7.45103561962546,0.0240182101424492,0.876919858347967,0.999997068196745,0.999983379322086,"group_idyes"
"7224","LSM8","Exc L4-5 RORB GABRG1",0.0122067026721319,3.74539055878194,0.0478247942453531,0.827008429043616,0.999997068196745,0.999983379322086,"group_idyes"
"7225","ANKRD7","Exc L4-5 RORB GABRG1",-0.00162612862186919,5.48749439298784,0.000886781162717782,0.976258851052013,0.999997068196745,0.999983379322086,"group_idyes"
"7226","LINC02476","Exc L4-5 RORB GABRG1",-0.137053214622914,0.247934819953473,0.549555501395349,0.458951624541244,0.999997068196745,0.999983379322086,"group_idyes"
"7227","KCND2","Exc L4-5 RORB GABRG1",0.017804934105019,9.4626738397959,0.142174838007902,0.706336322661983,0.999997068196745,0.999983379322086,"group_idyes"
"7228","ING3","Exc L4-5 RORB GABRG1",-0.0130882438721807,4.07334264924989,0.0820047204526724,0.774752976774141,0.999997068196745,0.999983379322086,"group_idyes"
"7229","CPED1","Exc L4-5 RORB GABRG1",-0.157688285239211,0.624758224073839,0.926513195752217,0.336375197642182,0.999997068196745,0.999983379322086,"group_idyes"
"7230","FAM3C","Exc L4-5 RORB GABRG1",0.0289682310144272,5.66488194728106,0.415577927764982,0.519536046942055,0.999997068196745,0.999983379322086,"group_idyes"
"7231","PTPRZ1","Exc L4-5 RORB GABRG1",-0.0707225482998711,3.22640266057075,0.521680855008202,0.470564340345674,0.999997068196745,0.999983379322086,"group_idyes"
"7232","AASS","Exc L4-5 RORB GABRG1",-0.0488132176992457,1.79249020611861,0.231097251880802,0.630984674264824,0.999997068196745,0.999983379322086,"group_idyes"
"7233","CADPS2","Exc L4-5 RORB GABRG1",-0.0177266987451923,9.02621247376104,0.126647327873453,0.722128903870533,0.999997068196745,0.999983379322086,"group_idyes"
"7234","AC004594.1","Exc L4-5 RORB GABRG1",-0.138784337710604,3.98216022750938,0.982885929272532,0.322110461453101,0.999997068196745,0.999983379322086,"group_idyes"
"7235","SLC13A1","Exc L4-5 RORB GABRG1",-0.344819092386937,0.15181034955597,1.96484502735178,0.161802329027782,0.999997068196745,0.999983379322086,"group_idyes"
"7236","IQUB","Exc L4-5 RORB GABRG1",0.0133058865340712,4.50185644432096,0.0412338779239525,0.83919449569463,0.999997068196745,0.999983379322086,"group_idyes"
"7237","NDUFA5","Exc L4-5 RORB GABRG1",-0.0504564053369172,5.93851027153678,0.869258406716409,0.351745409064062,0.999997068196745,0.999983379322086,"group_idyes"
"7238","ASB15","Exc L4-5 RORB GABRG1",-0.112782907732583,0.191123503697121,0.442560885494347,0.50628760921233,0.999997068196745,0.999983379322086,"group_idyes"
"7239","AC006333.1","Exc L4-5 RORB GABRG1",-0.0436747514338835,0.606318899860677,0.0753302905421333,0.783875655183175,0.999997068196745,0.999983379322086,"group_idyes"
"7240","WASL","Exc L4-5 RORB GABRG1",0.0509727161680737,6.32349033735866,1.97776830028272,0.16043288361366,0.999997068196745,0.999983379322086,"group_idyes"
"7241","AC006333.2","Exc L4-5 RORB GABRG1",0.0946304329482298,1.05971126966911,0.561325223622038,0.454184618486099,0.999997068196745,0.999983379322086,"group_idyes"
"7242","TMEM229A","Exc L4-5 RORB GABRG1",0.0501578140017141,1.676300193807,0.253084862567572,0.965920658249687,0.999997068196745,0.999983379322086,"group_idyes"
"7243","AC006148.1","Exc L4-5 RORB GABRG1",-0.00999994928173012,8.37433473934154,0.0359737580920524,0.849669720230243,0.999997068196745,0.999983379322086,"group_idyes"
"7244","GPR37","Exc L4-5 RORB GABRG1",-0.0722509867082975,0.909466560086669,0.193447525767929,0.660309594531209,0.999997068196745,0.999983379322086,"group_idyes"
"7245","POT1","Exc L4-5 RORB GABRG1",0.00120762225636672,5.1427151912839,0.000919819633129169,0.975820771280873,0.999997068196745,0.999983379322086,"group_idyes"
"7246","POT1-AS1","Exc L4-5 RORB GABRG1",-0.0301793881812114,5.02725344281573,0.254225277167955,0.614404141618318,0.999997068196745,0.999983379322086,"group_idyes"
"7247","AC010099.4","Exc L4-5 RORB GABRG1",0.0147170854325206,5.18187879137271,0.0490541164776826,0.824834938128187,0.999997068196745,0.999983379322086,"group_idyes"
"7248","AC073486.1","Exc L4-5 RORB GABRG1",-0.0910021065182949,0.851566283311215,0.462440365670678,0.496894650080139,0.999997068196745,0.999983379322086,"group_idyes"
"7249","GRM8","Exc L4-5 RORB GABRG1",-0.0111622274848489,6.28106983659373,0.0234677005433905,0.878327408315381,0.999997068196745,0.999983379322086,"group_idyes"
"7250","ZNF800","Exc L4-5 RORB GABRG1",0.0137142585938591,5.90262054854522,0.13691003721643,0.711575986088555,0.999997068196745,0.999983379322086,"group_idyes"
"7251","GCC1","Exc L4-5 RORB GABRG1",0.00338002915791736,2.06181548885245,0.00182446597076066,0.965951863210942,0.999997068196745,0.999983379322086,"group_idyes"
"7252","ARF5","Exc L4-5 RORB GABRG1",-0.0576644131428646,4.55616875152154,0.224425433152969,0.635957166150332,0.999997068196745,0.999983379322086,"group_idyes"
"7253","FSCN3","Exc L4-5 RORB GABRG1",0.0907702053987269,1.68905340346451,0.756228491346625,0.385053597726493,0.999997068196745,0.999983379322086,"group_idyes"
"7254","AC073934.1","Exc L4-5 RORB GABRG1",-0.0178819357666031,0.307428649798874,0.013853236921262,0.90636696761723,0.999997068196745,0.999983379322086,"group_idyes"
"7255","SND1","Exc L4-5 RORB GABRG1",0.00482601921277335,8.05427371980597,0.0176269663213973,0.894447392573283,0.999997068196745,0.999983379322086,"group_idyes"
"7256","LRRC4","Exc L4-5 RORB GABRG1",0.0536227923045305,5.78108447335396,1.55907434069636,0.212560066514917,0.999997068196745,0.999983379322086,"group_idyes"
"7257","AC018635.2","Exc L4-5 RORB GABRG1",0.0719617973620134,0.698693421320274,0.238285784642536,0.625725048046282,0.999997068196745,0.999983379322086,"group_idyes"
"7258","RBM28","Exc L4-5 RORB GABRG1",-0.00496457062570315,5.31947245173489,0.0209949456864916,0.884868602067437,0.999997068196745,0.999983379322086,"group_idyes"
"7259","PRRT4","Exc L4-5 RORB GABRG1",0.17983277380166,1.24010770891569,2.95076580746518,0.0866415157132107,0.999997068196745,0.999983379322086,"group_idyes"
"7260","IMPDH1","Exc L4-5 RORB GABRG1",0.0823659652861032,4.07672804720952,3.36167743536175,0.0675024561491396,0.999997068196745,0.999983379322086,"group_idyes"
"7261","HILPDA","Exc L4-5 RORB GABRG1",0.0882293081278469,2.50948269876169,1.17063828715321,0.279947813524282,0.999997068196745,0.999983379322086,"group_idyes"
"7262","METTL2B","Exc L4-5 RORB GABRG1",-0.0359664373708346,4.84996854272437,0.703616002622567,0.402092196481954,0.999997068196745,0.999983379322086,"group_idyes"
"7263","AC090114.2","Exc L4-5 RORB GABRG1",-0.035269519114887,2.45201573361043,0.218098484979397,0.640756978048478,0.999997068196745,0.999983379322086,"group_idyes"
"7264","AC018638.7","Exc L4-5 RORB GABRG1",0.165092560707205,2.07054684888383,3.31699747020992,0.0693434469005088,0.999997068196745,0.999983379322086,"group_idyes"
"7265","FAM71F2","Exc L4-5 RORB GABRG1",0.0596963181203228,2.6118373065574,0.494639211734006,0.482290508989161,0.999997068196745,0.999983379322086,"group_idyes"
"7266","AC018638.6","Exc L4-5 RORB GABRG1",-0.000335354923654539,1.8231191652894,2.4297515639532e-07,0.999606958171963,0.999997068196745,0.999983379322086,"group_idyes"
"7267","FAM71F1","Exc L4-5 RORB GABRG1",0.133168012972444,0.438903498976376,0.729263772684598,0.393653331659381,0.999997068196745,0.999983379322086,"group_idyes"
"7268","CALU","Exc L4-5 RORB GABRG1",-0.00076451879239656,4.83925630913178,0.000447833161013916,0.983127342941274,0.999997068196745,0.999983379322086,"group_idyes"
"7269","CCDC136","Exc L4-5 RORB GABRG1",-0.00734741928805092,6.03155232153715,0.0389593297725343,0.843633494568888,0.999997068196745,0.999983379322086,"group_idyes"
"7270","FLNC","Exc L4-5 RORB GABRG1",0.299106934981343,0.591726222568201,4.68795169796835,0.0309889552323404,0.999997068196745,0.999983379322086,"group_idyes"
"7271","FLNC-AS1","Exc L4-5 RORB GABRG1",0.0827500503975527,0.968425927514563,0.576015083224205,0.448343257433991,0.999997068196745,0.999983379322086,"group_idyes"
"7272","KCP","Exc L4-5 RORB GABRG1",-0.161528386245453,1.64563075727009,2.5727475748835,0.109539321503531,0.999997068196745,0.999983379322086,"group_idyes"
"7273","ATP6V1F","Exc L4-5 RORB GABRG1",-0.0143255901741408,5.89222663306435,0.0194383322471469,0.889190101661148,0.999997068196745,0.999983379322086,"group_idyes"
"7274","IRF5","Exc L4-5 RORB GABRG1",0.0910704053247891,1.05464791940725,0.613146613304276,0.434087239689408,0.999997068196745,0.999983379322086,"group_idyes"
"7275","TNPO3","Exc L4-5 RORB GABRG1",-0.0239841748835196,6.1851283823103,0.961404876774685,0.327449344207408,0.999997068196745,0.999983379322086,"group_idyes"
"7276","TSPAN33","Exc L4-5 RORB GABRG1",-0.0090606073838662,2.5003843115933,0.015825207987339,0.89995731225005,0.999997068196745,0.999983379322086,"group_idyes"
"7277","SMO","Exc L4-5 RORB GABRG1",0.0392999462017039,1.37562569303054,0.113123919998203,0.736798616193819,0.999997068196745,0.999983379322086,"group_idyes"
"7278","AHCYL2","Exc L4-5 RORB GABRG1",-0.0133410199033095,7.1762094240277,0.159322909394412,0.690002132192271,0.999997068196745,0.999983379322086,"group_idyes"
"7279","STRIP2","Exc L4-5 RORB GABRG1",0.0531295007818008,3.60536703053463,0.89165926006588,0.345620678712822,0.999997068196745,0.999983379322086,"group_idyes"
"7280","SMKR1","Exc L4-5 RORB GABRG1",0.052739002880021,2.08407629996101,0.270757023193346,0.603123705433728,0.999997068196745,0.999983379322086,"group_idyes"
"7281","AC078846.1","Exc L4-5 RORB GABRG1",0.0162817543093797,1.97491977971707,0.0417830589088751,0.838141949784706,0.999997068196745,0.999983379322086,"group_idyes"
"7282","NRF1","Exc L4-5 RORB GABRG1",-0.0103733970958996,7.0664551740607,0.110081126656471,0.740232460066267,0.999997068196745,0.999983379322086,"group_idyes"
"7283","UBE2H","Exc L4-5 RORB GABRG1",0.0196071695139019,7.11459687860918,0.456796499419115,0.499531006384609,0.999997068196745,0.999983379322086,"group_idyes"
"7284","AC073320.1","Exc L4-5 RORB GABRG1",-0.0671827073945505,2.22574868512367,0.544440271883562,0.461048142847753,0.999997068196745,0.999983379322086,"group_idyes"
"7285","ZC3HC1","Exc L4-5 RORB GABRG1",0.00546357168093234,4.34223137861781,0.022672957920701,0.894005965364853,0.999997068196745,0.999983379322086,"group_idyes"
"7286","KLHDC10","Exc L4-5 RORB GABRG1",-0.0226636170312116,7.00359292609504,0.740655087165812,0.389987108712649,0.999997068196745,0.999983379322086,"group_idyes"
"7287","TMEM209","Exc L4-5 RORB GABRG1",-0.0119245341061726,3.75431024056008,0.0698516877277805,0.79169436577833,0.999997068196745,0.999983379322086,"group_idyes"
"7288","AC087071.2","Exc L4-5 RORB GABRG1",-0.024484157107279,1.51334042765459,0.0258146229760236,0.872438201838812,0.999997068196745,0.999983379322086,"group_idyes"
"7289","CPA4","Exc L4-5 RORB GABRG1",-0.0694468308579289,1.75041586796925,0.578583344331343,0.540510908165823,0.999997068196745,0.999983379322086,"group_idyes"
"7290","CEP41","Exc L4-5 RORB GABRG1",-0.00699626751333135,4.611057829113,0.0254775365673716,0.873266673631589,0.999997068196745,0.999983379322086,"group_idyes"
"7291","MEST","Exc L4-5 RORB GABRG1",-0.028468883112139,5.81372528066903,0.408148534540694,0.523290884119527,0.999997068196745,0.999983379322086,"group_idyes"
"7292","COPG2","Exc L4-5 RORB GABRG1",-0.0861492336827018,5.61859190694315,5.22886722911964,0.022757576240694,0.999997068196745,0.999983379322086,"group_idyes"
"7293","AC007938.3","Exc L4-5 RORB GABRG1",0.0389480472665369,3.99882240782392,0.545599908414294,0.460571524978706,0.999997068196745,0.999983379322086,"group_idyes"
"7294","AC016831.7","Exc L4-5 RORB GABRG1",0.0193648125823886,9.88307663867877,0.159996600770229,0.689381636449147,0.999997068196745,0.999983379322086,"group_idyes"
"7295","LINC00513","Exc L4-5 RORB GABRG1",0.00362770386034483,6.07398454722944,0.00110395545897328,0.973511734519895,0.999997068196745,0.999983379322086,"group_idyes"
"7296","AC058791.1","Exc L4-5 RORB GABRG1",0.0623718544054876,4.03229641013911,0.338994120460601,0.560751446040624,0.999997068196745,0.999983379322086,"group_idyes"
"7297","MKLN1","Exc L4-5 RORB GABRG1",0.0228733250155776,8.55372079474992,0.439590991938271,0.507716965594201,0.999997068196745,0.999983379322086,"group_idyes"
"7298","PODXL","Exc L4-5 RORB GABRG1",-0.0871107030191939,2.52146432905224,1.61230327476408,0.204935810455707,0.999997068196745,0.999983379322086,"group_idyes"
"7299","AC009518.1","Exc L4-5 RORB GABRG1",-0.48744842425473,0.12252955665533,4.62775898215666,0.0320807079814654,0.999997068196745,0.999983379322086,"group_idyes"
"7300","PLXNA4","Exc L4-5 RORB GABRG1",-0.0840471252108232,8.40146877071702,3.04998726208226,0.0815358631908106,0.999997068196745,0.999983379322086,"group_idyes"
"7301","AC009365.1","Exc L4-5 RORB GABRG1",-0.235823172006256,0.324323098948312,1.69285428107343,0.194003808110095,0.999997068196745,0.999983379322086,"group_idyes"
"7302","CHCHD3","Exc L4-5 RORB GABRG1",-0.0349298671712351,7.35195578593928,2.29549641510194,0.130570844736573,0.999997068196745,0.999983379322086,"group_idyes"
"7303","AC009365.3","Exc L4-5 RORB GABRG1",0.149126199096753,0.34161156571547,0.746319505086042,0.388182271468886,0.999997068196745,0.999983379322086,"group_idyes"
"7304","EXOC4","Exc L4-5 RORB GABRG1",-0.0186492141493216,8.25525892803133,0.282234503139693,0.59554694179014,0.999997068196745,0.999983379322086,"group_idyes"
"7305","LRGUK","Exc L4-5 RORB GABRG1",0.0682909903812806,3.94955292697286,0.981907281205238,0.322351177150137,0.999997068196745,0.999983379322086,"group_idyes"
"7306","SLC35B4","Exc L4-5 RORB GABRG1",-0.00580470091637926,5.07926402227018,0.0163129860745313,0.89843547330908,0.999997068196745,0.999983379322086,"group_idyes"
"7307","AKR1B1","Exc L4-5 RORB GABRG1",0.0721207748564825,4.09398177905544,1.10489870533559,0.293853334117509,0.999997068196745,0.999983379322086,"group_idyes"
"7308","BPGM","Exc L4-5 RORB GABRG1",0.0226325536614319,2.95183012810869,0.0748434389832598,0.784557832613635,0.999997068196745,0.999983379322086,"group_idyes"
"7309","CALD1","Exc L4-5 RORB GABRG1",-0.0555452866813586,5.26237748674577,0.880340791067866,0.348697002306515,0.999997068196745,0.999983379322086,"group_idyes"
"7310","AGBL3","Exc L4-5 RORB GABRG1",-0.00819004254598179,6.03220251186716,0.0306150446314926,0.861194029829231,0.999997068196745,0.999983379322086,"group_idyes"
"7311","CYREN","Exc L4-5 RORB GABRG1",-0.0149284528431511,4.93613379330224,0.0556440122264482,0.81364368210972,0.999997068196745,0.999983379322086,"group_idyes"
"7312","TMEM140","Exc L4-5 RORB GABRG1",-0.153867272894771,1.02600384136379,1.18924377129312,0.27616467285424,0.999997068196745,0.999983379322086,"group_idyes"
"7313","WDR91","Exc L4-5 RORB GABRG1",-0.046741701449712,3.58326354872648,0.708274566779743,0.651028621126745,0.999997068196745,0.999983379322086,"group_idyes"
"7314","AC009542.1","Exc L4-5 RORB GABRG1",-0.00922187211249464,0.309711792186383,0.00118412733239318,0.972567137262002,0.999997068196745,0.999983379322086,"group_idyes"
"7315","CNOT4","Exc L4-5 RORB GABRG1",0.0179438636655985,6.79495211725367,0.517864116108668,0.472191126848275,0.999997068196745,0.999983379322086,"group_idyes"
"7316","NUP205","Exc L4-5 RORB GABRG1",0.0217791629303599,4.97311930016373,0.3667862809119,0.545118354670697,0.999997068196745,0.999983379322086,"group_idyes"
"7317","STMP1","Exc L4-5 RORB GABRG1",-0.00198246788795406,4.52518994614656,0.00253625686084858,0.959860639879138,0.999997068196745,0.999983379322086,"group_idyes"
"7318","SLC13A4","Exc L4-5 RORB GABRG1",-0.0867375855938482,1.39582410227754,0.453170923435265,0.501237133541925,0.999997068196745,0.999983379322086,"group_idyes"
"7319","MTPN","Exc L4-5 RORB GABRG1",0.0844246304789222,6.12597419245268,2.83736843000079,0.0929059400134928,0.999997068196745,0.999983379322086,"group_idyes"
"7320","AC024084.1","Exc L4-5 RORB GABRG1",-0.00288212954797066,0.211333460979996,0.000134424041916849,0.990755433023097,0.999997068196745,0.999983379322086,"group_idyes"
"7321","AC078845.1","Exc L4-5 RORB GABRG1",0.161033046762005,0.518859875617524,1.11316044038372,0.292058072081842,0.999997068196745,0.999983379322086,"group_idyes"
"7322","AC009264.1","Exc L4-5 RORB GABRG1",0.0701300147308565,2.01118427283818,0.751991356255532,0.527819785753023,0.999997068196745,0.999983379322086,"group_idyes"
"7323","CHRM2","Exc L4-5 RORB GABRG1",-0.0899817938249048,1.75825192382986,0.323142568102064,0.570056813585532,0.999997068196745,0.999983379322086,"group_idyes"
"7324","PTN","Exc L4-5 RORB GABRG1",0.0177992736965317,2.723428704717,0.0412153684840161,0.839230097185976,0.999997068196745,0.999983379322086,"group_idyes"
"7325","DGKI","Exc L4-5 RORB GABRG1",-0.0195522296667279,9.523560769043,0.325409933800971,0.568707466407748,0.999997068196745,0.999983379322086,"group_idyes"
"7326","CREB3L2","Exc L4-5 RORB GABRG1",-0.0375877844940666,3.7582325430804,0.468865887824835,0.49392167146838,0.999997068196745,0.999983379322086,"group_idyes"
"7327","AKR1D1","Exc L4-5 RORB GABRG1",-0.0526659002180948,0.263721064131805,0.0992104562085418,0.836158404853159,0.999997068196745,0.999983379322086,"group_idyes"
"7328","TRIM24","Exc L4-5 RORB GABRG1",0.0052412634396109,5.69097974390515,0.0211480476766597,0.884452524459728,0.999997068196745,0.999983379322086,"group_idyes"
"7329","SVOPL","Exc L4-5 RORB GABRG1",0.0457208777112531,1.81443668880138,0.248192277700937,0.618635500054468,0.999997068196745,0.999983379322086,"group_idyes"
"7330","ATP6V0A4","Exc L4-5 RORB GABRG1",-0.116052563921324,2.35159195876821,0.913560707915816,0.339771605752921,0.999997068196745,0.999983379322086,"group_idyes"
"7331","TMEM213","Exc L4-5 RORB GABRG1",-0.0592659393648386,1.73218933867783,0.207554323522317,0.648948106530256,0.999997068196745,0.999983379322086,"group_idyes"
"7332","KIAA1549","Exc L4-5 RORB GABRG1",-0.0464095436593453,7.30621216748417,1.58812237903177,0.208358424698607,0.999997068196745,0.999983379322086,"group_idyes"
"7333","ZC3HAV1L","Exc L4-5 RORB GABRG1",0.073413962965515,1.22256025055755,0.438647430398617,0.508172540821094,0.999997068196745,0.999983379322086,"group_idyes"
"7334","ZC3HAV1","Exc L4-5 RORB GABRG1",0.013052387596045,2.54381366847989,0.0180969507602716,0.893057863488678,0.999997068196745,0.999983379322086,"group_idyes"
"7335","TTC26","Exc L4-5 RORB GABRG1",-0.0735870773068135,5.38994446957255,4.21891792533237,0.0406508953601194,0.999997068196745,0.999983379322086,"group_idyes"
"7336","UBN2","Exc L4-5 RORB GABRG1",0.000555179362078732,6.99117533535104,0.000301406204472532,0.9861575783266,0.999997068196745,0.999983379322086,"group_idyes"
"7337","LUC7L2","Exc L4-5 RORB GABRG1",-0.0152244228187106,4.86807834787562,0.070414002725385,0.790877067914343,0.999997068196745,0.999983379322086,"group_idyes"
"7338","KLRG2","Exc L4-5 RORB GABRG1",-0.239062696093231,0.286104391661158,2.08809443168458,0.149265116608797,0.999997068196745,0.999983379322086,"group_idyes"
"7339","CLEC2L","Exc L4-5 RORB GABRG1",0.049286796142894,4.80191522422298,0.619585158193796,0.43168610840537,0.999997068196745,0.999983379322086,"group_idyes"
"7340","HIPK2","Exc L4-5 RORB GABRG1",-0.0699301266381053,4.49975654998708,1.25363366083895,0.263558108656866,0.999997068196745,0.999983379322086,"group_idyes"
"7341","TBXAS1","Exc L4-5 RORB GABRG1",-0.136116394746569,0.888317231828589,1.1907102740719,0.275869232734203,0.999997068196745,0.999983379322086,"group_idyes"
"7342","PARP12","Exc L4-5 RORB GABRG1",0.0663426202442841,0.26225217140375,0.157199097662541,0.696413934370983,0.999997068196745,0.999983379322086,"group_idyes"
"7343","KDM7A","Exc L4-5 RORB GABRG1",-0.0187212873529936,4.5915574977195,0.126465668210686,0.722319975353043,0.999997068196745,0.999983379322086,"group_idyes"
"7344","SLC37A3","Exc L4-5 RORB GABRG1",-0.0468168508944367,5.07410667426842,2.19738880045007,0.139063363613601,0.999997068196745,0.999983379322086,"group_idyes"
"7345","RAB19","Exc L4-5 RORB GABRG1",-0.0158308674397412,0.714556777970781,0.0153106539654542,0.9015887447817,0.999997068196745,0.999983379322086,"group_idyes"
"7346","MKRN1","Exc L4-5 RORB GABRG1",-0.00133021881692187,5.16563601678427,0.000893585007440233,0.976167974974596,0.999997068196745,0.999983379322086,"group_idyes"
"7347","DENND2A","Exc L4-5 RORB GABRG1",0.0764925786837,3.54228118436275,0.581299621137925,0.44627054033689,0.999997068196745,0.999983379322086,"group_idyes"
"7348","ADCK2","Exc L4-5 RORB GABRG1",-0.031065882316406,1.97525453267294,0.139320348562719,0.709163188302248,0.999997068196745,0.999983379322086,"group_idyes"
"7349","NDUFB2","Exc L4-5 RORB GABRG1",-0.0916040074701826,4.86078424652896,1.16224111622042,0.28167670583861,0.999997068196745,0.999983379322086,"group_idyes"
"7350","NDUFB2-AS1","Exc L4-5 RORB GABRG1",0.0397424330584255,0.592485661937262,0.0674750804673737,0.795188118978168,0.999997068196745,0.999983379322086,"group_idyes"
"7351","BRAF","Exc L4-5 RORB GABRG1",-0.0150161631652001,8.12179866344402,0.332296815355343,0.564646848139195,0.999997068196745,0.999983379322086,"group_idyes"
"7352","MRPS33","Exc L4-5 RORB GABRG1",-0.00536662085371377,3.69675893212798,0.0056690427862068,0.940020688943219,0.999997068196745,0.999983379322086,"group_idyes"
"7353","TMEM178B","Exc L4-5 RORB GABRG1",-0.0326679331437774,8.94800258255999,0.531489335032738,0.466424946370437,0.999997068196745,0.999983379322086,"group_idyes"
"7354","AC073878.1","Exc L4-5 RORB GABRG1",0.0950273023554384,1.94796015038074,1.05012346868291,0.30612253633962,0.999997068196745,0.999983379322086,"group_idyes"
"7355","AGK","Exc L4-5 RORB GABRG1",-0.031539071950391,5.65077482404846,1.39372616624697,0.722998340251312,0.999997068196745,0.999983379322086,"group_idyes"
"7356","AC004918.1","Exc L4-5 RORB GABRG1",-0.00880475578314741,3.95149470522852,0.0289371289917437,0.865013699430236,0.999997068196745,0.999983379322086,"group_idyes"
"7357","KIAA1147","Exc L4-5 RORB GABRG1",0.00734217604316518,5.53776806039194,0.0468357341545006,0.828778470645678,0.999997068196745,0.999983379322086,"group_idyes"
"7358","WEE2-AS1","Exc L4-5 RORB GABRG1",0.135682327607838,1.68365540618995,0.79402303865486,0.373443329971252,0.999997068196745,0.999983379322086,"group_idyes"
"7359","SSBP1","Exc L4-5 RORB GABRG1",-0.0255183092657949,5.33449276102,0.473992547198563,0.491571045671083,0.999997068196745,0.999983379322086,"group_idyes"
"7360","MGAM","Exc L4-5 RORB GABRG1",0.074859622765945,1.94279519045552,0.212175154190209,0.64532810936115,0.999997068196745,0.999983379322086,"group_idyes"
"7361","MGAM2","Exc L4-5 RORB GABRG1",-0.0329820094910926,0.616614658355879,0.0397107733678423,0.842152422446232,0.999997068196745,0.999983379322086,"group_idyes"
"7362","MTRNR2L6","Exc L4-5 RORB GABRG1",0.323879454521265,-0.0880457584306351,1.80573125961109,0.179813109375334,0.999997068196745,0.999983379322086,"group_idyes"
"7363","TRBC2","Exc L4-5 RORB GABRG1",-0.00520286532080047,2.06487967838978,0.00183775672597433,0.965828148255625,0.999997068196745,0.999983379322086,"group_idyes"
"7364","EPHB6","Exc L4-5 RORB GABRG1",0.0236432701090184,6.7875347061702,0.32319838450977,0.570023521158619,0.999997068196745,0.999983379322086,"group_idyes"
"7365","KEL","Exc L4-5 RORB GABRG1",0.0743966198606625,1.79700300918166,0.549025791538784,0.459168027472723,0.999997068196745,0.999983379322086,"group_idyes"
"7366","GSTK1","Exc L4-5 RORB GABRG1",-0.00541994453799959,4.71246541005052,0.00929617635201145,0.923239848059667,0.999997068196745,0.999983379322086,"group_idyes"
"7367","AC073342.1","Exc L4-5 RORB GABRG1",0.0120333218899061,1.91160182099516,0.0151769493066515,0.902017204621202,0.999997068196745,0.999983379322086,"group_idyes"
"7368","CASP2","Exc L4-5 RORB GABRG1",0.013449739002078,4.17492807074335,0.0999390391836341,0.752074239746524,0.999997068196745,0.999983379322086,"group_idyes"
"7369","FAM131B","Exc L4-5 RORB GABRG1",0.0337537407713329,5.17439182166469,0.261198596232753,0.609591052669916,0.999997068196745,0.999983379322086,"group_idyes"
"7370","AC093673.2","Exc L4-5 RORB GABRG1",-0.0601436256214101,2.04150911770615,0.448909741926776,0.503255093937697,0.999997068196745,0.999983379322086,"group_idyes"
"7371","AC093673.1","Exc L4-5 RORB GABRG1",0.0236320249471208,2.26700294875128,0.0632429175958024,0.801576176558627,0.999997068196745,0.999983379322086,"group_idyes"
"7372","ZYX","Exc L4-5 RORB GABRG1",-0.00112554104885298,5.18741571678007,0.00054113122638086,0.981453161823282,0.999997068196745,0.999983379322086,"group_idyes"
"7373","EPHA1-AS1","Exc L4-5 RORB GABRG1",-0.097233439518575,1.9445077145161,0.777654512660941,0.378410043672995,0.999997068196745,0.999983379322086,"group_idyes"
"7374","TCAF2","Exc L4-5 RORB GABRG1",-0.0901847080130071,3.96384203103313,1.86108838408364,0.173296730618277,0.999997068196745,0.999983379322086,"group_idyes"
"7375","TCAF1","Exc L4-5 RORB GABRG1",0.0492920408463738,6.86710933235091,3.73878372111085,0.0538963878146743,0.999997068196745,0.999983379322086,"group_idyes"
"7376","TPK1","Exc L4-5 RORB GABRG1",-0.0134024873886742,7.05772856821703,0.0785398610266491,0.779436610879881,0.999997068196745,0.999983379322086,"group_idyes"
"7377","CNTNAP2","Exc L4-5 RORB GABRG1",0.0177115686248254,12.1812764941341,0.161013319697968,0.688448062700561,0.999997068196745,0.999983379322086,"group_idyes"
"7378","AC006004.1","Exc L4-5 RORB GABRG1",-0.160823573261572,1.1308171751,1.03598099013057,0.309397663312256,0.999997068196745,0.999983379322086,"group_idyes"
"7379","AC006974.1","Exc L4-5 RORB GABRG1",0.0412335659517327,0.353956843964129,0.0559946252620813,0.813068358002817,0.999997068196745,0.999983379322086,"group_idyes"
"7380","AC005229.4","Exc L4-5 RORB GABRG1",-0.0651185592985495,0.59695594899314,0.198017401893048,0.656576173991239,0.999997068196745,0.999983379322086,"group_idyes"
"7381","CUL1","Exc L4-5 RORB GABRG1",-0.0152034256051753,6.98190611001527,0.394496131191911,0.982157073573061,0.999997068196745,0.999983379322086,"group_idyes"
"7382","EZH2","Exc L4-5 RORB GABRG1",-0.0493920101812978,3.51425569956514,0.624596570314519,0.429831144888252,0.999997068196745,0.999983379322086,"group_idyes"
"7383","PDIA4","Exc L4-5 RORB GABRG1",0.0957254750007557,2.48706219159649,1.44007733855733,0.354264977661703,0.999997068196745,0.999983379322086,"group_idyes"
"7384","ZNF786","Exc L4-5 RORB GABRG1",-0.0343385308348666,4.84871494672214,0.613979245391548,0.433775581829522,0.999997068196745,0.999983379322086,"group_idyes"
"7385","ZNF425","Exc L4-5 RORB GABRG1",0.0265715219295074,3.87126917889502,0.35201455677594,0.553323571256151,0.999997068196745,0.999983379322086,"group_idyes"
"7386","ZNF398","Exc L4-5 RORB GABRG1",-0.00811811333598636,5.55466958581396,0.0728263479611891,0.787409901436029,0.999997068196745,0.999983379322086,"group_idyes"
"7387","ZNF282","Exc L4-5 RORB GABRG1",0.000134619936807339,3.90020889022794,1.3056476505068e-05,0.99711882324839,0.999997068196745,0.999983379322086,"group_idyes"
"7388","ZNF212","Exc L4-5 RORB GABRG1",-0.00588437282290039,3.33855429512224,0.0140615743398761,0.905668804014512,0.999997068196745,0.999983379322086,"group_idyes"
"7389","ZNF783","Exc L4-5 RORB GABRG1",-0.0466347069294989,4.99769556335076,1.30500972141991,0.254010598720867,0.999997068196745,0.999983379322086,"group_idyes"
"7390","ZNF777","Exc L4-5 RORB GABRG1",0.0372766852869401,4.05328645270585,0.620084311872993,0.431500803236499,0.999997068196745,0.999983379322086,"group_idyes"
"7391","ZNF746","Exc L4-5 RORB GABRG1",0.00986664978319603,4.19487501699868,0.0616217351311815,0.804083286618674,0.999997068196745,0.999983379322086,"group_idyes"
"7392","KRBA1","Exc L4-5 RORB GABRG1",-0.00107754328960946,3.57625580212507,0.000414006941194377,0.983776983089455,0.999997068196745,0.999983379322086,"group_idyes"
"7393","ZNF862","Exc L4-5 RORB GABRG1",-0.00350558399643122,5.32818162598074,0.00845327993562291,0.926792197545644,0.999997068196745,0.999983379322086,"group_idyes"
"7394","ATP6V0E2-AS1","Exc L4-5 RORB GABRG1",-0.0557864354360066,2.59117324046582,0.573313585414212,0.449408645982866,0.999997068196745,0.999983379322086,"group_idyes"
"7395","ATP6V0E2","Exc L4-5 RORB GABRG1",-0.00176558293901825,5.49679184889071,0.000406439960504318,0.983925903954613,0.999997068196745,0.999983379322086,"group_idyes"
"7396","AC092681.3","Exc L4-5 RORB GABRG1",0.0495784156779331,1.19673605711842,0.201025547691842,0.787329201356033,0.999997068196745,0.999983379322086,"group_idyes"
"7397","AC092666.1","Exc L4-5 RORB GABRG1",-0.209313770475965,1.26618558978777,1.84164828635027,0.175553499935992,0.999997068196745,0.999983379322086,"group_idyes"
"7398","ACTR3C","Exc L4-5 RORB GABRG1",0.0471338739565036,4.20608997780728,0.488857124472307,0.4848600338372,0.999997068196745,0.999983379322086,"group_idyes"
"7399","LRRC61","Exc L4-5 RORB GABRG1",0.0241628647519745,2.28413288942815,0.0826894184794268,0.773840172103942,0.999997068196745,0.999983379322086,"group_idyes"
"7400","AC073111.3","Exc L4-5 RORB GABRG1",-0.0130870361243046,1.03485132870219,0.0117712737721908,0.913659210487766,0.999997068196745,0.999983379322086,"group_idyes"
"7401","ZNF775","Exc L4-5 RORB GABRG1",0.00703671138827391,0.965921935975314,0.00291244236205777,0.956989429096241,0.999997068196745,0.999983379322086,"group_idyes"
"7402","AC073111.5","Exc L4-5 RORB GABRG1",-0.0536053787108433,3.44099023931557,1.30011755520746,0.254901081945863,0.999997068196745,0.999983379322086,"group_idyes"
"7403","KCNH2","Exc L4-5 RORB GABRG1",-0.00968836047283775,3.4749207083991,0.037023855881544,0.847518009217422,0.999997068196745,0.999983379322086,"group_idyes"
"7404","ATG9B","Exc L4-5 RORB GABRG1",0.0526222202900699,2.14799972956749,0.323630625982765,0.569765833840376,0.999997068196745,0.999983379322086,"group_idyes"
"7405","ABCB8","Exc L4-5 RORB GABRG1",-0.0338669773096188,4.79864459510472,0.360683314984993,0.548480600015486,0.999997068196745,0.999983379322086,"group_idyes"
"7406","ASIC3","Exc L4-5 RORB GABRG1",-0.0534184897243343,3.10632433863612,0.638443475672711,0.424767996968553,0.999997068196745,0.999983379322086,"group_idyes"
"7407","CDK5","Exc L4-5 RORB GABRG1",0.0291302127317044,3.61225177477423,0.116222421635103,0.733354344334332,0.999997068196745,0.999983379322086,"group_idyes"
"7408","FASTK","Exc L4-5 RORB GABRG1",-0.0187068200495851,4.86963183067754,0.143576383304075,0.704960198962824,0.999997068196745,0.999983379322086,"group_idyes"
"7409","TMUB1","Exc L4-5 RORB GABRG1",0.0126557587002224,3.53619298923492,0.0488062831486117,0.82527079855135,0.999997068196745,0.999983379322086,"group_idyes"
"7410","AGAP3","Exc L4-5 RORB GABRG1",0.0574317607010924,7.24974743284182,1.70670309505148,0.192194133504981,0.999997068196745,0.999983379322086,"group_idyes"
"7411","ABCF2","Exc L4-5 RORB GABRG1",0.0101604120724216,0.658972288006616,0.00512477936755499,0.942967335642561,0.999997068196745,0.999983379322086,"group_idyes"
"7412","CHPF2","Exc L4-5 RORB GABRG1",0.0335453858612188,3.18662943916015,0.306627452868401,0.58007880009455,0.999997068196745,0.999983379322086,"group_idyes"
"7413","SMARCD3","Exc L4-5 RORB GABRG1",0.0316034309221595,4.5819316906411,0.216196046992966,0.64221680117231,0.999997068196745,0.999983379322086,"group_idyes"
"7414","AC021097.1","Exc L4-5 RORB GABRG1",-0.0820402143059266,2.83324985672131,1.23340915094153,0.267438675172086,0.999997068196745,0.999983379322086,"group_idyes"
"7415","NUB1","Exc L4-5 RORB GABRG1",0.00183492343639676,5.03759637253399,0.00290631887303392,0.957034624387289,0.999997068196745,0.999983379322086,"group_idyes"
"7416","RHEB","Exc L4-5 RORB GABRG1",-0.0212388700376902,6.46263924071116,0.342893426338184,0.558507143166056,0.999997068196745,0.999983379322086,"group_idyes"
"7417","PRKAG2","Exc L4-5 RORB GABRG1",-0.021689575951504,7.52643905877893,0.149722339405339,0.699014781135775,0.999997068196745,0.999983379322086,"group_idyes"
"7418","PRKAG2-AS1","Exc L4-5 RORB GABRG1",0.0581335657325688,3.9043390332161,0.381698618022621,0.537061089487486,0.999997068196745,0.999983379322086,"group_idyes"
"7419","GALNTL5","Exc L4-5 RORB GABRG1",0.0728246684230242,2.37513101648311,0.777490319489416,0.378460335427844,0.999997068196745,0.999983379322086,"group_idyes"
"7420","GALNT11","Exc L4-5 RORB GABRG1",-0.0214716861381128,6.95945117296349,0.455019267891921,0.500366101419412,0.999997068196745,0.999983379322086,"group_idyes"
"7421","KMT2C","Exc L4-5 RORB GABRG1",-0.00495888355765949,7.69262326232448,0.02744587987434,0.868505265365446,0.999997068196745,0.999983379322086,"group_idyes"
"7422","LINC01003","Exc L4-5 RORB GABRG1",0.037026736377289,2.50875036812101,0.136258113345466,0.712232727465288,0.999997068196745,0.999983379322086,"group_idyes"
"7423","XRCC2","Exc L4-5 RORB GABRG1",0.00836568729479017,2.12028589933702,0.011634882389326,0.914158921291918,0.999997068196745,0.999983379322086,"group_idyes"
"7424","ACTR3B","Exc L4-5 RORB GABRG1",-0.0390099785587818,6.35801804730814,2.71971879723538,0.0999317110690931,0.999997068196745,0.999983379322086,"group_idyes"
"7425","DPP6","Exc L4-5 RORB GABRG1",-0.0521932444159508,10.1248706467372,1.55887717694995,0.212588927679666,0.999997068196745,0.999983379322086,"group_idyes"
"7426","PAXIP1","Exc L4-5 RORB GABRG1",-0.0708560907465954,4.54618401327164,3.09912553435375,0.0791288881273006,0.999997068196745,0.999983379322086,"group_idyes"
"7427","PAXIP1-AS1","Exc L4-5 RORB GABRG1",0.0441663691246325,3.22629519330623,0.388262121984047,0.533583513209834,0.999997068196745,0.999983379322086,"group_idyes"
"7428","HTR5A-AS1","Exc L4-5 RORB GABRG1",8.02423632677522e-05,3.35804929024851,1.67567395782534e-06,0.998967827005787,0.999997068196745,0.999983379322086,"group_idyes"
"7429","HTR5A","Exc L4-5 RORB GABRG1",0.0367104632502297,3.14894393040807,0.263475038929536,0.608037371643295,0.999997068196745,0.999983379322086,"group_idyes"
"7430","AC144652.1","Exc L4-5 RORB GABRG1",-0.0461073936646008,0.910961050522488,0.123005603215395,0.725989216122712,0.999997068196745,0.999983379322086,"group_idyes"
"7431","INSIG1","Exc L4-5 RORB GABRG1",-0.0661461393241786,3.53999957674153,0.917246425383023,0.338800454876578,0.999997068196745,0.999983379322086,"group_idyes"
"7432","BLACE","Exc L4-5 RORB GABRG1",0.237752753867888,0.60670698449684,2.34855453469055,0.126221093748626,0.999997068196745,0.999983379322086,"group_idyes"
"7433","CNPY1","Exc L4-5 RORB GABRG1",0.0689772088143914,2.10044126293358,0.257122059744646,0.61239477962499,0.999997068196745,0.999983379322086,"group_idyes"
"7434","AC009403.1","Exc L4-5 RORB GABRG1",0.0555549549309987,4.69800775879615,1.45621817043955,0.228274269751675,0.999997068196745,0.999983379322086,"group_idyes"
"7435","RBM33","Exc L4-5 RORB GABRG1",0.00581355087592316,6.96437499834979,0.0228473701620471,0.879933880164935,0.999997068196745,0.999983379322086,"group_idyes"
"7436","SHH","Exc L4-5 RORB GABRG1",-0.0816351501450148,0.814784989664962,0.346774383193483,0.556290360382452,0.999997068196745,0.999983379322086,"group_idyes"
"7437","LINC01006","Exc L4-5 RORB GABRG1",-0.0162301544149741,4.07857458604038,0.0574836561094579,0.810645945907278,0.999997068196745,0.999983379322086,"group_idyes"
"7438","RNF32","Exc L4-5 RORB GABRG1",-0.0228505973431496,1.48135124663646,0.0522859639289612,0.81925371345557,0.999997068196745,0.999983379322086,"group_idyes"
"7439","LMBR1","Exc L4-5 RORB GABRG1",-0.0279666762328692,6.80260881701072,0.989685446407152,0.320444539247031,0.999997068196745,0.999983379322086,"group_idyes"
"7440","NOM1","Exc L4-5 RORB GABRG1",-0.0361405740633315,4.41046277928539,0.761256069397931,0.75265036318557,0.999997068196745,0.999983379322086,"group_idyes"
"7441","MNX1","Exc L4-5 RORB GABRG1",-0.172337698351791,-0.0474745711641245,0.715829759438791,0.398041154677194,0.999997068196745,0.999983379322086,"group_idyes"
"7442","UBE3C","Exc L4-5 RORB GABRG1",-0.0554344330261392,7.1865208334517,2.94505600282823,0.0869457050488497,0.999997068196745,0.999983379322086,"group_idyes"
"7443","DNAJB6","Exc L4-5 RORB GABRG1",0.0239035124641344,6.48132327053867,0.274062392359011,0.600921016509299,0.999997068196745,0.999983379322086,"group_idyes"
"7444","PTPRN2","Exc L4-5 RORB GABRG1",-0.0210148971358546,8.67606157534249,0.183078400232847,0.668980358840588,0.999997068196745,0.999983379322086,"group_idyes"
"7445","NCAPG2","Exc L4-5 RORB GABRG1",-0.0475174830819672,3.8550893782391,0.875299353228776,0.350079251605096,0.999997068196745,0.999983379322086,"group_idyes"
"7446","ESYT2","Exc L4-5 RORB GABRG1",-0.0167093243969589,7.0475370033905,0.212266713527451,0.645256865711783,0.999997068196745,0.999983379322086,"group_idyes"
"7447","WDR60","Exc L4-5 RORB GABRG1",-0.0127197154512819,7.43343270070141,0.155622462593868,0.693437799685534,0.999997068196745,0.999983379322086,"group_idyes"
"7448","VIPR2","Exc L4-5 RORB GABRG1",-0.0669770811716147,6.1310008586784,1.69945822293717,0.193138367160328,0.999997068196745,0.999983379322086,"group_idyes"
"7449","PLCXD1","Exc L4-5 RORB GABRG1",-0.158616564497677,3.83916550449841,4.2664249656641,0.0395418238294197,0.999997068196745,0.999983379322086,"group_idyes"
"7450","GTPBP6","Exc L4-5 RORB GABRG1",-0.122175199812048,4.27862092684055,4.76378599898531,0.0296686208713982,0.999997068196745,0.999983379322086,"group_idyes"
"7451","LINC00685","Exc L4-5 RORB GABRG1",-0.24013984317376,3.95806304223798,5.80061994244201,0.0164899898438271,0.999997068196745,0.999983379322086,"group_idyes"
"7452","PPP2R3B","Exc L4-5 RORB GABRG1",-0.116555135536562,2.54819860288814,1.74636420734546,0.187119763296775,0.999997068196745,0.999983379322086,"group_idyes"
"7453","AL732314.6","Exc L4-5 RORB GABRG1",-0.12684670209693,1.29803431707847,1.191076078407,0.275795600254328,0.999997068196745,0.999983379322086,"group_idyes"
"7454","AL672277.1","Exc L4-5 RORB GABRG1",0.405592690920631,0.661676100198972,5.27312676358299,0.0221938673940618,0.999997068196745,0.999983379322086,"group_idyes"
"7455","CRLF2","Exc L4-5 RORB GABRG1",-0.0331425819319127,0.340262205827078,0.0408686515379198,0.839898525385853,0.999997068196745,0.999983379322086,"group_idyes"
"7456","CSF2RA","Exc L4-5 RORB GABRG1",0.0460643241869767,0.837308413463251,0.128730190464386,0.719949080199157,0.999997068196745,0.999983379322086,"group_idyes"
"7457","IL3RA","Exc L4-5 RORB GABRG1",-0.0254334450766155,3.49496518043306,0.0854846328137445,0.770155578203001,0.999997068196745,0.999983379322086,"group_idyes"
"7458","SLC25A6","Exc L4-5 RORB GABRG1",-0.0294572582916038,5.43212010903405,0.0976555598061996,0.754830711871374,0.999997068196745,0.999983379322086,"group_idyes"
"7459","LINC00106","Exc L4-5 RORB GABRG1",-0.120808262503413,3.62196236488553,3.21607170561306,0.0737037078374862,0.999997068196745,0.999983379322086,"group_idyes"
"7460","ASMTL-AS1","Exc L4-5 RORB GABRG1",-0.14814826291272,3.172226839627,3.69480742197117,0.0553202614426089,0.999997068196745,0.999983379322086,"group_idyes"
"7461","ASMTL","Exc L4-5 RORB GABRG1",-0.144840570430604,3.94081405309702,4.63851150002128,0.0318827654640101,0.999997068196745,0.999983379322086,"group_idyes"
"7462","P2RY8","Exc L4-5 RORB GABRG1",-0.0551479295251665,0.898931839428825,0.195482014010019,0.658641050309411,0.999997068196745,0.999983379322086,"group_idyes"
"7463","AKAP17A","Exc L4-5 RORB GABRG1",-0.101822231931114,3.96898675945283,2.34883884491975,0.126198226036464,0.999997068196745,0.999983379322086,"group_idyes"
"7464","ASMT","Exc L4-5 RORB GABRG1",0.295838983855025,0.642555638931569,4.75298587885396,0.0298530058041548,0.999997068196745,0.999983379322086,"group_idyes"
"7465","DHRSX","Exc L4-5 RORB GABRG1",-0.0202712715324941,5.87710051045626,0.175535444699968,0.675472230451166,0.999997068196745,0.999983379322086,"group_idyes"
"7466","CD99","Exc L4-5 RORB GABRG1",0.179694519445142,1.51100536094797,1.67404061200001,0.196494386211209,0.999997068196745,0.999983379322086,"group_idyes"
"7467","XG","Exc L4-5 RORB GABRG1",0.0135644410398166,0.833079365573967,0.0140905817604356,0.905572013739418,0.999997068196745,0.999983379322086,"group_idyes"
"7468","ARSE","Exc L4-5 RORB GABRG1",0.0254785176279651,1.10785581861945,0.0394194007811728,0.842724965173558,0.999997068196745,0.999983379322086,"group_idyes"
"7469","ARSF","Exc L4-5 RORB GABRG1",0.0898134162544589,0.449256934369697,0.372707478170829,0.541892609324373,0.999997068196745,0.999983379322086,"group_idyes"
"7470","MXRA5","Exc L4-5 RORB GABRG1",-0.167509613986973,0.392569834794415,1.1629508233355,0.281530062077822,0.999997068196745,0.999983379322086,"group_idyes"
"7471","PRKX","Exc L4-5 RORB GABRG1",0.00594256183610238,1.69126657254391,0.00317124515322119,0.955121051594296,0.999997068196745,0.999983379322086,"group_idyes"
"7472","BX890604.1","Exc L4-5 RORB GABRG1",-0.0526220530717833,2.55131353000875,0.577428971505413,0.44778723193112,0.999997068196745,0.999983379322086,"group_idyes"
"7473","FAM239A","Exc L4-5 RORB GABRG1",-0.00599101437108007,0.665506685653705,0.000572468260553783,0.98092379340102,0.999997068196745,0.999983379322086,"group_idyes"
"7474","NLGN4X","Exc L4-5 RORB GABRG1",0.0233436023974308,7.6350213289728,0.634295768310566,0.426275129748184,0.999997068196745,0.999983379322086,"group_idyes"
"7475","AC097347.1","Exc L4-5 RORB GABRG1",0.173903366805063,2.41544922591436,4.62934691372821,0.0320513949638365,0.999997068196745,0.999983379322086,"group_idyes"
"7476","PUDP","Exc L4-5 RORB GABRG1",0.0731099923136603,4.11991168958508,1.62650969219075,0.202956044551125,0.999997068196745,0.999983379322086,"group_idyes"
"7477","STS","Exc L4-5 RORB GABRG1",0.0459442486634135,4.99496894392484,1.08479240408689,0.29828198294711,0.999997068196745,0.999983379322086,"group_idyes"
"7478","PNPLA4","Exc L4-5 RORB GABRG1",0.0897683216424504,2.52864230375581,1.4387376326883,0.23108190360609,0.999997068196745,0.999983379322086,"group_idyes"
"7479","ANOS1","Exc L4-5 RORB GABRG1",0.0604980861868732,1.67615926455179,0.381301644678612,0.537272743255085,0.999997068196745,0.999983379322086,"group_idyes"
"7480","AC003684.1","Exc L4-5 RORB GABRG1",0.319748917625974,0.946915527024906,3.78994532363328,0.0522887653871034,0.999997068196745,0.999983379322086,"group_idyes"
"7481","TBL1X","Exc L4-5 RORB GABRG1",-0.0632138941758599,6.53108932714652,2.18564381098568,0.140121020565526,0.999997068196745,0.999983379322086,"group_idyes"
"7482","GPR143","Exc L4-5 RORB GABRG1",0.082732101498941,1.05763038837851,0.453661993714678,0.501005465053766,0.999997068196745,0.999983379322086,"group_idyes"
"7483","SHROOM2","Exc L4-5 RORB GABRG1",0.0126287759831911,4.91176644625198,0.115432533151105,0.734227467129953,0.999997068196745,0.999983379322086,"group_idyes"
"7484","WWC3","Exc L4-5 RORB GABRG1",-0.0807881823805011,5.55361280685581,3.45383506034958,0.063868718562765,0.999997068196745,0.999983379322086,"group_idyes"
"7485","WWC3-AS1","Exc L4-5 RORB GABRG1",-0.0494317238676075,0.956873808753971,0.0985956602104034,0.753691638029772,0.999997068196745,0.999983379322086,"group_idyes"
"7486","CLCN4","Exc L4-5 RORB GABRG1",0.0231891887366491,6.41019606279887,0.466612650361938,0.494960784763632,0.999997068196745,0.999983379322086,"group_idyes"
"7487","AC003666.1","Exc L4-5 RORB GABRG1",-0.168510533148989,1.42097804983374,1.75354619106422,0.186217698495887,0.999997068196745,0.999983379322086,"group_idyes"
"7488","MID1","Exc L4-5 RORB GABRG1",0.0385815272524898,3.55956079819156,0.337464531542878,0.561636547769725,0.999997068196745,0.999983379322086,"group_idyes"
"7489","AC073529.1","Exc L4-5 RORB GABRG1",-0.0346345287229269,3.15829167494848,0.171195426611216,0.679282121373231,0.999997068196745,0.999983379322086,"group_idyes"
"7490","HCCS","Exc L4-5 RORB GABRG1",0.00686299658701353,2.43213455621494,0.00667588213944212,0.934922939165038,0.999997068196745,0.999983379322086,"group_idyes"
"7491","ARHGAP6","Exc L4-5 RORB GABRG1",-0.0890115265207132,1.7804642183859,0.68383527994881,0.408781761939547,0.999997068196745,0.999983379322086,"group_idyes"
"7492","AC004554.2","Exc L4-5 RORB GABRG1",0.129904337964861,0.588072873453447,0.832650586861143,0.362078634402756,0.999997068196745,0.999983379322086,"group_idyes"
"7493","MSL3","Exc L4-5 RORB GABRG1",0.07565609381872,4.16464007111838,2.69008021461489,0.151797678623765,0.999997068196745,0.999983379322086,"group_idyes"
"7494","FRMPD4","Exc L4-5 RORB GABRG1",-0.034971027944049,9.9472125296893,1.10430114416641,0.293983731243368,0.999997068196745,0.999983379322086,"group_idyes"
"7495","PRPS2","Exc L4-5 RORB GABRG1",0.0149373423712148,5.43110097512511,0.213414706909632,0.644365172914418,0.999997068196745,0.999983379322086,"group_idyes"
"7496","TMSB4X","Exc L4-5 RORB GABRG1",-0.111765376961648,7.1265805418434,1.07051246978003,0.30147962768117,0.999997068196745,0.999983379322086,"group_idyes"
"7497","TCEANC","Exc L4-5 RORB GABRG1",-0.00309892778591072,2.04740558414469,0.00178698687992007,0.966303183843098,0.999997068196745,0.999983379322086,"group_idyes"
"7498","RAB9A","Exc L4-5 RORB GABRG1",0.0456667816999018,3.76170301958254,0.874230338974154,0.557300399912892,0.999997068196745,0.999983379322086,"group_idyes"
"7499","TRAPPC2","Exc L4-5 RORB GABRG1",0.0664244552969718,4.75153145198837,3.14100867172481,0.086225435861733,0.999997068196745,0.999983379322086,"group_idyes"
"7500","OFD1","Exc L4-5 RORB GABRG1",0.0339482380013073,5.22628211880915,0.640574206284453,0.423996879716368,0.999997068196745,0.999983379322086,"group_idyes"
"7501","GPM6B","Exc L4-5 RORB GABRG1",-0.00114375519078131,8.52264137597588,0.00140564918396941,0.970112173954192,0.999997068196745,0.999983379322086,"group_idyes"
"7502","GEMIN8","Exc L4-5 RORB GABRG1",-0.0553806716579368,3.63344398198879,0.734059511846301,0.392103839986341,0.999997068196745,0.999983379322086,"group_idyes"
"7503","GLRA2","Exc L4-5 RORB GABRG1",-0.0129393842339095,1.68312580684627,0.0110583408769297,0.916304727059256,0.999997068196745,0.999983379322086,"group_idyes"
"7504","FANCB","Exc L4-5 RORB GABRG1",-0.091665675874046,2.92510100634417,2.40555020878966,0.121727794635067,0.999997068196745,0.999983379322086,"group_idyes"
"7505","MOSPD2","Exc L4-5 RORB GABRG1",-0.0610929070622107,4.31109298204188,2.5817256041313,0.108924131768385,0.999997068196745,0.999983379322086,"group_idyes"
"7506","PIGA","Exc L4-5 RORB GABRG1",-0.0311104338329274,1.61471035541041,0.127765984558183,0.926665947677822,0.999997068196745,0.999983379322086,"group_idyes"
"7507","VEGFD","Exc L4-5 RORB GABRG1",0.0477890700340092,4.07880839312217,1.24202091254236,0.265777640910883,0.999997068196745,0.999983379322086,"group_idyes"
"7508","PIR","Exc L4-5 RORB GABRG1",-0.0204223784402743,5.49695444068034,0.296009103356325,0.586710396262525,0.999997068196745,0.999983379322086,"group_idyes"
"7509","BMX","Exc L4-5 RORB GABRG1",-0.095430786871201,2.15371929107385,1.0966273527099,0.295664892582377,0.999997068196745,0.999983379322086,"group_idyes"
"7510","CA5B","Exc L4-5 RORB GABRG1",0.0134908234129723,5.34759988402132,0.149358114474836,0.912530563839875,0.999997068196745,0.999983379322086,"group_idyes"
"7511","ZRSR2","Exc L4-5 RORB GABRG1",0.063034300687722,4.63825765993531,2.70781237687814,0.100674524683367,0.999997068196745,0.999983379322086,"group_idyes"
"7512","AP1S2","Exc L4-5 RORB GABRG1",0.0394280921513329,2.71213855083127,0.235794977439417,0.627536254695464,0.999997068196745,0.999983379322086,"group_idyes"
"7513","CTPS2","Exc L4-5 RORB GABRG1",-0.00167571879251206,4.4781453696676,0.00123088645604906,0.972030961850257,0.999997068196745,0.999983379322086,"group_idyes"
"7514","SYAP1","Exc L4-5 RORB GABRG1",-0.0393128689161533,4.4578510263417,1.05648549428632,0.304663910157816,0.999997068196745,0.999983379322086,"group_idyes"
"7515","TXLNG","Exc L4-5 RORB GABRG1",-0.00376141016750456,5.67375960563621,0.0154448377274724,0.901160655180389,0.999997068196745,0.999983379322086,"group_idyes"
"7516","RBBP7","Exc L4-5 RORB GABRG1",0.0440427796430022,4.5371020646051,1.36823209333119,0.667099370231738,0.999997068196745,0.999983379322086,"group_idyes"
"7517","REPS2","Exc L4-5 RORB GABRG1",6.52193457221819e-05,6.92128925127955,3.3336382152907e-06,0.998544149283318,0.999997068196745,0.999983379322086,"group_idyes"
"7518","NHS","Exc L4-5 RORB GABRG1",-0.000497213076886481,6.11078980118531,0.000111019996873848,0.991598624380099,0.999997068196745,0.999983379322086,"group_idyes"
"7519","SCML1","Exc L4-5 RORB GABRG1",-0.0183607362159981,4.44490293676736,0.093669956161261,0.75972795142058,0.999997068196745,0.999983379322086,"group_idyes"
"7520","RAI2","Exc L4-5 RORB GABRG1",-0.0118664441959227,4.72478438492981,0.0694273033378072,0.93259824351822,0.999997068196745,0.999983379322086,"group_idyes"
"7521","LINC01456","Exc L4-5 RORB GABRG1",0.215529073753351,0.577430993018176,1.36958856925594,0.242607001484492,0.999997068196745,0.999983379322086,"group_idyes"
"7522","SCML2","Exc L4-5 RORB GABRG1",0.00344227927125405,3.73305957373216,0.00497470109510099,0.943807228349073,0.999997068196745,0.999983379322086,"group_idyes"
"7523","CDKL5","Exc L4-5 RORB GABRG1",0.0326023316561452,8.20658760296701,1.53977932553104,0.215406772223057,0.999997068196745,0.999983379322086,"group_idyes"
"7524","PPEF1","Exc L4-5 RORB GABRG1",0.0893057291231763,2.16934504303808,0.762194546750926,0.383187180019635,0.999997068196745,0.999983379322086,"group_idyes"
"7525","PHKA2","Exc L4-5 RORB GABRG1",0.000960901901115104,4.98587059746237,0.000597876297708692,0.980505139344509,0.999997068196745,0.999983379322086,"group_idyes"
"7526","ADGRG2","Exc L4-5 RORB GABRG1",0.027177024879513,1.62903978321193,0.0516450900438714,0.820345737411271,0.999997068196745,0.999983379322086,"group_idyes"
"7527","PDHA1","Exc L4-5 RORB GABRG1",-0.00364073635034411,4.99813972963636,0.00748225065105565,0.931113953030372,0.999997068196745,0.999983379322086,"group_idyes"
"7528","MAP3K15","Exc L4-5 RORB GABRG1",0.0202758663359619,1.7179844947934,0.041148539030202,0.839358707862108,0.999997068196745,0.999983379322086,"group_idyes"
"7529","SH3KBP1","Exc L4-5 RORB GABRG1",0.0219999546447296,7.0413193344034,0.596915952614339,0.440231521907678,0.999997068196745,0.999983379322086,"group_idyes"
"7530","BCLAF3","Exc L4-5 RORB GABRG1",-0.0551140838020083,5.37638496211747,2.15033603113744,0.143355558755947,0.999997068196745,0.999983379322086,"group_idyes"
"7531","MAP7D2","Exc L4-5 RORB GABRG1",-0.00361760265372488,6.39696899141558,0.0221403478121258,0.881792307554874,0.999997068196745,0.999983379322086,"group_idyes"
"7532","EIF1AX","Exc L4-5 RORB GABRG1",0.0581613687254448,6.77567852393079,0.861752551255684,0.353830744927096,0.999997068196745,0.999983379322086,"group_idyes"
"7533","RPS6KA3","Exc L4-5 RORB GABRG1",-0.0260567219494886,7.53836509606282,0.635274759791917,0.425918672756512,0.999997068196745,0.999983379322086,"group_idyes"
"7534","CNKSR2","Exc L4-5 RORB GABRG1",0.0348994302355992,9.42097397202209,0.80685756966779,0.369612742928617,0.999997068196745,0.999983379322086,"group_idyes"
"7535","KLHL34","Exc L4-5 RORB GABRG1",0.0729814493562576,1.96152757595019,0.43614307168332,0.509385136482804,0.999997068196745,0.999983379322086,"group_idyes"
"7536","SMPX","Exc L4-5 RORB GABRG1",0.110133979244625,0.851825913904895,0.558209405802979,0.455438964832995,0.999997068196745,0.999983379322086,"group_idyes"
"7537","MBTPS2","Exc L4-5 RORB GABRG1",-0.0380748010247137,4.67479532214028,0.523078255172458,0.469970998849018,0.999997068196745,0.999983379322086,"group_idyes"
"7538","SMS","Exc L4-5 RORB GABRG1",-0.0235815279481226,6.23292300000108,0.799561304918424,0.371783594998607,0.999997068196745,0.999983379322086,"group_idyes"
"7539","PHEX","Exc L4-5 RORB GABRG1",-0.114292374165477,1.57829095412547,1.01503441017616,0.314332980827597,0.999997068196745,0.999983379322086,"group_idyes"
"7540","PHEX-AS1","Exc L4-5 RORB GABRG1",-0.221177933496218,1.21837281480093,2.8041570336881,0.0948328857990131,0.999997068196745,0.999983379322086,"group_idyes"
"7541","PTCHD1-AS","Exc L4-5 RORB GABRG1",-0.0373482748005434,6.36782132037685,0.236708834509551,0.626870368971111,0.999997068196745,0.999983379322086,"group_idyes"
"7542","AC092832.2","Exc L4-5 RORB GABRG1",-0.103071407256517,0.463302534872345,0.397119452376534,0.528954753253461,0.999997068196745,0.999983379322086,"group_idyes"
"7543","AC004470.1","Exc L4-5 RORB GABRG1",0.0369634659312817,1.01181614771767,0.0644928308698522,0.799666462664721,0.999997068196745,0.999983379322086,"group_idyes"
"7544","PTCHD1","Exc L4-5 RORB GABRG1",-0.0569953220190675,3.98384117087266,0.809877760295484,0.368719331203828,0.999997068196745,0.999983379322086,"group_idyes"
"7545","PRDX4","Exc L4-5 RORB GABRG1",0.0598116869462865,1.8690792959007,0.441604775998718,0.50674701072472,0.999997068196745,0.999983379322086,"group_idyes"
"7546","ACOT9","Exc L4-5 RORB GABRG1",0.00557030031556601,3.92373076197997,0.0181390584508356,0.89293427165833,0.999997068196745,0.999983379322086,"group_idyes"
"7547","SAT1","Exc L4-5 RORB GABRG1",-0.00722667720318221,5.92442358119399,0.0190998020768766,0.890153052554342,0.999997068196745,0.999983379322086,"group_idyes"
"7548","APOO","Exc L4-5 RORB GABRG1",-0.0487610180288122,6.45189275666112,0.316756875605907,0.57389100598526,0.999997068196745,0.999983379322086,"group_idyes"
"7549","CXorf58","Exc L4-5 RORB GABRG1",0.142300287956458,0.61577097284033,1.04280538797554,0.307811599803533,0.999997068196745,0.999983379322086,"group_idyes"
"7550","KLHL15","Exc L4-5 RORB GABRG1",0.0626831072015013,3.32098469227824,1.65091532565089,0.3086896252202,0.999997068196745,0.999983379322086,"group_idyes"
"7551","EIF2S3","Exc L4-5 RORB GABRG1",0.0906579835275316,4.68737487725402,5.47476240137557,0.0411623896930859,0.999997068196745,0.999983379322086,"group_idyes"
"7552","ZFX","Exc L4-5 RORB GABRG1",0.0992566194192208,5.33692090096524,4.54301411688411,0.0336865918012319,0.999997068196745,0.999983379322086,"group_idyes"
"7553","PDK3","Exc L4-5 RORB GABRG1",-0.059761473306559,6.27823957130024,2.10472135878927,0.147659906734861,0.999997068196745,0.999983379322086,"group_idyes"
"7554","PCYT1B","Exc L4-5 RORB GABRG1",-0.00704231364607493,2.95353250822341,0.0109931111050548,0.916551030344017,0.999997068196745,0.999983379322086,"group_idyes"
"7555","POLA1","Exc L4-5 RORB GABRG1",0.00296949185564478,5.74901275794463,0.00493438972969639,0.944034987432168,0.999997068196745,0.999983379322086,"group_idyes"
"7556","AC112493.1","Exc L4-5 RORB GABRG1",0.0601284972310539,3.6698294096319,0.185630667889167,0.666819613443592,0.999997068196745,0.999983379322086,"group_idyes"
"7557","AC107419.1","Exc L4-5 RORB GABRG1",-0.0572896371644333,2.46401841958661,0.18331173065652,0.66878208374951,0.999997068196745,0.999983379322086,"group_idyes"
"7558","IL1RAPL1","Exc L4-5 RORB GABRG1",0.0385341701931432,9.94926699447593,0.821445944325627,0.365325019839176,0.999997068196745,0.999983379322086,"group_idyes"
"7559","GK","Exc L4-5 RORB GABRG1",-0.0292699487955286,5.63097494202621,0.632285406192816,0.427008527297263,0.999997068196745,0.999983379322086,"group_idyes"
"7560","GK-AS1","Exc L4-5 RORB GABRG1",-0.0728375766953255,1.97182828389394,0.231443219494522,0.630729246343551,0.999997068196745,0.999983379322086,"group_idyes"
"7561","TAB3","Exc L4-5 RORB GABRG1",0.0161321881676988,4.72321985672823,0.239680575672478,0.624715933168493,0.999997068196745,0.999983379322086,"group_idyes"
"7562","DMD","Exc L4-5 RORB GABRG1",-0.0251310079820018,9.43514580351242,0.431635047959198,0.511580554394149,0.999997068196745,0.999983379322086,"group_idyes"
"7563","AL591501.1","Exc L4-5 RORB GABRG1",-0.0127071220717774,5.7622477388662,0.0493733438613967,0.824275216965922,0.999997068196745,0.999983379322086,"group_idyes"
"7564","AL592043.1","Exc L4-5 RORB GABRG1",-0.0450381631809563,2.35955236672649,0.171693196335198,0.678842298498043,0.999997068196745,0.999983379322086,"group_idyes"
"7565","TMEM47","Exc L4-5 RORB GABRG1",0.124774307071458,3.53886099037033,2.69300672684947,0.101606674406128,0.999997068196745,0.999983379322086,"group_idyes"
"7566","CFAP47","Exc L4-5 RORB GABRG1",0.0406412113851982,2.11905667616629,0.11121345291286,0.738948519749982,0.999997068196745,0.999983379322086,"group_idyes"
"7567","AL606516.1","Exc L4-5 RORB GABRG1",-0.0485021215118465,0.337090762890753,0.0621979081500167,0.803188282943414,0.999997068196745,0.999983379322086,"group_idyes"
"7568","AF241726.2","Exc L4-5 RORB GABRG1",-0.0215585458599648,4.69163205189269,0.143944947564544,0.704599596563546,0.999997068196745,0.999983379322086,"group_idyes"
"7569","DYNLT3","Exc L4-5 RORB GABRG1",-0.00276448027445532,5.05178224384805,0.00178449573335748,0.966326665520403,0.999997068196745,0.999983379322086,"group_idyes"
"7570","SRPX","Exc L4-5 RORB GABRG1",0.0690572362140159,2.19440157312688,0.44552905741147,0.504865980332324,0.999997068196745,0.999983379322086,"group_idyes"
"7571","RPGR","Exc L4-5 RORB GABRG1",0.000879707740880565,4.96418129725218,0.000395866716400274,0.9841363317024,0.999997068196745,0.999983379322086,"group_idyes"
"7572","TSPAN7","Exc L4-5 RORB GABRG1",0.000653854412168964,7.78274125440172,8.3348712852212e-05,0.992720504974547,0.999997068196745,0.999983379322086,"group_idyes"
"7573","MID1IP1","Exc L4-5 RORB GABRG1",0.0976459478074667,1.18946011990722,0.56105678611309,0.454292470164922,0.999997068196745,0.999983379322086,"group_idyes"
"7574","BCOR","Exc L4-5 RORB GABRG1",-0.02198689014252,4.9926247932423,0.0654548152581662,0.798210046752084,0.999997068196745,0.999983379322086,"group_idyes"
"7575","ATP6AP2","Exc L4-5 RORB GABRG1",-0.0230470759628336,5.96470740803021,0.103729589045224,0.747574000856273,0.999997068196745,0.999983379322086,"group_idyes"
"7576","CXorf38","Exc L4-5 RORB GABRG1",-0.0542610765047266,4.07849791446406,0.628611818681623,0.4283536145031,0.999997068196745,0.999983379322086,"group_idyes"
"7577","MED14","Exc L4-5 RORB GABRG1",-0.0318107526038651,5.09410428715182,0.769024604789366,0.835412510620086,0.999997068196745,0.999983379322086,"group_idyes"
"7578","USP9X","Exc L4-5 RORB GABRG1",0.0474699042006557,6.70634315157488,3.87702058711126,0.0496686447692007,0.999997068196745,0.999983379322086,"group_idyes"
"7579","DDX3X","Exc L4-5 RORB GABRG1",0.104945405052755,6.20357629980021,6.39335991166352,0.0118538725848772,0.999997068196745,0.999983379322086,"group_idyes"
"7580","CASK","Exc L4-5 RORB GABRG1",-0.00539837277753518,6.98231287084218,0.0305442543356901,0.861352967969121,0.999997068196745,0.999983379322086,"group_idyes"
"7581","GPR34","Exc L4-5 RORB GABRG1",-0.0115008857945947,0.433414447467573,0.00408658409301182,0.949062035094389,0.999997068196745,0.999983379322086,"group_idyes"
"7582","GPR82","Exc L4-5 RORB GABRG1",0.106475804582896,0.6414895949785,0.368998571382081,0.543908999079148,0.999997068196745,0.999983379322086,"group_idyes"
"7583","Z93403.1","Exc L4-5 RORB GABRG1",-0.00156770668562158,1.18985444609627,0.0001914165299505,0.988968522540031,0.999997068196745,0.999983379322086,"group_idyes"
"7584","MAOA","Exc L4-5 RORB GABRG1",0.0128780695538167,2.46731112771909,0.0240064626363106,0.957859960911797,0.999997068196745,0.999983379322086,"group_idyes"
"7585","MAOB","Exc L4-5 RORB GABRG1",-0.00807229333414824,3.35625501898689,0.00866188099546547,0.925897010230707,0.999997068196745,0.999983379322086,"group_idyes"
"7586","NDP","Exc L4-5 RORB GABRG1",-0.0801256456817113,0.755601388768004,0.302667863548613,0.582533977111903,0.999997068196745,0.999983379322086,"group_idyes"
"7587","EFHC2","Exc L4-5 RORB GABRG1",0.0918830549783259,1.18776081254174,0.549380109100986,0.459023259833994,0.999997068196745,0.999983379322086,"group_idyes"
"7588","FUNDC1","Exc L4-5 RORB GABRG1",0.00447044320542536,3.21864722257308,0.00312987902013307,0.955414407742596,0.999997068196745,0.999983379322086,"group_idyes"
"7589","KDM6A","Exc L4-5 RORB GABRG1",0.0263252622949531,6.40857908747847,0.382407100596887,0.536683726522769,0.999997068196745,0.999983379322086,"group_idyes"
"7590","MIR222HG","Exc L4-5 RORB GABRG1",-0.00235851204090322,5.01718980654311,0.00163757956189217,0.96774179249033,0.999997068196745,0.999983379322086,"group_idyes"
"7591","AC234772.2","Exc L4-5 RORB GABRG1",0.0184321672715445,1.64982707865868,0.0345140933194574,0.852715440583116,0.999997068196745,0.999983379322086,"group_idyes"
"7592","KRBOX4","Exc L4-5 RORB GABRG1",0.0897942740407312,5.15829308559871,7.83508326756217,0.00538223506668971,0.999997068196745,0.999983379322086,"group_idyes"
"7593","ZNF674","Exc L4-5 RORB GABRG1",-0.0600480023941995,3.41875398915638,1.21378005278153,0.274094193406419,0.999997068196745,0.999983379322086,"group_idyes"
"7594","ZNF674-AS1","Exc L4-5 RORB GABRG1",-0.0112177755881172,1.30819374354404,0.011680680511786,0.913990797261851,0.999997068196745,0.999983379322086,"group_idyes"
"7595","CHST7","Exc L4-5 RORB GABRG1",0.0843968382488534,0.705002610628308,0.407819739488128,0.523458168604964,0.999997068196745,0.999983379322086,"group_idyes"
"7596","SLC9A7","Exc L4-5 RORB GABRG1",0.0096556822277729,5.15538470443823,0.125803324720593,0.787991708046987,0.999997068196745,0.999983379322086,"group_idyes"
"7597","RP2","Exc L4-5 RORB GABRG1",-0.026965826570138,2.10813297701131,0.124178281933981,0.724739215970833,0.999997068196745,0.999983379322086,"group_idyes"
"7598","JADE3","Exc L4-5 RORB GABRG1",0.0459141472838525,2.4678712563473,0.38453072435824,0.53555549865627,0.999997068196745,0.999983379322086,"group_idyes"
"7599","RGN","Exc L4-5 RORB GABRG1",-0.0264553099569903,4.02621225735258,0.152900579627585,0.69599518045684,0.999997068196745,0.999983379322086,"group_idyes"
"7600","NDUFB11","Exc L4-5 RORB GABRG1",-0.0263211563274924,4.04661438251734,0.0370714561256934,0.84742122793443,0.999997068196745,0.999983379322086,"group_idyes"
"7601","RBM10","Exc L4-5 RORB GABRG1",0.0588296979447094,5.05427078255777,2.95004634659767,0.122696486248888,0.999997068196745,0.999983379322086,"group_idyes"
"7602","UBA1","Exc L4-5 RORB GABRG1",0.0659745703363874,5.59332940735862,1.5254654281226,0.217548008491334,0.999997068196745,0.999983379322086,"group_idyes"
"7603","CDK16","Exc L4-5 RORB GABRG1",0.03557675393299,4.51805124789147,0.534463641410198,0.465181276100071,0.999997068196745,0.999983379322086,"group_idyes"
"7604","USP11","Exc L4-5 RORB GABRG1",-0.0203292711446842,7.05508384435486,0.16135215802341,0.688137694532027,0.999997068196745,0.999983379322086,"group_idyes"
"7605","ZNF157","Exc L4-5 RORB GABRG1",-0.0620956619616864,2.30021761700029,0.563115772711086,0.453466248220536,0.999997068196745,0.999983379322086,"group_idyes"
"7606","ZNF41","Exc L4-5 RORB GABRG1",-0.0353678604364357,3.81909659019839,0.51663118029475,0.472718580086813,0.999997068196745,0.999983379322086,"group_idyes"
"7607","LINC01560","Exc L4-5 RORB GABRG1",0.0698487258337658,1.6740092111027,0.517096669700686,0.651164500104735,0.999997068196745,0.999983379322086,"group_idyes"
"7608","ARAF","Exc L4-5 RORB GABRG1",0.0390284386214987,2.87585979722296,0.355266131188771,0.551497633968098,0.999997068196745,0.999983379322086,"group_idyes"
"7609","SYN1","Exc L4-5 RORB GABRG1",0.0512084534504918,7.35789204745699,0.67799892580235,0.410786748280018,0.999997068196745,0.999983379322086,"group_idyes"
"7610","TIMP1","Exc L4-5 RORB GABRG1",-0.24165941585483,0.342061276090373,1.05792660224704,0.304334759908481,0.999997068196745,0.999983379322086,"group_idyes"
"7611","CFP","Exc L4-5 RORB GABRG1",0.061977835724709,1.20579896608108,0.308857724948922,0.681942837042808,0.999997068196745,0.999983379322086,"group_idyes"
"7612","ELK1","Exc L4-5 RORB GABRG1",0.159202797363953,5.79168152548426,4.26614647698449,0.0395482315331162,0.999997068196745,0.999983379322086,"group_idyes"
"7613","UXT","Exc L4-5 RORB GABRG1",-0.0429931847053821,2.32572725821521,0.328633919998354,0.758810347616413,0.999997068196745,0.999983379322086,"group_idyes"
"7614","ZNF81","Exc L4-5 RORB GABRG1",0.0026855604332991,4.75657731025591,0.00590337268610956,0.938796012999191,0.999997068196745,0.999983379322086,"group_idyes"
"7615","ZNF182","Exc L4-5 RORB GABRG1",-0.0497452249216162,2.78894698700481,0.643929162288179,0.422786968388301,0.999997068196745,0.999983379322086,"group_idyes"
"7616","ZNF630","Exc L4-5 RORB GABRG1",-0.0215808098118949,4.25300810688626,0.180086212496464,0.671536358826648,0.999997068196745,0.999983379322086,"group_idyes"
"7617","SLC38A5","Exc L4-5 RORB GABRG1",-0.00591373641696275,0.598338496665945,0.00209918904284832,0.963479954393085,0.999997068196745,0.999983379322086,"group_idyes"
"7618","FTSJ1","Exc L4-5 RORB GABRG1",0.078990384553209,2.5563755533164,1.72975595991761,0.189225380458255,0.999997068196745,0.999983379322086,"group_idyes"
"7619","PORCN","Exc L4-5 RORB GABRG1",-0.062440338124063,3.66710527716844,1.45474992624043,0.228508500823016,0.999997068196745,0.999983379322086,"group_idyes"
"7620","EBP","Exc L4-5 RORB GABRG1",-0.0234935442104819,3.52668715396396,0.164088346215407,0.685645174251299,0.999997068196745,0.999983379322086,"group_idyes"
"7621","TBC1D25","Exc L4-5 RORB GABRG1",-0.00512737872110153,4.04064841425327,0.0206274185056468,0.885873779025115,0.999997068196745,0.999983379322086,"group_idyes"
"7622","RBM3","Exc L4-5 RORB GABRG1",0.000820057049588602,3.7251387117535,8.16520493515006e-05,0.992794975321462,0.999997068196745,0.999983379322086,"group_idyes"
"7623","WDR13","Exc L4-5 RORB GABRG1",-0.0248633150990886,4.59542385228134,0.379559360480096,0.538203478860326,0.999997068196745,0.999983379322086,"group_idyes"
"7624","WAS","Exc L4-5 RORB GABRG1",0.0269418010216256,0.80925635835156,0.0399833168836337,0.948504282641305,0.999997068196745,0.999983379322086,"group_idyes"
"7625","SUV39H1","Exc L4-5 RORB GABRG1",0.130626708714822,1.2401676190259,1.3171469894979,0.251817866803615,0.999997068196745,0.999983379322086,"group_idyes"
"7626","AC231533.1","Exc L4-5 RORB GABRG1",-0.0886712148513209,3.91943942506311,2.23080227893069,0.13610322950271,0.999997068196745,0.999983379322086,"group_idyes"
"7627","HDAC6","Exc L4-5 RORB GABRG1",-0.015484392974463,4.63457657406167,0.150656091085606,0.69812384023043,0.999997068196745,0.999983379322086,"group_idyes"
"7628","PCSK1N","Exc L4-5 RORB GABRG1",0.0154131136538425,7.24424189359183,0.0250890755116237,0.874228412973823,0.999997068196745,0.999983379322086,"group_idyes"
"7629","TIMM17B","Exc L4-5 RORB GABRG1",0.0274719871985149,3.03375090532989,0.0881176372403251,0.766744163613331,0.999997068196745,0.999983379322086,"group_idyes"
"7630","PQBP1","Exc L4-5 RORB GABRG1",0.014018982206949,2.93660405825476,0.0299298822626754,0.862740402496518,0.999997068196745,0.999983379322086,"group_idyes"
"7631","SLC35A2","Exc L4-5 RORB GABRG1",0.0484711875149387,2.31124032577122,0.346120284883648,0.594046093946126,0.999997068196745,0.999983379322086,"group_idyes"
"7632","PIM2","Exc L4-5 RORB GABRG1",0.0117981298367113,2.08069212293449,0.018248653714832,0.892613277709793,0.999997068196745,0.999983379322086,"group_idyes"
"7633","OTUD5","Exc L4-5 RORB GABRG1",-0.00658812368741881,5.17296516689451,0.0346601607212648,0.852407693118888,0.999997068196745,0.999983379322086,"group_idyes"
"7634","GRIPAP1","Exc L4-5 RORB GABRG1",-0.0241526108867164,5.92185902657278,0.839606164258271,0.360083423201489,0.999997068196745,0.999983379322086,"group_idyes"
"7635","TFE3","Exc L4-5 RORB GABRG1",0.00861443044751933,3.81843566868109,0.0239811289958864,0.930497141957405,0.999997068196745,0.999983379322086,"group_idyes"
"7636","CCDC120","Exc L4-5 RORB GABRG1",0.096053165231238,3.20602717733963,3.27229242457806,0.0712395774547475,0.999997068196745,0.999983379322086,"group_idyes"
"7637","PRAF2","Exc L4-5 RORB GABRG1",-0.0508303633850113,3.19043578543264,0.293214334026618,0.588481461076589,0.999997068196745,0.999983379322086,"group_idyes"
"7638","WDR45","Exc L4-5 RORB GABRG1",0.048227935998677,4.1268441600194,0.632821705798854,0.426812694465053,0.999997068196745,0.999983379322086,"group_idyes"
"7639","GPKOW","Exc L4-5 RORB GABRG1",0.0545796859701166,2.80036104528709,0.681755914046609,0.543652692796765,0.999997068196745,0.999983379322086,"group_idyes"
"7640","MAGIX","Exc L4-5 RORB GABRG1",0.0112742036955778,1.87443853104692,0.0190482068116983,0.918660122136408,0.999997068196745,0.999983379322086,"group_idyes"
"7641","PLP2","Exc L4-5 RORB GABRG1",0.195398858810587,0.87006585445408,2.27944769286106,0.131919368466703,0.999997068196745,0.999983379322086,"group_idyes"
"7642","SYP","Exc L4-5 RORB GABRG1",0.027357466334536,7.92070003394917,0.392264532548821,0.531482877791477,0.999997068196745,0.999983379322086,"group_idyes"
"7643","CACNA1F","Exc L4-5 RORB GABRG1",-0.0717870647028919,1.22274675787323,0.448797810353538,0.503308288138168,0.999997068196745,0.999983379322086,"group_idyes"
"7644","CCDC22","Exc L4-5 RORB GABRG1",-0.00361651868166474,2.80865488576144,0.00335702986194464,0.953826596352423,0.999997068196745,0.999983379322086,"group_idyes"
"7645","PPP1R3F","Exc L4-5 RORB GABRG1",0.00372801266511451,4.50536138105803,0.00575647091176997,0.939560839545817,0.999997068196745,0.999983379322086,"group_idyes"
"7646","GAGE10","Exc L4-5 RORB GABRG1",0.126081236484972,1.37569330615662,0.729200231399922,0.393673920834827,0.999997068196745,0.999983379322086,"group_idyes"
"7647","USP27X","Exc L4-5 RORB GABRG1",0.00503815486096388,3.17410402107915,0.00396434208399987,0.949828648795486,0.999997068196745,0.999983379322086,"group_idyes"
"7648","CLCN5","Exc L4-5 RORB GABRG1",0.135259988529921,2.48238996362,3.53498218572221,0.0608423022316563,0.999997068196745,0.999983379322086,"group_idyes"
"7649","CCNB3","Exc L4-5 RORB GABRG1",0.125834179468208,0.431725561240052,0.6665021818955,0.414778967848973,0.999997068196745,0.999983379322086,"group_idyes"
"7650","DGKK","Exc L4-5 RORB GABRG1",0.257544042959049,1.28795237600181,3.37608054152153,0.0669202304113923,0.999997068196745,0.999983379322086,"group_idyes"
"7651","SHROOM4","Exc L4-5 RORB GABRG1",-0.0981101422517915,1.12779022992849,0.459909404521068,0.498073987439136,0.999997068196745,0.999983379322086,"group_idyes"
"7652","LINC01284","Exc L4-5 RORB GABRG1",0.0954795328830093,5.29039435892688,1.87911303732561,0.171234153554865,0.999997068196745,0.999983379322086,"group_idyes"
"7653","NUDT10","Exc L4-5 RORB GABRG1",0.00626697349810056,2.5254654917291,0.00694093642216784,0.933646564235859,0.999997068196745,0.999983379322086,"group_idyes"
"7654","AC233976.1","Exc L4-5 RORB GABRG1",-0.0338035368007271,1.74372464570481,0.149151260175447,0.699561253050378,0.999997068196745,0.999983379322086,"group_idyes"
"7655","AL158055.1","Exc L4-5 RORB GABRG1",-0.0555913122403438,3.90651589908462,0.864930262851788,0.352945828053612,0.999997068196745,0.999983379322086,"group_idyes"
"7656","NUDT11","Exc L4-5 RORB GABRG1",0.0260746415761337,2.88014298840818,0.0899009562842945,0.764465034720933,0.999997068196745,0.999983379322086,"group_idyes"
"7657","GSPT2","Exc L4-5 RORB GABRG1",0.0397755617860209,3.52612627680383,0.305760985147931,0.580614283909718,0.999997068196745,0.999983379322086,"group_idyes"
"7658","MAGED1","Exc L4-5 RORB GABRG1",0.00168530765165396,6.86310272797318,0.00431188096928148,0.947678713883667,0.999997068196745,0.999983379322086,"group_idyes"
"7659","FAM156A","Exc L4-5 RORB GABRG1",-0.023489402420431,5.03520483077994,0.256775521102203,0.61263440576577,0.999997068196745,0.999983379322086,"group_idyes"
"7660","GPR173","Exc L4-5 RORB GABRG1",0.0164986685967943,4.7801070835393,0.236621909004319,0.677251397160533,0.999997068196745,0.999983379322086,"group_idyes"
"7661","TSPYL2","Exc L4-5 RORB GABRG1",0.0326154684809926,6.93777733546893,0.82884091525392,0.363177928252546,0.999997068196745,0.999983379322086,"group_idyes"
"7662","KANTR","Exc L4-5 RORB GABRG1",0.0140063103805814,7.04266497669181,0.147510558101896,0.70113797984664,0.999997068196745,0.999983379322086,"group_idyes"
"7663","KDM5C","Exc L4-5 RORB GABRG1",0.120444792650951,5.51637851867034,7.57670283019569,0.00619278370421199,0.999997068196745,0.999983379322086,"group_idyes"
"7664","IQSEC2","Exc L4-5 RORB GABRG1",-0.0114413798103639,6.37060123783472,0.176612426485161,0.674535392072653,0.999997068196745,0.999983379322086,"group_idyes"
"7665","SMC1A","Exc L4-5 RORB GABRG1",0.0286064256406715,4.7654793897896,0.450295070691194,0.502597526896303,0.999997068196745,0.999983379322086,"group_idyes"
"7666","HSD17B10","Exc L4-5 RORB GABRG1",0.0188377227661392,1.84761463250415,0.0372460070869865,0.847066879538751,0.999997068196745,0.999983379322086,"group_idyes"
"7667","HUWE1","Exc L4-5 RORB GABRG1",0.0194032135129536,6.89711331630375,0.538559454772693,0.463477328719972,0.999997068196745,0.999983379322086,"group_idyes"
"7668","PHF8","Exc L4-5 RORB GABRG1",-0.0149727552698054,5.08549204748507,0.169350451776984,0.68091888164625,0.999997068196745,0.999983379322086,"group_idyes"
"7669","FAM120C","Exc L4-5 RORB GABRG1",-0.0266454512089719,4.91897361868568,0.827535916772824,0.45847372333185,0.999997068196745,0.999983379322086,"group_idyes"
"7670","WNK3","Exc L4-5 RORB GABRG1",0.00679786857727489,4.76402498941473,0.0369575622859092,0.917132913705721,0.999997068196745,0.999983379322086,"group_idyes"
"7671","TSR2","Exc L4-5 RORB GABRG1",0.09395660963353,4.10791584448791,1.32104593798866,0.251118434168431,0.999997068196745,0.999983379322086,"group_idyes"
"7672","FGD1","Exc L4-5 RORB GABRG1",-0.00176078119775647,4.8889878210075,0.00240087086808212,0.960945772640524,0.999997068196745,0.999983379322086,"group_idyes"
"7673","GNL3L","Exc L4-5 RORB GABRG1",0.0586730825464993,2.96950497190246,1.11462858268552,0.291740518807266,0.999997068196745,0.999983379322086,"group_idyes"
"7674","ITIH6","Exc L4-5 RORB GABRG1",-0.235419935562565,0.391169853773752,2.08254597161033,0.149805176295713,0.999997068196745,0.999983379322086,"group_idyes"
"7675","MAGED2","Exc L4-5 RORB GABRG1",0.0756704613475091,4.30626378143865,0.77788101507533,0.378340682321841,0.999997068196745,0.999983379322086,"group_idyes"
"7676","TRO","Exc L4-5 RORB GABRG1",0.0545779497123922,4.01000489588688,1.04524533769427,0.699947676173144,0.999997068196745,0.999983379322086,"group_idyes"
"7677","PFKFB1","Exc L4-5 RORB GABRG1",-0.0559637801652375,0.96037137426297,0.216232635935757,0.642188651307711,0.999997068196745,0.999983379322086,"group_idyes"
"7678","APEX2","Exc L4-5 RORB GABRG1",0.045154666034009,1.51027012528538,0.210858657943939,0.646354561032216,0.999997068196745,0.999983379322086,"group_idyes"
"7679","FAM104B","Exc L4-5 RORB GABRG1",0.0798960519315768,3.40574380990347,1.8549441154887,0.50399074545489,0.999997068196745,0.999983379322086,"group_idyes"
"7680","MTRNR2L10","Exc L4-5 RORB GABRG1",0.0277732925395723,0.27472557529008,0.00868897199849192,0.925781553584407,0.999997068196745,0.999983379322086,"group_idyes"
"7681","MAGEH1","Exc L4-5 RORB GABRG1",-0.0131239014031359,4.31405221219808,0.0183807966169277,0.89222754632509,0.999997068196745,0.999983379322086,"group_idyes"
"7682","USP51","Exc L4-5 RORB GABRG1",0.039781812451694,2.89358640086256,0.346931172884448,0.856155543464878,0.999997068196745,0.999983379322086,"group_idyes"
"7683","RRAGB","Exc L4-5 RORB GABRG1",0.0149947277356673,5.25686543038397,0.177043539600346,0.67416132023054,0.999997068196745,0.999983379322086,"group_idyes"
"7684","AL445472.1","Exc L4-5 RORB GABRG1",0.106719681841218,2.03881624930727,1.10790080470353,0.29319935080354,0.999997068196745,0.999983379322086,"group_idyes"
"7685","KLF8","Exc L4-5 RORB GABRG1",0.0329033660200201,2.82595692449704,0.250388484467226,0.617087775306304,0.999997068196745,0.999983379322086,"group_idyes"
"7686","UBQLN2","Exc L4-5 RORB GABRG1",0.0343460838090654,5.52351648418537,0.25250396538006,0.615604947714986,0.999997068196745,0.999983379322086,"group_idyes"
"7687","NBDY","Exc L4-5 RORB GABRG1",-0.0519047282060012,5.65904249952719,1.73643486763281,0.188375309986087,0.999997068196745,0.999983379322086,"group_idyes"
"7688","SPIN3","Exc L4-5 RORB GABRG1",-0.0171436277565826,5.60437561605441,0.287236806866155,0.592306421501781,0.999997068196745,0.999983379322086,"group_idyes"
"7689","SPIN2B","Exc L4-5 RORB GABRG1",-0.0483170941361907,2.55609603862053,0.273676051318405,0.601177597106339,0.999997068196745,0.999983379322086,"group_idyes"
"7690","AL022157.1","Exc L4-5 RORB GABRG1",0.0662358134677887,1.10141974368343,0.395936708556289,0.529568652927343,0.999997068196745,0.999983379322086,"group_idyes"
"7691","FAAH2","Exc L4-5 RORB GABRG1",-0.000213446650801632,6.14662956125063,1.58666275741541e-05,0.996823864543461,0.999997068196745,0.999983379322086,"group_idyes"
"7692","ZXDB","Exc L4-5 RORB GABRG1",0.00361530808304954,2.48567469605696,0.00231308809586386,0.9616658264724,0.999997068196745,0.999983379322086,"group_idyes"
"7693","ZXDA","Exc L4-5 RORB GABRG1",-0.0338648481769425,1.2226666356751,0.103432175315298,0.789384897192509,0.999997068196745,0.999983379322086,"group_idyes"
"7694","SPIN4","Exc L4-5 RORB GABRG1",0.0470315227535679,1.78604659249943,0.307855597638664,0.709689334887489,0.999997068196745,0.999983379322086,"group_idyes"
"7695","ARHGEF9","Exc L4-5 RORB GABRG1",0.0373094453847324,7.45141773332581,3.09163893982295,0.0794905904077089,0.999997068196745,0.999983379322086,"group_idyes"
"7696","AMER1","Exc L4-5 RORB GABRG1",-0.065661782193582,1.48386481807584,0.533905521706943,0.661437162103949,0.999997068196745,0.999983379322086,"group_idyes"
"7697","MTMR8","Exc L4-5 RORB GABRG1",-0.0101874610551385,3.78522580241612,0.0298998354752161,0.862808631633388,0.999997068196745,0.999983379322086,"group_idyes"
"7698","ZC4H2","Exc L4-5 RORB GABRG1",-0.0132674548173604,5.84628537723413,0.0731529466328925,0.786945254866656,0.999997068196745,0.999983379322086,"group_idyes"
"7699","ZC3H12B","Exc L4-5 RORB GABRG1",0.00932133494220277,5.87342476316306,0.0652972161025529,0.798447862544162,0.999997068196745,0.999983379322086,"group_idyes"
"7700","LAS1L","Exc L4-5 RORB GABRG1",-0.058929348496749,4.71309432441101,2.54189392129478,0.111682879261731,0.999997068196745,0.999983379322086,"group_idyes"
"7701","MSN","Exc L4-5 RORB GABRG1",-0.0361447818707998,1.87314842152612,0.138873097422825,0.709609094505249,0.999997068196745,0.999983379322086,"group_idyes"
"7702","AR","Exc L4-5 RORB GABRG1",0.0280912364964743,2.16899771145147,0.04690923274877,0.82864626686395,0.999997068196745,0.999983379322086,"group_idyes"
"7703","AL157700.1","Exc L4-5 RORB GABRG1",0.0109791748899113,1.41711972482375,0.0120673713243136,0.912584354212444,0.999997068196745,0.999983379322086,"group_idyes"
"7704","OPHN1","Exc L4-5 RORB GABRG1",-0.00871001213743071,6.92531286173086,0.0736908508043376,0.786182407850705,0.999997068196745,0.999983379322086,"group_idyes"
"7705","YIPF6","Exc L4-5 RORB GABRG1",0.0604051106234278,4.70902887181519,2.0665811130283,0.151371528163686,0.999997068196745,0.999983379322086,"group_idyes"
"7706","STARD8","Exc L4-5 RORB GABRG1",-0.0152278280514195,0.804146229066015,0.0169103170037896,0.89660299969766,0.999997068196745,0.999983379322086,"group_idyes"
"7707","EFNB1","Exc L4-5 RORB GABRG1",0.199848928766758,1.00850814004093,2.78528849823986,0.0959470664027335,0.999997068196745,0.999983379322086,"group_idyes"
"7708","PJA1","Exc L4-5 RORB GABRG1",0.0136726301217182,4.19610655698445,0.0365342035737976,0.848517344347341,0.999997068196745,0.999983379322086,"group_idyes"
"7709","FAM155B","Exc L4-5 RORB GABRG1",-0.00767859547388029,1.47337040543865,0.00494976018430575,0.94394803452678,0.999997068196745,0.999983379322086,"group_idyes"
"7710","EDA","Exc L4-5 RORB GABRG1",0.040653671043805,4.54171923674554,0.294063435365633,0.58794222801081,0.999997068196745,0.999983379322086,"group_idyes"
"7711","IGBP1","Exc L4-5 RORB GABRG1",0.0455617392964641,4.94430573682582,1.68237136835861,0.195386946142451,0.999997068196745,0.999983379322086,"group_idyes"
"7712","PDZD11","Exc L4-5 RORB GABRG1",0.0432953099524509,2.63425951652593,0.205660328488871,0.650445949894048,0.999997068196745,0.999983379322086,"group_idyes"
"7713","KIF4A","Exc L4-5 RORB GABRG1",-0.0277652266973799,1.8911604793509,0.0995965795423298,0.752485412576336,0.999997068196745,0.999983379322086,"group_idyes"
"7714","DLG3","Exc L4-5 RORB GABRG1",-0.0123113078129162,5.19802694452808,0.126375185685005,0.722415203486988,0.999997068196745,0.999983379322086,"group_idyes"
"7715","TEX11","Exc L4-5 RORB GABRG1",0.177555667163185,2.03842900004434,3.8482712594366,0.079683592980305,0.999997068196745,0.999983379322086,"group_idyes"
"7716","SNX12","Exc L4-5 RORB GABRG1",-0.0247113068461863,4.07955816100668,0.18101545157677,0.670739911271264,0.999997068196745,0.999983379322086,"group_idyes"
"7717","FOXO4","Exc L4-5 RORB GABRG1",0.0495031016045876,2.09035388167191,0.276854516009956,0.599073505305417,0.999997068196745,0.999983379322086,"group_idyes"
"7718","MED12","Exc L4-5 RORB GABRG1",0.0391076311738553,3.24744586108804,0.573886048240941,0.680717396030495,0.999997068196745,0.999983379322086,"group_idyes"
"7719","NLGN3","Exc L4-5 RORB GABRG1",-0.0498975638604304,4.45444778134946,1.02922709433247,0.310977847483987,0.999997068196745,0.999983379322086,"group_idyes"
"7720","ZMYM3","Exc L4-5 RORB GABRG1",0.0210479334843378,4.96230974784409,0.109477263160023,0.740920177851013,0.999997068196745,0.999983379322086,"group_idyes"
"7721","NONO","Exc L4-5 RORB GABRG1",0.00458934268394115,5.07055727456642,0.0103270374809684,0.919109631388653,0.999997068196745,0.999983379322086,"group_idyes"
"7722","TAF1","Exc L4-5 RORB GABRG1",-0.0346713270979701,6.08266170800764,0.8357705301609,0.361181791632469,0.999997068196745,0.999983379322086,"group_idyes"
"7723","OGT","Exc L4-5 RORB GABRG1",0.00362083874385698,6.92446999327818,0.0108534073567376,0.917081040199551,0.999997068196745,0.999983379322086,"group_idyes"
"7724","GCNA","Exc L4-5 RORB GABRG1",0.111996447620589,4.71704976527588,1.42197335209065,0.233813824250444,0.999997068196745,0.999983379322086,"group_idyes"
"7725","BX276092.9","Exc L4-5 RORB GABRG1",0.112715883625084,1.63386257015033,0.474490312424088,0.491343814251852,0.999997068196745,0.999983379322086,"group_idyes"
"7726","NHSL2","Exc L4-5 RORB GABRG1",0.00239830386811655,5.31278331662538,0.00073080695351529,0.978447078033851,0.999997068196745,0.999983379322086,"group_idyes"
"7727","RTL5","Exc L4-5 RORB GABRG1",0.000663792346228079,3.58161136325089,0.000125305499480051,0.991074473863317,0.999997068196745,0.999983379322086,"group_idyes"
"7728","PIN4","Exc L4-5 RORB GABRG1",0.0139697909351705,5.16591432679024,0.127374352441272,0.721365753959423,0.999997068196745,0.999983379322086,"group_idyes"
"7729","RPS4X","Exc L4-5 RORB GABRG1",0.0671820440851322,5.29096742365,0.301207298996985,0.583444898437054,0.999997068196745,0.999983379322086,"group_idyes"
"7730","CITED1","Exc L4-5 RORB GABRG1",0.0923106311331854,1.41095137961683,0.49490854186049,0.482171368169914,0.999997068196745,0.999983379322086,"group_idyes"
"7731","HDAC8","Exc L4-5 RORB GABRG1",-0.00743382651533038,7.91434770650022,0.049907352844057,0.823343135121466,0.999997068196745,0.999983379322086,"group_idyes"
"7732","PHKA1","Exc L4-5 RORB GABRG1",-0.0390636614954692,2.01626643718085,0.21616785242227,0.971846278847299,0.999997068196745,0.999983379322086,"group_idyes"
"7733","PHKA1-AS1","Exc L4-5 RORB GABRG1",0.0694729827479777,0.826507506515597,0.204443543922222,0.651412623495687,0.999997068196745,0.999983379322086,"group_idyes"
"7734","DMRTC1B","Exc L4-5 RORB GABRG1",0.00959770201188901,1.59232427601041,0.00881417155844165,0.925250320484455,0.999997068196745,0.999983379322086,"group_idyes"
"7735","DMRTC1","Exc L4-5 RORB GABRG1",-0.237118719990415,1.05228572851539,4.19419729568655,0.041240936555909,0.999997068196745,0.999983379322086,"group_idyes"
"7736","PABPC1L2B","Exc L4-5 RORB GABRG1",-0.0138408450783717,2.65399286693034,0.0277392590640776,0.867810791919375,0.999997068196745,0.999983379322086,"group_idyes"
"7737","PABPC1L2A","Exc L4-5 RORB GABRG1",-0.0126093813126548,2.4411983492787,0.0213851327553218,0.883811233669992,0.999997068196745,0.999983379322086,"group_idyes"
"7738","NAP1L2","Exc L4-5 RORB GABRG1",0.0317720595876223,6.46555790224912,0.283946625002705,0.594433696194403,0.999997068196745,0.999983379322086,"group_idyes"
"7739","CHIC1","Exc L4-5 RORB GABRG1",0.0261890860037206,6.38993569491683,0.654036582665364,0.41917299749643,0.999997068196745,0.999983379322086,"group_idyes"
"7740","TSIX","Exc L4-5 RORB GABRG1",0.530419124505371,1.33767591090839,8.14478984332188,0.0045520621841407,0.999997068196745,0.999983379322086,"group_idyes"
"7741","XIST","Exc L4-5 RORB GABRG1",0.362833450176123,8.96795975151612,0.993924193695486,0.319411770365799,0.999997068196745,0.999983379322086,"group_idyes"
"7742","JPX","Exc L4-5 RORB GABRG1",0.0918879998537812,7.22256865540004,4.16362753710508,0.041983105549175,0.999997068196745,0.999983379322086,"group_idyes"
"7743","FTX","Exc L4-5 RORB GABRG1",-0.00698023299951716,10.3441278310817,0.0373052998463645,0.846946707903447,0.999997068196745,0.999983379322086,"group_idyes"
"7744","SLC16A2","Exc L4-5 RORB GABRG1",-0.116815199224766,3.95427344097032,3.25193272984102,0.0721215340760112,0.999997068196745,0.999983379322086,"group_idyes"
"7745","RLIM","Exc L4-5 RORB GABRG1",0.0494236241390429,5.08263087418459,1.12958396072209,0.288530752311927,0.999997068196745,0.999983379322086,"group_idyes"
"7746","NEXMIF","Exc L4-5 RORB GABRG1",-0.0409949035203086,6.86925141561974,1.35560860527738,0.245021483929607,0.999997068196745,0.999983379322086,"group_idyes"
"7747","ABCB7","Exc L4-5 RORB GABRG1",-0.00865452892533204,5.57306347736464,0.0898998417639468,0.936431131850662,0.999997068196745,0.999983379322086,"group_idyes"
"7748","UPRT","Exc L4-5 RORB GABRG1",0.0432345301428148,3.68908692969353,0.815619157911852,0.572940058733051,0.999997068196745,0.999983379322086,"group_idyes"
"7749","ZDHHC15","Exc L4-5 RORB GABRG1",-0.0108343328026565,4.46564742688875,0.0883209760307032,0.766483030359513,0.999997068196745,0.999983379322086,"group_idyes"
"7750","MAGEE2","Exc L4-5 RORB GABRG1",0.0860509832803946,1.3163017080888,0.464072661023567,0.496136560727902,0.999997068196745,0.999983379322086,"group_idyes"
"7751","PBDC1","Exc L4-5 RORB GABRG1",0.115248962812711,2.3338668051482,1.59037383611966,0.208036902778759,0.999997068196745,0.999983379322086,"group_idyes"
"7752","MAGEE1","Exc L4-5 RORB GABRG1",0.0557913623253279,4.80460026586995,0.726354510009689,0.394597608967543,0.999997068196745,0.999983379322086,"group_idyes"
"7753","AC233296.1","Exc L4-5 RORB GABRG1",-0.00144042233042765,4.32832322700834,0.000253720113156391,0.987299614911197,0.999997068196745,0.999983379322086,"group_idyes"
"7754","ATRX","Exc L4-5 RORB GABRG1",0.0435925708197924,8.38690420233039,3.7715833219783,0.0528597999036742,0.999997068196745,0.999983379322086,"group_idyes"
"7755","MAGT1","Exc L4-5 RORB GABRG1",-0.133074749634925,3.19553000160886,5.28036791001954,0.0221030330836292,0.999997068196745,0.999983379322086,"group_idyes"
"7756","COX7B","Exc L4-5 RORB GABRG1",-0.0738809565573614,4.51915229133347,0.546592176443996,0.460164317981043,0.999997068196745,0.999983379322086,"group_idyes"
"7757","PGK1","Exc L4-5 RORB GABRG1",0.030802709675522,6.15224356482796,0.224411635697312,0.635967542705927,0.999997068196745,0.999983379322086,"group_idyes"
"7758","TAF9B","Exc L4-5 RORB GABRG1",-0.0364648212940981,3.04979522282484,0.210973220108829,0.646265084715622,0.999997068196745,0.999983379322086,"group_idyes"
"7759","CYSLTR1","Exc L4-5 RORB GABRG1",0.218269907684069,0.944319258626874,1.73766412901034,0.188219339917091,0.999997068196745,0.999983379322086,"group_idyes"
"7760","ITM2A","Exc L4-5 RORB GABRG1",0.0415755628052994,3.6592112819445,0.134818447454393,0.713689384128494,0.999997068196745,0.999983379322086,"group_idyes"
"7761","TENT5D","Exc L4-5 RORB GABRG1",-0.0134494782061161,0.853234578618569,0.0106557008091061,0.917837030053976,0.999997068196745,0.999983379322086,"group_idyes"
"7762","BRWD3","Exc L4-5 RORB GABRG1",-0.0128689981867193,5.70332261746871,0.178265966387306,0.673103542444272,0.999997068196745,0.999983379322086,"group_idyes"
"7763","HMGN5","Exc L4-5 RORB GABRG1",0.113755856387299,4.17578228237997,2.27118381735128,0.13261983572204,0.999997068196745,0.999983379322086,"group_idyes"
"7764","SH3BGRL","Exc L4-5 RORB GABRG1",-0.00287281108503372,6.15981430988497,0.00468359204688753,0.945473502695674,0.999997068196745,0.999983379322086,"group_idyes"
"7765","RPS6KA6","Exc L4-5 RORB GABRG1",0.0290642883205591,5.86887253304251,0.647844718298683,0.42138142383328,0.999997068196745,0.999983379322086,"group_idyes"
"7766","HDX","Exc L4-5 RORB GABRG1",0.0317317563654849,5.61138455177651,0.451956530407756,0.501810823029208,0.999997068196745,0.999983379322086,"group_idyes"
"7767","APOOL","Exc L4-5 RORB GABRG1",0.00895274199790125,5.42574821611583,0.0882128285252557,0.766621875573337,0.999997068196745,0.999983379322086,"group_idyes"
"7768","SATL1","Exc L4-5 RORB GABRG1",-0.00276118838425388,4.17762344159867,0.00207952522852682,0.963651285258986,0.999997068196745,0.999983379322086,"group_idyes"
"7769","ZNF711","Exc L4-5 RORB GABRG1",0.048258304702288,4.681826044391,1.4570402877857,0.22814324274095,0.999997068196745,0.999983379322086,"group_idyes"
"7770","POF1B","Exc L4-5 RORB GABRG1",0.0514753364463838,0.293284934735131,0.108508560720574,0.742027807598089,0.999997068196745,0.999983379322086,"group_idyes"
"7771","CHM","Exc L4-5 RORB GABRG1",0.0373036696356532,6.32792047820106,1.57128226818028,0.210782098435935,0.999997068196745,0.999983379322086,"group_idyes"
"7772","DACH2","Exc L4-5 RORB GABRG1",0.00196662922288797,4.94795405336603,0.00159031242056576,0.968210501148908,0.999997068196745,0.999983379322086,"group_idyes"
"7773","KLHL4","Exc L4-5 RORB GABRG1",-0.0250265899244855,5.11434355053907,0.168242257974239,0.681907029256517,0.999997068196745,0.999983379322086,"group_idyes"
"7774","PABPC5","Exc L4-5 RORB GABRG1",0.000271989084502998,2.00757651518851,8.4144575600151e-06,0.997687028374805,0.999997068196745,0.999983379322086,"group_idyes"
"7775","PCDH11X","Exc L4-5 RORB GABRG1",-0.0205868407166381,8.29940755983524,0.26939789029466,0.604034389309427,0.999997068196745,0.999983379322086,"group_idyes"
"7776","NAP1L3","Exc L4-5 RORB GABRG1",0.00756616453743377,6.51854610906882,0.0131898833517707,0.908626136749157,0.999997068196745,0.999983379322086,"group_idyes"
"7777","FAM133A","Exc L4-5 RORB GABRG1",0.0477398264706524,4.30635209406527,1.1838512451976,0.277254482109678,0.999997068196745,0.999983379322086,"group_idyes"
"7778","DIAPH2","Exc L4-5 RORB GABRG1",-0.0449298022251986,6.87049626574274,1.29821364883103,0.255248677529139,0.999997068196745,0.999983379322086,"group_idyes"
"7779","DIAPH2-AS1","Exc L4-5 RORB GABRG1",-0.0468270002863724,2.8918838157496,0.376061573060969,0.540080946270096,0.999997068196745,0.999983379322086,"group_idyes"
"7780","AL157778.1","Exc L4-5 RORB GABRG1",0.077630400056889,0.60053476364859,0.304697968494238,0.581272592048618,0.999997068196745,0.999983379322086,"group_idyes"
"7781","PCDH19","Exc L4-5 RORB GABRG1",-0.0113410457022988,5.43329309244019,0.0863586413004108,0.769016929722477,0.999997068196745,0.999983379322086,"group_idyes"
"7782","SYTL4","Exc L4-5 RORB GABRG1",-0.0607663146876091,0.704002248691515,0.257659540349335,0.653785279924469,0.999997068196745,0.999983379322086,"group_idyes"
"7783","CSTF2","Exc L4-5 RORB GABRG1",0.0396424362885517,3.55063838597366,0.346830393743325,0.556258489965807,0.999997068196745,0.999983379322086,"group_idyes"
"7784","NOX1","Exc L4-5 RORB GABRG1",0.0252272920348451,0.397828268152278,0.0196941052497748,0.88846821042137,0.999997068196745,0.999983379322086,"group_idyes"
"7785","XKRX","Exc L4-5 RORB GABRG1",-0.0410745449848706,1.15937032242872,0.101947202622692,0.74967860452029,0.999997068196745,0.999983379322086,"group_idyes"
"7786","TRMT2B","Exc L4-5 RORB GABRG1",0.000304027289271769,3.7910566849723,3.36115418295318e-05,0.995377258254917,0.999997068196745,0.999983379322086,"group_idyes"
"7787","TMEM35A","Exc L4-5 RORB GABRG1",0.00833011326984888,5.21305402989571,0.021269927568514,0.884122395907939,0.999997068196745,0.999983379322086,"group_idyes"
"7788","CENPI","Exc L4-5 RORB GABRG1",-0.0389944291138644,2.02045747072019,0.185502684077358,0.666927543554457,0.999997068196745,0.999983379322086,"group_idyes"
"7789","DRP2","Exc L4-5 RORB GABRG1",-0.0625869885310866,5.7495527150519,2.75345615953396,0.0978593415821683,0.999997068196745,0.999983379322086,"group_idyes"
"7790","TAF7L","Exc L4-5 RORB GABRG1",-0.188829930480205,0.827356907175856,1.89306625503083,0.169656894037977,0.999997068196745,0.999983379322086,"group_idyes"
"7791","TIMM8A","Exc L4-5 RORB GABRG1",-0.00109799753065621,1.75040519288376,8.84450163841753e-05,0.992501263062998,0.999997068196745,0.999983379322086,"group_idyes"
"7792","RPL36A-HNRNPH2","Exc L4-5 RORB GABRG1",0.250690209884609,0.524391796818513,3.39485556185669,0.0661693513429742,0.999997068196745,0.999983379322086,"group_idyes"
"7793","GLA","Exc L4-5 RORB GABRG1",0.132001278002521,2.09551708769572,2.10840136407556,0.147307278196836,0.999997068196745,0.999983379322086,"group_idyes"
"7794","HNRNPH2","Exc L4-5 RORB GABRG1",0.0475860282805836,4.97525953617922,0.487642728797688,0.485402580112533,0.999997068196745,0.999983379322086,"group_idyes"
"7795","ARMCX4","Exc L4-5 RORB GABRG1",-0.0291510831620454,6.30605252656838,0.66395781211058,0.41567025825631,0.999997068196745,0.999983379322086,"group_idyes"
"7796","ARMCX1","Exc L4-5 RORB GABRG1",0.0768089231997517,3.69525718770864,1.69367719109493,0.193895718778163,0.999997068196745,0.999983379322086,"group_idyes"
"7797","ARMCX6","Exc L4-5 RORB GABRG1",0.0370031248282328,2.32898688456157,0.239651929104828,0.624736621959734,0.999997068196745,0.999983379322086,"group_idyes"
"7798","ARMCX3","Exc L4-5 RORB GABRG1",0.0126550092165079,5.60998763915133,0.0438549096443567,0.834234628003067,0.999997068196745,0.999983379322086,"group_idyes"
"7799","ARMCX2","Exc L4-5 RORB GABRG1",0.00937851425556269,4.148647435422,0.0448836997859332,0.832330212533915,0.999997068196745,0.999983379322086,"group_idyes"
"7800","NXF5","Exc L4-5 RORB GABRG1",0.151126612934404,1.90993079754844,2.41766447187395,0.120795878598545,0.999997068196745,0.999983379322086,"group_idyes"
"7801","ZMAT1","Exc L4-5 RORB GABRG1",0.0352937235490844,5.01077712346919,0.411777054237618,0.521451042769515,0.999997068196745,0.999983379322086,"group_idyes"
"7802","TCEAL2","Exc L4-5 RORB GABRG1",0.0114752829984096,6.24989812154925,0.0216009403263981,0.883230645903898,0.999997068196745,0.999983379322086,"group_idyes"
"7803","TCEAL6","Exc L4-5 RORB GABRG1",0.0146251858896687,5.0071308158224,0.0352470837901049,0.851177828251461,0.999997068196745,0.999983379322086,"group_idyes"
"7804","BEX5","Exc L4-5 RORB GABRG1",-0.133671420512439,5.08091885113222,1.36903686587421,0.24270173335497,0.999997068196745,0.999983379322086,"group_idyes"
"7805","ARMCX5","Exc L4-5 RORB GABRG1",-0.0100508764163888,3.24311290094879,0.0306333231153532,0.861153021809855,0.999997068196745,0.999983379322086,"group_idyes"
"7806","AL035427.1","Exc L4-5 RORB GABRG1",0.00192791011612603,1.72443809394491,0.000239941041029757,0.987649267644235,0.999997068196745,0.999983379322086,"group_idyes"
"7807","GPRASP1","Exc L4-5 RORB GABRG1",-0.00470024389524574,6.22920315252944,0.0119651074888358,0.912954055195343,0.999997068196745,0.999983379322086,"group_idyes"
"7808","GPRASP2","Exc L4-5 RORB GABRG1",0.0418347436999017,4.95065190734431,0.486757253670764,0.485798811282765,0.999997068196745,0.999983379322086,"group_idyes"
"7809","BHLHB9","Exc L4-5 RORB GABRG1",0.0236570778435716,5.67699775909384,0.2851275700061,0.593668338910373,0.999997068196745,0.999983379322086,"group_idyes"
"7810","LINC00630","Exc L4-5 RORB GABRG1",-0.0502975407390227,5.31182900987785,0.919860768850492,0.338113865652564,0.999997068196745,0.999983379322086,"group_idyes"
"7811","Z68871.1","Exc L4-5 RORB GABRG1",-0.0134552149150164,3.50849614178471,0.0667767717422431,0.796227126989016,0.999997068196745,0.999983379322086,"group_idyes"
"7812","BEX1","Exc L4-5 RORB GABRG1",-0.0379569976017277,6.91616218253498,0.122962013026206,0.726035809255828,0.999997068196745,0.999983379322086,"group_idyes"
"7813","BEX4","Exc L4-5 RORB GABRG1",0.00700965231035438,6.3751294058135,0.00665826835278886,0.935008655090569,0.999997068196745,0.999983379322086,"group_idyes"
"7814","TCEAL8","Exc L4-5 RORB GABRG1",0.0246877752374633,4.02506617033743,0.0548269788484519,0.814991828532233,0.999997068196745,0.999983379322086,"group_idyes"
"7815","TCEAL5","Exc L4-5 RORB GABRG1",-0.0137333704826094,4.62579018958144,0.0323550530174988,0.857345321671149,0.999997068196745,0.999983379322086,"group_idyes"
"7816","BEX2","Exc L4-5 RORB GABRG1",-0.0407760204742799,6.34209441279591,0.211136238230972,0.646137813634553,0.999997068196745,0.999983379322086,"group_idyes"
"7817","TCEAL7","Exc L4-5 RORB GABRG1",0.0162234780376139,4.63741019028546,0.0246885446813071,0.875228060526255,0.999997068196745,0.999983379322086,"group_idyes"
"7818","TCEAL9","Exc L4-5 RORB GABRG1",0.0767604942748308,3.8357938193613,0.610466255324511,0.43509283314958,0.999997068196745,0.999983379322086,"group_idyes"
"7819","BEX3","Exc L4-5 RORB GABRG1",-0.0792696502282698,7.4259603730845,0.575525212694237,0.448536154865836,0.999997068196745,0.999983379322086,"group_idyes"
"7820","RAB40A","Exc L4-5 RORB GABRG1",-0.0558588431797147,3.3011850061759,0.797519211903481,0.409985605946606,0.999997068196745,0.999983379322086,"group_idyes"
"7821","TCEAL4","Exc L4-5 RORB GABRG1",-0.0373227588060631,5.20798245557231,0.337789363534714,0.561448358425209,0.999997068196745,0.999983379322086,"group_idyes"
"7822","TCEAL3","Exc L4-5 RORB GABRG1",0.0193655081598901,5.11197303240082,0.082179099535924,0.774520113138735,0.999997068196745,0.999983379322086,"group_idyes"
"7823","TCEAL1","Exc L4-5 RORB GABRG1",0.060508757133673,5.19259050583107,0.758263051567766,0.384415656094644,0.999997068196745,0.999983379322086,"group_idyes"
"7824","MORF4L2","Exc L4-5 RORB GABRG1",-0.01137696146867,7.04940794947578,0.084806026509809,0.771044024466567,0.999997068196745,0.999983379322086,"group_idyes"
"7825","MORF4L2-AS1","Exc L4-5 RORB GABRG1",0.101105556688453,0.904912807057547,0.767030965119853,0.392124066039898,0.999997068196745,0.999983379322086,"group_idyes"
"7826","GLRA4","Exc L4-5 RORB GABRG1",-0.091991391621932,0.931894825296279,0.460293635528319,0.497894644686682,0.999997068196745,0.999983379322086,"group_idyes"
"7827","TMEM31","Exc L4-5 RORB GABRG1",-0.1097042456807,0.36519640019051,0.468778509706632,0.493961898736739,0.999997068196745,0.999983379322086,"group_idyes"
"7828","PLP1","Exc L4-5 RORB GABRG1",-0.0910017187848303,4.64086235538572,0.528669486326726,0.467608965491298,0.999997068196745,0.999983379322086,"group_idyes"
"7829","RAB9B","Exc L4-5 RORB GABRG1",0.0359662344978343,5.42577495624555,1.03900875734993,0.308692666943249,0.999997068196745,0.999983379322086,"group_idyes"
"7830","TMSB15B","Exc L4-5 RORB GABRG1",-0.10935267091831,1.63774632011223,1.28807927680055,0.257108801487602,0.999997068196745,0.999983379322086,"group_idyes"
"7831","TMSB15B-1","Exc L4-5 RORB GABRG1",0.0535507120649766,3.59211288425524,0.715536074791865,0.398137866820734,0.999997068196745,0.999983379322086,"group_idyes"
"7832","SLC25A53","Exc L4-5 RORB GABRG1",0.00301656900506431,4.82765249634099,0.00385533465435992,0.950522336376896,0.999997068196745,0.999983379322086,"group_idyes"
"7833","ZCCHC18","Exc L4-5 RORB GABRG1",0.0145127439561771,2.40877311754659,0.0345605107603617,0.852617571383648,0.999997068196745,0.999983379322086,"group_idyes"
"7834","FAM199X","Exc L4-5 RORB GABRG1",0.0406221687140805,5.19244952680523,0.850691726713643,0.35693476006304,0.999997068196745,0.999983379322086,"group_idyes"
"7835","IL1RAPL2","Exc L4-5 RORB GABRG1",-0.00496078089303573,9.83303600024809,0.0118800683567793,0.913262705322135,0.999997068196745,0.999983379322086,"group_idyes"
"7836","NRK","Exc L4-5 RORB GABRG1",0.00876694667467893,1.71690994455626,0.00785771813316363,0.929411144499344,0.999997068196745,0.999983379322086,"group_idyes"
"7837","MUM1L1","Exc L4-5 RORB GABRG1",0.140155739239766,1.06866903057038,0.79568791166154,0.372943302113142,0.999997068196745,0.999983379322086,"group_idyes"
"7838","CXorf57","Exc L4-5 RORB GABRG1",-0.183387423308761,0.0966730374048477,1.00557200444915,0.321347511118888,0.999997068196745,0.999983379322086,"group_idyes"
"7839","RNF128","Exc L4-5 RORB GABRG1",-0.0226953540077819,3.90977171277342,0.163850178316822,0.685861167152756,0.999997068196745,0.999983379322086,"group_idyes"
"7840","TBC1D8B","Exc L4-5 RORB GABRG1",0.121249122437437,1.98479871737701,1.32858567362815,0.24977265149913,0.999997068196745,0.999983379322086,"group_idyes"
"7841","MORC4","Exc L4-5 RORB GABRG1",-0.0597821069398937,3.34638606586464,0.706469555174007,0.401140385294874,0.999997068196745,0.999983379322086,"group_idyes"
"7842","RBM41","Exc L4-5 RORB GABRG1",0.0514795049440156,5.70726082205142,1.20850728086167,0.272315380788383,0.999997068196745,0.999983379322086,"group_idyes"
"7843","NUP62CL","Exc L4-5 RORB GABRG1",0.334139137183579,0.0887166002093793,3.65042288418953,0.0567980373673815,0.999997068196745,0.999983379322086,"group_idyes"
"7844","FRMPD3","Exc L4-5 RORB GABRG1",-0.0427388748097698,2.55842354740229,0.33617725004412,0.871256977400174,0.999997068196745,0.999983379322086,"group_idyes"
"7845","PRPS1","Exc L4-5 RORB GABRG1",-0.061913946582256,3.67993120309868,0.578828513780697,0.447237905084035,0.999997068196745,0.999983379322086,"group_idyes"
"7846","TSC22D3","Exc L4-5 RORB GABRG1",0.116380274828965,5.86823598724367,3.29549703445664,0.070248508423451,0.999997068196745,0.999983379322086,"group_idyes"
"7847","MID2","Exc L4-5 RORB GABRG1",0.0559076987161819,4.30781487685634,0.952154619247138,0.329784600982591,0.999997068196745,0.999983379322086,"group_idyes"
"7848","AL034399.2","Exc L4-5 RORB GABRG1",-0.0255574282721074,3.30074939013514,0.156181644754471,0.692915619218369,0.999997068196745,0.999983379322086,"group_idyes"
"7849","VSIG1","Exc L4-5 RORB GABRG1",0.0120730982742169,1.82517799771938,0.012868619984765,0.909740947325231,0.999997068196745,0.999983379322086,"group_idyes"
"7850","PSMD10","Exc L4-5 RORB GABRG1",0.00345702343957613,3.6502793246886,0.00204370856476912,0.963965454939506,0.999997068196745,0.999983379322086,"group_idyes"
"7851","ATG4A","Exc L4-5 RORB GABRG1",-0.000436887873600657,2.93135746040071,6.35293286557787e-05,0.993644636782016,0.999997068196745,0.999983379322086,"group_idyes"
"7852","COL4A5","Exc L4-5 RORB GABRG1",0.00535018170802697,1.53389773607293,0.00112536281439252,0.973256239656604,0.999997068196745,0.999983379322086,"group_idyes"
"7853","GUCY2F","Exc L4-5 RORB GABRG1",-0.29680668284274,0.129656998603698,2.3686431360274,0.124616637037592,0.999997068196745,0.999983379322086,"group_idyes"
"7854","NXT2","Exc L4-5 RORB GABRG1",-0.00154304403658383,0.6358160669718,7.12441047468241e-05,0.99326981271067,0.999997068196745,0.999983379322086,"group_idyes"
"7855","ACSL4","Exc L4-5 RORB GABRG1",4.16064928322512e-05,6.22660425604527,1.94677545833156e-06,0.998887459976584,0.999997068196745,0.999983379322086,"group_idyes"
"7856","TMEM164","Exc L4-5 RORB GABRG1",-0.0720850139834786,4.30973333821861,2.17558507734514,0.141034035857681,0.999997068196745,0.999983379322086,"group_idyes"
"7857","AMMECR1","Exc L4-5 RORB GABRG1",-0.0174459627377858,6.98204953698957,0.171004031775047,0.679451434763997,0.999997068196745,0.999983379322086,"group_idyes"
"7858","RTL9","Exc L4-5 RORB GABRG1",-0.125416577997055,1.81471187492204,1.11980544397967,0.290624304571259,0.999997068196745,0.999983379322086,"group_idyes"
"7859","PAK3","Exc L4-5 RORB GABRG1",-0.00742311682271332,8.39931236973553,0.0783263761013572,0.779728804932626,0.999997068196745,0.999983379322086,"group_idyes"
"7860","DCX","Exc L4-5 RORB GABRG1",-0.0442811521123678,4.97851375778723,0.832529326415244,0.362113553479323,0.999997068196745,0.999983379322086,"group_idyes"
"7861","ALG13","Exc L4-5 RORB GABRG1",-0.0134094486169541,6.25233812798097,0.133539473706153,0.714990875810054,0.999997068196745,0.999983379322086,"group_idyes"
"7862","ALG13-AS1","Exc L4-5 RORB GABRG1",-0.164238131427438,1.27379308165956,0.935715487461881,0.333989829903359,0.999997068196745,0.999983379322086,"group_idyes"
"7863","TRPC5","Exc L4-5 RORB GABRG1",0.00102697467456608,6.82557582508348,0.000424892556238966,0.983565118348995,0.999997068196745,0.999983379322086,"group_idyes"
"7864","TRPC5OS","Exc L4-5 RORB GABRG1",-0.151060216262148,0.924663141339602,0.729021771114094,0.393731755320287,0.999997068196745,0.999983379322086,"group_idyes"
"7865","AMOT","Exc L4-5 RORB GABRG1",0.000418925579876021,4.4571912824818,0.00011766534571821,0.991350846553053,0.999997068196745,0.999983379322086,"group_idyes"
"7866","XACT","Exc L4-5 RORB GABRG1",0.0677053698696721,0.894020830890362,0.33151332772874,0.565105966539868,0.999997068196745,0.999983379322086,"group_idyes"
"7867","HTR2C","Exc L4-5 RORB GABRG1",0.0810984214002234,1.59218017937629,0.528527422840744,0.467668743896217,0.999997068196745,0.999983379322086,"group_idyes"
"7868","LRCH2","Exc L4-5 RORB GABRG1",-0.00646663985841469,4.58409693850582,0.017759670993197,0.89405315479393,0.999997068196745,0.999983379322086,"group_idyes"
"7869","PLS3-AS1","Exc L4-5 RORB GABRG1",-0.101486647225985,1.33203027624125,0.450096073437151,0.502691893605883,0.999997068196745,0.999983379322086,"group_idyes"
"7870","PLS3","Exc L4-5 RORB GABRG1",-0.0625266257240386,3.11177561526665,0.369516748364746,0.543626453763662,0.999997068196745,0.999983379322086,"group_idyes"
"7871","DANT2","Exc L4-5 RORB GABRG1",-0.0435652855201359,8.97497864219449,1.64392695214522,0.200559570390975,0.999997068196745,0.999983379322086,"group_idyes"
"7872","KLHL13","Exc L4-5 RORB GABRG1",-0.0261432187813911,1.37370323109092,0.0480843362572199,0.826547131290885,0.999997068196745,0.999983379322086,"group_idyes"
"7873","WDR44","Exc L4-5 RORB GABRG1",0.00928046976521323,5.01330879717487,0.056024132973836,0.813020025419562,0.999997068196745,0.999983379322086,"group_idyes"
"7874","DOCK11","Exc L4-5 RORB GABRG1",-0.134750711227386,3.26006706826894,3.6932847764767,0.0553702735439442,0.999997068196745,0.999983379322086,"group_idyes"
"7875","LINC01285","Exc L4-5 RORB GABRG1",-0.0185904510496707,2.45047808204631,0.0396913414484591,0.842190537767712,0.999997068196745,0.999983379322086,"group_idyes"
"7876","LONRF3","Exc L4-5 RORB GABRG1",0.0674632483238103,1.38118357678473,0.100921558306325,0.750898866261447,0.999997068196745,0.999983379322086,"group_idyes"
"7877","PGRMC1","Exc L4-5 RORB GABRG1",0.0175018481445636,5.94654952144203,0.0737243005808772,0.786135068798713,0.999997068196745,0.999983379322086,"group_idyes"
"7878","SLC25A43","Exc L4-5 RORB GABRG1",-0.060615601787682,4.71245932187217,1.45138980046385,0.229045638970002,0.999997068196745,0.999983379322086,"group_idyes"
"7879","SLC25A5","Exc L4-5 RORB GABRG1",-0.0240237040996462,4.42809585262255,0.0448116588775689,0.832462821776029,0.999997068196745,0.999983379322086,"group_idyes"
"7880","CXorf56","Exc L4-5 RORB GABRG1",-0.0262170364800795,3.84989892622066,0.23157593162178,0.630631327377389,0.999997068196745,0.999983379322086,"group_idyes"
"7881","UBE2A","Exc L4-5 RORB GABRG1",-0.0293621588334514,3.28878896155248,0.269854238465846,0.915034624620228,0.999997068196745,0.999983379322086,"group_idyes"
"7882","NKRF","Exc L4-5 RORB GABRG1",0.00962092546164087,4.76487552446831,0.046501754908647,0.82938057987237,0.999997068196745,0.999983379322086,"group_idyes"
"7883","SEPT6","Exc L4-5 RORB GABRG1",-0.0111603918880503,5.16956877562675,0.0908854230103577,0.763217405850054,0.999997068196745,0.999983379322086,"group_idyes"
"7884","RPL39","Exc L4-5 RORB GABRG1",0.112065321667911,1.06826906722225,0.644797059928707,0.422474818592011,0.999997068196745,0.999983379322086,"group_idyes"
"7885","UPF3B","Exc L4-5 RORB GABRG1",-0.0237505231591634,5.80363665583583,0.30648306913779,0.580167961653913,0.999997068196745,0.999983379322086,"group_idyes"
"7886","RNF113A","Exc L4-5 RORB GABRG1",-0.0541464441943617,2.39143505302536,0.263776379204561,0.607832342100171,0.999997068196745,0.999983379322086,"group_idyes"
"7887","NDUFA1","Exc L4-5 RORB GABRG1",-0.0660685354271034,4.43028616595789,0.326542788665305,0.568035619259663,0.999997068196745,0.999983379322086,"group_idyes"
"7888","AKAP14","Exc L4-5 RORB GABRG1",-0.0654885160418909,0.729780029888638,0.188060844939898,0.664778542319682,0.999997068196745,0.999983379322086,"group_idyes"
"7889","NKAP","Exc L4-5 RORB GABRG1",0.00375632527306949,4.24960203722899,0.00773739719188054,0.929952266793987,0.999997068196745,0.999983379322086,"group_idyes"
"7890","RHOXF1-AS1","Exc L4-5 RORB GABRG1",-0.0404427110136479,4.66895372012279,0.596875696560887,0.440246926822732,0.999997068196745,0.999983379322086,"group_idyes"
"7891","RHOXF1","Exc L4-5 RORB GABRG1",-0.0696384941728405,1.54268783253613,0.326505567572079,0.568057668891369,0.999997068196745,0.999983379322086,"group_idyes"
"7892","ZBTB33","Exc L4-5 RORB GABRG1",0.0674942691966353,3.31762763676604,0.913422552147501,0.3398080813618,0.999997068196745,0.999983379322086,"group_idyes"
"7893","LAMP2","Exc L4-5 RORB GABRG1",-0.0699043325831634,4.95670483829734,3.381154299547,0.175705743736799,0.999997068196745,0.999983379322086,"group_idyes"
"7894","CUL4B","Exc L4-5 RORB GABRG1",0.0381930688203279,4.77304267882638,0.94427044438267,0.33179253820431,0.999997068196745,0.999983379322086,"group_idyes"
"7895","MCTS1","Exc L4-5 RORB GABRG1",-0.0327748390731712,4.79878097804697,1.09325280222906,0.783159212162043,0.999997068196745,0.999983379322086,"group_idyes"
"7896","C1GALT1C1","Exc L4-5 RORB GABRG1",0.0744915709652141,2.08005609177137,0.684396698257808,0.408589655549029,0.999997068196745,0.999983379322086,"group_idyes"
"7897","GLUD2","Exc L4-5 RORB GABRG1",0.0522969630206218,1.55108346271324,0.282026223157892,0.595682663688454,0.999997068196745,0.999983379322086,"group_idyes"
"7898","AL359851.1","Exc L4-5 RORB GABRG1",0.0681508980448653,2.89436032342006,0.931863342848744,0.33498559267223,0.999997068196745,0.999983379322086,"group_idyes"
"7899","GRIA3","Exc L4-5 RORB GABRG1",-0.00460826558311211,8.11639972263927,0.0172401603625913,0.895605207882228,0.999997068196745,0.999983379322086,"group_idyes"
"7900","THOC2","Exc L4-5 RORB GABRG1",0.0157446536977074,6.42495962350326,0.404002692062884,0.864423739127796,0.999997068196745,0.999983379322086,"group_idyes"
"7901","XIAP","Exc L4-5 RORB GABRG1",0.0112160628578348,6.00737884522254,0.11737866314915,0.732082217406004,0.999997068196745,0.999983379322086,"group_idyes"
"7902","AL121601.1","Exc L4-5 RORB GABRG1",0.0768896037031995,0.279133130330149,0.18527337636299,0.667121031666842,0.999997068196745,0.999983379322086,"group_idyes"
"7903","STAG2","Exc L4-5 RORB GABRG1",0.0198111158993959,6.24761357540822,0.487754691512875,0.485352517325483,0.999997068196745,0.999983379322086,"group_idyes"
"7904","TENM1","Exc L4-5 RORB GABRG1",-0.0352994257388734,4.99881655359304,0.540078508180677,0.46284790312812,0.999997068196745,0.999983379322086,"group_idyes"
"7905","DCAF12L2","Exc L4-5 RORB GABRG1",0.0445149994234833,0.197455787354771,0.0552390265319817,0.814310613770652,0.999997068196745,0.999983379322086,"group_idyes"
"7906","AL442647.1","Exc L4-5 RORB GABRG1",0.0421411731082441,4.84684236291596,0.343223439024287,0.558317987254478,0.999997068196745,0.999983379322086,"group_idyes"
"7907","SMARCA1","Exc L4-5 RORB GABRG1",0.0577927371041028,5.55287390361508,2.14160757031171,0.144168107658435,0.999997068196745,0.999983379322086,"group_idyes"
"7908","OCRL","Exc L4-5 RORB GABRG1",0.0587052806327726,5.14052285548221,2.15690297706847,0.142747638422917,0.999997068196745,0.999983379322086,"group_idyes"
"7909","XPNPEP2","Exc L4-5 RORB GABRG1",0.0812524691732355,-0.0210056995257027,0.155192314588279,0.693840222771506,0.999997068196745,0.999983379322086,"group_idyes"
"7910","ZDHHC9","Exc L4-5 RORB GABRG1",-0.000103604033500068,4.12384878521175,7.68915297661066e-06,0.997788960271502,0.999997068196745,0.999983379322086,"group_idyes"
"7911","AL034405.1","Exc L4-5 RORB GABRG1",0.0553759635050338,1.83077582425693,0.343074447919589,0.558403370496288,0.999997068196745,0.999983379322086,"group_idyes"
"7912","UTP14A","Exc L4-5 RORB GABRG1",-0.0442844226189077,3.71638602915263,0.890378599198068,0.403000061030137,0.999997068196745,0.999983379322086,"group_idyes"
"7913","BCORL1","Exc L4-5 RORB GABRG1",0.00481942892980483,3.58234692343866,0.0101704356321267,0.919723197732251,0.999997068196745,0.999983379322086,"group_idyes"
"7914","ELF4","Exc L4-5 RORB GABRG1",0.0272082363409722,0.0831366430080459,0.0227061269377355,0.880302765618927,0.999997068196745,0.999983379322086,"group_idyes"
"7915","AIFM1","Exc L4-5 RORB GABRG1",-0.0648134420489467,3.71357355579732,2.2883675261379,0.131167948079668,0.999997068196745,0.999983379322086,"group_idyes"
"7916","RAB33A","Exc L4-5 RORB GABRG1",-0.0286352102652953,2.93948651766166,0.0965688570727806,0.756154942794477,0.999997068196745,0.999983379322086,"group_idyes"
"7917","ZNF280C","Exc L4-5 RORB GABRG1",-0.0858550209115151,3.41948142260518,2.88859698747064,0.0900168699844048,0.999997068196745,0.999983379322086,"group_idyes"
"7918","SLC25A14","Exc L4-5 RORB GABRG1",-0.0133434321827,3.89534411070753,0.0797472563324183,0.777792071858564,0.999997068196745,0.999983379322086,"group_idyes"
"7919","RBMX2","Exc L4-5 RORB GABRG1",0.0194974453628261,3.7025020235663,0.131512162684039,0.717068437943162,0.999997068196745,0.999983379322086,"group_idyes"
"7920","ENOX2","Exc L4-5 RORB GABRG1",0.00341808739331467,4.10688297840359,0.00325938866016928,0.954502299752985,0.999997068196745,0.999983379322086,"group_idyes"
"7921","IGSF1","Exc L4-5 RORB GABRG1",0.0612008900033143,5.01287942250262,0.460528241928302,0.49778519412303,0.999997068196745,0.999983379322086,"group_idyes"
"7922","FIRRE","Exc L4-5 RORB GABRG1",-0.286725263271158,1.02117001054195,5.64962817022436,0.0179474331071923,0.999997068196745,0.999983379322086,"group_idyes"
"7923","STK26","Exc L4-5 RORB GABRG1",-0.0545956211012189,1.08797100820347,0.191129922799696,0.66222314181405,0.999997068196745,0.999983379322086,"group_idyes"
"7924","RAP2C","Exc L4-5 RORB GABRG1",0.0818898319892023,2.3331618663395,1.28829186367652,0.465770769520251,0.999997068196745,0.999983379322086,"group_idyes"
"7925","RAP2C-AS1","Exc L4-5 RORB GABRG1",-0.0219968151755477,3.80230544419206,0.0916671440535446,0.762231961301636,0.999997068196745,0.999983379322086,"group_idyes"
"7926","HS6ST2","Exc L4-5 RORB GABRG1",-0.0282050781417532,5.005813054233,0.211534621484475,0.645827039205347,0.999997068196745,0.999983379322086,"group_idyes"
"7927","GPC4","Exc L4-5 RORB GABRG1",0.0777700465716921,0.71992800306474,0.286501710597617,0.592780334554201,0.999997068196745,0.999983379322086,"group_idyes"
"7928","GPC3","Exc L4-5 RORB GABRG1",0.0314844062730862,1.46261136844685,0.0828106757907615,0.999803266893342,0.999997068196745,0.999983379322086,"group_idyes"
"7929","PHF6","Exc L4-5 RORB GABRG1",0.00987157563669243,5.02156201931271,0.081375310935611,0.775595718590986,0.999997068196745,0.999983379322086,"group_idyes"
"7930","HPRT1","Exc L4-5 RORB GABRG1",0.021531195322929,7.21067580811272,0.397537884282622,0.528737873368644,0.999997068196745,0.999983379322086,"group_idyes"
"7931","LINC00629","Exc L4-5 RORB GABRG1",0.0177919389327336,1.31930508503325,0.014229332280495,0.905110430432316,0.999997068196745,0.999983379322086,"group_idyes"
"7932","PLAC1","Exc L4-5 RORB GABRG1",-0.126203258497111,1.2391646025506,1.08334853638246,0.298603307319098,0.999997068196745,0.999983379322086,"group_idyes"
"7933","FAM122B","Exc L4-5 RORB GABRG1",-0.0193274596482338,3.77852797343762,0.169664590860826,0.68063946018452,0.999997068196745,0.999983379322086,"group_idyes"
"7934","FAM122C","Exc L4-5 RORB GABRG1",0.00906542889966132,2.87011328219643,0.0183811877075956,0.892226406812375,0.999997068196745,0.999983379322086,"group_idyes"
"7935","MOSPD1","Exc L4-5 RORB GABRG1",0.0634443539128827,3.13437152461456,1.2237360941638,0.269319917378595,0.999997068196745,0.999983379322086,"group_idyes"
"7936","SMIM10","Exc L4-5 RORB GABRG1",0.00808351742504964,1.22135299090093,0.00353901666472445,0.952593009045016,0.999997068196745,0.999983379322086,"group_idyes"
"7937","RTL8B","Exc L4-5 RORB GABRG1",-0.0313485850830652,1.62302174423693,0.0912050213124036,0.762813960552486,0.999997068196745,0.999983379322086,"group_idyes"
"7938","RTL8C","Exc L4-5 RORB GABRG1",0.014931538121887,5.89813612345689,0.0409220530186743,0.839795382024004,0.999997068196745,0.999983379322086,"group_idyes"
"7939","RTL8A","Exc L4-5 RORB GABRG1",0.0359455678910915,4.07343002123278,0.176730526185198,0.674432864935958,0.999997068196745,0.999983379322086,"group_idyes"
"7940","SMIM10L2B","Exc L4-5 RORB GABRG1",-0.0885219770115227,3.54426868342046,1.82644908587753,0.177341638765729,0.999997068196745,0.999983379322086,"group_idyes"
"7941","ZNF75D","Exc L4-5 RORB GABRG1",-0.0308680721394187,4.53971173173843,0.345027499625638,0.557286094874311,0.999997068196745,0.999983379322086,"group_idyes"
"7942","ZNF449","Exc L4-5 RORB GABRG1",0.025112100791566,3.17653426080679,0.0905728340816141,0.763612752252627,0.999997068196745,0.999983379322086,"group_idyes"
"7943","SMIM10L2A","Exc L4-5 RORB GABRG1",-0.0571916522564614,3.48190249991766,0.816766906588199,0.366692671738213,0.999997068196745,0.999983379322086,"group_idyes"
"7944","INTS6L","Exc L4-5 RORB GABRG1",-0.0198342011874205,5.54214499048414,0.16718441012805,0.68285383891928,0.999997068196745,0.999983379322086,"group_idyes"
"7945","MMGT1","Exc L4-5 RORB GABRG1",-0.00241652167470696,3.28808419340081,0.00157184554244933,0.968395514126538,0.999997068196745,0.999983379322086,"group_idyes"
"7946","SLC9A6","Exc L4-5 RORB GABRG1",0.0264107334085536,6.58397746006385,0.500682259639844,0.479628904564217,0.999997068196745,0.999983379322086,"group_idyes"
"7947","FHL1","Exc L4-5 RORB GABRG1",0.0277116920554745,6.68610133085501,0.685040511807469,0.408369518469702,0.999997068196745,0.999983379322086,"group_idyes"
"7948","MAP7D3","Exc L4-5 RORB GABRG1",0.0878912281380517,1.27037601984259,0.655661205054851,0.577869990813364,0.999997068196745,0.999983379322086,"group_idyes"
"7949","HTATSF1","Exc L4-5 RORB GABRG1",0.0322069310585544,4.76499478098823,0.291555085784354,0.589538110806806,0.999997068196745,0.999983379322086,"group_idyes"
"7950","ARHGEF6","Exc L4-5 RORB GABRG1",-0.0295144458767388,4.86908442621076,0.531831663268174,0.466281534663437,0.999997068196745,0.999983379322086,"group_idyes"
"7951","AL683813.1","Exc L4-5 RORB GABRG1",-0.000842701665949237,4.79794524193855,0.000405877209074138,0.983937034289905,0.999997068196745,0.999983379322086,"group_idyes"
"7952","RBMX","Exc L4-5 RORB GABRG1",-0.0204913385467314,5.87836612064647,0.301615117420778,0.583190262328257,0.999997068196745,0.999983379322086,"group_idyes"
"7953","Z96074.1","Exc L4-5 RORB GABRG1",-0.0271447049921792,1.78781013636781,0.084375390258649,0.799467823455821,0.999997068196745,0.999983379322086,"group_idyes"
"7954","FGF13","Exc L4-5 RORB GABRG1",-0.0427204532117666,5.26455162344111,0.852582807846957,0.356401419810366,0.999997068196745,0.999983379322086,"group_idyes"
"7955","FGF13-AS1","Exc L4-5 RORB GABRG1",-0.0494263374156753,0.619291278861559,0.125548731717523,0.817823221065899,0.999997068196745,0.999983379322086,"group_idyes"
"7956","MCF2","Exc L4-5 RORB GABRG1",0.00306943830684113,5.04406388877791,0.00555620920942372,0.940619468193338,0.999997068196745,0.999983379322086,"group_idyes"
"7957","ATP11C","Exc L4-5 RORB GABRG1",0.0961064694336932,0.619818292878061,0.422152365260518,0.516252739111611,0.999997068196745,0.999983379322086,"group_idyes"
"7958","LINC00632","Exc L4-5 RORB GABRG1",0.00482887707891902,8.93068103248501,0.027880317700264,0.867478228286417,0.999997068196745,0.999983379322086,"group_idyes"
"7959","CDR1","Exc L4-5 RORB GABRG1",0.0511250725142169,1.43416347007481,0.116238448821405,0.733336662622341,0.999997068196745,0.999983379322086,"group_idyes"
"7960","AL078639.1","Exc L4-5 RORB GABRG1",0.122092244354236,6.06700105755811,1.00271854569035,0.317282974932638,0.999997068196745,0.999983379322086,"group_idyes"
"7961","LDOC1","Exc L4-5 RORB GABRG1",0.0671831537819027,4.1687371101143,0.570265819329062,0.450615345199035,0.999997068196745,0.999983379322086,"group_idyes"
"7962","SPANXA2-OT1","Exc L4-5 RORB GABRG1",0.045240917893138,3.2871731505222,0.344339417142712,0.557679237555965,0.999997068196745,0.999983379322086,"group_idyes"
"7963","MAGEC3","Exc L4-5 RORB GABRG1",-0.00301583491897688,2.55914740039378,0.000685824066727087,0.979120771568434,0.999997068196745,0.999983379322086,"group_idyes"
"7964","AC239727.1","Exc L4-5 RORB GABRG1",0.0226783811438513,0.992398802317821,0.0248037772462464,0.874939616124311,0.999997068196745,0.999983379322086,"group_idyes"
"7965","SLITRK4","Exc L4-5 RORB GABRG1",0.0556878091207649,6.15731522902286,1.35962905336496,0.244324111908468,0.999997068196745,0.999983379322086,"group_idyes"
"7966","SLITRK2","Exc L4-5 RORB GABRG1",0.0222993544310785,3.26782796690696,0.164196308932922,0.685547323694544,0.999997068196745,0.999983379322086,"group_idyes"
"7967","AL589669.1","Exc L4-5 RORB GABRG1",0.0567874658097815,0.782114630492131,0.178640939449309,0.672779931554463,0.999997068196745,0.999983379322086,"group_idyes"
"7968","FMR1","Exc L4-5 RORB GABRG1",0.0408614715514856,5.5885664398867,1.53668822588914,0.215867035290668,0.999997068196745,0.999983379322086,"group_idyes"
"7969","AFF2","Exc L4-5 RORB GABRG1",0.0216154962409014,4.64258846254269,0.107061030898408,0.743693199849487,0.999997068196745,0.999983379322086,"group_idyes"
"7970","IDS","Exc L4-5 RORB GABRG1",0.0545306404085045,8.5560095968585,1.24018103292146,0.266131431696788,0.999997068196745,0.999983379322086,"group_idyes"
"7971","LINC00893","Exc L4-5 RORB GABRG1",-0.0810782071339833,2.33935425694069,0.604109132184596,0.437492130884275,0.999997068196745,0.999983379322086,"group_idyes"
"7972","CXorf40A","Exc L4-5 RORB GABRG1",-0.126111802144409,0.972011622043353,0.835067085967044,0.361383731549463,0.999997068196745,0.999983379322086,"group_idyes"
"7973","TMEM185A","Exc L4-5 RORB GABRG1",0.0319881883102695,4.36296630005829,0.716554735988036,0.397802561192532,0.999997068196745,0.999983379322086,"group_idyes"
"7974","CXorf40B","Exc L4-5 RORB GABRG1",0.10243509905193,1.28714633150237,0.656564598337375,0.418276307252627,0.999997068196745,0.999983379322086,"group_idyes"
"7975","LINC00894","Exc L4-5 RORB GABRG1",-0.0114075864841436,6.4758678076348,0.0610089121319269,0.805040110083515,0.999997068196745,0.999983379322086,"group_idyes"
"7976","MAMLD1","Exc L4-5 RORB GABRG1",-0.0260838559320431,5.98291714130205,0.256531480103057,0.612803278385687,0.999997068196745,0.999983379322086,"group_idyes"
"7977","MTM1","Exc L4-5 RORB GABRG1",0.0178428985279731,5.46210458290132,0.226899128613338,0.634103072778643,0.999997068196745,0.999983379322086,"group_idyes"
"7978","MTMR1","Exc L4-5 RORB GABRG1",-0.00652451000013365,6.38634242631932,0.035761080683138,0.850109455449431,0.999997068196745,0.999983379322086,"group_idyes"
"7979","CD99L2","Exc L4-5 RORB GABRG1",-0.00808955209764651,6.40642391743419,0.0495464170457037,0.823972550725493,0.999997068196745,0.999983379322086,"group_idyes"
"7980","HMGB3","Exc L4-5 RORB GABRG1",-0.0805620474904716,1.1647765136369,0.356485592917646,0.550815759453284,0.999997068196745,0.999983379322086,"group_idyes"
"7981","VMA21","Exc L4-5 RORB GABRG1",0.0842687124276679,4.56032110752931,2.4790575087901,0.11619330367498,0.999997068196745,0.999983379322086,"group_idyes"
"7982","PRRG3","Exc L4-5 RORB GABRG1",-0.0208876029196823,4.63654396214617,0.270722695933677,0.603146670536857,0.999997068196745,0.999983379322086,"group_idyes"
"7983","FATE1","Exc L4-5 RORB GABRG1",-0.0727202662148448,0.565882852585656,0.216000171960648,0.6423675477976,0.999997068196745,0.999983379322086,"group_idyes"
"7984","GABRA3","Exc L4-5 RORB GABRG1",0.00206973128242992,5.84388386142668,0.00243099313463011,0.96070173922965,0.999997068196745,0.999983379322086,"group_idyes"
"7985","CETN2","Exc L4-5 RORB GABRG1",0.00292356116770677,3.48489906562676,0.00107893896536923,0.973813467263892,0.999997068196745,0.999983379322086,"group_idyes"
"7986","NSDHL","Exc L4-5 RORB GABRG1",-0.0139970535638343,2.03588256043187,0.0299165271200305,0.99644585559285,0.999997068196745,0.999983379322086,"group_idyes"
"7987","ZNF185","Exc L4-5 RORB GABRG1",0.0265181529992428,1.34013530473812,0.0727438855569058,0.787527396036261,0.999997068196745,0.999983379322086,"group_idyes"
"7988","PNMA5","Exc L4-5 RORB GABRG1",0.0693328477598415,1.42073453784865,0.323969960824473,0.56956369384029,0.999997068196745,0.999983379322086,"group_idyes"
"7989","PNMA3","Exc L4-5 RORB GABRG1",-0.0471507642564548,5.85809446152129,0.705266967723889,0.401541111567378,0.999997068196745,0.999983379322086,"group_idyes"
"7990","PNMA6A","Exc L4-5 RORB GABRG1",-0.0317231933455957,4.51070228843368,0.191748026816525,0.661711452585699,0.999997068196745,0.999983379322086,"group_idyes"
"7991","PNMA6F","Exc L4-5 RORB GABRG1",-0.233694930489847,1.56679360630353,1.03518146132645,0.309584178710075,0.999997068196745,0.999983379322086,"group_idyes"
"7992","ZNF275","Exc L4-5 RORB GABRG1",-0.0605440010379737,2.84601412292282,0.699497136241019,0.403471872208349,0.999997068196745,0.999983379322086,"group_idyes"
"7993","ZFP92","Exc L4-5 RORB GABRG1",0.0237959844350696,1.51437055251826,0.0512563714672233,0.882008041779618,0.999997068196745,0.999983379322086,"group_idyes"
"7994","ATP2B3","Exc L4-5 RORB GABRG1",0.0323465717385776,5.64611875867423,0.878204673998607,0.349281767809995,0.999997068196745,0.999983379322086,"group_idyes"
"7995","CCNQ","Exc L4-5 RORB GABRG1",0.0316007120459768,2.91070106978724,0.136326433789596,0.712163818494709,0.999997068196745,0.999983379322086,"group_idyes"
"7996","PNCK","Exc L4-5 RORB GABRG1",0.0154085190669617,5.70111813959569,0.0723625089911261,0.788071722927146,0.999997068196745,0.999983379322086,"group_idyes"
"7997","SLC6A8","Exc L4-5 RORB GABRG1",0.0045261585765696,4.33629541173346,0.00708683129820004,0.932954466351522,0.999997068196745,0.999983379322086,"group_idyes"
"7998","BCAP31","Exc L4-5 RORB GABRG1",0.0355874860904591,5.02710027023275,0.214046401718598,0.643875751143569,0.999997068196745,0.999983379322086,"group_idyes"
"7999","U52111.1","Exc L4-5 RORB GABRG1",0.0142469954681527,0.912140412346997,0.0117534791934617,0.913724239520586,0.999997068196745,0.999983379322086,"group_idyes"
"8000","SRPK3","Exc L4-5 RORB GABRG1",0.0826597727957511,1.34556996391153,0.485076211878844,0.486552518514611,0.999997068196745,0.999983379322086,"group_idyes"
"8001","IDH3G","Exc L4-5 RORB GABRG1",0.0676022979476896,3.89950001168083,0.928065767925297,0.33597114938932,0.999997068196745,0.999983379322086,"group_idyes"
"8002","SSR4","Exc L4-5 RORB GABRG1",0.0358365378938636,2.60168432787567,0.10723726023481,0.743489782787758,0.999997068196745,0.999983379322086,"group_idyes"
"8003","PDZD4","Exc L4-5 RORB GABRG1",0.0116496526268051,5.35672208907817,0.0404490755053375,0.840711376409036,0.999997068196745,0.999983379322086,"group_idyes"
"8004","L1CAM","Exc L4-5 RORB GABRG1",0.0539465797688796,5.54395108676195,1.209442182768,0.272130287740856,0.999997068196745,0.999983379322086,"group_idyes"
"8005","U52112.2","Exc L4-5 RORB GABRG1",-0.0289720222062915,0.426616899857838,0.0267880557537719,0.870076430201922,0.999997068196745,0.999983379322086,"group_idyes"
"8006","ARHGAP4","Exc L4-5 RORB GABRG1",-0.133855582886432,0.940320455556395,1.19316496856643,0.275375603230175,0.999997068196745,0.999983379322086,"group_idyes"
"8007","HCFC1","Exc L4-5 RORB GABRG1",0.0273709896840735,4.01810923165595,0.319701249626376,0.572116821306819,0.999997068196745,0.999983379322086,"group_idyes"
"8008","TMEM187","Exc L4-5 RORB GABRG1",-0.104621443927384,1.52373130877416,1.14795087911815,0.284650163458543,0.999997068196745,0.999983379322086,"group_idyes"
"8009","IRAK1","Exc L4-5 RORB GABRG1",-0.0538564069904109,2.72185344692239,0.495636123158327,0.481849757701357,0.999997068196745,0.999983379322086,"group_idyes"
"8010","MECP2","Exc L4-5 RORB GABRG1",0.0345145823000258,6.55008302957264,1.82598780594195,0.489065051255641,0.999997068196745,0.999983379322086,"group_idyes"
"8011","TKTL1","Exc L4-5 RORB GABRG1",0.0768646681079709,0.403522158797903,0.232921730770934,0.852394772104435,0.999997068196745,0.999983379322086,"group_idyes"
"8012","FLNA","Exc L4-5 RORB GABRG1",-0.0209767727367202,3.95271469492027,0.120617757623169,0.728555352133613,0.999997068196745,0.999983379322086,"group_idyes"
"8013","EMD","Exc L4-5 RORB GABRG1",-0.00855966879113018,3.7786687577972,0.0202564209581789,0.886897760885515,0.999997068196745,0.999983379322086,"group_idyes"
"8014","RPL10","Exc L4-5 RORB GABRG1",0.0333108531862409,6.04474940451665,0.074337486168535,0.78526930695359,0.999997068196745,0.999983379322086,"group_idyes"
"8015","AC245140.2","Exc L4-5 RORB GABRG1",0.0140107588160354,1.29961317711446,0.0168703286236399,0.896724636678617,0.999997068196745,0.999983379322086,"group_idyes"
"8016","DNASE1L1","Exc L4-5 RORB GABRG1",-0.139887899396682,2.60232435135744,2.91456981674508,0.0885896283512036,0.999997068196745,0.999983379322086,"group_idyes"
"8017","TAZ","Exc L4-5 RORB GABRG1",-0.0203176779475978,5.30784740724412,0.190226536604437,0.662972774491227,0.999997068196745,0.999983379322086,"group_idyes"
"8018","AC244090.1","Exc L4-5 RORB GABRG1",0.0439916827250953,1.71432862576518,0.164201986362184,0.685542179069848,0.999997068196745,0.999983379322086,"group_idyes"
"8019","ATP6AP1","Exc L4-5 RORB GABRG1",0.0260477445041776,5.57700337850803,0.0964875089269757,0.756254399893159,0.999997068196745,0.999983379322086,"group_idyes"
"8020","GDI1","Exc L4-5 RORB GABRG1",0.0155663781980729,7.20391379546261,0.060499057891805,0.805840057974337,0.999997068196745,0.999983379322086,"group_idyes"
"8021","FAM50A","Exc L4-5 RORB GABRG1",-0.0636978492037167,3.58235919426634,1.34902222297692,0.246169209334911,0.999997068196745,0.999983379322086,"group_idyes"
"8022","PLXNA3","Exc L4-5 RORB GABRG1",0.125227021821263,2.96623015238683,2.31887424345165,0.128633995697223,0.999997068196745,0.999983379322086,"group_idyes"
"8023","LAGE3","Exc L4-5 RORB GABRG1",0.0101307933289811,3.97126170753772,0.00759027482228132,0.930619718742206,0.999997068196745,0.999983379322086,"group_idyes"
"8024","UBL4A","Exc L4-5 RORB GABRG1",0.0553658478407759,4.0609732739231,0.456612990326965,0.499617124934396,0.999997068196745,0.999983379322086,"group_idyes"
"8025","SLC10A3","Exc L4-5 RORB GABRG1",-0.0548621444518074,1.43486786557582,0.293977405470026,0.587996816526077,0.999997068196745,0.999983379322086,"group_idyes"
"8026","FAM3A","Exc L4-5 RORB GABRG1",0.00669570154810497,3.38837841510042,0.0123929365052236,0.911417821452392,0.999997068196745,0.999983379322086,"group_idyes"
"8027","G6PD","Exc L4-5 RORB GABRG1",0.0188337588930689,3.01838900100398,0.0710674337940616,0.789931713934893,0.999997068196745,0.999983379322086,"group_idyes"
"8028","IKBKG","Exc L4-5 RORB GABRG1",-0.00673407890002744,3.02568082512934,0.0129096976613034,0.909597624451691,0.999997068196745,0.999983379322086,"group_idyes"
"8029","DKC1","Exc L4-5 RORB GABRG1",-0.00555202888761878,3.64987018297307,0.0114100572998954,0.96144502315088,0.999997068196745,0.999983379322086,"group_idyes"
"8030","MPP1","Exc L4-5 RORB GABRG1",-0.0119609566185933,4.8435130789032,0.0520576663124349,0.819641911987635,0.999997068196745,0.999983379322086,"group_idyes"
"8031","F8","Exc L4-5 RORB GABRG1",0.027869489245882,3.43730535671298,0.275390305297589,0.600040864058825,0.999997068196745,0.999983379322086,"group_idyes"
"8032","F8A1","Exc L4-5 RORB GABRG1",0.0677654920139869,2.81805595354003,0.42850326195038,0.513115429300611,0.999997068196745,0.999983379322086,"group_idyes"
"8033","FUNDC2","Exc L4-5 RORB GABRG1",0.0412764966231421,3.57369848647225,0.366354045194402,0.545355219934058,0.999997068196745,0.999983379322086,"group_idyes"
"8034","MTCP1","Exc L4-5 RORB GABRG1",0.0433667447568662,2.41249492270524,0.0933936739930321,0.760071620663992,0.999997068196745,0.999983379322086,"group_idyes"
"8035","BRCC3","Exc L4-5 RORB GABRG1",-0.00643840372167112,5.1360193353817,0.0299810123488459,0.944023439943146,0.999997068196745,0.999983379322086,"group_idyes"
"8036","VBP1","Exc L4-5 RORB GABRG1",0.0378360384357112,4.11310726649802,0.331806896544143,0.564933852617303,0.999997068196745,0.999983379322086,"group_idyes"
"8037","RAB39B","Exc L4-5 RORB GABRG1",0.0228610536702501,4.00023826244735,0.175040711585385,0.675903718929353,0.999997068196745,0.999983379322086,"group_idyes"
"8038","CLIC2","Exc L4-5 RORB GABRG1",-0.0152959817273105,3.39879536929653,0.0694624974733759,0.902580586531219,0.999997068196745,0.999983379322086,"group_idyes"
"8039","F8A3","Exc L4-5 RORB GABRG1",0.205149373115904,-0.0163111530574514,0.587943550951239,0.443685687750838,0.999997068196745,0.999983379322086,"group_idyes"
"8040","TMLHE-AS1","Exc L4-5 RORB GABRG1",-0.0627756127004798,3.80346678244711,0.792881965491678,0.373786583458331,0.999997068196745,0.999983379322086,"group_idyes"
"8041","TMLHE","Exc L4-5 RORB GABRG1",0.0140136165683199,4.75836644416634,0.132196785192752,0.946191817149692,0.999997068196745,0.999983379322086,"group_idyes"
"8042","SPRY3","Exc L4-5 RORB GABRG1",-0.144261145773242,2.00247765253721,3.277339651735,0.0710227375935794,0.999997068196745,0.999983379322086,"group_idyes"
"8043","VAMP7","Exc L4-5 RORB GABRG1",-0.0264970822336935,3.74303719946214,0.41553885690783,0.811114571516263,0.999997068196745,0.999983379322086,"group_idyes"
"8044","ZNF596","Exc L4-5 RORB GABRG1",-0.0109027242815583,3.9927383670968,0.0515539602238797,0.927519380127672,0.999997068196745,0.999983379322086,"group_idyes"
"8045","AC136777.1","Exc L4-5 RORB GABRG1",-0.0448453845216995,2.13149987665323,0.281968579278222,0.595720237640438,0.999997068196745,0.999983379322086,"group_idyes"
"8046","FAM87A","Exc L4-5 RORB GABRG1",0.102124446474162,2.16635761107467,1.0105733169407,0.315397362853633,0.999997068196745,0.999983379322086,"group_idyes"
"8047","FBXO25","Exc L4-5 RORB GABRG1",-0.000886810755939038,5.46471281373658,0.000846456955260989,0.976804760127483,0.999997068196745,0.999983379322086,"group_idyes"
"8048","TDRP","Exc L4-5 RORB GABRG1",-0.0175418536379231,5.19114261403945,0.247330700277999,0.650193369990381,0.999997068196745,0.999983379322086,"group_idyes"
"8049","ERICH1","Exc L4-5 RORB GABRG1",-0.0416308046671538,5.16311233715931,0.92620431152896,0.336455660841652,0.999997068196745,0.999983379322086,"group_idyes"
"8050","DLGAP2","Exc L4-5 RORB GABRG1",-0.01671753089336,10.4688241575046,0.134445546542878,0.714068124364227,0.999997068196745,0.999983379322086,"group_idyes"
"8051","DLGAP2-AS1","Exc L4-5 RORB GABRG1",-0.186193441151677,1.0866258769823,1.57734694986332,0.209905413797295,0.999997068196745,0.999983379322086,"group_idyes"
"8052","AC100810.1","Exc L4-5 RORB GABRG1",-0.0270109218845721,1.77426850479326,0.0508288116378109,0.821747014283937,0.999997068196745,0.999983379322086,"group_idyes"
"8053","AC019257.8","Exc L4-5 RORB GABRG1",-0.240262870518489,1.46990902402194,5.26471821137839,0.0222998334361421,0.999997068196745,0.999983379322086,"group_idyes"
"8054","KBTBD11","Exc L4-5 RORB GABRG1",-0.00659842717246176,5.43334188840393,0.0142023888302194,0.90519988440599,0.999997068196745,0.999983379322086,"group_idyes"
"8055","MYOM2","Exc L4-5 RORB GABRG1",-0.0161260729925463,4.1587103281638,0.0528135137994289,0.818360063156412,0.999997068196745,0.999983379322086,"group_idyes"
"8056","AC245519.1","Exc L4-5 RORB GABRG1",-0.347697801988288,0.497075271688103,3.35752633235161,0.0676712661539704,0.999997068196745,0.999983379322086,"group_idyes"
"8057","AC245187.2","Exc L4-5 RORB GABRG1",-0.25548874368943,1.52159836181328,2.98274337420576,0.0849591426571495,0.999997068196745,0.999983379322086,"group_idyes"
"8058","AC245123.1","Exc L4-5 RORB GABRG1",-0.28970981071092,1.56189713147544,4.48027683633278,0.0349296484048408,0.999997068196745,0.999983379322086,"group_idyes"
"8059","AC246817.2","Exc L4-5 RORB GABRG1",0.0766073318774853,3.26741346785988,0.777864162782975,0.378345842345009,0.999997068196745,0.999983379322086,"group_idyes"
"8060","AC246817.1","Exc L4-5 RORB GABRG1",-0.0315510989144715,6.69276015558016,0.140504338708298,0.707986682730789,0.999997068196745,0.999983379322086,"group_idyes"
"8061","CSMD1","Exc L4-5 RORB GABRG1",0.0362246223232908,12.0586921358591,0.693046137655623,0.405646665071847,0.999997068196745,0.999983379322086,"group_idyes"
"8062","AC009435.1","Exc L4-5 RORB GABRG1",0.429412208091777,3.4080866823387,23.8521313953289,1.52830054535679e-06,0.0068964562109225,0.00872918246875631,"group_idyes"
"8063","AC016065.1","Exc L4-5 RORB GABRG1",-0.0297053135588153,1.3596090543761,0.0703261068208119,0.791004589467964,0.999997068196745,0.999983379322086,"group_idyes"
"8064","MCPH1","Exc L4-5 RORB GABRG1",0.0400742249354946,7.09170818398656,1.07841135311512,0.299705426990338,0.999997068196745,0.999983379322086,"group_idyes"
"8065","ANGPT2","Exc L4-5 RORB GABRG1",0.012448324453341,3.02359546470916,0.00953771303585717,0.922252171426132,0.999997068196745,0.999983379322086,"group_idyes"
"8066","AF287957.1","Exc L4-5 RORB GABRG1",-0.103065726058304,0.656225399517133,0.527087591735891,0.468275299579885,0.999997068196745,0.999983379322086,"group_idyes"
"8067","MCPH1-AS1","Exc L4-5 RORB GABRG1",-0.013441288692506,5.1139142716275,0.112775931763405,0.737188704270719,0.999997068196745,0.999983379322086,"group_idyes"
"8068","AGPAT5","Exc L4-5 RORB GABRG1",-0.0303404017221818,5.41442906571921,0.635305653133854,0.425907431608839,0.999997068196745,0.999983379322086,"group_idyes"
"8069","FAM66B","Exc L4-5 RORB GABRG1",0.0106893032833482,4.3796652349858,0.0349420064272465,0.851815766937649,0.999997068196745,0.999983379322086,"group_idyes"
"8070","FAM66E","Exc L4-5 RORB GABRG1",-0.15904392144887,1.32976797727012,1.9115498892554,0.167593200787856,0.999997068196745,0.999983379322086,"group_idyes"
"8071","FAM85B","Exc L4-5 RORB GABRG1",-0.0216738222436343,7.5219411053793,0.110901417925632,0.739301607325915,0.999997068196745,0.999983379322086,"group_idyes"
"8072","PRAG1","Exc L4-5 RORB GABRG1",-0.0197555111864701,5.14048211041102,0.0879451731669815,0.766965903828394,0.999997068196745,0.999983379322086,"group_idyes"
"8073","MFHAS1","Exc L4-5 RORB GABRG1",-0.0355414488136916,5.10910256646795,0.826377148110328,0.694331490853474,0.999997068196745,0.999983379322086,"group_idyes"
"8074","ERI1","Exc L4-5 RORB GABRG1",-0.0773592955383492,4.24658785925285,2.81312413847465,0.0943083439387215,0.999997068196745,0.999983379322086,"group_idyes"
"8075","AC022784.6","Exc L4-5 RORB GABRG1",0.0949771771313229,0.611931968069594,0.417192396024169,0.518726378643259,0.999997068196745,0.999983379322086,"group_idyes"
"8076","AC021736.1","Exc L4-5 RORB GABRG1",-0.0378695411118468,0.777510776557592,0.0950373646467575,0.758035132839494,0.999997068196745,0.999983379322086,"group_idyes"
"8077","AC021242.2","Exc L4-5 RORB GABRG1",0.0671731006194305,0.770409202555612,0.259489600309998,0.650537054527425,0.999997068196745,0.999983379322086,"group_idyes"
"8078","TNKS","Exc L4-5 RORB GABRG1",-0.0196075816670324,7.65846650526124,0.455442793966735,0.500166877451715,0.999997068196745,0.999983379322086,"group_idyes"
"8079","LINC00599","Exc L4-5 RORB GABRG1",-0.0486815956363728,7.17470313520477,1.35302971113046,0.245470092607105,0.999997068196745,0.999983379322086,"group_idyes"
"8080","AC034111.1","Exc L4-5 RORB GABRG1",0.106157395849874,1.92913990040648,1.55740291962738,0.212804879945674,0.999997068196745,0.999983379322086,"group_idyes"
"8081","MSRA","Exc L4-5 RORB GABRG1",-0.0185455038596516,9.47576712594815,0.25571765061609,0.613367166673824,0.999997068196745,0.999983379322086,"group_idyes"
"8082","AC104964.1","Exc L4-5 RORB GABRG1",-0.0560532143904187,5.76131102697025,1.34192047106738,0.247414134635294,0.999997068196745,0.999983379322086,"group_idyes"
"8083","PRSS51","Exc L4-5 RORB GABRG1",0.0431283529258317,2.76896165316791,0.135214014542202,0.713288272091853,0.999997068196745,0.999983379322086,"group_idyes"
"8084","AC104964.4","Exc L4-5 RORB GABRG1",-0.00253047948515113,3.85362669209575,0.00192640946943524,0.965014154550537,0.999997068196745,0.999983379322086,"group_idyes"
"8085","PRSS55","Exc L4-5 RORB GABRG1",0.247141344466201,2.16412710148437,1.78287114841681,0.18258664370449,0.999997068196745,0.999983379322086,"group_idyes"
"8086","SOX7","Exc L4-5 RORB GABRG1",0.0812801472499786,1.86152301700882,0.698677456157328,0.403747260343348,0.999997068196745,0.999983379322086,"group_idyes"
"8087","PINX1","Exc L4-5 RORB GABRG1",0.0126243299238231,3.66039458022465,0.0390374956892363,0.843478744128036,0.999997068196745,0.999983379322086,"group_idyes"
"8088","AC105001.1","Exc L4-5 RORB GABRG1",-0.0854177504809767,1.07819196838416,0.322344829139917,0.570533051831126,0.999997068196745,0.999983379322086,"group_idyes"
"8089","XKR6","Exc L4-5 RORB GABRG1",-0.0177720036052553,9.17779240742316,0.20099075671454,0.654174693534482,0.999997068196745,0.999983379322086,"group_idyes"
"8090","MTMR9","Exc L4-5 RORB GABRG1",-0.00342525668984318,5.66524349994687,0.0100083079359158,0.924823441514318,0.999997068196745,0.999983379322086,"group_idyes"
"8091","FAM167A","Exc L4-5 RORB GABRG1",-0.0734597147590535,0.600820543396614,0.196516965575654,0.657796237795929,0.999997068196745,0.999983379322086,"group_idyes"
"8092","NEIL2","Exc L4-5 RORB GABRG1",-0.081287575013659,3.20571181092318,1.55596855906592,0.21301523886003,0.999997068196745,0.999983379322086,"group_idyes"
"8093","FDFT1","Exc L4-5 RORB GABRG1",-0.108779098321922,4.8792413064366,3.16446265680467,0.0760466888669976,0.999997068196745,0.999983379322086,"group_idyes"
"8094","AC069185.1","Exc L4-5 RORB GABRG1",-0.000672207638388551,0.83349514357949,0.000171714026661785,0.989551636376468,0.999997068196745,0.999983379322086,"group_idyes"
"8095","CTSB","Exc L4-5 RORB GABRG1",0.0115765457781992,5.82688737722992,0.0600292151557551,0.806580400314127,0.999997068196745,0.999983379322086,"group_idyes"
"8096","FAM66D","Exc L4-5 RORB GABRG1",-0.00170679362196683,7.34506550497004,0.000622056826343075,0.980114901684918,0.999997068196745,0.999983379322086,"group_idyes"
"8097","FAM86B1","Exc L4-5 RORB GABRG1",-0.009963211869922,0.681252677198808,0.00368483268584704,0.951627403879188,0.999997068196745,0.999983379322086,"group_idyes"
"8098","AC145124.1","Exc L4-5 RORB GABRG1",-0.0660299560553676,3.28911232481865,0.484333986954924,0.486885918141609,0.999997068196745,0.999983379322086,"group_idyes"
"8099","FAM66A","Exc L4-5 RORB GABRG1",-0.0894433484078149,4.6515866281836,0.503631806170961,0.478338547675014,0.999997068196745,0.999983379322086,"group_idyes"
"8100","LONRF1","Exc L4-5 RORB GABRG1",0.00420908170123809,5.69092675782356,0.0173607116023969,0.895242960496513,0.999997068196745,0.999983379322086,"group_idyes"
"8101","AC123777.1","Exc L4-5 RORB GABRG1",-0.2029856391961,0.639797614700234,1.51312616649715,0.219414307975012,0.999997068196745,0.999983379322086,"group_idyes"
"8102","TRMT9B","Exc L4-5 RORB GABRG1",-0.0644059438134459,7.04998561761081,3.76257378572355,0.053142405560443,0.999997068196745,0.999983379322086,"group_idyes"
"8103","DLC1","Exc L4-5 RORB GABRG1",-0.0942420680754714,5.0808705797759,1.14929848763438,0.28436806147194,0.999997068196745,0.999983379322086,"group_idyes"
"8104","SGCZ","Exc L4-5 RORB GABRG1",-0.109120857743429,6.4578808407811,0.905583209554451,0.341886493462603,0.999997068196745,0.999983379322086,"group_idyes"
"8105","TUSC3","Exc L4-5 RORB GABRG1",0.000529218385892617,6.63698887753468,0.000257763029755172,0.987198835993506,0.999997068196745,0.999983379322086,"group_idyes"
"8106","MSR1","Exc L4-5 RORB GABRG1",-0.03339053261321,0.840000746492945,0.0734635237471012,0.786504433491706,0.999997068196745,0.999983379322086,"group_idyes"
"8107","AC068992.1","Exc L4-5 RORB GABRG1",-0.0835561050966543,0.565898748608421,0.3536985535038,0.552376495711319,0.999997068196745,0.999983379322086,"group_idyes"
"8108","FGF20","Exc L4-5 RORB GABRG1",-0.0727174261475791,0.869437070686485,0.281757712394404,0.595857728768429,0.999997068196745,0.999983379322086,"group_idyes"
"8109","MICU3","Exc L4-5 RORB GABRG1",0.0113386276254355,7.45265084302537,0.182418241397719,0.669542147292353,0.999997068196745,0.999983379322086,"group_idyes"
"8110","AC079193.2","Exc L4-5 RORB GABRG1",0.0387811379146283,2.38606268530459,0.158131433538152,0.691103262430194,0.999997068196745,0.999983379322086,"group_idyes"
"8111","ZDHHC2","Exc L4-5 RORB GABRG1",0.0102043631962187,5.1217515127542,0.0400438556102786,0.84150058988332,0.999997068196745,0.999983379322086,"group_idyes"
"8112","CNOT7","Exc L4-5 RORB GABRG1",0.0386056492464008,5.57004883259498,0.89532724030237,0.34463164460624,0.999997068196745,0.999983379322086,"group_idyes"
"8113","VPS37A","Exc L4-5 RORB GABRG1",0.023772186012682,5.3820653169558,0.566332143978231,0.902958719698959,0.999997068196745,0.999983379322086,"group_idyes"
"8114","MTMR7","Exc L4-5 RORB GABRG1",-0.00524103724515281,6.55195199994575,0.0211419707967734,0.884469009924026,0.999997068196745,0.999983379322086,"group_idyes"
"8115","PDGFRL","Exc L4-5 RORB GABRG1",0.220441029784726,0.872758818413651,1.88760940578214,0.170271730573727,0.999997068196745,0.999983379322086,"group_idyes"
"8116","MTUS1","Exc L4-5 RORB GABRG1",0.0215591913978791,2.48018851504013,0.0487531844784595,0.825364333209275,0.999997068196745,0.999983379322086,"group_idyes"
"8117","PCM1","Exc L4-5 RORB GABRG1",-0.00759030245502848,7.9973773409007,0.097218323457033,0.755362540993569,0.999997068196745,0.999983379322086,"group_idyes"
"8118","ASAH1","Exc L4-5 RORB GABRG1",0.00644630148678856,5.59721734806948,0.0239643988435799,0.877056710441952,0.999997068196745,0.999983379322086,"group_idyes"
"8119","AC124242.1","Exc L4-5 RORB GABRG1",0.207462437196194,2.14941768461044,6.50518510257173,0.0111425844743179,0.999997068196745,0.999983379322086,"group_idyes"
"8120","PSD3","Exc L4-5 RORB GABRG1",0.0450533988234702,8.76833513130904,2.34348694102712,0.126629468507016,0.999997068196745,0.999983379322086,"group_idyes"
"8121","AC100849.1","Exc L4-5 RORB GABRG1",-0.124570952178718,0.91351029602466,0.733473584317579,0.392292680614218,0.999997068196745,0.999983379322086,"group_idyes"
"8122","SH2D4A","Exc L4-5 RORB GABRG1",0.0141986569849674,1.10478751768664,0.0104655811923205,0.918570723999265,0.999997068196745,0.999983379322086,"group_idyes"
"8123","CSGALNACT1","Exc L4-5 RORB GABRG1",-0.0245569923680046,7.80370152989576,0.416865475033157,0.51889015254356,0.999997068196745,0.999983379322086,"group_idyes"
"8124","INTS10","Exc L4-5 RORB GABRG1",-0.0238155381113457,6.64221955132553,0.935490331602114,0.334047922520779,0.999997068196745,0.999983379322086,"group_idyes"
"8125","LPL","Exc L4-5 RORB GABRG1",-0.132253024969383,2.31205428293352,0.916863552557704,0.338901163979738,0.999997068196745,0.999983379322086,"group_idyes"
"8126","ATP6V1B2","Exc L4-5 RORB GABRG1",0.0272445184967452,7.0693775239899,0.242583518167701,0.622627308833612,0.999997068196745,0.999983379322086,"group_idyes"
"8127","LZTS1","Exc L4-5 RORB GABRG1",-0.0343936887927764,3.01482015366197,0.0783742509932161,0.779663241865867,0.999997068196745,0.999983379322086,"group_idyes"
"8128","AC015468.3","Exc L4-5 RORB GABRG1",0.0815524335120462,0.934769752606373,0.285934251010459,0.593146708498571,0.999997068196745,0.999983379322086,"group_idyes"
"8129","LINC02153","Exc L4-5 RORB GABRG1",0.162613336338872,0.658899286802491,0.859164428168423,0.35455372341906,0.999997068196745,0.999983379322086,"group_idyes"
"8130","GFRA2","Exc L4-5 RORB GABRG1",-0.00941587612918863,5.65160016293863,0.0428743648207979,0.836071564488156,0.999997068196745,0.999983379322086,"group_idyes"
"8131","XPO7","Exc L4-5 RORB GABRG1",0.000538803978136183,6.16751246002428,0.000293525386108029,0.98633972675363,0.999997068196745,0.999983379322086,"group_idyes"
"8132","NPM2","Exc L4-5 RORB GABRG1",0.0301120458191876,5.86443221670214,0.765305476364522,0.382219057423307,0.999997068196745,0.999983379322086,"group_idyes"
"8133","FGF17","Exc L4-5 RORB GABRG1",0.0657194844075788,5.50865748275791,0.913511087839644,0.339784705738465,0.999997068196745,0.999983379322086,"group_idyes"
"8134","DMTN","Exc L4-5 RORB GABRG1",0.030802083625399,6.80134897593741,0.456639227708907,0.499604810510274,0.999997068196745,0.999983379322086,"group_idyes"
"8135","FAM160B2","Exc L4-5 RORB GABRG1",-0.0512101509851774,4.20417287308846,1.45657365450086,0.228217602449927,0.999997068196745,0.999983379322086,"group_idyes"
"8136","NUDT18","Exc L4-5 RORB GABRG1",-0.140763939009059,0.898822816361133,0.843778127504011,0.358893973014707,0.999997068196745,0.999983379322086,"group_idyes"
"8137","HR","Exc L4-5 RORB GABRG1",0.0141059341586446,3.94032783851571,0.0613722353450415,0.804472227697762,0.999997068196745,0.999983379322086,"group_idyes"
"8138","REEP4","Exc L4-5 RORB GABRG1",0.15470345237805,0.603740477229467,1.23989264414027,0.360698145432904,0.999997068196745,0.999983379322086,"group_idyes"
"8139","LGI3","Exc L4-5 RORB GABRG1",0.000597726659863788,4.93153805091154,0.000104497852457823,0.991849130258784,0.999997068196745,0.999983379322086,"group_idyes"
"8140","SFTPC","Exc L4-5 RORB GABRG1",0.183299994993008,2.19306680444937,3.70027061424918,0.0551412154672554,0.999997068196745,0.999983379322086,"group_idyes"
"8141","BMP1","Exc L4-5 RORB GABRG1",-0.00195428585192096,2.46537670618301,0.000736214652824572,0.978367502753035,0.999997068196745,0.999983379322086,"group_idyes"
"8142","PHYHIP","Exc L4-5 RORB GABRG1",0.0383632958786082,7.77263534958406,0.422187416083221,0.51623533220776,0.999997068196745,0.999983379322086,"group_idyes"
"8143","POLR3D","Exc L4-5 RORB GABRG1",0.00449352779213547,2.66526161150023,0.00441199402696103,0.955399939892864,0.999997068196745,0.999983379322086,"group_idyes"
"8144","AC105206.2","Exc L4-5 RORB GABRG1",-0.124903361400882,1.07269348861451,0.7723628915062,0.380035613720168,0.999997068196745,0.999983379322086,"group_idyes"
"8145","PIWIL2","Exc L4-5 RORB GABRG1",-0.0716872727276284,2.1326458007178,0.455165144484812,0.500297466765648,0.999997068196745,0.999983379322086,"group_idyes"
"8146","SLC39A14","Exc L4-5 RORB GABRG1",-0.0388770371959173,5.2451827224564,1.03992325157617,0.308480144401483,0.999997068196745,0.999983379322086,"group_idyes"
"8147","PPP3CC","Exc L4-5 RORB GABRG1",-0.0440089136195485,6.64776651679932,3.18829291737355,0.0749549968937336,0.999997068196745,0.999983379322086,"group_idyes"
"8148","AC037459.2","Exc L4-5 RORB GABRG1",0.000713484012224268,2.89132301744084,5.64884756710939e-05,0.994007146213892,0.999997068196745,0.999983379322086,"group_idyes"
"8149","SORBS3","Exc L4-5 RORB GABRG1",-0.00625233415960015,4.6419998337353,0.0190962684642827,0.890163149608487,0.999997068196745,0.999983379322086,"group_idyes"
"8150","C8orf58","Exc L4-5 RORB GABRG1",-0.0423270177420264,1.08244653962955,0.134160224133333,0.714358317366028,0.999997068196745,0.999983379322086,"group_idyes"
"8151","CCAR2","Exc L4-5 RORB GABRG1",0.0293327022548262,4.35158360298906,0.367144254108926,0.544922329714542,0.999997068196745,0.999983379322086,"group_idyes"
"8152","AC037459.3","Exc L4-5 RORB GABRG1",-0.0281785473484978,1.89049022276029,0.0896019670872149,0.764845421215422,0.999997068196745,0.999983379322086,"group_idyes"
"8153","BIN3","Exc L4-5 RORB GABRG1",-0.0585768450471412,5.30075982915986,2.39220298649591,0.122763830462079,0.999997068196745,0.999983379322086,"group_idyes"
"8154","EGR3","Exc L4-5 RORB GABRG1",0.00906001139466119,4.4930440573678,0.0134606490154924,0.907697195731653,0.999997068196745,0.999983379322086,"group_idyes"
"8155","PEBP4","Exc L4-5 RORB GABRG1",-0.0687144961563529,3.80052575092925,0.662301576098793,0.416251965124453,0.999997068196745,0.999983379322086,"group_idyes"
"8156","AC037441.1","Exc L4-5 RORB GABRG1",-0.0153082190937819,1.01259989863168,0.015507652429098,0.900960904947433,0.999997068196745,0.999983379322086,"group_idyes"
"8157","AC107959.1","Exc L4-5 RORB GABRG1",-0.0332336310408743,1.25160067637311,0.0496240325202841,0.823836998865715,0.999997068196745,0.999983379322086,"group_idyes"
"8158","RHOBTB2","Exc L4-5 RORB GABRG1",-0.0711965796184661,7.41738753786392,1.71338110642266,0.191328565684077,0.999997068196745,0.999983379322086,"group_idyes"
"8159","TNFRSF10B","Exc L4-5 RORB GABRG1",0.00825687786494502,0.512011900109208,0.00179939043452439,0.966186510596701,0.999997068196745,0.999983379322086,"group_idyes"
"8160","TNFRSF10A","Exc L4-5 RORB GABRG1",-0.0222921500033448,0.0607059901869938,0.0122029641612445,0.91209659947573,0.999997068196745,0.999983379322086,"group_idyes"
"8161","CHMP7","Exc L4-5 RORB GABRG1",-0.0288317540895094,4.23995373205775,0.532314441998763,0.466079404144156,0.999997068196745,0.999983379322086,"group_idyes"
"8162","R3HCC1","Exc L4-5 RORB GABRG1",0.0198060629708998,3.24060912565902,0.123086326247304,0.947820988509648,0.999997068196745,0.999983379322086,"group_idyes"
"8163","LOXL2","Exc L4-5 RORB GABRG1",-0.0218186488926144,3.51553006812103,0.0915346675142577,0.762398638720741,0.999997068196745,0.999983379322086,"group_idyes"
"8164","ENTPD4","Exc L4-5 RORB GABRG1",-0.00844421170980367,5.76511546956679,0.0854960058962746,0.770140720988021,0.999997068196745,0.999983379322086,"group_idyes"
"8165","SLC25A37","Exc L4-5 RORB GABRG1",-0.0586570705595648,6.50781706950876,2.55369247321471,0.110857753421523,0.999997068196745,0.999983379322086,"group_idyes"
"8166","NKX3-1","Exc L4-5 RORB GABRG1",0.020055040915031,1.0072300528327,0.0195152669788751,0.88897245525562,0.999997068196745,0.999983379322086,"group_idyes"
"8167","AC023202.1","Exc L4-5 RORB GABRG1",0.0784139200215246,1.0429421436364,0.328938533100344,0.56661988577014,0.999997068196745,0.999983379322086,"group_idyes"
"8168","ADAM28","Exc L4-5 RORB GABRG1",-0.0859288975918165,0.747633444598875,0.347138634204952,0.556083160890164,0.999997068196745,0.999983379322086,"group_idyes"
"8169","AC120193.1","Exc L4-5 RORB GABRG1",0.101755004493033,7.13780985287626,1.58669212000911,0.208562980764188,0.999997068196745,0.999983379322086,"group_idyes"
"8170","ADAM7","Exc L4-5 RORB GABRG1",0.00904546246645676,0.386501018353952,0.0043249705090553,0.947599472971581,0.999997068196745,0.999983379322086,"group_idyes"
"8171","AF106564.1","Exc L4-5 RORB GABRG1",-0.0126189309861944,3.88150855046588,0.0395477387312191,0.84247251288894,0.999997068196745,0.999983379322086,"group_idyes"
"8172","NEFM","Exc L4-5 RORB GABRG1",0.0845149571104732,5.91003885697075,1.20496116026529,0.273018885269551,0.999997068196745,0.999983379322086,"group_idyes"
"8173","NEFL","Exc L4-5 RORB GABRG1",0.0334527991849485,6.99087819536226,0.127075578806316,0.721679075504717,0.999997068196745,0.999983379322086,"group_idyes"
"8174","AC107373.2","Exc L4-5 RORB GABRG1",0.0179450457444296,1.78382406346374,0.0269719413654807,0.869635256366254,0.999997068196745,0.999983379322086,"group_idyes"
"8175","AC107373.1","Exc L4-5 RORB GABRG1",0.255943279991929,0.164241225169545,2.08954079909524,0.149124697447581,0.999997068196745,0.999983379322086,"group_idyes"
"8176","DOCK5","Exc L4-5 RORB GABRG1",-0.0667691710583811,2.14958318617974,0.30610080762866,0.580404152942348,0.999997068196745,0.999983379322086,"group_idyes"
"8177","GNRH1","Exc L4-5 RORB GABRG1",-0.0799021425188677,1.55265603219799,0.614338509485336,0.433641213049245,0.999997068196745,0.999983379322086,"group_idyes"
"8178","KCTD9","Exc L4-5 RORB GABRG1",0.0836984020821799,3.85925975509292,3.524605584101,0.0612206017674556,0.999997068196745,0.999983379322086,"group_idyes"
"8179","PPP2R2A","Exc L4-5 RORB GABRG1",0.0383271377521627,6.6915519015262,1.77384281614058,0.183695691025848,0.999997068196745,0.999983379322086,"group_idyes"
"8180","BNIP3L","Exc L4-5 RORB GABRG1",0.0406318332475589,7.36506615612907,0.681948255358265,0.409428439719553,0.999997068196745,0.999983379322086,"group_idyes"
"8181","PNMA2","Exc L4-5 RORB GABRG1",0.0137576293115936,7.34353026191677,0.0679461286139386,0.794490488560545,0.999997068196745,0.999983379322086,"group_idyes"
"8182","DPYSL2","Exc L4-5 RORB GABRG1",0.000891570438305376,8.08604208066534,0.000672163881056523,0.979329705593652,0.999997068196745,0.999983379322086,"group_idyes"
"8183","ADRA1A","Exc L4-5 RORB GABRG1",-0.157862601155778,0.950104240122277,1.15261656629747,0.283674983121021,0.999997068196745,0.999983379322086,"group_idyes"
"8184","STMN4","Exc L4-5 RORB GABRG1",0.0376346964248616,6.41065868357684,0.334897043603603,0.563128284923436,0.999997068196745,0.999983379322086,"group_idyes"
"8185","TRIM35","Exc L4-5 RORB GABRG1",-0.023498456940013,3.41186136353768,0.244562064611405,0.77638780729866,0.999997068196745,0.999983379322086,"group_idyes"
"8186","PTK2B","Exc L4-5 RORB GABRG1",0.0117259910563569,7.12049065778964,0.0668831965632798,0.796068405130455,0.999997068196745,0.999983379322086,"group_idyes"
"8187","EPHX2","Exc L4-5 RORB GABRG1",-0.0467772436934675,2.46405573042355,0.358819082630888,0.695473950703334,0.999997068196745,0.999983379322086,"group_idyes"
"8188","CLU","Exc L4-5 RORB GABRG1",0.111862283476719,8.23440163629248,2.01227023429783,0.156841218073062,0.999997068196745,0.999983379322086,"group_idyes"
"8189","SCARA3","Exc L4-5 RORB GABRG1",-0.00648729487618496,5.25162335239237,0.0235245621726117,0.878181246532658,0.999997068196745,0.999983379322086,"group_idyes"
"8190","CCDC25","Exc L4-5 RORB GABRG1",0.0311642623557484,4.98281787559192,0.532620583586152,0.465951301115463,0.999997068196745,0.999983379322086,"group_idyes"
"8191","AC013643.2","Exc L4-5 RORB GABRG1",0.0268395121942286,4.15333942746435,0.172394856538719,0.678223587921654,0.999997068196745,0.999983379322086,"group_idyes"
"8192","ELP3","Exc L4-5 RORB GABRG1",-0.0481966447138299,5.47573667736592,2.40932371360081,0.178891917589675,0.999997068196745,0.999983379322086,"group_idyes"
"8193","AC021678.2","Exc L4-5 RORB GABRG1",0.0525714002436718,0.474064505240755,0.0796216931022203,0.777962466947403,0.999997068196745,0.999983379322086,"group_idyes"
"8194","ZNF395","Exc L4-5 RORB GABRG1",0.0142864062772432,3.31042330346955,0.0634584866306988,0.80124539016897,0.999997068196745,0.999983379322086,"group_idyes"
"8195","FBXO16","Exc L4-5 RORB GABRG1",-0.047084954246854,6.80554918432385,1.50252744846591,0.221032676598463,0.999997068196745,0.999983379322086,"group_idyes"
"8196","AC025871.1","Exc L4-5 RORB GABRG1",0.0333520075442423,1.82845378382449,0.0682295248990164,0.79407201760693,0.999997068196745,0.999983379322086,"group_idyes"
"8197","FZD3","Exc L4-5 RORB GABRG1",-0.0206552121952227,7.47771731318732,0.401224227324853,0.526834050281695,0.999997068196745,0.999983379322086,"group_idyes"
"8198","EXTL3","Exc L4-5 RORB GABRG1",-0.0454409266108042,6.53693553897057,2.12144455265042,0.146065099906765,0.999997068196745,0.999983379322086,"group_idyes"
"8199","EXTL3-AS1","Exc L4-5 RORB GABRG1",-0.205636668170008,1.08407554526402,3.59064039418954,0.0588553396653363,0.999997068196745,0.999983379322086,"group_idyes"
"8200","INTS9","Exc L4-5 RORB GABRG1",-0.0347556041577336,4.99440345023908,0.909286274066175,0.371419969249681,0.999997068196745,0.999983379322086,"group_idyes"
"8201","HMBOX1","Exc L4-5 RORB GABRG1",-0.0379807009568893,6.37033747452024,1.39210706951988,0.238778620209167,0.999997068196745,0.999983379322086,"group_idyes"
"8202","KIF13B","Exc L4-5 RORB GABRG1",0.00255540199775187,4.66848792205235,0.00324310976956121,0.954615936826687,0.999997068196745,0.999983379322086,"group_idyes"
"8203","AC108449.1","Exc L4-5 RORB GABRG1",-0.114059690352621,0.717258435684344,0.508726333863181,0.476123143357984,0.999997068196745,0.999983379322086,"group_idyes"
"8204","DUSP4","Exc L4-5 RORB GABRG1",-0.266812824390769,0.546866735301911,1.43383096227266,0.231877479028952,0.999997068196745,0.999983379322086,"group_idyes"
"8205","SARAF","Exc L4-5 RORB GABRG1",-0.0386108867663097,7.29228046652698,0.347706588243146,0.555760379688286,0.999997068196745,0.999983379322086,"group_idyes"
"8206","AC044849.1","Exc L4-5 RORB GABRG1",-0.196104144820467,1.04420368569529,2.75727650316013,0.10397530286748,0.999997068196745,0.999983379322086,"group_idyes"
"8207","LEPROTL1","Exc L4-5 RORB GABRG1",0.0168101417527374,4.88785238239346,0.162686620479856,0.686919025805767,0.999997068196745,0.999983379322086,"group_idyes"
"8208","AC026979.2","Exc L4-5 RORB GABRG1",-0.0530965552644198,1.54253897804915,0.209947196919792,0.647067489105082,0.999997068196745,0.999983379322086,"group_idyes"
"8209","DCTN6","Exc L4-5 RORB GABRG1",0.000300728671992475,4.00617168732653,2.53203639071296e-05,0.995987722267408,0.999997068196745,0.999983379322086,"group_idyes"
"8210","AC026979.3","Exc L4-5 RORB GABRG1",-0.00278394450656836,1.3007142166284,0.00067516835329811,0.979283570935524,0.999997068196745,0.999983379322086,"group_idyes"
"8211","RBPMS","Exc L4-5 RORB GABRG1",0.0149311280202417,2.28944803604056,0.0238349209137795,0.877386642925632,0.999997068196745,0.999983379322086,"group_idyes"
"8212","GTF2E2","Exc L4-5 RORB GABRG1",-0.0167579388425986,5.01090955662018,0.184299584239374,0.667944295304586,0.999997068196745,0.999983379322086,"group_idyes"
"8213","SMIM18","Exc L4-5 RORB GABRG1",-0.254035692865089,0.991360898003021,3.15507216670673,0.0764815801284122,0.999997068196745,0.999983379322086,"group_idyes"
"8214","GSR","Exc L4-5 RORB GABRG1",-0.05864785652584,4.96963793059952,2.23402742294934,0.135821279853734,0.999997068196745,0.999983379322086,"group_idyes"
"8215","UBXN8","Exc L4-5 RORB GABRG1",-0.121672774218296,2.3281646040163,2.29189011106477,0.130872521307289,0.999997068196745,0.999983379322086,"group_idyes"
"8216","PPP2CB","Exc L4-5 RORB GABRG1",0.00153573092219598,6.00685553679811,0.00145361957697391,0.969606707089157,0.999997068196745,0.999983379322086,"group_idyes"
"8217","TEX15","Exc L4-5 RORB GABRG1",0.220598465190008,2.19929028192166,3.68385815261097,0.0556809696309341,0.999997068196745,0.999983379322086,"group_idyes"
"8218","PURG","Exc L4-5 RORB GABRG1",0.0177513000166191,5.84075909419337,0.189846590813786,0.663288687865401,0.999997068196745,0.999983379322086,"group_idyes"
"8219","WRN","Exc L4-5 RORB GABRG1",-0.000739548109673383,6.13547580873565,0.000391412825354245,0.984225813355661,0.999997068196745,0.999983379322086,"group_idyes"
"8220","NRG1","Exc L4-5 RORB GABRG1",-0.0555849021157044,9.81136713207647,0.923283535008311,0.337217792039663,0.999997068196745,0.999983379322086,"group_idyes"
"8221","AC090204.1","Exc L4-5 RORB GABRG1",-0.0614620307417061,0.777674449037624,0.18259831411475,0.669388788122578,0.999997068196745,0.999983379322086,"group_idyes"
"8222","FUT10","Exc L4-5 RORB GABRG1",-0.0527543600687628,4.11508798586864,0.914347694493547,0.339563927762576,0.999997068196745,0.999983379322086,"group_idyes"
"8223","TTI2","Exc L4-5 RORB GABRG1",-0.0526869052410041,4.0345197667655,1.44338442428558,0.230331507510319,0.999997068196745,0.999983379322086,"group_idyes"
"8224","MAK16","Exc L4-5 RORB GABRG1",0.0468866111199172,2.61791203700853,0.393665988651426,0.530750860991074,0.999997068196745,0.999983379322086,"group_idyes"
"8225","RNF122","Exc L4-5 RORB GABRG1",-0.435994680567045,0.803479721143158,9.41075404579203,0.00230981285122531,0.999997068196745,0.999983379322086,"group_idyes"
"8226","DUSP26","Exc L4-5 RORB GABRG1",0.00833757153690993,4.84056657219196,0.0212998969301381,0.884041367818293,0.999997068196745,0.999983379322086,"group_idyes"
"8227","AF279873.3","Exc L4-5 RORB GABRG1",-0.111054112461438,3.69938178652402,2.79563685432038,0.0953342386064693,0.999997068196745,0.999983379322086,"group_idyes"
"8228","AC090993.1","Exc L4-5 RORB GABRG1",0.0705869527042044,1.07444421263767,0.263274831344568,0.608173673256926,0.999997068196745,0.999983379322086,"group_idyes"
"8229","UNC5D","Exc L4-5 RORB GABRG1",-0.0223587171714664,10.3296484817904,0.334098676306228,0.563593701212235,0.999997068196745,0.999983379322086,"group_idyes"
"8230","AC100818.1","Exc L4-5 RORB GABRG1",0.0788711493972645,4.96943456082109,0.51206721633556,0.474679399199007,0.999997068196745,0.999983379322086,"group_idyes"
"8231","AC090809.1","Exc L4-5 RORB GABRG1",-0.330916027544883,0.439562721127544,4.69873726006701,0.0307974781943024,0.999997068196745,0.999983379322086,"group_idyes"
"8232","KCNU1","Exc L4-5 RORB GABRG1",0.0969352085951873,0.0089082373288559,0.240240481935997,0.715544730725626,0.999997068196745,0.999983379322086,"group_idyes"
"8233","LINC01605","Exc L4-5 RORB GABRG1",-0.172449755206598,0.674910255984863,0.954327517553408,0.329234058284314,0.999997068196745,0.999983379322086,"group_idyes"
"8234","AC137579.1","Exc L4-5 RORB GABRG1",-0.388289883828682,0.429843918994633,3.60188520078797,0.0584623840574346,0.999997068196745,0.999983379322086,"group_idyes"
"8235","ZNF703","Exc L4-5 RORB GABRG1",-0.157047251299415,0.510545412545544,0.781985755972576,0.377086799972403,0.999997068196745,0.999983379322086,"group_idyes"
"8236","ERLIN2","Exc L4-5 RORB GABRG1",-0.0629804566923817,2.82153140168668,1.11320648449046,0.29204810620627,0.999997068196745,0.999983379322086,"group_idyes"
"8237","PLPBP","Exc L4-5 RORB GABRG1",0.0151751770221863,4.46857682300687,0.125702228435907,0.723124663926029,0.999997068196745,0.999983379322086,"group_idyes"
"8238","ADGRA2","Exc L4-5 RORB GABRG1",-0.0863965260761198,3.76087006719833,2.56658670979755,0.109963691870923,0.999997068196745,0.999983379322086,"group_idyes"
"8239","BRF2","Exc L4-5 RORB GABRG1",0.0808722457336356,2.46526010552157,0.917234546595298,0.338803578812339,0.999997068196745,0.999983379322086,"group_idyes"
"8240","RAB11FIP1","Exc L4-5 RORB GABRG1",-0.00294456006469401,4.00546212462474,0.00367085382535579,0.951719132003155,0.999997068196745,0.999983379322086,"group_idyes"
"8241","EIF4EBP1","Exc L4-5 RORB GABRG1",-0.107679270709825,0.955316301108078,0.735716490771096,0.440051956229731,0.999997068196745,0.999983379322086,"group_idyes"
"8242","ASH2L","Exc L4-5 RORB GABRG1",-0.00485858952823785,5.19922087042149,0.025149736311631,0.874077730486332,0.999997068196745,0.999983379322086,"group_idyes"
"8243","STAR","Exc L4-5 RORB GABRG1",0.015372179642371,1.68189086843944,0.0248609667290992,0.874796717227727,0.999997068196745,0.999983379322086,"group_idyes"
"8244","AC084024.3","Exc L4-5 RORB GABRG1",-0.0553041583575956,1.06602441379444,0.22456838512468,0.635849680251798,0.999997068196745,0.999983379322086,"group_idyes"
"8245","LSM1","Exc L4-5 RORB GABRG1",-0.00755985336213053,3.76164539982471,0.0106850740093422,0.917724267189919,0.999997068196745,0.999983379322086,"group_idyes"
"8246","BAG4","Exc L4-5 RORB GABRG1",0.0174041688438487,6.21138089703407,0.235322847943895,0.627880898960958,0.999997068196745,0.999983379322086,"group_idyes"
"8247","DDHD2","Exc L4-5 RORB GABRG1",-0.00556483027428825,6.03681133864566,0.0243135687377564,0.876171487072897,0.999997068196745,0.999983379322086,"group_idyes"
"8248","PLPP5","Exc L4-5 RORB GABRG1",0.0588245098146222,3.66349160108806,1.58859520254356,0.208290853711138,0.999997068196745,0.999983379322086,"group_idyes"
"8249","NSD3","Exc L4-5 RORB GABRG1",0.000170340592257989,8.12947964253545,8.59467810466277e-05,0.992607923985226,0.999997068196745,0.999983379322086,"group_idyes"
"8250","LETM2","Exc L4-5 RORB GABRG1",-0.119684215190226,2.94006508130293,3.82834513191615,0.0511156580174,0.999997068196745,0.999983379322086,"group_idyes"
"8251","FGFR1","Exc L4-5 RORB GABRG1",-0.0247159454234983,3.65751401552158,0.0750484947134757,0.784270218151586,0.999997068196745,0.999983379322086,"group_idyes"
"8252","C8orf86","Exc L4-5 RORB GABRG1",0.107373647175104,1.03337529537458,0.603411743174533,0.437756571405884,0.999997068196745,0.999983379322086,"group_idyes"
"8253","AC069120.1","Exc L4-5 RORB GABRG1",-0.0062450145722899,5.06342520410627,0.00918925318650947,0.923681204527281,0.999997068196745,0.999983379322086,"group_idyes"
"8254","TACC1","Exc L4-5 RORB GABRG1",0.0326847750961058,7.80723982579749,1.52486026030439,0.217639095464888,0.999997068196745,0.999983379322086,"group_idyes"
"8255","AC067817.2","Exc L4-5 RORB GABRG1",-0.0554001696616481,0.296469682135813,0.10936908752272,0.836793431316008,0.999997068196745,0.999983379322086,"group_idyes"
"8256","PLEKHA2","Exc L4-5 RORB GABRG1",0.015311422879921,4.44066534700843,0.111800400738482,0.738285839545288,0.999997068196745,0.999983379322086,"group_idyes"
"8257","TM2D2","Exc L4-5 RORB GABRG1",-0.0352689695311883,3.28337573031875,0.202016791019747,0.653350953231404,0.999997068196745,0.999983379322086,"group_idyes"
"8258","ADAM9","Exc L4-5 RORB GABRG1",-0.0797676230756942,5.66803499089832,3.86195786534834,0.050111724216924,0.999997068196745,0.999983379322086,"group_idyes"
"8259","ADAM32","Exc L4-5 RORB GABRG1",0.0304809849441404,5.4969598972243,0.294982451263939,0.587359729350287,0.999997068196745,0.999983379322086,"group_idyes"
"8260","ADAM18","Exc L4-5 RORB GABRG1",-0.230109253504539,0.315266384018017,1.46824560757578,0.226366377677258,0.999997068196745,0.999983379322086,"group_idyes"
"8261","IDO1","Exc L4-5 RORB GABRG1",-0.253970257890176,0.473029213717556,2.31002305576898,0.129363509669088,0.999997068196745,0.999983379322086,"group_idyes"
"8262","AC007991.3","Exc L4-5 RORB GABRG1",0.23209305142451,0.542763475496481,2.751686712186,0.0979668550631486,0.999997068196745,0.999983379322086,"group_idyes"
"8263","AC105999.1","Exc L4-5 RORB GABRG1",0.0845897880210271,0.758805625403833,0.348593052221029,0.555257291669668,0.999997068196745,0.999983379322086,"group_idyes"
"8264","AC010857.1","Exc L4-5 RORB GABRG1",0.132517716563617,2.9248420574867,3.41182691128715,0.0654983786357767,0.999997068196745,0.999983379322086,"group_idyes"
"8265","ZMAT4","Exc L4-5 RORB GABRG1",-0.0370623268482897,8.7959654266033,1.03267938645281,0.310168815156371,0.999997068196745,0.999983379322086,"group_idyes"
"8266","SFRP1","Exc L4-5 RORB GABRG1",-0.22400167224375,0.191704227946434,1.48704148510923,0.223423124892073,0.999997068196745,0.999983379322086,"group_idyes"
"8267","GOLGA7","Exc L4-5 RORB GABRG1",0.0479356266631028,4.62376988841384,1.32533187783277,0.824052328055506,0.999997068196745,0.999983379322086,"group_idyes"
"8268","AC009630.1","Exc L4-5 RORB GABRG1",-0.0619360852198995,2.69500469255043,0.71816844991934,0.419927883009223,0.999997068196745,0.999983379322086,"group_idyes"
"8269","GPAT4","Exc L4-5 RORB GABRG1",-0.00756504115006298,4.79540990455651,0.0577682127193014,0.974103014700972,0.999997068196745,0.999983379322086,"group_idyes"
"8270","ANK1","Exc L4-5 RORB GABRG1",-0.0804956083273185,5.8764057075657,2.38186737016217,0.123572844634495,0.999997068196745,0.999983379322086,"group_idyes"
"8271","KAT6A","Exc L4-5 RORB GABRG1",0.00654740434429508,6.67144117458281,0.0479868503939145,0.826720244705206,0.999997068196745,0.999983379322086,"group_idyes"
"8272","AP3M2","Exc L4-5 RORB GABRG1",-0.00457953376766863,5.2776295188262,0.0105267326599032,0.918334004003804,0.999997068196745,0.999983379322086,"group_idyes"
"8273","PLAT","Exc L4-5 RORB GABRG1",-0.0117419746598568,2.03004377924454,0.0079827384275716,0.928853292984335,0.999997068196745,0.999983379322086,"group_idyes"
"8274","IKBKB","Exc L4-5 RORB GABRG1",0.00896700913215016,4.67515492049772,0.0460708713256506,0.830160744508387,0.999997068196745,0.999983379322086,"group_idyes"
"8275","POLB","Exc L4-5 RORB GABRG1",-0.040892123547719,4.45597499026562,0.965319641437514,0.326467672898756,0.999997068196745,0.999983379322086,"group_idyes"
"8276","VDAC3","Exc L4-5 RORB GABRG1",-0.0102701902280028,6.45242193923311,0.026184125518183,0.871536409680166,0.999997068196745,0.999983379322086,"group_idyes"
"8277","SLC20A2","Exc L4-5 RORB GABRG1",-0.0153468327073901,7.19254868927642,0.183844870861046,0.668329601918373,0.999997068196745,0.999983379322086,"group_idyes"
"8278","SMIM19","Exc L4-5 RORB GABRG1",-0.0479734252325397,4.53340478793763,0.605715489097286,0.436883952749229,0.999997068196745,0.999983379322086,"group_idyes"
"8279","CHRNB3","Exc L4-5 RORB GABRG1",0.180310235812553,0.555554803247326,1.61698607749441,0.204280715584148,0.999997068196745,0.999983379322086,"group_idyes"
"8280","CHRNA6","Exc L4-5 RORB GABRG1",-0.0180456656208747,1.27670603118379,0.0244499035364579,0.875827616765435,0.999997068196745,0.999983379322086,"group_idyes"
"8281","THAP1","Exc L4-5 RORB GABRG1",0.113282117988044,2.99368307346807,2.37460398119356,0.124144934697996,0.999997068196745,0.999983379322086,"group_idyes"
"8282","RNF170","Exc L4-5 RORB GABRG1",-0.0147891733042845,5.75056851431229,0.235641225459368,0.627648443430412,0.999997068196745,0.999983379322086,"group_idyes"
"8283","HOOK3","Exc L4-5 RORB GABRG1",-0.00154087228625311,6.57905188056519,0.00290318644119596,0.957057762212084,0.999997068196745,0.999983379322086,"group_idyes"
"8284","FNTA","Exc L4-5 RORB GABRG1",0.0528421726217851,3.95192207005165,1.32474854361238,0.250456436587727,0.999997068196745,0.999983379322086,"group_idyes"
"8285","POMK","Exc L4-5 RORB GABRG1",-0.0303451184438765,3.73267823397986,0.331498078570923,0.690829334197784,0.999997068196745,0.999983379322086,"group_idyes"
"8286","HGSNAT","Exc L4-5 RORB GABRG1",-0.0459831052326398,6.30314057125522,0.412016984035132,0.521329790210353,0.999997068196745,0.999983379322086,"group_idyes"
"8287","AC120036.4","Exc L4-5 RORB GABRG1",0.0623028131635544,2.9792932806569,0.772085354117362,0.380121144805765,0.999997068196745,0.999983379322086,"group_idyes"
"8288","SPIDR","Exc L4-5 RORB GABRG1",-0.0178555415151038,9.05211823048586,0.238765720509645,0.625377408041873,0.999997068196745,0.999983379322086,"group_idyes"
"8289","CEBPD","Exc L4-5 RORB GABRG1",0.163104565748071,5.55799666154626,3.32930828493928,0.0688308707490285,0.999997068196745,0.999983379322086,"group_idyes"
"8290","PRKDC","Exc L4-5 RORB GABRG1",-0.0343290738165244,6.8188279368894,1.53855403543756,0.215589076964804,0.999997068196745,0.999983379322086,"group_idyes"
"8291","MCM4","Exc L4-5 RORB GABRG1",0.0386299349753212,3.5692815953164,0.390068834962903,0.532633417815982,0.999997068196745,0.999983379322086,"group_idyes"
"8292","UBE2V2","Exc L4-5 RORB GABRG1",0.00957795880751355,6.23898710101305,0.0493481840624696,0.824319262143643,0.999997068196745,0.999983379322086,"group_idyes"
"8293","AC022915.2","Exc L4-5 RORB GABRG1",0.12950834206725,0.729705157702551,0.811149407583513,0.368344062977775,0.999997068196745,0.999983379322086,"group_idyes"
"8294","SNTG1","Exc L4-5 RORB GABRG1",0.0543372789195982,11.0919519293505,1.33143536847775,0.249266314819269,0.999997068196745,0.999983379322086,"group_idyes"
"8295","PXDNL","Exc L4-5 RORB GABRG1",0.0107062778559237,4.92826037710615,0.0474824227573433,0.827618955054944,0.999997068196745,0.999983379322086,"group_idyes"
"8296","PCMTD1","Exc L4-5 RORB GABRG1",-0.00456150221437706,7.11463740561032,0.0366270204643921,0.848327382741625,0.999997068196745,0.999983379322086,"group_idyes"
"8297","AC064807.1","Exc L4-5 RORB GABRG1",-0.00783803035744864,3.23264893068261,0.0103599969241668,0.918981096250591,0.999997068196745,0.999983379322086,"group_idyes"
"8298","AC064807.2","Exc L4-5 RORB GABRG1",-0.123443502236814,1.05042749564406,0.948400644783177,0.33073863287824,0.999997068196745,0.999983379322086,"group_idyes"
"8299","ST18","Exc L4-5 RORB GABRG1",-0.239859675093911,2.55597664287815,2.50839791518453,0.114062631150239,0.999997068196745,0.999983379322086,"group_idyes"
"8300","RB1CC1","Exc L4-5 RORB GABRG1",0.0132746769749107,7.17548166049134,0.236682349805304,0.626889644768643,0.999997068196745,0.999983379322086,"group_idyes"
"8301","OPRK1","Exc L4-5 RORB GABRG1",0.0831619479242119,0.655346183042888,0.317326088457597,0.573547171555553,0.999997068196745,0.999983379322086,"group_idyes"
"8302","ATP6V1H","Exc L4-5 RORB GABRG1",0.000693703867959367,7.07090316348656,0.000866854395646398,0.976527030905485,0.999997068196745,0.999983379322086,"group_idyes"
"8303","RGS20","Exc L4-5 RORB GABRG1",-0.0243393831267713,1.03044734014718,0.0365397108705712,0.919690078714223,0.999997068196745,0.999983379322086,"group_idyes"
"8304","TCEA1","Exc L4-5 RORB GABRG1",0.0212345953282667,4.65660320134676,0.437998499603243,0.847168446598416,0.999997068196745,0.999983379322086,"group_idyes"
"8305","LYPLA1","Exc L4-5 RORB GABRG1",-0.0569974325544956,4.96943586571108,2.79682740250359,0.0952640094354412,0.999997068196745,0.999983379322086,"group_idyes"
"8306","MRPL15","Exc L4-5 RORB GABRG1",-0.0276371814744758,3.81927328602883,0.172444053230553,0.678180262648548,0.999997068196745,0.999983379322086,"group_idyes"
"8307","RP1","Exc L4-5 RORB GABRG1",0.108683083858781,0.92825696916709,0.667530486538501,0.414419557996522,0.999997068196745,0.999983379322086,"group_idyes"
"8308","XKR4","Exc L4-5 RORB GABRG1",-0.0260535783672766,7.59894178429445,0.283050272274342,0.59501597829003,0.999997068196745,0.999983379322086,"group_idyes"
"8309","AC022679.2","Exc L4-5 RORB GABRG1",0.0011036383528082,0.327450081690489,7.11538311629745e-06,0.997873053913573,0.999997068196745,0.999983379322086,"group_idyes"
"8310","TMEM68","Exc L4-5 RORB GABRG1",-0.0153497922964359,4.50474134209213,0.194675647589106,0.659301128393607,0.999997068196745,0.999983379322086,"group_idyes"
"8311","TGS1","Exc L4-5 RORB GABRG1",-0.0158883032774701,5.23737779733626,0.203208098181488,0.652397675141316,0.999997068196745,0.999983379322086,"group_idyes"
"8312","LYN","Exc L4-5 RORB GABRG1",-0.0758881518824574,1.18876006746588,0.48541236795328,0.695688058445923,0.999997068196745,0.999983379322086,"group_idyes"
"8313","RPS20","Exc L4-5 RORB GABRG1",-0.0377600743723279,5.04006998064335,0.247984323301875,0.618782493689854,0.999997068196745,0.999983379322086,"group_idyes"
"8314","PLAG1","Exc L4-5 RORB GABRG1",-0.0152622093717326,3.72001738315371,0.0827011690193565,0.822003579043921,0.999997068196745,0.999983379322086,"group_idyes"
"8315","CHCHD7","Exc L4-5 RORB GABRG1",-0.0281220090981513,3.02450276516982,0.130427215856627,0.718187729314463,0.999997068196745,0.999983379322086,"group_idyes"
"8316","AC107952.2","Exc L4-5 RORB GABRG1",0.0269037097602184,2.27820171614659,0.0964672667143165,0.756279155379034,0.999997068196745,0.999983379322086,"group_idyes"
"8317","SDR16C5","Exc L4-5 RORB GABRG1",0.0358821237867543,3.3946160845213,0.420381602437777,0.517133474213644,0.999997068196745,0.999983379322086,"group_idyes"
"8318","AC012349.1","Exc L4-5 RORB GABRG1",0.166261307243327,0.697955210260291,1.17403353117617,0.279252581197865,0.999997068196745,0.999983379322086,"group_idyes"
"8319","LINC00968","Exc L4-5 RORB GABRG1",-0.188269965296585,0.846999984108735,1.23103155346611,0.267899549032457,0.999997068196745,0.999983379322086,"group_idyes"
"8320","IMPAD1","Exc L4-5 RORB GABRG1",0.0363255124857427,5.25503478858054,0.875193556739354,0.350108338609705,0.999997068196745,0.999983379322086,"group_idyes"
"8321","FAM110B","Exc L4-5 RORB GABRG1",-0.054394565059284,4.88715351138756,1.71291568070543,0.191388743484857,0.999997068196745,0.999983379322086,"group_idyes"
"8322","AC027698.1","Exc L4-5 RORB GABRG1",0.122885465202223,0.603698236128137,0.491463235212279,0.483699102360536,0.999997068196745,0.999983379322086,"group_idyes"
"8323","UBXN2B","Exc L4-5 RORB GABRG1",-0.03671713087325,5.89265833850388,1.29699048487621,0.255472299278821,0.999997068196745,0.999983379322086,"group_idyes"
"8324","SDCBP","Exc L4-5 RORB GABRG1",0.0859438430987871,4.51832440580327,1.91404661160728,0.167316661439281,0.999997068196745,0.999983379322086,"group_idyes"
"8325","NSMAF","Exc L4-5 RORB GABRG1",-0.0398544398096724,6.80759560085821,1.88252883823939,0.170846478510341,0.999997068196745,0.999983379322086,"group_idyes"
"8326","TOX","Exc L4-5 RORB GABRG1",-0.00409896727110479,9.95208493534669,0.00913623188338267,0.923901026529172,0.999997068196745,0.999983379322086,"group_idyes"
"8327","AC090152.1","Exc L4-5 RORB GABRG1",0.133824513043985,3.10337158379161,3.10583423839682,0.0788062800540584,0.999997068196745,0.999983379322086,"group_idyes"
"8328","CA8","Exc L4-5 RORB GABRG1",0.158891014839365,4.55617245330977,2.58516057409051,0.108689770529192,0.999997068196745,0.999983379322086,"group_idyes"
"8329","LINC01301","Exc L4-5 RORB GABRG1",0.0310917705781272,4.2862087976316,0.280420955667448,0.596730869695218,0.999997068196745,0.999983379322086,"group_idyes"
"8330","RAB2A","Exc L4-5 RORB GABRG1",-0.0057988940776467,7.24562361873191,0.0621085231044629,0.803326840611268,0.999997068196745,0.999983379322086,"group_idyes"
"8331","AC068389.4","Exc L4-5 RORB GABRG1",-0.271829276776633,0.137411207201147,1.64265200942539,0.200733855438367,0.999997068196745,0.999983379322086,"group_idyes"
"8332","CHD7","Exc L4-5 RORB GABRG1",-0.268870877789565,2.06979381549914,4.60542641011077,0.0324959543023574,0.999997068196745,0.999983379322086,"group_idyes"
"8333","CLVS1","Exc L4-5 RORB GABRG1",0.0169678989541513,6.78980228863867,0.156696643996277,0.692435653529354,0.999997068196745,0.999983379322086,"group_idyes"
"8334","AC023866.2","Exc L4-5 RORB GABRG1",0.20238010914369,1.26689600739229,3.37044595804477,0.0961864247121233,0.999997068196745,0.999983379322086,"group_idyes"
"8335","ASPH","Exc L4-5 RORB GABRG1",0.0380427073612658,7.71767512396151,1.2196182260608,0.270125797525729,0.999997068196745,0.999983379322086,"group_idyes"
"8336","NKAIN3","Exc L4-5 RORB GABRG1",0.0228844823577735,5.92146844807227,0.0799260617598402,0.777549674500893,0.999997068196745,0.999983379322086,"group_idyes"
"8337","GGH","Exc L4-5 RORB GABRG1",-0.0474737477364066,4.08535961137384,0.782970750070076,0.376786784432613,0.999997068196745,0.999983379322086,"group_idyes"
"8338","TTPA","Exc L4-5 RORB GABRG1",-0.0708876608516723,1.7926574630527,0.58980384822672,0.639291729401122,0.999997068196745,0.999983379322086,"group_idyes"
"8339","YTHDF3","Exc L4-5 RORB GABRG1",0.0309541883970784,5.6302574862394,1.30120359421142,0.332827582706957,0.999997068196745,0.999983379322086,"group_idyes"
"8340","AC011978.2","Exc L4-5 RORB GABRG1",0.0746861905600436,1.9362515915703,0.785468770458857,0.790547390102133,0.999997068196745,0.999983379322086,"group_idyes"
"8341","AC011124.1","Exc L4-5 RORB GABRG1",0.154967134579544,0.74030055607577,1.16810437685935,0.280468100991511,0.999997068196745,0.999983379322086,"group_idyes"
"8342","AC011124.2","Exc L4-5 RORB GABRG1",0.0581819908182661,0.845198835892322,0.231197146265283,0.63091089806353,0.999997068196745,0.999983379322086,"group_idyes"
"8343","AC022639.1","Exc L4-5 RORB GABRG1",0.0366139238465401,8.55033369780049,0.592052499829135,0.442098664630174,0.999997068196745,0.999983379322086,"group_idyes"
"8344","AC069133.1","Exc L4-5 RORB GABRG1",0.11546750407059,4.27502712310202,2.73987884960655,0.0986876331418431,0.999997068196745,0.999983379322086,"group_idyes"
"8345","LINC01289","Exc L4-5 RORB GABRG1",0.153492397879189,1.48336699210921,2.15452017425263,0.142967883965124,0.999997068196745,0.999983379322086,"group_idyes"
"8346","MIR124-2HG","Exc L4-5 RORB GABRG1",-0.00571950878788914,7.71091229655683,0.0341505319775055,0.853484360964097,0.999997068196745,0.999983379322086,"group_idyes"
"8347","BHLHE22","Exc L4-5 RORB GABRG1",0.0955583920687638,0.0291408117191552,0.161136443218359,0.688335240532677,0.999997068196745,0.999983379322086,"group_idyes"
"8348","CYP7B1","Exc L4-5 RORB GABRG1",0.0204528233388624,5.32727189603658,0.127915709491692,0.72079909108198,0.999997068196745,0.999983379322086,"group_idyes"
"8349","LINC01299","Exc L4-5 RORB GABRG1",0.0837220676077835,-0.000483239917937146,0.168413562466176,0.681754033415535,0.999997068196745,0.999983379322086,"group_idyes"
"8350","AC100814.1","Exc L4-5 RORB GABRG1",0.0128080976396112,2.16656466501464,0.0214471424492034,0.883644103608366,0.999997068196745,0.999983379322086,"group_idyes"
"8351","ARMC1","Exc L4-5 RORB GABRG1",0.0399443929184495,5.37230421970611,1.3875524414262,0.239546977888301,0.999997068196745,0.999983379322086,"group_idyes"
"8352","MTFR1","Exc L4-5 RORB GABRG1",0.0668022079657243,4.07738877337411,1.63208347035545,0.202185478160466,0.999997068196745,0.999983379322086,"group_idyes"
"8353","PDE7A","Exc L4-5 RORB GABRG1",-0.050113300061604,6.51332705132838,1.9483900784666,0.163565424980647,0.999997068196745,0.999983379322086,"group_idyes"
"8354","CRH","Exc L4-5 RORB GABRG1",-0.51009455809787,2.04242465929438,3.77359947068256,0.0527967776019342,0.999997068196745,0.999983379322086,"group_idyes"
"8355","ADHFE1","Exc L4-5 RORB GABRG1",-0.0310942691490001,3.72766066973699,0.146021388348579,0.702577820227211,0.999997068196745,0.999983379322086,"group_idyes"
"8356","VXN","Exc L4-5 RORB GABRG1",0.0105089928515825,5.7534332781292,0.0490865238265199,0.824778029328887,0.999997068196745,0.999983379322086,"group_idyes"
"8357","MYBL1","Exc L4-5 RORB GABRG1",-0.0235665990429299,2.75157833384948,0.106945456802153,0.743826704776761,0.999997068196745,0.999983379322086,"group_idyes"
"8358","VCPIP1","Exc L4-5 RORB GABRG1",0.0175669979724716,5.08278080729666,0.180448009682906,0.939508485223298,0.999997068196745,0.999983379322086,"group_idyes"
"8359","SGK3","Exc L4-5 RORB GABRG1",-0.0113661152862825,6.01653616998628,0.0893569198969634,0.765157696492994,0.999997068196745,0.999983379322086,"group_idyes"
"8360","MCMDC2","Exc L4-5 RORB GABRG1",-0.0491745457087349,3.18411797823318,0.14624350030922,0.702362533221334,0.999997068196745,0.999983379322086,"group_idyes"
"8361","TCF24","Exc L4-5 RORB GABRG1",-0.150010537202727,2.49785036599125,2.1378723695882,0.144517413455402,0.999997068196745,0.999983379322086,"group_idyes"
"8362","PPP1R42","Exc L4-5 RORB GABRG1",0.0187928729165695,3.89422650736101,0.109823398274464,0.74052572060703,0.999997068196745,0.999983379322086,"group_idyes"
"8363","COPS5","Exc L4-5 RORB GABRG1",-0.00812810478750454,2.41268814119935,0.0132888388267255,0.908285530491093,0.999997068196745,0.999983379322086,"group_idyes"
"8364","CSPP1","Exc L4-5 RORB GABRG1",0.00453494051707916,6.98235773034778,0.025780220016769,0.872522500237044,0.999997068196745,0.999983379322086,"group_idyes"
"8365","ARFGEF1","Exc L4-5 RORB GABRG1",0.00550842902618748,7.01219463614178,0.0491040502371809,0.824747260355446,0.999997068196745,0.999983379322086,"group_idyes"
"8366","CPA6","Exc L4-5 RORB GABRG1",-0.0268707645087706,1.1913606044698,0.0481866725809302,0.826365602312233,0.999997068196745,0.999983379322086,"group_idyes"
"8367","PREX2","Exc L4-5 RORB GABRG1",-0.144847437847964,1.16864471197197,1.1674215506699,0.280608514903586,0.999997068196745,0.999983379322086,"group_idyes"
"8368","C8orf34","Exc L4-5 RORB GABRG1",-0.0957827045710808,4.5741709837306,2.2949368799021,0.130617600230788,0.999997068196745,0.999983379322086,"group_idyes"
"8369","LINC01592","Exc L4-5 RORB GABRG1",-0.0914356163219746,0.345603459192815,0.37729935950599,0.581440279344916,0.999997068196745,0.999983379322086,"group_idyes"
"8370","SULF1","Exc L4-5 RORB GABRG1",0.0473371819093731,0.661437781698836,0.101420971099929,0.75030384015854,0.999997068196745,0.999983379322086,"group_idyes"
"8371","SLCO5A1","Exc L4-5 RORB GABRG1",-0.0437054863624702,3.30647203264329,0.359014068559048,0.549406964900359,0.999997068196745,0.999983379322086,"group_idyes"
"8372","AC079089.1","Exc L4-5 RORB GABRG1",-0.125108217191401,1.85136656021418,1.61487023690168,0.204576401209242,0.999997068196745,0.999983379322086,"group_idyes"
"8373","NCOA2","Exc L4-5 RORB GABRG1",-0.0420859671567825,6.96927126450599,1.96575492850182,0.161705472684202,0.999997068196745,0.999983379322086,"group_idyes"
"8374","AC022730.4","Exc L4-5 RORB GABRG1",-0.0746454981063822,0.253767256978275,0.0903168681876637,0.763937039273345,0.999997068196745,0.999983379322086,"group_idyes"
"8375","TRAM1","Exc L4-5 RORB GABRG1",-0.00937055180141695,4.96755510162985,0.104187724204071,0.747036274307115,0.999997068196745,0.999983379322086,"group_idyes"
"8376","LACTB2-AS1","Exc L4-5 RORB GABRG1",0.00480719298591204,1.15658797195708,0.00159001788470736,0.968213443528646,0.999997068196745,0.999983379322086,"group_idyes"
"8377","LACTB2","Exc L4-5 RORB GABRG1",0.0252875633681986,3.06285363092791,0.142945723677456,0.862655492173027,0.999997068196745,0.999983379322086,"group_idyes"
"8378","XKR9","Exc L4-5 RORB GABRG1",-0.0928202069995378,5.09158646931716,1.25001841634335,0.264246601001729,0.999997068196745,0.999983379322086,"group_idyes"
"8379","AC022858.1","Exc L4-5 RORB GABRG1",-0.104444968059757,3.03059114866163,0.976562148531196,0.323670113342461,0.999997068196745,0.999983379322086,"group_idyes"
"8380","EYA1","Exc L4-5 RORB GABRG1",-0.0730366513479394,1.67663148941397,0.390107444594394,0.532613147597407,0.999997068196745,0.999983379322086,"group_idyes"
"8381","MSC-AS1","Exc L4-5 RORB GABRG1",-0.0233172968321998,7.6372742845375,0.107914415447475,0.742709877161299,0.999997068196745,0.999983379322086,"group_idyes"
"8382","MSC","Exc L4-5 RORB GABRG1",-0.211519658018949,2.05047352420548,2.50174561925484,0.114541894654588,0.999997068196745,0.999983379322086,"group_idyes"
"8383","TRPA1","Exc L4-5 RORB GABRG1",0.0297765177983198,0.88130734830863,0.0351928672772128,0.851290989439576,0.999997068196745,0.999983379322086,"group_idyes"
"8384","KCNB2","Exc L4-5 RORB GABRG1",-0.0297680035634428,8.67555453714187,0.268074863102427,0.604923687027214,0.999997068196745,0.999983379322086,"group_idyes"
"8385","AC022893.2","Exc L4-5 RORB GABRG1",-0.00163332694070891,2.83870335707901,0.000474173848105726,0.982638300204845,0.999997068196745,0.999983379322086,"group_idyes"
"8386","TERF1","Exc L4-5 RORB GABRG1",-0.00991972408727534,6.3158737212292,0.147458321129291,0.701188344961539,0.999997068196745,0.999983379322086,"group_idyes"
"8387","AC022893.1","Exc L4-5 RORB GABRG1",-0.0255874867391651,4.85207565178665,0.237040552552651,0.626629054626783,0.999997068196745,0.999983379322086,"group_idyes"
"8388","SBSPON","Exc L4-5 RORB GABRG1",-0.0617182352594695,0.509490418944757,0.177736426485994,0.685672298595727,0.999997068196745,0.999983379322086,"group_idyes"
"8389","RPL7","Exc L4-5 RORB GABRG1",0.00344815015286572,5.24054599015714,0.000590583758664959,0.980624373861804,0.999997068196745,0.999983379322086,"group_idyes"
"8390","RDH10-AS1","Exc L4-5 RORB GABRG1",-0.117078880452982,0.741630894867472,0.538522336185149,0.463492726046106,0.999997068196745,0.999983379322086,"group_idyes"
"8391","STAU2","Exc L4-5 RORB GABRG1",-0.00709331020930111,7.58583183341951,0.0738469471343153,0.785961594588646,0.999997068196745,0.999983379322086,"group_idyes"
"8392","AC027018.1","Exc L4-5 RORB GABRG1",-0.0722416274598717,3.44700871254512,0.348723449405947,0.555183361192182,0.999997068196745,0.999983379322086,"group_idyes"
"8393","AC022826.2","Exc L4-5 RORB GABRG1",0.113738729646898,2.4555094392331,1.09368107724828,0.296313638509417,0.999997068196745,0.999983379322086,"group_idyes"
"8394","ELOC","Exc L4-5 RORB GABRG1",0.0222933025371388,5.25769518365281,0.11400392039579,0.735815124089644,0.999997068196745,0.999983379322086,"group_idyes"
"8395","TMEM70","Exc L4-5 RORB GABRG1",-0.00148631710206201,4.04906679825803,0.000344684756304295,0.985197199753054,0.999997068196745,0.999983379322086,"group_idyes"
"8396","LY96","Exc L4-5 RORB GABRG1",-0.0538918362273672,0.75839931358881,0.131358027703362,0.717227132983068,0.999997068196745,0.999983379322086,"group_idyes"
"8397","JPH1","Exc L4-5 RORB GABRG1",-0.0033546298048808,5.69177804212957,0.00461196112053289,0.945891426557514,0.999997068196745,0.999983379322086,"group_idyes"
"8398","GDAP1","Exc L4-5 RORB GABRG1",0.0229394218138391,8.13623188649601,0.252271603430904,0.61576743858699,0.999997068196745,0.999983379322086,"group_idyes"
"8399","AC103952.1","Exc L4-5 RORB GABRG1",0.0885974688389797,0.880449881065099,0.580554586693286,0.446561856251387,0.999997068196745,0.999983379322086,"group_idyes"
"8400","MIR2052HG","Exc L4-5 RORB GABRG1",0.0278515258686046,6.38843084788399,0.0782542139071783,0.779827669497516,0.999997068196745,0.999983379322086,"group_idyes"
"8401","AC011632.1","Exc L4-5 RORB GABRG1",-0.151665088322822,0.389390494243202,0.659493176118616,0.417241106969103,0.999997068196745,0.999983379322086,"group_idyes"
"8402","PI15","Exc L4-5 RORB GABRG1",-0.0166340495679191,1.90828821750803,0.0170206308352418,0.896268202426795,0.999997068196745,0.999983379322086,"group_idyes"
"8403","CRISPLD1","Exc L4-5 RORB GABRG1",0.0495429915240543,3.52127064128458,0.44514179350837,0.505051074453565,0.999997068196745,0.999983379322086,"group_idyes"
"8404","HNF4G","Exc L4-5 RORB GABRG1",0.162203618895613,0.411814699952789,0.961287888439053,0.327478740679567,0.999997068196745,0.999983379322086,"group_idyes"
"8405","LINC01111","Exc L4-5 RORB GABRG1",0.0982650163851154,0.124667190170263,0.293607140077099,0.588231878960083,0.999997068196745,0.999983379322086,"group_idyes"
"8406","ZFHX4-AS1","Exc L4-5 RORB GABRG1",0.0842623305444622,0.167576415886789,0.231952864819178,0.630353403213886,0.999997068196745,0.999983379322086,"group_idyes"
"8407","ZFHX4","Exc L4-5 RORB GABRG1",-0.0828425076626325,0.709726698686318,0.268959252072613,0.604328920512031,0.999997068196745,0.999983379322086,"group_idyes"
"8408","PEX2","Exc L4-5 RORB GABRG1",0.00815240744407044,3.4488785238026,0.0254727903350831,0.873278378655407,0.999997068196745,0.999983379322086,"group_idyes"
"8409","AC062004.1","Exc L4-5 RORB GABRG1",0.228633672455281,0.5052533364936,1.2398870166234,0.266188022615377,0.999997068196745,0.999983379322086,"group_idyes"
"8410","PKIA-AS1","Exc L4-5 RORB GABRG1",-0.103132268234948,1.99797983040591,1.19134079642017,0.275742330809406,0.999997068196745,0.999983379322086,"group_idyes"
"8411","PKIA","Exc L4-5 RORB GABRG1",-0.0266140783366356,6.27838940183762,0.434726141423769,0.510073423333723,0.999997068196745,0.999983379322086,"group_idyes"
"8412","ZC2HC1A","Exc L4-5 RORB GABRG1",0.00160970617602425,5.80424712475966,0.00245830646043311,0.960481769163297,0.999997068196745,0.999983379322086,"group_idyes"
"8413","IL7","Exc L4-5 RORB GABRG1",0.0188525344233336,2.69920351218523,0.0248795924702861,0.874750213612046,0.999997068196745,0.999983379322086,"group_idyes"
"8414","STMN2","Exc L4-5 RORB GABRG1",-0.0280453495463792,7.23870264919642,0.169673107188925,0.680631889268268,0.999997068196745,0.999983379322086,"group_idyes"
"8415","HEY1","Exc L4-5 RORB GABRG1",-0.0169291367693739,3.2813680480099,0.0410697069972073,0.839510556909809,0.999997068196745,0.999983379322086,"group_idyes"
"8416","LINC01607","Exc L4-5 RORB GABRG1",0.0825083729908384,1.71687412729693,0.622335919573428,0.430666419202411,0.999997068196745,0.999983379322086,"group_idyes"
"8417","AC036214.1","Exc L4-5 RORB GABRG1",-0.0307252944955898,1.53506647633555,0.0914935344173217,0.762450417754708,0.999997068196745,0.999983379322086,"group_idyes"
"8418","MRPS28","Exc L4-5 RORB GABRG1",-0.0624866734584991,1.49353830431084,0.178732902389014,0.672700626452041,0.999997068196745,0.999983379322086,"group_idyes"
"8419","TPD52","Exc L4-5 RORB GABRG1",0.0157558396191284,6.00672422971211,0.17781139134603,0.673496390160809,0.999997068196745,0.999983379322086,"group_idyes"
"8420","AC034114.2","Exc L4-5 RORB GABRG1",-0.0435245378812406,2.11925618662879,0.260461856643966,0.610095709894803,0.999997068196745,0.999983379322086,"group_idyes"
"8421","AC009812.1","Exc L4-5 RORB GABRG1",-0.0333158375680328,2.32351955937403,0.160242629711308,0.689155412193798,0.999997068196745,0.999983379322086,"group_idyes"
"8422","ZBTB10","Exc L4-5 RORB GABRG1",-0.0755151845553312,3.79579904747534,2.93464444126053,0.0875033726998766,0.999997068196745,0.999983379322086,"group_idyes"
"8423","AC009812.4","Exc L4-5 RORB GABRG1",-0.199281553218207,0.719950690729231,1.89900156426614,0.168991048085215,0.999997068196745,0.999983379322086,"group_idyes"
"8424","ZNF704","Exc L4-5 RORB GABRG1",-0.0147132406800893,7.602950206448,0.151354737249217,0.697459301939505,0.999997068196745,0.999983379322086,"group_idyes"
"8425","PAG1","Exc L4-5 RORB GABRG1",0.0175825796897882,6.84654268913088,0.234908784704783,0.628183507960887,0.999997068196745,0.999983379322086,"group_idyes"
"8426","FABP5","Exc L4-5 RORB GABRG1",0.0100669913983245,3.52197750710957,0.0122373414500027,0.911973373903815,0.999997068196745,0.999983379322086,"group_idyes"
"8427","PMP2","Exc L4-5 RORB GABRG1",-0.279123882000093,0.651433714985517,3.0263123079999,0.0827237492306972,0.999997068196745,0.999983379322086,"group_idyes"
"8428","IMPA1","Exc L4-5 RORB GABRG1",0.0698922745620579,4.42761937489934,2.04241569162298,0.153777985740946,0.999997068196745,0.999983379322086,"group_idyes"
"8429","SLC10A5","Exc L4-5 RORB GABRG1",0.0228889383312744,1.52275633773712,0.0510457742488729,0.821373414881713,0.999997068196745,0.999983379322086,"group_idyes"
"8430","ZFAND1","Exc L4-5 RORB GABRG1",-0.0399429672041621,5.30353160412542,1.05538838889304,0.304914799590479,0.999997068196745,0.999983379322086,"group_idyes"
"8431","AC132219.1","Exc L4-5 RORB GABRG1",-0.0151565822328606,0.624377747830259,0.0108435117599748,0.917118712662904,0.999997068196745,0.999983379322086,"group_idyes"
"8432","SNX16","Exc L4-5 RORB GABRG1",0.0679570657357771,4.59697158215185,2.59083181605787,0.108304048707149,0.999997068196745,0.999983379322086,"group_idyes"
"8433","AC027701.1","Exc L4-5 RORB GABRG1",0.0528108522376685,1.64025977701659,0.119534590994859,0.72972878433458,0.999997068196745,0.999983379322086,"group_idyes"
"8434","AC060765.1","Exc L4-5 RORB GABRG1",0.037250825847991,2.13531072092274,0.0842858822250383,0.771727623121577,0.999997068196745,0.999983379322086,"group_idyes"
"8435","AC105031.2","Exc L4-5 RORB GABRG1",0.0262742286128164,0.930443949899268,0.030081486311414,0.862396682411272,0.999997068196745,0.999983379322086,"group_idyes"
"8436","AC105031.3","Exc L4-5 RORB GABRG1",0.0149802374116104,2.97160766521415,0.0168929101903073,0.896655929889292,0.999997068196745,0.999983379322086,"group_idyes"
"8437","AC015522.1","Exc L4-5 RORB GABRG1",0.0975335233175182,1.52680645595297,0.471137016237697,0.492878013857373,0.999997068196745,0.999983379322086,"group_idyes"
"8438","RALYL","Exc L4-5 RORB GABRG1",0.0203952014566967,11.5117942791995,0.233142884332351,0.629477788437137,0.999997068196745,0.999983379322086,"group_idyes"
"8439","LRRCC1","Exc L4-5 RORB GABRG1",-0.024452425531493,2.82020758429211,0.130482066400416,0.718131016350035,0.999997068196745,0.999983379322086,"group_idyes"
"8440","E2F5","Exc L4-5 RORB GABRG1",-0.124948681857439,2.73025102356129,2.97014932225061,0.0856174557176439,0.999997068196745,0.999983379322086,"group_idyes"
"8441","C8orf59","Exc L4-5 RORB GABRG1",-0.00327076755624382,4.27847005617314,0.00200459172991765,0.964311740671495,0.999997068196745,0.999983379322086,"group_idyes"
"8442","CA13","Exc L4-5 RORB GABRG1",0.0391121717080762,3.60961367448828,0.430280123935874,0.51224361577959,0.999997068196745,0.999983379322086,"group_idyes"
"8443","CA1","Exc L4-5 RORB GABRG1",0.147013989340421,2.03359939995437,0.93663133958715,0.333753669654658,0.999997068196745,0.999983379322086,"group_idyes"
"8444","CA3","Exc L4-5 RORB GABRG1",0.0845640278228623,4.46599174257813,1.63215485428905,0.202175631870684,0.999997068196745,0.999983379322086,"group_idyes"
"8445","CA2","Exc L4-5 RORB GABRG1",-0.202694041550084,1.23377937233136,1.59870891672537,0.206851712681099,0.999997068196745,0.999983379322086,"group_idyes"
"8446","ATP6V0D2","Exc L4-5 RORB GABRG1",0.14796311289587,0.516412246922547,0.696424970999347,0.404505444060248,0.999997068196745,0.999983379322086,"group_idyes"
"8447","SLC7A13","Exc L4-5 RORB GABRG1",-0.185641051661401,0.216092785559669,1.27313631026327,0.259882254353147,0.999997068196745,0.999983379322086,"group_idyes"
"8448","WWP1","Exc L4-5 RORB GABRG1",-0.0365362493650194,5.81713248255169,1.55856252068781,0.212634997265751,0.999997068196745,0.999983379322086,"group_idyes"
"8449","RMDN1","Exc L4-5 RORB GABRG1",0.0232995043405962,4.40608898819822,0.29641732170904,0.586452613456991,0.999997068196745,0.999983379322086,"group_idyes"
"8450","CPNE3","Exc L4-5 RORB GABRG1",-0.021441524850205,5.25419177301838,0.500987323705958,0.707481550000318,0.999997068196745,0.999983379322086,"group_idyes"
"8451","CNGB3","Exc L4-5 RORB GABRG1",0.115816053819371,3.07131726986932,2.20728411965911,0.138179246571204,0.999997068196745,0.999983379322086,"group_idyes"
"8452","AC090572.3","Exc L4-5 RORB GABRG1",-0.0935325812634909,0.389261127389068,0.220328154310699,0.639055897896458,0.999997068196745,0.999983379322086,"group_idyes"
"8453","AC090572.2","Exc L4-5 RORB GABRG1",-0.18316901189897,0.29833177519414,0.896836171329264,0.344225890504406,0.999997068196745,0.999983379322086,"group_idyes"
"8454","CNBD1","Exc L4-5 RORB GABRG1",-0.0907998945314386,1.94983489143783,1.02009939815268,0.313130213151926,0.999997068196745,0.999983379322086,"group_idyes"
"8455","AF121898.1","Exc L4-5 RORB GABRG1",0.136254466365928,2.12445737543408,1.60053817382816,0.206592677315291,0.999997068196745,0.999983379322086,"group_idyes"
"8456","MMP16","Exc L4-5 RORB GABRG1",0.0132466887115178,8.8381346323659,0.112329272928153,0.737690383149598,0.999997068196745,0.999983379322086,"group_idyes"
"8457","AC090568.2","Exc L4-5 RORB GABRG1",0.0681701952546234,8.02189580117153,1.40643785602454,0.236380532047304,0.999997068196745,0.999983379322086,"group_idyes"
"8458","AF117829.1","Exc L4-5 RORB GABRG1",-0.0451794307274985,6.10850954185973,0.739184118416756,0.390457765917301,0.999997068196745,0.999983379322086,"group_idyes"
"8459","RIPK2","Exc L4-5 RORB GABRG1",0.0753549918527609,2.90481530940499,1.53546088135447,0.526693471670644,0.999997068196745,0.999983379322086,"group_idyes"
"8460","OSGIN2","Exc L4-5 RORB GABRG1",0.0352722404440136,4.13861045067874,0.758628587889791,0.535223814184392,0.999997068196745,0.999983379322086,"group_idyes"
"8461","NBN","Exc L4-5 RORB GABRG1",0.0244039222537711,5.17813124298818,0.590865247589237,0.442556321566295,0.999997068196745,0.999983379322086,"group_idyes"
"8462","DECR1","Exc L4-5 RORB GABRG1",-0.0216257263335936,4.92248245247656,0.17377438210881,0.677011440955032,0.999997068196745,0.999983379322086,"group_idyes"
"8463","CALB1","Exc L4-5 RORB GABRG1",0.000215302603440521,0.371116781018873,7.46334802426596e-05,0.993111585310503,0.999997068196745,0.999983379322086,"group_idyes"
"8464","LINC00534","Exc L4-5 RORB GABRG1",-0.00878870999108014,3.90276607289112,0.0105945957830254,0.9180721148579,0.999997068196745,0.999983379322086,"group_idyes"
"8465","AB015752.1","Exc L4-5 RORB GABRG1",0.0146696896277703,2.7929328334339,0.0395454564260593,0.842476998666095,0.999997068196745,0.999983379322086,"group_idyes"
"8466","TMEM64","Exc L4-5 RORB GABRG1",0.0273447407157952,5.65668469601371,0.359335235030732,0.549228503127713,0.999997068196745,0.999983379322086,"group_idyes"
"8467","NECAB1","Exc L4-5 RORB GABRG1",0.0428305737145992,8.7214547807813,0.803391015298801,0.370641927009981,0.999997068196745,0.999983379322086,"group_idyes"
"8468","AC103770.1","Exc L4-5 RORB GABRG1",-0.0239997019909942,1.69197783418942,0.0310287174994751,0.860269016891944,0.999997068196745,0.999983379322086,"group_idyes"
"8469","C8orf88","Exc L4-5 RORB GABRG1",0.0926391305786786,2.1066174722138,0.507186990950373,0.476790771961521,0.999997068196745,0.999983379322086,"group_idyes"
"8470","PIP4P2","Exc L4-5 RORB GABRG1",0.0414540560868987,5.50454144357357,0.8031971424143,0.370699604119308,0.999997068196745,0.999983379322086,"group_idyes"
"8471","OTUD6B-AS1","Exc L4-5 RORB GABRG1",-0.0211826767869875,5.30405967381091,0.112581573703651,0.737406867500503,0.999997068196745,0.999983379322086,"group_idyes"
"8472","OTUD6B","Exc L4-5 RORB GABRG1",-0.0288339965172401,3.99347250213888,0.457253447236784,0.499316675920018,0.999997068196745,0.999983379322086,"group_idyes"
"8473","LRRC69","Exc L4-5 RORB GABRG1",0.0327049852177497,3.03009801283233,0.124869519521418,0.724005507755227,0.999997068196745,0.999983379322086,"group_idyes"
"8474","SLC26A7","Exc L4-5 RORB GABRG1",-0.380768957833224,0.947327055460722,4.35163099075539,0.0376317487291483,0.999997068196745,0.999983379322086,"group_idyes"
"8475","AC103409.1","Exc L4-5 RORB GABRG1",-0.185841096101123,1.04275671162164,2.56297119321663,0.110213579114465,0.999997068196745,0.999983379322086,"group_idyes"
"8476","RUNX1T1","Exc L4-5 RORB GABRG1",0.00152597846695782,7.67614101316526,0.00198538419768557,0.964483016555332,0.999997068196745,0.999983379322086,"group_idyes"
"8477","AC117834.1","Exc L4-5 RORB GABRG1",0.0785303875360048,2.26126309281759,0.455530918654358,0.500125441112369,0.999997068196745,0.999983379322086,"group_idyes"
"8478","TRIQK","Exc L4-5 RORB GABRG1",0.0641729641578444,5.40717411163047,3.95695701470824,0.047385764651673,0.999997068196745,0.999983379322086,"group_idyes"
"8479","C8orf87","Exc L4-5 RORB GABRG1",-0.00919556858193798,0.315000801227687,0.00430797403595599,0.947702388915417,0.999997068196745,0.999983379322086,"group_idyes"
"8480","LINC00535","Exc L4-5 RORB GABRG1",0.0274870032664418,5.19195700507362,0.336174367875421,0.562385194436704,0.999997068196745,0.999983379322086,"group_idyes"
"8481","FAM92A","Exc L4-5 RORB GABRG1",-0.00233048110344573,5.35901822061269,0.00439041091968978,0.94720510646161,0.999997068196745,0.999983379322086,"group_idyes"
"8482","AC120053.1","Exc L4-5 RORB GABRG1",0.0838333072855992,1.62681628692279,0.723372549971277,0.745630678664864,0.999997068196745,0.999983379322086,"group_idyes"
"8483","RBM12B","Exc L4-5 RORB GABRG1",0.0436244292109528,5.0701502818015,0.99481378309842,0.319195579541658,0.999997068196745,0.999983379322086,"group_idyes"
"8484","TMEM67","Exc L4-5 RORB GABRG1",-0.0323148256511503,5.85945189567813,1.25125751194026,0.264010373734396,0.999997068196745,0.999983379322086,"group_idyes"
"8485","PDP1","Exc L4-5 RORB GABRG1",0.0195538415849399,7.11752913079901,0.167649317539319,0.682437301359195,0.999997068196745,0.999983379322086,"group_idyes"
"8486","RAD54B","Exc L4-5 RORB GABRG1",0.0125814956526908,3.41769930200389,0.0510711289565632,0.8213298097737,0.999997068196745,0.999983379322086,"group_idyes"
"8487","VIRMA","Exc L4-5 RORB GABRG1",-0.0052584795019028,5.54764272501922,0.0404163740912371,0.953052325802951,0.999997068196745,0.999983379322086,"group_idyes"
"8488","AC023632.2","Exc L4-5 RORB GABRG1",0.10643316653434,2.89978523427514,2.90346949531648,0.0891965688137921,0.999997068196745,0.999983379322086,"group_idyes"
"8489","ESRP1","Exc L4-5 RORB GABRG1",0.130426508230861,1.22803469714701,1.14473983395123,0.285323783655931,0.999997068196745,0.999983379322086,"group_idyes"
"8490","DPY19L4","Exc L4-5 RORB GABRG1",0.00789955235664162,4.41874311063665,0.037342141333585,0.846872089295087,0.999997068196745,0.999983379322086,"group_idyes"
"8491","INTS8","Exc L4-5 RORB GABRG1",-0.0392817157621201,5.87198261225422,1.77885015628401,0.183079620857497,0.999997068196745,0.999983379322086,"group_idyes"
"8492","CCNE2","Exc L4-5 RORB GABRG1",0.0502910086777278,1.91221435356195,0.298647245251521,0.585048505477823,0.999997068196745,0.999983379322086,"group_idyes"
"8493","NDUFAF6","Exc L4-5 RORB GABRG1",0.019812493722948,6.45109718970597,0.200816889446769,0.654314531117935,0.999997068196745,0.999983379322086,"group_idyes"
"8494","TP53INP1","Exc L4-5 RORB GABRG1",0.00167172536054935,0.623335948863474,0.000419213522493803,0.98367530509637,0.999997068196745,0.999983379322086,"group_idyes"
"8495","AC068189.1","Exc L4-5 RORB GABRG1",-0.0550610366142003,0.720020059022451,0.14668904824579,0.701931240360842,0.999997068196745,0.999983379322086,"group_idyes"
"8496","PLEKHF2","Exc L4-5 RORB GABRG1",0.0235098528980573,2.03460245837879,0.0787812323180429,0.962056285112681,0.999997068196745,0.999983379322086,"group_idyes"
"8497","C8orf37-AS1","Exc L4-5 RORB GABRG1",-0.126721311448324,4.25585645091249,2.38362713876533,0.123434681426475,0.999997068196745,0.999983379322086,"group_idyes"
"8498","C8orf37","Exc L4-5 RORB GABRG1",0.000456498618177524,3.25066712997529,6.04320256861399e-05,0.993801493742493,0.999997068196745,0.999983379322086,"group_idyes"
"8499","GDF6","Exc L4-5 RORB GABRG1",-0.0419442372874366,2.42640798606303,0.199067227328732,0.655725809697254,0.999997068196745,0.999983379322086,"group_idyes"
"8500","UQCRB","Exc L4-5 RORB GABRG1",-0.00203483184452608,5.76228713514535,0.000489002988271199,0.98236895215402,0.999997068196745,0.999983379322086,"group_idyes"
"8501","MTERF3","Exc L4-5 RORB GABRG1",0.0202067670646322,3.71014456050013,0.177408862053466,0.748562347259536,0.999997068196745,0.999983379322086,"group_idyes"
"8502","PTDSS1","Exc L4-5 RORB GABRG1",-0.0391749527405455,5.62682648363881,1.4018922630864,0.237137997974253,0.999997068196745,0.999983379322086,"group_idyes"
"8503","SDC2","Exc L4-5 RORB GABRG1",-0.047802354147535,2.75858149516816,0.333700220996441,0.563826262473443,0.999997068196745,0.999983379322086,"group_idyes"
"8504","CPQ","Exc L4-5 RORB GABRG1",0.00386634356384583,4.83481495978665,0.00540890034609718,0.941410477281532,0.999997068196745,0.999983379322086,"group_idyes"
"8505","TSPYL5","Exc L4-5 RORB GABRG1",0.058472985546658,3.93619867216983,0.93898586698151,0.333147559950337,0.999997068196745,0.999983379322086,"group_idyes"
"8506","MTDH","Exc L4-5 RORB GABRG1",0.00181307880725738,7.43452302480568,0.00755378609329866,0.930786263984693,0.999997068196745,0.999983379322086,"group_idyes"
"8507","LAPTM4B","Exc L4-5 RORB GABRG1",-0.0450042737195904,5.03630213940368,0.840635821811313,0.359789357033238,0.999997068196745,0.999983379322086,"group_idyes"
"8508","MATN2","Exc L4-5 RORB GABRG1",0.00271255623073597,3.92510252039802,0.00162734067613344,0.967842742042036,0.999997068196745,0.999983379322086,"group_idyes"
"8509","RPL30","Exc L4-5 RORB GABRG1",0.0688148436291243,5.41784713844718,0.91204622715798,0.340171744372361,0.999997068196745,0.999983379322086,"group_idyes"
"8510","ERICH5","Exc L4-5 RORB GABRG1",0.0243340967185851,2.36912001494555,0.108927323824969,0.859709371855093,0.999997068196745,0.999983379322086,"group_idyes"
"8511","RIDA","Exc L4-5 RORB GABRG1",0.0175293963510963,3.85760246416378,0.121510840462759,0.727592278717081,0.999997068196745,0.999983379322086,"group_idyes"
"8512","POP1","Exc L4-5 RORB GABRG1",0.028066531661989,4.49148187744896,0.407034784534994,0.523857922667567,0.999997068196745,0.999983379322086,"group_idyes"
"8513","NIPAL2","Exc L4-5 RORB GABRG1",-0.00453600451619561,7.29750247092374,0.00757114632232214,0.930706976391368,0.999997068196745,0.999983379322086,"group_idyes"
"8514","AP003438.1","Exc L4-5 RORB GABRG1",-0.000581231620754552,2.61507053005617,9.56059376711725e-05,0.992203613729819,0.999997068196745,0.999983379322086,"group_idyes"
"8515","STK3","Exc L4-5 RORB GABRG1",-0.0022553544418117,5.6315311808784,0.00187719153530798,0.965463689868923,0.999997068196745,0.999983379322086,"group_idyes"
"8516","KCNS2","Exc L4-5 RORB GABRG1",-0.0821495687577821,3.1431853993349,1.39183834598463,0.8409001543487,0.999997068196745,0.999983379322086,"group_idyes"
"8517","AP003355.2","Exc L4-5 RORB GABRG1",0.0634330028239126,2.40556125205102,0.715008458449251,0.398311699683777,0.999997068196745,0.999983379322086,"group_idyes"
"8518","AC104986.2","Exc L4-5 RORB GABRG1",-0.00597994981854254,4.5088713546194,0.0215664349359827,0.992191115647177,0.999997068196745,0.999983379322086,"group_idyes"
"8519","VPS13B","Exc L4-5 RORB GABRG1",-0.0149517253782718,7.75704256501188,0.211111789947285,0.646156897039456,0.999997068196745,0.999983379322086,"group_idyes"
"8520","COX6C","Exc L4-5 RORB GABRG1",-0.0592197458571351,5.57113786851404,0.558393229206043,0.455364810977203,0.999997068196745,0.999983379322086,"group_idyes"
"8521","RGS22","Exc L4-5 RORB GABRG1",0.127774729531287,1.38071183627803,1.14019843441234,0.286279954573666,0.999997068196745,0.999983379322086,"group_idyes"
"8522","POLR2K","Exc L4-5 RORB GABRG1",0.0207980729576109,4.24018727601411,0.0383018364739246,0.844941614869882,0.999997068196745,0.999983379322086,"group_idyes"
"8523","SPAG1","Exc L4-5 RORB GABRG1",0.0177068800126937,5.19091264597103,0.250780367414874,0.616812498365227,0.999997068196745,0.999983379322086,"group_idyes"
"8524","RNF19A","Exc L4-5 RORB GABRG1",0.023595104273774,6.20455206644704,0.46391047059517,0.496211799643949,0.999997068196745,0.999983379322086,"group_idyes"
"8525","ANKRD46","Exc L4-5 RORB GABRG1",0.0123850023274251,5.99910710570289,0.127080395220874,0.721674021277478,0.999997068196745,0.999983379322086,"group_idyes"
"8526","SNX31","Exc L4-5 RORB GABRG1",0.0720206102014927,4.85987256799102,0.265671860003638,0.60654605587598,0.999997068196745,0.999983379322086,"group_idyes"
"8527","PABPC1","Exc L4-5 RORB GABRG1",0.0077892110516149,6.21466173634685,0.0484286270530334,0.825937214180683,0.999997068196745,0.999983379322086,"group_idyes"
"8528","YWHAZ","Exc L4-5 RORB GABRG1",0.00948840011311091,7.56045276513297,0.0788761918262677,0.778977147032048,0.999997068196745,0.999983379322086,"group_idyes"
"8529","AP003469.4","Exc L4-5 RORB GABRG1",0.102815987621454,5.07877220236781,1.95024470630161,0.163365611037154,0.999997068196745,0.999983379322086,"group_idyes"
"8530","ZNF706","Exc L4-5 RORB GABRG1",0.0582190585545177,7.04484101945145,1.78723254358847,0.182053676684331,0.999997068196745,0.999983379322086,"group_idyes"
"8531","AP001330.1","Exc L4-5 RORB GABRG1",-0.00991136722173676,1.92529260736672,0.00961432951300859,0.921941519840506,0.999997068196745,0.999983379322086,"group_idyes"
"8532","GRHL2","Exc L4-5 RORB GABRG1",0.0231281960139747,0.353893090054417,0.0229272307768361,0.879725823944249,0.999997068196745,0.999983379322086,"group_idyes"
"8533","NCALD","Exc L4-5 RORB GABRG1",-0.0571283597632367,8.42925184832917,1.61916767861124,0.203976369146441,0.999997068196745,0.999983379322086,"group_idyes"
"8534","RRM2B","Exc L4-5 RORB GABRG1",0.00660251109067273,4.10593894784596,0.0175724725317508,0.894609719494563,0.999997068196745,0.999983379322086,"group_idyes"
"8535","UBR5-AS1","Exc L4-5 RORB GABRG1",-0.00864175365655328,3.10877668544729,0.0214268216038729,0.883698845634507,0.999997068196745,0.999983379322086,"group_idyes"
"8536","UBR5","Exc L4-5 RORB GABRG1",0.0348731665200273,7.91363445544626,0.709351014724978,0.400182589467938,0.999997068196745,0.999983379322086,"group_idyes"
"8537","KLF10","Exc L4-5 RORB GABRG1",0.0161266711251235,2.838433506639,0.0252678002970834,0.873784990718655,0.999997068196745,0.999983379322086,"group_idyes"
"8538","AZIN1","Exc L4-5 RORB GABRG1",0.00853297149034623,5.75352309811928,0.0502595097954015,0.822731327697889,0.999997068196745,0.999983379322086,"group_idyes"
"8539","AZIN1-AS1","Exc L4-5 RORB GABRG1",0.0442647703508503,5.42775735434559,0.414117085426102,0.520270592451878,0.999997068196745,0.999983379322086,"group_idyes"
"8540","AP003354.2","Exc L4-5 RORB GABRG1",0.0269887363165862,3.00826456061284,0.0799914676950698,0.777461080188295,0.999997068196745,0.999983379322086,"group_idyes"
"8541","ATP6V1C1","Exc L4-5 RORB GABRG1",0.0162987100715128,6.47896850400739,0.223385940961136,0.636740026269178,0.999997068196745,0.999983379322086,"group_idyes"
"8542","BAALC-AS2","Exc L4-5 RORB GABRG1",-0.0173712417967049,1.39710552847751,0.0261630541676502,0.871587659281408,0.999997068196745,0.999983379322086,"group_idyes"
"8543","BAALC","Exc L4-5 RORB GABRG1",0.0319308691266326,7.09370699664313,0.486285855637614,0.486009970528339,0.999997068196745,0.999983379322086,"group_idyes"
"8544","BAALC-AS1","Exc L4-5 RORB GABRG1",0.103111376748663,4.23273945256005,1.10789442077359,0.29320073951033,0.999997068196745,0.999983379322086,"group_idyes"
"8545","FZD6","Exc L4-5 RORB GABRG1",0.0543259853791761,3.72961469053377,0.59058117948508,0.442665931425365,0.999997068196745,0.999983379322086,"group_idyes"
"8546","CTHRC1","Exc L4-5 RORB GABRG1",0.0770228937935685,1.48602278023128,0.579864935967505,0.446831780123075,0.999997068196745,0.999983379322086,"group_idyes"
"8547","AC012213.3","Exc L4-5 RORB GABRG1",0.197695486149676,0.729813874730979,2.1956995702194,0.222789940639671,0.999997068196745,0.999983379322086,"group_idyes"
"8548","SLC25A32","Exc L4-5 RORB GABRG1",0.0547478807925432,5.01745261905563,1.34520419251527,0.246837546306556,0.999997068196745,0.999983379322086,"group_idyes"
"8549","DCAF13","Exc L4-5 RORB GABRG1",0.0630885404142187,2.88473736932405,1.06159969346566,0.303497905511978,0.999997068196745,0.999983379322086,"group_idyes"
"8550","AC012213.4","Exc L4-5 RORB GABRG1",-0.0556249809700616,1.53241011087853,0.287196514177677,0.592332377767058,0.999997068196745,0.999983379322086,"group_idyes"
"8551","AC012213.1","Exc L4-5 RORB GABRG1",-0.0816343031669012,3.44553435689514,1.85847637138389,0.173597997476605,0.999997068196745,0.999983379322086,"group_idyes"
"8552","RIMS2","Exc L4-5 RORB GABRG1",0.0100587528105324,10.6770208425498,0.0790342111576441,0.77876164068882,0.999997068196745,0.999983379322086,"group_idyes"
"8553","DPYS","Exc L4-5 RORB GABRG1",0.00164814698726697,2.52411653394287,0.000352030202675657,0.985040321163965,0.999997068196745,0.999983379322086,"group_idyes"
"8554","LRP12","Exc L4-5 RORB GABRG1",0.0151441772601322,5.60501785292535,0.189097054882877,0.663913009190134,0.999997068196745,0.999983379322086,"group_idyes"
"8555","ZFPM2","Exc L4-5 RORB GABRG1",-0.028363700107097,8.61894636243708,0.420603723944474,0.517022851807814,0.999997068196745,0.999983379322086,"group_idyes"
"8556","AC103853.1","Exc L4-5 RORB GABRG1",0.0668856913235284,1.41621542402176,0.202685127884652,0.652815738289314,0.999997068196745,0.999983379322086,"group_idyes"
"8557","AC027031.2","Exc L4-5 RORB GABRG1",0.00872321333105508,3.79937338663359,0.01287724588966,0.909710831744973,0.999997068196745,0.999983379322086,"group_idyes"
"8558","OXR1","Exc L4-5 RORB GABRG1",-0.00440763643857027,9.55441817535527,0.0202009070586057,0.887051803966465,0.999997068196745,0.999983379322086,"group_idyes"
"8559","AC090579.1","Exc L4-5 RORB GABRG1",-0.0541716854338665,4.61250453427689,0.176284453036406,0.674820330885312,0.999997068196745,0.999983379322086,"group_idyes"
"8560","ANGPT1","Exc L4-5 RORB GABRG1",0.0973717304336356,0.664104186081181,0.386415171562065,0.534557947070492,0.999997068196745,0.999983379322086,"group_idyes"
"8561","RSPO2","Exc L4-5 RORB GABRG1",-0.0049633564071067,7.4627540431862,0.0203037004763081,0.886766736763118,0.999997068196745,0.999983379322086,"group_idyes"
"8562","EIF3E","Exc L4-5 RORB GABRG1",0.036250100240201,5.77770770268588,1.04945402301476,0.306276547521074,0.999997068196745,0.999983379322086,"group_idyes"
"8563","EMC2","Exc L4-5 RORB GABRG1",0.00535109756874754,4.70866298056832,0.0223172580362668,0.881324481618378,0.999997068196745,0.999983379322086,"group_idyes"
"8564","TMEM74","Exc L4-5 RORB GABRG1",-0.0376511646547202,4.26607033480084,0.520776753290756,0.470948870338811,0.999997068196745,0.999983379322086,"group_idyes"
"8565","AC104248.1","Exc L4-5 RORB GABRG1",-0.0582016163569082,3.12352847995505,0.19517549898121,0.658891766292462,0.999997068196745,0.999983379322086,"group_idyes"
"8566","NUDCD1","Exc L4-5 RORB GABRG1",-0.0208378396142026,5.30964191291424,0.276661617601575,0.59920076022182,0.999997068196745,0.999983379322086,"group_idyes"
"8567","ENY2","Exc L4-5 RORB GABRG1",0.0162493911238179,5.14340920837215,0.0735588874743423,0.786369278649941,0.999997068196745,0.999983379322086,"group_idyes"
"8568","EBAG9","Exc L4-5 RORB GABRG1",0.0211048523236212,4.57361747557757,0.28902851707506,0.591154577514688,0.999997068196745,0.999983379322086,"group_idyes"
"8569","SYBU","Exc L4-5 RORB GABRG1",0.00576640020671558,8.05607516638881,0.0569322061817385,0.811539155181802,0.999997068196745,0.999983379322086,"group_idyes"
"8570","KCNV1","Exc L4-5 RORB GABRG1",0.0502620613813057,4.899960190586,0.847649303804077,0.357795119068584,0.999997068196745,0.999983379322086,"group_idyes"
"8571","AC025366.1","Exc L4-5 RORB GABRG1",-0.0616346324259918,2.45898329412783,0.60465977652602,0.449164691289944,0.999997068196745,0.999983379322086,"group_idyes"
"8572","AP005357.1","Exc L4-5 RORB GABRG1",-0.0796482725389239,0.970660604533849,0.393479501924519,0.547505158455994,0.999997068196745,0.999983379322086,"group_idyes"
"8573","LINC01608","Exc L4-5 RORB GABRG1",-0.118783529980945,0.930679825740388,0.541928003180701,0.462083396365937,0.999997068196745,0.999983379322086,"group_idyes"
"8574","LINC01609","Exc L4-5 RORB GABRG1",0.173137688034813,2.69797252846071,2.12628947743955,0.145606712661344,0.999997068196745,0.999983379322086,"group_idyes"
"8575","LINC02237","Exc L4-5 RORB GABRG1",-0.0392694544216555,1.01592786395494,0.0896044536090644,0.764842254908864,0.999997068196745,0.999983379322086,"group_idyes"
"8576","CSMD3","Exc L4-5 RORB GABRG1",-0.00588876501125795,10.1853449283946,0.0211661297078172,0.884403485515722,0.999997068196745,0.999983379322086,"group_idyes"
"8577","TRPS1","Exc L4-5 RORB GABRG1",0.00404810271138166,4.71032474040101,0.00336956681611265,0.953740555409225,0.999997068196745,0.999983379322086,"group_idyes"
"8578","LINC00536","Exc L4-5 RORB GABRG1",0.014450684661836,2.67106861842791,0.0246118282120029,0.875420476017305,0.999997068196745,0.999983379322086,"group_idyes"
"8579","EIF3H","Exc L4-5 RORB GABRG1",0.00764991904938631,5.69406723437228,0.0560160719420438,0.813033227768325,0.999997068196745,0.999983379322086,"group_idyes"
"8580","UTP23","Exc L4-5 RORB GABRG1",0.000447552296239651,6.53066262360214,9.41534652592992e-05,0.992263060959356,0.999997068196745,0.999983379322086,"group_idyes"
"8581","RAD21","Exc L4-5 RORB GABRG1",0.0612377210993863,6.14703937194501,2.26573480609711,0.133083988179111,0.999997068196745,0.999983379322086,"group_idyes"
"8582","SLC30A8","Exc L4-5 RORB GABRG1",-0.1864503384427,1.59527706977958,1.58958405873622,0.208149620770621,0.999997068196745,0.999983379322086,"group_idyes"
"8583","MED30","Exc L4-5 RORB GABRG1",0.0466996995736912,3.82075404481267,0.963827867495526,0.626043860734439,0.999997068196745,0.999983379322086,"group_idyes"
"8584","EXT1","Exc L4-5 RORB GABRG1",-0.113159837763513,8.12684551254955,4.65251206491095,0.0316269461485722,0.999997068196745,0.999983379322086,"group_idyes"
"8585","SAMD12","Exc L4-5 RORB GABRG1",-0.0174667220328052,9.39300515687996,0.228444192136388,0.632951295977721,0.999997068196745,0.999983379322086,"group_idyes"
"8586","AC023590.1","Exc L4-5 RORB GABRG1",-0.0908509623971216,4.1212495925722,0.452092651195961,0.501746462733898,0.999997068196745,0.999983379322086,"group_idyes"
"8587","SAMD12-AS1","Exc L4-5 RORB GABRG1",0.00208344886635574,3.90618492518742,0.000640764018676006,0.979818176062233,0.999997068196745,0.999983379322086,"group_idyes"
"8588","COLEC10","Exc L4-5 RORB GABRG1",-0.0944665162352215,2.33614127019139,0.760849672451152,0.383606784378843,0.999997068196745,0.999983379322086,"group_idyes"
"8589","MAL2","Exc L4-5 RORB GABRG1",-0.00172461842156333,6.16956580847888,0.00210944772084073,0.963390889670187,0.999997068196745,0.999983379322086,"group_idyes"
"8590","MAL2-AS1","Exc L4-5 RORB GABRG1",-0.19042338964966,1.93118603167873,3.99049888753165,0.0464612048281587,0.999997068196745,0.999983379322086,"group_idyes"
"8591","NOV","Exc L4-5 RORB GABRG1",0.00628398108741185,3.91092832478542,0.00673702225493999,0.934626286148444,0.999997068196745,0.999983379322086,"group_idyes"
"8592","AC021733.1","Exc L4-5 RORB GABRG1",0.0376605246126765,0.720176789883763,0.0734120248552736,0.786577459785797,0.999997068196745,0.999983379322086,"group_idyes"
"8593","ENPP2","Exc L4-5 RORB GABRG1",-0.0833135120821351,2.5105045470954,0.489672797936539,0.484496184846084,0.999997068196745,0.999983379322086,"group_idyes"
"8594","TAF2","Exc L4-5 RORB GABRG1",-0.0167706450002258,5.86909363920045,0.33645068126775,0.562224695887795,0.999997068196745,0.999983379322086,"group_idyes"
"8595","DSCC1","Exc L4-5 RORB GABRG1",-0.217539118507633,3.11245153634233,7.22083349998636,0.00751887802776638,0.999997068196745,0.999983379322086,"group_idyes"
"8596","DEPTOR","Exc L4-5 RORB GABRG1",-0.0429952889728747,4.40633215208028,0.728865053078993,0.39378255378708,0.999997068196745,0.999983379322086,"group_idyes"
"8597","AC091563.1","Exc L4-5 RORB GABRG1",0.0236518589153006,2.09812994271557,0.102294029265442,0.749267498471873,0.999997068196745,0.999983379322086,"group_idyes"
"8598","COL14A1","Exc L4-5 RORB GABRG1",-0.198029666789402,2.43714939933496,5.58498409680695,0.0186116478661563,0.999997068196745,0.999983379322086,"group_idyes"
"8599","MRPL13","Exc L4-5 RORB GABRG1",-0.0445903762792209,3.96448192590416,1.15828150362143,0.444992924052455,0.999997068196745,0.999983379322086,"group_idyes"
"8600","MTBP","Exc L4-5 RORB GABRG1",0.0040341697979551,4.89538152505178,0.00991626785947625,0.92072927475215,0.999997068196745,0.999983379322086,"group_idyes"
"8601","SNTB1","Exc L4-5 RORB GABRG1",-0.065097580105747,1.63686690537299,0.349171548579784,0.554929447291316,0.999997068196745,0.999983379322086,"group_idyes"
"8602","ZHX2","Exc L4-5 RORB GABRG1",0.0890292985647105,3.51883258486455,1.21255740320157,0.271514671439011,0.999997068196745,0.999983379322086,"group_idyes"
"8603","AC104316.1","Exc L4-5 RORB GABRG1",0.0829867071464107,1.82025164120648,0.324039709077785,0.56952216254216,0.999997068196745,0.999983379322086,"group_idyes"
"8604","DERL1","Exc L4-5 RORB GABRG1",0.0628644148456981,4.29992964770341,2.28793391113016,0.131204365426112,0.999997068196745,0.999983379322086,"group_idyes"
"8605","TBC1D31","Exc L4-5 RORB GABRG1",-0.00241607902175886,4.65575346423801,0.00348306593150827,0.952968807278804,0.999997068196745,0.999983379322086,"group_idyes"
"8606","FAM83A","Exc L4-5 RORB GABRG1",0.25316775189981,0.517405973526624,2.72895760673639,0.0993594632641426,0.999997068196745,0.999983379322086,"group_idyes"
"8607","C8orf76","Exc L4-5 RORB GABRG1",0.0768116613965871,2.79817650951037,1.28743665089323,0.257227317550798,0.999997068196745,0.999983379322086,"group_idyes"
"8608","ZHX1-C8orf76","Exc L4-5 RORB GABRG1",-0.0225817426146914,1.7719044392255,0.0690870222180894,0.792811438705534,0.999997068196745,0.999983379322086,"group_idyes"
"8609","ATAD2","Exc L4-5 RORB GABRG1",-0.0424600118889352,5.24546679381705,0.739638769351768,0.390312206980519,0.999997068196745,0.999983379322086,"group_idyes"
"8610","WDYHV1","Exc L4-5 RORB GABRG1",0.00845096251348245,3.1466166355572,0.0204701928407282,0.891729960980056,0.999997068196745,0.999983379322086,"group_idyes"
"8611","FBXO32","Exc L4-5 RORB GABRG1",0.0116640848750863,6.60149135355562,0.0901659457187963,0.764128480103027,0.999997068196745,0.999983379322086,"group_idyes"
"8612","AC090193.1","Exc L4-5 RORB GABRG1",0.0680495421448529,0.325929990240106,0.140185804736888,0.708302645507047,0.999997068196745,0.999983379322086,"group_idyes"
"8613","ANXA13","Exc L4-5 RORB GABRG1",0.0497629394767424,1.03480626406914,0.181511672719257,0.760784566051605,0.999997068196745,0.999983379322086,"group_idyes"
"8614","FAM91A1","Exc L4-5 RORB GABRG1",-0.00841571444471831,4.54225008781456,0.0610382252890559,0.804994226517083,0.999997068196745,0.999983379322086,"group_idyes"
"8615","FER1L6","Exc L4-5 RORB GABRG1",-0.0564806088798825,0.988492676321616,0.192500227884245,0.710003559921313,0.999997068196745,0.999983379322086,"group_idyes"
"8616","FER1L6-AS1","Exc L4-5 RORB GABRG1",-0.123080763502466,1.70271767877361,0.857354938813225,0.35506039857993,0.999997068196745,0.999983379322086,"group_idyes"
"8617","FER1L6-AS2","Exc L4-5 RORB GABRG1",-0.0516343057569635,3.75329872246204,0.372102124219127,0.542220774126622,0.999997068196745,0.999983379322086,"group_idyes"
"8618","AC090921.1","Exc L4-5 RORB GABRG1",-0.105860948982495,1.79202879458027,1.25074085232922,0.264108840257629,0.999997068196745,0.999983379322086,"group_idyes"
"8619","TMEM65","Exc L4-5 RORB GABRG1",-0.0329428801576968,4.82292733910217,0.512413830845842,0.474530019671352,0.999997068196745,0.999983379322086,"group_idyes"
"8620","TRMT12","Exc L4-5 RORB GABRG1",-0.0370097407017462,3.55278715152993,0.532789563059435,0.465880616889165,0.999997068196745,0.999983379322086,"group_idyes"
"8621","RNF139-AS1","Exc L4-5 RORB GABRG1",-0.0119476535861879,3.26111811380245,0.0391864393616624,0.843184315125684,0.999997068196745,0.999983379322086,"group_idyes"
"8622","RNF139","Exc L4-5 RORB GABRG1",0.0498521359211079,3.7168310225475,1.08173225242153,0.485504202218372,0.999997068196745,0.999983379322086,"group_idyes"
"8623","TATDN1","Exc L4-5 RORB GABRG1",-0.0360588303473758,5.25930726563712,0.883082786899736,0.347948329153588,0.999997068196745,0.999983379322086,"group_idyes"
"8624","NDUFB9","Exc L4-5 RORB GABRG1",-0.0266375730351746,4.03477432245131,0.0914225067843367,0.762539858456578,0.999997068196745,0.999983379322086,"group_idyes"
"8625","MTSS1","Exc L4-5 RORB GABRG1",-0.0215104458804816,5.64095255776284,0.321790549535034,0.570864407702277,0.999997068196745,0.999983379322086,"group_idyes"
"8626","LINC00964","Exc L4-5 RORB GABRG1",-0.0283536813867052,0.435206431802022,0.0270837920952788,0.86936766200532,0.999997068196745,0.999983379322086,"group_idyes"
"8627","SQLE","Exc L4-5 RORB GABRG1",-0.0646707297184965,3.64153718313812,0.901980784649466,0.342847349295555,0.999997068196745,0.999983379322086,"group_idyes"
"8628","WASHC5","Exc L4-5 RORB GABRG1",-0.0421818633417351,5.05341426446138,1.58285854135002,0.209112437140731,0.999997068196745,0.999983379322086,"group_idyes"
"8629","NSMCE2","Exc L4-5 RORB GABRG1",-0.0464075894744265,7.52932844474441,2.29850670689407,0.130319622061144,0.999997068196745,0.999983379322086,"group_idyes"
"8630","TRIB1","Exc L4-5 RORB GABRG1",-0.143841770475751,0.759955335263785,0.691644362969464,0.406121506534339,0.999997068196745,0.999983379322086,"group_idyes"
"8631","PCAT1","Exc L4-5 RORB GABRG1",-0.0922717734629993,2.34167894560433,1.11587602995215,0.291471048239149,0.999997068196745,0.999983379322086,"group_idyes"
"8632","CASC8","Exc L4-5 RORB GABRG1",-0.0514295081134912,0.787759858361406,0.11216064406082,0.737880072487235,0.999997068196745,0.999983379322086,"group_idyes"
"8633","CASC11","Exc L4-5 RORB GABRG1",-0.0930839738821487,0.517052031848295,0.37715659681802,0.634006751883325,0.999997068196745,0.999983379322086,"group_idyes"
"8634","MYC","Exc L4-5 RORB GABRG1",-0.0515895258632739,0.92165797969936,0.135280146099445,0.713221278545227,0.999997068196745,0.999983379322086,"group_idyes"
"8635","PVT1","Exc L4-5 RORB GABRG1",-0.107303502369019,5.23146678681612,2.17421024964353,0.141159346947863,0.999997068196745,0.999983379322086,"group_idyes"
"8636","CCDC26","Exc L4-5 RORB GABRG1",0.0793467849987575,2.55333066954361,0.631395625091674,0.427333735228465,0.999997068196745,0.999983379322086,"group_idyes"
"8637","FAM49B","Exc L4-5 RORB GABRG1",-0.031835239518588,8.21538095860243,1.79110430425633,0.181582057930547,0.999997068196745,0.999983379322086,"group_idyes"
"8638","AC022973.2","Exc L4-5 RORB GABRG1",-0.00797031102484276,1.37259829895126,0.00361162642098843,0.95210973607033,0.999997068196745,0.999983379322086,"group_idyes"
"8639","ASAP1","Exc L4-5 RORB GABRG1",-0.0215023367098381,8.01424723948768,0.477266826821861,0.490079543566668,0.999997068196745,0.999983379322086,"group_idyes"
"8640","ADCY8","Exc L4-5 RORB GABRG1",-0.0635159402779028,4.83760158798481,0.847951483782112,0.357709538773265,0.999997068196745,0.999983379322086,"group_idyes"
"8641","EFR3A","Exc L4-5 RORB GABRG1",0.0363093501310481,7.5631326760269,0.990389127224362,0.320272783211801,0.999997068196745,0.999983379322086,"group_idyes"
"8642","HHLA1","Exc L4-5 RORB GABRG1",0.07520903493276,1.11949402284539,0.337804139351443,0.561439801029889,0.999997068196745,0.999983379322086,"group_idyes"
"8643","KCNQ3","Exc L4-5 RORB GABRG1",-0.0305424905492376,9.78370084740087,0.419915662678482,0.517365659571527,0.999997068196745,0.999983379322086,"group_idyes"
"8644","LRRC6","Exc L4-5 RORB GABRG1",-0.0255158937524046,6.52617117924651,0.453533945168447,0.501065855962499,0.999997068196745,0.999983379322086,"group_idyes"
"8645","PHF20L1","Exc L4-5 RORB GABRG1",0.0441722968300712,6.71060178226263,2.73866431561338,0.0987620997725835,0.999997068196745,0.999983379322086,"group_idyes"
"8646","TG","Exc L4-5 RORB GABRG1",-0.129123193423472,1.04716204728143,0.685906326903766,0.408073747890237,0.999997068196745,0.999983379322086,"group_idyes"
"8647","SLA","Exc L4-5 RORB GABRG1",-0.0824566122648164,0.754705603853226,0.271782096573935,0.602438777653128,0.999997068196745,0.999983379322086,"group_idyes"
"8648","NDRG1","Exc L4-5 RORB GABRG1",-0.000571192422960504,2.58690638984927,2.74689507055675e-05,0.995820956468345,0.999997068196745,0.999983379322086,"group_idyes"
"8649","ST3GAL1","Exc L4-5 RORB GABRG1",-0.164722094108378,1.4520235065152,1.50451670023672,0.220727840468062,0.999997068196745,0.999983379322086,"group_idyes"
"8650","AC103706.1","Exc L4-5 RORB GABRG1",-0.0881178248662251,0.899511992799583,0.507156882599281,0.54520793035545,0.999997068196745,0.999983379322086,"group_idyes"
"8651","AC105180.1","Exc L4-5 RORB GABRG1",0.143561356736036,0.94685269815361,1.05131722283108,0.305848153495964,0.999997068196745,0.999983379322086,"group_idyes"
"8652","ZFAT","Exc L4-5 RORB GABRG1",-0.00445198046412938,4.93180990051454,0.0068672273255896,0.933999011747014,0.999997068196745,0.999983379322086,"group_idyes"
"8653","AC083843.3","Exc L4-5 RORB GABRG1",0.0724392449673722,1.48677257313526,0.512461084856559,0.474509660658174,0.999997068196745,0.999983379322086,"group_idyes"
"8654","LINC01591","Exc L4-5 RORB GABRG1",0.0938918384282652,3.02650993872533,1.54982786729538,0.213918619338965,0.999997068196745,0.999983379322086,"group_idyes"
"8655","KHDRBS3","Exc L4-5 RORB GABRG1",0.00763233338203993,10.149209004018,0.0355280896598688,0.850592748973552,0.999997068196745,0.999983379322086,"group_idyes"
"8656","AC079098.1","Exc L4-5 RORB GABRG1",0.320957601704292,0.485606636794358,3.69385438715562,0.0553515587444965,0.999997068196745,0.999983379322086,"group_idyes"
"8657","AC013546.1","Exc L4-5 RORB GABRG1",0.00183625378992764,1.4675721012553,0.000263172559548106,0.987065219673433,0.999997068196745,0.999983379322086,"group_idyes"
"8658","LINC02055","Exc L4-5 RORB GABRG1",0.040136551843288,6.66379176284639,0.117849457803631,0.731566243242364,0.999997068196745,0.999983379322086,"group_idyes"
"8659","AC046195.1","Exc L4-5 RORB GABRG1",0.0488075295534761,2.67452784803278,0.444210335834373,0.557730116692396,0.999997068196745,0.999983379322086,"group_idyes"
"8660","FAM135B","Exc L4-5 RORB GABRG1",-0.0737612885157458,4.27228994075619,0.859350027077606,0.354501809961116,0.999997068196745,0.999983379322086,"group_idyes"
"8661","COL22A1","Exc L4-5 RORB GABRG1",-0.257804956882773,0.999739534294411,2.14918536264468,0.143462380048228,0.999997068196745,0.999983379322086,"group_idyes"
"8662","KCNK9","Exc L4-5 RORB GABRG1",0.00748316134556394,4.90039173157873,0.026793986963087,0.870062175965447,0.999997068196745,0.999983379322086,"group_idyes"
"8663","TRAPPC9","Exc L4-5 RORB GABRG1",-0.0738788740624853,7.33693234361843,3.20020500634873,0.0744156372669562,0.999997068196745,0.999983379322086,"group_idyes"
"8664","AC107375.1","Exc L4-5 RORB GABRG1",-0.0584663615855843,2.70162992926658,0.612360369502042,0.434381847851144,0.999997068196745,0.999983379322086,"group_idyes"
"8665","CHRAC1","Exc L4-5 RORB GABRG1",-0.0491815748321669,2.07898746040648,0.398426848914922,0.528277638097864,0.999997068196745,0.999983379322086,"group_idyes"
"8666","AGO2","Exc L4-5 RORB GABRG1",-0.0257924501069181,5.68184650473493,0.575779951166539,0.569098146077917,0.999997068196745,0.999983379322086,"group_idyes"
"8667","PTK2","Exc L4-5 RORB GABRG1",-0.0588469770532448,8.9189375823436,3.06328899136401,0.0808765687897797,0.999997068196745,0.999983379322086,"group_idyes"
"8668","DENND3","Exc L4-5 RORB GABRG1",-0.0360103624680781,4.84847947088511,0.375026920650435,0.540638608751314,0.999997068196745,0.999983379322086,"group_idyes"
"8669","SLC45A4","Exc L4-5 RORB GABRG1",0.0400740459112373,5.73314214331265,0.671632045811406,0.412990574952136,0.999997068196745,0.999983379322086,"group_idyes"
"8670","PTP4A3","Exc L4-5 RORB GABRG1",-0.0562645470874236,2.43655007840656,0.396078190673767,0.529495149661462,0.999997068196745,0.999983379322086,"group_idyes"
"8671","AC138647.1","Exc L4-5 RORB GABRG1",-0.0461216492846524,2.60318576076353,0.269915729343317,0.60368706902217,0.999997068196745,0.999983379322086,"group_idyes"
"8672","LINC00051","Exc L4-5 RORB GABRG1",0.203321767829019,0.30801612536526,1.3881626907323,0.239443855343942,0.999997068196745,0.999983379322086,"group_idyes"
"8673","TSNARE1","Exc L4-5 RORB GABRG1",-0.0512764397504326,5.91844943165812,1.6586328811798,0.198562103312268,0.999997068196745,0.999983379322086,"group_idyes"
"8674","ADGRB1","Exc L4-5 RORB GABRG1",-0.00249107636798314,6.20710662148141,0.00258744212855733,0.959457975033481,0.999997068196745,0.999983379322086,"group_idyes"
"8675","ARC","Exc L4-5 RORB GABRG1",0.0101311863318164,3.40744090425789,0.0150397214732905,0.902458951704439,0.999997068196745,0.999983379322086,"group_idyes"
"8676","JRK","Exc L4-5 RORB GABRG1",-0.0327262968191466,4.34624599288093,0.641297698643294,0.423735524368233,0.999997068196745,0.999983379322086,"group_idyes"
"8677","AC108002.1","Exc L4-5 RORB GABRG1",-0.12944803275344,2.27962151402119,1.4875388730018,0.223345865893556,0.999997068196745,0.999983379322086,"group_idyes"
"8678","THEM6","Exc L4-5 RORB GABRG1",-0.00233559074245591,3.72210529985352,0.000971921226114595,0.97514562430732,0.999997068196745,0.999983379322086,"group_idyes"
"8679","LY6D","Exc L4-5 RORB GABRG1",0.143880742012879,0.952189048496539,0.800008259899335,0.371650100507936,0.999997068196745,0.999983379322086,"group_idyes"
"8680","GML","Exc L4-5 RORB GABRG1",0.000911481758385855,0.996075247424725,2.81415062133496e-05,0.995770106036565,0.999997068196745,0.999983379322086,"group_idyes"
"8681","LY6E-DT","Exc L4-5 RORB GABRG1",-0.0191506634576027,5.32711553005733,0.109687819019796,0.740680145067715,0.999997068196745,0.999983379322086,"group_idyes"
"8682","LY6E","Exc L4-5 RORB GABRG1",0.0160132119857064,5.42412397905832,0.032011646340855,0.858096280542476,0.999997068196745,0.999983379322086,"group_idyes"
"8683","LY6H","Exc L4-5 RORB GABRG1",0.148108869683998,3.96651357898365,1.63701145404851,0.201507067761213,0.999997068196745,0.999983379322086,"group_idyes"
"8684","AC138696.1","Exc L4-5 RORB GABRG1",-0.0366587422469793,2.76714332455551,0.240607578952376,0.624047269737732,0.999997068196745,0.999983379322086,"group_idyes"
"8685","GLI4","Exc L4-5 RORB GABRG1",-0.0350907362204007,3.84265111417115,0.324655204627171,0.569155924786386,0.999997068196745,0.999983379322086,"group_idyes"
"8686","MINCR","Exc L4-5 RORB GABRG1",-0.121458960817546,1.15450109548179,0.828574766830277,0.363254899001152,0.999997068196745,0.999983379322086,"group_idyes"
"8687","ZNF696","Exc L4-5 RORB GABRG1",-0.0856723196340398,2.03637156463405,1.04917419338618,0.306340954341029,0.999997068196745,0.999983379322086,"group_idyes"
"8688","TOP1MT","Exc L4-5 RORB GABRG1",-0.00848640112883963,3.71665498549052,0.0307115826535722,0.985541399892327,0.999997068196745,0.999983379322086,"group_idyes"
"8689","RHPN1","Exc L4-5 RORB GABRG1",-0.0337808559555223,4.85124266864211,0.592159855888204,0.442057317506765,0.999997068196745,0.999983379322086,"group_idyes"
"8690","ZC3H3","Exc L4-5 RORB GABRG1",-0.0365101227013916,4.59507532282644,0.673166145060743,0.412457968379673,0.999997068196745,0.999983379322086,"group_idyes"
"8691","MROH6","Exc L4-5 RORB GABRG1",0.135004126906124,2.8475887452464,1.64411158499112,0.200534345820842,0.999997068196745,0.999983379322086,"group_idyes"
"8692","NAPRT","Exc L4-5 RORB GABRG1",0.00346816608635237,3.01900102997663,0.0014328796710931,0.969824203706161,0.999997068196745,0.999983379322086,"group_idyes"
"8693","EEF1D","Exc L4-5 RORB GABRG1",0.0153349741541134,4.9792392074319,0.144103920177706,0.704444221195564,0.999997068196745,0.999983379322086,"group_idyes"
"8694","TIGD5","Exc L4-5 RORB GABRG1",0.0290445755693091,2.5144154277005,0.181195786979932,0.690493462399283,0.999997068196745,0.999983379322086,"group_idyes"
"8695","PYCR3","Exc L4-5 RORB GABRG1",-0.115490178977034,2.1086210496171,1.36422090113472,0.243530595759931,0.999997068196745,0.999983379322086,"group_idyes"
"8696","TSTA3","Exc L4-5 RORB GABRG1",-0.059776198231581,2.76419216194223,0.650923130558389,0.420281291109421,0.999997068196745,0.999983379322086,"group_idyes"
"8697","ZNF623","Exc L4-5 RORB GABRG1",-0.0133449081381361,4.84732195208116,0.122673688880591,0.906587227172342,0.999997068196745,0.999983379322086,"group_idyes"
"8698","ZNF707","Exc L4-5 RORB GABRG1",-0.0623656209993277,2.75792568428663,0.811568133221593,0.452855735334957,0.999997068196745,0.999983379322086,"group_idyes"
"8699","FAM83H","Exc L4-5 RORB GABRG1",-0.0165809794537885,1.91178894053029,0.0346908775723654,0.852343061631483,0.999997068196745,0.999983379322086,"group_idyes"
"8700","IQANK1","Exc L4-5 RORB GABRG1",0.00578130282895872,3.81733777800917,0.0072646449144642,0.93212058218196,0.999997068196745,0.999983379322086,"group_idyes"
"8701","AC105219.4","Exc L4-5 RORB GABRG1",0.0978215528499434,1.82846206732801,1.04978863784763,0.306199554195548,0.999997068196745,0.999983379322086,"group_idyes"
"8702","SCRIB","Exc L4-5 RORB GABRG1",0.0326901263342596,3.49288359257318,0.410822803968843,0.521933783529615,0.999997068196745,0.999983379322086,"group_idyes"
"8703","PUF60","Exc L4-5 RORB GABRG1",0.0242635000569758,4.16785448726716,0.113123210099444,0.736799411296164,0.999997068196745,0.999983379322086,"group_idyes"
"8704","NRBP2","Exc L4-5 RORB GABRG1",-0.0423889137718868,4.74736310005084,0.811897907284021,0.368123426746001,0.999997068196745,0.999983379322086,"group_idyes"
"8705","PLEC","Exc L4-5 RORB GABRG1",-0.00141680945716483,6.43779162067835,0.00141503791791737,0.970012572429606,0.999997068196745,0.999983379322086,"group_idyes"
"8706","PARP10","Exc L4-5 RORB GABRG1",0.0154107590860774,2.78752484632516,0.0415005040949445,0.847787638195215,0.999997068196745,0.999983379322086,"group_idyes"
"8707","GRINA","Exc L4-5 RORB GABRG1",0.0636972850741416,5.89671044298154,0.642399655724205,0.42333791668336,0.999997068196745,0.999983379322086,"group_idyes"
"8708","SPATC1","Exc L4-5 RORB GABRG1",0.118599285554772,0.52829367054394,0.687720165190352,0.407455143065801,0.999997068196745,0.999983379322086,"group_idyes"
"8709","EXOSC4","Exc L4-5 RORB GABRG1",-0.0306535484263567,2.61609008040022,0.0658498673284025,0.797615254169951,0.999997068196745,0.999983379322086,"group_idyes"
"8710","GPAA1","Exc L4-5 RORB GABRG1",-0.0662391014249871,3.8760850300113,0.666310737271022,0.414845932019075,0.999997068196745,0.999983379322086,"group_idyes"
"8711","CYC1","Exc L4-5 RORB GABRG1",0.0308390011532242,4.36108246720103,0.0988091355347523,0.75343381254121,0.999997068196745,0.999983379322086,"group_idyes"
"8712","SHARPIN","Exc L4-5 RORB GABRG1",0.0214710600276631,3.85989295540074,0.167108045497318,0.816747776170013,0.999997068196745,0.999983379322086,"group_idyes"
"8713","MAF1","Exc L4-5 RORB GABRG1",0.0721971364134471,4.55038158102152,1.06719341277451,0.302229184860445,0.999997068196745,0.999983379322086,"group_idyes"
"8714","WDR97","Exc L4-5 RORB GABRG1",-0.0448249385568435,3.19047167802295,0.242784560444445,0.622483237967236,0.999997068196745,0.999983379322086,"group_idyes"
"8715","HGH1","Exc L4-5 RORB GABRG1",0.0238979451561744,1.00709848483412,0.0394723157740222,0.842620824942553,0.999997068196745,0.999983379322086,"group_idyes"
"8716","MROH1","Exc L4-5 RORB GABRG1",-0.0462959968966201,6.65712218841081,1.03709312511278,0.309138466160836,0.999997068196745,0.999983379322086,"group_idyes"
"8717","BOP1","Exc L4-5 RORB GABRG1",0.00870829778574699,3.04739301994401,0.0158381250621181,0.899916707012401,0.999997068196745,0.999983379322086,"group_idyes"
"8718","SCX","Exc L4-5 RORB GABRG1",-0.0381145415875182,3.72683932571915,0.291245474836975,0.589735708548972,0.999997068196745,0.999983379322086,"group_idyes"
"8719","HSF1","Exc L4-5 RORB GABRG1",0.020987013338825,4.74632899535196,0.374576591791017,0.866302786632297,0.999997068196745,0.999983379322086,"group_idyes"
"8720","DGAT1","Exc L4-5 RORB GABRG1",0.0469276925959651,3.83492001533747,0.795898852938453,0.894133553841523,0.999997068196745,0.999983379322086,"group_idyes"
"8721","SCRT1","Exc L4-5 RORB GABRG1",0.00639124594896132,4.7795387807345,0.0154613739719295,0.901108030119178,0.999997068196745,0.999983379322086,"group_idyes"
"8722","TMEM249","Exc L4-5 RORB GABRG1",-0.127750708527618,0.673265628361511,0.898342883931389,0.343821378550068,0.999997068196745,0.999983379322086,"group_idyes"
"8723","SLC52A2","Exc L4-5 RORB GABRG1",-0.0333540670596152,2.41144212554301,0.159299141770393,0.690024050853373,0.999997068196745,0.999983379322086,"group_idyes"
"8724","FBXL6","Exc L4-5 RORB GABRG1",0.0374325583818571,2.85538163816289,0.272906058528628,0.618758891086786,0.999997068196745,0.999983379322086,"group_idyes"
"8725","ADCK5","Exc L4-5 RORB GABRG1",-0.00351768734316937,3.76537416448943,0.00446487007896969,0.946759963289012,0.999997068196745,0.999983379322086,"group_idyes"
"8726","CPSF1","Exc L4-5 RORB GABRG1",0.123445653830116,4.2630013112086,3.27972446158157,0.0709205280601308,0.999997068196745,0.999983379322086,"group_idyes"
"8727","SLC39A4","Exc L4-5 RORB GABRG1",0.096302346339648,0.94111881427757,0.55946504702666,0.795134103988346,0.999997068196745,0.999983379322086,"group_idyes"
"8728","VPS28","Exc L4-5 RORB GABRG1",0.00758156645388844,5.1581878982168,0.0149468415834574,0.902759101173211,0.999997068196745,0.999983379322086,"group_idyes"
"8729","TONSL","Exc L4-5 RORB GABRG1",-0.00659498019459326,2.46031670970967,0.00832507443036798,0.927347911925266,0.999997068196745,0.999983379322086,"group_idyes"
"8730","CYHR1","Exc L4-5 RORB GABRG1",0.00650040865899085,5.65560449058212,0.0194556178188326,0.889141163025028,0.999997068196745,0.999983379322086,"group_idyes"
"8731","KIFC2","Exc L4-5 RORB GABRG1",-0.00142402686516321,6.56701048616838,0.00107625842649411,0.973846004968932,0.999997068196745,0.999983379322086,"group_idyes"
"8732","PPP1R16A","Exc L4-5 RORB GABRG1",0.0132319431346639,4.10203719472548,0.0896842545414226,0.764740662790523,0.999997068196745,0.999983379322086,"group_idyes"
"8733","GPT","Exc L4-5 RORB GABRG1",0.0309353273078877,1.27218093796068,0.0823624266001838,0.984395069303462,0.999997068196745,0.999983379322086,"group_idyes"
"8734","MFSD3","Exc L4-5 RORB GABRG1",0.063852872725766,2.79090522879182,0.435242147571193,0.509822582392208,0.999997068196745,0.999983379322086,"group_idyes"
"8735","RECQL4","Exc L4-5 RORB GABRG1",0.0242685956602109,2.16412048271502,0.0619307493955938,0.803602726565381,0.999997068196745,0.999983379322086,"group_idyes"
"8736","AC084125.4","Exc L4-5 RORB GABRG1",-0.11720609035871,2.51605592430846,2.36345499804745,0.125028818850015,0.999997068196745,0.999983379322086,"group_idyes"
"8737","LRRC14","Exc L4-5 RORB GABRG1",0.0121628026948475,2.99447783945359,0.0350788565461995,0.851529248426687,0.999997068196745,0.999983379322086,"group_idyes"
"8738","LRRC24","Exc L4-5 RORB GABRG1",-0.013979838255024,2.5890696542879,0.0229213076370574,0.87974124241703,0.999997068196745,0.999983379322086,"group_idyes"
"8739","ARHGAP39","Exc L4-5 RORB GABRG1",0.0052882863651647,5.91802126749273,0.0161734286004198,0.898868495164113,0.999997068196745,0.999983379322086,"group_idyes"
"8740","ZNF251","Exc L4-5 RORB GABRG1",-0.0148777437468333,6.17857261383891,0.141929298844746,0.706578205028874,0.999997068196745,0.999983379322086,"group_idyes"
"8741","ZNF34","Exc L4-5 RORB GABRG1",0.0137896383675418,3.17819881846899,0.0556325467139732,0.813662528242975,0.999997068196745,0.999983379322086,"group_idyes"
"8742","RPL8","Exc L4-5 RORB GABRG1",-0.0173263159454783,5.27578339055679,0.0265842894533019,0.870567121311324,0.999997068196745,0.999983379322086,"group_idyes"
"8743","ZNF517","Exc L4-5 RORB GABRG1",-0.00404953338040813,2.06060720736454,0.00223844404897646,0.962288956085032,0.999997068196745,0.999983379322086,"group_idyes"
"8744","ZNF7","Exc L4-5 RORB GABRG1",-0.0818638300066643,3.96343056680367,1.6850746030488,0.195029171084777,0.999997068196745,0.999983379322086,"group_idyes"
"8745","COMMD5","Exc L4-5 RORB GABRG1",0.0254937999178444,3.03481349938808,0.212775767654448,0.644861102736513,0.999997068196745,0.999983379322086,"group_idyes"
"8746","ZNF250","Exc L4-5 RORB GABRG1",-0.0367904632908426,4.30985498256894,0.950216883013147,0.330276596679606,0.999997068196745,0.999983379322086,"group_idyes"
"8747","ZNF16","Exc L4-5 RORB GABRG1",-0.0682447988863248,3.50825984419191,1.52132913146395,0.218171494607908,0.999997068196745,0.999983379322086,"group_idyes"
"8748","C8orf33","Exc L4-5 RORB GABRG1",-0.0451234041021486,3.37470656122345,0.434112048685862,0.510372224754484,0.999997068196745,0.999983379322086,"group_idyes"
"8749","WASHC1","Exc L4-5 RORB GABRG1",-0.00609725359490468,6.30219306546701,0.026940932371315,0.869709543873805,0.999997068196745,0.999983379322086,"group_idyes"
"8750","CBWD1","Exc L4-5 RORB GABRG1",0.0415531648879713,4.04176249559559,0.724211907106186,0.914471227428179,0.999997068196745,0.999983379322086,"group_idyes"
"8751","DOCK8","Exc L4-5 RORB GABRG1",-0.0120885179965925,1.1922262161217,0.0103019367701923,0.949285717594356,0.999997068196745,0.999983379322086,"group_idyes"
"8752","KANK1","Exc L4-5 RORB GABRG1",-0.110840758856115,2.98590119209395,1.48782676639944,0.223301162232127,0.999997068196745,0.999983379322086,"group_idyes"
"8753","SMARCA2","Exc L4-5 RORB GABRG1",-0.00482422587671551,7.90159577103285,0.0330169444742667,0.855909423567711,0.999997068196745,0.999983379322086,"group_idyes"
"8754","VLDLR-AS1","Exc L4-5 RORB GABRG1",0.112063034804235,3.82778382079265,1.37499506881104,0.241681048427863,0.999997068196745,0.999983379322086,"group_idyes"
"8755","VLDLR","Exc L4-5 RORB GABRG1",-0.114202956764538,1.66573370883735,0.865090435671915,0.352901304011529,0.999997068196745,0.999983379322086,"group_idyes"
"8756","KCNV2","Exc L4-5 RORB GABRG1",-0.0202546252726477,0.931384633059227,0.0152888946694266,0.901658343195346,0.999997068196745,0.999983379322086,"group_idyes"
"8757","PUM3","Exc L4-5 RORB GABRG1",0.0100345056393106,6.43425126231972,0.113434419297847,0.736451116041987,0.999997068196745,0.999983379322086,"group_idyes"
"8758","RFX3","Exc L4-5 RORB GABRG1",0.0200677614496614,7.84685882105318,0.218124542131148,0.640737037204267,0.999997068196745,0.999983379322086,"group_idyes"
"8759","RFX3-AS1","Exc L4-5 RORB GABRG1",-0.0243237679455579,4.90044116043818,0.0729003833365377,0.787304474681107,0.999997068196745,0.999983379322086,"group_idyes"
"8760","GLIS3","Exc L4-5 RORB GABRG1",0.0168480535487926,3.62508304952193,0.0250537709183344,0.874316196180368,0.999997068196745,0.999983379322086,"group_idyes"
"8761","SLC1A1","Exc L4-5 RORB GABRG1",-0.0242851304539478,5.29492439900679,0.448713505252028,0.503348359522168,0.999997068196745,0.999983379322086,"group_idyes"
"8762","SPATA6L","Exc L4-5 RORB GABRG1",0.0441773895972087,5.50518517427838,0.646019534370663,0.422035726850942,0.999997068196745,0.999983379322086,"group_idyes"
"8763","PLPP6","Exc L4-5 RORB GABRG1",-0.0141301391845403,2.42277101846003,0.0279420861245473,0.867332873678062,0.999997068196745,0.999983379322086,"group_idyes"
"8764","CDC37L1","Exc L4-5 RORB GABRG1",-0.0270448585146138,4.93547490718937,0.646431692094818,0.421887841075403,0.999997068196745,0.999983379322086,"group_idyes"
"8765","AK3","Exc L4-5 RORB GABRG1",0.0303648578212534,5.3832926231707,0.463627827473426,0.49634296169975,0.999997068196745,0.999983379322086,"group_idyes"
"8766","RCL1","Exc L4-5 RORB GABRG1",0.00686216766611066,6.16858204213049,0.0214328366078344,0.883682639142137,0.999997068196745,0.999983379322086,"group_idyes"
"8767","JAK2","Exc L4-5 RORB GABRG1",-0.00487764615114435,7.54992025202809,0.010232009919862,0.919481384122103,0.999997068196745,0.999983379322086,"group_idyes"
"8768","PLGRKT","Exc L4-5 RORB GABRG1",-0.0574203689696507,3.90059121466579,0.57354603510597,0.44931681963894,0.999997068196745,0.999983379322086,"group_idyes"
"8769","CD274","Exc L4-5 RORB GABRG1",-0.0136960171781766,1.75772734916718,0.0176418121351046,0.894403213913305,0.999997068196745,0.999983379322086,"group_idyes"
"8770","PDCD1LG2","Exc L4-5 RORB GABRG1",-0.150165101826138,0.59139556727062,0.826889757458741,0.363742732873404,0.999997068196745,0.999983379322086,"group_idyes"
"8771","RIC1","Exc L4-5 RORB GABRG1",0.0107924800102563,5.85409223900181,0.0940881190942122,0.759208848710887,0.999997068196745,0.999983379322086,"group_idyes"
"8772","ERMP1","Exc L4-5 RORB GABRG1",0.0470303841166212,5.12243999502236,1.30344245740866,0.254295456839695,0.999997068196745,0.999983379322086,"group_idyes"
"8773","KIAA2026","Exc L4-5 RORB GABRG1",0.0425830018851187,7.01286956809614,2.36379710037304,0.125001593101332,0.999997068196745,0.999983379322086,"group_idyes"
"8774","RANBP6","Exc L4-5 RORB GABRG1",0.0858527574419536,4.54877095975045,2.51957936067025,0.113262057521361,0.999997068196745,0.999983379322086,"group_idyes"
"8775","UHRF2","Exc L4-5 RORB GABRG1",0.0113216118933184,6.11309823186971,0.113657025085011,0.736202309155767,0.999997068196745,0.999983379322086,"group_idyes"
"8776","AL133480.1","Exc L4-5 RORB GABRG1",-0.0798329328453586,2.06493071165827,0.330156929389088,0.565902518062515,0.999997068196745,0.999983379322086,"group_idyes"
"8777","GLDC","Exc L4-5 RORB GABRG1",0.0421643676556367,1.46550478590986,0.129189918839817,0.719470637040107,0.999997068196745,0.999983379322086,"group_idyes"
"8778","AL162411.1","Exc L4-5 RORB GABRG1",-0.0543629557150437,0.271113644651853,0.107464945498905,0.743227245336009,0.999997068196745,0.999983379322086,"group_idyes"
"8779","AL354707.1","Exc L4-5 RORB GABRG1",-0.110825251149152,0.263279446871808,0.377926174673889,0.53907861466666,0.999997068196745,0.999983379322086,"group_idyes"
"8780","KDM4C","Exc L4-5 RORB GABRG1",-0.0479076909340785,7.55066150056084,1.9725085834386,0.160988635795887,0.999997068196745,0.999983379322086,"group_idyes"
"8781","DMAC1","Exc L4-5 RORB GABRG1",0.0480243856687529,4.01439397991419,0.753278310046722,0.385981317322075,0.999997068196745,0.999983379322086,"group_idyes"
"8782","PTPRD","Exc L4-5 RORB GABRG1",-0.00114897911308375,12.1648664096292,0.000940601259163776,0.975549239268652,0.999997068196745,0.999983379322086,"group_idyes"
"8783","PTPRD-AS1","Exc L4-5 RORB GABRG1",0.016368093869629,1.29810134163861,0.018770299059135,0.891098714476624,0.999997068196745,0.999983379322086,"group_idyes"
"8784","AL596451.1","Exc L4-5 RORB GABRG1",-0.0474204563409578,4.00544938503691,0.109462147488255,0.740937419503816,0.999997068196745,0.999983379322086,"group_idyes"
"8785","PTPRD-AS2","Exc L4-5 RORB GABRG1",0.0108723856804237,2.51928940421138,0.0197020358812294,0.888445903717906,0.999997068196745,0.999983379322086,"group_idyes"
"8786","TYRP1","Exc L4-5 RORB GABRG1",0.0459544957884558,2.50771783086701,0.195782986864131,0.658395096208867,0.999997068196745,0.999983379322086,"group_idyes"
"8787","LURAP1L-AS1","Exc L4-5 RORB GABRG1",-0.0603185682378907,1.37449116727107,0.206852124329242,0.649502466286694,0.999997068196745,0.999983379322086,"group_idyes"
"8788","LURAP1L","Exc L4-5 RORB GABRG1",-0.0323433582626122,3.80459333225212,0.356569464902916,0.550768919765558,0.999997068196745,0.999983379322086,"group_idyes"
"8789","MPDZ","Exc L4-5 RORB GABRG1",0.0422433650713523,7.22646215458209,0.77234093179256,0.380042380241566,0.999997068196745,0.999983379322086,"group_idyes"
"8790","NFIB","Exc L4-5 RORB GABRG1",-0.249064196273724,2.94466882915414,3.42290387981729,0.065064379695523,0.999997068196745,0.999983379322086,"group_idyes"
"8791","AL159169.2","Exc L4-5 RORB GABRG1",-0.0260540577377914,2.3560432449636,0.105121424388718,0.74594439174,0.999997068196745,0.999983379322086,"group_idyes"
"8792","ZDHHC21","Exc L4-5 RORB GABRG1",-0.00180820576562497,7.33102960415102,0.00280609687269605,0.957781229457822,0.999997068196745,0.999983379322086,"group_idyes"
"8793","FREM1","Exc L4-5 RORB GABRG1",-0.0461712098004502,4.4954408736412,0.340506806687597,0.559878751967829,0.999997068196745,0.999983379322086,"group_idyes"
"8794","TTC39B","Exc L4-5 RORB GABRG1",-0.00621120919733141,6.64422236342226,0.0283127589619984,0.866464048076648,0.999997068196745,0.999983379322086,"group_idyes"
"8795","SNAPC3","Exc L4-5 RORB GABRG1",-0.0189821649344407,5.8040223640265,0.609103255690064,0.435605556701359,0.999997068196745,0.999983379322086,"group_idyes"
"8796","PSIP1","Exc L4-5 RORB GABRG1",0.0188716002914379,7.0050158422873,0.352519283383212,0.553039393136512,0.999997068196745,0.999983379322086,"group_idyes"
"8797","CCDC171","Exc L4-5 RORB GABRG1",-0.0254656119568767,7.27888180333571,0.328939722348852,0.56661918470331,0.999997068196745,0.999983379322086,"group_idyes"
"8798","C9orf92","Exc L4-5 RORB GABRG1",0.0153376307986708,0.902705329751356,0.00915831895043884,0.923809377332091,0.999997068196745,0.999983379322086,"group_idyes"
"8799","BNC2","Exc L4-5 RORB GABRG1",-0.0408308577786635,1.58155200302778,0.174685845027948,0.67621366244933,0.999997068196745,0.999983379322086,"group_idyes"
"8800","AL162725.2","Exc L4-5 RORB GABRG1",-0.139597833976402,0.227422624324652,0.754559220157605,0.385578128939493,0.999997068196745,0.999983379322086,"group_idyes"
"8801","CNTLN","Exc L4-5 RORB GABRG1",0.101363780737026,5.30605104976601,4.1762980613222,0.0416737964315315,0.999997068196745,0.999983379322086,"group_idyes"
"8802","SH3GL2","Exc L4-5 RORB GABRG1",-0.00295390636008984,9.16385999371815,0.00803789425425526,0.928608583304862,0.999997068196745,0.999983379322086,"group_idyes"
"8803","ADAMTSL1","Exc L4-5 RORB GABRG1",-0.0982157856393249,6.05266523052399,0.869011881851876,0.351813633113253,0.999997068196745,0.999983379322086,"group_idyes"
"8804","SAXO1","Exc L4-5 RORB GABRG1",0.0314435572149307,1.20822331049962,0.0659300550596154,0.797494755460807,0.999997068196745,0.999983379322086,"group_idyes"
"8805","RRAGA","Exc L4-5 RORB GABRG1",0.0366125834852607,5.14804075563288,0.161261401623781,0.688220788175901,0.999997068196745,0.999983379322086,"group_idyes"
"8806","HAUS6","Exc L4-5 RORB GABRG1",-0.0385366608319936,3.91645450679684,0.689726291489226,0.429775616495825,0.999997068196745,0.999983379322086,"group_idyes"
"8807","PLIN2","Exc L4-5 RORB GABRG1",-0.126765479757311,1.95317691639687,1.78937446163279,0.181792594222317,0.999997068196745,0.999983379322086,"group_idyes"
"8808","DENND4C","Exc L4-5 RORB GABRG1",-0.0235858054402375,6.8551793156241,0.737087302012909,0.391130082079973,0.999997068196745,0.999983379322086,"group_idyes"
"8809","AL391834.2","Exc L4-5 RORB GABRG1",0.0663559891899396,0.930566349252941,0.309860748871695,0.578089289208681,0.999997068196745,0.999983379322086,"group_idyes"
"8810","RPS6","Exc L4-5 RORB GABRG1",0.0185128156264301,4.93702743264254,0.0266524339533624,0.870402807840354,0.999997068196745,0.999983379322086,"group_idyes"
"8811","ACER2","Exc L4-5 RORB GABRG1",-0.0264446495181019,5.5298501267349,0.313077516197538,0.576123401220815,0.999997068196745,0.999983379322086,"group_idyes"
"8812","SLC24A2","Exc L4-5 RORB GABRG1",0.023487968148238,9.6136158550232,0.507422030291255,0.476688734250394,0.999997068196745,0.999983379322086,"group_idyes"
"8813","AL591222.1","Exc L4-5 RORB GABRG1",-0.0501315661440173,2.01737066357881,0.348773845025225,0.985665554064239,0.999997068196745,0.999983379322086,"group_idyes"
"8814","MLLT3","Exc L4-5 RORB GABRG1",0.0544913994302846,8.9230716271036,1.8054193146544,0.179850625915618,0.999997068196745,0.999983379322086,"group_idyes"
"8815","FOCAD","Exc L4-5 RORB GABRG1",-0.00943723574795941,8.95988745301902,0.0797245347488814,0.777822895353576,0.999997068196745,0.999983379322086,"group_idyes"
"8816","HACD4","Exc L4-5 RORB GABRG1",-0.0611889907391795,2.1189774159391,0.404692114097335,0.52505420876144,0.999997068196745,0.999983379322086,"group_idyes"
"8817","KLHL9","Exc L4-5 RORB GABRG1",0.0410097875132343,4.75120028622714,0.592691877174969,0.441852502835926,0.999997068196745,0.999983379322086,"group_idyes"
"8818","AL353732.1","Exc L4-5 RORB GABRG1",-0.23274020622825,0.723960629853567,2.90956200953846,0.0888628856278126,0.999997068196745,0.999983379322086,"group_idyes"
"8819","IFNE","Exc L4-5 RORB GABRG1",-0.145954531837949,0.94985495556233,1.70621488308601,0.207835188723437,0.999997068196745,0.999983379322086,"group_idyes"
"8820","AL359922.1","Exc L4-5 RORB GABRG1",0.0359473297596999,2.28422121357634,0.183165887507741,0.668905998053508,0.999997068196745,0.999983379322086,"group_idyes"
"8821","CDKN2A","Exc L4-5 RORB GABRG1",0.245099763002637,3.23910850261556,3.85227382917278,0.050398799668727,0.999997068196745,0.999983379322086,"group_idyes"
"8822","CDKN2B-AS1","Exc L4-5 RORB GABRG1",0.0726449972900998,3.43561588756646,0.34353907575498,0.558137185618945,0.999997068196745,0.999983379322086,"group_idyes"
"8823","AL157937.1","Exc L4-5 RORB GABRG1",0.0960440998557967,-0.0223418537202393,0.201426424462626,0.653824614520275,0.999997068196745,0.999983379322086,"group_idyes"
"8824","LINC01239","Exc L4-5 RORB GABRG1",0.0450762275174545,0.729823872519184,0.0870256120740098,0.768152212867073,0.999997068196745,0.999983379322086,"group_idyes"
"8825","AL391117.1","Exc L4-5 RORB GABRG1",0.02164785456871,2.22781599415609,0.0419156584837392,0.837888894664957,0.999997068196745,0.999983379322086,"group_idyes"
"8826","AL445623.2","Exc L4-5 RORB GABRG1",0.0124705034864501,5.69791393994185,0.0721744989399232,0.788340630028623,0.999997068196745,0.999983379322086,"group_idyes"
"8827","ELAVL2","Exc L4-5 RORB GABRG1",-0.0214764295107498,6.88688562995961,0.485593352892044,0.486320448139658,0.999997068196745,0.999983379322086,"group_idyes"
"8828","TUSC1","Exc L4-5 RORB GABRG1",0.14570414191221,3.25806514435682,2.41815805247772,0.120758077400806,0.999997068196745,0.999983379322086,"group_idyes"
"8829","CAAP1","Exc L4-5 RORB GABRG1",-0.0689296900998216,4.9383964540895,2.76426283594651,0.0972055131961479,0.999997068196745,0.999983379322086,"group_idyes"
"8830","PLAA","Exc L4-5 RORB GABRG1",-0.0594060828746458,5.04330715455079,3.71401819040122,0.0546933878970702,0.999997068196745,0.999983379322086,"group_idyes"
"8831","IFT74","Exc L4-5 RORB GABRG1",0.0436625902857144,4.49938984439929,0.992342940424544,0.319796528108365,0.999997068196745,0.999983379322086,"group_idyes"
"8832","TEK","Exc L4-5 RORB GABRG1",-0.0365203423234967,1.50360971717891,0.0879622127100367,0.766943985248777,0.999997068196745,0.999983379322086,"group_idyes"
"8833","MOB3B","Exc L4-5 RORB GABRG1",-0.0977535721868077,6.32767511636134,4.16546991937278,0.0419379797493995,0.999997068196745,0.999983379322086,"group_idyes"
"8834","C9orf72","Exc L4-5 RORB GABRG1",-0.0251222203445849,6.34854983343027,0.411679936589779,0.521500136992248,0.999997068196745,0.999983379322086,"group_idyes"
"8835","LINGO2","Exc L4-5 RORB GABRG1",0.00997398515170297,10.234519984576,0.0495625434912534,0.823944377461954,0.999997068196745,0.999983379322086,"group_idyes"
"8836","LINC01242","Exc L4-5 RORB GABRG1",0.0021763704081655,2.18345529558184,0.000253904122426816,0.987295010690486,0.999997068196745,0.999983379322086,"group_idyes"
"8837","ACO1","Exc L4-5 RORB GABRG1",0.103025441612768,4.24058559574784,2.68296599389161,0.102244217607398,0.999997068196745,0.999983379322086,"group_idyes"
"8838","DDX58","Exc L4-5 RORB GABRG1",-0.135141633007995,2.97826818573523,2.78359393866961,0.0960478276508144,0.999997068196745,0.999983379322086,"group_idyes"
"8839","TOPORS","Exc L4-5 RORB GABRG1",0.0426565997905682,4.60795405495016,0.872909446005601,0.534984588925077,0.999997068196745,0.999983379322086,"group_idyes"
"8840","SMIM27","Exc L4-5 RORB GABRG1",0.00182501271740933,2.31667678112495,0.000546354138931843,0.981363887457611,0.999997068196745,0.999983379322086,"group_idyes"
"8841","NDUFB6","Exc L4-5 RORB GABRG1",-0.0788894343500646,5.16815480956966,3.91078177474806,0.0486905621259882,0.999997068196745,0.999983379322086,"group_idyes"
"8842","APTX","Exc L4-5 RORB GABRG1",-0.0690337487810206,5.37880057753764,3.3315283798287,0.068738868285981,0.999997068196745,0.999983379322086,"group_idyes"
"8843","DNAJA1","Exc L4-5 RORB GABRG1",0.0816101911098905,6.02710589335423,0.804789100073038,0.370226368677363,0.999997068196745,0.999983379322086,"group_idyes"
"8844","SMU1","Exc L4-5 RORB GABRG1",0.0035710960855539,4.97238029521068,0.0140783556089087,0.905612796921751,0.999997068196745,0.999983379322086,"group_idyes"
"8845","B4GALT1","Exc L4-5 RORB GABRG1",0.0238886780784356,2.9674458551203,0.11139048678876,0.738748439318477,0.999997068196745,0.999983379322086,"group_idyes"
"8846","BAG1","Exc L4-5 RORB GABRG1",-0.027807975086284,3.33492365974829,0.103766754627585,0.747530329725808,0.999997068196745,0.999983379322086,"group_idyes"
"8847","CHMP5","Exc L4-5 RORB GABRG1",0.00706540333873336,4.95635823454794,0.0148929508987462,0.902933687675565,0.999997068196745,0.999983379322086,"group_idyes"
"8848","NFX1","Exc L4-5 RORB GABRG1",-0.030590606104556,6.66987040381927,0.689510801106448,0.406845800809575,0.999997068196745,0.999983379322086,"group_idyes"
"8849","AQP7","Exc L4-5 RORB GABRG1",-0.0630855236319147,1.45666310536311,0.397075813053338,0.528977381401801,0.999997068196745,0.999983379322086,"group_idyes"
"8850","AQP3","Exc L4-5 RORB GABRG1",-0.0385355011336194,0.734874453585665,0.0524811899858887,0.818922456869604,0.999997068196745,0.999983379322086,"group_idyes"
"8851","NOL6","Exc L4-5 RORB GABRG1",-0.0706843664934081,3.26217975800257,0.974529990283593,0.324173431586859,0.999997068196745,0.999983379322086,"group_idyes"
"8852","ANKRD18B","Exc L4-5 RORB GABRG1",0.0816715298273406,5.01747506256708,1.63388470831016,0.201937198740539,0.999997068196745,0.999983379322086,"group_idyes"
"8853","CYP4F26P","Exc L4-5 RORB GABRG1",0.0646006960640656,3.57088775487332,0.853282256106804,0.356204432473816,0.999997068196745,0.999983379322086,"group_idyes"
"8854","AL356489.3","Exc L4-5 RORB GABRG1",-0.0160236216933893,2.38823269760748,0.0508835702159865,0.821652643650794,0.999997068196745,0.999983379322086,"group_idyes"
"8855","AL356489.2","Exc L4-5 RORB GABRG1",0.0117422746735341,1.4133684399304,0.0127104800323928,0.910294883253355,0.999997068196745,0.999983379322086,"group_idyes"
"8856","PRSS3","Exc L4-5 RORB GABRG1",0.0176583770526782,4.61779743938825,0.0497300492774601,0.823652025156345,0.999997068196745,0.999983379322086,"group_idyes"
"8857","UBE2R2-AS1","Exc L4-5 RORB GABRG1",-0.129092714491914,1.17242503509189,1.48347247522937,0.223978440431027,0.999997068196745,0.999983379322086,"group_idyes"
"8858","UBE2R2","Exc L4-5 RORB GABRG1",-0.0167491330511246,7.02221786308789,0.375735819738638,0.540256408538767,0.999997068196745,0.999983379322086,"group_idyes"
"8859","UBAP2","Exc L4-5 RORB GABRG1",-0.0227584181296784,5.91884130931148,0.488487914427941,0.485024876728393,0.999997068196745,0.999983379322086,"group_idyes"
"8860","AL354989.1","Exc L4-5 RORB GABRG1",-0.00540008243335959,1.00298159551357,0.000899179992949174,0.976093504260966,0.999997068196745,0.999983379322086,"group_idyes"
"8861","DCAF12","Exc L4-5 RORB GABRG1",0.020404232865585,4.08878474264591,0.231861449757862,0.630420780708527,0.999997068196745,0.999983379322086,"group_idyes"
"8862","UBAP1","Exc L4-5 RORB GABRG1",-0.0212735415325383,6.04372408575489,0.635490539685781,0.42584016635864,0.999997068196745,0.999983379322086,"group_idyes"
"8863","KIF24","Exc L4-5 RORB GABRG1",0.0400436639289431,2.35494764066324,0.282710247184424,0.595237172535756,0.999997068196745,0.999983379322086,"group_idyes"
"8864","NUDT2","Exc L4-5 RORB GABRG1",-0.012320392850067,3.31635990792091,0.0386347595177282,0.844277800432788,0.999997068196745,0.999983379322086,"group_idyes"
"8865","MYORG","Exc L4-5 RORB GABRG1",0.09490406404404,1.00687820856949,0.739808373860114,0.390257927122563,0.999997068196745,0.999983379322086,"group_idyes"
"8866","C9orf24","Exc L4-5 RORB GABRG1",-0.0266357729096776,4.48047373039545,0.201596090193658,0.653688403426399,0.999997068196745,0.999983379322086,"group_idyes"
"8867","FAM219A","Exc L4-5 RORB GABRG1",-0.0295779337293019,6.15763561016272,1.00014307861221,0.317904464244435,0.999997068196745,0.999983379322086,"group_idyes"
"8868","DNAI1","Exc L4-5 RORB GABRG1",-0.0353047409059207,3.60275579293344,0.279184951235623,0.597540576587102,0.999997068196745,0.999983379322086,"group_idyes"
"8869","ENHO","Exc L4-5 RORB GABRG1",0.0406252946050418,3.041403834157,0.207206499557996,0.649222558636066,0.999997068196745,0.999983379322086,"group_idyes"
"8870","CNTFR","Exc L4-5 RORB GABRG1",0.0471342316378487,3.03620716691845,0.537325577622152,0.463989596916165,0.999997068196745,0.999983379322086,"group_idyes"
"8871","RPP25L","Exc L4-5 RORB GABRG1",-0.0845833496979244,1.65772639000709,0.496619872456185,0.481415475294401,0.999997068196745,0.999983379322086,"group_idyes"
"8872","DCTN3","Exc L4-5 RORB GABRG1",-0.00115599181966435,4.49336855486288,0.000113316769173137,0.991512169036665,0.999997068196745,0.999983379322086,"group_idyes"
"8873","SIGMAR1","Exc L4-5 RORB GABRG1",0.0140123714068896,3.27836937219254,0.0512786774496784,0.820973294183143,0.999997068196745,0.999983379322086,"group_idyes"
"8874","GALT","Exc L4-5 RORB GABRG1",0.0174342308137603,2.55725230992797,0.0494445504794604,0.824150625230954,0.999997068196745,0.999983379322086,"group_idyes"
"8875","IL11RA","Exc L4-5 RORB GABRG1",0.0171459475023473,3.39573529953474,0.0810373657346543,0.816485697326552,0.999997068196745,0.999983379322086,"group_idyes"
"8876","AL162231.1","Exc L4-5 RORB GABRG1",-0.114945137306342,3.1162544724737,1.32838975413088,0.249807509116196,0.999997068196745,0.999983379322086,"group_idyes"
"8877","AL162231.2","Exc L4-5 RORB GABRG1",-0.0849443443738859,1.99376709343189,0.796661141822822,0.372651437161827,0.999997068196745,0.999983379322086,"group_idyes"
"8878","PHF24","Exc L4-5 RORB GABRG1",0.0131675823588022,5.64610889875611,0.0841264603870562,0.771937600786285,0.999997068196745,0.999983379322086,"group_idyes"
"8879","DNAJB5","Exc L4-5 RORB GABRG1",-0.180224109313719,1.43642967018994,2.57442101271922,0.10942436470195,0.999997068196745,0.999983379322086,"group_idyes"
"8880","VCP","Exc L4-5 RORB GABRG1",0.0282020211291181,5.78300966749378,0.553101810671389,0.457506999114479,0.999997068196745,0.999983379322086,"group_idyes"
"8881","FANCG","Exc L4-5 RORB GABRG1",-0.00383297161189158,2.15128027284329,0.00240750422076849,0.960891901836106,0.999997068196745,0.999983379322086,"group_idyes"
"8882","PIGO","Exc L4-5 RORB GABRG1",-0.127942946004169,1.41298242989953,1.44905391847405,0.229419943426311,0.999997068196745,0.999983379322086,"group_idyes"
"8883","STOML2","Exc L4-5 RORB GABRG1",0.0425689738080755,3.83353338707449,0.267445061617435,0.605347998349217,0.999997068196745,0.999983379322086,"group_idyes"
"8884","FAM214B","Exc L4-5 RORB GABRG1",0.0537954617998692,3.21535200771575,0.833583556001443,0.460496722164856,0.999997068196745,0.999983379322086,"group_idyes"
"8885","UNC13B","Exc L4-5 RORB GABRG1",0.0145842232775335,6.36823143490433,0.178486372472194,0.672913278071777,0.999997068196745,0.999983379322086,"group_idyes"
"8886","RUSC2","Exc L4-5 RORB GABRG1",-0.0111749821095579,6.45404675674776,0.139186722794595,0.709296326703676,0.999997068196745,0.999983379322086,"group_idyes"
"8887","TESK1","Exc L4-5 RORB GABRG1",0.017487027333452,4.04641526040646,0.105142830881314,0.745919421639889,0.999997068196745,0.999983379322086,"group_idyes"
"8888","CD72","Exc L4-5 RORB GABRG1",0.0394593709344016,1.49791157323909,0.0880316420873172,0.766854699608676,0.999997068196745,0.999983379322086,"group_idyes"
"8889","CCDC107","Exc L4-5 RORB GABRG1",0.0430072264482886,4.04849753151369,0.355806842179715,0.551195094309145,0.999997068196745,0.999983379322086,"group_idyes"
"8890","TPM2","Exc L4-5 RORB GABRG1",-0.00178310833955156,2.99392440623817,0.000416917630841384,0.983720062659598,0.999997068196745,0.999983379322086,"group_idyes"
"8891","TLN1","Exc L4-5 RORB GABRG1",0.0190828881105884,3.86476633468893,0.17097069165406,0.731704458609714,0.999997068196745,0.999983379322086,"group_idyes"
"8892","CREB3","Exc L4-5 RORB GABRG1",0.152735695953889,3.30535787441448,3.15927346384401,0.0762866792209379,0.999997068196745,0.999983379322086,"group_idyes"
"8893","GBA2","Exc L4-5 RORB GABRG1",-0.0116914319237234,5.00799828731189,0.0791991357401283,0.7785369648081,0.999997068196745,0.999983379322086,"group_idyes"
"8894","RGP1","Exc L4-5 RORB GABRG1",-0.0668501856092759,4.68981378828476,1.91665701761488,0.167028090980746,0.999997068196745,0.999983379322086,"group_idyes"
"8895","AL133410.1","Exc L4-5 RORB GABRG1",-0.0264706750725725,5.02383524937698,0.534846762930914,0.465021464738025,0.999997068196745,0.999983379322086,"group_idyes"
"8896","NPR2","Exc L4-5 RORB GABRG1",0.0271575512556905,3.26236729293451,0.149301791960906,0.699417090978189,0.999997068196745,0.999983379322086,"group_idyes"
"8897","SPAG8","Exc L4-5 RORB GABRG1",-0.103164412675878,2.04429264532832,1.08863463822427,0.297429083529894,0.999997068196745,0.999983379322086,"group_idyes"
"8898","HINT2","Exc L4-5 RORB GABRG1",-0.112541496629784,1.34821528707626,0.532593143341904,0.465962781010477,0.999997068196745,0.999983379322086,"group_idyes"
"8899","TMEM8B","Exc L4-5 RORB GABRG1",-0.0733462555198437,5.0092890870192,2.57516184333835,0.109373515856072,0.999997068196745,0.999983379322086,"group_idyes"
"8900","HRCT1","Exc L4-5 RORB GABRG1",0.220204122987082,0.408137070037103,1.97912015759609,0.160290398275507,0.999997068196745,0.999983379322086,"group_idyes"
"8901","SPAAR","Exc L4-5 RORB GABRG1",-0.0427456758416265,3.75226041366097,0.256708702838578,0.612680632943683,0.999997068196745,0.999983379322086,"group_idyes"
"8902","RECK","Exc L4-5 RORB GABRG1",-0.0366819755538786,5.59620112183478,1.42908933444654,0.232649446244619,0.999997068196745,0.999983379322086,"group_idyes"
"8903","CLTA","Exc L4-5 RORB GABRG1",-0.0341960259632252,6.02104885933448,0.424682024106368,0.514999095625259,0.999997068196745,0.999983379322086,"group_idyes"
"8904","GNE","Exc L4-5 RORB GABRG1",-0.0219008280182757,4.47831961344638,0.318318989257112,0.572948378948366,0.999997068196745,0.999983379322086,"group_idyes"
"8905","RNF38","Exc L4-5 RORB GABRG1",-0.0389422637061042,6.39606955165651,1.85673479357994,0.173799205294249,0.999997068196745,0.999983379322086,"group_idyes"
"8906","MELK","Exc L4-5 RORB GABRG1",-0.117945615662286,0.836669223744152,0.784941184913105,0.459607806317668,0.999997068196745,0.999983379322086,"group_idyes"
"8907","PAX5","Exc L4-5 RORB GABRG1",0.0474462852308524,1.03151229484634,0.159216053204411,0.822115294192747,0.999997068196745,0.999983379322086,"group_idyes"
"8908","EBLN3P","Exc L4-5 RORB GABRG1",0.0432174996082564,4.78733907611848,0.734020023934269,0.392116562574788,0.999997068196745,0.999983379322086,"group_idyes"
"8909","ZCCHC7","Exc L4-5 RORB GABRG1",-0.0150897803356519,8.01118591377645,0.218164429365124,0.64070651537764,0.999997068196745,0.999983379322086,"group_idyes"
"8910","GRHPR","Exc L4-5 RORB GABRG1",-0.0807136766457797,3.87349120701487,1.83599766906215,0.176215830332886,0.999997068196745,0.999983379322086,"group_idyes"
"8911","ZBTB5","Exc L4-5 RORB GABRG1",-0.0207127447502123,3.61287606275616,0.192176791845376,0.973846174537689,0.999997068196745,0.999983379322086,"group_idyes"
"8912","POLR1E","Exc L4-5 RORB GABRG1",0.0596589595457758,2.18703224586914,0.558730826159407,0.455228674845802,0.999997068196745,0.999983379322086,"group_idyes"
"8913","FBXO10","Exc L4-5 RORB GABRG1",0.0713657623245512,2.91300240378876,1.37554782394069,0.459482067759751,0.999997068196745,0.999983379322086,"group_idyes"
"8914","AL513165.2","Exc L4-5 RORB GABRG1",-0.0893208403459213,2.02069286539793,1.48584033584845,0.312236557041963,0.999997068196745,0.999983379322086,"group_idyes"
"8915","AL138752.2","Exc L4-5 RORB GABRG1",0.0411983151693463,4.6429720209309,1.06121553506409,0.328313523827228,0.999997068196745,0.999983379322086,"group_idyes"
"8916","FRMPD1","Exc L4-5 RORB GABRG1",-0.0199265910717218,0.951088369847836,0.0254973392094477,0.873217848976357,0.999997068196745,0.999983379322086,"group_idyes"
"8917","TRMT10B","Exc L4-5 RORB GABRG1",0.00227702031348279,4.71289982025332,0.00122747334267679,0.972069750382452,0.999997068196745,0.999983379322086,"group_idyes"
"8918","DCAF10","Exc L4-5 RORB GABRG1",0.00857315344833026,6.9297102033778,0.080306002516385,0.777035578803845,0.999997068196745,0.999983379322086,"group_idyes"
"8919","ALDH1B1","Exc L4-5 RORB GABRG1",0.17332819233284,0.786329180863539,1.38565928860677,0.239867235543436,0.999997068196745,0.999983379322086,"group_idyes"
"8920","IGFBPL1","Exc L4-5 RORB GABRG1",-0.0230550844595909,1.63108273417841,0.0479568623909495,0.826773533851732,0.999997068196745,0.999983379322086,"group_idyes"
"8921","FAM95C","Exc L4-5 RORB GABRG1",0.0038680097592213,3.63396794804887,0.00239655465690862,0.960980865538801,0.999997068196745,0.999983379322086,"group_idyes"
"8922","ANKRD18A","Exc L4-5 RORB GABRG1",0.0344220102068653,4.2247318490445,0.184174506456783,0.668050225215394,0.999997068196745,0.999983379322086,"group_idyes"
"8923","FAM201A","Exc L4-5 RORB GABRG1",-0.0876089047787574,2.26907077160287,0.931050200222192,0.335196295005137,0.999997068196745,0.999983379322086,"group_idyes"
"8924","AL845311.1","Exc L4-5 RORB GABRG1",-0.0825588324436431,1.18779372840617,0.260191774559381,0.61028093812753,0.999997068196745,0.999983379322086,"group_idyes"
"8925","CNTNAP3","Exc L4-5 RORB GABRG1",-0.0582666130132907,1.30742430278203,0.21563545051619,0.642648461342644,0.999997068196745,0.999983379322086,"group_idyes"
"8926","GLIDR","Exc L4-5 RORB GABRG1",-0.0642073799545549,4.77113622437044,1.21162988478523,0.271697780667685,0.999997068196745,0.999983379322086,"group_idyes"
"8927","ANKRD20A2","Exc L4-5 RORB GABRG1",-0.0824964222999863,1.19629251472504,0.266474410250752,0.606003190024147,0.999997068196745,0.999983379322086,"group_idyes"
"8928","FAM95B1","Exc L4-5 RORB GABRG1",-0.0174835568927281,4.48340198555233,0.101452030289613,0.750266887996562,0.999997068196745,0.999983379322086,"group_idyes"
"8929","BMS1P14","Exc L4-5 RORB GABRG1",0.128408103814699,4.62148284491496,1.91320393409324,0.167409938530075,0.999997068196745,0.999983379322086,"group_idyes"
"8930","FP325318.1","Exc L4-5 RORB GABRG1",0.206535611196172,1.63575256217119,1.65338519221636,0.199272181614603,0.999997068196745,0.999983379322086,"group_idyes"
"8931","AL353626.1","Exc L4-5 RORB GABRG1",-0.0042236169552734,3.53784809756484,0.00121346827303681,0.972229480021685,0.999997068196745,0.999983379322086,"group_idyes"
"8932","BX255923.2","Exc L4-5 RORB GABRG1",0.0460745924662444,3.58057476577341,0.222233475901905,0.637610578360428,0.999997068196745,0.999983379322086,"group_idyes"
"8933","CBWD6","Exc L4-5 RORB GABRG1",0.0184854091215511,4.86294718813792,0.0750909748172688,0.784210687720319,0.999997068196745,0.999983379322086,"group_idyes"
"8934","AL845472.1","Exc L4-5 RORB GABRG1",0.0126289224353642,1.02386370965124,0.00940088905552364,0.922810092050391,0.999997068196745,0.999983379322086,"group_idyes"
"8935","AL591926.2","Exc L4-5 RORB GABRG1",-0.0702532252195071,1.99006010975574,0.265408392735188,0.606724498345253,0.999997068196745,0.999983379322086,"group_idyes"
"8936","CNTNAP3B","Exc L4-5 RORB GABRG1",-0.0999924904069169,4.05429680747329,0.547896754569123,0.459629814511732,0.999997068196745,0.999983379322086,"group_idyes"
"8937","AL445584.2","Exc L4-5 RORB GABRG1",0.00616502586892506,1.26258255670181,0.00203075335742893,0.964079771490692,0.999997068196745,0.999983379322086,"group_idyes"
"8938","AL591441.1","Exc L4-5 RORB GABRG1",-0.0190281782246175,3.02053678287591,0.0569950817617012,0.811437082325924,0.999997068196745,0.999983379322086,"group_idyes"
"8939","FAM27C","Exc L4-5 RORB GABRG1",-0.252372516535106,1.30538675109774,4.70834824483783,0.0306278973431747,0.999997068196745,0.999983379322086,"group_idyes"
"8940","AL391987.2","Exc L4-5 RORB GABRG1",-0.0494106478715871,4.37576136177958,0.510730892727485,0.475256027650226,0.999997068196745,0.999983379322086,"group_idyes"
"8941","AL391987.3","Exc L4-5 RORB GABRG1",0.042094514236464,0.831550737897745,0.0476865913117479,0.827254599729903,0.999997068196745,0.999983379322086,"group_idyes"
"8942","CR769775.2","Exc L4-5 RORB GABRG1",-0.12530841540817,2.55076604507244,0.990980578834925,0.320128514251313,0.999997068196745,0.999983379322086,"group_idyes"
"8943","LINC01410","Exc L4-5 RORB GABRG1",-0.00129436759436474,1.51333289696143,5.63688899724248e-05,0.99401349286935,0.999997068196745,0.999983379322086,"group_idyes"
"8944","AL512625.3","Exc L4-5 RORB GABRG1",0.0211917843725595,3.61957838329335,0.0737024695352716,0.786165963392712,0.999997068196745,0.999983379322086,"group_idyes"
"8945","AL512625.1","Exc L4-5 RORB GABRG1",-0.0661192219521955,1.41157019664257,0.473128408183627,0.848217845217236,0.999997068196745,0.999983379322086,"group_idyes"
"8946","ANKRD20A4","Exc L4-5 RORB GABRG1",0.0296730991502682,3.48240646158249,0.121350561175949,0.72776482607995,0.999997068196745,0.999983379322086,"group_idyes"
"8947","CBWD5","Exc L4-5 RORB GABRG1",0.048132033425114,6.30836575913847,1.07642286440205,0.300150796746333,0.999997068196745,0.999983379322086,"group_idyes"
"8948","AL136317.2","Exc L4-5 RORB GABRG1",0.0111092712251368,5.44029595726031,0.0452504557101608,0.831656824849449,0.999997068196745,0.999983379322086,"group_idyes"
"8949","ANKRD20A3","Exc L4-5 RORB GABRG1",0.0465093964042285,3.33971035977122,0.526038499685549,0.468718046765456,0.999997068196745,0.999983379322086,"group_idyes"
"8950","ZNF658","Exc L4-5 RORB GABRG1",0.0379793565461024,4.35579465376721,0.75985566787316,0.383917336476964,0.999997068196745,0.999983379322086,"group_idyes"
"8951","ANKRD20A1","Exc L4-5 RORB GABRG1",0.066938612186146,2.9129852092181,0.823426906308309,0.364748133728584,0.999997068196745,0.999983379322086,"group_idyes"
"8952","AL353608.2","Exc L4-5 RORB GABRG1",0.216746293680961,1.26753727105066,3.75142942517398,0.0534941993578098,0.999997068196745,0.999983379322086,"group_idyes"
"8953","CBWD3","Exc L4-5 RORB GABRG1",-0.0148954916488386,4.19851929884083,0.0636852821835133,0.800898021349299,0.999997068196745,0.999983379322086,"group_idyes"
"8954","AL353608.3","Exc L4-5 RORB GABRG1",0.120602088354623,1.219824619517,1.06501075318987,0.302723418984305,0.999997068196745,0.999983379322086,"group_idyes"
"8955","PGM5","Exc L4-5 RORB GABRG1",-0.0702310768056395,3.23389017512914,0.573977002174368,0.449146648961614,0.999997068196745,0.999983379322086,"group_idyes"
"8956","AL161457.2","Exc L4-5 RORB GABRG1",0.026805318738471,4.34818116863323,0.239407624606576,0.624913123047059,0.999997068196745,0.999983379322086,"group_idyes"
"8957","PIP5K1B","Exc L4-5 RORB GABRG1",0.0044867717177474,6.16924296128216,0.0100412918617685,0.920232782802983,0.999997068196745,0.999983379322086,"group_idyes"
"8958","FAM189A2","Exc L4-5 RORB GABRG1",0.212421316368679,0.864793729272933,2.35859944355601,0.125415955349496,0.999997068196745,0.999983379322086,"group_idyes"
"8959","APBA1","Exc L4-5 RORB GABRG1",-0.0126892443988221,7.60124548008936,0.119369160179994,0.729908524765664,0.999997068196745,0.999983379322086,"group_idyes"
"8960","AL353693.1","Exc L4-5 RORB GABRG1",0.0247375665017358,1.3626738904492,0.0198713369142285,0.887970793625557,0.999997068196745,0.999983379322086,"group_idyes"
"8961","PTAR1","Exc L4-5 RORB GABRG1",-0.00830734402592251,4.62945700341498,0.0338740482332046,0.854071952992907,0.999997068196745,0.999983379322086,"group_idyes"
"8962","MAMDC2-AS1","Exc L4-5 RORB GABRG1",0.0438426915950841,4.83213275398986,0.489462178742243,0.48459009287641,0.999997068196745,0.999983379322086,"group_idyes"
"8963","MAMDC2","Exc L4-5 RORB GABRG1",0.0986513189903244,4.64834416562924,0.622016020869904,0.430784815514391,0.999997068196745,0.999983379322086,"group_idyes"
"8964","SMC5-AS1","Exc L4-5 RORB GABRG1",-0.0230707841053874,4.36050068013267,0.157173100501487,0.691992420675471,0.999997068196745,0.999983379322086,"group_idyes"
"8965","SMC5","Exc L4-5 RORB GABRG1",0.0356808173127117,6.55297107224113,1.1057825677407,0.29366059762155,0.999997068196745,0.999983379322086,"group_idyes"
"8966","KLF9","Exc L4-5 RORB GABRG1",-0.00302929938662064,6.10737521959136,0.00520883069657527,0.942502349357171,0.999997068196745,0.999983379322086,"group_idyes"
"8967","TRPM3","Exc L4-5 RORB GABRG1",-0.0261248929335184,7.58413692859806,0.126672153209038,0.722102804326184,0.999997068196745,0.999983379322086,"group_idyes"
"8968","CEMIP2","Exc L4-5 RORB GABRG1",-0.148266000659758,4.51146962636628,5.83316582213192,0.0161922355938512,0.999997068196745,0.999983379322086,"group_idyes"
"8969","ABHD17B","Exc L4-5 RORB GABRG1",-0.00136784898286126,5.06811928502445,0.00198766582704822,0.964462627670834,0.999997068196745,0.999983379322086,"group_idyes"
"8970","C9orf85","Exc L4-5 RORB GABRG1",-0.00439891841533209,5.08488131292267,0.0133447137375616,0.908093775700432,0.999997068196745,0.999983379322086,"group_idyes"
"8971","C9orf57","Exc L4-5 RORB GABRG1",0.0433588772811776,0.447757255571385,0.0706561372837561,0.790526213170219,0.999997068196745,0.999983379322086,"group_idyes"
"8972","GDA","Exc L4-5 RORB GABRG1",-0.0225007724044392,6.38031066502448,0.304324617173689,0.581504157858599,0.999997068196745,0.999983379322086,"group_idyes"
"8973","ZFAND5","Exc L4-5 RORB GABRG1",-0.0223223319179066,6.44165623479018,0.187557099974982,0.665200338160403,0.999997068196745,0.999983379322086,"group_idyes"
"8974","TMC1","Exc L4-5 RORB GABRG1",-0.0550503552102785,1.25165193507624,0.202461114058027,0.652995013758938,0.999997068196745,0.999983379322086,"group_idyes"
"8975","LINC01474","Exc L4-5 RORB GABRG1",0.140406850678685,2.743407537007,1.9565894298457,0.162684154855639,0.999997068196745,0.999983379322086,"group_idyes"
"8976","ALDH1A1","Exc L4-5 RORB GABRG1",0.0462598182332583,7.5806924424407,0.521379386959152,0.470692503491398,0.999997068196745,0.999983379322086,"group_idyes"
"8977","ANXA1","Exc L4-5 RORB GABRG1",-0.0258223132998837,3.57956950206255,0.044781906210114,0.832517621471725,0.999997068196745,0.999983379322086,"group_idyes"
"8978","RORB-AS1","Exc L4-5 RORB GABRG1",-0.00168097351762889,5.9752662320185,0.00211931277868755,0.96330544678219,0.999997068196745,0.999983379322086,"group_idyes"
"8979","RORB","Exc L4-5 RORB GABRG1",0.0438129048326648,10.0942228988397,2.38425561985915,0.123385379730305,0.999997068196745,0.999983379322086,"group_idyes"
"8980","TRPM6","Exc L4-5 RORB GABRG1",-0.0535290550318657,2.85892719082035,0.537609150907803,0.463871785906969,0.999997068196745,0.999983379322086,"group_idyes"
"8981","C9orf40","Exc L4-5 RORB GABRG1",-0.00761955289308789,3.46646627671936,0.0143349527539058,0.904760589433298,0.999997068196745,0.999983379322086,"group_idyes"
"8982","C9orf41-AS1","Exc L4-5 RORB GABRG1",-0.00804762927980406,3.59697343013053,0.0224439313598708,0.880990667055715,0.999997068196745,0.999983379322086,"group_idyes"
"8983","CARNMT1","Exc L4-5 RORB GABRG1",-0.00754754233227898,6.47310749904101,0.0646489903677319,0.799429259090562,0.999997068196745,0.999983379322086,"group_idyes"
"8984","NMRK1","Exc L4-5 RORB GABRG1",0.0086798240275331,5.3110499166004,0.0300269239573602,0.862520284407373,0.999997068196745,0.999983379322086,"group_idyes"
"8985","OSTF1","Exc L4-5 RORB GABRG1",-0.0313526026933534,5.96628335968013,1.0649098191209,0.302746299455757,0.999997068196745,0.999983379322086,"group_idyes"
"8986","PCSK5","Exc L4-5 RORB GABRG1",-0.233846976518928,2.55234475591455,4.89924731436363,0.027454504249411,0.999997068196745,0.999983379322086,"group_idyes"
"8987","RFK","Exc L4-5 RORB GABRG1",0.00202067486086191,4.83383408904231,0.000840765563429672,0.976882849532632,0.999997068196745,0.999983379322086,"group_idyes"
"8988","GCNT1","Exc L4-5 RORB GABRG1",0.10725678734915,3.58968392017398,1.52005525424656,0.218363943300076,0.999997068196745,0.999983379322086,"group_idyes"
"8989","PRUNE2","Exc L4-5 RORB GABRG1",0.0298495509986392,6.94815965252597,0.796277015140404,0.372766595798856,0.999997068196745,0.999983379322086,"group_idyes"
"8990","PCA3","Exc L4-5 RORB GABRG1",0.0317520536669401,1.91280400881032,0.115050061458502,0.734651439574318,0.999997068196745,0.999983379322086,"group_idyes"
"8991","VPS13A","Exc L4-5 RORB GABRG1",0.00928136284789584,7.96733487128203,0.0896866973871249,0.764737553655825,0.999997068196745,0.999983379322086,"group_idyes"
"8992","GNA14","Exc L4-5 RORB GABRG1",-0.0201376866769566,4.25395442301621,0.194579386755028,0.65938003500544,0.999997068196745,0.999983379322086,"group_idyes"
"8993","GNAQ","Exc L4-5 RORB GABRG1",-0.0191454353221536,8.82635044882938,0.712067248202595,0.399282755443274,0.999997068196745,0.999983379322086,"group_idyes"
"8994","CEP78","Exc L4-5 RORB GABRG1",-0.00771378095955379,5.95135748201995,0.064954744836951,0.798965705134174,0.999997068196745,0.999983379322086,"group_idyes"
"8995","PSAT1","Exc L4-5 RORB GABRG1",-0.049776458452695,3.47785498438325,0.490961261817488,0.483922356522384,0.999997068196745,0.999983379322086,"group_idyes"
"8996","TLE4","Exc L4-5 RORB GABRG1",0.0677079923952114,7.37172154651775,2.49473714243945,0.115049231992113,0.999997068196745,0.999983379322086,"group_idyes"
"8997","TLE1","Exc L4-5 RORB GABRG1",-0.0174842610341717,5.13455859583168,0.132634417820738,0.715916141894537,0.999997068196745,0.999983379322086,"group_idyes"
"8998","AL591368.1","Exc L4-5 RORB GABRG1",-0.0273408035988336,3.96781123143702,0.145353493271662,0.703226325494097,0.999997068196745,0.999983379322086,"group_idyes"
"8999","RASEF","Exc L4-5 RORB GABRG1",0.00198071821484132,0.643267183513425,3.39429788487694e-05,0.995354522435308,0.999997068196745,0.999983379322086,"group_idyes"
"9000","FRMD3","Exc L4-5 RORB GABRG1",-0.0170666863796033,5.35905962798516,0.118399355541952,0.730965031884149,0.999997068196745,0.999983379322086,"group_idyes"
"9001","IDNK","Exc L4-5 RORB GABRG1",-0.059024037121523,3.15296811115159,0.590034197267409,0.44287710690637,0.999997068196745,0.999983379322086,"group_idyes"
"9002","UBQLN1","Exc L4-5 RORB GABRG1",-0.0110984149730313,6.32908623050109,0.182551553115462,0.669428603588637,0.999997068196745,0.999983379322086,"group_idyes"
"9003","GKAP1","Exc L4-5 RORB GABRG1",0.0205517698281453,5.26047057775265,0.277149488660739,0.598879021560774,0.999997068196745,0.999983379322086,"group_idyes"
"9004","AL354733.2","Exc L4-5 RORB GABRG1",0.0394508332416059,2.6731608894929,0.330287571727292,0.565825703025981,0.999997068196745,0.999983379322086,"group_idyes"
"9005","KIF27","Exc L4-5 RORB GABRG1",0.0137490219602766,5.32874204146012,0.14283390518142,0.705688248590047,0.999997068196745,0.999983379322086,"group_idyes"
"9006","C9orf64","Exc L4-5 RORB GABRG1",0.0052041688961506,2.27614818077731,0.0068202741431866,0.934224516910352,0.999997068196745,0.999983379322086,"group_idyes"
"9007","HNRNPK","Exc L4-5 RORB GABRG1",0.0252638578280507,6.27427627037913,0.224340337321365,0.636021169801994,0.999997068196745,0.999983379322086,"group_idyes"
"9008","AL354733.3","Exc L4-5 RORB GABRG1",0.00731788252685245,0.5661234316829,0.00270563681678478,0.958543150988571,0.999997068196745,0.999983379322086,"group_idyes"
"9009","RMI1","Exc L4-5 RORB GABRG1",0.00362594880090839,3.72814112305174,0.00559141027025174,0.94043201423817,0.999997068196745,0.999983379322086,"group_idyes"
"9010","AL390838.1","Exc L4-5 RORB GABRG1",-0.0574605563580929,0.826578271079351,0.178507127788543,0.672895368291935,0.999997068196745,0.999983379322086,"group_idyes"
"9011","NTRK2","Exc L4-5 RORB GABRG1",-0.00817737431818166,9.21068591067059,0.0521141034077249,0.819545862828404,0.999997068196745,0.999983379322086,"group_idyes"
"9012","AGTPBP1","Exc L4-5 RORB GABRG1",-0.0320132568831681,7.6167720942111,1.54037184854426,0.215318679717144,0.999997068196745,0.999983379322086,"group_idyes"
"9013","AL353743.2","Exc L4-5 RORB GABRG1",-0.00292423890979883,2.47409955907062,0.00147520298936517,0.969382008386094,0.999997068196745,0.999983379322086,"group_idyes"
"9014","NAA35","Exc L4-5 RORB GABRG1",-0.0178579027420789,5.88174874674395,0.323610023484321,0.569778111159705,0.999997068196745,0.999983379322086,"group_idyes"
"9015","GOLM1","Exc L4-5 RORB GABRG1",0.0150238427703988,6.31705216432925,0.331437388427691,0.565150504861897,0.999997068196745,0.999983379322086,"group_idyes"
"9016","C9orf153","Exc L4-5 RORB GABRG1",-0.0145228508376206,3.45612439480507,0.0105250623700217,0.918340460524694,0.999997068196745,0.999983379322086,"group_idyes"
"9017","ISCA1","Exc L4-5 RORB GABRG1",0.031373356491141,5.32228353492963,0.344895635348664,0.557361395945936,0.999997068196745,0.999983379322086,"group_idyes"
"9018","TUT7","Exc L4-5 RORB GABRG1",0.0147160428594788,6.01361150289419,0.19761278662142,0.656904635811767,0.999997068196745,0.999983379322086,"group_idyes"
"9019","AL353613.1","Exc L4-5 RORB GABRG1",-0.129429307471042,0.498536752629857,0.570573929669794,0.45049312535375,0.999997068196745,0.999983379322086,"group_idyes"
"9020","GAS1","Exc L4-5 RORB GABRG1",0.143848839153868,1.30532996460015,1.66009798011938,0.201929151639085,0.999997068196745,0.999983379322086,"group_idyes"
"9021","GAS1RR","Exc L4-5 RORB GABRG1",-0.0909356062306746,4.41729042958186,2.09104611464475,0.148978714424004,0.999997068196745,0.999983379322086,"group_idyes"
"9022","DAPK1","Exc L4-5 RORB GABRG1",0.00102309342761419,7.21004451130718,0.000544688300498456,0.981392314800741,0.999997068196745,0.999983379322086,"group_idyes"
"9023","CTSL","Exc L4-5 RORB GABRG1",0.00425116666343521,4.35072522577227,0.00496770284020467,0.943846701760021,0.999997068196745,0.999983379322086,"group_idyes"
"9024","CDK20","Exc L4-5 RORB GABRG1",-0.0512203741372231,3.09197564551832,0.63104411867941,0.47021764789851,0.999997068196745,0.999983379322086,"group_idyes"
"9025","SPIN1","Exc L4-5 RORB GABRG1",0.0184416543085951,7.46514644954556,0.69818181756295,0.807995462309062,0.999997068196745,0.999983379322086,"group_idyes"
"9026","NXNL2","Exc L4-5 RORB GABRG1",0.0167691486471785,1.24916635994247,0.0235839636680218,0.878028749046736,0.999997068196745,0.999983379322086,"group_idyes"
"9027","S1PR3","Exc L4-5 RORB GABRG1",-0.0213989306208339,0.0527107931259794,0.0121516317481791,0.933967423407297,0.999997068196745,0.999983379322086,"group_idyes"
"9028","SHC3","Exc L4-5 RORB GABRG1",-0.0576869102857698,7.460415627405,1.78331407148435,0.182532435380171,0.999997068196745,0.999983379322086,"group_idyes"
"9029","CKS2","Exc L4-5 RORB GABRG1",0.146575642497965,2.12149282858708,1.22819384880991,0.268450911136365,0.999997068196745,0.999983379322086,"group_idyes"
"9030","SECISBP2","Exc L4-5 RORB GABRG1",-0.00725158173032685,6.3517536799242,0.03027499083001,0.861959258320585,0.999997068196745,0.999983379322086,"group_idyes"
"9031","SEMA4D","Exc L4-5 RORB GABRG1",-0.0655620661496991,5.80126628325611,2.64197572603596,0.104892889812174,0.999997068196745,0.999983379322086,"group_idyes"
"9032","GADD45G","Exc L4-5 RORB GABRG1",0.0364439079120939,1.67265679432212,0.0881192655519715,0.766742071189096,0.999997068196745,0.999983379322086,"group_idyes"
"9033","LINC01508","Exc L4-5 RORB GABRG1",0.157193641240472,0.809737174038662,1.19674880139285,0.274656904461655,0.999997068196745,0.999983379322086,"group_idyes"
"9034","LINC01501","Exc L4-5 RORB GABRG1",-0.283913946280496,0.451378791936649,2.60201811455865,0.107547643459452,0.999997068196745,0.999983379322086,"group_idyes"
"9035","DIRAS2","Exc L4-5 RORB GABRG1",0.0520391900942039,6.13194315499226,0.820994897883488,0.365456548543815,0.999997068196745,0.999983379322086,"group_idyes"
"9036","SYK","Exc L4-5 RORB GABRG1",0.103017039326148,0.386882867912983,0.420872387340602,0.516889105765928,0.999997068196745,0.999983379322086,"group_idyes"
"9037","AL158071.1","Exc L4-5 RORB GABRG1",0.0624146682707827,1.44720697090051,0.23382192459108,0.628979386164232,0.999997068196745,0.999983379322086,"group_idyes"
"9038","AL158071.4","Exc L4-5 RORB GABRG1",0.0375654054763388,4.46222090072894,0.242876383343294,0.622417460534356,0.999997068196745,0.999983379322086,"group_idyes"
"9039","AL158071.5","Exc L4-5 RORB GABRG1",0.0352429248478383,1.42688914645244,0.135026621341331,0.713478208964467,0.999997068196745,0.999983379322086,"group_idyes"
"9040","AUH","Exc L4-5 RORB GABRG1",0.00662034594946133,7.05202475777303,0.0426520701743538,0.836491045704205,0.999997068196745,0.999983379322086,"group_idyes"
"9041","NFIL3","Exc L4-5 RORB GABRG1",0.134658973921059,4.07373590327844,4.51638094685367,0.0342085232632538,0.999997068196745,0.999983379322086,"group_idyes"
"9042","ROR2","Exc L4-5 RORB GABRG1",0.0133801914671133,4.58641101829506,0.0183266038295403,0.892385566279014,0.999997068196745,0.999983379322086,"group_idyes"
"9043","SPTLC1","Exc L4-5 RORB GABRG1",-0.0507442226281214,5.48360804628399,3.31089676784386,0.096559040198793,0.999997068196745,0.999983379322086,"group_idyes"
"9044","IARS","Exc L4-5 RORB GABRG1",0.00695434117270574,6.20841170680542,0.0519895330489913,0.819757939637365,0.999997068196745,0.999983379322086,"group_idyes"
"9045","NOL8","Exc L4-5 RORB GABRG1",0.0406464049998051,4.20760714791324,0.873462458379465,0.360688712535195,0.999997068196745,0.999983379322086,"group_idyes"
"9046","CENPP","Exc L4-5 RORB GABRG1",0.00167644802461038,6.849630366836,0.00123962816049556,0.97193186108419,0.999997068196745,0.999983379322086,"group_idyes"
"9047","OGN","Exc L4-5 RORB GABRG1",-0.0579647968457741,1.03250736075279,0.15359960012367,0.695335915449798,0.999997068196745,0.999983379322086,"group_idyes"
"9048","OMD","Exc L4-5 RORB GABRG1",0.000256822272107045,0.978598411575218,7.07403108481041e-05,0.993293650207474,0.999997068196745,0.999983379322086,"group_idyes"
"9049","ASPN","Exc L4-5 RORB GABRG1",-0.0827448854215868,1.20608148205656,0.288392569509347,0.59156288359477,0.999997068196745,0.999983379322086,"group_idyes"
"9050","ECM2","Exc L4-5 RORB GABRG1",-0.0820722672795866,1.40589863119195,0.388147004147139,0.533644154176337,0.999997068196745,0.999983379322086,"group_idyes"
"9051","IPPK","Exc L4-5 RORB GABRG1",-0.00999225992825109,4.89410660978355,0.0880894411210361,0.766780399721684,0.999997068196745,0.999983379322086,"group_idyes"
"9052","BICD2","Exc L4-5 RORB GABRG1",0.0176450389109604,4.49045998362053,0.23903750856887,0.625180731219009,0.999997068196745,0.999983379322086,"group_idyes"
"9053","ZNF484","Exc L4-5 RORB GABRG1",-0.0554839679986001,4.22256309793508,1.46588095995572,0.226739955086322,0.999997068196745,0.999983379322086,"group_idyes"
"9054","FGD3","Exc L4-5 RORB GABRG1",-0.185048728189124,0.780197939908964,1.97441176206702,0.257999093832503,0.999997068196745,0.999983379322086,"group_idyes"
"9055","CARD19","Exc L4-5 RORB GABRG1",-0.00394394231030103,4.47843349912695,0.00598272330263442,0.938386863416288,0.999997068196745,0.999983379322086,"group_idyes"
"9056","NINJ1","Exc L4-5 RORB GABRG1",0.0498261242724113,2.76953960616743,0.321618245538171,0.570967490259647,0.999997068196745,0.999983379322086,"group_idyes"
"9057","WNK2","Exc L4-5 RORB GABRG1",-0.0101740889685615,7.47040531490231,0.0829004619282392,0.773559645248403,0.999997068196745,0.999983379322086,"group_idyes"
"9058","C9orf129","Exc L4-5 RORB GABRG1",-0.0272545244805386,5.10595748922985,0.53321581231339,0.895758262001266,0.999997068196745,0.999983379322086,"group_idyes"
"9059","AL583839.1","Exc L4-5 RORB GABRG1",-0.10425190771032,1.65187529945916,1.15258867673756,0.283680799729439,0.999997068196745,0.999983379322086,"group_idyes"
"9060","FAM120AOS","Exc L4-5 RORB GABRG1",0.0159295286276204,4.08186815857667,0.123184813854611,0.725797756971932,0.999997068196745,0.999983379322086,"group_idyes"
"9061","FAM120A","Exc L4-5 RORB GABRG1",-0.0250372733465268,6.53416157162133,0.853424036259536,0.356164520821213,0.999997068196745,0.999983379322086,"group_idyes"
"9062","PHF2","Exc L4-5 RORB GABRG1",-0.0371560960547532,4.64584072971743,1.01722408500221,0.31381226403752,0.999997068196745,0.999983379322086,"group_idyes"
"9063","PTPDC1","Exc L4-5 RORB GABRG1",-0.0468839411829378,5.59941863323566,1.69909571610506,0.193185755792473,0.999997068196745,0.999983379322086,"group_idyes"
"9064","AL158152.2","Exc L4-5 RORB GABRG1",-0.0900579440573172,4.26315054603507,2.81082562705686,0.0944424954526322,0.999997068196745,0.999983379322086,"group_idyes"
"9065","ZNF169","Exc L4-5 RORB GABRG1",-0.0259153183806336,4.70273509887072,0.429472945115914,0.900897954983055,0.999997068196745,0.999983379322086,"group_idyes"
"9066","AL691447.2","Exc L4-5 RORB GABRG1",-0.0228537757652131,1.7505112422506,0.036699027104233,0.848180183785877,0.999997068196745,0.999983379322086,"group_idyes"
"9067","MFSD14B","Exc L4-5 RORB GABRG1",-0.00320189713494143,4.92832406732137,0.00962849242318944,0.921884231487278,0.999997068196745,0.999983379322086,"group_idyes"
"9068","PCAT7","Exc L4-5 RORB GABRG1",-0.0986345998159818,1.28921885272226,0.516153055413401,0.472923380210719,0.999997068196745,0.999983379322086,"group_idyes"
"9069","FBP2","Exc L4-5 RORB GABRG1",-0.0429695763208005,0.464463877253809,0.0857419977326545,0.807521472350944,0.999997068196745,0.999983379322086,"group_idyes"
"9070","FBP1","Exc L4-5 RORB GABRG1",-0.110316813886492,0.79360817836482,0.412934840550856,0.520866395857985,0.999997068196745,0.999983379322086,"group_idyes"
"9071","C9orf3","Exc L4-5 RORB GABRG1",-0.0595970633866675,7.55348946190891,2.10680251176411,0.147460367442684,0.999997068196745,0.999983379322086,"group_idyes"
"9072","FANCC","Exc L4-5 RORB GABRG1",0.0373199303815982,5.82746994691106,0.620879827820937,0.431205726616696,0.999997068196745,0.999983379322086,"group_idyes"
"9073","PTCH1","Exc L4-5 RORB GABRG1",-0.0303303258072058,4.44203237523913,0.241849957015875,0.623153623459628,0.999997068196745,0.999983379322086,"group_idyes"
"9074","AL354861.2","Exc L4-5 RORB GABRG1",0.0533264182414208,1.46190514970375,0.228439838545094,0.988793699046613,0.999997068196745,0.999983379322086,"group_idyes"
"9075","LINC00476","Exc L4-5 RORB GABRG1",0.011413408353053,6.09587523038619,0.0476904968621961,0.827247637932679,0.999997068196745,0.999983379322086,"group_idyes"
"9076","ERCC6L2","Exc L4-5 RORB GABRG1",0.0536992888867884,6.56565217350224,1.91095449550062,0.167659224722151,0.999997068196745,0.999983379322086,"group_idyes"
"9077","LINC00092","Exc L4-5 RORB GABRG1",0.0652827625698447,1.20263908989432,0.241617198981959,0.623320829657508,0.999997068196745,0.999983379322086,"group_idyes"
"9078","SLC35D2","Exc L4-5 RORB GABRG1",-0.0453352748730453,0.293902919544781,0.080995575814418,0.776105867193864,0.999997068196745,0.999983379322086,"group_idyes"
"9079","ZNF367","Exc L4-5 RORB GABRG1",0.0309679319708864,2.61403551313651,0.204334550210472,0.651499382474774,0.999997068196745,0.999983379322086,"group_idyes"
"9080","HABP4","Exc L4-5 RORB GABRG1",-0.0412219071285642,6.37015785405547,1.29036828236375,0.256687201258042,0.999997068196745,0.999983379322086,"group_idyes"
"9081","CDC14B","Exc L4-5 RORB GABRG1",-0.0799539919400101,6.38155635332624,2.42382402175017,0.120325085968838,0.999997068196745,0.999983379322086,"group_idyes"
"9082","AAED1","Exc L4-5 RORB GABRG1",0.0778911598114687,1.92120557969705,0.833961506052076,0.361701429504859,0.999997068196745,0.999983379322086,"group_idyes"
"9083","AL589843.1","Exc L4-5 RORB GABRG1",-0.00169879717337566,5.06776089380699,0.000816617504629033,0.977217155976183,0.999997068196745,0.999983379322086,"group_idyes"
"9084","ZNF510","Exc L4-5 RORB GABRG1",0.0384520312607418,4.53253581524363,1.18383748403961,0.277257270121058,0.999997068196745,0.999983379322086,"group_idyes"
"9085","ZNF782","Exc L4-5 RORB GABRG1",0.00631492445061028,6.20056381957114,0.0198697781633373,0.887975158518597,0.999997068196745,0.999983379322086,"group_idyes"
"9086","MFSD14C","Exc L4-5 RORB GABRG1",-0.00873179406237654,6.65269161541409,0.0694093635873803,0.792339739431419,0.999997068196745,0.999983379322086,"group_idyes"
"9087","AL590705.1","Exc L4-5 RORB GABRG1",-0.081075634998126,5.19843645117433,1.55125426991731,0.213708369372077,0.999997068196745,0.999983379322086,"group_idyes"
"9088","CCDC180","Exc L4-5 RORB GABRG1",0.0298016543507651,5.28524731355112,0.361784227905791,0.547871233044588,0.999997068196745,0.999983379322086,"group_idyes"
"9089","TDRD7","Exc L4-5 RORB GABRG1",-0.0201537633755783,4.58995602258305,0.20827644904909,0.648379195894771,0.999997068196745,0.999983379322086,"group_idyes"
"9090","TMOD1","Exc L4-5 RORB GABRG1",0.0219986002428723,6.40081102907872,0.458547753147328,0.498710430717816,0.999997068196745,0.999983379322086,"group_idyes"
"9091","TSTD2","Exc L4-5 RORB GABRG1",-0.0016128729986708,5.06221972645596,0.00212492730097971,0.986202440137887,0.999997068196745,0.999983379322086,"group_idyes"
"9092","NCBP1","Exc L4-5 RORB GABRG1",-0.00442932488884015,4.68408396172982,0.0168535661430877,0.896775668530829,0.999997068196745,0.999983379322086,"group_idyes"
"9093","XPA","Exc L4-5 RORB GABRG1",0.0244994639557886,5.70452875455703,0.756904787959619,0.429222218406417,0.999997068196745,0.999983379322086,"group_idyes"
"9094","TRMO","Exc L4-5 RORB GABRG1",-0.0255728286553523,2.87511570434238,0.138059373677602,0.842769684954041,0.999997068196745,0.999983379322086,"group_idyes"
"9095","HEMGN","Exc L4-5 RORB GABRG1",0.00426937170816631,0.293124855332366,0.000660132593056361,0.979515492002593,0.999997068196745,0.999983379322086,"group_idyes"
"9096","ANP32B","Exc L4-5 RORB GABRG1",0.0352962293842495,3.86815760526505,0.587979164505788,0.741019842225582,0.999997068196745,0.999983379322086,"group_idyes"
"9097","NANS","Exc L4-5 RORB GABRG1",0.00591431047036513,3.57345648454861,0.00753118861321955,0.93088960878391,0.999997068196745,0.999983379322086,"group_idyes"
"9098","TRIM14","Exc L4-5 RORB GABRG1",-4.53319502101678e-05,6.15691872818413,6.9541617720607e-07,0.999335063462365,0.999997068196745,0.999983379322086,"group_idyes"
"9099","CORO2A","Exc L4-5 RORB GABRG1",-0.0576373617871951,4.7997508407256,1.49260600742822,0.222560616727756,0.999997068196745,0.999983379322086,"group_idyes"
"9100","TBC1D2","Exc L4-5 RORB GABRG1",-0.0116053905533547,3.36638515502678,0.0461897160559489,0.82994518247594,0.999997068196745,0.999983379322086,"group_idyes"
"9101","GABBR2","Exc L4-5 RORB GABRG1",-0.0115099453082765,9.44502251715602,0.122559083593652,0.726466936491848,0.999997068196745,0.999983379322086,"group_idyes"
"9102","ANKS6","Exc L4-5 RORB GABRG1",-0.03039048300618,6.7262733851581,0.547495218323381,0.459794224362926,0.999997068196745,0.999983379322086,"group_idyes"
"9103","GALNT12","Exc L4-5 RORB GABRG1",0.0398884834522709,3.09130212646272,0.304812566808382,0.581201551228155,0.999997068196745,0.999983379322086,"group_idyes"
"9104","AL136084.2","Exc L4-5 RORB GABRG1",0.0981745411345217,0.0940771827230088,0.231165144528426,0.630934530553796,0.999997068196745,0.999983379322086,"group_idyes"
"9105","TGFBR1","Exc L4-5 RORB GABRG1",-0.0256831222403758,5.14031012604638,0.349922703300336,0.554504300861521,0.999997068196745,0.999983379322086,"group_idyes"
"9106","ALG2","Exc L4-5 RORB GABRG1",0.10436316963395,3.20947608837581,3.1309910003045,0.0776091446573463,0.999997068196745,0.999983379322086,"group_idyes"
"9107","SEC61B","Exc L4-5 RORB GABRG1",-0.0585107451855923,4.11776153607142,0.610318299360133,0.435148445546432,0.999997068196745,0.999983379322086,"group_idyes"
"9108","AL137067.1","Exc L4-5 RORB GABRG1",-0.0142671451728447,1.40913322521398,0.0152431948306224,0.901804680770155,0.999997068196745,0.999983379322086,"group_idyes"
"9109","AL359710.1","Exc L4-5 RORB GABRG1",0.0271278683054772,4.97754066582769,0.181363944867062,0.670441841618858,0.999997068196745,0.999983379322086,"group_idyes"
"9110","NR4A3","Exc L4-5 RORB GABRG1",-0.280344550300249,0.827606576475258,1.88783753880468,0.170245974930767,0.999997068196745,0.999983379322086,"group_idyes"
"9111","STX17-AS1","Exc L4-5 RORB GABRG1",0.04917380929979,0.928440864179277,0.151963388566517,0.696881803197408,0.999997068196745,0.999983379322086,"group_idyes"
"9112","STX17","Exc L4-5 RORB GABRG1",-0.0379542296631482,4.68084469046966,1.01252992460036,0.720027389361635,0.999997068196745,0.999983379322086,"group_idyes"
"9113","AL358937.1","Exc L4-5 RORB GABRG1",0.187333749775468,2.20290604987705,1.23695889082283,0.26675243582896,0.999997068196745,0.999983379322086,"group_idyes"
"9114","ERP44","Exc L4-5 RORB GABRG1",-0.00669290940246577,6.25757435241443,0.0547362719433508,0.815142151395463,0.999997068196745,0.999983379322086,"group_idyes"
"9115","INVS","Exc L4-5 RORB GABRG1",-0.0352853066809733,7.15861914749608,0.680522546228483,0.409918025217608,0.999997068196745,0.999983379322086,"group_idyes"
"9116","TEX10","Exc L4-5 RORB GABRG1",-0.0203165564362215,4.36478182583692,0.287617720977833,0.718937958909878,0.999997068196745,0.999983379322086,"group_idyes"
"9117","MSANTD3","Exc L4-5 RORB GABRG1",-0.032160681266713,2.96812455401429,0.241024859441532,0.623746799803939,0.999997068196745,0.999983379322086,"group_idyes"
"9118","MSANTD3-TMEFF1","Exc L4-5 RORB GABRG1",-0.0156548226748315,3.78382711222066,0.0982416748137671,0.754119841812974,0.999997068196745,0.999983379322086,"group_idyes"
"9119","CAVIN4","Exc L4-5 RORB GABRG1",0.0351728930870471,2.91860570141942,0.343400333186459,0.68304159919617,0.999997068196745,0.999983379322086,"group_idyes"
"9120","PLPPR1","Exc L4-5 RORB GABRG1",-0.191103507125446,3.00505927907436,4.54175052357054,0.0337111646902308,0.999997068196745,0.999983379322086,"group_idyes"
"9121","BAAT","Exc L4-5 RORB GABRG1",-0.0552226769025634,3.12298552196827,0.624370945982023,0.429914399068606,0.999997068196745,0.999983379322086,"group_idyes"
"9122","MRPL50","Exc L4-5 RORB GABRG1",0.0819501158860957,3.9741113376833,1.56691518915765,0.211416081598501,0.999997068196745,0.999983379322086,"group_idyes"
"9123","ZNF189","Exc L4-5 RORB GABRG1",0.069758658051864,4.877572821671,2.34023485711712,0.126892316231944,0.999997068196745,0.999983379322086,"group_idyes"
"9124","ALDOB","Exc L4-5 RORB GABRG1",0.00879910546014169,0.368320365472627,0.00303739329798379,0.956077405224218,0.999997068196745,0.999983379322086,"group_idyes"
"9125","TMEM246-AS1","Exc L4-5 RORB GABRG1",0.0374007320476864,1.09202882286202,0.0766752172151124,0.782003373351851,0.999997068196745,0.999983379322086,"group_idyes"
"9126","TMEM246","Exc L4-5 RORB GABRG1",0.0738050424343928,5.51742929701881,1.4242879201553,0.233434321412344,0.999997068196745,0.999983379322086,"group_idyes"
"9127","RNF20","Exc L4-5 RORB GABRG1",0.012405565924097,4.39239098009297,0.104990147675819,0.746097584005516,0.999997068196745,0.999983379322086,"group_idyes"
"9128","GRIN3A","Exc L4-5 RORB GABRG1",-0.103560983227897,1.21075729035879,0.351375255813333,0.553683915118169,0.999997068196745,0.999983379322086,"group_idyes"
"9129","LINC01492","Exc L4-5 RORB GABRG1",-0.0709375344050856,1.04211137026201,0.206223754791611,0.649999504241628,0.999997068196745,0.999983379322086,"group_idyes"
"9130","SMC2","Exc L4-5 RORB GABRG1",-1.43954706670003e-05,3.94313873515256,4.9421368477453e-07,0.999439448910443,0.999997068196745,0.999983379322086,"group_idyes"
"9131","NIPSNAP3A","Exc L4-5 RORB GABRG1",0.0329158642689436,2.97997891737434,0.28149088739063,0.596031800749119,0.999997068196745,0.999983379322086,"group_idyes"
"9132","NIPSNAP3B","Exc L4-5 RORB GABRG1",-0.040657326966811,3.87609447438867,0.613344013237328,0.434013321149221,0.999997068196745,0.999983379322086,"group_idyes"
"9133","ABCA1","Exc L4-5 RORB GABRG1",-0.080774597531736,2.432191807434,0.570972713907419,0.450335014348743,0.999997068196745,0.999983379322086,"group_idyes"
"9134","SLC44A1","Exc L4-5 RORB GABRG1",-0.0179009005510262,7.4189711416893,0.326233595509142,0.568218834727745,0.999997068196745,0.999983379322086,"group_idyes"
"9135","FSD1L","Exc L4-5 RORB GABRG1",-0.00112286115449944,6.50910153125925,0.00136970360673332,0.970496620729311,0.999997068196745,0.999983379322086,"group_idyes"
"9136","FKTN","Exc L4-5 RORB GABRG1",-0.0438477138112539,5.80400409249765,1.22762018135616,0.268562546390645,0.999997068196745,0.999983379322086,"group_idyes"
"9137","TMEM38B","Exc L4-5 RORB GABRG1",0.0299455570290769,3.49946112284435,0.241906841155117,0.623112774847434,0.999997068196745,0.999983379322086,"group_idyes"
"9138","LINC01505","Exc L4-5 RORB GABRG1",-0.054892072447409,4.70752109292849,0.678570405443154,0.410589786401166,0.999997068196745,0.999983379322086,"group_idyes"
"9139","ZNF462","Exc L4-5 RORB GABRG1",0.0529362169774398,4.87283117307968,0.752649938426765,0.386179327918795,0.999997068196745,0.999983379322086,"group_idyes"
"9140","AL807761.4","Exc L4-5 RORB GABRG1",0.204864062479037,0.67919811701119,1.59017991788958,0.208064572316182,0.999997068196745,0.999983379322086,"group_idyes"
"9141","RAD23B","Exc L4-5 RORB GABRG1",-0.0200236321252957,6.2953700217729,0.487997185263932,0.74935347682929,0.999997068196745,0.999983379322086,"group_idyes"
"9142","ELP1","Exc L4-5 RORB GABRG1",-0.00654259285538229,5.95798942407487,0.0531434582198006,0.817803536231611,0.999997068196745,0.999983379322086,"group_idyes"
"9143","FAM206A","Exc L4-5 RORB GABRG1",0.0181231116640801,4.55553934086527,0.276135685081107,0.742301047110553,0.999997068196745,0.999983379322086,"group_idyes"
"9144","CTNNAL1","Exc L4-5 RORB GABRG1",-0.00209009779196412,6.49996600021187,0.00365545656293398,0.951820370675902,0.999997068196745,0.999983379322086,"group_idyes"
"9145","TMEM245","Exc L4-5 RORB GABRG1",0.00941263009893891,7.10416402155485,0.128596297154188,0.720088605413706,0.999997068196745,0.999983379322086,"group_idyes"
"9146","FRRS1L","Exc L4-5 RORB GABRG1",0.031806034744501,7.95774281039128,1.85784543336376,0.173670859866046,0.999997068196745,0.999983379322086,"group_idyes"
"9147","EPB41L4B","Exc L4-5 RORB GABRG1",-0.0299447205859587,7.04813074762743,0.768245999959697,0.381307154091026,0.999997068196745,0.999983379322086,"group_idyes"
"9148","PTPN3","Exc L4-5 RORB GABRG1",-0.0668935411680824,6.17471836746451,3.69828706086092,0.0552061513042935,0.999997068196745,0.999983379322086,"group_idyes"
"9149","PALM2","Exc L4-5 RORB GABRG1",-0.0696822257542628,6.1225664022679,1.66129128905983,0.198203524354166,0.999997068196745,0.999983379322086,"group_idyes"
"9150","PALM2-AKAP2","Exc L4-5 RORB GABRG1",-0.0293748043224946,5.87468920477734,0.518895509013236,0.471750626081012,0.999997068196745,0.999983379322086,"group_idyes"
"9151","TXN","Exc L4-5 RORB GABRG1",-0.0741242952073411,4.36059579381244,0.725592348964639,0.394845528259189,0.999997068196745,0.999983379322086,"group_idyes"
"9152","TXNDC8","Exc L4-5 RORB GABRG1",0.415832164178915,-0.171147160574773,4.15670877299845,0.0421530261543532,0.999997068196745,0.999983379322086,"group_idyes"
"9153","SVEP1","Exc L4-5 RORB GABRG1",0.00160568829079,2.93007776911017,0.000294647421918933,0.986313645211047,0.999997068196745,0.999983379322086,"group_idyes"
"9154","MUSK","Exc L4-5 RORB GABRG1",-0.0850575318086469,1.0050893918295,0.334027213847103,0.563635397157379,0.999997068196745,0.999983379322086,"group_idyes"
"9155","LPAR1","Exc L4-5 RORB GABRG1",-0.0438379761935977,0.993573704514282,0.0813233587595152,0.775665436728645,0.999997068196745,0.999983379322086,"group_idyes"
"9156","AL162414.1","Exc L4-5 RORB GABRG1",-0.0521404409013111,0.435109973000671,0.101234431742929,0.750525903550748,0.999997068196745,0.999983379322086,"group_idyes"
"9157","ECPAS","Exc L4-5 RORB GABRG1",-0.00161812333117655,6.87869077504177,0.0044454504286818,0.946875699143217,0.999997068196745,0.999983379322086,"group_idyes"
"9158","ZNF483","Exc L4-5 RORB GABRG1",0.0316960357312521,7.9393571619832,0.65116718978064,0.420194255455224,0.999997068196745,0.999983379322086,"group_idyes"
"9159","PTGR1","Exc L4-5 RORB GABRG1",0.0133564847376934,5.81376638683461,0.0418198271123784,0.838071738895193,0.999997068196745,0.999983379322086,"group_idyes"
"9160","C9orf84","Exc L4-5 RORB GABRG1",-0.0760591481400712,2.56695624022983,0.392029374488603,0.531605885358433,0.999997068196745,0.999983379322086,"group_idyes"
"9161","UGCG","Exc L4-5 RORB GABRG1",0.0151010143493746,5.5263583099898,0.205901375762831,0.650254859564369,0.999997068196745,0.999983379322086,"group_idyes"
"9162","SUSD1","Exc L4-5 RORB GABRG1",-0.0698068091630468,6.08498533716105,2.09586295442898,0.148512672872189,0.999997068196745,0.999983379322086,"group_idyes"
"9163","PTBP3","Exc L4-5 RORB GABRG1",-0.0624522458853481,6.29208026444494,3.60172391547701,0.0584680004261984,0.999997068196745,0.999983379322086,"group_idyes"
"9164","HSDL2","Exc L4-5 RORB GABRG1",-0.052490303979081,4.29401907589141,1.47997588259892,0.224524098272452,0.999997068196745,0.999983379322086,"group_idyes"
"9165","C9orf147","Exc L4-5 RORB GABRG1",0.0466708069183941,3.68409529527058,0.456013662859489,0.499898557683685,0.999997068196745,0.999983379322086,"group_idyes"
"9166","KIAA1958","Exc L4-5 RORB GABRG1",0.00503030824860127,7.13641058064495,0.0169795094894709,0.896392874410243,0.999997068196745,0.999983379322086,"group_idyes"
"9167","INIP","Exc L4-5 RORB GABRG1",0.0130816552811192,5.3041952078369,0.205901507949086,0.833291398914863,0.999997068196745,0.999983379322086,"group_idyes"
"9168","SNX30","Exc L4-5 RORB GABRG1",-0.00141154526019702,6.29108995337746,0.00177446212881808,0.966421409458422,0.999997068196745,0.999983379322086,"group_idyes"
"9169","SLC46A2","Exc L4-5 RORB GABRG1",-0.145964085877217,0.899454011114706,0.949753745681904,0.330394333216445,0.999997068196745,0.999983379322086,"group_idyes"
"9170","ZNF883","Exc L4-5 RORB GABRG1",0.0631050239524639,3.09366196942849,0.332810135262032,0.564346437185153,0.999997068196745,0.999983379322086,"group_idyes"
"9171","ZFP37","Exc L4-5 RORB GABRG1",-0.0849081010196176,1.73358751893329,0.448360977139605,0.503515980150586,0.999997068196745,0.999983379322086,"group_idyes"
"9172","SLC31A2","Exc L4-5 RORB GABRG1",-0.0552987001241027,1.96705618074552,0.492276811943577,0.483337622747463,0.999997068196745,0.999983379322086,"group_idyes"
"9173","FKBP15","Exc L4-5 RORB GABRG1",-0.0261311495078004,5.21800805026102,0.743925186358358,0.400763521363093,0.999997068196745,0.999983379322086,"group_idyes"
"9174","SLC31A1","Exc L4-5 RORB GABRG1",-0.0624641466632023,3.98453821899436,1.4605172945839,0.227590088395926,0.999997068196745,0.999983379322086,"group_idyes"
"9175","CDC26","Exc L4-5 RORB GABRG1",-0.0318934273368394,3.51194438431593,0.440666411141393,0.823583233341912,0.999997068196745,0.999983379322086,"group_idyes"
"9176","PRPF4","Exc L4-5 RORB GABRG1",-0.0287350014843821,3.82602395033307,0.325825649929519,0.568460743264316,0.999997068196745,0.999983379322086,"group_idyes"
"9177","WDR31","Exc L4-5 RORB GABRG1",-0.0210234992320674,3.76139038326333,0.0875983068973738,0.767412593639911,0.999997068196745,0.999983379322086,"group_idyes"
"9178","BSPRY","Exc L4-5 RORB GABRG1",0.174517228695409,0.994046730764692,1.61982107616222,0.203885320634504,0.999997068196745,0.999983379322086,"group_idyes"
"9179","HDHD3","Exc L4-5 RORB GABRG1",0.00786626624575703,3.57995927820338,0.0110892013148989,0.916188456054916,0.999997068196745,0.999983379322086,"group_idyes"
"9180","ALAD","Exc L4-5 RORB GABRG1",-0.00121705888065067,4.31754215302696,0.000732290427418407,0.978425219202504,0.999997068196745,0.999983379322086,"group_idyes"
"9181","POLE3","Exc L4-5 RORB GABRG1",0.0105171045634007,3.52367870934767,0.0153302712867913,0.901526040633937,0.999997068196745,0.999983379322086,"group_idyes"
"9182","RGS3","Exc L4-5 RORB GABRG1",0.0198729753745053,2.40402053494106,0.0628863576586572,0.802124629185784,0.999997068196745,0.999983379322086,"group_idyes"
"9183","ZNF618","Exc L4-5 RORB GABRG1",-0.0150270170127364,4.79050053781846,0.0742653712170674,0.785370927114718,0.999997068196745,0.999983379322086,"group_idyes"
"9184","COL27A1","Exc L4-5 RORB GABRG1",0.117420487806689,4.15136247355184,0.878625409204837,0.349166485244911,0.999997068196745,0.999983379322086,"group_idyes"
"9185","AKNA","Exc L4-5 RORB GABRG1",-0.0577130560380818,2.62827468284814,0.63771049552178,0.425033752205724,0.999997068196745,0.999983379322086,"group_idyes"
"9186","WHRN","Exc L4-5 RORB GABRG1",0.151483164309938,1.80127150530748,0.889682440874982,0.346155305843819,0.999997068196745,0.999983379322086,"group_idyes"
"9187","ATP6V1G1","Exc L4-5 RORB GABRG1",0.0295597913862788,5.99822424049274,0.148793041198851,0.699904650680341,0.999997068196745,0.999983379322086,"group_idyes"
"9188","TMEM268","Exc L4-5 RORB GABRG1",0.0463551228047633,5.81254235829169,1.65829205982047,0.198608130159541,0.999997068196745,0.999983379322086,"group_idyes"
"9189","TEX53","Exc L4-5 RORB GABRG1",0.0866763461633955,1.00266393497271,0.323069281859153,0.570100531904145,0.999997068196745,0.999983379322086,"group_idyes"
"9190","TEX48","Exc L4-5 RORB GABRG1",0.11075792185809,1.71366488216758,0.600868179781987,0.438723137726626,0.999997068196745,0.999983379322086,"group_idyes"
"9191","TNC","Exc L4-5 RORB GABRG1",-0.326657178944554,0.212143741828607,2.22593477651658,0.136530004107602,0.999997068196745,0.999983379322086,"group_idyes"
"9192","DEC1","Exc L4-5 RORB GABRG1",-0.0357762868473304,1.49196248705767,0.0527144366749569,0.818527536619966,0.999997068196745,0.999983379322086,"group_idyes"
"9193","AL691420.1","Exc L4-5 RORB GABRG1",-0.0534896182376947,1.04702472339134,0.171623022300659,0.678904258084093,0.999997068196745,0.999983379322086,"group_idyes"
"9194","PAPPA","Exc L4-5 RORB GABRG1",0.0736336023506687,1.21141547341981,0.412306487935312,0.521183550921407,0.999997068196745,0.999983379322086,"group_idyes"
"9195","AL137024.1","Exc L4-5 RORB GABRG1",0.0927642441264653,0.454871458346356,0.302669887326729,0.582532716915501,0.999997068196745,0.999983379322086,"group_idyes"
"9196","ASTN2","Exc L4-5 RORB GABRG1",-0.0447713328896795,7.26854560174108,0.90511629317621,0.342010826097308,0.999997068196745,0.999983379322086,"group_idyes"
"9197","ASTN2-AS1","Exc L4-5 RORB GABRG1",-0.222541039075919,0.561090172564788,1.81319143539826,0.178918598357016,0.999997068196745,0.999983379322086,"group_idyes"
"9198","TRIM32","Exc L4-5 RORB GABRG1",0.0332988633543249,3.42372091790449,0.409846416598389,0.522428542886795,0.999997068196745,0.999983379322086,"group_idyes"
"9199","BRINP1","Exc L4-5 RORB GABRG1",-0.0219909060753108,8.48823263943383,0.255539173811159,0.613490980824445,0.999997068196745,0.999983379322086,"group_idyes"
"9200","AC006288.1","Exc L4-5 RORB GABRG1",-0.175228755836802,0.763258492144981,1.70666024422996,0.192199702386347,0.999997068196745,0.999983379322086,"group_idyes"
"9201","CDK5RAP2","Exc L4-5 RORB GABRG1",-0.00260592653278464,6.30584312356974,0.00293098761531425,0.956852843104331,0.999997068196745,0.999983379322086,"group_idyes"
"9202","MEGF9","Exc L4-5 RORB GABRG1",0.0152485159390676,6.53448189460071,0.28544018485059,0.593466077863594,0.999997068196745,0.999983379322086,"group_idyes"
"9203","FBXW2","Exc L4-5 RORB GABRG1",-0.0385332521016668,5.05304898818983,0.872227407679517,0.350925176829271,0.999997068196745,0.999983379322086,"group_idyes"
"9204","PSMD5","Exc L4-5 RORB GABRG1",-0.0298215410696421,5.34079246267111,0.711514507930285,0.399465628941801,0.999997068196745,0.999983379322086,"group_idyes"
"9205","PHF19","Exc L4-5 RORB GABRG1",0.100112363544704,2.563090605551,2.19950334180871,0.1388739020297,0.999997068196745,0.999983379322086,"group_idyes"
"9206","TRAF1","Exc L4-5 RORB GABRG1",-0.239942915495385,1.92328592669539,7.61316950440338,0.0060712007168437,0.999997068196745,0.999983379322086,"group_idyes"
"9207","C5","Exc L4-5 RORB GABRG1",-0.0507108748934645,2.51208420117034,0.433222833524813,0.510805431389677,0.999997068196745,0.999983379322086,"group_idyes"
"9208","CNTRL","Exc L4-5 RORB GABRG1",0.0203439946976206,6.3474954988092,0.191104009149146,0.66224461560766,0.999997068196745,0.999983379322086,"group_idyes"
"9209","RAB14","Exc L4-5 RORB GABRG1",0.0619183472331558,6.2038836079188,1.47966998583128,0.224571910743527,0.999997068196745,0.999983379322086,"group_idyes"
"9210","GSN","Exc L4-5 RORB GABRG1",-0.00888670917823805,4.62399793194066,0.0414838668102017,0.838714473962261,0.999997068196745,0.999983379322086,"group_idyes"
"9211","STOM","Exc L4-5 RORB GABRG1",-0.0383088887170135,2.36273333379273,0.2873912457406,0.722801942572814,0.999997068196745,0.999983379322086,"group_idyes"
"9212","AL359644.1","Exc L4-5 RORB GABRG1",-0.0598005194711013,1.35784703590583,0.287540770372376,0.592110685876038,0.999997068196745,0.999983379322086,"group_idyes"
"9213","DAB2IP","Exc L4-5 RORB GABRG1",-0.0550632116259266,5.68860126988642,0.734342554573193,0.392012663979545,0.999997068196745,0.999983379322086,"group_idyes"
"9214","TTLL11","Exc L4-5 RORB GABRG1",-0.0591480075374528,7.05119749518041,1.90660160780379,0.168142831188587,0.999997068196745,0.999983379322086,"group_idyes"
"9215","NDUFA8","Exc L4-5 RORB GABRG1",0.0380255062623418,4.68822974491614,0.215948049491055,0.642407675575157,0.999997068196745,0.999983379322086,"group_idyes"
"9216","MORN5","Exc L4-5 RORB GABRG1",0.0184359793405346,2.21196539116548,0.0402206664841838,0.841155721421894,0.999997068196745,0.999983379322086,"group_idyes"
"9217","RBM18","Exc L4-5 RORB GABRG1",0.00711337255374524,4.19389119116262,0.0264399781326553,0.870915807323115,0.999997068196745,0.999983379322086,"group_idyes"
"9218","MRRF","Exc L4-5 RORB GABRG1",-0.0542118109009125,4.59615554470392,1.84578147166632,0.177385992690236,0.999997068196745,0.999983379322086,"group_idyes"
"9219","PTGS1","Exc L4-5 RORB GABRG1",0.00279435765612075,2.31885676746186,0.000411538931279307,0.983825403645283,0.999997068196745,0.999983379322086,"group_idyes"
"9220","AL359636.1","Exc L4-5 RORB GABRG1",-0.216904779117515,0.886769220988242,2.19658083814186,0.139135833360103,0.999997068196745,0.999983379322086,"group_idyes"
"9221","AL162254.1","Exc L4-5 RORB GABRG1",0.0170974048972408,0.659152610982873,0.0102328984099702,0.919477900244762,0.999997068196745,0.999983379322086,"group_idyes"
"9222","PDCL","Exc L4-5 RORB GABRG1",0.0288100170250336,3.66504299000444,0.359453449440664,0.839095166729725,0.999997068196745,0.999983379322086,"group_idyes"
"9223","RC3H2","Exc L4-5 RORB GABRG1",0.0130444507011348,6.02799675985067,0.276394614477725,0.599376995480086,0.999997068196745,0.999983379322086,"group_idyes"
"9224","ZBTB6","Exc L4-5 RORB GABRG1",0.0632488754179681,3.33833662314863,1.28304591960213,0.258038889620231,0.999997068196745,0.999983379322086,"group_idyes"
"9225","ZBTB26","Exc L4-5 RORB GABRG1",0.0740332668956365,3.93063909798605,3.26194198191154,0.0716864863328974,0.999997068196745,0.999983379322086,"group_idyes"
"9226","RABGAP1","Exc L4-5 RORB GABRG1",0.0186428206416717,7.66535186377779,0.778259868550264,0.37822470696036,0.999997068196745,0.999983379322086,"group_idyes"
"9227","STRBP","Exc L4-5 RORB GABRG1",-0.037837667927804,8.18915370405928,2.775477025037,0.0965320797430278,0.999997068196745,0.999983379322086,"group_idyes"
"9228","CRB2","Exc L4-5 RORB GABRG1",-0.189184588418863,0.96292818903039,1.93227730848541,0.165313224374863,0.999997068196745,0.999983379322086,"group_idyes"
"9229","DENND1A","Exc L4-5 RORB GABRG1",-0.0453768683586814,7.84776110425556,1.34705953647431,0.246512495331662,0.999997068196745,0.999983379322086,"group_idyes"
"9230","AL390774.2","Exc L4-5 RORB GABRG1",0.000982487289166196,0.831945920071964,1.48991677068693e-05,0.996922218558606,0.999997068196745,0.999983379322086,"group_idyes"
"9231","LHX2","Exc L4-5 RORB GABRG1",0.155936479947712,3.88832074954008,3.53950116952575,0.0606783352763153,0.999997068196745,0.999983379322086,"group_idyes"
"9232","AC006450.3","Exc L4-5 RORB GABRG1",-0.128630307044997,0.547232334365892,0.560945501506253,0.454337193435306,0.999997068196745,0.999983379322086,"group_idyes"
"9233","NEK6","Exc L4-5 RORB GABRG1",-0.0713455106338215,3.47979022174414,0.966486731617615,0.326175768484008,0.999997068196745,0.999983379322086,"group_idyes"
"9234","PSMB7","Exc L4-5 RORB GABRG1",-0.016982684811256,5.52753105258529,0.209516988076887,0.647404641409027,0.999997068196745,0.999983379322086,"group_idyes"
"9235","NR6A1","Exc L4-5 RORB GABRG1",-0.024528516473587,6.82579830881674,0.330849445605472,0.565495562915087,0.999997068196745,0.999983379322086,"group_idyes"
"9236","MIR181A2HG","Exc L4-5 RORB GABRG1",0.0368998406288397,2.46694895559119,0.0922660657163983,0.761480055205626,0.999997068196745,0.999983379322086,"group_idyes"
"9237","OLFML2A","Exc L4-5 RORB GABRG1",-0.0639252247951467,0.462730939170807,0.186805629359835,0.665830812114533,0.999997068196745,0.999983379322086,"group_idyes"
"9238","RPL35","Exc L4-5 RORB GABRG1",-0.0283835137540472,4.54387290389479,0.0530099989300836,0.818028426186286,0.999997068196745,0.999983379322086,"group_idyes"
"9239","ARPC5L","Exc L4-5 RORB GABRG1",-0.0491731621392785,5.09516482368424,0.518843640472158,0.471772762886017,0.999997068196745,0.999983379322086,"group_idyes"
"9240","GOLGA1","Exc L4-5 RORB GABRG1",-0.00470950197027793,5.06773668970928,0.0140561098780492,0.905687048842017,0.999997068196745,0.999983379322086,"group_idyes"
"9241","SCAI","Exc L4-5 RORB GABRG1",-0.0516211604957223,8.02926775980287,1.95928796816896,0.162395305160361,0.999997068196745,0.999983379322086,"group_idyes"
"9242","PPP6C","Exc L4-5 RORB GABRG1",-0.0376988607196226,5.54393831749206,2.15519826801894,0.142905167853705,0.999997068196745,0.999983379322086,"group_idyes"
"9243","RABEPK","Exc L4-5 RORB GABRG1",-0.0689427695500523,5.20760847639355,1.11187393095889,0.292336702846118,0.999997068196745,0.999983379322086,"group_idyes"
"9244","HSPA5","Exc L4-5 RORB GABRG1",0.077603735249759,4.87821981605727,0.727603092552851,0.394191949238904,0.999997068196745,0.999983379322086,"group_idyes"
"9245","AL354710.2","Exc L4-5 RORB GABRG1",0.086802280470942,0.754001477376451,0.406206256400031,0.52428045628573,0.999997068196745,0.999983379322086,"group_idyes"
"9246","GAPVD1","Exc L4-5 RORB GABRG1",0.00522054122276571,6.53980384609144,0.0321006503255745,0.857901249815649,0.999997068196745,0.999983379322086,"group_idyes"
"9247","MAPKAP1","Exc L4-5 RORB GABRG1",-0.0486821443002442,6.58192993781966,2.19189722919931,0.139556765869385,0.999997068196745,0.999983379322086,"group_idyes"
"9248","PBX3","Exc L4-5 RORB GABRG1",-0.0300659044857178,2.77530365960445,0.0815536528232431,0.775356572522337,0.999997068196745,0.999983379322086,"group_idyes"
"9249","MVB12B","Exc L4-5 RORB GABRG1",-0.0562142863591374,6.45276730170634,1.83208037230573,0.176676688506187,0.999997068196745,0.999983379322086,"group_idyes"
"9250","LMX1B","Exc L4-5 RORB GABRG1",-0.196060771305028,0.824397424904547,1.77629331838315,0.183393896534644,0.999997068196745,0.999983379322086,"group_idyes"
"9251","ZBTB43","Exc L4-5 RORB GABRG1",-0.00981123641587738,5.6379458352394,0.11484891079925,0.740933206873802,0.999997068196745,0.999983379322086,"group_idyes"
"9252","ZBTB34","Exc L4-5 RORB GABRG1",0.0380338016633642,3.50226472480911,0.522816780192162,0.470081930246738,0.999997068196745,0.999983379322086,"group_idyes"
"9253","RALGPS1","Exc L4-5 RORB GABRG1",-0.0474418836412618,7.24393898023782,1.38197818155299,0.240491450259304,0.999997068196745,0.999983379322086,"group_idyes"
"9254","GARNL3","Exc L4-5 RORB GABRG1",-0.0455765105008765,5.49595697970918,0.665788392220751,0.415028721289827,0.999997068196745,0.999983379322086,"group_idyes"
"9255","SLC2A8","Exc L4-5 RORB GABRG1",-0.0194664620783629,2.91319541971596,0.10575469616784,0.745206881822643,0.999997068196745,0.999983379322086,"group_idyes"
"9256","ZNF79","Exc L4-5 RORB GABRG1",0.0413922662387861,2.36084760855962,0.380327024120069,0.537793026910799,0.999997068196745,0.999983379322086,"group_idyes"
"9257","RPL12","Exc L4-5 RORB GABRG1",0.00494007672934086,2.79645514185369,0.0027726974835359,0.958033000553941,0.999997068196745,0.999983379322086,"group_idyes"
"9258","LRSAM1","Exc L4-5 RORB GABRG1",-0.00816846034810863,5.49537562096757,0.0407473192751731,0.840133136076212,0.999997068196745,0.999983379322086,"group_idyes"
"9259","FAM129B","Exc L4-5 RORB GABRG1",-0.103071815536156,2.09170507888437,1.42876490710655,0.232702378752058,0.999997068196745,0.999983379322086,"group_idyes"
"9260","STXBP1","Exc L4-5 RORB GABRG1",-0.00126890329572881,9.35120494496007,0.00267903963650236,0.958747237274232,0.999997068196745,0.999983379322086,"group_idyes"
"9261","AL162426.1","Exc L4-5 RORB GABRG1",-0.0318755457749088,0.970407204956135,0.0418499855848985,0.838014173650602,0.999997068196745,0.999983379322086,"group_idyes"
"9262","PTRH1","Exc L4-5 RORB GABRG1",-0.0252171509645908,4.10646054561182,0.211968208210441,0.645489205737031,0.999997068196745,0.999983379322086,"group_idyes"
"9263","TOR2A","Exc L4-5 RORB GABRG1",0.0655237818438903,3.17000778450079,1.06296628025755,0.303187312043551,0.999997068196745,0.999983379322086,"group_idyes"
"9264","SH2D3C","Exc L4-5 RORB GABRG1",-0.103963418237765,4.14754508346154,3.7177364698151,0.0545729311015488,0.999997068196745,0.999983379322086,"group_idyes"
"9265","CDK9","Exc L4-5 RORB GABRG1",-0.0138325454322869,4.41330298524238,0.0729151099022633,0.787283510826546,0.999997068196745,0.999983379322086,"group_idyes"
"9266","FPGS","Exc L4-5 RORB GABRG1",0.0398595762491736,4.26741539157766,0.75156086497001,0.903576181464975,0.999997068196745,0.999983379322086,"group_idyes"
"9267","ENG","Exc L4-5 RORB GABRG1",-0.0886598926357034,1.13784758365607,0.473165275274874,0.491949087433321,0.999997068196745,0.999983379322086,"group_idyes"
"9268","AL162586.1","Exc L4-5 RORB GABRG1",-0.070917637045736,1.56454478699312,0.548475281889887,0.503730761545794,0.999997068196745,0.999983379322086,"group_idyes"
"9269","AK1","Exc L4-5 RORB GABRG1",-0.0445349524523913,3.0973370365902,0.466658982099857,0.494939381159115,0.999997068196745,0.999983379322086,"group_idyes"
"9270","AL157935.2","Exc L4-5 RORB GABRG1",-0.0107860322058093,1.21643229157001,0.010129821703952,0.919883101069243,0.999997068196745,0.999983379322086,"group_idyes"
"9271","ST6GALNAC4","Exc L4-5 RORB GABRG1",-0.0132543504527593,1.96023745736406,0.0243150101554587,0.87616784630007,0.999997068196745,0.999983379322086,"group_idyes"
"9272","PIP5KL1","Exc L4-5 RORB GABRG1",0.0262505129422126,1.71352636700179,0.0959782884315063,0.756878025516064,0.999997068196745,0.999983379322086,"group_idyes"
"9273","DPM2","Exc L4-5 RORB GABRG1",0.00508992768870339,3.49747869184076,0.00612005956905383,0.937685125339655,0.999997068196745,0.999983379322086,"group_idyes"
"9274","FAM102A","Exc L4-5 RORB GABRG1",-0.0749060839287878,4.70791449434477,3.3955480800049,0.0661418284724699,0.999997068196745,0.999983379322086,"group_idyes"
"9275","NAIF1","Exc L4-5 RORB GABRG1",0.0207105074541075,1.30768239890287,0.0326547372791289,0.856693329782962,0.999997068196745,0.999983379322086,"group_idyes"
"9276","SLC25A25","Exc L4-5 RORB GABRG1",-0.0963018699473833,4.57965382678479,2.67570032560289,0.102708294907078,0.999997068196745,0.999983379322086,"group_idyes"
"9277","SLC25A25-AS1","Exc L4-5 RORB GABRG1",0.061954239579919,3.19878743194366,0.798022581629999,0.372243687974937,0.999997068196745,0.999983379322086,"group_idyes"
"9278","PTGES2","Exc L4-5 RORB GABRG1",-0.0893817909707493,4.43096900960249,1.52001717638208,0.218369698970174,0.999997068196745,0.999983379322086,"group_idyes"
"9279","C9orf16","Exc L4-5 RORB GABRG1",0.0531189913886248,5.76631103808043,0.33269210470891,0.564415485017911,0.999997068196745,0.999983379322086,"group_idyes"
"9280","CIZ1","Exc L4-5 RORB GABRG1",0.0100600510873402,5.37231963720711,0.0988451847488521,0.82425962418228,0.999997068196745,0.999983379322086,"group_idyes"
"9281","DNM1","Exc L4-5 RORB GABRG1",0.033767008469718,8.73517639283316,1.48247375642733,0.224134131815427,0.999997068196745,0.999983379322086,"group_idyes"
"9282","GOLGA2","Exc L4-5 RORB GABRG1",0.0774533191831754,4.98126265135049,3.67007180094547,0.0561387076912256,0.999997068196745,0.999983379322086,"group_idyes"
"9283","SWI5","Exc L4-5 RORB GABRG1",-0.114991063905249,2.44514785295158,2.29220150269268,0.130846441846804,0.999997068196745,0.999983379322086,"group_idyes"
"9284","TRUB2","Exc L4-5 RORB GABRG1",0.0196023798432987,3.89649866237121,0.181979247338256,0.669916392717058,0.999997068196745,0.999983379322086,"group_idyes"
"9285","COQ4","Exc L4-5 RORB GABRG1",-0.0191897630498076,5.22021777567173,0.151898315562789,0.696943481887192,0.999997068196745,0.999983379322086,"group_idyes"
"9286","SLC27A4","Exc L4-5 RORB GABRG1",-0.0668583689077767,5.2613772491725,2.81529568409614,0.0941817939007445,0.999997068196745,0.999983379322086,"group_idyes"
"9287","URM1","Exc L4-5 RORB GABRG1",-0.0199796026302849,4.32584937477227,0.182973914745922,0.669069195005122,0.999997068196745,0.999983379322086,"group_idyes"
"9288","AL359091.1","Exc L4-5 RORB GABRG1",-0.142395648669576,1.68205831154362,0.701467804277138,0.402810907403713,0.999997068196745,0.999983379322086,"group_idyes"
"9289","CERCAM","Exc L4-5 RORB GABRG1",-0.0259205881919481,4.09203608609841,0.186798684702732,0.665836645606234,0.999997068196745,0.999983379322086,"group_idyes"
"9290","ODF2","Exc L4-5 RORB GABRG1",-0.0472634725860104,5.34203712457126,1.76519934224698,0.184764812936292,0.999997068196745,0.999983379322086,"group_idyes"
"9291","GLE1","Exc L4-5 RORB GABRG1",-0.0170824078727557,4.59998153339693,0.222452440061011,0.637444964551483,0.999997068196745,0.999983379322086,"group_idyes"
"9292","AL356481.1","Exc L4-5 RORB GABRG1",-0.0355736928432534,2.4004597588309,0.251848317730098,0.616063683666616,0.999997068196745,0.999983379322086,"group_idyes"
"9293","SPTAN1","Exc L4-5 RORB GABRG1",0.0108700442223292,8.16048610999096,0.158898521678962,0.690393791055075,0.999997068196745,0.999983379322086,"group_idyes"
"9294","WDR34","Exc L4-5 RORB GABRG1",-0.0092437674584624,3.06176271449455,0.0208791193918587,0.885184407623344,0.999997068196745,0.999983379322086,"group_idyes"
"9295","SET","Exc L4-5 RORB GABRG1",0.0828238641702522,5.61064054051038,1.09896124003229,0.295152284896549,0.999997068196745,0.999983379322086,"group_idyes"
"9296","ZER1","Exc L4-5 RORB GABRG1",0.0297187026894459,7.12116976989745,0.724081762597461,0.3953375636187,0.999997068196745,0.999983379322086,"group_idyes"
"9297","TBC1D13","Exc L4-5 RORB GABRG1",0.0498338629586266,4.30313426718748,1.56379860070708,0.211869914281456,0.999997068196745,0.999983379322086,"group_idyes"
"9298","ENDOG","Exc L4-5 RORB GABRG1",0.0602598515572185,3.57594756500051,0.405752825849958,0.524511953999492,0.999997068196745,0.999983379322086,"group_idyes"
"9299","SPOUT1","Exc L4-5 RORB GABRG1",0.00790587112326514,3.2017988290113,0.0174900840184455,0.894855626759149,0.999997068196745,0.999983379322086,"group_idyes"
"9300","KYAT1","Exc L4-5 RORB GABRG1",-0.0404015902726102,5.77004484145043,0.68620456224526,0.407971940780544,0.999997068196745,0.999983379322086,"group_idyes"
"9301","LRRC8A","Exc L4-5 RORB GABRG1",0.0133032212373759,4.64976445742067,0.121090962378412,0.943991414916304,0.999997068196745,0.999983379322086,"group_idyes"
"9302","PHYHD1","Exc L4-5 RORB GABRG1",0.0323276875750181,1.02638771979217,0.084859171867928,0.770974306485078,0.999997068196745,0.999983379322086,"group_idyes"
"9303","DOLK","Exc L4-5 RORB GABRG1",0.0521944428765753,1.28639963880425,0.174753507378717,0.676154537040231,0.999997068196745,0.999983379322086,"group_idyes"
"9304","NUP188","Exc L4-5 RORB GABRG1",-0.0409780770162691,3.99413008635795,1.00468504857726,0.544674200155451,0.999997068196745,0.999983379322086,"group_idyes"
"9305","SH3GLB2","Exc L4-5 RORB GABRG1",-0.0585790758788892,5.41943613385335,1.39448391116773,0.238378843152162,0.999997068196745,0.999983379322086,"group_idyes"
"9306","MIGA2","Exc L4-5 RORB GABRG1",-0.0375133136414028,4.68112870666609,1.06623935863181,0.302445089108607,0.999997068196745,0.999983379322086,"group_idyes"
"9307","DOLPP1","Exc L4-5 RORB GABRG1",-0.0562763458049175,2.21144052621295,0.536143289505973,0.468824737391649,0.999997068196745,0.999983379322086,"group_idyes"
"9308","CRAT","Exc L4-5 RORB GABRG1",-0.0677371075433805,3.24239190285713,1.54225989078737,0.219654265290394,0.999997068196745,0.999983379322086,"group_idyes"
"9309","PTPA","Exc L4-5 RORB GABRG1",0.0500120260987334,5.85550177226871,1.1752685969188,0.279000222713411,0.999997068196745,0.999983379322086,"group_idyes"
"9310","AL158151.4","Exc L4-5 RORB GABRG1",-0.0455882749124627,0.625429606415239,0.0694470321166725,0.792284693577195,0.999997068196745,0.999983379322086,"group_idyes"
"9311","IER5L","Exc L4-5 RORB GABRG1",0.0605443676146206,4.46593904579425,0.788709854656195,0.375045402644804,0.999997068196745,0.999983379322086,"group_idyes"
"9312","AL158151.3","Exc L4-5 RORB GABRG1",-0.0243303510813297,0.509181107957018,0.0237986070513244,0.877479341686966,0.999997068196745,0.999983379322086,"group_idyes"
"9313","AL158151.1","Exc L4-5 RORB GABRG1",-0.12133315667932,3.03822040586645,1.88311109139625,0.170780496851072,0.999997068196745,0.999983379322086,"group_idyes"
"9314","LINC01503","Exc L4-5 RORB GABRG1",0.0489864689761933,4.49755670215449,1.07746927467617,0.299916321642594,0.999997068196745,0.999983379322086,"group_idyes"
"9315","AL353803.2","Exc L4-5 RORB GABRG1",-0.140072207720206,0.360141285945256,0.720185867094426,0.396610648569813,0.999997068196745,0.999983379322086,"group_idyes"
"9316","NTMT1","Exc L4-5 RORB GABRG1",-0.0389843815949692,3.80680973650402,0.480007187168521,0.488837053495708,0.999997068196745,0.999983379322086,"group_idyes"
"9317","C9orf50","Exc L4-5 RORB GABRG1",-0.0641083631488327,1.49131714206821,0.347775202246914,0.555721408855755,0.999997068196745,0.999983379322086,"group_idyes"
"9318","ASB6","Exc L4-5 RORB GABRG1",0.032597875795407,3.51282804820226,0.34536854339192,0.557091431653975,0.999997068196745,0.999983379322086,"group_idyes"
"9319","PRRX2","Exc L4-5 RORB GABRG1",-0.299790056490723,0.209572432691085,2.4428628609304,0.118882733150898,0.999997068196745,0.999983379322086,"group_idyes"
"9320","TOR1B","Exc L4-5 RORB GABRG1",0.0251046112050703,4.43825237594285,0.391463637219711,0.656864546850006,0.999997068196745,0.999983379322086,"group_idyes"
"9321","TOR1A","Exc L4-5 RORB GABRG1",-0.0127707147818009,3.22554477050033,0.0462596724611226,0.829818430335945,0.999997068196745,0.999983379322086,"group_idyes"
"9322","C9orf78","Exc L4-5 RORB GABRG1",0.00397694956294864,4.68596736028967,0.0038337840169227,0.950660638268659,0.999997068196745,0.999983379322086,"group_idyes"
"9323","USP20","Exc L4-5 RORB GABRG1",-0.0233508417947136,5.27606083629766,0.539377928281671,0.463138021493658,0.999997068196745,0.999983379322086,"group_idyes"
"9324","FNBP1","Exc L4-5 RORB GABRG1",-0.0336806656431633,6.821673257456,1.2952788615122,0.255785629075104,0.999997068196745,0.999983379322086,"group_idyes"
"9325","GPR107","Exc L4-5 RORB GABRG1",-0.0494769230316304,5.49276644041137,1.79098328278246,0.181596778035436,0.999997068196745,0.999983379322086,"group_idyes"
"9326","NCS1","Exc L4-5 RORB GABRG1",0.00391010104126974,6.84838542871777,0.0140807023052847,0.905604967575921,0.999997068196745,0.999983379322086,"group_idyes"
"9327","HMCN2","Exc L4-5 RORB GABRG1",0.192144435127154,1.41876033625366,2.39519525184798,0.122530714731999,0.999997068196745,0.999983379322086,"group_idyes"
"9328","ASS1","Exc L4-5 RORB GABRG1",0.00924553831965184,1.59089705338132,0.00405575607524661,0.949254268242815,0.999997068196745,0.999983379322086,"group_idyes"
"9329","FUBP3","Exc L4-5 RORB GABRG1",-0.0449947680969299,6.01976859507368,1.19567164953274,0.274872667069156,0.999997068196745,0.999983379322086,"group_idyes"
"9330","PRDM12","Exc L4-5 RORB GABRG1",-0.00544458413429792,0.629613526860617,0.00135096115762113,0.970699080200889,0.999997068196745,0.999983379322086,"group_idyes"
"9331","EXOSC2","Exc L4-5 RORB GABRG1",-0.025700047882846,3.46272218378691,0.332998953439929,0.764872163022198,0.999997068196745,0.999983379322086,"group_idyes"
"9332","ABL1","Exc L4-5 RORB GABRG1",-0.0536033094583383,6.27345079905114,1.62536970497281,0.203114073089029,0.999997068196745,0.999983379322086,"group_idyes"
"9333","LAMC3","Exc L4-5 RORB GABRG1",-0.0713346685987061,0.950293978485672,0.299373583100976,0.584592625303238,0.999997068196745,0.999983379322086,"group_idyes"
"9334","NUP214","Exc L4-5 RORB GABRG1",-0.0148760518855258,5.82213909258169,0.172946788251508,0.677737941865745,0.999997068196745,0.999983379322086,"group_idyes"
"9335","AL157938.2","Exc L4-5 RORB GABRG1",0.0118773890768454,2.6001396433655,0.00772444886922785,0.930010751544156,0.999997068196745,0.999983379322086,"group_idyes"
"9336","AL157938.3","Exc L4-5 RORB GABRG1",-0.081086587841455,2.04446736767313,0.303540231562192,0.581991266194603,0.999997068196745,0.999983379322086,"group_idyes"
"9337","FAM78A","Exc L4-5 RORB GABRG1",-0.0273425545645892,2.82615029803965,0.231411512575937,0.94817264714024,0.999997068196745,0.999983379322086,"group_idyes"
"9338","PLPP7","Exc L4-5 RORB GABRG1",0.0278212862793264,5.06406939283677,0.253454872627639,0.61494095214863,0.999997068196745,0.999983379322086,"group_idyes"
"9339","PRRC2B","Exc L4-5 RORB GABRG1",0.00246508216238601,7.20854616080952,0.0106944791554556,0.917688194224585,0.999997068196745,0.999983379322086,"group_idyes"
"9340","POMT1","Exc L4-5 RORB GABRG1",-0.0521427246471685,5.36359783600732,1.10464848195693,0.293907927711818,0.999997068196745,0.999983379322086,"group_idyes"
"9341","UCK1","Exc L4-5 RORB GABRG1",0.102765138865561,3.6849889522692,2.76956372544408,0.117850975529077,0.999997068196745,0.999983379322086,"group_idyes"
"9342","RAPGEF1","Exc L4-5 RORB GABRG1",-0.0281657167333407,6.22967385710161,0.60596797258996,0.436788478512681,0.999997068196745,0.999983379322086,"group_idyes"
"9343","MED27","Exc L4-5 RORB GABRG1",-0.042930000122259,6.8731486214321,1.40574152093989,0.236496376584074,0.999997068196745,0.999983379322086,"group_idyes"
"9344","NTNG2","Exc L4-5 RORB GABRG1",-0.0161597520290559,3.8235489178649,0.0644179147625926,0.799780367459696,0.999997068196745,0.999983379322086,"group_idyes"
"9345","SETX","Exc L4-5 RORB GABRG1",-0.010209828022433,6.69121725170918,0.186377991730354,0.66619026684091,0.999997068196745,0.999983379322086,"group_idyes"
"9346","TTF1","Exc L4-5 RORB GABRG1",-0.0309459292222443,4.98225890718019,0.421516180672234,0.516568859265342,0.999997068196745,0.999983379322086,"group_idyes"
"9347","CFAP77","Exc L4-5 RORB GABRG1",-0.218325964055453,0.91043726595706,2.60533598846771,0.107324413268366,0.999997068196745,0.999983379322086,"group_idyes"
"9348","DDX31","Exc L4-5 RORB GABRG1",-0.0458106051460252,3.54616118275501,0.641455008356731,0.423678729632814,0.999997068196745,0.999983379322086,"group_idyes"
"9349","GTF3C4","Exc L4-5 RORB GABRG1",0.0280063907163047,4.33033492747779,0.4040573035547,0.525379213120577,0.999997068196745,0.999983379322086,"group_idyes"
"9350","AK8","Exc L4-5 RORB GABRG1",-0.0424310938088696,3.98102492645444,0.289092229517304,0.591113703278648,0.999997068196745,0.999983379322086,"group_idyes"
"9351","SPACA9","Exc L4-5 RORB GABRG1",0.0999049765834647,2.62007166845497,1.66085991128304,0.198261658842203,0.999997068196745,0.999983379322086,"group_idyes"
"9352","TSC1","Exc L4-5 RORB GABRG1",-0.0110220747947684,6.25562804045837,0.152581796322489,0.696296410630698,0.999997068196745,0.999983379322086,"group_idyes"
"9353","GFI1B","Exc L4-5 RORB GABRG1",-0.228179692060876,0.339521352574095,2.04312752799817,0.153706480237182,0.999997068196745,0.999983379322086,"group_idyes"
"9354","GTF3C5","Exc L4-5 RORB GABRG1",-0.0573778873138929,4.11843610263512,2.01129768981488,0.156941194824046,0.999997068196745,0.999983379322086,"group_idyes"
"9355","CEL","Exc L4-5 RORB GABRG1",0.0193426019787216,3.12934992854468,0.0502837931347274,0.822689222987555,0.999997068196745,0.999983379322086,"group_idyes"
"9356","RALGDS","Exc L4-5 RORB GABRG1",0.0180027064412719,5.12892469351365,0.19209114864657,0.661427827988278,0.999997068196745,0.999983379322086,"group_idyes"
"9357","AL162417.1","Exc L4-5 RORB GABRG1",-0.0892787445856448,1.00116761521217,0.4489685235654,0.503227162485631,0.999997068196745,0.999983379322086,"group_idyes"
"9358","ABO","Exc L4-5 RORB GABRG1",0.497157140643171,0.0359129583213475,6.31873905632245,0.0123544243657685,0.999997068196745,0.999983379322086,"group_idyes"
"9359","SURF6","Exc L4-5 RORB GABRG1",0.0389168986541806,3.79648348449302,0.446615785283125,0.504347195611445,0.999997068196745,0.999983379322086,"group_idyes"
"9360","MED22","Exc L4-5 RORB GABRG1",-0.0269617358009897,3.00018615782149,0.192194660069284,0.725479870298918,0.999997068196745,0.999983379322086,"group_idyes"
"9361","RPL7A","Exc L4-5 RORB GABRG1",0.00616383585202493,5.05097851664844,0.00263036945052003,0.959123342509677,0.999997068196745,0.999983379322086,"group_idyes"
"9362","SURF1","Exc L4-5 RORB GABRG1",-0.017166960121645,2.81735262463913,0.0457206117538221,0.830797746878048,0.999997068196745,0.999983379322086,"group_idyes"
"9363","SURF2","Exc L4-5 RORB GABRG1",-0.0796915289661716,2.20224459266285,0.78187865724362,0.377119441060612,0.999997068196745,0.999983379322086,"group_idyes"
"9364","SURF4","Exc L4-5 RORB GABRG1",0.0283018830945624,4.89915229254724,0.723092262754562,0.395660348270869,0.999997068196745,0.999983379322086,"group_idyes"
"9365","STKLD1","Exc L4-5 RORB GABRG1",-0.0726404458966046,2.6639043459417,1.55005652217914,0.255089211598087,0.999997068196745,0.999983379322086,"group_idyes"
"9366","REXO4","Exc L4-5 RORB GABRG1",0.066017305078904,4.05308755652225,1.63867574275125,0.201278560734399,0.999997068196745,0.999983379322086,"group_idyes"
"9367","ADAMTS13","Exc L4-5 RORB GABRG1",-0.0334461130548179,4.09395780837059,0.403268861871221,0.525783371790196,0.999997068196745,0.999983379322086,"group_idyes"
"9368","CACFD1","Exc L4-5 RORB GABRG1",0.0804523243422333,2.28124731151594,1.1108458456726,0.431948272245075,0.999997068196745,0.999983379322086,"group_idyes"
"9369","SLC2A6","Exc L4-5 RORB GABRG1",-0.0212570609637009,4.17325160913013,0.155912786955783,0.69316655125924,0.999997068196745,0.999983379322086,"group_idyes"
"9370","ADAMTSL2","Exc L4-5 RORB GABRG1",0.0668992598763507,2.70803727792531,0.479739790889057,0.48895806060706,0.999997068196745,0.999983379322086,"group_idyes"
"9371","FAM163B","Exc L4-5 RORB GABRG1",-0.0767910397926406,2.97875240405547,0.668865421171735,0.41395366404303,0.999997068196745,0.999983379322086,"group_idyes"
"9372","DBH-AS1","Exc L4-5 RORB GABRG1",0.13531446581379,1.4295533884401,1.05359121672737,0.30532636204762,0.999997068196745,0.999983379322086,"group_idyes"
"9373","SARDH","Exc L4-5 RORB GABRG1",0.0201676286462299,2.39464758200755,0.046347104666396,0.829660155171965,0.999997068196745,0.999983379322086,"group_idyes"
"9374","VAV2","Exc L4-5 RORB GABRG1",0.0384374152888605,1.57603196251726,0.152575669168444,0.696302203958086,0.999997068196745,0.999983379322086,"group_idyes"
"9375","BRD3OS","Exc L4-5 RORB GABRG1",0.0132998876123145,4.35298529692511,0.0825974716327818,0.773962512533068,0.999997068196745,0.999983379322086,"group_idyes"
"9376","BRD3","Exc L4-5 RORB GABRG1",-0.00471799094252612,5.11481677825361,0.0139540183547361,0.906028577151852,0.999997068196745,0.999983379322086,"group_idyes"
"9377","WDR5","Exc L4-5 RORB GABRG1",-0.0332297299017488,5.02464254089684,1.03189172540605,0.310353158595676,0.999997068196745,0.999983379322086,"group_idyes"
"9378","RXRA","Exc L4-5 RORB GABRG1",0.0166709927281793,3.7255140155658,0.125565179651818,0.723269408576905,0.999997068196745,0.999983379322086,"group_idyes"
"9379","AL669970.1","Exc L4-5 RORB GABRG1",0.0624185239642426,1.87447545632746,0.350213009306111,0.554340155516087,0.999997068196745,0.999983379322086,"group_idyes"
"9380","AL669970.3","Exc L4-5 RORB GABRG1",0.0126759283334674,2.26678677401059,0.0131096152916965,0.908903372729484,0.999997068196745,0.999983379322086,"group_idyes"
"9381","COL5A1","Exc L4-5 RORB GABRG1",-0.088005594879254,5.38166210196779,1.50063899195614,0.221322533962298,0.999997068196745,0.999983379322086,"group_idyes"
"9382","OLFM1","Exc L4-5 RORB GABRG1",0.0135218888112887,8.59969931233022,0.0753888585266975,0.783793749530448,0.999997068196745,0.999983379322086,"group_idyes"
"9383","AL390778.1","Exc L4-5 RORB GABRG1",-0.172182042476951,1.0391526102219,1.62090332269014,0.203734619302709,0.999997068196745,0.999983379322086,"group_idyes"
"9384","PPP1R26-AS1","Exc L4-5 RORB GABRG1",0.144314276948893,4.89737891247448,2.32584079035677,0.128063047114913,0.999997068196745,0.999983379322086,"group_idyes"
"9385","PPP1R26","Exc L4-5 RORB GABRG1",0.0154645231884871,3.57211558818317,0.090803294345581,0.935472156101501,0.999997068196745,0.999983379322086,"group_idyes"
"9386","C9orf116","Exc L4-5 RORB GABRG1",-0.0587737828281284,1.79036768374628,0.279307733356752,0.597460039463461,0.999997068196745,0.999983379322086,"group_idyes"
"9387","MRPS2","Exc L4-5 RORB GABRG1",0.0440299764061439,3.53405325461262,0.333835467410573,0.563747304185266,0.999997068196745,0.999983379322086,"group_idyes"
"9388","SOHLH1","Exc L4-5 RORB GABRG1",-0.011042305730626,3.61242573720651,0.0292228580556879,0.864355351241138,0.999997068196745,0.999983379322086,"group_idyes"
"9389","KCNT1","Exc L4-5 RORB GABRG1",0.0354536622067709,6.89015354512386,0.573542429381796,0.449318243811512,0.999997068196745,0.999983379322086,"group_idyes"
"9390","CAMSAP1","Exc L4-5 RORB GABRG1",0.0335392032474308,5.90175783011658,1.4640996629726,0.227021862898146,0.999997068196745,0.999983379322086,"group_idyes"
"9391","AL355574.1","Exc L4-5 RORB GABRG1",0.0244653456877209,1.91665026765441,0.0932737148116126,0.760221011782175,0.999997068196745,0.999983379322086,"group_idyes"
"9392","UBAC1","Exc L4-5 RORB GABRG1",0.0174665148967693,4.75986943828689,0.155417143502013,0.693629804773559,0.999997068196745,0.999983379322086,"group_idyes"
"9393","NACC2","Exc L4-5 RORB GABRG1",-0.00706884979168324,3.66754270157794,0.0165750126674062,0.897627507445623,0.999997068196745,0.999983379322086,"group_idyes"
"9394","TMEM250","Exc L4-5 RORB GABRG1",-0.052088050696946,3.72387263763802,0.673288697164899,0.412415464716194,0.999997068196745,0.999983379322086,"group_idyes"
"9395","QSOX2","Exc L4-5 RORB GABRG1",0.0142091539868941,4.15095936129925,0.124292485300327,0.724617837685481,0.999997068196745,0.999983379322086,"group_idyes"
"9396","CCDC187","Exc L4-5 RORB GABRG1",-0.125318254219101,0.3298569789546,0.446269958101322,0.504512188254742,0.999997068196745,0.999983379322086,"group_idyes"
"9397","AC174065.1","Exc L4-5 RORB GABRG1",-0.052821952969008,0.87924030625607,0.158745054733622,0.93687144689178,0.999997068196745,0.999983379322086,"group_idyes"
"9398","GPSM1","Exc L4-5 RORB GABRG1",0.0169091630050926,4.55715880377275,0.109204765411569,0.741231204704132,0.999997068196745,0.999983379322086,"group_idyes"
"9399","CARD9","Exc L4-5 RORB GABRG1",0.0494725894538416,2.24625451887501,0.317732426553733,0.573301970551666,0.999997068196745,0.999983379322086,"group_idyes"
"9400","SNAPC4","Exc L4-5 RORB GABRG1",0.0151947131898661,4.47543034592191,0.137150849705831,0.722578880872114,0.999997068196745,0.999983379322086,"group_idyes"
"9401","ENTR1","Exc L4-5 RORB GABRG1",-0.0193912646159249,4.48801131997459,0.12678886670488,0.721980138894829,0.999997068196745,0.999983379322086,"group_idyes"
"9402","PMPCA","Exc L4-5 RORB GABRG1",0.0103898306015657,4.45479738159308,0.0576670371906362,0.917167318784692,0.999997068196745,0.999983379322086,"group_idyes"
"9403","INPP5E","Exc L4-5 RORB GABRG1",-0.0523742450205024,4.14496270104399,1.12526158335055,0.289453777244991,0.999997068196745,0.999983379322086,"group_idyes"
"9404","SEC16A","Exc L4-5 RORB GABRG1",0.0051597908839021,5.74051531528519,0.0276169966322243,0.868099744892622,0.999997068196745,0.999983379322086,"group_idyes"
"9405","EGFL7","Exc L4-5 RORB GABRG1",-0.0473788017045089,5.0448175578818,0.631789440314135,0.427189752778391,0.999997068196745,0.999983379322086,"group_idyes"
"9406","AGPAT2","Exc L4-5 RORB GABRG1",-0.0136332140961047,3.17465009700574,0.0398854098909842,0.841810310674219,0.999997068196745,0.999983379322086,"group_idyes"
"9407","FAM69B","Exc L4-5 RORB GABRG1",0.0232085994853657,4.00736566133994,0.215398527344665,0.642831097699412,0.999997068196745,0.999983379322086,"group_idyes"
"9408","SNHG7","Exc L4-5 RORB GABRG1",-0.026998485186758,4.3238126469759,0.160858276423203,0.68859020528339,0.999997068196745,0.999983379322086,"group_idyes"
"9409","LCN15","Exc L4-5 RORB GABRG1",-0.0576899167164412,1.92808935455071,0.243505407884397,0.621967273345095,0.999997068196745,0.999983379322086,"group_idyes"
"9410","CCDC183","Exc L4-5 RORB GABRG1",0.206049628732971,1.88853710043688,6.41806985290537,0.0116927696554234,0.999997068196745,0.999983379322086,"group_idyes"
"9411","RABL6","Exc L4-5 RORB GABRG1",0.0215965026079748,6.73649434302105,0.582556233031017,0.445779861028899,0.999997068196745,0.999983379322086,"group_idyes"
"9412","AJM1","Exc L4-5 RORB GABRG1",0.10799268557434,4.43537466063391,3.8104277977103,0.0516595120377112,0.999997068196745,0.999983379322086,"group_idyes"
"9413","PHPT1","Exc L4-5 RORB GABRG1",-0.0219803141012646,3.8851285696919,0.0517687688382993,0.820134440882524,0.999997068196745,0.999983379322086,"group_idyes"
"9414","MAMDC4","Exc L4-5 RORB GABRG1",0.0067425436567788,1.23442788197425,0.00358761857354473,0.952268982436464,0.999997068196745,0.999983379322086,"group_idyes"
"9415","EDF1","Exc L4-5 RORB GABRG1",-0.000775943621721027,5.05741311254173,5.09137483281557e-05,0.994310531537568,0.999997068196745,0.999983379322086,"group_idyes"
"9416","TRAF2","Exc L4-5 RORB GABRG1",0.0274454601886483,3.58315865292444,0.314891281053616,0.756309687467111,0.999997068196745,0.999983379322086,"group_idyes"
"9417","FBXW5","Exc L4-5 RORB GABRG1",0.0580882093091979,4.63522259945022,1.3138605959277,0.252409278087255,0.999997068196745,0.999983379322086,"group_idyes"
"9418","LCNL1","Exc L4-5 RORB GABRG1",0.0305019436240267,3.33953206458148,0.158015225029265,0.691210916178539,0.999997068196745,0.999983379322086,"group_idyes"
"9419","PAXX","Exc L4-5 RORB GABRG1",0.0393526822832216,4.02310240734422,0.373400456245013,0.541517392127475,0.999997068196745,0.999983379322086,"group_idyes"
"9420","ABCA2","Exc L4-5 RORB GABRG1",-0.0121534282085225,5.63986491438726,0.110960973522435,0.739234173769838,0.999997068196745,0.999983379322086,"group_idyes"
"9421","AL807752.6","Exc L4-5 RORB GABRG1",0.00331837250579002,3.68939642743906,0.00232586605781105,0.961560171523877,0.999997068196745,0.999983379322086,"group_idyes"
"9422","NPDC1","Exc L4-5 RORB GABRG1",-0.0950205001479013,3.37349873051915,0.976570836551222,0.323667963744544,0.999997068196745,0.999983379322086,"group_idyes"
"9423","AL807752.2","Exc L4-5 RORB GABRG1",0.208222714029285,-0.0694527284472631,1.24271178011003,0.265644945478829,0.999997068196745,0.999983379322086,"group_idyes"
"9424","SAPCD2","Exc L4-5 RORB GABRG1",-0.188736305654959,1.38873359003225,1.65776597083242,0.198679201476248,0.999997068196745,0.999983379322086,"group_idyes"
"9425","UAP1L1","Exc L4-5 RORB GABRG1",-0.0514041534835325,3.15532534939161,0.52450904058508,0.469364731795353,0.999997068196745,0.999983379322086,"group_idyes"
"9426","MAN1B1-DT","Exc L4-5 RORB GABRG1",-0.0142380698120542,1.57472112377547,0.0203753693152132,0.886568419805363,0.999997068196745,0.999983379322086,"group_idyes"
"9427","MAN1B1","Exc L4-5 RORB GABRG1",-0.0378638139155375,4.60619894293212,0.614124877878203,0.433721106005575,0.999997068196745,0.999983379322086,"group_idyes"
"9428","DPP7","Exc L4-5 RORB GABRG1",0.016382294148256,5.86889814615271,0.109010153954525,0.741453596359792,0.999997068196745,0.999983379322086,"group_idyes"
"9429","GRIN1","Exc L4-5 RORB GABRG1",0.00613278964808681,8.65278070824979,0.0161503638667702,0.898940243463751,0.999997068196745,0.999983379322086,"group_idyes"
"9430","LRRC26","Exc L4-5 RORB GABRG1",0.108362760549024,0.133024367813577,0.273656683617746,0.601190465846449,0.999997068196745,0.999983379322086,"group_idyes"
"9431","ANAPC2","Exc L4-5 RORB GABRG1",0.0251253640982645,3.0358198936222,0.152819594299996,0.696071672161723,0.999997068196745,0.999983379322086,"group_idyes"
"9432","SSNA1","Exc L4-5 RORB GABRG1",0.0569436389661032,4.09602206666312,0.42672664480714,0.513989709250221,0.999997068196745,0.999983379322086,"group_idyes"
"9433","TPRN","Exc L4-5 RORB GABRG1",-0.0247001368881273,3.86238627289621,0.301855508501259,0.58304027049972,0.999997068196745,0.999983379322086,"group_idyes"
"9434","TMEM203","Exc L4-5 RORB GABRG1",0.0158959571387824,3.0815271508852,0.0215130793099893,0.883466659471072,0.999997068196745,0.999983379322086,"group_idyes"
"9435","NDOR1","Exc L4-5 RORB GABRG1",-0.144728655264345,3.39840489227599,5.72271906907721,0.0172259465258198,0.999997068196745,0.999983379322086,"group_idyes"
"9436","BX255925.3","Exc L4-5 RORB GABRG1",-0.00228115130318629,2.63224396395302,0.000903151771485598,0.976040779504612,0.999997068196745,0.999983379322086,"group_idyes"
"9437","RNF208","Exc L4-5 RORB GABRG1",0.0475741741011555,5.54864223434682,0.629268998022072,0.428112517853404,0.999997068196745,0.999983379322086,"group_idyes"
"9438","TUBB4B","Exc L4-5 RORB GABRG1",0.0646353370192933,6.11117044090767,0.529179055853047,0.467394646488526,0.999997068196745,0.999983379322086,"group_idyes"
"9439","NELFB","Exc L4-5 RORB GABRG1",-0.00429070098247149,4.50946233124012,0.0122806066322369,0.917288429619962,0.999997068196745,0.999983379322086,"group_idyes"
"9440","NRARP","Exc L4-5 RORB GABRG1",0.019208430713276,0.83773956018357,0.0183520964407772,0.892311203152454,0.999997068196745,0.999983379322086,"group_idyes"
"9441","EXD3","Exc L4-5 RORB GABRG1",-0.0334308738827074,6.03105824635218,0.54723947173665,0.459898988998413,0.999997068196745,0.999983379322086,"group_idyes"
"9442","NOXA1","Exc L4-5 RORB GABRG1",-0.105631602132764,5.30802756740413,1.77206003464514,0.183915614745227,0.999997068196745,0.999983379322086,"group_idyes"
"9443","NSMF","Exc L4-5 RORB GABRG1",-0.0106260330172552,5.29899901840974,0.0607408246708368,0.805460288263969,0.999997068196745,0.999983379322086,"group_idyes"
"9444","PNPLA7","Exc L4-5 RORB GABRG1",-0.0505462250673317,6.02026567556593,0.689658047325356,0.406795753342052,0.999997068196745,0.999983379322086,"group_idyes"
"9445","MRPL41","Exc L4-5 RORB GABRG1",0.079247168806786,5.93450880251758,1.13674691833078,0.287009385139456,0.999997068196745,0.999983379322086,"group_idyes"
"9446","DPH7","Exc L4-5 RORB GABRG1",-0.0742058838545992,4.27586726692368,2.84843633874219,0.092273300712182,0.999997068196745,0.999983379322086,"group_idyes"
"9447","ZMYND19","Exc L4-5 RORB GABRG1",0.0115525171206755,3.29076660893263,0.0329867768040106,0.855974543785929,0.999997068196745,0.999983379322086,"group_idyes"
"9448","ARRDC1","Exc L4-5 RORB GABRG1",-0.0596937490278338,3.80797988935966,1.03998895693328,0.308464882240847,0.999997068196745,0.999983379322086,"group_idyes"
"9449","ARRDC1-AS1","Exc L4-5 RORB GABRG1",-0.0141291222086314,2.64437162811532,0.0348031326384681,0.852107116632145,0.999997068196745,0.999983379322086,"group_idyes"
"9450","EHMT1","Exc L4-5 RORB GABRG1",-0.0422744937584555,7.27482551874316,1.0867078484554,0.297856399226441,0.999997068196745,0.999983379322086,"group_idyes"
"9451","CACNA1B","Exc L4-5 RORB GABRG1",-0.0287702817113049,9.35592894901497,0.577796524843084,0.447642863868455,0.999997068196745,0.999983379322086,"group_idyes"
"9452","AC069287.1","Exc L4-5 RORB GABRG1",-0.245277144523977,0.899373486984966,2.25928283615169,0.133635930483189,0.999997068196745,0.999983379322086,"group_idyes"
"9453","LINC01001","Exc L4-5 RORB GABRG1",-0.063402989510629,3.19518433216368,0.670470805343641,0.413394409740565,0.999997068196745,0.999983379322086,"group_idyes"
"9454","AC069287.3","Exc L4-5 RORB GABRG1",-0.0187050055725599,2.43791519770342,0.0207622387205212,0.885503995842862,0.999997068196745,0.999983379322086,"group_idyes"
"9455","BET1L","Exc L4-5 RORB GABRG1",-0.00271758543176487,4.09473125736256,0.00462739075765974,0.945801129787604,0.999997068196745,0.999983379322086,"group_idyes"
"9456","RIC8A","Exc L4-5 RORB GABRG1",0.00364182257383585,3.7843133844255,0.00417939378094714,0.948487659316647,0.999997068196745,0.999983379322086,"group_idyes"
"9457","SIRT3","Exc L4-5 RORB GABRG1",0.0170109712622294,4.99683965409566,0.200494998344748,0.738167793450209,0.999997068196745,0.999983379322086,"group_idyes"
"9458","PSMD13","Exc L4-5 RORB GABRG1",-0.0297881772467544,4.66938822115148,0.535277120775155,0.464842054480421,0.999997068196745,0.999983379322086,"group_idyes"
"9459","IFITM3","Exc L4-5 RORB GABRG1",-0.145508408172201,0.116636785506184,0.481205725830124,0.488295281072545,0.999997068196745,0.999983379322086,"group_idyes"
"9460","B4GALNT4","Exc L4-5 RORB GABRG1",0.0314565271257994,5.59865750658758,0.409964127836082,0.522368851676608,0.999997068196745,0.999983379322086,"group_idyes"
"9461","SIGIRR","Exc L4-5 RORB GABRG1",0.224393684635825,0.915667550891612,1.66121681450057,0.198213559461276,0.999997068196745,0.999983379322086,"group_idyes"
"9462","ANO9","Exc L4-5 RORB GABRG1",-0.155213086789275,-0.0807649662925886,0.519709715737706,0.471403353625203,0.999997068196745,0.999983379322086,"group_idyes"
"9463","PTDSS2","Exc L4-5 RORB GABRG1",-0.0319090516116768,5.10584578180256,0.607871315487219,0.436069774397959,0.999997068196745,0.999983379322086,"group_idyes"
"9464","RNH1","Exc L4-5 RORB GABRG1",-0.00598316888664361,4.43965191166523,0.00716766128445419,0.932574110971911,0.999997068196745,0.999983379322086,"group_idyes"
"9465","HRAS","Exc L4-5 RORB GABRG1",0.0205642613230357,3.90931771228509,0.0993419461691429,0.752791641358627,0.999997068196745,0.999983379322086,"group_idyes"
"9466","LRRC56","Exc L4-5 RORB GABRG1",0.250279023451007,1.42981772334696,4.81602831470423,0.0287933848071242,0.999997068196745,0.999983379322086,"group_idyes"
"9467","RASSF7","Exc L4-5 RORB GABRG1",-0.0478699673115532,2.16787692135847,0.311650543899076,0.576993834615046,0.999997068196745,0.999983379322086,"group_idyes"
"9468","PHRF1","Exc L4-5 RORB GABRG1",-0.0645651686178447,4.01195223420636,2.40445595189004,0.158757618932331,0.999997068196745,0.999983379322086,"group_idyes"
"9469","DRD4","Exc L4-5 RORB GABRG1",-0.0605843548677717,1.70453511890523,0.180678825181543,0.671028153082156,0.999997068196745,0.999983379322086,"group_idyes"
"9470","DEAF1","Exc L4-5 RORB GABRG1",0.0648171939864908,6.11664530276787,3.80125686986578,0.0519402567425668,0.999997068196745,0.999983379322086,"group_idyes"
"9471","AC131934.1","Exc L4-5 RORB GABRG1",-0.0337002947597255,2.66049290422225,0.089215998708126,0.765337490389144,0.999997068196745,0.999983379322086,"group_idyes"
"9472","EPS8L2","Exc L4-5 RORB GABRG1",0.21006556032955,2.08846916711987,3.40809916241968,0.0656451298732423,0.999997068196745,0.999983379322086,"group_idyes"
"9473","TALDO1","Exc L4-5 RORB GABRG1",0.000987512972746205,4.38864161176582,0.000315328995304402,0.985841510472297,0.999997068196745,0.999983379322086,"group_idyes"
"9474","GATD1","Exc L4-5 RORB GABRG1",-0.0429804223576276,4.01753719093041,0.923247269229456,0.33722726960408,0.999997068196745,0.999983379322086,"group_idyes"
"9475","AP006621.3","Exc L4-5 RORB GABRG1",-0.0516192880714368,4.74126994741829,0.82259680583169,0.364989717413727,0.999997068196745,0.999983379322086,"group_idyes"
"9476","CEND1","Exc L4-5 RORB GABRG1",0.0182082161255505,6.72243525187524,0.0609174353733609,0.805183372915036,0.999997068196745,0.999983379322086,"group_idyes"
"9477","SLC25A22","Exc L4-5 RORB GABRG1",0.00849703864776036,5.24940282013369,0.0224049671018119,0.881093244410652,0.999997068196745,0.999983379322086,"group_idyes"
"9478","PANO1","Exc L4-5 RORB GABRG1",0.128808223709272,0.865941452606748,1.15976277639514,0.282189554632052,0.999997068196745,0.999983379322086,"group_idyes"
"9479","PIDD1","Exc L4-5 RORB GABRG1",0.0323916703662038,4.77030382257743,0.385294064453246,0.535151009362559,0.999997068196745,0.999983379322086,"group_idyes"
"9480","RPLP2","Exc L4-5 RORB GABRG1",-0.0587765873989936,5.00487761652166,0.286474220978517,0.592798072153081,0.999997068196745,0.999983379322086,"group_idyes"
"9481","PNPLA2","Exc L4-5 RORB GABRG1",0.0377189353505003,4.20164711455329,0.374879442035992,0.54071818371741,0.999997068196745,0.999983379322086,"group_idyes"
"9482","CD151","Exc L4-5 RORB GABRG1",-0.0264139387042586,2.38243013671036,0.0748806833591486,0.784505561600915,0.999997068196745,0.999983379322086,"group_idyes"
"9483","POLR2L","Exc L4-5 RORB GABRG1",-0.151591187439809,3.03208813235352,1.38408206994459,0.240134446372718,0.999997068196745,0.999983379322086,"group_idyes"
"9484","AP006623.1","Exc L4-5 RORB GABRG1",-0.108307385529094,2.85146171246496,2.14366452058134,0.143976154703181,0.999997068196745,0.999983379322086,"group_idyes"
"9485","CHID1","Exc L4-5 RORB GABRG1",-0.0420757182127367,4.04346564721909,0.866833934988294,0.434604284536124,0.999997068196745,0.999983379322086,"group_idyes"
"9486","AP2A2","Exc L4-5 RORB GABRG1",-0.0418424679352791,6.50573364776227,1.79269663068271,0.181388508845748,0.999997068196745,0.999983379322086,"group_idyes"
"9487","MUC6","Exc L4-5 RORB GABRG1",-0.085837081807959,1.0932142150845,0.273631645589945,0.601207103057732,0.999997068196745,0.999983379322086,"group_idyes"
"9488","TOLLIP","Exc L4-5 RORB GABRG1",0.0273562215395915,6.94201912910356,0.298343586184296,0.585239308197652,0.999997068196745,0.999983379322086,"group_idyes"
"9489","TOLLIP-AS1","Exc L4-5 RORB GABRG1",0.164460190498901,1.05530215684773,1.63570085521653,0.201687228607601,0.999997068196745,0.999983379322086,"group_idyes"
"9490","BRSK2","Exc L4-5 RORB GABRG1",-0.0039315217366698,6.67225439896656,0.011822176856101,0.913473462880437,0.999997068196745,0.999983379322086,"group_idyes"
"9491","MOB2","Exc L4-5 RORB GABRG1",-0.0222032356320475,5.41757997815563,0.261653219931128,0.609280089091205,0.999997068196745,0.999983379322086,"group_idyes"
"9492","DUSP8","Exc L4-5 RORB GABRG1",0.0640147538198622,5.47491153894944,1.55165757988689,0.213648966659676,0.999997068196745,0.999983379322086,"group_idyes"
"9493","KRTAP5-AS1","Exc L4-5 RORB GABRG1",-0.0140019352544443,5.0666418842804,0.0684156258801566,0.793797720509959,0.999997068196745,0.999983379322086,"group_idyes"
"9494","IFITM10","Exc L4-5 RORB GABRG1",0.0116705073356308,1.53409524677394,0.0106045334439155,0.918033835872996,0.999997068196745,0.999983379322086,"group_idyes"
"9495","LSP1","Exc L4-5 RORB GABRG1",-0.200384009479088,0.105910405686875,0.87781325755406,0.349389063544306,0.999997068196745,0.999983379322086,"group_idyes"
"9496","MRPL23","Exc L4-5 RORB GABRG1",-0.0983311334810538,3.72101655030026,2.23713343147265,0.135550365398736,0.999997068196745,0.999983379322086,"group_idyes"
"9497","LINC01219","Exc L4-5 RORB GABRG1",0.00279065619187191,0.895421916809896,0.000481027709183295,0.982513294607761,0.999997068196745,0.999983379322086,"group_idyes"
"9498","CD81-AS1","Exc L4-5 RORB GABRG1",-0.0569175022975857,3.62989139547285,0.478643635913637,0.489454635275381,0.999997068196745,0.999983379322086,"group_idyes"
"9499","CD81","Exc L4-5 RORB GABRG1",0.0462582983157849,5.40452782307679,0.303976196240463,0.581720428212022,0.999997068196745,0.999983379322086,"group_idyes"
"9500","TSSC4","Exc L4-5 RORB GABRG1",0.0420738279036272,3.01604239259669,0.239421388355721,0.624903176272884,0.999997068196745,0.999983379322086,"group_idyes"
"9501","KCNQ1","Exc L4-5 RORB GABRG1",-0.107498793483659,2.58856961105814,1.1446137204469,0.285350281377843,0.999997068196745,0.999983379322086,"group_idyes"
"9502","KCNQ1OT1","Exc L4-5 RORB GABRG1",-0.0131703155395866,6.22327489945951,0.0386894677423612,0.844169002425556,0.999997068196745,0.999983379322086,"group_idyes"
"9503","CDKN1C","Exc L4-5 RORB GABRG1",-0.032327323336694,0.687667225592293,0.0420066625734676,0.837715462297594,0.999997068196745,0.999983379322086,"group_idyes"
"9504","SLC22A18","Exc L4-5 RORB GABRG1",-0.114346634200099,0.975910737040429,0.640626917943592,0.423977829905944,0.999997068196745,0.999983379322086,"group_idyes"
"9505","PHLDA2","Exc L4-5 RORB GABRG1",-0.0240363380352144,0.769540731170895,0.0171162900511821,0.895978773449147,0.999997068196745,0.999983379322086,"group_idyes"
"9506","NAP1L4","Exc L4-5 RORB GABRG1",-0.00292064947148753,6.36861265526563,0.00916161150689222,0.923795724587378,0.999997068196745,0.999983379322086,"group_idyes"
"9507","CARS","Exc L4-5 RORB GABRG1",-0.0158961988287279,5.33286433092213,0.0941758116146429,0.759100148411476,0.999997068196745,0.999983379322086,"group_idyes"
"9508","OSBPL5","Exc L4-5 RORB GABRG1",-0.0661950034873032,4.92159722707785,2.78053827577352,0.0962298148661096,0.999997068196745,0.999983379322086,"group_idyes"
"9509","ZNF195","Exc L4-5 RORB GABRG1",0.0469585924206411,4.76966066425825,1.31797892681403,0.429908225359574,0.999997068196745,0.999983379322086,"group_idyes"
"9510","AC127526.1","Exc L4-5 RORB GABRG1",-0.0178484432275887,4.54410007234219,0.0961239801756886,0.756699416761137,0.999997068196745,0.999983379322086,"group_idyes"
"9511","CHRNA10","Exc L4-5 RORB GABRG1",-0.054214673945977,0.852596194874686,0.15961652980023,0.689731509752648,0.999997068196745,0.999983379322086,"group_idyes"
"9512","NUP98","Exc L4-5 RORB GABRG1",-0.0208257098897996,5.79021079205454,0.497681041583092,0.480947736866692,0.999997068196745,0.999983379322086,"group_idyes"
"9513","PGAP2","Exc L4-5 RORB GABRG1",-0.0352321243750461,4.51880877306752,0.38762920988605,0.533917068713463,0.999997068196745,0.999983379322086,"group_idyes"
"9514","RHOG","Exc L4-5 RORB GABRG1",-0.0554943547839333,1.78906807195607,0.329530233212704,0.566271284101579,0.999997068196745,0.999983379322086,"group_idyes"
"9515","STIM1","Exc L4-5 RORB GABRG1",-0.0169475004907222,5.86558028144015,0.29178162314664,0.690858649060034,0.999997068196745,0.999983379322086,"group_idyes"
"9516","RRM1","Exc L4-5 RORB GABRG1",0.00686490794141549,4.04059888211421,0.0216150187223052,0.883192873921293,0.999997068196745,0.999983379322086,"group_idyes"
"9517","TRIM68","Exc L4-5 RORB GABRG1",0.213625725809201,1.58715143456485,5.02466615737565,0.0255582242346336,0.999997068196745,0.999983379322086,"group_idyes"
"9518","MMP26","Exc L4-5 RORB GABRG1",0.0532315923284428,0.468859361710281,0.131931125679352,0.716637611181111,0.999997068196745,0.999983379322086,"group_idyes"
"9519","HBB","Exc L4-5 RORB GABRG1",0.0735483050841045,0.291027178656181,0.103808313931688,0.747481506010907,0.999997068196745,0.999983379322086,"group_idyes"
"9520","AC104389.4","Exc L4-5 RORB GABRG1",0.143744958023268,2.22737421741484,1.08308213996612,0.29866264104214,0.999997068196745,0.999983379322086,"group_idyes"
"9521","TRIM5","Exc L4-5 RORB GABRG1",0.180578293591181,2.8496018272815,2.58281492806451,0.108849749054776,0.999997068196745,0.999983379322086,"group_idyes"
"9522","TRIM22","Exc L4-5 RORB GABRG1",0.12956011774958,2.96788938672766,1.27366008798547,0.259784414243638,0.999997068196745,0.999983379322086,"group_idyes"
"9523","AC022762.2","Exc L4-5 RORB GABRG1",0.0936577963280907,2.50334327715909,1.70358835957751,0.192599416658049,0.999997068196745,0.999983379322086,"group_idyes"
"9524","C11orf42","Exc L4-5 RORB GABRG1",0.111311074802636,0.367768966167655,0.339199598504947,0.560632749358343,0.999997068196745,0.999983379322086,"group_idyes"
"9525","FAM160A2","Exc L4-5 RORB GABRG1",0.00558204755215307,4.14865087961998,0.0115767526850532,0.914372797148352,0.999997068196745,0.999983379322086,"group_idyes"
"9526","CNGA4","Exc L4-5 RORB GABRG1",0.0206975999438194,2.06606499883869,0.0430080520736672,0.835819835876096,0.999997068196745,0.999983379322086,"group_idyes"
"9527","CCKBR","Exc L4-5 RORB GABRG1",-0.0649520271654896,4.43189105373479,1.24153480821344,0.265871056905455,0.999997068196745,0.999983379322086,"group_idyes"
"9528","CAVIN3","Exc L4-5 RORB GABRG1",-0.01112742843471,0.236832314588493,0.00295547488015243,0.956673156330486,0.999997068196745,0.999983379322086,"group_idyes"
"9529","SMPD1","Exc L4-5 RORB GABRG1",-0.000798234336999758,3.0798378801152,0.000174855009124145,0.989456514540995,0.999997068196745,0.999983379322086,"group_idyes"
"9530","APBB1","Exc L4-5 RORB GABRG1",0.0422472507927441,6.47941909289758,1.1088906706451,0.292984125610767,0.999997068196745,0.999983379322086,"group_idyes"
"9531","TRIM3","Exc L4-5 RORB GABRG1",0.0370783381564192,4.21322247822628,0.932466779149664,0.372573693697051,0.999997068196745,0.999983379322086,"group_idyes"
"9532","ARFIP2","Exc L4-5 RORB GABRG1",0.0770479334699081,3.69101678510377,1.22580117613252,0.268916907831202,0.999997068196745,0.999983379322086,"group_idyes"
"9533","AC084337.2","Exc L4-5 RORB GABRG1",-0.042789005274184,4.91945141172958,0.727781709797963,0.394133966350417,0.999997068196745,0.999983379322086,"group_idyes"
"9534","DNHD1","Exc L4-5 RORB GABRG1",-0.0158833132614563,5.10110885735707,0.118207488160996,0.731174625628209,0.999997068196745,0.999983379322086,"group_idyes"
"9535","RRP8","Exc L4-5 RORB GABRG1",0.084068544125327,2.77463376565573,1.70425932549045,0.192512027368013,0.999997068196745,0.999983379322086,"group_idyes"
"9536","ILK","Exc L4-5 RORB GABRG1",-0.0467092127989634,4.36228314606642,0.960318404153472,0.32772248481012,0.999997068196745,0.999983379322086,"group_idyes"
"9537","TAF10","Exc L4-5 RORB GABRG1",-0.0137743867433809,2.73879386848067,0.0372326498979428,0.847093964920938,0.999997068196745,0.999983379322086,"group_idyes"
"9538","TPP1","Exc L4-5 RORB GABRG1",0.00798342653448302,4.29187607198238,0.0243109290816469,0.87617815467615,0.999997068196745,0.999983379322086,"group_idyes"
"9539","DCHS1","Exc L4-5 RORB GABRG1",-0.0566612028185192,1.67163846574008,0.389581773161799,0.5328892471838,0.999997068196745,0.999983379322086,"group_idyes"
"9540","AC091564.5","Exc L4-5 RORB GABRG1",-0.19118504266844,0.713198991080198,1.79366640269025,0.181270749373682,0.999997068196745,0.999983379322086,"group_idyes"
"9541","MRPL17","Exc L4-5 RORB GABRG1",0.06585993391531,2.72285162554486,0.477449056293001,0.48999675651208,0.999997068196745,0.999983379322086,"group_idyes"
"9542","OR2AG2","Exc L4-5 RORB GABRG1",-0.0807607673952789,1.80210760328824,0.762375885480734,0.45704327413168,0.999997068196745,0.999983379322086,"group_idyes"
"9543","OR6A2","Exc L4-5 RORB GABRG1",0.0235613807278934,1.98333083902944,0.0788963350683887,0.778949662785212,0.999997068196745,0.999983379322086,"group_idyes"
"9544","AC087280.2","Exc L4-5 RORB GABRG1",-0.099410987058364,6.01988624281801,3.43657525365581,0.0645329750682663,0.999997068196745,0.999983379322086,"group_idyes"
"9545","ZNF215","Exc L4-5 RORB GABRG1",-0.0378538486077509,3.53062940673226,0.327707003866466,0.567346783162653,0.999997068196745,0.999983379322086,"group_idyes"
"9546","ZNF214","Exc L4-5 RORB GABRG1",0.049393624283928,3.30689773614718,0.8821106402629,0.522419904500486,0.999997068196745,0.999983379322086,"group_idyes"
"9547","NLRP14","Exc L4-5 RORB GABRG1",0.037404095804442,0.97992344565012,0.101839152889313,0.74980683717249,0.999997068196745,0.999983379322086,"group_idyes"
"9548","SYT9","Exc L4-5 RORB GABRG1",0.134778922164456,4.1140324149789,2.50342754966094,0.114420510085881,0.999997068196745,0.999983379322086,"group_idyes"
"9549","AC107884.1","Exc L4-5 RORB GABRG1",0.207782569102373,1.29974627117181,3.34595540055939,0.068144209708355,0.999997068196745,0.999983379322086,"group_idyes"
"9550","PPFIBP2","Exc L4-5 RORB GABRG1",0.158532348648407,1.55857101886707,1.56453237734711,0.211762958635301,0.999997068196745,0.999983379322086,"group_idyes"
"9551","AC044810.3","Exc L4-5 RORB GABRG1",0.126303938658469,0.536718466182145,0.759430590266012,0.38405025061513,0.999997068196745,0.999983379322086,"group_idyes"
"9552","EIF3F","Exc L4-5 RORB GABRG1",-0.000395865943455058,5.05330883601907,0.000132420582822486,0.990824579191371,0.999997068196745,0.999983379322086,"group_idyes"
"9553","TUB","Exc L4-5 RORB GABRG1",-0.0165731340228847,5.72696497560813,0.257091917503822,0.637290652115668,0.999997068196745,0.999983379322086,"group_idyes"
"9554","RIC3","Exc L4-5 RORB GABRG1",-0.00807944143095051,6.57010167864429,0.0455623119750104,0.831086477251249,0.999997068196745,0.999983379322086,"group_idyes"
"9555","LMO1","Exc L4-5 RORB GABRG1",0.337175687922901,0.870084356557976,3.90014457908625,0.0489965057193545,0.999997068196745,0.999983379322086,"group_idyes"
"9556","STK33","Exc L4-5 RORB GABRG1",0.118757254384092,3.67909219988624,2.336382411817,0.12720447628943,0.999997068196745,0.999983379322086,"group_idyes"
"9557","TRIM66","Exc L4-5 RORB GABRG1",-0.0385914103742416,4.96036689317623,0.994503642173474,0.31927092907057,0.999997068196745,0.999983379322086,"group_idyes"
"9558","RPL27A","Exc L4-5 RORB GABRG1",-0.0257911891965773,4.75529798050223,0.0420382753509887,0.837655261609349,0.999997068196745,0.999983379322086,"group_idyes"
"9559","ST5","Exc L4-5 RORB GABRG1",-0.0751538605032696,6.02553282375502,2.9687041797875,0.0856933493755975,0.999997068196745,0.999983379322086,"group_idyes"
"9560","AC026894.1","Exc L4-5 RORB GABRG1",-0.00551643888956586,1.12670021045179,0.00130967336199299,0.971150099786698,0.999997068196745,0.999983379322086,"group_idyes"
"9561","AKIP1","Exc L4-5 RORB GABRG1",0.0121700026272643,3.86660122233357,0.0451429859214452,0.831853849966306,0.999997068196745,0.999983379322086,"group_idyes"
"9562","TMEM9B","Exc L4-5 RORB GABRG1",0.0303721655766483,4.26800098634196,0.172410658517476,0.678209671052476,0.999997068196745,0.999983379322086,"group_idyes"
"9563","TMEM9B-AS1","Exc L4-5 RORB GABRG1",-0.0774685139837984,2.12516149980822,0.643316259391256,0.423007614755798,0.999997068196745,0.999983379322086,"group_idyes"
"9564","NRIP3","Exc L4-5 RORB GABRG1",-0.0850239270952134,3.87380014790362,1.86675850208682,0.172644819601477,0.999997068196745,0.999983379322086,"group_idyes"
"9565","AC079296.1","Exc L4-5 RORB GABRG1",-0.0632576881541952,3.72273367001677,1.06474574698377,0.302783497303295,0.999997068196745,0.999983379322086,"group_idyes"
"9566","SCUBE2","Exc L4-5 RORB GABRG1",0.0309345419970374,2.28303525821989,0.0992129289286147,0.75294696561545,0.999997068196745,0.999983379322086,"group_idyes"
"9567","DENND5A","Exc L4-5 RORB GABRG1",-0.0552022002975634,5.9216272715166,2.57523139210749,0.10936874353316,0.999997068196745,0.999983379322086,"group_idyes"
"9568","TMEM41B","Exc L4-5 RORB GABRG1",-0.034863063746216,5.96640636615958,0.897670880669356,0.344001713817547,0.999997068196745,0.999983379322086,"group_idyes"
"9569","IPO7","Exc L4-5 RORB GABRG1",0.0627452162863456,6.23439498214337,4.20828012882896,0.0409037036005994,0.999997068196745,0.999983379322086,"group_idyes"
"9570","AC132192.1","Exc L4-5 RORB GABRG1",-0.0558151664658888,0.821399228747371,0.0929729334711316,0.760596052208816,0.999997068196745,0.999983379322086,"group_idyes"
"9571","AC132192.2","Exc L4-5 RORB GABRG1",-0.0380592795685295,1.83858130611601,0.170568844159631,0.999650136687577,0.999997068196745,0.999983379322086,"group_idyes"
"9572","ZNF143","Exc L4-5 RORB GABRG1",-0.0975701142641382,3.69971358267783,4.34317258662393,0.0378169438306101,0.999997068196745,0.999983379322086,"group_idyes"
"9573","SWAP70","Exc L4-5 RORB GABRG1",0.239799586514206,1.55247322569857,4.07769096853919,0.0441459847579087,0.999997068196745,0.999983379322086,"group_idyes"
"9574","SBF2-AS1","Exc L4-5 RORB GABRG1",0.0123919612058026,5.17564558450242,0.104608611275973,0.746543416514694,0.999997068196745,0.999983379322086,"group_idyes"
"9575","SBF2","Exc L4-5 RORB GABRG1",-0.00515238161910966,8.11617983433864,0.0306961388443036,0.861012189942755,0.999997068196745,0.999983379322086,"group_idyes"
"9576","AC011092.2","Exc L4-5 RORB GABRG1",0.0788038389863141,3.11063212937549,0.468758246182443,0.493971228475148,0.999997068196745,0.999983379322086,"group_idyes"
"9577","AC100763.1","Exc L4-5 RORB GABRG1",0.0911694634407186,1.08953219963468,0.321070161271186,0.571295629999454,0.999997068196745,0.999983379322086,"group_idyes"
"9578","ADM","Exc L4-5 RORB GABRG1",0.00338797788885538,0.707706620587577,0.000121072227393985,0.991226531251543,0.999997068196745,0.999983379322086,"group_idyes"
"9579","AMPD3","Exc L4-5 RORB GABRG1",-0.056428804873926,4.78748324617232,1.4354228475145,0.231619005503926,0.999997068196745,0.999983379322086,"group_idyes"
"9580","MTRNR2L8","Exc L4-5 RORB GABRG1",0.675167355018259,4.87664705386582,9.55281963528765,0.00214173395016263,0.999997068196745,0.999983379322086,"group_idyes"
"9581","RNF141","Exc L4-5 RORB GABRG1",0.00751393168645216,3.92719522949714,0.0118215315932935,0.913475814938159,0.999997068196745,0.999983379322086,"group_idyes"
"9582","MRVI1-AS1","Exc L4-5 RORB GABRG1",-0.0813129229294135,4.76803045470205,1.52969526951203,0.216912623937587,0.999997068196745,0.999983379322086,"group_idyes"
"9583","LYVE1","Exc L4-5 RORB GABRG1",-0.197123007028446,1.26713871255133,1.44847369562218,0.229513033529942,0.999997068196745,0.999983379322086,"group_idyes"
"9584","MRVI1","Exc L4-5 RORB GABRG1",-0.40587581704348,0.670922777790536,7.57277696837021,0.00620602084512663,0.999997068196745,0.999983379322086,"group_idyes"
"9585","CTR9","Exc L4-5 RORB GABRG1",-0.00485361784353981,4.74054034827212,0.0139751566696665,0.905957759096185,0.999997068196745,0.999983379322086,"group_idyes"
"9586","EIF4G2","Exc L4-5 RORB GABRG1",0.0318864922718996,6.2740545486041,0.293255845541325,0.588455075165854,0.999997068196745,0.999983379322086,"group_idyes"
"9587","AC116535.1","Exc L4-5 RORB GABRG1",0.116048177269082,2.98105760132761,2.82077810258403,0.0938631221793079,0.999997068196745,0.999983379322086,"group_idyes"
"9588","ZBED5","Exc L4-5 RORB GABRG1",0.034086099171578,5.82974002201747,0.58603003253343,0.444427766644752,0.999997068196745,0.999983379322086,"group_idyes"
"9589","ZBED5-AS1","Exc L4-5 RORB GABRG1",0.0122568392179657,2.18699377808833,0.0247438212957356,0.956953214931055,0.999997068196745,0.999983379322086,"group_idyes"
"9590","GALNT18","Exc L4-5 RORB GABRG1",-0.0212537247182366,8.10281000309742,0.213228504999201,0.644509605388444,0.999997068196745,0.999983379322086,"group_idyes"
"9591","USP47","Exc L4-5 RORB GABRG1",0.0427661414506452,7.4465070968374,1.65777935247036,0.198677393329939,0.999997068196745,0.999983379322086,"group_idyes"
"9592","DKK3","Exc L4-5 RORB GABRG1",0.0438983260208226,6.2732312663807,0.422704333207881,0.515978740667502,0.999997068196745,0.999983379322086,"group_idyes"
"9593","MICAL2","Exc L4-5 RORB GABRG1",-0.0452527118861728,8.37826690126251,1.81425391692975,0.178791621930979,0.999997068196745,0.999983379322086,"group_idyes"
"9594","PARVA","Exc L4-5 RORB GABRG1",-0.00135985537439881,5.1249530438089,0.000600732759217572,0.980458634061952,0.999997068196745,0.999983379322086,"group_idyes"
"9595","TEAD1","Exc L4-5 RORB GABRG1",-0.0605760690408371,6.60371261473523,1.70885773841738,0.191914360136646,0.999997068196745,0.999983379322086,"group_idyes"
"9596","LINC00958","Exc L4-5 RORB GABRG1",0.238511698137142,1.13408761905367,2.091846401237,0.148901169927154,0.999997068196745,0.999983379322086,"group_idyes"
"9597","ARNTL","Exc L4-5 RORB GABRG1",0.00923470421304562,6.65319725352457,0.0563754079054795,0.812445679097845,0.999997068196745,0.999983379322086,"group_idyes"
"9598","BTBD10","Exc L4-5 RORB GABRG1",-0.00535400159955968,6.79466908625252,0.0465070700483853,0.82937097986596,0.999997068196745,0.999983379322086,"group_idyes"
"9599","PTH","Exc L4-5 RORB GABRG1",-0.103368283843166,0.352673195937418,0.332320715202336,0.564632854334285,0.999997068196745,0.999983379322086,"group_idyes"
"9600","FAR1","Exc L4-5 RORB GABRG1",-0.0116367280262926,6.84033426422616,0.170453122244774,0.679939405564339,0.999997068196745,0.999983379322086,"group_idyes"
"9601","SPON1","Exc L4-5 RORB GABRG1",0.0803922343740274,4.66901590791253,0.849270185023891,0.357336399438071,0.999997068196745,0.999983379322086,"group_idyes"
"9602","SPON1-AS1","Exc L4-5 RORB GABRG1",0.0872543257021363,1.31983568052778,0.613747852543115,0.433862158947879,0.999997068196745,0.999983379322086,"group_idyes"
"9603","RRAS2","Exc L4-5 RORB GABRG1",0.0258837930988611,4.64466339734269,0.224351499322899,0.636012773609961,0.999997068196745,0.999983379322086,"group_idyes"
"9604","COPB1","Exc L4-5 RORB GABRG1",-0.00862206605784268,5.23080025217836,0.0988033808134213,0.898108041802189,0.999997068196745,0.999983379322086,"group_idyes"
"9605","AC018523.2","Exc L4-5 RORB GABRG1",-0.0252806449744747,2.28081458665217,0.102441293536121,0.749093173253015,0.999997068196745,0.999983379322086,"group_idyes"
"9606","PSMA1","Exc L4-5 RORB GABRG1",-0.0512202791871493,4.66279843515136,1.03296533115582,0.310101928280156,0.999997068196745,0.999983379322086,"group_idyes"
"9607","PDE3B","Exc L4-5 RORB GABRG1",0.0283522631628267,6.68555316035151,0.422869260000478,0.515896919948815,0.999997068196745,0.999983379322086,"group_idyes"
"9608","CYP2R1","Exc L4-5 RORB GABRG1",0.0183811758495264,3.65485253375566,0.108580743670276,0.741945083856246,0.999997068196745,0.999983379322086,"group_idyes"
"9609","CALCB","Exc L4-5 RORB GABRG1",-0.058860983555975,2.26894392158305,0.222191014306739,0.637642705787007,0.999997068196745,0.999983379322086,"group_idyes"
"9610","SOX6","Exc L4-5 RORB GABRG1",0.00162205502805368,2.72954724580543,0.000381508570276212,0.984426640210852,0.999997068196745,0.999983379322086,"group_idyes"
"9611","C11orf58","Exc L4-5 RORB GABRG1",-0.037560464052687,6.56142274176032,1.50771959637967,0.220238081906003,0.999997068196745,0.999983379322086,"group_idyes"
"9612","PLEKHA7","Exc L4-5 RORB GABRG1",-0.0711156282697245,4.43698352950258,0.291345575837213,0.589671807949135,0.999997068196745,0.999983379322086,"group_idyes"
"9613","RPS13","Exc L4-5 RORB GABRG1",0.00489252923975679,4.60530244827789,0.00124212071439758,0.971903668271883,0.999997068196745,0.999983379322086,"group_idyes"
"9614","PIK3C2A","Exc L4-5 RORB GABRG1",-0.0259823046191076,6.45385388875192,0.551257462806396,0.458257413183436,0.999997068196745,0.999983379322086,"group_idyes"
"9615","NUCB2","Exc L4-5 RORB GABRG1",0.0121548448341843,6.01203123503703,0.115835776034219,0.733781317474584,0.999997068196745,0.999983379322086,"group_idyes"
"9616","NCR3LG1","Exc L4-5 RORB GABRG1",0.00183663458413727,5.12404751755737,0.00143550255775889,0.969796611166515,0.999997068196745,0.999983379322086,"group_idyes"
"9617","AC124798.1","Exc L4-5 RORB GABRG1",-0.0393804494877789,4.11201166924225,0.567083787137095,0.451880621410559,0.999997068196745,0.999983379322086,"group_idyes"
"9618","KCNJ11","Exc L4-5 RORB GABRG1",-0.115993316678973,2.35181158175741,1.61241295740969,0.204920438137063,0.999997068196745,0.999983379322086,"group_idyes"
"9619","ABCC8","Exc L4-5 RORB GABRG1",-0.0312379239307085,6.18821145536332,0.530693497362,0.466758620620872,0.999997068196745,0.999983379322086,"group_idyes"
"9620","KCNC1","Exc L4-5 RORB GABRG1",0.0190437136966256,7.20936725120153,0.288305443321692,0.591618867593368,0.999997068196745,0.999983379322086,"group_idyes"
"9621","SERGEF","Exc L4-5 RORB GABRG1",-0.0336446715679348,6.9102349767283,0.721148605859335,0.396295498015677,0.999997068196745,0.999983379322086,"group_idyes"
"9622","TPH1","Exc L4-5 RORB GABRG1",0.11637202884077,0.558674500951173,0.51970496043669,0.471405380637828,0.999997068196745,0.999983379322086,"group_idyes"
"9623","SAAL1","Exc L4-5 RORB GABRG1",-0.0781077429451421,3.62434163579835,3.20292044581777,0.211199248834715,0.999997068196745,0.999983379322086,"group_idyes"
"9624","HPS5","Exc L4-5 RORB GABRG1",-0.0324223290526405,4.60302463997029,0.647771915454003,0.421407493539081,0.999997068196745,0.999983379322086,"group_idyes"
"9625","GTF2H1","Exc L4-5 RORB GABRG1",-0.0307669843262483,5.24699921965798,0.851720708574167,0.356644421043052,0.999997068196745,0.999983379322086,"group_idyes"
"9626","LDHA","Exc L4-5 RORB GABRG1",0.0611123222567266,5.47803516156967,0.39528691679545,0.529906470650092,0.999997068196745,0.999983379322086,"group_idyes"
"9627","LDHC","Exc L4-5 RORB GABRG1",-0.18190095458945,0.633398862292949,0.868561102984049,0.35193842983477,0.999997068196745,0.999983379322086,"group_idyes"
"9628","LDHAL6A","Exc L4-5 RORB GABRG1",0.0374754910678276,2.24607524903947,0.128989667533294,0.719678921879797,0.999997068196745,0.999983379322086,"group_idyes"
"9629","TSG101","Exc L4-5 RORB GABRG1",-0.00423524579591544,6.01915905742505,0.0297942990178522,0.899000954218093,0.999997068196745,0.999983379322086,"group_idyes"
"9630","UEVLD","Exc L4-5 RORB GABRG1",-0.0518908449501391,4.34744301861888,0.499314012594743,0.480229419175556,0.999997068196745,0.999983379322086,"group_idyes"
"9631","SPTY2D1OS","Exc L4-5 RORB GABRG1",-0.0341235212666213,3.09203227979007,0.261197662293115,0.609591691837957,0.999997068196745,0.999983379322086,"group_idyes"
"9632","SPTY2D1","Exc L4-5 RORB GABRG1",-0.0383748246001284,3.80789518431859,0.637909442523757,0.424961595629861,0.999997068196745,0.999983379322086,"group_idyes"
"9633","IGSF22","Exc L4-5 RORB GABRG1",-0.159000932344102,2.3462559220894,2.47397111689361,0.116567138187819,0.999997068196745,0.999983379322086,"group_idyes"
"9634","AC103974.1","Exc L4-5 RORB GABRG1",-0.00852779746704614,3.32116136636418,0.0104723108443145,0.918544639061247,0.999997068196745,0.999983379322086,"group_idyes"
"9635","PTPN5","Exc L4-5 RORB GABRG1",-0.0447476495989457,6.8526432509712,1.50025856371016,0.221380980688018,0.999997068196745,0.999983379322086,"group_idyes"
"9636","ZDHHC13","Exc L4-5 RORB GABRG1",0.0522385533466457,5.09428466268259,1.35467979226065,0.245182938782799,0.999997068196745,0.999983379322086,"group_idyes"
"9637","AC009652.2","Exc L4-5 RORB GABRG1",-0.104701132766309,2.0388995166902,1.10624955768647,0.293558830488775,0.999997068196745,0.999983379322086,"group_idyes"
"9638","NAV2","Exc L4-5 RORB GABRG1",-0.053584589872975,8.11175515987406,1.44037134138549,0.230817744513184,0.999997068196745,0.999983379322086,"group_idyes"
"9639","AC009549.1","Exc L4-5 RORB GABRG1",0.00419852140997142,1.79563171062504,0.00180402542094984,0.966143015333054,0.999997068196745,0.999983379322086,"group_idyes"
"9640","NAV2-AS3","Exc L4-5 RORB GABRG1",-0.206427865226371,0.623858477483389,1.18546615058198,0.276927547696586,0.999997068196745,0.999983379322086,"group_idyes"
"9641","HTATIP2","Exc L4-5 RORB GABRG1",-0.0785778444910743,3.79241425459222,2.5186364945122,0.113329324680637,0.999997068196745,0.999983379322086,"group_idyes"
"9642","PRMT3","Exc L4-5 RORB GABRG1",-0.00388972240182305,5.75747145281911,0.0113150140101394,0.915342606541683,0.999997068196745,0.999983379322086,"group_idyes"
"9643","NELL1","Exc L4-5 RORB GABRG1",-0.0353250915766523,8.59815221078169,0.501750917453111,0.479160733878828,0.999997068196745,0.999983379322086,"group_idyes"
"9644","ANO5","Exc L4-5 RORB GABRG1",0.0132894733585591,6.96014315870013,0.121017428679092,0.728123866482658,0.999997068196745,0.999983379322086,"group_idyes"
"9645","AC104009.1","Exc L4-5 RORB GABRG1",0.0158364327764624,2.01131552724296,0.0245116784579019,0.875672128420657,0.999997068196745,0.999983379322086,"group_idyes"
"9646","SLC17A6","Exc L4-5 RORB GABRG1",0.0204747363195273,4.78528778128467,0.101788598260724,0.749866860789963,0.999997068196745,0.999983379322086,"group_idyes"
"9647","FANCF","Exc L4-5 RORB GABRG1",-0.0119277132674289,2.43728177385771,0.0238002094075251,0.87747524980973,0.999997068196745,0.999983379322086,"group_idyes"
"9648","GAS2","Exc L4-5 RORB GABRG1",-0.00976212986807216,6.43528238770053,0.0384087680524473,0.844728078793272,0.999997068196745,0.999983379322086,"group_idyes"
"9649","SVIP","Exc L4-5 RORB GABRG1",0.025055371119998,5.50602783434931,0.212022889631912,0.645446629910049,0.999997068196745,0.999983379322086,"group_idyes"
"9650","AC006299.1","Exc L4-5 RORB GABRG1",0.0181212234250547,4.4730300507572,0.10054676731729,0.751346477186578,0.999997068196745,0.999983379322086,"group_idyes"
"9651","AC090092.1","Exc L4-5 RORB GABRG1",0.100029146704346,2.32772841230132,1.67767965220873,0.196009729668901,0.999997068196745,0.999983379322086,"group_idyes"
"9652","AC100768.2","Exc L4-5 RORB GABRG1",0.0737988821414454,2.22303141619671,0.40898197221238,0.522867272247078,0.999997068196745,0.999983379322086,"group_idyes"
"9653","LUZP2","Exc L4-5 RORB GABRG1",-0.0883348578823318,3.01238921553585,0.578349810267327,0.447425680338118,0.999997068196745,0.999983379322086,"group_idyes"
"9654","ANO3","Exc L4-5 RORB GABRG1",-0.0139575334916283,7.54017462075801,0.137523485067352,0.710959626920102,0.999997068196745,0.999983379322086,"group_idyes"
"9655","BBOX1","Exc L4-5 RORB GABRG1",-0.0614012173527145,0.644552307157182,0.184833732808581,0.875986508317013,0.999997068196745,0.999983379322086,"group_idyes"
"9656","BBOX1-AS1","Exc L4-5 RORB GABRG1",0.0648223056253588,4.05087119854048,0.413748013266109,0.52045646055757,0.999997068196745,0.999983379322086,"group_idyes"
"9657","CCDC34","Exc L4-5 RORB GABRG1",0.0630769983036055,4.62889725080286,1.49402212010829,0.222341756133686,0.999997068196745,0.999983379322086,"group_idyes"
"9658","LGR4","Exc L4-5 RORB GABRG1",-0.0239934841536524,5.23631608519485,0.361348493672934,0.548112265380326,0.999997068196745,0.999983379322086,"group_idyes"
"9659","AC100771.2","Exc L4-5 RORB GABRG1",0.174185949044484,1.19079756578597,2.53562928198892,0.11212374975753,0.999997068196745,0.999983379322086,"group_idyes"
"9660","LIN7C","Exc L4-5 RORB GABRG1",0.0890378429501047,5.52897844523828,2.66813223523001,0.103194149864742,0.999997068196745,0.999983379322086,"group_idyes"
"9661","BDNF-AS","Exc L4-5 RORB GABRG1",0.0289949412795515,5.06048994178972,0.152709174704062,0.696176002586562,0.999997068196745,0.999983379322086,"group_idyes"
"9662","BDNF","Exc L4-5 RORB GABRG1",-0.134078740444038,4.55395629448394,1.8988099986786,0.169012491632005,0.999997068196745,0.999983379322086,"group_idyes"
"9663","METTL15","Exc L4-5 RORB GABRG1",0.0319380196310304,6.95011966953011,1.00018623938283,0.317894035876742,0.999997068196745,0.999983379322086,"group_idyes"
"9664","AC090833.1","Exc L4-5 RORB GABRG1",0.21142052626927,0.82438519393296,2.20700338076153,0.138204242386813,0.999997068196745,0.999983379322086,"group_idyes"
"9665","AC090124.1","Exc L4-5 RORB GABRG1",-0.040781270190681,1.79530837148703,0.0914135166934495,0.762551181825365,0.999997068196745,0.999983379322086,"group_idyes"
"9666","AC107973.1","Exc L4-5 RORB GABRG1",-0.328358197418557,0.689883911721938,3.91616835670245,0.0485364080207439,0.999997068196745,0.999983379322086,"group_idyes"
"9667","LINC01616","Exc L4-5 RORB GABRG1",0.0876287657263726,3.2195310311735,1.29590420152685,0.255671099269028,0.999997068196745,0.999983379322086,"group_idyes"
"9668","KCNA4","Exc L4-5 RORB GABRG1",-0.00836245533873489,4.55673620792142,0.0205500501700914,0.886086541088531,0.999997068196745,0.999983379322086,"group_idyes"
"9669","AC124657.1","Exc L4-5 RORB GABRG1",-0.038094358226906,1.74131769133898,0.0406402887393769,0.840340394629472,0.999997068196745,0.999983379322086,"group_idyes"
"9670","ARL14EP","Exc L4-5 RORB GABRG1",0.0584279905456242,5.46523112010092,1.92916886692337,0.165652866050503,0.999997068196745,0.999983379322086,"group_idyes"
"9671","MPPED2","Exc L4-5 RORB GABRG1",-0.024045227667845,7.25275439263,0.271755679464821,0.602456408245806,0.999997068196745,0.999983379322086,"group_idyes"
"9672","AL136088.1","Exc L4-5 RORB GABRG1",-0.0971703963373758,2.17558511954433,1.38387043582903,0.240170328823752,0.999997068196745,0.999983379322086,"group_idyes"
"9673","DCDC1","Exc L4-5 RORB GABRG1",0.0138604448258799,5.15144731133633,0.0648136405770815,0.799179488417684,0.999997068196745,0.999983379322086,"group_idyes"
"9674","DNAJC24","Exc L4-5 RORB GABRG1",-0.0145631295635671,5.01843096142628,0.133497414591107,0.71503379523352,0.999997068196745,0.999983379322086,"group_idyes"
"9675","IMMP1L","Exc L4-5 RORB GABRG1",-0.0436365472022002,5.49535021591798,1.29279144681245,0.256241822828389,0.999997068196745,0.999983379322086,"group_idyes"
"9676","ELP4","Exc L4-5 RORB GABRG1",0.0511192722807559,6.88329776128327,1.47206608740236,0.225764366926264,0.999997068196745,0.999983379322086,"group_idyes"
"9677","AC131571.1","Exc L4-5 RORB GABRG1",0.105582871526444,2.41727785959139,0.839176971927427,0.360206096841396,0.999997068196745,0.999983379322086,"group_idyes"
"9678","PAX6","Exc L4-5 RORB GABRG1",-0.0379846362185533,0.462013393194387,0.0451874461164541,0.831772311080662,0.999997068196745,0.999983379322086,"group_idyes"
"9679","AL035078.4","Exc L4-5 RORB GABRG1",-0.0046308786305203,0.733838369806679,0.00140429092787507,0.986794491557787,0.999997068196745,0.999983379322086,"group_idyes"
"9680","RCN1","Exc L4-5 RORB GABRG1",0.0924855815891627,1.6687705953473,0.497178384510649,0.481169203098171,0.999997068196745,0.999983379322086,"group_idyes"
"9681","AL078612.1","Exc L4-5 RORB GABRG1",0.119086898800546,2.4178992037745,1.90231061500409,0.168621131809517,0.999997068196745,0.999983379322086,"group_idyes"
"9682","EIF3M","Exc L4-5 RORB GABRG1",-0.0227905878610974,5.39288543142157,0.536294334766375,0.464418431967138,0.999997068196745,0.999983379322086,"group_idyes"
"9683","CCDC73","Exc L4-5 RORB GABRG1",-0.0658829933426609,2.27293477984163,0.578753413917693,0.447267355489741,0.999997068196745,0.999983379322086,"group_idyes"
"9684","QSER1","Exc L4-5 RORB GABRG1",0.0139288032225183,6.2675130802784,0.134148174932924,0.714370579953196,0.999997068196745,0.999983379322086,"group_idyes"
"9685","TCP11L1","Exc L4-5 RORB GABRG1",-0.058108679469833,5.35592407318792,3.43356393426379,0.0646496241105091,0.999997068196745,0.999983379322086,"group_idyes"
"9686","CSTF3","Exc L4-5 RORB GABRG1",0.010434952171931,6.44853749941305,0.115698637979447,0.7339329502228,0.999997068196745,0.999983379322086,"group_idyes"
"9687","CSTF3-DT","Exc L4-5 RORB GABRG1",0.0164894190802388,0.62119642315861,0.0112916207646203,0.915429834278849,0.999997068196745,0.999983379322086,"group_idyes"
"9688","HIPK3","Exc L4-5 RORB GABRG1",0.00804909236654093,5.90532127887887,0.0870148046600384,0.768166195740108,0.999997068196745,0.999983379322086,"group_idyes"
"9689","KIAA1549L","Exc L4-5 RORB GABRG1",0.000827027552025642,8.95001107532771,0.000685244433994102,0.979129594581919,0.999997068196745,0.999983379322086,"group_idyes"
"9690","AL049629.1","Exc L4-5 RORB GABRG1",0.0901821635125219,1.49346395703317,0.539189014541859,0.463216302565364,0.999997068196745,0.999983379322086,"group_idyes"
"9691","CD59","Exc L4-5 RORB GABRG1",-0.194995073213581,1.74589415107935,3.64860609710462,0.0568594160197889,0.999997068196745,0.999983379322086,"group_idyes"
"9692","FBXO3","Exc L4-5 RORB GABRG1",0.0284348317131709,6.03601185689733,0.938897753306192,0.9608494045863,0.999997068196745,0.999983379322086,"group_idyes"
"9693","LMO2","Exc L4-5 RORB GABRG1",-0.0120424658025818,2.04797028530314,0.0134921239675622,0.907589828349039,0.999997068196745,0.999983379322086,"group_idyes"
"9694","CAPRIN1","Exc L4-5 RORB GABRG1",0.0330594108391692,5.65371280138234,1.12709286595862,0.289062255240242,0.999997068196745,0.999983379322086,"group_idyes"
"9695","NAT10","Exc L4-5 RORB GABRG1",-0.00026505032883285,5.30999268925654,6.95745063339518e-05,0.993349139002582,0.999997068196745,0.999983379322086,"group_idyes"
"9696","ABTB2","Exc L4-5 RORB GABRG1",-0.103755351895249,1.64446954130562,0.948321664187197,0.330758744457027,0.999997068196745,0.999983379322086,"group_idyes"
"9697","CAT","Exc L4-5 RORB GABRG1",-0.0537946652385775,0.659963069450969,0.12424818945373,0.724664909007402,0.999997068196745,0.999983379322086,"group_idyes"
"9698","APIP","Exc L4-5 RORB GABRG1",-0.0782138642505171,4.85182896184296,2.30940938874114,0.129414259267805,0.999997068196745,0.999983379322086,"group_idyes"
"9699","PDHX","Exc L4-5 RORB GABRG1",-0.004425322567078,6.33514787741988,0.0313472382335296,0.859561097691645,0.999997068196745,0.999983379322086,"group_idyes"
"9700","CD44","Exc L4-5 RORB GABRG1",-0.313840518094936,0.509360224865569,4.12536692768007,0.04293190572329,0.999997068196745,0.999983379322086,"group_idyes"
"9701","SLC1A2","Exc L4-5 RORB GABRG1",-0.0959413090070986,5.60983689109933,3.21179269245845,0.0738949788726298,0.999997068196745,0.999983379322086,"group_idyes"
"9702","PAMR1","Exc L4-5 RORB GABRG1",-0.0699155302040167,1.29452734603697,0.182830703787779,0.669191005307324,0.999997068196745,0.999983379322086,"group_idyes"
"9703","FJX1","Exc L4-5 RORB GABRG1",-0.00630603119672095,1.6752052227328,0.0017038190921752,0.967096207262794,0.999997068196745,0.999983379322086,"group_idyes"
"9704","TRIM44","Exc L4-5 RORB GABRG1",-0.0149772978830866,7.52888731385488,0.216937684019693,0.641646784477851,0.999997068196745,0.999983379322086,"group_idyes"
"9705","LDLRAD3","Exc L4-5 RORB GABRG1",-0.108392959716284,4.13294786406149,1.2385590696769,0.26644380707288,0.999997068196745,0.999983379322086,"group_idyes"
"9706","COMMD9","Exc L4-5 RORB GABRG1",0.0175774155233407,3.73823752276428,0.0895165702339678,0.764954193598069,0.999997068196745,0.999983379322086,"group_idyes"
"9707","PRR5L","Exc L4-5 RORB GABRG1",-0.109376042737389,1.51495202898597,1.09894330754102,0.295156219177837,0.999997068196745,0.999983379322086,"group_idyes"
"9708","TRAF6","Exc L4-5 RORB GABRG1",-0.011512067046588,4.66284975412953,0.0488845473685628,0.825133031389833,0.999997068196745,0.999983379322086,"group_idyes"
"9709","RAG1","Exc L4-5 RORB GABRG1",-0.109844629878869,1.78615212525832,1.37251648449735,0.242105010450697,0.999997068196745,0.999983379322086,"group_idyes"
"9710","C11orf74","Exc L4-5 RORB GABRG1",-0.0305441742271492,5.08604428623666,0.6319636942446,0.427126067321565,0.999997068196745,0.999983379322086,"group_idyes"
"9711","AC022796.1","Exc L4-5 RORB GABRG1",-0.0673451434263586,0.621833192161112,0.0831964349668766,0.773166877548305,0.999997068196745,0.999983379322086,"group_idyes"
"9712","LRRC4C","Exc L4-5 RORB GABRG1",0.0127114259207115,8.60334426341834,0.0772607358251978,0.781193794408249,0.999997068196745,0.999983379322086,"group_idyes"
"9713","LINC01499","Exc L4-5 RORB GABRG1",0.158155050288901,0.153502966624772,0.762357441914775,0.383136400598172,0.999997068196745,0.999983379322086,"group_idyes"
"9714","AC079917.1","Exc L4-5 RORB GABRG1",0.231328401419773,0.0527099684043821,1.41542217736935,0.23489203559096,0.999997068196745,0.999983379322086,"group_idyes"
"9715","API5","Exc L4-5 RORB GABRG1",0.0400799570777603,5.98358386622487,1.56122870248339,0.742872127905014,0.999997068196745,0.999983379322086,"group_idyes"
"9716","AC087276.2","Exc L4-5 RORB GABRG1",0.161235909209551,1.47886339374637,1.7560772455275,0.185901004486553,0.999997068196745,0.999983379322086,"group_idyes"
"9717","TTC17","Exc L4-5 RORB GABRG1",0.00302254007874587,7.88312320276424,0.0122821032345644,0.911813187344291,0.999997068196745,0.999983379322086,"group_idyes"
"9718","AC068205.1","Exc L4-5 RORB GABRG1",-0.386344728977658,4.81278887233941,5.81453154329933,0.0163620281736805,0.999997068196745,0.999983379322086,"group_idyes"
"9719","HSD17B12","Exc L4-5 RORB GABRG1",-0.291649568745969,6.89273259520824,7.22225210743371,0.00751304982597962,0.999997068196745,0.999983379322086,"group_idyes"
"9720","AC087521.2","Exc L4-5 RORB GABRG1",-0.218302541821814,1.24356869029888,1.59571749491152,0.207276148561654,0.999997068196745,0.999983379322086,"group_idyes"
"9721","ALKBH3","Exc L4-5 RORB GABRG1",-0.00622365078835865,4.67158462105557,0.0226237624026127,0.880518419204041,0.999997068196745,0.999983379322086,"group_idyes"
"9722","C11orf96","Exc L4-5 RORB GABRG1",0.231292437235347,1.00545091549842,1.87664883180411,0.171514457240637,0.999997068196745,0.999983379322086,"group_idyes"
"9723","ACCS","Exc L4-5 RORB GABRG1",0.00151974366236717,2.23389750457896,0.000273586518343753,0.986811805428708,0.999997068196745,0.999983379322086,"group_idyes"
"9724","EXT2","Exc L4-5 RORB GABRG1",-0.0205777047225456,6.06823471366999,0.254185014184937,0.614432171191817,0.999997068196745,0.999983379322086,"group_idyes"
"9725","CD82","Exc L4-5 RORB GABRG1",-0.0333317218914227,0.410456492665497,0.0417170309823907,0.838268114554559,0.999997068196745,0.999983379322086,"group_idyes"
"9726","TSPAN18","Exc L4-5 RORB GABRG1",-0.0542686018838251,0.817035313013231,0.148825727316366,0.699873297271709,0.999997068196745,0.999983379322086,"group_idyes"
"9727","TP53I11","Exc L4-5 RORB GABRG1",-0.0352704065991523,3.12113578405547,0.219103058930681,0.639989252776124,0.999997068196745,0.999983379322086,"group_idyes"
"9728","PRDM11","Exc L4-5 RORB GABRG1",-0.00300754962688576,5.35489844033377,0.0061429994164197,0.937568686125185,0.999997068196745,0.999983379322086,"group_idyes"
"9729","AC103681.2","Exc L4-5 RORB GABRG1",0.0873693627482222,1.67301403012709,0.629980369969068,0.427851770951757,0.999997068196745,0.999983379322086,"group_idyes"
"9730","SYT13","Exc L4-5 RORB GABRG1",0.0689364277012072,6.60312589944523,3.10048864518848,0.0790632234540417,0.999997068196745,0.999983379322086,"group_idyes"
"9731","AC103736.1","Exc L4-5 RORB GABRG1",0.00169869048891132,2.08356172211612,0.000283884284363607,0.986565920076283,0.999997068196745,0.999983379322086,"group_idyes"
"9732","AC103855.3","Exc L4-5 RORB GABRG1",0.0288244956907712,7.18637652462051,0.177220223285662,0.67400816876612,0.999997068196745,0.999983379322086,"group_idyes"
"9733","CHST1","Exc L4-5 RORB GABRG1",-0.0217886742351092,4.71505796025558,0.185567500647192,0.666872877534518,0.999997068196745,0.999983379322086,"group_idyes"
"9734","SLC35C1","Exc L4-5 RORB GABRG1",0.14814219035683,1.71671576274908,2.4421376981124,0.11893731725191,0.999997068196745,0.999983379322086,"group_idyes"
"9735","CRY2","Exc L4-5 RORB GABRG1",-0.0490146241150164,6.0049261839641,1.77445368083538,0.183620405231146,0.999997068196745,0.999983379322086,"group_idyes"
"9736","MAPK8IP1","Exc L4-5 RORB GABRG1",0.00580674118198547,4.84151499883268,0.012463891197166,0.911165650067982,0.999997068196745,0.999983379322086,"group_idyes"
"9737","PEX16","Exc L4-5 RORB GABRG1",0.020831864851057,2.96647184875459,0.107159999979276,0.743578939541523,0.999997068196745,0.999983379322086,"group_idyes"
"9738","PHF21A","Exc L4-5 RORB GABRG1",-0.00148715599996369,7.56612836400039,0.00186772844597303,0.965550795697479,0.999997068196745,0.999983379322086,"group_idyes"
"9739","AC024475.4","Exc L4-5 RORB GABRG1",-0.0141739142443758,0.742176675876493,0.0111951313411497,0.92631480896384,0.999997068196745,0.999983379322086,"group_idyes"
"9740","DGKZ","Exc L4-5 RORB GABRG1",-0.0166992539140198,7.44404644710038,0.28845478041849,0.591522915883165,0.999997068196745,0.999983379322086,"group_idyes"
"9741","MDK","Exc L4-5 RORB GABRG1",0.0047980382946314,1.30985798427503,0.00289760549468525,0.957099017124965,0.999997068196745,0.999983379322086,"group_idyes"
"9742","AMBRA1","Exc L4-5 RORB GABRG1",0.0100619079154134,7.21682693613337,0.191472347143008,0.66193954873389,0.999997068196745,0.999983379322086,"group_idyes"
"9743","HARBI1","Exc L4-5 RORB GABRG1",-0.0890565337555185,1.71492434624869,0.977259876045639,0.323497541127508,0.999997068196745,0.999983379322086,"group_idyes"
"9744","ATG13","Exc L4-5 RORB GABRG1",0.0334429162737082,5.60038690544176,1.22096719456607,0.26986146768569,0.999997068196745,0.999983379322086,"group_idyes"
"9745","ARHGAP1","Exc L4-5 RORB GABRG1",0.001126389669597,4.51188193702969,0.000845175780050811,0.976822315668965,0.999997068196745,0.999983379322086,"group_idyes"
"9746","ZNF408","Exc L4-5 RORB GABRG1",0.00808811608777748,1.62987464081758,0.00763160730995092,0.950382739858401,0.999997068196745,0.999983379322086,"group_idyes"
"9747","CKAP5","Exc L4-5 RORB GABRG1",-0.00898360404777375,6.52657113749881,0.142903000807234,0.705620404520442,0.999997068196745,0.999983379322086,"group_idyes"
"9748","LRP4-AS1","Exc L4-5 RORB GABRG1",0.02866144701221,0.806763544798714,0.0571614516107257,0.811167282584142,0.999997068196745,0.999983379322086,"group_idyes"
"9749","LRP4","Exc L4-5 RORB GABRG1",-0.00224222513901246,5.0583594112742,0.000219665767356277,0.9881825682327,0.999997068196745,0.999983379322086,"group_idyes"
"9750","C11orf49","Exc L4-5 RORB GABRG1",-0.0355880986267148,7.47246743432958,2.04869801272636,0.153148217358292,0.999997068196745,0.999983379322086,"group_idyes"
"9751","AC090589.2","Exc L4-5 RORB GABRG1",-0.0976455569590753,0.848492181862482,0.43831861236306,0.508331468156348,0.999997068196745,0.999983379322086,"group_idyes"
"9752","ARFGAP2","Exc L4-5 RORB GABRG1",0.011140685434541,5.07746860147386,0.06222839134335,0.803141054482384,0.999997068196745,0.999983379322086,"group_idyes"
"9753","DDB2","Exc L4-5 RORB GABRG1",-0.0395533583781816,4.53561785042217,0.653212566825866,0.419465896786616,0.999997068196745,0.999983379322086,"group_idyes"
"9754","ACP2","Exc L4-5 RORB GABRG1",-0.0810714862427035,2.90116445089666,0.95777310671243,0.328363563424246,0.999997068196745,0.999983379322086,"group_idyes"
"9755","NR1H3","Exc L4-5 RORB GABRG1",-0.0360634002336474,4.33110066684714,0.664862337461936,0.415353078488801,0.999997068196745,0.999983379322086,"group_idyes"
"9756","MADD","Exc L4-5 RORB GABRG1",0.0325900265330709,6.26243379848372,1.48372379578351,0.223939282269334,0.999997068196745,0.999983379322086,"group_idyes"
"9757","SPI1","Exc L4-5 RORB GABRG1",0.0623092752802557,1.47484714953467,0.390113558135798,0.532609938090446,0.999997068196745,0.999983379322086,"group_idyes"
"9758","AC090559.1","Exc L4-5 RORB GABRG1",0.138901684851898,1.17101389064153,1.58749478415138,0.208448154172999,0.999997068196745,0.999983379322086,"group_idyes"
"9759","SLC39A13","Exc L4-5 RORB GABRG1",0.00735316142965874,3.38460777041039,0.0161174393852454,0.899042753100022,0.999997068196745,0.999983379322086,"group_idyes"
"9760","PSMC3","Exc L4-5 RORB GABRG1",-0.00143919361432551,3.50156809761526,0.000204347454208353,0.988602026579592,0.999997068196745,0.999983379322086,"group_idyes"
"9761","CELF1","Exc L4-5 RORB GABRG1",0.0285416345994843,7.91640994751147,1.13163242128933,0.288094624395541,0.999997068196745,0.999983379322086,"group_idyes"
"9762","NDUFS3","Exc L4-5 RORB GABRG1",0.00728482412938681,4.42516528863852,0.00884992465252487,0.925099316577997,0.999997068196745,0.999983379322086,"group_idyes"
"9763","KBTBD4","Exc L4-5 RORB GABRG1",0.0116884981826982,3.36771278080687,0.0276562980845663,0.868006788940705,0.999997068196745,0.999983379322086,"group_idyes"
"9764","C1QTNF4","Exc L4-5 RORB GABRG1",-0.00529643107772861,4.94253509698217,0.00324035734690159,0.954635178754169,0.999997068196745,0.999983379322086,"group_idyes"
"9765","MTCH2","Exc L4-5 RORB GABRG1",-0.0521387167202923,5.52319347238394,2.84971497288784,0.0922005175994828,0.999997068196745,0.999983379322086,"group_idyes"
"9766","AGBL2","Exc L4-5 RORB GABRG1",-0.0376021264142452,0.576945341251613,0.0684856978837789,0.793694543627556,0.999997068196745,0.999983379322086,"group_idyes"
"9767","FNBP4","Exc L4-5 RORB GABRG1",-0.0234099430697953,6.81629644100616,0.512688623455562,0.474411647350863,0.999997068196745,0.999983379322086,"group_idyes"
"9768","NUP160","Exc L4-5 RORB GABRG1",-0.0136732186512156,5.91196820728307,0.17434575822825,0.676511044535087,0.999997068196745,0.999983379322086,"group_idyes"
"9769","PTPRJ","Exc L4-5 RORB GABRG1",-0.0713536313506248,6.78697025464022,3.5803901599365,0.0592159957517838,0.999997068196745,0.999983379322086,"group_idyes"
"9770","FOLH1","Exc L4-5 RORB GABRG1",-0.297504954939973,0.744419564769306,2.77900638965304,0.0963211918376206,0.999997068196745,0.999983379322086,"group_idyes"
"9771","LRRC55","Exc L4-5 RORB GABRG1",0.0271041185032916,3.00534822415921,0.188963651309288,0.665762863401254,0.999997068196745,0.999983379322086,"group_idyes"
"9772","TNKS1BP1","Exc L4-5 RORB GABRG1",-0.0139959210906166,3.54176898157344,0.0723089123098877,0.78814834299651,0.999997068196745,0.999983379322086,"group_idyes"
"9773","SSRP1","Exc L4-5 RORB GABRG1",0.0713718209239725,4.71253499239856,3.06053134896728,0.0810127743333241,0.999997068196745,0.999983379322086,"group_idyes"
"9774","RTN4RL2","Exc L4-5 RORB GABRG1",0.0516240655371102,4.47531958455459,1.06556490425613,0.302597839851728,0.999997068196745,0.999983379322086,"group_idyes"
"9775","SLC43A1","Exc L4-5 RORB GABRG1",-0.0569250354039886,3.23342338827634,0.661808977348864,0.416425210150234,0.999997068196745,0.999983379322086,"group_idyes"
"9776","TIMM10","Exc L4-5 RORB GABRG1",-0.0721190682964332,2.66230707967395,0.436241216345908,0.509337521316722,0.999997068196745,0.999983379322086,"group_idyes"
"9777","SMTNL1","Exc L4-5 RORB GABRG1",-0.0691919292704548,0.0481753217675655,0.130749523635673,0.717854670678405,0.999997068196745,0.999983379322086,"group_idyes"
"9778","UBE2L6","Exc L4-5 RORB GABRG1",-0.0435340602218049,2.76742003532363,0.248074759661478,0.618718558832146,0.999997068196745,0.999983379322086,"group_idyes"
"9779","SERPING1","Exc L4-5 RORB GABRG1",0.0119155997062821,4.08983855807111,0.0611936280449133,0.85282359635276,0.999997068196745,0.999983379322086,"group_idyes"
"9780","YPEL4","Exc L4-5 RORB GABRG1",-0.0476493235734269,4.86840367057754,0.852210909650782,0.356506219394177,0.999997068196745,0.999983379322086,"group_idyes"
"9781","CLP1","Exc L4-5 RORB GABRG1",0.0510026239601906,2.3331872212481,0.467294730972126,0.794678004699238,0.999997068196745,0.999983379322086,"group_idyes"
"9782","ZDHHC5","Exc L4-5 RORB GABRG1",0.0567617594902606,4.71923674810628,2.89659840018647,0.111896127024955,0.999997068196745,0.999983379322086,"group_idyes"
"9783","MED19","Exc L4-5 RORB GABRG1",-0.0127142673549937,4.23879952650001,0.0405385217736946,0.840537724170918,0.999997068196745,0.999983379322086,"group_idyes"
"9784","BTBD18","Exc L4-5 RORB GABRG1",-0.0381652303925146,0.585238318839422,0.0446759872998851,0.832712861857459,0.999997068196745,0.999983379322086,"group_idyes"
"9785","CTNND1","Exc L4-5 RORB GABRG1",0.041734328025658,6.11146492806719,1.77310531656149,0.183786631754302,0.999997068196745,0.999983379322086,"group_idyes"
"9786","OR9Q1","Exc L4-5 RORB GABRG1",-0.00518459129616295,1.33150441526006,0.00186698920982192,0.965557609516947,0.999997068196745,0.999983379322086,"group_idyes"
"9787","LPXN","Exc L4-5 RORB GABRG1",-0.00412414452083407,3.8512478323471,0.00531837970205191,0.941901930113915,0.999997068196745,0.999983379322086,"group_idyes"
"9788","ZFP91-CNTF","Exc L4-5 RORB GABRG1",0.0763904595734976,0.964875578934109,0.496161482925542,0.481617754098153,0.999997068196745,0.999983379322086,"group_idyes"
"9789","GLYAT","Exc L4-5 RORB GABRG1",0.0531849338075281,2.0539994235305,0.178733221741043,0.672700351097747,0.999997068196745,0.999983379322086,"group_idyes"
"9790","GLYATL2","Exc L4-5 RORB GABRG1",-0.123807090766332,4.26020221314134,4.96270232878608,0.0264773894668908,0.999997068196745,0.999983379322086,"group_idyes"
"9791","GLYATL1","Exc L4-5 RORB GABRG1",0.146420423601647,1.14217474591406,1.83218845385072,0.289869902290975,0.999997068196745,0.999983379322086,"group_idyes"
"9792","AP001636.3","Exc L4-5 RORB GABRG1",0.0942634457007895,0.756022611621667,0.368549739592352,0.544153952368606,0.999997068196745,0.999983379322086,"group_idyes"
"9793","FAM111A-DT","Exc L4-5 RORB GABRG1",0.222339486484397,0.580137155583212,2.35783423148941,0.125477088052862,0.999997068196745,0.999983379322086,"group_idyes"
"9794","DTX4","Exc L4-5 RORB GABRG1",-0.0119716932890104,4.23007113220094,0.064915529254872,0.799025094775786,0.999997068196745,0.999983379322086,"group_idyes"
"9795","OSBP","Exc L4-5 RORB GABRG1",0.00023284164696864,5.46890389412083,6.0484018080892e-05,0.993798827942515,0.999997068196745,0.999983379322086,"group_idyes"
"9796","AP000442.2","Exc L4-5 RORB GABRG1",-0.0435006931581176,0.851288023059653,0.135730125266815,0.712765927121934,0.999997068196745,0.999983379322086,"group_idyes"
"9797","PATL1","Exc L4-5 RORB GABRG1",0.0271990302411779,4.00595276663804,0.446487598787578,0.504408342045189,0.999997068196745,0.999983379322086,"group_idyes"
"9798","STX3","Exc L4-5 RORB GABRG1",-0.0143171452719359,5.78963845981052,0.165518639149386,0.684351875583078,0.999997068196745,0.999983379322086,"group_idyes"
"9799","MRPL16","Exc L4-5 RORB GABRG1",-0.0273038472653517,3.81176757053242,0.174204182038064,0.676634943443166,0.999997068196745,0.999983379322086,"group_idyes"
"9800","AP002347.1","Exc L4-5 RORB GABRG1",-0.24510278655374,1.75336688717733,5.10777134525548,0.0243774013241484,0.999997068196745,0.999983379322086,"group_idyes"
"9801","AP000790.3","Exc L4-5 RORB GABRG1",-0.2145482719438,1.48614169702265,2.44678736303599,0.118587812068077,0.999997068196745,0.999983379322086,"group_idyes"
"9802","MS4A4E","Exc L4-5 RORB GABRG1",0.0746500927019239,0.0031302018386388,0.149025870761626,0.699681400495816,0.999997068196745,0.999983379322086,"group_idyes"
"9803","MS4A5","Exc L4-5 RORB GABRG1",0.0803502960560719,1.51385546638756,0.302057492107684,0.582914303109932,0.999997068196745,0.999983379322086,"group_idyes"
"9804","MS4A13","Exc L4-5 RORB GABRG1",0.0299817568055789,1.43892660776228,0.0449849748979681,0.83214397837896,0.999997068196745,0.999983379322086,"group_idyes"
"9805","CCDC86","Exc L4-5 RORB GABRG1",0.0935036031005103,1.47086681034152,0.891401094217648,0.34569043552999,0.999997068196745,0.999983379322086,"group_idyes"
"9806","PRPF19","Exc L4-5 RORB GABRG1",0.0691776304582894,5.88996476754221,1.95493793500066,0.162861219958113,0.999997068196745,0.999983379322086,"group_idyes"
"9807","TMEM109","Exc L4-5 RORB GABRG1",0.00835040450975134,3.80209693693795,0.0138041672773306,0.90653217886483,0.999997068196745,0.999983379322086,"group_idyes"
"9808","AP003721.1","Exc L4-5 RORB GABRG1",-0.0649129121342149,0.895069061862283,0.252757395286807,0.615427830775982,0.999997068196745,0.999983379322086,"group_idyes"
"9809","TMEM132A","Exc L4-5 RORB GABRG1",0.0588037608895848,5.5592050093749,1.06922170275699,0.301770841226014,0.999997068196745,0.999983379322086,"group_idyes"
"9810","CD6","Exc L4-5 RORB GABRG1",0.00870336732419198,0.931966358675244,0.00495112283124448,0.943940332385597,0.999997068196745,0.999983379322086,"group_idyes"
"9811","CD5","Exc L4-5 RORB GABRG1",-0.0723726373432743,0.494183652706711,0.216565048014647,0.641933041261183,0.999997068196745,0.999983379322086,"group_idyes"
"9812","VPS37C","Exc L4-5 RORB GABRG1",-0.049907751045225,4.35970751603161,1.30844529737373,0.253387542330659,0.999997068196745,0.999983379322086,"group_idyes"
"9813","VWCE","Exc L4-5 RORB GABRG1",-0.0762282501754155,2.92705352469533,1.45407712990783,0.228615929878243,0.999997068196745,0.999983379322086,"group_idyes"
"9814","DDB1","Exc L4-5 RORB GABRG1",0.0192144093588635,5.76660528667954,0.354268040561023,0.552056908407583,0.999997068196745,0.999983379322086,"group_idyes"
"9815","TKFC","Exc L4-5 RORB GABRG1",-0.0398510570047804,2.50520453857443,0.17738215088985,0.673867886977157,0.999997068196745,0.999983379322086,"group_idyes"
"9816","CYB561A3","Exc L4-5 RORB GABRG1",0.0552300732412735,2.39293524980302,0.540521510927219,0.462664600069404,0.999997068196745,0.999983379322086,"group_idyes"
"9817","TMEM138","Exc L4-5 RORB GABRG1",-0.0707072155573571,3.29596866577055,1.37800481188587,0.241167449516669,0.999997068196745,0.999983379322086,"group_idyes"
"9818","TMEM216","Exc L4-5 RORB GABRG1",0.0148804120598173,2.52111033103143,0.0451591229025446,0.90986964452087,0.999997068196745,0.999983379322086,"group_idyes"
"9819","CPSF7","Exc L4-5 RORB GABRG1",0.0104353931925615,5.36586757049188,0.174078603192367,0.894965235023344,0.999997068196745,0.999983379322086,"group_idyes"
"9820","AP003108.2","Exc L4-5 RORB GABRG1",-0.0012887139896142,5.04221268142827,0.000661072522126947,0.979500916987235,0.999997068196745,0.999983379322086,"group_idyes"
"9821","PPP1R32","Exc L4-5 RORB GABRG1",-0.0566608230757743,1.60230179289014,0.366516965740417,0.545265917019926,0.999997068196745,0.999983379322086,"group_idyes"
"9822","AP003108.1","Exc L4-5 RORB GABRG1",-0.0714442279231496,1.25313999990218,0.22194716581243,0.63782727991139,0.999997068196745,0.999983379322086,"group_idyes"
"9823","LRRC10B","Exc L4-5 RORB GABRG1",0.041260139954136,0.792789305400284,0.0964819072931013,0.756261250201526,0.999997068196745,0.999983379322086,"group_idyes"
"9824","SYT7","Exc L4-5 RORB GABRG1",-0.0343301248690322,7.23178318723874,0.548522328096125,0.459373857933477,0.999997068196745,0.999983379322086,"group_idyes"
"9825","DAGLA","Exc L4-5 RORB GABRG1",0.0195680271670936,5.09841843313393,0.254416366141233,0.816030966885446,0.999997068196745,0.999983379322086,"group_idyes"
"9826","MYRF","Exc L4-5 RORB GABRG1",-0.147121236615484,1.9346643460977,1.22939475471318,0.26821740368409,0.999997068196745,0.999983379322086,"group_idyes"
"9827","TMEM258","Exc L4-5 RORB GABRG1",0.027122779385276,3.65430053475545,0.0847434887850603,0.771126094052827,0.999997068196745,0.999983379322086,"group_idyes"
"9828","FADS2","Exc L4-5 RORB GABRG1",-0.0927632752561913,3.62473328276014,2.58472752388233,0.108719286036847,0.999997068196745,0.999983379322086,"group_idyes"
"9829","FADS1","Exc L4-5 RORB GABRG1",-0.085459661605298,4.61071467310425,3.56713647099774,0.0596858299966495,0.999997068196745,0.999983379322086,"group_idyes"
"9830","FADS3","Exc L4-5 RORB GABRG1",0.0383623145079158,5.0261672203405,0.710446594898427,0.399819291455084,0.999997068196745,0.999983379322086,"group_idyes"
"9831","RAB3IL1","Exc L4-5 RORB GABRG1",0.107057022795084,0.581888459800884,0.554040446308493,0.466175144108436,0.999997068196745,0.999983379322086,"group_idyes"
"9832","BEST1","Exc L4-5 RORB GABRG1",-0.0917099233097987,0.517161745540862,0.398848231723469,0.528059730443342,0.999997068196745,0.999983379322086,"group_idyes"
"9833","FTH1","Exc L4-5 RORB GABRG1",-0.00358039928181796,7.88737578846,0.00111910795706335,0.973330637335295,0.999997068196745,0.999983379322086,"group_idyes"
"9834","INCENP","Exc L4-5 RORB GABRG1",-0.110972417109157,3.34153217336097,3.60841008849696,0.0582356526668348,0.999997068196745,0.999983379322086,"group_idyes"
"9835","AP003306.1","Exc L4-5 RORB GABRG1",0.212338126228825,-0.0383484939659417,1.22770900196556,0.268545258166602,0.999997068196745,0.999983379322086,"group_idyes"
"9836","ASRGL1","Exc L4-5 RORB GABRG1",-0.00956439521364653,4.48589917676559,0.0603290563389763,0.806107580308634,0.999997068196745,0.999983379322086,"group_idyes"
"9837","SCGB1A1","Exc L4-5 RORB GABRG1",-0.0863190785989917,0.835158799298522,0.510728683982994,0.475256981675,0.999997068196745,0.999983379322086,"group_idyes"
"9838","AHNAK","Exc L4-5 RORB GABRG1",0.0472848352410243,1.41155936712433,0.221701924429981,0.661382746845202,0.999997068196745,0.999983379322086,"group_idyes"
"9839","MTA2","Exc L4-5 RORB GABRG1",0.047583357600784,1.98910103030787,0.28624884991164,0.884941740365039,0.999997068196745,0.999983379322086,"group_idyes"
"9840","EML3","Exc L4-5 RORB GABRG1",-0.159608295928753,0.638799857406514,1.0491204183275,0.306353333461486,0.999997068196745,0.999983379322086,"group_idyes"
"9841","B3GAT3","Exc L4-5 RORB GABRG1",-0.0404602731019982,4.72239739379802,0.434664872938997,0.510103221364712,0.999997068196745,0.999983379322086,"group_idyes"
"9842","GANAB","Exc L4-5 RORB GABRG1",0.0534382064199273,4.73730554285546,2.89928889681712,0.089426326503838,0.999997068196745,0.999983379322086,"group_idyes"
"9843","INTS5","Exc L4-5 RORB GABRG1",-0.0366206626262577,2.23825448952568,0.138297391515256,0.710184274953096,0.999997068196745,0.999983379322086,"group_idyes"
"9844","AP001458.2","Exc L4-5 RORB GABRG1",0.0636175680267976,0.888578178479258,0.292891033699603,0.588687042785346,0.999997068196745,0.999983379322086,"group_idyes"
"9845","CSKMT","Exc L4-5 RORB GABRG1",0.0635200914436281,2.24050007783951,0.629344933424976,0.502608878332777,0.999997068196745,0.999983379322086,"group_idyes"
"9846","UQCC3","Exc L4-5 RORB GABRG1",-0.00425705951302461,2.5252173412519,0.00130830547870829,0.971165163216407,0.999997068196745,0.999983379322086,"group_idyes"
"9847","UBXN1","Exc L4-5 RORB GABRG1",-0.00859338203422876,3.68165190026854,0.00788732366677843,0.929278640157009,0.999997068196745,0.999983379322086,"group_idyes"
"9848","GNG3","Exc L4-5 RORB GABRG1",-0.0805610241349906,5.31127137009154,0.46287038830139,0.496694744266245,0.999997068196745,0.999983379322086,"group_idyes"
"9849","TTC9C","Exc L4-5 RORB GABRG1",-0.0208585524709213,4.75394844470924,0.359792826491983,0.548974421680561,0.999997068196745,0.999983379322086,"group_idyes"
"9850","ZBTB3","Exc L4-5 RORB GABRG1",-0.0509813502576573,1.59689324841615,0.347185437828831,0.556056547874892,0.999997068196745,0.999983379322086,"group_idyes"
"9851","POLR2G","Exc L4-5 RORB GABRG1",0.0693527096387718,2.17560102371777,0.518210037427148,0.472043312046845,0.999997068196745,0.999983379322086,"group_idyes"
"9852","AP001160.2","Exc L4-5 RORB GABRG1",-0.0219655164966061,1.59904328575992,0.0381549160066083,0.845235511826633,0.999997068196745,0.999983379322086,"group_idyes"
"9853","TAF6L","Exc L4-5 RORB GABRG1",0.0625590903480393,3.40543349295297,1.54895583154258,0.214047277777446,0.999997068196745,0.999983379322086,"group_idyes"
"9854","TMEM223","Exc L4-5 RORB GABRG1",-0.0184683547791629,4.20300094461,0.145596672325072,0.702990008952772,0.999997068196745,0.999983379322086,"group_idyes"
"9855","TMEM179B","Exc L4-5 RORB GABRG1",0.0475023071145992,3.35184228273603,0.363940174775282,0.546681543725027,0.999997068196745,0.999983379322086,"group_idyes"
"9856","NXF1","Exc L4-5 RORB GABRG1",0.0294022911191561,4.18350111240328,0.324278348080048,0.569380110740703,0.999997068196745,0.999983379322086,"group_idyes"
"9857","STX5","Exc L4-5 RORB GABRG1",0.00111296451630788,4.88039595459183,0.000857574940606726,0.976652968816506,0.999997068196745,0.999983379322086,"group_idyes"
"9858","AP001160.1","Exc L4-5 RORB GABRG1",0.0806957218523462,0.632814858776391,0.311627697184777,0.577007792050187,0.999997068196745,0.999983379322086,"group_idyes"
"9859","WDR74","Exc L4-5 RORB GABRG1",0.00683408380747313,3.14148437898643,0.00609767892771703,0.937798937899584,0.999997068196745,0.999983379322086,"group_idyes"
"9860","SLC3A2","Exc L4-5 RORB GABRG1",0.00422756014867999,4.89481553955349,0.0124969763101763,0.911048314779646,0.999997068196745,0.999983379322086,"group_idyes"
"9861","CHRM1","Exc L4-5 RORB GABRG1",0.011847419205661,4.79617157303449,0.0450643295241193,0.831998206702074,0.999997068196745,0.999983379322086,"group_idyes"
"9862","AP000438.1","Exc L4-5 RORB GABRG1",0.180717642995014,1.04358133751163,1.63945529902965,0.201171632722233,0.999997068196745,0.999983379322086,"group_idyes"
"9863","SLC22A6","Exc L4-5 RORB GABRG1",-0.0601556504102913,4.40767626368533,0.239553902961443,0.62480742886551,0.999997068196745,0.999983379322086,"group_idyes"
"9864","SLC22A8","Exc L4-5 RORB GABRG1",-0.0647199825039278,3.77840858801436,0.252816057071069,0.615386849125071,0.999997068196745,0.999983379322086,"group_idyes"
"9865","SLC22A24","Exc L4-5 RORB GABRG1",0.0120391560867351,4.27669591179176,0.0136392183432556,0.907089734468624,0.999997068196745,0.999983379322086,"group_idyes"
"9866","SLC22A10","Exc L4-5 RORB GABRG1",0.0065430186451767,9.34379388516389,0.0164486864495079,0.898016220878082,0.999997068196745,0.999983379322086,"group_idyes"
"9867","SLC22A25","Exc L4-5 RORB GABRG1",-0.156652611822063,3.24645995289985,1.86140249562335,0.173260541989746,0.999997068196745,0.999983379322086,"group_idyes"
"9868","SLC22A9","Exc L4-5 RORB GABRG1",0.049183819790861,5.80290390333367,0.950076099385059,0.33031238009364,0.999997068196745,0.999983379322086,"group_idyes"
"9869","HRASLS5","Exc L4-5 RORB GABRG1",0.136837856546644,0.714949061811206,0.849907694159676,0.357156202100134,0.999997068196745,0.999983379322086,"group_idyes"
"9870","PLA2G16","Exc L4-5 RORB GABRG1",-0.163530757313236,1.8145084872081,2.26251088300274,0.133359462728887,0.999997068196745,0.999983379322086,"group_idyes"
"9871","ATL3","Exc L4-5 RORB GABRG1",-0.0117111185244294,4.14570134110061,0.0917661239931281,0.762107513965594,0.999997068196745,0.999983379322086,"group_idyes"
"9872","AP000753.2","Exc L4-5 RORB GABRG1",0.169909712654412,0.468527354314132,1.18787948752062,0.276439878235103,0.999997068196745,0.999983379322086,"group_idyes"
"9873","RTN3","Exc L4-5 RORB GABRG1",-0.00746225451690631,9.07211334115438,0.0988647267443535,0.753366722328067,0.999997068196745,0.999983379322086,"group_idyes"
"9874","C11orf95","Exc L4-5 RORB GABRG1",0.0544662378067044,2.58475331824589,0.565299452503339,0.452592566900621,0.999997068196745,0.999983379322086,"group_idyes"
"9875","SPINDOC","Exc L4-5 RORB GABRG1",0.0510353050752645,3.22281221662196,0.4750325864997,0.491096464418688,0.999997068196745,0.999983379322086,"group_idyes"
"9876","MARK2","Exc L4-5 RORB GABRG1",-0.0322187799817498,6.16516429917778,0.83621158056674,0.361055257487843,0.999997068196745,0.999983379322086,"group_idyes"
"9877","RCOR2","Exc L4-5 RORB GABRG1",-0.0471292987772424,3.03811968122343,0.388463806023157,0.533477301600087,0.999997068196745,0.999983379322086,"group_idyes"
"9878","NAA40","Exc L4-5 RORB GABRG1",-0.0535004668478147,3.9280278763881,1.1269215450188,0.289098854392876,0.999997068196745,0.999983379322086,"group_idyes"
"9879","AP000721.1","Exc L4-5 RORB GABRG1",0.00755714980845722,0.996922743297248,0.00329033988400346,0.954287022931221,0.999997068196745,0.999983379322086,"group_idyes"
"9880","OTUB1","Exc L4-5 RORB GABRG1",0.00643823375716369,5.25721035204397,0.0120615097588884,0.912605501825531,0.999997068196745,0.999983379322086,"group_idyes"
"9881","MACROD1","Exc L4-5 RORB GABRG1",-0.00529639166802986,4.64976628003172,0.0127094183145316,0.910298614019406,0.999997068196745,0.999983379322086,"group_idyes"
"9882","AP000721.2","Exc L4-5 RORB GABRG1",-0.0765664317286912,2.69019383282219,0.593888659247257,0.441392306996797,0.999997068196745,0.999983379322086,"group_idyes"
"9883","FLRT1","Exc L4-5 RORB GABRG1",-0.203814819013687,1.54356118941703,2.52134379802661,0.11313629539705,0.999997068196745,0.999983379322086,"group_idyes"
"9884","STIP1","Exc L4-5 RORB GABRG1",0.0132038944830748,5.07012014273282,0.0393534993088162,0.84285476530867,0.999997068196745,0.999983379322086,"group_idyes"
"9885","FERMT3","Exc L4-5 RORB GABRG1",0.0660380042972814,1.47348265728939,0.254624102546539,0.614126644713657,0.999997068196745,0.999983379322086,"group_idyes"
"9886","TRPT1","Exc L4-5 RORB GABRG1",-0.0710719900805408,1.23152862946067,0.36217731016054,0.547653963834622,0.999997068196745,0.999983379322086,"group_idyes"
"9887","NUDT22","Exc L4-5 RORB GABRG1",-0.094311682774994,2.84448758279761,1.86926502882764,0.1723575387535,0.999997068196745,0.999983379322086,"group_idyes"
"9888","AP001453.1","Exc L4-5 RORB GABRG1",-0.102002971433049,1.67221865197307,0.972105889549566,0.952457258966164,0.999997068196745,0.999983379322086,"group_idyes"
"9889","DNAJC4","Exc L4-5 RORB GABRG1",-0.0293835575076859,3.38134314230653,0.185804089104144,0.666673435872629,0.999997068196745,0.999983379322086,"group_idyes"
"9890","VEGFB","Exc L4-5 RORB GABRG1",0.0349267245165459,3.34504895808407,0.211352274034705,0.645969242411826,0.999997068196745,0.999983379322086,"group_idyes"
"9891","FKBP2","Exc L4-5 RORB GABRG1",-0.0281192143894109,4.16792389887779,0.0691903929273797,0.792660042912528,0.999997068196745,0.999983379322086,"group_idyes"
"9892","PPP1R14B","Exc L4-5 RORB GABRG1",0.104717512548124,1.58935008699654,1.01863132063924,0.464744631537366,0.999997068196745,0.999983379322086,"group_idyes"
"9893","PLCB3","Exc L4-5 RORB GABRG1",0.148223935837464,1.1090488973534,1.81440573331503,0.178773486991968,0.999997068196745,0.999983379322086,"group_idyes"
"9894","BAD","Exc L4-5 RORB GABRG1",0.0396998885635939,4.14538745097735,0.263579294042554,0.607966420527162,0.999997068196745,0.999983379322086,"group_idyes"
"9895","GPR137","Exc L4-5 RORB GABRG1",0.0642278496333186,4.05082912901199,1.32419385443843,0.250555473862426,0.999997068196745,0.999983379322086,"group_idyes"
"9896","KCNK4","Exc L4-5 RORB GABRG1",-0.0170260221473228,3.82504299218147,0.0913947503782368,0.833111721484087,0.999997068196745,0.999983379322086,"group_idyes"
"9897","CATSPERZ","Exc L4-5 RORB GABRG1",-0.132678474062286,2.0005420423585,2.34292791044301,0.126674608525924,0.999997068196745,0.999983379322086,"group_idyes"
"9898","ESRRA","Exc L4-5 RORB GABRG1",-0.0107474828745231,4.49260957101725,0.0539080608818075,0.816520813639089,0.999997068196745,0.999983379322086,"group_idyes"
"9899","TRMT112","Exc L4-5 RORB GABRG1",0.00980387125695807,4.68069478696901,0.00907974498689756,0.924135925963158,0.999997068196745,0.999983379322086,"group_idyes"
"9900","PRDX5","Exc L4-5 RORB GABRG1",-0.0123032910259374,4.55359825554205,0.00998961583640129,0.920437616571223,0.999997068196745,0.999983379322086,"group_idyes"
"9901","CCDC88B","Exc L4-5 RORB GABRG1",0.127387522216216,3.82731536434036,2.89297343460754,0.0897746350171558,0.999997068196745,0.999983379322086,"group_idyes"
"9902","RPS6KA4","Exc L4-5 RORB GABRG1",0.0365453368387753,4.1033721577095,0.582770985315562,0.617271201169161,0.999997068196745,0.999983379322086,"group_idyes"
"9903","NRXN2","Exc L4-5 RORB GABRG1",0.0331744336113966,6.4829397549532,0.589423881877843,0.443112917525438,0.999997068196745,0.999983379322086,"group_idyes"
"9904","RASGRP2","Exc L4-5 RORB GABRG1",0.0624361275047404,3.19416260532802,0.982273338662599,0.322261111055359,0.999997068196745,0.999983379322086,"group_idyes"
"9905","SF1","Exc L4-5 RORB GABRG1",0.00243211028634821,6.3983530404488,0.002979902951527,0.95649464627944,0.999997068196745,0.999983379322086,"group_idyes"
"9906","AP001462.1","Exc L4-5 RORB GABRG1",0.00377331182830162,2.73511417494576,0.0022329249851582,0.962335439857195,0.999997068196745,0.999983379322086,"group_idyes"
"9907","MAP4K2","Exc L4-5 RORB GABRG1",-0.0389518031320776,4.53615305585901,1.05811720900922,0.30429125970597,0.999997068196745,0.999983379322086,"group_idyes"
"9908","MEN1","Exc L4-5 RORB GABRG1",0.0421067856800996,3.70295152542276,0.646296131099754,0.755836415312776,0.999997068196745,0.999983379322086,"group_idyes"
"9909","EHD1","Exc L4-5 RORB GABRG1",-0.025539968146657,2.76367845986633,0.162726598373926,0.686882606678294,0.999997068196745,0.999983379322086,"group_idyes"
"9910","ATG2A","Exc L4-5 RORB GABRG1",-0.0150921605061927,3.58469721989254,0.0750978316410079,0.78892690928377,0.999997068196745,0.999983379322086,"group_idyes"
"9911","PPP2R5B","Exc L4-5 RORB GABRG1",-0.0219359608493367,5.01684342905066,0.19531915542933,0.658774232268493,0.999997068196745,0.999983379322086,"group_idyes"
"9912","MAJIN","Exc L4-5 RORB GABRG1",-0.121590688724159,0.635581440827051,0.626113069996714,0.429272197991019,0.999997068196745,0.999983379322086,"group_idyes"
"9913","SAC3D1","Exc L4-5 RORB GABRG1",-0.0398694234460909,2.99788963594398,0.18120381072905,0.670578763824686,0.999997068196745,0.999983379322086,"group_idyes"
"9914","CDCA5","Exc L4-5 RORB GABRG1",0.134250201314693,1.2355621530254,1.63065456599454,0.202382692178661,0.999997068196745,0.999983379322086,"group_idyes"
"9915","ZFPL1","Exc L4-5 RORB GABRG1",-0.00245323620010354,3.2331065238266,0.00136364040345885,0.991403267218035,0.999997068196745,0.999983379322086,"group_idyes"
"9916","VPS51","Exc L4-5 RORB GABRG1",0.015733499573158,5.27875797405488,0.154997754814711,0.69402245399612,0.999997068196745,0.999983379322086,"group_idyes"
"9917","TM7SF2","Exc L4-5 RORB GABRG1",-0.0365504817321528,3.68122826075434,0.327592852893093,0.567414251434967,0.999997068196745,0.999983379322086,"group_idyes"
"9918","ZNHIT2","Exc L4-5 RORB GABRG1",0.0467645767691165,1.78461792695069,0.143079306649782,0.705447377096271,0.999997068196745,0.999983379322086,"group_idyes"
"9919","FAU","Exc L4-5 RORB GABRG1",-0.00997701379691828,4.63804610736782,0.00560519098313027,0.94035879036281,0.999997068196745,0.999983379322086,"group_idyes"
"9920","SYVN1","Exc L4-5 RORB GABRG1",0.0396452674996727,3.74293970653904,0.529670858643033,0.467187949615688,0.999997068196745,0.999983379322086,"group_idyes"
"9921","MRPL49","Exc L4-5 RORB GABRG1",0.0387116998120042,3.300837353911,0.265146696132056,0.606901852596415,0.999997068196745,0.999983379322086,"group_idyes"
"9922","AP003068.2","Exc L4-5 RORB GABRG1",-0.146167145534994,1.05393685175772,1.61351780083444,0.326722352366041,0.999997068196745,0.999983379322086,"group_idyes"
"9923","CAPN1","Exc L4-5 RORB GABRG1",-0.0331557699454536,4.62420019031652,0.347777209072424,0.555720269113093,0.999997068196745,0.999983379322086,"group_idyes"
"9924","POLA2","Exc L4-5 RORB GABRG1",0.0373246019430996,3.36360786965987,0.393371840902264,0.679980608183045,0.999997068196745,0.999983379322086,"group_idyes"
"9925","DPF2","Exc L4-5 RORB GABRG1",-0.00565078760476453,4.87444293422478,0.0336876035485165,0.854469592016825,0.999997068196745,0.999983379322086,"group_idyes"
"9926","TIGD3","Exc L4-5 RORB GABRG1",-0.0495350575456677,1.20853196157742,0.150896891517544,0.697894595705475,0.999997068196745,0.999983379322086,"group_idyes"
"9927","SLC25A45","Exc L4-5 RORB GABRG1",0.00717585483258059,3.32804660061647,0.00453355566408564,0.946352631001121,0.999997068196745,0.999983379322086,"group_idyes"
"9928","FRMD8","Exc L4-5 RORB GABRG1",-0.029686113591359,3.63885809317571,0.277538243581906,0.598622906411568,0.999997068196745,0.999983379322086,"group_idyes"
"9929","NEAT1","Exc L4-5 RORB GABRG1",0.0763231051660721,6.28929627500435,0.778121561309799,0.378267040021664,0.999997068196745,0.999983379322086,"group_idyes"
"9930","MALAT1","Exc L4-5 RORB GABRG1",0.0409452705301833,15.2935175099325,0.31333113525986,0.575968969897318,0.999997068196745,0.999983379322086,"group_idyes"
"9931","SCYL1","Exc L4-5 RORB GABRG1",0.0534453599126993,4.9738971061201,1.73495604593677,0.188563144610455,0.999997068196745,0.999983379322086,"group_idyes"
"9932","LTBP3","Exc L4-5 RORB GABRG1",0.0456326048185561,5.5490629942794,1.5378209517462,0.215698236858716,0.999997068196745,0.999983379322086,"group_idyes"
"9933","SSSCA1","Exc L4-5 RORB GABRG1",0.00348050649464726,1.39084602257526,0.00120310628411216,0.9723482546886,0.999997068196745,0.999983379322086,"group_idyes"
"9934","FAM89B","Exc L4-5 RORB GABRG1",0.0585964858986187,4.63639496713369,0.783429880125254,0.376647054758698,0.999997068196745,0.999983379322086,"group_idyes"
"9935","EHBP1L1","Exc L4-5 RORB GABRG1",0.104678682555201,3.86731922351868,3.91622670519992,0.148637987926518,0.999997068196745,0.999983379322086,"group_idyes"
"9936","KCNK7","Exc L4-5 RORB GABRG1",-0.0130258774890903,1.18583969156997,0.00998211231902547,0.920467403513384,0.999997068196745,0.999983379322086,"group_idyes"
"9937","MAP3K11","Exc L4-5 RORB GABRG1",-0.026366520060049,3.73146268784589,0.286568347599462,0.592737341762261,0.999997068196745,0.999983379322086,"group_idyes"
"9938","PCNX3","Exc L4-5 RORB GABRG1",-0.0320074720302726,2.93540249989067,0.282893826313809,0.595117728842974,0.999997068196745,0.999983379322086,"group_idyes"
"9939","RELA","Exc L4-5 RORB GABRG1",0.0754114108056389,3.28404593435547,1.68017112033622,0.731240013609021,0.999997068196745,0.999983379322086,"group_idyes"
"9940","KAT5","Exc L4-5 RORB GABRG1",0.00652189401218584,3.8871299484469,0.00937979469023418,0.922896471279777,0.999997068196745,0.999983379322086,"group_idyes"
"9941","RNASEH2C","Exc L4-5 RORB GABRG1",0.0148252277319471,4.24335609099137,0.0907294488951214,0.824460245704986,0.999997068196745,0.999983379322086,"group_idyes"
"9942","AP001266.2","Exc L4-5 RORB GABRG1",-0.0720358990123649,3.82403877875557,0.530176419373648,0.466975623511777,0.999997068196745,0.999983379322086,"group_idyes"
"9943","AP5B1","Exc L4-5 RORB GABRG1",-0.0530992275720095,2.77105766069961,0.504994518642849,0.502994922947417,0.999997068196745,0.999983379322086,"group_idyes"
"9944","CFL1","Exc L4-5 RORB GABRG1",0.00192000316452188,6.9278578500552,0.000463349401299107,0.982837579751952,0.999997068196745,0.999983379322086,"group_idyes"
"9945","SNX32","Exc L4-5 RORB GABRG1",0.0139546107137631,6.91215483743432,0.115372568807557,0.734293886159787,0.999997068196745,0.999983379322086,"group_idyes"
"9946","MUS81","Exc L4-5 RORB GABRG1",-0.000857529897084414,3.45051239029185,0.00020743938721734,0.988516126229309,0.999997068196745,0.999983379322086,"group_idyes"
"9947","EFEMP2","Exc L4-5 RORB GABRG1",0.0338955973646399,1.41279014665526,0.102982571234581,0.748453616122726,0.999997068196745,0.999983379322086,"group_idyes"
"9948","FIBP","Exc L4-5 RORB GABRG1",-0.00597875697118555,3.40420294022728,0.00400736102014011,0.949557529275292,0.999997068196745,0.999983379322086,"group_idyes"
"9949","CCDC85B","Exc L4-5 RORB GABRG1",-0.055402656271244,5.74900738446599,0.269123823989256,0.604218380142003,0.999997068196745,0.999983379322086,"group_idyes"
"9950","C11orf68","Exc L4-5 RORB GABRG1",0.0905382844866291,4.79937029551344,1.69663158757004,0.193508239995118,0.999997068196745,0.999983379322086,"group_idyes"
"9951","DRAP1","Exc L4-5 RORB GABRG1",-0.0444890999172912,4.56996539806156,0.1962262414176,0.658033281371736,0.999997068196745,0.999983379322086,"group_idyes"
"9952","SART1","Exc L4-5 RORB GABRG1",0.0405731790765545,3.97900388381627,0.827354771847737,0.816709220710611,0.999997068196745,0.999983379322086,"group_idyes"
"9953","EIF1AD","Exc L4-5 RORB GABRG1",-0.0887821281686981,2.5046078951108,1.38850929635112,0.271876370844407,0.999997068196745,0.999983379322086,"group_idyes"
"9954","BANF1","Exc L4-5 RORB GABRG1",0.0106883918416425,4.77059572241035,0.0135430224680309,0.907416471584531,0.999997068196745,0.999983379322086,"group_idyes"
"9955","GAL3ST3","Exc L4-5 RORB GABRG1",0.00291685042500955,2.43987120674825,0.00155409896450941,0.968574339161816,0.999997068196745,0.999983379322086,"group_idyes"
"9956","SF3B2","Exc L4-5 RORB GABRG1",-0.000589737876575337,5.55181831563253,0.000154298303459656,0.990095621435466,0.999997068196745,0.999983379322086,"group_idyes"
"9957","PACS1","Exc L4-5 RORB GABRG1",-0.0120600367144181,7.24282352701019,0.0936002762778086,0.759814574362326,0.999997068196745,0.999983379322086,"group_idyes"
"9958","KLC2","Exc L4-5 RORB GABRG1",0.0017025284761909,5.99450485550617,0.00116893154019394,0.972743658078291,0.999997068196745,0.999983379322086,"group_idyes"
"9959","RAB1B","Exc L4-5 RORB GABRG1",0.0880556288257189,4.52345154412726,3.03947105989653,0.0820612142662666,0.999997068196745,0.999983379322086,"group_idyes"
"9960","CNIH2","Exc L4-5 RORB GABRG1",0.0726992456332757,4.60209144230762,0.961092609339054,0.327527817632984,0.999997068196745,0.999983379322086,"group_idyes"
"9961","YIF1A","Exc L4-5 RORB GABRG1",-0.031190639722542,1.72381936554451,0.0673581087516107,0.795361758772367,0.999997068196745,0.999983379322086,"group_idyes"
"9962","TMEM151A","Exc L4-5 RORB GABRG1",0.0103664734474375,4.43264268795526,0.0261346885464197,0.871656683417321,0.999997068196745,0.999983379322086,"group_idyes"
"9963","RIN1","Exc L4-5 RORB GABRG1",-0.0158715515557555,3.34633196482105,0.0604885553421471,0.805856573711907,0.999997068196745,0.999983379322086,"group_idyes"
"9964","BRMS1","Exc L4-5 RORB GABRG1",-0.00751387392711267,2.27196731778661,0.0107141461827406,0.917612814107108,0.999997068196745,0.999983379322086,"group_idyes"
"9965","B4GAT1","Exc L4-5 RORB GABRG1",0.0407343316221332,5.77966986274753,0.182159498818398,0.669762662579608,0.999997068196745,0.999983379322086,"group_idyes"
"9966","AP001107.9","Exc L4-5 RORB GABRG1",0.0542124411575581,2.27599126928545,0.342286186509771,0.558855519252737,0.999997068196745,0.999983379322086,"group_idyes"
"9967","SLC29A2","Exc L4-5 RORB GABRG1",-0.0574011749306794,3.39334281015969,1.00277179883261,0.317270141214482,0.999997068196745,0.999983379322086,"group_idyes"
"9968","NPAS4","Exc L4-5 RORB GABRG1",0.435665548164407,0.901607846178166,1.95779197598625,0.16255536252725,0.999997068196745,0.999983379322086,"group_idyes"
"9969","MRPL11","Exc L4-5 RORB GABRG1",0.0607931411883556,3.04499204958245,0.820668063871617,0.36555189704871,0.999997068196745,0.999983379322086,"group_idyes"
"9970","PELI3","Exc L4-5 RORB GABRG1",0.0221708429459089,4.31760225733628,0.0777222153258237,0.780558046829377,0.999997068196745,0.999983379322086,"group_idyes"
"9971","DPP3","Exc L4-5 RORB GABRG1",0.0822927393308315,2.64061887129173,0.77039848562237,0.380641588318158,0.999997068196745,0.999983379322086,"group_idyes"
"9972","ZDHHC24","Exc L4-5 RORB GABRG1",0.00225962425945752,3.58025651470489,0.00185544997078705,0.965664146779679,0.999997068196745,0.999983379322086,"group_idyes"
"9973","CTSF","Exc L4-5 RORB GABRG1",-0.0424837888566167,5.14059209860497,0.505405188022431,0.477565468084706,0.999997068196745,0.999983379322086,"group_idyes"
"9974","CCS","Exc L4-5 RORB GABRG1",-0.0903648973544031,4.31990733789573,2.25602942027815,0.133915221613201,0.999997068196745,0.999983379322086,"group_idyes"
"9975","RBM14-RBM4","Exc L4-5 RORB GABRG1",0.0281031673213449,5.21673950565553,0.167107879905072,0.682922471589456,0.999997068196745,0.999983379322086,"group_idyes"
"9976","RBM4","Exc L4-5 RORB GABRG1",0.00223902216900891,4.68131386668572,0.000638781295762352,0.979849417994782,0.999997068196745,0.999983379322086,"group_idyes"
"9977","RBM4B","Exc L4-5 RORB GABRG1",-0.000777834689636877,4.64642621748171,0.000262435187504954,0.987083351499146,0.999997068196745,0.999983379322086,"group_idyes"
"9978","AP001157.1","Exc L4-5 RORB GABRG1",0.0139521248262432,2.80403107670137,0.035046697908262,0.85159652581624,0.999997068196745,0.999983379322086,"group_idyes"
"9979","SPTBN2","Exc L4-5 RORB GABRG1",-0.00860333923352535,5.69755883916026,0.0558356050516429,0.813329059302311,0.999997068196745,0.999983379322086,"group_idyes"
"9980","C11orf80","Exc L4-5 RORB GABRG1",0.018056000018785,6.87366746765355,0.192229488270567,0.661313561861972,0.999997068196745,0.999983379322086,"group_idyes"
"9981","RCE1","Exc L4-5 RORB GABRG1",0.00374164828086909,2.9192650723549,0.00332715801766976,0.95403225834774,0.999997068196745,0.999983379322086,"group_idyes"
"9982","PC","Exc L4-5 RORB GABRG1",0.0172240658646624,4.33493821304111,0.194873501202851,0.659139017662768,0.999997068196745,0.999983379322086,"group_idyes"
"9983","LRFN4","Exc L4-5 RORB GABRG1",0.0325753474936396,4.30893522571848,0.336217832439589,0.562359941900462,0.999997068196745,0.999983379322086,"group_idyes"
"9984","SYT12","Exc L4-5 RORB GABRG1",-0.101630627269587,5.47683130394266,2.7934408897225,0.0954639247117531,0.999997068196745,0.999983379322086,"group_idyes"
"9985","KDM2A","Exc L4-5 RORB GABRG1",0.020844580856359,7.26823298309063,0.370941873804022,0.542850776017508,0.999997068196745,0.999983379322086,"group_idyes"
"9986","GRK2","Exc L4-5 RORB GABRG1",0.0044539943747946,5.4913608805542,0.00751985520072419,0.9309414985717,0.999997068196745,0.999983379322086,"group_idyes"
"9987","ANKRD13D","Exc L4-5 RORB GABRG1",0.0308467337393844,5.6195979482581,0.598995832161681,0.439436734807565,0.999997068196745,0.999983379322086,"group_idyes"
"9988","SSH3","Exc L4-5 RORB GABRG1",0.0425577019041598,3.32534558155242,0.620335368060871,0.931441542370692,0.999997068196745,0.999983379322086,"group_idyes"
"9989","RAD9A","Exc L4-5 RORB GABRG1",-0.0180435521820572,6.80263823437306,0.162651517102411,0.686951008629485,0.999997068196745,0.999983379322086,"group_idyes"
"9990","POLD4","Exc L4-5 RORB GABRG1",-0.184812162214835,0.34289426813142,1.29987897452137,0.280487800301007,0.999997068196745,0.999983379322086,"group_idyes"
"9991","AP003419.1","Exc L4-5 RORB GABRG1",0.0093884502011312,0.957090977318734,0.00406104321864649,0.949221247411048,0.999997068196745,0.999983379322086,"group_idyes"
"9992","PPP1CA","Exc L4-5 RORB GABRG1",0.00547104475146161,4.04483668926557,0.0113921968321976,0.915055455451539,0.999997068196745,0.999983379322086,"group_idyes"
"9993","CARNS1","Exc L4-5 RORB GABRG1",-0.221390324379784,2.05977769547564,2.32966631733332,0.127750727939961,0.999997068196745,0.999983379322086,"group_idyes"
"9994","RPS6KB2","Exc L4-5 RORB GABRG1",0.0383576116191612,3.73304950719044,0.570152274747551,0.872830305897362,0.999997068196745,0.999983379322086,"group_idyes"
"9995","RPS6KB2-AS1","Exc L4-5 RORB GABRG1",-0.084488967735642,-0.00633770603280914,0.141824576407198,0.706681440545672,0.999997068196745,0.999983379322086,"group_idyes"
"9996","CORO1B","Exc L4-5 RORB GABRG1",0.0422929714402802,2.04174777912302,0.203783993754351,0.651938051894375,0.999997068196745,0.999983379322086,"group_idyes"
"9997","TMEM134","Exc L4-5 RORB GABRG1",-0.0660387085740967,3.91321636678234,0.99997001128922,0.317946284739807,0.999997068196745,0.999983379322086,"group_idyes"
"9998","AIP","Exc L4-5 RORB GABRG1",0.0668499203119208,3.49906971339768,0.526125198081882,0.468681431992223,0.999997068196745,0.999983379322086,"group_idyes"
"9999","PITPNM1","Exc L4-5 RORB GABRG1",0.0467052166271355,3.54937463130183,0.585498666660013,0.444634175973842,0.999997068196745,0.999983379322086,"group_idyes"
"10000","CDK2AP2","Exc L4-5 RORB GABRG1",0.0556152413158185,3.17635159454491,0.319107458122976,0.572473750670391,0.999997068196745,0.999983379322086,"group_idyes"
"10001","GSTP1","Exc L4-5 RORB GABRG1",0.0775234140904332,3.95559607792895,0.500232622947615,0.479826111155562,0.999997068196745,0.999983379322086,"group_idyes"
"10002","NDUFV1","Exc L4-5 RORB GABRG1",-0.0769699312342188,5.81076191122125,1.4998407110561,0.221445198414905,0.999997068196745,0.999983379322086,"group_idyes"
"10003","NUDT8","Exc L4-5 RORB GABRG1",-0.0850527609433688,1.05121682922928,0.353962799541047,0.552228161629497,0.999997068196745,0.999983379322086,"group_idyes"
"10004","TBX10","Exc L4-5 RORB GABRG1",0.0281473838864289,0.168429980255843,0.0282606213504687,0.866585899288907,0.999997068196745,0.999983379322086,"group_idyes"
"10005","AP003716.1","Exc L4-5 RORB GABRG1",0.00564390235446829,2.9748900802905,0.0052745371137579,0.942141470695942,0.999997068196745,0.999983379322086,"group_idyes"
"10006","UNC93B1","Exc L4-5 RORB GABRG1",0.014439961616831,1.65149914865881,0.0199807578571672,0.887664822724301,0.999997068196745,0.999983379322086,"group_idyes"
"10007","NDUFS8","Exc L4-5 RORB GABRG1",-0.0406691921668354,4.5466032280734,0.41731751806212,0.518663721747703,0.999997068196745,0.999983379322086,"group_idyes"
"10008","CHKA","Exc L4-5 RORB GABRG1",-0.0427005714572109,5.50469394617421,0.665243894639788,0.415219389847293,0.999997068196745,0.999983379322086,"group_idyes"
"10009","KMT5B","Exc L4-5 RORB GABRG1",-0.0111325263148601,6.35749624011895,0.153317389611227,0.695601867037336,0.999997068196745,0.999983379322086,"group_idyes"
"10010","C11orf24","Exc L4-5 RORB GABRG1",0.0438552614579652,2.32026902546966,0.363637120361234,0.546848483684939,0.999997068196745,0.999983379322086,"group_idyes"
"10011","LRP5","Exc L4-5 RORB GABRG1",0.00382037123650298,1.12715781190527,0.000717992690323852,0.978636826759984,0.999997068196745,0.999983379322086,"group_idyes"
"10012","PPP6R3","Exc L4-5 RORB GABRG1",-0.012303815614273,7.18482482196067,0.223529743158458,0.636631593554198,0.999997068196745,0.999983379322086,"group_idyes"
"10013","AP003096.1","Exc L4-5 RORB GABRG1",0.115894923819922,0.402930489735871,0.413371136029888,0.520646380406476,0.999997068196745,0.999983379322086,"group_idyes"
"10014","CPT1A","Exc L4-5 RORB GABRG1",0.0510975737850272,1.41578393146051,0.168796575905705,0.681412284309129,0.999997068196745,0.999983379322086,"group_idyes"
"10015","MRPL21","Exc L4-5 RORB GABRG1",0.0375857821839349,2.99981159436672,0.23592124958923,0.627444151075615,0.999997068196745,0.999983379322086,"group_idyes"
"10016","IGHMBP2","Exc L4-5 RORB GABRG1",0.00662909841732131,3.84469161458181,0.0244674794032001,0.875783357598648,0.999997068196745,0.999983379322086,"group_idyes"
"10017","MRGPRF","Exc L4-5 RORB GABRG1",-0.0104123330795128,1.08601168333505,0.00595081559557806,0.938551056624885,0.999997068196745,0.999983379322086,"group_idyes"
"10018","TPCN2","Exc L4-5 RORB GABRG1",-0.0234297852427814,5.46720036852786,0.234079625350087,0.628790472661847,0.999997068196745,0.999983379322086,"group_idyes"
"10019","AP003071.2","Exc L4-5 RORB GABRG1",-0.0338691319127629,1.41882844543775,0.0453597052011084,0.831456787521468,0.999997068196745,0.999983379322086,"group_idyes"
"10020","MYEOV","Exc L4-5 RORB GABRG1",-0.308859835085398,0.167688196819719,1.64212442598921,0.200806028494505,0.999997068196745,0.999983379322086,"group_idyes"
"10021","ORAOV1","Exc L4-5 RORB GABRG1",-0.0308789057021237,5.1697205748498,0.627243132780032,0.428856398351117,0.999997068196745,0.999983379322086,"group_idyes"
"10022","ANO1","Exc L4-5 RORB GABRG1",-0.0446108967224297,0.823927265362764,0.130310120316516,0.718308845905502,0.999997068196745,0.999983379322086,"group_idyes"
"10023","FADD","Exc L4-5 RORB GABRG1",0.0443306716125656,1.92416245547268,0.178178274280638,0.673179280737324,0.999997068196745,0.999983379322086,"group_idyes"
"10024","PPFIA1","Exc L4-5 RORB GABRG1",-0.0282117583437727,6.45147499330525,1.115255305755,0.29160509575181,0.999997068196745,0.999983379322086,"group_idyes"
"10025","AP002336.2","Exc L4-5 RORB GABRG1",-0.0719307811765261,4.01025519908904,0.340850167139582,0.559681023621733,0.999997068196745,0.999983379322086,"group_idyes"
"10026","AP000487.1","Exc L4-5 RORB GABRG1",0.0171701588018362,4.1188891384557,0.10545369030722,0.745557128671833,0.999997068196745,0.999983379322086,"group_idyes"
"10027","CTTN","Exc L4-5 RORB GABRG1",-0.000803777091028905,6.95761822770298,0.000715920067300368,0.978667676096879,0.999997068196745,0.999983379322086,"group_idyes"
"10028","SHANK2","Exc L4-5 RORB GABRG1",-0.0206434646736467,7.71982691609797,0.258722159277331,0.611290961914044,0.999997068196745,0.999983379322086,"group_idyes"
"10029","DHCR7","Exc L4-5 RORB GABRG1",-0.131462790361248,2.11748031325212,2.03762261941564,0.154260446951553,0.999997068196745,0.999983379322086,"group_idyes"
"10030","AP002387.2","Exc L4-5 RORB GABRG1",0.0432421772628465,2.49464283575585,0.255097008939282,0.613797956567809,0.999997068196745,0.999983379322086,"group_idyes"
"10031","NADSYN1","Exc L4-5 RORB GABRG1",-0.049388865400642,4.63345832843026,1.10124711925463,0.29465132769461,0.999997068196745,0.999983379322086,"group_idyes"
"10032","KRTAP5-11","Exc L4-5 RORB GABRG1",-0.075569750490034,3.39702680950364,1.03486301896605,0.3096585062932,0.999997068196745,0.999983379322086,"group_idyes"
"10033","AP003498.1","Exc L4-5 RORB GABRG1",-0.0626066820883404,2.19505667588677,0.581570841987507,0.446164563588234,0.999997068196745,0.999983379322086,"group_idyes"
"10034","FAM86C1","Exc L4-5 RORB GABRG1",-0.0433953803128935,1.49671952885343,0.146096232625365,0.702505254774829,0.999997068196745,0.999983379322086,"group_idyes"
"10035","AP002495.2","Exc L4-5 RORB GABRG1",0.046613643036703,4.11369037159241,0.847351462216891,0.357879498279683,0.999997068196745,0.999983379322086,"group_idyes"
"10036","RNF121","Exc L4-5 RORB GABRG1",-0.0209513046582355,4.7167727585088,0.249260900193759,0.742880579300548,0.999997068196745,0.999983379322086,"group_idyes"
"10037","IL18BP","Exc L4-5 RORB GABRG1",-0.00776178993763431,1.03390823999486,0.00540019543852091,0.941457557204968,0.999997068196745,0.999983379322086,"group_idyes"
"10038","NUMA1","Exc L4-5 RORB GABRG1",0.00632007486207505,6.33076807140643,0.0432297074740676,0.83540336383393,0.999997068196745,0.999983379322086,"group_idyes"
"10039","LAMTOR1","Exc L4-5 RORB GABRG1",-0.000524093118668501,4.40221680122151,3.50475067212408e-05,0.995279544868805,0.999997068196745,0.999983379322086,"group_idyes"
"10040","ANAPC15","Exc L4-5 RORB GABRG1",-0.00138422881185321,3.17509606030811,0.000202308867945915,0.988659018761273,0.999997068196745,0.999983379322086,"group_idyes"
"10041","FOLR3","Exc L4-5 RORB GABRG1",-0.181756291797215,-0.14267326709698,0.716894741538748,0.397690735008061,0.999997068196745,0.999983379322086,"group_idyes"
"10042","AP000812.1","Exc L4-5 RORB GABRG1",-0.105694102007928,0.200446577218142,0.379269951359456,0.538358367919239,0.999997068196745,0.999983379322086,"group_idyes"
"10043","INPPL1","Exc L4-5 RORB GABRG1",0.00624433651489895,2.06508222578482,0.0058610891208901,0.939015166547018,0.999997068196745,0.999983379322086,"group_idyes"
"10044","CLPB","Exc L4-5 RORB GABRG1",0.0326144865293237,4.70250243972812,0.961741462842845,0.518593175962409,0.999997068196745,0.999983379322086,"group_idyes"
"10045","PDE2A","Exc L4-5 RORB GABRG1",0.00184879225374932,6.84488166912148,0.00288617392780759,0.957183644987694,0.999997068196745,0.999983379322086,"group_idyes"
"10046","ARAP1","Exc L4-5 RORB GABRG1",-0.0594904023861372,4.01347422444657,1.31806319763756,0.251653292703078,0.999997068196745,0.999983379322086,"group_idyes"
"10047","STARD10","Exc L4-5 RORB GABRG1",0.0439751150977015,1.84737533734427,0.168990073426852,0.681239805770434,0.999997068196745,0.999983379322086,"group_idyes"
"10048","ATG16L2","Exc L4-5 RORB GABRG1",-0.0255877792192543,4.64121616427492,0.472303502480202,0.49234341350685,0.999997068196745,0.999983379322086,"group_idyes"
"10049","FCHSD2","Exc L4-5 RORB GABRG1",-0.00986663519659713,7.05062671568206,0.0869535821649632,0.768245424596476,0.999997068196745,0.999983379322086,"group_idyes"
"10050","ARHGEF17","Exc L4-5 RORB GABRG1",0.044439554315089,5.79684861433577,1.59678406026489,0.207124701331016,0.999997068196745,0.999983379322086,"group_idyes"
"10051","RELT","Exc L4-5 RORB GABRG1",-0.0493779691135637,2.99552093069877,0.51849898008886,0.471919902081797,0.999997068196745,0.999983379322086,"group_idyes"
"10052","FAM168A","Exc L4-5 RORB GABRG1",-0.00904217694343925,7.69051665374694,0.089875982914889,0.764496780466058,0.999997068196745,0.999983379322086,"group_idyes"
"10053","AP000763.3","Exc L4-5 RORB GABRG1",-0.288241823995631,0.669948406752185,3.48716579094407,0.0626065863303544,0.999997068196745,0.999983379322086,"group_idyes"
"10054","PLEKHB1","Exc L4-5 RORB GABRG1",-0.024132107596879,1.746279407784,0.0554023832981576,0.814041287846379,0.999997068196745,0.999983379322086,"group_idyes"
"10055","RAB6A","Exc L4-5 RORB GABRG1",-0.00913529279312184,7.32857976271369,0.207661572580554,0.648863537201889,0.999997068196745,0.999983379322086,"group_idyes"
"10056","MRPL48","Exc L4-5 RORB GABRG1",-0.00358541405965324,4.75519952266341,0.00758019915890481,0.930665666632557,0.999997068196745,0.999983379322086,"group_idyes"
"10057","COA4","Exc L4-5 RORB GABRG1",-0.160512920211716,2.5273498714107,3.46374249185219,0.0634907342036549,0.999997068196745,0.999983379322086,"group_idyes"
"10058","PAAF1","Exc L4-5 RORB GABRG1",-0.0014828483984742,4.85974339229039,0.000449399806043635,0.983097860506512,0.999997068196745,0.999983379322086,"group_idyes"
"10059","UCP3","Exc L4-5 RORB GABRG1",-0.0722429585076242,2.19620725745949,0.698864907881755,0.403684257933403,0.999997068196745,0.999983379322086,"group_idyes"
"10060","C2CD3","Exc L4-5 RORB GABRG1",-0.035896494267115,5.92438334394991,0.954359607713708,0.329225936846536,0.999997068196745,0.999983379322086,"group_idyes"
"10061","PPME1","Exc L4-5 RORB GABRG1",-0.00952483429185842,6.50444236004543,0.134925260331007,0.713581008211369,0.999997068196745,0.999983379322086,"group_idyes"
"10062","P4HA3","Exc L4-5 RORB GABRG1",-0.0816401956793238,2.62129351290325,0.416660258771259,0.518993003918257,0.999997068196745,0.999983379322086,"group_idyes"
"10063","PGM2L1","Exc L4-5 RORB GABRG1",0.021226024998466,6.59674392719071,0.183977164249674,0.668217443435151,0.999997068196745,0.999983379322086,"group_idyes"
"10064","AP001372.1","Exc L4-5 RORB GABRG1",0.0967460802308506,0.815644895208439,0.555312970617597,0.456609897600242,0.999997068196745,0.999983379322086,"group_idyes"
"10065","POLD3","Exc L4-5 RORB GABRG1",0.00720124592296516,5.7359488150852,0.0458223115419766,0.830612527595968,0.999997068196745,0.999983379322086,"group_idyes"
"10066","RNF169","Exc L4-5 RORB GABRG1",0.0431703024490777,5.63121327210101,1.06429553026472,0.302885599227449,0.999997068196745,0.999983379322086,"group_idyes"
"10067","XRRA1","Exc L4-5 RORB GABRG1",-0.0562388129106232,6.04643571815042,1.06648704455333,0.302389018140484,0.999997068196745,0.999983379322086,"group_idyes"
"10068","SPCS2","Exc L4-5 RORB GABRG1",-0.0248263402055046,5.55191005098473,0.292783741847306,0.588755300458425,0.999997068196745,0.999983379322086,"group_idyes"
"10069","NEU3","Exc L4-5 RORB GABRG1",-0.0934698545544237,4.80037827315383,4.40313044372125,0.0365245732224941,0.999997068196745,0.999983379322086,"group_idyes"
"10070","SLCO2B1","Exc L4-5 RORB GABRG1",0.00522920027928337,2.27061488965428,0.00329486624269643,0.954255625774096,0.999997068196745,0.999983379322086,"group_idyes"
"10071","AP001972.3","Exc L4-5 RORB GABRG1",-0.0153803542083202,4.51725434466332,0.033269473014425,0.855365514244202,0.999997068196745,0.999983379322086,"group_idyes"
"10072","TPBGL","Exc L4-5 RORB GABRG1",-0.0228806594631502,0.990682840460486,0.0285240796511786,0.865971346570922,0.999997068196745,0.999983379322086,"group_idyes"
"10073","ARRB1","Exc L4-5 RORB GABRG1",-0.0487260263095459,5.75659669423873,1.10795783097923,0.293186946157983,0.999997068196745,0.999983379322086,"group_idyes"
"10074","RPS3","Exc L4-5 RORB GABRG1",0.0239988598947217,5.78473843783977,0.116770047984336,0.732750954728156,0.999997068196745,0.999983379322086,"group_idyes"
"10075","KLHL35","Exc L4-5 RORB GABRG1",-0.0626523356844667,3.31568283889125,0.628192552756577,0.428507536156178,0.999997068196745,0.999983379322086,"group_idyes"
"10076","GDPD5","Exc L4-5 RORB GABRG1",-0.106362944378895,2.78757742660361,3.33814582116046,0.068465419077898,0.999997068196745,0.999983379322086,"group_idyes"
"10077","SERPINH1","Exc L4-5 RORB GABRG1",-0.249499921244818,0.697897525625964,1.69202419849221,0.194112911174484,0.999997068196745,0.999983379322086,"group_idyes"
"10078","AP001922.5","Exc L4-5 RORB GABRG1",-0.00595588748797888,0.882959795606348,0.00116266314643185,0.972816808895517,0.999997068196745,0.999983379322086,"group_idyes"
"10079","MAP6","Exc L4-5 RORB GABRG1",-0.0420262234477403,6.55210364846008,1.03849846579184,0.308811338312323,0.999997068196745,0.999983379322086,"group_idyes"
"10080","DGAT2","Exc L4-5 RORB GABRG1",0.0134471061674493,2.03946794197256,0.0309400232271502,0.860466808026544,0.999997068196745,0.999983379322086,"group_idyes"
"10081","UVRAG","Exc L4-5 RORB GABRG1",-0.0206810718857813,7.20704356086044,0.52107703068143,0.470821100907186,0.999997068196745,0.999983379322086,"group_idyes"
"10082","THAP12","Exc L4-5 RORB GABRG1",-0.0296214954373983,3.77794275212321,0.492764982388941,0.483120938138623,0.999997068196745,0.999983379322086,"group_idyes"
"10083","GVQW3","Exc L4-5 RORB GABRG1",-0.0185686583488309,4.96163371203016,0.189090770113465,0.663918250267814,0.999997068196745,0.999983379322086,"group_idyes"
"10084","AP002360.1","Exc L4-5 RORB GABRG1",0.038249844782043,1.77429260184559,0.187838661352563,0.777869352164168,0.999997068196745,0.999983379322086,"group_idyes"
"10085","EMSY","Exc L4-5 RORB GABRG1",0.00711610653152154,6.31540514290783,0.0437874127472793,0.83436038435316,0.999997068196745,0.999983379322086,"group_idyes"
"10086","ACER3","Exc L4-5 RORB GABRG1",-0.0141291498498929,5.76886745530601,0.187795488827879,0.665000646576289,0.999997068196745,0.999983379322086,"group_idyes"
"10087","CAPN5","Exc L4-5 RORB GABRG1",0.0157368061283044,2.56900199951863,0.0582640072345277,0.80938968308998,0.999997068196745,0.999983379322086,"group_idyes"
"10088","PAK1","Exc L4-5 RORB GABRG1",-0.0139507117712982,7.50742919090887,0.123845494912736,0.72509326890732,0.999997068196745,0.999983379322086,"group_idyes"
"10089","CLNS1A","Exc L4-5 RORB GABRG1",0.0165171515390288,6.34804601552373,0.337915340418614,0.561375407109283,0.999997068196745,0.999983379322086,"group_idyes"
"10090","AQP11","Exc L4-5 RORB GABRG1",-0.0116630296828682,3.81289397153317,0.0508597188101891,0.821693742469177,0.999997068196745,0.999983379322086,"group_idyes"
"10091","RSF1","Exc L4-5 RORB GABRG1",0.0150255312370522,7.30649754700133,0.644069915468002,0.422736321320882,0.999997068196745,0.999983379322086,"group_idyes"
"10092","AAMDC","Exc L4-5 RORB GABRG1",-0.026967569365994,4.75837941217747,0.442755278837921,0.687340863087015,0.999997068196745,0.999983379322086,"group_idyes"
"10093","AP002812.2","Exc L4-5 RORB GABRG1",-0.014556212381546,3.42895689902291,0.0319395942185996,0.858254370411815,0.999997068196745,0.999983379322086,"group_idyes"
"10094","INTS4","Exc L4-5 RORB GABRG1",-0.0649992147000235,5.19393644908429,3.05206118477765,0.0814326882844246,0.999997068196745,0.999983379322086,"group_idyes"
"10095","NDUFC2-KCTD14","Exc L4-5 RORB GABRG1",0.0570635645773922,3.09783737035037,0.365550317855697,0.54579617092701,0.999997068196745,0.999983379322086,"group_idyes"
"10096","ALG8","Exc L4-5 RORB GABRG1",-0.00381407807751104,4.763657304773,0.00965641764182117,0.921771399692935,0.999997068196745,0.999983379322086,"group_idyes"
"10097","KCTD21-AS1","Exc L4-5 RORB GABRG1",-0.00937993012391181,2.67950922993209,0.0100544563336818,0.920180686522093,0.999997068196745,0.999983379322086,"group_idyes"
"10098","KCTD21","Exc L4-5 RORB GABRG1",0.0786448693262972,2.62181053484877,1.42077442065933,0.234010698367071,0.999997068196745,0.999983379322086,"group_idyes"
"10099","USP35","Exc L4-5 RORB GABRG1",-0.0499277983143981,2.99718016890116,0.768248688272795,0.744074716717668,0.999997068196745,0.999983379322086,"group_idyes"
"10100","GAB2","Exc L4-5 RORB GABRG1",-0.0122315584691184,6.79574036253043,0.0719579353180026,0.788650842635599,0.999997068196745,0.999983379322086,"group_idyes"
"10101","AP003086.2","Exc L4-5 RORB GABRG1",-0.00135433507868023,3.53547902886242,0.000119158742557407,0.991296134687227,0.999997068196745,0.999983379322086,"group_idyes"
"10102","NARS2","Exc L4-5 RORB GABRG1",0.0188935571113541,5.47103973886796,0.201612753960968,0.653675029131758,0.999997068196745,0.999983379322086,"group_idyes"
"10103","AP003110.1","Exc L4-5 RORB GABRG1",-0.0919316620271247,0.790174854592639,0.293179928538054,0.588503332024496,0.999997068196745,0.999983379322086,"group_idyes"
"10104","TENM4","Exc L4-5 RORB GABRG1",-0.00838443996608492,7.89250665685729,0.0255268012109125,0.873145244536139,0.999997068196745,0.999983379322086,"group_idyes"
"10105","AP001978.1","Exc L4-5 RORB GABRG1",-0.0636677553482571,0.70419671647675,0.097534447359511,0.754977894986407,0.999997068196745,0.999983379322086,"group_idyes"
"10106","AP002759.1","Exc L4-5 RORB GABRG1",0.117399101761671,0.829584865176282,0.362973408896291,0.547214426244209,0.999997068196745,0.999983379322086,"group_idyes"
"10107","MIR4300HG","Exc L4-5 RORB GABRG1",-0.0268382520913782,4.24603178643787,0.110469242994574,0.739791553756718,0.999997068196745,0.999983379322086,"group_idyes"
"10108","FAM181B","Exc L4-5 RORB GABRG1",0.17782967196352,0.892035588330207,2.02794343914419,0.155239996885813,0.999997068196745,0.999983379322086,"group_idyes"
"10109","PRCP","Exc L4-5 RORB GABRG1",-0.0360676355482201,5.46858028137159,1.08974855445217,0.297182403721349,0.999997068196745,0.999983379322086,"group_idyes"
"10110","RAB30","Exc L4-5 RORB GABRG1",0.00276122425376074,6.24113743235691,0.00943214475914237,0.922682282860332,0.999997068196745,0.999983379322086,"group_idyes"
"10111","RAB30-AS1","Exc L4-5 RORB GABRG1",-0.0268795335158552,5.77267071356507,0.436839505689738,0.509047425870448,0.999997068196745,0.999983379322086,"group_idyes"
"10112","AP001767.3","Exc L4-5 RORB GABRG1",-0.0994995228883072,1.53115941236808,0.576686811479682,0.448078959620415,0.999997068196745,0.999983379322086,"group_idyes"
"10113","PCF11","Exc L4-5 RORB GABRG1",0.0467567093914254,5.50970474178483,2.11466763444988,0.146709018692122,0.999997068196745,0.999983379322086,"group_idyes"
"10114","PCF11-AS1","Exc L4-5 RORB GABRG1",-0.0280224666600687,2.27549047981808,0.107661909488483,0.9894340862301,0.999997068196745,0.999983379322086,"group_idyes"
"10115","ANKRD42","Exc L4-5 RORB GABRG1",-0.0393716753793457,5.25890515137632,1.25859419856614,0.262617048435166,0.999997068196745,0.999983379322086,"group_idyes"
"10116","CCDC90B","Exc L4-5 RORB GABRG1",0.0361912310708838,4.16316863297817,0.578250460085651,0.603169675075385,0.999997068196745,0.999983379322086,"group_idyes"
"10117","AP000446.1","Exc L4-5 RORB GABRG1",-0.0132403166755028,4.16051077282974,0.0589886012355204,0.808231130286061,0.999997068196745,0.999983379322086,"group_idyes"
"10118","DLG2","Exc L4-5 RORB GABRG1",0.015323655759382,11.3977254389648,0.149181958087497,0.699531847326724,0.999997068196745,0.999983379322086,"group_idyes"
"10119","AP002370.2","Exc L4-5 RORB GABRG1",-0.0453055761829876,4.56213140795406,0.0882287652245153,0.766601409418608,0.999997068196745,0.999983379322086,"group_idyes"
"10120","AP001825.1","Exc L4-5 RORB GABRG1",-0.0850205268379209,4.13194666288833,0.595624855239411,0.440726004264568,0.999997068196745,0.999983379322086,"group_idyes"
"10121","AP000857.2","Exc L4-5 RORB GABRG1",0.107787374937659,0.981662305946963,0.501845490046004,0.479119338442165,0.999997068196745,0.999983379322086,"group_idyes"
"10122","TMEM126B","Exc L4-5 RORB GABRG1",0.0169976839618226,4.68440718619258,0.0679141183433351,0.794537814378652,0.999997068196745,0.999983379322086,"group_idyes"
"10123","TMEM126A","Exc L4-5 RORB GABRG1",-0.119574720546515,3.03153360807842,1.68792589482194,0.194652633709428,0.999997068196745,0.999983379322086,"group_idyes"
"10124","CREBZF","Exc L4-5 RORB GABRG1",-0.0429537346641116,5.78651980446081,1.16917321475879,0.280248487545543,0.999997068196745,0.999983379322086,"group_idyes"
"10125","SYTL2","Exc L4-5 RORB GABRG1",-0.0136715204037633,7.56509911316577,0.173506916765878,0.677246012130453,0.999997068196745,0.999983379322086,"group_idyes"
"10126","CCDC83","Exc L4-5 RORB GABRG1",0.151630577822728,0.39949652368452,0.900237494362896,0.343313639606803,0.999997068196745,0.999983379322086,"group_idyes"
"10127","PICALM","Exc L4-5 RORB GABRG1",-0.00935664863409329,7.30103337454615,0.101532234506883,0.750171495156998,0.999997068196745,0.999983379322086,"group_idyes"
"10128","EED","Exc L4-5 RORB GABRG1",-0.0037448162023807,4.85464091702629,0.0120187384573471,0.912759971695327,0.999997068196745,0.999983379322086,"group_idyes"
"10129","HIKESHI","Exc L4-5 RORB GABRG1",0.00459369518157958,4.62234402576173,0.0123934052635925,0.911416153100805,0.999997068196745,0.999983379322086,"group_idyes"
"10130","CCDC81","Exc L4-5 RORB GABRG1",-0.0232700088311576,1.82160133724097,0.0480396624580146,0.826626439261524,0.999997068196745,0.999983379322086,"group_idyes"
"10131","AP001831.1","Exc L4-5 RORB GABRG1",-0.0470156492767297,4.41383339274088,0.192485049812401,0.66110260137013,0.999997068196745,0.999983379322086,"group_idyes"
"10132","ME3","Exc L4-5 RORB GABRG1",-0.0275469665846097,7.42956597864408,0.406124845573542,0.524322006966935,0.999997068196745,0.999983379322086,"group_idyes"
"10133","AP003059.1","Exc L4-5 RORB GABRG1",0.0175926454811487,1.66832064945466,0.0297249986609384,0.871814630677448,0.999997068196745,0.999983379322086,"group_idyes"
"10134","AP003059.2","Exc L4-5 RORB GABRG1",-0.0642242833648797,2.20751083186027,0.592357154834634,0.441981345335605,0.999997068196745,0.999983379322086,"group_idyes"
"10135","PRSS23","Exc L4-5 RORB GABRG1",0.04019906502358,4.5099300288047,0.438214488896996,0.508381811943298,0.999997068196745,0.999983379322086,"group_idyes"
"10136","AP001528.2","Exc L4-5 RORB GABRG1",0.0108657618815575,5.09798156021317,0.0306897098291077,0.861026596865768,0.999997068196745,0.999983379322086,"group_idyes"
"10137","FZD4","Exc L4-5 RORB GABRG1",-0.034002257754629,3.35947135720368,0.370623226786693,0.543024034008798,0.999997068196745,0.999983379322086,"group_idyes"
"10138","AP001528.1","Exc L4-5 RORB GABRG1",0.096502796506494,1.70308602539925,1.16867855082977,0.324530561160956,0.999997068196745,0.999983379322086,"group_idyes"
"10139","TMEM135","Exc L4-5 RORB GABRG1",-0.0109645394238721,6.39437095841168,0.102287376738089,0.749275376717673,0.999997068196745,0.999983379322086,"group_idyes"
"10140","RAB38","Exc L4-5 RORB GABRG1",-0.140177372561034,1.08801175943771,1.4343284329043,0.231796667513842,0.999997068196745,0.999983379322086,"group_idyes"
"10141","CTSC","Exc L4-5 RORB GABRG1",0.108608398772718,2.99239929641828,3.13849718507392,0.0772557649770245,0.999997068196745,0.999983379322086,"group_idyes"
"10142","GRM5-AS1","Exc L4-5 RORB GABRG1",0.039236478153609,2.13885104655751,0.0828822357277484,0.773583856928627,0.999997068196745,0.999983379322086,"group_idyes"
"10143","GRM5","Exc L4-5 RORB GABRG1",0.0119821015182348,9.96318210136772,0.0954934213284091,0.75747351407255,0.999997068196745,0.999983379322086,"group_idyes"
"10144","NAALAD2","Exc L4-5 RORB GABRG1",-0.00898493763977468,6.61446245594134,0.0462126317361822,0.829903651113417,0.999997068196745,0.999983379322086,"group_idyes"
"10145","CHORDC1","Exc L4-5 RORB GABRG1",0.0184355057421916,5.39549444993282,0.0544682871298555,0.815587034880606,0.999997068196745,0.999983379322086,"group_idyes"
"10146","FAT3","Exc L4-5 RORB GABRG1",0.00470070843995575,8.17541899448281,0.0105373200207939,0.918293090496877,0.999997068196745,0.999983379322086,"group_idyes"
"10147","AP003718.1","Exc L4-5 RORB GABRG1",-0.0813804166788315,0.457083066796302,0.286978296867347,0.5924729925656,0.999997068196745,0.999983379322086,"group_idyes"
"10148","SLC36A4","Exc L4-5 RORB GABRG1",0.0454902328641523,6.09701996932131,2.10930548239239,0.147220789032524,0.999997068196745,0.999983379322086,"group_idyes"
"10149","DEUP1","Exc L4-5 RORB GABRG1",-0.184138959235308,1.9314668572315,1.98958990821742,0.159191774560691,0.999997068196745,0.999983379322086,"group_idyes"
"10150","SMCO4","Exc L4-5 RORB GABRG1",0.0432650021897984,3.89938624413668,0.433573478147937,0.51063452873871,0.999997068196745,0.999983379322086,"group_idyes"
"10151","CEP295","Exc L4-5 RORB GABRG1",0.000132860468865765,6.20129875010388,1.82120977619328e-05,0.996597199262194,0.999997068196745,0.999983379322086,"group_idyes"
"10152","TAF1D","Exc L4-5 RORB GABRG1",0.015645412535568,7.10527730709531,0.118055080690353,0.731341249439752,0.999997068196745,0.999983379322086,"group_idyes"
"10153","AP001273.2","Exc L4-5 RORB GABRG1",0.0210323071062392,2.36246004003079,0.0737073486423227,0.786159058210925,0.999997068196745,0.999983379322086,"group_idyes"
"10154","MED17","Exc L4-5 RORB GABRG1",-0.0126084603978315,1.69644372687734,0.0157891023712,0.939401279757989,0.999997068196745,0.999983379322086,"group_idyes"
"10155","VSTM5","Exc L4-5 RORB GABRG1",-0.0399382480500502,3.76182578001444,0.406976987486519,0.523887378417579,0.999997068196745,0.999983379322086,"group_idyes"
"10156","HEPHL1","Exc L4-5 RORB GABRG1",0.0690634618120379,1.10111175883258,0.227573651631708,0.63359965514389,0.999997068196745,0.999983379322086,"group_idyes"
"10157","PANX1","Exc L4-5 RORB GABRG1",-0.017239115846686,2.18383312634227,0.0452000108855933,0.831749275208353,0.999997068196745,0.999983379322086,"group_idyes"
"10158","GPR83","Exc L4-5 RORB GABRG1",-0.0657724729062951,0.826916347285771,0.211108889827194,0.646159160852254,0.999997068196745,0.999983379322086,"group_idyes"
"10159","MRE11","Exc L4-5 RORB GABRG1",0.00420220738986327,4.9490738188602,0.0098080481813596,0.921161592119856,0.999997068196745,0.999983379322086,"group_idyes"
"10160","ANKRD49","Exc L4-5 RORB GABRG1",0.0922903747331625,4.34726536934907,1.53021314446894,0.216834983989177,0.999997068196745,0.999983379322086,"group_idyes"
"10161","PIWIL4","Exc L4-5 RORB GABRG1",0.00109211510658438,3.9624828869971,0.000380124246734876,0.98445491666232,0.999997068196745,0.999983379322086,"group_idyes"
"10162","AP000943.3","Exc L4-5 RORB GABRG1",0.0072775312043912,2.92576376035486,0.00400639415432502,0.949563606687408,0.999997068196745,0.999983379322086,"group_idyes"
"10163","AMOTL1","Exc L4-5 RORB GABRG1",-0.11554174261493,2.31625806006909,1.14487226655016,0.285295961597165,0.999997068196745,0.999983379322086,"group_idyes"
"10164","CWC15","Exc L4-5 RORB GABRG1",-0.0001339180678599,4.43112125674945,2.59367059020216e-06,0.998715852016722,0.999997068196745,0.999983379322086,"group_idyes"
"10165","KDM4D","Exc L4-5 RORB GABRG1",0.0322554014964465,1.84012230451833,0.110525568840124,0.73972763822283,0.999997068196745,0.999983379322086,"group_idyes"
"10166","SRSF8","Exc L4-5 RORB GABRG1",0.00665376364064912,5.03166652920959,0.0143008986026167,0.904873241930484,0.999997068196745,0.999983379322086,"group_idyes"
"10167","ENDOD1","Exc L4-5 RORB GABRG1",0.0253551968778067,4.57783896040625,0.23811039971524,0.625852195755417,0.999997068196745,0.999983379322086,"group_idyes"
"10168","AP000787.1","Exc L4-5 RORB GABRG1",0.0244274639571702,4.90313166353105,0.0942848107474271,0.758965114427251,0.999997068196745,0.999983379322086,"group_idyes"
"10169","SESN3","Exc L4-5 RORB GABRG1",0.0244749904436505,7.92374183850859,0.489062828129903,0.484768232602697,0.999997068196745,0.999983379322086,"group_idyes"
"10170","AP001790.1","Exc L4-5 RORB GABRG1",0.170968492934783,1.42102269971677,1.19629540757802,0.274747697075607,0.999997068196745,0.999983379322086,"group_idyes"
"10171","FAM76B","Exc L4-5 RORB GABRG1",0.0427567883059428,4.27438150477786,1.10603863554573,0.293604789348437,0.999997068196745,0.999983379322086,"group_idyes"
"10172","CEP57","Exc L4-5 RORB GABRG1",-0.0234851158375334,6.56813164791961,0.698404011145247,0.403839190803764,0.999997068196745,0.999983379322086,"group_idyes"
"10173","MTMR2","Exc L4-5 RORB GABRG1",-0.00746345868424337,5.57069595344692,0.0632819934386798,0.801516171017906,0.999997068196745,0.999983379322086,"group_idyes"
"10174","MAML2","Exc L4-5 RORB GABRG1",-0.0860465638274141,3.42984084595928,0.963889606069239,0.326825816487523,0.999997068196745,0.999983379322086,"group_idyes"
"10175","CCDC82","Exc L4-5 RORB GABRG1",0.00492151633212329,6.20670635325394,0.0223957772516637,0.881117450910262,0.999997068196745,0.999983379322086,"group_idyes"
"10176","JRKL","Exc L4-5 RORB GABRG1",0.0669849229181556,3.07742678145569,1.17016326318061,0.280045257051776,0.999997068196745,0.999983379322086,"group_idyes"
"10177","JRKL-AS1","Exc L4-5 RORB GABRG1",-0.0371643707111847,1.03225913199953,0.0568338571363723,0.811698935579476,0.999997068196745,0.999983379322086,"group_idyes"
"10178","AP003781.1","Exc L4-5 RORB GABRG1",0.0141173677085541,1.70332920773792,0.0139480055831189,0.906048731208282,0.999997068196745,0.999983379322086,"group_idyes"
"10179","AP003066.1","Exc L4-5 RORB GABRG1",0.0494549413353936,6.03546265616565,0.280378963691815,0.596758341113893,0.999997068196745,0.999983379322086,"group_idyes"
"10180","LINC02553","Exc L4-5 RORB GABRG1",0.00886685115630385,0.0643950873105003,0.00399182015097918,0.949655303604638,0.999997068196745,0.999983379322086,"group_idyes"
"10181","CNTN5","Exc L4-5 RORB GABRG1",0.0485823122855943,11.0472478714601,1.17244621796125,0.279577337671796,0.999997068196745,0.999983379322086,"group_idyes"
"10182","ARHGAP42","Exc L4-5 RORB GABRG1",-0.0846674389659726,0.933093380564138,0.424245750869474,0.515214922876229,0.999997068196745,0.999983379322086,"group_idyes"
"10183","TRPC6","Exc L4-5 RORB GABRG1",-0.0267469553707193,1.69833276915411,0.0475241128851336,0.827544489063687,0.999997068196745,0.999983379322086,"group_idyes"
"10184","ANGPTL5","Exc L4-5 RORB GABRG1",0.111812157108917,1.8608536208041,1.37136402723245,0.322119797755016,0.999997068196745,0.999983379322086,"group_idyes"
"10185","CEP126","Exc L4-5 RORB GABRG1",0.0722822812694396,7.09266127778234,2.93585774348929,0.0874381856585523,0.999997068196745,0.999983379322086,"group_idyes"
"10186","CFAP300","Exc L4-5 RORB GABRG1",0.368500550692796,2.10688215948192,7.02934540579502,0.00834981061388101,0.999997068196745,0.999983379322086,"group_idyes"
"10187","YAP1","Exc L4-5 RORB GABRG1",0.419302913052625,1.9452051989058,9.31448655562722,0.00243129568334249,0.999997068196745,0.999983379322086,"group_idyes"
"10188","BIRC2","Exc L4-5 RORB GABRG1",0.0181660773192313,4.61616339698638,0.262092079532986,0.608980231462038,0.999997068196745,0.999983379322086,"group_idyes"
"10189","TMEM123","Exc L4-5 RORB GABRG1",-0.0175875451705687,0.751638803862742,0.0165928851806088,0.897572634397748,0.999997068196745,0.999983379322086,"group_idyes"
"10190","MMP20","Exc L4-5 RORB GABRG1",-0.0142768000420235,0.398199548165835,0.00894132594443667,0.924714674551624,0.999997068196745,0.999983379322086,"group_idyes"
"10191","DCUN1D5","Exc L4-5 RORB GABRG1",-0.0107814007797759,4.47721538201009,0.0734672779685724,0.786499111017402,0.999997068196745,0.999983379322086,"group_idyes"
"10192","DYNC2H1","Exc L4-5 RORB GABRG1",0.0206261505897324,7.51826150555274,0.408602630747267,0.523060004871902,0.999997068196745,0.999983379322086,"group_idyes"
"10193","PDGFD","Exc L4-5 RORB GABRG1",-0.196332452011324,0.908038499335745,1.83302748656726,0.176565135649985,0.999997068196745,0.999983379322086,"group_idyes"
"10194","LINC02552","Exc L4-5 RORB GABRG1",-0.0650427365026138,0.828118686348032,0.124752217663265,0.72412985557796,0.999997068196745,0.999983379322086,"group_idyes"
"10195","AP003181.1","Exc L4-5 RORB GABRG1",-0.205172598701973,1.1629755327208,2.09298734330365,0.148790696425737,0.999997068196745,0.999983379322086,"group_idyes"
"10196","GRIA4","Exc L4-5 RORB GABRG1",0.0284708949483063,7.95531170114777,0.3609471985895,0.548334422373074,0.999997068196745,0.999983379322086,"group_idyes"
"10197","MSANTD4","Exc L4-5 RORB GABRG1",0.0832583206401505,5.0250946098664,3.51345937045176,0.0616297614342676,0.999997068196745,0.999983379322086,"group_idyes"
"10198","KBTBD3","Exc L4-5 RORB GABRG1",-0.0156362866345683,4.40925388685478,0.178888703678135,0.672566324635494,0.999997068196745,0.999983379322086,"group_idyes"
"10199","AASDHPPT","Exc L4-5 RORB GABRG1",0.0596138935994772,6.2136752489661,1.37057554366495,0.242437642787904,0.999997068196745,0.999983379322086,"group_idyes"
"10200","GUCY1A2","Exc L4-5 RORB GABRG1",0.0124464634624458,8.76220702860109,0.119886238190646,0.729347182128273,0.999997068196745,0.999983379322086,"group_idyes"
"10201","AP000766.1","Exc L4-5 RORB GABRG1",0.0609471945209208,3.78829873502384,1.10764910524031,0.293254109790774,0.999997068196745,0.999983379322086,"group_idyes"
"10202","CWF19L2","Exc L4-5 RORB GABRG1",0.0971053154747961,6.2969020056352,5.7698263329455,0.0167769355879676,0.999997068196745,0.999983379322086,"group_idyes"
"10203","ALKBH8","Exc L4-5 RORB GABRG1",0.0530082013784209,4.83549552556138,1.82058382056419,0.178037300688739,0.999997068196745,0.999983379322086,"group_idyes"
"10204","ELMOD1","Exc L4-5 RORB GABRG1",0.0076337073738863,7.26977960405851,0.0950701729308528,0.757994681309873,0.999997068196745,0.999983379322086,"group_idyes"
"10205","SLC35F2","Exc L4-5 RORB GABRG1",0.127125179138383,2.50434235731531,2.68599989809523,0.102051116028438,0.999997068196745,0.999983379322086,"group_idyes"
"10206","RAB39A","Exc L4-5 RORB GABRG1",0.0679134629268509,2.64659961270454,0.193064027215679,0.660625285337187,0.999997068196745,0.999983379322086,"group_idyes"
"10207","CUL5","Exc L4-5 RORB GABRG1",-0.0124111599042802,6.70504672005468,0.20521518052018,0.650799196453476,0.999997068196745,0.999983379322086,"group_idyes"
"10208","AP002433.1","Exc L4-5 RORB GABRG1",-0.11291852930458,0.925677909634406,0.512712951008544,0.474401170092264,0.999997068196745,0.999983379322086,"group_idyes"
"10209","ACAT1","Exc L4-5 RORB GABRG1",-0.00837708479140492,5.83550256650869,0.0979459495482328,0.864021531796005,0.999997068196745,0.999983379322086,"group_idyes"
"10210","NPAT","Exc L4-5 RORB GABRG1",0.0115742437795939,5.21326299686904,0.0989407861544614,0.981661578186655,0.999997068196745,0.999983379322086,"group_idyes"
"10211","ATM","Exc L4-5 RORB GABRG1",-0.00199428115234649,6.45673267091538,0.00419931737785694,0.948365194810944,0.999997068196745,0.999983379322086,"group_idyes"
"10212","C11orf65","Exc L4-5 RORB GABRG1",0.0775122329510339,2.15004269169304,0.750432169940313,0.386879344398013,0.999997068196745,0.999983379322086,"group_idyes"
"10213","EXPH5","Exc L4-5 RORB GABRG1",0.124935543123076,0.713548345181385,0.673331917914845,0.412400476389768,0.999997068196745,0.999983379322086,"group_idyes"
"10214","DDX10","Exc L4-5 RORB GABRG1",-0.0281930900669911,6.1871787502272,0.739542145950614,0.390343134966103,0.999997068196745,0.999983379322086,"group_idyes"
"10215","AP003049.2","Exc L4-5 RORB GABRG1",-0.0998398580528546,2.64306640499224,0.842376969557502,0.3592928456688,0.999997068196745,0.999983379322086,"group_idyes"
"10216","C11orf87","Exc L4-5 RORB GABRG1",0.0585372009665635,5.57726751684411,2.03626682208064,0.154397231254671,0.999997068196745,0.999983379322086,"group_idyes"
"10217","RDX","Exc L4-5 RORB GABRG1",-0.0179916849778244,5.46136648730277,0.254512883138131,0.614204002122704,0.999997068196745,0.999983379322086,"group_idyes"
"10218","ZC3H12C","Exc L4-5 RORB GABRG1",0.0347351930521232,4.71168805291759,0.601677319945074,0.438415305565532,0.999997068196745,0.999983379322086,"group_idyes"
"10219","AP000924.1","Exc L4-5 RORB GABRG1",-0.0516275668119924,-0.0640711233019743,0.0746379496398892,0.784846480489598,0.999997068196745,0.999983379322086,"group_idyes"
"10220","FDX1","Exc L4-5 RORB GABRG1",0.0490475011258615,4.75825490524435,1.77828637738239,0.231854593253857,0.999997068196745,0.999983379322086,"group_idyes"
"10221","ARHGAP20","Exc L4-5 RORB GABRG1",0.0197168916407909,6.22213121620448,0.38757302031394,0.533946699847436,0.999997068196745,0.999983379322086,"group_idyes"
"10222","COLCA2","Exc L4-5 RORB GABRG1",-0.0204991037782338,1.9814519764914,0.0600933567331874,0.908920483621613,0.999997068196745,0.999983379322086,"group_idyes"
"10223","SIK2","Exc L4-5 RORB GABRG1",-0.00574313741506811,7.27749992094262,0.0265330321084963,0.870690858144904,0.999997068196745,0.999983379322086,"group_idyes"
"10224","PPP2R1B","Exc L4-5 RORB GABRG1",0.0209256156686301,3.93973262720556,0.147209322690728,0.701428561634005,0.999997068196745,0.999983379322086,"group_idyes"
"10225","AP001781.1","Exc L4-5 RORB GABRG1",0.0459711883890594,1.2982867098196,0.148569132456751,0.700119536484403,0.999997068196745,0.999983379322086,"group_idyes"
"10226","ALG9","Exc L4-5 RORB GABRG1",0.0726900701229496,2.74434038031289,1.16172150430534,0.281784132425398,0.999997068196745,0.999983379322086,"group_idyes"
"10227","C11orf1","Exc L4-5 RORB GABRG1",0.0416892198073306,2.55996056448374,0.299487003597117,0.634917977232042,0.999997068196745,0.999983379322086,"group_idyes"
"10228","CRYAB","Exc L4-5 RORB GABRG1",-0.028078237411123,4.28563501223538,0.0594595970854166,0.807482092347108,0.999997068196745,0.999983379322086,"group_idyes"
"10229","DIXDC1","Exc L4-5 RORB GABRG1",-0.00884974353693476,6.32663591529618,0.0828705987776299,0.77359931695846,0.999997068196745,0.999983379322086,"group_idyes"
"10230","DLAT","Exc L4-5 RORB GABRG1",0.0196864706181225,4.50446296177153,0.311794337677122,0.576906004026794,0.999997068196745,0.999983379322086,"group_idyes"
"10231","PIH1D2","Exc L4-5 RORB GABRG1",-0.155803291440622,1.06238304327985,1.63446783514042,0.201856898714787,0.999997068196745,0.999983379322086,"group_idyes"
"10232","NKAPD1","Exc L4-5 RORB GABRG1",0.0253665433009715,3.68187907070834,0.233742808710853,0.692349154601545,0.999997068196745,0.999983379322086,"group_idyes"
"10233","TIMM8B","Exc L4-5 RORB GABRG1",0.0408530157768006,3.28515818386977,0.221059478102851,0.63850023831089,0.999997068196745,0.999983379322086,"group_idyes"
"10234","AP002884.3","Exc L4-5 RORB GABRG1",0.000197206353603623,4.00214220827063,1.18680840753226e-05,0.997253071853746,0.999997068196745,0.999983379322086,"group_idyes"
"10235","IL18","Exc L4-5 RORB GABRG1",-0.0869729958837241,1.06458397287371,0.294947994190679,0.58738154801026,0.999997068196745,0.999983379322086,"group_idyes"
"10236","BCO2","Exc L4-5 RORB GABRG1",-7.25616169160975e-05,4.96443708598972,2.2420513453224e-06,0.998806065593198,0.999997068196745,0.999983379322086,"group_idyes"
"10237","PTS","Exc L4-5 RORB GABRG1",-0.0127553183234147,4.91309233392992,0.0674622183750261,0.795207204368644,0.999997068196745,0.999983379322086,"group_idyes"
"10238","PLET1","Exc L4-5 RORB GABRG1",-0.0598599201229311,0.616107740359498,0.12279249275255,0.726217096081579,0.999997068196745,0.999983379322086,"group_idyes"
"10239","AP002884.1","Exc L4-5 RORB GABRG1",-0.00322326888092799,3.32306991672686,0.00104631715118025,0.974212241216032,0.999997068196745,0.999983379322086,"group_idyes"
"10240","AP003063.1","Exc L4-5 RORB GABRG1",0.0693478418481825,2.87599255640955,0.463868206114277,0.49623140898153,0.999997068196745,0.999983379322086,"group_idyes"
"10241","NCAM1","Exc L4-5 RORB GABRG1",-0.00617361543908705,8.89649775875287,0.044693802071251,0.832680006977397,0.999997068196745,0.999983379322086,"group_idyes"
"10242","TTC12","Exc L4-5 RORB GABRG1",0.0674704666747721,4.73103865418629,0.671979664636449,0.412869800008899,0.999997068196745,0.999983379322086,"group_idyes"
"10243","ANKK1","Exc L4-5 RORB GABRG1",0.0691562248275514,1.82357283405804,0.403425833720286,0.525702863127715,0.999997068196745,0.999983379322086,"group_idyes"
"10244","DRD2","Exc L4-5 RORB GABRG1",-0.171274393440031,1.8137580429322,2.72785998204182,0.0994272612811298,0.999997068196745,0.999983379322086,"group_idyes"
"10245","TMPRSS5","Exc L4-5 RORB GABRG1",-0.0565706503365948,2.41571883893298,0.480339693243896,0.607551326141782,0.999997068196745,0.999983379322086,"group_idyes"
"10246","ZW10","Exc L4-5 RORB GABRG1",0.0233615941932036,3.81462357714359,0.288999265098231,0.591173345845466,0.999997068196745,0.999983379322086,"group_idyes"
"10247","USP28","Exc L4-5 RORB GABRG1",-0.0239098504394049,6.52688787734055,0.69806257169396,0.976422926188925,0.999997068196745,0.999983379322086,"group_idyes"
"10248","AP003170.3","Exc L4-5 RORB GABRG1",0.136534246267317,0.559602806253935,0.626999711102775,0.428945912318099,0.999997068196745,0.999983379322086,"group_idyes"
"10249","HTR3B","Exc L4-5 RORB GABRG1",-0.093830841114559,3.34190502191983,1.54810965736214,0.214172208852704,0.999997068196745,0.999983379322086,"group_idyes"
"10250","ZBTB16","Exc L4-5 RORB GABRG1",0.00462433870306608,8.79339781441322,0.0112764742845282,0.915486360573094,0.999997068196745,0.999983379322086,"group_idyes"
"10251","AP002518.2","Exc L4-5 RORB GABRG1",-0.0607585124535185,2.86165874852168,0.311200349101551,0.577268989858613,0.999997068196745,0.999983379322086,"group_idyes"
"10252","NNMT","Exc L4-5 RORB GABRG1",-0.120418954703692,3.75474977445623,2.12580580675059,0.145652400435963,0.999997068196745,0.999983379322086,"group_idyes"
"10253","C11orf71","Exc L4-5 RORB GABRG1",0.0193904310101565,2.39639879276946,0.0749997955757931,0.809133296012636,0.999997068196745,0.999983379322086,"group_idyes"
"10254","AP002373.1","Exc L4-5 RORB GABRG1",-0.0679872476780731,0.895395628246311,0.240261304803298,0.624296855950265,0.999997068196745,0.999983379322086,"group_idyes"
"10255","REXO2","Exc L4-5 RORB GABRG1",-0.0954049288605898,3.61483113112277,2.26408791864952,0.133224629962737,0.999997068196745,0.999983379322086,"group_idyes"
"10256","CADM1","Exc L4-5 RORB GABRG1",0.0401191444678445,8.85922206416332,1.30393053676881,0.254206703689435,0.999997068196745,0.999983379322086,"group_idyes"
"10257","AP000462.1","Exc L4-5 RORB GABRG1",0.11054625499478,3.67617343681291,0.693906794081493,0.405355526438447,0.999997068196745,0.999983379322086,"group_idyes"
"10258","AP003174.1","Exc L4-5 RORB GABRG1",-0.11195596880204,0.192752150313326,0.324336118029388,0.56934573312091,0.999997068196745,0.999983379322086,"group_idyes"
"10259","AP002991.1","Exc L4-5 RORB GABRG1",0.0948728892625529,3.87082670899616,1.13826103669987,0.286689105903973,0.999997068196745,0.999983379322086,"group_idyes"
"10260","LINC00900","Exc L4-5 RORB GABRG1",0.04924904798653,1.32874391076735,0.218046281982625,0.64079693197888,0.999997068196745,0.999983379322086,"group_idyes"
"10261","BUD13","Exc L4-5 RORB GABRG1",-0.0292273465463685,3.67827028458556,0.318424838780857,0.572884616530065,0.999997068196745,0.999983379322086,"group_idyes"
"10262","ZPR1","Exc L4-5 RORB GABRG1",0.0204702159954108,3.69656185562308,0.108975514256334,0.741493203851135,0.999997068196745,0.999983379322086,"group_idyes"
"10263","APOA1","Exc L4-5 RORB GABRG1",0.12761096779045,1.43683707453082,1.55120844829727,0.213715119591387,0.999997068196745,0.999983379322086,"group_idyes"
"10264","APOA1-AS","Exc L4-5 RORB GABRG1",-0.0291350274352486,1.79406242422748,0.0801273671615708,0.77727712527882,0.999997068196745,0.999983379322086,"group_idyes"
"10265","SIK3","Exc L4-5 RORB GABRG1",-0.0187217453152665,8.78087879523726,0.538898324228376,0.463336798527903,0.999997068196745,0.999983379322086,"group_idyes"
"10266","PAFAH1B2","Exc L4-5 RORB GABRG1",0.0220670131374497,6.2274014253403,0.176305352918457,0.674802164055376,0.999997068196745,0.999983379322086,"group_idyes"
"10267","SIDT2","Exc L4-5 RORB GABRG1",-0.020909536794081,4.02108365624612,0.227602963039129,0.866666582254948,0.999997068196745,0.999983379322086,"group_idyes"
"10268","TAGLN","Exc L4-5 RORB GABRG1",-0.028838376929735,3.50886209879507,0.235352752901237,0.627859056323285,0.999997068196745,0.999983379322086,"group_idyes"
"10269","PCSK7","Exc L4-5 RORB GABRG1",-0.0908271214784447,6.34264932113033,3.57835527954163,0.059287873563348,0.999997068196745,0.999983379322086,"group_idyes"
"10270","RNF214","Exc L4-5 RORB GABRG1",-0.0330821692167255,4.79183918104187,0.711104796126173,0.766477115043234,0.999997068196745,0.999983379322086,"group_idyes"
"10271","BACE1","Exc L4-5 RORB GABRG1",0.00682876232644164,5.40763710704527,0.0478478944800323,0.826967318674246,0.999997068196745,0.999983379322086,"group_idyes"
"10272","BACE1-AS","Exc L4-5 RORB GABRG1",0.0295593747589014,2.59139970105103,0.180534639543577,0.671151711386224,0.999997068196745,0.999983379322086,"group_idyes"
"10273","CEP164","Exc L4-5 RORB GABRG1",-0.0720374303668238,5.70891177279035,3.98551471302099,0.0465973733978843,0.999997068196745,0.999983379322086,"group_idyes"
"10274","AP000892.1","Exc L4-5 RORB GABRG1",-0.0434849846299223,2.40316170035372,0.131322441380137,0.717263787091797,0.999997068196745,0.999983379322086,"group_idyes"
"10275","DSCAML1","Exc L4-5 RORB GABRG1",-0.0857934830494085,5.94530633415663,1.43056222264084,0.232409317918844,0.999997068196745,0.999983379322086,"group_idyes"
"10276","FXYD6-FXYD2","Exc L4-5 RORB GABRG1",-0.103694081951532,1.82965486618161,0.879696119974419,0.348873341433986,0.999997068196745,0.999983379322086,"group_idyes"
"10277","AP000757.1","Exc L4-5 RORB GABRG1",0.00968318252297209,1.31413521848179,0.00693714199840138,0.933664661516737,0.999997068196745,0.999983379322086,"group_idyes"
"10278","IL10RA","Exc L4-5 RORB GABRG1",0.0891194723729686,1.01888262571436,0.61870500205289,0.640618190915092,0.999997068196745,0.999983379322086,"group_idyes"
"10279","SMIM35","Exc L4-5 RORB GABRG1",-0.0424307265970385,1.31651673542219,0.120397522735215,0.728793460647096,0.999997068196745,0.999983379322086,"group_idyes"
"10280","SCN4B","Exc L4-5 RORB GABRG1",0.0546040419524669,4.06643140176966,1.18400760812731,0.359830133020658,0.999997068196745,0.999983379322086,"group_idyes"
"10281","SCN2B","Exc L4-5 RORB GABRG1",-0.00563998032152874,5.62874741177493,0.00691421120908416,0.933774134794201,0.999997068196745,0.999983379322086,"group_idyes"
"10282","MPZL3","Exc L4-5 RORB GABRG1",-0.0641671243639104,1.24918787713392,0.33372722383194,0.563810496226669,0.999997068196745,0.999983379322086,"group_idyes"
"10283","UBE4A","Exc L4-5 RORB GABRG1",0.0440972846199096,5.84777520800536,2.54414979760702,0.111524592573436,0.999997068196745,0.999983379322086,"group_idyes"
"10284","ATP5MG","Exc L4-5 RORB GABRG1",-0.00603570543498475,6.19783833170733,0.0186269521971444,0.891512753430513,0.999997068196745,0.999983379322086,"group_idyes"
"10285","AP001267.2","Exc L4-5 RORB GABRG1",0.0348565312610798,0.954257970020761,0.0752564877866417,0.783978915007183,0.999997068196745,0.999983379322086,"group_idyes"
"10286","KMT2A","Exc L4-5 RORB GABRG1",0.0112132100249839,8.06502903718603,0.158498703342542,0.690763330398439,0.999997068196745,0.999983379322086,"group_idyes"
"10287","AP001267.3","Exc L4-5 RORB GABRG1",-0.00594085317379062,2.21616582419796,0.00295600688588384,0.956669260792054,0.999997068196745,0.999983379322086,"group_idyes"
"10288","TMEM25","Exc L4-5 RORB GABRG1",0.083539021337015,5.26068745164692,4.42049665299245,0.067557392405702,0.999997068196745,0.999983379322086,"group_idyes"
"10289","IFT46","Exc L4-5 RORB GABRG1",0.0320074660457199,3.94804429129025,0.516376841686842,0.472827505639839,0.999997068196745,0.999983379322086,"group_idyes"
"10290","ARCN1","Exc L4-5 RORB GABRG1",0.0558784022136815,4.70976274290948,1.20500671906515,0.273009832521685,0.999997068196745,0.999983379322086,"group_idyes"
"10291","PHLDB1","Exc L4-5 RORB GABRG1",0.0144456228797222,3.55006174495145,0.0593565318144945,0.807645730556406,0.999997068196745,0.999983379322086,"group_idyes"
"10292","AP002954.1","Exc L4-5 RORB GABRG1",-0.0713527783159231,3.68769955533078,0.379361300128488,0.538309470105618,0.999997068196745,0.999983379322086,"group_idyes"
"10293","DDX6","Exc L4-5 RORB GABRG1",0.0263938359692254,6.61679097464833,1.07589119368915,0.300270021907407,0.999997068196745,0.999983379322086,"group_idyes"
"10294","AP004609.3","Exc L4-5 RORB GABRG1",-0.0946679274708499,0.675880800253741,0.432807533657531,0.511007975054372,0.999997068196745,0.999983379322086,"group_idyes"
"10295","BCL9L","Exc L4-5 RORB GABRG1",-0.00631234096212116,3.69308375590924,0.00993046381215851,0.920672741688283,0.999997068196745,0.999983379322086,"group_idyes"
"10296","UPK2","Exc L4-5 RORB GABRG1",0.0037827416302907,2.2912512075573,0.00194729187895745,0.964825163907608,0.999997068196745,0.999983379322086,"group_idyes"
"10297","AP003392.4","Exc L4-5 RORB GABRG1",-0.174860883457343,1.28028751110982,2.16011252665859,0.142451580750226,0.999997068196745,0.999983379322086,"group_idyes"
"10298","CCDC84","Exc L4-5 RORB GABRG1",-0.0240815321602001,5.86254432608726,0.20961743625334,0.647325883269752,0.999997068196745,0.999983379322086,"group_idyes"
"10299","AP003392.1","Exc L4-5 RORB GABRG1",0.0651696813637185,1.18096631043691,0.184167895948119,0.668055824921742,0.999997068196745,0.999983379322086,"group_idyes"
"10300","RPS25","Exc L4-5 RORB GABRG1",0.0149724299406427,5.31943881373292,0.0117518635502123,0.913730146240497,0.999997068196745,0.999983379322086,"group_idyes"
"10301","TRAPPC4","Exc L4-5 RORB GABRG1",-0.0142576978306721,3.88787922315695,0.0435338749226744,0.83483366759725,0.999997068196745,0.999983379322086,"group_idyes"
"10302","SLC37A4","Exc L4-5 RORB GABRG1",0.0347506288594916,2.79618478078158,0.269805197457386,0.603761168412811,0.999997068196745,0.999983379322086,"group_idyes"
"10303","HYOU1","Exc L4-5 RORB GABRG1",0.0286186599127763,4.55151798857032,0.200243224865488,0.654776433206523,0.999997068196745,0.999983379322086,"group_idyes"
"10304","AP003392.6","Exc L4-5 RORB GABRG1",0.0709595226266113,0.585733988561193,0.258176564066656,0.611666853149535,0.999997068196745,0.999983379322086,"group_idyes"
"10305","VPS11","Exc L4-5 RORB GABRG1",-0.00355321761143433,4.05204038569547,0.00572257037118839,0.939738727931683,0.999997068196745,0.999983379322086,"group_idyes"
"10306","HMBS","Exc L4-5 RORB GABRG1",-0.156069798583222,2.21898124698504,3.5148241978705,0.0615795041161164,0.999997068196745,0.999983379322086,"group_idyes"
"10307","H2AFX","Exc L4-5 RORB GABRG1",0.0619659127197579,3.55630646396823,0.638306395838853,0.424817678734785,0.999997068196745,0.999983379322086,"group_idyes"
"10308","DPAGT1","Exc L4-5 RORB GABRG1",0.0420523506130636,3.06169308559066,0.412551664798924,0.521059759603345,0.999997068196745,0.999983379322086,"group_idyes"
"10309","C2CD2L","Exc L4-5 RORB GABRG1",0.0426877547540952,4.91607538340152,0.922309665926761,0.337472423728037,0.999997068196745,0.999983379322086,"group_idyes"
"10310","HINFP","Exc L4-5 RORB GABRG1",-0.0169967039045503,4.41795154522798,0.170998053322602,0.679456725262655,0.999997068196745,0.999983379322086,"group_idyes"
"10311","ABCG4","Exc L4-5 RORB GABRG1",0.0197014755312727,3.12478843203437,0.135982245388644,0.712511171688672,0.999997068196745,0.999983379322086,"group_idyes"
"10312","NLRX1","Exc L4-5 RORB GABRG1",-0.0670119336052197,3.93784380682133,1.51804295883746,0.218668361232852,0.999997068196745,0.999983379322086,"group_idyes"
"10313","CBL","Exc L4-5 RORB GABRG1",-0.0142984007128584,5.68146601611966,0.201695511950668,0.66348166424208,0.999997068196745,0.999983379322086,"group_idyes"
"10314","MCAM","Exc L4-5 RORB GABRG1",-0.0222609733158411,2.13065652666734,0.0528101446416658,0.818365755441444,0.999997068196745,0.999983379322086,"group_idyes"
"10315","RNF26","Exc L4-5 RORB GABRG1",0.00458104073718343,2.90584499245884,0.00254235091798054,0.959812486775476,0.999997068196745,0.999983379322086,"group_idyes"
"10316","USP2","Exc L4-5 RORB GABRG1",0.0274299748068695,4.85947207501221,0.401310749963493,0.526789512811628,0.999997068196745,0.999983379322086,"group_idyes"
"10317","USP2-AS1","Exc L4-5 RORB GABRG1",-0.0380133687053562,5.18473011536138,0.302251685455856,0.582793245844533,0.999997068196745,0.999983379322086,"group_idyes"
"10318","THY1","Exc L4-5 RORB GABRG1",0.0386144191374762,7.46865101055827,0.259017411239395,0.611087754302178,0.999997068196745,0.999983379322086,"group_idyes"
"10319","AP003393.1","Exc L4-5 RORB GABRG1",-0.0222284012733887,3.50706247637652,0.0396255102938811,0.842319736417657,0.999997068196745,0.999983379322086,"group_idyes"
"10320","NECTIN1","Exc L4-5 RORB GABRG1",-0.0126797941520801,5.27993000010182,0.0931882367738858,0.760327525927648,0.999997068196745,0.999983379322086,"group_idyes"
"10321","AP003390.1","Exc L4-5 RORB GABRG1",0.132992352855846,0.924884776973845,1.08480266578121,0.29827970086191,0.999997068196745,0.999983379322086,"group_idyes"
"10322","TMEM136","Exc L4-5 RORB GABRG1",-0.0168307301039076,2.9752672235675,0.0640572813716008,0.973696607227748,0.999997068196745,0.999983379322086,"group_idyes"
"10323","ARHGEF12","Exc L4-5 RORB GABRG1",0.0128797481710142,8.33319751877988,0.17999915776272,0.671611097311574,0.999997068196745,0.999983379322086,"group_idyes"
"10324","GRIK4","Exc L4-5 RORB GABRG1",-0.104562101925567,4.36411600691379,1.21600289284304,0.270835822752443,0.999997068196745,0.999983379322086,"group_idyes"
"10325","AP000646.1","Exc L4-5 RORB GABRG1",0.00280303377016268,1.70739821961448,0.000905870152069271,0.976004760276603,0.999997068196745,0.999983379322086,"group_idyes"
"10326","TECTA","Exc L4-5 RORB GABRG1",-0.0159570791544129,2.76451406992723,0.0594089500884566,0.807562486516637,0.999997068196745,0.999983379322086,"group_idyes"
"10327","SC5D","Exc L4-5 RORB GABRG1",-0.0184699415799031,4.32295301705923,0.13831544211394,0.710166220148372,0.999997068196745,0.999983379322086,"group_idyes"
"10328","SORL1","Exc L4-5 RORB GABRG1",-0.0375546794048805,8.23933455055258,1.75856109185001,0.185590827483447,0.999997068196745,0.999983379322086,"group_idyes"
"10329","UBASH3B","Exc L4-5 RORB GABRG1",-0.184625970579407,4.30669893352404,6.08905765861304,0.0140365664289072,0.999997068196745,0.999983379322086,"group_idyes"
"10330","CRTAM","Exc L4-5 RORB GABRG1",-0.125555630775046,0.514985940286409,0.633948936770062,0.426401521210548,0.999997068196745,0.999983379322086,"group_idyes"
"10331","JHY","Exc L4-5 RORB GABRG1",-0.0142002059085213,3.77858688468669,0.0553627780689978,0.81410654636867,0.999997068196745,0.999983379322086,"group_idyes"
"10332","HSPA8","Exc L4-5 RORB GABRG1",-0.00785082507925289,5.67588725571793,0.00269291574042502,0.958640636637826,0.999997068196745,0.999983379322086,"group_idyes"
"10333","CLMP","Exc L4-5 RORB GABRG1",-0.0120775270605746,6.54315116296454,0.0421253877238186,0.837489494165682,0.999997068196745,0.999983379322086,"group_idyes"
"10334","AP001970.1","Exc L4-5 RORB GABRG1",0.0480405973223399,0.792284463682096,0.129371215692888,0.719282224254942,0.999997068196745,0.999983379322086,"group_idyes"
"10335","GRAMD1B","Exc L4-5 RORB GABRG1",-0.0281396430121363,7.24132376817435,0.67728853389957,0.411031780958538,0.999997068196745,0.999983379322086,"group_idyes"
"10336","SCN3B","Exc L4-5 RORB GABRG1",0.0712392346238236,6.75538389015523,1.91143022300678,0.167606468322927,0.999997068196745,0.999983379322086,"group_idyes"
"10337","ZNF202","Exc L4-5 RORB GABRG1",0.0754833748893323,3.53255232988642,1.73721765830903,0.188275971176862,0.999997068196745,0.999983379322086,"group_idyes"
"10338","VWA5A","Exc L4-5 RORB GABRG1",-0.00755375722953944,0.766013495288377,0.00265280636831671,0.958949528651857,0.999997068196745,0.999983379322086,"group_idyes"
"10339","OR8A1","Exc L4-5 RORB GABRG1",-0.165556382559897,0.246851126052523,0.759669530294138,0.383975530301534,0.999997068196745,0.999983379322086,"group_idyes"
"10340","TBRG1","Exc L4-5 RORB GABRG1",0.00235457255494013,6.87173600122593,0.00327609164619969,0.954385997761427,0.999997068196745,0.999983379322086,"group_idyes"
"10341","SIAE","Exc L4-5 RORB GABRG1",0.0235723713936609,3.64961788708329,0.151648318849909,0.6971805800448,0.999997068196745,0.999983379322086,"group_idyes"
"10342","SPA17","Exc L4-5 RORB GABRG1",0.0307109471872384,3.02068182967593,0.252948794377535,0.699471854318662,0.999997068196745,0.999983379322086,"group_idyes"
"10343","NRGN","Exc L4-5 RORB GABRG1",0.01988354824122,9.18711495761654,0.0706811579907677,0.790489994702632,0.999997068196745,0.999983379322086,"group_idyes"
"10344","AP000866.5","Exc L4-5 RORB GABRG1",0.0110429689640046,0.63968254414747,0.00665709217342779,0.935014382925629,0.999997068196745,0.999983379322086,"group_idyes"
"10345","MSANTD2","Exc L4-5 RORB GABRG1",-0.0221972866913897,5.1667659123301,0.36088404033722,0.548369402100299,0.999997068196745,0.999983379322086,"group_idyes"
"10346","AP000866.1","Exc L4-5 RORB GABRG1",0.026293422664372,2.52040281014375,0.16696296433834,0.683052482845133,0.999997068196745,0.999983379322086,"group_idyes"
"10347","ROBO3","Exc L4-5 RORB GABRG1",-0.00264035295635958,3.56852863727617,0.000818462692696887,0.977191438044096,0.999997068196745,0.999983379322086,"group_idyes"
"10348","HEPACAM","Exc L4-5 RORB GABRG1",-0.0371044532804376,1.45159936479131,0.0926439760021212,0.761006985166777,0.999997068196745,0.999983379322086,"group_idyes"
"10349","CCDC15","Exc L4-5 RORB GABRG1",0.0343293984439394,1.78482730700633,0.0974684147195956,0.755058184073693,0.999997068196745,0.999983379322086,"group_idyes"
"10350","SLC37A2","Exc L4-5 RORB GABRG1",0.100767349815369,0.104230887425029,0.274754997844195,0.600461613031826,0.999997068196745,0.999983379322086,"group_idyes"
"10351","TMEM218","Exc L4-5 RORB GABRG1",0.0443997151660106,2.30691848497334,0.33881527140149,0.832408630608826,0.999997068196745,0.999983379322086,"group_idyes"
"10352","AP001007.2","Exc L4-5 RORB GABRG1",0.205691568821814,0.686607049198096,1.62107803664675,0.203710302973758,0.999997068196745,0.999983379322086,"group_idyes"
"10353","PKNOX2-AS1","Exc L4-5 RORB GABRG1",0.0215594222834664,1.23727770404199,0.0411920059710674,0.839275045078504,0.999997068196745,0.999983379322086,"group_idyes"
"10354","PKNOX2","Exc L4-5 RORB GABRG1",-0.0582226178227742,8.12841401665429,1.47896651035238,0.224681912291611,0.999997068196745,0.999983379322086,"group_idyes"
"10355","AP001007.1","Exc L4-5 RORB GABRG1",-0.167248873484358,0.500003852729697,0.835978557214448,0.361122102550841,0.999997068196745,0.999983379322086,"group_idyes"
"10356","FEZ1","Exc L4-5 RORB GABRG1",0.0402110217566372,6.2927517458207,0.592211121106498,0.442037575321382,0.999997068196745,0.999983379322086,"group_idyes"
"10357","EI24","Exc L4-5 RORB GABRG1",0.0288940817292801,5.4713856810968,0.264913538010528,0.607059959386941,0.999997068196745,0.999983379322086,"group_idyes"
"10358","STT3A-AS1","Exc L4-5 RORB GABRG1",0.0343268921307215,1.97289666372058,0.0640283414177059,0.80037382674526,0.999997068196745,0.999983379322086,"group_idyes"
"10359","STT3A","Exc L4-5 RORB GABRG1",0.047382587508126,3.69683742528276,1.48865798977946,0.223172151411502,0.999997068196745,0.999983379322086,"group_idyes"
"10360","CHEK1","Exc L4-5 RORB GABRG1",0.0975078426435479,2.36362250867117,1.68826291775188,0.194608183373172,0.999997068196745,0.999983379322086,"group_idyes"
"10361","ACRV1","Exc L4-5 RORB GABRG1",0.125275042720997,2.09127871917689,2.69080586681101,0.101746045196554,0.999997068196745,0.999983379322086,"group_idyes"
"10362","PATE2","Exc L4-5 RORB GABRG1",-0.0730806965451813,1.62432415289945,0.686988346347591,0.615419917791983,0.999997068196745,0.999983379322086,"group_idyes"
"10363","AP000842.3","Exc L4-5 RORB GABRG1",0.150311729777674,0.793299590057965,1.44061644612033,0.23077814433091,0.999997068196745,0.999983379322086,"group_idyes"
"10364","HYLS1","Exc L4-5 RORB GABRG1",0.0212628871863687,4.15155900339573,0.221817881402015,0.879859184460169,0.999997068196745,0.999983379322086,"group_idyes"
"10365","PUS3","Exc L4-5 RORB GABRG1",0.137836375207607,2.4259841904975,2.95295507052188,0.0865251898242601,0.999997068196745,0.999983379322086,"group_idyes"
"10366","AP000842.2","Exc L4-5 RORB GABRG1",-0.0409016926636426,2.15130356303699,0.188873118853094,0.664099820829663,0.999997068196745,0.999983379322086,"group_idyes"
"10367","DDX25","Exc L4-5 RORB GABRG1",-0.0107673863732377,5.19655545034765,0.0789022396440903,0.778941607063052,0.999997068196745,0.999983379322086,"group_idyes"
"10368","CDON","Exc L4-5 RORB GABRG1",0.0044518696237797,6.14487589845135,0.0150276846529095,0.90249779657816,0.999997068196745,0.999983379322086,"group_idyes"
"10369","RPUSD4","Exc L4-5 RORB GABRG1",0.0429235213906102,3.24899529582169,0.851873216969217,0.356601416689339,0.999997068196745,0.999983379322086,"group_idyes"
"10370","FAM118B","Exc L4-5 RORB GABRG1",-0.0198928903239994,4.26419087970353,0.26707495508989,0.605597642977894,0.999997068196745,0.999983379322086,"group_idyes"
"10371","SRPRA","Exc L4-5 RORB GABRG1",0.00713236012790223,4.34589439360695,0.0133207217850558,0.908176062754502,0.999997068196745,0.999983379322086,"group_idyes"
"10372","FOXRED1","Exc L4-5 RORB GABRG1",-0.0447703800130684,5.56798292962408,0.932352513769035,0.334858923753251,0.999997068196745,0.999983379322086,"group_idyes"
"10373","TIRAP","Exc L4-5 RORB GABRG1",0.101377799946525,3.01860912807622,2.08305665933297,0.149755375963863,0.999997068196745,0.999983379322086,"group_idyes"
"10374","AP001318.2","Exc L4-5 RORB GABRG1",-0.0446737419354311,3.58975376986871,0.461923951949523,0.497134896549162,0.999997068196745,0.999983379322086,"group_idyes"
"10375","DCPS","Exc L4-5 RORB GABRG1",0.019046224327359,3.93446435066581,0.190505375174492,0.662741167610059,0.999997068196745,0.999983379322086,"group_idyes"
"10376","GSEC","Exc L4-5 RORB GABRG1",-0.019771610848559,1.82924324963619,0.0500328590826786,0.823124832094739,0.999997068196745,0.999983379322086,"group_idyes"
"10377","ST3GAL4","Exc L4-5 RORB GABRG1",0.0140438640810286,4.91287029499715,0.119375650618763,0.729901470282373,0.999997068196745,0.999983379322086,"group_idyes"
"10378","KIRREL3","Exc L4-5 RORB GABRG1",-0.0372486200925213,9.36755483973552,0.465646844887066,0.49540730766572,0.999997068196745,0.999983379322086,"group_idyes"
"10379","KIRREL3-AS1","Exc L4-5 RORB GABRG1",0.0417624067923857,1.60670324381722,0.149476462708225,0.699249916059802,0.999997068196745,0.999983379322086,"group_idyes"
"10380","AP001783.1","Exc L4-5 RORB GABRG1",0.0083462645703071,1.87647165035609,0.00478278597309494,0.944900031603922,0.999997068196745,0.999983379322086,"group_idyes"
"10381","AP001993.1","Exc L4-5 RORB GABRG1",-0.138944363412473,3.30438631385767,1.96269617248272,0.162031332099793,0.999997068196745,0.999983379322086,"group_idyes"
"10382","AP003481.1","Exc L4-5 RORB GABRG1",0.092150192862337,0.728323411781041,0.358297187244637,0.549805704368298,0.999997068196745,0.999983379322086,"group_idyes"
"10383","ETS1","Exc L4-5 RORB GABRG1",-0.280548613268648,2.42031437750266,7.53632630846171,0.00633031828721334,0.999997068196745,0.999983379322086,"group_idyes"
"10384","FLI1","Exc L4-5 RORB GABRG1",-0.310501546572685,0.166843884911889,2.73609170867982,0.0989200371829602,0.999997068196745,0.999983379322086,"group_idyes"
"10385","KCNJ1","Exc L4-5 RORB GABRG1",-0.131574249057538,0.60482734123272,0.747482312722522,0.387813248925441,0.999997068196745,0.999983379322086,"group_idyes"
"10386","ARHGAP32","Exc L4-5 RORB GABRG1",0.0330597175478435,9.11709830148481,0.998600128748349,0.318277562728116,0.999997068196745,0.999983379322086,"group_idyes"
"10387","BARX2","Exc L4-5 RORB GABRG1",0.0834352389912688,0.390865295953748,0.270569620612905,0.603249101203614,0.999997068196745,0.999983379322086,"group_idyes"
"10388","TMEM45B","Exc L4-5 RORB GABRG1",-0.0901624206348847,0.52395024314346,0.346476978989603,0.556459643687284,0.999997068196745,0.999983379322086,"group_idyes"
"10389","NFRKB","Exc L4-5 RORB GABRG1",-0.0288145837365243,3.93186881492223,0.438635841223951,0.860924123930358,0.999997068196745,0.999983379322086,"group_idyes"
"10390","PRDM10","Exc L4-5 RORB GABRG1",-0.04153468498613,4.63831567747161,1.22936824614666,0.35876255646754,0.999997068196745,0.999983379322086,"group_idyes"
"10391","APLP2","Exc L4-5 RORB GABRG1",0.000585787381681166,6.97225675530355,0.000226623732097266,0.987996881291386,0.999997068196745,0.999983379322086,"group_idyes"
"10392","ST14","Exc L4-5 RORB GABRG1",-0.10913212608088,0.761080933758315,0.685613038622968,0.408173902656168,0.999997068196745,0.999983379322086,"group_idyes"
"10393","ZBTB44","Exc L4-5 RORB GABRG1",0.058683522134899,6.3821487523009,2.57091386582444,0.109665441157511,0.999997068196745,0.999983379322086,"group_idyes"
"10394","AP002986.1","Exc L4-5 RORB GABRG1",-0.118266037329303,2.47497989729012,2.01955763204376,0.156094386140749,0.999997068196745,0.999983379322086,"group_idyes"
"10395","ADAMTS8","Exc L4-5 RORB GABRG1",0.0117693760331748,4.6399955639946,0.0425163049082252,0.836747802490477,0.999997068196745,0.999983379322086,"group_idyes"
"10396","LINC02551","Exc L4-5 RORB GABRG1",0.0808327068948269,1.99917831338319,0.833684000678803,0.361781233730325,0.999997068196745,0.999983379322086,"group_idyes"
"10397","AP003486.1","Exc L4-5 RORB GABRG1",0.000625922854212675,3.6060490043901,0.000167162298788884,0.989691039157523,0.999997068196745,0.999983379322086,"group_idyes"
"10398","SNX19","Exc L4-5 RORB GABRG1",-0.0686514924874833,5.35606076366932,3.5085330828746,0.0618115282510787,0.999997068196745,0.999983379322086,"group_idyes"
"10399","NTM","Exc L4-5 RORB GABRG1",-0.041358009215739,9.20567154569781,0.927910136049979,0.336011622325535,0.999997068196745,0.999983379322086,"group_idyes"
"10400","AP003025.2","Exc L4-5 RORB GABRG1",-0.117730207650158,0.648334139520696,0.499795831064244,0.480017811548627,0.999997068196745,0.999983379322086,"group_idyes"
"10401","AP003025.1","Exc L4-5 RORB GABRG1",-0.324763056384796,0.52875400069598,2.94688195711316,0.0868483014447485,0.999997068196745,0.999983379322086,"group_idyes"
"10402","AP000844.2","Exc L4-5 RORB GABRG1",-0.101206794575449,1.13876455542523,0.549777482746747,0.458860986330789,0.999997068196745,0.999983379322086,"group_idyes"
"10403","OPCML","Exc L4-5 RORB GABRG1",-0.0121739203745539,12.1133331687972,0.106531024605651,0.744306092169998,0.999997068196745,0.999983379322086,"group_idyes"
"10404","IGSF9B","Exc L4-5 RORB GABRG1",-0.113939730171779,6.28869357107954,2.89979100333506,0.089398697678356,0.999997068196745,0.999983379322086,"group_idyes"
"10405","AP000911.1","Exc L4-5 RORB GABRG1",0.0601179254050077,1.94948050614856,0.468850476993485,0.513566043327757,0.999997068196745,0.999983379322086,"group_idyes"
"10406","JAM3","Exc L4-5 RORB GABRG1",0.018441926722598,6.71112365630545,0.143073536759825,0.705453037764986,0.999997068196745,0.999983379322086,"group_idyes"
"10407","NCAPD3","Exc L4-5 RORB GABRG1",-0.0219318113851975,4.64918021917863,0.356125324716355,0.551017042230074,0.999997068196745,0.999983379322086,"group_idyes"
"10408","VPS26B","Exc L4-5 RORB GABRG1",-0.0146875474194236,5.14199017278103,0.171917726069195,0.678644151470929,0.999997068196745,0.999983379322086,"group_idyes"
"10409","THYN1","Exc L4-5 RORB GABRG1",-0.010434446218285,4.03789624742643,0.0188606342254514,0.890838619909933,0.999997068196745,0.999983379322086,"group_idyes"
"10410","ACAD8","Exc L4-5 RORB GABRG1",0.0305016263435514,3.9332904964607,0.408622956413857,0.523049674781685,0.999997068196745,0.999983379322086,"group_idyes"
"10411","GLB1L3","Exc L4-5 RORB GABRG1",-0.045826972325546,5.59375435229209,1.45829758674889,0.227943033023627,0.999997068196745,0.999983379322086,"group_idyes"
"10412","GLB1L2","Exc L4-5 RORB GABRG1",-0.117864805099681,1.63679400545079,1.48328532127684,0.518448331842271,0.999997068196745,0.999983379322086,"group_idyes"
"10413","B3GAT1","Exc L4-5 RORB GABRG1",-0.0908688583021151,4.85086953658163,2.05752666387857,0.152268144223392,0.999997068196745,0.999983379322086,"group_idyes"
"10414","TUBB8","Exc L4-5 RORB GABRG1",0.0199281475112639,1.88597117554405,0.0213215089914593,0.883982971466623,0.999997068196745,0.999983379322086,"group_idyes"
"10415","ZMYND11","Exc L4-5 RORB GABRG1",-0.000389960408457695,7.12171559367286,0.000164470536697134,0.989774372392812,0.999997068196745,0.999983379322086,"group_idyes"
"10416","DIP2C","Exc L4-5 RORB GABRG1",-0.0485901786547469,8.53745888969493,1.52248403263442,0.217997195355077,0.999997068196745,0.999983379322086,"group_idyes"
"10417","LARP4B","Exc L4-5 RORB GABRG1",-0.021343813859911,6.63140826380192,0.56514996522769,0.452652291853283,0.999997068196745,0.999983379322086,"group_idyes"
"10418","GTPBP4","Exc L4-5 RORB GABRG1",0.0123023680849437,4.2461691376722,0.126078388082116,0.722727837358762,0.999997068196745,0.999983379322086,"group_idyes"
"10419","IDI2-AS1","Exc L4-5 RORB GABRG1",-0.118442429969118,3.20336396063486,2.09370839884546,0.148720927016237,0.999997068196745,0.999983379322086,"group_idyes"
"10420","IDI1","Exc L4-5 RORB GABRG1",-0.0669005951200422,4.77795516092685,0.870863755916658,0.351301581762956,0.999997068196745,0.999983379322086,"group_idyes"
"10421","WDR37","Exc L4-5 RORB GABRG1",-0.0457035202892924,6.69595146529981,2.07967016840199,0.150085964810452,0.999997068196745,0.999983379322086,"group_idyes"
"10422","ADARB2","Exc L4-5 RORB GABRG1",-0.190442261342261,2.92749289531332,2.5340798961436,0.112233083355286,0.999997068196745,0.999983379322086,"group_idyes"
"10423","AL713851.1","Exc L4-5 RORB GABRG1",-0.329829983181077,2.56361326413785,4.01185768394978,0.0458824301099554,0.999997068196745,0.999983379322086,"group_idyes"
"10424","AL731533.2","Exc L4-5 RORB GABRG1",0.0130768376186294,1.15778624620562,0.0141122198828913,0.905499878686849,0.999997068196745,0.999983379322086,"group_idyes"
"10425","PFKP","Exc L4-5 RORB GABRG1",-0.0295412640340395,5.62960418802179,0.287208165760165,0.592324871658962,0.999997068196745,0.999983379322086,"group_idyes"
"10426","PITRM1","Exc L4-5 RORB GABRG1",-0.0362765961967102,5.13580463290996,1.17585926838106,0.278879633913696,0.999997068196745,0.999983379322086,"group_idyes"
"10427","PITRM1-AS1","Exc L4-5 RORB GABRG1",-0.075222935831579,1.07792758392741,0.26666286811742,0.605875862408915,0.999997068196745,0.999983379322086,"group_idyes"
"10428","AL357833.1","Exc L4-5 RORB GABRG1",-0.0919550319997641,1.64150503520763,0.436123832376781,0.509394471390207,0.999997068196745,0.999983379322086,"group_idyes"
"10429","AL450322.2","Exc L4-5 RORB GABRG1",0.0167393572968492,3.16006533792154,0.0565138305159726,0.812219872850197,0.999997068196745,0.999983379322086,"group_idyes"
"10430","AL450322.1","Exc L4-5 RORB GABRG1",-0.0278685536657455,2.2306192938046,0.130724193909199,0.998097876450172,0.999997068196745,0.999983379322086,"group_idyes"
"10431","KLF6","Exc L4-5 RORB GABRG1",-0.0858206444969234,3.41263308880842,1.12823965826237,0.288817419187319,0.999997068196745,0.999983379322086,"group_idyes"
"10432","AKR1E2","Exc L4-5 RORB GABRG1",-0.0620337617730044,3.83079538225374,0.914467651525122,0.339532287313946,0.999997068196745,0.999983379322086,"group_idyes"
"10433","AKR1C1","Exc L4-5 RORB GABRG1",-0.257997510448714,1.34347755901659,4.71589200033677,0.0304954766581334,0.999997068196745,0.999983379322086,"group_idyes"
"10434","AKR1C2","Exc L4-5 RORB GABRG1",0.189938543676913,0.841825330758517,1.80748182507755,0.179602743275697,0.999997068196745,0.999983379322086,"group_idyes"
"10435","AKR1C3","Exc L4-5 RORB GABRG1",0.107051565530256,1.75334019883718,0.911813987489576,0.340233160240879,0.999997068196745,0.999983379322086,"group_idyes"
"10436","AL355303.1","Exc L4-5 RORB GABRG1",0.0170727305572868,0.210055288942251,0.00768692306803246,0.930180526998295,0.999997068196745,0.999983379322086,"group_idyes"
"10437","NET1","Exc L4-5 RORB GABRG1",0.015048522145099,2.23360540271085,0.0376104443639885,0.846329817259772,0.999997068196745,0.999983379322086,"group_idyes"
"10438","ASB13","Exc L4-5 RORB GABRG1",-0.0437781551545652,3.8942414735226,0.565083683219953,0.452678777595346,0.999997068196745,0.999983379322086,"group_idyes"
"10439","FAM208B","Exc L4-5 RORB GABRG1",-0.00464169787654467,6.83145692924282,0.0248549287234136,0.874811796384307,0.999997068196745,0.999983379322086,"group_idyes"
"10440","AL365356.1","Exc L4-5 RORB GABRG1",-0.0899626700228838,2.38530050295778,0.440257780517493,0.507395447747876,0.999997068196745,0.999983379322086,"group_idyes"
"10441","GDI2","Exc L4-5 RORB GABRG1",0.00339866596733062,5.46046757299499,0.0122017893402112,0.912100813730614,0.999997068196745,0.999983379322086,"group_idyes"
"10442","ANKRD16","Exc L4-5 RORB GABRG1",-0.0107593085950314,5.68881878483741,0.0605606395411264,0.80574324860802,0.999997068196745,0.999983379322086,"group_idyes"
"10443","FBH1","Exc L4-5 RORB GABRG1",-0.0652078175525153,5.35292756453627,3.52617710779468,0.0611631476014369,0.999997068196745,0.999983379322086,"group_idyes"
"10444","IL15RA","Exc L4-5 RORB GABRG1",-0.0227811837720275,1.79237135650012,0.0454796239484883,0.831237504366696,0.999997068196745,0.999983379322086,"group_idyes"
"10445","IL2RA","Exc L4-5 RORB GABRG1",0.0642562629789999,0.0224690849861204,0.113778024944672,0.7360671812429,0.999997068196745,0.999983379322086,"group_idyes"
"10446","RBM17","Exc L4-5 RORB GABRG1",0.011391472684831,5.61875784487142,0.163774541769673,0.685929799673863,0.999997068196745,0.999983379322086,"group_idyes"
"10447","PFKFB3","Exc L4-5 RORB GABRG1",-0.0818830743982699,5.72293671411287,2.8212448879687,0.0938360441953146,0.999997068196745,0.999983379322086,"group_idyes"
"10448","AL157395.1","Exc L4-5 RORB GABRG1",0.142185802670922,1.19997649143458,0.731996144955398,0.392769430924242,0.999997068196745,0.999983379322086,"group_idyes"
"10449","AL137145.2","Exc L4-5 RORB GABRG1",-0.320574575548047,0.427135900396105,2.73192159095538,0.0991766370356466,0.999997068196745,0.999983379322086,"group_idyes"
"10450","PRKCQ","Exc L4-5 RORB GABRG1",-0.0354114658421682,3.25690933621689,0.221360790733633,0.638271627623357,0.999997068196745,0.999983379322086,"group_idyes"
"10451","LINC00707","Exc L4-5 RORB GABRG1",-0.176215591475437,0.270544521736142,1.09015573436584,0.297092298345017,0.999997068196745,0.999983379322086,"group_idyes"
"10452","SFMBT2","Exc L4-5 RORB GABRG1",0.107571065006324,6.24391226145929,1.68346554556029,0.195242038244644,0.999997068196745,0.999983379322086,"group_idyes"
"10453","ITIH5","Exc L4-5 RORB GABRG1",0.150731983495327,0.641880418095085,1.19122973085824,0.275764679053959,0.999997068196745,0.999983379322086,"group_idyes"
"10454","ITIH2","Exc L4-5 RORB GABRG1",0.0547020162962425,1.8576932698905,0.149942763337802,0.698804175685412,0.999997068196745,0.999983379322086,"group_idyes"
"10455","KIN","Exc L4-5 RORB GABRG1",-0.0158024666103282,5.2187004571073,0.21296988898444,0.92389301346974,0.999997068196745,0.999983379322086,"group_idyes"
"10456","ATP5F1C","Exc L4-5 RORB GABRG1",-0.0314437234736412,5.03453400634443,0.761170480108079,0.383506632231653,0.999997068196745,0.999983379322086,"group_idyes"
"10457","TAF3","Exc L4-5 RORB GABRG1",0.0153450190749967,6.06407074573513,0.189154379597769,0.663865208990286,0.999997068196745,0.999983379322086,"group_idyes"
"10458","AL583859.2","Exc L4-5 RORB GABRG1",0.0611143307558184,3.27535275131827,0.807028626305642,0.369562061435873,0.999997068196745,0.999983379322086,"group_idyes"
"10459","SFTA1P","Exc L4-5 RORB GABRG1",-0.152300711838346,1.40369654813839,0.967903021887257,0.325822001065557,0.999997068196745,0.999983379322086,"group_idyes"
"10460","CELF2","Exc L4-5 RORB GABRG1",-0.0238315086890285,10.7995048168202,0.485306492665206,0.486449155830591,0.999997068196745,0.999983379322086,"group_idyes"
"10461","CELF2-AS2","Exc L4-5 RORB GABRG1",0.0253713439979635,3.0272274213375,0.0336164102582607,0.854621729205308,0.999997068196745,0.999983379322086,"group_idyes"
"10462","USP6NL","Exc L4-5 RORB GABRG1",-0.0776565861461858,3.6102020377657,1.05287672973152,0.305490183869699,0.999997068196745,0.999983379322086,"group_idyes"
"10463","PROSER2","Exc L4-5 RORB GABRG1",0.129923336795311,0.819825041939878,0.887813450021797,0.346661804382308,0.999997068196745,0.999983379322086,"group_idyes"
"10464","PROSER2-AS1","Exc L4-5 RORB GABRG1",-0.167503295911192,1.23768315889047,1.90899269617141,0.167876982691712,0.999997068196745,0.999983379322086,"group_idyes"
"10465","UPF2","Exc L4-5 RORB GABRG1",-0.0248245910229047,6.05833212003396,0.630963438038598,0.427491831133976,0.999997068196745,0.999983379322086,"group_idyes"
"10466","DHTKD1","Exc L4-5 RORB GABRG1",-0.010172428357345,4.70135594545036,0.0422142191698534,0.837320639327673,0.999997068196745,0.999983379322086,"group_idyes"
"10467","SEC61A2","Exc L4-5 RORB GABRG1",-0.00301336792059037,5.39968526806381,0.00821303700123386,0.927837088090637,0.999997068196745,0.999983379322086,"group_idyes"
"10468","NUDT5","Exc L4-5 RORB GABRG1",-0.000671101414424187,5.62160977424565,0.000493613164024012,0.982286050609772,0.999997068196745,0.999983379322086,"group_idyes"
"10469","CDC123","Exc L4-5 RORB GABRG1",-0.0367031140791165,5.48146738375402,1.38377109513967,0.240187174238947,0.999997068196745,0.999983379322086,"group_idyes"
"10470","CAMK1D","Exc L4-5 RORB GABRG1",-0.0280146385197313,10.1111748785059,0.622746010035189,0.430514714626548,0.999997068196745,0.999983379322086,"group_idyes"
"10471","CCDC3","Exc L4-5 RORB GABRG1",0.0347450541764373,8.34767775586811,0.651321963518723,0.42013907447631,0.999997068196745,0.999983379322086,"group_idyes"
"10472","OPTN","Exc L4-5 RORB GABRG1",-0.013682997171613,6.5264948137741,0.194584126431951,0.659376149267304,0.999997068196745,0.999983379322086,"group_idyes"
"10473","MCM10","Exc L4-5 RORB GABRG1",-0.155261062270159,0.305113612103017,0.677009236762987,0.411128176875755,0.999997068196745,0.999983379322086,"group_idyes"
"10474","PHYH","Exc L4-5 RORB GABRG1",0.00697990561681153,4.19050219180784,0.0230726375719114,0.879347953773138,0.999997068196745,0.999983379322086,"group_idyes"
"10475","SEPHS1","Exc L4-5 RORB GABRG1",-0.000660428818001893,3.96124733996435,0.00024508871268303,0.987517495740478,0.999997068196745,0.999983379322086,"group_idyes"
"10476","BEND7","Exc L4-5 RORB GABRG1",0.0933738238678879,3.02096570933633,0.978213332379254,0.323261915174823,0.999997068196745,0.999983379322086,"group_idyes"
"10477","PRPF18","Exc L4-5 RORB GABRG1",0.0340534916285907,3.76952556342357,0.54515832671704,0.460752925432611,0.999997068196745,0.999983379322086,"group_idyes"
"10478","AL157392.5","Exc L4-5 RORB GABRG1",0.0378116095358435,4.53867398457211,0.785971441865142,0.375874885933663,0.999997068196745,0.999983379322086,"group_idyes"
"10479","FRMD4A","Exc L4-5 RORB GABRG1",-0.0207063270614205,10.9228040644733,0.257030505169676,0.612458068458682,0.999997068196745,0.999983379322086,"group_idyes"
"10480","AL157392.2","Exc L4-5 RORB GABRG1",0.0230063696997922,1.47733551332944,0.0387611048117408,0.844026658848311,0.999997068196745,0.999983379322086,"group_idyes"
"10481","AC044781.1","Exc L4-5 RORB GABRG1",-0.00817029177139784,2.62157689987499,0.00345141819032211,0.953182714168364,0.999997068196745,0.999983379322086,"group_idyes"
"10482","AL157896.1","Exc L4-5 RORB GABRG1",0.070197433953083,0.485737077679946,0.188777793867978,0.664179382687978,0.999997068196745,0.999983379322086,"group_idyes"
"10483","FAM107B","Exc L4-5 RORB GABRG1",-0.0352831475279195,1.73053141661754,0.095871805236532,0.757008661115168,0.999997068196745,0.999983379322086,"group_idyes"
"10484","CDNF","Exc L4-5 RORB GABRG1",0.0744226236919275,0.78688669767825,0.316972996013605,0.573760410021502,0.999997068196745,0.999983379322086,"group_idyes"
"10485","HSPA14-1","Exc L4-5 RORB GABRG1",-0.0452438032007626,4.00558352450058,0.729308212479126,0.393638932829627,0.999997068196745,0.999983379322086,"group_idyes"
"10486","AC069544.1","Exc L4-5 RORB GABRG1",-0.0489882565443719,2.1777251833971,0.317439139698629,0.585601710638512,0.999997068196745,0.999983379322086,"group_idyes"
"10487","SUV39H2","Exc L4-5 RORB GABRG1",0.0342639551746675,3.48696142410105,0.412600167198113,0.521035276600414,0.999997068196745,0.999983379322086,"group_idyes"
"10488","DCLRE1C","Exc L4-5 RORB GABRG1",-0.0300662017787731,4.1069492223741,0.25653704065091,0.61279942944812,0.999997068196745,0.999983379322086,"group_idyes"
"10489","MEIG1","Exc L4-5 RORB GABRG1",0.00957403737603762,1.38106177595844,0.00814397264204283,0.928140313313293,0.999997068196745,0.999983379322086,"group_idyes"
"10490","RPP38","Exc L4-5 RORB GABRG1",-0.0144632070055729,4.37969345220137,0.0222127710023552,0.881600559655107,0.999997068196745,0.999983379322086,"group_idyes"
"10491","NMT2","Exc L4-5 RORB GABRG1",-0.00141898983973741,7.13832057851172,0.00204639300556777,0.963941812927529,0.999997068196745,0.999983379322086,"group_idyes"
"10492","FAM171A1","Exc L4-5 RORB GABRG1",-0.0490570695007812,8.15271760624415,2.54425159755139,0.111517455486288,0.999997068196745,0.999983379322086,"group_idyes"
"10493","ITGA8","Exc L4-5 RORB GABRG1",-0.0950027156400903,1.49859413477363,0.683842577761078,0.408779263918546,0.999997068196745,0.999983379322086,"group_idyes"
"10494","MINDY3","Exc L4-5 RORB GABRG1",-0.0263464478965815,6.23932652252139,0.704315105628688,0.401858704547603,0.999997068196745,0.999983379322086,"group_idyes"
"10495","PTER","Exc L4-5 RORB GABRG1",0.118268342941235,1.18605434172942,0.925478738974862,0.33664477151619,0.999997068196745,0.999983379322086,"group_idyes"
"10496","C1QL3","Exc L4-5 RORB GABRG1",0.00899695128986977,2.96859719504121,0.0168457675467213,0.896799419446414,0.999997068196745,0.999983379322086,"group_idyes"
"10497","RSU1","Exc L4-5 RORB GABRG1",-0.0680616521188241,5.87555638939077,3.24323576382219,0.072501851794994,0.999997068196745,0.999983379322086,"group_idyes"
"10498","CUBN","Exc L4-5 RORB GABRG1",0.0519725283543004,4.18120622541779,0.579411101845493,0.447009545671848,0.999997068196745,0.999983379322086,"group_idyes"
"10499","TRDMT1","Exc L4-5 RORB GABRG1",-0.0241519973398951,4.64624168506971,0.308925343361925,0.910257651677598,0.999997068196745,0.999983379322086,"group_idyes"
"10500","VIM-AS1","Exc L4-5 RORB GABRG1",-0.233332866051696,0.17705555879449,1.02167436420435,0.312757439079661,0.999997068196745,0.999983379322086,"group_idyes"
"10501","VIM","Exc L4-5 RORB GABRG1",-0.13534496412853,0.457182516860686,0.579836026817013,0.446843100476984,0.999997068196745,0.999983379322086,"group_idyes"
"10502","ST8SIA6","Exc L4-5 RORB GABRG1",-0.256631583160691,1.55260909725734,4.00440948785558,0.0460833879952779,0.999997068196745,0.999983379322086,"group_idyes"
"10503","HACD1","Exc L4-5 RORB GABRG1",-0.074378458289814,3.43947751449567,1.70537858074578,0.317950388729312,0.999997068196745,0.999983379322086,"group_idyes"
"10504","STAM-AS1","Exc L4-5 RORB GABRG1",0.0632388901425535,1.30315708872816,0.26685705554852,0.605744723359492,0.999997068196745,0.999983379322086,"group_idyes"
"10505","STAM","Exc L4-5 RORB GABRG1",-0.025140021579907,5.34441893696878,0.670045245263649,0.413542549527061,0.999997068196745,0.999983379322086,"group_idyes"
"10506","TMEM236","Exc L4-5 RORB GABRG1",-0.264788354197493,0.474921539583578,2.24201025358681,0.135126219467239,0.999997068196745,0.999983379322086,"group_idyes"
"10507","MRC1","Exc L4-5 RORB GABRG1",0.114779279324651,0.881221867208317,0.833888107226572,0.361722534966344,0.999997068196745,0.999983379322086,"group_idyes"
"10508","SLC39A12","Exc L4-5 RORB GABRG1",-0.115946650822839,0.643556935985331,0.589558209742203,0.443060999936946,0.999997068196745,0.999983379322086,"group_idyes"
"10509","CACNB2","Exc L4-5 RORB GABRG1",-0.0231893864518837,9.43046257650848,0.775862391470416,0.378959475075694,0.999997068196745,0.999983379322086,"group_idyes"
"10510","AL450384.2","Exc L4-5 RORB GABRG1",-0.00868591827016601,4.90321754305443,0.0195431780918347,0.888893603579083,0.999997068196745,0.999983379322086,"group_idyes"
"10511","NSUN6","Exc L4-5 RORB GABRG1",-0.0174099716562682,6.05289187792923,0.399478616320029,0.527734043277317,0.999997068196745,0.999983379322086,"group_idyes"
"10512","ARL5B","Exc L4-5 RORB GABRG1",0.0817520940430893,4.28723949944726,2.45011501840281,0.118338379434587,0.999997068196745,0.999983379322086,"group_idyes"
"10513","MALRD1","Exc L4-5 RORB GABRG1",-0.15935709483361,4.93482728362519,3.63416415855022,0.0573498470367799,0.999997068196745,0.999983379322086,"group_idyes"
"10514","PLXDC2","Exc L4-5 RORB GABRG1",0.00575335318763278,8.26625694307199,0.0118105078391675,0.9135160078378,0.999997068196745,0.999983379322086,"group_idyes"
"10515","NEBL","Exc L4-5 RORB GABRG1",-0.0572654161046031,8.01710278492982,2.74531948309525,0.0983548059372694,0.999997068196745,0.999983379322086,"group_idyes"
"10516","NEBL-AS1","Exc L4-5 RORB GABRG1",-0.0494904386272782,0.425526235210661,0.0971793411858457,0.755410020459865,0.999997068196745,0.999983379322086,"group_idyes"
"10517","CASC10","Exc L4-5 RORB GABRG1",0.0358446472249635,1.90259134187389,0.193855682299887,0.772351746626261,0.999997068196745,0.999983379322086,"group_idyes"
"10518","SKIDA1","Exc L4-5 RORB GABRG1",0.133037833626692,2.45964592818167,4.07156246868005,0.079603961833226,0.999997068196745,0.999983379322086,"group_idyes"
"10519","MLLT10","Exc L4-5 RORB GABRG1",-0.0177843499009682,7.98615526931283,0.356989128406949,0.550534664024265,0.999997068196745,0.999983379322086,"group_idyes"
"10520","DNAJC1","Exc L4-5 RORB GABRG1",-0.0249481759204286,7.84907104340137,0.752098648148248,0.386353168246176,0.999997068196745,0.999983379322086,"group_idyes"
"10521","BMI1","Exc L4-5 RORB GABRG1",0.0747941366779463,4.68504572244846,1.3606453215007,0.244148218602691,0.999997068196745,0.999983379322086,"group_idyes"
"10522","SPAG6","Exc L4-5 RORB GABRG1",-0.0157835300089521,5.30113029655128,0.0821156447353919,0.774604818905998,0.999997068196745,0.999983379322086,"group_idyes"
"10523","PIP4K2A","Exc L4-5 RORB GABRG1",-0.0622833779230975,5.87717689729196,3.02354081577216,0.0828640299150944,0.999997068196745,0.999983379322086,"group_idyes"
"10524","ARMC3","Exc L4-5 RORB GABRG1",-0.0175808966677744,2.34911828882625,0.039743725330175,0.842087809988209,0.999997068196745,0.999983379322086,"group_idyes"
"10525","MSRB2","Exc L4-5 RORB GABRG1",0.0298490493833191,4.01681733966845,0.306095404939966,0.580407492530032,0.999997068196745,0.999983379322086,"group_idyes"
"10526","C10orf67","Exc L4-5 RORB GABRG1",-0.0118263345588481,2.94056910203207,0.0222586845835701,0.881479164159211,0.999997068196745,0.999983379322086,"group_idyes"
"10527","OTUD1","Exc L4-5 RORB GABRG1",0.02728271534773,2.81570456287568,0.127750512721083,0.814173769443389,0.999997068196745,0.999983379322086,"group_idyes"
"10528","KIAA1217","Exc L4-5 RORB GABRG1",-0.153286761185779,6.51844624487789,7.71011655246309,0.00575972907462987,0.999997068196745,0.999983379322086,"group_idyes"
"10529","ARHGAP21","Exc L4-5 RORB GABRG1",0.0108965066029856,8.38822912566645,0.120383653858186,0.728808463247871,0.999997068196745,0.999983379322086,"group_idyes"
"10530","PRTFDC1","Exc L4-5 RORB GABRG1",-0.0600164299775993,5.16418702600233,1.84688007321621,0.174942827666103,0.999997068196745,0.999983379322086,"group_idyes"
"10531","ENKUR","Exc L4-5 RORB GABRG1",-0.101491335223801,3.16261055586003,2.78022843543043,0.0962482891844964,0.999997068196745,0.999983379322086,"group_idyes"
"10532","THNSL1","Exc L4-5 RORB GABRG1",0.0206128824828748,3.01263175463382,0.113148022716948,0.827804464303912,0.999997068196745,0.999983379322086,"group_idyes"
"10533","GPR158-AS1","Exc L4-5 RORB GABRG1",-0.016594467581872,2.91979077086277,0.0557960342865931,0.813393993396276,0.999997068196745,0.999983379322086,"group_idyes"
"10534","GPR158","Exc L4-5 RORB GABRG1",-0.0242700104603584,8.47196011951286,0.612077964450448,0.434487740436161,0.999997068196745,0.999983379322086,"group_idyes"
"10535","LINC00836","Exc L4-5 RORB GABRG1",0.00747599920288812,1.07818082804754,0.00304950712981564,0.955989994660553,0.999997068196745,0.999983379322086,"group_idyes"
"10536","MYO3A","Exc L4-5 RORB GABRG1",0.0484014454455287,1.81740464945795,0.271576278046922,0.79978925924553,0.999997068196745,0.999983379322086,"group_idyes"
"10537","GAD2","Exc L4-5 RORB GABRG1",0.0808592093535915,1.38265945019146,0.515867802550218,0.473045634025991,0.999997068196745,0.999983379322086,"group_idyes"
"10538","APBB1IP","Exc L4-5 RORB GABRG1",-0.0319422036923584,1.09914525471661,0.0650956402484113,0.798752484905671,0.999997068196745,0.999983379322086,"group_idyes"
"10539","PDSS1","Exc L4-5 RORB GABRG1",-0.0345182963920704,4.88758586837306,0.636167162687405,0.425594134451969,0.999997068196745,0.999983379322086,"group_idyes"
"10540","ABI1","Exc L4-5 RORB GABRG1",-0.0130960473394734,6.37169910317388,0.182561299626468,0.669420304254747,0.999997068196745,0.999983379322086,"group_idyes"
"10541","ANKRD26","Exc L4-5 RORB GABRG1",0.0160126922535806,8.01746650653165,0.254853220121236,0.613967351373257,0.999997068196745,0.999983379322086,"group_idyes"
"10542","YME1L1","Exc L4-5 RORB GABRG1",-0.000312574412487855,6.29103380864087,0.000147985672085684,0.99030033022869,0.999997068196745,0.999983379322086,"group_idyes"
"10543","MASTL","Exc L4-5 RORB GABRG1",0.00229476828078321,3.07985008996071,0.00202043304225856,0.964171099514788,0.999997068196745,0.999983379322086,"group_idyes"
"10544","ACBD5","Exc L4-5 RORB GABRG1",0.0166125274349546,5.16517387704753,0.309360067597993,0.91121928645225,0.999997068196745,0.999983379322086,"group_idyes"
"10545","AL160291.1","Exc L4-5 RORB GABRG1",0.0502936229320683,0.870152183327875,0.122293456237048,0.726751588356201,0.999997068196745,0.999983379322086,"group_idyes"
"10546","RAB18","Exc L4-5 RORB GABRG1",-0.0248058713806568,6.28468431940127,0.776441779208626,0.378781722207161,0.999997068196745,0.999983379322086,"group_idyes"
"10547","MKX","Exc L4-5 RORB GABRG1",-0.0837786982930655,2.66897011603276,0.463732737770014,0.496294270683392,0.999997068196745,0.999983379322086,"group_idyes"
"10548","ARMC4","Exc L4-5 RORB GABRG1",-0.00899310466051402,1.03348452200491,0.00545745691720153,0.941148558219621,0.999997068196745,0.999983379322086,"group_idyes"
"10549","MPP7","Exc L4-5 RORB GABRG1",-0.0246461325058251,6.05322787461727,0.258996083418615,0.611102428318096,0.999997068196745,0.999983379322086,"group_idyes"
"10550","AL358234.1","Exc L4-5 RORB GABRG1",-0.173931419384429,2.50176881800958,1.89531859764716,0.169403862635299,0.999997068196745,0.999983379322086,"group_idyes"
"10551","WAC-AS1","Exc L4-5 RORB GABRG1",-0.0345971871618364,5.80201500323539,0.571045911879483,0.450306002053388,0.999997068196745,0.999983379322086,"group_idyes"
"10552","WAC","Exc L4-5 RORB GABRG1",0.00766722761978486,7.53592678597062,0.0867833832721252,0.76846584072964,0.999997068196745,0.999983379322086,"group_idyes"
"10553","SVIL","Exc L4-5 RORB GABRG1",-0.0448824713745584,3.94036499724893,0.490917289335924,0.483941921523562,0.999997068196745,0.999983379322086,"group_idyes"
"10554","JCAD","Exc L4-5 RORB GABRG1",-0.0899150128042532,6.01503218590818,4.30423960152568,0.03868182694463,0.999997068196745,0.999983379322086,"group_idyes"
"10555","MTPAP","Exc L4-5 RORB GABRG1",0.0273269578370326,4.7494059022097,0.586927790095585,0.503259852292718,0.999997068196745,0.999983379322086,"group_idyes"
"10556","MAP3K8","Exc L4-5 RORB GABRG1",0.0526605424282078,2.31744189558498,0.461058142896349,0.49753813007787,0.999997068196745,0.999983379322086,"group_idyes"
"10557","ZNF438","Exc L4-5 RORB GABRG1",0.0204094961374442,5.94234480349083,0.236864371199552,0.626757194934203,0.999997068196745,0.999983379322086,"group_idyes"
"10558","AL356258.1","Exc L4-5 RORB GABRG1",0.0187434336784955,2.59334202871355,0.0412237358474055,0.839214002172001,0.999997068196745,0.999983379322086,"group_idyes"
"10559","ZEB1-AS1","Exc L4-5 RORB GABRG1",0.101567694052388,4.37304830193431,1.8761425597712,0.171572111226676,0.999997068196745,0.999983379322086,"group_idyes"
"10560","ZEB1","Exc L4-5 RORB GABRG1",0.017998436911898,8.36554068576624,0.152493301122343,0.696380097356435,0.999997068196745,0.999983379322086,"group_idyes"
"10561","ARHGAP12","Exc L4-5 RORB GABRG1",-0.072087864179274,1.96010073830446,0.344751256611407,0.557443865613663,0.999997068196745,0.999983379322086,"group_idyes"
"10562","KIF5B","Exc L4-5 RORB GABRG1",0.0143310511261636,5.69013111416991,0.264585997612552,0.607282216502296,0.999997068196745,0.999983379322086,"group_idyes"
"10563","EPC1","Exc L4-5 RORB GABRG1",-0.0125350695620008,7.24539776849113,0.315102657666575,0.574892555456702,0.999997068196745,0.999983379322086,"group_idyes"
"10564","AL391839.1","Exc L4-5 RORB GABRG1",-0.093868648178616,2.24158240474662,0.628135739700213,0.428528399903122,0.999997068196745,0.999983379322086,"group_idyes"
"10565","CCDC7","Exc L4-5 RORB GABRG1",-0.00838091930436402,6.70540876705812,0.0390192614634041,0.843514829271279,0.999997068196745,0.999983379322086,"group_idyes"
"10566","AL365203.2","Exc L4-5 RORB GABRG1",-0.103526295795763,0.960186330182822,0.647037555144329,0.421670593052629,0.999997068196745,0.999983379322086,"group_idyes"
"10567","ITGB1","Exc L4-5 RORB GABRG1",-0.0247138527902325,4.55823953988389,0.363992610186534,0.546652668882382,0.999997068196745,0.999983379322086,"group_idyes"
"10568","ITGB1-DT","Exc L4-5 RORB GABRG1",0.00906682098395685,2.30954062122502,0.0121482663631524,0.912293026749077,0.999997068196745,0.999983379322086,"group_idyes"
"10569","NRP1","Exc L4-5 RORB GABRG1",-0.0856785048616194,1.46529923153891,0.319356618646864,0.572323926407342,0.999997068196745,0.999983379322086,"group_idyes"
"10570","PARD3","Exc L4-5 RORB GABRG1",-0.1666212144974,2.23965919777285,2.67446356287054,0.102787520337325,0.999997068196745,0.999983379322086,"group_idyes"
"10571","CUL2","Exc L4-5 RORB GABRG1",-0.00291781893326222,5.43363059553878,0.00764807225565429,0.930356737667031,0.999997068196745,0.999983379322086,"group_idyes"
"10572","AL392046.1","Exc L4-5 RORB GABRG1",0.0505548840696869,1.4735726652956,0.270650000254436,0.738394439748587,0.999997068196745,0.999983379322086,"group_idyes"
"10573","CREM","Exc L4-5 RORB GABRG1",-0.0441603967793084,5.0667627159728,1.34485014552579,0.246899634042408,0.999997068196745,0.999983379322086,"group_idyes"
"10574","AL117336.1","Exc L4-5 RORB GABRG1",0.0798981537373486,1.04962554143343,0.232105285000946,0.630241098256367,0.999997068196745,0.999983379322086,"group_idyes"
"10575","CCNY","Exc L4-5 RORB GABRG1",-0.0209584722884298,7.46132576520292,0.522246671334888,0.470323946912638,0.999997068196745,0.999983379322086,"group_idyes"
"10576","AL117336.3","Exc L4-5 RORB GABRG1",-0.0402040205538653,5.41669641602629,0.547889369151246,0.459632837644209,0.999997068196745,0.999983379322086,"group_idyes"
"10577","AL121749.1","Exc L4-5 RORB GABRG1",0.25076203496835,0.538154634903122,2.82267732659297,0.0937530023871192,0.999997068196745,0.999983379322086,"group_idyes"
"10578","ANKRD30A","Exc L4-5 RORB GABRG1",-0.0326261973979943,1.50065418623131,0.0779291282011853,0.780273658222786,0.999997068196745,0.999983379322086,"group_idyes"
"10579","ZNF248","Exc L4-5 RORB GABRG1",-0.0194756718546953,7.55354443072262,0.220944716599396,0.638587359736793,0.999997068196745,0.999983379322086,"group_idyes"
"10580","ZNF25","Exc L4-5 RORB GABRG1",0.00013020034287428,6.00355015156596,1.49461346423911e-05,0.996917371324734,0.999997068196745,0.999983379322086,"group_idyes"
"10581","ZNF33A","Exc L4-5 RORB GABRG1",-0.0110193576031437,6.06577566333697,0.132041771473402,0.716523961545962,0.999997068196745,0.999983379322086,"group_idyes"
"10582","AL117339.5","Exc L4-5 RORB GABRG1",-0.137195831322408,4.83180141810225,3.14209487533133,0.0770870076956423,0.999997068196745,0.999983379322086,"group_idyes"
"10583","AL133216.1","Exc L4-5 RORB GABRG1",0.0983427923388383,0.979468337446393,0.598429607565725,0.43965288814379,0.999997068196745,0.999983379322086,"group_idyes"
"10584","LINC00839","Exc L4-5 RORB GABRG1",-0.00532079995606726,2.98604430398535,0.00354605357388806,0.952545956672506,0.999997068196745,0.999983379322086,"group_idyes"
"10585","ZNF33B","Exc L4-5 RORB GABRG1",0.00340708710304859,5.27214106353183,0.00700598838603848,0.933337073941333,0.999997068196745,0.999983379322086,"group_idyes"
"10586","BMS1","Exc L4-5 RORB GABRG1",0.0260944692829525,5.39034784561914,0.618022652043489,0.432266953876496,0.999997068196745,0.999983379322086,"group_idyes"
"10587","RET","Exc L4-5 RORB GABRG1",0.0701658057084695,4.13880936200713,1.63155658846094,0.202258170737943,0.999997068196745,0.999983379322086,"group_idyes"
"10588","AC010864.1","Exc L4-5 RORB GABRG1",-0.165129652357934,0.739690645671935,1.38112529918959,0.240636358227074,0.999997068196745,0.999983379322086,"group_idyes"
"10589","CSGALNACT2","Exc L4-5 RORB GABRG1",0.0167502541766358,5.67961449216324,0.220255371798742,0.959011912787915,0.999997068196745,0.999983379322086,"group_idyes"
"10590","RASGEF1A","Exc L4-5 RORB GABRG1",-0.00908818802266608,5.45690855426237,0.0747407527296047,0.911648806839361,0.999997068196745,0.999983379322086,"group_idyes"
"10591","HNRNPF","Exc L4-5 RORB GABRG1",0.00336671071794564,4.52351195981207,0.00772371248192156,0.93001407912906,0.999997068196745,0.999983379322086,"group_idyes"
"10592","ZNF487","Exc L4-5 RORB GABRG1",-0.0261434768425823,4.96551065123618,0.440384385795667,0.507334439758304,0.999997068196745,0.999983379322086,"group_idyes"
"10593","ZNF239","Exc L4-5 RORB GABRG1",0.00174467942349105,2.66890956927775,0.00060361056429406,0.980411893031164,0.999997068196745,0.999983379322086,"group_idyes"
"10594","ZNF485","Exc L4-5 RORB GABRG1",-0.0769934237540092,1.5288938984748,0.756892387238872,0.38484526583593,0.999997068196745,0.999983379322086,"group_idyes"
"10595","ZNF32-AS3","Exc L4-5 RORB GABRG1",0.115229437586388,1.20617099877584,0.956428293828448,0.32870295240043,0.999997068196745,0.999983379322086,"group_idyes"
"10596","ZNF32","Exc L4-5 RORB GABRG1",0.00609660127216584,4.04964651831749,0.0137491388766251,0.906717807008689,0.999997068196745,0.999983379322086,"group_idyes"
"10597","AL137026.1","Exc L4-5 RORB GABRG1",-0.0113258815678436,0.720446741051324,0.00477361128055995,0.944952821045063,0.999997068196745,0.999983379322086,"group_idyes"
"10598","CXCL12","Exc L4-5 RORB GABRG1",-0.210739056008121,-0.0691669451463086,0.954277374926446,0.329246749008418,0.999997068196745,0.999983379322086,"group_idyes"
"10599","TMEM72-AS1","Exc L4-5 RORB GABRG1",-0.0670817916535498,6.702896442165,1.84138778876414,0.175583970471538,0.999997068196745,0.999983379322086,"group_idyes"
"10600","RASSF4","Exc L4-5 RORB GABRG1",-0.0104389153997008,6.07970978239737,0.0759431769331124,0.783020239889804,0.999997068196745,0.999983379322086,"group_idyes"
"10601","DEPP1","Exc L4-5 RORB GABRG1",0.142554461518201,1.66902703901372,1.23901921058047,0.266355141618567,0.999997068196745,0.999983379322086,"group_idyes"
"10602","ZNF22","Exc L4-5 RORB GABRG1",0.0651525809406534,3.81847542811298,1.36977181774212,0.409002799593122,0.999997068196745,0.999983379322086,"group_idyes"
"10603","AL358394.1","Exc L4-5 RORB GABRG1",-0.334978580521496,1.01498268787499,2.5310017729266,0.112450643260477,0.999997068196745,0.999983379322086,"group_idyes"
"10604","ALOX5","Exc L4-5 RORB GABRG1",-0.108150129253938,0.786405336368995,0.657610496449184,0.598218917633462,0.999997068196745,0.999983379322086,"group_idyes"
"10605","MARCH8","Exc L4-5 RORB GABRG1",0.00344121282016748,4.68118886373458,0.0052954408623506,0.942027135588223,0.999997068196745,0.999983379322086,"group_idyes"
"10606","ZFAND4","Exc L4-5 RORB GABRG1",0.254221720142859,1.31731654421226,3.50852589638637,0.0618117938315639,0.999997068196745,0.999983379322086,"group_idyes"
"10607","WASHC2C","Exc L4-5 RORB GABRG1",0.00526845173326887,4.74443739060663,0.0242022322909631,0.876453038568678,0.999997068196745,0.999983379322086,"group_idyes"
"10608","AGAP4","Exc L4-5 RORB GABRG1",-0.0156954369662191,5.69510275556124,0.219688504999179,0.646853746401953,0.999997068196745,0.999983379322086,"group_idyes"
"10609","TIMM23","Exc L4-5 RORB GABRG1",-0.05402235413475,4.58565297855871,2.75220955692944,0.097935073012822,0.999997068196745,0.999983379322086,"group_idyes"
"10610","NCOA4","Exc L4-5 RORB GABRG1",0.0122600054494584,5.10418176176955,0.0836781229329615,0.772529273937345,0.999997068196745,0.999983379322086,"group_idyes"
"10611","LINC00842","Exc L4-5 RORB GABRG1",0.201728503194408,0.263909733189455,0.947067695510585,0.331078273171177,0.999997068196745,0.999983379322086,"group_idyes"
"10612","AL356056.2","Exc L4-5 RORB GABRG1",-0.079133755057811,5.31848674578987,1.88162798597911,0.17094862211003,0.999997068196745,0.999983379322086,"group_idyes"
"10613","AL356056.1","Exc L4-5 RORB GABRG1",0.022952478239079,2.55595909368417,0.060740547700503,0.805460722872607,0.999997068196745,0.999983379322086,"group_idyes"
"10614","PTPN20","Exc L4-5 RORB GABRG1",-0.049170939905858,6.19682651353741,0.547725567233647,0.459699896111584,0.999997068196745,0.999983379322086,"group_idyes"
"10615","GDF10","Exc L4-5 RORB GABRG1",0.271356123116492,1.08010103685794,3.12035158986716,0.0781130269444083,0.999997068196745,0.999983379322086,"group_idyes"
"10616","ZNF488","Exc L4-5 RORB GABRG1",0.115108170445154,1.72509379826732,1.01952716846793,0.31326579652158,0.999997068196745,0.999983379322086,"group_idyes"
"10617","AGAP9","Exc L4-5 RORB GABRG1",-0.0333640871809548,5.07490655374571,0.41467251212726,0.519991095246026,0.999997068196745,0.999983379322086,"group_idyes"
"10618","BX547991.1","Exc L4-5 RORB GABRG1",-0.16316555937083,0.920309517939476,0.632935492152537,0.426771162164395,0.999997068196745,0.999983379322086,"group_idyes"
"10619","FO681492.1","Exc L4-5 RORB GABRG1",-0.225199480308414,0.318321062314603,1.57196009464387,0.210683898961515,0.999997068196745,0.999983379322086,"group_idyes"
"10620","AC245041.2","Exc L4-5 RORB GABRG1",0.129368731766025,0.4635007923263,0.52833747517584,0.467748690517189,0.999997068196745,0.999983379322086,"group_idyes"
"10621","FRMPD2","Exc L4-5 RORB GABRG1",0.039032005083987,5.21826467859249,0.194315960426593,0.65959608927768,0.999997068196745,0.999983379322086,"group_idyes"
"10622","MAPK8","Exc L4-5 RORB GABRG1",0.0161187393733848,7.88485788086119,0.24137840832265,0.623492473497899,0.999997068196745,0.999983379322086,"group_idyes"
"10623","ARHGAP22","Exc L4-5 RORB GABRG1",-0.107363344439466,4.59167968884313,3.20143837484456,0.0743600319117452,0.999997068196745,0.999983379322086,"group_idyes"
"10624","AC068898.1","Exc L4-5 RORB GABRG1",-0.187169827354785,0.378344821429515,1.38202460575883,0.240483565664233,0.999997068196745,0.999983379322086,"group_idyes"
"10625","VSTM4","Exc L4-5 RORB GABRG1",0.0331573408340267,3.61115251708606,0.329872703205978,0.566069707162201,0.999997068196745,0.999983379322086,"group_idyes"
"10626","AL138760.1","Exc L4-5 RORB GABRG1",0.054319292828929,1.45233472108429,0.152290306392712,0.696572167976814,0.999997068196745,0.999983379322086,"group_idyes"
"10627","ERCC6","Exc L4-5 RORB GABRG1",-0.0264916017074272,5.2352622149235,0.393459712789507,0.530858490113522,0.999997068196745,0.999983379322086,"group_idyes"
"10628","OGDHL","Exc L4-5 RORB GABRG1",-0.0114056804686596,5.06841755525282,0.0800777636204804,0.900199342539924,0.999997068196745,0.999983379322086,"group_idyes"
"10629","PARG","Exc L4-5 RORB GABRG1",-0.0212520283534748,6.62084908362797,0.635516244401399,0.425830815760937,0.999997068196745,0.999983379322086,"group_idyes"
"10630","TIMM23B","Exc L4-5 RORB GABRG1",-0.0337950309519148,6.3369409333397,0.282246023140118,0.595539436864367,0.999997068196745,0.999983379322086,"group_idyes"
"10631","LINC00843","Exc L4-5 RORB GABRG1",-0.0785679999881931,5.02066205972772,2.60274359633482,0.107498788586607,0.999997068196745,0.999983379322086,"group_idyes"
"10632","AGAP6","Exc L4-5 RORB GABRG1",-0.0277425893651521,5.41337158353065,0.589982188875858,0.442897194087327,0.999997068196745,0.999983379322086,"group_idyes"
"10633","WASHC2A","Exc L4-5 RORB GABRG1",-0.00290412758813906,4.66256231396511,0.0056120773662726,0.940322233455512,0.999997068196745,0.999983379322086,"group_idyes"
"10634","ASAH2","Exc L4-5 RORB GABRG1",-0.116017405009552,0.391384898143936,0.461544789651171,0.497311415864787,0.999997068196745,0.999983379322086,"group_idyes"
"10635","SGMS1","Exc L4-5 RORB GABRG1",-0.0358559154068361,7.3340029476687,1.14997408701656,0.284226768399475,0.999997068196745,0.999983379322086,"group_idyes"
"10636","SGMS1-AS1","Exc L4-5 RORB GABRG1",0.060006465482384,1.86165388752891,0.344194809936712,0.55776192747698,0.999997068196745,0.999983379322086,"group_idyes"
"10637","ASAH2B","Exc L4-5 RORB GABRG1",-0.0308532692161505,3.52909819318106,0.316238911816915,0.574204237128886,0.999997068196745,0.999983379322086,"group_idyes"
"10638","PRKG1","Exc L4-5 RORB GABRG1",-0.127546998081476,4.19758236789436,1.23603746672897,0.266930354818746,0.999997068196745,0.999983379322086,"group_idyes"
"10639","CSTF2T","Exc L4-5 RORB GABRG1",0.0551294516825783,2.99155134512796,0.562494373420897,0.453715351785305,0.999997068196745,0.999983379322086,"group_idyes"
"10640","AC074327.1","Exc L4-5 RORB GABRG1",-0.058372647974927,1.10094277965293,0.21119101309044,0.646095063311137,0.999997068196745,0.999983379322086,"group_idyes"
"10641","PCDH15","Exc L4-5 RORB GABRG1",-0.074189602035596,3.21231029624796,0.624389145599133,0.429907682600256,0.999997068196745,0.999983379322086,"group_idyes"
"10642","AL353784.1","Exc L4-5 RORB GABRG1",-0.0345302886714005,0.702628232871428,0.0893464601046625,0.765171036279755,0.999997068196745,0.999983379322086,"group_idyes"
"10643","ZWINT","Exc L4-5 RORB GABRG1",0.0969001594618093,0.796811710154644,0.525620359914957,0.468894701738055,0.999997068196745,0.999983379322086,"group_idyes"
"10644","IPMK","Exc L4-5 RORB GABRG1",-0.0189671643156495,4.97180055391413,0.313312416344788,0.640817562522662,0.999997068196745,0.999983379322086,"group_idyes"
"10645","CISD1","Exc L4-5 RORB GABRG1",0.0054220589890079,6.15627584595141,0.0102253785235282,0.919507391458434,0.999997068196745,0.999983379322086,"group_idyes"
"10646","AC016396.1","Exc L4-5 RORB GABRG1",-0.376115779944355,0.322908056619146,4.9896536936935,0.0260734278366781,0.999997068196745,0.999983379322086,"group_idyes"
"10647","UBE2D1","Exc L4-5 RORB GABRG1",-0.0265045479248746,4.50156661028605,0.426449260004471,0.514126445768285,0.999997068196745,0.999983379322086,"group_idyes"
"10648","TFAM","Exc L4-5 RORB GABRG1",0.0362573013567634,4.35336474313968,0.575538888353283,0.44853076801492,0.999997068196745,0.999983379322086,"group_idyes"
"10649","BICC1","Exc L4-5 RORB GABRG1",0.015806295030533,6.09292321544811,0.101250150456867,0.750507182718189,0.999997068196745,0.999983379322086,"group_idyes"
"10650","LINC00844","Exc L4-5 RORB GABRG1",-0.0737349515403483,1.2576373338048,0.203742776342287,0.651970921582566,0.999997068196745,0.999983379322086,"group_idyes"
"10651","PHYHIPL","Exc L4-5 RORB GABRG1",0.00176503750050434,6.79611708413652,0.0032463706155251,0.954593151158086,0.999997068196745,0.999983379322086,"group_idyes"
"10652","FAM13C","Exc L4-5 RORB GABRG1",-0.00218710859761603,6.85782688834686,0.00425934778495093,0.947997958852319,0.999997068196745,0.999983379322086,"group_idyes"
"10653","SLC16A9","Exc L4-5 RORB GABRG1",-0.146786792183849,2.17924689207725,2.28862392925253,0.131146419276847,0.999997068196745,0.999983379322086,"group_idyes"
"10654","MRLN","Exc L4-5 RORB GABRG1",0.0487179502440773,1.15633634215753,0.117902075276602,0.731508648003401,0.999997068196745,0.999983379322086,"group_idyes"
"10655","CCDC6","Exc L4-5 RORB GABRG1",0.0221061558587948,6.91917526161507,0.623563001525811,0.430212726887352,0.999997068196745,0.999983379322086,"group_idyes"
"10656","ANK3","Exc L4-5 RORB GABRG1",-0.00347346024430752,9.67393556405081,0.0129139548669312,0.909582783982143,0.999997068196745,0.999983379322086,"group_idyes"
"10657","AL592430.1","Exc L4-5 RORB GABRG1",-0.0832984201931632,0.961545478749791,0.232595176245269,0.629880448230826,0.999997068196745,0.999983379322086,"group_idyes"
"10658","RHOBTB1","Exc L4-5 RORB GABRG1",-0.062632443518371,5.94921554758307,1.88110291346581,0.171008190190136,0.999997068196745,0.999983379322086,"group_idyes"
"10659","LINC00845","Exc L4-5 RORB GABRG1",-0.152463752896122,1.44377131544428,1.82501320817748,0.1775116525464,0.999997068196745,0.999983379322086,"group_idyes"
"10660","CABCOCO1","Exc L4-5 RORB GABRG1",0.136094889565538,3.85121414186388,2.40425469981337,0.12182792686594,0.999997068196745,0.999983379322086,"group_idyes"
"10661","ARID5B","Exc L4-5 RORB GABRG1",-0.0177188271260337,7.85557862045947,0.370170151113765,0.543270560841574,0.999997068196745,0.999983379322086,"group_idyes"
"10662","RTKN2","Exc L4-5 RORB GABRG1",0.0460762628224822,5.1662717921016,0.638728692461085,0.424664654021723,0.999997068196745,0.999983379322086,"group_idyes"
"10663","ZNF365","Exc L4-5 RORB GABRG1",0.10738861979731,7.7711822390876,3.01910573318262,0.0830890509984529,0.999997068196745,0.999983379322086,"group_idyes"
"10664","AL133417.1","Exc L4-5 RORB GABRG1",-0.183460002290182,0.992656145042751,2.45886888941705,0.117684987365004,0.999997068196745,0.999983379322086,"group_idyes"
"10665","ADO","Exc L4-5 RORB GABRG1",0.0892764495406736,4.06141584663242,1.91429737434632,0.167288915711841,0.999997068196745,0.999983379322086,"group_idyes"
"10666","EGR2","Exc L4-5 RORB GABRG1",0.0064106823848454,1.11991692866443,0.00233950515988086,0.961447716685511,0.999997068196745,0.999983379322086,"group_idyes"
"10667","NRBF2","Exc L4-5 RORB GABRG1",0.0547077841331478,4.11049642716095,1.09401012868302,0.296241093323796,0.999997068196745,0.999983379322086,"group_idyes"
"10668","JMJD1C","Exc L4-5 RORB GABRG1",-0.014639489107632,9.71645691004649,0.317879669826496,0.573213168965248,0.999997068196745,0.999983379322086,"group_idyes"
"10669","REEP3","Exc L4-5 RORB GABRG1",0.0361188759993783,6.00849054360673,0.821930960665312,0.365183658629814,0.999997068196745,0.999983379322086,"group_idyes"
"10670","AC022387.1","Exc L4-5 RORB GABRG1",0.0263270244692168,3.48867811152501,0.0946458834111983,0.758518407451895,0.999997068196745,0.999983379322086,"group_idyes"
"10671","AC024600.1","Exc L4-5 RORB GABRG1",-0.145920735828012,1.65724105360571,0.818511396181589,0.366181937674372,0.999997068196745,0.999983379322086,"group_idyes"
"10672","LINC01515","Exc L4-5 RORB GABRG1",-0.857550924204872,2.52822769000272,5.90836941311579,0.0155253150103397,0.999997068196745,0.999983379322086,"group_idyes"
"10673","CTNNA3","Exc L4-5 RORB GABRG1",0.00698321440114381,7.10509650965052,0.0155924236421543,0.900691983413828,0.999997068196745,0.999983379322086,"group_idyes"
"10674","LRRTM3","Exc L4-5 RORB GABRG1",0.0111993336681017,9.35544656153974,0.0571611619589235,0.811167751947583,0.999997068196745,0.999983379322086,"group_idyes"
"10675","DNAJC12","Exc L4-5 RORB GABRG1",0.0888435974967396,4.14172814955785,2.27404966761279,0.132376447930435,0.999997068196745,0.999983379322086,"group_idyes"
"10676","SIRT1","Exc L4-5 RORB GABRG1",0.066971585812148,4.63506011917079,3.18270113546208,0.0752096361074443,0.999997068196745,0.999983379322086,"group_idyes"
"10677","HERC4","Exc L4-5 RORB GABRG1",0.011994477635065,7.75034171997367,0.0834761861975894,0.772796332026497,0.999997068196745,0.999983379322086,"group_idyes"
"10678","MYPN","Exc L4-5 RORB GABRG1",-0.0144990673078985,0.496469498867477,0.00821091204555542,0.927846398442934,0.999997068196745,0.999983379322086,"group_idyes"
"10679","ATOH7","Exc L4-5 RORB GABRG1",0.111566069822045,0.582543353365635,0.563994732283842,0.453114261903508,0.999997068196745,0.999983379322086,"group_idyes"
"10680","PBLD","Exc L4-5 RORB GABRG1",-0.0460756481686432,2.10241566758072,0.272918485356226,0.833650947001437,0.999997068196745,0.999983379322086,"group_idyes"
"10681","HNRNPH3","Exc L4-5 RORB GABRG1",0.0333124949222314,5.95272371657852,1.14579621570386,0.28510195002441,0.999997068196745,0.999983379322086,"group_idyes"
"10682","RUFY2","Exc L4-5 RORB GABRG1",0.01860962245876,7.06548808661664,0.406302683080791,0.524231249348877,0.999997068196745,0.999983379322086,"group_idyes"
"10683","DNA2","Exc L4-5 RORB GABRG1",0.00298945626253675,4.39041878677366,0.00211277833424904,0.963362020336375,0.999997068196745,0.999983379322086,"group_idyes"
"10684","SLC25A16","Exc L4-5 RORB GABRG1",-0.0387152919056188,5.81186288331093,1.11879470871427,0.29084180551804,0.999997068196745,0.999983379322086,"group_idyes"
"10685","TET1","Exc L4-5 RORB GABRG1",0.0169169025190962,4.7843726115684,0.139423702731469,0.709060260988532,0.999997068196745,0.999983379322086,"group_idyes"
"10686","CCAR1","Exc L4-5 RORB GABRG1",0.0178539982374534,6.66923218872122,0.237599963517393,0.626222573807312,0.999997068196745,0.999983379322086,"group_idyes"
"10687","STOX1","Exc L4-5 RORB GABRG1",0.0512072845677595,4.59197188661811,1.02083013741406,0.312957184369682,0.999997068196745,0.999983379322086,"group_idyes"
"10688","DDX50","Exc L4-5 RORB GABRG1",-0.014479758499523,5.63183044812058,0.253196664287657,0.615121098152382,0.999997068196745,0.999983379322086,"group_idyes"
"10689","DDX21","Exc L4-5 RORB GABRG1",0.0216522132685446,4.75612677659346,0.350650001631551,0.896032124262908,0.999997068196745,0.999983379322086,"group_idyes"
"10690","KIF1BP","Exc L4-5 RORB GABRG1",-0.0176107096511756,5.21229909193762,0.144189458659218,0.704360658868447,0.999997068196745,0.999983379322086,"group_idyes"
"10691","VPS26A","Exc L4-5 RORB GABRG1",0.0522702452880654,5.222260964741,3.06396171267139,0.080843379352767,0.999997068196745,0.999983379322086,"group_idyes"
"10692","SUPV3L1","Exc L4-5 RORB GABRG1",-0.0268574839378925,5.44654092569388,0.539790138215379,0.462967285398188,0.999997068196745,0.999983379322086,"group_idyes"
"10693","HKDC1","Exc L4-5 RORB GABRG1",-0.16261983009123,0.423806456771872,1.04824780502194,0.306554301597977,0.999997068196745,0.999983379322086,"group_idyes"
"10694","HK1","Exc L4-5 RORB GABRG1",-0.0109113271666729,6.72687042919028,0.215832222906206,0.642496868641922,0.999997068196745,0.999983379322086,"group_idyes"
"10695","TSPAN15","Exc L4-5 RORB GABRG1",0.0706288359702445,0.879836957605848,0.260217537034631,0.610263264427668,0.999997068196745,0.999983379322086,"group_idyes"
"10696","AL450311.2","Exc L4-5 RORB GABRG1",-0.236348678376987,0.743142986798404,1.79508617114014,0.181098506921538,0.999997068196745,0.999983379322086,"group_idyes"
"10697","FAM241B","Exc L4-5 RORB GABRG1",0.0285698559694359,4.33968732311873,0.159797369090891,0.689564978436262,0.999997068196745,0.999983379322086,"group_idyes"
"10698","COL13A1","Exc L4-5 RORB GABRG1",-0.496028437114484,1.73564310647676,6.72406336820155,0.00987485172596779,0.999997068196745,0.999983379322086,"group_idyes"
"10699","AC024601.1","Exc L4-5 RORB GABRG1",0.0267304710514291,2.37023301037427,0.0988574651283318,0.75337548482704,0.999997068196745,0.999983379322086,"group_idyes"
"10700","H2AFY2","Exc L4-5 RORB GABRG1",-0.0491378569855162,4.77059248999658,1.18727043072724,0.276562849729906,0.999997068196745,0.999983379322086,"group_idyes"
"10701","AIFM2","Exc L4-5 RORB GABRG1",-0.135798554020745,3.82266162635895,4.4119615202575,0.036338182437753,0.999997068196745,0.999983379322086,"group_idyes"
"10702","TYSND1","Exc L4-5 RORB GABRG1",-0.0832689070644677,4.05427532103351,1.72997793994797,0.189197055624458,0.999997068196745,0.999983379322086,"group_idyes"
"10703","SAR1A","Exc L4-5 RORB GABRG1",0.0198324092544575,5.24618741057488,0.347086747419385,0.556112667068964,0.999997068196745,0.999983379322086,"group_idyes"
"10704","PPA1","Exc L4-5 RORB GABRG1",0.00124335859580504,5.86079210514918,0.000438976240904693,0.983294999026455,0.999997068196745,0.999983379322086,"group_idyes"
"10705","LRRC20","Exc L4-5 RORB GABRG1",-0.0713174593120352,4.47532874537647,2.40741450720791,0.121583860274961,0.999997068196745,0.999983379322086,"group_idyes"
"10706","EIF4EBP2","Exc L4-5 RORB GABRG1",0.016081397725184,4.6039909825369,0.193451248619455,0.693776617133629,0.999997068196745,0.999983379322086,"group_idyes"
"10707","PALD1","Exc L4-5 RORB GABRG1",-0.0167538413910074,3.30264040304595,0.0611814657268003,0.804770181797351,0.999997068196745,0.999983379322086,"group_idyes"
"10708","SGPL1","Exc L4-5 RORB GABRG1",-0.0129557638543061,6.41165534651469,0.211105175850535,0.651795732558228,0.999997068196745,0.999983379322086,"group_idyes"
"10709","PCBD1","Exc L4-5 RORB GABRG1",0.0904929937351104,3.49057699825836,0.822693089355526,0.364961684681476,0.999997068196745,0.999983379322086,"group_idyes"
"10710","AC073176.3","Exc L4-5 RORB GABRG1",-0.126494628517075,1.71102839369832,0.412003484072712,0.521336611319208,0.999997068196745,0.999983379322086,"group_idyes"
"10711","UNC5B","Exc L4-5 RORB GABRG1",-0.0529366188805697,3.8498640362009,0.717669693318694,0.397436027220979,0.999997068196745,0.999983379322086,"group_idyes"
"10712","UNC5B-AS1","Exc L4-5 RORB GABRG1",0.0665581106882106,0.017183019300779,0.127505177507734,0.721228689193643,0.999997068196745,0.999983379322086,"group_idyes"
"10713","SLC29A3","Exc L4-5 RORB GABRG1",0.00550056423890115,2.93904893245019,0.00670290662337725,0.934791647927293,0.999997068196745,0.999983379322086,"group_idyes"
"10714","CDH23","Exc L4-5 RORB GABRG1",-0.189990600136916,1.4685927234579,3.81983761001064,0.0513731291409223,0.999997068196745,0.999983379322086,"group_idyes"
"10715","VSIR","Exc L4-5 RORB GABRG1",-0.0958575484205512,0.182369777137862,0.297776793065541,0.667749887726257,0.999997068196745,0.999983379322086,"group_idyes"
"10716","PSAP","Exc L4-5 RORB GABRG1",0.00513706427537209,7.73045382935371,0.00582246113606172,0.939216069479117,0.999997068196745,0.999983379322086,"group_idyes"
"10717","CHST3","Exc L4-5 RORB GABRG1",-0.265486649984113,0.0506483017347391,1.65090247076983,0.199609167069017,0.999997068196745,0.999983379322086,"group_idyes"
"10718","SPOCK2","Exc L4-5 RORB GABRG1",0.0191187868150972,6.76625604626653,0.21163430018889,0.645749336414121,0.999997068196745,0.999983379322086,"group_idyes"
"10719","ASCC1","Exc L4-5 RORB GABRG1",-0.0331783470965232,5.53544183881826,0.822001049347911,0.365163237106382,0.999997068196745,0.999983379322086,"group_idyes"
"10720","ANAPC16","Exc L4-5 RORB GABRG1",0.0250778826900319,6.4121211074621,0.359019177567378,0.549404125141048,0.999997068196745,0.999983379322086,"group_idyes"
"10721","DDIT4","Exc L4-5 RORB GABRG1",0.108112596505928,1.87209427974827,0.869000337938309,0.351816828254761,0.999997068196745,0.999983379322086,"group_idyes"
"10722","DNAJB12","Exc L4-5 RORB GABRG1",0.00798156460962701,4.40560316197418,0.0446913615350661,0.832684507530145,0.999997068196745,0.999983379322086,"group_idyes"
"10723","MICU1","Exc L4-5 RORB GABRG1",-0.0150862773650588,7.82249864246926,0.25624247871421,0.613003393541701,0.999997068196745,0.999983379322086,"group_idyes"
"10724","MCU","Exc L4-5 RORB GABRG1",0.0458298889793346,5.98892593867868,0.896103416870232,0.344422848504272,0.999997068196745,0.999983379322086,"group_idyes"
"10725","OIT3","Exc L4-5 RORB GABRG1",0.290288284604656,0.59916119085462,3.04595511260146,0.0817368627493597,0.999997068196745,0.999983379322086,"group_idyes"
"10726","PLA2G12B","Exc L4-5 RORB GABRG1",-0.117584457318034,0.207483187798008,0.310929224565563,0.577434824860352,0.999997068196745,0.999983379322086,"group_idyes"
"10727","P4HA1","Exc L4-5 RORB GABRG1",0.00834117750644537,5.78134564018654,0.0319954838693976,0.858131726702417,0.999997068196745,0.999983379322086,"group_idyes"
"10728","AL731563.3","Exc L4-5 RORB GABRG1",-0.00168736896189467,1.26338642681443,0.000435302363762736,0.991113061611511,0.999997068196745,0.999983379322086,"group_idyes"
"10729","NUDT13","Exc L4-5 RORB GABRG1",-0.0224463351686898,1.77254950077541,0.0501394305220174,0.822939689510025,0.999997068196745,0.999983379322086,"group_idyes"
"10730","ECD","Exc L4-5 RORB GABRG1",-0.0367656391850629,4.85048399878796,1.12174956485622,0.290206532016761,0.999997068196745,0.999983379322086,"group_idyes"
"10731","FAM149B1","Exc L4-5 RORB GABRG1",-0.0172056111837668,4.55758040571159,0.132403577073703,0.71615270953611,0.999997068196745,0.999983379322086,"group_idyes"
"10732","DNAJC9","Exc L4-5 RORB GABRG1",0.0525773199040441,5.80548505696351,1.10911797964463,0.292934730721074,0.999997068196745,0.999983379322086,"group_idyes"
"10733","DNAJC9-AS1","Exc L4-5 RORB GABRG1",0.0729475525048195,1.38156567149937,0.29081585037564,0.59001012535511,0.999997068196745,0.999983379322086,"group_idyes"
"10734","MRPS16","Exc L4-5 RORB GABRG1",-0.0123214286703309,5.15247076870825,0.063373398278998,0.801375885062187,0.999997068196745,0.999983379322086,"group_idyes"
"10735","CFAP70","Exc L4-5 RORB GABRG1",0.00833389066910786,4.88119222119551,0.0241999718147706,0.876458761803003,0.999997068196745,0.999983379322086,"group_idyes"
"10736","ANXA7","Exc L4-5 RORB GABRG1",-0.0214339017172037,5.94535773426483,0.368389053323728,0.544241697741295,0.999997068196745,0.999983379322086,"group_idyes"
"10737","MSS51","Exc L4-5 RORB GABRG1",-0.040136691692996,3.79883523709232,0.624911942760027,0.42971481507519,0.999997068196745,0.999983379322086,"group_idyes"
"10738","PPP3CB","Exc L4-5 RORB GABRG1",-0.0196897512548351,7.24795973275566,0.743589266524453,0.389050702801682,0.999997068196745,0.999983379322086,"group_idyes"
"10739","USP54","Exc L4-5 RORB GABRG1",-0.0511068441387563,5.99786915731268,1.84848155504805,0.174756388289782,0.999997068196745,0.999983379322086,"group_idyes"
"10740","AC073389.1","Exc L4-5 RORB GABRG1",-0.0749185912370011,0.786361631894491,0.329277487134904,0.569283031556462,0.999997068196745,0.999983379322086,"group_idyes"
"10741","AC073389.2","Exc L4-5 RORB GABRG1",-0.062649740296242,2.74758987054954,0.466335258639716,0.495088962430285,0.999997068196745,0.999983379322086,"group_idyes"
"10742","AGAP5","Exc L4-5 RORB GABRG1",0.114286097843937,3.66045032125339,5.7859408298662,0.0166261355474863,0.999997068196745,0.999983379322086,"group_idyes"
"10743","AC022400.6","Exc L4-5 RORB GABRG1",-0.02287273946489,2.55222314445991,0.0906779419146024,0.929285467025103,0.999997068196745,0.999983379322086,"group_idyes"
"10744","SEC24C","Exc L4-5 RORB GABRG1",0.0010123085120327,4.94030384832909,0.0010147471635605,0.974604127337539,0.999997068196745,0.999983379322086,"group_idyes"
"10745","FUT11","Exc L4-5 RORB GABRG1",-0.0114094647340794,4.04705614085148,0.0532483083268062,0.817627063659763,0.999997068196745,0.999983379322086,"group_idyes"
"10746","CHCHD1","Exc L4-5 RORB GABRG1",0.0371600976957533,3.60529659064499,0.188225089452695,0.664641162216145,0.999997068196745,0.999983379322086,"group_idyes"
"10747","ZSWIM8","Exc L4-5 RORB GABRG1",-0.0215879233747239,5.79545043629541,0.364540559216081,0.546351097011336,0.999997068196745,0.999983379322086,"group_idyes"
"10748","CAMK2G","Exc L4-5 RORB GABRG1",0.0191401967943502,7.77453682093187,0.331800224447812,0.564937763216204,0.999997068196745,0.999983379322086,"group_idyes"
"10749","AC022400.2","Exc L4-5 RORB GABRG1",-0.0560392092293537,0.46104610939618,0.106202888938801,0.744686390083428,0.999997068196745,0.999983379322086,"group_idyes"
"10750","VCL","Exc L4-5 RORB GABRG1",-0.0243225014194861,6.25911959832681,0.515794565020049,0.473077030473303,0.999997068196745,0.999983379322086,"group_idyes"
"10751","AP3M1","Exc L4-5 RORB GABRG1",-0.00039885537725183,4.1927995878249,8.79497515676834e-05,0.992522287225721,0.999997068196745,0.999983379322086,"group_idyes"
"10752","ADK","Exc L4-5 RORB GABRG1",-0.0186037549097256,8.0558573879081,0.276238127045607,0.599480335446603,0.999997068196745,0.999983379322086,"group_idyes"
"10753","KAT6B","Exc L4-5 RORB GABRG1",-0.0388908043521127,7.3786147191304,1.37766056525447,0.241226126116958,0.999997068196745,0.999983379322086,"group_idyes"
"10754","AC018511.2","Exc L4-5 RORB GABRG1",-0.0366858619893567,0.779399971359073,0.0538702226102086,0.816584066044919,0.999997068196745,0.999983379322086,"group_idyes"
"10755","SAMD8","Exc L4-5 RORB GABRG1",0.017113426199282,6.22886250892585,0.467746507654782,0.494437430575054,0.999997068196745,0.999983379322086,"group_idyes"
"10756","VDAC2","Exc L4-5 RORB GABRG1",0.0448456322410577,4.95646292488967,0.327653247728058,0.567378553472545,0.999997068196745,0.999983379322086,"group_idyes"
"10757","COMTD1","Exc L4-5 RORB GABRG1",0.103894856041092,2.62501128998958,1.78827406779334,0.181926668935686,0.999997068196745,0.999983379322086,"group_idyes"
"10758","ZNF503-AS1","Exc L4-5 RORB GABRG1",-0.00429561347727413,1.19916291349174,0.000735503197988356,0.978377955193933,0.999997068196745,0.999983379322086,"group_idyes"
"10759","AC010997.3","Exc L4-5 RORB GABRG1",0.0941874785630591,2.42807348524943,0.286489440029786,0.592788251968016,0.999997068196745,0.999983379322086,"group_idyes"
"10760","ZNF503-AS2","Exc L4-5 RORB GABRG1",0.0393445937994532,0.879583759067326,0.0984349034661492,0.920356243947995,0.999997068196745,0.999983379322086,"group_idyes"
"10761","LRMDA","Exc L4-5 RORB GABRG1",0.131111740784583,5.41464272631729,1.78922296446302,0.181811046196104,0.999997068196745,0.999983379322086,"group_idyes"
"10762","KCNMA1","Exc L4-5 RORB GABRG1",-0.0504582082155987,10.2005506006188,1.50301122895943,0.220958494867762,0.999997068196745,0.999983379322086,"group_idyes"
"10763","KCNMA1-AS1","Exc L4-5 RORB GABRG1",-0.0578033722324602,2.64710193261093,0.180784748177357,0.670937420625528,0.999997068196745,0.999983379322086,"group_idyes"
"10764","KCNMA1-AS3","Exc L4-5 RORB GABRG1",-0.00494553004797047,0.426090970882189,0.000266375534226443,0.986986752501829,0.999997068196745,0.999983379322086,"group_idyes"
"10765","AL450306.1","Exc L4-5 RORB GABRG1",0.0289887484162266,0.902945273826253,0.0515777892232642,0.820460827942928,0.999997068196745,0.999983379322086,"group_idyes"
"10766","DLG5","Exc L4-5 RORB GABRG1",-0.0906861011132244,6.31523062235625,2.78580480686897,0.0959163888346216,0.999997068196745,0.999983379322086,"group_idyes"
"10767","POLR3A","Exc L4-5 RORB GABRG1",-0.00786796310234515,5.91430732629352,0.0524209124558758,0.819024665554197,0.999997068196745,0.999983379322086,"group_idyes"
"10768","RPS24","Exc L4-5 RORB GABRG1",0.00371753278414259,5.35465974910554,0.00178946046881583,0.966279883883384,0.999997068196745,0.999983379322086,"group_idyes"
"10769","ZMIZ1-AS1","Exc L4-5 RORB GABRG1",-0.0537390306407966,4.85698671423368,0.620500515007528,0.431346384911151,0.999997068196745,0.999983379322086,"group_idyes"
"10770","ZMIZ1","Exc L4-5 RORB GABRG1",-0.0513466981265136,5.85841255032028,1.30762415999936,0.253536287424654,0.999997068196745,0.999983379322086,"group_idyes"
"10771","PPIF","Exc L4-5 RORB GABRG1",0.142408329766707,2.68872608913453,3.01355394813808,0.0833716639691976,0.999997068196745,0.999983379322086,"group_idyes"
"10772","ZCCHC24","Exc L4-5 RORB GABRG1",-0.0909758094073062,0.714224297926713,0.303458282223743,0.582042204584972,0.999997068196745,0.999983379322086,"group_idyes"
"10773","AL133481.1","Exc L4-5 RORB GABRG1",-0.330862215445605,0.114857988905555,2.07151760494337,0.150885219586624,0.999997068196745,0.999983379322086,"group_idyes"
"10774","EIF5AL1","Exc L4-5 RORB GABRG1",-0.0726777921821746,1.00955362128592,0.27682849783111,0.599090666171474,0.999997068196745,0.999983379322086,"group_idyes"
"10775","BX248123.1","Exc L4-5 RORB GABRG1",-0.299901500782258,0.905169948260195,4.73236664912866,0.0302083653458106,0.999997068196745,0.999983379322086,"group_idyes"
"10776","AL132656.2","Exc L4-5 RORB GABRG1",-0.0904902968899281,0.291738595440299,0.323914616993064,0.569596652300905,0.999997068196745,0.999983379322086,"group_idyes"
"10777","NUTM2B-AS1","Exc L4-5 RORB GABRG1",-0.0107656620233763,6.96614513406672,0.0565351546288603,0.812185113203016,0.999997068196745,0.999983379322086,"group_idyes"
"10778","AL135925.1","Exc L4-5 RORB GABRG1",-0.0487974265330963,2.82562694478042,0.287253058968402,0.592295952675842,0.999997068196745,0.999983379322086,"group_idyes"
"10779","SFTPD","Exc L4-5 RORB GABRG1",-0.0315075555307955,2.8042493409418,0.180802955004484,0.864408960172135,0.999997068196745,0.999983379322086,"group_idyes"
"10780","SFTPD-AS1","Exc L4-5 RORB GABRG1",0.0204266037391848,2.59880069894936,0.0947308182742257,0.758413464479128,0.999997068196745,0.999983379322086,"group_idyes"
"10781","TMEM254-AS1","Exc L4-5 RORB GABRG1",-0.0275238190357258,2.67882207125857,0.120576091242926,0.728600381338064,0.999997068196745,0.999983379322086,"group_idyes"
"10782","TMEM254","Exc L4-5 RORB GABRG1",-0.0134371177655911,4.57355257131551,0.108148616511667,0.742440770073469,0.999997068196745,0.999983379322086,"group_idyes"
"10783","PLAC9","Exc L4-5 RORB GABRG1",-0.123610286200528,0.700385068883481,0.363632206205484,0.546851191468963,0.999997068196745,0.999983379322086,"group_idyes"
"10784","ANXA11","Exc L4-5 RORB GABRG1",0.00869037424710734,6.1070586113559,0.040584820242209,0.840447917975291,0.999997068196745,0.999983379322086,"group_idyes"
"10785","FAM213A","Exc L4-5 RORB GABRG1",0.0511080553107347,5.20999651639069,0.963711322101115,0.326870503197175,0.999997068196745,0.999983379322086,"group_idyes"
"10786","TSPAN14","Exc L4-5 RORB GABRG1",0.0131430962974865,5.02927573546845,0.103919597918519,0.747350823106337,0.999997068196745,0.999983379322086,"group_idyes"
"10787","SH2D4B","Exc L4-5 RORB GABRG1",-0.0966997872897585,2.04235528324314,0.872707088562046,0.350792902834906,0.999997068196745,0.999983379322086,"group_idyes"
"10788","NRG3","Exc L4-5 RORB GABRG1",-0.0172535814623267,11.7666234563698,0.182822281469776,0.669198170797828,0.999997068196745,0.999983379322086,"group_idyes"
"10789","GHITM","Exc L4-5 RORB GABRG1",0.0171816326974317,5.97476975236656,0.0682739651735003,0.794006480112472,0.999997068196745,0.999983379322086,"group_idyes"
"10790","CDHR1","Exc L4-5 RORB GABRG1",-0.138655484500203,3.27251116545148,2.94159454651756,0.0871306788445816,0.999997068196745,0.999983379322086,"group_idyes"
"10791","LINC00858","Exc L4-5 RORB GABRG1",0.0664552320236601,0.673747837318323,0.205313157938177,0.650721406986922,0.999997068196745,0.999983379322086,"group_idyes"
"10792","CCSER2","Exc L4-5 RORB GABRG1",0.00148661901005973,7.16309840519619,0.00545302809326595,0.941172399061661,0.999997068196745,0.999983379322086,"group_idyes"
"10793","GRID1-AS1","Exc L4-5 RORB GABRG1",-0.00161207811381428,1.16297098781786,0.00010369971595053,0.991880316306548,0.999997068196745,0.999983379322086,"group_idyes"
"10794","GRID1","Exc L4-5 RORB GABRG1",-0.0360063805639007,8.11348530957872,0.515766656994056,0.473088995349865,0.999997068196745,0.999983379322086,"group_idyes"
"10795","WAPL","Exc L4-5 RORB GABRG1",0.0192816248259755,5.72026322136946,0.587303457765029,0.94561531933988,0.999997068196745,0.999983379322086,"group_idyes"
"10796","AL731569.1","Exc L4-5 RORB GABRG1",0.00272231324811237,2.12950656687465,0.000950032191729032,0.975427006015091,0.999997068196745,0.999983379322086,"group_idyes"
"10797","OPN4","Exc L4-5 RORB GABRG1",-0.0317948860264097,2.25975194068469,0.0435999573451747,0.834710172150105,0.999997068196745,0.999983379322086,"group_idyes"
"10798","LDB3","Exc L4-5 RORB GABRG1",-0.0572034314241436,2.70022779717867,0.327458524557541,0.567493665418988,0.999997068196745,0.999983379322086,"group_idyes"
"10799","AC067750.1","Exc L4-5 RORB GABRG1",-0.0634955447219318,1.34154153261184,0.408160477807931,0.847752085276291,0.999997068196745,0.999983379322086,"group_idyes"
"10800","BMPR1A","Exc L4-5 RORB GABRG1",-0.0592066541572689,6.30493029553626,2.88859555490865,0.0900169493927027,0.999997068196745,0.999983379322086,"group_idyes"
"10801","MMRN2","Exc L4-5 RORB GABRG1",0.0624952990342189,1.55718067836961,0.348851475415374,0.961209804000578,0.999997068196745,0.999983379322086,"group_idyes"
"10802","SNCG","Exc L4-5 RORB GABRG1",-0.0225722750802598,2.58079396486491,0.0250784446553527,0.874254839430681,0.999997068196745,0.999983379322086,"group_idyes"
"10803","ADIRF","Exc L4-5 RORB GABRG1",-0.101514084831315,0.865408610586164,0.558784907484342,0.455206872485819,0.999997068196745,0.999983379322086,"group_idyes"
"10804","GLUD1","Exc L4-5 RORB GABRG1",-0.00109370217296844,5.6210960135816,0.00149565842760023,0.96917056717953,0.999997068196745,0.999983379322086,"group_idyes"
"10805","SHLD2","Exc L4-5 RORB GABRG1",-0.0351057261731786,5.89664863814183,0.831133805676588,0.362515753965832,0.999997068196745,0.999983379322086,"group_idyes"
"10806","NUTM2A-AS1","Exc L4-5 RORB GABRG1",-0.0294180479038545,6.96681359516173,0.232883736340467,0.629668234063177,0.999997068196745,0.999983379322086,"group_idyes"
"10807","MINPP1","Exc L4-5 RORB GABRG1",0.0128015881081914,4.33471189734592,0.0972042554228236,0.755379674315071,0.999997068196745,0.999983379322086,"group_idyes"
"10808","AL138767.3","Exc L4-5 RORB GABRG1",0.199938676371492,0.313871403272344,1.64405871165856,0.20054156900206,0.999997068196745,0.999983379322086,"group_idyes"
"10809","AL138767.1","Exc L4-5 RORB GABRG1",-0.0718158898500834,0.320688981053771,0.192698324113071,0.66092667592012,0.999997068196745,0.999983379322086,"group_idyes"
"10810","PAPSS2","Exc L4-5 RORB GABRG1",0.0415403923953321,6.69252692531177,0.810922260249973,0.368411055970262,0.999997068196745,0.999983379322086,"group_idyes"
"10811","ATAD1","Exc L4-5 RORB GABRG1",-0.0229160160587405,5.9873086607059,0.802454316702648,0.394907296702778,0.999997068196745,0.999983379322086,"group_idyes"
"10812","PTEN","Exc L4-5 RORB GABRG1",0.0499730583337921,7.54417316445846,3.84015010801644,0.0507606601118004,0.999997068196745,0.999983379322086,"group_idyes"
"10813","RNLS","Exc L4-5 RORB GABRG1",0.0247980591987487,7.11356980703442,0.234465942216597,0.628507514478595,0.999997068196745,0.999983379322086,"group_idyes"
"10814","STAMBPL1","Exc L4-5 RORB GABRG1",0.0271817032967041,7.34960491084705,0.380425777853504,0.537740267111604,0.999997068196745,0.999983379322086,"group_idyes"
"10815","ACTA2","Exc L4-5 RORB GABRG1",-0.0784247900481364,2.93339950051428,0.609439847399486,0.435478854188003,0.999997068196745,0.999983379322086,"group_idyes"
"10816","FAS","Exc L4-5 RORB GABRG1",-0.0689256782519148,3.22201860307912,0.835567378114203,0.361240095096528,0.999997068196745,0.999983379322086,"group_idyes"
"10817","CH25H","Exc L4-5 RORB GABRG1",0.0914426908239965,0.844234006303172,0.416610110841517,0.519018142781622,0.999997068196745,0.999983379322086,"group_idyes"
"10818","LIPA","Exc L4-5 RORB GABRG1",-0.00252948843243902,6.2502594902325,0.00338526893375339,0.953633018220245,0.999997068196745,0.999983379322086,"group_idyes"
"10819","IFIT2","Exc L4-5 RORB GABRG1",-0.0749772616553259,1.52556762211823,0.35953421031039,0.549117993434177,0.999997068196745,0.999983379322086,"group_idyes"
"10820","IFIT3","Exc L4-5 RORB GABRG1",-0.139656008940483,3.18033793090287,1.16546146310353,0.281012074994238,0.999997068196745,0.999983379322086,"group_idyes"
"10821","IFIT1","Exc L4-5 RORB GABRG1",0.0452524352150041,4.77512678284339,0.369121683707355,0.543841845270075,0.999997068196745,0.999983379322086,"group_idyes"
"10822","IFIT5","Exc L4-5 RORB GABRG1",0.0619652600259562,2.96976469707561,0.776057347645769,0.378899650469299,0.999997068196745,0.999983379322086,"group_idyes"
"10823","PANK1","Exc L4-5 RORB GABRG1",-0.00206830837717184,4.91207640618382,0.00208841313752059,0.963573744802266,0.999997068196745,0.999983379322086,"group_idyes"
"10824","AL157400.3","Exc L4-5 RORB GABRG1",-0.0243816615900468,3.09872489004998,0.107805146360151,0.742835542753133,0.999997068196745,0.999983379322086,"group_idyes"
"10825","KIF20B","Exc L4-5 RORB GABRG1",0.0443807471265685,3.53219468107909,0.657368764716164,0.417991667990652,0.999997068196745,0.999983379322086,"group_idyes"
"10826","LINC00865","Exc L4-5 RORB GABRG1",0.0332213070397849,1.50272032961464,0.0852800245806228,0.77042305146968,0.999997068196745,0.999983379322086,"group_idyes"
"10827","HTR7","Exc L4-5 RORB GABRG1",0.107527064221613,0.0180046294144263,0.303431756548831,0.582058694439148,0.999997068196745,0.999983379322086,"group_idyes"
"10828","RPP30","Exc L4-5 RORB GABRG1",0.00590216520215115,4.42477497298953,0.0267540864934077,0.870158098390971,0.999997068196745,0.999983379322086,"group_idyes"
"10829","PCGF5","Exc L4-5 RORB GABRG1",0.0315304549012683,7.09128182340366,0.738895852598179,0.390550096114036,0.999997068196745,0.999983379322086,"group_idyes"
"10830","HECTD2","Exc L4-5 RORB GABRG1",-0.00221363131271231,5.8610818758639,0.00319589991580084,0.954947119780603,0.999997068196745,0.999983379322086,"group_idyes"
"10831","PPP1R3C","Exc L4-5 RORB GABRG1",0.140831539777275,1.07978488070779,1.38646192367766,0.239731393059244,0.999997068196745,0.999983379322086,"group_idyes"
"10832","TNKS2","Exc L4-5 RORB GABRG1",0.00530146240380277,6.36211267900392,0.0415689779256659,0.905299446966197,0.999997068196745,0.999983379322086,"group_idyes"
"10833","FGFBP3","Exc L4-5 RORB GABRG1",0.0130643930139977,1.03344724111212,0.0107998824587268,0.9172850166548,0.999997068196745,0.999983379322086,"group_idyes"
"10834","BTAF1","Exc L4-5 RORB GABRG1",-0.0575090505909933,6.17674087637673,3.6521147463677,0.0567409426945568,0.999997068196745,0.999983379322086,"group_idyes"
"10835","CPEB3","Exc L4-5 RORB GABRG1",-0.0168799943082938,8.22680448214764,0.438591340438626,0.508199644666834,0.999997068196745,0.999983379322086,"group_idyes"
"10836","MARCH5","Exc L4-5 RORB GABRG1",-0.00621222211167733,4.76204961526964,0.0425748323898842,0.836637064050446,0.999997068196745,0.999983379322086,"group_idyes"
"10837","IDE","Exc L4-5 RORB GABRG1",-0.0293348259102465,5.89857919680087,0.93507551230387,0.334154985770663,0.999997068196745,0.999983379322086,"group_idyes"
"10838","KIF11","Exc L4-5 RORB GABRG1",0.0206734224254221,1.84600256725054,0.0568162102639648,0.902325626302089,0.999997068196745,0.999983379322086,"group_idyes"
"10839","EXOC6","Exc L4-5 RORB GABRG1",-0.00951716289155599,7.7295036674719,0.141609778810301,0.706893324594285,0.999997068196745,0.999983379322086,"group_idyes"
"10840","CYP26A1","Exc L4-5 RORB GABRG1",0.0985629606558027,0.640932075050302,0.350188977630649,0.554353740059994,0.999997068196745,0.999983379322086,"group_idyes"
"10841","MYOF","Exc L4-5 RORB GABRG1",-0.0011676259416354,1.20827894106966,1.78619476445559e-05,0.996630069352415,0.999997068196745,0.999983379322086,"group_idyes"
"10842","CEP55","Exc L4-5 RORB GABRG1",0.0393897304003251,0.0913079138170951,0.0401516420586061,0.968297076765279,0.999997068196745,0.999983379322086,"group_idyes"
"10843","FFAR4","Exc L4-5 RORB GABRG1",-0.123812084157889,2.94103403621903,2.1053408005507,0.147600483199456,0.999997068196745,0.999983379322086,"group_idyes"
"10844","RBP4","Exc L4-5 RORB GABRG1",0.0807507741587116,3.3684652390882,0.594761478213736,0.44105714991897,0.999997068196745,0.999983379322086,"group_idyes"
"10845","PDE6C","Exc L4-5 RORB GABRG1",0.0400773752026577,1.7178023964592,0.0728164257961772,0.787424035018778,0.999997068196745,0.999983379322086,"group_idyes"
"10846","FRA10AC1","Exc L4-5 RORB GABRG1",-0.0105703696119452,5.84757024123931,0.0953241466614102,0.757681798433345,0.999997068196745,0.999983379322086,"group_idyes"
"10847","LGI1","Exc L4-5 RORB GABRG1",0.00500196708158095,7.02698009125916,0.015659217905691,0.900480613095933,0.999997068196745,0.999983379322086,"group_idyes"
"10848","AL358154.1","Exc L4-5 RORB GABRG1",0.0651383132067613,0.75524666453052,0.178119944420058,0.673229671485806,0.999997068196745,0.999983379322086,"group_idyes"
"10849","SLC35G1","Exc L4-5 RORB GABRG1",-0.0815036847505112,1.3199556453349,0.484142776013219,0.486971869539897,0.999997068196745,0.999983379322086,"group_idyes"
"10850","PLCE1","Exc L4-5 RORB GABRG1",-0.0414772142643263,1.75039111516677,0.171021205921214,0.947257488979122,0.999997068196745,0.999983379322086,"group_idyes"
"10851","NOC3L","Exc L4-5 RORB GABRG1",-0.00555240941501722,3.19457009523578,0.0114806701514728,0.914727506773058,0.999997068196745,0.999983379322086,"group_idyes"
"10852","TBC1D12","Exc L4-5 RORB GABRG1",-0.0450215484368903,5.34617927869065,1.5682873316121,0.211216639135211,0.999997068196745,0.999983379322086,"group_idyes"
"10853","HELLS","Exc L4-5 RORB GABRG1",-0.0245528804746068,4.84047766003788,0.288266024588544,0.591644200165226,0.999997068196745,0.999983379322086,"group_idyes"
"10854","AL583836.1","Exc L4-5 RORB GABRG1",0.241638922678866,0.407765269988055,1.60424844196349,0.206068457308855,0.999997068196745,0.999983379322086,"group_idyes"
"10855","CYP2C8","Exc L4-5 RORB GABRG1",-0.0788317940918341,2.55556020735622,0.77865974786746,0.378102349581503,0.999997068196745,0.999983379322086,"group_idyes"
"10856","AL157834.1","Exc L4-5 RORB GABRG1",-0.039778852638009,2.81537633852093,0.240426621002036,0.624177672124512,0.999997068196745,0.999983379322086,"group_idyes"
"10857","ACSM6","Exc L4-5 RORB GABRG1",-0.0365813682528992,1.78910506826584,0.0665740991190142,0.796529766332063,0.999997068196745,0.999983379322086,"group_idyes"
"10858","AL157834.2","Exc L4-5 RORB GABRG1",-0.0437358033663806,1.0349512673548,0.117100141264128,0.732388012119097,0.999997068196745,0.999983379322086,"group_idyes"
"10859","SORBS1","Exc L4-5 RORB GABRG1",-0.044870132400345,8.78893843320231,1.27642549738619,0.259268601153093,0.999997068196745,0.999983379322086,"group_idyes"
"10860","ALDH18A1","Exc L4-5 RORB GABRG1",0.0050876446239009,4.75463777035736,0.0259680741083056,0.872062896756177,0.999997068196745,0.999983379322086,"group_idyes"
"10861","TCTN3","Exc L4-5 RORB GABRG1",-0.0291624666299814,4.73171481176436,0.488170675645702,0.485166589889376,0.999997068196745,0.999983379322086,"group_idyes"
"10862","ENTPD1","Exc L4-5 RORB GABRG1",0.0338846946642814,1.66696975744817,0.120831090151531,0.728324938367781,0.999997068196745,0.999983379322086,"group_idyes"
"10863","ENTPD1-AS1","Exc L4-5 RORB GABRG1",-0.0101985860132655,6.57084231967583,0.0739340714703229,0.785838457821239,0.999997068196745,0.999983379322086,"group_idyes"
"10864","AL365273.2","Exc L4-5 RORB GABRG1",0.0387854249088318,2.11856082914816,0.0720794594982587,0.788476706009822,0.999997068196745,0.999983379322086,"group_idyes"
"10865","CC2D2B","Exc L4-5 RORB GABRG1",-0.0868780181584113,2.61744448005422,1.21436874655604,0.271157525163786,0.999997068196745,0.999983379322086,"group_idyes"
"10866","CCNJ","Exc L4-5 RORB GABRG1",0.00615337460470061,2.27471644085303,0.00724497195373756,0.932212332011698,0.999997068196745,0.999983379322086,"group_idyes"
"10867","ZNF518A","Exc L4-5 RORB GABRG1",0.0225770029084638,6.7571445469826,0.411620258495812,0.521530309094977,0.999997068196745,0.999983379322086,"group_idyes"
"10868","BLNK","Exc L4-5 RORB GABRG1",-0.188611443223298,0.651744675256824,1.35896737970834,0.244438716186606,0.999997068196745,0.999983379322086,"group_idyes"
"10869","OPALIN","Exc L4-5 RORB GABRG1",-0.171192706529389,1.04301308517527,1.30414215602333,0.254168234384691,0.999997068196745,0.999983379322086,"group_idyes"
"10870","TLL2","Exc L4-5 RORB GABRG1",0.0512495873059502,2.26949080852422,0.395331057773438,0.73448773053636,0.999997068196745,0.999983379322086,"group_idyes"
"10871","TM9SF3","Exc L4-5 RORB GABRG1",0.0187755997258292,6.15223983875042,0.444547592646521,0.50533530125854,0.999997068196745,0.999983379322086,"group_idyes"
"10872","PIK3AP1","Exc L4-5 RORB GABRG1",-0.055553681549826,0.977406380130935,0.187144941054637,0.703967320658847,0.999997068196745,0.999983379322086,"group_idyes"
"10873","LCOR","Exc L4-5 RORB GABRG1",-0.0156518103169848,7.26542508800055,0.236842825370413,0.626772869703334,0.999997068196745,0.999983379322086,"group_idyes"
"10874","SLIT1","Exc L4-5 RORB GABRG1",-0.0109051756033903,7.92511067224993,0.0791223338080935,0.778641560227648,0.999997068196745,0.999983379322086,"group_idyes"
"10875","ARHGAP19-SLIT1","Exc L4-5 RORB GABRG1",-0.0187191583787249,0.827049191802998,0.0190673598619451,0.890245789725435,0.999997068196745,0.999983379322086,"group_idyes"
"10876","FRAT1","Exc L4-5 RORB GABRG1",0.0397007750193735,1.96755927304233,0.214328525713149,0.64365745163749,0.999997068196745,0.999983379322086,"group_idyes"
"10877","FRAT2","Exc L4-5 RORB GABRG1",0.150367009354658,2.6200916732074,2.34280233522464,0.126684750813096,0.999997068196745,0.999983379322086,"group_idyes"
"10878","RRP12","Exc L4-5 RORB GABRG1",0.000738648346971032,5.23257434844941,0.000364239134993198,0.984783151244081,0.999997068196745,0.999983379322086,"group_idyes"
"10879","AL355490.2","Exc L4-5 RORB GABRG1",-0.00441159697095608,1.61636104744352,0.0022145511677696,0.962490607882402,0.999997068196745,0.999983379322086,"group_idyes"
"10880","PGAM1","Exc L4-5 RORB GABRG1",0.00495276729290733,6.47731827863247,0.00373685533121349,0.951287560569268,0.999997068196745,0.999983379322086,"group_idyes"
"10881","EXOSC1","Exc L4-5 RORB GABRG1",-0.0461745481693139,4.95897523170256,1.75426848648249,0.18612725838723,0.999997068196745,0.999983379322086,"group_idyes"
"10882","ZDHHC16","Exc L4-5 RORB GABRG1",-0.0188051800859908,3.75819456520204,0.153871946194235,0.891642180682691,0.999997068196745,0.999983379322086,"group_idyes"
"10883","MMS19","Exc L4-5 RORB GABRG1",-0.0123461407195311,5.93548528973033,0.208297312700307,0.786170586436709,0.999997068196745,0.999983379322086,"group_idyes"
"10884","UBTD1","Exc L4-5 RORB GABRG1",0.0369440168771034,3.9239769394066,0.479779323628781,0.488940167375776,0.999997068196745,0.999983379322086,"group_idyes"
"10885","ANKRD2","Exc L4-5 RORB GABRG1",-0.0232697856297072,2.05341272304204,0.0343748607704836,0.853009415605777,0.999997068196745,0.999983379322086,"group_idyes"
"10886","AL355315.1","Exc L4-5 RORB GABRG1",-0.127319665186084,2.36434312461688,1.84073525692935,0.17566032430495,0.999997068196745,0.999983379322086,"group_idyes"
"10887","MORN4","Exc L4-5 RORB GABRG1",-0.0140032920592911,5.34860059116441,0.176993807317994,0.674204444975869,0.999997068196745,0.999983379322086,"group_idyes"
"10888","PI4K2A","Exc L4-5 RORB GABRG1",0.0378768397033537,3.60415238014804,0.422610066350498,0.705137883911075,0.999997068196745,0.999983379322086,"group_idyes"
"10889","AVPI1","Exc L4-5 RORB GABRG1",0.0146868814250085,4.01740335973522,0.0380618950448058,0.845421893044047,0.999997068196745,0.999983379322086,"group_idyes"
"10890","MARVELD1","Exc L4-5 RORB GABRG1",-0.0996678382004887,2.28046071302779,1.51683934880475,0.218850684848362,0.999997068196745,0.999983379322086,"group_idyes"
"10891","ZFYVE27","Exc L4-5 RORB GABRG1",-0.0132141199988791,5.53654768869033,0.178051209936364,0.6732890631952,0.999997068196745,0.999983379322086,"group_idyes"
"10892","LINC00866","Exc L4-5 RORB GABRG1",-0.0796633357570223,1.12449922777397,0.420216443370117,0.517215754736303,0.999997068196745,0.999983379322086,"group_idyes"
"10893","GOLGA7B","Exc L4-5 RORB GABRG1",0.0171362434860366,5.23970923157187,0.144747604613588,0.703816102735474,0.999997068196745,0.999983379322086,"group_idyes"
"10894","CRTAC1","Exc L4-5 RORB GABRG1",0.0495307684290117,4.02920409694086,0.401873599857733,0.526499950414699,0.999997068196745,0.999983379322086,"group_idyes"
"10895","R3HCC1L","Exc L4-5 RORB GABRG1",-0.0180262298067437,5.33835853408816,0.278164375022371,0.598210887079891,0.999997068196745,0.999983379322086,"group_idyes"
"10896","PYROXD2","Exc L4-5 RORB GABRG1",0.171030896539277,2.78729589983236,4.46182958342996,0.0353042497417134,0.999997068196745,0.999983379322086,"group_idyes"
"10897","HPS1","Exc L4-5 RORB GABRG1",-0.0347959121209546,4.30440550845042,0.716412475739464,0.720724262285765,0.999997068196745,0.999983379322086,"group_idyes"
"10898","HPSE2","Exc L4-5 RORB GABRG1",-0.047591829736816,2.41683808854234,0.27213837631655,0.602201105492585,0.999997068196745,0.999983379322086,"group_idyes"
"10899","CNNM1","Exc L4-5 RORB GABRG1",0.00936859033393051,6.82775907342745,0.0832166844051863,0.773140033440306,0.999997068196745,0.999983379322086,"group_idyes"
"10900","GOT1","Exc L4-5 RORB GABRG1",-0.00110923190878333,5.96413780654805,0.000325861941553854,0.985607009907659,0.999997068196745,0.999983379322086,"group_idyes"
"10901","AL391684.1","Exc L4-5 RORB GABRG1",0.0435441444476017,4.2253757983106,0.702712075716018,0.402394390317743,0.999997068196745,0.999983379322086,"group_idyes"
"10902","SLC25A28","Exc L4-5 RORB GABRG1",0.0632984062847334,5.21536330645117,2.37227053796404,0.12432935072518,0.999997068196745,0.999983379322086,"group_idyes"
"10903","AL133353.1","Exc L4-5 RORB GABRG1",-0.0234951765453783,0.8997115176094,0.0373879873303598,0.846779286295008,0.999997068196745,0.999983379322086,"group_idyes"
"10904","ENTPD7","Exc L4-5 RORB GABRG1",-0.0271764293049391,2.56175199935191,0.158873813396461,0.690416612500184,0.999997068196745,0.999983379322086,"group_idyes"
"10905","CUTC","Exc L4-5 RORB GABRG1",-0.0286012373404939,3.98636315999205,0.442497269685073,0.719088221198437,0.999997068196745,0.999983379322086,"group_idyes"
"10906","COX15","Exc L4-5 RORB GABRG1",0.0290731344112418,4.13755312064392,0.350543216320862,0.554153560947498,0.999997068196745,0.999983379322086,"group_idyes"
"10907","ABCC2","Exc L4-5 RORB GABRG1",-0.0646214092075158,1.22702508584675,0.308401441830787,0.793796934475255,0.999997068196745,0.999983379322086,"group_idyes"
"10908","DNMBP","Exc L4-5 RORB GABRG1",4.15009321009324e-05,4.44433040464367,8.03519794438903e-07,0.999285246838265,0.999997068196745,0.999983379322086,"group_idyes"
"10909","DNMBP-AS1","Exc L4-5 RORB GABRG1",0.0744398194477617,0.900138163881908,0.38793590286436,0.533755389084794,0.999997068196745,0.999983379322086,"group_idyes"
"10910","CPN1","Exc L4-5 RORB GABRG1",-0.165327186749028,0.49772464152557,1.07531691548042,0.300398870351763,0.999997068196745,0.999983379322086,"group_idyes"
"10911","ERLIN1","Exc L4-5 RORB GABRG1",-0.0267770986870273,4.18161861174407,0.426960193341032,0.513874630950142,0.999997068196745,0.999983379322086,"group_idyes"
"10912","CHUK","Exc L4-5 RORB GABRG1",-0.0343503343343453,4.2842754270199,0.59215402203633,0.577954252139309,0.999997068196745,0.999983379322086,"group_idyes"
"10913","CWF19L1","Exc L4-5 RORB GABRG1",-0.0640095984091551,5.26828640162573,2.57123310224824,0.10964347305968,0.999997068196745,0.999983379322086,"group_idyes"
"10914","BLOC1S2","Exc L4-5 RORB GABRG1",0.0215866521539003,4.68006221636025,0.146802400859416,0.701821634314308,0.999997068196745,0.999983379322086,"group_idyes"
"10915","PKD2L1","Exc L4-5 RORB GABRG1",0.0352228485613993,4.37998743912879,0.129209613248495,0.719450162395742,0.999997068196745,0.999983379322086,"group_idyes"
"10916","SCD","Exc L4-5 RORB GABRG1",-0.0478619360082949,2.6571811139923,0.213062147526457,0.644638709746234,0.999997068196745,0.999983379322086,"group_idyes"
"10917","OLMALINC","Exc L4-5 RORB GABRG1",-0.0302899424329268,3.21483987247358,0.115413911096658,0.734248091640041,0.999997068196745,0.999983379322086,"group_idyes"
"10918","SEC31B","Exc L4-5 RORB GABRG1",-0.0236965403074039,5.1922856669734,0.389389079984869,0.532990520718512,0.999997068196745,0.999983379322086,"group_idyes"
"10919","AL133352.1","Exc L4-5 RORB GABRG1",-0.0537989515735547,2.9296545193686,0.562915803791307,0.453546387341621,0.999997068196745,0.999983379322086,"group_idyes"
"10920","HIF1AN","Exc L4-5 RORB GABRG1",0.0181258164824627,4.46052907234743,0.213745290970457,0.644108934898987,0.999997068196745,0.999983379322086,"group_idyes"
"10921","PAX2","Exc L4-5 RORB GABRG1",-0.428387115055467,0.0382063156173788,4.1107556312906,0.0433001925051615,0.999997068196745,0.999983379322086,"group_idyes"
"10922","AL138762.1","Exc L4-5 RORB GABRG1",0.0810554457194812,0.777776034206305,0.360087084087532,0.548811148808572,0.999997068196745,0.999983379322086,"group_idyes"
"10923","SLF2","Exc L4-5 RORB GABRG1",-0.00846071596389673,6.19091987880171,0.0780144573902666,0.782628812895843,0.999997068196745,0.999983379322086,"group_idyes"
"10924","MRPL43","Exc L4-5 RORB GABRG1",0.0265392740968166,3.63428142190065,0.129140182885028,0.719522351237889,0.999997068196745,0.999983379322086,"group_idyes"
"10925","SEMA4G","Exc L4-5 RORB GABRG1",-0.0305843371174224,2.34032556873293,0.128350604938248,0.720344845525563,0.999997068196745,0.999983379322086,"group_idyes"
"10926","TWNK","Exc L4-5 RORB GABRG1",-0.0819709231728163,1.35600048144183,0.596962616540423,0.440213665909609,0.999997068196745,0.999983379322086,"group_idyes"
"10927","LZTS2","Exc L4-5 RORB GABRG1",0.0579034293042193,4.14908109716783,1.60744006611895,0.957027988083424,0.999997068196745,0.999983379322086,"group_idyes"
"10928","PDZD7","Exc L4-5 RORB GABRG1",-0.0516739290217295,5.05073050089751,1.33069261798916,0.249398165793206,0.999997068196745,0.999983379322086,"group_idyes"
"10929","SFXN3","Exc L4-5 RORB GABRG1",0.0176222096890486,4.78891614214581,0.232435259184385,0.629998125068969,0.999997068196745,0.999983379322086,"group_idyes"
"10930","AL133387.2","Exc L4-5 RORB GABRG1",-0.299229596090251,0.46891162140811,3.69491246012715,0.0553168131823351,0.999997068196745,0.999983379322086,"group_idyes"
"10931","BTRC","Exc L4-5 RORB GABRG1",-0.0295226411002991,7.29510002328175,1.12324166371236,0.28988641510842,0.999997068196745,0.999983379322086,"group_idyes"
"10932","DPCD","Exc L4-5 RORB GABRG1",-0.100564790935908,3.5886783625264,2.66439340242441,0.103435106139232,0.999997068196745,0.999983379322086,"group_idyes"
"10933","POLL","Exc L4-5 RORB GABRG1",-0.0516864410530405,4.19018152799523,1.09590422382871,0.29582395046609,0.999997068196745,0.999983379322086,"group_idyes"
"10934","FBXW4","Exc L4-5 RORB GABRG1",-0.061265668724036,6.38245467700271,2.03469043796634,0.154556443840689,0.999997068196745,0.999983379322086,"group_idyes"
"10935","NPM3","Exc L4-5 RORB GABRG1",0.0266536983919592,1.50113070760506,0.047974842449424,0.826741580913355,0.999997068196745,0.999983379322086,"group_idyes"
"10936","OGA","Exc L4-5 RORB GABRG1",-0.012388010423734,7.26333065769474,0.262424583069875,0.608753254247401,0.999997068196745,0.999983379322086,"group_idyes"
"10937","KCNIP2-AS1","Exc L4-5 RORB GABRG1",-0.0721917168666484,1.60966659789787,0.59410404791221,0.468065759676285,0.999997068196745,0.999983379322086,"group_idyes"
"10938","KCNIP2","Exc L4-5 RORB GABRG1",-0.0868135619322741,3.37873143635871,1.53969275034452,0.215419647265872,0.999997068196745,0.999983379322086,"group_idyes"
"10939","ARMH3","Exc L4-5 RORB GABRG1",-0.0370507333670088,6.70848824013669,0.879190304766663,0.349011783894284,0.999997068196745,0.999983379322086,"group_idyes"
"10940","HPS6","Exc L4-5 RORB GABRG1",0.0883929511433634,1.62031929800713,0.558801949276948,0.455200002593842,0.999997068196745,0.999983379322086,"group_idyes"
"10941","LDB1","Exc L4-5 RORB GABRG1",-0.0746158891329681,4.18921658210182,1.21744924193893,0.270551489817691,0.999997068196745,0.999983379322086,"group_idyes"
"10942","PPRC1","Exc L4-5 RORB GABRG1",0.0158608902696844,3.39093327020762,0.116098118493232,0.733491525833971,0.999997068196745,0.999983379322086,"group_idyes"
"10943","NOLC1","Exc L4-5 RORB GABRG1",0.0477142076370618,4.28088079825451,0.625713329374247,0.42941942626569,0.999997068196745,0.999983379322086,"group_idyes"
"10944","GBF1","Exc L4-5 RORB GABRG1",-0.0478126837539751,6.60736347142012,3.60191830192691,0.0584612314619522,0.999997068196745,0.999983379322086,"group_idyes"
"10945","PSD","Exc L4-5 RORB GABRG1",0.026393195731213,6.66901681826208,0.601526481431316,0.438472665950042,0.999997068196745,0.999983379322086,"group_idyes"
"10946","FBXL15","Exc L4-5 RORB GABRG1",0.0319268057730821,4.73744356489753,0.223457247734567,0.636686252719718,0.999997068196745,0.999983379322086,"group_idyes"
"10947","CUEDC2","Exc L4-5 RORB GABRG1",-0.0149784731919077,4.07690910797327,0.0374615399641092,0.846630521833069,0.999997068196745,0.999983379322086,"group_idyes"
"10948","C10orf95","Exc L4-5 RORB GABRG1",0.126053687376999,0.695845406096844,0.722039196104371,0.396004287443309,0.999997068196745,0.999983379322086,"group_idyes"
"10949","MFSD13A","Exc L4-5 RORB GABRG1",0.00261530915504093,4.33817736227184,0.00309857800625965,0.955637679811826,0.999997068196745,0.999983379322086,"group_idyes"
"10950","ACTR1A","Exc L4-5 RORB GABRG1",0.029855961630341,5.23923986440143,0.484815303635315,0.486669672541669,0.999997068196745,0.999983379322086,"group_idyes"
"10951","SUFU","Exc L4-5 RORB GABRG1",0.00310049189695056,5.61107514090943,0.0040239757713674,0.949453208991657,0.999997068196745,0.999983379322086,"group_idyes"
"10952","TRIM8","Exc L4-5 RORB GABRG1",0.0673505840487245,4.61732743461179,2.79091419946427,0.111385769638836,0.999997068196745,0.999983379322086,"group_idyes"
"10953","AL391121.1","Exc L4-5 RORB GABRG1",-0.0802231677337869,1.60982156449264,0.571343310120425,0.450188157177118,0.999997068196745,0.999983379322086,"group_idyes"
"10954","ARL3","Exc L4-5 RORB GABRG1",-0.0312036323375607,5.93188790037538,0.927566720065193,0.498812788477831,0.999997068196745,0.999983379322086,"group_idyes"
"10955","SFXN2","Exc L4-5 RORB GABRG1",-0.00474993396593187,3.0930467738923,0.00493481253108431,0.944032593764123,0.999997068196745,0.999983379322086,"group_idyes"
"10956","WBP1L","Exc L4-5 RORB GABRG1",-0.0618687148847324,5.17276120098591,2.61677256962008,0.106558850556353,0.999997068196745,0.999983379322086,"group_idyes"
"10957","CYP17A1-AS1","Exc L4-5 RORB GABRG1",0.0973328764952207,1.49464441058651,0.893605553079238,0.34509540158118,0.999997068196745,0.999983379322086,"group_idyes"
"10958","AL358790.1","Exc L4-5 RORB GABRG1",0.0922650607640819,1.25822575276397,0.832107649909942,0.36223501893573,0.999997068196745,0.999983379322086,"group_idyes"
"10959","BORCS7-ASMT","Exc L4-5 RORB GABRG1",0.0137647451076073,3.35227389226915,0.0422334178246004,0.837284169996953,0.999997068196745,0.999983379322086,"group_idyes"
"10960","CNNM2","Exc L4-5 RORB GABRG1",-0.0235501760272764,7.40679901594063,0.599697479792431,0.439169111037803,0.999997068196745,0.999983379322086,"group_idyes"
"10961","NT5C2","Exc L4-5 RORB GABRG1",-0.0191501255385657,6.67091191956355,0.429930125247575,0.512415137996433,0.999997068196745,0.999983379322086,"group_idyes"
"10962","INA","Exc L4-5 RORB GABRG1",0.0436371120641403,6.48441254399125,0.503181286466114,0.478535271246916,0.999997068196745,0.999983379322086,"group_idyes"
"10963","PCGF6","Exc L4-5 RORB GABRG1",-0.0425242406984357,5.02720846022181,0.774049542409943,0.3795164092462,0.999997068196745,0.999983379322086,"group_idyes"
"10964","TAF5","Exc L4-5 RORB GABRG1",-0.0340274159452817,3.38848712502191,0.499642205335771,0.480085265099244,0.999997068196745,0.999983379322086,"group_idyes"
"10965","ATP5MD","Exc L4-5 RORB GABRG1",-0.0240105915779925,4.89273327303829,0.0679426331741274,0.794495655839834,0.999997068196745,0.999983379322086,"group_idyes"
"10966","PDCD11","Exc L4-5 RORB GABRG1",0.00412007141264151,3.88805682722332,0.00924691212061702,0.923442880492472,0.999997068196745,0.999983379322086,"group_idyes"
"10967","CALHM2","Exc L4-5 RORB GABRG1",0.0742356409369122,2.1091227815307,0.754688657368056,0.385537419774114,0.999997068196745,0.999983379322086,"group_idyes"
"10968","CALHM1","Exc L4-5 RORB GABRG1",-0.0744775721376473,1.96208054170297,0.732835371716154,0.663035114399034,0.999997068196745,0.999983379322086,"group_idyes"
"10969","NEURL1-AS1","Exc L4-5 RORB GABRG1",-0.0928954342875433,0.937567696856353,0.391576685339911,0.531842824815263,0.999997068196745,0.999983379322086,"group_idyes"
"10970","NEURL1","Exc L4-5 RORB GABRG1",-0.0798520728646552,6.23500228328187,4.80444565008271,0.02898507598034,0.999997068196745,0.999983379322086,"group_idyes"
"10971","SH3PXD2A","Exc L4-5 RORB GABRG1",-0.0207206758817416,6.78053946654216,0.272158817944859,0.602187475007272,0.999997068196745,0.999983379322086,"group_idyes"
"10972","AL121929.2","Exc L4-5 RORB GABRG1",-0.0472879051067993,2.36414708376147,0.354150567306003,0.552122804075254,0.999997068196745,0.999983379322086,"group_idyes"
"10973","STN1","Exc L4-5 RORB GABRG1",-0.0399534035934664,2.92479100743851,0.362845582063386,0.547284956967269,0.999997068196745,0.999983379322086,"group_idyes"
"10974","SLK","Exc L4-5 RORB GABRG1",0.0127447842625931,5.39264832394879,0.17151155099749,0.679002711282355,0.999997068196745,0.999983379322086,"group_idyes"
"10975","SFR1","Exc L4-5 RORB GABRG1",0.0421359397824862,1.09755661398247,0.13773501601206,0.809584251558174,0.999997068196745,0.999983379322086,"group_idyes"
"10976","CFAP43","Exc L4-5 RORB GABRG1",-0.0157951369146086,4.34909997227159,0.0650179815199927,0.798869977187772,0.999997068196745,0.999983379322086,"group_idyes"
"10977","GSTO1","Exc L4-5 RORB GABRG1",0.00587255582538124,4.41591183958623,0.00890830249026576,0.924853416547069,0.999997068196745,0.999983379322086,"group_idyes"
"10978","GSTO2","Exc L4-5 RORB GABRG1",-0.037015419500663,4.90836268755939,0.592356351699303,0.441981654551012,0.999997068196745,0.999983379322086,"group_idyes"
"10979","CFAP58","Exc L4-5 RORB GABRG1",0.00172466406660574,0.881104723415597,0.000242147443701937,0.987592615948928,0.999997068196745,0.999983379322086,"group_idyes"
"10980","SORCS3","Exc L4-5 RORB GABRG1",-0.0620501899113568,4.77246835854872,0.326050791905209,0.568327211008842,0.999997068196745,0.999983379322086,"group_idyes"
"10981","SORCS1","Exc L4-5 RORB GABRG1",0.0174001878399186,9.3031140954258,0.121940759494464,0.727130082422085,0.999997068196745,0.999983379322086,"group_idyes"
"10982","LINC01435","Exc L4-5 RORB GABRG1",0.0358872519408595,4.76313685134109,0.376697331063847,0.539738805638697,0.999997068196745,0.999983379322086,"group_idyes"
"10983","XPNPEP1","Exc L4-5 RORB GABRG1",-0.0449925797158232,4.80467358846437,1.361873250202,0.50257355734986,0.999997068196745,0.999983379322086,"group_idyes"
"10984","ADD3","Exc L4-5 RORB GABRG1",0.030784081829853,5.93739579902887,0.530081582031145,0.46701544162099,0.999997068196745,0.999983379322086,"group_idyes"
"10985","MXI1","Exc L4-5 RORB GABRG1",0.00120644333151083,7.02781777621116,0.00160899086721643,0.968024459792977,0.999997068196745,0.999983379322086,"group_idyes"
"10986","SMNDC1","Exc L4-5 RORB GABRG1",0.0223318435793605,3.90526683318708,0.24786959037373,0.978688800541546,0.999997068196745,0.999983379322086,"group_idyes"
"10987","AL355512.1","Exc L4-5 RORB GABRG1",-0.116746945288062,2.06652259828291,1.29345552591755,0.256119931813381,0.999997068196745,0.999983379322086,"group_idyes"
"10988","DUSP5","Exc L4-5 RORB GABRG1",-0.107907197825016,2.20257156412038,1.09853830235129,0.295245092838454,0.999997068196745,0.999983379322086,"group_idyes"
"10989","SMC3","Exc L4-5 RORB GABRG1",0.0735183995742735,5.36614970907772,6.18725373758497,0.0132901803288679,0.999997068196745,0.999983379322086,"group_idyes"
"10990","RBM20","Exc L4-5 RORB GABRG1",-0.137715576843426,1.07720865275168,1.06306310423676,0.303165321822373,0.999997068196745,0.999983379322086,"group_idyes"
"10991","PDCD4","Exc L4-5 RORB GABRG1",-0.0164827367388281,5.04552695713,0.175542023273385,0.675466497674938,0.999997068196745,0.999983379322086,"group_idyes"
"10992","BBIP1","Exc L4-5 RORB GABRG1",-0.0427206474943794,5.89875384347377,1.7349437542683,0.1885647067705,0.999997068196745,0.999983379322086,"group_idyes"
"10993","SHOC2","Exc L4-5 RORB GABRG1",0.0234268782394709,6.48431658537051,0.345106983265928,0.557240715108425,0.999997068196745,0.999983379322086,"group_idyes"
"10994","ADRA2A","Exc L4-5 RORB GABRG1",0.00263487797380372,1.17131653260548,0.000112954259307521,0.991525756041156,0.999997068196745,0.999983379322086,"group_idyes"
"10995","GPAM","Exc L4-5 RORB GABRG1",-0.025229833412875,3.17726475499802,0.22110605486527,0.84828884195699,0.999997068196745,0.999983379322086,"group_idyes"
"10996","ACSL5","Exc L4-5 RORB GABRG1",-0.157717255837923,1.03246802815111,1.19170431824442,0.275669200108319,0.999997068196745,0.999983379322086,"group_idyes"
"10997","AL157786.1","Exc L4-5 RORB GABRG1",-0.0447236877639298,2.84933208817974,0.434654174092082,0.510108425076105,0.999997068196745,0.999983379322086,"group_idyes"
"10998","ZDHHC6","Exc L4-5 RORB GABRG1",-0.02640672457852,4.07030249644641,0.434037138238398,0.510408694962368,0.999997068196745,0.999983379322086,"group_idyes"
"10999","VTI1A","Exc L4-5 RORB GABRG1",-0.0301092397661368,8.08248870333782,0.560687924079978,0.454440735722664,0.999997068196745,0.999983379322086,"group_idyes"
"11000","TCF7L2","Exc L4-5 RORB GABRG1",0.0217505020413532,6.40231861104151,0.268364351228003,0.604728864496415,0.999997068196745,0.999983379322086,"group_idyes"
"11001","HABP2","Exc L4-5 RORB GABRG1",0.230703849694153,2.31910168440799,5.37900775457138,0.0209034727674571,0.999997068196745,0.999983379322086,"group_idyes"
"11002","CASP7","Exc L4-5 RORB GABRG1",0.191523196887618,2.42372943811818,3.52155669849479,0.0613322321760963,0.999997068196745,0.999983379322086,"group_idyes"
"11003","DCLRE1A","Exc L4-5 RORB GABRG1",0.0303984913403017,3.17180082540383,0.325518059297405,0.568643274963697,0.999997068196745,0.999983379322086,"group_idyes"
"11004","NHLRC2","Exc L4-5 RORB GABRG1",-0.00687210532037895,6.24529385505291,0.0467708883371145,0.828895200664916,0.999997068196745,0.999983379322086,"group_idyes"
"11005","ADRB1","Exc L4-5 RORB GABRG1",-0.0190121982529171,4.61788219014057,0.181106524782146,0.670661982787634,0.999997068196745,0.999983379322086,"group_idyes"
"11006","CCDC186","Exc L4-5 RORB GABRG1",0.0262015004954886,6.38231935148105,1.01819427423753,0.508698415942433,0.999997068196745,0.999983379322086,"group_idyes"
"11007","TDRD1","Exc L4-5 RORB GABRG1",0.0415477214598777,4.23018495374886,0.502625232978017,0.478778259802942,0.999997068196745,0.999983379322086,"group_idyes"
"11008","VWA2","Exc L4-5 RORB GABRG1",0.0263126696319108,2.30393819108172,0.0573919819934983,0.810794119804738,0.999997068196745,0.999983379322086,"group_idyes"
"11009","AFAP1L2","Exc L4-5 RORB GABRG1",-0.00672284626545435,4.13968613058047,0.0137168541735943,0.906826888808315,0.999997068196745,0.999983379322086,"group_idyes"
"11010","ABLIM1","Exc L4-5 RORB GABRG1",-0.0787342744812384,6.5839049294197,3.60180230787422,0.0584652705296911,0.999997068196745,0.999983379322086,"group_idyes"
"11011","FAM160B1","Exc L4-5 RORB GABRG1",0.0498492296976846,4.90915927046211,2.35339218578928,0.125832619717938,0.999997068196745,0.999983379322086,"group_idyes"
"11012","TRUB1","Exc L4-5 RORB GABRG1",-0.0195674332364778,4.73826571810085,0.230055613435086,0.631755140453481,0.999997068196745,0.999983379322086,"group_idyes"
"11013","ATRNL1","Exc L4-5 RORB GABRG1",-0.00887267501163538,10.9530350031373,0.0466078146595888,0.829189127185521,0.999997068196745,0.999983379322086,"group_idyes"
"11014","GFRA1","Exc L4-5 RORB GABRG1",0.0165021795417075,1.72111881225683,0.016141277466425,0.89896852315139,0.999997068196745,0.999983379322086,"group_idyes"
"11015","HSPA12A","Exc L4-5 RORB GABRG1",0.0309834716879212,8.17076620395952,0.612617478055276,0.434285474864407,0.999997068196745,0.999983379322086,"group_idyes"
"11016","ENO4","Exc L4-5 RORB GABRG1",-0.0372078392076141,3.67713775585872,0.248713799740586,0.618267197463364,0.999997068196745,0.999983379322086,"group_idyes"
"11017","SHTN1","Exc L4-5 RORB GABRG1",-0.0422705509697602,5.9644612451317,1.05346211923753,0.305355953843496,0.999997068196745,0.999983379322086,"group_idyes"
"11018","SLC18A2","Exc L4-5 RORB GABRG1",0.0691604990916907,0.664248632375871,0.156023406375151,0.693063276982547,0.999997068196745,0.999983379322086,"group_idyes"
"11019","PDZD8","Exc L4-5 RORB GABRG1",-0.0204187094641536,5.64660006104699,0.35441655034917,0.698105419468168,0.999997068196745,0.999983379322086,"group_idyes"
"11020","EMX2OS","Exc L4-5 RORB GABRG1",0.0708641112492569,1.88651280023365,0.242611563855108,0.622607206286791,0.999997068196745,0.999983379322086,"group_idyes"
"11021","EMX2","Exc L4-5 RORB GABRG1",0.466247200929332,0.759360126387405,7.62000910508474,0.00604867083068189,0.999997068196745,0.999983379322086,"group_idyes"
"11022","RAB11FIP2","Exc L4-5 RORB GABRG1",0.0137552505057872,6.15900465113991,0.188546272778528,0.817110921916753,0.999997068196745,0.999983379322086,"group_idyes"
"11023","AC022395.1","Exc L4-5 RORB GABRG1",0.0346688093015581,1.36744555972938,0.063066055177249,0.801848016385677,0.999997068196745,0.999983379322086,"group_idyes"
"11024","CASC2","Exc L4-5 RORB GABRG1",0.00214527056773822,5.22237897997872,0.00137095725162159,0.970483128260706,0.999997068196745,0.999983379322086,"group_idyes"
"11025","FAM204A","Exc L4-5 RORB GABRG1",-0.00647371405874079,5.75348872616549,0.0584030660584312,0.811132650941527,0.999997068196745,0.999983379322086,"group_idyes"
"11026","CACUL1","Exc L4-5 RORB GABRG1",-0.0269562593121939,6.38622888301378,1.21766958753569,0.270508205673043,0.999997068196745,0.999983379322086,"group_idyes"
"11027","EIF3A","Exc L4-5 RORB GABRG1",0.0268102451520558,6.02339585457155,0.729722522212456,0.393504729846816,0.999997068196745,0.999983379322086,"group_idyes"
"11028","FAM45A","Exc L4-5 RORB GABRG1",-0.0418208372704656,4.96442986070916,0.816464275900142,0.3667813737919,0.999997068196745,0.999983379322086,"group_idyes"
"11029","SFXN4","Exc L4-5 RORB GABRG1",-0.0100298358351143,5.17234474902389,0.0547201834493403,0.815168827562876,0.999997068196745,0.999983379322086,"group_idyes"
"11030","PRDX3","Exc L4-5 RORB GABRG1",-0.00902407543090668,4.81826994673305,0.0289092998834763,0.865077998871341,0.999997068196745,0.999983379322086,"group_idyes"
"11031","GRK5","Exc L4-5 RORB GABRG1",-0.130354589352109,5.22664458325793,5.50913694170091,0.0194236115845286,0.999997068196745,0.999983379322086,"group_idyes"
"11032","TIAL1","Exc L4-5 RORB GABRG1",0.0502282960256195,5.65898522894053,2.13780173685098,0.14452402804522,0.999997068196745,0.999983379322086,"group_idyes"
"11033","BAG3","Exc L4-5 RORB GABRG1",-0.0733127358454773,1.20697513294453,0.294582404547245,0.587613145802316,0.999997068196745,0.999983379322086,"group_idyes"
"11034","INPP5F","Exc L4-5 RORB GABRG1",0.0258878735469662,7.21479076926863,0.426668110989425,0.514018558146736,0.999997068196745,0.999983379322086,"group_idyes"
"11035","MCMBP","Exc L4-5 RORB GABRG1",-0.00692910149049377,4.28423796216057,0.0336361627244134,0.854579502303356,0.999997068196745,0.999983379322086,"group_idyes"
"11036","SEC23IP","Exc L4-5 RORB GABRG1",-0.0707002201834659,4.87768302473537,3.74384600505883,0.053735000445874,0.999997068196745,0.999983379322086,"group_idyes"
"11037","PLPP4","Exc L4-5 RORB GABRG1",-0.0481140753200065,0.965200788375632,0.125203301817757,0.723652035321127,0.999997068196745,0.999983379322086,"group_idyes"
"11038","WDR11-AS1","Exc L4-5 RORB GABRG1",-0.00738613167449026,5.93514137174685,0.0238232299833053,0.877416478584705,0.999997068196745,0.999983379322086,"group_idyes"
"11039","WDR11","Exc L4-5 RORB GABRG1",0.0297816033320047,5.69960661336835,1.12566308413892,0.289367879807802,0.999997068196745,0.999983379322086,"group_idyes"
"11040","AC010998.1","Exc L4-5 RORB GABRG1",-0.136532858695113,0.123636594035728,0.582314460309424,0.563979742028295,0.999997068196745,0.999983379322086,"group_idyes"
"11041","FGFR2","Exc L4-5 RORB GABRG1",-0.0424441126461153,2.05373502942847,0.14487560629553,0.703691387181851,0.999997068196745,0.999983379322086,"group_idyes"
"11042","ATE1","Exc L4-5 RORB GABRG1",-0.0161902435234385,6.78891804655121,0.265513933635716,0.606653003603933,0.999997068196745,0.999983379322086,"group_idyes"
"11043","NSMCE4A","Exc L4-5 RORB GABRG1",0.031976824090903,3.00630215114666,0.329977441883165,0.566008086050362,0.999997068196745,0.999983379322086,"group_idyes"
"11044","TACC2","Exc L4-5 RORB GABRG1",-0.0416103313835356,5.65578091284023,1.48806033247315,0.223264902336394,0.999997068196745,0.999983379322086,"group_idyes"
"11045","BTBD16","Exc L4-5 RORB GABRG1",-0.141547495658796,0.535379119207626,0.729378649691214,0.393616112194369,0.999997068196745,0.999983379322086,"group_idyes"
"11046","PLEKHA1","Exc L4-5 RORB GABRG1",0.0305127101079827,7.86938185903489,0.707925122693093,0.400656139087444,0.999997068196745,0.999983379322086,"group_idyes"
"11047","HTRA1","Exc L4-5 RORB GABRG1",-0.0725919408257665,2.6405106146848,0.978724276966138,0.323135739818284,0.999997068196745,0.999983379322086,"group_idyes"
"11048","CUZD1","Exc L4-5 RORB GABRG1",-0.0430512125506566,2.2420767743799,0.281149312974545,0.596254792373473,0.999997068196745,0.999983379322086,"group_idyes"
"11049","FAM24B","Exc L4-5 RORB GABRG1",0.0315960496217967,2.76503948795033,0.197561208318546,0.65694653540201,0.999997068196745,0.999983379322086,"group_idyes"
"11050","C10orf88","Exc L4-5 RORB GABRG1",0.00383015519794444,3.43440212763934,0.00636001836194856,0.936477777210517,0.999997068196745,0.999983379322086,"group_idyes"
"11051","PSTK","Exc L4-5 RORB GABRG1",0.00205840475880488,4.99240217542333,0.00371021335768575,0.951461303287529,0.999997068196745,0.999983379322086,"group_idyes"
"11052","IKZF5","Exc L4-5 RORB GABRG1",0.0502384560277476,4.15701966072885,1.35206952697626,0.392872326172509,0.999997068196745,0.999983379322086,"group_idyes"
"11053","ACADSB","Exc L4-5 RORB GABRG1",-0.0413591960048407,5.6221766614231,1.0336460257048,0.309942779026749,0.999997068196745,0.999983379322086,"group_idyes"
"11054","BUB3","Exc L4-5 RORB GABRG1",0.051833881750969,4.33686788713502,0.918141224748362,0.338565248059032,0.999997068196745,0.999983379322086,"group_idyes"
"11055","AL160290.2","Exc L4-5 RORB GABRG1",0.0796943621606837,3.08135969968832,0.408869250554436,0.522924529759854,0.999997068196745,0.999983379322086,"group_idyes"
"11056","GPR26","Exc L4-5 RORB GABRG1",-0.00818565879025542,2.64291282470976,0.00600886135159944,0.93825268809334,0.999997068196745,0.999983379322086,"group_idyes"
"11057","CPXM2","Exc L4-5 RORB GABRG1",-0.211879038438244,0.839552419347651,1.91179368646355,0.167566174444949,0.999997068196745,0.999983379322086,"group_idyes"
"11058","CHST15","Exc L4-5 RORB GABRG1",-0.00137863769504319,6.3771213905408,0.000628138755884496,0.980017948862909,0.999997068196745,0.999983379322086,"group_idyes"
"11059","OAT","Exc L4-5 RORB GABRG1",-0.0321628017681875,5.91183933603103,0.354332367611054,0.552020830943455,0.999997068196745,0.999983379322086,"group_idyes"
"11060","LHPP","Exc L4-5 RORB GABRG1",-0.0373416233821774,5.91386344127634,0.77983213493809,0.377743937774071,0.999997068196745,0.999983379322086,"group_idyes"
"11061","AC068896.1","Exc L4-5 RORB GABRG1",0.0326785499881346,2.50189234954748,0.268776755513857,0.604451550794646,0.999997068196745,0.999983379322086,"group_idyes"
"11062","ABRAXAS2","Exc L4-5 RORB GABRG1",0.0187629790105162,4.860890552425,0.326801827729196,0.991190910199885,0.999997068196745,0.999983379322086,"group_idyes"
"11063","ZRANB1","Exc L4-5 RORB GABRG1",0.0344482724490809,5.79325318416793,1.0403126872865,0.308389699919363,0.999997068196745,0.999983379322086,"group_idyes"
"11064","AL731577.1","Exc L4-5 RORB GABRG1",-0.122560173195848,0.639541500319802,0.244918472935712,0.620958586900284,0.999997068196745,0.999983379322086,"group_idyes"
"11065","CTBP2","Exc L4-5 RORB GABRG1",0.0741754924151736,4.57696706390717,0.9053332728497,0.341953040155824,0.999997068196745,0.999983379322086,"group_idyes"
"11066","TEX36","Exc L4-5 RORB GABRG1",-0.0128405947219419,1.2467964954832,0.0119948480245358,0.912846373822681,0.999997068196745,0.999983379322086,"group_idyes"
"11067","AL158835.1","Exc L4-5 RORB GABRG1",0.0974708849156951,1.40571714742368,0.912349013102012,0.340091694966397,0.999997068196745,0.999983379322086,"group_idyes"
"11068","EDRF1","Exc L4-5 RORB GABRG1",-0.0142524363760724,5.4476902254951,0.198114712925293,0.656497238063253,0.999997068196745,0.999983379322086,"group_idyes"
"11069","UROS","Exc L4-5 RORB GABRG1",-0.02690852831436,5.03672446442222,0.280022446971698,0.596991682846639,0.999997068196745,0.999983379322086,"group_idyes"
"11070","BCCIP","Exc L4-5 RORB GABRG1",0.0214602062915539,4.96994320650721,0.404740265146321,0.899914734223998,0.999997068196745,0.999983379322086,"group_idyes"
"11071","DHX32","Exc L4-5 RORB GABRG1",-0.060153815771864,5.30496926290722,3.16097888814117,0.076207716518859,0.999997068196745,0.999983379322086,"group_idyes"
"11072","FANK1","Exc L4-5 RORB GABRG1",0.0221257494758611,4.59659032090407,0.165064468731186,0.684761837310863,0.999997068196745,0.999983379322086,"group_idyes"
"11073","ADAM12","Exc L4-5 RORB GABRG1",-0.0130797036669503,2.34287062821558,0.0157281819929074,0.900262856253296,0.999997068196745,0.999983379322086,"group_idyes"
"11074","C10orf90","Exc L4-5 RORB GABRG1",-0.115163953575583,1.42902184877114,0.597006192613558,0.440196992488252,0.999997068196745,0.999983379322086,"group_idyes"
"11075","DOCK1","Exc L4-5 RORB GABRG1",-0.149505554737015,1.82639996306401,1.83930383246627,0.175827952204103,0.999997068196745,0.999983379322086,"group_idyes"
"11076","AL359094.1","Exc L4-5 RORB GABRG1",0.130603025758572,0.389607070622529,0.603830627984094,0.437597706540933,0.999997068196745,0.999983379322086,"group_idyes"
"11077","FAM196A","Exc L4-5 RORB GABRG1",-0.158817403834442,1.04229040547609,1.51425220653248,0.21924320318375,0.999997068196745,0.999983379322086,"group_idyes"
"11078","PTPRE","Exc L4-5 RORB GABRG1",-0.0671123210453951,6.75965557416856,2.02083653625088,0.155963739188495,0.999997068196745,0.999983379322086,"group_idyes"
"11079","MGMT","Exc L4-5 RORB GABRG1",-0.0192803189994111,5.55089914967015,0.120119564183439,0.729094326161557,0.999997068196745,0.999983379322086,"group_idyes"
"11080","AL157832.1","Exc L4-5 RORB GABRG1",0.0578410698763676,0.924558351712637,0.218466888535809,0.6404751833215,0.999997068196745,0.999983379322086,"group_idyes"
"11081","AL157832.3","Exc L4-5 RORB GABRG1",-0.0549411412979827,4.8252501977446,0.652076173836214,0.419870333213102,0.999997068196745,0.999983379322086,"group_idyes"
"11082","EBF3","Exc L4-5 RORB GABRG1",-0.150628684096872,0.392263087583346,0.673880440615386,0.412210326638108,0.999997068196745,0.999983379322086,"group_idyes"
"11083","AL354950.1","Exc L4-5 RORB GABRG1",0.0859727893759688,1.32660658947261,0.664413894010035,0.41551028419684,0.999997068196745,0.999983379322086,"group_idyes"
"11084","C10orf143","Exc L4-5 RORB GABRG1",-0.0157623695148194,3.36649726611503,0.0476226494411717,0.827368621135159,0.999997068196745,0.999983379322086,"group_idyes"
"11085","GLRX3","Exc L4-5 RORB GABRG1",-0.026533887010147,5.11394935645464,0.604305291370107,0.437417794096901,0.999997068196745,0.999983379322086,"group_idyes"
"11086","TCERG1L","Exc L4-5 RORB GABRG1",-0.0991350260605392,5.75581695676617,1.59443703534134,0.207458141221841,0.999997068196745,0.999983379322086,"group_idyes"
"11087","LINC01164","Exc L4-5 RORB GABRG1",-0.00797470789182779,0.447630107518102,0.00201666575149371,0.964204495779494,0.999997068196745,0.999983379322086,"group_idyes"
"11088","PPP2R2D","Exc L4-5 RORB GABRG1",-0.0157428048650547,6.44547477650466,0.27039334870522,0.603367099548767,0.999997068196745,0.999983379322086,"group_idyes"
"11089","BNIP3","Exc L4-5 RORB GABRG1",0.0482643934332164,6.18138294193872,0.889335518097452,0.346249246277401,0.999997068196745,0.999983379322086,"group_idyes"
"11090","AL162274.2","Exc L4-5 RORB GABRG1",-0.0881386258121293,0.936636440105515,0.425514590363271,0.514587657738482,0.999997068196745,0.999983379322086,"group_idyes"
"11091","JAKMIP3","Exc L4-5 RORB GABRG1",-0.0335717930862092,5.73440866522344,0.431422038805113,0.511684696228013,0.999997068196745,0.999983379322086,"group_idyes"
"11092","DPYSL4","Exc L4-5 RORB GABRG1",0.0771837444854213,4.12829008473092,2.75758754181029,0.354832812995136,0.999997068196745,0.999983379322086,"group_idyes"
"11093","STK32C","Exc L4-5 RORB GABRG1",0.00191376856676439,4.18946394876443,0.0011749003221977,0.972674185957117,0.999997068196745,0.999983379322086,"group_idyes"
"11094","LRRC27","Exc L4-5 RORB GABRG1",0.0142826657710352,4.07611218666205,0.112314216456846,0.737707313617249,0.999997068196745,0.999983379322086,"group_idyes"
"11095","PWWP2B","Exc L4-5 RORB GABRG1",0.0823190996762176,2.9052152644528,1.60369420191086,0.452673936876718,0.999997068196745,0.999983379322086,"group_idyes"
"11096","AL451069.2","Exc L4-5 RORB GABRG1",-0.196525901723561,0.606651731266591,1.62529516677943,0.203124410865821,0.999997068196745,0.999983379322086,"group_idyes"
"11097","INPP5A","Exc L4-5 RORB GABRG1",-0.0240269132245615,5.9097893479286,0.20770022302885,0.648833066548682,0.999997068196745,0.999983379322086,"group_idyes"
"11098","NKX6-2","Exc L4-5 RORB GABRG1",-0.0249043315602617,1.02798080887601,0.0262987846219029,0.871257906709501,0.999997068196745,0.999983379322086,"group_idyes"
"11099","CFAP46","Exc L4-5 RORB GABRG1",0.00925387335289554,5.72058179466104,0.016129324578385,0.899005736556558,0.999997068196745,0.999983379322086,"group_idyes"
"11100","LINC01166","Exc L4-5 RORB GABRG1",0.11063552783754,3.23932355003426,0.702191115469151,0.402568704128143,0.999997068196745,0.999983379322086,"group_idyes"
"11101","ADGRA1","Exc L4-5 RORB GABRG1",-0.0172386478484709,5.78795663509191,0.262670297506338,0.608585638619844,0.999997068196745,0.999983379322086,"group_idyes"
"11102","ADGRA1-AS1","Exc L4-5 RORB GABRG1",-0.0107257676197982,3.01553592322471,0.0312679279636176,0.859737018355487,0.999997068196745,0.999983379322086,"group_idyes"
"11103","KNDC1","Exc L4-5 RORB GABRG1",0.000916774371159329,7.05609812263234,0.000478553009984967,0.982558326523396,0.999997068196745,0.999983379322086,"group_idyes"
"11104","ADAM8","Exc L4-5 RORB GABRG1",0.0417736657151814,2.03878028252735,0.231528540904367,0.881073405971099,0.999997068196745,0.999983379322086,"group_idyes"
"11105","TUBGCP2","Exc L4-5 RORB GABRG1",0.00136100209464181,5.29937423179824,0.00149109275855484,0.97346922968388,0.999997068196745,0.999983379322086,"group_idyes"
"11106","ZNF511-PRAP1","Exc L4-5 RORB GABRG1",-0.0216436386547846,3.2052444132927,0.0640654861623078,0.800317159312725,0.999997068196745,0.999983379322086,"group_idyes"
"11107","CALY","Exc L4-5 RORB GABRG1",0.0744765119014946,7.11498879679475,1.28356540269092,0.257942704353117,0.999997068196745,0.999983379322086,"group_idyes"
"11108","ECHS1","Exc L4-5 RORB GABRG1",0.0100699240757124,4.45257435401039,0.0453122593658943,0.83154363053071,0.999997068196745,0.999983379322086,"group_idyes"
"11109","PAOX","Exc L4-5 RORB GABRG1",-0.129997244248198,2.737578957439,2.98674281650533,0.0847512360586123,0.999997068196745,0.999983379322086,"group_idyes"
"11110","AL360181.3","Exc L4-5 RORB GABRG1",-0.0245998188283559,1.43322349452866,0.0608263224413289,0.976420186542511,0.999997068196745,0.999983379322086,"group_idyes"
"11111","MTG1","Exc L4-5 RORB GABRG1",-0.233199040643347,0.270753534683763,2.12908030828994,0.160380843722493,0.999997068196745,0.999983379322086,"group_idyes"
"11112","SPRN","Exc L4-5 RORB GABRG1",-0.0116977830551585,3.39495753468488,0.023466019128589,0.878331733118895,0.999997068196745,0.999983379322086,"group_idyes"
"11113","SCART1","Exc L4-5 RORB GABRG1",-0.0442368090624164,3.14212857304586,0.165440081249363,0.684422739763743,0.999997068196745,0.999983379322086,"group_idyes"
"11114","CYP2E1","Exc L4-5 RORB GABRG1",-0.129067717534882,4.16877756116953,4.46635914196846,0.0352118805637726,0.999997068196745,0.999983379322086,"group_idyes"
"11115","AL161645.1","Exc L4-5 RORB GABRG1",-0.0487259012110678,0.987477572172889,0.182937691535804,0.669099999887546,0.999997068196745,0.999983379322086,"group_idyes"
"11116","SYCE1","Exc L4-5 RORB GABRG1",-0.0437618368921228,4.9441725062952,0.470040792778272,0.493381301338056,0.999997068196745,0.999983379322086,"group_idyes"
"11117","IQSEC3","Exc L4-5 RORB GABRG1",-0.0287599204824982,7.28352603807651,0.380895037617018,0.537489691319749,0.999997068196745,0.999983379322086,"group_idyes"
"11118","AC026369.3","Exc L4-5 RORB GABRG1",-0.0293229205397356,1.52039469039856,0.0326374261922684,0.856730907425809,0.999997068196745,0.999983379322086,"group_idyes"
"11119","SLC6A12","Exc L4-5 RORB GABRG1",-0.0402747284097952,0.104392992625218,0.0378429501999758,0.845861516662043,0.999997068196745,0.999983379322086,"group_idyes"
"11120","SLC6A13","Exc L4-5 RORB GABRG1",0.148196023819434,1.73688578210781,2.01351159921347,0.1567137123065,0.999997068196745,0.999983379322086,"group_idyes"
"11121","KDM5A","Exc L4-5 RORB GABRG1",0.0100953659384034,6.7550253508219,0.0986284894203392,0.753651968505253,0.999997068196745,0.999983379322086,"group_idyes"
"11122","CCDC77","Exc L4-5 RORB GABRG1",0.0195845988261132,3.40642258425255,0.151276048787904,0.697534060462347,0.999997068196745,0.999983379322086,"group_idyes"
"11123","B4GALNT3","Exc L4-5 RORB GABRG1",0.0118788304497813,5.95494873894509,0.0394543876940682,0.842656100465911,0.999997068196745,0.999983379322086,"group_idyes"
"11124","NINJ2","Exc L4-5 RORB GABRG1",-0.0218528131278486,1.9541901304051,0.0598732027395874,0.979334092874363,0.999997068196745,0.999983379322086,"group_idyes"
"11125","AC021054.1","Exc L4-5 RORB GABRG1",-0.0576156657288845,2.02958350248336,0.44049042855566,0.574867216067337,0.999997068196745,0.999983379322086,"group_idyes"
"11126","WNK1","Exc L4-5 RORB GABRG1",0.0240094916130275,7.78172266141115,0.5495709469658,0.458945316971934,0.999997068196745,0.999983379322086,"group_idyes"
"11127","RAD52","Exc L4-5 RORB GABRG1",0.00899362404283684,5.44441684266013,0.063877887224702,0.90655324426662,0.999997068196745,0.999983379322086,"group_idyes"
"11128","AC004803.1","Exc L4-5 RORB GABRG1",0.101835128443657,0.9319570685875,0.652878134707677,0.419584859021806,0.999997068196745,0.999983379322086,"group_idyes"
"11129","ERC1","Exc L4-5 RORB GABRG1",-0.0460457702569991,7.99668493948037,1.90038681111689,0.168836078889426,0.999997068196745,0.999983379322086,"group_idyes"
"11130","WNT5B","Exc L4-5 RORB GABRG1",-0.016790903626845,3.03320579397906,0.0583870765956053,0.957145619289341,0.999997068196745,0.999983379322086,"group_idyes"
"11131","FBXL14","Exc L4-5 RORB GABRG1",0.030787569600339,4.81942785555408,0.402636853349721,0.526107742843435,0.999997068196745,0.999983379322086,"group_idyes"
"11132","ADIPOR2","Exc L4-5 RORB GABRG1",0.00235700074014015,5.00412890216996,0.00283169854371762,0.95758925478807,0.999997068196745,0.999983379322086,"group_idyes"
"11133","CACNA2D4","Exc L4-5 RORB GABRG1",-0.245154293892846,0.803213136513513,2.44941323819741,0.118390934610019,0.999997068196745,0.999983379322086,"group_idyes"
"11134","LRTM2","Exc L4-5 RORB GABRG1",-0.0151554836105339,3.44453355738388,0.0481874472648704,0.82636422891247,0.999997068196745,0.999983379322086,"group_idyes"
"11135","DCP1B","Exc L4-5 RORB GABRG1",0.0127216906318742,4.80949546283153,0.0870260427302724,0.825504424907341,0.999997068196745,0.999983379322086,"group_idyes"
"11136","CACNA1C","Exc L4-5 RORB GABRG1",-0.0245821201253953,9.87567364888778,0.254551718375865,0.614176988299801,0.999997068196745,0.999983379322086,"group_idyes"
"11137","CACNA1C-AS1","Exc L4-5 RORB GABRG1",-0.112391564414018,1.29959870826644,0.770468627131587,0.380619927706118,0.999997068196745,0.999983379322086,"group_idyes"
"11138","FKBP4","Exc L4-5 RORB GABRG1",0.0644658682362356,5.27814120166341,0.525852319905862,0.468796690438056,0.999997068196745,0.999983379322086,"group_idyes"
"11139","ITFG2-AS1","Exc L4-5 RORB GABRG1",0.0771183595958449,2.80066764422308,1.32797998614011,0.249880433586315,0.999997068196745,0.999983379322086,"group_idyes"
"11140","ITFG2","Exc L4-5 RORB GABRG1",-0.0147504471066828,5.50218496915706,0.117701491065759,0.731728285161949,0.999997068196745,0.999983379322086,"group_idyes"
"11141","NRIP2","Exc L4-5 RORB GABRG1",0.0940425133057284,2.03321264971417,0.568263636076387,0.451410828060912,0.999997068196745,0.999983379322086,"group_idyes"
"11142","TEX52","Exc L4-5 RORB GABRG1",0.0180325487297826,0.370319221078698,0.0124603986900726,0.911178045328141,0.999997068196745,0.999983379322086,"group_idyes"
"11143","FOXM1","Exc L4-5 RORB GABRG1",0.0821204136069889,0.998098403180379,0.3319596095326,0.564844359947938,0.999997068196745,0.999983379322086,"group_idyes"
"11144","TULP3","Exc L4-5 RORB GABRG1",0.00423689467878838,3.94780878799491,0.00521501754797145,0.942468272162867,0.999997068196745,0.999983379322086,"group_idyes"
"11145","TEAD4","Exc L4-5 RORB GABRG1",-0.0718898708205186,2.40192442654379,0.616175478840931,0.432955156291314,0.999997068196745,0.999983379322086,"group_idyes"
"11146","TSPAN9","Exc L4-5 RORB GABRG1",-0.0440064096574526,5.81099789061468,0.647222221448006,0.421604409447098,0.999997068196745,0.999983379322086,"group_idyes"
"11147","PRMT8","Exc L4-5 RORB GABRG1",-0.0797193114625659,6.15884338262306,1.43533556384157,0.231633168667239,0.999997068196745,0.999983379322086,"group_idyes"
"11148","CRACR2A","Exc L4-5 RORB GABRG1",-0.105647673962501,2.50047625641669,1.43059478526729,0.232404012551686,0.999997068196745,0.999983379322086,"group_idyes"
"11149","PARP11","Exc L4-5 RORB GABRG1",-0.00575890619257344,5.42166849781768,0.021234150525079,0.884219202594055,0.999997068196745,0.999983379322086,"group_idyes"
"11150","AC005842.1","Exc L4-5 RORB GABRG1",-0.0788727248594405,1.67467250421096,0.462065919232542,0.497068830827635,0.999997068196745,0.999983379322086,"group_idyes"
"11151","CCND2","Exc L4-5 RORB GABRG1",0.0274845636564526,6.33098287910104,0.7634401343959,0.382799134986492,0.999997068196745,0.999983379322086,"group_idyes"
"11152","TIGAR","Exc L4-5 RORB GABRG1",-0.0296284944325268,4.92568982295949,0.454466839898113,0.500626162957083,0.999997068196745,0.999983379322086,"group_idyes"
"11153","C12orf4","Exc L4-5 RORB GABRG1",0.0461399422632393,5.41551182287721,1.69849595478829,0.193264189403762,0.999997068196745,0.999983379322086,"group_idyes"
"11154","RAD51AP1","Exc L4-5 RORB GABRG1",0.0708279632541188,2.05539281340954,0.75059139090625,0.386829027558124,0.999997068196745,0.999983379322086,"group_idyes"
"11155","AC005832.4","Exc L4-5 RORB GABRG1",-0.0471194953249591,1.85999402891279,0.174027111309974,0.676789988282639,0.999997068196745,0.999983379322086,"group_idyes"
"11156","AKAP3","Exc L4-5 RORB GABRG1",-0.342967073461045,0.4505918179992,4.41752114806745,0.0362213527522967,0.999997068196745,0.999983379322086,"group_idyes"
"11157","AC005833.2","Exc L4-5 RORB GABRG1",-0.0380039947756604,4.48073415606303,0.707251202302499,0.400880236836298,0.999997068196745,0.999983379322086,"group_idyes"
"11158","GALNT8","Exc L4-5 RORB GABRG1",-0.0507114742531946,5.19408137383609,1.37570557053774,0.241559684261259,0.999997068196745,0.999983379322086,"group_idyes"
"11159","KCNA1","Exc L4-5 RORB GABRG1",0.00299357862257357,5.59676793618232,0.00373404961507434,0.951305828389982,0.999997068196745,0.999983379322086,"group_idyes"
"11160","AC006063.2","Exc L4-5 RORB GABRG1",-0.108224784272995,3.48188582251788,2.44925491079041,0.118402795072634,0.999997068196745,0.999983379322086,"group_idyes"
"11161","KCNA5","Exc L4-5 RORB GABRG1",0.249496800102512,2.37867589350878,6.9010482992169,0.0089588352921405,0.999997068196745,0.999983379322086,"group_idyes"
"11162","AC006206.2","Exc L4-5 RORB GABRG1",-0.18573618593464,1.09824168247464,1.06186337753947,0.303437944157355,0.999997068196745,0.999983379322086,"group_idyes"
"11163","AC007848.1","Exc L4-5 RORB GABRG1",0.148099401765468,1.11214195554468,0.599127081585535,0.439386654343113,0.999997068196745,0.999983379322086,"group_idyes"
"11164","ANO2","Exc L4-5 RORB GABRG1",0.109855476769913,1.34731055822366,0.601967001658613,0.438305178636871,0.999997068196745,0.999983379322086,"group_idyes"
"11165","VWF","Exc L4-5 RORB GABRG1",0.00215174955916412,1.74158794834488,0.000587519384731064,0.98067469669475,0.999997068196745,0.999983379322086,"group_idyes"
"11166","CD9","Exc L4-5 RORB GABRG1",-0.0761257567645638,0.752372073998269,0.202296860429601,0.653126539709964,0.999997068196745,0.999983379322086,"group_idyes"
"11167","TNFRSF1A","Exc L4-5 RORB GABRG1",0.0503307930297016,4.14042568681718,0.853085234144864,0.356259905111996,0.999997068196745,0.999983379322086,"group_idyes"
"11168","SCNN1A","Exc L4-5 RORB GABRG1",-0.305151004270519,0.287712532308097,2.56583722085989,0.110015441545159,0.999997068196745,0.999983379322086,"group_idyes"
"11169","LTBR","Exc L4-5 RORB GABRG1",-0.0381634666508934,0.34706682403999,0.0523337169339921,0.819172626836951,0.999997068196745,0.999983379322086,"group_idyes"
"11170","TAPBPL","Exc L4-5 RORB GABRG1",-0.00654837650558216,1.34888815642363,0.00380575815342386,0.95084108013886,0.999997068196745,0.999983379322086,"group_idyes"
"11171","VAMP1","Exc L4-5 RORB GABRG1",-0.00644934696503766,5.06204439651717,0.00819514614863404,0.927915513646101,0.999997068196745,0.999983379322086,"group_idyes"
"11172","MRPL51","Exc L4-5 RORB GABRG1",-0.017898788513899,3.76282858783776,0.023306401952947,0.878743012463148,0.999997068196745,0.999983379322086,"group_idyes"
"11173","NCAPD2","Exc L4-5 RORB GABRG1",-0.0288129550850625,3.32117185448689,0.270191987743106,0.603501952609656,0.999997068196745,0.999983379322086,"group_idyes"
"11174","GAPDH","Exc L4-5 RORB GABRG1",0.0270141957288158,7.87931431279746,0.0526577992704825,0.818623347211176,0.999997068196745,0.999983379322086,"group_idyes"
"11175","IFFO1","Exc L4-5 RORB GABRG1",-0.0262854410537037,4.80941136007072,0.305079106438217,0.58103638762811,0.999997068196745,0.999983379322086,"group_idyes"
"11176","NOP2","Exc L4-5 RORB GABRG1",-0.0033494881731729,0.960601775994575,0.000641406618687262,0.979808060940518,0.999997068196745,0.999983379322086,"group_idyes"
"11177","CHD4","Exc L4-5 RORB GABRG1",0.0135904532624614,3.17312539250782,0.0463190678695848,0.829710892079927,0.999997068196745,0.999983379322086,"group_idyes"
"11178","AC006064.2","Exc L4-5 RORB GABRG1",0.0129484783628272,1.28295817879999,0.00919944052920495,0.923639041997978,0.999997068196745,0.999983379322086,"group_idyes"
"11179","ING4","Exc L4-5 RORB GABRG1",0.044565967416878,5.2132923472266,1.27507185658835,0.259520927668053,0.999997068196745,0.999983379322086,"group_idyes"
"11180","ZNF384","Exc L4-5 RORB GABRG1",0.053146434514887,3.77526669102658,1.12935025566533,0.288580562853203,0.999997068196745,0.999983379322086,"group_idyes"
"11181","PIANP","Exc L4-5 RORB GABRG1",0.0197242332961102,5.55183353544444,0.164241358715744,0.685506504507372,0.999997068196745,0.999983379322086,"group_idyes"
"11182","COPS7A","Exc L4-5 RORB GABRG1",-0.0683471666287974,4.28045848101887,0.684297508757444,0.408623586603429,0.999997068196745,0.999983379322086,"group_idyes"
"11183","MLF2","Exc L4-5 RORB GABRG1",0.0715227990612268,6.47429289743038,1.26897421296924,0.260661350004763,0.999997068196745,0.999983379322086,"group_idyes"
"11184","PTMS","Exc L4-5 RORB GABRG1",0.0432891280061643,6.1039467807063,0.410640780899082,0.522025956107636,0.999997068196745,0.999983379322086,"group_idyes"
"11185","LAG3","Exc L4-5 RORB GABRG1",0.256488748328657,1.10541232815401,3.26845273665002,0.0714050157999813,0.999997068196745,0.999983379322086,"group_idyes"
"11186","CD4","Exc L4-5 RORB GABRG1",-0.26365186144206,0.693448791984001,2.86286571873697,0.0914555661629825,0.999997068196745,0.999983379322086,"group_idyes"
"11187","GPR162","Exc L4-5 RORB GABRG1",-0.01367172658986,5.86533551627225,0.0614081736174277,0.804416152447338,0.999997068196745,0.999983379322086,"group_idyes"
"11188","P3H3","Exc L4-5 RORB GABRG1",-0.0750735736914189,4.38200463090005,3.02785450320001,0.0826458016161015,0.999997068196745,0.999983379322086,"group_idyes"
"11189","GNB3","Exc L4-5 RORB GABRG1",-0.0179968580554696,3.99082273994918,0.0757775809487014,0.783250997569,0.999997068196745,0.999983379322086,"group_idyes"
"11190","USP5","Exc L4-5 RORB GABRG1",0.0415123553013448,4.71910424460552,0.470253206116843,0.493283712798259,0.999997068196745,0.999983379322086,"group_idyes"
"11191","TPI1","Exc L4-5 RORB GABRG1",-0.0238203092697722,6.31243572601998,0.0527534824070841,0.818461516511393,0.999997068196745,0.999983379322086,"group_idyes"
"11192","SPSB2","Exc L4-5 RORB GABRG1",0.169851509057433,1.335989504014,2.19903923578986,0.138915460734037,0.999997068196745,0.999983379322086,"group_idyes"
"11193","LRRC23","Exc L4-5 RORB GABRG1",0.0166890565295566,5.1269659906512,0.189370646857678,0.663684952118207,0.999997068196745,0.999983379322086,"group_idyes"
"11194","ENO2","Exc L4-5 RORB GABRG1",0.0104219939479182,7.77938632539352,0.0230304539070684,0.879457451157637,0.999997068196745,0.999983379322086,"group_idyes"
"11195","ATN1","Exc L4-5 RORB GABRG1",0.0683592733043102,6.07745964599444,1.48644147101977,0.223516367506044,0.999997068196745,0.999983379322086,"group_idyes"
"11196","C12orf57","Exc L4-5 RORB GABRG1",0.00766603453272461,3.85253954523857,0.00475565084785498,0.945056309737222,0.999997068196745,0.999983379322086,"group_idyes"
"11197","U47924.2","Exc L4-5 RORB GABRG1",0.224163445427585,0.641540232409225,2.24893328259795,0.13452666799512,0.999997068196745,0.999983379322086,"group_idyes"
"11198","PTPN6","Exc L4-5 RORB GABRG1",0.138225076265807,1.51661236321653,1.39030991833879,0.239081437324193,0.999997068196745,0.999983379322086,"group_idyes"
"11199","PHB2","Exc L4-5 RORB GABRG1",0.0215258032365262,4.14959793476276,0.108711573807329,0.741795226422497,0.999997068196745,0.999983379322086,"group_idyes"
"11200","EMG1-1","Exc L4-5 RORB GABRG1",0.0134481429356141,2.55192727408614,0.0333316017093654,0.855232025417793,0.999997068196745,0.999983379322086,"group_idyes"
"11201","LPCAT3","Exc L4-5 RORB GABRG1",-0.0398677699770956,5.19542071885915,1.08969953482866,0.45004249073105,0.999997068196745,0.999983379322086,"group_idyes"
"11202","C1S","Exc L4-5 RORB GABRG1",0.0254106374660123,4.5624621925152,0.341377978400777,0.559377337373913,0.999997068196745,0.999983379322086,"group_idyes"
"11203","C1R","Exc L4-5 RORB GABRG1",0.00423199450901878,3.24113788595683,0.00404319136044853,0.949332827925154,0.999997068196745,0.999983379322086,"group_idyes"
"11204","C1RL","Exc L4-5 RORB GABRG1",-0.0267224994396031,4.10937176528713,0.209066757043739,0.647757933799756,0.999997068196745,0.999983379322086,"group_idyes"
"11205","C1RL-AS1","Exc L4-5 RORB GABRG1",0.0386585279447156,2.46714646184143,0.24927157530591,0.617873825819474,0.999997068196745,0.999983379322086,"group_idyes"
"11206","RBP5","Exc L4-5 RORB GABRG1",0.0384627535026409,1.19874230206149,0.0819627466063361,0.774809068121306,0.999997068196745,0.999983379322086,"group_idyes"
"11207","CLSTN3","Exc L4-5 RORB GABRG1",-0.0129668835364295,6.97279261870657,0.195374065785479,0.658729320439823,0.999997068196745,0.999983379322086,"group_idyes"
"11208","PEX5","Exc L4-5 RORB GABRG1",0.0102744421319968,5.01827159424865,0.0922232430347921,0.761533727577433,0.999997068196745,0.999983379322086,"group_idyes"
"11209","ACSM4","Exc L4-5 RORB GABRG1",-0.0988119456168038,0.955078039346735,0.534281475957356,0.465257293566118,0.999997068196745,0.999983379322086,"group_idyes"
"11210","CD163L1","Exc L4-5 RORB GABRG1",0.0309877129328117,5.22993559354365,0.377212022538189,0.539462109532243,0.999997068196745,0.999983379322086,"group_idyes"
"11211","NANOG","Exc L4-5 RORB GABRG1",0.10444554750452,0.888665101577986,0.546563745032925,0.460175977705004,0.999997068196745,0.999983379322086,"group_idyes"
"11212","SLC2A14","Exc L4-5 RORB GABRG1",0.123628562574975,1.39373798151735,1.39467202175539,0.23834723837221,0.999997068196745,0.999983379322086,"group_idyes"
"11213","SLC2A3","Exc L4-5 RORB GABRG1",-0.0087626498747035,5.2350865462012,0.0203247305142074,0.886708506952779,0.999997068196745,0.999983379322086,"group_idyes"
"11214","AC006511.4","Exc L4-5 RORB GABRG1",-0.00709199031319815,2.60373054599419,0.00965504452919995,0.993191079637069,0.999997068196745,0.999983379322086,"group_idyes"
"11215","FOXJ2","Exc L4-5 RORB GABRG1",-0.0264288104757655,3.61380628659295,0.174224998361203,0.676616722550288,0.999997068196745,0.999983379322086,"group_idyes"
"11216","C3AR1","Exc L4-5 RORB GABRG1",0.107312364216736,0.113901062259421,0.368329032302849,0.544274479924873,0.999997068196745,0.999983379322086,"group_idyes"
"11217","NECAP1","Exc L4-5 RORB GABRG1",-0.0378001691911852,5.41011131216708,0.417669201757699,0.518487681719781,0.999997068196745,0.999983379322086,"group_idyes"
"11218","CLEC4A","Exc L4-5 RORB GABRG1",-0.0146708567414593,0.751463218370183,0.0120804831721559,0.912537067523658,0.999997068196745,0.999983379322086,"group_idyes"
"11219","FAM66C","Exc L4-5 RORB GABRG1",-0.00520972417458191,6.24198258350372,0.0119997750730929,0.912828547538723,0.999997068196745,0.999983379322086,"group_idyes"
"11220","AC092111.1","Exc L4-5 RORB GABRG1",0.0663384208805988,3.04854474246815,0.513676024323742,0.473986700843783,0.999997068196745,0.999983379322086,"group_idyes"
"11221","FAM90A1","Exc L4-5 RORB GABRG1",0.0332975948109714,1.77002748571097,0.0722616781029637,0.788215892729868,0.999997068196745,0.999983379322086,"group_idyes"
"11222","LINC02449","Exc L4-5 RORB GABRG1",-0.0158680072236559,2.94213640990451,0.050881419686996,0.821656348853567,0.999997068196745,0.999983379322086,"group_idyes"
"11223","LINC00937","Exc L4-5 RORB GABRG1",0.0322520132342835,5.79241852657268,0.313235243748317,0.576027349593464,0.999997068196745,0.999983379322086,"group_idyes"
"11224","AC092745.1","Exc L4-5 RORB GABRG1",0.0195458443618187,3.4733447195633,0.0937551893161233,0.759622041249854,0.999997068196745,0.999983379322086,"group_idyes"
"11225","RIMKLB","Exc L4-5 RORB GABRG1",-0.056231321608903,4.1243053745186,1.0316039699223,0.310420540270893,0.999997068196745,0.999983379322086,"group_idyes"
"11226","A2ML1-AS1","Exc L4-5 RORB GABRG1",-0.0802021956649409,3.42389286177913,1.56623004938797,0.211515751299994,0.999997068196745,0.999983379322086,"group_idyes"
"11227","A2ML1","Exc L4-5 RORB GABRG1",-0.0310349899925103,1.95650230823708,0.0829645618752057,0.773474517783975,0.999997068196745,0.999983379322086,"group_idyes"
"11228","AC006581.2","Exc L4-5 RORB GABRG1",-0.0207290410233025,4.62043267840065,0.140111966017052,0.708375946643253,0.999997068196745,0.999983379322086,"group_idyes"
"11229","PHC1","Exc L4-5 RORB GABRG1",-0.0519410946686201,5.06773406952884,1.41040923227905,0.23572115746144,0.999997068196745,0.999983379322086,"group_idyes"
"11230","M6PR","Exc L4-5 RORB GABRG1",0.0121043448020083,5.13320601699828,0.0599627259684264,0.806685416696717,0.999997068196745,0.999983379322086,"group_idyes"
"11231","KLRG1","Exc L4-5 RORB GABRG1",0.0967077405438212,3.72844578141664,1.64732520936776,0.200095898498471,0.999997068196745,0.999983379322086,"group_idyes"
"11232","A2M-AS1","Exc L4-5 RORB GABRG1",0.13272913900262,2.21844431087435,2.79368608413624,0.0954494348158298,0.999997068196745,0.999983379322086,"group_idyes"
"11233","A2M","Exc L4-5 RORB GABRG1",-0.0664333535223281,2.43451590333678,0.389085348316295,0.533150223369828,0.999997068196745,0.999983379322086,"group_idyes"
"11234","PZP","Exc L4-5 RORB GABRG1",0.245775207504092,1.75595314667213,3.26531807980447,0.0715403833848491,0.999997068196745,0.999983379322086,"group_idyes"
"11235","LINC00987","Exc L4-5 RORB GABRG1",0.0520364236697761,1.79067496946435,0.287236110125171,0.592306870317481,0.999997068196745,0.999983379322086,"group_idyes"
"11236","AC010175.1","Exc L4-5 RORB GABRG1",0.201948292087267,2.61501460675111,5.88961057032124,0.0156889645345356,0.999997068196745,0.999983379322086,"group_idyes"
"11237","CLEC2D","Exc L4-5 RORB GABRG1",-0.0283298434608164,2.98849937699183,0.134403250314767,0.71411112053717,0.999997068196745,0.999983379322086,"group_idyes"
"11238","CLEC2A","Exc L4-5 RORB GABRG1",0.334205765492961,0.963437198285422,1.09102759111004,0.296899482244296,0.999997068196745,0.999983379322086,"group_idyes"
"11239","LINC02470","Exc L4-5 RORB GABRG1",0.332820547972285,0.84009118500087,1.18127470134532,0.277777107530982,0.999997068196745,0.999983379322086,"group_idyes"
"11240","CLEC12A","Exc L4-5 RORB GABRG1",0.0361916977015583,0.330348641965456,0.0531839926621714,0.817735291237212,0.999997068196745,0.999983379322086,"group_idyes"
"11241","OLR1","Exc L4-5 RORB GABRG1",0.0188695543319084,1.39184180114795,0.01842295064276,0.89210479399104,0.999997068196745,0.999983379322086,"group_idyes"
"11242","GABARAPL1","Exc L4-5 RORB GABRG1",0.0264752443347657,6.265188361318,0.180419871520604,0.671250102241567,0.999997068196745,0.999983379322086,"group_idyes"
"11243","KLRD1","Exc L4-5 RORB GABRG1",-0.0324203846303576,4.98944020093685,0.0939857748257941,0.759335780880259,0.999997068196745,0.999983379322086,"group_idyes"
"11244","AC022075.1","Exc L4-5 RORB GABRG1",0.195298726050537,1.47626884541452,1.19568782072783,0.274869426264945,0.999997068196745,0.999983379322086,"group_idyes"
"11245","KLRC1","Exc L4-5 RORB GABRG1",-0.0236556566761567,0.42268541159753,0.0149267491056675,0.902824156192943,0.999997068196745,0.999983379322086,"group_idyes"
"11246","EIF2S3B","Exc L4-5 RORB GABRG1",0.134551583299349,1.52711444100846,1.73438628360934,0.365618210818889,0.999997068196745,0.999983379322086,"group_idyes"
"11247","MAGOHB","Exc L4-5 RORB GABRG1",-0.0307439558864237,3.12846418302015,0.297309824540908,0.884337718131802,0.999997068196745,0.999983379322086,"group_idyes"
"11248","STYK1","Exc L4-5 RORB GABRG1",-0.0247951747807177,2.4926405512973,0.0688216071976257,0.793200718649558,0.999997068196745,0.999983379322086,"group_idyes"
"11249","YBX3","Exc L4-5 RORB GABRG1",-0.011030360048183,0.673313938972081,0.00571131928182917,0.939797883529529,0.999997068196745,0.999983379322086,"group_idyes"
"11250","PRH1","Exc L4-5 RORB GABRG1",0.0160292350528394,5.09187050807798,0.120908262280351,0.728241643343281,0.999997068196745,0.999983379322086,"group_idyes"
"11251","SMIM10L1","Exc L4-5 RORB GABRG1",0.0275819034058585,3.97592617326814,0.23887287084445,0.971187878633598,0.999997068196745,0.999983379322086,"group_idyes"
"11252","AC244131.2","Exc L4-5 RORB GABRG1",0.115064638250646,4.55549273816694,1.32851554215112,0.249785128468132,0.999997068196745,0.999983379322086,"group_idyes"
"11253","PRB1","Exc L4-5 RORB GABRG1",0.0112014212841821,3.80621541704092,0.0125447312588554,0.910879230365866,0.999997068196745,0.999983379322086,"group_idyes"
"11254","PRB2","Exc L4-5 RORB GABRG1",-0.0375284602483413,7.49519294249748,0.443663615607241,0.505758646403413,0.999997068196745,0.999983379322086,"group_idyes"
"11255","AC007450.1","Exc L4-5 RORB GABRG1",-0.174291042385045,2.44069250426,1.54228507942294,0.215034526277548,0.999997068196745,0.999983379322086,"group_idyes"
"11256","LINC01252","Exc L4-5 RORB GABRG1",-0.0183797891293054,6.56228561073826,0.164147674726436,0.68559139801522,0.999997068196745,0.999983379322086,"group_idyes"
"11257","ETV6","Exc L4-5 RORB GABRG1",-0.0303909577950255,5.9547012780025,0.342252156331745,0.55887505478845,0.999997068196745,0.999983379322086,"group_idyes"
"11258","BCL2L14","Exc L4-5 RORB GABRG1",-0.0334533457375961,3.33080152117414,0.131433591143103,0.717149320852092,0.999997068196745,0.999983379322086,"group_idyes"
"11259","LRP6","Exc L4-5 RORB GABRG1",-0.0297027423064857,5.66743854711228,0.741272238203972,0.772880617069107,0.999997068196745,0.999983379322086,"group_idyes"
"11260","MANSC1","Exc L4-5 RORB GABRG1",0.0049428281799622,4.47411582045896,0.020860187059108,0.88523611243234,0.999997068196745,0.999983379322086,"group_idyes"
"11261","LOH12CR2","Exc L4-5 RORB GABRG1",-0.0928932290047914,1.57933874872066,0.751388658028857,0.386577216533834,0.999997068196745,0.999983379322086,"group_idyes"
"11262","BORCS5","Exc L4-5 RORB GABRG1",-0.0364553486543902,5.59193800083721,0.711866245448167,0.399349242911905,0.999997068196745,0.999983379322086,"group_idyes"
"11263","DUSP16","Exc L4-5 RORB GABRG1",-0.120310381527369,3.53315725619909,2.29492025598678,0.130618989633546,0.999997068196745,0.999983379322086,"group_idyes"
"11264","AC007619.1","Exc L4-5 RORB GABRG1",0.0227693101356507,3.28904721743793,0.09857775985546,0.753713271171099,0.999997068196745,0.999983379322086,"group_idyes"
"11265","CREBL2","Exc L4-5 RORB GABRG1",0.0281720914978618,4.61407793333331,0.436167860374072,0.509373109451482,0.999997068196745,0.999983379322086,"group_idyes"
"11266","AC008115.4","Exc L4-5 RORB GABRG1",-0.00372945439383846,0.786729702730855,0.00152246332318893,0.968895673759232,0.999997068196745,0.999983379322086,"group_idyes"
"11267","GPR19","Exc L4-5 RORB GABRG1",-0.0209750479137664,3.84550672006669,0.197653998884838,0.656871161772861,0.999997068196745,0.999983379322086,"group_idyes"
"11268","AC008115.2","Exc L4-5 RORB GABRG1",-0.0585560197353449,2.30317559054081,0.201830006774747,0.653500723373898,0.999997068196745,0.999983379322086,"group_idyes"
"11269","CDKN1B","Exc L4-5 RORB GABRG1",0.0441049199677489,4.63309141735652,0.425762737104973,0.514465139532502,0.999997068196745,0.999983379322086,"group_idyes"
"11270","APOLD1","Exc L4-5 RORB GABRG1",-0.0843383381336631,3.50556974830676,0.644207849405402,0.422686697527859,0.999997068196745,0.999983379322086,"group_idyes"
"11271","GPRC5D-AS1","Exc L4-5 RORB GABRG1",-0.155537011872257,1.20962281206021,1.2760340727936,0.25934153367943,0.999997068196745,0.999983379322086,"group_idyes"
"11272","HEBP1","Exc L4-5 RORB GABRG1",0.019086008770975,2.92319984503875,0.0606600077550469,0.80558714694015,0.999997068196745,0.999983379322086,"group_idyes"
"11273","AC023790.2","Exc L4-5 RORB GABRG1",-0.0341247325079883,2.08054780247749,0.0990293106628667,0.753168215801787,0.999997068196745,0.999983379322086,"group_idyes"
"11274","FAM234B","Exc L4-5 RORB GABRG1",-0.0399611193150063,4.89713553651525,1.24174143893764,0.265831343108735,0.999997068196745,0.999983379322086,"group_idyes"
"11275","GSG1","Exc L4-5 RORB GABRG1",-0.239523968445319,0.520679882260639,1.82638827521653,0.177348835171378,0.999997068196745,0.999983379322086,"group_idyes"
"11276","GRIN2B","Exc L4-5 RORB GABRG1",-0.0143302851727743,8.49953267155988,0.189394625809765,0.663664973414048,0.999997068196745,0.999983379322086,"group_idyes"
"11277","ATF7IP","Exc L4-5 RORB GABRG1",-3.30399880632561e-05,6.23531666976,1.01324541340139e-06,0.999197370526995,0.999997068196745,0.999983379322086,"group_idyes"
"11278","PLBD1","Exc L4-5 RORB GABRG1",-0.377650560847017,0.659684257734214,6.82061443226123,0.00936378061547202,0.999997068196745,0.999983379322086,"group_idyes"
"11279","GUCY2C","Exc L4-5 RORB GABRG1",-0.111807304560534,1.48980125964614,0.816181136868775,0.366864389824846,0.999997068196745,0.999983379322086,"group_idyes"
"11280","AC010168.1","Exc L4-5 RORB GABRG1",0.0253538432315734,2.31802812559234,0.0532026898800977,0.81770382127625,0.999997068196745,0.999983379322086,"group_idyes"
"11281","H2AFJ","Exc L4-5 RORB GABRG1",0.111149852732669,1.12779411406897,0.989977327609015,0.725331585824978,0.999997068196745,0.999983379322086,"group_idyes"
"11282","WBP11","Exc L4-5 RORB GABRG1",0.0279060603249679,4.78557114445527,0.247113010008121,0.619399223871426,0.999997068196745,0.999983379322086,"group_idyes"
"11283","C12orf60","Exc L4-5 RORB GABRG1",0.048847358424742,1.86635244556857,0.232579520125811,0.629891966766288,0.999997068196745,0.999983379322086,"group_idyes"
"11284","ARHGDIB","Exc L4-5 RORB GABRG1",0.079812927027887,0.517091609321946,0.234203773593369,0.628699508738088,0.999997068196745,0.999983379322086,"group_idyes"
"11285","PDE6H","Exc L4-5 RORB GABRG1",0.123657083683355,2.00995864604617,1.53110231691893,0.216701756468001,0.999997068196745,0.999983379322086,"group_idyes"
"11286","RERG","Exc L4-5 RORB GABRG1",-0.108683276666454,4.16252487339575,1.4603358153753,0.22761891974318,0.999997068196745,0.999983379322086,"group_idyes"
"11287","PTPRO","Exc L4-5 RORB GABRG1",-0.0262100456717855,7.94781922569284,0.324936042534082,0.568988970892918,0.999997068196745,0.999983379322086,"group_idyes"
"11288","EPS8","Exc L4-5 RORB GABRG1",-0.0763876577386423,2.34091619824109,0.699651919028667,0.40341990058236,0.999997068196745,0.999983379322086,"group_idyes"
"11289","STRAP","Exc L4-5 RORB GABRG1",-0.00510463571629402,5.57977893699854,0.00837926727085274,0.927112487067192,0.999997068196745,0.999983379322086,"group_idyes"
"11290","DERA","Exc L4-5 RORB GABRG1",-0.0435984466138453,3.77202110894523,0.43394521951149,0.510453451833769,0.999997068196745,0.999983379322086,"group_idyes"
"11291","MGST1","Exc L4-5 RORB GABRG1",0.0770819435077221,4.73176073587461,0.813537675083742,0.367640713838934,0.999997068196745,0.999983379322086,"group_idyes"
"11292","LMO3","Exc L4-5 RORB GABRG1",0.0722732319750236,7.69493696758582,2.37800072578342,0.123877028678695,0.999997068196745,0.999983379322086,"group_idyes"
"11293","AC007529.2","Exc L4-5 RORB GABRG1",0.170568591138503,1.26386786306342,1.69581095019375,0.193615778117762,0.999997068196745,0.999983379322086,"group_idyes"
"11294","LINC02378","Exc L4-5 RORB GABRG1",0.0708173341760396,0.867997972222405,0.183061898649229,0.668994386902967,0.999997068196745,0.999983379322086,"group_idyes"
"11295","RERGL","Exc L4-5 RORB GABRG1",0.152366093974015,0.953311119787295,1.29673197598066,0.255519591486531,0.999997068196745,0.999983379322086,"group_idyes"
"11296","PIK3C2G","Exc L4-5 RORB GABRG1",0.291152014684102,1.37603216334471,7.4571541886535,0.00660916833417766,0.999997068196745,0.999983379322086,"group_idyes"
"11297","PLEKHA5","Exc L4-5 RORB GABRG1",0.00634979065449526,9.42094400719194,0.034498706534794,0.852747897988677,0.999997068196745,0.999983379322086,"group_idyes"
"11298","AEBP2","Exc L4-5 RORB GABRG1",0.0229546300623965,8.38134130448056,0.371182803804742,0.542719842859163,0.999997068196745,0.999983379322086,"group_idyes"
"11299","AC024901.1","Exc L4-5 RORB GABRG1",-0.0274892617925868,6.61196491336602,0.1581246618479,0.691109534360755,0.999997068196745,0.999983379322086,"group_idyes"
"11300","LINC02398","Exc L4-5 RORB GABRG1",-0.008968296300767,5.4779508773981,0.0144878294440026,0.904256531737282,0.999997068196745,0.999983379322086,"group_idyes"
"11301","PDE3A","Exc L4-5 RORB GABRG1",0.135759119675941,3.25829243574343,0.947995185464553,0.330841896149994,0.999997068196745,0.999983379322086,"group_idyes"
"11302","SLCO1A2","Exc L4-5 RORB GABRG1",0.00520038525685903,1.30886330409002,0.00100511401119068,0.974724917589424,0.999997068196745,0.999983379322086,"group_idyes"
"11303","PYROXD1","Exc L4-5 RORB GABRG1",0.00620012300662552,4.28295233159798,0.0223398948618331,0.969903182696445,0.999997068196745,0.999983379322086,"group_idyes"
"11304","RECQL","Exc L4-5 RORB GABRG1",-0.0270194344849216,3.64973069670975,0.296255315830068,0.58655488979258,0.999997068196745,0.999983379322086,"group_idyes"
"11305","GOLT1B","Exc L4-5 RORB GABRG1",-0.024003103557404,5.9001751511303,0.135549973047571,0.712948127098071,0.999997068196745,0.999983379322086,"group_idyes"
"11306","GYS2","Exc L4-5 RORB GABRG1",0.0598248151411311,1.92374700516138,0.318922020575895,0.572585307384691,0.999997068196745,0.999983379322086,"group_idyes"
"11307","LDHB","Exc L4-5 RORB GABRG1",0.0252973019571612,5.92043549098048,0.0824661667342269,0.774137348951577,0.999997068196745,0.999983379322086,"group_idyes"
"11308","AC010197.1","Exc L4-5 RORB GABRG1",0.0213956407082808,0.552740700697981,0.0240748798141187,0.876775906501953,0.999997068196745,0.999983379322086,"group_idyes"
"11309","KCNJ8","Exc L4-5 RORB GABRG1",0.130533499510947,1.43593813601319,1.03848367928873,0.308814777888522,0.999997068196745,0.999983379322086,"group_idyes"
"11310","ABCC9","Exc L4-5 RORB GABRG1",-0.053879877424023,3.56993713687552,0.334456956396478,0.563384746487868,0.999997068196745,0.999983379322086,"group_idyes"
"11311","CMAS","Exc L4-5 RORB GABRG1",0.0269928144070005,5.66531107609969,0.408004554925787,0.523364126443189,0.999997068196745,0.999983379322086,"group_idyes"
"11312","ST8SIA1","Exc L4-5 RORB GABRG1",-0.00321604983454229,7.68151642460766,0.0125399465026609,0.91089615689211,0.999997068196745,0.999983379322086,"group_idyes"
"11313","C2CD5","Exc L4-5 RORB GABRG1",-0.00218953656852843,8.04652500237121,0.00489238663337918,0.944273301634915,0.999997068196745,0.999983379322086,"group_idyes"
"11314","AC087241.3","Exc L4-5 RORB GABRG1",0.276556322064353,0.380565184522128,2.57756025294842,0.1092090734596,0.999997068196745,0.999983379322086,"group_idyes"
"11315","ETNK1","Exc L4-5 RORB GABRG1",0.00119083321443171,6.75545467147316,0.00130475498893658,0.971204298820834,0.999997068196745,0.999983379322086,"group_idyes"
"11316","AC084816.1","Exc L4-5 RORB GABRG1",0.046190171415405,7.27306666108344,0.460575560490013,0.497763123603708,0.999997068196745,0.999983379322086,"group_idyes"
"11317","AC087258.1","Exc L4-5 RORB GABRG1",0.0927177917060028,3.56110087789648,1.03188489159965,0.310354758598709,0.999997068196745,0.999983379322086,"group_idyes"
"11318","AC087235.1","Exc L4-5 RORB GABRG1",0.150997144116468,1.1562736980006,1.04870431074179,0.306449144197456,0.999997068196745,0.999983379322086,"group_idyes"
"11319","SOX5","Exc L4-5 RORB GABRG1",0.00774034997280768,9.57939915743038,0.0308439498704698,0.86068138482558,0.999997068196745,0.999983379322086,"group_idyes"
"11320","BCAT1","Exc L4-5 RORB GABRG1",-0.0349658386109568,5.79398285355081,1.39043932624905,0.239059616675624,0.999997068196745,0.999983379322086,"group_idyes"
"11321","LRMP","Exc L4-5 RORB GABRG1",-2.44495424197075e-05,6.60356929979904,5.86367110655412e-07,0.999389419946925,0.999997068196745,0.999983379322086,"group_idyes"
"11322","CASC1","Exc L4-5 RORB GABRG1",-0.087962977787877,4.61579477935062,3.32184404150953,0.0691411660796517,0.999997068196745,0.999983379322086,"group_idyes"
"11323","ETFRF1","Exc L4-5 RORB GABRG1",0.00292295319040758,5.43579091328658,0.00707147019166313,0.933026996512874,0.999997068196745,0.999983379322086,"group_idyes"
"11324","KRAS","Exc L4-5 RORB GABRG1",0.00998541864980794,5.8709067627292,0.0327643059334264,0.856455724384561,0.999997068196745,0.999983379322086,"group_idyes"
"11325","AC092794.1","Exc L4-5 RORB GABRG1",0.0423441908251595,2.13433677779549,0.279564937423135,0.597291403655157,0.999997068196745,0.999983379322086,"group_idyes"
"11326","AC087239.1","Exc L4-5 RORB GABRG1",-0.010669839748542,0.890965180287767,0.00667862223993055,0.93490961494618,0.999997068196745,0.999983379322086,"group_idyes"
"11327","LMNTD1","Exc L4-5 RORB GABRG1",0.0668003113233571,1.37751919935704,0.396688116196183,0.71222481277278,0.999997068196745,0.999983379322086,"group_idyes"
"11328","RASSF8-AS1","Exc L4-5 RORB GABRG1",-0.0454321717644948,4.3807721704764,0.481659250488795,0.488090536149026,0.999997068196745,0.999983379322086,"group_idyes"
"11329","RASSF8","Exc L4-5 RORB GABRG1",-0.0514887766911016,4.07464715601302,0.822423737226476,0.365040113470582,0.999997068196745,0.999983379322086,"group_idyes"
"11330","BHLHE41","Exc L4-5 RORB GABRG1",0.0893060242700485,5.04490839573774,2.02997588517875,0.155033723709994,0.999997068196745,0.999983379322086,"group_idyes"
"11331","SSPN","Exc L4-5 RORB GABRG1",0.0711774593313375,3.01081289744199,1.16072773547153,0.281989732734352,0.999997068196745,0.999983379322086,"group_idyes"
"11332","AC022509.2","Exc L4-5 RORB GABRG1",0.0367085899971556,2.26208040646602,0.102540137751685,0.748976243127537,0.999997068196745,0.999983379322086,"group_idyes"
"11333","AC024145.1","Exc L4-5 RORB GABRG1",0.0175120750438151,1.04006117541219,0.0130009250746229,0.909280149478522,0.999997068196745,0.999983379322086,"group_idyes"
"11334","ITPR2","Exc L4-5 RORB GABRG1",0.00903564459127014,6.95039975979645,0.0115770743166066,0.914371612281033,0.999997068196745,0.999983379322086,"group_idyes"
"11335","AC023051.1","Exc L4-5 RORB GABRG1",-0.0612067315060924,0.873189487243015,0.130915605876896,0.717683229864992,0.999997068196745,0.999983379322086,"group_idyes"
"11336","INTS13","Exc L4-5 RORB GABRG1",0.0140099712555656,3.0772628461434,0.0679984459816573,0.794413165193569,0.999997068196745,0.999983379322086,"group_idyes"
"11337","FGFR1OP2","Exc L4-5 RORB GABRG1",0.039742382012395,6.8106937406573,0.872662965590509,0.350805067083924,0.999997068196745,0.999983379322086,"group_idyes"
"11338","TM7SF3","Exc L4-5 RORB GABRG1",-0.0446138132005236,6.91176982289972,1.22712931129028,0.268658115461261,0.999997068196745,0.999983379322086,"group_idyes"
"11339","MED21","Exc L4-5 RORB GABRG1",0.00135814431066084,5.44376579026591,0.000974382993454846,0.975114177778035,0.999997068196745,0.999983379322086,"group_idyes"
"11340","AC092747.1","Exc L4-5 RORB GABRG1",-0.0480267220551927,0.976817084325963,0.107674392480949,0.742986009842747,0.999997068196745,0.999983379322086,"group_idyes"
"11341","STK38L","Exc L4-5 RORB GABRG1",-0.010934315493413,6.17081775847375,0.163353032378106,0.686312615126102,0.999997068196745,0.999983379322086,"group_idyes"
"11342","ARNTL2","Exc L4-5 RORB GABRG1",-0.0485741402864884,6.49930694275261,1.72209405850632,0.19020609049982,0.999997068196745,0.999983379322086,"group_idyes"
"11343","ARNTL2-AS1","Exc L4-5 RORB GABRG1",0.0280446202632538,1.93677003875048,0.0470723014058744,0.828353337815433,0.999997068196745,0.999983379322086,"group_idyes"
"11344","SMCO2","Exc L4-5 RORB GABRG1",-0.0566462386974373,3.02981494940628,0.750115516421098,0.38697944068785,0.999997068196745,0.999983379322086,"group_idyes"
"11345","PPFIBP1","Exc L4-5 RORB GABRG1",0.027611951143033,8.5328311700077,0.741654994195588,0.389667638685315,0.999997068196745,0.999983379322086,"group_idyes"
"11346","REP15","Exc L4-5 RORB GABRG1",0.128736243407232,2.73312177623257,2.04403876597255,0.153614999614853,0.999997068196745,0.999983379322086,"group_idyes"
"11347","AC009509.4","Exc L4-5 RORB GABRG1",0.00473286600551373,1.07365391848429,0.00138785476727032,0.970301866420577,0.999997068196745,0.999983379322086,"group_idyes"
"11348","AC009509.2","Exc L4-5 RORB GABRG1",0.246195501863097,0.455103491197684,1.83816714945433,0.175961196012793,0.999997068196745,0.999983379322086,"group_idyes"
"11349","MRPS35","Exc L4-5 RORB GABRG1",-0.0214934376206556,5.24600683314183,0.482596050740288,0.487668067182225,0.999997068196745,0.999983379322086,"group_idyes"
"11350","KLHL42","Exc L4-5 RORB GABRG1",-0.00819742490489857,6.08017559994885,0.0396917219396539,0.842189791348728,0.999997068196745,0.999983379322086,"group_idyes"
"11351","CCDC91","Exc L4-5 RORB GABRG1",0.000577651804834583,7.20668258637105,0.000330120714990573,0.985513272682172,0.999997068196745,0.999983379322086,"group_idyes"
"11352","AC022364.1","Exc L4-5 RORB GABRG1",0.0994957974664066,1.34749031145694,1.00885732947639,0.442014049539962,0.999997068196745,0.999983379322086,"group_idyes"
"11353","AC012150.1","Exc L4-5 RORB GABRG1",0.108984691837737,0.300148307255549,0.480965314916813,0.488403873215202,0.999997068196745,0.999983379322086,"group_idyes"
"11354","FAR2","Exc L4-5 RORB GABRG1",0.00764255248821484,6.74963152693801,0.0326088522123484,0.856792956255187,0.999997068196745,0.999983379322086,"group_idyes"
"11355","AC009318.1","Exc L4-5 RORB GABRG1",0.0866848305402981,2.90809514105517,1.86402504400341,0.172958739749142,0.999997068196745,0.999983379322086,"group_idyes"
"11356","AC009318.3","Exc L4-5 RORB GABRG1",0.00192286463448634,0.789396051782645,0.000471247808847995,0.982691942559924,0.999997068196745,0.999983379322086,"group_idyes"
"11357","ERGIC2","Exc L4-5 RORB GABRG1",0.0412631135527147,5.52184701892334,1.55703679224208,0.212858551535646,0.999997068196745,0.999983379322086,"group_idyes"
"11358","OVCH1-AS1","Exc L4-5 RORB GABRG1",0.170221947800531,1.02834403550893,1.51082097667211,0.219765086825211,0.999997068196745,0.999983379322086,"group_idyes"
"11359","OVCH1","Exc L4-5 RORB GABRG1",0.0662091315937437,1.92761405606908,0.228893655733449,0.632617139590497,0.999997068196745,0.999983379322086,"group_idyes"
"11360","TMTC1","Exc L4-5 RORB GABRG1",0.00690300190816088,5.02273164862664,0.00676900750481893,0.934471632966078,0.999997068196745,0.999983379322086,"group_idyes"
"11361","IPO8","Exc L4-5 RORB GABRG1",-0.00535610121036949,5.00126267752965,0.02102302254591,0.884792183286097,0.999997068196745,0.999983379322086,"group_idyes"
"11362","CAPRIN2","Exc L4-5 RORB GABRG1",-0.0105190172705647,5.94387039612017,0.0947417445333383,0.758399968060745,0.999997068196745,0.999983379322086,"group_idyes"
"11363","AC010198.1","Exc L4-5 RORB GABRG1",-0.126331966491433,2.30619432627676,2.17084999068917,0.161364072989255,0.999997068196745,0.999983379322086,"group_idyes"
"11364","TSPAN11","Exc L4-5 RORB GABRG1",0.0789678606091061,0.371525169264531,0.22660576567918,0.634322305323309,0.999997068196745,0.999983379322086,"group_idyes"
"11365","DDX11-AS1","Exc L4-5 RORB GABRG1",0.0787399561470689,2.15002827072511,0.700889000247775,0.403004875088118,0.999997068196745,0.999983379322086,"group_idyes"
"11366","DDX11","Exc L4-5 RORB GABRG1",0.0393320548545421,3.09691236540533,0.155468186595545,0.693582057906032,0.999997068196745,0.999983379322086,"group_idyes"
"11367","DENND5B","Exc L4-5 RORB GABRG1",-0.000531553208764154,7.99724003559025,0.000340107445162242,0.985295805396124,0.999997068196745,0.999983379322086,"group_idyes"
"11368","DENND5B-AS1","Exc L4-5 RORB GABRG1",-0.0107396598146023,1.57592137603624,0.01219776923358,0.912115235995014,0.999997068196745,0.999983379322086,"group_idyes"
"11369","ETFBKMT","Exc L4-5 RORB GABRG1",-0.0565663753779121,2.08827512458742,0.440163281217564,0.542863877591267,0.999997068196745,0.999983379322086,"group_idyes"
"11370","AMN1","Exc L4-5 RORB GABRG1",-0.0684612810859188,5.93134640164609,5.62291607759227,0.0182188668224276,0.999997068196745,0.999983379322086,"group_idyes"
"11371","AC023157.3","Exc L4-5 RORB GABRG1",0.153674729080842,1.33872027118229,1.93651075645166,0.164851944072585,0.999997068196745,0.999983379322086,"group_idyes"
"11372","KIAA1551","Exc L4-5 RORB GABRG1",0.0518753732905775,5.24493260495721,1.20625227312563,0.272762481131618,0.999997068196745,0.999983379322086,"group_idyes"
"11373","AC016957.2","Exc L4-5 RORB GABRG1",-0.169152948431245,0.562077044554404,1.29933687830167,0.255043539087385,0.999997068196745,0.999983379322086,"group_idyes"
"11374","BICD1","Exc L4-5 RORB GABRG1",-0.0383581339234679,7.77900051131017,1.23197020640757,0.267717481856881,0.999997068196745,0.999983379322086,"group_idyes"
"11375","FGD4","Exc L4-5 RORB GABRG1",0.0161225832665047,4.40033644272695,0.0947729279038152,0.758361454182295,0.999997068196745,0.999983379322086,"group_idyes"
"11376","DNM1L","Exc L4-5 RORB GABRG1",-0.0213393639445698,7.26372692319323,0.665587463951688,0.41509906589208,0.999997068196745,0.999983379322086,"group_idyes"
"11377","YARS2","Exc L4-5 RORB GABRG1",0.0268346310946483,4.82087451183181,0.639281994490147,0.424464283243742,0.999997068196745,0.999983379322086,"group_idyes"
"11378","PKP2","Exc L4-5 RORB GABRG1",0.221551835955985,1.85993770206328,6.1947758616422,0.0132347226724074,0.999997068196745,0.999983379322086,"group_idyes"
"11379","SYT10","Exc L4-5 RORB GABRG1",0.051021037228147,0.843551784834493,0.0883884611735762,0.766396436415578,0.999997068196745,0.999983379322086,"group_idyes"
"11380","ALG10","Exc L4-5 RORB GABRG1",0.112652292807309,1.87029662440639,1.79711590603782,0.180852594962009,0.999997068196745,0.999983379322086,"group_idyes"
"11381","AC046130.2","Exc L4-5 RORB GABRG1",-0.150485803969652,1.35981665579165,1.73836640115978,0.188130302521279,0.999997068196745,0.999983379322086,"group_idyes"
"11382","AC140847.2","Exc L4-5 RORB GABRG1",-0.0767461025858622,2.50857839799517,0.594734036805047,0.441067681275449,0.999997068196745,0.999983379322086,"group_idyes"
"11383","ALG10B","Exc L4-5 RORB GABRG1",0.0133965896906393,3.23917007421419,0.0564454276734575,0.812331420580696,0.999997068196745,0.999983379322086,"group_idyes"
"11384","AC087897.2","Exc L4-5 RORB GABRG1",-0.168915314715959,0.425327690803147,1.08510183013875,0.298213179967765,0.999997068196745,0.999983379322086,"group_idyes"
"11385","CPNE8","Exc L4-5 RORB GABRG1",0.0242993773505668,7.19225930470408,0.36452017816771,0.546362308481968,0.999997068196745,0.999983379322086,"group_idyes"
"11386","KIF21A","Exc L4-5 RORB GABRG1",-0.0112660534995033,7.48773480546442,0.213530457807898,0.6442754261914,0.999997068196745,0.999983379322086,"group_idyes"
"11387","ABCD2","Exc L4-5 RORB GABRG1",-0.0598041772673796,4.22355896266855,0.995549972725924,0.319016814176344,0.999997068196745,0.999983379322086,"group_idyes"
"11388","C12orf40","Exc L4-5 RORB GABRG1",-0.0253680878539225,3.71217630379703,0.0953899913899866,0.757600755592461,0.999997068196745,0.999983379322086,"group_idyes"
"11389","SLC2A13","Exc L4-5 RORB GABRG1",-0.0243115054057559,8.40930696809594,0.682696936235581,0.409171688960239,0.999997068196745,0.999983379322086,"group_idyes"
"11390","LINC02471","Exc L4-5 RORB GABRG1",-0.11739248432828,1.43923166257133,1.14106155270034,0.286097915446275,0.999997068196745,0.999983379322086,"group_idyes"
"11391","AC079630.1","Exc L4-5 RORB GABRG1",0.044421461149584,1.83085559545406,0.229603920723695,0.632089910184613,0.999997068196745,0.999983379322086,"group_idyes"
"11392","LRRK2","Exc L4-5 RORB GABRG1",-0.0358863018394465,6.14270980432992,1.0225471840721,0.312551103958579,0.999997068196745,0.999983379322086,"group_idyes"
"11393","CNTN1","Exc L4-5 RORB GABRG1",0.0265525356262305,9.8059349554668,0.410676095349782,0.522008071373439,0.999997068196745,0.999983379322086,"group_idyes"
"11394","PDZRN4","Exc L4-5 RORB GABRG1",-0.00758045101345836,8.88342096338995,0.015239371260917,0.901816934490573,0.999997068196745,0.999983379322086,"group_idyes"
"11395","AC090531.1","Exc L4-5 RORB GABRG1",-0.0453867933443418,2.61518815542225,0.135649921563999,0.712847025511796,0.999997068196745,0.999983379322086,"group_idyes"
"11396","AC090630.1","Exc L4-5 RORB GABRG1",0.0697156947509613,3.25200432904629,0.573842248941934,0.449199846505445,0.999997068196745,0.999983379322086,"group_idyes"
"11397","GXYLT1","Exc L4-5 RORB GABRG1",0.00274226772655774,4.7088137007434,0.00525367911984332,0.942255782784056,0.999997068196745,0.999983379322086,"group_idyes"
"11398","YAF2","Exc L4-5 RORB GABRG1",0.0135931842840081,6.82354686900514,0.224238373521317,0.636097880045801,0.999997068196745,0.999983379322086,"group_idyes"
"11399","PPHLN1","Exc L4-5 RORB GABRG1",0.00941328181900776,7.29204105090859,0.137021408335639,0.711463969903697,0.999997068196745,0.999983379322086,"group_idyes"
"11400","ZCRB1","Exc L4-5 RORB GABRG1",-0.0669478498097358,4.44757880620076,1.21234421492702,0.271556745021928,0.999997068196745,0.999983379322086,"group_idyes"
"11401","PRICKLE1","Exc L4-5 RORB GABRG1",-0.00592650334093111,8.07264352241801,0.0252903863245316,0.873729068601958,0.999997068196745,0.999983379322086,"group_idyes"
"11402","ADAMTS20","Exc L4-5 RORB GABRG1",-0.0719199273549179,0.952823030049808,0.255612694433238,0.613439971019022,0.999997068196745,0.999983379322086,"group_idyes"
"11403","PUS7L","Exc L4-5 RORB GABRG1",0.00457473242135202,5.7054846702174,0.0133734150030366,0.907995435164222,0.999997068196745,0.999983379322086,"group_idyes"
"11404","IRAK4","Exc L4-5 RORB GABRG1",-0.0314629765586161,1.99269895350974,0.164601243697655,0.800792036936403,0.999997068196745,0.999983379322086,"group_idyes"
"11405","TWF1","Exc L4-5 RORB GABRG1",0.0809435609968594,3.46528710985269,2.66949131408686,0.103106714299492,0.999997068196745,0.999983379322086,"group_idyes"
"11406","TMEM117","Exc L4-5 RORB GABRG1",-0.0452951806700615,6.63662629267403,0.903021130137674,0.34256948882729,0.999997068196745,0.999983379322086,"group_idyes"
"11407","AC025253.1","Exc L4-5 RORB GABRG1",0.0530320134973666,1.82277816917592,0.290288978220069,0.596212407166793,0.999997068196745,0.999983379322086,"group_idyes"
"11408","NELL2","Exc L4-5 RORB GABRG1",0.0102689548642578,9.8968268112513,0.0989326754936353,0.753284746576932,0.999997068196745,0.999983379322086,"group_idyes"
"11409","AC008127.1","Exc L4-5 RORB GABRG1",0.0493269042556398,1.1675836268015,0.092777813487995,0.760839699604436,0.999997068196745,0.999983379322086,"group_idyes"
"11410","ANO6","Exc L4-5 RORB GABRG1",-0.00430583051048022,5.11169944994962,0.00654553742072053,0.935559974225088,0.999997068196745,0.999983379322086,"group_idyes"
"11411","AC079950.1","Exc L4-5 RORB GABRG1",0.190790274750165,2.65517339052553,4.64849160171857,0.0317001874496179,0.999997068196745,0.999983379322086,"group_idyes"
"11412","AC008124.1","Exc L4-5 RORB GABRG1",0.0556358976475077,4.02975948217951,1.7285285751672,0.189382085244232,0.999997068196745,0.999983379322086,"group_idyes"
"11413","ARID2","Exc L4-5 RORB GABRG1",-0.0478816120951791,6.18855453452364,2.55544665525051,0.110735651526773,0.999997068196745,0.999983379322086,"group_idyes"
"11414","SCAF11","Exc L4-5 RORB GABRG1",0.00720018752849049,6.71238455321961,0.0995319219070527,0.752563130729616,0.999997068196745,0.999983379322086,"group_idyes"
"11415","SLC38A1","Exc L4-5 RORB GABRG1",0.00212604539881376,7.33447528473001,0.00412483365228951,0.948824532945769,0.999997068196745,0.999983379322086,"group_idyes"
"11416","SLC38A2","Exc L4-5 RORB GABRG1",0.0881889174872361,5.96994840798403,2.72762895150123,0.0994415380193889,0.999997068196745,0.999983379322086,"group_idyes"
"11417","AC008014.1","Exc L4-5 RORB GABRG1",-0.101749310487236,5.60916484157684,2.32417441850586,0.12819935774138,0.999997068196745,0.999983379322086,"group_idyes"
"11418","PCED1B","Exc L4-5 RORB GABRG1",-0.123617649548547,2.4062327532362,0.848471580924578,0.357562308208832,0.999997068196745,0.999983379322086,"group_idyes"
"11419","AC008083.2","Exc L4-5 RORB GABRG1",-0.119018028431419,0.091133997591262,0.349535588737593,0.554723327000916,0.999997068196745,0.999983379322086,"group_idyes"
"11420","RPAP3","Exc L4-5 RORB GABRG1",-0.0437431954159718,4.65854743216975,1.36803267814035,0.242874276441056,0.999997068196745,0.999983379322086,"group_idyes"
"11421","AC004241.1","Exc L4-5 RORB GABRG1",-0.115817723046514,1.08690067911864,0.909545873385283,0.340833751048155,0.999997068196745,0.999983379322086,"group_idyes"
"11422","RAPGEF3","Exc L4-5 RORB GABRG1",0.0720205676349485,3.09485338095919,0.666494001985705,0.414781828718528,0.999997068196745,0.999983379322086,"group_idyes"
"11423","SLC48A1","Exc L4-5 RORB GABRG1",0.0546111260499238,4.40647484423304,1.33590161311282,0.248475283423558,0.999997068196745,0.999983379322086,"group_idyes"
"11424","HDAC7","Exc L4-5 RORB GABRG1",-0.012584853292367,5.18126155861809,0.100768311395426,0.751081777476389,0.999997068196745,0.999983379322086,"group_idyes"
"11425","AC004466.1","Exc L4-5 RORB GABRG1",-0.0524770413762312,1.45578948889906,0.255604549126893,0.613445621911353,0.999997068196745,0.999983379322086,"group_idyes"
"11426","VDR","Exc L4-5 RORB GABRG1",0.0583147317267012,1.34242201414058,0.225293174914864,0.635305353221368,0.999997068196745,0.999983379322086,"group_idyes"
"11427","TMEM106C","Exc L4-5 RORB GABRG1",-0.00824950268443123,4.3338313352385,0.0209856252421909,0.884893981715666,0.999997068196745,0.999983379322086,"group_idyes"
"11428","SENP1","Exc L4-5 RORB GABRG1",-0.0411302832102948,4.47440806149246,1.0890505599763,0.297336945688129,0.999997068196745,0.999983379322086,"group_idyes"
"11429","PFKM","Exc L4-5 RORB GABRG1",0.00436392512758836,4.96063027736447,0.00530397523602555,0.941980521223018,0.999997068196745,0.999983379322086,"group_idyes"
"11430","ASB8","Exc L4-5 RORB GABRG1",0.0449796577262494,4.97472410102723,1.07526021609721,0.300411595632276,0.999997068196745,0.999983379322086,"group_idyes"
"11431","CCDC184","Exc L4-5 RORB GABRG1",0.0360972819227677,4.07155251141353,0.199232618251659,0.655592087524019,0.999997068196745,0.999983379322086,"group_idyes"
"11432","AC024257.3","Exc L4-5 RORB GABRG1",-0.0534922770678654,0.982329784247241,0.206410601162041,0.64985161409928,0.999997068196745,0.999983379322086,"group_idyes"
"11433","AC024257.1","Exc L4-5 RORB GABRG1",0.0394185185380409,0.526217695856428,0.0633232092943659,0.801452900582188,0.999997068196745,0.999983379322086,"group_idyes"
"11434","ZNF641","Exc L4-5 RORB GABRG1",-0.016367497590266,3.93127967040729,0.0897960226508387,0.764598457019631,0.999997068196745,0.999983379322086,"group_idyes"
"11435","AC090115.1","Exc L4-5 RORB GABRG1",-0.0291424016472526,5.24269761557277,0.220011050717174,0.639297183047744,0.999997068196745,0.999983379322086,"group_idyes"
"11436","C12orf54","Exc L4-5 RORB GABRG1",-0.115659119351067,1.05766040658214,0.993526178083221,0.319508559852329,0.999997068196745,0.999983379322086,"group_idyes"
"11437","KANSL2","Exc L4-5 RORB GABRG1",0.00964520104769942,3.68471309288672,0.0466741649977435,0.829069471462394,0.999997068196745,0.999983379322086,"group_idyes"
"11438","CCNT1","Exc L4-5 RORB GABRG1",0.0091194515627652,4.73083354990953,0.0704914638893299,0.790764755957794,0.999997068196745,0.999983379322086,"group_idyes"
"11439","TEX49","Exc L4-5 RORB GABRG1",0.00354363629537714,0.384719136398389,0.000417619308712839,0.983706370654631,0.999997068196745,0.999983379322086,"group_idyes"
"11440","ADCY6","Exc L4-5 RORB GABRG1",-0.0204491658714027,4.73496620234296,0.214237342063832,0.941752347078538,0.999997068196745,0.999983379322086,"group_idyes"
"11441","CACNB3","Exc L4-5 RORB GABRG1",0.0377139049341223,5.15227376060607,0.673390248366106,0.412380249515681,0.999997068196745,0.999983379322086,"group_idyes"
"11442","DDX23","Exc L4-5 RORB GABRG1",0.00452866446328057,3.96153505523683,0.00877090208639333,0.925433483789254,0.999997068196745,0.999983379322086,"group_idyes"
"11443","RND1","Exc L4-5 RORB GABRG1",0.0217202620355889,4.85380394799075,0.132120329461795,0.716443303571686,0.999997068196745,0.999983379322086,"group_idyes"
"11444","AC073610.3","Exc L4-5 RORB GABRG1",-0.0267260359885729,4.5454016646088,0.133625197566059,0.714903422212123,0.999997068196745,0.999983379322086,"group_idyes"
"11445","CCDC65","Exc L4-5 RORB GABRG1",-0.0228617925290238,4.12324788598671,0.0442068922992417,0.833580465365392,0.999997068196745,0.999983379322086,"group_idyes"
"11446","WNT10B","Exc L4-5 RORB GABRG1",-0.0575761315969488,2.89661025676815,0.725567273736132,0.394853688664896,0.999997068196745,0.999983379322086,"group_idyes"
"11447","DDN","Exc L4-5 RORB GABRG1",0.0744636535686193,4.32621575145623,1.25637329019528,0.263037857389473,0.999997068196745,0.999983379322086,"group_idyes"
"11448","DDN-AS1","Exc L4-5 RORB GABRG1",0.0324028482283567,3.93055237080596,0.566867730163354,0.469594350545788,0.999997068196745,0.999983379322086,"group_idyes"
"11449","PRKAG1","Exc L4-5 RORB GABRG1",-0.0307427928451674,4.46759622450653,0.323111814216623,0.570075158769316,0.999997068196745,0.999983379322086,"group_idyes"
"11450","KMT2D","Exc L4-5 RORB GABRG1",-0.00712526950583218,4.84995260926387,0.0435283554519054,0.834843986860794,0.999997068196745,0.999983379322086,"group_idyes"
"11451","RHEBL1","Exc L4-5 RORB GABRG1",-0.0161440209959964,3.13711644544711,0.0474419930776304,0.827691202378235,0.999997068196745,0.999983379322086,"group_idyes"
"11452","LMBR1L","Exc L4-5 RORB GABRG1",-0.0431148267021184,5.23436847052498,1.21223191730614,0.271578910709427,0.999997068196745,0.999983379322086,"group_idyes"
"11453","AC011603.2","Exc L4-5 RORB GABRG1",0.0384219513831739,4.73158071839542,0.599130524482969,0.439385340764778,0.999997068196745,0.999983379322086,"group_idyes"
"11454","TUBA1B","Exc L4-5 RORB GABRG1",-0.0270111050485519,8.57749257340606,0.10867911664885,0.741832394661108,0.999997068196745,0.999983379322086,"group_idyes"
"11455","TUBA1A","Exc L4-5 RORB GABRG1",-0.0555763181712646,6.19533806693216,0.305605314354884,0.58071059468741,0.999997068196745,0.999983379322086,"group_idyes"
"11456","TUBA1C","Exc L4-5 RORB GABRG1",0.0909439247840312,4.6478047946163,1.50804817592641,0.220187912126977,0.999997068196745,0.999983379322086,"group_idyes"
"11457","AC125611.4","Exc L4-5 RORB GABRG1",-0.10083090325066,0.338614831011716,0.363505306371054,0.546921124098414,0.999997068196745,0.999983379322086,"group_idyes"
"11458","SPATS2","Exc L4-5 RORB GABRG1",0.00497128414256113,7.08339700885842,0.0271460984156249,0.869218844973965,0.999997068196745,0.999983379322086,"group_idyes"
"11459","KCNH3","Exc L4-5 RORB GABRG1",-0.0159098325605632,6.2067848656286,0.169635483523872,0.680665337945805,0.999997068196745,0.999983379322086,"group_idyes"
"11460","MCRS1","Exc L4-5 RORB GABRG1",-0.0398521306374897,4.58953093435994,0.746771815983728,0.388038668795443,0.999997068196745,0.999983379322086,"group_idyes"
"11461","PRPF40B","Exc L4-5 RORB GABRG1",0.0161757340960269,6.2893949918884,0.169821875652798,0.680499671686908,0.999997068196745,0.999983379322086,"group_idyes"
"11462","FMNL3","Exc L4-5 RORB GABRG1",-0.032637150040032,5.56845211307104,0.423399992468118,0.515633775907259,0.999997068196745,0.999983379322086,"group_idyes"
"11463","TMBIM6","Exc L4-5 RORB GABRG1",0.0110631087820543,6.98585789595594,0.138234169371491,0.710247522408844,0.999997068196745,0.999983379322086,"group_idyes"
"11464","NCKAP5L","Exc L4-5 RORB GABRG1",-0.0638903178757183,3.93781216311957,2.08938557070467,0.149139760465288,0.999997068196745,0.999983379322086,"group_idyes"
"11465","BCDIN3D-AS1","Exc L4-5 RORB GABRG1",-0.0605520098254512,1.55622112210925,0.39053632684898,0.550287016555586,0.999997068196745,0.999983379322086,"group_idyes"
"11466","BCDIN3D","Exc L4-5 RORB GABRG1",0.064699418007898,2.25594165247233,0.711303018342661,0.399535632205012,0.999997068196745,0.999983379322086,"group_idyes"
"11467","AC131157.1","Exc L4-5 RORB GABRG1",-0.184254659311837,0.0334910741598255,0.73453428238906,0.391950920384871,0.999997068196745,0.999983379322086,"group_idyes"
"11468","FAIM2","Exc L4-5 RORB GABRG1",0.0289735695802201,8.15735881678649,0.271177141650547,0.602842793969417,0.999997068196745,0.999983379322086,"group_idyes"
"11469","LINC02395","Exc L4-5 RORB GABRG1",-0.146411005525593,1.22485864684549,1.09694214210935,0.295595686518632,0.999997068196745,0.999983379322086,"group_idyes"
"11470","RACGAP1","Exc L4-5 RORB GABRG1",-0.0482244318622909,3.51849983405399,0.927038620213901,0.336238385860021,0.999997068196745,0.999983379322086,"group_idyes"
"11471","ASIC1","Exc L4-5 RORB GABRG1",0.0506416883649352,3.7469063604784,1.16141295485529,0.314852876551919,0.999997068196745,0.999983379322086,"group_idyes"
"11472","SMARCD1","Exc L4-5 RORB GABRG1",-0.022371918678226,4.19569901308494,0.332957713068971,0.56426012718318,0.999997068196745,0.999983379322086,"group_idyes"
"11473","AC074032.1","Exc L4-5 RORB GABRG1",0.0411681915838355,5.62194627752664,0.781968126502381,0.377092172732274,0.999997068196745,0.999983379322086,"group_idyes"
"11474","CERS5","Exc L4-5 RORB GABRG1",-0.00968612378513048,5.88343037738385,0.0604744277274969,0.805878792428108,0.999997068196745,0.999983379322086,"group_idyes"
"11475","LIMA1","Exc L4-5 RORB GABRG1",-0.049194051823004,4.40094997973751,0.860033694249269,0.354310672833457,0.999997068196745,0.999983379322086,"group_idyes"
"11476","FAM186A","Exc L4-5 RORB GABRG1",0.0380307410729496,1.3226316904437,0.112063330990942,0.737989611414921,0.999997068196745,0.999983379322086,"group_idyes"
"11477","LARP4","Exc L4-5 RORB GABRG1",-0.00128115215898157,5.71331516462444,0.00175910876745303,0.966566907048511,0.999997068196745,0.999983379322086,"group_idyes"
"11478","DIP2B","Exc L4-5 RORB GABRG1",-0.0519295844010049,7.26991212376932,2.11445197052138,0.146729563003263,0.999997068196745,0.999983379322086,"group_idyes"
"11479","ATF1","Exc L4-5 RORB GABRG1",-0.0037831207788056,5.46151262702819,0.0128686196659298,0.909740948438567,0.999997068196745,0.999983379322086,"group_idyes"
"11480","TMPRSS12","Exc L4-5 RORB GABRG1",0.0844652492535135,0.42683911418657,0.277106849821519,0.598907126366101,0.999997068196745,0.999983379322086,"group_idyes"
"11481","METTL7A","Exc L4-5 RORB GABRG1",0.232437490247571,1.92091380337171,3.65020498617312,0.0568053951438771,0.999997068196745,0.999983379322086,"group_idyes"
"11482","HIGD1C","Exc L4-5 RORB GABRG1",0.0200503286296646,1.27322044184145,0.0232905340712344,0.878783977272836,0.999997068196745,0.999983379322086,"group_idyes"
"11483","SLC11A2","Exc L4-5 RORB GABRG1",-0.00895461474060791,5.92010225378669,0.0736298848876289,0.833289311455041,0.999997068196745,0.999983379322086,"group_idyes"
"11484","LETMD1","Exc L4-5 RORB GABRG1",-0.00473251034891857,5.06798667983199,0.0123395861912507,0.911607908990438,0.999997068196745,0.999983379322086,"group_idyes"
"11485","CSRNP2","Exc L4-5 RORB GABRG1",-0.00449653277899827,5.20866674860365,0.0181259774062463,0.892972650659314,0.999997068196745,0.999983379322086,"group_idyes"
"11486","TFCP2","Exc L4-5 RORB GABRG1",-0.0336061591587758,6.57453305999502,0.810161494520797,0.368635553879388,0.999997068196745,0.999983379322086,"group_idyes"
"11487","POU6F1","Exc L4-5 RORB GABRG1",0.0111789671447601,5.41296262945405,0.11110409331073,0.80553487361135,0.999997068196745,0.999983379322086,"group_idyes"
"11488","DAZAP2","Exc L4-5 RORB GABRG1",0.0275020749109889,5.07667660772185,0.405259792048052,0.524763877576495,0.999997068196745,0.999983379322086,"group_idyes"
"11489","SMAGP","Exc L4-5 RORB GABRG1",-0.071713020633176,0.696421573209928,0.21427243371426,0.643700840121942,0.999997068196745,0.999983379322086,"group_idyes"
"11490","BIN2","Exc L4-5 RORB GABRG1",0.0751514833549884,0.576813076575575,0.309997863471845,0.578005220924935,0.999997068196745,0.999983379322086,"group_idyes"
"11491","GALNT6","Exc L4-5 RORB GABRG1",-0.001619443727624,1.1980837562786,0.000159890918055899,0.989917734067442,0.999997068196745,0.999983379322086,"group_idyes"
"11492","SLC4A8","Exc L4-5 RORB GABRG1",-0.0179041525747946,7.24834176845073,0.285625003634852,0.593346567543271,0.999997068196745,0.999983379322086,"group_idyes"
"11493","SCN8A","Exc L4-5 RORB GABRG1",0.0143376648864073,8.61868753386987,0.213343995469138,0.644420013117518,0.999997068196745,0.999983379322086,"group_idyes"
"11494","AC068987.3","Exc L4-5 RORB GABRG1",0.108674442964575,1.57941200741324,1.05345804070045,0.305356888788622,0.999997068196745,0.999983379322086,"group_idyes"
"11495","FIGNL2","Exc L4-5 RORB GABRG1",-0.162733871067866,1.96393550325749,3.34783397655373,0.0680671852221185,0.999997068196745,0.999983379322086,"group_idyes"
"11496","ACVR1B","Exc L4-5 RORB GABRG1",0.0516450075562689,6.48671982513656,2.10737650021211,0.147405387634892,0.999997068196745,0.999983379322086,"group_idyes"
"11497","GRASP","Exc L4-5 RORB GABRG1",0.0153309260465656,4.59232513193288,0.0457870827500626,0.830676663169906,0.999997068196745,0.999983379322086,"group_idyes"
"11498","NR4A1","Exc L4-5 RORB GABRG1",-0.112817833359584,3.83347367055488,0.979454272117172,0.322955583986192,0.999997068196745,0.999983379322086,"group_idyes"
"11499","ATG101","Exc L4-5 RORB GABRG1",0.0438869172554333,2.93550903096214,0.208239121233437,0.648408574551302,0.999997068196745,0.999983379322086,"group_idyes"
"11500","KRT5","Exc L4-5 RORB GABRG1",0.106632881020082,0.530826361761699,0.278605450296551,0.597920997876569,0.999997068196745,0.999983379322086,"group_idyes"
"11501","KRT8","Exc L4-5 RORB GABRG1",0.165083493949186,0.569528891854084,1.13804641755509,0.286734476274051,0.999997068196745,0.999983379322086,"group_idyes"
"11502","EIF4B","Exc L4-5 RORB GABRG1",0.0511053615496481,5.58507888095006,1.57861592987602,0.209722524043022,0.999997068196745,0.999983379322086,"group_idyes"
"11503","AC068888.1","Exc L4-5 RORB GABRG1",-0.0183738689372036,3.50420169001995,0.0241360981590615,0.876620594979646,0.999997068196745,0.999983379322086,"group_idyes"
"11504","TNS2","Exc L4-5 RORB GABRG1",0.00757977711768755,2.7701295151422,0.012405840339837,0.911371907246179,0.999997068196745,0.999983379322086,"group_idyes"
"11505","SPRYD3","Exc L4-5 RORB GABRG1",0.00332122280390729,5.47538828286276,0.00192629244402389,0.96501521654179,0.999997068196745,0.999983379322086,"group_idyes"
"11506","IGFBP6","Exc L4-5 RORB GABRG1",0.0175062514405246,2.37017529399069,0.0264069397779945,0.870995772142154,0.999997068196745,0.999983379322086,"group_idyes"
"11507","CSAD","Exc L4-5 RORB GABRG1",-0.043781052281003,6.23817129143967,1.89190891394776,0.169787080601914,0.999997068196745,0.999983379322086,"group_idyes"
"11508","ZNF740","Exc L4-5 RORB GABRG1",0.0289435309690462,3.59436716659798,0.377018255913895,0.728885479784111,0.999997068196745,0.999983379322086,"group_idyes"
"11509","RARG","Exc L4-5 RORB GABRG1",-0.0501292781937408,2.95792251057767,0.558420266386284,0.455353905858238,0.999997068196745,0.999983379322086,"group_idyes"
"11510","MFSD5","Exc L4-5 RORB GABRG1",-0.102082516606117,2.16511583020702,1.08673484209316,0.297850407226709,0.999997068196745,0.999983379322086,"group_idyes"
"11511","ESPL1","Exc L4-5 RORB GABRG1",0.0749004288257095,0.376033325604757,0.197211090131256,0.657231126948079,0.999997068196745,0.999983379322086,"group_idyes"
"11512","PFDN5","Exc L4-5 RORB GABRG1",-0.023888259017375,4.90088129089824,0.06645451442665,0.79670856582031,0.999997068196745,0.999983379322086,"group_idyes"
"11513","C12orf10","Exc L4-5 RORB GABRG1",-0.00845160040282113,3.65469833553437,0.0101870876623544,0.919657729350396,0.999997068196745,0.999983379322086,"group_idyes"
"11514","AAAS","Exc L4-5 RORB GABRG1",0.0732325074796665,3.64806159619694,1.89810553919963,0.451949329921925,0.999997068196745,0.999983379322086,"group_idyes"
"11515","SP1","Exc L4-5 RORB GABRG1",0.0390284034377968,4.17674484126175,0.711517994435752,0.399464475054276,0.999997068196745,0.999983379322086,"group_idyes"
"11516","PRR13","Exc L4-5 RORB GABRG1",-0.0760056005252517,3.54392080411888,0.563982508386909,0.453119154116769,0.999997068196745,0.999983379322086,"group_idyes"
"11517","PCBP2","Exc L4-5 RORB GABRG1",0.00907008035434242,6.24508300868626,0.0587817719040976,0.808561057486483,0.999997068196745,0.999983379322086,"group_idyes"
"11518","MAP3K12","Exc L4-5 RORB GABRG1",0.00403665997852689,4.46884974997893,0.0093188752175654,0.92314648208501,0.999997068196745,0.999983379322086,"group_idyes"
"11519","AC023509.4","Exc L4-5 RORB GABRG1",-0.0306777044504202,1.30642820486453,0.090194239351847,0.764092577140905,0.999997068196745,0.999983379322086,"group_idyes"
"11520","TARBP2","Exc L4-5 RORB GABRG1",-0.0886170177688032,1.80715796363774,1.07747349161574,0.299915377207428,0.999997068196745,0.999983379322086,"group_idyes"
"11521","ATP5MC2","Exc L4-5 RORB GABRG1",-0.0157429619851385,5.44996643866325,0.0470133778713584,0.828459123952076,0.999997068196745,0.999983379322086,"group_idyes"
"11522","CALCOCO1","Exc L4-5 RORB GABRG1",0.0272869555816158,5.91207718478266,0.618719184856387,0.432007878310911,0.999997068196745,0.999983379322086,"group_idyes"
"11523","AC023794.1","Exc L4-5 RORB GABRG1",-0.0109855156286979,2.71587615162126,0.0194819311867642,0.889066707566603,0.999997068196745,0.999983379322086,"group_idyes"
"11524","SMUG1","Exc L4-5 RORB GABRG1",-0.00332081253873457,3.51567832161537,0.00329056110555857,0.95428548792107,0.999997068196745,0.999983379322086,"group_idyes"
"11525","CBX5","Exc L4-5 RORB GABRG1",0.043451598672252,6.31914620808546,1.21366607626046,0.27129600208451,0.999997068196745,0.999983379322086,"group_idyes"
"11526","AC078778.1","Exc L4-5 RORB GABRG1",0.128946091934613,1.34023525787352,0.876574409745772,0.349728954916506,0.999997068196745,0.999983379322086,"group_idyes"
"11527","HNRNPA1","Exc L4-5 RORB GABRG1",-0.0220814316651478,4.84923520299176,0.0682068387401804,0.794105482402851,0.999997068196745,0.999983379322086,"group_idyes"
"11528","COPZ1","Exc L4-5 RORB GABRG1",0.00732311335909765,4.75066305715872,0.0325020542379391,0.950116953734104,0.999997068196745,0.999983379322086,"group_idyes"
"11529","AC079313.2","Exc L4-5 RORB GABRG1",0.0284501177869042,1.24228316831428,0.0456213383426164,0.830978755063121,0.999997068196745,0.999983379322086,"group_idyes"
"11530","ZNF385A","Exc L4-5 RORB GABRG1",0.0733763211006273,3.52686533908797,1.69350864577982,0.193917851472367,0.999997068196745,0.999983379322086,"group_idyes"
"11531","ITGA5","Exc L4-5 RORB GABRG1",-0.00717718296307101,1.31005398560199,0.00229631707971913,0.961804943006982,0.999997068196745,0.999983379322086,"group_idyes"
"11532","NCKAP1L","Exc L4-5 RORB GABRG1",0.0214199058937277,1.101937992316,0.020470201527248,0.886306553037544,0.999997068196745,0.999983379322086,"group_idyes"
"11533","PDE1B","Exc L4-5 RORB GABRG1",0.0563485165551051,5.62542572372652,2.66821595970207,0.147460395326354,0.999997068196745,0.999983379322086,"group_idyes"
"11534","PPP1R1A","Exc L4-5 RORB GABRG1",0.0597855277618072,3.08090177139163,0.592361917566161,0.441979511641579,0.999997068196745,0.999983379322086,"group_idyes"
"11535","TESPA1","Exc L4-5 RORB GABRG1",0.0145227641956662,6.41986212810701,0.112687855591564,0.737287542155682,0.999997068196745,0.999983379322086,"group_idyes"
"11536","AC122685.1","Exc L4-5 RORB GABRG1",0.232681459913283,0.887102964614366,3.10046892042567,0.0790641732280409,0.999997068196745,0.999983379322086,"group_idyes"
"11537","ITGA7","Exc L4-5 RORB GABRG1",0.0710434675259196,2.96646821563056,1.17257230226535,0.289734850169682,0.999997068196745,0.999983379322086,"group_idyes"
"11538","CD63","Exc L4-5 RORB GABRG1",0.0892880414249567,3.43405746734456,0.723469153767016,0.395537357819888,0.999997068196745,0.999983379322086,"group_idyes"
"11539","AC009779.2","Exc L4-5 RORB GABRG1",0.0253367666359411,0.725783735949467,0.0294622718250204,0.863806264582647,0.999997068196745,0.999983379322086,"group_idyes"
"11540","GDF11","Exc L4-5 RORB GABRG1",-0.00529610327263987,2.75593319052616,0.00569043994343514,0.939907817699023,0.999997068196745,0.999983379322086,"group_idyes"
"11541","SARNP","Exc L4-5 RORB GABRG1",0.026912956336789,1.21791827824776,0.0621760397228076,0.867787253267122,0.999997068196745,0.999983379322086,"group_idyes"
"11542","ORMDL2","Exc L4-5 RORB GABRG1",0.0966281609593761,0.592951138586563,0.502668829126188,0.530506974684278,0.999997068196745,0.999983379322086,"group_idyes"
"11543","PYM1","Exc L4-5 RORB GABRG1",-0.0809818034514056,2.93570207716922,1.52254608776031,0.217987834627818,0.999997068196745,0.999983379322086,"group_idyes"
"11544","DGKA","Exc L4-5 RORB GABRG1",-0.0286929009768032,4.32987580716183,0.492917106703486,0.483053447352873,0.999997068196745,0.999983379322086,"group_idyes"
"11545","PMEL","Exc L4-5 RORB GABRG1",-0.250323559903527,0.632998151946133,3.05779932429397,0.0811479595078456,0.999997068196745,0.999983379322086,"group_idyes"
"11546","RAB5B","Exc L4-5 RORB GABRG1",0.00807613033240206,5.68093215456052,0.037776192313232,0.845995823593047,0.999997068196745,0.999983379322086,"group_idyes"
"11547","SUOX","Exc L4-5 RORB GABRG1",0.0209605403349993,2.25386241802712,0.081608844240567,0.775282621372409,0.999997068196745,0.999983379322086,"group_idyes"
"11548","IKZF4","Exc L4-5 RORB GABRG1",-0.0638043242146473,4.52087250775699,2.2000081824937,0.13882871160314,0.999997068196745,0.999983379322086,"group_idyes"
"11549","RPS26","Exc L4-5 RORB GABRG1",-0.0445459307519282,2.76178235461726,0.0971113040869658,0.755492913048984,0.999997068196745,0.999983379322086,"group_idyes"
"11550","ERBB3","Exc L4-5 RORB GABRG1",-0.0755120277029165,0.553109233891294,0.238262781193713,0.625741721408831,0.999997068196745,0.999983379322086,"group_idyes"
"11551","PA2G4","Exc L4-5 RORB GABRG1",-0.0228419787991219,4.17598765322544,0.143713252003505,0.704826225212082,0.999997068196745,0.999983379322086,"group_idyes"
"11552","RPL41","Exc L4-5 RORB GABRG1",-0.0974011004379741,5.55718300815001,0.362286866027134,0.547593437413942,0.999997068196745,0.999983379322086,"group_idyes"
"11553","ESYT1","Exc L4-5 RORB GABRG1",-0.0545771146271437,3.8558486305291,1.05808225309934,0.304299236726606,0.999997068196745,0.999983379322086,"group_idyes"
"11554","AC034102.6","Exc L4-5 RORB GABRG1",0.0728846652382972,1.4605559576247,0.480412497937431,0.48865372988714,0.999997068196745,0.999983379322086,"group_idyes"
"11555","AC034102.5","Exc L4-5 RORB GABRG1",-0.0581461238877425,1.26391756021865,0.282263735482364,0.595527898201705,0.999997068196745,0.999983379322086,"group_idyes"
"11556","MYL6B","Exc L4-5 RORB GABRG1",-0.059063060773086,4.95891999268891,1.21834100663097,0.270376367284505,0.999997068196745,0.999983379322086,"group_idyes"
"11557","MYL6","Exc L4-5 RORB GABRG1",-0.0410014233093224,4.48316451109037,0.217952753379776,0.640868529328544,0.999997068196745,0.999983379322086,"group_idyes"
"11558","SMARCC2","Exc L4-5 RORB GABRG1",0.0486046532678855,6.27674706447359,2.19314497373882,0.139444486682878,0.999997068196745,0.999983379322086,"group_idyes"
"11559","RNF41","Exc L4-5 RORB GABRG1",0.0213921179880314,5.04775626526496,0.2771918747369,0.598851086098333,0.999997068196745,0.999983379322086,"group_idyes"
"11560","NABP2","Exc L4-5 RORB GABRG1",-0.0335772180300473,3.92778227338564,0.24907364573854,0.618013352791581,0.999997068196745,0.999983379322086,"group_idyes"
"11561","ANKRD52","Exc L4-5 RORB GABRG1",-0.0479990259285746,4.67775874604694,1.66953027238997,0.197097040781499,0.999997068196745,0.999983379322086,"group_idyes"
"11562","COQ10A","Exc L4-5 RORB GABRG1",0.0274639250233489,2.34656573221989,0.114001212630753,0.735818143801532,0.999997068196745,0.999983379322086,"group_idyes"
"11563","CS","Exc L4-5 RORB GABRG1",0.000460755132042664,4.74529929632139,0.000105050609414283,0.991827601826711,0.999997068196745,0.999983379322086,"group_idyes"
"11564","AC073896.1","Exc L4-5 RORB GABRG1",0.0518962362327678,3.9302021660465,0.641883346526074,0.423524141353569,0.999997068196745,0.999983379322086,"group_idyes"
"11565","AC073896.2","Exc L4-5 RORB GABRG1",0.0439707050014302,2.55397324705877,0.288885215232935,0.591246532961774,0.999997068196745,0.999983379322086,"group_idyes"
"11566","PAN2","Exc L4-5 RORB GABRG1",0.0900554325146148,4.32390426790677,4.88054243450976,0.0277496638796554,0.999997068196745,0.999983379322086,"group_idyes"
"11567","STAT2","Exc L4-5 RORB GABRG1",-0.0258420964580518,5.28291092826277,0.667310738134928,0.414496324970972,0.999997068196745,0.999983379322086,"group_idyes"
"11568","TIMELESS","Exc L4-5 RORB GABRG1",0.0577708461995755,1.30184893931165,0.30977000098993,0.82601218670856,0.999997068196745,0.999983379322086,"group_idyes"
"11569","MIP","Exc L4-5 RORB GABRG1",0.194798186641492,0.345637271651667,1.05722938501217,0.304493947278285,0.999997068196745,0.999983379322086,"group_idyes"
"11570","SPRYD4","Exc L4-5 RORB GABRG1",-0.0310173492847498,2.37419523612157,0.0927898096302661,0.760824711880705,0.999997068196745,0.999983379322086,"group_idyes"
"11571","GLS2","Exc L4-5 RORB GABRG1",0.0050802686607294,6.20212524830625,0.02944869895673,0.863837331906639,0.999997068196745,0.999983379322086,"group_idyes"
"11572","RBMS2","Exc L4-5 RORB GABRG1",-0.0764527581607023,3.1376245232284,1.47983430493202,0.224546225712749,0.999997068196745,0.999983379322086,"group_idyes"
"11573","BAZ2A","Exc L4-5 RORB GABRG1",0.0425596268946388,5.64495537947573,1.65794187271777,0.524990484911195,0.999997068196745,0.999983379322086,"group_idyes"
"11574","ATP5F1B","Exc L4-5 RORB GABRG1",0.0490175228235085,6.41388305615568,0.471275680425833,0.492814413103567,0.999997068196745,0.999983379322086,"group_idyes"
"11575","PTGES3","Exc L4-5 RORB GABRG1",0.0177496324786824,6.14309509628621,0.107966097931149,0.74265046395943,0.999997068196745,0.999983379322086,"group_idyes"
"11576","NACA","Exc L4-5 RORB GABRG1",0.0191817290476847,5.71807816840676,0.0584964384554558,0.809017222282855,0.999997068196745,0.999983379322086,"group_idyes"
"11577","PRIM1","Exc L4-5 RORB GABRG1",-0.0251053502055729,3.36318444428029,0.190052817493752,0.663117170002825,0.999997068196745,0.999983379322086,"group_idyes"
"11578","HSD17B6","Exc L4-5 RORB GABRG1",0.0301717825277701,1.78265247064067,0.104317912362179,0.901469053305089,0.999997068196745,0.999983379322086,"group_idyes"
"11579","SDR9C7","Exc L4-5 RORB GABRG1",-0.0194498486015079,1.04907325849265,0.0238575209250693,0.877328988147479,0.999997068196745,0.999983379322086,"group_idyes"
"11580","ZBTB39","Exc L4-5 RORB GABRG1",0.0438042357588897,2.49536304921804,0.500847731200174,0.879880644970458,0.999997068196745,0.999983379322086,"group_idyes"
"11581","TAC3","Exc L4-5 RORB GABRG1",-0.0762520499934765,0.828216029033255,0.314601928373243,0.575196404930013,0.999997068196745,0.999983379322086,"group_idyes"
"11582","NEMP1","Exc L4-5 RORB GABRG1",-0.027627490864825,3.6554215481988,0.211062852549822,0.646195099741906,0.999997068196745,0.999983379322086,"group_idyes"
"11583","NAB2","Exc L4-5 RORB GABRG1",0.069756544102606,4.45019200798209,1.18997149995196,0.276018015578919,0.999997068196745,0.999983379322086,"group_idyes"
"11584","STAT6","Exc L4-5 RORB GABRG1",-0.0304576338735859,5.02333819317563,0.594125729098948,0.441301234807308,0.999997068196745,0.999983379322086,"group_idyes"
"11585","LRP1","Exc L4-5 RORB GABRG1",-0.00684866833036256,6.45474113175458,0.0834356347002244,0.772850002923349,0.999997068196745,0.999983379322086,"group_idyes"
"11586","SHMT2","Exc L4-5 RORB GABRG1",0.187892898394775,2.57977930370129,5.23491731283829,0.0226796486004378,0.999997068196745,0.999983379322086,"group_idyes"
"11587","NDUFA4L2","Exc L4-5 RORB GABRG1",-0.0148876773330689,2.60483876986149,0.0389187229041027,0.843713950446486,0.999997068196745,0.999983379322086,"group_idyes"
"11588","STAC3","Exc L4-5 RORB GABRG1",-0.0586564629811788,2.31205228334027,0.50387421321244,0.905419726820908,0.999997068196745,0.999983379322086,"group_idyes"
"11589","AC137834.1","Exc L4-5 RORB GABRG1",-0.0469858173652609,1.13727812126452,0.16511775496813,0.997007692299727,0.999997068196745,0.999983379322086,"group_idyes"
"11590","R3HDM2","Exc L4-5 RORB GABRG1",-0.0209365476899524,7.92491487403403,0.308824666346975,0.578725325653275,0.999997068196745,0.999983379322086,"group_idyes"
"11591","ARHGAP9","Exc L4-5 RORB GABRG1",-0.0495960827037037,2.47156132805694,0.267075288339757,0.605597418095255,0.999997068196745,0.999983379322086,"group_idyes"
"11592","MARS","Exc L4-5 RORB GABRG1",0.0353174418736981,5.91831280931172,0.894076246744621,0.344968530619941,0.999997068196745,0.999983379322086,"group_idyes"
"11593","DDIT3","Exc L4-5 RORB GABRG1",0.104788600104489,3.28115511418974,1.14287899444364,0.285715082728675,0.999997068196745,0.999983379322086,"group_idyes"
"11594","MBD6","Exc L4-5 RORB GABRG1",0.0587427707308102,3.20203848474679,0.937162551185514,0.333616794673132,0.999997068196745,0.999983379322086,"group_idyes"
"11595","DCTN2","Exc L4-5 RORB GABRG1",-0.026650003553534,5.06063233518886,0.260941950178837,0.609766749929157,0.999997068196745,0.999983379322086,"group_idyes"
"11596","KIF5A","Exc L4-5 RORB GABRG1",0.030054600173119,6.81516390010194,0.866618854060408,0.352476828296331,0.999997068196745,0.999983379322086,"group_idyes"
"11597","PIP4K2C","Exc L4-5 RORB GABRG1",0.0862496775263589,5.82719851922258,3.1742229699955,0.0755974973812795,0.999997068196745,0.999983379322086,"group_idyes"
"11598","DTX3","Exc L4-5 RORB GABRG1",0.0534446874433639,5.78020576658198,1.14059212765206,0.286196902973051,0.999997068196745,0.999983379322086,"group_idyes"
"11599","ARHGEF25","Exc L4-5 RORB GABRG1",0.0957195258751593,5.28618515475737,2.26376954276531,0.133251838017275,0.999997068196745,0.999983379322086,"group_idyes"
"11600","SLC26A10","Exc L4-5 RORB GABRG1",-0.0116651187218913,2.65064898255559,0.0219712847734959,0.882241170855871,0.999997068196745,0.999983379322086,"group_idyes"
"11601","B4GALNT1","Exc L4-5 RORB GABRG1",0.0394595170117856,5.28132737008046,0.789892883599038,0.374687851828271,0.999997068196745,0.999983379322086,"group_idyes"
"11602","OS9","Exc L4-5 RORB GABRG1",0.0133924787113465,4.85393723570023,0.097999641489515,0.754413109084071,0.999997068196745,0.999983379322086,"group_idyes"
"11603","AC025165.2","Exc L4-5 RORB GABRG1",-0.1014517939245,1.90156868763423,0.750520412267984,0.386851456997237,0.999997068196745,0.999983379322086,"group_idyes"
"11604","AGAP2","Exc L4-5 RORB GABRG1",-0.0076171755035573,5.08680490433918,0.0330364378926112,0.855867361235805,0.999997068196745,0.999983379322086,"group_idyes"
"11605","TSPAN31","Exc L4-5 RORB GABRG1",-0.0174178059816555,3.61038524500013,0.0872192805237721,0.76790180016783,0.999997068196745,0.999983379322086,"group_idyes"
"11606","CDK4","Exc L4-5 RORB GABRG1",0.019460845184193,3.11769680950365,0.12497056671402,0.723898443642683,0.999997068196745,0.999983379322086,"group_idyes"
"11607","MARCH9","Exc L4-5 RORB GABRG1",-0.0448773408464545,3.63717436538388,0.574119973219577,0.449090217959772,0.999997068196745,0.999983379322086,"group_idyes"
"11608","TSFM","Exc L4-5 RORB GABRG1",-0.0031130435074327,3.7631512716857,0.00308522095894582,0.95573330069549,0.999997068196745,0.999983379322086,"group_idyes"
"11609","AVIL","Exc L4-5 RORB GABRG1",-0.0105708464673712,4.17006493967871,0.0138327727508248,0.906435831755505,0.999997068196745,0.999983379322086,"group_idyes"
"11610","AC025165.4","Exc L4-5 RORB GABRG1",0.0560170308922197,0.664126772748504,0.195759230011623,0.658414502013174,0.999997068196745,0.999983379322086,"group_idyes"
"11611","CTDSP2","Exc L4-5 RORB GABRG1",-0.00307901398633862,5.07932556511416,0.00634771088582632,0.93653913852198,0.999997068196745,0.999983379322086,"group_idyes"
"11612","AC084033.3","Exc L4-5 RORB GABRG1",-0.0569622121614818,3.83447495100452,0.964464301317678,0.326681824895896,0.999997068196745,0.999983379322086,"group_idyes"
"11613","ATP23","Exc L4-5 RORB GABRG1",0.0485190468802518,3.35874665908316,0.672650990066071,0.772095112397349,0.999997068196745,0.999983379322086,"group_idyes"
"11614","AC020637.1","Exc L4-5 RORB GABRG1",0.0418010174864917,1.90766805385142,0.0892876501617781,0.765246054769475,0.999997068196745,0.999983379322086,"group_idyes"
"11615","LINC02388","Exc L4-5 RORB GABRG1",-0.094517748863959,1.41498385410955,0.207273938684502,0.64916932375225,0.999997068196745,0.999983379322086,"group_idyes"
"11616","LRIG3","Exc L4-5 RORB GABRG1",0.0625751145962845,1.44625851898144,0.247931150577003,0.618820091455969,0.999997068196745,0.999983379322086,"group_idyes"
"11617","SLC16A7","Exc L4-5 RORB GABRG1",0.00309135663106689,7.46630154702138,0.00656456632837383,0.935466578571491,0.999997068196745,0.999983379322086,"group_idyes"
"11618","FAM19A2","Exc L4-5 RORB GABRG1",0.0123880167107852,10.726862829011,0.0759873116064625,0.782958784012428,0.999997068196745,0.999983379322086,"group_idyes"
"11619","USP15","Exc L4-5 RORB GABRG1",-0.0113741959755047,6.99090107948151,0.217376581262279,0.641310009804399,0.999997068196745,0.999983379322086,"group_idyes"
"11620","MON2","Exc L4-5 RORB GABRG1",0.00280477280804278,7.84560423911357,0.00846510000855644,0.926741177363159,0.999997068196745,0.999983379322086,"group_idyes"
"11621","AC048341.1","Exc L4-5 RORB GABRG1",0.0213661298705668,3.77591068020104,0.11468526929938,0.735056547095532,0.999997068196745,0.999983379322086,"group_idyes"
"11622","PPM1H","Exc L4-5 RORB GABRG1",-0.0194966156415404,7.40798545571433,0.308205933085591,0.57910582382526,0.999997068196745,0.999983379322086,"group_idyes"
"11623","DPY19L2","Exc L4-5 RORB GABRG1",0.0808826093026614,7.95671396274269,4.47605995294515,0.035014909393763,0.999997068196745,0.999983379322086,"group_idyes"
"11624","AC084357.2","Exc L4-5 RORB GABRG1",0.0554373363468183,3.49294388312593,0.648265683447955,0.421230729287718,0.999997068196745,0.999983379322086,"group_idyes"
"11625","RXYLT1","Exc L4-5 RORB GABRG1",-0.0165152522325704,3.79894187199567,0.0951798124565631,0.854925255452717,0.999997068196745,0.999983379322086,"group_idyes"
"11626","SRGAP1","Exc L4-5 RORB GABRG1",0.0122342021519391,4.37681846014566,0.0599259004813556,0.80674360729324,0.999997068196745,0.999983379322086,"group_idyes"
"11627","AC020611.2","Exc L4-5 RORB GABRG1",-0.0803176178563391,1.85594838280725,0.4236845936081,0.51549276369237,0.999997068196745,0.999983379322086,"group_idyes"
"11628","C12orf66","Exc L4-5 RORB GABRG1",0.0751598614882984,2.94249325231628,1.7139199632695,0.191258921177462,0.999997068196745,0.999983379322086,"group_idyes"
"11629","C12orf56","Exc L4-5 RORB GABRG1",-0.029555713021704,1.41567753315335,0.0901712856178377,0.764121703613925,0.999997068196745,0.999983379322086,"group_idyes"
"11630","XPOT","Exc L4-5 RORB GABRG1",0.00450387830727212,5.22422449586279,0.0146958617696343,0.903574931708503,0.999997068196745,0.999983379322086,"group_idyes"
"11631","TBK1","Exc L4-5 RORB GABRG1",-0.00610320284719256,6.05536181280244,0.0538428846184328,0.816629780212048,0.999997068196745,0.999983379322086,"group_idyes"
"11632","RASSF3","Exc L4-5 RORB GABRG1",-0.00822566421272853,3.23200578790225,0.0122887327367566,0.911789487844713,0.999997068196745,0.999983379322086,"group_idyes"
"11633","GNS","Exc L4-5 RORB GABRG1",-0.00368977168848777,5.27353109738293,0.0137473101717028,0.906723982266428,0.999997068196745,0.999983379322086,"group_idyes"
"11634","AC025262.1","Exc L4-5 RORB GABRG1",-0.0642317418264288,3.77164874265241,1.05290353947706,0.30548403471163,0.999997068196745,0.999983379322086,"group_idyes"
"11635","TBC1D30","Exc L4-5 RORB GABRG1",-0.0228621267249661,5.94103114781092,0.489979772772505,0.629059236549618,0.999997068196745,0.999983379322086,"group_idyes"
"11636","LINC02389","Exc L4-5 RORB GABRG1",-0.0215377737826078,7.87620225049313,0.202200029453599,0.653204107121762,0.999997068196745,0.999983379322086,"group_idyes"
"11637","LINC02231","Exc L4-5 RORB GABRG1",0.00775313064632613,3.59219188045072,0.004605957132285,0.945926603887112,0.999997068196745,0.999983379322086,"group_idyes"
"11638","LEMD3","Exc L4-5 RORB GABRG1",0.0150275154981815,5.96777140359702,0.174680497260075,0.676218336064405,0.999997068196745,0.999983379322086,"group_idyes"
"11639","MSRB3","Exc L4-5 RORB GABRG1",-0.0140836643853814,6.6768773091042,0.116497570441558,0.733050979925832,0.999997068196745,0.999983379322086,"group_idyes"
"11640","AC025419.1","Exc L4-5 RORB GABRG1",-0.00636122783166712,0.880085677211337,0.00299741810484016,0.956367104253746,0.999997068196745,0.999983379322086,"group_idyes"
"11641","HMGA2","Exc L4-5 RORB GABRG1",0.16009277548204,0.738110359374579,1.60080947210841,0.206554292357797,0.999997068196745,0.999983379322086,"group_idyes"
"11642","AC090673.1","Exc L4-5 RORB GABRG1",0.0251803992052106,1.12102205951537,0.0317137107255943,0.858751178689746,0.999997068196745,0.999983379322086,"group_idyes"
"11643","LLPH","Exc L4-5 RORB GABRG1",0.050002600523867,3.06890213503461,0.536755229534243,0.831603533228891,0.999997068196745,0.999983379322086,"group_idyes"
"11644","IRAK3","Exc L4-5 RORB GABRG1",-0.101778970788959,0.442298591640592,0.361096052061268,0.548251997467414,0.999997068196745,0.999983379322086,"group_idyes"
"11645","HELB","Exc L4-5 RORB GABRG1",-0.0999822733508609,2.64146168314813,1.105006059882,0.293829915551811,0.999997068196745,0.999983379322086,"group_idyes"
"11646","GRIP1","Exc L4-5 RORB GABRG1",-0.00198042832562776,9.24891142657846,0.00145325586374083,0.969610507865531,0.999997068196745,0.999983379322086,"group_idyes"
"11647","CAND1","Exc L4-5 RORB GABRG1",0.0347072486925017,6.2645520503315,1.02365683544622,0.312289038740507,0.999997068196745,0.999983379322086,"group_idyes"
"11648","DYRK2","Exc L4-5 RORB GABRG1",-0.0878957422557073,2.69027148057507,1.53794075640538,0.215680392825109,0.999997068196745,0.999983379322086,"group_idyes"
"11649","IFNG-AS1","Exc L4-5 RORB GABRG1",-0.190091957129697,0.670289963552289,1.7490829563272,0.308852537145176,0.999997068196745,0.999983379322086,"group_idyes"
"11650","MDM1","Exc L4-5 RORB GABRG1",0.00700537697041217,4.6488401217754,0.0296883662190159,0.863289830260346,0.999997068196745,0.999983379322086,"group_idyes"
"11651","LINC02384","Exc L4-5 RORB GABRG1",-0.0209655284316077,0.567802477319295,0.021498169840416,0.96288008215515,0.999997068196745,0.999983379322086,"group_idyes"
"11652","RAP1B","Exc L4-5 RORB GABRG1",-0.0726158812380736,5.44247813367589,4.77819094748489,0.0294245450972446,0.999997068196745,0.999983379322086,"group_idyes"
"11653","NUP107","Exc L4-5 RORB GABRG1",-0.0249752928481167,5.50994024373675,0.518109759179004,0.472086153988546,0.999997068196745,0.999983379322086,"group_idyes"
"11654","SLC35E3","Exc L4-5 RORB GABRG1",0.0103560106327961,6.27713957444352,0.0751689893228158,0.78410140751184,0.999997068196745,0.999983379322086,"group_idyes"
"11655","MDM2","Exc L4-5 RORB GABRG1",0.0114662780716561,5.46130685956738,0.131559728646855,0.717019486002745,0.999997068196745,0.999983379322086,"group_idyes"
"11656","CPM","Exc L4-5 RORB GABRG1",-0.0490648123970113,1.78529229872432,0.283211711934711,0.710391552671839,0.999997068196745,0.999983379322086,"group_idyes"
"11657","CPSF6","Exc L4-5 RORB GABRG1",0.00587707328048457,6.52265811985615,0.0382910603756483,0.844963151263697,0.999997068196745,0.999983379322086,"group_idyes"
"11658","YEATS4","Exc L4-5 RORB GABRG1",0.000569789504189148,3.40194890478122,0.000101444765825352,0.991969079742574,0.999997068196745,0.999983379322086,"group_idyes"
"11659","LINC02373","Exc L4-5 RORB GABRG1",0.190342487366623,0.906350078087483,2.34797757550496,0.126267514089945,0.999997068196745,0.999983379322086,"group_idyes"
"11660","FRS2","Exc L4-5 RORB GABRG1",0.0174353565297039,6.12721512503923,0.336701665262527,0.562078986448154,0.999997068196745,0.999983379322086,"group_idyes"
"11661","CCT2","Exc L4-5 RORB GABRG1",0.0196654115801415,5.09174898853705,0.129969773301764,0.718661230083076,0.999997068196745,0.999983379322086,"group_idyes"
"11662","RAB3IP","Exc L4-5 RORB GABRG1",0.0125569206018455,3.05460342890399,0.0247615771113995,0.875045169547573,0.999997068196745,0.999983379322086,"group_idyes"
"11663","MYRFL","Exc L4-5 RORB GABRG1",-0.101180649378561,1.69188273776518,0.564479673004123,0.452920247201617,0.999997068196745,0.999983379322086,"group_idyes"
"11664","AC025159.1","Exc L4-5 RORB GABRG1",0.0754438478807474,7.50027675189573,0.91240727065168,0.340076295969303,0.999997068196745,0.999983379322086,"group_idyes"
"11665","AC084032.1","Exc L4-5 RORB GABRG1",-0.085878720284256,0.588352990857419,0.261753146717193,0.609211784670461,0.999997068196745,0.999983379322086,"group_idyes"
"11666","CNOT2","Exc L4-5 RORB GABRG1",-0.0065075720082159,6.60558398122461,0.0622466524459831,0.829577914885139,0.999997068196745,0.999983379322086,"group_idyes"
"11667","KCNMB4","Exc L4-5 RORB GABRG1",0.00236004450383339,6.32857728804082,0.00263921636730796,0.95905471897447,0.999997068196745,0.999983379322086,"group_idyes"
"11668","AC025569.1","Exc L4-5 RORB GABRG1",0.10301052148658,2.42147623026211,1.04360511051422,0.307626429325371,0.999997068196745,0.999983379322086,"group_idyes"
"11669","PTPRB","Exc L4-5 RORB GABRG1",-0.105366517402086,4.72492181633589,4.3529686058779,0.0376025494060113,0.999997068196745,0.999983379322086,"group_idyes"
"11670","PTPRR","Exc L4-5 RORB GABRG1",-0.108496850880651,6.64001995254487,5.65636656100926,0.0178796259218975,0.999997068196745,0.999983379322086,"group_idyes"
"11671","TSPAN8","Exc L4-5 RORB GABRG1",-0.0203194340824179,0.451917960692213,0.0200854779250624,0.887372796034475,0.999997068196745,0.999983379322086,"group_idyes"
"11672","LGR5","Exc L4-5 RORB GABRG1",-0.104334145185714,1.84919179857044,0.558443132441869,0.455344683433085,0.999997068196745,0.999983379322086,"group_idyes"
"11673","ZFC3H1","Exc L4-5 RORB GABRG1",0.00973968912769909,6.43290065983287,0.0736943556921733,0.786177447095117,0.999997068196745,0.999983379322086,"group_idyes"
"11674","THAP2","Exc L4-5 RORB GABRG1",-0.0593638806625842,3.49006357282809,1.14118074888087,0.28607278751992,0.999997068196745,0.999983379322086,"group_idyes"
"11675","AC073612.1","Exc L4-5 RORB GABRG1",0.138516182747712,0.730204199751355,1.09075682588463,0.664075949833802,0.999997068196745,0.999983379322086,"group_idyes"
"11676","TMEM19","Exc L4-5 RORB GABRG1",-0.0153261207149675,3.18415399562834,0.0593522360711912,0.807652554236124,0.999997068196745,0.999983379322086,"group_idyes"
"11677","RAB21","Exc L4-5 RORB GABRG1",-0.00559354806671721,5.94671233531575,0.0284639594344107,0.866111327331142,0.999997068196745,0.999983379322086,"group_idyes"
"11678","AC089984.1","Exc L4-5 RORB GABRG1",0.119280500588537,-0.0143608581144165,0.360071698211319,0.548819683624136,0.999997068196745,0.999983379322086,"group_idyes"
"11679","TBC1D15","Exc L4-5 RORB GABRG1",-0.00315912475292025,6.28507545806478,0.0184914719296122,0.891905565125394,0.999997068196745,0.999983379322086,"group_idyes"
"11680","TPH2","Exc L4-5 RORB GABRG1",-0.0286677861006907,2.28901805827842,0.103360228207137,0.748008485683388,0.999997068196745,0.999983379322086,"group_idyes"
"11681","TRHDE","Exc L4-5 RORB GABRG1",0.037105560478546,9.03168044569071,0.659935066019445,0.417085238022339,0.999997068196745,0.999983379322086,"group_idyes"
"11682","LINC02444","Exc L4-5 RORB GABRG1",-0.122330438608062,0.500268996955609,0.473242074748816,0.491913971566147,0.999997068196745,0.999983379322086,"group_idyes"
"11683","AC090502.1","Exc L4-5 RORB GABRG1",-0.077156594610897,1.17738728723044,0.387937704611948,0.533754439518034,0.999997068196745,0.999983379322086,"group_idyes"
"11684","ATXN7L3B","Exc L4-5 RORB GABRG1",0.0705820227312044,6.05696122356139,1.19046114161217,0.275919394601818,0.999997068196745,0.999983379322086,"group_idyes"
"11685","AC073525.1","Exc L4-5 RORB GABRG1",0.172788626221896,0.643552034472188,0.9431485408362,0.332079589339831,0.999997068196745,0.999983379322086,"group_idyes"
"11686","KCNC2","Exc L4-5 RORB GABRG1",0.00301618657922695,8.72378346827468,0.00525741654510768,0.942235283098523,0.999997068196745,0.999983379322086,"group_idyes"
"11687","CAPS2","Exc L4-5 RORB GABRG1",-0.00674920383908436,6.73773027858479,0.0305947494685845,0.861239577079813,0.999997068196745,0.999983379322086,"group_idyes"
"11688","GLIPR1L1","Exc L4-5 RORB GABRG1",-0.0765131612544855,1.13924372711815,0.304855240619571,0.581175101693274,0.999997068196745,0.999983379322086,"group_idyes"
"11689","GLIPR1L2","Exc L4-5 RORB GABRG1",0.0555891328023449,3.2762680237565,0.273155125990396,0.60152392473224,0.999997068196745,0.999983379322086,"group_idyes"
"11690","GLIPR1","Exc L4-5 RORB GABRG1",0.0484655982325672,4.71701460064117,0.45066328899227,0.502422993442715,0.999997068196745,0.999983379322086,"group_idyes"
"11691","AC121761.1","Exc L4-5 RORB GABRG1",-0.0102514470996375,0.596379267012094,0.00503438926626682,0.943471686866312,0.999997068196745,0.999983379322086,"group_idyes"
"11692","KRR1","Exc L4-5 RORB GABRG1",0.0579684880539443,5.54187546028295,2.76901618328853,0.0969194400737889,0.999997068196745,0.999983379322086,"group_idyes"
"11693","AC078923.1","Exc L4-5 RORB GABRG1",-0.183727499257575,2.941208043733,2.925639215177,0.0879888510458848,0.999997068196745,0.999983379322086,"group_idyes"
"11694","PHLDA1","Exc L4-5 RORB GABRG1",0.0432222515361936,2.75963435464293,0.348376793579901,0.916797014926262,0.999997068196745,0.999983379322086,"group_idyes"
"11695","NAP1L1","Exc L4-5 RORB GABRG1",-0.00746446041594054,7.55621750228877,0.0983000354031566,0.754049186766593,0.999997068196745,0.999983379322086,"group_idyes"
"11696","LINC02407","Exc L4-5 RORB GABRG1",-0.219214987131693,0.0355184699892073,1.24336085866511,0.265520351812479,0.999997068196745,0.999983379322086,"group_idyes"
"11697","BBS10","Exc L4-5 RORB GABRG1",0.109706928974671,3.05982103891736,2.14915035136014,0.143465631698861,0.999997068196745,0.999983379322086,"group_idyes"
"11698","OSBPL8","Exc L4-5 RORB GABRG1",-0.0349057352299058,7.35827689334601,1.48867498639807,0.223169514369452,0.999997068196745,0.999983379322086,"group_idyes"
"11699","AC107032.2","Exc L4-5 RORB GABRG1",0.0242007943261876,1.41249707557103,0.035731390044603,0.850170951926794,0.999997068196745,0.999983379322086,"group_idyes"
"11700","ZDHHC17","Exc L4-5 RORB GABRG1",-0.0107169988963415,7.18673205638249,0.213591111402613,0.681302352287442,0.999997068196745,0.999983379322086,"group_idyes"
"11701","CSRP2","Exc L4-5 RORB GABRG1",-0.0399469887391474,4.11936249173396,0.345691618231572,0.556907144139196,0.999997068196745,0.999983379322086,"group_idyes"
"11702","E2F7","Exc L4-5 RORB GABRG1",-0.0193138102440188,0.857702661584542,0.0208328059205862,0.928301652659491,0.999997068196745,0.999983379322086,"group_idyes"
"11703","NAV3","Exc L4-5 RORB GABRG1",-0.0104259525160244,10.7937194942709,0.0697767374763677,0.791803567895166,0.999997068196745,0.999983379322086,"group_idyes"
"11704","AC073571.1","Exc L4-5 RORB GABRG1",-0.145001793397193,1.68496702769325,1.07189803076122,0.301167431632483,0.999997068196745,0.999983379322086,"group_idyes"
"11705","LINC02424","Exc L4-5 RORB GABRG1",0.197266612957386,1.08803232918846,2.10390500547313,0.147738261548608,0.999997068196745,0.999983379322086,"group_idyes"
"11706","AC128707.1","Exc L4-5 RORB GABRG1",-0.0602218108410383,1.87811663363507,0.282925279624664,0.59509726909187,0.999997068196745,0.999983379322086,"group_idyes"
"11707","SYT1","Exc L4-5 RORB GABRG1",0.0191799701873938,12.0453296663522,0.525156757589938,0.469090689064801,0.999997068196745,0.999983379322086,"group_idyes"
"11708","AC090709.1","Exc L4-5 RORB GABRG1",0.0654648157924812,4.91653143032391,0.415280685747971,0.519685358866755,0.999997068196745,0.999983379322086,"group_idyes"
"11709","AC027288.3","Exc L4-5 RORB GABRG1",0.096662665638725,5.36425686773737,0.797543577017944,0.372387077790577,0.999997068196745,0.999983379322086,"group_idyes"
"11710","PAWR","Exc L4-5 RORB GABRG1",0.295866074504368,2.55637267052946,7.18063031702057,0.00768599339986442,0.999997068196745,0.999983379322086,"group_idyes"
"11711","AC073569.2","Exc L4-5 RORB GABRG1",0.139708058094586,1.7325213080851,1.68783853160694,0.194664158087547,0.999997068196745,0.999983379322086,"group_idyes"
"11712","PPP1R12A","Exc L4-5 RORB GABRG1",-0.0023740689877616,8.09571255720662,0.0105495284914566,0.918245938194457,0.999997068196745,0.999983379322086,"group_idyes"
"11713","OTOGL","Exc L4-5 RORB GABRG1",-0.0260810712904328,5.62684202334718,0.071683802406349,0.789044237907346,0.999997068196745,0.999983379322086,"group_idyes"
"11714","PTPRQ","Exc L4-5 RORB GABRG1",0.074701033006135,3.51249077597994,1.27189016617197,0.260115214261991,0.999997068196745,0.999983379322086,"group_idyes"
"11715","AC074031.1","Exc L4-5 RORB GABRG1",0.0532281255421226,0.330298176718664,0.100653685270906,0.751218692134507,0.999997068196745,0.999983379322086,"group_idyes"
"11716","LIN7A","Exc L4-5 RORB GABRG1",0.0154211458315127,7.6624935875056,0.212291212027809,0.645237806232973,0.999997068196745,0.999983379322086,"group_idyes"
"11717","ACSS3","Exc L4-5 RORB GABRG1",-0.0440666333258732,4.41770519603887,0.41337141748859,0.520646238525242,0.999997068196745,0.999983379322086,"group_idyes"
"11718","PPFIA2","Exc L4-5 RORB GABRG1",-0.0072270174946305,9.47586757315421,0.0405255360104525,0.840562922534477,0.999997068196745,0.999983379322086,"group_idyes"
"11719","PPFIA2-AS1","Exc L4-5 RORB GABRG1",0.0338023633253764,2.08894437760717,0.0545899088276112,0.815384987114305,0.999997068196745,0.999983379322086,"group_idyes"
"11720","AC069228.1","Exc L4-5 RORB GABRG1",-0.0447575902206106,4.15224631804522,0.0950509744769488,0.75801835144077,0.999997068196745,0.999983379322086,"group_idyes"
"11721","LINC02426","Exc L4-5 RORB GABRG1",-0.228509430714422,0.543466349170504,1.59265516297758,0.20771171546764,0.999997068196745,0.999983379322086,"group_idyes"
"11722","CCDC59","Exc L4-5 RORB GABRG1",0.0769036722408332,5.65870277629131,0.9475322268579,0.330959856083656,0.999997068196745,0.999983379322086,"group_idyes"
"11723","METTL25","Exc L4-5 RORB GABRG1",0.0436968581623282,6.4794311540656,1.44634202423857,0.229855427763055,0.999997068196745,0.999983379322086,"group_idyes"
"11724","AC089998.4","Exc L4-5 RORB GABRG1",0.0293539342748514,0.522296223967823,0.023217484132166,0.878972748768565,0.999997068196745,0.999983379322086,"group_idyes"
"11725","TMTC2","Exc L4-5 RORB GABRG1",-0.0188283891784054,7.6920826712794,0.165381029148228,0.684476021398123,0.999997068196745,0.999983379322086,"group_idyes"
"11726","SLC6A15","Exc L4-5 RORB GABRG1",0.0162453739825662,6.22765674409599,0.266626885171186,0.605900169129349,0.999997068196745,0.999983379322086,"group_idyes"
"11727","TSPAN19","Exc L4-5 RORB GABRG1",-0.0482965515958007,1.77508157230997,0.231667602381635,0.630563710140333,0.999997068196745,0.999983379322086,"group_idyes"
"11728","LRRIQ1","Exc L4-5 RORB GABRG1",0.190186746501813,4.5535060359242,3.23032389522482,0.0730704754072296,0.999997068196745,0.999983379322086,"group_idyes"
"11729","MGAT4C","Exc L4-5 RORB GABRG1",-0.0214220135275768,6.75334864054476,0.0466741040422189,0.829069581348278,0.999997068196745,0.999983379322086,"group_idyes"
"11730","C12orf50","Exc L4-5 RORB GABRG1",0.260512835219479,0.271252205439044,2.23398502309627,0.13582498228906,0.999997068196745,0.999983379322086,"group_idyes"
"11731","C12orf29","Exc L4-5 RORB GABRG1",0.0319024706891699,4.22669724547749,0.396632058797214,0.529207578512475,0.999997068196745,0.999983379322086,"group_idyes"
"11732","CEP290","Exc L4-5 RORB GABRG1",0.043218587143044,7.09774641468748,1.38645627635678,0.239732348516074,0.999997068196745,0.999983379322086,"group_idyes"
"11733","TMTC3","Exc L4-5 RORB GABRG1",0.0239983695599965,5.55963217632355,0.556162838994212,0.456265832007019,0.999997068196745,0.999983379322086,"group_idyes"
"11734","KITLG","Exc L4-5 RORB GABRG1",0.151365088782479,3.51707504594369,2.90909547673883,0.0888883892419696,0.999997068196745,0.999983379322086,"group_idyes"
"11735","AC024909.1","Exc L4-5 RORB GABRG1",-0.261580927152755,2.30366557043195,4.36486628145049,0.037343876931198,0.999997068196745,0.999983379322086,"group_idyes"
"11736","DUSP6","Exc L4-5 RORB GABRG1",-0.0330301105572262,2.48134906012669,0.0533806112208036,0.817404646440462,0.999997068196745,0.999983379322086,"group_idyes"
"11737","POC1B","Exc L4-5 RORB GABRG1",-0.0564556891679725,5.11062289813723,1.6853199738499,0.194996734176433,0.999997068196745,0.999983379322086,"group_idyes"
"11738","POC1B-AS1","Exc L4-5 RORB GABRG1",-0.0436950935514013,4.86704800521717,0.745072670192797,0.388578518787396,0.999997068196745,0.999983379322086,"group_idyes"
"11739","AC025034.1","Exc L4-5 RORB GABRG1",0.0120313050637269,4.22098626965088,0.0364118567936369,0.848768125219369,0.999997068196745,0.999983379322086,"group_idyes"
"11740","ATP2B1","Exc L4-5 RORB GABRG1",0.00213981156382607,9.27545173646577,0.00937143465782454,0.922930731866727,0.999997068196745,0.999983379322086,"group_idyes"
"11741","ATP2B1-AS1","Exc L4-5 RORB GABRG1",-0.00344234058485097,4.56016760755979,0.00386534259194681,0.950458242078185,0.999997068196745,0.999983379322086,"group_idyes"
"11742","AC084200.1","Exc L4-5 RORB GABRG1",0.0080685133647047,2.78002757476376,0.00864036873854892,0.925988821120914,0.999997068196745,0.999983379322086,"group_idyes"
"11743","AC126178.1","Exc L4-5 RORB GABRG1",0.0338697125871609,1.44031412400551,0.104421690366595,0.785564732107027,0.999997068196745,0.999983379322086,"group_idyes"
"11744","LINC02392","Exc L4-5 RORB GABRG1",-0.0327582743837953,0.56302757601843,0.0507194397122652,0.821935665306951,0.999997068196745,0.999983379322086,"group_idyes"
"11745","BTG1","Exc L4-5 RORB GABRG1",0.0664924304808611,4.20297880334581,0.633662765331464,0.42650584963295,0.999997068196745,0.999983379322086,"group_idyes"
"11746","AC025164.1","Exc L4-5 RORB GABRG1",-0.0709834101244662,0.974951999542704,0.325495825770809,0.677893051115862,0.999997068196745,0.999983379322086,"group_idyes"
"11747","EEA1","Exc L4-5 RORB GABRG1",-0.0450094679963384,6.18244792354363,3.12453111985392,0.0779146641699774,0.999997068196745,0.999983379322086,"group_idyes"
"11748","AC138123.1","Exc L4-5 RORB GABRG1",0.121164273998236,3.27517854286328,1.84252688020311,0.175450775444784,0.999997068196745,0.999983379322086,"group_idyes"
"11749","AC124947.1","Exc L4-5 RORB GABRG1",0.161299677585976,1.6917136085628,2.42691109718522,0.120089899114366,0.999997068196745,0.999983379322086,"group_idyes"
"11750","NUDT4","Exc L4-5 RORB GABRG1",0.0329552813663972,6.28387271449517,0.569838664615675,0.450784872863336,0.999997068196745,0.999983379322086,"group_idyes"
"11751","UBE2N","Exc L4-5 RORB GABRG1",0.0095172215155249,5.81225794335355,0.0532065321600215,0.817697354918025,0.999997068196745,0.999983379322086,"group_idyes"
"11752","MRPL42","Exc L4-5 RORB GABRG1",0.00611001451067683,5.04646277901174,0.025439967071827,0.873359357086465,0.999997068196745,0.999983379322086,"group_idyes"
"11753","SOCS2","Exc L4-5 RORB GABRG1",0.018548956422668,3.44597775215047,0.0706374967412779,0.790553200560052,0.999997068196745,0.999983379322086,"group_idyes"
"11754","CRADD","Exc L4-5 RORB GABRG1",-0.00193333876515023,6.45217539527601,0.0014545406931313,0.969597083622999,0.999997068196745,0.999983379322086,"group_idyes"
"11755","AC012085.2","Exc L4-5 RORB GABRG1",0.0779899539615345,1.2453724760868,0.241072297713465,0.623712661512706,0.999997068196745,0.999983379322086,"group_idyes"
"11756","AC012464.1","Exc L4-5 RORB GABRG1",-0.00285525061464341,0.553959380618577,0.000126839512884774,0.99102000837754,0.999997068196745,0.999983379322086,"group_idyes"
"11757","PLXNC1","Exc L4-5 RORB GABRG1",-0.0472997575205848,6.17654238048357,1.69480382099128,0.193747850334204,0.999997068196745,0.999983379322086,"group_idyes"
"11758","AC123567.2","Exc L4-5 RORB GABRG1",-0.0312614763953425,0.906147987167409,0.0638013848438188,0.809021459428827,0.999997068196745,0.999983379322086,"group_idyes"
"11759","AC073655.1","Exc L4-5 RORB GABRG1",-0.12435745620814,0.49626792153961,0.672067296275679,0.467438413587152,0.999997068196745,0.999983379322086,"group_idyes"
"11760","AC073655.2","Exc L4-5 RORB GABRG1",-0.00708794842692537,0.815809676571396,0.00431212533670951,0.947677233436638,0.999997068196745,0.999983379322086,"group_idyes"
"11761","CEP83","Exc L4-5 RORB GABRG1",-0.0619776997588764,5.564768828303,2.25837196807951,0.133714058498745,0.999997068196745,0.999983379322086,"group_idyes"
"11762","TMCC3","Exc L4-5 RORB GABRG1",-0.0501308221812163,1.0021102267016,0.170942758479978,0.882993899757571,0.999997068196745,0.999983379322086,"group_idyes"
"11763","NDUFA12","Exc L4-5 RORB GABRG1",-0.0103765488771103,4.82394530501382,0.0151608988573573,0.902068767278617,0.999997068196745,0.999983379322086,"group_idyes"
"11764","NR2C1","Exc L4-5 RORB GABRG1",-0.0493691642688073,6.42030452937027,1.83525259019002,0.176303379392026,0.999997068196745,0.999983379322086,"group_idyes"
"11765","FGD6","Exc L4-5 RORB GABRG1",-0.0923609941768173,4.70090393234705,2.94499002114625,0.0869492269940995,0.999997068196745,0.999983379322086,"group_idyes"
"11766","VEZT","Exc L4-5 RORB GABRG1",-0.0209429179741177,7.13151111561767,0.603718838858806,0.437640094664141,0.999997068196745,0.999983379322086,"group_idyes"
"11767","METAP2","Exc L4-5 RORB GABRG1",-0.0495103536042319,5.82482370617941,3.39486832838271,0.0661688438495904,0.999997068196745,0.999983379322086,"group_idyes"
"11768","USP44","Exc L4-5 RORB GABRG1",-0.0133407553560527,2.93362104909719,0.0238237383297165,0.877415181111219,0.999997068196745,0.999983379322086,"group_idyes"
"11769","NTN4","Exc L4-5 RORB GABRG1",-0.00746531115238582,5.86675671518744,0.0227633190051825,0.88015325589485,0.999997068196745,0.999983379322086,"group_idyes"
"11770","AC090001.1","Exc L4-5 RORB GABRG1",-0.0331948258506542,0.885066137092969,0.0571200298037504,0.811234416919123,0.999997068196745,0.999983379322086,"group_idyes"
"11771","SNRPF","Exc L4-5 RORB GABRG1",-0.0285843847900776,4.78784357651444,0.325994306447602,0.568360706923233,0.999997068196745,0.999983379322086,"group_idyes"
"11772","CCDC38","Exc L4-5 RORB GABRG1",-0.147515722642813,1.3182413779265,1.39956591048711,0.237526797001951,0.999997068196745,0.999983379322086,"group_idyes"
"11773","AMDHD1","Exc L4-5 RORB GABRG1",0.0669524207844827,1.06356653070623,0.326798297932569,0.567884301560676,0.999997068196745,0.999983379322086,"group_idyes"
"11774","LTA4H","Exc L4-5 RORB GABRG1",0.0267937874714933,5.07065060776399,0.801355415926414,0.98912758825586,0.999997068196745,0.999983379322086,"group_idyes"
"11775","ELK3","Exc L4-5 RORB GABRG1",0.00558214372299995,1.69667521000978,0.00310100410578145,0.955620333968873,0.999997068196745,0.999983379322086,"group_idyes"
"11776","CDK17","Exc L4-5 RORB GABRG1",0.0228301396841456,6.69408922060408,0.867980944495294,0.352099133998909,0.999997068196745,0.999983379322086,"group_idyes"
"11777","AC007513.1","Exc L4-5 RORB GABRG1",-0.192351185633506,0.710215606713875,2.00237825428283,0.157861503699617,0.999997068196745,0.999983379322086,"group_idyes"
"11778","CFAP54","Exc L4-5 RORB GABRG1",-0.0126815503461174,5.19218182990708,0.0429140860977323,0.835996727964743,0.999997068196745,0.999983379322086,"group_idyes"
"11779","NEDD1","Exc L4-5 RORB GABRG1",-0.00557711553293959,2.58516183251386,0.0075528510255657,0.93079053722778,0.999997068196745,0.999983379322086,"group_idyes"
"11780","AC007656.1","Exc L4-5 RORB GABRG1",-0.0497277854066576,2.81989136924284,0.1929878845101,0.660688009496139,0.999997068196745,0.999983379322086,"group_idyes"
"11781","AC016152.1","Exc L4-5 RORB GABRG1",0.00360583401408737,1.58682302938994,0.000543175853205894,0.981418162235982,0.999997068196745,0.999983379322086,"group_idyes"
"11782","TMPO","Exc L4-5 RORB GABRG1",0.0214970866731126,4.43405400203403,0.247653704032944,0.619016352112792,0.999997068196745,0.999983379322086,"group_idyes"
"11783","SLC25A3","Exc L4-5 RORB GABRG1",-0.0125435951291695,6.13525135311572,0.0368407982626242,0.847890806261343,0.999997068196745,0.999983379322086,"group_idyes"
"11784","IKBIP","Exc L4-5 RORB GABRG1",0.0569455323050131,3.34953550425704,0.770506479972066,0.380608238981121,0.999997068196745,0.999983379322086,"group_idyes"
"11785","APAF1","Exc L4-5 RORB GABRG1",-0.0362087434455157,3.96174831797642,0.766061811319148,0.601315597776672,0.999997068196745,0.999983379322086,"group_idyes"
"11786","ANKS1B","Exc L4-5 RORB GABRG1",-0.0104498845499407,11.6272752912919,0.082475852610572,0.774124446770092,0.999997068196745,0.999983379322086,"group_idyes"
"11787","AC069437.1","Exc L4-5 RORB GABRG1",-0.0629487925669811,5.06238326913876,0.316704851768846,0.573922451406288,0.999997068196745,0.999983379322086,"group_idyes"
"11788","UHRF1BP1L","Exc L4-5 RORB GABRG1",0.00802492695747001,6.67188819439071,0.120319654521122,0.72887770681691,0.999997068196745,0.999983379322086,"group_idyes"
"11789","ACTR6","Exc L4-5 RORB GABRG1",0.00567614350172033,4.99859671073355,0.0212725023148998,0.884115432284094,0.999997068196745,0.999983379322086,"group_idyes"
"11790","DEPDC4","Exc L4-5 RORB GABRG1",-0.0473997353852592,2.31344057957448,0.33489281683639,0.563130747008682,0.999997068196745,0.999983379322086,"group_idyes"
"11791","SCYL2","Exc L4-5 RORB GABRG1",-0.0430351277810005,5.65101880272488,2.15615636105196,0.14281660787207,0.999997068196745,0.999983379322086,"group_idyes"
"11792","NR1H4","Exc L4-5 RORB GABRG1",0.0272990839143563,0.316755632706348,0.0334613856315972,0.854953587718963,0.999997068196745,0.999983379322086,"group_idyes"
"11793","GAS2L3","Exc L4-5 RORB GABRG1",0.258004542917277,0.914869150307211,2.42767952763023,0.120031436170499,0.999997068196745,0.999983379322086,"group_idyes"
"11794","ANO4","Exc L4-5 RORB GABRG1",-0.0362251839399495,5.99812138019014,0.481431581570363,0.488193300027004,0.999997068196745,0.999983379322086,"group_idyes"
"11795","UTP20","Exc L4-5 RORB GABRG1",-0.0230232642838273,4.33456841508168,0.360380224340959,0.683892456966487,0.999997068196745,0.999983379322086,"group_idyes"
"11796","ARL1","Exc L4-5 RORB GABRG1",0.00429264512327586,4.61764161426118,0.0082993811148528,0.930856964656109,0.999997068196745,0.999983379322086,"group_idyes"
"11797","MYBPC1","Exc L4-5 RORB GABRG1",-0.082852290503649,0.868444084686756,0.341087574063034,0.559544388024944,0.999997068196745,0.999983379322086,"group_idyes"
"11798","CHPT1","Exc L4-5 RORB GABRG1",0.0161810524972595,6.9006037577476,0.274713310624651,0.600489243165053,0.999997068196745,0.999983379322086,"group_idyes"
"11799","SYCP3","Exc L4-5 RORB GABRG1",0.0209515824178553,2.25702085279533,0.0481167867781168,0.826489547127018,0.999997068196745,0.999983379322086,"group_idyes"
"11800","GNPTAB","Exc L4-5 RORB GABRG1",-0.0152464971866732,6.215936250302,0.267795590615625,0.605111761043983,0.999997068196745,0.999983379322086,"group_idyes"
"11801","DRAM1","Exc L4-5 RORB GABRG1",0.0884507496591238,1.04656383661539,0.5302325759365,0.466952048363157,0.999997068196745,0.999983379322086,"group_idyes"
"11802","WASHC3","Exc L4-5 RORB GABRG1",0.0418682623514367,4.39297572160237,0.925489541151773,0.336641955028064,0.999997068196745,0.999983379322086,"group_idyes"
"11803","NUP37","Exc L4-5 RORB GABRG1",-0.0154268984958009,2.79993517707284,0.0482629445179119,0.826230438955892,0.999997068196745,0.999983379322086,"group_idyes"
"11804","PARPBP","Exc L4-5 RORB GABRG1",-0.0124520100210918,2.85296449083739,0.0163909960322782,0.898194242402517,0.999997068196745,0.999983379322086,"group_idyes"
"11805","LINC02456","Exc L4-5 RORB GABRG1",-0.104568505538724,0.580993472413721,0.355880099519566,0.551154129207618,0.999997068196745,0.999983379322086,"group_idyes"
"11806","IGF1","Exc L4-5 RORB GABRG1",-0.0835820250800955,0.362247973023661,0.174359174133051,0.676499306813272,0.999997068196745,0.999983379322086,"group_idyes"
"11807","PAH","Exc L4-5 RORB GABRG1",-0.138012488506299,3.65984957580844,1.50263069228696,0.221016842934215,0.999997068196745,0.999983379322086,"group_idyes"
"11808","ASCL1","Exc L4-5 RORB GABRG1",-0.139572346808893,1.82037538254509,1.58077099243649,0.209412362566259,0.999997068196745,0.999983379322086,"group_idyes"
"11809","C12orf42","Exc L4-5 RORB GABRG1",0.00140684507983193,2.46374394694917,0.000172975362279256,0.989513334260782,0.999997068196745,0.999983379322086,"group_idyes"
"11810","STAB2","Exc L4-5 RORB GABRG1",0.0410813665011285,1.19228546444073,0.108386296607077,0.742167995426277,0.999997068196745,0.999983379322086,"group_idyes"
"11811","AC025265.2","Exc L4-5 RORB GABRG1",-0.0125467523215206,0.540773451948235,0.00241821885318734,0.960805043021969,0.999997068196745,0.999983379322086,"group_idyes"
"11812","AC025265.1","Exc L4-5 RORB GABRG1",0.18375672266519,1.1588920285782,2.1507263779409,0.143319341662934,0.999997068196745,0.999983379322086,"group_idyes"
"11813","NT5DC3","Exc L4-5 RORB GABRG1",0.024310992866886,4.46394690869065,0.192059387393729,0.661454069156751,0.999997068196745,0.999983379322086,"group_idyes"
"11814","HSP90B1","Exc L4-5 RORB GABRG1",0.0496044525492017,6.11362026792082,0.730764358477913,0.393167549912106,0.999997068196745,0.999983379322086,"group_idyes"
"11815","C12orf73","Exc L4-5 RORB GABRG1",-0.0960487611158607,3.71079197698286,3.33449116029379,0.0686162940540598,0.999997068196745,0.999983379322086,"group_idyes"
"11816","TDG","Exc L4-5 RORB GABRG1",-0.0159682391050686,4.84989320570938,0.11910415387539,0.730196744724968,0.999997068196745,0.999983379322086,"group_idyes"
"11817","GLT8D2","Exc L4-5 RORB GABRG1",0.0342995943051593,4.0803987899079,0.545619259634832,0.460563578150812,0.999997068196745,0.999983379322086,"group_idyes"
"11818","HCFC2","Exc L4-5 RORB GABRG1",0.014464158188148,5.05932085290834,0.191755812625943,0.661705013480238,0.999997068196745,0.999983379322086,"group_idyes"
"11819","NFYB","Exc L4-5 RORB GABRG1",0.0196046944869033,4.37383554439728,0.197630782179808,0.665147733605664,0.999997068196745,0.999983379322086,"group_idyes"
"11820","TXNRD1","Exc L4-5 RORB GABRG1",0.00985858031756404,6.51726482960536,0.020697303603232,0.88568194559072,0.999997068196745,0.999983379322086,"group_idyes"
"11821","CHST11","Exc L4-5 RORB GABRG1",-0.0515211855077244,6.30495786324117,1.00542779507269,0.316630925262095,0.999997068196745,0.999983379322086,"group_idyes"
"11822","SLC41A2","Exc L4-5 RORB GABRG1",-0.0127484121976641,6.99227521627838,0.139812258769303,0.708673698230571,0.999997068196745,0.999983379322086,"group_idyes"
"11823","C12orf45","Exc L4-5 RORB GABRG1",0.0447012000279347,4.48722597289866,1.08530242134389,0.4053305246916,0.999997068196745,0.999983379322086,"group_idyes"
"11824","ALDH1L2","Exc L4-5 RORB GABRG1",-0.0177377207945491,5.26685662373621,0.143603344821409,0.704933801940432,0.999997068196745,0.999983379322086,"group_idyes"
"11825","AC016257.1","Exc L4-5 RORB GABRG1",0.222339436596439,0.762087020028389,2.69896197222946,0.101230604210233,0.999997068196745,0.999983379322086,"group_idyes"
"11826","WASHC4","Exc L4-5 RORB GABRG1",0.0222363218020634,5.51923444842534,0.514169626481026,0.473774501691591,0.999997068196745,0.999983379322086,"group_idyes"
"11827","APPL2","Exc L4-5 RORB GABRG1",-0.00366357938840938,6.58829724665336,0.00801889561519164,0.928692778673984,0.999997068196745,0.999983379322086,"group_idyes"
"11828","C12orf75","Exc L4-5 RORB GABRG1",0.180306338490026,3.99767662768843,6.19585256743993,0.0132268041203416,0.999997068196745,0.999983379322086,"group_idyes"
"11829","CASC18","Exc L4-5 RORB GABRG1",0.203528434495058,2.6330316645112,4.72744287249237,0.0302938766112283,0.999997068196745,0.999983379322086,"group_idyes"
"11830","NUAK1","Exc L4-5 RORB GABRG1",0.00907399098003828,8.19624636923641,0.0717991793286117,0.788878567804123,0.999997068196745,0.999983379322086,"group_idyes"
"11831","CKAP4","Exc L4-5 RORB GABRG1",0.0389605554885235,4.28272656406434,0.6194545352324,0.775945086974226,0.999997068196745,0.999983379322086,"group_idyes"
"11832","AC079174.2","Exc L4-5 RORB GABRG1",-0.100414145884858,2.41810204043815,2.21920341342872,0.15872341933816,0.999997068196745,0.999983379322086,"group_idyes"
"11833","TCP11L2","Exc L4-5 RORB GABRG1",0.01907259141252,3.69327785020095,0.132645353600645,0.71590494059846,0.999997068196745,0.999983379322086,"group_idyes"
"11834","POLR3B","Exc L4-5 RORB GABRG1",0.0019498727584345,4.94561801763985,0.00221142097813047,0.962517106755343,0.999997068196745,0.999983379322086,"group_idyes"
"11835","AC079385.1","Exc L4-5 RORB GABRG1",0.00153990158139818,5.30178305306516,0.000994708504349432,0.974856045199719,0.999997068196745,0.999983379322086,"group_idyes"
"11836","RFX4","Exc L4-5 RORB GABRG1",0.0164247743072698,2.67566745179174,0.0217503257104978,0.882830487612385,0.999997068196745,0.999983379322086,"group_idyes"
"11837","RIC8B","Exc L4-5 RORB GABRG1",-0.0303107344240187,6.52098725532153,1.13769100217363,0.5611287229079,0.999997068196745,0.999983379322086,"group_idyes"
"11838","AC007541.1","Exc L4-5 RORB GABRG1",0.0965255529050213,2.20194640087278,1.08585122910271,0.298046630749057,0.999997068196745,0.999983379322086,"group_idyes"
"11839","TMEM263","Exc L4-5 RORB GABRG1",0.0584269247432693,4.3852761985722,1.8008185778262,0.180404996762387,0.999997068196745,0.999983379322086,"group_idyes"
"11840","MTERF2","Exc L4-5 RORB GABRG1",-0.0155076329953323,4.60453874122543,0.159888927248442,0.971371743687336,0.999997068196745,0.999983379322086,"group_idyes"
"11841","CRY1","Exc L4-5 RORB GABRG1",-0.035824334930014,5.20311475079619,0.49040676949442,0.484169166606736,0.999997068196745,0.999983379322086,"group_idyes"
"11842","BTBD11","Exc L4-5 RORB GABRG1",-0.00741701068334363,2.91154226087008,0.00474420881915141,0.945122341556652,0.999997068196745,0.999983379322086,"group_idyes"
"11843","PWP1","Exc L4-5 RORB GABRG1",-0.00744909008775952,4.74809310535643,0.0266808690415625,0.870334307493445,0.999997068196745,0.999983379322086,"group_idyes"
"11844","PRDM4","Exc L4-5 RORB GABRG1",0.0201366306825078,4.39294069224975,0.28402205191155,0.594384751786383,0.999997068196745,0.999983379322086,"group_idyes"
"11845","AC007622.2","Exc L4-5 RORB GABRG1",-0.0522073722782253,0.687411186770143,0.123818924586523,0.725121560184632,0.999997068196745,0.999983379322086,"group_idyes"
"11846","AC126177.4","Exc L4-5 RORB GABRG1",-0.0254924808301862,1.47149500358533,0.0686905858833778,0.793393181355821,0.999997068196745,0.999983379322086,"group_idyes"
"11847","WSCD2","Exc L4-5 RORB GABRG1",-0.0404720939739823,5.47394160301038,0.561599293661849,0.454074545342392,0.999997068196745,0.999983379322086,"group_idyes"
"11848","FICD","Exc L4-5 RORB GABRG1",0.092633309689812,2.07103059878181,1.11717804366696,0.291190130007248,0.999997068196745,0.999983379322086,"group_idyes"
"11849","SART3","Exc L4-5 RORB GABRG1",-0.0452548514880078,5.16193826925401,1.8582729204754,0.173621488668456,0.999997068196745,0.999983379322086,"group_idyes"
"11850","ISCU","Exc L4-5 RORB GABRG1",-0.00979469536159166,6.10437090493052,0.0105135199653103,0.91838509195378,0.999997068196745,0.999983379322086,"group_idyes"
"11851","CORO1C","Exc L4-5 RORB GABRG1",-0.0288551577379859,5.12176235165891,0.598685272809603,0.439555269005527,0.999997068196745,0.999983379322086,"group_idyes"
"11852","SSH1","Exc L4-5 RORB GABRG1",-0.00812561697434652,5.99799489519352,0.0465872375545401,0.829226253898004,0.999997068196745,0.999983379322086,"group_idyes"
"11853","DAO","Exc L4-5 RORB GABRG1",0.0362021904451659,1.05564328967829,0.0747264124183808,0.784722165827507,0.999997068196745,0.999983379322086,"group_idyes"
"11854","SVOP","Exc L4-5 RORB GABRG1",-0.120882563894661,6.41105365566996,5.47746774251811,0.0197734411526851,0.999997068196745,0.999983379322086,"group_idyes"
"11855","USP30","Exc L4-5 RORB GABRG1",0.0454543604157868,4.82542818213827,2.19388810899886,0.28367803495117,0.999997068196745,0.999983379322086,"group_idyes"
"11856","ALKBH2","Exc L4-5 RORB GABRG1",-0.0940571860321793,2.23637081419733,1.30116379037879,0.254710320124779,0.999997068196745,0.999983379322086,"group_idyes"
"11857","UNG","Exc L4-5 RORB GABRG1",0.00480959364725226,4.03201457781428,0.00988456397494573,0.920855678033299,0.999997068196745,0.999983379322086,"group_idyes"
"11858","ACACB","Exc L4-5 RORB GABRG1",0.086768200373423,3.75049559343981,1.42391550315437,0.233495333477138,0.999997068196745,0.999983379322086,"group_idyes"
"11859","MYO1H","Exc L4-5 RORB GABRG1",0.210943560325505,0.901281751145009,2.37111738984972,0.124420598700124,0.999997068196745,0.999983379322086,"group_idyes"
"11860","KCTD10","Exc L4-5 RORB GABRG1",-0.0358707705320192,3.54442658869222,0.533028467681146,0.521526306628481,0.999997068196745,0.999983379322086,"group_idyes"
"11861","UBE3B","Exc L4-5 RORB GABRG1",-0.0326446622740242,5.28825647656181,0.96306854478272,0.327031682141989,0.999997068196745,0.999983379322086,"group_idyes"
"11862","MMAB","Exc L4-5 RORB GABRG1",-0.0290841276829531,3.88346626955865,0.332976944377836,0.564248881745279,0.999997068196745,0.999983379322086,"group_idyes"
"11863","MVK","Exc L4-5 RORB GABRG1",-0.103152915817858,3.08787274791158,2.99462603572722,0.0843430506160111,0.999997068196745,0.999983379322086,"group_idyes"
"11864","FAM222A","Exc L4-5 RORB GABRG1",-0.0051622132706103,3.02232588172696,0.00540459206482541,0.941433773574543,0.999997068196745,0.999983379322086,"group_idyes"
"11865","FAM222A-AS1","Exc L4-5 RORB GABRG1",0.025628424734838,0.8850533794176,0.0374801578559806,0.84659289010555,0.999997068196745,0.999983379322086,"group_idyes"
"11866","GLTP","Exc L4-5 RORB GABRG1",-0.0620331238963689,3.9571507813055,1.87908248153933,0.171237626044635,0.999997068196745,0.999983379322086,"group_idyes"
"11867","TCHP","Exc L4-5 RORB GABRG1",0.00163947578406467,5.31002956296883,0.00184375361417973,0.96577247390151,0.999997068196745,0.999983379322086,"group_idyes"
"11868","GIT2","Exc L4-5 RORB GABRG1",-0.031609311112886,6.30393049979636,0.866818844932282,0.352421338089661,0.999997068196745,0.999983379322086,"group_idyes"
"11869","ANKRD13A","Exc L4-5 RORB GABRG1",-0.0227933621827834,4.7148360439893,0.262655381266695,0.608595811001411,0.999997068196745,0.999983379322086,"group_idyes"
"11870","C12orf76","Exc L4-5 RORB GABRG1",-0.00863267255599408,5.57960754163836,0.0595863946913203,0.807280979998905,0.999997068196745,0.999983379322086,"group_idyes"
"11871","IFT81","Exc L4-5 RORB GABRG1",-0.046394709615569,5.42567008746345,1.88852239376269,0.170168683482032,0.999997068196745,0.999983379322086,"group_idyes"
"11872","ATP2A2","Exc L4-5 RORB GABRG1",-0.0159392488381967,7.24048278581045,0.188772045695333,0.664184181095102,0.999997068196745,0.999983379322086,"group_idyes"
"11873","ANAPC7","Exc L4-5 RORB GABRG1",0.0304258382628707,4.92396486526457,0.819782092989541,0.365810538623474,0.999997068196745,0.999983379322086,"group_idyes"
"11874","ARPC3","Exc L4-5 RORB GABRG1",0.002875149424794,5.31609610180993,0.00284555627978725,0.957485705224842,0.999997068196745,0.999983379322086,"group_idyes"
"11875","GPN3","Exc L4-5 RORB GABRG1",0.0311770183421081,3.03691331522226,0.222119434510141,0.637696873216968,0.999997068196745,0.999983379322086,"group_idyes"
"11876","FAM216A","Exc L4-5 RORB GABRG1",-0.0509422963873397,5.06223716761755,2.22971658038523,0.136198291713726,0.999997068196745,0.999983379322086,"group_idyes"
"11877","VPS29","Exc L4-5 RORB GABRG1",0.00910146421017424,5.4114036466983,0.0380134428957752,0.845519067729357,0.999997068196745,0.999983379322086,"group_idyes"
"11878","RAD9B","Exc L4-5 RORB GABRG1",-0.09077172940003,1.02750872853415,0.436829158023891,0.509052440766054,0.999997068196745,0.999983379322086,"group_idyes"
"11879","PPTC7","Exc L4-5 RORB GABRG1",0.0335258045633849,4.52092340390519,0.661448556693776,0.447810993087183,0.999997068196745,0.999983379322086,"group_idyes"
"11880","TCTN1","Exc L4-5 RORB GABRG1",0.0538187205437846,4.35979011449646,1.2618897174493,0.26199416907332,0.999997068196745,0.999983379322086,"group_idyes"
"11881","HVCN1","Exc L4-5 RORB GABRG1",-0.0210227335479668,1.44063075036223,0.0241701486554782,0.876534295846887,0.999997068196745,0.999983379322086,"group_idyes"
"11882","PPP1CC","Exc L4-5 RORB GABRG1",0.0736678877989551,4.63540372078766,1.46544866290328,0.226808331569219,0.999997068196745,0.999983379322086,"group_idyes"
"11883","AC002375.1","Exc L4-5 RORB GABRG1",0.134775055106362,0.596180652714099,0.699803003369337,0.403369180214612,0.999997068196745,0.999983379322086,"group_idyes"
"11884","CUX2","Exc L4-5 RORB GABRG1",0.0891847877790652,5.24536350250023,0.627574983952671,0.42873441155675,0.999997068196745,0.999983379322086,"group_idyes"
"11885","PHETA1","Exc L4-5 RORB GABRG1",0.00889218564519233,1.23138137120161,0.00766603477987699,0.930275211420998,0.999997068196745,0.999983379322086,"group_idyes"
"11886","LINC02356","Exc L4-5 RORB GABRG1",0.199047554031973,1.14460647925565,1.88253690338615,0.170845564357183,0.999997068196745,0.999983379322086,"group_idyes"
"11887","SH2B3","Exc L4-5 RORB GABRG1",-0.00889859732820643,4.34608373831988,0.0299506457685021,0.862693274102046,0.999997068196745,0.999983379322086,"group_idyes"
"11888","ATXN2","Exc L4-5 RORB GABRG1",-0.0119089926497937,7.64067025273635,0.207472476732351,0.649012663112723,0.999997068196745,0.999983379322086,"group_idyes"
"11889","BRAP","Exc L4-5 RORB GABRG1",0.00837535312120048,5.28927493931146,0.0823625936188137,0.774275366011614,0.999997068196745,0.999983379322086,"group_idyes"
"11890","ACAD10","Exc L4-5 RORB GABRG1",0.0221611143241571,4.44551299648513,0.206211806817237,0.650008963892302,0.999997068196745,0.999983379322086,"group_idyes"
"11891","AC002996.1","Exc L4-5 RORB GABRG1",-0.0493166352636144,1.44732921557738,0.169300695865503,0.680963166501164,0.999997068196745,0.999983379322086,"group_idyes"
"11892","ALDH2","Exc L4-5 RORB GABRG1",0.0599938184044303,4.70554510218402,1.65118922047983,0.199570211599897,0.999997068196745,0.999983379322086,"group_idyes"
"11893","MAPKAPK5-AS1","Exc L4-5 RORB GABRG1",-0.035934972908951,3.73954411974781,0.221127014629391,0.638448980731839,0.999997068196745,0.999983379322086,"group_idyes"
"11894","MAPKAPK5","Exc L4-5 RORB GABRG1",-0.031714080823033,5.46495408397807,0.772317334080048,0.380049651675231,0.999997068196745,0.999983379322086,"group_idyes"
"11895","TMEM116","Exc L4-5 RORB GABRG1",0.000348661880209238,4.45972553619661,6.7073463079486e-05,0.993469771906119,0.999997068196745,0.999983379322086,"group_idyes"
"11896","ERP29","Exc L4-5 RORB GABRG1",-0.0247068489942306,4.10320685550186,0.0695247469034043,0.792171177675766,0.999997068196745,0.999983379322086,"group_idyes"
"11897","NAA25","Exc L4-5 RORB GABRG1",0.00105399283941489,6.17478783559049,0.000941456410816529,0.975538130532031,0.999997068196745,0.999983379322086,"group_idyes"
"11898","TRAFD1","Exc L4-5 RORB GABRG1",-0.0679177810175656,3.63031706933991,2.09327334805933,0.148763018136414,0.999997068196745,0.999983379322086,"group_idyes"
"11899","HECTD4","Exc L4-5 RORB GABRG1",-0.0247092041980556,8.03902419633717,0.817717876568584,0.366414133538228,0.999997068196745,0.999983379322086,"group_idyes"
"11900","RPL6","Exc L4-5 RORB GABRG1",0.0228891677287798,5.49033202042394,0.0563322816945442,0.812516089917916,0.999997068196745,0.999983379322086,"group_idyes"
"11901","PTPN11","Exc L4-5 RORB GABRG1",-0.0590440218470889,6.3211295346536,4.68179908640625,0.0310987411602496,0.999997068196745,0.999983379322086,"group_idyes"
"11902","RPH3A","Exc L4-5 RORB GABRG1",-0.0484108516883941,6.9308054642697,0.753353136462534,0.385957747894988,0.999997068196745,0.999983379322086,"group_idyes"
"11903","AC004551.1","Exc L4-5 RORB GABRG1",-0.16377311648169,1.5928710924964,1.75774103882539,0.185693167072801,0.999997068196745,0.999983379322086,"group_idyes"
"11904","OAS3","Exc L4-5 RORB GABRG1",-0.271582298140323,0.239129311282839,1.67979058711827,0.19572923375893,0.999997068196745,0.999983379322086,"group_idyes"
"11905","DTX1","Exc L4-5 RORB GABRG1",-0.0729657660169248,4.41363285369858,2.97427479002053,0.0854012023779847,0.999997068196745,0.999983379322086,"group_idyes"
"11906","RASAL1","Exc L4-5 RORB GABRG1",-0.114346830782849,3.83519347116067,1.02128694149526,0.312849083140099,0.999997068196745,0.999983379322086,"group_idyes"
"11907","CFAP73","Exc L4-5 RORB GABRG1",0.123586400989318,0.928505301609876,0.981259009116823,0.32251076201722,0.999997068196745,0.999983379322086,"group_idyes"
"11908","DDX54","Exc L4-5 RORB GABRG1",-0.0415803762960974,3.46764532341288,0.309849923150366,0.578095927758878,0.999997068196745,0.999983379322086,"group_idyes"
"11909","RITA1","Exc L4-5 RORB GABRG1",-0.0723210122468087,3.38337530299498,1.61287547459899,0.204855630112053,0.999997068196745,0.999983379322086,"group_idyes"
"11910","IQCD","Exc L4-5 RORB GABRG1",0.0328219194120473,1.58648815254891,0.125933408280778,0.844932760288358,0.999997068196745,0.999983379322086,"group_idyes"
"11911","TPCN1","Exc L4-5 RORB GABRG1",-0.0719163522386663,5.46156310765546,3.03066096373527,0.0825041580435495,0.999997068196745,0.999983379322086,"group_idyes"
"11912","SLC8B1","Exc L4-5 RORB GABRG1",-0.0642937677397638,4.01402586436292,0.846503142175637,0.358119979545337,0.999997068196745,0.999983379322086,"group_idyes"
"11913","PLBD2","Exc L4-5 RORB GABRG1",-0.0516273869004548,4.6988746329592,1.06915600355619,0.301785673533052,0.999997068196745,0.999983379322086,"group_idyes"
"11914","SDS","Exc L4-5 RORB GABRG1",0.0851033103362352,0.251059580118022,0.223368613909904,0.636753094454843,0.999997068196745,0.999983379322086,"group_idyes"
"11915","LINC01234","Exc L4-5 RORB GABRG1",-0.0741717579560091,3.79820625878102,1.53100542739018,0.216716268983149,0.999997068196745,0.999983379322086,"group_idyes"
"11916","RBM19","Exc L4-5 RORB GABRG1",-0.0137210536470927,4.33802472072268,0.0864447777178056,0.768905051653576,0.999997068196745,0.999983379322086,"group_idyes"
"11917","MED13L","Exc L4-5 RORB GABRG1",-0.00489159983520119,8.58390329920951,0.0262459557569991,0.871386148614192,0.999997068196745,0.999983379322086,"group_idyes"
"11918","MAP1LC3B2","Exc L4-5 RORB GABRG1",-0.0595900907489694,4.28423693289839,0.758628984726832,0.384301076496043,0.999997068196745,0.999983379322086,"group_idyes"
"11919","C12orf49","Exc L4-5 RORB GABRG1",-0.0018824047052888,3.81322513838179,0.00121919852385872,0.972164014796524,0.999997068196745,0.999983379322086,"group_idyes"
"11920","RNFT2","Exc L4-5 RORB GABRG1",-0.0580859804718818,5.22473335769107,2.00631495099099,0.157454557747189,0.999997068196745,0.999983379322086,"group_idyes"
"11921","HRK","Exc L4-5 RORB GABRG1",-0.0572661914397,4.60211924481019,0.587914624062987,0.443696891562207,0.999997068196745,0.999983379322086,"group_idyes"
"11922","FBXW8","Exc L4-5 RORB GABRG1",-0.0304316337091209,5.25090693803439,0.415449454561942,0.51960057288846,0.999997068196745,0.999983379322086,"group_idyes"
"11923","AC127164.1","Exc L4-5 RORB GABRG1",-0.079045410963614,1.0737172636735,0.38034743269721,0.537782122725563,0.999997068196745,0.999983379322086,"group_idyes"
"11924","TESC","Exc L4-5 RORB GABRG1",-0.10522662812098,4.18625473509484,3.75840267435179,0.0532737860306274,0.999997068196745,0.999983379322086,"group_idyes"
"11925","TESC-AS1","Exc L4-5 RORB GABRG1",-0.0137926055244534,0.428898624241842,0.00652504607448483,0.935660700598147,0.999997068196745,0.999983379322086,"group_idyes"
"11926","FBXO21","Exc L4-5 RORB GABRG1",0.038134954334344,6.63021651543126,1.81763004322704,0.178388836186821,0.999997068196745,0.999983379322086,"group_idyes"
"11927","NOS1","Exc L4-5 RORB GABRG1",-0.0396916238586257,2.80630990144958,0.332267768326995,0.795997594545487,0.999997068196745,0.999983379322086,"group_idyes"
"11928","KSR2","Exc L4-5 RORB GABRG1",-0.0151789923197908,8.59414626413037,0.164845882333871,0.684959380961622,0.999997068196745,0.999983379322086,"group_idyes"
"11929","RFC5","Exc L4-5 RORB GABRG1",-0.0164096376576232,3.41157716660914,0.113243180782069,0.736665080882671,0.999997068196745,0.999983379322086,"group_idyes"
"11930","WSB2","Exc L4-5 RORB GABRG1",0.0241764310481992,5.59582552511226,0.311831875178084,0.576883080144067,0.999997068196745,0.999983379322086,"group_idyes"
"11931","VSIG10","Exc L4-5 RORB GABRG1",-0.00512743407255911,4.94009306697679,0.0109121341252783,0.916857824186103,0.999997068196745,0.999983379322086,"group_idyes"
"11932","PEBP1","Exc L4-5 RORB GABRG1",0.0127863414434819,8.36459497547999,0.0221912338765802,0.881657548000369,0.999997068196745,0.999983379322086,"group_idyes"
"11933","TAOK3","Exc L4-5 RORB GABRG1",-0.0172319965491399,7.48963707628055,0.374803102483508,0.540759382670583,0.999997068196745,0.999983379322086,"group_idyes"
"11934","SUDS3","Exc L4-5 RORB GABRG1",-0.0303828166022608,5.13675634843651,0.649144431117158,0.420916420356812,0.999997068196745,0.999983379322086,"group_idyes"
"11935","AC026367.3","Exc L4-5 RORB GABRG1",0.167015476367132,0.873432214738252,1.57554562423378,0.271758912662762,0.999997068196745,0.999983379322086,"group_idyes"
"11936","AC026367.2","Exc L4-5 RORB GABRG1",0.0641027859432353,1.6117117195726,0.425594478751757,0.514548208654177,0.999997068196745,0.999983379322086,"group_idyes"
"11937","SRRM4","Exc L4-5 RORB GABRG1",0.0353745315186724,8.29982807929851,1.04196452967362,0.308006451480604,0.999997068196745,0.999983379322086,"group_idyes"
"11938","AC084361.1","Exc L4-5 RORB GABRG1",-0.0467462052339892,2.0817602738448,0.149787633198713,0.698952377189709,0.999997068196745,0.999983379322086,"group_idyes"
"11939","HSPB8","Exc L4-5 RORB GABRG1",0.00593705888219516,4.25535559629575,0.012850153132644,0.909805454948379,0.999997068196745,0.999983379322086,"group_idyes"
"11940","CCDC60","Exc L4-5 RORB GABRG1",-0.096841666079257,1.40051857129863,0.682792348323741,0.409138985600199,0.999997068196745,0.999983379322086,"group_idyes"
"11941","AC002070.1","Exc L4-5 RORB GABRG1",0.0520777710838189,4.0096608716013,0.635117085259121,0.425976052689687,0.999997068196745,0.999983379322086,"group_idyes"
"11942","TMEM233","Exc L4-5 RORB GABRG1",-0.274518259698111,0.866342481511977,2.86425962003058,0.0913769911887003,0.999997068196745,0.999983379322086,"group_idyes"
"11943","PRKAB1","Exc L4-5 RORB GABRG1",0.0244345603976226,3.41196559888252,0.210687156127429,0.646488563885584,0.999997068196745,0.999983379322086,"group_idyes"
"11944","CIT","Exc L4-5 RORB GABRG1",0.000829952574687089,8.11122517460329,0.000605514361984111,0.980381032984495,0.999997068196745,0.999983379322086,"group_idyes"
"11945","BICDL1","Exc L4-5 RORB GABRG1",-0.0296083496805991,6.64138451946536,0.473065248864075,0.491994829906122,0.999997068196745,0.999983379322086,"group_idyes"
"11946","RAB35","Exc L4-5 RORB GABRG1",0.002604617881816,4.12005449929814,0.00453957471535201,0.946317083859138,0.999997068196745,0.999983379322086,"group_idyes"
"11947","AC004812.2","Exc L4-5 RORB GABRG1",0.0245439493937229,2.08417970161262,0.0829484804540235,0.773495871249313,0.999997068196745,0.999983379322086,"group_idyes"
"11948","GCN1","Exc L4-5 RORB GABRG1",-0.00459146665059546,4.54662881480517,0.0186645365194262,0.891404039430149,0.999997068196745,0.999983379322086,"group_idyes"
"11949","RPLP0","Exc L4-5 RORB GABRG1",0.0390944535388491,4.65168063850011,0.225024104161329,0.635507303634251,0.999997068196745,0.999983379322086,"group_idyes"
"11950","PXN-AS1","Exc L4-5 RORB GABRG1",-0.110111326947147,2.45557772664708,1.62818636408784,0.202723882984471,0.999997068196745,0.999983379322086,"group_idyes"
"11951","PXN","Exc L4-5 RORB GABRG1",-0.000170617634920706,2.76570749540345,3.57810069613022e-09,0.999952303761266,0.999997068196745,0.999983379322086,"group_idyes"
"11952","SIRT4","Exc L4-5 RORB GABRG1",-0.0486287034436316,3.35961834136399,0.682900053295572,0.409102073363948,0.999997068196745,0.999983379322086,"group_idyes"
"11953","MSI1","Exc L4-5 RORB GABRG1",-0.0646955032635256,2.22224300967237,0.590555154212821,0.442675975573957,0.999997068196745,0.999983379322086,"group_idyes"
"11954","COX6A1","Exc L4-5 RORB GABRG1",-0.039447712285378,0.177648118043384,0.0281898243955397,0.866751544581653,0.999997068196745,0.999983379322086,"group_idyes"
"11955","TRIAP1","Exc L4-5 RORB GABRG1",-0.00142129850082396,2.28590110097349,0.00011786480613117,0.991343519139329,0.999997068196745,0.999983379322086,"group_idyes"
"11956","GATC","Exc L4-5 RORB GABRG1",0.0125165021488728,4.23112800099103,0.0610600697329137,0.80496004124873,0.999997068196745,0.999983379322086,"group_idyes"
"11957","SRSF9","Exc L4-5 RORB GABRG1",0.0551874600322193,4.2288748577821,0.491831338978249,0.483535495205227,0.999997068196745,0.999983379322086,"group_idyes"
"11958","DYNLL1","Exc L4-5 RORB GABRG1",-0.0365093184226199,7.13022684144961,0.125461906719969,0.723378539486343,0.999997068196745,0.999983379322086,"group_idyes"
"11959","NRAV","Exc L4-5 RORB GABRG1",-0.03649528543513,2.45510916324023,0.25262855772818,0.615517858778704,0.999997068196745,0.999983379322086,"group_idyes"
"11960","COQ5","Exc L4-5 RORB GABRG1",0.0342380884456945,3.32780074882898,0.438201983414443,0.56761156897603,0.999997068196745,0.999983379322086,"group_idyes"
"11961","RNF10","Exc L4-5 RORB GABRG1",-0.00551152967345123,5.90477262980423,0.0488418520980851,0.825208172788327,0.999997068196745,0.999983379322086,"group_idyes"
"11962","POP5","Exc L4-5 RORB GABRG1",0.0148685201275404,2.95765294485233,0.0329510567352607,0.85605168925271,0.999997068196745,0.999983379322086,"group_idyes"
"11963","AC125616.1","Exc L4-5 RORB GABRG1",-0.0662246830520738,3.73654906047242,1.7371078959725,0.188289896703807,0.999997068196745,0.999983379322086,"group_idyes"
"11964","CABP1","Exc L4-5 RORB GABRG1",-0.0323717921273955,8.71482651231508,0.890820464027282,0.345847392555752,0.999997068196745,0.999983379322086,"group_idyes"
"11965","MLEC","Exc L4-5 RORB GABRG1",0.00587680668322684,4.94342160008861,0.0165932483126145,0.89757151980393,0.999997068196745,0.999983379322086,"group_idyes"
"11966","UNC119B","Exc L4-5 RORB GABRG1",0.0633819969076168,3.35229426745373,1.40447389835985,0.236707439522319,0.999997068196745,0.999983379322086,"group_idyes"
"11967","ACADS","Exc L4-5 RORB GABRG1",-0.0817771065980722,1.83383221017311,0.721379569055907,0.396219946549606,0.999997068196745,0.999983379322086,"group_idyes"
"11968","AC069234.1","Exc L4-5 RORB GABRG1",-0.0083237729043585,1.68017960880994,0.00664629807589468,0.935066972532572,0.999997068196745,0.999983379322086,"group_idyes"
"11969","SPPL3","Exc L4-5 RORB GABRG1",0.000483551474294641,7.11530746388087,0.000392809673825709,0.98419769516906,0.999997068196745,0.999983379322086,"group_idyes"
"11970","C12orf43","Exc L4-5 RORB GABRG1",0.00927560166672456,4.20127873436564,0.0355195568127376,0.850610479775558,0.999997068196745,0.999983379322086,"group_idyes"
"11971","P2RX7","Exc L4-5 RORB GABRG1",-0.0142360620681272,6.23944161666559,0.0883504466774454,0.766445210504104,0.999997068196745,0.999983379322086,"group_idyes"
"11972","AC069209.1","Exc L4-5 RORB GABRG1",0.0902394068659223,0.862997737315152,0.411537269593832,0.521572271831114,0.999997068196745,0.999983379322086,"group_idyes"
"11973","P2RX4","Exc L4-5 RORB GABRG1",-0.0159376481191182,4.06063607812109,0.0614973880829202,0.804277024468193,0.999997068196745,0.999983379322086,"group_idyes"
"11974","CAMKK2","Exc L4-5 RORB GABRG1",-0.0292522351712754,6.95924086311531,0.764190877022053,0.382565521433559,0.999997068196745,0.999983379322086,"group_idyes"
"11975","ANAPC5","Exc L4-5 RORB GABRG1",0.0173687921316849,6.65230713600684,0.373054528383843,0.541704637034182,0.999997068196745,0.999983379322086,"group_idyes"
"11976","RNF34","Exc L4-5 RORB GABRG1",-0.0004343094497066,5.71182730315536,0.000147137463828166,0.990328166563143,0.999997068196745,0.999983379322086,"group_idyes"
"11977","KDM2B","Exc L4-5 RORB GABRG1",-0.00342477512706967,6.3957826233879,0.00816256486614511,0.928058557554734,0.999997068196745,0.999983379322086,"group_idyes"
"11978","AC145422.1","Exc L4-5 RORB GABRG1",-0.0463904235761299,4.51931655342853,0.583228943785498,0.445517526465571,0.999997068196745,0.999983379322086,"group_idyes"
"11979","MORN3","Exc L4-5 RORB GABRG1",-0.0266383883734916,3.06720918165183,0.10916290992905,0.741279016363134,0.999997068196745,0.999983379322086,"group_idyes"
"11980","TMEM120B","Exc L4-5 RORB GABRG1",-0.0519330774376449,5.73558960887625,1.19691560732044,0.274623510893157,0.999997068196745,0.999983379322086,"group_idyes"
"11981","RHOF","Exc L4-5 RORB GABRG1",0.131528534097743,3.45736294837343,6.19801687641675,0.0132109016715952,0.999997068196745,0.999983379322086,"group_idyes"
"11982","SETD1B","Exc L4-5 RORB GABRG1",-0.0183039471342808,4.39301605309351,0.244409724314772,0.621321327989138,0.999997068196745,0.999983379322086,"group_idyes"
"11983","HPD","Exc L4-5 RORB GABRG1",0.133960335610359,0.633361947288281,1.06364567341749,0.370198861048775,0.999997068196745,0.999983379322086,"group_idyes"
"11984","WDR66","Exc L4-5 RORB GABRG1",0.0186970624257215,3.75155831050934,0.0953071979524923,0.75770266416216,0.999997068196745,0.999983379322086,"group_idyes"
"11985","AC069503.1","Exc L4-5 RORB GABRG1",0.0588086430869734,2.00302846888337,0.60578712978226,0.436856859256356,0.999997068196745,0.999983379322086,"group_idyes"
"11986","BCL7A","Exc L4-5 RORB GABRG1",0.0279057268433537,5.91165077868533,0.754346146031508,0.385645156014497,0.999997068196745,0.999983379322086,"group_idyes"
"11987","MLXIP","Exc L4-5 RORB GABRG1",-0.0345072676025324,6.02912336981688,0.922371199391225,0.337456327294699,0.999997068196745,0.999983379322086,"group_idyes"
"11988","LRRC43","Exc L4-5 RORB GABRG1",0.0424765667384292,2.73601465867181,0.415653217068266,0.519498239289352,0.999997068196745,0.999983379322086,"group_idyes"
"11989","B3GNT4","Exc L4-5 RORB GABRG1",-0.0489456087037004,2.53761012130927,0.393697995514833,0.898821569849888,0.999997068196745,0.999983379322086,"group_idyes"
"11990","CLIP1","Exc L4-5 RORB GABRG1",-0.00135578249822652,7.39460827508513,0.00243427651111679,0.960675231013977,0.999997068196745,0.999983379322086,"group_idyes"
"11991","ZCCHC8","Exc L4-5 RORB GABRG1",-0.0325074810089185,5.17801098737802,0.520285582316286,0.471157986737786,0.999997068196745,0.999983379322086,"group_idyes"
"11992","RSRC2","Exc L4-5 RORB GABRG1",0.0392964939674633,5.7616991223236,0.918157779542588,0.338560898540015,0.999997068196745,0.999983379322086,"group_idyes"
"11993","KNTC1","Exc L4-5 RORB GABRG1",-0.0698200417219392,3.42574899597018,1.66391340934273,0.197850586422059,0.999997068196745,0.999983379322086,"group_idyes"
"11994","AC026333.4","Exc L4-5 RORB GABRG1",-0.154675087154664,0.726716122231063,1.36737778934451,0.242986882516616,0.999997068196745,0.999983379322086,"group_idyes"
"11995","AC026333.3","Exc L4-5 RORB GABRG1",-0.139295288784046,0.917438034559076,0.845401827016983,0.358432511911817,0.999997068196745,0.999983379322086,"group_idyes"
"11996","DENR","Exc L4-5 RORB GABRG1",-0.021090439017059,5.47833508414382,0.382579015948877,0.536592231195931,0.999997068196745,0.999983379322086,"group_idyes"
"11997","CCDC62","Exc L4-5 RORB GABRG1",-0.000309442001561241,4.10831791660571,3.12162983673481e-05,0.995545014553147,0.999997068196745,0.999983379322086,"group_idyes"
"11998","HIP1R","Exc L4-5 RORB GABRG1",0.0235281963991928,4.40318840335677,0.260207143715224,0.610270394370985,0.999997068196745,0.999983379322086,"group_idyes"
"11999","VPS37B","Exc L4-5 RORB GABRG1",-0.0550501202202072,5.30011550507635,2.10164196976174,0.147955717505864,0.999997068196745,0.999983379322086,"group_idyes"
"12000","ABCB9","Exc L4-5 RORB GABRG1",-0.0467798251440453,6.19172338285857,1.04435176169949,0.307453677991205,0.999997068196745,0.999983379322086,"group_idyes"
"12001","OGFOD2","Exc L4-5 RORB GABRG1",-0.0267050085742256,2.38591729540356,0.148117675744608,0.70055336703028,0.999997068196745,0.999983379322086,"group_idyes"
"12002","ARL6IP4","Exc L4-5 RORB GABRG1",0.0224401573514964,5.40082127880197,0.130712980422612,0.717892409470516,0.999997068196745,0.999983379322086,"group_idyes"
"12003","PITPNM2","Exc L4-5 RORB GABRG1",-0.0483855659296294,6.59663554192542,1.65618075113665,0.198893535829853,0.999997068196745,0.999983379322086,"group_idyes"
"12004","MPHOSPH9","Exc L4-5 RORB GABRG1",-0.0263731176933193,6.9603070954568,0.876518303414567,0.349744358968946,0.999997068196745,0.999983379322086,"group_idyes"
"12005","C12orf65","Exc L4-5 RORB GABRG1",-0.0261264282363017,4.99521407131754,0.455640957765795,0.500073708776428,0.999997068196745,0.999983379322086,"group_idyes"
"12006","AC068768.1","Exc L4-5 RORB GABRG1",0.138813829639147,0.692520154760699,1.19609832385196,0.27478717509092,0.999997068196745,0.999983379322086,"group_idyes"
"12007","SBNO1","Exc L4-5 RORB GABRG1",0.0144072620728462,6.57725517443258,0.312001783002662,0.86792777310276,0.999997068196745,0.999983379322086,"group_idyes"
"12008","AC137767.1","Exc L4-5 RORB GABRG1",0.123608996437596,1.34921219622452,1.13916610197048,0.286497876148438,0.999997068196745,0.999983379322086,"group_idyes"
"12009","KMT5A","Exc L4-5 RORB GABRG1",0.00557445288186909,4.88209629338288,0.0177511694338387,0.894078366109128,0.999997068196745,0.999983379322086,"group_idyes"
"12010","RILPL2","Exc L4-5 RORB GABRG1",-0.0254615177362589,4.66255100942865,0.292605806449483,0.588868536295882,0.999997068196745,0.999983379322086,"group_idyes"
"12011","SNRNP35","Exc L4-5 RORB GABRG1",-0.0405889101613015,4.32754617741815,0.892552997640954,0.520407995058708,0.999997068196745,0.999983379322086,"group_idyes"
"12012","RILPL1","Exc L4-5 RORB GABRG1",-0.0361810831256334,5.92951687127579,0.799469674712479,0.371810970989676,0.999997068196745,0.999983379322086,"group_idyes"
"12013","AC055713.1","Exc L4-5 RORB GABRG1",0.124805476195094,1.42544516681882,1.56702215535641,0.211400525890984,0.999997068196745,0.999983379322086,"group_idyes"
"12014","TMED2","Exc L4-5 RORB GABRG1",0.0199679834239728,4.38501566181944,0.0992950215503954,0.752848121213481,0.999997068196745,0.999983379322086,"group_idyes"
"12015","DDX55","Exc L4-5 RORB GABRG1",0.0368745587633392,4.39814057563643,0.68456201939652,0.598740062089499,0.999997068196745,0.999983379322086,"group_idyes"
"12016","EIF2B1","Exc L4-5 RORB GABRG1",-0.014394871629995,4.64208621846777,0.12051212538316,0.72866952674902,0.999997068196745,0.999983379322086,"group_idyes"
"12017","GTF2H3","Exc L4-5 RORB GABRG1",-0.0190021518321862,4.84695392919831,0.253462688009919,0.614935501331014,0.999997068196745,0.999983379322086,"group_idyes"
"12018","TCTN2","Exc L4-5 RORB GABRG1",-0.0221830719703635,4.39404667643867,0.271383508468842,0.602704908497244,0.999997068196745,0.999983379322086,"group_idyes"
"12019","AC117503.1","Exc L4-5 RORB GABRG1",-0.169043158272571,1.3329795644417,1.97106016840868,0.161142064658819,0.999997068196745,0.999983379322086,"group_idyes"
"12020","ATP6V0A2","Exc L4-5 RORB GABRG1",-0.0414239352018581,5.1727508189858,0.894266286527661,0.344917325145398,0.999997068196745,0.999983379322086,"group_idyes"
"12021","DNAH10","Exc L4-5 RORB GABRG1",0.0292730076205009,2.74899150043864,0.144752456399049,0.703811374356555,0.999997068196745,0.999983379322086,"group_idyes"
"12022","CCDC92","Exc L4-5 RORB GABRG1",0.0277623616406601,7.41095276061552,0.662807381210591,0.416074186919528,0.999997068196745,0.999983379322086,"group_idyes"
"12023","ZNF664","Exc L4-5 RORB GABRG1",-0.0298537834087907,0.533261243202102,0.0237499020505751,0.877603785194472,0.999997068196745,0.999983379322086,"group_idyes"
"12024","RFLNA","Exc L4-5 RORB GABRG1",-0.0819013396359612,5.25748379649183,1.08080612193101,0.299170192417445,0.999997068196745,0.999983379322086,"group_idyes"
"12025","NCOR2","Exc L4-5 RORB GABRG1",-0.0605971627317306,6.75783803466849,1.79509162343008,0.181097845830986,0.999997068196745,0.999983379322086,"group_idyes"
"12026","SCARB1","Exc L4-5 RORB GABRG1",-0.0526246561731997,5.29491988532569,1.20437149075103,0.273136089424771,0.999997068196745,0.999983379322086,"group_idyes"
"12027","UBC","Exc L4-5 RORB GABRG1",0.0225244015471797,7.13755598847546,0.0597038813650444,0.807094837919325,0.999997068196745,0.999983379322086,"group_idyes"
"12028","DHX37","Exc L4-5 RORB GABRG1",-0.0610726853021403,3.07234540061457,1.25780332584951,0.843406603778043,0.999997068196745,0.999983379322086,"group_idyes"
"12029","BRI3BP","Exc L4-5 RORB GABRG1",-0.0085041735520566,5.70751272443765,0.0670385142223393,0.795837006180592,0.999997068196745,0.999983379322086,"group_idyes"
"12030","AACS","Exc L4-5 RORB GABRG1",-0.00697705540726963,6.30282516723227,0.0278019100302194,0.867662977286738,0.999997068196745,0.999983379322086,"group_idyes"
"12031","TMEM132B","Exc L4-5 RORB GABRG1",-0.0435991466736497,8.2693105385983,0.87766865258069,0.349428714268546,0.999997068196745,0.999983379322086,"group_idyes"
"12032","LINC02359","Exc L4-5 RORB GABRG1",0.166299660119679,3.0419235270952,2.0221630448734,0.155828360833407,0.999997068196745,0.999983379322086,"group_idyes"
"12033","LINC02347","Exc L4-5 RORB GABRG1",0.276365397315151,1.56555369637861,3.73302733950822,0.054080529961869,0.999997068196745,0.999983379322086,"group_idyes"
"12034","LINC02405","Exc L4-5 RORB GABRG1",-0.11442835728346,1.0462165143197,0.731684182952613,0.392870203568708,0.999997068196745,0.999983379322086,"group_idyes"
"12035","LINC00507","Exc L4-5 RORB GABRG1",-0.114332342976589,1.13244334735998,0.412018828239689,0.521328858403716,0.999997068196745,0.999983379322086,"group_idyes"
"12036","TMEM132C","Exc L4-5 RORB GABRG1",-0.116646183199598,3.83204860331698,0.93241974453123,0.334841519626472,0.999997068196745,0.999983379322086,"group_idyes"
"12037","SLC15A4","Exc L4-5 RORB GABRG1",-0.0385014508130643,4.66839241445059,0.9786990450005,0.34073852767869,0.999997068196745,0.999983379322086,"group_idyes"
"12038","GLT1D1","Exc L4-5 RORB GABRG1",-0.0241190245582146,6.13171672938166,0.504376718414595,0.478013565070587,0.999997068196745,0.999983379322086,"group_idyes"
"12039","TMEM132D","Exc L4-5 RORB GABRG1",-0.0329274080193831,7.52563856238985,0.391651186717929,0.5318038173672,0.999997068196745,0.999983379322086,"group_idyes"
"12040","PIWIL1","Exc L4-5 RORB GABRG1",0.0252965598328873,-0.00684509803304989,0.0140291924748573,0.905776973608954,0.999997068196745,0.999983379322086,"group_idyes"
"12041","RIMBP2","Exc L4-5 RORB GABRG1",-0.0501203003404763,7.16248944673384,1.05209831828325,0.30566879259,0.999997068196745,0.999983379322086,"group_idyes"
"12042","AC095350.1","Exc L4-5 RORB GABRG1",-0.131495614249552,0.555202513097298,0.563309076562567,0.453388801326124,0.999997068196745,0.999983379322086,"group_idyes"
"12043","STX2","Exc L4-5 RORB GABRG1",-0.0696912499061995,5.14441118766309,3.35910472494214,0.0676070254381243,0.999997068196745,0.999983379322086,"group_idyes"
"12044","RAN","Exc L4-5 RORB GABRG1",0.0244012883697139,5.59777959468291,0.0702098811353109,0.791173343621479,0.999997068196745,0.999983379322086,"group_idyes"
"12045","ADGRD1","Exc L4-5 RORB GABRG1",0.0448789983203859,2.47568021934433,0.182869749664983,0.669157788635017,0.999997068196745,0.999983379322086,"group_idyes"
"12046","LINC01257","Exc L4-5 RORB GABRG1",-0.224395399822035,1.5081604009291,1.87063974004759,0.172200212997404,0.999997068196745,0.999983379322086,"group_idyes"
"12047","AC073578.2","Exc L4-5 RORB GABRG1",-0.0887610855343643,6.79003288855289,1.01148325951827,0.315179874362633,0.999997068196745,0.999983379322086,"group_idyes"
"12048","AC073578.1","Exc L4-5 RORB GABRG1",-0.196809209639719,1.83925207636925,1.86951322059884,0.172329122739519,0.999997068196745,0.999983379322086,"group_idyes"
"12049","SFSWAP","Exc L4-5 RORB GABRG1",-0.0225198409798173,6.75965914231399,0.359472370000342,0.549152334721422,0.999997068196745,0.999983379322086,"group_idyes"
"12050","MMP17","Exc L4-5 RORB GABRG1",-0.0694991010573977,6.46138485394005,1.70199025976348,0.192807746857703,0.999997068196745,0.999983379322086,"group_idyes"
"12051","AC131009.2","Exc L4-5 RORB GABRG1",0.158320078058772,4.77585679670979,1.42035555914061,0.234079526151235,0.999997068196745,0.999983379322086,"group_idyes"
"12052","ULK1","Exc L4-5 RORB GABRG1",-0.0172449482519785,6.15583586998222,0.274290790543797,0.600769438866175,0.999997068196745,0.999983379322086,"group_idyes"
"12053","PUS1","Exc L4-5 RORB GABRG1",-0.0495402775500544,4.05593943380016,1.41927028669418,0.234257973558607,0.999997068196745,0.999983379322086,"group_idyes"
"12054","EP400","Exc L4-5 RORB GABRG1",-0.0270854010646259,6.51232934457058,0.591900437070763,0.442157240315017,0.999997068196745,0.999983379322086,"group_idyes"
"12055","DDX51","Exc L4-5 RORB GABRG1",0.0220736721625641,5.20875148981218,0.275873345696988,0.599721372118887,0.999997068196745,0.999983379322086,"group_idyes"
"12056","NOC4L","Exc L4-5 RORB GABRG1",-0.110589655231629,1.97359907723043,1.25937337818839,0.262469611111784,0.999997068196745,0.999983379322086,"group_idyes"
"12057","LINC02361","Exc L4-5 RORB GABRG1",-0.199321178958111,0.629633221124645,1.91129922224588,0.167620993912741,0.999997068196745,0.999983379322086,"group_idyes"
"12058","GALNT9","Exc L4-5 RORB GABRG1",-0.0114593064116726,5.84331361471982,0.0691895698724317,0.79266124787347,0.999997068196745,0.999983379322086,"group_idyes"
"12059","FBRSL1","Exc L4-5 RORB GABRG1",-0.00247513557211979,5.25967280145017,0.00278603419657779,0.957932284425775,0.999997068196745,0.999983379322086,"group_idyes"
"12060","POLE","Exc L4-5 RORB GABRG1",0.0353365373961374,4.70012956562954,0.370113308994202,0.543301504286843,0.999997068196745,0.999983379322086,"group_idyes"
"12061","AC135586.2","Exc L4-5 RORB GABRG1",-0.0152483739391603,1.83447387994229,0.0315676321728858,0.885084404584202,0.999997068196745,0.999983379322086,"group_idyes"
"12062","PGAM5","Exc L4-5 RORB GABRG1",0.0435809401267689,3.24675821415115,0.406077372954762,0.524346238876739,0.999997068196745,0.999983379322086,"group_idyes"
"12063","ANKLE2","Exc L4-5 RORB GABRG1",-0.00780347981339412,5.11899599780415,0.0444963741892323,0.833044496288832,0.999997068196745,0.999983379322086,"group_idyes"
"12064","GOLGA3","Exc L4-5 RORB GABRG1",0.0164966863576236,5.81500068554631,0.234019563187284,0.866526976458201,0.999997068196745,0.999983379322086,"group_idyes"
"12065","CHFR","Exc L4-5 RORB GABRG1",-0.0342344600231016,6.05123079841888,0.705920591212067,0.401323238845837,0.999997068196745,0.999983379322086,"group_idyes"
"12066","AC127070.2","Exc L4-5 RORB GABRG1",0.0444781313738053,0.930567223057531,0.153366524317185,0.882302577619604,0.999997068196745,0.999983379322086,"group_idyes"
"12067","ZNF26","Exc L4-5 RORB GABRG1",0.0115630450372646,4.86575282300899,0.0629057491049632,0.802094759250697,0.999997068196745,0.999983379322086,"group_idyes"
"12068","ZNF84","Exc L4-5 RORB GABRG1",0.02207830278681,5.68473765244706,0.569712403172855,0.832195650621131,0.999997068196745,0.999983379322086,"group_idyes"
"12069","ZNF140","Exc L4-5 RORB GABRG1",-0.0744961006009241,3.96724854158297,2.62258403637614,0.106172137849187,0.999997068196745,0.999983379322086,"group_idyes"
"12070","ZNF891","Exc L4-5 RORB GABRG1",-0.00841109427086823,4.5155251453229,0.0336296439080288,0.854593436838085,0.999997068196745,0.999983379322086,"group_idyes"
"12071","AC026786.1","Exc L4-5 RORB GABRG1",-0.0648389808066363,1.72452320145959,0.434175276482521,0.510341445767225,0.999997068196745,0.999983379322086,"group_idyes"
"12072","ZNF268","Exc L4-5 RORB GABRG1",0.0291188219291736,4.09391070631534,0.457798695967726,0.499061132297908,0.999997068196745,0.999983379322086,"group_idyes"
"12073","TPTE2","Exc L4-5 RORB GABRG1",-0.037305016293273,3.90935060979487,0.366551123514212,0.545247197292947,0.999997068196745,0.999983379322086,"group_idyes"
"12074","MPHOSPH8","Exc L4-5 RORB GABRG1",0.0271227111478687,8.45571930866677,0.451263565422917,0.502138687444629,0.999997068196745,0.999983379322086,"group_idyes"
"12075","PSPC1","Exc L4-5 RORB GABRG1",-0.0048299739779083,7.37612318622362,0.0215341158173256,0.883410106129859,0.999997068196745,0.999983379322086,"group_idyes"
"12076","ZMYM5","Exc L4-5 RORB GABRG1",0.0256875902411501,5.57206542207339,0.47863004169607,0.48946079893944,0.999997068196745,0.999983379322086,"group_idyes"
"12077","AL355001.1","Exc L4-5 RORB GABRG1",0.0714428167261982,1.38796416499224,0.285216354257303,0.593610881225705,0.999997068196745,0.999983379322086,"group_idyes"
"12078","ZMYM2","Exc L4-5 RORB GABRG1",-0.000283881414896432,7.6611639892612,0.000163103562349939,0.9898169531843,0.999997068196745,0.999983379322086,"group_idyes"
"12079","CRYL1","Exc L4-5 RORB GABRG1",-0.0372706276246949,6.27530336180562,0.409604983344927,0.522551011204426,0.999997068196745,0.999983379322086,"group_idyes"
"12080","IFT88","Exc L4-5 RORB GABRG1",0.0304772803675089,5.78734395156039,0.452535166679153,0.501537330871331,0.999997068196745,0.999983379322086,"group_idyes"
"12081","AL161772.1","Exc L4-5 RORB GABRG1",0.0237190106559014,3.64374622636509,0.0910240914390103,0.763042262680207,0.999997068196745,0.999983379322086,"group_idyes"
"12082","IL17D","Exc L4-5 RORB GABRG1",-0.0327021717913222,4.45975373074418,0.580172523048382,0.446711361627148,0.999997068196745,0.999983379322086,"group_idyes"
"12083","EEF1AKMT1","Exc L4-5 RORB GABRG1",-0.035854700385291,4.45003502640962,0.717996936889247,0.397328541168452,0.999997068196745,0.999983379322086,"group_idyes"
"12084","XPO4","Exc L4-5 RORB GABRG1",-0.0355158238029718,6.29839582206067,1.5174746126202,0.218754432015385,0.999997068196745,0.999983379322086,"group_idyes"
"12085","LATS2","Exc L4-5 RORB GABRG1",0.0109029530640144,0.68838775220539,0.00550504017231385,0.940893023473245,0.999997068196745,0.999983379322086,"group_idyes"
"12086","SAP18","Exc L4-5 RORB GABRG1",-0.00737767163745517,5.34941610187446,0.00767071460128584,0.930253986992633,0.999997068196745,0.999983379322086,"group_idyes"
"12087","SKA3","Exc L4-5 RORB GABRG1",0.186419617122954,0.762825057814307,2.17859499181831,0.140760129526995,0.999997068196745,0.999983379322086,"group_idyes"
"12088","MRPL57","Exc L4-5 RORB GABRG1",-0.044245671442752,4.53064040387093,0.337150059666119,0.561818850536861,0.999997068196745,0.999983379322086,"group_idyes"
"12089","LINC00539","Exc L4-5 RORB GABRG1",0.0631659293984801,1.22735499733034,0.28272946252455,0.595224667959598,0.999997068196745,0.999983379322086,"group_idyes"
"12090","ZDHHC20","Exc L4-5 RORB GABRG1",-0.03101265196079,6.70978861199267,0.908737048117136,0.341048271971003,0.999997068196745,0.999983379322086,"group_idyes"
"12091","MICU2","Exc L4-5 RORB GABRG1",0.00536880272376873,7.24429941243969,0.0379997326457497,0.845546576407735,0.999997068196745,0.999983379322086,"group_idyes"
"12092","FGF9","Exc L4-5 RORB GABRG1",-0.0319885947597232,5.28190317460484,0.423343971051039,0.515661540963282,0.999997068196745,0.999983379322086,"group_idyes"
"12093","AL136962.1","Exc L4-5 RORB GABRG1",0.0654634805710811,0.567317928740461,0.174888431048727,0.676036676797099,0.999997068196745,0.999983379322086,"group_idyes"
"12094","LINC00621","Exc L4-5 RORB GABRG1",0.0332017038101919,3.24624988934093,0.335033228547681,0.563048968510142,0.999997068196745,0.999983379322086,"group_idyes"
"12095","AL157931.1","Exc L4-5 RORB GABRG1",0.159043573386308,2.06016917572345,3.07180339267786,0.0804575872728383,0.999997068196745,0.999983379322086,"group_idyes"
"12096","SGCG","Exc L4-5 RORB GABRG1",-0.0415970490476127,5.80921240118718,0.315251542738015,0.57480227119525,0.999997068196745,0.999983379322086,"group_idyes"
"12097","SACS","Exc L4-5 RORB GABRG1",0.049808387269498,7.16082206618709,2.0909484804072,0.148988177915746,0.999997068196745,0.999983379322086,"group_idyes"
"12098","LINC00327","Exc L4-5 RORB GABRG1",0.0484027803207643,1.49883849487646,0.205581687549678,0.650508321751515,0.999997068196745,0.999983379322086,"group_idyes"
"12099","TNFRSF19","Exc L4-5 RORB GABRG1",0.0806613610982456,4.75526652013235,1.50526654314499,0.220613064171896,0.999997068196745,0.999983379322086,"group_idyes"
"12100","MIPEP","Exc L4-5 RORB GABRG1",-0.0389944874570477,6.0301019490359,0.746450272024286,0.388140746900766,0.999997068196745,0.999983379322086,"group_idyes"
"12101","PARP4","Exc L4-5 RORB GABRG1",-0.0797321875611408,1.11573996019078,0.436286810831568,0.509315403638639,0.999997068196745,0.999983379322086,"group_idyes"
"12102","ATP12A","Exc L4-5 RORB GABRG1",0.125652255422055,0.665381061043156,0.793416143839074,0.373625838745114,0.999997068196745,0.999983379322086,"group_idyes"
"12103","RNF17","Exc L4-5 RORB GABRG1",-0.372605563408228,0.917865879080903,2.90345354839107,0.089197444004412,0.999997068196745,0.999983379322086,"group_idyes"
"12104","CENPJ","Exc L4-5 RORB GABRG1",0.027365928201506,5.70498965292601,0.138104038571126,0.710377757157732,0.999997068196745,0.999983379322086,"group_idyes"
"12105","PABPC3","Exc L4-5 RORB GABRG1",0.0374814213423342,1.77559584168194,0.118019209191759,0.731380484462646,0.999997068196745,0.999983379322086,"group_idyes"
"12106","AMER2","Exc L4-5 RORB GABRG1",0.0972529085912269,5.3143748605301,4.44421709961609,0.0356658391993509,0.999997068196745,0.999983379322086,"group_idyes"
"12107","MTMR6","Exc L4-5 RORB GABRG1",-0.0173323077812799,5.16285568432595,0.288374767983913,0.591574321296801,0.999997068196745,0.999983379322086,"group_idyes"
"12108","NUP58","Exc L4-5 RORB GABRG1",-0.00490541739276649,5.99743458178741,0.0395310787494139,0.84250526049443,0.999997068196745,0.999983379322086,"group_idyes"
"12109","ATP8A2","Exc L4-5 RORB GABRG1",-0.0238824628775463,9.42703270658104,0.422055953504591,0.516300624323649,0.999997068196745,0.999983379322086,"group_idyes"
"12110","RNF6","Exc L4-5 RORB GABRG1",0.080440789264868,4.59308308173517,1.29996624003175,0.254928686104963,0.999997068196745,0.999983379322086,"group_idyes"
"12111","CDK8","Exc L4-5 RORB GABRG1",-0.0157699783652333,6.47241804359736,0.178797624192709,0.672644827420324,0.999997068196745,0.999983379322086,"group_idyes"
"12112","WASF3","Exc L4-5 RORB GABRG1",0.0291529855271798,5.33966922411804,0.749967275858153,0.387026313229936,0.999997068196745,0.999983379322086,"group_idyes"
"12113","WASF3-AS1","Exc L4-5 RORB GABRG1",-0.222652453522886,0.607030721634429,2.19649223569946,0.139143783095647,0.999997068196745,0.999983379322086,"group_idyes"
"12114","GPR12","Exc L4-5 RORB GABRG1",0.0685815978666784,4.28495641762229,1.34258785602293,0.247296814893513,0.999997068196745,0.999983379322086,"group_idyes"
"12115","USP12","Exc L4-5 RORB GABRG1",0.0372267754238238,4.8931416855289,0.973213415582728,0.324500069967105,0.999997068196745,0.999983379322086,"group_idyes"
"12116","LINC02340","Exc L4-5 RORB GABRG1",-0.026846994690732,3.59955407791885,0.0917736443956451,0.762098061570609,0.999997068196745,0.999983379322086,"group_idyes"
"12117","RPL21","Exc L4-5 RORB GABRG1",-0.131761255903978,4.2909166627356,0.67697979831109,0.411138339132841,0.999997068196745,0.999983379322086,"group_idyes"
"12118","GTF3A","Exc L4-5 RORB GABRG1",0.00748734448254232,5.41932584273908,0.0282953915596054,0.866504624741151,0.999997068196745,0.999983379322086,"group_idyes"
"12119","MTIF3","Exc L4-5 RORB GABRG1",0.00987831432776797,5.00635852274275,0.0662186462087073,0.797061732661843,0.999997068196745,0.999983379322086,"group_idyes"
"12120","LNX2","Exc L4-5 RORB GABRG1",-0.0204768336466086,4.10255735256794,0.177348827696627,0.673896749498868,0.999997068196745,0.999983379322086,"group_idyes"
"12121","POLR1D","Exc L4-5 RORB GABRG1",0.0324805692824397,5.19790400076214,1.01705571145737,0.394236319195451,0.999997068196745,0.999983379322086,"group_idyes"
"12122","PLUT","Exc L4-5 RORB GABRG1",0.0729900315397551,0.514639706687717,0.183213561849938,0.668865485560712,0.999997068196745,0.999983379322086,"group_idyes"
"12123","FLT3","Exc L4-5 RORB GABRG1",0.0674635712070245,2.38472006527344,0.432312470471975,0.511249601731018,0.999997068196745,0.999983379322086,"group_idyes"
"12124","PAN3-AS1","Exc L4-5 RORB GABRG1",0.0488153784178733,0.830968718465875,0.151537027624111,0.697286201633185,0.999997068196745,0.999983379322086,"group_idyes"
"12125","PAN3","Exc L4-5 RORB GABRG1",0.0018455764915895,7.24395846982276,0.0038872538516948,0.950318204968725,0.999997068196745,0.999983379322086,"group_idyes"
"12126","FLT1","Exc L4-5 RORB GABRG1",-0.0999972001866871,0.891212214502324,0.627386432849651,0.428803715535013,0.999997068196745,0.999983379322086,"group_idyes"
"12127","POMP","Exc L4-5 RORB GABRG1",-0.0160706350693415,4.84568746336378,0.0434464890542404,0.834997125425267,0.999997068196745,0.999983379322086,"group_idyes"
"12128","SLC46A3","Exc L4-5 RORB GABRG1",0.101854076591572,4.28635057597225,3.60497362827777,0.0583549480454946,0.999997068196745,0.999983379322086,"group_idyes"
"12129","MTUS2","Exc L4-5 RORB GABRG1",-0.0152328564558745,9.62350804355063,0.109228417793502,0.741204191003577,0.999997068196745,0.999983379322086,"group_idyes"
"12130","MTUS2-AS2","Exc L4-5 RORB GABRG1",-0.098297114678544,0.566294855391993,0.365772133316609,0.545674409615007,0.999997068196745,0.999983379322086,"group_idyes"
"12131","SLC7A1","Exc L4-5 RORB GABRG1",0.0219247695589742,5.02799026632222,0.229953514624968,0.631830775068755,0.999997068196745,0.999983379322086,"group_idyes"
"12132","UBL3","Exc L4-5 RORB GABRG1",0.0287642227408533,6.57544691866168,0.491274578864807,0.483782987873356,0.999997068196745,0.999983379322086,"group_idyes"
"12133","KATNAL1","Exc L4-5 RORB GABRG1",-0.0482675735870309,6.27417103132106,2.87143853207562,0.0909734756915333,0.999997068196745,0.999983379322086,"group_idyes"
"12134","LINC00426","Exc L4-5 RORB GABRG1",-0.0664684850036695,2.659536171535,0.431112758509285,0.511835971328479,0.999997068196745,0.999983379322086,"group_idyes"
"12135","UBE2L5","Exc L4-5 RORB GABRG1",-0.0090676605930387,2.10976312864341,0.0133491784735641,0.908078470925232,0.999997068196745,0.999983379322086,"group_idyes"
"12136","HMGB1","Exc L4-5 RORB GABRG1",0.02176756912099,7.87266361656858,0.3530498009453,0.552740990419181,0.999997068196745,0.999983379322086,"group_idyes"
"12137","USPL1","Exc L4-5 RORB GABRG1",-0.0200982921126569,4.58784267844733,0.250919585571889,0.616714769795445,0.999997068196745,0.999983379322086,"group_idyes"
"12138","ALOX5AP","Exc L4-5 RORB GABRG1",0.197244810136497,0.140773020967513,1.2644670247592,0.346503733315927,0.999997068196745,0.999983379322086,"group_idyes"
"12139","TEX26-AS1","Exc L4-5 RORB GABRG1",-0.0125243771732278,0.309480629924206,0.00821143295326546,0.927844116007996,0.999997068196745,0.999983379322086,"group_idyes"
"12140","MEDAG","Exc L4-5 RORB GABRG1",-0.0119605933434878,0.965322437841158,0.00846720171685951,0.926732109308325,0.999997068196745,0.999983379322086,"group_idyes"
"12141","TEX26","Exc L4-5 RORB GABRG1",-0.152800045358808,1.32139333660818,1.13564796648696,0.28724213035395,0.999997068196745,0.999983379322086,"group_idyes"
"12142","HSPH1","Exc L4-5 RORB GABRG1",0.0327034974730522,7.437693398327,0.241049975382784,0.62372872494736,0.999997068196745,0.999983379322086,"group_idyes"
"12143","B3GLCT","Exc L4-5 RORB GABRG1",0.035077904974265,4.69136085501953,0.460212338816228,0.497932581424223,0.999997068196745,0.999983379322086,"group_idyes"
"12144","FRY","Exc L4-5 RORB GABRG1",-0.0152810798204849,8.5472871403563,0.270365126268876,0.603385996496136,0.999997068196745,0.999983379322086,"group_idyes"
"12145","FRY-AS1","Exc L4-5 RORB GABRG1",-0.040988844698516,3.22747134625324,0.498104202330778,0.627763172931996,0.999997068196745,0.999983379322086,"group_idyes"
"12146","BRCA2","Exc L4-5 RORB GABRG1",0.196380344528267,0.719979525098038,1.91509832084587,0.167200330125851,0.999997068196745,0.999983379322086,"group_idyes"
"12147","N4BP2L1","Exc L4-5 RORB GABRG1",-0.00867416408134111,6.87322603526815,0.0927277697196795,0.760902234645856,0.999997068196745,0.999983379322086,"group_idyes"
"12148","N4BP2L2","Exc L4-5 RORB GABRG1",0.00455837125147981,8.78928953752873,0.0471057409554439,0.828293334223246,0.999997068196745,0.999983379322086,"group_idyes"
"12149","PDS5B","Exc L4-5 RORB GABRG1",0.0464392625197816,7.5425291364583,1.68351507793833,0.195235481385943,0.999997068196745,0.999983379322086,"group_idyes"
"12150","AL138820.1","Exc L4-5 RORB GABRG1",0.0756491852927985,1.14261703531497,0.538641455908562,0.463443316359539,0.999997068196745,0.999983379322086,"group_idyes"
"12151","STARD13","Exc L4-5 RORB GABRG1",0.0298585695052347,5.7349486177894,0.181225057437054,0.670560592779533,0.999997068196745,0.999983379322086,"group_idyes"
"12152","AL139383.1","Exc L4-5 RORB GABRG1",0.0709523445024688,3.62337313827412,1.40756649810269,0.236192913952022,0.999997068196745,0.999983379322086,"group_idyes"
"12153","RFC3","Exc L4-5 RORB GABRG1",-0.0161280794550575,4.89129488439902,0.0766985858360452,0.781970998605172,0.999997068196745,0.999983379322086,"group_idyes"
"12154","LINC02343","Exc L4-5 RORB GABRG1",-0.161309369307412,1.7157250546948,1.45214011591722,0.228925564055273,0.999997068196745,0.999983379322086,"group_idyes"
"12155","LINC00457","Exc L4-5 RORB GABRG1",-0.210706939366454,1.7686324124316,3.37871420931993,0.0668143519193448,0.999997068196745,0.999983379322086,"group_idyes"
"12156","AL161716.1","Exc L4-5 RORB GABRG1",-0.186068184451034,0.696262348748364,1.23981144457895,0.266202570805673,0.999997068196745,0.999983379322086,"group_idyes"
"12157","AL138690.1","Exc L4-5 RORB GABRG1",0.00418408537964929,1.4377095200996,0.00177751803874622,0.966392525179751,0.999997068196745,0.999983379322086,"group_idyes"
"12158","NBEA","Exc L4-5 RORB GABRG1",-0.0142901440606336,9.94885243274089,0.176897850003847,0.674287673360942,0.999997068196745,0.999983379322086,"group_idyes"
"12159","DCLK1","Exc L4-5 RORB GABRG1",-0.0181380688729709,9.78446506917133,0.34354288949417,0.558135001732428,0.999997068196745,0.999983379322086,"group_idyes"
"12160","SPART","Exc L4-5 RORB GABRG1",0.0258370663155896,6.59341988297007,0.621194195074862,0.431089204481149,0.999997068196745,0.999983379322086,"group_idyes"
"12161","SPART-AS1","Exc L4-5 RORB GABRG1",0.0105325842749192,2.18887956359952,0.0158840211180219,0.899772567188874,0.999997068196745,0.999983379322086,"group_idyes"
"12162","CCNA1","Exc L4-5 RORB GABRG1",0.178846136808747,2.3592288965198,5.17141007809256,0.0235116930309455,0.999997068196745,0.999983379322086,"group_idyes"
"12163","SERTM1","Exc L4-5 RORB GABRG1",-0.015557020476487,3.93978246215371,0.0643144541137371,0.799937788258907,0.999997068196745,0.999983379322086,"group_idyes"
"12164","RFXAP","Exc L4-5 RORB GABRG1",0.0446391711633986,4.95546907089898,1.05389655517938,0.305256387017007,0.999997068196745,0.999983379322086,"group_idyes"
"12165","SMAD9","Exc L4-5 RORB GABRG1",-0.0140621412924411,3.10886973965447,0.0284816175496704,0.866070197343331,0.999997068196745,0.999983379322086,"group_idyes"
"12166","ALG5","Exc L4-5 RORB GABRG1",-0.0542375862723658,4.43818558880002,1.70780419507008,0.192051099643564,0.999997068196745,0.999983379322086,"group_idyes"
"12167","EXOSC8","Exc L4-5 RORB GABRG1",-0.0814539210805292,3.40352433937846,2.7047828564038,0.100864494294329,0.999997068196745,0.999983379322086,"group_idyes"
"12168","SUPT20H","Exc L4-5 RORB GABRG1",0.0139614141412355,5.72656785678932,0.165545673487303,0.684327493439717,0.999997068196745,0.999983379322086,"group_idyes"
"12169","TRPC4","Exc L4-5 RORB GABRG1",0.0418749290963345,3.99173959840121,0.110879484098981,0.739326447608093,0.999997068196745,0.999983379322086,"group_idyes"
"12170","LINC02334","Exc L4-5 RORB GABRG1",-0.203788067324937,0.42507048560053,1.52471445059932,0.217661048863666,0.999997068196745,0.999983379322086,"group_idyes"
"12171","LINC00571","Exc L4-5 RORB GABRG1",0.00590066640234087,1.8118039434359,0.00364517132225053,0.951888116511537,0.999997068196745,0.999983379322086,"group_idyes"
"12172","UFM1","Exc L4-5 RORB GABRG1",0.022100843676441,5.24633793191571,0.293119765434227,0.866437743190565,0.999997068196745,0.999983379322086,"group_idyes"
"12173","PROSER1","Exc L4-5 RORB GABRG1",0.00904576297411855,3.83513948913489,0.0366724056873544,0.848234586930292,0.999997068196745,0.999983379322086,"group_idyes"
"12174","NHLRC3","Exc L4-5 RORB GABRG1",-0.00682199928040634,5.53664991468052,0.0280025088882322,0.867190845418617,0.999997068196745,0.999983379322086,"group_idyes"
"12175","AL354809.1","Exc L4-5 RORB GABRG1",0.0651465054391042,2.86538744591453,1.11803760411168,0.29100486386716,0.999997068196745,0.999983379322086,"group_idyes"
"12176","LHFPL6","Exc L4-5 RORB GABRG1",0.0195079794446402,8.0539880044869,0.262622295699345,0.608618375565144,0.999997068196745,0.999983379322086,"group_idyes"
"12177","COG6","Exc L4-5 RORB GABRG1",-0.00163848051442945,6.81750877859389,0.00262878765043416,0.959135624362684,0.999997068196745,0.999983379322086,"group_idyes"
"12178","LINC00598","Exc L4-5 RORB GABRG1",-0.0374389784332326,1.31382554045972,0.0671276484100001,0.79570433939806,0.999997068196745,0.999983379322086,"group_idyes"
"12179","FOXO1","Exc L4-5 RORB GABRG1",-0.215069411536703,2.37955200782552,2.87445955891827,0.090804249391048,0.999997068196745,0.999983379322086,"group_idyes"
"12180","MRPS31","Exc L4-5 RORB GABRG1",-0.00889435016331224,5.44365683873697,0.0604212759274786,0.805962409747617,0.999997068196745,0.999983379322086,"group_idyes"
"12181","SLC25A15","Exc L4-5 RORB GABRG1",-0.0828231800947506,0.84730352330811,0.340325495510033,0.559983216188111,0.999997068196745,0.999983379322086,"group_idyes"
"12182","ELF1","Exc L4-5 RORB GABRG1",-0.0329664961561217,3.77985024921873,0.365314696435391,0.545925566044555,0.999997068196745,0.999983379322086,"group_idyes"
"12183","WBP4","Exc L4-5 RORB GABRG1",0.00138176152494636,5.03655605949065,0.00100225048247316,0.974760935032381,0.999997068196745,0.999983379322086,"group_idyes"
"12184","KBTBD6","Exc L4-5 RORB GABRG1",0.0500322974037383,4.72989095575484,0.692114571016593,0.405962136098629,0.999997068196745,0.999983379322086,"group_idyes"
"12185","AL354696.2","Exc L4-5 RORB GABRG1",0.0534133842592063,2.57896014426527,0.499384336184713,0.480198524539951,0.999997068196745,0.999983379322086,"group_idyes"
"12186","KBTBD7","Exc L4-5 RORB GABRG1",0.105255992638202,3.86608618553308,2.20307156221482,0.138554850235576,0.999997068196745,0.999983379322086,"group_idyes"
"12187","MTRF1","Exc L4-5 RORB GABRG1",0.0126558967120493,3.8683125570839,0.0596967727090041,0.80710609512381,0.999997068196745,0.999983379322086,"group_idyes"
"12188","NAA16","Exc L4-5 RORB GABRG1",0.0600766159765039,6.11963184200196,1.51385667872861,0.219303286478271,0.999997068196745,0.999983379322086,"group_idyes"
"12189","RGCC","Exc L4-5 RORB GABRG1",0.0963167224188932,1.2158124322424,0.44787399686443,0.503747687429456,0.999997068196745,0.999983379322086,"group_idyes"
"12190","VWA8","Exc L4-5 RORB GABRG1",-0.0049724337365964,8.01948625059666,0.0232123174466407,0.878986111722432,0.999997068196745,0.999983379322086,"group_idyes"
"12191","DGKH","Exc L4-5 RORB GABRG1",-0.00580619352637426,6.88397866952228,0.0232168621600472,0.878974357337243,0.999997068196745,0.999983379322086,"group_idyes"
"12192","AKAP11","Exc L4-5 RORB GABRG1",0.0551126197326509,7.30766070050079,2.55390065423769,0.110843254965665,0.999997068196745,0.999983379322086,"group_idyes"
"12193","LINC02341","Exc L4-5 RORB GABRG1",0.112431662771752,1.82202734707273,0.77787691704547,0.378341937093265,0.999997068196745,0.999983379322086,"group_idyes"
"12194","EPSTI1","Exc L4-5 RORB GABRG1",-0.00303381384008303,0.329839640141241,4.53761668329038e-05,0.994628835376381,0.999997068196745,0.999983379322086,"group_idyes"
"12195","DNAJC15","Exc L4-5 RORB GABRG1",-0.0109453011349556,5.12165991006174,0.0883935859346519,0.806591896296007,0.999997068196745,0.999983379322086,"group_idyes"
"12196","ENOX1","Exc L4-5 RORB GABRG1",-0.00573888374954187,9.52530166143548,0.0209936266691207,0.884872193413372,0.999997068196745,0.999983379322086,"group_idyes"
"12197","CCDC122","Exc L4-5 RORB GABRG1",0.0440156623083778,3.96542427381034,0.267559389338308,0.60527092617844,0.999997068196745,0.999983379322086,"group_idyes"
"12198","AL512506.3","Exc L4-5 RORB GABRG1",0.0843717342180955,0.986463287124332,0.384073314621993,0.535798143844717,0.999997068196745,0.999983379322086,"group_idyes"
"12199","SMIM2-AS1","Exc L4-5 RORB GABRG1",0.112091155555412,2.17662636669293,1.38685354011133,0.239665147721439,0.999997068196745,0.999983379322086,"group_idyes"
"12200","AL138960.1","Exc L4-5 RORB GABRG1",0.0647349289829566,0.855867945563188,0.261121917346199,0.609643534838324,0.999997068196745,0.999983379322086,"group_idyes"
"12201","SERP2","Exc L4-5 RORB GABRG1",-0.0145650859716613,6.01982484358501,0.107208953418906,0.743522444144245,0.999997068196745,0.999983379322086,"group_idyes"
"12202","TUSC8","Exc L4-5 RORB GABRG1",-0.0314526174939855,0.635485249247467,0.0425704843393991,0.836645288162139,0.999997068196745,0.999983379322086,"group_idyes"
"12203","TSC22D1","Exc L4-5 RORB GABRG1",-0.0060311905690659,8.53873128365419,0.0333193224228606,0.855258398317006,0.999997068196745,0.999983379322086,"group_idyes"
"12204","TSC22D1-AS1","Exc L4-5 RORB GABRG1",-0.0724522344754408,3.47768588198154,1.80603199046565,0.179776950111432,0.999997068196745,0.999983379322086,"group_idyes"
"12205","LINC00407","Exc L4-5 RORB GABRG1",-0.105579364152857,5.09226747140367,3.27998615059662,0.0709093220807956,0.999997068196745,0.999983379322086,"group_idyes"
"12206","AL356515.1","Exc L4-5 RORB GABRG1",0.079361955001691,1.25163951256175,0.310476349112581,0.577712040533971,0.999997068196745,0.999983379322086,"group_idyes"
"12207","NUFIP1","Exc L4-5 RORB GABRG1",-0.0551235987313066,4.09194164109013,1.9347725069473,0.315640419515843,0.999997068196745,0.999983379322086,"group_idyes"
"12208","AL359706.1","Exc L4-5 RORB GABRG1",-0.00142214178693136,3.12420005068995,0.000134761501908223,0.990743836973529,0.999997068196745,0.999983379322086,"group_idyes"
"12209","GPALPP1","Exc L4-5 RORB GABRG1",-0.023749133405489,6.39292309801361,1.01896340074263,0.313399450090214,0.999997068196745,0.999983379322086,"group_idyes"
"12210","GTF2F2","Exc L4-5 RORB GABRG1",-0.0519837886168356,4.29059397696228,1.11054539259253,0.292624793653151,0.999997068196745,0.999983379322086,"group_idyes"
"12211","TPT1","Exc L4-5 RORB GABRG1",0.0765271247862744,5.79639474814757,0.696842338252316,0.404364801783275,0.999997068196745,0.999983379322086,"group_idyes"
"12212","AL138963.1","Exc L4-5 RORB GABRG1",-0.072904916131987,1.89508925686852,0.649096438450968,0.420933577228158,0.999997068196745,0.999983379322086,"group_idyes"
"12213","SLC25A30","Exc L4-5 RORB GABRG1",0.000814028265081654,2.2419817576056,0.000153699414187597,0.990114860427645,0.999997068196745,0.999983379322086,"group_idyes"
"12214","COG3","Exc L4-5 RORB GABRG1",-0.0339475410847801,5.18113953630317,1.17416124664179,0.279226471981069,0.999997068196745,0.999983379322086,"group_idyes"
"12215","ERICH6B","Exc L4-5 RORB GABRG1",0.105797505094466,0.690661716727301,0.497521612743988,0.481017961643385,0.999997068196745,0.999983379322086,"group_idyes"
"12216","SIAH3","Exc L4-5 RORB GABRG1",-0.00236851090362332,4.60583977281718,0.000910474946542331,0.975943868793355,0.999997068196745,0.999983379322086,"group_idyes"
"12217","ZC3H13","Exc L4-5 RORB GABRG1",0.0228349986653302,6.8398741473513,0.663519371916775,0.415824130600772,0.999997068196745,0.999983379322086,"group_idyes"
"12218","CPB2-AS1","Exc L4-5 RORB GABRG1",0.00124297043904432,4.6520380633258,0.000608238543048679,0.980336959048771,0.999997068196745,0.999983379322086,"group_idyes"
"12219","CPB2","Exc L4-5 RORB GABRG1",0.147019044231903,1.48026922026878,1.4681727206045,0.226377881599006,0.999997068196745,0.999983379322086,"group_idyes"
"12220","LCP1","Exc L4-5 RORB GABRG1",0.0945753138804059,0.377535394732506,0.381219505925872,0.537316556078631,0.999997068196745,0.999983379322086,"group_idyes"
"12221","LRRC63","Exc L4-5 RORB GABRG1",-0.323455450301168,0.451788310119135,4.12999417876911,0.0428159638388162,0.999997068196745,0.999983379322086,"group_idyes"
"12222","RUBCNL","Exc L4-5 RORB GABRG1",0.0112854694331163,1.77765801191637,0.0135666901053066,0.907335973722229,0.999997068196745,0.999983379322086,"group_idyes"
"12223","AL138686.1","Exc L4-5 RORB GABRG1",-0.0912373637007829,2.44832170773301,0.371770536682453,0.542400684419373,0.999997068196745,0.999983379322086,"group_idyes"
"12224","LRCH1","Exc L4-5 RORB GABRG1",-0.010447082508731,6.66668532167847,0.0765333377447946,0.782200046455285,0.999997068196745,0.999983379322086,"group_idyes"
"12225","ESD","Exc L4-5 RORB GABRG1",0.0115150848145085,4.77590028045952,0.0549416028828864,0.814802056816882,0.999997068196745,0.999983379322086,"group_idyes"
"12226","HTR2A","Exc L4-5 RORB GABRG1",0.020969430625066,6.76568183539763,0.199665381507501,0.655242503756687,0.999997068196745,0.999983379322086,"group_idyes"
"12227","HTR2A-AS1","Exc L4-5 RORB GABRG1",0.134351389641284,0.233764611225617,0.434478848964324,0.51019371291191,0.999997068196745,0.999983379322086,"group_idyes"
"12228","SUCLA2","Exc L4-5 RORB GABRG1",-0.0298108908920657,6.31699907235733,0.839629353488732,0.360076796796352,0.999997068196745,0.999983379322086,"group_idyes"
"12229","SUCLA2-AS1","Exc L4-5 RORB GABRG1",-0.103364295070881,1.54244113725162,1.1133742917887,0.292011789355154,0.999997068196745,0.999983379322086,"group_idyes"
"12230","NUDT15","Exc L4-5 RORB GABRG1",-0.0292771374788611,2.83862387221799,0.1149726611755,0.734737333898878,0.999997068196745,0.999983379322086,"group_idyes"
"12231","AL158196.1","Exc L4-5 RORB GABRG1",0.160728849817316,1.04637097691302,1.78825525295413,0.181928962381225,0.999997068196745,0.999983379322086,"group_idyes"
"12232","MED4","Exc L4-5 RORB GABRG1",-0.0122808869482912,6.23816674505842,0.174218463977409,0.676622442073385,0.999997068196745,0.999983379322086,"group_idyes"
"12233","ITM2B","Exc L4-5 RORB GABRG1",0.0738137772710262,7.50692352048866,1.60131631724136,0.206482603414797,0.999997068196745,0.999983379322086,"group_idyes"
"12234","RB1","Exc L4-5 RORB GABRG1",-0.00369426149790974,6.74445370480248,0.0134638881250271,0.90768614060999,0.999997068196745,0.999983379322086,"group_idyes"
"12235","LPAR6","Exc L4-5 RORB GABRG1",-0.00513323050093196,1.39529508067627,0.00198025058513065,0.964528934030125,0.999997068196745,0.999983379322086,"group_idyes"
"12236","RCBTB2","Exc L4-5 RORB GABRG1",0.00749076896945527,3.34114751290464,0.0173420863020164,0.89529884435637,0.999997068196745,0.999983379322086,"group_idyes"
"12237","FNDC3A","Exc L4-5 RORB GABRG1",-0.00129820548940446,6.80910897486619,0.00160772033213599,0.968037080199147,0.999997068196745,0.999983379322086,"group_idyes"
"12238","CDADC1","Exc L4-5 RORB GABRG1",-0.0237417916782067,4.32226651056717,0.366143434655518,0.545470703770336,0.999997068196745,0.999983379322086,"group_idyes"
"12239","CAB39L","Exc L4-5 RORB GABRG1",0.0308102723779429,5.76729685747198,0.57847319012059,0.447377271875721,0.999997068196745,0.999983379322086,"group_idyes"
"12240","SETDB2","Exc L4-5 RORB GABRG1",-0.00674364738985102,5.28947132400765,0.0341209299762549,0.85354715420816,0.999997068196745,0.999983379322086,"group_idyes"
"12241","PHF11","Exc L4-5 RORB GABRG1",-0.0660640536834004,4.24015648882901,0.76881868832182,0.381129913333268,0.999997068196745,0.999983379322086,"group_idyes"
"12242","RCBTB1","Exc L4-5 RORB GABRG1",-0.0218524140342485,4.08570937826943,0.221841460480901,0.637907329041208,0.999997068196745,0.999983379322086,"group_idyes"
"12243","EBPL","Exc L4-5 RORB GABRG1",0.0071077073769215,3.82326033550973,0.0149178173537295,0.902853089507207,0.999997068196745,0.999983379322086,"group_idyes"
"12244","KPNA3","Exc L4-5 RORB GABRG1",-0.00425798042017092,6.43647586948192,0.0389221836618612,0.843707091820722,0.999997068196745,0.999983379322086,"group_idyes"
"12245","SPRYD7","Exc L4-5 RORB GABRG1",0.00854891392334432,4.71518442670888,0.0455065716346081,0.831188269496708,0.999997068196745,0.999983379322086,"group_idyes"
"12246","DLEU2","Exc L4-5 RORB GABRG1",-0.0155560137903091,7.00570873802458,0.154526013849703,0.694464851729576,0.999997068196745,0.999983379322086,"group_idyes"
"12247","TRIM13","Exc L4-5 RORB GABRG1",0.0344574476808754,5.21332957575547,1.18197698982891,0.277634532343729,0.999997068196745,0.999983379322086,"group_idyes"
"12248","DLEU7","Exc L4-5 RORB GABRG1",0.00981006107913709,4.7767413129215,0.0428103254405234,0.83619229349642,0.999997068196745,0.999983379322086,"group_idyes"
"12249","DLEU7-AS1","Exc L4-5 RORB GABRG1",-0.0440876674075889,0.896200001838543,0.0959760418059185,0.756880780898325,0.999997068196745,0.999983379322086,"group_idyes"
"12250","RNASEH2B-AS1","Exc L4-5 RORB GABRG1",-0.0862863948404374,2.46816224640623,1.07036270993522,0.301513396776568,0.999997068196745,0.999983379322086,"group_idyes"
"12251","RNASEH2B","Exc L4-5 RORB GABRG1",0.0395083558706184,5.72740322643424,0.835410627343135,0.361285090556907,0.999997068196745,0.999983379322086,"group_idyes"
"12252","FAM124A","Exc L4-5 RORB GABRG1",-0.0517140361811954,4.2429861289545,1.08380418328076,0.816117214320689,0.999997068196745,0.999983379322086,"group_idyes"
"12253","SERPINE3","Exc L4-5 RORB GABRG1",0.106425391044192,1.41169549224447,0.59775831260231,0.439909363501958,0.999997068196745,0.999983379322086,"group_idyes"
"12254","INTS6","Exc L4-5 RORB GABRG1",0.0182717124977307,6.22247695604171,0.284462680890918,0.594098995021224,0.999997068196745,0.999983379322086,"group_idyes"
"12255","INTS6-AS1","Exc L4-5 RORB GABRG1",0.0114600725424128,4.52699658426042,0.0515710703426482,0.82047232217504,0.999997068196745,0.999983379322086,"group_idyes"
"12256","WDFY2","Exc L4-5 RORB GABRG1",-0.0736870801078148,5.58462327412645,3.36029457068633,0.0675586418823697,0.999997068196745,0.999983379322086,"group_idyes"
"12257","AL162377.3","Exc L4-5 RORB GABRG1",-0.167841685989144,1.43355154961125,2.99237032189078,0.0996299166229532,0.999997068196745,0.999983379322086,"group_idyes"
"12258","AL162377.1","Exc L4-5 RORB GABRG1",0.048894422072967,0.61245150254198,0.120212935830439,0.728993216158552,0.999997068196745,0.999983379322086,"group_idyes"
"12259","ATP7B","Exc L4-5 RORB GABRG1",-0.0582375743600083,3.91379581487507,1.49176070531323,0.222691381690628,0.999997068196745,0.999983379322086,"group_idyes"
"12260","ALG11","Exc L4-5 RORB GABRG1",0.028540870723197,3.09196689029066,0.200707034753172,0.65440292230053,0.999997068196745,0.999983379322086,"group_idyes"
"12261","UTP14C","Exc L4-5 RORB GABRG1",-0.0144655701196475,3.82625733204924,0.071376656677544,0.890102366941847,0.999997068196745,0.999983379322086,"group_idyes"
"12262","NEK5","Exc L4-5 RORB GABRG1",-0.213227986848511,1.89100421436038,3.16950351877568,0.0758143385648404,0.999997068196745,0.999983379322086,"group_idyes"
"12263","NEK3","Exc L4-5 RORB GABRG1",-0.174523978389161,0.760342590396499,1.45723527418008,0.228112179610549,0.999997068196745,0.999983379322086,"group_idyes"
"12264","THSD1","Exc L4-5 RORB GABRG1",-0.0220080221576106,2.5478713446475,0.0875953853661831,0.767416360031457,0.999997068196745,0.999983379322086,"group_idyes"
"12265","VPS36","Exc L4-5 RORB GABRG1",-0.00508667931495707,6.16843000492028,0.0313140049249207,0.859634785592428,0.999997068196745,0.999983379322086,"group_idyes"
"12266","AL359513.1","Exc L4-5 RORB GABRG1",0.0666647736823909,2.29738151849669,0.486253507845561,0.486024466060816,0.999997068196745,0.999983379322086,"group_idyes"
"12267","CKAP2","Exc L4-5 RORB GABRG1",-0.0512861759600188,4.07716122605277,1.09018922418042,0.297084888905249,0.999997068196745,0.999983379322086,"group_idyes"
"12268","HNRNPA1L2","Exc L4-5 RORB GABRG1",-0.030287775412828,1.38386144462551,0.0986839360792144,0.753584985416532,0.999997068196745,0.999983379322086,"group_idyes"
"12269","AL139089.1","Exc L4-5 RORB GABRG1",-0.158730265360282,1.6146380306031,2.30039662566745,0.130162176082017,0.999997068196745,0.999983379322086,"group_idyes"
"12270","SUGT1","Exc L4-5 RORB GABRG1",0.0297163949491721,5.89559879446674,0.483434986628679,0.487290248008994,0.999997068196745,0.999983379322086,"group_idyes"
"12271","PCDH8","Exc L4-5 RORB GABRG1",0.0270737518428028,1.02975613322532,0.0286464254855762,0.865686950776406,0.999997068196745,0.999983379322086,"group_idyes"
"12272","AL450423.1","Exc L4-5 RORB GABRG1",0.0680228717064736,6.8697475385443,0.261276409597115,0.609537803953763,0.999997068196745,0.999983379322086,"group_idyes"
"12273","LINC00558","Exc L4-5 RORB GABRG1",-0.0183853953622466,1.94185655331623,0.00895218002961079,0.92466912956384,0.999997068196745,0.999983379322086,"group_idyes"
"12274","AL390964.1","Exc L4-5 RORB GABRG1",-0.137370050776857,0.708897070981798,0.386113980710366,0.53471715881103,0.999997068196745,0.999983379322086,"group_idyes"
"12275","LINC02335","Exc L4-5 RORB GABRG1",-0.262448675911192,1.10386981925074,2.22668388434629,0.136464225760843,0.999997068196745,0.999983379322086,"group_idyes"
"12276","PCDH17","Exc L4-5 RORB GABRG1",-0.00797784795949213,5.41363704422781,0.0175549330079078,0.894662020964583,0.999997068196745,0.999983379322086,"group_idyes"
"12277","DIAPH3","Exc L4-5 RORB GABRG1",-0.0123549829550307,2.52046083076967,0.0230296667369133,0.879459495413149,0.999997068196745,0.999983379322086,"group_idyes"
"12278","TDRD3","Exc L4-5 RORB GABRG1",-0.00936258070790959,6.74898202779671,0.0686265459908487,0.793487323625386,0.999997068196745,0.999983379322086,"group_idyes"
"12279","PCDH20","Exc L4-5 RORB GABRG1",0.123186118959921,0.573635650180566,0.578997630769922,0.44717159691661,0.999997068196745,0.999983379322086,"group_idyes"
"12280","PCDH9","Exc L4-5 RORB GABRG1",-0.0061771854261388,11.7584470344881,0.0258807545696834,0.87227631970333,0.999997068196745,0.999983379322086,"group_idyes"
"12281","PCDH9-AS1","Exc L4-5 RORB GABRG1",-0.042278168427117,4.04960900123775,0.0695561774895115,0.792125287137386,0.999997068196745,0.999983379322086,"group_idyes"
"12282","PCDH9-AS2","Exc L4-5 RORB GABRG1",-0.116090743858114,5.20723815723886,0.620410467763573,0.431379786827132,0.999997068196745,0.999983379322086,"group_idyes"
"12283","PCDH9-AS3","Exc L4-5 RORB GABRG1",-0.0790082281707875,1.59287875550075,0.252216144828976,0.615806234682933,0.999997068196745,0.999983379322086,"group_idyes"
"12284","PCDH9-AS4","Exc L4-5 RORB GABRG1",-0.1029674213857,1.46879187005864,0.383900024655442,0.535890122386904,0.999997068196745,0.999983379322086,"group_idyes"
"12285","KLHL1","Exc L4-5 RORB GABRG1",0.296300849236261,1.31506604312511,4.99589261221866,0.0259808356628788,0.999997068196745,0.999983379322086,"group_idyes"
"12286","DACH1","Exc L4-5 RORB GABRG1",-0.0457743979330121,2.8211603712167,0.120517055266722,0.72866419694325,0.999997068196745,0.999983379322086,"group_idyes"
"12287","MZT1","Exc L4-5 RORB GABRG1",0.0389488544937345,4.35583155897425,0.332191155281681,0.564708722116119,0.999997068196745,0.999983379322086,"group_idyes"
"12288","BORA","Exc L4-5 RORB GABRG1",0.0750403422629819,1.88999643928349,0.869103483237024,0.531126020115851,0.999997068196745,0.999983379322086,"group_idyes"
"12289","DIS3","Exc L4-5 RORB GABRG1",0.00555106038589953,5.1699136692208,0.0286834511789842,0.865601006864635,0.999997068196745,0.999983379322086,"group_idyes"
"12290","PIBF1","Exc L4-5 RORB GABRG1",-0.031635175841447,7.13595050982103,1.33763793937767,0.248168589612209,0.999997068196745,0.999983379322086,"group_idyes"
"12291","KLF5","Exc L4-5 RORB GABRG1",0.287478894737273,1.36479820540866,5.9857502914076,0.0148687028168032,0.999997068196745,0.999983379322086,"group_idyes"
"12292","LINC00393","Exc L4-5 RORB GABRG1",-0.128231675040721,1.4305067050275,1.07309647389184,0.300897734129482,0.999997068196745,0.999983379322086,"group_idyes"
"12293","KLF12","Exc L4-5 RORB GABRG1",-0.0581094142849554,7.30800791384116,1.60822153358699,0.205508849171435,0.999997068196745,0.999983379322086,"group_idyes"
"12294","AL355390.2","Exc L4-5 RORB GABRG1",0.0613346960367746,0.609272723079873,0.189541064773364,0.663542996525591,0.999997068196745,0.999983379322086,"group_idyes"
"12295","TBC1D4","Exc L4-5 RORB GABRG1",-0.0381846694221703,6.04395114209538,1.02014040377581,0.313120500281576,0.999997068196745,0.999983379322086,"group_idyes"
"12296","COMMD6","Exc L4-5 RORB GABRG1",-0.0882039139359317,4.22677528984575,1.31350746544736,0.252472928387981,0.999997068196745,0.999983379322086,"group_idyes"
"12297","UCHL3","Exc L4-5 RORB GABRG1",-0.0432291477649952,4.44176008677148,0.976017932731207,0.863117204430286,0.999997068196745,0.999983379322086,"group_idyes"
"12298","LMO7-AS1","Exc L4-5 RORB GABRG1",-0.0511524711505839,2.6283210302215,0.27830606754245,0.598117730062363,0.999997068196745,0.999983379322086,"group_idyes"
"12299","LMO7","Exc L4-5 RORB GABRG1",-0.0193172201536112,7.38502838535898,0.277152821118954,0.598876825133085,0.999997068196745,0.999983379322086,"group_idyes"
"12300","LMO7DN","Exc L4-5 RORB GABRG1",-0.132977316751651,3.2477010772496,1.70283556535626,0.192697518931975,0.999997068196745,0.999983379322086,"group_idyes"
"12301","KCTD12","Exc L4-5 RORB GABRG1",-0.0682602441942368,1.72392716362629,0.267501869225256,0.605309699815319,0.999997068196745,0.999983379322086,"group_idyes"
"12302","AC001226.2","Exc L4-5 RORB GABRG1",-0.0263909881749405,3.73805745318126,0.0572007967909457,0.811103537751329,0.999997068196745,0.999983379322086,"group_idyes"
"12303","FBXL3","Exc L4-5 RORB GABRG1",0.0612114296483651,5.55724731314922,2.85789075565838,0.0917366087166971,0.999997068196745,0.999983379322086,"group_idyes"
"12304","MYCBP2","Exc L4-5 RORB GABRG1",0.0181584466160965,9.23691356485091,0.640900908754307,0.423878831294351,0.999997068196745,0.999983379322086,"group_idyes"
"12305","SLAIN1","Exc L4-5 RORB GABRG1",-0.0355997230038379,6.09842822626902,0.822022870330248,0.365156879517887,0.999997068196745,0.999983379322086,"group_idyes"
"12306","EDNRB","Exc L4-5 RORB GABRG1",-0.07939600113194,0.465468286766846,0.245277591703719,0.620702815268883,0.999997068196745,0.999983379322086,"group_idyes"
"12307","RNF219-AS1","Exc L4-5 RORB GABRG1",-0.057419728208371,1.82489047303059,0.411126704518827,0.521779959019197,0.999997068196745,0.999983379322086,"group_idyes"
"12308","RNF219","Exc L4-5 RORB GABRG1",0.0172593233518922,4.99789618937166,0.251181772491706,0.760254492829859,0.999997068196745,0.999983379322086,"group_idyes"
"12309","RBM26","Exc L4-5 RORB GABRG1",0.0145993023601581,7.85078781617276,0.216709086177018,0.641822356479679,0.999997068196745,0.999983379322086,"group_idyes"
"12310","RBM26-AS1","Exc L4-5 RORB GABRG1",-0.0327881487989564,2.62122770788079,0.155827047033454,0.693246627185402,0.999997068196745,0.999983379322086,"group_idyes"
"12311","NDFIP2","Exc L4-5 RORB GABRG1",-0.00589384137025844,7.26997839826463,0.0388781958521204,0.843794291674566,0.999997068196745,0.999983379322086,"group_idyes"
"12312","LINC01068","Exc L4-5 RORB GABRG1",-0.114690122668966,0.959791976223094,0.275344268123107,0.600071332562249,0.999997068196745,0.999983379322086,"group_idyes"
"12313","LINC00382","Exc L4-5 RORB GABRG1",-1.30133893189403,0.403107874931966,16.6152603509086,5.5643548118605e-05,0.167394340590137,0.172151863954278,"group_idyes"
"12314","LINC01080","Exc L4-5 RORB GABRG1",-0.589041987207231,-0.100813282316528,5.82175178038155,0.0162960207841556,0.999997068196745,0.999983379322086,"group_idyes"
"12315","SPRY2","Exc L4-5 RORB GABRG1",0.0245996629969044,4.00868702199775,0.0986212208559176,0.753660750926895,0.999997068196745,0.999983379322086,"group_idyes"
"12316","SLITRK1","Exc L4-5 RORB GABRG1",0.0317625814399067,4.27656534345776,0.418227209572475,0.518208578959939,0.999997068196745,0.999983379322086,"group_idyes"
"12317","LINC00351","Exc L4-5 RORB GABRG1",0.0692427713081916,0.620172316158954,0.208715268442184,0.648034063806484,0.999997068196745,0.999983379322086,"group_idyes"
"12318","MIR4500HG","Exc L4-5 RORB GABRG1",-0.00594296485678245,3.5317047887203,0.00677337427630908,0.934450547575662,0.999997068196745,0.999983379322086,"group_idyes"
"12319","SLITRK5","Exc L4-5 RORB GABRG1",0.0494119497515117,6.38885197335707,1.38252658420837,0.240398330770187,0.999997068196745,0.999983379322086,"group_idyes"
"12320","GPC5","Exc L4-5 RORB GABRG1",0.167507153516326,7.60965626713991,4.40672163960624,0.0364486556238485,0.999997068196745,0.999983379322086,"group_idyes"
"12321","GPC6","Exc L4-5 RORB GABRG1",-0.117274464190085,5.96105314344709,1.15382645332421,0.283422796456863,0.999997068196745,0.999983379322086,"group_idyes"
"12322","DCT","Exc L4-5 RORB GABRG1",-0.0596576213308905,2.73127297325902,0.621596147882339,0.430940287865232,0.999997068196745,0.999983379322086,"group_idyes"
"12323","TGDS","Exc L4-5 RORB GABRG1",-0.0810683747976828,2.9369501178299,2.13305602290789,0.144969237970627,0.999997068196745,0.999983379322086,"group_idyes"
"12324","GPR180","Exc L4-5 RORB GABRG1",0.0416882348374629,5.62229864201492,1.91684244354852,0.167007614612332,0.999997068196745,0.999983379322086,"group_idyes"
"12325","ABCC4","Exc L4-5 RORB GABRG1",-0.106330803937905,3.43925759938157,2.15026021897274,0.143362593946339,0.999997068196745,0.999983379322086,"group_idyes"
"12326","CLDN10","Exc L4-5 RORB GABRG1",-0.170564546094566,0.656424990672731,1.5125497940572,0.219501951183097,0.999997068196745,0.999983379322086,"group_idyes"
"12327","CLDN10-AS1","Exc L4-5 RORB GABRG1",-0.198998520831748,0.27543563411634,1.32877971030515,0.249738134765213,0.999997068196745,0.999983379322086,"group_idyes"
"12328","DZIP1","Exc L4-5 RORB GABRG1",0.0104364412110382,6.8556414908435,0.0865192397822562,0.768808385590507,0.999997068196745,0.999983379322086,"group_idyes"
"12329","DNAJC3-DT","Exc L4-5 RORB GABRG1",0.00944422202956413,4.18160061171113,0.0244241613379522,0.875892469638041,0.999997068196745,0.999983379322086,"group_idyes"
"12330","DNAJC3","Exc L4-5 RORB GABRG1",-0.00575332182677477,4.99970407714051,0.032379491003546,0.857292038042436,0.999997068196745,0.999983379322086,"group_idyes"
"12331","UGGT2","Exc L4-5 RORB GABRG1",-0.0133838369544865,7.65054707236365,0.14580268204889,0.702789989700433,0.999997068196745,0.999983379322086,"group_idyes"
"12332","HS6ST3","Exc L4-5 RORB GABRG1",-0.104412764645356,7.5246144772019,1.79315714330407,0.181332577695752,0.999997068196745,0.999983379322086,"group_idyes"
"12333","MBNL2","Exc L4-5 RORB GABRG1",0.0123285295728835,8.82223043419158,0.151349785622796,0.697464005606857,0.999997068196745,0.999983379322086,"group_idyes"
"12334","RAP2A","Exc L4-5 RORB GABRG1",0.00764488322868515,6.77756552166915,0.0326138116310353,0.856782184789616,0.999997068196745,0.999983379322086,"group_idyes"
"12335","AL356580.1","Exc L4-5 RORB GABRG1",-0.210189398824981,1.0140412022251,2.07716326121623,0.150331222255448,0.999997068196745,0.999983379322086,"group_idyes"
"12336","IPO5","Exc L4-5 RORB GABRG1",0.000271390396626814,6.02535565705429,6.38834594413181e-05,0.993626948462336,0.999997068196745,0.999983379322086,"group_idyes"
"12337","FARP1","Exc L4-5 RORB GABRG1",-0.0437164141059487,8.09058875198096,1.54187419719864,0.215095512838488,0.999997068196745,0.999983379322086,"group_idyes"
"12338","STK24","Exc L4-5 RORB GABRG1",-0.0442280150421178,5.64775218448904,1.81194244660405,0.179067997844601,0.999997068196745,0.999983379322086,"group_idyes"
"12339","DOCK9","Exc L4-5 RORB GABRG1",-0.0187010395406684,7.05219143195115,0.369421675308767,0.543678273718511,0.999997068196745,0.999983379322086,"group_idyes"
"12340","DOCK9-DT","Exc L4-5 RORB GABRG1",0.0337721046913005,1.02648008668309,0.0684902463179033,0.793687848277158,0.999997068196745,0.999983379322086,"group_idyes"
"12341","UBAC2","Exc L4-5 RORB GABRG1",-0.0253574296587762,7.02049653843629,0.425957511247689,0.514369008803218,0.999997068196745,0.999983379322086,"group_idyes"
"12342","TM9SF2","Exc L4-5 RORB GABRG1",-0.0264119195311953,5.45391641635352,0.833035176584645,0.361967915858124,0.999997068196745,0.999983379322086,"group_idyes"
"12343","CLYBL","Exc L4-5 RORB GABRG1",-0.0157250527045644,4.95324935328622,0.0906604615075879,0.763501850616774,0.999997068196745,0.999983379322086,"group_idyes"
"12344","AL355338.1","Exc L4-5 RORB GABRG1",0.0867621519623082,1.05390131785446,0.534603891552457,0.545990453408913,0.999997068196745,0.999983379322086,"group_idyes"
"12345","PCCA","Exc L4-5 RORB GABRG1",-0.0239120582442119,7.2494089067164,0.454574595433912,0.500575417805332,0.999997068196745,0.999983379322086,"group_idyes"
"12346","GGACT","Exc L4-5 RORB GABRG1",-0.134106553656446,2.5682790619955,0.717435579374118,0.397512949862117,0.999997068196745,0.999983379322086,"group_idyes"
"12347","TMTC4","Exc L4-5 RORB GABRG1",-0.0472597767635808,3.11193517123347,0.326492924684297,0.568065158868688,0.999997068196745,0.999983379322086,"group_idyes"
"12348","NALCN-AS1","Exc L4-5 RORB GABRG1",0.0581480187413364,1.35704632396158,0.203015663640286,0.652551432206494,0.999997068196745,0.999983379322086,"group_idyes"
"12349","NALCN","Exc L4-5 RORB GABRG1",-0.0414756550607582,8.17188081733232,1.37114259013332,0.24234040645551,0.999997068196745,0.999983379322086,"group_idyes"
"12350","ITGBL1","Exc L4-5 RORB GABRG1",0.100970574139086,1.38090894065854,0.717899858931933,0.39736042289245,0.999997068196745,0.999983379322086,"group_idyes"
"12351","FGF14","Exc L4-5 RORB GABRG1",0.0103097452289408,11.1873770623332,0.0533004718304225,0.817539335760691,0.999997068196745,0.999983379322086,"group_idyes"
"12352","FGF14-AS1","Exc L4-5 RORB GABRG1",0.0890179716172369,1.22556262212329,0.357648060055061,0.550167225951211,0.999997068196745,0.999983379322086,"group_idyes"
"12353","TPP2","Exc L4-5 RORB GABRG1",0.0268028569703194,6.30979697805736,0.496617225771758,0.481416642825953,0.999997068196745,0.999983379322086,"group_idyes"
"12354","METTL21C","Exc L4-5 RORB GABRG1",0.139781437103968,2.92925925918495,1.64384201962263,0.200571175142743,0.999997068196745,0.999983379322086,"group_idyes"
"12355","CCDC168","Exc L4-5 RORB GABRG1",0.197253594898592,2.43800672152918,3.34156143084085,0.068324734864196,0.999997068196745,0.999983379322086,"group_idyes"
"12356","TEX30","Exc L4-5 RORB GABRG1",0.087295684053759,3.5247083748441,1.26744488969961,0.260948349915435,0.999997068196745,0.999983379322086,"group_idyes"
"12357","KDELC1","Exc L4-5 RORB GABRG1",0.0291835169655569,3.08768535754118,0.2133823402242,0.64439027350349,0.999997068196745,0.999983379322086,"group_idyes"
"12358","EFNB2","Exc L4-5 RORB GABRG1",0.0224203618355848,5.44843947407406,0.389193593453404,0.533093297951643,0.999997068196745,0.999983379322086,"group_idyes"
"12359","AL138689.2","Exc L4-5 RORB GABRG1",0.0907401763850914,1.95012306917476,1.04829540134904,0.306543335457798,0.999997068196745,0.999983379322086,"group_idyes"
"12360","ARGLU1","Exc L4-5 RORB GABRG1",0.0284210716486494,7.70879695072408,0.479684178173287,0.488983233773299,0.999997068196745,0.999983379322086,"group_idyes"
"12361","LINC00551","Exc L4-5 RORB GABRG1",-0.00474267084840727,0.923926947857538,0.00033985806411615,0.985301196638353,0.999997068196745,0.999983379322086,"group_idyes"
"12362","LINC00443","Exc L4-5 RORB GABRG1",0.082754703148076,1.91234956662289,0.282713215686844,0.595235240717288,0.999997068196745,0.999983379322086,"group_idyes"
"12363","FAM155A","Exc L4-5 RORB GABRG1",0.0235675033174004,11.5278832952486,0.323674721666569,0.569739558339591,0.999997068196745,0.999983379322086,"group_idyes"
"12364","AL136964.1","Exc L4-5 RORB GABRG1",0.107361472897693,0.645992076162154,0.639779581119974,0.424284210437863,0.999997068196745,0.999983379322086,"group_idyes"
"12365","LIG4","Exc L4-5 RORB GABRG1",-0.0434822302985642,3.86323267417607,0.720321318216416,0.39656628701668,0.999997068196745,0.999983379322086,"group_idyes"
"12366","ABHD13","Exc L4-5 RORB GABRG1",0.11845429500914,4.75393518532983,4.87282353890724,0.0278724312747632,0.999997068196745,0.999983379322086,"group_idyes"
"12367","TNFSF13B","Exc L4-5 RORB GABRG1",0.13330124314561,4.75853867481371,1.49071732411322,0.222852915977924,0.999997068196745,0.999983379322086,"group_idyes"
"12368","AL138694.1","Exc L4-5 RORB GABRG1",0.175300738783312,0.339240018921436,0.852306925894076,0.356479158303303,0.999997068196745,0.999983379322086,"group_idyes"
"12369","MYO16","Exc L4-5 RORB GABRG1",-0.0472308637932411,2.00118668843647,0.20849164613455,0.648209888210136,0.999997068196745,0.999983379322086,"group_idyes"
"12370","IRS2","Exc L4-5 RORB GABRG1",0.0585098920673527,6.08306086281271,2.38517398622098,0.123313377187842,0.999997068196745,0.999983379322086,"group_idyes"
"12371","AL162497.1","Exc L4-5 RORB GABRG1",-0.0711125578759247,2.82724478409676,0.934982662263318,0.334178956300458,0.999997068196745,0.999983379322086,"group_idyes"
"12372","AL355974.2","Exc L4-5 RORB GABRG1",-0.2134342001268,0.674597934425775,1.41326068259543,0.235249103634873,0.999997068196745,0.999983379322086,"group_idyes"
"12373","COL4A1","Exc L4-5 RORB GABRG1",-0.0554108049376756,1.46954727340567,0.252030330306058,0.615936260290948,0.999997068196745,0.999983379322086,"group_idyes"
"12374","COL4A2","Exc L4-5 RORB GABRG1",-0.0781169981591298,2.21155352339961,0.37628055578923,0.539963053215976,0.999997068196745,0.999983379322086,"group_idyes"
"12375","NAXD","Exc L4-5 RORB GABRG1",0.0127929497544059,4.72906082886003,0.129806295267299,0.718830675313912,0.999997068196745,0.999983379322086,"group_idyes"
"12376","CARS2","Exc L4-5 RORB GABRG1",-0.0325090470066128,5.68721005750943,0.81977231694029,0.365813393965534,0.999997068196745,0.999983379322086,"group_idyes"
"12377","ING1","Exc L4-5 RORB GABRG1",0.0730298676116303,3.52894898540908,1.355598752865,0.245023195883559,0.999997068196745,0.999983379322086,"group_idyes"
"12378","ANKRD10","Exc L4-5 RORB GABRG1",0.00849609047408541,6.58994176161623,0.0789241058694207,0.778911777398485,0.999997068196745,0.999983379322086,"group_idyes"
"12379","AL442128.2","Exc L4-5 RORB GABRG1",0.0975013433877967,1.32540950634564,0.989233302171195,0.565573727806374,0.999997068196745,0.999983379322086,"group_idyes"
"12380","ARHGEF7","Exc L4-5 RORB GABRG1",-0.0147960574676502,8.00856355021182,0.347908964894269,0.555645450318818,0.999997068196745,0.999983379322086,"group_idyes"
"12381","TEX29","Exc L4-5 RORB GABRG1",-0.0407980631719051,2.13172522822111,0.159065740510653,0.690239395857188,0.999997068196745,0.999983379322086,"group_idyes"
"12382","TUBGCP3","Exc L4-5 RORB GABRG1",-0.0210685095419353,5.95281910169412,0.272505330940206,0.601956519075475,0.999997068196745,0.999983379322086,"group_idyes"
"12383","AL139384.2","Exc L4-5 RORB GABRG1",0.0317450314859516,1.43578753990369,0.104836081598727,0.768851142133655,0.999997068196745,0.999983379322086,"group_idyes"
"12384","ATP11A","Exc L4-5 RORB GABRG1",-0.044425159211079,6.34595327302076,1.04112222681495,0.308201798918865,0.999997068196745,0.999983379322086,"group_idyes"
"12385","MCF2L","Exc L4-5 RORB GABRG1",-0.0219668049916822,6.89621371200293,0.27647925762386,0.599321115056534,0.999997068196745,0.999983379322086,"group_idyes"
"12386","AL356740.1","Exc L4-5 RORB GABRG1",-0.0445109377937584,1.12018056529404,0.144914515187756,0.703653489684666,0.999997068196745,0.999983379322086,"group_idyes"
"12387","MCF2L-AS1","Exc L4-5 RORB GABRG1",0.0344205707127793,0.870951629804275,0.0625890680907954,0.802583178329102,0.999997068196745,0.999983379322086,"group_idyes"
"12388","PCID2","Exc L4-5 RORB GABRG1",0.0236280533181118,5.70765756095672,0.396176386464985,0.529444145431942,0.999997068196745,0.999983379322086,"group_idyes"
"12389","CUL4A","Exc L4-5 RORB GABRG1",-0.0476211494388035,5.91291726905177,2.92905166689639,0.0878045394484073,0.999997068196745,0.999983379322086,"group_idyes"
"12390","LAMP1","Exc L4-5 RORB GABRG1",-0.012988467996345,5.22390153381105,0.136229645355807,0.92734018810925,0.999997068196745,0.999983379322086,"group_idyes"
"12391","GRTP1","Exc L4-5 RORB GABRG1",-0.0668553386758879,0.461046920443703,0.203074552415718,0.652504370194396,0.999997068196745,0.999983379322086,"group_idyes"
"12392","ADPRHL1","Exc L4-5 RORB GABRG1",0.00165319447742324,3.3250438559651,0.00043417083508968,0.983386670839552,0.999997068196745,0.999983379322086,"group_idyes"
"12393","DCUN1D2","Exc L4-5 RORB GABRG1",0.0113933030051337,5.87260378821901,0.107852188588977,0.74278143289905,0.999997068196745,0.999983379322086,"group_idyes"
"12394","TMCO3","Exc L4-5 RORB GABRG1",-0.0623047612573193,5.814432014721,2.56046015264279,0.110387499062191,0.999997068196745,0.999983379322086,"group_idyes"
"12395","TFDP1","Exc L4-5 RORB GABRG1",-0.0195116263678899,5.13379384256307,0.352507772763794,0.553045870935878,0.999997068196745,0.999983379322086,"group_idyes"
"12396","TMEM255B","Exc L4-5 RORB GABRG1",-0.0673769831502076,0.560837152608883,0.190050162803014,0.663119377193965,0.999997068196745,0.999983379322086,"group_idyes"
"12397","GAS6-AS1","Exc L4-5 RORB GABRG1",0.0700520528019492,1.44755665480577,0.244334876644912,0.621374734517276,0.999997068196745,0.999983379322086,"group_idyes"
"12398","GAS6","Exc L4-5 RORB GABRG1",-0.0314200797168984,5.21618265483197,0.654951278570136,0.418848222992199,0.999997068196745,0.999983379322086,"group_idyes"
"12399","GAS6-DT","Exc L4-5 RORB GABRG1",-0.00582619158603886,1.06857412531773,0.00278915545452158,0.957908748254218,0.999997068196745,0.999983379322086,"group_idyes"
"12400","RASA3","Exc L4-5 RORB GABRG1",-0.0565795592024441,5.8309488292807,1.63845392824254,0.201308998225076,0.999997068196745,0.999983379322086,"group_idyes"
"12401","AL160396.1","Exc L4-5 RORB GABRG1",0.000326196131557166,-0.00341519499677087,0.000485403933469559,0.982433943541117,0.999997068196745,0.999983379322086,"group_idyes"
"12402","CDC16","Exc L4-5 RORB GABRG1",-0.0277783870695254,5.77193950331773,0.78845194174127,0.375123416237646,0.999997068196745,0.999983379322086,"group_idyes"
"12403","UPF3A","Exc L4-5 RORB GABRG1",-0.0146877141879108,7.03468885944628,0.152261501595396,0.69659943460327,0.999997068196745,0.999983379322086,"group_idyes"
"12404","CHAMP1","Exc L4-5 RORB GABRG1",0.00414322654186463,3.54475053354275,0.0063727483690788,0.936414372117894,0.999997068196745,0.999983379322086,"group_idyes"
"12405","AL589743.5","Exc L4-5 RORB GABRG1",-0.133479021924664,0.590647655665055,0.554303345467802,0.457019172839199,0.999997068196745,0.999983379322086,"group_idyes"
"12406","TTC5","Exc L4-5 RORB GABRG1",-0.0278028660039764,5.41446657033212,0.697709851826476,0.951162583687199,0.999997068196745,0.999983379322086,"group_idyes"
"12407","CCNB1IP1","Exc L4-5 RORB GABRG1",-0.0382265966483551,4.69854337435994,0.713958904439991,0.398657821818791,0.999997068196745,0.999983379322086,"group_idyes"
"12408","AL355075.4","Exc L4-5 RORB GABRG1",0.0202983878556593,0.365313048863114,0.0058258095412643,0.939198628045931,0.999997068196745,0.999983379322086,"group_idyes"
"12409","PARP2","Exc L4-5 RORB GABRG1",-0.0351786794341109,4.85369996994127,0.597825797592093,0.439883569740322,0.999997068196745,0.999983379322086,"group_idyes"
"12410","TEP1","Exc L4-5 RORB GABRG1",-0.0124691404940244,1.63400671659625,0.0188805045016812,0.989087150006963,0.999997068196745,0.999983379322086,"group_idyes"
"12411","OSGEP","Exc L4-5 RORB GABRG1",-0.112416494272488,5.32351255856029,5.30914666821328,0.0217458325781506,0.999997068196745,0.999983379322086,"group_idyes"
"12412","APEX1","Exc L4-5 RORB GABRG1",-0.038101703710944,4.32272889496365,0.278942733130173,0.59769952246182,0.999997068196745,0.999983379322086,"group_idyes"
"12413","PIP4P1","Exc L4-5 RORB GABRG1",0.0369369143879075,4.10572494499373,0.25216899601732,0.615839221862954,0.999997068196745,0.999983379322086,"group_idyes"
"12414","PNP","Exc L4-5 RORB GABRG1",0.157303615318418,0.571238477177428,1.1461368577793,0.285030464066266,0.999997068196745,0.999983379322086,"group_idyes"
"12415","RNASE10","Exc L4-5 RORB GABRG1",0.0744874525911808,0.998034566902212,0.176243025025602,0.674856345151278,0.999997068196745,0.999983379322086,"group_idyes"
"12416","RNASE1","Exc L4-5 RORB GABRG1",-0.0371556915104512,2.90732788499428,0.100595044013392,0.751288769106714,0.999997068196745,0.999983379322086,"group_idyes"
"12417","METTL17","Exc L4-5 RORB GABRG1",-0.0113789816662973,4.03025416488483,0.0735346996188737,0.786403550132218,0.999997068196745,0.999983379322086,"group_idyes"
"12418","NDRG2","Exc L4-5 RORB GABRG1",-0.0778899642221796,2.02794487324917,0.431800385691713,0.511499744857305,0.999997068196745,0.999983379322086,"group_idyes"
"12419","ZNF219","Exc L4-5 RORB GABRG1",-0.0667819720219946,2.637938097465,0.93397181915007,0.334440068624678,0.999997068196745,0.999983379322086,"group_idyes"
"12420","HNRNPC","Exc L4-5 RORB GABRG1",-0.00784381132684186,6.48914620368697,0.0824070154369397,0.774216159916073,0.999997068196745,0.999983379322086,"group_idyes"
"12421","RPGRIP1","Exc L4-5 RORB GABRG1",-0.0365184302533126,1.17999298524665,0.11591853736403,0.733689857221023,0.999997068196745,0.999983379322086,"group_idyes"
"12422","SUPT16H","Exc L4-5 RORB GABRG1",0.00109820535706637,5.76846311441759,0.00106634755249151,0.973966661707521,0.999997068196745,0.999983379322086,"group_idyes"
"12423","CHD8","Exc L4-5 RORB GABRG1",-0.00202946289069445,6.09286518467681,0.00569071535853675,0.93990636626087,0.999997068196745,0.999983379322086,"group_idyes"
"12424","RAB2B","Exc L4-5 RORB GABRG1",0.0532328555293008,4.0562999801532,1.87632107945405,0.171551778951664,0.999997068196745,0.999983379322086,"group_idyes"
"12425","TOX4","Exc L4-5 RORB GABRG1",0.0394029733344817,5.08019263512732,0.590781753525613,0.442588534040113,0.999997068196745,0.999983379322086,"group_idyes"
"12426","METTL3","Exc L4-5 RORB GABRG1",-0.0305822135957834,4.04216646985758,0.356986556976453,0.562892911911297,0.999997068196745,0.999983379322086,"group_idyes"
"12427","SALL2","Exc L4-5 RORB GABRG1",0.102743217672675,2.44414948749236,1.24155531737984,0.265867114775023,0.999997068196745,0.999983379322086,"group_idyes"
"12428","TRAC","Exc L4-5 RORB GABRG1",0.203257937119911,1.18572056755235,1.97923158541447,0.160278660273818,0.999997068196745,0.999983379322086,"group_idyes"
"12429","DAD1","Exc L4-5 RORB GABRG1",0.006986774041288,4.02863548018638,0.0122887891500967,0.911789286203055,0.999997068196745,0.999983379322086,"group_idyes"
"12430","ABHD4","Exc L4-5 RORB GABRG1",-0.009339610088555,1.73043066675222,0.0117317438493602,0.91380373741273,0.999997068196745,0.999983379322086,"group_idyes"
"12431","OXA1L","Exc L4-5 RORB GABRG1",0.000456700630941871,4.24637517736547,0.000103463845774084,0.991889555556629,0.999997068196745,0.999983379322086,"group_idyes"
"12432","SLC7A7","Exc L4-5 RORB GABRG1",-0.00255054046801917,0.992360377833295,0.000918768948916291,0.975834580612525,0.999997068196745,0.999983379322086,"group_idyes"
"12433","MRPL52","Exc L4-5 RORB GABRG1",-0.0273974024916684,3.1379837446599,0.180457201118506,0.671218095448724,0.999997068196745,0.999983379322086,"group_idyes"
"12434","REM2","Exc L4-5 RORB GABRG1",-0.0587296655356262,1.5227101961019,0.279314124895454,0.597455847648207,0.999997068196745,0.999983379322086,"group_idyes"
"12435","RBM23","Exc L4-5 RORB GABRG1",-0.0166473514394747,4.99183915066754,0.199274968193767,0.655557857379203,0.999997068196745,0.999983379322086,"group_idyes"
"12436","PRMT5","Exc L4-5 RORB GABRG1",0.0172931931250059,3.43909771955951,0.0872234237286933,0.76789644632138,0.999997068196745,0.999983379322086,"group_idyes"
"12437","AL132780.1","Exc L4-5 RORB GABRG1",-0.283226384411365,2.31892979724474,5.31224365164568,0.0217077524735746,0.999997068196745,0.999983379322086,"group_idyes"
"12438","AL132780.3","Exc L4-5 RORB GABRG1",0.00225403485607667,0.479889753035338,0.000554777572815204,0.981220801931233,0.999997068196745,0.999983379322086,"group_idyes"
"12439","C14orf93","Exc L4-5 RORB GABRG1",-0.103793953145994,2.30430447914219,2.2014650572177,0.222075338614015,0.999997068196745,0.999983379322086,"group_idyes"
"12440","PSMB5","Exc L4-5 RORB GABRG1",-0.0123479712358312,5.26291617523925,0.0309126393148948,0.860527934087365,0.999997068196745,0.999983379322086,"group_idyes"
"12441","CDH24","Exc L4-5 RORB GABRG1",-0.0173358933020571,2.70201811198023,0.0544143584367201,0.815676701699209,0.999997068196745,0.999983379322086,"group_idyes"
"12442","ACIN1","Exc L4-5 RORB GABRG1",0.00951953140728806,6.27706574782011,0.0708416002237309,0.790257911171362,0.999997068196745,0.999983379322086,"group_idyes"
"12443","C14orf119","Exc L4-5 RORB GABRG1",-0.0573375551719943,2.27208235506862,0.302635958656589,0.582553844852502,0.999997068196745,0.999983379322086,"group_idyes"
"12444","SLC7A8","Exc L4-5 RORB GABRG1",-0.0356401799872611,5.80478204942072,0.670246101825985,0.413472620470147,0.999997068196745,0.999983379322086,"group_idyes"
"12445","RNF212B","Exc L4-5 RORB GABRG1",-0.0517376776125828,1.71895121448739,0.262301533480501,0.608837230532537,0.999997068196745,0.999983379322086,"group_idyes"
"12446","HOMEZ","Exc L4-5 RORB GABRG1",-0.00151670507087896,3.3576763395899,0.000516945940471193,0.981872291692354,0.999997068196745,0.999983379322086,"group_idyes"
"12447","PPP1R3E","Exc L4-5 RORB GABRG1",-0.0488603153775828,4.8054060351378,1.39680715100285,0.23798886890682,0.999997068196745,0.999983379322086,"group_idyes"
"12448","BCL2L2","Exc L4-5 RORB GABRG1",-0.046344545377011,1.71396020959688,0.23839753969711,0.993106212542992,0.999997068196745,0.999983379322086,"group_idyes"
"12449","BCL2L2-PABPN1","Exc L4-5 RORB GABRG1",-0.00476604840360667,3.77469626199582,0.00551091274028032,0.9408615633264,0.999997068196745,0.999983379322086,"group_idyes"
"12450","PABPN1","Exc L4-5 RORB GABRG1",-0.00230025004140482,5.85523640856103,0.00135394355170059,0.970666770158996,0.999997068196745,0.999983379322086,"group_idyes"
"12451","SLC22A17","Exc L4-5 RORB GABRG1",0.025713481331764,7.18395749074785,0.225155993076613,0.635408296243681,0.999997068196745,0.999983379322086,"group_idyes"
"12452","NGDN","Exc L4-5 RORB GABRG1",0.00242885813542327,3.74134623670349,0.00195438078217408,0.96476123872929,0.999997068196745,0.999983379322086,"group_idyes"
"12453","ZFHX2","Exc L4-5 RORB GABRG1",-0.0118539515524653,6.30371488246247,0.0735873934504586,0.786328896640054,0.999997068196745,0.999983379322086,"group_idyes"
"12454","THTPA","Exc L4-5 RORB GABRG1",-0.0706979546828085,2.58406899833881,0.567487823438996,0.451719655641409,0.999997068196745,0.999983379322086,"group_idyes"
"12455","AP1G2","Exc L4-5 RORB GABRG1",0.0420801738156575,5.94184360656618,0.382063662956222,0.536866593183515,0.999997068196745,0.999983379322086,"group_idyes"
"12456","AL135999.1","Exc L4-5 RORB GABRG1",0.0305739777236456,1.6254631276193,0.0625756947630758,0.802603832962796,0.999997068196745,0.999983379322086,"group_idyes"
"12457","JPH4","Exc L4-5 RORB GABRG1",0.046694360388723,7.74840103862449,0.980462003426081,0.322707103768343,0.999997068196745,0.999983379322086,"group_idyes"
"12458","LINC00596","Exc L4-5 RORB GABRG1",0.0085360623650768,0.662806574837185,0.00362739687432762,0.9520054180592,0.999997068196745,0.999983379322086,"group_idyes"
"12459","DHRS4-AS1","Exc L4-5 RORB GABRG1",0.0100428793703815,3.64549049176283,0.0351856726721477,0.851306012863598,0.999997068196745,0.999983379322086,"group_idyes"
"12460","DHRS4","Exc L4-5 RORB GABRG1",-0.0281559615098923,1.79893609759158,0.113614284439931,0.878173740679574,0.999997068196745,0.999983379322086,"group_idyes"
"12461","DHRS4L2","Exc L4-5 RORB GABRG1",0.0431992252898408,3.72270405826523,0.458929900786679,0.498531673738572,0.999997068196745,0.999983379322086,"group_idyes"
"12462","CARMIL3","Exc L4-5 RORB GABRG1",-0.107672703445417,1.2268228078642,0.718874333967865,0.397040559934549,0.999997068196745,0.999983379322086,"group_idyes"
"12463","CPNE6","Exc L4-5 RORB GABRG1",-0.0377110852061813,2.2612115638419,0.108064831602381,0.742537005401024,0.999997068196745,0.999983379322086,"group_idyes"
"12464","NRL","Exc L4-5 RORB GABRG1",-0.148503550657967,1.86856430682271,3.04651040423716,0.0817091500482357,0.999997068196745,0.999983379322086,"group_idyes"
"12465","PCK2","Exc L4-5 RORB GABRG1",-0.00487207871579168,0.556289795334,0.00101451782199367,0.974606996369285,0.999997068196745,0.999983379322086,"group_idyes"
"12466","DCAF11","Exc L4-5 RORB GABRG1",-0.042891741335016,2.33297668974866,0.248373665720754,0.618507347774933,0.999997068196745,0.999983379322086,"group_idyes"
"12467","AL136295.3","Exc L4-5 RORB GABRG1",-0.0916465212688811,1.47806011389668,0.918672939751075,0.338425585654506,0.999997068196745,0.999983379322086,"group_idyes"
"12468","PSME1","Exc L4-5 RORB GABRG1",-0.0325876998947924,1.53054319388866,0.0803455135786052,0.776982192098284,0.999997068196745,0.999983379322086,"group_idyes"
"12469","EMC9","Exc L4-5 RORB GABRG1",-0.00221852523174866,3.05381634664962,0.000825259156415406,0.977096959390706,0.999997068196745,0.999983379322086,"group_idyes"
"12470","PSME2","Exc L4-5 RORB GABRG1",-0.0902065301523069,1.35008533045647,0.603311257737048,0.437794694334172,0.999997068196745,0.999983379322086,"group_idyes"
"12471","REC8","Exc L4-5 RORB GABRG1",0.0345263090223861,2.22415167054067,0.174351243152586,0.73886682454894,0.999997068196745,0.999983379322086,"group_idyes"
"12472","IPO4","Exc L4-5 RORB GABRG1",-0.127342244384082,0.600890747911151,0.765188721255785,0.382255328893819,0.999997068196745,0.999983379322086,"group_idyes"
"12473","AL136295.1","Exc L4-5 RORB GABRG1",-0.0653098364631837,3.72170754840243,1.87360004623387,0.192491095713507,0.999997068196745,0.999983379322086,"group_idyes"
"12474","GMPR2","Exc L4-5 RORB GABRG1",0.0736453867124704,3.39452191897632,0.963974035179245,0.326804657242022,0.999997068196745,0.999983379322086,"group_idyes"
"12475","TINF2","Exc L4-5 RORB GABRG1",0.0111025375858697,2.46656672433791,0.0139637823793701,0.905995858743605,0.999997068196745,0.999983379322086,"group_idyes"
"12476","TGM1","Exc L4-5 RORB GABRG1",-0.00437746095271262,1.63342293287276,0.00183840786023177,0.965822098807487,0.999997068196745,0.999983379322086,"group_idyes"
"12477","RABGGTA","Exc L4-5 RORB GABRG1",0.0535087423960983,2.60011393874842,0.499299922848182,0.577280401002773,0.999997068196745,0.999983379322086,"group_idyes"
"12478","DHRS1","Exc L4-5 RORB GABRG1",0.0176026188024155,3.49891491416617,0.123304239852889,0.79538238658718,0.999997068196745,0.999983379322086,"group_idyes"
"12479","LTB4R","Exc L4-5 RORB GABRG1",-0.0743604010758465,0.885319424978329,0.310525599487447,0.577681880383961,0.999997068196745,0.999983379322086,"group_idyes"
"12480","NYNRIN","Exc L4-5 RORB GABRG1",-0.012686970792624,0.816133712651731,0.00644620802502281,0.936049725831986,0.999997068196745,0.999983379322086,"group_idyes"
"12481","CBLN3","Exc L4-5 RORB GABRG1",0.140995365910901,0.382376026103954,0.704054089593321,0.401945857624835,0.999997068196745,0.999983379322086,"group_idyes"
"12482","KHNYN","Exc L4-5 RORB GABRG1",0.000946991930930975,3.03587203856925,0.000352584150001728,0.98502855705833,0.999997068196745,0.999983379322086,"group_idyes"
"12483","SDR39U1","Exc L4-5 RORB GABRG1",0.0342324881723699,3.74517405486845,0.33816308955494,0.900516826701624,0.999997068196745,0.999983379322086,"group_idyes"
"12484","AL136018.1","Exc L4-5 RORB GABRG1",-0.162306146331444,0.617580463059572,0.905866908303298,0.341810978688183,0.999997068196745,0.999983379322086,"group_idyes"
"12485","STXBP6","Exc L4-5 RORB GABRG1",0.0373084498982116,5.29377083454469,0.440175388038791,0.507435157459618,0.999997068196745,0.999983379322086,"group_idyes"
"12486","LINC02306","Exc L4-5 RORB GABRG1",0.009507633650644,6.70777173493795,0.0120890750617648,0.912506095738446,0.999997068196745,0.999983379322086,"group_idyes"
"12487","NOVA1","Exc L4-5 RORB GABRG1",0.0346169316949687,9.03852425303676,1.71079485212188,0.191663239356202,0.999997068196745,0.999983379322086,"group_idyes"
"12488","LINC02588","Exc L4-5 RORB GABRG1",-0.133820277488261,4.03337666202687,3.2313423223561,0.0730254510492176,0.999997068196745,0.999983379322086,"group_idyes"
"12489","AL110292.1","Exc L4-5 RORB GABRG1",-0.0133093010633273,3.51755557259444,0.0200655850849155,0.887428210171571,0.999997068196745,0.999983379322086,"group_idyes"
"12490","LINC02300","Exc L4-5 RORB GABRG1",-0.083891378106477,0.973264287146826,0.465028564590052,0.495693515127253,0.999997068196745,0.999983379322086,"group_idyes"
"12491","FOXG1-AS1","Exc L4-5 RORB GABRG1",0.00117976622658082,3.88847822547069,0.000423938942058588,0.983583569033425,0.999997068196745,0.999983379322086,"group_idyes"
"12492","FOXG1","Exc L4-5 RORB GABRG1",0.076508873185189,5.60514586768288,2.68784403779593,0.101933936108394,0.999997068196745,0.999983379322086,"group_idyes"
"12493","LINC01551","Exc L4-5 RORB GABRG1",0.0732965138662027,5.65940334009395,2.67951214994653,0.10246453591777,0.999997068196745,0.999983379322086,"group_idyes"
"12494","LINC02281","Exc L4-5 RORB GABRG1",0.182559272636945,1.5794210568106,1.59131093404688,0.20790325294127,0.999997068196745,0.999983379322086,"group_idyes"
"12495","AL049777.1","Exc L4-5 RORB GABRG1",0.136874793254691,0.331450975354532,0.514691602032512,0.473550272626758,0.999997068196745,0.999983379322086,"group_idyes"
"12496","LINC02327","Exc L4-5 RORB GABRG1",0.223778525502773,2.36718874256949,3.11521964492088,0.0783573386468131,0.999997068196745,0.999983379322086,"group_idyes"
"12497","AL138974.1","Exc L4-5 RORB GABRG1",-0.012627900773895,0.41859997215016,0.0063228820850619,0.936663109801057,0.999997068196745,0.999983379322086,"group_idyes"
"12498","AL158058.1","Exc L4-5 RORB GABRG1",0.00363015614042736,1.72441950709374,0.00117499506711545,0.972673084623959,0.999997068196745,0.999983379322086,"group_idyes"
"12499","PRKD1","Exc L4-5 RORB GABRG1",-0.059634651655846,5.36452831915534,0.81282020587188,0.367851812940136,0.999997068196745,0.999983379322086,"group_idyes"
"12500","G2E3-AS1","Exc L4-5 RORB GABRG1",0.112941981393172,1.60364065510202,0.896479377857156,0.34432177440284,0.999997068196745,0.999983379322086,"group_idyes"
"12501","G2E3","Exc L4-5 RORB GABRG1",0.026500887027918,5.80180236445065,0.578882073285981,0.447216903571389,0.999997068196745,0.999983379322086,"group_idyes"
"12502","SCFD1","Exc L4-5 RORB GABRG1",0.00942535368829435,6.8214771762301,0.146482253129336,0.7021313256272,0.999997068196745,0.999983379322086,"group_idyes"
"12503","AL121852.1","Exc L4-5 RORB GABRG1",0.1763372503309,0.946835403277842,1.88198620237907,0.170907997132869,0.999997068196745,0.999983379322086,"group_idyes"
"12504","COCH","Exc L4-5 RORB GABRG1",-0.00482510293272586,3.34098663098642,0.00224277200012206,0.962252544506278,0.999997068196745,0.999983379322086,"group_idyes"
"12505","AL049830.3","Exc L4-5 RORB GABRG1",0.123987890807045,1.65991934426372,1.7088032368632,0.1919214311021,0.999997068196745,0.999983379322086,"group_idyes"
"12506","STRN3","Exc L4-5 RORB GABRG1",-0.00377465585648521,6.83902351653457,0.013021343422013,0.909209247513225,0.999997068196745,0.999983379322086,"group_idyes"
"12507","AP4S1","Exc L4-5 RORB GABRG1",-0.0230717008652605,5.58634859913202,0.469637924965747,0.493566479021682,0.999997068196745,0.999983379322086,"group_idyes"
"12508","HECTD1","Exc L4-5 RORB GABRG1",-0.00646740106003673,6.9629321327023,0.0869907229052158,0.768197356647129,0.999997068196745,0.999983379322086,"group_idyes"
"12509","AL136418.1","Exc L4-5 RORB GABRG1",0.0221081220029644,1.34299497270779,0.0424247005631878,0.836921284515332,0.999997068196745,0.999983379322086,"group_idyes"
"12510","HEATR5A","Exc L4-5 RORB GABRG1",-0.0349382777231058,4.06859632325258,0.623626762274022,0.430189172271524,0.999997068196745,0.999983379322086,"group_idyes"
"12511","AL139353.1","Exc L4-5 RORB GABRG1",0.0255636519816361,4.15989020847464,0.269046768003732,0.96634229288556,0.999997068196745,0.999983379322086,"group_idyes"
"12512","AL139353.2","Exc L4-5 RORB GABRG1",-0.0613233985919806,1.41457363299703,0.322399803831877,0.619342009636054,0.999997068196745,0.999983379322086,"group_idyes"
"12513","NUBPL","Exc L4-5 RORB GABRG1",0.00982359475352407,6.11310326627148,0.0681978779718587,0.794118702245268,0.999997068196745,0.999983379322086,"group_idyes"
"12514","AL352984.1","Exc L4-5 RORB GABRG1",-0.0311665200607163,1.82661325618365,0.113217819598083,0.763088159339185,0.999997068196745,0.999983379322086,"group_idyes"
"12515","ARHGAP5-AS1","Exc L4-5 RORB GABRG1",0.111983412066655,0.961935692576262,0.709031927254031,0.40028849014658,0.999997068196745,0.999983379322086,"group_idyes"
"12516","ARHGAP5","Exc L4-5 RORB GABRG1",0.0520294231471588,7.02404409144294,2.61756318229382,0.10650614976049,0.999997068196745,0.999983379322086,"group_idyes"
"12517","AKAP6","Exc L4-5 RORB GABRG1",-0.0238082500832242,9.31646857323823,0.740691085136137,0.389975600855897,0.999997068196745,0.999983379322086,"group_idyes"
"12518","AL136298.1","Exc L4-5 RORB GABRG1",-0.108812214262259,2.04898026390111,0.465623213107248,0.49541824190542,0.999997068196745,0.999983379322086,"group_idyes"
"12519","NPAS3","Exc L4-5 RORB GABRG1",-0.0326065354651687,7.9503092226906,0.343133550348456,0.558369497326024,0.999997068196745,0.999983379322086,"group_idyes"
"12520","EGLN3","Exc L4-5 RORB GABRG1",-0.00322200933516312,4.01557378784179,0.00293143222490457,0.956849573877404,0.999997068196745,0.999983379322086,"group_idyes"
"12521","EAPP","Exc L4-5 RORB GABRG1",-0.009478065928718,5.59526381104595,0.0837224685319008,0.772470674379062,0.999997068196745,0.999983379322086,"group_idyes"
"12522","SNX6","Exc L4-5 RORB GABRG1",0.00211146715751907,5.75111865205706,0.00428766396231659,0.947825636926357,0.999997068196745,0.999983379322086,"group_idyes"
"12523","CFL2","Exc L4-5 RORB GABRG1",0.0264337183484006,4.29204558155196,0.14915132373799,0.699561192159824,0.999997068196745,0.999983379322086,"group_idyes"
"12524","BAZ1A","Exc L4-5 RORB GABRG1",-0.0310800768970017,3.79356558397801,0.275439136921371,0.60000854967302,0.999997068196745,0.999983379322086,"group_idyes"
"12525","SRP54","Exc L4-5 RORB GABRG1",-0.0283326053826646,5.09892826271081,0.586381977561342,0.444291135150632,0.999997068196745,0.999983379322086,"group_idyes"
"12526","FAM177A1","Exc L4-5 RORB GABRG1",-0.0156361507209461,5.09973555447003,0.249202996014148,0.617922161746724,0.999997068196745,0.999983379322086,"group_idyes"
"12527","PPP2R3C","Exc L4-5 RORB GABRG1",-0.0519664588845638,5.17325617765894,2.17371653082233,0.141204378452443,0.999997068196745,0.999983379322086,"group_idyes"
"12528","NFKBIA","Exc L4-5 RORB GABRG1",0.0888042013251449,5.18475228057708,1.45492268554482,0.228480925235707,0.999997068196745,0.999983379322086,"group_idyes"
"12529","INSM2","Exc L4-5 RORB GABRG1",-0.0485022749116326,2.06869561065975,0.247682501614324,0.618995974845206,0.999997068196745,0.999983379322086,"group_idyes"
"12530","RALGAPA1","Exc L4-5 RORB GABRG1",-0.0241552809552498,7.78600422620506,0.731242169388054,0.393013050318145,0.999997068196745,0.999983379322086,"group_idyes"
"12531","AL162311.3","Exc L4-5 RORB GABRG1",-0.0257929824794357,2.09526897243823,0.0275769962641997,0.868194423746666,0.999997068196745,0.999983379322086,"group_idyes"
"12532","BRMS1L","Exc L4-5 RORB GABRG1",5.93625299760949e-05,5.18814360833073,1.91070744286343e-06,0.998897814197442,0.999997068196745,0.999983379322086,"group_idyes"
"12533","LINC00609","Exc L4-5 RORB GABRG1",0.134155884742601,3.11915737745844,1.43016732236778,0.232473669949885,0.999997068196745,0.999983379322086,"group_idyes"
"12534","PTCSC3","Exc L4-5 RORB GABRG1",0.0343207678376918,0.885773643795202,0.0692423641176196,0.84750559045021,0.999997068196745,0.999983379322086,"group_idyes"
"12535","MBIP","Exc L4-5 RORB GABRG1",-0.0138188863492366,4.6716940555085,0.14158862525125,0.795562128606495,0.999997068196745,0.999983379322086,"group_idyes"
"12536","SLC25A21","Exc L4-5 RORB GABRG1",-0.00354820015768944,4.09499365887635,0.00277519953847323,0.958014087067452,0.999997068196745,0.999983379322086,"group_idyes"
"12537","SLC25A21-AS1","Exc L4-5 RORB GABRG1",-0.0442103635735695,0.976020804678457,0.106688131681036,0.744124239957831,0.999997068196745,0.999983379322086,"group_idyes"
"12538","MIPOL1","Exc L4-5 RORB GABRG1",0.00234621508637803,7.2506612343691,0.00259229868765262,0.959419977647235,0.999997068196745,0.999983379322086,"group_idyes"
"12539","AL121790.1","Exc L4-5 RORB GABRG1",0.0796876633384391,1.95310764376069,0.904405786133616,0.342200140450094,0.999997068196745,0.999983379322086,"group_idyes"
"12540","TTC6","Exc L4-5 RORB GABRG1",-0.0285981428366401,1.68008274548977,0.0534036983790582,0.817365863893405,0.999997068196745,0.999983379322086,"group_idyes"
"12541","AL392023.2","Exc L4-5 RORB GABRG1",-0.0160011733910762,3.32580076671269,0.0255968556362752,0.872972778867825,0.999997068196745,0.999983379322086,"group_idyes"
"12542","SSTR1","Exc L4-5 RORB GABRG1",0.144693138282017,2.12086509549084,1.56720597667978,0.211373796601041,0.999997068196745,0.999983379322086,"group_idyes"
"12543","CLEC14A","Exc L4-5 RORB GABRG1",0.0573262209718639,0.443257576329331,0.112923849378784,0.737022809737597,0.999997068196745,0.999983379322086,"group_idyes"
"12544","AL161751.1","Exc L4-5 RORB GABRG1",0.302908303412017,0.541347084644721,3.36936180906875,0.0671911525474677,0.999997068196745,0.999983379322086,"group_idyes"
"12545","LINC00639","Exc L4-5 RORB GABRG1",-0.156552127324494,0.906652961608988,1.26810622477081,0.260824192552734,0.999997068196745,0.999983379322086,"group_idyes"
"12546","SEC23A","Exc L4-5 RORB GABRG1",-0.0451492442239962,6.00606543316394,2.99861965105455,0.0841370796087671,0.999997068196745,0.999983379322086,"group_idyes"
"12547","GEMIN2","Exc L4-5 RORB GABRG1",0.0281335961628995,3.44345603947994,0.37352456618638,0.541450242560117,0.999997068196745,0.999983379322086,"group_idyes"
"12548","TRAPPC6B","Exc L4-5 RORB GABRG1",0.0184544474881395,5.75009638609254,0.435704906770685,0.509597807388943,0.999997068196745,0.999983379322086,"group_idyes"
"12549","PNN","Exc L4-5 RORB GABRG1",-0.025921824114739,5.70385219631161,0.43971679254225,0.507656279107397,0.999997068196745,0.999983379322086,"group_idyes"
"12550","MIA2","Exc L4-5 RORB GABRG1",0.00447209825339312,6.01434083363086,0.0262715790985434,0.871323931505724,0.999997068196745,0.999983379322086,"group_idyes"
"12551","FBXO33","Exc L4-5 RORB GABRG1",0.0136593701975564,6.61686709204385,0.3041917577954,0.581586606701419,0.999997068196745,0.999983379322086,"group_idyes"
"12552","AL049875.1","Exc L4-5 RORB GABRG1",0.0236528188377748,4.09385140429588,0.17593486127684,0.67512439499895,0.999997068196745,0.999983379322086,"group_idyes"
"12553","AL121821.1","Exc L4-5 RORB GABRG1",0.0533046909860909,3.43313152595873,0.919524272641966,0.338202132551156,0.999997068196745,0.999983379322086,"group_idyes"
"12554","LRFN5","Exc L4-5 RORB GABRG1",0.0109171740236852,9.99372787438858,0.074274315732769,0.785358320148639,0.999997068196745,0.999983379322086,"group_idyes"
"12555","AL450442.1","Exc L4-5 RORB GABRG1",-0.00624599391220587,4.04632081929351,0.00696494870028051,0.933532154405564,0.999997068196745,0.999983379322086,"group_idyes"
"12556","LINC02307","Exc L4-5 RORB GABRG1",-0.0826768800418059,2.70206358888495,0.530575445461572,0.466808149374262,0.999997068196745,0.999983379322086,"group_idyes"
"12557","LINC02277","Exc L4-5 RORB GABRG1",-0.206955842345284,1.16864990235546,1.39127835797217,0.238918198714288,0.999997068196745,0.999983379322086,"group_idyes"
"12558","LINC02302","Exc L4-5 RORB GABRG1",-0.248586933655418,0.794577394707857,1.90642036039888,0.168163002557881,0.999997068196745,0.999983379322086,"group_idyes"
"12559","C14orf28","Exc L4-5 RORB GABRG1",-0.0293273926502056,2.52066558964239,0.165185088393499,0.684652894651267,0.999997068196745,0.999983379322086,"group_idyes"
"12560","AL049870.3","Exc L4-5 RORB GABRG1",0.0212071529030131,0.58905926324336,0.0177632024404224,0.894042684117238,0.999997068196745,0.999983379322086,"group_idyes"
"12561","KLHL28","Exc L4-5 RORB GABRG1",-0.00222429223231639,5.40418198939384,0.00365687955588317,0.951811005379081,0.999997068196745,0.999983379322086,"group_idyes"
"12562","TOGARAM1","Exc L4-5 RORB GABRG1",0.0177588868767829,6.88733135544687,0.762420123516276,0.383116863367381,0.999997068196745,0.999983379322086,"group_idyes"
"12563","PRPF39","Exc L4-5 RORB GABRG1",0.00673550366837945,5.41747784366838,0.0417060018435211,0.952720477889985,0.999997068196745,0.999983379322086,"group_idyes"
"12564","FKBP3","Exc L4-5 RORB GABRG1",-0.000584635498191109,6.36381805752488,0.000223197599431304,0.988087952519281,0.999997068196745,0.999983379322086,"group_idyes"
"12565","FANCM","Exc L4-5 RORB GABRG1",-0.00867742169177096,4.50413355590506,0.0271402782687257,0.869232738810807,0.999997068196745,0.999983379322086,"group_idyes"
"12566","MIS18BP1","Exc L4-5 RORB GABRG1",-0.0230177389010285,5.64318350800475,0.25219255647296,0.615822737550207,0.999997068196745,0.999983379322086,"group_idyes"
"12567","LINC00871","Exc L4-5 RORB GABRG1",-0.20589611843312,3.0703391434161,4.56741813254024,0.0332156791768585,0.999997068196745,0.999983379322086,"group_idyes"
"12568","MDGA2","Exc L4-5 RORB GABRG1",-0.030684337316075,10.3069476005812,0.584950492245116,0.44484727033177,0.999997068196745,0.999983379322086,"group_idyes"
"12569","AL358335.2","Exc L4-5 RORB GABRG1",0.24130439109205,1.23421055146202,2.60652365704825,0.107244629734472,0.999997068196745,0.999983379322086,"group_idyes"
"12570","RPS29","Exc L4-5 RORB GABRG1",0.0390683472264734,5.22111360279443,0.602625467049036,0.438055010851915,0.999997068196745,0.999983379322086,"group_idyes"
"12571","LRR1","Exc L4-5 RORB GABRG1",0.0884575504196647,1.90209981511334,1.03188656213937,0.310354367473287,0.999997068196745,0.999983379322086,"group_idyes"
"12572","RPL36AL","Exc L4-5 RORB GABRG1",-0.0718471830739142,4.3478122976611,0.266399080078828,0.606054101237652,0.999997068196745,0.999983379322086,"group_idyes"
"12573","MGAT2","Exc L4-5 RORB GABRG1",0.00488707096622848,2.11936034669286,0.00354039855393657,0.95258376532549,0.999997068196745,0.999983379322086,"group_idyes"
"12574","DNAAF2","Exc L4-5 RORB GABRG1",0.0575463335347949,3.66130425777058,1.36888230180355,0.242728281343698,0.999997068196745,0.999983379322086,"group_idyes"
"12575","POLE2","Exc L4-5 RORB GABRG1",0.0185280539667948,3.80810838282611,0.0787268279379809,0.779181063359094,0.999997068196745,0.999983379322086,"group_idyes"
"12576","KLHDC1","Exc L4-5 RORB GABRG1",-0.0305490715825386,5.89446890582001,0.491264979279276,0.483787256944445,0.999997068196745,0.999983379322086,"group_idyes"
"12577","AL591767.1","Exc L4-5 RORB GABRG1",-0.0771830934050702,1.26138417990142,0.270870488882418,0.603047809504109,0.999997068196745,0.999983379322086,"group_idyes"
"12578","KLHDC2","Exc L4-5 RORB GABRG1",0.0170721419745179,5.7057952330113,0.185024167944016,0.66733147289495,0.999997068196745,0.999983379322086,"group_idyes"
"12579","NEMF","Exc L4-5 RORB GABRG1",-0.00998986826470612,7.14436925417048,0.1338502890285,0.714673940161954,0.999997068196745,0.999983379322086,"group_idyes"
"12580","AL627171.2","Exc L4-5 RORB GABRG1",0.0962812782110944,3.3471903175911,0.343400944350849,0.558216295696412,0.999997068196745,0.999983379322086,"group_idyes"
"12581","AL627171.1","Exc L4-5 RORB GABRG1",-0.00226406582009999,1.09870130598351,0.00048754231651547,0.982395299878179,0.999997068196745,0.999983379322086,"group_idyes"
"12582","ARF6","Exc L4-5 RORB GABRG1",0.0205994897692794,3.25147586885706,0.0679081004113646,0.794546712964282,0.999997068196745,0.999983379322086,"group_idyes"
"12583","LINC01588","Exc L4-5 RORB GABRG1",0.0606204020700678,3.62467525870233,0.36237621805828,0.547544082256808,0.999997068196745,0.999983379322086,"group_idyes"
"12584","VCPKMT","Exc L4-5 RORB GABRG1",-0.0462905956439018,4.03976739732748,0.937650284067307,0.333491188824835,0.999997068196745,0.999983379322086,"group_idyes"
"12585","SOS2","Exc L4-5 RORB GABRG1",-0.0267403770631277,6.57025212468647,0.88100895112134,0.348514366257474,0.999997068196745,0.999983379322086,"group_idyes"
"12586","L2HGDH","Exc L4-5 RORB GABRG1",-0.0379717487840295,6.09280920117984,1.24126754466875,0.265922435130738,0.999997068196745,0.999983379322086,"group_idyes"
"12587","ATP5S","Exc L4-5 RORB GABRG1",-0.0090262729099331,4.20109990470787,0.0311987860538619,0.859890572086778,0.999997068196745,0.999983379322086,"group_idyes"
"12588","AL359397.2","Exc L4-5 RORB GABRG1",0.0569343588988793,2.03139370252353,0.488122519143009,0.702336846866736,0.999997068196745,0.999983379322086,"group_idyes"
"12589","CDKL1","Exc L4-5 RORB GABRG1",-0.00998461922246491,6.67869937939859,0.0500422431935279,0.823108521120034,0.999997068196745,0.999983379322086,"group_idyes"
"12590","MAP4K5","Exc L4-5 RORB GABRG1",-0.0186637166168843,7.04951269699564,0.344116803451455,0.557806543184013,0.999997068196745,0.999983379322086,"group_idyes"
"12591","ATL1","Exc L4-5 RORB GABRG1",0.000267534254131124,7.4186868107039,0.000119552362041093,0.99128177128593,0.999997068196745,0.999983379322086,"group_idyes"
"12592","SAV1","Exc L4-5 RORB GABRG1",0.0771088614443115,3.53926878243132,2.16369574930938,0.142121872860008,0.999997068196745,0.999983379322086,"group_idyes"
"12593","NIN","Exc L4-5 RORB GABRG1",0.00142386853798889,7.50091017272333,0.00215198606678822,0.963023871877723,0.999997068196745,0.999983379322086,"group_idyes"
"12594","AL358334.1","Exc L4-5 RORB GABRG1",-0.074096128221835,-0.00534869704368228,0.141624017253469,0.706879273606738,0.999997068196745,0.999983379322086,"group_idyes"
"12595","PYGL","Exc L4-5 RORB GABRG1",-0.0745734069853194,3.17732425315838,0.323912563595337,0.569597875215856,0.999997068196745,0.999983379322086,"group_idyes"
"12596","ABHD12B","Exc L4-5 RORB GABRG1",-0.084131433011862,0.842546877910856,0.407629999279141,0.836367096853132,0.999997068196745,0.999983379322086,"group_idyes"
"12597","AL358334.2","Exc L4-5 RORB GABRG1",0.0741463834089251,0.665558235088437,0.199558935732642,0.65532844787694,0.999997068196745,0.999983379322086,"group_idyes"
"12598","TRIM9","Exc L4-5 RORB GABRG1",-0.0161728683581207,8.9486904016964,0.182968614152128,0.669073702501943,0.999997068196745,0.999983379322086,"group_idyes"
"12599","TMX1","Exc L4-5 RORB GABRG1",0.0120973096602241,2.93966813738782,0.0365269529171,0.848532194269344,0.999997068196745,0.999983379322086,"group_idyes"
"12600","LINC00519","Exc L4-5 RORB GABRG1",-0.130979300616295,0.0317897978305064,0.469083198745828,0.493821649422514,0.999997068196745,0.999983379322086,"group_idyes"
"12601","LINC00640","Exc L4-5 RORB GABRG1",-0.00982629158381065,0.324943980285362,0.00237193625143482,0.961181633620511,0.999997068196745,0.999983379322086,"group_idyes"
"12602","FRMD6-AS2","Exc L4-5 RORB GABRG1",-0.156089515443067,1.76399508195489,1.15269228341026,0.283659192427381,0.999997068196745,0.999983379322086,"group_idyes"
"12603","FRMD6","Exc L4-5 RORB GABRG1",-0.0526674676383799,5.03434785804348,0.501725489589767,0.479171864926729,0.999997068196745,0.999983379322086,"group_idyes"
"12604","AL122125.1","Exc L4-5 RORB GABRG1",-0.15459952045989,0.489751893740704,1.0062194635051,0.385329646635943,0.999997068196745,0.999983379322086,"group_idyes"
"12605","FRMD6-AS1","Exc L4-5 RORB GABRG1",-0.101057696868302,2.6642009060559,1.021302543301,0.312845391885477,0.999997068196745,0.999983379322086,"group_idyes"
"12606","GNG2","Exc L4-5 RORB GABRG1",-0.0488393542640195,3.4975408369308,0.372636950484404,0.541930823823745,0.999997068196745,0.999983379322086,"group_idyes"
"12607","RTRAF","Exc L4-5 RORB GABRG1",0.00367606484217122,4.46768716534752,0.00449006411703958,0.946610189755002,0.999997068196745,0.999983379322086,"group_idyes"
"12608","NID2","Exc L4-5 RORB GABRG1",-0.0174973000581783,3.31642464046968,0.0491715542623361,0.824628805599901,0.999997068196745,0.999983379322086,"group_idyes"
"12609","TXNDC16","Exc L4-5 RORB GABRG1",-0.0204390313550308,6.48503156237005,0.385527966721063,0.535027177112317,0.999997068196745,0.999983379322086,"group_idyes"
"12610","GPR137C","Exc L4-5 RORB GABRG1",-0.00457848172753879,7.163613757396,0.0157973305321291,0.9000450033329,0.999997068196745,0.999983379322086,"group_idyes"
"12611","ERO1A","Exc L4-5 RORB GABRG1",0.0220265931596037,5.71486866257229,0.578372461137276,0.521381084388144,0.999997068196745,0.999983379322086,"group_idyes"
"12612","AL133453.1","Exc L4-5 RORB GABRG1",-0.00239214474572502,2.09097705232831,0.000367284151068451,0.984719685455879,0.999997068196745,0.999983379322086,"group_idyes"
"12613","PSMC6","Exc L4-5 RORB GABRG1",-0.00349272080741102,5.64405459438841,0.00992647694882216,0.92068861459708,0.999997068196745,0.999983379322086,"group_idyes"
"12614","STYX","Exc L4-5 RORB GABRG1",0.0370480606301134,3.37607020868732,0.590477105025212,0.849323795430265,0.999997068196745,0.999983379322086,"group_idyes"
"12615","GNPNAT1","Exc L4-5 RORB GABRG1",0.0567301255966186,4.2255129078043,1.71988884755585,0.190489454280989,0.999997068196745,0.999983379322086,"group_idyes"
"12616","FERMT2","Exc L4-5 RORB GABRG1",0.0210956944706435,4.15839809595332,0.241522310984248,0.982562881237024,0.999997068196745,0.999983379322086,"group_idyes"
"12617","DDHD1","Exc L4-5 RORB GABRG1",-0.0118869104694485,6.93645453279171,0.145528271189199,0.703056456936989,0.999997068196745,0.999983379322086,"group_idyes"
"12618","AL356020.1","Exc L4-5 RORB GABRG1",-0.154355325458346,1.91145873119181,2.80583662428796,0.0947343940045578,0.999997068196745,0.999983379322086,"group_idyes"
"12619","BMP4","Exc L4-5 RORB GABRG1",0.07140112866499,2.09625151140003,0.395798220270887,0.529640618592131,0.999997068196745,0.999983379322086,"group_idyes"
"12620","CDKN3","Exc L4-5 RORB GABRG1",-0.0990029182483417,2.20473361278373,1.65161177228268,0.199512823493987,0.999997068196745,0.999983379322086,"group_idyes"
"12621","CNIH1","Exc L4-5 RORB GABRG1",0.000636955254817756,5.58561241005488,0.000240787053382934,0.987627514720037,0.999997068196745,0.999983379322086,"group_idyes"
"12622","GMFB","Exc L4-5 RORB GABRG1",0.0631215790201963,5.03229071472998,1.28880480047125,0.256975078269306,0.999997068196745,0.999983379322086,"group_idyes"
"12623","CGRRF1","Exc L4-5 RORB GABRG1",0.021165814635093,4.18688317614294,0.297503202124905,0.585768017799314,0.999997068196745,0.999983379322086,"group_idyes"
"12624","SAMD4A","Exc L4-5 RORB GABRG1",-0.113674591829006,6.200853519987,6.02258549223417,0.0145662965060613,0.999997068196745,0.999983379322086,"group_idyes"
"12625","GCH1","Exc L4-5 RORB GABRG1",0.0228041136334323,1.61868992600616,0.0583000237617545,0.809331916769662,0.999997068196745,0.999983379322086,"group_idyes"
"12626","WDHD1","Exc L4-5 RORB GABRG1",0.010347162173298,4.0113556670408,0.0511959061740356,0.821115383114053,0.999997068196745,0.999983379322086,"group_idyes"
"12627","SOCS4","Exc L4-5 RORB GABRG1",-0.00732454472181496,4.28722826474819,0.0248400165345408,0.874849045737699,0.999997068196745,0.999983379322086,"group_idyes"
"12628","MAPK1IP1L","Exc L4-5 RORB GABRG1",-0.021404656779209,5.50155985026272,0.475470187805974,0.49089701128066,0.999997068196745,0.999983379322086,"group_idyes"
"12629","LGALS3","Exc L4-5 RORB GABRG1",0.13570612733825,2.16547381542786,1.36415144927575,0.243542574220058,0.999997068196745,0.999983379322086,"group_idyes"
"12630","AL158801.2","Exc L4-5 RORB GABRG1",-0.530965518040562,0.331800579421186,7.83648680299268,0.00537814238092991,0.999997068196745,0.999983379322086,"group_idyes"
"12631","FBXO34","Exc L4-5 RORB GABRG1",-0.0147184758407874,7.33573273971119,0.233142142465824,0.629478333442062,0.999997068196745,0.999983379322086,"group_idyes"
"12632","AL158801.3","Exc L4-5 RORB GABRG1",-0.00608478476982622,2.6911094446394,0.00286278816123818,0.95735729500782,0.999997068196745,0.999983379322086,"group_idyes"
"12633","ATG14","Exc L4-5 RORB GABRG1",-0.0432994168974691,5.13739403354023,1.18992152756388,0.701608380118574,0.999997068196745,0.999983379322086,"group_idyes"
"12634","TBPL2","Exc L4-5 RORB GABRG1",0.10847436049703,0.764855767298794,0.612649108265811,0.43427362104478,0.999997068196745,0.999983379322086,"group_idyes"
"12635","KTN1-AS1","Exc L4-5 RORB GABRG1",0.0172229743678318,5.07740078437251,0.175768866153043,0.675268896866707,0.999997068196745,0.999983379322086,"group_idyes"
"12636","KTN1","Exc L4-5 RORB GABRG1",0.031498915435358,7.05406091681999,0.585257142890591,0.44472804511387,0.999997068196745,0.999983379322086,"group_idyes"
"12637","AL355773.1","Exc L4-5 RORB GABRG1",0.171676571768287,2.63146442059321,3.72944217151255,0.0541955548295819,0.999997068196745,0.999983379322086,"group_idyes"
"12638","PELI2","Exc L4-5 RORB GABRG1",0.0856514257491237,6.27932676270455,2.32731981495565,0.127942197293806,0.999997068196745,0.999983379322086,"group_idyes"
"12639","AL355073.2","Exc L4-5 RORB GABRG1",0.35709053253063,0.60609892730902,5.82290416552746,0.0162855112270643,0.999997068196745,0.999983379322086,"group_idyes"
"12640","LINC02284","Exc L4-5 RORB GABRG1",0.0397899611890948,1.71394544776659,0.135241115588738,0.713260815548434,0.999997068196745,0.999983379322086,"group_idyes"
"12641","TMEM260","Exc L4-5 RORB GABRG1",-0.00338814639887338,6.09311092040741,0.00947204408453075,0.922519438837523,0.999997068196745,0.999983379322086,"group_idyes"
"12642","AL161757.5","Exc L4-5 RORB GABRG1",-0.249083505347312,0.605395735719344,2.83327740451257,0.0931409788102324,0.999997068196745,0.999983379322086,"group_idyes"
"12643","OTX2-AS1","Exc L4-5 RORB GABRG1",0.122242593084681,1.32224536020742,1.50230952616626,0.246072293072478,0.999997068196745,0.999983379322086,"group_idyes"
"12644","AL161757.4","Exc L4-5 RORB GABRG1",-0.0996101921236414,0.34654535186574,0.230124979716027,0.631703765818241,0.999997068196745,0.999983379322086,"group_idyes"
"12645","EXOC5","Exc L4-5 RORB GABRG1",-0.0056287437095732,6.08544155055608,0.0376148552586311,0.846320919119144,0.999997068196745,0.999983379322086,"group_idyes"
"12646","AP5M1","Exc L4-5 RORB GABRG1",0.0903724878000415,5.98265161521951,4.98770233181934,0.0261024587611351,0.999997068196745,0.999983379322086,"group_idyes"
"12647","NAA30","Exc L4-5 RORB GABRG1",0.0181701584242345,4.85729200069562,0.217610946748727,0.848656449758454,0.999997068196745,0.999983379322086,"group_idyes"
"12648","SLC35F4","Exc L4-5 RORB GABRG1",-0.115803222203793,4.2966831415694,1.96610253641658,0.161668488346004,0.999997068196745,0.999983379322086,"group_idyes"
"12649","ARMH4","Exc L4-5 RORB GABRG1",0.0426975881687623,5.99927000967581,1.54328575872432,0.214886083416452,0.999997068196745,0.999983379322086,"group_idyes"
"12650","ACTR10","Exc L4-5 RORB GABRG1",0.0135630951918249,5.9548996868073,0.270383954130762,0.930599994877491,0.999997068196745,0.999983379322086,"group_idyes"
"12651","PSMA3","Exc L4-5 RORB GABRG1",-0.0892090297711165,4.78672876208276,4.24210676964936,0.040105502265847,0.999997068196745,0.999983379322086,"group_idyes"
"12652","ARID4A","Exc L4-5 RORB GABRG1",-0.0216016603372198,6.91509472147313,0.408422726398952,0.5231514532409,0.999997068196745,0.999983379322086,"group_idyes"
"12653","AL139021.2","Exc L4-5 RORB GABRG1",-0.0658205946731074,1.60420805845958,0.297640575672302,0.585681525947451,0.999997068196745,0.999983379322086,"group_idyes"
"12654","AL139021.1","Exc L4-5 RORB GABRG1",-0.0118938930067387,2.66210189930521,0.0107347121557279,0.917534063252436,0.999997068196745,0.999983379322086,"group_idyes"
"12655","TIMM9","Exc L4-5 RORB GABRG1",0.0139482163093499,4.38864070735132,0.133070965906925,0.715469400350809,0.999997068196745,0.999983379322086,"group_idyes"
"12656","KIAA0586","Exc L4-5 RORB GABRG1",0.046935842240266,6.12476645277206,1.51175214572875,0.219623310784697,0.999997068196745,0.999983379322086,"group_idyes"
"12657","DACT1","Exc L4-5 RORB GABRG1",0.0441680768681445,2.9481974785451,0.263153694050607,0.608256175508346,0.999997068196745,0.999983379322086,"group_idyes"
"12658","LINC01500","Exc L4-5 RORB GABRG1",-0.0054525586614806,1.75171937897645,0.00235689635724924,0.961304801214116,0.999997068196745,0.999983379322086,"group_idyes"
"12659","DAAM1","Exc L4-5 RORB GABRG1",-0.0430645992240144,6.85795907026582,2.53308894334646,0.112303072480533,0.999997068196745,0.999983379322086,"group_idyes"
"12660","GPR135","Exc L4-5 RORB GABRG1",0.0288213106677411,5.62964250508828,0.288480222921401,0.591506571819735,0.999997068196745,0.999983379322086,"group_idyes"
"12661","L3HYPDH","Exc L4-5 RORB GABRG1",-0.0128759911334207,4.35439014736794,0.0725965790311653,0.787737460198389,0.999997068196745,0.999983379322086,"group_idyes"
"12662","JKAMP","Exc L4-5 RORB GABRG1",-0.00291176045716895,4.8406572543628,0.00424342991866974,0.948095081813294,0.999997068196745,0.999983379322086,"group_idyes"
"12663","CCDC175","Exc L4-5 RORB GABRG1",0.00977578632453342,5.52054910837832,0.0470861461738906,0.828328492196133,0.999997068196745,0.999983379322086,"group_idyes"
"12664","RTN1","Exc L4-5 RORB GABRG1",-0.0128590939881209,9.58808156786788,0.214295939455783,0.643682657036705,0.999997068196745,0.999983379322086,"group_idyes"
"12665","LRRC9","Exc L4-5 RORB GABRG1",0.00634473630834308,5.75460661628678,0.0405678579684549,0.84048081389412,0.999997068196745,0.999983379322086,"group_idyes"
"12666","AL157911.1","Exc L4-5 RORB GABRG1",0.0176023354822991,3.44304897048573,0.0647873036483769,0.799219418230384,0.999997068196745,0.999983379322086,"group_idyes"
"12667","PCNX4","Exc L4-5 RORB GABRG1",0.0109639928363146,6.99693492928245,0.0886398033988779,0.766074241428029,0.999997068196745,0.999983379322086,"group_idyes"
"12668","DHRS7","Exc L4-5 RORB GABRG1",0.00878402026679763,3.94638562846328,0.0188708668706366,0.89080919795403,0.999997068196745,0.999983379322086,"group_idyes"
"12669","PPM1A","Exc L4-5 RORB GABRG1",0.0546604097122375,6.60792183666686,2.5985314842273,0.107782779194949,0.999997068196745,0.999983379322086,"group_idyes"
"12670","SIX4","Exc L4-5 RORB GABRG1",0.1612325016373,2.30499295445933,3.22698554301178,0.0732182727356511,0.999997068196745,0.999983379322086,"group_idyes"
"12671","MNAT1","Exc L4-5 RORB GABRG1",0.0027820139891696,8.02582893322368,0.00722446590453985,0.932308100815495,0.999997068196745,0.999983379322086,"group_idyes"
"12672","TRMT5","Exc L4-5 RORB GABRG1",0.00371120948060396,2.89402121215322,0.00359312730173246,0.952232395353054,0.999997068196745,0.999983379322086,"group_idyes"
"12673","SLC38A6","Exc L4-5 RORB GABRG1",-0.0251107517169294,6.53005145877999,0.425933992132196,0.514380614992197,0.999997068196745,0.999983379322086,"group_idyes"
"12674","PRKCH","Exc L4-5 RORB GABRG1",-0.458584971911729,3.26487455665529,7.4079678163869,0.00678872208203771,0.999997068196745,0.999983379322086,"group_idyes"
"12675","HIF1A-AS1","Exc L4-5 RORB GABRG1",-0.171184763441292,0.723465996345923,1.44987165623147,0.229288824194886,0.999997068196745,0.999983379322086,"group_idyes"
"12676","HIF1A","Exc L4-5 RORB GABRG1",0.0128756508621093,5.85474578121624,0.180901065861251,0.76587961825531,0.999997068196745,0.999983379322086,"group_idyes"
"12677","HIF1A-AS2","Exc L4-5 RORB GABRG1",0.100660944094169,2.17484151851693,0.529184899633561,0.467392189578196,0.999997068196745,0.999983379322086,"group_idyes"
"12678","SNAPC1","Exc L4-5 RORB GABRG1",-0.0275449896692811,3.90038709626667,0.482491620273631,0.586007925481365,0.999997068196745,0.999983379322086,"group_idyes"
"12679","SYT16","Exc L4-5 RORB GABRG1",-0.0227314287437851,8.27394362520588,0.436633456125463,0.509147301868271,0.999997068196745,0.999983379322086,"group_idyes"
"12680","AL390816.2","Exc L4-5 RORB GABRG1",0.0851709899242725,1.14591655296488,0.36261477037741,0.54741235432805,0.999997068196745,0.999983379322086,"group_idyes"
"12681","KCNH5","Exc L4-5 RORB GABRG1",0.000899274923712145,8.678032603504,0.000768586255535088,0.977897144391906,0.999997068196745,0.999983379322086,"group_idyes"
"12682","RHOJ","Exc L4-5 RORB GABRG1",-0.0191155568677329,4.9504711110612,0.0701603960710726,0.791245238953398,0.999997068196745,0.999983379322086,"group_idyes"
"12683","PPP2R5E","Exc L4-5 RORB GABRG1",-0.00744510673192299,7.25657322556781,0.147316734644093,0.701324909350855,0.999997068196745,0.999983379322086,"group_idyes"
"12684","AL136038.3","Exc L4-5 RORB GABRG1",-0.234804477400666,0.734115225564962,2.49096325660542,0.115323450554917,0.999997068196745,0.999983379322086,"group_idyes"
"12685","WDR89","Exc L4-5 RORB GABRG1",0.0315330450239055,4.06703475122166,0.60106149229263,0.572256026683079,0.999997068196745,0.999983379322086,"group_idyes"
"12686","SGPP1","Exc L4-5 RORB GABRG1",-0.0524620308395564,5.29205833689207,2.85081286850549,0.0921380725476036,0.999997068196745,0.999983379322086,"group_idyes"
"12687","SYNE2","Exc L4-5 RORB GABRG1",0.0387281114369041,3.80264158730588,0.694761510161952,0.444598106791748,0.999997068196745,0.999983379322086,"group_idyes"
"12688","ESR2","Exc L4-5 RORB GABRG1",-0.0608836428833689,3.99162184057285,1.14477939760694,0.285315471576927,0.999997068196745,0.999983379322086,"group_idyes"
"12689","MTHFD1","Exc L4-5 RORB GABRG1",-0.0220151220484562,4.59494536438056,0.327077782941826,0.920752090444755,0.999997068196745,0.999983379322086,"group_idyes"
"12690","AL122035.1","Exc L4-5 RORB GABRG1",-0.0129385365741839,3.41233395919818,0.0489790204780287,0.824966886016113,0.999997068196745,0.999983379322086,"group_idyes"
"12691","ZBTB25","Exc L4-5 RORB GABRG1",0.0568718716370664,4.81965013030353,2.11484614111546,0.146692016473431,0.999997068196745,0.999983379322086,"group_idyes"
"12692","AKAP5","Exc L4-5 RORB GABRG1",0.132933762172067,3.99752287991466,5.67970747016259,0.0176467971064325,0.999997068196745,0.999983379322086,"group_idyes"
"12693","ZBTB1","Exc L4-5 RORB GABRG1",0.049084258609481,5.23678569121308,0.815759865730478,0.366987954453901,0.999997068196745,0.999983379322086,"group_idyes"
"12694","AL049869.3","Exc L4-5 RORB GABRG1",-0.101051412882116,1.6818157331265,0.536453314454666,0.464352280085136,0.999997068196745,0.999983379322086,"group_idyes"
"12695","HSPA2","Exc L4-5 RORB GABRG1",-0.148661032262586,1.2314246058817,1.22823540920219,0.268442825771274,0.999997068196745,0.999983379322086,"group_idyes"
"12696","PPP1R36","Exc L4-5 RORB GABRG1",0.0653968905713068,0.81588430803222,0.247327768088611,0.619247088651894,0.999997068196745,0.999983379322086,"group_idyes"
"12697","AL049869.2","Exc L4-5 RORB GABRG1",-0.25239739123148,0.430015201464343,2.31650174257127,0.128829084757711,0.999997068196745,0.999983379322086,"group_idyes"
"12698","PLEKHG3","Exc L4-5 RORB GABRG1",-0.010690481644496,1.00793713667252,0.00663087438409769,0.935142192507491,0.999997068196745,0.999983379322086,"group_idyes"
"12699","SPTB","Exc L4-5 RORB GABRG1",0.0595199647098518,4.74423298209975,1.54917966317968,0.214014245299762,0.999997068196745,0.999983379322086,"group_idyes"
"12700","CHURC1","Exc L4-5 RORB GABRG1",0.119199052446936,0.69498477525373,0.713170304386777,0.398918173624198,0.999997068196745,0.999983379322086,"group_idyes"
"12701","CHURC1-FNTB","Exc L4-5 RORB GABRG1",-0.0221383187137762,3.92813901178509,0.133472115913424,0.715059615081454,0.999997068196745,0.999983379322086,"group_idyes"
"12702","RAB15","Exc L4-5 RORB GABRG1",0.0136693231813643,6.00285004813807,0.147660688881984,0.700993285808214,0.999997068196745,0.999983379322086,"group_idyes"
"12703","FNTB","Exc L4-5 RORB GABRG1",0.0319176657661888,2.74848980595737,0.220114318342353,0.9123924293312,0.999997068196745,0.999983379322086,"group_idyes"
"12704","MAX","Exc L4-5 RORB GABRG1",-0.0264553988466974,5.89590495334945,0.567789013254763,0.451599721775497,0.999997068196745,0.999983379322086,"group_idyes"
"12705","AL139022.1","Exc L4-5 RORB GABRG1",0.0475457803167165,1.3165703472784,0.0501955452603491,0.822842286516297,0.999997068196745,0.999983379322086,"group_idyes"
"12706","AL355076.2","Exc L4-5 RORB GABRG1",-0.0958899059547061,0.847149147546203,0.598638902160718,0.439572971959417,0.999997068196745,0.999983379322086,"group_idyes"
"12707","FUT8","Exc L4-5 RORB GABRG1",-0.0271518782640489,7.73979063103039,0.618167977959933,0.432212880358202,0.999997068196745,0.999983379322086,"group_idyes"
"12708","AL391261.2","Exc L4-5 RORB GABRG1",-0.00132382234368235,1.85868270081661,0.000136354735479687,0.990689284191567,0.999997068196745,0.999983379322086,"group_idyes"
"12709","AL359232.1","Exc L4-5 RORB GABRG1",-0.0322516381131114,5.63283587410366,0.234697657413557,0.628337932536252,0.999997068196745,0.999983379322086,"group_idyes"
"12710","CCDC196","Exc L4-5 RORB GABRG1",0.00621133791667748,1.25167672702069,0.00252913430014218,0.959916993423082,0.999997068196745,0.999983379322086,"group_idyes"
"12711","GPHN","Exc L4-5 RORB GABRG1",0.00302006989808462,10.013495445296,0.0088821326132872,0.924963548870075,0.999997068196745,0.999983379322086,"group_idyes"
"12712","FAM71D","Exc L4-5 RORB GABRG1",0.0959598581699448,2.2678318937886,1.19288524140686,0.275431799063212,0.999997068196745,0.999983379322086,"group_idyes"
"12713","MPP5","Exc L4-5 RORB GABRG1",0.00611776776504933,5.19097788092919,0.036167942356357,0.849269396413412,0.999997068196745,0.999983379322086,"group_idyes"
"12714","ATP6V1D","Exc L4-5 RORB GABRG1",-0.0201460846444877,5.72739916731072,0.0824415172565826,0.77417018726865,0.999997068196745,0.999983379322086,"group_idyes"
"12715","EIF2S1","Exc L4-5 RORB GABRG1",0.00186343321154572,4.89864027520112,0.00276063310061333,0.958124317753732,0.999997068196745,0.999983379322086,"group_idyes"
"12716","TMEM229B","Exc L4-5 RORB GABRG1",-0.0227348056111532,4.220236885269,0.264688459679362,0.607212670735682,0.999997068196745,0.999983379322086,"group_idyes"
"12717","PLEKHH1","Exc L4-5 RORB GABRG1",-0.101608035591898,4.6638542811987,3.28482906685375,0.070702283347172,0.999997068196745,0.999983379322086,"group_idyes"
"12718","PIGH","Exc L4-5 RORB GABRG1",0.00182973468390026,3.84585948616633,0.00156608992711332,0.968453399816424,0.999997068196745,0.999983379322086,"group_idyes"
"12719","ARG2","Exc L4-5 RORB GABRG1",-0.0992234626194254,4.06344626050606,2.21029929683282,0.137911108267853,0.999997068196745,0.999983379322086,"group_idyes"
"12720","VTI1B","Exc L4-5 RORB GABRG1",-0.0319059615411833,3.80315455073232,0.280746582376867,0.596517932006812,0.999997068196745,0.999983379322086,"group_idyes"
"12721","RDH11","Exc L4-5 RORB GABRG1",-0.0763911409655163,3.16337012880694,1.14237442122554,0.285821302508441,0.999997068196745,0.999983379322086,"group_idyes"
"12722","RDH12","Exc L4-5 RORB GABRG1",0.0134966860455277,1.39933291539811,0.0142429683273176,0.905065190624286,0.999997068196745,0.999983379322086,"group_idyes"
"12723","ZFYVE26","Exc L4-5 RORB GABRG1",-0.0495387991183619,4.69759741463981,1.67437047407672,0.196450396351274,0.999997068196745,0.999983379322086,"group_idyes"
"12724","RAD51B","Exc L4-5 RORB GABRG1",-0.00520180995416204,5.29623553509451,0.0122379333257407,0.911971253857389,0.999997068196745,0.999983379322086,"group_idyes"
"12725","ZFP36L1","Exc L4-5 RORB GABRG1",0.0840579599231202,1.11604448133058,0.315374656271889,0.574727636041986,0.999997068196745,0.999983379322086,"group_idyes"
"12726","ACTN1","Exc L4-5 RORB GABRG1",0.0272731549137091,7.24737936760096,0.745298225736609,0.388506793790284,0.999997068196745,0.999983379322086,"group_idyes"
"12727","DCAF5","Exc L4-5 RORB GABRG1",0.00820053997409328,6.6141568635689,0.0977689327008595,0.840834340963086,0.999997068196745,0.999983379322086,"group_idyes"
"12728","AL359317.2","Exc L4-5 RORB GABRG1",0.0093537274444661,2.97752180596276,0.00977480681132081,0.921294868209881,0.999997068196745,0.999983379322086,"group_idyes"
"12729","EXD2","Exc L4-5 RORB GABRG1",0.00301285896658264,5.34678315857112,0.00612827668051055,0.937643391320063,0.999997068196745,0.999983379322086,"group_idyes"
"12730","AL359317.1","Exc L4-5 RORB GABRG1",0.0174189122811649,2.76763662094749,0.0644861289357254,0.799676649625654,0.999997068196745,0.999983379322086,"group_idyes"
"12731","GALNT16","Exc L4-5 RORB GABRG1",0.0823494357065092,5.4342293261022,2.22869034302218,0.136288216183477,0.999997068196745,0.999983379322086,"group_idyes"
"12732","ERH","Exc L4-5 RORB GABRG1",0.00906661442940913,5.05987311078938,0.0135318251341721,0.907454580560489,0.999997068196745,0.999983379322086,"group_idyes"
"12733","SLC39A9","Exc L4-5 RORB GABRG1",-0.0103756098672776,5.20002206862875,0.138833223116597,0.737559766731872,0.999997068196745,0.999983379322086,"group_idyes"
"12734","PLEKHD1","Exc L4-5 RORB GABRG1",0.0191500878609471,3.05996623077363,0.0450132372537166,0.832092046023413,0.999997068196745,0.999983379322086,"group_idyes"
"12735","CCDC177","Exc L4-5 RORB GABRG1",0.112576906559127,2.34082180642283,2.5215333392898,0.204720682916558,0.999997068196745,0.999983379322086,"group_idyes"
"12736","SUSD6","Exc L4-5 RORB GABRG1",-0.0710316972647379,5.23485769278488,3.55428428469642,0.0601452343040044,0.999997068196745,0.999983379322086,"group_idyes"
"12737","SRSF5","Exc L4-5 RORB GABRG1",-0.0106319581208822,6.85597229920208,0.0524767926188149,0.818929911108888,0.999997068196745,0.999983379322086,"group_idyes"
"12738","SLC10A1","Exc L4-5 RORB GABRG1",0.0613013561221008,1.45248355464831,0.210325773550862,0.646771146355712,0.999997068196745,0.999983379322086,"group_idyes"
"12739","SMOC1","Exc L4-5 RORB GABRG1",0.144875184271357,0.90680140728083,1.05570099197457,0.304843285257983,0.999997068196745,0.999983379322086,"group_idyes"
"12740","SLC8A3","Exc L4-5 RORB GABRG1",-0.041232835264548,6.44312869188766,0.472676564896991,0.492172644297135,0.999997068196745,0.999983379322086,"group_idyes"
"12741","AL160191.1","Exc L4-5 RORB GABRG1",-0.0259122065489818,2.27164233029058,0.0717749813651111,0.788913301908514,0.999997068196745,0.999983379322086,"group_idyes"
"12742","COX16","Exc L4-5 RORB GABRG1",0.144308918764802,1.25426230131607,1.53517362634713,0.21609298694116,0.999997068196745,0.999983379322086,"group_idyes"
"12743","SYNJ2BP-COX16","Exc L4-5 RORB GABRG1",0.0400315952589388,2.3334459545946,0.215764481228767,0.886140032656249,0.999997068196745,0.999983379322086,"group_idyes"
"12744","AL357153.2","Exc L4-5 RORB GABRG1",-0.0408287231433966,6.43618307509722,0.866293298116767,0.352567183823636,0.999997068196745,0.999983379322086,"group_idyes"
"12745","MED6","Exc L4-5 RORB GABRG1",-0.0307548671075752,4.81688217852539,0.503722121309902,0.478299126665741,0.999997068196745,0.999983379322086,"group_idyes"
"12746","TTC9","Exc L4-5 RORB GABRG1",0.0115165475413756,3.67821247171072,0.0427800389724603,0.836249423277902,0.999997068196745,0.999983379322086,"group_idyes"
"12747","MAP3K9","Exc L4-5 RORB GABRG1",-0.031004381690729,5.92377852141512,0.82280529118736,0.364929021142348,0.999997068196745,0.999983379322086,"group_idyes"
"12748","AC004816.1","Exc L4-5 RORB GABRG1",0.093487146910235,2.73175868614552,2.23758962874619,0.386627229971238,0.999997068196745,0.999983379322086,"group_idyes"
"12749","PCNX1","Exc L4-5 RORB GABRG1",-0.00547221953474773,7.27470180294028,0.028331363891472,0.8664205942882,0.999997068196745,0.999983379322086,"group_idyes"
"12750","AC004817.1","Exc L4-5 RORB GABRG1",0.112563214055675,2.54889005452424,1.44806466845875,0.229578684668598,0.999997068196745,0.999983379322086,"group_idyes"
"12751","AC004817.4","Exc L4-5 RORB GABRG1",0.118873530177621,2.37948345159717,2.04527277012287,0.153491214707342,0.999997068196745,0.999983379322086,"group_idyes"
"12752","AC005476.2","Exc L4-5 RORB GABRG1",0.0115666556577218,2.34196561244148,0.019838809937993,0.888061913532803,0.999997068196745,0.999983379322086,"group_idyes"
"12753","SIPA1L1","Exc L4-5 RORB GABRG1",0.00775524335684225,9.31095455043848,0.0437731662484694,0.834386940542342,0.999997068196745,0.999983379322086,"group_idyes"
"12754","RGS6","Exc L4-5 RORB GABRG1",0.0616384369577048,7.93802310514336,0.468609925907633,0.494039527167715,0.999997068196745,0.999983379322086,"group_idyes"
"12755","AC004828.1","Exc L4-5 RORB GABRG1",-0.0905956508807429,1.40720193464383,0.534745922293336,0.465063519838745,0.999997068196745,0.999983379322086,"group_idyes"
"12756","DPF3","Exc L4-5 RORB GABRG1",-0.0382379284524878,6.30972037218022,0.41747526972509,0.518584744015715,0.999997068196745,0.999983379322086,"group_idyes"
"12757","DCAF4","Exc L4-5 RORB GABRG1",-0.0628535324586454,3.71946473005187,1.84986361582933,0.336822349179341,0.999997068196745,0.999983379322086,"group_idyes"
"12758","ZFYVE1","Exc L4-5 RORB GABRG1",-0.0682043306416573,4.61342937676151,3.5208553577266,0.0613579414927117,0.999997068196745,0.999983379322086,"group_idyes"
"12759","RBM25","Exc L4-5 RORB GABRG1",0.0099373644976911,7.26984096408032,0.0910007726259552,0.763071704985761,0.999997068196745,0.999983379322086,"group_idyes"
"12760","PSEN1","Exc L4-5 RORB GABRG1",-0.0279161127431418,5.79268788071283,0.653746417821249,0.419276102762713,0.999997068196745,0.999983379322086,"group_idyes"
"12761","AC004846.2","Exc L4-5 RORB GABRG1",-0.126655185970313,0.83391051543641,1.06268548487734,0.610211645949418,0.999997068196745,0.999983379322086,"group_idyes"
"12762","NUMB","Exc L4-5 RORB GABRG1",-0.0465453158163734,6.77322707252885,2.53124779721587,0.112433237280675,0.999997068196745,0.999983379322086,"group_idyes"
"12763","AC005280.2","Exc L4-5 RORB GABRG1",0.0866898908457268,0.901853158324369,0.36978540680292,0.543480069749371,0.999997068196745,0.999983379322086,"group_idyes"
"12764","HEATR4","Exc L4-5 RORB GABRG1",0.0879687025620586,5.21502230733928,3.0594158928776,0.0810679394983039,0.999997068196745,0.999983379322086,"group_idyes"
"12765","RIOX1","Exc L4-5 RORB GABRG1",0.0102612934202523,1.89169523237388,0.011445700122177,0.914856978725165,0.999997068196745,0.999983379322086,"group_idyes"
"12766","AC005225.3","Exc L4-5 RORB GABRG1",-0.05574066164072,3.67722740578583,1.00397704974571,0.316979864696993,0.999997068196745,0.999983379322086,"group_idyes"
"12767","ACOT1","Exc L4-5 RORB GABRG1",-0.0185987297061841,0.933757460404942,0.0153712666072006,0.901395135946341,0.999997068196745,0.999983379322086,"group_idyes"
"12768","ACOT2","Exc L4-5 RORB GABRG1",0.00790910966979035,2.11499568800413,0.0076685540768283,0.930263784824088,0.999997068196745,0.999983379322086,"group_idyes"
"12769","ACOT4","Exc L4-5 RORB GABRG1",-0.0745518796113689,1.52433106590743,0.383891521880728,0.535894636214329,0.999997068196745,0.999983379322086,"group_idyes"
"12770","ACOT6","Exc L4-5 RORB GABRG1",-0.00390754127368071,1.96978895285508,0.000958988056023754,0.975311490989042,0.999997068196745,0.999983379322086,"group_idyes"
"12771","AC005225.2","Exc L4-5 RORB GABRG1",0.00452678355519735,4.53251415191482,0.00555384491926343,0.940632079966769,0.999997068196745,0.999983379322086,"group_idyes"
"12772","DNAL1","Exc L4-5 RORB GABRG1",-0.0109830034868661,5.27391737187705,0.11803305366675,0.731365341057595,0.999997068196745,0.999983379322086,"group_idyes"
"12773","PNMA1","Exc L4-5 RORB GABRG1",0.0265087652002951,5.73841337279315,0.125368977015953,0.723476783695099,0.999997068196745,0.999983379322086,"group_idyes"
"12774","ELMSAN1","Exc L4-5 RORB GABRG1",0.0521084580191295,4.85590602812421,1.78737757620384,0.182035984636541,0.999997068196745,0.999983379322086,"group_idyes"
"12775","AC005480.1","Exc L4-5 RORB GABRG1",0.0433021025130867,3.8637260094095,0.419059951356728,0.517792551465107,0.999997068196745,0.999983379322086,"group_idyes"
"12776","FAM161B","Exc L4-5 RORB GABRG1",-0.0430074489870377,2.47896120601601,0.304176911319943,0.581595821471235,0.999997068196745,0.999983379322086,"group_idyes"
"12777","COQ6","Exc L4-5 RORB GABRG1",-0.0358024638599574,3.8601441556944,0.55902269668151,0.455111029601522,0.999997068196745,0.999983379322086,"group_idyes"
"12778","ENTPD5","Exc L4-5 RORB GABRG1",0.0296300740727391,3.17118405983448,0.195093119979963,0.658959188865287,0.999997068196745,0.999983379322086,"group_idyes"
"12779","BBOF1","Exc L4-5 RORB GABRG1",-0.07098794472866,4.7948196012657,3.3188607237038,0.0692656053544972,0.999997068196745,0.999983379322086,"group_idyes"
"12780","ALDH6A1","Exc L4-5 RORB GABRG1",0.0113960333062364,3.46975314190748,0.05071255604783,0.821947545796196,0.999997068196745,0.999983379322086,"group_idyes"
"12781","LIN52","Exc L4-5 RORB GABRG1",-0.0795214300628638,5.84990281143546,4.91518556197636,0.0272055896300811,0.999997068196745,0.999983379322086,"group_idyes"
"12782","ABCD4","Exc L4-5 RORB GABRG1",0.0243760378568067,5.85733472526677,0.317053643310394,0.573711691977553,0.999997068196745,0.999983379322086,"group_idyes"
"12783","VRTN","Exc L4-5 RORB GABRG1",-0.126978244228928,0.582925907575655,0.856787699564947,0.355219435799926,0.999997068196745,0.999983379322086,"group_idyes"
"12784","SYNDIG1L","Exc L4-5 RORB GABRG1",-0.157205243138561,0.548254969563306,1.20805744718063,0.272404495760276,0.999997068196745,0.999983379322086,"group_idyes"
"12785","NPC2","Exc L4-5 RORB GABRG1",-0.117629213842284,1.87692579372822,1.92183501358988,0.166457373569665,0.999997068196745,0.999983379322086,"group_idyes"
"12786","ISCA2","Exc L4-5 RORB GABRG1",-0.0617404752022406,2.47909685292859,0.365010175026901,0.546092883109515,0.999997068196745,0.999983379322086,"group_idyes"
"12787","LTBP2","Exc L4-5 RORB GABRG1",0.139661330166911,1.22187566764608,1.17988776294244,0.278058948673467,0.999997068196745,0.999983379322086,"group_idyes"
"12788","AREL1","Exc L4-5 RORB GABRG1",-0.0700523835256912,4.82670303663688,3.70655930242854,0.185351632896559,0.999997068196745,0.999983379322086,"group_idyes"
"12789","FCF1","Exc L4-5 RORB GABRG1",-0.0280905126225449,4.03778489413836,0.403655567307964,0.525585075624644,0.999997068196745,0.999983379322086,"group_idyes"
"12790","YLPM1","Exc L4-5 RORB GABRG1",0.00688503529677368,7.40448111995105,0.0753519018366355,0.783845428419945,0.999997068196745,0.999983379322086,"group_idyes"
"12791","DLST","Exc L4-5 RORB GABRG1",-0.00220302227101895,4.85814893393869,0.00225786538687674,0.962125836739436,0.999997068196745,0.999983379322086,"group_idyes"
"12792","RPS6KL1","Exc L4-5 RORB GABRG1",-0.0960967652973617,4.66474615391124,1.60639058274108,0.205766513898217,0.999997068196745,0.999983379322086,"group_idyes"
"12793","EIF2B2","Exc L4-5 RORB GABRG1",0.0543420788360128,2.91356115779516,0.645790382495227,0.422117982140887,0.999997068196745,0.999983379322086,"group_idyes"
"12794","AL049780.1","Exc L4-5 RORB GABRG1",0.157389070410528,2.64432703546271,5.18412418078847,0.0233426095350273,0.999997068196745,0.999983379322086,"group_idyes"
"12795","MLH3","Exc L4-5 RORB GABRG1",0.020867762331728,5.86729399253072,0.492593776158914,0.483196913330917,0.999997068196745,0.999983379322086,"group_idyes"
"12796","ACYP1","Exc L4-5 RORB GABRG1",-0.0392077548269877,4.60712321154992,0.379617003086214,0.538172638808869,0.999997068196745,0.999983379322086,"group_idyes"
"12797","ZC2HC1C","Exc L4-5 RORB GABRG1",0.0145459624328363,2.50992108645028,0.0464965361201328,0.829390006411518,0.999997068196745,0.999983379322086,"group_idyes"
"12798","NEK9","Exc L4-5 RORB GABRG1",-0.0317392653076362,5.62597918307781,0.866190285471928,0.352595780784938,0.999997068196745,0.999983379322086,"group_idyes"
"12799","AL049780.2","Exc L4-5 RORB GABRG1",-0.0692337239913995,1.82752897672823,0.468929889917429,0.493892209584381,0.999997068196745,0.999983379322086,"group_idyes"
"12800","TMED10","Exc L4-5 RORB GABRG1",0.00140929702295273,5.37607027432165,0.00187764591459419,0.965459512940086,0.999997068196745,0.999983379322086,"group_idyes"
"12801","AL691403.1","Exc L4-5 RORB GABRG1",-0.126148512899342,0.793459643188263,0.860847259753262,0.354083403293185,0.999997068196745,0.999983379322086,"group_idyes"
"12802","FOS","Exc L4-5 RORB GABRG1",-0.1702352670009,1.40468462638759,0.391255918745047,0.532010830886523,0.999997068196745,0.999983379322086,"group_idyes"
"12803","AF111167.2","Exc L4-5 RORB GABRG1",-0.0525529027947097,1.59720074978784,0.301947588624523,0.582982837781736,0.999997068196745,0.999983379322086,"group_idyes"
"12804","JDP2","Exc L4-5 RORB GABRG1",-0.00127169440323798,5.41408573373839,0.00114996183839698,0.972965638248673,0.999997068196745,0.999983379322086,"group_idyes"
"12805","TTLL5","Exc L4-5 RORB GABRG1",-0.00883501048068173,6.90380709076037,0.0831606710054253,0.773214297468068,0.999997068196745,0.999983379322086,"group_idyes"
"12806","ERG28","Exc L4-5 RORB GABRG1",0.0487047502464781,4.21166401202569,0.617750171969707,0.432368367224348,0.999997068196745,0.999983379322086,"group_idyes"
"12807","AF107885.2","Exc L4-5 RORB GABRG1",-0.145903343105559,1.71404074574923,1.41881064981427,0.234333599717454,0.999997068196745,0.999983379322086,"group_idyes"
"12808","IFT43","Exc L4-5 RORB GABRG1",-0.0562635679040667,6.33450820504182,3.47464346881195,0.063077609440596,0.999997068196745,0.999983379322086,"group_idyes"
"12809","TGFB3","Exc L4-5 RORB GABRG1",-0.0442210407041512,1.69400250322109,0.214939465624062,0.643185321271411,0.999997068196745,0.999983379322086,"group_idyes"
"12810","GPATCH2L","Exc L4-5 RORB GABRG1",-0.00558410601829064,6.85676899476466,0.0559426840378387,0.813153468568185,0.999997068196745,0.999983379322086,"group_idyes"
"12811","ESRRB","Exc L4-5 RORB GABRG1",-0.0831499333283447,2.03963708877301,0.581929365482034,0.446024534218902,0.999997068196745,0.999983379322086,"group_idyes"
"12812","AC008050.1","Exc L4-5 RORB GABRG1",-0.0060140184611402,4.43665042498093,0.0102365601924188,0.919463543564516,0.999997068196745,0.999983379322086,"group_idyes"
"12813","AC007376.2","Exc L4-5 RORB GABRG1",-0.0390354504416325,4.06000497201602,0.496199741560591,0.481600865922794,0.999997068196745,0.999983379322086,"group_idyes"
"12814","VASH1","Exc L4-5 RORB GABRG1",-0.0853542599666565,3.85560693646207,2.10344543168093,0.147782392851517,0.999997068196745,0.999983379322086,"group_idyes"
"12815","VASH1-AS1","Exc L4-5 RORB GABRG1",0.0460921452491592,3.28224818290939,0.638477869520282,0.424755532997781,0.999997068196745,0.999983379322086,"group_idyes"
"12816","ANGEL1","Exc L4-5 RORB GABRG1",-0.0167957462411212,4.53449963704051,0.164809134337359,0.684992606306152,0.999997068196745,0.999983379322086,"group_idyes"
"12817","IRF2BPL","Exc L4-5 RORB GABRG1",0.0421604501869452,4.28466779195539,0.38267806594014,0.53653952856178,0.999997068196745,0.999983379322086,"group_idyes"
"12818","AC007686.3","Exc L4-5 RORB GABRG1",-0.065441937829254,1.97400185800915,0.702382751573379,0.402504569700131,0.999997068196745,0.999983379322086,"group_idyes"
"12819","LINC02288","Exc L4-5 RORB GABRG1",-0.291886269141455,0.714940883365499,2.74394788814035,0.0984385963120551,0.999997068196745,0.999983379322086,"group_idyes"
"12820","AC007686.2","Exc L4-5 RORB GABRG1",-0.286461783516681,1.33922410354233,3.78514945396453,0.0524372753719616,0.999997068196745,0.999983379322086,"group_idyes"
"12821","TMEM63C","Exc L4-5 RORB GABRG1",0.0782912399847511,5.02532829933151,2.92822291165119,0.0878492631153453,0.999997068196745,0.999983379322086,"group_idyes"
"12822","ZDHHC22","Exc L4-5 RORB GABRG1",0.0464880209961892,5.27276543646288,0.473309646041376,0.491883078674577,0.999997068196745,0.999983379322086,"group_idyes"
"12823","NGB","Exc L4-5 RORB GABRG1",0.0493643255385848,4.60917211265955,0.32477709007651,0.569083453977913,0.999997068196745,0.999983379322086,"group_idyes"
"12824","POMT2","Exc L4-5 RORB GABRG1",0.0220656714483982,4.36433293675741,0.297387847274694,0.585840666468363,0.999997068196745,0.999983379322086,"group_idyes"
"12825","GSTZ1","Exc L4-5 RORB GABRG1",-0.0192386942956315,2.50066328268017,0.0575310497588213,0.810569392020708,0.999997068196745,0.999983379322086,"group_idyes"
"12826","TMED8","Exc L4-5 RORB GABRG1",-0.026606981128445,6.21248155352199,0.947333439166915,0.33101052358886,0.999997068196745,0.999983379322086,"group_idyes"
"12827","SAMD15","Exc L4-5 RORB GABRG1",0.0670405120909165,2.23162010422895,0.628199149982734,0.428505113522926,0.999997068196745,0.999983379322086,"group_idyes"
"12828","NOXRED1","Exc L4-5 RORB GABRG1",0.0560402725861036,2.34911783466516,0.483238031316037,0.487378904147601,0.999997068196745,0.999983379322086,"group_idyes"
"12829","VIPAS39","Exc L4-5 RORB GABRG1",-0.00371479195928833,4.29893422064729,0.00732287294784431,0.931849751897776,0.999997068196745,0.999983379322086,"group_idyes"
"12830","AHSA1","Exc L4-5 RORB GABRG1",0.0919306577352,5.1410518807936,1.62609982724049,0.203012844561012,0.999997068196745,0.999983379322086,"group_idyes"
"12831","ISM2","Exc L4-5 RORB GABRG1",0.0991770793995728,0.378430524775168,0.393317263754007,0.530932839098965,0.999997068196745,0.999983379322086,"group_idyes"
"12832","SPTLC2","Exc L4-5 RORB GABRG1",-0.0518687699367549,5.00516618902221,1.89107871976735,0.16988053802963,0.999997068196745,0.999983379322086,"group_idyes"
"12833","ALKBH1","Exc L4-5 RORB GABRG1",-0.0485552277300979,4.54374906536282,1.56933011523139,0.211065219007513,0.999997068196745,0.999983379322086,"group_idyes"
"12834","SLIRP","Exc L4-5 RORB GABRG1",0.00495920383606199,4.46828450884964,0.00536024443615414,0.941674120547495,0.999997068196745,0.999983379322086,"group_idyes"
"12835","SNW1","Exc L4-5 RORB GABRG1",0.0377211256586,4.87529719228016,1.46080024890023,0.321456587581685,0.999997068196745,0.999983379322086,"group_idyes"
"12836","C14orf178","Exc L4-5 RORB GABRG1",-0.0399503242631458,1.34081598443552,0.143727834225095,0.704811955726014,0.999997068196745,0.999983379322086,"group_idyes"
"12837","ADCK1","Exc L4-5 RORB GABRG1",-0.11270016482563,3.42257709251432,2.48781491661813,0.115552769560799,0.999997068196745,0.999983379322086,"group_idyes"
"12838","NRXN3","Exc L4-5 RORB GABRG1",-0.0258570880645565,11.5349595338617,0.317521986437521,0.573428932896459,0.999997068196745,0.999983379322086,"group_idyes"
"12839","AC008056.2","Exc L4-5 RORB GABRG1",0.0226469593902536,1.88648356677065,0.0171281113338607,0.895943063843379,0.999997068196745,0.999983379322086,"group_idyes"
"12840","AC008056.1","Exc L4-5 RORB GABRG1",-0.0939678248243893,3.53231049644178,0.625329495719991,0.429560867849657,0.999997068196745,0.999983379322086,"group_idyes"
"12841","AF123462.1","Exc L4-5 RORB GABRG1",0.142307948622467,3.45164944902119,2.68264504543706,0.102264668749008,0.999997068196745,0.999983379322086,"group_idyes"
"12842","DIO2","Exc L4-5 RORB GABRG1",-0.076938819280658,2.69932127774947,0.73149790617819,0.392930394037392,0.999997068196745,0.999983379322086,"group_idyes"
"12843","DIO2-AS1","Exc L4-5 RORB GABRG1",0.0895213514936806,1.22988824222247,0.422374702968093,0.516142339405608,0.999997068196745,0.999983379322086,"group_idyes"
"12844","CEP128","Exc L4-5 RORB GABRG1",0.0792546779675168,5.28718090766713,2.42417227486338,0.120298528931759,0.999997068196745,0.999983379322086,"group_idyes"
"12845","TSHR","Exc L4-5 RORB GABRG1",0.196334365805406,2.13020779714753,3.26928363877443,0.0713691802004332,0.999997068196745,0.999983379322086,"group_idyes"
"12846","AC007262.2","Exc L4-5 RORB GABRG1",0.0626474537387954,5.00093552197962,0.434104650272276,0.510375826476793,0.999997068196745,0.999983379322086,"group_idyes"
"12847","GTF2A1","Exc L4-5 RORB GABRG1",0.0231347218735309,5.82166537674084,0.501142461781198,0.479427201680716,0.999997068196745,0.999983379322086,"group_idyes"
"12848","STON2","Exc L4-5 RORB GABRG1",0.107047286709369,0.599281933035228,0.573914473933339,0.449171332481279,0.999997068196745,0.999983379322086,"group_idyes"
"12849","SEL1L","Exc L4-5 RORB GABRG1",0.0066569326897922,5.70045220543081,0.0363631561153572,0.848868071154363,0.999997068196745,0.999983379322086,"group_idyes"
"12850","AL355838.1","Exc L4-5 RORB GABRG1",-0.102947213067237,0.8652261215751,0.614993631883664,0.433396353229323,0.999997068196745,0.999983379322086,"group_idyes"
"12851","LINC02301","Exc L4-5 RORB GABRG1",0.0302762766467186,2.72848830296858,0.0798206556891392,0.777692532636121,0.999997068196745,0.999983379322086,"group_idyes"
"12852","AL049775.2","Exc L4-5 RORB GABRG1",-0.138932654573413,1.59340902783649,1.21731304286404,0.270578248770065,0.999997068196745,0.999983379322086,"group_idyes"
"12853","AL049775.1","Exc L4-5 RORB GABRG1",0.0815569506546987,3.26364503562736,1.85070867648317,0.315988058557888,0.999997068196745,0.999983379322086,"group_idyes"
"12854","FLRT2","Exc L4-5 RORB GABRG1",0.0259912927457079,9.27357864134533,0.311568029927386,0.577044246929792,0.999997068196745,0.999983379322086,"group_idyes"
"12855","LINC02328","Exc L4-5 RORB GABRG1",-0.0281450842999804,3.14896858383917,0.120448336640859,0.728738501185497,0.999997068196745,0.999983379322086,"group_idyes"
"12856","LINC02296","Exc L4-5 RORB GABRG1",-0.0497752173778822,6.60432811679724,0.30516377979026,0.580983938764885,0.999997068196745,0.999983379322086,"group_idyes"
"12857","LINC02330","Exc L4-5 RORB GABRG1",-0.0757038767517306,1.09750296959836,0.303244496802021,0.582175132394453,0.999997068196745,0.999983379322086,"group_idyes"
"12858","AL359237.1","Exc L4-5 RORB GABRG1",-0.123944178167622,2.20412214148863,1.17245940186304,0.2795746383439,0.999997068196745,0.999983379322086,"group_idyes"
"12859","AL136501.1","Exc L4-5 RORB GABRG1",-0.204982963605783,0.652105500058648,1.18638626121217,0.276741490595103,0.999997068196745,0.999983379322086,"group_idyes"
"12860","GALC","Exc L4-5 RORB GABRG1",0.0157574520570147,4.84537755868553,0.177477097118607,0.673785667838535,0.999997068196745,0.999983379322086,"group_idyes"
"12861","AL157955.1","Exc L4-5 RORB GABRG1",-0.0388420822369561,1.1543548476079,0.0970274062808249,0.755595173319249,0.999997068196745,0.999983379322086,"group_idyes"
"12862","AL157955.2","Exc L4-5 RORB GABRG1",0.0955620404975765,1.32702314532196,0.628135330031881,0.428528550353283,0.999997068196745,0.999983379322086,"group_idyes"
"12863","KCNK10","Exc L4-5 RORB GABRG1",-0.00102825137092269,5.89187042858177,0.000555806028416532,0.981203406631015,0.999997068196745,0.999983379322086,"group_idyes"
"12864","SPATA7","Exc L4-5 RORB GABRG1",-0.031864552940774,6.55012565709869,0.517814047344822,0.472212527821089,0.999997068196745,0.999983379322086,"group_idyes"
"12865","PTPN21","Exc L4-5 RORB GABRG1",0.00910619913127897,4.2701254901927,0.0393554788663433,0.842850864709241,0.999997068196745,0.999983379322086,"group_idyes"
"12866","AL162171.2","Exc L4-5 RORB GABRG1",0.0261719983713781,0.453130327372903,0.0262776658490535,0.871309156589712,0.999997068196745,0.999983379322086,"group_idyes"
"12867","ZC3H14","Exc L4-5 RORB GABRG1",0.019723070157557,7.01932375503659,0.822919020075639,0.36489591719889,0.999997068196745,0.999983379322086,"group_idyes"
"12868","EML5","Exc L4-5 RORB GABRG1",-0.0242010174343214,6.50136473379357,0.467950133886833,0.494343541535538,0.999997068196745,0.999983379322086,"group_idyes"
"12869","TTC8","Exc L4-5 RORB GABRG1",-0.031095317971879,5.8923455052883,0.228400598396537,0.632983727488845,0.999997068196745,0.999983379322086,"group_idyes"
"12870","FOXN3","Exc L4-5 RORB GABRG1",-0.0207514440670952,7.19429918969478,0.256899107394139,0.612548924433498,0.999997068196745,0.999983379322086,"group_idyes"
"12871","AL356805.1","Exc L4-5 RORB GABRG1",-0.137349843264199,0.848128035196443,0.656452911915104,0.418315862142311,0.999997068196745,0.999983379322086,"group_idyes"
"12872","EFCAB11","Exc L4-5 RORB GABRG1",-0.0598276916002233,5.49278643532888,1.00082395926972,0.31774000446704,0.999997068196745,0.999983379322086,"group_idyes"
"12873","TDP1","Exc L4-5 RORB GABRG1",-0.0441063542579486,4.76962568020144,1.04479135785152,0.307352028453177,0.999997068196745,0.999983379322086,"group_idyes"
"12874","KCNK13","Exc L4-5 RORB GABRG1",-0.292902069896432,0.769630090881448,3.83314105619469,0.0509711186631098,0.999997068196745,0.999983379322086,"group_idyes"
"12875","PSMC1","Exc L4-5 RORB GABRG1",-0.0197463134492302,5.09121136909259,0.105117790616402,0.745948630717061,0.999997068196745,0.999983379322086,"group_idyes"
"12876","NRDE2","Exc L4-5 RORB GABRG1",0.00736338384802435,5.13962057962794,0.0427808203276751,0.836247949131824,0.999997068196745,0.999983379322086,"group_idyes"
"12877","CALM1","Exc L4-5 RORB GABRG1",0.0617023729796438,9.84168904061124,0.649789945505167,0.420685757411589,0.999997068196745,0.999983379322086,"group_idyes"
"12878","AL512791.1","Exc L4-5 RORB GABRG1",0.0854286836837118,0.685488039274418,0.324808261890428,0.569064922694493,0.999997068196745,0.999983379322086,"group_idyes"
"12879","TTC7B","Exc L4-5 RORB GABRG1",0.0019105215000916,7.29792080917069,0.00293362109701112,0.956833482662873,0.999997068196745,0.999983379322086,"group_idyes"
"12880","RPS6KA5","Exc L4-5 RORB GABRG1",0.0397497490303427,7.92361923220777,1.31209350932156,0.252727986431292,0.999997068196745,0.999983379322086,"group_idyes"
"12881","DGLUCY","Exc L4-5 RORB GABRG1",0.00512533705173976,6.08237264141816,0.0178313506110877,0.893840833118579,0.999997068196745,0.999983379322086,"group_idyes"
"12882","GPR68","Exc L4-5 RORB GABRG1",-0.116344419191156,2.44821049305073,1.69302060389263,0.19398195588956,0.999997068196745,0.999983379322086,"group_idyes"
"12883","AL135818.2","Exc L4-5 RORB GABRG1",-0.0177017839878558,0.736891004936422,0.0143243354472148,0.904795697333355,0.999997068196745,0.999983379322086,"group_idyes"
"12884","CCDC88C","Exc L4-5 RORB GABRG1",0.0337902219137513,2.42858686684424,0.107503091629829,0.743183290248262,0.999997068196745,0.999983379322086,"group_idyes"
"12885","PPP4R3A","Exc L4-5 RORB GABRG1",-0.0112242512067671,5.81464098986496,0.174453470279748,0.892334340016164,0.999997068196745,0.999983379322086,"group_idyes"
"12886","CATSPERB","Exc L4-5 RORB GABRG1",0.0487097065512017,5.01059171091405,0.91298438487896,0.339923800332753,0.999997068196745,0.999983379322086,"group_idyes"
"12887","TC2N","Exc L4-5 RORB GABRG1",-0.00377665542478411,4.44372648351019,0.00587510109207705,0.938942455389879,0.999997068196745,0.999983379322086,"group_idyes"
"12888","FBLN5","Exc L4-5 RORB GABRG1",-0.0575613859509833,3.90188108771423,1.15472523998014,0.28323563922805,0.999997068196745,0.999983379322086,"group_idyes"
"12889","TRIP11","Exc L4-5 RORB GABRG1",0.0402971086617672,6.56966102449968,1.33879955025377,0.247963669442902,0.999997068196745,0.999983379322086,"group_idyes"
"12890","ATXN3","Exc L4-5 RORB GABRG1",-0.000531725643057301,5.9893783453499,0.000357156574072323,0.98493180404725,0.999997068196745,0.999983379322086,"group_idyes"
"12891","NDUFB1","Exc L4-5 RORB GABRG1",-0.0507386499962883,4.55997884688286,0.822625746060042,0.364981291216715,0.999997068196745,0.999983379322086,"group_idyes"
"12892","CPSF2","Exc L4-5 RORB GABRG1",0.0444463396092996,4.61723952730318,1.55148804447909,0.470612828587816,0.999997068196745,0.999983379322086,"group_idyes"
"12893","SLC24A4","Exc L4-5 RORB GABRG1",-0.0304256153884779,1.90159996784177,0.0455308601425591,0.831143906147187,0.999997068196745,0.999983379322086,"group_idyes"
"12894","RIN3","Exc L4-5 RORB GABRG1",-0.148803565648155,1.79892427017766,1.51486989983556,0.219149410900635,0.999997068196745,0.999983379322086,"group_idyes"
"12895","LGMN","Exc L4-5 RORB GABRG1",-0.0314928120152843,4.63620682055435,0.572495753061597,0.449731953464615,0.999997068196745,0.999983379322086,"group_idyes"
"12896","GOLGA5","Exc L4-5 RORB GABRG1",0.0151915481439079,4.48918448890508,0.185742380536184,0.666725441042425,0.999997068196745,0.999983379322086,"group_idyes"
"12897","CHGA","Exc L4-5 RORB GABRG1",0.0603406311508122,7.27402780072649,0.792140062909187,0.374009997613629,0.999997068196745,0.999983379322086,"group_idyes"
"12898","ITPK1","Exc L4-5 RORB GABRG1",-0.0425194943450575,7.62234770056854,1.83266494187196,0.176607827197668,0.999997068196745,0.999983379322086,"group_idyes"
"12899","ITPK1-AS1","Exc L4-5 RORB GABRG1",0.00728606010873254,0.730027891263529,0.00222215489882749,0.962426315950763,0.999997068196745,0.999983379322086,"group_idyes"
"12900","MOAP1","Exc L4-5 RORB GABRG1",0.0560432014923485,5.81212927670393,0.37622691578977,0.539991926847993,0.999997068196745,0.999983379322086,"group_idyes"
"12901","AL110118.2","Exc L4-5 RORB GABRG1",-0.0131725276345732,2.16267471596226,0.029558368420076,0.863586516775599,0.999997068196745,0.999983379322086,"group_idyes"
"12902","GON7","Exc L4-5 RORB GABRG1",0.0404865749488145,2.92856147776096,0.35883123708993,0.68958804864252,0.999997068196745,0.999983379322086,"group_idyes"
"12903","UBR7","Exc L4-5 RORB GABRG1",0.0629142253941447,3.9293682588859,1.76223296236682,0.606164159876112,0.999997068196745,0.999983379322086,"group_idyes"
"12904","BTBD7","Exc L4-5 RORB GABRG1",-0.00928358328563527,6.4129609929573,0.113545493632657,0.736326934103404,0.999997068196745,0.999983379322086,"group_idyes"
"12905","UNC79","Exc L4-5 RORB GABRG1",-0.031513215520636,9.08996387385772,1.10217556851088,0.294448167084129,0.999997068196745,0.999983379322086,"group_idyes"
"12906","ASB2","Exc L4-5 RORB GABRG1",-0.0604239477771025,2.55697867791812,0.460419609347483,0.497835869249245,0.999997068196745,0.999983379322086,"group_idyes"
"12907","OTUB2","Exc L4-5 RORB GABRG1",0.13157957894535,1.33237953131993,1.58650993704862,0.208589053734253,0.999997068196745,0.999983379322086,"group_idyes"
"12908","DDX24","Exc L4-5 RORB GABRG1",0.0186665883798809,7.61263656540829,0.129494797137669,0.719153877679646,0.999997068196745,0.999983379322086,"group_idyes"
"12909","IFI27L1","Exc L4-5 RORB GABRG1",0.0170528467915165,2.37467189437346,0.0481844760526743,0.859334888019966,0.999997068196745,0.999983379322086,"group_idyes"
"12910","IFI27","Exc L4-5 RORB GABRG1",-0.225054253304565,1.27663658732685,4.4711759885571,0.0351139313169411,0.999997068196745,0.999983379322086,"group_idyes"
"12911","IFI27L2","Exc L4-5 RORB GABRG1",0.0279495041879469,1.12249805296284,0.0394303701374413,0.842703370782427,0.999997068196745,0.999983379322086,"group_idyes"
"12912","PPP4R4","Exc L4-5 RORB GABRG1",-0.0171756514519486,4.55987054512115,0.0457059190894627,0.830824523486912,0.999997068196745,0.999983379322086,"group_idyes"
"12913","DICER1","Exc L4-5 RORB GABRG1",0.0110198859599932,6.67859359042565,0.202812783876649,0.652713630100864,0.999997068196745,0.999983379322086,"group_idyes"
"12914","DICER1-AS1","Exc L4-5 RORB GABRG1",-0.0127781758749468,3.64245380596036,0.0544802643843919,0.815567126746398,0.999997068196745,0.999983379322086,"group_idyes"
"12915","CLMN","Exc L4-5 RORB GABRG1",0.00579264097900636,2.75958163668223,0.00342989075846079,0.95332878080051,0.999997068196745,0.999983379322086,"group_idyes"
"12916","SYNE3","Exc L4-5 RORB GABRG1",-0.0165436505979073,2.74088816218282,0.046758203320888,0.828918045075515,0.999997068196745,0.999983379322086,"group_idyes"
"12917","SNHG10","Exc L4-5 RORB GABRG1",-0.0227088144949943,2.55591586481016,0.0802429952482109,0.995666779060618,0.999997068196745,0.999983379322086,"group_idyes"
"12918","GLRX5","Exc L4-5 RORB GABRG1",0.0958390511569166,4.31275454484988,1.61475409537304,0.204592646470587,0.999997068196745,0.999983379322086,"group_idyes"
"12919","TUNAR","Exc L4-5 RORB GABRG1",-0.108167511981436,0.425247748727454,0.382146942145318,0.536822239946754,0.999997068196745,0.999983379322086,"group_idyes"
"12920","C14orf132","Exc L4-5 RORB GABRG1",0.0546914039221743,5.75227406095902,1.55977080401697,0.212458154371104,0.999997068196745,0.999983379322086,"group_idyes"
"12921","ATG2B","Exc L4-5 RORB GABRG1",-0.000852730723976196,6.29775010224859,0.000624496363236232,0.980075955999423,0.999997068196745,0.999983379322086,"group_idyes"
"12922","GSKIP","Exc L4-5 RORB GABRG1",-0.00695284952768306,3.97474088919088,0.0222560839318394,0.881486036860072,0.999997068196745,0.999983379322086,"group_idyes"
"12923","AK7","Exc L4-5 RORB GABRG1",-0.00511253250640219,1.90161868630091,0.00274593623725014,0.958235831376107,0.999997068196745,0.999983379322086,"group_idyes"
"12924","PAPOLA","Exc L4-5 RORB GABRG1",0.054298778276099,6.59135729594171,1.17092579305575,0.279888857152015,0.999997068196745,0.999983379322086,"group_idyes"
"12925","AL137786.1","Exc L4-5 RORB GABRG1",-0.0748727307410023,2.67808068388019,0.87811371128033,0.349306698656897,0.999997068196745,0.999983379322086,"group_idyes"
"12926","LINC02299","Exc L4-5 RORB GABRG1",-0.354439696805628,0.832109642505352,2.83913515547045,0.0928046377538307,0.999997068196745,0.999983379322086,"group_idyes"
"12927","VRK1","Exc L4-5 RORB GABRG1",0.0181549671305823,5.18102306750565,0.239229020073731,0.691767128244884,0.999997068196745,0.999983379322086,"group_idyes"
"12928","BCL11B","Exc L4-5 RORB GABRG1",0.00709051114827183,0.749082902059256,0.0026845988538689,0.958704496443523,0.999997068196745,0.999983379322086,"group_idyes"
"12929","SETD3","Exc L4-5 RORB GABRG1",-0.0390150347623437,5.99250017190366,1.0561152763838,0.304748542775127,0.999997068196745,0.999983379322086,"group_idyes"
"12930","CCNK","Exc L4-5 RORB GABRG1",0.00812841820963658,4.31096678159781,0.0542590291451611,0.815935228655553,0.999997068196745,0.999983379322086,"group_idyes"
"12931","CCDC85C","Exc L4-5 RORB GABRG1",0.0266082120190915,1.92829037298201,0.0797153847135326,0.777835309387501,0.999997068196745,0.999983379322086,"group_idyes"
"12932","AL160313.1","Exc L4-5 RORB GABRG1",0.00145845977711306,1.58966428059934,0.0002093882520477,0.988462311379519,0.999997068196745,0.999983379322086,"group_idyes"
"12933","HHIPL1","Exc L4-5 RORB GABRG1",0.00734942280967046,2.68721128660521,0.0067059855188069,0.934776706856433,0.999997068196745,0.999983379322086,"group_idyes"
"12934","CYP46A1","Exc L4-5 RORB GABRG1",0.0397629688177934,5.70511185291745,0.948360178852192,0.330748936898476,0.999997068196745,0.999983379322086,"group_idyes"
"12935","EML1","Exc L4-5 RORB GABRG1",-0.0809871129117771,4.77057518571727,3.90051591334325,0.0954843458976858,0.999997068196745,0.999983379322086,"group_idyes"
"12936","EVL","Exc L4-5 RORB GABRG1",-0.0248314800327161,7.97751170441429,0.743495185951832,0.389080677402323,0.999997068196745,0.999983379322086,"group_idyes"
"12937","AL157912.1","Exc L4-5 RORB GABRG1",0.00197867526663513,1.56552837201811,0.000270133197728682,0.9868952955745,0.999997068196745,0.999983379322086,"group_idyes"
"12938","DEGS2","Exc L4-5 RORB GABRG1",0.130673081078015,1.70591724318563,1.95561329284498,0.162788784770388,0.999997068196745,0.999983379322086,"group_idyes"
"12939","AL133523.1","Exc L4-5 RORB GABRG1",0.0686473653028409,3.21201840253276,0.776156301799148,0.378869290325095,0.999997068196745,0.999983379322086,"group_idyes"
"12940","YY1","Exc L4-5 RORB GABRG1",0.0551816205905432,6.1407619288057,3.39187599923052,0.0662879087922121,0.999997068196745,0.999983379322086,"group_idyes"
"12941","SLC25A29","Exc L4-5 RORB GABRG1",-0.0286163528202256,4.80825599260267,0.281463234337429,0.59604984716711,0.999997068196745,0.999983379322086,"group_idyes"
"12942","WARS","Exc L4-5 RORB GABRG1",-0.00653669457151368,4.53693865142,0.0208912033267084,0.980182689301436,0.999997068196745,0.999983379322086,"group_idyes"
"12943","AL157871.4","Exc L4-5 RORB GABRG1",0.0112402848156486,1.19703264598112,0.00783951804660971,0.929492726822424,0.999997068196745,0.999983379322086,"group_idyes"
"12944","WDR25","Exc L4-5 RORB GABRG1",0.024300550416243,4.63396038147885,0.33830576254728,0.561149435092501,0.999997068196745,0.999983379322086,"group_idyes"
"12945","BEGAIN","Exc L4-5 RORB GABRG1",-0.0535645252479556,4.89461801063747,0.843328979677931,0.359021767006896,0.999997068196745,0.999983379322086,"group_idyes"
"12946","MEG3","Exc L4-5 RORB GABRG1",-0.0144629899885232,5.54650983123716,0.0515728024569324,0.820469358909145,0.999997068196745,0.999983379322086,"group_idyes"
"12947","AL117190.2","Exc L4-5 RORB GABRG1",-0.171731214536709,4.55667554679953,3.30422556547329,0.0698795588447077,0.999997068196745,0.999983379322086,"group_idyes"
"12948","AL117190.1","Exc L4-5 RORB GABRG1",-0.0878872950554511,3.48607700625821,1.4333457416145,0.231956333454265,0.999997068196745,0.999983379322086,"group_idyes"
"12949","MEG8","Exc L4-5 RORB GABRG1",-0.0767481147146454,6.89932456410041,2.37883372090039,0.123811427575504,0.999997068196745,0.999983379322086,"group_idyes"
"12950","MEG9","Exc L4-5 RORB GABRG1",-0.0515709962098116,2.50280071270938,0.307008238794508,0.579843784184887,0.999997068196745,0.999983379322086,"group_idyes"
"12951","AL132709.1","Exc L4-5 RORB GABRG1",0.00151436297061654,0.419215516358413,5.27484532642115e-05,0.99420892899067,0.999997068196745,0.999983379322086,"group_idyes"
"12952","LINC02320","Exc L4-5 RORB GABRG1",-0.00328005631401955,2.44350907504824,0.00090586019954552,0.976004892051316,0.999997068196745,0.999983379322086,"group_idyes"
"12953","PPP2R5C","Exc L4-5 RORB GABRG1",-0.026796186810013,7.28212272631432,0.828122409166749,0.36338577378293,0.999997068196745,0.999983379322086,"group_idyes"
"12954","AL137779.2","Exc L4-5 RORB GABRG1",0.0546435907761124,1.2136956765367,0.159925750620783,0.689446820772667,0.999997068196745,0.999983379322086,"group_idyes"
"12955","AL118558.3","Exc L4-5 RORB GABRG1",0.00193169184132235,1.12797851557039,0.000237860391152396,0.987702929681362,0.999997068196745,0.999983379322086,"group_idyes"
"12956","DYNC1H1","Exc L4-5 RORB GABRG1",-0.0119392644759856,7.81067730304177,0.157703500785351,0.69149991931061,0.999997068196745,0.999983379322086,"group_idyes"
"12957","HSP90AA1","Exc L4-5 RORB GABRG1",0.0444571394052528,8.27103442468956,0.245029474264221,0.620879504590153,0.999997068196745,0.999983379322086,"group_idyes"
"12958","WDR20","Exc L4-5 RORB GABRG1",-0.0337838799790088,5.87420900878937,1.16250557026818,0.281622051511993,0.999997068196745,0.999983379322086,"group_idyes"
"12959","MOK","Exc L4-5 RORB GABRG1",-0.0279155709195297,6.2726823155491,0.480067501499092,0.488809765836809,0.999997068196745,0.999983379322086,"group_idyes"
"12960","ZNF839","Exc L4-5 RORB GABRG1",-0.114592027182564,3.86443409780848,5.69514714097358,0.0174945134370462,0.999997068196745,0.999983379322086,"group_idyes"
"12961","CINP","Exc L4-5 RORB GABRG1",-0.00881644014150241,4.46261587395534,0.0359415761591304,0.849736173476766,0.999997068196745,0.999983379322086,"group_idyes"
"12962","TECPR2","Exc L4-5 RORB GABRG1",0.0133113256988825,6.87110329519001,0.130160715848762,0.718463470273313,0.999997068196745,0.999983379322086,"group_idyes"
"12963","ANKRD9","Exc L4-5 RORB GABRG1",-0.0170082707560086,3.63651713540891,0.0658675556107505,0.797588667133928,0.999997068196745,0.999983379322086,"group_idyes"
"12964","RCOR1","Exc L4-5 RORB GABRG1",-0.000901624709650901,5.0583990518143,0.000406893785251568,0.983916933630915,0.999997068196745,0.999983379322086,"group_idyes"
"12965","TRAF3","Exc L4-5 RORB GABRG1",-0.0773510223823996,7.1844690285431,2.9393130247056,0.0872528330099709,0.999997068196745,0.999983379322086,"group_idyes"
"12966","CDC42BPB","Exc L4-5 RORB GABRG1",-0.0325364505651611,6.35100698493963,1.12315141142072,0.289905765131884,0.999997068196745,0.999983379322086,"group_idyes"
"12967","AL117209.1","Exc L4-5 RORB GABRG1",0.159783388671334,1.41220089345699,1.14952904395652,0.284319833501311,0.999997068196745,0.999983379322086,"group_idyes"
"12968","TNFAIP2","Exc L4-5 RORB GABRG1",0.0804759434968023,1.5309670219568,0.622455920927599,0.943000908555597,0.999997068196745,0.999983379322086,"group_idyes"
"12969","AL138976.2","Exc L4-5 RORB GABRG1",0.170959190393281,1.77852092646407,3.4115366527393,0.0655097926840145,0.999997068196745,0.999983379322086,"group_idyes"
"12970","EIF5","Exc L4-5 RORB GABRG1",0.0647768945333237,6.3690654864468,0.812239128934086,0.368022905550296,0.999997068196745,0.999983379322086,"group_idyes"
"12971","MARK3","Exc L4-5 RORB GABRG1",-0.0266807799362651,7.75813056583655,0.829893524679043,0.362873732498283,0.999997068196745,0.999983379322086,"group_idyes"
"12972","CKB","Exc L4-5 RORB GABRG1",0.0162390893017884,8.02558274989846,0.0331752784118147,0.855568145324004,0.999997068196745,0.999983379322086,"group_idyes"
"12973","TRMT61A","Exc L4-5 RORB GABRG1",0.0104408052916165,2.58510652361671,0.0184128295593642,0.892134253481667,0.999997068196745,0.999983379322086,"group_idyes"
"12974","AL139300.2","Exc L4-5 RORB GABRG1",0.164731846604351,0.706282675135861,1.27650684609353,0.259253446978315,0.999997068196745,0.999983379322086,"group_idyes"
"12975","BAG5","Exc L4-5 RORB GABRG1",0.0209354394192741,4.8102574860775,0.224908396996904,0.98654043474501,0.999997068196745,0.999983379322086,"group_idyes"
"12976","KLC1","Exc L4-5 RORB GABRG1",0.00111029404341757,7.40288770539607,0.000366757112463679,0.984730651378316,0.999997068196745,0.999983379322086,"group_idyes"
"12977","AL049840.1","Exc L4-5 RORB GABRG1",0.0394131638854765,1.52118689616986,0.0736797192687554,0.786198164067349,0.999997068196745,0.999983379322086,"group_idyes"
"12978","XRCC3","Exc L4-5 RORB GABRG1",-0.0542673478138095,2.77551049539119,0.578062434942487,0.447538464542632,0.999997068196745,0.999983379322086,"group_idyes"
"12979","ZFYVE21","Exc L4-5 RORB GABRG1",-0.0285433948617048,5.62494294778709,0.493847130152374,0.48264117529642,0.999997068196745,0.999983379322086,"group_idyes"
"12980","PPP1R13B","Exc L4-5 RORB GABRG1",-0.0402252781581924,7.21047017667491,1.67936032649789,0.195786367465382,0.999997068196745,0.999983379322086,"group_idyes"
"12981","LINC00637","Exc L4-5 RORB GABRG1",-0.0118609912643667,1.23325287736666,0.00880993436275707,0.925268236827458,0.999997068196745,0.999983379322086,"group_idyes"
"12982","AL132712.1","Exc L4-5 RORB GABRG1",0.11982212074763,0.669159022445918,0.643087016096764,0.423090187242037,0.999997068196745,0.999983379322086,"group_idyes"
"12983","ATP5MPL","Exc L4-5 RORB GABRG1",-0.0521531345355495,6.01362209837231,0.288271094746419,0.591640941687356,0.999997068196745,0.999983379322086,"group_idyes"
"12984","TDRD9","Exc L4-5 RORB GABRG1",0.000336327007460122,2.87538767616307,7.6577092538556e-06,0.997793485761133,0.999997068196745,0.999983379322086,"group_idyes"
"12985","ASPG","Exc L4-5 RORB GABRG1",-0.0741555008061615,0.721073693545025,0.233505287589412,0.629211680256614,0.999997068196745,0.999983379322086,"group_idyes"
"12986","KIF26A","Exc L4-5 RORB GABRG1",-0.25842482883894,0.890307066883716,4.59075719335078,0.0327717732760741,0.999997068196745,0.999983379322086,"group_idyes"
"12987","AL590079.1","Exc L4-5 RORB GABRG1",-0.0310418739887819,0.341706170495391,0.0381387745899604,0.845267836607756,0.999997068196745,0.999983379322086,"group_idyes"
"12988","TMEM179","Exc L4-5 RORB GABRG1",-0.162218531809433,5.71173524260454,2.64506712665661,0.10469052516802,0.999997068196745,0.999983379322086,"group_idyes"
"12989","INF2","Exc L4-5 RORB GABRG1",-0.00752051527987489,4.83117582245263,0.0197635408386093,0.888273062253811,0.999997068196745,0.999983379322086,"group_idyes"
"12990","SIVA1","Exc L4-5 RORB GABRG1",-0.0434683764717126,4.1375735179124,0.705959532123635,0.401310264080599,0.999997068196745,0.999983379322086,"group_idyes"
"12991","AKT1","Exc L4-5 RORB GABRG1",0.0553903991009163,4.36722442993314,1.27529130934331,0.385060597851698,0.999997068196745,0.999983379322086,"group_idyes"
"12992","CEP170B","Exc L4-5 RORB GABRG1",0.00612964472737769,4.84937925360412,0.018082915144055,0.893099092467236,0.999997068196745,0.999983379322086,"group_idyes"
"12993","AHNAK2","Exc L4-5 RORB GABRG1",-0.0200457246033583,3.09609730827903,0.0913936044226547,0.762576264268382,0.999997068196745,0.999983379322086,"group_idyes"
"12994","CLBA1","Exc L4-5 RORB GABRG1",0.0232115598885903,2.79378437402964,0.140637146129767,0.707855068016035,0.999997068196745,0.999983379322086,"group_idyes"
"12995","CDCA4","Exc L4-5 RORB GABRG1",-0.0742275436817766,2.0059200006585,0.971912216270253,0.324823322410136,0.999997068196745,0.999983379322086,"group_idyes"
"12996","GPR132","Exc L4-5 RORB GABRG1",-0.118533288551171,0.866853457371295,0.560801792778854,0.454394957623603,0.999997068196745,0.999983379322086,"group_idyes"
"12997","LINC02298","Exc L4-5 RORB GABRG1",-0.151751331368466,0.792583685382654,1.25405487138912,0.263478038137534,0.999997068196745,0.999983379322086,"group_idyes"
"12998","JAG2","Exc L4-5 RORB GABRG1",-0.00609274317744174,4.14199843843451,0.0181732766727737,0.892833944031777,0.999997068196745,0.999983379322086,"group_idyes"
"12999","NUDT14","Exc L4-5 RORB GABRG1",-0.00449273346610927,3.29852155318053,0.00200069878704192,0.964346387854402,0.999997068196745,0.999983379322086,"group_idyes"
"13000","BRF1","Exc L4-5 RORB GABRG1",-0.0135067004565584,5.41855554126986,0.173743510387322,0.677038505099974,0.999997068196745,0.999983379322086,"group_idyes"
"13001","BTBD6","Exc L4-5 RORB GABRG1",0.0772300150946767,4.08501551782254,1.00097435050096,0.31770369409003,0.999997068196745,0.999983379322086,"group_idyes"
"13002","PACS2","Exc L4-5 RORB GABRG1",-0.0272255222279847,5.80395703062555,0.48700825618771,0.485686438610752,0.999997068196745,0.999983379322086,"group_idyes"
"13003","TEX22","Exc L4-5 RORB GABRG1",0.0114231553763831,2.66863871778042,0.0276648444853268,0.943282913297075,0.999997068196745,0.999983379322086,"group_idyes"
"13004","AL928654.1","Exc L4-5 RORB GABRG1",-0.0282262353230921,1.54532420217461,0.0848556316871696,0.797923225846332,0.999997068196745,0.999983379322086,"group_idyes"
"13005","MTA1","Exc L4-5 RORB GABRG1",0.0305574682989576,4.55508896258408,0.382517380623241,0.536625030954689,0.999997068196745,0.999983379322086,"group_idyes"
"13006","CRIP2","Exc L4-5 RORB GABRG1",0.00557237190220744,4.46182518135621,0.00316486309724946,0.955166185457252,0.999997068196745,0.999983379322086,"group_idyes"
"13007","TEDC1","Exc L4-5 RORB GABRG1",0.098407293317476,2.09853715391478,1.27721442191929,0.25912168140884,0.999997068196745,0.999983379322086,"group_idyes"
"13008","TMEM121","Exc L4-5 RORB GABRG1",0.0115661817229375,3.20300343108492,0.0177754204110698,0.894006466227235,0.999997068196745,0.999983379322086,"group_idyes"
"13009","AC087386.1","Exc L4-5 RORB GABRG1",0.014177763621454,3.99697493546647,0.0289719884422585,0.864933201181549,0.999997068196745,0.999983379322086,"group_idyes"
"13010","AC012414.5","Exc L4-5 RORB GABRG1",0.0778501568093637,3.48455094558281,0.770005725421465,0.380762910058111,0.999997068196745,0.999983379322086,"group_idyes"
"13011","AC012414.3","Exc L4-5 RORB GABRG1",0.390769343484598,-0.211527460243707,1.53491673672633,0.2161313383701,0.999997068196745,0.999983379322086,"group_idyes"
"13012","LINC01193","Exc L4-5 RORB GABRG1",-0.145855123343171,1.1833502589415,0.500831749898602,0.479563368932904,0.999997068196745,0.999983379322086,"group_idyes"
"13013","AC068446.2","Exc L4-5 RORB GABRG1",0.0841600842106106,2.78586887505041,0.658425043495667,0.417618230387292,0.999997068196745,0.999983379322086,"group_idyes"
"13014","NIPA1","Exc L4-5 RORB GABRG1",0.00487286185662459,6.00245808821079,0.0303715865540375,0.861741439061303,0.999997068196745,0.999983379322086,"group_idyes"
"13015","NIPA2","Exc L4-5 RORB GABRG1",0.0270185912882092,4.48920040544193,0.616971590865332,0.464281521968337,0.999997068196745,0.999983379322086,"group_idyes"
"13016","CYFIP1","Exc L4-5 RORB GABRG1",-0.0308092744977806,6.50867645026747,0.527075602861345,0.468280355428625,0.999997068196745,0.999983379322086,"group_idyes"
"13017","TUBGCP5","Exc L4-5 RORB GABRG1",-0.0453358833761699,5.38978567956686,0.90976567043973,0.340775486782086,0.999997068196745,0.999983379322086,"group_idyes"
"13018","MKRN3","Exc L4-5 RORB GABRG1",-0.0300687733376007,1.34714541619573,0.051840323591686,0.82001231583587,0.999997068196745,0.999983379322086,"group_idyes"
"13019","MAGEL2","Exc L4-5 RORB GABRG1",0.0967349940354292,1.88677866607412,0.882311689769929,0.348158647771673,0.999997068196745,0.999983379322086,"group_idyes"
"13020","NDN","Exc L4-5 RORB GABRG1",0.158885385114397,3.66718602545171,1.6329759783558,0.202062411435449,0.999997068196745,0.999983379322086,"group_idyes"
"13021","PWRN1","Exc L4-5 RORB GABRG1",-0.174982610500494,3.07645109357089,2.10845090669478,0.147302537393857,0.999997068196745,0.999983379322086,"group_idyes"
"13022","SNRPN","Exc L4-5 RORB GABRG1",0.0383263360441889,7.39812811633821,0.65406689085124,0.419162230167971,0.999997068196745,0.999983379322086,"group_idyes"
"13023","AC124312.1","Exc L4-5 RORB GABRG1",0.00286413109098016,9.290044446272,0.00634944499453508,0.936530489165391,0.999997068196745,0.999983379322086,"group_idyes"
"13024","AC124312.2","Exc L4-5 RORB GABRG1",0.0254379368164688,1.26634355330373,0.0220428806853831,0.882050868603275,0.999997068196745,0.999983379322086,"group_idyes"
"13025","PWAR6","Exc L4-5 RORB GABRG1",0.0102142510704792,8.5554620043943,0.0945354009848193,0.758654993405697,0.999997068196745,0.999983379322086,"group_idyes"
"13026","AC124312.3","Exc L4-5 RORB GABRG1",-0.107403456951245,1.08526645459299,0.568034511529446,0.451502001197136,0.999997068196745,0.999983379322086,"group_idyes"
"13027","UBE3A","Exc L4-5 RORB GABRG1",0.00500585656405572,7.10284983444582,0.0269593850056588,0.869665332051221,0.999997068196745,0.999983379322086,"group_idyes"
"13028","LINC02250","Exc L4-5 RORB GABRG1",-0.168664974489913,1.56255766571972,1.51882611590242,0.21854982572825,0.999997068196745,0.999983379322086,"group_idyes"
"13029","ATP10A","Exc L4-5 RORB GABRG1",0.0986165626080119,1.94440905176777,0.957813013063187,0.328353499428433,0.999997068196745,0.999983379322086,"group_idyes"
"13030","LINC02346","Exc L4-5 RORB GABRG1",0.0503509572419667,2.83473353378793,0.251537283970135,0.616281565728033,0.999997068196745,0.999983379322086,"group_idyes"
"13031","LINC00929","Exc L4-5 RORB GABRG1",-1.45675585831921,-0.0688985686241163,21.0815690429138,5.9702695925383e-06,0.0215526732290633,0.0277065286115721,"group_idyes"
"13032","GABRB3","Exc L4-5 RORB GABRG1",-0.00799249201746058,9.54392054926238,0.0683186177112993,0.79394065253534,0.999997068196745,0.999983379322086,"group_idyes"
"13033","GABRA5","Exc L4-5 RORB GABRG1",-0.0174378562961429,6.1758460111969,0.17947499451595,0.672061554994832,0.999997068196745,0.999983379322086,"group_idyes"
"13034","GABRG3","Exc L4-5 RORB GABRG1",-0.02988897214672,9.12530434189883,0.470725315093392,0.493066928979781,0.999997068196745,0.999983379322086,"group_idyes"
"13035","AC104002.3","Exc L4-5 RORB GABRG1",-0.0685646663863217,1.29239852800234,0.256511422543475,0.612817162398461,0.999997068196745,0.999983379322086,"group_idyes"
"13036","OCA2","Exc L4-5 RORB GABRG1",-0.0362706195588409,5.73273302710335,0.37729511268687,0.539417464981241,0.999997068196745,0.999983379322086,"group_idyes"
"13037","HERC2","Exc L4-5 RORB GABRG1",0.00165022755959792,7.79611850000316,0.00242171515551919,0.960776741793297,0.999997068196745,0.999983379322086,"group_idyes"
"13038","GOLGA8M","Exc L4-5 RORB GABRG1",0.133639629968617,1.0181918981831,1.2833133487789,0.257989368028309,0.999997068196745,0.999983379322086,"group_idyes"
"13039","GOLGA6L7","Exc L4-5 RORB GABRG1",-0.0604848072031113,1.77541180008583,0.225989575003953,0.634783357311103,0.999997068196745,0.999983379322086,"group_idyes"
"13040","APBA2","Exc L4-5 RORB GABRG1",-0.0119536811432769,8.09079253238,0.136254348076591,0.712236525739796,0.999997068196745,0.999983379322086,"group_idyes"
"13041","FAM189A1","Exc L4-5 RORB GABRG1",0.016453679034155,7.88025293677758,0.172586755469468,0.6780546323133,0.999997068196745,0.999983379322086,"group_idyes"
"13042","AC022613.1","Exc L4-5 RORB GABRG1",-0.0404196114134954,2.63007895231609,0.251473048167673,0.616326584520392,0.999997068196745,0.999983379322086,"group_idyes"
"13043","TJP1","Exc L4-5 RORB GABRG1",0.0265033088088453,8.44119402269482,0.568485491695785,0.451322574848366,0.999997068196745,0.999983379322086,"group_idyes"
"13044","AC022613.2","Exc L4-5 RORB GABRG1",0.261726622603127,0.479420403817098,2.6366303547681,0.105243816444294,0.999997068196745,0.999983379322086,"group_idyes"
"13045","AC111152.2","Exc L4-5 RORB GABRG1",0.239151604716509,0.212655032911623,1.31642596670572,0.251947473935211,0.999997068196745,0.999983379322086,"group_idyes"
"13046","CHRFAM7A","Exc L4-5 RORB GABRG1",-0.154112564060581,0.672197888894971,0.905253445247537,0.341974298277123,0.999997068196745,0.999983379322086,"group_idyes"
"13047","AC091057.2","Exc L4-5 RORB GABRG1",-0.00459862868057892,1.72364024115673,0.00294961432953811,0.956716092697827,0.999997068196745,0.999983379322086,"group_idyes"
"13048","AC091057.6","Exc L4-5 RORB GABRG1",-0.0697022827895039,1.38678106130443,0.366336659962431,0.545364751040062,0.999997068196745,0.999983379322086,"group_idyes"
"13049","FAN1","Exc L4-5 RORB GABRG1",0.0452111300591171,4.78688416372767,1.79349317994952,0.181291777305891,0.999997068196745,0.999983379322086,"group_idyes"
"13050","MTMR10","Exc L4-5 RORB GABRG1",0.0147675028899485,4.31987013376259,0.155455245185531,0.693594162737156,0.999997068196745,0.999983379322086,"group_idyes"
"13051","TRPM1","Exc L4-5 RORB GABRG1",0.0506626001401457,1.05979415960223,0.209814035970094,0.848088954318654,0.999997068196745,0.999983379322086,"group_idyes"
"13052","LINC02352","Exc L4-5 RORB GABRG1",-0.0110909469629234,1.96811297513565,0.0143192000255836,0.9048126831994,0.999997068196745,0.999983379322086,"group_idyes"
"13053","KLF13","Exc L4-5 RORB GABRG1",0.0353884517544804,5.99443741983011,0.840182507046141,0.359918781092103,0.999997068196745,0.999983379322086,"group_idyes"
"13054","OTUD7A","Exc L4-5 RORB GABRG1",-0.0260070125850587,8.63463359519137,0.449742646354458,0.502859567285702,0.999997068196745,0.999983379322086,"group_idyes"
"13055","CHRNA7","Exc L4-5 RORB GABRG1",0.060596443599288,1.80720120982042,0.347396914071465,0.555936330471515,0.999997068196745,0.999983379322086,"group_idyes"
"13056","LINC02256","Exc L4-5 RORB GABRG1",-0.0392239059524044,5.56160266728947,0.435032984216528,0.509924235154402,0.999997068196745,0.999983379322086,"group_idyes"
"13057","AC123768.3","Exc L4-5 RORB GABRG1",-0.128143203680171,3.11718028739668,3.68231415382976,0.19525226573826,0.999997068196745,0.999983379322086,"group_idyes"
"13058","GOLGA8N","Exc L4-5 RORB GABRG1",0.0609692144418598,2.00530397078432,0.444892376704917,0.505170345715339,0.999997068196745,0.999983379322086,"group_idyes"
"13059","ARHGAP11A","Exc L4-5 RORB GABRG1",-0.0579951481453352,0.786122189457492,0.168725583537101,0.681475593998215,0.999997068196745,0.999983379322086,"group_idyes"
"13060","SCG5","Exc L4-5 RORB GABRG1",-0.0516014533953984,6.79911175257277,0.595110201901346,0.440923351856924,0.999997068196745,0.999983379322086,"group_idyes"
"13061","GREM1","Exc L4-5 RORB GABRG1",0.060023842515065,0.565604857603567,0.117177625626639,0.73230289973228,0.999997068196745,0.999983379322086,"group_idyes"
"13062","FMN1","Exc L4-5 RORB GABRG1",0.0058662268016299,9.02697537011023,0.0190036801476856,0.890428054437133,0.999997068196745,0.999983379322086,"group_idyes"
"13063","RYR3","Exc L4-5 RORB GABRG1",-0.011486877022647,4.96967129357364,0.0242601992334547,0.876306367155579,0.999997068196745,0.999983379322086,"group_idyes"
"13064","AC010809.2","Exc L4-5 RORB GABRG1",0.0823852784700455,2.18835929177334,0.872712630631682,0.350791374984076,0.999997068196745,0.999983379322086,"group_idyes"
"13065","AC010809.1","Exc L4-5 RORB GABRG1",0.0226264181261635,3.05870060011613,0.0993557096305811,0.75277507803266,0.999997068196745,0.999983379322086,"group_idyes"
"13066","AVEN","Exc L4-5 RORB GABRG1",-0.028952809473667,4.43358405433682,0.284557028419825,0.59403784571807,0.999997068196745,0.999983379322086,"group_idyes"
"13067","CHRM5","Exc L4-5 RORB GABRG1",-0.201993538592721,2.1813216691941,5.2556420031686,0.0224148044176783,0.999997068196745,0.999983379322086,"group_idyes"
"13068","EMC7","Exc L4-5 RORB GABRG1",-0.0298002646761147,4.04258579952374,0.187887080259041,0.664923963076666,0.999997068196745,0.999983379322086,"group_idyes"
"13069","PGBD4","Exc L4-5 RORB GABRG1",0.120664331031931,3.05374938469049,4.19223443746389,0.0412881722561676,0.999997068196745,0.999983379322086,"group_idyes"
"13070","KATNBL1","Exc L4-5 RORB GABRG1",-0.000501561168381026,6.76114162279465,0.000321105565549506,0.985712426824242,0.999997068196745,0.999983379322086,"group_idyes"
"13071","EMC4","Exc L4-5 RORB GABRG1",-0.024543562710813,4.16715397367638,0.086943314695799,0.768258714835595,0.999997068196745,0.999983379322086,"group_idyes"
"13072","SLC12A6","Exc L4-5 RORB GABRG1",-0.0322911524953941,5.86183373780441,1.01032977867475,0.341536301174119,0.999997068196745,0.999983379322086,"group_idyes"
"13073","NOP10","Exc L4-5 RORB GABRG1",-0.00445195636867207,3.21774659389638,0.00137985023943512,0.970387593464683,0.999997068196745,0.999983379322086,"group_idyes"
"13074","LPCAT4","Exc L4-5 RORB GABRG1",-0.0333176948936118,5.97144667590754,0.463886537164721,0.496222903812675,0.999997068196745,0.999983379322086,"group_idyes"
"13075","GOLGA8A","Exc L4-5 RORB GABRG1",-0.0187766135746616,6.42476662269867,0.109800372997221,0.740551938883314,0.999997068196745,0.999983379322086,"group_idyes"
"13076","GOLGA8B","Exc L4-5 RORB GABRG1",-0.0743087307530075,6.30513478306602,0.929908881216223,0.335492334642517,0.999997068196745,0.999983379322086,"group_idyes"
"13077","AC087457.1","Exc L4-5 RORB GABRG1",-0.0326842196554407,0.718419128382848,0.0266318825812455,0.870452339613984,0.999997068196745,0.999983379322086,"group_idyes"
"13078","AQR","Exc L4-5 RORB GABRG1",0.0228562429081377,6.05803218014538,0.986889259980985,0.321128241136808,0.999997068196745,0.999983379322086,"group_idyes"
"13079","ZNF770","Exc L4-5 RORB GABRG1",0.0628816833110106,5.20318708160237,1.84158273986577,0.17556116636596,0.999997068196745,0.999983379322086,"group_idyes"
"13080","AC021231.1","Exc L4-5 RORB GABRG1",-0.0543102743493453,4.65798123364963,0.438309356777209,0.50833594289176,0.999997068196745,0.999983379322086,"group_idyes"
"13081","DPH6","Exc L4-5 RORB GABRG1",-0.0200211036072099,6.10029273226566,0.0804026467973712,0.77690501969903,0.999997068196745,0.999983379322086,"group_idyes"
"13082","DPH6-DT","Exc L4-5 RORB GABRG1",0.0484860730588256,6.24740556728886,0.379015670334697,0.538494524062827,0.999997068196745,0.999983379322086,"group_idyes"
"13083","AC021351.1","Exc L4-5 RORB GABRG1",-0.0723274830827725,1.32851163765757,0.36384355880026,0.546734755110505,0.999997068196745,0.999983379322086,"group_idyes"
"13084","C15orf41","Exc L4-5 RORB GABRG1",0.020490364978225,5.72275723460395,0.216881411337837,0.641689993626359,0.999997068196745,0.999983379322086,"group_idyes"
"13085","AC013640.1","Exc L4-5 RORB GABRG1",0.01276630524816,0.89819426002419,0.00717927111462254,0.932519657258724,0.999997068196745,0.999983379322086,"group_idyes"
"13086","MEIS2","Exc L4-5 RORB GABRG1",-0.244428007688729,2.61948838551326,2.55162349458028,0.111001958230364,0.999997068196745,0.999983379322086,"group_idyes"
"13087","AC078909.1","Exc L4-5 RORB GABRG1",-0.258331208500724,0.0429179452090837,1.36075918970396,0.244128520215577,0.999997068196745,0.999983379322086,"group_idyes"
"13088","AC068875.1","Exc L4-5 RORB GABRG1",-0.0555450159564696,1.79165446902205,0.281381588686484,0.596103135855756,0.999997068196745,0.999983379322086,"group_idyes"
"13089","LINC02345","Exc L4-5 RORB GABRG1",0.0222686621493514,0.334957162895948,0.0166231979493293,0.897479635326429,0.999997068196745,0.999983379322086,"group_idyes"
"13090","AC087473.1","Exc L4-5 RORB GABRG1",-0.144297242564698,1.06393894436982,1.40531450724924,0.236567450078747,0.999997068196745,0.999983379322086,"group_idyes"
"13091","SPRED1","Exc L4-5 RORB GABRG1",-0.0693047563414459,6.14539766921754,1.43502821500617,0.231683049244846,0.999997068196745,0.999983379322086,"group_idyes"
"13092","FAM98B","Exc L4-5 RORB GABRG1",0.0139814775657568,5.05716215832525,0.148120714174396,0.900904165158906,0.999997068196745,0.999983379322086,"group_idyes"
"13093","RASGRP1","Exc L4-5 RORB GABRG1",-0.0383226511118667,3.55035366520664,0.213565426972201,0.644248318880433,0.999997068196745,0.999983379322086,"group_idyes"
"13094","C15orf53","Exc L4-5 RORB GABRG1",-0.0759839653936987,2.56301930847801,0.67733282241756,0.41101649839319,0.999997068196745,0.999983379322086,"group_idyes"
"13095","AC013652.1","Exc L4-5 RORB GABRG1",-0.0686984440703876,6.6617161657794,1.61158997664404,0.205035814412899,0.999997068196745,0.999983379322086,"group_idyes"
"13096","AC022196.1","Exc L4-5 RORB GABRG1",-0.116166330383286,2.05470184616795,1.80424736172973,0.261601219550264,0.999997068196745,0.999983379322086,"group_idyes"
"13097","FSIP1","Exc L4-5 RORB GABRG1",-0.0184424448647826,5.61115661344086,0.17361016375136,0.677155437816729,0.999997068196745,0.999983379322086,"group_idyes"
"13098","AC023908.3","Exc L4-5 RORB GABRG1",-0.061486013579592,1.08299356188047,0.277133592949233,0.793670346559263,0.999997068196745,0.999983379322086,"group_idyes"
"13099","GPR176","Exc L4-5 RORB GABRG1",0.0091451971771277,5.26333230208023,0.048155080526118,0.826421620203808,0.999997068196745,0.999983379322086,"group_idyes"
"13100","EIF2AK4","Exc L4-5 RORB GABRG1",-0.0157162694399889,6.05591848209007,0.308182531975532,0.579120224453759,0.999997068196745,0.999983379322086,"group_idyes"
"13101","SRP14","Exc L4-5 RORB GABRG1",0.00160024018058818,6.51872086284679,0.000236017489670689,0.987750656335888,0.999997068196745,0.999983379322086,"group_idyes"
"13102","SRP14-AS1","Exc L4-5 RORB GABRG1",0.0770131691924681,2.38518351923396,0.869676560084072,0.351629729362946,0.999997068196745,0.999983379322086,"group_idyes"
"13103","BMF","Exc L4-5 RORB GABRG1",-0.0685608581540944,0.592527373589527,0.188436137547957,0.664464738439035,0.999997068196745,0.999983379322086,"group_idyes"
"13104","BUB1B-PAK6","Exc L4-5 RORB GABRG1",0.105066716772363,1.770774800585,1.01129040873709,0.315225951853864,0.999997068196745,0.999983379322086,"group_idyes"
"13105","PAK6","Exc L4-5 RORB GABRG1",0.0265285928279769,3.62706301081201,0.163569374037767,0.686116061597768,0.999997068196745,0.999983379322086,"group_idyes"
"13106","PLCB2","Exc L4-5 RORB GABRG1",0.160630855172781,0.721472875247846,1.23365438743682,0.267391194905272,0.999997068196745,0.999983379322086,"group_idyes"
"13107","INAFM2","Exc L4-5 RORB GABRG1",0.201559887583378,3.15419375626989,7.13413660245742,0.00788402259163305,0.999997068196745,0.999983379322086,"group_idyes"
"13108","DISP2","Exc L4-5 RORB GABRG1",0.0329627370069553,5.25924427197716,0.675898285839302,0.411511938181428,0.999997068196745,0.999983379322086,"group_idyes"
"13109","KNSTRN","Exc L4-5 RORB GABRG1",-0.000906907741736378,3.05261471218457,0.000210592560382823,0.988429181446926,0.999997068196745,0.999983379322086,"group_idyes"
"13110","IVD","Exc L4-5 RORB GABRG1",0.0129589349801841,5.37074509764639,0.112629749162342,0.737352771939662,0.999997068196745,0.999983379322086,"group_idyes"
"13111","BAHD1","Exc L4-5 RORB GABRG1",-0.00632520065986801,3.92048340132926,0.0191093097856594,0.890125889657938,0.999997068196745,0.999983379322086,"group_idyes"
"13112","AC091045.1","Exc L4-5 RORB GABRG1",0.0716832003901531,1.84429397336693,0.352859271937173,0.552848123228802,0.999997068196745,0.999983379322086,"group_idyes"
"13113","CCDC32","Exc L4-5 RORB GABRG1",-0.0257617263717107,4.94074612808947,0.273465950411273,0.601317228262794,0.999997068196745,0.999983379322086,"group_idyes"
"13114","RPUSD2","Exc L4-5 RORB GABRG1",-0.0872118522845795,2.56023720001399,1.08308702450741,0.298661552985244,0.999997068196745,0.999983379322086,"group_idyes"
"13115","KNL1","Exc L4-5 RORB GABRG1",-0.0144559872623166,1.25677369669946,0.0178504112565361,0.893784446863534,0.999997068196745,0.999983379322086,"group_idyes"
"13116","RMDN3","Exc L4-5 RORB GABRG1",-0.0164511904002304,5.30503377369379,0.316934515599305,0.573783658446017,0.999997068196745,0.999983379322086,"group_idyes"
"13117","GCHFR","Exc L4-5 RORB GABRG1",0.0686671424949972,2.77388854757817,0.423904113943549,0.515384043341439,0.999997068196745,0.999983379322086,"group_idyes"
"13118","DNAJC17","Exc L4-5 RORB GABRG1",-0.00861120628835406,4.94492091087075,0.0347824016507892,0.852150660692425,0.999997068196745,0.999983379322086,"group_idyes"
"13119","ZFYVE19","Exc L4-5 RORB GABRG1",-0.00481910794397335,3.59536098574729,0.00863106217002784,0.926028575796715,0.999997068196745,0.999983379322086,"group_idyes"
"13120","SPINT1","Exc L4-5 RORB GABRG1",0.171756732172066,0.616570135850695,1.76952814947746,0.184228474653535,0.999997068196745,0.999983379322086,"group_idyes"
"13121","RHOV","Exc L4-5 RORB GABRG1",-0.156806715176216,1.17037823385353,1.39513659111313,0.238269207134478,0.999997068196745,0.999983379322086,"group_idyes"
"13122","VPS18","Exc L4-5 RORB GABRG1",0.0698321044941005,3.37226754912789,0.892209442005632,0.345472082413873,0.999997068196745,0.999983379322086,"group_idyes"
"13123","DLL4","Exc L4-5 RORB GABRG1",-0.203837232323117,1.23385973613705,3.01059487366793,0.0835227210078162,0.999997068196745,0.999983379322086,"group_idyes"
"13124","CHAC1","Exc L4-5 RORB GABRG1",0.108770124483517,2.09088320504058,1.11395575626823,0.291885993552705,0.999997068196745,0.999983379322086,"group_idyes"
"13125","INO80","Exc L4-5 RORB GABRG1",-0.0420304017535566,6.17000613447954,1.68180363660223,0.195462183742626,0.999997068196745,0.999983379322086,"group_idyes"
"13126","AC020661.3","Exc L4-5 RORB GABRG1",-0.239685354646708,2.05336161107456,2.26543194646296,0.133109839452584,0.999997068196745,0.999983379322086,"group_idyes"
"13127","AC020661.2","Exc L4-5 RORB GABRG1",0.108770657842453,0.833552375635797,0.340156401283612,0.560080675124062,0.999997068196745,0.999983379322086,"group_idyes"
"13128","INO80-AS1","Exc L4-5 RORB GABRG1",0.0949103952066774,1.46666210013234,0.411146433124516,0.521769975819335,0.999997068196745,0.999983379322086,"group_idyes"
"13129","EXD1","Exc L4-5 RORB GABRG1",0.209179247445214,0.515172499684781,1.94513481380923,0.163916818420958,0.999997068196745,0.999983379322086,"group_idyes"
"13130","CHP1","Exc L4-5 RORB GABRG1",-0.0718757253208812,4.77292048010346,2.26539565932817,0.133112937201268,0.999997068196745,0.999983379322086,"group_idyes"
"13131","OIP5","Exc L4-5 RORB GABRG1",0.0128861694267316,1.8050462577796,0.0188615131663347,0.890836092369319,0.999997068196745,0.999983379322086,"group_idyes"
"13132","NUSAP1","Exc L4-5 RORB GABRG1",-0.159612293173814,1.13637182550889,1.67666471734498,0.196144759854802,0.999997068196745,0.999983379322086,"group_idyes"
"13133","NDUFAF1","Exc L4-5 RORB GABRG1",-0.0118332950318167,4.00424239880672,0.0548873446482078,0.81489186076911,0.999997068196745,0.999983379322086,"group_idyes"
"13134","RTF1","Exc L4-5 RORB GABRG1",-0.0275534943421434,6.74165323302856,0.399161606531206,0.527897780866813,0.999997068196745,0.999983379322086,"group_idyes"
"13135","ITPKA","Exc L4-5 RORB GABRG1",0.131083412503434,5.0194821775798,5.85618869588563,0.0159849712012937,0.999997068196745,0.999983379322086,"group_idyes"
"13136","LTK","Exc L4-5 RORB GABRG1",0.14789547950047,1.52541604361383,2.2430128725251,0.135039204715183,0.999997068196745,0.999983379322086,"group_idyes"
"13137","RPAP1","Exc L4-5 RORB GABRG1",-0.0106692920983556,3.68443266289725,0.051665550754936,0.820310763368065,0.999997068196745,0.999983379322086,"group_idyes"
"13138","TYRO3","Exc L4-5 RORB GABRG1",0.0342844858214196,6.21964521739688,0.799349612695211,0.37184684571378,0.999997068196745,0.999983379322086,"group_idyes"
"13139","MGA","Exc L4-5 RORB GABRG1",0.0401895065346778,6.60211105271702,1.71260249455674,0.191429249751035,0.999997068196745,0.999983379322086,"group_idyes"
"13140","MAPKBP1","Exc L4-5 RORB GABRG1",0.0195980999505083,6.58298636679081,0.307224420858007,0.579710444342539,0.999997068196745,0.999983379322086,"group_idyes"
"13141","SPTBN5","Exc L4-5 RORB GABRG1",0.0067629887578089,1.28844510692128,0.0053470629306433,0.941745751755319,0.999997068196745,0.999983379322086,"group_idyes"
"13142","EHD4","Exc L4-5 RORB GABRG1",-0.0495162974483735,2.18722934807551,0.360834185005449,0.548397017047444,0.999997068196745,0.999983379322086,"group_idyes"
"13143","PLA2G4E","Exc L4-5 RORB GABRG1",0.129725049282506,0.444490640792985,0.527755427893975,0.467993803906966,0.999997068196745,0.999983379322086,"group_idyes"
"13144","VPS39","Exc L4-5 RORB GABRG1",-0.0140510533302185,5.47287949558057,0.221126094710949,0.638449678849676,0.999997068196745,0.999983379322086,"group_idyes"
"13145","TMEM87A","Exc L4-5 RORB GABRG1",-0.0492124211544897,5.78025988374703,2.9914621218032,0.0845066181385609,0.999997068196745,0.999983379322086,"group_idyes"
"13146","GANC","Exc L4-5 RORB GABRG1",0.0254244350889566,5.03924372345669,0.352959149717749,0.552791957937743,0.999997068196745,0.999983379322086,"group_idyes"
"13147","ZNF106","Exc L4-5 RORB GABRG1",-0.0261205625350498,6.78018944328883,0.876654079491652,0.349707083093357,0.999997068196745,0.999983379322086,"group_idyes"
"13148","SNAP23","Exc L4-5 RORB GABRG1",-0.0631618901996598,4.91448308851169,2.16987000263988,0.141555770995397,0.999997068196745,0.999983379322086,"group_idyes"
"13149","AC018362.1","Exc L4-5 RORB GABRG1",-0.0319847926851557,0.982837203775092,0.0639591301342962,0.800479461060495,0.999997068196745,0.999983379322086,"group_idyes"
"13150","LRRC57","Exc L4-5 RORB GABRG1",0.0548965400908446,4.16560094943941,1.78491673889803,0.18233644491002,0.999997068196745,0.999983379322086,"group_idyes"
"13151","HAUS2","Exc L4-5 RORB GABRG1",-0.117236808957674,4.14162655290755,7.59461473620298,0.00613275503293782,0.999997068196745,0.999983379322086,"group_idyes"
"13152","STARD9","Exc L4-5 RORB GABRG1",-0.023957229681552,5.94374762816141,0.309756514133409,0.578153214361548,0.999997068196745,0.999983379322086,"group_idyes"
"13153","CDAN1","Exc L4-5 RORB GABRG1",0.0282801116242103,3.52171623949944,0.419162656828686,0.62611823847295,0.999997068196745,0.999983379322086,"group_idyes"
"13154","TTBK2","Exc L4-5 RORB GABRG1",0.000525511451271111,7.65075552056057,0.000432636594850989,0.983416046032304,0.999997068196745,0.999983379322086,"group_idyes"
"13155","AC090510.1","Exc L4-5 RORB GABRG1",0.0188365522675126,0.886082647732697,0.0161959981844637,0.898798337453865,0.999997068196745,0.999983379322086,"group_idyes"
"13156","UBR1","Exc L4-5 RORB GABRG1",-0.0417857553631157,7.06296644330492,2.27228839486837,0.132525968022124,0.999997068196745,0.999983379322086,"group_idyes"
"13157","AC068724.3","Exc L4-5 RORB GABRG1",-0.0438686297811236,4.16497823456035,0.665053893601847,0.415285953747982,0.999997068196745,0.999983379322086,"group_idyes"
"13158","TMEM62","Exc L4-5 RORB GABRG1",0.0154557618610622,5.35993181738749,0.176524942794417,0.67461136622702,0.999997068196745,0.999983379322086,"group_idyes"
"13159","CCNDBP1","Exc L4-5 RORB GABRG1",0.0185754772692338,4.47642096064341,0.103501675285952,0.74784199823022,0.999997068196745,0.999983379322086,"group_idyes"
"13160","LCMT2","Exc L4-5 RORB GABRG1",-0.0256195443642121,2.07419693176068,0.105474377316137,0.745533039838447,0.999997068196745,0.999983379322086,"group_idyes"
"13161","ADAL","Exc L4-5 RORB GABRG1",-0.102125422110735,4.65259996638655,5.22801013285519,0.0227686385218997,0.999997068196745,0.999983379322086,"group_idyes"
"13162","ZSCAN29","Exc L4-5 RORB GABRG1",0.0392249011126168,2.72019338167251,0.392920158842115,0.531140200752708,0.999997068196745,0.999983379322086,"group_idyes"
"13163","TUBGCP4","Exc L4-5 RORB GABRG1",0.0356220765746748,4.73449115580862,0.747231835409134,0.562336009802004,0.999997068196745,0.999983379322086,"group_idyes"
"13164","TP53BP1","Exc L4-5 RORB GABRG1",-0.0384402189906053,6.34544662898182,2.52416678746446,0.112935404950181,0.999997068196745,0.999983379322086,"group_idyes"
"13165","MAP1A","Exc L4-5 RORB GABRG1",0.0631307731551918,7.13351386197158,1.570513902516,0.210893480512899,0.999997068196745,0.999983379322086,"group_idyes"
"13166","PPIP5K1","Exc L4-5 RORB GABRG1",-0.00984774889610719,6.9736915096213,0.0659185563234856,0.79751202989867,0.999997068196745,0.999983379322086,"group_idyes"
"13167","CKMT1B","Exc L4-5 RORB GABRG1",0.0249580962242971,5.76970925650448,0.269533441287545,0.603943432846143,0.999997068196745,0.999983379322086,"group_idyes"
"13168","STRC","Exc L4-5 RORB GABRG1",-0.0429068734124485,3.8030748526826,0.486533247120611,0.485899134382372,0.999997068196745,0.999983379322086,"group_idyes"
"13169","AC011330.3","Exc L4-5 RORB GABRG1",-0.0219186490550236,6.1031880272431,0.180313011534637,0.6713417467471,0.999997068196745,0.999983379322086,"group_idyes"
"13170","CATSPER2","Exc L4-5 RORB GABRG1",-0.00784661383362959,7.75584896066221,0.0416220485707583,0.838449787525074,0.999997068196745,0.999983379322086,"group_idyes"
"13171","CKMT1A","Exc L4-5 RORB GABRG1",0.0815939967665407,4.29602500404809,2.07031882411544,0.151003151750959,0.999997068196745,0.999983379322086,"group_idyes"
"13172","PDIA3","Exc L4-5 RORB GABRG1",-0.0606954818604492,5.52002550292178,2.69562411051487,0.101441199688596,0.999997068196745,0.999983379322086,"group_idyes"
"13173","AC018512.1","Exc L4-5 RORB GABRG1",-0.134260689259875,0.831079323150133,0.880509161101724,0.348650967461244,0.999997068196745,0.999983379322086,"group_idyes"
"13174","SERF2","Exc L4-5 RORB GABRG1",0.0147874762054782,5.25863348618597,0.0242203162714068,0.876407262113427,0.999997068196745,0.999983379322086,"group_idyes"
"13175","HYPK","Exc L4-5 RORB GABRG1",-0.0384015743327116,1.10323605461708,0.128322338671232,0.720374343050776,0.999997068196745,0.999983379322086,"group_idyes"
"13176","MFAP1","Exc L4-5 RORB GABRG1",0.00720383946493028,4.22035110659521,0.0307548218282015,0.860880757757621,0.999997068196745,0.999983379322086,"group_idyes"
"13177","WDR76","Exc L4-5 RORB GABRG1",0.0477760482334765,2.99307021570338,0.677173635761454,0.541468657705542,0.999997068196745,0.999983379322086,"group_idyes"
"13178","FRMD5","Exc L4-5 RORB GABRG1",-0.016556003377557,9.7193565452554,0.200211739350428,0.654801807636791,0.999997068196745,0.999983379322086,"group_idyes"
"13179","CASC4","Exc L4-5 RORB GABRG1",-0.00273635037465893,8.01072234593215,0.00636616412436075,0.936447158686293,0.999997068196745,0.999983379322086,"group_idyes"
"13180","AC025043.1","Exc L4-5 RORB GABRG1",-0.101858009964959,4.24649398329939,0.472822844846129,0.49210571179064,0.999997068196745,0.999983379322086,"group_idyes"
"13181","CTDSPL2","Exc L4-5 RORB GABRG1",-0.0178671423683865,6.27355536119463,0.481798194710796,0.48802783799899,0.999997068196745,0.999983379322086,"group_idyes"
"13182","EIF3J-DT","Exc L4-5 RORB GABRG1",-0.0160298055237474,4.5318885773047,0.142623181169772,0.705895271588413,0.999997068196745,0.999983379322086,"group_idyes"
"13183","EIF3J","Exc L4-5 RORB GABRG1",0.0317069395140848,5.19964623600058,0.766861780328938,0.732525741748821,0.999997068196745,0.999983379322086,"group_idyes"
"13184","SPG11","Exc L4-5 RORB GABRG1",-0.034442198483345,6.43624162408444,1.37266774302838,0.242079111660157,0.999997068196745,0.999983379322086,"group_idyes"
"13185","B2M","Exc L4-5 RORB GABRG1",0.033506590204124,3.61792678376374,0.0538689000357556,0.816586277352004,0.999997068196745,0.999983379322086,"group_idyes"
"13186","TRIM69","Exc L4-5 RORB GABRG1",0.0513338165846047,5.35698064118007,0.886170138499471,0.347107975911593,0.999997068196745,0.999983379322086,"group_idyes"
"13187","SORD","Exc L4-5 RORB GABRG1",0.0210697844296027,3.58201588383669,0.160414226111296,0.688997748141852,0.999997068196745,0.999983379322086,"group_idyes"
"13188","DUOXA1","Exc L4-5 RORB GABRG1",-0.266016506046682,1.20995763050057,3.41901502534777,0.0652163940910696,0.999997068196745,0.999983379322086,"group_idyes"
"13189","DUOX1","Exc L4-5 RORB GABRG1",-0.154367541863002,3.53026208632163,1.43851516745434,0.231117902933938,0.999997068196745,0.999983379322086,"group_idyes"
"13190","SHF","Exc L4-5 RORB GABRG1",-0.0163972791294807,4.94518699794723,0.183336044399714,0.668761431473868,0.999997068196745,0.999983379322086,"group_idyes"
"13191","AC051619.4","Exc L4-5 RORB GABRG1",-0.116285284412266,1.62017583962755,0.780144906481315,0.377648401060047,0.999997068196745,0.999983379322086,"group_idyes"
"13192","AC051619.5","Exc L4-5 RORB GABRG1",-0.128262901878599,2.41626168885113,1.00739386502082,0.316158842667499,0.999997068196745,0.999983379322086,"group_idyes"
"13193","SLC28A2","Exc L4-5 RORB GABRG1",-0.209102148879614,0.286251182677069,1.18992547772802,0.276027287410525,0.999997068196745,0.999983379322086,"group_idyes"
"13194","GATM","Exc L4-5 RORB GABRG1",0.0387739509675554,4.19082799463619,0.66194915806366,0.676219871244108,0.999997068196745,0.999983379322086,"group_idyes"
"13195","AC025580.3","Exc L4-5 RORB GABRG1",0.0274764607592841,2.29578957291151,0.0737513902752935,0.78609673916283,0.999997068196745,0.999983379322086,"group_idyes"
"13196","SPATA5L1","Exc L4-5 RORB GABRG1",0.0205017151080401,3.93432826234091,0.234260063894273,0.839666290293224,0.999997068196745,0.999983379322086,"group_idyes"
"13197","AC025580.2","Exc L4-5 RORB GABRG1",0.0707694689534587,2.05814512315483,0.372658754999823,0.541919008803509,0.999997068196745,0.999983379322086,"group_idyes"
"13198","SLC30A4","Exc L4-5 RORB GABRG1",-0.034285393008472,4.65437450006978,0.943829406146457,0.331905343036973,0.999997068196745,0.999983379322086,"group_idyes"
"13199","AC090527.2","Exc L4-5 RORB GABRG1",0.107828432915061,1.2250069517763,0.493349863231391,0.482861537579529,0.999997068196745,0.999983379322086,"group_idyes"
"13200","AC068722.1","Exc L4-5 RORB GABRG1",0.0164805473779457,2.71960216462059,0.0322876388528514,0.857492416673853,0.999997068196745,0.999983379322086,"group_idyes"
"13201","AC073941.1","Exc L4-5 RORB GABRG1",-0.110131212899337,0.815907834816642,0.555374631987296,0.456584920476863,0.999997068196745,0.999983379322086,"group_idyes"
"13202","SEMA6D","Exc L4-5 RORB GABRG1",-0.0567978841337614,7.98997302641446,1.13719220616165,0.286915146765997,0.999997068196745,0.999983379322086,"group_idyes"
"13203","AC023905.1","Exc L4-5 RORB GABRG1",-0.178109313851407,1.66959383799201,1.25527308551889,0.263246630724538,0.999997068196745,0.999983379322086,"group_idyes"
"13204","SLC24A5","Exc L4-5 RORB GABRG1",-0.016080244036592,1.69848267175903,0.00955121837263625,0.922197321054154,0.999997068196745,0.999983379322086,"group_idyes"
"13205","MYEF2","Exc L4-5 RORB GABRG1",-0.0158181129974127,6.85400943663843,0.239696929760435,0.624704122796627,0.999997068196745,0.999983379322086,"group_idyes"
"13206","SLC12A1","Exc L4-5 RORB GABRG1",0.128349391540975,3.41433520775522,4.00865778473799,0.0459686519280029,0.999997068196745,0.999983379322086,"group_idyes"
"13207","AC066612.1","Exc L4-5 RORB GABRG1",0.0639784844239202,1.1929925686144,0.335713434752281,0.562653126962173,0.999997068196745,0.999983379322086,"group_idyes"
"13208","AC023355.1","Exc L4-5 RORB GABRG1",-0.0162637774612438,1.67108187592065,0.035574115967882,0.850497146759544,0.999997068196745,0.999983379322086,"group_idyes"
"13209","DUT","Exc L4-5 RORB GABRG1",-0.0367101229364276,5.57049825880796,0.63408198839722,0.426353028196561,0.999997068196745,0.999983379322086,"group_idyes"
"13210","FBN1","Exc L4-5 RORB GABRG1",-0.0193250797744186,7.28324252501582,0.25598365397217,0.613182733699328,0.999997068196745,0.999983379322086,"group_idyes"
"13211","CEP152","Exc L4-5 RORB GABRG1",0.0574641696738863,4.29564508158222,0.592226107477827,0.442031804341552,0.999997068196745,0.999983379322086,"group_idyes"
"13212","SHC4","Exc L4-5 RORB GABRG1",-0.197753115922615,2.18481194763614,3.18114738341724,0.0752805565856553,0.999997068196745,0.999983379322086,"group_idyes"
"13213","EID1","Exc L4-5 RORB GABRG1",0.00335305913264407,7.16229855196089,0.0016510869525074,0.967609099700895,0.999997068196745,0.999983379322086,"group_idyes"
"13214","SECISBP2L","Exc L4-5 RORB GABRG1",-0.00157246684862893,7.27951728266932,0.00517516822158747,0.942688119880096,0.999997068196745,0.999983379322086,"group_idyes"
"13215","AC013452.2","Exc L4-5 RORB GABRG1",-0.222255812738047,0.281071701742713,1.60055925869967,0.206589693794436,0.999997068196745,0.999983379322086,"group_idyes"
"13216","COPS2","Exc L4-5 RORB GABRG1",0.0548476382635628,5.73615201337149,2.81175863073376,0.0943880160268237,0.999997068196745,0.999983379322086,"group_idyes"
"13217","GALK2","Exc L4-5 RORB GABRG1",-0.01933453082474,6.5841607329808,0.515962120433389,0.981021912943559,0.999997068196745,0.999983379322086,"group_idyes"
"13218","FAM227B","Exc L4-5 RORB GABRG1",0.0942868425084343,3.69396568918787,1.5603885245958,0.21236781318303,0.999997068196745,0.999983379322086,"group_idyes"
"13219","FGF7","Exc L4-5 RORB GABRG1",0.0368040073671496,2.46118892871105,0.148680828807522,0.700012317965705,0.999997068196745,0.999983379322086,"group_idyes"
"13220","DTWD1","Exc L4-5 RORB GABRG1",0.0719022299427353,6.09732961556335,3.12992228686191,0.0776595998885366,0.999997068196745,0.999983379322086,"group_idyes"
"13221","ATP8B4","Exc L4-5 RORB GABRG1",-0.101684924604087,4.59845148076026,2.390530835884,0.122894316211833,0.999997068196745,0.999983379322086,"group_idyes"
"13222","SLC27A2","Exc L4-5 RORB GABRG1",0.0103250467452797,3.588535906023,0.0366261974566005,0.848329066034901,0.999997068196745,0.999983379322086,"group_idyes"
"13223","GABPB1","Exc L4-5 RORB GABRG1",-0.0227922841660005,5.30368036798074,0.594659199525008,0.441096404004094,0.999997068196745,0.999983379322086,"group_idyes"
"13224","GABPB1-AS1","Exc L4-5 RORB GABRG1",-0.0281287098829069,6.08562558199456,0.22031675495478,0.639064568029334,0.999997068196745,0.999983379322086,"group_idyes"
"13225","USP8","Exc L4-5 RORB GABRG1",-0.0257271336216368,6.27523764983224,1.10733818445254,0.293321770897387,0.999997068196745,0.999983379322086,"group_idyes"
"13226","USP50","Exc L4-5 RORB GABRG1",-0.00955748779306924,1.27311972338188,0.00495628406785784,0.943911168984703,0.999997068196745,0.999983379322086,"group_idyes"
"13227","TRPM7","Exc L4-5 RORB GABRG1",0.000835991105205368,7.17564236559077,0.000795758291387339,0.97750993585001,0.999997068196745,0.999983379322086,"group_idyes"
"13228","SPPL2A","Exc L4-5 RORB GABRG1",-0.0380203875041136,6.05394436401429,0.941658393999599,0.332461372886055,0.999997068196745,0.999983379322086,"group_idyes"
"13229","AC021752.1","Exc L4-5 RORB GABRG1",-0.079810153177931,4.31859940151174,1.68159721589918,0.195489547698101,0.999997068196745,0.999983379322086,"group_idyes"
"13230","AP4E1","Exc L4-5 RORB GABRG1",0.020686865517582,5.23802793386056,0.377056540295893,0.53954566874456,0.999997068196745,0.999983379322086,"group_idyes"
"13231","MIR4713HG","Exc L4-5 RORB GABRG1",-0.103308245490209,2.21598565774603,1.40126802672097,0.237242249422671,0.999997068196745,0.999983379322086,"group_idyes"
"13232","TNFAIP8L3","Exc L4-5 RORB GABRG1",-0.0375979008762187,3.27779528928297,0.29900857521307,0.584821629658035,0.999997068196745,0.999983379322086,"group_idyes"
"13233","GLDN","Exc L4-5 RORB GABRG1",-0.0886629268596497,5.62932107714546,1.73785508196605,0.188195125125458,0.999997068196745,0.999983379322086,"group_idyes"
"13234","AC066613.2","Exc L4-5 RORB GABRG1",-0.0179522384696029,2.99145862105393,0.0497990455288824,0.823531754486399,0.999997068196745,0.999983379322086,"group_idyes"
"13235","DMXL2","Exc L4-5 RORB GABRG1",-0.0124902738157935,7.222695230912,0.165715249829624,0.684174606246196,0.999997068196745,0.999983379322086,"group_idyes"
"13236","SCG3","Exc L4-5 RORB GABRG1",-0.00791337000893942,6.77522339474449,0.0216416827370638,0.883121369465398,0.999997068196745,0.999983379322086,"group_idyes"
"13237","AC020892.2","Exc L4-5 RORB GABRG1",-0.0377099543747681,1.79970884330533,0.0994587403586139,0.752651128084169,0.999997068196745,0.999983379322086,"group_idyes"
"13238","LYSMD2","Exc L4-5 RORB GABRG1",0.0320531145540109,5.28735838264738,0.35378370800988,0.552328686175307,0.999997068196745,0.999983379322086,"group_idyes"
"13239","TMOD2","Exc L4-5 RORB GABRG1",0.00766716177706452,7.69854946996158,0.0664584748896609,0.796702641507247,0.999997068196745,0.999983379322086,"group_idyes"
"13240","TMOD3","Exc L4-5 RORB GABRG1",-0.0256177759239991,5.607962481307,0.956136621232402,0.328776623112842,0.999997068196745,0.999983379322086,"group_idyes"
"13241","AC090971.2","Exc L4-5 RORB GABRG1",0.13892751393044,1.32247214221825,1.28761166853826,0.257195033280419,0.999997068196745,0.999983379322086,"group_idyes"
"13242","LEO1","Exc L4-5 RORB GABRG1",-0.0167437643049449,4.54466671040507,0.21187324555201,0.645563161001955,0.999997068196745,0.999983379322086,"group_idyes"
"13243","MAPK6","Exc L4-5 RORB GABRG1",0.00269959912049076,5.59242911624554,0.00607176188200067,0.937930997075323,0.999997068196745,0.999983379322086,"group_idyes"
"13244","GNB5","Exc L4-5 RORB GABRG1",-0.0210563587874178,7.43137526603746,0.968345070331916,0.325711688475143,0.999997068196745,0.999983379322086,"group_idyes"
"13245","AC023906.3","Exc L4-5 RORB GABRG1",0.104961399454447,2.20590721187766,0.731879277159177,0.392807178204725,0.999997068196745,0.999983379322086,"group_idyes"
"13246","AC023906.4","Exc L4-5 RORB GABRG1",-0.124101072947194,2.29669610332842,0.802716083881482,0.370842773090521,0.999997068196745,0.999983379322086,"group_idyes"
"13247","CERNA1","Exc L4-5 RORB GABRG1",-0.0172903811926414,3.03046365579504,0.0523519581142734,0.819141662820236,0.999997068196745,0.999983379322086,"group_idyes"
"13248","MYO5C","Exc L4-5 RORB GABRG1",0.00152231673745236,6.2012514750568,0.00071494327873499,0.978682230306006,0.999997068196745,0.999983379322086,"group_idyes"
"13249","MYO5A","Exc L4-5 RORB GABRG1",0.016397615107571,8.66194833260935,0.384482066290996,0.535581301121863,0.999997068196745,0.999983379322086,"group_idyes"
"13250","ARPP19","Exc L4-5 RORB GABRG1",0.0368082276235213,7.21286796338326,0.371511510382271,0.542541301596617,0.999997068196745,0.999983379322086,"group_idyes"
"13251","AC025917.1","Exc L4-5 RORB GABRG1",-0.108331801215378,0.690508141697389,0.481997398189378,0.487937971423542,0.999997068196745,0.999983379322086,"group_idyes"
"13252","FAM214A","Exc L4-5 RORB GABRG1",0.0213059964316432,6.19787484426179,0.215154876653894,0.643019047500049,0.999997068196745,0.999983379322086,"group_idyes"
"13253","UNC13C","Exc L4-5 RORB GABRG1",-0.0133856083743508,6.65548990279294,0.0544537127202126,0.815611263020356,0.999997068196745,0.999983379322086,"group_idyes"
"13254","RSL24D1","Exc L4-5 RORB GABRG1",0.0398675469176963,4.57185781501156,0.238625424561199,0.625478986149162,0.999997068196745,0.999983379322086,"group_idyes"
"13255","RAB27A","Exc L4-5 RORB GABRG1",0.00550132523439079,4.83656657809711,0.00804910549589002,0.928558946030918,0.999997068196745,0.999983379322086,"group_idyes"
"13256","PIGB","Exc L4-5 RORB GABRG1",-0.0707105911268151,4.14788025044949,1.9618287234711,0.162123881079898,0.999997068196745,0.999983379322086,"group_idyes"
"13257","CCPG1","Exc L4-5 RORB GABRG1",-0.0309119569432134,7.73951217496806,0.515908597296963,0.473028147052079,0.999997068196745,0.999983379322086,"group_idyes"
"13258","C15orf65","Exc L4-5 RORB GABRG1",-0.0842452450421456,2.29165152275978,1.19385389597999,0.409759310857976,0.999997068196745,0.999983379322086,"group_idyes"
"13259","DNAAF4","Exc L4-5 RORB GABRG1",-0.0480344876871871,5.09848051513715,0.872328729645995,0.350897231203162,0.999997068196745,0.999983379322086,"group_idyes"
"13260","PYGO1","Exc L4-5 RORB GABRG1",-0.00677127360604767,0.349425176944348,0.00175595140670859,0.966596906829806,0.999997068196745,0.999983379322086,"group_idyes"
"13261","PRTG","Exc L4-5 RORB GABRG1",-0.224195025203799,0.599659585765205,2.6338235226615,0.105428603555629,0.999997068196745,0.999983379322086,"group_idyes"
"13262","NEDD4","Exc L4-5 RORB GABRG1",-0.0449637258728665,1.68477331530476,0.184644505291569,0.667652397893009,0.999997068196745,0.999983379322086,"group_idyes"
"13263","RFX7","Exc L4-5 RORB GABRG1",-0.0161762969766937,7.20218239572435,0.21678187095363,0.641766442724628,0.999997068196745,0.999983379322086,"group_idyes"
"13264","TEX9","Exc L4-5 RORB GABRG1",0.0352167724633029,4.33950061911281,0.388298358936961,0.533564427145736,0.999997068196745,0.999983379322086,"group_idyes"
"13265","AC084782.1","Exc L4-5 RORB GABRG1",0.0211580089947428,1.88605013376844,0.068044206295815,0.794345558983955,0.999997068196745,0.999983379322086,"group_idyes"
"13266","AC084782.2","Exc L4-5 RORB GABRG1",0.095504935967741,1.06622829445597,0.78601457946202,0.375861799262741,0.999997068196745,0.999983379322086,"group_idyes"
"13267","MNS1","Exc L4-5 RORB GABRG1",0.0214126565753972,5.38007385370075,0.210880782073018,0.646337279163113,0.999997068196745,0.999983379322086,"group_idyes"
"13268","AC090518.1","Exc L4-5 RORB GABRG1",-0.0370241884373942,3.58916440594658,0.108002149989502,0.742609028527902,0.999997068196745,0.999983379322086,"group_idyes"
"13269","ZNF280D","Exc L4-5 RORB GABRG1",0.0056175680918206,6.05384569387935,0.0266361083790531,0.870442153229133,0.999997068196745,0.999983379322086,"group_idyes"
"13270","AC090517.4","Exc L4-5 RORB GABRG1",-0.0284909445804838,5.71911283474498,0.431010413712738,0.511886047298122,0.999997068196745,0.999983379322086,"group_idyes"
"13271","TCF12","Exc L4-5 RORB GABRG1",-0.0621261833416091,6.55330591027263,2.84020834162211,0.0927431611853423,0.999997068196745,0.999983379322086,"group_idyes"
"13272","POLR2M","Exc L4-5 RORB GABRG1",0.0768181017952484,3.59821907111217,1.98343907705782,0.483559421353017,0.999997068196745,0.999983379322086,"group_idyes"
"13273","ALDH1A2","Exc L4-5 RORB GABRG1",-0.173492854056959,3.90179706890427,2.63548939916867,0.105318887960728,0.999997068196745,0.999983379322086,"group_idyes"
"13274","LIPC","Exc L4-5 RORB GABRG1",-0.150355308209345,0.302718343359266,0.799558565479109,0.371784413409017,0.999997068196745,0.999983379322086,"group_idyes"
"13275","ADAM10","Exc L4-5 RORB GABRG1",-0.00817918698004116,6.77272214108599,0.062241352092634,0.803120977755669,0.999997068196745,0.999983379322086,"group_idyes"
"13276","MINDY2","Exc L4-5 RORB GABRG1",0.000454608448682073,6.20409401540121,0.000394110262087904,0.98417155960368,0.999997068196745,0.999983379322086,"group_idyes"
"13277","RNF111","Exc L4-5 RORB GABRG1",-0.00847146161342523,6.61552135002619,0.119671087139862,0.729580586235571,0.999997068196745,0.999983379322086,"group_idyes"
"13278","SLTM","Exc L4-5 RORB GABRG1",5.73540346763491e-05,6.4518322938772,4.91064740292703e-06,0.998233039369945,0.999997068196745,0.999983379322086,"group_idyes"
"13279","CCNB2","Exc L4-5 RORB GABRG1",-0.0776834562226214,0.46476579956658,0.221606881365645,0.638085055737265,0.999997068196745,0.999983379322086,"group_idyes"
"13280","MYO1E","Exc L4-5 RORB GABRG1",-0.0455556920577357,3.86370289965729,0.253547151773797,0.614876599025642,0.999997068196745,0.999983379322086,"group_idyes"
"13281","FAM81A","Exc L4-5 RORB GABRG1",-0.0013780200793799,7.34114121122553,0.00134575248418223,0.970755594613719,0.999997068196745,0.999983379322086,"group_idyes"
"13282","GTF2A2","Exc L4-5 RORB GABRG1",0.0235201114374927,4.88231974728937,0.215609793347814,0.64266823372556,0.999997068196745,0.999983379322086,"group_idyes"
"13283","BNIP2","Exc L4-5 RORB GABRG1",-0.00133689829154845,4.23806799129999,0.00143455355851454,0.995122588931447,0.999997068196745,0.999983379322086,"group_idyes"
"13284","FOXB1","Exc L4-5 RORB GABRG1",-0.198450671389778,0.254385599261247,1.40885026664557,0.235979728533841,0.999997068196745,0.999983379322086,"group_idyes"
"13285","ICE2","Exc L4-5 RORB GABRG1",-0.0204686377863435,5.49878115588227,0.420710342597903,0.788719645263536,0.999997068196745,0.999983379322086,"group_idyes"
"13286","RORA-AS1","Exc L4-5 RORB GABRG1",0.00299318055239419,4.19478782940394,0.00088400577580557,0.976296020885012,0.999997068196745,0.999983379322086,"group_idyes"
"13287","RORA","Exc L4-5 RORB GABRG1",0.0193022998676818,11.2560933262682,0.214615728713029,0.643435401341743,0.999997068196745,0.999983379322086,"group_idyes"
"13288","AC012404.1","Exc L4-5 RORB GABRG1",-0.0430848126330141,5.07086826182591,0.0907335751135263,0.763409362466261,0.999997068196745,0.999983379322086,"group_idyes"
"13289","AC104574.2","Exc L4-5 RORB GABRG1",0.124104784989265,1.94057792181196,1.23963941034818,0.266235692399185,0.999997068196745,0.999983379322086,"group_idyes"
"13290","AC018618.1","Exc L4-5 RORB GABRG1",-0.0535115846598964,0.521704657753194,0.132802942143478,0.715743583924006,0.999997068196745,0.999983379322086,"group_idyes"
"13291","AC009554.1","Exc L4-5 RORB GABRG1",-0.0279020400267699,3.11566139650312,0.0581965756833431,0.809497886286565,0.999997068196745,0.999983379322086,"group_idyes"
"13292","VPS13C","Exc L4-5 RORB GABRG1",0.02870799425736,7.54462748067911,0.921315548897835,0.337732616226697,0.999997068196745,0.999983379322086,"group_idyes"
"13293","TLN2","Exc L4-5 RORB GABRG1",-0.0253204084474908,6.66420737076051,0.454372715911873,0.500670495787077,0.999997068196745,0.999983379322086,"group_idyes"
"13294","AC100839.1","Exc L4-5 RORB GABRG1",0.0758046708239668,0.109214930225391,0.168749741321886,0.681454048782366,0.999997068196745,0.999983379322086,"group_idyes"
"13295","TPM1","Exc L4-5 RORB GABRG1",-0.00130110356393639,5.41790221461493,0.0012290586385301,0.972051727486178,0.999997068196745,0.999983379322086,"group_idyes"
"13296","AC087612.1","Exc L4-5 RORB GABRG1",0.212101598751336,0.130753740541514,1.22125753794594,0.269804617408831,0.999997068196745,0.999983379322086,"group_idyes"
"13297","LACTB","Exc L4-5 RORB GABRG1",-0.00724132409943077,3.55363613904377,0.0219292662785299,0.88235300378971,0.999997068196745,0.999983379322086,"group_idyes"
"13298","RPS27L","Exc L4-5 RORB GABRG1",-0.0235949921129138,4.64541662201075,0.158623354042558,0.690648061832832,0.999997068196745,0.999983379322086,"group_idyes"
"13299","RAB8B","Exc L4-5 RORB GABRG1",-0.0388446263301356,4.48192232057298,1.07698765656734,0.300024211168899,0.999997068196745,0.999983379322086,"group_idyes"
"13300","APH1B","Exc L4-5 RORB GABRG1",0.05150030326839,4.56577119550223,0.74664250719458,0.388079714852813,0.999997068196745,0.999983379322086,"group_idyes"
"13301","CA12","Exc L4-5 RORB GABRG1",0.264380664838818,0.869168629552905,2.69055216622927,0.101762124421655,0.999997068196745,0.999983379322086,"group_idyes"
"13302","USP3","Exc L4-5 RORB GABRG1",0.115790571020944,3.8320844322056,1.6924295370731,0.194059625941795,0.999997068196745,0.999983379322086,"group_idyes"
"13303","USP3-AS1","Exc L4-5 RORB GABRG1",0.0168298424533408,4.57159253567475,0.0935886008775463,0.759829092151733,0.999997068196745,0.999983379322086,"group_idyes"
"13304","FBXL22","Exc L4-5 RORB GABRG1",-0.0171526414289468,2.07126898941143,0.0434356561200647,0.835017400693062,0.999997068196745,0.999983379322086,"group_idyes"
"13305","HERC1","Exc L4-5 RORB GABRG1",0.00816484501300577,9.31908474581263,0.145969035354989,0.702628591873199,0.999997068196745,0.999983379322086,"group_idyes"
"13306","AC073167.1","Exc L4-5 RORB GABRG1",-0.023824291006856,4.14683628480102,0.0286112822680851,0.865768577960463,0.999997068196745,0.999983379322086,"group_idyes"
"13307","DAPK2","Exc L4-5 RORB GABRG1",0.0291425680321913,4.84849632814876,0.213113726091114,0.644598674842039,0.999997068196745,0.999983379322086,"group_idyes"
"13308","AC015914.1","Exc L4-5 RORB GABRG1",0.169059632166732,0.305328229535341,0.867938643437156,0.352110855335975,0.999997068196745,0.999983379322086,"group_idyes"
"13309","FAM96A","Exc L4-5 RORB GABRG1",0.00847235855254124,3.81819304760601,0.041973585767562,0.837778476234124,0.999997068196745,0.999983379322086,"group_idyes"
"13310","SNX1","Exc L4-5 RORB GABRG1",-0.0267259807393923,5.81724155947527,1.07541347801536,0.30037720001917,0.999997068196745,0.999983379322086,"group_idyes"
"13311","PPIB","Exc L4-5 RORB GABRG1",0.0557983220084449,3.70202950508512,0.573282516329378,0.449420921656106,0.999997068196745,0.999983379322086,"group_idyes"
"13312","CSNK1G1","Exc L4-5 RORB GABRG1",0.0259613658167783,4.39023110755446,0.406998432290648,0.523876448920996,0.999997068196745,0.999983379322086,"group_idyes"
"13313","TRIP4","Exc L4-5 RORB GABRG1",-0.00358225209855111,5.22004497222785,0.00705008644275312,0.933128095857731,0.999997068196745,0.999983379322086,"group_idyes"
"13314","ZNF609","Exc L4-5 RORB GABRG1",-0.0249815026665278,7.1995754279084,0.571072872651434,0.450295316785046,0.999997068196745,0.999983379322086,"group_idyes"
"13315","OAZ2","Exc L4-5 RORB GABRG1",0.00372240868106475,4.95294880795407,0.00566713352856544,0.940030770790137,0.999997068196745,0.999983379322086,"group_idyes"
"13316","AC100830.1","Exc L4-5 RORB GABRG1",-0.176370121046401,1.24040219636283,1.33373967015966,0.248857806528674,0.999997068196745,0.999983379322086,"group_idyes"
"13317","PIF1","Exc L4-5 RORB GABRG1",-0.118621233720691,1.69106832291109,1.2494741571968,0.264350444497453,0.999997068196745,0.999983379322086,"group_idyes"
"13318","AC069368.1","Exc L4-5 RORB GABRG1",-0.104999915945024,1.26772169031537,1.04913511760887,0.306349949594487,0.999997068196745,0.999983379322086,"group_idyes"
"13319","ANKDD1A","Exc L4-5 RORB GABRG1",-0.0296094652955062,5.41575460815604,0.546524873423917,0.460191919714284,0.999997068196745,0.999983379322086,"group_idyes"
"13320","SPG21","Exc L4-5 RORB GABRG1",0.0339007415547077,4.56901371374818,0.631565037819927,0.427271787404339,0.999997068196745,0.999983379322086,"group_idyes"
"13321","MTFMT","Exc L4-5 RORB GABRG1",-0.024760633331495,5.73189235602084,0.298431926760124,0.585183786815202,0.999997068196745,0.999983379322086,"group_idyes"
"13322","AC013553.4","Exc L4-5 RORB GABRG1",0.216172980218752,0.608574731634714,1.82800828664568,0.177157236527502,0.999997068196745,0.999983379322086,"group_idyes"
"13323","UBAP1L","Exc L4-5 RORB GABRG1",-0.028770879752631,6.6483572383967,0.68604967624909,0.408024808781568,0.999997068196745,0.999983379322086,"group_idyes"
"13324","PDCD7","Exc L4-5 RORB GABRG1",0.0127780869866796,6.51705249122974,0.0576625610052058,0.810357139395817,0.999997068196745,0.999983379322086,"group_idyes"
"13325","CLPX","Exc L4-5 RORB GABRG1",-0.0283038703944283,5.00513883755244,0.641799655824044,0.503840104216549,0.999997068196745,0.999983379322086,"group_idyes"
"13326","PARP16","Exc L4-5 RORB GABRG1",-0.0581791799267219,4.76979716849795,2.02477624471539,0.155562059263244,0.999997068196745,0.999983379322086,"group_idyes"
"13327","IGDCC3","Exc L4-5 RORB GABRG1",-0.0486531606237013,5.52454057575714,1.28900453149951,0.256938280421036,0.999997068196745,0.999983379322086,"group_idyes"
"13328","IGDCC4","Exc L4-5 RORB GABRG1",0.0287608788448781,1.70293662070229,0.0759768032581335,0.782973414750905,0.999997068196745,0.999983379322086,"group_idyes"
"13329","DPP8","Exc L4-5 RORB GABRG1",-0.0116829845868526,6.56461421813675,0.194193293899361,0.659696756346768,0.999997068196745,0.999983379322086,"group_idyes"
"13330","HACD3","Exc L4-5 RORB GABRG1",-0.0171672829806903,6.62169430185638,0.304976687873109,0.581099841035588,0.999997068196745,0.999983379322086,"group_idyes"
"13331","INTS14","Exc L4-5 RORB GABRG1",0.00742940919381113,4.05454176541273,0.031846423790361,0.858459069132288,0.999997068196745,0.999983379322086,"group_idyes"
"13332","SLC24A1","Exc L4-5 RORB GABRG1",-0.0900791251523646,1.70317316550539,0.592146365759718,0.442062512768256,0.999997068196745,0.999983379322086,"group_idyes"
"13333","DENND4A","Exc L4-5 RORB GABRG1",0.00993895771743673,8.30084226261107,0.100175206497521,0.751791137735989,0.999997068196745,0.999983379322086,"group_idyes"
"13334","RAB11A","Exc L4-5 RORB GABRG1",-0.0421882463070826,6.59334076222836,0.299345115259981,0.584610479375957,0.999997068196745,0.999983379322086,"group_idyes"
"13335","MEGF11","Exc L4-5 RORB GABRG1",-0.136061715379698,3.01981149382836,2.22370529973022,0.136725983001964,0.999997068196745,0.999983379322086,"group_idyes"
"13336","AC055855.2","Exc L4-5 RORB GABRG1",-0.137204464874253,2.15669525911341,2.39795116078994,0.215456537492982,0.999997068196745,0.999983379322086,"group_idyes"
"13337","DIS3L","Exc L4-5 RORB GABRG1",-0.00167002203258761,4.49428590152778,0.00127823661076918,0.971498302572467,0.999997068196745,0.999983379322086,"group_idyes"
"13338","AC055855.1","Exc L4-5 RORB GABRG1",0.00938793448481454,1.28498420777814,0.00922181689137919,0.923546515197238,0.999997068196745,0.999983379322086,"group_idyes"
"13339","TIPIN","Exc L4-5 RORB GABRG1",-0.0365941211704123,4.19374416616709,0.525414255423489,0.804226777614818,0.999997068196745,0.999983379322086,"group_idyes"
"13340","MAP2K1","Exc L4-5 RORB GABRG1",-0.013970085251001,6.42297971538875,0.213698162591239,0.644145449724812,0.999997068196745,0.999983379322086,"group_idyes"
"13341","AC116913.1","Exc L4-5 RORB GABRG1",0.0364774658882777,0.85688617029086,0.0795281517046879,0.778089501254459,0.999997068196745,0.999983379322086,"group_idyes"
"13342","SNAPC5","Exc L4-5 RORB GABRG1",-0.059398898857953,3.76518392085899,0.591648064490894,0.442254482526614,0.999997068196745,0.999983379322086,"group_idyes"
"13343","RPL4","Exc L4-5 RORB GABRG1",0.118008204350836,5.7559433858353,2.10081832343932,0.148034951988338,0.999997068196745,0.999983379322086,"group_idyes"
"13344","ZWILCH","Exc L4-5 RORB GABRG1",0.0236073483103426,3.10330745472803,0.113589515259823,0.736277736314023,0.999997068196745,0.999983379322086,"group_idyes"
"13345","LINC01169","Exc L4-5 RORB GABRG1",0.25200937578365,0.371384174289709,2.52288143878259,0.113026824371207,0.999997068196745,0.999983379322086,"group_idyes"
"13346","SMAD6","Exc L4-5 RORB GABRG1",-0.304298111794124,0.310248786072104,2.22347723040872,0.136746048923418,0.999997068196745,0.999983379322086,"group_idyes"
"13347","AC087482.1","Exc L4-5 RORB GABRG1",0.155810677862001,0.777128790663398,1.5644984115644,0.211767908086104,0.999997068196745,0.999983379322086,"group_idyes"
"13348","SMAD3","Exc L4-5 RORB GABRG1",-0.0680360108769629,4.87621668207316,1.00713586224598,0.316220740245931,0.999997068196745,0.999983379322086,"group_idyes"
"13349","AAGAB","Exc L4-5 RORB GABRG1",-0.0409403656661667,5.5186806182456,1.70346032883031,0.192616097176212,0.999997068196745,0.999983379322086,"group_idyes"
"13350","IQCH","Exc L4-5 RORB GABRG1",-0.016220559509225,4.69162523293792,0.0920069114907408,0.761805077874561,0.999997068196745,0.999983379322086,"group_idyes"
"13351","IQCH-AS1","Exc L4-5 RORB GABRG1",0.0468453388694088,4.02951255046617,0.809954311317231,0.36869672560439,0.999997068196745,0.999983379322086,"group_idyes"
"13352","C15orf61","Exc L4-5 RORB GABRG1",0.0998696352315119,4.41480595898929,2.86736281479213,0.0912023265574702,0.999997068196745,0.999983379322086,"group_idyes"
"13353","MAP2K5","Exc L4-5 RORB GABRG1",-0.0200190558783708,7.63557060774257,0.308780479111508,0.578752482621308,0.999997068196745,0.999983379322086,"group_idyes"
"13354","SKOR1","Exc L4-5 RORB GABRG1",-0.0828719146578181,1.3554838229594,0.550529917912825,0.458553967055075,0.999997068196745,0.999983379322086,"group_idyes"
"13355","PIAS1","Exc L4-5 RORB GABRG1",0.0068423983747189,7.37786069081731,0.114214149324285,0.735580797708953,0.999997068196745,0.999983379322086,"group_idyes"
"13356","AC107871.1","Exc L4-5 RORB GABRG1",0.160602719076902,1.31116856464046,2.54459959018815,0.111493061898534,0.999997068196745,0.999983379322086,"group_idyes"
"13357","CLN6","Exc L4-5 RORB GABRG1",-0.0893321232056738,1.22369423683708,0.64121387562464,0.423765792308268,0.999997068196745,0.999983379322086,"group_idyes"
"13358","FEM1B","Exc L4-5 RORB GABRG1",0.0484248670321982,6.1081498555256,1.05503368829628,0.304995970954773,0.999997068196745,0.999983379322086,"group_idyes"
"13359","ITGA11","Exc L4-5 RORB GABRG1",-0.0298349290951693,1.16665303510556,0.0319116724677484,0.858315683114582,0.999997068196745,0.999983379322086,"group_idyes"
"13360","CORO2B","Exc L4-5 RORB GABRG1",-0.0203429015487986,7.15628050589595,0.357704283973419,0.550135895267981,0.999997068196745,0.999983379322086,"group_idyes"
"13361","ANP32A","Exc L4-5 RORB GABRG1",-0.0110923581048117,5.57501294542226,0.0944162382107785,0.758802408579662,0.999997068196745,0.999983379322086,"group_idyes"
"13362","SPESP1","Exc L4-5 RORB GABRG1",-0.0469481822698765,4.66640184066493,1.00637768821582,0.316402726292221,0.999997068196745,0.999983379322086,"group_idyes"
"13363","NOX5","Exc L4-5 RORB GABRG1",-0.272676353185019,3.17208858070431,4.24337609231244,0.040075871804815,0.999997068196745,0.999983379322086,"group_idyes"
"13364","EWSAT1","Exc L4-5 RORB GABRG1",-0.65678645989098,0.641626198495997,14.1065153330108,0.000199465388970385,0.512031118908753,0.448809213994819,"group_idyes"
"13365","GLCE","Exc L4-5 RORB GABRG1",-0.041696632434082,4.81006105745893,0.539652700235782,0.46302420062795,0.999997068196745,0.999983379322086,"group_idyes"
"13366","PAQR5","Exc L4-5 RORB GABRG1",-0.218698980786335,0.303540173494904,1.49029300187901,0.222918648988632,0.999997068196745,0.999983379322086,"group_idyes"
"13367","KIF23","Exc L4-5 RORB GABRG1",-0.0470850045426696,1.01726590017814,0.169597003509283,0.680699552435783,0.999997068196745,0.999983379322086,"group_idyes"
"13368","RPLP1","Exc L4-5 RORB GABRG1",0.0725336981572784,5.72143773508124,0.407789938362436,0.523473335528374,0.999997068196745,0.999983379322086,"group_idyes"
"13369","AC027237.2","Exc L4-5 RORB GABRG1",-0.199655681610093,0.864635931292306,2.36076863240199,0.125242839568639,0.999997068196745,0.999983379322086,"group_idyes"
"13370","DRAIC","Exc L4-5 RORB GABRG1",-0.0599518741327013,3.56615412063221,0.692602886218729,0.405796725463197,0.999997068196745,0.999983379322086,"group_idyes"
"13371","TLE3","Exc L4-5 RORB GABRG1",-0.0961409759488236,4.55322943867742,2.4575898910529,0.117780202065085,0.999997068196745,0.999983379322086,"group_idyes"
"13372","UACA","Exc L4-5 RORB GABRG1",0.343604855763049,0.624061600300091,6.2136630214622,0.0130965259762414,0.999997068196745,0.999983379322086,"group_idyes"
"13373","LARP6","Exc L4-5 RORB GABRG1",0.05542221485452,4.83497085198537,0.701070185367717,0.402944142032526,0.999997068196745,0.999983379322086,"group_idyes"
"13374","LRRC49","Exc L4-5 RORB GABRG1",-0.0207600003322963,6.9390428507905,0.406709360122857,0.524023810705761,0.999997068196745,0.999983379322086,"group_idyes"
"13375","THAP10","Exc L4-5 RORB GABRG1",0.0921476817541,3.42020712449305,1.7653975624155,0.18474021381382,0.999997068196745,0.999983379322086,"group_idyes"
"13376","THSD4","Exc L4-5 RORB GABRG1",0.115368857125252,4.03420109239042,1.82566546913864,0.17743439880131,0.999997068196745,0.999983379322086,"group_idyes"
"13377","THSD4-AS1","Exc L4-5 RORB GABRG1",-0.0321909819905913,5.20169201343052,0.205136862023559,0.65086139376255,0.999997068196745,0.999983379322086,"group_idyes"
"13378","AC104938.1","Exc L4-5 RORB GABRG1",0.15116025351076,0.0967134534367426,0.713843825201602,0.398695799208088,0.999997068196745,0.999983379322086,"group_idyes"
"13379","MYO9A","Exc L4-5 RORB GABRG1",-0.00132796352439069,8.01869582807988,0.00284386073452743,0.95749836129985,0.999997068196745,0.999983379322086,"group_idyes"
"13380","AC022872.1","Exc L4-5 RORB GABRG1",0.0237177963733687,2.03024607003456,0.029355195974736,0.864051554123203,0.999997068196745,0.999983379322086,"group_idyes"
"13381","SENP8","Exc L4-5 RORB GABRG1",-0.0158373349833544,3.12236981423995,0.0643064113405132,0.799950031404236,0.999997068196745,0.999983379322086,"group_idyes"
"13382","AC020779.2","Exc L4-5 RORB GABRG1",-0.0533954955265016,0.531052559928865,0.129021889898347,0.938825327100178,0.999997068196745,0.999983379322086,"group_idyes"
"13383","GRAMD2A","Exc L4-5 RORB GABRG1",-0.0296398658406857,1.35004877243119,0.0737711197093456,0.786068828433068,0.999997068196745,0.999983379322086,"group_idyes"
"13384","PKM","Exc L4-5 RORB GABRG1",0.0104178712147413,7.77478593874619,0.0212492150027324,0.884178430497061,0.999997068196745,0.999983379322086,"group_idyes"
"13385","PARP6","Exc L4-5 RORB GABRG1",0.00316970823059351,4.93091333433502,0.00860543134185989,0.926138174365682,0.999997068196745,0.999983379322086,"group_idyes"
"13386","AC009690.3","Exc L4-5 RORB GABRG1",-0.00691984103082537,3.37952215471808,0.00836384133360205,0.927179422156955,0.999997068196745,0.999983379322086,"group_idyes"
"13387","AC009690.2","Exc L4-5 RORB GABRG1",-0.0338954350683739,3.39464635782907,0.106160840785287,0.744735169407114,0.999997068196745,0.999983379322086,"group_idyes"
"13388","AC009690.1","Exc L4-5 RORB GABRG1",-0.0304387999876229,5.97239488509971,0.47952098592173,0.489057115424477,0.999997068196745,0.999983379322086,"group_idyes"
"13389","TMEM202-AS1","Exc L4-5 RORB GABRG1",0.123638683858567,3.65564820438739,3.40425340080175,0.0657968963844259,0.999997068196745,0.999983379322086,"group_idyes"
"13390","ARIH1","Exc L4-5 RORB GABRG1",-0.0208341600470712,7.55900898081781,0.679352485408078,0.410320466188739,0.999997068196745,0.999983379322086,"group_idyes"
"13391","BBS4","Exc L4-5 RORB GABRG1",-0.0472084457307277,4.42395144483753,0.858957345756079,0.354611658287994,0.999997068196745,0.999983379322086,"group_idyes"
"13392","ADPGK","Exc L4-5 RORB GABRG1",-0.0880453890176371,4.16730746165652,3.85851141961718,0.0502136919348406,0.999997068196745,0.999983379322086,"group_idyes"
"13393","NEO1","Exc L4-5 RORB GABRG1",-0.0243006213587709,7.64870454403128,0.414836380410684,0.519908685419705,0.999997068196745,0.999983379322086,"group_idyes"
"13394","HCN4","Exc L4-5 RORB GABRG1",-0.130855748351648,0.825167146012603,0.902022201461991,0.342836281668767,0.999997068196745,0.999983379322086,"group_idyes"
"13395","REC114","Exc L4-5 RORB GABRG1",0.0116170050365505,1.35417165973432,0.0121919941228558,0.912135958605071,0.999997068196745,0.999983379322086,"group_idyes"
"13396","NPTN","Exc L4-5 RORB GABRG1",-0.000756566033934089,7.80942703437639,0.000425577332902249,0.983551881951743,0.999997068196745,0.999983379322086,"group_idyes"
"13397","CD276","Exc L4-5 RORB GABRG1",-0.0445724193800187,4.87393151168425,1.04002461823614,0.308456599179867,0.999997068196745,0.999983379322086,"group_idyes"
"13398","C15orf59","Exc L4-5 RORB GABRG1",-0.00492302890884994,2.23347422094548,0.00269596058954112,0.958617282010986,0.999997068196745,0.999983379322086,"group_idyes"
"13399","STOML1","Exc L4-5 RORB GABRG1",0.0302890776656237,3.95769802006991,0.205224621231176,0.650791699997909,0.999997068196745,0.999983379322086,"group_idyes"
"13400","PML","Exc L4-5 RORB GABRG1",0.00257981147943095,3.24455978077946,0.00249330558181518,0.96295926333418,0.999997068196745,0.999983379322086,"group_idyes"
"13401","ISLR2","Exc L4-5 RORB GABRG1",0.0523223275398538,1.24327959579762,0.13690885884332,0.711577171563804,0.999997068196745,0.999983379322086,"group_idyes"
"13402","AC010931.3","Exc L4-5 RORB GABRG1",-0.138129559236981,2.15706007539721,0.544281550709375,0.461113439258512,0.999997068196745,0.999983379322086,"group_idyes"
"13403","ISLR","Exc L4-5 RORB GABRG1",0.00107640732983207,0.643378144748666,0.000212146884263832,0.988386562500892,0.999997068196745,0.999983379322086,"group_idyes"
"13404","CCDC33","Exc L4-5 RORB GABRG1",-0.0553289342569694,0.474685736692852,0.140723395394811,0.886128947599319,0.999997068196745,0.999983379322086,"group_idyes"
"13405","SEMA7A","Exc L4-5 RORB GABRG1",-0.0098817473660182,4.53611166957185,0.0362206355097723,0.849160958162352,0.999997068196745,0.999983379322086,"group_idyes"
"13406","UBL7","Exc L4-5 RORB GABRG1",-0.0111152927196246,3.27607169405245,0.0171588612999708,0.89585023333748,0.999997068196745,0.999983379322086,"group_idyes"
"13407","UBL7-AS1","Exc L4-5 RORB GABRG1",-0.00035564512441119,1.06893212089147,4.68710184644172e-05,0.994541081037357,0.999997068196745,0.999983379322086,"group_idyes"
"13408","AC012435.2","Exc L4-5 RORB GABRG1",-0.206592675886982,1.27278694566385,3.9531837873818,0.0474909837885943,0.999997068196745,0.999983379322086,"group_idyes"
"13409","ARID3B","Exc L4-5 RORB GABRG1",-0.110496056468455,3.25623754572646,1.9291028455906,0.165660088505646,0.999997068196745,0.999983379322086,"group_idyes"
"13410","CLK3","Exc L4-5 RORB GABRG1",0.0148621696422333,3.70041196152513,0.120981637438043,0.728162474180209,0.999997068196745,0.999983379322086,"group_idyes"
"13411","EDC3","Exc L4-5 RORB GABRG1",-0.06132679253264,4.82020583499297,4.02701649582551,0.045476292312696,0.999997068196745,0.999983379322086,"group_idyes"
"13412","CSK","Exc L4-5 RORB GABRG1",-0.00576141268734831,3.48432798559642,0.0129546450489511,0.909490580606251,0.999997068196745,0.999983379322086,"group_idyes"
"13413","ULK3","Exc L4-5 RORB GABRG1",0.00799539713100874,5.22529178963862,0.0301933382006253,0.862143660935789,0.999997068196745,0.999983379322086,"group_idyes"
"13414","SCAMP2","Exc L4-5 RORB GABRG1",-0.0664595990094583,3.63555432257108,2.15837046176128,0.152130898724241,0.999997068196745,0.999983379322086,"group_idyes"
"13415","MPI","Exc L4-5 RORB GABRG1",0.0201049316543063,2.98313473023976,0.0693709565191964,0.792395880980208,0.999997068196745,0.999983379322086,"group_idyes"
"13416","FAM219B","Exc L4-5 RORB GABRG1",0.00437903438370795,4.49764249708812,0.0114732262574026,0.914755050088054,0.999997068196745,0.999983379322086,"group_idyes"
"13417","COX5A","Exc L4-5 RORB GABRG1",-0.0548939477339691,4.74653490472285,0.372642359098111,0.541927893061724,0.999997068196745,0.999983379322086,"group_idyes"
"13418","RPP25","Exc L4-5 RORB GABRG1",0.0459248995546519,2.44837724650567,0.180506514101981,0.671175819966466,0.999997068196745,0.999983379322086,"group_idyes"
"13419","SCAMP5","Exc L4-5 RORB GABRG1",0.0151172689631384,7.34329378730991,0.19953199121899,0.655350207189292,0.999997068196745,0.999983379322086,"group_idyes"
"13420","PPCDC","Exc L4-5 RORB GABRG1",0.0284670683713669,5.24806090352777,0.297027394182773,0.586067792066142,0.999997068196745,0.999983379322086,"group_idyes"
"13421","C15orf39","Exc L4-5 RORB GABRG1",0.015608597089918,1.18283765042461,0.0175151073257268,0.894780876804703,0.999997068196745,0.999983379322086,"group_idyes"
"13422","COMMD4","Exc L4-5 RORB GABRG1",0.00360392626349196,3.97429478548359,0.00581881723205528,0.939235055862233,0.999997068196745,0.999983379322086,"group_idyes"
"13423","AC068338.3","Exc L4-5 RORB GABRG1",0.0828040381583693,1.88675934391986,0.56632217737697,0.452184286998033,0.999997068196745,0.999983379322086,"group_idyes"
"13424","NEIL1","Exc L4-5 RORB GABRG1",-0.0229565793940274,5.50832688752494,0.218007378688606,0.640826710678252,0.999997068196745,0.999983379322086,"group_idyes"
"13425","MAN2C1","Exc L4-5 RORB GABRG1",0.029678778228052,5.32438380052197,0.513616250896291,0.474012407869667,0.999997068196745,0.999983379322086,"group_idyes"
"13426","SIN3A","Exc L4-5 RORB GABRG1",-0.0513412100652691,5.0596730850518,2.00684021732761,0.157400350244766,0.999997068196745,0.999983379322086,"group_idyes"
"13427","PTPN9","Exc L4-5 RORB GABRG1",-0.0370436015757787,6.38304241310512,1.06750769561526,0.302158105735115,0.999997068196745,0.999983379322086,"group_idyes"
"13428","SNUPN","Exc L4-5 RORB GABRG1",-0.0391761316191457,3.86946182354829,0.788000914188564,0.37525989809147,0.999997068196745,0.999983379322086,"group_idyes"
"13429","IMP3","Exc L4-5 RORB GABRG1",0.00813778265310674,3.71872352773272,0.00749710529867515,0.931045777563847,0.999997068196745,0.999983379322086,"group_idyes"
"13430","SNX33","Exc L4-5 RORB GABRG1",0.113160084075898,1.6233983160921,1.55482779684548,0.213182716399419,0.999997068196745,0.999983379322086,"group_idyes"
"13431","DNM1P35","Exc L4-5 RORB GABRG1",-0.118499890460209,2.20975128648511,2.11766774078625,0.146423563707341,0.999997068196745,0.999983379322086,"group_idyes"
"13432","UBE2Q2","Exc L4-5 RORB GABRG1",-0.0201392562709544,5.16145551454677,0.444367181116897,0.505421652658099,0.999997068196745,0.999983379322086,"group_idyes"
"13433","FBXO22","Exc L4-5 RORB GABRG1",0.00883307426800074,6.18409946232126,0.0611372132146263,0.804839368137763,0.999997068196745,0.999983379322086,"group_idyes"
"13434","NRG4","Exc L4-5 RORB GABRG1",-0.0043686802275083,5.65009324448688,0.00511130149950779,0.943042253102882,0.999997068196745,0.999983379322086,"group_idyes"
"13435","TMEM266","Exc L4-5 RORB GABRG1",-0.106227542979229,5.77639547232034,5.34264027200357,0.0213376596552209,0.999997068196745,0.999983379322086,"group_idyes"
"13436","ETFA","Exc L4-5 RORB GABRG1",0.00940952419220381,4.90693171836875,0.0333927548951919,0.855100758051559,0.999997068196745,0.999983379322086,"group_idyes"
"13437","SCAPER","Exc L4-5 RORB GABRG1",-0.00782850041614946,8.02332181007294,0.0448864333045303,0.832325183002538,0.999997068196745,0.999983379322086,"group_idyes"
"13438","RCN2","Exc L4-5 RORB GABRG1",-0.0105892588992086,5.65637147642278,0.0510800265002723,0.821314510446461,0.999997068196745,0.999983379322086,"group_idyes"
"13439","PSTPIP1","Exc L4-5 RORB GABRG1",0.113732201370016,0.781691073967377,0.578354032414272,0.447424023631139,0.999997068196745,0.999983379322086,"group_idyes"
"13440","TSPAN3","Exc L4-5 RORB GABRG1",0.00851392668362796,6.14405765228206,0.0783165357478649,0.779742283645538,0.999997068196745,0.999983379322086,"group_idyes"
"13441","PEAK1","Exc L4-5 RORB GABRG1",0.000582811944254797,7.30223635081124,0.000311947827522009,0.985917615483135,0.999997068196745,0.999983379322086,"group_idyes"
"13442","HMG20A","Exc L4-5 RORB GABRG1",0.00947545852191431,6.25436647056861,0.139318504000537,0.709165025641473,0.999997068196745,0.999983379322086,"group_idyes"
"13443","AC046168.2","Exc L4-5 RORB GABRG1",0.0733460890593509,1.49562055914082,0.527917575166238,0.467925499237191,0.999997068196745,0.999983379322086,"group_idyes"
"13444","LINGO1","Exc L4-5 RORB GABRG1",0.0438462035795118,8.76853806793123,0.236852449330957,0.626765868083323,0.999997068196745,0.999983379322086,"group_idyes"
"13445","TBC1D2B","Exc L4-5 RORB GABRG1",-0.0468073551613967,5.41985828560882,1.17471771676576,0.279112747306881,0.999997068196745,0.999983379322086,"group_idyes"
"13446","CIB2","Exc L4-5 RORB GABRG1",-0.166085053949105,1.35168884540431,2.42729813128004,0.12006044922587,0.999997068196745,0.999983379322086,"group_idyes"
"13447","IDH3A","Exc L4-5 RORB GABRG1",-0.0111220036786545,5.47347972148578,0.0648760494976271,0.799084903797466,0.999997068196745,0.999983379322086,"group_idyes"
"13448","ACSBG1","Exc L4-5 RORB GABRG1",-0.158332114370288,0.912074945690375,1.66689392095277,0.266233419868057,0.999997068196745,0.999983379322086,"group_idyes"
"13449","DNAJA4","Exc L4-5 RORB GABRG1",0.0530629615253306,5.04655133701644,0.799315965144279,0.371856900526071,0.999997068196745,0.999983379322086,"group_idyes"
"13450","WDR61","Exc L4-5 RORB GABRG1",-0.0303682606991362,5.35102087704933,0.80627905334505,0.698345046095888,0.999997068196745,0.999983379322086,"group_idyes"
"13451","CRABP1","Exc L4-5 RORB GABRG1",-0.0505667772506902,1.38228595805994,0.140054056881704,0.708433449583596,0.999997068196745,0.999983379322086,"group_idyes"
"13452","IREB2","Exc L4-5 RORB GABRG1",0.0140954787150283,6.29613633061703,0.295344779399078,0.587130398432638,0.999997068196745,0.999983379322086,"group_idyes"
"13453","HYKK","Exc L4-5 RORB GABRG1",-0.121794538170949,1.16445937197391,1.12245314907526,0.290055527849285,0.999997068196745,0.999983379322086,"group_idyes"
"13454","PSMA4","Exc L4-5 RORB GABRG1",-0.00463661106837971,4.84821647182274,0.00698156431688919,0.933453103211919,0.999997068196745,0.999983379322086,"group_idyes"
"13455","CHRNA5","Exc L4-5 RORB GABRG1",0.154974174473227,1.14410602897897,1.2306783358903,0.267968101486194,0.999997068196745,0.999983379322086,"group_idyes"
"13456","CHRNB4","Exc L4-5 RORB GABRG1",0.101003724240996,0.752395639978925,0.44692431012666,0.504200077762099,0.999997068196745,0.999983379322086,"group_idyes"
"13457","ADAMTS7","Exc L4-5 RORB GABRG1",-0.144769022041042,0.755726318067742,0.875202364167457,0.350105917026396,0.999997068196745,0.999983379322086,"group_idyes"
"13458","MORF4L1","Exc L4-5 RORB GABRG1",0.0169532306573558,7.23230928854463,0.104979833952712,0.746109624002552,0.999997068196745,0.999983379322086,"group_idyes"
"13459","CTSH","Exc L4-5 RORB GABRG1",-0.0573066580372032,2.691556622682,0.747224599529641,0.387894992148578,0.999997068196745,0.999983379322086,"group_idyes"
"13460","RASGRF1","Exc L4-5 RORB GABRG1",-0.0525819035863527,6.88076785931946,2.44382596140911,0.118810282117267,0.999997068196745,0.999983379322086,"group_idyes"
"13461","AC011944.1","Exc L4-5 RORB GABRG1",0.0685047274488554,1.3497271450527,0.167542427917742,0.682533010212667,0.999997068196745,0.999983379322086,"group_idyes"
"13462","ANKRD34C-AS1","Exc L4-5 RORB GABRG1",-0.00825914418398457,7.0001857657933,0.0383827046319294,0.844780097433167,0.999997068196745,0.999983379322086,"group_idyes"
"13463","ANKRD34C","Exc L4-5 RORB GABRG1",0.122909557814377,2.33635260165157,1.60323555712539,0.206211410241921,0.999997068196745,0.999983379322086,"group_idyes"
"13464","TMED3","Exc L4-5 RORB GABRG1",0.0386961945352795,4.06252988364242,0.595705274606204,0.440695179163951,0.999997068196745,0.999983379322086,"group_idyes"
"13465","KIAA1024","Exc L4-5 RORB GABRG1",0.0871890333651246,1.21175489781693,0.551558000674122,0.504256955392909,0.999997068196745,0.999983379322086,"group_idyes"
"13466","MTHFS","Exc L4-5 RORB GABRG1",-0.00196719407265707,1.45405034630788,0.000337113189465168,0.985360667942035,0.999997068196745,0.999983379322086,"group_idyes"
"13467","ZFAND6","Exc L4-5 RORB GABRG1",0.00165786503534796,4.3445093072998,0.00129379093753504,0.971325488830757,0.999997068196745,0.999983379322086,"group_idyes"
"13468","FAH","Exc L4-5 RORB GABRG1",-0.142173102665492,0.681054082169902,0.945026450745782,0.331599292738736,0.999997068196745,0.999983379322086,"group_idyes"
"13469","CTXND1","Exc L4-5 RORB GABRG1",-0.0981956451591771,0.0868267324811803,0.253591437320188,0.61484572063,0.999997068196745,0.999983379322086,"group_idyes"
"13470","AC016705.2","Exc L4-5 RORB GABRG1",-0.076616375063491,2.90572849762506,0.978947763071338,0.323080571463114,0.999997068196745,0.999983379322086,"group_idyes"
"13471","ARNT2","Exc L4-5 RORB GABRG1",-0.0710687904439141,7.69399843277975,3.50198431504535,0.0620540482568862,0.999997068196745,0.999983379322086,"group_idyes"
"13472","AC108451.1","Exc L4-5 RORB GABRG1",0.0302625637183188,0.778708234948147,0.0421492608380208,0.837444096849762,0.999997068196745,0.999983379322086,"group_idyes"
"13473","ABHD17C","Exc L4-5 RORB GABRG1",0.0068217171129602,4.89265721309417,0.0321244722807121,0.857849097114411,0.999997068196745,0.999983379322086,"group_idyes"
"13474","CEMIP","Exc L4-5 RORB GABRG1",0.0322734293972228,7.47702079874009,0.35827929618966,0.549815662555863,0.999997068196745,0.999983379322086,"group_idyes"
"13475","AC027808.1","Exc L4-5 RORB GABRG1",-0.032801227091615,2.08931347323047,0.119700394778248,0.729548778368495,0.999997068196745,0.999983379322086,"group_idyes"
"13476","MESD","Exc L4-5 RORB GABRG1",0.01501190651084,4.5837317051135,0.139488669731728,0.708995584557416,0.999997068196745,0.999983379322086,"group_idyes"
"13477","TLNRD1","Exc L4-5 RORB GABRG1",0.0425784591676642,3.68770763738351,0.708788807937356,0.579989275180707,0.999997068196745,0.999983379322086,"group_idyes"
"13478","CFAP161","Exc L4-5 RORB GABRG1",0.0997215966230296,5.92934930885778,1.54728270030404,0.214294386682811,0.999997068196745,0.999983379322086,"group_idyes"
"13479","IL16","Exc L4-5 RORB GABRG1",-0.0660019766624367,2.94718611518618,0.555812407932606,0.456407652924428,0.999997068196745,0.999983379322086,"group_idyes"
"13480","STARD5","Exc L4-5 RORB GABRG1",-0.00397774540831359,2.56883101333599,0.00251471171849015,0.960031348735979,0.999997068196745,0.999983379322086,"group_idyes"
"13481","TMC3-AS1","Exc L4-5 RORB GABRG1",-0.0184361737403251,4.35390418683752,0.116271631755647,0.733300058458071,0.999997068196745,0.999983379322086,"group_idyes"
"13482","TMC3","Exc L4-5 RORB GABRG1",-0.0224946657287793,0.804328979809416,0.0307010237690399,0.977857659012228,0.999997068196745,0.999983379322086,"group_idyes"
"13483","AC060809.1","Exc L4-5 RORB GABRG1",-0.0999305066450206,3.65114023726416,2.08755382199186,0.149317639664442,0.999997068196745,0.999983379322086,"group_idyes"
"13484","AC104041.1","Exc L4-5 RORB GABRG1",0.184334225643174,2.63438101868327,2.06398546216615,0.151627947462642,0.999997068196745,0.999983379322086,"group_idyes"
"13485","AC025219.1","Exc L4-5 RORB GABRG1",0.206169533584447,0.314378884912141,1.31133109338837,0.252865647520239,0.999997068196745,0.999983379322086,"group_idyes"
"13486","MEX3B","Exc L4-5 RORB GABRG1",0.0557263246302191,1.52766874410151,0.330188506267116,0.565883949647575,0.999997068196745,0.999983379322086,"group_idyes"
"13487","EFL1","Exc L4-5 RORB GABRG1",-0.047863522243978,4.61442304300807,1.22150417461386,0.518219063238469,0.999997068196745,0.999983379322086,"group_idyes"
"13488","SAXO2","Exc L4-5 RORB GABRG1",-0.000769097717064063,4.81414846001713,0.000214435517336543,0.988324092331347,0.999997068196745,0.999983379322086,"group_idyes"
"13489","GOLGA6L10","Exc L4-5 RORB GABRG1",0.0753042947013353,2.69050948826341,0.313439209302867,0.575903187423168,0.999997068196745,0.999983379322086,"group_idyes"
"13490","GOLGA6L9","Exc L4-5 RORB GABRG1",0.0130552848134738,2.6357019080096,0.0236993917689099,0.87773297934743,0.999997068196745,0.999983379322086,"group_idyes"
"13491","RPS17","Exc L4-5 RORB GABRG1",-0.0962235528154293,1.84599691960034,0.202723034360406,0.652785414002106,0.999997068196745,0.999983379322086,"group_idyes"
"13492","AC245033.1","Exc L4-5 RORB GABRG1",-0.133074241808923,1.3112517997235,1.4373542581098,0.231305871412961,0.999997068196745,0.999983379322086,"group_idyes"
"13493","AC245033.2","Exc L4-5 RORB GABRG1",-0.0337029637868927,1.70867996766749,0.0707863027329889,0.790337868499357,0.999997068196745,0.999983379322086,"group_idyes"
"13494","CPEB1","Exc L4-5 RORB GABRG1",-0.0458427435119274,5.12957860302243,1.06264793220055,0.303259628369649,0.999997068196745,0.999983379322086,"group_idyes"
"13495","CPEB1-AS1","Exc L4-5 RORB GABRG1",0.0212150995783925,3.58673587561978,0.144515301333031,0.704042603581533,0.999997068196745,0.999983379322086,"group_idyes"
"13496","AP3B2","Exc L4-5 RORB GABRG1",-0.038402751340112,6.57453532378127,1.85972274198314,0.17345416701188,0.999997068196745,0.999983379322086,"group_idyes"
"13497","SNHG21","Exc L4-5 RORB GABRG1",-0.0267558532755771,3.38040472487361,0.176650687188764,0.674502171987745,0.999997068196745,0.999983379322086,"group_idyes"
"13498","FSD2","Exc L4-5 RORB GABRG1",-0.0672058975402537,1.81904290014483,0.367416370000266,0.544773407362884,0.999997068196745,0.999983379322086,"group_idyes"
"13499","WHAMM","Exc L4-5 RORB GABRG1",0.00483209269211726,4.30643788420221,0.0176027076744732,0.894519623015789,0.999997068196745,0.999983379322086,"group_idyes"
"13500","HOMER2","Exc L4-5 RORB GABRG1",-0.0221007094681273,5.35729809159976,0.317378284921526,0.573515662498776,0.999997068196745,0.999983379322086,"group_idyes"
"13501","AC022558.2","Exc L4-5 RORB GABRG1",-0.120191991541327,2.63087430854494,1.68593312446255,0.194915706125779,0.999997068196745,0.999983379322086,"group_idyes"
"13502","C15orf40","Exc L4-5 RORB GABRG1",-0.0293194319346264,4.53397748960218,0.306100542996547,0.580404316519661,0.999997068196745,0.999983379322086,"group_idyes"
"13503","BTBD1","Exc L4-5 RORB GABRG1",-0.057578068395173,5.392325646149,3.10620632456402,0.0787884288524198,0.999997068196745,0.999983379322086,"group_idyes"
"13504","TM6SF1","Exc L4-5 RORB GABRG1",-0.0125982570371198,4.24197631683438,0.0367713319473375,0.84803252580635,0.999997068196745,0.999983379322086,"group_idyes"
"13505","HDGFL3","Exc L4-5 RORB GABRG1",0.0240047851297255,6.79348663701195,1.08279276470189,0.298727110002964,0.999997068196745,0.999983379322086,"group_idyes"
"13506","AC103876.1","Exc L4-5 RORB GABRG1",0.0164061526534277,4.2371344592371,0.0941077376151078,0.759184525529546,0.999997068196745,0.999983379322086,"group_idyes"
"13507","SH3GL3","Exc L4-5 RORB GABRG1",0.000448006904873563,8.28028935801985,0.000105503877635758,0.991809990453985,0.999997068196745,0.999983379322086,"group_idyes"
"13508","ADAMTSL3","Exc L4-5 RORB GABRG1",0.0205045516455783,5.30769191509812,0.0835378119648363,0.772714795859396,0.999997068196745,0.999983379322086,"group_idyes"
"13509","UBE2Q2L","Exc L4-5 RORB GABRG1",-0.0108983843724723,3.87990824365152,0.0373439800622471,0.846868366141745,0.999997068196745,0.999983379322086,"group_idyes"
"13510","GOLGA6L4","Exc L4-5 RORB GABRG1",-0.0785564128408953,2.08974069062981,0.841675291458633,0.973344258134403,0.999997068196745,0.999983379322086,"group_idyes"
"13511","AC048382.5","Exc L4-5 RORB GABRG1",-0.0235361730895527,2.60954321450973,0.10317334427466,0.838914081310159,0.999997068196745,0.999983379322086,"group_idyes"
"13512","ZSCAN2","Exc L4-5 RORB GABRG1",0.0050883783189516,1.99731661562128,0.00394439738206416,0.952159319534039,0.999997068196745,0.999983379322086,"group_idyes"
"13513","WDR73","Exc L4-5 RORB GABRG1",-0.0409448003497861,4.55939120382025,0.753006142857901,0.386067064052471,0.999997068196745,0.999983379322086,"group_idyes"
"13514","NMB","Exc L4-5 RORB GABRG1",0.040776345060943,0.831984380599384,0.0662344865258659,0.797037993873001,0.999997068196745,0.999983379322086,"group_idyes"
"13515","SEC11A","Exc L4-5 RORB GABRG1",-0.0523926243122083,4.61484776319347,2.37732385304653,0.123930363149536,0.999997068196745,0.999983379322086,"group_idyes"
"13516","ZNF592","Exc L4-5 RORB GABRG1",-0.0573409987876144,4.65723793296071,2.03455157747521,0.154570477510592,0.999997068196745,0.999983379322086,"group_idyes"
"13517","ALPK3","Exc L4-5 RORB GABRG1",-0.0053367900909787,2.25088204261769,0.0038307962767399,0.95067984295298,0.999997068196745,0.999983379322086,"group_idyes"
"13518","SLC28A1","Exc L4-5 RORB GABRG1",-0.10401891921494,0.546284490503339,0.33116707041377,0.565309101274184,0.999997068196745,0.999983379322086,"group_idyes"
"13519","PDE8A","Exc L4-5 RORB GABRG1",0.000988087869131787,6.12383789570261,0.000522807385899661,0.98176982777276,0.999997068196745,0.999983379322086,"group_idyes"
"13520","AKAP13","Exc L4-5 RORB GABRG1",0.0302566306049571,4.69575884000696,0.265068002125195,0.606955205928871,0.999997068196745,0.999983379322086,"group_idyes"
"13521","AC087286.2","Exc L4-5 RORB GABRG1",-0.406966141065884,0.49662648741776,4.78036303715623,0.0293879241133864,0.999997068196745,0.999983379322086,"group_idyes"
"13522","AC021739.2","Exc L4-5 RORB GABRG1",-0.0741098765161947,1.17115927324326,0.374076786712301,0.541151649888818,0.999997068196745,0.999983379322086,"group_idyes"
"13523","KLHL25","Exc L4-5 RORB GABRG1",-0.0507205591859392,3.58451919332912,0.711101036017429,0.399602505188635,0.999997068196745,0.999983379322086,"group_idyes"
"13524","AGBL1","Exc L4-5 RORB GABRG1",-0.11239663161277,2.30576068184448,1.83795529554179,0.175986042779485,0.999997068196745,0.999983379322086,"group_idyes"
"13525","AC020687.1","Exc L4-5 RORB GABRG1",-0.00505971813857731,2.06297201562144,0.0028867740054644,0.957179198438762,0.999997068196745,0.999983379322086,"group_idyes"
"13526","NTRK3","Exc L4-5 RORB GABRG1",-0.0607492328724172,8.96877634246971,3.41129868571654,0.0655191520249622,0.999997068196745,0.999983379322086,"group_idyes"
"13527","NTRK3-AS1","Exc L4-5 RORB GABRG1",-0.202196303698261,1.70688911763245,3.92409646688052,0.0856995846092615,0.999997068196745,0.999983379322086,"group_idyes"
"13528","MRPL46","Exc L4-5 RORB GABRG1",0.0206406096634071,2.80448178332146,0.0593226014718935,0.80769963517815,0.999997068196745,0.999983379322086,"group_idyes"
"13529","MRPS11","Exc L4-5 RORB GABRG1",-0.0218548370920397,4.52894789875264,0.197233223611045,0.657213126921624,0.999997068196745,0.999983379322086,"group_idyes"
"13530","DET1","Exc L4-5 RORB GABRG1",-0.0666587389643701,3.64792419769176,1.6808720786784,0.211496388982208,0.999997068196745,0.999983379322086,"group_idyes"
"13531","LINC01586","Exc L4-5 RORB GABRG1",0.0862810828249497,1.13009407508545,0.361745559792695,0.547892614841486,0.999997068196745,0.999983379322086,"group_idyes"
"13532","AEN","Exc L4-5 RORB GABRG1",0.0416122494925905,0.808826273605226,0.12859171646333,0.720093380230802,0.999997068196745,0.999983379322086,"group_idyes"
"13533","MFGE8","Exc L4-5 RORB GABRG1",-0.116685497472444,1.52600185521567,0.760481721245603,0.38372169995161,0.999997068196745,0.999983379322086,"group_idyes"
"13534","AC013565.1","Exc L4-5 RORB GABRG1",-0.0166784181251229,0.647591848370153,0.015262958696676,0.938952678044265,0.999997068196745,0.999983379322086,"group_idyes"
"13535","ABHD2","Exc L4-5 RORB GABRG1",-0.00802908932702735,6.625906152868,0.0591187280238383,0.808023870270624,0.999997068196745,0.999983379322086,"group_idyes"
"13536","FANCI","Exc L4-5 RORB GABRG1",0.0208282835099053,3.98255603231295,0.106251795671564,0.744629667681241,0.999997068196745,0.999983379322086,"group_idyes"
"13537","POLG","Exc L4-5 RORB GABRG1",0.03770648743339,4.40644785563537,1.0239884397918,0.312210779857551,0.999997068196745,0.999983379322086,"group_idyes"
"13538","MIR9-3HG","Exc L4-5 RORB GABRG1",-0.0249663951339854,5.72788074453672,0.149585764277742,0.699145362183523,0.999997068196745,0.999983379322086,"group_idyes"
"13539","RHCG","Exc L4-5 RORB GABRG1",-0.0549511579594619,3.5184132587296,0.738349440266814,0.390725195433172,0.999997068196745,0.999983379322086,"group_idyes"
"13540","AC013391.3","Exc L4-5 RORB GABRG1",-0.129024372978811,0.900554527811806,0.793006545517407,0.373749086210219,0.999997068196745,0.999983379322086,"group_idyes"
"13541","TICRR","Exc L4-5 RORB GABRG1",0.106833675358934,0.633996645484438,0.59256072464813,0.44190297961967,0.999997068196745,0.999983379322086,"group_idyes"
"13542","KIF7","Exc L4-5 RORB GABRG1",-0.0231360854090227,3.24362153369905,0.117041272794219,0.732452696988888,0.999997068196745,0.999983379322086,"group_idyes"
"13543","PLIN1","Exc L4-5 RORB GABRG1",0.0810430924763123,0.698303509835666,0.356817862059053,0.55063024214024,0.999997068196745,0.999983379322086,"group_idyes"
"13544","PEX11A","Exc L4-5 RORB GABRG1",0.0471303694853083,2.91352448278971,0.639679876145304,0.472090104446749,0.999997068196745,0.999983379322086,"group_idyes"
"13545","WDR93","Exc L4-5 RORB GABRG1",-0.0044597703077363,2.51658985550227,0.00218646936221892,0.962729012314177,0.999997068196745,0.999983379322086,"group_idyes"
"13546","MESP1","Exc L4-5 RORB GABRG1",-0.023888771089408,3.22719386148904,0.0523420737050397,0.819158440690468,0.999997068196745,0.999983379322086,"group_idyes"
"13547","ANPEP","Exc L4-5 RORB GABRG1",0.0939191889637205,0.324816217259484,0.347530023640587,0.555860687278296,0.999997068196745,0.999983379322086,"group_idyes"
"13548","AP3S2","Exc L4-5 RORB GABRG1",0.0342917485305773,3.0275924892136,0.299486083096705,0.825677745014278,0.999997068196745,0.999983379322086,"group_idyes"
"13549","ZNF710","Exc L4-5 RORB GABRG1",-0.0252076027931188,4.28389677916559,0.239994463042608,0.624489341462313,0.999997068196745,0.999983379322086,"group_idyes"
"13550","ZNF710-AS1","Exc L4-5 RORB GABRG1",-0.120036300181279,2.88058430830099,2.41573816021648,0.12094353236501,0.999997068196745,0.999983379322086,"group_idyes"
"13551","IDH2","Exc L4-5 RORB GABRG1",-0.0630993846665986,5.00621721153011,1.98570962699801,0.159597937963397,0.999997068196745,0.999983379322086,"group_idyes"
"13552","IDH2-DT","Exc L4-5 RORB GABRG1",-0.176410251907813,0.606744650568026,1.34983558078593,0.246027119788532,0.999997068196745,0.999983379322086,"group_idyes"
"13553","SEMA4B","Exc L4-5 RORB GABRG1",-0.0127177697400129,5.31563570956939,0.12677630194975,0.721993341346533,0.999997068196745,0.999983379322086,"group_idyes"
"13554","CIB1","Exc L4-5 RORB GABRG1",0.0728345519507136,1.93901224912921,0.517139892178579,0.472500836140702,0.999997068196745,0.999983379322086,"group_idyes"
"13555","AC091167.7","Exc L4-5 RORB GABRG1",-0.0186413673986786,1.25505294231021,0.028611796067708,0.963713725701602,0.999997068196745,0.999983379322086,"group_idyes"
"13556","AC091167.6","Exc L4-5 RORB GABRG1",-0.00274608657222166,4.91561388151767,0.00188881830091676,0.965356968444061,0.999997068196745,0.999983379322086,"group_idyes"
"13557","ZNF774","Exc L4-5 RORB GABRG1",-0.00540826846964054,3.46345851204029,0.00876674124399019,0.998356610446826,0.999997068196745,0.999983379322086,"group_idyes"
"13558","IQGAP1","Exc L4-5 RORB GABRG1",0.00741242626744065,4.52832763499676,0.0235881730499117,0.878017950045138,0.999997068196745,0.999983379322086,"group_idyes"
"13559","AC018946.1","Exc L4-5 RORB GABRG1",-0.0849950044559394,0.0774938409708171,0.206874667629804,0.64948465156406,0.999997068196745,0.999983379322086,"group_idyes"
"13560","CRTC3","Exc L4-5 RORB GABRG1",-0.0416092909675487,6.62499357826271,2.64689203145098,0.104571267542715,0.999997068196745,0.999983379322086,"group_idyes"
"13561","CRTC3-AS1","Exc L4-5 RORB GABRG1",-0.0010574956499021,2.67070023750846,0.000178814016510858,0.989337828686876,0.999997068196745,0.999983379322086,"group_idyes"
"13562","BLM","Exc L4-5 RORB GABRG1",0.1093042057217,1.29899037820283,1.05237058850499,0.305606303997704,0.999997068196745,0.999983379322086,"group_idyes"
"13563","FURIN","Exc L4-5 RORB GABRG1",0.076237450146459,3.97824267808652,1.87761650438366,0.171404321340191,0.999997068196745,0.999983379322086,"group_idyes"
"13564","FES","Exc L4-5 RORB GABRG1",-0.103524757468296,3.49860149844054,2.01584845081906,0.156474005072222,0.999997068196745,0.999983379322086,"group_idyes"
"13565","MAN2A2","Exc L4-5 RORB GABRG1",0.0405255958047315,5.29645445917473,0.901861213529918,0.342879304455236,0.999997068196745,0.999983379322086,"group_idyes"
"13566","HDDC3","Exc L4-5 RORB GABRG1",0.0188147426171533,3.24331816351701,0.0533134559301946,0.81751750630106,0.999997068196745,0.999983379322086,"group_idyes"
"13567","UNC45A","Exc L4-5 RORB GABRG1",-0.0521063390611306,4.91204240720768,0.928820280830544,0.335775026828759,0.999997068196745,0.999983379322086,"group_idyes"
"13568","RCCD1","Exc L4-5 RORB GABRG1",0.0308740456990946,3.19552943818797,0.34714888337279,0.723276185344941,0.999997068196745,0.999983379322086,"group_idyes"
"13569","PRC1","Exc L4-5 RORB GABRG1",-0.114097820753178,1.82566749361489,1.20842063798274,0.272332542457727,0.999997068196745,0.999983379322086,"group_idyes"
"13570","AC068831.7","Exc L4-5 RORB GABRG1",0.0262303283493827,1.83109013028255,0.083825226120941,0.772334952145778,0.999997068196745,0.999983379322086,"group_idyes"
"13571","PRC1-AS1","Exc L4-5 RORB GABRG1",0.0491490919485099,3.99541987278117,0.780792729208756,0.3774506306873,0.999997068196745,0.999983379322086,"group_idyes"
"13572","SV2B","Exc L4-5 RORB GABRG1",-0.0381359533581795,8.66370647690002,0.710738460257298,0.399722588774663,0.999997068196745,0.999983379322086,"group_idyes"
"13573","AC104035.1","Exc L4-5 RORB GABRG1",0.0395656837003482,2.6498282246638,0.205844253853813,0.650300130779022,0.999997068196745,0.999983379322086,"group_idyes"
"13574","SLCO3A1","Exc L4-5 RORB GABRG1",0.029905611871227,7.74852379210088,0.374754715308804,0.540785499264124,0.999997068196745,0.999983379322086,"group_idyes"
"13575","AC116903.2","Exc L4-5 RORB GABRG1",-0.00233709050651628,1.99012662795786,0.00031696675141139,0.985804793785217,0.999997068196745,0.999983379322086,"group_idyes"
"13576","ST8SIA2","Exc L4-5 RORB GABRG1",-0.440152413134502,0.602558260057843,3.94251324932395,0.0477898811048247,0.999997068196745,0.999983379322086,"group_idyes"
"13577","LINC00930","Exc L4-5 RORB GABRG1",0.0114471923511944,1.84732867144941,0.00863826263030995,0.925997815848509,0.999997068196745,0.999983379322086,"group_idyes"
"13578","AC091544.5","Exc L4-5 RORB GABRG1",0.178391456030706,0.8061365734409,1.64948047575529,0.199802480114757,0.999997068196745,0.999983379322086,"group_idyes"
"13579","FAM174B","Exc L4-5 RORB GABRG1",-0.00526892514216649,5.92974326650818,0.0193598999089266,0.889412437240714,0.999997068196745,0.999983379322086,"group_idyes"
"13580","AC013394.1","Exc L4-5 RORB GABRG1",0.00881766079881209,5.83669160031943,0.0607139225659025,0.805502506672659,0.999997068196745,0.999983379322086,"group_idyes"
"13581","CHD2","Exc L4-5 RORB GABRG1",0.0169667891153076,6.81759424941128,0.341341310461089,0.559398424784509,0.999997068196745,0.999983379322086,"group_idyes"
"13582","RGMA","Exc L4-5 RORB GABRG1",-0.051683662497511,1.69148158289636,0.126501906458307,0.72228184725452,0.999997068196745,0.999983379322086,"group_idyes"
"13583","AC091078.1","Exc L4-5 RORB GABRG1",0.0122778148669192,3.11615643928724,0.0152934116162224,0.901643891336233,0.999997068196745,0.999983379322086,"group_idyes"
"13584","AC110023.1","Exc L4-5 RORB GABRG1",0.15929369649438,3.13956676647137,1.77184167739205,0.18394257232826,0.999997068196745,0.999983379322086,"group_idyes"
"13585","LINC01580","Exc L4-5 RORB GABRG1",0.031610675207526,0.610922107049429,0.0411877448071889,0.839283244700273,0.999997068196745,0.999983379322086,"group_idyes"
"13586","MCTP2","Exc L4-5 RORB GABRG1",-0.067440004296349,0.675089650597776,0.215370417553702,0.642852774724942,0.999997068196745,0.999983379322086,"group_idyes"
"13587","LINC01197","Exc L4-5 RORB GABRG1",0.078247297080912,1.47578540536764,0.194680154830774,0.65929743430383,0.999997068196745,0.999983379322086,"group_idyes"
"13588","AC012409.2","Exc L4-5 RORB GABRG1",-0.0914908542203426,1.01784090613076,0.564782347226439,0.713516148061894,0.999997068196745,0.999983379322086,"group_idyes"
"13589","NR2F2-AS1","Exc L4-5 RORB GABRG1",-0.169568823573828,0.828607904137104,1.22830906337149,0.268428497471928,0.999997068196745,0.999983379322086,"group_idyes"
"13590","NR2F2","Exc L4-5 RORB GABRG1",-0.456886271776837,0.107294998720544,3.26929090678255,0.0713688668272028,0.999997068196745,0.999983379322086,"group_idyes"
"13591","AC020704.1","Exc L4-5 RORB GABRG1",-0.00115177218393963,3.94590102583221,0.000142833014768762,0.990470682665111,0.999997068196745,0.999983379322086,"group_idyes"
"13592","LINC02253","Exc L4-5 RORB GABRG1",-0.187739002732685,2.50554140102057,1.54373331345761,0.214819731781789,0.999997068196745,0.999983379322086,"group_idyes"
"13593","LINC02254","Exc L4-5 RORB GABRG1",-0.141789517211698,5.28663213443082,2.61670531379506,0.106563335031742,0.999997068196745,0.999983379322086,"group_idyes"
"13594","AC026523.1","Exc L4-5 RORB GABRG1",-0.13407326083682,2.63444548932434,1.12007042324907,0.290567317881277,0.999997068196745,0.999983379322086,"group_idyes"
"13595","LINC00923","Exc L4-5 RORB GABRG1",-0.15726858105337,7.56187124455484,2.27402355453276,0.132378663372371,0.999997068196745,0.999983379322086,"group_idyes"
"13596","ARRDC4","Exc L4-5 RORB GABRG1",0.0122313408553134,3.26430436250245,0.0510839339185232,0.821307792083051,0.999997068196745,0.999983379322086,"group_idyes"
"13597","AC022523.1","Exc L4-5 RORB GABRG1",-0.0726763719692598,1.40315515320641,0.336007489247155,0.562482169755625,0.999997068196745,0.999983379322086,"group_idyes"
"13598","FAM169B","Exc L4-5 RORB GABRG1",0.121281198642929,2.73849209196699,1.41768438013031,0.234519035253187,0.999997068196745,0.999983379322086,"group_idyes"
"13599","IGF1R","Exc L4-5 RORB GABRG1",0.00462255803042063,8.18438708333872,0.0110426046689789,0.916364078567534,0.999997068196745,0.999983379322086,"group_idyes"
"13600","AC036108.1","Exc L4-5 RORB GABRG1",-0.0494408215720459,5.271469627038,0.588328704088757,0.443536553959869,0.999997068196745,0.999983379322086,"group_idyes"
"13601","SYNM","Exc L4-5 RORB GABRG1",0.0504818328783038,4.84430617614637,0.92160765831479,0.337656133788553,0.999997068196745,0.999983379322086,"group_idyes"
"13602","TTC23","Exc L4-5 RORB GABRG1",0.0819622796038171,2.32330419613747,1.28832821690032,0.399609718058992,0.999997068196745,0.999983379322086,"group_idyes"
"13603","AC036108.3","Exc L4-5 RORB GABRG1",0.166603204786554,2.38193329895325,5.31533919400317,0.0216697593916159,0.999997068196745,0.999983379322086,"group_idyes"
"13604","LRRC28","Exc L4-5 RORB GABRG1",-0.0301385293626203,7.16482636137613,0.603880256300023,0.437578890528164,0.999997068196745,0.999983379322086,"group_idyes"
"13605","AC015660.4","Exc L4-5 RORB GABRG1",0.203306085758109,0.712558775472207,1.59125341990532,0.207911452730893,0.999997068196745,0.999983379322086,"group_idyes"
"13606","MEF2A","Exc L4-5 RORB GABRG1",-0.0198475719620807,8.24224828074005,0.478129076093987,0.489688028782481,0.999997068196745,0.999983379322086,"group_idyes"
"13607","LYSMD4","Exc L4-5 RORB GABRG1",-0.00438325289281357,4.11149595885075,0.00769930087826826,0.930124480843344,0.999997068196745,0.999983379322086,"group_idyes"
"13608","AC090825.1","Exc L4-5 RORB GABRG1",0.269478587979592,0.0489683237326391,1.71048380401347,0.191703536623575,0.999997068196745,0.999983379322086,"group_idyes"
"13609","ADAMTS17","Exc L4-5 RORB GABRG1",0.0854285296071682,3.69008605282505,0.759759238365428,0.383947482513619,0.999997068196745,0.999983379322086,"group_idyes"
"13610","SPATA41","Exc L4-5 RORB GABRG1",0.209456033658746,0.809861262318397,3.02085667917182,0.0830001348819405,0.999997068196745,0.999983379322086,"group_idyes"
"13611","CERS3-AS1","Exc L4-5 RORB GABRG1",-0.0628742443246981,0.571755490029057,0.196354078541611,0.657929022785034,0.999997068196745,0.999983379322086,"group_idyes"
"13612","CERS3","Exc L4-5 RORB GABRG1",-0.069546007686851,1.57619765577437,0.324097781973672,0.569487587802237,0.999997068196745,0.999983379322086,"group_idyes"
"13613","AC027020.2","Exc L4-5 RORB GABRG1",0.0610131702188379,2.00923773544103,0.305220916490334,0.580948552184178,0.999997068196745,0.999983379322086,"group_idyes"
"13614","LINS1","Exc L4-5 RORB GABRG1",0.00585443029891241,4.90745257575406,0.0225453920729217,0.880723987877513,0.999997068196745,0.999983379322086,"group_idyes"
"13615","ASB7","Exc L4-5 RORB GABRG1",-0.0266651197673937,4.7063149807888,0.603491266873477,0.437726404710173,0.999997068196745,0.999983379322086,"group_idyes"
"13616","AC087762.1","Exc L4-5 RORB GABRG1",-0.225069213664752,1.68673383199658,4.006308907549,0.0460320519222296,0.999997068196745,0.999983379322086,"group_idyes"
"13617","ALDH1A3","Exc L4-5 RORB GABRG1",-0.00191160252341999,3.20619060686891,0.000401788942058848,0.98401812659389,0.999997068196745,0.999983379322086,"group_idyes"
"13618","AC015712.7","Exc L4-5 RORB GABRG1",0.0328155014824307,1.22325054182627,0.0946322391028504,0.813181821033259,0.999997068196745,0.999983379322086,"group_idyes"
"13619","AC015712.2","Exc L4-5 RORB GABRG1",-0.00588479350773209,4.14247985572604,0.0149468294835353,0.902759140336735,0.999997068196745,0.999983379322086,"group_idyes"
"13620","LRRK1","Exc L4-5 RORB GABRG1",-0.00401272265989531,7.60553403687253,0.00929540252345464,0.923243033032221,0.999997068196745,0.999983379322086,"group_idyes"
"13621","AC090907.1","Exc L4-5 RORB GABRG1",-0.0654236096738918,1.3539469919932,0.274243963380592,0.600800509398859,0.999997068196745,0.999983379322086,"group_idyes"
"13622","AC090907.2","Exc L4-5 RORB GABRG1",-0.0822281600803639,4.78527266993002,1.33623789060106,0.248415849139331,0.999997068196745,0.999983379322086,"group_idyes"
"13623","CHSY1","Exc L4-5 RORB GABRG1",-0.0215093593827744,5.33954137231259,0.240746433988183,0.623947248922485,0.999997068196745,0.999983379322086,"group_idyes"
"13624","SELENOS","Exc L4-5 RORB GABRG1",0.00508063241718538,3.35468685970865,0.00510014798676134,0.943104325615223,0.999997068196745,0.999983379322086,"group_idyes"
"13625","SNRPA1","Exc L4-5 RORB GABRG1",-0.0907262185038508,5.17462008684109,2.13193810007118,0.145074339240924,0.999997068196745,0.999983379322086,"group_idyes"
"13626","AC023024.1","Exc L4-5 RORB GABRG1",0.0155716477966848,1.71385462595533,0.0368265195721063,0.847919925168812,0.999997068196745,0.999983379322086,"group_idyes"
"13627","PCSK6","Exc L4-5 RORB GABRG1",-0.0508309173450999,3.12948503651794,0.309586439553788,0.578257548082058,0.999997068196745,0.999983379322086,"group_idyes"
"13628","TM2D3","Exc L4-5 RORB GABRG1",0.0122724283108188,5.6034394713395,0.0637962308904438,0.800728327702652,0.999997068196745,0.999983379322086,"group_idyes"
"13629","TARSL2","Exc L4-5 RORB GABRG1",0.00338252441075417,6.46051380826061,0.0148301779964925,0.903137454075622,0.999997068196745,0.999983379322086,"group_idyes"
"13630","AC140725.1","Exc L4-5 RORB GABRG1",-0.399651563633952,-0.328237119809211,2.99296204620888,0.100897331209724,0.999997068196745,0.999983379322086,"group_idyes"
"13631","WASIR2","Exc L4-5 RORB GABRG1",-0.0382693169467429,0.74601263909777,0.0531604797730508,0.817774874899974,0.999997068196745,0.999983379322086,"group_idyes"
"13632","POLR3K","Exc L4-5 RORB GABRG1",0.0576582098386554,3.04384176850713,0.446296280389217,0.504499626753815,0.999997068196745,0.999983379322086,"group_idyes"
"13633","SNRNP25","Exc L4-5 RORB GABRG1",-0.0881378941332901,3.47262261441789,0.760137922637757,0.383829116627742,0.999997068196745,0.999983379322086,"group_idyes"
"13634","RHBDF1","Exc L4-5 RORB GABRG1",-0.0335421660697661,1.15353374572484,0.0776206995463197,0.78069772303665,0.999997068196745,0.999983379322086,"group_idyes"
"13635","MPG","Exc L4-5 RORB GABRG1",0.0097299217827481,4.41993966433349,0.01895746268488,0.890560533488172,0.999997068196745,0.999983379322086,"group_idyes"
"13636","NPRL3","Exc L4-5 RORB GABRG1",-0.0205048421207119,5.85961877163895,0.397272819431852,0.528875242144518,0.999997068196745,0.999983379322086,"group_idyes"
"13637","HBA2","Exc L4-5 RORB GABRG1",-0.0178825736163464,0.556570959419198,0.00993808241355961,0.920642418679533,0.999997068196745,0.999983379322086,"group_idyes"
"13638","HBA1","Exc L4-5 RORB GABRG1",0.240369375951268,0.408949691866632,1.63158828322865,0.202253797017825,0.999997068196745,0.999983379322086,"group_idyes"
"13639","HBQ1","Exc L4-5 RORB GABRG1",0.0772846199903623,0.376608571195378,0.174861191825427,0.67606046684484,0.999997068196745,0.999983379322086,"group_idyes"
"13640","Z69706.1","Exc L4-5 RORB GABRG1",-0.0266166963577302,1.11114191385858,0.0504215820735458,0.822450513686857,0.999997068196745,0.999983379322086,"group_idyes"
"13641","LUC7L","Exc L4-5 RORB GABRG1",-0.0109775425833418,6.56095317207822,0.0526370260582747,0.818658501784398,0.999997068196745,0.999983379322086,"group_idyes"
"13642","FAM234A","Exc L4-5 RORB GABRG1",0.0105700734046247,3.64897922431108,0.0226145234250525,0.88054263447839,0.999997068196745,0.999983379322086,"group_idyes"
"13643","RGS11","Exc L4-5 RORB GABRG1",-0.0483533380247101,5.58800207579551,1.06819792300182,0.302002077786053,0.999997068196745,0.999983379322086,"group_idyes"
"13644","ARHGDIG","Exc L4-5 RORB GABRG1",0.0436403567647022,5.27588820680732,0.262059846017528,0.609002244722325,0.999997068196745,0.999983379322086,"group_idyes"
"13645","PDIA2","Exc L4-5 RORB GABRG1",-0.0635296174718057,4.45673224075562,0.80666352859022,0.369670246118004,0.999997068196745,0.999983379322086,"group_idyes"
"13646","AXIN1","Exc L4-5 RORB GABRG1",-0.0256639235029415,4.8528393989711,0.293736239932375,0.588149898337119,0.999997068196745,0.999983379322086,"group_idyes"
"13647","MRPL28","Exc L4-5 RORB GABRG1",-0.0373690027773232,3.613859809887,0.232444076806358,0.629991635218868,0.999997068196745,0.999983379322086,"group_idyes"
"13648","TMEM8A","Exc L4-5 RORB GABRG1",0.065072478568317,3.48143694774526,1.42346620962321,0.417887441996546,0.999997068196745,0.999983379322086,"group_idyes"
"13649","NME4","Exc L4-5 RORB GABRG1",-0.0129436876880772,3.99087502926637,0.0398471262142571,0.841885241379106,0.999997068196745,0.999983379322086,"group_idyes"
"13650","DECR2","Exc L4-5 RORB GABRG1",0.110903215911414,2.19539907028079,1.76595309740505,0.184671292243355,0.999997068196745,0.999983379322086,"group_idyes"
"13651","RAB11FIP3","Exc L4-5 RORB GABRG1",-0.0485008638043265,6.95459091392807,0.884961039003877,0.347436754235295,0.999997068196745,0.999983379322086,"group_idyes"
"13652","CAPN15","Exc L4-5 RORB GABRG1",-0.0128761534845359,3.77837163195667,0.0495849574635813,0.823905227736954,0.999997068196745,0.999983379322086,"group_idyes"
"13653","PIGQ","Exc L4-5 RORB GABRG1",-0.0614658527419518,5.0201256038958,1.63623276251029,0.201614087313525,0.999997068196745,0.999983379322086,"group_idyes"
"13654","RAB40C","Exc L4-5 RORB GABRG1",-0.0111834226538008,6.76598996799469,0.0632615042440915,0.801547632122191,0.999997068196745,0.999983379322086,"group_idyes"
"13655","WFIKKN1","Exc L4-5 RORB GABRG1",-0.0421765383823994,2.37522553256152,0.110779502219299,0.739439712703617,0.999997068196745,0.999983379322086,"group_idyes"
"13656","METTL26","Exc L4-5 RORB GABRG1",0.0756079168729454,4.87380220204255,0.886686604126157,0.346967667516509,0.999997068196745,0.999983379322086,"group_idyes"
"13657","MCRIP2","Exc L4-5 RORB GABRG1",0.000710101768830812,3.96585388697291,0.000171461759669496,0.989559313661041,0.999997068196745,0.999983379322086,"group_idyes"
"13658","WDR90","Exc L4-5 RORB GABRG1",0.0152636983948461,3.76833498756299,0.0728273075471903,0.78740853461291,0.999997068196745,0.999983379322086,"group_idyes"
"13659","RHOT2","Exc L4-5 RORB GABRG1",-0.0252237047268726,5.36246335758172,0.248656058365243,0.618307951077782,0.999997068196745,0.999983379322086,"group_idyes"
"13660","RHBDL1","Exc L4-5 RORB GABRG1",0.0059996135251667,5.03663767914913,0.0143796460303844,0.904612948047415,0.999997068196745,0.999983379322086,"group_idyes"
"13661","STUB1","Exc L4-5 RORB GABRG1",0.0199895038714364,5.28171962601591,0.0578592769308771,0.810040127022342,0.999997068196745,0.999983379322086,"group_idyes"
"13662","JMJD8","Exc L4-5 RORB GABRG1",0.0329923814255292,2.98775847950987,0.213516172963899,0.644286500256903,0.999997068196745,0.999983379322086,"group_idyes"
"13663","WDR24","Exc L4-5 RORB GABRG1",-0.0259528776757827,2.4347557976498,0.133927770695751,0.714594997786423,0.999997068196745,0.999983379322086,"group_idyes"
"13664","FBXL16","Exc L4-5 RORB GABRG1",0.0324642702338936,5.76302509046981,0.396771619598235,0.529135162086291,0.999997068196745,0.999983379322086,"group_idyes"
"13665","METRN","Exc L4-5 RORB GABRG1",0.0225020053133295,3.79743094716477,0.148064141381535,0.700604861594524,0.999997068196745,0.999983379322086,"group_idyes"
"13666","FAM173A","Exc L4-5 RORB GABRG1",-0.0614841186513252,4.79967900229681,0.530288147157261,0.466928720828963,0.999997068196745,0.999983379322086,"group_idyes"
"13667","CCDC78","Exc L4-5 RORB GABRG1",0.0542067408529459,1.05364913291379,0.165825502693275,0.684075253034443,0.999997068196745,0.999983379322086,"group_idyes"
"13668","HAGHL","Exc L4-5 RORB GABRG1",-0.00621706317558795,5.09269373529419,0.013744332395631,0.906734038653374,0.999997068196745,0.999983379322086,"group_idyes"
"13669","NARFL","Exc L4-5 RORB GABRG1",0.0153589507177251,4.26386507018733,0.0894747390495674,0.76500749578969,0.999997068196745,0.999983379322086,"group_idyes"
"13670","MSLNL","Exc L4-5 RORB GABRG1",-0.0920799551868302,1.76836814894067,0.595234497652168,0.440875677270756,0.999997068196745,0.999983379322086,"group_idyes"
"13671","RPUSD1","Exc L4-5 RORB GABRG1",0.154030020927888,2.96510197926095,4.95528367011513,0.0265897270475592,0.999997068196745,0.999983379322086,"group_idyes"
"13672","CHTF18","Exc L4-5 RORB GABRG1",-0.0398687744491797,2.55254906808994,0.282412934772752,0.595430721111217,0.999997068196745,0.999983379322086,"group_idyes"
"13673","GNG13","Exc L4-5 RORB GABRG1",0.00535682423022351,1.84163602853564,0.00217681558884193,0.962811323425539,0.999997068196745,0.999983379322086,"group_idyes"
"13674","PRR25","Exc L4-5 RORB GABRG1",-0.00554634721232106,2.65231642829697,0.00561692143674843,0.9402965318373,0.999997068196745,0.999983379322086,"group_idyes"
"13675","LMF1","Exc L4-5 RORB GABRG1",-0.0746486751547885,5.97040378955313,1.79211687941027,0.181458950515389,0.999997068196745,0.999983379322086,"group_idyes"
"13676","SOX8","Exc L4-5 RORB GABRG1",0.0234105336685878,2.74675164961317,0.0900944022826791,0.764219291940976,0.999997068196745,0.999983379322086,"group_idyes"
"13677","UBE2I","Exc L4-5 RORB GABRG1",0.0132486719435179,5.4368719480479,0.149705075686319,0.818829347103735,0.999997068196745,0.999983379322086,"group_idyes"
"13678","BAIAP3","Exc L4-5 RORB GABRG1",-0.0159201747998604,3.54186673447269,0.0370919447524124,0.847379590097288,0.999997068196745,0.999983379322086,"group_idyes"
"13679","TSR3","Exc L4-5 RORB GABRG1",0.0748026299424649,2.79135595158197,0.516036897461331,0.472973157058675,0.999997068196745,0.999983379322086,"group_idyes"
"13680","GNPTG","Exc L4-5 RORB GABRG1",-0.0114723742325141,5.13322286148843,0.0906140184503367,0.763560621858483,0.999997068196745,0.999983379322086,"group_idyes"
"13681","UNKL","Exc L4-5 RORB GABRG1",0.0529212168304846,4.80261755702682,1.88672183529628,0.170371977748358,0.999997068196745,0.999983379322086,"group_idyes"
"13682","C16orf91","Exc L4-5 RORB GABRG1",-0.0593745275942134,2.85211410070711,0.311853637754246,0.576869790724031,0.999997068196745,0.999983379322086,"group_idyes"
"13683","CCDC154","Exc L4-5 RORB GABRG1",0.0370190546962055,2.71546810000696,0.240453875796189,0.62415802780968,0.999997068196745,0.999983379322086,"group_idyes"
"13684","CLCN7","Exc L4-5 RORB GABRG1",-0.00658696387842444,5.2568348056831,0.0311387298238011,0.860024090358038,0.999997068196745,0.999983379322086,"group_idyes"
"13685","TELO2","Exc L4-5 RORB GABRG1",-0.0171718222742779,3.57674271156878,0.119589788739548,0.729668843025254,0.999997068196745,0.999983379322086,"group_idyes"
"13686","IFT140","Exc L4-5 RORB GABRG1",0.0218426066821237,5.0307746257803,0.182476724121155,0.669492330589316,0.999997068196745,0.999983379322086,"group_idyes"
"13687","AL133297.2","Exc L4-5 RORB GABRG1",0.0276004458474743,0.768758066182061,0.0394083811757162,0.842746661630801,0.999997068196745,0.999983379322086,"group_idyes"
"13688","CRAMP1","Exc L4-5 RORB GABRG1",-0.0539834074119399,1.92591022704899,0.315870695789764,0.574427115950732,0.999997068196745,0.999983379322086,"group_idyes"
"13689","JPT2","Exc L4-5 RORB GABRG1",-0.0239277593870003,2.82527186436209,0.187923584884979,0.664893406337011,0.999997068196745,0.999983379322086,"group_idyes"
"13690","MAPK8IP3","Exc L4-5 RORB GABRG1",-0.00612231505334591,7.00935689834927,0.0296558410768489,0.863363997684396,0.999997068196745,0.999983379322086,"group_idyes"
"13691","NME3","Exc L4-5 RORB GABRG1",-0.00925312958228611,5.17904788598312,0.0281047039101582,0.866950986396735,0.999997068196745,0.999983379322086,"group_idyes"
"13692","MRPS34","Exc L4-5 RORB GABRG1",0.044799271176767,3.89745717790856,0.208438225970075,0.648251907007298,0.999997068196745,0.999983379322086,"group_idyes"
"13693","EME2","Exc L4-5 RORB GABRG1",-0.0353090556645102,3.10157719956444,0.245651890762702,0.620436480064033,0.999997068196745,0.999983379322086,"group_idyes"
"13694","SPSB3","Exc L4-5 RORB GABRG1",0.0109996185285885,5.08818660146828,0.0372237670327266,0.847111980168713,0.999997068196745,0.999983379322086,"group_idyes"
"13695","NUBP2","Exc L4-5 RORB GABRG1",-0.0543339949213812,3.33840807845114,0.578276734855147,0.447454355544014,0.999997068196745,0.999983379322086,"group_idyes"
"13696","HAGH","Exc L4-5 RORB GABRG1",0.000490509394446227,6.65615295393319,0.000290295005152073,0.98641509615699,0.999997068196745,0.999983379322086,"group_idyes"
"13697","FAHD1","Exc L4-5 RORB GABRG1",0.0750706350567644,3.79447214095344,1.86588156146197,0.172745458928612,0.999997068196745,0.999983379322086,"group_idyes"
"13698","MEIOB","Exc L4-5 RORB GABRG1",0.0243244358817344,1.48131230548919,0.045160710253851,0.831821338955389,0.999997068196745,0.999983379322086,"group_idyes"
"13699","MSRB1","Exc L4-5 RORB GABRG1",-0.0266520084733835,0.907246536820866,0.0326781884727828,0.856642440047385,0.999997068196745,0.999983379322086,"group_idyes"
"13700","NDUFB10","Exc L4-5 RORB GABRG1",-0.0326961269388518,4.18556615810315,0.0989626756200428,0.753248563220286,0.999997068196745,0.999983379322086,"group_idyes"
"13701","RPS2","Exc L4-5 RORB GABRG1",0.0452009558839432,5.27738019891448,0.202854398286852,0.652680352342673,0.999997068196745,0.999983379322086,"group_idyes"
"13702","SNHG9","Exc L4-5 RORB GABRG1",-0.00284087968755695,3.35641788498876,0.00102145555397375,0.974520349409314,0.999997068196745,0.999983379322086,"group_idyes"
"13703","AC005363.2","Exc L4-5 RORB GABRG1",0.15628617188,0.477409193732887,0.991330674144765,0.320043158148714,0.999997068196745,0.999983379322086,"group_idyes"
"13704","TBL3","Exc L4-5 RORB GABRG1",-0.0668704540265486,2.47128277565397,0.875681592376827,0.349974188707422,0.999997068196745,0.999983379322086,"group_idyes"
"13705","NOXO1","Exc L4-5 RORB GABRG1",0.00284184025778916,2.20034730656511,0.00110216107086107,0.973533262580252,0.999997068196745,0.999983379322086,"group_idyes"
"13706","GFER","Exc L4-5 RORB GABRG1",0.0915714791041409,2.72366085858765,1.88459014611421,0.170613020488338,0.999997068196745,0.999983379322086,"group_idyes"
"13707","SYNGR3","Exc L4-5 RORB GABRG1",-0.00590683202297885,5.29674488237614,0.01136670726245,0.915150177777428,0.999997068196745,0.999983379322086,"group_idyes"
"13708","ZNF598","Exc L4-5 RORB GABRG1",0.0685345853138,3.12493079266828,1.39547357270899,0.238212625590151,0.999997068196745,0.999983379322086,"group_idyes"
"13709","NPW","Exc L4-5 RORB GABRG1",0.102747183329336,1.33681241713715,0.932222473710645,0.379765600712567,0.999997068196745,0.999983379322086,"group_idyes"
"13710","SLC9A3R2","Exc L4-5 RORB GABRG1",0.105598610220619,2.46005140072096,1.26752310753703,0.260933661669622,0.999997068196745,0.999983379322086,"group_idyes"
"13711","NTHL1","Exc L4-5 RORB GABRG1",0.000553121801714507,2.70383708919094,6.99803422533837e-05,0.99332977004977,0.999997068196745,0.999983379322086,"group_idyes"
"13712","TSC2","Exc L4-5 RORB GABRG1",-0.0124166834800489,5.57010152313668,0.134648272844849,0.713862149693911,0.999997068196745,0.999983379322086,"group_idyes"
"13713","PKD1","Exc L4-5 RORB GABRG1",-0.0159819596694233,7.60211965006872,0.171380594758581,0.679118421788954,0.999997068196745,0.999983379322086,"group_idyes"
"13714","RAB26","Exc L4-5 RORB GABRG1",-0.0159107127517869,6.03509338555466,0.144890102410919,0.703677267196377,0.999997068196745,0.999983379322086,"group_idyes"
"13715","SNHG19","Exc L4-5 RORB GABRG1",-0.0146140552684982,2.73458418622399,0.0182285999305022,0.892671939792538,0.999997068196745,0.999983379322086,"group_idyes"
"13716","TRAF7","Exc L4-5 RORB GABRG1",0.0672504061988692,3.9598426936374,1.9716242447973,0.224968483122689,0.999997068196745,0.999983379322086,"group_idyes"
"13717","CASKIN1","Exc L4-5 RORB GABRG1",-0.00231444432279914,5.49912523117637,0.00296150781345732,0.956629001604776,0.999997068196745,0.999983379322086,"group_idyes"
"13718","MLST8","Exc L4-5 RORB GABRG1",0.00685623706457035,4.29699148120216,0.0127977795575869,0.909988659914164,0.999997068196745,0.999983379322086,"group_idyes"
"13719","BRICD5","Exc L4-5 RORB GABRG1",-0.0211885881560175,3.59209790824641,0.12297674800808,0.726020058137963,0.999997068196745,0.999983379322086,"group_idyes"
"13720","PGP","Exc L4-5 RORB GABRG1",-0.0403716914410048,6.55842207354693,0.554414730549949,0.456973991846859,0.999997068196745,0.999983379322086,"group_idyes"
"13721","E4F1","Exc L4-5 RORB GABRG1",-0.0541126531177865,3.73803965627976,0.912811403122376,0.339969499046019,0.999997068196745,0.999983379322086,"group_idyes"
"13722","DNASE1L2","Exc L4-5 RORB GABRG1",-0.112741512912964,2.10160427180452,1.08665600822887,0.297867907063237,0.999997068196745,0.999983379322086,"group_idyes"
"13723","ECI1","Exc L4-5 RORB GABRG1",0.0635286642593694,3.36196664383861,1.2481313526131,0.264606866428038,0.999997068196745,0.999983379322086,"group_idyes"
"13724","RNPS1","Exc L4-5 RORB GABRG1",-0.0125603048852257,6.61194483582107,0.144625597798459,0.70393503611602,0.999997068196745,0.999983379322086,"group_idyes"
"13725","AC009065.4","Exc L4-5 RORB GABRG1",-9.65378004697768e-05,1.66449945392413,1.35192916850353e-11,0.999997068196745,0.999997068196745,0.999997068196745,"group_idyes"
"13726","ABCA3","Exc L4-5 RORB GABRG1",0.0260087797705326,6.85385329641385,0.778112843385007,0.378269708627079,0.999997068196745,0.999983379322086,"group_idyes"
"13727","CCNF","Exc L4-5 RORB GABRG1",0.0106988053603244,4.69789296109786,0.0614258192296346,0.843153178436766,0.999997068196745,0.999983379322086,"group_idyes"
"13728","AC106820.5","Exc L4-5 RORB GABRG1",0.0498013170866373,0.908356747506128,0.155501112505481,0.693551263069541,0.999997068196745,0.999983379322086,"group_idyes"
"13729","TEDC2","Exc L4-5 RORB GABRG1",0.00527964955365045,2.51732519164663,0.00541147806518,0.941396543167261,0.999997068196745,0.999983379322086,"group_idyes"
"13730","TBC1D24","Exc L4-5 RORB GABRG1",-0.102365086848532,2.40729703418965,1.48210716157688,0.224191313340504,0.999997068196745,0.999983379322086,"group_idyes"
"13731","AMDHD2","Exc L4-5 RORB GABRG1",-0.00540435180152567,3.57346567682088,0.00624417248792612,0.937057737847195,0.999997068196745,0.999983379322086,"group_idyes"
"13732","PDPK1","Exc L4-5 RORB GABRG1",-0.0148808616374119,6.851407866867,0.297996165583999,0.58545776302632,0.999997068196745,0.999983379322086,"group_idyes"
"13733","AC093525.6","Exc L4-5 RORB GABRG1",-0.0981937859457592,2.39737949285203,1.41105573718825,0.235614028676364,0.999997068196745,0.999983379322086,"group_idyes"
"13734","AC093525.7","Exc L4-5 RORB GABRG1",-0.102161624124745,1.72326838330414,0.8842183453114,0.347638917502961,0.999997068196745,0.999983379322086,"group_idyes"
"13735","AC093525.4","Exc L4-5 RORB GABRG1",-0.0258010511574643,4.24714403755805,0.184305471606335,0.667939310270675,0.999997068196745,0.999983379322086,"group_idyes"
"13736","KCTD5","Exc L4-5 RORB GABRG1",-0.0548176873745126,3.31757006089228,1.30138998579167,0.254669100723458,0.999997068196745,0.999983379322086,"group_idyes"
"13737","SRRM2-AS1","Exc L4-5 RORB GABRG1",-0.236296573420814,1.04333436462428,3.58254516840656,0.0591399760782753,0.999997068196745,0.999983379322086,"group_idyes"
"13738","SRRM2","Exc L4-5 RORB GABRG1",0.0297957331131275,7.52125137113569,0.743357282575813,0.389124620172716,0.999997068196745,0.999983379322086,"group_idyes"
"13739","ELOB","Exc L4-5 RORB GABRG1",0.0128471197461487,4.90145893064625,0.0137739806768035,0.906633961242501,0.999997068196745,0.999983379322086,"group_idyes"
"13740","FLYWCH2","Exc L4-5 RORB GABRG1",-0.0460731935093696,3.95816977164522,0.850263568052865,0.357055665714475,0.999997068196745,0.999983379322086,"group_idyes"
"13741","FLYWCH1","Exc L4-5 RORB GABRG1",-0.0135377707199736,5.91992377780202,0.181218967661662,0.670565800873397,0.999997068196745,0.999983379322086,"group_idyes"
"13742","AC004034.1","Exc L4-5 RORB GABRG1",-0.00757575825483151,1.9513819430113,0.00585245588047893,0.939060009836944,0.999997068196745,0.999983379322086,"group_idyes"
"13743","KREMEN2","Exc L4-5 RORB GABRG1",-0.242857752415444,0.649305125288288,1.4243661037655,0.233421515258293,0.999997068196745,0.999983379322086,"group_idyes"
"13744","PAQR4","Exc L4-5 RORB GABRG1",0.0235629429755775,3.5022007536042,0.124614097869202,0.72427635615064,0.999997068196745,0.999983379322086,"group_idyes"
"13745","AC004233.4","Exc L4-5 RORB GABRG1",0.0781719244089998,0.862746700222732,0.362408221501799,0.547526406612253,0.999997068196745,0.999983379322086,"group_idyes"
"13746","AC004233.3","Exc L4-5 RORB GABRG1",-0.0357763147876325,0.96088453346014,0.0820710767918047,0.774664333800084,0.999997068196745,0.999983379322086,"group_idyes"
"13747","CLDN9","Exc L4-5 RORB GABRG1",0.172901664443888,1.85604507754183,2.91958975652745,0.0883166264206495,0.999997068196745,0.999983379322086,"group_idyes"
"13748","HCFC1R1","Exc L4-5 RORB GABRG1",-0.0375468476466059,4.93864560704739,0.236306994558758,0.627162975132404,0.999997068196745,0.999983379322086,"group_idyes"
"13749","THOC6","Exc L4-5 RORB GABRG1",-0.0306470695169301,1.52905377666105,0.0765625618493086,0.782159520004837,0.999997068196745,0.999983379322086,"group_idyes"
"13750","BICDL2","Exc L4-5 RORB GABRG1",-0.0739063668532004,1.79964971574005,0.335307133537519,0.562889506792561,0.999997068196745,0.999983379322086,"group_idyes"
"13751","MMP25","Exc L4-5 RORB GABRG1",0.0964742047857153,1.03834400893583,0.520309248134383,0.471147907556442,0.999997068196745,0.999983379322086,"group_idyes"
"13752","MMP25-AS1","Exc L4-5 RORB GABRG1",-0.0594578485720274,3.577770826931,0.854353191758591,0.355903112043083,0.999997068196745,0.999983379322086,"group_idyes"
"13753","ZNF213-AS1","Exc L4-5 RORB GABRG1",-0.0415714158887243,3.89975011116662,0.800262964985569,0.443593773532128,0.999997068196745,0.999983379322086,"group_idyes"
"13754","ZNF205","Exc L4-5 RORB GABRG1",0.0699297108537454,2.82974815353238,1.18742382287204,0.767812281369618,0.999997068196745,0.999983379322086,"group_idyes"
"13755","ZNF213","Exc L4-5 RORB GABRG1",-0.0242331873608649,3.93204813314708,0.0743938281997737,0.785189949915476,0.999997068196745,0.999983379322086,"group_idyes"
"13756","AJ003147.2","Exc L4-5 RORB GABRG1",-0.00700893030474477,0.705303768962224,0.00231654009903864,0.961637254708368,0.999997068196745,0.999983379322086,"group_idyes"
"13757","ZNF200","Exc L4-5 RORB GABRG1",0.000965925521122794,2.99392711929573,0.000224564077336732,0.988051546451464,0.999997068196745,0.999983379322086,"group_idyes"
"13758","ZNF263","Exc L4-5 RORB GABRG1",-0.0268332132345502,4.47359829945518,0.357286817082422,0.86867089013039,0.999997068196745,0.999983379322086,"group_idyes"
"13759","TIGD7","Exc L4-5 RORB GABRG1",-0.0360721653518572,3.77569900210987,0.455163719248073,0.500298137259311,0.999997068196745,0.999983379322086,"group_idyes"
"13760","ZNF75A","Exc L4-5 RORB GABRG1",-0.0459553969826192,5.07370589979205,1.23401886647296,0.267320647541967,0.999997068196745,0.999983379322086,"group_idyes"
"13761","AC025283.3","Exc L4-5 RORB GABRG1",0.00549393868040117,3.03728640089896,0.00657023204148319,0.935438797054709,0.999997068196745,0.999983379322086,"group_idyes"
"13762","ZSCAN32","Exc L4-5 RORB GABRG1",-0.0193824251611793,2.54217128415763,0.083063537141288,0.773343144341678,0.999997068196745,0.999983379322086,"group_idyes"
"13763","ZNF597","Exc L4-5 RORB GABRG1",0.0223452695087709,2.32232897873726,0.108498769215418,0.788885743317419,0.999997068196745,0.999983379322086,"group_idyes"
"13764","NAA60","Exc L4-5 RORB GABRG1",0.0762198413061931,3.91681519193902,2.04220524541455,0.153799132766217,0.999997068196745,0.999983379322086,"group_idyes"
"13765","CLUAP1","Exc L4-5 RORB GABRG1",-0.0733972438380957,5.78580255696567,5.99474345527328,0.0147942775183982,0.999997068196745,0.999983379322086,"group_idyes"
"13766","NLRC3","Exc L4-5 RORB GABRG1",-0.0171338807168674,2.05412039311644,0.0254532949240253,0.873326469421582,0.999997068196745,0.999983379322086,"group_idyes"
"13767","AC004494.1","Exc L4-5 RORB GABRG1",-0.0993803587858049,2.51841470255751,1.76954604056348,0.184226261716131,0.999997068196745,0.999983379322086,"group_idyes"
"13768","SLX4","Exc L4-5 RORB GABRG1",-0.0854307237923103,3.50159286164763,1.7408582430363,0.18781477155535,0.999997068196745,0.999983379322086,"group_idyes"
"13769","DNASE1","Exc L4-5 RORB GABRG1",-0.019989186190443,5.15102370320901,0.256532800743876,0.612802364250858,0.999997068196745,0.999983379322086,"group_idyes"
"13770","TRAP1","Exc L4-5 RORB GABRG1",-0.00229839584206595,6.21261984048212,0.00302210311250039,0.956187985604892,0.999997068196745,0.999983379322086,"group_idyes"
"13771","CREBBP","Exc L4-5 RORB GABRG1",0.0213763479129338,7.23529318542415,0.605524042490415,0.436956367776264,0.999997068196745,0.999983379322086,"group_idyes"
"13772","ADCY9","Exc L4-5 RORB GABRG1",-0.0299416161943848,7.52571152320792,0.386181474763602,0.534681473463902,0.999997068196745,0.999983379322086,"group_idyes"
"13773","SRL","Exc L4-5 RORB GABRG1",-0.385939595815103,0.400868301618817,5.41621239998716,0.0204687847052858,0.999997068196745,0.999983379322086,"group_idyes"
"13774","TFAP4","Exc L4-5 RORB GABRG1",-0.0604337820059921,3.37836750889692,1.22790201614222,0.269424550454659,0.999997068196745,0.999983379322086,"group_idyes"
"13775","GLIS2","Exc L4-5 RORB GABRG1",-0.0647637352752316,2.66379092360489,0.924154638930041,0.336990248497877,0.999997068196745,0.999983379322086,"group_idyes"
"13776","GLIS2-AS1","Exc L4-5 RORB GABRG1",-0.251270711848817,1.06670231286571,3.38091205328284,0.0667261319365369,0.999997068196745,0.999983379322086,"group_idyes"
"13777","PAM16","Exc L4-5 RORB GABRG1",0.0564947707340449,1.52739770131781,0.407682143221984,0.523528203083325,0.999997068196745,0.999983379322086,"group_idyes"
"13778","CORO7","Exc L4-5 RORB GABRG1",0.179263804366945,0.4447317821079,1.53098747232401,0.216718958494915,0.999997068196745,0.999983379322086,"group_idyes"
"13779","VASN","Exc L4-5 RORB GABRG1",0.00675270794622383,2.41397370156719,0.00932091604936702,0.923138093271848,0.999997068196745,0.999983379322086,"group_idyes"
"13780","DNAJA3","Exc L4-5 RORB GABRG1",-0.0109122342290254,4.78746372544711,0.0660628104004429,0.797295434612892,0.999997068196745,0.999983379322086,"group_idyes"
"13781","NMRAL1","Exc L4-5 RORB GABRG1",-0.00170134677937005,4.43867689188338,0.000892755598623693,0.976179034460167,0.999997068196745,0.999983379322086,"group_idyes"
"13782","HMOX2","Exc L4-5 RORB GABRG1",-0.0490501120199715,5.18641793229926,1.23229257826956,0.267654988228411,0.999997068196745,0.999983379322086,"group_idyes"
"13783","CDIP1","Exc L4-5 RORB GABRG1",0.0461548488368736,6.43939961325696,0.665643275222227,0.41507952469871,0.999997068196745,0.999983379322086,"group_idyes"
"13784","C16orf96","Exc L4-5 RORB GABRG1",-0.204935022929337,1.19693824239315,2.70630333039585,0.100769102099432,0.999997068196745,0.999983379322086,"group_idyes"
"13785","UBALD1","Exc L4-5 RORB GABRG1",0.0409367994586166,4.41786445360201,0.400295235470905,0.527312672844051,0.999997068196745,0.999983379322086,"group_idyes"
"13786","MGRN1","Exc L4-5 RORB GABRG1",0.0315324090553362,5.87214209229648,0.919633867215333,0.891425532807594,0.999997068196745,0.999983379322086,"group_idyes"
"13787","NUDT16L1","Exc L4-5 RORB GABRG1",0.012171675197198,3.62778744990684,0.026132850049946,0.871661158491099,0.999997068196745,0.999983379322086,"group_idyes"
"13788","ANKS3","Exc L4-5 RORB GABRG1",-0.00630746682275271,5.87624015234537,0.0444828014797175,0.833069585088309,0.999997068196745,0.999983379322086,"group_idyes"
"13789","C16orf71","Exc L4-5 RORB GABRG1",-0.0584712217078768,0.951609575338227,0.190619781448146,0.662646198696381,0.999997068196745,0.999983379322086,"group_idyes"
"13790","ZNF500","Exc L4-5 RORB GABRG1",-0.00965220542134456,4.25942354008374,0.0352362705876353,0.851200390466655,0.999997068196745,0.999983379322086,"group_idyes"
"13791","SEPT12","Exc L4-5 RORB GABRG1",-0.0479800988794774,1.15674139969734,0.129335541155055,0.719319287233745,0.999997068196745,0.999983379322086,"group_idyes"
"13792","SMIM22","Exc L4-5 RORB GABRG1",-0.172400325893234,0.514714902635546,1.12251374708699,0.29004252692186,0.999997068196745,0.999983379322086,"group_idyes"
"13793","ROGDI","Exc L4-5 RORB GABRG1",0.000302599326192255,5.20686874871016,2.13761808465219e-05,0.996313439548862,0.999997068196745,0.999983379322086,"group_idyes"
"13794","GLYR1","Exc L4-5 RORB GABRG1",-0.0265936187596929,6.38883328810045,1.03739781246189,0.309067504308416,0.999997068196745,0.999983379322086,"group_idyes"
"13795","UBN1","Exc L4-5 RORB GABRG1",0.0253100078404202,4.96954769011386,0.559083046874104,0.455086710020154,0.999997068196745,0.999983379322086,"group_idyes"
"13796","PPL","Exc L4-5 RORB GABRG1",0.0393685779557887,4.49927205890853,0.677859482801708,0.410834828804913,0.999997068196745,0.999983379322086,"group_idyes"
"13797","SEC14L5","Exc L4-5 RORB GABRG1",-0.00368408401634582,6.2220009123338,0.00494277460927239,0.943987536100527,0.999997068196745,0.999983379322086,"group_idyes"
"13798","NAGPA-AS1","Exc L4-5 RORB GABRG1",-0.0518871450893367,2.15809480476722,0.337191540156797,0.675366684105081,0.999997068196745,0.999983379322086,"group_idyes"
"13799","NAGPA","Exc L4-5 RORB GABRG1",0.00931397438425407,5.75923655316201,0.0487497934257932,0.8253703084493,0.999997068196745,0.999983379322086,"group_idyes"
"13800","ALG1","Exc L4-5 RORB GABRG1",-0.0213863222266226,3.97882218640053,0.192515457001308,0.778749169884484,0.999997068196745,0.999983379322086,"group_idyes"
"13801","EEF2KMT","Exc L4-5 RORB GABRG1",0.173899541156354,0.990938389398343,2.12302371688359,0.145915513167428,0.999997068196745,0.999983379322086,"group_idyes"
"13802","AC026458.2","Exc L4-5 RORB GABRG1",0.056848274700285,3.24682705663649,0.757698116886407,0.384592641805366,0.999997068196745,0.999983379322086,"group_idyes"
"13803","RBFOX1","Exc L4-5 RORB GABRG1",-0.0254790970814715,12.1020600452797,0.590993374847205,0.442506896401472,0.999997068196745,0.999983379322086,"group_idyes"
"13804","METTL22","Exc L4-5 RORB GABRG1",-0.0396118141246724,4.3195761578021,0.869170925107717,0.351769616923062,0.999997068196745,0.999983379322086,"group_idyes"
"13805","ABAT","Exc L4-5 RORB GABRG1",-0.0156626216761125,6.60360175423029,0.331680968929139,0.565007669201308,0.999997068196745,0.999983379322086,"group_idyes"
"13806","TMEM186","Exc L4-5 RORB GABRG1",0.0384887392823474,2.17817891877586,0.238889306131445,0.625287959301563,0.999997068196745,0.999983379322086,"group_idyes"
"13807","PMM2","Exc L4-5 RORB GABRG1",-0.0499253048230869,4.60455415620232,0.830945530497335,0.362570063759678,0.999997068196745,0.999983379322086,"group_idyes"
"13808","AC022167.2","Exc L4-5 RORB GABRG1",-0.264867852592573,1.63248145693378,7.27695927979861,0.00729179375607125,0.999997068196745,0.999983379322086,"group_idyes"
"13809","CARHSP1","Exc L4-5 RORB GABRG1",-0.0211177737925788,2.45008102929556,0.0381826503446373,0.845179987648945,0.999997068196745,0.999983379322086,"group_idyes"
"13810","USP7","Exc L4-5 RORB GABRG1",0.00678558896409171,5.92411760378312,0.0547006201074308,0.815201270914038,0.999997068196745,0.999983379322086,"group_idyes"
"13811","C16orf72","Exc L4-5 RORB GABRG1",0.0356009173659566,5.5292371967911,0.885346502070845,0.347331893155993,0.999997068196745,0.999983379322086,"group_idyes"
"13812","AC087190.1","Exc L4-5 RORB GABRG1",-0.117847289377205,1.19639669537378,0.440949992660326,0.507062041880378,0.999997068196745,0.999983379322086,"group_idyes"
"13813","LINC02177","Exc L4-5 RORB GABRG1",0.0947600840145581,1.74210223481341,0.884415369887645,0.347585271280406,0.999997068196745,0.999983379322086,"group_idyes"
"13814","AC007221.1","Exc L4-5 RORB GABRG1",0.00197953562104562,1.3550559908017,0.000164905159845614,0.989760871136758,0.999997068196745,0.999983379322086,"group_idyes"
"13815","AC007221.2","Exc L4-5 RORB GABRG1",-0.00362769184231943,2.08145339008207,0.00133809107632033,0.970838920728233,0.999997068196745,0.999983379322086,"group_idyes"
"13816","GRIN2A","Exc L4-5 RORB GABRG1",-0.012480221444048,9.89662219920926,0.153746549997624,0.695197543373153,0.999997068196745,0.999983379322086,"group_idyes"
"13817","AC133565.1","Exc L4-5 RORB GABRG1",-0.0254340725342387,2.5871706256213,0.0521621776665063,0.819464089366222,0.999997068196745,0.999983379322086,"group_idyes"
"13818","ATF7IP2","Exc L4-5 RORB GABRG1",-0.0585631120470555,6.11829080304062,1.47630119494087,0.225099272706225,0.999997068196745,0.999983379322086,"group_idyes"
"13819","EMP2","Exc L4-5 RORB GABRG1",0.0688144018659693,0.758642494802353,0.19718042573463,0.6572560667317,0.999997068196745,0.999983379322086,"group_idyes"
"13820","TEKT5","Exc L4-5 RORB GABRG1",-0.0729657542252388,1.77943913461103,0.34462000445966,0.55751885748978,0.999997068196745,0.999983379322086,"group_idyes"
"13821","NUBP1","Exc L4-5 RORB GABRG1",0.0456232885419557,3.607625553126,0.549084438330891,0.45914406047333,0.999997068196745,0.999983379322086,"group_idyes"
"13822","TVP23A","Exc L4-5 RORB GABRG1",-0.0761617533901528,5.6122309895855,2.38454153141568,0.123362958430542,0.999997068196745,0.999983379322086,"group_idyes"
"13823","AC133065.1","Exc L4-5 RORB GABRG1",0.124972163905746,1.76315841645451,1.00506867343222,0.316717255699477,0.999997068196745,0.999983379322086,"group_idyes"
"13824","CIITA","Exc L4-5 RORB GABRG1",0.0353517031279209,1.13621143459411,0.0641286034856681,0.800220908605373,0.999997068196745,0.999983379322086,"group_idyes"
"13825","DEXI","Exc L4-5 RORB GABRG1",0.122739467782667,4.10435150007671,3.09827921629348,0.0791696871917727,0.999997068196745,0.999983379322086,"group_idyes"
"13826","CLEC16A","Exc L4-5 RORB GABRG1",-0.0422257270885807,7.12072999631673,1.11841252817247,0.29092410149935,0.999997068196745,0.999983379322086,"group_idyes"
"13827","AC007014.1","Exc L4-5 RORB GABRG1",-0.221533550981802,1.72919271042947,2.49847615291874,0.114778259473636,0.999997068196745,0.999983379322086,"group_idyes"
"13828","AC007220.1","Exc L4-5 RORB GABRG1",0.0638952611752952,2.86476623548889,0.670611434550044,0.413345473215358,0.999997068196745,0.999983379322086,"group_idyes"
"13829","RMI2","Exc L4-5 RORB GABRG1",-0.110774596446776,1.84346131313301,1.12924780616716,0.288602401804895,0.999997068196745,0.999983379322086,"group_idyes"
"13830","AC099489.1","Exc L4-5 RORB GABRG1",-0.233669156007578,1.06354728837474,3.31884793396123,0.0692661393542134,0.999997068196745,0.999983379322086,"group_idyes"
"13831","LITAF","Exc L4-5 RORB GABRG1",-0.0220800408058457,0.977667578988326,0.035369588777745,0.850922466125602,0.999997068196745,0.999983379322086,"group_idyes"
"13832","SNN","Exc L4-5 RORB GABRG1",0.0612277247867448,5.01682931532259,0.686384937300078,0.407910385156698,0.999997068196745,0.999983379322086,"group_idyes"
"13833","TXNDC11","Exc L4-5 RORB GABRG1",-0.0219899484701203,5.13805622193045,0.467725008347214,0.612191862099286,0.999997068196745,0.999983379322086,"group_idyes"
"13834","ZC3H7A","Exc L4-5 RORB GABRG1",-0.0024946737192555,5.27691627201873,0.00712787703709023,0.960577937388967,0.999997068196745,0.999983379322086,"group_idyes"
"13835","RSL1D1","Exc L4-5 RORB GABRG1",0.0596792928703382,4.7393808078784,1.19520955061747,0.274965294787536,0.999997068196745,0.999983379322086,"group_idyes"
"13836","AC007216.4","Exc L4-5 RORB GABRG1",-0.0148578168027822,4.50216755206487,0.12636405522807,0.816360319152065,0.999997068196745,0.999983379322086,"group_idyes"
"13837","GSPT1","Exc L4-5 RORB GABRG1",0.0168211397034677,6.38544434196469,0.354405900646844,0.608112890504724,0.999997068196745,0.999983379322086,"group_idyes"
"13838","AC007216.2","Exc L4-5 RORB GABRG1",0.164656009418696,1.07755028050453,1.0866241937411,0.297874969737518,0.999997068196745,0.999983379322086,"group_idyes"
"13839","NPIPB2","Exc L4-5 RORB GABRG1",-0.0554216368538345,2.37076385737357,0.239427103088816,0.624899046458727,0.999997068196745,0.999983379322086,"group_idyes"
"13840","SNX29","Exc L4-5 RORB GABRG1",-0.072837203405026,6.81646405037789,3.08004026726619,0.0800544972600623,0.999997068196745,0.999983379322086,"group_idyes"
"13841","AC010333.2","Exc L4-5 RORB GABRG1",-0.0852577038896542,1.50540552888261,0.376208865557527,0.540001643662917,0.999997068196745,0.999983379322086,"group_idyes"
"13842","CPPED1","Exc L4-5 RORB GABRG1",-0.0835795711615786,4.7282775250117,2.52657904136887,0.112764055916658,0.999997068196745,0.999983379322086,"group_idyes"
"13843","AC109597.1","Exc L4-5 RORB GABRG1",0.18943259334539,0.73322783001649,1.32135568209915,0.251062971795018,0.999997068196745,0.999983379322086,"group_idyes"
"13844","SHISA9","Exc L4-5 RORB GABRG1",0.00241696144515749,8.85295611090172,0.00303572165820668,0.956089481102148,0.999997068196745,0.999983379322086,"group_idyes"
"13845","U91319.1","Exc L4-5 RORB GABRG1",-0.00356128448555442,6.28054611380562,0.00495013298117716,0.943945927246967,0.999997068196745,0.999983379322086,"group_idyes"
"13846","ERCC4","Exc L4-5 RORB GABRG1",-0.0121168562138498,4.67441685881487,0.113336738798419,0.736560379540855,0.999997068196745,0.999983379322086,"group_idyes"
"13847","MKL2","Exc L4-5 RORB GABRG1",0.0307157529000578,9.16362640914079,1.34750118016329,0.246435197973475,0.999997068196745,0.999983379322086,"group_idyes"
"13848","AC130650.1","Exc L4-5 RORB GABRG1",0.0479305638512047,4.12664547279626,0.107057141731496,0.743697691106466,0.999997068196745,0.999983379322086,"group_idyes"
"13849","MIR193BHG","Exc L4-5 RORB GABRG1",-0.00209102926723312,3.21521028918427,0.000726451986577652,0.978511376588085,0.999997068196745,0.999983379322086,"group_idyes"
"13850","AC040173.1","Exc L4-5 RORB GABRG1",-0.0354638892388625,1.94427826564175,0.12218904122114,0.726863576699752,0.999997068196745,0.999983379322086,"group_idyes"
"13851","PARN","Exc L4-5 RORB GABRG1",-0.0435325794964517,6.15983643909317,1.37628718240777,0.241460391756379,0.999997068196745,0.999983379322086,"group_idyes"
"13852","BFAR","Exc L4-5 RORB GABRG1",-0.00545319446321703,4.42207452494827,0.0225205939178181,0.932662264358362,0.999997068196745,0.999983379322086,"group_idyes"
"13853","PLA2G10","Exc L4-5 RORB GABRG1",0.0495194104688166,0.903072225304502,0.157833220285428,0.691379614717795,0.999997068196745,0.999983379322086,"group_idyes"
"13854","NPIPA3","Exc L4-5 RORB GABRG1",0.464951393156817,-0.1465218248837,2.91954919814457,0.0883188284565877,0.999997068196745,0.999983379322086,"group_idyes"
"13855","NPIPA2","Exc L4-5 RORB GABRG1",0.127440170588245,1.35836413113197,0.634006783505653,0.426380436924738,0.999997068196745,0.999983379322086,"group_idyes"
"13856","NOMO1","Exc L4-5 RORB GABRG1",-0.0307184529261587,4.05929453940435,0.242722987272062,0.622527354638261,0.999997068196745,0.999983379322086,"group_idyes"
"13857","NPIPA1","Exc L4-5 RORB GABRG1",-0.016118976705541,5.00281269244944,0.0491460875467442,0.82467348407133,0.999997068196745,0.999983379322086,"group_idyes"
"13858","PDXDC1","Exc L4-5 RORB GABRG1",-0.0175535546334645,6.99832740029294,0.141431516115305,0.707069308688314,0.999997068196745,0.999983379322086,"group_idyes"
"13859","AC138932.5","Exc L4-5 RORB GABRG1",0.0790672789584733,0.956090254562365,0.283678563333645,0.594607708606695,0.999997068196745,0.999983379322086,"group_idyes"
"13860","NTAN1","Exc L4-5 RORB GABRG1",0.116828108008309,3.84267574847708,6.99600142218667,0.00850388022776235,0.999997068196745,0.999983379322086,"group_idyes"
"13861","RRN3","Exc L4-5 RORB GABRG1",-0.0153783703736639,4.65181786559829,0.203958155981174,0.651799206755869,0.999997068196745,0.999983379322086,"group_idyes"
"13862","NPIPA5","Exc L4-5 RORB GABRG1",0.171596472098234,3.11849331891862,2.31064735745603,0.129311903432361,0.999997068196745,0.999983379322086,"group_idyes"
"13863","AC140504.1","Exc L4-5 RORB GABRG1",0.0874033441399116,1.83148440531529,0.991427885690307,0.450588299406968,0.999997068196745,0.999983379322086,"group_idyes"
"13864","C16orf45","Exc L4-5 RORB GABRG1",-0.000543806384772745,7.40530222451571,0.000420014002393888,0.983659728874598,0.999997068196745,0.999983379322086,"group_idyes"
"13865","MARF1","Exc L4-5 RORB GABRG1",0.0125490737081462,5.93739936069464,0.148563671028987,0.700124780154435,0.999997068196745,0.999983379322086,"group_idyes"
"13866","NDE1","Exc L4-5 RORB GABRG1",-0.0847439170797814,2.86682019853823,1.46861388975636,0.259439978200453,0.999997068196745,0.999983379322086,"group_idyes"
"13867","MYH11","Exc L4-5 RORB GABRG1",-0.0661165681629919,1.22036310448353,0.334856156903189,0.563152102232529,0.999997068196745,0.999983379322086,"group_idyes"
"13868","FOPNL","Exc L4-5 RORB GABRG1",-0.0363963266140124,4.48269279021594,0.931069603050582,0.335191265255431,0.999997068196745,0.999983379322086,"group_idyes"
"13869","ABCC1","Exc L4-5 RORB GABRG1",-0.0768089606134248,5.34099653474073,2.89984199019944,0.0893958926038615,0.999997068196745,0.999983379322086,"group_idyes"
"13870","ABCC6","Exc L4-5 RORB GABRG1",-0.0998954688270551,0.863081169187761,0.588281525792664,0.530573873796196,0.999997068196745,0.999983379322086,"group_idyes"
"13871","NOMO3","Exc L4-5 RORB GABRG1",-0.102975761234795,2.15805822369995,1.42868052817242,0.232716148134279,0.999997068196745,0.999983379322086,"group_idyes"
"13872","AC138969.1","Exc L4-5 RORB GABRG1",0.0342596766112412,1.50227591581473,0.0798123983302566,0.777703728237292,0.999997068196745,0.999983379322086,"group_idyes"
"13873","NPIPA7","Exc L4-5 RORB GABRG1",-0.149366326369375,0.448909282088821,0.802684861617577,0.370852067895725,0.999997068196745,0.999983379322086,"group_idyes"
"13874","XYLT1","Exc L4-5 RORB GABRG1",-0.123666594249162,6.30247656867586,3.02123273192523,0.0829810517218041,0.999997068196745,0.999983379322086,"group_idyes"
"13875","NPIPA8","Exc L4-5 RORB GABRG1",-0.106962372581828,3.44891886317636,0.538032387491156,0.463696040412863,0.999997068196745,0.999983379322086,"group_idyes"
"13876","AC126755.2","Exc L4-5 RORB GABRG1",-0.0122682865418488,0.752634181583063,0.00744787160411638,0.931271997782928,0.999997068196745,0.999983379322086,"group_idyes"
"13877","NOMO2","Exc L4-5 RORB GABRG1",-0.116696108219044,3.01761480919863,3.97669719072525,0.0468393055985639,0.999997068196745,0.999983379322086,"group_idyes"
"13878","RPS15A","Exc L4-5 RORB GABRG1",0.0606781874882503,3.68398417444473,0.320859023508039,0.571422137599611,0.999997068196745,0.999983379322086,"group_idyes"
"13879","ARL6IP1","Exc L4-5 RORB GABRG1",0.0609133159641333,0.0177634798196096,0.0695281790518158,0.792166165993898,0.999997068196745,0.999983379322086,"group_idyes"
"13880","AC138811.1","Exc L4-5 RORB GABRG1",0.1362452636282,1.0237403098525,1.2306121742019,0.286017040143389,0.999997068196745,0.999983379322086,"group_idyes"
"13881","SMG1","Exc L4-5 RORB GABRG1",0.00080146589995835,6.93936994013447,0.000866827258290506,0.976527398219068,0.999997068196745,0.999983379322086,"group_idyes"
"13882","TMC7","Exc L4-5 RORB GABRG1",-0.135233768722225,3.32535821608846,3.92110212450373,0.048395666496964,0.999997068196745,0.999983379322086,"group_idyes"
"13883","COQ7","Exc L4-5 RORB GABRG1",0.0780556290748635,3.56506556317365,1.5226425608147,0.217973283070779,0.999997068196745,0.999983379322086,"group_idyes"
"13884","SYT17","Exc L4-5 RORB GABRG1",-0.0106277113177117,2.7688498829071,0.00778340287953433,0.929744867011384,0.999997068196745,0.999983379322086,"group_idyes"
"13885","AC130456.2","Exc L4-5 RORB GABRG1",-0.20022264521082,0.36227158337719,1.54828946096562,0.214145654968128,0.999997068196745,0.999983379322086,"group_idyes"
"13886","TMC5","Exc L4-5 RORB GABRG1",-0.129671753613441,1.31893693580984,1.53666430049704,0.215870602345224,0.999997068196745,0.999983379322086,"group_idyes"
"13887","GDE1","Exc L4-5 RORB GABRG1",0.0501335398287682,4.30110299349104,0.712576358650381,0.39911442433308,0.999997068196745,0.999983379322086,"group_idyes"
"13888","CCP110","Exc L4-5 RORB GABRG1",-0.00539439245010297,5.47849964310043,0.0277159006355841,0.867865946185014,0.999997068196745,0.999983379322086,"group_idyes"
"13889","VPS35L","Exc L4-5 RORB GABRG1",-0.0502382774355319,6.51239696646264,2.17500665630599,0.14108674177026,0.999997068196745,0.999983379322086,"group_idyes"
"13890","KNOP1","Exc L4-5 RORB GABRG1",0.0256717093136369,4.45599244954037,0.200022756920012,0.654954160461188,0.999997068196745,0.999983379322086,"group_idyes"
"13891","AC002550.1","Exc L4-5 RORB GABRG1",-0.0667971606277069,0.350397765586851,0.163806249542484,0.685901025829508,0.999997068196745,0.999983379322086,"group_idyes"
"13892","IQCK","Exc L4-5 RORB GABRG1",-0.0888707473550316,5.31224118492917,2.49944578879358,0.11470810373949,0.999997068196745,0.999983379322086,"group_idyes"
"13893","AC027130.1","Exc L4-5 RORB GABRG1",-0.095026892088118,1.25127509393359,0.401091805680938,0.526902227271491,0.999997068196745,0.999983379322086,"group_idyes"
"13894","GPRC5B","Exc L4-5 RORB GABRG1",-0.043456865216566,3.46156254438292,0.219045782981392,0.640032967006582,0.999997068196745,0.999983379322086,"group_idyes"
"13895","ACSM5","Exc L4-5 RORB GABRG1",0.000425529109112645,-0.136036184264537,2.19226436766491e-07,0.999626660191729,0.999997068196745,0.999983379322086,"group_idyes"
"13896","ACSM3","Exc L4-5 RORB GABRG1",0.0251664008879116,2.15773403567907,0.044194115048499,0.833604164323607,0.999997068196745,0.999983379322086,"group_idyes"
"13897","ACSM1","Exc L4-5 RORB GABRG1",0.164987834171295,1.0723232383696,1.47622340239927,0.225111468205897,0.999997068196745,0.999983379322086,"group_idyes"
"13898","THUMPD1","Exc L4-5 RORB GABRG1",0.0241337855319859,5.41651759936243,0.406408556058044,0.95430536074985,0.999997068196745,0.999983379322086,"group_idyes"
"13899","ERI2","Exc L4-5 RORB GABRG1",-0.0163583989195149,3.58094212339718,0.0720845072067655,0.788469476361978,0.999997068196745,0.999983379322086,"group_idyes"
"13900","REXO5","Exc L4-5 RORB GABRG1",0.118722637799295,2.18236510583134,2.44784346223978,0.118508586383059,0.999997068196745,0.999983379322086,"group_idyes"
"13901","LYRM1","Exc L4-5 RORB GABRG1",-0.000626035704948333,3.89919552640316,0.000178510317639508,0.989346886344061,0.999997068196745,0.999983379322086,"group_idyes"
"13902","DNAH3","Exc L4-5 RORB GABRG1",-0.0643021485707012,1.77955448137496,0.417144572353824,0.518750330643036,0.999997068196745,0.999983379322086,"group_idyes"
"13903","TMEM159","Exc L4-5 RORB GABRG1",-0.0152119742084858,0.92933379538824,0.0149700568576403,0.902683990465003,0.999997068196745,0.999983379322086,"group_idyes"
"13904","CRYM","Exc L4-5 RORB GABRG1",-0.0196421638165626,5.72203097794068,0.0978605912017758,0.754581773640623,0.999997068196745,0.999983379322086,"group_idyes"
"13905","NPIPB3","Exc L4-5 RORB GABRG1",0.0843351863469213,1.82187385494266,0.560435184708528,0.454542369284434,0.999997068196745,0.999983379322086,"group_idyes"
"13906","METTL9","Exc L4-5 RORB GABRG1",0.012153180215017,5.70528853873991,0.172802084399594,0.677865179107277,0.999997068196745,0.999983379322086,"group_idyes"
"13907","OTOA","Exc L4-5 RORB GABRG1",-0.00615339701029805,2.07270532970878,0.00515102525338415,0.942821730084412,0.999997068196745,0.999983379322086,"group_idyes"
"13908","NPIPB4","Exc L4-5 RORB GABRG1",0.0265836012215348,3.94320417184477,0.154471634700951,0.694515898495446,0.999997068196745,0.999983379322086,"group_idyes"
"13909","AC092119.2","Exc L4-5 RORB GABRG1",-0.0388702255304105,1.54851303337787,0.197562627519855,0.65694538242738,0.999997068196745,0.999983379322086,"group_idyes"
"13910","UQCRC2","Exc L4-5 RORB GABRG1",-0.0381344525680686,6.31215881473469,1.16686569531676,0.280722884710033,0.999997068196745,0.999983379322086,"group_idyes"
"13911","PDZD9","Exc L4-5 RORB GABRG1",0.247382647061037,1.89651277241797,3.27401485213279,0.0711654982739365,0.999997068196745,0.999983379322086,"group_idyes"
"13912","MOSMO","Exc L4-5 RORB GABRG1",0.0721722551414267,7.61651372011756,3.73060124783908,0.0541583391167426,0.999997068196745,0.999983379322086,"group_idyes"
"13913","VWA3A","Exc L4-5 RORB GABRG1",0.0194679239791374,4.98999114119689,0.0735674243634144,0.786357184278726,0.999997068196745,0.999983379322086,"group_idyes"
"13914","SDR42E2","Exc L4-5 RORB GABRG1",0.137510556012868,1.34364372675229,1.7451243087428,0.187276011331414,0.999997068196745,0.999983379322086,"group_idyes"
"13915","EEF2K","Exc L4-5 RORB GABRG1",-0.0616787443720171,4.99755302254089,2.0874967287093,0.149323187798715,0.999997068196745,0.999983379322086,"group_idyes"
"13916","POLR3E","Exc L4-5 RORB GABRG1",0.00757703273600092,4.31179531304678,0.0242218861137371,0.876403289156092,0.999997068196745,0.999983379322086,"group_idyes"
"13917","CDR2","Exc L4-5 RORB GABRG1",-0.0099179152408359,6.55893004457524,0.065297939174031,0.79844677073756,0.999997068196745,0.999983379322086,"group_idyes"
"13918","AC092338.2","Exc L4-5 RORB GABRG1",0.0306482962507272,1.77984575913598,0.0527357472076204,0.818491500716755,0.999997068196745,0.999983379322086,"group_idyes"
"13919","NPIPB5","Exc L4-5 RORB GABRG1",0.0327427146242808,5.55900927619228,0.329099216151569,0.56652517772052,0.999997068196745,0.999983379322086,"group_idyes"
"13920","AC009021.1","Exc L4-5 RORB GABRG1",0.0612819402008572,0.882261936616229,0.227934774415637,0.843290683138754,0.999997068196745,0.999983379322086,"group_idyes"
"13921","AC130466.1","Exc L4-5 RORB GABRG1",0.169051994979114,1.82414688040276,3.20116052195006,0.0743725547599682,0.999997068196745,0.999983379322086,"group_idyes"
"13922","HS3ST2","Exc L4-5 RORB GABRG1",-0.0721156671709181,7.30656375305767,0.995240376615064,0.319091975828405,0.999997068196745,0.999983379322086,"group_idyes"
"13923","USP31","Exc L4-5 RORB GABRG1",0.0211535186333942,6.36065143650448,0.565772049448555,0.452403830604087,0.999997068196745,0.999983379322086,"group_idyes"
"13924","SCNN1B","Exc L4-5 RORB GABRG1",0.0826326220321307,0.167643035075799,0.214942105357649,0.844294942337839,0.999997068196745,0.999983379322086,"group_idyes"
"13925","COG7","Exc L4-5 RORB GABRG1",-0.0320597917631086,5.77070850141669,1.14572000583463,0.285117946282632,0.999997068196745,0.999983379322086,"group_idyes"
"13926","GGA2","Exc L4-5 RORB GABRG1",-0.0405026678339837,6.78829137865964,1.98541671384112,0.159628646300469,0.999997068196745,0.999983379322086,"group_idyes"
"13927","EARS2","Exc L4-5 RORB GABRG1",-0.0479681459535793,3.92636704070577,1.22889858677861,0.268313849125265,0.999997068196745,0.999983379322086,"group_idyes"
"13928","UBFD1","Exc L4-5 RORB GABRG1",-0.0221925848100483,4.61767260345487,0.251686941452551,0.61617670821787,0.999997068196745,0.999983379322086,"group_idyes"
"13929","NDUFAB1","Exc L4-5 RORB GABRG1",-0.0704884746598937,4.25945507551031,1.05575245595724,0.304831513908411,0.999997068196745,0.999983379322086,"group_idyes"
"13930","PALB2","Exc L4-5 RORB GABRG1",-0.0087378399269718,3.71176580406184,0.0288682934404794,0.962780897049026,0.999997068196745,0.999983379322086,"group_idyes"
"13931","DCTN5","Exc L4-5 RORB GABRG1",0.0598860238003705,6.08971110797581,3.13124797173348,0.0775970180129901,0.999997068196745,0.999983379322086,"group_idyes"
"13932","PLK1","Exc L4-5 RORB GABRG1",0.10211961030849,2.25921816566424,1.91670480703813,0.167022813374876,0.999997068196745,0.999983379322086,"group_idyes"
"13933","PRKCB","Exc L4-5 RORB GABRG1",0.0110931543277554,9.63882778361033,0.203630539133709,0.652060447793347,0.999997068196745,0.999983379322086,"group_idyes"
"13934","CACNG3","Exc L4-5 RORB GABRG1",-0.0396461207216387,6.69868806013546,0.717089597608396,0.397626668314422,0.999997068196745,0.999983379322086,"group_idyes"
"13935","RBBP6","Exc L4-5 RORB GABRG1",0.0295294863354276,6.48648499665213,0.824221261802366,0.364517160742042,0.999997068196745,0.999983379322086,"group_idyes"
"13936","TNRC6A","Exc L4-5 RORB GABRG1",-0.0309183927868826,9.61666002503131,0.876999204584832,0.349612357060106,0.999997068196745,0.999983379322086,"group_idyes"
"13937","LINC01567","Exc L4-5 RORB GABRG1",0.0392490476103488,2.50040580905798,0.116719326405994,0.732806774651172,0.999997068196745,0.999983379322086,"group_idyes"
"13938","AC008731.1","Exc L4-5 RORB GABRG1",-0.0102648663287364,3.34826220030424,0.0055225070177573,0.940799500651213,0.999997068196745,0.999983379322086,"group_idyes"
"13939","SLC5A11","Exc L4-5 RORB GABRG1",-0.103488451346809,1.86817674755348,0.8391227884402,0.36022158790658,0.999997068196745,0.999983379322086,"group_idyes"
"13940","ARHGAP17","Exc L4-5 RORB GABRG1",-0.0299034988246917,5.32212032193672,0.447984093819925,0.503695286872035,0.999997068196745,0.999983379322086,"group_idyes"
"13941","LINC02175","Exc L4-5 RORB GABRG1",0.0246722787632861,1.45350696130609,0.0466790646128087,0.829060639062644,0.999997068196745,0.999983379322086,"group_idyes"
"13942","LCMT1","Exc L4-5 RORB GABRG1",-0.0619778834592706,5.94545105959717,4.62601672585574,0.0321129021435558,0.999997068196745,0.999983379322086,"group_idyes"
"13943","AQP8","Exc L4-5 RORB GABRG1",-0.266285514469317,0.964115806889836,3.8216296683357,0.0513187801317515,0.999997068196745,0.999983379322086,"group_idyes"
"13944","ZKSCAN2","Exc L4-5 RORB GABRG1",0.0438212360920051,2.62287893267767,0.47764105827686,0.489909555054324,0.999997068196745,0.999983379322086,"group_idyes"
"13945","AC008741.2","Exc L4-5 RORB GABRG1",3.41050829778411e-05,3.16854932348147,5.92734431743343e-07,0.999386113774819,0.999997068196745,0.999983379322086,"group_idyes"
"13946","HS3ST4","Exc L4-5 RORB GABRG1",-0.0422532628291417,9.08093793241616,0.818130065848914,0.366293495150243,0.999997068196745,0.999983379322086,"group_idyes"
"13947","AC009158.1","Exc L4-5 RORB GABRG1",0.216638488735028,0.707828918928137,1.8571901022451,0.173746576625356,0.999997068196745,0.999983379322086,"group_idyes"
"13948","KDM8","Exc L4-5 RORB GABRG1",-0.137863990420784,2.67048117050533,4.82500455220895,0.0286457415017589,0.999997068196745,0.999983379322086,"group_idyes"
"13949","NSMCE1","Exc L4-5 RORB GABRG1",0.0097955279645909,2.91819733578762,0.025474910133472,0.873273150730396,0.999997068196745,0.999983379322086,"group_idyes"
"13950","AC106739.1","Exc L4-5 RORB GABRG1",-0.0972766017732652,2.34759005030355,1.27489080518535,0.259554699799549,0.999997068196745,0.999983379322086,"group_idyes"
"13951","IL4R","Exc L4-5 RORB GABRG1",0.0539171038184784,0.639815421224736,0.148462610807299,0.921958600089122,0.999997068196745,0.999983379322086,"group_idyes"
"13952","IL21R-AS1","Exc L4-5 RORB GABRG1",-0.0367628842753936,1.57047172541428,0.0900183336897511,0.764315890803047,0.999997068196745,0.999983379322086,"group_idyes"
"13953","GTF3C1","Exc L4-5 RORB GABRG1",-0.0148951667517393,6.42973056689835,0.201615393700999,0.653672910544498,0.999997068196745,0.999983379322086,"group_idyes"
"13954","KIAA0556","Exc L4-5 RORB GABRG1",-0.0445815950437636,5.6993095024117,1.14128671779028,0.286050450413396,0.999997068196745,0.999983379322086,"group_idyes"
"13955","AC016597.1","Exc L4-5 RORB GABRG1",-0.128070932111923,1.0390312708666,0.810965963427511,0.368398165189174,0.999997068196745,0.999983379322086,"group_idyes"
"13956","GSG1L","Exc L4-5 RORB GABRG1",-0.0423258912806177,6.44170679730023,0.690094138346275,0.406647583473515,0.999997068196745,0.999983379322086,"group_idyes"
"13957","XPO6","Exc L4-5 RORB GABRG1",-0.0407837017457712,6.21714280935364,2.23412506833259,0.135812753705458,0.999997068196745,0.999983379322086,"group_idyes"
"13958","AC138904.3","Exc L4-5 RORB GABRG1",-0.060792303737093,5.29322178108313,0.374757471325951,0.540784011663463,0.999997068196745,0.999983379322086,"group_idyes"
"13959","SBK1","Exc L4-5 RORB GABRG1",-0.0507307485015585,4.82401359118301,0.61608029284407,0.432990664973832,0.999997068196745,0.999983379322086,"group_idyes"
"13960","NPIPB6","Exc L4-5 RORB GABRG1",0.093278536351335,1.89788722828555,0.535437241466942,0.46477533064233,0.999997068196745,0.999983379322086,"group_idyes"
"13961","EIF3CL","Exc L4-5 RORB GABRG1",0.00650126698237831,0.518405202929607,0.00199601669125572,0.964388103267018,0.999997068196745,0.999983379322086,"group_idyes"
"13962","AC138894.1","Exc L4-5 RORB GABRG1",-0.00850350871811296,1.66729454817549,0.00642554727351984,0.936152071406695,0.999997068196745,0.999983379322086,"group_idyes"
"13963","IL27","Exc L4-5 RORB GABRG1",0.129052554627801,0.137521572268764,0.506800261791299,0.476958740436625,0.999997068196745,0.999983379322086,"group_idyes"
"13964","NUPR1","Exc L4-5 RORB GABRG1",-0.12085129265704,0.597791439653963,0.442400396862057,0.506364672433735,0.999997068196745,0.999983379322086,"group_idyes"
"13965","AC020765.2","Exc L4-5 RORB GABRG1",-0.0527541604985066,0.812130627346376,0.133677640089866,0.714849937182782,0.999997068196745,0.999983379322086,"group_idyes"
"13966","SGF29","Exc L4-5 RORB GABRG1",0.035494754332261,3.56309922179659,0.446627097781716,0.504341800029259,0.999997068196745,0.999983379322086,"group_idyes"
"13967","SULT1A2","Exc L4-5 RORB GABRG1",-0.0157683368940776,2.77353851235223,0.0246813312679901,0.875246139702136,0.999997068196745,0.999983379322086,"group_idyes"
"13968","SULT1A1","Exc L4-5 RORB GABRG1",-0.0263382708411814,5.83205659867192,0.356930946884401,0.55056712972715,0.999997068196745,0.999983379322086,"group_idyes"
"13969","EIF3C","Exc L4-5 RORB GABRG1",-0.198362894478181,0.643143595201609,1.85017065987881,0.174559996887714,0.999997068196745,0.999983379322086,"group_idyes"
"13970","ATXN2L","Exc L4-5 RORB GABRG1",0.0235131342395958,5.59788893707935,0.382851632907584,0.536447199596368,0.999997068196745,0.999983379322086,"group_idyes"
"13971","TUFM","Exc L4-5 RORB GABRG1",0.0570859479477039,4.65115719873278,0.487686733396607,0.485382902963012,0.999997068196745,0.999983379322086,"group_idyes"
"13972","SH2B1","Exc L4-5 RORB GABRG1",0.0367537218012256,5.466910892989,1.40059067516613,0.237355434504187,0.999997068196745,0.999983379322086,"group_idyes"
"13973","AC133550.2","Exc L4-5 RORB GABRG1",-0.00883954208954259,3.14367620847593,0.0120166483528831,0.912767527295013,0.999997068196745,0.999983379322086,"group_idyes"
"13974","ATP2A1","Exc L4-5 RORB GABRG1",0.118422682842398,1.57997062124526,1.3840925728571,0.269442985133146,0.999997068196745,0.999983379322086,"group_idyes"
"13975","ATP2A1-AS1","Exc L4-5 RORB GABRG1",0.0831476893499243,0.468387838300041,0.287610997956273,0.592065482161946,0.999997068196745,0.999983379322086,"group_idyes"
"13976","RABEP2","Exc L4-5 RORB GABRG1",0.0253462951787448,3.15056108205867,0.20374147313089,0.693974267813513,0.999997068196745,0.999983379322086,"group_idyes"
"13977","NFATC2IP","Exc L4-5 RORB GABRG1",-0.00450521010186574,5.49602696882235,0.0144320144228372,0.90444024823059,0.999997068196745,0.999983379322086,"group_idyes"
"13978","AC109460.2","Exc L4-5 RORB GABRG1",-0.0990755296591592,1.37113473852094,0.687304787722276,0.407596684831111,0.999997068196745,0.999983379322086,"group_idyes"
"13979","SPNS1","Exc L4-5 RORB GABRG1",-0.0504047550627726,3.9286437043079,1.1757861174933,0.278894564491718,0.999997068196745,0.999983379322086,"group_idyes"
"13980","LAT","Exc L4-5 RORB GABRG1",-0.019992256034791,2.77244171550108,0.0702151000928946,0.7911657627392,0.999997068196745,0.999983379322086,"group_idyes"
"13981","AC009093.2","Exc L4-5 RORB GABRG1",-0.199785161610934,3.06237189651635,2.2169487230065,0.137321844138509,0.999997068196745,0.999983379322086,"group_idyes"
"13982","NPIPB11","Exc L4-5 RORB GABRG1",0.170634621656402,2.384193896865,3.31601057873879,0.0693847145537038,0.999997068196745,0.999983379322086,"group_idyes"
"13983","NPIPB12","Exc L4-5 RORB GABRG1",0.103816243088357,1.26216310869729,0.739966607568945,0.390207296113176,0.999997068196745,0.999983379322086,"group_idyes"
"13984","QPRT","Exc L4-5 RORB GABRG1",0.010319285534223,0.462354209931004,0.00448137101762987,0.946661820691772,0.999997068196745,0.999983379322086,"group_idyes"
"13985","KIF22","Exc L4-5 RORB GABRG1",0.0795442756210241,3.05886965550391,1.34463606472439,0.246937185788106,0.999997068196745,0.999983379322086,"group_idyes"
"13986","MAZ","Exc L4-5 RORB GABRG1",0.0237735792305933,4.83079184564727,0.185855716465417,0.666629934554265,0.999997068196745,0.999983379322086,"group_idyes"
"13987","AC009133.1","Exc L4-5 RORB GABRG1",-0.0751092927109173,1.9260077950309,0.439642959610026,0.507691894759636,0.999997068196745,0.999983379322086,"group_idyes"
"13988","MVP","Exc L4-5 RORB GABRG1",-0.127903020611735,2.9710463459074,1.810925005627,0.179189807339897,0.999997068196745,0.999983379322086,"group_idyes"
"13989","CDIPT","Exc L4-5 RORB GABRG1",0.0447730158498458,4.74636826395378,0.507221817177355,0.476775650589807,0.999997068196745,0.999983379322086,"group_idyes"
"13990","SEZ6L2","Exc L4-5 RORB GABRG1",-0.0281461069496964,6.77847805850526,0.289834788938754,0.590637747741813,0.999997068196745,0.999983379322086,"group_idyes"
"13991","ASPHD1","Exc L4-5 RORB GABRG1",-0.0726807177607955,5.17798665290394,4.15452391738875,0.0422068355420808,0.999997068196745,0.999983379322086,"group_idyes"
"13992","KCTD13","Exc L4-5 RORB GABRG1",-0.0169073250833441,4.72948827958936,0.145140172800741,0.703433812606591,0.999997068196745,0.999983379322086,"group_idyes"
"13993","TMEM219","Exc L4-5 RORB GABRG1",-0.0148454593145273,4.10467797083755,0.0462607191446731,0.829816534639721,0.999997068196745,0.999983379322086,"group_idyes"
"13994","TAOK2","Exc L4-5 RORB GABRG1",0.005289419800846,4.2395624204765,0.0125706629976894,0.910787551202666,0.999997068196745,0.999983379322086,"group_idyes"
"13995","HIRIP3","Exc L4-5 RORB GABRG1",0.0586599661578587,2.78457424914769,0.896221916998553,0.344390986354421,0.999997068196745,0.999983379322086,"group_idyes"
"13996","INO80E","Exc L4-5 RORB GABRG1",-0.0400096963492438,3.44390734135935,0.628445846400506,0.428414536540655,0.999997068196745,0.999983379322086,"group_idyes"
"13997","DOC2A","Exc L4-5 RORB GABRG1",-0.0140169361472345,5.75179652294781,0.0909564287224981,0.763127704904212,0.999997068196745,0.999983379322086,"group_idyes"
"13998","FAM57B","Exc L4-5 RORB GABRG1",0.055508739672107,3.88920500758053,0.660070753150514,0.417037394144152,0.999997068196745,0.999983379322086,"group_idyes"
"13999","PPP4C","Exc L4-5 RORB GABRG1",0.0716504037411061,3.9602038980962,1.78561678845415,0.310050775097656,0.999997068196745,0.999983379322086,"group_idyes"
"14000","YPEL3","Exc L4-5 RORB GABRG1",0.111160217143602,7.04174980268702,2.84957083852912,0.0922087189620847,0.999997068196745,0.999983379322086,"group_idyes"
"14001","AC012645.1","Exc L4-5 RORB GABRG1",-0.0760255364056451,2.09991009940701,1.07520580028598,0.675430203022488,0.999997068196745,0.999983379322086,"group_idyes"
"14002","GDPD3","Exc L4-5 RORB GABRG1",0.031143137461053,0.818651608720992,0.0408301277649296,0.839972976462593,0.999997068196745,0.999983379322086,"group_idyes"
"14003","MAPK3","Exc L4-5 RORB GABRG1",0.0502387740653663,4.50389259384178,0.456413405487777,0.499710816266913,0.999997068196745,0.999983379322086,"group_idyes"
"14004","CORO1A","Exc L4-5 RORB GABRG1",0.0352299839148504,3.47467171379098,0.19573280063351,0.658436092527366,0.999997068196745,0.999983379322086,"group_idyes"
"14005","SULT1A3","Exc L4-5 RORB GABRG1",-0.0610164068461943,0.621982519464561,0.122479578055674,0.726552099951611,0.999997068196745,0.999983379322086,"group_idyes"
"14006","NPIPB13","Exc L4-5 RORB GABRG1",0.0332189880202269,3.62152140116391,0.27012806520268,0.603544775403117,0.999997068196745,0.999983379322086,"group_idyes"
"14007","CD2BP2","Exc L4-5 RORB GABRG1",-0.0149404203791479,3.87567930456463,0.0664935837245035,0.796650131704493,0.999997068196745,0.999983379322086,"group_idyes"
"14008","TBC1D10B","Exc L4-5 RORB GABRG1",0.0460591677607835,4.25677767753185,0.845117911681871,0.388944076176183,0.999997068196745,0.999983379322086,"group_idyes"
"14009","MYLPF","Exc L4-5 RORB GABRG1",0.00760895676389461,1.71303458994975,0.00262230374835847,0.959186007242445,0.999997068196745,0.999983379322086,"group_idyes"
"14010","ZNF48","Exc L4-5 RORB GABRG1",0.00679614229590887,3.57656402176304,0.0194981523666706,0.889020834178055,0.999997068196745,0.999983379322086,"group_idyes"
"14011","SEPT1","Exc L4-5 RORB GABRG1",-0.00700916029337958,3.76422728425729,0.0146746207314946,0.999608607516196,0.999997068196745,0.999983379322086,"group_idyes"
"14012","ZNF771","Exc L4-5 RORB GABRG1",0.0625598720735062,4.38954702784723,1.88961043231355,0.170045972574321,0.999997068196745,0.999983379322086,"group_idyes"
"14013","DCTPP1","Exc L4-5 RORB GABRG1",0.0312084629155318,2.70005718155215,0.087723227759429,0.767251611525005,0.999997068196745,0.999983379322086,"group_idyes"
"14014","SEPHS2","Exc L4-5 RORB GABRG1",0.145307981648388,3.74622488474638,2.54854781241749,0.111216711859494,0.999997068196745,0.999983379322086,"group_idyes"
"14015","ITGAL","Exc L4-5 RORB GABRG1",-0.121235024798518,2.00607722756805,1.00238770545636,0.317362720926518,0.999997068196745,0.999983379322086,"group_idyes"
"14016","ZNF768","Exc L4-5 RORB GABRG1",0.031610526567701,3.12814259735559,0.252770828269853,0.824351933693767,0.999997068196745,0.999983379322086,"group_idyes"
"14017","AC002310.4","Exc L4-5 RORB GABRG1",0.0288781808345499,2.98190064702603,0.214582836401102,0.748248699954754,0.999997068196745,0.999983379322086,"group_idyes"
"14018","AC002310.1","Exc L4-5 RORB GABRG1",-0.0773911165724103,0.888343226593966,0.353806391484288,0.552315951975926,0.999997068196745,0.999983379322086,"group_idyes"
"14019","ZNF688","Exc L4-5 RORB GABRG1",-0.00397457669795578,3.60096757116608,0.00604268463055316,0.938079496925545,0.999997068196745,0.999983379322086,"group_idyes"
"14020","AC002310.2","Exc L4-5 RORB GABRG1",-0.0355271871771012,1.59364040531921,0.0935247936571186,0.759908450814726,0.999997068196745,0.999983379322086,"group_idyes"
"14021","ZNF785","Exc L4-5 RORB GABRG1",0.0147204553648063,5.16400083899068,0.105786958509636,0.745169374469363,0.999997068196745,0.999983379322086,"group_idyes"
"14022","AC093249.2","Exc L4-5 RORB GABRG1",-0.00319760622285493,3.5672290961887,0.00242827393698567,0.960723706156591,0.999997068196745,0.999983379322086,"group_idyes"
"14023","ZNF689","Exc L4-5 RORB GABRG1",-0.0105257372034159,2.5280775482766,0.0192281786459055,0.889786868737384,0.999997068196745,0.999983379322086,"group_idyes"
"14024","PRR14","Exc L4-5 RORB GABRG1",-0.0174017333285276,3.81350706820705,0.113114313846369,0.736809375532318,0.999997068196745,0.999983379322086,"group_idyes"
"14025","FBRS","Exc L4-5 RORB GABRG1",-0.0027701909722499,4.00218462087172,0.00419163126930608,0.948412404428774,0.999997068196745,0.999983379322086,"group_idyes"
"14026","AC093249.6","Exc L4-5 RORB GABRG1",0.0467124534892566,1.4008556190573,0.17562376828904,0.848600964982632,0.999997068196745,0.999983379322086,"group_idyes"
"14027","SRCAP","Exc L4-5 RORB GABRG1",-0.0763668746216595,1.02020243593394,0.426276917126694,0.70593643840348,0.999997068196745,0.999983379322086,"group_idyes"
"14028","AC106886.5","Exc L4-5 RORB GABRG1",0.0936287165086086,0.821959690398862,0.586726909878368,0.597606803083007,0.999997068196745,0.999983379322086,"group_idyes"
"14029","PHKG2","Exc L4-5 RORB GABRG1",-0.0639434233466384,3.84696664885142,1.68443147064399,0.195114220340883,0.999997068196745,0.999983379322086,"group_idyes"
"14030","CCDC189","Exc L4-5 RORB GABRG1",-0.0560954294441202,2.45460734429694,0.499962303613765,0.479944734810293,0.999997068196745,0.999983379322086,"group_idyes"
"14031","RNF40","Exc L4-5 RORB GABRG1",0.0445646345472321,4.35246990530244,1.28945659464593,0.256855017742063,0.999997068196745,0.999983379322086,"group_idyes"
"14032","ZNF629","Exc L4-5 RORB GABRG1",0.0146259635182722,2.70641319915233,0.0447676309740089,0.832543920945715,0.999997068196745,0.999983379322086,"group_idyes"
"14033","BCL7C","Exc L4-5 RORB GABRG1",-0.119261174722282,3.56122385247125,2.12424042316511,0.145800378564263,0.999997068196745,0.999983379322086,"group_idyes"
"14034","MIR762HG","Exc L4-5 RORB GABRG1",-0.0825663445881439,3.4980215899817,2.7023695595091,0.101016104270151,0.999997068196745,0.999983379322086,"group_idyes"
"14035","FBXL19-AS1","Exc L4-5 RORB GABRG1",0.109912909119663,1.45252666324987,0.797603408320866,0.372369163085913,0.999997068196745,0.999983379322086,"group_idyes"
"14036","FBXL19","Exc L4-5 RORB GABRG1",0.0244242214175436,4.56242465428479,0.259166460536816,0.610985226299144,0.999997068196745,0.999983379322086,"group_idyes"
"14037","ORAI3","Exc L4-5 RORB GABRG1",-0.00590775698147219,2.35231769325282,0.00588491025559276,0.938891605401111,0.999997068196745,0.999983379322086,"group_idyes"
"14038","SETD1A","Exc L4-5 RORB GABRG1",0.0617976486014525,4.05415925724296,2.80225333021211,0.0973819244445728,0.999997068196745,0.999983379322086,"group_idyes"
"14039","STX1B","Exc L4-5 RORB GABRG1",0.0162030777936015,6.81558651796208,0.110009861171956,0.740313512528594,0.999997068196745,0.999983379322086,"group_idyes"
"14040","STX4","Exc L4-5 RORB GABRG1",0.0548610147351436,3.07280077272852,0.859504766882474,0.749686950136745,0.999997068196745,0.999983379322086,"group_idyes"
"14041","AC135050.3","Exc L4-5 RORB GABRG1",-0.0454643260043237,2.61493511182387,0.375588247333946,0.540335930715894,0.999997068196745,0.999983379322086,"group_idyes"
"14042","AC135050.1","Exc L4-5 RORB GABRG1",0.0377408581272405,0.614751892022299,0.0719622504816927,0.788644656574732,0.999997068196745,0.999983379322086,"group_idyes"
"14043","ZNF668","Exc L4-5 RORB GABRG1",-0.0900178960849779,2.94779057250832,2.55127155728433,0.111026508359274,0.999997068196745,0.999983379322086,"group_idyes"
"14044","AC135050.4","Exc L4-5 RORB GABRG1",0.167047002145952,0.749635729452417,1.33574282795653,0.248503353466648,0.999997068196745,0.999983379322086,"group_idyes"
"14045","ZNF646","Exc L4-5 RORB GABRG1",0.0718884351650411,2.59514059636335,1.23638549576893,0.926899140783687,0.999997068196745,0.999983379322086,"group_idyes"
"14046","AC135050.2","Exc L4-5 RORB GABRG1",-0.0412005631818199,2.71212418889765,0.333767858293964,0.563786772434942,0.999997068196745,0.999983379322086,"group_idyes"
"14047","BCKDK","Exc L4-5 RORB GABRG1",-0.146881588119805,2.57317453359715,2.39424918493206,0.122604365807064,0.999997068196745,0.999983379322086,"group_idyes"
"14048","KAT8","Exc L4-5 RORB GABRG1",0.0406265389392787,5.19066900422821,1.26789841944,0.835065134018476,0.999997068196745,0.999983379322086,"group_idyes"
"14049","PRSS36","Exc L4-5 RORB GABRG1",0.0258346297987315,0.909539686456691,0.0445388465305466,0.901585512947438,0.999997068196745,0.999983379322086,"group_idyes"
"14050","FUS","Exc L4-5 RORB GABRG1",-0.0102661934318058,6.70030244994083,0.134966448193762,0.713539230638216,0.999997068196745,0.999983379322086,"group_idyes"
"14051","PYDC1","Exc L4-5 RORB GABRG1",-0.099606636621487,0.0159803267138245,0.263291510309386,0.608162315693021,0.999997068196745,0.999983379322086,"group_idyes"
"14052","ITGAM","Exc L4-5 RORB GABRG1",-0.149405388278248,0.402259072668991,0.995741137861419,0.318970416041357,0.999997068196745,0.999983379322086,"group_idyes"
"14053","ZNF843","Exc L4-5 RORB GABRG1",-0.0644696936685152,1.86591904856552,0.50587235003302,0.477362155607195,0.999997068196745,0.999983379322086,"group_idyes"
"14054","AC026471.4","Exc L4-5 RORB GABRG1",-0.0411567041709772,3.49711538503693,0.455678158700877,0.500056221677218,0.999997068196745,0.999983379322086,"group_idyes"
"14055","AC026471.1","Exc L4-5 RORB GABRG1",-0.113304434982985,1.53662363401176,0.961486886579246,0.327428739125418,0.999997068196745,0.999983379322086,"group_idyes"
"14056","ARMC5","Exc L4-5 RORB GABRG1",-0.00971669382558512,2.85725907841013,0.0253840231868775,0.994811844852379,0.999997068196745,0.999983379322086,"group_idyes"
"14057","C16orf58","Exc L4-5 RORB GABRG1",-0.00928692706872256,4.34425365793025,0.0354575827631824,0.850739324786757,0.999997068196745,0.999983379322086,"group_idyes"
"14058","ZNF720","Exc L4-5 RORB GABRG1",-0.0206243972217986,5.40588922037576,0.25504796618407,0.613832025385084,0.999997068196745,0.999983379322086,"group_idyes"
"14059","ZNF267","Exc L4-5 RORB GABRG1",0.040208559276159,3.81611837117183,0.741961622275383,0.389569746253022,0.999997068196745,0.999983379322086,"group_idyes"
"14060","AC145350.2","Exc L4-5 RORB GABRG1",0.14836032172882,1.9518205559872,0.933175289508353,0.334646013934075,0.999997068196745,0.999983379322086,"group_idyes"
"14061","AC141257.2","Exc L4-5 RORB GABRG1",0.191435541144278,0.88931895089345,1.09674165543164,0.295639760861429,0.999997068196745,0.999983379322086,"group_idyes"
"14062","AC136944.1","Exc L4-5 RORB GABRG1",-0.0263655532730784,1.9530673976992,0.0859601991349361,0.76953523575459,0.999997068196745,0.999983379322086,"group_idyes"
"14063","AC136944.2","Exc L4-5 RORB GABRG1",0.0652020236877932,1.12479678738153,0.312330478551679,0.576578758278367,0.999997068196745,0.999983379322086,"group_idyes"
"14064","AC023824.3","Exc L4-5 RORB GABRG1",0.136883242095622,0.453212759622371,0.4167288903124,0.518958602803731,0.999997068196745,0.999983379322086,"group_idyes"
"14065","SHCBP1","Exc L4-5 RORB GABRG1",0.00652110959940658,0.653133202504804,0.00219313013519446,0.962672326593724,0.999997068196745,0.999983379322086,"group_idyes"
"14066","VPS35","Exc L4-5 RORB GABRG1",0.00154139939555074,6.29131787185552,0.00104148429485037,0.974271845183006,0.999997068196745,0.999983379322086,"group_idyes"
"14067","ORC6","Exc L4-5 RORB GABRG1",-0.0139163736472969,3.23025101547568,0.0404831076802602,0.84064528234364,0.999997068196745,0.999983379322086,"group_idyes"
"14068","MYLK3","Exc L4-5 RORB GABRG1",-0.0185246361194017,1.95774116259842,0.0432000275798832,0.8354590651899,0.999997068196745,0.999983379322086,"group_idyes"
"14069","C16orf87","Exc L4-5 RORB GABRG1",-0.0224263253712611,5.11021582649643,0.326864374922971,0.567845182224005,0.999997068196745,0.999983379322086,"group_idyes"
"14070","GPT2","Exc L4-5 RORB GABRG1",-0.0369831411052161,4.93255473991562,0.68557804764511,0.40818585410727,0.999997068196745,0.999983379322086,"group_idyes"
"14071","DNAJA2","Exc L4-5 RORB GABRG1",0.0386868360781958,4.51136866670189,0.533505794463424,0.465581207526099,0.999997068196745,0.999983379322086,"group_idyes"
"14072","AC018845.3","Exc L4-5 RORB GABRG1",0.0196106133298672,1.36748817266371,0.0367429779707474,0.84809041117708,0.999997068196745,0.999983379322086,"group_idyes"
"14073","AC018845.1","Exc L4-5 RORB GABRG1",0.122199486896728,0.448096947221157,0.490259858676467,0.48423459294675,0.999997068196745,0.999983379322086,"group_idyes"
"14074","NETO2","Exc L4-5 RORB GABRG1",-0.0249023401303773,4.01136004046386,0.134988040087932,0.713517332491718,0.999997068196745,0.999983379322086,"group_idyes"
"14075","ITFG1","Exc L4-5 RORB GABRG1",-0.0310627251269778,8.09497492693607,1.04949087691793,0.306268066375747,0.999997068196745,0.999983379322086,"group_idyes"
"14076","AC007533.1","Exc L4-5 RORB GABRG1",-0.180728774480142,1.02308479828297,1.17270809328069,0.279523726384266,0.999997068196745,0.999983379322086,"group_idyes"
"14077","PHKB","Exc L4-5 RORB GABRG1",-0.0287219382597036,6.28278037809095,0.538923581840185,0.463326326843698,0.999997068196745,0.999983379322086,"group_idyes"
"14078","LINC02133","Exc L4-5 RORB GABRG1",-0.183338539910157,0.940167036451743,1.97295690651368,0.160941179342537,0.999997068196745,0.999983379322086,"group_idyes"
"14079","ABCC11","Exc L4-5 RORB GABRG1",-0.0657920742302354,0.519089020317741,0.218143976389658,0.640722165628761,0.999997068196745,0.999983379322086,"group_idyes"
"14080","LONP2","Exc L4-5 RORB GABRG1",-0.00770593424700056,7.42422620518231,0.105407821385228,0.745610549716182,0.999997068196745,0.999983379322086,"group_idyes"
"14081","SIAH1","Exc L4-5 RORB GABRG1",-0.032784014710365,4.72531863427918,0.788317561108517,0.375164072785886,0.999997068196745,0.999983379322086,"group_idyes"
"14082","N4BP1","Exc L4-5 RORB GABRG1",0.0084649267337707,6.28495933288072,0.0764437370908875,0.78232435188155,0.999997068196745,0.999983379322086,"group_idyes"
"14083","AC026470.2","Exc L4-5 RORB GABRG1",-0.0905385374400773,0.601155296454248,0.306410222393454,0.580212957261381,0.999997068196745,0.999983379322086,"group_idyes"
"14084","AC007611.1","Exc L4-5 RORB GABRG1",0.0547283518285107,1.78217901200016,0.240123616399917,0.624396160502954,0.999997068196745,0.999983379322086,"group_idyes"
"14085","CBLN1","Exc L4-5 RORB GABRG1",0.0931446762352566,3.56390451354874,1.20008350385441,0.273990285423008,0.999997068196745,0.999983379322086,"group_idyes"
"14086","AC007614.1","Exc L4-5 RORB GABRG1",0.0113675594737858,5.53328588452216,0.0274170102631062,0.86857380985285,0.999997068196745,0.999983379322086,"group_idyes"
"14087","ZNF423","Exc L4-5 RORB GABRG1",-0.0751980772478187,4.40972387656362,1.45172657275351,0.228991735029416,0.999997068196745,0.999983379322086,"group_idyes"
"14088","CNEP1R1","Exc L4-5 RORB GABRG1",-0.0209860618555096,4.05268589359815,0.230319454319102,0.631559783196537,0.999997068196745,0.999983379322086,"group_idyes"
"14089","AC007610.1","Exc L4-5 RORB GABRG1",0.0375464387721509,0.503735104667268,0.071973723783521,0.788628209835963,0.999997068196745,0.999983379322086,"group_idyes"
"14090","HEATR3","Exc L4-5 RORB GABRG1",-0.0340983018094468,4.83256314675589,0.659939062218882,0.438199917160505,0.999997068196745,0.999983379322086,"group_idyes"
"14091","TENT4B","Exc L4-5 RORB GABRG1",-0.00941563248980302,5.95050597460722,0.0832933619887102,0.811162097194046,0.999997068196745,0.999983379322086,"group_idyes"
"14092","ADCY7","Exc L4-5 RORB GABRG1",0.0667646861143242,1.20568168336131,0.204323094902981,0.651508502516704,0.999997068196745,0.999983379322086,"group_idyes"
"14093","BRD7","Exc L4-5 RORB GABRG1",0.0137393132697734,4.716042870764,0.124965536654384,0.723903772068312,0.999997068196745,0.999983379322086,"group_idyes"
"14094","AC007493.1","Exc L4-5 RORB GABRG1",0.125446580076548,0.700825481815136,0.593521256134029,0.441533504982096,0.999997068196745,0.999983379322086,"group_idyes"
"14095","CYLD","Exc L4-5 RORB GABRG1",0.0282146564858677,5.89679768220777,0.964899157572451,0.384131530492088,0.999997068196745,0.999983379322086,"group_idyes"
"14096","AC087564.1","Exc L4-5 RORB GABRG1",-0.0616753042864825,1.63193867176571,0.402050858707498,0.526408817137923,0.999997068196745,0.999983379322086,"group_idyes"
"14097","AC007344.1","Exc L4-5 RORB GABRG1",0.00289636638360344,0.331281562656569,0.000144359567490473,0.990419897329633,0.999997068196745,0.999983379322086,"group_idyes"
"14098","HNRNPA1P48","Exc L4-5 RORB GABRG1",-0.0428988948767137,1.61404746978299,0.124072537571835,0.724851659780801,0.999997068196745,0.999983379322086,"group_idyes"
"14099","TOX3","Exc L4-5 RORB GABRG1",0.0192983637992422,0.692199945603097,0.0108013888685792,0.917279268943366,0.999997068196745,0.999983379322086,"group_idyes"
"14100","CHD9","Exc L4-5 RORB GABRG1",0.000716608021728767,8.5325976589903,0.000869074426874836,0.976497001474342,0.999997068196745,0.999983379322086,"group_idyes"
"14101","RBL2","Exc L4-5 RORB GABRG1",-0.0303536375185013,6.23586254539261,0.964089439961897,0.326775737955924,0.999997068196745,0.999983379322086,"group_idyes"
"14102","AKTIP","Exc L4-5 RORB GABRG1",-0.010448188434854,4.76570931276956,0.0622481158173133,0.958577118431339,0.999997068196745,0.999983379322086,"group_idyes"
"14103","RPGRIP1L","Exc L4-5 RORB GABRG1",-0.0492197600330823,5.74514654255082,2.02191874185228,0.155853283394362,0.999997068196745,0.999983379322086,"group_idyes"
"14104","FTO","Exc L4-5 RORB GABRG1",-0.0176206411133056,8.19669095733491,0.387188381780129,0.534149616089995,0.999997068196745,0.999983379322086,"group_idyes"
"14105","AC007347.1","Exc L4-5 RORB GABRG1",-0.0563283377219353,0.315520761914413,0.111028313422731,0.739157950429089,0.999997068196745,0.999983379322086,"group_idyes"
"14106","CRNDE","Exc L4-5 RORB GABRG1",-0.0122937825600036,2.09102773208138,0.00637504313098791,0.936402949244743,0.999997068196745,0.999983379322086,"group_idyes"
"14107","LPCAT2","Exc L4-5 RORB GABRG1",0.0655253536926471,1.15898715349219,0.179565833346299,0.67198343397509,0.999997068196745,0.999983379322086,"group_idyes"
"14108","CES5A","Exc L4-5 RORB GABRG1",-0.179767508684266,0.903701167862361,1.57144032102206,0.210759195813896,0.999997068196745,0.999983379322086,"group_idyes"
"14109","AC007495.1","Exc L4-5 RORB GABRG1",-0.00139978637025323,4.60425790204031,0.000660377773253843,0.979511689114064,0.999997068196745,0.999983379322086,"group_idyes"
"14110","AC007495.2","Exc L4-5 RORB GABRG1",-0.121937704348052,0.679752983924798,0.563735874747883,0.453217878855054,0.999997068196745,0.999983379322086,"group_idyes"
"14111","GNAO1","Exc L4-5 RORB GABRG1",0.0035755237714609,8.12410012032152,0.0129182871573104,0.909567684313322,0.999997068196745,0.999983379322086,"group_idyes"
"14112","AMFR","Exc L4-5 RORB GABRG1",0.00125803488929094,4.84448366030349,0.00155338260690234,0.968581579022146,0.999997068196745,0.999983379322086,"group_idyes"
"14113","AC092140.1","Exc L4-5 RORB GABRG1",-0.0206604037729378,0.86811773160945,0.0132638477433726,0.908371428557502,0.999997068196745,0.999983379322086,"group_idyes"
"14114","NUDT21","Exc L4-5 RORB GABRG1",0.00664732235858125,5.54263058709378,0.0182002374329885,0.892754962961645,0.999997068196745,0.999983379322086,"group_idyes"
"14115","OGFOD1","Exc L4-5 RORB GABRG1",0.0271441820257735,4.57561630820486,0.635319070383323,0.829892638352149,0.999997068196745,0.999983379322086,"group_idyes"
"14116","AC092140.2","Exc L4-5 RORB GABRG1",-0.0395738434301918,0.875149379120441,0.101886998929588,0.749750044588934,0.999997068196745,0.999983379322086,"group_idyes"
"14117","BBS2","Exc L4-5 RORB GABRG1",-0.0147271407091674,5.67942679007144,0.229040690987469,0.85876997619479,0.999997068196745,0.999983379322086,"group_idyes"
"14118","MT4","Exc L4-5 RORB GABRG1",-0.136984353475503,0.0034846228776527,0.353926669557995,0.552248438709627,0.999997068196745,0.999983379322086,"group_idyes"
"14119","MT3","Exc L4-5 RORB GABRG1",-0.0499788903722658,4.72643819175718,0.280635489463671,0.596590561416598,0.999997068196745,0.999983379322086,"group_idyes"
"14120","MT2A","Exc L4-5 RORB GABRG1",0.21385996484143,1.8278538014182,1.67668828659931,0.196141622886313,0.999997068196745,0.999983379322086,"group_idyes"
"14121","MT1E","Exc L4-5 RORB GABRG1",0.265858228603653,0.52781685436157,2.08985356054433,0.14909435301194,0.999997068196745,0.999983379322086,"group_idyes"
"14122","MT1M","Exc L4-5 RORB GABRG1",0.210242147439694,0.242868704047232,1.04567346290205,0.307148187693027,0.999997068196745,0.999983379322086,"group_idyes"
"14123","MT1X","Exc L4-5 RORB GABRG1",0.0820125925463787,1.20289809596217,0.273501528398168,0.601293578650353,0.999997068196745,0.999983379322086,"group_idyes"
"14124","AC106779.1","Exc L4-5 RORB GABRG1",-0.0131097551883448,3.04217061228437,0.0402922933967178,0.841016238065814,0.999997068196745,0.999983379322086,"group_idyes"
"14125","NUP93","Exc L4-5 RORB GABRG1",0.0029001440091274,5.16451674934148,0.00394954095350048,0.949922271601248,0.999997068196745,0.999983379322086,"group_idyes"
"14126","SLC12A3","Exc L4-5 RORB GABRG1",0.114840060144501,1.00937668544454,0.777062381268877,0.378591455688408,0.999997068196745,0.999983379322086,"group_idyes"
"14127","HERPUD1","Exc L4-5 RORB GABRG1",0.0450342903591715,5.27838938639421,0.539483537036956,0.463094269098183,0.999997068196745,0.999983379322086,"group_idyes"
"14128","NLRC5","Exc L4-5 RORB GABRG1",-0.0595446428662883,0.856574834113424,0.150430301321732,0.698338986082176,0.999997068196745,0.999983379322086,"group_idyes"
"14129","CPNE2","Exc L4-5 RORB GABRG1",-0.204543920669024,0.727802704899856,1.60634733647583,0.205772604450114,0.999997068196745,0.999983379322086,"group_idyes"
"14130","FAM192A","Exc L4-5 RORB GABRG1",0.0125683045187684,5.1718681230123,0.125520130268602,0.723317007092998,0.999997068196745,0.999983379322086,"group_idyes"
"14131","RSPRY1","Exc L4-5 RORB GABRG1",-0.0509566270882158,4.91874223759161,1.78342847314618,0.1825184370674,0.999997068196745,0.999983379322086,"group_idyes"
"14132","ARL2BP","Exc L4-5 RORB GABRG1",0.00275544220218835,5.20610759952397,0.00358335280700647,0.952297333565924,0.999997068196745,0.999983379322086,"group_idyes"
"14133","PLLP","Exc L4-5 RORB GABRG1",-0.201138242102404,1.21750083292318,2.46350158645224,0.117340821543594,0.999997068196745,0.999983379322086,"group_idyes"
"14134","CX3CL1","Exc L4-5 RORB GABRG1",0.0425944275543323,5.39297980299466,0.818495667011218,0.366186538279115,0.999997068196745,0.999983379322086,"group_idyes"
"14135","CIAPIN1","Exc L4-5 RORB GABRG1",-0.0297015115888968,4.5331785253036,0.590503445399915,0.442695933028819,0.999997068196745,0.999983379322086,"group_idyes"
"14136","COQ9","Exc L4-5 RORB GABRG1",-0.00530993971427937,5.06915100512881,0.0261866365391972,0.871530303802657,0.999997068196745,0.999983379322086,"group_idyes"
"14137","POLR2C","Exc L4-5 RORB GABRG1",0.0799509186469236,4.2908216332446,2.25468747690483,0.13403061211925,0.999997068196745,0.999983379322086,"group_idyes"
"14138","DOK4","Exc L4-5 RORB GABRG1",0.0342330231850576,3.07480234629848,0.384304820411902,0.63186995900184,0.999997068196745,0.999983379322086,"group_idyes"
"14139","ADGRG1","Exc L4-5 RORB GABRG1",-0.0432106367775046,4.41161105714779,0.406093916022034,0.524337794412084,0.999997068196745,0.999983379322086,"group_idyes"
"14140","KATNB1","Exc L4-5 RORB GABRG1",0.0343329720432037,4.91525920771612,0.540742354290891,0.462573264042714,0.999997068196745,0.999983379322086,"group_idyes"
"14141","KIFC3","Exc L4-5 RORB GABRG1",0.00182407100977063,5.15204872769657,0.0021807503378665,0.962777752477327,0.999997068196745,0.999983379322086,"group_idyes"
"14142","AC092118.2","Exc L4-5 RORB GABRG1",0.260427854666164,1.26505830587458,2.97820065118364,0.085195962889529,0.999997068196745,0.999983379322086,"group_idyes"
"14143","CNGB1","Exc L4-5 RORB GABRG1",-0.0208933583986006,0.878766068170648,0.0134426723609444,0.907758574797011,0.999997068196745,0.999983379322086,"group_idyes"
"14144","ZNF319","Exc L4-5 RORB GABRG1",0.0108347963512563,1.78296556535729,0.0176673049608768,0.894327395635021,0.999997068196745,0.999983379322086,"group_idyes"
"14145","USB1","Exc L4-5 RORB GABRG1",0.02889681521514,3.82911569901314,0.395677434062772,0.851469848450434,0.999997068196745,0.999983379322086,"group_idyes"
"14146","MMP15","Exc L4-5 RORB GABRG1",0.13051962732036,2.1415296727619,2.30331557588208,0.129919421255835,0.999997068196745,0.999983379322086,"group_idyes"
"14147","CFAP20","Exc L4-5 RORB GABRG1",-0.00134220212986552,3.95711186348344,0.000485048004675603,0.982440383948376,0.999997068196745,0.999983379322086,"group_idyes"
"14148","AC009107.2","Exc L4-5 RORB GABRG1",0.0481544191832808,1.12060793567503,0.146519991277152,0.702094799886362,0.999997068196745,0.999983379322086,"group_idyes"
"14149","CSNK2A2","Exc L4-5 RORB GABRG1",-0.00196344448685403,5.20820316161107,0.00371277585895716,0.951444565058535,0.999997068196745,0.999983379322086,"group_idyes"
"14150","AC009107.1","Exc L4-5 RORB GABRG1",-0.0595761689876194,0.875876084706175,0.239115165156999,0.667672117491172,0.999997068196745,0.999983379322086,"group_idyes"
"14151","CCDC113","Exc L4-5 RORB GABRG1",0.0212012774411849,3.81071919499358,0.155211565889821,0.693822198533088,0.999997068196745,0.999983379322086,"group_idyes"
"14152","GINS3","Exc L4-5 RORB GABRG1",-0.00194079109764806,2.76943416802907,0.000506310429998032,0.982059706303536,0.999997068196745,0.999983379322086,"group_idyes"
"14153","LINC02137","Exc L4-5 RORB GABRG1",0.0360828104931041,0.628824525766458,0.065111719243451,0.798728167829178,0.999997068196745,0.999983379322086,"group_idyes"
"14154","NDRG4","Exc L4-5 RORB GABRG1",0.0317008563702307,7.66582530510818,0.324611502997014,0.56918191334913,0.999997068196745,0.999983379322086,"group_idyes"
"14155","SETD6","Exc L4-5 RORB GABRG1",0.0111212110231579,3.64504311373401,0.054381665645477,0.815731082563497,0.999997068196745,0.999983379322086,"group_idyes"
"14156","CNOT1","Exc L4-5 RORB GABRG1",0.0180461088272409,5.60028060771152,0.405545108208754,0.524618064429436,0.999997068196745,0.999983379322086,"group_idyes"
"14157","AC009118.3","Exc L4-5 RORB GABRG1",-0.0308525566940634,2.90610347211576,0.206283816859381,0.695874483463584,0.999997068196745,0.999983379322086,"group_idyes"
"14158","SLC38A7","Exc L4-5 RORB GABRG1",-0.0644799840261549,4.4198337508437,2.05136359414549,0.152881894164405,0.999997068196745,0.999983379322086,"group_idyes"
"14159","GOT2","Exc L4-5 RORB GABRG1",-0.0186863660015554,5.43799473274328,0.254970165448411,0.613886080114511,0.999997068196745,0.999983379322086,"group_idyes"
"14160","AC092378.1","Exc L4-5 RORB GABRG1",0.00375342025757085,6.63665246712596,0.00570828214833108,0.939813862109746,0.999997068196745,0.999983379322086,"group_idyes"
"14161","AC092378.2","Exc L4-5 RORB GABRG1",0.19084008209785,0.481680410623815,1.52575584119834,0.217504313087272,0.999997068196745,0.999983379322086,"group_idyes"
"14162","LINC02141","Exc L4-5 RORB GABRG1",0.106004065433055,2.48892564039401,1.34941696983016,0.24610023647296,0.999997068196745,0.999983379322086,"group_idyes"
"14163","AC018554.1","Exc L4-5 RORB GABRG1",0.221411491513498,0.7393325713063,2.7851931067665,0.0959527354627154,0.999997068196745,0.999983379322086,"group_idyes"
"14164","CDH8","Exc L4-5 RORB GABRG1",-0.00807837588160825,8.1359207691239,0.0277702971785954,0.867737541181204,0.999997068196745,0.999983379322086,"group_idyes"
"14165","AC012174.1","Exc L4-5 RORB GABRG1",-0.0314858479592235,1.99289771160552,0.116466249064751,0.733085493014763,0.999997068196745,0.999983379322086,"group_idyes"
"14166","AC138305.1","Exc L4-5 RORB GABRG1",-0.130778367060418,2.20548795050743,1.18061960254948,0.277910185838882,0.999997068196745,0.999983379322086,"group_idyes"
"14167","AC012322.1","Exc L4-5 RORB GABRG1",0.0298606979562329,0.220345922127264,0.0181989002030328,0.892758878948639,0.999997068196745,0.999983379322086,"group_idyes"
"14168","AC092131.1","Exc L4-5 RORB GABRG1",0.0206264665205242,0.709731922553843,0.0220300173441553,0.882085036118135,0.999997068196745,0.999983379322086,"group_idyes"
"14169","CDH11","Exc L4-5 RORB GABRG1",-0.104510997028525,5.47051409741015,1.90162965922647,0.168697179150476,0.999997068196745,0.999983379322086,"group_idyes"
"14170","AC009055.1","Exc L4-5 RORB GABRG1",-0.0406976939572103,0.85400434983483,0.0943355783030064,0.758902250011731,0.999997068196745,0.999983379322086,"group_idyes"
"14171","LINC00922","Exc L4-5 RORB GABRG1",-0.212848517003784,0.378969886948304,1.43144345698986,0.232265791778186,0.999997068196745,0.999983379322086,"group_idyes"
"14172","BEAN1","Exc L4-5 RORB GABRG1",-0.0388339683106743,5.17002074564509,0.47827703794239,0.48962089738276,0.999997068196745,0.999983379322086,"group_idyes"
"14173","AC010542.3","Exc L4-5 RORB GABRG1",-0.0772050130493737,3.60332104321509,0.98625175302023,0.321284388897084,0.999997068196745,0.999983379322086,"group_idyes"
"14174","TK2","Exc L4-5 RORB GABRG1",-0.0358166877493108,3.60881251505435,0.286019984910784,0.593091325384127,0.999997068196745,0.999983379322086,"group_idyes"
"14175","CMTM2","Exc L4-5 RORB GABRG1",-0.0719276550753726,0.811444300001212,0.363432945296265,0.584073025168743,0.999997068196745,0.999983379322086,"group_idyes"
"14176","CMTM4","Exc L4-5 RORB GABRG1",0.0236834835310945,6.13366182562792,0.921175550672317,0.337769279947791,0.999997068196745,0.999983379322086,"group_idyes"
"14177","DYNC1LI2","Exc L4-5 RORB GABRG1",0.00739183546126233,6.27894436884464,0.0735457504150239,0.786387891640952,0.999997068196745,0.999983379322086,"group_idyes"
"14178","AC018557.1","Exc L4-5 RORB GABRG1",0.00805980063555102,1.63287957710176,0.00785029049801742,0.92944442753835,0.999997068196745,0.999983379322086,"group_idyes"
"14179","TERB1","Exc L4-5 RORB GABRG1",0.182663359080363,1.44385586835351,2.55937926824715,0.110462456644176,0.999997068196745,0.999983379322086,"group_idyes"
"14180","NAE1","Exc L4-5 RORB GABRG1",-0.0345889735980467,6.00648748793842,1.27575954590885,0.259392700324881,0.999997068196745,0.999983379322086,"group_idyes"
"14181","CA7","Exc L4-5 RORB GABRG1",0.0919564721037502,4.07691924013148,3.28406485868689,0.13243778419141,0.999997068196745,0.999983379322086,"group_idyes"
"14182","PDP2","Exc L4-5 RORB GABRG1",-0.0212762524471099,4.13177296352959,0.0785057538703803,0.779483264126942,0.999997068196745,0.999983379322086,"group_idyes"
"14183","RRAD","Exc L4-5 RORB GABRG1",0.203418114516532,1.16008228799947,3.01617745852289,0.0832379848021828,0.999997068196745,0.999983379322086,"group_idyes"
"14184","FAM96B","Exc L4-5 RORB GABRG1",-0.0116940299728728,4.40927275120739,0.0223147963941314,0.881330978216698,0.999997068196745,0.999983379322086,"group_idyes"
"14185","CES2","Exc L4-5 RORB GABRG1",0.0358464870986294,3.91142012377738,0.591997958993718,0.914634154375983,0.999997068196745,0.999983379322086,"group_idyes"
"14186","CES3","Exc L4-5 RORB GABRG1",-0.0401647042896422,1.85528990306769,0.19981852838138,0.72033030846565,0.999997068196745,0.999983379322086,"group_idyes"
"14187","CES4A","Exc L4-5 RORB GABRG1",-0.126867362379921,5.13675939319734,2.95127501109172,0.0866144441599885,0.999997068196745,0.999983379322086,"group_idyes"
"14188","CBFB","Exc L4-5 RORB GABRG1",-0.0200806853280296,3.22426756890711,0.0976538251836249,0.957725095695686,0.999997068196745,0.999983379322086,"group_idyes"
"14189","C16orf70","Exc L4-5 RORB GABRG1",-0.0114780185536675,4.84396657514289,0.144370073172225,0.704184310148071,0.999997068196745,0.999983379322086,"group_idyes"
"14190","TRADD","Exc L4-5 RORB GABRG1",0.103560293535911,0.760149550801056,0.558495487330464,0.45532356856738,0.999997068196745,0.999983379322086,"group_idyes"
"14191","HSF4","Exc L4-5 RORB GABRG1",-0.029518490151905,5.2197527857252,0.385469415010664,0.535058170600096,0.999997068196745,0.999983379322086,"group_idyes"
"14192","NOL3","Exc L4-5 RORB GABRG1",-0.0410356793486939,3.41887787472248,0.455630450728875,0.500078648023271,0.999997068196745,0.999983379322086,"group_idyes"
"14193","KIAA0895L","Exc L4-5 RORB GABRG1",-0.0328399330918147,4.76342784492713,0.417035983399956,0.518804723546939,0.999997068196745,0.999983379322086,"group_idyes"
"14194","E2F4","Exc L4-5 RORB GABRG1",0.0497157403820039,4.38334893158715,0.978231367089595,0.71755348174273,0.999997068196745,0.999983379322086,"group_idyes"
"14195","ELMO3","Exc L4-5 RORB GABRG1",0.00961223449865491,1.0708175033914,0.00602194287438547,0.938185646507413,0.999997068196745,0.999983379322086,"group_idyes"
"14196","LRRC29","Exc L4-5 RORB GABRG1",-0.0618448358950738,3.82513049870546,0.699531772103974,0.403460241628844,0.999997068196745,0.999983379322086,"group_idyes"
"14197","TMEM208","Exc L4-5 RORB GABRG1",-0.0206467044775037,3.14780577615419,0.0325625789749809,0.8568934988639,0.999997068196745,0.999983379322086,"group_idyes"
"14198","FHOD1","Exc L4-5 RORB GABRG1",0.00812126016767149,2.61163828738985,0.00921564592161397,0.923572020982586,0.999997068196745,0.999983379322086,"group_idyes"
"14199","SLC9A5","Exc L4-5 RORB GABRG1",0.0479745855418198,4.66392196075967,1.36699950908342,0.243051955697775,0.999997068196745,0.999983379322086,"group_idyes"
"14200","PLEKHG4","Exc L4-5 RORB GABRG1",0.200191515175068,0.76316171025895,2.4584193154184,0.117718446047875,0.999997068196745,0.999983379322086,"group_idyes"
"14201","KCTD19","Exc L4-5 RORB GABRG1",0.0111891651035986,0.64404643580543,0.005280323808442,0.942109797037212,0.999997068196745,0.999983379322086,"group_idyes"
"14202","LRRC36","Exc L4-5 RORB GABRG1",-0.169384077080444,1.10972121366113,1.58394645154568,0.208956335481407,0.999997068196745,0.999983379322086,"group_idyes"
"14203","TPPP3","Exc L4-5 RORB GABRG1",-0.0840864178099887,0.502426408323451,0.266335661624405,0.606096969095746,0.999997068196745,0.999983379322086,"group_idyes"
"14204","ZDHHC1","Exc L4-5 RORB GABRG1",-0.0517282880835469,3.94165851633073,0.938910189765323,0.333167018091075,0.999997068196745,0.999983379322086,"group_idyes"
"14205","HSD11B2","Exc L4-5 RORB GABRG1",0.199080677319865,2.11101909235242,1.57978217347767,0.209554607931774,0.999997068196745,0.999983379322086,"group_idyes"
"14206","ATP6V0D1","Exc L4-5 RORB GABRG1",-0.0287898023653733,5.49801126500979,0.198251313830609,0.656386470504087,0.999997068196745,0.999983379322086,"group_idyes"
"14207","AC009061.2","Exc L4-5 RORB GABRG1",0.00204347609714117,4.96042271046126,0.00124732220952818,0.97184492620649,0.999997068196745,0.999983379322086,"group_idyes"
"14208","AC027682.6","Exc L4-5 RORB GABRG1",0.0506644640878569,2.19814257750033,0.490541232207961,0.484109296802876,0.999997068196745,0.999983379322086,"group_idyes"
"14209","RIPOR1","Exc L4-5 RORB GABRG1",0.00149203114806424,5.46183693416671,0.00265417045023612,0.958938985219331,0.999997068196745,0.999983379322086,"group_idyes"
"14210","AC027682.4","Exc L4-5 RORB GABRG1",0.00996451891577857,3.93098036284417,0.0191590957808856,0.889983766672249,0.999997068196745,0.999983379322086,"group_idyes"
"14211","CTCF","Exc L4-5 RORB GABRG1",-0.0262841497605236,5.52968791211377,0.624362653275275,0.594799004327026,0.999997068196745,0.999983379322086,"group_idyes"
"14212","CARMIL2","Exc L4-5 RORB GABRG1",0.0567348095654174,4.33645030603805,0.814854675727166,0.367253655274053,0.999997068196745,0.999983379322086,"group_idyes"
"14213","ACD","Exc L4-5 RORB GABRG1",0.0828230302175566,3.03696586342823,1.04627631573017,0.307008978918621,0.999997068196745,0.999983379322086,"group_idyes"
"14214","PARD6A","Exc L4-5 RORB GABRG1",0.0304633497686095,3.19937405658258,0.0888472315857056,0.765808714165568,0.999997068196745,0.999983379322086,"group_idyes"
"14215","ENKD1","Exc L4-5 RORB GABRG1",-0.0105367762227237,2.49080808502354,0.0203284668663624,0.886698164630103,0.999997068196745,0.999983379322086,"group_idyes"
"14216","C16orf86","Exc L4-5 RORB GABRG1",-0.0754074833801422,1.08050213045637,0.257853664859436,0.611889552124187,0.999997068196745,0.999983379322086,"group_idyes"
"14217","GFOD2","Exc L4-5 RORB GABRG1",-0.0115947512593738,4.7913321080358,0.101124258083589,0.750657164243215,0.999997068196745,0.999983379322086,"group_idyes"
"14218","RANBP10","Exc L4-5 RORB GABRG1",-0.057631145335256,5.34269460150985,1.65015444280024,0.199710830207747,0.999997068196745,0.999983379322086,"group_idyes"
"14219","TSNAXIP1","Exc L4-5 RORB GABRG1",0.0435395815827362,3.6361748311692,0.619437166186471,0.431741072012284,0.999997068196745,0.999983379322086,"group_idyes"
"14220","CENPT","Exc L4-5 RORB GABRG1",6.89379122695633e-05,4.45604251215634,5.03500748791867e-06,0.998210805524687,0.999997068196745,0.999983379322086,"group_idyes"
"14221","THAP11","Exc L4-5 RORB GABRG1",0.12069159535735,3.13381609058479,2.34880612125461,0.126200857839117,0.999997068196745,0.999983379322086,"group_idyes"
"14222","NUTF2","Exc L4-5 RORB GABRG1",0.0267031235363215,3.72258298787365,0.27689165887559,0.835712026707679,0.999997068196745,0.999983379322086,"group_idyes"
"14223","PSKH1","Exc L4-5 RORB GABRG1",-0.0310522102660408,3.39969768942072,0.231702544726747,0.630537940668365,0.999997068196745,0.999983379322086,"group_idyes"
"14224","DUS2","Exc L4-5 RORB GABRG1",-0.0615163807942063,3.97697652597918,1.13149842203991,0.288123127816561,0.999997068196745,0.999983379322086,"group_idyes"
"14225","DDX28","Exc L4-5 RORB GABRG1",-0.0407205404471124,1.37312209857253,0.114420377491219,0.735351164088349,0.999997068196745,0.999983379322086,"group_idyes"
"14226","NFATC3","Exc L4-5 RORB GABRG1",0.0132582061503736,6.40063646012306,0.108250141046084,0.74232421436748,0.999997068196745,0.999983379322086,"group_idyes"
"14227","PLA2G15","Exc L4-5 RORB GABRG1",0.00271943108653845,3.39661463022203,0.00314808416931186,0.955285064190789,0.999997068196745,0.999983379322086,"group_idyes"
"14228","SLC7A6","Exc L4-5 RORB GABRG1",-0.0128606751531749,5.79004946559834,0.112183311554506,0.737854564770505,0.999997068196745,0.999983379322086,"group_idyes"
"14229","SLC7A6OS","Exc L4-5 RORB GABRG1",-0.0210409136491152,4.04212807090372,0.158116037030288,0.6911175228807,0.999997068196745,0.999983379322086,"group_idyes"
"14230","PRMT7","Exc L4-5 RORB GABRG1",-0.00887072602854866,5.72935249027863,0.0555091430571339,0.813865499672176,0.999997068196745,0.999983379322086,"group_idyes"
"14231","SMPD3","Exc L4-5 RORB GABRG1",-0.0714068007212157,5.35523114037146,2.29072240158555,0.130970370359168,0.999997068196745,0.999983379322086,"group_idyes"
"14232","AC099521.1","Exc L4-5 RORB GABRG1",-0.0935002640977882,1.32323543222489,0.951330682605383,0.331623258697555,0.999997068196745,0.999983379322086,"group_idyes"
"14233","ZFP90","Exc L4-5 RORB GABRG1",-0.0199242434825705,6.20657197544229,0.297311197712722,0.585888949269747,0.999997068196745,0.999983379322086,"group_idyes"
"14234","AC126773.1","Exc L4-5 RORB GABRG1",-0.069527745411653,1.65291002126995,0.382162624659211,0.536813888424713,0.999997068196745,0.999983379322086,"group_idyes"
"14235","AC126773.4","Exc L4-5 RORB GABRG1",-0.00618372991925738,2.70855558070687,0.00960734736688233,0.921969777994986,0.999997068196745,0.999983379322086,"group_idyes"
"14236","CDH3","Exc L4-5 RORB GABRG1",-0.0525253946513449,4.63490546990267,0.694721471535022,0.405080223062849,0.999997068196745,0.999983379322086,"group_idyes"
"14237","CDH1","Exc L4-5 RORB GABRG1",0.0204557550394196,0.872281513643159,0.021620396133251,0.883178449779816,0.999997068196745,0.999983379322086,"group_idyes"
"14238","TANGO6","Exc L4-5 RORB GABRG1",-0.0491250301183078,6.46844024390379,1.39799902615582,0.237789104535128,0.999997068196745,0.999983379322086,"group_idyes"
"14239","AC009137.1","Exc L4-5 RORB GABRG1",-0.0843310576488079,1.14112803751368,0.352548148020994,0.553023149693704,0.999997068196745,0.999983379322086,"group_idyes"
"14240","HAS3","Exc L4-5 RORB GABRG1",-0.230754864741761,0.742122867446199,2.95042546394278,0.0866596150310594,0.999997068196745,0.999983379322086,"group_idyes"
"14241","CHTF8","Exc L4-5 RORB GABRG1",0.0106015760969725,3.68519646290103,0.0483206728058647,0.826128211679506,0.999997068196745,0.999983379322086,"group_idyes"
"14242","UTP4","Exc L4-5 RORB GABRG1",0.0265367475953582,4.38319921752073,0.433662783758417,0.85155186937967,0.999997068196745,0.999983379322086,"group_idyes"
"14243","SNTB2","Exc L4-5 RORB GABRG1",0.0126374596473895,6.00194462168532,0.0767660371204516,0.781877581780901,0.999997068196745,0.999983379322086,"group_idyes"
"14244","VPS4A","Exc L4-5 RORB GABRG1",0.119415609104614,5.00595400192437,4.30739820286278,0.0386108896136575,0.999997068196745,0.999983379322086,"group_idyes"
"14245","COG8","Exc L4-5 RORB GABRG1",-0.0409907829682456,3.28585851396654,0.669444299233658,0.413751876023115,0.999997068196745,0.999983379322086,"group_idyes"
"14246","AC026464.3","Exc L4-5 RORB GABRG1",-0.0434026808702357,2.45880937691257,0.379549762492571,0.538208614306871,0.999997068196745,0.999983379322086,"group_idyes"
"14247","NIP7","Exc L4-5 RORB GABRG1",-0.0653989848212542,2.68840512494551,0.705565394980322,0.401441615266058,0.999997068196745,0.999983379322086,"group_idyes"
"14248","TERF2","Exc L4-5 RORB GABRG1",-0.0315190082411994,4.37168488979147,0.502107810273801,0.607294987859916,0.999997068196745,0.999983379322086,"group_idyes"
"14249","CYB5B","Exc L4-5 RORB GABRG1",0.0458671955026266,5.70106258653005,3.19450820485437,0.452867288984199,0.999997068196745,0.999983379322086,"group_idyes"
"14250","NFAT5","Exc L4-5 RORB GABRG1",0.00544408679373799,8.11765498777132,0.0409532544030989,0.839735149907247,0.999997068196745,0.999983379322086,"group_idyes"
"14251","NQO1","Exc L4-5 RORB GABRG1",0.0646530321910208,1.47371508480531,0.463553440211139,0.496377491238885,0.999997068196745,0.999983379322086,"group_idyes"
"14252","AC092115.3","Exc L4-5 RORB GABRG1",0.022571361488932,2.1707002640918,0.0637344201192569,0.887658402541733,0.999997068196745,0.999983379322086,"group_idyes"
"14253","NOB1","Exc L4-5 RORB GABRG1",0.0239081529740629,3.27338912782327,0.157739242384116,0.691466766082907,0.999997068196745,0.999983379322086,"group_idyes"
"14254","WWP2","Exc L4-5 RORB GABRG1",-0.0252649977932474,5.63358325702524,0.368438680768272,0.544214595065392,0.999997068196745,0.999983379322086,"group_idyes"
"14255","PDPR","Exc L4-5 RORB GABRG1",-0.0413560207469954,5.60844082444859,0.69944025285784,0.403490974475307,0.999997068196745,0.999983379322086,"group_idyes"
"14256","AC009060.1","Exc L4-5 RORB GABRG1",-0.138544997620584,2.20548810753767,1.1345313129796,0.287478871000286,0.999997068196745,0.999983379322086,"group_idyes"
"14257","EXOSC6","Exc L4-5 RORB GABRG1",0.0238482587473841,5.54889665281139,0.216478837513515,0.641999310347242,0.999997068196745,0.999983379322086,"group_idyes"
"14258","AARS","Exc L4-5 RORB GABRG1",-0.0163034784747195,6.15222341671771,0.167037751966709,0.682985378771578,0.999997068196745,0.999983379322086,"group_idyes"
"14259","AC012184.2","Exc L4-5 RORB GABRG1",-0.0345976281332901,3.51398148671445,0.225317205918074,0.635287324000803,0.999997068196745,0.999983379322086,"group_idyes"
"14260","DDX19A","Exc L4-5 RORB GABRG1",0.0186981133891552,3.38849083894595,0.126226856144141,0.742672463519316,0.999997068196745,0.999983379322086,"group_idyes"
"14261","ST3GAL2","Exc L4-5 RORB GABRG1",-0.0204435143613812,5.14795281196247,0.174164518214027,0.676669665424032,0.999997068196745,0.999983379322086,"group_idyes"
"14262","AC012184.1","Exc L4-5 RORB GABRG1",-0.00983264423167179,1.60761930770409,0.0113004102900383,0.915397049563747,0.999997068196745,0.999983379322086,"group_idyes"
"14263","FUK","Exc L4-5 RORB GABRG1",0.037448036111638,3.7363052967238,0.863053268740859,0.41807373938843,0.999997068196745,0.999983379322086,"group_idyes"
"14264","COG4","Exc L4-5 RORB GABRG1",0.00954187193778947,4.25264202581765,0.0615738829384009,0.804157817728776,0.999997068196745,0.999983379322086,"group_idyes"
"14265","SF3B3","Exc L4-5 RORB GABRG1",-0.00260741993148667,5.49177866718601,0.00698619086796511,0.933431108592193,0.999997068196745,0.999983379322086,"group_idyes"
"14266","IL34","Exc L4-5 RORB GABRG1",0.00393243591919647,4.28251883480582,0.00267389280228402,0.958786847243799,0.999997068196745,0.999983379322086,"group_idyes"
"14267","MTSS1L","Exc L4-5 RORB GABRG1",-0.0338755134269822,4.20225794654366,0.654724942672511,0.418928551486794,0.999997068196745,0.999983379322086,"group_idyes"
"14268","VAC14","Exc L4-5 RORB GABRG1",-0.0770895473682704,4.70615896973167,2.31105854981176,0.129277925886474,0.999997068196745,0.999983379322086,"group_idyes"
"14269","HYDIN","Exc L4-5 RORB GABRG1",-0.00154324941088308,7.58734084731273,0.00120170106363159,0.972364401449826,0.999997068196745,0.999983379322086,"group_idyes"
"14270","CMTR2","Exc L4-5 RORB GABRG1",-0.0348803975094544,3.15906558802554,0.38984892406491,0.705862903387483,0.999997068196745,0.999983379322086,"group_idyes"
"14271","ZNF19","Exc L4-5 RORB GABRG1",-0.0632092718269718,2.29884153163849,0.497314253578631,0.481109323862929,0.999997068196745,0.999983379322086,"group_idyes"
"14272","MARVELD3","Exc L4-5 RORB GABRG1",-0.00341287010352654,0.363037830902765,0.000628318207793559,0.980015095346605,0.999997068196745,0.999983379322086,"group_idyes"
"14273","PHLPP2","Exc L4-5 RORB GABRG1",-0.000976933187281414,6.38326775041469,0.0021271160306212,0.963238002599388,0.999997068196745,0.999983379322086,"group_idyes"
"14274","AC009097.1","Exc L4-5 RORB GABRG1",-0.0698298449490865,1.41725462139127,0.206005797088328,0.65017212139939,0.999997068196745,0.999983379322086,"group_idyes"
"14275","AP1G1","Exc L4-5 RORB GABRG1",-0.0201869391968973,5.92290890836672,0.686995139025374,0.508067727874918,0.999997068196745,0.999983379322086,"group_idyes"
"14276","IST1","Exc L4-5 RORB GABRG1",0.0186881262915828,5.70539116934603,0.481206327211089,0.610633277885826,0.999997068196745,0.999983379322086,"group_idyes"
"14277","ZNF821","Exc L4-5 RORB GABRG1",-0.0326458540564846,5.99047873158957,0.973057831808033,0.324538698658867,0.999997068196745,0.999983379322086,"group_idyes"
"14278","PKD1L3","Exc L4-5 RORB GABRG1",0.124204875901303,2.58886452424636,2.22425389566436,0.136677730165656,0.999997068196745,0.999983379322086,"group_idyes"
"14279","DHODH","Exc L4-5 RORB GABRG1",-0.0370903934948672,1.90964314825313,0.164230216699334,0.685516599577423,0.999997068196745,0.999983379322086,"group_idyes"
"14280","TXNL4B","Exc L4-5 RORB GABRG1",0.0105749113884011,3.69573098407555,0.0429541865027973,0.835921213782485,0.999997068196745,0.999983379322086,"group_idyes"
"14281","DHX38","Exc L4-5 RORB GABRG1",0.0478537317671897,3.89770310636048,0.982719935016077,0.322151273922426,0.999997068196745,0.999983379322086,"group_idyes"
"14282","PMFBP1","Exc L4-5 RORB GABRG1",-0.137327507977164,1.68175788287774,1.19305935002806,0.275396819786327,0.999997068196745,0.999983379322086,"group_idyes"
"14283","LINC01572","Exc L4-5 RORB GABRG1",0.0294427186211377,3.01990964297291,0.108247231876762,0.74232755340926,0.999997068196745,0.999983379322086,"group_idyes"
"14284","AC004158.1","Exc L4-5 RORB GABRG1",0.153121555833048,1.66874947583025,1.26108650471733,0.262145813161678,0.999997068196745,0.999983379322086,"group_idyes"
"14285","AC004943.2","Exc L4-5 RORB GABRG1",0.0525884600688272,2.95580182304643,0.479256112433927,0.489177070608145,0.999997068196745,0.999983379322086,"group_idyes"
"14286","ZFHX3","Exc L4-5 RORB GABRG1",0.0309572611103224,4.52572105292592,0.310566147037555,0.57765705205956,0.999997068196745,0.999983379322086,"group_idyes"
"14287","AC140912.1","Exc L4-5 RORB GABRG1",-0.0695111136239021,1.50260393204341,0.275417991506859,0.600022542227825,0.999997068196745,0.999983379322086,"group_idyes"
"14288","LINC01568","Exc L4-5 RORB GABRG1",0.0243140787677591,0.306905787085255,0.0256283827275666,0.872895241901186,0.999997068196745,0.999983379322086,"group_idyes"
"14289","AC138627.1","Exc L4-5 RORB GABRG1",0.0405989106972497,5.18135067927387,0.509076391319468,0.475971532660581,0.999997068196745,0.999983379322086,"group_idyes"
"14290","AC009120.4","Exc L4-5 RORB GABRG1",0.0967066984685557,0.360097653155608,0.309111168128143,0.578549306639207,0.999997068196745,0.999983379322086,"group_idyes"
"14291","PSMD7","Exc L4-5 RORB GABRG1",-0.0256748941238008,5.23223997711219,0.127976445530548,0.720735600381944,0.999997068196745,0.999983379322086,"group_idyes"
"14292","AC009053.2","Exc L4-5 RORB GABRG1",-0.134412022859151,0.839908765427935,0.927748016591762,0.336053789353442,0.999997068196745,0.999983379322086,"group_idyes"
"14293","NPIPB15","Exc L4-5 RORB GABRG1",-0.0773275185739481,2.5672368000056,0.299170334406344,0.58472012024399,0.999997068196745,0.999983379322086,"group_idyes"
"14294","AC009053.3","Exc L4-5 RORB GABRG1",-0.10463331616233,0.509910920440581,0.433972465553317,0.510440184539847,0.999997068196745,0.999983379322086,"group_idyes"
"14295","GLG1","Exc L4-5 RORB GABRG1",-0.00407454471637002,7.71607157417729,0.0221531656714852,0.881758347621582,0.999997068196745,0.999983379322086,"group_idyes"
"14296","RFWD3","Exc L4-5 RORB GABRG1",-0.0417090298500333,3.90114445920375,0.636689659848194,0.425404291875224,0.999997068196745,0.999983379322086,"group_idyes"
"14297","MLKL","Exc L4-5 RORB GABRG1",0.00422814380947606,0.501166884105681,0.00065480939415619,0.979598232857536,0.999997068196745,0.999983379322086,"group_idyes"
"14298","FA2H","Exc L4-5 RORB GABRG1",-0.0210388541928585,1.13391516206466,0.0244637538527373,0.87579273783853,0.999997068196745,0.999983379322086,"group_idyes"
"14299","WDR59","Exc L4-5 RORB GABRG1",-0.0137367362711348,6.20863934185334,0.183879742076065,0.668300033426056,0.999997068196745,0.999983379322086,"group_idyes"
"14300","ZNRF1","Exc L4-5 RORB GABRG1",-0.0680046135466632,5.63447668924924,2.43807007794264,0.119244009486184,0.999997068196745,0.999983379322086,"group_idyes"
"14301","AC099508.2","Exc L4-5 RORB GABRG1",-0.117292582854764,0.961956383619307,0.879636775730981,0.348889580177121,0.999997068196745,0.999983379322086,"group_idyes"
"14302","ZFP1","Exc L4-5 RORB GABRG1",0.00150688757041657,3.51767088541603,0.000807091517254421,0.977350392678436,0.999997068196745,0.999983379322086,"group_idyes"
"14303","BCAR1","Exc L4-5 RORB GABRG1",-0.00236468579889119,5.11828108669103,0.00332119064010685,0.95407345347176,0.999997068196745,0.999983379322086,"group_idyes"
"14304","CFDP1","Exc L4-5 RORB GABRG1",-0.00254719296791549,5.92109298593131,0.0070543706596817,0.933107828329427,0.999997068196745,0.999983379322086,"group_idyes"
"14305","AC009163.4","Exc L4-5 RORB GABRG1",0.0530037496467401,1.4044469728968,0.289594509419709,0.590791672640232,0.999997068196745,0.999983379322086,"group_idyes"
"14306","AC009163.7","Exc L4-5 RORB GABRG1",0.148242601971343,0.850893946191379,1.45025438877675,0.229227486473707,0.999997068196745,0.999983379322086,"group_idyes"
"14307","CHST6","Exc L4-5 RORB GABRG1",-0.0646712843404647,0.649031064714193,0.184297919773353,0.6679457046817,0.999997068196745,0.999983379322086,"group_idyes"
"14308","AC009163.1","Exc L4-5 RORB GABRG1",0.00205842541829561,0.641581922692201,2.6007861789332e-06,0.998714091731015,0.999997068196745,0.999983379322086,"group_idyes"
"14309","TMEM231","Exc L4-5 RORB GABRG1",-0.0750671394659854,2.91794116760239,1.16472272944637,0.281164362684373,0.999997068196745,0.999983379322086,"group_idyes"
"14310","AC025287.2","Exc L4-5 RORB GABRG1",0.126338812300013,0.615952927265912,0.656382313967367,0.41834086800441,0.999997068196745,0.999983379322086,"group_idyes"
"14311","GABARAPL2","Exc L4-5 RORB GABRG1",0.000457754219086848,5.82155677482661,1.7062353005991e-05,0.996706360391582,0.999997068196745,0.999983379322086,"group_idyes"
"14312","ADAT1","Exc L4-5 RORB GABRG1",-0.0426695321905325,3.92306676766667,0.875069007396215,0.412089611553105,0.999997068196745,0.999983379322086,"group_idyes"
"14313","KARS","Exc L4-5 RORB GABRG1",0.0893888112363422,3.92812236846323,3.09534325903715,0.0793113994418599,0.999997068196745,0.999983379322086,"group_idyes"
"14314","TERF2IP","Exc L4-5 RORB GABRG1",0.0321296592650625,7.25188448862432,0.467567504118045,0.494519991243063,0.999997068196745,0.999983379322086,"group_idyes"
"14315","AC025287.4","Exc L4-5 RORB GABRG1",0.00734749254907803,0.586054590784542,0.00233384318849544,0.961494359828688,0.999997068196745,0.999983379322086,"group_idyes"
"14316","CPHXL","Exc L4-5 RORB GABRG1",-0.154648455330822,0.543757224800317,0.593932238327387,0.441375563587069,0.999997068196745,0.999983379322086,"group_idyes"
"14317","AC105430.1","Exc L4-5 RORB GABRG1",-0.160272254881867,0.557698909835979,0.752538660203151,0.386214408685544,0.999997068196745,0.999983379322086,"group_idyes"
"14318","AC010528.1","Exc L4-5 RORB GABRG1",0.0309731986574249,2.59432987952168,0.114773903095414,0.734958051852078,0.999997068196745,0.999983379322086,"group_idyes"
"14319","CNTNAP4","Exc L4-5 RORB GABRG1",-0.0104270721466697,8.20570600088711,0.0613897109437879,0.804444957973216,0.999997068196745,0.999983379322086,"group_idyes"
"14320","AC104151.1","Exc L4-5 RORB GABRG1",-0.0593908796502878,6.39627896636774,1.23995830227233,0.266174300498494,0.999997068196745,0.999983379322086,"group_idyes"
"14321","AC106729.1","Exc L4-5 RORB GABRG1",-0.010242997503831,4.0618008233037,0.0172949084314903,0.89544053489004,0.999997068196745,0.999983379322086,"group_idyes"
"14322","MON1B","Exc L4-5 RORB GABRG1",-0.0391485507987509,2.00978265342738,0.232154934079429,0.649607442225532,0.999997068196745,0.999983379322086,"group_idyes"
"14323","SYCE1L","Exc L4-5 RORB GABRG1",0.0869180611779171,0.736359321812097,0.348291092622059,0.555428563463861,0.999997068196745,0.999983379322086,"group_idyes"
"14324","AC009139.2","Exc L4-5 RORB GABRG1",-0.134326616223494,0.378080346648527,0.623563895509161,0.430212396616817,0.999997068196745,0.999983379322086,"group_idyes"
"14325","ADAMTS18","Exc L4-5 RORB GABRG1",-0.0533378722101792,0.842935860336794,0.152343793165155,0.696521545270698,0.999997068196745,0.999983379322086,"group_idyes"
"14326","NUDT7","Exc L4-5 RORB GABRG1",-0.116745844371858,2.46567745624435,1.81592167786631,0.178592519600171,0.999997068196745,0.999983379322086,"group_idyes"
"14327","VAT1L","Exc L4-5 RORB GABRG1",-0.0105542947214893,4.35696819719448,0.0375651490753759,0.846421223232089,0.999997068196745,0.999983379322086,"group_idyes"
"14328","WWOX","Exc L4-5 RORB GABRG1",0.013395878348815,8.69305404413887,0.0893183195118867,0.765206929314518,0.999997068196745,0.999983379322086,"group_idyes"
"14329","AC046158.1","Exc L4-5 RORB GABRG1",0.0987548468609558,0.826104376652759,0.355232045461914,0.551516716137607,0.999997068196745,0.999983379322086,"group_idyes"
"14330","AC092376.1","Exc L4-5 RORB GABRG1",-0.0985378857925998,0.237433857605588,0.306384563821525,0.580228807582685,0.999997068196745,0.999983379322086,"group_idyes"
"14331","MAF","Exc L4-5 RORB GABRG1",-0.243805182489204,0.710082386243895,2.28616748645987,0.131352836426901,0.999997068196745,0.999983379322086,"group_idyes"
"14332","LINC01229","Exc L4-5 RORB GABRG1",0.0180307777479181,0.811100308456463,0.0144376970367822,0.904421527309553,0.999997068196745,0.999983379322086,"group_idyes"
"14333","MAFTRR","Exc L4-5 RORB GABRG1",-0.103334244431536,0.274721444917179,0.340394023353074,0.559943728810988,0.999997068196745,0.999983379322086,"group_idyes"
"14334","AC105411.1","Exc L4-5 RORB GABRG1",0.00205550772072174,3.11883751522303,0.00070766203604856,0.978791036272942,0.999997068196745,0.999983379322086,"group_idyes"
"14335","DYNLRB2","Exc L4-5 RORB GABRG1",0.00418240573832543,2.76156223938199,0.00326167979897609,0.95448632901331,0.999997068196745,0.999983379322086,"group_idyes"
"14336","CDYL2","Exc L4-5 RORB GABRG1",-0.00586939741531823,6.54310663517185,0.0266026078391095,0.870522929863332,0.999997068196745,0.999983379322086,"group_idyes"
"14337","LINC02170","Exc L4-5 RORB GABRG1",-0.0861306079115859,2.52678069541994,1.21643144052387,0.316548434128725,0.999997068196745,0.999983379322086,"group_idyes"
"14338","CMC2","Exc L4-5 RORB GABRG1",-0.0307413527852754,6.09405002615002,0.715086355778282,0.39828602806011,0.999997068196745,0.999983379322086,"group_idyes"
"14339","CENPN","Exc L4-5 RORB GABRG1",-0.0276232013154608,1.54346027263482,0.0806665777911033,0.776548900301907,0.999997068196745,0.999983379322086,"group_idyes"
"14340","AC092718.8","Exc L4-5 RORB GABRG1",0.0422446140664121,1.322586752729,0.192498028456964,0.69393502196545,0.999997068196745,0.999983379322086,"group_idyes"
"14341","ATMIN","Exc L4-5 RORB GABRG1",0.0722347749168173,5.1623061232074,2.34880849060487,0.126200667281929,0.999997068196745,0.999983379322086,"group_idyes"
"14342","AC092718.5","Exc L4-5 RORB GABRG1",-0.0424309390096071,0.507213001200155,0.0511934393402772,0.821119619645357,0.999997068196745,0.999983379322086,"group_idyes"
"14343","BCO1","Exc L4-5 RORB GABRG1",-0.0826847869903498,1.72708971102531,0.485107200606711,0.486538606946507,0.999997068196745,0.999983379322086,"group_idyes"
"14344","AC009148.1","Exc L4-5 RORB GABRG1",-0.0680394694841485,2.24883263465264,0.71173232274189,0.399393550639632,0.999997068196745,0.999983379322086,"group_idyes"
"14345","GAN","Exc L4-5 RORB GABRG1",0.00535565952941096,5.41600851373118,0.0281937805418818,0.958472497738658,0.999997068196745,0.999983379322086,"group_idyes"
"14346","CMIP","Exc L4-5 RORB GABRG1",-0.0228050157353246,7.90789214902431,0.462408726557771,0.496909363612784,0.999997068196745,0.999983379322086,"group_idyes"
"14347","PLCG2","Exc L4-5 RORB GABRG1",-0.0224111516500238,5.55734731556916,0.0197659789646045,0.888266216278582,0.999997068196745,0.999983379322086,"group_idyes"
"14348","AC092142.1","Exc L4-5 RORB GABRG1",-0.0226355547869173,4.63720312928553,0.225689637064788,0.635008058694189,0.999997068196745,0.999983379322086,"group_idyes"
"14349","MPHOSPH6","Exc L4-5 RORB GABRG1",-0.00674816860206612,5.45864798143448,0.0453793909831154,0.83142076937099,0.999997068196745,0.999983379322086,"group_idyes"
"14350","CDH13","Exc L4-5 RORB GABRG1",-0.0771527753603046,3.75514664309822,0.415423530679146,0.519613594928171,0.999997068196745,0.999983379322086,"group_idyes"
"14351","AC009063.2","Exc L4-5 RORB GABRG1",-0.228201047757839,0.231598801904568,1.12628648758045,0.289234572820565,0.999997068196745,0.999983379322086,"group_idyes"
"14352","HSBP1","Exc L4-5 RORB GABRG1",-0.00119420217377425,4.59183871801818,0.00030060617579096,0.986175959797658,0.999997068196745,0.999983379322086,"group_idyes"
"14353","MLYCD","Exc L4-5 RORB GABRG1",0.0646361742046269,1.39349840916311,0.358437094946503,0.549727843184422,0.999997068196745,0.999983379322086,"group_idyes"
"14354","AC009119.2","Exc L4-5 RORB GABRG1",0.0318192129589616,1.83431635289788,0.0920988917329902,0.761689662122069,0.999997068196745,0.999983379322086,"group_idyes"
"14355","NECAB2","Exc L4-5 RORB GABRG1",-0.0880663974387331,0.873605763598885,0.363686928001235,0.546821040230317,0.999997068196745,0.999983379322086,"group_idyes"
"14356","MBTPS1","Exc L4-5 RORB GABRG1",0.0101514560797975,6.35009640024348,0.121418620989557,0.727691541236313,0.999997068196745,0.999983379322086,"group_idyes"
"14357","AC040169.1","Exc L4-5 RORB GABRG1",0.102128940587022,1.30322496025071,0.907187584516963,0.341459738304998,0.999997068196745,0.999983379322086,"group_idyes"
"14358","HSDL1","Exc L4-5 RORB GABRG1",0.0252325098486907,4.24758254768291,0.249364369880829,0.617808435749177,0.999997068196745,0.999983379322086,"group_idyes"
"14359","DNAAF1","Exc L4-5 RORB GABRG1",-0.0484296969439804,3.36244380556474,0.485925272844236,0.486171593662907,0.999997068196745,0.999983379322086,"group_idyes"
"14360","TAF1C","Exc L4-5 RORB GABRG1",-0.010934793956344,4.34439594063937,0.0430519538994191,0.835737259245823,0.999997068196745,0.999983379322086,"group_idyes"
"14361","ADAD2","Exc L4-5 RORB GABRG1",-0.0655368630599846,2.47168777709298,0.230446076935973,0.631466076171286,0.999997068196745,0.999983379322086,"group_idyes"
"14362","WFDC1","Exc L4-5 RORB GABRG1",-0.0850921887504298,1.44370005352229,0.516564745640758,0.472747028119235,0.999997068196745,0.999983379322086,"group_idyes"
"14363","ATP2C2","Exc L4-5 RORB GABRG1",-0.0607578008714588,1.78151100936376,0.303435995486717,0.58205605921341,0.999997068196745,0.999983379322086,"group_idyes"
"14364","ATP2C2-AS1","Exc L4-5 RORB GABRG1",0.0930766927979968,1.64185587943046,1.14596159841277,0.285067240538733,0.999997068196745,0.999983379322086,"group_idyes"
"14365","TLDC1","Exc L4-5 RORB GABRG1",-0.122758561359628,3.86207329950361,4.96086269910713,0.0265051999183116,0.999997068196745,0.999983379322086,"group_idyes"
"14366","COTL1","Exc L4-5 RORB GABRG1",0.0187172525861142,2.85842221665189,0.0682351394418111,0.794063736402811,0.999997068196745,0.999983379322086,"group_idyes"
"14367","KLHL36","Exc L4-5 RORB GABRG1",0.0295587019618703,4.8400623284591,0.556625719509264,0.456078608907981,0.999997068196745,0.999983379322086,"group_idyes"
"14368","USP10","Exc L4-5 RORB GABRG1",-0.0181351790071227,5.97174683359507,0.375654220329876,0.540300377264185,0.999997068196745,0.999983379322086,"group_idyes"
"14369","CRISPLD2","Exc L4-5 RORB GABRG1",-0.0747530664242286,1.63217772378956,0.474845838613096,0.491181623017938,0.999997068196745,0.999983379322086,"group_idyes"
"14370","LINC02176","Exc L4-5 RORB GABRG1",-0.339302061920706,0.555674502823612,3.95073168684808,0.0475594950095219,0.999997068196745,0.999983379322086,"group_idyes"
"14371","ZDHHC7","Exc L4-5 RORB GABRG1",0.0152783667869918,4.20794081891437,0.16344992154973,0.686224569403292,0.999997068196745,0.999983379322086,"group_idyes"
"14372","KIAA0513","Exc L4-5 RORB GABRG1",-0.0128523161404446,6.99777866439018,0.209146971712469,0.647694956378308,0.999997068196745,0.999983379322086,"group_idyes"
"14373","GSE1","Exc L4-5 RORB GABRG1",-0.11467127468148,5.87831707223457,2.84218258231333,0.092630184481996,0.999997068196745,0.999983379322086,"group_idyes"
"14374","C16orf74","Exc L4-5 RORB GABRG1",-0.0687301710503576,1.12762031648402,0.292342556325541,0.58903614703479,0.999997068196745,0.999983379322086,"group_idyes"
"14375","EMC8","Exc L4-5 RORB GABRG1",-0.0435415843382526,3.61641142782428,0.857996126774017,0.354880745948111,0.999997068196745,0.999983379322086,"group_idyes"
"14376","COX4I1","Exc L4-5 RORB GABRG1",-0.0362818306405131,5.88500665171533,0.116412755187462,0.733144450013406,0.999997068196745,0.999983379322086,"group_idyes"
"14377","AC135012.1","Exc L4-5 RORB GABRG1",0.0746548860178877,0.0557757894970028,0.147610790913801,0.908000129198125,0.999997068196745,0.999983379322086,"group_idyes"
"14378","MTHFSD","Exc L4-5 RORB GABRG1",-0.0739287979164622,3.06071199439015,1.10012957379456,0.294896104551372,0.999997068196745,0.999983379322086,"group_idyes"
"14379","C16orf95","Exc L4-5 RORB GABRG1",-0.0180830034526154,4.3581993038925,0.0743088839427052,0.78530960519311,0.999997068196745,0.999983379322086,"group_idyes"
"14380","AC010531.1","Exc L4-5 RORB GABRG1",0.0158610232996561,2.68550765446314,0.0380682556908462,0.845409141025404,0.999997068196745,0.999983379322086,"group_idyes"
"14381","FBXO31","Exc L4-5 RORB GABRG1",-0.0383673529861901,4.56550565637826,0.485016627225385,0.486579269320884,0.999997068196745,0.999983379322086,"group_idyes"
"14382","MAP1LC3B","Exc L4-5 RORB GABRG1",0.0452906240021781,6.03305008092119,0.7597617207023,0.383946706436958,0.999997068196745,0.999983379322086,"group_idyes"
"14383","AC010531.3","Exc L4-5 RORB GABRG1",0.0252123468062567,0.383045438567725,0.0264263386293962,0.870948813656144,0.999997068196745,0.999983379322086,"group_idyes"
"14384","ZCCHC14","Exc L4-5 RORB GABRG1",-0.0203576161867628,6.40913107527266,0.244522300797477,0.621241019751751,0.999997068196745,0.999983379322086,"group_idyes"
"14385","AC092720.1","Exc L4-5 RORB GABRG1",-0.14952008025259,2.2829638320309,2.79775250937871,0.0952094774014035,0.999997068196745,0.999983379322086,"group_idyes"
"14386","AC092720.2","Exc L4-5 RORB GABRG1",0.108720406387827,0.635362921916332,0.56786596795992,0.451569086393212,0.999997068196745,0.999983379322086,"group_idyes"
"14387","JPH3","Exc L4-5 RORB GABRG1",-0.0132265672718454,6.37176851536284,0.152979106046901,0.695921033528135,0.999997068196745,0.999983379322086,"group_idyes"
"14388","KLHDC4","Exc L4-5 RORB GABRG1",0.0656674674415662,4.57085585008903,1.25077589088617,0.26410216105901,0.999997068196745,0.999983379322086,"group_idyes"
"14389","AC126696.3","Exc L4-5 RORB GABRG1",0.168714022609983,0.456679286894501,0.970483448904902,0.325178758010719,0.999997068196745,0.999983379322086,"group_idyes"
"14390","AC126696.1","Exc L4-5 RORB GABRG1",-0.153359851281075,1.76992737698715,2.12731926555989,0.145509492350948,0.999997068196745,0.999983379322086,"group_idyes"
"14391","SLC7A5","Exc L4-5 RORB GABRG1",0.0107533667963421,4.65325927730189,0.0287704056732766,0.865399392501454,0.999997068196745,0.999983379322086,"group_idyes"
"14392","CA5A","Exc L4-5 RORB GABRG1",-0.055108718941136,0.728819906908115,0.149716406487333,0.69902045224344,0.999997068196745,0.999983379322086,"group_idyes"
"14393","BANP","Exc L4-5 RORB GABRG1",-0.0246337105399124,5.63907239468293,0.162852307405574,0.686768121951939,0.999997068196745,0.999983379322086,"group_idyes"
"14394","AC134312.4","Exc L4-5 RORB GABRG1",-0.134998755311449,1.69306157548448,0.95143555881825,0.329967057988951,0.999997068196745,0.999983379322086,"group_idyes"
"14395","AC134312.1","Exc L4-5 RORB GABRG1",-0.191763589065232,1.32063632873907,1.96252423359486,0.162049671620395,0.999997068196745,0.999983379322086,"group_idyes"
"14396","AC138512.1","Exc L4-5 RORB GABRG1",-0.16329159448999,1.32760017814824,1.21242938723619,0.271539934934995,0.999997068196745,0.999983379322086,"group_idyes"
"14397","ZNF469","Exc L4-5 RORB GABRG1",-0.159320813803575,0.322240035099036,0.746738395806918,0.388049276655593,0.999997068196745,0.999983379322086,"group_idyes"
"14398","ZFPM1","Exc L4-5 RORB GABRG1",0.0286010018381405,3.59046442866448,0.178979857922107,0.67248778100772,0.999997068196745,0.999983379322086,"group_idyes"
"14399","AC116552.1","Exc L4-5 RORB GABRG1",-0.0308422552688422,3.20237015143754,0.185329819932739,0.667073391843366,0.999997068196745,0.999983379322086,"group_idyes"
"14400","ZC3H18","Exc L4-5 RORB GABRG1",-0.0181002786032682,4.97172514993467,0.301945657874678,0.582984041922506,0.999997068196745,0.999983379322086,"group_idyes"
"14401","MVD","Exc L4-5 RORB GABRG1",-0.0292964615162853,4.86090503144323,0.379753863956149,0.53809942820221,0.999997068196745,0.999983379322086,"group_idyes"
"14402","SNAI3-AS1","Exc L4-5 RORB GABRG1",-0.0392380928642152,4.52269524801473,0.691628955576514,0.406126730205595,0.999997068196745,0.999983379322086,"group_idyes"
"14403","SNAI3","Exc L4-5 RORB GABRG1",0.0132554111762544,3.23324370001826,0.0119504966207215,0.913007006285576,0.999997068196745,0.999983379322086,"group_idyes"
"14404","RNF166","Exc L4-5 RORB GABRG1",-0.0553163710751732,3.6090531392449,1.37997694031437,0.240831637060718,0.999997068196745,0.999983379322086,"group_idyes"
"14405","CTU2","Exc L4-5 RORB GABRG1",-0.0023144494189643,2.35374858815818,0.000922335718548906,0.975787733970535,0.999997068196745,0.999983379322086,"group_idyes"
"14406","APRT","Exc L4-5 RORB GABRG1",-0.0486084045075886,2.25317402632314,0.189756406755037,0.663363728415674,0.999997068196745,0.999983379322086,"group_idyes"
"14407","GALNS","Exc L4-5 RORB GABRG1",-0.0340630676753951,3.37407147948437,0.385245396427082,0.535176781676005,0.999997068196745,0.999983379322086,"group_idyes"
"14408","TRAPPC2L","Exc L4-5 RORB GABRG1",0.00299219008965732,3.06210183464276,0.00177082040953151,0.966455863329919,0.999997068196745,0.999983379322086,"group_idyes"
"14409","CBFA2T3","Exc L4-5 RORB GABRG1",0.0124220667243058,4.37640496233679,0.0506502512777674,0.82205511591634,0.999997068196745,0.999983379322086,"group_idyes"
"14410","AC092384.1","Exc L4-5 RORB GABRG1",-0.0353570384882966,2.52817569621786,0.155708235601392,0.693357632023376,0.999997068196745,0.999983379322086,"group_idyes"
"14411","AC135782.1","Exc L4-5 RORB GABRG1",-0.0842382641376695,3.47340098261845,1.47469815462791,0.225350741285598,0.999997068196745,0.999983379322086,"group_idyes"
"14412","ACSF3","Exc L4-5 RORB GABRG1",-0.043541119942473,4.58176265436299,0.829400042179628,0.36301630103825,0.999997068196745,0.999983379322086,"group_idyes"
"14413","LINC00304","Exc L4-5 RORB GABRG1",-0.0597556197876813,0.728923208440422,0.191956828874256,0.661538820744886,0.999997068196745,0.999983379322086,"group_idyes"
"14414","AC009113.1","Exc L4-5 RORB GABRG1",-0.0420576312973973,1.96952847524054,0.194844601837075,0.65916269013035,0.999997068196745,0.999983379322086,"group_idyes"
"14415","ZNF778","Exc L4-5 RORB GABRG1",-0.0473182994879267,3.65568641545148,0.844599857034191,0.407548188162172,0.999997068196745,0.999983379322086,"group_idyes"
"14416","ANKRD11","Exc L4-5 RORB GABRG1",0.00498435839009828,7.87069729799589,0.0178550514073558,0.89377072475142,0.999997068196745,0.999983379322086,"group_idyes"
"14417","AC137932.3","Exc L4-5 RORB GABRG1",0.00769399394197594,1.40257513423955,0.0045754526191513,0.946105686501427,0.999997068196745,0.999983379322086,"group_idyes"
"14418","AC137932.1","Exc L4-5 RORB GABRG1",0.206664460581496,0.0713614055796188,1.26154710540124,0.262058839824635,0.999997068196745,0.999983379322086,"group_idyes"
"14419","SPG7","Exc L4-5 RORB GABRG1",-0.0297977669805435,6.53549174414092,0.782132283599356,0.377042148368672,0.999997068196745,0.999983379322086,"group_idyes"
"14420","AC092123.1","Exc L4-5 RORB GABRG1",-0.0188200197231067,1.76548826387979,0.0392972502334093,0.84296564338547,0.999997068196745,0.999983379322086,"group_idyes"
"14421","RPL13","Exc L4-5 RORB GABRG1",0.0212126652959011,6.32838182038665,0.0438299293139661,0.834281158139069,0.999997068196745,0.999983379322086,"group_idyes"
"14422","CPNE7","Exc L4-5 RORB GABRG1",-0.0539657762553136,2.30147377474436,0.280143286094587,0.59691257181758,0.999997068196745,0.999983379322086,"group_idyes"
"14423","CHMP1A","Exc L4-5 RORB GABRG1",0.0469365801733881,4.40111579853167,0.940134997454038,0.332852282020516,0.999997068196745,0.999983379322086,"group_idyes"
"14424","SPATA33","Exc L4-5 RORB GABRG1",-0.00791327069275962,4.28662437431443,0.023237394419993,0.878921267646042,0.999997068196745,0.999983379322086,"group_idyes"
"14425","CDK10","Exc L4-5 RORB GABRG1",0.0515332476756487,5.52555607740502,1.52838075351714,0.217109845764878,0.999997068196745,0.999983379322086,"group_idyes"
"14426","LINC02166","Exc L4-5 RORB GABRG1",-0.219864295256517,0.492266598832696,1.78676474386495,0.182110755640398,0.999997068196745,0.999983379322086,"group_idyes"
"14427","SPATA2L","Exc L4-5 RORB GABRG1",-0.102356465899556,3.38755608348056,1.51624349132027,0.218941013059652,0.999997068196745,0.999983379322086,"group_idyes"
"14428","VPS9D1","Exc L4-5 RORB GABRG1",-0.0510862591271041,5.86989558063101,1.56793372214556,0.211268015258045,0.999997068196745,0.999983379322086,"group_idyes"
"14429","VPS9D1-AS1","Exc L4-5 RORB GABRG1",-0.0716225751064655,1.00170435534088,0.287794047655649,0.59194769111971,0.999997068196745,0.999983379322086,"group_idyes"
"14430","ZNF276","Exc L4-5 RORB GABRG1",0.0299596317930683,4.63939704535209,0.669469557475168,0.413743074704737,0.999997068196745,0.999983379322086,"group_idyes"
"14431","FANCA","Exc L4-5 RORB GABRG1",-0.0258126555899662,4.47334958307616,0.313749243130689,0.575714558789641,0.999997068196745,0.999983379322086,"group_idyes"
"14432","SPIRE2","Exc L4-5 RORB GABRG1",-0.0703453278375198,5.19086744194479,4.1387024639129,0.042598661894074,0.999997068196745,0.999983379322086,"group_idyes"
"14433","TCF25","Exc L4-5 RORB GABRG1",-0.0247276173933726,7.5120611984486,0.632101498506421,0.427075713457063,0.999997068196745,0.999983379322086,"group_idyes"
"14434","MC1R","Exc L4-5 RORB GABRG1",-0.013043680295057,1.517241448879,0.0146572307441318,0.903701131042156,0.999997068196745,0.999983379322086,"group_idyes"
"14435","TUBB3","Exc L4-5 RORB GABRG1",-0.0682422728664651,0.609710929351019,0.153313160191937,0.695605854935072,0.999997068196745,0.999983379322086,"group_idyes"
"14436","DEF8","Exc L4-5 RORB GABRG1",0.00174236731613865,5.13234935015149,0.00207832324771123,0.963661784392591,0.999997068196745,0.999983379322086,"group_idyes"
"14437","CENPBD1","Exc L4-5 RORB GABRG1",0.0336651080283986,2.43673479244943,0.149033208780348,0.699674367646579,0.999997068196745,0.999983379322086,"group_idyes"
"14438","DBNDD1","Exc L4-5 RORB GABRG1",0.00937383056608819,3.81396535723544,0.0266185263760193,0.8704845405171,0.999997068196745,0.999983379322086,"group_idyes"
"14439","GAS8","Exc L4-5 RORB GABRG1",0.00663764045843664,5.5123474358056,0.0123095909026239,0.911714965136686,0.999997068196745,0.999983379322086,"group_idyes"
"14440","FAM157C","Exc L4-5 RORB GABRG1",0.0105798878867734,5.49513953615725,0.0204922940698556,0.886245636321723,0.999997068196745,0.999983379322086,"group_idyes"
"14441","AC133919.1","Exc L4-5 RORB GABRG1",0.0856822602436731,1.2793826624816,0.360199760031838,0.548748653045266,0.999997068196745,0.999983379322086,"group_idyes"
"14442","AC133919.2","Exc L4-5 RORB GABRG1",-0.112766145727736,2.05376624821449,0.440435864157864,0.507309637207296,0.999997068196745,0.999983379322086,"group_idyes"
"14443","LINC02193","Exc L4-5 RORB GABRG1",-0.00704685083442469,3.62912046751039,0.0126861880810339,0.910380282178991,0.999997068196745,0.999983379322086,"group_idyes"
"14444","AC240565.1","Exc L4-5 RORB GABRG1",-0.00594632649210611,2.47828887327502,0.00694809384941839,0.933612440862175,0.999997068196745,0.999983379322086,"group_idyes"
"14445","DOC2B","Exc L4-5 RORB GABRG1",0.0511767568848847,3.13950730601143,0.291158375824753,0.58979132072582,0.999997068196745,0.999983379322086,"group_idyes"
"14446","RPH3AL","Exc L4-5 RORB GABRG1",-0.0430304733270175,4.49943110446584,0.184639365023283,0.667656745591459,0.999997068196745,0.999983379322086,"group_idyes"
"14447","C17orf97","Exc L4-5 RORB GABRG1",0.0574357948801199,3.51090150810979,1.08087047983154,0.299155825348257,0.999997068196745,0.999983379322086,"group_idyes"
"14448","RFLNB","Exc L4-5 RORB GABRG1",0.0184432134768571,2.65315662221213,0.0416366667023191,0.838421813357972,0.999997068196745,0.999983379322086,"group_idyes"
"14449","AC015853.2","Exc L4-5 RORB GABRG1",-0.0334423949846335,0.453093333680002,0.0389047928837483,0.843741560552242,0.999997068196745,0.999983379322086,"group_idyes"
"14450","VPS53","Exc L4-5 RORB GABRG1",-0.030094837215708,7.53291760501208,0.956699592681547,0.328634447417821,0.999997068196745,0.999983379322086,"group_idyes"
"14451","AC015853.3","Exc L4-5 RORB GABRG1",-0.162127273130433,2.39866540608454,1.1610722555856,0.281918433621197,0.999997068196745,0.999983379322086,"group_idyes"
"14452","FAM57A","Exc L4-5 RORB GABRG1",-0.00855706336227882,2.61906698035167,0.0158988920192478,0.89972590945708,0.999997068196745,0.999983379322086,"group_idyes"
"14453","GEMIN4","Exc L4-5 RORB GABRG1",0.153498519940314,1.85139935562262,2.49229927082809,0.115226290238829,0.999997068196745,0.999983379322086,"group_idyes"
"14454","GLOD4","Exc L4-5 RORB GABRG1",-0.0132514830130859,4.41412875126954,0.0882638831686027,0.766556317513904,0.999997068196745,0.999983379322086,"group_idyes"
"14455","MRM3","Exc L4-5 RORB GABRG1",0.0823153060408705,2.38381769124815,0.902935051070536,0.34259246767719,0.999997068196745,0.999983379322086,"group_idyes"
"14456","NXN","Exc L4-5 RORB GABRG1",-0.0332539451939472,3.79549152553588,0.131267164082084,0.717320734159543,0.999997068196745,0.999983379322086,"group_idyes"
"14457","TIMM22","Exc L4-5 RORB GABRG1",0.0423197197937735,3.77588358215197,0.505461302459795,0.477541039175419,0.999997068196745,0.999983379322086,"group_idyes"
"14458","ABR","Exc L4-5 RORB GABRG1",0.00102501677721386,7.73803827673648,0.00180262364670518,0.966156163838569,0.999997068196745,0.999983379322086,"group_idyes"
"14459","AC016292.1","Exc L4-5 RORB GABRG1",0.00842122690293304,0.674331428207466,0.00497774557866933,0.943790064756738,0.999997068196745,0.999983379322086,"group_idyes"
"14460","AC144836.1","Exc L4-5 RORB GABRG1",-0.0515408495681689,0.89227912771966,0.150078583394046,0.698674494196251,0.999997068196745,0.999983379322086,"group_idyes"
"14461","TRARG1","Exc L4-5 RORB GABRG1",0.175490764533389,0.573156303584523,1.13385124656978,0.287623173095611,0.999997068196745,0.999983379322086,"group_idyes"
"14462","YWHAE","Exc L4-5 RORB GABRG1",0.0179024690137896,6.98658638467683,0.172480168561855,0.678148462143748,0.999997068196745,0.999983379322086,"group_idyes"
"14463","CRK","Exc L4-5 RORB GABRG1",-0.0129645181494188,5.35235311521352,0.140071142946049,0.708416481957231,0.999997068196745,0.999983379322086,"group_idyes"
"14464","MYO1C","Exc L4-5 RORB GABRG1",-0.132697915538265,1.36731051336818,1.34940836362419,0.24610173995535,0.999997068196745,0.999983379322086,"group_idyes"
"14465","INPP5K","Exc L4-5 RORB GABRG1",0.00817665034139138,3.47474154731141,0.0348491986828017,0.852010405992998,0.999997068196745,0.999983379322086,"group_idyes"
"14466","PITPNA-AS1","Exc L4-5 RORB GABRG1",-0.118955898360899,0.889380742551712,0.605418699080562,0.436996221955057,0.999997068196745,0.999983379322086,"group_idyes"
"14467","PITPNA","Exc L4-5 RORB GABRG1",-0.0105549100777595,6.10896872118513,0.176682855910081,0.674474244579546,0.999997068196745,0.999983379322086,"group_idyes"
"14468","SLC43A2","Exc L4-5 RORB GABRG1",0.0179052026967523,5.5495383915775,0.259218645096161,0.610949338371642,0.999997068196745,0.999983379322086,"group_idyes"
"14469","SCARF1","Exc L4-5 RORB GABRG1",0.00168263725205249,3.82000654351137,0.00110744600894385,0.996991926433215,0.999997068196745,0.999983379322086,"group_idyes"
"14470","RILP","Exc L4-5 RORB GABRG1",0.0982009064784896,2.69177234403571,0.913367993202003,0.33982248735913,0.999997068196745,0.999983379322086,"group_idyes"
"14471","PRPF8","Exc L4-5 RORB GABRG1",-0.00737806366208251,5.94453576157452,0.0336161743148897,0.854622233683495,0.999997068196745,0.999983379322086,"group_idyes"
"14472","TLCD2","Exc L4-5 RORB GABRG1",0.0203355015809743,0.433449888038438,0.0134554388347762,0.907714980972653,0.999997068196745,0.999983379322086,"group_idyes"
"14473","MIR22HG","Exc L4-5 RORB GABRG1",-0.0165702453711674,2.01611344574364,0.0258839428605197,0.872268520517877,0.999997068196745,0.999983379322086,"group_idyes"
"14474","WDR81","Exc L4-5 RORB GABRG1",-0.0301507358766621,3.36261473100813,0.332962351477876,0.998618551464396,0.999997068196745,0.999983379322086,"group_idyes"
"14475","SERPINF2","Exc L4-5 RORB GABRG1",0.0505535792091538,1.85327610577993,0.208803548783204,0.647964684204632,0.999997068196745,0.999983379322086,"group_idyes"
"14476","SERPINF1","Exc L4-5 RORB GABRG1",0.0359269775163623,4.54746066415842,0.162420688372897,0.687161417622009,0.999997068196745,0.999983379322086,"group_idyes"
"14477","SMYD4","Exc L4-5 RORB GABRG1",-0.00620611064135453,4.67131683623109,0.0297027106969237,0.863257133690835,0.999997068196745,0.999983379322086,"group_idyes"
"14478","RPA1","Exc L4-5 RORB GABRG1",0.0227576816465252,5.04086697628158,0.38333989127365,0.536187625715367,0.999997068196745,0.999983379322086,"group_idyes"
"14479","RTN4RL1","Exc L4-5 RORB GABRG1",-0.0605618876209127,6.30479010318105,1.18038776093304,0.277957301975105,0.999997068196745,0.999983379322086,"group_idyes"
"14480","DPH1","Exc L4-5 RORB GABRG1",0.0775428708390876,4.01744686988565,1.14328651180914,0.285629331238358,0.999997068196745,0.999983379322086,"group_idyes"
"14481","AC090617.5","Exc L4-5 RORB GABRG1",-0.15633522784575,0.806827391809072,0.864877691287507,0.352960443311153,0.999997068196745,0.999983379322086,"group_idyes"
"14482","SMG6","Exc L4-5 RORB GABRG1",-0.0129908746502786,6.87918177870379,0.123117083713606,0.725870097863017,0.999997068196745,0.999983379322086,"group_idyes"
"14483","AC090617.4","Exc L4-5 RORB GABRG1",0.0129140141617424,0.916921946359125,0.00956969943815982,0.922122325736558,0.999997068196745,0.999983379322086,"group_idyes"
"14484","SRR","Exc L4-5 RORB GABRG1",-0.0822844965333828,2.88008811198455,1.89447713778841,0.188722234651616,0.999997068196745,0.999983379322086,"group_idyes"
"14485","TSR1","Exc L4-5 RORB GABRG1",-0.0534261303753151,3.90979284663838,1.24504915329342,0.265196617066789,0.999997068196745,0.999983379322086,"group_idyes"
"14486","SGSM2","Exc L4-5 RORB GABRG1",-0.0223558127747443,6.07743499250284,0.424582628127773,0.515048253570248,0.999997068196745,0.999983379322086,"group_idyes"
"14487","MNT","Exc L4-5 RORB GABRG1",-0.0606192080735402,4.45598530453941,2.02115713242145,0.155931008101636,0.999997068196745,0.999983379322086,"group_idyes"
"14488","METTL16","Exc L4-5 RORB GABRG1",0.00595910573120166,5.62799879584091,0.0321344751263759,0.857827204130774,0.999997068196745,0.999983379322086,"group_idyes"
"14489","PAFAH1B1","Exc L4-5 RORB GABRG1",-0.00566488008080943,7.87711403185387,0.0686042834997647,0.793520061744746,0.999997068196745,0.999983379322086,"group_idyes"
"14490","CLUH","Exc L4-5 RORB GABRG1",0.0598677643994159,4.54247638135166,1.87230118510853,0.559025872226613,0.999997068196745,0.999983379322086,"group_idyes"
"14491","AC005696.1","Exc L4-5 RORB GABRG1",0.385345924915127,0.549250866237076,7.10797689518125,0.00799774045767599,0.999997068196745,0.999983379322086,"group_idyes"
"14492","AC005696.4","Exc L4-5 RORB GABRG1",0.00260343154689459,3.46258246763604,0.00240839881265752,0.960884642369541,0.999997068196745,0.999983379322086,"group_idyes"
"14493","RAP1GAP2","Exc L4-5 RORB GABRG1",-0.0389363852016965,8.01686843846233,0.818745854031164,0.366113370930706,0.999997068196745,0.999983379322086,"group_idyes"
"14494","AC090282.1","Exc L4-5 RORB GABRG1",0.139127025561135,1.01446412154608,1.20085782948575,0.273835786242316,0.999997068196745,0.999983379322086,"group_idyes"
"14495","OR3A2","Exc L4-5 RORB GABRG1",0.0290960040406926,3.27262202569016,0.094604903937052,0.758569058900888,0.999997068196745,0.999983379322086,"group_idyes"
"14496","OR3A3","Exc L4-5 RORB GABRG1",7.31014134469124e-05,0.641723420132356,6.21978397473158e-07,0.99937115232598,0.999997068196745,0.999983379322086,"group_idyes"
"14497","SPATA22","Exc L4-5 RORB GABRG1",-0.180933613884611,1.74289970114265,2.10389299493015,0.147739414690052,0.999997068196745,0.999983379322086,"group_idyes"
"14498","ASPA","Exc L4-5 RORB GABRG1",-0.087878995306509,1.16766095846081,0.308233335013165,0.579088962073963,0.999997068196745,0.999983379322086,"group_idyes"
"14499","TRPV3","Exc L4-5 RORB GABRG1",-0.144884726168213,1.85791643044254,2.46471691721069,0.117250718855276,0.999997068196745,0.999983379322086,"group_idyes"
"14500","TRPV1","Exc L4-5 RORB GABRG1",-0.00779140533004101,2.81171684650736,0.0179449781876512,0.893505145830093,0.999997068196745,0.999983379322086,"group_idyes"
"14501","CTNS","Exc L4-5 RORB GABRG1",-0.0552635956368455,2.42699434826897,0.597068526676496,0.530175131927676,0.999997068196745,0.999983379322086,"group_idyes"
"14502","AC027796.4","Exc L4-5 RORB GABRG1",0.0491844948408379,0.603026987477472,0.124012028945623,0.73304368178066,0.999997068196745,0.999983379322086,"group_idyes"
"14503","TAX1BP3","Exc L4-5 RORB GABRG1",0.0490715347383835,1.2482514550684,0.199633777858662,0.655268017613792,0.999997068196745,0.999983379322086,"group_idyes"
"14504","P2RX5-TAX1BP3","Exc L4-5 RORB GABRG1",-0.0151784497107493,0.95884881249966,0.0177537188752285,0.894070805113483,0.999997068196745,0.999983379322086,"group_idyes"
"14505","EMC6","Exc L4-5 RORB GABRG1",-0.0599319507398626,2.89828385338287,0.240430288498997,0.624175028638849,0.999997068196745,0.999983379322086,"group_idyes"
"14506","ITGAE","Exc L4-5 RORB GABRG1",-0.0382646915059933,3.66933987967572,0.608387817689911,0.435875054818352,0.999997068196745,0.999983379322086,"group_idyes"
"14507","NCBP3","Exc L4-5 RORB GABRG1",-0.0109944444386671,5.05079880820145,0.0892417355539012,0.765304642567238,0.999997068196745,0.999983379322086,"group_idyes"
"14508","CAMKK1","Exc L4-5 RORB GABRG1",-0.00900237006576675,7.0672091164576,0.0561790592253638,0.812766482031843,0.999997068196745,0.999983379322086,"group_idyes"
"14509","ATP2A3","Exc L4-5 RORB GABRG1",0.116264012701525,0.461508104688935,0.547738461095213,0.459694616962114,0.999997068196745,0.999983379322086,"group_idyes"
"14510","ZZEF1","Exc L4-5 RORB GABRG1",-0.0406812187013633,6.33307276048363,1.36457326700513,0.243469833819934,0.999997068196745,0.999983379322086,"group_idyes"
"14511","CYB5D2","Exc L4-5 RORB GABRG1",-0.0178798996299212,5.34548170126379,0.218450476504417,0.640487730845586,0.999997068196745,0.999983379322086,"group_idyes"
"14512","ANKFY1","Exc L4-5 RORB GABRG1",-0.039538730246988,6.49489999489911,1.54009818842074,0.215359360397325,0.999997068196745,0.999983379322086,"group_idyes"
"14513","UBE2G1","Exc L4-5 RORB GABRG1",-0.0122231606420162,5.9856254354837,0.16950274052729,0.680783385521437,0.999997068196745,0.999983379322086,"group_idyes"
"14514","SPNS3","Exc L4-5 RORB GABRG1",-0.142514411165425,0.932679329959175,1.18992074743723,0.276028240417135,0.999997068196745,0.999983379322086,"group_idyes"
"14515","AC127521.1","Exc L4-5 RORB GABRG1",-0.0539714927652386,1.68415133155693,0.247526553259711,0.619106342119614,0.999997068196745,0.999983379322086,"group_idyes"
"14516","SPNS2","Exc L4-5 RORB GABRG1",-0.0452914996606671,5.2762792821113,0.802392005408339,0.370939266470311,0.999997068196745,0.999983379322086,"group_idyes"
"14517","MYBBP1A","Exc L4-5 RORB GABRG1",-0.0242021488859243,4.44845294060906,0.301889186512806,0.583019263343044,0.999997068196745,0.999983379322086,"group_idyes"
"14518","PELP1","Exc L4-5 RORB GABRG1",5.69998726363709e-05,4.75964541020413,1.85426025896942e-06,0.998914216933717,0.999997068196745,0.999983379322086,"group_idyes"
"14519","AC091153.2","Exc L4-5 RORB GABRG1",-0.0600698268056324,1.44581353918967,0.18979463790868,0.663331914362164,0.999997068196745,0.999983379322086,"group_idyes"
"14520","ARRB2","Exc L4-5 RORB GABRG1",0.036930714032755,4.83329420015486,0.848904010234727,0.935101403880718,0.999997068196745,0.999983379322086,"group_idyes"
"14521","MED11","Exc L4-5 RORB GABRG1",-0.0724944865678979,2.42220025138724,0.641210282937816,0.423767089676413,0.999997068196745,0.999983379322086,"group_idyes"
"14522","VMO1","Exc L4-5 RORB GABRG1",0.0136345005748504,0.960634691887668,0.011131224031914,0.91603039233154,0.999997068196745,0.999983379322086,"group_idyes"
"14523","PSMB6","Exc L4-5 RORB GABRG1",0.00901793761660087,3.51956060683527,0.00502076522958586,0.943548098560861,0.999997068196745,0.999983379322086,"group_idyes"
"14524","PLD2","Exc L4-5 RORB GABRG1",0.0568604565123895,1.84158039776663,0.322844623451787,0.57023459098078,0.999997068196745,0.999983379322086,"group_idyes"
"14525","MINK1","Exc L4-5 RORB GABRG1",0.00619603102674427,5.31465692766975,0.0354717308041492,0.850709900525043,0.999997068196745,0.999983379322086,"group_idyes"
"14526","C17orf107","Exc L4-5 RORB GABRG1",-0.0808599384947636,0.740050794157881,0.374840539279586,0.630997066149233,0.999997068196745,0.999983379322086,"group_idyes"
"14527","SLC25A11","Exc L4-5 RORB GABRG1",-0.00186813997664709,3.93066994436203,0.000495750801634799,0.98224774243598,0.999997068196745,0.999983379322086,"group_idyes"
"14528","RNF167","Exc L4-5 RORB GABRG1",0.0255373940793017,4.07239578325229,0.157192800083506,0.691974111508744,0.999997068196745,0.999983379322086,"group_idyes"
"14529","PFN1","Exc L4-5 RORB GABRG1",0.0174907028838074,3.97895448899233,0.0257688970403846,0.872550257817702,0.999997068196745,0.999983379322086,"group_idyes"
"14530","SPAG7","Exc L4-5 RORB GABRG1",0.0155622875262735,4.08414657751567,0.0640272720803154,0.800375458368406,0.999997068196745,0.999983379322086,"group_idyes"
"14531","CAMTA2","Exc L4-5 RORB GABRG1",-0.000513855041936608,5.74762533394466,0.000182198459376623,0.989237405404821,0.999997068196745,0.999983379322086,"group_idyes"
"14532","INCA1","Exc L4-5 RORB GABRG1",0.125130555749629,1.01170132831389,1.1109640963793,0.540146535738828,0.999997068196745,0.999983379322086,"group_idyes"
"14533","KIF1C","Exc L4-5 RORB GABRG1",-0.011494358339947,3.90546629922311,0.0481249037646731,0.826475146538291,0.999997068196745,0.999983379322086,"group_idyes"
"14534","SLC52A1","Exc L4-5 RORB GABRG1",-0.103802330940586,1.57014696748119,0.809930176364055,0.368703852473391,0.999997068196745,0.999983379322086,"group_idyes"
"14535","ZFP3","Exc L4-5 RORB GABRG1",0.0717846311631091,2.65196672567583,1.30637164890059,0.361156537542038,0.999997068196745,0.999983379322086,"group_idyes"
"14536","ZNF232","Exc L4-5 RORB GABRG1",0.00953168762531438,2.77847060193245,0.020703761128004,0.88566423648801,0.999997068196745,0.999983379322086,"group_idyes"
"14537","USP6","Exc L4-5 RORB GABRG1",0.0132062779491221,2.65645991155535,0.0400560665009089,0.841476747192787,0.999997068196745,0.999983379322086,"group_idyes"
"14538","ZNF594","Exc L4-5 RORB GABRG1",0.0237386284277564,4.48746450912747,0.32547785680685,0.568667140540925,0.999997068196745,0.999983379322086,"group_idyes"
"14539","AC087500.1","Exc L4-5 RORB GABRG1",-0.0429489424520516,6.2895400994181,0.904443460048096,0.342190098692979,0.999997068196745,0.999983379322086,"group_idyes"
"14540","SCIMP","Exc L4-5 RORB GABRG1",-0.0797239421736282,2.98750711890604,0.601752231723283,0.438386822636982,0.999997068196745,0.999983379322086,"group_idyes"
"14541","RABEP1","Exc L4-5 RORB GABRG1",0.00130984877856662,7.50437577563683,0.00412122720006353,0.948846879067226,0.999997068196745,0.999983379322086,"group_idyes"
"14542","NUP88","Exc L4-5 RORB GABRG1",-0.00788364832898274,5.58891113664349,0.0802882553023826,0.777059563169646,0.999997068196745,0.999983379322086,"group_idyes"
"14543","RPAIN","Exc L4-5 RORB GABRG1",-0.0093486413070145,5.21184824383606,0.0422087684262826,0.837330995012359,0.999997068196745,0.999983379322086,"group_idyes"
"14544","AC004148.2","Exc L4-5 RORB GABRG1",0.0464200671803283,1.63897190767469,0.175409576638875,0.675581940184917,0.999997068196745,0.999983379322086,"group_idyes"
"14545","C1QBP","Exc L4-5 RORB GABRG1",0.0312326892832092,4.32916384435135,0.152849862479138,0.696043080734521,0.999997068196745,0.999983379322086,"group_idyes"
"14546","DHX33","Exc L4-5 RORB GABRG1",-0.0406519013129451,3.22307918212954,0.460340771155083,0.497872651304287,0.999997068196745,0.999983379322086,"group_idyes"
"14547","DERL2","Exc L4-5 RORB GABRG1",0.103092755849936,3.44175193084892,4.48216048200262,0.0742894708478985,0.999997068196745,0.999983379322086,"group_idyes"
"14548","MIS12","Exc L4-5 RORB GABRG1",-0.0604884816015194,2.8432857137308,0.728420042394072,0.393926850718126,0.999997068196745,0.999983379322086,"group_idyes"
"14549","NLRP1","Exc L4-5 RORB GABRG1",0.00122852495849034,6.22676880375853,0.000278798354094227,0.986686791791342,0.999997068196745,0.999983379322086,"group_idyes"
"14550","AC007846.2","Exc L4-5 RORB GABRG1",0.157363713847284,0.629971664266114,1.27406446472788,0.259708909150052,0.999997068196745,0.999983379322086,"group_idyes"
"14551","WSCD1","Exc L4-5 RORB GABRG1",0.0432727574016383,1.97259245811603,0.273881925510802,0.601040841216773,0.999997068196745,0.999983379322086,"group_idyes"
"14552","PITPNM3","Exc L4-5 RORB GABRG1",-0.0686744372512836,5.05825991172744,2.30864349422327,0.129477629153377,0.999997068196745,0.999983379322086,"group_idyes"
"14553","KIAA0753","Exc L4-5 RORB GABRG1",0.00391770591671802,5.60705691822452,0.0126825543091319,0.910393063906659,0.999997068196745,0.999983379322086,"group_idyes"
"14554","TXNDC17","Exc L4-5 RORB GABRG1",0.0308673841604028,1.76215853625316,0.0768448493192166,0.781768486605335,0.999997068196745,0.999983379322086,"group_idyes"
"14555","MED31","Exc L4-5 RORB GABRG1",-0.0509022104601966,4.45550076992866,0.699917152890762,0.403330865370442,0.999997068196745,0.999983379322086,"group_idyes"
"14556","C17orf100","Exc L4-5 RORB GABRG1",0.0479110624029231,2.96657610794056,0.448310824537449,0.50353983454784,0.999997068196745,0.999983379322086,"group_idyes"
"14557","XAF1","Exc L4-5 RORB GABRG1",-0.307741982793533,0.238192070430305,2.86033331247433,0.0915985078195876,0.999997068196745,0.999983379322086,"group_idyes"
"14558","TEKT1","Exc L4-5 RORB GABRG1",0.0913630939656904,1.87994571357693,0.885531182282947,0.347281668141819,0.999997068196745,0.999983379322086,"group_idyes"
"14559","ALOX12-AS1","Exc L4-5 RORB GABRG1",0.0421215802239244,5.49294938739767,0.65503839025753,0.418817312452669,0.999997068196745,0.999983379322086,"group_idyes"
"14560","SLC16A13","Exc L4-5 RORB GABRG1",-0.0385115455066888,1.81194771275223,0.158299771643692,0.690947397878371,0.999997068196745,0.999983379322086,"group_idyes"
"14561","ASGR1","Exc L4-5 RORB GABRG1",0.095258526291848,2.95905708731349,2.10183301298339,0.42454133671848,0.999997068196745,0.999983379322086,"group_idyes"
"14562","DLG4","Exc L4-5 RORB GABRG1",0.0246985459255695,6.06275175133693,0.251617640777769,0.616225258879337,0.999997068196745,0.999983379322086,"group_idyes"
"14563","ACADVL","Exc L4-5 RORB GABRG1",0.0290566105455389,5.51580012276136,0.239528731755734,0.62482561359945,0.999997068196745,0.999983379322086,"group_idyes"
"14564","DVL2","Exc L4-5 RORB GABRG1",0.0410777308087148,4.19072579949055,0.94279997120679,0.666441401431515,0.999997068196745,0.999983379322086,"group_idyes"
"14565","PHF23","Exc L4-5 RORB GABRG1",0.0389917054826279,2.8029621914981,0.166800965413714,0.683197898455284,0.999997068196745,0.999983379322086,"group_idyes"
"14566","GABARAP","Exc L4-5 RORB GABRG1",0.00121690355677264,1.19968899019827,5.24990275982924e-05,0.994222636766366,0.999997068196745,0.999983379322086,"group_idyes"
"14567","ELP5","Exc L4-5 RORB GABRG1",0.031504799236318,3.45823466011299,0.235100015942101,0.934910740839368,0.999997068196745,0.999983379322086,"group_idyes"
"14568","EIF5A","Exc L4-5 RORB GABRG1",0.0874404498483614,4.70371648370805,0.98518464191681,0.321545986191195,0.999997068196745,0.999983379322086,"group_idyes"
"14569","GPS2","Exc L4-5 RORB GABRG1",-0.027206201316407,3.09678981202052,0.0750772736264062,0.784229886208049,0.999997068196745,0.999983379322086,"group_idyes"
"14570","NEURL4","Exc L4-5 RORB GABRG1",0.0280675409763618,1.38797627952595,0.0728604980297866,0.787361264421676,0.999997068196745,0.999983379322086,"group_idyes"
"14571","ACAP1","Exc L4-5 RORB GABRG1",0.164543953951492,0.972247571196701,1.68422635328506,0.195141354673478,0.999997068196745,0.999983379322086,"group_idyes"
"14572","TNK1","Exc L4-5 RORB GABRG1",0.0663114110286691,1.83367250560751,0.565264785285736,0.91593462094552,0.999997068196745,0.999983379322086,"group_idyes"
"14573","TMEM256-PLSCR3","Exc L4-5 RORB GABRG1",-0.00499804821484179,1.74191680751683,0.00246548299661442,0.960424175841041,0.999997068196745,0.999983379322086,"group_idyes"
"14574","NLGN2","Exc L4-5 RORB GABRG1",0.0242489491754536,5.34118034198601,0.37345424753628,0.541488286517334,0.999997068196745,0.999983379322086,"group_idyes"
"14575","CHRNB1","Exc L4-5 RORB GABRG1",-0.0117642352680864,1.46329118682904,0.0129479312088407,0.909464432336321,0.999997068196745,0.999983379322086,"group_idyes"
"14576","ZBTB4","Exc L4-5 RORB GABRG1",0.0122237072828714,6.62351526008999,0.197519293376515,0.862482255434231,0.999997068196745,0.999983379322086,"group_idyes"
"14577","POLR2A","Exc L4-5 RORB GABRG1",0.00751902034560705,5.32716347521849,0.0376146561931993,0.949379165797268,0.999997068196745,0.999983379322086,"group_idyes"
"14578","EIF4A1","Exc L4-5 RORB GABRG1",0.0629820456279489,4.33071084379171,0.836501511562262,0.36097211177968,0.999997068196745,0.999983379322086,"group_idyes"
"14579","AC016876.1","Exc L4-5 RORB GABRG1",-0.233534136885287,0.975476431550018,2.63359512391361,0.105443655830064,0.999997068196745,0.999983379322086,"group_idyes"
"14580","MPDU1","Exc L4-5 RORB GABRG1",0.0704065659210663,3.36182058149882,1.2309903274649,0.267907549042555,0.999997068196745,0.999983379322086,"group_idyes"
"14581","SOX15","Exc L4-5 RORB GABRG1",-0.053921318962036,3.35242074514193,0.374424631900032,0.540963721055179,0.999997068196745,0.999983379322086,"group_idyes"
"14582","FXR2","Exc L4-5 RORB GABRG1",0.0832669174069175,4.91099322690316,2.92090799951895,0.0882450875740358,0.999997068196745,0.999983379322086,"group_idyes"
"14583","SHBG","Exc L4-5 RORB GABRG1",0.100928566660654,0.916290932917305,0.760710461835194,0.471181111346328,0.999997068196745,0.999983379322086,"group_idyes"
"14584","SAT2","Exc L4-5 RORB GABRG1",-0.0461572273744431,6.0979020382158,0.405121623573496,0.524834515636639,0.999997068196745,0.999983379322086,"group_idyes"
"14585","ATP1B2","Exc L4-5 RORB GABRG1",0.277541794403557,3.20767968425302,5.35126898141098,0.0212338012388443,0.999997068196745,0.999983379322086,"group_idyes"
"14586","TP53","Exc L4-5 RORB GABRG1",-0.0456036245841337,2.15932253880047,0.308298043874046,0.645118243231572,0.999997068196745,0.999983379322086,"group_idyes"
"14587","WRAP53","Exc L4-5 RORB GABRG1",0.0435599034049535,2.13231361509685,0.365121216008321,0.897320190175824,0.999997068196745,0.999983379322086,"group_idyes"
"14588","EFNB3","Exc L4-5 RORB GABRG1",0.0393340929454437,3.83174184114297,0.360561606460761,0.548548044669257,0.999997068196745,0.999983379322086,"group_idyes"
"14589","DNAH2","Exc L4-5 RORB GABRG1",-0.135688257708914,3.37025863960667,3.63237183940384,0.0574110258960513,0.999997068196745,0.999983379322086,"group_idyes"
"14590","KDM6B","Exc L4-5 RORB GABRG1",-0.0137902017217876,4.66255145990114,0.0677017313221731,0.794852121679618,0.999997068196745,0.999983379322086,"group_idyes"
"14591","NAA38","Exc L4-5 RORB GABRG1",-0.088300709404868,5.12293138818912,2.07626598717377,0.150419115492581,0.999997068196745,0.999983379322086,"group_idyes"
"14592","CYB5D1","Exc L4-5 RORB GABRG1",0.0607786497761703,3.27337593232732,1.04711850663699,0.397126893893503,0.999997068196745,0.999983379322086,"group_idyes"
"14593","CHD3","Exc L4-5 RORB GABRG1",0.0219983138706056,5.08358330889818,0.263370475290523,0.608108550551755,0.999997068196745,0.999983379322086,"group_idyes"
"14594","RNF227","Exc L4-5 RORB GABRG1",0.0334146399514124,2.51129172401181,0.23884446782121,0.881129984695768,0.999997068196745,0.999983379322086,"group_idyes"
"14595","KCNAB3","Exc L4-5 RORB GABRG1",-0.0476262144114056,4.07335680445279,0.687862111438983,0.407406790777777,0.999997068196745,0.999983379322086,"group_idyes"
"14596","TRAPPC1","Exc L4-5 RORB GABRG1",-0.12455653785331,2.79103120157431,0.881795059697586,0.348299656699849,0.999997068196745,0.999983379322086,"group_idyes"
"14597","CNTROB","Exc L4-5 RORB GABRG1",-0.0651117578631143,2.85005718723665,1.0378656786299,0.308958579339628,0.999997068196745,0.999983379322086,"group_idyes"
"14598","GUCY2D","Exc L4-5 RORB GABRG1",0.0222363424117112,0.867544402394843,0.0304212011553165,0.861629698980562,0.999997068196745,0.999983379322086,"group_idyes"
"14599","ALOX12B","Exc L4-5 RORB GABRG1",-0.0671359586742792,1.6223118044214,0.34960813099526,0.554682270741458,0.999997068196745,0.999983379322086,"group_idyes"
"14600","ALOXE3","Exc L4-5 RORB GABRG1",-0.0140712484975668,2.75425894248521,0.0528041447812503,0.818375892844635,0.999997068196745,0.999983379322086,"group_idyes"
"14601","HES7","Exc L4-5 RORB GABRG1",-0.0811782379355809,2.50521482202173,0.92219714049516,0.337501861732574,0.999997068196745,0.999983379322086,"group_idyes"
"14602","PER1","Exc L4-5 RORB GABRG1",0.0607744641502217,5.39701085482708,1.33762770530243,0.2481703959328,0.999997068196745,0.999983379322086,"group_idyes"
"14603","TMEM107","Exc L4-5 RORB GABRG1",-0.0469159542124864,3.68848943231963,0.687912646624106,0.407389578605974,0.999997068196745,0.999983379322086,"group_idyes"
"14604","AC129492.4","Exc L4-5 RORB GABRG1",-0.043204020168677,0.45347846694213,0.0873644637479471,0.767714276914891,0.999997068196745,0.999983379322086,"group_idyes"
"14605","BORCS6","Exc L4-5 RORB GABRG1",0.0871077427187324,2.00103288150812,0.737744038284169,0.390919329756108,0.999997068196745,0.999983379322086,"group_idyes"
"14606","LINC00324","Exc L4-5 RORB GABRG1",-0.140347919269561,0.239777338093139,0.611872563988615,0.43456478358878,0.999997068196745,0.999983379322086,"group_idyes"
"14607","CTC1","Exc L4-5 RORB GABRG1",-0.0386583480749043,4.51749485265844,1.04460702396212,0.307394647375865,0.999997068196745,0.999983379322086,"group_idyes"
"14608","PFAS","Exc L4-5 RORB GABRG1",-0.0095161568911105,3.16443079101034,0.0216713829870146,0.883041775750221,0.999997068196745,0.999983379322086,"group_idyes"
"14609","AC135178.5","Exc L4-5 RORB GABRG1",-0.0964510452792243,0.317075828343125,0.384061558064257,0.535804383061073,0.999997068196745,0.999983379322086,"group_idyes"
"14610","SLC25A35","Exc L4-5 RORB GABRG1",0.0348439717114584,0.217376338576422,0.0511874752722588,0.8211298627574,0.999997068196745,0.999983379322086,"group_idyes"
"14611","RANGRF","Exc L4-5 RORB GABRG1",-0.0604904749748015,2.74272270566401,0.476302025170772,0.490518243614178,0.999997068196745,0.999983379322086,"group_idyes"
"14612","AC135178.3","Exc L4-5 RORB GABRG1",0.0349674451820556,0.589761585616895,0.0617947919150722,0.803814002089138,0.999997068196745,0.999983379322086,"group_idyes"
"14613","NDEL1","Exc L4-5 RORB GABRG1",0.0254282512055878,5.03584043980235,0.369685618503055,0.543534432925584,0.999997068196745,0.999983379322086,"group_idyes"
"14614","MYH10","Exc L4-5 RORB GABRG1",0.0086609137505904,7.63370041287888,0.107405517949705,0.743295739833361,0.999997068196745,0.999983379322086,"group_idyes"
"14615","PIK3R5","Exc L4-5 RORB GABRG1",0.0458711804104812,0.23379890729873,0.0641745610455364,0.973211992874219,0.999997068196745,0.999983379322086,"group_idyes"
"14616","NTN1","Exc L4-5 RORB GABRG1",-0.0176968652144314,2.39562763279266,0.0310622143530742,0.860194393650302,0.999997068196745,0.999983379322086,"group_idyes"
"14617","STX8","Exc L4-5 RORB GABRG1",-0.0365381317488025,7.31539178079082,1.03364480705119,0.309943063857876,0.999997068196745,0.999983379322086,"group_idyes"
"14618","AC005695.2","Exc L4-5 RORB GABRG1",-0.0673793823689784,2.61173589344399,0.367429855927582,0.544766028807965,0.999997068196745,0.999983379322086,"group_idyes"
"14619","AC087501.1","Exc L4-5 RORB GABRG1",0.174312101946914,1.03974261480727,1.56378797223928,0.211871463964456,0.999997068196745,0.999983379322086,"group_idyes"
"14620","CFAP52","Exc L4-5 RORB GABRG1",0.0576778023135517,4.36849162967115,1.14990097432606,0.284242054689668,0.999997068196745,0.999983379322086,"group_idyes"
"14621","AC118755.2","Exc L4-5 RORB GABRG1",-0.0358624558829701,1.05877925966119,0.0983832611093815,0.7539484682714,0.999997068196745,0.999983379322086,"group_idyes"
"14622","USP43","Exc L4-5 RORB GABRG1",0.0010949745193626,6.41374608085961,0.000789912307472187,0.977592677106914,0.999997068196745,0.999983379322086,"group_idyes"
"14623","AC027045.2","Exc L4-5 RORB GABRG1",0.130829771765198,1.5317854366056,1.45628254949952,0.228264005901558,0.999997068196745,0.999983379322086,"group_idyes"
"14624","GSG1L2","Exc L4-5 RORB GABRG1",0.0485194494093479,1.66547943615895,0.260508565832867,0.992981594063256,0.999997068196745,0.999983379322086,"group_idyes"
"14625","AC027045.3","Exc L4-5 RORB GABRG1",0.0474521553974334,1.23342812168259,0.132579494712973,0.7159724064257,0.999997068196745,0.999983379322086,"group_idyes"
"14626","GLP2R","Exc L4-5 RORB GABRG1",0.119501272560166,1.81489153653077,0.803274005576516,0.370676735855838,0.999997068196745,0.999983379322086,"group_idyes"
"14627","RCVRN","Exc L4-5 RORB GABRG1",0.0824203734031027,1.39560242117355,0.266695056956028,0.605854120394423,0.999997068196745,0.999983379322086,"group_idyes"
"14628","GAS7","Exc L4-5 RORB GABRG1",0.0115678506255772,8.41856824163764,0.14455399102494,0.704004865816132,0.999997068196745,0.999983379322086,"group_idyes"
"14629","AC005291.2","Exc L4-5 RORB GABRG1",-0.0392330393347708,0.444860287906351,0.0450715026415283,0.831985036548991,0.999997068196745,0.999983379322086,"group_idyes"
"14630","MYH13","Exc L4-5 RORB GABRG1",-0.111319689898159,1.54792379969646,0.623510595688031,0.430232088215257,0.999997068196745,0.999983379322086,"group_idyes"
"14631","MYHAS","Exc L4-5 RORB GABRG1",-0.159439743241315,0.166446083873809,0.820184749885035,0.365692959426127,0.999997068196745,0.999983379322086,"group_idyes"
"14632","MYH3","Exc L4-5 RORB GABRG1",0.108816433896738,1.31323284872599,1.05163355030117,0.30577549958198,0.999997068196745,0.999983379322086,"group_idyes"
"14633","SCO1","Exc L4-5 RORB GABRG1",0.0171879358954519,3.7776357617578,0.111555115786848,0.948427401485308,0.999997068196745,0.999983379322086,"group_idyes"
"14634","ADPRM","Exc L4-5 RORB GABRG1",-0.0437922943797878,2.67766797697641,0.46091604674197,0.519551365270437,0.999997068196745,0.999983379322086,"group_idyes"
"14635","TMEM220","Exc L4-5 RORB GABRG1",0.000813299496694759,2.33499976550951,7.67097370700025e-05,0.993016429307365,0.999997068196745,0.999983379322086,"group_idyes"
"14636","TMEM220-AS1","Exc L4-5 RORB GABRG1",0.057909358225013,3.09788702117841,0.317434565151969,0.573481692050375,0.999997068196745,0.999983379322086,"group_idyes"
"14637","AC015908.3","Exc L4-5 RORB GABRG1",0.00204362843655821,0.160231943105323,0.00141129067247465,0.97005228574123,0.999997068196745,0.999983379322086,"group_idyes"
"14638","AC015908.2","Exc L4-5 RORB GABRG1",-0.0924398904594056,1.24821557468774,0.354667848409484,0.551832750307389,0.999997068196745,0.999983379322086,"group_idyes"
"14639","SHISA6","Exc L4-5 RORB GABRG1",-0.138616218682486,6.16221341117975,2.58004890227698,0.109038732200606,0.999997068196745,0.999983379322086,"group_idyes"
"14640","DNAH9","Exc L4-5 RORB GABRG1",-0.0133576256275075,5.27125225505908,0.0745608159608935,0.784954939271144,0.999997068196745,0.999983379322086,"group_idyes"
"14641","AC005410.2","Exc L4-5 RORB GABRG1",-0.0650055324021316,2.51226869278502,0.59971231084095,0.439163456855291,0.999997068196745,0.999983379322086,"group_idyes"
"14642","ZNF18","Exc L4-5 RORB GABRG1",-0.0741061313179649,3.10401896215562,1.2192297978154,0.393744294655215,0.999997068196745,0.999983379322086,"group_idyes"
"14643","MAP2K4","Exc L4-5 RORB GABRG1",0.00943682558905832,7.96697693325156,0.0971432034199097,0.755454044722723,0.999997068196745,0.999983379322086,"group_idyes"
"14644","LINC00670","Exc L4-5 RORB GABRG1",-0.070927889341237,0.332530406789283,0.202959366479485,0.65259643076423,0.999997068196745,0.999983379322086,"group_idyes"
"14645","MYOCD","Exc L4-5 RORB GABRG1",-0.146616479522499,0.896763180107379,1.15580369969745,0.283011275095304,0.999997068196745,0.999983379322086,"group_idyes"
"14646","ARHGAP44","Exc L4-5 RORB GABRG1",-0.0124113158356961,7.83368057765393,0.197728751576991,0.656810455695094,0.999997068196745,0.999983379322086,"group_idyes"
"14647","ELAC2","Exc L4-5 RORB GABRG1",0.0513283342811758,3.75408601449242,0.968820526579265,0.335960625968905,0.999997068196745,0.999983379322086,"group_idyes"
"14648","HS3ST3A1","Exc L4-5 RORB GABRG1",-0.123417567233482,2.28875911324048,1.12355281117511,0.289819717976564,0.999997068196745,0.999983379322086,"group_idyes"
"14649","AC005304.1","Exc L4-5 RORB GABRG1",0.0209653512096447,1.02932795559635,0.0372621811097905,0.847034088992615,0.999997068196745,0.999983379322086,"group_idyes"
"14650","AC005304.3","Exc L4-5 RORB GABRG1",0.0387851679370178,2.14160614547704,0.227832750483607,0.633406525107632,0.999997068196745,0.999983379322086,"group_idyes"
"14651","COX10","Exc L4-5 RORB GABRG1",-0.00183087921388445,4.62910266682875,0.00148306255026579,0.969300594043266,0.999997068196745,0.999983379322086,"group_idyes"
"14652","AC005224.1","Exc L4-5 RORB GABRG1",0.191361289731331,1.98706687823887,4.73235948328304,0.0302084896113585,0.999997068196745,0.999983379322086,"group_idyes"
"14653","HS3ST3B1","Exc L4-5 RORB GABRG1",0.105470358812229,4.61085242185025,2.28242787626895,0.131667778252094,0.999997068196745,0.999983379322086,"group_idyes"
"14654","AC022816.1","Exc L4-5 RORB GABRG1",0.117064736037206,0.863737443725345,0.690570335761668,0.406485877104074,0.999997068196745,0.999983379322086,"group_idyes"
"14655","PMP22","Exc L4-5 RORB GABRG1",-0.0946373039245334,1.5449956361379,0.595576289201876,0.440744621451329,0.999997068196745,0.999983379322086,"group_idyes"
"14656","TEKT3","Exc L4-5 RORB GABRG1",0.0261247407466823,1.05524538025018,0.0429079464209738,0.836008293007896,0.999997068196745,0.999983379322086,"group_idyes"
"14657","AC005703.4","Exc L4-5 RORB GABRG1",-0.0279694062338587,2.3859970638023,0.105815386524908,0.74513633004608,0.999997068196745,0.999983379322086,"group_idyes"
"14658","AC005324.3","Exc L4-5 RORB GABRG1",-0.223457252972771,0.190851805286292,1.23728776914403,0.266688968160161,0.999997068196745,0.999983379322086,"group_idyes"
"14659","TRIM16","Exc L4-5 RORB GABRG1",-0.109229620493276,3.83584965631945,4.48920880098823,0.0347497725779706,0.999997068196745,0.999983379322086,"group_idyes"
"14660","AC005324.4","Exc L4-5 RORB GABRG1",-0.220699337231281,1.46837400032353,4.92148288709,0.02742067878845,0.999997068196745,0.999983379322086,"group_idyes"
"14661","ADORA2B","Exc L4-5 RORB GABRG1",0.0863282476956833,0.495707511182871,0.332974095187368,0.564250547771713,0.999997068196745,0.999983379322086,"group_idyes"
"14662","ZSWIM7","Exc L4-5 RORB GABRG1",-0.00749328837349759,4.78188077028354,0.0385639814469368,0.844418675262211,0.999997068196745,0.999983379322086,"group_idyes"
"14663","TTC19","Exc L4-5 RORB GABRG1",-0.0236247444051352,6.85194089517394,0.827748745147981,0.363493930455091,0.999997068196745,0.999983379322086,"group_idyes"
"14664","AC002553.2","Exc L4-5 RORB GABRG1",0.0257672557061889,1.81240167559934,0.0743065682940833,0.834165568301756,0.999997068196745,0.999983379322086,"group_idyes"
"14665","NCOR1","Exc L4-5 RORB GABRG1",-0.0101561432234384,7.8443126305972,0.225285995682676,0.635310739657138,0.999997068196745,0.999983379322086,"group_idyes"
"14666","PIGL","Exc L4-5 RORB GABRG1",-0.0853604611226117,6.200132029467,1.8573050315862,0.173733294968044,0.999997068196745,0.999983379322086,"group_idyes"
"14667","CENPV","Exc L4-5 RORB GABRG1",0.0278672473886493,5.28493426193359,0.389621872486964,0.532868176603728,0.999997068196745,0.999983379322086,"group_idyes"
"14668","UBB","Exc L4-5 RORB GABRG1",-0.0189031277825286,6.50241498395756,0.0278484389112561,0.867553310804965,0.999997068196745,0.999983379322086,"group_idyes"
"14669","TRPV2","Exc L4-5 RORB GABRG1",0.0363463801325268,1.9239560319596,0.126168948464589,0.722632401030202,0.999997068196745,0.999983379322086,"group_idyes"
"14670","LRRC75A","Exc L4-5 RORB GABRG1",-0.0695273926073625,4.25205457495796,1.95347240895382,0.163018531282297,0.999997068196745,0.999983379322086,"group_idyes"
"14671","ZNF287","Exc L4-5 RORB GABRG1",0.0245787981443977,2.88752414416033,0.211798681156358,0.95909820475871,0.999997068196745,0.999983379322086,"group_idyes"
"14672","ZNF624","Exc L4-5 RORB GABRG1",-0.0650892264670377,2.69003503738454,0.871904146706248,0.351014355805434,0.999997068196745,0.999983379322086,"group_idyes"
"14673","AC098850.3","Exc L4-5 RORB GABRG1",0.0684477215478831,6.86630971395516,1.16084637890599,0.281965176662606,0.999997068196745,0.999983379322086,"group_idyes"
"14674","AC104024.2","Exc L4-5 RORB GABRG1",-0.0709894462062734,2.44947514384024,0.448853307009968,0.503281912785039,0.999997068196745,0.999983379322086,"group_idyes"
"14675","MPRIP","Exc L4-5 RORB GABRG1",-0.0250596436269522,7.53100788411613,1.07242391035265,0.301049049300854,0.999997068196745,0.999983379322086,"group_idyes"
"14676","MPRIP-AS1","Exc L4-5 RORB GABRG1",-0.0454318959256552,1.36884921803097,0.119470421881335,0.729798487475059,0.999997068196745,0.999983379322086,"group_idyes"
"14677","AC055811.1","Exc L4-5 RORB GABRG1",-0.107714729742284,1.22505734700568,0.574106662635721,0.44909547121084,0.999997068196745,0.999983379322086,"group_idyes"
"14678","PLD6","Exc L4-5 RORB GABRG1",0.0204157233611343,2.84425891414212,0.0744361064043876,0.785130422803632,0.999997068196745,0.999983379322086,"group_idyes"
"14679","AC055811.2","Exc L4-5 RORB GABRG1",-0.0464286501052001,2.32369849216777,0.209897673659063,0.647106278907309,0.999997068196745,0.999983379322086,"group_idyes"
"14680","COPS3","Exc L4-5 RORB GABRG1",0.0361998047514674,4.54369280686065,0.569309675115373,0.45099495472035,0.999997068196745,0.999983379322086,"group_idyes"
"14681","NT5M","Exc L4-5 RORB GABRG1",0.00155557598682505,4.2725178117119,0.000739233444510213,0.978323207860854,0.999997068196745,0.999983379322086,"group_idyes"
"14682","MED9","Exc L4-5 RORB GABRG1",0.0235920223585585,5.11134838529699,0.445575046903571,0.799971895103785,0.999997068196745,0.999983379322086,"group_idyes"
"14683","RASD1","Exc L4-5 RORB GABRG1",0.170232819020642,5.84218702017759,3.40038960133841,0.0659497535929759,0.999997068196745,0.999983379322086,"group_idyes"
"14684","PEMT","Exc L4-5 RORB GABRG1",-0.0735507876602277,3.65289862189744,1.46243792323606,0.227285230573896,0.999997068196745,0.999983379322086,"group_idyes"
"14685","AC020558.1","Exc L4-5 RORB GABRG1",0.11953201028364,2.79488731764246,3.10735528265046,0.0787333340390867,0.999997068196745,0.999983379322086,"group_idyes"
"14686","RAI1","Exc L4-5 RORB GABRG1",-0.0166266444204909,6.56239959043457,0.145012555465388,0.703558023689537,0.999997068196745,0.999983379322086,"group_idyes"
"14687","SMCR5","Exc L4-5 RORB GABRG1",-0.0493176539489771,2.94984675300015,0.164893091688635,0.684916703413579,0.999997068196745,0.999983379322086,"group_idyes"
"14688","SREBF1","Exc L4-5 RORB GABRG1",-0.0555614343538516,4.16295029032482,1.00351815237206,0.317090345848776,0.999997068196745,0.999983379322086,"group_idyes"
"14689","TOM1L2","Exc L4-5 RORB GABRG1",-0.00993215451218181,7.11735944442035,0.140219353179752,0.708269348588063,0.999997068196745,0.999983379322086,"group_idyes"
"14690","DRC3","Exc L4-5 RORB GABRG1",-0.0819514327154625,3.95009201689091,2.0048954082498,0.157601161195883,0.999997068196745,0.999983379322086,"group_idyes"
"14691","ATPAF2","Exc L4-5 RORB GABRG1",-0.0346390296438907,4.85504563261896,0.989227048021245,0.320556491546675,0.999997068196745,0.999983379322086,"group_idyes"
"14692","GID4","Exc L4-5 RORB GABRG1",0.0207844992717639,3.93606417374541,0.354094740653674,0.935071784775378,0.999997068196745,0.999983379322086,"group_idyes"
"14693","DRG2","Exc L4-5 RORB GABRG1",-0.0658134830412229,4.05095339032429,2.22127346591807,0.136940110450893,0.999997068196745,0.999983379322086,"group_idyes"
"14694","MYO15A","Exc L4-5 RORB GABRG1",0.0383485176351585,3.83284154674656,0.530725352688089,0.466745257142896,0.999997068196745,0.999983379322086,"group_idyes"
"14695","AC087164.1","Exc L4-5 RORB GABRG1",-0.0542509704905192,2.13164656615486,0.2041672345604,0.651632619967488,0.999997068196745,0.999983379322086,"group_idyes"
"14696","ALKBH5","Exc L4-5 RORB GABRG1",0.0357230740091228,5.58711282228708,0.731578152751636,0.392904462828237,0.999997068196745,0.999983379322086,"group_idyes"
"14697","LLGL1","Exc L4-5 RORB GABRG1",-0.0929390729529511,1.98804909080743,0.787610734885166,0.375378023507792,0.999997068196745,0.999983379322086,"group_idyes"
"14698","FLII","Exc L4-5 RORB GABRG1",0.0131458114301055,3.61221347519714,0.06346987938433,0.801227924852303,0.999997068196745,0.999983379322086,"group_idyes"
"14699","MIEF2","Exc L4-5 RORB GABRG1",0.000566202577862483,2.90448282030241,9.57764518097441e-05,0.992196664583203,0.999997068196745,0.999983379322086,"group_idyes"
"14700","AC127537.1","Exc L4-5 RORB GABRG1",-0.0618031141430678,0.808018132493728,0.208939476220968,0.647857893373759,0.999997068196745,0.999983379322086,"group_idyes"
"14701","TOP3A","Exc L4-5 RORB GABRG1",-0.0250270559199724,5.1139155621072,0.382489242854014,0.536640005921239,0.999997068196745,0.999983379322086,"group_idyes"
"14702","SMCR8","Exc L4-5 RORB GABRG1",0.0551357626936155,3.91764452397203,1.41315869267303,0.235265968128027,0.999997068196745,0.999983379322086,"group_idyes"
"14703","SHMT1","Exc L4-5 RORB GABRG1",0.0215215585802554,3.82084917767033,0.159059993562428,0.690244700523326,0.999997068196745,0.999983379322086,"group_idyes"
"14704","LINC02076","Exc L4-5 RORB GABRG1",-0.175798711549524,0.293085443588806,0.780981220743725,0.377393114548439,0.999997068196745,0.999983379322086,"group_idyes"
"14705","ZNF286B","Exc L4-5 RORB GABRG1",0.0038290963954579,3.47929603781818,0.00460584502170575,0.945927260961288,0.999997068196745,0.999983379322086,"group_idyes"
"14706","TRIM16L","Exc L4-5 RORB GABRG1",-0.052650059010162,2.68324305636499,0.556604123683807,0.456087341160049,0.999997068196745,0.999983379322086,"group_idyes"
"14707","FBXW10","Exc L4-5 RORB GABRG1",-0.00526854583548183,0.780171870788734,0.00129776602911012,0.971281491367624,0.999997068196745,0.999983379322086,"group_idyes"
"14708","TVP23B","Exc L4-5 RORB GABRG1",-0.0547759745956712,3.05805625955653,0.732108229771269,0.757131252952883,0.999997068196745,0.999983379322086,"group_idyes"
"14709","AC107982.3","Exc L4-5 RORB GABRG1",0.0562721207728118,0.58595889803393,0.161012687697198,0.688448641953059,0.999997068196745,0.999983379322086,"group_idyes"
"14710","PRPSAP2","Exc L4-5 RORB GABRG1",0.00862740536768059,5.49543105459656,0.0695466446767143,0.792139204443042,0.999997068196745,0.999983379322086,"group_idyes"
"14711","SLC5A10","Exc L4-5 RORB GABRG1",-0.042971929959658,0.645331813648601,0.08766359281156,0.767328445893559,0.999997068196745,0.999983379322086,"group_idyes"
"14712","AC007952.4","Exc L4-5 RORB GABRG1",0.0196806205001684,0.842854172881517,0.0162624895645905,0.898591936798778,0.999997068196745,0.999983379322086,"group_idyes"
"14713","EPN2","Exc L4-5 RORB GABRG1",-0.0440148742730132,6.15848024809881,1.52120016410856,0.218190968882702,0.999997068196745,0.999983379322086,"group_idyes"
"14714","EPN2-AS1","Exc L4-5 RORB GABRG1",0.0459405199737142,0.862944302855413,0.0753915064598465,0.783790047280264,0.999997068196745,0.999983379322086,"group_idyes"
"14715","AC124066.1","Exc L4-5 RORB GABRG1",0.133076468025139,1.65527982333941,2.24496225743524,0.134870202554441,0.999997068196745,0.999983379322086,"group_idyes"
"14716","B9D1","Exc L4-5 RORB GABRG1",-0.0400211827242353,4.75262026690384,0.785553091721236,0.376001834281732,0.999997068196745,0.999983379322086,"group_idyes"
"14717","MAPK7","Exc L4-5 RORB GABRG1",0.145376552053077,1.51690698280893,2.44206331229193,0.310854065690019,0.999997068196745,0.999983379322086,"group_idyes"
"14718","RNF112","Exc L4-5 RORB GABRG1",-0.0536495775181791,4.20147779565786,1.19798221544564,0.274410102963858,0.999997068196745,0.999983379322086,"group_idyes"
"14719","AC004448.2","Exc L4-5 RORB GABRG1",0.117301107935927,2.250319848536,1.49091202847654,0.222822761542268,0.999997068196745,0.999983379322086,"group_idyes"
"14720","LINC02094","Exc L4-5 RORB GABRG1",8.88419507666343e-05,1.78837102571569,1.47809409797662e-10,0.99999030586876,0.999997068196745,0.999997068196745,"group_idyes"
"14721","SLC47A1","Exc L4-5 RORB GABRG1",-0.101754550424261,3.00670075378357,0.690393330329549,0.406545973318643,0.999997068196745,0.999983379322086,"group_idyes"
"14722","AC025627.1","Exc L4-5 RORB GABRG1",-0.113932258027193,1.25635743691576,0.92285648299053,0.337329418953388,0.999997068196745,0.999983379322086,"group_idyes"
"14723","ALDH3A2","Exc L4-5 RORB GABRG1",0.0385347663717607,5.39095029141227,0.820113101830748,0.365713877416839,0.999997068196745,0.999983379322086,"group_idyes"
"14724","SLC47A2","Exc L4-5 RORB GABRG1",-0.0412569364496919,1.27461605863655,0.110993558738943,0.739197286722036,0.999997068196745,0.999983379322086,"group_idyes"
"14725","ULK2","Exc L4-5 RORB GABRG1",-0.0303930099740203,6.46117139755328,1.07530518572143,0.300401502853682,0.999997068196745,0.999983379322086,"group_idyes"
"14726","AC015726.1","Exc L4-5 RORB GABRG1",0.0703998812258899,2.26783495789958,0.703830854939261,0.402020417374894,0.999997068196745,0.999983379322086,"group_idyes"
"14727","AKAP10","Exc L4-5 RORB GABRG1",-0.0123315400367896,6.38811348021508,0.22089595443808,0.638624385995382,0.999997068196745,0.999983379322086,"group_idyes"
"14728","SPECC1","Exc L4-5 RORB GABRG1",0.00732900675667554,6.74142594316031,0.0269154310136818,0.869770669776214,0.999997068196745,0.999983379322086,"group_idyes"
"14729","AC004702.1","Exc L4-5 RORB GABRG1",-0.0332257422072814,1.89535736083116,0.121559831082829,0.797809162287341,0.999997068196745,0.999983379322086,"group_idyes"
"14730","CCDC144NL","Exc L4-5 RORB GABRG1",-0.0585622806688634,3.89578198210377,0.353819538533881,0.552308571651069,0.999997068196745,0.999983379322086,"group_idyes"
"14731","AC090774.3","Exc L4-5 RORB GABRG1",-0.0344105094271343,2.04664872471566,0.139549641769747,0.708934900835116,0.999997068196745,0.999983379322086,"group_idyes"
"14732","CCDC144NL-AS1","Exc L4-5 RORB GABRG1",-0.0085814742865536,5.71724810681869,0.013910813210385,0.906173493386869,0.999997068196745,0.999983379322086,"group_idyes"
"14733","USP22","Exc L4-5 RORB GABRG1",-0.013498051418739,7.30145386808135,0.157439170336278,0.691745242381615,0.999997068196745,0.999983379322086,"group_idyes"
"14734","LINC01563","Exc L4-5 RORB GABRG1",0.0385107911972354,2.25094901273652,0.161764633129103,0.687760387264676,0.999997068196745,0.999983379322086,"group_idyes"
"14735","DHRS7B","Exc L4-5 RORB GABRG1",-0.0242394264225645,5.58361037510949,0.336854030859868,0.561990565609453,0.999997068196745,0.999983379322086,"group_idyes"
"14736","TMEM11","Exc L4-5 RORB GABRG1",-0.0225075162269974,3.34659765459061,0.0781695342510208,0.779943746105377,0.999997068196745,0.999983379322086,"group_idyes"
"14737","AC087294.1","Exc L4-5 RORB GABRG1",-0.0873357848030494,2.87683419840271,1.42180218611201,0.233841918778422,0.999997068196745,0.999983379322086,"group_idyes"
"14738","NATD1","Exc L4-5 RORB GABRG1",0.156402176316648,1.92197852183496,4.27187146351349,0.039416725814187,0.999997068196745,0.999983379322086,"group_idyes"
"14739","MAP2K3","Exc L4-5 RORB GABRG1",-0.0166858908192341,3.71790408471684,0.0871001460698852,0.768055804816405,0.999997068196745,0.999983379322086,"group_idyes"
"14740","KCNJ12","Exc L4-5 RORB GABRG1",0.0051382812057084,3.07797271090658,0.00585514657923098,0.939046030083205,0.999997068196745,0.999983379322086,"group_idyes"
"14741","C17orf51","Exc L4-5 RORB GABRG1",-0.0127636527612208,5.70391160413576,0.0980389408381381,0.75436546376835,0.999997068196745,0.999983379322086,"group_idyes"
"14742","AC138761.3","Exc L4-5 RORB GABRG1",-0.312997690468343,1.8940456875618,5.16925986214208,0.0235404143939173,0.999997068196745,0.999983379322086,"group_idyes"
"14743","MTRNR2L1","Exc L4-5 RORB GABRG1",-0.300418924981612,2.90118157983265,0.713431695014304,0.398831849675987,0.999997068196745,0.999983379322086,"group_idyes"
"14744","WSB1","Exc L4-5 RORB GABRG1",-0.0902972593084684,7.17725416518903,2.03781751035057,0.154240796046757,0.999997068196745,0.999983379322086,"group_idyes"
"14745","KSR1","Exc L4-5 RORB GABRG1",-0.0439869819001953,4.98063515555632,0.627888602839809,0.428619175111783,0.999997068196745,0.999983379322086,"group_idyes"
"14746","LGALS9","Exc L4-5 RORB GABRG1",0.26731242760755,0.76112252960307,2.57817842931842,0.109166733590487,0.999997068196745,0.999983379322086,"group_idyes"
"14747","NOS2","Exc L4-5 RORB GABRG1",0.170458644016338,2.20014323305504,4.68188987644654,0.0310971181637519,0.999997068196745,0.999983379322086,"group_idyes"
"14748","AC005697.1","Exc L4-5 RORB GABRG1",-0.0602483374632313,4.64822944881824,0.18904132876963,0.663959484658201,0.999997068196745,0.999983379322086,"group_idyes"
"14749","AC005697.2","Exc L4-5 RORB GABRG1",-0.142989998011876,1.25165989183457,0.546431931102235,0.460230040739565,0.999997068196745,0.999983379322086,"group_idyes"
"14750","LINC01992","Exc L4-5 RORB GABRG1",-0.154137280005894,0.567470900167215,1.00138952426865,0.31760348308776,0.999997068196745,0.999983379322086,"group_idyes"
"14751","NLK","Exc L4-5 RORB GABRG1",0.00438330308023453,8.2861518248827,0.0254311358881559,0.873381153686985,0.999997068196745,0.999983379322086,"group_idyes"
"14752","TMEM97","Exc L4-5 RORB GABRG1",0.0408043315767561,2.72858149311198,0.215079837538427,0.643076958007572,0.999997068196745,0.999983379322086,"group_idyes"
"14753","IFT20","Exc L4-5 RORB GABRG1",-0.0251118197345702,5.30822366557718,0.455643233253307,0.500072639104759,0.999997068196745,0.999983379322086,"group_idyes"
"14754","TNFAIP1","Exc L4-5 RORB GABRG1",0.0504060561958108,4.19546511767778,1.42018913182022,0.336504967113436,0.999997068196745,0.999983379322086,"group_idyes"
"14755","POLDIP2","Exc L4-5 RORB GABRG1",0.0294805468695187,4.42100067059171,0.266341124869201,0.606093275947683,0.999997068196745,0.999983379322086,"group_idyes"
"14756","TMEM199","Exc L4-5 RORB GABRG1",0.0384994480419618,3.31789502042849,0.33798399170346,0.561335659846022,0.999997068196745,0.999983379322086,"group_idyes"
"14757","SARM1","Exc L4-5 RORB GABRG1",-0.024715497681446,5.74708838687003,0.307775332408441,0.579370922477002,0.999997068196745,0.999983379322086,"group_idyes"
"14758","SLC46A1","Exc L4-5 RORB GABRG1",0.0282455476553715,2.37942931297719,0.153241945729992,0.695673012217662,0.999997068196745,0.999983379322086,"group_idyes"
"14759","AC005726.1","Exc L4-5 RORB GABRG1",0.097009089774552,6.13039476470815,2.18289787276594,0.140369602220725,0.999997068196745,0.999983379322086,"group_idyes"
"14760","AC005726.5","Exc L4-5 RORB GABRG1",-0.0257860118022894,3.441318919139,0.0220839369214881,0.881941883432707,0.999997068196745,0.999983379322086,"group_idyes"
"14761","KIAA0100","Exc L4-5 RORB GABRG1",-0.0129693139880086,4.88773182184025,0.097064458444578,0.755550005679207,0.999997068196745,0.999983379322086,"group_idyes"
"14762","SDF2","Exc L4-5 RORB GABRG1",-0.00755660199434515,3.74253589749909,0.0146887849641049,0.903598037521506,0.999997068196745,0.999983379322086,"group_idyes"
"14763","SUPT6H","Exc L4-5 RORB GABRG1",-0.00298773282215445,5.77602581792101,0.0117600979663917,0.913700045868048,0.999997068196745,0.999983379322086,"group_idyes"
"14764","PROCA1","Exc L4-5 RORB GABRG1",-0.0262178853499402,1.73308352183404,0.102284018845498,0.920720789138384,0.999997068196745,0.999983379322086,"group_idyes"
"14765","RPL23A","Exc L4-5 RORB GABRG1",-0.033782135842255,4.81312317191947,0.0743456105713092,0.785257861841656,0.999997068196745,0.999983379322086,"group_idyes"
"14766","NEK8","Exc L4-5 RORB GABRG1",-0.125731802028424,0.892781051117538,1.0413518981954,0.308148517388531,0.999997068196745,0.999983379322086,"group_idyes"
"14767","TRAF4","Exc L4-5 RORB GABRG1",-0.0547423796276273,1.18453828663634,0.250293680036849,0.617154410855753,0.999997068196745,0.999983379322086,"group_idyes"
"14768","FAM222B","Exc L4-5 RORB GABRG1",-0.0123046205204496,6.92585774658254,0.0718891839136544,0.78874942897111,0.999997068196745,0.999983379322086,"group_idyes"
"14769","ERAL1","Exc L4-5 RORB GABRG1",-0.0454814535555952,3.79261965978767,0.635581830042762,0.425806959091008,0.999997068196745,0.999983379322086,"group_idyes"
"14770","FLOT2","Exc L4-5 RORB GABRG1",0.0405032315660299,5.19377353330314,0.773678262856714,0.379630614642619,0.999997068196745,0.999983379322086,"group_idyes"
"14771","DHRS13","Exc L4-5 RORB GABRG1",-0.117801839567553,1.10439578255518,0.969575717127813,0.32540484312657,0.999997068196745,0.999983379322086,"group_idyes"
"14772","PHF12","Exc L4-5 RORB GABRG1",-0.0184274759386833,5.00756286189272,0.300945472995307,0.583608497229011,0.999997068196745,0.999983379322086,"group_idyes"
"14773","AC024267.4","Exc L4-5 RORB GABRG1",-0.00115355326270027,0.644043283162337,4.42278479226022e-07,0.999469719416852,0.999997068196745,0.999983379322086,"group_idyes"
"14774","PIPOX","Exc L4-5 RORB GABRG1",-0.0499905303131823,2.88820139311304,0.427963524846108,0.513380761735845,0.999997068196745,0.999983379322086,"group_idyes"
"14775","SEZ6","Exc L4-5 RORB GABRG1",-0.0452220654867024,4.09312401660941,0.574730026364641,0.448849552849796,0.999997068196745,0.999983379322086,"group_idyes"
"14776","MYO18A","Exc L4-5 RORB GABRG1",-0.0878787672652496,5.19313987337414,2.43680488696798,0.119339581906067,0.999997068196745,0.999983379322086,"group_idyes"
"14777","AC024619.3","Exc L4-5 RORB GABRG1",-0.072338872318319,1.51744154446132,0.243277867623825,0.62213003828186,0.999997068196745,0.999983379322086,"group_idyes"
"14778","NUFIP2","Exc L4-5 RORB GABRG1",0.0171051276901481,6.20124297429764,0.205988752112482,0.650185625246275,0.999997068196745,0.999983379322086,"group_idyes"
"14779","AC068025.2","Exc L4-5 RORB GABRG1",-0.034838397944283,0.407468164744634,0.0469359713992939,0.889457189352946,0.999997068196745,0.999983379322086,"group_idyes"
"14780","AC068025.1","Exc L4-5 RORB GABRG1",0.0766460820438244,0.56043938704739,0.231663916554152,0.630566428524174,0.999997068196745,0.999983379322086,"group_idyes"
"14781","TAOK1","Exc L4-5 RORB GABRG1",-0.0274370280662462,7.2619412083058,1.22164123476337,0.269729511208724,0.999997068196745,0.999983379322086,"group_idyes"
"14782","ABHD15-AS1","Exc L4-5 RORB GABRG1",0.00343255013207218,3.25508693315518,0.00141129089905349,0.970052283338352,0.999997068196745,0.999983379322086,"group_idyes"
"14783","GIT1","Exc L4-5 RORB GABRG1",-0.00525838575137724,5.47833523743178,0.015451829752677,0.901138400220833,0.999997068196745,0.999983379322086,"group_idyes"
"14784","CORO6","Exc L4-5 RORB GABRG1",-0.0459886742578396,5.77117403746545,0.816007816005635,0.366915220207341,0.999997068196745,0.999983379322086,"group_idyes"
"14785","SSH2","Exc L4-5 RORB GABRG1",-0.0418257243608988,7.97841356223181,1.61229507243685,0.204936960088833,0.999997068196745,0.999983379322086,"group_idyes"
"14786","AC023389.1","Exc L4-5 RORB GABRG1",-0.115212707921254,2.63777113054088,1.40730598404452,0.236236204042261,0.999997068196745,0.999983379322086,"group_idyes"
"14787","EFCAB5","Exc L4-5 RORB GABRG1",-0.0037009486169377,4.38436683863122,0.00388746026872044,0.950316887622782,0.999997068196745,0.999983379322086,"group_idyes"
"14788","AC104984.2","Exc L4-5 RORB GABRG1",0.119878885631233,1.47735199230014,1.1592635897577,0.282292995719329,0.999997068196745,0.999983379322086,"group_idyes"
"14789","NSRP1","Exc L4-5 RORB GABRG1",-0.0182991589914723,5.40455752690612,0.304931603430544,0.581127777504906,0.999997068196745,0.999983379322086,"group_idyes"
"14790","AC104984.3","Exc L4-5 RORB GABRG1",0.0369669368198182,0.734079249348364,0.0504439104055763,0.822411863752895,0.999997068196745,0.999983379322086,"group_idyes"
"14791","SLC6A4","Exc L4-5 RORB GABRG1",-0.252090025272631,0.844823134253557,3.59436911351475,0.058724726209232,0.999997068196745,0.999983379322086,"group_idyes"
"14792","BLMH","Exc L4-5 RORB GABRG1",-0.0176873161355997,4.68075534903527,0.21389078432551,0.643996238223278,0.999997068196745,0.999983379322086,"group_idyes"
"14793","CPD","Exc L4-5 RORB GABRG1",0.0139187089779993,6.35212875767388,0.199812974795651,0.805269605858289,0.999997068196745,0.999983379322086,"group_idyes"
"14794","GOSR1","Exc L4-5 RORB GABRG1",-0.0176046525536663,5.9346509863385,0.467214999079288,0.494682642769726,0.999997068196745,0.999983379322086,"group_idyes"
"14795","AC127024.2","Exc L4-5 RORB GABRG1",-0.12760110136246,4.20602126928226,2.29226222385452,0.130841357047108,0.999997068196745,0.999983379322086,"group_idyes"
"14796","CRLF3","Exc L4-5 RORB GABRG1",-0.0384664919878931,6.22885538893862,0.312883221399658,0.576241764970345,0.999997068196745,0.999983379322086,"group_idyes"
"14797","AC127024.5","Exc L4-5 RORB GABRG1",0.0337325713585192,2.19961338850536,0.139132194018198,0.70935067752223,0.999997068196745,0.999983379322086,"group_idyes"
"14798","AC127024.6","Exc L4-5 RORB GABRG1",0.0126827407250937,2.04490743714555,0.0156180883729429,0.900610713128992,0.999997068196745,0.999983379322086,"group_idyes"
"14799","ATAD5","Exc L4-5 RORB GABRG1",-0.00410485725934585,4.35295794646184,0.00607277441806717,0.937925832425317,0.999997068196745,0.999983379322086,"group_idyes"
"14800","AC130324.2","Exc L4-5 RORB GABRG1",0.112696336655715,4.42713661803613,2.41934578356987,0.120667168113718,0.999997068196745,0.999983379322086,"group_idyes"
"14801","TEFM","Exc L4-5 RORB GABRG1",0.0110530094878435,5.08151409094643,0.0884225536679108,0.766352704119691,0.999997068196745,0.999983379322086,"group_idyes"
"14802","ADAP2","Exc L4-5 RORB GABRG1",0.0325822224638366,2.40357800254649,0.175674957481667,0.675350681671973,0.999997068196745,0.999983379322086,"group_idyes"
"14803","RNF135","Exc L4-5 RORB GABRG1",0.150715760234448,0.565438770226452,1.09195351755324,0.296694884611732,0.999997068196745,0.999983379322086,"group_idyes"
"14804","NF1","Exc L4-5 RORB GABRG1",-0.0455103224749911,8.16610363118969,2.7660975487234,0.0970949844053542,0.999997068196745,0.999983379322086,"group_idyes"
"14805","OMG","Exc L4-5 RORB GABRG1",0.0922560843665199,5.45699936151601,2.77138875177919,0.0967769953137888,0.999997068196745,0.999983379322086,"group_idyes"
"14806","RAB11FIP4","Exc L4-5 RORB GABRG1",-0.0422361084251929,6.94347263448068,3.11936472450893,0.0781599437111296,0.999997068196745,0.999983379322086,"group_idyes"
"14807","AC007923.4","Exc L4-5 RORB GABRG1",0.105343046655428,0.645846727569122,0.592437545145357,0.441950395924114,0.999997068196745,0.999983379322086,"group_idyes"
"14808","COPRS","Exc L4-5 RORB GABRG1",0.0339442671118648,4.91551830755045,0.179382594388823,0.672141042657577,0.999997068196745,0.999983379322086,"group_idyes"
"14809","UTP6","Exc L4-5 RORB GABRG1",-0.0459223503234475,4.82413879376181,1.46814873695631,0.226381667148496,0.999997068196745,0.999983379322086,"group_idyes"
"14810","AC004253.1","Exc L4-5 RORB GABRG1",-0.0901142040213264,1.93579448818761,0.394184953781188,0.53048025292106,0.999997068196745,0.999983379322086,"group_idyes"
"14811","SUZ12","Exc L4-5 RORB GABRG1",-0.00156292347390919,6.7576210182725,0.002946668092438,0.956737693982601,0.999997068196745,0.999983379322086,"group_idyes"
"14812","LRRC37B","Exc L4-5 RORB GABRG1",-0.00963855207619315,6.6138873587563,0.0529619690245081,0.818109433499524,0.999997068196745,0.999983379322086,"group_idyes"
"14813","AC116407.2","Exc L4-5 RORB GABRG1",-0.0108011697546259,1.93557348828038,0.0109616420197765,0.916670119698068,0.999997068196745,0.999983379322086,"group_idyes"
"14814","RHOT1","Exc L4-5 RORB GABRG1",0.0192420279401398,7.30457082407264,0.518658430586113,0.471851821730188,0.999997068196745,0.999983379322086,"group_idyes"
"14815","RHBDL3","Exc L4-5 RORB GABRG1",-0.0364885967641722,7.40541607922815,0.398995980831848,0.527983363803793,0.999997068196745,0.999983379322086,"group_idyes"
"14816","C17orf75","Exc L4-5 RORB GABRG1",0.0410533349681571,4.10047513743387,0.965874042475477,0.326328966766484,0.999997068196745,0.999983379322086,"group_idyes"
"14817","ZNF207","Exc L4-5 RORB GABRG1",0.0177372718602445,6.99704287679279,0.612598899717007,0.434292437560718,0.999997068196745,0.999983379322086,"group_idyes"
"14818","AC005899.6","Exc L4-5 RORB GABRG1",0.0351379486088553,1.1848622031042,0.10152777651868,0.750176796284112,0.999997068196745,0.999983379322086,"group_idyes"
"14819","AC005899.7","Exc L4-5 RORB GABRG1",-0.06327668507766,2.01174553243281,0.533494593276721,0.703644513097895,0.999997068196745,0.999983379322086,"group_idyes"
"14820","AC005899.5","Exc L4-5 RORB GABRG1",-0.0508068707187882,2.2309937962155,0.310879887083539,0.577465012634014,0.999997068196745,0.999983379322086,"group_idyes"
"14821","AC005899.8","Exc L4-5 RORB GABRG1",-0.0992566111402472,2.36258351626842,0.633094609914435,0.426713094013142,0.999997068196745,0.999983379322086,"group_idyes"
"14822","AC005899.1","Exc L4-5 RORB GABRG1",-0.115126554242879,1.431925087527,1.32506896841123,0.250399248121691,0.999997068196745,0.999983379322086,"group_idyes"
"14823","PSMD11","Exc L4-5 RORB GABRG1",0.0219473797110754,5.83472607001847,0.528089928168994,0.568562766668477,0.999997068196745,0.999983379322086,"group_idyes"
"14824","CDK5R1","Exc L4-5 RORB GABRG1",0.0276148319376981,6.50218413450756,0.309982932187692,0.578014374474736,0.999997068196745,0.999983379322086,"group_idyes"
"14825","MYO1D","Exc L4-5 RORB GABRG1",-0.0186080865611219,6.82098652765727,0.189479014612625,0.663594674593994,0.999997068196745,0.999983379322086,"group_idyes"
"14826","AC079336.4","Exc L4-5 RORB GABRG1",0.0863088170165717,1.14012549614272,0.362503555962684,0.54747375926786,0.999997068196745,0.999983379322086,"group_idyes"
"14827","AC025211.1","Exc L4-5 RORB GABRG1",0.0477580707056175,0.83890047312885,0.115137313204816,0.734554651298811,0.999997068196745,0.999983379322086,"group_idyes"
"14828","TMEM98","Exc L4-5 RORB GABRG1",-0.0361519523679122,0.485336149523758,0.0443516666477935,0.833312190618725,0.999997068196745,0.999983379322086,"group_idyes"
"14829","SPACA3","Exc L4-5 RORB GABRG1",0.17613867080938,0.183191719979019,0.697232689611692,0.404233327867815,0.999997068196745,0.999983379322086,"group_idyes"
"14830","ASIC2","Exc L4-5 RORB GABRG1",-0.0221449569180747,9.08688901603327,0.175250484235697,0.675720675320233,0.999997068196745,0.999983379322086,"group_idyes"
"14831","AC011824.2","Exc L4-5 RORB GABRG1",0.015556071361062,1.66584422912844,0.0115076270645977,0.914627838412322,0.999997068196745,0.999983379322086,"group_idyes"
"14832","AC004147.2","Exc L4-5 RORB GABRG1",-0.180702077365024,0.67740103573963,1.77395194412104,0.183682238953321,0.999997068196745,0.999983379322086,"group_idyes"
"14833","LINC01989","Exc L4-5 RORB GABRG1",-0.108574982007437,0.861523060483376,0.718504492219246,0.397161913369104,0.999997068196745,0.999983379322086,"group_idyes"
"14834","TMEM132E","Exc L4-5 RORB GABRG1",-0.096301152647175,3.53793779747754,1.99480092036147,0.158648174823676,0.999997068196745,0.999983379322086,"group_idyes"
"14835","CCT6B","Exc L4-5 RORB GABRG1",-0.0497873271535533,2.65468407092557,0.327808226388235,0.567286969232275,0.999997068196745,0.999983379322086,"group_idyes"
"14836","ZNF830","Exc L4-5 RORB GABRG1",0.103690801538016,3.54252610582971,2.72024214998965,0.0998991984843933,0.999997068196745,0.999983379322086,"group_idyes"
"14837","LIG3","Exc L4-5 RORB GABRG1",-0.00918271259959218,3.7698132860186,0.0481533590667342,0.836292581611389,0.999997068196745,0.999983379322086,"group_idyes"
"14838","RFFL","Exc L4-5 RORB GABRG1",-0.0498731573472377,2.80450845339786,0.800338624783151,0.37155147176519,0.999997068196745,0.999983379322086,"group_idyes"
"14839","AC004223.3","Exc L4-5 RORB GABRG1",-0.0958580346713185,0.63650451578437,0.477142934010495,0.490135841550618,0.999997068196745,0.999983379322086,"group_idyes"
"14840","NLE1","Exc L4-5 RORB GABRG1",0.0616345106297709,2.22552861679411,0.782594369439379,0.84850822070664,0.999997068196745,0.999983379322086,"group_idyes"
"14841","AC022916.1","Exc L4-5 RORB GABRG1",0.00825927573174678,0.628516599545135,0.00336934436637849,0.95374208067777,0.999997068196745,0.999983379322086,"group_idyes"
"14842","SLFN5","Exc L4-5 RORB GABRG1",0.0718633425480024,3.07570629757748,1.27920276192679,0.258751854877647,0.999997068196745,0.999983379322086,"group_idyes"
"14843","LINC02001","Exc L4-5 RORB GABRG1",-0.0846533704840505,3.81655459996691,3.33852042801026,0.0684499743659518,0.999997068196745,0.999983379322086,"group_idyes"
"14844","PEX12","Exc L4-5 RORB GABRG1",0.079627741689309,1.62903221121397,0.525732812045206,0.468847182614291,0.999997068196745,0.999983379322086,"group_idyes"
"14845","AP2B1","Exc L4-5 RORB GABRG1",-0.0559492863090866,6.70037292220837,3.22457681755357,0.0733251131181379,0.999997068196745,0.999983379322086,"group_idyes"
"14846","TAF15","Exc L4-5 RORB GABRG1",-0.0242894072745846,7.43515712247465,0.673026533882178,0.412506396382367,0.999997068196745,0.999983379322086,"group_idyes"
"14847","GAS2L2","Exc L4-5 RORB GABRG1",-0.0166809246624763,0.811391073258095,0.0192021752277431,0.889860940531757,0.999997068196745,0.999983379322086,"group_idyes"
"14848","MMP28","Exc L4-5 RORB GABRG1",0.0385309440235103,2.7062619727172,0.270784271088183,0.6031054777775,0.999997068196745,0.999983379322086,"group_idyes"
"14849","AC015849.3","Exc L4-5 RORB GABRG1",-0.0459688445542696,2.97394459657792,0.103734241081004,0.747568534044726,0.999997068196745,0.999983379322086,"group_idyes"
"14850","HEATR9","Exc L4-5 RORB GABRG1",0.196785261448399,1.03795619114793,2.08975127571849,0.149104276019766,0.999997068196745,0.999983379322086,"group_idyes"
"14851","AC015849.1","Exc L4-5 RORB GABRG1",0.136452423188261,1.8131218782984,1.01489437906656,0.314366319504934,0.999997068196745,0.999983379322086,"group_idyes"
"14852","RDM1","Exc L4-5 RORB GABRG1",0.203196209806712,0.101293867997945,1.26352022541237,0.261686669552923,0.999997068196745,0.999983379322086,"group_idyes"
"14853","AC243829.2","Exc L4-5 RORB GABRG1",-0.629154089948737,1.53984535454459,5.3327566503408,0.0214572719786197,0.999997068196745,0.999983379322086,"group_idyes"
"14854","TBC1D3B","Exc L4-5 RORB GABRG1",-0.0837869632160423,0.765580649546273,0.294839970270237,0.587449960843222,0.999997068196745,0.999983379322086,"group_idyes"
"14855","AC243829.1","Exc L4-5 RORB GABRG1",-0.105387775467602,4.91757595989791,1.00562106243686,0.31658447787812,0.999997068196745,0.999983379322086,"group_idyes"
"14856","CCL3L1","Exc L4-5 RORB GABRG1",-0.0749698977877655,0.642216326546649,0.0705438837634983,0.790688789174344,0.999997068196745,0.999983379322086,"group_idyes"
"14857","CCL4L2","Exc L4-5 RORB GABRG1",0.0294215733213619,1.24125299170712,0.0456174622249737,0.830985826680189,0.999997068196745,0.999983379322086,"group_idyes"
"14858","ZNHIT3","Exc L4-5 RORB GABRG1",-0.00314120981955062,4.27650235871692,0.00256004746158544,0.959672981910083,0.999997068196745,0.999983379322086,"group_idyes"
"14859","MYO19","Exc L4-5 RORB GABRG1",-0.0578573394497878,5.3318590722609,1.88971661993152,0.17003400200631,0.999997068196745,0.999983379322086,"group_idyes"
"14860","PIGW","Exc L4-5 RORB GABRG1",0.0399738028297822,1.36667556209268,0.134087649661577,0.917048234896027,0.999997068196745,0.999983379322086,"group_idyes"
"14861","GGNBP2","Exc L4-5 RORB GABRG1",-0.00526067319353103,5.82374362902653,0.0268805308551056,0.869854372509764,0.999997068196745,0.999983379322086,"group_idyes"
"14862","DHRS11","Exc L4-5 RORB GABRG1",-0.0444867128136007,3.66197668914362,0.319429645230134,0.572280028957317,0.999997068196745,0.999983379322086,"group_idyes"
"14863","MRM1","Exc L4-5 RORB GABRG1",-0.0645610930149014,2.32535959722831,0.764963561001892,0.382325291610294,0.999997068196745,0.999983379322086,"group_idyes"
"14864","AC243830.2","Exc L4-5 RORB GABRG1",-0.0254352365885367,1.2749697968128,0.0545921432902723,0.815381277266686,0.999997068196745,0.999983379322086,"group_idyes"
"14865","AATF","Exc L4-5 RORB GABRG1",0.0126077995055228,4.76099280701754,0.0932448882202976,0.76025692661873,0.999997068196745,0.999983379322086,"group_idyes"
"14866","ACACA","Exc L4-5 RORB GABRG1",-0.0307050637860705,7.38599691286046,0.755251048349478,0.385360613881318,0.999997068196745,0.999983379322086,"group_idyes"
"14867","C17orf78","Exc L4-5 RORB GABRG1",0.0161149721380822,0.943077098188406,0.0159701793148061,0.899502551461891,0.999997068196745,0.999983379322086,"group_idyes"
"14868","TADA2A","Exc L4-5 RORB GABRG1",-0.0888815839168522,5.37184440681221,6.98128048826742,0.00857282695070653,0.999997068196745,0.999983379322086,"group_idyes"
"14869","DUSP14","Exc L4-5 RORB GABRG1",0.017740361533933,3.87672956029646,0.101801813311824,0.896649487534722,0.999997068196745,0.999983379322086,"group_idyes"
"14870","SYNRG","Exc L4-5 RORB GABRG1",0.012030156285991,5.88726804493106,0.210269091116077,0.662728061786817,0.999997068196745,0.999983379322086,"group_idyes"
"14871","DDX52","Exc L4-5 RORB GABRG1",-0.0165241767696221,4.79565812505281,0.266551556679077,0.99551534812876,0.999997068196745,0.999983379322086,"group_idyes"
"14872","AC243571.2","Exc L4-5 RORB GABRG1",-0.0869903305045552,1.64826235880626,0.580515897156586,0.446576992319182,0.999997068196745,0.999983379322086,"group_idyes"
"14873","TBC1D3L","Exc L4-5 RORB GABRG1",-0.0331736405490947,0.694174057930531,0.0411458134134824,0.839363955512373,0.999997068196745,0.999983379322086,"group_idyes"
"14874","TBC1D3D","Exc L4-5 RORB GABRG1",0.0746917932928022,1.08828161956173,0.0517685935717033,0.820134740125229,0.999997068196745,0.999983379322086,"group_idyes"
"14875","TBC1D3","Exc L4-5 RORB GABRG1",0.466793540149012,0.270356129313402,2.21988948743309,0.137062140622948,0.999997068196745,0.999983379322086,"group_idyes"
"14876","MRPL45","Exc L4-5 RORB GABRG1",0.0150400135008381,4.69123743286274,0.150864540921768,0.69792538156064,0.999997068196745,0.999983379322086,"group_idyes"
"14877","SOCS7","Exc L4-5 RORB GABRG1",-0.00200302391734647,6.17444329507651,0.00435294275721035,0.947430538411545,0.999997068196745,0.999983379322086,"group_idyes"
"14878","ARHGAP23","Exc L4-5 RORB GABRG1",0.0490543247377087,3.60560106208235,0.68170681220976,0.409511290205031,0.999997068196745,0.999983379322086,"group_idyes"
"14879","SRCIN1","Exc L4-5 RORB GABRG1",0.0180616716284157,7.12908490842708,0.169987218272035,0.680352803359326,0.999997068196745,0.999983379322086,"group_idyes"
"14880","EPOP","Exc L4-5 RORB GABRG1",-0.0181844015103135,3.51108901983911,0.0694155350474313,0.79233071984635,0.999997068196745,0.999983379322086,"group_idyes"
"14881","AC006449.6","Exc L4-5 RORB GABRG1",0.331984724474296,0.595822045005985,4.73706590115246,0.0301269890089918,0.999997068196745,0.999983379322086,"group_idyes"
"14882","MLLT6","Exc L4-5 RORB GABRG1",-0.0270739441850507,5.72520901762531,0.747295901713557,0.387872373571953,0.999997068196745,0.999983379322086,"group_idyes"
"14883","CISD3","Exc L4-5 RORB GABRG1",-0.136384119859817,2.48699119130038,2.8123845740082,0.0943514855390636,0.999997068196745,0.999983379322086,"group_idyes"
"14884","PCGF2","Exc L4-5 RORB GABRG1",0.0887012835806352,4.34143127876706,4.09571514016161,0.0436827848986778,0.999997068196745,0.999983379322086,"group_idyes"
"14885","AC006449.5","Exc L4-5 RORB GABRG1",0.124708893855415,0.689129468156289,0.755385656049829,0.385318312714844,0.999997068196745,0.999983379322086,"group_idyes"
"14886","PSMB3","Exc L4-5 RORB GABRG1",-0.020621655038707,3.97310421147762,0.080295056331476,0.777050371621259,0.999997068196745,0.999983379322086,"group_idyes"
"14887","PIP4K2B","Exc L4-5 RORB GABRG1",0.0167831152971549,6.61276262012616,0.1828618934194,0.669164471675246,0.999997068196745,0.999983379322086,"group_idyes"
"14888","CWC25","Exc L4-5 RORB GABRG1",-0.000304316329779292,4.4350209497287,3.61808900232747e-05,0.99520382687928,0.999997068196745,0.999983379322086,"group_idyes"
"14889","RPL23","Exc L4-5 RORB GABRG1",-0.0261521907841521,4.58677581040037,0.0767353356991474,0.7819200963082,0.999997068196745,0.999983379322086,"group_idyes"
"14890","LASP1","Exc L4-5 RORB GABRG1",0.0127066182947753,5.19086611392903,0.159617808015015,0.689730332286091,0.999997068196745,0.999983379322086,"group_idyes"
"14891","LINC00672","Exc L4-5 RORB GABRG1",0.0573080020304816,4.39048621680894,0.918849009612962,0.338379355526546,0.999997068196745,0.999983379322086,"group_idyes"
"14892","FBXO47","Exc L4-5 RORB GABRG1",-0.0503355772516716,0.424080774957894,0.075587315074368,0.783516467864287,0.999997068196745,0.999983379322086,"group_idyes"
"14893","PLXDC1","Exc L4-5 RORB GABRG1",-0.0421296297839301,4.70803611028334,1.2179623273478,0.270450714015604,0.999997068196745,0.999983379322086,"group_idyes"
"14894","ARL5C","Exc L4-5 RORB GABRG1",-0.151791752110812,0.438932967476348,0.804692502233457,0.370255059882303,0.999997068196745,0.999983379322086,"group_idyes"
"14895","CACNB1","Exc L4-5 RORB GABRG1",0.000106056511363811,4.80133949201618,4.96150491357791e-06,0.998223913119202,0.999997068196745,0.999983379322086,"group_idyes"
"14896","RPL19","Exc L4-5 RORB GABRG1",0.0313612187418184,5.28982986618618,0.0763513045107911,0.782452668333392,0.999997068196745,0.999983379322086,"group_idyes"
"14897","STAC2","Exc L4-5 RORB GABRG1",-0.00235646886550229,5.58684422170346,0.00238040467355045,0.961112454599269,0.999997068196745,0.999983379322086,"group_idyes"
"14898","FBXL20","Exc L4-5 RORB GABRG1",-0.0127228148961737,7.58200405705786,0.12480534197661,0.724073532104176,0.999997068196745,0.999983379322086,"group_idyes"
"14899","MED1","Exc L4-5 RORB GABRG1",0.0404760538313636,4.63875539632516,1.53883805499899,0.329981154057727,0.999997068196745,0.999983379322086,"group_idyes"
"14900","CDK12","Exc L4-5 RORB GABRG1",-0.00833623199038559,6.54270346810074,0.0781788700111565,0.779930945570775,0.999997068196745,0.999983379322086,"group_idyes"
"14901","AC009283.1","Exc L4-5 RORB GABRG1",0.0837783554565752,1.53775685838539,0.782350923564611,0.453073382090583,0.999997068196745,0.999983379322086,"group_idyes"
"14902","NEUROD2","Exc L4-5 RORB GABRG1",0.0348902591268513,6.08133850640854,0.284155063051796,0.594298461394687,0.999997068196745,0.999983379322086,"group_idyes"
"14903","PPP1R1B","Exc L4-5 RORB GABRG1",-0.0364854719918663,4.77658359300028,0.249656457925486,0.617602707654347,0.999997068196745,0.999983379322086,"group_idyes"
"14904","STARD3","Exc L4-5 RORB GABRG1",-0.0271589576147572,5.03177915992009,0.583218385929247,0.445521641823261,0.999997068196745,0.999983379322086,"group_idyes"
"14905","TCAP","Exc L4-5 RORB GABRG1",-0.0540513153585946,2.49763107545332,0.307186748857496,0.579733675799074,0.999997068196745,0.999983379322086,"group_idyes"
"14906","PNMT","Exc L4-5 RORB GABRG1",0.0486699833940346,1.61246009818351,0.233034608122661,0.629557343803793,0.999997068196745,0.999983379322086,"group_idyes"
"14907","PGAP3","Exc L4-5 RORB GABRG1",0.0145378070217697,4.01634356441014,0.069575593070869,0.792096944767287,0.999997068196745,0.999983379322086,"group_idyes"
"14908","ERBB2","Exc L4-5 RORB GABRG1",0.0235937716128235,1.20579045224539,0.0502210030083185,0.822798116253398,0.999997068196745,0.999983379322086,"group_idyes"
"14909","MIEN1","Exc L4-5 RORB GABRG1",0.00767731761268578,4.12594850217634,0.00553207664735457,0.940748324987711,0.999997068196745,0.999983379322086,"group_idyes"
"14910","GRB7","Exc L4-5 RORB GABRG1",0.0646014514572684,3.52008834861737,1.07570086317368,0.300312717675174,0.999997068196745,0.999983379322086,"group_idyes"
"14911","IKZF3","Exc L4-5 RORB GABRG1",0.215652318930135,0.869508462671051,2.98549310204807,0.0848161417051549,0.999997068196745,0.999983379322086,"group_idyes"
"14912","GSDMB","Exc L4-5 RORB GABRG1",-0.00433039781085796,5.21669415202905,0.00998081182378615,0.92047256727865,0.999997068196745,0.999983379322086,"group_idyes"
"14913","ORMDL3","Exc L4-5 RORB GABRG1",0.0128100440807851,3.56834154121932,0.047411262357648,0.82774613935842,0.999997068196745,0.999983379322086,"group_idyes"
"14914","GSDMA","Exc L4-5 RORB GABRG1",-0.207516004091685,0.277102783561888,1.44356528204213,0.23030236096029,0.999997068196745,0.999983379322086,"group_idyes"
"14915","PSMD3","Exc L4-5 RORB GABRG1",0.0155344027545556,5.21964450567218,0.0936032996037508,0.759810815165769,0.999997068196745,0.999983379322086,"group_idyes"
"14916","MED24","Exc L4-5 RORB GABRG1",0.019852467901532,5.22722364034945,0.354438955221028,0.551961061648148,0.999997068196745,0.999983379322086,"group_idyes"
"14917","THRA","Exc L4-5 RORB GABRG1",0.0107042121317912,5.69279262704389,0.0737112962102798,0.786153471574331,0.999997068196745,0.999983379322086,"group_idyes"
"14918","NR1D1","Exc L4-5 RORB GABRG1",0.0823765638333222,5.55262343365847,1.44792979231765,0.229600338014122,0.999997068196745,0.999983379322086,"group_idyes"
"14919","MSL1","Exc L4-5 RORB GABRG1",0.0199032672335698,5.721552637026,0.462007343261268,0.547530695481027,0.999997068196745,0.999983379322086,"group_idyes"
"14920","CASC3","Exc L4-5 RORB GABRG1",0.0132533068843091,5.78831668662023,0.206731444045522,0.649597853169939,0.999997068196745,0.999983379322086,"group_idyes"
"14921","RAPGEFL1","Exc L4-5 RORB GABRG1",-0.014931500111636,6.19991838040746,0.191667403786059,0.661778139492555,0.999997068196745,0.999983379322086,"group_idyes"
"14922","WIPF2","Exc L4-5 RORB GABRG1",0.00434087245785847,7.26581521756731,0.036080936710702,0.849448626317093,0.999997068196745,0.999983379322086,"group_idyes"
"14923","CDC6","Exc L4-5 RORB GABRG1",0.0331383732215819,1.95749056708679,0.157077080564018,0.692081682453079,0.999997068196745,0.999983379322086,"group_idyes"
"14924","RARA","Exc L4-5 RORB GABRG1",0.00801418705140311,4.09132742276823,0.0261096376487135,0.871717673565622,0.999997068196745,0.999983379322086,"group_idyes"
"14925","IGFBP4","Exc L4-5 RORB GABRG1",0.0307139271439415,4.20129839451097,0.208083497508843,0.648531091671029,0.999997068196745,0.999983379322086,"group_idyes"
"14926","SMARCE1","Exc L4-5 RORB GABRG1",-0.0788514010017293,1.77235198887305,0.651688064745088,0.420008592690416,0.999997068196745,0.999983379322086,"group_idyes"
"14927","AC073508.2","Exc L4-5 RORB GABRG1",0.117529414256958,2.86616858318971,2.43838956866046,0.119219888629176,0.999997068196745,0.999983379322086,"group_idyes"
"14928","KRT10","Exc L4-5 RORB GABRG1",0.0610785366774228,4.43263149435158,0.391914474307608,0.531666006563431,0.999997068196745,0.999983379322086,"group_idyes"
"14929","TMEM99","Exc L4-5 RORB GABRG1",-0.0184963812219513,2.20815132348028,0.0515632708006373,0.82048566612137,0.999997068196745,0.999983379322086,"group_idyes"
"14930","AC004231.1","Exc L4-5 RORB GABRG1",-0.21724211654174,1.2405687325647,3.55837738183628,0.059998517151398,0.999997068196745,0.999983379322086,"group_idyes"
"14931","KRT19","Exc L4-5 RORB GABRG1",-0.277372034993619,-0.331713073792625,1.35555559796969,0.305158271786777,0.999997068196745,0.999983379322086,"group_idyes"
"14932","KRT17","Exc L4-5 RORB GABRG1",0.134748448138313,3.70505398315577,1.05103327119963,0.305913390443752,0.999997068196745,0.999983379322086,"group_idyes"
"14933","EIF1","Exc L4-5 RORB GABRG1",0.00641294260087677,7.42805374578395,0.00582644864073002,0.93919529962799,0.999997068196745,0.999983379322086,"group_idyes"
"14934","HAP1","Exc L4-5 RORB GABRG1",0.0486640453970225,2.5216429319056,0.289032387132534,0.59115209454283,0.999997068196745,0.999983379322086,"group_idyes"
"14935","JUP","Exc L4-5 RORB GABRG1",0.046739213117294,1.27235770821787,0.155407736206573,0.693638605560033,0.999997068196745,0.999983379322086,"group_idyes"
"14936","P3H4","Exc L4-5 RORB GABRG1",-0.0657010660453881,4.32854037535467,2.19071891063174,0.139662891202298,0.999997068196745,0.999983379322086,"group_idyes"
"14937","FKBP10","Exc L4-5 RORB GABRG1",-0.0626072776075767,1.35043297833368,0.323662251254122,0.569746988902049,0.999997068196745,0.999983379322086,"group_idyes"
"14938","NT5C3B","Exc L4-5 RORB GABRG1",0.0307613794806307,4.60161169066996,0.253725654131239,0.61475215770209,0.999997068196745,0.999983379322086,"group_idyes"
"14939","KLHL10","Exc L4-5 RORB GABRG1",0.0394641039637717,1.02781212195995,0.11527865679416,0.789493022017055,0.999997068196745,0.999983379322086,"group_idyes"
"14940","KLHL11","Exc L4-5 RORB GABRG1",0.0024731989177944,2.45508316604341,0.00105713665746187,0.974079301032578,0.999997068196745,0.999983379322086,"group_idyes"
"14941","ACLY","Exc L4-5 RORB GABRG1",-0.0335039402933616,4.39587724377699,0.54832128456065,0.459456091251555,0.999997068196745,0.999983379322086,"group_idyes"
"14942","TTC25","Exc L4-5 RORB GABRG1",-0.0909932922022663,3.73735772695992,2.07016613047899,0.151018180768663,0.999997068196745,0.999983379322086,"group_idyes"
"14943","CNP","Exc L4-5 RORB GABRG1",0.0488292446901633,4.27391352397344,0.666817644110284,0.414668659341172,0.999997068196745,0.999983379322086,"group_idyes"
"14944","DNAJC7","Exc L4-5 RORB GABRG1",0.00752368952764312,5.90406293246026,0.0667579192778369,0.796255257600008,0.999997068196745,0.999983379322086,"group_idyes"
"14945","NKIRAS2","Exc L4-5 RORB GABRG1",0.0493149542334803,3.15223325614613,0.716459426823191,0.397833916091929,0.999997068196745,0.999983379322086,"group_idyes"
"14946","ZNF385C","Exc L4-5 RORB GABRG1",-0.0966060009475438,1.4445325571231,0.870451835746617,0.367965144763528,0.999997068196745,0.999983379322086,"group_idyes"
"14947","DHX58","Exc L4-5 RORB GABRG1",-0.00110318259753854,2.20493291783983,0.000183528917764315,0.989198183713019,0.999997068196745,0.999983379322086,"group_idyes"
"14948","KAT2A","Exc L4-5 RORB GABRG1",0.0014844634868637,5.97740656068622,0.00110687839555679,0.973476704238289,0.999997068196745,0.999983379322086,"group_idyes"
"14949","KCNH4","Exc L4-5 RORB GABRG1",-0.0351879263915404,4.60954092980186,0.267735796015505,0.605152045446051,0.999997068196745,0.999983379322086,"group_idyes"
"14950","HCRT","Exc L4-5 RORB GABRG1",0.0536781381037485,1.17528345327304,0.16485038646692,0.684955308890295,0.999997068196745,0.999983379322086,"group_idyes"
"14951","GHDC","Exc L4-5 RORB GABRG1",-0.00729441357664824,3.09772359324942,0.0150473565467346,0.90243432019751,0.999997068196745,0.999983379322086,"group_idyes"
"14952","STAT5B","Exc L4-5 RORB GABRG1",0.037806958047815,5.85296329354153,1.37885175171324,0.972675827225066,0.999997068196745,0.999983379322086,"group_idyes"
"14953","STAT3","Exc L4-5 RORB GABRG1",-0.0720312391242711,5.38146846015955,4.93988834544287,0.0268244425147821,0.999997068196745,0.999983379322086,"group_idyes"
"14954","ATP6V0A1","Exc L4-5 RORB GABRG1",-0.0174077389269241,7.75099804526879,0.487824821253816,0.485321164007685,0.999997068196745,0.999983379322086,"group_idyes"
"14955","NAGLU","Exc L4-5 RORB GABRG1",-0.011916705884061,2.24202388235071,0.0165462844709343,0.897715773196917,0.999997068196745,0.999983379322086,"group_idyes"
"14956","HSD17B1","Exc L4-5 RORB GABRG1",0.0433275159068127,1.29501627745128,0.174905635270046,0.67602165218782,0.999997068196745,0.999983379322086,"group_idyes"
"14957","AC067852.2","Exc L4-5 RORB GABRG1",0.0161211239043778,1.66715074326341,0.0237031714670596,0.877723306837716,0.999997068196745,0.999983379322086,"group_idyes"
"14958","COASY","Exc L4-5 RORB GABRG1",-0.00683645211782309,3.53530219971089,0.0105908725840308,0.918086460960786,0.999997068196745,0.999983379322086,"group_idyes"
"14959","MLX","Exc L4-5 RORB GABRG1",-0.0213757165752936,3.27884839397289,0.117402355378993,0.74420073783611,0.999997068196745,0.999983379322086,"group_idyes"
"14960","PSMC3IP","Exc L4-5 RORB GABRG1",0.0284678896378014,1.33387305437195,0.059508911413769,0.807403848433495,0.999997068196745,0.999983379322086,"group_idyes"
"14961","RETREG3","Exc L4-5 RORB GABRG1",-0.0142903793009639,5.33098423870002,0.229543232576888,0.632134919752863,0.999997068196745,0.999983379322086,"group_idyes"
"14962","TUBG1","Exc L4-5 RORB GABRG1",-0.0121046702385355,3.42431989200954,0.0214765587231122,0.883564906450536,0.999997068196745,0.999983379322086,"group_idyes"
"14963","TUBG2","Exc L4-5 RORB GABRG1",-0.0429672652018755,5.39151755067759,0.839352922975462,0.360155798760296,0.999997068196745,0.999983379322086,"group_idyes"
"14964","PLEKHH3","Exc L4-5 RORB GABRG1",-0.0172112848422543,3.49814169941698,0.0835702488785846,0.772671892137131,0.999997068196745,0.999983379322086,"group_idyes"
"14965","CCR10","Exc L4-5 RORB GABRG1",-0.0282337730394965,2.68099030163154,0.124394402607796,0.724509570282404,0.999997068196745,0.999983379322086,"group_idyes"
"14966","AC100793.2","Exc L4-5 RORB GABRG1",0.16967753781063,2.16245582044186,2.84341863866529,0.0925595271057287,0.999997068196745,0.999983379322086,"group_idyes"
"14967","CNTNAP1","Exc L4-5 RORB GABRG1",-0.0282003102581603,5.52525555356812,0.553095673999222,0.4575094927322,0.999997068196745,0.999983379322086,"group_idyes"
"14968","AC100793.3","Exc L4-5 RORB GABRG1",0.0845958012291728,1.99792276986854,0.785212866693677,0.376105120086153,0.999997068196745,0.999983379322086,"group_idyes"
"14969","EZH1","Exc L4-5 RORB GABRG1",0.0322633697400016,6.13333562353154,1.54004680880776,0.215366999206652,0.999997068196745,0.999983379322086,"group_idyes"
"14970","VPS25","Exc L4-5 RORB GABRG1",0.0715898710243765,2.56127380420356,0.549616325096812,0.458926786518107,0.999997068196745,0.999983379322086,"group_idyes"
"14971","COA3","Exc L4-5 RORB GABRG1",0.00791740387908845,3.94624685839913,0.00543779540023146,0.941254472716146,0.999997068196745,0.999983379322086,"group_idyes"
"14972","CNTD1","Exc L4-5 RORB GABRG1",0.00918592863885592,1.56793172357559,0.00815944763401764,0.928072258433419,0.999997068196745,0.999983379322086,"group_idyes"
"14973","BECN1","Exc L4-5 RORB GABRG1",0.0289891283410789,4.410165358055,0.517740143570207,0.679534995284192,0.999997068196745,0.999983379322086,"group_idyes"
"14974","PSME3","Exc L4-5 RORB GABRG1",-0.0100613695142258,3.96575762727459,0.0400078495547788,0.841570916460148,0.999997068196745,0.999983379322086,"group_idyes"
"14975","AOC2","Exc L4-5 RORB GABRG1",-0.019439097312551,1.60007048066245,0.0363721540386967,0.848849599950164,0.999997068196745,0.999983379322086,"group_idyes"
"14976","RUNDC1","Exc L4-5 RORB GABRG1",0.032717399818359,4.71146195403906,0.501144890966441,0.479426137357484,0.999997068196745,0.999983379322086,"group_idyes"
"14977","RPL27","Exc L4-5 RORB GABRG1",0.0320091087592151,4.54509071921373,0.100556328959801,0.751335046361064,0.999997068196745,0.999983379322086,"group_idyes"
"14978","IFI35","Exc L4-5 RORB GABRG1",-0.146714726733454,0.788000212174208,1.1751513163325,0.279024174026618,0.999997068196745,0.999983379322086,"group_idyes"
"14979","VAT1","Exc L4-5 RORB GABRG1",0.11330821746938,2.3056128586537,2.36941304918714,0.124555598947927,0.999997068196745,0.999983379322086,"group_idyes"
"14980","RND2","Exc L4-5 RORB GABRG1",0.024285826620708,3.25032696452884,0.0963693621903262,0.756398929255135,0.999997068196745,0.999983379322086,"group_idyes"
"14981","BRCA1","Exc L4-5 RORB GABRG1",-0.0302895499905644,3.84381387901374,0.437100849172332,0.508920796594761,0.999997068196745,0.999983379322086,"group_idyes"
"14982","NBR1","Exc L4-5 RORB GABRG1",-0.024539988952428,5.42903777051369,0.750194283976075,0.422010136883451,0.999997068196745,0.999983379322086,"group_idyes"
"14983","TMEM106A","Exc L4-5 RORB GABRG1",0.033156123769491,1.4992913220017,0.0802597586116394,0.777098080843718,0.999997068196745,0.999983379322086,"group_idyes"
"14984","LINC00854","Exc L4-5 RORB GABRG1",-0.148419389755727,1.60093031161636,0.921537705445715,0.337674447290354,0.999997068196745,0.999983379322086,"group_idyes"
"14985","LINC00910","Exc L4-5 RORB GABRG1",0.116668617540403,0.886088291205311,0.824873180332364,0.364327755505642,0.999997068196745,0.999983379322086,"group_idyes"
"14986","ARL4D","Exc L4-5 RORB GABRG1",-0.0182140326121687,2.68582535824107,0.0385502338839819,0.844446053622948,0.999997068196745,0.999983379322086,"group_idyes"
"14987","DHX8","Exc L4-5 RORB GABRG1",-0.00587729916959789,4.67313663006225,0.0318923720828466,0.858358080548489,0.999997068196745,0.999983379322086,"group_idyes"
"14988","ETV4","Exc L4-5 RORB GABRG1",-0.094780436446435,2.37260890326057,0.801866069888989,0.371095936961081,0.999997068196745,0.999983379322086,"group_idyes"
"14989","AC068675.1","Exc L4-5 RORB GABRG1",-0.125117638268757,4.72287989161195,3.40489353105162,0.0657716086503141,0.999997068196745,0.999983379322086,"group_idyes"
"14990","MEOX1","Exc L4-5 RORB GABRG1",-0.098476739233978,1.08992611449754,0.486222357260403,0.486038425784488,0.999997068196745,0.999983379322086,"group_idyes"
"14991","AC004149.1","Exc L4-5 RORB GABRG1",-0.131172568546484,0.916496199706283,0.629334132510293,0.428088633411432,0.999997068196745,0.999983379322086,"group_idyes"
"14992","DUSP3","Exc L4-5 RORB GABRG1",0.0543424079944618,5.17393160282072,1.31379909880631,0.252420361265051,0.999997068196745,0.999983379322086,"group_idyes"
"14993","MPP3","Exc L4-5 RORB GABRG1",-0.0172929595386561,2.82947467434204,0.0678860936638979,0.794579257451324,0.999997068196745,0.999983379322086,"group_idyes"
"14994","MPP2","Exc L4-5 RORB GABRG1",0.000382719480702435,5.55863596177124,0.00014891430469069,0.990269945881235,0.999997068196745,0.999983379322086,"group_idyes"
"14995","AC007993.3","Exc L4-5 RORB GABRG1",-0.00956918354075338,0.0888571671745247,0.0024452664867795,0.960586633992332,0.999997068196745,0.999983379322086,"group_idyes"
"14996","LINC01976","Exc L4-5 RORB GABRG1",0.0114921274373335,0.921783161425527,0.00682925772265116,0.934181310558629,0.999997068196745,0.999983379322086,"group_idyes"
"14997","PYY","Exc L4-5 RORB GABRG1",-0.0676885307352608,3.01447778449868,0.727912852529632,0.394091402508933,0.999997068196745,0.999983379322086,"group_idyes"
"14998","TMEM101","Exc L4-5 RORB GABRG1",0.0364750916136359,2.89345379877202,0.384474442837013,0.72110690818961,0.999997068196745,0.999983379322086,"group_idyes"
"14999","LSM12","Exc L4-5 RORB GABRG1",0.00237438097191065,4.72096707275061,0.00372769718241355,0.951347214104771,0.999997068196745,0.999983379322086,"group_idyes"
"15000","G6PC3","Exc L4-5 RORB GABRG1",0.0239710710377214,2.57601046149472,0.128041370699203,0.97840234682694,0.999997068196745,0.999983379322086,"group_idyes"
"15001","HDAC5","Exc L4-5 RORB GABRG1",-0.0132809870339585,5.45038887098704,0.142664040270775,0.7058551164541,0.999997068196745,0.999983379322086,"group_idyes"
"15002","C17orf53","Exc L4-5 RORB GABRG1",0.0223353677261699,0.957372483842196,0.0338736034220306,0.85407290031359,0.999997068196745,0.999983379322086,"group_idyes"
"15003","ASB16","Exc L4-5 RORB GABRG1",-0.0276300346701784,0.818981043717622,0.0351585329060651,0.851362699119449,0.999997068196745,0.999983379322086,"group_idyes"
"15004","ASB16-AS1","Exc L4-5 RORB GABRG1",-0.0886897313615871,2.68893264283305,2.00946948429085,0.157129329603849,0.999997068196745,0.999983379322086,"group_idyes"
"15005","TMUB2","Exc L4-5 RORB GABRG1",-0.0121362764025772,4.33464106911316,0.0508849884982444,0.821650200100144,0.999997068196745,0.999983379322086,"group_idyes"
"15006","ATXN7L3","Exc L4-5 RORB GABRG1",0.0539843319852515,5.34404187106843,1.10840806160207,0.293089033323702,0.999997068196745,0.999983379322086,"group_idyes"
"15007","UBTF","Exc L4-5 RORB GABRG1",0.0390411530609017,5.00180888706278,0.561650645964633,0.454053925685537,0.999997068196745,0.999983379322086,"group_idyes"
"15008","AC003102.1","Exc L4-5 RORB GABRG1",-0.000121158793800471,2.30116996084479,7.42728498880017e-08,0.99978269341229,0.999997068196745,0.999983379322086,"group_idyes"
"15009","SLC4A1","Exc L4-5 RORB GABRG1",0.0506957512544882,0.213930898511861,0.0833859898071655,0.77291572839772,0.999997068196745,0.999983379322086,"group_idyes"
"15010","RUNDC3A-AS1","Exc L4-5 RORB GABRG1",0.0286932463343553,3.69281926573438,0.180770409179533,0.670949701413453,0.999997068196745,0.999983379322086,"group_idyes"
"15011","RUNDC3A","Exc L4-5 RORB GABRG1",0.0149929952924199,6.61043138035309,0.0893094131228766,0.765218290604896,0.999997068196745,0.999983379322086,"group_idyes"
"15012","SLC25A39","Exc L4-5 RORB GABRG1",0.11036140140011,4.75490677669422,3.31235177709532,0.0695379406995981,0.999997068196745,0.999983379322086,"group_idyes"
"15013","GRN","Exc L4-5 RORB GABRG1",0.0224130678107332,3.422427759257,0.152084197793103,0.770113930807976,0.999997068196745,0.999983379322086,"group_idyes"
"15014","FAM171A2","Exc L4-5 RORB GABRG1",0.0837243341988907,5.02994487684891,1.98289618969715,0.159893171435395,0.999997068196745,0.999983379322086,"group_idyes"
"15015","ITGA2B","Exc L4-5 RORB GABRG1",-0.012408859339752,4.17821104473293,0.0481979359433766,0.8263456351796,0.999997068196745,0.999983379322086,"group_idyes"
"15016","GPATCH8","Exc L4-5 RORB GABRG1",-0.0190489407291693,9.1260249194589,0.388702372358947,0.533351716330402,0.999997068196745,0.999983379322086,"group_idyes"
"15017","MEIOC","Exc L4-5 RORB GABRG1",0.0595017378499762,1.37804160019804,0.241869630165953,0.623139495456853,0.999997068196745,0.999983379322086,"group_idyes"
"15018","CCDC43","Exc L4-5 RORB GABRG1",-0.00265888224482179,3.9675674755567,0.00306447925073489,0.955882199631493,0.999997068196745,0.999983379322086,"group_idyes"
"15019","DBF4B","Exc L4-5 RORB GABRG1",-0.0351682714527769,4.50309202604959,0.404246061953056,0.52528253691425,0.999997068196745,0.999983379322086,"group_idyes"
"15020","ADAM11","Exc L4-5 RORB GABRG1",0.000639888302423815,6.34584854309893,0.000329298954530211,0.985531312637206,0.999997068196745,0.999983379322086,"group_idyes"
"15021","GJC1","Exc L4-5 RORB GABRG1",0.0949421913371376,3.4478207150708,2.23978980583937,0.135319150685486,0.999997068196745,0.999983379322086,"group_idyes"
"15022","HIGD1B","Exc L4-5 RORB GABRG1",-0.0232525509882816,0.956075019890088,0.0174204083386526,0.895064050015899,0.999997068196745,0.999983379322086,"group_idyes"
"15023","EFTUD2","Exc L4-5 RORB GABRG1",-0.0191423649884976,5.17455831257593,0.356803386661694,0.550638321810388,0.999997068196745,0.999983379322086,"group_idyes"
"15024","GFAP","Exc L4-5 RORB GABRG1",0.0194816226939197,2.43700388265557,0.0152498807562447,0.90178325756233,0.999997068196745,0.999983379322086,"group_idyes"
"15025","KIF18B","Exc L4-5 RORB GABRG1",-0.167129003291429,-0.11023835735129,0.649583987981187,0.420759332079735,0.999997068196745,0.999983379322086,"group_idyes"
"15026","DCAKD","Exc L4-5 RORB GABRG1",-0.0516517342111287,4.88487481241771,0.818511014858786,0.366182049206035,0.999997068196745,0.999983379322086,"group_idyes"
"15027","NMT1","Exc L4-5 RORB GABRG1",0.0015341435749305,6.4767838905747,0.00179626637622533,0.96621585879889,0.999997068196745,0.999983379322086,"group_idyes"
"15028","PLCD3","Exc L4-5 RORB GABRG1",-0.055383880896181,1.81353565721569,0.38361286063863,0.926831319158935,0.999997068196745,0.999983379322086,"group_idyes"
"15029","ACBD4","Exc L4-5 RORB GABRG1",0.0582708596170457,3.81709523694028,1.46595252347711,0.226728638271193,0.999997068196745,0.999983379322086,"group_idyes"
"15030","AC142472.1","Exc L4-5 RORB GABRG1",0.0483979703119717,0.88010150199455,0.154162832637429,0.694805973944126,0.999997068196745,0.999983379322086,"group_idyes"
"15031","HEXIM1","Exc L4-5 RORB GABRG1",0.0453809929908302,4.7943415865716,0.349339560298939,0.554834300693607,0.999997068196745,0.999983379322086,"group_idyes"
"15032","AC138150.1","Exc L4-5 RORB GABRG1",-0.0737630522974042,3.50864461805183,0.735163599979385,0.391748354584991,0.999997068196745,0.999983379322086,"group_idyes"
"15033","HEXIM2","Exc L4-5 RORB GABRG1",0.0874904685349114,1.95319231955424,0.971873393800164,0.473495719847432,0.999997068196745,0.999983379322086,"group_idyes"
"15034","AC008105.3","Exc L4-5 RORB GABRG1",0.0069174487009383,4.6128051693114,0.0146216730351811,0.903817439737021,0.999997068196745,0.999983379322086,"group_idyes"
"15035","FMNL1","Exc L4-5 RORB GABRG1",0.0354352409445319,3.90897162525095,0.442761460538756,0.506191325695389,0.999997068196745,0.999983379322086,"group_idyes"
"15036","AC008105.1","Exc L4-5 RORB GABRG1",-0.0708532786310198,3.14468500894507,1.67903160017755,0.195830031775965,0.999997068196745,0.999983379322086,"group_idyes"
"15037","MAP3K14","Exc L4-5 RORB GABRG1",0.010593356678142,3.90169467115785,0.0261062194277374,0.871725998062175,0.999997068196745,0.999983379322086,"group_idyes"
"15038","ARHGAP27","Exc L4-5 RORB GABRG1",-0.000963281472620396,2.44359721192663,0.000135412655272948,0.990721502529432,0.999997068196745,0.999983379322086,"group_idyes"
"15039","PLEKHM1","Exc L4-5 RORB GABRG1",-0.0451075381672928,4.77418242205662,1.14226881014489,0.285843541490063,0.999997068196745,0.999983379322086,"group_idyes"
"15040","AC091132.2","Exc L4-5 RORB GABRG1",-0.0465426659489921,0.685925334599131,0.0913148740325412,0.762675466032975,0.999997068196745,0.999983379322086,"group_idyes"
"15041","AC091132.5","Exc L4-5 RORB GABRG1",-0.140179331838096,1.1068534176548,0.980095201193496,0.32279751833852,0.999997068196745,0.999983379322086,"group_idyes"
"15042","LINC02210-CRHR1","Exc L4-5 RORB GABRG1",-0.0378718860586201,6.62010437327289,0.712632585790346,0.399095839837377,0.999997068196745,0.999983379322086,"group_idyes"
"15043","MAPT-AS1","Exc L4-5 RORB GABRG1",0.0568099107556461,3.5211378185723,0.67564865345018,0.411598242697717,0.999997068196745,0.999983379322086,"group_idyes"
"15044","MAPT","Exc L4-5 RORB GABRG1",-0.0289580732577555,8.56992036772243,1.30689599584622,0.25366828101449,0.999997068196745,0.999983379322086,"group_idyes"
"15045","KANSL1","Exc L4-5 RORB GABRG1",-0.014409260953463,8.26242526643366,0.09777487071487,0.754685816038401,0.999997068196745,0.999983379322086,"group_idyes"
"15046","KANSL1-AS1","Exc L4-5 RORB GABRG1",-0.154665470931466,0.898071818973683,1.08087437834762,0.299154955083536,0.999997068196745,0.999983379322086,"group_idyes"
"15047","ARL17B","Exc L4-5 RORB GABRG1",-0.129281799917403,5.86114310536221,0.70637687034723,0.401171249029517,0.999997068196745,0.999983379322086,"group_idyes"
"15048","LRRC37A","Exc L4-5 RORB GABRG1",0.0215946737291157,3.21723330104553,0.0488276265281793,0.825233216683598,0.999997068196745,0.999983379322086,"group_idyes"
"15049","LRRC37A2","Exc L4-5 RORB GABRG1",0.000446556691269516,5.18509471490106,2.22746886422592e-05,0.996236758771071,0.999997068196745,0.999983379322086,"group_idyes"
"15050","ARL17A","Exc L4-5 RORB GABRG1",0.0711324439006129,4.59522916582528,0.596584026491902,0.440358565952349,0.999997068196745,0.999983379322086,"group_idyes"
"15051","NSF","Exc L4-5 RORB GABRG1",0.0284202068433428,8.47677614944303,0.525197836886056,0.469073317512541,0.999997068196745,0.999983379322086,"group_idyes"
"15052","WNT3","Exc L4-5 RORB GABRG1",0.00591439363767264,2.63390596733993,0.00715290622118613,0.932643380943971,0.999997068196745,0.999983379322086,"group_idyes"
"15053","WNT9B","Exc L4-5 RORB GABRG1",0.110788230319,0.423340913719886,0.472229671598734,0.492377221346102,0.999997068196745,0.999983379322086,"group_idyes"
"15054","AC005670.1","Exc L4-5 RORB GABRG1",-0.105448028544552,1.0005690498558,0.839626418967553,0.575673657592925,0.999997068196745,0.999983379322086,"group_idyes"
"15055","AC005670.2","Exc L4-5 RORB GABRG1",-0.0390013943066627,6.36109983234812,0.8963069288319,0.344368130951585,0.999997068196745,0.999983379322086,"group_idyes"
"15056","RPRML","Exc L4-5 RORB GABRG1",0.0538271928776411,4.8668963505861,0.347812375055497,0.555700297906367,0.999997068196745,0.999983379322086,"group_idyes"
"15057","CDC27","Exc L4-5 RORB GABRG1",-0.00209617526010055,7.24304911605559,0.00566960336912217,0.940017729105885,0.999997068196745,0.999983379322086,"group_idyes"
"15058","AC068234.2","Exc L4-5 RORB GABRG1",-0.018682378414454,2.14643223964127,0.0413099511287362,0.839048262012707,0.999997068196745,0.999983379322086,"group_idyes"
"15059","EFCAB13","Exc L4-5 RORB GABRG1",0.0943452465172295,2.38407651342704,0.880376624044194,0.348687204349951,0.999997068196745,0.999983379322086,"group_idyes"
"15060","AC040934.1","Exc L4-5 RORB GABRG1",0.0699213318408583,3.93745318330725,0.991483035908627,0.320006020475968,0.999997068196745,0.999983379322086,"group_idyes"
"15061","NPEPPS","Exc L4-5 RORB GABRG1",0.0125152893180049,7.41703474846824,0.361960376778846,0.593777742637435,0.999997068196745,0.999983379322086,"group_idyes"
"15062","AC025682.1","Exc L4-5 RORB GABRG1",0.0155976586727402,4.73725212914443,0.100572584531136,0.751315614399313,0.999997068196745,0.999983379322086,"group_idyes"
"15063","KPNB1","Exc L4-5 RORB GABRG1",0.0112964195954608,6.44320682275843,0.13064799491566,0.717959535840867,0.999997068196745,0.999983379322086,"group_idyes"
"15064","TBKBP1","Exc L4-5 RORB GABRG1",0.00351902348953519,3.73812946053072,0.00427054525299534,0.947929746588178,0.999997068196745,0.999983379322086,"group_idyes"
"15065","OSBPL7","Exc L4-5 RORB GABRG1",-0.0353468449857045,3.79445815777182,0.516924666530412,0.472592939330462,0.999997068196745,0.999983379322086,"group_idyes"
"15066","MRPL10","Exc L4-5 RORB GABRG1",0.110799676515633,3.79262391046921,3.53962919425876,0.0606736969059156,0.999997068196745,0.999983379322086,"group_idyes"
"15067","SCRN2","Exc L4-5 RORB GABRG1",-0.0101880462091856,3.64009451945416,0.0225343303163504,0.880753032737867,0.999997068196745,0.999983379322086,"group_idyes"
"15068","SP2","Exc L4-5 RORB GABRG1",0.0372185955934417,3.49062318186158,0.607521066363994,0.793480040580419,0.999997068196745,0.999983379322086,"group_idyes"
"15069","SP2-AS1","Exc L4-5 RORB GABRG1",-0.0968007725152461,2.64032696658244,1.4885292505602,0.223192126643375,0.999997068196745,0.999983379322086,"group_idyes"
"15070","PNPO","Exc L4-5 RORB GABRG1",-0.0491001705745887,3.88959552129216,0.679760052311116,0.410180218003705,0.999997068196745,0.999983379322086,"group_idyes"
"15071","AC018521.2","Exc L4-5 RORB GABRG1",0.13064763331228,0.805299007023667,0.591611627497097,0.442268524869723,0.999997068196745,0.999983379322086,"group_idyes"
"15072","CDK5RAP3","Exc L4-5 RORB GABRG1",-0.0567052737975621,5.35071559528103,1.07848312644139,0.299689367587017,0.999997068196745,0.999983379322086,"group_idyes"
"15073","NFE2L1","Exc L4-5 RORB GABRG1",0.0215766648986984,5.82310082369884,0.203484968231746,0.652176606946641,0.999997068196745,0.999983379322086,"group_idyes"
"15074","CBX1","Exc L4-5 RORB GABRG1",0.0141333027208252,5.35855741228477,0.142946632741516,0.705577572566856,0.999997068196745,0.999983379322086,"group_idyes"
"15075","SNX11","Exc L4-5 RORB GABRG1",0.0771640782930448,3.04368628382177,1.61006000985088,0.259278062116245,0.999997068196745,0.999983379322086,"group_idyes"
"15076","SKAP1","Exc L4-5 RORB GABRG1",0.00454121070103749,2.42461961313901,0.00106016404899294,0.974042225294366,0.999997068196745,0.999983379322086,"group_idyes"
"15077","TTLL6","Exc L4-5 RORB GABRG1",-0.0844926180182864,0.831518554386014,0.394172636738579,0.618004085149482,0.999997068196745,0.999983379322086,"group_idyes"
"15078","CALCOCO2","Exc L4-5 RORB GABRG1",0.0170439811824447,5.34511000827249,0.165232551666614,0.684610038934508,0.999997068196745,0.999983379322086,"group_idyes"
"15079","ATP5MC1","Exc L4-5 RORB GABRG1",-0.0777682878517958,4.72423874565707,0.532108361718673,0.466165668950595,0.999997068196745,0.999983379322086,"group_idyes"
"15080","UBE2Z","Exc L4-5 RORB GABRG1",0.045415649985536,5.47441119657271,1.47034879174191,0.286232022354667,0.999997068196745,0.999983379322086,"group_idyes"
"15081","SNF8","Exc L4-5 RORB GABRG1",-0.0611791706864676,4.80500465927589,2.68364738214337,0.102200813783125,0.999997068196745,0.999983379322086,"group_idyes"
"15082","AC091133.1","Exc L4-5 RORB GABRG1",0.112515778269044,2.97659972939106,3.8223569209758,0.0512967416510082,0.999997068196745,0.999983379322086,"group_idyes"
"15083","B4GALNT2","Exc L4-5 RORB GABRG1",0.0908338045850814,0.348106316444584,0.276855311339494,0.599072980744431,0.999997068196745,0.999983379322086,"group_idyes"
"15084","PHOSPHO1","Exc L4-5 RORB GABRG1",-0.178245933905266,0.282092540401546,1.04664585993212,0.306923685559717,0.999997068196745,0.999983379322086,"group_idyes"
"15085","ZNF652","Exc L4-5 RORB GABRG1",0.0149358770500333,6.24467010528818,0.254201273039112,0.877390396712862,0.999997068196745,0.999983379322086,"group_idyes"
"15086","AC091180.2","Exc L4-5 RORB GABRG1",0.124113622404196,0.718732291869552,0.979378252948065,0.322974338591852,0.999997068196745,0.999983379322086,"group_idyes"
"15087","AC091180.5","Exc L4-5 RORB GABRG1",0.112466563598764,1.71170309123862,1.63023164397902,0.202441106441062,0.999997068196745,0.999983379322086,"group_idyes"
"15088","PHB","Exc L4-5 RORB GABRG1",-0.00117005807557169,3.78819832956512,0.000142310081904507,0.990488141952119,0.999997068196745,0.999983379322086,"group_idyes"
"15089","AC006487.1","Exc L4-5 RORB GABRG1",-0.168249248965763,0.239492081992544,0.797123792476895,0.372512803773929,0.999997068196745,0.999983379322086,"group_idyes"
"15090","NXPH3","Exc L4-5 RORB GABRG1",-0.0199252480529871,1.40505728355445,0.0275336278208784,0.868297154426299,0.999997068196745,0.999983379322086,"group_idyes"
"15091","SPOP","Exc L4-5 RORB GABRG1",0.0363981625522618,6.23138179285545,1.88885975830331,0.170130624009101,0.999997068196745,0.999983379322086,"group_idyes"
"15092","SLC35B1","Exc L4-5 RORB GABRG1",-0.0184680242384395,3.75915172648277,0.0824699866096605,0.774132260545203,0.999997068196745,0.999983379322086,"group_idyes"
"15093","FAM117A","Exc L4-5 RORB GABRG1",-0.0929939400952969,2.79857067043511,2.13706695165084,0.196324887687294,0.999997068196745,0.999983379322086,"group_idyes"
"15094","KAT7","Exc L4-5 RORB GABRG1",0.028470151313725,4.90753291732308,0.574911567099221,0.448777974131096,0.999997068196745,0.999983379322086,"group_idyes"
"15095","TAC4","Exc L4-5 RORB GABRG1",-0.110539318297284,1.94648758171327,0.61790418072293,0.432311042830911,0.999997068196745,0.999983379322086,"group_idyes"
"15096","AC027801.1","Exc L4-5 RORB GABRG1",-0.274527002427386,2.97638315789766,4.46235428163548,0.0352935367932628,0.999997068196745,0.999983379322086,"group_idyes"
"15097","AC027801.3","Exc L4-5 RORB GABRG1",-0.314786456687875,1.77656073076506,4.22567979466099,0.040491055744242,0.999997068196745,0.999983379322086,"group_idyes"
"15098","DLX4","Exc L4-5 RORB GABRG1",-0.494521419798974,0.275469684727482,4.83245152377239,0.0285238527200036,0.999997068196745,0.999983379322086,"group_idyes"
"15099","AC009720.1","Exc L4-5 RORB GABRG1",-0.114793138801435,1.02038939474894,0.860650042215896,0.354138477660387,0.999997068196745,0.999983379322086,"group_idyes"
"15100","ITGA3","Exc L4-5 RORB GABRG1",-0.029200180104532,5.41625426106635,0.807594659754709,0.369394423481734,0.999997068196745,0.999983379322086,"group_idyes"
"15101","PDK2","Exc L4-5 RORB GABRG1",0.039969164183786,4.89410116089941,0.446024638269687,0.504629285369762,0.999997068196745,0.999983379322086,"group_idyes"
"15102","SAMD14","Exc L4-5 RORB GABRG1",-0.0206412483273777,3.60573314077964,0.141810579323141,0.706695242187291,0.999997068196745,0.999983379322086,"group_idyes"
"15103","PPP1R9B","Exc L4-5 RORB GABRG1",0.0338687755875893,4.6257611139737,0.314365941029918,0.57533971558973,0.999997068196745,0.999983379322086,"group_idyes"
"15104","AC015909.2","Exc L4-5 RORB GABRG1",-0.0137895561324977,1.16844262220309,0.0169714904152456,0.896417204579192,0.999997068196745,0.999983379322086,"group_idyes"
"15105","TMEM92-AS1","Exc L4-5 RORB GABRG1",-0.516819534482067,0.0927043098861791,5.05869703721091,0.0250676349537368,0.999997068196745,0.999983379322086,"group_idyes"
"15106","XYLT2","Exc L4-5 RORB GABRG1",-0.00712490184684733,3.48701859145443,0.0156373128777577,0.900549880969248,0.999997068196745,0.999983379322086,"group_idyes"
"15107","MRPL27","Exc L4-5 RORB GABRG1",0.00319138487148156,3.75187270279131,0.00154096576539673,0.968707336386832,0.999997068196745,0.999983379322086,"group_idyes"
"15108","LRRC59","Exc L4-5 RORB GABRG1",0.0892411562927224,3.44713390181645,1.92466258251927,0.1661466652818,0.999997068196745,0.999983379322086,"group_idyes"
"15109","ACSF2","Exc L4-5 RORB GABRG1",-0.340623697804168,0.311244901344057,4.45480452448124,0.0354480123550974,0.999997068196745,0.999983379322086,"group_idyes"
"15110","CHAD","Exc L4-5 RORB GABRG1",0.00489426599207543,1.18132297922867,0.00049259881552541,0.98230425757707,0.999997068196745,0.999983379322086,"group_idyes"
"15111","RSAD1","Exc L4-5 RORB GABRG1",0.0878785705514629,5.24170232139809,3.29013257738172,0.070476299388377,0.999997068196745,0.999983379322086,"group_idyes"
"15112","AC021491.1","Exc L4-5 RORB GABRG1",0.07253057443689,0.711860348798034,0.230202744736276,0.631646182165829,0.999997068196745,0.999983379322086,"group_idyes"
"15113","MYCBPAP","Exc L4-5 RORB GABRG1",-0.0543578088006478,2.82393896225991,0.533251416557625,0.465687510921008,0.999997068196745,0.999983379322086,"group_idyes"
"15114","EPN3","Exc L4-5 RORB GABRG1",0.113458376818773,1.60912262623566,0.945983388254268,0.331354902051168,0.999997068196745,0.999983379322086,"group_idyes"
"15115","SPATA20","Exc L4-5 RORB GABRG1",0.0274452834914576,4.04373058862803,0.241376621710209,0.623493758120579,0.999997068196745,0.999983379322086,"group_idyes"
"15116","CACNA1G","Exc L4-5 RORB GABRG1",-0.0176546505466883,6.0906005810629,0.177666298734516,0.67362190500922,0.999997068196745,0.999983379322086,"group_idyes"
"15117","ABCC3","Exc L4-5 RORB GABRG1",-0.0614979613747989,3.86214016114289,0.43512213373449,0.509880904467065,0.999997068196745,0.999983379322086,"group_idyes"
"15118","ANKRD40","Exc L4-5 RORB GABRG1",0.0598819904170023,4.75886448178673,1.57752664617957,0.20987950383409,0.999997068196745,0.999983379322086,"group_idyes"
"15119","AC005921.2","Exc L4-5 RORB GABRG1",0.0517924552244291,1.94891114590488,0.115645495455966,0.733991736561707,0.999997068196745,0.999983379322086,"group_idyes"
"15120","LUC7L3","Exc L4-5 RORB GABRG1",0.0168369689536242,8.2242865029132,0.233294535272212,0.629366402021716,0.999997068196745,0.999983379322086,"group_idyes"
"15121","TOB1","Exc L4-5 RORB GABRG1",0.0685127481721801,4.32672008379859,1.25227643525779,0.26381631832169,0.999997068196745,0.999983379322086,"group_idyes"
"15122","SPAG9","Exc L4-5 RORB GABRG1",0.00781346011418141,7.23153647886561,0.0748545935524733,0.784542176149269,0.999997068196745,0.999983379322086,"group_idyes"
"15123","AC005920.2","Exc L4-5 RORB GABRG1",-0.0201547456206313,2.50388394027241,0.0401621606171029,0.841269749284793,0.999997068196745,0.999983379322086,"group_idyes"
"15124","NME1-NME2","Exc L4-5 RORB GABRG1",-0.0700626074199647,1.04256757778511,0.338688556082517,0.56092804785397,0.999997068196745,0.999983379322086,"group_idyes"
"15125","MBTD1","Exc L4-5 RORB GABRG1",-0.0419333151222036,6.59583916596802,1.77505416554436,0.183546433703118,0.999997068196745,0.999983379322086,"group_idyes"
"15126","UTP18","Exc L4-5 RORB GABRG1",-0.0398444785249099,4.68212790575956,1.26219078857926,0.261937355884706,0.999997068196745,0.999983379322086,"group_idyes"
"15127","CA10","Exc L4-5 RORB GABRG1",0.00175929400062547,3.45306984518205,0.000119825867395943,0.991271804838571,0.999997068196745,0.999983379322086,"group_idyes"
"15128","LINC01982","Exc L4-5 RORB GABRG1",-0.198274105386407,1.04431628020504,2.81378334672467,0.112123222087,0.999997068196745,0.999983379322086,"group_idyes"
"15129","TOM1L1","Exc L4-5 RORB GABRG1",0.0127163738653457,5.18988613695493,0.0405759125905687,0.840465192207283,0.999997068196745,0.999983379322086,"group_idyes"
"15130","COX11","Exc L4-5 RORB GABRG1",-0.00480457320803008,5.18132747832225,0.0233963212911355,0.878511144178052,0.999997068196745,0.999983379322086,"group_idyes"
"15131","STXBP4","Exc L4-5 RORB GABRG1",0.0107045774672239,4.54050717939294,0.0641300449892005,0.800218710974745,0.999997068196745,0.999983379322086,"group_idyes"
"15132","HLF","Exc L4-5 RORB GABRG1",0.0613503149434371,6.56415781138347,2.51986985440673,0.11324134164703,0.999997068196745,0.999983379322086,"group_idyes"
"15133","MMD","Exc L4-5 RORB GABRG1",-0.104401287351936,3.68375095563181,2.49069786028665,0.1153427620416,0.999997068196745,0.999983379322086,"group_idyes"
"15134","PCTP","Exc L4-5 RORB GABRG1",-0.0156374154310212,3.38938430238073,0.0560803721059064,0.812927944932733,0.999997068196745,0.999983379322086,"group_idyes"
"15135","ANKFN1","Exc L4-5 RORB GABRG1",-0.00143135187872478,3.548099282887,0.000223697034201789,0.988074633554176,0.999997068196745,0.999983379322086,"group_idyes"
"15136","C17orf67","Exc L4-5 RORB GABRG1",0.020008804182467,3.75086163133387,0.0693040684078357,0.792493694401865,0.999997068196745,0.999983379322086,"group_idyes"
"15137","DGKE","Exc L4-5 RORB GABRG1",-0.00820838412158506,6.15237577038581,0.0747683695315057,0.784663232136174,0.999997068196745,0.999983379322086,"group_idyes"
"15138","TRIM25","Exc L4-5 RORB GABRG1",0.0822533621097379,3.29269304808929,1.96445782276011,0.161843565974073,0.999997068196745,0.999983379322086,"group_idyes"
"15139","COIL","Exc L4-5 RORB GABRG1",-0.0382998903272818,4.15124703221044,0.663262749428337,0.415914232547494,0.999997068196745,0.999983379322086,"group_idyes"
"15140","SCPEP1","Exc L4-5 RORB GABRG1",-0.081503911453663,4.86178545258491,1.67672507605849,0.196136726482057,0.999997068196745,0.999983379322086,"group_idyes"
"15141","AC007114.1","Exc L4-5 RORB GABRG1",0.0789561968376682,1.12455988759281,0.476538986106317,0.490410435545571,0.999997068196745,0.999983379322086,"group_idyes"
"15142","AKAP1","Exc L4-5 RORB GABRG1",0.0143253695633536,4.85319042126999,0.174475579042758,0.676397485147735,0.999997068196745,0.999983379322086,"group_idyes"
"15143","AC007114.2","Exc L4-5 RORB GABRG1",0.0259736560231278,1.06482974451713,0.0369609497365355,0.847646009641614,0.999997068196745,0.999983379322086,"group_idyes"
"15144","MSI2","Exc L4-5 RORB GABRG1",-0.0314243795940784,6.66623406048593,0.542612914415865,0.461800792089541,0.999997068196745,0.999983379322086,"group_idyes"
"15145","AC015845.2","Exc L4-5 RORB GABRG1",0.0859165921273301,3.13944394188994,0.843360568669026,0.359012777083548,0.999997068196745,0.999983379322086,"group_idyes"
"15146","MRPS23","Exc L4-5 RORB GABRG1",-0.0235093774699237,4.35609542228785,0.163893717068606,0.685821668499535,0.999997068196745,0.999983379322086,"group_idyes"
"15147","CUEDC1","Exc L4-5 RORB GABRG1",-0.0382609629188975,2.5303969938958,0.266667948295136,0.770410029274906,0.999997068196745,0.999983379322086,"group_idyes"
"15148","VEZF1","Exc L4-5 RORB GABRG1",0.00535344138641284,3.22513346886521,0.00796001635856089,0.928954351685927,0.999997068196745,0.999983379322086,"group_idyes"
"15149","AC015813.2","Exc L4-5 RORB GABRG1",-0.00706500567464947,4.91539018702707,0.0188437113753455,0.89088729608377,0.999997068196745,0.999983379322086,"group_idyes"
"15150","SRSF1","Exc L4-5 RORB GABRG1",-0.000670073583557411,2.01221106195523,4.63576989722609e-05,0.994571055213434,0.999997068196745,0.999983379322086,"group_idyes"
"15151","DYNLL2","Exc L4-5 RORB GABRG1",0.0305778665499951,6.26636631775236,0.21202252735071,0.645446911966066,0.999997068196745,0.999983379322086,"group_idyes"
"15152","EPX","Exc L4-5 RORB GABRG1",-0.0949621732753157,1.3618838665242,0.368625479327343,0.544112602525168,0.999997068196745,0.999983379322086,"group_idyes"
"15153","AC005962.1","Exc L4-5 RORB GABRG1",-0.141961586380351,0.956939787632946,1.5232471964379,0.313959951508213,0.999997068196745,0.999983379322086,"group_idyes"
"15154","MKS1","Exc L4-5 RORB GABRG1",-0.00573155160695992,3.34965233615311,0.00984409608825772,0.921017321167962,0.999997068196745,0.999983379322086,"group_idyes"
"15155","LPO","Exc L4-5 RORB GABRG1",-0.0243323422022894,0.9475114047611,0.0413637454998446,0.838944939013247,0.999997068196745,0.999983379322086,"group_idyes"
"15156","MPO","Exc L4-5 RORB GABRG1",0.0744936190819839,0.653611305140613,0.277722428648596,0.598501643704578,0.999997068196745,0.999983379322086,"group_idyes"
"15157","TSPOAP1","Exc L4-5 RORB GABRG1",-0.0633159114038426,6.26152087208979,3.06671910640192,0.0807074943322817,0.999997068196745,0.999983379322086,"group_idyes"
"15158","TSPOAP1-AS1","Exc L4-5 RORB GABRG1",-0.0257371927064986,3.7496658067488,0.233737696856981,0.629041159114438,0.999997068196745,0.999983379322086,"group_idyes"
"15159","SUPT4H1","Exc L4-5 RORB GABRG1",0.0758719949911,3.29598862009555,0.641293274842039,0.423737121692552,0.999997068196745,0.999983379322086,"group_idyes"
"15160","RNF43","Exc L4-5 RORB GABRG1",0.126201285676527,0.883406004698089,0.810584546071,0.368510690074869,0.999997068196745,0.999983379322086,"group_idyes"
"15161","HSF5","Exc L4-5 RORB GABRG1",-0.087314365282352,1.83532113379205,0.780884333294282,0.377422677153884,0.999997068196745,0.999983379322086,"group_idyes"
"15162","MTMR4","Exc L4-5 RORB GABRG1",-0.0385632946486102,5.37297719519883,0.82435106124561,0.364479438547789,0.999997068196745,0.999983379322086,"group_idyes"
"15163","SEPT4-AS1","Exc L4-5 RORB GABRG1",0.101661775947823,1.42580501121423,0.635362863983324,0.425886615501126,0.999997068196745,0.999983379322086,"group_idyes"
"15164","SEPT4","Exc L4-5 RORB GABRG1",-0.0225049747207518,4.51445653856918,0.161039878930569,0.68842372135753,0.999997068196745,0.999983379322086,"group_idyes"
"15165","TEX14","Exc L4-5 RORB GABRG1",0.178133433481559,2.58943728882032,4.49118355146036,0.0347101356456893,0.999997068196745,0.999983379322086,"group_idyes"
"15166","RAD51C","Exc L4-5 RORB GABRG1",0.0491257502469791,5.2293253720332,1.86791238276737,0.363332409782601,0.999997068196745,0.999983379322086,"group_idyes"
"15167","PPM1E","Exc L4-5 RORB GABRG1",-0.024059826998674,7.79036332034337,0.395271102200773,0.529914697268953,0.999997068196745,0.999983379322086,"group_idyes"
"15168","TRIM37","Exc L4-5 RORB GABRG1",-0.017413585089137,7.19079194332713,0.47296330726315,0.492041455536332,0.999997068196745,0.999983379322086,"group_idyes"
"15169","AC099850.1","Exc L4-5 RORB GABRG1",-0.0255377151921476,3.2650101165685,0.1911484850315,0.827552824644994,0.999997068196745,0.999983379322086,"group_idyes"
"15170","SKA2","Exc L4-5 RORB GABRG1",-0.00327669443161715,4.37984756601405,0.00568107658440865,0.939957183652391,0.999997068196745,0.999983379322086,"group_idyes"
"15171","PRR11","Exc L4-5 RORB GABRG1",-0.0126142894911976,1.51701243924139,0.0146233770199521,0.939705608307705,0.999997068196745,0.999983379322086,"group_idyes"
"15172","GDPD1","Exc L4-5 RORB GABRG1",-0.0497594979705449,6.53706494677517,2.11400864798857,0.146771804476898,0.999997068196745,0.999983379322086,"group_idyes"
"15173","YPEL2","Exc L4-5 RORB GABRG1",-0.0159789410988326,6.29733563734049,0.235402763612423,0.627822532236553,0.999997068196745,0.999983379322086,"group_idyes"
"15174","LINC01476","Exc L4-5 RORB GABRG1",-0.000461005309834923,4.12984833949027,3.6887226206268e-05,0.995157237441062,0.999997068196745,0.999983379322086,"group_idyes"
"15175","DHX40","Exc L4-5 RORB GABRG1",-0.0144325730372768,4.75141659173169,0.191842221695434,0.661633560964573,0.999997068196745,0.999983379322086,"group_idyes"
"15176","AC091271.1","Exc L4-5 RORB GABRG1",0.121815143890519,2.04887990788546,1.30784140457856,0.253496924132486,0.999997068196745,0.999983379322086,"group_idyes"
"15177","CLTC","Exc L4-5 RORB GABRG1",0.020959901034103,7.32488689318556,0.359263174761418,0.549268535238492,0.999997068196745,0.999983379322086,"group_idyes"
"15178","PTRH2","Exc L4-5 RORB GABRG1",-0.0029231881850617,4.29941741793404,0.00330769493118686,0.954166756756428,0.999997068196745,0.999983379322086,"group_idyes"
"15179","VMP1","Exc L4-5 RORB GABRG1",-0.0190002359677168,6.6823954149893,0.514359804578425,0.473692785459406,0.999997068196745,0.999983379322086,"group_idyes"
"15180","TUBD1","Exc L4-5 RORB GABRG1",-0.0353324937683986,4.40672142518549,0.639913603203184,0.424235728503489,0.999997068196745,0.999983379322086,"group_idyes"
"15181","RPS6KB1","Exc L4-5 RORB GABRG1",-0.0498874708444181,5.45251916880703,2.01011234950685,0.157063145095047,0.999997068196745,0.999983379322086,"group_idyes"
"15182","AC005702.1","Exc L4-5 RORB GABRG1",0.0316724508108108,1.99869592127714,0.107967812195718,0.742648493543485,0.999997068196745,0.999983379322086,"group_idyes"
"15183","RNFT1","Exc L4-5 RORB GABRG1",0.00218521091659675,4.38356874550176,0.00220013282802051,0.962612823953061,0.999997068196745,0.999983379322086,"group_idyes"
"15184","RNFT1-DT","Exc L4-5 RORB GABRG1",-0.260261289307596,1.12889569233403,3.28385960755619,0.0707436764388608,0.999997068196745,0.999983379322086,"group_idyes"
"15185","HEATR6","Exc L4-5 RORB GABRG1",0.0445389977288648,4.30101487652326,1.39722974186422,0.237918017159771,0.999997068196745,0.999983379322086,"group_idyes"
"15186","AC025048.4","Exc L4-5 RORB GABRG1",-0.155012982720338,1.02036108403008,1.55674125345546,0.212901887114909,0.999997068196745,0.999983379322086,"group_idyes"
"15187","CA4","Exc L4-5 RORB GABRG1",0.0148746021287698,3.44766914036067,0.0157383261019297,0.900230866768094,0.999997068196745,0.999983379322086,"group_idyes"
"15188","USP32","Exc L4-5 RORB GABRG1",-0.0536901526517454,6.26034649125303,2.84270635400406,0.0926002366478654,0.999997068196745,0.999983379322086,"group_idyes"
"15189","APPBP2","Exc L4-5 RORB GABRG1",0.00520428440053759,6.5153283627861,0.0511055700286462,0.821270596128243,0.999997068196745,0.999983379322086,"group_idyes"
"15190","AC011921.1","Exc L4-5 RORB GABRG1",-0.104420211329314,0.379744704548431,0.448271342214653,0.503558615133221,0.999997068196745,0.999983379322086,"group_idyes"
"15191","LINC01999","Exc L4-5 RORB GABRG1",0.0966500919340818,-0.277887668663011,0.177914510275077,0.705078977938558,0.999997068196745,0.999983379322086,"group_idyes"
"15192","PPM1D","Exc L4-5 RORB GABRG1",-0.0352209949051925,4.92085139838848,0.867521265032835,0.352226536683587,0.999997068196745,0.999983379322086,"group_idyes"
"15193","BCAS3","Exc L4-5 RORB GABRG1",-0.0318279055321528,8.45035419018545,0.805290425305394,0.370077516449201,0.999997068196745,0.999983379322086,"group_idyes"
"15194","AC005884.1","Exc L4-5 RORB GABRG1",0.0399528107586627,1.42740875750447,0.0970826698030486,0.755527808983264,0.999997068196745,0.999983379322086,"group_idyes"
"15195","AC005746.2","Exc L4-5 RORB GABRG1",-0.0293328763730928,0.941736382643387,0.0354564059458469,0.85074177253592,0.999997068196745,0.999983379322086,"group_idyes"
"15196","NACA2","Exc L4-5 RORB GABRG1",0.148323615294937,2.54289032146836,1.18673582756443,0.276670845532768,0.999997068196745,0.999983379322086,"group_idyes"
"15197","BRIP1","Exc L4-5 RORB GABRG1",0.0130422602300395,4.03342594622042,0.0394452917284838,0.84267400099204,0.999997068196745,0.999983379322086,"group_idyes"
"15198","INTS2","Exc L4-5 RORB GABRG1",0.00470105681531928,4.89759849920178,0.0146526944690772,0.903715961152632,0.999997068196745,0.999983379322086,"group_idyes"
"15199","MED13","Exc L4-5 RORB GABRG1",0.0187959592398207,7.06009381944723,0.422508584836976,0.516075881561404,0.999997068196745,0.999983379322086,"group_idyes"
"15200","EFCAB3","Exc L4-5 RORB GABRG1",-0.0130666002571237,1.60120638778423,0.0118552632737999,0.913352945981151,0.999997068196745,0.999983379322086,"group_idyes"
"15201","METTL2A","Exc L4-5 RORB GABRG1",0.00924257765929592,3.53713722875505,0.0389348594036265,0.917005763159704,0.999997068196745,0.999983379322086,"group_idyes"
"15202","TLK2","Exc L4-5 RORB GABRG1",-0.0160192841445522,6.24904347768365,0.28996039770445,0.590557314571848,0.999997068196745,0.999983379322086,"group_idyes"
"15203","MRC2","Exc L4-5 RORB GABRG1",-0.0352863875441676,1.19748713883643,0.0905946668465663,0.763585115142329,0.999997068196745,0.999983379322086,"group_idyes"
"15204","MARCH10","Exc L4-5 RORB GABRG1",-0.088985836719354,1.29737351845272,0.783374017047245,0.376664051985523,0.999997068196745,0.999983379322086,"group_idyes"
"15205","AC005972.4","Exc L4-5 RORB GABRG1",-0.0912373284146815,2.02409283836227,0.809833701382978,0.368732342725213,0.999997068196745,0.999983379322086,"group_idyes"
"15206","TANC2","Exc L4-5 RORB GABRG1",-0.0451463925576406,7.79723139564356,1.6131108623393,0.204822656835125,0.999997068196745,0.999983379322086,"group_idyes"
"15207","AC006270.1","Exc L4-5 RORB GABRG1",-0.173112271545659,0.31532733333825,0.937984470256372,0.333405162397017,0.999997068196745,0.999983379322086,"group_idyes"
"15208","AC015923.1","Exc L4-5 RORB GABRG1",-0.0657138954665833,2.78167513416702,0.222125068692939,0.637692609208009,0.999997068196745,0.999983379322086,"group_idyes"
"15209","AC005828.3","Exc L4-5 RORB GABRG1",0.0425081245296056,1.0398246977736,0.108241135527443,0.742334550744978,0.999997068196745,0.999983379322086,"group_idyes"
"15210","CYB561","Exc L4-5 RORB GABRG1",0.0829955347420057,5.06409635489568,1.56726769803809,0.211364822656593,0.999997068196745,0.999983379322086,"group_idyes"
"15211","ACE","Exc L4-5 RORB GABRG1",0.0277851758511029,1.52820017445173,0.0767284224551987,0.934449094233158,0.999997068196745,0.999983379322086,"group_idyes"
"15212","KCNH6","Exc L4-5 RORB GABRG1",-0.104190183848506,1.07922749229722,0.804099847090229,0.370431156627611,0.999997068196745,0.999983379322086,"group_idyes"
"15213","DCAF7","Exc L4-5 RORB GABRG1",-0.0108289924879358,6.14145678398394,0.208502677249234,0.648201212256616,0.999997068196745,0.999983379322086,"group_idyes"
"15214","TACO1","Exc L4-5 RORB GABRG1",0.0172390543017967,2.67320739714725,0.0431977491267999,0.835463342072105,0.999997068196745,0.999983379322086,"group_idyes"
"15215","MAP3K3","Exc L4-5 RORB GABRG1",-0.0125082253763962,6.27202004854401,0.107291125703777,0.743427644180988,0.999997068196745,0.999983379322086,"group_idyes"
"15216","STRADA","Exc L4-5 RORB GABRG1",0.0165581865525117,0.847245663324743,0.0170122272185973,0.896293668107375,0.999997068196745,0.999983379322086,"group_idyes"
"15217","AC046185.1","Exc L4-5 RORB GABRG1",-0.1966208780286,0.293951013966558,1.52346981881982,0.217848550920326,0.999997068196745,0.999983379322086,"group_idyes"
"15218","CCDC47","Exc L4-5 RORB GABRG1",0.0304185217397351,4.22047880667305,0.294552867844056,0.587631865166435,0.999997068196745,0.999983379322086,"group_idyes"
"15219","DDX42","Exc L4-5 RORB GABRG1",0.0312912891557803,5.87198108950238,0.892489024616589,0.345396604356539,0.999997068196745,0.999983379322086,"group_idyes"
"15220","FTSJ3","Exc L4-5 RORB GABRG1",0.0654221981772098,2.71664793666607,1.1235500195636,0.289820316295301,0.999997068196745,0.999983379322086,"group_idyes"
"15221","PSMC5","Exc L4-5 RORB GABRG1",-0.00118014285890947,4.11050023210213,0.000152811461092719,0.990143454566838,0.999997068196745,0.999983379322086,"group_idyes"
"15222","SMARCD2","Exc L4-5 RORB GABRG1",0.0736432213599436,4.53826960903077,1.72895260311406,0.189327930874288,0.999997068196745,0.999983379322086,"group_idyes"
"15223","ERN1","Exc L4-5 RORB GABRG1",-0.119585944833318,3.2407192216577,4.29825327841573,0.0388166473270991,0.999997068196745,0.999983379322086,"group_idyes"
"15224","SNHG25","Exc L4-5 RORB GABRG1",0.0242067899043115,3.012061846078,0.0742763770482912,0.785355414915827,0.999997068196745,0.999983379322086,"group_idyes"
"15225","TEX2","Exc L4-5 RORB GABRG1",-0.053645682392015,5.18383692197328,2.70239835492253,0.101015882082534,0.999997068196745,0.999983379322086,"group_idyes"
"15226","PECAM1","Exc L4-5 RORB GABRG1",-0.00774189009973754,1.38190718945722,0.00441048351866719,0.947084734505574,0.999997068196745,0.999983379322086,"group_idyes"
"15227","POLG2","Exc L4-5 RORB GABRG1",-0.0841395420956031,3.23771173290093,2.47486771575094,0.116501144191634,0.999997068196745,0.999983379322086,"group_idyes"
"15228","DDX5","Exc L4-5 RORB GABRG1",0.0515204415701536,7.44065369958192,1.59272356195652,0.207701974981155,0.999997068196745,0.999983379322086,"group_idyes"
"15229","CEP95","Exc L4-5 RORB GABRG1",0.0445997946031945,5.89572936399233,1.18678648925391,0.276660609025386,0.999997068196745,0.999983379322086,"group_idyes"
"15230","SMURF2","Exc L4-5 RORB GABRG1",-0.00210363493846178,5.58375801866405,0.00466872101254397,0.945560000802927,0.999997068196745,0.999983379322086,"group_idyes"
"15231","LRRC37A3","Exc L4-5 RORB GABRG1",-0.0317510888978045,7.136979258728,0.369792784808308,0.543476050721255,0.999997068196745,0.999983379322086,"group_idyes"
"15232","AC103810.2","Exc L4-5 RORB GABRG1",0.0938395941651861,2.17674890940873,0.26725259556297,0.6054777933975,0.999997068196745,0.999983379322086,"group_idyes"
"15233","GNA13","Exc L4-5 RORB GABRG1",-0.0454646413438332,4.42920475315939,1.40230364265975,0.342719849675959,0.999997068196745,0.999983379322086,"group_idyes"
"15234","RGS9","Exc L4-5 RORB GABRG1",0.0207457878623693,1.39790974154995,0.0368414889050225,0.847889397964583,0.999997068196745,0.999983379322086,"group_idyes"
"15235","AXIN2","Exc L4-5 RORB GABRG1",-0.00562726250551679,3.42158863814842,0.0133638497191872,0.908028197267902,0.999997068196745,0.999983379322086,"group_idyes"
"15236","AC004805.1","Exc L4-5 RORB GABRG1",-0.0198416165928363,5.73684105041291,0.155158612127601,0.693871780173904,0.999997068196745,0.999983379322086,"group_idyes"
"15237","CEP112","Exc L4-5 RORB GABRG1",-0.0337475687955819,7.92666244299069,0.714808917011924,0.398377470941086,0.999997068196745,0.999983379322086,"group_idyes"
"15238","APOH","Exc L4-5 RORB GABRG1",0.179349580771646,0.308001992386324,1.20799669708006,0.283211253067409,0.999997068196745,0.999983379322086,"group_idyes"
"15239","PRKCA","Exc L4-5 RORB GABRG1",-0.117046152044293,6.65185124043017,4.51414192320317,0.0342527865677663,0.999997068196745,0.999983379322086,"group_idyes"
"15240","PRKCA-AS1","Exc L4-5 RORB GABRG1",-0.159245091221241,1.52158377356118,1.12648448896188,0.289192249124623,0.999997068196745,0.999983379322086,"group_idyes"
"15241","CACNG4","Exc L4-5 RORB GABRG1",-0.104743243928323,0.91478566336454,0.677707416819907,0.410887271248438,0.999997068196745,0.999983379322086,"group_idyes"
"15242","HELZ","Exc L4-5 RORB GABRG1",0.000283335499263615,7.1379054743449,0.000121178375067657,0.991222686267485,0.999997068196745,0.999983379322086,"group_idyes"
"15243","PSMD12","Exc L4-5 RORB GABRG1",0.00926087959068044,5.67049439884696,0.0644731978327408,0.902043778371096,0.999997068196745,0.999983379322086,"group_idyes"
"15244","PITPNC1","Exc L4-5 RORB GABRG1",-0.0877335586477546,5.16575378105424,2.98432813627124,0.0848766944025459,0.999997068196745,0.999983379322086,"group_idyes"
"15245","NOL11","Exc L4-5 RORB GABRG1",0.0301220366312219,4.05461534585269,0.607750999992779,0.727366174538339,0.999997068196745,0.999983379322086,"group_idyes"
"15246","BPTF","Exc L4-5 RORB GABRG1",0.0124524145805601,7.93469590709989,0.15326598593305,0.695650339603483,0.999997068196745,0.999983379322086,"group_idyes"
"15247","C17orf58","Exc L4-5 RORB GABRG1",0.0043674772595179,2.61464372367692,0.00313769273410974,0.955358846937059,0.999997068196745,0.999983379322086,"group_idyes"
"15248","KPNA2","Exc L4-5 RORB GABRG1",0.0624806496741665,3.88869227592397,1.07588613443981,0.300271156718773,0.999997068196745,0.999983379322086,"group_idyes"
"15249","AC005332.7","Exc L4-5 RORB GABRG1",-0.00529453791042767,2.6462497342007,0.00531370786360102,0.941927408038856,0.999997068196745,0.999983379322086,"group_idyes"
"15250","AC005332.4","Exc L4-5 RORB GABRG1",-0.183624332529034,0.975615103312578,2.53113369295904,0.187456019762039,0.999997068196745,0.999983379322086,"group_idyes"
"15251","AC005332.6","Exc L4-5 RORB GABRG1",-0.0155400554551569,2.23657384403103,0.0358976281974216,0.944705094813064,0.999997068196745,0.999983379322086,"group_idyes"
"15252","AC005332.8","Exc L4-5 RORB GABRG1",0.0814557013637893,1.04128053386471,0.464990610012446,0.495711093723506,0.999997068196745,0.999983379322086,"group_idyes"
"15253","AC005332.5","Exc L4-5 RORB GABRG1",0.088612683784145,2.41855361750849,1.4754095206423,0.225239107750284,0.999997068196745,0.999983379322086,"group_idyes"
"15254","AMZ2","Exc L4-5 RORB GABRG1",0.0696196181908085,4.37102433756918,1.73961215376442,0.187972481058724,0.999997068196745,0.999983379322086,"group_idyes"
"15255","ARSG","Exc L4-5 RORB GABRG1",-0.0560737034879858,5.69339606274714,1.01410502919987,0.314554335040183,0.999997068196745,0.999983379322086,"group_idyes"
"15256","SLC16A6","Exc L4-5 RORB GABRG1",-0.0749371690170693,3.39315442858227,0.972995089356489,0.324554278220943,0.999997068196745,0.999983379322086,"group_idyes"
"15257","WIPI1","Exc L4-5 RORB GABRG1",0.00664747470918292,5.06300394191709,0.0263538748600998,0.871124316061214,0.999997068196745,0.999983379322086,"group_idyes"
"15258","PRKAR1A","Exc L4-5 RORB GABRG1",0.00705158861247919,6.62086940295633,0.0225480371229994,0.88071704384758,0.999997068196745,0.999983379322086,"group_idyes"
"15259","FAM20A","Exc L4-5 RORB GABRG1",-0.0624410574678234,2.84973559518892,0.403599703387391,0.525613713476935,0.999997068196745,0.999983379322086,"group_idyes"
"15260","AC079210.1","Exc L4-5 RORB GABRG1",0.0445405689802634,0.631646461901604,0.089822011141486,0.764565404942537,0.999997068196745,0.999983379322086,"group_idyes"
"15261","LINC01482","Exc L4-5 RORB GABRG1",-0.135952641362521,3.67984347746788,1.64793007966239,0.20001350010408,0.999997068196745,0.999983379322086,"group_idyes"
"15262","ABCA8","Exc L4-5 RORB GABRG1",-0.218675425583587,1.08647903842106,1.74866751440008,0.186829911446981,0.999997068196745,0.999983379322086,"group_idyes"
"15263","ABCA9-AS1","Exc L4-5 RORB GABRG1",0.0703897544479787,2.0705200759274,0.328017899359925,0.567163109291913,0.999997068196745,0.999983379322086,"group_idyes"
"15264","ABCA9","Exc L4-5 RORB GABRG1",-0.0143540942616686,5.51400647375411,0.0764113258161151,0.782369336241415,0.999997068196745,0.999983379322086,"group_idyes"
"15265","ABCA6","Exc L4-5 RORB GABRG1",-0.0148867818049433,5.65530651447727,0.103459012003995,0.747892200961159,0.999997068196745,0.999983379322086,"group_idyes"
"15266","ABCA10","Exc L4-5 RORB GABRG1",0.0128781895715897,6.94087395953715,0.0587846384223563,0.808556480716065,0.999997068196745,0.999983379322086,"group_idyes"
"15267","ABCA5","Exc L4-5 RORB GABRG1",-0.0212713901237855,7.64092859430309,0.621289105216417,0.431054034856828,0.999997068196745,0.999983379322086,"group_idyes"
"15268","MAP2K6","Exc L4-5 RORB GABRG1",0.0122540796838208,5.84462570203158,0.0665650209064598,0.796543333795075,0.999997068196745,0.999983379322086,"group_idyes"
"15269","LINC01483","Exc L4-5 RORB GABRG1",-0.00874209977807054,3.26056395415101,0.00859152644734651,0.926197701203019,0.999997068196745,0.999983379322086,"group_idyes"
"15270","AC005208.1","Exc L4-5 RORB GABRG1",-0.0890223200876928,0.854794173821558,0.51059561770564,0.475314462851332,0.999997068196745,0.999983379322086,"group_idyes"
"15271","KCNJ2","Exc L4-5 RORB GABRG1",0.019220000374493,3.56559490531468,0.0965910186060596,0.758490747766256,0.999997068196745,0.999983379322086,"group_idyes"
"15272","SOX9","Exc L4-5 RORB GABRG1",-0.0725612145464571,1.21935587228943,0.220872333743035,0.638642323540487,0.999997068196745,0.999983379322086,"group_idyes"
"15273","LINC00511","Exc L4-5 RORB GABRG1",-0.0322188542397572,4.96955634229333,0.183236766601288,0.668845768986447,0.999997068196745,0.999983379322086,"group_idyes"
"15274","SLC39A11","Exc L4-5 RORB GABRG1",-0.0869896618670344,5.11529104546951,2.45709069385409,0.117817387856655,0.999997068196745,0.999983379322086,"group_idyes"
"15275","SSTR2","Exc L4-5 RORB GABRG1",-0.00730525003359737,2.31831425437891,0.00358061227585178,0.952315556614852,0.999997068196745,0.999983379322086,"group_idyes"
"15276","COG1","Exc L4-5 RORB GABRG1",-0.020859361432247,4.82123967635469,0.185695621468638,0.666764854278605,0.999997068196745,0.999983379322086,"group_idyes"
"15277","FAM104A","Exc L4-5 RORB GABRG1",0.0273308593531485,4.25773009907445,0.478989446567243,0.489297887084907,0.999997068196745,0.999983379322086,"group_idyes"
"15278","C17orf80","Exc L4-5 RORB GABRG1",0.0287372393856041,4.09863370071406,0.528210003892858,0.48225017472522,0.999997068196745,0.999983379322086,"group_idyes"
"15279","CDC42EP4","Exc L4-5 RORB GABRG1",0.0810406204951502,2.37972930560768,1.31009663576759,0.455643209059043,0.999997068196745,0.999983379322086,"group_idyes"
"15280","SDK2","Exc L4-5 RORB GABRG1",-0.0295654810976731,3.56102439842111,0.125532297889622,0.723304150015719,0.999997068196745,0.999983379322086,"group_idyes"
"15281","RPL38","Exc L4-5 RORB GABRG1",-0.00780688213768827,4.49893776809121,0.00330746152907534,0.954168372072376,0.999997068196745,0.999983379322086,"group_idyes"
"15282","TTYH2","Exc L4-5 RORB GABRG1",-0.00115507610363617,1.65273684548382,0.000133321757775926,0.990793412314355,0.999997068196745,0.999983379322086,"group_idyes"
"15283","DNAI2","Exc L4-5 RORB GABRG1",-0.0364275406460691,0.392843261897989,0.056695519934428,0.811923929289157,0.999997068196745,0.999983379322086,"group_idyes"
"15284","KIF19","Exc L4-5 RORB GABRG1",-0.0690312308631968,0.0327622084151472,0.12069840365631,0.728468222053033,0.999997068196745,0.999983379322086,"group_idyes"
"15285","RAB37","Exc L4-5 RORB GABRG1",-0.0282490539250317,5.30582541224391,0.259640616037854,0.610659311100191,0.999997068196745,0.999983379322086,"group_idyes"
"15286","CD300LF","Exc L4-5 RORB GABRG1",0.145636885732276,0.853311240244364,1.13865454830998,0.286605941513917,0.999997068196745,0.999983379322086,"group_idyes"
"15287","SLC9A3R1","Exc L4-5 RORB GABRG1",0.0691677675326842,0.356575835433458,0.16439204413843,0.685370017210377,0.999997068196745,0.999983379322086,"group_idyes"
"15288","NAT9","Exc L4-5 RORB GABRG1",-0.0180802747913987,4.07956309207663,0.082754030435757,0.773754246336463,0.999997068196745,0.999983379322086,"group_idyes"
"15289","TMEM104","Exc L4-5 RORB GABRG1",-0.0718408807017044,2.97639217020474,1.31078918167062,0.380887487142749,0.999997068196745,0.999983379322086,"group_idyes"
"15290","GRIN2C","Exc L4-5 RORB GABRG1",-0.113145599896417,0.366108484304055,0.48175224381571,0.488048571714786,0.999997068196745,0.999983379322086,"group_idyes"
"15291","FDXR","Exc L4-5 RORB GABRG1",0.0696437409244339,1.39834920088445,0.522017038929779,0.470421484905795,0.999997068196745,0.999983379322086,"group_idyes"
"15292","FADS6","Exc L4-5 RORB GABRG1",-0.0828528438608401,3.61649248187834,2.64416555025225,0.104749498427175,0.999997068196745,0.999983379322086,"group_idyes"
"15293","HID1","Exc L4-5 RORB GABRG1",-0.0284915633499002,5.23226591367948,0.728342241324818,0.450191021172468,0.999997068196745,0.999983379322086,"group_idyes"
"15294","CDR2L","Exc L4-5 RORB GABRG1",0.0109963570872101,3.48752613278485,0.0459100492249854,0.830452909261077,0.999997068196745,0.999983379322086,"group_idyes"
"15295","MRPL58","Exc L4-5 RORB GABRG1",-0.0371165641150743,3.32171243704666,0.467742138502259,0.8173917689875,0.999997068196745,0.999983379322086,"group_idyes"
"15296","KCTD2","Exc L4-5 RORB GABRG1",0.0719418690915333,5.44584037431867,2.46847581816083,0.116972525224751,0.999997068196745,0.999983379322086,"group_idyes"
"15297","ATP5PD","Exc L4-5 RORB GABRG1",-0.00351438752205747,3.93314881935946,0.00155553012055166,0.968559880201685,0.999997068196745,0.999983379322086,"group_idyes"
"15298","ARMC7","Exc L4-5 RORB GABRG1",-0.0934607804733885,2.84896843444644,2.57822490739736,0.10916355096589,0.999997068196745,0.999983379322086,"group_idyes"
"15299","NT5C","Exc L4-5 RORB GABRG1",-0.0584202388375183,2.56571826594758,0.276664400712761,0.599198923802932,0.999997068196745,0.999983379322086,"group_idyes"
"15300","JPT1","Exc L4-5 RORB GABRG1",-0.0358032777895818,4.72548179811018,0.303712180502423,0.58188441463979,0.999997068196745,0.999983379322086,"group_idyes"
"15301","SUMO2","Exc L4-5 RORB GABRG1",-0.0149873083675865,3.55902958595624,0.071128665657398,0.78984336546022,0.999997068196745,0.999983379322086,"group_idyes"
"15302","NUP85","Exc L4-5 RORB GABRG1",-0.0243575843399164,4.2992583613547,0.282082588644358,0.595645927792181,0.999997068196745,0.999983379322086,"group_idyes"
"15303","GGA3","Exc L4-5 RORB GABRG1",-0.00338907159570927,5.18936924016115,0.0155165660434236,0.900932593037024,0.999997068196745,0.999983379322086,"group_idyes"
"15304","MRPS7","Exc L4-5 RORB GABRG1",-0.0334164154559514,4.07713772423341,0.150304016999934,0.698459398290009,0.999997068196745,0.999983379322086,"group_idyes"
"15305","MIF4GD","Exc L4-5 RORB GABRG1",-0.0746809781136535,2.50194252825085,0.658418054461374,0.417620699662439,0.999997068196745,0.999983379322086,"group_idyes"
"15306","SLC25A19","Exc L4-5 RORB GABRG1",-0.132058833723548,2.05976800720639,3.29990906076484,0.0700617537731309,0.999997068196745,0.999983379322086,"group_idyes"
"15307","GRB2","Exc L4-5 RORB GABRG1",0.0247968323268553,6.33172126931335,0.880868756332527,0.348552676546814,0.999997068196745,0.999983379322086,"group_idyes"
"15308","AC011933.4","Exc L4-5 RORB GABRG1",-0.0291437264973118,2.26669856419288,0.0591947128821768,0.807902956774977,0.999997068196745,0.999983379322086,"group_idyes"
"15309","TMEM94","Exc L4-5 RORB GABRG1",-0.00558039724752529,5.07370658413212,0.0336488601770763,0.854552364405026,0.999997068196745,0.999983379322086,"group_idyes"
"15310","CASKIN2","Exc L4-5 RORB GABRG1",0.0518129819761011,2.3016183346009,0.471830568395677,0.492560041790544,0.999997068196745,0.999983379322086,"group_idyes"
"15311","TSEN54","Exc L4-5 RORB GABRG1",-0.0702129028757362,4.41322722657903,2.38120655246061,0.12362477132959,0.999997068196745,0.999983379322086,"group_idyes"
"15312","LLGL2","Exc L4-5 RORB GABRG1",-0.031957197460924,1.8075138582725,0.108220861441207,0.74235782273269,0.999997068196745,0.999983379322086,"group_idyes"
"15313","MYO15B","Exc L4-5 RORB GABRG1",0.0495324463118538,0.972267450434702,0.165639739431875,0.684242673887548,0.999997068196745,0.999983379322086,"group_idyes"
"15314","RECQL5","Exc L4-5 RORB GABRG1",-0.0390351047399679,3.50790298860418,0.468401426689426,0.494135563987732,0.999997068196745,0.999983379322086,"group_idyes"
"15315","SAP30BP","Exc L4-5 RORB GABRG1",0.00237067821573572,4.58127750517599,0.00380334265940512,0.950856663239219,0.999997068196745,0.999983379322086,"group_idyes"
"15316","ITGB4","Exc L4-5 RORB GABRG1",-0.153461560636076,1.07202803023495,1.41266521659734,0.235347587354482,0.999997068196745,0.999983379322086,"group_idyes"
"15317","GALK1","Exc L4-5 RORB GABRG1",-0.0568837067195903,1.57456157938165,0.27895431765637,0.59769191857299,0.999997068196745,0.999983379322086,"group_idyes"
"15318","H3F3B","Exc L4-5 RORB GABRG1",0.00960656140524875,6.20696709335496,0.0117522829239914,0.913728612989124,0.999997068196745,0.999983379322086,"group_idyes"
"15319","UNK","Exc L4-5 RORB GABRG1",-0.0316322527794283,5.03182283390484,0.517018143738898,0.472552933325752,0.999997068196745,0.999983379322086,"group_idyes"
"15320","UNC13D","Exc L4-5 RORB GABRG1",-0.0719319009131332,1.82993202488485,0.500571088117267,0.479677651015879,0.999997068196745,0.999983379322086,"group_idyes"
"15321","WBP2","Exc L4-5 RORB GABRG1",0.0473491955173776,6.58607341322435,0.508945024094508,0.476028418884207,0.999997068196745,0.999983379322086,"group_idyes"
"15322","TRIM47","Exc L4-5 RORB GABRG1",0.0583963483032688,1.96783691326848,0.292229878768123,0.589107918391951,0.999997068196745,0.999983379322086,"group_idyes"
"15323","TRIM65","Exc L4-5 RORB GABRG1",-0.010180382072567,3.29390255802024,0.0373995157449977,0.846755959382079,0.999997068196745,0.999983379322086,"group_idyes"
"15324","AC087289.3","Exc L4-5 RORB GABRG1",-0.0259869824712966,2.41024473314494,0.129967445859333,0.71866364163527,0.999997068196745,0.999983379322086,"group_idyes"
"15325","FBF1","Exc L4-5 RORB GABRG1",-0.0899994978236914,3.81965020936065,2.21637119863707,0.137372911199504,0.999997068196745,0.999983379322086,"group_idyes"
"15326","ACOX1","Exc L4-5 RORB GABRG1",-0.00569426071557575,4.86165656427162,0.0295650830006657,0.987867676252294,0.999997068196745,0.999983379322086,"group_idyes"
"15327","TEN1","Exc L4-5 RORB GABRG1",-0.00119223283397894,1.59655930129579,0.000285130270341238,0.986536473646762,0.999997068196745,0.999983379322086,"group_idyes"
"15328","CDK3","Exc L4-5 RORB GABRG1",0.024811153887203,1.64783891502953,0.0622945217343271,0.803038639055913,0.999997068196745,0.999983379322086,"group_idyes"
"15329","EVPL","Exc L4-5 RORB GABRG1",-0.375212205363454,0.535623021257293,4.27529532736115,0.0393382982052641,0.999997068196745,0.999983379322086,"group_idyes"
"15330","SRP68","Exc L4-5 RORB GABRG1",0.0255171191427898,4.73774588914661,0.274597366750924,0.600566104391324,0.999997068196745,0.999983379322086,"group_idyes"
"15331","EXOC7","Exc L4-5 RORB GABRG1",-0.0194332730016854,5.60045000124982,0.266550979987763,0.60595145040456,0.999997068196745,0.999983379322086,"group_idyes"
"15332","RNF157-AS1","Exc L4-5 RORB GABRG1",0.00213333092559419,1.21350051989089,0.000367906308639508,0.984706750548482,0.999997068196745,0.999983379322086,"group_idyes"
"15333","RNF157","Exc L4-5 RORB GABRG1",-0.0323621390273641,6.95397579828009,1.21630386276237,0.270776625219473,0.999997068196745,0.999983379322086,"group_idyes"
"15334","UBALD2","Exc L4-5 RORB GABRG1",0.0074039558115562,3.34919197629861,0.0117342712184691,0.913794489632867,0.999997068196745,0.999983379322086,"group_idyes"
"15335","QRICH2","Exc L4-5 RORB GABRG1",0.0276352699857253,4.27650567577035,0.150609544921436,0.69816817698029,0.999997068196745,0.999983379322086,"group_idyes"
"15336","PRPSAP1","Exc L4-5 RORB GABRG1",-0.0199371098942285,5.51658698219587,0.278458476882914,0.598017561022873,0.999997068196745,0.999983379322086,"group_idyes"
"15337","UBE2O","Exc L4-5 RORB GABRG1",-0.0177672146106568,6.62519103366541,0.462108331110364,0.497049096967842,0.999997068196745,0.999983379322086,"group_idyes"
"15338","RHBDF2","Exc L4-5 RORB GABRG1",-0.122273167891469,1.07693817647327,0.768768141841876,0.381145552213978,0.999997068196745,0.999983379322086,"group_idyes"
"15339","CYGB","Exc L4-5 RORB GABRG1",0.0403336235688284,4.03749246590379,0.363693775604923,0.546817267477457,0.999997068196745,0.999983379322086,"group_idyes"
"15340","PRCD","Exc L4-5 RORB GABRG1",0.0440080339532176,3.51138689151269,0.382868931825283,0.536437999022156,0.999997068196745,0.999983379322086,"group_idyes"
"15341","AC015802.4","Exc L4-5 RORB GABRG1",0.0781853487667616,0.621109613533906,0.302388782927412,0.639585682752092,0.999997068196745,0.999983379322086,"group_idyes"
"15342","ST6GALNAC2","Exc L4-5 RORB GABRG1",-0.082788026248071,0.699344216755634,0.276894619584108,0.59904705612226,0.999997068196745,0.999983379322086,"group_idyes"
"15343","MXRA7","Exc L4-5 RORB GABRG1",0.0476443960145019,4.94927438027474,1.50028690435531,0.44330405585697,0.999997068196745,0.999983379322086,"group_idyes"
"15344","JMJD6","Exc L4-5 RORB GABRG1",0.0452600080990709,3.9932254005041,0.747290100140781,0.754818408278441,0.999997068196745,0.999983379322086,"group_idyes"
"15345","METTL23","Exc L4-5 RORB GABRG1",0.096724086399148,1.82948136831303,1.16137600168674,0.389447722452881,0.999997068196745,0.999983379322086,"group_idyes"
"15346","SRSF2","Exc L4-5 RORB GABRG1",0.0103577670034794,5.54214141204387,0.0486202491224824,0.825598736781385,0.999997068196745,0.999983379322086,"group_idyes"
"15347","MFSD11","Exc L4-5 RORB GABRG1",-0.0383406957912934,6.37635355775574,1.0374219823197,0.309061876043996,0.999997068196745,0.999983379322086,"group_idyes"
"15348","LINC02080","Exc L4-5 RORB GABRG1",0.229738241845954,1.97813561491701,3.19582225992703,0.0746135925766169,0.999997068196745,0.999983379322086,"group_idyes"
"15349","LINC00868","Exc L4-5 RORB GABRG1",0.241857877781022,0.0401309916385013,1.63636134077929,0.201596411523166,0.999997068196745,0.999983379322086,"group_idyes"
"15350","MGAT5B","Exc L4-5 RORB GABRG1",-0.0325065820436563,7.1098348588558,0.608881794918169,0.435688951457146,0.999997068196745,0.999983379322086,"group_idyes"
"15351","SEC14L1","Exc L4-5 RORB GABRG1",0.00210372200696864,5.18346485803684,0.00356026616305282,0.952451066695168,0.999997068196745,0.999983379322086,"group_idyes"
"15352","SEPT9","Exc L4-5 RORB GABRG1",0.0183937457659861,6.52733306670852,0.252044147664299,0.615926589387684,0.999997068196745,0.999983379322086,"group_idyes"
"15353","AC021683.3","Exc L4-5 RORB GABRG1",0.0317192854069703,2.16721797903379,0.166642394102153,0.683340317169459,0.999997068196745,0.999983379322086,"group_idyes"
"15354","AC021683.2","Exc L4-5 RORB GABRG1",0.0871814688593046,2.16603865792053,0.487144812205504,0.485625321202507,0.999997068196745,0.999983379322086,"group_idyes"
"15355","TNRC6C","Exc L4-5 RORB GABRG1",-0.0259234851563808,8.13865588474293,0.810212745437969,0.36862042401222,0.999997068196745,0.999983379322086,"group_idyes"
"15356","TMC6","Exc L4-5 RORB GABRG1",-0.125911880515299,0.41061359087349,0.52682981532632,0.468384026274736,0.999997068196745,0.999983379322086,"group_idyes"
"15357","TMC8","Exc L4-5 RORB GABRG1",-0.114120084689479,0.363477980927407,0.442122241267279,0.506498284611042,0.999997068196745,0.999983379322086,"group_idyes"
"15358","C17orf99","Exc L4-5 RORB GABRG1",0.0402780892597105,0.140641120960074,0.0560904724267075,0.812911412815785,0.999997068196745,0.999983379322086,"group_idyes"
"15359","SYNGR2","Exc L4-5 RORB GABRG1",0.0681050541946168,1.89132302870603,0.721120880411796,0.396304568818553,0.999997068196745,0.999983379322086,"group_idyes"
"15360","AFMID","Exc L4-5 RORB GABRG1",-0.00742842602348293,3.07240905331421,0.0110846579862528,0.916205563401272,0.999997068196745,0.999983379322086,"group_idyes"
"15361","BIRC5","Exc L4-5 RORB GABRG1",-0.116473978049726,0.229418003497096,0.455907033322794,0.499948657108146,0.999997068196745,0.999983379322086,"group_idyes"
"15362","TMEM235","Exc L4-5 RORB GABRG1",-0.412262078899721,0.391643901269717,4.89356738031875,0.0275437842337421,0.999997068196745,0.999983379322086,"group_idyes"
"15363","LINC01993","Exc L4-5 RORB GABRG1",-0.0883059825212362,0.450366778744004,0.349045927777379,0.555000607708371,0.999997068196745,0.999983379322086,"group_idyes"
"15364","PGS1","Exc L4-5 RORB GABRG1",0.0058872205093877,4.55007306921794,0.0236887129412722,0.960769078015736,0.999997068196745,0.999983379322086,"group_idyes"
"15365","DNAH17","Exc L4-5 RORB GABRG1",-0.200790430553945,2.56516953635558,3.24292220681882,0.0725156038860457,0.999997068196745,0.999983379322086,"group_idyes"
"15366","CYTH1","Exc L4-5 RORB GABRG1",-0.0418242023961849,5.4749239414957,1.43144621193114,0.232265343250771,0.999997068196745,0.999983379322086,"group_idyes"
"15367","USP36","Exc L4-5 RORB GABRG1",-0.023897064926554,5.50908622340137,0.389776620892637,0.532786876681158,0.999997068196745,0.999983379322086,"group_idyes"
"15368","TIMP2","Exc L4-5 RORB GABRG1",0.0880598476480217,3.66475710321727,0.814896289337252,0.367241434538438,0.999997068196745,0.999983379322086,"group_idyes"
"15369","LGALS3BP","Exc L4-5 RORB GABRG1",-0.163857559181328,0.450026088424469,1.02082506017716,0.312958386156249,0.999997068196745,0.999983379322086,"group_idyes"
"15370","CANT1","Exc L4-5 RORB GABRG1",0.0131215371137522,3.0296031032314,0.0420283757316962,0.908595796614642,0.999997068196745,0.999983379322086,"group_idyes"
"15371","ENGASE","Exc L4-5 RORB GABRG1",0.145747500631607,3.02473614309798,4.39767638034774,0.0366401898300981,0.999997068196745,0.999983379322086,"group_idyes"
"15372","RBFOX3","Exc L4-5 RORB GABRG1",-0.0320353994820491,8.63796944038161,0.451602657798013,0.501978206100741,0.999997068196745,0.999983379322086,"group_idyes"
"15373","CBX4","Exc L4-5 RORB GABRG1",0.0801493139657769,4.0142820564975,1.86204598514024,0.173186433131658,0.999997068196745,0.999983379322086,"group_idyes"
"15374","TBC1D16","Exc L4-5 RORB GABRG1",-0.01263669032902,4.17029104765828,0.0394264795088637,0.842711029557743,0.999997068196745,0.999983379322086,"group_idyes"
"15375","CCDC40","Exc L4-5 RORB GABRG1",-0.0732020741699348,4.28343899668524,0.789558590099115,0.374788837874563,0.999997068196745,0.999983379322086,"group_idyes"
"15376","GAA","Exc L4-5 RORB GABRG1",0.0428363063915966,4.43528896502752,0.845740185843223,0.358336452113768,0.999997068196745,0.999983379322086,"group_idyes"
"15377","EIF4A3","Exc L4-5 RORB GABRG1",0.0959668295620551,2.98198577439529,1.79615273422363,0.332455178612952,0.999997068196745,0.999983379322086,"group_idyes"
"15378","CARD14","Exc L4-5 RORB GABRG1",-0.0602821288734325,1.01484864604357,0.228267843560339,0.877491200230688,0.999997068196745,0.999983379322086,"group_idyes"
"15379","AC087741.1","Exc L4-5 RORB GABRG1",-0.141582731538793,2.29367428417982,2.76643571239395,0.0970746273897815,0.999997068196745,0.999983379322086,"group_idyes"
"15380","SGSH","Exc L4-5 RORB GABRG1",0.0468404927979822,1.9838442322665,0.244210375324875,0.621463593286784,0.999997068196745,0.999983379322086,"group_idyes"
"15381","SLC26A11","Exc L4-5 RORB GABRG1",0.0224666574435067,4.81058685845231,0.265576248374705,0.60661079925736,0.999997068196745,0.999983379322086,"group_idyes"
"15382","RNF213","Exc L4-5 RORB GABRG1",0.0272448254510281,4.89294988898485,0.26039610592388,0.610140792029522,0.999997068196745,0.999983379322086,"group_idyes"
"15383","AC124319.2","Exc L4-5 RORB GABRG1",-0.0889012175424316,6.33091724001499,2.47716865105683,0.116331973705143,0.999997068196745,0.999983379322086,"group_idyes"
"15384","ENDOV","Exc L4-5 RORB GABRG1",-0.0554151548053373,4.44583715278786,1.41171905762136,0.235504174927188,0.999997068196745,0.999983379322086,"group_idyes"
"15385","NPTX1","Exc L4-5 RORB GABRG1",0.033276800253044,7.08700400151715,0.482190391663899,0.48785093261972,0.999997068196745,0.999983379322086,"group_idyes"
"15386","RPTOR","Exc L4-5 RORB GABRG1",-0.0438763740129524,6.81583989572689,0.945473239335167,0.331485158193382,0.999997068196745,0.999983379322086,"group_idyes"
"15387","CHMP6","Exc L4-5 RORB GABRG1",-0.00228997942741859,3.4374254466573,0.00142424331125674,0.969915236652669,0.999997068196745,0.999983379322086,"group_idyes"
"15388","BAIAP2-DT","Exc L4-5 RORB GABRG1",0.00104292889789266,3.34106853824613,0.000243574142431528,0.987556121314069,0.999997068196745,0.999983379322086,"group_idyes"
"15389","BAIAP2","Exc L4-5 RORB GABRG1",0.0744211255435731,6.55189690146345,2.06559998446561,0.151468393995121,0.999997068196745,0.999983379322086,"group_idyes"
"15390","AATK","Exc L4-5 RORB GABRG1",0.0141480876101378,6.3037852264063,0.199853518880164,0.655090669207269,0.999997068196745,0.999983379322086,"group_idyes"
"15391","PVALEF","Exc L4-5 RORB GABRG1",0.0480602857266145,3.15163347257018,0.497294377715617,0.481118082644711,0.999997068196745,0.999983379322086,"group_idyes"
"15392","CEP131","Exc L4-5 RORB GABRG1",0.0250633357971468,2.47604886243633,0.154896440594598,0.827216147908068,0.999997068196745,0.999983379322086,"group_idyes"
"15393","TEPSIN","Exc L4-5 RORB GABRG1",-0.00531099017954919,2.79445582285955,0.00770193874920466,0.982520625702205,0.999997068196745,0.999983379322086,"group_idyes"
"15394","NDUFAF8","Exc L4-5 RORB GABRG1",-0.0519933218306407,4.26254356645969,0.594440987971401,0.441180170587795,0.999997068196745,0.999983379322086,"group_idyes"
"15395","SLC38A10","Exc L4-5 RORB GABRG1",-0.0166038824472974,4.33396289175695,0.176038947738254,0.675033826683304,0.999997068196745,0.999983379322086,"group_idyes"
"15396","AC027601.4","Exc L4-5 RORB GABRG1",0.0441793251950019,1.85427041505279,0.296657232722949,0.586301221203874,0.999997068196745,0.999983379322086,"group_idyes"
"15397","AC110285.6","Exc L4-5 RORB GABRG1",0.0403240184879299,1.30116053610626,0.102892842929128,0.74855950792708,0.999997068196745,0.999983379322086,"group_idyes"
"15398","AC110285.1","Exc L4-5 RORB GABRG1",-0.0634886426803495,1.69600133551669,0.285474431625953,0.59344392894022,0.999997068196745,0.999983379322086,"group_idyes"
"15399","AC110285.2","Exc L4-5 RORB GABRG1",-0.00548706477477598,2.32636121550736,0.00261688913750233,0.95922812911355,0.999997068196745,0.999983379322086,"group_idyes"
"15400","BAHCC1","Exc L4-5 RORB GABRG1",-0.00292807294030534,4.9602029697898,0.0059073996294148,0.938775182793089,0.999997068196745,0.999983379322086,"group_idyes"
"15401","ACTG1","Exc L4-5 RORB GABRG1",-0.0425447816332641,6.8753925809224,0.212484676539936,0.645087340474143,0.999997068196745,0.999983379322086,"group_idyes"
"15402","AC139149.1","Exc L4-5 RORB GABRG1",-0.0295536803892221,1.48958218492682,0.0980060110770192,0.754405386080685,0.999997068196745,0.999983379322086,"group_idyes"
"15403","FAAP100","Exc L4-5 RORB GABRG1",-0.0325374042167186,2.89588597278515,0.164251764382493,0.685497076956875,0.999997068196745,0.999983379322086,"group_idyes"
"15404","NPLOC4","Exc L4-5 RORB GABRG1",-0.0235206563330322,6.17459823745341,0.420176316757856,0.517235748864435,0.999997068196745,0.999983379322086,"group_idyes"
"15405","TSPAN10","Exc L4-5 RORB GABRG1",0.00516316769272368,0.779645255234515,0.00143112342962225,0.969842693352295,0.999997068196745,0.999983379322086,"group_idyes"
"15406","OXLD1","Exc L4-5 RORB GABRG1",-0.123629668526857,3.07516275469671,1.838826430356,0.175883899826882,0.999997068196745,0.999983379322086,"group_idyes"
"15407","CCDC137","Exc L4-5 RORB GABRG1",0.032226425969298,3.52842094532459,0.363494011635283,0.779859111081576,0.999997068196745,0.999983379322086,"group_idyes"
"15408","ARL16","Exc L4-5 RORB GABRG1",-0.0792517197054044,3.81329531768437,1.20742902259928,0.272529052087012,0.999997068196745,0.999983379322086,"group_idyes"
"15409","HGS","Exc L4-5 RORB GABRG1",-0.0299719305675107,5.06170331252251,0.656372536297476,0.418344331440316,0.999997068196745,0.999983379322086,"group_idyes"
"15410","AC139530.3","Exc L4-5 RORB GABRG1",0.057072789826411,0.893962182747002,0.206736345699028,0.649593978200053,0.999997068196745,0.999983379322086,"group_idyes"
"15411","AC139530.1","Exc L4-5 RORB GABRG1",0.0951894775828565,1.87471225062315,1.09147196855621,0.452345804479511,0.999997068196745,0.999983379322086,"group_idyes"
"15412","SLC25A10","Exc L4-5 RORB GABRG1",0.0766195222289152,0.955833367977419,0.362441737447565,0.547507896746281,0.999997068196745,0.999983379322086,"group_idyes"
"15413","MCRIP1","Exc L4-5 RORB GABRG1",-0.0531687419504246,4.77783231752222,0.675815966695698,0.411540395132666,0.999997068196745,0.999983379322086,"group_idyes"
"15414","P4HB","Exc L4-5 RORB GABRG1",0.0572629402058002,4.95549806176905,1.85875887027637,0.235825786794718,0.999997068196745,0.999983379322086,"group_idyes"
"15415","ARHGDIA","Exc L4-5 RORB GABRG1",0.0278343721524895,4.884903320706,0.220694418405279,0.638777470022334,0.999997068196745,0.999983379322086,"group_idyes"
"15416","AC145207.5","Exc L4-5 RORB GABRG1",-0.0275134307172491,1.50690660201414,0.0750177227587555,0.784313352424823,0.999997068196745,0.999983379322086,"group_idyes"
"15417","ALYREF","Exc L4-5 RORB GABRG1",-0.0175891355064282,1.18476230405595,0.018620748808243,0.891530707694168,0.999997068196745,0.999983379322086,"group_idyes"
"15418","ANAPC11","Exc L4-5 RORB GABRG1",0.0313471901115684,4.03177153312034,0.0951750367238875,0.757865438964526,0.999997068196745,0.999983379322086,"group_idyes"
"15419","NPB","Exc L4-5 RORB GABRG1",0.157503212970414,0.455026998727064,1.0295398107673,0.310904450117506,0.999997068196745,0.999983379322086,"group_idyes"
"15420","PCYT2","Exc L4-5 RORB GABRG1",-0.00523117783688983,3.62233743358492,0.00585567350669121,0.939043292765213,0.999997068196745,0.999983379322086,"group_idyes"
"15421","SIRT7","Exc L4-5 RORB GABRG1",0.0904658679773827,4.40713438437628,2.45177036167081,0.118214516016369,0.999997068196745,0.999983379322086,"group_idyes"
"15422","MAFG","Exc L4-5 RORB GABRG1",0.0542436965736652,4.34651739737621,1.02712163466692,0.311472607445514,0.999997068196745,0.999983379322086,"group_idyes"
"15423","MAFG-DT","Exc L4-5 RORB GABRG1",0.0427337423664893,2.26830559312577,0.185219873547223,0.667166197362365,0.999997068196745,0.999983379322086,"group_idyes"
"15424","PYCR1","Exc L4-5 RORB GABRG1",-0.0515983631341201,1.13215475988226,0.190243452708618,0.84139963884209,0.999997068196745,0.999983379322086,"group_idyes"
"15425","AC145207.1","Exc L4-5 RORB GABRG1",-0.0295969476516863,2.96719794591276,0.145085783942026,0.703486742113404,0.999997068196745,0.999983379322086,"group_idyes"
"15426","ASPSCR1","Exc L4-5 RORB GABRG1",-0.0570195508772582,4.42886793056111,1.10758813184738,0.293267376953774,0.999997068196745,0.999983379322086,"group_idyes"
"15427","CENPX","Exc L4-5 RORB GABRG1",0.0264561211783044,3.24150602321369,0.0618198806653706,0.803774996056591,0.999997068196745,0.999983379322086,"group_idyes"
"15428","LRRC45","Exc L4-5 RORB GABRG1",0.0860255973000634,2.85383662501411,1.66726632475959,0.197400360047332,0.999997068196745,0.999983379322086,"group_idyes"
"15429","RAC3","Exc L4-5 RORB GABRG1",0.0394650635252041,2.77159957519543,0.230725418417352,0.631259461614713,0.999997068196745,0.999983379322086,"group_idyes"
"15430","DCXR","Exc L4-5 RORB GABRG1",0.11419988648083,2.95602119569991,1.26979780133966,0.260506954018068,0.999997068196745,0.999983379322086,"group_idyes"
"15431","RFNG","Exc L4-5 RORB GABRG1",-0.0172204863658362,4.61011538385802,0.126381086079264,0.722408992459638,0.999997068196745,0.999983379322086,"group_idyes"
"15432","GPS1","Exc L4-5 RORB GABRG1",0.0577788143089442,4.48287372902137,1.39681750992614,0.23798713181879,0.999997068196745,0.999983379322086,"group_idyes"
"15433","DUS1L","Exc L4-5 RORB GABRG1",0.0413697795640511,4.51392592699083,0.7906512694039,0.374458894379632,0.999997068196745,0.999983379322086,"group_idyes"
"15434","FASN","Exc L4-5 RORB GABRG1",0.00706363879539219,4.87479464901029,0.0172938269824095,0.895443785137957,0.999997068196745,0.999983379322086,"group_idyes"
"15435","CCDC57","Exc L4-5 RORB GABRG1",-0.0582928032429288,7.08375452230778,1.61814126980336,0.204119492487668,0.999997068196745,0.999983379322086,"group_idyes"
"15436","SLC16A3","Exc L4-5 RORB GABRG1",0.0602983661208939,1.29952852058206,0.251936188342285,0.616002160005511,0.999997068196745,0.999983379322086,"group_idyes"
"15437","CSNK1D","Exc L4-5 RORB GABRG1",-0.0351523898372147,5.31945347308778,1.54168582463495,0.215123479563048,0.999997068196745,0.999983379322086,"group_idyes"
"15438","AC132872.1","Exc L4-5 RORB GABRG1",-0.0137368224999671,3.3091698356204,0.0395271642803606,0.842512955990701,0.999997068196745,0.999983379322086,"group_idyes"
"15439","SECTM1","Exc L4-5 RORB GABRG1",-0.590599976300591,-0.186171262619178,3.85090696167446,0.050439459697179,0.999997068196745,0.999983379322086,"group_idyes"
"15440","AC132938.1","Exc L4-5 RORB GABRG1",-0.0689385736933074,2.17734516816898,0.735831814775621,0.391533433144662,0.999997068196745,0.999983379322086,"group_idyes"
"15441","OGFOD3","Exc L4-5 RORB GABRG1",-0.140392683266096,4.29727619375387,8.43133838959718,0.00390070940874393,0.999997068196745,0.999983379322086,"group_idyes"
"15442","HEXDC","Exc L4-5 RORB GABRG1",0.0105179440747704,4.46503940184444,0.0479355746642942,0.826811373070825,0.999997068196745,0.999983379322086,"group_idyes"
"15443","CYBC1","Exc L4-5 RORB GABRG1",0.003887616509655,3.68063744285558,0.00354855158728279,0.952529264947376,0.999997068196745,0.999983379322086,"group_idyes"
"15444","NARF","Exc L4-5 RORB GABRG1",-0.0399754392621949,5.56176653181112,1.31802947134944,0.251659348446031,0.999997068196745,0.999983379322086,"group_idyes"
"15445","FOXK2","Exc L4-5 RORB GABRG1",-0.0395104975570865,6.61433942415968,1.68627083842446,0.194871093997446,0.999997068196745,0.999983379322086,"group_idyes"
"15446","AC124283.1","Exc L4-5 RORB GABRG1",-0.183639431209066,0.912301645676427,1.34211846952269,0.247379321321083,0.999997068196745,0.999983379322086,"group_idyes"
"15447","WDR45B","Exc L4-5 RORB GABRG1",-0.00745688966324444,5.37552861008271,0.0496155570345518,0.823851795497357,0.999997068196745,0.999983379322086,"group_idyes"
"15448","RAB40B","Exc L4-5 RORB GABRG1",-0.0187240216598658,5.35477375663254,0.190161145893858,0.663027118103967,0.999997068196745,0.999983379322086,"group_idyes"
"15449","FN3KRP","Exc L4-5 RORB GABRG1",-0.0546350878147026,3.98520533652602,1.22062116965947,0.301810991817896,0.999997068196745,0.999983379322086,"group_idyes"
"15450","FN3K","Exc L4-5 RORB GABRG1",-0.135383786015025,4.10676280350995,5.04397795115605,0.0252786089279127,0.999997068196745,0.999983379322086,"group_idyes"
"15451","TBCD","Exc L4-5 RORB GABRG1",-0.0547991545928881,6.68204031405064,2.082100511918,0.149848631180402,0.999997068196745,0.999983379322086,"group_idyes"
"15452","B3GNTL1","Exc L4-5 RORB GABRG1",-0.0257230245540417,3.71037037060965,0.185209414052263,0.667175027901681,0.999997068196745,0.999983379322086,"group_idyes"
"15453","METRNL","Exc L4-5 RORB GABRG1",-0.042819496166426,0.15002483730708,0.0485380886834104,0.825743777527586,0.999997068196745,0.999983379322086,"group_idyes"
"15454","AC139099.3","Exc L4-5 RORB GABRG1",0.0910896146308798,1.12518297994389,0.476468344257638,0.490442570713916,0.999997068196745,0.999983379322086,"group_idyes"
"15455","USP14","Exc L4-5 RORB GABRG1",-0.00986252869752835,6.20394859384675,0.0999858900264677,0.752018048764196,0.999997068196745,0.999983379322086,"group_idyes"
"15456","THOC1","Exc L4-5 RORB GABRG1",-0.00166764601099755,5.75603177439611,0.00282770696107435,0.957619128318125,0.999997068196745,0.999983379322086,"group_idyes"
"15457","COLEC12","Exc L4-5 RORB GABRG1",0.0496347040200562,0.765854512480464,0.119309400868771,0.729973487487571,0.999997068196745,0.999983379322086,"group_idyes"
"15458","CLUL1","Exc L4-5 RORB GABRG1",0.0634328983727434,2.68086232206144,0.419372273861204,0.517636670309324,0.999997068196745,0.999983379322086,"group_idyes"
"15459","AP001178.3","Exc L4-5 RORB GABRG1",-0.0691323623271586,0.873485964316055,0.245135173700092,0.62080422032006,0.999997068196745,0.999983379322086,"group_idyes"
"15460","ENOSF1","Exc L4-5 RORB GABRG1",0.101475492203273,2.10630165027638,0.738538497807473,0.39066459868489,0.999997068196745,0.999983379322086,"group_idyes"
"15461","YES1","Exc L4-5 RORB GABRG1",-0.250268273221943,0.404567403584451,2.42706996281003,0.120077809867317,0.999997068196745,0.999983379322086,"group_idyes"
"15462","AP000894.3","Exc L4-5 RORB GABRG1",0.0889058109451125,0.145412570221722,0.192093900063457,0.661425554887558,0.999997068196745,0.999983379322086,"group_idyes"
"15463","ADCYAP1","Exc L4-5 RORB GABRG1",-0.112675697888738,0.308276722115939,0.346040247944639,0.556708409687573,0.999997068196745,0.999983379322086,"group_idyes"
"15464","AP005328.2","Exc L4-5 RORB GABRG1",-0.075603846727135,0.4355634735437,0.242201912928602,0.622900978927523,0.999997068196745,0.999983379322086,"group_idyes"
"15465","AP005328.1","Exc L4-5 RORB GABRG1",0.0603350779953317,1.33166243050845,0.125143886150368,0.723714917149602,0.999997068196745,0.999983379322086,"group_idyes"
"15466","LINC00470","Exc L4-5 RORB GABRG1",-0.102414639886544,0.810046580858077,0.241087516498222,0.623701710409893,0.999997068196745,0.999983379322086,"group_idyes"
"15467","AC019183.1","Exc L4-5 RORB GABRG1",-0.12573329607019,0.0797585963917191,0.429654294566515,0.512550383432789,0.999997068196745,0.999983379322086,"group_idyes"
"15468","AP005230.1","Exc L4-5 RORB GABRG1",-0.0815296446853724,4.16016095953919,0.860133846599614,0.354282684479521,0.999997068196745,0.999983379322086,"group_idyes"
"15469","METTL4","Exc L4-5 RORB GABRG1",-0.0015151213245258,4.10530932939359,0.00106674974862588,0.973961754400649,0.999997068196745,0.999983379322086,"group_idyes"
"15470","SMCHD1","Exc L4-5 RORB GABRG1",-0.0150535616198288,7.04378107445192,0.254642569026356,0.614113802614005,0.999997068196745,0.999983379322086,"group_idyes"
"15471","AP001011.1","Exc L4-5 RORB GABRG1",0.000758500624811184,3.00144598737364,4.18805118430859e-05,0.994839868080111,0.999997068196745,0.999983379322086,"group_idyes"
"15472","EMILIN2","Exc L4-5 RORB GABRG1",-0.0927266397316438,0.368725954380086,0.31949263104576,0.572242172493441,0.999997068196745,0.999983379322086,"group_idyes"
"15473","LPIN2","Exc L4-5 RORB GABRG1",0.0325068938987476,5.51871985488197,0.778283762086489,0.378217394307823,0.999997068196745,0.999983379322086,"group_idyes"
"15474","AP000919.2","Exc L4-5 RORB GABRG1",-0.159897797469707,0.569199311323132,0.754798068549267,0.385503013753202,0.999997068196745,0.999983379322086,"group_idyes"
"15475","MYOM1","Exc L4-5 RORB GABRG1",0.0163103224433418,3.23957992931317,0.035392509343479,0.850874738994341,0.999997068196745,0.999983379322086,"group_idyes"
"15476","AP005329.2","Exc L4-5 RORB GABRG1",0.0135536092755851,0.876821457220906,0.00977166715582175,0.921307467988693,0.999997068196745,0.999983379322086,"group_idyes"
"15477","MYL12A","Exc L4-5 RORB GABRG1",-0.0140791933012054,1.19508585399458,0.0116168634481275,0.914225160224176,0.999997068196745,0.999983379322086,"group_idyes"
"15478","MYL12B","Exc L4-5 RORB GABRG1",0.0365261809390149,5.02853832220477,0.185651874898819,0.666801733608706,0.999997068196745,0.999983379322086,"group_idyes"
"15479","TGIF1","Exc L4-5 RORB GABRG1",-0.046272335555587,1.60783745217994,0.168422178065278,0.681746341035286,0.999997068196745,0.999983379322086,"group_idyes"
"15480","DLGAP1","Exc L4-5 RORB GABRG1",-0.0295963267756729,11.0627903581336,0.724858079127721,0.395084587626173,0.999997068196745,0.999983379322086,"group_idyes"
"15481","DLGAP1-AS1","Exc L4-5 RORB GABRG1",-0.00260757951966265,1.57923190093323,0.000309332166538981,0.985976773547813,0.999997068196745,0.999983379322086,"group_idyes"
"15482","DLGAP1-AS3","Exc L4-5 RORB GABRG1",-0.0782575914075602,2.64914423083051,0.88059068376041,0.348628680940805,0.999997068196745,0.999983379322086,"group_idyes"
"15483","DLGAP1-AS4","Exc L4-5 RORB GABRG1",0.024649244504596,6.2153378611161,0.337781314081337,0.561453020361216,0.999997068196745,0.999983379322086,"group_idyes"
"15484","DLGAP1-AS5","Exc L4-5 RORB GABRG1",0.025366627826227,1.45826996313703,0.0320831388029959,0.857939600013061,0.999997068196745,0.999983379322086,"group_idyes"
"15485","AP005203.1","Exc L4-5 RORB GABRG1",-0.164120257763196,1.110643673452,1.38250835741929,0.240401424996335,0.999997068196745,0.999983379322086,"group_idyes"
"15486","AP001496.2","Exc L4-5 RORB GABRG1",0.0508570432582005,1.08914554886466,0.189268079844633,0.663770425553325,0.999997068196745,0.999983379322086,"group_idyes"
"15487","LINC00667","Exc L4-5 RORB GABRG1",0.0337575670424157,4.99412035023999,0.698430237346886,0.403830372397298,0.999997068196745,0.999983379322086,"group_idyes"
"15488","ZBTB14","Exc L4-5 RORB GABRG1",0.0394158506942563,2.61272203264297,0.346886087552902,0.556226803214642,0.999997068196745,0.999983379322086,"group_idyes"
"15489","AP005671.1","Exc L4-5 RORB GABRG1",-0.00924362571635033,2.98456438298901,0.0199100729415762,0.944701083534423,0.999997068196745,0.999983379322086,"group_idyes"
"15490","EPB41L3","Exc L4-5 RORB GABRG1",0.0066579630666103,8.27078288410829,0.0605798156869267,0.805713113429208,0.999997068196745,0.999983379322086,"group_idyes"
"15491","AP005059.1","Exc L4-5 RORB GABRG1",0.0292145622538113,1.83468625841223,0.032930528597837,0.856096043896853,0.999997068196745,0.999983379322086,"group_idyes"
"15492","MIR3976HG","Exc L4-5 RORB GABRG1",0.117902626575654,3.69504266520222,1.32355130239908,0.250670258917083,0.999997068196745,0.999983379322086,"group_idyes"
"15493","TMEM200C","Exc L4-5 RORB GABRG1",0.0702986012958395,2.26933936127446,0.452026241121548,0.501777860822854,0.999997068196745,0.999983379322086,"group_idyes"
"15494","AP005433.1","Exc L4-5 RORB GABRG1",0.0201727024256239,2.7483782618582,0.0472988042090971,0.827947338759991,0.999997068196745,0.999983379322086,"group_idyes"
"15495","L3MBTL4","Exc L4-5 RORB GABRG1",-0.0321766401227425,5.33492050341738,0.0990424657020719,0.7531523571884,0.999997068196745,0.999983379322086,"group_idyes"
"15496","AP001021.2","Exc L4-5 RORB GABRG1",-0.254222601571211,1.24785031210758,2.75445889621542,0.0977984715940207,0.999997068196745,0.999983379322086,"group_idyes"
"15497","L3MBTL4-AS1","Exc L4-5 RORB GABRG1",-0.219156142693891,0.131351446375027,1.12735497286408,0.289006273002875,0.999997068196745,0.999983379322086,"group_idyes"
"15498","ARHGAP28","Exc L4-5 RORB GABRG1",-0.0147207655638011,2.89326487960751,0.0268265634495679,0.869983915076248,0.999997068196745,0.999983379322086,"group_idyes"
"15499","LAMA1","Exc L4-5 RORB GABRG1",-0.0407504989369264,1.27963666603478,0.135830667264609,0.712664301999774,0.999997068196745,0.999983379322086,"group_idyes"
"15500","PTPRM","Exc L4-5 RORB GABRG1",0.115804539123265,5.18310091385619,2.68112739033255,0.102361436033487,0.999997068196745,0.999983379322086,"group_idyes"
"15501","RAB12","Exc L4-5 RORB GABRG1",-0.0182432066224652,5.80979416642869,0.272103130341371,0.602224609052055,0.999997068196745,0.999983379322086,"group_idyes"
"15502","GACAT2","Exc L4-5 RORB GABRG1",0.146817899499936,1.64948294790447,2.3078977902216,0.129539361827377,0.999997068196745,0.999983379322086,"group_idyes"
"15503","MTCL1","Exc L4-5 RORB GABRG1",-0.026222007830301,7.11986075558191,0.317915858222578,0.573191348099095,0.999997068196745,0.999983379322086,"group_idyes"
"15504","NDUFV2","Exc L4-5 RORB GABRG1",-0.018608226439755,5.17759208109707,0.228608009119647,0.632829458511194,0.999997068196745,0.999983379322086,"group_idyes"
"15505","AP005899.1","Exc L4-5 RORB GABRG1",-0.313842078933869,0.941633084668339,4.03273588281046,0.0453240470382611,0.999997068196745,0.999983379322086,"group_idyes"
"15506","NDUFV2-AS1","Exc L4-5 RORB GABRG1",0.159574708921048,3.18835820296448,4.76513836562642,0.0296456166950705,0.999997068196745,0.999983379322086,"group_idyes"
"15507","ANKRD12","Exc L4-5 RORB GABRG1",0.0449975099329631,7.86067011723172,2.28559534142778,0.131400966522647,0.999997068196745,0.999983379322086,"group_idyes"
"15508","AP001033.1","Exc L4-5 RORB GABRG1",0.0543367527994168,0.576543335761722,0.147560141514585,0.7115731093021,0.999997068196745,0.999983379322086,"group_idyes"
"15509","TWSG1","Exc L4-5 RORB GABRG1",-0.00866774522404066,4.79699676475627,0.0554146814927293,0.814021028814871,0.999997068196745,0.999983379322086,"group_idyes"
"15510","RALBP1","Exc L4-5 RORB GABRG1",0.0752548526830688,5.77197610606759,3.88702169095102,0.0493767529994482,0.999997068196745,0.999983379322086,"group_idyes"
"15511","PPP4R1","Exc L4-5 RORB GABRG1",-0.0250566305185505,5.66821929146802,0.57683130699131,0.448022138229572,0.999997068196745,0.999983379322086,"group_idyes"
"15512","RAB31","Exc L4-5 RORB GABRG1",-0.000503654220504625,4.13304658224636,7.89177275851214e-05,0.992916638410517,0.999997068196745,0.999983379322086,"group_idyes"
"15513","VAPA","Exc L4-5 RORB GABRG1",0.0202694336148223,6.95000315201103,0.397723698447674,0.528641614107752,0.999997068196745,0.999983379322086,"group_idyes"
"15514","APCDD1","Exc L4-5 RORB GABRG1",-0.101970035024801,0.162326284490514,0.283468567380133,0.594744101389922,0.999997068196745,0.999983379322086,"group_idyes"
"15515","NAPG","Exc L4-5 RORB GABRG1",-0.028439556895684,5.84918981643342,0.56340425146387,0.45335067728123,0.999997068196745,0.999983379322086,"group_idyes"
"15516","PIEZO2","Exc L4-5 RORB GABRG1",-0.0828968174482754,1.90414752059182,0.583267451201067,0.445502517120275,0.999997068196745,0.999983379322086,"group_idyes"
"15517","GNAL","Exc L4-5 RORB GABRG1",-0.113403886415877,3.02146623080494,1.28235247874795,0.258167353433205,0.999997068196745,0.999983379322086,"group_idyes"
"15518","MPPE1","Exc L4-5 RORB GABRG1",-0.0152187900564345,5.09908661313877,0.0984443327499006,0.753874590061315,0.999997068196745,0.999983379322086,"group_idyes"
"15519","ANKRD62","Exc L4-5 RORB GABRG1",0.0574128716667605,1.54595245660371,0.133789585231378,0.714735806471932,0.999997068196745,0.999983379322086,"group_idyes"
"15520","TUBB6","Exc L4-5 RORB GABRG1",-0.069639145120037,0.965949100835886,0.286492207146982,0.813264203619811,0.999997068196745,0.999983379322086,"group_idyes"
"15521","AFG3L2","Exc L4-5 RORB GABRG1",-0.0795866535672954,5.03842711652637,5.15351722903231,0.0237518119521465,0.999997068196745,0.999983379322086,"group_idyes"
"15522","PRELID3A","Exc L4-5 RORB GABRG1",0.00100707719436504,4.74582664846363,0.000782578464533672,0.977696911349418,0.999997068196745,0.999983379322086,"group_idyes"
"15523","AP001029.2","Exc L4-5 RORB GABRG1",-0.0390231665244921,1.28559025815902,0.121665561832099,0.727425835738651,0.999997068196745,0.999983379322086,"group_idyes"
"15524","SPIRE1","Exc L4-5 RORB GABRG1",-0.0286643201863427,7.64393855078029,1.05780992455811,0.304361392025236,0.999997068196745,0.999983379322086,"group_idyes"
"15525","PSMG2","Exc L4-5 RORB GABRG1",-0.00862571609828562,6.11093188482444,0.0955638404412073,0.757386926308875,0.999997068196745,0.999983379322086,"group_idyes"
"15526","CEP76","Exc L4-5 RORB GABRG1",0.047531827783264,4.21482931486578,1.61740473340668,0.204222268955627,0.999997068196745,0.999983379322086,"group_idyes"
"15527","PTPN2","Exc L4-5 RORB GABRG1",-0.0157588943765676,6.69572836563734,0.333622869017424,0.563871430975035,0.999997068196745,0.999983379322086,"group_idyes"
"15528","SEH1L","Exc L4-5 RORB GABRG1",-0.0123110195694112,4.55921526553809,0.109594889415371,0.740786052871222,0.999997068196745,0.999983379322086,"group_idyes"
"15529","CEP192","Exc L4-5 RORB GABRG1",-0.0195488421290598,7.3073591787996,0.298411651473105,0.585196528735554,0.999997068196745,0.999983379322086,"group_idyes"
"15530","LDLRAD4","Exc L4-5 RORB GABRG1",-0.0677849509150285,7.90363523683819,2.15520461333998,0.142904581128976,0.999997068196745,0.999983379322086,"group_idyes"
"15531","FAM210A","Exc L4-5 RORB GABRG1",0.051289485438613,4.43134967680262,1.53639400771876,0.21591090538657,0.999997068196745,0.999983379322086,"group_idyes"
"15532","RNMT","Exc L4-5 RORB GABRG1",0.00315381146891204,6.53158142215436,0.0107444550079795,0.917496782714989,0.999997068196745,0.999983379322086,"group_idyes"
"15533","ZNF519","Exc L4-5 RORB GABRG1",0.0644424203821135,6.81091568916105,3.56578874546941,0.0597338284052237,0.999997068196745,0.999983379322086,"group_idyes"
"15534","ANKRD30B","Exc L4-5 RORB GABRG1",-0.0282133602327843,5.62054674720422,0.152434503432672,0.696435715695152,0.999997068196745,0.999983379322086,"group_idyes"
"15535","AP006565.1","Exc L4-5 RORB GABRG1",-0.111020894376654,1.45046795522026,1.10422999068517,0.404840289626937,0.999997068196745,0.999983379322086,"group_idyes"
"15536","AP005121.1","Exc L4-5 RORB GABRG1",-0.0939489743752576,1.24217598646511,0.471917082565931,0.492520401878845,0.999997068196745,0.999983379322086,"group_idyes"
"15537","AP005242.1","Exc L4-5 RORB GABRG1",-0.0151926080916703,0.444753934894994,0.00801085806912387,0.928728428548547,0.999997068196745,0.999983379322086,"group_idyes"
"15538","AP005901.2","Exc L4-5 RORB GABRG1",0.325883896152266,0.897671775044524,4.11707923522605,0.043140394269379,0.999997068196745,0.999983379322086,"group_idyes"
"15539","ROCK1","Exc L4-5 RORB GABRG1",0.0151076139876173,6.69497222272818,0.220554265525759,0.638883978567188,0.999997068196745,0.999983379322086,"group_idyes"
"15540","GREB1L","Exc L4-5 RORB GABRG1",-0.0573410316239809,2.9735304645898,0.373751980438896,0.541327240061849,0.999997068196745,0.999983379322086,"group_idyes"
"15541","AC015878.1","Exc L4-5 RORB GABRG1",-0.0755347432763426,0.528934005619462,0.267906741536386,0.605036892373099,0.999997068196745,0.999983379322086,"group_idyes"
"15542","ESCO1","Exc L4-5 RORB GABRG1",0.0269913204342853,5.68641588361229,0.738000140953108,0.390837188390238,0.999997068196745,0.999983379322086,"group_idyes"
"15543","SNRPD1","Exc L4-5 RORB GABRG1",-0.00607023603577589,4.41160054802954,0.0109680822354983,0.916645733755569,0.999997068196745,0.999983379322086,"group_idyes"
"15544","ABHD3","Exc L4-5 RORB GABRG1",-0.0479274323508855,4.77876283790707,0.397456665380163,0.528779957927762,0.999997068196745,0.999983379322086,"group_idyes"
"15545","MIB1","Exc L4-5 RORB GABRG1",0.0415556756984817,7.12831303012802,1.13842875482899,0.286653656747621,0.999997068196745,0.999983379322086,"group_idyes"
"15546","LINC01900","Exc L4-5 RORB GABRG1",-0.0150639152976365,0.425814059174105,0.00801204431536181,0.92872316591727,0.999997068196745,0.999983379322086,"group_idyes"
"15547","CTAGE1","Exc L4-5 RORB GABRG1",0.0302656117762088,0.976587232733215,0.0614981617347589,0.804275818444039,0.999997068196745,0.999983379322086,"group_idyes"
"15548","AC090912.1","Exc L4-5 RORB GABRG1",-0.099060694946288,2.55814349348022,1.84673949505379,0.258447676008428,0.999997068196745,0.999983379322086,"group_idyes"
"15549","RBBP8","Exc L4-5 RORB GABRG1",-0.01273385500213,4.89351950626163,0.105143458274629,0.926595793769586,0.999997068196745,0.999983379322086,"group_idyes"
"15550","CABLES1","Exc L4-5 RORB GABRG1",0.0105201049844506,5.64511170557173,0.039449124988245,0.842666457016105,0.999997068196745,0.999983379322086,"group_idyes"
"15551","TMEM241","Exc L4-5 RORB GABRG1",-0.0666794689479113,7.06969932356129,1.30589818615407,0.253849290742478,0.999997068196745,0.999983379322086,"group_idyes"
"15552","RIOK3","Exc L4-5 RORB GABRG1",-0.0164095001499789,5.73977259966201,0.377841025631665,0.539124312889956,0.999997068196745,0.999983379322086,"group_idyes"
"15553","RMC1","Exc L4-5 RORB GABRG1",0.00458290504954433,4.82246039348333,0.015774742092565,0.900116114995717,0.999997068196745,0.999983379322086,"group_idyes"
"15554","NPC1","Exc L4-5 RORB GABRG1",-0.0213614253956205,4.97973031118136,0.258347518756886,0.941604173201658,0.999997068196745,0.999983379322086,"group_idyes"
"15555","ANKRD29","Exc L4-5 RORB GABRG1",-0.0488442088987301,4.60121338672632,0.838144304263169,0.360501495054668,0.999997068196745,0.999983379322086,"group_idyes"
"15556","LAMA3","Exc L4-5 RORB GABRG1",-0.0325498123009733,4.09207302764861,0.195052026277059,0.658992828108665,0.999997068196745,0.999983379322086,"group_idyes"
"15557","TTC39C","Exc L4-5 RORB GABRG1",-0.0391536861933017,7.67001148009476,1.04781246805457,0.306654626410595,0.999997068196745,0.999983379322086,"group_idyes"
"15558","AC090772.2","Exc L4-5 RORB GABRG1",-0.0341532230584036,1.89559263744269,0.0491553671585929,0.824657202635881,0.999997068196745,0.999983379322086,"group_idyes"
"15559","AC090772.1","Exc L4-5 RORB GABRG1",-0.0403128992237865,1.38686625693639,0.059320346249172,0.807703218595145,0.999997068196745,0.999983379322086,"group_idyes"
"15560","CABYR","Exc L4-5 RORB GABRG1",-0.0331483100474882,3.45645885039249,0.381371012879425,0.773136661698957,0.999997068196745,0.999983379322086,"group_idyes"
"15561","AC090772.3","Exc L4-5 RORB GABRG1",0.151558766270961,1.80318945052271,2.94473838775276,0.086962660009559,0.999997068196745,0.999983379322086,"group_idyes"
"15562","OSBPL1A","Exc L4-5 RORB GABRG1",0.00819504928257983,8.03294642256615,0.0790451394510214,0.77874674531049,0.999997068196745,0.999983379322086,"group_idyes"
"15563","IMPACT","Exc L4-5 RORB GABRG1",-0.0305584770141784,3.37168394918523,0.295049820123655,0.774659019296771,0.999997068196745,0.999983379322086,"group_idyes"
"15564","HRH4","Exc L4-5 RORB GABRG1",0.0442438391737872,0.489352656277927,0.0799183969616594,0.777560059263981,0.999997068196745,0.999983379322086,"group_idyes"
"15565","AC007922.3","Exc L4-5 RORB GABRG1",0.165027796716332,0.535322816474372,0.677921747419818,0.410813358680753,0.999997068196745,0.999983379322086,"group_idyes"
"15566","LINC01915","Exc L4-5 RORB GABRG1",-0.302371071723808,0.936073668081019,3.20823338347564,0.0740544868354873,0.999997068196745,0.999983379322086,"group_idyes"
"15567","AC018697.1","Exc L4-5 RORB GABRG1",-0.0408558466815147,4.3108010234175,0.138340687618767,0.710140971010861,0.999997068196745,0.999983379322086,"group_idyes"
"15568","ZNF521","Exc L4-5 RORB GABRG1",0.0475333251287369,3.46373482023304,0.417172382691595,0.518736401880853,0.999997068196745,0.999983379322086,"group_idyes"
"15569","SS18","Exc L4-5 RORB GABRG1",-0.0249334354188019,5.09738357214529,0.379940130212428,0.537999818560732,0.999997068196745,0.999983379322086,"group_idyes"
"15570","PSMA8","Exc L4-5 RORB GABRG1",-0.142100506218485,0.521587328729537,0.932977813670133,0.334697098238585,0.999997068196745,0.999983379322086,"group_idyes"
"15571","TAF4B","Exc L4-5 RORB GABRG1",-0.0540086364043528,5.95894144005566,2.99111914452998,0.18978014347295,0.999997068196745,0.999983379322086,"group_idyes"
"15572","KCTD1","Exc L4-5 RORB GABRG1",-0.0300498239057067,8.03943136255906,0.635420467145157,0.425865658199923,0.999997068196745,0.999983379322086,"group_idyes"
"15573","AQP4-AS1","Exc L4-5 RORB GABRG1",-0.0310635514008037,7.90251809410512,0.323535997104666,0.569822228793877,0.999997068196745,0.999983379322086,"group_idyes"
"15574","AQP4","Exc L4-5 RORB GABRG1",0.0791422125404324,3.1366705770542,0.855250070253118,0.35565103402226,0.999997068196745,0.999983379322086,"group_idyes"
"15575","CHST9","Exc L4-5 RORB GABRG1",0.0265309044489341,2.66208919158409,0.0534968486709979,0.817209476689246,0.999997068196745,0.999983379322086,"group_idyes"
"15576","LINC01908","Exc L4-5 RORB GABRG1",-0.162763084965516,1.13000538182242,1.59362191806841,0.207574093142419,0.999997068196745,0.999983379322086,"group_idyes"
"15577","AC090403.1","Exc L4-5 RORB GABRG1",-0.300148929295182,0.661811135484473,3.54765555552159,0.0603836546788045,0.999997068196745,0.999983379322086,"group_idyes"
"15578","CDH2","Exc L4-5 RORB GABRG1",-0.000825434734299802,8.04787202282134,0.000540678774488769,0.981460915755793,0.999997068196745,0.999983379322086,"group_idyes"
"15579","DSC2","Exc L4-5 RORB GABRG1",-0.0253604067393362,1.76486596020425,0.083819319823799,0.772342750740209,0.999997068196745,0.999983379322086,"group_idyes"
"15580","DSCAS","Exc L4-5 RORB GABRG1",-0.0876066513664494,2.30126567241224,0.642046707563107,0.423465206275611,0.999997068196745,0.999983379322086,"group_idyes"
"15581","DSC1","Exc L4-5 RORB GABRG1",0.0670978387742662,1.63651880175209,0.129235209337508,0.719423554897132,0.999997068196745,0.999983379322086,"group_idyes"
"15582","DSG1-AS1","Exc L4-5 RORB GABRG1",0.11516984874457,1.40445433754052,0.891846370041941,0.345570133244015,0.999997068196745,0.999983379322086,"group_idyes"
"15583","DSG2","Exc L4-5 RORB GABRG1",-0.186870570173681,0.857725832907652,1.5659310978195,0.211559258357802,0.999997068196745,0.999983379322086,"group_idyes"
"15584","B4GALT6","Exc L4-5 RORB GABRG1",0.00244348230798388,6.10236201960318,0.00595213052602023,0.93854428141572,0.999997068196745,0.999983379322086,"group_idyes"
"15585","AC017100.1","Exc L4-5 RORB GABRG1",0.168649131730699,0.707782048279477,1.38029164695383,0.240778101861819,0.999997068196745,0.999983379322086,"group_idyes"
"15586","TRAPPC8","Exc L4-5 RORB GABRG1",-0.00349425262210279,6.13404071999855,0.0116050445325371,0.914268635640449,0.999997068196745,0.999983379322086,"group_idyes"
"15587","AC009831.1","Exc L4-5 RORB GABRG1",0.0419580924106555,1.04972346170249,0.095916238774026,0.756954139546971,0.999997068196745,0.999983379322086,"group_idyes"
"15588","RNF125","Exc L4-5 RORB GABRG1",0.0577875927267129,1.08171008025566,0.212357545044013,0.645186206799623,0.999997068196745,0.999983379322086,"group_idyes"
"15589","RNF138","Exc L4-5 RORB GABRG1",-0.029512448162306,5.17135175662396,0.583194916875417,0.445530790061328,0.999997068196745,0.999983379322086,"group_idyes"
"15590","GAREM1","Exc L4-5 RORB GABRG1",-0.0801241569176598,5.36584650722897,1.13885693208452,0.286563181873203,0.999997068196745,0.999983379322086,"group_idyes"
"15591","MEP1B","Exc L4-5 RORB GABRG1",-0.110900783139102,1.25047697537957,0.430054336242064,0.512354255066007,0.999997068196745,0.999983379322086,"group_idyes"
"15592","AC025887.2","Exc L4-5 RORB GABRG1",-0.0811245993720918,3.66081450575897,0.638237680602016,0.424842586448967,0.999997068196745,0.999983379322086,"group_idyes"
"15593","KLHL14","Exc L4-5 RORB GABRG1",-0.280798881160982,0.0957282781646883,2.16599485638877,0.141910775552609,0.999997068196745,0.999983379322086,"group_idyes"
"15594","AC090371.2","Exc L4-5 RORB GABRG1",-0.13813202434159,0.0530235989527825,0.514244692024293,0.473742244594337,0.999997068196745,0.999983379322086,"group_idyes"
"15595","CCDC178","Exc L4-5 RORB GABRG1",0.0444830455370857,3.00585100530132,0.204116145295891,0.651673316688405,0.999997068196745,0.999983379322086,"group_idyes"
"15596","AC091198.1","Exc L4-5 RORB GABRG1",0.250776747010751,0.479938301260956,2.84246122438303,0.0926142511746141,0.999997068196745,0.999983379322086,"group_idyes"
"15597","ASXL3","Exc L4-5 RORB GABRG1",-0.00328678280714573,7.10615672286429,0.00665807020870679,0.935009619989886,0.999997068196745,0.999983379322086,"group_idyes"
"15598","NOL4","Exc L4-5 RORB GABRG1",-0.000486968856791455,7.94378536708653,0.000208342395905343,0.988491159764506,0.999997068196745,0.999983379322086,"group_idyes"
"15599","AC104985.2","Exc L4-5 RORB GABRG1",0.168512378960275,0.438633320017907,1.33023942964158,0.355307447046649,0.999997068196745,0.999983379322086,"group_idyes"
"15600","DTNA","Exc L4-5 RORB GABRG1",-0.0974550850703062,7.79973838766958,2.97434065279062,0.0853977547241187,0.999997068196745,0.999983379322086,"group_idyes"
"15601","MAPRE2","Exc L4-5 RORB GABRG1",0.0146330790377987,7.58564684567689,0.172213561342531,0.678383308910772,0.999997068196745,0.999983379322086,"group_idyes"
"15602","AC015967.1","Exc L4-5 RORB GABRG1",-0.0211654904787688,1.05920088943891,0.0403150031529443,0.840972040938732,0.999997068196745,0.999983379322086,"group_idyes"
"15603","ZNF397","Exc L4-5 RORB GABRG1",-0.0131315089506497,5.19812546687756,0.179846740817207,0.717103332964205,0.999997068196745,0.999983379322086,"group_idyes"
"15604","ZSCAN30","Exc L4-5 RORB GABRG1",0.0058662137970647,4.2415257871635,0.0153453281650809,0.901477940960445,0.999997068196745,0.999983379322086,"group_idyes"
"15605","AC011815.2","Exc L4-5 RORB GABRG1",0.0608884891141463,2.15598251058071,0.291822982443152,0.589367245033714,0.999997068196745,0.999983379322086,"group_idyes"
"15606","ZNF24","Exc L4-5 RORB GABRG1",0.0765770163614546,5.41531512385489,3.22224100002852,0.0734288800486486,0.999997068196745,0.999983379322086,"group_idyes"
"15607","ZNF396","Exc L4-5 RORB GABRG1",0.106475030288189,1.18543994057248,0.882842192170861,0.525972876906562,0.999997068196745,0.999983379322086,"group_idyes"
"15608","GALNT1","Exc L4-5 RORB GABRG1",-0.0198734825472423,6.2037132269162,0.253710094461818,0.614763002802028,0.999997068196745,0.999983379322086,"group_idyes"
"15609","C18orf21","Exc L4-5 RORB GABRG1",-0.069133117969325,2.90895727376722,0.956884622280018,0.328587736965993,0.999997068196745,0.999983379322086,"group_idyes"
"15610","RPRD1A","Exc L4-5 RORB GABRG1",0.0129629722923844,7.18073636276446,0.36022292164793,0.548735808092633,0.999997068196745,0.999983379322086,"group_idyes"
"15611","SLC39A6","Exc L4-5 RORB GABRG1",0.0223510326511977,4.38628683850268,0.280546366369624,0.596648840894394,0.999997068196745,0.999983379322086,"group_idyes"
"15612","ELP2","Exc L4-5 RORB GABRG1",-0.0187654726049869,6.47722901842462,0.389080873791626,0.533152576730276,0.999997068196745,0.999983379322086,"group_idyes"
"15613","MOCOS","Exc L4-5 RORB GABRG1",-0.114479888713966,0.787240688420277,0.696752755028821,0.40439498305246,0.999997068196745,0.999983379322086,"group_idyes"
"15614","FHOD3","Exc L4-5 RORB GABRG1",-0.150389070589848,6.48296043700043,5.88726097025787,0.0157095875619711,0.999997068196745,0.999983379322086,"group_idyes"
"15615","TPGS2","Exc L4-5 RORB GABRG1",-0.0181702570618083,5.31874755348118,0.394934795250736,0.827287994181,0.999997068196745,0.999983379322086,"group_idyes"
"15616","KIAA1328","Exc L4-5 RORB GABRG1",-0.0179604066666495,6.73483042219462,0.180537178698859,0.671149534980963,0.999997068196745,0.999983379322086,"group_idyes"
"15617","AC016493.1","Exc L4-5 RORB GABRG1",0.0139556351648513,0.56309681679546,0.00937262179736746,0.922925865862741,0.999997068196745,0.999983379322086,"group_idyes"
"15618","AC015961.1","Exc L4-5 RORB GABRG1",0.132729908004532,1.25271668642896,1.42309930184432,0.233629117136628,0.999997068196745,0.999983379322086,"group_idyes"
"15619","CELF4","Exc L4-5 RORB GABRG1",-0.0162919194844506,8.51419155899879,0.270314204382646,0.603420095526281,0.999997068196745,0.999983379322086,"group_idyes"
"15620","AC015961.2","Exc L4-5 RORB GABRG1",-0.0818272136000851,1.60191570903434,0.718896689298394,0.397033226365712,0.999997068196745,0.999983379322086,"group_idyes"
"15621","AC016205.1","Exc L4-5 RORB GABRG1",-0.0937024387075415,2.74520699981957,0.533397923451049,0.465626281593632,0.999997068196745,0.999983379322086,"group_idyes"
"15622","LINC01902","Exc L4-5 RORB GABRG1",0.0434687431952171,3.13953369216122,0.218809682132368,0.640213237842261,0.999997068196745,0.999983379322086,"group_idyes"
"15623","AC021504.1","Exc L4-5 RORB GABRG1",-0.0538974139685568,0.799899324358246,0.0506039528957868,0.822135095799189,0.999997068196745,0.999983379322086,"group_idyes"
"15624","PIK3C3","Exc L4-5 RORB GABRG1",-0.0123391623954077,6.91100811464085,0.197615583689968,0.656902363802788,0.999997068196745,0.999983379322086,"group_idyes"
"15625","LINC00907","Exc L4-5 RORB GABRG1",-0.0313190942868258,4.05513190412417,0.20688827573498,0.649473898398953,0.999997068196745,0.999983379322086,"group_idyes"
"15626","RIT2","Exc L4-5 RORB GABRG1",-0.0278967573318319,5.88969371454874,0.0807025797912063,0.776500372000569,0.999997068196745,0.999983379322086,"group_idyes"
"15627","SYT4","Exc L4-5 RORB GABRG1",0.0795205133233002,6.19133941731733,1.79252594694401,0.181409244176791,0.999997068196745,0.999983379322086,"group_idyes"
"15628","LINC01478","Exc L4-5 RORB GABRG1",-0.247070157347645,0.442028877017409,2.18857592211396,0.139856132678555,0.999997068196745,0.999983379322086,"group_idyes"
"15629","SETBP1","Exc L4-5 RORB GABRG1",-0.0410458790233126,8.52452338134853,0.930665905130103,0.33529593577951,0.999997068196745,0.999983379322086,"group_idyes"
"15630","AC090376.1","Exc L4-5 RORB GABRG1",-0.215573954539669,0.269483078919797,1.08052307371627,0.299233389837466,0.999997068196745,0.999983379322086,"group_idyes"
"15631","SLC14A2","Exc L4-5 RORB GABRG1",-0.0397121428617459,2.36772229419402,0.16170257176929,0.687817121489515,0.999997068196745,0.999983379322086,"group_idyes"
"15632","SLC14A2-AS1","Exc L4-5 RORB GABRG1",0.011588006468885,2.58001287171325,0.0139112797988497,0.906171927164537,0.999997068196745,0.999983379322086,"group_idyes"
"15633","AC023421.2","Exc L4-5 RORB GABRG1",-0.0704394318479728,2.18666212170891,0.47844958690576,0.489542630019123,0.999997068196745,0.999983379322086,"group_idyes"
"15634","SLC14A1","Exc L4-5 RORB GABRG1",0.0493206919367373,1.0033570664966,0.14928762886631,0.699430651203618,0.999997068196745,0.999983379322086,"group_idyes"
"15635","EPG5","Exc L4-5 RORB GABRG1",-0.0281072549500052,6.05762107517707,0.893757865092963,0.406746380071754,0.999997068196745,0.999983379322086,"group_idyes"
"15636","PSTPIP2","Exc L4-5 RORB GABRG1",-0.00169169241278474,1.08267402292558,0.000370858377017628,0.984645524440505,0.999997068196745,0.999983379322086,"group_idyes"
"15637","ATP5F1A","Exc L4-5 RORB GABRG1",-0.0229809957278089,6.03733390467086,0.124059761511663,0.724865248917323,0.999997068196745,0.999983379322086,"group_idyes"
"15638","HAUS1","Exc L4-5 RORB GABRG1",0.0215290909069127,3.3856112024037,0.144026299883263,0.704520072832464,0.999997068196745,0.999983379322086,"group_idyes"
"15639","C18orf25","Exc L4-5 RORB GABRG1",-0.0291546848900783,5.75744455085098,0.594973680688043,0.44097572476886,0.999997068196745,0.999983379322086,"group_idyes"
"15640","RNF165","Exc L4-5 RORB GABRG1",-0.0619833568680251,5.79981858632673,1.6171986101719,0.204251042401515,0.999997068196745,0.999983379322086,"group_idyes"
"15641","LOXHD1","Exc L4-5 RORB GABRG1",-0.0515445631205384,5.33635542514625,0.334265401222807,0.563496445958068,0.999997068196745,0.999983379322086,"group_idyes"
"15642","ST8SIA5","Exc L4-5 RORB GABRG1",-0.0441709617310302,6.75304166359024,1.22327358645474,0.269410281365395,0.999997068196745,0.999983379322086,"group_idyes"
"15643","AC090241.3","Exc L4-5 RORB GABRG1",0.0359490061084865,1.91566674053572,0.212927256248882,0.644743439174708,0.999997068196745,0.999983379322086,"group_idyes"
"15644","PIAS2","Exc L4-5 RORB GABRG1",0.0130841237184956,7.18462006510417,0.216021089087065,0.64235144588438,0.999997068196745,0.999983379322086,"group_idyes"
"15645","KATNAL2","Exc L4-5 RORB GABRG1",0.0231940322011094,5.35359682299151,0.154420198663777,0.694564192054951,0.999997068196745,0.999983379322086,"group_idyes"
"15646","AC012254.1","Exc L4-5 RORB GABRG1",-0.0794129596744028,1.64314128324021,0.406676520697967,0.524040556087602,0.999997068196745,0.999983379322086,"group_idyes"
"15647","HDHD2","Exc L4-5 RORB GABRG1",0.0206803178896419,3.4058152343703,0.0691644056389567,0.792698092270983,0.999997068196745,0.999983379322086,"group_idyes"
"15648","MIR4527HG","Exc L4-5 RORB GABRG1",0.0421751582562054,0.433326927729841,0.0456630058948651,0.830902756310813,0.999997068196745,0.999983379322086,"group_idyes"
"15649","SMAD2","Exc L4-5 RORB GABRG1",0.0149834746596603,6.25735995747599,0.273141381136904,0.601533068439218,0.999997068196745,0.999983379322086,"group_idyes"
"15650","ZBTB7C","Exc L4-5 RORB GABRG1",0.0170781468046611,6.3073018243003,0.0564586194621954,0.812309902554736,0.999997068196745,0.999983379322086,"group_idyes"
"15651","CTIF","Exc L4-5 RORB GABRG1",-0.0321655297718223,7.19921708712137,0.944862888330373,0.331641088760394,0.999997068196745,0.999983379322086,"group_idyes"
"15652","AC048380.1","Exc L4-5 RORB GABRG1",-0.0614419518848781,0.324422892239559,0.113533817600096,0.736339984812501,0.999997068196745,0.999983379322086,"group_idyes"
"15653","SMAD7","Exc L4-5 RORB GABRG1",0.031609146822021,3.34137773435132,0.295318407314987,0.674641944576734,0.999997068196745,0.999983379322086,"group_idyes"
"15654","DYM","Exc L4-5 RORB GABRG1",-0.035813171864911,7.62912326972221,1.17825048015424,0.278392127529263,0.999997068196745,0.999983379322086,"group_idyes"
"15655","AC016866.2","Exc L4-5 RORB GABRG1",0.00103693816234175,0.58501660677772,3.25300126132043e-05,0.995452239255222,0.999997068196745,0.999983379322086,"group_idyes"
"15656","C18orf32","Exc L4-5 RORB GABRG1",-0.0785998648393495,2.97409218696138,1.62329376864602,0.203402219401902,0.999997068196745,0.999983379322086,"group_idyes"
"15657","SNHG22","Exc L4-5 RORB GABRG1",-0.0152963681015498,4.55044764746047,0.0675168833684378,0.795126103235005,0.999997068196745,0.999983379322086,"group_idyes"
"15658","MYO5B","Exc L4-5 RORB GABRG1",-0.0086212546430183,0.861730384343214,0.00398553912066668,0.949694874495293,0.999997068196745,0.999983379322086,"group_idyes"
"15659","CFAP53","Exc L4-5 RORB GABRG1",0.0195923306820451,3.15572677265785,0.0773557043016302,0.781062796215828,0.999997068196745,0.999983379322086,"group_idyes"
"15660","MBD1","Exc L4-5 RORB GABRG1",0.028441129547575,4.65303554440203,0.7501395484196,0.386971842715883,0.999997068196745,0.999983379322086,"group_idyes"
"15661","CXXC1","Exc L4-5 RORB GABRG1",0.0185175363423091,4.36845558895436,0.107747562713101,0.742901795578206,0.999997068196745,0.999983379322086,"group_idyes"
"15662","MAPK4","Exc L4-5 RORB GABRG1",-0.0700400340280756,5.57287358869367,1.66661676319395,0.197487488366798,0.999997068196745,0.999983379322086,"group_idyes"
"15663","MRO","Exc L4-5 RORB GABRG1",0.215122760638177,1.12090648013537,3.51915112529623,0.061420462211993,0.999997068196745,0.999983379322086,"group_idyes"
"15664","ME2","Exc L4-5 RORB GABRG1",-0.0128860500600929,5.64126571103422,0.119414391814008,0.72985936679097,0.999997068196745,0.999983379322086,"group_idyes"
"15665","AC091551.1","Exc L4-5 RORB GABRG1",0.0210129633821473,3.19440756557548,0.0824423561216916,0.774169069635569,0.999997068196745,0.999983379322086,"group_idyes"
"15666","SMAD4","Exc L4-5 RORB GABRG1",0.0601810762972347,4.68951520280124,1.56130059639233,0.212234506946477,0.999997068196745,0.999983379322086,"group_idyes"
"15667","MEX3C","Exc L4-5 RORB GABRG1",0.0644466267848607,3.64274535650405,1.43202206463976,0.232171612643258,0.999997068196745,0.999983379322086,"group_idyes"
"15668","LINC01630","Exc L4-5 RORB GABRG1",0.00273949495061115,3.25640409201904,0.000672350433799605,0.979326838014444,0.999997068196745,0.999983379322086,"group_idyes"
"15669","DCC","Exc L4-5 RORB GABRG1",-0.0150216540780072,11.0843833856978,0.115026794402533,0.734677256609151,0.999997068196745,0.999983379322086,"group_idyes"
"15670","AC103949.1","Exc L4-5 RORB GABRG1",0.0333095485715918,1.98253445165431,0.0745539833065849,0.784964549671669,0.999997068196745,0.999983379322086,"group_idyes"
"15671","MBD2","Exc L4-5 RORB GABRG1",-0.00314651103406684,5.95796414405605,0.0085254637370156,0.926481181639038,0.999997068196745,0.999983379322086,"group_idyes"
"15672","POLI","Exc L4-5 RORB GABRG1",-0.0116156806801058,4.28632598653192,0.0428044079307598,0.836203454119481,0.999997068196745,0.999983379322086,"group_idyes"
"15673","STARD6","Exc L4-5 RORB GABRG1",-0.111526161785822,1.20992017965182,1.02345569904248,0.312336519586834,0.999997068196745,0.999983379322086,"group_idyes"
"15674","C18orf54","Exc L4-5 RORB GABRG1",0.096979315931029,1.8115882981093,1.09523762006605,0.295970672650523,0.999997068196745,0.999983379322086,"group_idyes"
"15675","RAB27B","Exc L4-5 RORB GABRG1",0.019836179058104,6.92236931164633,0.169753980081964,0.680560005287402,0.999997068196745,0.999983379322086,"group_idyes"
"15676","CCDC68","Exc L4-5 RORB GABRG1",0.0766753299488231,4.26563719395246,0.597764057215913,0.439907167735018,0.999997068196745,0.999983379322086,"group_idyes"
"15677","TCF4","Exc L4-5 RORB GABRG1",0.0312666531254571,9.72910399022158,0.887050943871599,0.346868733586212,0.999997068196745,0.999983379322086,"group_idyes"
"15678","TCF4-AS1","Exc L4-5 RORB GABRG1",0.0234537288588872,2.05926008374381,0.0380428785562555,0.845460024483289,0.999997068196745,0.999983379322086,"group_idyes"
"15679","AC022031.2","Exc L4-5 RORB GABRG1",-0.140862865703324,0.69907303211779,0.964006691390367,0.326796473576705,0.999997068196745,0.999983379322086,"group_idyes"
"15680","LINC01416","Exc L4-5 RORB GABRG1",-0.0698997555384443,0.57116980493499,0.208887719755452,0.647898550673696,0.999997068196745,0.999983379322086,"group_idyes"
"15681","AC009271.1","Exc L4-5 RORB GABRG1",-0.0863531974731974,0.188528305380013,0.151913756176099,0.696928845304122,0.999997068196745,0.999983379322086,"group_idyes"
"15682","AC006305.1","Exc L4-5 RORB GABRG1",-0.102348456733582,0.512477721987303,0.373702062236601,0.541354235122606,0.999997068196745,0.999983379322086,"group_idyes"
"15683","TXNL1","Exc L4-5 RORB GABRG1",0.0133690730537354,6.2612547441568,0.17925417731257,0.672251554196144,0.999997068196745,0.999983379322086,"group_idyes"
"15684","WDR7","Exc L4-5 RORB GABRG1",-0.00279797042824703,8.17294301778766,0.0115431890275974,0.91449653488876,0.999997068196745,0.999983379322086,"group_idyes"
"15685","ST8SIA3","Exc L4-5 RORB GABRG1",0.0402275488797322,6.98493770209711,1.35324156309102,0.245433202227357,0.999997068196745,0.999983379322086,"group_idyes"
"15686","ONECUT2","Exc L4-5 RORB GABRG1",-0.0605307177837566,3.40312285898651,0.224239260096406,0.6360972129583,0.999997068196745,0.999983379322086,"group_idyes"
"15687","FECH","Exc L4-5 RORB GABRG1",0.000627017087147662,4.68486353987003,0.000197775241098201,0.988786802737183,0.999997068196745,0.999983379322086,"group_idyes"
"15688","NARS","Exc L4-5 RORB GABRG1",-0.00466837687334703,5.75710227122028,0.0083664756596168,0.92716798707925,0.999997068196745,0.999983379322086,"group_idyes"
"15689","AC027097.2","Exc L4-5 RORB GABRG1",-0.0832963930850405,3.44798060039777,0.656389271580787,0.418338403511958,0.999997068196745,0.999983379322086,"group_idyes"
"15690","ATP8B1","Exc L4-5 RORB GABRG1",-0.076635754887746,7.00303107854161,2.89158841099038,0.0898512187689584,0.999997068196745,0.999983379322086,"group_idyes"
"15691","NEDD4L","Exc L4-5 RORB GABRG1",0.00170340424474617,8.22330231485468,0.00287213377264287,0.957287814547607,0.999997068196745,0.999983379322086,"group_idyes"
"15692","AC090236.1","Exc L4-5 RORB GABRG1",-0.246615903571096,0.317639409802026,1.51823622780049,0.218639101669997,0.999997068196745,0.999983379322086,"group_idyes"
"15693","ALPK2","Exc L4-5 RORB GABRG1",0.218273005637986,0.713859338032675,2.93695729169047,0.0873791558806063,0.999997068196745,0.999983379322086,"group_idyes"
"15694","MALT1","Exc L4-5 RORB GABRG1",0.0119577235517955,5.76255672404947,0.121764254097879,0.727319728616418,0.999997068196745,0.999983379322086,"group_idyes"
"15695","AC104365.1","Exc L4-5 RORB GABRG1",-0.00902787041538291,1.79911552246834,0.00350377642746277,0.952829352691269,0.999997068196745,0.999983379322086,"group_idyes"
"15696","ZNF532","Exc L4-5 RORB GABRG1",-0.0474840614717351,6.87870037385483,1.45610422427615,0.228292437370602,0.999997068196745,0.999983379322086,"group_idyes"
"15697","SEC11C","Exc L4-5 RORB GABRG1",-0.00754630257529999,3.67929666604551,0.0149987654064592,0.902591188517443,0.999997068196745,0.999983379322086,"group_idyes"
"15698","LMAN1","Exc L4-5 RORB GABRG1",0.0183716075493975,4.65351408781463,0.24871658385112,0.618265232599466,0.999997068196745,0.999983379322086,"group_idyes"
"15699","CCBE1","Exc L4-5 RORB GABRG1",0.0288834031081236,1.49446435338276,0.057875319288399,0.810014299543812,0.999997068196745,0.999983379322086,"group_idyes"
"15700","AC090771.2","Exc L4-5 RORB GABRG1",0.177790914553602,-0.140635287676428,0.672639784839692,0.412640594905464,0.999997068196745,0.999983379322086,"group_idyes"
"15701","AC113137.1","Exc L4-5 RORB GABRG1",0.0711349019006295,0.511248014529931,0.181273806581003,0.670518905293728,0.999997068196745,0.999983379322086,"group_idyes"
"15702","CDH20","Exc L4-5 RORB GABRG1",0.209901505318009,3.67328661608954,2.32848972336633,0.127846695337188,0.999997068196745,0.999983379322086,"group_idyes"
"15703","RNF152","Exc L4-5 RORB GABRG1",0.0370565846586753,0.34434845249015,0.0451904232870817,0.831766852522379,0.999997068196745,0.999983379322086,"group_idyes"
"15704","PIGN","Exc L4-5 RORB GABRG1",-0.00243929133819373,6.29256369525242,0.00663095050227041,0.935141821069817,0.999997068196745,0.999983379322086,"group_idyes"
"15705","KIAA1468","Exc L4-5 RORB GABRG1",0.012394945168941,6.81923104657165,0.240398909816739,0.624197646806947,0.999997068196745,0.999983379322086,"group_idyes"
"15706","TNFRSF11A","Exc L4-5 RORB GABRG1",0.0202118740513059,1.46191061853177,0.0252103116668379,0.873927446041251,0.999997068196745,0.999983379322086,"group_idyes"
"15707","ZCCHC2","Exc L4-5 RORB GABRG1",-0.0287804006058081,6.25246193730546,0.889659436819428,0.346161533855758,0.999997068196745,0.999983379322086,"group_idyes"
"15708","PHLPP1","Exc L4-5 RORB GABRG1",-0.0516735673718026,6.43384948106619,2.43504868062393,0.119472386625475,0.999997068196745,0.999983379322086,"group_idyes"
"15709","BCL2","Exc L4-5 RORB GABRG1",-0.0353371278763159,7.20730786341774,0.354486306899113,0.551934512971053,0.999997068196745,0.999983379322086,"group_idyes"
"15710","KDSR","Exc L4-5 RORB GABRG1",0.0324877074850506,5.35163228533669,1.22448838211242,0.5648540658954,0.999997068196745,0.999983379322086,"group_idyes"
"15711","AC036176.1","Exc L4-5 RORB GABRG1",0.036628726073507,2.68832503510522,0.303520257723437,0.981409190887532,0.999997068196745,0.999983379322086,"group_idyes"
"15712","VPS4B","Exc L4-5 RORB GABRG1",-0.0206021144316592,5.48691924030933,0.573820111433425,0.926828119454092,0.999997068196745,0.999983379322086,"group_idyes"
"15713","SERPINB7","Exc L4-5 RORB GABRG1",-0.0706865036705508,1.29663348587601,0.184713332418079,0.667594190019968,0.999997068196745,0.999983379322086,"group_idyes"
"15714","SERPINB2","Exc L4-5 RORB GABRG1",-0.482464273238491,-0.197951833418955,5.10516138169291,0.0244136071287134,0.999997068196745,0.999983379322086,"group_idyes"
"15715","SERPINB8","Exc L4-5 RORB GABRG1",0.0554893894427179,1.78455226572491,0.344577960535469,0.557542883655608,0.999997068196745,0.999983379322086,"group_idyes"
"15716","LINC01924","Exc L4-5 RORB GABRG1",-0.295180978931537,1.11206174848277,2.95112587490543,0.0866223719579318,0.999997068196745,0.999983379322086,"group_idyes"
"15717","CDH7","Exc L4-5 RORB GABRG1",-0.0200024581103189,6.1629140238778,0.24795434634473,0.618803689400982,0.999997068196745,0.999983379322086,"group_idyes"
"15718","CDH19","Exc L4-5 RORB GABRG1",-0.0339575794380784,0.615190952081827,0.0409136077102007,0.839811689218908,0.999997068196745,0.999983379322086,"group_idyes"
"15719","AC110597.1","Exc L4-5 RORB GABRG1",-0.0461040960160332,0.385528860156785,0.0749056961363599,0.784470464998436,0.999997068196745,0.999983379322086,"group_idyes"
"15720","DSEL","Exc L4-5 RORB GABRG1",0.0655177134782085,3.4214139806138,0.89084982227695,0.345839454057674,0.999997068196745,0.999983379322086,"group_idyes"
"15721","AC110597.3","Exc L4-5 RORB GABRG1",0.0333989796221297,0.579474472723414,0.0338390945381066,0.854146413987426,0.999997068196745,0.999983379322086,"group_idyes"
"15722","AC114689.3","Exc L4-5 RORB GABRG1",-0.0586133663354901,3.24046297762643,0.39684657327816,0.529096276866041,0.999997068196745,0.999983379322086,"group_idyes"
"15723","TMX3","Exc L4-5 RORB GABRG1",0.0055568322893519,6.21939167931232,0.043665319646827,0.834588118522223,0.999997068196745,0.999983379322086,"group_idyes"
"15724","CCDC102B","Exc L4-5 RORB GABRG1",0.00634767956780883,6.89877922950097,0.0260405788165855,0.871885963236764,0.999997068196745,0.999983379322086,"group_idyes"
"15725","DOK6","Exc L4-5 RORB GABRG1",0.00972385789797746,6.88266177574965,0.0615152379212496,0.804249200906203,0.999997068196745,0.999983379322086,"group_idyes"
"15726","AC119868.2","Exc L4-5 RORB GABRG1",-0.0226282469944376,1.57000554841134,0.0275188280140228,0.868332231066857,0.999997068196745,0.999983379322086,"group_idyes"
"15727","CD226","Exc L4-5 RORB GABRG1",-0.0176255694742059,2.83901949876906,0.0583837389493565,0.809197720271814,0.999997068196745,0.999983379322086,"group_idyes"
"15728","RTTN","Exc L4-5 RORB GABRG1",-0.0125895202617521,5.37093808911708,0.0967158378856794,0.755975358944635,0.999997068196745,0.999983379322086,"group_idyes"
"15729","SOCS6","Exc L4-5 RORB GABRG1",-0.0300793723604589,4.6036958049885,0.560799524441248,0.98990979568612,0.999997068196745,0.999983379322086,"group_idyes"
"15730","LINC01909","Exc L4-5 RORB GABRG1",0.191391948269037,1.18447531499938,2.403841699384,0.121859867676002,0.999997068196745,0.999983379322086,"group_idyes"
"15731","GTSCR1","Exc L4-5 RORB GABRG1",0.0995245016456388,0.395812296261005,0.328631524103189,0.566800925208611,0.999997068196745,0.999983379322086,"group_idyes"
"15732","AC091691.2","Exc L4-5 RORB GABRG1",-0.187046287061832,0.15324561614053,0.950369643774578,0.330237774848235,0.999997068196745,0.999983379322086,"group_idyes"
"15733","LINC01899","Exc L4-5 RORB GABRG1",-0.153910873972482,0.266727713813468,0.547820057395638,0.459661211120053,0.999997068196745,0.999983379322086,"group_idyes"
"15734","CBLN2","Exc L4-5 RORB GABRG1",-0.171253921351108,4.02395207122348,1.27885479106049,0.258816529359372,0.999997068196745,0.999983379322086,"group_idyes"
"15735","NETO1","Exc L4-5 RORB GABRG1",-0.00367991060158916,7.13076274201429,0.00731938043676858,0.931865965623135,0.999997068196745,0.999983379322086,"group_idyes"
"15736","AC091138.1","Exc L4-5 RORB GABRG1",-0.00515703683876853,5.20532753695424,0.0172220711555316,0.895659675624291,0.999997068196745,0.999983379322086,"group_idyes"
"15737","AC090125.1","Exc L4-5 RORB GABRG1",0.179559309234031,1.36823833544657,2.28351840798544,0.131575848777259,0.999997068196745,0.999983379322086,"group_idyes"
"15738","FBXO15","Exc L4-5 RORB GABRG1",0.0716357791465945,3.64126171571526,1.31352873684763,0.252469093746522,0.999997068196745,0.999983379322086,"group_idyes"
"15739","TIMM21","Exc L4-5 RORB GABRG1",0.0435489519126346,4.11705555962798,0.866579629945135,0.352487712966508,0.999997068196745,0.999983379322086,"group_idyes"
"15740","CYB5A","Exc L4-5 RORB GABRG1",-0.110873790807248,3.7100881619088,3.50447037383003,0.0619618626317867,0.999997068196745,0.999983379322086,"group_idyes"
"15741","CNDP2","Exc L4-5 RORB GABRG1",0.0154895730559953,4.01651161969845,0.067754299318033,0.794774278380999,0.999997068196745,0.999983379322086,"group_idyes"
"15742","CNDP1","Exc L4-5 RORB GABRG1",-0.218350986249967,1.67648098690097,2.49818959010723,0.114799002148825,0.999997068196745,0.999983379322086,"group_idyes"
"15743","LINC00909","Exc L4-5 RORB GABRG1",-0.0209459235698846,3.60970719922611,0.15292630377865,0.695970888547411,0.999997068196745,0.999983379322086,"group_idyes"
"15744","ZNF407","Exc L4-5 RORB GABRG1",-0.0138826379369013,6.47939593425464,0.0874340397453929,0.767624470413915,0.999997068196745,0.999983379322086,"group_idyes"
"15745","ZADH2","Exc L4-5 RORB GABRG1",0.0443760172704619,5.13098884932926,1.28508426984001,0.257661732098222,0.999997068196745,0.999983379322086,"group_idyes"
"15746","TSHZ1","Exc L4-5 RORB GABRG1",0.0880305197209021,4.88146554728216,1.97500482203009,0.160724604211161,0.999997068196745,0.999983379322086,"group_idyes"
"15747","ZNF516","Exc L4-5 RORB GABRG1",0.08838607894636,1.92476881474237,0.311178419058459,0.577282399982339,0.999997068196745,0.999983379322086,"group_idyes"
"15748","LINC00908","Exc L4-5 RORB GABRG1",0.0413497635210265,1.05091753788696,0.104380904051718,0.746809924880817,0.999997068196745,0.999983379322086,"group_idyes"
"15749","ZNF236-DT","Exc L4-5 RORB GABRG1",-0.0634251359529294,3.50156839496193,1.52363794008193,0.217823212403436,0.999997068196745,0.999983379322086,"group_idyes"
"15750","ZNF236","Exc L4-5 RORB GABRG1",-0.049203304759794,5.59400931501455,1.54386289396284,0.214800525558588,0.999997068196745,0.999983379322086,"group_idyes"
"15751","MBP","Exc L4-5 RORB GABRG1",0.0147667298847718,6.56691026380913,0.138594677285678,0.709887090630795,0.999997068196745,0.999983379322086,"group_idyes"
"15752","AC100863.1","Exc L4-5 RORB GABRG1",-0.177826818927077,1.37957737687617,1.66207279811557,0.198098255625178,0.999997068196745,0.999983379322086,"group_idyes"
"15753","GALR1","Exc L4-5 RORB GABRG1",-0.195212185496155,0.703632670722119,1.79113957179389,0.181577768524142,0.999997068196745,0.999983379322086,"group_idyes"
"15754","ATP9B","Exc L4-5 RORB GABRG1",-0.0320417383010202,7.52759858973918,0.659897569692441,0.41709846083224,0.999997068196745,0.999983379322086,"group_idyes"
"15755","AC068473.1","Exc L4-5 RORB GABRG1",0.00353815880617704,1.93335281294023,0.00141303861391494,0.970033754494158,0.999997068196745,0.999983379322086,"group_idyes"
"15756","CTDP1","Exc L4-5 RORB GABRG1",-0.0528318101367474,3.79267425589259,1.07879234311268,0.299620192530232,0.999997068196745,0.999983379322086,"group_idyes"
"15757","PQLC1","Exc L4-5 RORB GABRG1",-0.00762819667694715,5.14212907713445,0.0597788130620309,0.806976219928318,0.999997068196745,0.999983379322086,"group_idyes"
"15758","HSBP1L1","Exc L4-5 RORB GABRG1",0.0451030665853832,1.93434316162594,0.259148463336462,0.610997604238322,0.999997068196745,0.999983379322086,"group_idyes"
"15759","TXNL4A","Exc L4-5 RORB GABRG1",-0.0113830875441317,5.63586291941936,0.105454592195209,0.745556078420621,0.999997068196745,0.999983379322086,"group_idyes"
"15760","AC090360.1","Exc L4-5 RORB GABRG1",-0.0296478123490558,1.73481934956385,0.107937162288893,0.742683725882232,0.999997068196745,0.999983379322086,"group_idyes"
"15761","ADNP2","Exc L4-5 RORB GABRG1",0.0155057360167961,5.4018824834038,0.227197117425331,0.830862883408672,0.999997068196745,0.999983379322086,"group_idyes"
"15762","PARD6G-AS1","Exc L4-5 RORB GABRG1",0.0172232832453589,3.50219327776027,0.0576573703938199,0.810365511928992,0.999997068196745,0.999983379322086,"group_idyes"
"15763","PARD6G","Exc L4-5 RORB GABRG1",-0.00112402897794307,3.0252305640169,0.000232678859489497,0.987837595832273,0.999997068196745,0.999983379322086,"group_idyes"
"15764","C20orf96","Exc L4-5 RORB GABRG1",0.0151077867088469,3.42235792355648,0.0632987093541003,0.801490507785537,0.999997068196745,0.999983379322086,"group_idyes"
"15765","ZCCHC3","Exc L4-5 RORB GABRG1",-0.00973390784161729,4.16538945289807,0.0207167453608311,0.885628637085354,0.999997068196745,0.999983379322086,"group_idyes"
"15766","NRSN2-AS1","Exc L4-5 RORB GABRG1",-0.0275413458687373,4.67984312734731,0.2007147520565,0.654396711862261,0.999997068196745,0.999983379322086,"group_idyes"
"15767","SOX12","Exc L4-5 RORB GABRG1",-0.0266155401980415,4.1370588291462,0.260660644078189,0.609959454451862,0.999997068196745,0.999983379322086,"group_idyes"
"15768","NRSN2","Exc L4-5 RORB GABRG1",-0.0341139520648154,5.53435705112726,0.601391280176223,0.438524089641552,0.999997068196745,0.999983379322086,"group_idyes"
"15769","TRIB3","Exc L4-5 RORB GABRG1",-0.055930186620699,2.56417107763303,0.586354309257837,0.444301874134972,0.999997068196745,0.999983379322086,"group_idyes"
"15770","RBCK1","Exc L4-5 RORB GABRG1",-0.0465674934883623,4.32804415191058,1.00535088484439,0.31664941136402,0.999997068196745,0.999983379322086,"group_idyes"
"15771","TBC1D20","Exc L4-5 RORB GABRG1",0.00271277259009301,4.94257447757139,0.00755055648379506,0.930801024372883,0.999997068196745,0.999983379322086,"group_idyes"
"15772","CSNK2A1","Exc L4-5 RORB GABRG1",-0.0636906407349599,6.49806314309214,7.97395635353097,0.00499233551365961,0.999997068196745,0.999983379322086,"group_idyes"
"15773","SRXN1","Exc L4-5 RORB GABRG1",-0.288271921356337,-0.050329759443863,1.68383073696157,0.195193702031555,0.999997068196745,0.999983379322086,"group_idyes"
"15774","FAM110A","Exc L4-5 RORB GABRG1",0.00508346932031451,2.19572585273838,0.00362403186618506,0.952027657703583,0.999997068196745,0.999983379322086,"group_idyes"
"15775","RSPO4","Exc L4-5 RORB GABRG1",-0.15145132673631,2.27597822900211,2.25878009861793,0.13367904552716,0.999997068196745,0.999983379322086,"group_idyes"
"15776","PSMF1","Exc L4-5 RORB GABRG1",0.0276246180739986,5.42780644921487,0.946719813854125,0.331166991270319,0.999997068196745,0.999983379322086,"group_idyes"
"15777","TMEM74B","Exc L4-5 RORB GABRG1",-0.0032119945242508,3.91363088227826,0.00359717544616451,0.95220552690506,0.999997068196745,0.999983379322086,"group_idyes"
"15778","RAD21L1","Exc L4-5 RORB GABRG1",-0.0321619092190326,1.5964632314876,0.0449489798323717,0.832210144355282,0.999997068196745,0.999983379322086,"group_idyes"
"15779","SNPH","Exc L4-5 RORB GABRG1",0.0699008230816946,5.67985426163945,2.34750928574405,0.126305205234233,0.999997068196745,0.999983379322086,"group_idyes"
"15780","SDCBP2","Exc L4-5 RORB GABRG1",-0.0125580724658376,3.47710306270758,0.0369149824977246,0.847739614494994,0.999997068196745,0.999983379322086,"group_idyes"
"15781","AL136531.2","Exc L4-5 RORB GABRG1",0.00863369009453288,5.18774723853058,0.00982403868490051,0.921097561934581,0.999997068196745,0.999983379322086,"group_idyes"
"15782","SDCBP2-AS1","Exc L4-5 RORB GABRG1",-0.0569007535289927,4.20603095603452,0.995438631902165,0.319043842063649,0.999997068196745,0.999983379322086,"group_idyes"
"15783","NSFL1C","Exc L4-5 RORB GABRG1",-0.0383886870891299,5.75212819179963,1.54800432009262,0.214187767170587,0.999997068196745,0.999983379322086,"group_idyes"
"15784","SIRPG","Exc L4-5 RORB GABRG1",-0.141209404540783,0.93208228764147,0.82505131945721,0.364276023594675,0.999997068196745,0.999983379322086,"group_idyes"
"15785","AL121760.1","Exc L4-5 RORB GABRG1",-0.000429089261713254,2.54441820524902,5.19515193224294e-05,0.994252841033753,0.999997068196745,0.999983379322086,"group_idyes"
"15786","AL117335.1","Exc L4-5 RORB GABRG1",-0.0724666953514326,3.23752276155422,0.634017080599568,0.426376683950036,0.999997068196745,0.999983379322086,"group_idyes"
"15787","SIRPA","Exc L4-5 RORB GABRG1",0.074533487557952,7.41538299616875,5.73979771005182,0.0170617367988089,0.999997068196745,0.999983379322086,"group_idyes"
"15788","PDYN-AS1","Exc L4-5 RORB GABRG1",0.212224270517219,1.60852498097434,3.60911074957132,0.0582113614356377,0.999997068196745,0.999983379322086,"group_idyes"
"15789","STK35","Exc L4-5 RORB GABRG1",0.0263711292171427,5.36291143233684,0.507744317115191,0.476548877682306,0.999997068196745,0.999983379322086,"group_idyes"
"15790","AL121899.1","Exc L4-5 RORB GABRG1",-0.0408267807706587,0.65820074338784,0.0816171550043408,0.775271488098122,0.999997068196745,0.999983379322086,"group_idyes"
"15791","TGM3","Exc L4-5 RORB GABRG1",0.0435089737885171,0.779850841236945,0.0975991974509358,0.754899194316699,0.999997068196745,0.999983379322086,"group_idyes"
"15792","SNRPB","Exc L4-5 RORB GABRG1",0.064503550754506,3.80061099798468,0.821121966818309,0.365419487581382,0.999997068196745,0.999983379322086,"group_idyes"
"15793","AL049650.1","Exc L4-5 RORB GABRG1",-0.0295557377700256,4.19493897606431,0.360776550924822,0.548428943892801,0.999997068196745,0.999983379322086,"group_idyes"
"15794","ZNF343","Exc L4-5 RORB GABRG1",0.0269591703786963,1.52172381363903,0.0675570354024346,0.795066555894725,0.999997068196745,0.999983379322086,"group_idyes"
"15795","TMC2","Exc L4-5 RORB GABRG1",-0.074933772605516,1.75971330586934,0.690035619164614,0.406667461833199,0.999997068196745,0.999983379322086,"group_idyes"
"15796","NOP56","Exc L4-5 RORB GABRG1",0.00146462516915523,5.33634573598298,0.00107062546755827,0.973914513055123,0.999997068196745,0.999983379322086,"group_idyes"
"15797","IDH3B","Exc L4-5 RORB GABRG1",0.0210756270314494,3.82097060548914,0.0589576841785536,0.808280409153168,0.999997068196745,0.999983379322086,"group_idyes"
"15798","EBF4","Exc L4-5 RORB GABRG1",-0.00633760320267005,3.32866586825133,0.00554698028144812,0.940668713135983,0.999997068196745,0.999983379322086,"group_idyes"
"15799","PCED1A","Exc L4-5 RORB GABRG1",0.0174914114618943,3.48601315400002,0.0999592165386282,0.936780565564768,0.999997068196745,0.999983379322086,"group_idyes"
"15800","VPS16","Exc L4-5 RORB GABRG1",-0.152923213070021,2.89155166460202,6.10416383589677,0.0139189837985972,0.999997068196745,0.999983379322086,"group_idyes"
"15801","PTPRA","Exc L4-5 RORB GABRG1",-0.0390911313167961,7.81165966104009,2.91166147323745,0.0887482142610242,0.999997068196745,0.999983379322086,"group_idyes"
"15802","MRPS26","Exc L4-5 RORB GABRG1",-0.0248021040418516,4.92666051895168,0.115610935091521,0.73402997537741,0.999997068196745,0.999983379322086,"group_idyes"
"15803","UBOX5-AS1","Exc L4-5 RORB GABRG1",-0.0388558689803486,2.67274450457497,0.173690500676703,0.677084983422371,0.999997068196745,0.999983379322086,"group_idyes"
"15804","UBOX5","Exc L4-5 RORB GABRG1",-0.0149872791541032,3.94254325336034,0.105962435935717,0.744965479703174,0.999997068196745,0.999983379322086,"group_idyes"
"15805","LZTS3","Exc L4-5 RORB GABRG1",-0.00449089982627617,6.958985978729,0.0119997387561604,0.912828678921472,0.999997068196745,0.999983379322086,"group_idyes"
"15806","DDRGK1","Exc L4-5 RORB GABRG1",-0.0295256083680045,5.5019745697387,0.206135732048715,0.650069202840987,0.999997068196745,0.999983379322086,"group_idyes"
"15807","ITPA","Exc L4-5 RORB GABRG1",-0.0264962811135161,4.22622667899561,0.328504257461532,0.566876005742551,0.999997068196745,0.999983379322086,"group_idyes"
"15808","SLC4A11","Exc L4-5 RORB GABRG1",-0.0782933770127423,1.16069734466492,0.31387418449242,0.575638577458097,0.999997068196745,0.999983379322086,"group_idyes"
"15809","C20orf194","Exc L4-5 RORB GABRG1",-0.0471937870213943,8.04453264338932,1.98750290664657,0.159410081775836,0.999997068196745,0.999983379322086,"group_idyes"
"15810","ATRN","Exc L4-5 RORB GABRG1",-0.0395298381378925,6.90071448630122,2.48761545539386,0.190071343358554,0.999997068196745,0.999983379322086,"group_idyes"
"15811","SIGLEC1","Exc L4-5 RORB GABRG1",-0.688123641888953,0.233452030578106,11.7446982207842,0.000676032698966593,0.999997068196745,0.999983379322086,"group_idyes"
"15812","C20orf27","Exc L4-5 RORB GABRG1",-0.0257605904014072,3.59655560863909,0.122740296246944,0.726272943888995,0.999997068196745,0.999983379322086,"group_idyes"
"15813","SPEF1","Exc L4-5 RORB GABRG1",-0.00517711672461871,3.65011570922711,0.00371314498786518,0.951442154390523,0.999997068196745,0.999983379322086,"group_idyes"
"15814","CENPB","Exc L4-5 RORB GABRG1",0.0259410644667156,3.34447783575493,0.149633170351757,0.699100028927021,0.999997068196745,0.999983379322086,"group_idyes"
"15815","CDC25B","Exc L4-5 RORB GABRG1",0.00318683077632699,5.65857407315593,0.00695237518319343,0.93359203785947,0.999997068196745,0.999983379322086,"group_idyes"
"15816","LINC01730","Exc L4-5 RORB GABRG1",0.466395339206905,0.498760952379413,7.43702377510168,0.0066820576163936,0.999997068196745,0.999983379322086,"group_idyes"
"15817","AP5S1","Exc L4-5 RORB GABRG1",-0.0200739950583841,2.62768530777795,0.089695126691097,0.964161078850374,0.999997068196745,0.999983379322086,"group_idyes"
"15818","MAVS","Exc L4-5 RORB GABRG1",-0.00625501726406649,4.87702692359848,0.0211699424165194,0.884393148080547,0.999997068196745,0.999983379322086,"group_idyes"
"15819","AL353194.1","Exc L4-5 RORB GABRG1",0.0106300778841194,2.40240783684089,0.0128070747303857,0.909956117333871,0.999997068196745,0.999983379322086,"group_idyes"
"15820","PANK2","Exc L4-5 RORB GABRG1",0.024185012859079,5.58383588200254,0.903203388374549,0.342520841778567,0.999997068196745,0.999983379322086,"group_idyes"
"15821","RNF24","Exc L4-5 RORB GABRG1",-0.0516562728552205,6.79116373845687,2.60728383369005,0.107193597948662,0.999997068196745,0.999983379322086,"group_idyes"
"15822","SMOX","Exc L4-5 RORB GABRG1",-0.0488484969006236,1.80731600989177,0.329554794167727,0.566256822951101,0.999997068196745,0.999983379322086,"group_idyes"
"15823","PRNP","Exc L4-5 RORB GABRG1",0.0821283342268187,8.58027199004285,1.79010999298101,0.181703039276644,0.999997068196745,0.999983379322086,"group_idyes"
"15824","RASSF2","Exc L4-5 RORB GABRG1",-0.089355671227258,1.46839053734076,0.403272542064644,0.525781484018736,0.999997068196745,0.999983379322086,"group_idyes"
"15825","SLC23A2","Exc L4-5 RORB GABRG1",-0.0207466096797685,7.27903601838247,0.461192663744826,0.497475443339592,0.999997068196745,0.999983379322086,"group_idyes"
"15826","TMEM230","Exc L4-5 RORB GABRG1",0.00611953058935099,5.50319353546433,0.0447531277466422,0.832570644938502,0.999997068196745,0.999983379322086,"group_idyes"
"15827","PCNA","Exc L4-5 RORB GABRG1",0.0664335328259538,2.92864413904033,0.76513700700549,0.922475120488921,0.999997068196745,0.999983379322086,"group_idyes"
"15828","CDS2","Exc L4-5 RORB GABRG1",-0.00464548337159736,6.09470635382498,0.0305933541826443,0.861242709010629,0.999997068196745,0.999983379322086,"group_idyes"
"15829","LINC00658","Exc L4-5 RORB GABRG1",-0.0447051923985312,4.02666568559672,0.293154322700472,0.588519610270772,0.999997068196745,0.999983379322086,"group_idyes"
"15830","LINC00654","Exc L4-5 RORB GABRG1",-0.0876875908173682,1.50455895003974,0.624664329369409,0.429806146928437,0.999997068196745,0.999983379322086,"group_idyes"
"15831","AL109935.1","Exc L4-5 RORB GABRG1",-0.070591992435379,0.0507610619072663,0.129017129479122,0.719650347438163,0.999997068196745,0.999983379322086,"group_idyes"
"15832","GPCPD1","Exc L4-5 RORB GABRG1",-0.0887274388580298,4.74122113434435,2.96048610278712,0.0861263246376007,0.999997068196745,0.999983379322086,"group_idyes"
"15833","SHLD1","Exc L4-5 RORB GABRG1",-0.0872823845970587,4.7858090310086,2.88141758650508,0.0904157907660475,0.999997068196745,0.999983379322086,"group_idyes"
"15834","CHGB","Exc L4-5 RORB GABRG1",-0.0558545059301976,5.57154104614686,0.329940598165736,0.566029760903338,0.999997068196745,0.999983379322086,"group_idyes"
"15835","TRMT6","Exc L4-5 RORB GABRG1",-0.0298938556068339,3.93600020016136,0.340043057466616,0.560146020006763,0.999997068196745,0.999983379322086,"group_idyes"
"15836","MCM8","Exc L4-5 RORB GABRG1",0.0284517376437261,3.64469083192612,0.242691922755261,0.725805160330769,0.999997068196745,0.999983379322086,"group_idyes"
"15837","AL035461.2","Exc L4-5 RORB GABRG1",-0.00542761247014845,1.25838767338369,0.00231723789141608,0.961631481768225,0.999997068196745,0.999983379322086,"group_idyes"
"15838","CRLS1","Exc L4-5 RORB GABRG1",0.0131555658102511,5.2006438218179,0.165849181488769,0.68405392016099,0.999997068196745,0.999983379322086,"group_idyes"
"15839","FERMT1","Exc L4-5 RORB GABRG1",0.110687205693267,0.958072529609114,0.735653995837452,0.391590609436948,0.999997068196745,0.999983379322086,"group_idyes"
"15840","BMP2","Exc L4-5 RORB GABRG1",-0.0417595375545762,1.26550496776576,0.144644350722498,0.703916751856003,0.999997068196745,0.999983379322086,"group_idyes"
"15841","LINC01428","Exc L4-5 RORB GABRG1",0.14109719617,0.358088139366431,0.59693883500754,0.440222765797674,0.999997068196745,0.999983379322086,"group_idyes"
"15842","TMX4","Exc L4-5 RORB GABRG1",0.0265598882308111,6.22312069564764,0.388467146879215,0.533475542548347,0.999997068196745,0.999983379322086,"group_idyes"
"15843","AL021396.1","Exc L4-5 RORB GABRG1",-0.0905501410813383,0.621319504842725,0.358876557239229,0.549483408656862,0.999997068196745,0.999983379322086,"group_idyes"
"15844","PLCB1","Exc L4-5 RORB GABRG1",-0.0169380596811054,10.479358285794,0.179931717368483,0.67166901110254,0.999997068196745,0.999983379322086,"group_idyes"
"15845","PLCB4","Exc L4-5 RORB GABRG1",0.033276771876022,6.03755706298068,0.3922738467913,0.531478006711826,0.999997068196745,0.999983379322086,"group_idyes"
"15846","LAMP5","Exc L4-5 RORB GABRG1",-0.138953074671657,1.07751876922788,0.73933602819889,0.390409122523267,0.999997068196745,0.999983379322086,"group_idyes"
"15847","PAK5","Exc L4-5 RORB GABRG1",0.0123518816608855,7.67711365373735,0.126823034513081,0.721944240702722,0.999997068196745,0.999983379322086,"group_idyes"
"15848","ANKEF1","Exc L4-5 RORB GABRG1",-0.024549120304221,1.48352133182519,0.0463101613771018,0.8297270131146,0.999997068196745,0.999983379322086,"group_idyes"
"15849","SNAP25-AS1","Exc L4-5 RORB GABRG1",-0.0246413497786581,6.51824695926135,0.0781859617778317,0.779921222392264,0.999997068196745,0.999983379322086,"group_idyes"
"15850","AL354824.1","Exc L4-5 RORB GABRG1",0.175063092080158,2.09889533114943,4.1659692775713,0.0419257576980612,0.999997068196745,0.999983379322086,"group_idyes"
"15851","SNAP25","Exc L4-5 RORB GABRG1",-0.00383650677836057,10.1754398042867,0.00844441258554373,0.926830496210271,0.999997068196745,0.999983379322086,"group_idyes"
"15852","MKKS","Exc L4-5 RORB GABRG1",1.56743945772624e-05,4.42775652664678,5.50806084019206e-07,0.999408224231804,0.999997068196745,0.999983379322086,"group_idyes"
"15853","SLX4IP","Exc L4-5 RORB GABRG1",-0.0350791240510941,5.21331351560704,0.448542508953292,0.503429653193065,0.999997068196745,0.999983379322086,"group_idyes"
"15854","JAG1","Exc L4-5 RORB GABRG1",-0.033402485436631,0.267828618332321,0.0323910271916751,0.85726689220233,0.999997068196745,0.999983379322086,"group_idyes"
"15855","AL050403.2","Exc L4-5 RORB GABRG1",-0.130544292793411,0.934553259688339,0.758150887735483,0.384450786143923,0.999997068196745,0.999983379322086,"group_idyes"
"15856","LINC00687","Exc L4-5 RORB GABRG1",0.272968995448024,0.717998951491101,3.42011263474536,0.0651734502883269,0.999997068196745,0.999983379322086,"group_idyes"
"15857","BTBD3","Exc L4-5 RORB GABRG1",0.00985131481443612,5.64563912739949,0.0571266848874405,0.811223628966777,0.999997068196745,0.999983379322086,"group_idyes"
"15858","SPTLC3","Exc L4-5 RORB GABRG1",-0.0238909569257172,0.374211434025139,0.0219967809320685,0.88217336567134,0.999997068196745,0.999983379322086,"group_idyes"
"15859","ISM1","Exc L4-5 RORB GABRG1",-0.0245541864977638,0.450560363752602,0.0262579896570071,0.942937672024934,0.999997068196745,0.999983379322086,"group_idyes"
"15860","TASP1","Exc L4-5 RORB GABRG1",-0.0472233511820573,6.90159076094196,1.60955911555027,0.205320856353759,0.999997068196745,0.999983379322086,"group_idyes"
"15861","ESF1","Exc L4-5 RORB GABRG1",0.0281317922560127,6.40176570691252,0.32808476618428,0.567123620169141,0.999997068196745,0.999983379322086,"group_idyes"
"15862","NDUFAF5","Exc L4-5 RORB GABRG1",-0.0138582861572586,5.37775857196874,0.160198382189653,0.689196083034467,0.999997068196745,0.999983379322086,"group_idyes"
"15863","SEL1L2","Exc L4-5 RORB GABRG1",0.0284840331226613,1.86119991287207,0.0897734592888988,0.764627157257583,0.999997068196745,0.999983379322086,"group_idyes"
"15864","MACROD2","Exc L4-5 RORB GABRG1",0.0417951670243304,10.0362301907588,1.1714449955368,0.279782428538613,0.999997068196745,0.999983379322086,"group_idyes"
"15865","FLRT3","Exc L4-5 RORB GABRG1",0.0652494975224798,5.58613784955693,2.38307318870042,0.123478154669699,0.999997068196745,0.999983379322086,"group_idyes"
"15866","MACROD2-AS1","Exc L4-5 RORB GABRG1",-0.0123327325735395,1.62861821042148,0.0065129586297853,0.935720191778426,0.999997068196745,0.999983379322086,"group_idyes"
"15867","KIF16B","Exc L4-5 RORB GABRG1",-0.0356249858230429,7.66514757586062,0.685700294988762,0.408144101779635,0.999997068196745,0.999983379322086,"group_idyes"
"15868","SNRPB2","Exc L4-5 RORB GABRG1",0.0138236226583939,4.71669424009017,0.0389544768361174,0.843643107576871,0.999997068196745,0.999983379322086,"group_idyes"
"15869","PCSK2","Exc L4-5 RORB GABRG1",0.00226363067351202,8.67323175658994,0.00423611630047048,0.948139767232036,0.999997068196745,0.999983379322086,"group_idyes"
"15870","BFSP1","Exc L4-5 RORB GABRG1",-0.0697731974787736,2.69323776777651,0.812902258822312,0.367827662159285,0.999997068196745,0.999983379322086,"group_idyes"
"15871","DSTN","Exc L4-5 RORB GABRG1",-1.38556563426978e-05,6.52478333361595,4.92484968518024e-08,0.999823048462809,0.999997068196745,0.999983379322086,"group_idyes"
"15872","RRBP1","Exc L4-5 RORB GABRG1",-0.101335779722945,3.5732430520736,3.70925277586473,0.0548481814021763,0.999997068196745,0.999983379322086,"group_idyes"
"15873","SNX5","Exc L4-5 RORB GABRG1",0.0267166387726192,4.59673286690762,0.636521800410774,0.425465267520191,0.999997068196745,0.999983379322086,"group_idyes"
"15874","OVOL2","Exc L4-5 RORB GABRG1",0.0183088149896034,4.06480580758301,0.0758080550046741,0.78320851167718,0.999997068196745,0.999983379322086,"group_idyes"
"15875","MGME1","Exc L4-5 RORB GABRG1",0.0805077651602179,2.45223984656017,1.54005291179322,0.215366091834853,0.999997068196745,0.999983379322086,"group_idyes"
"15876","PET117","Exc L4-5 RORB GABRG1",0.191611683434701,0.360156128662985,1.26852338729382,0.260745913268559,0.999997068196745,0.999983379322086,"group_idyes"
"15877","KAT14","Exc L4-5 RORB GABRG1",0.0322535799907277,4.07899575908345,0.616373751987431,0.432881205675295,0.999997068196745,0.999983379322086,"group_idyes"
"15878","ZNF133","Exc L4-5 RORB GABRG1",-0.0161626677026474,5.90007350670294,0.127328934730498,0.721413356427818,0.999997068196745,0.999983379322086,"group_idyes"
"15879","DZANK1","Exc L4-5 RORB GABRG1",-0.0256117977304396,5.42769336628703,0.461166675892859,0.497487552641433,0.999997068196745,0.999983379322086,"group_idyes"
"15880","POLR3F","Exc L4-5 RORB GABRG1",-0.00693252237310109,4.47269518605719,0.02111976057587,0.884529282783649,0.999997068196745,0.999983379322086,"group_idyes"
"15881","RBBP9","Exc L4-5 RORB GABRG1",0.0661928026600139,2.68390347634093,1.15561006527814,0.28305154242808,0.999997068196745,0.999983379322086,"group_idyes"
"15882","SEC23B","Exc L4-5 RORB GABRG1",-0.0860360340321254,4.35782828106344,3.92470238898347,0.0482932377335377,0.999997068196745,0.999983379322086,"group_idyes"
"15883","SMIM26","Exc L4-5 RORB GABRG1",0.0871434650298109,0.0928200711539065,0.135440218089795,0.713059197043437,0.999997068196745,0.999983379322086,"group_idyes"
"15884","AL121900.2","Exc L4-5 RORB GABRG1",-0.0466789321364267,1.0989525062728,0.200292380039252,0.654736823444138,0.999997068196745,0.999983379322086,"group_idyes"
"15885","DTD1","Exc L4-5 RORB GABRG1",-0.0460668968936211,3.76787780550476,0.576244800366242,0.448252845728893,0.999997068196745,0.999983379322086,"group_idyes"
"15886","LINC00652","Exc L4-5 RORB GABRG1",0.289283550195661,0.893085386241524,4.02768384766885,0.0454585001246606,0.999997068196745,0.999983379322086,"group_idyes"
"15887","AL035563.1","Exc L4-5 RORB GABRG1",0.144087305507077,0.934667350519844,1.61290705485309,0.204851205963495,0.999997068196745,0.999983379322086,"group_idyes"
"15888","SLC24A3","Exc L4-5 RORB GABRG1",0.0524723107227751,2.43026953199648,0.221894947840258,0.637866820919111,0.999997068196745,0.999983379322086,"group_idyes"
"15889","RIN2","Exc L4-5 RORB GABRG1",-0.132188620315969,0.972153087802486,0.85733738676101,0.355065318194368,0.999997068196745,0.999983379322086,"group_idyes"
"15890","NAA20","Exc L4-5 RORB GABRG1",-0.0252904191950064,4.69667832648643,0.193889853088878,0.65994594027548,0.999997068196745,0.999983379322086,"group_idyes"
"15891","CRNKL1","Exc L4-5 RORB GABRG1",0.0520226486332092,3.78276715306294,0.961256530712928,0.327486620749596,0.999997068196745,0.999983379322086,"group_idyes"
"15892","CFAP61","Exc L4-5 RORB GABRG1",-0.0556030369076882,4.85202341255431,1.10707806994138,0.293378391161199,0.999997068196745,0.999983379322086,"group_idyes"
"15893","AL121721.1","Exc L4-5 RORB GABRG1",0.0857319204222267,0.927162351585223,0.1878246277472,0.664976248060214,0.999997068196745,0.999983379322086,"group_idyes"
"15894","INSM1","Exc L4-5 RORB GABRG1",-0.0437264235227703,1.8788287146893,0.209293639949704,0.647579843290732,0.999997068196745,0.999983379322086,"group_idyes"
"15895","RALGAPA2","Exc L4-5 RORB GABRG1",-0.0301140448058806,6.72211060102897,0.67635794766497,0.4113530908111,0.999997068196745,0.999983379322086,"group_idyes"
"15896","KIZ","Exc L4-5 RORB GABRG1",0.0179772113541204,6.5579302328008,0.254321113864494,0.614337434919072,0.999997068196745,0.999983379322086,"group_idyes"
"15897","KIZ-AS1","Exc L4-5 RORB GABRG1",-0.000387679213336957,2.65133265103685,8.19343509447262e-06,0.997717607835224,0.999997068196745,0.999983379322086,"group_idyes"
"15898","XRN2","Exc L4-5 RORB GABRG1",0.00810715121222748,5.73641145676841,0.058764843236184,0.808588088723566,0.999997068196745,0.999983379322086,"group_idyes"
"15899","NXT1","Exc L4-5 RORB GABRG1",0.0923331100208483,1.83193570890463,0.918292437477851,0.544970889570856,0.999997068196745,0.999983379322086,"group_idyes"
"15900","GZF1","Exc L4-5 RORB GABRG1",0.0234630103349902,3.34931639804761,0.149249008319113,0.699467631578615,0.999997068196745,0.999983379322086,"group_idyes"
"15901","NAPB","Exc L4-5 RORB GABRG1",0.0341391615946455,6.96432474460794,0.447624265652407,0.503866581388013,0.999997068196745,0.999983379322086,"group_idyes"
"15902","CST3","Exc L4-5 RORB GABRG1",-0.0421845698111052,2.80340011700216,0.110361632560138,0.739913714615733,0.999997068196745,0.999983379322086,"group_idyes"
"15903","LINC01721","Exc L4-5 RORB GABRG1",-0.0560954526987512,4.57259079330603,0.8140279107937,0.367496570137552,0.999997068196745,0.999983379322086,"group_idyes"
"15904","SYNDIG1","Exc L4-5 RORB GABRG1",-0.019679941267137,7.52751606656319,0.23866081856511,0.625453356432232,0.999997068196745,0.999983379322086,"group_idyes"
"15905","AL157413.1","Exc L4-5 RORB GABRG1",0.0908668117761008,0.395366154893729,0.297781081778647,0.585593088603404,0.999997068196745,0.999983379322086,"group_idyes"
"15906","APMAP","Exc L4-5 RORB GABRG1",0.00227425188382693,5.18773678056732,0.00230802256622166,0.961707791891472,0.999997068196745,0.999983379322086,"group_idyes"
"15907","ACSS1","Exc L4-5 RORB GABRG1",-0.297839801831421,0.934293170395397,4.7007870311988,0.03076122874343,0.999997068196745,0.999983379322086,"group_idyes"
"15908","ENTPD6","Exc L4-5 RORB GABRG1",-0.0180193990390483,5.52302606432238,0.214600840409006,0.643446907759725,0.999997068196745,0.999983379322086,"group_idyes"
"15909","AL035252.3","Exc L4-5 RORB GABRG1",0.0277368523123393,1.92754415213145,0.0707125882142945,0.79044450793166,0.999997068196745,0.999983379322086,"group_idyes"
"15910","PYGB","Exc L4-5 RORB GABRG1",-0.000346939866416116,5.96103967121456,0.000108293192382361,0.991702436724975,0.999997068196745,0.999983379322086,"group_idyes"
"15911","ABHD12","Exc L4-5 RORB GABRG1",-0.0366166081424441,6.06282335638507,2.08623035365448,0.149446310022612,0.999997068196745,0.999983379322086,"group_idyes"
"15912","GINS1","Exc L4-5 RORB GABRG1",-0.0637207299231811,3.60059582316716,1.69343654833058,0.193927319924899,0.999997068196745,0.999983379322086,"group_idyes"
"15913","NINL","Exc L4-5 RORB GABRG1",-0.0947353000570138,2.22973441213144,1.40637367196593,0.53470249879342,0.999997068196745,0.999983379322086,"group_idyes"
"15914","NANP","Exc L4-5 RORB GABRG1",0.052875238228744,1.78500484219511,0.42914132942021,0.512802065950312,0.999997068196745,0.999983379322086,"group_idyes"
"15915","ZNF337-AS1","Exc L4-5 RORB GABRG1",-0.0525133454311144,3.4209254454734,0.386899454974744,0.53430213158325,0.999997068196745,0.999983379322086,"group_idyes"
"15916","ZNF337","Exc L4-5 RORB GABRG1",-0.0445217396216046,5.29766622469055,1.07141686978926,0.301275799938774,0.999997068196745,0.999983379322086,"group_idyes"
"15917","FAM182B","Exc L4-5 RORB GABRG1",0.00518914022209646,6.77172225955663,0.00644096571192266,0.936075678627603,0.999997068196745,0.999983379322086,"group_idyes"
"15918","LINC01598","Exc L4-5 RORB GABRG1",-0.106349326181342,3.00473691355134,1.15206317816503,0.283790425310266,0.999997068196745,0.999983379322086,"group_idyes"
"15919","HM13","Exc L4-5 RORB GABRG1",-0.0322134975682688,6.33717844691329,0.982576370318145,0.32218657722089,0.999997068196745,0.999983379322086,"group_idyes"
"15920","ID1","Exc L4-5 RORB GABRG1",0.0494281086197478,1.10073272160995,0.140546107518536,0.707945281387817,0.999997068196745,0.999983379322086,"group_idyes"
"15921","BCL2L1","Exc L4-5 RORB GABRG1",-0.00504317625536603,5.60332318427136,0.0229284247992709,0.879722716041772,0.999997068196745,0.999983379322086,"group_idyes"
"15922","AL117381.1","Exc L4-5 RORB GABRG1",-0.0217575008776385,1.7920586109204,0.0323366298157317,0.857385504635635,0.999997068196745,0.999983379322086,"group_idyes"
"15923","TPX2","Exc L4-5 RORB GABRG1",-0.0156736973701329,2.19294133277586,0.0418424851247394,0.838028488199034,0.999997068196745,0.999983379322086,"group_idyes"
"15924","DUSP15","Exc L4-5 RORB GABRG1",-0.119987699847818,0.913539219161424,0.825841231406178,0.364046754566141,0.999997068196745,0.999983379322086,"group_idyes"
"15925","TTLL9","Exc L4-5 RORB GABRG1",0.0748628772980962,2.154649457735,0.444181823944809,0.505510397603616,0.999997068196745,0.999983379322086,"group_idyes"
"15926","PDRG1","Exc L4-5 RORB GABRG1",0.0580765480548841,2.92758903919898,0.628336601053065,0.993660529368349,0.999997068196745,0.999983379322086,"group_idyes"
"15927","XKR7","Exc L4-5 RORB GABRG1",-0.0399121077848656,3.20176646061822,0.34895175042723,0.555053967688642,0.999997068196745,0.999983379322086,"group_idyes"
"15928","CCM2L","Exc L4-5 RORB GABRG1",-0.0186699587288075,1.51018503264353,0.0378739373153498,0.874707456524435,0.999997068196745,0.999983379322086,"group_idyes"
"15929","HCK","Exc L4-5 RORB GABRG1",-0.0295682784587912,0.917171539536576,0.0562158169453771,0.812706380681937,0.999997068196745,0.999983379322086,"group_idyes"
"15930","TM9SF4","Exc L4-5 RORB GABRG1",-0.029890310166137,5.79015988575643,1.47319270226522,0.225587209209848,0.999997068196745,0.999983379322086,"group_idyes"
"15931","PLAGL2","Exc L4-5 RORB GABRG1",0.0420560520616322,3.57779692155443,0.604800325902014,0.902258751055517,0.999997068196745,0.999983379322086,"group_idyes"
"15932","POFUT1","Exc L4-5 RORB GABRG1",-0.0425990232156043,3.80511001568507,0.827134740276621,0.54108634817593,0.999997068196745,0.999983379322086,"group_idyes"
"15933","KIF3B","Exc L4-5 RORB GABRG1",-0.00181757773593646,5.83623569756934,0.00314607571973919,0.955299315335649,0.999997068196745,0.999983379322086,"group_idyes"
"15934","AL121583.1","Exc L4-5 RORB GABRG1",-0.0170627342966453,1.43129116997626,0.0283752493413952,0.866318153250048,0.999997068196745,0.999983379322086,"group_idyes"
"15935","ASXL1","Exc L4-5 RORB GABRG1",-0.00755569915964838,6.36677461758421,0.0951259862616677,0.757925882879775,0.999997068196745,0.999983379322086,"group_idyes"
"15936","NOL4L","Exc L4-5 RORB GABRG1",-0.00981429788559187,6.03469166485459,0.0505123537191034,0.822293445590968,0.999997068196745,0.999983379322086,"group_idyes"
"15937","C20orf203","Exc L4-5 RORB GABRG1",-0.130828578371881,0.954787968380398,1.06546537209223,0.302620390397824,0.999997068196745,0.999983379322086,"group_idyes"
"15938","FO393400.1","Exc L4-5 RORB GABRG1",-0.0639178816490175,4.32652146400854,0.798224038072822,0.372183405196652,0.999997068196745,0.999983379322086,"group_idyes"
"15939","DNMT3B","Exc L4-5 RORB GABRG1",-0.00770778041165765,1.95678630571172,0.00581272613188272,0.939266806597629,0.999997068196745,0.999983379322086,"group_idyes"
"15940","MAPRE1","Exc L4-5 RORB GABRG1",-0.061053552811044,3.28822725042397,1.23806332681147,0.266539373993062,0.999997068196745,0.999983379322086,"group_idyes"
"15941","AL035071.2","Exc L4-5 RORB GABRG1",-0.00482985645315871,1.42410724817437,0.000946982568098232,0.975466465134078,0.999997068196745,0.999983379322086,"group_idyes"
"15942","AL035071.1","Exc L4-5 RORB GABRG1",0.124308085230829,3.17959188140428,3.7035382189672,0.0550344207238149,0.999997068196745,0.999983379322086,"group_idyes"
"15943","EFCAB8","Exc L4-5 RORB GABRG1",-0.122154053892289,0.827536608811247,0.859061868481809,0.454435555029767,0.999997068196745,0.999983379322086,"group_idyes"
"15944","CDK5RAP1","Exc L4-5 RORB GABRG1",0.00115160227912065,5.72352448442289,0.00154631010573184,0.968653147112069,0.999997068196745,0.999983379322086,"group_idyes"
"15945","SNTA1","Exc L4-5 RORB GABRG1",-0.0433503393412942,4.78265865836594,1.02677789239914,0.311553480739375,0.999997068196745,0.999983379322086,"group_idyes"
"15946","CBFA2T2","Exc L4-5 RORB GABRG1",-0.000672927519826398,7.28159256724438,0.000612424907923207,0.98026942081088,0.999997068196745,0.999983379322086,"group_idyes"
"15947","NECAB3","Exc L4-5 RORB GABRG1",-0.0455283323200206,4.35352828568611,0.526284483231058,0.468614174128099,0.999997068196745,0.999983379322086,"group_idyes"
"15948","E2F1","Exc L4-5 RORB GABRG1",-0.113437399051331,1.6620670083142,1.30099410693217,0.254741246807895,0.999997068196745,0.999983379322086,"group_idyes"
"15949","PXMP4","Exc L4-5 RORB GABRG1",-0.0249532692795109,3.77792242622394,0.27242950605256,0.602007041479553,0.999997068196745,0.999983379322086,"group_idyes"
"15950","ZNF341","Exc L4-5 RORB GABRG1",0.000507590496401029,4.44622522869712,0.000105088287593707,0.991826136425088,0.999997068196745,0.999983379322086,"group_idyes"
"15951","ZNF341-AS1","Exc L4-5 RORB GABRG1",0.166336188261588,0.304074307896455,1.12103208176174,0.29036062267239,0.999997068196745,0.999983379322086,"group_idyes"
"15952","CHMP4B","Exc L4-5 RORB GABRG1",0.0222859970832761,5.60701115752578,0.194210566957803,0.659682578803797,0.999997068196745,0.999983379322086,"group_idyes"
"15953","AL034549.1","Exc L4-5 RORB GABRG1",0.111608551397077,1.16606507823731,0.805999969719588,0.369866983249693,0.999997068196745,0.999983379322086,"group_idyes"
"15954","RALY","Exc L4-5 RORB GABRG1",-0.0170227635011991,5.72460434717368,0.347799365586806,0.969787697406671,0.999997068196745,0.999983379322086,"group_idyes"
"15955","EIF2S2","Exc L4-5 RORB GABRG1",0.0188938020582042,5.1673087252381,0.132677567128244,0.715871947979646,0.999997068196745,0.999983379322086,"group_idyes"
"15956","ASIP","Exc L4-5 RORB GABRG1",0.0380165672925988,1.82463263579936,0.107181956070052,0.743553599042853,0.999997068196745,0.999983379322086,"group_idyes"
"15957","AHCY","Exc L4-5 RORB GABRG1",-0.00891727349273838,2.99171411347307,0.0167509193333542,0.931568023335173,0.999997068196745,0.999983379322086,"group_idyes"
"15958","ITCH","Exc L4-5 RORB GABRG1",-0.0350717169451674,6.70212624854849,1.48238649666634,0.224147741016819,0.999997068196745,0.999983379322086,"group_idyes"
"15959","DYNLRB1","Exc L4-5 RORB GABRG1",-0.025607329793081,6.43202592641736,0.127032210349817,0.721724590163026,0.999997068196745,0.999983379322086,"group_idyes"
"15960","MAP1LC3A","Exc L4-5 RORB GABRG1",-0.0733919520178414,5.52930445429353,0.842374469734711,0.359293557848562,0.999997068196745,0.999983379322086,"group_idyes"
"15961","PIGU","Exc L4-5 RORB GABRG1",-0.0368336691711564,5.71801617657408,0.862886889912151,0.353514510244657,0.999997068196745,0.999983379322086,"group_idyes"
"15962","NCOA6","Exc L4-5 RORB GABRG1",-0.0113888935686036,6.2306401479623,0.151318936668499,0.871421866418115,0.999997068196745,0.999983379322086,"group_idyes"
"15963","TP53INP2","Exc L4-5 RORB GABRG1",0.00496554093045685,2.3036525555236,0.00374215072417921,0.951253101383982,0.999997068196745,0.999983379322086,"group_idyes"
"15964","GGT7","Exc L4-5 RORB GABRG1",-0.0289854291969068,6.57743629187279,0.903358316025076,0.342479496957573,0.999997068196745,0.999983379322086,"group_idyes"
"15965","ACSS2","Exc L4-5 RORB GABRG1",0.00654015662060022,4.84367890343956,0.0279160646683813,0.867394087701028,0.999997068196745,0.999983379322086,"group_idyes"
"15966","GSS","Exc L4-5 RORB GABRG1",-0.0596291391874073,3.62806212573731,0.89073669378879,0.345870045466361,0.999997068196745,0.999983379322086,"group_idyes"
"15967","MYH7B","Exc L4-5 RORB GABRG1",0.0884025207230466,3.23253163223869,1.89836231366419,0.169062616989281,0.999997068196745,0.999983379322086,"group_idyes"
"15968","TRPC4AP","Exc L4-5 RORB GABRG1",-8.70726806486693e-05,6.32321374335854,9.65098789709759e-06,0.997522902855852,0.999997068196745,0.999983379322086,"group_idyes"
"15969","EDEM2","Exc L4-5 RORB GABRG1",-0.0534395028218518,3.11243672160471,0.681170592309668,0.409695380749886,0.999997068196745,0.999983379322086,"group_idyes"
"15970","PROCR","Exc L4-5 RORB GABRG1",0.010135434806081,1.08476157220027,0.00770726649615247,0.930088436898385,0.999997068196745,0.999983379322086,"group_idyes"
"15971","MMP24OS","Exc L4-5 RORB GABRG1",0.00024777043469893,3.49030705531274,1.57360954119084e-05,0.996836956230705,0.999997068196745,0.999983379322086,"group_idyes"
"15972","MMP24","Exc L4-5 RORB GABRG1",-0.00544564398299859,5.81144320150078,0.025799931188368,0.872474194425231,0.999997068196745,0.999983379322086,"group_idyes"
"15973","EIF6","Exc L4-5 RORB GABRG1",-0.0262921834797316,0.768290859371987,0.0487036302911034,0.890374050966393,0.999997068196745,0.999983379322086,"group_idyes"
"15974","UQCC1","Exc L4-5 RORB GABRG1",-0.0699877272313113,6.38949077808994,4.10982942163646,0.0433236503759244,0.999997068196745,0.999983379322086,"group_idyes"
"15975","GDF5","Exc L4-5 RORB GABRG1",0.0227970950257229,0.878724737705256,0.0345685274329922,0.897817882656142,0.999997068196745,0.999983379322086,"group_idyes"
"15976","CEP250","Exc L4-5 RORB GABRG1",-0.0131325226671928,5.24800797292101,0.141497218736343,0.707004431167744,0.999997068196745,0.999983379322086,"group_idyes"
"15977","FO393401.1","Exc L4-5 RORB GABRG1",-0.0810104287915647,1.72916420390038,0.48076032628883,0.488496497092808,0.999997068196745,0.999983379322086,"group_idyes"
"15978","ERGIC3","Exc L4-5 RORB GABRG1",-0.0760955286347678,4.05272925019979,2.56228189933172,0.110261290918646,0.999997068196745,0.999983379322086,"group_idyes"
"15979","SPAG4","Exc L4-5 RORB GABRG1",-0.110151892808234,1.28745445391321,1.06191633888497,0.303425902679469,0.999997068196745,0.999983379322086,"group_idyes"
"15980","CPNE1","Exc L4-5 RORB GABRG1",0.0238687621636497,5.2381392361546,0.429525437147148,0.512613586147208,0.999997068196745,0.999983379322086,"group_idyes"
"15981","NFS1","Exc L4-5 RORB GABRG1",-0.143358020109885,2.41711368975449,2.79114418689234,0.0955997664000867,0.999997068196745,0.999983379322086,"group_idyes"
"15982","ROMO1","Exc L4-5 RORB GABRG1",0.0105377353129495,1.88898946584803,0.00713729075313146,0.932716768641558,0.999997068196745,0.999983379322086,"group_idyes"
"15983","RBM39","Exc L4-5 RORB GABRG1",0.0115550430150599,7.40343108361369,0.442529806433746,0.5063025311404,0.999997068196745,0.999983379322086,"group_idyes"
"15984","PHF20","Exc L4-5 RORB GABRG1",0.0195761807038596,6.21825994867563,0.593492011010985,0.666279410789482,0.999997068196745,0.999983379322086,"group_idyes"
"15985","SCAND1","Exc L4-5 RORB GABRG1",-0.0231692704027883,3.78949645876961,0.0461699034864758,0.829981098587632,0.999997068196745,0.999983379322086,"group_idyes"
"15986","CNBD2","Exc L4-5 RORB GABRG1",0.000770283652829658,2.24512162051857,7.49931955057151e-05,0.993095005436198,0.999997068196745,0.999983379322086,"group_idyes"
"15987","NORAD","Exc L4-5 RORB GABRG1",0.0439940077505056,7.77457330926246,0.435115760948382,0.509884001717082,0.999997068196745,0.999983379322086,"group_idyes"
"15988","EPB41L1","Exc L4-5 RORB GABRG1",0.00828970455030461,7.56672652125156,0.0768921661477842,0.781703017596238,0.999997068196745,0.999983379322086,"group_idyes"
"15989","AL121895.1","Exc L4-5 RORB GABRG1",-0.205678946408075,2.62747630160686,7.57881138890691,0.00618568606135697,0.999997068196745,0.999983379322086,"group_idyes"
"15990","AAR2","Exc L4-5 RORB GABRG1",-0.0345704111394067,3.53033007656695,0.649007917433072,0.420965225302261,0.999997068196745,0.999983379322086,"group_idyes"
"15991","DLGAP4","Exc L4-5 RORB GABRG1",-0.0226489119976077,7.49255814574641,0.369580747145411,0.543591576112013,0.999997068196745,0.999983379322086,"group_idyes"
"15992","DLGAP4-AS1","Exc L4-5 RORB GABRG1",0.0651116029457252,2.38013246343884,0.477286519000696,0.490070596261955,0.999997068196745,0.999983379322086,"group_idyes"
"15993","MYL9","Exc L4-5 RORB GABRG1",0.139621375168452,1.06899272444043,1.19951071888936,0.274104642278368,0.999997068196745,0.999983379322086,"group_idyes"
"15994","RAB5IF","Exc L4-5 RORB GABRG1",0.0437775791310003,3.15735095694955,0.137158625463821,0.711326029178477,0.999997068196745,0.999983379322086,"group_idyes"
"15995","SLA2","Exc L4-5 RORB GABRG1",0.0270866888670924,2.12982419119384,0.086010471429485,0.769469768148916,0.999997068196745,0.999983379322086,"group_idyes"
"15996","NDRG3","Exc L4-5 RORB GABRG1",0.000315683247264087,6.49230346343915,0.000148111738027701,0.99029619983829,0.999997068196745,0.999983379322086,"group_idyes"
"15997","DSN1","Exc L4-5 RORB GABRG1",-0.0265748708630765,3.65820475688561,0.214886690039428,0.643226073697741,0.999997068196745,0.999983379322086,"group_idyes"
"15998","SOGA1","Exc L4-5 RORB GABRG1",-0.012699779907272,5.47856272238033,0.0769450855667735,0.781629822368613,0.999997068196745,0.999983379322086,"group_idyes"
"15999","SAMHD1","Exc L4-5 RORB GABRG1",0.0348701168654523,3.86836795293836,0.64905286523914,0.420949155097517,0.999997068196745,0.999983379322086,"group_idyes"
"16000","RBL1","Exc L4-5 RORB GABRG1",-0.0612474346392851,4.93426424007306,2.19069603653988,0.139664952258003,0.999997068196745,0.999983379322086,"group_idyes"
"16001","MROH8","Exc L4-5 RORB GABRG1",-0.055039426307737,4.91447155908973,0.876370933720737,0.349784823881242,0.999997068196745,0.999983379322086,"group_idyes"
"16002","RPN2","Exc L4-5 RORB GABRG1",-0.00159830439547671,4.96425573662285,0.0015037884751825,0.96908693195128,0.999997068196745,0.999983379322086,"group_idyes"
"16003","MANBAL","Exc L4-5 RORB GABRG1",-0.0614447598185858,3.90360884254045,0.656156675782592,0.418420804213987,0.999997068196745,0.999983379322086,"group_idyes"
"16004","SRC","Exc L4-5 RORB GABRG1",-0.0127409038433132,4.70155075688571,0.129314038115604,0.719341629953408,0.999997068196745,0.999983379322086,"group_idyes"
"16005","BLCAP","Exc L4-5 RORB GABRG1",0.010777957580275,6.36001477480321,0.0692816930237733,0.792526426175569,0.999997068196745,0.999983379322086,"group_idyes"
"16006","NNAT","Exc L4-5 RORB GABRG1",0.0343707904661678,4.50350394989754,0.159112257767351,0.69019646263258,0.999997068196745,0.999983379322086,"group_idyes"
"16007","CTNNBL1","Exc L4-5 RORB GABRG1",-0.0483309922390116,5.21929082863281,1.62674486379418,0.401837280036275,0.999997068196745,0.999983379322086,"group_idyes"
"16008","VSTM2L","Exc L4-5 RORB GABRG1",0.0233916055705325,4.83204787803988,0.166122875801871,0.68380747028416,0.999997068196745,0.999983379322086,"group_idyes"
"16009","TTI1","Exc L4-5 RORB GABRG1",-0.0539832044073434,4.76513506253358,2.10051137795479,0.414194013400262,0.999997068196745,0.999983379322086,"group_idyes"
"16010","RPRD1B","Exc L4-5 RORB GABRG1",-0.0191814181931985,5.04552685323362,0.235714741879872,0.627594794808513,0.999997068196745,0.999983379322086,"group_idyes"
"16011","KIAA1755","Exc L4-5 RORB GABRG1",-0.212718932628776,0.524740224248343,1.54276558711317,0.214963231496806,0.999997068196745,0.999983379322086,"group_idyes"
"16012","AL391095.2","Exc L4-5 RORB GABRG1",0.0143862922760645,2.11599720809173,0.0258480273589432,0.988895252100426,0.999997068196745,0.999983379322086,"group_idyes"
"16013","AL391095.1","Exc L4-5 RORB GABRG1",0.168686986063791,1.27574580808708,1.4149976716825,0.234962109853809,0.999997068196745,0.999983379322086,"group_idyes"
"16014","RALGAPB","Exc L4-5 RORB GABRG1",-0.0177322206749716,6.15547186110414,0.575860671758862,0.921767655233125,0.999997068196745,0.999983379322086,"group_idyes"
"16015","ACTR5","Exc L4-5 RORB GABRG1",0.0605103021439722,3.52241578376359,1.58942497770935,0.208172333775481,0.999997068196745,0.999983379322086,"group_idyes"
"16016","PPP1R16B","Exc L4-5 RORB GABRG1",0.000740357913121085,7.64283727703634,0.000400103969636282,0.984051668706664,0.999997068196745,0.999983379322086,"group_idyes"
"16017","FAM83D","Exc L4-5 RORB GABRG1",-0.0715222754490165,2.00673088350816,0.552624989447832,0.457700818014189,0.999997068196745,0.999983379322086,"group_idyes"
"16018","DHX35","Exc L4-5 RORB GABRG1",-0.124071765190718,4.65249756574472,8.2453288928094,0.00431172531247707,0.999997068196745,0.999983379322086,"group_idyes"
"16019","AL118523.1","Exc L4-5 RORB GABRG1",-0.0416847846948239,1.087220804824,0.114981810818714,0.734727178477688,0.999997068196745,0.999983379322086,"group_idyes"
"16020","MAFB","Exc L4-5 RORB GABRG1",0.0153556498261416,1.35850752107503,0.0106442521139999,0.917881023800419,0.999997068196745,0.999983379322086,"group_idyes"
"16021","TOP1","Exc L4-5 RORB GABRG1",0.0139391368685833,6.88067237503444,0.299383492637119,0.584586410634262,0.999997068196745,0.999983379322086,"group_idyes"
"16022","PLCG1-AS1","Exc L4-5 RORB GABRG1",0.109006500102522,1.59625401090794,1.08460217871658,0.29832429100109,0.999997068196745,0.999983379322086,"group_idyes"
"16023","PLCG1","Exc L4-5 RORB GABRG1",-0.00395717568719907,4.77273677746909,0.0111067446072248,0.916122432175684,0.999997068196745,0.999983379322086,"group_idyes"
"16024","ZHX3","Exc L4-5 RORB GABRG1",-0.00168188038588447,7.10799895027421,0.00207143580205845,0.963722004014683,0.999997068196745,0.999983379322086,"group_idyes"
"16025","LPIN3","Exc L4-5 RORB GABRG1",0.11725949158705,1.17692094710844,1.06954206391631,0.301698529725916,0.999997068196745,0.999983379322086,"group_idyes"
"16026","EMILIN3","Exc L4-5 RORB GABRG1",0.0215070052497602,3.51530981813214,0.0928710149748501,0.760723283494014,0.999997068196745,0.999983379322086,"group_idyes"
"16027","CHD6","Exc L4-5 RORB GABRG1",-0.00571920271625868,7.70042908375691,0.0508696342942757,0.821676655677065,0.999997068196745,0.999983379322086,"group_idyes"
"16028","PTPRT","Exc L4-5 RORB GABRG1",-0.0185167806181646,9.69364945241461,0.173976196776597,0.676834586686309,0.999997068196745,0.999983379322086,"group_idyes"
"16029","AL021395.1","Exc L4-5 RORB GABRG1",0.0250287886831553,3.04717241486229,0.160602132892262,0.766775698797163,0.999997068196745,0.999983379322086,"group_idyes"
"16030","SRSF6","Exc L4-5 RORB GABRG1",0.0312167433106611,4.90333390690003,0.35910021146613,0.549359087437424,0.999997068196745,0.999983379322086,"group_idyes"
"16031","L3MBTL1","Exc L4-5 RORB GABRG1",-0.00430671828808282,4.0814871644955,0.00564493600024295,0.940148110571784,0.999997068196745,0.999983379322086,"group_idyes"
"16032","Z98752.3","Exc L4-5 RORB GABRG1",-0.0168027578300259,1.46013952769737,0.0212899846352329,0.884068161218331,0.999997068196745,0.999983379322086,"group_idyes"
"16033","SGK2","Exc L4-5 RORB GABRG1",0.0470454792624765,0.53379236329301,0.0845918728501111,0.77132519934664,0.999997068196745,0.999983379322086,"group_idyes"
"16034","IFT52","Exc L4-5 RORB GABRG1",-0.059480520223456,5.10880325172724,2.62201072208889,0.106210219150781,0.999997068196745,0.999983379322086,"group_idyes"
"16035","TOX2","Exc L4-5 RORB GABRG1",-0.0351723134706065,2.71004460930037,0.0958837145473854,0.756994046598918,0.999997068196745,0.999983379322086,"group_idyes"
"16036","JPH2","Exc L4-5 RORB GABRG1",-0.0189676513953203,1.44477124391081,0.0300029358055952,0.862574662208578,0.999997068196745,0.999983379322086,"group_idyes"
"16037","OSER1","Exc L4-5 RORB GABRG1",-0.014440065722389,3.12090411084093,0.0459418410680591,0.830395110769773,0.999997068196745,0.999983379322086,"group_idyes"
"16038","OSER1-DT","Exc L4-5 RORB GABRG1",0.0116895636703676,3.7854089536718,0.044069165387826,0.833836106963023,0.999997068196745,0.999983379322086,"group_idyes"
"16039","GDAP1L1","Exc L4-5 RORB GABRG1",-0.100428822014362,5.14748136356171,10.3628275624317,0.00139494287897834,0.999997068196745,0.999983379322086,"group_idyes"
"16040","FITM2","Exc L4-5 RORB GABRG1",0.0665565109659972,3.5989853134711,1.1163010316015,0.291379313160364,0.999997068196745,0.999983379322086,"group_idyes"
"16041","HNF4A","Exc L4-5 RORB GABRG1",0.173552899407254,1.8159472182864,3.67269230811788,0.0560513933668949,0.999997068196745,0.999983379322086,"group_idyes"
"16042","TTPAL","Exc L4-5 RORB GABRG1",0.0681159618677426,3.35651725404527,1.10482348148056,0.293869745047627,0.999997068196745,0.999983379322086,"group_idyes"
"16043","SERINC3","Exc L4-5 RORB GABRG1",0.0324264609480253,6.72671934813257,0.579166889270612,0.447105248579039,0.999997068196745,0.999983379322086,"group_idyes"
"16044","PKIG","Exc L4-5 RORB GABRG1",-0.00713274069683256,6.87510533726445,0.0929816343672194,0.76058519386424,0.999997068196745,0.999983379322086,"group_idyes"
"16045","AL139352.1","Exc L4-5 RORB GABRG1",-0.0575629584998659,4.5421157343187,0.635798528046393,0.425728149863847,0.999997068196745,0.999983379322086,"group_idyes"
"16046","KCNK15-AS1","Exc L4-5 RORB GABRG1",-0.123527602957245,3.65349233636478,3.57835041252558,0.0592880455919166,0.999997068196745,0.999983379322086,"group_idyes"
"16047","WISP2","Exc L4-5 RORB GABRG1",-0.00896737516363008,0.538785728135153,0.0023467988060243,0.96138771515624,0.999997068196745,0.999983379322086,"group_idyes"
"16048","RIMS4","Exc L4-5 RORB GABRG1",0.0422599748367422,4.7465453021615,1.03771980393705,0.308992535385067,0.999997068196745,0.999983379322086,"group_idyes"
"16049","YWHAB","Exc L4-5 RORB GABRG1",0.049446477268966,7.81490767182027,0.511552786466034,0.474901242703673,0.999997068196745,0.999983379322086,"group_idyes"
"16050","PABPC1L","Exc L4-5 RORB GABRG1",-0.154649791484057,2.31366127376291,3.03029355958855,0.0825226861519872,0.999997068196745,0.999983379322086,"group_idyes"
"16051","TOMM34","Exc L4-5 RORB GABRG1",-0.0326883925371644,3.54139695097922,0.333777197274277,0.563781320290459,0.999997068196745,0.999983379322086,"group_idyes"
"16052","STK4","Exc L4-5 RORB GABRG1",0.00740679219258953,5.85336519478974,0.0743987041800016,0.80306652463685,0.999997068196745,0.999983379322086,"group_idyes"
"16053","KCNS1","Exc L4-5 RORB GABRG1",0.00463404308656699,3.99289651614424,0.00345188397101303,0.953179558840927,0.999997068196745,0.999983379322086,"group_idyes"
"16054","MATN4","Exc L4-5 RORB GABRG1",0.0822816091585557,1.47956951740529,0.538636335825834,0.463445439946389,0.999997068196745,0.999983379322086,"group_idyes"
"16055","SYS1-DBNDD2","Exc L4-5 RORB GABRG1",0.0451088774984208,3.85686585376685,0.77887042573416,0.378037907633065,0.999997068196745,0.999983379322086,"group_idyes"
"16056","TP53TG5","Exc L4-5 RORB GABRG1",0.0424357536216696,2.78616070634796,0.270197187132217,0.603498469733831,0.999997068196745,0.999983379322086,"group_idyes"
"16057","PIGT","Exc L4-5 RORB GABRG1",0.0725118906034374,4.02786900438253,1.89419373350206,0.169530177146323,0.999997068196745,0.999983379322086,"group_idyes"
"16058","WFDC2","Exc L4-5 RORB GABRG1",0.081099703974295,1.98598070639377,0.873511713347953,0.350571177037762,0.999997068196745,0.999983379322086,"group_idyes"
"16059","WFDC10B","Exc L4-5 RORB GABRG1",0.126717032011955,1.60334588231061,1.52470131185179,0.217663027189647,0.999997068196745,0.999983379322086,"group_idyes"
"16060","WFDC3","Exc L4-5 RORB GABRG1",-0.00637040880931579,1.343885326908,0.00427452825811652,0.947905504744029,0.999997068196745,0.999983379322086,"group_idyes"
"16061","DNTTIP1","Exc L4-5 RORB GABRG1",-0.0242295080111054,4.15296927143923,0.253505517597638,0.614905631819771,0.999997068196745,0.999983379322086,"group_idyes"
"16062","TNNC2","Exc L4-5 RORB GABRG1",-0.129856020701284,2.37046143974517,2.10643201811806,0.147495867720535,0.999997068196745,0.999983379322086,"group_idyes"
"16063","SNX21","Exc L4-5 RORB GABRG1",0.0405771548646275,3.06477689812858,0.351813837184564,0.553436659752571,0.999997068196745,0.999983379322086,"group_idyes"
"16064","ACOT8","Exc L4-5 RORB GABRG1",-0.0510531605854765,4.3246378780202,1.60925534528778,0.295099477548428,0.999997068196745,0.999983379322086,"group_idyes"
"16065","ZSWIM3","Exc L4-5 RORB GABRG1",0.0270086809154026,3.47615075357017,0.270694648505017,0.702057346624686,0.999997068196745,0.999983379322086,"group_idyes"
"16066","ZSWIM1","Exc L4-5 RORB GABRG1",0.00598941824879582,1.62892996397021,0.00308758528595186,0.955716359769677,0.999997068196745,0.999983379322086,"group_idyes"
"16067","NEURL2","Exc L4-5 RORB GABRG1",-0.116968388285397,1.90641513148703,1.43638276593675,0.23146331259793,0.999997068196745,0.999983379322086,"group_idyes"
"16068","CTSA","Exc L4-5 RORB GABRG1",0.017070292076199,5.1181419743844,0.148817077711169,0.699881593822131,0.999997068196745,0.999983379322086,"group_idyes"
"16069","PLTP","Exc L4-5 RORB GABRG1",-0.0185751712952299,1.69931150062946,0.0422998353443424,0.83715807138082,0.999997068196745,0.999983379322086,"group_idyes"
"16070","PCIF1","Exc L4-5 RORB GABRG1",0.0336839779107626,2.99816680262093,0.257450830334619,0.958448202711718,0.999997068196745,0.999983379322086,"group_idyes"
"16071","ZNF335","Exc L4-5 RORB GABRG1",-0.0188476628957113,4.94454233165821,0.266542535231393,0.605957156224169,0.999997068196745,0.999983379322086,"group_idyes"
"16072","SLC12A5-AS1","Exc L4-5 RORB GABRG1",0.0106452144154076,0.418026265473207,0.00532540000621178,0.992589934041993,0.999997068196745,0.999983379322086,"group_idyes"
"16073","SLC12A5","Exc L4-5 RORB GABRG1",0.00404564312028467,7.18011607674195,0.00776252039629913,0.929838931259476,0.999997068196745,0.999983379322086,"group_idyes"
"16074","NCOA5","Exc L4-5 RORB GABRG1",0.026585106345367,5.4297761009118,0.275767196368955,0.599791550645449,0.999997068196745,0.999983379322086,"group_idyes"
"16075","CD40","Exc L4-5 RORB GABRG1",0.0481423005409791,0.509560483657623,0.0932414917679772,0.760261158633247,0.999997068196745,0.999983379322086,"group_idyes"
"16076","CDH22","Exc L4-5 RORB GABRG1",-0.0832620875013609,5.11370813669116,1.28708334808417,0.257292504117483,0.999997068196745,0.999983379322086,"group_idyes"
"16077","SLC35C2","Exc L4-5 RORB GABRG1",-0.125691107272689,4.27027398930978,4.32715006921241,0.0381703877993111,0.999997068196745,0.999983379322086,"group_idyes"
"16078","AL133227.1","Exc L4-5 RORB GABRG1",0.0714336716088425,1.18126065916784,0.256410365484787,0.612887125332347,0.999997068196745,0.999983379322086,"group_idyes"
"16079","ELMO2","Exc L4-5 RORB GABRG1",-0.00105424686635429,4.14550057677275,0.000576493952908315,0.980856850248422,0.999997068196745,0.999983379322086,"group_idyes"
"16080","ZNF334","Exc L4-5 RORB GABRG1",0.0253558009291933,3.27468070690324,0.107260744760897,0.743462689174694,0.999997068196745,0.999983379322086,"group_idyes"
"16081","SLC13A3","Exc L4-5 RORB GABRG1",-0.0391213711343314,6.36268887608933,0.44599379849214,0.50464400924102,0.999997068196745,0.999983379322086,"group_idyes"
"16082","TP53RK","Exc L4-5 RORB GABRG1",0.0536768584072044,2.37047115943815,0.423879370293827,0.51539629595589,0.999997068196745,0.999983379322086,"group_idyes"
"16083","EYA2","Exc L4-5 RORB GABRG1",-0.0305857282280922,1.41958587525653,0.0835655595327178,0.772678094092505,0.999997068196745,0.999983379322086,"group_idyes"
"16084","ZMYND8","Exc L4-5 RORB GABRG1",0.00939072766811007,8.70444603091074,0.054080217048826,0.816233323503979,0.999997068196745,0.999983379322086,"group_idyes"
"16085","LINC01754","Exc L4-5 RORB GABRG1",-0.124020965327362,0.936550567733382,0.839321488882168,0.360164783926259,0.999997068196745,0.999983379322086,"group_idyes"
"16086","NCOA3","Exc L4-5 RORB GABRG1",-0.0192309611616633,6.21615226576346,0.229524791663445,0.632148597968124,0.999997068196745,0.999983379322086,"group_idyes"
"16087","SULF2","Exc L4-5 RORB GABRG1",-0.0276574564609522,2.51433032292398,0.0689060108783767,0.793076838240018,0.999997068196745,0.999983379322086,"group_idyes"
"16088","PREX1","Exc L4-5 RORB GABRG1",0.0354808118508044,4.80184413379469,0.301485360754117,0.58327125624765,0.999997068196745,0.999983379322086,"group_idyes"
"16089","ARFGEF2","Exc L4-5 RORB GABRG1",-0.0440435071249821,7.02913880669111,1.6694024151204,0.197114156237843,0.999997068196745,0.999983379322086,"group_idyes"
"16090","CSE1L","Exc L4-5 RORB GABRG1",-0.000872538442353234,5.1095083990435,0.000602282103369741,0.980433455878617,0.999997068196745,0.999983379322086,"group_idyes"
"16091","STAU1","Exc L4-5 RORB GABRG1",0.0149844253887605,6.15518368380123,0.392598126672406,0.531308467906615,0.999997068196745,0.999983379322086,"group_idyes"
"16092","DDX27","Exc L4-5 RORB GABRG1",0.00706570144874663,4.370989583802,0.0295051454909667,0.863708178192808,0.999997068196745,0.999983379322086,"group_idyes"
"16093","ZNFX1","Exc L4-5 RORB GABRG1",-0.00213555457055443,4.66007860758801,0.00338957285396343,0.953603586202787,0.999997068196745,0.999983379322086,"group_idyes"
"16094","ZFAS1","Exc L4-5 RORB GABRG1",-0.0658451335015133,4.27204888732045,1.06947986096927,0.301712568340138,0.999997068196745,0.999983379322086,"group_idyes"
"16095","KCNB1","Exc L4-5 RORB GABRG1",0.00529114684206497,8.46922115781026,0.0340739819192668,0.853646800567045,0.999997068196745,0.999983379322086,"group_idyes"
"16096","PTGIS","Exc L4-5 RORB GABRG1",0.099608428351885,1.99317575783728,0.676874042583625,0.411174849439538,0.999997068196745,0.999983379322086,"group_idyes"
"16097","B4GALT5","Exc L4-5 RORB GABRG1",-0.0154025040164309,6.0022910403124,0.327646706564616,0.567382419588948,0.999997068196745,0.999983379322086,"group_idyes"
"16098","SLC9A8","Exc L4-5 RORB GABRG1",0.00751869415506675,4.39619754622926,0.0136556435484825,0.907034061795121,0.999997068196745,0.999983379322086,"group_idyes"
"16099","SPATA2","Exc L4-5 RORB GABRG1",0.0766382359014852,4.26439847713837,1.91617574055195,0.167081251303672,0.999997068196745,0.999983379322086,"group_idyes"
"16100","RNF114","Exc L4-5 RORB GABRG1",-0.0400887522208546,5.21644750387494,1.93853513111914,0.164631888355942,0.999997068196745,0.999983379322086,"group_idyes"
"16101","AL161937.2","Exc L4-5 RORB GABRG1",-0.0546280484392556,0.212390913015133,0.0935379662259743,0.759892065330976,0.999997068196745,0.999983379322086,"group_idyes"
"16102","LINC01273","Exc L4-5 RORB GABRG1",0.0270662646484412,1.57216763362901,0.060878604522987,0.80524422087458,0.999997068196745,0.999983379322086,"group_idyes"
"16103","CEBPB-AS1","Exc L4-5 RORB GABRG1",-0.0524019055657384,2.8746352543432,0.542874539218191,0.46169291455781,0.999997068196745,0.999983379322086,"group_idyes"
"16104","CEBPB","Exc L4-5 RORB GABRG1",0.109569847149752,4.42865114400538,1.85316025818124,0.17421302250826,0.999997068196745,0.999983379322086,"group_idyes"
"16105","PTPN1","Exc L4-5 RORB GABRG1",0.00270645339821969,5.94354082076443,0.00636308833293319,0.9364624805872,0.999997068196745,0.999983379322086,"group_idyes"
"16106","RIPOR3","Exc L4-5 RORB GABRG1",-0.0951195200895803,1.26115818110572,0.652497806702945,0.419720208312268,0.999997068196745,0.999983379322086,"group_idyes"
"16107","PARD6B","Exc L4-5 RORB GABRG1",0.0135121939986753,4.15755871757225,0.112126996184488,0.737917941709504,0.999997068196745,0.999983379322086,"group_idyes"
"16108","BCAS4","Exc L4-5 RORB GABRG1",-0.00235395467322862,4.78560150854143,0.00451706532282242,0.946450140805139,0.999997068196745,0.999983379322086,"group_idyes"
"16109","ADNP","Exc L4-5 RORB GABRG1",0.0066841373990749,6.6043416493012,0.0737280456980545,0.786129769322919,0.999997068196745,0.999983379322086,"group_idyes"
"16110","ADNP-AS1","Exc L4-5 RORB GABRG1",-0.00722655001834898,2.05575953757263,0.00816747561337665,0.928036979156233,0.999997068196745,0.999983379322086,"group_idyes"
"16111","DPM1","Exc L4-5 RORB GABRG1",0.00812755079370868,5.63687464053452,0.0457792197696904,0.830690981595801,0.999997068196745,0.999983379322086,"group_idyes"
"16112","MOCS3","Exc L4-5 RORB GABRG1",-0.00971773264929217,1.99040210343639,0.0108295111412726,0.927842816581504,0.999997068196745,0.999983379322086,"group_idyes"
"16113","KCNG1","Exc L4-5 RORB GABRG1",-0.00649076950766878,3.70697661233984,0.00834779202846523,0.927249128219508,0.999997068196745,0.999983379322086,"group_idyes"
"16114","NFATC2","Exc L4-5 RORB GABRG1",-0.142888900518009,0.501224131450433,0.746809980781645,0.388026555457756,0.999997068196745,0.999983379322086,"group_idyes"
"16115","ATP9A","Exc L4-5 RORB GABRG1",-0.0291915043179696,7.67190896157854,1.53367812585813,0.216316366539486,0.999997068196745,0.999983379322086,"group_idyes"
"16116","SALL4","Exc L4-5 RORB GABRG1",-0.305115014509879,0.120195217537215,2.59251806677798,0.108189651904007,0.999997068196745,0.999983379322086,"group_idyes"
"16117","LINC01429","Exc L4-5 RORB GABRG1",0.0372540720555949,1.33687546368065,0.0927895387947491,0.760825050245127,0.999997068196745,0.999983379322086,"group_idyes"
"16118","ZFP64","Exc L4-5 RORB GABRG1",-0.0130045256928521,5.39313305994141,0.115242799844928,0.734437689680264,0.999997068196745,0.999983379322086,"group_idyes"
"16119","LINC01524","Exc L4-5 RORB GABRG1",-0.0542372637519704,3.61533088482871,0.304384820790882,0.581466804896306,0.999997068196745,0.999983379322086,"group_idyes"
"16120","TSHZ2","Exc L4-5 RORB GABRG1",0.00890080507599323,10.9867172274451,0.0617059656904615,0.803952169805352,0.999997068196745,0.999983379322086,"group_idyes"
"16121","AL391097.1","Exc L4-5 RORB GABRG1",-0.00449872981969629,2.2989464029087,0.0013262919909366,0.970967717180238,0.999997068196745,0.999983379322086,"group_idyes"
"16122","AL391097.2","Exc L4-5 RORB GABRG1",0.0908973239811584,2.34420968049591,0.419491738964519,0.517577066688822,0.999997068196745,0.999983379322086,"group_idyes"
"16123","AL109930.1","Exc L4-5 RORB GABRG1",-0.0566796824508227,6.59625680841261,0.204402528544576,0.651445268459944,0.999997068196745,0.999983379322086,"group_idyes"
"16124","AL354993.2","Exc L4-5 RORB GABRG1",-0.00935892473558401,2.70253760164631,0.00848707738685196,0.926646409570748,0.999997068196745,0.999983379322086,"group_idyes"
"16125","AL157838.1","Exc L4-5 RORB GABRG1",0.104968317111261,1.53922337076127,0.762565572489488,0.383071533825139,0.999997068196745,0.999983379322086,"group_idyes"
"16126","ZNF217","Exc L4-5 RORB GABRG1",0.0945978379132906,0.749070225630051,0.501702175709226,0.479182070950991,0.999997068196745,0.999983379322086,"group_idyes"
"16127","BCAS1","Exc L4-5 RORB GABRG1",-0.217820878813332,1.55124542143473,2.89084243197075,0.0898924965470818,0.999997068196745,0.999983379322086,"group_idyes"
"16128","PFDN4","Exc L4-5 RORB GABRG1",-0.0196271808997266,4.88144271777277,0.11384344655963,0.735994154278509,0.999997068196745,0.999983379322086,"group_idyes"
"16129","DOK5","Exc L4-5 RORB GABRG1",-0.0734095618657018,6.31790869820348,3.05939512856355,0.0810689667882731,0.999997068196745,0.999983379322086,"group_idyes"
"16130","LINC01440","Exc L4-5 RORB GABRG1",-0.140604751223985,0.807369703035707,0.815405201734315,0.367092027225896,0.999997068196745,0.999983379322086,"group_idyes"
"16131","CBLN4","Exc L4-5 RORB GABRG1",0.0142120822722987,5.43885187259809,0.0656544928119891,0.797909172741154,0.999997068196745,0.999983379322086,"group_idyes"
"16132","FAM210B","Exc L4-5 RORB GABRG1",0.0878177540065311,3.96682586524593,2.16886633090618,0.141647621760106,0.999997068196745,0.999983379322086,"group_idyes"
"16133","AURKA","Exc L4-5 RORB GABRG1",-0.137003622847267,1.11508104355546,1.25601242096922,0.26310631271481,0.999997068196745,0.999983379322086,"group_idyes"
"16134","CSTF1","Exc L4-5 RORB GABRG1",0.0553772739493877,3.08142874511882,0.962397858388534,0.929427835149335,0.999997068196745,0.999983379322086,"group_idyes"
"16135","CASS4","Exc L4-5 RORB GABRG1",0.117269095362918,2.08659262307652,0.938476478375918,0.333278563384392,0.999997068196745,0.999983379322086,"group_idyes"
"16136","RTF2","Exc L4-5 RORB GABRG1",-0.011848244160876,4.19156504864324,0.06454408909999,0.799588568623878,0.999997068196745,0.999983379322086,"group_idyes"
"16137","GCNT7","Exc L4-5 RORB GABRG1",0.068015827704645,0.747741243116984,0.210966256646015,0.646270522538451,0.999997068196745,0.999983379322086,"group_idyes"
"16138","BMP7","Exc L4-5 RORB GABRG1",-0.034593701029334,0.97709984016579,0.101094475885445,0.75069266021874,0.999997068196745,0.999983379322086,"group_idyes"
"16139","RAE1","Exc L4-5 RORB GABRG1",-0.000983408900289776,4.23148387162872,0.000506679692869149,0.982053166486025,0.999997068196745,0.999983379322086,"group_idyes"
"16140","MTRNR2L3","Exc L4-5 RORB GABRG1",-0.0916367088621764,-0.142674463069392,0.132513503773656,0.716040026569883,0.999997068196745,0.999983379322086,"group_idyes"
"16141","AL109955.1","Exc L4-5 RORB GABRG1",0.116102076632425,0.301063976290153,0.460698724389294,0.497705684755169,0.999997068196745,0.999983379322086,"group_idyes"
"16142","RBM38","Exc L4-5 RORB GABRG1",0.0676811266582626,2.06596148501122,0.802041595483082,0.371043639495273,0.999997068196745,0.999983379322086,"group_idyes"
"16143","PMEPA1","Exc L4-5 RORB GABRG1",-0.0738085360808552,4.01468425757234,0.440269258152759,0.50738991643496,0.999997068196745,0.999983379322086,"group_idyes"
"16144","RAB22A","Exc L4-5 RORB GABRG1",0.0263354978876255,5.32971231384062,0.458011471662201,0.498961470171182,0.999997068196745,0.999983379322086,"group_idyes"
"16145","VAPB","Exc L4-5 RORB GABRG1",0.00285075480691372,5.70846223319077,0.00754171998088198,0.967055802707283,0.999997068196745,0.999983379322086,"group_idyes"
"16146","APCDD1L","Exc L4-5 RORB GABRG1",-0.172351801221049,0.165078015807521,0.815178802861464,0.367158483312316,0.999997068196745,0.999983379322086,"group_idyes"
"16147","STX16-NPEPL1","Exc L4-5 RORB GABRG1",0.036812678369894,3.81519819772616,0.240886717332303,0.623846235610455,0.999997068196745,0.999983379322086,"group_idyes"
"16148","NPEPL1","Exc L4-5 RORB GABRG1",-0.0015206215959229,3.24240126071089,0.000390553136270097,0.984243143624013,0.999997068196745,0.999983379322086,"group_idyes"
"16149","GNAS","Exc L4-5 RORB GABRG1",0.0704562248085222,9.16161426341558,1.23871559570471,0.266413641629076,0.999997068196745,0.999983379322086,"group_idyes"
"16150","AL121917.1","Exc L4-5 RORB GABRG1",-0.18449336960857,1.00052700770215,2.44739420906158,0.236339458108297,0.999997068196745,0.999983379322086,"group_idyes"
"16151","NELFCD","Exc L4-5 RORB GABRG1",0.0115679694803693,5.47224748540119,0.08638238890857,0.768986079150468,0.999997068196745,0.999983379322086,"group_idyes"
"16152","CTSZ","Exc L4-5 RORB GABRG1",0.0237002689511512,3.07554265594214,0.0866387274725055,0.76865336204108,0.999997068196745,0.999983379322086,"group_idyes"
"16153","ATP5F1E","Exc L4-5 RORB GABRG1",-0.106401832495608,4.77541831749732,0.864422839883645,0.353086929742188,0.999997068196745,0.999983379322086,"group_idyes"
"16154","PRELID3B","Exc L4-5 RORB GABRG1",0.102058504652158,2.59109287960071,1.94457290944776,0.163977561393697,0.999997068196745,0.999983379322086,"group_idyes"
"16155","ZNF831","Exc L4-5 RORB GABRG1",-0.0154302376150688,3.7996661557136,0.0426401207158378,0.836513627184599,0.999997068196745,0.999983379322086,"group_idyes"
"16156","EDN3","Exc L4-5 RORB GABRG1",0.335569541974535,0.387449857951967,4.3119639077895,0.0385085928868011,0.999997068196745,0.999983379322086,"group_idyes"
"16157","PHACTR3","Exc L4-5 RORB GABRG1",-0.0670260000240611,7.12864188399199,2.16780677886507,0.141744659349124,0.999997068196745,0.999983379322086,"group_idyes"
"16158","SYCP2","Exc L4-5 RORB GABRG1",0.0511677098903313,5.10599695179351,0.867908597068147,0.352119181305718,0.999997068196745,0.999983379322086,"group_idyes"
"16159","FAM217B","Exc L4-5 RORB GABRG1",0.03969178420256,6.61605019674782,0.683897234664362,0.408760555725105,0.999997068196745,0.999983379322086,"group_idyes"
"16160","PPP1R3D","Exc L4-5 RORB GABRG1",-0.0289403113143391,1.5356646910856,0.0840318156344372,0.772062361336832,0.999997068196745,0.999983379322086,"group_idyes"
"16161","CDH26","Exc L4-5 RORB GABRG1",0.0931836693396263,3.45580660494005,2.1987648138756,0.138940040626883,0.999997068196745,0.999983379322086,"group_idyes"
"16162","MIR646HG","Exc L4-5 RORB GABRG1",-0.0200203552061745,4.93195721438606,0.031934369518075,0.85826584110226,0.999997068196745,0.999983379322086,"group_idyes"
"16163","CDH4","Exc L4-5 RORB GABRG1",-0.11565015200779,4.95881179679911,2.60871389300393,0.107097668423407,0.999997068196745,0.999983379322086,"group_idyes"
"16164","TAF4","Exc L4-5 RORB GABRG1",-0.0151023101156595,5.03285080128074,0.116896154768004,0.732612230823392,0.999997068196745,0.999983379322086,"group_idyes"
"16165","LSM14B","Exc L4-5 RORB GABRG1",0.0156807186302482,4.27573543914491,0.0873086286815035,0.76778637518887,0.999997068196745,0.999983379322086,"group_idyes"
"16166","PSMA7","Exc L4-5 RORB GABRG1",-0.0576713833002561,5.26385188717768,0.461756105873261,0.497213024352117,0.999997068196745,0.999983379322086,"group_idyes"
"16167","SS18L1","Exc L4-5 RORB GABRG1",-0.0245618868480915,5.44087639009536,0.481170740540604,0.488311081214955,0.999997068196745,0.999983379322086,"group_idyes"
"16168","MTG2","Exc L4-5 RORB GABRG1",-0.0317207721784427,5.13825335842431,0.654127252908149,0.419140787088957,0.999997068196745,0.999983379322086,"group_idyes"
"16169","HRH3","Exc L4-5 RORB GABRG1",0.201582552346187,3.14067463316878,5.19366492604114,0.023216560130044,0.999997068196745,0.999983379322086,"group_idyes"
"16170","OSBPL2","Exc L4-5 RORB GABRG1",0.0179368422683338,4.87777757810946,0.259469845221925,0.610776648775322,0.999997068196745,0.999983379322086,"group_idyes"
"16171","ADRM1","Exc L4-5 RORB GABRG1",-0.0488142696801487,3.54184835524384,0.291832590433622,0.589361118894327,0.999997068196745,0.999983379322086,"group_idyes"
"16172","AL354836.1","Exc L4-5 RORB GABRG1",0.0521437040512261,1.32391981749842,0.153465906808068,0.695461871154326,0.999997068196745,0.999983379322086,"group_idyes"
"16173","LAMA5","Exc L4-5 RORB GABRG1",-0.0105423770699371,4.29749215422141,0.0401910333217003,0.841213465628601,0.999997068196745,0.999983379322086,"group_idyes"
"16174","AL121832.2","Exc L4-5 RORB GABRG1",0.173618662346375,1.04979345173359,1.84115020511224,0.17561176608519,0.999997068196745,0.999983379322086,"group_idyes"
"16175","RPS21","Exc L4-5 RORB GABRG1",0.0689305433866189,3.08334943569379,0.657591996706309,0.417912704939732,0.999997068196745,0.999983379322086,"group_idyes"
"16176","CABLES2","Exc L4-5 RORB GABRG1",-0.0316407075117253,3.56721996779635,0.44272720163836,0.506207769018509,0.999997068196745,0.999983379322086,"group_idyes"
"16177","SLCO4A1","Exc L4-5 RORB GABRG1",-0.0443806230859722,3.29055317277786,0.490799122834209,0.483994504694322,0.999997068196745,0.999983379322086,"group_idyes"
"16178","NTSR1","Exc L4-5 RORB GABRG1",0.0804786185324562,0.714591268229561,0.281578100632839,0.595974892718157,0.999997068196745,0.999983379322086,"group_idyes"
"16179","MRGBP","Exc L4-5 RORB GABRG1",0.0351946870847323,3.62108998985217,0.477691651878188,0.919401727240288,0.999997068196745,0.999983379322086,"group_idyes"
"16180","OGFR","Exc L4-5 RORB GABRG1",0.0159821625921146,6.11649773524741,0.191442591616769,0.661964180025251,0.999997068196745,0.999983379322086,"group_idyes"
"16181","COL9A3","Exc L4-5 RORB GABRG1",-0.0423060288522619,2.54744996916387,0.181568853591757,0.670266739185782,0.999997068196745,0.999983379322086,"group_idyes"
"16182","TCFL5","Exc L4-5 RORB GABRG1",0.0237228299280844,4.59042665513245,0.289666681306496,0.590745430123169,0.999997068196745,0.999983379322086,"group_idyes"
"16183","DIDO1","Exc L4-5 RORB GABRG1",-0.0260493736895333,6.05630000132391,0.535617942569924,0.464700049152116,0.999997068196745,0.999983379322086,"group_idyes"
"16184","GID8","Exc L4-5 RORB GABRG1",0.0754487199896636,5.39699389693056,2.99825486796129,0.084155870657367,0.999997068196745,0.999983379322086,"group_idyes"
"16185","SLC17A9","Exc L4-5 RORB GABRG1",0.0778634306563827,1.22618185103208,0.482403173506852,0.487754999322038,0.999997068196745,0.999983379322086,"group_idyes"
"16186","LINC01749","Exc L4-5 RORB GABRG1",-0.0648860988609177,0.964451324658861,0.266691408745508,0.605856584501866,0.999997068196745,0.999983379322086,"group_idyes"
"16187","HAR1B","Exc L4-5 RORB GABRG1",-0.0155366653177869,1.78261895039219,0.0266767373583621,0.870344258422173,0.999997068196745,0.999983379322086,"group_idyes"
"16188","HAR1A","Exc L4-5 RORB GABRG1",-0.0467808396577727,2.33271582881533,0.239869980002147,0.624579182343235,0.999997068196745,0.999983379322086,"group_idyes"
"16189","YTHDF1","Exc L4-5 RORB GABRG1",0.00376496806521724,4.48214313011358,0.0112771695289288,0.915483765097573,0.999997068196745,0.999983379322086,"group_idyes"
"16190","NKAIN4","Exc L4-5 RORB GABRG1",-0.32499260510422,1.46573090098589,9.70814223992927,0.00197217796488149,0.999997068196745,0.999983379322086,"group_idyes"
"16191","ARFGAP1","Exc L4-5 RORB GABRG1",0.0582101698870118,4.92743546269984,1.84493563988965,0.175169501459542,0.999997068196745,0.999983379322086,"group_idyes"
"16192","COL20A1","Exc L4-5 RORB GABRG1",0.0347087964214543,1.12269963736875,0.0821944964350341,0.774499565166086,0.999997068196745,0.999983379322086,"group_idyes"
"16193","CHRNA4","Exc L4-5 RORB GABRG1",0.0549190377617056,3.83325041513694,0.905309056319717,0.341959488838401,0.999997068196745,0.999983379322086,"group_idyes"
"16194","AL121827.1","Exc L4-5 RORB GABRG1",-0.197314991449094,1.2515561071875,2.79986516620849,0.0950850710324088,0.999997068196745,0.999983379322086,"group_idyes"
"16195","KCNQ2","Exc L4-5 RORB GABRG1",0.039881858930626,7.50505999540904,0.602528223422336,0.438091942391364,0.999997068196745,0.999983379322086,"group_idyes"
"16196","EEF1A2","Exc L4-5 RORB GABRG1",0.16813510759249,6.82920318136434,2.82857064487213,0.0934121960476833,0.999997068196745,0.999983379322086,"group_idyes"
"16197","PPDPF","Exc L4-5 RORB GABRG1",-0.0289383057420318,4.87357946321693,0.0910288310127092,0.763036279003357,0.999997068196745,0.999983379322086,"group_idyes"
"16198","GMEB2","Exc L4-5 RORB GABRG1",-0.0279749664229604,3.6933805464158,0.342430099691564,0.558772918141522,0.999997068196745,0.999983379322086,"group_idyes"
"16199","MHENCR","Exc L4-5 RORB GABRG1",-0.0626579587319841,3.1833854082039,0.763897523096606,0.38265678220742,0.999997068196745,0.999983379322086,"group_idyes"
"16200","STMN3","Exc L4-5 RORB GABRG1",0.0228534742881422,6.73777290644852,0.216512449641872,0.641973471155664,0.999997068196745,0.999983379322086,"group_idyes"
"16201","ARFRP1","Exc L4-5 RORB GABRG1",0.036040506616408,4.18238621387983,0.555575765624363,0.816689805984469,0.999997068196745,0.999983379322086,"group_idyes"
"16202","SLC2A4RG","Exc L4-5 RORB GABRG1",-0.111089362034058,2.21061199403663,1.87740034106778,0.17142891694928,0.999997068196745,0.999983379322086,"group_idyes"
"16203","ZBTB46","Exc L4-5 RORB GABRG1",-0.0260582562196859,5.37369522770152,0.25564872901383,0.613414973004819,0.999997068196745,0.999983379322086,"group_idyes"
"16204","TPD52L2","Exc L4-5 RORB GABRG1",0.00550614423715224,5.23334565850528,0.0219249307419017,0.882364549123283,0.999997068196745,0.999983379322086,"group_idyes"
"16205","DNAJC5","Exc L4-5 RORB GABRG1",-0.0333335939482398,6.2195636567652,1.31800969054356,0.251662900283464,0.999997068196745,0.999983379322086,"group_idyes"
"16206","UCKL1","Exc L4-5 RORB GABRG1",0.0326868232545984,3.26940223136876,0.285237107009997,0.790552036321955,0.999997068196745,0.999983379322086,"group_idyes"
"16207","UCKL1-AS1","Exc L4-5 RORB GABRG1",0.0798759229225638,0.321721652445349,0.221297500206172,0.638319631376142,0.999997068196745,0.999983379322086,"group_idyes"
"16208","ZNF512B","Exc L4-5 RORB GABRG1",0.0193012282537182,3.82439907019596,0.162982466844158,0.711854451922307,0.999997068196745,0.999983379322086,"group_idyes"
"16209","SAMD10","Exc L4-5 RORB GABRG1",-0.0530783651031833,2.77585872863847,0.74137793642205,0.389756120984202,0.999997068196745,0.999983379322086,"group_idyes"
"16210","PRPF6","Exc L4-5 RORB GABRG1",0.00325073363380314,5.20088775614713,0.0103181108048377,0.919144479265752,0.999997068196745,0.999983379322086,"group_idyes"
"16211","C20orf204","Exc L4-5 RORB GABRG1",-0.0926846182302546,1.36262608975808,0.753197039221375,0.386006918987124,0.999997068196745,0.999983379322086,"group_idyes"
"16212","TCEA2","Exc L4-5 RORB GABRG1",0.00959979120236106,5.13257014537245,0.0288025949068323,0.865324837436233,0.999997068196745,0.999983379322086,"group_idyes"
"16213","RGS19","Exc L4-5 RORB GABRG1",-0.0921902684242059,1.60569035283359,0.87965118566511,0.348885637000444,0.999997068196745,0.999983379322086,"group_idyes"
"16214","OPRL1","Exc L4-5 RORB GABRG1",-0.0197856766526743,3.47639755043392,0.0668964187907077,0.796048694928118,0.999997068196745,0.999983379322086,"group_idyes"
"16215","LKAAEAR1","Exc L4-5 RORB GABRG1",0.0565297689758965,1.56355094235431,0.254622475774337,0.614127776043949,0.999997068196745,0.999983379322086,"group_idyes"
"16216","MYT1","Exc L4-5 RORB GABRG1",-0.0484142976929599,2.46202787959956,0.414695200036811,0.94100300877533,0.999997068196745,0.999983379322086,"group_idyes"
"16217","PCMTD2","Exc L4-5 RORB GABRG1",0.0338754352346091,5.57292460513638,0.894880112656414,0.344752002493819,0.999997068196745,0.999983379322086,"group_idyes"
"16218","LINC00266-1","Exc L4-5 RORB GABRG1",0.0585454974865816,3.07193078559589,0.716960220780973,0.397669204431195,0.999997068196745,0.999983379322086,"group_idyes"
"16219","AC016588.2","Exc L4-5 RORB GABRG1",0.00359158942093348,2.95447086098427,0.00297485386168234,0.956531482559909,0.999997068196745,0.999983379322086,"group_idyes"
"16220","MIER2","Exc L4-5 RORB GABRG1",0.00447133719664341,3.70150182843707,0.00761907165911278,0.930488566128359,0.999997068196745,0.999983379322086,"group_idyes"
"16221","C2CD4C","Exc L4-5 RORB GABRG1",-0.0312788612541124,2.14437602439449,0.128732578251693,0.719946592718902,0.999997068196745,0.999983379322086,"group_idyes"
"16222","SHC2","Exc L4-5 RORB GABRG1",-0.0313590116972561,5.12780957785688,0.521597906039694,0.470599598827622,0.999997068196745,0.999983379322086,"group_idyes"
"16223","MADCAM1","Exc L4-5 RORB GABRG1",-0.0104792606481553,3.57368853865111,0.0321749697651346,0.857738610426462,0.999997068196745,0.999983379322086,"group_idyes"
"16224","AC005775.1","Exc L4-5 RORB GABRG1",0.0131180767149886,1.49314583757526,0.0186688256340071,0.983786610875654,0.999997068196745,0.999983379322086,"group_idyes"
"16225","TPGS1","Exc L4-5 RORB GABRG1",0.017006932822412,3.27730940629571,0.0828455362691981,0.773632617229639,0.999997068196745,0.999983379322086,"group_idyes"
"16226","CDC34","Exc L4-5 RORB GABRG1",0.0239344562018789,4.11819350654173,0.152870775016818,0.696023328585643,0.999997068196745,0.999983379322086,"group_idyes"
"16227","BSG","Exc L4-5 RORB GABRG1",0.0114962664772361,6.73993263092889,0.0433809170639281,0.835119892442425,0.999997068196745,0.999983379322086,"group_idyes"
"16228","HCN2","Exc L4-5 RORB GABRG1",0.0135002137460812,4.78129391668002,0.0723593843548798,0.788076188969773,0.999997068196745,0.999983379322086,"group_idyes"
"16229","POLRMT","Exc L4-5 RORB GABRG1",0.0377638501445747,2.3830062918542,0.289188692004302,0.998645183253668,0.999997068196745,0.999983379322086,"group_idyes"
"16230","FGF22","Exc L4-5 RORB GABRG1",-0.162953728654319,3.15682532562803,4.79947723218831,0.0290677110409565,0.999997068196745,0.999983379322086,"group_idyes"
"16231","RNF126","Exc L4-5 RORB GABRG1",0.025415725625074,4.67941941335962,0.269801976782883,0.603763327807525,0.999997068196745,0.999983379322086,"group_idyes"
"16232","FSTL3","Exc L4-5 RORB GABRG1",0.0122910401797966,3.11768599384545,0.0300727618279193,0.862416438526299,0.999997068196745,0.999983379322086,"group_idyes"
"16233","PALM","Exc L4-5 RORB GABRG1",-0.0325721845591832,5.84843802255635,0.633194636443421,0.426676596612977,0.999997068196745,0.999983379322086,"group_idyes"
"16234","PTBP1","Exc L4-5 RORB GABRG1",0.0186145106551362,4.18137496894716,0.181190892199001,0.670589812890132,0.999997068196745,0.999983379322086,"group_idyes"
"16235","PLPPR3","Exc L4-5 RORB GABRG1",0.12206423633372,2.26971917370338,1.3870084974436,0.239638941496545,0.999997068196745,0.999983379322086,"group_idyes"
"16236","AZU1","Exc L4-5 RORB GABRG1",-0.056714895663871,1.04483389501273,0.201755480979618,0.653560504018014,0.999997068196745,0.999983379322086,"group_idyes"
"16237","MED16","Exc L4-5 RORB GABRG1",0.0875775803839632,3.43433126072767,1.87553684045252,0.171641119576125,0.999997068196745,0.999983379322086,"group_idyes"
"16238","R3HDM4","Exc L4-5 RORB GABRG1",-0.00137403707247394,3.49708381796547,0.000564418839222683,0.981058357067656,0.999997068196745,0.999983379322086,"group_idyes"
"16239","KISS1R","Exc L4-5 RORB GABRG1",0.048661256759976,0.602382418362016,0.0732981025794549,0.78673910124597,0.999997068196745,0.999983379322086,"group_idyes"
"16240","ARID3A","Exc L4-5 RORB GABRG1",0.0132375650513291,5.19371145592832,0.0738019775605151,0.786025182649926,0.999997068196745,0.999983379322086,"group_idyes"
"16241","WDR18","Exc L4-5 RORB GABRG1",0.00846619968052397,3.65022821321301,0.0201415243651707,0.940326099896859,0.999997068196745,0.999983379322086,"group_idyes"
"16242","TMEM259","Exc L4-5 RORB GABRG1",0.0262097542507802,5.52249516136694,0.310741276738099,0.577549839972359,0.999997068196745,0.999983379322086,"group_idyes"
"16243","ABCA7","Exc L4-5 RORB GABRG1",0.00544558808791483,4.49398834867776,0.00919276283083413,0.923666676440406,0.999997068196745,0.999983379322086,"group_idyes"
"16244","POLR2E","Exc L4-5 RORB GABRG1",-0.0551029250441851,4.61607895826501,0.677465362859082,0.410970767891248,0.999997068196745,0.999983379322086,"group_idyes"
"16245","GPX4","Exc L4-5 RORB GABRG1",0.0132778102050373,6.10408228348735,0.0179076056928587,0.893615434805809,0.999997068196745,0.999983379322086,"group_idyes"
"16246","SBNO2","Exc L4-5 RORB GABRG1",0.0147939653737907,3.23410030265053,0.0742649488403232,0.785371522459381,0.999997068196745,0.999983379322086,"group_idyes"
"16247","STK11","Exc L4-5 RORB GABRG1",0.0506543712714851,4.80267159717703,1.45377215544696,0.442209415482755,0.999997068196745,0.999983379322086,"group_idyes"
"16248","CBARP","Exc L4-5 RORB GABRG1",-0.0342249056819525,3.57074663856599,0.174880944869363,0.676043214819567,0.999997068196745,0.999983379322086,"group_idyes"
"16249","ATP5F1D","Exc L4-5 RORB GABRG1",-0.0180565336749171,5.39984181898564,0.0419391229034575,0.837844158249948,0.999997068196745,0.999983379322086,"group_idyes"
"16250","MIDN","Exc L4-5 RORB GABRG1",-0.0254040335344251,3.68186821735205,0.112525426042551,0.737469931194181,0.999997068196745,0.999983379322086,"group_idyes"
"16251","CIRBP","Exc L4-5 RORB GABRG1",-0.0283643254174821,6.32162936801057,0.112198358957234,0.737837633520601,0.999997068196745,0.999983379322086,"group_idyes"
"16252","C19orf24","Exc L4-5 RORB GABRG1",0.0588720447766159,2.56432733759615,0.292354678888703,0.589028426484448,0.999997068196745,0.999983379322086,"group_idyes"
"16253","EFNA2","Exc L4-5 RORB GABRG1",-0.017284989942922,0.22282572294109,0.010443470637246,0.918656486878242,0.999997068196745,0.999983379322086,"group_idyes"
"16254","MUM1","Exc L4-5 RORB GABRG1",-0.0378908004698531,6.10100084114363,1.23683680850883,0.266776000347131,0.999997068196745,0.999983379322086,"group_idyes"
"16255","NDUFS7","Exc L4-5 RORB GABRG1",0.0202721939934524,4.68382571661629,0.129173430510719,0.719487779944939,0.999997068196745,0.999983379322086,"group_idyes"
"16256","GAMT","Exc L4-5 RORB GABRG1",0.0104390210000779,3.98402213487103,0.0333366218096747,0.855221244917906,0.999997068196745,0.999983379322086,"group_idyes"
"16257","DAZAP1","Exc L4-5 RORB GABRG1",0.0234713748555784,5.04119104856363,0.30470711379331,0.581266922131736,0.999997068196745,0.999983379322086,"group_idyes"
"16258","RPS15","Exc L4-5 RORB GABRG1",0.0190757652112366,6.15476886166848,0.023370104602529,0.878578700029983,0.999997068196745,0.999983379322086,"group_idyes"
"16259","AC027307.3","Exc L4-5 RORB GABRG1",0.0796422656473546,0.7989965250024,0.37862278467163,0.719749927310328,0.999997068196745,0.999983379322086,"group_idyes"
"16260","APC2","Exc L4-5 RORB GABRG1",0.0200334909563,5.71693268888347,0.329413355107591,0.566340110136005,0.999997068196745,0.999983379322086,"group_idyes"
"16261","C19orf25","Exc L4-5 RORB GABRG1",-0.0148879996221108,4.60984326142457,0.104847870893011,0.746263732286773,0.999997068196745,0.999983379322086,"group_idyes"
"16262","PCSK4","Exc L4-5 RORB GABRG1",0.00566292092308995,2.57411417878443,0.0058278991563951,0.939187746051027,0.999997068196745,0.999983379322086,"group_idyes"
"16263","REEP6","Exc L4-5 RORB GABRG1",-0.022397903543208,1.7375741654847,0.0547339989816369,0.815145919919157,0.999997068196745,0.999983379322086,"group_idyes"
"16264","PLK5","Exc L4-5 RORB GABRG1",0.0837993006523057,2.5276808666359,1.0073230841587,0.31617582215672,0.999997068196745,0.999983379322086,"group_idyes"
"16265","MEX3D","Exc L4-5 RORB GABRG1",0.0117218615828907,1.33462431464097,0.0105868974864902,0.918101780483716,0.999997068196745,0.999983379322086,"group_idyes"
"16266","MBD3","Exc L4-5 RORB GABRG1",0.0322183784076801,4.10423352243356,0.319404102061584,0.572295382612205,0.999997068196745,0.999983379322086,"group_idyes"
"16267","AC005943.1","Exc L4-5 RORB GABRG1",-0.0799190832942355,1.28221834892372,0.619946429693859,0.431551978353789,0.999997068196745,0.999983379322086,"group_idyes"
"16268","UQCR11","Exc L4-5 RORB GABRG1",-0.356777968129013,0.867404217858226,1.79168558529915,0.181511374769108,0.999997068196745,0.999983379322086,"group_idyes"
"16269","TCF3","Exc L4-5 RORB GABRG1",-0.0870606718120414,2.59466778945812,1.69648977185528,0.5672906963796,0.999997068196745,0.999983379322086,"group_idyes"
"16270","REXO1","Exc L4-5 RORB GABRG1",0.0165938875902358,4.13053358017492,0.125539143770416,0.867941222041982,0.999997068196745,0.999983379322086,"group_idyes"
"16271","KLF16","Exc L4-5 RORB GABRG1",0.0613985192216413,3.12349757606281,0.798017769815215,0.372245128004699,0.999997068196745,0.999983379322086,"group_idyes"
"16272","AC012615.1","Exc L4-5 RORB GABRG1",0.106253131092373,2.50188878647611,1.64220369686295,0.200795182339237,0.999997068196745,0.999983379322086,"group_idyes"
"16273","ABHD17A","Exc L4-5 RORB GABRG1",0.0361385128385772,5.3152472748988,0.64924171060241,0.420881647177734,0.999997068196745,0.999983379322086,"group_idyes"
"16274","SCAMP4","Exc L4-5 RORB GABRG1",0.00685548295322887,3.95620789443052,0.019565840793681,0.88882962140954,0.999997068196745,0.999983379322086,"group_idyes"
"16275","CSNK1G2","Exc L4-5 RORB GABRG1",-0.0111576211399613,4.82576645473899,0.065391556636033,0.798305466787885,0.999997068196745,0.999983379322086,"group_idyes"
"16276","BTBD2","Exc L4-5 RORB GABRG1",-0.00295582300170263,5.31234666505421,0.00410542302624099,0.948944920087875,0.999997068196745,0.999983379322086,"group_idyes"
"16277","MKNK2","Exc L4-5 RORB GABRG1",0.0892436819549663,4.49551775182641,0.88133841494751,0.348424357986943,0.999997068196745,0.999983379322086,"group_idyes"
"16278","MOB3A","Exc L4-5 RORB GABRG1",-0.101778589730647,3.76822059637251,3.28412084070752,0.0707325199785899,0.999997068196745,0.999983379322086,"group_idyes"
"16279","IZUMO4","Exc L4-5 RORB GABRG1",-0.0183600332541546,1.73028075220515,0.0388702137745702,0.843810120551481,0.999997068196745,0.999983379322086,"group_idyes"
"16280","AP3D1","Exc L4-5 RORB GABRG1",-0.0196379566877086,5.90640420734795,0.544383371416052,0.461071549478264,0.999997068196745,0.999983379322086,"group_idyes"
"16281","DOT1L","Exc L4-5 RORB GABRG1",-0.0628657182490466,4.1154024226403,1.30112347723211,0.254717667221122,0.999997068196745,0.999983379322086,"group_idyes"
"16282","AC004490.1","Exc L4-5 RORB GABRG1",0.092213093499606,0.510511478068567,0.363828750404228,0.546742911707611,0.999997068196745,0.999983379322086,"group_idyes"
"16283","PLEKHJ1","Exc L4-5 RORB GABRG1",-0.00166606543537796,3.89968640702311,0.000424567966161611,0.983571396243799,0.999997068196745,0.999983379322086,"group_idyes"
"16284","SF3A2","Exc L4-5 RORB GABRG1",-0.00452229870594467,3.79098075831675,0.00656819553840102,0.935448781548488,0.999997068196745,0.999983379322086,"group_idyes"
"16285","AMH","Exc L4-5 RORB GABRG1",-0.18411995673132,2.23423346990633,2.9572857399419,0.0862955804652636,0.999997068196745,0.999983379322086,"group_idyes"
"16286","JSRP1","Exc L4-5 RORB GABRG1",0.0802790881747476,0.878468710059008,0.42028634141211,0.537116960572894,0.999997068196745,0.999983379322086,"group_idyes"
"16287","AC005258.1","Exc L4-5 RORB GABRG1",-0.135806661022102,1.80838242334387,0.806031187244317,0.369857724354316,0.999997068196745,0.999983379322086,"group_idyes"
"16288","LSM7","Exc L4-5 RORB GABRG1",-0.0356210341088106,3.91517265866891,0.244560375190942,0.62121386398169,0.999997068196745,0.999983379322086,"group_idyes"
"16289","SPPL2B","Exc L4-5 RORB GABRG1",-0.0369327064274673,4.90175357150118,0.552424787014913,0.457782235272624,0.999997068196745,0.999983379322086,"group_idyes"
"16290","TMPRSS9","Exc L4-5 RORB GABRG1",-0.0257872525379816,1.73508623905368,0.0511385521427013,0.821213910489313,0.999997068196745,0.999983379322086,"group_idyes"
"16291","TIMM13","Exc L4-5 RORB GABRG1",-0.062582836459081,3.71311378465366,0.370778958771444,0.54293934507726,0.999997068196745,0.999983379322086,"group_idyes"
"16292","LMNB2","Exc L4-5 RORB GABRG1",0.00335045959480907,3.53880889051562,0.00442866737945268,0.946975926281419,0.999997068196745,0.999983379322086,"group_idyes"
"16293","GADD45B","Exc L4-5 RORB GABRG1",-0.0323470662363848,2.28008896992551,0.0685803219226012,0.79355530480038,0.999997068196745,0.999983379322086,"group_idyes"
"16294","GNG7","Exc L4-5 RORB GABRG1",-0.0489542320222978,5.75491150779362,1.17037735887398,0.280001333452438,0.999997068196745,0.999983379322086,"group_idyes"
"16295","DIRAS1","Exc L4-5 RORB GABRG1",0.0284261335388504,5.97023285219015,0.187762352609448,0.665028394832565,0.999997068196745,0.999983379322086,"group_idyes"
"16296","AC006538.2","Exc L4-5 RORB GABRG1",-0.0643639391605881,1.74562042569613,0.441213441728015,0.506935250019615,0.999997068196745,0.999983379322086,"group_idyes"
"16297","SGTA","Exc L4-5 RORB GABRG1",0.0326526563146162,4.82174881644641,0.484499418758819,0.486811575072393,0.999997068196745,0.999983379322086,"group_idyes"
"16298","THOP1","Exc L4-5 RORB GABRG1",0.03434776953854,4.88071969938465,0.802764406664474,0.370828388137747,0.999997068196745,0.999983379322086,"group_idyes"
"16299","ZNF554","Exc L4-5 RORB GABRG1",0.0256375543962009,2.74748713930074,0.135290847197641,0.713210439711987,0.999997068196745,0.999983379322086,"group_idyes"
"16300","ZNF555","Exc L4-5 RORB GABRG1",-0.00677578853941005,3.43968190649501,0.0164941377697647,0.897876190227343,0.999997068196745,0.999983379322086,"group_idyes"
"16301","ZNF556","Exc L4-5 RORB GABRG1",-0.0640519278574469,0.752234646155361,0.204876565750091,0.651068213187929,0.999997068196745,0.999983379322086,"group_idyes"
"16302","ZNF57","Exc L4-5 RORB GABRG1",0.0570753001963238,1.81999029236519,0.448011693330708,0.671841937415155,0.999997068196745,0.999983379322086,"group_idyes"
"16303","AC119403.1","Exc L4-5 RORB GABRG1",-0.042924608035602,2.41564600568483,0.295111657183274,0.634601899919643,0.999997068196745,0.999983379322086,"group_idyes"
"16304","ZNF77","Exc L4-5 RORB GABRG1",-0.0477443592877793,2.35954131662024,0.46029692645409,0.497893109094352,0.999997068196745,0.999983379322086,"group_idyes"
"16305","TLE6","Exc L4-5 RORB GABRG1",0.059430399563976,0.647067892412066,0.197206676071904,0.732976616209735,0.999997068196745,0.999983379322086,"group_idyes"
"16306","TLE2","Exc L4-5 RORB GABRG1",0.0171630536117956,4.29238104663325,0.114187505476769,0.735610482295943,0.999997068196745,0.999983379322086,"group_idyes"
"16307","AES","Exc L4-5 RORB GABRG1",0.0218509804400597,6.98107154068007,0.182065198920816,0.669843076416469,0.999997068196745,0.999983379322086,"group_idyes"
"16308","GNA11","Exc L4-5 RORB GABRG1",0.0370609488268943,5.28166233519691,0.942052878766096,0.332360246715029,0.999997068196745,0.999983379322086,"group_idyes"
"16309","KF456478.1","Exc L4-5 RORB GABRG1",-0.155617047665341,0.465388482370106,0.832045646643425,0.36225288395907,0.999997068196745,0.999983379322086,"group_idyes"
"16310","GNA15","Exc L4-5 RORB GABRG1",0.0304301875515131,2.34473465720697,0.118619408830656,0.730724881932278,0.999997068196745,0.999983379322086,"group_idyes"
"16311","NCLN","Exc L4-5 RORB GABRG1",-0.0304184870597318,4.59158767216818,0.590282222027388,0.442781331766437,0.999997068196745,0.999983379322086,"group_idyes"
"16312","CELF5","Exc L4-5 RORB GABRG1",-0.0138080413459545,7.6068377279257,0.108786058273818,0.741709953967233,0.999997068196745,0.999983379322086,"group_idyes"
"16313","NFIC","Exc L4-5 RORB GABRG1",0.00765303806836507,7.04412924094945,0.0294803012438886,0.863765007924431,0.999997068196745,0.999983379322086,"group_idyes"
"16314","SMIM24","Exc L4-5 RORB GABRG1",0.382865713657691,1.52678774628138,6.73647336827215,0.00980758578177322,0.999997068196745,0.999983379322086,"group_idyes"
"16315","DOHH","Exc L4-5 RORB GABRG1",0.0523439801559993,3.61216350607879,0.431865874418909,0.511467743083888,0.999997068196745,0.999983379322086,"group_idyes"
"16316","FZR1","Exc L4-5 RORB GABRG1",-0.0181386286573392,4.43128810618828,0.184937844314112,0.667404407081543,0.999997068196745,0.999983379322086,"group_idyes"
"16317","MFSD12","Exc L4-5 RORB GABRG1",0.0444625703411006,4.103063981205,1.20788077212348,0.889809663667899,0.999997068196745,0.999983379322086,"group_idyes"
"16318","C19orf71","Exc L4-5 RORB GABRG1",-0.00644420055684934,1.61055473394204,0.0037493620986558,0.951206213492841,0.999997068196745,0.999983379322086,"group_idyes"
"16319","AC005786.3","Exc L4-5 RORB GABRG1",-0.0999289982452251,2.2687419093526,1.30209415029845,0.25454083415378,0.999997068196745,0.999983379322086,"group_idyes"
"16320","HMG20B","Exc L4-5 RORB GABRG1",0.324948543434304,0.575760267659812,3.68448023079558,0.0556604091852846,0.999997068196745,0.999983379322086,"group_idyes"
"16321","TBXA2R","Exc L4-5 RORB GABRG1",-0.00348875334486182,0.208198516717465,0.00148731078702944,0.969256678038962,0.999997068196745,0.999983379322086,"group_idyes"
"16322","CACTIN","Exc L4-5 RORB GABRG1",0.0368564200295281,3.03142719143581,0.327197112404522,0.76575850879815,0.999997068196745,0.999983379322086,"group_idyes"
"16323","PIP5K1C","Exc L4-5 RORB GABRG1",0.0581326794423345,6.06729384177534,2.41975589481707,0.120635795750595,0.999997068196745,0.999983379322086,"group_idyes"
"16324","TJP3","Exc L4-5 RORB GABRG1",-0.253658486563713,1.11628109753644,4.35132204140138,0.037638496296159,0.999997068196745,0.999983379322086,"group_idyes"
"16325","APBA3","Exc L4-5 RORB GABRG1",0.00610467823278943,2.75727099288994,0.0100664681623788,0.920133181689913,0.999997068196745,0.999983379322086,"group_idyes"
"16326","MRPL54","Exc L4-5 RORB GABRG1",0.0319642047775266,2.78102065472842,0.0900990828509605,0.764213349579267,0.999997068196745,0.999983379322086,"group_idyes"
"16327","MATK","Exc L4-5 RORB GABRG1",-0.0122631773280958,5.25387203253414,0.083709356391725,0.772487999388769,0.999997068196745,0.999983379322086,"group_idyes"
"16328","ZFR2","Exc L4-5 RORB GABRG1",-0.0119262923825791,6.52429659754712,0.078051021105981,0.780106314655064,0.999997068196745,0.999983379322086,"group_idyes"
"16329","ATCAY","Exc L4-5 RORB GABRG1",-0.0292677611272739,7.29585889594923,0.712831281484602,0.399030175931902,0.999997068196745,0.999983379322086,"group_idyes"
"16330","DAPK3","Exc L4-5 RORB GABRG1",-0.050960989470184,4.71342835819811,1.35063296199766,0.245887918838269,0.999997068196745,0.999983379322086,"group_idyes"
"16331","EEF2","Exc L4-5 RORB GABRG1",0.0737833796940314,6.15838027854366,1.01900097452256,0.313390540075613,0.999997068196745,0.999983379322086,"group_idyes"
"16332","PIAS4","Exc L4-5 RORB GABRG1",0.0616171267018024,5.04496678349911,1.26590759117527,0.261237242302208,0.999997068196745,0.999983379322086,"group_idyes"
"16333","ZBTB7A","Exc L4-5 RORB GABRG1",0.0413745270915507,6.81152951910203,0.737575389262225,0.390973435116979,0.999997068196745,0.999983379322086,"group_idyes"
"16334","MAP2K2","Exc L4-5 RORB GABRG1",0.0595872145762083,5.56916437077316,1.69625462749007,0.193557628971821,0.999997068196745,0.999983379322086,"group_idyes"
"16335","CREB3L3","Exc L4-5 RORB GABRG1",-0.150061702608868,1.19942934748443,1.79175211844468,0.18150328644758,0.999997068196745,0.999983379322086,"group_idyes"
"16336","SIRT6","Exc L4-5 RORB GABRG1",-0.0201325053511452,3.84645752304265,0.142155020959741,0.706355835720215,0.999997068196745,0.999983379322086,"group_idyes"
"16337","ANKRD24","Exc L4-5 RORB GABRG1",-0.0461870972096251,5.67486553088261,0.804227272287639,0.370393284655978,0.999997068196745,0.999983379322086,"group_idyes"
"16338","EBI3","Exc L4-5 RORB GABRG1",-0.31104176337898,0.656373514271275,2.16719435000195,0.141800781986019,0.999997068196745,0.999983379322086,"group_idyes"
"16339","YJU2","Exc L4-5 RORB GABRG1",-0.0115505524289401,3.19761713645165,0.0433162279277647,0.835241101446435,0.999997068196745,0.999983379322086,"group_idyes"
"16340","SHD","Exc L4-5 RORB GABRG1",0.022610077985471,2.29460626254222,0.0583480380703707,0.809254936766926,0.999997068196745,0.999983379322086,"group_idyes"
"16341","FSD1","Exc L4-5 RORB GABRG1",-0.0270493280354143,5.31681997448881,0.45225551347444,0.501669477085817,0.999997068196745,0.999983379322086,"group_idyes"
"16342","STAP2","Exc L4-5 RORB GABRG1",0.0287304958367299,1.86085273854232,0.108958733547807,0.741512393646955,0.999997068196745,0.999983379322086,"group_idyes"
"16343","MPND","Exc L4-5 RORB GABRG1",0.0370648676730583,2.34080984930949,0.304279030345238,0.904639296669695,0.999997068196745,0.999983379322086,"group_idyes"
"16344","AC007292.3","Exc L4-5 RORB GABRG1",0.0948021376091344,0.837397536465027,0.373574218963375,0.541423382264863,0.999997068196745,0.999983379322086,"group_idyes"
"16345","SH3GL1","Exc L4-5 RORB GABRG1",0.034208832684723,5.68586936999508,0.50766682663512,0.476582498609926,0.999997068196745,0.999983379322086,"group_idyes"
"16346","CHAF1A","Exc L4-5 RORB GABRG1",-0.0510252485089405,3.32631580231077,0.75359804653524,0.38588061850131,0.999997068196745,0.999983379322086,"group_idyes"
"16347","UBXN6","Exc L4-5 RORB GABRG1",-0.00948635936442413,4.98085655095232,0.0286526993720206,0.865672383833965,0.999997068196745,0.999983379322086,"group_idyes"
"16348","AC011498.1","Exc L4-5 RORB GABRG1",0.0249609720983401,1.76434598103107,0.0677093045574392,0.987513651576085,0.999997068196745,0.999983379322086,"group_idyes"
"16349","HDGFL2","Exc L4-5 RORB GABRG1",0.005125648331869,4.94935420679006,0.0194985376974108,0.889019744701899,0.999997068196745,0.999983379322086,"group_idyes"
"16350","PLIN5","Exc L4-5 RORB GABRG1",0.0116408348228841,1.15372969717251,0.0077284513267533,0.929992668045011,0.999997068196745,0.999983379322086,"group_idyes"
"16351","SEMA6B","Exc L4-5 RORB GABRG1",-0.0020111692411959,5.40070899367465,0.00262558558205027,0.959160498100476,0.999997068196745,0.999983379322086,"group_idyes"
"16352","TNFAIP8L1","Exc L4-5 RORB GABRG1",0.0070081114181988,3.91714480355415,0.0218562348456868,0.882547639039425,0.999997068196745,0.999983379322086,"group_idyes"
"16353","MYDGF","Exc L4-5 RORB GABRG1",0.0637813123601245,4.05633120475149,1.02122801423717,0.312863025342602,0.999997068196745,0.999983379322086,"group_idyes"
"16354","DPP9","Exc L4-5 RORB GABRG1",-0.0599199555707912,4.54483721168227,1.68436712186588,0.195122732362181,0.999997068196745,0.999983379322086,"group_idyes"
"16355","MIR7-3HG","Exc L4-5 RORB GABRG1",-0.124025511599538,3.83752875012854,2.99719810416863,0.0842103333708531,0.999997068196745,0.999983379322086,"group_idyes"
"16356","FEM1A","Exc L4-5 RORB GABRG1",0.030588469266539,3.32486723610995,0.266007108238802,0.939674819869476,0.999997068196745,0.999983379322086,"group_idyes"
"16357","AC005523.2","Exc L4-5 RORB GABRG1",-0.0955635451777551,0.955385576045813,0.403600523836009,0.525613292865366,0.999997068196745,0.999983379322086,"group_idyes"
"16358","TICAM1","Exc L4-5 RORB GABRG1",0.0985358357404634,3.12386214635982,2.87321235132856,0.107647903908014,0.999997068196745,0.999983379322086,"group_idyes"
"16359","PLIN3","Exc L4-5 RORB GABRG1",-0.0671441776053711,0.747311687730014,0.261007965781126,0.60972154591505,0.999997068196745,0.999983379322086,"group_idyes"
"16360","KDM4B","Exc L4-5 RORB GABRG1",-0.0512928909797399,6.4303779991718,1.10545066668259,0.293732953495892,0.999997068196745,0.999983379322086,"group_idyes"
"16361","PTPRS","Exc L4-5 RORB GABRG1",-0.0727700834521099,5.98934612053399,2.92183252922296,0.0881949525006319,0.999997068196745,0.999983379322086,"group_idyes"
"16362","TINCR","Exc L4-5 RORB GABRG1",-0.0833032842791554,3.2324092786799,1.13216975133433,0.287980363273347,0.999997068196745,0.999983379322086,"group_idyes"
"16363","SAFB2","Exc L4-5 RORB GABRG1",0.052991914949732,6.0412609791098,2.44753155063138,0.118531979026721,0.999997068196745,0.999983379322086,"group_idyes"
"16364","SAFB","Exc L4-5 RORB GABRG1",-0.0347883972205948,5.91816147568554,1.58461021368144,0.208861161780204,0.999997068196745,0.999983379322086,"group_idyes"
"16365","RPL36","Exc L4-5 RORB GABRG1",0.0661424834832275,4.79843900838412,0.383980884587358,0.535847200119035,0.999997068196745,0.999983379322086,"group_idyes"
"16366","C19orf70","Exc L4-5 RORB GABRG1",-0.126208200427241,3.52594926727898,1.63062451856792,0.202386841691739,0.999997068196745,0.999983379322086,"group_idyes"
"16367","LONP1","Exc L4-5 RORB GABRG1",0.0255434407017532,4.86524073349638,0.413754304863734,0.520453291069383,0.999997068196745,0.999983379322086,"group_idyes"
"16368","CATSPERD","Exc L4-5 RORB GABRG1",-0.159985589944035,1.33700318313953,1.88258808044092,0.17083976376753,0.999997068196745,0.999983379322086,"group_idyes"
"16369","PRR22","Exc L4-5 RORB GABRG1",-0.0250272084117936,1.57979708378196,0.0489440417974733,0.825028381748058,0.999997068196745,0.999983379322086,"group_idyes"
"16370","DUS3L","Exc L4-5 RORB GABRG1",-0.0324581449275198,2.4657479415776,0.15243875957773,0.739538167336106,0.999997068196745,0.999983379322086,"group_idyes"
"16371","FUT3","Exc L4-5 RORB GABRG1",-0.14325011188213,-0.0387032139843826,0.384965687246001,0.535324946351089,0.999997068196745,0.999983379322086,"group_idyes"
"16372","AC024592.3","Exc L4-5 RORB GABRG1",0.0818103237186873,1.2041929187743,0.339166428489923,0.560651907126574,0.999997068196745,0.999983379322086,"group_idyes"
"16373","AC104532.2","Exc L4-5 RORB GABRG1",0.0333701120097492,1.50065852218955,0.0897737242673211,0.764626820186428,0.999997068196745,0.999983379322086,"group_idyes"
"16374","CAPS","Exc L4-5 RORB GABRG1",0.0235626467187795,1.90189044526522,0.0472354778339772,0.828060746545295,0.999997068196745,0.999983379322086,"group_idyes"
"16375","RANBP3","Exc L4-5 RORB GABRG1",-0.011459618095156,4.63492632249295,0.104965793107535,0.808879446194522,0.999997068196745,0.999983379322086,"group_idyes"
"16376","AC011444.1","Exc L4-5 RORB GABRG1",0.0427654371048949,2.07081193734896,0.235461697326174,0.627779497609357,0.999997068196745,0.999983379322086,"group_idyes"
"16377","RFX2","Exc L4-5 RORB GABRG1",-0.00575576415746851,3.97584470499169,0.0093393900155165,0.923062198403334,0.999997068196745,0.999983379322086,"group_idyes"
"16378","AC011444.3","Exc L4-5 RORB GABRG1",0.105854740615044,0.687262548035782,0.542336035078976,0.461915003349765,0.999997068196745,0.999983379322086,"group_idyes"
"16379","ACSBG2","Exc L4-5 RORB GABRG1",0.0339341647263,1.16975512722941,0.0710198224168031,0.79000043825381,0.999997068196745,0.999983379322086,"group_idyes"
"16380","MLLT1","Exc L4-5 RORB GABRG1",0.0353288158127547,4.43115316334528,0.907656930159975,0.341335030926279,0.999997068196745,0.999983379322086,"group_idyes"
"16381","ACER1","Exc L4-5 RORB GABRG1",0.033824969593029,1.2812473343025,0.0974303662654958,0.891277242207818,0.999997068196745,0.999983379322086,"group_idyes"
"16382","CLPP","Exc L4-5 RORB GABRG1",0.0455365555614528,3.28294490331721,0.402423262717981,0.526217446532556,0.999997068196745,0.999983379322086,"group_idyes"
"16383","ALKBH7","Exc L4-5 RORB GABRG1",0.110456592280618,2.5739649664942,1.01787844027994,0.313656874060162,0.999997068196745,0.999983379322086,"group_idyes"
"16384","PSPN","Exc L4-5 RORB GABRG1",-0.0245035415636214,1.92236431432563,0.0725801385330585,0.787760919090623,0.999997068196745,0.999983379322086,"group_idyes"
"16385","GTF2F1","Exc L4-5 RORB GABRG1",0.0580784000044563,4.34427357951258,1.08647852009419,0.297907311392278,0.999997068196745,0.999983379322086,"group_idyes"
"16386","KHSRP","Exc L4-5 RORB GABRG1",0.0452480227534311,5.36686625957389,0.694851753864433,0.4050362222269,0.999997068196745,0.999983379322086,"group_idyes"
"16387","SLC25A41","Exc L4-5 RORB GABRG1",-0.0371122274245039,3.69878810366425,0.241484596413504,0.623416131989244,0.999997068196745,0.999983379322086,"group_idyes"
"16388","SLC25A23","Exc L4-5 RORB GABRG1",0.00619950787753999,5.05620299440406,0.0163928552761411,0.898188500172441,0.999997068196745,0.999983379322086,"group_idyes"
"16389","DENND1C","Exc L4-5 RORB GABRG1",0.0546614550599294,0.551260740106758,0.159492324493633,0.689845951355258,0.999997068196745,0.999983379322086,"group_idyes"
"16390","TUBB4A","Exc L4-5 RORB GABRG1",0.0862702893094676,6.01915967414315,1.02018310671656,0.313110385792203,0.999997068196745,0.999983379322086,"group_idyes"
"16391","TNFSF9","Exc L4-5 RORB GABRG1",0.0285601116870906,1.55790573184051,0.076747130732421,0.82105833369013,0.999997068196745,0.999983379322086,"group_idyes"
"16392","CD70","Exc L4-5 RORB GABRG1",-0.191972610796567,0.451105485146209,1.48090132455741,0.224379523787987,0.999997068196745,0.999983379322086,"group_idyes"
"16393","C3","Exc L4-5 RORB GABRG1",-0.125720617517209,0.877476984583221,0.829629606794042,0.362949969496222,0.999997068196745,0.999983379322086,"group_idyes"
"16394","GPR108","Exc L4-5 RORB GABRG1",0.107371765485447,1.72281338768388,1.11618314098059,0.291404755723798,0.999997068196745,0.999983379322086,"group_idyes"
"16395","VAV1","Exc L4-5 RORB GABRG1",0.239974700429185,1.53219470126919,3.5365745655514,0.0607844703137279,0.999997068196745,0.999983379322086,"group_idyes"
"16396","ADGRE1","Exc L4-5 RORB GABRG1",0.0427719047823645,0.446549902184476,0.0752744346533036,0.98550173349389,0.999997068196745,0.999983379322086,"group_idyes"
"16397","ZNF557","Exc L4-5 RORB GABRG1",-0.0556546860478416,3.71414197306548,1.31242360419313,0.252668413486036,0.999997068196745,0.999983379322086,"group_idyes"
"16398","INSR","Exc L4-5 RORB GABRG1",0.0182829433905591,6.71833056394644,0.262046627863599,0.609011272300863,0.999997068196745,0.999983379322086,"group_idyes"
"16399","AC119396.1","Exc L4-5 RORB GABRG1",0.00144036142729612,0.979930179366876,0.000222156117023238,0.98811577488605,0.999997068196745,0.999983379322086,"group_idyes"
"16400","AC008878.3","Exc L4-5 RORB GABRG1",-0.0936728957657322,0.623183698779365,0.379176889457772,0.538408191106913,0.999997068196745,0.999983379322086,"group_idyes"
"16401","PEX11G","Exc L4-5 RORB GABRG1",-0.170621849884036,0.834531533855676,1.56472787530615,0.211734473596699,0.999997068196745,0.999983379322086,"group_idyes"
"16402","ZNF358","Exc L4-5 RORB GABRG1",0.0617286172795325,3.67733197632284,0.877947634925907,0.349352222729138,0.999997068196745,0.999983379322086,"group_idyes"
"16403","MCOLN1","Exc L4-5 RORB GABRG1",0.0020313349128656,3.23921330848532,0.00116564048981484,0.972782039382111,0.999997068196745,0.999983379322086,"group_idyes"
"16404","PNPLA6","Exc L4-5 RORB GABRG1",-0.00624372009106244,5.07301413813753,0.0306311998358066,0.861157784768042,0.999997068196745,0.999983379322086,"group_idyes"
"16405","CAMSAP3","Exc L4-5 RORB GABRG1",-0.0227322861729268,4.2284366652822,0.340341976340565,0.721819943274523,0.999997068196745,0.999983379322086,"group_idyes"
"16406","XAB2","Exc L4-5 RORB GABRG1",0.0811903732158004,3.01268462419261,1.75562837707698,0.185957122583167,0.999997068196745,0.999983379322086,"group_idyes"
"16407","PET100","Exc L4-5 RORB GABRG1",0.0435105904877161,0.971788105383208,0.0558658453558983,0.813279452510788,0.999997068196745,0.999983379322086,"group_idyes"
"16408","STXBP2","Exc L4-5 RORB GABRG1",0.106004965848033,0.75021847172236,0.631378933138948,0.490759905640151,0.999997068196745,0.999983379322086,"group_idyes"
"16409","TRAPPC5","Exc L4-5 RORB GABRG1",0.0542329744643355,2.34268030918298,0.462605464309066,0.903832947184362,0.999997068196745,0.999983379322086,"group_idyes"
"16410","FCER2","Exc L4-5 RORB GABRG1",-0.139019333425583,0.114457979887141,0.418044341327707,0.518300016365397,0.999997068196745,0.999983379322086,"group_idyes"
"16411","CLEC4G","Exc L4-5 RORB GABRG1",0.178438687621541,3.42865845086569,3.95680481492233,0.047390004068882,0.999997068196745,0.999983379322086,"group_idyes"
"16412","CD209","Exc L4-5 RORB GABRG1",0.162067994813745,1.24256679374801,1.3280676470142,0.24986483079425,0.999997068196745,0.999983379322086,"group_idyes"
"16413","EVI5L","Exc L4-5 RORB GABRG1",-0.0109712730899317,5.14684624616458,0.0973558934887093,0.755195067447489,0.999997068196745,0.999983379322086,"group_idyes"
"16414","PRR36","Exc L4-5 RORB GABRG1",0.0875454321702176,4.83872240767323,1.65076619197976,0.199627683931113,0.999997068196745,0.999983379322086,"group_idyes"
"16415","MAP2K7","Exc L4-5 RORB GABRG1",-0.0047556596483194,5.19260381829063,0.0169286935120896,0.896547150936154,0.999997068196745,0.999983379322086,"group_idyes"
"16416","TGFBR3L","Exc L4-5 RORB GABRG1",-0.039674240983595,3.89548490060655,0.152786751090411,0.696102699665488,0.999997068196745,0.999983379322086,"group_idyes"
"16417","SNAPC2","Exc L4-5 RORB GABRG1",0.0882610682573128,2.77806658708246,0.988022524441754,0.320850912276048,0.999997068196745,0.999983379322086,"group_idyes"
"16418","CTXN1","Exc L4-5 RORB GABRG1",0.047315855381641,5.15163887213971,0.345092967012257,0.557248716927576,0.999997068196745,0.999983379322086,"group_idyes"
"16419","TIMM44","Exc L4-5 RORB GABRG1",-0.0132528521626784,4.52425783500592,0.0814377056390159,0.77551201872624,0.999997068196745,0.999983379322086,"group_idyes"
"16420","ELAVL1","Exc L4-5 RORB GABRG1",0.010238870788313,5.51455081691305,0.092470863437153,0.761223557250172,0.999997068196745,0.999983379322086,"group_idyes"
"16421","AC008946.1","Exc L4-5 RORB GABRG1",-0.0315288577815705,1.99112166590062,0.138146572281613,0.710335181789595,0.999997068196745,0.999983379322086,"group_idyes"
"16422","FBN3","Exc L4-5 RORB GABRG1",0.00274704291656089,1.00397095985508,0.000351938881291879,0.985042261432835,0.999997068196745,0.999983379322086,"group_idyes"
"16423","CERS4","Exc L4-5 RORB GABRG1",-0.0297336803857814,6.2578397520717,0.225336835740671,0.635272597633238,0.999997068196745,0.999983379322086,"group_idyes"
"16424","AC022146.2","Exc L4-5 RORB GABRG1",-0.0511543700736394,3.5667632539177,0.184892355670618,0.667442848212401,0.999997068196745,0.999983379322086,"group_idyes"
"16425","CD320","Exc L4-5 RORB GABRG1",0.0187396389231608,3.47668735651186,0.0990638231112674,0.903180774148217,0.999997068196745,0.999983379322086,"group_idyes"
"16426","RPS28","Exc L4-5 RORB GABRG1",0.0596244584914814,4.36684999918878,0.403893092366425,0.525463342810078,0.999997068196745,0.999983379322086,"group_idyes"
"16427","KANK3","Exc L4-5 RORB GABRG1",0.170492010972053,0.705415066812543,1.54357497053622,0.214843203907547,0.999997068196745,0.999983379322086,"group_idyes"
"16428","ANGPTL4","Exc L4-5 RORB GABRG1",0.339395693062753,0.521254951567005,4.52434104868533,0.0340516453752989,0.999997068196745,0.999983379322086,"group_idyes"
"16429","RAB11B-AS1","Exc L4-5 RORB GABRG1",-0.0704866191026467,1.21551166615655,0.490762613809844,0.484010752834223,0.999997068196745,0.999983379322086,"group_idyes"
"16430","RAB11B","Exc L4-5 RORB GABRG1",0.00640087841150201,5.43768311871667,0.00962846943409056,0.921884324442698,0.999997068196745,0.999983379322086,"group_idyes"
"16431","MARCH2","Exc L4-5 RORB GABRG1",0.0462486398909464,4.59583024586065,0.680686615606937,0.40986164025234,0.999997068196745,0.999983379322086,"group_idyes"
"16432","HNRNPM","Exc L4-5 RORB GABRG1",-0.0110983261759216,6.16466205446813,0.136509827864399,0.711978941622741,0.999997068196745,0.999983379322086,"group_idyes"
"16433","PRAM1","Exc L4-5 RORB GABRG1",0.0603020205493058,1.95981975409269,0.344185894924322,0.557767026062516,0.999997068196745,0.999983379322086,"group_idyes"
"16434","ZNF414","Exc L4-5 RORB GABRG1",0.0397096100458272,2.6834172509262,0.244952392126237,0.620934418984528,0.999997068196745,0.999983379322086,"group_idyes"
"16435","MYO1F","Exc L4-5 RORB GABRG1",0.042166992023463,2.21213329122863,0.217497193463627,0.641217534169337,0.999997068196745,0.999983379322086,"group_idyes"
"16436","ADAMTS10","Exc L4-5 RORB GABRG1",-0.028627356274071,5.60406623690114,0.464553117692043,0.495913793472515,0.999997068196745,0.999983379322086,"group_idyes"
"16437","ZNF558","Exc L4-5 RORB GABRG1",-0.0215877043578428,2.89024610808472,0.146487618913338,0.702126131899782,0.999997068196745,0.999983379322086,"group_idyes"
"16438","MUC16","Exc L4-5 RORB GABRG1",-0.0278549319141226,0.538416803259189,0.0353093490346681,0.851047978787096,0.999997068196745,0.999983379322086,"group_idyes"
"16439","ZNF317","Exc L4-5 RORB GABRG1",0.0455419733610004,3.49403772561652,0.949659231123303,0.330418367128643,0.999997068196745,0.999983379322086,"group_idyes"
"16440","OR7D2","Exc L4-5 RORB GABRG1",0.00199205097420935,0.956760685107339,2.35423217513972e-06,0.998776560978734,0.999997068196745,0.999983379322086,"group_idyes"
"16441","ZNF699","Exc L4-5 RORB GABRG1",-0.116847958907994,2.80131310050222,2.98072101274616,0.091890701121426,0.999997068196745,0.999983379322086,"group_idyes"
"16442","ZNF559-ZNF177","Exc L4-5 RORB GABRG1",0.0394311453453403,3.88735033198768,0.447729445129305,0.503816500878834,0.999997068196745,0.999983379322086,"group_idyes"
"16443","ZNF266","Exc L4-5 RORB GABRG1",0.0231057192742895,4.0273320126619,0.194040873199544,0.876641227674899,0.999997068196745,0.999983379322086,"group_idyes"
"16444","ZNF426","Exc L4-5 RORB GABRG1",0.000647250987529172,3.68207385778711,0.000142955171862606,0.990466608784366,0.999997068196745,0.999983379322086,"group_idyes"
"16445","ZNF121","Exc L4-5 RORB GABRG1",-0.0784791776091307,3.77256280756036,3.77928804479464,0.13375436099621,0.999997068196745,0.999983379322086,"group_idyes"
"16446","ZNF561","Exc L4-5 RORB GABRG1",-0.0361358981534675,3.51429577989964,0.587849303893779,0.443722192639934,0.999997068196745,0.999983379322086,"group_idyes"
"16447","ZNF562","Exc L4-5 RORB GABRG1",-0.0431899628053038,5.01736885711567,1.77374372754507,0.183707906548708,0.999997068196745,0.999983379322086,"group_idyes"
"16448","ZNF846","Exc L4-5 RORB GABRG1",-0.0660976473461008,5.44677439039266,2.2031297016304,0.138549658545691,0.999997068196745,0.999983379322086,"group_idyes"
"16449","AC008752.1","Exc L4-5 RORB GABRG1",-0.0118419627802921,0.464440844797243,0.00784262734579912,0.929478782559662,0.999997068196745,0.999983379322086,"group_idyes"
"16450","FBXL12","Exc L4-5 RORB GABRG1",-0.0148198239949925,3.81668332748355,0.0857573772262712,0.769799574030187,0.999997068196745,0.999983379322086,"group_idyes"
"16451","UBL5","Exc L4-5 RORB GABRG1",0.0837170787213311,3.6521018246525,0.472797058816496,0.492117509453795,0.999997068196745,0.999983379322086,"group_idyes"
"16452","PIN1","Exc L4-5 RORB GABRG1",-0.0418718888436949,5.78262998950898,0.358151135078699,0.549887007099556,0.999997068196745,0.999983379322086,"group_idyes"
"16453","OLFM2","Exc L4-5 RORB GABRG1",0.00607204659615859,6.08309757239079,0.0112158978309005,0.915712815136575,0.999997068196745,0.999983379322086,"group_idyes"
"16454","COL5A3","Exc L4-5 RORB GABRG1",0.0966259234424999,3.23885047616218,1.05721853154197,0.304496426176357,0.999997068196745,0.999983379322086,"group_idyes"
"16455","C19orf66","Exc L4-5 RORB GABRG1",-0.0265219090264405,5.07658552709864,0.238635154188996,0.625471940438409,0.999997068196745,0.999983379322086,"group_idyes"
"16456","ANGPTL6","Exc L4-5 RORB GABRG1",0.057668544830694,0.634036240982767,0.181318688500857,0.670480530693216,0.999997068196745,0.999983379322086,"group_idyes"
"16457","P2RY11","Exc L4-5 RORB GABRG1",0.102159773957799,3.07385407913128,2.29102710660039,0.168712526504439,0.999997068196745,0.999983379322086,"group_idyes"
"16458","EIF3G","Exc L4-5 RORB GABRG1",0.0862970046415407,3.12528036762531,0.822044336323096,0.365150625506362,0.999997068196745,0.999983379322086,"group_idyes"
"16459","DNMT1","Exc L4-5 RORB GABRG1",0.0211793746894798,4.98894429810652,0.373505837050835,0.768497190964468,0.999997068196745,0.999983379322086,"group_idyes"
"16460","MRPL4","Exc L4-5 RORB GABRG1",-0.0101896104476509,4.73584959456905,0.0328893261408854,0.856185112155901,0.999997068196745,0.999983379322086,"group_idyes"
"16461","AC011511.2","Exc L4-5 RORB GABRG1",-0.0616389754558578,2.34260311170231,0.468752062779893,0.49397407549837,0.999997068196745,0.999983379322086,"group_idyes"
"16462","ICAM1","Exc L4-5 RORB GABRG1",-0.124224897713977,0.58702176893556,0.819786612322137,0.467157958129365,0.999997068196745,0.999983379322086,"group_idyes"
"16463","ICAM5","Exc L4-5 RORB GABRG1",-0.0144881016251698,4.6799550147416,0.0459393019813023,0.830399726134221,0.999997068196745,0.999983379322086,"group_idyes"
"16464","ZGLP1","Exc L4-5 RORB GABRG1",0.0384012862394546,3.54272443353102,0.329678229861278,0.566184156574022,0.999997068196745,0.999983379322086,"group_idyes"
"16465","AC011511.1","Exc L4-5 RORB GABRG1",0.10795685293211,3.74339165619751,1.42705309162346,0.232981914678671,0.999997068196745,0.999983379322086,"group_idyes"
"16466","RAVER1","Exc L4-5 RORB GABRG1",-0.088289473481765,2.2112559981742,1.0982085498294,0.295317478571676,0.999997068196745,0.999983379322086,"group_idyes"
"16467","AC114271.1","Exc L4-5 RORB GABRG1",0.00437965391278364,0.696210112253843,0.000654349292912094,0.979605400191064,0.999997068196745,0.999983379322086,"group_idyes"
"16468","TYK2","Exc L4-5 RORB GABRG1",-0.0450082282156569,4.33095241676429,0.991236699126754,0.32006606708033,0.999997068196745,0.999983379322086,"group_idyes"
"16469","CDC37","Exc L4-5 RORB GABRG1",-0.0121697253569696,5.77976088304316,0.0366272531450906,0.848326906844637,0.999997068196745,0.999983379322086,"group_idyes"
"16470","PDE4A","Exc L4-5 RORB GABRG1",0.0242549760318413,6.51472160721939,0.43588352678557,0.509511092541506,0.999997068196745,0.999983379322086,"group_idyes"
"16471","KEAP1","Exc L4-5 RORB GABRG1",0.0433620306293695,4.08002136328889,0.665061254234403,0.41528337477027,0.999997068196745,0.999983379322086,"group_idyes"
"16472","ATG4D","Exc L4-5 RORB GABRG1",-0.0231991519225074,3.82391504401529,0.268878776506684,0.604382990315517,0.999997068196745,0.999983379322086,"group_idyes"
"16473","KRI1","Exc L4-5 RORB GABRG1",0.0132611515604251,3.49355680466861,0.0500231229653375,0.823141756606828,0.999997068196745,0.999983379322086,"group_idyes"
"16474","CDKN2D","Exc L4-5 RORB GABRG1",-0.00859744991596662,5.03788567326073,0.016252725495345,0.898622219248164,0.999997068196745,0.999983379322086,"group_idyes"
"16475","AP1M2","Exc L4-5 RORB GABRG1",0.0858751724469474,0.23482531783455,0.212757271502372,0.644875472468002,0.999997068196745,0.999983379322086,"group_idyes"
"16476","SLC44A2","Exc L4-5 RORB GABRG1",-0.0203610930426489,3.87653839328181,0.143310147240535,0.818630153098786,0.999997068196745,0.999983379322086,"group_idyes"
"16477","ILF3-DT","Exc L4-5 RORB GABRG1",-0.0218044214393784,4.09935033495922,0.0938990454681954,0.759443405911247,0.999997068196745,0.999983379322086,"group_idyes"
"16478","ILF3","Exc L4-5 RORB GABRG1",0.0306607085355181,5.52475358950633,0.738549584007377,0.834610889202825,0.999997068196745,0.999983379322086,"group_idyes"
"16479","QTRT1","Exc L4-5 RORB GABRG1",0.00577857907137212,5.38762931892169,0.0117085090072664,0.913888802219407,0.999997068196745,0.999983379322086,"group_idyes"
"16480","DNM2","Exc L4-5 RORB GABRG1",-0.0403106952485944,5.91077522019839,0.688257894091113,0.407272016636917,0.999997068196745,0.999983379322086,"group_idyes"
"16481","TMED1","Exc L4-5 RORB GABRG1",0.071416570385515,1.33924923301987,0.368744692244092,0.544047530431095,0.999997068196745,0.999983379322086,"group_idyes"
"16482","C19orf38","Exc L4-5 RORB GABRG1",0.0193057932319868,1.1831048009986,0.024621789113892,0.87539547535852,0.999997068196745,0.999983379322086,"group_idyes"
"16483","CARM1","Exc L4-5 RORB GABRG1",0.0079102044460812,5.40452628136826,0.0482429278433329,0.826265900149392,0.999997068196745,0.999983379322086,"group_idyes"
"16484","YIPF2","Exc L4-5 RORB GABRG1",0.0595579615515665,4.12711787412495,2.0671047443238,0.285490013956464,0.999997068196745,0.999983379322086,"group_idyes"
"16485","TIMM29","Exc L4-5 RORB GABRG1",-0.00178982261538942,3.87149596158733,0.00190581960520573,0.965201505119998,0.999997068196745,0.999983379322086,"group_idyes"
"16486","SMARCA4","Exc L4-5 RORB GABRG1",0.00321419645222144,6.77944526570539,0.00726603977881069,0.932114081632672,0.999997068196745,0.999983379322086,"group_idyes"
"16487","AC011442.1","Exc L4-5 RORB GABRG1",-0.161227579368801,0.228889201582292,0.886430754291139,0.367631742963495,0.999997068196745,0.999983379322086,"group_idyes"
"16488","LDLR","Exc L4-5 RORB GABRG1",-0.130383689174516,3.72734315594843,1.3255022944163,0.250321934938665,0.999997068196745,0.999983379322086,"group_idyes"
"16489","SPC24","Exc L4-5 RORB GABRG1",0.130407741739808,1.50646080137651,1.94948939363619,0.163446953152696,0.999997068196745,0.999983379322086,"group_idyes"
"16490","KANK2","Exc L4-5 RORB GABRG1",-0.0198317613893119,2.64318477407398,0.0791542989330538,0.867241458053575,0.999997068196745,0.999983379322086,"group_idyes"
"16491","DOCK6","Exc L4-5 RORB GABRG1",0.0473546163428368,2.72817897803779,0.183532847873913,0.668594324763392,0.999997068196745,0.999983379322086,"group_idyes"
"16492","AC011472.1","Exc L4-5 RORB GABRG1",-0.05783547271309,3.26289892478903,0.644407768155859,0.422614789281528,0.999997068196745,0.999983379322086,"group_idyes"
"16493","AC011472.4","Exc L4-5 RORB GABRG1",0.0133683840834732,1.41258884312359,0.0155977276005936,0.90067518226154,0.999997068196745,0.999983379322086,"group_idyes"
"16494","ANGPTL8","Exc L4-5 RORB GABRG1",-0.247109818466906,0.806450014132517,3.35026797547826,0.0679675265285565,0.999997068196745,0.999983379322086,"group_idyes"
"16495","TSPAN16","Exc L4-5 RORB GABRG1",-0.256096652249351,0.777429232080629,3.32045039654233,0.0691992674671967,0.999997068196745,0.999983379322086,"group_idyes"
"16496","RAB3D","Exc L4-5 RORB GABRG1",-0.0281502070805184,3.68710031720599,0.235654148108536,0.627639012375397,0.999997068196745,0.999983379322086,"group_idyes"
"16497","CCDC159","Exc L4-5 RORB GABRG1",0.0504577894275184,3.0325959077849,0.625337437699383,0.572321665533158,0.999997068196745,0.999983379322086,"group_idyes"
"16498","PLPPR2","Exc L4-5 RORB GABRG1",0.00997930403872875,4.54344356275047,0.0414905165070191,0.8387017259954,0.999997068196745,0.999983379322086,"group_idyes"
"16499","SWSAP1","Exc L4-5 RORB GABRG1",-0.199492818790589,0.842162698945743,2.18696867697822,0.140001261797913,0.999997068196745,0.999983379322086,"group_idyes"
"16500","EPOR","Exc L4-5 RORB GABRG1",0.0912155100585982,2.07275311963655,1.08895324501669,0.398020430199253,0.999997068196745,0.999983379322086,"group_idyes"
"16501","RGL3","Exc L4-5 RORB GABRG1",-0.00174414842329951,0.881790782725365,0.000435323453352773,0.98336463648002,0.999997068196745,0.999983379322086,"group_idyes"
"16502","CCDC151","Exc L4-5 RORB GABRG1",0.127406299152587,2.53609233910701,2.06240302072466,0.151784515882653,0.999997068196745,0.999983379322086,"group_idyes"
"16503","PRKCSH","Exc L4-5 RORB GABRG1",0.0568146699455226,4.88770858788482,1.33556886469504,0.248534111167105,0.999997068196745,0.999983379322086,"group_idyes"
"16504","ELAVL3","Exc L4-5 RORB GABRG1",0.0396362565431507,7.69853521856757,0.633974199726065,0.426392313040607,0.999997068196745,0.999983379322086,"group_idyes"
"16505","ECSIT","Exc L4-5 RORB GABRG1",-0.0354015378829111,5.09267164141557,1.15574406971742,0.283023674699924,0.999997068196745,0.999983379322086,"group_idyes"
"16506","CNN1","Exc L4-5 RORB GABRG1",-0.0848106245137721,0.779585791228641,0.34941082549314,0.554793951880653,0.999997068196745,0.999983379322086,"group_idyes"
"16507","ELOF1","Exc L4-5 RORB GABRG1",0.0838125844534862,4.39367950423499,1.07851199439179,0.29968290864739,0.999997068196745,0.999983379322086,"group_idyes"
"16508","ZNF627","Exc L4-5 RORB GABRG1",-0.00164480237472223,3.25791295378214,0.00102666983028777,0.974455420810746,0.999997068196745,0.999983379322086,"group_idyes"
"16509","AC008543.1","Exc L4-5 RORB GABRG1",-0.0842141450300763,2.8300087548587,1.19786332162426,0.274433881010183,0.999997068196745,0.999983379322086,"group_idyes"
"16510","ZNF823","Exc L4-5 RORB GABRG1",-0.109184200294961,3.44001351760751,3.57195796254429,0.0595144524767159,0.999997068196745,0.999983379322086,"group_idyes"
"16511","ZNF441","Exc L4-5 RORB GABRG1",-0.00637392790021379,3.6845276339793,0.0115534071361121,0.914458844967943,0.999997068196745,0.999983379322086,"group_idyes"
"16512","ZNF491","Exc L4-5 RORB GABRG1",0.0086404106534991,2.3431712299732,0.0115636574638186,0.914421053141293,0.999997068196745,0.999983379322086,"group_idyes"
"16513","ZNF440","Exc L4-5 RORB GABRG1",-0.0175374849151846,3.57814451325162,0.110526239290183,0.779297852675957,0.999997068196745,0.999983379322086,"group_idyes"
"16514","ZNF439","Exc L4-5 RORB GABRG1",0.0158232001573395,4.45737743898893,0.070387488066106,0.790915527058986,0.999997068196745,0.999983379322086,"group_idyes"
"16515","ZNF69","Exc L4-5 RORB GABRG1",0.0889152204323433,3.4794707672406,1.37582302372112,0.241539628693284,0.999997068196745,0.999983379322086,"group_idyes"
"16516","AC008770.2","Exc L4-5 RORB GABRG1",0.0952016911768786,2.28595680898349,1.75692282251006,0.320186399274334,0.999997068196745,0.999983379322086,"group_idyes"
"16517","ZNF433","Exc L4-5 RORB GABRG1",-0.0507758104945868,1.45709483161466,0.255299036182809,0.812214601092772,0.999997068196745,0.999983379322086,"group_idyes"
"16518","ZNF844","Exc L4-5 RORB GABRG1",0.0214248313598116,1.1630594830111,0.0276487075456189,0.868024736822201,0.999997068196745,0.999983379322086,"group_idyes"
"16519","ZNF788P","Exc L4-5 RORB GABRG1",-0.0205944436987757,1.31554929769731,0.024200161435596,0.876458281696997,0.999997068196745,0.999983379322086,"group_idyes"
"16520","ZNF20","Exc L4-5 RORB GABRG1",0.00549261345701561,1.43359534382406,0.0026679538593126,0.958832600802608,0.999997068196745,0.999983379322086,"group_idyes"
"16521","ZNF136","Exc L4-5 RORB GABRG1",-0.0202622885791779,3.90615704106257,0.105282680594361,0.74575635979436,0.999997068196745,0.999983379322086,"group_idyes"
"16522","ZNF44","Exc L4-5 RORB GABRG1",-0.0516668725177852,5.14132851791349,2.53214807631912,0.11236956879288,0.999997068196745,0.999983379322086,"group_idyes"
"16523","ZNF563","Exc L4-5 RORB GABRG1",-0.0192829001743945,2.75568938567661,0.0932584110005682,0.760240077931176,0.999997068196745,0.999983379322086,"group_idyes"
"16524","ZNF442","Exc L4-5 RORB GABRG1",-0.146255906092841,0.854131496346905,1.44252713038958,0.230469727369979,0.999997068196745,0.999983379322086,"group_idyes"
"16525","AC008758.4","Exc L4-5 RORB GABRG1",-0.0796183744246381,1.8349346179699,0.688349516082655,0.407240826327793,0.999997068196745,0.999983379322086,"group_idyes"
"16526","AC008758.5","Exc L4-5 RORB GABRG1",-0.0794135348058139,2.42251579373091,0.67787968408527,0.410827862804438,0.999997068196745,0.999983379322086,"group_idyes"
"16527","AC008758.6","Exc L4-5 RORB GABRG1",-0.127589091796636,3.63494510012306,4.29969083386949,0.0387842264843374,0.999997068196745,0.999983379322086,"group_idyes"
"16528","AC008758.2","Exc L4-5 RORB GABRG1",0.211026495639614,0.535212818236572,1.93341392056319,0.165189232836463,0.999997068196745,0.999983379322086,"group_idyes"
"16529","AC008758.1","Exc L4-5 RORB GABRG1",0.0203450528636814,1.8263494230433,0.0516861640788494,0.870658422177273,0.999997068196745,0.999983379322086,"group_idyes"
"16530","AC010422.6","Exc L4-5 RORB GABRG1",0.0209595833722381,4.20862887961034,0.177659091508422,0.67362814131741,0.999997068196745,0.999983379322086,"group_idyes"
"16531","ZNF490","Exc L4-5 RORB GABRG1",-0.010987810187762,4.11347234991637,0.0521421711587039,0.819498115262253,0.999997068196745,0.999983379322086,"group_idyes"
"16532","ZNF791","Exc L4-5 RORB GABRG1",0.0226850138436252,5.52865254607,0.618427844109989,0.507643793065402,0.999997068196745,0.999983379322086,"group_idyes"
"16533","MAN2B1","Exc L4-5 RORB GABRG1",-0.0579085121752145,3.55052158049668,1.18960594998995,0.276091671643628,0.999997068196745,0.999983379322086,"group_idyes"
"16534","WDR83","Exc L4-5 RORB GABRG1",0.0226358981222434,3.37633577448204,0.151628577404482,0.905012809670369,0.999997068196745,0.999983379322086,"group_idyes"
"16535","DHPS","Exc L4-5 RORB GABRG1",0.0192623975972633,4.3496953731493,0.0944470865184034,0.758764236657118,0.999997068196745,0.999983379322086,"group_idyes"
"16536","AC010422.2","Exc L4-5 RORB GABRG1",-0.0500388123983845,2.2726139672394,0.303597351732442,0.581955766518845,0.999997068196745,0.999983379322086,"group_idyes"
"16537","FBXW9","Exc L4-5 RORB GABRG1",-0.00259421755494101,2.53412193779838,0.00111504982590462,0.973379017683856,0.999997068196745,0.999983379322086,"group_idyes"
"16538","TNPO2","Exc L4-5 RORB GABRG1",-0.0158403125094271,5.88772737410419,0.233633678768158,0.629117465348461,0.999997068196745,0.999983379322086,"group_idyes"
"16539","TRIR","Exc L4-5 RORB GABRG1",0.0397983531183398,5.16598687202524,0.271163340492004,0.602852017692636,0.999997068196745,0.999983379322086,"group_idyes"
"16540","ASNA1","Exc L4-5 RORB GABRG1",0.115581276912219,3.65607056106072,1.57139168328362,0.210766243342508,0.999997068196745,0.999983379322086,"group_idyes"
"16541","HOOK2","Exc L4-5 RORB GABRG1",0.00743241645023261,6.14702151264226,0.0197741438036147,0.888243293491788,0.999997068196745,0.999983379322086,"group_idyes"
"16542","JUNB","Exc L4-5 RORB GABRG1",-0.0477856931633893,3.42114921729896,0.218873657197805,0.640164379047358,0.999997068196745,0.999983379322086,"group_idyes"
"16543","THSD8","Exc L4-5 RORB GABRG1",0.00805421585014258,1.62640344146637,0.00700185712836576,0.933356685614649,0.999997068196745,0.999983379322086,"group_idyes"
"16544","MAST1","Exc L4-5 RORB GABRG1",0.0237112199564529,7.14409335535155,0.578087454697953,0.44752864345362,0.999997068196745,0.999983379322086,"group_idyes"
"16545","DNASE2","Exc L4-5 RORB GABRG1",-0.00701981941415099,1.67764501729385,0.00495185167789542,0.943936213135142,0.999997068196745,0.999983379322086,"group_idyes"
"16546","GCDH","Exc L4-5 RORB GABRG1",0.0104882896899437,3.57165776794943,0.0453015160561909,0.831563301265466,0.999997068196745,0.999983379322086,"group_idyes"
"16547","SYCE2","Exc L4-5 RORB GABRG1",-0.0428590361920097,1.7935394608378,0.190208761652014,0.662987545444847,0.999997068196745,0.999983379322086,"group_idyes"
"16548","FARSA","Exc L4-5 RORB GABRG1",-0.00704893576737539,4.65208465703707,0.0150786603713878,0.90233339720234,0.999997068196745,0.999983379322086,"group_idyes"
"16549","CALR","Exc L4-5 RORB GABRG1",-0.000649124962162623,4.77802842047042,7.33437414271361e-05,0.99317136246082,0.999997068196745,0.999983379322086,"group_idyes"
"16550","AC092069.1","Exc L4-5 RORB GABRG1",-0.100344543965514,0.873013948199323,0.379115944292792,0.538440824308907,0.999997068196745,0.999983379322086,"group_idyes"
"16551","RAD23A","Exc L4-5 RORB GABRG1",0.0124697310282286,5.4046870318408,0.044385003286208,0.833250480816021,0.999997068196745,0.999983379322086,"group_idyes"
"16552","GADD45GIP1","Exc L4-5 RORB GABRG1",0.0469423890987388,4.09188480170072,0.173589163518756,0.677173857891018,0.999997068196745,0.999983379322086,"group_idyes"
"16553","NFIX","Exc L4-5 RORB GABRG1",-0.00551076644764103,7.73074653518274,0.0204762498339459,0.886289872448375,0.999997068196745,0.999983379322086,"group_idyes"
"16554","TRMT1","Exc L4-5 RORB GABRG1",0.0219772119750017,4.40964088344831,0.184975220199281,0.667372826000585,0.999997068196745,0.999983379322086,"group_idyes"
"16555","NACC1","Exc L4-5 RORB GABRG1",0.00677425825301596,4.41556222833256,0.02055489751568,0.886073198951509,0.999997068196745,0.999983379322086,"group_idyes"
"16556","STX10","Exc L4-5 RORB GABRG1",0.038746062846042,3.8744086361205,0.363041500925536,0.547176862171735,0.999997068196745,0.999983379322086,"group_idyes"
"16557","IER2","Exc L4-5 RORB GABRG1",0.0108785391803089,3.29225831662074,0.0284791177956245,0.86607601907338,0.999997068196745,0.999983379322086,"group_idyes"
"16558","CACNA1A","Exc L4-5 RORB GABRG1",-0.0181905110828315,9.63247658916836,0.157122527541343,0.692039430230054,0.999997068196745,0.999983379322086,"group_idyes"
"16559","CCDC130","Exc L4-5 RORB GABRG1",0.0120439490880919,4.9684427951408,0.112922254592323,0.737024597698577,0.999997068196745,0.999983379322086,"group_idyes"
"16560","MRI1","Exc L4-5 RORB GABRG1",-0.0562561772626282,4.50463147793933,1.20545716801725,0.272920346495546,0.999997068196745,0.999983379322086,"group_idyes"
"16561","AC008686.1","Exc L4-5 RORB GABRG1",-0.0610527234329999,0.562534507983558,0.139452733774604,0.709031357666514,0.999997068196745,0.999983379322086,"group_idyes"
"16562","C19orf53","Exc L4-5 RORB GABRG1",-0.0634312076646879,3.89523593892632,0.306264793729909,0.580302805812543,0.999997068196745,0.999983379322086,"group_idyes"
"16563","ZSWIM4","Exc L4-5 RORB GABRG1",-0.0818660905407142,3.21787924001345,1.66767319220387,0.197345808301443,0.999997068196745,0.999983379322086,"group_idyes"
"16564","NANOS3","Exc L4-5 RORB GABRG1",-0.0842360175563369,3.49238033971754,2.09341942524185,0.148748883677705,0.999997068196745,0.999983379322086,"group_idyes"
"16565","C19orf57","Exc L4-5 RORB GABRG1",0.00737009709379817,3.06110011198038,0.0122772661859436,0.911830483170663,0.999997068196745,0.999983379322086,"group_idyes"
"16566","CC2D1A","Exc L4-5 RORB GABRG1",-0.0191826235848547,6.25463080465785,0.218723387007349,0.640279156626687,0.999997068196745,0.999983379322086,"group_idyes"
"16567","PODNL1","Exc L4-5 RORB GABRG1",0.0968090625352938,0.94801597340001,0.624848296001847,0.429738288284308,0.999997068196745,0.999983379322086,"group_idyes"
"16568","DCAF15","Exc L4-5 RORB GABRG1",0.0207579802399533,3.57289676521967,0.132478209888049,0.716076199630567,0.999997068196745,0.999983379322086,"group_idyes"
"16569","RFX1","Exc L4-5 RORB GABRG1",-0.018308330638948,5.11132178105631,0.15244657631736,0.696424294615455,0.999997068196745,0.999983379322086,"group_idyes"
"16570","IL27RA","Exc L4-5 RORB GABRG1",0.129563993251438,2.30961094997993,2.93635730355336,0.0874113611617277,0.999997068196745,0.999983379322086,"group_idyes"
"16571","PALM3","Exc L4-5 RORB GABRG1",0.0893593314944547,0.929210911950887,0.528388054030168,0.484616222072812,0.999997068196745,0.999983379322086,"group_idyes"
"16572","MISP3","Exc L4-5 RORB GABRG1",0.0157081372627628,3.69411221090496,0.03640178665086,0.848788785979182,0.999997068196745,0.999983379322086,"group_idyes"
"16573","SAMD1","Exc L4-5 RORB GABRG1",0.0262743784786082,3.68931381193489,0.141427749160845,0.707073028858428,0.999997068196745,0.999983379322086,"group_idyes"
"16574","PRKACA","Exc L4-5 RORB GABRG1",-0.0109766389224077,5.52281282893535,0.101548917800785,0.750151657690933,0.999997068196745,0.999983379322086,"group_idyes"
"16575","ASF1B","Exc L4-5 RORB GABRG1",0.0593446725783736,0.542452398080529,0.14765701367207,0.700996826917895,0.999997068196745,0.999983379322086,"group_idyes"
"16576","AC022098.1","Exc L4-5 RORB GABRG1",-0.115367096398954,2.02719126283043,1.84067957714269,0.225295638109326,0.999997068196745,0.999983379322086,"group_idyes"
"16577","ADGRL1","Exc L4-5 RORB GABRG1",0.0191049270627928,7.25433619944073,0.267840982988706,0.605081183418693,0.999997068196745,0.999983379322086,"group_idyes"
"16578","AC011509.2","Exc L4-5 RORB GABRG1",-0.0104571396278251,1.74586018659198,0.0132951545409789,0.940558384924039,0.999997068196745,0.999983379322086,"group_idyes"
"16579","LINC01841","Exc L4-5 RORB GABRG1",-0.142326356154317,1.09972790184927,1.2203704347591,0.269978362535492,0.999997068196745,0.999983379322086,"group_idyes"
"16580","ADGRE5","Exc L4-5 RORB GABRG1",-0.13461512484374,1.29157678598501,1.29050445619596,0.256662147072419,0.999997068196745,0.999983379322086,"group_idyes"
"16581","AC008569.1","Exc L4-5 RORB GABRG1",-0.0627022706432725,0.0296086023014651,0.105582538268188,0.745407135135215,0.999997068196745,0.999983379322086,"group_idyes"
"16582","DDX39A","Exc L4-5 RORB GABRG1",0.0106117179298317,2.42532054620849,0.017246896248037,0.89558493313481,0.999997068196745,0.999983379322086,"group_idyes"
"16583","PKN1","Exc L4-5 RORB GABRG1",-0.0957654599995678,3.33154448891801,1.54894367049717,0.214049072646277,0.999997068196745,0.999983379322086,"group_idyes"
"16584","GIPC1","Exc L4-5 RORB GABRG1",-0.0144934050902018,4.99157130522675,0.0667374966499245,0.796285735905075,0.999997068196745,0.999983379322086,"group_idyes"
"16585","DNAJB1","Exc L4-5 RORB GABRG1",0.106591429472946,5.05125882744892,1.57757684096007,0.209872267052999,0.999997068196745,0.999983379322086,"group_idyes"
"16586","TECR","Exc L4-5 RORB GABRG1",0.0454412567823073,5.3584305519907,0.60854752807673,0.435814871461966,0.999997068196745,0.999983379322086,"group_idyes"
"16587","NDUFB7","Exc L4-5 RORB GABRG1",-0.0750018416701497,4.19996229691162,0.534052821323765,0.465352739080639,0.999997068196745,0.999983379322086,"group_idyes"
"16588","ADGRE3","Exc L4-5 RORB GABRG1",-0.00202702731291846,1.43272713005126,0.000327453320590162,0.985571911752347,0.999997068196745,0.999983379322086,"group_idyes"
"16589","ZNF333","Exc L4-5 RORB GABRG1",-0.0187053827327258,4.37130344734119,0.173360827663708,0.677374224126281,0.999997068196745,0.999983379322086,"group_idyes"
"16590","ADGRE2","Exc L4-5 RORB GABRG1",-0.0168861076225264,0.591789496964508,0.0146027807341972,0.903879294527695,0.999997068196745,0.999983379322086,"group_idyes"
"16591","OR7C1","Exc L4-5 RORB GABRG1",-0.0183885941992432,0.330215795150681,0.0122262677061058,0.912013048646001,0.999997068196745,0.999983379322086,"group_idyes"
"16592","SLC1A6","Exc L4-5 RORB GABRG1",-0.0421779469710792,2.47730153398747,0.249760568961478,0.617529414884483,0.999997068196745,0.999983379322086,"group_idyes"
"16593","ILVBL","Exc L4-5 RORB GABRG1",0.115996957407467,3.1651666879806,3.22700854486656,0.0732172532840774,0.999997068196745,0.999983379322086,"group_idyes"
"16594","NOTCH3","Exc L4-5 RORB GABRG1",-0.136887208946897,0.344648064062034,0.688092184485286,0.407328437041241,0.999997068196745,0.999983379322086,"group_idyes"
"16595","BRD4","Exc L4-5 RORB GABRG1",-0.000636355541782404,6.80984095683874,0.00046952118467971,0.9827236745236,0.999997068196745,0.999983379322086,"group_idyes"
"16596","AKAP8","Exc L4-5 RORB GABRG1",-0.0307962643948556,4.49381807030031,0.585942068537107,0.709991553204558,0.999997068196745,0.999983379322086,"group_idyes"
"16597","AKAP8L","Exc L4-5 RORB GABRG1",0.00731035994900562,6.80060525955755,0.0241347285954969,0.87662406736795,0.999997068196745,0.999983379322086,"group_idyes"
"16598","WIZ","Exc L4-5 RORB GABRG1",0.0376175181609065,3.03187185667043,0.402982185289043,0.525930460981379,0.999997068196745,0.999983379322086,"group_idyes"
"16599","PGLYRP2","Exc L4-5 RORB GABRG1",0.156635313006043,1.02549736617907,1.87066920644574,0.280317363487977,0.999997068196745,0.999983379322086,"group_idyes"
"16600","CYP4F22","Exc L4-5 RORB GABRG1",-0.054278544250543,0.380034269629898,0.114996113225437,0.814064506368552,0.999997068196745,0.999983379322086,"group_idyes"
"16601","CYP4F3","Exc L4-5 RORB GABRG1",-0.279313103211482,0.753206047555427,3.23088430120233,0.0730456963284213,0.999997068196745,0.999983379322086,"group_idyes"
"16602","AC004597.1","Exc L4-5 RORB GABRG1",-0.00408272215151409,0.128859999021664,0.000778927231517545,0.977748987747391,0.999997068196745,0.999983379322086,"group_idyes"
"16603","TPM4","Exc L4-5 RORB GABRG1",0.00232467464640051,5.82732606212336,0.00468955128530648,0.945438879217423,0.999997068196745,0.999983379322086,"group_idyes"
"16604","RAB8A","Exc L4-5 RORB GABRG1",0.0339530145040914,3.02227045926435,0.351156201121278,0.844567954425592,0.999997068196745,0.999983379322086,"group_idyes"
"16605","HSH2D","Exc L4-5 RORB GABRG1",-0.0879645696382442,0.605487741888657,0.391072291363717,0.99097697730067,0.999997068196745,0.999983379322086,"group_idyes"
"16606","FAM32A","Exc L4-5 RORB GABRG1",0.0426281723862055,3.77888315517022,0.226681126154442,0.634265971203394,0.999997068196745,0.999983379322086,"group_idyes"
"16607","AC020911.1","Exc L4-5 RORB GABRG1",-0.15906053698616,0.221419746712543,0.945865356919738,0.331385032871748,0.999997068196745,0.999983379322086,"group_idyes"
"16608","AP1M1","Exc L4-5 RORB GABRG1",0.0176941394908685,5.43019208801128,0.259184729494134,0.67710371645211,0.999997068196745,0.999983379322086,"group_idyes"
"16609","AC020911.2","Exc L4-5 RORB GABRG1",-0.128997395841022,2.80850714520498,0.98413757784074,0.321802942576299,0.999997068196745,0.999983379322086,"group_idyes"
"16610","AC020917.3","Exc L4-5 RORB GABRG1",-0.0891351446626952,0.387182047334877,0.322303062100972,0.78418421328902,0.999997068196745,0.999983379322086,"group_idyes"
"16611","EPS15L1","Exc L4-5 RORB GABRG1",-0.044497104264605,6.43954331002392,1.93162105054309,0.165384863333864,0.999997068196745,0.999983379322086,"group_idyes"
"16612","AC008764.1","Exc L4-5 RORB GABRG1",0.0406287503871855,2.20343000430282,0.258286203482829,0.611591276272827,0.999997068196745,0.999983379322086,"group_idyes"
"16613","C19orf44","Exc L4-5 RORB GABRG1",-0.00260193512795558,3.27598705909505,0.00186845753740237,0.965544076708902,0.999997068196745,0.999983379322086,"group_idyes"
"16614","AC008764.6","Exc L4-5 RORB GABRG1",-0.0137219581383129,0.904752323253131,0.0143667993168081,0.904655362481188,0.999997068196745,0.999983379322086,"group_idyes"
"16615","AC008764.8","Exc L4-5 RORB GABRG1",-0.0416010030540357,2.42814553296182,0.345544843885394,0.556990852406722,0.999997068196745,0.999983379322086,"group_idyes"
"16616","AC024075.3","Exc L4-5 RORB GABRG1",-0.0941799042644594,0.864364660235413,0.399799242252244,0.527568530424182,0.999997068196745,0.999983379322086,"group_idyes"
"16617","TMEM38A","Exc L4-5 RORB GABRG1",-0.0331421845852272,6.11776637397104,0.647028518943965,0.421673831987151,0.999997068196745,0.999983379322086,"group_idyes"
"16618","NWD1","Exc L4-5 RORB GABRG1",-0.00804049563186233,2.77099386621233,0.00633556311558463,0.936599762321342,0.999997068196745,0.999983379322086,"group_idyes"
"16619","SIN3B","Exc L4-5 RORB GABRG1",0.0298819597948151,6.05802993410345,0.745326019889467,0.388497956766214,0.999997068196745,0.999983379322086,"group_idyes"
"16620","CPAMD8","Exc L4-5 RORB GABRG1",0.0413808557642629,0.792892923767943,0.102156604779779,0.749430300602505,0.999997068196745,0.999983379322086,"group_idyes"
"16621","HAUS8","Exc L4-5 RORB GABRG1",-0.0888484109565552,2.47911247196905,1.68827003840844,0.194607244350221,0.999997068196745,0.999983379322086,"group_idyes"
"16622","AC020908.1","Exc L4-5 RORB GABRG1",-0.175433802995367,0.187554048228907,0.866103610663902,0.352619844718337,0.999997068196745,0.999983379322086,"group_idyes"
"16623","MYO9B","Exc L4-5 RORB GABRG1",-0.0331575117277715,5.83003723270998,0.332791544274396,0.564357311823188,0.999997068196745,0.999983379322086,"group_idyes"
"16624","USE1","Exc L4-5 RORB GABRG1",-0.0437721320178275,3.27312640836743,0.331231496403366,0.565271294524983,0.999997068196745,0.999983379322086,"group_idyes"
"16625","OCEL1","Exc L4-5 RORB GABRG1",0.0344382857189038,2.36231798040842,0.122628008214384,0.726393132024286,0.999997068196745,0.999983379322086,"group_idyes"
"16626","NR2F6","Exc L4-5 RORB GABRG1",0.0780375701440985,3.87613590794803,1.02844497722353,0.311161516517118,0.999997068196745,0.999983379322086,"group_idyes"
"16627","USHBP1","Exc L4-5 RORB GABRG1",-0.0204953807932142,2.70392459224883,0.0454868869580274,0.831224232957123,0.999997068196745,0.999983379322086,"group_idyes"
"16628","ANKLE1","Exc L4-5 RORB GABRG1",0.0998873902276802,1.53522211864429,1.15337914122677,0.28351600020261,0.999997068196745,0.999983379322086,"group_idyes"
"16629","ABHD8","Exc L4-5 RORB GABRG1",0.0993619358741987,6.08858010817903,6.50584274244097,0.0111385341457669,0.999997068196745,0.999983379322086,"group_idyes"
"16630","MRPL34","Exc L4-5 RORB GABRG1",0.0942263058964991,4.43619964895311,1.35132802222227,0.245766659060765,0.999997068196745,0.999983379322086,"group_idyes"
"16631","DDA1","Exc L4-5 RORB GABRG1",-0.0182253495063788,4.03300362784066,0.0795304236017556,0.778086414939109,0.999997068196745,0.999983379322086,"group_idyes"
"16632","ANO8","Exc L4-5 RORB GABRG1",0.0650556751629896,4.39782962746624,1.19894006213751,0.274218633953736,0.999997068196745,0.999983379322086,"group_idyes"
"16633","GTPBP3","Exc L4-5 RORB GABRG1",0.0608194476619091,2.91250331072903,0.766658651420302,0.381799032386373,0.999997068196745,0.999983379322086,"group_idyes"
"16634","PLVAP","Exc L4-5 RORB GABRG1",-0.128663351394265,0.339780794229811,0.612037751992322,0.434502821986623,0.999997068196745,0.999983379322086,"group_idyes"
"16635","MVB12A","Exc L4-5 RORB GABRG1",-0.00564058137890471,2.84969300877021,0.00856720078999164,0.926301956278863,0.999997068196745,0.999983379322086,"group_idyes"
"16636","AC010319.4","Exc L4-5 RORB GABRG1",-0.326403799300077,0.903629363444649,5.71555991858596,0.0172952675400816,0.999997068196745,0.999983379322086,"group_idyes"
"16637","TMEM221","Exc L4-5 RORB GABRG1",-0.0765285020430368,0.913249739016214,0.3280720279141,0.567131142517512,0.999997068196745,0.999983379322086,"group_idyes"
"16638","SLC27A1","Exc L4-5 RORB GABRG1",0.0213548626977609,5.39411398421037,0.234032517865878,0.628824996301307,0.999997068196745,0.999983379322086,"group_idyes"
"16639","AC010618.3","Exc L4-5 RORB GABRG1",-0.010454764414204,4.34691725300443,0.0478850489182107,0.926419737814799,0.999997068196745,0.999983379322086,"group_idyes"
"16640","PGLS","Exc L4-5 RORB GABRG1",0.0155097397128518,2.90459764507146,0.0564126058393534,0.812384970042856,0.999997068196745,0.999983379322086,"group_idyes"
"16641","FAM129C","Exc L4-5 RORB GABRG1",0.00877469946533883,1.70859065687319,0.00848188441211048,0.926668790817996,0.999997068196745,0.999983379322086,"group_idyes"
"16642","COLGALT1","Exc L4-5 RORB GABRG1",-0.0135039633054464,4.19181180304509,0.123288464992075,0.725687092998322,0.999997068196745,0.999983379322086,"group_idyes"
"16643","UNC13A","Exc L4-5 RORB GABRG1",-0.0523944971701324,7.29457534730426,3.34483106537553,0.0681903539301943,0.999997068196745,0.999983379322086,"group_idyes"
"16644","MAP1S","Exc L4-5 RORB GABRG1",0.0732489084706491,4.99586975855046,2.07633099450472,0.150412745685068,0.999997068196745,0.999983379322086,"group_idyes"
"16645","AC008761.1","Exc L4-5 RORB GABRG1",-0.0325522921522765,1.32582275467058,0.0638525377259595,0.800642267668879,0.999997068196745,0.999983379322086,"group_idyes"
"16646","FCHO1","Exc L4-5 RORB GABRG1",-0.0115943824643201,5.04760075603545,0.0767241859567624,0.781935538447691,0.999997068196745,0.999983379322086,"group_idyes"
"16647","INSL3","Exc L4-5 RORB GABRG1",0.128763036595746,0.657823536874563,0.781294044301816,0.37729768713011,0.999997068196745,0.999983379322086,"group_idyes"
"16648","JAK3","Exc L4-5 RORB GABRG1",-0.0374057582987105,3.86772164972884,0.595812205581299,0.440654197190071,0.999997068196745,0.999983379322086,"group_idyes"
"16649","RPL18A","Exc L4-5 RORB GABRG1",-0.0257576014448724,1.77230066782707,0.0246891781044972,0.875226473089594,0.999997068196745,0.999983379322086,"group_idyes"
"16650","SLC5A5","Exc L4-5 RORB GABRG1",0.113734118340695,0.366952886760064,0.531749814151569,0.466315817312212,0.999997068196745,0.999983379322086,"group_idyes"
"16651","CCDC124","Exc L4-5 RORB GABRG1",0.0276730096106041,3.97026415689302,0.190514348483268,0.662733717618391,0.999997068196745,0.999983379322086,"group_idyes"
"16652","KCNN1","Exc L4-5 RORB GABRG1",0.0145450918307867,4.38175496744269,0.131176924184296,0.717413729108929,0.999997068196745,0.999983379322086,"group_idyes"
"16653","ARRDC2","Exc L4-5 RORB GABRG1",0.112433363369429,1.9281529453303,1.62176533246258,0.813025924718109,0.999997068196745,0.999983379322086,"group_idyes"
"16654","IL12RB1","Exc L4-5 RORB GABRG1",-0.0244047460104299,0.836882060495789,0.0385416834205479,0.919623569044343,0.999997068196745,0.999983379322086,"group_idyes"
"16655","MAST3","Exc L4-5 RORB GABRG1",-0.0166977494044014,6.85157823346642,0.176484941301047,0.674646112422394,0.999997068196745,0.999983379322086,"group_idyes"
"16656","AC007192.2","Exc L4-5 RORB GABRG1",0.091969618441183,3.08924848661611,0.384875300580214,0.53537284099216,0.999997068196745,0.999983379322086,"group_idyes"
"16657","MPV17L2","Exc L4-5 RORB GABRG1",-0.107894334170877,1.19313661177135,0.953167830349572,0.329527733284791,0.999997068196745,0.999983379322086,"group_idyes"
"16658","RAB3A","Exc L4-5 RORB GABRG1",-0.0193996636415896,6.44581365358161,0.0335190325686321,0.854830091314193,0.999997068196745,0.999983379322086,"group_idyes"
"16659","AC005759.1","Exc L4-5 RORB GABRG1",0.143261723952426,0.722445826651358,1.07085377634255,0.301402685308071,0.999997068196745,0.999983379322086,"group_idyes"
"16660","IQCN","Exc L4-5 RORB GABRG1",-0.0788660856063068,2.03462464233449,0.501990355442152,0.479055940669512,0.999997068196745,0.999983379322086,"group_idyes"
"16661","JUND","Exc L4-5 RORB GABRG1",0.0437403056765664,7.06409996626665,0.465895425588477,0.495292315960656,0.999997068196745,0.999983379322086,"group_idyes"
"16662","LSM4","Exc L4-5 RORB GABRG1",0.0216991736903444,4.17642300939019,0.0692414239659809,0.792585347908254,0.999997068196745,0.999983379322086,"group_idyes"
"16663","PGPEP1","Exc L4-5 RORB GABRG1",-0.0125692196665916,4.26262148127253,0.0761808503879566,0.99000226389234,0.999997068196745,0.999983379322086,"group_idyes"
"16664","GDF15","Exc L4-5 RORB GABRG1",-0.276023459412068,0.46789889009973,2.51681339204703,0.113459516148199,0.999997068196745,0.999983379322086,"group_idyes"
"16665","SSBP4","Exc L4-5 RORB GABRG1",0.0235858518674751,5.85972926114781,0.322001765602197,0.570738095392769,0.999997068196745,0.999983379322086,"group_idyes"
"16666","ELL","Exc L4-5 RORB GABRG1",-0.0322036749406704,4.42264631324606,0.673256196698711,0.578843038894949,0.999997068196745,0.999983379322086,"group_idyes"
"16667","FKBP8","Exc L4-5 RORB GABRG1",0.0386691856378362,7.07586900615754,0.361535511914135,0.548008789453794,0.999997068196745,0.999983379322086,"group_idyes"
"16668","KXD1","Exc L4-5 RORB GABRG1",0.0251785478479501,3.9624575699965,0.235721699882371,0.627589717740619,0.999997068196745,0.999983379322086,"group_idyes"
"16669","AC005253.1","Exc L4-5 RORB GABRG1",0.140936347704494,0.916621046924685,0.94001833725674,0.332882242787029,0.999997068196745,0.999983379322086,"group_idyes"
"16670","UBA52","Exc L4-5 RORB GABRG1",0.0382573278048616,5.16767456568166,0.220862481435073,0.638649805724889,0.999997068196745,0.999983379322086,"group_idyes"
"16671","CRLF1","Exc L4-5 RORB GABRG1",-0.080019301842837,4.5572858172514,0.475043218046887,0.49109161708737,0.999997068196745,0.999983379322086,"group_idyes"
"16672","REX1BD","Exc L4-5 RORB GABRG1",-0.0816417720839091,5.14033026434143,0.915901050266065,0.339154514282591,0.999997068196745,0.999983379322086,"group_idyes"
"16673","TMEM59L","Exc L4-5 RORB GABRG1",-0.0472999830219405,6.90847449797093,0.582994232598929,0.445609028706897,0.999997068196745,0.999983379322086,"group_idyes"
"16674","KLHL26","Exc L4-5 RORB GABRG1",0.0703142726443024,3.60936114130356,2.38402713764706,0.153675337710653,0.999997068196745,0.999983379322086,"group_idyes"
"16675","CRTC1","Exc L4-5 RORB GABRG1",0.0096706475567123,6.81877959603131,0.0576869410361107,0.810317819376419,0.999997068196745,0.999983379322086,"group_idyes"
"16676","UPF1","Exc L4-5 RORB GABRG1",0.0325662837796236,5.08994095146717,0.512712451522439,0.474401385204449,0.999997068196745,0.999983379322086,"group_idyes"
"16677","COPE","Exc L4-5 RORB GABRG1",0.0161913887902284,4.07671131246561,0.0414080335338764,0.838859927367668,0.999997068196745,0.999983379322086,"group_idyes"
"16678","DDX49","Exc L4-5 RORB GABRG1",-0.0521491539720491,3.6791291100728,1.07224292509854,0.301089784645565,0.999997068196745,0.999983379322086,"group_idyes"
"16679","SUGP2","Exc L4-5 RORB GABRG1",-0.0274321790422756,7.38216532290962,0.866392371623781,0.352539683385706,0.999997068196745,0.999983379322086,"group_idyes"
"16680","ARMC6","Exc L4-5 RORB GABRG1",-0.0181980597117807,3.27844852665586,0.12366474797462,0.725285790146234,0.999997068196745,0.999983379322086,"group_idyes"
"16681","SLC25A42","Exc L4-5 RORB GABRG1",0.00366813450696869,4.99086740129869,0.00513958845859023,0.942885132591015,0.999997068196745,0.999983379322086,"group_idyes"
"16682","TMEM161A","Exc L4-5 RORB GABRG1",-0.0250269505801253,4.1807002303088,0.319431062868639,0.572279176857623,0.999997068196745,0.999983379322086,"group_idyes"
"16683","BORCS8-MEF2B","Exc L4-5 RORB GABRG1",-0.00303590864121643,0.489409183025441,0.000388272283784514,0.984289215477124,0.999997068196745,0.999983379322086,"group_idyes"
"16684","RFXANK","Exc L4-5 RORB GABRG1",0.055163923735515,1.3222472348189,0.255502596444443,0.806043424606383,0.999997068196745,0.999983379322086,"group_idyes"
"16685","NR2C2AP","Exc L4-5 RORB GABRG1",-0.00224038220308149,2.14577744182561,0.000888425979447316,0.976236850040049,0.999997068196745,0.999983379322086,"group_idyes"
"16686","NCAN","Exc L4-5 RORB GABRG1",-0.0314994683065064,5.40988703276187,0.545799928535868,0.460489394652761,0.999997068196745,0.999983379322086,"group_idyes"
"16687","HAPLN4","Exc L4-5 RORB GABRG1",0.0489125317368073,4.84158440061122,0.464695725402864,0.495847704845485,0.999997068196745,0.999983379322086,"group_idyes"
"16688","TM6SF2","Exc L4-5 RORB GABRG1",-0.155389924733391,1.23277620497463,2.03810771569395,0.154211539844813,0.999997068196745,0.999983379322086,"group_idyes"
"16689","SUGP1","Exc L4-5 RORB GABRG1",-0.0278363400596362,4.9317970176569,0.375690163340083,0.540281009054878,0.999997068196745,0.999983379322086,"group_idyes"
"16690","MAU2","Exc L4-5 RORB GABRG1",-0.0559883017503835,5.5515699198531,2.3336788917161,0.127424052023244,0.999997068196745,0.999983379322086,"group_idyes"
"16691","GATAD2A","Exc L4-5 RORB GABRG1",-0.00421235437310204,4.05692878929887,0.00654379747668004,0.981111179529759,0.999997068196745,0.999983379322086,"group_idyes"
"16692","NDUFA13","Exc L4-5 RORB GABRG1",-0.152722587166021,0.199984705013791,0.418703926523036,0.517970345208483,0.999997068196745,0.999983379322086,"group_idyes"
"16693","YJEFN3","Exc L4-5 RORB GABRG1",0.00255119102261026,3.94036046861669,0.000966657195004422,0.975213000891735,0.999997068196745,0.999983379322086,"group_idyes"
"16694","PBX4","Exc L4-5 RORB GABRG1",0.0404851393145409,3.81278302055808,0.379082206345943,0.538458890911586,0.999997068196745,0.999983379322086,"group_idyes"
"16695","LPAR2","Exc L4-5 RORB GABRG1",-0.0742357932686716,2.43013892137387,1.03090154504061,0.310585102369096,0.999997068196745,0.999983379322086,"group_idyes"
"16696","GMIP","Exc L4-5 RORB GABRG1",0.0446416911336383,2.45782841059969,0.279126980115753,0.59757860976566,0.999997068196745,0.999983379322086,"group_idyes"
"16697","ATP13A1","Exc L4-5 RORB GABRG1",0.0734849730026902,4.30059709258752,2.35071513349564,0.248239943345902,0.999997068196745,0.999983379322086,"group_idyes"
"16698","ZNF101","Exc L4-5 RORB GABRG1",0.0206998365045547,2.26898018069041,0.112599408315016,0.962744480286241,0.999997068196745,0.999983379322086,"group_idyes"
"16699","ZNF14","Exc L4-5 RORB GABRG1",-0.00907316591887628,4.15845548707104,0.0353957900600741,0.850867908919428,0.999997068196745,0.999983379322086,"group_idyes"
"16700","AC011477.4","Exc L4-5 RORB GABRG1",0.00209518960068296,3.30138774313437,0.000872511523428641,0.976450584934578,0.999997068196745,0.999983379322086,"group_idyes"
"16701","ZNF253","Exc L4-5 RORB GABRG1",-0.0291185381334158,4.5617469797567,0.425332100516669,0.77507972224265,0.999997068196745,0.999983379322086,"group_idyes"
"16702","ZNF93","Exc L4-5 RORB GABRG1",0.0657057290950876,2.07686085331774,0.477603422000289,0.489926646263963,0.999997068196745,0.999983379322086,"group_idyes"
"16703","ZNF682","Exc L4-5 RORB GABRG1",-0.0748357808046908,3.88536203130007,1.70347631819387,0.192614013905452,0.999997068196745,0.999983379322086,"group_idyes"
"16704","ZNF90","Exc L4-5 RORB GABRG1",-0.0161110577436514,4.08088187422466,0.0194262635865973,0.889224283413581,0.999997068196745,0.999983379322086,"group_idyes"
"16705","AC011447.3","Exc L4-5 RORB GABRG1",0.0797676701308176,4.08691612845067,1.2203497818588,0.269982409214658,0.999997068196745,0.999983379322086,"group_idyes"
"16706","ZNF486","Exc L4-5 RORB GABRG1",-0.0382257112819551,1.50666599246657,0.151219091576754,0.697588187029613,0.999997068196745,0.999983379322086,"group_idyes"
"16707","AC008554.1","Exc L4-5 RORB GABRG1",0.126469588675016,0.324345409716553,0.585599478497356,0.444595004149902,0.999997068196745,0.999983379322086,"group_idyes"
"16708","ZNF737","Exc L4-5 RORB GABRG1",0.0610520802121694,3.71694675124782,1.16933648302467,0.280214960083364,0.999997068196745,0.999983379322086,"group_idyes"
"16709","AC010636.2","Exc L4-5 RORB GABRG1",0.0769044977644948,2.95683232020799,0.949065796710483,0.33056932364419,0.999997068196745,0.999983379322086,"group_idyes"
"16710","ZNF66","Exc L4-5 RORB GABRG1",-0.0412548896622166,4.19201196778032,0.655025113049896,0.418822023491062,0.999997068196745,0.999983379322086,"group_idyes"
"16711","ZNF85","Exc L4-5 RORB GABRG1",-0.0225009981314709,3.00823281559759,0.13035350464517,0.998096161358276,0.999997068196745,0.999983379322086,"group_idyes"
"16712","ZNF430","Exc L4-5 RORB GABRG1",-0.0293643314431905,4.43590584417826,0.549930174142101,0.743985035458858,0.999997068196745,0.999983379322086,"group_idyes"
"16713","ZNF714","Exc L4-5 RORB GABRG1",-0.0748809957201022,4.88910204239299,1.43821483056286,0.231166514216673,0.999997068196745,0.999983379322086,"group_idyes"
"16714","ZNF431","Exc L4-5 RORB GABRG1",0.0213784979117416,5.21240981242009,0.361594268488182,0.547976287365055,0.999997068196745,0.999983379322086,"group_idyes"
"16715","ZNF708","Exc L4-5 RORB GABRG1",-0.0230214450846989,5.15631635760273,0.296200810499666,0.586589307841582,0.999997068196745,0.999983379322086,"group_idyes"
"16716","ZNF738","Exc L4-5 RORB GABRG1",-0.0687560740531758,3.26617196418022,1.13406163354886,0.287578521590369,0.999997068196745,0.999983379322086,"group_idyes"
"16717","ZNF493","Exc L4-5 RORB GABRG1",0.0271644616316459,4.45294820417946,0.412332338987529,0.521170496112594,0.999997068196745,0.999983379322086,"group_idyes"
"16718","AC010615.4","Exc L4-5 RORB GABRG1",0.0373914533266442,6.01506663166762,0.416839417168391,0.518903210373247,0.999997068196745,0.999983379322086,"group_idyes"
"16719","ZNF429","Exc L4-5 RORB GABRG1",-0.0292118697967469,5.0372019861225,0.656381338851328,0.418341213407065,0.999997068196745,0.999983379322086,"group_idyes"
"16720","AC123912.1","Exc L4-5 RORB GABRG1",-0.0319088856962276,1.9428093843729,0.048625680868818,0.825589152457059,0.999997068196745,0.999983379322086,"group_idyes"
"16721","ZNF100","Exc L4-5 RORB GABRG1",-0.00713010172861908,4.47180680194272,0.0170135950303702,0.896289522758838,0.999997068196745,0.999983379322086,"group_idyes"
"16722","ZNF43","Exc L4-5 RORB GABRG1",0.0625698302658912,4.68823848823117,1.9272154810742,0.165866711162032,0.999997068196745,0.999983379322086,"group_idyes"
"16723","ZNF208","Exc L4-5 RORB GABRG1",-0.0413780153762517,4.47167440761583,0.121743295158091,0.727342258187751,0.999997068196745,0.999983379322086,"group_idyes"
"16724","ZNF257","Exc L4-5 RORB GABRG1",0.132754242908627,2.79299565205753,2.08760762537895,0.149312411445188,0.999997068196745,0.999983379322086,"group_idyes"
"16725","ZNF98","Exc L4-5 RORB GABRG1",0.055089982242979,2.88422198048205,0.230734573017236,0.631252693033513,0.999997068196745,0.999983379322086,"group_idyes"
"16726","ZNF492","Exc L4-5 RORB GABRG1",0.243691607057436,1.03011807661564,2.51440209983356,0.113631965646815,0.999997068196745,0.999983379322086,"group_idyes"
"16727","AC024563.1","Exc L4-5 RORB GABRG1",0.0496794351128589,1.33478096822085,0.167473454341139,0.682594788008927,0.999997068196745,0.999983379322086,"group_idyes"
"16728","ZNF99","Exc L4-5 RORB GABRG1",0.170980192145348,0.928482121800076,1.80187936945052,0.180276999816687,0.999997068196745,0.999983379322086,"group_idyes"
"16729","ZNF723","Exc L4-5 RORB GABRG1",-0.00655518198552613,0.239525514147841,0.00039436864315515,0.984166372526866,0.999997068196745,0.999983379322086,"group_idyes"
"16730","ZNF730","Exc L4-5 RORB GABRG1",-0.0756235377108269,0.529480464373367,0.204121758296216,0.651668845180842,0.999997068196745,0.999983379322086,"group_idyes"
"16731","ZNF724","Exc L4-5 RORB GABRG1",-0.0312744755817963,0.798693676441185,0.06333367843498,0.801436832898368,0.999997068196745,0.999983379322086,"group_idyes"
"16732","AC092329.3","Exc L4-5 RORB GABRG1",0.0426149896426199,3.84525605390624,0.4553821881828,0.500195377755549,0.999997068196745,0.999983379322086,"group_idyes"
"16733","ZNF91","Exc L4-5 RORB GABRG1",0.020723256910291,7.63161431121084,0.273477123461159,0.601309801035091,0.999997068196745,0.999983379322086,"group_idyes"
"16734","ZNF675","Exc L4-5 RORB GABRG1",0.0392772041052207,5.91097787595713,0.362227116122646,0.547626445946923,0.999997068196745,0.999983379322086,"group_idyes"
"16735","ZNF681","Exc L4-5 RORB GABRG1",-0.0106686562900814,3.53640164552961,0.0414737565497914,0.838733858127958,0.999997068196745,0.999983379322086,"group_idyes"
"16736","AC139769.2","Exc L4-5 RORB GABRG1",-0.127487528000105,0.727036377116317,0.613707276475865,0.43387734345885,0.999997068196745,0.999983379322086,"group_idyes"
"16737","ZNF726","Exc L4-5 RORB GABRG1",-0.071481182302196,1.80497374614459,0.51193391805632,0.474736866763909,0.999997068196745,0.999983379322086,"group_idyes"
"16738","AC011503.1","Exc L4-5 RORB GABRG1",0.217201462630012,0.26778585881824,1.71585924674522,0.191008524079815,0.999997068196745,0.999983379322086,"group_idyes"
"16739","ZNF254","Exc L4-5 RORB GABRG1",0.00188426758554887,6.41690782446402,0.00252175870679611,0.95997543286147,0.999997068196745,0.999983379322086,"group_idyes"
"16740","LINC00662","Exc L4-5 RORB GABRG1",0.00254834539513333,6.47185682635474,0.00432815904857891,0.947580188571792,0.999997068196745,0.999983379322086,"group_idyes"
"16741","AC006504.5","Exc L4-5 RORB GABRG1",-0.0352727378200614,6.20320071322512,0.482619840555529,0.487657346605177,0.999997068196745,0.999983379322086,"group_idyes"
"16742","AC006504.2","Exc L4-5 RORB GABRG1",0.124869884664414,1.8718039829481,0.932262910644801,0.33488212133163,0.999997068196745,0.999983379322086,"group_idyes"
"16743","AC010511.1","Exc L4-5 RORB GABRG1",-0.0326568639980319,0.300387958437282,0.0319146978604619,0.858309038390464,0.999997068196745,0.999983379322086,"group_idyes"
"16744","AC005580.1","Exc L4-5 RORB GABRG1",-0.111671231173515,-0.16033455678857,0.249047802569968,0.618031575591877,0.999997068196745,0.999983379322086,"group_idyes"
"16745","AC005394.1","Exc L4-5 RORB GABRG1",0.0066989985607461,0.577774502635083,0.00172834736244336,0.96686034700289,0.999997068196745,0.999983379322086,"group_idyes"
"16746","UQCRFS1","Exc L4-5 RORB GABRG1",0.0270294473739338,4.45996117215172,0.0827067166746504,0.773817164119592,0.999997068196745,0.999983379322086,"group_idyes"
"16747","AC011474.2","Exc L4-5 RORB GABRG1",-0.0956546458562665,4.20004753560279,2.31166527781063,0.129227809119308,0.999997068196745,0.999983379322086,"group_idyes"
"16748","VSTM2B","Exc L4-5 RORB GABRG1",-0.00749028820387519,5.89900647196915,0.021077685171616,0.884643553464229,0.999997068196745,0.999983379322086,"group_idyes"
"16749","POP4","Exc L4-5 RORB GABRG1",0.0558286151379903,2.89389500869635,0.520176201233942,0.471204576252114,0.999997068196745,0.999983379322086,"group_idyes"
"16750","PLEKHF1","Exc L4-5 RORB GABRG1",0.0791096822307411,1.67420696232407,0.718839538885291,0.397051974699949,0.999997068196745,0.999983379322086,"group_idyes"
"16751","C19orf12","Exc L4-5 RORB GABRG1",0.0156601274866443,5.64036883370548,0.267915358825332,0.670585595039695,0.999997068196745,0.999983379322086,"group_idyes"
"16752","CCNE1","Exc L4-5 RORB GABRG1",-0.029689227839924,2.45118774745127,0.176348497373459,0.674764665555324,0.999997068196745,0.999983379322086,"group_idyes"
"16753","URI1","Exc L4-5 RORB GABRG1",0.0117837427579807,6.05142616070423,0.114802872239913,0.734925868779237,0.999997068196745,0.999983379322086,"group_idyes"
"16754","ZNF536","Exc L4-5 RORB GABRG1",-0.191927905090939,2.37791970476766,3.45381020661181,0.0638696697964493,0.999997068196745,0.999983379322086,"group_idyes"
"16755","AC011507.1","Exc L4-5 RORB GABRG1",-0.013828603502641,0.317447669420896,0.00535699643802878,0.941691762656808,0.999997068196745,0.999983379322086,"group_idyes"
"16756","AC020912.1","Exc L4-5 RORB GABRG1",0.203811322127645,0.181817070627528,1.28503303480686,0.257671203785714,0.999997068196745,0.999983379322086,"group_idyes"
"16757","LINC01791","Exc L4-5 RORB GABRG1",0.0465453568781941,0.0671905159868822,0.0762843878696907,0.782545615319596,0.999997068196745,0.999983379322086,"group_idyes"
"16758","TSHZ3","Exc L4-5 RORB GABRG1",-0.0172170679650469,7.94455674635326,0.308396766180547,0.578988415220676,0.999997068196745,0.999983379322086,"group_idyes"
"16759","AC025809.1","Exc L4-5 RORB GABRG1",-0.09661430668373,6.73213015905297,1.75971314308264,0.185447166747433,0.999997068196745,0.999983379322086,"group_idyes"
"16760","AC008992.1","Exc L4-5 RORB GABRG1",-0.0955427989660812,2.73618093790287,1.16219075466421,0.281687115510561,0.999997068196745,0.999983379322086,"group_idyes"
"16761","LINC01837","Exc L4-5 RORB GABRG1",0.0379107675614348,3.51477580983474,0.193064019246457,0.66062529190123,0.999997068196745,0.999983379322086,"group_idyes"
"16762","ZNF507","Exc L4-5 RORB GABRG1",0.0208503052898113,5.65577255434454,0.420922386141849,0.516864222054538,0.999997068196745,0.999983379322086,"group_idyes"
"16763","AC007773.1","Exc L4-5 RORB GABRG1",-0.00561234720121135,1.50440051839492,0.00266540196019565,0.958852276291182,0.999997068196745,0.999983379322086,"group_idyes"
"16764","DPY19L3","Exc L4-5 RORB GABRG1",-0.0116234597592916,6.23745889440062,0.0720150494040634,0.788568982066487,0.999997068196745,0.999983379322086,"group_idyes"
"16765","PDCD5","Exc L4-5 RORB GABRG1",0.035886803893131,4.88149648891828,0.548679220444872,0.459309700097607,0.999997068196745,0.999983379322086,"group_idyes"
"16766","ANKRD27","Exc L4-5 RORB GABRG1",-0.0407783670906718,5.5329056021208,0.876322648630808,0.34979808343642,0.999997068196745,0.999983379322086,"group_idyes"
"16767","AC008736.1","Exc L4-5 RORB GABRG1",-0.173634141622681,1.36661676541661,2.79252622453793,0.0955179985604316,0.999997068196745,0.999983379322086,"group_idyes"
"16768","NUDT19","Exc L4-5 RORB GABRG1",-0.00869252726467288,2.94981823390568,0.0205789850897721,0.886006922607615,0.999997068196745,0.999983379322086,"group_idyes"
"16769","TDRD12","Exc L4-5 RORB GABRG1",-0.0639452844192367,1.5331115988765,0.215859751509611,0.642475667412914,0.999997068196745,0.999983379322086,"group_idyes"
"16770","SLC7A9","Exc L4-5 RORB GABRG1",-0.0326301499831988,2.35510399620721,0.118750318409252,0.730582135080322,0.999997068196745,0.999983379322086,"group_idyes"
"16771","CEP89","Exc L4-5 RORB GABRG1",-0.0327600254461211,5.14941111889426,0.654714995947003,0.418932082189704,0.999997068196745,0.999983379322086,"group_idyes"
"16772","RHPN2","Exc L4-5 RORB GABRG1",0.00352248606203156,0.964342624671004,0.000772457223052303,0.977841568360921,0.999997068196745,0.999983379322086,"group_idyes"
"16773","GPATCH1","Exc L4-5 RORB GABRG1",-0.0551359259885871,4.12774987506994,1.83451912660342,0.176389612779504,0.999997068196745,0.999983379322086,"group_idyes"
"16774","WDR88","Exc L4-5 RORB GABRG1",-0.120822275290214,1.92118025746454,1.76718403898443,0.184518684067484,0.999997068196745,0.999983379322086,"group_idyes"
"16775","LRP3","Exc L4-5 RORB GABRG1",0.024148354465889,5.29081557761355,0.574742881167171,0.628759108353303,0.999997068196745,0.999983379322086,"group_idyes"
"16776","CEBPA","Exc L4-5 RORB GABRG1",0.131349235915039,1.90035644878448,2.13689882833675,0.144608613458919,0.999997068196745,0.999983379322086,"group_idyes"
"16777","CEBPG","Exc L4-5 RORB GABRG1",0.080634940711788,3.87348337962369,1.82740833533741,0.177228164771425,0.999997068196745,0.999983379322086,"group_idyes"
"16778","PEPD","Exc L4-5 RORB GABRG1",-0.0821123234292229,4.63214275070039,3.16534446341363,0.0760059880389324,0.999997068196745,0.999983379322086,"group_idyes"
"16779","CHST8","Exc L4-5 RORB GABRG1",0.0273950678201907,2.00962000312152,0.042613643554579,0.836563674137948,0.999997068196745,0.999983379322086,"group_idyes"
"16780","LSM14A","Exc L4-5 RORB GABRG1",-0.0252797127004726,6.55758348386069,1.07785219313809,0.299830578022398,0.999997068196745,0.999983379322086,"group_idyes"
"16781","KIAA0355","Exc L4-5 RORB GABRG1",0.0365157200016289,4.95830669734104,0.895515870144247,0.344580886281272,0.999997068196745,0.999983379322086,"group_idyes"
"16782","AC010504.1","Exc L4-5 RORB GABRG1",-0.0703689301098888,2.9637318466115,1.23030967681918,0.268039674225523,0.999997068196745,0.999983379322086,"group_idyes"
"16783","GPI","Exc L4-5 RORB GABRG1",-0.0707410724907531,6.49835505330736,3.21162742803856,0.0739023768800228,0.999997068196745,0.999983379322086,"group_idyes"
"16784","PDCD2L","Exc L4-5 RORB GABRG1",-0.0339610555372654,2.22530972027647,0.235173954939978,0.627989676229276,0.999997068196745,0.999983379322086,"group_idyes"
"16785","UBA2","Exc L4-5 RORB GABRG1",0.00427813837457274,6.29633345475123,0.0318397964766371,0.92276966856189,0.999997068196745,0.999983379322086,"group_idyes"
"16786","WTIP","Exc L4-5 RORB GABRG1",0.0110112072686921,1.64237770532329,0.0129059152376595,0.909610811927427,0.999997068196745,0.999983379322086,"group_idyes"
"16787","SCGB1B2P","Exc L4-5 RORB GABRG1",0.174949800147612,1.42492555915244,2.75321530654433,0.242651202106594,0.999997068196745,0.999983379322086,"group_idyes"
"16788","SCGB2B2","Exc L4-5 RORB GABRG1",0.0184773105969153,5.53277128278819,0.198185576621864,0.65643977007753,0.999997068196745,0.999983379322086,"group_idyes"
"16789","ZNF302","Exc L4-5 RORB GABRG1",0.0189178784971243,5.79023557957145,0.0955153647965609,0.757446528501461,0.999997068196745,0.999983379322086,"group_idyes"
"16790","AC020910.4","Exc L4-5 RORB GABRG1",-0.0684682091006729,1.30172024357748,0.319158697937958,0.5724429330352,0.999997068196745,0.999983379322086,"group_idyes"
"16791","ZNF181","Exc L4-5 RORB GABRG1",-0.0203452899004449,3.17861344723565,0.123473976283179,0.725489160783584,0.999997068196745,0.999983379322086,"group_idyes"
"16792","ZNF30","Exc L4-5 RORB GABRG1",-0.0139265904413397,4.0765326098245,0.0857675267078865,0.903454053259765,0.999997068196745,0.999983379322086,"group_idyes"
"16793","ZNF792","Exc L4-5 RORB GABRG1",0.0589416257895709,0.604697167668226,0.165127197371232,0.755358388660424,0.999997068196745,0.999983379322086,"group_idyes"
"16794","GRAMD1A","Exc L4-5 RORB GABRG1",0.0104370981100694,4.4983329195973,0.0802830330472015,0.777066621300441,0.999997068196745,0.999983379322086,"group_idyes"
"16795","SCN1B","Exc L4-5 RORB GABRG1",0.0241589077750151,7.22975635389117,0.146496235214635,0.702117792112778,0.999997068196745,0.999983379322086,"group_idyes"
"16796","HPN","Exc L4-5 RORB GABRG1",-0.125089170933044,1.70289924539946,1.04310809956365,0.307741491875156,0.999997068196745,0.999983379322086,"group_idyes"
"16797","HPN-AS1","Exc L4-5 RORB GABRG1",-0.0501989730113274,0.898135919305655,0.140701772729523,0.70779104745515,0.999997068196745,0.999983379322086,"group_idyes"
"16798","LGI4","Exc L4-5 RORB GABRG1",-0.00859380719383896,5.52592461104854,0.0276205526103755,0.86809133148316,0.999997068196745,0.999983379322086,"group_idyes"
"16799","FXYD1","Exc L4-5 RORB GABRG1",0.0639326473687915,3.66098413665618,0.727639012620377,0.394180287846791,0.999997068196745,0.999983379322086,"group_idyes"
"16800","FXYD7","Exc L4-5 RORB GABRG1",0.00753111268345284,6.74997666347279,0.0271096795202916,0.869305809233244,0.999997068196745,0.999983379322086,"group_idyes"
"16801","FXYD5","Exc L4-5 RORB GABRG1",0.0597903663734686,1.55282563002098,0.373364113827303,0.541537058060855,0.999997068196745,0.999983379322086,"group_idyes"
"16802","LSR","Exc L4-5 RORB GABRG1",-0.0686918582070024,0.985192546930671,0.21070653454963,0.646473419256133,0.999997068196745,0.999983379322086,"group_idyes"
"16803","USF2","Exc L4-5 RORB GABRG1",0.046481804367877,5.94997596397748,1.16812454217809,0.280463955620504,0.999997068196745,0.999983379322086,"group_idyes"
"16804","HAMP","Exc L4-5 RORB GABRG1",0.0323824211708552,1.1918677378099,0.0405620527185927,0.840492073994853,0.999997068196745,0.999983379322086,"group_idyes"
"16805","MAG","Exc L4-5 RORB GABRG1",-0.254340733954301,1.33230499544317,2.9477241433792,0.0868034158782802,0.999997068196745,0.999983379322086,"group_idyes"
"16806","CD22","Exc L4-5 RORB GABRG1",-0.0613223283919426,1.02195206138371,0.183389880414979,0.668715708526918,0.999997068196745,0.999983379322086,"group_idyes"
"16807","KRTDAP","Exc L4-5 RORB GABRG1",-0.0588170266511468,1.83191574756621,0.260071441830365,0.610363503989372,0.999997068196745,0.999983379322086,"group_idyes"
"16808","DMKN","Exc L4-5 RORB GABRG1",-0.167363016081487,4.85625146057695,7.19420923001365,0.00762912652796886,0.999997068196745,0.999983379322086,"group_idyes"
"16809","GAPDHS","Exc L4-5 RORB GABRG1",-0.210236448157542,0.186495679996366,1.09570173503982,0.29586850917806,0.999997068196745,0.999983379322086,"group_idyes"
"16810","TMEM147-AS1","Exc L4-5 RORB GABRG1",-0.00752032013712514,1.85662724559695,0.00648845951459353,0.935840940576846,0.999997068196745,0.999983379322086,"group_idyes"
"16811","TMEM147","Exc L4-5 RORB GABRG1",-0.0313696666518642,3.40315410202395,0.0919623056121072,0.76186107150794,0.999997068196745,0.999983379322086,"group_idyes"
"16812","AD000090.1","Exc L4-5 RORB GABRG1",0.0420344939042173,1.38514613125896,0.0625836302103944,0.80259157666094,0.999997068196745,0.999983379322086,"group_idyes"
"16813","HAUS5","Exc L4-5 RORB GABRG1",-0.0391412642819294,3.53443409687889,0.653557311981556,0.419343318763589,0.999997068196745,0.999983379322086,"group_idyes"
"16814","RBM42","Exc L4-5 RORB GABRG1",0.0269987675226857,3.22472604514404,0.115427791569985,0.734232718403801,0.999997068196745,0.999983379322086,"group_idyes"
"16815","COX6B1","Exc L4-5 RORB GABRG1",-0.0335856425984883,5.31548712561944,0.090542110834273,0.763651649577396,0.999997068196745,0.999983379322086,"group_idyes"
"16816","UPK1A","Exc L4-5 RORB GABRG1",0.130633572402462,0.57235497995423,0.552192467123355,0.45787674261376,0.999997068196745,0.999983379322086,"group_idyes"
"16817","ZBTB32","Exc L4-5 RORB GABRG1",0.131572669476613,1.31536126251115,0.907506052877717,0.341375113031091,0.999997068196745,0.999983379322086,"group_idyes"
"16818","KMT2B","Exc L4-5 RORB GABRG1",-0.0282554915336398,4.82278850627391,0.439768658086842,0.507631262695276,0.999997068196745,0.999983379322086,"group_idyes"
"16819","HSPB6","Exc L4-5 RORB GABRG1",0.0255885977551929,0.592637729900832,0.0222806523643655,0.881421126624616,0.999997068196745,0.999983379322086,"group_idyes"
"16820","PROSER3","Exc L4-5 RORB GABRG1",-0.0524559139918382,2.91067008474445,0.717744052134382,0.397411599712088,0.999997068196745,0.999983379322086,"group_idyes"
"16821","ARHGAP33","Exc L4-5 RORB GABRG1",0.0268901904413748,4.29111566493035,0.287804365876289,0.591941052862841,0.999997068196745,0.999983379322086,"group_idyes"
"16822","NPHS1","Exc L4-5 RORB GABRG1",-0.0629379426613711,1.50419426149508,0.329757059303404,0.566137759287233,0.999997068196745,0.999983379322086,"group_idyes"
"16823","APLP1","Exc L4-5 RORB GABRG1",0.00371857634720789,7.00069919528099,0.00331039165672494,0.954148097558309,0.999997068196745,0.999983379322086,"group_idyes"
"16824","NFKBID","Exc L4-5 RORB GABRG1",-0.05033230192422,2.87615993307016,0.674077389548489,0.412142084339604,0.999997068196745,0.999983379322086,"group_idyes"
"16825","LRFN3","Exc L4-5 RORB GABRG1",-0.0822328099988943,3.05460755530644,1.73991078455623,0.187934671199154,0.999997068196745,0.999983379322086,"group_idyes"
"16826","AF038458.3","Exc L4-5 RORB GABRG1",0.0631723807947162,2.67809809451846,0.664979990981027,0.539695252077109,0.999997068196745,0.999983379322086,"group_idyes"
"16827","AF038458.2","Exc L4-5 RORB GABRG1",0.120651424824489,1.54285329553903,1.31851892561258,0.251571481803822,0.999997068196745,0.999983379322086,"group_idyes"
"16828","SDHAF1","Exc L4-5 RORB GABRG1",0.0168016994501632,2.61804496142931,0.0179086001471793,0.893612498581743,0.999997068196745,0.999983379322086,"group_idyes"
"16829","ALKBH6","Exc L4-5 RORB GABRG1",0.0310793466885585,3.25021149410865,0.193684979063375,0.660114313423698,0.999997068196745,0.999983379322086,"group_idyes"
"16830","AC002116.2","Exc L4-5 RORB GABRG1",0.0797290489014403,2.19254376578397,0.563566714944169,0.453285611201905,0.999997068196745,0.999983379322086,"group_idyes"
"16831","CLIP3","Exc L4-5 RORB GABRG1",0.0375407035739669,6.52619451626834,0.388547638797591,0.533433164536062,0.999997068196745,0.999983379322086,"group_idyes"
"16832","THAP8","Exc L4-5 RORB GABRG1",-0.0840412260184033,2.40355198379099,1.44073578998105,0.230758865594113,0.999997068196745,0.999983379322086,"group_idyes"
"16833","WDR62","Exc L4-5 RORB GABRG1",0.00135127625655676,1.28231609914146,0.000171136882856868,0.989569209018959,0.999997068196745,0.999983379322086,"group_idyes"
"16834","POLR2I","Exc L4-5 RORB GABRG1",0.0243280771666048,2.81802258994036,0.0365159896563855,0.848554650801742,0.999997068196745,0.999983379322086,"group_idyes"
"16835","TBCB","Exc L4-5 RORB GABRG1",-0.0066768614123022,5.15276868303819,0.00774801622933569,0.929904339713856,0.999997068196745,0.999983379322086,"group_idyes"
"16836","CAPNS1","Exc L4-5 RORB GABRG1",0.039264511037296,5.14362122492689,0.373617073264851,0.541400201662685,0.999997068196745,0.999983379322086,"group_idyes"
"16837","COX7A1","Exc L4-5 RORB GABRG1",0.041616317755392,3.13096839848899,0.114389436184146,0.73538560230149,0.999997068196745,0.999983379322086,"group_idyes"
"16838","ZNF565","Exc L4-5 RORB GABRG1",-0.0187292612985686,5.16950705321838,0.0960384862394214,0.75680420885186,0.999997068196745,0.999983379322086,"group_idyes"
"16839","ZNF146","Exc L4-5 RORB GABRG1",-0.00747826179682285,5.02567145900734,0.0586041151771755,0.808844940583853,0.999997068196745,0.999983379322086,"group_idyes"
"16840","AC012617.1","Exc L4-5 RORB GABRG1",-0.204930102852158,1.58620482349697,4.19087855962222,0.0413208344455365,0.999997068196745,0.999983379322086,"group_idyes"
"16841","LINC00665","Exc L4-5 RORB GABRG1",-0.0555222277008918,4.21525330986083,1.01940106098648,0.313295686600499,0.999997068196745,0.999983379322086,"group_idyes"
"16842","ZFP14","Exc L4-5 RORB GABRG1",-0.0396709691737537,5.63332748955352,0.831028819182731,0.362546036944297,0.999997068196745,0.999983379322086,"group_idyes"
"16843","ZFP82","Exc L4-5 RORB GABRG1",0.0251153190912888,4.99954513818036,0.594991237438663,0.440968989028176,0.999997068196745,0.999983379322086,"group_idyes"
"16844","ZNF566","Exc L4-5 RORB GABRG1",-0.00681985769494345,5.18900190068847,0.0510839250970518,0.821307807250269,0.999997068196745,0.999983379322086,"group_idyes"
"16845","ZNF260","Exc L4-5 RORB GABRG1",-0.0205456613767847,3.82372463487478,0.126165133023188,0.791998476196645,0.999997068196745,0.999983379322086,"group_idyes"
"16846","AC092295.1","Exc L4-5 RORB GABRG1",0.0305472329671001,1.35868243303084,0.112907060458939,0.737041632983485,0.999997068196745,0.999983379322086,"group_idyes"
"16847","ZNF529","Exc L4-5 RORB GABRG1",-0.00725228207627568,5.53841666727489,0.0717225139133569,0.788988636006467,0.999997068196745,0.999983379322086,"group_idyes"
"16848","ZNF529-AS1","Exc L4-5 RORB GABRG1",-0.0347062130971625,4.53929998028034,0.643395339180523,0.422979136153215,0.999997068196745,0.999983379322086,"group_idyes"
"16849","ZNF382","Exc L4-5 RORB GABRG1",0.0201533680820368,5.42297845876788,0.352469891001132,0.553067190560896,0.999997068196745,0.999983379322086,"group_idyes"
"16850","ZNF461","Exc L4-5 RORB GABRG1",-0.0251550337057077,4.11782885476478,0.3605114721302,0.548575831062879,0.999997068196745,0.999983379322086,"group_idyes"
"16851","LINC01534","Exc L4-5 RORB GABRG1",-0.153807864989293,0.929433594811978,1.45708173438774,0.228136639488012,0.999997068196745,0.999983379322086,"group_idyes"
"16852","ZNF567","Exc L4-5 RORB GABRG1",0.0137982818581794,4.17923304559512,0.131492843981372,0.717088322415467,0.999997068196745,0.999983379322086,"group_idyes"
"16853","ZNF850","Exc L4-5 RORB GABRG1",0.0827852404305671,1.83885654696237,0.916775850987873,0.338924238271065,0.999997068196745,0.999983379322086,"group_idyes"
"16854","AC020928.2","Exc L4-5 RORB GABRG1",-0.0034140343563727,1.15890064083374,0.000839830297149112,0.976895707240735,0.999997068196745,0.999983379322086,"group_idyes"
"16855","AC020928.1","Exc L4-5 RORB GABRG1",-0.0142136275883655,4.85544865016705,0.129654890890826,0.71898771376522,0.999997068196745,0.999983379322086,"group_idyes"
"16856","ZNF790","Exc L4-5 RORB GABRG1",0.0251689558116906,4.51766541766425,0.274565611391694,0.600587159185063,0.999997068196745,0.999983379322086,"group_idyes"
"16857","ZNF345","Exc L4-5 RORB GABRG1",0.00548187610060297,5.24495124100289,0.0155217784172122,0.900916041036228,0.999997068196745,0.999983379322086,"group_idyes"
"16858","ZNF829","Exc L4-5 RORB GABRG1",-0.1087361058619,2.91502173136485,2.99427102877699,0.0843613865867562,0.999997068196745,0.999983379322086,"group_idyes"
"16859","ZNF568","Exc L4-5 RORB GABRG1",0.00171862717772917,5.08521014344712,0.00251494423757381,0.960029502510189,0.999997068196745,0.999983379322086,"group_idyes"
"16860","ZNF420","Exc L4-5 RORB GABRG1",0.0307717714259395,5.29297161511136,0.643527000132784,0.422931728146006,0.999997068196745,0.999983379322086,"group_idyes"
"16861","AC010632.1","Exc L4-5 RORB GABRG1",-0.0192703853251879,3.01468328223745,0.072585502617251,0.787753264783439,0.999997068196745,0.999983379322086,"group_idyes"
"16862","AC012309.1","Exc L4-5 RORB GABRG1",-0.0486565407614738,1.98693645285759,0.357139501735584,0.737809845518563,0.999997068196745,0.999983379322086,"group_idyes"
"16863","ZNF585B","Exc L4-5 RORB GABRG1",-0.00529451111126178,1.2000750861067,0.00259285885465014,0.959415597235194,0.999997068196745,0.999983379322086,"group_idyes"
"16864","ZNF383","Exc L4-5 RORB GABRG1",-0.0115155567912761,4.16374406050154,0.0762890870073219,0.782539086801136,0.999997068196745,0.999983379322086,"group_idyes"
"16865","LINC01535","Exc L4-5 RORB GABRG1",-0.00810758399025346,3.30977132330848,0.0107787687456297,0.917365618771549,0.999997068196745,0.999983379322086,"group_idyes"
"16866","AC016590.1","Exc L4-5 RORB GABRG1",0.0316472329887695,1.74631343815364,0.0706970378744274,0.790467011500952,0.999997068196745,0.999983379322086,"group_idyes"
"16867","HKR1","Exc L4-5 RORB GABRG1",-0.0192347834489486,5.70756166308285,0.444425008440491,0.505393971678335,0.999997068196745,0.999983379322086,"group_idyes"
"16868","ZNF527","Exc L4-5 RORB GABRG1",0.0303616028227179,2.90324041036337,0.294868921532838,0.8811268621767,0.999997068196745,0.999983379322086,"group_idyes"
"16869","ZNF569","Exc L4-5 RORB GABRG1",-0.0618182231693162,4.29590701672153,2.55516483604689,0.110755257865897,0.999997068196745,0.999983379322086,"group_idyes"
"16870","ZNF570","Exc L4-5 RORB GABRG1",0.0222902830009471,3.59569177327339,0.271683291931358,0.602504724763542,0.999997068196745,0.999983379322086,"group_idyes"
"16871","ZNF793-AS1","Exc L4-5 RORB GABRG1",-0.121243281302128,0.904430106575206,1.02643125504124,0.311635062958379,0.999997068196745,0.999983379322086,"group_idyes"
"16872","ZNF793","Exc L4-5 RORB GABRG1",0.0497451901646564,4.57946364749383,2.14933928967197,0.143448085161526,0.999997068196745,0.999983379322086,"group_idyes"
"16873","ZNF540","Exc L4-5 RORB GABRG1",-0.00182647660899915,5.56272634006004,0.00210816792533484,0.963401988848557,0.999997068196745,0.999983379322086,"group_idyes"
"16874","ZNF571","Exc L4-5 RORB GABRG1",0.0139184406879525,3.28523930863281,0.0677815659017006,0.794733914408743,0.999997068196745,0.999983379322086,"group_idyes"
"16875","ZFP30","Exc L4-5 RORB GABRG1",0.00740113265232429,5.15601169345891,0.0492209071044072,0.824542256169016,0.999997068196745,0.999983379322086,"group_idyes"
"16876","AC093227.2","Exc L4-5 RORB GABRG1",-0.00223804166795736,2.402510226121,0.000814475996443446,0.977247040456333,0.999997068196745,0.999983379322086,"group_idyes"
"16877","AC093227.1","Exc L4-5 RORB GABRG1",0.0390677771686123,2.95580415953522,0.366831374107736,0.731454936967858,0.999997068196745,0.999983379322086,"group_idyes"
"16878","ZNF573","Exc L4-5 RORB GABRG1",0.0191759261596833,5.15469665186524,0.310514414869325,0.577688729391851,0.999997068196745,0.999983379322086,"group_idyes"
"16879","WDR87","Exc L4-5 RORB GABRG1",-0.0591010348623142,0.0528106224633323,0.110213470035146,0.740082019051816,0.999997068196745,0.999983379322086,"group_idyes"
"16880","SIPA1L3","Exc L4-5 RORB GABRG1",-0.0157068384143835,6.96710054194066,0.114345015813014,0.73543505202537,0.999997068196745,0.999983379322086,"group_idyes"
"16881","DPF1","Exc L4-5 RORB GABRG1",0.0729230157699695,6.10552381023406,2.2423040904377,0.135100711593354,0.999997068196745,0.999983379322086,"group_idyes"
"16882","SPINT2","Exc L4-5 RORB GABRG1",-0.0169669143410733,2.80025556794568,0.0558109040478959,0.813369589842698,0.999997068196745,0.999983379322086,"group_idyes"
"16883","PPP1R14A","Exc L4-5 RORB GABRG1",-0.112541503233157,0.949182357265586,0.533489316541808,0.465588092398454,0.999997068196745,0.999983379322086,"group_idyes"
"16884","AC011479.1","Exc L4-5 RORB GABRG1",-0.0196006187592673,2.03686496450177,0.0380972068819198,0.845351112756741,0.999997068196745,0.999983379322086,"group_idyes"
"16885","YIF1B","Exc L4-5 RORB GABRG1",0.0296585120270066,4.00393257549341,0.307909661429187,0.579288196991944,0.999997068196745,0.999983379322086,"group_idyes"
"16886","KCNK6","Exc L4-5 RORB GABRG1",-0.177178994727883,3.08744866771481,4.66495566959402,0.0314013808379288,0.999997068196745,0.999983379322086,"group_idyes"
"16887","CATSPERG","Exc L4-5 RORB GABRG1",-0.0167666979257956,3.30760385723198,0.0524545085259721,0.818967691259364,0.999997068196745,0.999983379322086,"group_idyes"
"16888","PSMD8","Exc L4-5 RORB GABRG1",0.00462715828592468,4.84433550276884,0.00405325652439249,0.949269886700368,0.999997068196745,0.999983379322086,"group_idyes"
"16889","SPRED3","Exc L4-5 RORB GABRG1",-0.100035676470254,2.63151064887487,0.639913400964613,0.424235801656181,0.999997068196745,0.999983379322086,"group_idyes"
"16890","FAM98C","Exc L4-5 RORB GABRG1",0.0201085036312247,4.31390289126711,0.184237667335514,0.667996728167165,0.999997068196745,0.999983379322086,"group_idyes"
"16891","RASGRP4","Exc L4-5 RORB GABRG1",-0.0463958171020285,0.774497687011847,0.102357310023167,0.749192572444381,0.999997068196745,0.999983379322086,"group_idyes"
"16892","RYR1","Exc L4-5 RORB GABRG1",0.00692698889834649,5.43190479813879,0.0124646859640397,0.911162829605738,0.999997068196745,0.999983379322086,"group_idyes"
"16893","MAP4K1","Exc L4-5 RORB GABRG1",-0.137106885650053,0.867244242256182,1.10870725777515,0.293023989529675,0.999997068196745,0.999983379322086,"group_idyes"
"16894","AC008649.1","Exc L4-5 RORB GABRG1",-0.115593291323778,0.252627383885188,0.381866054729821,0.536971863087971,0.999997068196745,0.999983379322086,"group_idyes"
"16895","EIF3K","Exc L4-5 RORB GABRG1",-0.0062794805382545,5.2748183350263,0.029382252596813,0.863989529342929,0.999997068196745,0.999983379322086,"group_idyes"
"16896","ACTN4","Exc L4-5 RORB GABRG1",-0.0210073669593438,6.74984366410531,0.27413820158115,0.600870696401347,0.999997068196745,0.999983379322086,"group_idyes"
"16897","CAPN12","Exc L4-5 RORB GABRG1",0.0165027832788956,1.72910664485724,0.0105490616002761,0.918247740942926,0.999997068196745,0.999983379322086,"group_idyes"
"16898","ECH1","Exc L4-5 RORB GABRG1",0.068772837109688,3.24125294075938,0.581753842299471,0.446093080192484,0.999997068196745,0.999983379322086,"group_idyes"
"16899","AC008982.1","Exc L4-5 RORB GABRG1",0.176430471512302,0.0469543237696831,1.03319824194852,0.310047460759778,0.999997068196745,0.999983379322086,"group_idyes"
"16900","HNRNPL","Exc L4-5 RORB GABRG1",-0.00737584452131182,5.7417174956939,0.0203042281087738,0.886765275431926,0.999997068196745,0.999983379322086,"group_idyes"
"16901","RINL","Exc L4-5 RORB GABRG1",-0.0683732533993758,1.7279220257283,0.514270037095863,0.47373135413853,0.999997068196745,0.999983379322086,"group_idyes"
"16902","SIRT2","Exc L4-5 RORB GABRG1",-0.0257765129557073,5.66618974824417,0.746505868895554,0.388123094240418,0.999997068196745,0.999983379322086,"group_idyes"
"16903","NFKBIB","Exc L4-5 RORB GABRG1",-0.0682540495936923,2.83132815503075,1.11563864067701,0.291522303949654,0.999997068196745,0.999983379322086,"group_idyes"
"16904","CCER2","Exc L4-5 RORB GABRG1",-0.0571449061121483,2.78881653075235,0.618496771566344,0.432090579323548,0.999997068196745,0.999983379322086,"group_idyes"
"16905","SARS2","Exc L4-5 RORB GABRG1",0.0504642084129333,1.84849956387375,0.293381065740827,0.954399483473872,0.999997068196745,0.999983379322086,"group_idyes"
"16906","MRPS12","Exc L4-5 RORB GABRG1",0.0711428943972255,2.59620328536466,0.431155299472322,0.511815159095792,0.999997068196745,0.999983379322086,"group_idyes"
"16907","FBXO17","Exc L4-5 RORB GABRG1",0.0408517091856834,4.65983808497239,0.335706058208677,0.562657416818434,0.999997068196745,0.999983379322086,"group_idyes"
"16908","FBXO27","Exc L4-5 RORB GABRG1",0.0492329993732135,5.42685761965587,1.24392020733886,0.265413040706742,0.999997068196745,0.999983379322086,"group_idyes"
"16909","PAK4","Exc L4-5 RORB GABRG1",0.00998268680962298,3.37040388643413,0.0385177548541472,0.844510755968004,0.999997068196745,0.999983379322086,"group_idyes"
"16910","LRFN1","Exc L4-5 RORB GABRG1",0.090099235965989,3.86392012414153,3.10249455963436,0.0789667003531254,0.999997068196745,0.999983379322086,"group_idyes"
"16911","GMFG","Exc L4-5 RORB GABRG1",-0.02253605773481,1.79636324783469,0.0680040274654691,0.794404917818073,0.999997068196745,0.999983379322086,"group_idyes"
"16912","SAMD4B","Exc L4-5 RORB GABRG1",-0.0277806721989924,5.68466752047939,0.562965834182364,0.453526335180574,0.999997068196745,0.999983379322086,"group_idyes"
"16913","PAF1","Exc L4-5 RORB GABRG1",0.0395503820516924,3.13354295093088,0.280185333843315,0.596885049096868,0.999997068196745,0.999983379322086,"group_idyes"
"16914","MED29","Exc L4-5 RORB GABRG1",-0.00149499234710752,4.19831452225492,0.00078836368456981,0.977614646866584,0.999997068196745,0.999983379322086,"group_idyes"
"16915","PLEKHG2","Exc L4-5 RORB GABRG1",-0.174680209219098,0.595500741733616,1.21889637415374,0.270267377392203,0.999997068196745,0.999983379322086,"group_idyes"
"16916","RPS16","Exc L4-5 RORB GABRG1",-0.0225582740725232,4.67591091932895,0.0408616939516262,0.839911968919491,0.999997068196745,0.999983379322086,"group_idyes"
"16917","SUPT5H","Exc L4-5 RORB GABRG1",-0.00341656939976577,5.68222292405208,0.00769485128981369,0.930144623144772,0.999997068196745,0.999983379322086,"group_idyes"
"16918","TIMM50","Exc L4-5 RORB GABRG1",-0.0264784074667811,4.04114758575092,0.319551354717905,0.572206882149285,0.999997068196745,0.999983379322086,"group_idyes"
"16919","DLL3","Exc L4-5 RORB GABRG1",-0.0453516709256756,1.83446919498374,0.172303096331227,0.678304416309284,0.999997068196745,0.999983379322086,"group_idyes"
"16920","EID2B","Exc L4-5 RORB GABRG1",0.0554382243619784,4.25431768624405,0.896884890893376,0.344212800522785,0.999997068196745,0.999983379322086,"group_idyes"
"16921","EID2","Exc L4-5 RORB GABRG1",0.0913080775201481,3.65545481719334,1.64066581787872,0.201005724430423,0.999997068196745,0.999983379322086,"group_idyes"
"16922","AC005393.1","Exc L4-5 RORB GABRG1",0.14705989733466,1.13247065122772,1.14248909119076,0.28579715845151,0.999997068196745,0.999983379322086,"group_idyes"
"16923","DYRK1B","Exc L4-5 RORB GABRG1",0.0249818804179443,3.72558632755648,0.197836178628547,0.979299792372205,0.999997068196745,0.999983379322086,"group_idyes"
"16924","FBL","Exc L4-5 RORB GABRG1",-0.00728006745859138,2.79610523603001,0.0124077916190502,0.911364966342127,0.999997068196745,0.999983379322086,"group_idyes"
"16925","FCGBP","Exc L4-5 RORB GABRG1",0.104169397935422,0.49878469691612,0.371589662662859,0.542498868113715,0.999997068196745,0.999983379322086,"group_idyes"
"16926","PSMC4","Exc L4-5 RORB GABRG1",0.0177265143559724,3.84066335036469,0.0682810780860081,0.793995992588733,0.999997068196745,0.999983379322086,"group_idyes"
"16927","ZNF546","Exc L4-5 RORB GABRG1",0.0793913378184808,4.11332858002087,2.91424557889089,0.0886072930837861,0.999997068196745,0.999983379322086,"group_idyes"
"16928","ZNF780B","Exc L4-5 RORB GABRG1",0.0249370153960483,6.5697920557098,0.258771773085068,0.611256804932258,0.999997068196745,0.999983379322086,"group_idyes"
"16929","ZNF780A","Exc L4-5 RORB GABRG1",0.000271218120854493,3.3310831815852,3.81297977781579e-05,0.995076348139865,0.999997068196745,0.999983379322086,"group_idyes"
"16930","MAP3K10","Exc L4-5 RORB GABRG1",-0.0485831369710844,5.51500567353389,1.62293847861396,0.203451583147711,0.999997068196745,0.999983379322086,"group_idyes"
"16931","TTC9B","Exc L4-5 RORB GABRG1",0.0183092887211584,6.07329895969507,0.0465587539153389,0.829277660320534,0.999997068196745,0.999983379322086,"group_idyes"
"16932","CNTD2","Exc L4-5 RORB GABRG1",-0.00687642213494638,2.36093216336444,0.0038319729400168,0.950672278665068,0.999997068196745,0.999983379322086,"group_idyes"
"16933","AKT2","Exc L4-5 RORB GABRG1",-0.0236558497171022,6.45068076588799,0.327362231648022,0.567550606434099,0.999997068196745,0.999983379322086,"group_idyes"
"16934","C19orf47","Exc L4-5 RORB GABRG1",-0.0983333862226215,2.73483931966652,2.42803189693676,0.120004638143804,0.999997068196745,0.999983379322086,"group_idyes"
"16935","PLD3","Exc L4-5 RORB GABRG1",-0.0132886789716204,7.62036644081304,0.21012176614388,0.646930799410572,0.999997068196745,0.999983379322086,"group_idyes"
"16936","HIPK4","Exc L4-5 RORB GABRG1",-0.0906008541670224,3.66388854141764,0.492557304154935,0.483213100847185,0.999997068196745,0.999983379322086,"group_idyes"
"16937","PRX","Exc L4-5 RORB GABRG1",-0.0759802050702348,1.02110770128808,0.470805309322937,0.542385332985941,0.999997068196745,0.999983379322086,"group_idyes"
"16938","SERTAD1","Exc L4-5 RORB GABRG1",-0.0884066794170816,0.775788732283195,0.248653852326298,0.618309508207802,0.999997068196745,0.999983379322086,"group_idyes"
"16939","BLVRB","Exc L4-5 RORB GABRG1",-0.0311147426418036,3.34167750215708,0.191296526842351,0.662085123907585,0.999997068196745,0.999983379322086,"group_idyes"
"16940","SPTBN4","Exc L4-5 RORB GABRG1",0.00759559165113884,8.93685458000425,0.0439568737261671,0.834044845807739,0.999997068196745,0.999983379322086,"group_idyes"
"16941","SHKBP1","Exc L4-5 RORB GABRG1",-0.0553192522654082,1.66628906444248,0.367647834411493,0.544646791936075,0.999997068196745,0.999983379322086,"group_idyes"
"16942","LTBP4","Exc L4-5 RORB GABRG1",-0.0309113490784888,4.03614428206348,0.298366574754134,0.585224859028104,0.999997068196745,0.999983379322086,"group_idyes"
"16943","NUMBL","Exc L4-5 RORB GABRG1",-0.0278921761273781,4.89480566226729,0.376761271064752,0.539704417587375,0.999997068196745,0.999983379322086,"group_idyes"
"16944","COQ8B","Exc L4-5 RORB GABRG1",-0.0373314058790644,3.72774910316135,0.416281014068312,0.856839603302416,0.999997068196745,0.999983379322086,"group_idyes"
"16945","ITPKC","Exc L4-5 RORB GABRG1",-0.0570071266213714,3.90888052333697,1.31173166626461,0.25279330894093,0.999997068196745,0.999983379322086,"group_idyes"
"16946","SNRPA","Exc L4-5 RORB GABRG1",-0.0255728282754476,3.41463318091539,0.175009880637249,0.675930632290927,0.999997068196745,0.999983379322086,"group_idyes"
"16947","RAB4B-EGLN2","Exc L4-5 RORB GABRG1",-0.0437654422114176,1.05446220724507,0.127537899208818,0.728609363779996,0.999997068196745,0.999983379322086,"group_idyes"
"16948","AC008537.4","Exc L4-5 RORB GABRG1",-0.0139719136007075,0.977589399132683,0.0110274518604069,0.916421270118676,0.999997068196745,0.999983379322086,"group_idyes"
"16949","AC008537.1","Exc L4-5 RORB GABRG1",-0.0971184585488224,5.76984893831401,1.90648533630923,0.168155770944962,0.999997068196745,0.999983379322086,"group_idyes"
"16950","AC008537.2","Exc L4-5 RORB GABRG1",-0.302210546375653,0.531064663435053,3.37977053330213,0.0667719361768281,0.999997068196745,0.999983379322086,"group_idyes"
"16951","AXL","Exc L4-5 RORB GABRG1",0.0691495479576466,0.435983288566782,0.194853760682089,0.659155187577289,0.999997068196745,0.999983379322086,"group_idyes"
"16952","HNRNPUL1","Exc L4-5 RORB GABRG1",0.0128820224162869,5.39630050295197,0.109549466432095,0.740837837590166,0.999997068196745,0.999983379322086,"group_idyes"
"16953","TGFB1","Exc L4-5 RORB GABRG1",-0.0575617334499036,3.32689266012023,0.343824650122192,0.557973700345392,0.999997068196745,0.999983379322086,"group_idyes"
"16954","CCDC97","Exc L4-5 RORB GABRG1",-0.0454576449548656,2.69028540845227,0.500765737276491,0.694918088352215,0.999997068196745,0.999983379322086,"group_idyes"
"16955","AC011462.1","Exc L4-5 RORB GABRG1",-0.0622051461873323,1.26863801476873,0.381861616306813,0.700341223098031,0.999997068196745,0.999983379322086,"group_idyes"
"16956","B9D2","Exc L4-5 RORB GABRG1",0.0343128011875587,1.49166760521478,0.110083815532415,0.870012305643432,0.999997068196745,0.999983379322086,"group_idyes"
"16957","EXOSC5","Exc L4-5 RORB GABRG1",-0.0233827924439968,2.98268976873437,0.0838810499570855,0.772261257817416,0.999997068196745,0.999983379322086,"group_idyes"
"16958","DMAC2","Exc L4-5 RORB GABRG1",-0.0199046477858731,3.77909046805934,0.0942027675369235,0.759066746009565,0.999997068196745,0.999983379322086,"group_idyes"
"16959","AC243967.1","Exc L4-5 RORB GABRG1",-1.53348925256092e-05,0.421408866572624,0.000163262628619566,0.989811989171913,0.999997068196745,0.999983379322086,"group_idyes"
"16960","AC243967.2","Exc L4-5 RORB GABRG1",0.140296830146692,0.751865676517209,0.784093764943042,0.376445140009331,0.999997068196745,0.999983379322086,"group_idyes"
"16961","RPS19","Exc L4-5 RORB GABRG1",0.0293029227158224,5.56910785365369,0.0762065837300847,0.78265374019568,0.999997068196745,0.999983379322086,"group_idyes"
"16962","ARHGEF1","Exc L4-5 RORB GABRG1",-0.0208858643416282,4.04473515815883,0.160328140220272,0.689076832259467,0.999997068196745,0.999983379322086,"group_idyes"
"16963","RABAC1","Exc L4-5 RORB GABRG1",0.0360203218512636,5.13030748841315,0.132725473083623,0.715822891799277,0.999997068196745,0.999983379322086,"group_idyes"
"16964","AC010616.2","Exc L4-5 RORB GABRG1",-0.0678179753767812,3.02123688564717,1.34711107786782,0.246503472922229,0.999997068196745,0.999983379322086,"group_idyes"
"16965","GRIK5","Exc L4-5 RORB GABRG1",-0.0197005459354533,5.96609209851931,0.20652165425912,0.649763753106765,0.999997068196745,0.999983379322086,"group_idyes"
"16966","ZNF574","Exc L4-5 RORB GABRG1",-0.0484394651330664,2.61499626518462,0.439476793176693,0.507772066157201,0.999997068196745,0.999983379322086,"group_idyes"
"16967","POU2F2","Exc L4-5 RORB GABRG1",-0.0651681508949674,5.5845048508262,1.95632980932385,0.162711975471172,0.999997068196745,0.999983379322086,"group_idyes"
"16968","DEDD2","Exc L4-5 RORB GABRG1",0.0629553768958938,3.82043630301031,0.812782170439962,0.367863008721604,0.999997068196745,0.999983379322086,"group_idyes"
"16969","ZNF526","Exc L4-5 RORB GABRG1",0.0414831863559793,2.28701996027628,0.345785914053953,0.913373728103956,0.999997068196745,0.999983379322086,"group_idyes"
"16970","GSK3A","Exc L4-5 RORB GABRG1",0.0981116521574643,5.53110954551663,2.38559035233915,0.12328074831438,0.999997068196745,0.999983379322086,"group_idyes"
"16971","CIC","Exc L4-5 RORB GABRG1",0.0578218802585707,4.04942284316027,1.24725009470158,0.264775319962869,0.999997068196745,0.999983379322086,"group_idyes"
"16972","PAFAH1B3","Exc L4-5 RORB GABRG1",0.104261647205883,3.39735570266584,1.29146482961683,0.256485536957208,0.999997068196745,0.999983379322086,"group_idyes"
"16973","PRR19","Exc L4-5 RORB GABRG1",0.126062710903502,0.659063173980081,0.834317257478352,0.361599159114075,0.999997068196745,0.999983379322086,"group_idyes"
"16974","TMEM145","Exc L4-5 RORB GABRG1",0.0164950633561378,5.89763135254156,0.16661395473215,0.683365867973386,0.999997068196745,0.999983379322086,"group_idyes"
"16975","MEGF8","Exc L4-5 RORB GABRG1",0.0280899785828462,6.02006024006887,0.689887488242333,0.406717786742307,0.999997068196745,0.999983379322086,"group_idyes"
"16976","CNFN","Exc L4-5 RORB GABRG1",0.119007520004994,0.0579613939397238,0.387185331211328,0.534151225978039,0.999997068196745,0.999983379322086,"group_idyes"
"16977","LIPE-AS1","Exc L4-5 RORB GABRG1",-0.0675794427930917,6.48857047234688,1.71441660494583,0.191194759042913,0.999997068196745,0.999983379322086,"group_idyes"
"16978","LIPE","Exc L4-5 RORB GABRG1",-0.055230809413703,3.13687318655336,0.852676656750303,0.568812526762086,0.999997068196745,0.999983379322086,"group_idyes"
"16979","CXCL17","Exc L4-5 RORB GABRG1",-0.0830528800087465,1.12209891431784,0.319875118328123,0.572012391284441,0.999997068196745,0.999983379322086,"group_idyes"
"16980","CEACAM1","Exc L4-5 RORB GABRG1",-0.166638770489735,2.11354182495039,1.8089289644308,0.179429055526862,0.999997068196745,0.999983379322086,"group_idyes"
"16981","PSG8","Exc L4-5 RORB GABRG1",-0.172408619121284,1.94615723437426,2.26212646971188,0.133392352335834,0.999997068196745,0.999983379322086,"group_idyes"
"16982","PSG8-AS1","Exc L4-5 RORB GABRG1",-0.078182401771502,2.6356530437047,0.829308935633529,0.363042630473068,0.999997068196745,0.999983379322086,"group_idyes"
"16983","PSG1","Exc L4-5 RORB GABRG1",-0.276904657416044,0.0951130802144737,1.87485549278491,0.171718782354442,0.999997068196745,0.999983379322086,"group_idyes"
"16984","AC004784.1","Exc L4-5 RORB GABRG1",-0.0504982255803358,5.77918472476318,0.641979490606747,0.423489454364449,0.999997068196745,0.999983379322086,"group_idyes"
"16985","PSG11","Exc L4-5 RORB GABRG1",-0.0536581789524227,0.792095355579152,0.112737243903548,0.737232113969873,0.999997068196745,0.999983379322086,"group_idyes"
"16986","PSG2","Exc L4-5 RORB GABRG1",0.0703140767140051,0.474787833010881,0.136715383176043,0.711771892053893,0.999997068196745,0.999983379322086,"group_idyes"
"16987","PSG4","Exc L4-5 RORB GABRG1",-0.175233477815533,0.914363012835582,0.74572526996845,0.388371048761441,0.999997068196745,0.999983379322086,"group_idyes"
"16988","PSG9","Exc L4-5 RORB GABRG1",-0.0256603028208895,1.23944826021117,0.0542388577266166,0.877665899031131,0.999997068196745,0.999983379322086,"group_idyes"
"16989","TEX101","Exc L4-5 RORB GABRG1",-0.175008741609759,1.57671310088708,2.02556336355925,0.155481948521066,0.999997068196745,0.999983379322086,"group_idyes"
"16990","PHLDB3","Exc L4-5 RORB GABRG1",-0.0355549207788531,2.67874127495932,0.232986222109747,0.629592902538652,0.999997068196745,0.999983379322086,"group_idyes"
"16991","ETHE1","Exc L4-5 RORB GABRG1",-0.115485789577281,3.4385650878077,4.54727121588689,0.0336039429341403,0.999997068196745,0.999983379322086,"group_idyes"
"16992","ZNF575","Exc L4-5 RORB GABRG1",-0.0848074896020289,1.49559576985602,0.924875702195508,0.404259221796495,0.999997068196745,0.999983379322086,"group_idyes"
"16993","XRCC1","Exc L4-5 RORB GABRG1",0.0143274440297794,3.40641897936764,0.0737770771691159,0.786060401353796,0.999997068196745,0.999983379322086,"group_idyes"
"16994","L34079.1","Exc L4-5 RORB GABRG1",-0.027809669681039,0.845122981399577,0.0467314984152958,0.828966148471691,0.999997068196745,0.999983379322086,"group_idyes"
"16995","PINLYP","Exc L4-5 RORB GABRG1",-0.00855594832127712,1.1882490310599,0.00513861500166541,0.942890532446722,0.999997068196745,0.999983379322086,"group_idyes"
"16996","SRRM5","Exc L4-5 RORB GABRG1",-0.0329740285843375,1.65007153159586,0.13158537813051,0.716993093300875,0.999997068196745,0.999983379322086,"group_idyes"
"16997","ZNF428","Exc L4-5 RORB GABRG1",-0.0362970447369756,4.94403595804297,0.171497985062508,0.679014695487167,0.999997068196745,0.999983379322086,"group_idyes"
"16998","CADM4","Exc L4-5 RORB GABRG1",0.00443483558495462,4.51626004159945,0.0080433141934313,0.928584582410856,0.999997068196745,0.999983379322086,"group_idyes"
"16999","PLAUR","Exc L4-5 RORB GABRG1",0.0654023239766738,3.19952056604388,0.747801300482161,0.38771210432451,0.999997068196745,0.999983379322086,"group_idyes"
"17000","SMG9","Exc L4-5 RORB GABRG1",0.00685639934850884,4.95350161410281,0.0338568298792065,0.877539065738825,0.999997068196745,0.999983379322086,"group_idyes"
"17001","KCNN4","Exc L4-5 RORB GABRG1",-0.100680956463361,1.58177615696442,0.573632550741313,0.449282650198812,0.999997068196745,0.999983379322086,"group_idyes"
"17002","AC115522.1","Exc L4-5 RORB GABRG1",0.0678875202591436,1.64470263607577,0.553344108738718,0.45740855922005,0.999997068196745,0.999983379322086,"group_idyes"
"17003","LYPD5","Exc L4-5 RORB GABRG1",-0.0236981453640937,4.09411567173424,0.306094453128117,0.580408080881659,0.999997068196745,0.999983379322086,"group_idyes"
"17004","ZNF283","Exc L4-5 RORB GABRG1",0.0112862312513936,4.19568011035434,0.0769709200863545,0.78159409933139,0.999997068196745,0.999983379322086,"group_idyes"
"17005","ZNF404","Exc L4-5 RORB GABRG1",0.0443567441228838,2.76568137960919,0.445197633867252,0.932315817168926,0.999997068196745,0.999983379322086,"group_idyes"
"17006","AC006213.2","Exc L4-5 RORB GABRG1",-0.0772179802736097,1.32654758124159,0.259657447231672,0.610647748916336,0.999997068196745,0.999983379322086,"group_idyes"
"17007","AC006213.3","Exc L4-5 RORB GABRG1",0.013951110306062,4.04954689690705,0.0726506644895104,0.806309641437908,0.999997068196745,0.999983379322086,"group_idyes"
"17008","ZNF45","Exc L4-5 RORB GABRG1",0.0408362853606451,2.35808089860535,0.287111191090158,0.995067391782588,0.999997068196745,0.999983379322086,"group_idyes"
"17009","ZNF221","Exc L4-5 RORB GABRG1",-0.15207064134748,2.54161290291918,3.73544641989259,0.054003064071914,0.999997068196745,0.999983379322086,"group_idyes"
"17010","ZNF155","Exc L4-5 RORB GABRG1",0.081364004061868,5.37038844184775,3.00057577265125,0.0840363916627398,0.999997068196745,0.999983379322086,"group_idyes"
"17011","ZNF230","Exc L4-5 RORB GABRG1",0.0220408827270964,2.99137821120127,0.137761538913692,0.710720864600118,0.999997068196745,0.999983379322086,"group_idyes"
"17012","AC067968.1","Exc L4-5 RORB GABRG1",-0.0640920420155963,2.04574030691422,0.769156515079668,0.381025414421931,0.999997068196745,0.999983379322086,"group_idyes"
"17013","ZNF284","Exc L4-5 RORB GABRG1",-0.0477072017746725,1.42430745943471,0.248190775084689,0.684581564453361,0.999997068196745,0.999983379322086,"group_idyes"
"17014","ZNF224","Exc L4-5 RORB GABRG1",0.0600461150022639,4.91537490772042,2.90805394589397,0.088945354610016,0.999997068196745,0.999983379322086,"group_idyes"
"17015","AC021092.1","Exc L4-5 RORB GABRG1",-0.0937817548158687,1.345459141947,0.806977218188204,0.369577291862557,0.999997068196745,0.999983379322086,"group_idyes"
"17016","ZNF225","Exc L4-5 RORB GABRG1",0.0215243505247324,2.44702839867059,0.110105378647732,0.740204884162529,0.999997068196745,0.999983379322086,"group_idyes"
"17017","ZNF234","Exc L4-5 RORB GABRG1",-0.0346321263669436,3.19788036743607,0.407933303018306,0.523400378969544,0.999997068196745,0.999983379322086,"group_idyes"
"17018","ZNF226","Exc L4-5 RORB GABRG1",-0.00109262982597786,4.13217003773207,0.00062945149768087,0.982841309425859,0.999997068196745,0.999983379322086,"group_idyes"
"17019","ZNF227","Exc L4-5 RORB GABRG1",-0.00714561752494045,3.85349401335978,0.0304393462075587,0.861588856849634,0.999997068196745,0.999983379322086,"group_idyes"
"17020","ZNF235","Exc L4-5 RORB GABRG1",0.000434612547002669,5.77961845327386,0.000104200102311542,0.991860750446269,0.999997068196745,0.999983379322086,"group_idyes"
"17021","ZNF233","Exc L4-5 RORB GABRG1",-0.0139500001643752,2.90057906867817,0.0541233846457642,0.816161311961361,0.999997068196745,0.999983379322086,"group_idyes"
"17022","ZNF112","Exc L4-5 RORB GABRG1",0.175260944853229,2.22919894678456,6.13816081147717,0.0313984116395595,0.999997068196745,0.999983379322086,"group_idyes"
"17023","AC245748.1","Exc L4-5 RORB GABRG1",0.0213307893178227,1.35960447593161,0.0454694334483496,0.831256126931939,0.999997068196745,0.999983379322086,"group_idyes"
"17024","ZNF180","Exc L4-5 RORB GABRG1",0.0185603501365889,3.01867490331562,0.116836129650709,0.732678251088978,0.999997068196745,0.999983379322086,"group_idyes"
"17025","AC243964.2","Exc L4-5 RORB GABRG1",-0.0565063629032001,3.02670994653886,0.212033095456767,0.645438684229188,0.999997068196745,0.999983379322086,"group_idyes"
"17026","PVR","Exc L4-5 RORB GABRG1",-0.0875594019381571,2.69317383929024,1.50720845059323,0.220316154385762,0.999997068196745,0.999983379322086,"group_idyes"
"17027","CEACAM19","Exc L4-5 RORB GABRG1",0.0112044806485248,4.69590854669293,0.060633097378202,0.805629408172781,0.999997068196745,0.999983379322086,"group_idyes"
"17028","BCAM","Exc L4-5 RORB GABRG1",-0.193692840845331,0.584023379668887,1.26996644856392,0.260475352170111,0.999997068196745,0.999983379322086,"group_idyes"
"17029","NECTIN2","Exc L4-5 RORB GABRG1",-0.0168210744866761,2.6657210182857,0.0311519449849658,0.859994698748084,0.999997068196745,0.999983379322086,"group_idyes"
"17030","AC011481.2","Exc L4-5 RORB GABRG1",0.144923732499759,0.406421360713168,0.917857789731419,0.602902171242508,0.999997068196745,0.999983379322086,"group_idyes"
"17031","TOMM40","Exc L4-5 RORB GABRG1",-0.0496888079848406,4.63678549372063,1.23510801808333,0.267109973520534,0.999997068196745,0.999983379322086,"group_idyes"
"17032","APOE","Exc L4-5 RORB GABRG1",0.0134481606676823,3.00184224528896,0.014875474966624,0.902990372249254,0.999997068196745,0.999983379322086,"group_idyes"
"17033","AC011481.1","Exc L4-5 RORB GABRG1",0.034499625228309,1.64056285184179,0.154646486252395,0.694351798873432,0.999997068196745,0.999983379322086,"group_idyes"
"17034","CLPTM1","Exc L4-5 RORB GABRG1",0.014861267668505,5.80453136003798,0.168323252683272,0.681834679746111,0.999997068196745,0.999983379322086,"group_idyes"
"17035","RELB","Exc L4-5 RORB GABRG1",-0.0469344558507394,2.16502009216399,0.167252011648829,0.682793228806021,0.999997068196745,0.999983379322086,"group_idyes"
"17036","CLASRP","Exc L4-5 RORB GABRG1",-0.000340718146014644,5.6986463432253,7.20268600218365e-05,0.993232942485436,0.999997068196745,0.999983379322086,"group_idyes"
"17037","ZNF296","Exc L4-5 RORB GABRG1",0.167265134852041,0.729905314833025,1.50725741279746,0.220308674455456,0.999997068196745,0.999983379322086,"group_idyes"
"17038","GEMIN7-AS1","Exc L4-5 RORB GABRG1",0.00577640413810213,3.29726992363532,0.007757991504139,0.929859348278723,0.999997068196745,0.999983379322086,"group_idyes"
"17039","MARK4","Exc L4-5 RORB GABRG1",-0.0191168141064566,6.06298403317787,0.27709024659661,0.598918070901096,0.999997068196745,0.999983379322086,"group_idyes"
"17040","NKPD1","Exc L4-5 RORB GABRG1",-0.0204716842592582,1.52014721524752,0.0211538695656512,0.884436733007614,0.999997068196745,0.999983379322086,"group_idyes"
"17041","TRAPPC6A","Exc L4-5 RORB GABRG1",-0.0393714134743508,2.51709531397976,0.256230063111128,0.712045639512947,0.999997068196745,0.999983379322086,"group_idyes"
"17042","EXOC3L2","Exc L4-5 RORB GABRG1",0.0393167084154541,1.30799431475229,0.0779192798771793,0.780287184886997,0.999997068196745,0.999983379322086,"group_idyes"
"17043","CKM","Exc L4-5 RORB GABRG1",-0.0649848647526361,0.501481624262254,0.17165797617163,0.678873393996118,0.999997068196745,0.999983379322086,"group_idyes"
"17044","KLC3","Exc L4-5 RORB GABRG1",0.470930717537942,0.700670197026505,7.8776717829554,0.0052594559837605,0.999997068196745,0.999983379322086,"group_idyes"
"17045","ERCC2","Exc L4-5 RORB GABRG1",-0.0884939217993815,3.34640251315986,2.9881963992065,0.0846758100430503,0.999997068196745,0.999983379322086,"group_idyes"
"17046","PPP1R13L","Exc L4-5 RORB GABRG1",-0.018760294510561,1.01432780373303,0.0271671240824089,0.996030128804274,0.999997068196745,0.999983379322086,"group_idyes"
"17047","CD3EAP","Exc L4-5 RORB GABRG1",-0.15466327683895,2.28068828026443,3.17480137501672,0.0755709678928551,0.999997068196745,0.999983379322086,"group_idyes"
"17048","ERCC1","Exc L4-5 RORB GABRG1",-0.0520287276220951,5.44984203861108,1.83463014913805,0.176376556714952,0.999997068196745,0.999983379322086,"group_idyes"
"17049","FOSB","Exc L4-5 RORB GABRG1",-0.0168955188581564,2.9295597747903,0.0337853691650305,0.854260941392344,0.999997068196745,0.999983379322086,"group_idyes"
"17050","RTN2","Exc L4-5 RORB GABRG1",0.00746680577339644,5.14050147608488,0.0408979273729863,0.839841971305433,0.999997068196745,0.999983379322086,"group_idyes"
"17051","PPM1N","Exc L4-5 RORB GABRG1",0.0836858604254963,1.73242027653533,0.850162228353134,0.357084290786919,0.999997068196745,0.999983379322086,"group_idyes"
"17052","VASP","Exc L4-5 RORB GABRG1",0.0140306704277748,2.4179320445253,0.0413514693069056,0.838968511766595,0.999997068196745,0.999983379322086,"group_idyes"
"17053","OPA3","Exc L4-5 RORB GABRG1",0.0090342570260541,4.05676810202889,0.0369444109710855,0.847679681209017,0.999997068196745,0.999983379322086,"group_idyes"
"17054","EML2","Exc L4-5 RORB GABRG1",-0.0337527179134067,5.91910343501558,0.795954000794057,0.372863471996807,0.999997068196745,0.999983379322086,"group_idyes"
"17055","SNRPD2","Exc L4-5 RORB GABRG1",-0.106090466613272,4.25032876206974,0.921450741377524,0.337697216147912,0.999997068196745,0.999983379322086,"group_idyes"
"17056","QPCTL","Exc L4-5 RORB GABRG1",-0.0821594359542852,3.1958022566497,1.92843371818113,0.165733308618983,0.999997068196745,0.999983379322086,"group_idyes"
"17057","FBXO46","Exc L4-5 RORB GABRG1",0.0103828853287519,3.68923362442316,0.04631771511799,0.829713340498871,0.999997068196745,0.999983379322086,"group_idyes"
"17058","BHMG1","Exc L4-5 RORB GABRG1",0.130005040391325,0.524299801520438,0.800946179768504,0.583536563535715,0.999997068196745,0.999983379322086,"group_idyes"
"17059","DMPK","Exc L4-5 RORB GABRG1",-0.0436691522040431,4.57955768243432,0.939547814366849,0.333003119478646,0.999997068196745,0.999983379322086,"group_idyes"
"17060","DMWD","Exc L4-5 RORB GABRG1",0.0465285121465516,1.44261588673739,0.196552938775396,0.695340870870725,0.999997068196745,0.999983379322086,"group_idyes"
"17061","RSPH6A","Exc L4-5 RORB GABRG1",-0.192610722347473,0.790371003537504,2.2512253978908,0.152767310178884,0.999997068196745,0.999983379322086,"group_idyes"
"17062","SYMPK","Exc L4-5 RORB GABRG1",-0.0351484340815908,5.82628325799957,1.50451078138036,0.220728746735112,0.999997068196745,0.999983379322086,"group_idyes"
"17063","IRF2BP1","Exc L4-5 RORB GABRG1",0.125489339890039,3.34526894385575,2.30252317559213,0.129985271188035,0.999997068196745,0.999983379322086,"group_idyes"
"17064","MYPOP","Exc L4-5 RORB GABRG1",0.0274840645661045,4.23895165538273,0.364101590801291,0.54659266511736,0.999997068196745,0.999983379322086,"group_idyes"
"17065","NANOS2","Exc L4-5 RORB GABRG1",0.244393922405271,-0.0213052584846917,1.10890380969264,0.292981270167818,0.999997068196745,0.999983379322086,"group_idyes"
"17066","NOVA2","Exc L4-5 RORB GABRG1",0.0498279288049774,5.92726602563314,1.67552150166872,0.196296987851721,0.999997068196745,0.999983379322086,"group_idyes"
"17067","CCDC61","Exc L4-5 RORB GABRG1",-0.0209590401808905,3.06081047133658,0.0969023049666244,0.976553815765184,0.999997068196745,0.999983379322086,"group_idyes"
"17068","PGLYRP1","Exc L4-5 RORB GABRG1",-0.0616665667570762,1.23196200484538,0.159266971847982,0.690053721190386,0.999997068196745,0.999983379322086,"group_idyes"
"17069","AC007785.3","Exc L4-5 RORB GABRG1",-0.0954274289959317,2.82039488511511,1.71435570578382,0.191202625372437,0.999997068196745,0.999983379322086,"group_idyes"
"17070","IGFL4","Exc L4-5 RORB GABRG1",0.0545521256117659,5.47414144518075,1.34530679413052,0.246819557070595,0.999997068196745,0.999983379322086,"group_idyes"
"17071","AC007785.1","Exc L4-5 RORB GABRG1",-0.0398444896177818,5.3662304442804,0.453321999836413,0.501165841948634,0.999997068196745,0.999983379322086,"group_idyes"
"17072","AC006262.2","Exc L4-5 RORB GABRG1",-0.140596321530463,0.925462065936739,0.799370745864698,0.371840530737079,0.999997068196745,0.999983379322086,"group_idyes"
"17073","IGFL2-AS1","Exc L4-5 RORB GABRG1",0.0169618365563134,0.883198327105876,0.0134900177190103,0.907597009220527,0.999997068196745,0.999983379322086,"group_idyes"
"17074","HIF3A","Exc L4-5 RORB GABRG1",0.0713951701214432,1.77494622460265,0.363090992585273,0.547149562309371,0.999997068196745,0.999983379322086,"group_idyes"
"17075","AC007193.2","Exc L4-5 RORB GABRG1",0.0422462079796635,0.27049389988759,0.0789649643218298,0.778856050694588,0.999997068196745,0.999983379322086,"group_idyes"
"17076","PPP5C","Exc L4-5 RORB GABRG1",-0.0032416617113469,5.37878298653828,0.0095569559518394,0.976728814322274,0.999997068196745,0.999983379322086,"group_idyes"
"17077","PNMA8C","Exc L4-5 RORB GABRG1",0.0211469902487821,4.73009521146708,0.100863516318192,0.750968125548838,0.999997068196745,0.999983379322086,"group_idyes"
"17078","PNMA8A","Exc L4-5 RORB GABRG1",0.053383896821182,5.72834697722376,0.482531813859482,0.487697016671921,0.999997068196745,0.999983379322086,"group_idyes"
"17079","PPP5D1","Exc L4-5 RORB GABRG1",0.0284269793345435,4.02692255358476,0.300350937984722,0.973728891545766,0.999997068196745,0.999983379322086,"group_idyes"
"17080","CALM3","Exc L4-5 RORB GABRG1",0.0275348039760641,8.17669597723709,0.13007971297145,0.718547345175394,0.999997068196745,0.999983379322086,"group_idyes"
"17081","AC093503.2","Exc L4-5 RORB GABRG1",0.012099524498591,0.867922380775612,0.00648268117334478,0.935869453713493,0.999997068196745,0.999983379322086,"group_idyes"
"17082","DACT3","Exc L4-5 RORB GABRG1",0.0347465372416562,3.56572494810821,0.417125512285122,0.758779371372171,0.999997068196745,0.999983379322086,"group_idyes"
"17083","DACT3-AS1","Exc L4-5 RORB GABRG1",0.0407837469400979,2.47778367583718,0.275210167024972,0.600160102401227,0.999997068196745,0.999983379322086,"group_idyes"
"17084","PRKD2","Exc L4-5 RORB GABRG1",0.0890845784402098,3.04536713660636,0.875793419126165,0.349943459951069,0.999997068196745,0.999983379322086,"group_idyes"
"17085","STRN4","Exc L4-5 RORB GABRG1",0.036992983960235,5.03391473868731,0.623242019228906,0.430331334487274,0.999997068196745,0.999983379322086,"group_idyes"
"17086","FKRP","Exc L4-5 RORB GABRG1",-0.0179157188670838,4.13028367421858,0.112887728985464,0.737063308795845,0.999997068196745,0.999983379322086,"group_idyes"
"17087","AP2S1","Exc L4-5 RORB GABRG1",-0.0269097081964725,5.13808255375489,0.115446153608024,0.734212383221428,0.999997068196745,0.999983379322086,"group_idyes"
"17088","ARHGAP35","Exc L4-5 RORB GABRG1",-0.031518618165882,6.60301518062885,0.990838110512545,0.320163257788854,0.999997068196745,0.999983379322086,"group_idyes"
"17089","NPAS1","Exc L4-5 RORB GABRG1",-0.102038459416043,3.91019119753765,2.22520755323072,0.136593894887127,0.999997068196745,0.999983379322086,"group_idyes"
"17090","TMEM160","Exc L4-5 RORB GABRG1",-0.0513618195578621,5.52122220857411,0.252925137517657,0.615310660382064,0.999997068196745,0.999983379322086,"group_idyes"
"17091","ZC3H4","Exc L4-5 RORB GABRG1",0.0265292430094225,4.23392253507533,0.401661420060987,0.526609074509582,0.999997068196745,0.999983379322086,"group_idyes"
"17092","SAE1","Exc L4-5 RORB GABRG1",0.0107729007915727,5.48140384989546,0.125487794028749,0.723351179017495,0.999997068196745,0.999983379322086,"group_idyes"
"17093","BBC3","Exc L4-5 RORB GABRG1",-0.071774993639783,3.21340307466315,1.22013370945691,0.270024750474387,0.999997068196745,0.999983379322086,"group_idyes"
"17094","CCDC9","Exc L4-5 RORB GABRG1",-0.114699495938158,2.55103018820798,2.70867438094881,0.100620543456125,0.999997068196745,0.999983379322086,"group_idyes"
"17095","INAFM1","Exc L4-5 RORB GABRG1",-0.042791043052903,3.09305116737143,0.268249750797014,0.604805973458093,0.999997068196745,0.999983379322086,"group_idyes"
"17096","C5AR1","Exc L4-5 RORB GABRG1",0.0412935532627651,1.85899177707186,0.113655774999892,0.736203705620031,0.999997068196745,0.999983379322086,"group_idyes"
"17097","DHX34","Exc L4-5 RORB GABRG1",-0.0382611528328441,4.24789875295959,0.495668270156443,0.481835556013768,0.999997068196745,0.999983379322086,"group_idyes"
"17098","MEIS3","Exc L4-5 RORB GABRG1",-0.0542674067455851,5.61479489970682,0.647914869179045,0.421356306043959,0.999997068196745,0.999983379322086,"group_idyes"
"17099","SLC8A2","Exc L4-5 RORB GABRG1",0.0337973022169834,6.59753606977368,0.969481769019844,0.32542825430945,0.999997068196745,0.999983379322086,"group_idyes"
"17100","KPTN","Exc L4-5 RORB GABRG1",0.0450742189058419,2.27418616140475,0.334982876895567,0.760875501039951,0.999997068196745,0.999983379322086,"group_idyes"
"17101","NAPA-AS1","Exc L4-5 RORB GABRG1",-0.183917449091425,1.43495092979204,2.61031936653065,0.106990084630142,0.999997068196745,0.999983379322086,"group_idyes"
"17102","NAPA","Exc L4-5 RORB GABRG1",-0.012826382904047,6.02097716559228,0.0642674560566018,0.800009342785127,0.999997068196745,0.999983379322086,"group_idyes"
"17103","ZNF541","Exc L4-5 RORB GABRG1",0.0123416876543793,2.77901686879383,0.026282191188731,0.871298172964622,0.999997068196745,0.999983379322086,"group_idyes"
"17104","AC010331.1","Exc L4-5 RORB GABRG1",0.00318277966963185,1.68510975286377,0.000977229140795035,0.975077870712319,0.999997068196745,0.999983379322086,"group_idyes"
"17105","BICRA-AS1","Exc L4-5 RORB GABRG1",-0.110846429941487,0.966800405440828,0.650048776071683,0.420593322071302,0.999997068196745,0.999983379322086,"group_idyes"
"17106","EHD2","Exc L4-5 RORB GABRG1",-0.0438415181273223,3.14172745726278,0.459921946184877,0.498068131794621,0.999997068196745,0.999983379322086,"group_idyes"
"17107","NOP53","Exc L4-5 RORB GABRG1",0.0597362281799088,3.05931472577943,0.558272290077543,0.455413595347717,0.999997068196745,0.999983379322086,"group_idyes"
"17108","NOP53-AS1","Exc L4-5 RORB GABRG1",0.0653812593122208,1.09142780199592,0.298081504179517,0.585404087598709,0.999997068196745,0.999983379322086,"group_idyes"
"17109","SELENOW","Exc L4-5 RORB GABRG1",-0.0425297045194501,7.17330510761517,0.197350942933379,0.65711741214053,0.999997068196745,0.999983379322086,"group_idyes"
"17110","CRX","Exc L4-5 RORB GABRG1",-0.141406801726877,0.403245731238771,0.763373493686949,0.382819881807761,0.999997068196745,0.999983379322086,"group_idyes"
"17111","PLA2G4C","Exc L4-5 RORB GABRG1",-0.0466268875020223,5.87624615354053,1.05058498363953,0.306016419825048,0.999997068196745,0.999983379322086,"group_idyes"
"17112","LIG1","Exc L4-5 RORB GABRG1",-0.0941162519474529,3.65273017982198,3.22322272786042,0.0733852482704517,0.999997068196745,0.999983379322086,"group_idyes"
"17113","AC011466.3","Exc L4-5 RORB GABRG1",0.0750762790967985,0.543934192710698,0.223807701077768,0.636422122910501,0.999997068196745,0.999983379322086,"group_idyes"
"17114","ZSWIM9","Exc L4-5 RORB GABRG1",-0.0463773785453307,3.69725438811775,1.01747197030893,0.670327338395427,0.999997068196745,0.999983379322086,"group_idyes"
"17115","CARD8","Exc L4-5 RORB GABRG1",0.00464447065350888,2.06809111793657,0.00340979100626197,0.953465576216726,0.999997068196745,0.999983379322086,"group_idyes"
"17116","AC011466.1","Exc L4-5 RORB GABRG1",0.051308797717178,2.14404071119587,0.375633094330044,0.540311761791302,0.999997068196745,0.999983379322086,"group_idyes"
"17117","ZNF114","Exc L4-5 RORB GABRG1",-0.0682933406587168,0.83871214940537,0.205930019670258,0.650232161065503,0.999997068196745,0.999983379322086,"group_idyes"
"17118","CCDC114","Exc L4-5 RORB GABRG1",0.13651269080865,0.350413554024432,0.750029720782794,0.387006567629786,0.999997068196745,0.999983379322086,"group_idyes"
"17119","EMP3","Exc L4-5 RORB GABRG1",-0.0206260061376624,1.33869841813535,0.0456445493858456,0.830936415239572,0.999997068196745,0.999983379322086,"group_idyes"
"17120","TMEM143","Exc L4-5 RORB GABRG1",-0.0455011179882646,4.05465269506929,0.586900966166883,0.44408977297088,0.999997068196745,0.999983379322086,"group_idyes"
"17121","KDELR1","Exc L4-5 RORB GABRG1",-0.0115301230330308,4.37602902997748,0.0486985557532951,0.825460618871432,0.999997068196745,0.999983379322086,"group_idyes"
"17122","GRIN2D","Exc L4-5 RORB GABRG1",0.00697213354552389,1.82056104489828,0.00358970273668966,0.952255136826666,0.999997068196745,0.999983379322086,"group_idyes"
"17123","GRWD1","Exc L4-5 RORB GABRG1",0.0608302663569291,2.55977994318427,0.512013500592943,0.474702555773104,0.999997068196745,0.999983379322086,"group_idyes"
"17124","KCNJ14","Exc L4-5 RORB GABRG1",0.0704107252419524,2.30530602826624,0.664797667254182,0.415375743737221,0.999997068196745,0.999983379322086,"group_idyes"
"17125","CYTH2","Exc L4-5 RORB GABRG1",-0.0426600405702791,3.80869130108708,0.423669180096603,0.515500398945093,0.999997068196745,0.999983379322086,"group_idyes"
"17126","LMTK3","Exc L4-5 RORB GABRG1",-0.0101758889778337,6.79690657588275,0.0290468874158595,0.86476041114181,0.999997068196745,0.999983379322086,"group_idyes"
"17127","AC008403.3","Exc L4-5 RORB GABRG1",0.0573295342282868,2.60264467420672,0.372511895800159,0.541998595270993,0.999997068196745,0.999983379322086,"group_idyes"
"17128","SULT2B1","Exc L4-5 RORB GABRG1",0.150512802309413,1.69347795498494,2.88247297790862,0.0903570277869971,0.999997068196745,0.999983379322086,"group_idyes"
"17129","RPL18","Exc L4-5 RORB GABRG1",0.0266621583004296,5.74262018662341,0.0640947846227505,0.800272474378851,0.999997068196745,0.999983379322086,"group_idyes"
"17130","AC022154.1","Exc L4-5 RORB GABRG1",-0.0256720723463719,0.766036783401199,0.0353922994059527,0.850875176071302,0.999997068196745,0.999983379322086,"group_idyes"
"17131","SPHK2","Exc L4-5 RORB GABRG1",0.0426622484154661,3.99651051638712,0.727559118032897,0.394206226173307,0.999997068196745,0.999983379322086,"group_idyes"
"17132","DBP","Exc L4-5 RORB GABRG1",0.0617001890548202,4.46454283237557,0.648878641932083,0.42101145033444,0.999997068196745,0.999983379322086,"group_idyes"
"17133","CA11","Exc L4-5 RORB GABRG1",-0.00810475042582292,6.9425851415188,0.0251204690115948,0.874150407684897,0.999997068196745,0.999983379322086,"group_idyes"
"17134","NTN5","Exc L4-5 RORB GABRG1",-0.0512569429842437,1.79321885177564,0.243726074940823,0.6218095153067,0.999997068196745,0.999983379322086,"group_idyes"
"17135","FUT2","Exc L4-5 RORB GABRG1",-0.026299408869024,2.60257847403442,0.088494759831961,0.76626011164236,0.999997068196745,0.999983379322086,"group_idyes"
"17136","MAMSTR","Exc L4-5 RORB GABRG1",-0.021581673394858,2.41589423714675,0.0913039840911831,0.789354371880268,0.999997068196745,0.999983379322086,"group_idyes"
"17137","RASIP1","Exc L4-5 RORB GABRG1",-0.0196868111234385,3.46245672489988,0.114274264575518,0.735513835953391,0.999997068196745,0.999983379322086,"group_idyes"
"17138","IZUMO1","Exc L4-5 RORB GABRG1",-0.0146132713281127,1.0724309387063,0.0178328512002702,0.905989037072601,0.999997068196745,0.999983379322086,"group_idyes"
"17139","FUT1","Exc L4-5 RORB GABRG1",0.0757922100273004,2.0367872320776,0.709957284732485,0.628173653786394,0.999997068196745,0.999983379322086,"group_idyes"
"17140","BCAT2","Exc L4-5 RORB GABRG1",-0.0887252229417435,4.90179923961644,3.58564977656636,0.0590306415823094,0.999997068196745,0.999983379322086,"group_idyes"
"17141","HSD17B14","Exc L4-5 RORB GABRG1",0.0237011749629434,4.10944478316891,0.191513080807704,0.661905833560989,0.999997068196745,0.999983379322086,"group_idyes"
"17142","PLEKHA4","Exc L4-5 RORB GABRG1",0.00920683908302665,0.484264574944934,0.00483240737035373,0.944615397049973,0.999997068196745,0.999983379322086,"group_idyes"
"17143","PPP1R15A","Exc L4-5 RORB GABRG1",0.041371314624747,3.87818950778079,0.397736672663526,0.52863489411306,0.999997068196745,0.999983379322086,"group_idyes"
"17144","TULP2","Exc L4-5 RORB GABRG1",0.012456908444823,1.67248205487907,0.0211212901415679,0.955342351591498,0.999997068196745,0.999983379322086,"group_idyes"
"17145","NUCB1","Exc L4-5 RORB GABRG1",0.0199464279614249,4.91379354936017,0.186286917939799,0.666266882950254,0.999997068196745,0.999983379322086,"group_idyes"
"17146","NUCB1-AS1","Exc L4-5 RORB GABRG1",-0.0369603830624122,1.50292593125579,0.0863424229433893,0.769038001675901,0.999997068196745,0.999983379322086,"group_idyes"
"17147","DHDH","Exc L4-5 RORB GABRG1",0.0123126452027124,1.68974123964516,0.01885362163221,0.890858787937155,0.999997068196745,0.999983379322086,"group_idyes"
"17148","BAX","Exc L4-5 RORB GABRG1",-0.017644531795021,3.09532461308036,0.0420223915288427,0.837685506461365,0.999997068196745,0.999983379322086,"group_idyes"
"17149","FTL","Exc L4-5 RORB GABRG1",0.0391586591061049,6.82018203371148,0.16904593597424,0.681190032864089,0.999997068196745,0.999983379322086,"group_idyes"
"17150","GYS1","Exc L4-5 RORB GABRG1",-0.0290124956113503,5.06318903007762,0.381176492469233,0.537339502065245,0.999997068196745,0.999983379322086,"group_idyes"
"17151","RUVBL2","Exc L4-5 RORB GABRG1",0.0337411026174507,3.6728133721366,0.329992336030569,0.565999324404124,0.999997068196745,0.999983379322086,"group_idyes"
"17152","SNRNP70","Exc L4-5 RORB GABRG1",-0.0620794093356947,7.2468740233324,3.45174749957122,0.0639486692251467,0.999997068196745,0.999983379322086,"group_idyes"
"17153","LIN7B","Exc L4-5 RORB GABRG1",0.00870901186730601,3.94603854278989,0.0138512743237024,0.906373569732775,0.999997068196745,0.999983379322086,"group_idyes"
"17154","C19orf73","Exc L4-5 RORB GABRG1",0.125769652190039,1.21740133222628,1.16131210179586,0.281868810470131,0.999997068196745,0.999983379322086,"group_idyes"
"17155","PPFIA3","Exc L4-5 RORB GABRG1",-0.0319456660295496,5.69122526737372,0.730254326967353,0.393332564519072,0.999997068196745,0.999983379322086,"group_idyes"
"17156","TRPM4","Exc L4-5 RORB GABRG1",0.0933326962568871,1.42153022049423,0.78300311941218,0.376776930891859,0.999997068196745,0.999983379322086,"group_idyes"
"17157","SLC6A16","Exc L4-5 RORB GABRG1",-0.0136049958146817,3.3847179265243,0.032252959842996,0.857568146636084,0.999997068196745,0.999983379322086,"group_idyes"
"17158","AC010643.1","Exc L4-5 RORB GABRG1",0.064567796592937,0.874387259192437,0.219331105935059,0.6398152714938,0.999997068196745,0.999983379322086,"group_idyes"
"17159","CCDC155","Exc L4-5 RORB GABRG1",-1.05163956236575,0.943263908399378,13.8550273756441,0.000226939000070361,0.512031118908753,0.481447846663557,"group_idyes"
"17160","SLC17A7","Exc L4-5 RORB GABRG1",-0.0098460170614755,7.65614708262752,0.0363023863640743,0.848992883170632,0.999997068196745,0.999983379322086,"group_idyes"
"17161","PIH1D1","Exc L4-5 RORB GABRG1",-0.0501496500713274,4.0558770075284,0.62286045152637,0.430472393809388,0.999997068196745,0.999983379322086,"group_idyes"
"17162","RPL13A","Exc L4-5 RORB GABRG1",-0.0134816783111544,5.49754355148434,0.012517312445795,0.910976271357356,0.999997068196745,0.999983379322086,"group_idyes"
"17163","RPS11","Exc L4-5 RORB GABRG1",0.0454658586408262,4.83731359217764,0.222780831332745,0.637196772156359,0.999997068196745,0.999983379322086,"group_idyes"
"17164","RCN3","Exc L4-5 RORB GABRG1",0.041563250082463,2.48707019126521,0.339136972846719,0.560668920663813,0.999997068196745,0.999983379322086,"group_idyes"
"17165","NOSIP","Exc L4-5 RORB GABRG1",-0.0115651422453534,3.96160317286813,0.055547980269071,0.813801595479183,0.999997068196745,0.999983379322086,"group_idyes"
"17166","PRRG2","Exc L4-5 RORB GABRG1",0.0675106909680657,0.81703624225822,0.25645165470225,0.690100659691516,0.999997068196745,0.999983379322086,"group_idyes"
"17167","PRR12","Exc L4-5 RORB GABRG1",0.0376858076407463,4.82477160701766,0.788466154897929,0.375119116442555,0.999997068196745,0.999983379322086,"group_idyes"
"17168","RRAS","Exc L4-5 RORB GABRG1",-0.369062556213202,0.717413177891898,5.99162658226328,0.014820028298868,0.999997068196745,0.999983379322086,"group_idyes"
"17169","SCAF1","Exc L4-5 RORB GABRG1",0.0657822277500906,4.66483699603033,1.28746735258968,0.257221653862546,0.999997068196745,0.999983379322086,"group_idyes"
"17170","IRF3","Exc L4-5 RORB GABRG1",0.0320959728381175,3.88659512576059,0.266791759806702,0.605788812262463,0.999997068196745,0.999983379322086,"group_idyes"
"17171","PRMT1","Exc L4-5 RORB GABRG1",0.0504993089396822,4.6334805204897,0.813569152810988,0.367631456095634,0.999997068196745,0.999983379322086,"group_idyes"
"17172","CPT1C","Exc L4-5 RORB GABRG1",-0.0276424184009872,5.81178263914255,0.34128609192942,0.559430183345897,0.999997068196745,0.999983379322086,"group_idyes"
"17173","TSKS","Exc L4-5 RORB GABRG1",0.207437994804395,0.388032524056263,2.01027572828875,0.157046329926987,0.999997068196745,0.999983379322086,"group_idyes"
"17174","AP2A1","Exc L4-5 RORB GABRG1",0.00565594627126005,5.81132727168325,0.0260756941919758,0.977726827411712,0.999997068196745,0.999983379322086,"group_idyes"
"17175","FUZ","Exc L4-5 RORB GABRG1",-0.0615263529793766,2.6537686492133,0.718870838597061,0.397041706593445,0.999997068196745,0.999983379322086,"group_idyes"
"17176","MED25","Exc L4-5 RORB GABRG1",-0.0304722349297646,4.83207908102375,0.618388938610506,0.432130684041137,0.999997068196745,0.999983379322086,"group_idyes"
"17177","PTOV1-AS1","Exc L4-5 RORB GABRG1",-0.0229289235361846,1.53873089581122,0.0539140558367499,0.816510794310753,0.999997068196745,0.999983379322086,"group_idyes"
"17178","PTOV1","Exc L4-5 RORB GABRG1",0.0634685505897896,5.16824541904017,0.978994935874698,0.323068928278442,0.999997068196745,0.999983379322086,"group_idyes"
"17179","PNKP","Exc L4-5 RORB GABRG1",-0.0576721286947839,3.64431558763186,1.0973520481729,0.295505600373589,0.999997068196745,0.999983379322086,"group_idyes"
"17180","TBC1D17","Exc L4-5 RORB GABRG1",0.0287458153042173,4.40793346138478,0.369976676678906,0.878430581951953,0.999997068196745,0.999983379322086,"group_idyes"
"17181","ATF5","Exc L4-5 RORB GABRG1",0.128374723379343,1.16102987924851,1.24313695323053,0.340225345430968,0.999997068196745,0.999983379322086,"group_idyes"
"17182","VRK3","Exc L4-5 RORB GABRG1",-0.0595258153830525,4.31973640864173,2.11779523513398,0.146411446771559,0.999997068196745,0.999983379322086,"group_idyes"
"17183","ZNF473","Exc L4-5 RORB GABRG1",-0.154340204692669,2.67319025853585,6.3976867106527,0.0210885584162057,0.999997068196745,0.999983379322086,"group_idyes"
"17184","AC010624.3","Exc L4-5 RORB GABRG1",-0.0156747778372107,1.32133596739308,0.0187341215371975,0.891203056202715,0.999997068196745,0.999983379322086,"group_idyes"
"17185","AC010624.2","Exc L4-5 RORB GABRG1",0.0362978964993101,1.69993546191903,0.0878734280481155,0.767058217520528,0.999997068196745,0.999983379322086,"group_idyes"
"17186","IZUMO2","Exc L4-5 RORB GABRG1",-0.177305376841619,1.94519449448147,2.49964657759788,0.114693582069891,0.999997068196745,0.999983379322086,"group_idyes"
"17187","MYH14","Exc L4-5 RORB GABRG1",-0.0525533895556392,5.10689409137599,1.84864328274349,0.174737573239375,0.999997068196745,0.999983379322086,"group_idyes"
"17188","KCNC3","Exc L4-5 RORB GABRG1",0.00305276895908358,5.14382804632119,0.00532030427563182,0.94189143770161,0.999997068196745,0.999983379322086,"group_idyes"
"17189","NR1H2","Exc L4-5 RORB GABRG1",0.023004686009958,4.33421477190403,0.242963141748641,0.622355325259748,0.999997068196745,0.999983379322086,"group_idyes"
"17190","POLD1","Exc L4-5 RORB GABRG1",0.00183160814956872,1.34362582803866,5.95595956850949e-05,0.993846398028427,0.999997068196745,0.999983379322086,"group_idyes"
"17191","MYBPC2","Exc L4-5 RORB GABRG1",0.000726786741219098,0.117887156957475,5.64205462501074e-05,0.994010750540804,0.999997068196745,0.999983379322086,"group_idyes"
"17192","FAM71E1","Exc L4-5 RORB GABRG1",-0.0302089939478909,1.55212963302111,0.0677979536732241,0.794709659011553,0.999997068196745,0.999983379322086,"group_idyes"
"17193","EMC10","Exc L4-5 RORB GABRG1",0.0477324329492052,4.03163320645808,0.938523505506396,0.765080620161367,0.999997068196745,0.999983379322086,"group_idyes"
"17194","JOSD2","Exc L4-5 RORB GABRG1",0.0170205029909241,2.85195937004807,0.0503574930353474,0.822561500601089,0.999997068196745,0.999983379322086,"group_idyes"
"17195","ASPDH","Exc L4-5 RORB GABRG1",-0.00224866765793789,3.15706014389703,0.000602220237766754,0.980434460626651,0.999997068196745,0.999983379322086,"group_idyes"
"17196","LRRC4B","Exc L4-5 RORB GABRG1",0.00620777481964473,6.41840354595664,0.0337125703117614,0.854416278415828,0.999997068196745,0.999983379322086,"group_idyes"
"17197","SYT3","Exc L4-5 RORB GABRG1",-0.153631674523044,3.25609936372935,7.11965941600802,0.00794674901673961,0.999997068196745,0.999983379322086,"group_idyes"
"17198","C19orf81","Exc L4-5 RORB GABRG1",0.016728285376671,1.73472434758482,0.0323301356827799,0.85739967184799,0.999997068196745,0.999983379322086,"group_idyes"
"17199","SHANK1","Exc L4-5 RORB GABRG1",-0.10878848663794,5.24007200625307,4.31841397984637,0.0383645620669764,0.999997068196745,0.999983379322086,"group_idyes"
"17200","CLEC11A","Exc L4-5 RORB GABRG1",-0.049935561181352,3.33399403050441,0.387211368950724,0.534137485267808,0.999997068196745,0.999983379322086,"group_idyes"
"17201","AC010325.1","Exc L4-5 RORB GABRG1",-0.0643866388592883,1.73958371154259,0.387197229174829,0.534144947071191,0.999997068196745,0.999983379322086,"group_idyes"
"17202","C19orf48","Exc L4-5 RORB GABRG1",-0.0393220740466501,1.74350534709225,0.156500927065365,0.69488557518264,0.999997068196745,0.999983379322086,"group_idyes"
"17203","KLK5","Exc L4-5 RORB GABRG1",0.0882585014217552,1.05568308033657,0.380428095930919,0.537739028777864,0.999997068196745,0.999983379322086,"group_idyes"
"17204","KLK6","Exc L4-5 RORB GABRG1",-0.0108637261504123,0.220353905904338,0.00251772376064532,0.960007439428069,0.999997068196745,0.999983379322086,"group_idyes"
"17205","KLK7","Exc L4-5 RORB GABRG1",0.158971454907247,1.99626407368054,1.42079390964166,0.234007496513682,0.999997068196745,0.999983379322086,"group_idyes"
"17206","KLK10","Exc L4-5 RORB GABRG1",-0.0902807214009609,1.30028446248766,0.402796485755705,0.526025779652296,0.999997068196745,0.999983379322086,"group_idyes"
"17207","KLK14","Exc L4-5 RORB GABRG1",0.00378025720042484,1.28870618949874,0.00107659247421107,0.973841947921938,0.999997068196745,0.999983379322086,"group_idyes"
"17208","CTU1","Exc L4-5 RORB GABRG1",0.0437483490150086,2.45355473717056,0.295733482616008,0.707378751128121,0.999997068196745,0.999983379322086,"group_idyes"
"17209","AC063977.6","Exc L4-5 RORB GABRG1",0.0850013088008898,0.84813002730045,0.295255539523904,0.587186864734576,0.999997068196745,0.999983379322086,"group_idyes"
"17210","IGLON5","Exc L4-5 RORB GABRG1",-0.0973361960730587,3.80136245214727,1.81445929138126,0.178767089823332,0.999997068196745,0.999983379322086,"group_idyes"
"17211","VSIG10L","Exc L4-5 RORB GABRG1",-0.0745300921078525,0.939413244637777,0.343492290673383,0.558163977793496,0.999997068196745,0.999983379322086,"group_idyes"
"17212","ETFB","Exc L4-5 RORB GABRG1",-0.0440137868515701,2.34238084468681,0.113876269153669,0.735957524820668,0.999997068196745,0.999983379322086,"group_idyes"
"17213","ZNF175","Exc L4-5 RORB GABRG1",-0.00383060146408814,3.64965635578447,0.0073472675298086,0.93173661029273,0.999997068196745,0.999983379322086,"group_idyes"
"17214","SPACA6","Exc L4-5 RORB GABRG1",-0.0197695283763527,3.89398760285534,0.108254648279776,0.742319041222086,0.999997068196745,0.999983379322086,"group_idyes"
"17215","HAS1","Exc L4-5 RORB GABRG1",0.148609739400718,1.77711173448337,1.69883163997029,0.193220285673082,0.999997068196745,0.999983379322086,"group_idyes"
"17216","FPR1","Exc L4-5 RORB GABRG1",0.288830540584627,0.635218198110754,4.03798120681119,0.0451848947941491,0.999997068196745,0.999983379322086,"group_idyes"
"17217","FPR2","Exc L4-5 RORB GABRG1",-0.044619446924641,0.709656697700252,0.0933562123391804,0.760118262247274,0.999997068196745,0.999983379322086,"group_idyes"
"17218","ZNF577","Exc L4-5 RORB GABRG1",-0.00200567020758488,5.66928165736168,0.00199037250400606,0.96443845571493,0.999997068196745,0.999983379322086,"group_idyes"
"17219","ZNF649","Exc L4-5 RORB GABRG1",-0.0172974762517109,2.43221072123167,0.0564316850633539,0.893916790572437,0.999997068196745,0.999983379322086,"group_idyes"
"17220","ZNF613","Exc L4-5 RORB GABRG1",-0.0757355347517261,1.90685479225554,0.905902711962132,0.34180145009201,0.999997068196745,0.999983379322086,"group_idyes"
"17221","ZNF350-AS1","Exc L4-5 RORB GABRG1",0.0450207327872626,2.35059832488249,0.221000830997028,0.638544756927104,0.999997068196745,0.999983379322086,"group_idyes"
"17222","ZNF350","Exc L4-5 RORB GABRG1",0.028489767892728,2.07463529881748,0.0955031283142201,0.757461576226278,0.999997068196745,0.999983379322086,"group_idyes"
"17223","ZNF615","Exc L4-5 RORB GABRG1",0.0136034248344484,3.7073473011403,0.114333227423187,0.735448176914992,0.999997068196745,0.999983379322086,"group_idyes"
"17224","ZNF614","Exc L4-5 RORB GABRG1",0.00410030137787014,3.33620111718118,0.00800549069583596,0.928752245131335,0.999997068196745,0.999983379322086,"group_idyes"
"17225","ZNF432","Exc L4-5 RORB GABRG1",-0.0178158014898523,4.79997469493581,0.214624664656829,0.643428495435124,0.999997068196745,0.999983379322086,"group_idyes"
"17226","ZNF616","Exc L4-5 RORB GABRG1",-0.0149363709845715,2.55990552885353,0.0527047491615757,0.818543920646243,0.999997068196745,0.999983379322086,"group_idyes"
"17227","AC011468.3","Exc L4-5 RORB GABRG1",0.0861290772694978,1.46115372413959,0.256042039956901,0.613142267991294,0.999997068196745,0.999983379322086,"group_idyes"
"17228","ZNF836","Exc L4-5 RORB GABRG1",-0.0164862392867312,2.87799960412386,0.0773298369141227,0.781098468739538,0.999997068196745,0.999983379322086,"group_idyes"
"17229","PPP2R1A","Exc L4-5 RORB GABRG1",0.0335709570571922,6.69729707953728,0.278739892382731,0.59783269647698,0.999997068196745,0.999983379322086,"group_idyes"
"17230","AC010320.2","Exc L4-5 RORB GABRG1",0.161730250552946,0.584590768191223,1.12630626658142,0.289230344613574,0.999997068196745,0.999983379322086,"group_idyes"
"17231","ZNF766","Exc L4-5 RORB GABRG1",-0.0327467585543792,4.32423698140043,0.571649068011888,0.450067050020979,0.999997068196745,0.999983379322086,"group_idyes"
"17232","AC010320.3","Exc L4-5 RORB GABRG1",-0.079504825101866,1.49608272517978,0.602272345534927,0.512602262606724,0.999997068196745,0.999983379322086,"group_idyes"
"17233","ZNF480","Exc L4-5 RORB GABRG1",-0.14715671552028,1.57926551998248,2.61448179053289,0.152501773584347,0.999997068196745,0.999983379322086,"group_idyes"
"17234","AC010320.4","Exc L4-5 RORB GABRG1",-0.147517396530629,0.486232770958551,0.97593752869348,0.323824706899557,0.999997068196745,0.999983379322086,"group_idyes"
"17235","ZNF610","Exc L4-5 RORB GABRG1",-0.117336461578336,2.93626459319036,3.59525397980862,0.0586937756273529,0.999997068196745,0.999983379322086,"group_idyes"
"17236","ZNF880","Exc L4-5 RORB GABRG1",0.0575846034295968,2.99709999308122,0.667176027874939,0.41454339511817,0.999997068196745,0.999983379322086,"group_idyes"
"17237","ZNF528","Exc L4-5 RORB GABRG1",-0.030220606826796,4.11552900963076,0.351225534167542,0.770375145205887,0.999997068196745,0.999983379322086,"group_idyes"
"17238","ZNF534","Exc L4-5 RORB GABRG1",-0.0399045189362335,3.9052226768618,0.485782527898379,0.486235600509036,0.999997068196745,0.999983379322086,"group_idyes"
"17239","ZNF578","Exc L4-5 RORB GABRG1",-0.0015339190921918,2.72034745262122,0.000520602031321124,0.981808311804725,0.999997068196745,0.999983379322086,"group_idyes"
"17240","ZNF808","Exc L4-5 RORB GABRG1",0.0351619635189227,3.04785552305246,0.293965772213177,0.877299778390438,0.999997068196745,0.999983379322086,"group_idyes"
"17241","ZNF701","Exc L4-5 RORB GABRG1",0.0206494999866386,3.67197581860618,0.138396449683558,0.710085210216995,0.999997068196745,0.999983379322086,"group_idyes"
"17242","ZNF83","Exc L4-5 RORB GABRG1",0.00535335496934625,5.71109648198201,0.0120766515890215,0.912550883093266,0.999997068196745,0.999983379322086,"group_idyes"
"17243","ZNF611","Exc L4-5 RORB GABRG1",-0.0551531384485705,4.92004606016838,1.82931398775761,0.17700298575052,0.999997068196745,0.999983379322086,"group_idyes"
"17244","ZNF600","Exc L4-5 RORB GABRG1",-0.172305833479202,1.25138397490611,1.82465195153105,0.177554456521063,0.999997068196745,0.999983379322086,"group_idyes"
"17245","ZNF28","Exc L4-5 RORB GABRG1",-0.0410917924731117,2.4107465162178,0.345060723399439,0.557267125498118,0.999997068196745,0.999983379322086,"group_idyes"
"17246","ZNF320","Exc L4-5 RORB GABRG1",0.0603761751765029,1.63646907556378,0.402105649827462,0.526380653332812,0.999997068196745,0.999983379322086,"group_idyes"
"17247","AC010487.3","Exc L4-5 RORB GABRG1",-0.0823676886993102,0.67432027005419,0.313785591816847,0.575692451796826,0.999997068196745,0.999983379322086,"group_idyes"
"17248","ZNF160","Exc L4-5 RORB GABRG1",-0.0347816064215316,4.94213463242275,0.837278603273057,0.360749389783312,0.999997068196745,0.999983379322086,"group_idyes"
"17249","ZNF415","Exc L4-5 RORB GABRG1",0.0117275116111152,3.11232808614483,0.0482932240568046,0.826176810898684,0.999997068196745,0.999983379322086,"group_idyes"
"17250","ZNF347","Exc L4-5 RORB GABRG1",-0.0512404546781414,4.28460859563244,1.08497939956271,0.2982404007906,0.999997068196745,0.999983379322086,"group_idyes"
"17251","ZNF665","Exc L4-5 RORB GABRG1",-0.00686579834622634,3.10017192391696,0.0122741704996763,0.911841554220794,0.999997068196745,0.999983379322086,"group_idyes"
"17252","ZNF677","Exc L4-5 RORB GABRG1",-0.0383590926734006,3.27008812362129,0.46668248160043,0.494928525826891,0.999997068196745,0.999983379322086,"group_idyes"
"17253","AC092070.4","Exc L4-5 RORB GABRG1",0.0124745651822133,0.792563133297893,0.00472653177513412,0.945224513058935,0.999997068196745,0.999983379322086,"group_idyes"
"17254","ZNF845","Exc L4-5 RORB GABRG1",0.113062687793941,1.79046082980632,2.08071313288639,0.14998406257915,0.999997068196745,0.999983379322086,"group_idyes"
"17255","ZNF525","Exc L4-5 RORB GABRG1",-0.0419482033097665,2.9114793382633,0.42069154284296,0.5169791271163,0.999997068196745,0.999983379322086,"group_idyes"
"17256","ZNF765","Exc L4-5 RORB GABRG1",-0.0525331664652972,3.09525104734095,0.559653041908875,0.454857117557923,0.999997068196745,0.999983379322086,"group_idyes"
"17257","ZNF761","Exc L4-5 RORB GABRG1",-0.0171080086404556,4.09746941093958,0.0800970034933069,0.777318211222591,0.999997068196745,0.999983379322086,"group_idyes"
"17258","ZNF813","Exc L4-5 RORB GABRG1",0.382395601046939,0.647000003908891,5.30969816867344,0.0217390463191093,0.999997068196745,0.999983379322086,"group_idyes"
"17259","ZNF331","Exc L4-5 RORB GABRG1",-0.019674127878741,6.00892610285455,0.612989502782861,0.434146085148171,0.999997068196745,0.999983379322086,"group_idyes"
"17260","NLRP12","Exc L4-5 RORB GABRG1",-0.10428509806848,0.775768917914621,0.583772326478945,0.44530580038528,0.999997068196745,0.999983379322086,"group_idyes"
"17261","MYADM","Exc L4-5 RORB GABRG1",0.061470112404957,4.03533081475885,0.832575884434919,0.36210014572806,0.999997068196745,0.999983379322086,"group_idyes"
"17262","AC008440.2","Exc L4-5 RORB GABRG1",-0.10283495032329,0.456315372542888,0.271503353614835,0.602624863705282,0.999997068196745,0.999983379322086,"group_idyes"
"17263","PRKCG","Exc L4-5 RORB GABRG1",0.02729844504307,5.40120378362133,0.220054289427382,0.639264270081788,0.999997068196745,0.999983379322086,"group_idyes"
"17264","CACNG7","Exc L4-5 RORB GABRG1",-0.00494064956738261,6.07662764252384,0.0243007014722479,0.876203992468594,0.999997068196745,0.999983379322086,"group_idyes"
"17265","CACNG8","Exc L4-5 RORB GABRG1",-0.0383475754570729,7.52010529675829,1.42291541839952,0.233659270319345,0.999997068196745,0.999983379322086,"group_idyes"
"17266","CACNG6","Exc L4-5 RORB GABRG1",-0.117343673572635,0.833637875168208,0.616040275282903,0.433005594658477,0.999997068196745,0.999983379322086,"group_idyes"
"17267","OSCAR","Exc L4-5 RORB GABRG1",0.266594115538503,0.428799132901482,2.45308500600296,0.118116248387561,0.999997068196745,0.999983379322086,"group_idyes"
"17268","NDUFA3","Exc L4-5 RORB GABRG1",-0.104828322141797,3.35056756829696,1.08726121021388,0.297733595993467,0.999997068196745,0.999983379322086,"group_idyes"
"17269","TFPT","Exc L4-5 RORB GABRG1",0.0601318472447623,2.77391514762836,0.437486940924101,0.50873382235551,0.999997068196745,0.999983379322086,"group_idyes"
"17270","PRPF31","Exc L4-5 RORB GABRG1",0.0259905343366637,4.7036787186473,0.4885645206552,0.484990666370978,0.999997068196745,0.999983379322086,"group_idyes"
"17271","CNOT3","Exc L4-5 RORB GABRG1",0.0743379904407616,3.97980715220069,1.84910609984322,0.564134360597489,0.999997068196745,0.999983379322086,"group_idyes"
"17272","LENG1","Exc L4-5 RORB GABRG1",0.000117857229909884,1.6369241235749,1.17753594854316e-05,0.997263823641266,0.999997068196745,0.999983379322086,"group_idyes"
"17273","TMC4","Exc L4-5 RORB GABRG1",-0.283301869242962,1.41138905703972,4.41916433385206,0.0361868985883699,0.999997068196745,0.999983379322086,"group_idyes"
"17274","MBOAT7","Exc L4-5 RORB GABRG1",0.0460023271469452,5.5443980856895,1.10879799534461,0.293004267279674,0.999997068196745,0.999983379322086,"group_idyes"
"17275","TSEN34","Exc L4-5 RORB GABRG1",-0.0168256055439599,2.6062164685111,0.0430126627846581,0.835811161347163,0.999997068196745,0.999983379322086,"group_idyes"
"17276","RPS9","Exc L4-5 RORB GABRG1",-0.0134423829914348,4.98832930650426,0.0231128108160109,0.879243770064147,0.999997068196745,0.999983379322086,"group_idyes"
"17277","LAIR1","Exc L4-5 RORB GABRG1",-0.125268076161435,0.565299499220035,0.663798290063051,0.415726233370362,0.999997068196745,0.999983379322086,"group_idyes"
"17278","TTYH1","Exc L4-5 RORB GABRG1",0.000312218711159797,5.53935691041281,6.55437677936898e-05,0.993544664796795,0.999997068196745,0.999983379322086,"group_idyes"
"17279","AC245884.1","Exc L4-5 RORB GABRG1",-0.221002794007907,0.860264498002435,2.95147369113431,0.086603883929071,0.999997068196745,0.999983379322086,"group_idyes"
"17280","AC245884.10","Exc L4-5 RORB GABRG1",-0.0200238988326881,0.538707231905702,0.0194604675815872,0.889127436435691,0.999997068196745,0.999983379322086,"group_idyes"
"17281","AC245884.8","Exc L4-5 RORB GABRG1",-0.369360992532879,0.816398808379237,7.63014610362891,0.00601543672571983,0.999997068196745,0.999983379322086,"group_idyes"
"17282","LENG8-AS1","Exc L4-5 RORB GABRG1",0.0543847570399237,3.34772773864687,0.857810707859817,0.354932685123978,0.999997068196745,0.999983379322086,"group_idyes"
"17283","LENG8","Exc L4-5 RORB GABRG1",-0.0358306320673314,6.17110073156538,0.458934466165937,0.498529538850449,0.999997068196745,0.999983379322086,"group_idyes"
"17284","LENG9","Exc L4-5 RORB GABRG1",-0.171872879892199,0.897428224510145,1.52389073089868,0.217785119488079,0.999997068196745,0.999983379322086,"group_idyes"
"17285","CDC42EP5","Exc L4-5 RORB GABRG1",-0.0746784991193646,1.07527085660613,0.30666073461247,0.580058251447639,0.999997068196745,0.999983379322086,"group_idyes"
"17286","NLRP7","Exc L4-5 RORB GABRG1",-0.104660516757184,0.29469750103619,0.446966982982313,0.504179735305024,0.999997068196745,0.999983379322086,"group_idyes"
"17287","NLRP2","Exc L4-5 RORB GABRG1",0.154465260351559,1.8945669023901,1.68681031604662,0.194799853684978,0.999997068196745,0.999983379322086,"group_idyes"
"17288","AC011476.3","Exc L4-5 RORB GABRG1",0.103291485570625,4.39900130372392,2.06714161233192,0.15131622221524,0.999997068196745,0.999983379322086,"group_idyes"
"17289","GP6","Exc L4-5 RORB GABRG1",-0.0993597537698524,4.43478964289234,2.59134815313969,0.108269005766188,0.999997068196745,0.999983379322086,"group_idyes"
"17290","RDH13","Exc L4-5 RORB GABRG1",-0.0209791643760884,4.39065473889581,0.216091220585351,0.642297465880098,0.999997068196745,0.999983379322086,"group_idyes"
"17291","PPP1R12C","Exc L4-5 RORB GABRG1",-0.0375243941984021,4.60955830011846,1.0036770220579,0.317052091687593,0.999997068196745,0.999983379322086,"group_idyes"
"17292","TNNT1","Exc L4-5 RORB GABRG1",-0.159307338592192,0.435358964406937,1.08937066458348,0.297266058940707,0.999997068196745,0.999983379322086,"group_idyes"
"17293","DNAAF3","Exc L4-5 RORB GABRG1",-0.187487509979335,0.312385991552138,1.25637205451622,0.263038091754592,0.999997068196745,0.999983379322086,"group_idyes"
"17294","AC010327.3","Exc L4-5 RORB GABRG1",-0.0593936904353087,0.781959819448782,0.146588182457975,0.702028813150263,0.999997068196745,0.999983379322086,"group_idyes"
"17295","SYT5","Exc L4-5 RORB GABRG1",0.0227778439948502,5.453710647419,0.138301705786362,0.710179959554706,0.999997068196745,0.999983379322086,"group_idyes"
"17296","PTPRH","Exc L4-5 RORB GABRG1",-0.0429303968834536,0.398869634359476,0.094558797972687,0.75862606115453,0.999997068196745,0.999983379322086,"group_idyes"
"17297","TMEM86B","Exc L4-5 RORB GABRG1",-0.0402414422655792,3.06936947626754,0.370577226193372,0.543049054353993,0.999997068196745,0.999983379322086,"group_idyes"
"17298","PPP6R1","Exc L4-5 RORB GABRG1",-0.00863507147775949,5.02666222645096,0.0654326733981629,0.798243440197933,0.999997068196745,0.999983379322086,"group_idyes"
"17299","HSPBP1","Exc L4-5 RORB GABRG1",0.0085312505768854,4.3629700030093,0.0201414891907045,0.88721691945114,0.999997068196745,0.999983379322086,"group_idyes"
"17300","BRSK1","Exc L4-5 RORB GABRG1",0.00827183011772517,5.86241013553594,0.0411109113854448,0.839431168651122,0.999997068196745,0.999983379322086,"group_idyes"
"17301","TMEM150B","Exc L4-5 RORB GABRG1",-0.0651733909409206,0.474404805546271,0.189348219877371,0.663703639117668,0.999997068196745,0.999983379322086,"group_idyes"
"17302","KMT5C","Exc L4-5 RORB GABRG1",-0.0701066563072329,2.97754524947906,1.38053768210994,0.240736258578763,0.999997068196745,0.999983379322086,"group_idyes"
"17303","IL11","Exc L4-5 RORB GABRG1",0.123484786718686,0.621363851874061,0.924450294970227,0.336913066240063,0.999997068196745,0.999983379322086,"group_idyes"
"17304","RPL28","Exc L4-5 RORB GABRG1",0.060416469835865,5.99760186597697,0.530098014267661,0.467008542043195,0.999997068196745,0.999983379322086,"group_idyes"
"17305","UBE2S","Exc L4-5 RORB GABRG1",0.0843269880941986,3.50860651354109,0.839218177304035,0.360194316835334,0.999997068196745,0.999983379322086,"group_idyes"
"17306","SHISA7","Exc L4-5 RORB GABRG1",0.000208237884300914,4.73026771518986,1.67222996327286e-05,0.996739346572486,0.999997068196745,0.999983379322086,"group_idyes"
"17307","ISOC2","Exc L4-5 RORB GABRG1",0.0155443962155285,3.96054841955058,0.0273598222370884,0.868709699696541,0.999997068196745,0.999983379322086,"group_idyes"
"17308","ZNF628","Exc L4-5 RORB GABRG1",0.0359972424603003,1.45049057681291,0.126284258176694,0.722510938642489,0.999997068196745,0.999983379322086,"group_idyes"
"17309","NAT14","Exc L4-5 RORB GABRG1",0.0307248843789454,4.50095009820218,0.292534053939337,0.588914211283242,0.999997068196745,0.999983379322086,"group_idyes"
"17310","SSC5D","Exc L4-5 RORB GABRG1",-0.00828004049606063,1.81050724647923,0.00609708144736972,0.937801979151425,0.999997068196745,0.999983379322086,"group_idyes"
"17311","ZNF579","Exc L4-5 RORB GABRG1",0.000363680729765776,2.97486524095846,3.09325571988025e-05,0.995565307401366,0.999997068196745,0.999983379322086,"group_idyes"
"17312","FIZ1","Exc L4-5 RORB GABRG1",0.0130869939868946,2.7180967602638,0.038598284239352,0.844350383123304,0.999997068196745,0.999983379322086,"group_idyes"
"17313","ZNF524","Exc L4-5 RORB GABRG1",0.0667820460273676,2.27502063596578,0.677997291290082,0.410787311818555,0.999997068196745,0.999983379322086,"group_idyes"
"17314","ZNF865","Exc L4-5 RORB GABRG1",0.0309769249195048,3.33088078922591,0.306414206034232,0.619166164151442,0.999997068196745,0.999983379322086,"group_idyes"
"17315","CCDC106","Exc L4-5 RORB GABRG1",0.00938799740234568,3.55708104536532,0.0154676564127324,0.901088044326736,0.999997068196745,0.999983379322086,"group_idyes"
"17316","U2AF2","Exc L4-5 RORB GABRG1",0.0667537988127032,4.38257095016835,1.46975025360272,0.226129053109545,0.999997068196745,0.999983379322086,"group_idyes"
"17317","EPN1","Exc L4-5 RORB GABRG1",0.0470361019694249,5.14975130626836,0.696310267875673,0.404544108659355,0.999997068196745,0.999983379322086,"group_idyes"
"17318","NLRP8","Exc L4-5 RORB GABRG1",0.0330965279945652,0.764243787382044,0.0591396137055013,0.807990627018866,0.999997068196745,0.999983379322086,"group_idyes"
"17319","NLRP5","Exc L4-5 RORB GABRG1",-0.318339897940317,0.430786972877318,4.10182084634114,0.0435270421996564,0.999997068196745,0.999983379322086,"group_idyes"
"17320","ZNF787","Exc L4-5 RORB GABRG1",0.0112290880211533,3.32983023083751,0.0377952831159625,0.845957403173153,0.999997068196745,0.999983379322086,"group_idyes"
"17321","ZNF444","Exc L4-5 RORB GABRG1",0.00893632250862826,4.42360075918342,0.0496301850517646,0.823826258513789,0.999997068196745,0.999983379322086,"group_idyes"
"17322","ZSCAN5A","Exc L4-5 RORB GABRG1",0.0180744946434467,5.4334476867054,0.123883399907733,0.725052914722935,0.999997068196745,0.999983379322086,"group_idyes"
"17323","EDDM13","Exc L4-5 RORB GABRG1",0.0122611833291238,1.52865431136848,0.0081592720673793,0.928073030163518,0.999997068196745,0.999983379322086,"group_idyes"
"17324","AC006116.8","Exc L4-5 RORB GABRG1",-0.0468791810372404,1.09634646795954,0.16723512373797,0.682808368814262,0.999997068196745,0.999983379322086,"group_idyes"
"17325","ZNF582","Exc L4-5 RORB GABRG1",-0.0703439971849951,2.75522956361743,1.42350468628361,0.233562658911233,0.999997068196745,0.999983379322086,"group_idyes"
"17326","ZNF582-AS1","Exc L4-5 RORB GABRG1",0.040555389527266,1.82750250502054,0.187487011261587,0.857503250384165,0.999997068196745,0.999983379322086,"group_idyes"
"17327","ZNF583","Exc L4-5 RORB GABRG1",0.0388601382479437,4.8264218219163,1.22406837173178,0.269255020969295,0.999997068196745,0.999983379322086,"group_idyes"
"17328","ZNF667","Exc L4-5 RORB GABRG1",0.00701905026208535,5.36334164525725,0.0343745902712606,0.85300998733556,0.999997068196745,0.999983379322086,"group_idyes"
"17329","ZNF667-AS1","Exc L4-5 RORB GABRG1",0.0122959839291958,5.15947419969439,0.0430252898835469,0.835787407377598,0.999997068196745,0.999983379322086,"group_idyes"
"17330","ZNF471","Exc L4-5 RORB GABRG1",0.0223864441132715,4.41858586199529,0.230363917272359,0.64793371766575,0.999997068196745,0.999983379322086,"group_idyes"
"17331","ZFP28","Exc L4-5 RORB GABRG1",-0.0153501320667485,3.00935183584596,0.0683796848478942,0.793850663462482,0.999997068196745,0.999983379322086,"group_idyes"
"17332","AC005498.3","Exc L4-5 RORB GABRG1",-0.0533476663174726,3.70335702528862,1.17637203906578,0.278775002394431,0.999997068196745,0.999983379322086,"group_idyes"
"17333","ZNF470","Exc L4-5 RORB GABRG1",-0.0355745091576933,3.60714134063122,0.432158379843324,0.511324849571209,0.999997068196745,0.999983379322086,"group_idyes"
"17334","ZNF71","Exc L4-5 RORB GABRG1",-0.0610733817107727,3.66199240222451,1.32901540352764,0.360053013382079,0.999997068196745,0.999983379322086,"group_idyes"
"17335","SMIM17","Exc L4-5 RORB GABRG1",0.041695883766002,3.98114733599996,0.514795244247538,0.473505770742553,0.999997068196745,0.999983379322086,"group_idyes"
"17336","ZNF835","Exc L4-5 RORB GABRG1",0.0299870487240784,2.45902984711562,0.218267538212309,0.640627631941894,0.999997068196745,0.999983379322086,"group_idyes"
"17337","AC006115.1","Exc L4-5 RORB GABRG1",0.0189956880607869,1.92581143608604,0.0613756927619551,0.939189749121061,0.999997068196745,0.999983379322086,"group_idyes"
"17338","AC006115.3","Exc L4-5 RORB GABRG1",0.031417497669939,4.90677332397059,0.309708643393766,0.578182577284662,0.999997068196745,0.999983379322086,"group_idyes"
"17339","ZIM2-AS1","Exc L4-5 RORB GABRG1",-0.0104996508834114,1.97333659707181,0.0132988981322681,0.908250978267911,0.999997068196745,0.999983379322086,"group_idyes"
"17340","ZIM2","Exc L4-5 RORB GABRG1",-0.0284524220317835,4.26613949528664,0.0834269823655288,0.772861456328982,0.999997068196745,0.999983379322086,"group_idyes"
"17341","MIMT1","Exc L4-5 RORB GABRG1",-0.119297871578132,2.58087011716229,2.52405467744029,0.112943375432187,0.999997068196745,0.999983379322086,"group_idyes"
"17342","ZNF264","Exc L4-5 RORB GABRG1",-0.0166287023401153,4.86624047879524,0.238648139705872,0.731273172386279,0.999997068196745,0.999983379322086,"group_idyes"
"17343","AURKC","Exc L4-5 RORB GABRG1",-0.062743607883723,1.13299699387919,0.297281157470147,0.585907874308693,0.999997068196745,0.999983379322086,"group_idyes"
"17344","ZNF805","Exc L4-5 RORB GABRG1",-0.0640511213159358,2.5795850828301,0.784027580229364,0.376465262663861,0.999997068196745,0.999983379322086,"group_idyes"
"17345","AC005261.3","Exc L4-5 RORB GABRG1",0.11944001447719,2.39679629065918,2.66569534845789,0.103351129641662,0.999997068196745,0.999983379322086,"group_idyes"
"17346","ZNF460-AS1","Exc L4-5 RORB GABRG1",0.0608949443617302,3.05864159290318,0.799414470206019,0.399629488505663,0.999997068196745,0.999983379322086,"group_idyes"
"17347","ZNF460","Exc L4-5 RORB GABRG1",0.0221266671093847,2.78610410820773,0.0974773769445011,0.755047285153715,0.999997068196745,0.999983379322086,"group_idyes"
"17348","AC005261.1","Exc L4-5 RORB GABRG1",0.00926838986372029,5.41030378811807,0.0662826644692473,0.796965811517084,0.999997068196745,0.999983379322086,"group_idyes"
"17349","ZNF543","Exc L4-5 RORB GABRG1",-0.025462770560513,2.68904150229041,0.153361715583346,0.952372468918909,0.999997068196745,0.999983379322086,"group_idyes"
"17350","ZNF304","Exc L4-5 RORB GABRG1",-0.0161277938719312,3.41013454345026,0.10650954537418,0.744330966015861,0.999997068196745,0.999983379322086,"group_idyes"
"17351","AC003002.1","Exc L4-5 RORB GABRG1",0.15077655454588,1.38069036153859,2.47024103308119,0.116842135534422,0.999997068196745,0.999983379322086,"group_idyes"
"17352","AC003002.2","Exc L4-5 RORB GABRG1",0.0461655881489173,4.18792193187233,0.940954672218479,0.87044524555377,0.999997068196745,0.999983379322086,"group_idyes"
"17353","ZNF749","Exc L4-5 RORB GABRG1",-0.0339882960913271,2.95026322236787,0.0866639821379155,0.768620611467269,0.999997068196745,0.999983379322086,"group_idyes"
"17354","AC004076.1","Exc L4-5 RORB GABRG1",-0.0270719924549203,5.78305635550557,0.502582644971395,0.478796878569306,0.999997068196745,0.999983379322086,"group_idyes"
"17355","AC004076.2","Exc L4-5 RORB GABRG1",0.0147093911056319,2.58819449049202,0.0301895508512941,0.86215222043793,0.999997068196745,0.999983379322086,"group_idyes"
"17356","ZNF773","Exc L4-5 RORB GABRG1",0.0616012128680517,2.9909547908487,1.28779591683085,0.314636430059904,0.999997068196745,0.999983379322086,"group_idyes"
"17357","ZNF549","Exc L4-5 RORB GABRG1",-0.0166003769583671,5.11938678834974,0.163032838929522,0.686603799596382,0.999997068196745,0.999983379322086,"group_idyes"
"17358","ZNF550","Exc L4-5 RORB GABRG1",0.0109163602485099,2.91437621797742,0.0361106797663963,0.894670422122834,0.999997068196745,0.999983379322086,"group_idyes"
"17359","ZNF416","Exc L4-5 RORB GABRG1",-0.0151916887028185,1.51506141281627,0.0230011112323815,0.933825652593229,0.999997068196745,0.999983379322086,"group_idyes"
"17360","ZIK1","Exc L4-5 RORB GABRG1",-0.0322268400482606,1.89483600696866,0.158873180404367,0.690417197181133,0.999997068196745,0.999983379322086,"group_idyes"
"17361","ZNF530","Exc L4-5 RORB GABRG1",-0.0505168729779353,1.37025368568535,0.261523631017208,0.697641782968239,0.999997068196745,0.999983379322086,"group_idyes"
"17362","ZNF134","Exc L4-5 RORB GABRG1",0.0800146688110809,3.8274458580064,3.18276730743706,0.0752066173108001,0.999997068196745,0.999983379322086,"group_idyes"
"17363","AC003682.1","Exc L4-5 RORB GABRG1",-0.0037072370696675,1.35320188414714,0.00146085300918,0.969531216926382,0.999997068196745,0.999983379322086,"group_idyes"
"17364","ZNF211","Exc L4-5 RORB GABRG1",0.0576125057846599,2.51326403414154,0.818474239940617,0.366192805584715,0.999997068196745,0.999983379322086,"group_idyes"
"17365","AC003006.1","Exc L4-5 RORB GABRG1",-0.0492133558418235,2.58337692907359,0.396333753563607,0.529362425230057,0.999997068196745,0.999983379322086,"group_idyes"
"17366","ZNF154","Exc L4-5 RORB GABRG1",-0.0218418726983518,3.0300122276703,0.129798913903142,0.718838328953582,0.999997068196745,0.999983379322086,"group_idyes"
"17367","ZNF671","Exc L4-5 RORB GABRG1",0.036950397942414,2.52921570727553,0.225091321865715,0.635456839686394,0.999997068196745,0.999983379322086,"group_idyes"
"17368","ZNF776","Exc L4-5 RORB GABRG1",-0.072308577759553,3.09194684702694,1.74114522904903,0.187778471469155,0.999997068196745,0.999983379322086,"group_idyes"
"17369","ZNF586","Exc L4-5 RORB GABRG1",-0.0183348938510583,6.20053518475409,0.163839561893723,0.685870799370845,0.999997068196745,0.999983379322086,"group_idyes"
"17370","ZNF552","Exc L4-5 RORB GABRG1",0.00145709643144626,3.67522001210575,0.000735908309096475,0.978372002826035,0.999997068196745,0.999983379322086,"group_idyes"
"17371","AC010522.1","Exc L4-5 RORB GABRG1",-0.00429086942265945,2.38126772972451,0.00350453451484359,0.952824255950435,0.999997068196745,0.999983379322086,"group_idyes"
"17372","ZNF814","Exc L4-5 RORB GABRG1",-0.0170098216258675,5.07982102794643,0.205514633533266,0.750072511541026,0.999997068196745,0.999983379322086,"group_idyes"
"17373","ZNF587","Exc L4-5 RORB GABRG1",-0.0238582931739445,4.56560519245721,0.298313505523766,0.770466803344951,0.999997068196745,0.999983379322086,"group_idyes"
"17374","AC010326.2","Exc L4-5 RORB GABRG1",0.0575666020777526,1.98877910140305,0.396438446829248,0.642045231322033,0.999997068196745,0.999983379322086,"group_idyes"
"17375","ZNF418","Exc L4-5 RORB GABRG1",0.0245908989162527,2.82329885693428,0.174730739808253,0.676174430530343,0.999997068196745,0.999983379322086,"group_idyes"
"17376","ZNF256","Exc L4-5 RORB GABRG1",-0.00403316182739103,1.48887404115229,0.00175381749947434,0.966617197532734,0.999997068196745,0.999983379322086,"group_idyes"
"17377","C19orf18","Exc L4-5 RORB GABRG1",-0.0955244516023251,1.77777824110081,0.606463235003905,0.436601292517065,0.999997068196745,0.999983379322086,"group_idyes"
"17378","ZNF606","Exc L4-5 RORB GABRG1",-0.064250589393022,3.64919068643573,1.90741594860706,0.168052235974363,0.999997068196745,0.999983379322086,"group_idyes"
"17379","ZSCAN1","Exc L4-5 RORB GABRG1",-0.0556354197432985,2.16206836556617,0.361625903457649,0.547958789492316,0.999997068196745,0.999983379322086,"group_idyes"
"17380","ZNF135","Exc L4-5 RORB GABRG1",-0.0698233173985779,4.70697583386866,1.44781459680008,0.229618833737681,0.999997068196745,0.999983379322086,"group_idyes"
"17381","ZSCAN18","Exc L4-5 RORB GABRG1",-0.0425351764155416,5.56099319781003,0.772843305881234,0.379887624662999,0.999997068196745,0.999983379322086,"group_idyes"
"17382","ZNF329","Exc L4-5 RORB GABRG1",-0.0718580579373637,4.43692336705017,3.20458695539356,0.12023662265876,0.999997068196745,0.999983379322086,"group_idyes"
"17383","ZNF274","Exc L4-5 RORB GABRG1",0.012143292474251,3.53560928960951,0.0570669502136918,0.811320483220172,0.999997068196745,0.999983379322086,"group_idyes"
"17384","AC020915.3","Exc L4-5 RORB GABRG1",-0.00461376044621995,4.09813068134834,0.00667248132740308,0.93493948003861,0.999997068196745,0.999983379322086,"group_idyes"
"17385","ERVK3-1","Exc L4-5 RORB GABRG1",0.0375971471812143,2.88230329817042,0.191987127230258,0.661513780193435,0.999997068196745,0.999983379322086,"group_idyes"
"17386","AC010642.2","Exc L4-5 RORB GABRG1",-0.041735732292258,3.35417843836038,0.378045277707637,0.539014705746022,0.999997068196745,0.999983379322086,"group_idyes"
"17387","ZSCAN22","Exc L4-5 RORB GABRG1",-0.0674627091338376,1.87356587858653,0.656165767633545,0.418417582829081,0.999997068196745,0.999983379322086,"group_idyes"
"17388","A1BG","Exc L4-5 RORB GABRG1",0.0136567880464957,2.43290717137938,0.0407924902523122,0.840045750068548,0.999997068196745,0.999983379322086,"group_idyes"
"17389","A1BG-AS1","Exc L4-5 RORB GABRG1",-0.136376294453408,3.05552002448809,4.57067916152497,0.0331532776889523,0.999997068196745,0.999983379322086,"group_idyes"
"17390","ZNF497","Exc L4-5 RORB GABRG1",-0.0109324918283178,2.61583060265702,0.0345437903079426,0.852652817906201,0.999997068196745,0.999983379322086,"group_idyes"
"17391","AC012313.6","Exc L4-5 RORB GABRG1",-0.110558019146903,1.38819707319588,1.09159555197708,0.296773961072569,0.999997068196745,0.999983379322086,"group_idyes"
"17392","ZNF837","Exc L4-5 RORB GABRG1",-0.0738579150596473,0.999995244722139,0.334750495983373,0.563213660795744,0.999997068196745,0.999983379322086,"group_idyes"
"17393","RPS5","Exc L4-5 RORB GABRG1",0.00231201126444071,4.45343267980502,0.000372179847089242,0.984618196059913,0.999997068196745,0.999983379322086,"group_idyes"
"17394","ZNF584","Exc L4-5 RORB GABRG1",-0.0238328941357688,2.93098229774656,0.105578966916892,0.745411291226191,0.999997068196745,0.999983379322086,"group_idyes"
"17395","AC012313.1","Exc L4-5 RORB GABRG1",0.0910380391140338,0.709232426969591,0.347850389873644,0.555678710341347,0.999997068196745,0.999983379322086,"group_idyes"
"17396","AC012313.5","Exc L4-5 RORB GABRG1",-0.0591345262522908,1.48301428534164,0.330809021782171,0.565519302267865,0.999997068196745,0.999983379322086,"group_idyes"
"17397","ZNF132","Exc L4-5 RORB GABRG1",0.00766846235950327,2.00348218905762,0.00927252785115272,0.923337242568738,0.999997068196745,0.999983379322086,"group_idyes"
"17398","ZNF324B","Exc L4-5 RORB GABRG1",-0.0662430927780015,2.01956550074865,0.629902871763164,0.427880165559726,0.999997068196745,0.999983379322086,"group_idyes"
"17399","ZNF324","Exc L4-5 RORB GABRG1",-0.0390358968739568,4.10549204434942,0.726037367676877,0.394700743207858,0.999997068196745,0.999983379322086,"group_idyes"
"17400","ZNF446","Exc L4-5 RORB GABRG1",-0.0336529576003002,3.14571731761094,0.24958210489685,0.817505762186633,0.999997068196745,0.999983379322086,"group_idyes"
"17401","SLC27A5","Exc L4-5 RORB GABRG1",-0.0211367030483381,4.0591147982379,0.220941853178688,0.638589533861712,0.999997068196745,0.999983379322086,"group_idyes"
"17402","ZBTB45","Exc L4-5 RORB GABRG1",0.0318995050353058,2.69777866077003,0.215748744877012,0.844664697200067,0.999997068196745,0.999983379322086,"group_idyes"
"17403","TRIM28","Exc L4-5 RORB GABRG1",0.116033662735121,4.75263410591048,3.99043227939228,0.046463021795403,0.999997068196745,0.999983379322086,"group_idyes"
"17404","CHMP2A","Exc L4-5 RORB GABRG1",0.0342907095120222,3.48829378360167,0.167086015668413,0.682942082911139,0.999997068196745,0.999983379322086,"group_idyes"
"17405","UBE2M","Exc L4-5 RORB GABRG1",0.117077630144836,5.19524558306172,2.29317781387544,0.130764712202135,0.999997068196745,0.999983379322086,"group_idyes"
"17406","MZF1-AS1","Exc L4-5 RORB GABRG1",-0.0728063940576322,3.38116737548424,1.49628474139222,0.221992603376018,0.999997068196745,0.999983379322086,"group_idyes"
"17407","MZF1","Exc L4-5 RORB GABRG1",-0.0238305283871402,5.45242787680067,0.323314411586842,0.569954327465645,0.999997068196745,0.999983379322086,"group_idyes"
"17408","RPS4Y1","Exc L4-5 RORB GABRG1",-0.565119983191299,4.18342786889583,4.23551570362261,0.0402597326387015,0.999997068196745,0.999983379322086,"group_idyes"
"17409","AC006157.1","Exc L4-5 RORB GABRG1",-0.553362330347172,0.379453237860208,5.02796590021482,0.0255102197200381,0.999997068196745,0.999983379322086,"group_idyes"
"17410","ZFY","Exc L4-5 RORB GABRG1",-0.489040260606467,3.90034206271773,3.09285028737516,0.0794319451243807,0.999997068196745,0.999983379322086,"group_idyes"
"17411","ZFY-AS1","Exc L4-5 RORB GABRG1",-0.63120960960614,0.325702026872012,6.87027344425875,0.00911160071893773,0.999997068196745,0.999983379322086,"group_idyes"
"17412","PCDH11Y","Exc L4-5 RORB GABRG1",-0.516896660302949,6.77714605277713,4.54056826717525,0.0337341728655683,0.999997068196745,0.999983379322086,"group_idyes"
"17413","TTTY15","Exc L4-5 RORB GABRG1",-0.60152985466597,4.71765854998595,4.39665344029752,0.0366619171909345,0.999997068196745,0.999983379322086,"group_idyes"
"17414","USP9Y","Exc L4-5 RORB GABRG1",-0.534130597038213,6.92018348982358,3.02238144158129,0.0829227887910871,0.999997068196745,0.999983379322086,"group_idyes"
"17415","DDX3Y","Exc L4-5 RORB GABRG1",-0.636229484923922,4.82657611873303,4.49247811203764,0.0346841771599514,0.999997068196745,0.999983379322086,"group_idyes"
"17416","UTY","Exc L4-5 RORB GABRG1",-0.518917974204928,6.55999917805478,2.73817593506955,0.0987920611614388,0.999997068196745,0.999983379322086,"group_idyes"
"17417","TMSB4Y","Exc L4-5 RORB GABRG1",-0.450266290944792,0.5919600453355,3.25287872587764,0.0720802954279765,0.999997068196745,0.999983379322086,"group_idyes"
"17418","NLGN4Y","Exc L4-5 RORB GABRG1",-0.494124887273816,6.75935461288637,2.40487271222557,0.121780148143856,0.999997068196745,0.999983379322086,"group_idyes"
"17419","HSFY2","Exc L4-5 RORB GABRG1",-0.226049106707277,0.98567091865986,1.50284272051282,0.220984330156363,0.999997068196745,0.999983379322086,"group_idyes"
"17420","TTTY14","Exc L4-5 RORB GABRG1",-0.584786937276605,7.44849414654513,3.40411083558398,0.0658025297062171,0.999997068196745,0.999983379322086,"group_idyes"
"17421","AC010889.1","Exc L4-5 RORB GABRG1",-0.503170221498678,0.820561466032805,4.14917476311061,0.0423388826522566,0.999997068196745,0.999983379322086,"group_idyes"
"17422","KDM5D","Exc L4-5 RORB GABRG1",-0.573624618555597,5.25382228663278,3.58087635583388,0.0591988356897204,0.999997068196745,0.999983379322086,"group_idyes"
"17423","TTTY10","Exc L4-5 RORB GABRG1",-0.459481281086086,4.49214271941945,2.92534738788794,0.088004632592559,0.999997068196745,0.999983379322086,"group_idyes"
"17424","EIF1AY","Exc L4-5 RORB GABRG1",-0.77182724006243,1.96988225438446,8.22864098552984,0.00435070037933029,0.999997068196745,0.999983379322086,"group_idyes"
"17425","LINC00266-4P","Exc L4-5 RORB GABRG1",0.155523871481772,0.842308655361181,1.44475840729506,0.300696314837459,0.999997068196745,0.999983379322086,"group_idyes"
"17426","GAB4","Exc L4-5 RORB GABRG1",-0.0978528610995167,0.479542233031882,0.297272170186524,0.585913536444641,0.999997068196745,0.999983379322086,"group_idyes"
"17427","AC006946.2","Exc L4-5 RORB GABRG1",-0.0053909563410745,1.41127043871132,0.0029948826766281,0.956385543581647,0.999997068196745,0.999983379322086,"group_idyes"
"17428","AC006946.3","Exc L4-5 RORB GABRG1",0.100156150575752,0.926545787513046,0.753303278643478,0.385973452284151,0.999997068196745,0.999983379322086,"group_idyes"
"17429","IL17RA","Exc L4-5 RORB GABRG1",-0.0798813562745256,3.97093837405945,1.5385831118433,0.215584748699904,0.999997068196745,0.999983379322086,"group_idyes"
"17430","TMEM121B","Exc L4-5 RORB GABRG1",0.017959983986242,3.22864704935669,0.0841135689149572,0.771954589824583,0.999997068196745,0.999983379322086,"group_idyes"
"17431","LINC01664","Exc L4-5 RORB GABRG1",-0.116047151915221,2.20217883708555,2.36178082488006,0.125162151033696,0.999997068196745,0.999983379322086,"group_idyes"
"17432","HDHD5","Exc L4-5 RORB GABRG1",-0.031382269509747,4.70679340186906,0.631631018072482,0.42724766459179,0.999997068196745,0.999983379322086,"group_idyes"
"17433","HDHD5-AS1","Exc L4-5 RORB GABRG1",0.0124854054831758,3.28358145288214,0.0318733241063989,0.858399936495557,0.999997068196745,0.999983379322086,"group_idyes"
"17434","ADA2","Exc L4-5 RORB GABRG1",-0.0932862417308559,1.10320100628484,0.619886366691959,0.431574273684571,0.999997068196745,0.999983379322086,"group_idyes"
"17435","CECR2","Exc L4-5 RORB GABRG1",-0.0128191701837123,1.9412630917813,0.020755212282434,0.885523237543145,0.999997068196745,0.999983379322086,"group_idyes"
"17436","SLC25A18","Exc L4-5 RORB GABRG1",0.0874486052224521,2.50585084726008,0.687476287138243,0.407538236874934,0.999997068196745,0.999983379322086,"group_idyes"
"17437","ATP6V1E1","Exc L4-5 RORB GABRG1",-0.0129868788440132,6.21694226060038,0.0451783672607798,0.831788958066862,0.999997068196745,0.999983379322086,"group_idyes"
"17438","BCL2L13","Exc L4-5 RORB GABRG1",-0.0248814776168365,5.64138414842936,0.62821203370124,0.449622880060732,0.999997068196745,0.999983379322086,"group_idyes"
"17439","BID","Exc L4-5 RORB GABRG1",-0.0404560405425347,4.61027438172201,0.443500297512945,0.505836927679236,0.999997068196745,0.999983379322086,"group_idyes"
"17440","MICAL3","Exc L4-5 RORB GABRG1",-0.0142411875049192,8.5631918054215,0.0953667842278023,0.757629315874641,0.999997068196745,0.999983379322086,"group_idyes"
"17441","PEX26","Exc L4-5 RORB GABRG1",0.0172058266942602,5.10885527159491,0.313200388567,0.576048572680194,0.999997068196745,0.999983379322086,"group_idyes"
"17442","TUBA8","Exc L4-5 RORB GABRG1",0.107716508128528,4.36059583582606,1.86950372249015,0.172330210099119,0.999997068196745,0.999983379322086,"group_idyes"
"17443","AC008079.2","Exc L4-5 RORB GABRG1",0.106297186953849,1.74736926370857,0.658409407266685,0.41762375480745,0.999997068196745,0.999983379322086,"group_idyes"
"17444","USP18","Exc L4-5 RORB GABRG1",-0.0200032171665246,1.28186249542163,0.030275893054575,0.861957222187305,0.999997068196745,0.999983379322086,"group_idyes"
"17445","TMEM191B","Exc L4-5 RORB GABRG1",-0.0124106095843467,2.68142457149861,0.010045374490836,0.9202166227669,0.999997068196745,0.999983379322086,"group_idyes"
"17446","AC007326.4","Exc L4-5 RORB GABRG1",-0.0141964952611282,2.85017946823662,0.0350976309017429,0.85148998634583,0.999997068196745,0.999983379322086,"group_idyes"
"17447","DGCR9","Exc L4-5 RORB GABRG1",-0.101411328630249,2.46456077957729,2.03315834931045,0.154711361778892,0.999997068196745,0.999983379322086,"group_idyes"
"17448","DGCR2","Exc L4-5 RORB GABRG1",0.034427889147992,6.46755561698829,1.26716109806455,0.261001650749989,0.999997068196745,0.999983379322086,"group_idyes"
"17449","ESS2","Exc L4-5 RORB GABRG1",-0.000181352865863723,3.12538654514627,7.41110854637965e-06,0.997829304515839,0.999997068196745,0.999983379322086,"group_idyes"
"17450","LINC01311","Exc L4-5 RORB GABRG1",0.0110755583126651,1.10076183044933,0.00936601484829928,0.986680878579227,0.999997068196745,0.999983379322086,"group_idyes"
"17451","SLC25A1","Exc L4-5 RORB GABRG1",0.035779941581237,3.14136910810846,0.319112556924226,0.637291866126331,0.999997068196745,0.999983379322086,"group_idyes"
"17452","CLTCL1","Exc L4-5 RORB GABRG1",-0.201111833279962,1.97575698235031,1.11848497663506,0.290908498686094,0.999997068196745,0.999983379322086,"group_idyes"
"17453","HIRA","Exc L4-5 RORB GABRG1",-0.00216195043115801,4.66328574001758,0.00337300589009039,0.95371698117449,0.999997068196745,0.999983379322086,"group_idyes"
"17454","MRPL40","Exc L4-5 RORB GABRG1",-0.0033520765552901,2.83308848382378,0.000754518967972859,0.978100299198381,0.999997068196745,0.999983379322086,"group_idyes"
"17455","UFD1","Exc L4-5 RORB GABRG1",-0.0739759278302568,3.38172380350852,2.28857272666941,0.131150718168642,0.999997068196745,0.999983379322086,"group_idyes"
"17456","GNB1L","Exc L4-5 RORB GABRG1",-0.024460999070514,3.76140597674646,0.19309065258505,0.660603355611326,0.999997068196745,0.999983379322086,"group_idyes"
"17457","TXNRD2","Exc L4-5 RORB GABRG1",-0.0433729264038524,4.23445187805142,0.898847382082614,0.58704927128428,0.999997068196745,0.999983379322086,"group_idyes"
"17458","COMT","Exc L4-5 RORB GABRG1",-0.0399201890746257,4.63932703671548,0.961402237079348,0.327450007463315,0.999997068196745,0.999983379322086,"group_idyes"
"17459","ARVCF","Exc L4-5 RORB GABRG1",-0.0516892517756625,3.47210140264509,1.24641623075931,0.26493483722646,0.999997068196745,0.999983379322086,"group_idyes"
"17460","TANGO2","Exc L4-5 RORB GABRG1",-0.0499303719386105,5.55218843579375,1.79348957802893,0.181292214581908,0.999997068196745,0.999983379322086,"group_idyes"
"17461","AC006547.1","Exc L4-5 RORB GABRG1",-0.0642992811582123,2.54794039932949,0.361415948333314,0.548074938969385,0.999997068196745,0.999983379322086,"group_idyes"
"17462","DGCR8","Exc L4-5 RORB GABRG1",-0.0134951241254694,4.99927606928927,0.116332133989907,0.73323333332442,0.999997068196745,0.999983379322086,"group_idyes"
"17463","AC006547.2","Exc L4-5 RORB GABRG1",-0.0389193443536137,1.25089530349803,0.121669486265128,0.755685141570766,0.999997068196745,0.999983379322086,"group_idyes"
"17464","TRMT2A","Exc L4-5 RORB GABRG1",-0.052383762012272,3.08453852872405,0.654788479043397,0.418905999579561,0.999997068196745,0.999983379322086,"group_idyes"
"17465","RANBP1","Exc L4-5 RORB GABRG1",-0.03522854714768,4.68523316511941,0.187895796047311,0.664916667076031,0.999997068196745,0.999983379322086,"group_idyes"
"17466","ZDHHC8","Exc L4-5 RORB GABRG1",-0.0479393450915128,4.8048983927252,1.18464944504955,0.277092827293487,0.999997068196745,0.999983379322086,"group_idyes"
"17467","LINC00896","Exc L4-5 RORB GABRG1",0.11036084507562,0.383281325797421,0.521158082779458,0.613798671448652,0.999997068196745,0.999983379322086,"group_idyes"
"17468","RTN4R","Exc L4-5 RORB GABRG1",0.0190020426052107,5.21798378580635,0.16533459796775,0.684517923193769,0.999997068196745,0.999983379322086,"group_idyes"
"17469","DGCR6L","Exc L4-5 RORB GABRG1",0.0115546946276284,3.80520547787681,0.0275697388974422,0.868211609128906,0.999997068196745,0.999983379322086,"group_idyes"
"17470","ZNF74","Exc L4-5 RORB GABRG1",-0.0420049290913042,3.70730980998691,0.920093464786929,0.338052844909447,0.999997068196745,0.999983379322086,"group_idyes"
"17471","SCARF2","Exc L4-5 RORB GABRG1",-0.0192722816678774,1.94040350049594,0.039049153245424,0.843455678662428,0.999997068196745,0.999983379322086,"group_idyes"
"17472","KLHL22","Exc L4-5 RORB GABRG1",-0.0472436929548047,5.99391381912448,0.825039925262355,0.364279332183447,0.999997068196745,0.999983379322086,"group_idyes"
"17473","MED15","Exc L4-5 RORB GABRG1",-0.0180907652662335,6.15233208470217,0.470987889049707,0.492946429024166,0.999997068196745,0.999983379322086,"group_idyes"
"17474","PI4KA","Exc L4-5 RORB GABRG1",-0.000476813254082305,8.271737402417,0.000299404519891403,0.986203615098407,0.999997068196745,0.999983379322086,"group_idyes"
"17475","SERPIND1","Exc L4-5 RORB GABRG1",0.112399693543723,0.934855312056604,0.506745425887542,0.476982565191525,0.999997068196745,0.999983379322086,"group_idyes"
"17476","SNAP29","Exc L4-5 RORB GABRG1",0.0326681408814712,4.15048671810995,0.554552126405465,0.476970901054135,0.999997068196745,0.999983379322086,"group_idyes"
"17477","CRKL","Exc L4-5 RORB GABRG1",0.0295695041064988,5.32287634132194,0.521504456266693,0.470639325918656,0.999997068196745,0.999983379322086,"group_idyes"
"17478","LINC01637","Exc L4-5 RORB GABRG1",-0.0280728261640511,2.44539906208397,0.174794107459467,0.809508247202862,0.999997068196745,0.999983379322086,"group_idyes"
"17479","AIFM3","Exc L4-5 RORB GABRG1",0.0593655571381206,3.91927119105216,1.05353830472402,0.305338490115175,0.999997068196745,0.999983379322086,"group_idyes"
"17480","LZTR1","Exc L4-5 RORB GABRG1",0.00518557522409047,4.07856787465383,0.0152830572103271,0.901677023211851,0.999997068196745,0.999983379322086,"group_idyes"
"17481","THAP7","Exc L4-5 RORB GABRG1",-0.0468226758443171,3.42111098717833,0.310471823661572,0.577714812005861,0.999997068196745,0.999983379322086,"group_idyes"
"17482","THAP7-AS1","Exc L4-5 RORB GABRG1",-0.0119838526046406,1.55951946626833,0.0126556181190097,0.910487869351497,0.999997068196745,0.999983379322086,"group_idyes"
"17483","P2RX6","Exc L4-5 RORB GABRG1",0.023972254061018,3.57403018650412,0.139752510919843,0.708733099699971,0.999997068196745,0.999983379322086,"group_idyes"
"17484","SLC7A4","Exc L4-5 RORB GABRG1",-0.107507816427708,1.02835782357598,0.589093086420346,0.443240809762044,0.999997068196745,0.999983379322086,"group_idyes"
"17485","AC002472.1","Exc L4-5 RORB GABRG1",-0.0229331403826916,1.13198527110316,0.033371514332124,0.855146337542681,0.999997068196745,0.999983379322086,"group_idyes"
"17486","LRRC74B","Exc L4-5 RORB GABRG1",-0.0754273657577703,1.16491215570991,0.374114388967827,0.541131328889458,0.999997068196745,0.999983379322086,"group_idyes"
"17487","GGT2","Exc L4-5 RORB GABRG1",-0.169710966156407,1.20439962738732,2.00455123915727,0.285667317518127,0.999997068196745,0.999983379322086,"group_idyes"
"17488","HIC2","Exc L4-5 RORB GABRG1",-0.0918579261706876,6.55987266711133,3.31642040909701,0.0693675739676353,0.999997068196745,0.999983379322086,"group_idyes"
"17489","TMEM191C","Exc L4-5 RORB GABRG1",-0.102925600987341,3.45976502033661,1.91298073912277,0.16743465428713,0.999997068196745,0.999983379322086,"group_idyes"
"17490","UBE2L3","Exc L4-5 RORB GABRG1",0.0215336007211133,6.15035629982993,0.526735776003164,0.989678618991823,0.999997068196745,0.999983379322086,"group_idyes"
"17491","YDJC","Exc L4-5 RORB GABRG1",0.0378116370663125,2.88955480564063,0.202661594815351,0.652834565906585,0.999997068196745,0.999983379322086,"group_idyes"
"17492","SDF2L1","Exc L4-5 RORB GABRG1",-0.0245126669131103,1.5368665094349,0.0320117566314196,0.858096038694304,0.999997068196745,0.999983379322086,"group_idyes"
"17493","PPIL2","Exc L4-5 RORB GABRG1",-0.0364229137241675,5.4691199373319,1.02765743651439,0.31134660239664,0.999997068196745,0.999983379322086,"group_idyes"
"17494","YPEL1","Exc L4-5 RORB GABRG1",-0.00653273130437249,5.20900039298791,0.0151033710001522,0.902253805639967,0.999997068196745,0.999983379322086,"group_idyes"
"17495","MAPK1","Exc L4-5 RORB GABRG1",0.0120595960677287,7.46543210472865,0.189558750004749,0.663528269340199,0.999997068196745,0.999983379322086,"group_idyes"
"17496","PPM1F","Exc L4-5 RORB GABRG1",0.0416247041936167,4.8396012732488,0.97349577904227,0.471326463032174,0.999997068196745,0.999983379322086,"group_idyes"
"17497","AC245452.1","Exc L4-5 RORB GABRG1",0.0910483287875732,2.41709063670765,0.819499157306576,0.365893189666817,0.999997068196745,0.999983379322086,"group_idyes"
"17498","TOP3B","Exc L4-5 RORB GABRG1",-0.0443319985126016,3.71910283655862,0.879096690063746,0.458300686738569,0.999997068196745,0.999983379322086,"group_idyes"
"17499","IGLV10-54","Exc L4-5 RORB GABRG1",-0.172141371428646,2.27934446541218,1.50568087141402,0.220549674826301,0.999997068196745,0.999983379322086,"group_idyes"
"17500","AC245060.6","Exc L4-5 RORB GABRG1",0.00158250318558611,1.98117048504607,0.000164909306071365,0.989760742422977,0.999997068196745,0.999983379322086,"group_idyes"
"17501","AC245060.5","Exc L4-5 RORB GABRG1",0.0545260060137461,5.00479042112422,0.278060737330766,0.59827904382173,0.999997068196745,0.999983379322086,"group_idyes"
"17502","ZNF280B","Exc L4-5 RORB GABRG1",0.0338446533753307,4.5942846969988,0.927484788287294,0.532970097331661,0.999997068196745,0.999983379322086,"group_idyes"
"17503","GGTLC2","Exc L4-5 RORB GABRG1",0.511875036753347,0.688049634141246,5.55785720062865,0.0188979241525922,0.999997068196745,0.999983379322086,"group_idyes"
"17504","RSPH14","Exc L4-5 RORB GABRG1",-0.00555735052980583,3.48313957813265,0.00982322056433367,0.921100836626794,0.999997068196745,0.999983379322086,"group_idyes"
"17505","GNAZ","Exc L4-5 RORB GABRG1",0.0351094090298342,4.84911701337229,0.362631939625371,0.547402875795727,0.999997068196745,0.999983379322086,"group_idyes"
"17506","RAB36","Exc L4-5 RORB GABRG1",-0.0725972681490613,2.30889049415558,0.979114038636965,0.406292865980865,0.999997068196745,0.999983379322086,"group_idyes"
"17507","BCR","Exc L4-5 RORB GABRG1",-0.0601337734763387,6.44249125692184,1.73483897157843,0.188578024317698,0.999997068196745,0.999983379322086,"group_idyes"
"17508","LINC02556","Exc L4-5 RORB GABRG1",0.22610223093381,0.927958081772453,1.40880210023788,0.235987722931323,0.999997068196745,0.999983379322086,"group_idyes"
"17509","PCAT14","Exc L4-5 RORB GABRG1",-0.0330784361484468,1.89948477606858,0.10699111269156,0.743773956029932,0.999997068196745,0.999983379322086,"group_idyes"
"17510","IGLL1","Exc L4-5 RORB GABRG1",-0.257350258842841,0.454169107661586,1.8629264754063,0.173085088848383,0.999997068196745,0.999983379322086,"group_idyes"
"17511","AP000345.2","Exc L4-5 RORB GABRG1",0.0387205425446206,1.67184857685955,0.129675210703799,0.718966631791862,0.999997068196745,0.999983379322086,"group_idyes"
"17512","DRICH1","Exc L4-5 RORB GABRG1",-0.0668882386409144,2.7152890714071,0.593220886830639,0.44164899273859,0.999997068196745,0.999983379322086,"group_idyes"
"17513","ZNF70","Exc L4-5 RORB GABRG1",-0.107997101990305,1.9930135410547,1.36097967931281,0.24409038261362,0.999997068196745,0.999983379322086,"group_idyes"
"17514","CHCHD10","Exc L4-5 RORB GABRG1",-0.0402023569733637,5.87258949255217,0.213262453654352,0.644483266505557,0.999997068196745,0.999983379322086,"group_idyes"
"17515","SMARCB1","Exc L4-5 RORB GABRG1",-0.0165284633887016,4.94183945536949,0.291603560274268,0.624428780031781,0.999997068196745,0.999983379322086,"group_idyes"
"17516","DERL3","Exc L4-5 RORB GABRG1",-0.0585325695456538,1.36073333058683,0.161311539767721,0.688174879945129,0.999997068196745,0.999983379322086,"group_idyes"
"17517","AP000350.5","Exc L4-5 RORB GABRG1",0.0461846861714223,1.79493800296995,0.177557887553847,0.673715727373179,0.999997068196745,0.999983379322086,"group_idyes"
"17518","SLC2A11","Exc L4-5 RORB GABRG1",-0.1602251186682,1.56368505192918,2.53967527232201,0.111838795987501,0.999997068196745,0.999983379322086,"group_idyes"
"17519","AP000350.4","Exc L4-5 RORB GABRG1",-0.0247687949071645,2.27756391330849,0.112336689969243,0.951411930782543,0.999997068196745,0.999983379322086,"group_idyes"
"17520","AP000350.6","Exc L4-5 RORB GABRG1",0.0491797523980204,1.14769719353654,0.0865557363605932,0.768761022529051,0.999997068196745,0.999983379322086,"group_idyes"
"17521","GSTT2B","Exc L4-5 RORB GABRG1",0.00446399272927218,3.58636351296919,0.00306383745747369,0.955886814935447,0.999997068196745,0.999983379322086,"group_idyes"
"17522","DDT","Exc L4-5 RORB GABRG1",-0.0634637906928563,3.3621710520037,0.245799105539193,0.620331797602313,0.999997068196745,0.999983379322086,"group_idyes"
"17523","CABIN1","Exc L4-5 RORB GABRG1",-0.0283256529879758,6.26413166719789,0.84818180259844,0.357644329179875,0.999997068196745,0.999983379322086,"group_idyes"
"17524","GGT5","Exc L4-5 RORB GABRG1",-0.312883541317732,0.362987162488508,3.59095585549333,0.058844277363401,0.999997068196745,0.999983379322086,"group_idyes"
"17525","SPECC1L","Exc L4-5 RORB GABRG1",-0.00667351263951174,0.613095296647814,0.00150225678618819,0.969102671362383,0.999997068196745,0.999983379322086,"group_idyes"
"17526","ADORA2A-AS1","Exc L4-5 RORB GABRG1",-0.173762212735425,0.643937709716735,1.4542796367658,0.228583588093619,0.999997068196745,0.999983379322086,"group_idyes"
"17527","UPB1","Exc L4-5 RORB GABRG1",-0.198606420874056,0.914393490989111,1.6987656545312,0.193228914880282,0.999997068196745,0.999983379322086,"group_idyes"
"17528","GUCD1","Exc L4-5 RORB GABRG1",-0.11290164873835,2.39751635602621,2.80059728990274,0.0950420004921719,0.999997068196745,0.999983379322086,"group_idyes"
"17529","SNRPD3","Exc L4-5 RORB GABRG1",0.00980422335462199,5.1845306977525,0.110137878769159,0.740167934949076,0.999997068196745,0.999983379322086,"group_idyes"
"17530","GGT1","Exc L4-5 RORB GABRG1",-0.0184597143507188,2.91418739424681,0.0569723719909926,0.811473942729132,0.999997068196745,0.999983379322086,"group_idyes"
"17531","LRRC75B","Exc L4-5 RORB GABRG1",0.0662034397051491,2.85953730926664,1.17803458387122,0.278436098967642,0.999997068196745,0.999983379322086,"group_idyes"
"17532","PIWIL3","Exc L4-5 RORB GABRG1",0.047560612373994,0.224944714121281,0.0693639185386112,0.792406170553337,0.999997068196745,0.999983379322086,"group_idyes"
"17533","SGSM1","Exc L4-5 RORB GABRG1",-0.00459236371296668,7.80750699064648,0.0111434125616684,0.915984603011828,0.999997068196745,0.999983379322086,"group_idyes"
"17534","TMEM211","Exc L4-5 RORB GABRG1",0.0305417429952758,0.834634987727081,0.0630167146898004,0.807617975487087,0.999997068196745,0.999983379322086,"group_idyes"
"17535","KIAA1671","Exc L4-5 RORB GABRG1",-0.0475438570712396,6.4378148981773,1.42668155319656,0.23304263985541,0.999997068196745,0.999983379322086,"group_idyes"
"17536","AL022323.4","Exc L4-5 RORB GABRG1",0.0762435238947142,1.14885304378769,0.290851290799963,0.589987478361107,0.999997068196745,0.999983379322086,"group_idyes"
"17537","AL022323.1","Exc L4-5 RORB GABRG1",-0.00342855480161008,1.92231385286948,0.00175594516721337,0.966596966141341,0.999997068196745,0.999983379322086,"group_idyes"
"17538","CRYBB2","Exc L4-5 RORB GABRG1",-0.0734155876735146,0.908793871690584,0.21699350158199,0.641603931533553,0.999997068196745,0.999983379322086,"group_idyes"
"17539","LRP5L","Exc L4-5 RORB GABRG1",-0.125875564044201,2.67462882132817,2.59622082840984,0.107938920195731,0.999997068196745,0.999983379322086,"group_idyes"
"17540","AL022329.1","Exc L4-5 RORB GABRG1",-0.0372138714939404,0.319266186303391,0.044144639913198,0.83369596345889,0.999997068196745,0.999983379322086,"group_idyes"
"17541","GRK3","Exc L4-5 RORB GABRG1",-0.00687964618589566,7.79321764501281,0.0232371670308106,0.878921855468441,0.999997068196745,0.999983379322086,"group_idyes"
"17542","MYO18B","Exc L4-5 RORB GABRG1",0.153200619965609,1.39489462560348,1.56703169421374,0.21139913875558,0.999997068196745,0.999983379322086,"group_idyes"
"17543","SEZ6L","Exc L4-5 RORB GABRG1",0.057929037054458,7.47909954443627,1.03519946835898,0.309579976386335,0.999997068196745,0.999983379322086,"group_idyes"
"17544","ASPHD2","Exc L4-5 RORB GABRG1",0.0510408828437861,4.82576615036936,0.936533080246971,0.333778995950446,0.999997068196745,0.999983379322086,"group_idyes"
"17545","HPS4","Exc L4-5 RORB GABRG1",0.0736443139450241,5.15713676572724,3.23188420342221,0.0730015068302107,0.999997068196745,0.999983379322086,"group_idyes"
"17546","SRRD","Exc L4-5 RORB GABRG1",0.0166895917081045,2.9965649152932,0.0589308645762294,0.808323168150139,0.999997068196745,0.999983379322086,"group_idyes"
"17547","TFIP11","Exc L4-5 RORB GABRG1",0.0254676741101857,3.43905222844887,0.238615262653819,0.630543703038545,0.999997068196745,0.999983379322086,"group_idyes"
"17548","Z95115.1","Exc L4-5 RORB GABRG1",-0.0243188534239616,1.93383646841765,0.0531001683370493,0.817876450645911,0.999997068196745,0.999983379322086,"group_idyes"
"17549","TPST2","Exc L4-5 RORB GABRG1",-0.00801197257961935,5.33560473748005,0.0395433779945232,0.84248108385509,0.999997068196745,0.999983379322086,"group_idyes"
"17550","CRYBA4","Exc L4-5 RORB GABRG1",-0.51288550911187,-0.153911938305945,4.53645824845281,0.0338142872244643,0.999997068196745,0.999983379322086,"group_idyes"
"17551","MIAT","Exc L4-5 RORB GABRG1",-0.0290268226820098,8.66454756252011,0.435261964242632,0.50981295336828,0.999997068196745,0.999983379322086,"group_idyes"
"17552","Z99774.1","Exc L4-5 RORB GABRG1",-0.0344571461206508,3.48906617488533,0.0498243971644103,0.823487584813957,0.999997068196745,0.999983379322086,"group_idyes"
"17553","MIATNB","Exc L4-5 RORB GABRG1",-0.0742471407336076,4.12678099468695,0.552164851639439,0.457887978599064,0.999997068196745,0.999983379322086,"group_idyes"
"17554","MN1","Exc L4-5 RORB GABRG1",-0.047985550979484,0.597012970853847,0.0705684604538517,0.790653183086495,0.999997068196745,0.999983379322086,"group_idyes"
"17555","PITPNB","Exc L4-5 RORB GABRG1",0.0954988112777535,5.60646022298278,7.66937738427082,0.00588857104241364,0.999997068196745,0.999983379322086,"group_idyes"
"17556","TTC28","Exc L4-5 RORB GABRG1",-0.0317635410055715,7.49663118653915,0.751435393608922,0.386562462702514,0.999997068196745,0.999983379322086,"group_idyes"
"17557","CHEK2","Exc L4-5 RORB GABRG1",0.0413733374811293,2.02800833799272,0.224514005448662,0.702456424066475,0.999997068196745,0.999983379322086,"group_idyes"
"17558","HSCB","Exc L4-5 RORB GABRG1",0.00784211636279908,4.2011714659693,0.0253722013053359,0.873526711984094,0.999997068196745,0.999983379322086,"group_idyes"
"17559","CCDC117","Exc L4-5 RORB GABRG1",0.0631061287291364,3.77688917055988,1.38826989119636,0.318051646408691,0.999997068196745,0.999983379322086,"group_idyes"
"17560","XBP1","Exc L4-5 RORB GABRG1",-0.0714549325422592,3.47213073457151,0.635029157850282,0.426008055744486,0.999997068196745,0.999983379322086,"group_idyes"
"17561","Z93930.2","Exc L4-5 RORB GABRG1",-0.0979478930456984,3.95976454292025,2.06171306468059,0.151852838356074,0.999997068196745,0.999983379322086,"group_idyes"
"17562","ZNRF3","Exc L4-5 RORB GABRG1",-0.0156203543141542,6.2863214085071,0.128066058922696,0.720641953641849,0.999997068196745,0.999983379322086,"group_idyes"
"17563","ZNRF3-AS1","Exc L4-5 RORB GABRG1",-0.0168109324097075,1.03348227951771,0.01785433115876,0.970176617665104,0.999997068196745,0.999983379322086,"group_idyes"
"17564","KREMEN1","Exc L4-5 RORB GABRG1",-0.0547182455472687,3.97992097502628,1.15614370242423,0.282940587262734,0.999997068196745,0.999983379322086,"group_idyes"
"17565","EMID1","Exc L4-5 RORB GABRG1",-0.0757908592987472,1.84390156472095,0.433834124868737,0.510507554878494,0.999997068196745,0.999983379322086,"group_idyes"
"17566","RHBDD3","Exc L4-5 RORB GABRG1",-0.003701763817434,4.46833939117439,0.00787836244334444,0.929318721066908,0.999997068196745,0.999983379322086,"group_idyes"
"17567","EWSR1","Exc L4-5 RORB GABRG1",-0.0209905495671012,6.01546867007963,0.573644445444938,0.449277952690441,0.999997068196745,0.999983379322086,"group_idyes"
"17568","GAS2L1","Exc L4-5 RORB GABRG1",0.0037896842490663,4.34056135373627,0.00566913939547101,0.94002017884278,0.999997068196745,0.999983379322086,"group_idyes"
"17569","RASL10A","Exc L4-5 RORB GABRG1",-0.0245176088853641,4.99734435508011,0.0834001229930455,0.77289701514381,0.999997068196745,0.999983379322086,"group_idyes"
"17570","AP1B1","Exc L4-5 RORB GABRG1",-0.0539149027581698,5.48922725053924,3.21950844857723,0.0735504724250826,0.999997068196745,0.999983379322086,"group_idyes"
"17571","RFPL1S","Exc L4-5 RORB GABRG1",-0.0414546253710392,6.92490964392685,2.58823661970179,0.10848036984615,0.999997068196745,0.999983379322086,"group_idyes"
"17572","RFPL1","Exc L4-5 RORB GABRG1",0.0125104175315006,0.703923333507731,0.00713686195874461,0.932718784977853,0.999997068196745,0.999983379322086,"group_idyes"
"17573","AC000035.1","Exc L4-5 RORB GABRG1",0.0560973349231378,0.745275349697807,0.136294206543384,0.712196320907148,0.999997068196745,0.999983379322086,"group_idyes"
"17574","NEFH","Exc L4-5 RORB GABRG1",0.112595159408984,3.78162430812321,2.23418574232495,0.13580745610854,0.999997068196745,0.999983379322086,"group_idyes"
"17575","THOC5","Exc L4-5 RORB GABRG1",0.0310044311881911,4.41851889247927,0.646591614130642,0.421830480566258,0.999997068196745,0.999983379322086,"group_idyes"
"17576","NIPSNAP1","Exc L4-5 RORB GABRG1",-0.0131002880361539,4.18567131734298,0.0705132131531712,0.790733233295824,0.999997068196745,0.999983379322086,"group_idyes"
"17577","NF2","Exc L4-5 RORB GABRG1",-0.0304580974361478,5.32116796363171,0.754274385950062,0.385667733439728,0.999997068196745,0.999983379322086,"group_idyes"
"17578","ZMAT5","Exc L4-5 RORB GABRG1",-0.0537090128977318,3.16703581449353,1.1067213050151,0.293456072538899,0.999997068196745,0.999983379322086,"group_idyes"
"17579","UQCR10","Exc L4-5 RORB GABRG1",0.00518804343355457,5.46446019523828,0.00243321547747335,0.960683795267937,0.999997068196745,0.999983379322086,"group_idyes"
"17580","ASCC2","Exc L4-5 RORB GABRG1",-0.0400841416743258,4.65082311989046,0.831637145848263,0.362370615936606,0.999997068196745,0.999983379322086,"group_idyes"
"17581","MTMR3","Exc L4-5 RORB GABRG1",-0.0300172620679783,6.3306046129598,0.792798819736488,0.373811612376156,0.999997068196745,0.999983379322086,"group_idyes"
"17582","HORMAD2-AS1","Exc L4-5 RORB GABRG1",0.162693271778381,0.188796743304193,0.976155769042294,0.323770681252199,0.999997068196745,0.999983379322086,"group_idyes"
"17583","HORMAD2","Exc L4-5 RORB GABRG1",0.0922833685379827,0.295964132826705,0.247425200868645,0.619178094177455,0.999997068196745,0.999983379322086,"group_idyes"
"17584","CASTOR1","Exc L4-5 RORB GABRG1",0.105534934652559,0.538724315585242,0.548226337315855,0.459494935868842,0.999997068196745,0.999983379322086,"group_idyes"
"17585","TBC1D10A","Exc L4-5 RORB GABRG1",-0.092201894334535,2.00583053407255,1.18629688493265,0.308878181140284,0.999997068196745,0.999983379322086,"group_idyes"
"17586","SF3A1","Exc L4-5 RORB GABRG1",0.0578271341325605,4.18523349522337,0.954236234088209,0.329257161933744,0.999997068196745,0.999983379322086,"group_idyes"
"17587","CCDC157","Exc L4-5 RORB GABRG1",-0.00138755732009891,2.8436309549392,0.000473480975108473,0.982650987477543,0.999997068196745,0.999983379322086,"group_idyes"
"17588","RNF215","Exc L4-5 RORB GABRG1",-0.0316091596079652,3.73488044566077,0.378686531952665,0.567328729057462,0.999997068196745,0.999983379322086,"group_idyes"
"17589","SEC14L2","Exc L4-5 RORB GABRG1",-0.0253806645399053,2.63025382587998,0.114902445196448,0.85833984695067,0.999997068196745,0.999983379322086,"group_idyes"
"17590","SEC14L4","Exc L4-5 RORB GABRG1",0.0936957408617037,2.40494422609954,1.16333403815774,0.281450920251858,0.999997068196745,0.999983379322086,"group_idyes"
"17591","SEC14L6","Exc L4-5 RORB GABRG1",0.0520691996835534,3.27418530935499,0.794252351255821,0.373374402390749,0.999997068196745,0.999983379322086,"group_idyes"
"17592","GAL3ST1","Exc L4-5 RORB GABRG1",0.030483667469823,2.33177018066421,0.114040820336483,0.735773977089934,0.999997068196745,0.999983379322086,"group_idyes"
"17593","PES1","Exc L4-5 RORB GABRG1",-0.0361942171056914,3.19288658509744,0.341612304466503,0.966567245813088,0.999997068196745,0.999983379322086,"group_idyes"
"17594","SLC35E4","Exc L4-5 RORB GABRG1",-0.00105639131251022,4.17544850464773,0.000618458158022068,0.980172491951528,0.999997068196745,0.999983379322086,"group_idyes"
"17595","DUSP18","Exc L4-5 RORB GABRG1",-0.0253172229616385,3.99262585960395,0.190122866708747,0.663058935570874,0.999997068196745,0.999983379322086,"group_idyes"
"17596","OSBP2","Exc L4-5 RORB GABRG1",-0.0438263983097575,8.00988969035637,0.85348777679241,0.356146579621092,0.999997068196745,0.999983379322086,"group_idyes"
"17597","MORC2-AS1","Exc L4-5 RORB GABRG1",-0.0314164507497242,2.07024568977799,0.0767556772983374,0.781891926768658,0.999997068196745,0.999983379322086,"group_idyes"
"17598","MORC2","Exc L4-5 RORB GABRG1",0.00138917438796422,3.84457743095034,0.00117272766818286,0.972699453515775,0.999997068196745,0.999983379322086,"group_idyes"
"17599","SELENOM","Exc L4-5 RORB GABRG1",-0.0119736941468762,4.59245281562808,0.0119150592526231,0.913135570705403,0.999997068196745,0.999983379322086,"group_idyes"
"17600","INPP5J","Exc L4-5 RORB GABRG1",0.05051611418495,2.73619033623566,0.681979393535502,0.409417756544751,0.999997068196745,0.999983379322086,"group_idyes"
"17601","RNF185","Exc L4-5 RORB GABRG1",0.0273955142343742,4.82523226003172,0.652451829993014,0.419736574699228,0.999997068196745,0.999983379322086,"group_idyes"
"17602","LIMK2","Exc L4-5 RORB GABRG1",-0.0990406391875277,3.80346637189095,2.45229131116309,0.118175564999545,0.999997068196745,0.999983379322086,"group_idyes"
"17603","PIK3IP1","Exc L4-5 RORB GABRG1",-0.0214157226128502,3.88480456918765,0.154388853727116,0.694593626531706,0.999997068196745,0.999983379322086,"group_idyes"
"17604","PIK3IP1-AS1","Exc L4-5 RORB GABRG1",-0.047639527563765,2.41914622650605,0.451211115720955,0.502163517992618,0.999997068196745,0.999983379322086,"group_idyes"
"17605","PATZ1","Exc L4-5 RORB GABRG1",-0.00362451505785652,2.97753638446845,0.0034416119564785,0.953249193979824,0.999997068196745,0.999983379322086,"group_idyes"
"17606","LINC01521","Exc L4-5 RORB GABRG1",-0.0392886026318063,1.44509747695836,0.140814413859449,0.764339739062097,0.999997068196745,0.999983379322086,"group_idyes"
"17607","DRG1","Exc L4-5 RORB GABRG1",0.0372089081188405,5.16203509059533,1.58258736132711,0.33370214342076,0.999997068196745,0.999983379322086,"group_idyes"
"17608","EIF4ENIF1","Exc L4-5 RORB GABRG1",0.00730163767146179,5.29242472225095,0.0682825916065976,0.928116429474638,0.999997068196745,0.999983379322086,"group_idyes"
"17609","SFI1","Exc L4-5 RORB GABRG1",-0.0140783314030083,6.16390076188026,0.111652012642996,0.738453190753093,0.999997068196745,0.999983379322086,"group_idyes"
"17610","PISD","Exc L4-5 RORB GABRG1",0.00940382111573639,6.01685325738498,0.123589302635358,0.72536619695914,0.999997068196745,0.999983379322086,"group_idyes"
"17611","PRR14L","Exc L4-5 RORB GABRG1",0.0231957177846472,6.29661826399826,0.300092901656937,0.584141858684449,0.999997068196745,0.999983379322086,"group_idyes"
"17612","Z82190.2","Exc L4-5 RORB GABRG1",-0.0456959638533605,3.08710112323003,0.372846344918176,0.541817380714933,0.999997068196745,0.999983379322086,"group_idyes"
"17613","YWHAH","Exc L4-5 RORB GABRG1",-0.00514318098521095,7.44609351597474,0.00263280997979758,0.959104400333328,0.999997068196745,0.999983379322086,"group_idyes"
"17614","AL008719.1","Exc L4-5 RORB GABRG1",0.0881694055744393,-0.167347260483796,0.161344739833809,0.751187062659044,0.999997068196745,0.999983379322086,"group_idyes"
"17615","RFPL2","Exc L4-5 RORB GABRG1",0.0148317237272163,5.92241384809325,0.0637759121212796,0.800759393071018,0.999997068196745,0.999983379322086,"group_idyes"
"17616","SLC5A4-AS1","Exc L4-5 RORB GABRG1",0.018090023220547,7.71896267426091,0.0567714339681982,0.811800425687482,0.999997068196745,0.999983379322086,"group_idyes"
"17617","SLC5A4","Exc L4-5 RORB GABRG1",0.0317544001603954,2.96591934358885,0.0811213894478452,0.775936702064807,0.999997068196745,0.999983379322086,"group_idyes"
"17618","AL008723.1","Exc L4-5 RORB GABRG1",-0.0724483759779527,3.55169504266318,0.681932837164066,0.4094337296886,0.999997068196745,0.999983379322086,"group_idyes"
"17619","AL008723.3","Exc L4-5 RORB GABRG1",0.0353671695175547,2.19159127172461,0.186060075699095,0.666457811355209,0.999997068196745,0.999983379322086,"group_idyes"
"17620","AL021937.3","Exc L4-5 RORB GABRG1",0.111054354965623,0.478299300481221,0.184077399542677,0.668132495639173,0.999997068196745,0.999983379322086,"group_idyes"
"17621","RFPL3S","Exc L4-5 RORB GABRG1",0.0638080165918538,1.5961387695292,0.40494342891638,0.524925641922792,0.999997068196745,0.999983379322086,"group_idyes"
"17622","RTCB","Exc L4-5 RORB GABRG1",-0.0350754787061909,5.20592155719418,0.764757080812442,0.382389465960613,0.999997068196745,0.999983379322086,"group_idyes"
"17623","BPIFC","Exc L4-5 RORB GABRG1",-0.120111383259259,0.992192576161186,1.08048506679607,0.299241877121091,0.999997068196745,0.999983379322086,"group_idyes"
"17624","FBXO7","Exc L4-5 RORB GABRG1",0.00561577710808826,4.76265501380502,0.0248112668209502,0.874920892383935,0.999997068196745,0.999983379322086,"group_idyes"
"17625","SYN3","Exc L4-5 RORB GABRG1",-0.0282570263916846,9.45303411749197,0.261978142542098,0.609058050199887,0.999997068196745,0.999983379322086,"group_idyes"
"17626","TIMP3","Exc L4-5 RORB GABRG1",-0.0112081309517151,4.67428287835353,0.00628245640953309,0.936865482205976,0.999997068196745,0.999983379322086,"group_idyes"
"17627","LINC01640","Exc L4-5 RORB GABRG1",0.0317552452306258,0.523246945541842,0.0414100866122303,0.838855987596971,0.999997068196745,0.999983379322086,"group_idyes"
"17628","LARGE1","Exc L4-5 RORB GABRG1",-0.021689360479168,8.85192417485235,0.288722071184773,0.591351256771183,0.999997068196745,0.999983379322086,"group_idyes"
"17629","LINC01643","Exc L4-5 RORB GABRG1",0.209188652325105,0.854965057947487,2.43099896059185,0.119779253547324,0.999997068196745,0.999983379322086,"group_idyes"
"17630","Z82196.2","Exc L4-5 RORB GABRG1",0.0426053174866381,0.460598928354207,0.0655999354846431,0.797991331217963,0.999997068196745,0.999983379322086,"group_idyes"
"17631","HMGXB4","Exc L4-5 RORB GABRG1",-0.0346200686638229,5.5436354048835,0.903538527071713,0.342431413364364,0.999997068196745,0.999983379322086,"group_idyes"
"17632","TOM1","Exc L4-5 RORB GABRG1",-0.00676758408930387,4.88796005277793,0.0339178117437317,0.853978780644507,0.999997068196745,0.999983379322086,"group_idyes"
"17633","AL022334.2","Exc L4-5 RORB GABRG1",0.249944052098784,0.0471476293064652,1.85832639678312,0.173615313741269,0.999997068196745,0.999983379322086,"group_idyes"
"17634","RASD2","Exc L4-5 RORB GABRG1",0.0829476972474492,3.75154340961099,1.0103703715667,0.315445896374742,0.999997068196745,0.999983379322086,"group_idyes"
"17635","RBFOX2","Exc L4-5 RORB GABRG1",-0.0301175761156686,8.65112831253092,1.56755214615014,0.211323471329827,0.999997068196745,0.999983379322086,"group_idyes"
"17636","Z82217.1","Exc L4-5 RORB GABRG1",-0.0700639502081734,0.753479067439572,0.214821094775535,0.643276733744837,0.999997068196745,0.999983379322086,"group_idyes"
"17637","Z95114.4","Exc L4-5 RORB GABRG1",-0.0681788998722282,1.24815710940119,0.390292656627202,0.532515929895608,0.999997068196745,0.999983379322086,"group_idyes"
"17638","APOL2","Exc L4-5 RORB GABRG1",0.022687675173804,5.27358340086892,0.218559638011665,0.64040428416908,0.999997068196745,0.999983379322086,"group_idyes"
"17639","MYH9","Exc L4-5 RORB GABRG1",-0.0185622654863642,5.92438186296623,0.169353845485928,0.680915861379714,0.999997068196745,0.999983379322086,"group_idyes"
"17640","FO393418.1","Exc L4-5 RORB GABRG1",0.00677837270622142,1.93332708869839,0.00509381120648981,0.943139622015427,0.999997068196745,0.999983379322086,"group_idyes"
"17641","TXN2","Exc L4-5 RORB GABRG1",0.0154315338369213,4.32825537540392,0.0625798426635956,0.802597426425612,0.999997068196745,0.999983379322086,"group_idyes"
"17642","FOXRED2","Exc L4-5 RORB GABRG1",0.0714164460903871,4.44465896807576,2.77348303463992,0.09665144861998,0.999997068196745,0.999983379322086,"group_idyes"
"17643","EIF3D","Exc L4-5 RORB GABRG1",-0.032966079696787,3.99766504908928,0.292613482493198,0.588863650439897,0.999997068196745,0.999983379322086,"group_idyes"
"17644","CACNG2","Exc L4-5 RORB GABRG1",-0.020633873318166,7.41969676502495,0.21629405039276,0.642141408337253,0.999997068196745,0.999983379322086,"group_idyes"
"17645","AL049749.1","Exc L4-5 RORB GABRG1",-0.113202721311639,2.22938061608098,1.94017466564274,0.164453912843518,0.999997068196745,0.999983379322086,"group_idyes"
"17646","IFT27","Exc L4-5 RORB GABRG1",-0.062979122281697,3.48950166631408,1.07259904609277,0.301009637319059,0.999997068196745,0.999983379322086,"group_idyes"
"17647","PVALB","Exc L4-5 RORB GABRG1",-0.588187400230996,0.198306178078278,7.50172256437354,0.00645068012493114,0.999997068196745,0.999983379322086,"group_idyes"
"17648","MPST","Exc L4-5 RORB GABRG1",0.0138265457081825,1.26835425228158,0.016036020472081,0.970925664264366,0.999997068196745,0.999983379322086,"group_idyes"
"17649","KCTD17","Exc L4-5 RORB GABRG1",0.0424171540424419,4.73045994389587,0.474679404031457,0.491257539405562,0.999997068196745,0.999983379322086,"group_idyes"
"17650","Z82188.2","Exc L4-5 RORB GABRG1",0.0107499511269078,2.02301308474944,0.0136248496092649,0.907138464674671,0.999997068196745,0.999983379322086,"group_idyes"
"17651","C1QTNF6","Exc L4-5 RORB GABRG1",0.0115586202160539,2.15137969204099,0.0161649073378368,0.89889499650395,0.999997068196745,0.999983379322086,"group_idyes"
"17652","SSTR3","Exc L4-5 RORB GABRG1",0.0613757516294374,3.56297436270833,0.690908669369029,0.406371043591412,0.999997068196745,0.999983379322086,"group_idyes"
"17653","RAC2","Exc L4-5 RORB GABRG1",-0.139749377777533,0.277003627377173,0.624515451562548,0.429861074462967,0.999997068196745,0.999983379322086,"group_idyes"
"17654","ELFN2","Exc L4-5 RORB GABRG1",0.0061555450313958,4.93516806784877,0.0143901850414653,0.904578167023502,0.999997068196745,0.999983379322086,"group_idyes"
"17655","CDC42EP1","Exc L4-5 RORB GABRG1",-0.235988071655823,0.122547678815613,1.4174037859031,0.234565261601969,0.999997068196745,0.999983379322086,"group_idyes"
"17656","GGA1","Exc L4-5 RORB GABRG1",-0.0407119211157168,5.07996950329023,1.45681485430161,0.228179162734957,0.999997068196745,0.999983379322086,"group_idyes"
"17657","Z83844.2","Exc L4-5 RORB GABRG1",0.165174950784783,1.87216063045035,1.59543643140188,0.207316080104131,0.999997068196745,0.999983379322086,"group_idyes"
"17658","PDXP","Exc L4-5 RORB GABRG1",-0.125524845387585,0.0369350604691761,0.396995921435047,0.529018811831811,0.999997068196745,0.999983379322086,"group_idyes"
"17659","LGALS1","Exc L4-5 RORB GABRG1",-0.0987234311348639,2.1930990295595,0.407686107106112,0.5235261852917,0.999997068196745,0.999983379322086,"group_idyes"
"17660","Z83844.1","Exc L4-5 RORB GABRG1",-0.0904113706568439,2.23892483094687,1.0276929623254,0.311338250111001,0.999997068196745,0.999983379322086,"group_idyes"
"17661","TRIOBP","Exc L4-5 RORB GABRG1",-0.0302891166417615,2.7987606942501,0.157017135666892,0.692137424267068,0.999997068196745,0.999983379322086,"group_idyes"
"17662","H1F0","Exc L4-5 RORB GABRG1",0.132613410074664,4.76712616438441,3.92551061681535,0.0482702749671492,0.999997068196745,0.999983379322086,"group_idyes"
"17663","GCAT","Exc L4-5 RORB GABRG1",-0.0334596981228148,3.58999432702174,0.291976025416473,0.589269678977676,0.999997068196745,0.999983379322086,"group_idyes"
"17664","ANKRD54","Exc L4-5 RORB GABRG1",-0.0526640522044909,3.99039226239893,1.37107440155399,0.242352096816949,0.999997068196745,0.999983379322086,"group_idyes"
"17665","EIF3L","Exc L4-5 RORB GABRG1",0.0453470171729576,5.21991963213416,1.48694844451241,0.223437580404073,0.999997068196745,0.999983379322086,"group_idyes"
"17666","POLR2F","Exc L4-5 RORB GABRG1",-0.0529696001862275,5.48116288577531,2.29956073069678,0.130231786829679,0.999997068196745,0.999983379322086,"group_idyes"
"17667","SOX10","Exc L4-5 RORB GABRG1",-0.0672585881692284,1.13870392880169,0.293562778613472,0.588260054635156,0.999997068196745,0.999983379322086,"group_idyes"
"17668","PICK1","Exc L4-5 RORB GABRG1",0.0255476815503383,4.95626729475697,0.385753022723626,0.534908077384719,0.999997068196745,0.999983379322086,"group_idyes"
"17669","AL031587.2","Exc L4-5 RORB GABRG1",-0.177531838460131,1.40620092217996,1.57297216367348,0.210537377626341,0.999997068196745,0.999983379322086,"group_idyes"
"17670","SLC16A8","Exc L4-5 RORB GABRG1",-0.0911051161778312,0.703410256346964,0.362785759737921,0.547317970815595,0.999997068196745,0.999983379322086,"group_idyes"
"17671","BAIAP2L2","Exc L4-5 RORB GABRG1",-0.15132465028216,4.56817214916881,1.65928044050285,0.198474687064055,0.999997068196745,0.999983379322086,"group_idyes"
"17672","AL022322.1","Exc L4-5 RORB GABRG1",0.0210483243533784,1.43792956935849,0.0442408568941723,0.833517485981044,0.999997068196745,0.999983379322086,"group_idyes"
"17673","PLA2G6","Exc L4-5 RORB GABRG1",-0.0370649505510829,3.53529626928574,0.712858788982663,0.399021086634599,0.999997068196745,0.999983379322086,"group_idyes"
"17674","AL022322.2","Exc L4-5 RORB GABRG1",0.0522240742820223,0.526596509358762,0.116439072132975,0.733115443530804,0.999997068196745,0.999983379322086,"group_idyes"
"17675","MAFF","Exc L4-5 RORB GABRG1",0.0367637093286894,0.497849804973538,0.045173040740545,0.831798725586085,0.999997068196745,0.999983379322086,"group_idyes"
"17676","TMEM184B","Exc L4-5 RORB GABRG1",-0.0661098413574328,6.04042151367435,5.22369064891543,0.0228244740393975,0.999997068196745,0.999983379322086,"group_idyes"
"17677","CSNK1E","Exc L4-5 RORB GABRG1",0.0263924695054207,5.74646147515653,0.136157061648645,0.712334685649968,0.999997068196745,0.999983379322086,"group_idyes"
"17678","TPTEP2-CSNK1E","Exc L4-5 RORB GABRG1",-0.105907456754129,5.98926485272642,6.56661305496598,0.0107707288403663,0.999997068196745,0.999983379322086,"group_idyes"
"17679","KCNJ4","Exc L4-5 RORB GABRG1",-0.0298253048137959,5.01664023107412,0.215296380194424,0.642909877288471,0.999997068196745,0.999983379322086,"group_idyes"
"17680","KDELR3","Exc L4-5 RORB GABRG1",-0.102648536985582,0.449496993419715,0.412097253100418,0.521289236021238,0.999997068196745,0.999983379322086,"group_idyes"
"17681","DDX17","Exc L4-5 RORB GABRG1",0.00962188296034274,8.10547410191431,0.110475504192111,0.739784447993202,0.999997068196745,0.999983379322086,"group_idyes"
"17682","DMC1","Exc L4-5 RORB GABRG1",0.136790851937123,1.32019748915115,1.50432299067389,0.479762151284219,0.999997068196745,0.999983379322086,"group_idyes"
"17683","FAM227A","Exc L4-5 RORB GABRG1",-0.0275861293133948,4.69196710376325,0.331178070692698,0.565302645694289,0.999997068196745,0.999983379322086,"group_idyes"
"17684","CBY1","Exc L4-5 RORB GABRG1",0.0448538048899237,4.5006251814968,0.954545621083464,0.32917886549141,0.999997068196745,0.999983379322086,"group_idyes"
"17685","AL021707.2","Exc L4-5 RORB GABRG1",-0.0795051510582299,1.7428822802464,0.79123470166176,0.374282889392456,0.999997068196745,0.999983379322086,"group_idyes"
"17686","TOMM22","Exc L4-5 RORB GABRG1",0.0311287058746583,3.45068398782421,0.0901796872505016,0.764111042137614,0.999997068196745,0.999983379322086,"group_idyes"
"17687","JOSD1","Exc L4-5 RORB GABRG1",-0.0350484151983771,5.44358592564617,1.08593387520622,0.298028270509046,0.999997068196745,0.999983379322086,"group_idyes"
"17688","GTPBP1","Exc L4-5 RORB GABRG1",0.0169813986861046,4.10345180446457,0.178121377019967,0.673228433756545,0.999997068196745,0.999983379322086,"group_idyes"
"17689","SUN2","Exc L4-5 RORB GABRG1",0.047361945895557,5.39778320102084,0.954891717999574,0.329091308269935,0.999997068196745,0.999983379322086,"group_idyes"
"17690","AL021707.1","Exc L4-5 RORB GABRG1",0.0270529682542398,1.3978548476618,0.0372216211714819,0.847116332502253,0.999997068196745,0.999983379322086,"group_idyes"
"17691","NPTXR","Exc L4-5 RORB GABRG1",-0.0132703268156333,7.35849396333116,0.0777235546983611,0.780556204635553,0.999997068196745,0.999983379322086,"group_idyes"
"17692","CBX6","Exc L4-5 RORB GABRG1",0.0161557799731839,6.63132002771073,0.133138218506671,0.715400651252009,0.999997068196745,0.999983379322086,"group_idyes"
"17693","APOBEC3H","Exc L4-5 RORB GABRG1",-0.0917670333326652,0.363199403693364,0.196755978551651,0.657601514367463,0.999997068196745,0.999983379322086,"group_idyes"
"17694","CBX7","Exc L4-5 RORB GABRG1",0.0157054991189502,5.67799661589708,0.116468297205988,0.733083236005404,0.999997068196745,0.999983379322086,"group_idyes"
"17695","AL031846.2","Exc L4-5 RORB GABRG1",-0.0489626048123155,1.60710184343241,0.118402882706018,0.73096118062913,0.999997068196745,0.999983379322086,"group_idyes"
"17696","PDGFB","Exc L4-5 RORB GABRG1",-0.0667405584432718,2.94573520360396,0.77726195881701,0.37853029714779,0.999997068196745,0.999983379322086,"group_idyes"
"17697","AL031590.1","Exc L4-5 RORB GABRG1",-0.124483541656658,4.32430171684683,3.44931004635672,0.0640421559122131,0.999997068196745,0.999983379322086,"group_idyes"
"17698","RPL3","Exc L4-5 RORB GABRG1",0.0408171581615555,5.13721318097414,0.124754736909389,0.724127184317453,0.999997068196745,0.999983379322086,"group_idyes"
"17699","SYNGR1","Exc L4-5 RORB GABRG1",0.0156932645232224,6.70841338827206,0.220135517116572,0.639202450873294,0.999997068196745,0.999983379322086,"group_idyes"
"17700","TAB1","Exc L4-5 RORB GABRG1",-0.0317495925007766,4.89561875850366,0.541582992434839,0.462225857140766,0.999997068196745,0.999983379322086,"group_idyes"
"17701","MGAT3","Exc L4-5 RORB GABRG1",0.0017761095270384,5.8143982462025,0.00179106959049862,0.966264735428741,0.999997068196745,0.999983379322086,"group_idyes"
"17702","MIEF1","Exc L4-5 RORB GABRG1",0.00789952992219754,3.49880837074737,0.0139971232612332,0.905884223648407,0.999997068196745,0.999983379322086,"group_idyes"
"17703","ATF4","Exc L4-5 RORB GABRG1",0.0132891497815109,4.83205987884957,0.0379997856812268,0.845546469985755,0.999997068196745,0.999983379322086,"group_idyes"
"17704","RPS19BP1","Exc L4-5 RORB GABRG1",-0.0159446106763002,3.78803276493784,0.0213778793962799,0.883830799262976,0.999997068196745,0.999983379322086,"group_idyes"
"17705","CACNA1I","Exc L4-5 RORB GABRG1",0.0236519038477963,5.34071576580098,0.17614277806898,0.674943512610675,0.999997068196745,0.999983379322086,"group_idyes"
"17706","ENTHD1","Exc L4-5 RORB GABRG1",-0.083502425425218,0.540849949180756,0.290847126829045,0.589990139112276,0.999997068196745,0.999983379322086,"group_idyes"
"17707","GRAP2","Exc L4-5 RORB GABRG1",-0.0935977727750499,0.870628818271444,0.401256717958984,0.526817324960342,0.999997068196745,0.999983379322086,"group_idyes"
"17708","TNRC6B","Exc L4-5 RORB GABRG1",-0.0183770264568374,9.20546475674525,0.510545971019047,0.475335911830214,0.999997068196745,0.999983379322086,"group_idyes"
"17709","SGSM3","Exc L4-5 RORB GABRG1",0.0668410058303694,2.80725558764515,0.466102524937632,0.495196547590123,0.999997068196745,0.999983379322086,"group_idyes"
"17710","AL022238.2","Exc L4-5 RORB GABRG1",0.0854734423118105,2.24557956352597,0.366641413559162,0.545197720740742,0.999997068196745,0.999983379322086,"group_idyes"
"17711","MKL1","Exc L4-5 RORB GABRG1",-0.0246601940496956,7.21700298764298,0.507374033436648,0.476709568245606,0.999997068196745,0.999983379322086,"group_idyes"
"17712","MCHR1","Exc L4-5 RORB GABRG1",0.117284098085681,2.05825954575152,1.14915541539329,0.284397994674025,0.999997068196745,0.999983379322086,"group_idyes"
"17713","SLC25A17","Exc L4-5 RORB GABRG1",-0.0801731361110859,4.40418846396063,3.29653028997987,0.0702047242801847,0.999997068196745,0.999983379322086,"group_idyes"
"17714","ST13","Exc L4-5 RORB GABRG1",0.000675840409808427,6.05187807728614,0.000222180163841613,0.98811513175982,0.999997068196745,0.999983379322086,"group_idyes"
"17715","XPNPEP3","Exc L4-5 RORB GABRG1",-0.022161336585631,5.05499169351702,0.395178194986229,0.655584402858358,0.999997068196745,0.999983379322086,"group_idyes"
"17716","RBX1","Exc L4-5 RORB GABRG1",-0.0111631663186998,5.82755187817381,0.0528680118144831,0.818268013799654,0.999997068196745,0.999983379322086,"group_idyes"
"17717","EP300","Exc L4-5 RORB GABRG1",0.0167566881277899,6.68339671306961,0.272915575125475,0.601683326920072,0.999997068196745,0.999983379322086,"group_idyes"
"17718","AL035658.1","Exc L4-5 RORB GABRG1",0.0222676161340669,0.464887521465807,0.0199047953909508,0.887877143571658,0.999997068196745,0.999983379322086,"group_idyes"
"17719","EP300-AS1","Exc L4-5 RORB GABRG1",-0.0401858329517927,0.371590052122303,0.0622153356946781,0.803161280457866,0.999997068196745,0.999983379322086,"group_idyes"
"17720","L3MBTL2","Exc L4-5 RORB GABRG1",-0.0169611921193097,4.60925909760814,0.129952351914823,0.792999897921707,0.999997068196745,0.999983379322086,"group_idyes"
"17721","AL035681.1","Exc L4-5 RORB GABRG1",0.125760164911114,1.40894742201551,0.999777626996227,0.317992781540008,0.999997068196745,0.999983379322086,"group_idyes"
"17722","CHADL","Exc L4-5 RORB GABRG1",0.0634704909375344,1.98162701123218,0.489942429265602,0.514762649089489,0.999997068196745,0.999983379322086,"group_idyes"
"17723","RANGAP1","Exc L4-5 RORB GABRG1",0.0657116834330118,6.1918583753872,2.03428316611471,0.15459760810376,0.999997068196745,0.999983379322086,"group_idyes"
"17724","ZC3H7B","Exc L4-5 RORB GABRG1",-0.0247276020194878,5.5996263324273,0.604237856943614,0.43744334696684,0.999997068196745,0.999983379322086,"group_idyes"
"17725","TEF","Exc L4-5 RORB GABRG1",0.0435461851219173,5.82391895126186,0.809501574235889,0.368830447464696,0.999997068196745,0.999983379322086,"group_idyes"
"17726","TOB2","Exc L4-5 RORB GABRG1",0.0203432770024774,4.28446127265381,0.207267766222368,0.649174195715971,0.999997068196745,0.999983379322086,"group_idyes"
"17727","PHF5A","Exc L4-5 RORB GABRG1",0.0367625895118691,3.06012267776779,0.241998573772053,0.623046914042843,0.999997068196745,0.999983379322086,"group_idyes"
"17728","ACO2","Exc L4-5 RORB GABRG1",0.016479386411825,6.25299821298581,0.368513583018448,0.852013855996356,0.999997068196745,0.999983379322086,"group_idyes"
"17729","POLR3H","Exc L4-5 RORB GABRG1",-0.00959340126640764,4.17155832566821,0.0232316661818986,0.878936076576569,0.999997068196745,0.999983379322086,"group_idyes"
"17730","CSDC2","Exc L4-5 RORB GABRG1",-0.0323767256817413,3.87137476533379,0.343457258750302,0.558184040952296,0.999997068196745,0.999983379322086,"group_idyes"
"17731","PMM1","Exc L4-5 RORB GABRG1",-0.0472439091239904,3.66676633329822,0.322219529121685,0.570607924899789,0.999997068196745,0.999983379322086,"group_idyes"
"17732","DESI1","Exc L4-5 RORB GABRG1",-0.0294344129262041,4.52021538238577,0.696346434801472,0.40453191678046,0.999997068196745,0.999983379322086,"group_idyes"
"17733","XRCC6","Exc L4-5 RORB GABRG1",0.0168694214288183,5.79313038545984,0.155018049149737,0.694003439468798,0.999997068196745,0.999983379322086,"group_idyes"
"17734","SNU13","Exc L4-5 RORB GABRG1",-0.0267191526304132,5.8157702041469,0.110984077808845,0.739208018683734,0.999997068196745,0.999983379322086,"group_idyes"
"17735","C22orf46","Exc L4-5 RORB GABRG1",0.154639760852253,2.42822554757967,3.89883593918703,0.0490342849568358,0.999997068196745,0.999983379322086,"group_idyes"
"17736","MEI1","Exc L4-5 RORB GABRG1",0.00953561961001211,2.07650987250952,0.00912949692569077,0.92392899514186,0.999997068196745,0.999983379322086,"group_idyes"
"17737","CCDC134","Exc L4-5 RORB GABRG1",-0.184770067600841,2.63650006318365,6.1955370804578,0.013229123838768,0.999997068196745,0.999983379322086,"group_idyes"
"17738","AL021453.1","Exc L4-5 RORB GABRG1",-0.0335973561580157,0.837940784240076,0.0527733834402384,0.818427876933768,0.999997068196745,0.999983379322086,"group_idyes"
"17739","SREBF2","Exc L4-5 RORB GABRG1",-0.0499896638427531,7.01807568704866,1.80002812606063,0.180500442619171,0.999997068196745,0.999983379322086,"group_idyes"
"17740","SEPT3","Exc L4-5 RORB GABRG1",0.0528437880553189,6.57117975282035,1.79867097782879,0.180664452966246,0.999997068196745,0.999983379322086,"group_idyes"
"17741","WBP2NL","Exc L4-5 RORB GABRG1",0.0109785867549453,5.41233866062696,0.0391122038686739,0.843330989604724,0.999997068196745,0.999983379322086,"group_idyes"
"17742","NAGA","Exc L4-5 RORB GABRG1",0.153478755191071,1.30089722192208,2.58774056873841,0.118195086499052,0.999997068196745,0.999983379322086,"group_idyes"
"17743","SMDT1","Exc L4-5 RORB GABRG1",0.000983661512627086,4.26038719678697,0.000152147430362563,0.990164892230089,0.999997068196745,0.999983379322086,"group_idyes"
"17744","NDUFA6","Exc L4-5 RORB GABRG1",-0.106344917319476,3.54709772767273,1.19020959217085,0.27597005478276,0.999997068196745,0.999983379322086,"group_idyes"
"17745","AC254562.3","Exc L4-5 RORB GABRG1",0.126121704127385,1.18925075455387,0.770297367863598,0.380672817873046,0.999997068196745,0.999983379322086,"group_idyes"
"17746","TCF20","Exc L4-5 RORB GABRG1",-0.0154369206061341,6.45506780081065,0.183737687486586,0.668420507152395,0.999997068196745,0.999983379322086,"group_idyes"
"17747","OGFRP1","Exc L4-5 RORB GABRG1",-0.16355749719039,0.501873419336859,0.940665508708052,0.332716081171679,0.999997068196745,0.999983379322086,"group_idyes"
"17748","NFAM1","Exc L4-5 RORB GABRG1",-0.00696987377290673,0.691455410978718,0.00320586845293248,0.954876985947837,0.999997068196745,0.999983379322086,"group_idyes"
"17749","RRP7A","Exc L4-5 RORB GABRG1",-0.0853957499024628,4.0696029506488,2.23519443003293,0.135719419078661,0.999997068196745,0.999983379322086,"group_idyes"
"17750","SERHL2","Exc L4-5 RORB GABRG1",-0.0024193438396013,3.55193908107463,0.00109517397695137,0.973617257428844,0.999997068196745,0.999983379322086,"group_idyes"
"17751","POLDIP3","Exc L4-5 RORB GABRG1",0.0153230926619366,4.08283440481202,0.107998415041738,0.884705680103791,0.999997068196745,0.999983379322086,"group_idyes"
"17752","CYB5R3","Exc L4-5 RORB GABRG1",-0.00791020738666307,4.38774094369056,0.0441309373271289,0.833721397557611,0.999997068196745,0.999983379322086,"group_idyes"
"17753","ARFGAP3","Exc L4-5 RORB GABRG1",-0.0275517338378887,4.86775672059235,0.78223268269113,0.377011557893241,0.999997068196745,0.999983379322086,"group_idyes"
"17754","PACSIN2","Exc L4-5 RORB GABRG1",-0.066939118254378,5.40941531798989,4.18361130484924,0.0414963629036444,0.999997068196745,0.999983379322086,"group_idyes"
"17755","TTLL1","Exc L4-5 RORB GABRG1",-0.0630079750585403,4.3191198820421,1.406757723066,0.236327341054542,0.999997068196745,0.999983379322086,"group_idyes"
"17756","MCAT","Exc L4-5 RORB GABRG1",0.0245754872792046,2.89986653833983,0.105000941067112,0.746084984755047,0.999997068196745,0.999983379322086,"group_idyes"
"17757","TSPO","Exc L4-5 RORB GABRG1",0.0628802954828664,0.530608049282001,0.16930726687602,0.6809573175891,0.999997068196745,0.999983379322086,"group_idyes"
"17758","TTLL12","Exc L4-5 RORB GABRG1",0.00434089147965308,4.08707105308134,0.00633773318155111,0.936588928256063,0.999997068196745,0.999983379322086,"group_idyes"
"17759","MPPED1","Exc L4-5 RORB GABRG1",-0.0495851068690761,6.58723372156503,2.03283100408273,0.154744484379327,0.999997068196745,0.999983379322086,"group_idyes"
"17760","EFCAB6-AS1","Exc L4-5 RORB GABRG1",-0.0765687090950474,1.32822966120299,0.425001505018203,0.514841146506415,0.999997068196745,0.999983379322086,"group_idyes"
"17761","EFCAB6","Exc L4-5 RORB GABRG1",-0.0324422924857738,5.88112210824552,0.438953836373204,0.508024523037123,0.999997068196745,0.999983379322086,"group_idyes"
"17762","Z97055.2","Exc L4-5 RORB GABRG1",0.0493486021679514,1.2597910538835,0.226720198844644,0.634236767768485,0.999997068196745,0.999983379322086,"group_idyes"
"17763","SULT4A1","Exc L4-5 RORB GABRG1",0.0108355148013509,7.01027364376479,0.0449809286383232,0.832151414815735,0.999997068196745,0.999983379322086,"group_idyes"
"17764","PNPLA5","Exc L4-5 RORB GABRG1",-0.113933016678182,2.56947238171115,2.4915238252663,0.115282672707324,0.999997068196745,0.999983379322086,"group_idyes"
"17765","PNPLA3","Exc L4-5 RORB GABRG1",-0.222008470277491,0.583959231366825,1.57130146287577,0.210779316873758,0.999997068196745,0.999983379322086,"group_idyes"
"17766","SAMM50","Exc L4-5 RORB GABRG1",-0.039408126275169,3.84226731160123,0.811172630944988,0.368337214625325,0.999997068196745,0.999983379322086,"group_idyes"
"17767","PARVB","Exc L4-5 RORB GABRG1",0.00649201488354392,5.1120771186961,0.0209033618425723,0.885118235641945,0.999997068196745,0.999983379322086,"group_idyes"
"17768","PARVG","Exc L4-5 RORB GABRG1",-0.302477337477861,1.14706940925583,6.4294093766733,0.0116195961977412,0.999997068196745,0.999983379322086,"group_idyes"
"17769","AL031595.2","Exc L4-5 RORB GABRG1",-0.0889247832544015,0.849521731834864,0.26777709240161,0.605124222922652,0.999997068196745,0.999983379322086,"group_idyes"
"17770","SHISAL1","Exc L4-5 RORB GABRG1",-0.00173882026772707,4.0676346223887,0.00140776288708661,0.970089721493474,0.999997068196745,0.999983379322086,"group_idyes"
"17771","RTL6","Exc L4-5 RORB GABRG1",0.0760641351021437,3.4769531302124,1.05245336436617,0.305587309442553,0.999997068196745,0.999983379322086,"group_idyes"
"17772","PRR5","Exc L4-5 RORB GABRG1",-0.127503218037885,0.339890567620781,0.607167281550903,0.50430656909942,0.999997068196745,0.999983379322086,"group_idyes"
"17773","PHF21B","Exc L4-5 RORB GABRG1",-0.445828545917229,1.96838551615497,8.47844611246014,0.0038031241065629,0.999997068196745,0.999983379322086,"group_idyes"
"17774","NUP50-DT","Exc L4-5 RORB GABRG1",-0.0303747171104118,6.19785656668619,0.706389827679094,0.401166934073905,0.999997068196745,0.999983379322086,"group_idyes"
"17775","NUP50","Exc L4-5 RORB GABRG1",0.053033762274178,4.61562664743179,1.32001006174579,0.251304026432889,0.999997068196745,0.999983379322086,"group_idyes"
"17776","KIAA0930","Exc L4-5 RORB GABRG1",-0.00498013605142761,7.75723269370031,0.0136609219288694,0.90701617811141,0.999997068196745,0.999983379322086,"group_idyes"
"17777","FAM118A","Exc L4-5 RORB GABRG1",0.12844410578573,4.42968494811038,2.43216243989028,0.119691001533203,0.999997068196745,0.999983379322086,"group_idyes"
"17778","SMC1B","Exc L4-5 RORB GABRG1",-0.091901945580267,1.60818676283502,0.689582588522353,0.40682139988091,0.999997068196745,0.999983379322086,"group_idyes"
"17779","RIBC2","Exc L4-5 RORB GABRG1",-0.0871483850707363,2.41565351383821,0.869318166594556,0.351728873655103,0.999997068196745,0.999983379322086,"group_idyes"
"17780","FBLN1","Exc L4-5 RORB GABRG1",-0.157330719881786,0.780214420284149,1.31384531682701,0.252412031672161,0.999997068196745,0.999983379322086,"group_idyes"
"17781","ATXN10","Exc L4-5 RORB GABRG1",-0.00120010329992535,7.43905282584988,0.00237551192575072,0.961152408659577,0.999997068196745,0.999983379322086,"group_idyes"
"17782","PRR34-AS1","Exc L4-5 RORB GABRG1",-0.0890704343190973,0.311055551597119,0.203568273447536,0.652110126941963,0.999997068196745,0.999983379322086,"group_idyes"
"17783","MIRLET7BHG","Exc L4-5 RORB GABRG1",0.0368433466539243,5.36265709822159,0.362441010907757,0.547508297980368,0.999997068196745,0.999983379322086,"group_idyes"
"17784","AL121672.2","Exc L4-5 RORB GABRG1",-0.150585090034435,0.840392474523798,1.5110949547811,0.21972336064431,0.999997068196745,0.999983379322086,"group_idyes"
"17785","PPARA","Exc L4-5 RORB GABRG1",-0.150869635543553,1.25504353553232,1.84831210252641,0.174776104541541,0.999997068196745,0.999983379322086,"group_idyes"
"17786","CDPF1","Exc L4-5 RORB GABRG1",-0.0329645087509209,1.33326020836683,0.104320435963852,0.746880750633787,0.999997068196745,0.999983379322086,"group_idyes"
"17787","GTSE1","Exc L4-5 RORB GABRG1",-0.0805840524550613,1.10596859118232,0.435467664025085,0.509713021357833,0.999997068196745,0.999983379322086,"group_idyes"
"17788","TRMU","Exc L4-5 RORB GABRG1",-0.0803089270367491,4.89558428598655,2.97352668985254,0.0854403730535688,0.999997068196745,0.999983379322086,"group_idyes"
"17789","CELSR1","Exc L4-5 RORB GABRG1",0.160882418608916,1.22096633366708,2.03089717353031,0.154940324882234,0.999997068196745,0.999983379322086,"group_idyes"
"17790","GRAMD4","Exc L4-5 RORB GABRG1",-0.0441008284741354,5.25214378081124,1.10694608172127,0.293407126974417,0.999997068196745,0.999983379322086,"group_idyes"
"17791","CERK","Exc L4-5 RORB GABRG1",0.00614437731219808,4.71489157391876,0.0254173530663032,0.873415179382017,0.999997068196745,0.999983379322086,"group_idyes"
"17792","AL118516.1","Exc L4-5 RORB GABRG1",-0.085172960344054,2.99824477619533,0.578705347482649,0.447286206322599,0.999997068196745,0.999983379322086,"group_idyes"
"17793","TBC1D22A","Exc L4-5 RORB GABRG1",-0.0474081894181079,6.84315444230822,1.18805199826308,0.276405060017245,0.999997068196745,0.999983379322086,"group_idyes"
"17794","LINC00898","Exc L4-5 RORB GABRG1",-0.0416268464704234,1.61932670373673,0.120153361629732,0.729057722603823,0.999997068196745,0.999983379322086,"group_idyes"
"17795","AL117329.1","Exc L4-5 RORB GABRG1",-0.0156925709852724,9.23577060981183,0.116045911114809,0.733549166576337,0.999997068196745,0.999983379322086,"group_idyes"
"17796","FP325330.3","Exc L4-5 RORB GABRG1",-0.11188901563978,1.94393920344684,1.20841515629939,0.27233362828032,0.999997068196745,0.999983379322086,"group_idyes"
"17797","FAM19A5","Exc L4-5 RORB GABRG1",0.00909828466107445,7.07651953885353,0.0432769471600905,0.835314748497267,0.999997068196745,0.999983379322086,"group_idyes"
"17798","LINC01310","Exc L4-5 RORB GABRG1",0.0183325093137728,3.96036626101537,0.0304998923863546,0.861452666037728,0.999997068196745,0.999983379322086,"group_idyes"
"17799","C22orf34","Exc L4-5 RORB GABRG1",0.011064923985005,0.834169993679019,0.0073576363979308,0.931688576991179,0.999997068196745,0.999983379322086,"group_idyes"
"17800","BRD1","Exc L4-5 RORB GABRG1",-0.00689458580176009,5.30544454759034,0.0181705940773387,0.892841805909751,0.999997068196745,0.999983379322086,"group_idyes"
"17801","ZBED4","Exc L4-5 RORB GABRG1",0.0213802796429114,4.23710444900497,0.246753594336458,0.619654019549112,0.999997068196745,0.999983379322086,"group_idyes"
"17802","ALG12","Exc L4-5 RORB GABRG1",-0.020458616011547,2.86900013139024,0.0858792949782636,0.929690950014283,0.999997068196745,0.999983379322086,"group_idyes"
"17803","CRELD2","Exc L4-5 RORB GABRG1",-0.0365759016561609,3.23860268854245,0.248446012685163,0.618456250291682,0.999997068196745,0.999983379322086,"group_idyes"
"17804","PIM3","Exc L4-5 RORB GABRG1",0.0111848453277215,3.60704192642092,0.0278282128747289,0.867600971084609,0.999997068196745,0.999983379322086,"group_idyes"
"17805","MLC1","Exc L4-5 RORB GABRG1",0.0581376557723816,0.408236220827314,0.116158895456618,0.733424441869025,0.999997068196745,0.999983379322086,"group_idyes"
"17806","MOV10L1","Exc L4-5 RORB GABRG1",-0.0716603554802856,3.57776216458264,0.857115743723146,0.355127449936965,0.999997068196745,0.999983379322086,"group_idyes"
"17807","PANX2","Exc L4-5 RORB GABRG1",0.0580415576058959,3.72881986644313,0.829310878047937,0.363042069095309,0.999997068196745,0.999983379322086,"group_idyes"
"17808","TRABD","Exc L4-5 RORB GABRG1",0.0375710099634593,4.23275240040711,0.589689450298445,0.443010284672748,0.999997068196745,0.999983379322086,"group_idyes"
"17809","AL022328.3","Exc L4-5 RORB GABRG1",-0.0175100226731277,1.76778773034771,0.0288622905369535,0.865186686823562,0.999997068196745,0.999983379322086,"group_idyes"
"17810","AL022328.4","Exc L4-5 RORB GABRG1",-0.0871079266081413,2.3812356416424,0.857476320702553,0.355026379358123,0.999997068196745,0.999983379322086,"group_idyes"
"17811","SELENOO","Exc L4-5 RORB GABRG1",-0.00222366124882749,6.13353854270177,0.00259794219986368,0.959375867993792,0.999997068196745,0.999983379322086,"group_idyes"
"17812","TUBGCP6","Exc L4-5 RORB GABRG1",0.0207672971232022,4.5033471100004,0.161457299635128,0.688041464186543,0.999997068196745,0.999983379322086,"group_idyes"
"17813","HDAC10","Exc L4-5 RORB GABRG1",0.0170536635023602,3.75435483642713,0.0418862235932962,0.837945032618069,0.999997068196745,0.999983379322086,"group_idyes"
"17814","MAPK12","Exc L4-5 RORB GABRG1",0.0177668977655554,3.77705827106378,0.0900874712468689,0.764228091763193,0.999997068196745,0.999983379322086,"group_idyes"
"17815","MAPK11","Exc L4-5 RORB GABRG1",0.0176032310770486,4.78158772417362,0.125644711436814,0.723185399923034,0.999997068196745,0.999983379322086,"group_idyes"
"17816","PLXNB2","Exc L4-5 RORB GABRG1",-0.00957890431937141,4.48821153718103,0.0362323515591703,0.849136858589504,0.999997068196745,0.999983379322086,"group_idyes"
"17817","DENND6B","Exc L4-5 RORB GABRG1",-0.0740678177474086,5.5502668899009,2.90456449169387,0.0891364961598528,0.999997068196745,0.999983379322086,"group_idyes"
"17818","PPP6R2","Exc L4-5 RORB GABRG1",-0.0288597565871797,6.94582343307831,0.59642521484165,0.440419370753693,0.999997068196745,0.999983379322086,"group_idyes"
"17819","SBF1","Exc L4-5 RORB GABRG1",0.0309165640855821,4.1870562663661,0.434538554850386,0.871755411800605,0.999997068196745,0.999983379322086,"group_idyes"
"17820","LMF2","Exc L4-5 RORB GABRG1",-0.0438243782607558,4.21769011370237,0.867461715332787,0.352243045822442,0.999997068196745,0.999983379322086,"group_idyes"
"17821","NCAPH2","Exc L4-5 RORB GABRG1",-0.0262163569651783,2.74890488935578,0.149348796212347,0.699372092817643,0.999997068196745,0.999983379322086,"group_idyes"
"17822","U62317.3","Exc L4-5 RORB GABRG1",0.110538629282307,3.3230501896726,2.20181613424439,0.138667009930634,0.999997068196745,0.999983379322086,"group_idyes"
"17823","TYMP","Exc L4-5 RORB GABRG1",0.030795100862953,0.409983085995482,0.0360967425062301,0.849416050061168,0.999997068196745,0.999983379322086,"group_idyes"
"17824","SYCE3","Exc L4-5 RORB GABRG1",0.291026797813754,-0.104549804665873,1.91032147254315,0.167729454200116,0.999997068196745,0.999983379322086,"group_idyes"
"17825","CHKB","Exc L4-5 RORB GABRG1",-0.0806624795353706,2.08680802227333,0.930255515487378,0.33540238626734,0.999997068196745,0.999983379322086,"group_idyes"
"17826","CHKB-DT","Exc L4-5 RORB GABRG1",0.00614963886025552,0.909867296249714,0.00255583719027685,0.959706128260024,0.999997068196745,0.999983379322086,"group_idyes"
"17827","MAPK8IP2","Exc L4-5 RORB GABRG1",0.0419384450542366,6.29909646906118,0.649903336514717,0.420645258700278,0.999997068196745,0.999983379322086,"group_idyes"
"17828","ARSA","Exc L4-5 RORB GABRG1",-0.0832898165217216,3.27015012916663,1.9157300005806,0.167130503654434,0.999997068196745,0.999983379322086,"group_idyes"
"17829","SHANK3","Exc L4-5 RORB GABRG1",0.0222077989444673,5.32541729930642,0.123370056659879,0.725600017755256,0.999997068196745,0.999983379322086,"group_idyes"
"17830","RABL2B","Exc L4-5 RORB GABRG1",-0.0278356942608863,5.19992853737916,0.797861015283711,0.686673532529009,0.999997068196745,0.999983379322086,"group_idyes"
"17831","GATD3B","Exc L4-5 RORB GABRG1",-0.0483820958166847,1.10097685520964,0.120957880907987,0.728188103676442,0.999997068196745,0.999983379322086,"group_idyes"
"17832","FP565260.2","Exc L4-5 RORB GABRG1",0.013354044744606,2.46094902668188,0.0138067286388351,0.906523547729386,0.999997068196745,0.999983379322086,"group_idyes"
"17833","FP565260.1","Exc L4-5 RORB GABRG1",-0.160222958944825,1.51832131992783,1.42686911659584,0.233011981624209,0.999997068196745,0.999983379322086,"group_idyes"
"17834","FP565260.6","Exc L4-5 RORB GABRG1",0.00348854336183285,1.46272550087237,0.00061794388705666,0.980180735618218,0.999997068196745,0.999983379322086,"group_idyes"
"17835","CU633967.1","Exc L4-5 RORB GABRG1",-0.233509239368761,3.35260752106966,2.25008243036097,0.134427438194865,0.999997068196745,0.999983379322086,"group_idyes"
"17836","U2AF1L5","Exc L4-5 RORB GABRG1",-0.0664119911772853,1.66662012992527,0.125669715039016,0.723158995045736,0.999997068196745,0.999983379322086,"group_idyes"
"17837","FP475955.1","Exc L4-5 RORB GABRG1",-0.00188762794794569,4.41146583598124,0.000341390678404217,0.985268095038393,0.999997068196745,0.999983379322086,"group_idyes"
"17838","SMIM11B","Exc L4-5 RORB GABRG1",0.0213867435073796,1.70461050018201,0.0401540664651186,0.84128553157876,0.999997068196745,0.999983379322086,"group_idyes"
"17839","FP671120.1","Exc L4-5 RORB GABRG1",0.101817393368169,6.69905048247796,0.35271758651482,0.552927817096234,0.999997068196745,0.999983379322086,"group_idyes"
"17840","FP236383.1","Exc L4-5 RORB GABRG1",-0.0575044067021652,6.10721134569368,0.126450999422588,0.72233541087911,0.999997068196745,0.999983379322086,"group_idyes"
"17841","CR381653.1","Exc L4-5 RORB GABRG1",0.067784759415137,3.85581994360347,0.520868055940912,0.470910014706185,0.999997068196745,0.999983379322086,"group_idyes"
"17842","LINC01667","Exc L4-5 RORB GABRG1",0.759640584801561,0.0839808203753806,10.7452519203233,0.00114058145231395,0.999997068196745,0.999983379322086,"group_idyes"
"17843","CR382287.2","Exc L4-5 RORB GABRG1",0.0251300023194464,2.6419788259475,0.0525885850776465,0.818740506991088,0.999997068196745,0.999983379322086,"group_idyes"
"17844","TPTE","Exc L4-5 RORB GABRG1",-0.0444950212683996,1.20884939267837,0.14534683706604,0.703232797045028,0.999997068196745,0.999983379322086,"group_idyes"
"17845","AP001464.1","Exc L4-5 RORB GABRG1",0.262790654517822,0.250291274683537,1.77750504517265,0.18324487805128,0.999997068196745,0.999983379322086,"group_idyes"
"17846","AP001347.1","Exc L4-5 RORB GABRG1",0.0801843038073937,7.41166402278005,1.05052098425831,0.30603113240127,0.999997068196745,0.999983379322086,"group_idyes"
"17847","LIPI","Exc L4-5 RORB GABRG1",0.0508402168680427,1.60213497201214,0.115571267863734,0.734073872470118,0.999997068196745,0.999983379322086,"group_idyes"
"17848","RBM11","Exc L4-5 RORB GABRG1",-0.0115528843125686,4.05805035537052,0.0457488060427986,0.830746376866567,0.999997068196745,0.999983379322086,"group_idyes"
"17849","HSPA13","Exc L4-5 RORB GABRG1",0.0609330352742736,5.03314467107849,1.47186766895895,0.22579558513758,0.999997068196745,0.999983379322086,"group_idyes"
"17850","SAMSN1","Exc L4-5 RORB GABRG1",-0.118160981510962,1.4446265498452,0.717561767779215,0.397471485555064,0.999997068196745,0.999983379322086,"group_idyes"
"17851","AF127577.4","Exc L4-5 RORB GABRG1",0.0641719768353384,3.20001828227676,0.501459049920969,0.47928852438931,0.999997068196745,0.999983379322086,"group_idyes"
"17852","NRIP1","Exc L4-5 RORB GABRG1",-0.0036362532529854,5.38858578824289,0.00431822432516591,0.947640297676623,0.999997068196745,0.999983379322086,"group_idyes"
"17853","AF127577.2","Exc L4-5 RORB GABRG1",0.0166734334473828,0.750730811706466,0.0110904338314387,0.916183815776219,0.999997068196745,0.999983379322086,"group_idyes"
"17854","AJ009632.2","Exc L4-5 RORB GABRG1",0.0186566946687722,2.92064784340239,0.0123099980628608,0.911713511058122,0.999997068196745,0.999983379322086,"group_idyes"
"17855","USP25","Exc L4-5 RORB GABRG1",0.0256012951468321,6.98930217711421,0.396613500432835,0.52921720956618,0.999997068196745,0.999983379322086,"group_idyes"
"17856","MIR99AHG","Exc L4-5 RORB GABRG1",0.043560885919217,9.17249472532146,1.05248420574297,0.3055802326719,0.999997068196745,0.999983379322086,"group_idyes"
"17857","AP001172.1","Exc L4-5 RORB GABRG1",0.0110154447538597,3.2801169683363,0.0312555438893379,0.859764508631181,0.999997068196745,0.999983379322086,"group_idyes"
"17858","AF130359.1","Exc L4-5 RORB GABRG1",-0.0662799202844193,0.783625811282906,0.189272124069306,0.663767054807936,0.999997068196745,0.999983379322086,"group_idyes"
"17859","CXADR","Exc L4-5 RORB GABRG1",0.0252897614622232,6.15773328295629,0.970589530765737,0.710965390067393,0.999997068196745,0.999983379322086,"group_idyes"
"17860","BTG3","Exc L4-5 RORB GABRG1",0.0076601081138252,2.80690674790844,0.00987217291919138,0.9209051367646,0.999997068196745,0.999983379322086,"group_idyes"
"17861","C21orf91-OT1","Exc L4-5 RORB GABRG1",0.0448561135671265,0.418333568099571,0.0826633913399856,0.7738747951938,0.999997068196745,0.999983379322086,"group_idyes"
"17862","C21orf91","Exc L4-5 RORB GABRG1",0.038469123619354,1.78056436974418,0.121084449412809,0.728051589019078,0.999997068196745,0.999983379322086,"group_idyes"
"17863","CHODL","Exc L4-5 RORB GABRG1",-0.00784582971767971,4.0319999863319,0.00750573628793187,0.931006196855963,0.999997068196745,0.999983379322086,"group_idyes"
"17864","TMPRSS15","Exc L4-5 RORB GABRG1",0.138148564708607,0.855035132756597,1.04983572744614,0.306188721115389,0.999997068196745,0.999983379322086,"group_idyes"
"17865","MIR548XHG","Exc L4-5 RORB GABRG1",-0.123841486388792,0.398932826919302,0.54463528394791,0.460967936834512,0.999997068196745,0.999983379322086,"group_idyes"
"17866","LINC00320","Exc L4-5 RORB GABRG1",-0.142383912220789,1.23258418088576,0.782521257423556,0.376923651896073,0.999997068196745,0.999983379322086,"group_idyes"
"17867","NCAM2","Exc L4-5 RORB GABRG1",0.0490348593902163,8.35510950106632,0.400576407018462,0.527167729402462,0.999997068196745,0.999983379322086,"group_idyes"
"17868","AP000561.1","Exc L4-5 RORB GABRG1",0.257375249122843,-0.0458707832058175,1.51073056547197,0.219778858307956,0.999997068196745,0.999983379322086,"group_idyes"
"17869","LINC01692","Exc L4-5 RORB GABRG1",-0.0436021279203112,0.73971578346918,0.0899918791975331,0.764349495566665,0.999997068196745,0.999983379322086,"group_idyes"
"17870","AP000146.1","Exc L4-5 RORB GABRG1",0.127787603982207,1.06044220707088,0.507618760028575,0.476603355295995,0.999997068196745,0.999983379322086,"group_idyes"
"17871","AP001341.1","Exc L4-5 RORB GABRG1",0.201828034154458,3.28019981092727,2.98734354524894,0.0847200555684908,0.999997068196745,0.999983379322086,"group_idyes"
"17872","LINC00158","Exc L4-5 RORB GABRG1",0.0668927295224246,3.86749554006992,0.804684723233635,0.370257370513095,0.999997068196745,0.999983379322086,"group_idyes"
"17873","MIR155HG","Exc L4-5 RORB GABRG1",-0.00275570269253998,1.01705917429961,0.000221510732727416,0.988133048554453,0.999997068196745,0.999983379322086,"group_idyes"
"17874","AP000223.1","Exc L4-5 RORB GABRG1",0.128535857556869,0.708091403926844,0.876230561532744,0.575321518846699,0.999997068196745,0.999983379322086,"group_idyes"
"17875","MRPL39","Exc L4-5 RORB GABRG1",-0.01273494258586,3.87859028258314,0.0720875830709061,0.788465071047617,0.999997068196745,0.999983379322086,"group_idyes"
"17876","JAM2","Exc L4-5 RORB GABRG1",-0.0303730601753554,4.34353111031944,0.168499849294866,0.681677003174701,0.999997068196745,0.999983379322086,"group_idyes"
"17877","ATP5PF","Exc L4-5 RORB GABRG1",-0.0394084781838361,5.35358181946366,0.155072877398731,0.693952076005466,0.999997068196745,0.999983379322086,"group_idyes"
"17878","GABPA","Exc L4-5 RORB GABRG1",-0.00359527162043939,4.65414313685881,0.0103925863213498,0.918854207177122,0.999997068196745,0.999983379322086,"group_idyes"
"17879","APP","Exc L4-5 RORB GABRG1",-0.00278729722269753,8.94660193177534,0.00924838499003805,0.923436802458141,0.999997068196745,0.999983379322086,"group_idyes"
"17880","AP001439.1","Exc L4-5 RORB GABRG1",-0.0863571591724948,1.74768347854796,0.28352081465883,0.594710160619362,0.999997068196745,0.999983379322086,"group_idyes"
"17881","AP000229.1","Exc L4-5 RORB GABRG1",0.0521785883023625,3.68002778249091,0.944136834698936,0.331826706290688,0.999997068196745,0.999983379322086,"group_idyes"
"17882","AP001596.1","Exc L4-5 RORB GABRG1",-0.0293525184546263,1.8611065254458,0.0785649977991556,0.779402234706629,0.999997068196745,0.999983379322086,"group_idyes"
"17883","CYYR1-AS1","Exc L4-5 RORB GABRG1",0.0264986607904731,3.57823107601964,0.125774869057307,0.723047980251326,0.999997068196745,0.999983379322086,"group_idyes"
"17884","CYYR1","Exc L4-5 RORB GABRG1",0.0243997367858371,1.03321808070505,0.0263049596144726,0.871242925566879,0.999997068196745,0.999983379322086,"group_idyes"
"17885","ADAMTS1","Exc L4-5 RORB GABRG1",0.011635996299668,1.04409819446007,0.00535037908236616,0.94172772270661,0.999997068196745,0.999983379322086,"group_idyes"
"17886","AP001599.1","Exc L4-5 RORB GABRG1",-0.0634776524098242,2.35084813312202,0.348011833901901,0.555587048455856,0.999997068196745,0.999983379322086,"group_idyes"
"17887","AP001605.1","Exc L4-5 RORB GABRG1",0.0751309863905803,1.12808405671445,0.306250366590486,0.580311720689265,0.999997068196745,0.999983379322086,"group_idyes"
"17888","AP001604.1","Exc L4-5 RORB GABRG1",-0.0856459948222927,0.37594063879576,0.21933145796536,0.639815003008665,0.999997068196745,0.999983379322086,"group_idyes"
"17889","LINC01695","Exc L4-5 RORB GABRG1",-0.0319185230923704,4.25968251450333,0.161512805464898,0.687990677428305,0.999997068196745,0.999983379322086,"group_idyes"
"17890","AF165147.1","Exc L4-5 RORB GABRG1",-0.0132123845831397,5.95763309665472,0.0394491494843985,0.842666408808129,0.999997068196745,0.999983379322086,"group_idyes"
"17891","N6AMT1","Exc L4-5 RORB GABRG1",0.0238477275348205,3.19116808884054,0.164890431451626,0.684919108094968,0.999997068196745,0.999983379322086,"group_idyes"
"17892","LTN1","Exc L4-5 RORB GABRG1",0.0402023305479894,5.50610117243945,1.42451624188007,0.233396925639668,0.999997068196745,0.999983379322086,"group_idyes"
"17893","RWDD2B","Exc L4-5 RORB GABRG1",0.149918394749097,2.86624717622067,4.4281038808604,0.0360000575331711,0.999997068196745,0.999983379322086,"group_idyes"
"17894","USP16","Exc L4-5 RORB GABRG1",0.020678223208242,5.06567122429548,0.350099807493338,0.554404151355498,0.999997068196745,0.999983379322086,"group_idyes"
"17895","CCT8","Exc L4-5 RORB GABRG1",0.0276044918833583,5.27678138586912,0.283273918097234,0.594870584423215,0.999997068196745,0.999983379322086,"group_idyes"
"17896","MAP3K7CL","Exc L4-5 RORB GABRG1",0.0209050896807408,3.18853392716226,0.0758001274526293,0.783219563116115,0.999997068196745,0.999983379322086,"group_idyes"
"17897","BACH1","Exc L4-5 RORB GABRG1",0.0060948361623865,3.63344521272816,0.0105215460147983,0.918354054720581,0.999997068196745,0.999983379322086,"group_idyes"
"17898","GRIK1","Exc L4-5 RORB GABRG1",0.129545158795021,2.89442243944988,1.20771055187752,0.27247324298706,0.999997068196745,0.999983379322086,"group_idyes"
"17899","TIAM1","Exc L4-5 RORB GABRG1",0.0259537818915654,6.40169248889037,0.347600219712255,0.555820804284259,0.999997068196745,0.999983379322086,"group_idyes"
"17900","AP000253.1","Exc L4-5 RORB GABRG1",-0.119667537783604,0.770851293035085,0.931558547245933,0.370897304590644,0.999997068196745,0.999983379322086,"group_idyes"
"17901","SOD1","Exc L4-5 RORB GABRG1",-0.0430694817403675,6.29319191779032,0.212001883132099,0.645462985118386,0.999997068196745,0.999983379322086,"group_idyes"
"17902","AP000254.1","Exc L4-5 RORB GABRG1",-0.154170141193091,0.629455208294635,1.03587615514121,0.309422111044222,0.999997068196745,0.999983379322086,"group_idyes"
"17903","SCAF4","Exc L4-5 RORB GABRG1",-0.0219072008901806,5.29435861724096,0.627214100380812,0.428867073011433,0.999997068196745,0.999983379322086,"group_idyes"
"17904","HUNK","Exc L4-5 RORB GABRG1",0.00115134966413935,5.25461981974237,0.000472426307528061,0.982670317451437,0.999997068196745,0.999983379322086,"group_idyes"
"17905","LINC00159","Exc L4-5 RORB GABRG1",0.0806354207936998,5.50809625024741,0.9510987538068,0.330052566396959,0.999997068196745,0.999983379322086,"group_idyes"
"17906","AP000265.1","Exc L4-5 RORB GABRG1",-0.0273511477236938,1.02288903355251,0.0366823572213346,0.848214247723345,0.999997068196745,0.999983379322086,"group_idyes"
"17907","MIS18A","Exc L4-5 RORB GABRG1",-0.0528728640192444,3.30323385821561,0.73862526764822,0.39063679171953,0.999997068196745,0.999983379322086,"group_idyes"
"17908","URB1","Exc L4-5 RORB GABRG1",0.0250658287626856,4.9396909946353,0.504817440287928,0.477821461505615,0.999997068196745,0.999983379322086,"group_idyes"
"17909","URB1-AS1","Exc L4-5 RORB GABRG1",-0.0181974830092921,1.1495756642565,0.0175783601990288,0.894592168892394,0.999997068196745,0.999983379322086,"group_idyes"
"17910","EVA1C","Exc L4-5 RORB GABRG1",-0.0540187722197974,5.62324252255154,1.07924936486944,0.299517989632101,0.999997068196745,0.999983379322086,"group_idyes"
"17911","TCP10L","Exc L4-5 RORB GABRG1",-0.0356627851926266,1.75244659634851,0.153244643312995,0.818663682819914,0.999997068196745,0.999983379322086,"group_idyes"
"17912","AP000275.2","Exc L4-5 RORB GABRG1",0.0657094723916444,1.69870754709542,0.365809879256086,0.545653694733481,0.999997068196745,0.999983379322086,"group_idyes"
"17913","CFAP298","Exc L4-5 RORB GABRG1",0.069489082284477,1.30689057309976,0.261975718631574,0.609059705958015,0.999997068196745,0.999983379322086,"group_idyes"
"17914","SYNJ1","Exc L4-5 RORB GABRG1",-0.0304380013889305,6.64957830422925,1.1373707468005,0.286877372436455,0.999997068196745,0.999983379322086,"group_idyes"
"17915","PAXBP1-AS1","Exc L4-5 RORB GABRG1",0.0068332821583611,3.19728588268719,0.00813002658823507,0.928201700196814,0.999997068196745,0.999983379322086,"group_idyes"
"17916","PAXBP1","Exc L4-5 RORB GABRG1",0.00739214047860552,5.90517638407178,0.0447259749021746,0.832620689585151,0.999997068196745,0.999983379322086,"group_idyes"
"17917","C21orf62-AS1","Exc L4-5 RORB GABRG1",0.0414261476454223,4.25613020192198,0.45933685196856,0.498341433814649,0.999997068196745,0.999983379322086,"group_idyes"
"17918","AP000282.1","Exc L4-5 RORB GABRG1",0.0363232113976667,1.02546733221988,0.0738039190382848,0.786022436923883,0.999997068196745,0.999983379322086,"group_idyes"
"17919","OLIG2","Exc L4-5 RORB GABRG1",-0.178838714143182,0.425567850702083,1.05002689961967,0.306144746591903,0.999997068196745,0.999983379322086,"group_idyes"
"17920","OLIG1","Exc L4-5 RORB GABRG1",-0.122523960800134,1.1199133204509,0.693076658114016,0.405636335525401,0.999997068196745,0.999983379322086,"group_idyes"
"17921","IL10RB","Exc L4-5 RORB GABRG1",0.0488233407081942,0.942097899077443,0.13883726066323,0.709644858878079,0.999997068196745,0.999983379322086,"group_idyes"
"17922","IFNAR1","Exc L4-5 RORB GABRG1",0.0175707075899691,5.48655220963845,0.343783149612612,0.557997452838203,0.999997068196745,0.999983379322086,"group_idyes"
"17923","IFNGR2","Exc L4-5 RORB GABRG1",-0.0345892923111982,5.40732404465707,1.20734096220076,0.27254651173307,0.999997068196745,0.999983379322086,"group_idyes"
"17924","TMEM50B","Exc L4-5 RORB GABRG1",-0.047985095829193,5.11295895760587,1.72380237908493,0.189986914662326,0.999997068196745,0.999983379322086,"group_idyes"
"17925","AP000302.1","Exc L4-5 RORB GABRG1",0.270320584527452,0.582167628558182,3.17449210766501,0.075585151693943,0.999997068196745,0.999983379322086,"group_idyes"
"17926","DNAJC28","Exc L4-5 RORB GABRG1",0.0238879841210845,2.393921741894,0.104873083122409,0.746234280818125,0.999997068196745,0.999983379322086,"group_idyes"
"17927","GART","Exc L4-5 RORB GABRG1",-0.0392383567400075,4.76060575368985,0.903859693348774,0.342345742973289,0.999997068196745,0.999983379322086,"group_idyes"
"17928","SON","Exc L4-5 RORB GABRG1",0.0209407226160455,7.35078135977883,0.298318795844871,0.585254890656593,0.999997068196745,0.999983379322086,"group_idyes"
"17929","DONSON","Exc L4-5 RORB GABRG1",0.042960417234356,3.35119841127251,0.753612496575059,0.642210348046715,0.999997068196745,0.999983379322086,"group_idyes"
"17930","AP000311.1","Exc L4-5 RORB GABRG1",-0.0188359710053014,4.13677607538016,0.0335460183778343,0.854772317628139,0.999997068196745,0.999983379322086,"group_idyes"
"17931","ITSN1","Exc L4-5 RORB GABRG1",-0.0384572561501219,7.56623008159681,1.86377651078648,0.172987314851163,0.999997068196745,0.999983379322086,"group_idyes"
"17932","LINC00649","Exc L4-5 RORB GABRG1",0.148871714896686,1.14574487793167,1.38550794835897,0.239892859732235,0.999997068196745,0.999983379322086,"group_idyes"
"17933","MRPS6","Exc L4-5 RORB GABRG1",0.0566370456417199,5.12791624460087,0.844694806779717,0.358633348962376,0.999997068196745,0.999983379322086,"group_idyes"
"17934","LINC00310","Exc L4-5 RORB GABRG1",-0.0423424369390664,3.00561322775855,0.265328476141351,0.60677864682992,0.999997068196745,0.999983379322086,"group_idyes"
"17935","AP000317.1","Exc L4-5 RORB GABRG1",0.0376811898276975,3.49476366713545,0.290807471589308,0.590015479793095,0.999997068196745,0.999983379322086,"group_idyes"
"17936","KCNE2","Exc L4-5 RORB GABRG1",-0.153010581861155,0.864394753619779,1.27714248144999,0.259135074450108,0.999997068196745,0.999983379322086,"group_idyes"
"17937","AP000322.1","Exc L4-5 RORB GABRG1",0.0531705315293776,0.914618926984555,0.191196310126606,0.662168136722982,0.999997068196745,0.999983379322086,"group_idyes"
"17938","KCNE1","Exc L4-5 RORB GABRG1",0.136873061893436,1.2045481395433,1.0393096011093,0.308622731755218,0.999997068196745,0.999983379322086,"group_idyes"
"17939","RCAN1","Exc L4-5 RORB GABRG1",-0.00451010139366781,5.50982695631369,0.0135936996044257,0.907244196496161,0.999997068196745,0.999983379322086,"group_idyes"
"17940","CLIC6","Exc L4-5 RORB GABRG1",-0.236074095142885,-0.130971221846013,1.14337517502242,0.367959247798409,0.999997068196745,0.999983379322086,"group_idyes"
"17941","RUNX1","Exc L4-5 RORB GABRG1",-0.0279740374925591,5.18301211903106,0.0641801721815874,0.800142306380404,0.999997068196745,0.999983379322086,"group_idyes"
"17942","SETD4","Exc L4-5 RORB GABRG1",0.0143782629947861,4.41274030032273,0.114900594339953,0.734817338466808,0.999997068196745,0.999983379322086,"group_idyes"
"17943","CBR1","Exc L4-5 RORB GABRG1",0.0386927318215363,3.40803150531835,0.298119642410192,0.585380103016706,0.999997068196745,0.999983379322086,"group_idyes"
"17944","CBR3","Exc L4-5 RORB GABRG1",-0.0313005788877647,2.72279367356253,0.0979307024061753,0.754496714049557,0.999997068196745,0.999983379322086,"group_idyes"
"17945","DOPEY2","Exc L4-5 RORB GABRG1",-0.0369576508373262,6.72554357576529,0.870028263962472,0.351532472784483,0.999997068196745,0.999983379322086,"group_idyes"
"17946","MORC3","Exc L4-5 RORB GABRG1",0.00720368891423146,5.91541613255036,0.0563575912981355,0.812474764266738,0.999997068196745,0.999983379322086,"group_idyes"
"17947","CHAF1B","Exc L4-5 RORB GABRG1",-0.0494281024304567,3.57204291674854,0.948754206179591,0.330648622182422,0.999997068196745,0.999983379322086,"group_idyes"
"17948","AP000695.1","Exc L4-5 RORB GABRG1",-0.091693137414154,1.10877622358958,0.492923131741771,0.483050774631861,0.999997068196745,0.999983379322086,"group_idyes"
"17949","AP000695.2","Exc L4-5 RORB GABRG1",-0.283780029486301,1.00167810980164,3.95521325466131,0.0474343599245654,0.999997068196745,0.999983379322086,"group_idyes"
"17950","CLDN14","Exc L4-5 RORB GABRG1",0.0139706595626551,0.485083972767783,0.00853194933226019,0.926453302500913,0.999997068196745,0.999983379322086,"group_idyes"
"17951","HLCS","Exc L4-5 RORB GABRG1",0.00706102302275108,6.4046561660934,0.0260682408262926,0.871818526146076,0.999997068196745,0.999983379322086,"group_idyes"
"17952","AP000704.1","Exc L4-5 RORB GABRG1",0.0151050504083147,0.963571135184134,0.0133411287774129,0.972072962056607,0.999997068196745,0.999983379322086,"group_idyes"
"17953","PIGP","Exc L4-5 RORB GABRG1",-0.0456820681365475,3.70071456605164,0.487058122593046,0.48566411878002,0.999997068196745,0.999983379322086,"group_idyes"
"17954","TTC3","Exc L4-5 RORB GABRG1",0.00682152956604555,8.72730530934448,0.0638760081638458,0.800606407096017,0.999997068196745,0.999983379322086,"group_idyes"
"17955","TTC3-AS1","Exc L4-5 RORB GABRG1",0.040412346966909,1.45651675936149,0.0606404698475526,0.805617829135267,0.999997068196745,0.999983379322086,"group_idyes"
"17956","DSCR9","Exc L4-5 RORB GABRG1",0.199089822858638,0.660596202597838,2.20968343445092,0.137965829013127,0.999997068196745,0.999983379322086,"group_idyes"
"17957","AP001432.1","Exc L4-5 RORB GABRG1",0.0227134550172646,2.03869739238249,0.0758068875233014,0.864179139046093,0.999997068196745,0.999983379322086,"group_idyes"
"17958","VPS26C","Exc L4-5 RORB GABRG1",-0.0211599247772959,5.25587641376524,0.43839476645591,0.508294653033433,0.999997068196745,0.999983379322086,"group_idyes"
"17959","DYRK1A","Exc L4-5 RORB GABRG1",-0.0136577126334743,7.49045384708255,0.166573397554599,0.683402310190557,0.999997068196745,0.999983379322086,"group_idyes"
"17960","KCNJ6","Exc L4-5 RORB GABRG1",0.019105600387882,7.25979304448167,0.156265594258055,0.692837318121264,0.999997068196745,0.999983379322086,"group_idyes"
"17961","ERG","Exc L4-5 RORB GABRG1",0.0883157449352599,0.994309641128029,0.382930237633364,0.536405395330002,0.999997068196745,0.999983379322086,"group_idyes"
"17962","ETS2","Exc L4-5 RORB GABRG1",0.0111536270595218,5.17907353200608,0.0324673527032701,0.857100639124837,0.999997068196745,0.999983379322086,"group_idyes"
"17963","AP001043.1","Exc L4-5 RORB GABRG1",0.144796920172153,1.82327030691761,1.51194763352034,0.219593560519238,0.999997068196745,0.999983379322086,"group_idyes"
"17964","LINC01700","Exc L4-5 RORB GABRG1",0.080339292716014,0.556855149525524,0.27230690576117,0.602088749446564,0.999997068196745,0.999983379322086,"group_idyes"
"17965","AF064858.1","Exc L4-5 RORB GABRG1",0.0800581219844237,1.78112596537114,0.58307650059794,0.445576953177726,0.999997068196745,0.999983379322086,"group_idyes"
"17966","PSMG1","Exc L4-5 RORB GABRG1",-0.0276541775497357,3.19994178514395,0.154908382324058,0.694106207567632,0.999997068196745,0.999983379322086,"group_idyes"
"17967","BRWD1","Exc L4-5 RORB GABRG1",0.0165762439204111,7.7635580118068,0.43916813937535,0.50792104230343,0.999997068196745,0.999983379322086,"group_idyes"
"17968","HMGN1","Exc L4-5 RORB GABRG1",-0.0180113003753835,4.95621393745652,0.100693141926852,0.751171553626876,0.999997068196745,0.999983379322086,"group_idyes"
"17969","WRB","Exc L4-5 RORB GABRG1",0.0780758824419384,5.46696414648266,3.09519004033093,0.0793188025024434,0.999997068196745,0.999983379322086,"group_idyes"
"17970","LCA5L","Exc L4-5 RORB GABRG1",0.0550067642967411,1.55172248918976,0.182531472416392,0.669445703500539,0.999997068196745,0.999983379322086,"group_idyes"
"17971","SH3BGR","Exc L4-5 RORB GABRG1",-0.00338694036327269,2.86680340092546,0.00297273249010907,0.95654696865075,0.999997068196745,0.999983379322086,"group_idyes"
"17972","B3GALT5","Exc L4-5 RORB GABRG1",0.195314122527531,2.74312622503273,4.86417694620395,0.0280106277109168,0.999997068196745,0.999983379322086,"group_idyes"
"17973","PCP4","Exc L4-5 RORB GABRG1",-0.290194151121244,2.51657227451225,3.74756674292172,0.0536167097966045,0.999997068196745,0.999983379322086,"group_idyes"
"17974","DSCAM","Exc L4-5 RORB GABRG1",0.0160474246625436,10.4609082164273,0.127362221294167,0.721378467722135,0.999997068196745,0.999983379322086,"group_idyes"
"17975","BACE2","Exc L4-5 RORB GABRG1",0.0750122104089108,4.72626144543221,0.76174085800534,0.383328659154991,0.999997068196745,0.999983379322086,"group_idyes"
"17976","MX2","Exc L4-5 RORB GABRG1",-0.0286962180245371,0.967105733908964,0.0416424146145204,0.83841081519639,0.999997068196745,0.999983379322086,"group_idyes"
"17977","MX1","Exc L4-5 RORB GABRG1",0.0581764853831253,3.86100763697848,0.688950050082211,0.40703647700466,0.999997068196745,0.999983379322086,"group_idyes"
"17978","PRDM15","Exc L4-5 RORB GABRG1",0.0272925064798336,3.98124640064552,0.311668626144568,0.576982788348516,0.999997068196745,0.999983379322086,"group_idyes"
"17979","C2CD2","Exc L4-5 RORB GABRG1",0.0140267826935971,4.69501652945802,0.098185186994526,0.754188251523076,0.999997068196745,0.999983379322086,"group_idyes"
"17980","ZBTB21","Exc L4-5 RORB GABRG1",0.0127847801932486,4.76010383356765,0.0685200025838133,0.793644052551643,0.999997068196745,0.999983379322086,"group_idyes"
"17981","ZNF295-AS1","Exc L4-5 RORB GABRG1",0.0447111881880719,1.20716272997441,0.145051826845884,0.703519793841282,0.999997068196745,0.999983379322086,"group_idyes"
"17982","UMODL1","Exc L4-5 RORB GABRG1",0.0219786301737377,1.43366181435278,0.0253970899568084,0.873465220166006,0.999997068196745,0.999983379322086,"group_idyes"
"17983","ABCG1","Exc L4-5 RORB GABRG1",0.00436214180183722,4.83150795435906,0.00916489351669285,0.923782118038605,0.999997068196745,0.999983379322086,"group_idyes"
"17984","RSPH1","Exc L4-5 RORB GABRG1",-0.000129267354321442,3.57374915125172,2.35914011239873e-06,0.998775286373986,0.999997068196745,0.999983379322086,"group_idyes"
"17985","SLC37A1","Exc L4-5 RORB GABRG1",-0.0231250050703394,5.10227176451295,0.268406083209046,0.604700790299314,0.999997068196745,0.999983379322086,"group_idyes"
"17986","PDE9A","Exc L4-5 RORB GABRG1",-0.193154344372707,1.1211369008454,2.59733994069837,0.107863265833813,0.999997068196745,0.999983379322086,"group_idyes"
"17987","AP001628.1","Exc L4-5 RORB GABRG1",0.00555835550377234,2.44453070484177,0.00380356653708161,0.95085521872614,0.999997068196745,0.999983379322086,"group_idyes"
"17988","WDR4","Exc L4-5 RORB GABRG1",0.0137564218266077,3.16930096671033,0.0602744451871934,0.806193603763282,0.999997068196745,0.999983379322086,"group_idyes"
"17989","NDUFV3","Exc L4-5 RORB GABRG1",-0.0207429379244688,5.48626694754256,0.440238871376821,0.507404560685524,0.999997068196745,0.999983379322086,"group_idyes"
"17990","PKNOX1","Exc L4-5 RORB GABRG1",-0.0703821853664026,6.1224919867243,2.00272858152831,0.1578252409082,0.999997068196745,0.999983379322086,"group_idyes"
"17991","U2AF1","Exc L4-5 RORB GABRG1",0.04166872245216,2.30311771372352,0.0726510520696116,0.787659753156652,0.999997068196745,0.999983379322086,"group_idyes"
"17992","HSF2BP","Exc L4-5 RORB GABRG1",-0.00277423917879325,2.83271794270264,0.00119877365990302,0.97239806932313,0.999997068196745,0.999983379322086,"group_idyes"
"17993","RRP1B","Exc L4-5 RORB GABRG1",0.00634930375056708,4.92645881772459,0.0325964304985697,0.85681993894931,0.999997068196745,0.999983379322086,"group_idyes"
"17994","PDXK","Exc L4-5 RORB GABRG1",-0.00596838637514969,6.99577480690753,0.0347642916475543,0.852188710540203,0.999997068196745,0.999983379322086,"group_idyes"
"17995","CSTB","Exc L4-5 RORB GABRG1",0.0428991615156143,5.10390548393301,0.2366862282315,0.626886821933023,0.999997068196745,0.999983379322086,"group_idyes"
"17996","RRP1","Exc L4-5 RORB GABRG1",-0.00565364894073441,3.99532894041886,0.0143893885584598,0.904580795138872,0.999997068196745,0.999983379322086,"group_idyes"
"17997","AGPAT3","Exc L4-5 RORB GABRG1",-0.0388426913993608,5.952783123718,1.26637370067261,0.261149608056094,0.999997068196745,0.999983379322086,"group_idyes"
"17998","TRAPPC10","Exc L4-5 RORB GABRG1",-0.0219897704858439,5.74798260631124,0.263442589575872,0.608059458764657,0.999997068196745,0.999983379322086,"group_idyes"
"17999","PWP2","Exc L4-5 RORB GABRG1",0.174118123141114,0.613296815003374,0.564441801174577,0.452935394237476,0.999997068196745,0.999983379322086,"group_idyes"
"18000","GATD3A","Exc L4-5 RORB GABRG1",-0.0302374872130339,2.45620340712901,0.0358481368151705,0.849929293479015,0.999997068196745,0.999983379322086,"group_idyes"
"18001","AIRE","Exc L4-5 RORB GABRG1",0.0404371134684293,0.565691242635136,0.0641785655137571,0.800144754794118,0.999997068196745,0.999983379322086,"group_idyes"
"18002","PFKL","Exc L4-5 RORB GABRG1",0.0437324000824184,5.20662520202426,0.968080061330233,0.325777815161648,0.999997068196745,0.999983379322086,"group_idyes"
"18003","C21orf2","Exc L4-5 RORB GABRG1",-0.0542241337401405,4.05033144644289,0.862830104947585,0.353530331735925,0.999997068196745,0.999983379322086,"group_idyes"
"18004","AP001062.1","Exc L4-5 RORB GABRG1",0.105962722508103,1.5527539938394,1.14887771683503,0.328269951065338,0.999997068196745,0.999983379322086,"group_idyes"
"18005","TRPM2","Exc L4-5 RORB GABRG1",-0.0754372480631479,6.09252036990061,3.20809819547618,0.0740605525022526,0.999997068196745,0.999983379322086,"group_idyes"
"18006","TSPEAR","Exc L4-5 RORB GABRG1",0.180873933242041,0.691906762736105,1.89563443158981,0.169368416135339,0.999997068196745,0.999983379322086,"group_idyes"
"18007","UBE2G2","Exc L4-5 RORB GABRG1",0.0136056049504494,6.23119779128504,0.158831789537136,0.690455431950804,0.999997068196745,0.999983379322086,"group_idyes"
"18008","SUMO3","Exc L4-5 RORB GABRG1",0.0486358396865455,5.08834810190965,0.470463395312636,0.493187177997472,0.999997068196745,0.999983379322086,"group_idyes"
"18009","PTTG1IP","Exc L4-5 RORB GABRG1",-0.114630679224238,4.02977468709301,3.12301470869334,0.0779865708807968,0.999997068196745,0.999983379322086,"group_idyes"
"18010","ITGB2","Exc L4-5 RORB GABRG1",0.254516669145949,0.568395296709863,3.36800024359433,0.0672461987717421,0.999997068196745,0.999983379322086,"group_idyes"
"18011","FAM207A","Exc L4-5 RORB GABRG1",0.0224876631085082,2.3892162784731,0.0825219280594951,0.774063082674272,0.999997068196745,0.999983379322086,"group_idyes"
"18012","AP001505.1","Exc L4-5 RORB GABRG1",0.0146798585051256,2.21319877398183,0.0383764943039729,0.844792495012749,0.999997068196745,0.999983379322086,"group_idyes"
"18013","ADARB1","Exc L4-5 RORB GABRG1",-0.0310720959535008,6.07123597410796,0.671768175035724,0.412943272671113,0.999997068196745,0.999983379322086,"group_idyes"
"18014","LINC00334","Exc L4-5 RORB GABRG1",-0.0505790192873846,0.602951746148169,0.0754843779714039,0.783660241698641,0.999997068196745,0.999983379322086,"group_idyes"
"18015","POFUT2","Exc L4-5 RORB GABRG1",-0.0394402892873956,3.16854982365208,0.488401846729228,0.485063317099385,0.999997068196745,0.999983379322086,"group_idyes"
"18016","COL18A1","Exc L4-5 RORB GABRG1",0.112917980911539,1.22046836534628,0.85633463864291,0.355346531018416,0.999997068196745,0.999983379322086,"group_idyes"
"18017","SLC19A1","Exc L4-5 RORB GABRG1",-0.146826422845303,3.00191887372681,5.37161167355521,0.0209910236427788,0.999997068196745,0.999983379322086,"group_idyes"
"18018","PCBP3","Exc L4-5 RORB GABRG1",0.0710709567335105,4.03724120780341,0.414250637143567,0.520203363459952,0.999997068196745,0.999983379322086,"group_idyes"
"18019","COL6A1","Exc L4-5 RORB GABRG1",0.0266621409762264,6.5729167345969,0.258090474458405,0.611726210780373,0.999997068196745,0.999983379322086,"group_idyes"
"18020","COL6A2","Exc L4-5 RORB GABRG1",0.355102622235544,0.540230648688777,3.20936819968043,0.0740035905760591,0.999997068196745,0.999983379322086,"group_idyes"
"18021","FTCD","Exc L4-5 RORB GABRG1",-0.0226227277327832,4.30035234624247,0.0802762002320278,0.777075856555646,0.999997068196745,0.999983379322086,"group_idyes"
"18022","SPATC1L","Exc L4-5 RORB GABRG1",-0.0670064956560484,3.057160588419,0.689808971777704,0.406744465051666,0.999997068196745,0.999983379322086,"group_idyes"
"18023","LSS","Exc L4-5 RORB GABRG1",-0.0019274254647324,4.80609746793711,0.00161879991899684,0.967927192611202,0.999997068196745,0.999983379322086,"group_idyes"
"18024","MCM3AP-AS1","Exc L4-5 RORB GABRG1",-0.0326573195663572,3.01182345888888,0.218383112517947,0.681326561608099,0.999997068196745,0.999983379322086,"group_idyes"
"18025","MCM3AP","Exc L4-5 RORB GABRG1",-0.0456242481120165,5.2899396381651,2.37176549642381,0.124369305201759,0.999997068196745,0.999983379322086,"group_idyes"
"18026","YBEY","Exc L4-5 RORB GABRG1",-0.0321682728537445,3.20428695185298,0.291447534273418,0.589606736211334,0.999997068196745,0.999983379322086,"group_idyes"
"18027","C21orf58","Exc L4-5 RORB GABRG1",-0.0411395826570459,2.71107121526556,0.352110141300231,0.55326973279698,0.999997068196745,0.999983379322086,"group_idyes"
"18028","PCNT","Exc L4-5 RORB GABRG1",-0.00688895384582013,5.93260974142796,0.0188453319268276,0.890882633833747,0.999997068196745,0.999983379322086,"group_idyes"
"18029","DIP2A","Exc L4-5 RORB GABRG1",-0.0344070046757625,5.57048826174265,1.00689672468229,0.316278126073765,0.999997068196745,0.999983379322086,"group_idyes"
"18030","S100B","Exc L4-5 RORB GABRG1",-0.396110068894086,1.1291999663367,7.02976028119991,0.00834791181245075,0.999997068196745,0.999983379322086,"group_idyes"
"18031","PRMT2","Exc L4-5 RORB GABRG1",0.0460420906683537,5.23603184692772,1.7436100634155,0.187467038198641,0.999997068196745,0.999983379322086,"group_idyes"
"18032","MT-ND1","Exc L4-5 RORB GABRG1",0.147467112779241,11.1826405592469,2.48044048693297,0.116091888841771,0.999997068196745,0.999983379322086,"group_idyes"
"18033","MT-ND2","Exc L4-5 RORB GABRG1",0.194228608722708,10.1256788365689,2.46376231542579,0.117321485044012,0.999997068196745,0.999983379322086,"group_idyes"
"18034","MT-CO1","Exc L4-5 RORB GABRG1",-0.00890447158091525,11.9283980755523,0.0119301318440129,0.91308086473176,0.999997068196745,0.999983379322086,"group_idyes"
"18035","MT-CO2","Exc L4-5 RORB GABRG1",0.0583304991596389,11.8160819573407,0.391654619701354,0.531802020049471,0.999997068196745,0.999983379322086,"group_idyes"
"18036","MT-ATP8","Exc L4-5 RORB GABRG1",0.220904798493386,4.49763156046487,2.17605390081724,0.140991332799314,0.999997068196745,0.999983379322086,"group_idyes"
"18037","MT-ATP6","Exc L4-5 RORB GABRG1",0.0994181741063015,11.8595971379709,1.28926067887474,0.256891098139343,0.999997068196745,0.999983379322086,"group_idyes"
"18038","MT-CO3","Exc L4-5 RORB GABRG1",0.0804851889696316,12.3882344596267,0.976908010892721,0.323584554355986,0.999997068196745,0.999983379322086,"group_idyes"
"18039","MT-ND3","Exc L4-5 RORB GABRG1",0.262119630027226,10.8585538514127,3.83934818502618,0.0507846923932511,0.999997068196745,0.999983379322086,"group_idyes"
"18040","MT-ND4L","Exc L4-5 RORB GABRG1",0.244804585329585,6.70009966244473,2.89164780957121,0.0898479329131283,0.999997068196745,0.999983379322086,"group_idyes"
"18041","MT-ND4","Exc L4-5 RORB GABRG1",0.125540601468188,11.1484383366055,1.47680386952284,0.225020487815868,0.999997068196745,0.999983379322086,"group_idyes"
"18042","MT-ND5","Exc L4-5 RORB GABRG1",0.175703401611351,8.30904936500387,3.17716914782946,0.0754624708073767,0.999997068196745,0.999983379322086,"group_idyes"
"18043","MT-ND6","Exc L4-5 RORB GABRG1",-0.0339023969568214,2.15791651864838,0.0804810908152948,0.776799110099953,0.999997068196745,0.999983379322086,"group_idyes"
"18044","MT-CYB","Exc L4-5 RORB GABRG1",0.0731774402641838,11.1454377920149,0.625018335410478,0.429675581328285,0.999997068196745,0.999983379322086,"group_idyes"
"18045","AC011043.1","Exc L4-5 RORB GABRG1",-0.536209342716514,1.38361514252714,3.54812969201369,0.0603665675843241,0.999997068196745,0.999983379322086,"group_idyes"
"18046","AL592183.1","Exc L4-5 RORB GABRG1",0.0619666575454239,6.3113094010547,0.43889184376961,0.508054464257202,0.999997068196745,0.999983379322086,"group_idyes"
"18047","AC007325.4","Exc L4-5 RORB GABRG1",-0.0650756358732582,2.32183532103387,0.3757938317827,0.540225153538555,0.999997068196745,0.999983379322086,"group_idyes"
"18048","AL354822.1","Exc L4-5 RORB GABRG1",-0.0795409824520837,2.10304251337397,0.248322439205218,0.618543533849379,0.999997068196745,0.999983379322086,"group_idyes"
"18049","AC004556.1","Exc L4-5 RORB GABRG1",-0.082587541671788,0.117532141122414,0.107242073456242,0.743484229605859,0.999997068196745,0.999983379322086,"group_idyes"
"18050","AC240274.1","Exc L4-5 RORB GABRG1",-0.0774435955702032,2.05333296299749,0.588439163498248,0.443493797672736,0.999997068196745,0.999983379322086,"group_idyes"
